{
"lowlevel": {
    "average_loudness": 0.877929985523,
    "barkbands_crest": {
        "dmean": 2.93714523315,
        "dmean2": 4.47697019577,
        "dvar": 7.79579877853,
        "dvar2": 15.752951622,
        "max": 26.1296825409,
        "mean": 11.2397947311,
        "median": 9.86651802063,
        "min": 1.89504277706,
        "var": 32.1331863403
    },
    "barkbands_flatness_db": {
        "dmean": 0.0228435508907,
        "dmean2": 0.0329678431153,
        "dvar": 0.00056032219436,
        "dvar2": 0.00110107962973,
        "max": 0.431216061115,
        "mean": 0.113310836256,
        "median": 0.107659503818,
        "min": 0.0115920696408,
        "var": 0.0032763693016
    },
    "barkbands_kurtosis": {
        "dmean": 3.77435112,
        "dmean2": 5.68629169464,
        "dvar": 96.9302215576,
        "dvar2": 215.34425354,
        "max": 305.527770996,
        "mean": 5.21402454376,
        "median": 1.40079879761,
        "min": -1.95818483829,
        "var": 199.233200073
    },
    "barkbands_skewness": {
        "dmean": 0.629046678543,
        "dmean2": 0.918807804585,
        "dvar": 0.617069602013,
        "dvar2": 1.19815826416,
        "max": 14.9576539993,
        "mean": 1.60577571392,
        "median": 1.2368196249,
        "min": -3.09951448441,
        "var": 2.41523480415
    },
    "barkbands_spread": {
        "dmean": 8.17682266235,
        "dmean2": 12.2093000412,
        "dvar": 112.429336548,
        "dvar2": 235.312469482,
        "max": 126.418632507,
        "mean": 30.4711456299,
        "median": 26.8588905334,
        "min": 0.436457633972,
        "var": 414.350219727
    },
    "dissonance": {
        "dmean": 0.0186316892505,
        "dmean2": 0.0318505205214,
        "dvar": 0.000329786678776,
        "dvar2": 0.000927897170186,
        "max": 0.500000059605,
        "mean": 0.470545828342,
        "median": 0.477345019579,
        "min": 0.314118415117,
        "var": 0.000622580759227
    },
    "dynamic_complexity": 3.46938419342,
    "erbbands_crest": {
        "dmean": 2.66251254082,
        "dmean2": 4.40411996841,
        "dvar": 6.07134962082,
        "dvar2": 15.1818819046,
        "max": 28.4981403351,
        "mean": 8.78396511078,
        "median": 7.86554765701,
        "min": 2.17099404335,
        "var": 17.3061618805
    },
    "erbbands_flatness_db": {
        "dmean": 0.0153338396922,
        "dmean2": 0.0234406683594,
        "dvar": 0.000201192829991,
        "dvar2": 0.000441980460892,
        "max": 0.335877239704,
        "mean": 0.131784468889,
        "median": 0.121904522181,
        "min": 0.03469318524,
        "var": 0.00317083555274
    },
    "erbbands_kurtosis": {
        "dmean": 1.06637966633,
        "dmean2": 1.69405055046,
        "dvar": 1.8614115715,
        "dvar2": 4.47183227539,
        "max": 22.7340087891,
        "mean": 0.935337424278,
        "median": 0.385544538498,
        "min": -1.80610132217,
        "var": 4.67594575882
    },
    "erbbands_skewness": {
        "dmean": 0.380585283041,
        "dmean2": 0.582452774048,
        "dvar": 0.14337952435,
        "dvar2": 0.299710273743,
        "max": 3.58721232414,
        "mean": 0.588516592979,
        "median": 0.64319729805,
        "min": -4.26463651657,
        "var": 0.685755491257
    },
    "erbbands_spread": {
        "dmean": 9.58291530609,
        "dmean2": 14.7105035782,
        "dvar": 122.914772034,
        "dvar2": 284.015563965,
        "max": 156.929412842,
        "mean": 43.6664428711,
        "median": 38.7528915405,
        "min": 4.39165115356,
        "var": 601.73449707
    },
    "hfc": {
        "dmean": 14.237195015,
        "dmean2": 20.7702903748,
        "dvar": 536.986999512,
        "dvar2": 1128.33081055,
        "max": 366.341369629,
        "mean": 40.4687767029,
        "median": 28.5635452271,
        "min": 1.22045443654e-16,
        "var": 1536.60534668
    },
    "melbands_crest": {
        "dmean": 3.57610726357,
        "dmean2": 5.47276639938,
        "dvar": 11.9298372269,
        "dvar2": 23.4215145111,
        "max": 37.7270736694,
        "mean": 16.0295009613,
        "median": 13.9248752594,
        "min": 2.0845272541,
        "var": 64.6161727905
    },
    "melbands_flatness_db": {
        "dmean": 0.030408302322,
        "dmean2": 0.0427056774497,
        "dvar": 0.00105392828118,
        "dvar2": 0.00202306103893,
        "max": 0.550915062428,
        "mean": 0.17537741363,
        "median": 0.169006809592,
        "min": 0.00666598463431,
        "var": 0.005131973885
    },
    "melbands_kurtosis": {
        "dmean": 11.193821907,
        "dmean2": 16.7801132202,
        "dvar": 645.700866699,
        "dvar2": 1319.34094238,
        "max": 551.041015625,
        "mean": 20.5447216034,
        "median": 6.76608276367,
        "min": -1.91078710556,
        "var": 1822.33813477
    },
    "melbands_skewness": {
        "dmean": 0.893815338612,
        "dmean2": 1.32009470463,
        "dvar": 1.31261909008,
        "dvar2": 2.50223827362,
        "max": 20.9562530518,
        "mean": 2.94670844078,
        "median": 2.21717905998,
        "min": -1.01056849957,
        "var": 6.56927156448
    },
    "melbands_spread": {
        "dmean": 10.18724823,
        "dmean2": 15.5473451614,
        "dvar": 262.546905518,
        "dvar2": 539.22265625,
        "max": 281.313110352,
        "mean": 29.2169933319,
        "median": 23.2606124878,
        "min": 0.408538728952,
        "var": 661.138061523
    },
    "pitch_salience": {
        "dmean": 0.0772814378142,
        "dmean2": 0.11701746285,
        "dvar": 0.00540757970884,
        "dvar2": 0.0113191669807,
        "max": 0.949779510498,
        "mean": 0.530761897564,
        "median": 0.560042500496,
        "min": 0.0700997188687,
        "var": 0.0290242824703
    },
    "silence_rate_20dB": {
        "dmean": 0,
        "dmean2": 0,
        "dvar": 0,
        "dvar2": 0,
        "max": 1,
        "mean": 1,
        "median": 1,
        "min": 1,
        "var": 0
    },
    "silence_rate_30dB": {
        "dmean": 0.0047846888192,
        "dmean2": 0.00957046821713,
        "dvar": 0.00476178945974,
        "dvar2": 0.0117575125769,
        "max": 1,
        "mean": 0.993165493011,
        "median": 1,
        "min": 0,
        "var": 0.00678688148037
    },
    "silence_rate_60dB": {
        "dmean": 0.0134426979348,
        "dmean2": 0.0268884580582,
        "dvar": 0.013260868378,
        "dvar2": 0.0334549658,
        "max": 1,
        "mean": 0.07358469069,
        "median": 0,
        "min": 0,
        "var": 0.0681581050158
    },
    "spectral_centroid": {
        "dmean": 312.44430542,
        "dmean2": 475.474090576,
        "dvar": 158186.328125,
        "dvar2": 323376.5625,
        "max": 11417.9482422,
        "mean": 1575.78552246,
        "median": 1499.60949707,
        "min": 135.493530273,
        "var": 516602.46875
    },
    "spectral_complexity": {
        "dmean": 4.21576690674,
        "dmean2": 6.62868881226,
        "dvar": 24.2222824097,
        "dvar2": 54.0525512695,
        "max": 55,
        "mean": 19.6301403046,
        "median": 18,
        "min": 0,
        "var": 104.324493408
    },
    "spectral_decrease": {
        "dmean": 2.30274133095e-09,
        "dmean2": 3.60253404885e-09,
        "dvar": 1.83925875676e-17,
        "dvar2": 4.77672219942e-17,
        "max": 1.11898600144e-28,
        "mean": -8.4107147913e-09,
        "median": -7.18332637817e-09,
        "min": -1.35142386171e-07,
        "var": 4.96145346777e-17
    },
    "spectral_energy": {
        "dmean": 0.00909205526114,
        "dmean2": 0.0143214343116,
        "dvar": 0.000267708383035,
        "dvar2": 0.000699447467923,
        "max": 0.514053344727,
        "mean": 0.0354145430028,
        "median": 0.0321583934128,
        "min": 1.06475472008e-20,
        "var": 0.000770583108533
    },
    "spectral_energyband_high": {
        "dmean": 0.00134080392309,
        "dmean2": 0.00194909144193,
        "dvar": 6.57989266983e-06,
        "dvar2": 1.37480492413e-05,
        "max": 0.0411335080862,
        "mean": 0.00274577760138,
        "median": 0.00152302870993,
        "min": 7.49857562193e-21,
        "var": 1.45519034049e-05
    },
    "spectral_energyband_low": {
        "dmean": 0.00660280836746,
        "dmean2": 0.00972467660904,
        "dvar": 0.000262771558482,
        "dvar2": 0.000658015836962,
        "max": 0.508869290352,
        "mean": 0.0156305860728,
        "median": 0.00464802142233,
        "min": 1.92402843462e-23,
        "var": 0.000574344478082
    },
    "spectral_energyband_middle_high": {
        "dmean": 0.00277979113162,
        "dmean2": 0.00416791299358,
        "dvar": 1.80120823643e-05,
        "dvar2": 3.89669512515e-05,
        "max": 0.0672767013311,
        "mean": 0.00829096697271,
        "median": 0.00391993671656,
        "min": 1.72133135077e-21,
        "var": 9.72716516117e-05
    },
    "spectral_energyband_middle_low": {
        "dmean": 0.00400073779747,
        "dmean2": 0.00644276337698,
        "dvar": 3.43042593158e-05,
        "dvar2": 8.80743973539e-05,
        "max": 0.129763737321,
        "mean": 0.00966833811253,
        "median": 0.00620766403154,
        "min": 3.24440113014e-22,
        "var": 0.000112711197289
    },
    "spectral_entropy": {
        "dmean": 0.156062468886,
        "dmean2": 0.230196833611,
        "dvar": 0.02673699148,
        "dvar2": 0.0560918226838,
        "max": 9.78977108002,
        "mean": 7.94797420502,
        "median": 7.95494651794,
        "min": 6.03543281555,
        "var": 0.158432155848
    },
    "spectral_flux": {
        "dmean": 0.0237748213112,
        "dmean2": 0.0352437160909,
        "dvar": 0.000766481738538,
        "dvar2": 0.00181821314618,
        "max": 0.627098202705,
        "mean": 0.096499659121,
        "median": 0.0911766588688,
        "min": 1.03186952038e-10,
        "var": 0.00265777669847
    },
    "spectral_kurtosis": {
        "dmean": 0.868345320225,
        "dmean2": 1.33477175236,
        "dvar": 1.1082495451,
        "dvar2": 2.77949523926,
        "max": 32.117515564,
        "mean": 3.05892896652,
        "median": 2.61151266098,
        "min": -1.56860542297,
        "var": 5.6501789093
    },
    "spectral_rms": {
        "dmean": 0.000706785649527,
        "dmean2": 0.00109209306538,
        "dvar": 7.29370583485e-07,
        "dvar2": 1.69601241851e-06,
        "max": 0.022394541651,
        "mean": 0.00538825662807,
        "median": 0.00560125382617,
        "min": 3.22301885701e-12,
        "var": 5.51760831513e-06
    },
    "spectral_rolloff": {
        "dmean": 1012.10797119,
        "dmean2": 1623.9041748,
        "dvar": 3112025.25,
        "dvar2": 6293876,
        "max": 19422.9492188,
        "mean": 2359.5546875,
        "median": 1464.2578125,
        "min": 43.06640625,
        "var": 6970561.5
    },
    "spectral_skewness": {
        "dmean": 0.174141347408,
        "dmean2": 0.255804479122,
        "dvar": 0.0354068987072,
        "dvar2": 0.069551512599,
        "max": 4.31604528427,
        "mean": 1.47968101501,
        "median": 1.49430131912,
        "min": -0.607382953167,
        "var": 0.205827757716
    },
    "spectral_spread": {
        "dmean": 640893,
        "dmean2": 915096.625,
        "dvar": 824905170944,
        "dvar2": 1.38514740019e+12,
        "max": 39732460,
        "mean": 6690852,
        "median": 6682008,
        "min": 1946973.75,
        "var": 5.34549364736e+12
    },
    "spectral_strongpeak": {
        "dmean": 0.546496212482,
        "dmean2": 0.911250889301,
        "dvar": 0.964589416981,
        "dvar2": 2.37776231766,
        "max": 15.9304676056,
        "mean": 1.06359887123,
        "median": 0.532069027424,
        "min": 0,
        "var": 1.90569472313
    },
    "zerocrossingrate": {
        "dmean": 0.018733356148,
        "dmean2": 0.0205679498613,
        "dvar": 0.000522775575519,
        "dvar2": 0.000540020526387,
        "max": 0.55859375,
        "mean": 0.0926425084472,
        "median": 0.0771484375,
        "min": 0.0029296875,
        "var": 0.00339684076607
    },
    "barkbands": {
        "dmean": [0.000380390993087, 0.00627398164943, 0.00139491574373, 0.000930263136979, 0.00102724239696, 0.00112334219739, 0.000556252081878, 0.000565541966353, 0.00135154998861, 0.00116008543409, 0.000921274826396, 0.000853074714541, 0.000438579823822, 0.000431601918535, 0.000457310845377, 0.000271859869827, 0.000173330467078, 0.000187509460375, 0.00013331718219, 0.000136363247293, 0.000128098472487, 0.000186291144928, 0.000353691721102, 0.000377353630029, 0.000300781743135, 0.000139162963023, 3.23077583744e-05],
        "dmean2": [0.000427148625022, 0.00929603166878, 0.00243548909202, 0.00167438283097, 0.00170293147676, 0.00178585120011, 0.000888261012733, 0.00092981767375, 0.00217351363972, 0.00184925133362, 0.00145103700925, 0.00133420922793, 0.00069135800004, 0.000678571406752, 0.000733814376872, 0.000431087770266, 0.000283458386548, 0.000297353341011, 0.000214757383219, 0.000214493047679, 0.000206626791623, 0.000289448071271, 0.000537575746421, 0.000563229958061, 0.000456939946162, 0.000204819589271, 4.81239221699e-05],
        "dvar": [7.66825564824e-07, 0.00022915189038, 2.33232021856e-05, 6.71755333315e-06, 7.27568567527e-06, 7.08505467628e-06, 1.45693456943e-06, 2.59474336417e-06, 1.02565763882e-05, 7.68273093854e-06, 4.65380981041e-06, 3.8593411773e-06, 1.14170006782e-06, 1.10483495064e-06, 8.40111340494e-07, 3.34653037726e-07, 1.68155224856e-07, 1.2493109125e-07, 6.98562701018e-08, 6.05248189345e-08, 6.85429242253e-08, 1.79598941941e-07, 5.06385049448e-07, 9.24081405174e-07, 7.77484444825e-07, 6.86709569209e-08, 4.19397050422e-09],
        "dvar2": [1.38016775963e-06, 0.000539055792615, 6.21921572019e-05, 1.93796349777e-05, 1.89369329746e-05, 1.63940130733e-05, 3.39951225214e-06, 6.32652290733e-06, 2.47438729275e-05, 1.89491311176e-05, 1.09426309791e-05, 8.65559741214e-06, 2.53900634561e-06, 2.45988144343e-06, 2.05885680771e-06, 7.6786864156e-07, 4.13579186898e-07, 2.99476511145e-07, 1.71309920916e-07, 1.3160810397e-07, 1.6169809669e-07, 3.80158155622e-07, 1.12363386506e-06, 1.9430779048e-06, 1.75877153197e-06, 1.44925735412e-07, 8.96275054174e-09],
        "max": [0.0205642040819, 0.387757658958, 0.13221681118, 0.0272725000978, 0.0832801386714, 0.0786122456193, 0.0341132581234, 0.05880086869, 0.0569615326822, 0.0643956139684, 0.0526708886027, 0.0490402951837, 0.0338058918715, 0.0263343472034, 0.0129002705216, 0.0164062548429, 0.0141207790002, 0.00843862909824, 0.00733121391386, 0.00705325836316, 0.00662870518863, 0.0155171519145, 0.0133282504976, 0.0312948785722, 0.0198913104832, 0.00498876580968, 0.00116359151434],
        "mean": [0.000791240425315, 0.0127715421841, 0.00147535616998, 0.000944036000874, 0.00188385450747, 0.00201478460804, 0.000938552082516, 0.000822365458589, 0.0023655265104, 0.0019011197146, 0.00151732692029, 0.00149212416727, 0.00074271223275, 0.000738226983231, 0.00076680269558, 0.000468953337986, 0.000305105437292, 0.000357493787305, 0.000242993119173, 0.000269967946224, 0.000202216629987, 0.000294828525512, 0.000637320510577, 0.000667619111482, 0.000470794766443, 0.000258307642071, 7.3426104791e-05],
        "median": [3.58970137313e-05, 0.0021078386344, 0.000411704531871, 0.000325112894643, 0.000600509694777, 0.000634702213574, 0.000339488993632, 0.000293332122965, 0.000630848458968, 0.000480225746287, 0.00037126900861, 0.000389488617657, 0.000250385084655, 0.000213860635995, 0.000209090372664, 0.000151592030306, 0.000118007861602, 0.000141388882184, 0.000119389042084, 0.000128199375467, 9.27723667701e-05, 0.000137451977935, 0.000288288894808, 0.000296065118164, 0.000170035549672, 0.000118430943985, 3.8073369069e-05],
        "min": [1.52810056624e-23, 6.29489387578e-24, 6.79616449395e-24, 8.83844018059e-24, 8.70533946658e-23, 4.96198431876e-23, 4.83887437035e-23, 2.72480129728e-23, 8.66089882971e-23, 5.98478728968e-23, 6.68577035224e-23, 1.29069079422e-22, 1.39947281978e-22, 6.7195998633e-23, 9.69314982992e-23, 8.06801811016e-23, 2.00142253673e-22, 4.01043580864e-22, 2.37927921105e-22, 4.04524489562e-22, 6.03456630606e-22, 3.66509522353e-22, 4.84046212647e-22, 6.57186615815e-22, 9.90986607646e-22, 1.57815811994e-21, 3.0099129455e-21],
        "var": [2.9701038784e-06, 0.000447998812888, 2.51926267083e-05, 4.62218349639e-06, 1.82882195077e-05, 2.31495560001e-05, 3.30884677169e-06, 3.88803209717e-06, 2.79295236396e-05, 1.74469587364e-05, 1.16783085105e-05, 9.69378561422e-06, 2.85475130113e-06, 2.5242125048e-06, 1.85738122127e-06, 8.22746926588e-07, 4.37336126424e-07, 2.76628782103e-07, 1.26385842236e-07, 1.71581632458e-07, 1.03049664801e-07, 3.4019751638e-07, 9.85026758826e-07, 1.75112154466e-06, 1.23929464735e-06, 1.45221903836e-07, 1.05615090007e-08]
    },
    "erbbands": {
        "dmean": [0.22756151855, 1.3540378809, 1.47420740128, 2.64601278305, 2.84327125549, 3.83459091187, 5.13907575607, 11.3920526505, 8.68251419067, 9.15217399597, 13.2395534515, 24.5288925171, 43.720375061, 32.3198013306, 36.5542221069, 26.739440918, 17.9247016907, 21.8405532837, 19.7868309021, 19.0821323395, 13.6442537308, 8.74610900879, 9.56877613068, 7.95283508301, 6.03965854645, 6.52733707428, 5.30733919144, 4.928835392, 6.36037492752, 8.43428611755, 10.6414804459, 8.96690750122, 5.73133563995, 3.96160507202, 1.90146112442, 0.668169379234, 0.267991393805, 0.0611531026661, 0.00558762345463, 0.000161968811881],
        "dmean2": [0.29549613595, 2.10272312164, 2.34742021561, 4.66787338257, 5.01210260391, 6.20810031891, 8.29586219788, 18.034116745, 13.5353488922, 15.0960569382, 21.3743858337, 39.0654029846, 69.6455307007, 51.4029312134, 56.6949501038, 40.8457832336, 27.7181339264, 33.6078338623, 30.9737129211, 30.4643554688, 21.7411804199, 14.138841629, 15.1399488449, 12.6939878464, 9.5915222168, 10.4045734406, 8.48921203613, 7.82093095779, 10.001376152, 12.7532129288, 16.2386951447, 13.6139316559, 8.6013212204, 6.04925489426, 2.93075847626, 1.01070284843, 0.398053586483, 0.0922283530235, 0.00812450051308, 0.000238849374],
        "dvar": [0.250125318766, 12.3517847061, 31.6852531433, 53.2496948242, 45.0769767761, 147.876159668, 277.154968262, 797.221923828, 391.725463867, 534.283691406, 1720.53527832, 3580.1550293, 10174.8574219, 6111.28222656, 6573.4609375, 3821.58862305, 1747.04272461, 2562.2434082, 1840.02246094, 1499.56115723, 934.799926758, 373.477874756, 356.172210693, 250.561950684, 144.849014282, 151.506378174, 119.892784119, 106.580169678, 235.84425354, 341.2394104, 440.657775879, 527.643127441, 244.860992432, 176.464477539, 24.3711929321, 2.17980837822, 0.250608175993, 0.0123361637816, 0.000135311565828, 8.89094096124e-08],
        "dvar2": [0.452406525612, 31.3813381195, 87.1164550781, 150.263870239, 124.585693359, 382.680969238, 744.457214355, 1793.72900391, 887.234008789, 1374.02185059, 4180.953125, 8262.36621094, 25605.296875, 15309.1503906, 15214.1513672, 8189.18359375, 3661.125, 5661.85888672, 4144.18847656, 3652.33447266, 2168.56567383, 907.024597168, 864.266906738, 612.293151855, 345.292907715, 341.930541992, 286.037017822, 244.412322998, 519.637939453, 709.378417969, 977.967102051, 1169.52868652, 525.13293457, 391.711486816, 57.6200675964, 5.09494686127, 0.51717042923, 0.0271701682359, 0.000282760505797, 1.79339295414e-07],
        "max": [13.1805505753, 103.176254272, 199.368347168, 123.794204712, 102.5938797, 469.94631958, 1050.89611816, 940.136291504, 631.645385742, 883.401367188, 1643.57348633, 1686.82189941, 2325.86254883, 2299.23901367, 1823.46862793, 1664.68786621, 1419.48669434, 1534.1505127, 925.157043457, 625.459533691, 1124.1204834, 593.583984375, 526.047119141, 388.818389893, 511.231903076, 351.757049561, 378.276153564, 221.163803101, 570.390014648, 564.842224121, 334.35635376, 744.841552734, 431.105865479, 403.958190918, 103.539512634, 35.1858482361, 7.59050178528, 1.46486127377, 0.219929486513, 0.00583174498752],
        "mean": [0.538473904133, 2.15485668182, 1.92242157459, 2.96196508408, 3.65581607819, 7.2140789032, 9.52864837646, 19.6095485687, 15.3750677109, 14.3416261673, 21.1459159851, 43.8713493347, 75.7672348022, 60.1899757385, 66.410446167, 50.2814483643, 34.2795715332, 39.8143348694, 37.1973648071, 34.7221946716, 26.0248851776, 17.2870388031, 18.9060497284, 15.7747907639, 11.9927415848, 12.6818790436, 9.2111530304, 7.6468205452, 9.71681594849, 14.5718431473, 19.1443138123, 15.9262657166, 9.73976516724, 5.98196268082, 2.96461009979, 1.21614134312, 0.455474883318, 0.120097734034, 0.0129109835252, 0.000401173980208],
        "median": [0.0534079968929, 0.492762029171, 0.775583803654, 1.09567737579, 1.10901641846, 1.98102295399, 3.47089838982, 5.71457099915, 5.85536670685, 5.28938007355, 8.44164943695, 13.4007797241, 19.4528560638, 17.6021347046, 18.6277580261, 15.5446815491, 12.8716192245, 13.6054000854, 12.5090665817, 10.3739347458, 8.87138557434, 7.04049777985, 7.66101074219, 7.28303050995, 6.16889333725, 6.0000538826, 4.44769287109, 3.37851238251, 4.39632606506, 6.79778766632, 8.49115371704, 7.19206619263, 4.05559492111, 2.03956317902, 1.11240649223, 0.528678178787, 0.198527336121, 0.0635592788458, 0.00656085507944, 0.000232048972975],
        "min": [1.8191492195e-22, 1.66756420706e-21, 7.12792115933e-21, 1.75523186184e-20, 1.30531776073e-19, 4.06744481979e-19, 2.17107070998e-19, 5.35346898047e-19, 2.8206988135e-19, 1.13534251046e-18, 8.70427786326e-19, 2.04360677877e-18, 1.5778957187e-18, 2.48158464426e-18, 3.42329854558e-18, 5.40616338402e-18, 5.9684609121e-18, 4.73795282313e-18, 3.09940729134e-18, 5.61414967724e-18, 5.9769601929e-18, 1.21328784298e-17, 2.20315320989e-17, 1.38321754145e-17, 1.29739316884e-17, 1.99253218098e-17, 1.84489946679e-17, 2.71883762152e-17, 1.38121634339e-17, 1.28124536251e-17, 1.3901383962e-17, 1.23094359956e-17, 1.09431958399e-17, 1.00198521725e-17, 8.07330676676e-18, 5.4571499698e-18, 2.97403173269e-18, 1.2929225885e-18, 3.97864801501e-19, 4.83307027007e-20],
        "var": [0.903651475906, 15.1509332657, 33.9215736389, 42.6533317566, 62.3028373718, 358.895385742, 861.338256836, 2469.21289062, 1018.81658936, 779.447631836, 2696.51123047, 9491.99316406, 24416.3496094, 15744.3808594, 17347.2851562, 10539.3486328, 5163.97802734, 6147.65673828, 5119.47363281, 3648.74414062, 2804.32641602, 1110.53222656, 764.270935059, 499.632659912, 310.055328369, 373.602020264, 194.191375732, 165.748580933, 402.164703369, 703.368286133, 860.74597168, 891.911010742, 455.170043945, 278.018951416, 36.2368202209, 3.91185593605, 0.483065217733, 0.0275734812021, 0.000335112155881, 2.51594002521e-07]
    },
    "gfcc": {
        "mean": [30.6894569397, 44.2560424805, -104.16709137, 10.4356927872, -58.4584846497, 27.4139480591, -31.7457065582, 13.7454633713, -18.6728019714, 1.05864429474, -12.4854593277, 4.9881606102, -10.931599617],
        "cov": [[7000.30761719, -1011.74981689, 1716.01245117, 549.089172363, 503.220947266, 246.632400513, 40.4789123535, 94.719367981, 73.4063034058, 322.741638184, 262.897796631, 390.31942749, 37.409526825], [-1011.74981689, 1058.67199707, -51.2661705017, 102.951225281, 8.89195537567, 49.8852806091, 55.8527488708, -23.3048782349, 63.4199905396, -108.026557922, 77.1160812378, -76.6619873047, 10.6853294373], [1716.01245117, -51.2661705017, 1923.36914062, 700.773864746, 332.319732666, 255.980209351, 36.0315589905, 31.1621379852, 117.479896545, 246.553115845, 204.453948975, 207.03717041, 60.4418983459], [549.089172363, 102.951225281, 700.773864746, 574.492675781, 222.514907837, 209.366012573, 78.3583831787, 76.3824615479, 110.049629211, 104.619827271, 127.779304504, 66.4832229614, 47.0544166565], [503.220947266, 8.89195537567, 332.319732666, 222.514907837, 489.399932861, 201.705200195, 210.08039856, 143.10105896, 112.635826111, 119.595878601, 73.4268493652, 75.8648147583, 42.1900558472], [246.632400513, 49.8852806091, 255.980209351, 209.366012573, 201.705200195, 360.95715332, 188.310684204, 121.999717712, 89.5017547607, 68.9905471802, 85.6498641968, 29.1185340881, 26.4076595306], [40.4789123535, 55.8527488708, 36.0315589905, 78.3583831787, 210.08039856, 188.310684204, 280.414825439, 119.769523621, 70.7546844482, 70.0423965454, 39.0007743835, 21.7091312408, 21.2934837341], [94.719367981, -23.3048782349, 31.1621379852, 76.3824615479, 143.10105896, 121.999717712, 119.769523621, 207.125640869, 113.694656372, 55.8756942749, 22.0214157104, 20.2841014862, 44.5090827942], [73.4063034058, 63.4199905396, 117.479896545, 110.049629211, 112.635826111, 89.5017547607, 70.7546844482, 113.694656372, 162.628860474, 58.1941986084, 49.2626876831, 36.2929611206, 37.900302887], [322.741638184, -108.026557922, 246.553115845, 104.619827271, 119.595878601, 68.9905471802, 70.0423965454, 55.8756942749, 58.1941986084, 162.731124878, 70.7683944702, 69.0765228271, 23.2177314758], [262.897796631, 77.1160812378, 204.453948975, 127.779304504, 73.4268493652, 85.6498641968, 39.0007743835, 22.0214157104, 49.2626876831, 70.7683944702, 160.111541748, 62.4909591675, 24.0464305878], [390.31942749, -76.6619873047, 207.03717041, 66.4832229614, 75.8648147583, 29.1185340881, 21.7091312408, 20.2841014862, 36.2929611206, 69.0765228271, 62.4909591675, 108.4766922, 38.4926261902], [37.409526825, 10.6853294373, 60.4418983459, 47.0544166565, 42.1900558472, 26.4076595306, 21.2934837341, 44.5090827942, 37.900302887, 23.2177314758, 24.0464305878, 38.4926261902, 80.8316650391]],
        "icov": [[0.000246585404966, 0.000226838354138, -0.000161520205438, 3.28460123455e-06, -0.00013888788817, 6.9899697337e-06, 4.64152144559e-05, -9.65132276178e-05, 7.85415322753e-05, 0.000250517361565, -0.00024573909468, -0.000455737346783, 0.00026722822804], [0.000226838354138, 0.00167111947667, -0.00021293478494, -0.000158627939527, -0.000202491050004, 0.000325573200826, -0.000698739197105, 0.000797628483269, -0.00109197304118, 0.00176074588671, -0.00167486898135, 0.00127606024034, -0.000433300388977], [-0.000161520205438, -0.00021293478494, 0.00136372807901, -0.00126570137218, -0.000113226233225, -0.000397365423851, 0.00061890570214, 0.000484619551571, 0.000149193481775, -0.00107282341924, 0.000539624248631, -0.00118022866081, 0.000218703775317], [3.28460123455e-06, -0.000158627939527, -0.00126570137218, 0.00415152916685, -0.000650629168376, -0.000951941765379, 0.000466704193968, 1.49716215674e-05, -0.000884376175236, 9.50035173446e-05, -0.00119428674225, 0.00162706442643, -0.000963595928624], [-0.00013888788817, -0.000202491050004, -0.000113226233225, -0.000650629168376, 0.00409273430705, -0.00020969248726, -0.00206685741432, -0.000856257916894, -0.000289125920972, -0.000733489519916, 0.000682104437146, -0.0011604076717, 0.000198653957341], [6.9899697337e-06, 0.000325573200826, -0.000397365423851, -0.000951941765379, -0.00020969248726, 0.00590378697962, -0.00309611414559, -0.0012463539606, -0.000245566276135, 0.00118943222333, -0.00206644507125, 0.00140276225284, 0.000207825127291], [4.64152144559e-05, -0.000698739197105, 0.00061890570214, 0.000466704193968, -0.00206685741432, -0.00309611414559, 0.00814436096698, -0.00188287312631, 0.000983757665381, -0.00235572247766, 0.000892882409971, -0.000683221907821, 0.000593144213781], [-9.65132276178e-05, 0.000797628483269, 0.000484619551571, 1.49716215674e-05, -0.000856257916894, -0.0012463539606, -0.00188287312631, 0.0113040823489, -0.00616649212316, -0.000620749779046, 0.00088279490592, 0.00241870316677, -0.00365100405179], [7.85415322753e-05, -0.00109197304118, 0.000149193481775, -0.000884376175236, -0.000289125920972, -0.000245566276135, 0.000983757665381, -0.00616649212316, 0.0125994207337, -0.00187326397281, -0.000319268205203, -0.00230562593788, -0.000297847989714], [0.000250517361565, 0.00176074588671, -0.00107282341924, 9.50035173446e-05, -0.000733489519916, 0.00118943222333, -0.00235572247766, -0.000620749779046, -0.00187326397281, 0.0129810012877, -0.00388467754237, -0.00260817585513, 0.000902241677977], [-0.00024573909468, -0.00167486898135, 0.000539624248631, -0.00119428674225, 0.000682104437146, -0.00206644507125, 0.000892882409971, 0.00088279490592, -0.000319268205203, -0.00388467754237, 0.0120144542307, -0.00537259504199, 0.000474459578982], [-0.000455737346783, 0.00127606024034, -0.00118022866081, 0.00162706442643, -0.0011604076717, 0.00140276225284, -0.000683221907821, 0.00241870316677, -0.00230562593788, -0.00260817585513, -0.00537259504199, 0.0214316360652, -0.0078042675741], [0.00026722822804, -0.000433300388977, 0.000218703775317, -0.000963595928624, 0.000198653957341, 0.000207825127291, 0.000593144213781, -0.00365100405179, -0.000297847989714, 0.000902241677977, 0.000474459578982, -0.0078042675741, 0.0178407467902]]
    },
    "melbands": {
        "dmean": [0.00185949844308, 0.000957933894824, 0.000443768774858, 0.000230958830798, 0.000172154293978, 0.000240119858063, 0.000127426465042, 0.000104339953396, 0.000110973596747, 0.000184178163181, 0.000223467184696, 0.000134543821332, 0.000121773824503, 0.000105417595478, 5.02363400301e-05, 4.54103465017e-05, 4.27391314588e-05, 3.29947179125e-05, 3.61937345588e-05, 2.02518949663e-05, 1.6819602024e-05, 1.01993446151e-05, 8.42036934046e-06, 1.00011593531e-05, 6.87485362505e-06, 4.52541098639e-06, 5.04838180859e-06, 4.64355071017e-06, 3.51702533408e-06, 3.39505072589e-06, 2.81026223092e-06, 3.51530707121e-06, 4.23136498284e-06, 5.27792917637e-06, 6.78888318362e-06, 6.20175660515e-06, 5.55408678338e-06, 4.39430186816e-06, 3.57355497727e-06, 3.48682169715e-06],
        "dmean2": [0.00266452669166, 0.00153969577514, 0.000777232111432, 0.000389377411921, 0.000275818572845, 0.000379682867788, 0.000199613510631, 0.000172198619111, 0.000178394533577, 0.000295256148092, 0.000355219148332, 0.000214637548197, 0.000188348378288, 0.000164129945915, 8.00039342721e-05, 6.99563679518e-05, 6.63388273097e-05, 5.16111722391e-05, 5.83331093367e-05, 3.21226398228e-05, 2.70427644864e-05, 1.66676436493e-05, 1.3581075109e-05, 1.59160645126e-05, 1.10415649033e-05, 7.24857272871e-06, 8.07318792795e-06, 7.41678195482e-06, 5.62687182537e-06, 5.61877914151e-06, 4.4767871259e-06, 5.60124453841e-06, 6.66808637106e-06, 8.0355512182e-06, 1.05001890915e-05, 9.54517599894e-06, 8.42491863295e-06, 6.68819984639e-06, 5.44244903722e-06, 5.38763379154e-06],
        "dvar": [1.80278184416e-05, 1.03199226942e-05, 1.38111965953e-06, 3.60737573146e-07, 2.81896774368e-07, 3.31069202275e-07, 7.58888347718e-08, 6.44241495706e-08, 1.09639415768e-07, 2.0279810542e-07, 2.60489741777e-07, 1.06365540375e-07, 7.53438627044e-08, 5.89166369025e-08, 1.82608879129e-08, 1.25644739057e-08, 1.05095558922e-08, 6.24875529098e-09, 5.6601203724e-09, 1.91432891761e-09, 1.54185064716e-09, 5.86215853637e-10, 2.62518312644e-10, 4.51871623453e-10, 2.01453964621e-10, 7.26057339251e-11, 9.26319021488e-11, 8.23707213549e-11, 5.32649063745e-11, 4.75563755042e-11, 3.7834877592e-11, 7.52002626836e-11, 9.17341341777e-11, 1.3731160653e-10, 1.7617005077e-10, 2.04165170881e-10, 2.44014086714e-10, 1.62770685819e-10, 1.03514134764e-10, 1.74956715782e-10],
        "dvar2": [3.87843756471e-05, 2.77689832728e-05, 3.86354258808e-06, 9.54111897045e-07, 7.5191292126e-07, 7.50441472519e-07, 1.72460559611e-07, 1.63989994917e-07, 2.65439751956e-07, 4.79163588807e-07, 6.53271456486e-07, 2.64282874696e-07, 1.72709050617e-07, 1.31469803932e-07, 4.6258751496e-08, 2.58587071755e-08, 2.32280097379e-08, 1.40037270668e-08, 1.42781679813e-08, 4.15151246713e-09, 3.61705909668e-09, 1.4068233245e-09, 6.27296325995e-10, 1.09269604476e-09, 5.00099628375e-10, 1.69232877711e-10, 2.10998760131e-10, 1.86253526491e-10, 1.25941854168e-10, 1.16484738522e-10, 8.72862754298e-11, 1.70270519906e-10, 1.94680938037e-10, 2.93372492965e-10, 4.00686511748e-10, 4.81879258718e-10, 5.39578659531e-10, 3.57949503371e-10, 2.34054331472e-10, 3.99041022447e-10],
        "max": [0.0989984497428, 0.120489872992, 0.0191714111716, 0.018066721037, 0.0321243107319, 0.0180397890508, 0.00811202079058, 0.00866750627756, 0.013037036173, 0.0113065214828, 0.0117257125676, 0.0088866930455, 0.0062320549041, 0.00670866109431, 0.00389974704012, 0.00469644740224, 0.00289473868906, 0.00166558101773, 0.00108059414197, 0.000893931253813, 0.00132014788687, 0.000713189365342, 0.000394925504224, 0.00054270128021, 0.00037193929893, 0.000286649476038, 0.000353189388989, 0.000245245348196, 0.000204121315619, 0.000161510382895, 0.000136202972499, 0.000310671195621, 0.00035229040077, 0.000313950295094, 0.000203138944926, 0.000470810104162, 0.000661310565192, 0.000422503944719, 0.000291589589324, 0.000415327434894],
        "mean": [0.00407296232879, 0.00163254525978, 0.000508143857587, 0.000388885790017, 0.000337361678248, 0.000423753866926, 0.0002287558018, 0.000156563241035, 0.000173654800165, 0.000324282213114, 0.000381082674721, 0.000237979955273, 0.000214186526136, 0.000185473269084, 8.51361837704e-05, 7.932932931e-05, 7.1722199209e-05, 5.71362143091e-05, 5.95972633164e-05, 3.47099994542e-05, 2.92842996714e-05, 1.81031482498e-05, 1.52673401317e-05, 1.80392853508e-05, 1.23060081023e-05, 8.3619115685e-06, 9.12319137569e-06, 8.32635760162e-06, 5.97270354774e-06, 4.81313554701e-06, 4.21689674113e-06, 5.00653777635e-06, 6.56971633362e-06, 8.76954527484e-06, 1.13779078674e-05, 1.05677381725e-05, 9.40596510191e-06, 7.19928402759e-06, 5.37801724931e-06, 4.96502707392e-06],
        "median": [0.000528976786882, 0.000742969976272, 0.000197660629055, 0.000105924584204, 0.000124037105707, 0.000128615283757, 8.81441956153e-05, 5.79738771194e-05, 6.33615054539e-05, 8.55580437928e-05, 9.39737583394e-05, 6.43125167699e-05, 5.59869840799e-05, 4.68599391752e-05, 2.451650289e-05, 2.77245708276e-05, 2.12858431041e-05, 1.708569107e-05, 1.57924605446e-05, 1.05970257209e-05, 9.20620914258e-06, 7.03251953382e-06, 6.04821116212e-06, 6.7666983341e-06, 5.35507433597e-06, 4.26566384704e-06, 4.15048452851e-06, 3.60769104191e-06, 2.68978647e-06, 2.02176420316e-06, 1.72989450675e-06, 2.0778693397e-06, 2.95505105896e-06, 3.74669320991e-06, 4.65019866169e-06, 4.50655898021e-06, 3.9853830458e-06, 2.88340652332e-06, 1.92686115952e-06, 1.52806660481e-06],
        "min": [2.39111826197e-24, 3.15491784509e-24, 5.42489704873e-24, 2.04114982436e-23, 1.07188084773e-23, 1.08330528913e-23, 5.72988487419e-24, 1.12012694961e-23, 8.15813442453e-24, 1.27152174243e-23, 7.1574170346e-24, 9.5665225085e-24, 1.05641562412e-23, 1.18366993218e-23, 1.40618164002e-23, 1.42307493853e-23, 8.32253934807e-24, 4.17048080839e-24, 9.12623793805e-24, 6.35633667396e-24, 6.91524225873e-24, 1.16805151178e-23, 1.73551276638e-23, 2.06237128711e-23, 9.73285698581e-24, 8.93857266187e-24, 1.27510948183e-23, 1.28513251183e-23, 8.85058153878e-24, 1.62175034637e-23, 1.50844625456e-23, 8.18082364189e-24, 5.66576310437e-24, 7.43159747513e-24, 7.60249866822e-24, 8.01395826119e-24, 7.64857208939e-24, 7.47043861952e-24, 7.9154240121e-24, 8.68663494343e-24],
        "var": [4.66262245027e-05, 1.197835536e-05, 1.12326847557e-06, 8.33858791793e-07, 8.77381694409e-07, 1.05723643173e-06, 2.01515078402e-07, 9.19176272873e-08, 1.90191428828e-07, 5.51267930859e-07, 6.28339591913e-07, 2.67319080649e-07, 1.99586750682e-07, 1.5246128271e-07, 4.5218726541e-08, 3.25383062716e-08, 2.29374954586e-08, 1.6463536312e-08, 1.16480061152e-08, 4.49621184728e-09, 4.66245664299e-09, 1.64453672902e-09, 5.81410919409e-10, 8.76407502126e-10, 3.53138546183e-10, 1.50645718122e-10, 2.63866289929e-10, 1.80511480763e-10, 9.08501537888e-11, 6.28283883253e-11, 5.68683017343e-11, 1.17501480768e-10, 1.75546119308e-10, 2.68899263967e-10, 3.33570920885e-10, 3.2744712497e-10, 3.9365435911e-10, 2.76796557896e-10, 1.69960046037e-10, 2.47312920143e-10]
    },
    "mfcc": {
        "mean": [-620.189758301, 91.0259246826, 7.91352415085, -5.27375030518, 2.36910414696, 5.82591867447, 2.7052822113, 12.3466978073, -0.812794804573, 7.51172542572, -1.94046378136, 0.124944977462, 0.48067253828],
        "cov": [[5404.63232422, -708.22833252, 806.135864258, 378.528381348, 425.784667969, 221.187515259, 161.731338501, 83.0780181885, -117.140525818, 170.347473145, -73.8462600708, 58.608707428, 264.693603516], [-708.22833252, 756.376953125, -30.3365306854, 10.5790719986, 3.50640106201, 10.4435882568, 17.8531780243, 51.70079422, -18.7280979156, 9.70498466492, 14.2547826767, 4.78586006165, -16.3538360596], [806.135864258, -30.3365306854, 1489.19628906, 474.453918457, 413.403686523, 273.840087891, 104.349967957, 11.8717880249, -40.9147720337, 32.764465332, 51.1374778748, 137.257766724, 153.381454468], [378.528381348, 10.5790719986, 474.453918457, 430.20098877, 258.110717773, 149.833145142, 90.3715286255, 30.9487705231, 46.8732452393, 43.7424659729, 37.9804840088, 96.839805603, 96.3257904053], [425.784667969, 3.50640106201, 413.403686523, 258.110717773, 392.621734619, 164.41986084, 114.899765015, 95.1879806519, 71.9721069336, 88.8715362549, 48.8343200684, 93.7153930664, 107.339630127], [221.187515259, 10.4435882568, 273.840087891, 149.833145142, 164.41986084, 286.22076416, 177.302825928, 91.1170806885, 51.9547615051, 77.6681442261, 75.2454452515, 58.8705596924, 69.592628479], [161.731338501, 17.8531780243, 104.349967957, 90.3715286255, 114.899765015, 177.302825928, 253.05380249, 104.500205994, 73.1699523926, 89.4367446899, 69.2149353027, 57.3612556458, 52.7297668457], [83.0780181885, 51.70079422, 11.8717880249, 30.9487705231, 95.1879806519, 91.1170806885, 104.500205994, 184.865386963, 92.3201751709, 98.9331970215, 42.5231666565, 33.4372596741, 33.7553024292], [-117.140525818, -18.7280979156, -40.9147720337, 46.8732452393, 71.9721069336, 51.9547615051, 73.1699523926, 92.3201751709, 224.590393066, 62.9991722107, 61.5910568237, 41.5065307617, 20.4287185669], [170.347473145, 9.70498466492, 32.764465332, 43.7424659729, 88.8715362549, 77.6681442261, 89.4367446899, 98.9331970215, 62.9991722107, 144.894958496, 56.7351150513, 40.414604187, 35.3995170593], [-73.8462600708, 14.2547826767, 51.1374778748, 37.9804840088, 48.8343200684, 75.2454452515, 69.2149353027, 42.5231666565, 61.5910568237, 56.7351150513, 112.43106842, 56.433380127, 31.8710670471], [58.608707428, 4.78586006165, 137.257766724, 96.839805603, 93.7153930664, 58.8705596924, 57.3612556458, 33.4372596741, 41.5065307617, 40.414604187, 56.433380127, 109.835876465, 66.8481063843], [264.693603516, -16.3538360596, 153.381454468, 96.3257904053, 107.339630127, 69.592628479, 52.7297668457, 33.7553024292, 20.4287185669, 35.3995170593, 31.8710670471, 66.8481063843, 111.152793884]],
