{
"lowlevel": {
    "average_loudness": 0.621246933937,
    "barkbands_crest": {
        "dmean": 2.71018791199,
        "dmean2": 4.4694480896,
        "dvar": 6.33949708939,
        "dvar2": 16.9476127625,
        "max": 26.0343379974,
        "mean": 10.3377819061,
        "median": 9.46877861023,
        "min": 2.95852971077,
        "var": 17.8145675659
    },
    "barkbands_flatness_db": {
        "dmean": 0.0191609468311,
        "dmean2": 0.0301557313651,
        "dvar": 0.000369563378626,
        "dvar2": 0.000875184719916,
        "max": 0.364165216684,
        "mean": 0.131574481726,
        "median": 0.124515548348,
        "min": 0.0242468640208,
        "var": 0.00256990501657
    },
    "barkbands_kurtosis": {
        "dmean": 2.64746212959,
        "dmean2": 4.24802446365,
        "dvar": 35.3588676453,
        "dvar2": 88.1776199341,
        "max": 146.846313477,
        "mean": 3.8025624752,
        "median": 1.64178037643,
        "min": -1.9377373457,
        "var": 60.2764472961
    },
    "barkbands_skewness": {
        "dmean": 0.518368184566,
        "dmean2": 0.797101259232,
        "dvar": 0.40277376771,
        "dvar2": 0.870266973972,
        "max": 11.0613527298,
        "mean": 1.37580084801,
        "median": 1.27636730671,
        "min": -6.75674724579,
        "var": 1.6288087368
    },
    "barkbands_spread": {
        "dmean": 5.53353023529,
        "dmean2": 8.64550495148,
        "dvar": 59.8139610291,
        "dvar2": 124.076133728,
        "max": 103.967697144,
        "mean": 22.8747730255,
        "median": 19.7272338867,
        "min": 0.964325547218,
        "var": 262.966156006
    },
    "dissonance": {
        "dmean": 0.0204957164824,
        "dmean2": 0.0346725992858,
        "dvar": 0.000419015646912,
        "dvar2": 0.00112459401134,
        "max": 0.500000059605,
        "mean": 0.462359070778,
        "median": 0.471497327089,
        "min": 0.199050754309,
        "var": 0.0010511475848
    },
    "dynamic_complexity": 4.76125431061,
    "erbbands_crest": {
        "dmean": 2.66081428528,
        "dmean2": 4.3314743042,
        "dvar": 5.75714063644,
        "dvar2": 14.5028448105,
        "max": 31.6671161652,
        "mean": 10.3621721268,
        "median": 9.1293258667,
        "min": 2.53130507469,
        "var": 26.5648880005
    },
    "erbbands_flatness_db": {
        "dmean": 0.0153784574941,
        "dmean2": 0.0232415106148,
        "dvar": 0.000202725743293,
        "dvar2": 0.000436951930169,
        "max": 0.369529038668,
        "mean": 0.168410539627,
        "median": 0.16264796257,
        "min": 0.035785716027,
        "var": 0.00315876095556
    },
    "erbbands_kurtosis": {
        "dmean": 1.18992483616,
        "dmean2": 1.85237801075,
        "dvar": 3.8844370842,
        "dvar2": 8.42599773407,
        "max": 44.569606781,
        "mean": 1.40397202969,
        "median": 0.370354175568,
        "min": -1.84953713417,
        "var": 12.0261850357
    },
    "erbbands_skewness": {
        "dmean": 0.368712991476,
        "dmean2": 0.551115572453,
        "dvar": 0.158828064799,
        "dvar2": 0.273598790169,
        "max": 4.72129249573,
        "mean": 0.455490767956,
        "median": 0.534471333027,
        "min": -5.77130413055,
        "var": 1.09615707397
    },
    "erbbands_spread": {
        "dmean": 7.39671421051,
        "dmean2": 11.6455831528,
        "dvar": 81.3173828125,
        "dvar2": 189.755355835,
        "max": 123.996589661,
        "mean": 35.5166320801,
        "median": 30.9358520508,
        "min": 2.33967423439,
        "var": 370.508239746
    },
    "hfc": {
        "dmean": 7.32055234909,
        "dmean2": 10.0959157944,
        "dvar": 223.771484375,
        "dvar2": 371.865386963,
        "max": 295.910705566,
        "mean": 26.8764400482,
        "median": 16.2626209259,
        "min": 1.1963731575e-16,
        "var": 1157.52856445
    },
    "melbands_crest": {
        "dmean": 3.57292032242,
        "dmean2": 5.91010189056,
        "dvar": 10.4109125137,
        "dvar2": 28.2287139893,
        "max": 33.5566215515,
        "mean": 13.8776912689,
        "median": 13.0169067383,
        "min": 2.23723912239,
        "var": 26.4635639191
    },
    "melbands_flatness_db": {
        "dmean": 0.0233921129256,
        "dmean2": 0.0366069450974,
        "dvar": 0.000574771140236,
        "dvar2": 0.00134829827584,
        "max": 0.471725404263,
        "mean": 0.182943880558,
        "median": 0.177013725042,
        "min": 0.00600808253512,
        "var": 0.00295452494174
    },
    "melbands_kurtosis": {
        "dmean": 6.105427742,
        "dmean2": 9.88765525818,
        "dvar": 168.3384552,
        "dvar2": 425.547851562,
        "max": 266.023132324,
        "mean": 10.9390182495,
        "median": 5.91857910156,
        "min": -1.93337309361,
        "var": 287.385681152
    },
    "melbands_skewness": {
        "dmean": 0.702771008015,
        "dmean2": 1.10420966148,
        "dvar": 0.689821898937,
        "dvar2": 1.63863861561,
        "max": 13.6133975983,
        "mean": 2.30409002304,
        "median": 2.0347430706,
        "min": -3.11687541008,
        "var": 2.65272903442
    },
    "melbands_spread": {
        "dmean": 7.91587257385,
        "dmean2": 12.0162506104,
        "dvar": 216.827255249,
        "dvar2": 388.15725708,
        "max": 225.811325073,
        "mean": 27.7928848267,
        "median": 21.1145477295,
        "min": 0.747011363506,
        "var": 856.876953125
    },
    "pitch_salience": {
        "dmean": 0.0672711059451,
        "dmean2": 0.110007710755,
        "dvar": 0.00384573079646,
        "dvar2": 0.0103203244507,
        "max": 0.993168056011,
        "mean": 0.556566178799,
        "median": 0.558944761753,
        "min": 0.0763783976436,
        "var": 0.0130473515019
    },
    "silence_rate_20dB": {
        "dmean": 0,
        "dmean2": 0,
        "dvar": 0,
        "dvar2": 0,
        "max": 1,
        "mean": 1,
        "median": 1,
        "min": 1,
        "var": 0
    },
    "silence_rate_30dB": {
        "dmean": 0.00450130319223,
        "dmean2": 0.0090036727488,
        "dvar": 0.00448100082576,
        "dvar2": 0.0124769899994,
        "max": 1,
        "mean": 0.996802091599,
        "median": 1,
        "min": 0,
        "var": 0.00318743428215
    },
    "silence_rate_60dB": {
        "dmean": 0.024401800707,
        "dmean2": 0.0488093830645,
        "dvar": 0.0238060522825,
        "dvar2": 0.0551918670535,
        "max": 1,
        "mean": 0.199692055583,
        "median": 0,
        "min": 0,
        "var": 0.15983915329
    },
    "spectral_centroid": {
        "dmean": 233.292633057,
        "dmean2": 345.778137207,
        "dvar": 114536.625,
        "dvar2": 171743.046875,
        "max": 10319.265625,
        "mean": 1410.62390137,
        "median": 1292.82080078,
        "min": 226.184738159,
        "var": 615394.875
    },
    "spectral_complexity": {
        "dmean": 2.74603176117,
        "dmean2": 4.33147716522,
        "dvar": 8.00109672546,
        "dvar2": 18.9922389984,
        "max": 49,
        "mean": 17.206325531,
        "median": 17,
        "min": 0,
        "var": 101.227882385
    },
    "spectral_decrease": {
        "dmean": 2.20588658451e-09,
        "dmean2": 3.51379902952e-09,
        "dvar": 1.17574625088e-17,
        "dvar2": 2.99972284582e-17,
        "max": 2.15764655055e-29,
        "mean": -6.71155930831e-09,
        "median": -5.49712853015e-09,
        "min": -6.0713503558e-08,
        "var": 3.75286748483e-17
    },
    "spectral_energy": {
        "dmean": 0.00873563904315,
        "dmean2": 0.013841486536,
        "dvar": 0.000175115725142,
        "dvar2": 0.000444401288405,
        "max": 0.231180518866,
        "mean": 0.0277687758207,
        "median": 0.0229027662426,
        "min": 1.07700175912e-20,
        "var": 0.000614415039308
    },
    "spectral_energyband_high": {
        "dmean": 0.000697961892001,
        "dmean2": 0.000925988715608,
        "dvar": 4.61683021058e-06,
        "dvar2": 7.09407777322e-06,
        "max": 0.0442089624703,
        "mean": 0.00184500403702,
        "median": 0.000561397057027,
        "min": 7.86448187395e-21,
        "var": 1.92135630641e-05
    },
    "spectral_energyband_low": {
        "dmean": 0.00522532267496,
        "dmean2": 0.00886196643114,
        "dvar": 0.000141294542118,
        "dvar2": 0.000379033474019,
        "max": 0.227547302842,
        "mean": 0.0086004640907,
        "median": 0.00325067294762,
        "min": 4.41113915695e-23,
        "var": 0.000188732505194
    },
    "spectral_energyband_middle_high": {
        "dmean": 0.00187758449465,
        "dmean2": 0.00286649167538,
        "dvar": 1.33605772135e-05,
        "dvar2": 3.27204470523e-05,
        "max": 0.0866311863065,
        "mean": 0.00647103833035,
        "median": 0.00268136290833,
        "min": 1.58435914726e-21,
        "var": 9.94584479486e-05
    },
    "spectral_energyband_middle_low": {
        "dmean": 0.00465467246249,
        "dmean2": 0.0070790858008,
        "dvar": 4.65426164737e-05,
        "dvar2": 0.000108752923552,
        "max": 0.0958593338728,
        "mean": 0.0119955278933,
        "median": 0.00882862880826,
        "min": 3.24366906722e-22,
        "var": 0.000149548432091
    },
    "spectral_entropy": {
        "dmean": 0.129862859845,
        "dmean2": 0.196590855718,
        "dvar": 0.0196631066501,
        "dvar2": 0.0388589762151,
        "max": 9.78450775146,
        "mean": 7.63946008682,
        "median": 7.6894698143,
        "min": 5.99887895584,
        "var": 0.184635460377
    },
    "spectral_flux": {
        "dmean": 0.0200097355992,
        "dmean2": 0.0322725735605,
        "dvar": 0.000634097668808,
        "dvar2": 0.00152989849448,
        "max": 0.402400165796,
        "mean": 0.0792301520705,
        "median": 0.076680213213,
        "min": 1.03778693972e-10,
        "var": 0.0026033334434
    },
    "spectral_kurtosis": {
        "dmean": 1.13246309757,
        "dmean2": 1.92760658264,
        "dvar": 1.83774280548,
        "dvar2": 5.47513055801,
        "max": 24.138507843,
        "mean": 3.74613261223,
        "median": 3.2377243042,
        "min": -1.24179768562,
        "var": 7.21246910095
    },
    "spectral_rms": {
        "dmean": 0.000731721636839,
        "dmean2": 0.00112805014942,
        "dvar": 7.77935952101e-07,
        "dvar2": 1.87701914456e-06,
        "max": 0.0150180542842,
        "mean": 0.00455829873681,
        "median": 0.00472696125507,
        "min": 3.24150190197e-12,
        "var": 6.31351804259e-06
    },
    "spectral_rolloff": {
        "dmean": 452.566497803,
        "dmean2": 759.311096191,
        "dvar": 810641.75,
        "dvar2": 1504181.25,
        "max": 18583.1542969,
        "mean": 1654.65942383,
        "median": 1184.32617188,
        "min": 64.599609375,
        "var": 2847367
    },
    "spectral_skewness": {
        "dmean": 0.172262817621,
        "dmean2": 0.273052036762,
        "dvar": 0.0312516912818,
        "dvar2": 0.0693131387234,
        "max": 3.82240772247,
        "mean": 1.47012078762,
        "median": 1.49565780163,
        "min": -0.285186141729,
        "var": 0.265408784151
    },
    "spectral_spread": {
        "dmean": 404316.625,
        "dmean2": 595424.5,
        "dvar": 372532412416,
        "dvar2": 562350260224,
        "max": 41698272,
        "mean": 4840332,
        "median": 4798646.5,
        "min": 1726663.125,
        "var": 1.96064405094e+12
    },
    "spectral_strongpeak": {
        "dmean": 0.640941441059,
        "dmean2": 1.09079086781,
        "dvar": 1.17532360554,
        "dvar2": 3.04438853264,
        "max": 15.685544014,
        "mean": 1.18695092201,
        "median": 0.484283268452,
        "min": 0,
        "var": 2.87745976448
    },
    "zerocrossingrate": {
        "dmean": 0.0104406699538,
        "dmean2": 0.0117015121505,
        "dvar": 0.000246238749241,
        "dvar2": 0.000210563564906,
        "max": 0.509765625,
        "mean": 0.0698596686125,
        "median": 0.05908203125,
        "min": 0.00341796875,
        "var": 0.00218854751438
    },
    "barkbands": {
        "dmean": [0.000412641675211, 0.00425007473677, 0.00109180877917, 0.00144793989602, 0.0019197211368, 0.000809075485449, 0.000594053708483, 0.000777523324359, 0.00120461673941, 0.000794651336037, 0.000926502805669, 0.000274183839792, 0.000280841632048, 0.00030379902455, 0.00015873927623, 0.000156607711688, 0.00016399321612, 0.000103964906884, 8.83464817889e-05, 7.73772917455e-05, 0.000100528559415, 0.000256713741692, 0.000279597763438, 0.000130420536152, 3.72524591512e-05, 1.47412229126e-05, 7.06458877175e-06],
        "dmean2": [0.000693498121109, 0.00732841016725, 0.00185240991414, 0.00242914631963, 0.00300171854906, 0.00128524843603, 0.000939000048675, 0.00121375452727, 0.00190480996389, 0.00123649579473, 0.00145163363777, 0.000444401230197, 0.00043462618487, 0.000497059896588, 0.000252398633165, 0.00025128852576, 0.000268450909061, 0.000168162252521, 0.000140450996696, 0.000125224716612, 0.000152510765474, 0.000364706764231, 0.000394043978304, 0.00018305638514, 5.1639170124e-05, 2.0633551685e-05, 1.00618681245e-05],
        "dvar": [9.36638343774e-07, 0.000107834282971, 8.49463231134e-06, 9.50543653744e-06, 1.39970543387e-05, 3.40240831065e-06, 2.60107412942e-06, 4.04310230806e-06, 8.17913405626e-06, 4.39178438683e-06, 9.85099268291e-06, 6.15595638465e-07, 4.40975838956e-07, 4.46513894303e-07, 1.20446799201e-07, 1.0507923065e-07, 7.00920921304e-08, 5.24388426015e-08, 2.5643364765e-08, 2.04339940524e-08, 5.9467129887e-08, 8.2145027136e-07, 9.83985046332e-07, 2.07895993753e-07, 8.87052120646e-09, 1.56184898348e-09, 6.20611118052e-10],
        "dvar2": [2.47471871262e-06, 0.00029046589043, 2.32476522797e-05, 2.58204599959e-05, 3.22701271216e-05, 7.84068834037e-06, 6.22033985564e-06, 9.23331572267e-06, 2.05122541956e-05, 1.03133852463e-05, 2.38327447732e-05, 1.60008096373e-06, 9.91948809315e-07, 1.14901638426e-06, 2.735195892e-07, 2.6324030955e-07, 1.80176456865e-07, 1.31991612307e-07, 6.30434371374e-08, 5.02486088294e-08, 1.2478311362e-07, 1.51481106059e-06, 1.83975339496e-06, 3.91120181575e-07, 1.44765435195e-08, 3.29459015624e-09, 1.20405607706e-09],
        "max": [0.0170639827847, 0.159277036786, 0.0655330792069, 0.0574916601181, 0.0867688581347, 0.0427432060242, 0.0396118499339, 0.0433307364583, 0.0569054335356, 0.0572579875588, 0.0810768902302, 0.0309870280325, 0.0157633647323, 0.0157549139112, 0.00759817054495, 0.00722718471661, 0.00664406083524, 0.00797067862004, 0.00304678501561, 0.00338859693147, 0.00570432562381, 0.0215405058116, 0.0217626709491, 0.0104634547606, 0.0037552928552, 0.000852573779412, 0.000602992426138],
        "mean": [0.000534291262738, 0.00578915700316, 0.00143423106056, 0.00198131566867, 0.00365133211017, 0.00139754777774, 0.000939033692703, 0.00120438693557, 0.00213082064874, 0.00154664646834, 0.00220668036491, 0.000491820799652, 0.000515467952937, 0.000606174289715, 0.000296906597214, 0.000328041700413, 0.000356098986231, 0.000228053468163, 0.00020165296155, 0.000173144595465, 0.00023193875677, 0.000522949325386, 0.000587768678088, 0.000276817474514, 9.27711444092e-05, 3.09680872306e-05, 1.27346256704e-05],
        "median": [3.45049229509e-05, 0.00119930924848, 0.000331304065185, 0.000650468165986, 0.00195605307817, 0.000580017687753, 0.000290817464702, 0.00024533920805, 0.000474826840218, 0.00027587619843, 0.000150082662003, 0.000148913124576, 0.000135292779305, 0.000185341996257, 0.000126785569591, 0.000157136004418, 0.000211390346522, 0.000130966975121, 0.000112928159069, 9.09873342607e-05, 7.9965320765e-05, 9.83922363957e-05, 0.000105481907667, 6.10759088886e-05, 2.43295344262e-05, 5.71120472159e-06, 4.40652343059e-07],
        "min": [3.03769508673e-23, 2.81478571411e-23, 4.09995427688e-24, 2.56459449427e-24, 1.20151051065e-22, 5.39061662478e-23, 3.79035232511e-23, 7.44621711874e-23, 3.46441109183e-23, 6.39218913993e-23, 3.38417762689e-23, 7.36208920527e-23, 4.55019766406e-23, 9.51972601743e-23, 1.28654656078e-22, 1.62928403113e-22, 2.30967189182e-22, 3.17446917887e-22, 3.08149971238e-22, 3.74895934191e-22, 4.30901827287e-22, 4.63828603792e-22, 5.17030544443e-22, 8.92517581577e-22, 1.34490691969e-21, 1.62678123422e-21, 2.52042013424e-21],
        "var": [1.19792878195e-06, 0.000115785995149, 1.15820448627e-05, 1.39681715154e-05, 3.41058184858e-05, 7.31279806132e-06, 4.78904257761e-06, 7.59404429118e-06, 1.79685957846e-05, 1.65582459886e-05, 5.65502559766e-05, 1.2484566696e-06, 1.13913290534e-06, 1.51099914092e-06, 3.15040495025e-07, 3.12184596396e-07, 1.93513571389e-07, 1.26225430108e-07, 6.95226063385e-08, 5.73420422256e-08, 1.78646274662e-07, 2.52575500781e-06, 3.12378460876e-06, 6.33497506897e-07, 3.50585231956e-08, 3.88772214421e-09, 1.56199886359e-09]
    },
    "erbbands": {
        "dmean": [0.176719367504, 0.791749715805, 1.07889950275, 3.04951334, 5.77732753754, 7.15326166153, 7.10794353485, 6.56988859177, 7.13071680069, 12.569360733, 18.1612205505, 23.9810771942, 30.8161334991, 22.0613613129, 33.229347229, 11.7187566757, 12.440032959, 16.2854766846, 7.53194284439, 9.1273355484, 8.24737930298, 8.00646305084, 5.21727132797, 4.59920787811, 4.2591919899, 3.54507803917, 3.60250639915, 4.66697311401, 8.22550010681, 11.1400547028, 7.15463876724, 4.05772686005, 1.46111667156, 0.5587195158, 0.218296274543, 0.0718081966043, 0.0266281981021, 0.00907190609723, 0.00127505604178, 3.69037989003e-05],
        "dmean2": [0.305448263884, 1.37248575687, 1.84426558018, 5.15848064423, 9.40975761414, 11.1034812927, 11.0902147293, 10.5272951126, 11.5030651093, 19.4928817749, 27.7509975433, 37.3112220764, 48.6391105652, 34.2701721191, 51.3091621399, 18.7272510529, 19.2020626068, 26.1955757141, 11.8730802536, 14.8364944458, 13.0522594452, 13.007768631, 8.40906143188, 7.32834100723, 6.75694417953, 5.74167108536, 5.62643861771, 6.97305250168, 11.7060728073, 16.1368160248, 10.1837358475, 5.68073797226, 2.03063607216, 0.789328098297, 0.303685486317, 0.100300647318, 0.0386440567672, 0.0131585579365, 0.00182737770956, 5.30070792593e-05],
        "dvar": [0.157681629062, 4.54736232758, 9.7874288559, 40.5436134338, 125.366546631, 304.253356934, 317.417144775, 255.144073486, 419.558563232, 1004.87683105, 2493.26928711, 3836.1484375, 5628.68457031, 4016.66137695, 13606.2412109, 1146.13244629, 901.817932129, 1396.6229248, 280.013031006, 473.315063477, 218.410095215, 158.969436646, 107.389007568, 77.3731918335, 74.3994827271, 41.5672340393, 56.3053398132, 171.381484985, 828.952941895, 1739.74853516, 639.062438965, 210.736526489, 23.9995765686, 2.28622698784, 0.296034038067, 0.0290725901723, 0.00661841314286, 0.000892253941856, 2.28153658099e-05, 1.18783214376e-08],
        "dvar2": [0.43147149682, 12.386592865, 27.5338878632, 111.148193359, 333.693603516, 676.011047363, 713.528015137, 582.657104492, 1023.77215576, 2375.53540039, 5566.48291016, 9056.72167969, 14271.6914062, 8682.4375, 31413.6621094, 2953.0078125, 2012.62768555, 3525.44848633, 652.5234375, 1220.72436523, 534.802612305, 411.730865479, 259.551574707, 195.443496704, 175.277770996, 102.877403259, 130.322860718, 340.41784668, 1529.93359375, 3362.41601562, 1200.6282959, 406.537658691, 42.6157073975, 3.82882022858, 0.534890770912, 0.0546416714787, 0.0151506336406, 0.00189151696395, 4.53607863165e-05, 2.43957103407e-08],
        "max": [4.61851215363, 42.610824585, 97.6770095825, 100.653465271, 175.902572632, 467.67980957, 574.555114746, 447.093658447, 443.170043945, 564.344055176, 1264.22668457, 1615.2064209, 1384.34411621, 2095.78833008, 3240.68530273, 1537.85107422, 876.498168945, 906.250427246, 423.62210083, 513.459777832, 414.824829102, 216.892501831, 352.361083984, 197.530670166, 186.84236145, 104.40901947, 207.336105347, 334.230010986, 801.28692627, 944.672729492, 606.398986816, 340.533843994, 130.868270874, 57.2152938843, 20.6207714081, 3.295119524, 2.16846251488, 0.497943460941, 0.134592533112, 0.00252770143561],
        "mean": [0.224527209997, 1.07045507431, 1.56204092503, 4.51107931137, 9.12174987793, 13.0647659302, 12.7749137878, 11.0623188019, 11.2260732651, 20.155670166, 29.9902496338, 43.3596801758, 62.956413269, 51.9702606201, 78.3222732544, 23.727848053, 25.2109279633, 34.3388786316, 15.9626913071, 17.9788551331, 19.4507217407, 18.8663349152, 12.5513954163, 11.1808195114, 9.96660804749, 8.16295337677, 8.61949539185, 10.3741884232, 16.8290939331, 22.1611785889, 15.0783910751, 8.34544658661, 3.28307700157, 1.35486793518, 0.517591774464, 0.164775669575, 0.0503429472446, 0.0172610003501, 0.00225509889424, 8.63649038365e-05],
        "median": [0.0320088900626, 0.206755161285, 0.492012441158, 1.66017818451, 4.79220104218, 5.4094786644, 4.46183729172, 4.60450124741, 4.10681390762, 6.01986312866, 7.01757621765, 10.6827068329, 11.9915180206, 7.99376773834, 7.47207975388, 7.96484518051, 7.87912940979, 9.75779724121, 7.51828813553, 7.49188613892, 11.1874675751, 11.5216321945, 7.71416091919, 6.91179132462, 5.56017637253, 4.40944290161, 3.33694219589, 3.28399372101, 3.4831097126, 3.40951776505, 2.789757967, 1.71029937267, 0.751011073589, 0.356340318918, 0.125454351306, 0.0353457666934, 0.00805796869099, 0.00131514074747, 9.61627156357e-05, 3.70302695956e-05],
        "min": [9.8912262399e-22, 6.15343898594e-21, 4.45926605879e-21, 1.07378221708e-20, 9.21164098269e-20, 5.06410207365e-19, 6.81242998237e-19, 3.67690441827e-19, 4.68689530662e-19, 6.83829592012e-19, 1.75592680341e-18, 9.33608461899e-19, 1.01437623806e-18, 2.76314741219e-18, 1.57609019022e-18, 3.20447680672e-18, 2.12847344167e-18, 3.79455540247e-18, 5.88617877503e-18, 6.11914550916e-18, 1.11340280616e-17, 1.43250973046e-17, 2.04723562012e-17, 1.43094520105e-17, 1.36023920849e-17, 1.52168939579e-17, 1.40657166255e-17, 2.07448989782e-17, 1.62408161704e-17, 1.76380995873e-17, 1.46948089881e-17, 1.29092560906e-17, 1.90665726764e-17, 1.22776714329e-17, 1.20412111015e-17, 5.94094102671e-18, 3.19464369719e-18, 1.17560201126e-18, 3.76455221748e-19, 3.69270453732e-20],
        "var": [0.174456194043, 4.46856689453, 11.4704208374, 63.1908149719, 191.269775391, 700.26776123, 789.133728027, 519.196350098, 741.560913086, 1848.13757324, 4981.30224609, 8208.46777344, 19379.0839844, 21556.2089844, 73113.59375, 2415.66748047, 2428.51806641, 4945.32128906, 774.751159668, 1214.04077148, 761.82623291, 507.30645752, 312.775146484, 208.496154785, 198.096603394, 116.323226929, 192.600708008, 501.444274902, 2470.50683594, 5103.40673828, 2000.99841309, 620.231262207, 79.7434539795, 8.63843154907, 1.04493820667, 0.0987349897623, 0.012089711614, 0.00207460089587, 5.29124445166e-05, 2.90313337814e-08]
    },
    "gfcc": {
        "mean": [-17.4126834869, 74.2811431885, -128.340209961, 22.9429607391, -71.3212509155, 15.4135608673, -38.8767547607, 3.02836251259, -20.2830085754, -5.90747833252, -18.2453689575, -0.385601252317, -11.4385824203],
        "cov": [[11597.953125, -651.109863281, 2615.60791016, 1727.54370117, 878.354248047, 1054.35327148, 534.112121582, 521.590515137, -52.7492370605, 68.559387207, -129.828399658, 256.774475098, -105.256851196], [-651.109863281, 1110.50646973, -9.88076114655, 23.1361427307, 152.595016479, -77.5530776978, 51.5574493408, -38.3730812073, 32.2324981689, -80.684387207, 70.7553863525, -42.5957832336, 11.6683597565], [2615.60791016, -9.88076114655, 1497.65808105, 836.674987793, 338.717956543, 328.950439453, 135.914215088, 66.6164474487, 18.9744625092, 44.3194503784, -46.6222648621, 58.0636024475, -35.4151649475], [1727.54370117, 23.1361427307, 836.674987793, 850.628845215, 228.924438477, 251.681060791, 33.6825370789, 33.1444129944, 62.1612319946, 42.6755561829, -6.29184007645, 51.5186195374, -2.80134820938], [878.354248047, 152.595016479, 338.717956543, 228.924438477, 616.25958252, 273.999755859, 207.653289795, 229.291992188, 29.3198299408, 70.8012084961, 41.5456428528, 74.5481262207, 85.4905090332], [1054.35327148, -77.5530776978, 328.950439453, 251.681060791, 273.999755859, 397.86114502, 269.241210938, 186.337768555, 39.1332893372, 39.2089347839, 7.48569488525, 35.4638061523, 9.47937393188], [534.112121582, 51.5574493408, 135.914215088, 33.6825370789, 207.653289795, 269.241210938, 349.523071289, 196.748565674, 21.9983444214, 15.5530805588, 16.4929561615, 25.0123538971, 8.96761035919], [521.590515137, -38.3730812073, 66.6164474487, 33.1444129944, 229.291992188, 186.337768555, 196.748565674, 252.237945557, 60.6740608215, 55.6866188049, 16.6099758148, 30.4098796844, 25.759393692], [-52.7492370605, 32.2324981689, 18.9744625092, 62.1612319946, 29.3198299408, 39.1332893372, 21.9983444214, 60.6740608215, 124.720474243, 48.3440475464, 18.1420497894, 0.805591225624, 1.78236758709], [68.559387207, -80.684387207, 44.3194503784, 42.6755561829, 70.8012084961, 39.2089347839, 15.5530805588, 55.6866188049, 48.3440475464, 114.835517883, 40.2811126709, 23.6049633026, 17.8938102722], [-129.828399658, 70.7553863525, -46.6222648621, -6.29184007645, 41.5456428528, 7.48569488525, 16.4929561615, 16.6099758148, 18.1420497894, 40.2811126709, 96.7101364136, 48.5389518738, 22.1465606689], [256.774475098, -42.5957832336, 58.0636024475, 51.5186195374, 74.5481262207, 35.4638061523, 25.0123538971, 30.4098796844, 0.805591225624, 23.6049633026, 48.5389518738, 115.179641724, 51.5519752502], [-105.256851196, 11.6683597565, -35.4151649475, -2.80134820938, 85.4905090332, 9.47937393188, 8.96761035919, 25.759393692, 1.78236758709, 17.8938102722, 22.1465606689, 51.5519752502, 99.3957824707]],
        "icov": [[0.000200556518394, 4.65119155706e-05, -0.000193927946384, -0.00016140549269, 2.31191734201e-05, -0.00018333477783, 0.000131714827148, -0.000431617838331, 0.000353345938493, 9.39187812037e-05, 0.000200156893698, -0.000406506762374, 0.000373845279682], [4.65119155706e-05, 0.00167595176026, -7.21607357264e-05, -0.00033517475822, -0.00108053279109, 0.00147108698729, -0.00127483403776, 0.000888172711711, -0.00118339678738, 0.00220109685324, -0.00225017848425, 0.0015890795039, -0.000206587530556], [-0.000193927946384, -7.21607357264e-05, 0.0020096518565, -0.00144819740672, -0.0005528597394, 0.000271073367912, -0.000801092945039, 0.00100940780248, 0.000188167017768, -0.000843587331474, 0.00121935165953, -0.000515233841725, 0.000882716441993], [-0.00016140549269, -0.00033517475822, -0.00144819740672, 0.00360263558105, -1.33211824505e-05, -0.00216276058927, 0.00186856428627, 0.000811949896161, -0.00158287235536, 4.87915276608e-05, -0.000184279182577, -0.000290337047772, -0.000496083986945], [2.31191734201e-05, -0.00108053279109, -0.0005528597394, -1.33211824505e-05, 0.00434569595382, -0.00200027087703, 0.00119289348368, -0.00331545225345, 0.00199296046048, -0.00156807387248, 0.000279545260128, -0.000479362206534, -0.00240850774571], [-0.00018333477783, 0.00147108698729, 0.000271073367912, -0.00216276058927, -0.00200027087703, 0.010003414005, -0.00655066641048, 0.000316045043292, -0.0013217224041, 0.0010112762684, -0.00118036929052, 0.00151994312182, 0.000260625500232], [0.000131714827148, -0.00127483403776, -0.000801092945039, 0.00186856428627, 0.00119289348368, -0.00655066641048, 0.0101587409154, -0.0051768948324, 0.00182708923239, 0.000726651691366, -0.000219695066335, -0.00110063969623, 0.00053642608691], [-0.000431617838331, 0.000888172711711, 0.00100940780248, 0.000811949896161, -0.00331545225345, 0.000316045043292, -0.0051768948324, 0.0129767423496, -0.00519653456286, -0.00162561191246, 0.000949273933657, 0.000221513226279, -0.000193853978999], [0.000353345938493, -0.00118339678738, 0.000188167017768, -0.00158287235536, 0.00199296046048, -0.0013217224041, 0.00182708923239, -0.00519653456286, 0.0131711671129, -0.00487691909075, 0.000656682415865, -0.000220072222874, 0.000738942064345], [9.39187812037e-05, 0.00220109685324, -0.000843587331474, 4.87915276608e-05, -0.00156807387248, 0.0010112762684, 0.000726651691366, -0.00162561191246, -0.00487691909075, 0.0163568928838, -0.00806546583772, 0.00263552041724, -0.00127719412558], [0.000200156893698, -0.00225017848425, 0.00121935165953, -0.000184279182577, 0.000279545260128, -0.00118036929052, -0.000219695066335, 0.000949273933657, 0.000656682415865, -0.00806546583772, 0.020283408463, -0.00989648140967, 0.00260500074364], [-0.000406506762374, 0.0015890795039, -0.000515233841725, -0.000290337047772, -0.000479362206534, 0.00151994312182, -0.00110063969623, 0.000221513226279, -0.000220072222874, 0.00263552041724, -0.00989648140967, 0.0177996084094, -0.00799684133381], [0.000373845279682, -0.000206587530556, 0.000882716441993, -0.000496083986945, -0.00240850774571, 0.000260625500232, 0.00053642608691, -0.000193853978999, 0.000738942064345, -0.00127719412558, 0.00260500074364, -0.00799684133381, 0.016613855958]]
    },
    "melbands": {
        "dmean": [0.00134053570218, 0.000662002537865, 0.000601027044468, 0.000438955234131, 0.000263546098722, 0.000148303530295, 0.000110898370622, 0.000139608833706, 0.000159247196279, 0.000163006421644, 0.000154264387675, 8.66018963279e-05, 0.000137073671794, 3.41248960467e-05, 3.07125701511e-05, 3.09993884002e-05, 3.09286297124e-05, 1.33102330437e-05, 1.13855057862e-05, 1.17568015412e-05, 1.10911814772e-05, 9.84040798357e-06, 6.72788473821e-06, 5.29419230588e-06, 3.90848936149e-06, 3.62209561899e-06, 3.09380561703e-06, 2.49757022175e-06, 2.40804456553e-06, 2.59836065197e-06, 3.0716139463e-06, 4.46791000286e-06, 6.43601515549e-06, 6.65805828248e-06, 4.53827715319e-06, 3.57387466465e-06, 2.32636898545e-06, 1.20255913316e-06, 6.46915111702e-07, 4.59380572693e-07],
        "dmean2": [0.00231907353736, 0.00113765592687, 0.00100310076959, 0.000691765337251, 0.000406781182392, 0.000237411746639, 0.000177770692972, 0.000216401938815, 0.000242994341534, 0.000256019731751, 0.000243248301558, 0.00013444601791, 0.000213274863199, 5.39621287317e-05, 4.86880126118e-05, 4.75147207908e-05, 4.97918590554e-05, 2.13947860175e-05, 1.81523646461e-05, 1.89970123756e-05, 1.78043064807e-05, 1.6083178707e-05, 1.09212378447e-05, 8.68387178343e-06, 6.27603412795e-06, 5.7956171986e-06, 4.9357545322e-06, 4.09493532061e-06, 3.87447198591e-06, 4.02398109145e-06, 4.6940313041e-06, 6.51361870041e-06, 9.40158679441e-06, 9.77575018624e-06, 6.59372244627e-06, 5.12292126587e-06, 3.38431550517e-06, 1.71699548446e-06, 9.50354035467e-07, 6.67491860895e-07],
        "dvar": [9.93272988126e-06, 3.5071932416e-06, 1.41474595239e-06, 8.40219286147e-07, 3.59871506816e-07, 1.18951703598e-07, 9.71485292212e-08, 1.19336988291e-07, 1.89590522837e-07, 1.6596676744e-07, 1.42185598406e-07, 6.824139831e-08, 2.41585581762e-07, 7.95481636118e-09, 8.38269453851e-09, 4.9988893025e-09, 4.88966511725e-09, 9.57982027039e-10, 6.55491549928e-10, 7.91830323532e-10, 3.88117121775e-10, 2.39900710408e-10, 1.81640869013e-10, 1.91958671181e-10, 5.41127143094e-11, 4.9002722019e-11, 4.3008728523e-11, 2.17368050642e-11, 2.21539366713e-11, 4.34571198471e-11, 8.2840297122e-11, 2.47168979728e-10, 5.97007776548e-10, 6.33110286419e-10, 2.59363003297e-10, 1.65064698021e-10, 7.31326735282e-11, 1.73978262352e-11, 3.49467004813e-12, 1.4557577149e-12],
        "dvar2": [2.67353207164e-05, 9.78586831479e-06, 3.85619159715e-06, 1.94543372345e-06, 8.00554175839e-07, 2.72413899438e-07, 2.33550736084e-07, 2.80964684407e-07, 4.24263873811e-07, 4.03234139412e-07, 3.59987012644e-07, 1.46403024814e-07, 5.73693966999e-07, 1.85927842011e-08, 2.14112052532e-08, 1.06894484375e-08, 1.24088268549e-08, 2.30576779892e-09, 1.52068779791e-09, 2.03461802961e-09, 9.77271930047e-10, 6.27733032221e-10, 4.59389415397e-10, 4.85395224015e-10, 1.35169306303e-10, 1.19078885641e-10, 1.00267433245e-10, 5.66131967694e-11, 5.43502985673e-11, 1.01852339063e-10, 1.75505943112e-10, 4.95534446809e-10, 1.17797704924e-09, 1.30801813825e-09, 5.24263354951e-10, 3.20719006908e-10, 1.55253129797e-10, 3.27152333002e-11, 6.68071717738e-12, 2.63831057695e-12],
        "max": [0.0363794378936, 0.0555488243699, 0.0203959066421, 0.0235802102834, 0.018487541005, 0.00920035596937, 0.00673813885078, 0.00647356826812, 0.010790232569, 0.0109097613022, 0.00712163746357, 0.00807675439864, 0.0133637515828, 0.00327005446889, 0.00323610194027, 0.00145111733582, 0.00155872805044, 0.000638899509795, 0.000576506659854, 0.000643074570689, 0.000561123015359, 0.00029978112434, 0.00041261583101, 0.000581192842219, 0.000170491781319, 0.000154435590957, 0.000204224066692, 7.56995868869e-05, 0.000111372602987, 0.000173993728822, 0.000232562801102, 0.000462245079689, 0.000649301044177, 0.000653969822451, 0.000360574136721, 0.000372279697331, 0.000240908877458, 0.000115796465252, 5.5721411627e-05, 4.79335649288e-05],
        "mean": [0.0018142167246, 0.00102705415338, 0.000932001916226, 0.000800181995146, 0.000495354470331, 0.000251054560067, 0.000177047113539, 0.000220677116886, 0.00025504786754, 0.000291924981866, 0.000307769834762, 0.00018764421111, 0.00032461452065, 6.29595015198e-05, 5.52502788196e-05, 5.96621939621e-05, 6.21794897597e-05, 2.48362648563e-05, 2.17107844946e-05, 2.2364749384e-05, 2.39465116465e-05, 2.11468814086e-05, 1.32757877509e-05, 1.1097749848e-05, 8.67913695402e-06, 7.90972262621e-06, 6.24471567789e-06, 5.15026204084e-06, 5.20692219652e-06, 5.43511669093e-06, 6.12171652392e-06, 8.64136927703e-06, 1.20035529108e-05, 1.25197020679e-05, 8.96676283446e-06, 6.85838767822e-06, 4.4242929107e-06, 2.48165019912e-06, 1.4286079022e-06, 1.03677518837e-06],
        "median": [0.000345551175997, 0.000331950577674, 0.00042461254634, 0.000434823450632, 0.000180780043593, 0.00010430245311, 6.39611389488e-05, 6.18322665105e-05, 5.63947105547e-05, 6.45472391625e-05, 5.25298855791e-05, 2.88627106784e-05, 2.38173179241e-05, 1.96748133021e-05, 1.54049230332e-05, 1.63606600836e-05, 1.71653027792e-05, 1.03578086055e-05, 9.21317223401e-06, 9.24438700167e-06, 1.32960321935e-05, 1.25188753373e-05, 7.10144286131e-06, 5.97604457653e-06, 5.06729611516e-06, 3.91027469959e-06, 3.3197668472e-06, 2.39748146669e-06, 1.77908270871e-06, 1.81361338036e-06, 1.76349567482e-06, 1.86093495813e-06, 1.79193671102e-06, 1.75996706275e-06, 1.58881573498e-06, 1.27415626139e-06, 8.70020357979e-07, 5.12099575189e-07, 3.45624073361e-07, 2.69359730964e-07],
        "min": [1.04193844878e-23, 4.23111541858e-24, 3.53836853719e-24, 1.84410451869e-23, 2.61079780138e-23, 8.54455162807e-24, 7.83526312236e-24, 1.04092665579e-23, 1.1974677405e-23, 5.71154504143e-24, 5.020017739e-24, 1.1580901707e-23, 4.16605332656e-24, 9.27426295375e-24, 7.01098630679e-24, 3.86995478022e-24, 7.45645527111e-24, 8.93802755898e-24, 1.07120581945e-23, 9.20030566617e-24, 1.23397480324e-23, 1.38173042295e-23, 1.66334082879e-23, 1.59911287829e-23, 1.07866055501e-23, 1.32171782958e-23, 8.35096673965e-24, 1.15312247692e-23, 9.17661538432e-24, 1.08899699945e-23, 1.10719696717e-23, 9.31069097263e-24, 9.1100481457e-24, 9.77027029196e-24, 8.2763428646e-24, 8.32794541185e-24, 7.12150729734e-24, 1.14286783735e-23, 1.44369954913e-23, 8.95625734564e-24],
        "var": [1.10757719085e-05, 3.89285332858e-06, 2.27442842515e-06, 1.85351962045e-06, 9.58950522545e-07, 2.47623148653e-07, 1.80710884479e-07, 2.15362007339e-07, 3.73650664187e-07, 3.6321165453e-07, 4.96137545269e-07, 3.31813510002e-07, 1.33284481763e-06, 1.69455649512e-08, 1.75822929549e-08, 1.47450522903e-08, 1.68882525742e-08, 2.33967023533e-09, 1.66480595976e-09, 2.01892658147e-09, 1.20945375937e-09, 6.82604972546e-10, 4.1061753997e-10, 4.20691537162e-10, 1.36072417223e-10, 1.30734950643e-10, 1.09334395704e-10, 5.34773753058e-11, 7.22261625508e-11, 1.022965046e-10, 2.12657752519e-10, 6.31112828664e-10, 1.61638302743e-09, 1.6980827855e-09, 7.34486083065e-10, 4.40939618152e-10, 1.8442429528e-10, 5.13302317318e-11, 1.14843551335e-11, 4.98077013661e-12]
    },
    "mfcc": {
        "mean": [-655.061828613, 103.517623901, -2.59370017052, 7.02333974838, -6.54532718658, 3.89662194252, -10.0484676361, 6.65963983536, -3.98675632477, -0.468049347401, -3.77609825134, -3.72544932365, -5.44279718399],
        "cov": [[9842.48632812, -825.816894531, 1764.11669922, 1135.81396484, 831.875488281, 813.73651123, 699.634094238, 770.957702637, 343.406555176, 265.814544678, 164.773742676, 198.020324707, 27.0409927368], [-825.816894531, 997.16607666, -252.86756897, -20.8725547791, 27.4570903778, -82.7364730835, 67.8243103027, 27.8302249908, -12.4566488266, -19.1498641968, 28.0060443878, -14.7616014481, -9.10261917114], [1764.11669922, -252.86756897, 1209.01159668, 564.847839355, 258.177642822, 343.660675049, 71.751953125, 118.81930542, 30.0619621277, 37.6801948547, 18.3473739624, 39.8940162659, 21.5120563507], [1135.81396484, -20.8725547791, 564.847839355, 546.498535156, 328.440490723, 218.100997925, 70.7323226929, 73.146987915, 41.7668800354, 20.7247886658, 3.27331590652, 38.2900276184, 53.3531761169], [831.875488281, 27.4570903778, 258.177642822, 328.440490723, 465.342834473, 189.330276489, 168.150756836, 97.4796981812, 129.152816772, 66.0250549316, 16.394826889, 53.9674339294, 63.8525238037], [813.73651123, -82.7364730835, 343.660675049, 218.100997925, 189.330276489, 277.014007568, 168.151519775, 139.189178467, 86.0906448364, 66.2373275757, 36.4366989136, 45.4160995483, 16.5032176971], [699.634094238, 67.8243103027, 71.751953125, 70.7323226929, 168.150756836, 168.151519775, 378.854309082, 217.690093994, 170.200714111, 96.6241149902, 64.4537658691, 52.6873703003, 20.5719451904], [770.957702637, 27.8302249908, 118.81930542, 73.146987915, 97.4796981812, 139.189178467, 217.690093994, 268.393188477, 135.590530396, 81.7643737793, 66.5386199951, 36.6197395325, 18.4114437103], [343.406555176, -12.4566488266, 30.0619621277, 41.7668800354, 129.152816772, 86.0906448364, 170.200714111, 135.590530396, 213.552261353, 99.921295166, 47.456199646, 34.4573822021, 25.1367588043], [265.814544678, -19.1498641968, 37.6801948547, 20.7247886658, 66.0250549316, 66.2373275757, 96.6241149902, 81.7643737793, 99.921295166, 140.718215942, 69.944190979, 25.7971286774, -0.108194358647], [164.773742676, 28.0060443878, 18.3473739624, 3.27331590652, 16.394826889, 36.4366989136, 64.4537658691, 66.5386199951, 47.456199646, 69.944190979, 125.227386475, 46.2574043274, -2.43479609489], [198.020324707, -14.7616014481, 39.8940162659, 38.2900276184, 53.9674339294, 45.4160995483, 52.6873703003, 36.6197395325, 34.4573822021, 25.7971286774, 46.2574043274, 103.353630066, 37.9027709961], [27.0409927368, -9.10261917114, 21.5120563507, 53.3531761169, 63.8525238037, 16.5032176971, 20.5719451904, 18.4114437103, 25.1367588043, -0.108194358647, -2.43479609489, 37.9027709961, 106.461265564]],
