{
"lowlevel": {
    "average_loudness": 0.767139911652,
    "barkbands_crest": {
        "dmean": 2.90866351128,
        "dmean2": 4.74584770203,
        "dvar": 7.30495834351,
        "dvar2": 18.4780769348,
        "max": 26.2552108765,
        "mean": 11.1674871445,
        "median": 10.028626442,
        "min": 2.60467267036,
        "var": 24.1250343323
    },
    "barkbands_flatness_db": {
        "dmean": 0.0221047066152,
        "dmean2": 0.0344193652272,
        "dvar": 0.000519959605299,
        "dvar2": 0.00122645671945,
        "max": 0.446293383837,
        "mean": 0.139571383595,
        "median": 0.1279540658,
        "min": 0.0232946015894,
        "var": 0.00363908661529
    },
    "barkbands_kurtosis": {
        "dmean": 3.64550447464,
        "dmean2": 5.80528020859,
        "dvar": 86.0091934204,
        "dvar2": 201.998168945,
        "max": 284.209838867,
        "mean": 5.78171443939,
        "median": 2.75401258469,
        "min": -1.91686570644,
        "var": 161.27041626
    },
    "barkbands_skewness": {
        "dmean": 0.561251163483,
        "dmean2": 0.843901753426,
        "dvar": 0.485862374306,
        "dvar2": 1.04751741886,
        "max": 15.3956661224,
        "mean": 1.52297055721,
        "median": 1.35075616837,
        "min": -7.04129934311,
        "var": 1.99151813984
    },
    "barkbands_spread": {
        "dmean": 5.48316907883,
        "dmean2": 8.42238521576,
        "dvar": 62.579864502,
        "dvar2": 120.523239136,
        "max": 104.566520691,
        "mean": 19.6962909698,
        "median": 15.0946006775,
        "min": 0.44006639719,
        "var": 269.621643066
    },
    "dissonance": {
        "dmean": 0.0234607867897,
        "dmean2": 0.039372112602,
        "dvar": 0.000513893959578,
        "dvar2": 0.00140757055487,
        "max": 0.500000119209,
        "mean": 0.45313256979,
        "median": 0.463463872671,
        "min": 0.186529234052,
        "var": 0.00146613491233
    },
    "dynamic_complexity": 3.24556612968,
    "erbbands_crest": {
        "dmean": 3.20994353294,
        "dmean2": 5.17567539215,
        "dvar": 8.85973453522,
        "dvar2": 21.6862850189,
        "max": 31.6359672546,
        "mean": 11.6088781357,
        "median": 10.3488454819,
        "min": 2.52332353592,
        "var": 33.4832572937
    },
    "erbbands_flatness_db": {
        "dmean": 0.0182552710176,
        "dmean2": 0.0275765303522,
        "dvar": 0.000306935340632,
        "dvar2": 0.000665421248414,
        "max": 0.370504081249,
        "mean": 0.168471172452,
        "median": 0.159565553069,
        "min": 0.0516087338328,
        "var": 0.00279023125768
    },
    "erbbands_kurtosis": {
        "dmean": 1.63881838322,
        "dmean2": 2.56784129143,
        "dvar": 5.74926042557,
        "dvar2": 13.3613023758,
        "max": 48.6055488586,
        "mean": 2.20412158966,
        "median": 0.971356391907,
        "min": -1.83905923367,
        "var": 16.1405849457
    },
    "erbbands_skewness": {
        "dmean": 0.44352248311,
        "dmean2": 0.669802188873,
        "dvar": 0.191204488277,
        "dvar2": 0.393044501543,
        "max": 5.33671569824,
        "mean": 0.882008373737,
        "median": 0.881621897221,
        "min": -5.33415746689,
        "var": 1.08128726482
    },
    "erbbands_spread": {
        "dmean": 7.50295782089,
        "dmean2": 11.6608161926,
        "dvar": 84.6307601929,
        "dvar2": 199.659378052,
        "max": 126.338806152,
        "mean": 31.700428009,
        "median": 28.9075317383,
        "min": 3.62018203735,
        "var": 311.382293701
    },
    "hfc": {
        "dmean": 7.06841135025,
        "dmean2": 9.70535182953,
        "dvar": 223.794174194,
        "dvar2": 350.179199219,
        "max": 489.270019531,
        "mean": 20.6476325989,
        "median": 13.1674356461,
        "min": 1.24301820312e-16,
        "var": 750.182373047
    },
    "melbands_crest": {
        "dmean": 3.37455534935,
        "dmean2": 5.52135753632,
        "dvar": 9.26851844788,
        "dvar2": 24.2339630127,
        "max": 33.5904960632,
        "mean": 14.0708055496,
        "median": 12.8157157898,
        "min": 2.92622447014,
        "var": 32.6500968933
    },
    "melbands_flatness_db": {
        "dmean": 0.0254933387041,
        "dmean2": 0.0393495596945,
        "dvar": 0.00074330746429,
        "dvar2": 0.00171346031129,
        "max": 0.575068235397,
        "mean": 0.200824841857,
        "median": 0.19100061059,
        "min": 0.0119648324326,
        "var": 0.00479462416843
    },
    "melbands_kurtosis": {
        "dmean": 6.23194646835,
        "dmean2": 9.81429576874,
        "dvar": 172.082565308,
        "dvar2": 402.607971191,
        "max": 327.611083984,
        "mean": 11.8045825958,
        "median": 6.37009811401,
        "min": -1.88453722,
        "var": 408.006958008
    },
    "melbands_skewness": {
        "dmean": 0.681093871593,
        "dmean2": 1.04505693913,
        "dvar": 0.633490860462,
        "dvar2": 1.44795203209,
        "max": 13.637556076,
        "mean": 2.16711521149,
        "median": 1.94452273846,
        "min": -3.56856632233,
        "var": 2.75354242325
    },
    "melbands_spread": {
        "dmean": 7.57765436172,
        "dmean2": 11.1668691635,
        "dvar": 225.862243652,
        "dvar2": 384.029571533,
        "max": 265.553283691,
        "mean": 24.0126419067,
        "median": 17.2184104919,
        "min": 0.432813286781,
        "var": 817.03112793
    },
    "pitch_salience": {
        "dmean": 0.0732322111726,
        "dmean2": 0.118548221886,
        "dvar": 0.0045272433199,
        "dvar2": 0.0114412074909,
        "max": 0.837299466133,
        "mean": 0.550983190536,
        "median": 0.567897856236,
        "min": 0.0696120411158,
        "var": 0.0166046675295
    },
    "silence_rate_20dB": {
        "dmean": 0,
        "dmean2": 0,
        "dvar": 0,
        "dvar2": 0,
        "max": 1,
        "mean": 1,
        "median": 1,
        "min": 1,
        "var": 0
    },
    "silence_rate_30dB": {
        "dmean": 0.00455854134634,
        "dmean2": 0.00911817606539,
        "dvar": 0.00453744223341,
        "dvar2": 0.0123951220885,
        "max": 1,
        "mean": 0.997121274471,
        "median": 1,
        "min": 0,
        "var": 0.00287009845488
    },
    "silence_rate_60dB": {
        "dmean": 0.0184740889817,
        "dmean2": 0.036952611059,
        "dvar": 0.0181303061545,
        "dvar2": 0.0437516830862,
        "max": 1,
        "mean": 0.047379154712,
        "median": 0,
        "min": 0,
        "var": 0.0451458655298
    },
    "spectral_centroid": {
        "dmean": 232.547744751,
        "dmean2": 345.277893066,
        "dvar": 117736.03125,
        "dvar2": 190389.640625,
        "max": 11168.8359375,
        "mean": 1223.390625,
        "median": 1072.75463867,
        "min": 121.207939148,
        "var": 556525.375
    },
    "spectral_complexity": {
        "dmean": 2.64419388771,
        "dmean2": 4.26082801819,
        "dvar": 6.65473985672,
        "dvar2": 15.6304073334,
        "max": 55,
        "mean": 15.4766702652,
        "median": 15,
        "min": 0,
        "var": 56.9227676392
    },
    "spectral_decrease": {
        "dmean": 2.10067629958e-09,
        "dmean2": 3.19241655333e-09,
        "dvar": 9.7628314397e-18,
        "dvar2": 2.24017566344e-17,
        "max": 9.33049141256e-29,
        "mean": -6.11210104751e-09,
        "median": -4.59880222792e-09,
        "min": -5.09707653862e-08,
        "var": 2.62619785969e-17
    },
    "spectral_energy": {
        "dmean": 0.00842576567084,
        "dmean2": 0.0127179166302,
        "dvar": 0.000147158178152,
        "dvar2": 0.000335468503181,
        "max": 0.193964794278,
        "mean": 0.0249412935227,
        "median": 0.0192902907729,
        "min": 1.09223755359e-20,
        "var": 0.000413192028645
    },
    "spectral_energyband_high": {
        "dmean": 0.000557027640752,
        "dmean2": 0.000745038792957,
        "dvar": 3.92431957152e-06,
        "dvar2": 5.91430170971e-06,
        "max": 0.0661161988974,
        "mean": 0.00107220350765,
        "median": 0.000264865084318,
        "min": 7.97999877741e-21,
        "var": 1.17447625598e-05
    },
    "spectral_energyband_low": {
        "dmean": 0.00334976217709,
        "dmean2": 0.00544447265565,
        "dvar": 8.1640901044e-05,
        "dvar2": 0.000205737364013,
        "max": 0.192795276642,
        "mean": 0.00584006588906,
        "median": 0.00357751804404,
        "min": 1.06208862265e-22,
        "var": 0.000104109436506
    },
    "spectral_energyband_middle_high": {
        "dmean": 0.00142505217809,
        "dmean2": 0.00202090572566,
        "dvar": 7.70515453041e-06,
        "dvar2": 1.37045171869e-05,
        "max": 0.0855666100979,
        "mean": 0.00440554926172,
        "median": 0.00231828936376,
        "min": 1.43984982587e-21,
        "var": 4.44402867288e-05
    },
    "spectral_energyband_middle_low": {
        "dmean": 0.0056830663234,
        "dmean2": 0.00859786570072,
        "dvar": 7.42863339838e-05,
        "dvar2": 0.000162129304954,
        "max": 0.134735807776,
        "mean": 0.0146198952571,
        "median": 0.00916622113436,
        "min": 4.40313935007e-22,
        "var": 0.00023377231264
    },
    "spectral_entropy": {
        "dmean": 0.16521692276,
        "dmean2": 0.248282030225,
        "dvar": 0.0321717076004,
        "dvar2": 0.0649483576417,
        "max": 9.79348087311,
        "mean": 7.56220340729,
        "median": 7.61745023727,
        "min": 5.60182857513,
        "var": 0.257211476564
    },
    "spectral_flux": {
        "dmean": 0.0227128975093,
        "dmean2": 0.0366429872811,
        "dvar": 0.000689034408424,
        "dvar2": 0.00167375628371,
        "max": 0.383306711912,
        "mean": 0.078285202384,
        "median": 0.0705052167177,
        "min": 1.0451017135e-10,
        "var": 0.00171869969927
    },
    "spectral_kurtosis": {
        "dmean": 1.42344594002,
        "dmean2": 2.39043879509,
        "dvar": 2.8864004612,
        "dvar2": 8.12345981598,
        "max": 43.906036377,
        "mean": 4.52846574783,
        "median": 4.02246904373,
        "min": -1.18750166893,
        "var": 9.26264953613
    },
    "spectral_rms": {
        "dmean": 0.000781864044257,
        "dmean2": 0.00115949043538,
        "dvar": 7.8098588574e-07,
        "dvar2": 1.64937910085e-06,
        "max": 0.0137562332675,
        "mean": 0.00455008354038,
        "median": 0.00433817878366,
        "min": 3.26434929435e-12,
        "var": 3.62971240975e-06
    },
    "spectral_rolloff": {
        "dmean": 419.954925537,
        "dmean2": 684.452270508,
        "dvar": 981094.125,
        "dvar2": 1722365.875,
        "max": 18863.0859375,
        "mean": 1421.46594238,
        "median": 861.328125,
        "min": 64.599609375,
        "var": 3238216.5
    },
    "spectral_skewness": {
        "dmean": 0.21473684907,
        "dmean2": 0.339784443378,
        "dvar": 0.0519922710955,
        "dvar2": 0.117959134281,
        "max": 5.43403053284,
        "mean": 1.62399351597,
        "median": 1.61972117424,
        "min": -0.361265480518,
        "var": 0.296692311764
    },
    "spectral_spread": {
        "dmean": 479323.03125,
        "dmean2": 709735.5,
        "dvar": 481523990528,
        "dvar2": 832162234368,
        "max": 40032908,
        "mean": 4686139,
        "median": 4408706,
        "min": 1855403.5,
        "var": 2.00136628634e+12
    },
    "spectral_strongpeak": {
        "dmean": 0.619142234325,
        "dmean2": 0.990696012974,
        "dvar": 0.757094562054,
        "dvar2": 1.72313439846,
        "max": 13.8194408417,
        "mean": 1.27131462097,
        "median": 0.6436008811,
        "min": 0,
        "var": 2.30243062973
    },
    "zerocrossingrate": {
        "dmean": 0.010720632039,
        "dmean2": 0.0117000034079,
        "dvar": 0.000289866293315,
        "dvar2": 0.000237780070165,
        "max": 0.49462890625,
        "mean": 0.059847574681,
        "median": 0.0478515625,
        "min": 0.00341796875,
        "var": 0.00240361946635
    },
    "barkbands": {
        "dmean": [0.000126384693431, 0.00300972536206, 0.00061711698072, 0.000474144879263, 0.00200806465, 0.000860104628373, 0.00120643246919, 0.00151452538557, 0.00169648148585, 0.000988311250694, 0.000349154724972, 0.000433427572716, 0.000252404337516, 0.000201629532967, 0.00012766601867, 9.02459796635e-05, 0.000115271817776, 8.2370461314e-05, 7.89757978055e-05, 6.46726039122e-05, 7.48918682802e-05, 0.000120203905681, 0.000203149058507, 0.0001564201375, 3.7687139411e-05, 1.18930647659e-05, 2.16452372115e-06],
        "dmean2": [0.000210285841604, 0.0049693537876, 0.001028104336, 0.000812770507764, 0.0030759354122, 0.00132766726892, 0.00183845555875, 0.0023870698642, 0.00257139187306, 0.00154730887152, 0.000521771900821, 0.000651589536574, 0.000391380366636, 0.0003178260813, 0.000207885648706, 0.000146320497151, 0.000187668192666, 0.000133906549308, 0.000125830134493, 0.000104539947642, 0.000117602008686, 0.000177466907189, 0.000278743740637, 0.000215088963159, 5.25937939528e-05, 1.70527328009e-05, 3.38413769896e-06],
        "dvar": [8.57045989733e-08, 6.86580242473e-05, 4.55056215287e-06, 7.58331736961e-07, 1.8480082872e-05, 6.07646006756e-06, 1.43774132084e-05, 1.7766993551e-05, 1.65105575434e-05, 7.18140836398e-06, 9.1769180699e-07, 2.01102352548e-06, 7.10075482857e-07, 4.05835720585e-07, 1.11050141527e-07, 3.62834420287e-08, 3.37315029242e-08, 1.92152800338e-08, 1.70305689551e-08, 1.91525373339e-08, 3.81308993269e-08, 1.74850512735e-07, 8.73526289524e-07, 4.49387442814e-07, 1.54323043233e-08, 9.60185819743e-10, 7.01196253838e-11],
        "dvar2": [2.39177325057e-07, 0.000175899651367, 1.16944947877e-05, 2.17627029997e-06, 3.87762593164e-05, 1.24700145534e-05, 3.11343283101e-05, 4.23613746534e-05, 3.64068582712e-05, 1.70196472027e-05, 1.66333563811e-06, 4.07200195696e-06, 1.45978060573e-06, 7.68167865317e-07, 2.70675542424e-07, 8.32512370152e-08, 8.23129084893e-08, 4.59979929701e-08, 4.10187865896e-08, 4.62972877813e-08, 8.21245365046e-08, 3.25952100866e-07, 1.51578797158e-06, 7.29975113245e-07, 2.7624968979e-08, 2.14907114326e-09, 1.88879550889e-10],
        "max": [0.00641229795292, 0.142210245132, 0.0680711045861, 0.0158048849553, 0.123218208551, 0.0823800936341, 0.0873821228743, 0.0924560129642, 0.0890689641237, 0.0972440317273, 0.0362444147468, 0.0643343031406, 0.0252075046301, 0.0234292373061, 0.00797985494137, 0.00564694916829, 0.00449826661497, 0.0029388719704, 0.00369660370052, 0.00418885797262, 0.00440953252837, 0.010461397469, 0.0440434664488, 0.0266447905451, 0.00380116840824, 0.000658474978991, 0.000260315922787],
        "mean": [0.000180319242645, 0.0043697510846, 0.000982594792731, 0.000709249346983, 0.00373311433941, 0.00154902483337, 0.00182920321822, 0.00247651757672, 0.00292239803821, 0.00199194741435, 0.000625860120635, 0.000764707976487, 0.000403756508604, 0.000316582561936, 0.000208862373256, 0.000168575148564, 0.000228771343245, 0.000164934972418, 0.00016788339417, 0.000134485264425, 0.000131085078465, 0.000196690714802, 0.000330233277055, 0.000261405482888, 6.98319490766e-05, 2.1152478439e-05, 2.3934753699e-06],
        "median": [6.63512328174e-05, 0.0023099782411, 0.000407965562772, 0.000366782012861, 0.00135812012013, 0.000584859983064, 0.00036562565947, 0.00076791131869, 0.000700704462361, 0.000464776356239, 0.000175959808985, 0.000192767402041, 0.000108822423499, 0.000112054513011, 0.000109797983896, 9.97079478111e-05, 0.000144055651617, 0.0001063023592, 0.000100674107671, 7.36787260394e-05, 5.311852874e-05, 4.62594180135e-05, 4.28887433372e-05, 3.17064186675e-05, 1.64762568602e-05, 5.54763028049e-06, 2.35964421336e-07],
        "min": [1.94566057836e-23, 3.45541145108e-23, 4.04801890921e-23, 2.05214622983e-23, 3.69622733516e-23, 2.48219564558e-22, 3.83067605468e-23, 1.1161184318e-23, 5.05918081753e-23, 6.23216902085e-23, 1.12481682235e-22, 1.06244910053e-22, 5.61281854694e-23, 5.35574960386e-23, 1.30774558834e-22, 2.54284251466e-22, 1.29695472846e-22, 1.65663390182e-22, 2.82009216053e-22, 2.01130866782e-22, 6.0015341125e-22, 4.41696221261e-22, 4.59598491805e-22, 5.38165857277e-22, 1.41924907043e-21, 1.94594279493e-21, 2.76927427113e-21],
        "var": [1.17526468557e-07, 7.41880212445e-05, 5.86743362874e-06, 1.01086732229e-06, 5.00908608956e-05, 1.61032057804e-05, 2.63443362201e-05, 3.84099839721e-05, 3.95352872147e-05, 3.53836658178e-05, 3.26252461491e-06, 6.01201691097e-06, 1.87982448097e-06, 8.43549457841e-07, 1.78498012815e-07, 6.39229469357e-08, 7.75478810056e-08, 4.06305815659e-08, 4.31961204583e-08, 4.64169858105e-08, 7.59744906986e-08, 4.01379878667e-07, 2.05325864044e-06, 1.2467974102e-06, 4.18862065032e-08, 1.96863281232e-09, 6.50483278353e-11]
    },
    "erbbands": {
        "dmean": [0.0994158759713, 0.640407085419, 0.703603923321, 1.11233866215, 3.62839007378, 8.20701599121, 8.78698444366, 6.44861364365, 13.0616197586, 23.9112815857, 35.2383651733, 36.3384857178, 44.4763412476, 13.8661813736, 13.3603553772, 18.9066429138, 11.290391922, 10.6590614319, 7.17953681946, 5.47341060638, 5.54570770264, 4.74649763107, 4.14817810059, 4.08888101578, 3.77048230171, 3.16281247139, 2.74269008636, 3.38801240921, 3.88172292709, 5.25925445557, 6.00804805756, 4.29193019867, 2.01937103271, 0.637318015099, 0.180420026183, 0.0644294545054, 0.0191921815276, 0.0050148316659, 0.00031169137219, 1.53783712449e-05],
        "dmean2": [0.16806447506, 1.04457092285, 1.14760875702, 1.87103223801, 5.90378141403, 12.4262857437, 13.3433427811, 10.0857725143, 19.8704166412, 37.2483100891, 55.016582489, 54.622882843, 68.9710998535, 20.4914951324, 19.6345119476, 28.4717082977, 16.9623794556, 16.6626434326, 11.1210517883, 8.95567798615, 9.09694194794, 7.57357978821, 6.66765642166, 6.59528923035, 6.01336622238, 5.1039056778, 4.35790109634, 5.33546829224, 5.79261016846, 7.48588609695, 8.33370018005, 5.81121492386, 2.81603217125, 0.889093399048, 0.256509721279, 0.094300724566, 0.0278513710946, 0.00734679959714, 0.000481928931549, 2.24783725571e-05],
        "dvar": [0.0670199468732, 3.40757417679, 7.04711580276, 4.61599493027, 64.8268280029, 442.979217529, 536.931518555, 381.271850586, 1749.53491211, 6297.203125, 9585.92480469, 9482.58105469, 14141.2900391, 961.79675293, 1126.47058105, 4443.22070312, 1444.16271973, 821.170471191, 490.457244873, 240.675613403, 81.3183288574, 58.8541145325, 49.1760787964, 43.7082977295, 46.3911857605, 44.9094581604, 41.1539154053, 93.230430603, 154.95098877, 470.319458008, 911.188781738, 359.096160889, 73.7990264893, 5.39174604416, 0.267215937376, 0.0275095198303, 0.0027500174474, 0.000263582303887, 1.42906276324e-06, 8.53412229773e-10],
        "dvar2": [0.175636321306, 8.72083568573, 18.7073764801, 12.5083112717, 165.273040771, 883.85357666, 990.005249023, 908.09576416, 3713.02929688, 14876.1376953, 22249.6054688, 19419.8496094, 34252.1953125, 1768.15026855, 2029.39172363, 9382.46191406, 2726.609375, 1708.93530273, 871.711669922, 566.571777344, 199.600891113, 136.859863281, 114.226158142, 108.998222351, 105.307556152, 116.830108643, 90.2149963379, 200.271133423, 292.545349121, 852.939819336, 1659.7010498, 607.178466797, 126.538917542, 9.68992996216, 0.503946900368, 0.0597853139043, 0.00627763941884, 0.000652583490591, 3.8566299736e-06, 2.04701100515e-09],
        "max": [4.92131996155, 37.6526031494, 89.4495239258, 34.3411560059, 155.622436523, 747.981079102, 930.191833496, 570.180786133, 1246.94372559, 1848.70568848, 2595.07348633, 2718.01171875, 3580.77832031, 1068.59130859, 1059.08789062, 3179.66381836, 1193.94921875, 994.992492676, 1005.03533936, 475.952453613, 197.178070068, 244.47833252, 152.122116089, 117.208618164, 267.60067749, 245.393753052, 155.913131714, 246.036819458, 310.984039307, 682.556884766, 1668.42419434, 618.638244629, 335.652435303, 70.0848083496, 14.8293771744, 4.74763584137, 1.10075044632, 0.504880070686, 0.035506490618, 0.000908666639589],
        "mean": [0.141426503658, 0.914718747139, 1.18456304073, 1.94792318344, 5.7306470871, 15.0796928406, 15.799826622, 10.7642679214, 19.6308078766, 38.7206611633, 60.9412651062, 65.1514663696, 93.2354202271, 28.5735225677, 25.8877487183, 33.9293670654, 20.934463501, 18.2487812042, 12.214425087, 10.0361785889, 11.6107883453, 10.5616884232, 8.93909454346, 8.96353340149, 8.15479469299, 6.67435598373, 4.96828746796, 5.65101480484, 6.41838026047, 8.57115077972, 9.66425609589, 7.01566982269, 3.35730481148, 1.13110291958, 0.342915207148, 0.117726787925, 0.0324595086277, 0.00720883253962, 0.000378571887268, 3.99148484576e-05],
        "median": [0.0727028027177, 0.440845072269, 0.61014765501, 1.17496371269, 2.28170728683, 4.05478382111, 5.12777996063, 4.27188014984, 5.30320262909, 8.24905109406, 21.6585521698, 18.532623291, 22.4073734283, 10.3454961777, 8.87517738342, 8.82496356964, 5.96577072144, 6.7592716217, 5.95981407166, 5.43753480911, 7.4835691452, 7.44377326965, 6.14002847672, 5.79946279526, 4.93507814407, 3.69283628464, 2.46655702591, 1.89047181606, 1.62262129784, 1.43834686279, 1.22417187691, 0.779944300652, 0.449346482754, 0.21923853457, 0.0949448049068, 0.0336846597493, 0.0081181731075, 0.00143551779911, 5.94548073423e-05, 2.82773307845e-05],
        "min": [1.5070533029e-21, 5.8560966363e-21, 3.721474913e-20, 8.04315272471e-20, 7.45095667584e-20, 9.18384836035e-20, 5.056748438e-19, 2.49639035004e-18, 1.45468272037e-18, 2.31415770481e-19, 3.02943163723e-19, 7.93087950016e-19, 2.65752947606e-18, 2.36881221621e-18, 4.29053000262e-18, 4.09119850015e-18, 2.90462817737e-18, 2.51800375227e-18, 4.52402199644e-18, 7.89227332661e-18, 1.44577704574e-17, 8.41673726784e-18, 8.2942409181e-18, 1.37915277592e-17, 1.20461890744e-17, 1.10031912498e-17, 2.40186167992e-17, 1.95145803136e-17, 1.35485417999e-17, 1.47869933043e-17, 1.23921854897e-17, 1.28556291444e-17, 9.401925921e-18, 1.4208390392e-17, 1.10827387277e-17, 6.63829109263e-18, 3.96237215078e-18, 1.23326673631e-18, 4.19944656043e-19, 4.02247689062e-20],
        "var": [0.0760447904468, 3.54961633682, 8.10089206696, 6.70480489731, 104.408042908, 1238.02294922, 1869.53442383, 589.049499512, 3135.99194336, 12348.9091797, 23099.6191406, 22222.2910156, 60134.8320312, 3113.11499023, 3921.45507812, 12582.4042969, 4570.46826172, 2002.51416016, 1030.27648926, 395.792938232, 188.655776978, 149.990615845, 109.670593262, 106.971549988, 128.22026062, 115.014717102, 80.5090713501, 187.287796021, 358.361633301, 1104.13122559, 1939.5378418, 945.181274414, 190.26399231, 14.382979393, 0.714039921761, 0.0618506930768, 0.0050881896168, 0.000345103733707, 1.384847792e-06, 1.68194813632e-09]
    },
    "gfcc": {
        "mean": [-9.03369045258, 89.2357559204, -117.688117981, 22.3379955292, -68.8103942871, 15.7061033249, -32.0992660522, 16.4471683502, -18.65209198, -1.34418201447, -15.9576025009, -0.27678540349, -11.356007576],
        "cov": [[4909.07128906, -470.983520508, 620.934753418, 593.295898438, -22.6485176086, 367.05770874, 62.3196296692, 171.754013062, -27.2755832672, 229.137588501, 33.3523826599, 146.080963135, -53.3204231262], [-470.983520508, 1348.35229492, 98.9725875854, 51.8932151794, 261.116149902, -159.450088501, 123.232131958, -35.3554382324, 32.1983680725, -67.5493469238, 150.654556274, -49.6377906799, 26.4638538361], [620.934753418, 98.9725875854, 789.986999512, 463.873016357, 67.794090271, 139.619293213, -39.6691894531, -24.3785171509, 18.4161472321, 49.5728378296, 47.0605773926, 36.9398078918, 15.5309352875], [593.295898438, 51.8932151794, 463.873016357, 607.64263916, 140.985137939, 148.892944336, 10.5715494156, 6.78175735474, 55.9805259705, 78.3328933716, 42.0919113159, 24.1232261658, 53.7468414307], [-22.6485176086, 261.116149902, 67.794090271, 140.985137939, 380.030853271, 136.741470337, 158.218948364, 125.183410645, 44.520111084, 90.63722229, 9.33845329285, 1.33473348618, 20.361869812], [367.05770874, -159.450088501, 139.619293213, 148.892944336, 136.741470337, 364.359466553, 198.063491821, 143.381072998, 54.9783706665, 67.870765686, 3.09961819649, 9.98973464966, -7.48368644714], [62.3196296692, 123.232131958, -39.6691894531, 10.5715494156, 158.218948364, 198.063491821, 320.775848389, 165.988677979, 59.3668289185, 51.5229034424, 27.6948337555, -9.77707576752, 3.10640525818], [171.754013062, -35.3554382324, -24.3785171509, 6.78175735474, 125.183410645, 143.381072998, 165.988677979, 201.620956421, 69.4862976074, 81.5032806396, 0.119369827211, 7.97380161285, 2.16929507256], [-27.2755832672, 32.1983680725, 18.4161472321, 55.9805259705, 44.520111084, 54.9783706665, 59.3668289185, 69.4862976074, 132.219833374, 38.5206375122, 22.5438232422, -2.89107298851, 6.34631729126], [229.137588501, -67.5493469238, 49.5728378296, 78.3328933716, 90.63722229, 67.870765686, 51.5229034424, 81.5032806396, 38.5206375122, 147.655914307, 17.250169754, 19.4107017517, 9.57904720306], [33.3523826599, 150.654556274, 47.0605773926, 42.0919113159, 9.33845329285, 3.09961819649, 27.6948337555, 0.119369827211, 22.5438232422, 17.250169754, 101.574104309, 23.3399982452, 6.3699965477], [146.080963135, -49.6377906799, 36.9398078918, 24.1232261658, 1.33473348618, 9.98973464966, -9.77707576752, 7.97380161285, -2.89107298851, 19.4107017517, 23.3399982452, 70.0266265869, 19.8359394073], [-53.3204231262, 26.4638538361, 15.5309352875, 53.7468414307, 20.361869812, -7.48368644714, 3.10640525818, 2.16929507256, 6.34631729126, 9.57904720306, 6.3699965477, 19.8359394073, 75.4910202026]],
        "icov": [[0.000311108044116, -5.78373146709e-05, -2.75983766187e-05, -0.000349674955942, 0.000370171590475, -0.00015616886958, 2.77238596027e-05, -0.000385741877835, 0.000392432470107, -0.000347174907802, 0.000179013470188, -0.000592400960159, 0.000540882116184], [-5.78373146709e-05, 0.00203394494019, -0.000648016226478, 0.000389621010982, -0.00209101685323, 0.00194704264868, -0.00122326496057, 0.000585018133279, -0.000370947876945, 0.00175225269049, -0.00302384723909, 0.00195969082415, -0.000558328058105], [-2.75983766187e-05, -0.000648016226478, 0.00274733058177, -0.00193399179261, 0.000701142824255, -0.00126719754189, 0.00100452778861, 7.43505415812e-06, 0.000409609434428, -0.000415428366978, 0.000381590012694, -0.0011419741204, 0.000949246692471], [-0.000349674955942, 0.000389621010982, -0.00193399179261, 0.0043804612942, -0.00164337526076, -0.000581990927458, 0.000278623047052, 0.00180934590753, -0.00159260362852, -0.00025794384419, -0.00109293789137, 0.0016734249657, -0.00296316877939], [0.000370171590475, -0.00209101685323, 0.000701142824255, -0.00164337526076, 0.00656382832676, -0.00197637197562, -0.000114505499369, -0.00213982653804, 0.00125167611986, -0.00330568407662, 0.00354549498297, -0.00208052061498, 0.000681832083501], [-0.00015616886958, 0.00194704264868, -0.00126719754189, -0.000581990927458, -0.00197637197562, 0.00763612566516, -0.00411928398535, -0.00101904745679, -0.000512123166118, 0.00169535854366, -0.00134123128373, 0.000700512086041, 0.00112810730934], [2.77238596027e-05, -0.00122326496057, 0.00100452778861, 0.000278623047052, -0.000114505499369, -0.00411928398535, 0.00876021385193, -0.00470868637785, 0.000580088584684, 0.000303927692585, -0.00148850097321, 0.00149278412573, -0.000913244148251], [-0.000385741877835, 0.000585018133279, 7.43505415812e-06, 0.00180934590753, -0.00213982653804, -0.00101904745679, -0.00470868637785, 0.0142501881346, -0.00456382194534, -0.00337143591605, 0.00190437072888, -0.00124018697534, -0.000530194782186], [0.000392432470107, -0.000370947876945, 0.000409609434428, -0.00159260362852, 0.00125167611986, -0.000512123166118, 0.000580088584684, -0.00456382194534, 0.0109395049512, -0.00109556317329, -0.00189822923858, 0.0012225486571, 0.000234022780205], [-0.000347174907802, 0.00175225269049, -0.000415428366978, -0.00025794384419, -0.00330568407662, 0.00169535854366, 0.000303927692585, -0.00337143591605, -0.00109556317329, 0.0121018411592, -0.00392497330904, 0.00063580297865, -0.000725665886421], [0.000179013470188, -0.00302384723909, 0.000381590012694, -0.00109293789137, 0.00354549498297, -0.00134123128373, -0.00148850097321, 0.00190437072888, -0.00189822923858, -0.00392497330904, 0.0174721442163, -0.00805199891329, 0.00210238853469], [-0.000592400960159, 0.00195969082415, -0.0011419741204, 0.0016734249657, -0.00208052061498, 0.000700512086041, 0.00149278412573, -0.00124018697534, 0.0012225486571, 0.00063580297865, -0.00805199891329, 0.0216630771756, -0.00665324088186], [0.000540882116184, -0.000558328058105, 0.000949246692471, -0.00296316877939, 0.000681832083501, 0.00112810730934, -0.000913244148251, -0.000530194782186, 0.000234022780205, -0.000725665886421, 0.00210238853469, -0.00665324088186, 0.0173626877367]]
    },
    "melbands": {
        "dmean": [0.000874471210409, 0.000492016493808, 0.000245859584538, 0.000408933556173, 0.000331769988406, 0.000152383508976, 0.000214229847188, 0.000262515764916, 0.000297809368931, 0.000238182095927, 0.000220005298615, 5.68309005757e-05, 4.8769172281e-05, 4.6855515393e-05, 4.10273387388e-05, 2.23306014959e-05, 2.04715579457e-05, 1.25101196318e-05, 8.1210719145e-06, 6.71608313496e-06, 7.77224795456e-06, 5.95776054979e-06, 4.75956858281e-06, 4.22972152592e-06, 3.55328256774e-06, 3.17986200571e-06, 2.52661470768e-06, 2.13285352402e-06, 1.76000389729e-06, 1.86242561995e-06, 2.18807645069e-06, 2.26470433518e-06, 2.57452688857e-06, 3.20957519762e-06, 3.69012605006e-06, 3.29716363012e-06, 2.54462929661e-06, 1.64280277204e-06, 9.04605201413e-07, 4.46208645144e-07],
        "dmean2": [0.00145543098915, 0.000801121466793, 0.000409235304687, 0.000634004944004, 0.000498869689181, 0.000237302301684, 0.000323910062434, 0.000412725377828, 0.000463662523543, 0.000356305536116, 0.000341642124113, 8.423160034e-05, 7.21956021152e-05, 7.19384115655e-05, 6.05919776717e-05, 3.45973821823e-05, 3.24557331624e-05, 1.92618481378e-05, 1.32245622808e-05, 1.10106520879e-05, 1.28315641632e-05, 9.62236299529e-06, 7.65294589655e-06, 7.01516501067e-06, 5.78822528041e-06, 5.11399412062e-06, 4.04716183766e-06, 3.50595041709e-06, 2.86517365566e-06, 2.95594577437e-06, 3.49280071532e-06, 3.50820164385e-06, 3.76471007257e-06, 4.60378350908e-06, 5.24600318386e-06, 4.55628742202e-06, 3.5491689232e-06, 2.35516063185e-06, 1.26428824387e-06, 6.45092370632e-07],
        "dvar": [5.49744845557e-06, 2.5514148092e-06, 1.9882405411e-07, 9.76823002929e-07, 6.01537408329e-07, 1.95731999497e-07, 4.40036870941e-07, 7.02287707099e-07, 6.67277163302e-07, 3.66899371329e-07, 3.45469402419e-07, 1.77028596227e-08, 1.70032308233e-08, 2.24072227439e-08, 1.94694980138e-08, 4.90460028146e-09, 3.1777227516e-09, 2.09037764876e-09, 6.25740625981e-10, 2.53928239546e-10, 1.56084090097e-10, 9.70025032521e-11, 7.96712834594e-11, 5.19944781674e-11, 3.45530791479e-11, 3.12559630955e-11, 3.23846817418e-11, 1.93707792862e-11, 1.52227778993e-11, 2.51448532135e-11, 3.96981059136e-11, 5.02520247636e-11, 1.0513481058e-10, 1.84245299573e-10, 3.36852906679e-10, 2.55429843943e-10, 1.27979404851e-10, 5.02144784087e-11, 1.37389301325e-11, 2.32628109484e-12],
        "dvar2": [1.41299360621e-05, 6.62282081976e-06, 5.39416305401e-07, 2.11344399759e-06, 1.12254406304e-06, 4.53438701697e-07, 9.3267669854e-07, 1.69343513789e-06, 1.55244367761e-06, 7.68530185269e-07, 8.34580646369e-07, 3.1937759104e-08, 2.91262320928e-08, 4.58498981004e-08, 3.8247584655e-08, 1.02996988716e-08, 6.69761091032e-09, 3.41121841885e-09, 1.50313439473e-09, 5.48927681088e-10, 3.95726368341e-10, 2.34666813759e-10, 1.85588863721e-10, 1.29889057843e-10, 8.79372755169e-11, 7.33015731447e-11, 6.93198415336e-11, 5.14294232201e-11, 3.51382360708e-11, 5.5809010191e-11, 8.75170769188e-11, 1.041944378e-10, 2.11721487564e-10, 3.48650525117e-10, 6.24897245061e-10, 4.65211896783e-10, 2.26106841583e-10, 9.11064210185e-11, 2.56556165201e-11, 4.64139794307e-12],
        "max": [0.0362667739391, 0.0468423180282, 0.00709601212293, 0.0305082481354, 0.0241428613663, 0.0110414391384, 0.0169214755297, 0.020527549088, 0.0214954987168, 0.0171743296087, 0.0182628408074, 0.00393726630136, 0.00523750530556, 0.00572736235335, 0.0049618515186, 0.0018541936297, 0.00186409486923, 0.00230281893164, 0.000870280142408, 0.000488521589432, 0.000218661458348, 0.000268688396318, 0.000233144382946, 0.000174537621206, 9.92224304355e-05, 0.000143872923218, 0.000257932086242, 0.000156355032232, 9.48057568166e-05, 0.000112838184577, 0.000153931949171, 0.000162415817613, 0.00030703865923, 0.000461470772279, 0.000885413435753, 0.000829255150165, 0.000432896835264, 0.00028377972194, 0.000118768162793, 4.92982580909e-05],
        "mean": [0.00126873608679, 0.000841027183924, 0.000426197977504, 0.000737037451472, 0.000609738286585, 0.000257027626503, 0.000322693726048, 0.000421951612225, 0.00049840088468, 0.000419615855208, 0.000456076639239, 0.000105534134491, 9.13174590096e-05, 8.03261063993e-05, 7.32279659132e-05, 3.69269691873e-05, 3.28577079927e-05, 1.96329110622e-05, 1.36510225275e-05, 1.21079101518e-05, 1.48801209434e-05, 1.18192765513e-05, 8.8619235612e-06, 8.21796038508e-06, 7.04341437086e-06, 6.22721881882e-06, 5.21378524354e-06, 4.12931740357e-06, 2.95654376714e-06, 3.04525133288e-06, 3.40179985869e-06, 3.49288598045e-06, 4.05988612329e-06, 5.00805117554e-06, 5.70493284613e-06, 5.13159648108e-06, 3.99069631385e-06, 2.58814907284e-06, 1.46828415382e-06, 7.66973698774e-07],
        "median": [0.000669100321829, 0.000457799178548, 0.000253266276559, 0.000237619620748, 0.000193829109776, 9.47603039094e-05, 8.3339822595e-05, 9.76481387625e-05, 0.000164930184837, 0.000107338921225, 0.00010317354463, 3.48730827682e-05, 2.64733153017e-05, 2.27503714996e-05, 1.70945913851e-05, 1.13607366075e-05, 1.16018263725e-05, 8.56771748659e-06, 7.20884690963e-06, 6.99158499629e-06, 8.99651695363e-06, 7.59743215895e-06, 5.20621551914e-06, 5.17249645782e-06, 4.26949418397e-06, 3.48961430063e-06, 2.93884659186e-06, 2.12315171666e-06, 1.45425565279e-06, 1.18762716284e-06, 1.01627267668e-06, 8.83094514847e-07, 8.25008442007e-07, 7.42974293644e-07, 7.18788783161e-07, 5.47006436591e-07, 4.22116102072e-07, 3.20858760006e-07, 2.32304586234e-07, 1.60245591019e-07],
        "min": [1.15666667119e-23, 1.61718079069e-23, 1.28226768457e-23, 5.38992368936e-24, 1.38261047617e-23, 5.42809382866e-23, 2.04476612052e-23, 1.9536544609e-24, 2.38049644709e-24, 6.66285331185e-24, 1.31668134713e-23, 8.61742580963e-24, 1.57222139889e-23, 1.23363914293e-23, 9.27181906267e-24, 5.00184238374e-24, 4.42501151263e-24, 6.11145531632e-24, 1.08492631941e-23, 1.19574983811e-23, 1.78981511119e-23, 8.4256127028e-24, 7.37612950944e-24, 8.43458757332e-24, 1.1544371925e-23, 9.6966798247e-24, 7.59539813121e-24, 6.33547998049e-24, 1.40613541277e-23, 1.37485392243e-23, 1.14456696486e-23, 6.53657758574e-24, 1.00964847867e-23, 7.46701338547e-24, 6.50551658203e-24, 8.24067609649e-24, 8.14045684051e-24, 6.63403543412e-24, 7.29902703342e-24, 1.29000704114e-23],
        "var": [6.07086440141e-06, 2.98230247608e-06, 3.02709111111e-07, 2.27878217629e-06, 1.98496240955e-06, 3.43175969419e-07, 7.98909695732e-07, 1.33152150283e-06, 1.57225133535e-06, 8.72368502769e-07, 1.50423750256e-06, 5.22612602083e-08, 6.78699905166e-08, 5.77674370561e-08, 5.70457423521e-08, 1.26532846423e-08, 6.90928647629e-09, 4.36395897196e-09, 9.77337988317e-10, 4.56951698702e-10, 3.3001573696e-10, 2.16099457773e-10, 1.52822005051e-10, 1.08992183334e-10, 7.45066577879e-11, 7.6556740114e-11, 7.54991000274e-11, 4.54915098647e-11, 2.71878561331e-11, 4.51275440627e-11, 7.66394447904e-11, 1.01028144184e-10, 2.13159837004e-10, 4.09123845913e-10, 6.98698376933e-10, 5.6066284948e-10, 3.25094340337e-10, 1.19488696715e-10, 3.27609328554e-11, 5.59004101688e-12]
    },
    "mfcc": {
        "mean": [-650.743469238, 119.719543457, 3.50336098671, 10.4802446365, -6.47549343109, -2.44209289551, -2.83940315247, 10.7770862579, 0.828632235527, 6.2188501358, 0.39174669981, 0.676985144615, -3.20403146744],
        "cov": [[4523.1015625, -668.520812988, 561.88848877, 289.510101318, 120.935180664, 226.594619751, 172.422317505, 94.3213043213, 66.4861221313, 114.613220215, 106.992713928, 86.6374282837, 109.64377594], [-668.520812988, 1238.42248535, -200.124710083, 139.444213867, 41.8972320557, -68.738899231, 97.4731750488, 41.3415184021, -52.7776679993, 5.34388256073, 47.8943519592, 6.86528587341, 36.7081336975], [561.88848877, -200.124710083, 827.784179688, 283.878875732, 169.367553711, 166.822860718, -7.36281585693, 2.72980713844, -50.6285820007, -12.6030216217, -34.365196228, 46.9886474609, 54.6071510315], [289.510101318, 139.444213867, 283.878875732, 447.719818115, 206.428085327, 112.470329285, 47.426990509, -31.5547065735, 25.2420597076, 15.4457416534, 6.33315563202, 37.8526611328, 58.3053207397], [120.935180664, 41.8972320557, 169.367553711, 206.428085327, 266.715606689, 121.795852661, 52.7651443481, 9.87969017029, 54.6250267029, 37.3507461548, 22.1347484589, 32.143245697, 36.7354621887], [226.594619751, -68.738899231, 166.822860718, 112.470329285, 121.795852661, 220.948165894, 130.033721924, 73.4289779663, 83.2113189697, 62.8417892456, 49.246887207, 42.0938453674, 29.0482273102], [172.422317505, 97.4731750488, -7.36281585693, 47.426990509, 52.7651443481, 130.033721924, 270.189788818, 115.265663147, 126.821151733, 83.1743164062, 83.4912872314, 56.674446106, 36.539855957], [94.3213043213, 41.3415184021, 2.72980713844, -31.5547065735, 9.87969017029, 73.4289779663, 115.265663147, 181.588104248, 81.7817993164, 66.8781280518, 55.0853004456, 31.6288204193, 22.3698101044], [66.4861221313, -52.7776679993, -50.6285820007, 25.2420597076, 54.6250267029, 83.2113189697, 126.821151733, 81.7817993164, 215.629730225, 100.476074219, 69.557800293, 43.9755363464, 32.4504776001], [114.613220215, 5.34388256073, -12.6030216217, 15.4457416534, 37.3507461548, 62.8417892456, 83.1743164062, 66.8781280518, 100.476074219, 131.490661621, 73.2494354248, 36.7060050964, 21.5086402893], [106.992713928, 47.8943519592, -34.365196228, 6.33315563202, 22.1347484589, 49.246887207, 83.4912872314, 55.0853004456, 69.557800293, 73.2494354248, 122.833435059, 53.7464637756, 27.4010353088], [86.6374282837, 6.86528587341, 46.9886474609, 37.8526611328, 32.143245697, 42.0938453674, 56.674446106, 31.6288204193, 43.9755363464, 36.7060050964, 53.7464637756, 94.2504043579, 50.6911239624], [109.64377594, 36.7081336975, 54.6071510315, 58.3053207397, 36.7354621887, 29.0482273102, 36.539855957, 22.3698101044, 32.4504776001, 21.5086402893, 27.4010353088, 50.6911239624, 87.520904541]],
