{
"lowlevel": {
    "average_loudness": 0.717103242874,
    "barkbands_crest": {
        "dmean": 3.06770586967,
        "dmean2": 4.90719461441,
        "dvar": 7.42950963974,
        "dvar2": 17.450838089,
        "max": 26.2025909424,
        "mean": 10.4597187042,
        "median": 9.51051521301,
        "min": 1.99814403057,
        "var": 23.351398468
    },
    "barkbands_flatness_db": {
        "dmean": 0.0252345651388,
        "dmean2": 0.0380922518671,
        "dvar": 0.000548673269805,
        "dvar2": 0.00123208097648,
        "max": 0.412170231342,
        "mean": 0.122953638434,
        "median": 0.116431929171,
        "min": 0.0148039739579,
        "var": 0.00347498524934
    },
    "barkbands_kurtosis": {
        "dmean": 2.66693472862,
        "dmean2": 4.3248591423,
        "dvar": 39.3323287964,
        "dvar2": 97.8365478516,
        "max": 180.03793335,
        "mean": 2.90465760231,
        "median": 0.842472553253,
        "min": -1.89687144756,
        "var": 64.9885864258
    },
    "barkbands_skewness": {
        "dmean": 0.608397066593,
        "dmean2": 0.939557731152,
        "dvar": 0.390889406204,
        "dvar2": 0.926603615284,
        "max": 12.2027750015,
        "mean": 1.11853969097,
        "median": 0.92750954628,
        "min": -2.50639438629,
        "var": 1.39400136471
    },
    "barkbands_spread": {
        "dmean": 6.7830119133,
        "dmean2": 10.3644828796,
        "dvar": 55.4106674194,
        "dvar2": 125.646583557,
        "max": 96.6851882935,
        "mean": 23.910615921,
        "median": 21.61759758,
        "min": 0.476117402315,
        "var": 215.657669067
    },
    "dissonance": {
        "dmean": 0.0213640742004,
        "dmean2": 0.0363571494818,
        "dvar": 0.000487233628519,
        "dvar2": 0.00133752380498,
        "max": 0.500000059605,
        "mean": 0.467538326979,
        "median": 0.476415723562,
        "min": 0.252515166998,
        "var": 0.000882231222931
    },
    "dynamic_complexity": 4.04346609116,
    "erbbands_crest": {
        "dmean": 3.34511685371,
        "dmean2": 5.45431232452,
        "dvar": 9.53927326202,
        "dvar2": 23.562166214,
        "max": 32.5032424927,
        "mean": 10.4046058655,
        "median": 9.33479881287,
        "min": 2.34099125862,
        "var": 26.7414093018
    },
    "erbbands_flatness_db": {
        "dmean": 0.0209408029914,
        "dmean2": 0.0306577496231,
        "dvar": 0.000375541218091,
        "dvar2": 0.00072631216608,
        "max": 0.416770637035,
        "mean": 0.169306620955,
        "median": 0.163867816329,
        "min": 0.0406324490905,
        "var": 0.00406748056412
    },
    "erbbands_kurtosis": {
        "dmean": 1.46665120125,
        "dmean2": 2.30558919907,
        "dvar": 4.76879930496,
        "dvar2": 10.95378685,
        "max": 70.0807113647,
        "mean": 1.51348674297,
        "median": 0.484559059143,
        "min": -1.86693358421,
        "var": 11.317606926
    },
    "erbbands_skewness": {
        "dmean": 0.436238318682,
        "dmean2": 0.677574813366,
        "dvar": 0.15729381144,
        "dvar2": 0.375579893589,
        "max": 5.14405155182,
        "mean": 0.456571191549,
        "median": 0.383197933435,
        "min": -4.04584264755,
        "var": 0.71284365654
    },
    "erbbands_spread": {
        "dmean": 7.98734951019,
        "dmean2": 12.1360788345,
        "dvar": 75.7089920044,
        "dvar2": 159.403457642,
        "max": 130.211883545,
        "mean": 30.7462253571,
        "median": 26.8667964935,
        "min": 0.998704254627,
        "var": 322.749938965
    },
    "hfc": {
        "dmean": 8.49732017517,
        "dmean2": 12.0608177185,
        "dvar": 227.21786499,
        "dvar2": 444.180969238,
        "max": 245.356658936,
        "mean": 20.7645549774,
        "median": 10.5225276947,
        "min": 1.11087603409e-16,
        "var": 715.818725586
    },
    "melbands_crest": {
        "dmean": 3.98318552971,
        "dmean2": 6.23182821274,
        "dvar": 11.8663806915,
        "dvar2": 29.0014343262,
        "max": 33.4394493103,
        "mean": 14.4679069519,
        "median": 13.361869812,
        "min": 1.77285480499,
        "var": 40.9530410767
    },
    "melbands_flatness_db": {
        "dmean": 0.0306124836206,
        "dmean2": 0.0460724905133,
        "dvar": 0.000817205291241,
        "dvar2": 0.0019248140743,
        "max": 0.539265096188,
        "mean": 0.171628147364,
        "median": 0.168293148279,
        "min": 0.00541956163943,
        "var": 0.004703450948
    },
    "melbands_kurtosis": {
        "dmean": 5.97630929947,
        "dmean2": 9.63424015045,
        "dvar": 147.166107178,
        "dvar2": 376.091766357,
        "max": 295.029449463,
        "mean": 8.63341426849,
        "median": 3.57834815979,
        "min": -1.71581697464,
        "var": 277.356231689
    },
    "melbands_skewness": {
        "dmean": 0.795498430729,
        "dmean2": 1.22132849693,
        "dvar": 0.736897647381,
        "dvar2": 1.74249482155,
        "max": 14.141084671,
        "mean": 1.91936945915,
        "median": 1.56061315536,
        "min": -2.83904266357,
        "var": 2.77514648438
    },
    "melbands_spread": {
        "dmean": 10.0759983063,
        "dmean2": 15.6399707794,
        "dvar": 136.462631226,
        "dvar2": 308.359436035,
        "max": 193.953811646,
        "mean": 29.7616386414,
        "median": 25.3277359009,
        "min": 0.468978226185,
        "var": 439.649505615
    },
    "pitch_salience": {
        "dmean": 0.0834786742926,
        "dmean2": 0.13361133635,
        "dvar": 0.00521785533056,
        "dvar2": 0.0130234919488,
        "max": 0.987196981907,
        "mean": 0.560244441032,
        "median": 0.576116919518,
        "min": 0.0789559707046,
        "var": 0.0179104488343
    },
    "silence_rate_20dB": {
        "dmean": 0,
        "dmean2": 0,
        "dvar": 0,
        "dvar2": 0,
        "max": 1,
        "mean": 1,
        "median": 1,
        "min": 1,
        "var": 0
    },
    "silence_rate_30dB": {
        "dmean": 0.0113715482876,
        "dmean2": 0.0227457359433,
        "dvar": 0.0112426085398,
        "dvar2": 0.0278001371771,
        "max": 1,
        "mean": 0.98886179924,
        "median": 1,
        "min": 0,
        "var": 0.01101342123
    },
    "silence_rate_60dB": {
        "dmean": 0.0654444172978,
        "dmean2": 0.13090403378,
        "dvar": 0.061156552285,
        "dvar2": 0.132336854935,
        "max": 1,
        "mean": 0.15036547184,
        "median": 0,
        "min": 0,
        "var": 0.127743795514
    },
    "spectral_centroid": {
        "dmean": 292.396331787,
        "dmean2": 458.379821777,
        "dvar": 108686.976562,
        "dvar2": 249557.9375,
        "max": 11364.1640625,
        "mean": 1599.72839355,
        "median": 1556.98876953,
        "min": 139.939254761,
        "var": 470704.8125
    },
    "spectral_complexity": {
        "dmean": 3.70457172394,
        "dmean2": 5.76650810242,
        "dvar": 19.7980804443,
        "dvar2": 41.2510604858,
        "max": 50,
        "mean": 14.935839653,
        "median": 13,
        "min": 0,
        "var": 73.6825180054
    },
    "spectral_decrease": {
        "dmean": 2.12905026942e-09,
        "dmean2": 3.21720672325e-09,
        "dvar": 1.67233188935e-17,
        "dvar2": 3.98857028427e-17,
        "max": 7.48902432959e-29,
        "mean": -4.51018777881e-09,
        "median": -2.3917203773e-09,
        "min": -9.62136041949e-08,
        "var": 3.49885851669e-17
    },
    "spectral_energy": {
        "dmean": 0.0086432825774,
        "dmean2": 0.0129284448922,
        "dvar": 0.000261918234173,
        "dvar2": 0.00060958735412,
        "max": 0.366003066301,
        "mean": 0.0189059022814,
        "median": 0.0101151298732,
        "min": 1.01676935882e-20,
        "var": 0.000584398338106
    },
    "spectral_energyband_high": {
        "dmean": 0.000370758207282,
        "dmean2": 0.000554740952794,
        "dvar": 5.81660685839e-07,
        "dvar2": 1.36715891585e-06,
        "max": 0.0148483971134,
        "mean": 0.000827479409054,
        "median": 0.00038139501703,
        "min": 7.23009331305e-21,
        "var": 1.35724496886e-06
    },
    "spectral_energyband_low": {
        "dmean": 0.0038772476837,
        "dmean2": 0.00657958909869,
        "dvar": 0.000164923869306,
        "dvar2": 0.000451885542134,
        "max": 0.363028556108,
        "mean": 0.00566613441333,
        "median": 0.000359207275324,
        "min": 3.73729070072e-23,
        "var": 0.000223190698307
    },
    "spectral_energyband_middle_high": {
        "dmean": 0.00429340684786,
        "dmean2": 0.00610159803182,
        "dvar": 0.000100276207377,
        "dvar2": 0.000201849121368,
        "max": 0.202748566866,
        "mean": 0.00820770487189,
        "median": 0.00246262783185,
        "min": 1.36074563108e-21,
        "var": 0.000240242836298
    },
    "spectral_energyband_middle_low": {
        "dmean": 0.00297594442964,
        "dmean2": 0.00478880945593,
        "dvar": 3.19650825986e-05,
        "dvar2": 7.8327866504e-05,
        "max": 0.104062430561,
        "mean": 0.00466842856258,
        "median": 0.00255546090193,
        "min": 1.92557816764e-22,
        "var": 3.97996627726e-05
    },
    "spectral_entropy": {
        "dmean": 0.170594662428,
        "dmean2": 0.254841595888,
        "dvar": 0.0267562493682,
        "dvar2": 0.0554912947118,
        "max": 9.83084964752,
        "mean": 7.71557760239,
        "median": 7.77495098114,
        "min": 5.88906574249,
        "var": 0.202254787087
    },
    "spectral_flux": {
        "dmean": 0.0246556792408,
        "dmean2": 0.0370379388332,
        "dvar": 0.00095841800794,
        "dvar2": 0.00205711275339,
        "max": 0.526326835155,
        "mean": 0.0767147317529,
        "median": 0.0613399259746,
        "min": 6.55734008759e-11,
        "var": 0.00304187089205
    },
    "spectral_kurtosis": {
        "dmean": 1.31885874271,
        "dmean2": 2.15429019928,
        "dvar": 2.86262106895,
        "dvar2": 7.87514877319,
        "max": 33.7008857727,
        "mean": 4.83354234695,
        "median": 4.05116605759,
        "min": -1.25636684895,
        "var": 9.44779396057
    },
    "spectral_rms": {
        "dmean": 0.000854774552863,
        "dmean2": 0.0012308077421,
        "dvar": 1.12336942948e-06,
        "dvar2": 2.17659294321e-06,
        "max": 0.0188964586705,
        "mean": 0.00369027629495,
        "median": 0.00314140412956,
        "min": 3.14955570305e-12,
        "var": 4.82665109303e-06
    },
    "spectral_rolloff": {
        "dmean": 683.663757324,
        "dmean2": 1111.11584473,
        "dvar": 1150247.625,
        "dvar2": 2366460.25,
        "max": 19315.2832031,
        "mean": 2055.16821289,
        "median": 1636.5234375,
        "min": 64.599609375,
        "var": 3222058.5
    },
    "spectral_skewness": {
        "dmean": 0.192611992359,
        "dmean2": 0.304657578468,
        "dvar": 0.041145786643,
        "dvar2": 0.0993127524853,
        "max": 3.99397778511,
        "mean": 1.69618678093,
        "median": 1.62763834,
        "min": -0.0447640009224,
        "var": 0.196525707841
    },
    "spectral_spread": {
        "dmean": 541357.0625,
        "dmean2": 780528.875,
        "dvar": 639586729984,
        "dvar2": 1.01465515622e+12,
        "max": 41982692,
        "mean": 5072436,
        "median": 4947539.5,
        "min": 1480779.25,
        "var": 4.35111985152e+12
    },
    "spectral_strongpeak": {
        "dmean": 0.828192710876,
        "dmean2": 1.3571972847,
        "dvar": 2.19373559952,
        "dvar2": 5.08166837692,
        "max": 19.1105442047,
        "mean": 1.33461546898,
        "median": 0.505019783974,
        "min": 0,
        "var": 4.17554330826
    },
    "zerocrossingrate": {
        "dmean": 0.0135073959827,
        "dmean2": 0.0151636349037,
        "dvar": 0.000269554555416,
        "dvar2": 0.0002980241552,
        "max": 0.701171875,
        "mean": 0.0809703916311,
        "median": 0.072265625,
        "min": 0.00244140625,
        "var": 0.00225228071213
    },
    "barkbands": {
        "dmean": [0.000129150866996, 0.00277876737528, 0.00115237082355, 0.000930297770537, 0.000678346899804, 0.000405138765927, 0.000422382581746, 0.000572441436816, 0.000757577363402, 0.00107895862311, 0.001368453959, 0.000475061446195, 0.00105031905696, 0.000665588479023, 0.000782802642789, 0.000387207488529, 0.000241123241722, 0.000172238753294, 0.000151711137732, 0.00012259351206, 9.63937563938e-05, 5.35890831088e-05, 7.37949594622e-05, 7.47594385757e-05, 5.571026486e-05, 2.70300115517e-05, 1.10639130071e-05],
        "dmean2": [0.000187036290299, 0.00452348124236, 0.00200635567307, 0.00162016157992, 0.00116543052718, 0.000682171201333, 0.000705407932401, 0.000960183038842, 0.00126692454796, 0.00174406473525, 0.00207223067991, 0.000732573564164, 0.00160064268857, 0.00106765178498, 0.00122506695334, 0.000614029879216, 0.000379204982892, 0.000272871780908, 0.000248796597589, 0.000195508066099, 0.000153820117703, 8.4916187916e-05, 0.000113521396997, 0.000113473048259, 8.68644347065e-05, 4.30372274423e-05, 1.72350173671e-05],
        "dvar": [1.85275553122e-07, 0.000116636125313, 2.27007531066e-05, 7.5915945672e-06, 2.87067837235e-06, 8.42268491397e-07, 1.53150699589e-06, 4.52673748441e-06, 6.71210545988e-06, 2.44796592597e-05, 3.89436245314e-05, 5.37037567483e-06, 1.50931073222e-05, 7.7910390246e-06, 7.84439635027e-06, 1.90979540093e-06, 4.72096132853e-07, 1.45725607581e-07, 1.23280941011e-07, 7.18037966863e-08, 7.90553968955e-08, 1.2478280631e-08, 2.36721593438e-08, 3.0980682908e-08, 1.92460767323e-08, 5.24303755967e-09, 6.18958329035e-10],
        "dvar2": [5.22420236848e-07, 0.000298346334603, 6.0403446696e-05, 2.09935824387e-05, 7.86424698163e-06, 2.15581576413e-06, 3.96985433326e-06, 1.1584665117e-05, 1.6302059521e-05, 6.15842873231e-05, 8.4440333012e-05, 1.20289478218e-05, 3.16835212288e-05, 1.89659494936e-05, 1.83252559509e-05, 4.21229697167e-06, 1.04988271232e-06, 3.22732688574e-07, 3.03341636254e-07, 1.62695044992e-07, 1.90402047906e-07, 3.11144567888e-08, 5.3781732845e-08, 6.66219293066e-08, 4.94544032392e-08, 1.40786404756e-08, 1.49259749005e-09],
        "max": [0.0137129472569, 0.274396538734, 0.0967528000474, 0.0283198226243, 0.0158135518432, 0.0179743785411, 0.0299617853016, 0.069446593523, 0.08366137743, 0.187218487263, 0.162896901369, 0.0896937549114, 0.093509376049, 0.0756197273731, 0.0761708542705, 0.0300190169364, 0.0152041995898, 0.00802682340145, 0.0063584856689, 0.0067912475206, 0.0109506808221, 0.00257545569912, 0.0029873191379, 0.00566212786362, 0.00258461618796, 0.00105388520751, 0.0004142888356],
        "mean": [0.000173124310095, 0.00405244762078, 0.00107870041393, 0.00084653502563, 0.000797657994553, 0.00055441132281, 0.000497041852213, 0.000725197663996, 0.00106383312959, 0.0013391248649, 0.00177291047294, 0.000634650990833, 0.00140726543032, 0.000768655096181, 0.000939686433412, 0.000472219311632, 0.000380831072107, 0.00026347397943, 0.000224799936404, 0.000202333758352, 0.000155239089509, 9.44656130741e-05, 0.000141293843626, 0.000140900767292, 0.000104857856059, 5.22541922692e-05, 2.19591802306e-05],
        "median": [4.92132357977e-06, 5.82381617278e-05, 5.74766017962e-05, 0.000112255380373, 0.000245829403866, 0.000209241246921, 0.000166452926351, 0.000177219582838, 0.000311502924887, 0.000138967036037, 0.000222708811634, 0.000119055774121, 0.000182410032721, 0.0001256710093, 0.000142160643009, 0.000107869775093, 0.000121390025015, 9.76092778728e-05, 7.59424001444e-05, 6.42252125544e-05, 5.39310458407e-05, 3.99008094973e-05, 4.84048177896e-05, 4.73169784527e-05, 3.23106578435e-05, 1.20184922707e-05, 2.12325835491e-06],
        "min": [1.0656882699e-24, 6.61296495934e-24, 1.19798050009e-23, 1.79185297557e-24, 2.32916262531e-23, 9.11691912418e-24, 1.28737153574e-23, 2.71088389765e-23, 1.26551054345e-23, 2.59371880501e-23, 2.29608679196e-23, 4.19257135921e-23, 2.01798839486e-23, 3.94201304295e-23, 7.81832722535e-23, 5.59893017739e-23, 9.69616138531e-23, 1.17883258978e-22, 2.10080802985e-22, 1.98578037162e-22, 4.08433831773e-22, 3.9534901487e-22, 4.51586896182e-22, 7.0791655669e-22, 1.0413640476e-21, 1.35272656337e-21, 2.10817036139e-21],
        "var": [2.39822043113e-07, 0.000146145859617, 2.08845140151e-05, 5.50788217879e-06, 2.58959084931e-06, 1.19693413581e-06, 1.56403189067e-06, 5.30271790922e-06, 9.12245923246e-06, 3.29822178173e-05, 5.6179225794e-05, 8.24074413686e-06, 2.66676179308e-05, 9.3196549642e-06, 1.00066508821e-05, 2.64874984168e-06, 9.15610144148e-07, 2.89189216574e-07, 1.8074980801e-07, 1.54861282908e-07, 1.27586588405e-07, 2.37365203049e-08, 5.6280136107e-08, 6.3673688544e-08, 3.29497851226e-08, 8.0795619084e-09, 1.37198241656e-09]
    },
    "erbbands": {
        "dmean": [0.0946917533875, 0.589745402336, 1.20169317722, 2.20271706581, 2.89001655579, 2.04507231712, 2.99958825111, 3.10153031349, 4.90941238403, 8.81127262115, 12.2411346436, 16.6787071228, 24.3260688782, 44.3859825134, 40.4621124268, 23.4053630829, 35.5078468323, 39.8740196228, 26.472070694, 40.2830543518, 17.6245803833, 13.1942024231, 8.93890476227, 7.71863222122, 6.97036457062, 5.39314174652, 5.03060531616, 3.00175905228, 1.86074721813, 2.05179142952, 2.11651134491, 1.74433791637, 1.21467041969, 0.716779947281, 0.361163437366, 0.136255159974, 0.0412105284631, 0.0157691128552, 0.00206966442056, 7.33262568247e-05],
        "dmean2": [0.140809416771, 0.996638774872, 2.11743021011, 3.7423157692, 4.8772444725, 3.59791755676, 4.98445320129, 5.27458286285, 8.19131660461, 14.6819391251, 20.5292110443, 28.0399246216, 39.4596366882, 70.1125488281, 59.9824752808, 35.1755752563, 53.4272270203, 61.5459136963, 40.6437416077, 63.30027771, 27.6483592987, 20.5964107513, 13.9687623978, 12.1808176041, 11.5488176346, 8.61666679382, 7.77865600586, 4.92053318024, 2.92616772652, 3.2860262394, 3.24992728233, 2.63294625282, 1.86905789375, 1.11400616169, 0.579185366631, 0.220104932785, 0.0649345815182, 0.025766838342, 0.00319603737444, 0.000112303634523],
        "dvar": [0.106252007186, 6.22581338882, 27.2084236145, 43.8836936951, 74.3598937988, 25.9592227936, 56.4715499878, 49.031463623, 313.270019531, 891.799865723, 1683.38989258, 4114.43164062, 8001.87304688, 24906.90625, 34792.90625, 10523.2480469, 17037.328125, 18780.2617188, 11719.453125, 21058.265625, 3084.42602539, 1246.82214355, 435.98828125, 278.373687744, 281.266265869, 142.016189575, 173.224441528, 83.2489547729, 15.0641860962, 20.9870567322, 19.9554214478, 15.3023958206, 8.88913059235, 2.90494012833, 0.89306229353, 0.138163924217, 0.0103364624083, 0.00179252377711, 2.0321482225e-05, 2.1856902066e-08],
        "dvar2": [0.237321361899, 16.8042831421, 75.2934417725, 115.598457336, 200.845672607, 72.0026168823, 137.690750122, 130.463821411, 817.231994629, 2142.40380859, 4280.796875, 10186.9228516, 19833.3964844, 59649.7148438, 72613.890625, 23600.5488281, 34318.2460938, 44573.09375, 27579.7265625, 48956.7890625, 6793.79199219, 2752.62670898, 940.730163574, 628.017822266, 730.116882324, 333.427825928, 391.443267822, 212.899414062, 36.485748291, 52.8935470581, 44.8194351196, 32.7674865723, 20.1712436676, 7.2293920517, 2.34826803207, 0.368864089251, 0.0263092126697, 0.00490001263097, 4.7503363021e-05, 4.97039778224e-08],
        "max": [8.45306396484, 72.5386810303, 140.362075806, 79.1428527832, 82.0933761597, 46.8348770142, 216.356491089, 130.789901733, 469.152862549, 1090.18908691, 1774.78283691, 2300.08959961, 3837.53222656, 3120.69775391, 5349.72949219, 4591.66064453, 2964.98852539, 4310.38964844, 3632.67626953, 3369.18652344, 1548.01879883, 898.600891113, 499.898040771, 429.911773682, 267.987976074, 308.33102417, 480.008728027, 327.147186279, 113.192565918, 76.263420105, 101.960853577, 132.493484497, 74.191619873, 43.3865242004, 14.2719964981, 6.19859600067, 1.46302163601, 0.565584480762, 0.0949912965298, 0.00279034744017],
        "mean": [0.14603190124, 0.796671390533, 1.24308729172, 2.10451126099, 3.03986525536, 2.36773347855, 4.16235303879, 4.10670661926, 5.85966300964, 10.4811258316, 17.6140651703, 23.4046554565, 33.3048210144, 60.0976486206, 52.5597572327, 33.341884613, 50.9769859314, 53.456489563, 34.9128723145, 50.4121932983, 24.9917125702, 21.7536811829, 14.3108625412, 12.7586259842, 10.7243785858, 8.95044517517, 8.24631309509, 4.78581047058, 3.38117194176, 3.57361364365, 4.06503534317, 3.27483129501, 2.22241592407, 1.36215722561, 0.639373660088, 0.240447923541, 0.083589181304, 0.030321393162, 0.00414554029703, 0.000151238869876],
        "median": [0.00142937141936, 0.0143616590649, 0.086055599153, 0.234935626388, 0.59283053875, 0.776273190975, 1.14574933052, 1.76286387444, 2.01133942604, 3.59220504761, 4.87474107742, 7.04897022247, 7.15986871719, 10.9814100266, 7.74252223969, 6.88018465042, 8.57007026672, 9.28130435944, 6.96428060532, 7.95834493637, 7.89677143097, 7.18450737, 5.46009063721, 4.9077372551, 3.82233858109, 2.90756392479, 2.59813189507, 1.71586823463, 1.46026086807, 1.37043571472, 1.37558019161, 1.04775166512, 0.765309512615, 0.429885596037, 0.180793330073, 0.0610288232565, 0.0182802509516, 0.00477813836187, 0.000372792739654, 3.34325559379e-05],
        "min": [3.78328299544e-22, 8.81293693861e-22, 8.69645108677e-21, 1.72592381876e-20, 3.28721769299e-20, 6.71032500475e-20, 1.31073631073e-19, 5.99189279336e-20, 2.33819945082e-19, 2.26524858314e-19, 6.61937274824e-19, 2.90105708357e-19, 1.55012085489e-18, 9.52361783759e-19, 2.07927811551e-18, 2.27659460601e-18, 1.40886591002e-18, 2.61799996216e-18, 4.73326064111e-18, 4.66262065757e-18, 3.23138023576e-18, 6.10231734678e-18, 6.74897116731e-18, 7.18356152139e-18, 1.06216616369e-17, 9.17545214109e-18, 1.3067661178e-17, 1.57401270543e-17, 1.48225405639e-17, 1.28291717725e-17, 1.37417099796e-17, 1.22732675233e-17, 1.19772750032e-17, 9.56694679884e-18, 7.20161887416e-18, 4.9777189819e-18, 2.1087606937e-18, 1.17937085292e-18, 2.8825388361e-19, 2.92831016443e-20],
        "var": [0.175804391503, 6.56550359726, 25.3951778412, 35.5089035034, 61.3612442017, 23.8439655304, 117.881767273, 53.3662261963, 299.451934814, 989.897521973, 2459.63989258, 5021.07617188, 11267.0566406, 35147.515625, 50552.3125, 17401.0117188, 30586.3125, 32304.7929688, 14868.2929688, 28455.9121094, 4780.51904297, 2651.0300293, 907.411193848, 504.628265381, 393.632232666, 286.015594482, 304.785064697, 121.29914093, 30.2643795013, 36.4137001038, 48.973815918, 34.3362770081, 16.4636116028, 5.51298666, 1.32971990108, 0.191906049848, 0.0192047674209, 0.00271397992037, 4.91167993459e-05, 5.63702293732e-08]
    },
    "gfcc": {
        "mean": [-25.3431491852, 51.2382507324, -132.935699463, 3.50618696213, -60.7382965088, 14.121386528, -38.7515830994, 8.29066085815, -24.2076835632, -2.17609572411, -17.8766498566, -3.67246961594, -11.7472791672],
        "cov": [[7558.69433594, -1412.55847168, 953.487121582, 762.37689209, 774.945678711, 525.376647949, 306.583190918, 174.888198853, 21.0615253448, 294.156921387, 132.86265564, 297.815185547, -9.41606712341], [-1412.55847168, 1710.50268555, 59.3478851318, 202.236068726, 134.307678223, -8.29063796997, 25.2579803467, -14.4446802139, -3.27663612366, -161.017211914, -1.624527812, -145.030670166, 53.1435432434], [953.487121582, 59.3478851318, 1410.67651367, 680.905395508, 563.552001953, 334.354095459, 171.494094849, 128.585098267, 137.545837402, 92.4376449585, 51.4681243896, 158.756027222, -14.2723445892], [762.37689209, 202.236068726, 680.905395508, 735.615478516, 481.717926025, 233.138061523, 140.146499634, 147.531036377, 95.2047576904, 41.8737068176, 55.3266525269, 93.9148101807, 5.97899341583], [774.945678711, 134.307678223, 563.552001953, 481.717926025, 729.463256836, 360.353118896, 323.938354492, 213.77557373, 153.621124268, 112.849723816, 102.974571228, 82.4417572021, 22.8126468658], [525.376647949, -8.29063796997, 334.354095459, 233.138061523, 360.353118896, 408.739257812, 256.038909912, 118.254493713, 86.0452194214, 95.2826080322, 56.4650192261, 45.1453552246, -2.25124573708], [306.583190918, 25.2579803467, 171.494094849, 140.146499634, 323.938354492, 256.038909912, 366.998138428, 177.137512207, 110.662338257, 105.647911072, 64.3383560181, 45.3220176697, 14.9217767715], [174.888198853, -14.4446802139, 128.585098267, 147.531036377, 213.77557373, 118.254493713, 177.137512207, 264.008575439, 148.316070557, 59.4038925171, 39.0614204407, 59.7294273376, 10.8248529434], [21.0615253448, -3.27663612366, 137.545837402, 95.2047576904, 153.621124268, 86.0452194214, 110.662338257, 148.316070557, 216.270004272, 82.3495941162, 36.8727645874, 59.4184684753, 15.6202230453], [294.156921387, -161.017211914, 92.4376449585, 41.8737068176, 112.849723816, 95.2826080322, 105.647911072, 59.4038925171, 82.3495941162, 157.351516724, 51.8256797791, 45.6358184814, 9.14416408539], [132.86265564, -1.624527812, 51.4681243896, 55.3266525269, 102.974571228, 56.4650192261, 64.3383560181, 39.0614204407, 36.8727645874, 51.8256797791, 130.254653931, 47.4917640686, 21.6256408691], [297.815185547, -145.030670166, 158.756027222, 93.9148101807, 82.4417572021, 45.1453552246, 45.3220176697, 59.7294273376, 59.4184684753, 45.6358184814, 47.4917640686, 148.616516113, 29.962310791], [-9.41606712341, 53.1435432434, -14.2723445892, 5.97899341583, 22.8126468658, -2.25124573708, 14.9217767715, 10.8248529434, 15.6202230453, 9.14416408539, 21.6256408691, 29.962310791, 89.5001983643]],
        "icov": [[0.000211199541809, 0.000186901597772, -4.40827125203e-06, -0.000170086859725, -0.000142580043757, -7.22631448298e-05, 2.32842994592e-05, 1.13434143714e-05, 0.00024786015274, -0.000134890535264, 1.54341305461e-05, -9.15031705517e-05, -5.14020794071e-05], [0.000186901597772, 0.00104022119194, -3.49829460902e-05, -0.000494114588946, -0.000179125519935, 0.000120763899758, -0.000352804374415, 0.00033017701935, -0.000310224946588, 0.00104809668846, -0.000389074732084, 0.00112323544454, -0.000837948056869], [-4.40827125203e-06, -3.49829460902e-05, 0.00156092247926, -0.000988596118987, -0.000481863535242, -0.000475858483696, 0.00031280706753, 0.000558029045351, -0.000335544522386, -0.000191476981854, 0.000532148929778, -0.00108156132046, 0.000638096069451], [-0.000170086859725, -0.000494114588946, -0.000988596118987, 0.00367345870472, -0.00155276362784, -0.000160366209457, 0.00108481571078, -0.00102585135028, 0.000411540648201, 0.000243709073402, 6.77524003549e-05, -0.000745476805605, 0.000343880412402], [-0.000142580043757, -0.000179125519935, -0.000481863535242, -0.00155276362784, 0.00474422797561, -0.00125535775442, -0.00179597490933, -0.000572812801693, -0.000554746889975, 3.81314384867e-05, -0.00121947110165, 0.000866493792273, -0.000656367570627], [-7.22631448298e-05, 0.000120763899758, -0.000475858483696, -0.000160366209457, -0.00125535775442, 0.00580598693341, -0.00287697603926, 0.00073694245657, -3.37299497915e-05, -0.000514012062922, -4.61437266495e-05, 0.000444701465312, 0.000632743583992], [2.32842994592e-05, -0.000352804374415, 0.00031280706753, 0.00108481571078, -0.00179597490933, -0.00287697603926, 0.00768787460402, -0.00313674891368, 0.000874982739333, -0.00217850832269, -6.49078283459e-05, -0.000252604892012, -0.000157489266712], [1.13434143714e-05, 0.00033017701935, 0.000558029045351, -0.00102585135028, -0.000572812801693, 0.00073694245657, -0.00313674891368, 0.00871028099209, -0.00458560045809, 0.00162161909975, 0.000185385419172, -0.000922242237721, 0.000495260639582], [0.00024786015274, -0.000310224946588, -0.000335544522386, 0.000411540648201, -0.000554746889975, -3.37299497915e-05, 0.000874982739333, -0.00458560045809, 0.0095489108935, -0.00383353303187, 0.00052665558178, -0.00157634960487, -0.000195839515072], [-0.000134890535264, 0.00104809668846, -0.000191476981854, 0.000243709073402, 3.81314384867e-05, -0.000514012062922, -0.00217850832269, 0.00162161909975, -0.00383353303187, 0.0116732921451, -0.00271561485715, 0.000417310540797, -0.00054605276091], [1.54341305461e-05, -0.000389074732084, 0.000532148929778, 6.77524003549e-05, -0.00121947110165, -4.61437266495e-05, -6.49078283459e-05, 0.000185385419172, 0.00052665558178, -0.00271561485715, 0.0105179045349, -0.00297274510376, -0.000749621307477], [-9.15031705517e-05, 0.00112323544454, -0.00108156132046, -0.000745476805605, 0.000866493792273, 0.000444701465312, -0.000252604892012, -0.000922242237721, -0.00157634960487, 0.000417310540797, -0.00297274510376, 0.0116882855073, -0.00381742720492], [-5.14020794071e-05, -0.000837948056869, 0.000638096069451, 0.000343880412402, -0.000656367570627, 0.000632743583992, -0.000157489266712, 0.000495260639582, -0.000195839515072, -0.00054605276091, -0.000749621307477, -0.00381742720492, 0.0134427370504]]
    },
    "melbands": {
        "dmean": [0.000811225734651, 0.000641753314994, 0.000415291870013, 0.000168711441802, 9.43156555877e-05, 7.18262890587e-05, 7.73701467551e-05, 0.000101736535726, 9.84546859399e-05, 0.000113034060632, 0.000131842534756, 0.000185990415048, 0.000180235423613, 5.54057951376e-05, 7.64692740631e-05, 9.62851336226e-05, 7.32307162252e-05, 4.26932929258e-05, 6.15991666564e-05, 3.99653472414e-05, 1.94314816326e-05, 1.65095680131e-05, 7.61757382861e-06, 9.34626405069e-06, 6.38393021291e-06, 6.17381738266e-06, 4.17847968492e-06, 3.9361761992e-06, 3.66066660717e-06, 2.60074511971e-06, 1.61688217304e-06, 1.05765343505e-06, 1.15784632726e-06, 1.2439047623e-06, 1.27891883039e-06, 1.33097580601e-06, 1.09146753857e-06, 9.86693748928e-07, 6.42067220724e-07, 6.58954377286e-07],
        "dmean2": [0.00128128705546, 0.00114516424946, 0.000694948248565, 0.000289555231575, 0.000157149916049, 0.000121503733681, 0.000128781146486, 0.000168761354871, 0.000165728357388, 0.000189972110093, 0.000214758503716, 0.00029592361534, 0.000270438729785, 8.38973501232e-05, 0.000111204550194, 0.000147609433043, 0.000114614864287, 6.63471000735e-05, 9.68326858128e-05, 6.33069503237e-05, 3.09296920022e-05, 2.60020005953e-05, 1.19815567814e-05, 1.48791305037e-05, 1.00788611235e-05, 1.01669256765e-05, 6.87055580784e-06, 6.39316158413e-06, 5.73645229451e-06, 4.17267347075e-06, 2.69646784545e-06, 1.67755354141e-06, 1.86263105206e-06, 2.00755198421e-06, 2.00618501367e-06, 2.07361131288e-06, 1.67527662143e-06, 1.53492169375e-06, 1.00045554063e-06, 1.04937794276e-06],
        "dvar": [8.72027521837e-06, 7.13782992534e-06, 1.35459561079e-06, 2.18021440901e-07, 4.97004677413e-08, 2.6595174063e-08, 6.43298321279e-08, 1.378331973e-07, 9.44259923585e-08, 1.89602474165e-07, 2.58060396163e-07, 4.75830404412e-07, 7.42376357721e-07, 8.49714467677e-08, 1.2919311132e-07, 1.15120769806e-07, 6.74674964785e-08, 4.17321146529e-08, 5.29251806825e-08, 2.02036822827e-08, 4.4847365821e-09, 2.25143970134e-09, 4.43466152689e-10, 5.15707254678e-10, 2.25094429207e-10, 2.29592581058e-10, 8.58757093214e-11, 9.1486568321e-11, 7.56285034598e-11, 8.26048951463e-11, 2.64114667636e-11, 5.31110095139e-12, 6.58913808932e-12, 7.887952444e-12, 7.41451604974e-12, 9.20105658331e-12, 6.82742664487e-12, 6.18793081011e-12, 2.1208475514e-12, 2.59176230824e-12],
        "dvar2": [2.10924717976e-05, 2.05911437661e-05, 3.52888059751e-06, 6.01869430739e-07, 1.24509185184e-07, 6.98139217548e-08, 1.66581784811e-07, 3.37852441135e-07, 2.41893502562e-07, 4.6199602366e-07, 6.43728583327e-07, 1.16010107831e-06, 1.59056571647e-06, 1.88368744602e-07, 2.52753011409e-07, 2.58623600757e-07, 1.61279416488e-07, 9.98190472501e-08, 1.25324930877e-07, 4.4842362712e-08, 9.72724478743e-09, 5.00500618728e-09, 9.1151008963e-10, 1.11133957592e-09, 5.08476094563e-10, 5.70065716854e-10, 2.13053574782e-10, 2.18196724577e-10, 1.63730945468e-10, 2.01037589354e-10, 6.78436959389e-11, 1.27010589546e-11, 1.69630004487e-11, 2.01426011287e-11, 1.74597610675e-11, 2.13076795791e-11, 1.49510612224e-11, 1.40024693229e-11, 5.06714245216e-12, 6.76565010613e-12],
        "max": [0.064547970891, 0.0858367457986, 0.0121034039184, 0.0046214023605, 0.00628737919033, 0.00329116592184, 0.00677327625453, 0.0123747140169, 0.012499964796, 0.0143463937566, 0.0222619138658, 0.0162581447512, 0.0247876960784, 0.0104657653719, 0.0100005492568, 0.0104995016009, 0.00701616890728, 0.0054527008906, 0.00501689035445, 0.00312046706676, 0.00233635958284, 0.00115974899381, 0.00068013148848, 0.000631729722954, 0.000419739430072, 0.000281607441138, 0.000306069705402, 0.000239030196099, 0.000198048233869, 0.000354731571861, 0.000190015503904, 7.33192064217e-05, 7.280074351e-05, 4.6354427468e-05, 6.18530830252e-05, 6.53362294543e-05, 0.000108241161797, 6.65149564156e-05, 4.22872035415e-05, 3.67158645531e-05],
        "mean": [0.00121630658396, 0.000788718869444, 0.000417570554418, 0.000184955264558, 0.000133810885018, 9.58117816481e-05, 9.33825431275e-05, 0.000120538796182, 0.000141403550515, 0.000155112196808, 0.000173576045199, 0.000244424125412, 0.000228604214499, 7.22628174117e-05, 0.000104157428723, 0.00013250928896, 9.18097503018e-05, 5.04244017066e-05, 7.56743902457e-05, 4.79693881061e-05, 2.63326855929e-05, 2.57514875557e-05, 1.13929645522e-05, 1.37384258778e-05, 9.8577420431e-06, 8.80149400473e-06, 6.41645829091e-06, 5.93365894019e-06, 5.67280039832e-06, 3.84413033316e-06, 2.37650419876e-06, 1.82552128081e-06, 1.89063325706e-06, 2.03573654289e-06, 2.31764897762e-06, 2.35617267208e-06, 1.89655679605e-06, 1.67184725797e-06, 1.19467188142e-06, 1.14969827791e-06],
        "median": [1.56961705216e-05, 4.07207407989e-05, 5.91708230786e-05, 4.94097293995e-05, 4.06788494729e-05, 4.00294666179e-05, 3.33614189003e-05, 4.01304569095e-05, 3.6951401853e-05, 4.32824963355e-05, 3.04713248624e-05, 3.89687083953e-05, 2.7415155273e-05, 1.31548449644e-05, 1.34883966894e-05, 2.03276213142e-05, 1.46661677718e-05, 7.41812937122e-06, 1.14426320579e-05, 7.8514449342e-06, 7.95001415099e-06, 7.61914043323e-06, 4.12566396335e-06, 4.66967776447e-06, 3.58116722055e-06, 2.69301676781e-06, 2.35784023062e-06, 1.69396753336e-06, 1.65742324043e-06, 1.09076279386e-06, 8.25851088848e-07, 7.13142412678e-07, 7.41324527098e-07, 6.90669196501e-07, 7.6236528912e-07, 7.00436089573e-07, 5.93185916387e-07, 5.434901027e-07, 4.01763486479e-07, 3.29604233684e-07],
        "min": [2.96979132051e-24, 3.43856974407e-24, 4.04557848912e-24, 4.25643312047e-24, 4.32585879659e-24, 1.35408161736e-24, 4.05615316955e-24, 2.76742700186e-24, 5.35136653489e-24, 1.68665995158e-24, 7.38910390475e-24, 3.74237151716e-24, 4.79270510258e-24, 6.50619184696e-24, 5.86081330192e-24, 2.16061902192e-24, 4.22728116015e-24, 5.30551320592e-24, 7.22793962181e-24, 6.01608321617e-24, 3.42599056808e-24, 5.87965485021e-24, 4.83388561398e-24, 5.71771314485e-24, 4.82959776053e-24, 8.10332989086e-24, 6.38228349243e-24, 5.92994631064e-24, 6.83517129913e-24, 9.09729384258e-24, 8.18365565254e-24, 6.89996754502e-24, 6.67735573073e-24, 6.63394234854e-24, 6.81780058199e-24, 5.69143776582e-24, 8.11201051626e-24, 8.74674851099e-24, 7.55314043024e-24, 7.63979758954e-24],
        "var": [1.25073083836e-05, 7.17975899533e-06, 1.153213816e-06, 1.73587721974e-07, 1.00253799928e-07, 3.01146947379e-08, 6.33180761156e-08, 1.46083664276e-07, 1.43866031976e-07, 2.39654355028e-07, 3.57500510972e-07, 6.53047663945e-07, 1.04839489268e-06, 1.20100338563e-07, 2.33329345178e-07, 2.10988559957e-07, 1.06830086111e-07, 5.00098238376e-08, 6.85712251425e-08, 2.82024466003e-08, 7.04638081217e-09, 4.53398119049e-09, 7.45468520247e-10, 9.85704962098e-10, 3.65682983894e-10, 3.40860284442e-10, 1.48357992558e-10, 1.56771554072e-10, 1.38231925906e-10, 1.31149119342e-10, 3.38420506896e-11, 1.00837671546e-11, 1.04400073656e-11, 1.29927874015e-11, 1.64831724658e-11, 1.98078810298e-11, 1.31462462444e-11, 1.0598816963e-11, 4.18416473344e-12, 4.35066392634e-12]
    },
    "mfcc": {
        "mean": [-668.099243164, 96.036857605, -17.5838737488, -5.84947156906, -2.91858196259, -3.50404071808, -2.28287816048, 1.53560101986, -1.89568901062, 2.97161030769, -5.30822134018, -2.48384141922, -4.56412029266],
        "cov": [[5345.69726562, -1225.64135742, 369.778411865, 506.160522461, 476.272674561, 435.951599121, 408.171234131, 191.409805298, 126.700942993, 153.474777222, 33.3761825562, 117.685081482, 251.383666992], [-1225.64135742, 1233.44616699, 7.32200860977, 98.2532043457, 67.3326187134, 17.2192268372, 44.7624511719, 36.1079139709, 15.5574140549, 2.57056427002, 14.4630279541, -43.4306030273, -68.9701766968], [369.778411865, 7.32200860977, 864.717468262, 380.64465332, 368.017211914, 266.556854248, 86.7266235352, 135.921508789, 62.32837677, -4.7235121727, 52.2780685425, 54.212677002, 66.450088501], [506.160522461, 98.2532043457, 380.64465332, 592.120117188, 412.571289062, 207.165969849, 179.992874146, 188.550064087, 123.230682373, 38.5688972473, 80.4411010742, 83.0916366577, 86.0462493896], [476.272674561, 67.3326187134, 368.017211914, 412.571289062, 526.110229492, 262.266296387, 203.958389282, 211.220840454, 134.974639893, 92.8764648438, 85.2585678101, 88.0691375732, 102.836257935], [435.951599121, 17.2192268372, 266.556854248, 207.165969849, 262.266296387, 393.0887146, 229.684310913, 148.912521362, 118.60042572, 106.878448486, 89.5967330933, 43.8007354736, 88.0223693848], [408.171234131, 44.7624511719, 86.7266235352, 179.992874146, 203.958389282, 229.684310913, 337.971862793, 159.783309937, 107.143074036, 115.249732971, 85.5754241943, 47.0877571106, 74.9077224731], [191.409805298, 36.1079139709, 135.921508789, 188.550064087, 211.220840454, 148.912521362, 159.783309937, 276.39743042, 159.555175781, 85.6798553467, 112.725982666, 79.4434204102, 73.1000595093], [126.700942993, 15.5574140549, 62.32837677, 123.230682373, 134.974639893, 118.60042572, 107.143074036, 159.555175781, 222.644256592, 111.228637695, 102.309738159, 62.8607330322, 59.1851959229], [153.474777222, 2.57056427002, -4.7235121727, 38.5688972473, 92.8764648438, 106.878448486, 115.249732971, 85.6798553467, 111.228637695, 172.287796021, 83.5490875244, 43.8674240112, 50.7355194092], [33.3761825562, 14.4630279541, 52.2780685425, 80.4411010742, 85.2585678101, 89.5967330933, 85.5754241943, 112.725982666, 102.309738159, 83.5490875244, 169.547958374, 77.5339584351, 44.8472061157], [117.685081482, -43.4306030273, 54.212677002, 83.0916366577, 88.0691375732, 43.8007354736, 47.0877571106, 79.4434204102, 62.8607330322, 43.8674240112, 77.5339584351, 127.016944885, 59.0152435303], [251.383666992, -68.9701766968, 66.450088501, 86.0462493896, 102.836257935, 88.0223693848, 74.9077224731, 73.1000595093, 59.1851959229, 50.7355194092, 44.8472061157, 59.0152435303, 120.990974426]],
