{
"lowlevel": {
    "average_loudness": 0.919462203979,
    "barkbands_crest": {
        "dmean": 2.1792538166,
        "dmean2": 3.57511925697,
        "dvar": 4.312520504,
        "dvar2": 10.9217405319,
        "max": 24.6226959229,
        "mean": 9.86689281464,
        "median": 9.33310127258,
        "min": 2.83061432838,
        "var": 11.1295948029
    },
    "barkbands_flatness_db": {
        "dmean": 0.0183541625738,
        "dmean2": 0.0277519896626,
        "dvar": 0.000311286508804,
        "dvar2": 0.000710831955075,
        "max": 0.300358325243,
        "mean": 0.141580954194,
        "median": 0.137242332101,
        "min": 0.0320002473891,
        "var": 0.00151035911404
    },
    "barkbands_kurtosis": {
        "dmean": 3.02784013748,
        "dmean2": 4.7424621582,
        "dvar": 20.9082050323,
        "dvar2": 49.1724205017,
        "max": 97.6567230225,
        "mean": 6.19652700424,
        "median": 4.14899587631,
        "min": -1.92070233822,
        "var": 56.3619117737
    },
    "barkbands_skewness": {
        "dmean": 0.503628909588,
        "dmean2": 0.75605237484,
        "dvar": 0.309887766838,
        "dvar2": 0.670275449753,
        "max": 8.4353017807,
        "mean": 1.92110872269,
        "median": 1.87300992012,
        "min": -4.35520219803,
        "var": 1.4070841074
    },
    "barkbands_spread": {
        "dmean": 4.69235420227,
        "dmean2": 7.10787534714,
        "dvar": 59.062297821,
        "dvar2": 116.299568176,
        "max": 110.519134521,
        "mean": 17.8131961823,
        "median": 14.5216112137,
        "min": 1.45145475864,
        "var": 190.800064087
    },
    "dissonance": {
        "dmean": 0.0200929678977,
        "dmean2": 0.0334748663008,
        "dvar": 0.000387084204704,
        "dvar2": 0.00105133838952,
        "max": 0.500000059605,
        "mean": 0.458681672812,
        "median": 0.466431081295,
        "min": 0.193638533354,
        "var": 0.00101425603498
    },
    "dynamic_complexity": 2.94222950935,
    "erbbands_crest": {
        "dmean": 2.39374876022,
        "dmean2": 3.87857961655,
        "dvar": 5.63695669174,
        "dvar2": 14.0539140701,
        "max": 30.9635448456,
        "mean": 9.05075073242,
        "median": 8.0388917923,
        "min": 2.20974826813,
        "var": 18.9606990814
    },
    "erbbands_flatness_db": {
        "dmean": 0.0158756319433,
        "dmean2": 0.0224578045309,
        "dvar": 0.000244511989877,
        "dvar2": 0.000472166837426,
        "max": 0.333916157484,
        "mean": 0.150541812181,
        "median": 0.147391170263,
        "min": 0.0438641905785,
        "var": 0.00279661291279
    },
    "erbbands_kurtosis": {
        "dmean": 0.909557282925,
        "dmean2": 1.42276287079,
        "dvar": 1.77733635902,
        "dvar2": 4.0207862854,
        "max": 28.7842254639,
        "mean": 0.868239760399,
        "median": 0.20424246788,
        "min": -1.70989489555,
        "var": 5.29501056671
    },
    "erbbands_skewness": {
        "dmean": 0.326899707317,
        "dmean2": 0.486201018095,
        "dvar": 0.125532656908,
        "dvar2": 0.247699946165,
        "max": 3.55014204979,
        "mean": 0.595556735992,
        "median": 0.64061331749,
        "min": -4.7952671051,
        "var": 0.621624350548
    },
    "erbbands_spread": {
        "dmean": 7.33590698242,
        "dmean2": 11.0891799927,
        "dvar": 86.9723587036,
        "dvar2": 196.292388916,
        "max": 144.206390381,
        "mean": 38.5108337402,
        "median": 35.2478637695,
        "min": 3.69475793839,
        "var": 395.507385254
    },
    "hfc": {
        "dmean": 6.03565168381,
        "dmean2": 8.26877593994,
        "dvar": 181.88420105,
        "dvar2": 327.10647583,
        "max": 439.606933594,
        "mean": 19.1168365479,
        "median": 11.9550819397,
        "min": 1.14042213147e-16,
        "var": 681.460510254
    },
    "melbands_crest": {
        "dmean": 2.81268596649,
        "dmean2": 4.60973215103,
        "dvar": 6.87352132797,
        "dvar2": 17.8020019531,
        "max": 31.7095108032,
        "mean": 13.7127075195,
        "median": 13.119893074,
        "min": 1.74879992008,
        "var": 18.3667087555
    },
    "melbands_flatness_db": {
        "dmean": 0.0215456709266,
        "dmean2": 0.0325281471014,
        "dvar": 0.000476964836707,
        "dvar2": 0.00104521191679,
        "max": 0.403370350599,
        "mean": 0.217961341143,
        "median": 0.214970469475,
        "min": 0.00494980812073,
        "var": 0.00230094837025
    },
    "melbands_kurtosis": {
        "dmean": 7.12272119522,
        "dmean2": 11.1795482635,
        "dvar": 135.510635376,
        "dvar2": 319.284454346,
        "max": 249.91607666,
        "mean": 16.3151435852,
        "median": 10.7400455475,
        "min": -1.88891983032,
        "var": 344.859313965
    },
    "melbands_skewness": {
        "dmean": 0.685571789742,
        "dmean2": 1.04894077778,
        "dvar": 0.585611343384,
        "dvar2": 1.32709300518,
        "max": 12.951789856,
        "mean": 2.87167000771,
        "median": 2.72302532196,
        "min": -1.37190306187,
        "var": 2.68802690506
    },
    "melbands_spread": {
        "dmean": 5.27693891525,
        "dmean2": 7.75843572617,
        "dvar": 133.009719849,
        "dvar2": 249.401565552,
        "max": 252.057540894,
        "mean": 18.0048885345,
        "median": 13.3472709656,
        "min": 1.30019688606,
        "var": 403.00100708
    },
    "pitch_salience": {
        "dmean": 0.062345508486,
        "dmean2": 0.102034382522,
        "dvar": 0.00322228064761,
        "dvar2": 0.00824021268636,
        "max": 0.943186163902,
        "mean": 0.566794812679,
        "median": 0.565740942955,
        "min": 0.133234739304,
        "var": 0.0116068683565
    },
    "silence_rate_20dB": {
        "dmean": 0,
        "dmean2": 0,
        "dvar": 0,
        "dvar2": 0,
        "max": 1,
        "mean": 1,
        "median": 1,
        "min": 1,
        "var": 0
    },
    "silence_rate_30dB": {
        "dmean": 0.00421693781391,
        "dmean2": 0.00843486376107,
        "dvar": 0.00419924361631,
        "dvar2": 0.0118773868307,
        "max": 1,
        "mean": 0.997306168079,
        "median": 1,
        "min": 0,
        "var": 0.00268682697788
    },
    "silence_rate_60dB": {
        "dmean": 0.00843387562782,
        "dmean2": 0.0168697275221,
        "dvar": 0.00836109276861,
        "dvar2": 0.0198694895953,
        "max": 1,
        "mean": 0.0256500355899,
        "median": 0,
        "min": 0,
        "var": 0.0249904189259
    },
    "spectral_centroid": {
        "dmean": 204.690246582,
        "dmean2": 301.261932373,
        "dvar": 102238.273438,
        "dvar2": 171301.75,
        "max": 10850.5859375,
        "mean": 1066.83825684,
        "median": 916.575073242,
        "min": 216.975784302,
        "var": 433451.40625
    },
    "spectral_complexity": {
        "dmean": 2.44488692284,
        "dmean2": 3.97492980957,
        "dvar": 5.20061779022,
        "dvar2": 12.6477422714,
        "max": 56,
        "mean": 15.7595453262,
        "median": 15,
        "min": 0,
        "var": 39.9425697327
    },
    "spectral_decrease": {
        "dmean": 2.06387817947e-09,
        "dmean2": 3.20868132064e-09,
        "dvar": 1.04956208182e-17,
        "dvar2": 2.46444699225e-17,
        "max": -1.15513594723e-28,
        "mean": -6.94902047016e-09,
        "median": -5.96440763445e-09,
        "min": -5.50106413755e-08,
        "var": 2.48309577916e-17
    },
    "spectral_energy": {
        "dmean": 0.00818652100861,
        "dmean2": 0.0126755079255,
        "dvar": 0.000158363487571,
        "dvar2": 0.000369980087271,
        "max": 0.210386052728,
        "mean": 0.0279611218721,
        "median": 0.0240852683783,
        "min": 1.0779942143e-20,
        "var": 0.000393030350097
    },
    "spectral_energyband_high": {
        "dmean": 0.00042786821723,
        "dmean2": 0.000568629533518,
        "dvar": 3.01892123389e-06,
        "dvar2": 5.18902652402e-06,
        "max": 0.0545368529856,
        "mean": 0.000858111074194,
        "median": 0.000238633539993,
        "min": 7.55053855871e-21,
        "var": 1.05533981696e-05
    },
    "spectral_energyband_low": {
        "dmean": 0.00390400108881,
        "dmean2": 0.0062836073339,
        "dvar": 7.35507201171e-05,
        "dvar2": 0.000178423477337,
        "max": 0.197927892208,
        "mean": 0.0102382842451,
        "median": 0.00865182094276,
        "min": 6.49364927411e-23,
        "var": 0.000123031626572
    },
    "spectral_energyband_middle_high": {
        "dmean": 0.00131796090864,
        "dmean2": 0.00184635131154,
        "dvar": 6.27563304079e-06,
        "dvar2": 1.11340195872e-05,
        "max": 0.0591931529343,
        "mean": 0.00441812071949,
        "median": 0.00192215642892,
        "min": 1.8382261481e-21,
        "var": 3.58862962457e-05
    },
    "spectral_energyband_middle_low": {
        "dmean": 0.00553649524227,
        "dmean2": 0.00870373193175,
        "dvar": 8.85275003384e-05,
        "dvar2": 0.000216039974475,
        "max": 0.142787575722,
        "mean": 0.0138569837436,
        "median": 0.010383028537,
        "min": 3.5869146902e-22,
        "var": 0.000161728035891
    },
    "spectral_entropy": {
        "dmean": 0.150650307536,
        "dmean2": 0.221607640386,
        "dvar": 0.0254951957613,
        "dvar2": 0.0471322797239,
        "max": 9.7864818573,
        "mean": 7.50560092926,
        "median": 7.51643466949,
        "min": 6.04196453094,
        "var": 0.145427033305
    },
    "spectral_flux": {
        "dmean": 0.0214633271098,
        "dmean2": 0.0345661491156,
        "dvar": 0.00075525091961,
        "dvar2": 0.00178498274181,
        "max": 0.376330137253,
        "mean": 0.076158374548,
        "median": 0.0669665336609,
        "min": 1.03826502951e-10,
        "var": 0.00188149290625
    },
    "spectral_kurtosis": {
        "dmean": 1.35381805897,
        "dmean2": 2.22597050667,
        "dvar": 2.09314990044,
        "dvar2": 5.42473077774,
        "max": 26.9696540833,
        "mean": 4.7802028656,
        "median": 4.42394638062,
        "min": -1.22509932518,
        "var": 7.41132879257
    },
    "spectral_rms": {
        "dmean": 0.000705755664967,
        "dmean2": 0.00108147179708,
        "dvar": 7.46270472973e-07,
        "dvar2": 1.67341352153e-06,
        "max": 0.0143267121166,
        "mean": 0.00491365371272,
        "median": 0.00484745530412,
        "min": 3.2429950652e-12,
        "var": 3.13518557959e-06
    },
    "spectral_rolloff": {
        "dmean": 330.252471924,
        "dmean2": 536.444091797,
        "dvar": 753884.8125,
        "dvar2": 1475193.625,
        "max": 18410.8886719,
        "mean": 1054.22155762,
        "median": 667.529296875,
        "min": 64.599609375,
        "var": 1810027.5
    },
    "spectral_skewness": {
        "dmean": 0.193017914891,
        "dmean2": 0.301664054394,
        "dvar": 0.040510430932,
        "dvar2": 0.0850589647889,
        "max": 3.87543559074,
        "mean": 1.70344114304,
        "median": 1.71503019333,
        "min": -0.221778467298,
        "var": 0.218928843737
    },
    "spectral_spread": {
        "dmean": 575863.5,
        "dmean2": 784439.8125,
        "dvar": 685592936448,
        "dvar2": 1.05737886106e+12,
        "max": 41915552,
        "mean": 4852888.5,
        "median": 4599853,
        "min": 2057803.875,
        "var": 2.76768856474e+12
    },
    "spectral_strongpeak": {
        "dmean": 0.470398485661,
        "dmean2": 0.792755961418,
        "dvar": 0.733775436878,
        "dvar2": 1.86404025555,
        "max": 17.4385929108,
        "mean": 0.858585655689,
        "median": 0.384054809809,
        "min": 0,
        "var": 1.34463870525
    },
    "zerocrossingrate": {
        "dmean": 0.00941827427596,
        "dmean2": 0.0110549712554,
        "dvar": 0.000219372101128,
        "dvar2": 0.000242733876803,
        "max": 0.6650390625,
        "mean": 0.0502070710063,
        "median": 0.0439453125,
        "min": 0.00537109375,
        "var": 0.00128855905496
    },
    "barkbands": {
        "dmean": [0.000186586170457, 0.00234584952705, 0.00161818636116, 0.00195241626352, 0.00208261562511, 0.000662034843117, 0.000446966063464, 0.00126664608251, 0.00130255462136, 0.000727877195459, 0.000291306409054, 0.000259648746578, 0.000279538944596, 0.000198302775971, 0.000130741376779, 9.26187276491e-05, 0.000114036658488, 0.000136820381158, 0.000127343126223, 6.25699831289e-05, 7.81029739301e-05, 0.000124069643789, 9.74271970335e-05, 8.79173239809e-05, 5.4356209148e-05, 2.22760208999e-05, 7.68173231336e-06],
        "dmean2": [0.000294654484605, 0.00379014806822, 0.00277814245783, 0.00326747936197, 0.00338479480706, 0.00101169769187, 0.000694749876857, 0.00193016999401, 0.00204322091304, 0.00112190132495, 0.000458358437754, 0.000383551378036, 0.000420044671046, 0.000305096124066, 0.000209023753996, 0.000142926422996, 0.000172210347955, 0.000200843656785, 0.000181531358976, 9.61627447396e-05, 0.000117875657452, 0.000179187467438, 0.000137957016705, 0.000124133162899, 7.67738674767e-05, 3.05752255372e-05, 1.07314690467e-05],
        "dvar": [2.76092009699e-07, 4.81271490571e-05, 1.1089927284e-05, 2.34092512983e-05, 1.93755295186e-05, 1.45537342178e-06, 3.34276683134e-06, 1.08469739644e-05, 1.04179953269e-05, 3.05159460368e-06, 5.71511179714e-07, 6.40124710571e-07, 5.83275948429e-07, 2.10179351257e-07, 9.02669654579e-08, 6.02063678912e-08, 1.15136977286e-07, 1.21236439554e-07, 1.7147360154e-07, 4.58987194918e-08, 1.3258639342e-07, 3.39262015814e-07, 2.31663435102e-07, 2.39170447003e-07, 9.44948581605e-08, 3.64563312871e-09, 4.67556937611e-10],
        "dvar2": [6.28410134595e-07, 0.000115653529065, 3.16138539347e-05, 6.10653951298e-05, 4.89420272061e-05, 3.17968601848e-06, 8.15445673652e-06, 2.37896074395e-05, 2.54326150753e-05, 6.92985076967e-06, 1.32518766804e-06, 1.21872847103e-06, 1.06716561277e-06, 4.37019764377e-07, 2.05687769039e-07, 1.09876573617e-07, 2.02647683523e-07, 2.36713972868e-07, 3.21456781194e-07, 1.05630448388e-07, 2.64612907586e-07, 6.63423861624e-07, 4.73400120882e-07, 4.61773225879e-07, 1.85725355095e-07, 6.65853416848e-09, 1.02155650605e-09],
        "max": [0.0123571073636, 0.142768502235, 0.0585549250245, 0.0991480201483, 0.0779296830297, 0.0283592604101, 0.0548091344535, 0.0845571309328, 0.078299947083, 0.0423297062516, 0.0188910700381, 0.0303049329668, 0.0326809436083, 0.0173306446522, 0.0136592686176, 0.0111002363265, 0.0145022599027, 0.00848477520049, 0.0183323770761, 0.00952986255288, 0.0132513139397, 0.022645059973, 0.0205960869789, 0.0243227556348, 0.0131671503186, 0.00194531399757, 0.000503445218783],
        "mean": [0.000327766232658, 0.00571829127148, 0.00293895672075, 0.00270005711354, 0.0037232558243, 0.00158751080744, 0.000718019378837, 0.00231117452495, 0.00245465687476, 0.00136701005977, 0.000513855717145, 0.000470880651847, 0.000563077104744, 0.000376053183572, 0.000250017677899, 0.000188383884961, 0.000267570256256, 0.000277553015621, 0.000279149913695, 0.000115927156003, 0.000136880858918, 0.000230440011364, 0.000166051584529, 0.000147958169691, 8.65176189109e-05, 3.39149701176e-05, 1.01642799564e-05],
        "median": [8.76925696502e-05, 0.00437691994011, 0.00161629565991, 0.00118103157729, 0.00212543434463, 0.000984801561572, 0.000259350636043, 0.00045820127707, 0.000486159988213, 0.000280880136415, 0.000106568724732, 0.000159268936841, 0.000185515134945, 0.000116863127914, 0.000128546453197, 8.50351207191e-05, 8.77098354977e-05, 8.4829312982e-05, 8.13373917481e-05, 4.73676773254e-05, 3.42495332006e-05, 4.56564885098e-05, 3.3500855352e-05, 3.17939302477e-05, 1.78529735422e-05, 5.66450853512e-06, 1.08608082883e-06],
        "min": [1.20933544285e-23, 1.76450293133e-23, 2.72321947339e-23, 4.15255875637e-23, 4.64220976895e-23, 8.63834371871e-23, 8.66182905449e-23, 1.75741817154e-23, 4.18247015309e-23, 9.14696652052e-23, 4.65864931467e-23, 6.24195342043e-23, 1.34671771519e-22, 9.13546240416e-23, 2.23548438307e-22, 2.42281877944e-22, 1.81295331662e-22, 1.67135669688e-22, 3.70699976725e-22, 3.63956112131e-22, 5.99446642366e-22, 5.52783386742e-22, 6.44691311512e-22, 6.45438823484e-22, 1.43535011278e-21, 1.64654400481e-21, 2.0969303178e-21],
        "var": [5.04281274516e-07, 6.44203537377e-05, 1.49167763084e-05, 2.48406267929e-05, 2.95530626317e-05, 4.12455028709e-06, 4.215588433e-06, 2.59996195382e-05, 2.59897406067e-05, 8.19431716081e-06, 1.60507920555e-06, 1.36591711453e-06, 2.32848196902e-06, 6.85126508415e-07, 2.2949681977e-07, 2.15970572981e-07, 6.48862737762e-07, 3.55576645461e-07, 5.64720153307e-07, 8.42746601393e-08, 3.66392669093e-07, 1.05481183255e-06, 6.06230116773e-07, 6.40131304408e-07, 1.72606917204e-07, 9.1800895774e-09, 7.20021653411e-10]
    },
    "erbbands": {
        "dmean": [0.0818965509534, 0.505058169365, 1.53199410439, 4.01107597351, 8.26119422913, 6.06326150894, 6.88461256027, 4.4642572403, 5.13384485245, 9.7635307312, 34.1788253784, 31.5742034912, 22.5469913483, 18.9093170166, 10.2174463272, 9.87523651123, 12.0862159729, 10.1568050385, 8.11121940613, 5.24555921555, 5.22441959381, 5.30752038956, 6.43929481506, 6.98058795929, 5.29038333893, 2.75853013992, 2.30840301514, 3.90827798843, 4.53394412994, 3.82973766327, 2.62880086899, 1.95501434803, 1.41022598743, 0.758212506771, 0.327116250992, 0.1094545573, 0.0397105105221, 0.0127799529582, 0.00117661966942, 3.53443319909e-05],
        "dmean2": [0.131707489491, 0.832034051418, 2.60595202446, 6.73588991165, 13.7026433945, 9.69248485565, 10.7103586197, 6.80153274536, 8.02494907379, 15.033457756, 52.3255119324, 48.5622749329, 35.6424713135, 28.5419464111, 15.5531902313, 14.1800031662, 18.0086154938, 15.4485082626, 12.4692106247, 8.26616668701, 8.07842540741, 7.86070203781, 9.38177776337, 9.7599029541, 7.43833303452, 4.17825698853, 3.54793572426, 5.79983949661, 6.51465892792, 5.45780992508, 3.77713322639, 2.78543758392, 2.00460648537, 1.07022321224, 0.470243781805, 0.151156902313, 0.055728122592, 0.0176177602261, 0.00164773082361, 5.04345844092e-05],
        "dvar": [0.0643704757094, 2.28560590744, 11.305560112, 73.9256210327, 470.480712891, 155.878265381, 175.598434448, 80.2248001099, 365.238220215, 1031.24572754, 7827.56054688, 6886.87597656, 3030.45874023, 2638.52563477, 639.587768555, 1025.72912598, 1342.70617676, 508.758117676, 301.29385376, 192.442703247, 178.45223999, 219.103439331, 286.753356934, 475.879119873, 281.298492432, 83.2018051147, 101.254821777, 367.160919189, 468.227661133, 356.620452881, 172.470001221, 91.9601287842, 77.0423049927, 21.4953575134, 2.74441123009, 0.128769248724, 0.0118815433234, 0.00102626287844, 1.06721608972e-05, 7.58774465481e-09],
        "dvar2": [0.148843377829, 5.78210258484, 31.7690258026, 198.236022949, 1235.98046875, 365.834777832, 401.121795654, 175.273712158, 871.429504395, 2515.5637207, 17081.1582031, 16264.5263672, 8046.84423828, 5624.76953125, 1368.95495605, 1936.9354248, 2481.40551758, 1078.62023926, 600.180053711, 418.678222656, 346.396942139, 368.915130615, 556.778198242, 933.943725586, 514.179077148, 185.152496338, 222.024475098, 729.159545898, 940.198425293, 759.764587402, 350.874694824, 192.66053772, 139.191970825, 42.6115074158, 5.57351350784, 0.236408561468, 0.0232380107045, 0.00214805593714, 2.31653411902e-05, 1.71025948958e-08],
        "max": [3.82152533531, 36.9172439575, 87.1432571411, 173.396896362, 296.011260986, 354.950195312, 349.148773193, 255.307678223, 722.204406738, 851.844116211, 2380.59399414, 2437.18115234, 994.615234375, 1795.42236328, 692.247253418, 1427.11010742, 1802.70703125, 817.629943848, 471.161773682, 680.105651855, 668.002868652, 613.08416748, 407.622467041, 1026.73608398, 547.04510498, 418.329040527, 499.01550293, 761.691772461, 678.140930176, 829.656066895, 561.374145508, 432.572937012, 440.424102783, 200.495071411, 75.8610610962, 14.6903905869, 3.47778272629, 0.664856553078, 0.0776005461812, 0.00254994095303],
        "mean": [0.203932344913, 1.1519061327, 3.02934265137, 6.68092393875, 11.6171092987, 11.5739717484, 15.0323839188, 10.7513656616, 9.12769412994, 16.4714221954, 65.3742828369, 60.8161811829, 41.9573478699, 38.4645080566, 21.0308837891, 19.956237793, 25.6357479095, 21.2286148071, 16.6956005096, 11.0446157455, 12.3515081406, 13.0707492828, 14.3836526871, 15.7678079605, 11.7240247726, 5.55037403107, 4.24816274643, 6.8546090126, 8.27143192291, 6.61554956436, 4.46359586716, 3.2220928669, 2.36858034134, 1.21367132664, 0.493709087372, 0.168265759945, 0.0571383014321, 0.017788534984, 0.0015604053624, 6.94962072885e-05],
        "median": [0.110380277038, 0.932972788811, 1.84926581383, 3.6927485466, 5.05013942719, 6.02810096741, 8.78579235077, 6.32880783081, 4.0680809021, 5.58988809586, 16.3094291687, 15.0166463852, 10.148267746, 8.31322860718, 6.41931915283, 6.70751714706, 9.00783824921, 7.14553499222, 7.30462551117, 5.72243785858, 5.33756065369, 4.77676010132, 4.71579694748, 4.8510017395, 3.57992959023, 2.40781784058, 1.45737409592, 1.3677970171, 1.58076691628, 1.33081197739, 0.915713965893, 0.710191071033, 0.468489438295, 0.254188030958, 0.0947042703629, 0.0296397171915, 0.00875754095614, 0.00251279654913, 0.000180107614142, 3.88153639506e-05],
        "min": [8.4528462954e-22, 3.2081366011e-21, 2.63869048285e-20, 7.61379687294e-20, 2.0902457291e-19, 1.34037664777e-19, 3.44924208322e-19, 8.30375494271e-19, 9.76965030308e-19, 1.03622611055e-18, 4.02272743587e-19, 9.74386294748e-19, 3.09068901448e-18, 1.7654846686e-18, 1.4619514666e-18, 2.74357797326e-18, 7.45734589644e-18, 5.96474190807e-18, 7.76987044829e-18, 1.13470684284e-17, 1.29582731594e-17, 1.0199834266e-17, 8.94748033709e-18, 1.30347840573e-17, 2.08609358745e-17, 1.95054184611e-17, 2.3354705096e-17, 2.19849237801e-17, 1.80799695443e-17, 1.68758063307e-17, 1.8149467605e-17, 1.43230276987e-17, 1.25856134042e-17, 1.45464243667e-17, 1.05936028433e-17, 5.64381320119e-18, 3.10942486215e-18, 1.22863742001e-18, 2.94261024314e-19, 2.90231827551e-20],
        "var": [0.0974356979132, 2.64879870415, 14.4223480225, 93.3151931763, 502.163574219, 308.258148193, 475.086151123, 223.572052002, 535.51953125, 1370.44555664, 18996.703125, 16535.2636719, 6983.77978516, 7745.25439453, 2029.75244141, 2392.53417969, 5330.36083984, 1577.00769043, 1008.37036133, 576.609130859, 920.098815918, 1076.46313477, 947.356506348, 1594.11157227, 806.999694824, 174.885910034, 245.237380981, 1055.35913086, 1438.27722168, 919.248474121, 443.492340088, 223.961242676, 212.260406494, 40.8845100403, 4.66835641861, 0.305321276188, 0.0265426598489, 0.00184453639667, 1.65498731803e-05, 1.15243530274e-08]
    },
    "gfcc": {
        "mean": [-0.310556262732, 92.5442199707, -106.736450195, 23.6077156067, -57.0838546753, 15.5065956116, -33.9708557129, 9.27355766296, -21.8158473969, -3.81170868874, -17.4913024902, -4.50315618515, -15.6887979507],
        "cov": [[3629.18481445, -645.071166992, 701.460327148, 312.093719482, 24.6470241547, 159.920822144, 71.4482803345, 252.427200317, 79.2864990234, 160.232116699, 52.7380027771, 176.447570801, -83.0187988281], [-645.071166992, 1376.66088867, 145.317428589, 199.638214111, 268.0753479, -23.5372009277, 27.6956501007, -81.9014434814, 28.5118618011, -141.627944946, 139.039352417, -97.4446334839, 32.1019058228], [701.460327148, 145.317428589, 1604.50012207, 621.359619141, 249.049926758, 120.522789001, -170.250076294, -100.187644958, -42.6774406433, 148.468734741, 47.7177658081, 103.73550415, 18.0813617706], [312.093719482, 199.638214111, 621.359619141, 706.782409668, 178.920532227, 97.4808349609, -43.4925308228, -33.4080200195, 101.658172607, 70.4270858765, 63.1997108459, 76.5934524536, 68.3014678955], [24.6470241547, 268.0753479, 249.049926758, 178.920532227, 287.667877197, 79.5098419189, 50.2981033325, 47.4105606079, 54.0432662964, 27.6981258392, 29.2050361633, 25.8031330109, 24.7712173462], [159.920822144, -23.5372009277, 120.522789001, 97.4808349609, 79.5098419189, 207.512878418, 124.207672119, 57.2806549072, 42.5694885254, 50.7749977112, -0.982861816883, 20.5876312256, 23.3293800354], [71.4482803345, 27.6956501007, -170.250076294, -43.4925308228, 50.2981033325, 124.207672119, 254.67300415, 114.311546326, 64.6339187622, 24.5987873077, 7.35951805115, -2.17136216164, 7.32773208618], [252.427200317, -81.9014434814, -100.187644958, -33.4080200195, 47.4105606079, 57.2806549072, 114.311546326, 182.855865479, 87.0823974609, 42.2007522583, 15.6220846176, 22.781337738, -0.605435669422], [79.2864990234, 28.5118618011, -42.6774406433, 101.658172607, 54.0432662964, 42.5694885254, 64.6339187622, 87.0823974609, 161.304763794, 53.1890258789, 21.283246994, 28.7958812714, 32.6189537048], [160.232116699, -141.627944946, 148.468734741, 70.4270858765, 27.6981258392, 50.7749977112, 24.5987873077, 42.2007522583, 53.1890258789, 131.361465454, 14.7164983749, 45.1414680481, 24.7121181488], [52.7380027771, 139.039352417, 47.7177658081, 63.1997108459, 29.2050361633, -0.982861816883, 7.35951805115, 15.6220846176, 21.283246994, 14.7164983749, 91.2202529907, 17.7030124664, 5.69085979462], [176.447570801, -97.4446334839, 103.73550415, 76.5934524536, 25.8031330109, 20.5876312256, -2.17136216164, 22.781337738, 28.7958812714, 45.1414680481, 17.7030124664, 100.30480957, 39.0305404663], [-83.0187988281, 32.1019058228, 18.0813617706, 68.3014678955, 24.7712173462, 23.3293800354, 7.32773208618, -0.605435669422, 32.6189537048, 24.7121181488, 5.69085979462, 39.0305404663, 80.3645019531]],
        "icov": [[0.000440989882918, 0.000164358585607, -0.000210917220102, -0.000148982944665, 0.000206288401387, -7.92833670857e-05, -6.92776811775e-05, -0.000637759396341, 2.0444043912e-05, 0.000224757226533, -0.000228186225286, -0.000523783150129, 0.000718051102012], [0.000164358585607, 0.00208200747147, -0.000430262909504, 0.000131575143314, -0.00167947320733, 0.000632351264358, -0.000846198119689, 0.00113802135456, -0.00107509852387, 0.00262851221487, -0.00326073099859, 0.00241618859582, -0.00157152663451], [-0.000210917220102, -0.000430262909504, 0.00172450055834, -0.00103893992491, -0.000657910015434, -0.000803588307463, 0.00121232587844, 0.000287280767225, 0.00161006581038, -0.00213398900814, 0.000705218408257, -0.000804011011496, 0.00111991190352], [-0.000148982944665, 0.000131575143314, -0.00103893992491, 0.00329572032206, -0.000703954312485, -0.00075167324394, 0.000324636901496, 0.00170249899384, -0.00281038600951, 0.00112540752161, -0.00139317067806, 2.29158176808e-05, -0.00147314963397], [0.000206288401387, -0.00167947320733, -0.000657910015434, -0.000703954312485, 0.006758606527, -0.00118019932415, -5.94558114244e-05, -0.00267650047317, 0.000162521726452, -0.000790806894656, 0.00199236837216, -0.00206417543814, 0.000913532450795], [-7.92833670857e-05, 0.000632351264358, -0.000803588307463, -0.00075167324394, -0.00118019932415, 0.00946122314781, -0.00512891449034, 0.000103402846435, 0.000396726449253, -0.000681474281009, 0.000804925104603, 0.00122828909662, -0.00203418848105], [-6.92776811775e-05, -0.000846198119689, 0.00121232587844, 0.000324636901496, -5.94558114244e-05, -0.00512891449034, 0.00898319575936, -0.00335053121671, 8.24133385322e-05, -0.00118946516886, 0.000414805050241, -7.39647475712e-06, 0.00068719155388], [-0.000637759396341, 0.00113802135456, 0.000287280767225, 0.00170249899384, -0.00267650047317, 0.000103402846435, -0.00335053121671, 0.0129294134676, -0.00554961897433, 0.00015198685287, -0.0025489218533, -0.00013566132111, 0.00102506228723], [2.0444043912e-05, -0.00107509852387, 0.00161006581038, -0.00281038600951, 0.000162521726452, 0.000396726449253, 8.24133385322e-05, -0.00554961897433, 0.013201104477, -0.00491605699062, 0.00157921004575, -0.000809689052403, -0.00130279327277], [0.000224757226533, 0.00262851221487, -0.00213398900814, 0.00112540752161, -0.000790806894656, -0.000681474281009, -0.00118946516886, 0.00015198685287, -0.00491605699062, 0.0156312175095, -0.00470825238153, 0.000307852722472, -0.00337030063383], [-0.000228186225286, -0.00326073099859, 0.000705218408257, -0.00139317067806, 0.00199236837216, 0.000804925104603, 0.000414805050241, -0.0025489218533, 0.00157921004575, -0.00470825238153, 0.0176393538713, -0.00525177596137, 0.00329569540918], [-0.000523783150129, 0.00241618859582, -0.000804011011496, 2.29158176808e-05, -0.00206417543814, 0.00122828909662, -7.39647475712e-06, -0.00013566132111, -0.000809689052403, 0.000307852722472, -0.00525177596137, 0.0191876385361, -0.00977844558656], [0.000718051102012, -0.00157152663451, 0.00111991190352, -0.00147314963397, 0.000913532450795, -0.00203418848105, 0.00068719155388, 0.00102506228723, -0.00130279327277, -0.00337030063383, 0.00329569540918, -0.00977844558656, 0.0211477354169]]
    },
    "melbands": {
        "dmean": [0.000672017689794, 0.000714197114576, 0.000826059607789, 0.000513591920026, 0.000231817160966, 0.000104241524241, 8.30966091598e-05, 0.000131387889269, 0.000289835879812, 0.000188272460946, 0.000114232156193, 8.33624508232e-05, 3.80666424462e-05, 3.0829138268e-05, 2.56368439295e-05, 2.77479139186e-05, 1.87834539247e-05, 1.47191631186e-05, 8.14507620817e-06, 6.53536562822e-06, 7.18066394256e-06, 6.0417783061e-06, 6.43708699499e-06, 6.85796021571e-06, 6.04223987466e-06, 4.58259182778e-06, 3.22371988659e-06, 1.68604117334e-06, 1.37226481911e-06, 1.86587271855e-06, 2.66106644631e-06, 2.73909290627e-06, 2.52723953054e-06, 2.12479358197e-06, 1.66365225596e-06, 1.28343367578e-06, 1.21428342936e-06, 1.08671440557e-06, 7.90708213572e-07, 6.29123292128e-07],
        "dmean2": [0.00108269788325, 0.00119699444622, 0.00137919210829, 0.000834875681903, 0.000362942402717, 0.000158592389198, 0.000129813648527, 0.000201624192414, 0.000444000033895, 0.000291814183583, 0.000181003459147, 0.000126463943161, 5.82750544709e-05, 4.55316330772e-05, 3.87659856642e-05, 4.14373753301e-05, 2.90400294034e-05, 2.26223019126e-05, 1.30603048092e-05, 1.01049145087e-05, 1.10301371024e-05, 9.128374586e-06, 9.57109568844e-06, 1.01373470898e-05, 8.55564030644e-06, 6.53412416796e-06, 4.68518283014e-06, 2.64328537014e-06, 2.160900749e-06, 2.8664758247e-06, 4.03356989409e-06, 4.09040467275e-06, 3.72653153136e-06, 3.10911786983e-06, 2.44444299824e-06, 1.8693134507e-06, 1.76512207872e-06, 1.59262958732e-06, 1.144985049e-06, 9.14759539228e-07],
        "dvar": [4.16917100665e-06, 2.7974990644e-06, 3.64801780961e-06, 1.35315156058e-06, 1.75925777057e-07, 3.95324555313e-08, 1.04349652474e-07, 1.36806818318e-07, 5.3705201708e-07, 2.53446188481e-07, 7.77994344503e-08, 5.1132470702e-08, 9.15597020423e-09, 8.46701908586e-09, 6.70934641178e-09, 5.6393938408e-09, 1.82676995752e-09, 1.15586140659e-09, 5.65905378114e-10, 3.02074282255e-10, 3.88378329497e-10, 2.81823286929e-10, 4.6453402236e-10, 3.10186265562e-10, 3.96854826779e-10, 2.11172010434e-10, 1.34821681597e-10, 2.92730908957e-11, 3.00983994672e-11, 8.94067181401e-11, 1.84541590342e-10, 1.9093060466e-10, 1.39420974765e-10, 1.15621991148e-10, 7.66597549329e-11, 3.65604109487e-11, 4.36905268908e-11, 4.85688329832e-11, 2.31304315979e-11, 1.62650466012e-11],
        "dvar2": [9.75612874754e-06, 7.61058845455e-06, 9.59773842624e-06, 3.40295264323e-06, 4.04835134304e-07, 8.62276436919e-08, 2.50387444112e-07, 3.24998381984e-07, 1.18734396892e-06, 6.13966108176e-07, 2.0398888978e-07, 1.09642712687e-07, 1.95334362019e-08, 1.60187187959e-08, 1.29205952604e-08, 1.11052935736e-08, 3.89719945204e-09, 2.20598628253e-09, 1.38794686855e-09, 5.56523660489e-10, 7.50532080929e-10, 4.69675354164e-10, 9.33457533492e-10, 6.18062823143e-10, 8.06706867973e-10, 3.79943132511e-10, 3.00103136786e-10, 6.35341154687e-11, 6.77110104097e-11, 1.90854804183e-10, 3.9777706129e-10, 4.05337818865e-10, 2.94134855361e-10, 2.5680152449e-10, 1.6303823569e-10, 7.54922860335e-11, 9.96874111037e-11, 9.34934421548e-11, 4.15611087212e-11, 3.56758789177e-11],
        "max": [0.0359739512205, 0.0489741154015, 0.0361349917948, 0.0217934139073, 0.00931846909225, 0.00523236999288, 0.0113702584058, 0.00815586838871, 0.0190079566091, 0.0139384306967, 0.00498574180529, 0.00764893135056, 0.0030527706258, 0.00393582973629, 0.00453135697171, 0.00305823702365, 0.00146620336454, 0.00115254090633, 0.00141084857751, 0.000919429643545, 0.0010481311474, 0.000664371473249, 0.000908428861294, 0.000478006462799, 0.000941480859183, 0.000522233254742, 0.000436810805695, 0.000205903124879, 0.000238821958192, 0.000452630105428, 0.000492122780997, 0.000443990051281, 0.00062429625541, 0.000439546944108, 0.000417590345023, 0.000189133032109, 0.000360765436199, 0.000338477693731, 0.000215900145122, 0.000159983566846],
        "mean": [0.00169857428409, 0.00156273622997, 0.00133967702277, 0.000848783587571, 0.000519049877767, 0.000250904238783, 0.000141819604323, 0.000220778631046, 0.000551332428586, 0.000355707859853, 0.000204047886655, 0.000162689510034, 7.32327825972e-05, 5.58671017643e-05, 5.15647334396e-05, 5.50744553038e-05, 3.65146624972e-05, 2.80695785477e-05, 1.57075501193e-05, 1.29711170302e-05, 1.58355269377e-05, 1.3756755834e-05, 1.3326662156e-05, 1.38462610266e-05, 1.27467292259e-05, 9.85406677501e-06, 6.18058993496e-06, 3.05294315694e-06, 2.36844471146e-06, 3.05422213387e-06, 4.34140974903e-06, 4.73267073176e-06, 4.38010238213e-06, 3.4232859889e-06, 2.66407869276e-06, 2.10665916711e-06, 1.90188109173e-06, 1.75950845005e-06, 1.28602232508e-06, 9.42596614095e-07],
        "median": [0.00118364091031, 0.0012324367417, 0.00075104215648, 0.000440679199528, 0.000318490026984, 0.000150646228576, 5.90204363107e-05, 6.66794221615e-05, 0.000139524243423, 7.03501646058e-05, 4.25347170676e-05, 3.28181413352e-05, 1.90032151295e-05, 1.93784308067e-05, 1.75941604539e-05, 1.74625984073e-05, 1.18413299788e-05, 1.09964839794e-05, 8.18097396404e-06, 6.19157208348e-06, 6.07227229921e-06, 4.95203312312e-06, 3.61792353942e-06, 4.15179192714e-06, 3.64921788787e-06, 2.87269222099e-06, 2.05869673664e-06, 1.28117267195e-06, 8.45385557113e-07, 7.34315733553e-07, 7.70291705976e-07, 8.29982639061e-07, 8.80300603967e-07, 6.52118728794e-07, 5.14966416176e-07, 4.32530327998e-07, 4.16523903368e-07, 3.36614675689e-07, 2.37888755805e-07, 1.87453807143e-07],
        "min": [6.80597634588e-24, 1.02695095933e-23, 1.9866106635e-23, 1.12164495465e-23, 1.1755830035e-23, 1.74474133456e-23, 1.65096912321e-23, 9.96487438867e-24, 3.63492432313e-24, 5.99115323941e-24, 1.5972600018e-23, 7.41522387818e-24, 4.86121964435e-24, 4.54830061135e-24, 1.12113850594e-23, 1.74130521423e-23, 9.58453062525e-24, 9.1217958623e-24, 1.88619324565e-23, 1.67138910329e-23, 1.45867922886e-23, 1.13705874453e-23, 8.35843173039e-24, 7.23466387217e-24, 1.05331469078e-23, 1.46765772814e-23, 1.52528101959e-23, 1.17596355e-23, 1.27629356205e-23, 1.48678192529e-23, 1.29275630028e-23, 1.17502638324e-23, 7.83848325257e-24, 9.88959339249e-24, 1.0708737879e-23, 1.08105672001e-23, 8.01379733356e-24, 8.09172180264e-24, 1.15567231202e-23, 1.2237308133e-23],
        "var": [5.99359100306e-06, 3.50026334672e-06, 4.09411586588e-06, 1.94301810552e-06, 4.741486066e-07, 1.1218894258e-07, 1.45024898757e-07, 2.13879317812e-07, 1.27736473132e-06, 5.93601043875e-07, 1.76182879841e-07, 1.46362680198e-07, 3.08861274334e-08, 1.9815143304e-08, 2.61015760117e-08, 1.7190975754e-08, 5.63001911758e-09, 3.80973563807e-09, 1.06196484939e-09, 1.08635589413e-09, 2.11272110917e-09, 1.35154476499e-09, 1.4997332265e-09, 9.53384593494e-10, 1.25239452142e-09, 6.38866293201e-10, 2.67604938209e-10, 6.60901403049e-11, 7.01971397676e-11, 1.99978755777e-10, 4.65969707264e-10, 5.19054355053e-10, 3.75308617517e-10, 2.68803257431e-10, 1.78884296265e-10, 8.80700928851e-11, 8.88868215143e-11, 1.24662627443e-10, 5.92383156417e-11, 2.40498246318e-11]
    },
    "mfcc": {
        "mean": [-647.182983398, 126.762046814, 6.91281700134, 14.0955352783, 3.23460817337, 3.71156287193, 0.325444489717, 8.21583271027, -2.30949258804, 4.31735372543, 3.32130861282, -5.0954413414, -6.06084728241],
        "cov": [[2867.28686523, -656.007202148, 259.114440918, 99.5052108765, 9.31470775604, -14.4124498367, 36.0192222595, 199.428283691, 48.0177764893, 101.586578369, 235.228515625, 28.6448993683, 56.9836196899], [-656.007202148, 1101.18457031, -4.26621770859, 93.5724487305, 170.70111084, -1.26944696903, 105.869293213, 29.6955413818, -91.7551116943, 11.7815332413, -9.93522357941, -38.4352607727, -24.4279022217], [259.114440918, -4.26621770859, 1220.31738281, 496.598266602, 411.315032959, 251.483520508, 39.3060913086, -109.867965698, -51.976474762, -59.1538772583, -29.1666736603, 40.9285011292, 94.9455184937], [99.5052108765, 93.5724487305, 496.598266602, 520.080566406, 312.916534424, 162.284072876, -8.98132324219, -0.678362250328, 0.0517209768295, -13.2958374023, -0.284211486578, 54.2880821228, 81.7946548462], [9.31470775604, 170.70111084, 411.315032959, 312.916534424, 370.524475098, 117.932800293, 12.1182403564, -6.8201675415, -5.52287769318, -3.31366443634, -15.7290887833, 39.1956062317, 59.5587310791], [-14.4124498367, -1.26944696903, 251.483520508, 162.284072876, 117.932800293, 235.784851074, 63.4746780396, 13.3697357178, 68.405166626, 8.02329730988, 3.32068705559, 36.3684806824, 31.5509185791], [36.0192222595, 105.869293213, 39.3060913086, -8.98132324219, 12.1182403564, 63.4746780396, 171.893096924, 57.1037254333, 31.4513187408, 37.4900970459, 34.3291816711, 1.35298264027, 8.50007629395], [199.428283691, 29.6955413818, -109.867965698, -0.678362250328, -6.8201675415, 13.3697357178, 57.1037254333, 163.815505981, 63.4877662659, 49.7741241455, 56.3969535828, 22.8623275757, 9.65263080597], [48.0177764893, -91.7551116943, -51.976474762, 0.0517209768295, -5.52287769318, 68.405166626, 31.4513187408, 63.4877662659, 182.025924683, 53.8491287231, 27.2999839783, 55.2492027283, 31.1719894409], [101.586578369, 11.7815332413, -59.1538772583, -13.2958374023, -3.31366443634, 8.02329730988, 37.4900970459, 49.7741241455, 53.8491287231, 116.575141907, 58.711025238, 17.3167381287, 11.9719018936], [235.228515625, -9.93522357941, -29.1666736603, -0.284211486578, -15.7290887833, 3.32068705559, 34.3291816711, 56.3969535828, 27.2999839783, 58.711025238, 119.646331787, 21.8529853821, 12.5197401047], [28.6448993683, -38.4352607727, 40.9285011292, 54.2880821228, 39.1956062317, 36.3684806824, 1.35298264027, 22.8623275757, 55.2492027283, 17.3167381287, 21.8529853821, 89.8898010254, 40.4543113708], [56.9836196899, -24.4279022217, 94.9455184937, 81.7946548462, 59.5587310791, 31.5509185791, 8.50007629395, 9.65263080597, 31.1719894409, 11.9719018936, 12.5197401047, 40.4543113708, 85.9669342041]],
