{
"lowlevel": {
    "average_loudness": 0.505291581154,
    "barkbands_crest": {
        "dmean": 2.68019390106,
        "dmean2": 4.38787746429,
        "dvar": 5.57930231094,
        "dvar2": 13.5328130722,
        "max": 25.7245044708,
        "mean": 10.5716791153,
        "median": 9.75798606873,
        "min": 3.29836940765,
        "var": 16.4290313721
    },
    "barkbands_flatness_db": {
        "dmean": 0.0179081372917,
        "dmean2": 0.0273994859308,
        "dvar": 0.000308094138745,
        "dvar2": 0.000692325003911,
        "max": 0.392667233944,
        "mean": 0.173364788294,
        "median": 0.165215864778,
        "min": 0.0406931303442,
        "var": 0.00272758421488
    },
    "barkbands_kurtosis": {
        "dmean": 2.35452079773,
        "dmean2": 3.72992897034,
        "dvar": 28.8751087189,
        "dvar2": 69.7565917969,
        "max": 161.720581055,
        "mean": 3.69524431229,
        "median": 1.51486873627,
        "min": -1.93543195724,
        "var": 60.2044639587
    },
    "barkbands_skewness": {
        "dmean": 0.446761280298,
        "dmean2": 0.688391983509,
        "dvar": 0.261269927025,
        "dvar2": 0.584138870239,
        "max": 11.4811449051,
        "mean": 1.2628582716,
        "median": 1.08516931534,
        "min": -3.98517656326,
        "var": 1.12343859673
    },
    "barkbands_spread": {
        "dmean": 3.59982800484,
        "dmean2": 5.61497926712,
        "dvar": 31.3658866882,
        "dvar2": 70.9577636719,
        "max": 103.631919861,
        "mean": 15.9023275375,
        "median": 14.4484443665,
        "min": 0.764636516571,
        "var": 106.637863159
    },
    "dissonance": {
        "dmean": 0.0269132684916,
        "dmean2": 0.0456752665341,
        "dvar": 0.000571033800952,
        "dvar2": 0.00156261539087,
        "max": 0.500000059605,
        "mean": 0.444926202297,
        "median": 0.451792687178,
        "min": 0.220430001616,
        "var": 0.00146240321919
    },
    "dynamic_complexity": 4.70802927017,
    "erbbands_crest": {
        "dmean": 3.03972625732,
        "dmean2": 5.0330953598,
        "dvar": 7.56182432175,
        "dvar2": 19.1086120605,
        "max": 29.5808849335,
        "mean": 10.9345569611,
        "median": 10.1058063507,
        "min": 3.09546113014,
        "var": 19.2273025513
    },
    "erbbands_flatness_db": {
        "dmean": 0.01594459638,
        "dmean2": 0.0237552821636,
        "dvar": 0.000216715052375,
        "dvar2": 0.000441727577709,
        "max": 0.374238759279,
        "mean": 0.210306465626,
        "median": 0.210562765598,
        "min": 0.0581487976015,
        "var": 0.00191190326586
    },
    "erbbands_kurtosis": {
        "dmean": 0.980750501156,
        "dmean2": 1.57121264935,
        "dvar": 2.1753180027,
        "dvar2": 4.8885436058,
        "max": 58.3233222961,
        "mean": 0.735828399658,
        "median": 0.0230293273926,
        "min": -1.8293620348,
        "var": 6.41306400299
    },
    "erbbands_skewness": {
        "dmean": 0.360304683447,
        "dmean2": 0.557630717754,
        "dvar": 0.117831200361,
        "dvar2": 0.251577436924,
        "max": 4.32434225082,
        "mean": 0.53098154068,
        "median": 0.528348267078,
        "min": -6.47809171677,
        "var": 0.72872120142
    },
    "erbbands_spread": {
        "dmean": 5.33063650131,
        "dmean2": 8.33429813385,
        "dvar": 49.1513137817,
        "dvar2": 110.830574036,
        "max": 164.247772217,
        "mean": 26.7826919556,
        "median": 25.4549617767,
        "min": 5.19161081314,
        "var": 144.052154541
    },
    "hfc": {
        "dmean": 3.35671257973,
        "dmean2": 4.72639846802,
        "dvar": 50.8868331909,
        "dvar2": 98.2791824341,
        "max": 399.033569336,
        "mean": 12.138212204,
        "median": 5.38569355011,
        "min": 1.21947148128e-16,
        "var": 257.196777344
    },
    "melbands_crest": {
        "dmean": 3.37083172798,
        "dmean2": 5.47328805923,
        "dvar": 8.65434265137,
        "dvar2": 21.9381999969,
        "max": 32.6098861694,
        "mean": 13.8713197708,
        "median": 12.9756736755,
        "min": 1.74966406822,
        "var": 25.2028942108
    },
    "melbands_flatness_db": {
        "dmean": 0.0199215877801,
        "dmean2": 0.0303704999387,
        "dvar": 0.000418158160755,
        "dvar2": 0.000901171122678,
        "max": 0.530873596668,
        "mean": 0.24400831759,
        "median": 0.233013093472,
        "min": 0.00628652889282,
        "var": 0.00465553626418
    },
    "melbands_kurtosis": {
        "dmean": 4.12102079391,
        "dmean2": 6.53248548508,
        "dvar": 83.3704147339,
        "dvar2": 195.54510498,
        "max": 253.793060303,
        "mean": 7.78900146484,
        "median": 4.13022184372,
        "min": -1.94332647324,
        "var": 167.118164062
    },
    "melbands_skewness": {
        "dmean": 0.526158392429,
        "dmean2": 0.813605368137,
        "dvar": 0.363349378109,
        "dvar2": 0.831402301788,
        "max": 11.8091545105,
        "mean": 1.86207175255,
        "median": 1.61348259449,
        "min": -0.833292245865,
        "var": 1.48325943947
    },
    "melbands_spread": {
        "dmean": 5.20902633667,
        "dmean2": 7.95061397552,
        "dvar": 98.0355224609,
        "dvar2": 172.160552979,
        "max": 312.336639404,
        "mean": 20.9007453918,
        "median": 17.4871082306,
        "min": 0.646389305592,
        "var": 360.016784668
    },
    "pitch_salience": {
        "dmean": 0.0673651397228,
        "dmean2": 0.108914792538,
        "dvar": 0.00344997504726,
        "dvar2": 0.00854972563684,
        "max": 0.896940886974,
        "mean": 0.556713879108,
        "median": 0.560105443001,
        "min": 0.094543941319,
        "var": 0.0126434070989
    },
    "silence_rate_20dB": {
        "dmean": 0,
        "dmean2": 0,
        "dvar": 0,
        "dvar2": 0,
        "max": 1,
        "mean": 1,
        "median": 1,
        "min": 1,
        "var": 0
    },
    "silence_rate_30dB": {
        "dmean": 0.00152014184278,
        "dmean2": 0.00304066902027,
        "dvar": 0.0015174401924,
        "dvar2": 0.00404526153579,
        "max": 1,
        "mean": 0.998353362083,
        "median": 1,
        "min": 0,
        "var": 0.00164404511452
    },
    "silence_rate_60dB": {
        "dmean": 0.043830756098,
        "dmean2": 0.0876726210117,
        "dvar": 0.041910815984,
        "dvar2": 0.0962058529258,
        "max": 1,
        "mean": 0.180493980646,
        "median": 0,
        "min": 0,
        "var": 0.147927239537
    },
    "spectral_centroid": {
        "dmean": 182.466400146,
        "dmean2": 278.786315918,
        "dvar": 63693.7148438,
        "dvar2": 114822.523438,
        "max": 11193.1699219,
        "mean": 1180.57373047,
        "median": 1109.9206543,
        "min": 155.453994751,
        "var": 394318.9375
    },
    "spectral_complexity": {
        "dmean": 1.82442367077,
        "dmean2": 3.0424425602,
        "dvar": 2.86532449722,
        "dvar2": 7.26068973541,
        "max": 33,
        "mean": 11.2886638641,
        "median": 11,
        "min": 0,
        "var": 31.2296447754
    },
    "spectral_decrease": {
        "dmean": 1.00451180707e-09,
        "dmean2": 1.4941707871e-09,
        "dvar": 4.7529384407e-18,
        "dvar2": 1.127511695e-17,
        "max": 3.90741303709e-29,
        "mean": -3.49453466164e-09,
        "median": -2.36634201123e-09,
        "min": -7.3113739063e-08,
        "var": 1.45044383332e-17
    },
    "spectral_energy": {
        "dmean": 0.00404073810205,
        "dmean2": 0.00598495360464,
        "dvar": 7.18639785191e-05,
        "dvar2": 0.000169184990227,
        "max": 0.278260052204,
        "mean": 0.0142901670188,
        "median": 0.00954397208989,
        "min": 1.09134986924e-20,
        "var": 0.000237065774854
    },
    "spectral_energyband_high": {
        "dmean": 6.10981805949e-05,
        "dmean2": 8.69922005222e-05,
        "dvar": 3.2528794236e-07,
        "dvar2": 6.12806729805e-07,
        "max": 0.0444222800434,
        "mean": 0.000123101781355,
        "median": 2.76741848211e-05,
        "min": 8.17463017501e-21,
        "var": 6.0014428982e-07
    },
    "spectral_energyband_low": {
        "dmean": 0.00144584057853,
        "dmean2": 0.00231333263218,
        "dvar": 4.98589179188e-05,
        "dvar2": 0.000125054182718,
        "max": 0.270938634872,
        "mean": 0.00274872849695,
        "median": 0.00121658213902,
        "min": 4.95941515656e-23,
        "var": 7.57050074753e-05
    },
    "spectral_energyband_middle_high": {
        "dmean": 0.00136744324118,
        "dmean2": 0.00195938884281,
        "dvar": 6.81004985381e-06,
        "dvar2": 1.31990291266e-05,
        "max": 0.0501534640789,
        "mean": 0.00407951744273,
        "median": 0.00168700655922,
        "min": 1.43091583097e-21,
        "var": 3.4256674553e-05
    },
    "spectral_energyband_middle_low": {
        "dmean": 0.00272499280982,
        "dmean2": 0.00409814435989,
        "dvar": 2.09515437746e-05,
        "dvar2": 4.56896304968e-05,
        "max": 0.0875969007611,
        "mean": 0.00764094805345,
        "median": 0.00451338663697,
        "min": 2.84785198646e-22,
        "var": 8.51586300996e-05
    },
    "spectral_entropy": {
        "dmean": 0.153083086014,
        "dmean2": 0.230007603765,
        "dvar": 0.0231751091778,
        "dvar2": 0.0463633537292,
        "max": 9.77725315094,
        "mean": 7.04548406601,
        "median": 7.05216121674,
        "min": 5.44964551926,
        "var": 0.211397498846
    },
    "spectral_flux": {
        "dmean": 0.0208198465407,
        "dmean2": 0.0347300134599,
        "dvar": 0.00071744347224,
        "dvar2": 0.00199765805155,
        "max": 0.444755107164,
        "mean": 0.0661375373602,
        "median": 0.0522327646613,
        "min": 1.04467691442e-10,
        "var": 0.00225039711222
    },
    "spectral_kurtosis": {
        "dmean": 2.89910674095,
        "dmean2": 5.03593683243,
        "dvar": 8.27597141266,
        "dvar2": 24.3081531525,
        "max": 43.6320991516,
        "mean": 9.30393695831,
        "median": 8.09302330017,
        "min": -1.42788255215,
        "var": 25.3601360321
    },
    "spectral_rms": {
        "dmean": 0.000474028784083,
        "dmean2": 0.000690792279784,
        "dvar": 3.64529029184e-07,
        "dvar2": 7.57553323183e-07,
        "max": 0.0164764449,
        "mean": 0.00330833834596,
        "median": 0.00305142463185,
        "min": 3.26302244773e-12,
        "var": 2.99650514535e-06
    },
    "spectral_rolloff": {
        "dmean": 336.317687988,
        "dmean2": 569.330383301,
        "dvar": 607190.9375,
        "dvar2": 1324415.375,
        "max": 18669.2871094,
        "mean": 1331.54882812,
        "median": 1012.06054688,
        "min": 64.599609375,
        "var": 1504179.625
    },
    "spectral_skewness": {
        "dmean": 0.286017924547,
        "dmean2": 0.481061935425,
        "dvar": 0.066237129271,
        "dvar2": 0.180373072624,
        "max": 5.14519786835,
        "mean": 2.12548422813,
        "median": 2.02204942703,
        "min": -0.635919928551,
        "var": 0.338844299316
    },
    "spectral_spread": {
        "dmean": 360744,
        "dmean2": 541504.5,
        "dvar": 524240224256,
        "dvar2": 835087040512,
        "max": 41190140,
        "mean": 3171475.25,
        "median": 2954189.75,
        "min": 1457957.875,
        "var": 1.72189836902e+12
    },
    "spectral_strongpeak": {
        "dmean": 0.505640923977,
        "dmean2": 0.826672434807,
        "dvar": 0.74518340826,
        "dvar2": 1.94809317589,
        "max": 15.1257753372,
        "mean": 1.03192389011,
        "median": 0.502131223679,
        "min": 0,
        "var": 1.60881960392
    },
    "zerocrossingrate": {
        "dmean": 0.00678162882105,
        "dmean2": 0.00818126276135,
        "dvar": 0.000158646420459,
        "dvar2": 0.000159243179951,
        "max": 0.548828125,
        "mean": 0.0475313179195,
        "median": 0.04248046875,
        "min": 0.00341796875,
        "var": 0.00108586880378
    },
    "barkbands": {
        "dmean": [0.000153781904373, 0.00115657877177, 0.00036567405914, 0.000323253188981, 0.000520906818565, 0.000626304652542, 0.000578379142098, 0.000911552109756, 0.00150697794743, 0.000431779713836, 0.000255293387454, 0.000459099799627, 0.000335939985234, 0.000204119816772, 7.95476298663e-05, 0.000135144102387, 7.96934327809e-05, 0.00039290895802, 0.000256086845184, 6.75643468639e-06, 4.58459044239e-06, 7.58452961236e-06, 1.97456374735e-05, 2.35093702941e-05, 1.12150128189e-05, 3.36536641043e-06, 3.51225253326e-07],
        "dmean2": [0.000261150271399, 0.00185808294918, 0.000604123575613, 0.000528569857124, 0.000823892769404, 0.000943327031564, 0.000869832874741, 0.00140223721974, 0.00229464983568, 0.000668293505441, 0.000391244451748, 0.000667004205752, 0.000540445151273, 0.000320641731378, 0.000129035615828, 0.000207145436434, 0.000126515253214, 0.000625087239314, 0.00042736926116, 1.11503723019e-05, 7.32088847144e-06, 1.16683186207e-05, 2.88515766442e-05, 3.33134994435e-05, 1.62182404893e-05, 4.93205607199e-06, 5.35372805643e-07],
        "dvar": [1.22330192198e-07, 3.83094375138e-05, 4.1228227019e-06, 5.04340505358e-07, 1.4729968143e-06, 3.61940510629e-06, 2.30221098718e-06, 7.67630444898e-06, 1.75434779521e-05, 1.76118328454e-06, 9.14348106562e-07, 2.33679270423e-06, 1.05750950752e-06, 4.49619079745e-07, 1.11566954786e-07, 1.06584536752e-07, 3.92706489549e-08, 1.02995932139e-06, 4.34375493796e-07, 3.17224330137e-10, 3.79112907734e-10, 1.12877329705e-09, 1.41053968505e-08, 1.02768424881e-07, 1.69215308432e-08, 2.03222239037e-09, 7.40120985332e-12],
        "dvar2": [3.58574141046e-07, 9.47743101278e-05, 9.14985685085e-06, 1.29872273646e-06, 3.62474406757e-06, 7.19201034372e-06, 5.09954588779e-06, 1.69490795088e-05, 3.7602341763e-05, 3.53105156137e-06, 2.17918955059e-06, 4.92729668622e-06, 2.44510920311e-06, 9.97811184789e-07, 2.7876805575e-07, 2.18149551756e-07, 9.12325575086e-08, 2.37354856836e-06, 1.15191176064e-06, 7.31975424717e-10, 8.36821500982e-10, 2.36070918369e-09, 2.78604979087e-08, 1.91389901261e-07, 3.66689931752e-08, 3.86524412477e-09, 1.31091110189e-11],
        "max": [0.00755337392911, 0.2102073282, 0.10490642488, 0.0159640721977, 0.050813190639, 0.0583435259759, 0.0392214879394, 0.081388451159, 0.0731352567673, 0.0411619730294, 0.0335035659373, 0.0308988764882, 0.0208841189742, 0.0198725797236, 0.0161985885352, 0.00815291702747, 0.00479354197159, 0.0205366462469, 0.0128967864439, 0.000597791571636, 0.000858513347339, 0.00157998397481, 0.00762993330136, 0.0256257113069, 0.007042249199, 0.00364995421842, 0.000201882998226],
        "mean": [0.000266180315521, 0.00175923050847, 0.000537336745765, 0.000476129818708, 0.00104458618443, 0.00115077744704, 0.000993492081761, 0.00122439791448, 0.00250096945092, 0.000792973733041, 0.000397588883061, 0.000613610493019, 0.000434143585153, 0.000305156776449, 0.000142588323797, 0.000246168841841, 0.000185981480172, 0.000726435391698, 0.000360868027201, 1.41786331369e-05, 9.66729385254e-06, 1.48641247506e-05, 3.80811179639e-05, 3.53007890226e-05, 1.46611155287e-05, 4.31927310274e-06, 4.76234191638e-07],
        "median": [3.29118702211e-05, 0.000473083520774, 0.000167599093402, 0.00015610436094, 0.000515729479957, 0.000421811884735, 0.000219965921133, 0.000134701520437, 0.000251590070548, 0.000138684379635, 7.88723482401e-05, 8.27749754535e-05, 8.63232417032e-05, 8.3619626821e-05, 4.75186207041e-05, 7.81036214903e-05, 4.12844747189e-05, 7.60989132687e-05, 5.5220862123e-05, 6.01323245064e-06, 3.14324688588e-06, 4.30563022746e-06, 4.39281257059e-06, 3.75237686967e-06, 1.72521811237e-06, 5.95069025167e-07, 4.90758189642e-08],
        "min": [1.91128075793e-23, 2.39677163364e-23, 9.0271783076e-24, 6.09448612939e-24, 1.67793538663e-23, 6.3024792467e-23, 3.3931065857e-23, 2.65797720554e-23, 1.20502176209e-22, 7.05153612391e-23, 1.68292319636e-23, 2.73611640256e-23, 9.17896208774e-23, 1.03327935928e-22, 1.13213909238e-22, 1.2126710623e-22, 2.43093634748e-22, 1.27651401712e-22, 2.28857812987e-22, 5.48204863292e-22, 4.92108194393e-22, 6.14485335202e-22, 7.404848748e-22, 8.0650700423e-22, 1.30698878674e-21, 1.44351892522e-21, 2.8006515986e-21],
        "var": [2.94056064831e-07, 4.54517758044e-05, 6.20220498604e-06, 8.26885354854e-07, 3.23406879943e-06, 8.26314226288e-06, 5.37185042049e-06, 1.47904402183e-05, 4.12572189816e-05, 4.67195422971e-06, 1.44392151924e-06, 3.57997760148e-06, 1.42835506267e-06, 7.12154758276e-07, 2.07933368301e-07, 2.42697808517e-07, 1.63902967643e-07, 2.84870156975e-06, 6.89079115546e-07, 7.84255438369e-10, 7.93252297182e-10, 2.18777396199e-09, 2.82050631739e-08, 1.91106053649e-07, 2.38386039797e-08, 3.17597104171e-09, 1.32368005445e-11]
    },
    "erbbands": {
        "dmean": [0.0401969105005, 0.247176483274, 0.391594946384, 0.777428507805, 1.29832792282, 2.06252717972, 3.05206012726, 5.80263233185, 7.11616802216, 9.94896602631, 24.0712718964, 34.9363365173, 15.2530241013, 11.7823925018, 11.0192079544, 17.7376384735, 12.2277336121, 10.8662290573, 5.45284223557, 4.05000925064, 7.36433935165, 4.12954330444, 10.6101827621, 23.3771915436, 2.17569351196, 0.367234766483, 0.196585774422, 0.193466454744, 0.276046097279, 0.362530738115, 0.606080532074, 0.504703879356, 0.385033130646, 0.164971083403, 0.061114884913, 0.0211414732039, 0.00447828508914, 0.000722954864614, 6.30820650258e-05, 5.99883651375e-06],
        "dmean2": [0.0656770765781, 0.391852557659, 0.651252448559, 1.25951778889, 2.09136128426, 3.25767469406, 4.65922307968, 8.70373058319, 10.6477622986, 14.1906700134, 35.9986763, 51.3580513, 22.3796081543, 17.4798603058, 16.5177268982, 25.6902370453, 18.9268493652, 16.9611854553, 8.44709205627, 6.20134544373, 11.5959625244, 6.20385837555, 16.1364593506, 37.427192688, 3.328302145, 0.592678308487, 0.31090220809, 0.312079578638, 0.427391588688, 0.547328650951, 0.892015039921, 0.719322562218, 0.539911270142, 0.238081499934, 0.0896898061037, 0.0308990515769, 0.00651459814981, 0.0010522310622, 9.76004666882e-05, 8.81895903149e-06],
        "dvar": [0.0315642617643, 2.10867977142, 6.5512638092, 4.28301668167, 6.12353992462, 38.3050956726, 92.5942382812, 375.60144043, 397.956573486, 920.153686523, 5243.06591797, 10570.6787109, 2156.93041992, 1173.39111328, 1786.13415527, 4070.71777344, 1246.72473145, 1322.47241211, 735.347595215, 111.219917297, 291.180847168, 102.785011292, 885.968261719, 2975.14892578, 28.0920524597, 0.815775036812, 0.602616429329, 0.684280157089, 1.77531695366, 3.93243503571, 14.6542692184, 37.862159729, 28.192855835, 4.30083322525, 0.340422123671, 0.0714711174369, 0.00298414705321, 4.90657548653e-05, 2.47765626682e-07, 3.04078789926e-10],
        "dvar2": [0.0745243132114, 5.38903284073, 16.1518173218, 10.4971609116, 15.4812736511, 94.4914932251, 163.492416382, 740.82220459, 869.831054688, 1871.41674805, 12042.0742188, 22394.8144531, 4280.79882812, 2442.02075195, 3983.00415039, 8436.91113281, 2740.23193359, 3011.07177734, 1444.24230957, 220.18309021, 630.22479248, 214.591262817, 1962.55407715, 7422.27392578, 58.5337028503, 1.91670000553, 1.18563973904, 1.64155042171, 3.85867762566, 7.89545583725, 30.385181427, 71.7942657471, 52.0494499207, 9.37871742249, 0.635091900826, 0.14506867528, 0.00455342512578, 8.58752609929e-05, 4.34684039874e-07, 5.62825286377e-10],
        "max": [7.01838302612, 55.3069915771, 123.160827637, 93.9677963257, 97.5589828491, 270.110961914, 636.33026123, 606.513244629, 592.248779297, 717.516296387, 2126.6550293, 1943.96008301, 1510.15124512, 978.709716797, 1428.79858398, 1522.99902344, 769.058776855, 746.329528809, 1213.81311035, 359.102874756, 346.094909668, 228.565063477, 619.664367676, 1196.46520996, 152.564758301, 35.6987571716, 43.0130844116, 29.3745307922, 70.119430542, 102.744194031, 258.834014893, 499.700195312, 402.612121582, 110.213745117, 37.201335907, 20.2528152466, 4.68292570114, 0.56469476223, 0.0325102284551, 0.000995633425191],
        "mean": [0.0559213012457, 0.373924344778, 0.640233159065, 1.21900057793, 2.40884232521, 3.86287665367, 5.98626422882, 10.1932353973, 12.8867959976, 16.6396827698, 40.7048110962, 56.8426742554, 29.4257297516, 20.3887825012, 17.5705890656, 25.9328708649, 20.3357486725, 16.8760948181, 10.0944232941, 9.96396446228, 13.1702070236, 11.3700504303, 27.116519928, 44.8176727295, 5.06813621521, 0.840695202351, 0.431612998247, 0.397748202085, 0.510871231556, 0.686978757381, 1.1823464632, 0.812403261662, 0.561122775078, 0.21390029788, 0.0851982757449, 0.0274048466235, 0.0059592933394, 0.00100058934186, 9.34317722567e-05, 1.9529436031e-05],
        "median": [0.0131273949519, 0.0978957861662, 0.235689684749, 0.480781853199, 1.09926211834, 1.67476606369, 2.46230053902, 3.74368524551, 3.58577299118, 3.86515974998, 4.53593873978, 6.3905339241, 6.5442442894, 5.70221185684, 4.68233346939, 4.29526472092, 5.00545930862, 4.3140335083, 3.58218050003, 3.84396505356, 4.29954528809, 2.7627453804, 3.68036985397, 5.18472242355, 1.53104925156, 0.435318678617, 0.157246023417, 0.135034948587, 0.148169547319, 0.134732589126, 0.125829204917, 0.100160121918, 0.046548422426, 0.0206618756056, 0.0115972645581, 0.00385728967376, 0.000810645869933, 0.00014694595302, 1.44099403769e-05, 1.20726272144e-05],
        "min": [6.94802533002e-22, 5.22044993692e-21, 1.1761465449e-20, 1.83841698933e-20, 2.89653899721e-20, 5.47764236135e-20, 3.28914179264e-19, 4.47590376283e-19, 3.34677172441e-19, 7.88522223228e-19, 1.31446247505e-18, 2.76048554498e-18, 1.73187880185e-18, 1.78375481358e-18, 7.6316158943e-19, 1.40167119645e-18, 3.7520929129e-18, 4.91388752198e-18, 5.52527077479e-18, 5.78795604037e-18, 8.26972411193e-18, 1.28213400264e-17, 9.00152666395e-18, 1.34949826824e-17, 1.37973883338e-17, 2.48121725199e-17, 2.12872382924e-17, 1.83130161014e-17, 2.21913417389e-17, 2.08021911618e-17, 2.3401543371e-17, 1.85660473421e-17, 1.27813061391e-17, 1.21177641856e-17, 9.52312856025e-18, 6.30977176286e-18, 2.75345120105e-18, 1.22611472594e-18, 4.20235461727e-19, 3.73905896337e-20],
        "var": [0.0423306971788, 2.29692649841, 8.56029891968, 6.55641269684, 13.3745546341, 73.5311889648, 290.166717529, 725.64050293, 877.528320312, 2221.02270508, 13684.1464844, 23172.9707031, 6561.71826172, 2451.02832031, 2494.34814453, 6464.74414062, 2249.41552734, 2163.59350586, 1203.26757812, 486.527008057, 638.71673584, 563.027709961, 3849.89916992, 7680.36279297, 88.7440261841, 2.06950354576, 1.48471224308, 1.17560517788, 3.25087022781, 6.65965223312, 29.1426067352, 65.6895065308, 55.3962669373, 6.18854427338, 0.581848263741, 0.105145022273, 0.00598128791898, 8.69657087605e-05, 4.47466760534e-07, 7.83961562334e-10]
    },
    "gfcc": {
        "mean": [-80.7027435303, 119.540802002, -130.475067139, 10.9953613281, -52.1904907227, 4.75846004486, -40.6660499573, 15.8567743301, -17.4534454346, -10.2782678604, -4.68804264069, 1.21122121811, -15.499423027],
        "cov": [[6407.75585938, -997.873657227, -978.459960938, 88.8010406494, -35.792842865, 231.327362061, 15.5101776123, 462.739227295, 179.327484131, -126.593475342, 243.711334229, 290.829498291, -183.529708862], [-997.873657227, 1661.24682617, 783.124572754, 390.148681641, 385.114624023, -72.6826629639, 85.0653839111, -114.436286926, 22.9481487274, -43.0256919861, 91.0619812012, -173.032241821, 32.6897926331], [-978.459960938, 783.124572754, 1221.96337891, 416.631652832, 181.981155396, 90.767364502, 41.102558136, -97.3212356567, -88.0610427856, 78.4529342651, -80.9507064819, -146.627212524, 86.3114624023], [88.8010406494, 390.148681641, 416.631652832, 496.049621582, 206.000686646, 111.286460876, 14.2448129654, -64.870513916, 13.0050621033, 37.5248641968, 3.1617629528, -66.2168197632, 76.0191497803], [-35.792842865, 385.114624023, 181.981155396, 206.000686646, 332.694061279, 50.6405677795, 10.7591705322, 11.7968988419, 53.1314544678, 14.9526700974, 42.6469306946, -56.157749176, -11.8630027771], [231.327362061, -72.6826629639, 90.767364502, 111.286460876, 50.6405677795, 253.054199219, 121.110534668, 2.30855727196, 13.6134786606, 58.2400817871, -46.7411460876, -33.6043395996, 39.7336463928], [15.5101776123, 85.0653839111, 41.102558136, 14.2448129654, 10.7591705322, 121.110534668, 257.494995117, 59.1956939697, 21.0846652985, 9.13215255737, -37.2580680847, 23.5329265594, 34.9745330811], [462.739227295, -114.436286926, -97.3212356567, -64.870513916, 11.7968988419, 2.30855727196, 59.1956939697, 222.147659302, 64.844078064, -55.167263031, 58.0386657715, 46.0249099731, -74.8566360474], [179.327484131, 22.9481487274, -88.0610427856, 13.0050621033, 53.1314544678, 13.6134786606, 21.0846652985, 64.844078064, 143.81300354, 11.7773704529, 78.9800872803, 8.50211715698, -41.9105682373], [-126.593475342, -43.0256919861, 78.4529342651, 37.5248641968, 14.9526700974, 58.2400817871, 9.13215255737, -55.167263031, 11.7773704529, 181.479003906, -22.5296878815, -18.595331192, 70.6907348633], [243.711334229, 91.0619812012, -80.9507064819, 3.1617629528, 42.6469306946, -46.7411460876, -37.2580680847, 58.0386657715, 78.9800872803, -22.5296878815, 184.116836548, 59.7032585144, -39.4337806702], [290.829498291, -173.032241821, -146.627212524, -66.2168197632, -56.157749176, -33.6043395996, 23.5329265594, 46.0249099731, 8.50211715698, -18.595331192, 59.7032585144, 180.217391968, 35.3306007385], [-183.529708862, 32.6897926331, 86.3114624023, 76.0191497803, -11.8630027771, 39.7336463928, 34.9745330811, -74.8566360474, -41.9105682373, 70.6907348633, -39.4337806702, 35.3306007385, 176.652542114]],
        "icov": [[0.00027713959571, -2.48714404734e-05, 0.000284417212242, -0.000411784916651, 0.000160426861839, -0.000434844900155, 0.000263834896032, -0.000546975585166, 0.000206325683394, -7.83873038017e-05, -5.71849413973e-05, -0.0003741121036, 0.00029771096888], [-2.48714404734e-05, 0.00219502416439, -0.00106198037975, -1.02316216726e-05, -0.00170186685864, 0.00218689162284, -0.00229669758119, 0.00164192076772, -0.000252006109804, 0.00130369653925, -0.00212842016481, 0.00205242820084, -0.000831545621622], [0.000284417212242, -0.00106198037975, 0.00217014155351, -0.00149478204548, 0.000825963972602, -0.00109134742524, 0.000895540986676, -0.00150611507706, 0.00149336317554, -0.00122752983589, 0.000859625404701, -0.000561719178222, 0.000710114487447], [-0.000411784916651, -1.02316216726e-05, -0.00149478204548, 0.00494436919689, -0.0019387883367, -0.000896276789717, 0.000392821384594, 0.00153807492461, -0.00139902287629, 0.00122921448201, -0.000361999002052, 0.000791935191955, -0.00224091764539], [0.000160426861839, -0.00170186685864, 0.000825963972602, -0.0019387883367, 0.00602811109275, -0.00194361782633, 0.00171050149947, -0.00192361010704, -0.000527777359821, -0.00124128907919, 0.000668351887725, -0.000722068827599, 0.00126568321139], [-0.000434844900155, 0.00218689162284, -0.00109134742524, -0.000896276789717, -0.00194361782633, 0.00932610686868, -0.00549664115533, 0.002010935219, -0.000585297297221, -0.000358060962753, -0.00107340700924, 0.00349533255212, -0.00115961162373], [0.000263834896032, -0.00229669758119, 0.000895540986676, 0.000392821384594, 0.00171050149947, -0.00549664115533, 0.00893014296889, -0.00382694019936, -0.00117981946096, -0.000458084832644, 0.00393584324047, -0.00364899355918, -0.000434195360867], [-0.000546975585166, 0.00164192076772, -0.00150611507706, 0.00153807492461, -0.00192361010704, 0.002010935219, -0.00382694019936, 0.00964301638305, -0.00260315602645, 0.00240973336622, -0.00206766976044, 0.000405256316299, 0.00133980286773], [0.000206325683394, -0.000252006109804, 0.00149336317554, -0.00139902287629, -0.000527777359821, -0.000585297297221, -0.00117981946096, -0.00260315602645, 0.0127477422357, -0.00303061632439, -0.00447391858324, 0.00075972470222, 0.00244658091106], [-7.83873038017e-05, 0.00130369653925, -0.00122752983589, 0.00122921448201, -0.00124128907919, -0.000358060962753, -0.000458084832644, 0.00240973336622, -0.00303061632439, 0.00885609164834, -0.000858147570398, 0.00194452598225, -0.00398630090058], [-5.71849413973e-05, -0.00212842016481, 0.000859625404701, -0.000361999002052, 0.000668351887725, -0.00107340700924, 0.00393584324047, -0.00206766976044, -0.00447391858324, -0.000858147570398, 0.0119543746114, -0.00554563710466, 0.00176078558434], [-0.0003741121036, 0.00205242820084, -0.000561719178222, 0.000791935191955, -0.000722068827599, 0.00349533255212, -0.00364899355918, 0.000405256316299, 0.00075972470222, 0.00194452598225, -0.00554563710466, 0.011730725877, -0.00495731504634], [0.00029771096888, -0.000831545621622, 0.000710114487447, -0.00224091764539, 0.00126568321139, -0.00115961162373, -0.000434195360867, 0.00133980286773, 0.00244658091106, -0.00398630090058, 0.00176078558434, -0.00495731504634, 0.0113010788336]]
    },
    "melbands": {
        "dmean": [0.000340355094522, 0.00023083864653, 0.00014101130364, 0.000118391908472, 0.000100118413684, 0.000127172388602, 0.000110259112262, 0.000114043919893, 0.000235814688494, 0.000209435165743, 7.59917893447e-05, 5.18224551342e-05, 3.55528136424e-05, 4.78671718156e-05, 4.06471990573e-05, 3.05839566863e-05, 2.02788814931e-05, 1.09642296593e-05, 5.76556067244e-06, 8.47502178658e-06, 9.71640019998e-06, 4.91959508508e-06, 4.62344314656e-06, 2.10126672755e-05, 2.20765505219e-05, 3.06149354401e-06, 3.28134262872e-07, 2.22036675268e-07, 1.45009408925e-07, 1.03733249546e-07, 1.28354216145e-07, 1.76229676185e-07, 1.6274623249e-07, 2.46018430516e-07, 3.5913268448e-07, 3.76838897864e-07, 2.96034983194e-07, 2.78290514188e-07, 2.33355919477e-07, 1.15047782856e-07],
        "dmean2": [0.000550128344912, 0.000371524190996, 0.000227575554163, 0.000188502614037, 0.000152174572577, 0.000191301340237, 0.000164422453963, 0.000160878727911, 0.000360796839232, 0.000302105065202, 0.000114069051051, 7.61816700106e-05, 5.40708642802e-05, 6.96529750712e-05, 6.0974216467e-05, 4.86889875901e-05, 3.14390163112e-05, 1.71518931893e-05, 9.12366249395e-06, 1.31762790261e-05, 1.55278885359e-05, 7.76693377702e-06, 7.15661190043e-06, 3.25341279677e-05, 3.60067133442e-05, 4.94324012834e-06, 5.28937050603e-07, 3.64745091019e-07, 2.30453693462e-07, 1.67416501995e-07, 2.09380075944e-07, 2.79163913319e-07, 2.54837374314e-07, 3.78149792368e-07, 5.28016357748e-07, 5.70171607706e-07, 4.22720745519e-07, 3.82466907922e-07, 3.56168612825e-07, 1.65763964333e-07],
        "dvar": [2.77264439319e-06, 2.08036794902e-06, 1.13213424413e-07, 7.74065256337e-08, 7.45077315401e-08, 1.5825675348e-07, 8.84694770775e-08, 1.11523327462e-07, 4.73710315418e-07, 3.73497840656e-07, 5.59733130956e-08, 2.23346479089e-08, 2.01437657665e-08, 2.53437235642e-08, 2.36584174473e-08, 1.00604182762e-08, 4.53484982899e-09, 3.08770875534e-09, 3.87454790474e-10, 5.5849685987e-10, 5.68859015448e-10, 1.58093968472e-10, 1.74369463313e-10, 3.68094532632e-09, 2.72714451022e-09, 6.95392216032e-11, 8.71427712976e-13, 4.01100783446e-13, 3.37012861194e-13, 2.2316389459e-13, 2.81038593005e-13, 7.2324367632e-13, 4.97171802425e-13, 2.20964501037e-12, 3.64695903685e-12, 1.32799552605e-11, 1.4511994037e-11, 1.30922677213e-11, 1.34391994061e-11, 1.51159835517e-12],
        "dvar2": [6.62664342599e-06, 5.4298870964e-06, 2.75783008874e-07, 1.95614546783e-07, 1.37775231224e-07, 3.13273460506e-07, 1.93233645973e-07, 2.10967485259e-07, 1.09146685645e-06, 7.33250828944e-07, 1.1287677637e-07, 4.57384246033e-08, 4.64404763534e-08, 5.1097330811e-08, 4.92501897043e-08, 2.28914700529e-08, 1.01596571156e-08, 5.83680792587e-09, 8.59573301426e-10, 1.13433651361e-09, 1.26942689693e-09, 3.7259520469e-10, 3.76561504201e-10, 7.92323717747e-09, 7.0162733401e-09, 1.68730043826e-10, 1.82416083107e-12, 9.69850393572e-13, 6.08353645237e-13, 5.46092739171e-13, 6.70454089382e-13, 1.5380433472e-12, 1.07411377969e-12, 4.57527592201e-12, 7.10347362529e-12, 3.26067367551e-11, 2.33648100867e-11, 2.00710368464e-11, 3.21417788218e-11, 3.04966425377e-12],
        "max": [0.0538911037147, 0.0630496442318, 0.0145072257146, 0.010840122588, 0.0165701191872, 0.011703950353, 0.00835317745805, 0.00762023124844, 0.0164768397808, 0.0120871532708, 0.00765175977722, 0.00431352341548, 0.00546505395323, 0.00401020562276, 0.00403952598572, 0.00189001695253, 0.00180421920959, 0.00226029381156, 0.000815925537609, 0.000711178290658, 0.000566088652704, 0.000285345129669, 0.00035509216832, 0.00120017188601, 0.00106859358493, 0.00022299833654, 4.73723157484e-05, 2.43180929829e-05, 4.0722428821e-05, 1.68751921592e-05, 1.81431350939e-05, 4.76330387755e-05, 2.79322812275e-05, 8.10515775811e-05, 0.000113291425805, 0.000263930036454, 0.000297649821732, 0.00027846780722, 0.000218057015445, 6.80671291775e-05],
        "mean": [0.00052119337488, 0.000400131102651, 0.000240323948674, 0.000235379731748, 0.000203343501198, 0.000229316443438, 0.00019647408044, 0.000178874804988, 0.000390863453504, 0.000338191632181, 0.000140524469316, 8.52176672197e-05, 5.69557378185e-05, 6.29364294582e-05, 6.51467198622e-05, 3.93100817746e-05, 2.98078102787e-05, 1.74951219378e-05, 1.08498843474e-05, 1.62803789863e-05, 1.47026466948e-05, 1.12405969048e-05, 1.14097583719e-05, 3.98889205826e-05, 3.83353544748e-05, 5.11962707606e-06, 6.35690639683e-07, 4.21798688421e-07, 2.81455413642e-07, 1.94928560404e-07, 2.41798147727e-07, 2.97359122214e-07, 2.8118137152e-07, 4.25347764121e-07, 6.91684931553e-07, 6.50054857942e-07, 4.33947604961e-07, 4.15097190398e-07, 2.82814710317e-07, 1.49623332391e-07],
        "median": [0.000143454934005, 0.000143841723911, 0.000112267298391, 0.000110996639705, 8.99891165318e-05, 8.68042843649e-05, 5.09208584845e-05, 3.38491881848e-05, 3.3253323636e-05, 3.54535768565e-05, 2.51615965681e-05, 2.02937699214e-05, 1.26525128508e-05, 9.31724753173e-06, 9.50669709709e-06, 7.68906284065e-06, 6.86006251271e-06, 5.39808434041e-06, 3.69732606487e-06, 5.14400153406e-06, 4.28716884926e-06, 2.46436638918e-06, 2.13022258322e-06, 3.90177365261e-06, 4.31843409388e-06, 1.19559581435e-06, 2.79755425936e-07, 1.63396236985e-07, 8.80780106627e-08, 5.97799498792e-08, 7.45686534742e-08, 7.2660618855e-08, 7.77307747057e-08, 6.62410002406e-08, 6.65591315396e-08, 7.06900067371e-08, 5.03895556392e-08, 2.98637736762e-08, 2.03604315629e-08, 1.41431639733e-08],
        "min": [7.81725816105e-24, 7.08233088706e-24, 3.46016836123e-24, 2.43515050554e-24, 9.39626660363e-24, 1.07615371282e-23, 5.89395216525e-24, 8.28988681748e-24, 1.53669094595e-23, 1.51041951122e-23, 8.49677268962e-24, 7.74861779597e-24, 2.36355703966e-24, 3.30043645248e-24, 6.3999721205e-24, 8.02090497032e-24, 9.54202601081e-24, 8.73800083241e-24, 9.40477683508e-24, 7.66797333449e-24, 9.42450782404e-24, 1.31633535274e-23, 1.04864542308e-23, 6.97573684611e-24, 1.18280557729e-23, 6.54796913164e-24, 1.51498102052e-23, 1.6814262539e-23, 1.32868773122e-23, 1.22424680722e-23, 9.39872311649e-24, 1.20221920751e-23, 1.26083070502e-23, 1.10249701278e-23, 1.46727528837e-23, 1.22977530222e-23, 1.07280562937e-23, 8.4777571975e-24, 9.3399198469e-24, 1.06192132103e-23],
        "var": [3.54718804374e-06, 2.64991535914e-06, 1.85612520909e-07, 1.7601195168e-07, 2.37510661805e-07, 3.23331931895e-07, 1.98479710889e-07, 2.64989637344e-07, 1.22270785141e-06, 8.54689801599e-07, 1.67632180137e-07, 4.89413061189e-08, 3.00365279315e-08, 4.03488229495e-08, 4.17434513622e-08, 1.36569573428e-08, 7.34411109704e-09, 4.74888839364e-09, 1.09043896135e-09, 1.36530386996e-09, 1.03314545807e-09, 6.41009856306e-10, 6.5107286229e-10, 9.93463711296e-09, 6.11346662183e-09, 1.42530293123e-10, 2.01838524193e-12, 7.79202223578e-13, 8.3728428921e-13, 3.46331877022e-13, 4.83004695268e-13, 1.48445773902e-12, 7.81308611558e-13, 3.3646165281e-12, 8.49398763131e-12, 1.71024010925e-11, 2.84294966041e-11, 3.13162482057e-11, 1.61965458406e-11, 2.43108397996e-12]
    },
    "mfcc": {
        "mean": [-725.418457031, 155.811248779, -15.9704313278, 7.71329450607, 9.43831348419, -10.951757431, -7.57897472382, 17.2041931152, -12.6517419815, 2.03818869591, 5.84685373306, -4.02085924149, -4.85772275925],
        "cov": [[6265.75439453, -1071.28930664, -1014.97766113, -183.319488525, -64.9764862061, -102.175514221, -130.395629883, 592.177429199, -203.624359131, 155.239685059, 200.043548584, 114.796905518, 1.84025382996], [-1071.28930664, 1331.51879883, 465.882507324, 376.710205078, 282.806335449, 37.7241172791, 114.84223938, -15.8081407547, -47.2742652893, 44.4325675964, 7.06960344315, 11.1357192993, -13.9689235687], [-1014.97766113, 465.882507324, 988.606506348, 360.231323242, 154.917098999, 205.025878906, 204.103225708, -183.954193115, 116.140716553, 30.4127025604, -115.63306427, -25.159822464, -9.50874710083], [-183.319488525, 376.710205078, 360.231323242, 433.346618652, 203.354858398, 148.118118286, 93.1366577148, -60.5297393799, 46.920589447, 15.4635162354, -32.6728096008, -34.1472625732, 12.477519989], [-64.9764862061, 282.806335449, 154.917098999, 203.354858398, 411.25, 47.9884338379, -11.4818029404, 19.7543754578, -85.0232009888, 85.4810333252, 31.5973033905, 7.87345933914, -25.7177200317], [-102.175514221, 37.7241172791, 205.025878906, 148.118118286, 47.9884338379, 317.456054688, 147.778610229, -138.33581543, 143.889419556, 47.0236930847, -55.6099967957, 11.175157547, -9.79625225067], [-130.395629883, 114.84223938, 204.103225708, 93.1366577148, -11.4818029404, 147.778610229, 217.175598145, -40.17420578, 132.366821289, 35.0772857666, -55.1679077148, 9.32873535156, -0.188691526651], [592.177429199, -15.8081407547, -183.954193115, -60.5297393799, 19.7543754578, -138.33581543, -40.17420578, 400.056976318, -88.1249313354, 13.9177379608, 109.097511292, 16.0999794006, 28.9001274109], [-203.624359131, -47.2742652893, 116.140716553, 46.920589447, -85.0232009888, 143.889419556, 132.366821289, -88.1249313354, 233.39944458, 19.1989974976, -50.394569397, -8.35066509247, 4.14990186691], [155.239685059, 44.4325675964, 30.4127025604, 15.4635162354, 85.4810333252, 47.0236930847, 35.0772857666, 13.9177379608, 19.1989974976, 176.452087402, 32.9796791077, 32.5059661865, -37.8086433411], [200.043548584, 7.06960344315, -115.63306427, -32.6728096008, 31.5973033905, -55.6099967957, -55.1679077148, 109.097511292, -50.394569397, 32.9796791077, 159.78578186, 48.6419830322, 19.8025989532], [114.796905518, 11.1357192993, -25.159822464, -34.1472625732, 7.87345933914, 11.175157547, 9.32873535156, 16.0999794006, -8.35066509247, 32.5059661865, 48.6419830322, 120.939994812, 15.1469163895], [1.84025382996, -13.9689235687, -9.50874710083, 12.477519989, -25.7177200317, -9.79625225067, -0.188691526651, 28.9001274109, 4.14990186691, -37.8086433411, 19.8025989532, 15.1469163895, 117.038459778]],
