{
"lowlevel": {
    "average_loudness": 0.849273741245,
    "barkbands_crest": {
        "dmean": 2.54674243927,
        "dmean2": 4.13629007339,
        "dvar": 5.33371448517,
        "dvar2": 13.2876262665,
        "max": 25.8907108307,
        "mean": 10.9971866608,
        "median": 10.3895368576,
        "min": 2.06997036934,
        "var": 15.6696901321
    },
    "barkbands_flatness_db": {
        "dmean": 0.0213237125427,
        "dmean2": 0.0321440026164,
        "dvar": 0.000408119522035,
        "dvar2": 0.000879225321114,
        "max": 0.370400309563,
        "mean": 0.188546493649,
        "median": 0.185785397887,
        "min": 0.0179507452995,
        "var": 0.0029892413877
    },
    "barkbands_kurtosis": {
        "dmean": 3.8072180748,
        "dmean2": 5.9593629837,
        "dvar": 36.5520820618,
        "dvar2": 87.6644363403,
        "max": 152.046524048,
        "mean": 8.0809545517,
        "median": 5.07109642029,
        "min": -1.94445550442,
        "var": 97.6821212769
    },
    "barkbands_skewness": {
        "dmean": 0.568376600742,
        "dmean2": 0.871747493744,
        "dvar": 0.372336030006,
        "dvar2": 0.825519561768,
        "max": 9.6172246933,
        "mean": 1.92705237865,
        "median": 1.89953219891,
        "min": -3.29785466194,
        "var": 1.74080717564
    },
    "barkbands_spread": {
        "dmean": 4.05514383316,
        "dmean2": 6.15371704102,
        "dvar": 71.1564254761,
        "dvar2": 142.768417358,
        "max": 118.052619934,
        "mean": 13.0512704849,
        "median": 9.23590183258,
        "min": 0.586966991425,
        "var": 196.485305786
    },
    "dissonance": {
        "dmean": 0.0232410077006,
        "dmean2": 0.0392086021602,
        "dvar": 0.000556145445444,
        "dvar2": 0.00148607371375,
        "max": 0.500000059605,
        "mean": 0.457934200764,
        "median": 0.467664122581,
        "min": 0.116619303823,
        "var": 0.00136198138352
    },
    "dynamic_complexity": 2.68831086159,
    "erbbands_crest": {
        "dmean": 2.73556184769,
        "dmean2": 4.43817234039,
        "dvar": 6.82349777222,
        "dvar2": 16.2661952972,
        "max": 33.5931358337,
        "mean": 10.6626806259,
        "median": 9.1428565979,
        "min": 2.3176445961,
        "var": 30.5646762848
    },
    "erbbands_flatness_db": {
        "dmean": 0.0175506360829,
        "dmean2": 0.0265810973942,
        "dvar": 0.000290578318527,
        "dvar2": 0.000603885389864,
        "max": 0.392977744341,
        "mean": 0.18719291687,
        "median": 0.185286432505,
        "min": 0.0458502657712,
        "var": 0.00267414143309
    },
    "erbbands_kurtosis": {
        "dmean": 1.68998634815,
        "dmean2": 2.64383816719,
        "dvar": 9.35789775848,
        "dvar2": 21.5107727051,
        "max": 88.9742126465,
        "mean": 2.33968615532,
        "median": 0.99810552597,
        "min": -1.8664842844,
        "var": 29.8651752472
    },
    "erbbands_skewness": {
        "dmean": 0.435328364372,
        "dmean2": 0.656034648418,
        "dvar": 0.217471405864,
        "dvar2": 0.439901053905,
        "max": 7.59697341919,
        "mean": 0.82985907793,
        "median": 0.796169877052,
        "min": -5.39238357544,
        "var": 1.08505928516
    },
    "erbbands_spread": {
        "dmean": 7.81986808777,
        "dmean2": 11.9528160095,
        "dvar": 129.729263306,
        "dvar2": 287.916870117,
        "max": 159.009109497,
        "mean": 30.4004669189,
        "median": 25.2356033325,
        "min": 1.97758185863,
        "var": 434.960998535
    },
    "hfc": {
        "dmean": 7.25272130966,
        "dmean2": 10.6492490768,
        "dvar": 537.233764648,
        "dvar2": 1176.8581543,
        "max": 653.443847656,
        "mean": 18.7370986938,
        "median": 10.4501361847,
        "min": 1.23663236879e-16,
        "var": 1089.04321289
    },
    "melbands_crest": {
        "dmean": 2.67977190018,
        "dmean2": 4.36716365814,
        "dvar": 5.85334873199,
        "dvar2": 15.4338350296,
        "max": 32.4209518433,
        "mean": 13.3238687515,
        "median": 12.8471565247,
        "min": 2.85571670532,
        "var": 17.2606582642
    },
    "melbands_flatness_db": {
        "dmean": 0.0249608699232,
        "dmean2": 0.0369321219623,
        "dvar": 0.000597782840487,
        "dvar2": 0.00122978922445,
        "max": 0.48917850852,
        "mean": 0.266344845295,
        "median": 0.264038175344,
        "min": 0.00948220025748,
        "var": 0.0052030775696
    },
    "melbands_kurtosis": {
        "dmean": 7.53000450134,
        "dmean2": 11.8668785095,
        "dvar": 128.799423218,
        "dvar2": 309.3644104,
        "max": 181.219360352,
        "mean": 16.6989212036,
        "median": 10.968914032,
        "min": -1.90063536167,
        "var": 360.902038574
    },
    "melbands_skewness": {
        "dmean": 0.726962804794,
        "dmean2": 1.12907421589,
        "dvar": 0.594082117081,
        "dvar2": 1.37696111202,
        "max": 11.469877243,
        "mean": 2.6583211422,
        "median": 2.49736571312,
        "min": -1.7585337162,
        "var": 2.77870297432
    },
    "melbands_spread": {
        "dmean": 5.03087377548,
        "dmean2": 7.63028097153,
        "dvar": 206.753860474,
        "dvar2": 430.338409424,
        "max": 297.741424561,
        "mean": 14.3685293198,
        "median": 9.67235851288,
        "min": 0.84380364418,
        "var": 402.36151123
    },
    "pitch_salience": {
        "dmean": 0.0688071995974,
        "dmean2": 0.112749837339,
        "dvar": 0.00407848786563,
        "dvar2": 0.0103033753112,
        "max": 0.959277868271,
        "mean": 0.568621814251,
        "median": 0.56700861454,
        "min": 0.107676282525,
        "var": 0.0156278871
    },
    "silence_rate_20dB": {
        "dmean": 0,
        "dmean2": 0,
        "dvar": 0,
        "dvar2": 0,
        "max": 1,
        "mean": 1,
        "median": 1,
        "min": 1,
        "var": 0
    },
    "silence_rate_30dB": {
        "dmean": 0.0101969875395,
        "dmean2": 0.0203963387758,
        "dvar": 0.0100933918729,
        "dvar2": 0.0250796414912,
        "max": 1,
        "mean": 0.988413870335,
        "median": 1,
        "min": 0,
        "var": 0.011452620849
    },
    "silence_rate_60dB": {
        "dmean": 0.00301274633966,
        "dmean2": 0.0060261907056,
        "dvar": 0.00300409994088,
        "dvar2": 0.00761376973242,
        "max": 1,
        "mean": 0.02189780958,
        "median": 0,
        "min": 0,
        "var": 0.0214121546596
    },
    "spectral_centroid": {
        "dmean": 168.255966187,
        "dmean2": 247.875732422,
        "dvar": 103439.015625,
        "dvar2": 194203.734375,
        "max": 11050.5224609,
        "mean": 834.319763184,
        "median": 665.104675293,
        "min": 186.981002808,
        "var": 335106.84375
    },
    "spectral_complexity": {
        "dmean": 3.09524917603,
        "dmean2": 4.77297496796,
        "dvar": 13.5978393555,
        "dvar2": 23.9303874969,
        "max": 58,
        "mean": 14.500289917,
        "median": 12,
        "min": 0,
        "var": 71.3642654419
    },
    "spectral_decrease": {
        "dmean": 2.6418578436e-09,
        "dmean2": 3.86771414895e-09,
        "dvar": 1.43043301081e-17,
        "dvar2": 3.06813961603e-17,
        "max": 1.07108415149e-28,
        "mean": -8.29814972292e-09,
        "median": -6.24767482194e-09,
        "min": -7.92841277075e-08,
        "var": 4.27741248975e-17
    },
    "spectral_energy": {
        "dmean": 0.0103972265497,
        "dmean2": 0.0152193270624,
        "dvar": 0.000214010491618,
        "dvar2": 0.000460089970147,
        "max": 0.301800638437,
        "mean": 0.0330186709762,
        "median": 0.0250686947256,
        "min": 1.08123718235e-20,
        "var": 0.000658739008941
    },
    "spectral_energyband_high": {
        "dmean": 0.000487559533212,
        "dmean2": 0.000713784771506,
        "dvar": 7.68065547163e-06,
        "dvar2": 1.66595236806e-05,
        "max": 0.0664667338133,
        "mean": 0.000714604160748,
        "median": 8.42928930069e-05,
        "min": 7.81557078127e-21,
        "var": 1.25802544062e-05
    },
    "spectral_energyband_low": {
        "dmean": 0.00642152223736,
        "dmean2": 0.00941510032862,
        "dvar": 0.000138786053867,
        "dvar2": 0.000318242673529,
        "max": 0.297179639339,
        "mean": 0.0144505631179,
        "median": 0.00795610621572,
        "min": 1.25975545605e-22,
        "var": 0.000287870352622
    },
    "spectral_energyband_middle_high": {
        "dmean": 0.00178316503298,
        "dmean2": 0.00268321041949,
        "dvar": 1.63131917361e-05,
        "dvar2": 2.92518070637e-05,
        "max": 0.18160367012,
        "mean": 0.00494005484506,
        "median": 0.00161645910703,
        "min": 1.40190311722e-21,
        "var": 8.73876779224e-05
    },
    "spectral_energyband_middle_low": {
        "dmean": 0.00530138565227,
        "dmean2": 0.00830829422921,
        "dvar": 5.59042237001e-05,
        "dvar2": 0.000128628045786,
        "max": 0.152244970202,
        "mean": 0.0144595336169,
        "median": 0.0102272974327,
        "min": 2.24659028244e-22,
        "var": 0.000196689041331
    },
    "spectral_entropy": {
        "dmean": 0.172806039453,
        "dmean2": 0.253893077374,
        "dvar": 0.0343316309154,
        "dvar2": 0.0646823495626,
        "max": 9.79423713684,
        "mean": 7.22020435333,
        "median": 7.25427865982,
        "min": 5.32223749161,
        "var": 0.248246073723
    },
    "spectral_flux": {
        "dmean": 0.0268940683454,
        "dmean2": 0.0430651381612,
        "dvar": 0.0010846753139,
        "dvar2": 0.00259013311006,
        "max": 0.476479023695,
        "mean": 0.0836117491126,
        "median": 0.0722702294588,
        "min": 1.03982558675e-10,
        "var": 0.00228790240362
    },
    "spectral_kurtosis": {
        "dmean": 2.54981422424,
        "dmean2": 4.23976659775,
        "dvar": 7.91240930557,
        "dvar2": 21.9271774292,
        "max": 41.33618927,
        "mean": 7.53487300873,
        "median": 6.88879013062,
        "min": -1.64974737167,
        "var": 21.8972034454
    },
    "spectral_rms": {
        "dmean": 0.000867151014972,
        "dmean2": 0.00126266607549,
        "dvar": 1.02153239823e-06,
        "dvar2": 1.96576093003e-06,
        "max": 0.0171592440456,
        "mean": 0.00527273770422,
        "median": 0.00494542857632,
        "min": 3.24786942132e-12,
        "var": 4.4116418394e-06
    },
    "spectral_rolloff": {
        "dmean": 320.122894287,
        "dmean2": 546.684875488,
        "dvar": 1266988.25,
        "dvar2": 2595570.5,
        "max": 19336.8164062,
        "mean": 973.788879395,
        "median": 559.86328125,
        "min": 64.599609375,
        "var": 2560039.5
    },
    "spectral_skewness": {
        "dmean": 0.298520117998,
        "dmean2": 0.461512982845,
        "dvar": 0.0891408547759,
        "dvar2": 0.200306430459,
        "max": 4.68344259262,
        "mean": 2.05406498909,
        "median": 2.04869651794,
        "min": -0.519136369228,
        "var": 0.396599441767
    },
    "spectral_spread": {
        "dmean": 547010.1875,
        "dmean2": 789977.5625,
        "dvar": 1.1409695703e+12,
        "dvar2": 1.78067655885e+12,
        "max": 40477192,
        "mean": 3943586,
        "median": 3196331,
        "min": 1286697.375,
        "var": 4.99713677722e+12
    },
    "spectral_strongpeak": {
        "dmean": 0.505599677563,
        "dmean2": 0.849531114101,
        "dvar": 1.09654259682,
        "dvar2": 2.61297821999,
        "max": 23.1543655396,
        "mean": 0.966758728027,
        "median": 0.468333095312,
        "min": 0,
        "var": 2.27894186974
    },
    "zerocrossingrate": {
        "dmean": 0.00853026751429,
        "dmean2": 0.00964996311814,
        "dvar": 0.000342417042702,
        "dvar2": 0.000358159537427,
        "max": 0.6396484375,
        "mean": 0.0415720753372,
        "median": 0.03125,
        "min": 0.00244140625,
        "var": 0.00185231037904
    },
    "barkbands": {
        "dmean": [7.50831313781e-05, 0.00445965444669, 0.0026305874344, 0.00116888433695, 0.00215566484258, 0.00156880705617, 0.000691890192684, 0.000605060660746, 0.001195772551, 0.000815962674096, 0.000690379238222, 0.000486826029373, 0.000300161947962, 0.000194885535166, 0.000148709019413, 0.0001433561265, 0.000117664829304, 9.49186942307e-05, 6.33920644759e-05, 4.33225286542e-05, 4.53499378636e-05, 7.20847165212e-05, 0.000131682114443, 0.00014286005171, 0.000115306051157, 2.42758032982e-05, 2.60868682744e-06],
        "dmean2": [0.000129976833705, 0.00652590487152, 0.0043274499476, 0.00192948395852, 0.00345013942569, 0.00246985605918, 0.00107056519482, 0.000949599256273, 0.00193050026428, 0.00135400216095, 0.00109184079338, 0.000743502459954, 0.000465132005047, 0.000307927490212, 0.000242460140726, 0.000222068818402, 0.00018129266391, 0.000144368881593, 9.8041484307e-05, 6.45451727905e-05, 6.66350169922e-05, 0.000114033588034, 0.000194852647837, 0.000220667920075, 0.000174229862751, 3.63172985089e-05, 3.91068260797e-06],
        "dvar": [1.11990289042e-07, 9.06679633772e-05, 2.05795531656e-05, 4.38205415776e-06, 1.32223685796e-05, 1.27205321405e-05, 4.61274885311e-06, 4.94030109621e-06, 1.45552276081e-05, 4.80968583361e-06, 5.54039115741e-06, 4.48782111562e-06, 4.08295181842e-06, 5.22390848801e-07, 3.24026785847e-07, 2.93274723617e-07, 8.1273121566e-08, 8.11493521269e-08, 3.72496238299e-08, 2.05541130782e-08, 3.8655315393e-08, 4.44160235702e-07, 1.15421653391e-06, 9.72293491941e-07, 1.00909949197e-06, 2.95813116225e-08, 2.79524403624e-10],
        "dvar2": [3.46470983459e-07, 0.000208517740248, 5.29045028088e-05, 1.08308731797e-05, 3.42583625752e-05, 2.9606233511e-05, 1.05142098619e-05, 1.01542655102e-05, 2.9980445106e-05, 1.1183659808e-05, 1.02138892544e-05, 9.02496503841e-06, 6.87547844791e-06, 1.03116178707e-06, 7.56633653509e-07, 5.37638470632e-07, 1.63080599691e-07, 2.01605928396e-07, 9.00946233173e-08, 4.29560707005e-08, 8.03695101581e-08, 1.02718388462e-06, 2.40250665229e-06, 2.44238435698e-06, 2.07853327083e-06, 6.20050570888e-08, 5.73716851804e-10],
        "max": [0.0103770559654, 0.22494071722, 0.0742459446192, 0.0366013385355, 0.0675822347403, 0.094761364162, 0.0771231129766, 0.0944372415543, 0.138679891825, 0.0699947923422, 0.114844180644, 0.0891055837274, 0.119612336159, 0.0393347777426, 0.0239392984658, 0.0405089855194, 0.0153107242659, 0.0110150054097, 0.00805452466011, 0.00680481409654, 0.00855861324817, 0.0274083390832, 0.034559417516, 0.0327642597258, 0.0491562187672, 0.00561247393489, 0.000525968032889],
        "mean": [0.000114268237667, 0.00839679967612, 0.00468047522008, 0.00195479555987, 0.00423991447315, 0.00346060818993, 0.001300371252, 0.000943633029237, 0.00200065877289, 0.00130426988471, 0.00116125645582, 0.000859082094394, 0.000559200823773, 0.000341230828781, 0.000239637185587, 0.000212839411688, 0.000209229634493, 0.000177975831321, 0.000111812005343, 7.90123449406e-05, 7.07439030521e-05, 8.80449661054e-05, 0.000152632172103, 0.000171025007148, 0.000154397537699, 3.08368471451e-05, 3.90909417547e-06],
        "median": [2.02163173526e-05, 0.00341136404313, 0.00244760373607, 0.00100591557566, 0.00253714784048, 0.00102933798917, 0.000196998298634, 0.000246778799919, 0.000431101041613, 0.000286697119009, 0.00023025648261, 0.000149098224938, 9.3246162578e-05, 8.85042609298e-05, 6.85155027895e-05, 6.03120133746e-05, 6.11348732491e-05, 4.66212404717e-05, 2.95201516565e-05, 1.90111604752e-05, 1.34167139549e-05, 7.92854007159e-06, 8.06301159173e-06, 8.26011182653e-06, 4.34613684774e-06, 1.11284759896e-06, 8.44929317623e-08],
        "min": [4.6545204167e-23, 9.89765854861e-23, 2.02929498044e-24, 4.03363513501e-24, 1.01064993758e-23, 1.07915338797e-22, 2.64190211356e-23, 2.81649754227e-23, 4.02292019511e-23, 3.52078971855e-23, 7.77434097237e-23, 1.32120241942e-22, 5.93373662951e-23, 8.00523487953e-23, 1.7585847706e-22, 1.37789614874e-22, 8.50753480341e-23, 3.68863458051e-22, 1.11434541959e-22, 3.25867989118e-22, 6.06352570544e-22, 4.97680808802e-22, 4.9176866866e-22, 1.02038605257e-21, 7.87314132002e-22, 1.77569585783e-21, 2.77724032739e-21],
        "var": [2.30413803592e-07, 0.000148102699313, 3.45308435499e-05, 7.51363222662e-06, 2.58623113041e-05, 5.39535976714e-05, 1.48650051415e-05, 1.03310130726e-05, 3.96973373427e-05, 1.03261563709e-05, 1.47387763718e-05, 1.49171328303e-05, 1.16094970508e-05, 1.09456448172e-06, 5.33914601419e-07, 6.73187741995e-07, 2.20508454163e-07, 1.7998017654e-07, 8.31071460539e-08, 5.52946737287e-08, 7.0888724224e-08, 5.46455112271e-07, 1.54687802478e-06, 1.07286894035e-06, 1.92234824681e-06, 4.67149376959e-08, 6.08838257588e-10]
    },
    "erbbands": {
        "dmean": [0.10052421689, 1.12769424915, 2.47638988495, 3.92850613594, 5.47885370255, 7.86026287079, 10.9622011185, 13.0096464157, 11.4752807617, 8.66971111298, 16.0395278931, 26.8556880951, 27.6991195679, 22.803478241, 23.8763904572, 19.1280975342, 12.8037347794, 10.5721092224, 7.99956083298, 6.95761346817, 7.65779876709, 6.39357757568, 5.3093829155, 3.82334423065, 2.47213363647, 2.08448648453, 1.95159053802, 1.74107336998, 2.28482651711, 3.31160140038, 3.87972331047, 3.04443001747, 2.47374606133, 1.54509437084, 0.686836540699, 0.19179777801, 0.0337414219975, 0.00449924869463, 0.000536669744179, 2.81316879409e-05],
        "dmean2": [0.137046724558, 1.66165113449, 4.08555841446, 6.25185632706, 8.97790622711, 12.8023424149, 17.580450058, 20.5318641663, 17.6262168884, 13.6196641922, 25.0378417969, 42.7326812744, 46.1554985046, 37.0049247742, 37.5723953247, 29.0134944916, 19.4429130554, 16.2679824829, 12.7484970093, 11.0228452682, 11.7177047729, 9.83564949036, 7.93222141266, 5.76829719543, 3.82395744324, 3.10494637489, 2.87885141373, 2.6045768261, 3.56093239784, 5.0524353981, 5.82796573639, 4.69468259811, 3.79838466644, 2.35089731216, 1.05038130283, 0.283825606108, 0.0513020418584, 0.0067363246344, 0.000790803926066, 4.0692226321e-05],
        "dvar": [0.0567298233509, 5.40529108047, 21.9191265106, 40.8713111877, 100.427894592, 210.010192871, 472.360565186, 1306.01342773, 1205.49499512, 941.076171875, 4170.98535156, 7402.52880859, 5331.5546875, 3434.28540039, 8116.06933594, 7169.83642578, 4851.19628906, 1474.42102051, 1416.71081543, 638.722900391, 928.816040039, 252.758483887, 232.198898315, 141.720336914, 56.6494293213, 55.4736251831, 89.9091186523, 101.570472717, 416.375976562, 984.918518066, 970.47064209, 416.900726318, 318.530456543, 195.444259644, 36.3738250732, 2.15014791489, 0.0592042095959, 0.000796024629381, 1.07658961497e-05, 1.2826623319e-08],
        "dvar2": [0.12515167892, 12.7453889847, 57.9337043762, 99.4869613647, 272.991119385, 548.585754395, 1141.24157715, 3041.95678711, 2635.12866211, 2155.91235352, 8289.13183594, 14874.6943359, 12528.5117188, 7797.30029297, 15868.6123047, 13517.3916016, 8137.38037109, 2399.75, 3606.29907227, 1492.62658691, 1464.29638672, 507.15234375, 577.208435059, 301.243621826, 123.059288025, 132.434707642, 195.201538086, 225.100875854, 966.158691406, 2074.05297852, 2080.65209961, 993.699707031, 798.465087891, 396.498626709, 78.1173706055, 4.6796746254, 0.132314771414, 0.00173352088314, 2.22758990276e-05, 2.61254147205e-08],
        "max": [6.99062871933, 59.5700035095, 114.927986145, 90.0200805664, 230.195159912, 323.588806152, 633.389770508, 1191.81665039, 740.548156738, 2043.9161377, 2937.07104492, 3540.22314453, 2649.88134766, 1971.68371582, 4807.22070312, 3846.47875977, 4123.33349609, 2308.20654297, 1870.7088623, 1206.36950684, 2723.93896484, 833.900939941, 624.951904297, 512.782104492, 396.407409668, 396.635314941, 503.791015625, 531.369140625, 916.263061523, 1194.66955566, 871.906433105, 537.923522949, 657.864685059, 799.187988281, 244.601745605, 47.3791847229, 9.1121635437, 0.866824150085, 0.102425292134, 0.00397321069613],
        "mean": [0.216253265738, 2.02131342888, 4.33064985275, 7.80321502686, 9.55305290222, 14.0979375839, 22.1584663391, 28.444688797, 23.4591579437, 15.9348154068, 27.4993343353, 44.9311599731, 46.5195083618, 39.5056724548, 41.9420280457, 37.8399581909, 25.4467525482, 20.2680664062, 14.3308877945, 11.8618993759, 12.1826677322, 11.8311319351, 10.2456169128, 7.34778833389, 4.5709528923, 3.77139258385, 3.3814535141, 2.51898169518, 2.7973921299, 4.04436159134, 4.43967294693, 3.57543110847, 2.92591810226, 2.0720410347, 0.869681298733, 0.230268612504, 0.0435298644006, 0.00656255241483, 0.000815730832983, 6.56368865748e-05],
        "median": [0.0941467806697, 0.819321751595, 2.48813509941, 4.14139604568, 5.28122758865, 7.30269432068, 9.90388679504, 6.62598323822, 4.50453615189, 3.81889772415, 7.05235338211, 10.739979744, 11.5353651047, 10.1575860977, 9.02715492249, 6.2962884903, 4.7750287056, 5.00663709641, 3.9110648632, 3.52430844307, 3.59354877472, 3.43767881393, 2.68331861496, 1.97900748253, 1.30405843258, 0.901076257229, 0.64810860157, 0.451792061329, 0.303860187531, 0.24051618576, 0.228347674012, 0.193779811263, 0.117274612188, 0.0615946464241, 0.0209283586591, 0.00598873011768, 0.00169312837534, 0.000353756244294, 3.29040813085e-05, 3.36765951943e-05],
        "min": [3.07913883471e-21, 2.09512603009e-20, 1.12214796833e-20, 7.94239841025e-21, 1.90130404164e-20, 4.54592065965e-20, 1.77975702383e-19, 1.13764775943e-18, 6.80858617746e-19, 5.58247186511e-19, 6.9516000185e-19, 7.50186589438e-19, 8.69275937323e-19, 2.04670725851e-18, 3.89736319926e-18, 4.92030561635e-18, 2.84247155139e-18, 3.80522603237e-18, 7.89678642404e-18, 7.2605215784e-18, 7.38847235709e-18, 5.40952132372e-18, 1.47660772153e-17, 1.27759824047e-17, 9.29360827415e-18, 1.36813324123e-17, 2.02303562412e-17, 2.60644693734e-17, 2.19068511651e-17, 1.27298720486e-17, 1.46475438879e-17, 2.0341320866e-17, 1.57774461349e-17, 8.78750691534e-18, 6.55960181455e-18, 6.88159138056e-18, 3.0293773535e-18, 1.48702393136e-18, 3.42369202506e-19, 4.09736420104e-20],
        "var": [0.102186366916, 8.46885585785, 31.0112380981, 85.0792312622, 158.763809204, 375.063720703, 1505.82568359, 5428.32666016, 3687.60449219, 4551.78076172, 10226.4755859, 19843.6386719, 11782.2041016, 8266.83007812, 18408.1660156, 33261.4570312, 14603.2597656, 4690.03613281, 1920.89367676, 1155.76843262, 2317.3527832, 727.658813477, 598.225341797, 304.489562988, 158.945571899, 134.098175049, 176.602172852, 137.714187622, 497.637756348, 1378.67211914, 1248.07397461, 483.230194092, 370.239440918, 378.032104492, 59.1012191772, 3.11085367203, 0.0919447615743, 0.00150116428267, 2.4667564503e-05, 3.19256088233e-08]
    },
    "gfcc": {
        "mean": [-30.4423122406, 120.19757843, -110.131004333, 21.9958992004, -49.203037262, 15.9619197845, -32.2683143616, 8.00776767731, -21.201461792, -8.11059379578, -12.6011991501, -3.33514308929, -6.11869049072],
        "cov": [[4063.06567383, -921.605712891, 502.178741455, 224.79019165, -247.64956665, 213.531814575, -274.869659424, 279.468292236, -152.526428223, 158.183532715, 67.0946578979, 92.5219192505, 57.8019866943], [-921.605712891, 2190.97949219, 675.547912598, 536.770324707, 556.348754883, -207.951828003, 150.299514771, -342.300476074, 121.447090149, -98.0716171265, 183.786804199, -47.602142334, 131.741851807], [502.178741455, 675.547912598, 1946.85241699, 785.55480957, 235.440734863, 50.8101730347, -355.809204102, -131.858032227, 16.7023220062, 110.302658081, 183.470169067, 87.4670562744, 155.612976074], [224.79019165, 536.770324707, 785.55480957, 747.248474121, 257.462493896, -29.7410812378, -63.9608917236, -104.999969482, 43.2104797363, 16.3620758057, 95.4885025024, 30.3533115387, 92.5908737183], [-247.64956665, 556.348754883, 235.440734863, 257.462493896, 394.067626953, 23.4069099426, 118.182250977, -35.7388381958, 21.5809879303, -19.0037250519, 36.0022468567, -10.2461671829, 40.828666687], [213.531814575, -207.951828003, 50.8101730347, -29.7410812378, 23.4069099426, 297.206176758, 84.4098510742, 47.1605491638, -12.2215919495, 2.14519476891, -28.047039032, -11.0716018677, -27.5306129456], [-274.869659424, 150.299514771, -355.809204102, -63.9608917236, 118.182250977, 84.4098510742, 320.829071045, 30.9861030579, 45.4519386292, -48.7211112976, -57.9829177856, -39.5121879578, -42.5681495667], [279.468292236, -342.300476074, -131.858032227, -104.999969482, -35.7388381958, 47.1605491638, 30.9861030579, 233.13722229, 15.3592700958, 38.0861206055, -30.5399074554, -14.4686880112, -15.5258541107], [-152.526428223, 121.447090149, 16.7023220062, 43.2104797363, 21.5809879303, -12.2215919495, 45.4519386292, 15.3592700958, 116.597763062, 12.9550123215, 8.07499504089, -15.7209768295, -10.8633956909], [158.183532715, -98.0716171265, 110.302658081, 16.3620758057, -19.0037250519, 2.14519476891, -48.7211112976, 38.0861206055, 12.9550123215, 107.791992188, 51.1954345703, 27.3830795288, 12.4780158997], [67.0946578979, 183.786804199, 183.470169067, 95.4885025024, 36.0022468567, -28.047039032, -57.9829177856, -30.5399074554, 8.07499504089, 51.1954345703, 144.80255127, 36.6261825562, 46.8824958801], [92.5219192505, -47.602142334, 87.4670562744, 30.3533115387, -10.2461671829, -11.0716018677, -39.5121879578, -14.4686880112, -15.7209768295, 27.3830795288, 36.6261825562, 82.2774810791, 32.5235595703], [57.8019866943, 131.741851807, 155.612976074, 92.5908737183, 40.828666687, -27.5306129456, -42.5681495667, -15.5258541107, -10.8633956909, 12.4780158997, 46.8824958801, 32.5235595703, 92.2771072388]],
        "icov": [[0.000374906783691, -4.94856749356e-06, 7.76433080318e-06, -0.000321424013237, 0.000344901665812, -0.000274043821264, 0.000123456746223, -0.00053105445113, 0.000553506193683, -0.000191565821297, -9.74133072305e-05, -0.0001297325216, 1.16734577205e-06], [-4.94856749356e-06, 0.00188764382619, -0.000727185513824, 0.000490383070428, -0.00154201174155, 0.00145978794899, -0.00147584802471, 0.00189033406787, -0.00117449497338, 0.00142654741649, -0.00183592794929, 0.00194443739019, -0.00128629640676], [7.76433080318e-06, -0.000727185513824, 0.00173819228075, -0.00127491611056, 4.46531448688e-05, -0.00148328044452, 0.00229008216411, -0.000441025826149, -5.72921308049e-05, -0.00112697505392, 0.000718394701835, -0.00093962054234, 1.31180058816e-05], [-0.000321424013237, 0.000490383070428, -0.00127491611056, 0.00345591106452, -0.00178086187225, 0.00108512770385, -0.000805799907539, 0.00139650667552, -0.00154337764252, 0.000931640388444, -0.000554192694835, 0.000572937831748, -0.00106955820229], [0.000344901665812, -0.00154201174155, 4.46531448688e-05, -0.00178086187225, 0.00618660217151, -0.00112225615885, -0.00152697449084, -0.00206616497599, 0.00229267752729, -0.000867097987793, 0.000464007927803, -0.000602576299571, -6.33109084447e-05], [-0.000274043821264, 0.00145978794899, -0.00148328044452, 0.00108512770385, -0.00112225615885, 0.00581462820992, -0.0034174437169, 0.00103230634704, 0.000162234820891, 0.000935317890253, -0.00113484426402, 0.00165199488401, 0.000215553533053], [0.000123456746223, -0.00147584802471, 0.00229008216411, -0.000805799907539, -0.00152697449084, -0.0034174437169, 0.00854822900146, -0.00163445645012, -0.00178969732951, -9.64563587331e-05, 0.00235230638646, -0.00194982893299, 0.00159518304281], [-0.00053105445113, 0.00189033406787, -0.000441025826149, 0.00139650667552, -0.00206616497599, 0.00103230634704, -0.00163445645012, 0.00821004062891, -0.00270434399135, -0.00143614958506, -9.37255827012e-05, 0.00311647797935, -0.00234908307903], [0.000553506193683, -0.00117449497338, -5.72921308049e-05, -0.00154337764252, 0.00229267752729, 0.000162234820891, -0.00178969732951, -0.00270434399135, 0.0124104116112, -0.00294701359235, -0.000113963804324, 0.000763920019381, 0.00237688608468], [-0.000191565821297, 0.00142654741649, -0.00112697505392, 0.000931640388444, -0.000867097987793, 0.000935317890253, -9.64563587331e-05, -0.00143614958506, -0.00294701359235, 0.0157447755337, -0.00601248256862, -0.00175939290784, 0.000624424545094], [-9.74133072305e-05, -0.00183592794929, 0.000718394701835, -0.000554192694835, 0.000464007927803, -0.00113484426402, 0.00235230638646, -9.37255827012e-05, -0.000113963804324, -0.00601248256862, 0.0129939718172, -0.00350196100771, -0.00201563024893], [-0.0001297325216, 0.00194443739019, -0.00093962054234, 0.000572937831748, -0.000602576299571, 0.00165199488401, -0.00194982893299, 0.00311647797935, 0.000763920019381, -0.00175939290784, -0.00350196100771, 0.0185237731785, -0.00572248501703], [1.16734577205e-06, -0.00128629640676, 1.31180058816e-05, -0.00106955820229, -6.33109084447e-05, 0.000215553533053, 0.00159518304281, -0.00234908307903, 0.00237688608468, 0.000624424545094, -0.00201563024893, -0.00572248501703, 0.0173930041492]]
    },
    "melbands": {
        "dmean": [0.00112221867312, 0.00129182555247, 0.000667220330797, 0.000454602442915, 0.000379714852897, 0.000295635254588, 0.000163915246958, 9.6771371318e-05, 0.000148534745676, 0.000172174739419, 0.000140321513754, 9.50178000494e-05, 8.91997115104e-05, 5.7748889958e-05, 4.20181531808e-05, 2.80503772956e-05, 2.11111546378e-05, 1.46708962347e-05, 1.13765181595e-05, 9.43466147874e-06, 9.75888724497e-06, 7.42850943425e-06, 5.91297430219e-06, 4.59397142549e-06, 3.34073820341e-06, 2.21326899918e-06, 1.60367051194e-06, 1.45014189457e-06, 1.37179597459e-06, 9.96080416371e-07, 1.10855989988e-06, 1.24195230455e-06, 1.61755224326e-06, 2.00604586098e-06, 2.32345769291e-06, 2.08937126445e-06, 1.87466730495e-06, 1.7650152131e-06, 1.74736123881e-06, 1.18420757644e-06],
        "dmean2": [0.00159342074767, 0.00201171683148, 0.00106777285691, 0.000735879351851, 0.000606412941124, 0.000464503653347, 0.000253309175605, 0.000153488479555, 0.000235087733017, 0.000276667793514, 0.000234406470554, 0.000155100395204, 0.0001404612849, 9.06613422558e-05, 6.10951974522e-05, 4.38075476268e-05, 3.26637346006e-05, 2.34600138356e-05, 1.83728861884e-05, 1.49045445141e-05, 1.54158315127e-05, 1.16443397928e-05, 8.91123636393e-06, 6.98769963492e-06, 5.11487223775e-06, 3.48970343111e-06, 2.46381591751e-06, 2.2136955522e-06, 2.05049946089e-06, 1.48581034409e-06, 1.7292954908e-06, 1.95523261937e-06, 2.62557296082e-06, 3.08676567329e-06, 3.50908021574e-06, 3.26392682837e-06, 2.94228379971e-06, 2.77554659078e-06, 2.63892093244e-06, 1.84437442385e-06],
        "dvar": [5.97560801907e-06, 6.08615800957e-06, 1.13903683996e-06, 6.91007358e-07, 4.65507014269e-07, 5.69942756101e-07, 2.26502862688e-07, 1.05976489806e-07, 3.9966258214e-07, 2.70732385843e-07, 1.4013960481e-07, 6.19209004071e-08, 1.08694834466e-07, 6.63124666289e-08, 6.49720774959e-08, 2.78720300173e-08, 5.65585001056e-09, 5.68436675508e-09, 1.90882820661e-09, 1.51250112435e-09, 1.61385449449e-09, 3.93753113448e-10, 2.47545817178e-10, 2.14439799251e-10, 1.2756141976e-10, 4.84654955057e-11, 2.74952283164e-11, 3.25659846312e-11, 4.0292293807e-11, 2.03400421506e-11, 5.92417434553e-11, 1.26047824955e-10, 2.42962094887e-10, 3.7344968784e-10, 3.88803295115e-10, 2.17228679489e-10, 1.82083167988e-10, 1.73939959658e-10, 2.35433866846e-10, 1.25502025439e-10],
        "dvar2": [1.31798824441e-05, 1.53763485287e-05, 2.78596075987e-06, 1.84387454283e-06, 1.14760052838e-06, 1.33423793613e-06, 5.0333812851e-07, 2.33831883634e-07, 7.90298031461e-07, 5.58763247227e-07, 3.29484862505e-07, 1.43078295878e-07, 1.96228896243e-07, 1.38004565997e-07, 1.06682584544e-07, 4.72703902687e-08, 1.01665165175e-08, 1.40861118325e-08, 4.51563275661e-09, 3.58584562044e-09, 2.30605889939e-09, 7.76099851052e-10, 5.27479837586e-10, 5.46231226917e-10, 2.75726136367e-10, 1.13149205283e-10, 5.04302433146e-11, 8.7053232678e-11, 8.19181111833e-11, 4.6125232106e-11, 1.4021840633e-10, 2.95315577548e-10, 5.72110137043e-10, 7.75631836536e-10, 8.22625689789e-10, 5.01079455706e-10, 4.58896365352e-10, 4.52314519173e-10, 5.51956202965e-10, 2.49516213247e-10],
        "max": [0.0535223707557, 0.0703645348549, 0.014231948182, 0.0180209893733, 0.0163480769843, 0.0230207350105, 0.00957390479743, 0.0187089778483, 0.0286502204835, 0.0194482728839, 0.0132077531889, 0.00745015218854, 0.018770236522, 0.0122487740591, 0.0188850946724, 0.0117430677637, 0.00348419975489, 0.00419275974855, 0.00226722029038, 0.00181228236761, 0.00331659126095, 0.00118382659275, 0.000742158619687, 0.000635196047369, 0.000512841215823, 0.000391644163756, 0.000287073198706, 0.000288709270535, 0.000268530478934, 0.000231935584452, 0.000446406455012, 0.000577794853598, 0.000541214190889, 0.000769219128415, 0.000562917906791, 0.000417639501393, 0.000450991938123, 0.000464404118247, 0.000883162661921, 0.000581242551561],
        "mean": [0.00227219169028, 0.00251966295764, 0.00138360622805, 0.000832720892504, 0.000776886765379, 0.000658875273075, 0.000329778791638, 0.000167936144862, 0.000253608537605, 0.000282592780422, 0.000228366319789, 0.000155156754772, 0.000151050611748, 9.9963748653e-05, 7.69133985159e-05, 5.28396703885e-05, 3.60673111572e-05, 2.385287371e-05, 1.77996971615e-05, 1.43687666423e-05, 1.43959432535e-05, 1.26619734147e-05, 1.02753838291e-05, 8.09689390735e-06, 5.81180984227e-06, 3.71693499801e-06, 2.65755988949e-06, 2.44986836151e-06, 2.3077266178e-06, 1.54112262862e-06, 1.43661884522e-06, 1.45627461734e-06, 1.91255003301e-06, 2.35505990531e-06, 2.58090494754e-06, 2.3915138172e-06, 2.12676854972e-06, 1.98876568902e-06, 2.12484269468e-06, 1.58255238603e-06],
        "median": [0.000939267163631, 0.00141833885573, 0.000839537126012, 0.000482890754938, 0.000379698030883, 0.000165767894941, 5.81612039241e-05, 3.86333413189e-05, 5.79779807595e-05, 6.4457199187e-05, 4.96280845255e-05, 3.63740400644e-05, 2.99988514598e-05, 1.86623128684e-05, 1.18552079584e-05, 9.24492269405e-06, 8.84406563273e-06, 6.14560531176e-06, 5.20181902175e-06, 4.16588591179e-06, 4.03628746426e-06, 3.63040612683e-06, 2.56669022747e-06, 2.13424823414e-06, 1.50344760641e-06, 9.72541670308e-07, 6.98622045547e-07, 5.4540629435e-07, 4.0315495653e-07, 2.96574171443e-07, 2.15721627228e-07, 1.68381106391e-07, 1.31634479317e-07, 1.1885405371e-07, 1.18486674694e-07, 1.18281334949e-07, 1.05853132482e-07, 8.12770792891e-08, 6.12069044337e-08, 4.20651069533e-08],
        "min": [3.10708108314e-23, 1.45047523321e-23, 1.76267360233e-24, 2.03789514203e-24, 5.40243620661e-24, 2.4362220942e-23, 9.45597864099e-24, 5.94501789266e-24, 6.73764205883e-24, 4.47897512057e-24, 4.01760982015e-24, 7.38311171731e-24, 1.21410221375e-23, 1.44697284857e-23, 1.02975291438e-23, 4.93399206286e-24, 7.32507206507e-24, 1.14991118194e-23, 1.32567838464e-23, 8.04335989599e-24, 8.73445805809e-24, 5.66270863494e-24, 6.13971901926e-24, 2.02465442728e-23, 9.34366299189e-24, 4.71134080552e-24, 8.78433694426e-24, 9.14933262992e-24, 1.16487106126e-23, 1.4599556058e-23, 1.49431602025e-23, 1.11559281378e-23, 1.03405835943e-23, 6.87777373231e-24, 7.99215414577e-24, 9.92052699516e-24, 1.39434714872e-23, 1.18419570797e-23, 8.53176024849e-24, 7.11507334779e-24],
        "var": [1.06878505903e-05, 9.70192832028e-06, 2.34500816987e-06, 1.10901555672e-06, 1.40498423207e-06, 2.38157417698e-06, 6.87362216922e-07, 4.50175093647e-07, 1.03856393707e-06, 6.92358128163e-07, 3.04746947677e-07, 1.37512628839e-07, 2.70337864094e-07, 1.75038195493e-07, 1.70170849856e-07, 1.20258221159e-07, 1.31045947427e-08, 7.02187863411e-09, 3.04972647136e-09, 2.02249905712e-09, 3.94260357695e-09, 1.00330077579e-09, 6.51231124582e-10, 3.65258989721e-10, 2.31359972847e-10, 1.1385434262e-10, 6.43261069411e-11, 6.41013353508e-11, 8.9534976655e-11, 3.3367107688e-11, 6.62362248383e-11, 1.38745001599e-10, 3.01142888404e-10, 5.10579689639e-10, 4.89657647762e-10, 2.64355787261e-10, 1.82670614746e-10, 1.72755601491e-10, 3.35295624598e-10, 2.44682024642e-10]
    },
    "mfcc": {
        "mean": [-676.407226562, 151.831039429, 0.857757806778, 14.7784032822, 8.84563159943, 4.50494289398, 4.52445840836, 9.58374214172, 0.549801826477, 1.11969053745, -5.30692386627, -1.10540688038, -5.6556687355],
        "cov": [[3508.60327148, -1049.17773438, 152.582611084, -176.325515747, -32.9780578613, -205.770187378, 70.6639022827, -6.12805986404, -3.75559139252, 54.1406898499, -58.2743377686, 73.1181564331, -6.32528734207], [-1049.17773438, 1657.38464355, 257.488800049, 568.169311523, 277.902282715, 245.100265503, 69.1228408813, -30.8686275482, -56.5732269287, -18.9244232178, -34.7856864929, -15.3108539581, 61.8768920898], [152.582611084, 257.488800049, 1609.01403809, 557.065856934, 616.932189941, 177.761505127, -40.1427841187, -186.620819092, -109.945579529, -79.9918899536, -94.8426971436, 85.6573181152, 106.690185547], [-176.325515747, 568.169311523, 557.065856934, 818.922363281, 385.284912109, 163.91242981, 26.241235733, -57.9886550903, -21.4205265045, -50.6635627747, -47.1148643494, 36.0370101929, 86.3072814941], [-32.9780578613, 277.902282715, 616.932189941, 385.284912109, 472.551940918, 93.2996902466, 54.742855072, -71.6409378052, -27.9697628021, -23.1723194122, -55.9868011475, 52.0389442444, 60.7993392944], [-205.770187378, 245.100265503, 177.761505127, 163.91242981, 93.2996902466, 313.55178833, 69.5975418091, 63.4907302856, 0.568029224873, 19.4745235443, 3.26833844185, -28.4902763367, 16.8589668274], [70.6639022827, 69.1228408813, -40.1427841187, 26.241235733, 54.742855072, 69.5975418091, 184.863998413, 65.8229446411, 46.2101211548, 34.0867004395, 7.51639890671, 10.6761035919, -4.37669706345], [-6.12805986404, -30.8686275482, -186.620819092, -57.9886550903, -71.6409378052, 63.4907302856, 65.8229446411, 168.767318726, 80.0019073486, 54.9706687927, 44.5295219421, -30.7196445465, -22.8580207825], [-3.75559139252, -56.5732269287, -109.945579529, -21.4205265045, -27.9697628021, 0.568029224873, 46.2101211548, 80.0019073486, 147.873474121, 47.7769508362, 46.9930038452, -5.57254743576, -23.6998291016], [54.1406898499, -18.9244232178, -79.9918899536, -50.6635627747, -23.1723194122, 19.4745235443, 34.0867004395, 54.9706687927, 47.7769508362, 115.240264893, 37.1824989319, 18.1836986542, -3.73456525803], [-58.2743377686, -34.7856864929, -94.8426971436, -47.1148643494, -55.9868011475, 3.26833844185, 7.51639890671, 44.5295219421, 46.9930038452, 37.1824989319, 104.926773071, 7.24167013168, 6.86861038208], [73.1181564331, -15.3108539581, 85.6573181152, 36.0370101929, 52.0389442444, -28.4902763367, 10.6761035919, -30.7196445465, -5.57254743576, 18.1836986542, 7.24167013168, 103.498222351, 24.3806324005], [-6.32528734207, 61.8768920898, 106.690185547, 86.3072814941, 60.7993392944, 16.8589668274, -4.37669706345, -22.8580207825, -23.6998291016, -3.73456525803, 6.86861038208, 24.3806324005, 90.8487472534]],
