{
"lowlevel": {
    "average_loudness": 0.903997957706,
    "barkbands_crest": {
        "dmean": 2.7064499855,
        "dmean2": 4.21575307846,
        "dvar": 5.75280380249,
        "dvar2": 12.5970592499,
        "max": 26.1947345734,
        "mean": 10.3692731857,
        "median": 9.38804531097,
        "min": 2.11503267288,
        "var": 21.255115509
    },
    "barkbands_flatness_db": {
        "dmean": 0.0182606372982,
        "dmean2": 0.0271416828036,
        "dvar": 0.000276954466244,
        "dvar2": 0.000587278453168,
        "max": 0.320419043303,
        "mean": 0.10638011992,
        "median": 0.0979533940554,
        "min": 0.00731443613768,
        "var": 0.00257876398973
    },
    "barkbands_kurtosis": {
        "dmean": 1.85798883438,
        "dmean2": 2.84452080727,
        "dvar": 9.51994800568,
        "dvar2": 20.798166275,
        "max": 76.0781021118,
        "mean": 2.63846731186,
        "median": 1.36400723457,
        "min": -1.9397251606,
        "var": 24.5784988403
    },
    "barkbands_skewness": {
        "dmean": 0.434326797724,
        "dmean2": 0.642950952053,
        "dvar": 0.214524582028,
        "dvar2": 0.447931140661,
        "max": 8.35799217224,
        "mean": 1.28251636028,
        "median": 1.14578485489,
        "min": -4.1830368042,
        "var": 0.870609819889
    },
    "barkbands_spread": {
        "dmean": 5.96615695953,
        "dmean2": 9.00146579742,
        "dvar": 46.740940094,
        "dvar2": 87.5128555298,
        "max": 124.352554321,
        "mean": 28.1250839233,
        "median": 24.4928073883,
        "min": 1.78340518475,
        "var": 314.363128662
    },
    "dissonance": {
        "dmean": 0.0193436965346,
        "dmean2": 0.0328759662807,
        "dvar": 0.000345011620084,
        "dvar2": 0.000949424458668,
        "max": 0.499999970198,
        "mean": 0.462765783072,
        "median": 0.469729721546,
        "min": 0.26430913806,
        "var": 0.00083246914437
    },
    "dynamic_complexity": 2.75695896149,
    "erbbands_crest": {
        "dmean": 2.69952750206,
        "dmean2": 4.42203855515,
        "dvar": 5.91911649704,
        "dvar2": 15.0633268356,
        "max": 29.1817588806,
        "mean": 9.54094791412,
        "median": 8.62211513519,
        "min": 2.00395107269,
        "var": 20.3288097382
    },
    "erbbands_flatness_db": {
        "dmean": 0.0152221545577,
        "dmean2": 0.0232656802982,
        "dvar": 0.000202732044272,
        "dvar2": 0.000429065636126,
        "max": 0.349385112524,
        "mean": 0.149761170149,
        "median": 0.137681335211,
        "min": 0.0436534807086,
        "var": 0.00357258110307
    },
    "erbbands_kurtosis": {
        "dmean": 1.04296255112,
        "dmean2": 1.6677377224,
        "dvar": 2.36424541473,
        "dvar2": 5.59126996994,
        "max": 41.404964447,
        "mean": 1.12247157097,
        "median": 0.375337481499,
        "min": -1.83888912201,
        "var": 7.70823574066
    },
    "erbbands_skewness": {
        "dmean": 0.344804942608,
        "dmean2": 0.536786735058,
        "dvar": 0.106896318495,
        "dvar2": 0.234853044152,
        "max": 5.40056705475,
        "mean": 0.807789087296,
        "median": 0.769207000732,
        "min": -4.32576322556,
        "var": 0.581742167473
    },
    "erbbands_spread": {
        "dmean": 6.8395614624,
        "dmean2": 10.5624866486,
        "dvar": 50.5134849548,
        "dvar2": 110.805763245,
        "max": 122.718139648,
        "mean": 38.9743537903,
        "median": 36.1013641357,
        "min": 3.62703943253,
        "var": 416.571472168
    },
    "hfc": {
        "dmean": 8.16172885895,
        "dmean2": 11.9881496429,
        "dvar": 161.730163574,
        "dvar2": 327.534210205,
        "max": 245.612030029,
        "mean": 35.3827857971,
        "median": 31.7481632233,
        "min": 1.19095016141e-16,
        "var": 748.835632324
    },
    "melbands_crest": {
        "dmean": 3.6046731472,
        "dmean2": 5.53638219833,
        "dvar": 9.95104122162,
        "dvar2": 20.8936805725,
        "max": 35.3863601685,
        "mean": 14.5884771347,
        "median": 13.3909950256,
        "min": 2.17372751236,
        "var": 38.8209114075
    },
    "melbands_flatness_db": {
        "dmean": 0.0215446725488,
        "dmean2": 0.0312413647771,
        "dvar": 0.000413247908,
        "dvar2": 0.000819987209979,
        "max": 0.427140802145,
        "mean": 0.154829517007,
        "median": 0.151189655066,
        "min": 0.00655765645206,
        "var": 0.0027652499266
    },
    "melbands_kurtosis": {
        "dmean": 4.71235752106,
        "dmean2": 7.13849925995,
        "dvar": 59.712310791,
        "dvar2": 128.087295532,
        "max": 196.586959839,
        "mean": 9.80846214294,
        "median": 6.04149913788,
        "min": -1.81445395947,
        "var": 157.735321045
    },
    "melbands_skewness": {
        "dmean": 0.597009718418,
        "dmean2": 0.895812809467,
        "dvar": 0.411219656467,
        "dvar2": 0.880384266376,
        "max": 11.7348270416,
        "mean": 2.18118286133,
        "median": 1.93403148651,
        "min": -1.71528482437,
        "var": 1.97322571278
    },
    "melbands_spread": {
        "dmean": 7.52606534958,
        "dmean2": 11.3726320267,
        "dvar": 105.171318054,
        "dvar2": 202.143371582,
        "max": 203.31880188,
        "mean": 28.3546123505,
        "median": 24.5137481689,
        "min": 1.61261987686,
        "var": 363.530609131
    },
    "pitch_salience": {
        "dmean": 0.068443633616,
        "dmean2": 0.105244465172,
        "dvar": 0.0037455544807,
        "dvar2": 0.00845303200185,
        "max": 0.850313365459,
        "mean": 0.562696754932,
        "median": 0.572623372078,
        "min": 0.0836438462138,
        "var": 0.0154868941754
    },
    "silence_rate_20dB": {
        "dmean": 0,
        "dmean2": 0,
        "dvar": 0,
        "dvar2": 0,
        "max": 1,
        "mean": 1,
        "median": 1,
        "min": 1,
        "var": 0
    },
    "silence_rate_30dB": {
        "dmean": 0.00130736047868,
        "dmean2": 0.00261506275274,
        "dvar": 0.00130571820773,
        "dvar2": 0.00391602190211,
        "max": 1,
        "mean": 0.999346375465,
        "median": 1,
        "min": 0,
        "var": 0.000653215625789
    },
    "silence_rate_60dB": {
        "dmean": 0.0188259910792,
        "dmean2": 0.0376569032669,
        "dvar": 0.0184684433043,
        "dvar2": 0.0435493886471,
        "max": 1,
        "mean": 0.0542483665049,
        "median": 0,
        "min": 0,
        "var": 0.0512936674058
    },
    "spectral_centroid": {
        "dmean": 225.361602783,
        "dmean2": 341.814880371,
        "dvar": 72701.8671875,
        "dvar2": 137137.75,
        "max": 10891.9238281,
        "mean": 1523.25488281,
        "median": 1452.0012207,
        "min": 301.720550537,
        "var": 354109.53125
    },
    "spectral_complexity": {
        "dmean": 3.17636299133,
        "dmean2": 4.99973869324,
        "dvar": 9.1718454361,
        "dvar2": 20.0155410767,
        "max": 55,
        "mean": 21.1292819977,
        "median": 21,
        "min": 0,
        "var": 81.2560272217
    },
    "spectral_decrease": {
        "dmean": 2.03565253543e-09,
        "dmean2": 2.98269364762e-09,
        "dvar": 6.04261641325e-18,
        "dvar2": 1.31533372371e-17,
        "max": -3.56038303061e-29,
        "mean": -7.0604553315e-09,
        "median": -6.24430107621e-09,
        "min": -3.64383510032e-08,
        "var": 2.60663801606e-17
    },
    "spectral_energy": {
        "dmean": 0.00809206534177,
        "dmean2": 0.0118878530338,
        "dvar": 9.08730289666e-05,
        "dvar2": 0.000199845992029,
        "max": 0.139006242156,
        "mean": 0.0298571381718,
        "median": 0.0272101946175,
        "min": 1.09366444015e-20,
        "var": 0.000426250713645
    },
    "spectral_energyband_high": {
        "dmean": 0.000673578295391,
        "dmean2": 0.00098560214974,
        "dvar": 2.29599686463e-06,
        "dvar2": 4.45967270934e-06,
        "max": 0.0316328294575,
        "mean": 0.00222466420382,
        "median": 0.00144665897824,
        "min": 7.71865009352e-21,
        "var": 7.4462423072e-06
    },
    "spectral_energyband_low": {
        "dmean": 0.00375030888245,
        "dmean2": 0.00524965208024,
        "dvar": 5.72494245716e-05,
        "dvar2": 0.000117518546176,
        "max": 0.134765833616,
        "mean": 0.00737862568349,
        "median": 0.00134591176175,
        "min": 1.13500890525e-22,
        "var": 0.000144811507198
    },
    "spectral_energyband_middle_high": {
        "dmean": 0.00243516149931,
        "dmean2": 0.00374793889932,
        "dvar": 1.29700883917e-05,
        "dvar2": 3.09281058435e-05,
        "max": 0.0904730111361,
        "mean": 0.00807587150484,
        "median": 0.0056510521099,
        "min": 1.72242510326e-21,
        "var": 6.11560681136e-05
    },
    "spectral_energyband_middle_low": {
        "dmean": 0.00487328507006,
        "dmean2": 0.00756503548473,
        "dvar": 4.35836554971e-05,
        "dvar2": 0.000102303696622,
        "max": 0.0960585325956,
        "mean": 0.0126279806718,
        "median": 0.00794559158385,
        "min": 5.16505781547e-22,
        "var": 0.000159365517902
    },
    "spectral_entropy": {
        "dmean": 0.119937442243,
        "dmean2": 0.18021081388,
        "dvar": 0.0143112456426,
        "dvar2": 0.0273820143193,
        "max": 9.78620433807,
        "mean": 7.8728313446,
        "median": 7.92840862274,
        "min": 6.19835805893,
        "var": 0.178406834602
    },
    "spectral_flux": {
        "dmean": 0.0199218802154,
        "dmean2": 0.0323010310531,
        "dvar": 0.000426654180046,
        "dvar2": 0.00109777401667,
        "max": 0.336757212877,
        "mean": 0.0868517830968,
        "median": 0.0852442830801,
        "min": 1.04578415372e-10,
        "var": 0.00153694546316
    },
    "spectral_kurtosis": {
        "dmean": 0.746215164661,
        "dmean2": 1.22688281536,
        "dvar": 0.753701448441,
        "dvar2": 2.10551261902,
        "max": 17.8632354736,
        "mean": 2.902739048,
        "median": 2.49199652672,
        "min": -1.23946607113,
        "var": 3.70067358017
    },
    "spectral_rms": {
        "dmean": 0.000697955314536,
        "dmean2": 0.00101451925002,
        "dvar": 4.781755365e-07,
        "dvar2": 9.78716116151e-07,
        "max": 0.0116454213858,
        "mean": 0.00502045964822,
        "median": 0.00515233259648,
        "min": 3.26648083582e-12,
        "var": 3.92383981307e-06
    },
    "spectral_rolloff": {
        "dmean": 711.293334961,
        "dmean2": 1132.08740234,
        "dvar": 1481698.625,
        "dvar2": 2885653.75,
        "max": 18755.4199219,
        "mean": 2195.18188477,
        "median": 1571.92382812,
        "min": 64.599609375,
        "var": 4119447.25
    },
    "spectral_skewness": {
        "dmean": 0.133010789752,
        "dmean2": 0.207138478756,
        "dvar": 0.017394259572,
        "dvar2": 0.0374368093908,
        "max": 3.71187472343,
        "mean": 1.42631268501,
        "median": 1.39824998379,
        "min": -0.210788965225,
        "var": 0.128032848239
    },
    "spectral_spread": {
        "dmean": 456363.625,
        "dmean2": 668206.25,
        "dvar": 500619902976,
        "dvar2": 751944859648,
        "max": 39881284,
        "mean": 6015976.5,
        "median": 5998427,
        "min": 2420156,
        "var": 3.42807465165e+12
    },
    "spectral_strongpeak": {
        "dmean": 0.619687497616,
        "dmean2": 1.03110873699,
        "dvar": 0.652702748775,
        "dvar2": 1.61668252945,
        "max": 9.82629299164,
        "mean": 1.37639224529,
        "median": 0.946874976158,
        "min": 0,
        "var": 1.85087645054
    },
    "zerocrossingrate": {
        "dmean": 0.0131984679028,
        "dmean2": 0.0144951473922,
        "dvar": 0.000266138376901,
        "dvar2": 0.000260452652583,
        "max": 0.5732421875,
        "mean": 0.0911564305425,
        "median": 0.0810546875,
        "min": 0.00732421875,
        "var": 0.00232181325555
    },
    "barkbands": {
        "dmean": [0.000310814124532, 0.00320999603719, 0.00073099025758, 0.000407482730225, 0.00141404068563, 0.00211085216142, 0.000489406927954, 0.00076175556751, 0.00160890584812, 0.001222982537, 0.000734516885132, 0.000807818491012, 0.000343790714396, 0.000453173415735, 0.000278209976386, 0.000219076071517, 0.000177632377017, 0.000148417471792, 0.000112351182906, 0.000107730076707, 9.83850768534e-05, 0.000188552687177, 0.000182302886969, 0.000180551287485, 0.000126705330331, 6.96235219948e-05, 2.05153264687e-05],
        "dmean2": [0.000441268173745, 0.00430646631867, 0.00125674600713, 0.00073588534724, 0.00218394491822, 0.00319322524592, 0.000779329915531, 0.00121866411064, 0.00262713176198, 0.0019495235756, 0.00120280426927, 0.00132221181411, 0.000563655397855, 0.000733655120712, 0.000446911755716, 0.000361521495506, 0.000286948750727, 0.000240373134147, 0.000179889975698, 0.000173643362359, 0.000153256347403, 0.000287934439257, 0.00028238754021, 0.000277358776657, 0.000193147614482, 0.000107056723209, 3.09025490424e-05],
        "dvar": [4.88435546231e-07, 4.79768787045e-05, 5.27947622686e-06, 1.79985886462e-06, 1.22775636555e-05, 1.83568481589e-05, 1.91869003174e-06, 2.6191401048e-06, 1.18608813864e-05, 8.57874420035e-06, 2.12157647184e-06, 2.4891457997e-06, 3.27517511778e-07, 8.00004954726e-07, 2.63528221467e-07, 1.66770178112e-07, 1.17879778827e-07, 5.69664670991e-08, 3.07194873983e-08, 2.35028849715e-08, 3.58815519519e-08, 2.24414307581e-07, 2.05491460292e-07, 1.90263193645e-07, 1.24997754369e-07, 3.57077603041e-08, 2.25995666625e-09],
        "dvar2": [1.11856684271e-06, 9.03503532754e-05, 1.4114840269e-05, 5.05676189277e-06, 2.7561762181e-05, 4.12982226408e-05, 5.2652389968e-06, 6.3626971496e-06, 2.85669411824e-05, 1.97506778932e-05, 5.55643919142e-06, 6.2986678131e-06, 8.55192183735e-07, 2.03810213861e-06, 6.37348421151e-07, 4.30648498195e-07, 2.8451131584e-07, 1.4879582011e-07, 7.2893904246e-08, 5.77827741211e-08, 7.91801610944e-08, 4.75834440294e-07, 4.53514047649e-07, 3.80599317396e-07, 2.40727473511e-07, 7.58546079282e-08, 5.02653074719e-09],
        "max": [0.0106768347323, 0.102611266077, 0.0592396259308, 0.0181083772331, 0.0909073352814, 0.0739571005106, 0.066269300878, 0.0409158729017, 0.0785499513149, 0.0829745978117, 0.0295877195895, 0.030754443258, 0.0115208588541, 0.0169535111636, 0.0127805480734, 0.00876877270639, 0.009197358042, 0.00396887864918, 0.00589743815362, 0.00223213271238, 0.00526846386492, 0.0155309494585, 0.010048144497, 0.0125969601795, 0.00839853752404, 0.00598804326728, 0.00117793283425],
        "mean": [0.000524694391061, 0.00572204263881, 0.00094820529921, 0.000349045178154, 0.00254517653957, 0.00445389281958, 0.000780221191235, 0.00119507999625, 0.00277314218692, 0.00227209972218, 0.0012508793734, 0.00136544625275, 0.000602947548032, 0.000830003351439, 0.000505203672219, 0.000405572413001, 0.000369708403014, 0.000326797977323, 0.000270271702902, 0.000272791134194, 0.000247569521889, 0.000414030859247, 0.000422079465352, 0.000457474525319, 0.000321423634887, 0.0001771003881, 5.42347479495e-05],
        "median": [3.46239030478e-05, 0.00059509894345, 0.000190603430383, 6.04180095252e-05, 0.000414962007198, 0.000954682356678, 0.000303414533846, 0.000465010758489, 0.000958017306402, 0.000701501150616, 0.000477530324133, 0.000542661757208, 0.000307185575366, 0.000303511420498, 0.000232798804063, 0.000214039842831, 0.00017116003437, 0.000199187081307, 0.000193511383259, 0.000193338695681, 0.000160358846188, 0.000253111851634, 0.000244099966949, 0.000263222667854, 0.000102643025457, 4.43086173618e-05, 1.35060809043e-05],
        "min": [2.55513435596e-23, 4.96923489711e-23, 4.45456121662e-23, 9.89043195163e-24, 4.89657134141e-23, 1.19392974667e-22, 7.13138967344e-23, 5.71065307641e-23, 1.13303170427e-22, 1.70823613353e-22, 1.89327147368e-22, 1.29535453989e-22, 4.77515586622e-23, 1.06804559534e-22, 7.08413501195e-23, 1.47513657128e-22, 2.75311698616e-22, 2.78583161588e-22, 2.24936227655e-22, 2.64513114213e-22, 4.90307622533e-22, 5.3843268159e-22, 5.70564437764e-22, 8.00514337166e-22, 1.134838688e-21, 1.44684642887e-21, 2.79165984646e-21],
        "var": [9.92008835965e-07, 0.000111949681013, 5.55765882382e-06, 1.21301536637e-06, 3.66397325706e-05, 7.00449963915e-05, 3.15797115036e-06, 5.13541817782e-06, 3.17014528264e-05, 2.63533111138e-05, 4.85360169478e-06, 5.42871703146e-06, 7.86439329659e-07, 2.01211173589e-06, 6.43563680569e-07, 3.28288336959e-07, 3.77402926688e-07, 1.60031859764e-07, 8.72887113701e-08, 7.93710839275e-08, 9.93647901737e-08, 4.68216910576e-07, 4.35330150594e-07, 4.70885055393e-07, 3.60046840342e-07, 1.04371913778e-07, 8.8785823138e-09]
    },
    "erbbands": {
        "dmean": [0.144427970052, 0.582440435886, 0.739199101925, 1.24494111538, 1.08888351917, 4.76202011108, 14.9928884506, 19.7968177795, 7.14515447617, 9.70640945435, 18.4358100891, 35.4061927795, 41.7966079712, 31.6875286102, 29.4073638916, 26.247877121, 14.4497423172, 19.0246105194, 19.1040000916, 10.5573968887, 11.8334541321, 9.32381248474, 8.33252811432, 6.10349941254, 5.35455274582, 4.82242870331, 3.62276697159, 4.6918721199, 6.33748912811, 7.11171150208, 4.87952661514, 4.13776493073, 2.8947634697, 1.59959375858, 0.898536324501, 0.373689353466, 0.119137525558, 0.0303832776845, 0.00374285806902, 0.000123420817545],
        "dmean2": [0.190706238151, 0.820898234844, 1.2176245451, 2.20461297035, 1.84844017029, 7.46120548248, 22.6641693115, 29.5996570587, 10.9068288803, 15.6445684433, 29.1057243347, 57.2826042175, 66.9382705688, 51.0198707581, 47.4387741089, 43.1243019104, 23.6650886536, 30.765871048, 30.6465644836, 17.1876659393, 19.4457492828, 14.9732637405, 13.3657884598, 9.83317756653, 8.50583267212, 7.77625179291, 5.78428602219, 7.20720338821, 9.71724700928, 10.9151239395, 7.56044530869, 6.38547134399, 4.48351097107, 2.46415400505, 1.36800789833, 0.581080496311, 0.182993859053, 0.0470237620175, 0.00561116077006, 0.00018486987392],
        "dvar": [0.0967097058892, 1.76032090187, 4.62897729874, 16.1177463531, 9.63078594208, 153.031600952, 1117.57080078, 2055.47192383, 202.129150391, 833.865905762, 1665.3302002, 6766.69189453, 7912.13232422, 3942.82495117, 3716.24584961, 2800.12011719, 582.805725098, 1288.00439453, 1339.65161133, 381.080841064, 435.252716064, 317.511077881, 201.538238525, 91.9475860596, 66.8295516968, 51.3287315369, 35.6544151306, 102.419433594, 234.802902222, 342.440795898, 141.316635132, 94.0929794312, 55.8761444092, 20.7647590637, 6.40596818924, 1.21902084351, 0.0945241674781, 0.00470308447257, 7.84387302701e-05, 8.11297127257e-08],
        "dvar2": [0.168781757355, 3.71812224388, 11.9129076004, 44.8926849365, 25.4887943268, 352.644134521, 2433.85229492, 4642.95458984, 473.631774902, 2259.15771484, 3888.2487793, 16052.0205078, 19264.6796875, 9998.62695312, 9644.45898438, 7234.04589844, 1543.94299316, 3275.15161133, 3342.64624023, 956.518493652, 1091.58178711, 779.25579834, 527.014953613, 218.290222168, 164.9581604, 126.950935364, 85.5582046509, 218.383804321, 488.190673828, 761.079467773, 306.940887451, 193.646133423, 117.540527344, 43.5530548096, 12.3596191406, 2.63952064514, 0.201858609915, 0.0105216363445, 0.000171830513864, 1.73798227365e-07],
        "max": [3.91619563103, 24.7101745605, 71.4509353638, 53.6989097595, 77.8675613403, 341.533874512, 626.795776367, 917.434204102, 340.860076904, 1364.83422852, 1173.9888916, 2108.1730957, 2260.55493164, 1147.18200684, 1443.46044922, 987.891662598, 480.062835693, 968.370727539, 714.961914062, 391.8175354, 387.807983398, 427.956878662, 249.71333313, 411.8203125, 165.674697876, 122.719818115, 188.295166016, 240.335784912, 528.50402832, 552.542724609, 298.263946533, 301.460357666, 252.06892395, 115.980537415, 71.81980896, 43.577583313, 9.79596614838, 1.69275844097, 0.24536600709, 0.00901554245502],
        "mean": [0.249742552638, 0.944066524506, 1.10179185867, 1.3024392128, 1.32506096363, 8.45244121552, 27.4548091888, 42.5706291199, 14.6413269043, 16.2838077545, 30.5519828796, 61.8652420044, 77.385559082, 59.9567527771, 56.2811851501, 46.8881111145, 28.2028884888, 37.1289291382, 38.3428153992, 21.2160568237, 24.1614303589, 21.2144432068, 19.0049495697, 15.0566492081, 13.6608095169, 12.4226493835, 9.5920009613, 10.851688385, 13.9284105301, 15.1620941162, 11.3943986893, 10.1874084473, 7.10130119324, 3.84790611267, 2.1613368988, 0.882525205612, 0.293377906084, 0.0805134475231, 0.00994017720222, 0.000335575488862],
        "median": [0.0203196071088, 0.123952142894, 0.268734872341, 0.271610319614, 0.409264147282, 1.4204698801, 6.32238960266, 7.57216310501, 5.76897335052, 7.38215303421, 13.0407352448, 21.3652839661, 30.9280014038, 25.3413352966, 25.9560337067, 20.0550670624, 15.1847400665, 17.0281677246, 16.2177848816, 13.1025257111, 13.5998468399, 10.3622789383, 10.9461765289, 10.8956050873, 10.2971525192, 8.778383255, 6.64207744598, 6.58363056183, 8.4595489502, 8.61098003387, 6.58699083328, 6.02203559875, 3.80122852325, 1.42978167534, 0.610551714897, 0.225940063596, 0.0705471038818, 0.021045004949, 0.0023474143818, 0.000109628897917],
        "min": [2.55777876918e-21, 7.4904055978e-21, 3.80262908591e-20, 4.61655251356e-20, 9.21979646655e-20, 1.37970986138e-19, 8.0722084777e-19, 8.36848441059e-19, 3.47862767448e-19, 2.01126339644e-18, 1.66626704246e-18, 2.80075083604e-18, 5.49253634281e-18, 5.0884792931e-18, 6.89652819447e-18, 5.27386742557e-18, 2.23427935459e-18, 5.30951725561e-18, 4.14919378726e-18, 5.20995242041e-18, 9.594408368e-18, 1.47274131391e-17, 1.56647659374e-17, 1.0332160003e-17, 1.36262736164e-17, 1.25924707315e-17, 1.5003651759e-17, 2.06292674003e-17, 2.21565736834e-17, 1.61355839072e-17, 1.63230246884e-17, 1.64147524009e-17, 1.36862069877e-17, 1.17317363645e-17, 8.32787656335e-18, 4.60015445925e-18, 2.73951196696e-18, 1.41668700611e-18, 3.97556108036e-19, 4.15192580972e-20],
        "var": [0.229125440121, 3.286921978, 5.43958759308, 12.2036437988, 9.19015026093, 447.522186279, 2926.90942383, 8402.08691406, 652.158935547, 1465.45446777, 3263.75439453, 18229.171875, 20351.2558594, 9182.16601562, 9033.91894531, 5901.75927734, 1483.78649902, 2948.72827148, 3801.98120117, 777.903930664, 1042.73181152, 1088.91418457, 610.572875977, 267.697265625, 198.147979736, 168.532653809, 115.309257507, 243.582794189, 510.20413208, 659.050048828, 310.530426025, 226.782119751, 126.907714844, 50.5905723572, 17.9869422913, 3.05378866196, 0.28277477622, 0.018606537953, 0.000310239556711, 3.29311745872e-07]
    },
    "gfcc": {
        "mean": [30.9840927124, 43.767780304, -122.989746094, 6.85565376282, -70.5317153931, 20.2124137878, -31.5174446106, 11.1952495575, -16.6948928833, 3.43454504013, -10.8657236099, 7.94282531738, -6.29923057556],
        "cov": [[5791.79248047, -1039.01733398, 1851.54089355, 669.487976074, 675.083496094, 174.910003662, -208.510513306, 133.639434814, -121.213851929, 219.140289307, 136.531066895, 421.018798828, 155.113555908], [-1039.01733398, 1074.36181641, -199.924789429, 89.6317596436, 8.16970539093, 17.0640239716, 126.47681427, 6.82966041565, 110.09085083, -37.5335769653, 61.1998634338, -75.3898620605, -9.48039913177], [1851.54089355, -199.924789429, 1568.02282715, 499.420959473, 513.131408691, 82.4022140503, -85.7558288574, 81.2663803101, -31.9472064972, 146.965454102, 94.9871520996, 229.802032471, 53.6766052246], [669.487976074, 89.6317596436, 499.420959473, 454.071929932, 235.293930054, 94.6142120361, 7.22159147263, 65.1309967041, 52.8593101501, 44.6509590149, 54.5604019165, 77.4490203857, 39.6214752197], [675.083496094, 8.16970539093, 513.131408691, 235.293930054, 418.92074585, 174.641815186, 106.692779541, 89.3805999756, -8.11038208008, 48.8043136597, 19.2971839905, 40.9573898315, 15.3005933762], [174.910003662, 17.0640239716, 82.4022140503, 94.6142120361, 174.641815186, 295.978851318, 198.075317383, 78.3654251099, 14.890127182, 23.9032840729, -4.77108049393, -45.6947021484, -12.6454896927], [-208.510513306, 126.47681427, -85.7558288574, 7.22159147263, 106.692779541, 198.075317383, 268.310150146, 96.2505950928, 47.2676010132, 4.87659263611, -23.0312480927, -76.0547103882, -24.3853759766], [133.639434814, 6.82966041565, 81.2663803101, 65.1309967041, 89.3805999756, 78.3654251099, 96.2505950928, 184.505310059, 88.1120605469, 29.8560295105, 4.71613121033, -13.4913673401, -1.32304871082], [-121.213851929, 110.09085083, -31.9472064972, 52.8593101501, -8.11038208008, 14.890127182, 47.2676010132, 88.1120605469, 149.330810547, 35.1338500977, 26.3838939667, 10.8117818832, 13.1101951599], [219.140289307, -37.5335769653, 146.965454102, 44.6509590149, 48.8043136597, 23.9032840729, 4.87659263611, 29.8560295105, 35.1338500977, 129.448577881, 73.2703933716, 48.4291915894, 13.0627222061], [136.531066895, 61.1998634338, 94.9871520996, 54.5604019165, 19.2971839905, -4.77108049393, -23.0312480927, 4.71613121033, 26.3838939667, 73.2703933716, 131.513153076, 81.0838241577, 31.7349300385], [421.018798828, -75.3898620605, 229.802032471, 77.4490203857, 40.9573898315, -45.6947021484, -76.0547103882, -13.4913673401, 10.8117818832, 48.4291915894, 81.0838241577, 149.032974243, 59.4790115356], [155.113555908, -9.48039913177, 53.6766052246, 39.6214752197, 15.3005933762, -12.6454896927, -24.3853759766, -1.32304871082, 13.1101951599, 13.0627222061, 31.7349300385, 59.4790115356, 76.8103790283]],
        "icov": [[0.000388030370232, 0.000260559812887, -0.000200650756597, -0.000203851159313, -0.000114052105346, -0.000232409729506, 0.000243494811002, -0.000274078425718, 0.000307035836158, -7.81747294241e-05, 7.11036045686e-05, -0.000461000512587, -0.000160537383636], [0.000260559812887, 0.00170786480885, -0.000119787859148, -0.000580696098041, -0.000488875841256, 0.000769865815528, -0.000903442618437, 0.000947714608628, -0.00123990955763, 0.00125831889454, -0.0022019771859, 0.00161782081705, -0.000323877786286], [-0.000200650756597, -0.000119787859148, 0.00206829677336, -0.00100563745946, -0.00155298993923, 0.000278979248833, 0.000662935373839, -0.000485186057631, 0.000832969264593, -0.00125456333626, 0.00107935373671, -0.00210221018642, 0.00127429398708], [-0.000203851159313, -0.000580696098041, -0.00100563745946, 0.00474740471691, -0.00108627707232, -0.00142285344191, 0.00143629859667, 0.000262563262368, -0.00226635020226, 0.0011470381869, -0.000695367227308, 0.0005036702496, -0.000874446763191], [-0.000114052105346, -0.000488875841256, -0.00155298993923, -0.00108627707232, 0.00673830881715, -0.0016989519354, -0.00175401358865, -0.00160816521384, 0.00240323576145, -0.000486982171424, 0.000975988106802, -0.000693060457706, -0.000584877852816], [-0.000232409729506, 0.000769865815528, 0.000278979248833, -0.00142285344191, -0.0016989519354, 0.00931227672845, -0.0064141638577, 0.000726848258637, 0.000624548294581, -0.00033766697743, -0.00176902045496, 0.00267041660845, -0.000435078516603], [0.000243494811002, -0.000903442618437, 0.000662935373839, 0.00143629859667, -0.00175401358865, -0.0064141638577, 0.0114432666451, -0.0026662775781, -0.00117759080604, -0.000582702748943, 0.00130967726, 0.000622953812126, 0.000349642330548], [-0.000274078425718, 0.000947714608628, -0.000485186057631, 0.000262563262368, -0.00160816521384, 0.000726848258637, -0.0026662775781, 0.011132741347, -0.0071363360621, 0.000775635242462, -0.0015447383048, 0.00337518332526, -0.000229882440181], [0.000307035836158, -0.00123990955763, 0.000832969264593, -0.00226635020226, 0.00240323576145, 0.000624548294581, -0.00117759080604, -0.0071363360621, 0.0143743045628, -0.00400677137077, 0.00232851924375, -0.00406841561198, -0.000642447674181], [-7.81747294241e-05, 0.00125831889454, -0.00125456333626, 0.0011470381869, -0.000486982171424, -0.00033766697743, -0.000582702748943, 0.000775635242462, -0.00400677137077, 0.0146448519081, -0.00898973457515, 0.00213272147812, 0.00072400335921], [7.11036045686e-05, -0.0022019771859, 0.00107935373671, -0.000695367227308, 0.000975988106802, -0.00176902045496, 0.00130967726, -0.0015447383048, 0.00232851924375, -0.00898973457515, 0.0192257259041, -0.0108933076262, 0.000716045906302], [-0.000461000512587, 0.00161782081705, -0.00210221018642, 0.0005036702496, -0.000693060457706, 0.00267041660845, 0.000622953812126, 0.00337518332526, -0.00406841561198, 0.00213272147812, -0.0108933076262, 0.0228333231062, -0.00967536866665], [-0.000160537383636, -0.000323877786286, 0.00127429398708, -0.000874446763191, -0.000584877852816, -0.000435078516603, 0.000349642330548, -0.000229882440181, -0.000642447674181, 0.00072400335921, 0.000716045906302, -0.00967536866665, 0.0201987046748]]
    },
    "melbands": {
        "dmean": [0.00105047796387, 0.000455286673969, 0.000202948969672, 0.000161246527568, 0.000481210445287, 0.000411073560826, 0.000111244087748, 0.000119959753647, 0.000150465188199, 0.000247097283136, 0.000216406857362, 0.000139589450555, 9.41365506151e-05, 0.000105495215394, 3.87443506042e-05, 3.99077143811e-05, 3.74444534827e-05, 3.63613107766e-05, 1.9938153855e-05, 1.43906618177e-05, 1.46508346006e-05, 1.13792084449e-05, 8.10554865893e-06, 7.41711255614e-06, 5.4129700402e-06, 4.48122273156e-06, 4.35492574979e-06, 3.4582110402e-06, 2.633954864e-06, 2.31264357353e-06, 3.21104357681e-06, 3.77758124159e-06, 4.26938868259e-06, 4.16721559304e-06, 3.06528295368e-06, 2.77827734863e-06, 2.7384310215e-06, 2.38703682953e-06, 1.66129404988e-06, 1.41873852044e-06],
        "dmean2": [0.00139456789475, 0.000697072711773, 0.00035402760841, 0.000259421445662, 0.000726708211005, 0.000616211385932, 0.000171118634171, 0.000193041603779, 0.000236693871557, 0.000401376979426, 0.000346154090948, 0.000224039162276, 0.000153096727445, 0.0001706151088, 6.43597959424e-05, 6.57292475807e-05, 6.03477055847e-05, 5.8759625972e-05, 3.23369131365e-05, 2.380103615e-05, 2.40829976974e-05, 1.83660285984e-05, 1.31896513267e-05, 1.21727453006e-05, 8.79433264345e-06, 7.24849860489e-06, 7.02387751517e-06, 5.62878494748e-06, 4.30216005043e-06, 3.62684659194e-06, 5.0495218602e-06, 5.93540835325e-06, 6.58616818328e-06, 6.50742276775e-06, 4.82224004372e-06, 4.316954346e-06, 4.303091373e-06, 3.75066133529e-06, 2.59699754679e-06, 2.21654318011e-06],
        "dvar": [5.04401486978e-06, 1.17025751933e-06, 3.92797716131e-07, 1.79191971483e-07, 1.11063025088e-06, 8.20275658953e-07, 5.45852785194e-08, 8.58366391299e-08, 1.14170525478e-07, 3.30970294726e-07, 2.16085737748e-07, 8.4185771243e-08, 3.78519828814e-08, 4.57652618024e-08, 8.85295126096e-09, 4.83850337574e-09, 5.14925879713e-09, 5.50933476617e-09, 1.36595579292e-09, 9.62053547937e-10, 6.96925794852e-10, 5.03766806048e-10, 2.31380165028e-10, 1.46383488664e-10, 8.0394066404e-11, 5.08080418016e-11, 4.04301453427e-11, 2.92559830528e-11, 1.79241847059e-11, 1.83189054204e-11, 5.22656432023e-11, 8.05749564292e-11, 1.2083196943e-10, 1.16191951893e-10, 5.61784299635e-11, 4.13652549713e-11, 3.95714537527e-11, 3.556143921e-11, 2.27364967131e-11, 1.61959560346e-11],
        "dvar2": [9.09751361178e-06, 2.74883313978e-06, 1.07929940896e-06, 4.30352685044e-07, 2.4249022772e-06, 1.85981548384e-06, 1.33622791054e-07, 2.26977846296e-07, 2.60343938407e-07, 7.91716729509e-07, 5.18532885962e-07, 2.06721665563e-07, 1.00167142136e-07, 1.16218366486e-07, 2.35705499563e-08, 1.23902772486e-08, 1.3158836687e-08, 1.39149705092e-08, 3.32252003687e-09, 2.54068877048e-09, 1.70798553079e-09, 1.22652943357e-09, 5.92276949707e-10, 3.96125132696e-10, 1.89575799503e-10, 1.29801669413e-10, 1.01596515922e-10, 7.39748401424e-11, 4.60166522942e-11, 4.02879188344e-11, 1.15582168836e-10, 1.76590644885e-10, 2.65572286384e-10, 2.70958672166e-10, 1.29584107333e-10, 8.66328189741e-11, 8.41660074968e-11, 7.6071454691e-11, 4.99048996572e-11, 3.54018342419e-11],
        "max": [0.028686683625, 0.0328494384885, 0.00830426532775, 0.00997298583388, 0.021336780861, 0.018034433946, 0.00834638439119, 0.0129190292209, 0.0094847958535, 0.0148174352944, 0.0118596870452, 0.00653109606355, 0.00455255713314, 0.00444650975987, 0.00256425119005, 0.00141416396946, 0.00179527280852, 0.00160544377286, 0.000804231560323, 0.00091691169655, 0.000484009739012, 0.000565643596929, 0.000387392268749, 0.000201574890525, 0.000423087680247, 0.000180653732968, 0.000135130496346, 9.91512424662e-05, 0.000110561311885, 0.000126100669149, 0.000177324021934, 0.000309140013997, 0.000402242032578, 0.000294333207421, 0.000173107997398, 0.000182407151442, 0.000206345648621, 0.000208895013202, 0.000177205627551, 9.90511180134e-05],
        "mean": [0.00187056371942, 0.000798941007815, 0.000221726018935, 0.000253822858213, 0.00091416091891, 0.000889357703272, 0.000217398352106, 0.000198137073312, 0.000245955568971, 0.0004231534258, 0.000395383307477, 0.000256905943388, 0.000171579536982, 0.000180417016963, 6.61120429868e-05, 6.95845083101e-05, 6.85428531142e-05, 6.8301356805e-05, 3.50684349542e-05, 2.57989358943e-05, 2.80605017906e-05, 2.29761608352e-05, 1.72914751602e-05, 1.55470042955e-05, 1.18450134323e-05, 9.96399376163e-06, 9.93833236862e-06, 7.84528856457e-06, 6.13847350905e-06, 5.31909881829e-06, 6.6262728069e-06, 7.60011971579e-06, 8.59855845192e-06, 8.29254076962e-06, 6.44442161502e-06, 6.35697915641e-06, 6.19520051259e-06, 5.3583726185e-06, 3.7714132759e-06, 3.08252401737e-06],
        "median": [0.000175393433892, 0.000182515912456, 5.29503740836e-05, 5.0892951549e-05, 0.000197713059606, 0.000164832425071, 8.27741168905e-05, 8.94638505997e-05, 9.72001507762e-05, 0.000136773989652, 0.00014895881759, 9.65703366091e-05, 7.48655584175e-05, 7.55604705773e-05, 2.58689833572e-05, 3.28578753397e-05, 2.77422404906e-05, 2.45566625381e-05, 1.70397252077e-05, 1.34979945869e-05, 1.49277948367e-05, 1.05720437205e-05, 8.46256170917e-06, 9.60778379522e-06, 8.0718909885e-06, 6.9510965659e-06, 6.95693233865e-06, 4.98848658026e-06, 4.12066401623e-06, 3.33831849275e-06, 3.72345903088e-06, 4.41544534624e-06, 4.88729892822e-06, 4.45985551778e-06, 3.59272416972e-06, 3.62119953934e-06, 3.57246085514e-06, 2.92659524348e-06, 1.6771969058e-06, 9.80805793915e-07],
        "min": [1.88542536845e-23, 1.68346530157e-23, 1.02469039952e-23, 6.88254160762e-24, 2.42977284075e-23, 1.9648035504e-23, 7.33254021126e-24, 2.01656039885e-23, 1.68938317831e-23, 1.51883807703e-23, 2.71643148308e-23, 1.93752458253e-23, 2.40738481049e-23, 1.6986871616e-23, 7.92254742607e-24, 4.7741266394e-24, 1.06298462665e-23, 6.61470794751e-24, 5.70753250044e-24, 8.66542957343e-24, 1.13922842757e-23, 1.61418264594e-23, 1.26214037189e-23, 1.55233484656e-23, 6.8111638952e-24, 9.67770062018e-24, 8.94239863726e-24, 8.27477066481e-24, 7.29291967229e-24, 1.50986904408e-23, 1.0749974794e-23, 1.17986336277e-23, 1.16247773616e-23, 8.3523156918e-24, 8.07568189386e-24, 1.17214664651e-23, 8.86944004758e-24, 8.79881727504e-24, 9.58178460044e-24, 1.02577350554e-23],
        "var": [1.21607317851e-05, 1.9597496248e-06, 3.11076888693e-07, 3.89770463016e-07, 3.22549681187e-06, 3.37406754625e-06, 1.56521480221e-07, 1.63746108228e-07, 2.35936298054e-07, 9.03494765225e-07, 5.81585425152e-07, 2.14276695942e-07, 8.53771098264e-08, 1.01076601311e-07, 1.88481745766e-08, 1.17305276603e-08, 1.17164766777e-08, 1.55678456792e-08, 2.79413092663e-09, 1.54689883125e-09, 1.65401659036e-09, 1.43976008893e-09, 7.33230864913e-10, 3.62590069081e-10, 2.02298719443e-10, 1.23159163423e-10, 1.26787746968e-10, 8.48379283491e-11, 5.00873544029e-11, 5.00216951194e-11, 1.06362113561e-10, 1.56734417112e-10, 2.39468000984e-10, 2.03389083353e-10, 1.09698777839e-10, 9.5466412553e-11, 8.89141468785e-11, 7.35386682105e-11, 4.82866559237e-11, 3.61902417756e-11]
    },
    "mfcc": {
        "mean": [-612.685424805, 86.8246459961, -2.84588766098, -7.13849782944, -10.9380369186, 1.40576958656, -3.9013273716, 8.13134860992, -0.992251992226, 3.9135119915, -0.444393247366, -1.38351118565, -0.119117692113],
        "cov": [[4291.78955078, -747.110839844, 900.322814941, 498.678100586, 698.894775391, 173.245040894, 205.917434692, 46.1770477295, -20.0295906067, -30.9065322876, -108.904602051, 58.9983787537, 146.198791504], [-747.110839844, 747.948364258, -38.5900878906, 54.0111503601, -26.0012130737, 27.6671447754, 33.2827644348, 38.511428833, 8.46127700806, 48.6680145264, 59.7581634521, 12.6426448822, 4.32005739212], [900.322814941, -38.5900878906, 823.588989258, 396.428344727, 413.925567627, 108.81803894, 75.0856170654, 7.46853351593, -17.2605304718, -32.9300880432, -6.59073781967, 94.395324707, 88.1057815552], [498.678100586, 54.0111503601, 396.428344727, 408.933959961, 299.796875, 64.0590362549, 31.2009925842, 27.1717815399, 11.6083717346, -17.5035457611, -5.95496225357, 73.3922958374, 51.8227958679], [698.894775391, -26.0012130737, 413.925567627, 299.796875, 417.710784912, 105.169502258, 114.844329834, 50.7234077454, 28.8211936951, 0.36767745018, -2.86040425301, 60.4677314758, 56.397102356], [173.245040894, 27.6671447754, 108.81803894, 64.0590362549, 105.169502258, 241.898345947, 165.959854126, 62.1789016724, 45.2699928284, 50.6415748596, 31.7400760651, -8.31590747833, 13.0728540421], [205.917434692, 33.2827644348, 75.0856170654, 31.2009925842, 114.844329834, 165.959854126, 276.573669434, 91.6003646851, 72.9562835693, 83.2922134399, 51.7213287354, 2.50858235359, 7.57540750504], [46.1770477295, 38.511428833, 7.46853351593, 27.1717815399, 50.7234077454, 62.1789016724, 91.6003646851, 156.589736938, 100.871368408, 60.1228942871, 32.9708442688, 22.8511104584, 4.93456888199], [-20.0295906067, 8.46127700806, -17.2605304718, 11.6083717346, 28.8211936951, 45.2699928284, 72.9562835693, 100.871368408, 173.054504395, 83.4590911865, 45.9385986328, 25.1526012421, -7.1418671608], [-30.9065322876, 48.6680145264, -32.9300880432, -17.5035457611, 0.36767745018, 50.6415748596, 83.2922134399, 60.1228942871, 83.4590911865, 135.849075317, 65.949005127, 15.5774040222, 4.54234218597], [-108.904602051, 59.7581634521, -6.59073781967, -5.95496225357, -2.86040425301, 31.7400760651, 51.7213287354, 32.9708442688, 45.9385986328, 65.949005127, 106.397254944, 45.981590271, 18.5527820587], [58.9983787537, 12.6426448822, 94.395324707, 73.3922958374, 60.4677314758, -8.31590747833, 2.50858235359, 22.8511104584, 25.1526012421, 15.5774040222, 45.981590271, 111.710075378, 46.7688713074], [146.198791504, 4.32005739212, 88.1057815552, 51.8227958679, 56.397102356, 13.0728540421, 7.57540750504, 4.93456888199, -7.1418671608, 4.54234218597, 18.5527820587, 46.7688713074, 88.982093811]],
