{
"lowlevel": {
    "average_loudness": 0.634695887566,
    "barkbands_crest": {
        "dmean": 2.60034680367,
        "dmean2": 4.16242313385,
        "dvar": 6.30737066269,
        "dvar2": 15.445192337,
        "max": 26.1824932098,
        "mean": 11.4188203812,
        "median": 10.545334816,
        "min": 2.5909318924,
        "var": 25.5587348938
    },
    "barkbands_flatness_db": {
        "dmean": 0.0211456287652,
        "dmean2": 0.0321318544447,
        "dvar": 0.00052294426132,
        "dvar2": 0.00108978536446,
        "max": 0.460787713528,
        "mean": 0.156719252467,
        "median": 0.150919184089,
        "min": 0.0271037276834,
        "var": 0.00423452025279
    },
    "barkbands_kurtosis": {
        "dmean": 3.94073987007,
        "dmean2": 6.11818790436,
        "dvar": 121.083328247,
        "dvar2": 259.446716309,
        "max": 557.058898926,
        "mean": 6.88170385361,
        "median": 2.13976669312,
        "min": -1.91536462307,
        "var": 254.596099854
    },
    "barkbands_skewness": {
        "dmean": 0.564146697521,
        "dmean2": 0.854987919331,
        "dvar": 0.5534273386,
        "dvar2": 1.12765932083,
        "max": 18.0999450684,
        "mean": 1.48802924156,
        "median": 1.15290594101,
        "min": -6.13561916351,
        "var": 2.41554021835
    },
    "barkbands_spread": {
        "dmean": 3.74703025818,
        "dmean2": 5.75783061981,
        "dvar": 36.7593650818,
        "dvar2": 76.0220870972,
        "max": 105.763198853,
        "mean": 15.029914856,
        "median": 12.4663200378,
        "min": 0.16485863924,
        "var": 136.81854248
    },
    "dissonance": {
        "dmean": 0.0245717074722,
        "dmean2": 0.0412986911833,
        "dvar": 0.000597942213062,
        "dvar2": 0.00156236102339,
        "max": 0.500000119209,
        "mean": 0.449299931526,
        "median": 0.459317058325,
        "min": 0.176060304046,
        "var": 0.0017125569284
    },
    "dynamic_complexity": 4.68038892746,
    "erbbands_crest": {
        "dmean": 2.73470306396,
        "dmean2": 4.39894628525,
        "dvar": 6.69510889053,
        "dvar2": 15.8695449829,
        "max": 34.1058807373,
        "mean": 11.4418020248,
        "median": 10.3827762604,
        "min": 2.98133397102,
        "var": 26.6292228699
    },
    "erbbands_flatness_db": {
        "dmean": 0.0185464862734,
        "dmean2": 0.0273766927421,
        "dvar": 0.000370147201465,
        "dvar2": 0.000732495915145,
        "max": 0.489108562469,
        "mean": 0.194514974952,
        "median": 0.189019918442,
        "min": 0.0366165675223,
        "var": 0.00312497653067
    },
    "erbbands_kurtosis": {
        "dmean": 1.48108673096,
        "dmean2": 2.30824327469,
        "dvar": 6.4285364151,
        "dvar2": 14.6796550751,
        "max": 67.7653274536,
        "mean": 2.33703351021,
        "median": 0.918863534927,
        "min": -1.81847167015,
        "var": 21.0888004303
    },
    "erbbands_skewness": {
        "dmean": 0.384790986776,
        "dmean2": 0.578613579273,
        "dvar": 0.174669623375,
        "dvar2": 0.360871702433,
        "max": 6.65654087067,
        "mean": 0.799067735672,
        "median": 0.72367310524,
        "min": -4.23876428604,
        "var": 0.963610351086
    },
    "erbbands_spread": {
        "dmean": 5.41235494614,
        "dmean2": 8.43944549561,
        "dvar": 63.2461013794,
        "dvar2": 144.290100098,
        "max": 137.967086792,
        "mean": 24.2719554901,
        "median": 21.8044338226,
        "min": 0.591792702675,
        "var": 187.156311035
    },
    "hfc": {
        "dmean": 3.57246017456,
        "dmean2": 4.95529127121,
        "dvar": 42.9428596497,
        "dvar2": 72.0357513428,
        "max": 180.087966919,
        "mean": 15.0885810852,
        "median": 6.90205478668,
        "min": 3.76465550289e-06,
        "var": 356.800079346
    },
    "melbands_crest": {
        "dmean": 3.00685191154,
        "dmean2": 4.82666158676,
        "dvar": 7.84044265747,
        "dvar2": 18.8769683838,
        "max": 33.7587394714,
        "mean": 14.1817216873,
        "median": 13.4004859924,
        "min": 3.34557700157,
        "var": 32.1558380127
    },
    "melbands_flatness_db": {
        "dmean": 0.0240847188979,
        "dmean2": 0.0361367352307,
        "dvar": 0.000737914466299,
        "dvar2": 0.00149185524788,
        "max": 0.587587475777,
        "mean": 0.216376289725,
        "median": 0.209668397903,
        "min": 0.0415899641812,
        "var": 0.00682780705392
    },
    "melbands_kurtosis": {
        "dmean": 5.94095134735,
        "dmean2": 9.31674671173,
        "dvar": 190.023803711,
        "dvar2": 423.273468018,
        "max": 357.299560547,
        "mean": 11.0830888748,
        "median": 4.4048538208,
        "min": -1.85867094994,
        "var": 433.959716797
    },
    "melbands_skewness": {
        "dmean": 0.639363825321,
        "dmean2": 0.984871804714,
        "dvar": 0.652231216431,
        "dvar2": 1.40847635269,
        "max": 13.4685745239,
        "mean": 1.9376295805,
        "median": 1.57266950607,
        "min": -4.5101776123,
        "var": 2.70038437843
    },
    "melbands_spread": {
        "dmean": 5.33165884018,
        "dmean2": 8.03827381134,
        "dvar": 97.6639328003,
        "dvar2": 178.210891724,
        "max": 228.908966064,
        "mean": 20.2809867859,
        "median": 15.8655643463,
        "min": 0.328675568104,
        "var": 386.964630127
    },
    "pitch_salience": {
        "dmean": 0.0673346370459,
        "dmean2": 0.10829102248,
        "dvar": 0.00393404066563,
        "dvar2": 0.00933555886149,
        "max": 0.886947154999,
        "mean": 0.556240558624,
        "median": 0.568386554718,
        "min": 0.0795532763004,
        "var": 0.0166362300515
    },
    "silence_rate_20dB": {
        "dmean": 0,
        "dmean2": 0,
        "dvar": 0,
        "dvar2": 0,
        "max": 1,
        "mean": 1,
        "median": 1,
        "min": 1,
        "var": 0
    },
    "silence_rate_30dB": {
        "dmean": 0.00215182313696,
        "dmean2": 0.00430416082963,
        "dvar": 0.00214641052298,
        "dvar2": 0.00500352028757,
        "max": 1,
        "mean": 0.997011721134,
        "median": 1,
        "min": 0,
        "var": 0.00297993980348
    },
    "silence_rate_60dB": {
        "dmean": 0.0454273745418,
        "dmean2": 0.09086561203,
        "dvar": 0.0433661937714,
        "dvar2": 0.0938455089927,
        "max": 1,
        "mean": 0.163519009948,
        "median": 0,
        "min": 0,
        "var": 0.136777698994
    },
    "spectral_centroid": {
        "dmean": 169.208908081,
        "dmean2": 249.329727173,
        "dvar": 61563.2382812,
        "dvar2": 101065.992188,
        "max": 4987.97021484,
        "mean": 1144.87963867,
        "median": 1037.27709961,
        "min": 116.708778381,
        "var": 431371.65625
    },
    "spectral_complexity": {
        "dmean": 2.13771677017,
        "dmean2": 3.42790532112,
        "dvar": 4.72499847412,
        "dvar2": 10.3568105698,
        "max": 47,
        "mean": 13.1822853088,
        "median": 11,
        "min": 0,
        "var": 76.0426864624
    },
    "spectral_decrease": {
        "dmean": 1.25189725253e-09,
        "dmean2": 1.86614657061e-09,
        "dvar": 8.23632338597e-18,
        "dvar2": 2.03253910218e-17,
        "max": -5.31343979571e-16,
        "mean": -4.12778300429e-09,
        "median": -2.58990473512e-09,
        "min": -9.66749666986e-08,
        "var": 2.05153811736e-17
    },
    "spectral_energy": {
        "dmean": 0.00498853670433,
        "dmean2": 0.00741016957909,
        "dvar": 0.000122264944366,
        "dvar2": 0.000299569452181,
        "max": 0.36819756031,
        "mean": 0.0169478319585,
        "median": 0.0105899181217,
        "min": 2.34688490863e-09,
        "var": 0.000332534487825
    },
    "spectral_energyband_high": {
        "dmean": 0.000143219775055,
        "dmean2": 0.000196014778339,
        "dvar": 3.30709497121e-07,
        "dvar2": 5.50820345779e-07,
        "max": 0.0258565843105,
        "mean": 0.000402238452807,
        "median": 7.65534787206e-05,
        "min": 2.76197092974e-10,
        "var": 1.04228865894e-06
    },
    "spectral_energyband_low": {
        "dmean": 0.00189941446297,
        "dmean2": 0.00297434255481,
        "dvar": 9.53215931077e-05,
        "dvar2": 0.000248835247476,
        "max": 0.360952705145,
        "mean": 0.00279989629053,
        "median": 0.000607106194366,
        "min": 7.64217022997e-11,
        "var": 0.000111272682261
    },
    "spectral_energyband_middle_high": {
        "dmean": 0.00143271486741,
        "dmean2": 0.00202630460262,
        "dvar": 8.04599858384e-06,
        "dvar2": 1.38511468322e-05,
        "max": 0.0674879774451,
        "mean": 0.00536613771692,
        "median": 0.00173113122582,
        "min": 5.68392166667e-10,
        "var": 7.39675815566e-05
    },
    "spectral_energyband_middle_low": {
        "dmean": 0.00283441832289,
        "dmean2": 0.00427972665057,
        "dvar": 2.4053882953e-05,
        "dvar2": 5.10854915774e-05,
        "max": 0.0991838797927,
        "mean": 0.00879405066371,
        "median": 0.00507712177932,
        "min": 1.02182740047e-09,
        "var": 0.000112523026473
    },
    "spectral_entropy": {
        "dmean": 0.168264970183,
        "dmean2": 0.251154839993,
        "dvar": 0.0374648794532,
        "dvar2": 0.0717691481113,
        "max": 8.67719650269,
        "mean": 7.27935314178,
        "median": 7.33360481262,
        "min": 5.23804330826,
        "var": 0.274144202471
    },
    "spectral_flux": {
        "dmean": 0.0181776545942,
        "dmean2": 0.0295656081289,
        "dvar": 0.000611018331256,
        "dvar2": 0.00157517392654,
        "max": 0.522192001343,
        "mean": 0.0574765093625,
        "median": 0.048893623054,
        "min": 0.000129373103846,
        "var": 0.00155720382463
    },
    "spectral_kurtosis": {
        "dmean": 2.22278380394,
        "dmean2": 3.71214938164,
        "dvar": 8.5761013031,
        "dvar2": 23.9994564056,
        "max": 54.3559494019,
        "mean": 7.18182563782,
        "median": 5.98369216919,
        "min": -0.895691871643,
        "var": 24.5346717834
    },
    "spectral_rms": {
        "dmean": 0.000559792853892,
        "dmean2": 0.00080868427176,
        "dvar": 5.64006541026e-07,
        "dvar2": 1.19236710816e-06,
        "max": 0.018953025341,
        "mean": 0.00358414207585,
        "median": 0.00321428477764,
        "min": 1.5131569171e-06,
        "var": 3.68835026165e-06
    },
    "spectral_rolloff": {
        "dmean": 316.666290283,
        "dmean2": 519.15057373,
        "dvar": 576888.8125,
        "dvar2": 1175819.125,
        "max": 10938.8671875,
        "mean": 1372.97644043,
        "median": 1055.12695312,
        "min": 64.599609375,
        "var": 1704569.25
    },
    "spectral_skewness": {
        "dmean": 0.252362310886,
        "dmean2": 0.403189063072,
        "dvar": 0.0749285146594,
        "dvar2": 0.184629291296,
        "max": 5.42672252655,
        "mean": 2.0293545723,
        "median": 1.958594203,
        "min": 0.12255525589,
        "var": 0.375915586948
    },
    "spectral_spread": {
        "dmean": 470064.8125,
        "dmean2": 701869.6875,
        "dvar": 373551333376,
        "dvar2": 714065444864,
        "max": 15283572,
        "mean": 4054132.25,
        "median": 3872376.5,
        "min": 1056176.375,
        "var": 1.86542954906e+12
    },
    "spectral_strongpeak": {
        "dmean": 0.511900901794,
        "dmean2": 0.825009524822,
        "dvar": 0.650739967823,
        "dvar2": 1.49066305161,
        "max": 12.7082185745,
        "mean": 1.28957915306,
        "median": 0.777668952942,
        "min": 0,
        "var": 2.25368881226
    },
    "zerocrossingrate": {
        "dmean": 0.00792807620019,
        "dmean2": 0.00897727627307,
        "dvar": 0.000155485540745,
        "dvar2": 0.00013996992493,
        "max": 0.31982421875,
        "mean": 0.0531138628721,
        "median": 0.04638671875,
        "min": 0.0029296875,
        "var": 0.00134481466375
    },
    "barkbands": {
        "dmean": [0.000115148846817, 0.00151854322758, 0.00042093830416, 0.000246525392868, 0.000758462178055, 0.000720218231436, 0.000667231332045, 0.000808336480986, 0.000696461996995, 0.000601853942499, 0.000392390502384, 0.000357266078936, 0.000346171931596, 0.000307520647766, 0.000246862997301, 0.000110047469207, 0.000174120985321, 0.000108482090582, 8.44638707349e-05, 4.27606610174e-05, 3.38047284458e-05, 3.73790862795e-05, 3.62560458598e-05, 3.1127838156e-05, 1.45936228364e-05, 7.0053665695e-06, 2.02927867576e-06],
        "dmean2": [0.000180746646947, 0.00240135751665, 0.000696231669281, 0.000405129540013, 0.0011546749156, 0.00113173853606, 0.00105451408308, 0.00122736976482, 0.00107725709677, 0.000924171123188, 0.000588410417549, 0.000557847961318, 0.000512666709255, 0.000460252020275, 0.000363372993888, 0.000163866774528, 0.000268769537797, 0.000166560566868, 0.00012734500342, 6.84033730067e-05, 5.20846697327e-05, 5.52151141164e-05, 5.09048877575e-05, 4.40406074631e-05, 2.126423351e-05, 1.04297350845e-05, 3.03659680867e-06],
        "dvar": [1.69646042991e-07, 6.97801733622e-05, 6.96325423633e-06, 5.52456754122e-07, 3.43850115314e-06, 6.21471463091e-06, 3.8542434595e-06, 6.31331340628e-06, 3.88892385672e-06, 2.17833530769e-06, 1.81647169484e-06, 9.6182748166e-07, 1.73745445409e-06, 1.09710185825e-06, 5.58457145416e-07, 1.0682825291e-07, 2.1505843506e-07, 1.31819234639e-07, 5.32018766819e-08, 1.54632218141e-08, 1.0381559612e-08, 2.50730209927e-08, 4.11862899341e-08, 2.08790638112e-08, 2.27614704862e-09, 4.32919533555e-10, 3.96835238281e-11],
        "dvar2": [4.48049917168e-07, 0.000176183093572, 1.92382558453e-05, 1.46408956425e-06, 7.1305835263e-06, 1.31215056172e-05, 9.13214898901e-06, 1.48272683873e-05, 9.02995725482e-06, 4.57674559584e-06, 3.39588359566e-06, 2.09506856663e-06, 3.46570209331e-06, 2.28605790653e-06, 1.02362992038e-06, 1.98453662392e-07, 4.52517866734e-07, 2.75988838894e-07, 9.99845823912e-08, 3.42903767603e-08, 2.04785983726e-08, 4.56499691381e-08, 7.61000364946e-08, 3.88030585441e-08, 4.53079485041e-09, 9.89887394276e-10, 8.95118701383e-11],
        "max": [0.0141002153978, 0.257825136185, 0.100070297718, 0.0140875764191, 0.0573342256248, 0.0912506133318, 0.0629502013326, 0.074497692287, 0.0563208796084, 0.0411880910397, 0.0577726438642, 0.0350769050419, 0.0402878969908, 0.0395258702338, 0.0278568081558, 0.0100749731064, 0.0153071423993, 0.0166744887829, 0.00969955790788, 0.00479673501104, 0.00334349134937, 0.00776167586446, 0.0109438421205, 0.00564494729042, 0.00150439888239, 0.00044917606283, 0.00019187250291],
        "mean": [0.000125951482914, 0.00202873535454, 0.000495096843224, 0.000363698636647, 0.00186641537584, 0.00145296438131, 0.00125676835887, 0.00188454659656, 0.00138258561492, 0.00118816876784, 0.00078672246309, 0.000708421343006, 0.000760768947657, 0.000603252556175, 0.000545022368897, 0.000223802897381, 0.000356704607839, 0.000258529413259, 0.000216149957851, 9.41803591559e-05, 7.76485612732e-05, 8.37766419863e-05, 7.59714166634e-05, 6.23004816589e-05, 3.33201169269e-05, 1.33704816108e-05, 2.94220831165e-06],
        "median": [1.67044890986e-05, 0.000313803582685, 7.4709256296e-05, 8.06268071756e-05, 0.000325275235809, 0.000425346574048, 0.000391750101699, 0.000233549275436, 0.000301343970932, 0.000291498290608, 0.000138548217365, 0.000136681162985, 0.000103524391307, 9.26021893974e-05, 7.37393565942e-05, 4.58869617432e-05, 5.5416898249e-05, 3.10463583446e-05, 3.27027009916e-05, 1.72260752151e-05, 1.30263370011e-05, 1.31235065055e-05, 9.62748890743e-06, 9.75532020675e-06, 6.03096577834e-06, 2.55118948189e-06, 3.19486787248e-07],
        "min": [2.02941591483e-12, 2.22941474309e-11, 4.54745477385e-11, 7.09129022863e-12, 6.21200590967e-11, 1.64816771342e-11, 5.57159006431e-11, 1.0012236179e-10, 6.36576236168e-10, 1.05491483604e-10, 7.45463621388e-11, 1.58157948543e-11, 1.2192703791e-10, 7.34625554832e-11, 4.7552725646e-11, 6.34656355247e-11, 1.98763019932e-11, 2.6622988536e-11, 2.81725979351e-11, 3.57212731616e-11, 3.7914931611e-11, 5.25437332533e-11, 8.69399205405e-11, 2.26948911053e-11, 3.00914779205e-11, 1.78963840275e-11, 1.53476849285e-11],
        "var": [1.83133337828e-07, 7.07031576894e-05, 7.47028707337e-06, 9.50649450715e-07, 1.76644552994e-05, 1.78517439053e-05, 8.14857503428e-06, 2.48310461757e-05, 1.02154926935e-05, 7.8204438978e-06, 6.73724662192e-06, 2.89767376671e-06, 7.49274249756e-06, 3.58120610144e-06, 2.33893456425e-06, 3.7301143152e-07, 6.29744022262e-07, 4.45618269396e-07, 2.46013200922e-07, 4.42345253759e-08, 2.90395423264e-08, 5.75271137393e-08, 9.71838929331e-08, 5.91864619537e-08, 7.73652786279e-09, 9.83571002422e-10, 6.73297251286e-11]
    },
    "erbbands": {
        "dmean": [0.0397196896374, 0.354970246553, 0.49290022254, 0.68554019928, 1.41404366493, 3.01627588272, 4.24171686172, 6.04008579254, 8.79901981354, 13.3186922073, 16.0222396851, 15.9759225845, 19.9412879944, 15.1346588135, 13.0035734177, 15.3589076996, 14.9095535278, 16.090883255, 12.4913196564, 8.20926761627, 6.0728302002, 8.08026885986, 5.91587495804, 4.64693403244, 3.44867444038, 1.96370363235, 1.46455776691, 1.25023603439, 1.25844240189, 1.28669440746, 1.01144862175, 0.739662647247, 0.483126461506, 0.195841863751, 0.103773921728, 0.0375643745065, 0.0115070967004, 0.00304370210506, 0.000347430614056, 1.31879151013e-05],
        "dmean2": [0.0620599389076, 0.5669272542, 0.816175878048, 1.14250957966, 2.17486381531, 4.55357646942, 6.38575029373, 9.55192661285, 13.8313274384, 20.7157287598, 23.7849845886, 24.5900878906, 30.9213314056, 22.1195411682, 19.5132789612, 23.5999832153, 22.2334899902, 23.732793808, 18.3897266388, 11.9808702469, 9.20140457153, 12.2437744141, 8.81447792053, 7.07142210007, 5.11791610718, 3.18343448639, 2.25073075294, 1.91578996181, 1.8771725893, 1.84627783298, 1.4237729311, 1.05688822269, 0.682057023048, 0.281666278839, 0.158619374037, 0.0558830276132, 0.0173680167645, 0.00451831473038, 0.000519840046763, 1.93955256691e-05],
        "dvar": [0.047116663307, 3.99374294281, 11.2521324158, 5.89601945877, 12.9570531845, 65.5111312866, 330.945037842, 450.298370361, 621.312927246, 1778.38378906, 2665.98681641, 2325.98339844, 2139.74047852, 2448.08276367, 1882.03186035, 1613.73962402, 3349.47314453, 2797.08789062, 1409.65722656, 612.072387695, 232.054046631, 506.352905273, 359.342315674, 172.158508301, 88.4832305908, 28.2551441193, 19.9277210236, 18.0099124908, 27.7576599121, 44.9404220581, 30.7217121124, 12.8963880539, 4.76363754272, 0.51164495945, 0.112475842237, 0.0109650772065, 0.00143793516327, 8.3624268882e-05, 1.15138163892e-06, 9.30489407747e-10],
        "dvar2": [0.110778532922, 10.4255285263, 31.7546520233, 16.0010585785, 28.9149360657, 130.743972778, 639.282470703, 945.104797363, 1406.99230957, 4211.359375, 6243.22412109, 5507.30712891, 4978.70898438, 4628.30615234, 3669.09448242, 3535.82617188, 6616.66845703, 5656.04443359, 2819.58129883, 1159.15917969, 509.013641357, 1023.17565918, 725.208618164, 355.661132812, 162.842437744, 64.7853546143, 44.1007385254, 35.5287055969, 51.2468109131, 80.2304916382, 58.4108963013, 25.5045986176, 8.62562084198, 0.991505742073, 0.261760830879, 0.0242143776268, 0.00351959699765, 0.000190392893273, 2.58239901996e-06, 2.07847627998e-09],
        "max": [6.90516853333, 69.6622695923, 153.996322632, 58.7782897949, 90.6838760376, 214.14012146, 797.277099609, 941.550354004, 625.861938477, 1197.07055664, 2024.54418945, 1546.13391113, 1224.04833984, 1581.58862305, 1746.7097168, 1727.83288574, 2182.68261719, 1987.09130859, 1172.84533691, 962.349304199, 434.323120117, 723.660644531, 848.869262695, 486.682281494, 358.422515869, 182.655960083, 185.495483398, 167.750137329, 265.790527344, 385.153076172, 248.171676636, 145.426269531, 72.8765335083, 28.8231945038, 8.80292129517, 3.0690844059, 1.04290878773, 0.292906075716, 0.0267302487046, 0.000829887518194],
        "mean": [0.0556282103062, 0.461971461773, 0.634583413601, 1.02225065231, 2.82260560989, 7.45410585403, 9.40637874603, 11.9322681427, 17.1816749573, 25.785785675, 41.7004089355, 33.561668396, 42.05078125, 32.6084938049, 30.1978931427, 32.8556671143, 35.4487266541, 36.5219039917, 30.6339855194, 18.6348762512, 13.8906087875, 18.0177574158, 15.1254444122, 12.1087465286, 9.04294967651, 4.73451519012, 3.42450976372, 3.06261920929, 2.86267709732, 2.71881699562, 2.03062438965, 1.48903465271, 0.9326415658, 0.419668525457, 0.223367199302, 0.0749339237809, 0.0202776882797, 0.00523844361305, 0.000511109654326, 3.32389208779e-05],
        "median": [0.00927179120481, 0.0573182553053, 0.105472669005, 0.266048699617, 0.594594359398, 1.04628872871, 2.10626244545, 3.85909700394, 6.38892173767, 6.11148691177, 7.56550979614, 8.10515022278, 12.1026573181, 7.25294494629, 6.4178647995, 6.70665645599, 6.40210437775, 6.1533575058, 4.44627094269, 4.06182718277, 3.18951654434, 2.82572126389, 2.02457213402, 2.02933478355, 1.26279079914, 0.841181457043, 0.586354374886, 0.503408551216, 0.445976674557, 0.402071833611, 0.263973295689, 0.214518800378, 0.143599078059, 0.0740534365177, 0.0377429872751, 0.0133203724399, 0.00376854417846, 0.000870243296959, 6.75928313285e-05, 1.80691367859e-05],
        "min": [2.14614936933e-10, 6.98796753795e-09, 4.84016950963e-08, 4.98672143578e-08, 1.87911496141e-07, 2.5303583584e-07, 1.45639688753e-07, 1.69025426544e-07, 6.23568041647e-07, 8.27650694646e-07, 5.26311168869e-06, 1.46428683365e-05, 4.63471042167e-06, 2.70402438218e-06, 1.66583947703e-06, 8.78388561887e-07, 4.73279669677e-06, 5.96925337959e-06, 1.31257081648e-06, 4.52547101304e-06, 2.13948214878e-06, 1.10910650619e-06, 1.34273113872e-06, 1.17384070109e-06, 1.74348326709e-06, 1.83126485354e-06, 1.55775990152e-06, 1.35269885959e-06, 1.76748585545e-06, 1.79290032065e-06, 2.48752598964e-06, 8.86218231244e-07, 3.17372126801e-07, 3.02730285284e-07, 2.32198786421e-07, 8.78075496757e-08, 3.75281814513e-08, 1.30779813645e-08, 2.24633334156e-09, 1.39281558509e-10],
        "var": [0.0579217560589, 3.70563960075, 11.0109767914, 7.89991760254, 50.141544342, 368.370788574, 1122.43530273, 1181.18139648, 1408.67675781, 4448.54150391, 14052.0283203, 5944.67871094, 7752.45605469, 9703.58984375, 9467.02539062, 5514.22314453, 14836.2509766, 11343.2216797, 6566.43164062, 2694.7409668, 811.418945312, 1707.55151367, 1340.18481445, 737.225219727, 475.033691406, 91.415512085, 54.2589530945, 49.2769699097, 62.3005142212, 96.3404922485, 74.387298584, 33.7368850708, 13.5672721863, 1.58752846718, 0.329206317663, 0.0299006737769, 0.0025592467282, 0.000172977772309, 1.93174673768e-06, 2.03914685137e-09]
    },
    "gfcc": {
        "mean": [-55.8439826965, 90.7019500732, -129.946121216, 4.63838911057, -64.4493637085, 9.96984481812, -36.8277053833, 7.91384792328, -18.3647518158, 2.00416779518, -11.6624336243, 1.03661179543, -9.8149471283],
        "cov": [[7276.60693359, -1825.6583252, -331.685699463, 234.152603149, -109.525146484, 55.1661872864, -97.2977905273, 333.970825195, -10.6835536957, 319.452178955, 1.21660077572, 337.305358887, -218.134979248], [-1825.6583252, 2087.40454102, 644.356201172, 231.043334961, 373.79385376, 19.5032901764, 128.594085693, -179.930236816, 129.479721069, -131.502944946, 157.728683472, -102.908691406, 96.7357711792], [-331.685699463, 644.356201172, 1629.24902344, 583.118896484, 266.433349609, 216.156356812, -26.8556785583, -57.3203201294, 22.7157287598, 52.6659049988, 62.9080924988, 82.3937072754, 32.9425201416], [234.152603149, 231.043334961, 583.118896484, 693.448303223, 248.99369812, 231.755050659, 54.3353309631, 26.7204551697, 67.4274749756, 72.2347259521, 84.4342498779, 23.4322834015, 40.1172332764], [-109.525146484, 373.79385376, 266.433349609, 248.99369812, 405.805664062, 206.444595337, 145.375442505, 58.0539512634, 75.5510482788, 45.0699615479, 47.8980331421, -0.222833767533, 16.0566806793], [55.1661872864, 19.5032901764, 216.156356812, 231.755050659, 206.444595337, 339.004547119, 177.582122803, 96.7599029541, 42.3102416992, 53.3993682861, 34.7751502991, 20.1139221191, 10.6808395386], [-97.2977905273, 128.594085693, -26.8556785583, 54.3353309631, 145.375442505, 177.582122803, 291.58706665, 111.51309967, 48.5854721069, 17.2216854095, 19.7966117859, -9.97294044495, 0.941335618496], [333.970825195, -179.930236816, -57.3203201294, 26.7204551697, 58.0539512634, 96.7599029541, 111.51309967, 185.394668579, 53.7624740601, 56.5333099365, -4.86915588379, 20.301410675, -8.04654788971], [-10.6835536957, 129.479721069, 22.7157287598, 67.4274749756, 75.5510482788, 42.3102416992, 48.5854721069, 53.7624740601, 135.817276001, 48.9695549011, 36.0148696899, -1.18690037727, 7.20644330978], [319.452178955, -131.502944946, 52.6659049988, 72.2347259521, 45.0699615479, 53.3993682861, 17.2216854095, 56.5333099365, 48.9695549011, 139.499633789, 51.0131340027, 36.0817260742, -9.03294086456], [1.21660077572, 157.728683472, 62.9080924988, 84.4342498779, 47.8980331421, 34.7751502991, 19.7966117859, -4.86915588379, 36.0148696899, 51.0131340027, 131.947677612, 39.9768447876, 27.935503006], [337.305358887, -102.908691406, 82.3937072754, 23.4322834015, -0.222833767533, 20.1139221191, -9.97294044495, 20.301410675, -1.18690037727, 36.0817260742, 39.9768447876, 116.762207031, 27.3610649109], [-218.134979248, 96.7357711792, 32.9425201416, 40.1172332764, 16.0566806793, 10.6808395386, 0.941335618496, -8.04654788971, 7.20644330978, -9.03294086456, 27.935503006, 27.3610649109, 93.6306610107]],
        "icov": [[0.000251045974437, 0.000107406565803, 0.000105981809611, -0.000251082150498, -4.69561491627e-05, 0.000139643932926, 9.49335953919e-05, -0.000258108309936, 6.23921441729e-05, -0.000124687430798, 5.0819482567e-05, -0.000769829784986, 0.000706149439793], [0.000107406565803, 0.00146921700798, -0.000575831218157, 0.00022804926266, -0.00114351219963, 0.000987047678791, -0.000854777288623, 0.00102815253194, -0.00127275427803, 0.00172346550971, -0.00186445144936, 0.00112929055467, -0.00049186963588], [0.000105981809611, -0.000575831218157, 0.00131723354571, -0.00096402305644, 0.000154344452312, -0.000610867980868, 0.000702147895936, -2.61249351752e-05, 0.000602766522206, -0.000812538084574, 0.00116495112889, -0.00172194954939, 0.000856187252793], [-0.000251082150498, 0.00022804926266, -0.00096402305644, 0.0031605521217, -0.00083931122208, -0.00119507242925, 0.000405444036005, 0.000392791087506, -0.000705150712747, 0.000188280653674, -0.00138465198688, 0.00192734505981, -0.0016032847343], [-4.69561491627e-05, -0.00114351219963, 0.000154344452312, -0.00083931122208, 0.00529536604881, -0.00214346731082, -0.000445624173153, -0.000522342394106, -0.000257046689512, -0.00143868860323, 0.00120956019964, -0.000427314371336, 0.000318330276059], [0.000139643932926, 0.000987047678791, -0.000610867980868, -0.00119507242925, -0.00214346731082, 0.00737280538306, -0.00340542849153, -0.000625455984846, 0.00029696591082, 0.000236045627389, -0.000928663124796, -2.98774266412e-05, -0.000174736371264], [9.49335953919e-05, -0.000854777288623, 0.000702147895936, 0.000405444036005, -0.000445624173153, -0.00340542849153, 0.00742730172351, -0.0036412877962, 0.00043532307609, 0.000508331693709, -0.000254247046541, -1.76944813575e-05, 0.000857390288729], [-0.000258108309936, 0.00102815253194, -2.61249351752e-05, 0.000392791087506, -0.000522342394106, -0.000625455984846, -0.0036412877962, 0.0110683413222, -0.00364716327749, -0.00157207169104, 0.00179171154741, -0.000482086761622, -0.000938590732403], [6.23921441729e-05, -0.00127275427803, 0.000602766522206, -0.000705150712747, -0.000257046689512, 0.00029696591082, 0.00043532307609, -0.00364716327749, 0.0116748083383, -0.00393462786451, -0.000295017380267, 0.000490673060995, -9.07560824999e-05], [-0.000124687430798, 0.00172346550971, -0.000812538084574, 0.000188280653674, -0.00143868860323, 0.000236045627389, 0.000508331693709, -0.00157207169104, -0.00393462786451, 0.0139700938016, -0.00616526743397, 4.58504800918e-05, 0.00169032742269], [5.0819482567e-05, -0.00186445144936, 0.00116495112889, -0.00138465198688, 0.00120956019964, -0.000928663124796, -0.000254247046541, 0.00179171154741, -0.000295017380267, -0.00616526743397, 0.0143243353814, -0.0052675078623, -0.00102345668711], [-0.000769829784986, 0.00112929055467, -0.00172194954939, 0.00192734505981, -0.000427314371336, -2.98774266412e-05, -1.76944813575e-05, -0.000482086761622, 0.000490673060995, 4.58504800918e-05, -0.0052675078623, 0.0159623846412, -0.00627107964829], [0.000706149439793, -0.00049186963588, 0.000856187252793, -0.0016032847343, 0.000318330276059, -0.000174736371264, 0.000857390288729, -0.000938590732403, -9.07560824999e-05, 0.00169032742269, -0.00102345668711, -0.00627107964829, 0.0154033303261]]
    },
    "melbands": {
        "dmean": [0.000408034975408, 0.000322081294144, 0.000131382330437, 0.000153523957124, 0.000145952508319, 0.000139088821015, 0.000135059715831, 0.000152454114868, 0.00012907650671, 0.000102148987935, 0.000100442397525, 6.18746998953e-05, 4.83096591779e-05, 4.04448292102e-05, 3.76658899768e-05, 3.39231155522e-05, 3.28101123159e-05, 2.04929492611e-05, 1.67605303432e-05, 8.64985213411e-06, 8.21474532131e-06, 9.52286791289e-06, 8.04233422969e-06, 5.09002165927e-06, 4.16075727117e-06, 3.23662834489e-06, 1.68530777955e-06, 1.42774320011e-06, 9.82267010841e-07, 1.01966679722e-06, 7.70140729855e-07, 7.53677511511e-07, 7.62274396493e-07, 7.44363433114e-07, 6.29850546829e-07, 5.72329270199e-07, 4.5518851266e-07, 3.98646477606e-07, 2.50492064424e-07, 1.48883913198e-07],
        "dmean2": [0.000638753757812, 0.000519554363564, 0.000213995779632, 0.000235650790273, 0.000220259142225, 0.00021920693689, 0.00021229837148, 0.00023759630858, 0.000190916820429, 0.000158367736731, 0.000155575820827, 9.07690919121e-05, 7.21375399735e-05, 6.1668579292e-05, 5.60067346669e-05, 5.03640512761e-05, 4.85643431603e-05, 3.05973335344e-05, 2.41437719524e-05, 1.28112178572e-05, 1.28018673422e-05, 1.47087284859e-05, 1.21507191579e-05, 7.93330491433e-06, 6.41195083517e-06, 4.82112545797e-06, 2.59111334344e-06, 2.35762627199e-06, 1.54508484229e-06, 1.59625119522e-06, 1.1997093452e-06, 1.14834358556e-06, 1.12545353659e-06, 1.09146685645e-06, 8.99511064745e-07, 8.34140166717e-07, 6.66324524445e-07, 5.79358925279e-07, 3.5812828969e-07, 2.23822908652e-07],
        "dvar": [4.73819818581e-06, 3.89896695197e-06, 1.59783979825e-07, 1.27258104499e-07, 2.8335395541e-07, 2.1256313687e-07, 1.43229840432e-07, 2.26027324857e-07, 1.6098215383e-07, 9.2672728158e-08, 5.51723147169e-08, 4.19436076982e-08, 2.74946074796e-08, 1.26848416215e-08, 2.14230908568e-08, 1.41558453848e-08, 1.27447234988e-08, 4.23481205658e-09, 3.12221515308e-09, 7.4701650421e-10, 4.43908687586e-10, 6.80420220167e-10, 8.94985807687e-10, 2.42294906361e-10, 1.4634424228e-10, 8.00776667198e-11, 2.97195670851e-11, 1.60694513252e-11, 9.49103729636e-12, 8.79715137542e-12, 7.74021471917e-12, 8.79738729781e-12, 1.28129009139e-11, 1.6909060957e-11, 1.27087385754e-11, 7.53988364799e-12, 4.99763772033e-12, 3.45484491709e-12, 1.05194629049e-12, 2.70232431267e-13],
        "dvar2": [1.15259908853e-05, 1.08759595605e-05, 4.26963310929e-07, 2.6966276323e-07, 5.54751864001e-07, 4.49838154282e-07, 3.25288056047e-07, 5.32204637693e-07, 3.55299533794e-07, 2.2150815937e-07, 1.28459916482e-07, 7.93877461547e-08, 5.06773432107e-08, 2.64622368462e-08, 4.41016254626e-08, 2.76592260207e-08, 2.57361580935e-08, 8.67719229802e-09, 5.19565102053e-09, 1.35629985021e-09, 1.04487996033e-09, 1.495021551e-09, 1.74789305252e-09, 5.78858627698e-10, 3.06240394154e-10, 1.54367033045e-10, 5.71604881483e-11, 3.97289805221e-11, 2.23339367833e-11, 1.98597562007e-11, 1.65849903255e-11, 1.71032459029e-11, 2.25143636373e-11, 3.24124685425e-11, 2.54970437125e-11, 1.55826705706e-11, 1.05857978633e-11, 6.74201233036e-12, 1.9828498652e-12, 5.80080037824e-13],
        "max": [0.0573488883674, 0.0891290828586, 0.00904455222189, 0.00853628199548, 0.0210773348808, 0.0182794835418, 0.00900892727077, 0.01178384386, 0.0163354855031, 0.010541152209, 0.00613682623953, 0.00655238516629, 0.00659906677902, 0.00498218089342, 0.00646323570982, 0.00514921220019, 0.00457238499075, 0.00217876327224, 0.00263259047642, 0.000984844518825, 0.000578129722271, 0.000862646207679, 0.00121896178462, 0.000461940828245, 0.000412628956838, 0.000252592057223, 0.000316102465149, 0.000114028873213, 0.000106007959403, 9.82704368653e-05, 0.000117062285426, 0.000146323174704, 0.000167644102476, 0.000246384064667, 0.000156657610205, 0.000101020283182, 9.70038308878e-05, 6.0589354689e-05, 4.15437934862e-05, 1.9027336748e-05],
        "mean": [0.000558197323699, 0.000443280587206, 0.000212691375054, 0.000366340129403, 0.000346623361111, 0.000277497427305, 0.000263847759925, 0.00029703832115, 0.000328131223796, 0.000207869772566, 0.000204668831429, 0.000126683808048, 0.000102602585685, 8.35562677821e-05, 7.72481871536e-05, 7.80105983722e-05, 6.63322207402e-05, 4.64260992885e-05, 3.534208372e-05, 1.81087561941e-05, 1.66161735251e-05, 1.91625549633e-05, 1.63269978657e-05, 1.30628131956e-05, 9.26298343984e-06, 7.86241889728e-06, 3.83080032407e-06, 3.08742983179e-06, 2.05845117307e-06, 2.10116309063e-06, 1.71684814632e-06, 1.61524030773e-06, 1.57143017532e-06, 1.47952346197e-06, 1.16361002256e-06, 1.067769972e-06, 8.51451545714e-07, 7.15172234322e-07, 4.73314202054e-07, 3.04060392864e-07],
        "median": [9.18766236282e-05, 6.46918997518e-05, 5.78534563829e-05, 5.87360846112e-05, 7.28629092919e-05, 8.69688519742e-05, 9.5841489383e-05, 6.07299225521e-05, 5.62805289519e-05, 4.62581738248e-05, 5.41218614671e-05, 2.53677990258e-05, 1.81372324732e-05, 1.63223394338e-05, 1.51752401507e-05, 1.00938232208e-05, 9.65357503446e-06, 6.38839173916e-06, 5.31735167897e-06, 3.83934002457e-06, 3.40186670655e-06, 2.97568794849e-06, 1.87351167824e-06, 1.4974655187e-06, 1.493433615e-06, 9.14189513423e-07, 6.35947344563e-07, 4.77774960927e-07, 3.22746188886e-07, 3.19835294249e-07, 2.5450810881e-07, 2.44440798269e-07, 2.29851664812e-07, 2.03190779757e-07, 1.43501054595e-07, 1.25922952066e-07, 1.25091105474e-07, 9.63703996604e-08, 7.84184237546e-08, 5.21590024505e-08],
        "min": [3.93364941315e-12, 2.02001731314e-11, 1.17087416152e-11, 1.49427484275e-11, 6.82775884442e-12, 3.65767008695e-12, 1.04313363503e-11, 8.12898186264e-12, 5.67769685433e-11, 9.26082613373e-11, 1.50145538363e-11, 1.02483282277e-11, 8.27374366935e-12, 1.54826054321e-12, 4.77243114819e-12, 1.44802000251e-11, 1.00114560739e-11, 1.15516006049e-12, 4.24952998138e-12, 6.52554312669e-12, 1.68770086881e-12, 1.14951288505e-12, 1.08186365682e-12, 1.43544225985e-12, 7.62916802215e-13, 1.43955550605e-12, 1.26526068268e-12, 1.10280653966e-12, 8.34355588092e-13, 1.04834392035e-12, 7.42452323579e-13, 8.95434334319e-13, 1.17058196903e-12, 1.10347299874e-12, 1.5822743506e-12, 1.09585517744e-12, 3.48924123102e-13, 2.31128918088e-13, 1.61744749538e-13, 2.86843140386e-13],
        "var": [5.28333293914e-06, 3.80889832741e-06, 2.60333905544e-07, 6.49728065127e-07, 1.12113787054e-06, 5.79783602461e-07, 3.29369328256e-07, 5.85878808579e-07, 8.90232342954e-07, 2.42738224188e-07, 1.92664600718e-07, 1.66215741615e-07, 1.17023681412e-07, 4.32948290552e-08, 5.59609567574e-08, 8.3198926859e-08, 4.47618369037e-08, 1.70183866999e-08, 1.13470921548e-08, 3.19559112505e-09, 1.17253307064e-09, 1.94872828985e-09, 2.50338416663e-09, 1.21876131409e-09, 5.09729924936e-10, 3.53626739003e-10, 1.29369931434e-10, 4.40238678845e-11, 2.28364219895e-11, 2.15335596576e-11, 1.7895421256e-11, 1.8904001628e-11, 2.84753835095e-11, 3.30799346249e-11, 2.82635876508e-11, 1.79556161606e-11, 1.19242888133e-11, 8.85225139718e-12, 2.95938013678e-12, 7.40636447571e-13]
    },
    "mfcc": {
        "mean": [-698.80682373, 130.072235107, -11.8549194336, -0.615384340286, -6.81825780869, -2.43782401085, -6.84946680069, 1.85084009171, -3.63183927536, 1.20015704632, 1.15231382847, 0.00158240040764, -1.73231685162],
        "cov": [[7333.80566406, -1818.86657715, -682.465942383, 23.8676452637, -221.009033203, -148.47265625, -144.45640564, 94.4395523071, -72.4042282104, 16.6030864716, 215.894042969, 138.353744507, 69.7488861084], [-1818.86657715, 1728.17321777, 372.292999268, 201.656661987, 237.812683105, 148.941741943, 67.9402389526, 39.2522087097, -9.65878391266, -18.1308364868, -11.4306135178, 7.66364336014, 48.3499984741], [-682.465942383, 372.292999268, 1227.93481445, 444.920959473, 365.838378906, 268.977874756, 85.3531036377, 22.7235717773, -11.024140358, -15.5686473846, -37.2422561646, 62.5685157776, 73.294303894], [23.8676452637, 201.656661987, 444.920959473, 460.790252686, 269.026092529, 193.85824585, 78.3979644775, 31.9282131195, 25.4248867035, 36.5662002563, 12.1978349686, 60.3713264465, 81.9944076538], [-221.009033203, 237.812683105, 365.838378906, 269.026092529, 378.841491699, 201.152420044, 87.6493759155, 41.7975959778, 42.4311256409, 37.5138244629, 17.2392463684, 47.9085350037, 60.6325950623], [-148.47265625, 148.941741943, 268.977874756, 193.85824585, 201.152420044, 305.447845459, 164.832000732, 97.9680328369, 59.2571334839, 59.6633644104, 43.9857749939, 57.0359230042, 38.3009529114], [-144.45640564, 67.9402389526, 85.3531036377, 78.3979644775, 87.6493759155, 164.832000732, 257.087646484, 119.86240387, 86.4987869263, 66.4566726685, 37.7699775696, 40.7606277466, 37.5914154053], [94.4395523071, 39.2522087097, 22.7235717773, 31.9282131195, 41.7975959778, 97.9680328369, 119.86240387, 183.734329224, 88.4590148926, 49.7577934265, 41.6915168762, 25.2809829712, 12.6005620956], [-72.4042282104, -9.65878391266, -11.024140358, 25.4248867035, 42.4311256409, 59.2571334839, 86.4987869263, 88.4590148926, 153.767181396, 75.9200515747, 36.7437133789, 13.8383169174, 8.95513725281], [16.6030864716, -18.1308364868, -15.5686473846, 36.5662002563, 37.5138244629, 59.6633644104, 66.4566726685, 49.7577934265, 75.9200515747, 132.758621216, 70.9044113159, 20.9962425232, 13.3374853134], [215.894042969, -11.4306135178, -37.2422561646, 12.1978349686, 17.2392463684, 43.9857749939, 37.7699775696, 41.6915168762, 36.7437133789, 70.9044113159, 132.185119629, 44.4915084839, 14.2345647812], [138.353744507, 7.66364336014, 62.5685157776, 60.3713264465, 47.9085350037, 57.0359230042, 40.7606277466, 25.2809829712, 13.8383169174, 20.9962425232, 44.4915084839, 108.666809082, 51.3529052734], [69.7488861084, 48.3499984741, 73.294303894, 81.9944076538, 60.6325950623, 38.3009529114, 37.5914154053, 12.6005620956, 8.95513725281, 13.3374853134, 14.2345647812, 51.3529052734, 115.046592712]],
