{
"lowlevel": {
    "average_loudness": 0.879577934742,
    "barkbands_crest": {
        "dmean": 2.86850762367,
        "dmean2": 4.37339735031,
        "dvar": 8.25175380707,
        "dvar2": 15.6511468887,
        "max": 26.5280857086,
        "mean": 12.7685813904,
        "median": 11.466966629,
        "min": 2.04306316376,
        "var": 31.9199848175
    },
    "barkbands_flatness_db": {
        "dmean": 0.0243400558829,
        "dmean2": 0.0337020494044,
        "dvar": 0.000600617844611,
        "dvar2": 0.00104902964085,
        "max": 0.496336519718,
        "mean": 0.153082787991,
        "median": 0.140020996332,
        "min": 0.029576709494,
        "var": 0.00437115970999
    },
    "barkbands_kurtosis": {
        "dmean": 6.42575836182,
        "dmean2": 9.15180778503,
        "dvar": 341.522094727,
        "dvar2": 649.209716797,
        "max": 480.477783203,
        "mean": 10.3548154831,
        "median": 3.17029333115,
        "min": -1.97353231907,
        "var": 767.882080078
    },
    "barkbands_skewness": {
        "dmean": 0.717857599258,
        "dmean2": 1.00430655479,
        "dvar": 0.908716142178,
        "dvar2": 1.58321106434,
        "max": 18.4886245728,
        "mean": 2.20168995857,
        "median": 1.7664642334,
        "min": -4.88844394684,
        "var": 3.94594597816
    },
    "barkbands_spread": {
        "dmean": 6.7027964592,
        "dmean2": 9.59498691559,
        "dvar": 90.8752288818,
        "dvar2": 152.240692139,
        "max": 120.087142944,
        "mean": 22.614812851,
        "median": 18.3480434418,
        "min": 0.187762573361,
        "var": 351.430480957
    },
    "dissonance": {
        "dmean": 0.0209729876369,
        "dmean2": 0.0355203449726,
        "dvar": 0.000434387882706,
        "dvar2": 0.00118643639144,
        "max": 0.500000119209,
        "mean": 0.462987661362,
        "median": 0.470029115677,
        "min": 0.240365236998,
        "var": 0.000847111572511
    },
    "dynamic_complexity": 2.83293867111,
    "erbbands_crest": {
        "dmean": 3.07986617088,
        "dmean2": 4.93789052963,
        "dvar": 8.25265884399,
        "dvar2": 20.3047122955,
        "max": 30.5219650269,
        "mean": 10.089963913,
        "median": 8.81379699707,
        "min": 2.47022986412,
        "var": 24.9976177216
    },
    "erbbands_flatness_db": {
        "dmean": 0.0172298029065,
        "dmean2": 0.0255518313497,
        "dvar": 0.000242413792876,
        "dvar2": 0.000534597784281,
        "max": 0.378859937191,
        "mean": 0.151325210929,
        "median": 0.139800727367,
        "min": 0.0446389950812,
        "var": 0.00311297806911
    },
    "erbbands_kurtosis": {
        "dmean": 1.33072268963,
        "dmean2": 2.09846425056,
        "dvar": 4.98783969879,
        "dvar2": 11.0844230652,
        "max": 56.0353317261,
        "mean": 1.09669554234,
        "median": 0.0454902648926,
        "min": -1.86367869377,
        "var": 12.8355226517
    },
    "erbbands_skewness": {
        "dmean": 0.453271269798,
        "dmean2": 0.672237753868,
        "dvar": 0.218547910452,
        "dvar2": 0.417760789394,
        "max": 6.27645301819,
        "mean": 0.4834459126,
        "median": 0.526372671127,
        "min": -6.30480909348,
        "var": 1.04368424416
    },
    "erbbands_spread": {
        "dmean": 10.171661377,
        "dmean2": 15.6896133423,
        "dvar": 138.694335938,
        "dvar2": 331.430908203,
        "max": 164.689987183,
        "mean": 44.5745620728,
        "median": 40.5616073608,
        "min": 3.04624247551,
        "var": 562.647949219
    },
    "hfc": {
        "dmean": 10.93633461,
        "dmean2": 15.1980257034,
        "dvar": 351.237579346,
        "dvar2": 557.047546387,
        "max": 351.361328125,
        "mean": 31.8933696747,
        "median": 23.1047916412,
        "min": 1.20843808305e-16,
        "var": 1224.92663574
    },
    "melbands_crest": {
        "dmean": 3.48005580902,
        "dmean2": 5.23901700974,
        "dvar": 11.678396225,
        "dvar2": 21.1419792175,
        "max": 36.316532135,
        "mean": 17.9054298401,
        "median": 16.6525173187,
        "min": 2.10830664635,
        "var": 51.7144241333
    },
    "melbands_flatness_db": {
        "dmean": 0.0277424864471,
        "dmean2": 0.037641979754,
        "dvar": 0.000807509641163,
        "dvar2": 0.00135041086469,
        "max": 0.627614855766,
        "mean": 0.222685933113,
        "median": 0.208410054445,
        "min": 0.00589419016615,
        "var": 0.00647755712271
    },
    "melbands_kurtosis": {
        "dmean": 14.3204507828,
        "dmean2": 20.5994701385,
        "dvar": 902.038757324,
        "dvar2": 1649.88464355,
        "max": 906.131164551,
        "mean": 28.0675411224,
        "median": 11.6492214203,
        "min": -1.95230805874,
        "var": 2561.25683594
    },
    "melbands_skewness": {
        "dmean": 0.989968657494,
        "dmean2": 1.43005776405,
        "dvar": 1.46415519714,
        "dvar2": 2.63025689125,
        "max": 22.8181209564,
        "mean": 3.5456469059,
        "median": 2.87292098999,
        "min": -1.48983156681,
        "var": 7.05683994293
    },
    "melbands_spread": {
        "dmean": 7.10980319977,
        "dmean2": 10.0872612,
        "dvar": 159.233200073,
        "dvar2": 257.073059082,
        "max": 252.057312012,
        "mean": 21.4454803467,
        "median": 16.1207618713,
        "min": 0.265342712402,
        "var": 504.942840576
    },
    "pitch_salience": {
        "dmean": 0.0750087499619,
        "dmean2": 0.112545162439,
        "dvar": 0.00536645250395,
        "dvar2": 0.0106545500457,
        "max": 0.855487525463,
        "mean": 0.491989344358,
        "median": 0.509818673134,
        "min": 0.0478393472731,
        "var": 0.0236276332289
    },
    "silence_rate_20dB": {
        "dmean": 0.00094306259416,
        "dmean2": 0.00188634754159,
        "dvar": 0.000942211481743,
        "dvar2": 0.00211872044019,
        "max": 1,
        "mean": 0.99905705452,
        "median": 1,
        "min": 0,
        "var": 0.000942101352848
    },
    "silence_rate_30dB": {
        "dmean": 0.0601202398539,
        "dmean2": 0.120254658163,
        "dvar": 0.0565000884235,
        "dvar2": 0.110982432961,
        "max": 1,
        "mean": 0.871640741825,
        "median": 1,
        "min": 0,
        "var": 0.111885994673
    },
    "silence_rate_60dB": {
        "dmean": 0.0127313453704,
        "dmean2": 0.0254656914622,
        "dvar": 0.012567489408,
        "dvar2": 0.0297758150846,
        "max": 1,
        "mean": 0.0436115041375,
        "median": 0,
        "min": 0,
        "var": 0.0417024567723
    },
    "spectral_centroid": {
        "dmean": 277.857818604,
        "dmean2": 408.454650879,
        "dvar": 131306.015625,
        "dvar2": 222693.890625,
        "max": 10784.6894531,
        "mean": 1323.93701172,
        "median": 1226.73181152,
        "min": 110.17616272,
        "var": 489363.8125
    },
    "spectral_complexity": {
        "dmean": 3.44948720932,
        "dmean2": 5.34590911865,
        "dvar": 13.8057308197,
        "dvar2": 30.0625839233,
        "max": 51,
        "mean": 17.8895568848,
        "median": 17,
        "min": 0,
        "var": 80.2392654419
    },
    "spectral_decrease": {
        "dmean": 4.10162082076e-09,
        "dmean2": 5.74798653119e-09,
        "dvar": 4.58129019179e-17,
        "dvar2": 6.82344794541e-17,
        "max": 8.36595259449e-29,
        "mean": -1.34020146092e-08,
        "median": -9.61421964263e-09,
        "min": -9.5184446991e-08,
        "var": 1.8914264241e-16
    },
    "spectral_energy": {
        "dmean": 0.0160230156034,
        "dmean2": 0.0225143637508,
        "dvar": 0.000657337310258,
        "dvar2": 0.000986073398963,
        "max": 0.362475305796,
        "mean": 0.053474958986,
        "median": 0.0395629554987,
        "min": 1.06451456305e-20,
        "var": 0.00276879919693
    },
    "spectral_energyband_high": {
        "dmean": 0.00101574906148,
        "dmean2": 0.00134424073622,
        "dvar": 5.39684606338e-06,
        "dvar2": 8.11430709291e-06,
        "max": 0.044351208955,
        "mean": 0.00214709131978,
        "median": 0.000749171013013,
        "min": 7.72796556893e-21,
        "var": 1.76442754309e-05
    },
    "spectral_energyband_low": {
        "dmean": 0.0112617295235,
        "dmean2": 0.0150154372677,
        "dvar": 0.000676493684296,
        "dvar2": 0.000944942934439,
        "max": 0.34541746974,
        "mean": 0.0317944735289,
        "median": 0.0154589097947,
        "min": 1.25463568566e-22,
        "var": 0.00242562755011
    },
    "spectral_energyband_middle_high": {
        "dmean": 0.00226338114589,
        "dmean2": 0.00343676516786,
        "dvar": 1.424265065e-05,
        "dvar2": 3.2172036299e-05,
        "max": 0.0679070279002,
        "mean": 0.00659791240469,
        "median": 0.0032167499885,
        "min": 1.46904600973e-21,
        "var": 6.88908839948e-05
    },
    "spectral_energyband_middle_low": {
        "dmean": 0.00675466889516,
        "dmean2": 0.0105169368908,
        "dvar": 9.1256799351e-05,
        "dvar2": 0.000210143625736,
        "max": 0.128979384899,
        "mean": 0.0144912842661,
        "median": 0.0104533638805,
        "min": 3.83641309295e-22,
        "var": 0.000194209249457
    },
    "spectral_entropy": {
        "dmean": 0.164649456739,
        "dmean2": 0.241008460522,
        "dvar": 0.0298591051251,
        "dvar2": 0.0580629110336,
        "max": 9.80659294128,
        "mean": 7.68617391586,
        "median": 7.71382141113,
        "min": 4.94506978989,
        "var": 0.197292715311
    },
    "spectral_flux": {
        "dmean": 0.0360810309649,
        "dmean2": 0.0553900040686,
        "dvar": 0.00178665516432,
        "dvar2": 0.0040521370247,
        "max": 0.458285599947,
        "mean": 0.100789755583,
        "median": 0.0907665491104,
        "min": 1.03175315513e-10,
        "var": 0.00369142740965
    },
    "spectral_kurtosis": {
        "dmean": 1.22193908691,
        "dmean2": 1.94790995121,
        "dvar": 3.63958406448,
        "dvar2": 9.63428115845,
        "max": 63.7141036987,
        "mean": 3.43311166763,
        "median": 2.78264164925,
        "min": -1.30785953999,
        "var": 11.9259357452
    },
    "spectral_rms": {
        "dmean": 0.000998347182758,
        "dmean2": 0.00140487262979,
        "dvar": 1.58442742304e-06,
        "dvar2": 2.33315336118e-06,
        "max": 0.0188051704317,
        "mean": 0.00646862061694,
        "median": 0.00621272902936,
        "min": 3.22265543244e-12,
        "var": 1.03276497612e-05
    },
    "spectral_rolloff": {
        "dmean": 533.180297852,
        "dmean2": 879.713745117,
        "dvar": 1451828.25,
        "dvar2": 2630564.5,
        "max": 19207.6171875,
        "mean": 1387.64477539,
        "median": 818.26171875,
        "min": 43.06640625,
        "var": 3505130.25
    },
    "spectral_skewness": {
        "dmean": 0.199691832066,
        "dmean2": 0.29301610589,
        "dvar": 0.0478273294866,
        "dvar2": 0.100607864559,
        "max": 6.02976751328,
        "mean": 1.42162549496,
        "median": 1.41993010044,
        "min": -0.539792001247,
        "var": 0.290018707514
    },
    "spectral_spread": {
        "dmean": 637441.4375,
        "dmean2": 884554.0625,
        "dvar": 708739727360,
        "dvar2": 1.14183752909e+12,
        "max": 40739272,
        "mean": 5560872,
        "median": 5383214,
        "min": 1294993.125,
        "var": 3.88495730278e+12
    },
    "spectral_strongpeak": {
        "dmean": 0.511746585369,
        "dmean2": 0.867031037807,
        "dvar": 0.9138058424,
        "dvar2": 2.35058951378,
        "max": 13.4941263199,
        "mean": 0.952961504459,
        "median": 0.464295476675,
        "min": 0,
        "var": 1.49107635021
    },
    "zerocrossingrate": {
        "dmean": 0.0131906736642,
        "dmean2": 0.014126249589,
        "dvar": 0.000312823511194,
        "dvar2": 0.000278544874163,
        "max": 0.615234375,
        "mean": 0.0596930161119,
        "median": 0.0517578125,
        "min": 0.001953125,
        "var": 0.00210717320442
    },
    "barkbands": {
        "dmean": [0.000646762200631, 0.010740657337, 0.00192095036618, 0.00154099368956, 0.00298829516396, 0.000984680023976, 0.00120458181482, 0.00160595576745, 0.00102565204725, 0.00147062249016, 0.000452843931271, 0.00043277896475, 0.000357461132808, 0.000237307031057, 0.000196466993657, 0.000233605125686, 0.000210228361539, 0.00012109560339, 9.03201216715e-05, 0.000120946599054, 0.000112455527415, 0.000177643683855, 0.000356822798494, 0.000335379794706, 0.000112395173346, 4.08603082178e-05, 9.53473954723e-06],
        "dmean2": [0.000879159313627, 0.0142708644271, 0.00334235001355, 0.00261638523079, 0.00461456319317, 0.00153515371494, 0.0019959283527, 0.00257131690159, 0.00166740815621, 0.00224907230586, 0.000716307607945, 0.000686697196215, 0.000573582074139, 0.00037928976235, 0.000310689705657, 0.000362994876923, 0.000336779601639, 0.00019652271294, 0.000143455021316, 0.00018360975082, 0.000166259182151, 0.000254065147601, 0.00050139753148, 0.000464041513624, 0.000153577406309, 5.62502900721e-05, 1.29859599838e-05],
        "dvar": [1.84103043921e-06, 0.000690088432748, 3.72277063434e-05, 1.48109393194e-05, 3.22708292515e-05, 7.96360382083e-06, 1.20328040794e-05, 1.47367791214e-05, 7.7679333117e-06, 1.36757598739e-05, 1.38269035688e-06, 1.2325588159e-06, 6.4219102569e-07, 2.32214844686e-07, 1.20606983955e-07, 1.8492769982e-07, 1.27082245172e-07, 4.75201069605e-08, 2.4536719323e-08, 4.49141204228e-08, 5.16208835677e-08, 1.48356818386e-07, 8.86623524821e-07, 1.01094531146e-06, 1.1674082856e-07, 9.27190590971e-09, 5.48008971535e-10],
        "dvar2": [3.04389618577e-06, 0.000919631507713, 0.000101966354123, 4.18879753852e-05, 7.13769914e-05, 1.70719595189e-05, 3.01837444567e-05, 3.42104649462e-05, 1.78946975211e-05, 3.01247400785e-05, 3.23965059579e-06, 2.85368150799e-06, 1.62617720889e-06, 5.35216713615e-07, 2.75660255511e-07, 4.57291548628e-07, 3.11115826435e-07, 1.21450241863e-07, 6.08137540326e-08, 9.79497585263e-08, 1.09304487239e-07, 2.84013964347e-07, 1.53555663474e-06, 1.69145903328e-06, 2.09529545714e-07, 1.82879382749e-08, 1.00986796703e-09],
        "max": [0.0163399744779, 0.331901848316, 0.109578281641, 0.0722156018019, 0.0954793989658, 0.0729671195149, 0.0819673314691, 0.095572784543, 0.0692292302847, 0.065833888948, 0.0307853389531, 0.0376834310591, 0.0177716761827, 0.0135076204315, 0.00747446948662, 0.00919771008193, 0.00947845727205, 0.0030071453657, 0.00319184968248, 0.00511688645929, 0.00527807557955, 0.00897779874504, 0.0184806734324, 0.0253786277026, 0.0107959639281, 0.00293180881999, 0.000537495478056],
        "mean": [0.00149951188359, 0.0271267294884, 0.00215610861778, 0.00204664445482, 0.00498615019023, 0.00149087503087, 0.00155638402794, 0.00221312954091, 0.00134032883216, 0.00273950095288, 0.000803659961093, 0.000747550802771, 0.000607550318819, 0.00040374029777, 0.000336731784046, 0.00039153182297, 0.000378189317416, 0.00021083408501, 0.000175805194885, 0.000263865571469, 0.000238353357418, 0.000363222759916, 0.000568198505789, 0.000575113110244, 0.000184884091141, 5.72681274207e-05, 1.3140081137e-05],
        "median": [0.000311218725983, 0.0107499612495, 0.000728894607164, 0.000782160437666, 0.00223710294813, 0.000491492915899, 0.000554136058781, 0.000669801782351, 0.000345615670085, 0.000327105633914, 0.000152828113642, 0.00016867154045, 0.00018313388864, 0.000195577245904, 0.000180244620424, 0.000179771945113, 0.000211071630474, 0.00011851972522, 8.93227406777e-05, 0.000106621620944, 9.44073835853e-05, 0.000126447586808, 9.80844924925e-05, 0.000121772958664, 4.72711253678e-05, 1.18912939797e-05, 1.37771792197e-06],
        "min": [4.23381521614e-23, 3.85614237797e-23, 3.92058884294e-23, 3.3401856941e-23, 7.77571737687e-23, 2.68152785901e-23, 2.88993575938e-23, 4.48701463872e-23, 1.52906815147e-22, 1.04281940131e-22, 9.3006397803e-23, 5.00815098329e-23, 7.66215990293e-23, 1.71991001275e-22, 6.91353342823e-23, 1.41762116444e-22, 1.44330597064e-22, 1.13443082798e-22, 3.40119689071e-22, 3.23027584988e-22, 3.79368762902e-22, 4.44479019612e-22, 4.50299222749e-22, 7.47131652704e-22, 1.39242779965e-21, 1.60900543386e-21, 2.69117800077e-21],
        "var": [5.58398050998e-06, 0.00220364052802, 2.93454650091e-05, 1.40141719385e-05, 6.88492727932e-05, 1.30092903419e-05, 1.4350453057e-05, 2.24732266361e-05, 1.19261039799e-05, 4.07615989388e-05, 4.53721531812e-06, 3.75803278985e-06, 1.27399835037e-06, 4.41744788304e-07, 2.47365420591e-07, 3.40546364441e-07, 2.40409832486e-07, 7.83809568361e-08, 6.58600143311e-08, 1.47826526131e-07, 1.60191447662e-07, 4.33133834576e-07, 2.31491208069e-06, 2.75545994555e-06, 2.64360721758e-07, 1.65964380017e-08, 1.04739994455e-09]
    },
    "erbbands": {
        "dmean": [0.498711407185, 1.79273414612, 1.71816086769, 4.2185587883, 5.69159317017, 12.0159730911, 13.2837915421, 6.8852763176, 11.2152910233, 27.751121521, 32.1749572754, 22.6347351074, 40.9675598145, 34.119884491, 15.239107132, 17.3224430084, 15.4972724915, 12.2164640427, 10.0670824051, 10.6193733215, 10.8228540421, 9.69079017639, 7.65070199966, 4.53314638138, 4.85178184509, 5.7870926857, 4.79654741287, 4.69545793533, 6.2975435257, 7.31722545624, 10.7488203049, 8.63810539246, 4.81524038315, 1.76687860489, 0.563731789589, 0.201782256365, 0.0711701065302, 0.0180145595223, 0.00164585781749, 5.66467933822e-05],
        "dmean2": [0.642077922821, 2.49803233147, 2.85354614258, 7.22548294067, 9.16300964355, 18.7402915955, 20.4325695038, 10.7428293228, 18.4131240845, 45.4467430115, 51.3497314453, 36.5788002014, 61.5062255859, 52.379737854, 23.4129123688, 27.14503479, 24.7336044312, 19.4658660889, 15.8175420761, 16.269695282, 17.1575737, 15.4404535294, 12.3456277847, 7.21641206741, 7.58912754059, 8.77431488037, 7.17497205734, 6.81105566025, 9.01068592072, 10.3291854858, 15.0026035309, 12.1234855652, 6.6806139946, 2.40768456459, 0.785383462906, 0.281495332718, 0.0993259996176, 0.0242947582155, 0.00223772996105, 7.84572330303e-05],
        "dvar": [1.52933216095, 19.4445610046, 27.9347343445, 135.478424072, 131.495819092, 683.412841797, 1188.38818359, 459.707275391, 1103.6517334, 4769.73583984, 7112.29785156, 3849.20092773, 12468.7041016, 7370.37597656, 1429.75024414, 1785.24523926, 1172.37109375, 637.940429688, 342.106658936, 361.68838501, 342.80960083, 258.563293457, 178.567611694, 59.6765098572, 90.4614105225, 105.68598938, 106.751083374, 91.5127182007, 177.300720215, 340.36340332, 830.139709473, 667.830505371, 223.419708252, 32.1741600037, 2.45367574692, 0.257702142, 0.0277598276734, 0.00183236564044, 1.72716299858e-05, 1.51541073024e-08],
        "dvar2": [1.87380504608, 31.037355423, 73.1716537476, 382.762817383, 322.528320312, 1542.02404785, 2580.71484375, 956.145141602, 2767.19213867, 12092.2783203, 16384.6933594, 8857.921875, 26542.2675781, 16862.96875, 3425.68701172, 4068.78417969, 2883.13549805, 1508.87854004, 793.421569824, 826.331115723, 849.883300781, 618.901611328, 456.211608887, 151.860443115, 221.797241211, 231.383666992, 223.20022583, 188.361465454, 348.298309326, 593.722106934, 1426.36425781, 1182.74938965, 393.489196777, 56.8305931091, 4.4871172905, 0.506019055843, 0.0587887056172, 0.00340105127543, 3.17212034133e-05, 2.79949965432e-08],
        "max": [15.7267169952, 59.4698257446, 129.996444702, 156.756240845, 239.131759644, 554.744567871, 589.52154541, 696.078552246, 924.975158691, 1259.15112305, 2237.50195312, 1627.59301758, 2245.59545898, 1834.31896973, 909.006835938, 1406.72961426, 698.607421875, 601.432312012, 396.083496094, 695.925720215, 328.420654297, 335.550048828, 203.766799927, 119.502418518, 205.115875244, 178.733108521, 264.634765625, 204.040481567, 263.910797119, 380.271606445, 550.20123291, 628.049499512, 530.698364258, 181.773651123, 40.7013244629, 15.6231489182, 3.97883725166, 1.02909684181, 0.0949206799269, 0.00274394662119],
        "mean": [1.20715558529, 4.4027261734, 2.63724827766, 5.47314071655, 9.04725646973, 19.0047359467, 20.1200714111, 10.7479629517, 15.7965946198, 37.8124389648, 44.3239402771, 32.5917510986, 72.0703201294, 66.2182617188, 30.2631187439, 30.9370651245, 28.273223877, 23.6199455261, 18.4651870728, 20.3452911377, 20.0437030792, 18.4545135498, 14.2686376572, 8.70795440674, 10.2397527695, 12.8425588608, 10.0678157806, 10.2457952499, 12.9516477585, 13.099316597, 17.0484523773, 14.1819229126, 8.11783313751, 2.93920755386, 0.915622770786, 0.291167706251, 0.0927638709545, 0.0251837149262, 0.00233692768961, 0.000127046485431],
        "median": [0.463780730963, 1.50331008434, 1.25563049316, 2.44169306755, 4.1849694252, 7.1892747879, 5.38306427002, 4.25682973862, 6.59585475922, 14.5493774414, 14.157456398, 11.2590675354, 11.0661029816, 10.2208681107, 6.98596858978, 8.13903045654, 9.07566547394, 10.9687299728, 10.9428100586, 10.7140541077, 11.3599872589, 11.3130683899, 8.29719924927, 5.48407697678, 4.13136291504, 5.14248514175, 4.33515071869, 3.85277605057, 4.52504110336, 3.46653175354, 2.83310937881, 2.56690692902, 1.95396280289, 0.703872978687, 0.254320442677, 0.0695883333683, 0.0172762908041, 0.00340517470613, 0.000279732281342, 6.47193664918e-05],
        "min": [8.58537038364e-22, 9.99859735302e-21, 3.46447894397e-20, 1.21398125298e-19, 7.94945190211e-20, 3.83491220038e-19, 2.79695407703e-19, 2.10817124996e-19, 4.75128769839e-19, 5.45135081332e-19, 8.73592475952e-19, 2.9408373883e-18, 4.12802913051e-18, 3.70380459028e-18, 2.76230410156e-18, 2.58827212492e-18, 4.15713968422e-18, 9.00898369717e-18, 3.55291361166e-18, 5.09273224222e-18, 8.96171115235e-18, 7.33132493011e-18, 5.81025724328e-18, 1.32862610256e-17, 2.02647487567e-17, 1.48979645465e-17, 1.30579178175e-17, 1.63016635763e-17, 1.71568657592e-17, 1.08322915993e-17, 1.46145658512e-17, 1.40187575822e-17, 1.30810027741e-17, 1.36175816025e-17, 1.12244943237e-17, 7.8201473131e-18, 2.56164476741e-18, 1.0673911741e-18, 3.90797525443e-19, 4.0846792571e-20],
        "var": [4.60005426407, 59.4613609314, 28.7391643524, 107.732719421, 254.862060547, 1321.71276855, 2366.66235352, 720.952453613, 1308.43652344, 5964.11865234, 10320.4951172, 6138.9765625, 31696.4335938, 23155.8808594, 4647.00683594, 5199.28222656, 2609.15283203, 1378.27685547, 669.807189941, 811.137512207, 666.350769043, 503.812774658, 333.128936768, 106.078613281, 285.184997559, 355.457427979, 308.857452393, 299.72644043, 536.294128418, 919.506713867, 2185.40795898, 1786.40844727, 544.837097168, 73.4004592896, 5.44494247437, 0.472340792418, 0.0446830391884, 0.00354468380101, 3.34659816872e-05, 3.53959315191e-08]
    },
    "gfcc": {
        "mean": [14.3114356995, 78.1145706177, -107.317337036, 29.5183582306, -59.8532562256, 22.6688919067, -35.110042572, 11.7975902557, -14.0897989273, 1.08208322525, -14.3494358063, -1.12267625332, -7.56909322739],
        "cov": [[7031.81640625, -922.204223633, 1487.97387695, 833.117370605, -245.743621826, 478.488739014, 147.896743774, 175.851547241, 104.629623413, 283.765655518, -17.7798252106, 345.98550415, -10.7887592316], [-922.204223633, 1859.18884277, 61.2453269958, 344.14251709, 704.693847656, -193.628982544, 126.099975586, -26.5008220673, 98.5855255127, -111.55796051, 95.1402130127, -90.2652282715, 151.5209198], [1487.97387695, 61.2453269958, 1702.08532715, 831.920837402, 300.505706787, 350.927062988, -7.27107095718, 70.1605453491, 255.472686768, 118.356651306, 53.5881958008, 137.3150177, 33.0591125488], [833.117370605, 344.14251709, 831.920837402, 833.284179688, 325.719940186, 109.581764221, 13.8236846924, 0.464349836111, 199.529067993, 44.1540145874, 29.4073238373, 55.375957489, 86.7015380859], [-245.743621826, 704.693847656, 300.505706787, 325.719940186, 653.823547363, 45.4846534729, 163.980712891, 92.5253143311, 114.59198761, -7.16035699844, 58.1103172302, -20.6610298157, 45.2856407166], [478.488739014, -193.628982544, 350.927062988, 109.581764221, 45.4846534729, 417.6277771, 195.615142822, 114.597358704, 53.757522583, 59.2271232605, 23.4940509796, 45.7824211121, -10.6382455826], [147.896743774, 126.099975586, -7.27107095718, 13.8236846924, 163.980712891, 195.615142822, 430.281066895, 139.82850647, -0.349259763956, 67.2468032837, 34.7797660828, 17.1632385254, 26.343667984], [175.851547241, -26.5008220673, 70.1605453491, 0.464349836111, 92.5253143311, 114.597358704, 139.82850647, 185.851135254, 50.9444236755, 33.7671432495, 14.175570488, 8.27039909363, -14.5310316086], [104.629623413, 98.5855255127, 255.472686768, 199.529067993, 114.59198761, 53.757522583, -0.349259763956, 50.9444236755, 215.343292236, 58.928440094, 24.4235897064, 14.9871683121, 14.6253986359], [283.765655518, -111.55796051, 118.356651306, 44.1540145874, -7.16035699844, 59.2271232605, 67.2468032837, 33.7671432495, 58.928440094, 140.219223022, 32.863822937, 27.4923801422, 4.90285778046], [-17.7798252106, 95.1402130127, 53.5881958008, 29.4073238373, 58.1103172302, 23.4940509796, 34.7797660828, 14.175570488, 24.4235897064, 32.863822937, 122.187271118, 34.8006134033, 15.7503833771], [345.98550415, -90.2652282715, 137.3150177, 55.375957489, -20.6610298157, 45.7824211121, 17.1632385254, 8.27039909363, 14.9871683121, 27.4923801422, 34.8006134033, 103.188194275, 24.1711158752], [-10.7887592316, 151.5209198, 33.0591125488, 86.7015380859, 45.2856407166, -10.6382455826, 26.343667984, -14.5310316086, 14.6253986359, 4.90285778046, 15.7503833771, 24.1711158752, 116.578544617]],
        "icov": [[0.000248528434895, 6.38947676634e-06, -8.83671236807e-05, -0.000287922623102, 0.000209322592127, -3.25136215906e-06, -2.68358799076e-05, -0.000281136803096, 0.000287653558189, -0.000312687800033, 0.00024416562519, -0.000574440520722, 0.000206477780011], [6.38947676634e-06, 0.00141367828473, -7.34884961275e-05, -1.40764677781e-05, -0.0011755960295, 0.000733972992748, -0.000596828467678, 0.000652450369671, -0.000477984198369, 0.00117517868057, -0.000951765221544, 0.00115703581832, -0.00116643204819], [-8.83671236807e-05, -7.34884961275e-05, 0.00174039648846, -0.00129373162054, -0.000319456215948, -0.00118487293366, 0.00094091106439, -0.000173202424776, -7.6965916378e-05, -0.000681440869812, 0.000151914617163, -0.00106403499376, 0.000576135586016], [-0.000287922623102, -1.40764677781e-05, -0.00129373162054, 0.00365246133879, -0.00103675841819, 0.000295494886814, -0.000317559140967, 0.00149098644033, -0.00173669983633, 0.0007397387526, 0.000174948567292, 0.000692081521265, -0.00165093480609], [0.000209322592127, -0.0011755960295, -0.000319456215948, -0.00103675841819, 0.00394591549411, 0.000163548000273, -0.000814793922473, -0.00162206892855, -6.86134662828e-05, 0.000209465506487, -0.000337112520356, 9.14843622013e-05, 0.000899402017239], [-3.25136215906e-06, 0.000733972992748, -0.00118487293366, 0.000295494886814, 0.000163548000273, 0.00488973921165, -0.00243799434975, -0.000707361556124, -0.000606325163972, 0.00110991939437, -0.000662875012495, 0.000402448757086, 4.29016108683e-05], [-2.68358799076e-05, -0.000596828467678, 0.00094091106439, -0.000317559140967, -0.000814793922473, -0.00243799434975, 0.0052456506528, -0.00252836127765, 0.00192055548541, -0.00276684691198, 0.000457653717604, -0.000800934736617, -0.000684254569933], [-0.000281136803096, 0.000652450369671, -0.000173202424776, 0.00149098644033, -0.00162206892855, -0.000707361556124, -0.00252836127765, 0.00959978811443, -0.00290852366015, 0.00101423030719, -0.000285321701085, 0.000687619729433, 0.000617898185737], [0.000287653558189, -0.000477984198369, -7.6965916378e-05, -0.00173669983633, -6.86134662828e-05, -0.000606325163972, 0.00192055548541, -0.00290852366015, 0.00832279678434, -0.00378441205248, 0.000274097867077, -0.000549036310986, 0.000327929388732], [-0.000312687800033, 0.00117517868057, -0.000681440869812, 0.0007397387526, 0.000209465506487, 0.00110991939437, -0.00276684691198, 0.00101423030719, -0.00378441205248, 0.0117841307074, -0.00311161740683, 0.00120652490295, -0.000992284389213], [0.00024416562519, -0.000951765221544, 0.000151914617163, 0.000174948567292, -0.000337112520356, -0.000662875012495, 0.000457653717604, -0.000285321701085, 0.000274097867077, -0.00311161740683, 0.0111361788586, -0.00488636642694, 0.000622972438578], [-0.000574440520722, 0.00115703581832, -0.00106403499376, 0.000692081521265, 9.14843622013e-05, 0.000402448757086, -0.000800934736617, 0.000687619729433, -0.000549036310986, 0.00120652490295, -0.00488636642694, 0.0159662738442, -0.00413418607786], [0.000206477780011, -0.00116643204819, 0.000576135586016, -0.00165093480609, 0.000899402017239, 4.29016108683e-05, -0.000684254569933, 0.000617898185737, 0.000327929388732, -0.000992284389213, 0.000622972438578, -0.00413418607786, 0.0118372915313]]
    },
    "melbands": {
        "dmean": [0.00357999326661, 0.00108095537871, 0.000737192807719, 0.000587848771829, 0.000504180905409, 0.000158979353728, 0.000197450339328, 0.000319105718518, 0.000249420845648, 0.000145416124724, 0.000213579638512, 0.000152769731358, 5.53446589038e-05, 4.97082364745e-05, 3.58618599421e-05, 3.80126220989e-05, 2.34052440646e-05, 1.78969075932e-05, 1.54742865561e-05, 1.87108471437e-05, 1.23682393678e-05, 1.05132830868e-05, 1.02399144453e-05, 5.61088882023e-06, 3.81292306884e-06, 3.60271224054e-06, 3.88659464079e-06, 4.28593148172e-06, 3.30770149048e-06, 2.8701190331e-06, 3.03565184367e-06, 3.70945849681e-06, 3.81328413823e-06, 4.65105131298e-06, 6.39365998722e-06, 6.62484944769e-06, 5.16140516993e-06, 3.84948089049e-06, 2.29513307204e-06, 1.31064518882e-06],
        "dmean2": [0.00471208430827, 0.00159046752378, 0.00123375933617, 0.000924408377614, 0.000771996041294, 0.000247487128945, 0.000324495777022, 0.000520871544722, 0.000399512355216, 0.000235333354794, 0.00031870775274, 0.000233062062762, 8.62511660671e-05, 7.80407935963e-05, 5.73090364924e-05, 6.1066399212e-05, 3.7378151319e-05, 2.83790086542e-05, 2.41172983806e-05, 2.85711139441e-05, 1.9963907107e-05, 1.67780181073e-05, 1.64922803378e-05, 9.22217532207e-06, 6.13813836026e-06, 5.71918735659e-06, 6.14262444287e-06, 6.52815424473e-06, 5.0142721193e-06, 4.37353719462e-06, 4.44777242592e-06, 5.42733914699e-06, 5.54893540539e-06, 6.76267745803e-06, 9.1158090072e-06, 9.53982817009e-06, 7.40857649362e-06, 5.46611408936e-06, 3.17053491017e-06, 1.83180293334e-06],
        "dvar": [7.79596375651e-05, 7.00460941516e-06, 3.41557165484e-06, 1.33570233629e-06, 1.40335555443e-06, 2.20088352876e-07, 3.16526069355e-07, 5.60806597605e-07, 4.43417604856e-07, 1.6119764723e-07, 3.32149141968e-07, 1.50041444158e-07, 2.02985290798e-08, 1.7510107142e-08, 6.90122359259e-09, 7.84626497108e-09, 2.39986275297e-09, 1.23038512712e-09, 8.26514967578e-10, 1.27570110031e-09, 4.42389791466e-10, 2.97742913657e-10, 3.42485984017e-10, 1.08774912688e-10, 4.24658780362e-11, 6.1127040929e-11, 5.16335654788e-11, 6.39387640056e-11, 5.46053653683e-11, 3.51111952013e-11, 3.99911839755e-11, 6.09815323238e-11, 9.00898869394e-11, 1.42203041009e-10, 2.91961788079e-10, 3.89807325307e-10, 2.50127307755e-10, 1.44582248951e-10, 5.81159391444e-11, 1.70801602029e-11],
        "dvar2": [0.000100026001746, 1.45993672049e-05, 9.51212405198e-06, 3.04459649669e-06, 3.04793138639e-06, 4.64495826691e-07, 7.92412322426e-07, 1.39704138746e-06, 1.03176546418e-06, 3.67148459191e-07, 7.03407977198e-07, 3.42699109979e-07, 4.88896390038e-08, 3.86362586369e-08, 1.62283981808e-08, 1.99678531487e-08, 5.51042278474e-09, 2.88792456615e-09, 1.93077553945e-09, 3.09596726034e-09, 1.11133213743e-09, 7.16412373869e-10, 8.33289659496e-10, 2.87072143834e-10, 1.08531045262e-10, 1.52949514165e-10, 1.20883775212e-10, 1.43332901104e-10, 1.14462890555e-10, 7.86721868207e-11, 8.47718353847e-11, 1.24879287466e-10, 1.81233653085e-10, 2.63584820637e-10, 5.22510312795e-10, 7.30614513333e-10, 4.74933259387e-10, 2.79241824108e-10, 1.01866778901e-10, 3.23025391158e-11],
        "max": [0.112254962325, 0.0728620514274, 0.0277792699635, 0.0232484005392, 0.0207456126809, 0.0135471085086, 0.0141061907634, 0.0139239430428, 0.0184170436114, 0.00896335858852, 0.0116414474323, 0.00794882234186, 0.00428591109812, 0.00559527752921, 0.00253456924111, 0.00202071666718, 0.00134050799534, 0.000714089022949, 0.000565872702282, 0.000871605472639, 0.000424162979471, 0.000534739054274, 0.000336105265887, 0.000157451082487, 0.000109137676191, 0.000169877253938, 0.000141162978252, 0.000155603673193, 0.000211238802876, 0.000129876541905, 0.00012852542568, 0.000140424454003, 0.000281274871668, 0.000265583861619, 0.000311010604491, 0.000468863203423, 0.000370590511011, 0.000426609214628, 0.000224260060349, 0.000125135513372],
        "mean": [0.0089602181688, 0.00278245308436, 0.00103905063588, 0.000970072345808, 0.000788768404163, 0.000243222297286, 0.000270425749477, 0.000440874515334, 0.000332964526024, 0.000200838840101, 0.000368881126633, 0.000285580434138, 0.000105180413811, 8.65499532665e-05, 6.11873329035e-05, 6.40965954517e-05, 4.1323241021e-05, 2.93996708933e-05, 2.63569017989e-05, 3.15512261295e-05, 2.14815881918e-05, 1.92839816009e-05, 1.74045162566e-05, 9.54256393015e-06, 6.58115641272e-06, 6.66574123898e-06, 8.12352845969e-06, 8.69956056704e-06, 6.37530456515e-06, 5.53486916033e-06, 6.12512894804e-06, 7.40909035812e-06, 6.94493155606e-06, 7.51750758354e-06, 9.84048074315e-06, 9.8696373243e-06, 8.24668768473e-06, 6.23010419076e-06, 3.73727061742e-06, 2.04402090276e-06],
        "median": [0.00359120080248, 0.0011809382122, 0.000491034705192, 0.000452021020465, 0.000237847605604, 8.76004633028e-05, 0.000108386382635, 0.000167371297721, 9.87600506051e-05, 5.48041170987e-05, 5.00840833411e-05, 3.95881143049e-05, 2.11698716157e-05, 2.04844800464e-05, 1.71912179212e-05, 1.98557063413e-05, 1.91580838873e-05, 1.56054957188e-05, 1.33186740641e-05, 1.36435664899e-05, 1.16814462672e-05, 1.15912007459e-05, 8.61493299453e-06, 5.43171518075e-06, 3.81772679248e-06, 2.72004967883e-06, 2.6951545351e-06, 3.33493471771e-06, 2.71176713795e-06, 2.08489746001e-06, 2.17254660129e-06, 2.55053760156e-06, 2.10766802411e-06, 1.63759409588e-06, 1.55443967742e-06, 1.37203210215e-06, 1.50631035467e-06, 1.47520313476e-06, 8.56846554598e-07, 4.76507381109e-07],
        "min": [1.16785429655e-23, 1.75733376342e-23, 1.75161783507e-23, 1.46077065689e-23, 1.27350162553e-23, 5.67925933116e-24, 6.34236910277e-24, 7.33564832323e-24, 6.97559406228e-24, 2.18815326518e-23, 2.14810800351e-23, 1.55375164075e-23, 1.1294053738e-23, 5.73462987253e-24, 7.01042779327e-24, 1.0443560708e-23, 1.75380503082e-23, 5.62139204503e-24, 5.98735014099e-24, 6.71900995311e-24, 1.24302224897e-23, 8.60151764062e-24, 4.61933319713e-24, 6.08148649053e-24, 1.08896741717e-23, 1.40800485534e-23, 1.38512599583e-23, 8.91960213482e-24, 7.1629761374e-24, 9.08139040673e-24, 9.71459327813e-24, 1.08119974049e-23, 6.46884717171e-24, 5.80242418429e-24, 8.63204734651e-24, 7.4498572385e-24, 9.73371053331e-24, 8.98352826713e-24, 1.11628685361e-23, 1.09793889558e-23],
        "var": [0.000243449874688, 1.89130478248e-05, 3.11815892928e-06, 2.66424558504e-06, 2.93305197374e-06, 3.46270525142e-07, 3.81047385645e-07, 7.51667471377e-07, 6.16972783973e-07, 2.668457455e-07, 8.62378442434e-07, 4.58524965552e-07, 7.60994538496e-08, 5.36841646692e-08, 1.67540576967e-08, 1.47519338967e-08, 4.82352513487e-09, 2.18899010029e-09, 1.66808933333e-09, 2.4905506546e-09, 8.10695621745e-10, 5.68595504014e-10, 6.35810515348e-10, 1.5960648081e-10, 7.13282766185e-11, 1.39996195192e-10, 1.90521667887e-10, 1.82839909879e-10, 1.43340062042e-10, 9.73138444826e-11, 1.17743259587e-10, 1.78851836119e-10, 2.19710180605e-10, 3.44281714248e-10, 7.19580950381e-10, 9.2536389662e-10, 6.15275552729e-10, 3.23414128811e-10, 1.28743737893e-10, 3.61382555825e-11]
    },
    "mfcc": {
        "mean": [-630.411376953, 108.723648071, 11.2017765045, 11.5828504562, 6.54959249496, 7.42442464828, -2.5474960804, 7.17509269714, 4.96488237381, 5.75357294083, -0.373075097799, 4.05247974396, -2.57688808441],
        "cov": [[6063.06787109, -981.013916016, 1172.85290527, 369.678710938, -72.235168457, 330.804260254, 30.2087936401, 160.021942139, 85.1440963745, 89.7281112671, -8.44580554962, 153.050048828, 137.013824463], [-981.013916016, 1512.85766602, -333.503326416, 383.022491455, 354.631072998, 10.4105176926, 185.142288208, 54.5131111145, 73.4776306152, 9.14095973969, 23.114068985, 6.00078439713, -55.5726852417], [1172.85290527, -333.503326416, 1453.78051758, 420.852935791, 406.476074219, 363.199310303, -78.8380279541, 127.557243347, 56.8805465698, 106.392990112, 20.4741325378, 140.410217285, 56.9326210022], [369.678710938, 383.022491455, 420.852935791, 762.445739746, 430.627716064, 182.882751465, 9.53977203369, 47.6115760803, 103.692497253, 59.6080169678, -6.68977499008, 79.6867141724, 16.1817932129], [-72.235168457, 354.631072998, 406.476074219, 430.627716064, 598.864990234, 140.462249756, -35.9637069702, 89.5926513672, 40.6747817993, 85.3047637939, 17.3513259888, 61.0078163147, -16.3505325317], [330.804260254, 10.4105176926, 363.199310303, 182.882751465, 140.462249756, 323.382904053, 122.714408875, 109.173347473, 101.763526917, 76.2816848755, 54.872543335, 59.4247093201, 36.56640625], [30.2087936401, 185.142288208, -78.8380279541, 9.53977203369, -35.9637069702, 122.714408875, 374.1043396, 134.143966675, 89.5487060547, 55.0981369019, 65.6137542725, 24.760011673, 30.0306091309], [160.021942139, 54.5131111145, 127.557243347, 47.6115760803, 89.5926513672, 109.173347473, 134.143966675, 220.003967285, 82.0464553833, 71.4386062622, 61.9523620605, 36.1517715454, 15.9907665253], [85.1440963745, 73.4776306152, 56.8805465698, 103.692497253, 40.6747817993, 101.763526917, 89.5487060547, 82.0464553833, 184.66293335, 82.8318786621, 42.4488296509, 35.3775405884, 19.444858551], [89.7281112671, 9.14095973969, 106.392990112, 59.6080169678, 85.3047637939, 76.2816848755, 55.0981369019, 71.4386062622, 82.8318786621, 155.549850464, 61.3228721619, 41.8613319397, 22.4853420258], [-8.44580554962, 23.114068985, 20.4741325378, -6.68977499008, 17.3513259888, 54.872543335, 65.6137542725, 61.9523620605, 42.4488296509, 61.3228721619, 129.77255249, 45.5236091614, 32.4299812317], [153.050048828, 6.00078439713, 140.410217285, 79.6867141724, 61.0078163147, 59.4247093201, 24.760011673, 36.1517715454, 35.3775405884, 41.8613319397, 45.5236091614, 103.29889679, 43.7289161682], [137.013824463, -55.5726852417, 56.9326210022, 16.1817932129, -16.3505325317, 36.56640625, 30.0306091309, 15.9907665253, 19.444858551, 22.4853420258, 32.4299812317, 43.7289161682, 105.632843018]],
