{
"lowlevel": {
    "average_loudness": 0.860035359859,
    "barkbands_crest": {
        "dmean": 3.13249921799,
        "dmean2": 4.82273387909,
        "dvar": 7.91067123413,
        "dvar2": 17.4400691986,
        "max": 25.9661026001,
        "mean": 11.9453773499,
        "median": 10.8336248398,
        "min": 2.17117333412,
        "var": 29.3391513824
    },
    "barkbands_flatness_db": {
        "dmean": 0.0246442910284,
        "dmean2": 0.0360891036689,
        "dvar": 0.000533859420102,
        "dvar2": 0.0011279231403,
        "max": 0.401998072863,
        "mean": 0.125725612044,
        "median": 0.120360806584,
        "min": 0.0141579499468,
        "var": 0.00292195007205
    },
    "barkbands_kurtosis": {
        "dmean": 4.57329797745,
        "dmean2": 7.03825521469,
        "dvar": 111.597953796,
        "dvar2": 263.598266602,
        "max": 312.821838379,
        "mean": 6.98393201828,
        "median": 2.45284557343,
        "min": -1.96164441109,
        "var": 241.179992676
    },
    "barkbands_skewness": {
        "dmean": 0.675155878067,
        "dmean2": 0.996417701244,
        "dvar": 0.622797608376,
        "dvar2": 1.32695007324,
        "max": 15.3197422028,
        "mean": 1.80078482628,
        "median": 1.44689297676,
        "min": -4.15947675705,
        "var": 2.69594168663
    },
    "barkbands_spread": {
        "dmean": 7.39484071732,
        "dmean2": 11.2658901215,
        "dvar": 106.799186707,
        "dvar2": 219.07585144,
        "max": 128.044006348,
        "mean": 25.0697364807,
        "median": 19.526424408,
        "min": 0.484249919653,
        "var": 413.769439697
    },
    "dissonance": {
        "dmean": 0.0203588400036,
        "dmean2": 0.0344311930239,
        "dvar": 0.000413614878198,
        "dvar2": 0.00111139344517,
        "max": 0.500000119209,
        "mean": 0.464346110821,
        "median": 0.472035080194,
        "min": 0.25985699892,
        "var": 0.000837036292069
    },
    "dynamic_complexity": 3.55188202858,
    "erbbands_crest": {
        "dmean": 2.96848797798,
        "dmean2": 4.8578748703,
        "dvar": 7.79092550278,
        "dvar2": 18.7583637238,
        "max": 31.1108036041,
        "mean": 9.94710540771,
        "median": 8.69660949707,
        "min": 2.18309187889,
        "var": 28.3248596191
    },
    "erbbands_flatness_db": {
        "dmean": 0.0172345135361,
        "dmean2": 0.0258235931396,
        "dvar": 0.000270136835752,
        "dvar2": 0.000544588780031,
        "max": 0.36028367281,
        "mean": 0.139312699437,
        "median": 0.131710112095,
        "min": 0.0367826111615,
        "var": 0.00300058000721
    },
    "erbbands_kurtosis": {
        "dmean": 1.48579072952,
        "dmean2": 2.32822871208,
        "dvar": 4.65605401993,
        "dvar2": 10.6613273621,
        "max": 53.6138534546,
        "mean": 1.81465017796,
        "median": 0.607517242432,
        "min": -1.83097088337,
        "var": 14.5274515152
    },
    "erbbands_skewness": {
        "dmean": 0.433653265238,
        "dmean2": 0.659423828125,
        "dvar": 0.199755623937,
        "dvar2": 0.422201186419,
        "max": 5.93164587021,
        "mean": 0.769677042961,
        "median": 0.711119771004,
        "min": -3.86247372627,
        "var": 0.921566069126
    },
    "erbbands_spread": {
        "dmean": 9.46902561188,
        "dmean2": 14.798833847,
        "dvar": 117.851074219,
        "dvar2": 277.192626953,
        "max": 151.579559326,
        "mean": 41.7525634766,
        "median": 38.1765708923,
        "min": 2.60197067261,
        "var": 603.180847168
    },
    "hfc": {
        "dmean": 9.85575294495,
        "dmean2": 13.8903532028,
        "dvar": 340.323883057,
        "dvar2": 631.411682129,
        "max": 338.436462402,
        "mean": 28.4461936951,
        "median": 19.5342311859,
        "min": 1.14278522105e-16,
        "var": 1162.34484863
    },
    "melbands_crest": {
        "dmean": 4.00438261032,
        "dmean2": 6.17236375809,
        "dvar": 12.5217733383,
        "dvar2": 27.4700279236,
        "max": 35.1198310852,
        "mean": 16.3815746307,
        "median": 15.2488183975,
        "min": 2.53339314461,
        "var": 47.1275138855
    },
    "melbands_flatness_db": {
        "dmean": 0.0305329095572,
        "dmean2": 0.0436968654394,
        "dvar": 0.000810042256489,
        "dvar2": 0.00171328475699,
        "max": 0.51919567585,
        "mean": 0.194045320153,
        "median": 0.187589153647,
        "min": 0.00763887306675,
        "var": 0.0047471197322
    },
    "melbands_kurtosis": {
        "dmean": 10.9053039551,
        "dmean2": 16.6927757263,
        "dvar": 431.804321289,
        "dvar2": 985.530395508,
        "max": 433.513702393,
        "mean": 20.5903339386,
        "median": 8.57590484619,
        "min": -1.79433000088,
        "var": 1198.32189941
    },
    "melbands_skewness": {
        "dmean": 0.915005743504,
        "dmean2": 1.35998928547,
        "dvar": 1.02716124058,
        "dvar2": 2.24377417564,
        "max": 15.7245674133,
        "mean": 2.94751119614,
        "median": 2.40802502632,
        "min": -1.63903903961,
        "var": 5.26517343521
    },
    "melbands_spread": {
        "dmean": 8.45311450958,
        "dmean2": 12.9929695129,
        "dvar": 250.67401123,
        "dvar2": 536.854248047,
        "max": 261.299133301,
        "mean": 23.1937255859,
        "median": 18.25390625,
        "min": 0.435776799917,
        "var": 485.035919189
    },
    "pitch_salience": {
        "dmean": 0.0799517482519,
        "dmean2": 0.122753873467,
        "dvar": 0.00554890884086,
        "dvar2": 0.0121824163944,
        "max": 0.864383399487,
        "mean": 0.528743028641,
        "median": 0.539051294327,
        "min": 0.0796678066254,
        "var": 0.0228270087391
    },
    "silence_rate_20dB": {
        "dmean": 0,
        "dmean2": 0,
        "dvar": 0,
        "dvar2": 0,
        "max": 1,
        "mean": 1,
        "median": 1,
        "min": 1,
        "var": 0
    },
    "silence_rate_30dB": {
        "dmean": 0.00295521714725,
        "dmean2": 0.00591110624373,
        "dvar": 0.00294685782865,
        "dvar2": 0.00837754644454,
        "max": 1,
        "mean": 0.998067975044,
        "median": 1,
        "min": 0,
        "var": 0.0019283737056
    },
    "silence_rate_60dB": {
        "dmean": 0.0193225741386,
        "dmean2": 0.0386495403945,
        "dvar": 0.0189490448684,
        "dvar2": 0.043977741152,
        "max": 1,
        "mean": 0.07728151232,
        "median": 0,
        "min": 0,
        "var": 0.0713153630495
    },
    "spectral_centroid": {
        "dmean": 289.024078369,
        "dmean2": 443.182067871,
        "dvar": 166651.890625,
        "dvar2": 332347.8125,
        "max": 11167.203125,
        "mean": 1319.77209473,
        "median": 1222.34912109,
        "min": 173.866317749,
        "var": 468875.75
    },
    "spectral_complexity": {
        "dmean": 3.93862247467,
        "dmean2": 5.99226999283,
        "dvar": 24.596446991,
        "dvar2": 50.289642334,
        "max": 59,
        "mean": 16.3877716064,
        "median": 15,
        "min": 0,
        "var": 74.8634109497
    },
    "spectral_decrease": {
        "dmean": 2.58872279169e-09,
        "dmean2": 3.81189657617e-09,
        "dvar": 9.30325899035e-18,
        "dvar2": 2.14712843244e-17,
        "max": 1.5305721866e-29,
        "mean": -7.63436247553e-09,
        "median": -6.5736389665e-09,
        "min": -5.05988424493e-08,
        "var": 3.66392538577e-17
    },
    "spectral_energy": {
        "dmean": 0.0101999174803,
        "dmean2": 0.0150055643171,
        "dvar": 0.000138329502079,
        "dvar2": 0.000318259611959,
        "max": 0.192508220673,
        "mean": 0.0313940830529,
        "median": 0.0279660578817,
        "min": 1.03076300912e-20,
        "var": 0.000563722220249
    },
    "spectral_energyband_high": {
        "dmean": 0.000869267852977,
        "dmean2": 0.00124377466273,
        "dvar": 4.29965257354e-06,
        "dvar2": 8.24780727271e-06,
        "max": 0.0351716466248,
        "mean": 0.00178596272599,
        "median": 0.00074259279063,
        "min": 7.38822132717e-21,
        "var": 1.1658566109e-05
    },
    "spectral_energyband_low": {
        "dmean": 0.00658086547628,
        "dmean2": 0.00962723232806,
        "dvar": 0.000102443322248,
        "dvar2": 0.000252144702245,
        "max": 0.190880566835,
        "mean": 0.0120677677915,
        "median": 0.00457028811797,
        "min": 6.05222984837e-23,
        "var": 0.00024900896824
    },
    "spectral_energyband_middle_high": {
        "dmean": 0.00199076347053,
        "dmean2": 0.00299412757158,
        "dvar": 1.20924578368e-05,
        "dvar2": 2.7354051781e-05,
        "max": 0.0740516632795,
        "mean": 0.00556848058477,
        "median": 0.00227504922077,
        "min": 1.45319901846e-21,
        "var": 6.17429905105e-05
    },
    "spectral_energyband_middle_low": {
        "dmean": 0.00529277557507,
        "dmean2": 0.00799939129502,
        "dvar": 6.38261917629e-05,
        "dvar2": 0.000133808222017,
        "max": 0.108226038516,
        "mean": 0.0125721180812,
        "median": 0.00570555590093,
        "min": 4.3160061921e-22,
        "var": 0.000224901508773
    },
    "spectral_entropy": {
        "dmean": 0.16325494647,
        "dmean2": 0.245912447572,
        "dvar": 0.0292869135737,
        "dvar2": 0.0590931400657,
        "max": 9.80375576019,
        "mean": 7.82063913345,
        "median": 7.81199216843,
        "min": 6.20122146606,
        "var": 0.158205941319
    },
    "spectral_flux": {
        "dmean": 0.0257203150541,
        "dmean2": 0.0411520451307,
        "dvar": 0.000706295133568,
        "dvar2": 0.00175159331411,
        "max": 0.371002286673,
        "mean": 0.0929526463151,
        "median": 0.0879797041416,
        "min": 1.01526502483e-10,
        "var": 0.00223423866555
    },
    "spectral_kurtosis": {
        "dmean": 0.934296250343,
        "dmean2": 1.49460446835,
        "dvar": 0.943460404873,
        "dvar2": 2.49421215057,
        "max": 15.1547603607,
        "mean": 3.30973529816,
        "median": 2.90188884735,
        "min": -1.39994132519,
        "var": 4.70719575882
    },
    "spectral_rms": {
        "dmean": 0.000871796801221,
        "dmean2": 0.00125892390497,
        "dvar": 7.63948776239e-07,
        "dvar2": 1.61838499935e-06,
        "max": 0.0137044843286,
        "mean": 0.00505846599117,
        "median": 0.00522340508178,
        "min": 3.17115517873e-12,
        "var": 5.04040235683e-06
    },
    "spectral_rolloff": {
        "dmean": 678.877258301,
        "dmean2": 1122.88684082,
        "dvar": 2069749.125,
        "dvar2": 4175661.75,
        "max": 18690.8203125,
        "mean": 1958.19616699,
        "median": 1076.66015625,
        "min": 64.599609375,
        "var": 8571722
    },
    "spectral_skewness": {
        "dmean": 0.194949969649,
        "dmean2": 0.295434236526,
        "dvar": 0.0344695150852,
        "dvar2": 0.0735241323709,
        "max": 3.06736063957,
        "mean": 1.50622403622,
        "median": 1.51578557491,
        "min": -0.332887470722,
        "var": 0.189810693264
    },
    "spectral_spread": {
        "dmean": 601029.25,
        "dmean2": 855701.375,
        "dvar": 721626202112,
        "dvar2": 1.04599453696e+12,
        "max": 41995428,
        "mean": 6201873,
        "median": 5877344.5,
        "min": 2292457.25,
        "var": 5.64523853414e+12
    },
    "spectral_strongpeak": {
        "dmean": 0.550364494324,
        "dmean2": 0.912239670753,
        "dvar": 0.870013952255,
        "dvar2": 2.23247027397,
        "max": 19.8712768555,
        "mean": 0.98789536953,
        "median": 0.474868476391,
        "min": 0,
        "var": 1.45082008839
    },
    "zerocrossingrate": {
        "dmean": 0.0150208361447,
        "dmean2": 0.0170138571411,
        "dvar": 0.000432284286944,
        "dvar2": 0.000483963900479,
        "max": 0.64111328125,
        "mean": 0.0791877433658,
        "median": 0.06005859375,
        "min": 0.0029296875,
        "var": 0.00463356869295
    },
    "barkbands": {
        "dmean": [0.000427548744483, 0.00560753187165, 0.0011611985974, 0.000916776712984, 0.00241313967854, 0.00175821199082, 0.000499887741171, 0.000759425573051, 0.00137550162617, 0.000773243606091, 0.000610294693615, 0.000601343170274, 0.000492218474392, 0.000296601821901, 0.000192255960428, 0.000118598552945, 0.000115034061309, 9.77940071607e-05, 9.61090190685e-05, 0.000121215656691, 0.000153311149916, 0.000155042856932, 0.000189107915503, 0.000185515964404, 0.000157213027705, 0.000116351962788, 2.3811839128e-05],
        "dmean2": [0.000642446684651, 0.00798724871129, 0.00191036821343, 0.00154785299674, 0.00380831840448, 0.00271216989495, 0.00081189291086, 0.00116803776473, 0.00218937569298, 0.00121844478417, 0.000953073613346, 0.000974555092398, 0.000807942240499, 0.000478786358144, 0.000309124327032, 0.000188575548236, 0.000186916950042, 0.000155021756655, 0.000150966545334, 0.000187416968402, 0.000249129865551, 0.000235473911744, 0.000287953123916, 0.000277168350294, 0.000225797964958, 0.000160926632816, 3.64820953109e-05],
        "dvar": [5.40877636013e-07, 8.56082551763e-05, 1.05178560261e-05, 5.65823529541e-06, 2.86456725007e-05, 1.95164175238e-05, 3.17669992e-06, 4.85841019326e-06, 1.36466105687e-05, 4.5644696911e-06, 2.45743331106e-06, 2.40395297624e-06, 1.73602427367e-06, 5.24343704456e-07, 1.78426802222e-07, 6.73272850804e-08, 5.86792516799e-08, 3.37429284514e-08, 3.69726116389e-08, 6.09667338836e-08, 9.59050794336e-08, 1.1795605559e-07, 4.81667825625e-07, 4.59583247903e-07, 4.82873815599e-07, 1.3134173571e-07, 6.03012351164e-09],
        "dvar2": [1.27782880099e-06, 0.000198572277441, 2.68418880296e-05, 1.48441667989e-05, 6.13715965301e-05, 4.05286009482e-05, 8.3039585661e-06, 1.01320247268e-05, 3.09428214678e-05, 1.09811699076e-05, 5.66273047298e-06, 6.29881833447e-06, 4.49552499049e-06, 1.33550497594e-06, 4.19395689732e-07, 1.57734319828e-07, 1.48114267517e-07, 7.91193954797e-08, 8.49108872103e-08, 1.31928089786e-07, 2.49344452641e-07, 2.69922480811e-07, 1.10330245207e-06, 9.50104322328e-07, 8.47836759021e-07, 2.44463564059e-07, 1.73118852587e-08],
        "max": [0.0113088805228, 0.142377391458, 0.0475573651493, 0.0261617824435, 0.0951450318098, 0.105307981372, 0.0524370707572, 0.048577696085, 0.0822018608451, 0.0632786378264, 0.0336664095521, 0.0452583543956, 0.0307510979474, 0.0185799207538, 0.00943941250443, 0.00665397616103, 0.00488313939422, 0.00284499186091, 0.0051331971772, 0.00758662493899, 0.00385705754161, 0.0113009400666, 0.0258327312768, 0.013251516968, 0.0187253560871, 0.0114477295429, 0.00253757415339],
        "mean": [0.000639722857159, 0.00983408186585, 0.00118334090803, 0.000886646332219, 0.00397474411875, 0.00304616941139, 0.000700262724422, 0.00126798264682, 0.00234824186191, 0.00134612701368, 0.000989184132777, 0.000985257909633, 0.000817905412987, 0.000517638982274, 0.000303746055579, 0.000188813588466, 0.000175800116267, 0.000150543011841, 0.000149018014781, 0.000215789637878, 0.000213362494833, 0.000253683858318, 0.000305275869323, 0.000311781128403, 0.000278627121588, 0.000261154491454, 4.91063037771e-05],
        "median": [0.00021920222207, 0.00300522008911, 0.000279146508547, 0.000239406421315, 0.00104538479354, 0.000527519150637, 0.000277627666947, 0.000295095553156, 0.000413592613768, 0.000291877862765, 0.0002385492553, 0.000206952929148, 0.000194551263121, 0.000133805559017, 0.000121553806821, 8.58071362018e-05, 7.29592720745e-05, 7.20896860003e-05, 6.34558018646e-05, 7.72369021433e-05, 8.00645211712e-05, 9.62870253716e-05, 0.000106053041236, 9.96664530248e-05, 6.35002797935e-05, 2.98137165373e-05, 7.10354970579e-06],
        "min": [3.58642988784e-24, 4.93702381309e-23, 6.87340028745e-24, 3.07099053895e-24, 3.00091208044e-23, 3.92274716638e-23, 3.830898829e-23, 1.06591895255e-22, 1.77248424731e-22, 1.18437884992e-22, 1.32460663822e-22, 5.28369567986e-23, 1.11173902316e-22, 1.55572079534e-22, 7.58668042935e-23, 9.20374935956e-23, 1.08297488263e-22, 2.40260652222e-22, 2.40864831323e-22, 4.99814242099e-22, 2.98316043815e-22, 3.46366634403e-22, 4.86622367306e-22, 8.29054744115e-22, 1.20053583198e-21, 1.82626979357e-21, 2.28526880158e-21],
        "var": [1.05912261006e-06, 0.000207647535717, 1.01008527054e-05, 4.59138436781e-06, 7.44260541978e-05, 5.77909413551e-05, 3.63647723134e-06, 1.40170241139e-05, 3.77033466066e-05, 1.15509637908e-05, 5.42244333701e-06, 5.33146658199e-06, 4.03940020988e-06, 1.2464372503e-06, 3.1348119478e-07, 1.02569487126e-07, 1.0152250951e-07, 4.96134724415e-08, 6.12218755691e-08, 1.67670563656e-07, 1.24771517562e-07, 2.25706969559e-07, 7.91649597431e-07, 9.00720579011e-07, 1.22337723951e-06, 5.98377368988e-07, 1.92917273267e-08]
    },
    "erbbands": {
        "dmean": [0.233264237642, 1.04920101166, 1.17558336258, 2.35767221451, 4.5766954422, 9.01846313477, 17.1176681519, 11.6270179749, 7.16285181046, 8.02796268463, 21.5178699493, 32.1308746338, 20.4861240387, 23.892829895, 23.2132701874, 23.8111896515, 22.4886493683, 14.0832233429, 11.6801643372, 7.50095462799, 5.91471529007, 6.01298618317, 5.15582227707, 5.0062918663, 4.94208240509, 5.9060997963, 6.06560134888, 5.72895765305, 5.42966413498, 5.87319040298, 5.28452587128, 4.6671667099, 2.73578906059, 1.97080814838, 1.11745560169, 0.808296442032, 0.238583475351, 0.0429804548621, 0.00468655861914, 0.000153083034093],
        "dmean2": [0.329736590385, 1.51029849052, 1.87743866444, 3.81297373772, 7.74733924866, 14.0894317627, 26.2459106445, 17.8898925781, 11.4588432312, 13.0221710205, 32.9211120605, 50.6736488342, 32.1768951416, 36.7236213684, 36.3447914124, 38.3680000305, 36.6821975708, 22.3390026093, 18.5536136627, 11.9520139694, 9.27093887329, 9.57302951813, 8.11873912811, 7.90996217728, 7.6698012352, 9.10743236542, 9.81477737427, 9.11858558655, 8.29034805298, 8.99781417847, 8.06237697601, 6.97900629044, 4.10411024094, 2.86005973816, 1.6411280632, 1.27492654324, 0.388075441122, 0.0706214383245, 0.00710587063804, 0.000230364676099],
        "dvar": [0.136342018843, 3.63767361641, 9.37439346313, 37.4215049744, 114.202095032, 572.050354004, 1973.75402832, 1052.8046875, 702.944641113, 537.845947266, 3684.4699707, 8087.88183594, 3403.17651367, 3580.65698242, 3338.6706543, 3934.22998047, 3499.54321289, 1207.2097168, 670.164611816, 248.990737915, 161.407730103, 163.29776001, 97.8224716187, 113.024368286, 84.7892379761, 168.42074585, 176.757064819, 120.528884888, 128.902542114, 321.482147217, 401.453033447, 271.664825439, 108.688995361, 72.2665328979, 25.5782470703, 8.25469970703, 0.650319874287, 0.0188065133989, 0.00020573157235, 1.98071873569e-07],
        "dvar2": [0.301844000816, 8.65494728088, 25.2528934479, 92.6409683228, 294.755767822, 1261.98962402, 4220.4765625, 2293.04663086, 1810.88757324, 1309.26184082, 7578.77099609, 18167.3671875, 8234.30761719, 7679.26269531, 7889.16943359, 10353.5117188, 9190.4453125, 3035.31542969, 1601.92175293, 578.82421875, 368.130615234, 399.984100342, 231.519683838, 261.958892822, 192.048965454, 363.784301758, 456.585571289, 300.937103271, 298.272460938, 727.374145508, 927.541809082, 589.535888672, 221.187301636, 139.71031189, 46.9118232727, 19.4733886719, 1.90921068192, 0.0593473389745, 0.000561520166229, 4.94121138672e-07],
        "max": [4.73891592026, 37.2476158142, 74.667137146, 69.7826004028, 238.077606201, 413.833007812, 800.157043457, 713.330627441, 834.143798828, 853.172363281, 1313.88476562, 2116.7043457, 1582.9576416, 1481.44995117, 1665.56225586, 2241.80517578, 1199.5682373, 903.737609863, 546.081848145, 365.300384521, 361.333068848, 207.942687988, 170.214477539, 187.992721558, 304.442047119, 486.576690674, 228.447891235, 229.163497925, 274.665557861, 476.447967529, 807.221130371, 340.479675293, 234.778961182, 248.689346313, 143.869186401, 106.15322113, 19.7763748169, 4.22695684433, 0.323717087507, 0.0127702942118],
        "mean": [0.393199890852, 1.76039063931, 1.54885542393, 2.44121289253, 5.41401100159, 14.5643424988, 30.2300224304, 19.2140159607, 10.7518978119, 13.3273506165, 39.9117660522, 55.9799537659, 36.5480079651, 42.9329872131, 41.937084198, 41.987701416, 39.6012458801, 26.4042434692, 21.5743370056, 12.8368139267, 10.0972442627, 9.7483587265, 8.42457008362, 7.79636001587, 8.34614181519, 10.4834938049, 8.8263835907, 8.36755466461, 8.72276306152, 9.34640216827, 8.58030414581, 7.56144237518, 4.5682759285, 3.23265004158, 1.92032516003, 1.24988794327, 0.441240519285, 0.0854030847549, 0.00945011805743, 0.000321222323691],
        "median": [0.12879742682, 0.477018684149, 0.519728600979, 0.70607727766, 1.98853647709, 3.60021495819, 4.72202062607, 4.20413970947, 4.21764469147, 5.36948919296, 7.80751609802, 10.5950603485, 8.8422794342, 10.8684272766, 10.6988182068, 9.30638980865, 9.822057724, 7.95626211166, 7.34542798996, 5.98558521271, 4.59972333908, 4.22957181931, 4.15624189377, 3.54415154457, 3.66611385345, 3.72289204597, 3.26891088486, 3.31366753578, 3.33466148376, 3.27813673019, 2.99626207352, 2.54186916351, 1.34523487091, 0.824534952641, 0.379499524832, 0.153349801898, 0.0446316823363, 0.0115938792005, 0.0014012401225, 8.9249740995e-05],
        "min": [1.04934858214e-21, 1.23289573935e-20, 9.09233375027e-21, 1.61289071897e-20, 7.4629579033e-20, 6.591052669e-20, 2.62183994135e-19, 2.79682483006e-19, 5.48132990667e-19, 1.61253028794e-18, 2.63648476051e-18, 3.85373314426e-18, 3.35209028896e-18, 5.16731498215e-18, 3.32295740137e-18, 2.62585011296e-18, 5.58922962052e-18, 6.26536002218e-18, 7.67185202725e-18, 4.02832202025e-18, 4.41385353297e-18, 6.27273723248e-18, 1.32060211975e-17, 1.06547041936e-17, 1.70010911063e-17, 2.03317818192e-17, 1.77734097919e-17, 1.1060687747e-17, 1.3983615641e-17, 1.41098599461e-17, 1.27494555496e-17, 1.78517868093e-17, 1.26752591031e-17, 1.12290247919e-17, 1.05212576269e-17, 6.32822409438e-18, 2.94900807159e-18, 1.37276681751e-18, 3.55930001468e-19, 3.15854070142e-20],
        "var": [0.326655387878, 7.79363965988, 10.4790000916, 33.9847564697, 137.694915771, 1319.96337891, 5492.75878906, 2641.13232422, 879.433105469, 1015.16760254, 12356.4023438, 21754.7675781, 8414.03417969, 9520.86328125, 8536.64941406, 9287.07714844, 8417.31542969, 2910.86230469, 1633.87194824, 457.375732422, 290.385253906, 293.819458008, 149.708084106, 160.876174927, 176.196243286, 452.676879883, 250.631668091, 180.268280029, 240.824691772, 568.944702148, 645.95489502, 482.104003906, 218.150482178, 157.690338135, 61.4996948242, 18.2774543762, 1.9328366518, 0.0619293414056, 0.000702141609509, 6.35220317236e-07]
    },
    "gfcc": {
        "mean": [11.5724649429, 59.3017616272, -102.58190918, 14.1238050461, -61.2187042236, 22.0585384369, -30.9661464691, 7.74913358688, -22.3504562378, 4.75775146484, -14.2262496948, 4.83829641342, -8.74751091003],
        "cov": [[5892.68994141, -694.839660645, 1625.7689209, 610.801269531, 220.683685303, 170.76399231, 91.1026535034, -72.2993392944, -6.70530319214, 283.529663086, 170.599533081, 314.420959473, 14.483587265], [-694.839660645, 1325.91101074, 6.10736036301, 367.235687256, 172.306243896, 139.747711182, 196.168395996, 67.5736465454, 123.432411194, -30.3026885986, 87.0986022949, -57.0526809692, 87.3413696289], [1625.7689209, 6.10736036301, 1715.44763184, 641.359436035, 384.297973633, 218.640472412, 33.2698860168, 67.4789657593, 85.0547409058, 144.909851074, 122.633506775, 176.781066895, 60.8941078186], [610.801269531, 367.235687256, 641.359436035, 738.818237305, 215.780838013, 119.07497406, 55.6974258423, 14.2166604996, 117.993362427, 44.6790428162, 90.8064193726, 66.6321640015, 90.7698516846], [220.683685303, 172.306243896, 384.297973633, 215.780838013, 444.645629883, 194.060699463, 139.624740601, 78.3923721313, 2.82596588135, 42.4354743958, 32.1152191162, 34.923324585, 8.22017097473], [170.76399231, 139.747711182, 218.640472412, 119.07497406, 194.060699463, 360.438201904, 206.664916992, 89.3437728882, 32.7482566833, 35.118221283, 56.7387046814, 16.963558197, 9.7534828186], [91.1026535034, 196.168395996, 33.2698860168, 55.6974258423, 139.624740601, 206.664916992, 274.267089844, 104.852752686, 46.5793533325, 38.3988037109, 38.5696792603, 2.14711618423, -2.77385091782], [-72.2993392944, 67.5736465454, 67.4789657593, 14.2166604996, 78.3923721313, 89.3437728882, 104.852752686, 170.672943115, 82.3852462769, 33.568611145, 6.81946468353, -17.0659809113, -3.74932909012], [-6.70530319214, 123.432411194, 85.0547409058, 117.993362427, 2.82596588135, 32.7482566833, 46.5793533325, 82.3852462769, 162.649169922, 56.3801040649, 29.6382637024, -0.584789574146, 23.7504711151], [283.529663086, -30.3026885986, 144.909851074, 44.6790428162, 42.4354743958, 35.118221283, 38.3988037109, 33.568611145, 56.3801040649, 116.001960754, 54.452091217, 34.553062439, 10.912270546], [170.599533081, 87.0986022949, 122.633506775, 90.8064193726, 32.1152191162, 56.7387046814, 38.5696792603, 6.81946468353, 29.6382637024, 54.452091217, 119.286483765, 57.995803833, 31.2856006622], [314.420959473, -57.0526809692, 176.781066895, 66.6321640015, 34.923324585, 16.963558197, 2.14711618423, -17.0659809113, -0.584789574146, 34.553062439, 57.995803833, 102.834350586, 39.0390396118], [14.483587265, 87.3413696289, 60.8941078186, 90.7698516846, 8.22017097473, 9.7534828186, -2.77385091782, -3.74932909012, 23.7504711151, 10.912270546, 31.2856006622, 39.0390396118, 86.8749542236]],
        "icov": [[0.000307697773678, 0.000155686779181, -0.000213279403397, -0.000207353834412, 0.00017888599541, 5.80839296163e-05, -0.000347418012097, 0.000212408805965, 0.00023705579224, -0.000478698842926, 0.000129446401843, -0.000389509223169, 0.000256690138485], [0.000155686779181, 0.00148260337301, -2.61002714979e-05, -0.000496618275065, -0.000420547468821, 0.000449472543551, -0.00118951476179, 0.000551799952518, -0.000676241063047, 0.00110669457354, -0.00157483294606, 0.00187994691078, -0.00123597227503], [-0.000213279403397, -2.61002714979e-05, 0.00147009303328, -0.000877764716279, -0.000547058065422, -0.000633412390016, 0.00118945364375, -0.00082866079174, 0.000149040250108, -0.000626569206361, 0.000372603302822, -0.00142640701961, 0.000618320191279], [-0.000207353834412, -0.000496618275065, -0.000877764716279, 0.00333213876002, -0.000990872154944, 9.18291189009e-05, -5.94698940404e-06, 0.00157645042054, -0.00251549296081, 0.00162526441272, -0.000947956927121, 0.000941052509006, -0.00177906779572], [0.00017888599541, -0.000420547468821, -0.000547058065422, -0.000990872154944, 0.00439106952399, -0.00112630520016, -0.000679984106682, -0.00158368854318, 0.00265121366829, -0.00178121682256, 0.00162106833886, -0.00142819446046, 0.000989572959952], [5.80839296163e-05, 0.000449472543551, -0.000633412390016, 9.18291189009e-05, -0.00112630520016, 0.00612539891154, -0.00419554626569, -5.98353472014e-05, 6.03533299e-05, 0.00130717817228, -0.00230082287453, 0.00178345432505, -0.000984750804491], [-0.000347418012097, -0.00118951476179, 0.00118945364375, -5.94698940404e-06, -0.000679984106682, -0.00419554626569, 0.00941235385835, -0.00345512200147, 0.000327021582052, -0.0015558708692, 0.000588754774071, -0.00201980420388, 0.00191473460291], [0.000212408805965, 0.000551799952518, -0.00082866079174, 0.00157645042054, -0.00158368854318, -5.98353472014e-05, -0.00345512200147, 0.0119572188705, -0.00626486958936, 0.000662903126795, -4.31557309639e-05, 0.00267761712894, -0.000652400776744], [0.00023705579224, -0.000676241063047, 0.000149040250108, -0.00251549296081, 0.00265121366829, 6.03533299e-05, 0.000327021582052, -0.00626486958936, 0.0135503821075, -0.00632274430245, 0.00103419495281, 0.000213006729609, -0.000731877516955], [-0.000478698842926, 0.00110669457354, -0.000626569206361, 0.00162526441272, -0.00178121682256, 0.00130717817228, -0.0015558708692, 0.000662903126795, -0.00632274430245, 0.0168532487005, -0.00685030221939, 0.00105946976691, -0.000688569620252], [0.000129446401843, -0.00157483294606, 0.000372603302822, -0.000947956927121, 0.00162106833886, -0.00230082287453, 0.000588754774071, -4.31557309639e-05, 0.00103419495281, -0.00685030221939, 0.0172975342721, -0.00928915292025, 0.000935623829719], [-0.000389509223169, 0.00187994691078, -0.00142640701961, 0.000941052509006, -0.00142819446046, 0.00178345432505, -0.00201980420388, 0.00267761712894, 0.000213006729609, 0.00105946976691, -0.00928915292025, 0.0227351598442, -0.00888513401151], [0.000256690138485, -0.00123597227503, 0.000618320191279, -0.00177906779572, 0.000989572959952, -0.000984750804491, 0.00191473460291, -0.000652400776744, -0.000731877516955, -0.000688569620252, 0.000935623829719, -0.00888513401151, 0.0181282926351]]
    },
    "melbands": {
        "dmean": [0.0017859042855, 0.000790319929365, 0.000418146810262, 0.000466484139906, 0.000546296476386, 0.00027255146415, 0.000106485233118, 9.65587023529e-05, 0.000206072989386, 0.00019374632393, 0.000104227568954, 0.00010279801063, 8.04525116109e-05, 6.51255322737e-05, 7.01227982063e-05, 3.90963796235e-05, 2.84158704744e-05, 2.18991608563e-05, 1.31133601826e-05, 8.92493790161e-06, 7.1703489084e-06, 6.89351281835e-06, 5.4367951634e-06, 4.82621953779e-06, 4.27307077189e-06, 3.60819649359e-06, 4.05756327382e-06, 4.14821852246e-06, 3.78405434276e-06, 3.98130032409e-06, 3.18431852975e-06, 3.04662489725e-06, 3.36958396474e-06, 3.42597081726e-06, 3.16720911542e-06, 3.23142580783e-06, 2.93643711302e-06, 2.06433946914e-06, 1.78513278115e-06, 1.72000738985e-06],
        "dmean2": [0.0025300940033, 0.00120001425967, 0.000658208329696, 0.000750587845687, 0.00083818269195, 0.000418736395659, 0.00017160004063, 0.000155572051881, 0.000317620579153, 0.000304698594846, 0.000164079770911, 0.000158232549438, 0.000124976912048, 0.000104664533865, 0.000115573726362, 6.28120833426e-05, 4.55151421193e-05, 3.49080037267e-05, 2.10401613003e-05, 1.43205052154e-05, 1.1432397514e-05, 1.1088125575e-05, 8.79535946297e-06, 7.69953385316e-06, 6.83821599523e-06, 5.65844993616e-06, 6.31620923741e-06, 6.4918017415e-06, 6.09823609921e-06, 6.59737452224e-06, 5.04260378875e-06, 4.69842689199e-06, 5.19406739841e-06, 5.28557029611e-06, 4.8870710998e-06, 4.92574827149e-06, 4.47095635536e-06, 3.17464196087e-06, 2.63660945166e-06, 2.5661431664e-06],
        "dvar": [8.17387717689e-06, 2.5063754947e-06, 9.39497738273e-07, 1.19214337246e-06, 1.83973827461e-06, 5.17494811447e-07, 1.49148561945e-07, 7.06317422328e-08, 3.22695171917e-07, 2.85639828235e-07, 9.20315343933e-08, 6.82113991957e-08, 4.12751148815e-08, 2.89386150598e-08, 3.56078189157e-08, 1.07978888053e-08, 5.31643795654e-09, 2.64666155658e-09, 8.44636527386e-10, 3.93255705777e-10, 2.56022342215e-10, 2.42421499541e-10, 1.17943682598e-10, 8.88882994987e-11, 8.86920398235e-11, 5.58703534825e-11, 6.52154788505e-11, 8.67694388562e-11, 6.69922659013e-11, 7.1172588656e-11, 3.93859007908e-11, 3.77128640816e-11, 7.26071633372e-11, 1.30226815442e-10, 1.59215002293e-10, 1.31333152686e-10, 1.07672058769e-10, 6.51489764913e-11, 5.57916421395e-11, 6.14513093189e-11],
        "dvar2": [1.83963838936e-05, 6.91559580446e-06, 2.15905265577e-06, 2.7040605346e-06, 3.85633575206e-06, 1.10210692128e-06, 3.85155061622e-07, 1.65910321925e-07, 6.84545511831e-07, 6.42885936486e-07, 2.24180865871e-07, 1.49011555095e-07, 9.57917052347e-08, 7.30258662429e-08, 9.60662589478e-08, 2.72991886874e-08, 1.34735049784e-08, 6.487098414e-09, 2.00164329556e-09, 9.25830467846e-10, 6.17013107274e-10, 5.96903526606e-10, 2.86391105275e-10, 2.10383196975e-10, 2.08321596085e-10, 1.26709906456e-10, 1.47590287214e-10, 1.91890628387e-10, 1.68333305628e-10, 1.88172394333e-10, 9.62909058044e-11, 8.65320384791e-11, 1.68402389256e-10, 2.99000213477e-10, 3.78488407282e-10, 2.995854953e-10, 2.32562816227e-10, 1.39186079329e-10, 1.15810236401e-10, 1.246957676e-10],
        "max": [0.0361042618752, 0.04469871521, 0.0115844663233, 0.0217055026442, 0.0223825275898, 0.0173799991608, 0.0121694076806, 0.00894210115075, 0.0122513175011, 0.0122223887593, 0.00802906602621, 0.00600142171606, 0.00468194438145, 0.00579661875963, 0.00497741252184, 0.002723793732, 0.00195471057668, 0.00113800528925, 0.000545614690054, 0.000529297743924, 0.000465406832518, 0.000302826694679, 0.000354076270014, 0.000145286030602, 0.00017648555513, 0.000361813348718, 0.000205365940928, 0.000333738833433, 0.00014608244237, 0.000131392240291, 0.000171560008312, 0.000124028738355, 0.000307972572045, 0.000342892424669, 0.000594604178332, 0.000301215797663, 0.000191484097741, 0.000161181596923, 0.00025611493038, 0.000259974447545],
        "mean": [0.00310714379884, 0.0013254218502, 0.000484692194732, 0.000678517506458, 0.00101289723534, 0.000460191484308, 0.000155139394337, 0.000158834838658, 0.000378463650122, 0.000327187939547, 0.000177905283635, 0.000176589848706, 0.000137674360303, 0.000110757056973, 0.000115406910481, 6.59016295685e-05, 4.80338421767e-05, 3.74794508389e-05, 2.0473569748e-05, 1.42057915582e-05, 1.12689949674e-05, 1.02284402601e-05, 8.59312694956e-06, 7.15137957741e-06, 6.18103376837e-06, 5.54127836949e-06, 6.80853145241e-06, 6.91231389283e-06, 5.49637252334e-06, 5.07884806211e-06, 4.71256544188e-06, 4.71226030641e-06, 5.27599559064e-06, 5.14832663612e-06, 4.8288779908e-06, 4.98698454976e-06, 4.53471011497e-06, 3.26818371832e-06, 2.79778214463e-06, 2.70290252047e-06],
        "median": [0.000999987940304, 0.000457063812064, 0.000152568376507, 0.000206143668038, 0.00017176772235, 9.0843263024e-05, 5.90058698435e-05, 5.69813237234e-05, 6.50499787298e-05, 6.1261576775e-05, 3.69529225281e-05, 4.21531949542e-05, 3.33735188178e-05, 2.61281493295e-05, 2.36197884078e-05, 1.82548355951e-05, 1.29533045765e-05, 1.11803583422e-05, 8.4168250396e-06, 6.55817848383e-06, 4.68667394671e-06, 4.08073492508e-06, 3.97581789002e-06, 3.27450788973e-06, 2.58230488726e-06, 2.23537745114e-06, 2.56299108514e-06, 2.27632426686e-06, 1.9323908873e-06, 1.82034375484e-06, 1.79660935373e-06, 1.75595266683e-06, 1.8180967345e-06, 1.63368736139e-06, 1.59343642281e-06, 1.63599997904e-06, 1.42483202126e-06, 8.9781758561e-07, 7.56867450491e-07, 6.31415957741e-07],
        "min": [1.29885427396e-23, 9.56589220864e-24, 3.819378541e-24, 5.92275978779e-24, 7.15729870547e-24, 6.84263155671e-24, 7.71985592737e-24, 1.93658378701e-23, 2.64955311771e-23, 2.23698643734e-23, 1.59182648566e-23, 2.0144464094e-23, 1.49977083564e-23, 5.24568915031e-24, 9.5565142302e-24, 1.20870056759e-23, 1.07781876154e-23, 1.46872521471e-23, 4.05732817787e-24, 7.1120062566e-24, 4.44676435209e-24, 5.71986239638e-24, 9.93006984553e-24, 1.25188628453e-23, 8.02685455927e-24, 9.30567697272e-24, 1.22798498239e-23, 1.57815694612e-23, 1.34011296148e-23, 6.0467726664e-24, 6.3579743492e-24, 8.15088163737e-24, 6.91080333841e-24, 8.39075057282e-24, 6.64916184198e-24, 8.33408748286e-24, 1.22334474477e-23, 8.48011668047e-24, 8.18037399117e-24, 1.0363639632e-23],
        "var": [2.02938554139e-05, 4.21248660132e-06, 1.03916340777e-06, 2.38105008066e-06, 5.40116161574e-06, 1.4183458461e-06, 1.86307559602e-07, 1.52704643597e-07, 1.0654706557e-06, 7.59723718602e-07, 2.25140325938e-07, 1.7697745136e-07, 9.78331442525e-08, 6.48829825423e-08, 8.25205859201e-08, 2.62257255912e-08, 1.14292069142e-08, 6.07226890992e-09, 1.44084233433e-09, 5.86836967909e-10, 4.45093156776e-10, 4.01885053014e-10, 1.90426785451e-10, 1.23347540515e-10, 1.18913781599e-10, 1.07992038922e-10, 1.50640111496e-10, 2.21529669608e-10, 1.07563249974e-10, 8.02075836304e-11, 6.34704164226e-11, 6.95828325514e-11, 1.2788581305e-10, 2.1691531904e-10, 2.31402258466e-10, 2.14658124609e-10, 1.89468274403e-10, 1.2015169415e-10, 1.04468551865e-10, 1.2437702257e-10]
    },
    "mfcc": {
        "mean": [-638.883972168, 102.629722595, 9.77395153046, 2.40842270851, -2.99529933929, 9.16259670258, 2.51912927628, 5.30597782135, -0.437191724777, 2.75612807274, -1.08147847652, 0.668649435043, -1.71261286736],
        "cov": [[4577.43310547, -557.012634277, 930.931518555, 461.648529053, 142.325469971, 317.616943359, 112.195571899, -19.0857830048, -108.436523438, -0.346798449755, 46.1373558044, 72.9858093262, 121.91759491], [-557.012634277, 842.460205078, -13.6966228485, 124.215499878, 87.5674743652, 97.0267791748, 147.361465454, 106.863700867, 76.6292877197, 78.8505935669, 61.5861053467, 33.9819068909, -3.67127513885], [930.931518555, -13.6966228485, 1225.67712402, 498.84463501, 394.431243896, 243.042678833, 78.8613586426, 77.7147979736, 29.4115486145, 47.8365058899, 46.9240493774, 121.724243164, 95.2518386841], [461.648529053, 124.215499878, 498.84463501, 596.88104248, 287.610992432, 152.992553711, 26.1315956116, 37.1981544495, 48.8733177185, 18.810760498, -8.60779571533, 97.4156188965, 63.064163208], [142.325469971, 87.5674743652, 394.431243896, 287.610992432, 386.635040283, 155.139389038, 108.000152588, 66.9464035034, 57.6114044189, 23.923822403, 14.1753520966, 64.7628936768, 38.9445114136], [317.616943359, 97.0267791748, 243.042678833, 152.992553711, 155.139389038, 289.715667725, 181.054458618, 101.841819763, 44.1216163635, 39.9545707703, 53.3149223328, 35.5163345337, 31.2126331329], [112.195571899, 147.361465454, 78.8613586426, 26.1315956116, 108.000152588, 181.054458618, 289.777282715, 131.149902344, 55.8868560791, 42.0648841858, 69.2500305176, 30.2019004822, 14.9192466736], [-19.0857830048, 106.863700867, 77.7147979736, 37.1981544495, 66.9464035034, 101.841819763, 131.149902344, 168.702453613, 80.9760742188, 54.8413505554, 55.1724891663, 29.0007457733, 11.3382434845], [-108.436523438, 76.6292877197, 29.4115486145, 48.8733177185, 57.6114044189, 44.1216163635, 55.8868560791, 80.9760742188, 147.284683228, 78.3993453979, 43.3491592407, 33.5773468018, 7.35214614868], [-0.346798449755, 78.8505935669, 47.8365058899, 18.810760498, 23.923822403, 39.9545707703, 42.0648841858, 54.8413505554, 78.3993453979, 130.850540161, 66.0820617676, 36.7812767029, 18.778011322], [46.1373558044, 61.5861053467, 46.9240493774, -8.60779571533, 14.1753520966, 53.3149223328, 69.2500305176, 55.1724891663, 43.3491592407, 66.0820617676, 116.796180725, 44.1133041382, 19.2052783966], [72.9858093262, 33.9819068909, 121.724243164, 97.4156188965, 64.7628936768, 35.5163345337, 30.2019004822, 29.0007457733, 33.5773468018, 36.7812767029, 44.1133041382, 105.212081909, 46.0942153931], [121.91759491, -3.67127513885, 95.2518386841, 63.064163208, 38.9445114136, 31.2126331329, 14.9192466736, 11.3382434845, 7.35214614868, 18.778011322, 19.2052783966, 46.0942153931, 78.8002548218]],
