{
"lowlevel": {
    "average_loudness": 0.756904840469,
    "barkbands_crest": {
        "dmean": 2.86623382568,
        "dmean2": 4.81012105942,
        "dvar": 6.93549823761,
        "dvar2": 18.6224975586,
        "max": 26.3834209442,
        "mean": 10.4186725616,
        "median": 9.78193473816,
        "min": 2.34362411499,
        "var": 16.8045158386
    },
    "barkbands_flatness_db": {
        "dmean": 0.022910008207,
        "dmean2": 0.0358889997005,
        "dvar": 0.000489667057991,
        "dvar2": 0.00113481772132,
        "max": 0.473131388426,
        "mean": 0.125172778964,
        "median": 0.117386609316,
        "min": 0.0180123075843,
        "var": 0.00272666662931
    },
    "barkbands_kurtosis": {
        "dmean": 3.77530670166,
        "dmean2": 5.97189378738,
        "dvar": 97.0981216431,
        "dvar2": 220.406036377,
        "max": 404.696380615,
        "mean": 4.92565965652,
        "median": 1.27530097961,
        "min": -1.9594451189,
        "var": 190.821655273
    },
    "barkbands_skewness": {
        "dmean": 0.656328260899,
        "dmean2": 0.996070146561,
        "dvar": 0.559869110584,
        "dvar2": 1.19420349598,
        "max": 15.2369642258,
        "mean": 1.57330965996,
        "median": 1.28029549122,
        "min": -4.69128513336,
        "var": 2.16389322281
    },
    "barkbands_spread": {
        "dmean": 7.95122003555,
        "dmean2": 12.2801151276,
        "dvar": 88.5680618286,
        "dvar2": 196.496749878,
        "max": 122.520782471,
        "mean": 28.4802970886,
        "median": 25.6716079712,
        "min": 0.217831283808,
        "var": 333.147369385
    },
    "dissonance": {
        "dmean": 0.0171926505864,
        "dmean2": 0.0287935491651,
        "dvar": 0.000313259777613,
        "dvar2": 0.000810871773865,
        "max": 0.5,
        "mean": 0.471099376678,
        "median": 0.479542016983,
        "min": 0.252945035696,
        "var": 0.000757247617003
    },
    "dynamic_complexity": 3.57545375824,
    "erbbands_crest": {
        "dmean": 3.02935743332,
        "dmean2": 4.95671796799,
        "dvar": 8.94196987152,
        "dvar2": 22.254573822,
        "max": 30.6533927917,
        "mean": 9.21225643158,
        "median": 8.01243019104,
        "min": 2.25140023232,
        "var": 22.4058933258
    },
    "erbbands_flatness_db": {
        "dmean": 0.019205108285,
        "dmean2": 0.0282670669258,
        "dvar": 0.000354541029083,
        "dvar2": 0.000711757456884,
        "max": 0.334129333496,
        "mean": 0.140644609928,
        "median": 0.133882641792,
        "min": 0.0409683696926,
        "var": 0.00239556049928
    },
    "erbbands_kurtosis": {
        "dmean": 1.19198274612,
        "dmean2": 1.87279975414,
        "dvar": 3.97883033752,
        "dvar2": 9.11785316467,
        "max": 43.493637085,
        "mean": 0.770923435688,
        "median": -0.206694245338,
        "min": -1.83809757233,
        "var": 10.5671463013
    },
    "erbbands_skewness": {
        "dmean": 0.449602156878,
        "dmean2": 0.68175303936,
        "dvar": 0.197502195835,
        "dvar2": 0.430185377598,
        "max": 5.30753993988,
        "mean": 0.158939242363,
        "median": 0.115852206945,
        "min": -5.40580701828,
        "var": 0.987348020077
    },
    "erbbands_spread": {
        "dmean": 11.1091880798,
        "dmean2": 16.9219055176,
        "dvar": 156.513565063,
        "dvar2": 329.141723633,
        "max": 156.280960083,
        "mean": 44.883556366,
        "median": 40.6328735352,
        "min": 4.03281402588,
        "var": 557.670166016
    },
    "hfc": {
        "dmean": 7.35736751556,
        "dmean2": 10.0196876526,
        "dvar": 118.567184448,
        "dvar2": 233.98638916,
        "max": 300.144622803,
        "mean": 19.8372402191,
        "median": 12.925983429,
        "min": 1.20305571806e-16,
        "var": 445.273986816
    },
    "melbands_crest": {
        "dmean": 3.48409676552,
        "dmean2": 5.81872701645,
        "dvar": 10.4900074005,
        "dvar2": 28.077457428,
        "max": 31.993139267,
        "mean": 14.7260112762,
        "median": 14.4721908569,
        "min": 2.90115022659,
        "var": 24.9018783569
    },
    "melbands_flatness_db": {
        "dmean": 0.0286711975932,
        "dmean2": 0.0438151806593,
        "dvar": 0.000783038092777,
        "dvar2": 0.00169807428028,
        "max": 0.604420244694,
        "mean": 0.187951594591,
        "median": 0.178011238575,
        "min": 0.0082102380693,
        "var": 0.00466773007065
    },
    "melbands_kurtosis": {
        "dmean": 10.3609695435,
        "dmean2": 16.4888324738,
        "dvar": 345.555755615,
        "dvar2": 802.500549316,
        "max": 271.201965332,
        "mean": 17.8969650269,
        "median": 7.81765031815,
        "min": -1.91224777699,
        "var": 729.778259277
    },
    "melbands_skewness": {
        "dmean": 0.963012099266,
        "dmean2": 1.47515392303,
        "dvar": 1.21868550777,
        "dvar2": 2.61202788353,
        "max": 12.844959259,
        "mean": 3.00100469589,
        "median": 2.48048257828,
        "min": -2.0817592144,
        "var": 4.41819190979
    },
    "melbands_spread": {
        "dmean": 9.78452301025,
        "dmean2": 15.0398874283,
        "dvar": 246.927398682,
        "dvar2": 483.156951904,
        "max": 289.31048584,
        "mean": 28.3024463654,
        "median": 22.1623497009,
        "min": 0.270242840052,
        "var": 693.24005127
    },
    "pitch_salience": {
        "dmean": 0.0765963643789,
        "dmean2": 0.126977369189,
        "dvar": 0.00470349937677,
        "dvar2": 0.0121500035748,
        "max": 0.931499779224,
        "mean": 0.528235018253,
        "median": 0.520057320595,
        "min": 0.0569708421826,
        "var": 0.0148014556617
    },
    "silence_rate_20dB": {
        "dmean": 0,
        "dmean2": 0,
        "dvar": 0,
        "dvar2": 0,
        "max": 1,
        "mean": 1,
        "median": 1,
        "min": 1,
        "var": 0
    },
    "silence_rate_30dB": {
        "dmean": 0.00142738199793,
        "dmean2": 0.00285510346293,
        "dvar": 0.00142521841917,
        "dvar2": 0.00332229444757,
        "max": 1,
        "mean": 0.998215973377,
        "median": 1,
        "min": 0,
        "var": 0.00178052205592
    },
    "silence_rate_60dB": {
        "dmean": 0.0392530038953,
        "dmean2": 0.0785153433681,
        "dvar": 0.0377095788717,
        "dvar2": 0.0828188061714,
        "max": 1,
        "mean": 0.0978829711676,
        "median": 0,
        "min": 0,
        "var": 0.0883039087057
    },
    "spectral_centroid": {
        "dmean": 323.175109863,
        "dmean2": 494.23739624,
        "dvar": 143217.046875,
        "dvar2": 284054.28125,
        "max": 10942.0449219,
        "mean": 1613.1875,
        "median": 1569.59228516,
        "min": 111.0260849,
        "var": 578320.0625
    },
    "spectral_complexity": {
        "dmean": 3.72356367111,
        "dmean2": 5.32714748383,
        "dvar": 15.7674369812,
        "dvar2": 27.7657585144,
        "max": 53,
        "mean": 15.3694105148,
        "median": 13,
        "min": 0,
        "var": 100.358848572
    },
    "spectral_decrease": {
        "dmean": 2.21643015053e-09,
        "dmean2": 3.45215989128e-09,
        "dvar": 1.20580723511e-17,
        "dvar2": 2.80375085469e-17,
        "max": -1.70864502343e-29,
        "mean": -5.02191310758e-09,
        "median": -3.93004562227e-09,
        "min": -7.32159293193e-08,
        "var": 2.12792378015e-17
    },
    "spectral_energy": {
        "dmean": 0.00884506572038,
        "dmean2": 0.0136226546019,
        "dvar": 0.000184250457096,
        "dvar2": 0.000424004072556,
        "max": 0.27845364809,
        "mean": 0.0207531768829,
        "median": 0.0164092890918,
        "min": 1.09765615206e-20,
        "var": 0.000346102897311
    },
    "spectral_energyband_high": {
        "dmean": 0.000489590980578,
        "dmean2": 0.00067256425973,
        "dvar": 1.00156751159e-06,
        "dvar2": 2.17528440771e-06,
        "max": 0.0370224192739,
        "mean": 0.00103622977622,
        "median": 0.000505867181346,
        "min": 8.0531315602e-21,
        "var": 2.7486869385e-06
    },
    "spectral_energyband_low": {
        "dmean": 0.00439952081069,
        "dmean2": 0.00722421240062,
        "dvar": 8.89591756277e-05,
        "dvar2": 0.000219244931941,
        "max": 0.276138335466,
        "mean": 0.00824413448572,
        "median": 0.0053501650691,
        "min": 1.55149250089e-22,
        "var": 0.000122981247841
    },
    "spectral_energyband_middle_high": {
        "dmean": 0.00186002685223,
        "dmean2": 0.00262969313189,
        "dvar": 1.06955276351e-05,
        "dvar2": 1.98558736884e-05,
        "max": 0.072126083076,
        "mean": 0.00459591718391,
        "median": 0.00194168882445,
        "min": 1.64088934887e-21,
        "var": 4.01650722779e-05
    },
    "spectral_energyband_middle_low": {
        "dmean": 0.00507879629731,
        "dmean2": 0.00815424043685,
        "dvar": 9.51443289523e-05,
        "dvar2": 0.000234216073295,
        "max": 0.111047498882,
        "mean": 0.00757159246132,
        "median": 0.00395294744521,
        "min": 2.92747140208e-22,
        "var": 0.000114875299914
    },
    "spectral_entropy": {
        "dmean": 0.170752376318,
        "dmean2": 0.252381503582,
        "dvar": 0.0319622382522,
        "dvar2": 0.0672165304422,
        "max": 9.80859661102,
        "mean": 7.76928853989,
        "median": 7.79601860046,
        "min": 5.59441804886,
        "var": 0.159005388618
    },
    "spectral_flux": {
        "dmean": 0.0273470804095,
        "dmean2": 0.0410602800548,
        "dvar": 0.00120219716337,
        "dvar2": 0.00253894482739,
        "max": 0.466871291399,
        "mean": 0.082116022706,
        "median": 0.070548042655,
        "min": 1.04769089238e-10,
        "var": 0.00271123577841
    },
    "spectral_kurtosis": {
        "dmean": 1.15675032139,
        "dmean2": 1.87261986732,
        "dvar": 1.76713955402,
        "dvar2": 4.6738986969,
        "max": 26.1126728058,
        "mean": 3.49409914017,
        "median": 2.92120480537,
        "min": -1.25509083271,
        "var": 6.49171876907
    },
    "spectral_rms": {
        "dmean": 0.000879354018252,
        "dmean2": 0.00130290014204,
        "dvar": 1.23001268548e-06,
        "dvar2": 2.59683633885e-06,
        "max": 0.0164821762592,
        "mean": 0.00407550204545,
        "median": 0.00400113267824,
        "min": 3.27243657519e-12,
        "var": 3.63723893315e-06
    },
    "spectral_rolloff": {
        "dmean": 696.597595215,
        "dmean2": 1148.8458252,
        "dvar": 1409671.25,
        "dvar2": 2880440.5,
        "max": 18755.4199219,
        "mean": 1851.15148926,
        "median": 1270.45898438,
        "min": 64.599609375,
        "var": 3536418.5
    },
    "spectral_skewness": {
        "dmean": 0.196802422404,
        "dmean2": 0.298966735601,
        "dvar": 0.0384551696479,
        "dvar2": 0.0849014148116,
        "max": 4.01949214935,
        "mean": 1.39811873436,
        "median": 1.35610294342,
        "min": -0.362226784229,
        "var": 0.230467423797
    },
    "spectral_spread": {
        "dmean": 650555.5625,
        "dmean2": 951010.875,
        "dvar": 716769067008,
        "dvar2": 1.27853094502e+12,
        "max": 40443168,
        "mean": 5382587.5,
        "median": 5158312,
        "min": 2088933,
        "var": 3.48573794304e+12
    },
    "spectral_strongpeak": {
        "dmean": 0.531551718712,
        "dmean2": 0.910760462284,
        "dvar": 1.1288548708,
        "dvar2": 2.78030610085,
        "max": 14.022851944,
        "mean": 0.756998121738,
        "median": 0.308268904686,
        "min": 0,
        "var": 1.60730564594
    },
    "zerocrossingrate": {
        "dmean": 0.0134986210614,
        "dmean2": 0.0153713915497,
        "dvar": 0.000308505928842,
        "dvar2": 0.000316718738759,
        "max": 0.52978515625,
        "mean": 0.0752193555236,
        "median": 0.0673828125,
        "min": 0.00244140625,
        "var": 0.00219818810001
    },
    "barkbands": {
        "dmean": [6.39934223727e-05, 0.00266578374431, 0.00221095513552, 0.000743145181332, 0.00208904850297, 0.00127399468329, 0.000823808310088, 0.000419231218984, 0.00108061463106, 0.000628165958915, 0.000371849251678, 0.000324748369167, 0.000207829201827, 0.000201486982405, 0.000208827899769, 0.000259682274191, 0.00046114664292, 0.00024940414005, 0.0001983223774, 0.000117686024169, 0.000106028463051, 0.000114815615234, 0.000116383904242, 0.000107047140773, 5.99525228608e-05, 3.47029454133e-05, 6.69390828989e-06],
        "dmean2": [0.000109928485472, 0.00450290273875, 0.00364794884808, 0.00127634464297, 0.00365551188588, 0.00208026310429, 0.00133971020114, 0.000685232575051, 0.00171665020753, 0.000987570150755, 0.000594094861299, 0.000506332260557, 0.000337966746883, 0.000320607767208, 0.000313820346491, 0.000399721728172, 0.000705040118191, 0.000377805583412, 0.000299712759443, 0.000178779431735, 0.000154226974701, 0.000170360843185, 0.000178280068212, 0.000163263524882, 8.81927262526e-05, 5.12722654094e-05, 9.94852325675e-06],
        "dvar": [5.54033015021e-08, 4.30544023402e-05, 2.08554538403e-05, 4.79466007164e-06, 4.60080773337e-05, 1.02073308881e-05, 9.93187677523e-06, 2.94520737043e-06, 1.08451195047e-05, 3.73346051674e-06, 1.47620085045e-06, 9.85352585303e-07, 3.64331924629e-07, 7.30597548682e-07, 4.96996619859e-07, 7.18895591945e-07, 1.84849068319e-06, 4.37918032503e-07, 2.41576231019e-07, 6.50448939155e-08, 3.0061599432e-08, 5.00408710025e-08, 8.01845985166e-08, 1.86586362361e-07, 2.76857168302e-08, 8.91785045809e-09, 3.95051907853e-10],
        "dvar2": [1.69497340607e-07, 0.000109700486064, 5.4174408433e-05, 1.29033742269e-05, 0.000124979429529, 2.45449700742e-05, 2.50330140261e-05, 7.22644517737e-06, 2.51568308158e-05, 8.3463928604e-06, 3.38809991263e-06, 2.10136704482e-06, 9.03881982595e-07, 1.70590419657e-06, 1.01476109649e-06, 1.53377470724e-06, 4.16202465203e-06, 9.53809376369e-07, 4.64576800141e-07, 1.5764192085e-07, 6.1970894194e-08, 1.08251015263e-07, 1.95725903041e-07, 4.27415074e-07, 5.40694813367e-08, 1.96527967233e-08, 9.9938624043e-10],
        "max": [0.0102949682623, 0.212292045355, 0.0939650088549, 0.0337644144893, 0.0657307803631, 0.0674292221665, 0.0588430054486, 0.0567484535277, 0.0626895427704, 0.0620218589902, 0.0550383776426, 0.0431206785142, 0.0165270678699, 0.0293410476297, 0.0334990359843, 0.0274159852415, 0.0355880670249, 0.0227697342634, 0.0151094989851, 0.00758718326688, 0.00333062256686, 0.00520551111549, 0.0100267799571, 0.0245438292623, 0.00825132057071, 0.00392718426883, 0.000556390848942],
        "mean": [9.99866024358e-05, 0.00420651212335, 0.00342612829991, 0.000806990603451, 0.00186096748803, 0.00166734459344, 0.000872748612892, 0.000482290663058, 0.00152792595327, 0.000886482477654, 0.000515405554324, 0.000473680120194, 0.000292547192657, 0.000270979246125, 0.00030939525459, 0.000434334739111, 0.000671718211379, 0.000407302344684, 0.000377292948542, 0.000203184215934, 0.000190479171579, 0.000205327305594, 0.000195928689209, 0.000188323741895, 0.000115466005809, 5.61073356948e-05, 8.33073136164e-06],
        "median": [1.81527011591e-05, 0.0023903530091, 0.00158490613103, 0.000389381719287, 0.000512064027134, 0.000584729481488, 0.000173545966391, 0.00012519286247, 0.000291166215902, 0.000158441631356, 8.40921420604e-05, 0.000123080651974, 7.33684864827e-05, 7.03634432284e-05, 7.5989155448e-05, 8.3864419139e-05, 0.000124513288029, 0.000118993215438, 0.000202456561965, 7.12839755579e-05, 8.47998235258e-05, 7.98823602963e-05, 7.8296798165e-05, 6.00686144026e-05, 3.70637208107e-05, 1.56428595801e-05, 1.15936290968e-06],
        "min": [1.12934175217e-24, 2.95152591678e-23, 8.51233297098e-23, 6.25283843874e-23, 2.80939211432e-23, 1.20099631533e-23, 3.19118785513e-23, 6.76403103383e-23, 6.71019411695e-23, 4.8323593259e-23, 4.54594191725e-23, 8.83704894549e-23, 8.33984380088e-23, 1.91721598961e-22, 1.83839628962e-22, 1.13839494869e-22, 2.57893043983e-22, 1.80316841217e-22, 2.66216346949e-22, 3.93148963847e-22, 4.66686476458e-22, 4.6315954877e-22, 5.79730622829e-22, 9.32065236105e-22, 1.33804521821e-21, 1.90028226356e-21, 2.35794053619e-21],
        "var": [7.661895296e-08, 5.12011356477e-05, 2.48505421041e-05, 3.5153996123e-06, 3.2011022995e-05, 1.3669211512e-05, 9.33780211199e-06, 3.50115828951e-06, 1.87352634384e-05, 6.69885366733e-06, 2.253491175e-06, 1.85696148947e-06, 5.10726522407e-07, 8.82642211764e-07, 1.17931949717e-06, 1.87320517853e-06, 3.1202507671e-06, 8.53052881666e-07, 4.99135524024e-07, 1.35809855806e-07, 7.64453460533e-08, 1.30401303977e-07, 1.33503661459e-07, 3.76778416467e-07, 9.25377108274e-08, 1.89474569368e-08, 4.61393478979e-10]
    },
    "erbbands": {
        "dmean": [0.0640586465597, 0.67562776804, 2.19442725182, 2.59669446945, 3.92142438889, 8.97975444794, 6.72282171249, 12.1993188858, 13.509188652, 8.122423172, 11.7541971207, 23.443397522, 24.4550743103, 14.0109529495, 12.7796792984, 12.883149147, 8.96389865875, 9.97294807434, 9.49520206451, 11.2126665115, 14.8979883194, 25.8219051361, 14.5660409927, 9.62738513947, 9.25336933136, 5.4714846611, 3.95849990845, 4.36272144318, 3.90395927429, 4.08791303635, 3.3166205883, 2.42961549759, 1.73201262951, 0.838041126728, 0.383076906204, 0.190017983317, 0.0524436347187, 0.0122784804553, 0.00110655848403, 3.67822503904e-05],
        "dmean2": [0.104874044657, 1.15882742405, 3.72740149498, 4.1223487854, 6.76242589951, 15.9060306549, 11.4732322693, 19.7561759949, 21.8584079742, 13.3115291595, 18.8386211395, 36.8543319702, 38.1031112671, 21.1949806213, 20.119184494, 19.9076004028, 14.3492679596, 15.9429931641, 14.2664060593, 16.9475860596, 22.5904827118, 39.0387268066, 21.6606330872, 14.2811346054, 14.0342197418, 8.34343147278, 5.70964384079, 6.43595504761, 5.72088766098, 6.03453302383, 5.12698459625, 3.68385386467, 2.71318459511, 1.28556513786, 0.566053509712, 0.283124238253, 0.077870093286, 0.0182461310178, 0.00163854507264, 5.37566556886e-05],
        "dvar": [0.0323262736201, 2.61629009247, 23.6412982941, 32.3015022278, 119.648986816, 917.120788574, 256.864013672, 1202.6060791, 2465.08666992, 801.690002441, 1854.09741211, 5617.30810547, 5912.75390625, 1555.44958496, 1125.85083008, 1740.18383789, 737.827880859, 1434.32336426, 1108.73181152, 1272.94360352, 2521.59741211, 6673.39550781, 1366.94299316, 659.913635254, 611.698852539, 152.828445435, 43.2919273376, 54.4710578918, 58.9641151428, 76.8876266479, 69.2637710571, 101.062973022, 41.1537208557, 5.92428827286, 1.10188114643, 0.267419338226, 0.0253101382405, 0.00104678806383, 1.03603942989e-05, 8.73778471799e-09],
        "dvar2": [0.0774056687951, 6.94068193436, 63.6505393982, 78.0359954834, 315.473815918, 2522.34521484, 691.149658203, 2881.3449707, 6132.88134766, 2020.64172363, 4585.43798828, 13557.8554688, 13480.5449219, 3272.58154297, 2692.59204102, 3674.21411133, 1825.92858887, 3578.58984375, 2296.50170898, 2879.78466797, 5199.91796875, 15226.7480469, 2852.9609375, 1286.47424316, 1411.81713867, 375.673858643, 87.472869873, 116.542144775, 129.347488403, 174.634063721, 171.836257935, 251.612213135, 94.1451187134, 12.7251529694, 2.114767313, 0.559868514538, 0.0576237030327, 0.00250449636951, 2.54060869338e-05, 2.1734228639e-08],
        "max": [7.83502674103, 56.4064788818, 114.511199951, 84.6182632446, 120.84173584, 277.404693604, 315.717987061, 763.777893066, 944.440246582, 623.819580078, 1372.97875977, 1740.70593262, 1544.36743164, 1725.3581543, 788.146606445, 2058.53735352, 711.18548584, 1252.54516602, 1767.06518555, 837.659973145, 1816.45129395, 2490.76147461, 1372.28869629, 903.443908691, 751.442871094, 408.747070312, 106.528495789, 142.730514526, 179.504470825, 253.764251709, 294.021453857, 616.26953125, 264.964233398, 101.266296387, 57.3428688049, 23.1415328979, 7.46201896667, 0.923747777939, 0.078461162746, 0.00285688182339],
        "mean": [0.110084041953, 1.01125621796, 3.30317020416, 3.98304963112, 3.69703841209, 7.66469860077, 7.79816675186, 15.5890779495, 14.919760704, 9.50703334808, 15.3289833069, 32.7390289307, 35.9503746033, 21.8274593353, 19.1804733276, 19.642168045, 13.9382715225, 14.4523181915, 15.1585407257, 17.6575431824, 26.6478118896, 38.740436554, 25.6500148773, 19.3655204773, 16.6035118103, 9.81819915771, 6.96679162979, 7.93886947632, 6.85437440872, 7.07143259048, 5.58562135696, 4.0235285759, 3.00643229485, 1.60367810726, 0.699846684933, 0.320401281118, 0.0807275250554, 0.0168940834701, 0.00143765914254, 6.4043837483e-05],
        "median": [0.0495227687061, 0.617454051971, 1.95138263702, 1.91439008713, 1.11644506454, 1.80942738056, 2.88853502274, 4.75082731247, 3.09987092018, 3.08092045784, 4.10164070129, 6.71223545074, 6.85952377319, 5.61753368378, 4.44284915924, 5.46466445923, 4.0271487236, 4.1489238739, 4.25211906433, 4.23061084747, 5.81714916229, 7.02561378479, 6.82415056229, 10.4459095001, 8.59586334229, 3.49997544289, 2.86552190781, 3.53025436401, 2.63968038559, 2.76491761208, 2.27805876732, 1.30591678619, 0.912853002548, 0.515487909317, 0.21594645083, 0.0838971957564, 0.0224332436919, 0.00438345782459, 0.00020939524984, 3.17544399877e-05],
        "min": [2.97207523849e-22, 9.35983135879e-21, 7.62211133057e-20, 1.88117324434e-19, 1.07250713109e-19, 1.11669679963e-19, 1.21304666813e-19, 1.23201676301e-19, 4.30702062361e-19, 1.17991213924e-18, 1.04834440992e-18, 1.13499168248e-18, 2.09138369698e-18, 1.27812081182e-18, 2.54724603449e-18, 3.9055022429e-18, 4.07755953262e-18, 1.07331655834e-17, 5.18366875645e-18, 1.08510454382e-17, 8.4775673029e-18, 1.54042983431e-17, 8.08113189535e-18, 1.35937257137e-17, 1.79689983021e-17, 1.68069435447e-17, 1.76794668897e-17, 1.90353978934e-17, 1.81921418528e-17, 1.72583277332e-17, 1.46688255907e-17, 1.58343412717e-17, 1.67280586384e-17, 1.26220151414e-17, 1.12841969116e-17, 6.52635122188e-18, 4.08691205022e-18, 1.07629598019e-18, 2.9834729654e-19, 4.01532824067e-20],
        "var": [0.0460867583752, 2.74989461899, 24.0324134827, 36.9684410095, 91.4449996948, 613.219848633, 258.367492676, 1581.48547363, 2433.46630859, 783.086608887, 2484.46728516, 8754.90527344, 10160.8222656, 2869.07373047, 1950.5111084, 3005.68164062, 1079.51318359, 1698.86291504, 2992.4675293, 2152.03710938, 6854.15429688, 10653.1064453, 3099.69873047, 1509.12097168, 907.288208008, 335.372528076, 102.530891418, 143.067276001, 143.590545654, 167.870605469, 111.510559082, 174.714309692, 84.4456787109, 17.1628265381, 3.46702361107, 0.624509811401, 0.0483302362263, 0.00162061362062, 1.33133262352e-05, 1.19634053775e-08]
    },
    "gfcc": {
        "mean": [-9.87509536743, 67.4388046265, -108.223861694, 35.6352577209, -57.6377258301, 17.922460556, -34.0459289551, 16.6782989502, -22.018453598, -0.259865641594, -16.3355865479, 3.52518796921, -13.169377327],
        "cov": [[6120.50244141, -665.854919434, 512.984924316, 726.107666016, 148.232940674, 16.4250831604, -28.6536083221, 54.9122695923, -67.3953857422, 45.3355445862, 71.6157150269, 363.331604004, 16.1864147186], [-665.854919434, 1487.71704102, -48.0708427429, 178.018447876, 216.940933228, -2.92046642303, 233.571853638, -14.2030973434, 51.4679222107, -82.7217712402, 103.40259552, -130.552978516, 39.493183136], [512.984924316, -48.0708427429, 1332.20446777, 566.850952148, 216.917678833, 251.168075562, 8.23464488983, 52.8166809082, 1.29018437862, 111.414512634, 27.056684494, 42.7934532166, -14.3208427429], [726.107666016, 178.018447876, 566.850952148, 791.098632812, 251.958343506, 116.111068726, 40.5646514893, -4.20929336548, 19.0269126892, 38.5749168396, 67.3120727539, 15.0483131409, 28.6414203644], [148.232940674, 216.940933228, 216.917678833, 251.958343506, 413.285675049, 124.545410156, 74.7363052368, 77.3609695435, 86.8357086182, 26.2945690155, -0.252022087574, -5.99390983582, 6.15826177597], [16.4250831604, -2.92046642303, 251.168075562, 116.111068726, 124.545410156, 278.470092773, 136.604614258, 80.9563140869, 2.92259860039, 16.8597755432, -11.3476200104, -38.7758789062, -12.2030553818], [-28.6536083221, 233.571853638, 8.23464488983, 40.5646514893, 74.7363052368, 136.604614258, 264.258728027, 83.9192657471, -8.13358974457, -30.2460346222, 2.50140094757, -55.7091941833, -4.42117404938], [54.9122695923, -14.2030973434, 52.8166809082, -4.20929336548, 77.3609695435, 80.9563140869, 83.9192657471, 159.836334229, 51.7888450623, 5.41952085495, -12.0086221695, 3.21150636673, -0.659038126469], [-67.3953857422, 51.4679222107, 1.29018437862, 19.0269126892, 86.8357086182, 2.92259860039, -8.13358974457, 51.7888450623, 152.606048584, 23.685710907, 3.91642284393, 11.1739768982, 6.56950473785], [45.3355445862, -82.7217712402, 111.414512634, 38.5749168396, 26.2945690155, 16.8597755432, -30.2460346222, 5.41952085495, 23.685710907, 102.709724426, 20.6921215057, 8.77864265442, -13.5369462967], [71.6157150269, 103.40259552, 27.056684494, 67.3120727539, -0.252022087574, -11.3476200104, 2.50140094757, -12.0086221695, 3.91642284393, 20.6921215057, 103.968551636, 38.623085022, 10.6828155518], [363.331604004, -130.552978516, 42.7934532166, 15.0483131409, -5.99390983582, -38.7758789062, -55.7091941833, 3.21150636673, 11.1739768982, 8.77864265442, 38.623085022, 137.110671997, 29.1988620758], [16.1864147186, 39.493183136, -14.3208427429, 28.6414203644, 6.15826177597, -12.2030553818, -4.42117404938, -0.659038126469, 6.56950473785, -13.5369462967, 10.6828155518, 29.1988620758, 68.7134857178]],
        "icov": [[0.000245313538471, 8.73778117239e-05, 4.3579544581e-05, -0.000292506621918, -1.38387622428e-05, 0.000102737998532, -0.000170473605976, -8.44893656904e-05, 0.000177054767846, -8.18892112875e-06, 0.000155391098815, -0.000706227670889, 0.000288108014502], [8.73778117239e-05, 0.00140314467717, -0.000192581763258, 4.50026927865e-05, -0.000829263473861, 0.0010036668973, -0.00127267302014, 0.000660273188259, -0.000492413353641, 0.00118839158677, -0.00193360180128, 0.00155082112178, -0.000786113378126], [4.3579544581e-05, -0.000192581763258, 0.00148900004569, -0.00100293068681, 0.000189423037227, -0.00124965514988, 0.000675754447002, -0.00040431326488, 0.000486973527586, -0.00111855298746, 0.000743905897252, -0.00103881640825, 0.000688346568495], [-0.000292506621918, 4.50026927865e-05, -0.00100293068681, 0.00277953944169, -0.00123609520961, 0.000149925937876, -0.000147388738696, 0.000990531989373, -0.000205431701033, 0.000486407690914, -0.00175540754572, 0.00151883892249, -0.0014441725798], [-1.38387622428e-05, -0.000829263473861, 0.000189423037227, -0.00123609520961, 0.00446785660461, -0.00151561805978, 0.000326127308654, -0.00101857131813, -0.0015510636149, -0.00100980966818, 0.00196639285423, -0.00123189995065, 0.000543344649486], [0.000102737998532, 0.0010036668973, -0.00124965514988, 0.000149925937876, -0.00151561805978, 0.00762774655595, -0.00363083276898, -0.000996727612801, 0.000453997345176, 6.89047794822e-07, -0.00074039719766, 0.00196084217168, -0.000438098068116], [-0.000170473605976, -0.00127267302014, 0.000675754447002, -0.000147388738696, 0.000326127308654, -0.00363083276898, 0.00830067601055, -0.00359249976464, 0.00162570178509, 0.00119021092542, -0.000547826581169, 0.00135217478964, 0.000389118678868], [-8.44893656904e-05, 0.000660273188259, -0.00040431326488, 0.000990531989373, -0.00101857131813, -0.000996727612801, -0.00359249976464, 0.0105816172436, -0.00351850991137, 0.000175465916982, 0.000557745399419, -0.000965009792708, -0.000377799093258], [0.000177054767846, -0.000492413353641, 0.000486973527586, -0.000205431701033, -0.0015510636149, 0.000453997345176, 0.00162570178509, -0.00351850991137, 0.00937547162175, -0.00213976018131, 0.000429046398494, -0.000956679636147, -0.00025916294544], [-8.18892112875e-06, 0.00118839158677, -0.00111855298746, 0.000486407690914, -0.00100980966818, 6.89047794822e-07, 0.00119021092542, 0.000175465916982, -0.00213976018131, 0.0138601390645, -0.00487757707015, 0.00215591886081, 0.00182920438237], [0.000155391098815, -0.00193360180128, 0.000743905897252, -0.00175540754572, 0.00196639285423, -0.00074039719766, -0.000547826581169, 0.000557745399419, 0.000429046398494, -0.00487757707015, 0.0158459059894, -0.00708697969094, 0.00116988969967], [-0.000706227670889, 0.00155082112178, -0.00103881640825, 0.00151883892249, -0.00123189995065, 0.00196084217168, 0.00135217478964, -0.000965009792708, -0.000956679636147, 0.00215591886081, -0.00708697969094, 0.0150460666046, -0.00581380492076], [0.000288108014502, -0.000786113378126, 0.000688346568495, -0.0014441725798, 0.000543344649486, -0.000438098068116, 0.000389118678868, -0.000377799093258, -0.00025916294544, 0.00182920438237, 0.00116988969967, -0.00581380492076, 0.0182512346655]]
    },
    "melbands": {
        "dmean": [0.000672525318805, 0.00101837271359, 0.000440767587861, 0.000501866161358, 0.000256102124695, 0.000265319366008, 0.00019873691781, 8.41197470436e-05, 0.00011018619989, 0.000154600405949, 0.000123890131363, 6.00302919338e-05, 4.92399303766e-05, 3.54670992238e-05, 3.0123788747e-05, 1.91511498997e-05, 1.97476292669e-05, 1.60149247677e-05, 1.57649083121e-05, 1.68508158822e-05, 1.94765016204e-05, 2.94782839774e-05, 2.12282120629e-05, 1.1131311112e-05, 8.43703492137e-06, 8.82732183527e-06, 5.50933100385e-06, 3.28656801685e-06, 2.60306887867e-06, 2.84537009065e-06, 2.52640961662e-06, 2.20630749936e-06, 2.58885120274e-06, 2.33734999711e-06, 2.0770073661e-06, 1.71715021224e-06, 1.52785639784e-06, 1.37399865707e-06, 9.3579615168e-07, 6.83401140122e-07],
        "dmean2": [0.00111699535046, 0.00174341106322, 0.000694979389664, 0.000882100313902, 0.000444175675511, 0.000429185893154, 0.000321438157698, 0.000138078612508, 0.000176728208316, 0.000244257360464, 0.000193764324649, 9.12549876375e-05, 7.84990697866e-05, 5.53148856852e-05, 4.75603010273e-05, 3.08329836116e-05, 3.17628982884e-05, 2.47199513979e-05, 2.35292827711e-05, 2.54275910265e-05, 2.99537168758e-05, 4.51597770734e-05, 3.20810322592e-05, 1.70371786226e-05, 1.29568916236e-05, 1.38127015816e-05, 8.66677328304e-06, 5.05307252752e-06, 3.83686847272e-06, 4.29677083957e-06, 3.79385323868e-06, 3.32453873853e-06, 3.90258037442e-06, 3.56356554221e-06, 3.24974053001e-06, 2.71557291853e-06, 2.3379650429e-06, 2.16323746827e-06, 1.48669971622e-06, 1.07266430405e-06],
        "dvar": [2.92881213682e-06, 5.16328464073e-06, 8.53218523389e-07, 2.76079231298e-06, 4.58367537703e-07, 5.37028597591e-07, 5.15045257998e-07, 8.73335963547e-08, 1.40553211736e-07, 2.37162694816e-07, 1.51519472524e-07, 3.00816154208e-08, 2.03009662414e-08, 1.29551853689e-08, 9.8649444169e-09, 3.18053405834e-09, 6.93761581516e-09, 3.60094842833e-09, 2.81249246115e-09, 3.14042125638e-09, 5.03376318406e-09, 9.30001942123e-09, 4.39464109547e-09, 8.26190504899e-10, 6.70253630375e-10, 5.99959026903e-10, 2.08555644976e-10, 4.93132444601e-11, 2.03157768386e-11, 2.40677998364e-11, 1.93705954055e-11, 2.09981632776e-11, 2.77038739172e-11, 2.95347184209e-11, 2.70452531898e-11, 3.64615074244e-11, 4.86679516132e-11, 2.78873452109e-11, 1.03944942931e-11, 3.86470629804e-12],
        "dvar2": [7.20911975804e-06, 1.38127006721e-05, 2.0199940991e-06, 7.48276443119e-06, 1.26759732666e-06, 1.28886961193e-06, 1.28287626922e-06, 2.16818364152e-07, 3.44761389215e-07, 5.59350723961e-07, 3.43911409573e-07, 6.25694696055e-08, 4.69660434987e-08, 2.66466795296e-08, 2.34528254595e-08, 7.84920839436e-09, 1.71571574725e-08, 7.75448771861e-09, 5.77137759805e-09, 7.0528205498e-09, 1.07327391419e-08, 2.17292619453e-08, 9.54142098664e-09, 1.78523451577e-09, 1.44357548137e-09, 1.39622047257e-09, 5.23945442588e-10, 1.20566723272e-10, 4.31800879774e-11, 5.33503345668e-11, 4.32852920174e-11, 4.83045062283e-11, 6.19460455153e-11, 6.98495358775e-11, 6.75831335339e-11, 9.51344766853e-11, 1.22395829583e-10, 6.18447099088e-11, 2.6042725268e-11, 8.17909195233e-12],
        "max": [0.0584574155509, 0.0652345791459, 0.0136601189151, 0.0156827885658, 0.00820129085332, 0.0156550370157, 0.0133911147714, 0.0065151033923, 0.0093731591478, 0.00975879933685, 0.00754500739276, 0.0063933590427, 0.0045357523486, 0.00564087741077, 0.00389491533861, 0.00154005142394, 0.00295698270202, 0.00234456011094, 0.00193190725986, 0.00185194402002, 0.00234157103114, 0.00314539414831, 0.00175813457463, 0.000929032859858, 0.000874242919963, 0.00086281291442, 0.000378751923563, 0.000226010743063, 7.06699647708e-05, 7.66334560467e-05, 8.78831197042e-05, 0.00014077447122, 0.000102221711131, 0.000177145484486, 0.000221534064622, 0.000312905729515, 0.000424765254138, 0.000232110047364, 0.000143336990732, 9.85604783637e-05],
        "mean": [0.00110349338502, 0.00165538513102, 0.000675566901919, 0.000427044986282, 0.000283774017589, 0.000342875660863, 0.000219801877392, 9.71530753304e-05, 0.000142252087244, 0.000215845182538, 0.000179003414814, 8.92386597116e-05, 7.03732875991e-05, 5.10788886459e-05, 4.37561575382e-05, 2.75641377812e-05, 2.64890040853e-05, 2.34339295275e-05, 2.31010162679e-05, 2.59656280832e-05, 3.13387899951e-05, 4.05788414355e-05, 3.16837067658e-05, 1.82830317499e-05, 1.50337509695e-05, 1.50081450556e-05, 8.80175412021e-06, 5.62166133022e-06, 4.12256576965e-06, 4.8116698963e-06, 4.37672360931e-06, 3.62313448932e-06, 4.28690145782e-06, 3.76316620532e-06, 3.35848631039e-06, 2.61952550318e-06, 2.40185931943e-06, 2.20479319069e-06, 1.6751265548e-06, 1.23832205645e-06],
        "median": [0.000576720456593, 0.00108246610034, 0.000350784277543, 0.000100983059383, 0.00011194513354, 0.000109316504677, 4.76773057017e-05, 2.96625657938e-05, 3.2479991205e-05, 4.13926718466e-05, 3.02308108076e-05, 2.01765815291e-05, 1.30620483105e-05, 1.33597031891e-05, 1.04072132672e-05, 7.42864040149e-06, 6.66958612783e-06, 5.9694407355e-06, 5.67327060708e-06, 5.19408740729e-06, 6.84258975525e-06, 7.31763066142e-06, 5.34077116754e-06, 5.78480558033e-06, 7.61316186981e-06, 7.44312728784e-06, 3.58998295269e-06, 1.70089788298e-06, 1.40003464821e-06, 2.20466336032e-06, 1.84104919754e-06, 1.30340492888e-06, 1.57228350872e-06, 1.40042595831e-06, 1.37308586545e-06, 9.02526608115e-07, 6.94105551702e-07, 6.31852174138e-07, 5.20648256952e-07, 3.93304446789e-07],
        "min": [5.10266314617e-24, 3.16198359333e-23, 3.06135302527e-23, 6.36623490617e-24, 4.96614603335e-24, 2.77845291074e-24, 5.96293726255e-24, 1.37705736871e-23, 7.93590994095e-24, 8.55348547782e-24, 1.0409952078e-23, 4.76493167669e-24, 6.80324373171e-24, 1.15205301819e-23, 7.21445720008e-24, 1.08083023804e-23, 2.13911782909e-23, 6.51426465503e-24, 1.54458160604e-23, 8.43288126718e-24, 1.06171779492e-23, 1.87272155243e-23, 8.84920576536e-24, 6.46111357382e-24, 1.14415557389e-23, 1.10232590885e-23, 1.31749142839e-23, 1.09477114573e-23, 9.93114032978e-24, 1.19340439686e-23, 1.14829441152e-23, 1.1641097316e-23, 6.62551652521e-24, 1.12161710786e-23, 7.73286029939e-24, 9.66416771135e-24, 9.65876322529e-24, 1.20567875701e-23, 1.10028615121e-23, 1.0798952801e-23],
        "var": [3.87892350773e-06, 5.43713622392e-06, 9.94187416836e-07, 1.90510434095e-06, 3.71441643665e-07, 7.02097565863e-07, 5.05643072302e-07, 9.2004178498e-08, 2.10106989584e-07, 3.87609446761e-07, 2.646071664e-07, 5.51656320624e-08, 3.34575815941e-08, 2.47315732338e-08, 1.472636324e-08, 4.45514602987e-09, 7.79225306502e-09, 7.55039053502e-09, 5.84582782182e-09, 5.72623193307e-09, 1.08801065934e-08, 1.3410954125e-08, 7.99810795371e-09, 1.64907343336e-09, 1.17910070596e-09, 8.46351433381e-10, 2.89277435339e-10, 1.12996979829e-10, 4.19397433449e-11, 5.10017861277e-11, 4.81832559962e-11, 4.40644534749e-11, 6.26818597027e-11, 5.29097425594e-11, 3.95216082083e-11, 5.39199761229e-11, 7.62509222429e-11, 5.27339318046e-11, 2.06651657592e-11, 1.12861265472e-11]
    },
    "mfcc": {
        "mean": [-655.121643066, 99.252532959, 7.56272983551, 21.7210178375, 4.75417757034, 2.73727798462, 1.5642118454, 12.1560287476, 1.09460330009, 2.03524422646, 1.33341062069, -0.793653964996, -1.50557565689],
        "cov": [[5648.57861328, -778.716247559, 152.919158936, 552.669006348, 111.155738831, 72.0832977295, 23.4781417847, 133.718307495, -96.1737442017, -211.529800415, -27.041009903, -17.2777709961, 125.160949707], [-778.716247559, 1155.8392334, -160.45324707, 54.0937805176, -10.0865621567, 25.7147579193, 111.628623962, 67.3510284424, 37.1930236816, 61.8961105347, 45.9751281738, 7.42851400375, -19.0123195648], [152.919158936, -160.45324707, 1073.22473145, 365.211456299, 266.40411377, 220.352218628, 149.947570801, 21.9305019379, 10.0424489975, 52.0665206909, -0.888739526272, 65.8297958374, 73.6075592041], [552.669006348, 54.0937805176, 365.211456299, 613.760925293, 276.13168335, 173.981765747, 82.597328186, 39.0031738281, 7.54995632172, 12.3698501587, 13.3694210052, 24.0156059265, 68.0051040649], [111.155738831, -10.0865621567, 266.40411377, 276.13168335, 409.780700684, 147.792114258, 23.1501369476, 55.0735282898, 69.0069580078, 51.5159263611, 35.7237625122, 26.6297187805, 60.8071250916], [72.0832977295, 25.7147579193, 220.352218628, 173.981765747, 147.792114258, 227.103729248, 128.336547852, 42.0309448242, 44.7494277954, 59.3271827698, 23.4109210968, 20.5840435028, 17.8478488922], [23.4781417847, 111.628623962, 149.947570801, 82.597328186, 23.1501369476, 128.336547852, 278.728881836, 89.7227401733, 55.431022644, 67.8171005249, 28.529958725, 12.4723291397, -8.1614522934], [133.718307495, 67.3510284424, 21.9305019379, 39.0031738281, 55.0735282898, 42.0309448242, 89.7227401733, 175.391159058, 83.8014831543, 21.485660553, 30.7809410095, 15.8051404953, 15.8565797806], [-96.1737442017, 37.1930236816, 10.0424489975, 7.54995632172, 69.0069580078, 44.7494277954, 55.431022644, 83.8014831543, 158.778610229, 70.5469665527, 26.5158500671, 12.4539728165, 5.20969295502], [-211.529800415, 61.8961105347, 52.0665206909, 12.3698501587, 51.5159263611, 59.3271827698, 67.8171005249, 21.485660553, 70.5469665527, 131.090682983, 47.2023353577, 9.9325056076, -6.86236333847], [-27.041009903, 45.9751281738, -0.888739526272, 13.3694210052, 35.7237625122, 23.4109210968, 28.529958725, 30.7809410095, 26.5158500671, 47.2023353577, 95.5944366455, 25.7817726135, 11.9386444092], [-17.2777709961, 7.42851400375, 65.8297958374, 24.0156059265, 26.6297187805, 20.5840435028, 12.4723291397, 15.8051404953, 12.4539728165, 9.9325056076, 25.7817726135, 77.8870544434, 29.5421676636], [125.160949707, -19.0123195648, 73.6075592041, 68.0051040649, 60.8071250916, 17.8478488922, -8.1614522934, 15.8565797806, 5.20969295502, -6.86236333847, 11.9386444092, 29.5421676636, 86.0928421021]],
