{
"lowlevel": {
    "average_loudness": 0.905119895935,
    "barkbands_crest": {
        "dmean": 2.42634916306,
        "dmean2": 3.87575411797,
        "dvar": 4.96997499466,
        "dvar2": 12.5616846085,
        "max": 25.8991241455,
        "mean": 10.4623804092,
        "median": 9.7879858017,
        "min": 2.79760837555,
        "var": 16.3343334198
    },
    "barkbands_flatness_db": {
        "dmean": 0.0184319056571,
        "dmean2": 0.027546916157,
        "dvar": 0.000322395469993,
        "dvar2": 0.000685021979734,
        "max": 0.382961183786,
        "mean": 0.144017681479,
        "median": 0.128808841109,
        "min": 0.0228693317622,
        "var": 0.00378614617512
    },
    "barkbands_kurtosis": {
        "dmean": 2.33566021919,
        "dmean2": 3.59215927124,
        "dvar": 20.5799980164,
        "dvar2": 48.7362251282,
        "max": 98.9163970947,
        "mean": 4.24625730515,
        "median": 2.10810422897,
        "min": -1.86170911789,
        "var": 51.6933898926
    },
    "barkbands_skewness": {
        "dmean": 0.437329679728,
        "dmean2": 0.664460539818,
        "dvar": 0.245791822672,
        "dvar2": 0.548672199249,
        "max": 8.64508533478,
        "mean": 1.39923763275,
        "median": 1.23313736916,
        "min": -2.72143316269,
        "var": 1.32809412479
    },
    "barkbands_spread": {
        "dmean": 3.9874792099,
        "dmean2": 6.16220521927,
        "dvar": 32.5591087341,
        "dvar2": 66.7408294678,
        "max": 100.366012573,
        "mean": 17.9411029816,
        "median": 16.2413253784,
        "min": 0.936046481133,
        "var": 141.455032349
    },
    "dissonance": {
        "dmean": 0.0233931560069,
        "dmean2": 0.0396790020168,
        "dvar": 0.000470199098345,
        "dvar2": 0.00126549752895,
        "max": 0.500000238419,
        "mean": 0.451643824577,
        "median": 0.460778176785,
        "min": 0.17682915926,
        "var": 0.00138490961399
    },
    "dynamic_complexity": 3.55474019051,
    "erbbands_crest": {
        "dmean": 2.7006790638,
        "dmean2": 4.36636161804,
        "dvar": 6.12215042114,
        "dvar2": 14.8683815002,
        "max": 30.9671192169,
        "mean": 10.5816364288,
        "median": 9.6114025116,
        "min": 2.28030228615,
        "var": 22.1737594604
    },
    "erbbands_flatness_db": {
        "dmean": 0.0176446028054,
        "dmean2": 0.0249087810516,
        "dvar": 0.000275049533229,
        "dvar2": 0.000520754838362,
        "max": 0.36873960495,
        "mean": 0.173598304391,
        "median": 0.168145388365,
        "min": 0.0492656379938,
        "var": 0.00341338361613
    },
    "erbbands_kurtosis": {
        "dmean": 1.06404018402,
        "dmean2": 1.66498327255,
        "dvar": 1.89558923244,
        "dvar2": 4.49313926697,
        "max": 34.7304039001,
        "mean": 1.548163414,
        "median": 0.976808786392,
        "min": -1.80719017982,
        "var": 6.61343765259
    },
    "erbbands_skewness": {
        "dmean": 0.335071533918,
        "dmean2": 0.518432915211,
        "dvar": 0.0966397225857,
        "dvar2": 0.216435417533,
        "max": 5.38283824921,
        "mean": 0.758870363235,
        "median": 0.722316384315,
        "min": -3.39409208298,
        "var": 0.529068112373
    },
    "erbbands_spread": {
        "dmean": 6.04096364975,
        "dmean2": 8.89190196991,
        "dvar": 59.877155304,
        "dvar2": 120.593589783,
        "max": 132.7472229,
        "mean": 28.6522903442,
        "median": 23.332239151,
        "min": 3.84282374382,
        "var": 314.87878418
    },
    "hfc": {
        "dmean": 5.10155630112,
        "dmean2": 7.53497362137,
        "dvar": 55.653087616,
        "dvar2": 118.64969635,
        "max": 138.970779419,
        "mean": 21.6111431122,
        "median": 15.8077487946,
        "min": 1.13387271391e-16,
        "var": 362.426086426
    },
    "melbands_crest": {
        "dmean": 3.12870573997,
        "dmean2": 4.8732175827,
        "dvar": 8.11756706238,
        "dvar2": 19.2557125092,
        "max": 35.2654533386,
        "mean": 15.0056324005,
        "median": 13.9080209732,
        "min": 2.18205213547,
        "var": 36.1332740784
    },
    "melbands_flatness_db": {
        "dmean": 0.0211643073708,
        "dmean2": 0.0316343382001,
        "dvar": 0.000458112655906,
        "dvar2": 0.00097131007351,
        "max": 0.501338124275,
        "mean": 0.214692115784,
        "median": 0.201397791505,
        "min": 0.00644838158041,
        "var": 0.00527665298432
    },
    "melbands_kurtosis": {
        "dmean": 4.86386346817,
        "dmean2": 7.551674366,
        "dvar": 91.966293335,
        "dvar2": 211.693054199,
        "max": 249.049179077,
        "mean": 9.97545337677,
        "median": 5.04799747467,
        "min": -1.81911301613,
        "var": 237.652023315
    },
    "melbands_skewness": {
        "dmean": 0.570187807083,
        "dmean2": 0.870414435863,
        "dvar": 0.446112155914,
        "dvar2": 0.991031467915,
        "max": 13.3756580353,
        "mean": 2.06123971939,
        "median": 1.79045438766,
        "min": -0.844010233879,
        "var": 2.42872738838
    },
    "melbands_spread": {
        "dmean": 4.74412584305,
        "dmean2": 7.40016460419,
        "dvar": 58.116230011,
        "dvar2": 123.777458191,
        "max": 213.965179443,
        "mean": 20.4747581482,
        "median": 17.7432308197,
        "min": 0.788371145725,
        "var": 224.621795654
    },
    "pitch_salience": {
        "dmean": 0.0622029751539,
        "dmean2": 0.0992540419102,
        "dvar": 0.00330370594747,
        "dvar2": 0.00823196116835,
        "max": 0.855833590031,
        "mean": 0.531852245331,
        "median": 0.53010392189,
        "min": 0.0891468152404,
        "var": 0.0139207635075
    },
    "silence_rate_20dB": {
        "dmean": 0,
        "dmean2": 0,
        "dvar": 0,
        "dvar2": 0,
        "max": 1,
        "mean": 1,
        "median": 1,
        "min": 1,
        "var": 0
    },
    "silence_rate_30dB": {
        "dmean": 0.00535670807585,
        "dmean2": 0.0107147209346,
        "dvar": 0.00532855233178,
        "dvar2": 0.0125476839021,
        "max": 1,
        "mean": 0.994400501251,
        "median": 1,
        "min": 0,
        "var": 0.00556758092716
    },
    "silence_rate_60dB": {
        "dmean": 0.0119308494031,
        "dmean2": 0.0238646045327,
        "dvar": 0.011790686287,
        "dvar2": 0.025482609868,
        "max": 1,
        "mean": 0.0490566045046,
        "median": 0,
        "min": 0,
        "var": 0.0466541014612
    },
    "spectral_centroid": {
        "dmean": 176.500717163,
        "dmean2": 274.320587158,
        "dvar": 60155.2070312,
        "dvar2": 120590.195312,
        "max": 11231.875,
        "mean": 1141.07897949,
        "median": 1129.8092041,
        "min": 177.653747559,
        "var": 282906.40625
    },
    "spectral_complexity": {
        "dmean": 2.45580720901,
        "dmean2": 3.97418737411,
        "dvar": 6.02626132965,
        "dvar2": 14.4351949692,
        "max": 46,
        "mean": 17.0434570312,
        "median": 17,
        "min": 0,
        "var": 65.9550247192
    },
    "spectral_decrease": {
        "dmean": 2.01723771021e-09,
        "dmean2": 2.98046853864e-09,
        "dvar": 7.91456584412e-18,
        "dvar2": 1.77864478127e-17,
        "max": -5.00646271453e-29,
        "mean": -7.42803729636e-09,
        "median": -6.25922869091e-09,
        "min": -7.17459016641e-08,
        "var": 3.20550718425e-17
    },
    "spectral_energy": {
        "dmean": 0.00796622503549,
        "dmean2": 0.0117664383724,
        "dvar": 0.000119909629575,
        "dvar2": 0.000268979900284,
        "max": 0.273050785065,
        "mean": 0.0299953594804,
        "median": 0.0255087092519,
        "min": 1.04735105001e-20,
        "var": 0.000509398698341
    },
    "spectral_energyband_high": {
        "dmean": 0.000254536280409,
        "dmean2": 0.000364732550224,
        "dvar": 4.41081283498e-07,
        "dvar2": 8.90023841293e-07,
        "max": 0.0202086102217,
        "mean": 0.000650930800475,
        "median": 0.00031726071029,
        "min": 7.79846656028e-21,
        "var": 1.20934680581e-06
    },
    "spectral_energyband_low": {
        "dmean": 0.00380294513889,
        "dmean2": 0.00535476300865,
        "dvar": 6.98937219568e-05,
        "dvar2": 0.000156565278303,
        "max": 0.267908960581,
        "mean": 0.0102197667584,
        "median": 0.00515756569803,
        "min": 5.55920124893e-23,
        "var": 0.000205628224649
    },
    "spectral_energyband_middle_high": {
        "dmean": 0.00234727072529,
        "dmean2": 0.00365520222113,
        "dvar": 1.87669447769e-05,
        "dvar2": 4.87273064209e-05,
        "max": 0.08030359447,
        "mean": 0.00803822651505,
        "median": 0.00364367337897,
        "min": 1.47174313148e-21,
        "var": 0.00010077895422
    },
    "spectral_energyband_middle_low": {
        "dmean": 0.00488225743175,
        "dmean2": 0.00761124584824,
        "dvar": 5.07329605171e-05,
        "dvar2": 0.000118772200949,
        "max": 0.139872297645,
        "mean": 0.0126451244578,
        "median": 0.00863362010568,
        "min": 3.63515107331e-22,
        "var": 0.000144091754919
    },
    "spectral_entropy": {
        "dmean": 0.153105869889,
        "dmean2": 0.222884640098,
        "dvar": 0.0262463893741,
        "dvar2": 0.0477546937764,
        "max": 9.79159069061,
        "mean": 7.4238409996,
        "median": 7.54555034637,
        "min": 5.40565729141,
        "var": 0.278868824244
    },
    "spectral_flux": {
        "dmean": 0.0227781105787,
        "dmean2": 0.0359318219125,
        "dvar": 0.000636285752989,
        "dvar2": 0.00142469338607,
        "max": 0.457480609417,
        "mean": 0.0788170993328,
        "median": 0.0715622454882,
        "min": 1.0234017106e-10,
        "var": 0.0020453047473
    },
    "spectral_kurtosis": {
        "dmean": 1.87800014019,
        "dmean2": 3.06534004211,
        "dvar": 7.61352348328,
        "dvar2": 20.5205059052,
        "max": 60.9018173218,
        "mean": 6.24199438095,
        "median": 4.78679180145,
        "min": -1.20275604725,
        "var": 27.7518444061
    },
    "spectral_rms": {
        "dmean": 0.000677463656757,
        "dmean2": 0.000993511290289,
        "dvar": 5.88632644849e-07,
        "dvar2": 1.21914786178e-06,
        "max": 0.0163214895874,
        "mean": 0.00500007718801,
        "median": 0.00498864147812,
        "min": 3.19656996185e-12,
        "var": 4.26296810474e-06
    },
    "spectral_rolloff": {
        "dmean": 281.931915283,
        "dmean2": 472.741241455,
        "dvar": 491415.21875,
        "dvar2": 961418.5625,
        "max": 18174.0234375,
        "mean": 1168.86108398,
        "median": 990.52734375,
        "min": 64.599609375,
        "var": 1207009.625
    },
    "spectral_skewness": {
        "dmean": 0.225022986531,
        "dmean2": 0.353601247072,
        "dvar": 0.0643649473786,
        "dvar2": 0.153061047196,
        "max": 6.24561595917,
        "mean": 1.8769993782,
        "median": 1.76726913452,
        "min": -0.0129119157791,
        "var": 0.416846394539
    },
    "spectral_spread": {
        "dmean": 514020.28125,
        "dmean2": 714850.625,
        "dvar": 568636866560,
        "dvar2": 943147712512,
        "max": 40010552,
        "mean": 4351395,
        "median": 4161878.75,
        "min": 1186134.5,
        "var": 2.38033122099e+12
    },
    "spectral_strongpeak": {
        "dmean": 0.600362241268,
        "dmean2": 0.999689996243,
        "dvar": 0.944269359112,
        "dvar2": 2.25541067123,
        "max": 10.8240709305,
        "mean": 1.25379157066,
        "median": 0.519077777863,
        "min": 0,
        "var": 2.40931415558
    },
    "zerocrossingrate": {
        "dmean": 0.00773248681799,
        "dmean2": 0.00917038880289,
        "dvar": 0.000130550339236,
        "dvar2": 0.000135396447149,
        "max": 0.5830078125,
        "mean": 0.0509800687432,
        "median": 0.0478515625,
        "min": 0.00341796875,
        "var": 0.000969134271145
    },
    "barkbands": {
        "dmean": [0.000368745560991, 0.00309255113825, 0.00101881439332, 0.00105101254303, 0.0013854977442, 0.000664800230879, 0.000461453368189, 0.00140020670369, 0.0012778819073, 0.00165405124426, 0.000659076438751, 0.000552999088541, 0.000307181326207, 0.00042684856453, 0.00025535171153, 0.00016258379037, 0.000218772169319, 0.000130279076984, 7.26800935809e-05, 8.68823262863e-05, 5.18013985129e-05, 5.29723074578e-05, 6.88553700456e-05, 5.72853605263e-05, 2.59963326243e-05, 1.62290416483e-05, 9.46890668274e-06],
        "dmean2": [0.000455929577583, 0.00427156127989, 0.0017656305572, 0.00176142726559, 0.00224413094111, 0.0010536541231, 0.000736291927751, 0.00214485102333, 0.00199802406132, 0.00270095374435, 0.0010336964624, 0.000864127941895, 0.000482801522594, 0.000668691995088, 0.000402109435527, 0.000257091014646, 0.000353151583113, 0.000205130243558, 0.000116028480988, 0.000136437316542, 8.32401638036e-05, 8.21170688141e-05, 0.000102573721961, 8.67773487698e-05, 3.7931757106e-05, 2.35161478486e-05, 1.42700973811e-05],
        "dvar": [6.41733947759e-07, 5.66060625715e-05, 7.11036227585e-06, 6.46127273285e-06, 1.10734308691e-05, 2.65671110355e-06, 1.06753418549e-06, 9.69126631389e-06, 1.19427313621e-05, 1.80855404324e-05, 2.11109272641e-06, 1.73825822003e-06, 5.69269047901e-07, 1.29696479689e-06, 4.8940302122e-07, 1.7327390367e-07, 3.02254733242e-07, 8.64589750904e-08, 1.80542159001e-08, 3.82046678737e-08, 1.08906297314e-08, 3.53691760324e-08, 5.16918738924e-08, 4.79421444766e-08, 4.68384575569e-09, 1.40712752561e-09, 6.67418342815e-10],
        "dvar2": [9.96849053081e-07, 0.000124158075778, 1.89645506907e-05, 1.57692993525e-05, 2.86949652946e-05, 5.83837163504e-06, 2.46246099778e-06, 2.2056276066e-05, 2.64678164967e-05, 5.05013122165e-05, 5.0290168474e-06, 3.86628335036e-06, 1.29429702156e-06, 2.93767425319e-06, 1.11226609079e-06, 4.05669453585e-07, 7.84855501479e-07, 1.90829652524e-07, 4.40834639903e-08, 8.80474289033e-08, 2.66928417147e-08, 7.61511884662e-08, 1.09231571344e-07, 1.07274367167e-07, 1.01022505916e-08, 3.05613379048e-09, 1.65342273206e-09],
        "max": [0.0105248549953, 0.206250697374, 0.088319092989, 0.0324131809175, 0.0560761652887, 0.0568406954408, 0.0315062403679, 0.0670002549887, 0.136932820082, 0.0700375810266, 0.0284674800932, 0.0249314457178, 0.0218919403851, 0.0274254493415, 0.0248267911375, 0.00965986214578, 0.0183303765953, 0.00619383435696, 0.00286574382335, 0.00604407349601, 0.00240656780079, 0.0110453143716, 0.00781650934368, 0.00814533606172, 0.00213851965964, 0.000670398818329, 0.000759861315601],
        "mean": [0.000991381588392, 0.00684602931142, 0.00173580844421, 0.00139196892269, 0.00215535936877, 0.00140384538099, 0.000847315124702, 0.00299762026407, 0.00239900615998, 0.00304006063379, 0.00122585170902, 0.00102010113187, 0.000594645156525, 0.000859912659507, 0.000523316150066, 0.000338269310305, 0.000453809043393, 0.000255556282355, 0.00018263788661, 0.00019047029491, 0.000102528145362, 0.000104016711703, 0.000134793372126, 0.000116170187539, 4.66241763206e-05, 2.51677702181e-05, 1.30520011226e-05],
        "median": [5.48477692064e-05, 0.00244740094058, 0.00101244531106, 0.000510997604579, 0.00084229465574, 0.000716751383152, 0.00040852354141, 0.00097989034839, 0.000409410975408, 0.000625697080977, 0.000311826268444, 0.000242492125835, 0.000141186654218, 0.000175770546775, 0.000149836356286, 0.000135016394779, 0.000187765050214, 9.38824814511e-05, 7.99327608547e-05, 7.72202984081e-05, 4.95755921293e-05, 3.22494488501e-05, 3.58665674867e-05, 4.31834087067e-05, 1.39505536936e-05, 4.90698039357e-06, 1.18808259231e-06],
        "min": [1.75574152657e-23, 2.58723121293e-23, 8.53410316538e-24, 1.70188031277e-23, 2.13965882989e-23, 6.49204315331e-23, 4.67897194931e-23, 7.37683333114e-23, 8.95315601788e-23, 1.08380766731e-22, 5.54578682701e-23, 3.33809395052e-23, 5.36876391553e-23, 1.09985234082e-22, 2.6532098351e-22, 6.74567455611e-23, 1.38805137605e-22, 2.23124674851e-22, 2.19440757532e-22, 5.05677207808e-22, 4.49877453533e-22, 5.75845943566e-22, 5.1802988606e-22, 8.84049784537e-22, 9.87830962076e-22, 2.11052144457e-21, 2.10312892174e-21],
        "var": [3.27297038893e-06, 0.000140383504913, 8.87926944415e-06, 7.84733583714e-06, 1.6026371668e-05, 6.20530727247e-06, 2.8027782264e-06, 3.52827410097e-05, 3.77042088076e-05, 4.23021047027e-05, 5.59313730264e-06, 4.85525288241e-06, 1.85815531495e-06, 4.41922520622e-06, 1.8530528223e-06, 4.3188208565e-07, 5.6325825426e-07, 2.09702164966e-07, 7.64891581184e-08, 9.65921955753e-08, 2.27286420795e-08, 7.81050388809e-08, 1.09377559454e-07, 8.40047391648e-08, 8.76018280138e-09, 2.52025778025e-09, 9.51195455734e-10]
    },
    "erbbands": {
        "dmean": [0.147521778941, 0.551763236523, 1.01685965061, 2.20829224586, 4.75654697418, 4.12610721588, 5.10488176346, 5.59641170502, 6.70091724396, 16.8472747803, 28.6220417023, 33.2238998413, 51.420375824, 28.060131073, 26.4264335632, 22.3719348907, 14.8201494217, 19.3140106201, 14.4838466644, 11.6244049072, 7.08519649506, 9.59141349792, 7.01149892807, 3.34686183929, 3.94699668884, 4.16819763184, 2.54012036324, 1.92481303215, 1.94030988216, 1.78260195255, 2.12390470505, 1.44971394539, 0.861243486404, 0.326178908348, 0.171035930514, 0.0729148313403, 0.0318670161068, 0.0140402521938, 0.00131438695826, 2.98241611745e-05],
        "dmean2": [0.183497235179, 0.864571332932, 1.7489439249, 3.69084572792, 7.91733026505, 6.7597026825, 7.97961044312, 8.87786483765, 10.6076955795, 26.1311531067, 43.5893478394, 52.0814666748, 83.5929107666, 44.5019035339, 42.471824646, 35.4704704285, 22.9539718628, 29.8755149841, 22.0347175598, 18.0768852234, 11.3688602448, 15.1365203857, 10.8591251373, 5.39929914474, 6.27340173721, 6.54711532593, 4.03992843628, 3.11203622818, 3.05229139328, 2.6850733757, 3.16920828819, 2.20940804482, 1.31397497654, 0.480833113194, 0.25247490406, 0.107187971473, 0.0466778427362, 0.0214002691209, 0.00192345492542, 4.22634984716e-05],
        "dvar": [0.104323223233, 2.53670740128, 9.40167999268, 19.8025970459, 181.898864746, 106.705421448, 193.929336548, 223.235641479, 257.09463501, 1401.00585938, 5204.54833984, 8723.671875, 21192.859375, 3689.75390625, 3645.46240234, 3339.61499023, 1210.29370117, 2951.38500977, 1335.82617188, 1011.25842285, 295.161437988, 607.200012207, 263.300628662, 39.8942375183, 60.7378234863, 104.201332092, 25.6278305054, 24.9318218231, 54.8052139282, 34.4294319153, 47.0119972229, 37.5775680542, 7.98307561874, 0.905916452408, 0.164310723543, 0.0282600279897, 0.00609767157584, 0.00150938588195, 8.71893644216e-06, 3.34277894254e-09],
        "dvar2": [0.175953805447, 6.36640262604, 25.3009567261, 48.6147575378, 474.223754883, 267.466247559, 469.344451904, 490.072235107, 621.866210938, 3138.60253906, 12088.1083984, 18645.2871094, 59353.7773438, 9258.80371094, 9320.85351562, 7817.13085938, 2679.34838867, 6502.34082031, 2797.48608398, 2142.58544922, 745.107055664, 1548.61364746, 576.696960449, 107.727630615, 140.312774658, 234.568496704, 59.8242111206, 59.9497108459, 133.801101685, 67.0785827637, 101.028167725, 84.1323471069, 18.4183502197, 1.92702019215, 0.362232089043, 0.0607212260365, 0.0138791473582, 0.00376060768031, 1.97859280888e-05, 7.03924341039e-09],
        "max": [7.22257614136, 54.7531242371, 106.541343689, 55.8630905151, 217.114425659, 245.453796387, 445.468963623, 579.730651855, 391.933776855, 933.008728027, 1884.26818848, 3952.12060547, 2777.49902344, 1219.75878906, 1347.99853516, 1204.75671387, 1223.10058594, 1516.36877441, 1209.83288574, 1090.71984863, 570.799499512, 808.560241699, 401.548614502, 144.102828979, 183.205688477, 352.885559082, 122.835853577, 209.911254883, 443.13180542, 232.925933838, 222.364807129, 241.717468262, 87.9170761108, 29.9101543427, 9.06611347198, 3.90463089943, 1.32967102528, 1.10685098171, 0.0695480853319, 0.00127791753039],
        "mean": [0.320030033588, 1.04001164436, 1.86010336876, 3.70454120636, 6.09343576431, 6.4702630043, 9.5315656662, 11.4001989365, 13.4810037613, 34.062210083, 60.4865722656, 65.6890869141, 92.4747619629, 60.1776580811, 54.7050590515, 44.7274742126, 31.7133769989, 39.5971298218, 34.3121109009, 26.7639427185, 18.0994434357, 22.3721542358, 16.6876087189, 8.86566829681, 9.22062969208, 9.41439914703, 5.80347108841, 3.52592968941, 3.65364956856, 3.61567807198, 4.03880691528, 2.88727998734, 1.67053747177, 0.595214426517, 0.298016428947, 0.120577059686, 0.046092286706, 0.0194994974881, 0.00186782283708, 7.00739328749e-05],
        "median": [0.0541942566633, 0.501008033752, 1.32150280476, 1.73756504059, 1.89523720741, 2.54793596268, 3.34534287453, 5.77084732056, 6.45916795731, 14.2271528244, 19.4740886688, 14.7278308868, 21.7645721436, 11.9989242554, 16.7293453217, 12.3523015976, 9.67679595947, 10.3950014114, 9.1184425354, 9.27840614319, 9.09502887726, 9.58900356293, 6.56044483185, 4.20011663437, 4.07194662094, 3.61091208458, 2.94050693512, 1.61967337132, 1.15879535675, 1.06655240059, 1.07077825069, 0.908563315868, 0.617087781429, 0.178378865123, 0.0861447453499, 0.0290829613805, 0.00728817936033, 0.00267457449809, 0.000192007195437, 4.42381970061e-05],
        "min": [9.77766460077e-22, 4.8201381413e-21, 9.67980727638e-21, 4.29818782101e-20, 2.72866430748e-20, 9.93307753993e-20, 1.98504296009e-19, 7.59982889432e-19, 4.97028169761e-19, 1.27566056989e-18, 1.68526076368e-18, 2.29812653094e-18, 3.60835952812e-18, 1.81144116907e-18, 2.29557819427e-18, 1.0878111615e-18, 2.18589631979e-18, 5.8862610795e-18, 1.05184476944e-17, 8.49484876026e-18, 5.71410411451e-18, 6.86353030548e-18, 1.03678834521e-17, 1.1211869066e-17, 1.301975584e-17, 2.26781027878e-17, 1.75482793533e-17, 2.18397899785e-17, 2.34948013676e-17, 1.56314801896e-17, 1.39329640634e-17, 1.21229663245e-17, 1.84861582385e-17, 1.22191980354e-17, 6.97495815143e-18, 7.41384943111e-18, 4.16401810461e-18, 1.39501156534e-18, 2.98130445973e-19, 2.80357682106e-20],
        "var": [0.3784275949, 3.52466130257, 10.5926837921, 30.9453639984, 203.794036865, 168.955429077, 419.43649292, 497.355102539, 601.067626953, 4101.40625, 17452.8828125, 29230.2988281, 47107.8867188, 12614.9931641, 9764.88378906, 9366.11621094, 4321.49609375, 8819.06445312, 5680.65332031, 3210.57714844, 777.874145508, 1282.11743164, 773.598144531, 171.827774048, 193.742752075, 271.039093018, 66.9096603394, 44.5215988159, 99.3780441284, 83.5783004761, 96.7950057983, 64.9325408936, 13.7184095383, 1.68786299229, 0.315216988325, 0.0534057728946, 0.00973215699196, 0.00206375215203, 1.4766730601e-05, 7.38165395475e-09]
    },
    "gfcc": {
        "mean": [-6.35157489777, 95.001335144, -119.217720032, 13.8612470627, -57.9091110229, 16.9328994751, -29.009016037, 14.5858163834, -14.9442682266, -1.72465527058, -13.224281311, -3.01756072044, -10.2013530731],
        "cov": [[6900.33203125, -1641.97937012, 470.203063965, 474.603363037, 246.986083984, 336.344146729, 111.262481689, 174.345321655, -17.8817520142, 361.792724609, 57.6924781799, 352.573760986, -59.2304878235], [-1641.97937012, 1776.37463379, 398.211273193, 170.146560669, 259.905792236, -114.811050415, 62.8497238159, -67.7274932861, 64.8981552124, -143.155929565, 164.597610474, -155.403686523, 82.1801834106], [470.203063965, 398.211273193, 1408.68823242, 542.932434082, 217.370895386, 38.8544654846, -74.2795715332, -47.2750320435, 42.4192810059, 81.8609619141, 4.70690822601, 84.5719833374, -34.7101325989], [474.603363037, 170.146560669, 542.932434082, 529.022460938, 172.253967285, 69.1996841431, 10.2457094193, -13.571844101, 62.6166915894, 59.4773292542, 23.3687705994, 36.417049408, 10.0336265564], [246.986083984, 259.905792236, 217.370895386, 172.253967285, 379.346343994, 120.113571167, 117.672294617, 67.2201080322, 73.1440734863, 43.0302085876, 29.9998931885, 20.492893219, 32.6620445251], [336.344146729, -114.811050415, 38.8544654846, 69.1996841431, 120.113571167, 231.776260376, 137.548828125, 88.3075790405, 33.6730308533, 47.1971969604, 8.29368877411, 38.3518753052, 4.04484033585], [111.262481689, 62.8497238159, -74.2795715332, 10.2457094193, 117.672294617, 137.548828125, 255.04473877, 104.805854797, 31.1254673004, 16.1086177826, 48.5114707947, 8.28290081024, 10.4506177902], [174.345321655, -67.7274932861, -47.2750320435, -13.571844101, 67.2201080322, 88.3075790405, 104.805854797, 146.031463623, 50.369178772, 36.2819786072, 11.6036653519, 11.1383686066, 9.76908397675], [-17.8817520142, 64.8981552124, 42.4192810059, 62.6166915894, 73.1440734863, 33.6730308533, 31.1254673004, 50.369178772, 141.467071533, 40.4869995117, 22.6268730164, 7.22164535522, 24.4667301178], [361.792724609, -143.155929565, 81.8609619141, 59.4773292542, 43.0302085876, 47.1971969604, 16.1086177826, 36.2819786072, 40.4869995117, 130.498214722, 22.3170814514, 39.0694618225, -3.42916536331], [57.6924781799, 164.597610474, 4.70690822601, 23.3687705994, 29.9998931885, 8.29368877411, 48.5114707947, 11.6036653519, 22.6268730164, 22.3170814514, 134.251068115, 24.1310214996, 32.3848838806], [352.573760986, -155.403686523, 84.5719833374, 36.417049408, 20.492893219, 38.3518753052, 8.28290081024, 11.1383686066, 7.22164535522, 39.0694618225, 24.1310214996, 116.380401611, 24.294303894], [-59.2304878235, 82.1801834106, -34.7101325989, 10.0336265564, 32.6620445251, 4.04484033585, 10.4506177902, 9.76908397675, 24.4667301178, -3.42916536331, 32.3848838806, 24.294303894, 81.2987442017]],
        "icov": [[0.00026780468761, 0.000314683857141, -5.0908067351e-05, -0.000202153081773, -0.000268364034127, 5.01675349369e-05, 1.32462828333e-05, -0.000147673141328, 0.000257055391558, -0.000117506242532, -0.000426771002822, -0.00016381815658, 0.000138229093864], [0.000314683857141, 0.00187759799883, -0.000708963780198, -9.93228786683e-06, -0.00122961064335, 0.000818530621473, -0.000537221669219, 0.000521061418112, -0.0001777032885, 0.00142013188452, -0.002379570622, 0.00227034813724, -0.00112760637421], [-5.0908067351e-05, -0.000708963780198, 0.00165850925259, -0.00130134599749, -7.47941157897e-05, -0.00016370312369, 0.000808383978438, -0.000258844840573, 0.000254129146924, -0.000644529995043, 0.000820761080831, -0.00186831539031, 0.00164133729413], [-0.000202153081773, -9.93228786683e-06, -0.00130134599749, 0.00384305324405, -0.000534351391252, -0.000692428322509, -0.00024531170493, 0.00147893466055, -0.00115111691412, -0.000268456700724, -9.53735070652e-05, 0.000923684507143, -0.000967119180132], [-0.000268364034127, -0.00122961064335, -7.47941157897e-05, -0.000534351391252, 0.00507948920131, -0.00148364913184, -0.00102120300289, -0.000498239824083, -0.00085707847029, -0.00105707638431, 0.00176189758349, -0.000642956001684, -0.000990665052086], [5.01675349369e-05, 0.000818530621473, -0.00016370312369, -0.000692428322509, -0.00148364913184, 0.00859383586794, -0.00356994662434, -0.00168130581733, 0.00016434302961, -0.000413914385717, 0.000525094335899, -0.000866999325808, 3.71328314941e-05], [1.32462828333e-05, -0.000537221669219, 0.000808383978438, -0.00024531170493, -0.00102120300289, -0.00356994662434, 0.00851823948324, -0.00393722299486, 0.000838626234327, 0.000938495795708, -0.00225783651695, -0.000394892093027, 0.00169872120023], [-0.000147673141328, 0.000521061418112, -0.000258844840573, 0.00147893466055, -0.000498239824083, -0.00168130581733, -0.00393722299486, 0.0128439674154, -0.00343473884277, -0.00132539239712, 0.000579985557124, 0.00138010899536, -0.00134644447826], [0.000257055391558, -0.0001777032885, 0.000254129146924, -0.00115111691412, -0.00085707847029, 0.00016434302961, 0.000838626234327, -0.00343473884277, 0.0101979263127, -0.00269055762328, -0.000400137825636, 0.000263484573225, -0.00184332253411], [-0.000117506242532, 0.00142013188452, -0.000644529995043, -0.000268456700724, -0.00105707638431, -0.000413914385717, 0.000938495795708, -0.00132539239712, -0.00269055762328, 0.0124244969338, -0.00350032676943, -0.00041958107613, 0.00157421419863], [-0.000426771002822, -0.002379570622, 0.000820761080831, -9.53735070652e-05, 0.00176189758349, 0.000525094335899, -0.00225783651695, 0.000579985557124, -0.000400137825636, -0.00350032676943, 0.0126984175295, -0.00384627841413, -0.00199298444204], [-0.00016381815658, 0.00227034813724, -0.00186831539031, 0.000923684507143, -0.000642956001684, -0.000866999325808, -0.000394892093027, 0.00138010899536, 0.000263484573225, -0.00041958107613, -0.00384627841413, 0.0157439280301, -0.00640918081626], [0.000138229093864, -0.00112760637421, 0.00164133729413, -0.000967119180132, -0.000990665052086, 3.71328314941e-05, 0.00169872120023, -0.00134644447826, -0.00184332253411, 0.00157421419863, -0.00199298444204, -0.00640918081626, 0.0180308353156]]
    },
    "melbands": {
        "dmean": [0.00103234034032, 0.000529169337824, 0.0004680226848, 0.000312211515848, 0.000178813337698, 0.000129034204292, 9.5763556601e-05, 0.000212798593566, 0.000243261398282, 0.000201261267648, 0.000262267014477, 0.00012272845197, 8.74031538842e-05, 6.53795868857e-05, 4.64475124318e-05, 3.01459658658e-05, 4.21760669269e-05, 2.76164191746e-05, 1.79481994564e-05, 1.49006309584e-05, 9.60336456046e-06, 1.20357999549e-05, 1.0958448911e-05, 4.18202080255e-06, 3.00466308545e-06, 2.85705209535e-06, 3.08609969579e-06, 2.96104053632e-06, 1.97358508558e-06, 1.18804439353e-06, 1.24117070754e-06, 1.19143055599e-06, 1.04697289771e-06, 1.07192261112e-06, 1.31830904593e-06, 1.16500507374e-06, 8.51817389957e-07, 6.91472166636e-07, 4.33838579283e-07, 2.42297687691e-07],
        "dmean2": [0.0013459995389, 0.000885347777512, 0.000776927336119, 0.000512279511895, 0.000279101979686, 0.000203506919206, 0.000151113199536, 0.000328184076352, 0.000369060377125, 0.00031398536521, 0.000426401384175, 0.000195306580281, 0.000139634139487, 0.000103264668724, 7.31240361347e-05, 4.60975352325e-05, 6.51779264444e-05, 4.22983503086e-05, 2.75704569503e-05, 2.35243660427e-05, 1.55696507136e-05, 1.92519291886e-05, 1.68173464772e-05, 6.66651521897e-06, 4.88320665681e-06, 4.53863458461e-06, 4.95350059282e-06, 4.65462062493e-06, 3.16465798278e-06, 1.92114930542e-06, 2.03055606107e-06, 1.90675393696e-06, 1.61697744261e-06, 1.63994650393e-06, 1.98191742129e-06, 1.78486084224e-06, 1.31878880438e-06, 1.06583240722e-06, 6.72432804549e-07, 3.63200911124e-07],
        "dvar": [5.47641366211e-06, 2.52725590144e-06, 1.09232132672e-06, 6.36495428807e-07, 2.14685059063e-07, 1.01674324071e-07, 5.12935471875e-08, 2.33267613226e-07, 3.92440426822e-07, 3.17910377134e-07, 5.54594862479e-07, 7.28929592242e-08, 3.73626676264e-08, 2.26138343606e-08, 1.35939250967e-08, 5.52228485162e-09, 1.43966580879e-08, 4.92074292424e-09, 2.7029696259e-09, 1.52162304978e-09, 7.1560524173e-10, 1.24225230103e-09, 5.62562829654e-10, 7.15313711042e-11, 3.70995872911e-11, 2.99464376907e-11, 4.49780594713e-11, 5.76320970114e-11, 1.61660684839e-11, 5.40595216161e-12, 1.28816020351e-11, 2.36092881356e-11, 1.14832822071e-11, 1.20327662764e-11, 1.68149019014e-11, 2.39906688265e-11, 1.1388332985e-11, 4.85708738854e-12, 1.88102831922e-12, 4.47427061763e-13],
        "dvar2": [1.07232972368e-05, 6.64027402308e-06, 2.70695386462e-06, 1.66293739312e-06, 5.04681395341e-07, 2.23980023861e-07, 1.20419315408e-07, 5.19538843946e-07, 9.10450751235e-07, 6.85813745349e-07, 1.55494069531e-06, 1.84760878597e-07, 9.32389525587e-08, 5.21160465894e-08, 3.05293283986e-08, 1.19152216982e-08, 3.16918296051e-08, 1.05429389663e-08, 5.95625371247e-09, 3.27312621451e-09, 1.86405735292e-09, 3.23042104178e-09, 1.23464638513e-09, 1.71946235028e-10, 1.00893134125e-10, 7.01486299604e-11, 1.03887273784e-10, 1.30895835837e-10, 3.82597530046e-11, 1.34483804301e-11, 3.12770087607e-11, 6.03397470877e-11, 2.4162742987e-11, 2.44676726796e-11, 3.75972794564e-11, 5.53398646352e-11, 2.51412640706e-11, 1.13476936181e-11, 4.48441500947e-12, 9.12299966474e-13],
        "max": [0.0531783737242, 0.0630357638001, 0.013329943642, 0.014783882536, 0.0128469849005, 0.0120684066787, 0.00655700545758, 0.0112987048924, 0.0159965138882, 0.0214739516377, 0.013533202, 0.00560459960252, 0.00450576515868, 0.00354753714055, 0.00304010510445, 0.00216392893344, 0.00316493073478, 0.00156471773516, 0.00157298834529, 0.00097185082268, 0.000818964850623, 0.0012345823925, 0.000475730252219, 0.000203148825676, 0.000145553276525, 0.000131186636281, 0.00015499717847, 0.000307339796564, 9.58625314524e-05, 5.51717312192e-05, 0.000147155093146, 0.000298066210235, 0.000135851136292, 0.000130395943415, 0.000126225990243, 0.000195371467271, 0.000115479124361, 6.88042782713e-05, 4.3860378355e-05, 1.95679658646e-05],
        "mean": [0.00230316072702, 0.00110849901102, 0.000729202118237, 0.000445028854301, 0.000338260550052, 0.00026781935594, 0.000192263250938, 0.000439589086454, 0.000500047754031, 0.0003838314733, 0.000457047921373, 0.000245327537414, 0.000175922206836, 0.000126535174786, 8.75578843988e-05, 5.90809613641e-05, 7.91873462731e-05, 5.9979094658e-05, 3.7282527046e-05, 3.15547003993e-05, 2.06791464734e-05, 2.45239843935e-05, 2.27589425776e-05, 8.77844559e-06, 6.97589166521e-06, 6.32528690403e-06, 6.31687407804e-06, 6.31704051557e-06, 4.16472357756e-06, 2.2086323952e-06, 1.99349688046e-06, 2.06952677217e-06, 1.98603424906e-06, 2.00293425223e-06, 2.3580364541e-06, 2.12349891626e-06, 1.62831111084e-06, 1.29689829009e-06, 7.36064635021e-07, 4.13640236729e-07],
        "median": [0.000625684508123, 0.000797608867288, 0.000340279395459, 0.000160921699717, 0.000126360333525, 0.000137874973007, 8.91835879884e-05, 0.00016513367882, 0.000147390266648, 7.17562579666e-05, 9.62360354606e-05, 4.04195416195e-05, 4.71956882393e-05, 3.50566842826e-05, 2.30547848332e-05, 1.47929422383e-05, 1.73789267137e-05, 1.32700106406e-05, 1.05392136902e-05, 1.15268858281e-05, 1.00196020867e-05, 1.02100366348e-05, 7.23112952983e-06, 4.02457271775e-06, 2.99906241708e-06, 2.83259919343e-06, 2.49105028161e-06, 2.2747035473e-06, 1.99858141059e-06, 1.04238154108e-06, 7.92895605173e-07, 6.22963113983e-07, 5.77837397486e-07, 5.5685126199e-07, 5.89112914895e-07, 5.33037280093e-07, 5.12801250352e-07, 4.6048984359e-07, 2.11638237602e-07, 1.17934085608e-07],
        "min": [8.71811759329e-24, 5.77841125834e-24, 6.52625691852e-24, 4.00471746638e-24, 7.58618739128e-24, 1.53434582025e-23, 7.54227702671e-24, 1.53840387852e-23, 1.37541180487e-23, 1.38479782969e-23, 1.80836517538e-23, 7.58865100389e-24, 8.72187572665e-24, 3.29611743902e-24, 3.10463565378e-24, 6.24305190924e-24, 1.17418711412e-23, 1.36124575627e-23, 2.203631505e-23, 4.67522241455e-24, 7.68715527626e-24, 7.3229729062e-24, 8.12558839016e-24, 1.06096048845e-23, 8.77871157715e-24, 8.98438970324e-24, 1.15881844708e-23, 1.646107689e-23, 1.20672320884e-23, 9.58225081723e-24, 1.32578472309e-23, 1.23615663474e-23, 1.18525601592e-23, 8.59586702995e-24, 9.41333834248e-24, 5.43303888213e-24, 8.60577827836e-24, 1.51886647603e-23, 1.01360792932e-23, 1.0314502275e-23],
        "var": [1.70854655153e-05, 3.20155959344e-06, 1.38499194691e-06, 7.85045983775e-07, 4.84080487695e-07, 2.32578500459e-07, 1.32563243938e-07, 7.65912147926e-07, 1.28450039938e-06, 1.02649380551e-06, 1.23262566376e-06, 2.29920473771e-07, 1.0844791376e-07, 5.97059397478e-08, 3.3431501123e-08, 1.91443270126e-08, 4.32653308735e-08, 1.87139370667e-08, 9.49670742045e-09, 4.40831104953e-09, 1.27655497284e-09, 2.09550776731e-09, 1.56686352781e-09, 1.86950843695e-10, 1.35055633343e-10, 9.46184658401e-11, 1.05425362884e-10, 1.4055327735e-10, 3.89785183297e-11, 1.08524014428e-11, 1.99399923656e-11, 3.75903232153e-11, 2.6672346623e-11, 2.65768639734e-11, 3.27457262694e-11, 3.85564358218e-11, 2.07590628715e-11, 8.31840412524e-12, 2.82532395916e-12, 8.52598211216e-13]
    },
    "mfcc": {
        "mean": [-650.776489258, 130.870666504, -3.84866762161, 5.54140233994, -0.535323739052, 0.14984858036, -0.0297583509237, 9.85622119904, 3.63110923767, 8.2533197403, -3.01461601257, 5.6730389595, -1.31413674355],
        "cov": [[6250.5234375, -1555.3770752, -56.4541168213, 188.381790161, 54.3254051208, 280.043518066, 170.859436035, 118.796798706, -14.0943336487, 197.966964722, -17.29621315, 116.664306641, 164.27784729], [-1555.3770752, 1394.57324219, 228.377487183, 196.729095459, 213.328552246, -41.1494789124, 100.778297424, -0.959334313869, -13.97681427, -13.4686746597, -2.2220826149, 73.7781143188, -29.331287384], [-56.4541168213, 228.377487183, 1062.89978027, 463.738861084, 289.222839355, 157.357284546, -34.5171432495, -31.4302253723, -33.1269493103, -36.1922950745, -1.38938498497, 23.8715724945, 99.7475357056], [188.381790161, 196.729095459, 463.738861084, 475.910919189, 249.505233765, 134.509078979, 23.7558765411, -6.40411043167, 10.3642091751, 23.5792007446, -8.52985954285, 48.0696411133, 80.0745849609], [54.3254051208, 213.328552246, 289.222839355, 249.505233765, 330.059448242, 117.592803955, 14.7232017517, 13.486954689, 52.1929016113, 34.3099098206, 4.02024555206, 35.032459259, 43.313117981], [280.043518066, -41.1494789124, 157.357284546, 134.509078979, 117.592803955, 203.884002686, 74.7972640991, 57.5602226257, 54.7925186157, 30.6632156372, 52.0503311157, 8.97381591797, 35.2073631287], [170.859436035, 100.778297424, -34.5171432495, 23.7558765411, 14.7232017517, 74.7972640991, 232.504745483, 94.0759048462, 43.6750183105, 37.1481399536, 55.8861083984, 37.376373291, 6.5166144371], [118.796798706, -0.959334313869, -31.4302253723, -6.40411043167, 13.486954689, 57.5602226257, 94.0759048462, 163.567123413, 63.6363754272, 40.2054214478, 41.2197494507, -5.56869792938, 20.3371715546], [-14.0943336487, -13.97681427, -33.1269493103, 10.3642091751, 52.1929016113, 54.7925186157, 43.6750183105, 63.6363754272, 146.118850708, 49.9837646484, 53.7700805664, 5.95906734467, -0.730922877789], [197.966964722, -13.4686746597, -36.1922950745, 23.5792007446, 34.3099098206, 30.6632156372, 37.1481399536, 40.2054214478, 49.9837646484, 129.963928223, 32.7981300354, 39.5652503967, 6.31922388077], [-17.29621315, -2.2220826149, -1.38938498497, -8.52985954285, 4.02024555206, 52.0503311157, 55.8861083984, 41.2197494507, 53.7700805664, 32.7981300354, 112.835021973, 17.6028118134, 10.8752326965], [116.664306641, 73.7781143188, 23.8715724945, 48.0696411133, 35.032459259, 8.97381591797, 37.376373291, -5.56869792938, 5.95906734467, 39.5652503967, 17.6028118134, 135.772918701, 29.0695838928], [164.27784729, -29.331287384, 99.7475357056, 80.0745849609, 43.313117981, 35.2073631287, 6.5166144371, 20.3371715546, -0.730922877789, 6.31922388077, 10.8752326965, 29.0695838928, 105.761741638]],
