{
"lowlevel": {
    "average_loudness": 0.880009829998,
    "barkbands_crest": {
        "dmean": 2.96070575714,
        "dmean2": 4.95851707458,
        "dvar": 6.53913640976,
        "dvar2": 17.4526939392,
        "max": 25.7948875427,
        "mean": 9.74169635773,
        "median": 8.88541030884,
        "min": 2.4508254528,
        "var": 15.7079362869
    },
    "barkbands_flatness_db": {
        "dmean": 0.0212746188045,
        "dmean2": 0.0338121429086,
        "dvar": 0.000364148261724,
        "dvar2": 0.000898755912203,
        "max": 0.402129232883,
        "mean": 0.118647374213,
        "median": 0.114234372973,
        "min": 0.0228472165763,
        "var": 0.00150463241152
    },
    "barkbands_kurtosis": {
        "dmean": 3.13243794441,
        "dmean2": 5.12428092957,
        "dvar": 65.6599197388,
        "dvar2": 163.371749878,
        "max": 261.039520264,
        "mean": 4.24778842926,
        "median": 1.98844432831,
        "min": -1.94545280933,
        "var": 111.261352539
    },
    "barkbands_skewness": {
        "dmean": 0.585320353508,
        "dmean2": 0.906621158123,
        "dvar": 0.395201414824,
        "dvar2": 0.920523107052,
        "max": 13.6105537415,
        "mean": 1.5175665617,
        "median": 1.36143887043,
        "min": -2.3450217247,
        "var": 1.63081181049
    },
    "barkbands_spread": {
        "dmean": 7.13667869568,
        "dmean2": 11.1053581238,
        "dvar": 71.4499664307,
        "dvar2": 147.087860107,
        "max": 119.875778198,
        "mean": 24.2805080414,
        "median": 20.2512016296,
        "min": 0.423809677362,
        "var": 273.562225342
    },
    "dissonance": {
        "dmean": 0.0209882091731,
        "dmean2": 0.0360196381807,
        "dvar": 0.000443033204647,
        "dvar2": 0.00123830488883,
        "max": 0.500000119209,
        "mean": 0.467090368271,
        "median": 0.474191486835,
        "min": 0.261248677969,
        "var": 0.000751341576688
    },
    "dynamic_complexity": 3.92943620682,
    "erbbands_crest": {
        "dmean": 2.90828943253,
        "dmean2": 4.82324838638,
        "dvar": 7.3301525116,
        "dvar2": 18.0757980347,
        "max": 31.2689342499,
        "mean": 8.83139324188,
        "median": 7.91403388977,
        "min": 2.32469558716,
        "var": 18.2603969574
    },
    "erbbands_flatness_db": {
        "dmean": 0.0173815656453,
        "dmean2": 0.025347052142,
        "dvar": 0.000249801058089,
        "dvar2": 0.00048257841263,
        "max": 0.357648640871,
        "mean": 0.14422005415,
        "median": 0.133771985769,
        "min": 0.0481650605798,
        "var": 0.00238771690056
    },
    "erbbands_kurtosis": {
        "dmean": 1.06550955772,
        "dmean2": 1.64884829521,
        "dvar": 1.93775832653,
        "dvar2": 4.67875528336,
        "max": 26.0318660736,
        "mean": 0.8182964921,
        "median": -0.145032763481,
        "min": -1.79647099972,
        "var": 6.6609210968
    },
    "erbbands_skewness": {
        "dmean": 0.403787255287,
        "dmean2": 0.625391602516,
        "dvar": 0.123034097254,
        "dvar2": 0.282022148371,
        "max": 4.35476016998,
        "mean": 0.504917502403,
        "median": 0.473775625229,
        "min": -2.9769525528,
        "var": 0.584118425846
    },
    "erbbands_spread": {
        "dmean": 10.4457464218,
        "dmean2": 15.1528921127,
        "dvar": 126.305175781,
        "dvar2": 243.054672241,
        "max": 158.507003784,
        "mean": 45.7890014648,
        "median": 43.1894416809,
        "min": 1.90050554276,
        "var": 717.34588623
    },
    "hfc": {
        "dmean": 7.38732242584,
        "dmean2": 9.79943275452,
        "dvar": 117.076400757,
        "dvar2": 215.634780884,
        "max": 273.736694336,
        "mean": 23.0410327911,
        "median": 14.83344841,
        "min": 1.20734196947e-16,
        "var": 562.176757812
    },
    "melbands_crest": {
        "dmean": 3.51464653015,
        "dmean2": 5.94449424744,
        "dvar": 8.45999717712,
        "dvar2": 23.3362541199,
        "max": 32.3575019836,
        "mean": 12.6358623505,
        "median": 11.8919286728,
        "min": 1.58260893822,
        "var": 20.3964576721
    },
    "melbands_flatness_db": {
        "dmean": 0.0259632021189,
        "dmean2": 0.0414937026799,
        "dvar": 0.000550373282749,
        "dvar2": 0.00132503756322,
        "max": 0.521812677383,
        "mean": 0.179096534848,
        "median": 0.174194127321,
        "min": 0.00502987438813,
        "var": 0.00242021679878
    },
    "melbands_kurtosis": {
        "dmean": 9.11967754364,
        "dmean2": 14.5150709152,
        "dvar": 263.833831787,
        "dvar2": 641.670959473,
        "max": 374.308685303,
        "mean": 16.392616272,
        "median": 8.19622135162,
        "min": -1.754165411,
        "var": 639.416381836
    },
    "melbands_skewness": {
        "dmean": 0.883943974972,
        "dmean2": 1.34099626541,
        "dvar": 0.848530054092,
        "dvar2": 1.91017282009,
        "max": 15.5097284317,
        "mean": 2.7653605938,
        "median": 2.44052600861,
        "min": -1.42180645466,
        "var": 4.27234172821
    },
    "melbands_spread": {
        "dmean": 7.74806880951,
        "dmean2": 12.3275871277,
        "dvar": 115.339698792,
        "dvar2": 252.864074707,
        "max": 226.742446899,
        "mean": 23.2398815155,
        "median": 20.8425064087,
        "min": 0.459861814976,
        "var": 270.619262695
    },
    "pitch_salience": {
        "dmean": 0.0773425251245,
        "dmean2": 0.128124430776,
        "dvar": 0.0043712775223,
        "dvar2": 0.0118121542037,
        "max": 0.853130817413,
        "mean": 0.575165450573,
        "median": 0.582187891006,
        "min": 0.0698716640472,
        "var": 0.0132265659049
    },
    "silence_rate_20dB": {
        "dmean": 0,
        "dmean2": 0,
        "dvar": 0,
        "dvar2": 0,
        "max": 1,
        "mean": 1,
        "median": 1,
        "min": 1,
        "var": 0
    },
    "silence_rate_30dB": {
        "dmean": 0.00329760927707,
        "dmean2": 0.00659599527717,
        "dvar": 0.00328728114255,
        "dvar2": 0.00796807091683,
        "max": 1,
        "mean": 0.995878458023,
        "median": 1,
        "min": 0,
        "var": 0.00410288991407
    },
    "silence_rate_60dB": {
        "dmean": 0.0160169582814,
        "dmean2": 0.0320376902819,
        "dvar": 0.0157615672797,
        "dvar2": 0.0380770638585,
        "max": 1,
        "mean": 0.0885539352894,
        "median": 0,
        "min": 0,
        "var": 0.0807131752372
    },
    "spectral_centroid": {
        "dmean": 285.619842529,
        "dmean2": 452.475189209,
        "dvar": 92526.0703125,
        "dvar2": 200043.046875,
        "max": 10683.4931641,
        "mean": 1387.49987793,
        "median": 1283.25537109,
        "min": 143.875762939,
        "var": 264669.53125
    },
    "spectral_complexity": {
        "dmean": 3.58191037178,
        "dmean2": 5.19104814529,
        "dvar": 14.0852193832,
        "dvar2": 26.1404304504,
        "max": 50,
        "mean": 15.5060052872,
        "median": 15,
        "min": 0,
        "var": 74.3767776489
    },
    "spectral_decrease": {
        "dmean": 2.39202413432e-09,
        "dmean2": 3.64263952335e-09,
        "dvar": 1.23811062326e-17,
        "dvar2": 3.1047678353e-17,
        "max": -3.75623271804e-31,
        "mean": -6.38062314096e-09,
        "median": -5.19886445005e-09,
        "min": -9.86460833019e-08,
        "var": 2.9207082376e-17
    },
    "spectral_energy": {
        "dmean": 0.00944946985692,
        "dmean2": 0.0143116340041,
        "dvar": 0.000185237557162,
        "dvar2": 0.000460022944026,
        "max": 0.375335812569,
        "mean": 0.0261718984693,
        "median": 0.0215219389647,
        "min": 1.09523672955e-20,
        "var": 0.000464696058771
    },
    "spectral_energyband_high": {
        "dmean": 0.000416440569097,
        "dmean2": 0.000559205946047,
        "dvar": 9.07445382836e-07,
        "dvar2": 1.58097441272e-06,
        "max": 0.0277450997382,
        "mean": 0.00107428280171,
        "median": 0.000629886635579,
        "min": 8.07760285851e-21,
        "var": 3.3684839309e-06
    },
    "spectral_energyband_low": {
        "dmean": 0.0042775622569,
        "dmean2": 0.00715228589252,
        "dvar": 0.000131225562654,
        "dvar2": 0.000358914083336,
        "max": 0.371374875307,
        "mean": 0.00741857010871,
        "median": 0.00472351582721,
        "min": 8.26378057022e-23,
        "var": 0.000168279366335
    },
    "spectral_energyband_middle_high": {
        "dmean": 0.00293732667342,
        "dmean2": 0.00412780744955,
        "dvar": 2.26057982218e-05,
        "dvar2": 4.81460847368e-05,
        "max": 0.0687294900417,
        "mean": 0.00707057584077,
        "median": 0.00257390108891,
        "min": 1.59354315427e-21,
        "var": 9.51273250394e-05
    },
    "spectral_energyband_middle_low": {
        "dmean": 0.00605292618275,
        "dmean2": 0.00945715140551,
        "dvar": 5.297914322e-05,
        "dvar2": 0.000125312202726,
        "max": 0.0754870697856,
        "mean": 0.0118467155844,
        "median": 0.00845563970506,
        "min": 2.92058824358e-22,
        "var": 0.000123475852888
    },
    "spectral_entropy": {
        "dmean": 0.140247762203,
        "dmean2": 0.212211802602,
        "dvar": 0.0158072561026,
        "dvar2": 0.0319817587733,
        "max": 9.80090808868,
        "mean": 7.81600141525,
        "median": 7.80142259598,
        "min": 6.41196393967,
        "var": 0.0832133367658
    },
    "spectral_flux": {
        "dmean": 0.023661704734,
        "dmean2": 0.0369633808732,
        "dvar": 0.000669722852763,
        "dvar2": 0.00161808927078,
        "max": 0.532827913761,
        "mean": 0.0924404338002,
        "median": 0.0904692709446,
        "min": 1.04653556654e-10,
        "var": 0.0022402536124
    },
    "spectral_kurtosis": {
        "dmean": 0.801751673222,
        "dmean2": 1.28659641743,
        "dvar": 0.58981192112,
        "dvar2": 1.45060431957,
        "max": 14.7072105408,
        "mean": 2.69538903236,
        "median": 2.35650444031,
        "min": -1.37035369873,
        "var": 3.17367696762
    },
    "spectral_rms": {
        "dmean": 0.000885332119651,
        "dmean2": 0.00131123617757,
        "dvar": 8.24028461466e-07,
        "dvar2": 1.73844944129e-06,
        "max": 0.0191358644515,
        "mean": 0.00461023207754,
        "median": 0.00458224955946,
        "min": 3.26882791668e-12,
        "var": 4.27914892498e-06
    },
    "spectral_rolloff": {
        "dmean": 594.248168945,
        "dmean2": 983.627197266,
        "dvar": 1480117.125,
        "dvar2": 2920547,
        "max": 18260.15625,
        "mean": 1605.49060059,
        "median": 1162.79296875,
        "min": 64.599609375,
        "var": 3859034
    },
    "spectral_skewness": {
        "dmean": 0.157362416387,
        "dmean2": 0.235204234719,
        "dvar": 0.0196255929768,
        "dvar2": 0.0398393459618,
        "max": 2.93974590302,
        "mean": 1.30520486832,
        "median": 1.27080368996,
        "min": -0.0132571961731,
        "var": 0.145934820175
    },
    "spectral_spread": {
        "dmean": 577876.8125,
        "dmean2": 791843.9375,
        "dvar": 808539258880,
        "dvar2": 1.09425229824e+12,
        "max": 39829348,
        "mean": 5427421.5,
        "median": 5007159,
        "min": 2620354.25,
        "var": 3.96001568358e+12
    },
    "spectral_strongpeak": {
        "dmean": 0.620068073273,
        "dmean2": 1.03457510471,
        "dvar": 0.800733864307,
        "dvar2": 2.04023241997,
        "max": 9.38203716278,
        "mean": 0.946611225605,
        "median": 0.380455672741,
        "min": 0,
        "var": 1.55524051189
    },
    "zerocrossingrate": {
        "dmean": 0.0124193420634,
        "dmean2": 0.0142225576565,
        "dvar": 0.000332810799591,
        "dvar2": 0.000309211056447,
        "max": 0.5498046875,
        "mean": 0.0710159987211,
        "median": 0.060546875,
        "min": 0.00341796875,
        "var": 0.00220371410251
    },
    "barkbands": {
        "dmean": [0.000155932168127, 0.00353750726208, 0.0010881976923, 0.00160994625185, 0.00213062390685, 0.000770683342125, 0.00110553670675, 0.00110079604201, 0.00154801248573, 0.00158515572548, 0.00102776172571, 0.000669635133818, 0.000500029826071, 0.000472488522064, 0.000246230425546, 0.000164167606272, 0.000145624697325, 0.000129394888063, 0.000110682012746, 8.76249905559e-05, 8.14297163743e-05, 9.12358227652e-05, 7.93535509729e-05, 8.05547024356e-05, 0.000114942420623, 4.5951197535e-05, 2.90704974759e-06],
        "dmean2": [0.000254097365541, 0.00592632591724, 0.00185401353519, 0.00278771249577, 0.00354315247387, 0.00125541060697, 0.00180631945841, 0.00179313169792, 0.00242251507007, 0.00252743158489, 0.00164420518558, 0.00105254142545, 0.000781961891335, 0.000744481745642, 0.000380718847737, 0.000252221390838, 0.000223125243792, 0.000199858026463, 0.000167896898347, 0.000134882051498, 0.000121984645375, 0.000139793177368, 0.000116958442959, 0.00011792127043, 0.000160149880685, 6.3560626586e-05, 4.06129856856e-06],
        "dvar": [1.85412574183e-07, 0.000101074234408, 8.81290452526e-06, 6.53892402624e-06, 9.20339789445e-06, 3.03929959955e-06, 5.56160648557e-06, 9.7582978924e-06, 1.37725801324e-05, 1.39809380926e-05, 7.08055722498e-06, 3.51357471118e-06, 1.37473330142e-06, 1.30818966682e-06, 3.82220036954e-07, 2.07350964843e-07, 8.60199236286e-08, 7.62025820222e-08, 3.20976596413e-08, 1.46736471862e-08, 1.45122820427e-08, 2.85002670353e-08, 2.86303318831e-08, 8.88068143468e-08, 2.92460640594e-07, 5.02876176256e-08, 1.39966996326e-10],
        "dvar2": [5.62396962778e-07, 0.000268404895905, 2.26316242333e-05, 1.76155590452e-05, 2.3846518161e-05, 7.97029770183e-06, 1.41760228871e-05, 2.49436216109e-05, 3.37643905368e-05, 3.51488197339e-05, 1.77623260242e-05, 8.99182123248e-06, 3.38378026754e-06, 3.35229287884e-06, 8.78822959294e-07, 4.61807644569e-07, 1.86260024293e-07, 1.75640806788e-07, 7.40847738712e-08, 3.42520607433e-08, 3.23906732547e-08, 6.4270111011e-08, 6.00080554136e-08, 2.15890864297e-07, 5.43793134966e-07, 9.78687211273e-08, 2.53460141764e-10],
        "max": [0.0153761468828, 0.282318651676, 0.0975822359324, 0.0266396645457, 0.0364781096578, 0.036380533129, 0.0436755642295, 0.0591618083417, 0.0679340362549, 0.0651768818498, 0.0422325208783, 0.037259336561, 0.0230476502329, 0.0194960590452, 0.0145747270435, 0.0120747461915, 0.007672813721, 0.00802296958864, 0.00467862933874, 0.00263776117936, 0.00467516062781, 0.00648435158655, 0.00579783786088, 0.0134955281392, 0.0161785967648, 0.0094446176663, 0.00045172922546],
        "mean": [0.000271812139545, 0.00503243831918, 0.00143656146247, 0.00172488740645, 0.00308693572879, 0.00110376649536, 0.00136370246764, 0.00136448489502, 0.00208133202977, 0.00229990668595, 0.00148321012966, 0.000978155410849, 0.000733607681468, 0.000702959136106, 0.000354630086804, 0.000260113622062, 0.000252610101597, 0.000252908095717, 0.000220147485379, 0.0001836730371, 0.000180995557457, 0.000197456320166, 0.000173592066858, 0.00016366125783, 0.00018938415451, 7.45683428249e-05, 4.33242348663e-06],
        "median": [0.000107569190732, 0.0026295594871, 0.000657727825455, 0.000759127608035, 0.00199498049915, 0.000443425233243, 0.000357245764462, 0.000177673820872, 0.000282623281237, 0.00027798654628, 0.000192797437194, 0.000152121589053, 0.000136476097396, 0.000112482885015, 0.000102465157397, 6.40541766188e-05, 8.92917450983e-05, 9.22459148569e-05, 0.000114085050882, 0.000130966480356, 0.000125790087623, 0.000130238302518, 0.00010036736785, 6.99810261722e-05, 2.74149588222e-05, 1.01981822809e-05, 6.23441223979e-07],
        "min": [3.83359775882e-24, 4.40576701419e-23, 3.06911383886e-23, 5.12999638767e-24, 2.30164131936e-23, 1.57897799255e-23, 7.79675535058e-23, 6.77174609349e-23, 7.93395782575e-23, 8.10967817011e-23, 9.19681117013e-23, 5.96842757668e-23, 6.18315488399e-23, 1.57190923086e-22, 1.60100115886e-22, 1.6345993128e-22, 2.13369355839e-22, 1.46301739586e-22, 2.69265944369e-22, 3.47164532499e-22, 3.81135180241e-22, 4.59154760701e-22, 8.65161046587e-22, 8.29539218307e-22, 1.18378077976e-21, 1.92849950259e-21, 2.49144558874e-21],
        "var": [2.51621230518e-07, 0.000105169914605, 1.22037745314e-05, 6.54397626931e-06, 1.32732457132e-05, 5.03082674186e-06, 7.7087106547e-06, 1.45549483932e-05, 2.22373528231e-05, 2.7060177672e-05, 1.30261196318e-05, 6.12719804849e-06, 2.39211112785e-06, 2.6163372695e-06, 6.21889114427e-07, 4.45844761998e-07, 2.22950305329e-07, 2.5002279358e-07, 9.65058291058e-08, 3.73033834933e-08, 3.92011934025e-08, 7.1543588831e-08, 6.71989539569e-08, 1.79541800094e-07, 7.54234918077e-07, 1.31183682583e-07, 3.72509273427e-10]
    },
    "erbbands": {
        "dmean": [0.104545377195, 0.809956669807, 1.28518164158, 3.05595254898, 8.03367042542, 6.85606813431, 5.28427314758, 6.43301296234, 12.9930477142, 19.7935600281, 25.5440216064, 32.0346450806, 56.6815986633, 38.6984367371, 30.9551944733, 27.4657993317, 21.1543598175, 24.4282112122, 14.2602844238, 10.82097435, 8.30895805359, 7.49561405182, 7.09417629242, 6.06789493561, 4.81006336212, 4.13523435593, 3.46733379364, 3.15342259407, 3.11196756363, 3.32391619682, 2.14444208145, 1.4682302475, 1.55930614471, 1.39165306091, 0.768346786499, 0.290428489447, 0.0593064129353, 0.00844677910209, 0.000492195715196, 2.28356711887e-05],
        "dmean2": [0.177861779928, 1.3522247076, 2.22432732582, 5.22402381897, 13.5840559006, 11.3310928345, 8.76710700989, 10.4024496078, 21.0030174255, 32.5243873596, 41.1273422241, 50.3952178955, 90.1312026978, 61.036945343, 47.99842453, 42.9252166748, 32.6390457153, 38.1497077942, 21.9214000702, 16.4350757599, 12.4977455139, 11.2886819839, 10.8189878464, 9.24016094208, 7.31757164001, 6.37235069275, 5.23562335968, 4.74439954758, 4.7482714653, 5.08076620102, 3.17125535011, 2.18187022209, 2.2630853653, 1.99999511242, 1.04786384106, 0.401383250952, 0.0828531607985, 0.0117543926463, 0.000648761400953, 3.11973089993e-05],
        "dvar": [0.0795162990689, 5.66645240784, 15.5307369232, 23.8758163452, 160.028640747, 115.070167542, 135.186660767, 257.93170166, 852.464660645, 2512.32177734, 4610.0390625, 6699.61230469, 17451.2109375, 8897.65039062, 7727.53710938, 7093.28076172, 2350.29760742, 3474.98925781, 1263.90649414, 732.458679199, 470.195251465, 228.961029053, 226.754364014, 125.889266968, 51.1400871277, 35.9856300354, 26.2414684296, 25.7599849701, 34.3275527954, 42.2456169128, 20.7935600281, 13.2829360962, 47.5116539001, 40.462146759, 14.609167099, 1.81624817848, 0.137400254607, 0.00119356752839, 4.656454621e-06, 4.89726081909e-09],
        "dvar2": [0.199874684215, 15.5790786743, 43.9842414856, 63.081817627, 419.478179932, 289.681335449, 355.116577148, 663.279846191, 2169.21728516, 6499.97314453, 11623.53125, 16717.1171875, 43853.4257812, 22658.1035156, 18626.9726562, 18617.3300781, 5654.31933594, 9012.85058594, 2975.2253418, 1628.56945801, 1044.05541992, 480.893707275, 521.903564453, 294.10848999, 116.929039001, 84.8080444336, 59.0729064941, 55.3423500061, 78.1337051392, 93.2809906006, 43.6255455017, 28.8182983398, 115.652435303, 79.8928909302, 27.1157054901, 3.49960708618, 0.284396559, 0.00190833583474, 7.06215359969e-06, 7.6829245188e-09],
        "max": [9.42003536224, 75.1722640991, 149.806915283, 91.2058334351, 121.488731384, 174.348724365, 384.291473389, 326.234741211, 630.41192627, 878.897766113, 1654.14733887, 1944.74230957, 2252.63916016, 1786.42407227, 2100.234375, 1910.5982666, 883.401489258, 1147.47900391, 968.608703613, 809.964660645, 554.724121094, 357.319030762, 441.41619873, 299.702697754, 176.372436523, 122.537261963, 115.15990448, 248.393783569, 224.005355835, 170.507904053, 132.538650513, 124.525680542, 312.51751709, 213.013717651, 105.954521179, 41.1742744446, 19.8616485596, 1.72918605804, 0.0811400935054, 0.00319370930083],
        "mean": [0.137203276157, 1.13092672825, 1.86320996284, 3.79809379578, 9.17154884338, 10.6244707108, 8.04007148743, 9.01441383362, 16.7039470673, 24.5866222382, 33.4287948608, 44.2946090698, 82.2528152466, 60.1087989807, 47.4175834656, 42.4567718506, 34.6256790161, 39.5789794922, 22.1310424805, 17.1770057678, 14.8237056732, 13.9648017883, 14.2641448975, 12.5716152191, 9.97303199768, 8.74674224854, 7.84779596329, 6.67153406143, 6.80468845367, 6.86913919449, 4.62560796738, 3.09230875969, 2.83999586105, 2.32633471489, 1.26478028297, 0.466825723648, 0.0990634560585, 0.0137158036232, 0.00082489621127, 5.71435994061e-05],
        "median": [0.0669030696154, 0.583546042442, 1.04671359062, 2.00119519234, 4.73358726501, 6.46667194366, 4.42057561874, 3.13404512405, 4.90750026703, 5.33639907837, 5.72001075745, 6.90635919571, 9.8461894989, 10.1811208725, 7.49146270752, 6.72333908081, 6.89446210861, 6.85154914856, 6.09279632568, 5.16117954254, 4.3331193924, 5.03153610229, 5.22068071365, 5.70705747604, 6.01936817169, 6.40603256226, 5.13214635849, 4.88991546631, 4.58332967758, 4.15952968597, 2.60979700089, 1.58320188522, 0.964752793312, 0.453541100025, 0.148840308189, 0.0596688166261, 0.0126009900123, 0.00236863363534, 0.00011700730829, 3.47562963725e-05],
        "min": [2.30048399731e-21, 6.77080370132e-21, 3.17252845482e-20, 2.52861875427e-20, 3.79996692143e-20, 8.33833083383e-20, 6.91533137982e-20, 1.54394450405e-19, 8.22871466851e-19, 1.34838173985e-18, 1.89538697315e-18, 1.8642984238e-18, 2.28530171593e-18, 2.04198839991e-18, 4.48017646089e-18, 2.31350030301e-18, 3.28265695513e-18, 7.39666144516e-18, 6.93863582356e-18, 9.91215491106e-18, 9.76373306657e-18, 1.22423615741e-17, 8.29279831512e-18, 1.2207806104e-17, 1.53891559748e-17, 1.61094648522e-17, 1.41573152979e-17, 1.53408635163e-17, 1.71457120559e-17, 2.36024539612e-17, 2.04663756854e-17, 2.37164493758e-17, 1.12742641268e-17, 1.45101872384e-17, 7.3923716865e-18, 5.48430961803e-18, 3.98754987426e-18, 2.05038283556e-18, 2.95731312004e-19, 3.00375291371e-20],
        "var": [0.0951484814286, 5.41591739655, 17.5253696442, 27.4903621674, 164.781860352, 204.959442139, 199.237762451, 430.80581665, 1190.24145508, 3255.00805664, 7066.40087891, 10359.53125, 33200.546875, 17202.0800781, 14432.1230469, 12409.7265625, 4778.19482422, 7874.65332031, 2033.78186035, 1349.65270996, 1253.46618652, 659.424987793, 780.471496582, 444.795532227, 138.697982788, 86.674079895, 83.9552001953, 56.2293777466, 84.9182281494, 99.3799743652, 48.6953468323, 34.7763366699, 87.3699569702, 95.8828659058, 37.631816864, 4.74532604218, 0.328334987164, 0.00410554930568, 1.57254289661e-05, 1.81872152893e-08]
    },
    "gfcc": {
        "mean": [3.67946267128, 72.9679794312, -115.16885376, 33.2676315308, -67.2836227417, 23.4296379089, -32.8928489685, 8.50241565704, -25.6263275146, 0.405513882637, -18.1475715637, 0.0705025866628, -11.7319698334],
        "cov": [[5394.03613281, 498.54309082, 927.157348633, 557.985107422, 183.149353027, 124.461181641, 37.2622795105, 38.9913787842, 1.2578856945, 104.077598572, 107.342956543, 92.4930267334, -83.7847518921], [498.54309082, 862.174133301, 145.479537964, 317.675262451, 181.55581665, 137.252243042, 265.24987793, -12.2691888809, 38.6238670349, -36.601776123, 84.2572021484, -27.6430339813, 39.7318153381], [927.157348633, 145.479537964, 1380.88195801, 835.102661133, 311.415618896, 168.703414917, 7.25940990448, 12.724442482, 15.925778389, 125.475502014, 84.174697876, 90.5837478638, 63.9463691711], [557.985107422, 317.675262451, 835.102661133, 958.38671875, 312.013671875, 46.7096443176, -14.2432117462, -17.2251548767, 100.40020752, 72.1184921265, 73.6070785522, 73.9339141846, 68.4002838135], [183.149353027, 181.55581665, 311.415618896, 312.013671875, 294.138580322, 130.360687256, 79.803817749, 39.3717193604, 55.3005371094, 34.6755332947, 17.6497592926, 5.13607692719, 22.9050655365], [124.461181641, 137.252243042, 168.703414917, 46.7096443176, 130.360687256, 266.315917969, 195.423873901, 49.7703704834, -16.2942771912, 11.6648464203, 30.381269455, -21.6385326385, 21.8493385315], [37.2622795105, 265.24987793, 7.25940990448, -14.2432117462, 79.803817749, 195.423873901, 306.497375488, 65.3449020386, -16.4378643036, -30.4628639221, 30.3943214417, -24.6889133453, 12.7787942886], [38.9913787842, -12.2691888809, 12.724442482, -17.2251548767, 39.3717193604, 49.7703704834, 65.3449020386, 130.180145264, 58.8577194214, 8.65685558319, -5.84420681, -6.97211885452, 3.08093428612], [1.2578856945, 38.6238670349, 15.925778389, 100.40020752, 55.3005371094, -16.2942771912, -16.4378643036, 58.8577194214, 140.734848022, 35.8110046387, 1.16246676445, 4.07623815536, 0.249378100038], [104.077598572, -36.601776123, 125.475502014, 72.1184921265, 34.6755332947, 11.6648464203, -30.4628639221, 8.65685558319, 35.8110046387, 93.5403213501, 31.4800262451, 10.7382707596, -7.06250762939], [107.342956543, 84.2572021484, 84.174697876, 73.6070785522, 17.6497592926, 30.381269455, 30.3943214417, -5.84420681, 1.16246676445, 31.4800262451, 90.1041793823, 36.6652183533, 9.26772403717], [92.4930267334, -27.6430339813, 90.5837478638, 73.9339141846, 5.13607692719, -21.6385326385, -24.6889133453, -6.97211885452, 4.07623815536, 10.7382707596, 36.6652183533, 87.1436309814, 23.9794139862], [-83.7847518921, 39.7318153381, 63.9463691711, 68.4002838135, 22.9050655365, 21.8493385315, 12.7787942886, 3.08093428612, 0.249378100038, -7.06250762939, 9.26772403717, 23.9794139862, 70.7808685303]],
        "icov": [[0.00025889617973, -0.000316954072332, -0.000147935177665, -5.5491996136e-06, 0.000162799638929, -0.000212038663449, 0.000321307627019, -0.000363452534657, 0.00026063126279, -0.000168560349266, 0.000223536451813, -0.000499708519783, 0.000716261391062], [-0.000316954072332, 0.00318018440157, 0.000238038599491, -0.000633301155176, -0.00104708212893, 0.00138780928683, -0.00316851842217, 0.00241630361415, -0.00180935836397, 0.00195982703008, -0.00301212677732, 0.00293878279626, -0.00178537261672], [-0.000147935177665, 0.000238038599491, 0.00235028541647, -0.00203280663118, 3.45091684721e-05, -0.00134199962486, 0.000516218307894, -0.000932629045565, 0.00186159950681, -0.00173016416375, 0.000558758154511, -0.000834610080346, -8.6753629148e-05], [-5.5491996136e-06, -0.000633301155176, -0.00203280663118, 0.00406015105546, -0.00226031360216, 0.0016867100494, 7.75660882937e-05, 0.0016504090745, -0.00233176816255, 0.00099468161352, -0.0010309839854, -2.54741844401e-05, -0.00136212410871], [0.000162799638929, -0.00104708212893, 3.45091684721e-05, -0.00226031360216, 0.00808438844979, -0.00410109385848, 0.000952217145823, -0.00136950658634, -0.000708793813828, -0.00138027127832, 0.00288736657239, -0.0013596622739, 0.00141844875179], [-0.000212038663449, 0.00138780928683, -0.00134199962486, 0.0016867100494, -0.00410109385848, 0.0116503983736, -0.00687300367281, 0.000778386776801, 0.000550678523723, -0.000944064231589, -0.00294082378969, 0.00421046232805, -0.00364735303447], [0.000321307627019, -0.00316851842217, 0.000516218307894, 7.75660882937e-05, 0.000952217145823, -0.00687300367281, 0.0112832253799, -0.00526668131351, 0.00272051384673, 0.00170835456811, -8.88670620043e-05, -0.00190839800052, 0.00244230986573], [-0.000363452534657, 0.00241630361415, -0.000932629045565, 0.0016504090745, -0.00136950658634, 0.000778386776801, -0.00526668131351, 0.0149113740772, -0.00841748341918, 0.001652075327, -0.000488500343636, 0.00174319231883, -0.00236632232554], [0.00026063126279, -0.00180935836397, 0.00186159950681, -0.00233176816255, -0.000708793813828, 0.000550678523723, 0.00272051384673, -0.00841748341918, 0.0148040307686, -0.00604246370494, 0.00261301849969, -0.00199398258701, 0.00150859938003], [-0.000168560349266, 0.00195982703008, -0.00173016416375, 0.00099468161352, -0.00138027127832, -0.000944064231589, 0.00170835456811, 0.001652075327, -0.00604246370494, 0.0192772261798, -0.0089309848845, 0.00344050815329, 0.00160853669513], [0.000223536451813, -0.00301212677732, 0.000558758154511, -0.0010309839854, 0.00288736657239, -0.00294082378969, -8.88670620043e-05, -0.000488500343636, 0.00261301849969, -0.0089309848845, 0.0215508062392, -0.010592116043, 0.00232399906963], [-0.000499708519783, 0.00293878279626, -0.000834610080346, -2.54741844401e-05, -0.0013596622739, 0.00421046232805, -0.00190839800052, 0.00174319231883, -0.00199398258701, 0.00344050815329, -0.010592116043, 0.0206935852766, -0.00732703739777], [0.000716261391062, -0.00178537261672, -8.6753629148e-05, -0.00136212410871, 0.00141844875179, -0.00364735303447, 0.00244230986573, -0.00236632232554, 0.00150859938003, 0.00160853669513, 0.00232399906963, -0.00732703739777, 0.0200349669904]]
    },
    "melbands": {
        "dmean": [0.00095890375087, 0.000773245294113, 0.000684214232024, 0.000525986019056, 0.00019881647313, 0.000151166896103, 0.000207778954064, 0.000222195943934, 0.000218536370085, 0.000216474378249, 0.000286569498712, 0.000158716546139, 0.000120879063616, 7.65467048041e-05, 6.23253436061e-05, 4.92647850479e-05, 4.89766352985e-05, 2.58262480202e-05, 1.88912417798e-05, 1.30057687784e-05, 1.0229910913e-05, 8.88986778591e-06, 7.19730269338e-06, 6.31016973784e-06, 5.32632748218e-06, 4.20080368713e-06, 3.46746924151e-06, 2.84031125375e-06, 2.50707535088e-06, 1.87633168025e-06, 1.95099801203e-06, 1.84106886536e-06, 2.01791522159e-06, 1.91598451238e-06, 1.41081227412e-06, 1.03767774817e-06, 9.30638123009e-07, 1.02168746707e-06, 1.46898355524e-06, 1.20156664707e-06],
        "dmean2": [0.00160636822693, 0.00132068048697, 0.00115837354679, 0.000876861508004, 0.00032928228029, 0.000244470284088, 0.00033647834789, 0.00036248457036, 0.000352209433913, 0.000338813872077, 0.000456486275652, 0.000251352466876, 0.000189407437574, 0.000120340526337, 9.82263518381e-05, 7.76281522121e-05, 7.7448275988e-05, 4.04543752666e-05, 2.94408637274e-05, 1.99883543246e-05, 1.56403675646e-05, 1.35799164127e-05, 1.12062207336e-05, 9.72347061179e-06, 8.28900010674e-06, 6.45202680971e-06, 5.40957807971e-06, 4.43444560005e-06, 3.83343331123e-06, 2.89483091365e-06, 2.9821417229e-06, 2.86777003566e-06, 3.14109684041e-06, 2.96449252346e-06, 2.14731198867e-06, 1.57659235356e-06, 1.40709914831e-06, 1.53661449076e-06, 2.23322831516e-06, 1.72308341462e-06],
        "dvar": [7.085789548e-06, 5.53980498808e-06, 1.09479310595e-06, 5.71908401525e-07, 1.42331870734e-07, 1.29746055677e-07, 1.96558019638e-07, 3.27207942519e-07, 3.09184855496e-07, 3.06345185663e-07, 4.42398828682e-07, 1.5272880205e-07, 1.01901278526e-07, 4.85765419e-08, 2.63631392272e-08, 1.30602257897e-08, 1.55210067021e-08, 4.69627448041e-09, 2.5005495452e-09, 1.41146794252e-09, 6.95163038245e-10, 3.74222708377e-10, 2.31682159568e-10, 2.14237391716e-10, 1.05060196653e-10, 4.96315037679e-11, 2.43046936743e-11, 1.79409560125e-11, 1.44732559271e-11, 9.53099751899e-12, 9.36978793165e-12, 1.2848081106e-11, 1.39284686215e-11, 1.49173867703e-11, 8.89629168943e-12, 5.40585328238e-12, 6.17551973101e-12, 2.29360992005e-11, 2.85188678228e-11, 4.29901149401e-11],
        "dvar2": [1.81878240255e-05, 1.60390609381e-05, 2.85998271465e-06, 1.47833770825e-06, 3.72462153564e-07, 3.35191600698e-07, 5.01755664573e-07, 8.47578007779e-07, 7.80497430242e-07, 7.58530632083e-07, 1.1109704019e-06, 3.87111072087e-07, 2.47606607218e-07, 1.23396532103e-07, 6.73730298217e-08, 3.1535140721e-08, 4.08281586317e-08, 1.13935492152e-08, 5.84147130667e-09, 3.11778602935e-09, 1.56160850917e-09, 7.88534848528e-10, 5.49706946629e-10, 4.65454258469e-10, 2.54315263293e-10, 1.16026271924e-10, 5.8291468874e-11, 4.21185239463e-11, 3.27595450766e-11, 2.23730721449e-11, 2.04974336115e-11, 3.03083669273e-11, 3.22538766528e-11, 3.28021255991e-11, 1.90994737387e-11, 1.23322246512e-11, 1.40042370061e-11, 5.90183388272e-11, 6.34109501019e-11, 9.05501229553e-11],
        "max": [0.0707226842642, 0.0878099948168, 0.0139246881008, 0.00918326992542, 0.010652564466, 0.0065793399699, 0.00901912152767, 0.0112705035135, 0.0130452821031, 0.0128515791148, 0.0114693529904, 0.00713009154424, 0.00644596898928, 0.00462560774758, 0.00324220163748, 0.00250741397031, 0.00258187553845, 0.00188412831631, 0.0011631884845, 0.00115248130169, 0.000739304698072, 0.000487017940031, 0.000467779260362, 0.000485025462694, 0.000303137901938, 0.000209502162761, 8.78946011653e-05, 0.000105845385406, 8.96735800779e-05, 0.000130255095428, 0.000127931692987, 0.000145111713209, 9.88725441857e-05, 0.000114928625408, 7.8725774074e-05, 6.49632202112e-05, 8.56112455949e-05, 0.000216072949115, 0.000184702526894, 0.000236964988289],
        "mean": [0.00134874542709, 0.00120402709581, 0.000838639563881, 0.000741944473702, 0.00031322389259, 0.000212401500903, 0.000266040267888, 0.000275282451184, 0.000280579552054, 0.0002924890141, 0.000409737316659, 0.000238185210037, 0.000178226997377, 0.000112141569844, 9.22144463402e-05, 7.37411828595e-05, 7.49436585465e-05, 3.62558894267e-05, 2.70814234682e-05, 1.93979867618e-05, 1.68515598489e-05, 1.47913024193e-05, 1.32526292873e-05, 1.17275758384e-05, 1.0128289432e-05, 7.86978398537e-06, 6.59386842017e-06, 5.48032858205e-06, 5.21386573382e-06, 3.7954760046e-06, 3.85710745832e-06, 3.74480237042e-06, 3.97363191951e-06, 3.72070780941e-06, 2.79962227978e-06, 2.06726599572e-06, 1.79819699042e-06, 1.79098981334e-06, 2.34586582337e-06, 1.86938370916e-06],
        "median": [0.000691935420036, 0.000702405755874, 0.000439335301053, 0.000473304797197, 0.000186947043403, 7.41167896194e-05, 7.50877516111e-05, 4.87132783746e-05, 4.0670420276e-05, 4.10873944929e-05, 4.68622747576e-05, 3.8533940824e-05, 2.53302750934e-05, 1.69893355633e-05, 1.41326727316e-05, 1.4086775991e-05, 1.11717135951e-05, 8.38229061628e-06, 7.61710225561e-06, 5.03076262248e-06, 4.72128431284e-06, 5.21224274053e-06, 4.47473667009e-06, 4.34068351751e-06, 4.44785746367e-06, 4.1464181777e-06, 4.34463072452e-06, 3.71323108084e-06, 3.16549176205e-06, 2.61847299043e-06, 2.75495631286e-06, 2.46952595262e-06, 2.411310561e-06, 2.13589601117e-06, 1.50587015924e-06, 1.14787360417e-06, 8.4276666712e-07, 5.97691041548e-07, 5.44651697965e-07, 2.74250851362e-07],
        "min": [1.56358763183e-23, 1.27391498865e-23, 4.4608656352e-24, 4.72071128978e-24, 2.71925442183e-24, 4.14334083781e-24, 1.32959287023e-23, 1.33788663824e-23, 1.65044595066e-23, 1.11835950675e-23, 1.15164123279e-23, 7.93139213454e-24, 1.50698007768e-23, 7.56379557449e-24, 7.16400007886e-24, 6.90762738441e-24, 1.47328135976e-23, 1.01642976367e-23, 1.35009173639e-23, 1.12809523361e-23, 1.14524885622e-23, 1.43506041781e-23, 7.06394332822e-24, 6.73117576599e-24, 1.04869567352e-23, 9.57828205802e-24, 1.19655581729e-23, 1.02674175342e-23, 8.8449230395e-24, 1.04019104299e-23, 7.75667364353e-24, 1.00172050545e-23, 8.9322381088e-24, 1.5377727898e-23, 1.10137596255e-23, 1.48862265332e-23, 1.35653531004e-23, 7.8762097365e-24, 7.72888049612e-24, 1.42339852928e-23],
        "var": [7.99926601758e-06, 5.89188903177e-06, 1.25011456475e-06, 8.0349872178e-07, 2.16498364125e-07, 2.21369035103e-07, 2.7790247259e-07, 4.42021928393e-07, 4.70845463951e-07, 4.77580726965e-07, 8.40173129291e-07, 2.86065812816e-07, 1.92967604562e-07, 8.53371631138e-08, 4.74990180521e-08, 2.4080806682e-08, 3.37695524877e-08, 6.7890666422e-09, 3.92922494541e-09, 2.38514696882e-09, 1.85366333394e-09, 8.76418992934e-10, 6.56166343482e-10, 6.30670238255e-10, 3.16801640476e-10, 1.18954152084e-10, 5.49479801937e-11, 4.02593167137e-11, 4.48455543534e-11, 2.02199784693e-11, 1.99501058035e-11, 2.72233294935e-11, 3.43719948337e-11, 3.25457612249e-11, 1.92476416749e-11, 1.12725289172e-11, 1.48928629845e-11, 3.81325873655e-11, 5.86316689644e-11, 8.48846479218e-11]
    },
    "mfcc": {
        "mean": [-636.99621582, 100.558914185, 7.7087893486, 14.5249881744, -4.61554670334, 9.94162654877, 2.23126626015, 7.70992136002, -0.953867077827, 2.36846351624, -1.06822180748, -3.50102734566, -4.0010433197],
        "cov": [[4599.59082031, 353.070404053, 519.390686035, 418.071533203, 164.671936035, 143.164306641, 102.986824036, 77.2623291016, -83.2653808594, 1.75930213928, 106.691085815, 65.2062149048, 40.5748748779], [353.070404053, 559.112731934, -26.2035732269, 12.0938301086, -61.3875083923, 123.881874084, 190.279510498, 113.408981323, 35.5094871521, 56.5823059082, 39.8226737976, 16.8016395569, -29.5790290833], [519.390686035, -26.2035732269, 1044.08642578, 624.477478027, 386.819488525, 258.170623779, 157.180984497, 5.39407539368, 50.492816925, -28.8676338196, 9.11895179749, 100.523544312, 106.846885681], [418.071533203, 12.0938301086, 624.477478027, 818.559875488, 409.208312988, 205.249343872, 2.77363848686, 16.692035675, 51.1449699402, -18.0497531891, -18.5291099548, 88.4664001465, 125.933815002], [164.671936035, -61.3875083923, 386.819488525, 409.208312988, 393.730102539, 139.932907104, -5.87334012985, -4.87923431396, 64.4086456299, 25.1652545929, 0.56074410677, 51.4035415649, 81.673324585], [143.164306641, 123.881874084, 258.170623779, 205.249343872, 139.932907104, 252.823959351, 170.391799927, 59.1259002686, 42.2862319946, 34.387802124, 22.8864059448, 32.7780647278, 15.4791212082], [102.986824036, 190.279510498, 157.180984497, 2.77363848686, -5.87334012985, 170.391799927, 314.935760498, 112.257019043, 46.7656745911, 35.6564598083, 34.9639091492, 16.5292797089, -20.384885788], [77.2623291016, 113.408981323, 5.39407539368, 16.692035675, -4.87923431396, 59.1259002686, 112.257019043, 161.519439697, 64.6055374146, 44.8231811523, 21.1139087677, 2.57881355286, -0.217971459031], [-83.2653808594, 35.5094871521, 50.492816925, 51.1449699402, 64.4086456299, 42.2862319946, 46.7656745911, 64.6055374146, 127.149139404, 67.3731079102, 14.9931097031, 5.23321533203, 1.96476066113], [1.75930213928, 56.5823059082, -28.8676338196, -18.0497531891, 25.1652545929, 34.387802124, 35.6564598083, 44.8231811523, 67.3731079102, 120.676239014, 45.962802887, 3.91961574554, -11.5216312408], [106.691085815, 39.8226737976, 9.11895179749, -18.5291099548, 0.56074410677, 22.8864059448, 34.9639091492, 21.1139087677, 14.9931097031, 45.962802887, 82.1366500854, 29.6661911011, 1.98906540871], [65.2062149048, 16.8016395569, 100.523544312, 88.4664001465, 51.4035415649, 32.7780647278, 16.5292797089, 2.57881355286, 5.23321533203, 3.91961574554, 29.6661911011, 87.9493103027, 52.317741394], [40.5748748779, -29.5790290833, 106.846885681, 125.933815002, 81.673324585, 15.4791212082, -20.384885788, -0.217971459031, 1.96476066113, -11.5216312408, 1.98906540871, 52.317741394, 99.3528137207]],
