{
"lowlevel": {
    "average_loudness": 0.777857661247,
    "barkbands_crest": {
        "dmean": 2.68026614189,
        "dmean2": 4.38925886154,
        "dvar": 5.92564249039,
        "dvar2": 15.3172416687,
        "max": 26.1267700195,
        "mean": 10.4170713425,
        "median": 9.6451625824,
        "min": 2.86570096016,
        "var": 16.656419754
    },
    "barkbands_flatness_db": {
        "dmean": 0.0206767637283,
        "dmean2": 0.0312374010682,
        "dvar": 0.000415812421124,
        "dvar2": 0.0009318368393,
        "max": 0.401327550411,
        "mean": 0.138572439551,
        "median": 0.133654981852,
        "min": 0.0277943033725,
        "var": 0.00240531680174
    },
    "barkbands_kurtosis": {
        "dmean": 2.70522022247,
        "dmean2": 4.33212375641,
        "dvar": 38.0649223328,
        "dvar2": 93.8957672119,
        "max": 209.674423218,
        "mean": 4.48166704178,
        "median": 2.65607953072,
        "min": -1.88905906677,
        "var": 65.7338638306
    },
    "barkbands_skewness": {
        "dmean": 0.491212040186,
        "dmean2": 0.768010497093,
        "dvar": 0.329979807138,
        "dvar2": 0.793275296688,
        "max": 13.526892662,
        "mean": 1.55952334404,
        "median": 1.45483851433,
        "min": -2.22966885567,
        "var": 1.10496366024
    },
    "barkbands_spread": {
        "dmean": 4.61494874954,
        "dmean2": 6.96003246307,
        "dvar": 41.665222168,
        "dvar2": 86.5656738281,
        "max": 94.0666046143,
        "mean": 18.6554603577,
        "median": 16.2032661438,
        "min": 0.670458316803,
        "var": 142.836105347
    },
    "dissonance": {
        "dmean": 0.0223202500492,
        "dmean2": 0.0373625159264,
        "dvar": 0.00044120955863,
        "dvar2": 0.00119722471572,
        "max": 0.500000119209,
        "mean": 0.454163730145,
        "median": 0.461082041264,
        "min": 0.288252264261,
        "var": 0.00106674002018
    },
    "dynamic_complexity": 3.06508302689,
    "erbbands_crest": {
        "dmean": 2.67066669464,
        "dmean2": 4.28445959091,
        "dvar": 6.22807979584,
        "dvar2": 15.1514387131,
        "max": 30.4997711182,
        "mean": 10.1988868713,
        "median": 9.09268951416,
        "min": 2.36371445656,
        "var": 23.8735427856
    },
    "erbbands_flatness_db": {
        "dmean": 0.0165791884065,
        "dmean2": 0.0243609715253,
        "dvar": 0.000254848710028,
        "dvar2": 0.000506801472511,
        "max": 0.407375454903,
        "mean": 0.163437590003,
        "median": 0.160836815834,
        "min": 0.0461320690811,
        "var": 0.00234652799554
    },
    "erbbands_kurtosis": {
        "dmean": 1.08663761616,
        "dmean2": 1.70168077946,
        "dvar": 2.34145665169,
        "dvar2": 5.53004741669,
        "max": 34.0463027954,
        "mean": 1.39124286175,
        "median": 0.464539766312,
        "min": -1.78119540215,
        "var": 8.75876808167
    },
    "erbbands_skewness": {
        "dmean": 0.359151512384,
        "dmean2": 0.550601482391,
        "dvar": 0.126189336181,
        "dvar2": 0.284097909927,
        "max": 4.74999427795,
        "mean": 0.697809100151,
        "median": 0.649771571159,
        "min": -3.18703341484,
        "var": 0.748581051826
    },
    "erbbands_spread": {
        "dmean": 6.68242359161,
        "dmean2": 10.2318563461,
        "dvar": 67.3093109131,
        "dvar2": 153.153045654,
        "max": 147.760131836,
        "mean": 32.1590690613,
        "median": 29.184677124,
        "min": 4.0016169548,
        "var": 281.558410645
    },
    "hfc": {
        "dmean": 5.43794822693,
        "dmean2": 7.7497587204,
        "dvar": 71.7961502075,
        "dvar2": 143.349609375,
        "max": 180.770751953,
        "mean": 17.6093254089,
        "median": 12.2618465424,
        "min": 1.14157449333e-16,
        "var": 274.230895996
    },
    "melbands_crest": {
        "dmean": 3.39818143845,
        "dmean2": 5.41855478287,
        "dvar": 9.17333698273,
        "dvar2": 23.5350112915,
        "max": 33.4259414673,
        "mean": 14.4027099609,
        "median": 13.3706502914,
        "min": 1.8559037447,
        "var": 31.2972564697
    },
    "melbands_flatness_db": {
        "dmean": 0.0242229457945,
        "dmean2": 0.0369705632329,
        "dvar": 0.000592785130721,
        "dvar2": 0.00136174832005,
        "max": 0.523454487324,
        "mean": 0.210368841887,
        "median": 0.205887004733,
        "min": 0.00523759424686,
        "var": 0.00329764396884
    },
    "melbands_kurtosis": {
        "dmean": 5.47378635406,
        "dmean2": 8.84407234192,
        "dvar": 121.858383179,
        "dvar2": 314.126312256,
        "max": 327.827148438,
        "mean": 10.5966615677,
        "median": 6.68724536896,
        "min": -1.73324966431,
        "var": 216.304275513
    },
    "melbands_skewness": {
        "dmean": 0.637829482555,
        "dmean2": 1.00705683231,
        "dvar": 0.522636950016,
        "dvar2": 1.30074059963,
        "max": 14.4583358765,
        "mean": 2.27893686295,
        "median": 2.07139873505,
        "min": -0.608265459538,
        "var": 1.93563127518
    },
    "melbands_spread": {
        "dmean": 5.55426645279,
        "dmean2": 8.57100772858,
        "dvar": 86.7866897583,
        "dvar2": 183.330932617,
        "max": 216.374435425,
        "mean": 19.9367237091,
        "median": 16.6521949768,
        "min": 0.57688754797,
        "var": 236.893844604
    },
    "pitch_salience": {
        "dmean": 0.0691875070333,
        "dmean2": 0.111110702157,
        "dvar": 0.0038148178719,
        "dvar2": 0.00971170701087,
        "max": 0.867365598679,
        "mean": 0.557790100574,
        "median": 0.560396373272,
        "min": 0.0832943469286,
        "var": 0.0152383111417
    },
    "silence_rate_20dB": {
        "dmean": 0,
        "dmean2": 0,
        "dvar": 0,
        "dvar2": 0,
        "max": 1,
        "mean": 1,
        "median": 1,
        "min": 1,
        "var": 0
    },
    "silence_rate_30dB": {
        "dmean": 0.00446271291003,
        "dmean2": 0.00892647448927,
        "dvar": 0.00444232672453,
        "dvar2": 0.0114297289401,
        "max": 1,
        "mean": 0.995302975178,
        "median": 1,
        "min": 0,
        "var": 0.00467577343807
    },
    "silence_rate_60dB": {
        "dmean": 0.0124486200511,
        "dmean2": 0.0249001644552,
        "dvar": 0.012293738313,
        "dvar2": 0.0282751582563,
        "max": 1,
        "mean": 0.0393377169967,
        "median": 0,
        "min": 0,
        "var": 0.0377891175449
    },
    "spectral_centroid": {
        "dmean": 197.794586182,
        "dmean2": 298.594177246,
        "dvar": 79241.3203125,
        "dvar2": 154947.15625,
        "max": 10689.3027344,
        "mean": 1154.42053223,
        "median": 1057.18286133,
        "min": 145.175003052,
        "var": 304163.3125
    },
    "spectral_complexity": {
        "dmean": 3.25355243683,
        "dmean2": 4.98285198212,
        "dvar": 14.8750677109,
        "dvar2": 31.3078231812,
        "max": 55,
        "mean": 16.353099823,
        "median": 16,
        "min": 0,
        "var": 56.4229736328
    },
    "spectral_decrease": {
        "dmean": 2.2581045922e-09,
        "dmean2": 3.52764462086e-09,
        "dvar": 1.4393687121e-17,
        "dvar2": 3.63085900622e-17,
        "max": -3.31410865101e-29,
        "mean": -6.46078834876e-09,
        "median": -5.29188648457e-09,
        "min": -1.28402987798e-07,
        "var": 2.77462781055e-17
    },
    "spectral_energy": {
        "dmean": 0.00889988988638,
        "dmean2": 0.0138418059796,
        "dvar": 0.000216049244045,
        "dvar2": 0.000540739798453,
        "max": 0.48886680603,
        "mean": 0.0259818155318,
        "median": 0.0211672410369,
        "min": 1.04795043284e-20,
        "var": 0.000436189962784
    },
    "spectral_energyband_high": {
        "dmean": 0.000270032702247,
        "dmean2": 0.000392806192394,
        "dvar": 5.34991158929e-07,
        "dvar2": 1.09270604298e-06,
        "max": 0.0227755513042,
        "mean": 0.0005295558949,
        "median": 0.000220382324187,
        "min": 7.49962656136e-21,
        "var": 1.16300770969e-06
    },
    "spectral_energyband_low": {
        "dmean": 0.00459495279938,
        "dmean2": 0.00751306442544,
        "dvar": 0.000141671611345,
        "dvar2": 0.000384317128919,
        "max": 0.480246007442,
        "mean": 0.00848877616227,
        "median": 0.00498107774183,
        "min": 6.66982463344e-23,
        "var": 0.000173075328348
    },
    "spectral_energyband_middle_high": {
        "dmean": 0.00163204385899,
        "dmean2": 0.00237360736355,
        "dvar": 9.68209678831e-06,
        "dvar2": 1.89642960322e-05,
        "max": 0.143105462193,
        "mean": 0.00491215800866,
        "median": 0.0025492310524,
        "min": 1.58635722465e-21,
        "var": 4.06924991694e-05
    },
    "spectral_energyband_middle_low": {
        "dmean": 0.00523261073977,
        "dmean2": 0.00814234185964,
        "dvar": 6.56984630041e-05,
        "dvar2": 0.000154104622197,
        "max": 0.106530800462,
        "mean": 0.0128653841093,
        "median": 0.00864062458277,
        "min": 3.56206064919e-22,
        "var": 0.000169947554241
    },
    "spectral_entropy": {
        "dmean": 0.154580458999,
        "dmean2": 0.227124035358,
        "dvar": 0.0253901742399,
        "dvar2": 0.0496512763202,
        "max": 9.80302524567,
        "mean": 7.45995187759,
        "median": 7.47106122971,
        "min": 6.02149248123,
        "var": 0.151070669293
    },
    "spectral_flux": {
        "dmean": 0.0248338058591,
        "dmean2": 0.0386685691774,
        "dvar": 0.000861887412611,
        "dvar2": 0.00189610163216,
        "max": 0.600143671036,
        "mean": 0.0796113759279,
        "median": 0.0700966417789,
        "min": 1.02369453192e-10,
        "var": 0.00209722388536
    },
    "spectral_kurtosis": {
        "dmean": 1.53597998619,
        "dmean2": 2.54062962532,
        "dvar": 2.90282940865,
        "dvar2": 8.05743217468,
        "max": 26.9578018188,
        "mean": 5.26887273788,
        "median": 4.72499084473,
        "min": -1.24352490902,
        "var": 9.02638816833
    },
    "spectral_rms": {
        "dmean": 0.000807405798696,
        "dmean2": 0.00122439512052,
        "dvar": 9.14356746762e-07,
        "dvar2": 2.09529139283e-06,
        "max": 0.021839030087,
        "mean": 0.00468439236283,
        "median": 0.0045443335548,
        "min": 3.19748437796e-12,
        "var": 3.40449878422e-06
    },
    "spectral_rolloff": {
        "dmean": 360.351287842,
        "dmean2": 598.31652832,
        "dvar": 644755.9375,
        "dvar2": 1323376.875,
        "max": 18970.7519531,
        "mean": 1147.78466797,
        "median": 839.794921875,
        "min": 64.599609375,
        "var": 1244405
    },
    "spectral_skewness": {
        "dmean": 0.208040937781,
        "dmean2": 0.325122505426,
        "dvar": 0.0425994582474,
        "dvar2": 0.0987689346075,
        "max": 4.15942525864,
        "mean": 1.74664568901,
        "median": 1.7254281044,
        "min": -0.0929251238704,
        "var": 0.219909399748
    },
    "spectral_spread": {
        "dmean": 458460.5,
        "dmean2": 650719.3125,
        "dvar": 464938106880,
        "dvar2": 715011915776,
        "max": 40430036,
        "mean": 4382541.5,
        "median": 4124787,
        "min": 1742357.875,
        "var": 1.88995521741e+12
    },
    "spectral_strongpeak": {
        "dmean": 0.512937963009,
        "dmean2": 0.856399416924,
        "dvar": 0.731783986092,
        "dvar2": 1.8171197176,
        "max": 16.8053588867,
        "mean": 1.02708256245,
        "median": 0.396684229374,
        "min": 0,
        "var": 1.78456258774
    },
    "zerocrossingrate": {
        "dmean": 0.0085489647463,
        "dmean2": 0.00995895359665,
        "dvar": 0.00013958272757,
        "dvar2": 0.000160294934176,
        "max": 0.49658203125,
        "mean": 0.0496307834983,
        "median": 0.044921875,
        "min": 0.0029296875,
        "var": 0.000841675209813
    },
    "barkbands": {
        "dmean": [0.000370256311726, 0.00352669111453, 0.00115738227032, 0.000976029492449, 0.00182649516501, 0.000977149931714, 0.000826361298095, 0.00132053822745, 0.00142467068508, 0.000658436096273, 0.000387790292734, 0.000321526109474, 0.000350836053258, 0.000273873389233, 0.000206525379326, 0.000174285640242, 0.00017664078041, 0.00012780065299, 0.000114725749881, 8.5797488282e-05, 5.39066350029e-05, 7.49473183532e-05, 5.65979535168e-05, 4.70828235848e-05, 2.73287696473e-05, 1.61332081916e-05, 5.49201058675e-06],
        "dmean2": [0.00058474537218, 0.00582771422341, 0.00188673648518, 0.0016685280716, 0.00304575078189, 0.0015716755297, 0.00129904865753, 0.00198437878862, 0.0021871435456, 0.00101858039852, 0.000602910644375, 0.000511824211571, 0.000552545418032, 0.000424906407716, 0.000332007126417, 0.000263594964053, 0.000261355773546, 0.000195960368728, 0.000177036927198, 0.00013110069267, 8.51978329592e-05, 0.000113167297968, 8.5759376816e-05, 7.14979032637e-05, 4.09872045566e-05, 2.38825523411e-05, 7.90802096162e-06],
        "dvar": [5.71709676933e-07, 0.000100511992059, 1.1983260265e-05, 5.66415565117e-06, 1.66997124325e-05, 5.28538112121e-06, 5.56769145987e-06, 1.26745690068e-05, 1.27373414216e-05, 5.94603261561e-06, 1.16997262012e-06, 8.03074385658e-07, 7.69246128129e-07, 5.38280062301e-07, 2.37229187405e-07, 1.817517159e-07, 1.84536915526e-07, 8.80224959587e-08, 6.05164842682e-08, 3.14873176421e-08, 1.77062258189e-08, 3.7583674839e-08, 4.34977707187e-08, 4.39009220088e-08, 1.64949618409e-08, 2.51279508312e-09, 2.77159295514e-10],
        "dvar2": [1.51474841914e-06, 0.000266574614216, 3.23723106703e-05, 1.4999762243e-05, 4.48508326372e-05, 1.32959648909e-05, 1.20287904792e-05, 2.81683787762e-05, 2.90653679258e-05, 1.27447692648e-05, 2.72660986411e-06, 1.89561274055e-06, 1.771201255e-06, 1.27822613649e-06, 5.53632105493e-07, 3.54856098284e-07, 3.69057431726e-07, 1.76930285534e-07, 1.25408121221e-07, 7.03496709775e-08, 4.16613588072e-08, 8.29276558534e-08, 8.66569251912e-08, 9.95857192265e-08, 3.84729794689e-08, 5.39024336277e-09, 6.10850647842e-10],
        "max": [0.0162911135703, 0.342867970467, 0.133433282375, 0.0534148551524, 0.0526600107551, 0.064575985074, 0.0828317254782, 0.0742099285126, 0.0846097022295, 0.138303503394, 0.0334898270667, 0.0329727008939, 0.0320538803935, 0.0224162302911, 0.0112118488178, 0.0110711650923, 0.0127243278548, 0.00787561945617, 0.00720961904153, 0.00374656775966, 0.0038075868506, 0.00626832759008, 0.00981835089624, 0.00735958572477, 0.00566952256486, 0.00222438573837, 0.00027552593383],
        "mean": [0.000579897430725, 0.00559736788273, 0.00172367680352, 0.00133949622978, 0.0026967334561, 0.00166220706888, 0.00141551427078, 0.00220277882181, 0.00312688970007, 0.00119981169701, 0.000663762970362, 0.000564399349969, 0.000648866058327, 0.000475881592138, 0.000324069231283, 0.000301384512568, 0.000355640659109, 0.000250659679295, 0.000228891673032, 0.000165767385624, 7.7843942563e-05, 0.000127275416162, 9.75557559286e-05, 7.89647965576e-05, 4.40246185462e-05, 2.50141383731e-05, 7.3479486673e-06],
        "median": [0.000139660143759, 0.00204901816323, 0.000808090553619, 0.000644114625175, 0.00152494222857, 0.000835030688904, 0.000485062599182, 0.000508589786477, 0.000698957708664, 0.000298540107906, 0.000153925997438, 0.000169699953403, 0.000168429221958, 0.000145400350448, 0.000124158672406, 9.11727474886e-05, 9.67695086729e-05, 9.84911603155e-05, 9.3785689387e-05, 5.85951493122e-05, 2.59552234638e-05, 3.90303903259e-05, 3.13291129714e-05, 2.60437827819e-05, 1.13450787467e-05, 4.39266432295e-06, 3.68816444052e-07],
        "min": [1.39438028088e-23, 2.26607962753e-23, 1.4526321367e-23, 3.87275168656e-23, 5.29142304574e-23, 3.36839819997e-23, 6.14200600591e-23, 5.52706431783e-23, 9.93218541271e-23, 3.47219935778e-23, 6.72449269417e-23, 3.34972491571e-23, 7.74241861143e-23, 7.32104445683e-23, 1.74249516357e-22, 1.94728787219e-22, 2.47491136709e-22, 2.07519731346e-22, 2.89018668026e-22, 3.68985333905e-22, 6.45587356526e-22, 4.74324820965e-22, 5.31950845035e-22, 8.81524116976e-22, 1.04722368116e-21, 1.65354474776e-21, 2.2298462869e-21],
        "var": [8.52985237998e-07, 0.000109926899313, 1.35990894705e-05, 5.50953927814e-06, 1.64537741512e-05, 8.45166323415e-06, 1.28902593133e-05, 2.98908162222e-05, 5.19234563399e-05, 1.4985424059e-05, 2.75060051536e-06, 2.05103242479e-06, 2.29638339988e-06, 1.10180894808e-06, 4.33528356325e-07, 4.97999906202e-07, 6.77647790326e-07, 2.48631437216e-07, 1.7070397007e-07, 9.56619174985e-08, 2.9952531122e-08, 7.10204801635e-08, 8.30251494222e-08, 6.42008686214e-08, 2.32429151481e-08, 4.03980182639e-09, 4.20424028924e-10]
    },
    "erbbands": {
        "dmean": [0.133055448532, 0.721884310246, 1.21409845352, 2.2976205349, 5.23030662537, 6.19196653366, 7.50267219543, 7.97893333435, 10.0426158905, 15.9009227753, 31.8245811462, 35.8508071899, 22.2688732147, 16.1971244812, 14.7538442612, 12.7190761566, 15.6058311462, 13.0077142715, 11.4862413406, 9.7830286026, 8.4595375061, 8.44915485382, 6.94355392456, 5.41981458664, 5.67926740646, 4.02728843689, 2.41827559471, 2.07981848717, 2.58705639839, 2.36092066765, 1.52044248581, 1.17053437233, 0.68248039484, 0.376548707485, 0.164714038372, 0.0699936151505, 0.0274909567088, 0.0088448356837, 0.00101480376907, 3.81973477488e-05],
        "dmean2": [0.210170254111, 1.21854579449, 1.9925570488, 3.87230277061, 8.97279644012, 10.2918548584, 12.1370897293, 12.7160329819, 16.0057697296, 24.6711502075, 47.4734649658, 53.6308670044, 34.6017456055, 24.6737289429, 22.7528858185, 19.7940940857, 24.1572265625, 19.9266090393, 18.3023910522, 15.0574235916, 12.4698104858, 12.3274297714, 10.1547298431, 8.08847236633, 8.75712299347, 6.15360450745, 3.81502795219, 3.23813819885, 3.97099351883, 3.52258682251, 2.29631328583, 1.75861406326, 1.05535280704, 0.580223977566, 0.24653686583, 0.103975392878, 0.0411393083632, 0.0131135620177, 0.00144230225123, 5.43720125279e-05],
        "dvar": [0.0993502289057, 5.27609777451, 17.0189361572, 31.3311004639, 172.566101074, 219.046691895, 321.099853516, 382.720947266, 862.309265137, 2514.57055664, 6855.15771484, 8841.68066406, 5852.70410156, 2379.88427734, 1809.14978027, 1215.68701172, 1686.52783203, 1087.23425293, 869.034912109, 517.897583008, 456.318084717, 412.617248535, 221.219039917, 152.22303772, 161.482818604, 64.8673019409, 31.5795879364, 31.4740791321, 49.7564277649, 40.747882843, 38.6795921326, 23.6592998505, 12.5185747147, 3.32581114769, 0.534799516201, 0.0860056132078, 0.00612751347944, 0.000687619962264, 9.31860995479e-06, 9.44963929328e-09],
        "dvar2": [0.256747573614, 14.3249969482, 47.8071365356, 81.8807067871, 472.075653076, 591.129089355, 825.440307617, 906.871582031, 1983.19995117, 5929.33544922, 15079.0673828, 19512.2460938, 14482.7783203, 4722.94238281, 4133.47363281, 2824.41113281, 3872.3215332, 2436.3581543, 2103.30200195, 1084.70678711, 846.742004395, 794.080749512, 402.47555542, 290.114746094, 339.010681152, 144.203765869, 76.1419830322, 73.6829452515, 116.448043823, 84.8580932617, 77.1837158203, 49.9265365601, 30.6047477722, 8.13322257996, 1.12367737293, 0.165165349841, 0.014613987878, 0.00164410623256, 2.00586182473e-05, 1.97576035532e-08],
        "max": [9.20111656189, 92.5756607056, 205.275466919, 131.768280029, 232.141540527, 272.727539062, 454.662872314, 632.751098633, 975.784484863, 1534.88513184, 1920.14282227, 2477.12060547, 2732.64672852, 2967.59130859, 1254.84790039, 1605.82128906, 1510.03686523, 833.783691406, 855.85168457, 750.406066895, 751.233276367, 684.694885254, 430.858673096, 529.176940918, 305.66998291, 170.077819824, 144.527267456, 151.46257019, 197.021896362, 201.715026855, 314.672393799, 228.511383057, 169.354446411, 75.5740127563, 34.3116378784, 18.4356269836, 1.74920141697, 0.583940982819, 0.0489264279604, 0.00156503543258],
        "mean": [0.226545512676, 0.997902393341, 1.8534065485, 3.54580974579, 6.63202857971, 9.30319499969, 11.7681427002, 14.1933107376, 18.2745723724, 28.4107971191, 58.4251289368, 79.3339996338, 43.1874198914, 30.8873081207, 27.823343277, 24.0597057343, 30.506816864, 25.2788543701, 20.2758560181, 16.810836792, 16.6808376312, 18.8526592255, 15.5614061356, 11.701915741, 11.580496788, 8.05798149109, 3.81639695168, 2.99630331993, 4.15909099579, 4.22509717941, 2.64027166367, 1.99471080303, 1.09625816345, 0.601760327816, 0.260453343391, 0.106080703437, 0.0413275212049, 0.0132195828483, 0.0013858928578, 7.0716268965e-05],
        "median": [0.0645955353975, 0.378386318684, 0.943862974644, 1.9650952816, 3.10328769684, 4.70388412476, 5.98452091217, 6.68571853638, 7.17758083344, 9.50727844238, 17.9358921051, 16.8660106659, 14.3327560425, 10.4799938202, 8.26735496521, 8.40184688568, 8.47854423523, 8.3295211792, 7.54934978485, 6.20277929306, 5.28462123871, 5.40506744385, 5.88810491562, 5.03553724289, 4.42621421814, 3.14727544785, 1.4484167099, 0.966656088829, 1.24308276176, 1.31451559067, 0.826414108276, 0.620796859264, 0.333401143551, 0.157690137625, 0.0634890049696, 0.0232102200389, 0.00594688672572, 0.00131588429213, 7.8356868471e-05, 3.18717029586e-05],
        "min": [6.35148896593e-22, 4.9380473254e-21, 1.70344453938e-20, 8.0816075759e-20, 1.71015261872e-19, 1.7611667858e-19, 8.09977646881e-20, 3.40493622166e-19, 1.15370199095e-18, 8.31988858357e-19, 1.212476172e-18, 2.36056481192e-18, 1.39389021862e-18, 1.42714742874e-18, 2.57741558617e-18, 1.74249938733e-18, 3.01988235404e-18, 3.93378685676e-18, 6.70744794133e-18, 8.44598720148e-18, 1.32603562104e-17, 1.26374437142e-17, 1.43122478809e-17, 9.38964394326e-18, 2.06463404082e-17, 1.7543835739e-17, 2.44215712172e-17, 2.09756426644e-17, 1.50716526228e-17, 2.02364426362e-17, 1.4112030468e-17, 2.41864699435e-17, 1.06181047602e-17, 1.06159631896e-17, 8.31750040975e-18, 6.03240817731e-18, 3.13115965313e-18, 1.21207984909e-18, 3.07567335991e-19, 3.32230598372e-20],
        "var": [0.143420085311, 4.96200084686, 17.2088718414, 31.9156780243, 141.651000977, 232.482528687, 425.547851562, 750.455932617, 1896.79785156, 6100.7578125, 17201.4980469, 38069.2421875, 11754.2431641, 6418.06152344, 4099.44970703, 3255.72631836, 5150.02636719, 2918.83642578, 1598.03796387, 1176.30969238, 1556.9387207, 1829.99035645, 856.930664062, 464.911743164, 467.358947754, 205.309158325, 55.1905555725, 52.1808242798, 82.1666488647, 84.0139923096, 71.501159668, 42.5103530884, 14.785487175, 4.42414999008, 0.837498188019, 0.127324178815, 0.00963716674596, 0.00112023949623, 1.4752910829e-05, 1.56912243199e-08]
    },
    "gfcc": {
        "mean": [-7.14107227325, 98.2855911255, -116.152580261, 21.4031906128, -59.6705055237, 12.8403234482, -33.0461082458, 12.274512291, -17.2465934753, -0.575268268585, -12.7586326599, -1.67656338215, -12.7447795868],
        "cov": [[4811.07128906, -833.421325684, 564.305908203, 302.168212891, 158.684707642, 237.014160156, 50.1872825623, 75.3835830688, -14.1541748047, 120.974937439, -17.2342624664, 125.481590271, -199.255844116], [-833.421325684, 1372.12133789, 205.233154297, 278.532684326, 208.919311523, -49.9855537415, 46.068561554, -68.6518478394, 82.5417633057, -80.3134002686, 146.481826782, -91.0734863281, 77.3231277466], [564.305908203, 205.233154297, 954.198913574, 377.809997559, 222.311325073, 127.479347229, -14.5583782196, -39.1190643311, 15.7026977539, 71.8746566772, -9.66462421417, 42.0384292603, -27.2586612701], [302.168212891, 278.532684326, 377.809997559, 617.008422852, 202.183151245, 83.3774261475, -17.4006023407, -20.6504383087, 36.3448143005, 17.7483234406, 46.2796974182, 18.901845932, 63.4619407654], [158.684707642, 208.919311523, 222.311325073, 202.183151245, 350.987426758, 55.9675140381, 65.8969421387, 48.8637275696, 36.0603485107, 30.2808303833, 20.9442119598, 17.2997512817, 15.2522411346], [237.014160156, -49.9855537415, 127.479347229, 83.3774261475, 55.9675140381, 327.487304688, 167.495559692, 42.6988830566, 17.1354942322, 36.2330474854, 30.9355983734, 4.04829883575, -27.0857791901], [50.1872825623, 46.068561554, -14.5583782196, -17.4006023407, 65.8969421387, 167.495559692, 250.70539856, 61.3833656311, 35.3481941223, 22.5256595612, 36.3692855835, 1.19534635544, -29.5905590057], [75.3835830688, -68.6518478394, -39.1190643311, -20.6504383087, 48.8637275696, 42.6988830566, 61.3833656311, 158.685897827, 59.2257118225, 14.8728208542, 3.45860815048, 6.63403177261, 2.72724509239], [-14.1541748047, 82.5417633057, 15.7026977539, 36.3448143005, 36.0603485107, 17.1354942322, 35.3481941223, 59.2257118225, 139.488296509, 30.5556049347, 12.6120033264, 3.82543706894, 18.3655223846], [120.974937439, -80.3134002686, 71.8746566772, 17.7483234406, 30.2808303833, 36.2330474854, 22.5256595612, 14.8728208542, 30.5556049347, 94.9147872925, 11.9130067825, 21.219581604, 3.96832370758], [-17.2342624664, 146.481826782, -9.66462421417, 46.2796974182, 20.9442119598, 30.9355983734, 36.3692855835, 3.45860815048, 12.6120033264, 11.9130067825, 115.654769897, 17.1646308899, 14.1761255264], [125.481590271, -91.0734863281, 42.0384292603, 18.901845932, 17.2997512817, 4.04829883575, 1.19534635544, 6.63403177261, 3.82543706894, 21.219581604, 17.1646308899, 87.9275131226, 23.4716415405], [-199.255844116, 77.3231277466, -27.2586612701, 63.4619407654, 15.2522411346, -27.0857791901, -29.5905590057, 2.72724509239, 18.3655223846, 3.96832370758, 14.1761255264, 23.4716415405, 94.1007461548]],
        "icov": [[0.000310428324156, 0.000221731475904, -9.65039071161e-05, -0.000209809382795, -8.93598844414e-05, -1.93386149476e-05, 5.23189519299e-05, -6.34307725704e-05, -6.76251656841e-05, 1.05998251456e-05, -0.000196417851839, -0.000253412057646, 0.000721425225493], [0.000221731475904, 0.00195564632304, -0.000685386126861, -0.000118342119094, -0.000860984146129, 0.000798164342996, -0.000843613175675, 0.00120609404985, -0.00134141987655, 0.00214444519952, -0.00257345614955, 0.00249224575236, -0.00124971137848], [-9.65039071161e-05, -0.000685386126861, 0.00209752377123, -0.000858146930113, -0.000428381550591, -0.000886733469088, 0.000976732349955, 0.000197776957066, 0.000296637183055, -0.00165775814094, 0.0015366866719, -0.00170470541343, 0.00186650769319], [-0.000209809382795, -0.000118342119094, -0.000858146930113, 0.00311355059966, -0.00107537978329, -0.000786355230957, 0.000698208110407, 0.00066978961695, -0.000541682064068, 0.000822691072244, -0.000863166234922, 0.000777147884946, -0.00254008057527], [-8.93598844414e-05, -0.000860984146129, -0.000428381550591, -0.00107537978329, 0.00470725120977, 0.000410436536185, -0.00110505707562, -0.00187677831855, 0.000844214402605, -0.00136578292586, 0.00110096600838, -0.00108666694723, 0.000179498907528], [-1.93386149476e-05, 0.000798164342996, -0.000886733469088, -0.000786355230957, 0.000410436536185, 0.00587013596669, -0.00411063572392, -0.000204228970688, 0.000271907978458, -9.3773327535e-05, -0.00132605899125, 0.00152154511306, -0.000315786193823], [5.23189519299e-05, -0.000843613175675, 0.000976732349955, 0.000698208110407, -0.00110505707562, -0.00411063572392, 0.00818009860814, -0.00145974894986, -0.000531705853064, -0.000995172071271, -0.000299078732496, -0.00158936227672, 0.00281378207728], [-6.34307725704e-05, 0.00120609404985, 0.000197776957066, 0.00066978961695, -0.00187677831855, -0.000204228970688, -0.00145974894986, 0.00961402151734, -0.00424014264718, 0.00163248227909, -0.000923293584492, 0.00111691828351, -0.00139283807948], [-6.76251656841e-05, -0.00134141987655, 0.000296637183055, -0.000541682064068, 0.000844214402605, 0.000271907978458, -0.000531705853064, -0.00424014264718, 0.010631185025, -0.00416748970747, 0.00145583471749, -0.000743769865949, -0.000625506218057], [1.05998251456e-05, 0.00214444519952, -0.00165775814094, 0.000822691072244, -0.00136578292586, -9.3773327535e-05, -0.000995172071271, 0.00163248227909, -0.00416748970747, 0.015619081445, -0.00361377117224, 0.000750919687562, -0.00242876936682], [-0.000196417851839, -0.00257345614955, 0.0015366866719, -0.000863166234922, 0.00110096600838, -0.00132605899125, -0.000299078732496, -0.000923293584492, 0.00145583471749, -0.00361377117224, 0.0134564945474, -0.00516189076006, 0.00122714904137], [-0.000253412057646, 0.00249224575236, -0.00170470541343, 0.000777147884946, -0.00108666694723, 0.00152154511306, -0.00158936227672, 0.00111691828351, -0.000743769865949, 0.000750919687562, -0.00516189076006, 0.0177903585136, -0.00706681702286], [0.000721425225493, -0.00124971137848, 0.00186650769319, -0.00254008057527, 0.000179498907528, -0.000315786193823, 0.00281378207728, -0.00139283807948, -0.000625506218057, -0.00242876936682, 0.00122714904137, -0.00706681702286, 0.0180426314473]]
    },
    "melbands": {
        "dmean": [0.00106789381243, 0.000693695561495, 0.00046754637151, 0.000415961520048, 0.000253437989159, 0.000178354879608, 0.000156870155479, 0.000192957362742, 0.000268740055617, 0.000214429441257, 0.000111778492283, 7.02259931131e-05, 5.51208577235e-05, 3.88274602301e-05, 3.39574617101e-05, 3.381328861e-05, 2.50324283115e-05, 2.04279531317e-05, 1.38053610499e-05, 1.30079270093e-05, 1.10589699034e-05, 8.78027913132e-06, 9.59298085945e-06, 6.01637475484e-06, 4.55510871689e-06, 4.66238134322e-06, 3.75825538868e-06, 2.64084474111e-06, 1.64683274306e-06, 1.30186356273e-06, 1.25952635699e-06, 1.46258639688e-06, 1.64850052897e-06, 1.2520636119e-06, 9.33974661166e-07, 8.36009178329e-07, 7.06662660832e-07, 5.26224653186e-07, 3.94236508328e-07, 3.09746610583e-07],
        "dmean2": [0.00173804583028, 0.00115782546345, 0.000786590273492, 0.000703570432961, 0.00040880049346, 0.000284902838757, 0.000248073687544, 0.000296966522001, 0.000402112986194, 0.000322170933941, 0.000174227898242, 0.000107277242932, 8.46715920488e-05, 6.10841743764e-05, 5.42069610674e-05, 5.14966559422e-05, 3.84283921449e-05, 3.26529006998e-05, 2.1941777959e-05, 1.99832320504e-05, 1.64328248502e-05, 1.31564065668e-05, 1.40342499435e-05, 9.11650658963e-06, 6.91826062393e-06, 7.30557303541e-06, 5.7004572227e-06, 4.11776454712e-06, 2.63837318926e-06, 2.0749344003e-06, 1.9849628643e-06, 2.30425030168e-06, 2.49410459219e-06, 1.92172660718e-06, 1.43524005125e-06, 1.30241505758e-06, 1.07467860744e-06, 8.25560334761e-07, 6.15295391526e-07, 4.85120779103e-07],
        "dvar": [7.73179272073e-06, 5.30867146153e-06, 1.14698048037e-06, 9.80470758805e-07, 3.35738747026e-07, 1.83963450695e-07, 1.9629551673e-07, 3.18347190387e-07, 4.38784184098e-07, 3.19846435559e-07, 1.54697815447e-07, 5.3765639052e-08, 2.41741080487e-08, 1.21456595892e-08, 8.13881761985e-09, 6.77292621987e-09, 4.69480854193e-09, 3.27212767992e-09, 1.18143528294e-09, 1.08894770978e-09, 9.22475762444e-10, 4.57772236784e-10, 5.71491631796e-10, 2.23816756795e-10, 1.10229152195e-10, 1.02805257363e-10, 7.74924152624e-11, 2.92356382159e-11, 1.43461640137e-11, 1.06121856094e-11, 1.30574414128e-11, 1.92127199566e-11, 1.73298268097e-11, 1.32666204411e-11, 1.54938579328e-11, 1.33893738111e-11, 8.95490452624e-12, 7.4580844972e-12, 5.12321261803e-12, 2.10825085688e-12],
        "dvar2": [2.0104496798e-05, 1.51034018927e-05, 3.03564979731e-06, 2.66772144641e-06, 8.5640948555e-07, 4.44416059509e-07, 4.40306820337e-07, 7.48443596876e-07, 9.54517645368e-07, 7.02114505202e-07, 3.75810913056e-07, 1.01610467595e-07, 5.52445200697e-08, 2.82503158644e-08, 1.92674320942e-08, 1.4575449292e-08, 1.07988178399e-08, 8.01202926226e-09, 2.63692379043e-09, 2.26436558393e-09, 1.69095648594e-09, 9.59008317203e-10, 1.07915776315e-09, 4.23863055765e-10, 2.15408177406e-10, 2.2433815916e-10, 1.58288868124e-10, 6.82151210518e-11, 3.51314186076e-11, 2.59869747249e-11, 3.09857729752e-11, 4.7874339909e-11, 3.66206301394e-11, 2.85188383325e-11, 3.26959882779e-11, 2.84182469223e-11, 2.01867914745e-11, 1.84212905346e-11, 1.32903714076e-11, 5.24498543555e-12],
        "max": [0.0740943476558, 0.118559017777, 0.0227894708514, 0.0122342761606, 0.0154046742246, 0.0143079543486, 0.0160950254649, 0.0172837022692, 0.014439439401, 0.0145661951974, 0.0137234358117, 0.0154364136979, 0.0045063663274, 0.00413224939257, 0.0031528826803, 0.00201757764444, 0.00192444876302, 0.00174644298386, 0.00123630499002, 0.000878133578226, 0.00105859304313, 0.000678208481986, 0.000660432153381, 0.000500682217535, 0.000479324487969, 0.000203588351724, 0.000201126138563, 0.000113681977382, 9.51958500082e-05, 8.32852019812e-05, 9.28705558181e-05, 0.000133749956149, 0.000187057696166, 0.000125650243717, 0.000179260285222, 0.000184046773938, 0.000133829133119, 0.00012464048632, 0.000120408520161, 6.5765940235e-05],
        "mean": [0.00176778633613, 0.00109637901187, 0.000711936620064, 0.000579730316531, 0.000418965588324, 0.000316892721457, 0.00028282799758, 0.000341398845194, 0.00051527726464, 0.000460380950244, 0.000205656775506, 0.000127393504954, 9.80210534181e-05, 6.92851026542e-05, 6.24859676464e-05, 6.09214548604e-05, 4.53000611742e-05, 3.41223203577e-05, 2.25289677473e-05, 2.00540180231e-05, 2.02065530175e-05, 1.8124233975e-05, 1.90104547073e-05, 1.22018100228e-05, 8.97403060662e-06, 8.83079974301e-06, 7.36137053536e-06, 4.84403744849e-06, 2.42764326686e-06, 1.79522112376e-06, 1.70723762949e-06, 2.14180181501e-06, 2.85403848466e-06, 2.11713677345e-06, 1.52297275235e-06, 1.36753476454e-06, 1.15397392619e-06, 7.98642133759e-07, 5.98805797836e-07, 4.7506921419e-07],
        "median": [0.000589324976318, 0.00057226640638, 0.000391533860238, 0.000307371956296, 0.000223791459575, 0.000154618755914, 0.000110848057375, 0.000105905906821, 0.000145603116835, 9.68065869529e-05, 6.05338282185e-05, 3.95768838644e-05, 2.48609376285e-05, 2.03222953132e-05, 1.83177216968e-05, 1.75959867192e-05, 1.35693280754e-05, 1.10701594167e-05, 9.02251667867e-06, 6.312116966e-06, 5.83832570555e-06, 4.9300297178e-06, 5.28840018887e-06, 4.51895357401e-06, 3.61671072824e-06, 3.45231364918e-06, 2.34300910051e-06, 1.74980459633e-06, 8.10286564956e-07, 5.5843725022e-07, 4.87740408062e-07, 6.00286853114e-07, 8.35248670228e-07, 6.54857899463e-07, 4.6372849738e-07, 3.91800483612e-07, 3.49445684833e-07, 2.33103492064e-07, 1.57222331154e-07, 1.10627439653e-07],
        "min": [6.83119386244e-24, 8.54380852109e-24, 1.64282776313e-23, 1.37631441951e-23, 3.40357114115e-24, 8.84175734069e-24, 1.58099085003e-23, 1.02600866498e-23, 1.24884964336e-23, 1.36436428121e-23, 6.34179402317e-24, 5.01355696819e-24, 9.60091999941e-24, 4.21511495284e-24, 5.49325145174e-24, 7.84793775052e-24, 6.72159110599e-24, 9.29096708342e-24, 1.42756166382e-23, 1.05693035586e-23, 1.63709353321e-23, 1.30309140366e-23, 1.24401290049e-23, 1.184314116e-23, 6.3959244752e-24, 1.20437398107e-23, 1.54411444261e-23, 1.10292063109e-23, 1.14195930625e-23, 1.92970712873e-23, 9.64879044573e-24, 7.86247172384e-24, 1.08848203105e-23, 1.13325462059e-23, 7.56307613334e-24, 1.04609771791e-23, 1.59756923527e-23, 8.10549294747e-24, 5.15224423735e-24, 1.02248782099e-23],
        "var": [9.5976756711e-06, 5.2930986385e-06, 1.15986665605e-06, 8.71158704285e-07, 4.6521290642e-07, 3.47638575704e-07, 4.57183602975e-07, 7.89406101376e-07, 1.21332595882e-06, 1.25096471493e-06, 3.13522633633e-07, 1.49106426761e-07, 5.86263091407e-08, 3.32235146061e-08, 2.08014760972e-08, 1.87637052562e-08, 1.1109601239e-08, 5.64500890476e-09, 2.2569541791e-09, 2.21122720134e-09, 2.85257106825e-09, 1.66074975994e-09, 1.88860460604e-09, 7.2057421141e-10, 3.02328523327e-10, 2.74245293141e-10, 2.47826120736e-10, 8.10381900473e-11, 2.38277297199e-11, 1.64076547488e-11, 2.03612109811e-11, 2.63411410739e-11, 3.44700830379e-11, 2.5055461178e-11, 2.5173155227e-11, 2.46666419929e-11, 1.3878771396e-11, 8.32949334506e-12, 5.36457423622e-12, 2.80439148466e-12]
    },
    "mfcc": {
        "mean": [-651.451660156, 131.508392334, -0.00496676564217, 13.3269367218, -0.210879281163, -0.20186625421, -2.80381608009, 8.58341312408, -2.9550151825, 7.39722108841, 3.22258615494, -1.94828617573, -1.18236267567],
        "cov": [[4213.52734375, -792.670715332, 240.392501831, 131.824401855, 125.127845764, 178.94543457, 76.1716308594, 126.779136658, -76.3102645874, 112.731292725, 110.83782196, -2.76081848145, 67.9755096436], [-792.670715332, 1044.77734375, 76.9335708618, 186.875717163, 126.219009399, 14.6631221771, 41.1436576843, 21.6035480499, -36.0928192139, 35.2826881409, -2.07114315033, 5.69781684875, 34.23960495], [240.392501831, 76.9335708618, 727.912536621, 253.244216919, 199.000762939, 220.210067749, 46.5186004639, 2.30675196648, 6.0575876236, -12.142367363, 20.043384552, 35.7194747925, 40.4332351685], [131.824401855, 186.875717163, 253.244216919, 520.357910156, 276.637908936, 96.7079849243, 5.39731884003, -9.77438545227, 23.2939414978, -19.45860672, -53.2763404846, 48.4977798462, 61.1551170349], [125.127845764, 126.219009399, 199.000762939, 276.637908936, 335.531433105, 78.9729919434, 31.8440074921, 9.95329380035, 39.1600952148, 13.9013605118, -31.2220306396, 41.2661590576, 48.1223602295], [178.94543457, 14.6631221771, 220.210067749, 96.7079849243, 78.9729919434, 286.69821167, 125.438781738, 56.6949615479, 26.9445304871, 34.7480049133, 58.4114494324, 8.32230758667, 12.2382240295], [76.1716308594, 41.1436576843, 46.5186004639, 5.39731884003, 31.8440074921, 125.438781738, 217.932617188, 85.2613296509, 1.47236597538, 53.6794471741, 47.7264862061, -4.20063591003, 18.6229305267], [126.779136658, 21.6035480499, 2.30675196648, -9.77438545227, 9.95329380035, 56.6949615479, 85.2613296509, 167.027175903, 29.6650180817, 67.2389526367, 53.3518867493, 6.81953287125, 14.3338365555], [-76.3102645874, -36.0928192139, 6.0575876236, 23.2939414978, 39.1600952148, 26.9445304871, 1.47236597538, 29.6650180817, 156.471313477, 28.6309928894, 21.4060668945, 32.7496376038, 0.740452826023], [112.731292725, 35.2826881409, -12.142367363, -19.45860672, 13.9013605118, 34.7480049133, 53.6794471741, 67.2389526367, 28.6309928894, 133.015106201, 56.1286087036, 6.35577964783, 9.97317695618], [110.83782196, -2.07114315033, 20.043384552, -53.2763404846, -31.2220306396, 58.4114494324, 47.7264862061, 53.3518867493, 21.4060668945, 56.1286087036, 112.270851135, 14.5864429474, 1.73120129108], [-2.76081848145, 5.69781684875, 35.7194747925, 48.4977798462, 41.2661590576, 8.32230758667, -4.20063591003, 6.81953287125, 32.7496376038, 6.35577964783, 14.5864429474, 90.2473220825, 27.2657299042], [67.9755096436, 34.23960495, 40.4332351685, 61.1551170349, 48.1223602295, 12.2382240295, 18.6229305267, 14.3338365555, 0.740452826023, 9.97317695618, 1.73120129108, 27.2657299042, 84.0935058594]],
