{
"lowlevel": {
    "average_loudness": 0.710719525814,
    "barkbands_crest": {
        "dmean": 3.29266738892,
        "dmean2": 5.05903911591,
        "dvar": 8.80017375946,
        "dvar2": 20.1832180023,
        "max": 26.6718864441,
        "mean": 12.8519706726,
        "median": 11.5515136719,
        "min": 2.61815285683,
        "var": 33.8080406189
    },
    "barkbands_flatness_db": {
        "dmean": 0.0271305367351,
        "dmean2": 0.0395667739213,
        "dvar": 0.000686206796672,
        "dvar2": 0.0014656499261,
        "max": 0.47952413559,
        "mean": 0.146910250187,
        "median": 0.138366609812,
        "min": 0.0187594760209,
        "var": 0.00407179119065
    },
    "barkbands_kurtosis": {
        "dmean": 7.54621219635,
        "dmean2": 10.7380475998,
        "dvar": 619.231628418,
        "dvar2": 1144.17492676,
        "max": 911.89239502,
        "mean": 10.2762184143,
        "median": 2.75318431854,
        "min": -1.9059022665,
        "var": 1232.66674805
    },
    "barkbands_skewness": {
        "dmean": 0.802683234215,
        "dmean2": 1.13164138794,
        "dvar": 1.13125610352,
        "dvar2": 2.12424254417,
        "max": 28.3741149902,
        "mean": 1.97152173519,
        "median": 1.47912013531,
        "min": -5.11233615875,
        "var": 4.87950468063
    },
    "barkbands_spread": {
        "dmean": 5.77204942703,
        "dmean2": 8.83535861969,
        "dvar": 52.248916626,
        "dvar2": 116.022399902,
        "max": 106.911766052,
        "mean": 19.4066581726,
        "median": 17.4029045105,
        "min": 0.240744069219,
        "var": 162.207778931
    },
    "dissonance": {
        "dmean": 0.0208971872926,
        "dmean2": 0.035190500319,
        "dvar": 0.000482460367493,
        "dvar2": 0.00132514012512,
        "max": 0.500000059605,
        "mean": 0.461443573236,
        "median": 0.472797751427,
        "min": 0.218651473522,
        "var": 0.00127858191263
    },
    "dynamic_complexity": 3.86094689369,
    "erbbands_crest": {
        "dmean": 2.71144723892,
        "dmean2": 4.42393112183,
        "dvar": 6.37879323959,
        "dvar2": 16.0502128601,
        "max": 31.9553604126,
        "mean": 9.8169260025,
        "median": 8.67482566833,
        "min": 2.37289690971,
        "var": 25.8260269165
    },
    "erbbands_flatness_db": {
        "dmean": 0.0165339205414,
        "dmean2": 0.0243773236871,
        "dvar": 0.00026526817237,
        "dvar2": 0.000538238382433,
        "max": 0.385254263878,
        "mean": 0.156361222267,
        "median": 0.154544979334,
        "min": 0.0401274375618,
        "var": 0.00401704758406
    },
    "erbbands_kurtosis": {
        "dmean": 1.23031997681,
        "dmean2": 1.97923207283,
        "dvar": 4.53091430664,
        "dvar2": 11.9394598007,
        "max": 49.196056366,
        "mean": 1.24989521503,
        "median": 0.135673761368,
        "min": -1.86448812485,
        "var": 12.826171875
    },
    "erbbands_skewness": {
        "dmean": 0.396972477436,
        "dmean2": 0.611355543137,
        "dvar": 0.14906167984,
        "dvar2": 0.346247315407,
        "max": 5.99845933914,
        "mean": 0.377516955137,
        "median": 0.300754070282,
        "min": -3.81294989586,
        "var": 1.09444713593
    },
    "erbbands_spread": {
        "dmean": 7.28244447708,
        "dmean2": 10.9030971527,
        "dvar": 67.9826965332,
        "dvar2": 144.790084839,
        "max": 154.118591309,
        "mean": 35.776927948,
        "median": 30.5264873505,
        "min": 1.41891038418,
        "var": 414.360961914
    },
    "hfc": {
        "dmean": 5.53202724457,
        "dmean2": 7.86624145508,
        "dvar": 69.2759094238,
        "dvar2": 142.230545044,
        "max": 144.852157593,
        "mean": 17.8691673279,
        "median": 11.4026947021,
        "min": 1.08053544627e-16,
        "var": 317.525848389
    },
    "melbands_crest": {
        "dmean": 4.19992685318,
        "dmean2": 6.6431312561,
        "dvar": 13.3116979599,
        "dvar2": 32.7688293457,
        "max": 35.2758712769,
        "mean": 16.9819545746,
        "median": 16.0428085327,
        "min": 1.98587167263,
        "var": 48.5825042725
    },
    "melbands_flatness_db": {
        "dmean": 0.0318519175053,
        "dmean2": 0.0460426434875,
        "dvar": 0.000961231300607,
        "dvar2": 0.00208386452869,
        "max": 0.607838213444,
        "mean": 0.218902185559,
        "median": 0.204459249973,
        "min": 0.00486643845215,
        "var": 0.0058606415987
    },
    "melbands_kurtosis": {
        "dmean": 14.5156097412,
        "dmean2": 20.1226711273,
        "dvar": 1009.70349121,
        "dvar2": 1754.35827637,
        "max": 969.318969727,
        "mean": 24.7890205383,
        "median": 6.94776916504,
        "min": -1.82487511635,
        "var": 3168.81494141
    },
    "melbands_skewness": {
        "dmean": 1.01607847214,
        "dmean2": 1.45140397549,
        "dvar": 1.49154913425,
        "dvar2": 2.85170483589,
        "max": 21.0117073059,
        "mean": 3.05639505386,
        "median": 2.23097419739,
        "min": -2.19954490662,
        "var": 8.4174489975
    },
    "melbands_spread": {
        "dmean": 7.06003570557,
        "dmean2": 10.7352371216,
        "dvar": 122.634239197,
        "dvar2": 249.099609375,
        "max": 265.314605713,
        "mean": 21.3496990204,
        "median": 17.1909675598,
        "min": 0.271219044924,
        "var": 391.309082031
    },
    "pitch_salience": {
        "dmean": 0.0874078273773,
        "dmean2": 0.134828537703,
        "dvar": 0.00645315786824,
        "dvar2": 0.0148316230625,
        "max": 0.954921662807,
        "mean": 0.494347035885,
        "median": 0.515685379505,
        "min": 0.0274640843272,
        "var": 0.0274016223848
    },
    "silence_rate_20dB": {
        "dmean": 0,
        "dmean2": 0,
        "dvar": 0,
        "dvar2": 0,
        "max": 1,
        "mean": 1,
        "median": 1,
        "min": 1,
        "var": 0
    },
    "silence_rate_30dB": {
        "dmean": 0.0137018663809,
        "dmean2": 0.027406970039,
        "dvar": 0.0135153420269,
        "dvar2": 0.0339796245098,
        "max": 1,
        "mean": 0.984646260738,
        "median": 1,
        "min": 0,
        "var": 0.0151186902076
    },
    "silence_rate_60dB": {
        "dmean": 0.0340184271336,
        "dmean2": 0.0680448934436,
        "dvar": 0.0328628309071,
        "dvar2": 0.0761779993773,
        "max": 1,
        "mean": 0.0950749963522,
        "median": 0,
        "min": 0,
        "var": 0.0860307961702
    },
    "spectral_centroid": {
        "dmean": 247.213043213,
        "dmean2": 377.515106201,
        "dvar": 94396.7734375,
        "dvar2": 183694.03125,
        "max": 11255.4130859,
        "mean": 1360.12182617,
        "median": 1251.20703125,
        "min": 112.47568512,
        "var": 408738.34375
    },
    "spectral_complexity": {
        "dmean": 3.49562954903,
        "dmean2": 5.3679857254,
        "dvar": 20.5959320068,
        "dvar2": 43.4687309265,
        "max": 48,
        "mean": 14.1719617844,
        "median": 13,
        "min": 0,
        "var": 70.5296554565
    },
    "spectral_decrease": {
        "dmean": 2.97531577154e-09,
        "dmean2": 4.3202654787e-09,
        "dvar": 2.85472073142e-17,
        "dvar2": 7.01486746532e-17,
        "max": -1.37612581574e-28,
        "mean": -7.04304792265e-09,
        "median": -4.50389725515e-09,
        "min": -1.57882297458e-07,
        "var": 6.1282271251e-17
    },
    "spectral_energy": {
        "dmean": 0.0115843266249,
        "dmean2": 0.0168494805694,
        "dvar": 0.000417717819801,
        "dvar2": 0.00102648849133,
        "max": 0.600736856461,
        "mean": 0.0282028466463,
        "median": 0.0186622384936,
        "min": 1.03201484681e-20,
        "var": 0.000924841617234
    },
    "spectral_energyband_high": {
        "dmean": 0.000217607186642,
        "dmean2": 0.000294255878543,
        "dvar": 3.08109719072e-07,
        "dvar2": 5.94876496507e-07,
        "max": 0.0166585240513,
        "mean": 0.000531090307049,
        "median": 0.000235794228502,
        "min": 7.38347392437e-21,
        "var": 7.90748572399e-07
    },
    "spectral_energyband_low": {
        "dmean": 0.00841096788645,
        "dmean2": 0.0117055149749,
        "dvar": 0.00037932570558,
        "dvar2": 0.000912820745725,
        "max": 0.594077467918,
        "mean": 0.0140543254092,
        "median": 0.00443164166063,
        "min": 1.60591380593e-22,
        "var": 0.000658240227494
    },
    "spectral_energyband_middle_high": {
        "dmean": 0.00164695316926,
        "dmean2": 0.00236116768792,
        "dvar": 8.04146748123e-06,
        "dvar2": 1.56602764037e-05,
        "max": 0.0630829408765,
        "mean": 0.00484692910686,
        "median": 0.00214555626735,
        "min": 1.63621161827e-21,
        "var": 4.13758825744e-05
    },
    "spectral_energyband_middle_low": {
        "dmean": 0.00455320626497,
        "dmean2": 0.00736950244755,
        "dvar": 5.96591744397e-05,
        "dvar2": 0.000150893334649,
        "max": 0.138535916805,
        "mean": 0.00934786442667,
        "median": 0.00499376095831,
        "min": 4.51640816402e-22,
        "var": 0.000156097128638
    },
    "spectral_entropy": {
        "dmean": 0.15136128664,
        "dmean2": 0.229384660721,
        "dvar": 0.0239156410098,
        "dvar2": 0.0499877370894,
        "max": 9.78852367401,
        "mean": 7.56729125977,
        "median": 7.61849880219,
        "min": 5.04657173157,
        "var": 0.226164475083
    },
    "spectral_flux": {
        "dmean": 0.0284312013537,
        "dmean2": 0.0469409301877,
        "dvar": 0.0011072732741,
        "dvar2": 0.00282873935066,
        "max": 0.661383628845,
        "mean": 0.0886405482888,
        "median": 0.0797156989574,
        "min": 1.01588133739e-10,
        "var": 0.00294073089026
    },
    "spectral_kurtosis": {
        "dmean": 1.37641751766,
        "dmean2": 2.28977131844,
        "dvar": 2.93088126183,
        "dvar2": 8.70454883575,
        "max": 38.4175949097,
        "mean": 5.43196773529,
        "median": 4.81006479263,
        "min": -1.14848947525,
        "var": 9.85842990875
    },
    "spectral_rms": {
        "dmean": 0.000977399526164,
        "dmean2": 0.00139848911203,
        "dvar": 1.28699059587e-06,
        "dvar2": 2.77630329037e-06,
        "max": 0.0242091864347,
        "mean": 0.0046282238327,
        "median": 0.00426697358489,
        "min": 3.17308007126e-12,
        "var": 6.09449080002e-06
    },
    "spectral_rolloff": {
        "dmean": 417.176239014,
        "dmean2": 683.548095703,
        "dvar": 618025.625,
        "dvar2": 1233747.125,
        "max": 18346.2890625,
        "mean": 1247.13977051,
        "median": 861.328125,
        "min": 64.599609375,
        "var": 1614013.75
    },
    "spectral_skewness": {
        "dmean": 0.181510895491,
        "dmean2": 0.287159472704,
        "dvar": 0.0341576859355,
        "dvar2": 0.0817777961493,
        "max": 4.95540618896,
        "mean": 1.73699486256,
        "median": 1.71188342571,
        "min": -0.0663121268153,
        "var": 0.207144677639
    },
    "spectral_spread": {
        "dmean": 407501.65625,
        "dmean2": 583846,
        "dvar": 358599032832,
        "dvar2": 484456267776,
        "max": 39239836,
        "mean": 4633519.5,
        "median": 4337139,
        "min": 1222072.875,
        "var": 2.37692492186e+12
    },
    "spectral_strongpeak": {
        "dmean": 0.531255722046,
        "dmean2": 0.882477223873,
        "dvar": 0.852885901928,
        "dvar2": 2.14711165428,
        "max": 12.3899421692,
        "mean": 1.01958215237,
        "median": 0.47970443964,
        "min": 0,
        "var": 1.80608832836
    },
    "zerocrossingrate": {
        "dmean": 0.0102870119736,
        "dmean2": 0.0118203861639,
        "dvar": 0.000177548703505,
        "dvar2": 0.000190538354218,
        "max": 0.52685546875,
        "mean": 0.0548314973712,
        "median": 0.0517578125,
        "min": 0.00244140625,
        "var": 0.00120326550677
    },
    "barkbands": {
        "dmean": [0.000377742340788, 0.0077145001851, 0.00180894322693, 0.000978084513918, 0.00120656995568, 0.000467507110443, 0.000594603712671, 0.00116221152712, 0.00167892687023, 0.000592054508161, 0.000250248063821, 0.000325748202158, 0.000348825618858, 0.000278743449599, 0.000251006451435, 0.000196847540792, 0.000212179700611, 0.000226011135965, 0.000143447585288, 6.08081281825e-05, 5.01832728332e-05, 4.7321391321e-05, 4.33033674199e-05, 4.14887908846e-05, 2.90739299089e-05, 2.67261475528e-05, 8.34384809423e-06],
        "dmean2": [0.000602129439358, 0.0103582898155, 0.00294703477994, 0.00176756863948, 0.00201575667597, 0.000737886351999, 0.000939620658755, 0.00181796529796, 0.00265675759874, 0.000912116491236, 0.000397609954234, 0.000510536250658, 0.000521568174008, 0.000428716477472, 0.000382013357012, 0.000310202682158, 0.000326396169839, 0.000347362103639, 0.000213402148802, 9.51394322328e-05, 7.82254064688e-05, 7.11967950338e-05, 6.21843500994e-05, 5.84287045058e-05, 4.30410218542e-05, 3.82867729058e-05, 1.24140278785e-05],
        "dvar": [6.27726421953e-07, 0.000321836938383, 3.34915712301e-05, 7.27830138203e-06, 5.958282145e-06, 2.25199983106e-06, 3.07084087581e-06, 1.09667653305e-05, 2.90749085252e-05, 2.99648422697e-06, 6.04150613981e-07, 9.95035634332e-07, 9.24940252389e-07, 6.00195562583e-07, 5.6333539078e-07, 2.4853838454e-07, 3.33251392703e-07, 2.28623235898e-07, 1.04143126123e-07, 1.62045630248e-08, 1.33223192478e-08, 1.29400010707e-08, 2.9072788621e-08, 3.33373151307e-08, 4.97629537577e-09, 4.36826130823e-09, 2.51391518713e-10],
        "dvar2": [1.58783575444e-06, 0.000704676203895, 8.82793610799e-05, 2.06123168027e-05, 1.51924796228e-05, 5.15004830959e-06, 7.49153196011e-06, 2.56279272435e-05, 7.43040800444e-05, 6.71117322781e-06, 1.47808873407e-06, 2.34546450883e-06, 1.89828165276e-06, 1.34223023451e-06, 1.2290719269e-06, 5.69119151805e-07, 7.18388264431e-07, 5.11825760441e-07, 2.14233992324e-07, 3.67304195947e-08, 3.06705452147e-08, 2.75606986122e-08, 6.4203156569e-08, 6.39561577032e-08, 1.01709431988e-08, 9.08863562188e-09, 5.24708276828e-10],
        "max": [0.0186657980084, 0.428383618593, 0.159527659416, 0.03058212623, 0.0533953160048, 0.0453813783824, 0.0478801801801, 0.0788705945015, 0.112669825554, 0.0562810450792, 0.0244423151016, 0.0300571732223, 0.0286315269768, 0.0184528212994, 0.0206846669316, 0.0141590526327, 0.0161877796054, 0.0129699865356, 0.00968321040273, 0.00232158671133, 0.00323302694596, 0.00382839958183, 0.00825808662921, 0.00812174472958, 0.00255057262257, 0.00087065808475, 0.000237940839725],
        "mean": [0.000470524973935, 0.0113307526335, 0.0018631076673, 0.000843032961711, 0.00169697566889, 0.000689911656082, 0.000912486808375, 0.0017843224341, 0.00308076129295, 0.00109702022746, 0.000392811867641, 0.000488902849611, 0.000606991001405, 0.000444474106189, 0.000434476882219, 0.000346574175637, 0.000381476333132, 0.000452564767329, 0.000292790587991, 0.000102945814433, 8.96797864698e-05, 9.35378702707e-05, 8.85465997271e-05, 8.30955978017e-05, 5.88489347138e-05, 5.03328992636e-05, 2.58667314483e-05],
        "median": [9.52354748733e-05, 0.00233527109958, 0.000301826337818, 0.000239067099756, 0.000670789391734, 0.000253593549132, 0.000166098572663, 0.00023271763348, 0.000325670145685, 0.000169932754943, 0.000107758402009, 0.000121554097859, 0.000109360611532, 0.000113022717414, 0.000101443787571, 0.000100715100416, 0.000107702355308, 0.000144777295645, 0.000101411569631, 4.10193970311e-05, 3.95269307774e-05, 3.50026348315e-05, 3.21369952871e-05, 2.65278231382e-05, 1.3113215573e-05, 5.84605732001e-06, 1.02257820345e-06],
        "min": [1.07850798931e-23, 3.08096978718e-23, 6.19118233257e-23, 7.04417826047e-23, 3.89366975341e-23, 8.31072726042e-23, 3.65779560958e-23, 5.92291345789e-23, 1.04472737185e-22, 1.16789329783e-22, 1.18476356161e-22, 7.99298734066e-23, 9.73113695349e-23, 1.35839752664e-22, 1.03145178945e-22, 2.02665800776e-22, 1.6339442427e-22, 2.1584736358e-22, 2.1007884661e-22, 3.94931511814e-22, 3.76241642543e-22, 4.80393016727e-22, 6.31438195869e-22, 1.04609398186e-21, 1.15035680631e-21, 1.62938010807e-21, 2.0167856849e-21],
        "var": [8.31797080991e-07, 0.000517007079907, 3.50708178303e-05, 4.73213367513e-06, 8.53770598042e-06, 3.25213113683e-06, 5.94041739532e-06, 2.24014220294e-05, 7.8590666817e-05, 9.36315063882e-06, 1.10816245069e-06, 1.78387210781e-06, 2.40812778429e-06, 1.18146010664e-06, 1.34323295242e-06, 6.11147697782e-07, 9.26047448502e-07, 6.97918494552e-07, 3.72689839878e-07, 3.06589029719e-08, 2.41951951807e-08, 2.85701808878e-08, 4.98786860703e-08, 6.34832630908e-08, 1.22677334957e-08, 9.49676426387e-09, 1.60508728531e-09]
    },
    "erbbands": {
        "dmean": [0.29455691576, 1.57922232151, 1.85146057606, 2.5821352005, 3.63377690315, 4.36754322052, 4.57492637634, 3.53906941414, 5.80748701096, 14.1601791382, 31.8596515656, 38.6321907043, 21.2660446167, 12.513630867, 9.76661014557, 12.1915225983, 14.1308727264, 14.3139686584, 12.4301948547, 11.7949934006, 9.51617240906, 11.2490549088, 12.3279838562, 8.48307800293, 5.71010160446, 2.45082092285, 2.09711050987, 2.00247764587, 1.67664980888, 1.51512634754, 1.19498097897, 0.952303171158, 0.666703522205, 0.35981413722, 0.196069508791, 0.12200062722, 0.0484242066741, 0.0123027367517, 0.00163436785806, 6.37347256998e-05],
        "dmean2": [0.41550680995, 2.22264885902, 2.92361283302, 4.39655590057, 6.38309764862, 7.21909809113, 7.43290424347, 5.55889987946, 9.06219768524, 22.4524936676, 49.2990493774, 60.7363204956, 32.2652893066, 18.8179950714, 15.1450481415, 18.8559055328, 20.8980674744, 21.38164711, 18.398733139, 17.6605319977, 14.4156942368, 17.0047931671, 18.948720932, 12.6753110886, 8.55193424225, 3.83268904686, 3.34191155434, 3.05144810677, 2.50964546204, 2.22767901421, 1.730291605, 1.36906027794, 0.953499913216, 0.549693524837, 0.280847460032, 0.171563401818, 0.0723057761788, 0.0185089856386, 0.00243769423105, 9.60580582614e-05],
        "dvar": [0.362532824278, 16.9896030426, 42.521156311, 48.3270950317, 68.888671875, 98.3475265503, 204.54119873, 164.219696045, 320.879547119, 1504.35888672, 8992.70214844, 17307.2558594, 3232.26416016, 1227.1640625, 906.872192383, 1535.13659668, 1539.65563965, 1602.26818848, 1618.38293457, 931.811157227, 545.360107422, 952.353881836, 733.220458984, 366.442352295, 145.237060547, 24.349199295, 24.256811142, 21.4611263275, 14.7906913757, 19.9351119995, 27.8280963898, 20.0877742767, 6.9985499382, 0.889622926712, 0.203776031733, 0.0903837755322, 0.0151188112795, 0.000727904494852, 9.70353175944e-06, 1.24538193091e-08],
        "dvar2": [0.733655631542, 39.1404724121, 116.843139648, 129.928955078, 189.635787964, 242.126052856, 510.043884277, 380.019805908, 820.720153809, 3609.80957031, 21478.8164062, 44387.8867188, 7593.0078125, 2572.28442383, 1966.7545166, 3709.47729492, 3038.36669922, 3316.92333984, 3771.7668457, 1890.28857422, 1112.18688965, 2026.7010498, 1635.48205566, 759.151062012, 311.008758545, 53.6958961487, 59.7357292175, 46.4127197266, 30.9825649261, 42.3027191162, 64.0087356567, 40.4893722534, 13.1991634369, 1.78737080097, 0.400945156813, 0.181318342686, 0.0332040376961, 0.00156723102555, 2.05021024158e-05, 2.78695946321e-08],
        "max": [10.9397764206, 115.033660889, 248.334701538, 116.337547302, 152.976867676, 293.97857666, 445.372253418, 502.613830566, 759.35333252, 1000.65203857, 2569.90258789, 2690.18212891, 1164.80944824, 1414.69140625, 1245.79064941, 1228.37548828, 1555.38562012, 1024.88562012, 1266.06396484, 875.627746582, 670.952209473, 1001.39746094, 915.355407715, 450.689971924, 341.584655762, 123.889717102, 80.3469314575, 186.743057251, 111.962928772, 140.104660034, 275.474822998, 191.515838623, 130.598876953, 39.4136543274, 12.2133560181, 4.00783395767, 1.55828475952, 0.362864404917, 0.0441155768931, 0.00190367305186],
        "mean": [0.40008443594, 2.24074912071, 2.42519974709, 2.64618897438, 4.00411319733, 6.02028799057, 6.52356147766, 5.39576387405, 9.61789894104, 22.4072151184, 53.3094596863, 70.8582611084, 42.127243042, 22.6862773895, 16.9871406555, 20.061170578, 27.087934494, 24.0695552826, 22.0594291687, 23.9152126312, 18.7816009521, 22.5098571777, 25.1851882935, 18.4830360413, 11.8841657639, 4.65413093567, 3.51460194588, 3.73074007034, 3.36551308632, 2.99082326889, 2.41148424149, 1.80993449688, 1.33070254326, 0.708587944508, 0.3982604146, 0.220064118505, 0.0861861631274, 0.0301359407604, 0.00493693631142, 0.000193210347788],
        "median": [0.0793274715543, 0.437959045172, 0.5733705163, 0.818684101105, 1.38020658493, 2.05597400665, 2.09298992157, 2.12781500816, 2.51343774796, 4.25191879272, 8.33670806885, 8.00394916534, 7.96021795273, 5.82591056824, 5.16151666641, 5.20998001099, 5.47393417358, 6.52943849564, 5.28330039978, 5.90291929245, 5.86090564728, 7.17207145691, 8.08995437622, 6.45402479172, 4.58369255066, 2.15352416039, 1.58337056637, 1.50155305862, 1.24622380733, 1.09619832039, 0.888132929802, 0.601102948189, 0.396687418222, 0.173520371318, 0.0824599936604, 0.0305145923048, 0.0088814496994, 0.00228879228234, 0.000197488276171, 4.12980953115e-05],
        "min": [1.1828309155e-21, 6.30950429918e-21, 4.75549106837e-20, 2.22995924875e-19, 6.20568343878e-20, 1.53497541052e-19, 3.346106878e-19, 8.28054735665e-19, 7.91846868905e-19, 5.6335218336e-19, 1.47556592891e-18, 1.81033626257e-18, 5.06816249648e-18, 3.84023272948e-18, 3.27117155233e-18, 3.60494161783e-18, 5.21838883548e-18, 6.1599536375e-18, 5.67027222744e-18, 9.21653572057e-18, 8.62169111693e-18, 9.44825051684e-18, 1.33787547073e-17, 7.82655299977e-18, 1.62772054999e-17, 1.67671396136e-17, 1.74038999405e-17, 1.68682674066e-17, 1.73532649064e-17, 1.22333759111e-17, 1.94401373671e-17, 1.8933274175e-17, 1.77377152941e-17, 1.08380934441e-17, 8.99314649717e-18, 6.69966458536e-18, 3.00316482707e-18, 1.01582401093e-18, 2.98644719669e-19, 3.17771416641e-20],
        "var": [0.623672425747, 23.2318553925, 46.1207275391, 39.4252319336, 62.9716415405, 145.756881714, 289.602722168, 216.851486206, 616.772949219, 3388.24755859, 19402.1777344, 44758.1445312, 9386.80859375, 3277.20385742, 1937.70410156, 2760.57666016, 4463.09716797, 3381.06274414, 3106.15087891, 3086.02197266, 1736.75891113, 2846.54833984, 2217.74072266, 1242.02929688, 519.606445312, 48.1725502014, 35.4188270569, 46.3998527527, 34.3660926819, 40.2244377136, 42.6091690063, 33.9127464294, 14.5182447433, 2.14305067062, 0.520980656147, 0.196601912379, 0.0290296077728, 0.00237843603827, 5.87845388509e-05, 7.34527816348e-08]
    },
    "gfcc": {
        "mean": [-19.6017055511, 78.0709915161, -113.100341797, 21.1379928589, -47.8686141968, 13.5714063644, -29.8777999878, 16.4827232361, -14.9909830093, -0.496146559715, -14.2572288513, -0.443413197994, -13.3073616028],
        "cov": [[6824.12646484, -1371.38781738, 1027.2130127, 103.215171814, 407.604949951, -49.2847175598, 112.061546326, 129.494918823, 108.706352234, 187.014434814, -46.7596702576, 123.531227112, -238.09614563], [-1371.38781738, 1309.25732422, -82.1629638672, 123.067581177, 102.940788269, 52.8980484009, 69.2024383545, 10.1647500992, 35.8660697937, -95.0882720947, 111.369216919, -74.251701355, 53.8883628845], [1027.2130127, -82.1629638672, 1478.95080566, 402.788513184, 484.435394287, 142.02255249, 127.204467773, 66.5083236694, 44.0647354126, 251.202423096, 50.0143280029, 82.1849822998, 71.1940078735], [103.215171814, 123.067581177, 402.788513184, 680.486450195, 335.047790527, 121.489814758, -0.863965511322, 31.4974193573, 74.5091781616, 80.5165405273, 33.4075622559, -12.8624658585, 71.7783279419], [407.604949951, 102.940788269, 484.435394287, 335.047790527, 563.990478516, 144.026184082, 112.99710083, 113.043197632, 124.516227722, 139.437561035, 19.3802661896, 18.2098712921, 64.9547576904], [-49.2847175598, 52.8980484009, 142.02255249, 121.489814758, 144.026184082, 288.750732422, 211.630584717, 82.0713500977, 30.2721767426, 42.2010154724, 14.6190500259, 4.04197406769, 32.1476974487], [112.061546326, 69.2024383545, 127.204467773, -0.863965511322, 112.99710083, 211.630584717, 375.472503662, 137.61605835, 31.9097976685, 40.2806587219, 22.3074035645, 15.7455720901, 13.1012687683], [129.494918823, 10.1647500992, 66.5083236694, 31.4974193573, 113.043197632, 82.0713500977, 137.61605835, 171.140899658, 89.6540374756, 53.0782814026, 11.609872818, 7.72292709351, 18.7739372253], [108.706352234, 35.8660697937, 44.0647354126, 74.5091781616, 124.516227722, 30.2721767426, 31.9097976685, 89.6540374756, 204.810562134, 66.9122390747, 15.576177597, 2.36819958687, 39.4089279175], [187.014434814, -95.0882720947, 251.202423096, 80.5165405273, 139.437561035, 42.2010154724, 40.2806587219, 53.0782814026, 66.9122390747, 158.251464844, 32.3876724243, 37.4385414124, 33.1644744873], [-46.7596702576, 111.369216919, 50.0143280029, 33.4075622559, 19.3802661896, 14.6190500259, 22.3074035645, 11.609872818, 15.576177597, 32.3876724243, 134.441116333, 54.71900177, 18.5960235596], [123.531227112, -74.251701355, 82.1849822998, -12.8624658585, 18.2098712921, 4.04197406769, 15.7455720901, 7.72292709351, 2.36819958687, 37.4385414124, 54.71900177, 112.581382751, 40.1392211914], [-238.09614563, 53.8883628845, 71.1940078735, 71.7783279419, 64.9547576904, 32.1476974487, 13.1012687683, 18.7739372253, 39.4089279175, 33.1644744873, 18.5960235596, 40.1392211914, 104.336402893]],
        "icov": [[0.000277759711025, 0.000283910572762, -0.000180171220563, -1.85757508007e-05, -0.000212419647141, 0.000199010682991, -0.000135846566991, -3.26461304212e-05, -0.000284802983515, 0.00034994375892, -7.20191019354e-05, -0.000317415746395, 0.000848076480906], [0.000283910572762, 0.00148025166709, -0.000188071790035, 3.94335256715e-05, -0.000635623640846, 0.000359294674126, -0.000448507635156, 0.000173519787495, -0.000411045679357, 0.00162799598183, -0.00183317135088, 0.00140599778388, -0.000281735614408], [-0.000180171220563, -0.000188071790035, 0.00135536876041, -0.000367656874005, -0.000516853528097, 1.79081325768e-05, -0.000234833045397, 0.000373906106688, 0.000770257087424, -0.00170519959647, 0.000258510903222, -0.000305124587612, -0.000385071587516], [-1.85757508007e-05, 3.94335256715e-05, -0.000367656874005, 0.00257804780267, -0.00114750873763, -0.000994486035779, 0.000966742751189, 0.000186004312127, -9.8062955658e-05, 0.000435395457316, -0.000956578121986, 0.00143336539622, -0.00120181008242], [-0.000212419647141, -0.000635623640846, -0.000516853528097, -0.00114750873763, 0.0041042775847, -0.000686841609422, 5.05468415213e-05, -0.000958254793659, -0.000695447495673, -0.00160844193306, 0.00117234664503, -0.000367740343791, -0.000485301832668], [0.000199010682991, 0.000359294674126, 1.79081325768e-05, -0.000994486035779, -0.000686841609422, 0.00712396763265, -0.00403854995966, 0.000222227972699, 0.000197134300834, 7.02175457263e-05, -0.000207542616408, 0.000602414947934, -0.000651321955957], [-0.000135846566991, -0.000448507635156, -0.000234833045397, 0.000966742751189, 5.05468415213e-05, -0.00403854995966, 0.00643895426765, -0.00378448422998, 0.000998765812255, 8.54990794323e-05, -0.000127496372443, -0.000462891213829, 0.000298510858556], [-3.26461304212e-05, 0.000173519787495, 0.000373906106688, 0.000186004312127, -0.000958254793659, 0.000222227972699, -0.00378448422998, 0.0115322424099, -0.00370489875786, -0.00116723019164, 1.84399741556e-05, 0.0002180015872, 6.42518425593e-05], [-0.000284802983515, -0.000411045679357, 0.000770257087424, -9.8062955658e-05, -0.000695447495673, 0.000197134300834, 0.000998765812255, -0.00370489875786, 0.00828000064939, -0.00275794183835, -0.000345101027051, 0.00159095216077, -0.00278364494443], [0.00034994375892, 0.00162799598183, -0.00170519959647, 0.000435395457316, -0.00160844193306, 7.02175457263e-05, 8.54990794323e-05, -0.00116723019164, -0.00275794183835, 0.0130997831002, -0.00301673961803, -0.00036371636088, -0.00044386216905], [-7.20191019354e-05, -0.00183317135088, 0.000258510903222, -0.000956578121986, 0.00117234664503, -0.000207542616408, -0.000127496372443, 1.84399741556e-05, -0.000345101027051, -0.00301673961803, 0.0124243050814, -0.00746205030009, 0.00235651060939], [-0.000317415746395, 0.00140599778388, -0.000305124587612, 0.00143336539622, -0.000367740343791, 0.000602414947934, -0.000462891213829, 0.0002180015872, 0.00159095216077, -0.00036371636088, -0.00746205030009, 0.0171732343733, -0.00792822986841], [0.000848076480906, -0.000281735614408, -0.000385071587516, -0.00120181008242, -0.000485301832668, -0.000651321955957, 0.000298510858556, 6.42518425593e-05, -0.00278364494443, -0.00044386216905, 0.00235651060939, -0.00792822986841, 0.0170310735703]]
    },
    "melbands": {
        "dmean": [0.00235142977908, 0.0011458680965, 0.000479275302496, 0.000273473298876, 0.000168408296304, 8.22383080958e-05, 9.57661686698e-05, 0.000170055485796, 0.000296658457955, 0.000228010583669, 0.000108226231532, 5.79466941417e-05, 3.36546945618e-05, 3.39495527442e-05, 3.54373005393e-05, 3.64846346201e-05, 2.74843769148e-05, 2.256577136e-05, 1.8266709958e-05, 1.5149446881e-05, 1.16893143058e-05, 1.24215694086e-05, 1.30936923597e-05, 1.05532926682e-05, 7.37308118914e-06, 5.36771085535e-06, 3.09501569973e-06, 1.47929210925e-06, 1.40383144753e-06, 1.24661812606e-06, 1.24038774629e-06, 1.01784223716e-06, 9.36703600019e-07, 8.91414345006e-07, 7.4089592772e-07, 6.76161107549e-07, 5.81571782732e-07, 5.33000218184e-07, 3.58964285851e-07, 3.16635464515e-07],
        "dmean2": [0.00316814193502, 0.0017544432776, 0.000808488111943, 0.000462742929813, 0.000273036246654, 0.000128234809381, 0.000150211548316, 0.000267659779638, 0.000459492468508, 0.000357277924195, 0.000164903962286, 8.71034571901e-05, 5.26833064214e-05, 5.31424775545e-05, 5.2833569498e-05, 5.41565386811e-05, 4.18462550442e-05, 3.38500394719e-05, 2.7346675779e-05, 2.37100975937e-05, 1.79273520189e-05, 1.90748232853e-05, 2.00936265173e-05, 1.62830219779e-05, 1.11478175313e-05, 8.10916571936e-06, 4.84588417748e-06, 2.36372625295e-06, 2.25079065785e-06, 1.98031330001e-06, 1.9098147277e-06, 1.5469012169e-06, 1.425155574e-06, 1.33337334773e-06, 1.08951280708e-06, 9.94049287328e-07, 8.5315252818e-07, 7.79182869337e-07, 5.4137672123e-07, 4.92305105126e-07],
        "dvar": [2.56771527347e-05, 1.35290001708e-05, 1.47911703152e-06, 3.12763006605e-07, 2.18045400402e-07, 7.47953166069e-08, 7.93949226363e-08, 1.91751709622e-07, 8.07515789347e-07, 5.7181637203e-07, 8.50983710166e-08, 2.83898522468e-08, 1.03211155178e-08, 1.15776588316e-08, 1.15816289892e-08, 1.09716742358e-08, 6.23733109606e-09, 5.18966070118e-09, 2.89555956989e-09, 1.8099819421e-09, 1.02163655313e-09, 1.39253708564e-09, 8.84111395205e-10, 5.85000048403e-10, 3.11876718895e-10, 1.66186134298e-10, 4.27196264474e-11, 9.2708297636e-12, 1.02350385112e-11, 9.00824293631e-12, 8.41051620709e-12, 4.87048075481e-12, 6.96710874756e-12, 7.00434155121e-12, 1.03591128731e-11, 8.56766740887e-12, 8.08287031057e-12, 4.76624078746e-12, 1.36277642816e-12, 5.70437360542e-13],
        "dvar2": [5.35094623046e-05, 3.62193641195e-05, 3.95226606997e-06, 8.22507672638e-07, 5.37664277545e-07, 1.70935635424e-07, 1.97052642648e-07, 4.52761611314e-07, 1.96291080101e-06, 1.455164238e-06, 2.00941201456e-07, 5.88379762689e-08, 2.4007704269e-08, 2.79724954311e-08, 2.31387282668e-08, 2.28067413843e-08, 1.33685755799e-08, 1.20498047096e-08, 5.95153615279e-09, 4.28154445231e-09, 2.07008610253e-09, 3.06743941358e-09, 1.93225435652e-09, 1.27916333081e-09, 6.63344768004e-10, 3.43437472905e-10, 9.84298198503e-11, 2.10629499953e-11, 2.56207416394e-11, 2.10467251266e-11, 1.87446794198e-11, 1.01922238011e-11, 1.60694096918e-11, 1.48824182145e-11, 2.49054908641e-11, 1.78729652606e-11, 1.65171591682e-11, 9.4253120933e-12, 2.65648484113e-12, 1.22308933814e-12],
        "max": [0.0967369228601, 0.145069867373, 0.0178045090288, 0.0109344292432, 0.0119483591989, 0.0100100599229, 0.0108981868252, 0.0111482525244, 0.0260221567005, 0.0145335439593, 0.00637585669756, 0.00702846096829, 0.00365109113045, 0.00253638182767, 0.0047046514228, 0.00273637985811, 0.00205806572922, 0.00193107500672, 0.00163114070892, 0.00145309127402, 0.00109689764213, 0.00124414078891, 0.000850593147334, 0.000759469869081, 0.00044349548989, 0.00046311240294, 0.000119085576443, 7.37029040465e-05, 4.81336464873e-05, 7.16625509085e-05, 0.000126296523376, 4.8512880312e-05, 0.000109296284791, 8.61513763084e-05, 0.000176494431798, 0.000104208207631, 0.000135755646625, 0.000113807545858, 4.42526543338e-05, 2.9286085919e-05],
        "mean": [0.00339650642127, 0.00186849164311, 0.000506677490193, 0.00035836052848, 0.000245294708293, 0.000126344559249, 0.000155444882694, 0.000267171650194, 0.000494963489473, 0.000418692594394, 0.000205112184631, 9.91658380372e-05, 5.59829459235e-05, 5.11344514962e-05, 5.68946015846e-05, 6.14467644482e-05, 4.18575691583e-05, 3.60490521416e-05, 3.31923729391e-05, 2.67630384769e-05, 2.09658319363e-05, 2.25977037189e-05, 2.39420678554e-05, 2.12214745261e-05, 1.43525376188e-05, 1.07855621536e-05, 5.36344214197e-06, 2.5072297376e-06, 2.18173818212e-06, 2.08526648748e-06, 2.19042954086e-06, 1.94333551917e-06, 1.71518001935e-06, 1.66353720488e-06, 1.4055125348e-06, 1.24227108245e-06, 1.04125979306e-06, 1.01490707038e-06, 6.64579886234e-07, 5.86741293773e-07],
        "median": [0.0006828175392, 0.000507405376993, 0.000172192812897, 0.000136280301376, 8.26600298751e-05, 4.90049897053e-05, 3.60240373993e-05, 4.08599662478e-05, 6.31088259979e-05, 4.2776180635e-05, 3.49894144165e-05, 2.17746619455e-05, 1.62667638506e-05, 1.27106313812e-05, 1.13644782687e-05, 1.150792923e-05, 1.04794598883e-05, 7.43715963836e-06, 7.8519269664e-06, 6.86039220454e-06, 6.21405843049e-06, 6.35144078842e-06, 6.96147935741e-06, 6.60081832393e-06, 4.60945193481e-06, 3.65126766155e-06, 1.9425103801e-06, 9.7922486475e-07, 8.72724569945e-07, 8.98813368622e-07, 7.90191620581e-07, 6.9439465733e-07, 6.07928654972e-07, 5.54401424324e-07, 4.98457950471e-07, 3.93975625457e-07, 3.3348592865e-07, 2.85444656356e-07, 1.85284861232e-07, 1.25357161096e-07],
        "min": [9.88122831145e-24, 1.99296588472e-23, 3.12221364411e-23, 5.71332707822e-24, 1.12654930289e-23, 1.71488705138e-23, 1.20377468344e-23, 7.49688597023e-24, 1.27704944857e-23, 1.28153854044e-23, 2.54248733793e-23, 1.46473578734e-23, 1.32651647047e-23, 7.59497609063e-24, 1.1130922036e-23, 1.06292672425e-23, 1.12470163288e-23, 8.64233803702e-24, 1.04488184659e-23, 1.54887853139e-23, 7.80770426663e-24, 8.22364458954e-24, 1.30684811706e-23, 1.0640528232e-23, 5.37967441405e-24, 9.17305209961e-24, 1.4840357427e-23, 1.03526263449e-23, 1.07812610175e-23, 7.61096551231e-24, 1.17720135164e-23, 1.11720556102e-23, 6.85893652276e-24, 6.95507421242e-24, 1.06216113475e-23, 1.29302309304e-23, 1.09618557334e-23, 1.33177896157e-23, 1.06586996429e-23, 8.72042737802e-24],
        "var": [4.46867124992e-05, 1.7065949578e-05, 1.23150141462e-06, 3.96815835302e-07, 3.22979445855e-07, 1.05250137494e-07, 1.52779008999e-07, 4.52690443353e-07, 1.80743472811e-06, 1.50097946516e-06, 2.37223247268e-07, 7.7741852067e-08, 2.13362074675e-08, 1.98196374868e-08, 2.58024641653e-08, 2.67797357623e-08, 1.17672582789e-08, 9.46918188305e-09, 8.19237833127e-09, 3.8344492026e-09, 2.83863843542e-09, 3.53446094614e-09, 2.62312349619e-09, 1.81652393128e-09, 8.94514906591e-10, 6.07595695978e-10, 1.09566265782e-10, 1.66887493408e-11, 1.42869726466e-11, 1.51234198775e-11, 1.72098845591e-11, 1.1615521045e-11, 1.2619929407e-11, 1.35843827506e-11, 1.44840250904e-11, 1.46408111329e-11, 1.27975815709e-11, 9.02922007995e-12, 3.08220875038e-12, 1.29350306508e-12]
    },
    "mfcc": {
        "mean": [-667.741699219, 117.630653381, -5.42100429535, 15.2916116714, 6.75489330292, 1.16923594475, 0.349582850933, 12.6553478241, 2.92784547806, 6.08773851395, 6.3605055809, 1.01411962509, -4.86800384521],
        "cov": [[5663.71728516, -932.682800293, 264.769805908, 192.779067993, 166.629623413, 16.5944728851, -32.9388160706, 99.8146514893, -29.4968986511, 106.179046631, 261.616119385, -54.0969429016, -39.5987625122], [-932.682800293, 1006.88140869, 17.1026725769, 15.9203414917, 46.4971733093, 2.46528482437, 108.707984924, 61.3750038147, 9.12865257263, 9.56186771393, 13.301782608, 45.3047027588, 23.3769931793], [264.769805908, 17.1026725769, 815.354675293, 305.308502197, 225.105926514, 177.733657837, 176.088256836, -43.3414344788, 61.219581604, 43.6140022278, -10.0945100784, 75.5531387329, 126.154380798], [192.779067993, 15.9203414917, 305.308502197, 545.936218262, 374.221984863, 154.476211548, 72.4095840454, -20.6432876587, 87.5859451294, 87.8079071045, -2.94669604301, 38.521697998, 109.374885559], [166.629623413, 46.4971733093, 225.105926514, 374.221984863, 501.629333496, 145.885192871, 22.4258460999, -33.0378913879, 96.564491272, 114.492156982, -12.8621377945, 41.3693351746, 108.303512573], [16.5944728851, 2.46528482437, 177.733657837, 154.476211548, 145.885192871, 252.043060303, 161.401687622, 52.0403022766, 104.561889648, 71.806060791, 25.3025989532, 38.4914016724, 44.2828826904], [-32.9388160706, 108.707984924, 176.088256836, 72.4095840454, 22.4258460999, 161.401687622, 322.256317139, 107.851837158, 88.9640579224, 55.291015625, 55.9697914124, 36.309589386, 49.2611923218], [99.8146514893, 61.3750038147, -43.3414344788, -20.6432876587, -33.0378913879, 52.0403022766, 107.851837158, 190.898361206, 66.554649353, 43.4389457703, 63.7985839844, 13.8663682938, -13.8057231903], [-29.4968986511, 9.12865257263, 61.219581604, 87.5859451294, 96.564491272, 104.561889648, 88.9640579224, 66.554649353, 233.889343262, 122.472267151, 19.0926628113, 46.7736053467, 51.4330406189], [106.179046631, 9.56186771393, 43.6140022278, 87.8079071045, 114.492156982, 71.806060791, 55.291015625, 43.4389457703, 122.472267151, 172.224990845, 47.3896560669, 25.4443378448, 31.2928256989], [261.616119385, 13.301782608, -10.0945100784, -2.94669604301, -12.8621377945, 25.3025989532, 55.9697914124, 63.7985839844, 19.0926628113, 47.3896560669, 127.03162384, 32.5858840942, -8.65699863434], [-54.0969429016, 45.3047027588, 75.5531387329, 38.521697998, 41.3693351746, 38.4914016724, 36.309589386, 13.8663682938, 46.7736053467, 25.4443378448, 32.5858840942, 113.90486908, 62.919303894], [-39.5987625122, 23.3769931793, 126.154380798, 109.374885559, 108.303512573, 44.2828826904, 49.2611923218, -13.8057231903, 51.4330406189, 31.2928256989, -8.65699863434, 62.919303894, 134.982574463]],
