{
"lowlevel": {
    "average_loudness": 0.528137147427,
    "barkbands_crest": {
        "dmean": 2.55833172798,
        "dmean2": 4.19855976105,
        "dvar": 5.16517162323,
        "dvar2": 13.2210617065,
        "max": 26.3125190735,
        "mean": 9.42872905731,
        "median": 8.58793449402,
        "min": 2.24125266075,
        "var": 14.8057260513
    },
    "barkbands_flatness_db": {
        "dmean": 0.0186975523829,
        "dmean2": 0.0283868443221,
        "dvar": 0.000342022714904,
        "dvar2": 0.000798522029072,
        "max": 0.41162365675,
        "mean": 0.106429837644,
        "median": 0.0964709967375,
        "min": 0.0165496841073,
        "var": 0.00233712163754
    },
    "barkbands_kurtosis": {
        "dmean": 2.35848641396,
        "dmean2": 3.78897476196,
        "dvar": 41.8345909119,
        "dvar2": 100.06060791,
        "max": 185.537521362,
        "mean": 2.99334096909,
        "median": 1.06657171249,
        "min": -1.93140339851,
        "var": 67.5061798096
    },
    "barkbands_skewness": {
        "dmean": 0.485845386982,
        "dmean2": 0.745608985424,
        "dvar": 0.340386360884,
        "dvar2": 0.786627948284,
        "max": 12.6281242371,
        "mean": 1.16836774349,
        "median": 1.03429389,
        "min": -3.02878522873,
        "var": 1.28935432434
    },
    "barkbands_spread": {
        "dmean": 6.09871816635,
        "dmean2": 9.14038467407,
        "dvar": 58.6830406189,
        "dvar2": 117.083259583,
        "max": 117.854125977,
        "mean": 25.2340602875,
        "median": 22.8337402344,
        "min": 0.629478573799,
        "var": 232.560195923
    },
    "dissonance": {
        "dmean": 0.021472454071,
        "dmean2": 0.03629520908,
        "dvar": 0.000435036083218,
        "dvar2": 0.00117257784586,
        "max": 0.500000059605,
        "mean": 0.461985647678,
        "median": 0.469430744648,
        "min": 0.263615012169,
        "var": 0.000893802847713
    },
    "dynamic_complexity": 3.35641670227,
    "erbbands_crest": {
        "dmean": 2.88102078438,
        "dmean2": 4.67156648636,
        "dvar": 7.29761457443,
        "dvar2": 18.2069377899,
        "max": 32.0351066589,
        "mean": 9.71379566193,
        "median": 8.89744853973,
        "min": 2.21932578087,
        "var": 21.7685565948
    },
    "erbbands_flatness_db": {
        "dmean": 0.0176040828228,
        "dmean2": 0.0256234258413,
        "dvar": 0.000293116929242,
        "dvar2": 0.000567548850086,
        "max": 0.396603643894,
        "mean": 0.146876990795,
        "median": 0.142542004585,
        "min": 0.0381810553372,
        "var": 0.00254342425615
    },
    "erbbands_kurtosis": {
        "dmean": 0.995619177818,
        "dmean2": 1.57020878792,
        "dvar": 2.43094277382,
        "dvar2": 5.84800386429,
        "max": 46.568107605,
        "mean": 0.979573011398,
        "median": 0.259505629539,
        "min": -1.81644046307,
        "var": 6.3429517746
    },
    "erbbands_skewness": {
        "dmean": 0.353136181831,
        "dmean2": 0.539239943027,
        "dvar": 0.119091741741,
        "dvar2": 0.260920733213,
        "max": 5.47768068314,
        "mean": 0.538369476795,
        "median": 0.506213247776,
        "min": -4.02659416199,
        "var": 0.532452344894
    },
    "erbbands_spread": {
        "dmean": 7.85678386688,
        "dmean2": 11.8749685287,
        "dvar": 93.3693084717,
        "dvar2": 202.606460571,
        "max": 171.326553345,
        "mean": 35.7885894775,
        "median": 31.9032402039,
        "min": 3.21531057358,
        "var": 407.085632324
    },
    "hfc": {
        "dmean": 6.60652160645,
        "dmean2": 9.03112888336,
        "dvar": 84.4454956055,
        "dvar2": 157.826278687,
        "max": 172.731185913,
        "mean": 23.6906032562,
        "median": 15.7794780731,
        "min": 1.15648942004e-16,
        "var": 506.079071045
    },
    "melbands_crest": {
        "dmean": 3.04334235191,
        "dmean2": 4.97267961502,
        "dvar": 7.17571020126,
        "dvar2": 18.5865020752,
        "max": 33.872341156,
        "mean": 12.4407815933,
        "median": 11.5619792938,
        "min": 3.0855755806,
        "var": 22.4024200439
    },
    "melbands_flatness_db": {
        "dmean": 0.0219257194549,
        "dmean2": 0.0331983678043,
        "dvar": 0.000504951633047,
        "dvar2": 0.00118664139882,
        "max": 0.545250594616,
        "mean": 0.170014232397,
        "median": 0.159586310387,
        "min": 0.0125523814932,
        "var": 0.00331515679136
    },
    "melbands_kurtosis": {
        "dmean": 5.63512992859,
        "dmean2": 9.01316261292,
        "dvar": 148.347579956,
        "dvar2": 365.005767822,
        "max": 256.369171143,
        "mean": 9.50149822235,
        "median": 4.6268901825,
        "min": -1.88187777996,
        "var": 280.294189453
    },
    "melbands_skewness": {
        "dmean": 0.665382802486,
        "dmean2": 1.02822732925,
        "dvar": 0.657097876072,
        "dvar2": 1.54795026779,
        "max": 12.3615074158,
        "mean": 2.0407781601,
        "median": 1.81752562523,
        "min": -1.0515307188,
        "var": 2.61219978333
    },
    "melbands_spread": {
        "dmean": 6.97195053101,
        "dmean2": 10.6189002991,
        "dvar": 95.3098449707,
        "dvar2": 185.158309937,
        "max": 285.769165039,
        "mean": 27.9210338593,
        "median": 25.246843338,
        "min": 0.567021489143,
        "var": 319.703430176
    },
    "pitch_salience": {
        "dmean": 0.0682168826461,
        "dmean2": 0.111800089478,
        "dvar": 0.00353349815123,
        "dvar2": 0.00903398077935,
        "max": 0.876451194286,
        "mean": 0.57011115551,
        "median": 0.575387775898,
        "min": 0.062079012394,
        "var": 0.0107863079756
    },
    "silence_rate_20dB": {
        "dmean": 0.000733227410819,
        "dmean2": 0.00146663410123,
        "dvar": 0.00073263066588,
        "dvar2": 0.00219756294973,
        "max": 1,
        "mean": 0.999633431435,
        "median": 1,
        "min": 0,
        "var": 0.000366536027286
    },
    "silence_rate_30dB": {
        "dmean": 0.00244409148581,
        "dmean2": 0.00488878041506,
        "dvar": 0.00243787490763,
        "dvar2": 0.00633231457323,
        "max": 1,
        "mean": 0.995967745781,
        "median": 1,
        "min": 0,
        "var": 0.00401681056246
    },
    "silence_rate_60dB": {
        "dmean": 0.0183306857944,
        "dmean2": 0.0366658531129,
        "dvar": 0.0179943740368,
        "dvar2": 0.0419197306037,
        "max": 1,
        "mean": 0.0513196475804,
        "median": 0,
        "min": 0,
        "var": 0.0486842393875
    },
    "spectral_centroid": {
        "dmean": 231.091705322,
        "dmean2": 347.316711426,
        "dvar": 75240.59375,
        "dvar2": 138645.734375,
        "max": 10827.2392578,
        "mean": 1446.12646484,
        "median": 1428.84094238,
        "min": 140.651184082,
        "var": 303689.90625
    },
    "spectral_complexity": {
        "dmean": 2.93804216385,
        "dmean2": 4.50696659088,
        "dvar": 7.8212184906,
        "dvar2": 16.7203769684,
        "max": 48,
        "mean": 17.3250236511,
        "median": 17,
        "min": 0,
        "var": 62.90990448
    },
    "spectral_decrease": {
        "dmean": 1.8023083026e-09,
        "dmean2": 2.83457635142e-09,
        "dvar": 1.73249058463e-17,
        "dvar2": 4.42490507954e-17,
        "max": -1.34249414371e-28,
        "mean": -5.37957589586e-09,
        "median": -4.27375557166e-09,
        "min": -1.68788901078e-07,
        "var": 2.8572720873e-17
    },
    "spectral_energy": {
        "dmean": 0.00725209852681,
        "dmean2": 0.0112859560177,
        "dvar": 0.000256737315794,
        "dvar2": 0.00065150030423,
        "max": 0.642464399338,
        "mean": 0.0224525537342,
        "median": 0.017722113058,
        "min": 1.09963896215e-20,
        "var": 0.000458245136542
    },
    "spectral_energyband_high": {
        "dmean": 0.000340185855748,
        "dmean2": 0.00046477917931,
        "dvar": 4.06187041335e-07,
        "dvar2": 7.83900588885e-07,
        "max": 0.0193363651633,
        "mean": 0.000894569442607,
        "median": 0.000521868467331,
        "min": 7.48335032878e-21,
        "var": 1.34300444188e-06
    },
    "spectral_energyband_low": {
        "dmean": 0.00320938578807,
        "dmean2": 0.00549792032689,
        "dvar": 0.000216246946366,
        "dvar2": 0.000569593685213,
        "max": 0.636820614338,
        "mean": 0.00524037703872,
        "median": 0.00340652046725,
        "min": 8.99462927556e-23,
        "var": 0.000241501402343
    },
    "spectral_energyband_middle_high": {
        "dmean": 0.002640475519,
        "dmean2": 0.00372577412054,
        "dvar": 2.44409202423e-05,
        "dvar2": 4.72014871775e-05,
        "max": 0.111683309078,
        "mean": 0.00852067023516,
        "median": 0.00351921981201,
        "min": 1.62426960207e-21,
        "var": 0.000126702987473
    },
    "spectral_energyband_middle_low": {
        "dmean": 0.00369175197557,
        "dmean2": 0.00584055995569,
        "dvar": 3.12415977533e-05,
        "dvar2": 7.43636555853e-05,
        "max": 0.118962086737,
        "mean": 0.00851811747998,
        "median": 0.00575184077024,
        "min": 7.4070686657e-22,
        "var": 7.46020305087e-05
    },
    "spectral_entropy": {
        "dmean": 0.149840086699,
        "dmean2": 0.215037077665,
        "dvar": 0.0215087067336,
        "dvar2": 0.0402695760131,
        "max": 9.79653835297,
        "mean": 7.68018245697,
        "median": 7.69825315475,
        "min": 5.83058643341,
        "var": 0.137030899525
    },
    "spectral_flux": {
        "dmean": 0.0256676431745,
        "dmean2": 0.0408724956214,
        "dvar": 0.0008341546054,
        "dvar2": 0.00202465266921,
        "max": 0.592952847481,
        "mean": 0.0849630460143,
        "median": 0.0756183043122,
        "min": 1.048636733e-10,
        "var": 0.00224844831973
    },
    "spectral_kurtosis": {
        "dmean": 1.04843711853,
        "dmean2": 1.68012142181,
        "dvar": 1.32227528095,
        "dvar2": 3.42603206635,
        "max": 18.6303691864,
        "mean": 4.14016199112,
        "median": 3.82375836372,
        "min": -1.45210075378,
        "var": 5.12521600723
    },
    "spectral_rms": {
        "dmean": 0.000696740462445,
        "dmean2": 0.00106135732494,
        "dvar": 7.72813280037e-07,
        "dvar2": 1.74260117092e-06,
        "max": 0.0250358656049,
        "mean": 0.00432092323899,
        "median": 0.00415810849518,
        "min": 3.27539080927e-12,
        "var": 3.2345424188e-06
    },
    "spectral_rolloff": {
        "dmean": 520.670532227,
        "dmean2": 858.426391602,
        "dvar": 1116766.75,
        "dvar2": 2224326,
        "max": 18410.8886719,
        "mean": 1725.76647949,
        "median": 1485.79101562,
        "min": 64.599609375,
        "var": 2528165
    },
    "spectral_skewness": {
        "dmean": 0.168229430914,
        "dmean2": 0.259319514036,
        "dvar": 0.0293070133775,
        "dvar2": 0.0625557079911,
        "max": 3.40021729469,
        "mean": 1.61035513878,
        "median": 1.60583281517,
        "min": -0.208249509335,
        "var": 0.147304475307
    },
    "spectral_spread": {
        "dmean": 602381.6875,
        "dmean2": 845590.25,
        "dvar": 817722818560,
        "dvar2": 1.25010837504e+12,
        "max": 41428160,
        "mean": 5282348,
        "median": 4980543.5,
        "min": 2299086.5,
        "var": 3.47623417446e+12
    },
    "spectral_strongpeak": {
        "dmean": 0.74863243103,
        "dmean2": 1.22127103806,
        "dvar": 1.18072617054,
        "dvar2": 2.8322520256,
        "max": 15.3713436127,
        "mean": 1.48320662975,
        "median": 0.683432579041,
        "min": 0,
        "var": 3.26549220085
    },
    "zerocrossingrate": {
        "dmean": 0.0119003858417,
        "dmean2": 0.0132337231189,
        "dvar": 0.000259589200141,
        "dvar2": 0.000261448207311,
        "max": 0.60400390625,
        "mean": 0.0750770643353,
        "median": 0.0693359375,
        "min": 0.0029296875,
        "var": 0.00168144446798
    },
    "barkbands": {
        "dmean": [0.000277516199276, 0.00179046206176, 0.00132885249332, 0.000890019582585, 0.0011197073618, 0.000768051773775, 0.000899413891602, 0.000678443873767, 0.000991326756775, 0.000973678834271, 0.000895818462595, 0.000617108715232, 0.000620837090537, 0.000632097187918, 0.000478000030853, 0.000242664144025, 0.000183037685929, 0.000149408762809, 0.00018021237338, 0.000123009609524, 4.8113601224e-05, 6.06415851507e-05, 8.5344647232e-05, 7.42890915717e-05, 5.59095678909e-05, 4.9481230235e-05, 1.68491114891e-05],
        "dmean2": [0.000475305743748, 0.00304861809127, 0.00234744348563, 0.00157440826297, 0.00188003736548, 0.00119499093853, 0.00142703554593, 0.00108489452396, 0.00155702442862, 0.0015012701042, 0.00131506356411, 0.000930080888793, 0.000930550799239, 0.000956018746365, 0.000748927064706, 0.000373597547878, 0.000280923908576, 0.000233525104704, 0.000276907929219, 0.000187440164154, 7.32203843654e-05, 8.76768317539e-05, 0.00012554989371, 0.000107306463178, 8.0851947132e-05, 7.46150981286e-05, 2.38577085838e-05],
        "dvar": [4.6043348334e-07, 0.000139119729283, 2.3725157007e-05, 3.41185977959e-06, 4.91182254336e-06, 3.10414930027e-06, 6.47877459414e-06, 4.73701811643e-06, 8.60037380335e-06, 1.03193606265e-05, 6.23571349934e-06, 2.83188887806e-06, 3.19448213304e-06, 3.39858138432e-06, 1.94301674128e-06, 6.07259551089e-07, 1.31505913714e-07, 9.14662123819e-08, 2.8744221936e-07, 6.52045386573e-08, 6.30970875548e-09, 1.91861602161e-08, 3.41255557146e-08, 3.26465858791e-08, 2.97361388846e-08, 1.72009322341e-08, 2.18577933531e-09],
        "dvar2": [1.30976286528e-06, 0.000354280375177, 6.51306108921e-05, 9.69984921539e-06, 1.26309651023e-05, 6.76262607158e-06, 1.57538452186e-05, 1.21176899484e-05, 2.13568710024e-05, 2.22346516239e-05, 1.35376994876e-05, 6.12569874647e-06, 6.71710677125e-06, 7.0503333518e-06, 4.15687736677e-06, 1.33905450639e-06, 2.68177643648e-07, 2.14787434061e-07, 5.89574085552e-07, 1.4230752754e-07, 1.39310660785e-08, 3.87391168033e-08, 6.87281485057e-08, 6.44324629206e-08, 5.47040279741e-08, 4.07754505716e-08, 4.85260498451e-09],
        "max": [0.0175793766975, 0.413601875305, 0.216980859637, 0.0399047285318, 0.0364511273801, 0.0623357333243, 0.05786216259, 0.0947572737932, 0.099671959877, 0.107496157289, 0.0582578666508, 0.0443524233997, 0.0393780134618, 0.0589706376195, 0.0404049009085, 0.0244235266, 0.0100290142, 0.00711747771129, 0.0204184092581, 0.00878307595849, 0.00272567756474, 0.00468724872917, 0.00595284439623, 0.00529231922701, 0.00934115611017, 0.00240000663325, 0.000678908487316],
        "mean": [0.000307002163026, 0.0029921354726, 0.00142943311948, 0.00112251960672, 0.00170412450098, 0.00135471392423, 0.00138204800896, 0.00102451699786, 0.00151960318908, 0.00153041351587, 0.00150988460518, 0.00116485636681, 0.00107286067214, 0.00117957929615, 0.000743297976442, 0.00039325360558, 0.000346753979102, 0.000276294187643, 0.000353388895746, 0.000255115010077, 0.000104293954792, 0.000132779940031, 0.000187255296623, 0.000157612113981, 0.00010653341451, 7.88514589658e-05, 2.34494273172e-05],
        "median": [9.75253205979e-05, 0.00166689651087, 0.000498825800605, 0.000473856693134, 0.000749579980038, 0.000503379153088, 0.000374386145268, 0.000271764292847, 0.000441591633717, 0.000251516990829, 0.000243610193138, 0.000209744874155, 0.000203341507586, 0.000175777560798, 0.000199686168344, 0.000139556213981, 0.000169692852069, 0.000145544792758, 0.000162023759913, 0.000135388851049, 5.47081981495e-05, 5.98633851041e-05, 8.37333209347e-05, 7.97391985543e-05, 3.59531004506e-05, 2.14528427023e-05, 3.7556933421e-06],
        "min": [3.0167315026e-24, 3.54673630036e-23, 2.17693424316e-23, 8.62604190621e-23, 7.58399893336e-23, 2.4669876695e-22, 1.1921900875e-22, 1.76498931141e-22, 3.47824234786e-23, 4.41925590458e-23, 6.04450721565e-23, 5.21868123504e-23, 4.00042566862e-23, 1.01082743129e-22, 1.92672069067e-22, 1.70649748409e-22, 3.34260535138e-22, 1.89517761406e-22, 2.87754294389e-22, 2.36518775715e-22, 4.47075924468e-22, 4.62066957484e-22, 6.42120811408e-22, 9.56749085104e-22, 1.34960918702e-21, 1.66102582496e-21, 2.11334771231e-21],
        "var": [4.84700535708e-07, 0.000139066964039, 2.26879001275e-05, 3.24186521539e-06, 7.33158367439e-06, 7.94776133262e-06, 9.98242376227e-06, 6.51305072097e-06, 1.44562427522e-05, 2.15298659896e-05, 1.3054934243e-05, 8.65560741659e-06, 8.16548163129e-06, 9.42890892475e-06, 3.54266785507e-06, 1.03590718936e-06, 4.18043129002e-07, 1.7771681371e-07, 6.18215494796e-07, 1.7293356791e-07, 2.32113723797e-08, 5.32399297981e-08, 9.48917318055e-08, 8.01639927772e-08, 7.65433085803e-08, 2.72043045868e-08, 3.16038617498e-09]
    },
    "erbbands": {
        "dmean": [0.0487115755677, 0.431699216366, 1.27061724663, 2.49950933456, 3.85211181641, 3.49024438858, 4.3837480545, 6.76440477371, 10.7162885666, 15.3597488403, 14.3124399185, 21.4766750336, 23.9064617157, 33.2350196838, 29.8394966125, 20.8827571869, 25.4144058228, 27.1055107117, 26.8614940643, 18.7269382477, 10.9598827362, 9.94565963745, 7.49048376083, 9.86670017242, 7.26413583755, 5.26502990723, 2.63117432594, 1.74900949001, 1.97717213631, 2.54822969437, 2.39067721367, 1.76327753067, 1.15989160538, 0.690210461617, 0.39110147953, 0.239354163408, 0.0804920718074, 0.0246574096382, 0.00304536824115, 9.08031724975e-05],
        "dmean2": [0.0800075531006, 0.746171951294, 2.22385287285, 4.41451406479, 6.60327243805, 5.7662653923, 7.054022789, 10.5246248245, 17.0208015442, 25.0213603973, 22.1558799744, 33.6191825867, 36.5270195007, 49.0991859436, 44.4513473511, 30.2607574463, 37.1973266602, 39.5511550903, 39.935092926, 28.9411449432, 16.6616840363, 15.3142213821, 11.5101566315, 14.886633873, 11.1130504608, 7.89621639252, 4.03908395767, 2.6486582756, 2.90047693253, 3.69682073593, 3.53404808044, 2.56567668915, 1.67880737782, 0.998907983303, 0.572624504566, 0.380827903748, 0.118772804737, 0.0352554358542, 0.00431948387995, 0.000131292574224],
        "dvar": [0.0929798260331, 8.13103199005, 33.1692504883, 33.0169143677, 63.846988678, 48.3304977417, 80.12840271, 307.262176514, 988.540588379, 2234.40820312, 1557.75256348, 4478.99267578, 5881.74072266, 10539.6464844, 6766.03613281, 2831.59619141, 5269.11230469, 6306.20458984, 5563.73144531, 4376.64013672, 897.037109375, 389.508453369, 215.489837646, 962.371032715, 405.290283203, 126.792243958, 22.859418869, 9.09450531006, 18.3325557709, 36.0880241394, 26.5951251984, 16.7308292389, 8.55767917633, 4.03915023804, 1.69599294662, 0.482033342123, 0.0419275648892, 0.00428226729855, 7.6213858847e-05, 6.92696389137e-08],
        "dvar2": [0.215321272612, 21.5282878876, 92.6345062256, 93.8288650513, 168.975097656, 119.652290344, 189.241409302, 684.368530273, 2328.09350586, 5929.21435547, 3536.61669922, 10806.2734375, 12565.5078125, 23438.9375, 14887.453125, 5500.51416016, 11285.0996094, 12988.7050781, 11982.6845703, 9670.57226562, 1980.12255859, 808.42590332, 489.107116699, 2057.65917969, 895.761230469, 279.293457031, 49.9201698303, 19.8153476715, 37.1619033813, 71.6469955444, 54.862991333, 35.5538215637, 16.6281757355, 7.21969366074, 3.29038786888, 1.18660223484, 0.09623555094, 0.00966644473374, 0.000172360028955, 1.60550726491e-07],
        "max": [12.3763809204, 109.830474854, 294.336029053, 105.951072693, 157.392837524, 130.215759277, 273.182617188, 480.530639648, 949.946716309, 950.283752441, 1555.90759277, 2190.46606445, 3037.52807617, 3929.2277832, 1876.7722168, 1614.78820801, 2031.89575195, 2323.48217773, 2178.14160156, 2307.32080078, 899.378234863, 551.678894043, 387.41696167, 1519.76025391, 912.358032227, 452.535980225, 141.548492432, 93.7487945557, 151.371017456, 231.711883545, 163.688262939, 122.810142517, 86.0050811768, 104.474685669, 72.4511108398, 15.8975830078, 3.96920371056, 0.916945934296, 0.115678541362, 0.0046625402756],
        "mean": [0.091687053442, 0.654491305351, 1.50344729424, 3.15522694588, 4.94596338272, 5.5822968483, 7.40685415268, 11.646197319, 17.6990509033, 23.6015071869, 24.0744113922, 33.1657218933, 41.690372467, 57.5701751709, 56.2425270081, 45.0894584656, 49.4804878235, 51.77576828, 54.5396537781, 31.3011074066, 20.2453937531, 19.9058818817, 15.5946969986, 19.2311878204, 15.8715829849, 11.4318113327, 5.69513702393, 3.72664523125, 4.24668550491, 5.8842754364, 5.14586496353, 3.66015982628, 2.41856098175, 1.35121703148, 0.690565347672, 0.361795514822, 0.12952658534, 0.0382674150169, 0.00416197348386, 0.00013817026047],
        "median": [0.0334959588945, 0.382086634636, 0.692482113838, 1.52737617493, 2.30856752396, 2.34267568588, 3.25300836563, 4.29412651062, 5.5427312851, 6.21838283539, 7.69505691528, 10.4201908112, 10.0289554596, 12.2902126312, 11.1468849182, 10.6957187653, 11.6889591217, 10.0408916473, 11.6273078918, 10.4638366699, 8.53546333313, 10.4412660599, 8.74731063843, 8.93126296997, 8.32848739624, 5.98526000977, 3.05243587494, 2.06011581421, 2.02924346924, 2.44846916199, 2.33828306198, 1.84159493446, 1.14809131622, 0.48205935955, 0.214577198029, 0.101518966258, 0.0343588702381, 0.00783287268132, 0.000694562448189, 4.72230603918e-05],
        "min": [1.72631220591e-21, 5.45793357156e-21, 2.08352708382e-20, 1.51809032777e-19, 3.62408454176e-19, 1.61984905275e-19, 1.36171123843e-18, 1.77352052145e-18, 1.6357079921e-18, 2.16228693075e-18, 3.8467169983e-18, 1.23378020868e-18, 6.69845173179e-19, 2.15259650987e-18, 2.3303154373e-18, 2.02691137888e-18, 2.00715334277e-18, 2.98979552042e-18, 9.46854291163e-18, 1.01011607179e-17, 1.27261538718e-17, 1.30862437904e-17, 1.17463691896e-17, 1.18776568149e-17, 1.68661895289e-17, 1.20140928123e-17, 1.69468462561e-17, 1.53975121533e-17, 1.612594229e-17, 1.70173948362e-17, 1.80554552197e-17, 1.848447079e-17, 1.76155754592e-17, 1.71768157012e-17, 7.88912011412e-18, 5.92188774848e-18, 3.04011457144e-18, 1.24746467114e-18, 3.08043378434e-19, 2.9467656625e-20],
        "var": [0.119454927742, 7.26882648468, 30.357925415, 29.5328102112, 69.261505127, 100.298301697, 213.528244019, 619.827270508, 1687.86853027, 3103.50805664, 2884.10717773, 7093.14599609, 16994.1171875, 18744.1933594, 16161.6279297, 10679.5019531, 14706.0283203, 16903.9003906, 16323.0341797, 6683.71240234, 1759.24609375, 1207.70629883, 498.342529297, 1852.79467773, 916.56048584, 339.906951904, 74.6635894775, 25.9450035095, 48.8385238647, 108.749885559, 70.2703323364, 37.8993988037, 21.5308933258, 10.7389450073, 3.90147280693, 0.697458148003, 0.0700233578682, 0.00692437030375, 0.000104021877632, 8.78698500628e-08]
    },
    "gfcc": {
        "mean": [10.3651599884, 66.4508361816, -115.007293701, 17.6435012817, -54.5363998413, 17.4962406158, -35.7732810974, 12.2856893539, -22.0782222748, 0.0154574001208, -13.052614212, 0.346256315708, -15.20271492],
        "cov": [[4885.85253906, -672.37121582, 354.372833252, 188.191848755, 203.70954895, 91.2569503784, -9.96982192993, -208.474807739, -135.453323364, 169.405960083, 118.443206787, 185.524261475, -124.750282288], [-672.37121582, 1112.64538574, 79.8655090332, 234.555953979, 114.934089661, 22.5688667297, 106.596374512, 28.3695983887, 62.0406265259, -79.825668335, 90.5667877197, -74.4378204346, 28.767873764], [354.372833252, 79.8655090332, 1100.2376709, 394.294555664, 171.749740601, -1.89004933834, -75.4197769165, 14.0699806213, -33.2895851135, 54.9504051208, -17.4180107117, 31.0638008118, -9.45081996918], [188.191848755, 234.555953979, 394.294555664, 514.05090332, 122.785881042, 56.5460472107, -26.2467479706, -29.3601474762, 4.43921041489, 10.1426477432, 35.2282752991, 6.68569850922, 16.1451129913], [203.70954895, 114.934089661, 171.749740601, 122.785881042, 286.620880127, 97.5456237793, 73.7144775391, 25.2303390503, 8.0515537262, 16.9654083252, 5.94532632828, 4.13023424149, -7.20529222488], [91.2569503784, 22.5688667297, -1.89004933834, 56.5460472107, 97.5456237793, 274.052062988, 147.01260376, -17.730424881, -1.25853097439, 14.725028038, 32.8052597046, -2.82383036613, -7.04671525955], [-9.96982192993, 106.596374512, -75.4197769165, -26.2467479706, 73.7144775391, 147.01260376, 240.404327393, 36.7809677124, 20.8234081268, 6.63055229187, 22.3827877045, -3.9803147316, -12.1858987808], [-208.474807739, 28.3695983887, 14.0699806213, -29.3601474762, 25.2303390503, -17.730424881, 36.7809677124, 167.794326782, 70.0991516113, 5.92437076569, -21.3693618774, -11.2689914703, 14.6534080505], [-135.453323364, 62.0406265259, -33.2895851135, 4.43921041489, 8.0515537262, -1.25853097439, 20.8234081268, 70.0991516113, 122.308700562, 23.4319000244, 18.1884117126, -1.64032304287, 10.6639204025], [169.405960083, -79.825668335, 54.9504051208, 10.1426477432, 16.9654083252, 14.725028038, 6.63055229187, 5.92437076569, 23.4319000244, 115.294120789, 34.6177902222, 32.1898384094, -8.72405815125], [118.443206787, 90.5667877197, -17.4180107117, 35.2282752991, 5.94532632828, 32.8052597046, 22.3827877045, -21.3693618774, 18.1884117126, 34.6177902222, 150.927444458, 44.6989250183, 1.67871332169], [185.524261475, -74.4378204346, 31.0638008118, 6.68569850922, 4.13023424149, -2.82383036613, -3.9803147316, -11.2689914703, -1.64032304287, 32.1898384094, 44.6989250183, 84.2559585571, 20.2779006958], [-124.750282288, 28.767873764, -9.45081996918, 16.1451129913, -7.20529222488, -7.04671525955, -12.1858987808, 14.6534080505, 10.6639204025, -8.72405815125, 1.67871332169, 20.2779006958, 67.0894088745]],
        "icov": [[0.000293255900033, 0.000184720862308, -1.30390935738e-05, -0.000128031431814, -0.000223483351874, 8.29681448522e-05, -8.04811861599e-05, 0.000233286351431, 0.000115209382784, -8.83457469172e-05, -0.000146582417074, -0.000437920156401, 0.000520434579812], [0.000184720862308, 0.00168469827622, -8.78858627402e-05, -0.000659921031911, -0.000593569362536, 0.000921354687307, -0.00112243031617, 0.000427852763096, -0.000499794899952, 0.00101653719321, -0.00169781863224, 0.001932162093, -0.000826671137474], [-1.30390935738e-05, -8.78858627402e-05, 0.00151727825869, -0.00107388244942, -0.000464631040813, 5.88145885558e-05, 0.000527431082446, -0.000700934848282, 0.000794110121205, -0.000674611830618, 0.000598960905336, -0.000779629161116, 0.000697489653248], [-0.000128031431814, -0.000659921031911, -0.00107388244942, 0.00348542700522, -0.000511552847456, -0.00090949551668, 0.000957628712058, 0.000791075755842, -0.000697504263371, 8.66092741489e-05, -0.000270855787676, 0.000316295801895, -0.00106114754453], [-0.000223483351874, -0.000593569362536, -0.000464631040813, -0.000511552847456, 0.00513930479065, -0.001472829259, -0.000532303121872, -0.00108458509203, 0.000172835512785, -0.000348252564436, 0.000925544998609, -0.000785003707279, 0.000575428130105], [8.29681448522e-05, 0.000921354687307, 5.88145885558e-05, -0.00090949551668, -0.001472829259, 0.00693024648353, -0.00442494591698, 0.00178991362918, -2.49010754487e-05, -0.000187614787137, -0.00153194216546, 0.00221071531996, -0.00128888490144], [-8.04811861599e-05, -0.00112243031617, 0.000527431082446, 0.000957628712058, -0.000532303121872, -0.00442494591698, 0.0081518990919, -0.00229644682258, 0.000263263907982, -0.000255243561696, 0.000569379189983, -0.00183416518848, 0.00210090959445], [0.000233286351431, 0.000427852763096, -0.000700934848282, 0.000791075755842, -0.00108458509203, 0.00178991362918, -0.00229644682258, 0.00982200074941, -0.00528127560392, 5.62482273381e-05, 0.000956656818744, 0.00124804873485, -0.00208405544981], [0.000115209382784, -0.000499794899952, 0.000794110121205, -0.000697504263371, 0.000172835512785, -2.49010754487e-05, 0.000263263907982, -0.00528127560392, 0.0125976577401, -0.00297231134027, -0.00133097684011, 0.00059804180637, -0.000610832124949], [-8.83457469172e-05, 0.00101653719321, -0.000674611830618, 8.66092741489e-05, -0.000348252564436, -0.000187614787137, -0.000255243561696, 5.62482273381e-05, -0.00297231134027, 0.0120690120384, -0.00218083104119, -0.00266970554367, 0.00207155803218], [-0.000146582417074, -0.00169781863224, 0.000598960905336, -0.000270855787676, 0.000925544998609, -0.00153194216546, 0.000569379189983, 0.000956656818744, -0.00133097684011, -0.00218083104119, 0.0108921425417, -0.00680723227561, 0.00215090881102], [-0.000437920156401, 0.001932162093, -0.000779629161116, 0.000316295801895, -0.000785003707279, 0.00221071531996, -0.00183416518848, 0.00124804873485, 0.00059804180637, -0.00266970554367, -0.00680723227561, 0.021842636168, -0.00916046556085], [0.000520434579812, -0.000826671137474, 0.000697489653248, -0.00106114754453, 0.000575428130105, -0.00128888490144, 0.00210090959445, -0.00208405544981, -0.000610832124949, 0.00207155803218, 0.00215090881102, -0.00916046556085, 0.0204259417951]]
    },
    "melbands": {
        "dmean": [0.000474981876323, 0.000616691017058, 0.000452321721241, 0.000274993741186, 0.000142697565025, 0.000151793225086, 0.000167569189216, 0.000164949626196, 0.000129542095237, 0.000136897622724, 0.000123798206914, 0.00013947453408, 0.000112437206553, 6.71185480314e-05, 6.5877866291e-05, 5.53650825168e-05, 5.72861863475e-05, 5.06349788338e-05, 3.38337340509e-05, 2.15744730667e-05, 1.24661637528e-05, 1.19545884445e-05, 8.20716559247e-06, 7.67081473896e-06, 9.17433681025e-06, 6.67356744088e-06, 5.39992561244e-06, 3.60090871254e-06, 2.15017712435e-06, 1.1799834283e-06, 1.07668211058e-06, 1.16321689347e-06, 1.35536276957e-06, 1.60580123065e-06, 1.51690187522e-06, 1.34188496759e-06, 1.07943139938e-06, 8.99253905118e-07, 7.11008681265e-07, 5.87789486417e-07],
        "dmean2": [0.000796661712229, 0.00107986247167, 0.00078988034511, 0.000463542790385, 0.000229916797252, 0.000235770465224, 0.000265081675025, 0.000269304931862, 0.000202403505682, 0.000213728024391, 0.000189171405509, 0.000208078869036, 0.000164723300259, 0.000100832847238, 9.80076220003e-05, 7.99850240583e-05, 8.4090832388e-05, 7.58866153774e-05, 5.25800060132e-05, 3.32142153638e-05, 1.94521344383e-05, 1.86837969522e-05, 1.25871220007e-05, 1.20048653116e-05, 1.40117845149e-05, 1.05945655378e-05, 8.32723162603e-06, 5.56834356757e-06, 3.39658186022e-06, 1.82009262062e-06, 1.66428014836e-06, 1.76911692051e-06, 2.0018333089e-06, 2.38355301008e-06, 2.28706153393e-06, 2.006900786e-06, 1.60860849974e-06, 1.33263290536e-06, 1.03855643374e-06, 8.69007919846e-07],
        "dvar": [9.30371697905e-06, 9.72906764218e-06, 8.90354954208e-07, 3.20424504707e-07, 7.06867950839e-08, 1.40131675153e-07, 2.3210067468e-07, 2.64861142796e-07, 1.41625264405e-07, 1.64122155866e-07, 1.62516300861e-07, 1.95167089601e-07, 1.00734276032e-07, 3.96996568952e-08, 3.07389562693e-08, 3.05585032834e-08, 2.93767836723e-08, 2.23532996557e-08, 1.23056214107e-08, 5.79340486695e-09, 1.32664201846e-09, 6.2111443766e-10, 3.57258805872e-10, 2.90099028133e-10, 1.01638941707e-09, 5.5771087748e-10, 1.51607587595e-10, 6.62557855802e-11, 2.06877640019e-11, 4.46474714838e-12, 3.945513187e-12, 6.16576191145e-12, 1.03638547397e-11, 1.48125643695e-11, 1.11402675279e-11, 9.35939346858e-12, 6.12608574979e-12, 5.03720893122e-12, 3.43819330645e-12, 3.44059589846e-12],
        "dvar2": [2.26479696721e-05, 2.71006592811e-05, 2.48211335929e-06, 8.32945261209e-07, 1.66624261055e-07, 3.09006992438e-07, 5.47490060399e-07, 7.0723058343e-07, 3.32963224992e-07, 3.90733674749e-07, 3.46213681723e-07, 4.3284691742e-07, 2.21272756562e-07, 8.69312870577e-08, 6.5827791218e-08, 6.1754384717e-08, 6.06098851108e-08, 4.80845514517e-08, 2.59065746633e-08, 1.27301351682e-08, 3.10802827919e-09, 1.30367849849e-09, 7.1268990709e-10, 6.80181855284e-10, 2.2253312526e-09, 1.33284572268e-09, 3.27257582144e-10, 1.5559506461e-10, 4.7266694031e-11, 9.33998798441e-12, 8.99596369619e-12, 1.36402061521e-11, 2.05497632799e-11, 3.10439174367e-11, 2.35507481572e-11, 2.16269883946e-11, 1.27281865603e-11, 1.03138339883e-11, 6.49788382823e-12, 6.37421278954e-12],
        "max": [0.110213801265, 0.156838700175, 0.0179979652166, 0.00995011162013, 0.00800970382988, 0.0111284703016, 0.0134651130065, 0.0144826555625, 0.0149917760864, 0.0119272684678, 0.0149410022423, 0.0166459660977, 0.00849982257932, 0.0068238642998, 0.00515902647749, 0.00528935110196, 0.00532710971311, 0.0042886394076, 0.00395926134661, 0.00234896247275, 0.00135723885614, 0.000638349447399, 0.0006279227091, 0.000428779429058, 0.00152998708654, 0.00123609672301, 0.000418256182456, 0.000236083971686, 0.000105945488031, 0.000105874110886, 6.12294461462e-05, 8.18537373561e-05, 0.00010068694246, 0.000151370521053, 9.39698074944e-05, 9.58638411248e-05, 6.24888998573e-05, 6.38239580439e-05, 6.16622855887e-05, 0.000103322963696],
        "mean": [0.000847698189318, 0.000832317455206, 0.000589048606344, 0.000400853023166, 0.000249514472671, 0.000268613715889, 0.000272824108833, 0.000252387049841, 0.000209897494642, 0.00020870246226, 0.000209702600841, 0.000232203252381, 0.00019772577798, 0.000132693880005, 0.000126540835481, 9.66013467405e-05, 9.7760304925e-05, 9.72690686467e-05, 5.19423047081e-05, 3.31982919306e-05, 2.05828291655e-05, 2.16064872802e-05, 1.48659655679e-05, 1.35587088153e-05, 1.6037518435e-05, 1.25228725665e-05, 1.05576464193e-05, 6.8175704655e-06, 3.97078474634e-06, 2.32008414969e-06, 2.03953118216e-06, 2.22823837248e-06, 2.90292723548e-06, 3.42648559126e-06, 3.01637442135e-06, 2.64686627816e-06, 2.08302776628e-06, 1.77327808615e-06, 1.36600306178e-06, 1.06845345726e-06],
        "median": [0.000428910774644, 0.000465804623673, 0.000319895509165, 0.000171579798916, 0.00011674920097, 0.00010028417455, 8.19108900032e-05, 6.43730454613e-05, 5.83528380957e-05, 6.10770657659e-05, 4.1110724851e-05, 4.25212347182e-05, 3.39432881447e-05, 1.99535024876e-05, 2.82663786493e-05, 1.76448957063e-05, 1.61064490385e-05, 1.53733108164e-05, 1.51864624058e-05, 1.05223498394e-05, 8.04983210401e-06, 1.04764712887e-05, 7.37518348615e-06, 6.85238774167e-06, 6.64762637825e-06, 5.75034482608e-06, 5.04532272316e-06, 3.19741366184e-06, 1.87184718925e-06, 1.21426899113e-06, 1.04482978713e-06, 1.016186161e-06, 1.24241728372e-06, 1.30647072183e-06, 1.24782843614e-06, 1.29428758555e-06, 9.92703007796e-07, 8.15613077521e-07, 5.4194151744e-07, 3.4053471154e-07],
        "min": [1.19305674586e-23, 8.80557307983e-24, 3.5929187421e-23, 1.73889224649e-23, 3.76196690093e-23, 4.20806932055e-23, 2.44251578427e-23, 2.54545313939e-23, 2.85308743541e-23, 6.25694453864e-24, 3.46577597897e-24, 8.89654136398e-24, 8.26115965875e-24, 7.29472853035e-24, 3.56679474548e-24, 4.03929836745e-24, 6.00776073362e-24, 1.4702974145e-23, 1.57696655501e-23, 1.09859727889e-23, 1.70707669733e-23, 1.35457972385e-23, 1.31848760195e-23, 1.11448541084e-23, 8.70826156514e-24, 1.3908389265e-23, 9.56192976031e-24, 7.13671653559e-24, 8.25434074509e-24, 1.30606075499e-23, 7.03504735326e-24, 8.45796546625e-24, 9.85780624231e-24, 9.67654888326e-24, 9.03464882038e-24, 1.39987848361e-23, 9.62992404832e-24, 1.08797834336e-23, 1.66367293923e-23, 1.33185043236e-23],
        "var": [1.04336922959e-05, 9.0673656814e-06, 8.2932371015e-07, 4.44363763563e-07, 1.89817086493e-07, 3.11866074298e-07, 3.82392471465e-07, 3.56950380365e-07, 2.43525676069e-07, 2.89118389674e-07, 4.52403639883e-07, 3.44189459156e-07, 2.09883211255e-07, 1.39897395002e-07, 1.04563888215e-07, 7.83572531304e-08, 7.27761175767e-08, 6.69731150538e-08, 2.09380583982e-08, 9.13320707951e-09, 2.1661539229e-09, 1.61145574662e-09, 7.75237263273e-10, 5.07339115163e-10, 1.71401326465e-09, 8.80922057522e-10, 4.07186756535e-10, 1.36394340267e-10, 4.46567574586e-11, 1.3837922995e-11, 9.23215497106e-12, 1.39943126531e-11, 2.90440432121e-11, 4.05957940874e-11, 2.78372117024e-11, 1.86852165684e-11, 1.3944860891e-11, 1.15643128754e-11, 8.73018931452e-12, 8.34187146442e-12]
    },
    "mfcc": {
        "mean": [-637.054870605, 106.483085632, -2.27708935738, 7.77729129791, 5.19549846649, 1.30265796185, 1.77897942066, 8.50577545166, -4.91271781921, 7.55166435242, -1.36818230152, -1.53349554539, 0.228231400251],
        "cov": [[4226.56445312, -566.688293457, -1.22257637978, 84.0429458618, 40.1918907166, 248.552215576, 81.7788238525, -71.2931976318, -254.110015869, -35.8567314148, -36.1082611084, -17.9402828217, 201.932983398], [-566.688293457, 778.544494629, 33.7297592163, 112.134628296, 66.3003921509, -14.3649120331, 70.9439239502, 71.3347930908, 23.1691169739, 51.0183448792, 26.169801712, 17.7346343994, -12.2918672562], [-1.22257637978, 33.7297592163, 789.644714355, 340.926452637, 219.173995972, 84.1520462036, 33.8829345703, -42.6292533875, 1.86388671398, -51.409538269, -16.9479866028, 61.7965354919, 23.5978813171], [84.0429458618, 112.134628296, 340.926452637, 429.770446777, 200.077545166, 46.202495575, 10.5507831573, -12.5951957703, 9.80550956726, -23.9799461365, -22.3676738739, 43.7218856812, 33.7682151794], [40.1918907166, 66.3003921509, 219.173995972, 200.077545166, 281.834289551, 46.6551055908, 26.3193244934, 6.69826316833, 15.496591568, 0.510857760906, -13.7074394226, 19.6218852997, 25.3966732025], [248.552215576, -14.3649120331, 84.1520462036, 46.202495575, 46.6551055908, 295.176574707, 135.260604858, 39.2023124695, -21.570640564, 16.4360961914, 35.0461997986, -21.4879245758, 15.7961463928], [81.7788238525, 70.9439239502, 33.8829345703, 10.5507831573, 26.3193244934, 135.260604858, 188.295333862, 67.9136962891, 4.38466739655, 26.3062210083, 30.5601387024, -11.1905755997, 11.6385717392], [-71.2931976318, 71.3347930908, -42.6292533875, -12.5951957703, 6.69826316833, 39.2023124695, 67.9136962891, 138.089431763, 38.030708313, 48.0319824219, 16.101726532, -9.95101261139, -5.44791793823], [-254.110015869, 23.1691169739, 1.86388671398, 9.80550956726, 15.496591568, -21.570640564, 4.38466739655, 38.030708313, 186.055297852, 19.1302223206, 24.7407798767, 12.3052682877, -37.6533737183], [-35.8567314148, 51.0183448792, -51.409538269, -23.9799461365, 0.510857760906, 16.4360961914, 26.3062210083, 48.0319824219, 19.1302223206, 105.555236816, 32.0791549683, 5.17550325394, 6.55870866776], [-36.1082611084, 26.169801712, -16.9479866028, -22.3676738739, -13.7074394226, 35.0461997986, 30.5601387024, 16.101726532, 24.7407798767, 32.0791549683, 93.0419387817, 25.267364502, 1.15211474895], [-17.9402828217, 17.7346343994, 61.7965354919, 43.7218856812, 19.6218852997, -21.4879245758, -11.1905755997, -9.95101261139, 12.3052682877, 5.17550325394, 25.267364502, 107.423103333, 41.5439682007], [201.932983398, -12.2918672562, 23.5978813171, 33.7682151794, 25.3966732025, 15.7961463928, 11.6385717392, -5.44791793823, -37.6533737183, 6.55870866776, 1.15211474895, 41.5439682007, 101.662963867]],
