{
"lowlevel": {
    "average_loudness": 0.857375502586,
    "barkbands_crest": {
        "dmean": 2.62828660011,
        "dmean2": 4.15941381454,
        "dvar": 6.03025054932,
        "dvar2": 13.5408964157,
        "max": 26.2953987122,
        "mean": 10.4366426468,
        "median": 9.3770236969,
        "min": 2.35232400894,
        "var": 21.1173858643
    },
    "barkbands_flatness_db": {
        "dmean": 0.0189183931798,
        "dmean2": 0.0280899889767,
        "dvar": 0.000425582780736,
        "dvar2": 0.000898146186955,
        "max": 0.493920743465,
        "mean": 0.142155557871,
        "median": 0.123192556202,
        "min": 0.0227340403944,
        "var": 0.00516155501828
    },
    "barkbands_kurtosis": {
        "dmean": 4.09188985825,
        "dmean2": 6.52522659302,
        "dvar": 380.975524902,
        "dvar2": 884.088623047,
        "max": 684.700622559,
        "mean": 5.54754066467,
        "median": 0.898755311966,
        "min": -1.94010519981,
        "var": 566.713134766
    },
    "barkbands_skewness": {
        "dmean": 0.559079051018,
        "dmean2": 0.819632232189,
        "dvar": 0.648492276669,
        "dvar2": 1.42137348652,
        "max": 23.3494873047,
        "mean": 1.2131177187,
        "median": 0.944019079208,
        "min": -4.13461446762,
        "var": 2.8270907402
    },
    "barkbands_spread": {
        "dmean": 4.74648427963,
        "dmean2": 7.14034318924,
        "dvar": 49.3970756531,
        "dvar2": 92.3563613892,
        "max": 120.717658997,
        "mean": 21.4093322754,
        "median": 19.7437458038,
        "min": 0.199341744184,
        "var": 220.710037231
    },
    "dissonance": {
        "dmean": 0.0215609371662,
        "dmean2": 0.0365014672279,
        "dvar": 0.000490156642627,
        "dvar2": 0.00133136752993,
        "max": 0.5,
        "mean": 0.460034042597,
        "median": 0.470051050186,
        "min": 0.218931600451,
        "var": 0.00120644783601
    },
    "dynamic_complexity": 3.2157599926,
    "erbbands_crest": {
        "dmean": 3.04493880272,
        "dmean2": 4.8935303688,
        "dvar": 7.96225547791,
        "dvar2": 18.9251918793,
        "max": 32.3078231812,
        "mean": 11.3042154312,
        "median": 10.1823997498,
        "min": 2.46778893471,
        "var": 28.9579277039
    },
    "erbbands_flatness_db": {
        "dmean": 0.0172413308173,
        "dmean2": 0.0253405049443,
        "dvar": 0.000269429961918,
        "dvar2": 0.000556783110369,
        "max": 0.46288600564,
        "mean": 0.172892123461,
        "median": 0.166819527745,
        "min": 0.0461362488568,
        "var": 0.00306702055968
    },
    "erbbands_kurtosis": {
        "dmean": 1.45328772068,
        "dmean2": 2.24517130852,
        "dvar": 5.74186563492,
        "dvar2": 12.7834596634,
        "max": 73.2593307495,
        "mean": 2.07059860229,
        "median": 0.775783061981,
        "min": -1.83176636696,
        "var": 20.6599941254
    },
    "erbbands_skewness": {
        "dmean": 0.387301594019,
        "dmean2": 0.580256283283,
        "dvar": 0.163547635078,
        "dvar2": 0.331297844648,
        "max": 7.12434720993,
        "mean": 0.323279261589,
        "median": 0.226906999946,
        "min": -5.63761329651,
        "var": 1.12306523323
    },
    "erbbands_spread": {
        "dmean": 6.28029584885,
        "dmean2": 9.60227680206,
        "dvar": 64.5912628174,
        "dvar2": 144.976257324,
        "max": 154.300994873,
        "mean": 27.3634700775,
        "median": 23.747505188,
        "min": 1.15302252769,
        "var": 281.882965088
    },
    "hfc": {
        "dmean": 6.6877322197,
        "dmean2": 9.14347171783,
        "dvar": 157.769042969,
        "dvar2": 271.373321533,
        "max": 328.459106445,
        "mean": 22.7227306366,
        "median": 14.0676498413,
        "min": 2.09301553866e-09,
        "var": 692.33984375
    },
    "melbands_crest": {
        "dmean": 3.31998610497,
        "dmean2": 5.02722072601,
        "dvar": 10.4605121613,
        "dvar2": 19.8937931061,
        "max": 36.3639602661,
        "mean": 14.5536556244,
        "median": 12.899181366,
        "min": 4.04730176926,
        "var": 46.5561790466
    },
    "melbands_flatness_db": {
        "dmean": 0.0224523358047,
        "dmean2": 0.0322686247528,
        "dvar": 0.000613286800217,
        "dvar2": 0.00119870167691,
        "max": 0.629578769207,
        "mean": 0.210642114282,
        "median": 0.187042862177,
        "min": 0.0186895746738,
        "var": 0.00767497951165
    },
    "melbands_kurtosis": {
        "dmean": 6.21994113922,
        "dmean2": 9.7341709137,
        "dvar": 244.427810669,
        "dvar2": 592.128417969,
        "max": 344.438354492,
        "mean": 10.8838119507,
        "median": 3.51875162125,
        "min": -1.83955395222,
        "var": 622.959777832
    },
    "melbands_skewness": {
        "dmean": 0.657305181026,
        "dmean2": 0.976344943047,
        "dvar": 0.654055416584,
        "dvar2": 1.42186105251,
        "max": 13.1824455261,
        "mean": 1.99348723888,
        "median": 1.64977300167,
        "min": -2.52029705048,
        "var": 3.30992865562
    },
    "melbands_spread": {
        "dmean": 6.76438093185,
        "dmean2": 9.87332439423,
        "dvar": 126.471542358,
        "dvar2": 228.254150391,
        "max": 262.380096436,
        "mean": 27.8913345337,
        "median": 23.9612503052,
        "min": 0.24138738215,
        "var": 527.670654297
    },
    "pitch_salience": {
        "dmean": 0.0681652054191,
        "dmean2": 0.106118738651,
        "dvar": 0.0039839707315,
        "dvar2": 0.00883722864091,
        "max": 0.90455943346,
        "mean": 0.522083520889,
        "median": 0.530132710934,
        "min": 0.0580939091742,
        "var": 0.0154632916674
    },
    "silence_rate_20dB": {
        "dmean": 0,
        "dmean2": 0,
        "dvar": 0,
        "dvar2": 0,
        "max": 1,
        "mean": 1,
        "median": 1,
        "min": 1,
        "var": 0
    },
    "silence_rate_30dB": {
        "dmean": 0.00468933163211,
        "dmean2": 0.00937976315618,
        "dvar": 0.0046682045795,
        "dvar2": 0.0118746208027,
        "max": 1,
        "mean": 0.994842350483,
        "median": 1,
        "min": 0,
        "var": 0.00513115897775
    },
    "silence_rate_60dB": {
        "dmean": 0.00937866326421,
        "dmean2": 0.0187595263124,
        "dvar": 0.00929067097604,
        "dvar2": 0.0230965316296,
        "max": 1,
        "mean": 0.0223889350891,
        "median": 0,
        "min": 0,
        "var": 0.0218897610903
    },
    "spectral_centroid": {
        "dmean": 199.291625977,
        "dmean2": 291.984222412,
        "dvar": 71619.078125,
        "dvar2": 126329.054688,
        "max": 5760.93310547,
        "mean": 1352.52209473,
        "median": 1308.43530273,
        "min": 108.18548584,
        "var": 455255.4375
    },
    "spectral_complexity": {
        "dmean": 2.62907385826,
        "dmean2": 4.15136575699,
        "dvar": 7.01693916321,
        "dvar2": 15.524353981,
        "max": 54,
        "mean": 17.2977371216,
        "median": 16,
        "min": 0,
        "var": 84.4376449585
    },
    "spectral_decrease": {
        "dmean": 1.96245752981e-09,
        "dmean2": 2.8909887817e-09,
        "dvar": 1.34581119338e-17,
        "dvar2": 3.14941705953e-17,
        "max": -6.59656020554e-21,
        "mean": -5.92774229702e-09,
        "median": -4.49873782671e-09,
        "min": -1.00895370281e-07,
        "var": 2.66080527673e-17
    },
    "spectral_energy": {
        "dmean": 0.00787008274347,
        "dmean2": 0.0115417810157,
        "dvar": 0.000199459216674,
        "dvar2": 0.000465855700895,
        "max": 0.38380408287,
        "mean": 0.0244336854666,
        "median": 0.018594821915,
        "min": 2.1473953529e-13,
        "var": 0.000425965263275
    },
    "spectral_energyband_high": {
        "dmean": 0.000300630286802,
        "dmean2": 0.000395935843699,
        "dvar": 1.72360330453e-06,
        "dvar2": 2.75991874332e-06,
        "max": 0.0449872463942,
        "mean": 0.000677505624481,
        "median": 0.000223077106057,
        "min": 1.67722267823e-13,
        "var": 5.27175461684e-06
    },
    "spectral_energyband_low": {
        "dmean": 0.0041754571721,
        "dmean2": 0.00604910217226,
        "dvar": 0.000169058213942,
        "dvar2": 0.000393781403545,
        "max": 0.38103684783,
        "mean": 0.00773449148983,
        "median": 0.00410592136905,
        "min": 6.92767325845e-15,
        "var": 0.000249347591307
    },
    "spectral_energyband_middle_high": {
        "dmean": 0.00276829558425,
        "dmean2": 0.00395214324817,
        "dvar": 2.69853098871e-05,
        "dvar2": 5.68037758057e-05,
        "max": 0.124412499368,
        "mean": 0.00886691082269,
        "median": 0.00431957514957,
        "min": 3.12930088201e-14,
        "var": 0.000134129804792
    },
    "spectral_energyband_middle_low": {
        "dmean": 0.00319006829523,
        "dmean2": 0.00500285206363,
        "dvar": 2.56722014456e-05,
        "dvar2": 6.26495893812e-05,
        "max": 0.100044295192,
        "mean": 0.00761785684153,
        "median": 0.00539070973173,
        "min": 7.16389295975e-15,
        "var": 5.3040603234e-05
    },
    "spectral_entropy": {
        "dmean": 0.144417673349,
        "dmean2": 0.213196516037,
        "dvar": 0.0243834592402,
        "dvar2": 0.0460745766759,
        "max": 8.89727973938,
        "mean": 7.45103168488,
        "median": 7.53767728806,
        "min": 5.09214162827,
        "var": 0.257359147072
    },
    "spectral_flux": {
        "dmean": 0.0255821570754,
        "dmean2": 0.0416721701622,
        "dvar": 0.000911623123102,
        "dvar2": 0.00232712971047,
        "max": 0.536628723145,
        "mean": 0.0830647274852,
        "median": 0.0707023888826,
        "min": 0.000184191114386,
        "var": 0.00242617470212
    },
    "spectral_kurtosis": {
        "dmean": 1.88374865055,
        "dmean2": 3.16012644768,
        "dvar": 13.1313285828,
        "dvar2": 38.5715255737,
        "max": 111.066558838,
        "mean": 7.0869383812,
        "median": 5.75764274597,
        "min": -1.34343194962,
        "var": 55.5016708374
    },
    "spectral_rms": {
        "dmean": 0.000712073058821,
        "dmean2": 0.00103008910082,
        "dvar": 8.12479242995e-07,
        "dvar2": 1.6685570472e-06,
        "max": 0.0193505305797,
        "mean": 0.004549684003,
        "median": 0.00425925897434,
        "min": 1.44741836294e-08,
        "var": 3.13805981023e-06
    },
    "spectral_rolloff": {
        "dmean": 353.163909912,
        "dmean2": 571.384521484,
        "dvar": 668685.875,
        "dvar2": 1220030,
        "max": 16645.1660156,
        "mean": 1478.79541016,
        "median": 1291.9921875,
        "min": 43.06640625,
        "var": 1835782.125
    },
    "spectral_skewness": {
        "dmean": 0.213478147984,
        "dmean2": 0.338392198086,
        "dvar": 0.0652471929789,
        "dvar2": 0.164913609624,
        "max": 8.35199737549,
        "mean": 1.9403847456,
        "median": 1.84986293316,
        "min": -0.54752767086,
        "var": 0.49074652791
    },
    "spectral_spread": {
        "dmean": 439224.25,
        "dmean2": 624564.4375,
        "dvar": 372907474944,
        "dvar2": 620619300864,
        "max": 19716974,
        "mean": 4278226.5,
        "median": 4025735.25,
        "min": 655886.6875,
        "var": 2.37888549683e+12
    },
    "spectral_strongpeak": {
        "dmean": 0.834160923958,
        "dmean2": 1.38587474823,
        "dvar": 1.95920193195,
        "dvar2": 4.69974374771,
        "max": 14.6746139526,
        "mean": 1.53540849686,
        "median": 0.545946896076,
        "min": 0,
        "var": 4.95131158829
    },
    "zerocrossingrate": {
        "dmean": 0.00866730697453,
        "dmean2": 0.00962192844599,
        "dvar": 0.000190411883523,
        "dvar2": 0.000175033826963,
        "max": 0.55078125,
        "mean": 0.0585949532688,
        "median": 0.0556640625,
        "min": 0.0009765625,
        "var": 0.00142116518691
    },
    "barkbands": {
        "dmean": [0.000512927945238, 0.00351799605414, 0.000892089330591, 0.000676500902046, 0.00138043577317, 0.000748220307287, 0.000464720244054, 0.000517700915225, 0.000742790289223, 0.000682064506691, 0.000717313378118, 0.000687056512106, 0.000439189112512, 0.00100280693732, 0.000732721062377, 0.000416642375058, 0.000205464064493, 0.000175617315108, 0.000166120036738, 7.88570687291e-05, 4.4545820856e-05, 5.91709067521e-05, 8.60213549458e-05, 9.34173222049e-05, 3.97870135203e-05, 1.25319265862e-05, 4.23633764512e-06],
        "dmean2": [0.000769644160755, 0.00502174952999, 0.001473622513, 0.00114926998504, 0.00223887036555, 0.0011967793107, 0.000747315934859, 0.000807898817584, 0.0011587565532, 0.001065904391, 0.00108887441456, 0.00103093264624, 0.000673912116326, 0.00156058638822, 0.00110110861715, 0.000658969045617, 0.000325388245983, 0.000270039396128, 0.000245575298322, 0.000124762111227, 6.71108136885e-05, 8.72566088219e-05, 0.000120871787658, 0.000126906626974, 5.35618346476e-05, 1.73669795913e-05, 5.86438454775e-06],
        "dvar": [2.31025796893e-06, 0.000129476946313, 1.02878902908e-05, 2.71668113783e-06, 1.11042045319e-05, 2.23901110985e-06, 9.91778733805e-07, 1.98322163669e-06, 3.83510223401e-06, 3.7153795347e-06, 8.2154847405e-06, 2.85007695311e-06, 2.11949964068e-06, 1.10556247819e-05, 5.64836955164e-06, 1.17268530175e-06, 3.14421384928e-07, 2.74969210068e-07, 2.52493208563e-07, 3.1130895195e-08, 2.09423465236e-08, 1.20112488844e-07, 2.52072311469e-07, 2.5967577244e-07, 5.54462680213e-08, 1.98243221838e-09, 1.26124916067e-10],
        "dvar2": [4.60196997665e-06, 0.000300370185869, 2.50645171036e-05, 7.13022836862e-06, 2.80392159766e-05, 5.44351314602e-06, 2.51799542639e-06, 4.58757358501e-06, 8.65763468028e-06, 8.80867082742e-06, 1.95382126549e-05, 5.9206381593e-06, 4.49065191788e-06, 2.62204612227e-05, 1.11317349365e-05, 2.74710532722e-06, 7.56327210638e-07, 5.80422522489e-07, 4.78771767121e-07, 7.67690977455e-08, 4.40065264229e-08, 2.52442646342e-07, 4.6518098884e-07, 4.60922336742e-07, 9.8317663344e-08, 3.71995478865e-09, 2.21848289739e-10],
        "max": [0.0174069628119, 0.284351408482, 0.109412379563, 0.0272520668805, 0.090700648725, 0.0394385531545, 0.0187933351845, 0.0459903590381, 0.0482693351805, 0.0578887201846, 0.121038280427, 0.0417126491666, 0.0378338396549, 0.0934194102883, 0.0442021824419, 0.0333297215402, 0.0170127265155, 0.0218286532909, 0.0148101113737, 0.00542064057663, 0.00748779810965, 0.0137284211814, 0.0194199662656, 0.0178593471646, 0.0131894620135, 0.00231682904996, 0.000412436871557],
        "mean": [0.000845316855703, 0.00548550067469, 0.0011400434887, 0.000788809848018, 0.00228818249889, 0.00127956119832, 0.000761165516451, 0.000839470711071, 0.00127102783881, 0.00114575319458, 0.00127470376901, 0.00126808404457, 0.000668380525894, 0.00166235188954, 0.00108465133235, 0.00076135940617, 0.00040384096792, 0.000336602155585, 0.000339091115166, 0.000177196387085, 8.69886498549e-05, 0.000105281709693, 0.000145740414155, 0.000167628953932, 7.05698257661e-05, 2.79214582406e-05, 8.46910916152e-06],
        "median": [8.48338968353e-05, 0.00257003004663, 0.000468185404316, 0.000253796810284, 0.000942592392676, 0.000663078390062, 0.000282178603811, 0.00026154392981, 0.000401695928304, 0.000336390454322, 0.000203614064958, 0.000298514030874, 0.000158168681082, 0.000216806336539, 0.000179941111128, 0.000233357786783, 0.000165335208294, 0.000119455442473, 0.000116578259622, 7.08282605046e-05, 3.35055556206e-05, 2.16009175347e-05, 2.69057327387e-05, 3.11934854835e-05, 1.63089116541e-05, 7.19237550584e-06, 1.47708078657e-06],
        "min": [3.58175843856e-15, 3.82892942883e-15, 1.08965971164e-15, 4.19046627825e-16, 9.71556849017e-16, 5.514644002e-16, 1.42844737368e-15, 1.86142859346e-15, 1.39753109462e-15, 2.13978691333e-15, 5.66088318155e-16, 1.51102376867e-15, 5.75559057066e-15, 3.65609447353e-15, 3.80552633202e-15, 5.00529556224e-16, 1.45350282002e-15, 5.22418285186e-15, 4.45093452112e-15, 5.06594481533e-15, 4.95173385734e-15, 7.52106303669e-15, 1.91569884142e-14, 2.49916207114e-14, 2.29836122194e-14, 3.83356676481e-14, 4.73834296452e-14],
        "var": [3.60296053259e-06, 0.000158217240823, 1.34248193717e-05, 2.94009714707e-06, 1.67930738826e-05, 3.70040493181e-06, 1.99494820663e-06, 3.76998582396e-06, 8.64658341015e-06, 7.29600833438e-06, 2.28376902669e-05, 7.89056321082e-06, 3.84998475056e-06, 2.19807207031e-05, 1.153651192e-05, 2.8855642995e-06, 8.23806203698e-07, 5.83081146033e-07, 6.63974276449e-07, 1.06098354991e-07, 5.12039335376e-08, 2.76411498135e-07, 5.79084428409e-07, 6.93069068802e-07, 1.07787116121e-07, 4.72412020613e-09, 4.34483643508e-10]
    },
    "erbbands": {
        "dmean": [0.162656024098, 0.570942938328, 0.933881938457, 1.6020386219, 3.18905115128, 5.56507062912, 6.42623758316, 6.17609930038, 7.71497106552, 7.10812139511, 11.6817312241, 16.606918335, 20.5759868622, 18.7716178894, 29.6292591095, 24.8493480682, 18.3415565491, 32.8479957581, 46.3219528198, 24.6360988617, 19.4236545563, 10.5005607605, 8.34654140472, 9.05116271973, 6.99283027649, 3.45949673653, 1.97996866703, 1.70694863796, 1.88281536102, 2.53279972076, 2.39020013809, 2.32166028023, 1.32887518406, 0.638577163219, 0.184831336141, 0.0629225969315, 0.0217882469296, 0.00598783185706, 0.000794726132881, 3.16391524393e-05],
        "dmean2": [0.224685147405, 0.894857823849, 1.56617367268, 2.69375014305, 5.31667470932, 9.06059360504, 10.314412117, 10.0361318588, 12.4253778458, 10.9258136749, 18.1014175415, 26.1703929901, 31.4259033203, 28.7206707001, 44.2002182007, 36.6428756714, 27.5405731201, 48.7489814758, 67.4375915527, 37.0534057617, 30.1039562225, 16.6122188568, 12.609916687, 13.2420301437, 10.3360071182, 5.39615535736, 3.02387833595, 2.49949264526, 2.74598574638, 3.68703603745, 3.36991286278, 3.24838900566, 1.87298488617, 0.867785453796, 0.263061821461, 0.089960090816, 0.0307783819735, 0.00818491913378, 0.00111900374759, 4.41340489488e-05],
        "dvar": [0.236954510212, 5.36243534088, 16.0732860565, 16.5211429596, 56.0350837708, 261.096221924, 241.410140991, 166.008926392, 278.34286499, 395.905395508, 989.354492188, 2225.2824707, 3069.87719727, 3983.30273438, 9951.04980469, 4434.36572266, 2921.76806641, 12913.3974609, 23699.3789062, 5141.71923828, 2185.37329102, 867.327209473, 572.293334961, 725.809936523, 435.015838623, 61.9353294373, 26.0512313843, 54.6751327515, 113.351196289, 317.078216553, 175.28704834, 173.780914307, 52.5196609497, 17.2721595764, 0.744141459465, 0.0626152455807, 0.00517423544079, 0.000232998994761, 4.51704681836e-06, 5.57164137049e-09],
        "dvar2": [0.451131254435, 14.2811431885, 43.0158805847, 43.1276359558, 143.178665161, 667.176269531, 576.375915527, 417.940673828, 731.374145508, 841.713195801, 2411.31079102, 5313.37451172, 6780.97607422, 9082.86230469, 23139.0664062, 9143.96777344, 5827.13818359, 28288.2597656, 50068.6015625, 10984.2392578, 5110.10498047, 2131.99291992, 1173.52453613, 1409.82641602, 867.447692871, 151.042160034, 57.5172653198, 112.022605896, 224.853530884, 657.550720215, 318.065887451, 328.292663574, 98.0898666382, 31.3966350555, 1.29998672009, 0.119133479893, 0.00998394563794, 0.000421063130489, 7.98901692178e-06, 9.87369208616e-09],
        "max": [9.12464046478, 75.5720062256, 151.066207886, 81.7822036743, 139.690246582, 482.425384521, 390.740509033, 328.262481689, 352.208343506, 709.346496582, 1116.28979492, 1453.92980957, 1515.06176758, 2876.8984375, 4845.83544922, 1954.96105957, 1617.90466309, 3857.67553711, 3448.0859375, 2131.07397461, 1060.7401123, 1144.91503906, 1027.95629883, 712.668273926, 768.968322754, 299.531890869, 241.251174927, 287.810546875, 473.902984619, 892.255310059, 476.172119141, 454.251800537, 345.704711914, 242.663543701, 43.8154258728, 12.5355033875, 2.95703005791, 0.419112086296, 0.0838045924902, 0.0033804946579],
        "mean": [0.234359487891, 0.925810873508, 1.34521925449, 2.07036304474, 4.24003744125, 8.53130340576, 10.7004089355, 10.5867052078, 12.9390249252, 12.4256086349, 19.5685710907, 28.30402565, 37.6629676819, 34.2850799561, 57.3186149597, 49.8101425171, 33.1401290894, 58.1529083252, 90.5914840698, 46.5302619934, 39.130317688, 23.1943683624, 17.9197978973, 19.1709270477, 14.9100799561, 8.03806304932, 4.23665094376, 3.24628448486, 3.42768764496, 4.21882343292, 4.1763625145, 3.95077705383, 2.39168334007, 1.07703614235, 0.358590692282, 0.131546139717, 0.046428963542, 0.0136523041874, 0.00156931311358, 7.60347102187e-05],
        "median": [0.0778553038836, 0.454198330641, 0.693030595779, 0.826908588409, 1.68091154099, 2.98149204254, 4.33392190933, 5.65380334854, 5.01885080338, 4.49245119095, 7.16892433167, 9.57911777496, 12.5001459122, 9.9117193222, 12.5642080307, 14.1249580383, 10.4377298355, 12.5502843857, 11.0628442764, 13.2622842789, 14.1439981461, 9.80697441101, 7.15537643433, 6.71964025497, 5.39139986038, 3.44388651848, 1.84120309353, 1.09628331661, 0.746418356895, 0.73476600647, 0.787844479084, 0.667655587196, 0.480791419744, 0.2258040905, 0.0968914851546, 0.0353739075363, 0.0108755165711, 0.00324327382259, 0.000266754766926, 3.71634814655e-05],
        "min": [1.64538521696e-13, 6.75547562768e-13, 1.31856754248e-12, 1.42272944727e-12, 1.6849373459e-12, 3.66508602981e-12, 5.26692491704e-12, 4.28661663457e-12, 1.30426528952e-11, 3.50914852731e-11, 3.78764034026e-11, 3.13377865324e-11, 5.33968633198e-11, 6.13205389244e-11, 2.55692723938e-11, 7.38215391594e-11, 2.45432674184e-10, 2.11794928817e-10, 1.81558809653e-10, 1.46002765433e-10, 3.23279979175e-11, 1.02026657955e-10, 2.16258483343e-10, 3.33543942466e-10, 2.21363233299e-10, 2.10322190219e-10, 1.4168015372e-10, 2.91145663134e-10, 3.53817281029e-10, 3.04979957955e-10, 6.00489213909e-10, 4.71681249614e-10, 4.47657216851e-10, 3.28058497034e-10, 1.21056761837e-10, 1.11530840119e-10, 7.83821896277e-11, 3.92095973745e-11, 8.17359201155e-12, 4.41119065104e-13],
        "var": [0.335831016302, 5.31234359741, 18.2161808014, 18.7849693298, 66.8811416626, 350.661865234, 387.232177734, 261.383117676, 544.694152832, 927.778625488, 1618.71020508, 4334.75537109, 7200.11132812, 10393.5683594, 28776.6484375, 12471.6494141, 6690.73730469, 23955.0898438, 75087.6015625, 14362.8408203, 5800.21240234, 2291.61157227, 1479.55651855, 1967.68212891, 1123.06115723, 174.227981567, 63.9936180115, 123.775245667, 278.08505249, 619.860168457, 432.256256104, 409.593231201, 134.159194946, 32.688621521, 1.52400517464, 0.131319954991, 0.0128460172564, 0.000880981155206, 1.46365437104e-05, 1.63151536725e-08]
    },
    "gfcc": {
        "mean": [-10.7288246155, 87.2267150879, -118.08656311, 15.6863603592, -46.0782241821, 17.0439071655, -35.7530670166, 12.3916893005, -19.1207733154, 1.28073441982, -8.8792257309, 1.26040756702, -6.44620990753],
        "cov": [[5853.37402344, -1593.75964355, -403.902679443, 321.785339355, 128.859283447, 94.1617431641, -314.568084717, 16.7993450165, -274.014282227, 153.801040649, -97.2525863647, 78.2141265869, -218.219116211], [-1593.75964355, 1823.921875, 593.173522949, 191.484558105, 378.152404785, -55.8454704285, 166.842269897, -75.9320144653, 104.704704285, -22.2648448944, 239.051879883, -15.6995534897, 158.017196655], [-403.902679443, 593.173522949, 1346.89697266, 548.145629883, 177.333282471, 80.9079208374, 15.1278591156, -67.5129776001, 51.8948974609, 32.4700126648, 92.8920669556, 81.2491378784, 73.6728134155], [321.785339355, 191.484558105, 548.145629883, 747.165344238, 203.121917725, 104.838821411, -17.3633136749, 0.798503041267, 40.389793396, 31.9383716583, 85.7934494019, 14.5797815323, 49.9878425598], [128.859283447, 378.152404785, 177.333282471, 203.121917725, 477.395965576, 74.6500396729, 100.528045654, 28.1447734833, 35.9987487793, 46.7933158875, 57.0663146973, 3.96173167229, 8.56654548645], [94.1617431641, -55.8454704285, 80.9079208374, 104.838821411, 74.6500396729, 274.443939209, 74.038734436, 18.4317836761, 41.2617645264, 27.2472114563, 26.5730991364, -8.33878612518, -5.72344827652], [-314.568084717, 166.842269897, 15.1278591156, -17.3633136749, 100.528045654, 74.038734436, 223.161621094, 48.7395057678, 28.0178203583, 5.43508052826, -12.8915987015, -6.08681964874, -3.80722904205], [16.7993450165, -75.9320144653, -67.5129776001, 0.798503041267, 28.1447734833, 18.4317836761, 48.7395057678, 170.61668396, 43.7415275574, 12.7551794052, 0.824653565884, -4.28549528122, 16.7975311279], [-274.014282227, 104.704704285, 51.8948974609, 40.389793396, 35.9987487793, 41.2617645264, 28.0178203583, 43.7415275574, 148.092819214, 30.2331142426, 20.1766471863, -7.89198255539, 28.7190189362], [153.801040649, -22.2648448944, 32.4700126648, 31.9383716583, 46.7933158875, 27.2472114563, 5.43508052826, 12.7551794052, 30.2331142426, 104.360198975, 38.710269928, 9.09371852875, -8.03731250763], [-97.2525863647, 239.051879883, 92.8920669556, 85.7934494019, 57.0663146973, 26.5730991364, -12.8915987015, 0.824653565884, 20.1766471863, 38.710269928, 181.452835083, 25.243019104, 47.2970314026], [78.2141265869, -15.6995534897, 81.2491378784, 14.5797815323, 3.96173167229, -8.33878612518, -6.08681964874, -4.28549528122, -7.89198255539, 9.09371852875, 25.243019104, 95.2737426758, 27.0172691345], [-218.219116211, 158.017196655, 73.6728134155, 49.9878425598, 8.56654548645, -5.72344827652, -3.80722904205, 16.7975311279, 28.7190189362, -8.03731250763, 47.2970314026, 27.0172691345, 107.728904724]],
        "icov": [[0.000330351234879, 0.000226986114285, 0.000106211758975, -0.000207225748454, -0.000294786703307, -8.6853193352e-05, 0.000396768271457, -8.3553546574e-05, 0.000516278552823, -0.00038225328899, 4.29916435678e-05, -0.000281100568827, 0.000291094300337], [0.000226986114285, 0.0016704921145, -0.00050157494843, 0.000234053630265, -0.00113511760719, 0.000989884720184, -0.000988357234746, 0.00108278531116, -0.000415447750129, 0.000864107743837, -0.00180882355198, 0.00129508413374, -0.00117242347915], [0.000106211758975, -0.00050157494843, 0.00144519202877, -0.00103119912092, 0.000218375644181, -0.000403874088079, 0.000345154607203, 0.000182198651601, 0.000136295217089, -0.00056944321841, 0.000694745860528, -0.00148320244625, 0.000374123192159], [-0.000207225748454, 0.000234053630265, -0.00103119912092, 0.00250082905404, -0.000736854155548, -0.000301524269162, 0.000242042646278, -1.94199656107e-05, -0.000407135550631, 0.000535936967935, -0.000753326807171, 0.00111225841101, -0.000963813916314], [-0.000294786703307, -0.00113511760719, 0.000218375644181, -0.000736854155548, 0.00365494564176, -0.00056126905838, -0.00088941474678, -0.000687430030666, -2.77096096397e-05, -0.00108796847053, 0.0005419786321, -0.000591088959482, 0.000852238794323], [-8.6853193352e-05, 0.000989884720184, -0.000403874088079, -0.000301524269162, -0.00056126905838, 0.00525658577681, -0.00244792131707, 0.00093305867631, -0.0014960069675, 0.000423011602834, -0.00182791077532, 0.00138009351213, -0.000233099679463], [0.000396768271457, -0.000988357234746, 0.000345154607203, 0.000242042646278, -0.00088941474678, -0.00244792131707, 0.007548362948, -0.00246158218943, 0.000933626375627, -0.000906446774025, 0.00230602221563, -0.00151137949433, 0.00154642597772], [-8.3553546574e-05, 0.00108278531116, 0.000182198651601, -1.94199656107e-05, -0.000687430030666, 0.00093305867631, -0.00246158218943, 0.00798134598881, -0.00239438330755, 0.000339295103913, -0.00105991342571, 0.00109350145794, -0.00224558869377], [0.000516278552823, -0.000415447750129, 0.000136295217089, -0.000407135550631, -2.77096096397e-05, -0.0014960069675, 0.000933626375627, -0.00239438330755, 0.00991005357355, -0.00361468759365, 0.00123960839119, 0.000542129389942, -0.00151181744877], [-0.00038225328899, 0.000864107743837, -0.00056944321841, 0.000535936967935, -0.00108796847053, 0.000423011602834, -0.000906446774025, 0.000339295103913, -0.00361468759365, 0.0134256491438, -0.00402560923249, -0.000151889486006, 0.00189376808703], [4.29916435678e-05, -0.00180882355198, 0.000694745860528, -0.000753326807171, 0.0005419786321, -0.00182791077532, 0.00230602221563, -0.00105991342571, 0.00123960839119, -0.00402560923249, 0.00965099968016, -0.0025351063814, -0.00151090964209], [-0.000281100568827, 0.00129508413374, -0.00148320244625, 0.00111225841101, -0.000591088959482, 0.00138009351213, -0.00151137949433, 0.00109350145794, 0.000542129389942, -0.000151889486006, -0.0025351063814, 0.0141899818555, -0.00467596296221], [0.000291094300337, -0.00117242347915, 0.000374123192159, -0.000963813916314, 0.000852238794323, -0.000233099679463, 0.00154642597772, -0.00224558869377, -0.00151181744877, 0.00189376808703, -0.00151090964209, -0.00467596296221, 0.0144882816821]]
    },
    "melbands": {
        "dmean": [0.00117022136692, 0.00051525660092, 0.000326441950165, 0.000282416585833, 0.000240667344769, 0.000141168085975, 0.000107589534309, 8.6142521468e-05, 0.000102823214547, 0.000106526284071, 0.000106098035758, 7.92104401626e-05, 0.000102087651612, 7.93176877778e-05, 5.8582303609e-05, 4.06027720601e-05, 7.4385003245e-05, 8.98323778529e-05, 4.16144939663e-05, 3.17267949868e-05, 2.36647556449e-05, 1.34424253702e-05, 7.32478656573e-06, 9.39363599173e-06, 8.03444072517e-06, 6.61063222651e-06, 4.17660930907e-06, 2.18745526581e-06, 1.40297106554e-06, 1.04251580524e-06, 1.12150109999e-06, 1.05668084416e-06, 1.38770906233e-06, 1.52214511218e-06, 1.45056287693e-06, 1.50188247972e-06, 1.50621349349e-06, 1.05497667846e-06, 7.51118477638e-07, 4.96000211569e-07],
        "dmean2": [0.0016414365964, 0.000872527365573, 0.000543146743439, 0.000467192992801, 0.00038149068132, 0.000227609125432, 0.000173949621967, 0.000132762696012, 0.000159689690918, 0.000166568774148, 0.000162629701663, 0.000122427998576, 0.000152620108565, 0.000120947071991, 8.75165351317e-05, 6.20423525106e-05, 0.000110527311335, 0.000133731824462, 6.30781578366e-05, 4.99233537994e-05, 3.69808913092e-05, 2.1362775442e-05, 1.16879828056e-05, 1.44078157973e-05, 1.20271597552e-05, 9.84589769359e-06, 6.52788867228e-06, 3.53589825863e-06, 2.19358594222e-06, 1.62768276368e-06, 1.67137307017e-06, 1.55935128987e-06, 2.11492556446e-06, 2.19598996409e-06, 2.12767122321e-06, 2.14311103264e-06, 2.18017908082e-06, 1.52480674842e-06, 1.05211915979e-06, 6.96367692399e-07],
        "dvar": [1.26904315039e-05, 5.21927131558e-06, 5.85661041441e-07, 4.88892226258e-07, 3.43940001812e-07, 7.94402197357e-08, 5.32380504126e-08, 5.79278278678e-08, 7.12658234647e-08, 8.70483773951e-08, 8.14373422031e-08, 6.63163604031e-08, 1.70821820689e-07, 3.77400262153e-08, 3.01201303898e-08, 2.01213996576e-08, 6.81846401562e-08, 9.75469163222e-08, 1.84114377078e-08, 9.22601905984e-09, 3.47823658764e-09, 1.45691825271e-09, 3.61746299582e-10, 1.05436703812e-09, 5.89974957776e-10, 4.90170570799e-10, 1.0804995787e-10, 2.65933993576e-11, 1.03103428573e-11, 1.95129832431e-11, 2.9233535731e-11, 3.11995949909e-11, 8.46885547801e-11, 1.15963093295e-10, 6.787436585e-11, 6.62119040151e-11, 7.92910875846e-11, 3.51129993137e-11, 1.99890243247e-11, 1.13593353473e-11],
        "dvar2": [2.64620121015e-05, 1.44573368743e-05, 1.50879566263e-06, 1.26497764086e-06, 8.3174518295e-07, 1.99641604581e-07, 1.39740009786e-07, 1.21821386756e-07, 1.68915136101e-07, 2.04488301847e-07, 1.81338435823e-07, 1.51238623403e-07, 4.09653864608e-07, 8.02493502761e-08, 5.78513521532e-08, 4.37161169486e-08, 1.5109027629e-07, 2.20383640226e-07, 3.97272152952e-08, 2.17546869408e-08, 8.27180279828e-09, 3.51574080959e-09, 7.96320953622e-10, 2.32330199523e-09, 1.20476484344e-09, 9.85179382518e-10, 2.45537479238e-10, 6.96590285454e-11, 2.32134624023e-11, 4.90468603231e-11, 6.39140892988e-11, 6.0793620138e-11, 1.89570067977e-10, 2.36908048734e-10, 1.34948024977e-10, 1.21299470468e-10, 1.61963747969e-10, 7.20380352592e-11, 3.65373599431e-11, 2.18776073646e-11],
        "max": [0.0699187740684, 0.0910266637802, 0.0126797575504, 0.0183213837445, 0.0124630173668, 0.0070030852221, 0.00480832904577, 0.00842981226742, 0.00750744761899, 0.00816394947469, 0.00796211324632, 0.010981824249, 0.0199500545859, 0.00464111939073, 0.00613136123866, 0.00455991644412, 0.00915124360472, 0.00690924655646, 0.00401129899547, 0.00306677329354, 0.00151119893417, 0.00123805552721, 0.000603027117904, 0.00158714770805, 0.000726950413082, 0.000641237886157, 0.000312327319989, 0.000183810538147, 8.57678023749e-05, 0.000282833963865, 0.000233546335949, 0.000260764587438, 0.000424466386903, 0.000566678121686, 0.000290998112177, 0.000291856063996, 0.000338777026627, 0.000306616624584, 0.000170949526364, 0.000217407432501],
        "mean": [0.00180531851947, 0.000884657434653, 0.000432839966379, 0.0004337989958, 0.000407228624681, 0.000247346644755, 0.00017988064792, 0.000146286358358, 0.000168782120454, 0.000179755123099, 0.000189362996025, 0.000135094858706, 0.000184839911526, 0.00015293036995, 0.000104697115603, 6.19304119027e-05, 0.000114269343612, 0.000169660517713, 6.56104675727e-05, 5.6860728364e-05, 4.27034465247e-05, 2.59573207586e-05, 1.43345732795e-05, 1.68813221535e-05, 1.54740755534e-05, 1.24017105918e-05, 8.4929561126e-06, 4.48521132057e-06, 2.79802816294e-06, 1.85711223821e-06, 1.92506195162e-06, 1.83196732451e-06, 2.22336166189e-06, 2.37165590988e-06, 2.37743938669e-06, 2.46631680056e-06, 2.41844054472e-06, 1.78276729912e-06, 1.26362931496e-06, 7.81821483997e-07],
        "median": [0.000768014113419, 0.000503263261635, 0.000179282098543, 0.000170946164872, 0.000163924516528, 0.000133149442263, 7.12510591256e-05, 4.60286901216e-05, 5.85325688007e-05, 5.52290694031e-05, 5.70205920667e-05, 3.38258359989e-05, 3.33321077051e-05, 3.55547563231e-05, 2.49467866524e-05, 1.46898728417e-05, 2.06470085686e-05, 1.48813014675e-05, 1.39881722134e-05, 1.64159355336e-05, 1.41055897984e-05, 9.86038867268e-06, 6.04160231887e-06, 5.30120451003e-06, 5.05458547195e-06, 4.07621109844e-06, 2.92327013085e-06, 1.87051170997e-06, 1.14978354304e-06, 7.10179506314e-07, 5.49173478248e-07, 4.08270949492e-07, 3.57523106231e-07, 3.90265057604e-07, 4.18711380235e-07, 4.35175536495e-07, 3.81706740882e-07, 3.42445758861e-07, 2.42215634216e-07, 1.55038961225e-07],
        "min": [1.43880097503e-15, 7.73558450673e-16, 2.52129865253e-16, 1.85003483565e-16, 1.88339112546e-16, 9.88201774349e-17, 2.26013801316e-16, 4.02933705358e-16, 2.92204132188e-16, 1.95552577474e-16, 2.73163069762e-16, 2.64372297137e-16, 6.96525383392e-17, 1.65650183618e-16, 2.81628634674e-16, 6.2996519029e-16, 3.62624148552e-16, 2.82941853379e-16, 3.10133755038e-16, 7.52266305545e-17, 2.70541016408e-17, 8.17941402158e-17, 1.88267710315e-16, 2.11485598084e-16, 2.944280966e-16, 1.06239491221e-16, 1.91405040943e-16, 1.36863279215e-16, 9.45353487747e-17, 6.4934147924e-17, 2.16321335649e-16, 2.21031725574e-16, 9.84265453425e-17, 2.28001178838e-16, 4.22307201746e-16, 1.64276269708e-16, 3.75137789798e-16, 3.65834509301e-16, 2.33137560161e-16, 2.7837557817e-16],
        "var": [1.71033771039e-05, 5.72578755964e-06, 6.72729697726e-07, 6.47343085802e-07, 5.54045072931e-07, 1.3015844047e-07, 1.00458272811e-07, 1.35046818173e-07, 1.23793043372e-07, 1.78560199515e-07, 1.89027005604e-07, 1.62238848134e-07, 4.5739616894e-07, 1.10152356569e-07, 8.63471640855e-08, 3.40045893665e-08, 1.13499730503e-07, 2.98003726584e-07, 4.09742888507e-08, 2.20480664836e-08, 8.37768965312e-09, 3.72582498187e-09, 8.33855096083e-10, 1.94019511568e-09, 1.48284151624e-09, 1.07313535835e-09, 3.28612553835e-10, 5.49003620343e-11, 2.54892131707e-11, 2.92879262509e-11, 5.45824843656e-11, 7.34640265287e-11, 1.69177602483e-10, 2.10415518342e-10, 1.51378659607e-10, 1.5323968483e-10, 1.69109767856e-10, 7.96705618145e-11, 4.48112623397e-11, 1.82287379635e-11]
    },
    "mfcc": {
        "mean": [-657.681274414, 126.175582886, -8.19039535522, 8.19714927673, 11.2796974182, 1.32679355145, 3.35149168968, 6.36818122864, -1.44388794899, 6.96820878983, -3.57343244553, -0.0719589218497, 1.13072252274],
        "cov": [[5796.15087891, -1589.94421387, -711.890808105, 82.5035476685, 83.1058044434, -12.3203992844, 0.797072172165, -126.117248535, -182.373657227, -6.12940835953, -126.39024353, -54.1720809937, 42.9558448792], [-1589.94421387, 1526.96936035, 260.087432861, 181.207427979, 198.087997437, 63.2445106506, 145.803726196, 13.5682458878, 11.4770345688, -6.07445955276, 39.2483825684, 66.517578125, 64.6191482544], [-711.890808105, 260.087432861, 1158.87548828, 389.034729004, 251.29624939, 201.701370239, 27.0906028748, 18.4900283813, -35.0516777039, -6.86079835892, -4.44041252136, 46.5820922852, 49.4251403809], [82.5035476685, 181.207427979, 389.034729004, 602.983459473, 299.422515869, 134.636047363, 95.5124664307, 17.9108562469, -0.013424041681, 15.8828544617, -7.62291955948, 41.4982757568, 55.8193092346], [83.1058044434, 198.087997437, 251.29624939, 299.422515869, 401.866760254, 126.753677368, 89.7191162109, 21.392118454, -8.07423686981, 54.0971832275, 0.456075340509, 53.6478462219, 66.6179046631], [-12.3203992844, 63.2445106506, 201.701370239, 134.636047363, 126.753677368, 290.723327637, 82.6941299438, 42.4360733032, 20.300447464, 28.1514644623, 39.7553977966, 11.2711877823, 18.3379840851], [0.797072172165, 145.803726196, 27.0906028748, 95.5124664307, 89.7191162109, 82.6941299438, 198.563659668, 50.9688339233, 11.6477870941, 30.4885807037, 31.6847896576, 22.6260681152, 18.8846588135], [-126.117248535, 13.5682458878, 18.4900283813, 17.9108562469, 21.392118454, 42.4360733032, 50.9688339233, 134.301147461, 65.8566589355, 21.3211479187, 15.7030849457, 7.83117198944, 8.65054988861], [-182.373657227, 11.4770345688, -35.0516777039, -0.013424041681, -8.07423686981, 20.300447464, 11.6477870941, 65.8566589355, 160.026168823, 43.7467498779, 24.1612224579, -0.173676222563, -8.79767799377], [-6.12940835953, -6.07445955276, -6.86079835892, 15.8828544617, 54.0971832275, 28.1514644623, 30.4885807037, 21.3211479187, 43.7467498779, 131.698806763, 36.6663742065, 9.20573997498, 0.134747296572], [-126.39024353, 39.2483825684, -4.44041252136, -7.62291955948, 0.456075340509, 39.7553977966, 31.6847896576, 15.7030849457, 24.1612224579, 36.6663742065, 113.699645996, 23.8708381653, -4.47826480865], [-54.1720809937, 66.517578125, 46.5820922852, 41.4982757568, 53.6478462219, 11.2711877823, 22.6260681152, 7.83117198944, -0.173676222563, 9.20573997498, 23.8708381653, 89.1825332642, 39.9270477295], [42.9558448792, 64.6191482544, 49.4251403809, 55.8193092346, 66.6179046631, 18.3379840851, 18.8846588135, 8.65054988861, -8.79767799377, 0.134747296572, -4.47826480865, 39.9270477295, 99.4276428223]],
