{
"lowlevel": {
    "average_loudness": 0.923098504543,
    "barkbands_crest": {
        "dmean": 2.61831474304,
        "dmean2": 4.2303609848,
        "dvar": 5.62437486649,
        "dvar2": 14.1675081253,
        "max": 26.1557559967,
        "mean": 10.2292642593,
        "median": 9.22151374817,
        "min": 2.27324700356,
        "var": 19.9013252258
    },
    "barkbands_flatness_db": {
        "dmean": 0.0183098465204,
        "dmean2": 0.0275388360023,
        "dvar": 0.000340588769177,
        "dvar2": 0.000734761473723,
        "max": 0.453137874603,
        "mean": 0.116841897368,
        "median": 0.107131294906,
        "min": 0.011668626219,
        "var": 0.00312692695297
    },
    "barkbands_kurtosis": {
        "dmean": 2.63116812706,
        "dmean2": 4.04379892349,
        "dvar": 59.5513458252,
        "dvar2": 138.757736206,
        "max": 266.653686523,
        "mean": 4.06532526016,
        "median": 1.62523174286,
        "min": -1.90396440029,
        "var": 110.446563721
    },
    "barkbands_skewness": {
        "dmean": 0.470876723528,
        "dmean2": 0.702702760696,
        "dvar": 0.326249629259,
        "dvar2": 0.721091747284,
        "max": 14.1144180298,
        "mean": 1.40933036804,
        "median": 1.21197843552,
        "min": -3.25851845741,
        "var": 1.408249259
    },
    "barkbands_spread": {
        "dmean": 5.88240528107,
        "dmean2": 8.81451797485,
        "dvar": 53.0434341431,
        "dvar2": 107.090751648,
        "max": 107.58972168,
        "mean": 26.0832386017,
        "median": 23.417049408,
        "min": 0.441724419594,
        "var": 272.411224365
    },
    "dissonance": {
        "dmean": 0.0210988875479,
        "dmean2": 0.035437386483,
        "dvar": 0.000361489481293,
        "dvar2": 0.000999403884634,
        "max": 0.499999970198,
        "mean": 0.455521911383,
        "median": 0.461493313313,
        "min": 0.214131891727,
        "var": 0.000957285286859
    },
    "dynamic_complexity": 2.89334797859,
    "erbbands_crest": {
        "dmean": 2.48207759857,
        "dmean2": 3.97920370102,
        "dvar": 5.29754495621,
        "dvar2": 12.9968414307,
        "max": 31.3090686798,
        "mean": 9.93575572968,
        "median": 9.17916870117,
        "min": 2.33819723129,
        "var": 20.1439838409
    },
    "erbbands_flatness_db": {
        "dmean": 0.0148330088705,
        "dmean2": 0.0217553768307,
        "dvar": 0.000219729088712,
        "dvar2": 0.000403722864576,
        "max": 0.393372893333,
        "mean": 0.149917066097,
        "median": 0.144533216953,
        "min": 0.0444316193461,
        "var": 0.00320514547639
    },
    "erbbands_kurtosis": {
        "dmean": 0.973186373711,
        "dmean2": 1.50502836704,
        "dvar": 2.5721783638,
        "dvar2": 5.75133323669,
        "max": 60.8964958191,
        "mean": 1.25665175915,
        "median": 0.391444206238,
        "min": -1.82057213783,
        "var": 12.0923061371
    },
    "erbbands_skewness": {
        "dmean": 0.319758236408,
        "dmean2": 0.476998269558,
        "dvar": 0.102128401399,
        "dvar2": 0.203740984201,
        "max": 6.52098226547,
        "mean": 0.795362055302,
        "median": 0.763176500797,
        "min": -4.1643075943,
        "var": 0.617039859295
    },
    "erbbands_spread": {
        "dmean": 7.414686203,
        "dmean2": 11.0692911148,
        "dvar": 85.4374313354,
        "dvar2": 176.232955933,
        "max": 162.540771484,
        "mean": 39.2034721375,
        "median": 34.4326171875,
        "min": 1.30823326111,
        "var": 489.804107666
    },
    "hfc": {
        "dmean": 7.917532444,
        "dmean2": 10.4062643051,
        "dvar": 122.788070679,
        "dvar2": 189.503646851,
        "max": 217.774963379,
        "mean": 33.7986373901,
        "median": 29.3928585052,
        "min": 1.23368985574e-16,
        "var": 730.694519043
    },
    "melbands_crest": {
        "dmean": 3.40378069878,
        "dmean2": 5.4074420929,
        "dvar": 9.56532478333,
        "dvar2": 23.7367668152,
        "max": 35.8623161316,
        "mean": 15.0463104248,
        "median": 13.2102241516,
        "min": 2.10935258865,
        "var": 48.2417068481
    },
    "melbands_flatness_db": {
        "dmean": 0.0216214936227,
        "dmean2": 0.0315930247307,
        "dvar": 0.000480425660498,
        "dvar2": 0.00101146812085,
        "max": 0.576614141464,
        "mean": 0.17331597209,
        "median": 0.163605153561,
        "min": 0.00423306785524,
        "var": 0.00423776544631
    },
    "melbands_kurtosis": {
        "dmean": 6.25144863129,
        "dmean2": 9.63844394684,
        "dvar": 169.941421509,
        "dvar2": 387.794128418,
        "max": 282.297027588,
        "mean": 12.4996614456,
        "median": 6.08603858948,
        "min": -1.80599665642,
        "var": 429.073516846
    },
    "melbands_skewness": {
        "dmean": 0.646231412888,
        "dmean2": 0.974535226822,
        "dvar": 0.580192029476,
        "dvar2": 1.27504098415,
        "max": 13.8698863983,
        "mean": 2.3065764904,
        "median": 1.94884729385,
        "min": -1.39284753799,
        "var": 2.9478623867
    },
    "melbands_spread": {
        "dmean": 6.85958957672,
        "dmean2": 10.1636476517,
        "dvar": 95.8315048218,
        "dvar2": 169.678192139,
        "max": 237.949035645,
        "mean": 26.9314231873,
        "median": 23.1163101196,
        "min": 0.450015187263,
        "var": 407.360565186
    },
    "pitch_salience": {
        "dmean": 0.0653439462185,
        "dmean2": 0.105073727667,
        "dvar": 0.00354566727765,
        "dvar2": 0.00886275991797,
        "max": 0.872148573399,
        "mean": 0.540615081787,
        "median": 0.55707013607,
        "min": 0.0681415945292,
        "var": 0.0153374578804
    },
    "silence_rate_20dB": {
        "dmean": 0,
        "dmean2": 0,
        "dvar": 0,
        "dvar2": 0,
        "max": 1,
        "mean": 1,
        "median": 1,
        "min": 1,
        "var": 0
    },
    "silence_rate_30dB": {
        "dmean": 0.0167383477092,
        "dmean2": 0.0334805846214,
        "dvar": 0.0164561960846,
        "dvar2": 0.0416643954813,
        "max": 1,
        "mean": 0.984425842762,
        "median": 1,
        "min": 0,
        "var": 0.0153328236192
    },
    "silence_rate_60dB": {
        "dmean": 0.0102289896458,
        "dmean2": 0.0204603578895,
        "dvar": 0.0101262433454,
        "dvar2": 0.0239882916212,
        "max": 1,
        "mean": 0.0672942847013,
        "median": 0,
        "min": 0,
        "var": 0.0627548843622
    },
    "spectral_centroid": {
        "dmean": 220.936523438,
        "dmean2": 321.227142334,
        "dvar": 71459.875,
        "dvar2": 125040.40625,
        "max": 11093.8144531,
        "mean": 1481.13879395,
        "median": 1466.62231445,
        "min": 124.913269043,
        "var": 384420.71875
    },
    "spectral_complexity": {
        "dmean": 2.88341283798,
        "dmean2": 4.09579181671,
        "dvar": 10.9494314194,
        "dvar2": 15.2445383072,
        "max": 57,
        "mean": 18.7472114563,
        "median": 18,
        "min": 0,
        "var": 97.7243270874
    },
    "spectral_decrease": {
        "dmean": 2.4577648805e-09,
        "dmean2": 3.76865205709e-09,
        "dvar": 1.35484656993e-17,
        "dvar2": 3.28737324947e-17,
        "max": 8.3092778929e-29,
        "mean": -7.9535764641e-09,
        "median": -6.54356924201e-09,
        "min": -8.26383654839e-08,
        "var": 4.1244380086e-17
    },
    "spectral_energy": {
        "dmean": 0.00968388747424,
        "dmean2": 0.0147648761049,
        "dvar": 0.00020075251814,
        "dvar2": 0.000479700393043,
        "max": 0.314358711243,
        "mean": 0.0330843403935,
        "median": 0.027904888615,
        "min": 1.08763313026e-20,
        "var": 0.000652475398965
    },
    "spectral_energyband_high": {
        "dmean": 0.000619309197646,
        "dmean2": 0.000787445518654,
        "dvar": 1.37253334742e-06,
        "dvar2": 2.04900629797e-06,
        "max": 0.0251175872982,
        "mean": 0.00203074840829,
        "median": 0.00138804013841,
        "min": 7.81225317309e-21,
        "var": 6.2851659095e-06
    },
    "spectral_energyband_low": {
        "dmean": 0.00582376634702,
        "dmean2": 0.00892066862434,
        "dvar": 0.000176420086063,
        "dvar2": 0.000446336489404,
        "max": 0.310488700867,
        "mean": 0.0112256798893,
        "median": 0.0035396120511,
        "min": 6.93277027473e-23,
        "var": 0.000408759835409
    },
    "spectral_energyband_middle_high": {
        "dmean": 0.00245060096495,
        "dmean2": 0.00363475061022,
        "dvar": 1.21460907394e-05,
        "dvar2": 2.88417413685e-05,
        "max": 0.0543607994914,
        "mean": 0.00860415678471,
        "median": 0.00554047012702,
        "min": 1.56516112535e-21,
        "var": 7.59368558647e-05
    },
    "spectral_energyband_middle_low": {
        "dmean": 0.00491308281198,
        "dmean2": 0.00775877758861,
        "dvar": 6.38854544377e-05,
        "dvar2": 0.000153190878336,
        "max": 0.102882124484,
        "mean": 0.011843143031,
        "median": 0.00856002047658,
        "min": 3.38191410096e-22,
        "var": 0.000124978832901
    },
    "spectral_entropy": {
        "dmean": 0.133808001876,
        "dmean2": 0.188670426607,
        "dvar": 0.0208997987211,
        "dvar2": 0.0353735797107,
        "max": 9.80637168884,
        "mean": 7.71371793747,
        "median": 7.75502634048,
        "min": 5.6623415947,
        "var": 0.23352189362
    },
    "spectral_flux": {
        "dmean": 0.0229644197971,
        "dmean2": 0.0375799648464,
        "dvar": 0.000749137194362,
        "dvar2": 0.0017943122657,
        "max": 0.492443025112,
        "mean": 0.0874123945832,
        "median": 0.0819331333041,
        "min": 1.04289653302e-10,
        "var": 0.00222505698912
    },
    "spectral_kurtosis": {
        "dmean": 0.957650721073,
        "dmean2": 1.56214904785,
        "dvar": 2.52807688713,
        "dvar2": 7.66631746292,
        "max": 48.5614242554,
        "mean": 3.276866436,
        "median": 2.66866803169,
        "min": -1.30604577065,
        "var": 11.4326457977
    },
    "spectral_rms": {
        "dmean": 0.000752265157644,
        "dmean2": 0.00112701952457,
        "dvar": 7.58669500556e-07,
        "dvar2": 1.66610584529e-06,
        "max": 0.0175126083195,
        "mean": 0.00525281950831,
        "median": 0.00521768908948,
        "min": 3.25746135794e-12,
        "var": 4.68532380182e-06
    },
    "spectral_rolloff": {
        "dmean": 488.68661499,
        "dmean2": 771.422424316,
        "dvar": 969750.375,
        "dvar2": 1903734.875,
        "max": 19035.3515625,
        "mean": 1833.37182617,
        "median": 1378.125,
        "min": 64.599609375,
        "var": 3266747.5
    },
    "spectral_skewness": {
        "dmean": 0.15021340549,
        "dmean2": 0.229079082608,
        "dvar": 0.0278039369732,
        "dvar2": 0.0654135867953,
        "max": 5.26858711243,
        "mean": 1.47761440277,
        "median": 1.42572045326,
        "min": -0.349910885096,
        "var": 0.219421669841
    },
    "spectral_spread": {
        "dmean": 572297.1875,
        "dmean2": 778844.0625,
        "dvar": 670880169984,
        "dvar2": 1.04635052851e+12,
        "max": 39766312,
        "mean": 5987617,
        "median": 5529487,
        "min": 1387332.75,
        "var": 4.5529914409e+12
    },
    "spectral_strongpeak": {
        "dmean": 0.616314947605,
        "dmean2": 1.03583645821,
        "dvar": 0.77102547884,
        "dvar2": 1.98012018204,
        "max": 11.60131073,
        "mean": 1.29981231689,
        "median": 0.784530639648,
        "min": 0,
        "var": 1.68575429916
    },
    "zerocrossingrate": {
        "dmean": 0.0122001636773,
        "dmean2": 0.0137969255447,
        "dvar": 0.000228793054703,
        "dvar2": 0.00022811825329,
        "max": 0.5341796875,
        "mean": 0.0799551457167,
        "median": 0.072265625,
        "min": 0.00244140625,
        "var": 0.0020912468899
    },
    "barkbands": {
        "dmean": [0.000696841627359, 0.00508763082325, 0.000573116820306, 0.00142233923543, 0.001385319978, 0.00117294839583, 0.0011799443746, 0.000608632341027, 0.0013318444835, 0.00121199933346, 0.000935506075621, 0.000351526017766, 0.000523896247614, 0.000523972150404, 0.000378143595299, 0.000230101199122, 0.000163101358339, 0.000139391646371, 0.000152354739839, 0.000134295361931, 9.84482394415e-05, 9.38733865041e-05, 0.000153643239173, 0.000183473908692, 0.00012142975902, 7.12922483217e-05, 1.69158447534e-05],
        "dmean2": [0.000999260577373, 0.00805973913521, 0.000935024116188, 0.00248062424362, 0.00222990266047, 0.00179294031113, 0.00186643376946, 0.000946567335632, 0.00208101980388, 0.00190770404879, 0.00149824994151, 0.00055538554443, 0.000856288766954, 0.00084990367759, 0.000588350696489, 0.000349782902049, 0.000252362311585, 0.000212407583604, 0.000222615723033, 0.000195612083189, 0.000142202567076, 0.000135011970997, 0.000219255773118, 0.000255890685366, 0.000162582990015, 0.000101523706689, 2.45827231993e-05],
        "dvar": [2.76304376712e-06, 0.000155279034516, 5.81279709877e-06, 2.35989609791e-05, 9.87297607935e-06, 6.56926704323e-06, 4.8200731726e-06, 1.90426180779e-06, 6.31061448075e-06, 5.99049371885e-06, 3.73449279323e-06, 6.6629434059e-07, 1.30380146857e-06, 1.11997587737e-06, 6.75260594107e-07, 3.03839669868e-07, 1.56427276465e-07, 6.85894860908e-08, 6.72903794907e-08, 4.1621717628e-08, 2.78090208639e-08, 4.35297025092e-08, 1.33185096729e-07, 1.94542579379e-07, 5.83735300097e-08, 2.12355821816e-08, 1.41324607572e-09],
        "dvar2": [5.57532348466e-06, 0.00040410636575, 1.36394019137e-05, 6.28997950116e-05, 2.32498441619e-05, 1.58699695021e-05, 1.17828294606e-05, 4.56012276118e-06, 1.56131518452e-05, 1.49860034071e-05, 9.70928704191e-06, 1.56779776717e-06, 3.29881686412e-06, 2.95692984764e-06, 1.69554402873e-06, 6.90331091846e-07, 4.03730950893e-07, 1.58986694032e-07, 1.44847760453e-07, 8.81900206195e-08, 5.33573825123e-08, 8.45185610387e-08, 2.42041750198e-07, 3.25006340063e-07, 9.7700706192e-08, 4.19105248284e-08, 2.85157009117e-09],
        "max": [0.0255365539342, 0.243165463209, 0.103397265077, 0.0455686673522, 0.0521703548729, 0.0675538182259, 0.0420857146382, 0.0339975990355, 0.0669132098556, 0.037329390645, 0.0320996232331, 0.0184901580215, 0.0342924520373, 0.0169391240925, 0.0266978107393, 0.0152460979298, 0.00821197684854, 0.00470045721158, 0.0043907975778, 0.00481483573094, 0.00457430118695, 0.00555013166741, 0.0109462160617, 0.0126417744905, 0.00782754924148, 0.00315474974923, 0.00185361108743],
        "mean": [0.00139795953874, 0.008614692837, 0.000751243787818, 0.00122996303253, 0.00240938575007, 0.00220313388854, 0.00211965083145, 0.00102788361255, 0.00251286523417, 0.00232540164143, 0.00178483559284, 0.000619407743216, 0.000857581850141, 0.000985003076494, 0.000694719841704, 0.00041593259084, 0.000303722423268, 0.000298699218547, 0.000356973730959, 0.000396852847189, 0.000223769602599, 0.000227677955991, 0.000382075668313, 0.000471120380098, 0.000291484204354, 0.000153012413648, 2.92101685773e-05],
        "median": [0.000202085750061, 0.00215562386438, 0.000253766047535, 0.000260904838797, 0.000595827354118, 0.000926561886445, 0.000937017262913, 0.000359932979336, 0.00123973353766, 0.000661558122374, 0.000290391559247, 0.000178860325832, 0.000280828156974, 0.000225472147577, 0.000164228724316, 0.000128724364913, 0.000100993922388, 0.000125681370264, 0.000196930210222, 0.000220830421313, 0.000126316823298, 0.000113557907753, 0.00022630370222, 0.00026127093588, 9.26979992073e-05, 2.28919816436e-05, 5.19445575264e-06],
        "min": [8.46768817691e-24, 3.70991848949e-23, 1.16216061408e-23, 1.25557996794e-23, 8.49276669617e-23, 2.45309330461e-23, 4.94571990016e-23, 1.18505424107e-22, 4.25112187777e-23, 5.43042885694e-23, 7.90301175907e-23, 1.48746930713e-22, 8.93715287001e-23, 1.01969649978e-22, 1.45319576204e-22, 1.97142057879e-22, 1.49148744903e-22, 2.07827765752e-22, 2.86526069514e-22, 2.82814485265e-22, 3.67875223596e-22, 4.04352151853e-22, 4.91472309395e-22, 1.10017273194e-21, 1.16380596336e-21, 1.79363150034e-21, 2.73773417326e-21],
        "var": [9.55607720243e-06, 0.000281880085822, 8.01867463451e-06, 1.75399891305e-05, 2.2360285584e-05, 1.57992726599e-05, 1.07596024463e-05, 3.90176501242e-06, 1.22265573737e-05, 1.60162016982e-05, 9.75770672085e-06, 1.75956972726e-06, 2.47187540481e-06, 2.75325965049e-06, 1.69782140347e-06, 7.42245617857e-07, 3.6234823142e-07, 2.22804587224e-07, 2.00984985099e-07, 2.23383423759e-07, 8.37509688267e-08, 1.29815063588e-07, 3.85575731343e-07, 7.51066863813e-07, 2.326759585e-07, 6.26947809224e-08, 4.29119717538e-09]
    },
    "erbbands": {
        "dmean": [0.262853145599, 0.732305586338, 0.591736853123, 2.69389224052, 4.31438875198, 4.86982870102, 9.42327785492, 9.47862815857, 17.916929245, 10.6911840439, 15.3804798126, 34.5838890076, 26.7081661224, 38.0456085205, 31.814491272, 14.3127298355, 25.7818584442, 15.2234077454, 28.6457824707, 12.8775415421, 11.2242898941, 8.27593135834, 6.38880348206, 8.51871395111, 5.53754663467, 6.49165391922, 4.7785410881, 3.17693042755, 3.4044303894, 3.86751723289, 4.56909799576, 4.35184335709, 2.98523378372, 1.70462667942, 0.757436156273, 0.35134267807, 0.111955188215, 0.029574373737, 0.00296832015738, 9.31863323785e-05],
        "dmean2": [0.415476500988, 1.15592133999, 0.927668333054, 4.66528844833, 7.39476013184, 7.71724128723, 14.7110881805, 14.5538654327, 28.7120685577, 16.6007041931, 23.9635982513, 54.0362243652, 41.6292648315, 59.1878547668, 50.2942047119, 22.4039821625, 42.0872535706, 24.2742404938, 45.1855697632, 19.6486263275, 16.8118991852, 12.6676654816, 9.27851867676, 12.5261592865, 7.87266588211, 9.42670536041, 6.91515874863, 4.44761943817, 4.94875717163, 5.60735034943, 6.5210351944, 6.08121538162, 4.26976299286, 2.33749985695, 1.07975578308, 0.518922626972, 0.160715505481, 0.0439818948507, 0.00429411232471, 0.000133396621095],
        "dvar": [0.375151604414, 4.5518655777, 8.27619743347, 75.1551818848, 180.961105347, 136.502410889, 501.182830811, 460.726715088, 1198.61816406, 504.893859863, 1008.81097412, 4771.49462891, 3469.93603516, 5730.39599609, 4350.47119141, 949.927978516, 3350.09301758, 1043.2689209, 3150.10253906, 765.763366699, 917.547851562, 454.199798584, 168.606826782, 245.833343506, 79.0199584961, 107.877616882, 61.0227165222, 33.1047058105, 54.6114616394, 112.8126297, 112.132827759, 100.471359253, 52.2747383118, 11.7854232788, 2.35305809975, 0.551435768604, 0.0475326776505, 0.00376902590506, 4.83068652102e-05, 4.95379879339e-08],
        "dvar2": [1.03646481037, 10.9629478455, 20.6862430573, 202.586868286, 468.823272705, 314.513793945, 1153.74829102, 1089.40197754, 2924.63037109, 1178.83557129, 2504.33984375, 11786.4921875, 8395.296875, 14069.5732422, 11053.4521484, 2136.5534668, 8429.40234375, 2493.95043945, 8174.58740234, 1855.94116211, 2092.29223633, 1205.69104004, 367.754730225, 503.726745605, 160.937042236, 226.634063721, 115.744796753, 65.5889053345, 110.100883484, 223.662582397, 207.599441528, 177.898361206, 93.5987243652, 20.2511768341, 4.50733804703, 1.16042411327, 0.0926487967372, 0.00785066746175, 0.000102961719676, 9.90615163232e-08],
        "max": [8.67042827606, 64.211265564, 122.93926239, 92.3347549438, 166.128005981, 247.259094238, 457.957275391, 448.398742676, 737.353820801, 446.306091309, 805.279907227, 1933.90380859, 1164.56237793, 1230.28930664, 1146.97180176, 796.106323242, 1897.22839355, 760.778747559, 1071.94311523, 621.748657227, 990.198974609, 549.316345215, 345.200469971, 271.405975342, 150.085647583, 283.895568848, 297.592285156, 166.678070068, 191.543899536, 395.854736328, 261.094543457, 272.186828613, 231.964706421, 117.175697327, 44.0597038269, 15.3083152771, 5.34643220901, 2.2373547554, 0.390425741673, 0.0124443247914],
        "mean": [0.437360554934, 1.17405962944, 0.956530034542, 2.61804485321, 4.59068346024, 8.40403366089, 17.6092014313, 18.2042884827, 31.0461120605, 21.9263057709, 29.0063114166, 64.1932678223, 52.2226448059, 79.4500961304, 66.3071670532, 28.6166000366, 44.0111694336, 31.3058280945, 60.4811859131, 26.1298694611, 21.5458965302, 17.1247844696, 14.9509973526, 20.3369865417, 15.4022111893, 19.2511348724, 13.3211507797, 7.58065223694, 8.09483242035, 9.22941303253, 11.2078723907, 10.9858350754, 7.00930929184, 3.92321610451, 1.70227479935, 0.821500897408, 0.218280017376, 0.0507692843676, 0.00513443769887, 0.000190375358216],
        "median": [0.0882111638784, 0.32766020298, 0.403208613396, 0.721006810665, 1.33865261078, 1.92565190792, 5.0153670311, 8.5760383606, 13.893037796, 9.10505962372, 15.5131406784, 31.1633644104, 18.1785774231, 30.370677948, 17.4292011261, 12.2659606934, 15.0823278427, 11.190741539, 17.2834892273, 10.6778564453, 7.28830432892, 5.67313051224, 6.31739330292, 11.4084148407, 9.22654438019, 10.6160850525, 7.19765663147, 4.56592464447, 4.02512741089, 5.25122833252, 6.39587593079, 6.36449146271, 3.55170917511, 1.49044060707, 0.37559363246, 0.120293557644, 0.0366092659533, 0.0102381361648, 0.000875316211022, 6.98186486261e-05],
        "min": [2.04167299691e-21, 4.25846877288e-21, 8.21944979328e-21, 4.78252177983e-20, 6.98003047465e-20, 3.53191309857e-19, 3.94455705853e-19, 2.43136687116e-19, 8.74727160958e-19, 4.76952496294e-19, 2.94948080531e-18, 1.0988955885e-18, 1.33200139237e-18, 1.69193859277e-18, 4.87771367302e-18, 6.30602049878e-18, 4.23633023375e-18, 4.37846385123e-18, 9.86522481901e-18, 5.17828546502e-18, 1.16680699271e-17, 8.71640164271e-18, 1.16925908692e-17, 1.23579178785e-17, 1.40667588731e-17, 1.32358005267e-17, 1.17501626399e-17, 2.04208360839e-17, 1.22298959623e-17, 1.50838469194e-17, 1.33648489741e-17, 1.71988054707e-17, 1.98401089718e-17, 1.3517926191e-17, 8.21478939309e-18, 5.3412483175e-18, 3.74308822475e-18, 1.40513832399e-18, 3.26394070131e-19, 4.19117973032e-20],
        "var": [0.747669219971, 6.60376882553, 10.828209877, 58.2758789062, 156.720947266, 317.882598877, 1533.54748535, 1036.75183105, 2502.0480957, 1568.82958984, 1910.22521973, 8805.04003906, 8372.72851562, 16414.0722656, 12062.7832031, 2556.25830078, 6403.75097656, 2758.36279297, 9097.0390625, 1764.64782715, 2234.14404297, 1115.83374023, 591.996643066, 750.327453613, 327.501953125, 523.122375488, 262.895843506, 98.2299041748, 158.748641968, 267.727600098, 332.749145508, 342.970703125, 189.014404297, 43.7520751953, 8.58633327484, 1.75220417976, 0.136345982552, 0.00945607572794, 0.000149999992573, 1.43714999012e-07]
    },
    "gfcc": {
        "mean": [25.3156757355, 60.6831855774, -113.896202087, 14.4088754654, -70.6837921143, 20.0226974487, -32.9299163818, 14.2593517303, -18.7464599609, 3.98662495613, -9.3293390274, 0.227443113923, -6.57563018799],
        "cov": [[6726.38574219, -1651.68591309, 1078.06762695, 373.523956299, 273.840759277, 382.997711182, -77.8764953613, 143.581604004, -189.873748779, 408.540557861, 157.036499023, 375.625457764, 0.978801548481], [-1651.68591309, 1297.02062988, -193.093612671, 103.950660706, 54.6032905579, -89.6887435913, 122.915710449, -30.3543643951, 132.008850098, -140.980453491, 45.3603477478, -111.09576416, 41.1711845398], [1078.06762695, -193.093612671, 1614.37243652, 425.315948486, 274.094573975, 148.336212158, 0.760233104229, 119.557098389, 56.5803375244, 177.003494263, -24.0841178894, 220.532028198, -19.1680393219], [373.523956299, 103.950660706, 425.315948486, 420.987030029, 193.274795532, 97.7694244385, 51.3650550842, 104.19229126, 80.6616516113, 28.4619121552, 17.4902324677, 64.6904830933, 9.99301815033], [273.840759277, 54.6032905579, 274.094573975, 193.274795532, 348.228912354, 194.442840576, 138.535919189, 87.404548645, 54.8918380737, 78.2079162598, -27.4133071899, 42.8857460022, -2.39452409744], [382.997711182, -89.6887435913, 148.336212158, 97.7694244385, 194.442840576, 354.574707031, 205.792236328, 74.0329437256, 39.3453102112, 106.633903503, 10.8201532364, 23.4450454712, -3.5995657444], [-77.8764953613, 122.915710449, 0.760233104229, 51.3650550842, 138.535919189, 205.792236328, 252.876205444, 77.7366943359, 42.2479515076, 61.0168533325, 18.2335147858, -13.2874269485, 5.01546812057], [143.581604004, -30.3543643951, 119.557098389, 104.19229126, 87.404548645, 74.0329437256, 77.7366943359, 177.653762817, 83.7614898682, 34.1145210266, 8.25162506104, 34.7468605042, 9.20189476013], [-189.873748779, 132.008850098, 56.5803375244, 80.6616516113, 54.8918380737, 39.3453102112, 42.2479515076, 83.7614898682, 152.852371216, 18.2046642303, 7.97097587585, 27.7277431488, 8.13851737976], [408.540557861, -140.980453491, 177.003494263, 28.4619121552, 78.2079162598, 106.633903503, 61.0168533325, 34.1145210266, 18.2046642303, 158.849365234, 30.7259635925, 56.2795028687, 7.59491348267], [157.036499023, 45.3603477478, -24.0841178894, 17.4902324677, -27.4133071899, 10.8201532364, 18.2335147858, 8.25162506104, 7.97097587585, 30.7259635925, 118.971282959, 30.4647598267, 32.1524429321], [375.625457764, -111.09576416, 220.532028198, 64.6904830933, 42.8857460022, 23.4450454712, -13.2874269485, 34.7468605042, 27.7277431488, 56.2795028687, 30.4647598267, 137.981613159, 23.4063930511], [0.978801548481, 41.1711845398, -19.1680393219, 9.99301815033, -2.39452409744, -3.5995657444, 5.01546812057, 9.20189476013, 8.13851737976, 7.59491348267, 32.1524429321, 23.4063930511, 73.8521957397]],
        "icov": [[0.000312571763061, 0.000304870656691, -2.612204662e-05, -0.00023798723123, -0.000141549768159, -0.000184759046533, 0.00026081057149, -0.000110928747745, 0.00043581717182, -0.000223770141019, -0.000485071359435, -0.000228570192121, 9.24438645598e-05], [0.000304870656691, 0.00194911845028, -0.000174521497684, -0.000515806896146, -0.000834798091091, 0.00122092303354, -0.00161128188483, 0.00152836891357, -0.00159462436568, 0.00126387237106, -0.00155954319052, 0.00104364741128, -0.000720756070223], [-2.612204662e-05, -0.000174521497684, 0.00122065737378, -0.000992690562271, -1.73880853254e-05, -0.000149013561895, 0.000502368318848, -0.000243867209065, 0.000528680742718, -0.00106981524732, 0.000862862798385, -0.00138549809344, 0.000652433664072], [-0.00023798723123, -0.000515806896146, -0.000992690562271, 0.00495677255094, -0.00183944206219, -0.000389000022551, 0.000730508880224, -0.0012195938034, -0.00106273917481, 0.0017830961151, -0.00123895739671, 0.000310950097628, -0.000239314060309], [-0.000141549768159, -0.000834798091091, -1.73880853254e-05, -0.00183944206219, 0.00653038779274, -0.00197136565112, -0.000999105512165, -0.000796482374426, 0.000633869378362, -0.00167002854869, 0.00335150770843, -0.00117478193715, 9.49072818912e-06], [-0.000184759046533, 0.00122092303354, -0.000149013561895, -0.000389000022551, -0.00197136565112, 0.00812224671245, -0.00609098887071, 0.00174171186518, -0.00172321882565, -0.000733331777155, -0.000511579564773, 0.000858741113916, 8.02374052e-05], [0.00026081057149, -0.00161128188483, 0.000502368318848, 0.000730508880224, -0.000999105512165, -0.00609098887071, 0.011726135388, -0.00412821909413, 0.00221185828559, -0.0022827363573, -0.000826583593152, 0.000969797256403, 0.000358605087968], [-0.000110928747745, 0.00152836891357, -0.000243867209065, -0.0012195938034, -0.000796482374426, 0.00174171186518, -0.00412821909413, 0.0108464471996, -0.0058060255833, 0.00134076515678, -0.000481376046082, 0.000233499216847, -0.00112335768063], [0.00043581717182, -0.00159462436568, 0.000528680742718, -0.00106273917481, 0.000633869378362, -0.00172321882565, 0.00221185828559, -0.0058060255833, 0.0123179154471, -0.0022741118446, 0.000887656817213, -0.00297783664428, 0.00110775104258], [-0.000223770141019, 0.00126387237106, -0.00106981524732, 0.0017830961151, -0.00167002854869, -0.000733331777155, -0.0022827363573, 0.00134076515678, -0.0022741118446, 0.0120637323707, -0.00326849380508, -0.0010611891048, -0.000553192629013], [-0.000485071359435, -0.00155954319052, 0.000862862798385, -0.00123895739671, 0.00335150770843, -0.000511579564773, -0.000826583593152, -0.000481376046082, 0.000887656817213, -0.00326849380508, 0.0133667541668, -0.00290110730566, -0.00319431559183], [-0.000228570192121, 0.00104364741128, -0.00138549809344, 0.000310950097628, -0.00117478193715, 0.000858741113916, 0.000969797256403, 0.000233499216847, -0.00297783664428, -0.0010611891048, -0.00290110730566, 0.0133131770417, -0.00359074771404], [9.24438645598e-05, -0.000720756070223, 0.000652433664072, -0.000239314060309, 9.49072818912e-06, 8.02374052e-05, 0.000358605087968, -0.00112335768063, 0.00110775104258, -0.000553192629013, -0.00319431559183, -0.00359074771404, 0.0167262293398]]
    },
    "melbands": {
        "dmean": [0.00177346367855, 0.000449949176982, 0.000540121458471, 0.000288199924398, 0.000310878414894, 0.000215703097638, 0.000262312911218, 0.000115325085062, 0.000145876125316, 0.000205773860216, 0.000139298761496, 0.000164788827533, 0.000134014568175, 4.37602757302e-05, 5.36714287591e-05, 4.34571156802e-05, 3.17629346682e-05, 5.460992179e-05, 2.32231213886e-05, 1.58209222718e-05, 1.38591358336e-05, 9.12198447622e-06, 8.57219220052e-06, 6.38479696136e-06, 7.72293151385e-06, 5.51626453671e-06, 3.83874703402e-06, 4.97034079672e-06, 3.73535067411e-06, 2.53443840847e-06, 1.89324771327e-06, 2.05714832191e-06, 2.06242248169e-06, 2.58136356024e-06, 2.94226015285e-06, 2.62257708528e-06, 2.94786627819e-06, 2.35757397604e-06, 1.93339747057e-06, 1.38795655857e-06],
        "dmean2": [0.00279557122849, 0.000693196197972, 0.000925861357246, 0.000470863597002, 0.000484583841171, 0.000330818496877, 0.000418286101194, 0.000178309797775, 0.000228365141083, 0.000321229570545, 0.00021816737717, 0.000256653089309, 0.000213892883039, 6.73017493682e-05, 8.65017645992e-05, 7.02914912836e-05, 5.09110177518e-05, 8.67760536494e-05, 3.57450953743e-05, 2.41516736423e-05, 2.11449114431e-05, 1.42726175909e-05, 1.33292169266e-05, 9.88022111414e-06, 1.14434405987e-05, 8.26828454592e-06, 5.66138351132e-06, 7.39737606636e-06, 5.53969994144e-06, 3.841196758e-06, 2.78759489447e-06, 3.07004643219e-06, 3.0722833344e-06, 3.85813245884e-06, 4.29767897003e-06, 3.82421785616e-06, 4.20242986365e-06, 3.50371942659e-06, 2.82800715468e-06, 1.92024208445e-06],
        "dvar": [1.74255474121e-05, 2.85113651444e-06, 3.10096925205e-06, 4.95860547289e-07, 4.89905630729e-07, 2.21079204721e-07, 2.45582896241e-07, 5.90268918188e-08, 6.93606807545e-08, 1.75307746986e-07, 9.54700780653e-08, 1.08257196985e-07, 8.17414687049e-08, 1.07722071263e-08, 1.32066295677e-08, 1.00863069008e-08, 4.55515536402e-09, 1.20773826495e-08, 3.14758286102e-09, 1.30945054799e-09, 1.60519464387e-09, 6.47741027482e-10, 4.36057884245e-10, 1.35368827259e-10, 2.13111528424e-10, 9.264117945e-11, 3.75911489436e-11, 7.15692990982e-11, 3.73596084624e-11, 2.30496663423e-11, 1.22808716321e-11, 1.93471540871e-11, 2.50612794406e-11, 4.53766677011e-11, 4.72617639469e-11, 3.469126722e-11, 4.88183660163e-11, 3.66515776062e-11, 1.58895119284e-11, 8.34933251009e-12],
        "dvar2": [4.621538028e-05, 7.03904834154e-06, 8.17174259282e-06, 1.21975460843e-06, 1.11435247163e-06, 5.25088296399e-07, 6.02442753461e-07, 1.36646306714e-07, 1.74036571821e-07, 4.31900929243e-07, 2.33613150158e-07, 2.69573718015e-07, 2.11323566646e-07, 2.52516016985e-08, 3.22619335691e-08, 2.48634712818e-08, 1.10097753137e-08, 3.17228163738e-08, 7.65808838565e-09, 2.9710902627e-09, 3.77298192689e-09, 1.75652326018e-09, 1.05513842108e-09, 3.20189680325e-10, 4.41108094495e-10, 2.11561462793e-10, 7.57307203059e-11, 1.58747529011e-10, 7.39233882441e-11, 5.10242507967e-11, 2.6775128989e-11, 4.14303591434e-11, 5.22512866308e-11, 9.26717244609e-11, 9.42072669874e-11, 6.64669291828e-11, 9.08931610533e-11, 7.2268267759e-11, 3.00833871703e-11, 1.4831845821e-11],
        "max": [0.0636657774448, 0.0721801444888, 0.0176666732877, 0.0126589275897, 0.0135644292459, 0.0093342019245, 0.00993140693754, 0.00461291428655, 0.00545794842765, 0.0126136364415, 0.00580672034994, 0.00522337947041, 0.00509685650468, 0.00278561515734, 0.00316645693965, 0.00364564894699, 0.00139130325988, 0.00183949351776, 0.00216070120223, 0.000631161732599, 0.00142356392462, 0.000751629064325, 0.000798993918579, 0.000283898902126, 0.000266829214524, 0.000192233084817, 0.00024114199914, 0.000266820774414, 0.000238043096033, 6.98546646163e-05, 9.3073293101e-05, 0.00011724014621, 0.000153701475938, 0.000232183941989, 0.000175781940925, 0.000165311634191, 0.000200758848223, 0.000197879955522, 0.000137501527206, 9.92260393105e-05],
        "mean": [0.0030568044167, 0.000816934218165, 0.000526590854861, 0.000424360128818, 0.000598762766458, 0.000413574365666, 0.000459311646409, 0.000229886281886, 0.000272972305538, 0.000379593810067, 0.000259582186118, 0.000329816510202, 0.000265703332843, 7.97723478172e-05, 9.00461309357e-05, 7.37803929951e-05, 5.73844481551e-05, 0.000111015142465, 4.27803461207e-05, 2.90411044261e-05, 2.40486187977e-05, 1.70306775544e-05, 1.58635120897e-05, 1.36663938974e-05, 1.70460989466e-05, 1.28974188556e-05, 1.00750585261e-05, 1.35601403599e-05, 9.88471674646e-06, 4.89739886689e-06, 4.14020132666e-06, 4.53582197224e-06, 4.43946373707e-06, 5.59423597224e-06, 6.66309779263e-06, 6.19990214545e-06, 6.92623962095e-06, 5.22903701494e-06, 3.92217043554e-06, 3.05123558064e-06],
        "median": [0.000690568354912, 0.000320476246998, 0.000146733975271, 0.000123001344036, 0.00016690584016, 0.000189448008314, 0.00021066487534, 9.27785877138e-05, 0.000154883484356, 0.000180465154699, 6.87951105647e-05, 0.00010935330647, 5.11589496455e-05, 2.48004507739e-05, 3.05111316266e-05, 2.48487704084e-05, 1.48620074469e-05, 2.58962681983e-05, 1.15224429464e-05, 8.51754066389e-06, 7.22138702258e-06, 5.25429823028e-06, 5.18965680385e-06, 6.23768801233e-06, 8.73236604093e-06, 6.84455699229e-06, 5.63660523767e-06, 7.15350324754e-06, 4.88793193654e-06, 2.47169282375e-06, 2.29666852647e-06, 2.04324010156e-06, 2.19528988055e-06, 3.1531312743e-06, 3.62151672562e-06, 3.77076958102e-06, 3.74124920199e-06, 2.63563697445e-06, 1.73437138073e-06, 9.81314656201e-07],
        "min": [1.35473165846e-23, 5.04667611e-24, 7.74323697574e-24, 1.29085837983e-23, 1.66821756691e-23, 6.52124567962e-24, 1.10251712873e-23, 8.49169163653e-24, 2.19680138951e-23, 6.21351498479e-24, 7.12222831621e-24, 6.75056123388e-24, 1.32670043283e-23, 1.60905331456e-23, 1.48627800094e-23, 7.54327020259e-24, 7.64318101396e-24, 1.71302107979e-23, 7.06414843206e-24, 9.78356338708e-24, 1.42648628863e-23, 7.65615698699e-24, 1.09977394382e-23, 1.07946290544e-23, 9.3536389269e-24, 1.1747629037e-23, 7.70599327468e-24, 9.23196580974e-24, 6.94743488341e-24, 9.40292222309e-24, 1.23039858122e-23, 7.2679451249e-24, 6.4730383897e-24, 9.31580594674e-24, 7.89335957258e-24, 7.76565876924e-24, 1.15224834015e-23, 1.15665515382e-23, 1.69686915276e-23, 9.99751114204e-24],
        "var": [3.52528440999e-05, 4.17355067839e-06, 2.4652886168e-06, 7.613859907e-07, 1.55764928422e-06, 5.13965176197e-07, 5.16081627211e-07, 1.73161311068e-07, 1.33156234483e-07, 3.13417416464e-07, 2.32888965002e-07, 3.04363055648e-07, 2.18806590624e-07, 3.06920711068e-08, 2.58961421196e-08, 1.92475031469e-08, 1.06916244746e-08, 3.3205722616e-08, 6.86209489231e-09, 3.22855697732e-09, 3.37534822314e-09, 1.32310140621e-09, 1.08088371586e-09, 4.49167758543e-10, 5.91502069547e-10, 2.76333844695e-10, 1.74073699899e-10, 2.8169216959e-10, 1.70617367456e-10, 4.93567721416e-11, 3.36107981724e-11, 5.31830690598e-11, 6.09505987348e-11, 1.01215806569e-10, 1.24896759601e-10, 1.01311230238e-10, 1.55056995021e-10, 1.17386114717e-10, 4.92943602604e-11, 2.85362150576e-11]
    },
    "mfcc": {
        "mean": [-619.882568359, 98.2994613647, 8.25880622864, -0.50111156702, -6.14522600174, -2.29889988899, 1.00760233402, 4.69261646271, -2.50473666191, 11.4608879089, -2.94314408302, 0.195235684514, -0.996949076653],
        "cov": [[5756.72802734, -1282.33251953, 387.406219482, 95.6383590698, 271.61315918, 209.026412964, 272.940795898, -30.9099006653, -150.384536743, 76.5858383179, -31.8099460602, 14.0521669388, 207.550949097], [-1282.33251953, 900.88104248, -43.1248588562, 99.926109314, -20.1847057343, 5.30229854584, -14.7813053131, 45.1107940674, 43.2727088928, 18.3916702271, 18.1685771942, 21.7669582367, -25.1286811829], [387.406219482, -43.1248588562, 1044.671875, 331.780578613, 280.867919922, 124.183349609, 27.5974159241, 53.0316619873, 61.6216659546, -38.6416091919, 70.3768081665, 109.694252014, 74.7018737793], [95.6383590698, 99.926109314, 331.780578613, 382.795074463, 209.81590271, 42.5516929626, 5.78493642807, 77.6401519775, 67.0588378906, -11.4282712936, 25.5637588501, 70.930519104, 38.6671104431], [271.61315918, -20.1847057343, 280.867919922, 209.81590271, 284.745635986, 99.9448165894, 30.1267776489, 80.3789520264, 90.9088516235, -1.22105920315, 45.1238822937, 59.6362419128, 40.6979598999], [209.026412964, 5.30229854584, 124.183349609, 42.5516929626, 99.9448165894, 332.685150146, 163.815673828, 72.9502944946, 102.08883667, 46.824432373, 115.250686646, 8.21819591522, 30.0296344757], [272.940795898, -14.7813053131, 27.5974159241, 5.78493642807, 30.1267776489, 163.815673828, 254.300827026, 56.6530189514, 48.8234939575, 89.4995040894, 48.831943512, 3.67845058441, 36.6481666565], [-30.9099006653, 45.1107940674, 53.0316619873, 77.6401519775, 80.3789520264, 72.9502944946, 56.6530189514, 181.452850342, 97.9799880981, 37.2425880432, 56.4587364197, 52.421005249, 20.485326767], [-150.384536743, 43.2727088928, 61.6216659546, 67.0588378906, 90.9088516235, 102.08883667, 48.8234939575, 97.9799880981, 201.353652954, 28.4404354095, 89.6094055176, 39.7154121399, 22.5904998779], [76.5858383179, 18.3916702271, -38.6416091919, -11.4282712936, -1.22105920315, 46.824432373, 89.4995040894, 37.2425880432, 28.4404354095, 149.170303345, 23.81782341, 3.49679303169, 17.5724067688], [-31.8099460602, 18.1685771942, 70.3768081665, 25.5637588501, 45.1238822937, 115.250686646, 48.831943512, 56.4587364197, 89.6094055176, 23.81782341, 137.387878418, 44.1190223694, 21.9692993164], [14.0521669388, 21.7669582367, 109.694252014, 70.930519104, 59.6362419128, 8.21819591522, 3.67845058441, 52.421005249, 39.7154121399, 3.49679303169, 44.1190223694, 101.794380188, 40.7799263], [207.550949097, -25.1286811829, 74.7018737793, 38.6671104431, 40.6979598999, 30.0296344757, 36.6481666565, 20.485326767, 22.5904998779, 17.5724067688, 21.9692993164, 40.7799263, 88.7160644531]],
