{
"lowlevel": {
    "average_loudness": 0.679846763611,
    "barkbands_crest": {
        "dmean": 2.95439457893,
        "dmean2": 4.83504390717,
        "dvar": 6.65747737885,
        "dvar2": 17.0677070618,
        "max": 26.3914928436,
        "mean": 9.69647598267,
        "median": 8.8988161087,
        "min": 2.26433467865,
        "var": 15.7101974487
    },
    "barkbands_flatness_db": {
        "dmean": 0.0232440344989,
        "dmean2": 0.0354791879654,
        "dvar": 0.000492123654112,
        "dvar2": 0.00112577388063,
        "max": 0.429311782122,
        "mean": 0.108689107001,
        "median": 0.0981692001224,
        "min": 0.00823069736362,
        "var": 0.00266084400937
    },
    "barkbands_kurtosis": {
        "dmean": 3.21163582802,
        "dmean2": 5.17069101334,
        "dvar": 77.3558044434,
        "dvar2": 183.475479126,
        "max": 256.904022217,
        "mean": 4.5984082222,
        "median": 1.97523784637,
        "min": -1.84629166126,
        "var": 128.635482788
    },
    "barkbands_skewness": {
        "dmean": 0.538643181324,
        "dmean2": 0.822827517986,
        "dvar": 0.405128240585,
        "dvar2": 0.92654299736,
        "max": 14.9801063538,
        "mean": 1.52646303177,
        "median": 1.31368708611,
        "min": -2.07056856155,
        "var": 1.46327400208
    },
    "barkbands_spread": {
        "dmean": 6.80701684952,
        "dmean2": 10.5803842545,
        "dvar": 59.7827377319,
        "dvar2": 134.862487793,
        "max": 102.720237732,
        "mean": 23.3910980225,
        "median": 21.9827079773,
        "min": 0.441806256771,
        "var": 156.953063965
    },
    "dissonance": {
        "dmean": 0.0216212738305,
        "dmean2": 0.0368313379586,
        "dvar": 0.000384431914426,
        "dvar2": 0.0010575784836,
        "max": 0.500000059605,
        "mean": 0.462945848703,
        "median": 0.468795478344,
        "min": 0.290330559015,
        "var": 0.000726408499759
    },
    "dynamic_complexity": 3.01519012451,
    "erbbands_crest": {
        "dmean": 3.26935815811,
        "dmean2": 5.32422637939,
        "dvar": 8.98612117767,
        "dvar2": 22.4606399536,
        "max": 31.6857070923,
        "mean": 10.4928474426,
        "median": 9.69807624817,
        "min": 2.10728693008,
        "var": 23.1080036163
    },
    "erbbands_flatness_db": {
        "dmean": 0.0205846838653,
        "dmean2": 0.029898930341,
        "dvar": 0.000340414408129,
        "dvar2": 0.000691184599418,
        "max": 0.339879214764,
        "mean": 0.136830493808,
        "median": 0.130318969488,
        "min": 0.0351588577032,
        "var": 0.00265339808539
    },
    "erbbands_kurtosis": {
        "dmean": 1.09894728661,
        "dmean2": 1.75936675072,
        "dvar": 1.8467373848,
        "dvar2": 4.5474562645,
        "max": 27.9865646362,
        "mean": 1.0272551775,
        "median": 0.401027441025,
        "min": -1.81325662136,
        "var": 4.7863111496
    },
    "erbbands_skewness": {
        "dmean": 0.391223400831,
        "dmean2": 0.613321065903,
        "dvar": 0.122125260532,
        "dvar2": 0.294397681952,
        "max": 4.37476730347,
        "mean": 0.677347958088,
        "median": 0.64566129446,
        "min": -2.12055158615,
        "var": 0.474749177694
    },
    "erbbands_spread": {
        "dmean": 8.30737495422,
        "dmean2": 12.5426864624,
        "dvar": 84.1074371338,
        "dvar2": 182.186325073,
        "max": 146.41166687,
        "mean": 36.1210861206,
        "median": 32.8666343689,
        "min": 5.37972402573,
        "var": 368.457824707
    },
    "hfc": {
        "dmean": 8.46656417847,
        "dmean2": 11.8212118149,
        "dvar": 117.984161377,
        "dvar2": 223.417907715,
        "max": 150.942001343,
        "mean": 23.0503196716,
        "median": 16.6619091034,
        "min": 1.10615369306e-16,
        "var": 418.314331055
    },
    "melbands_crest": {
        "dmean": 3.96046423912,
        "dmean2": 6.49756813049,
        "dvar": 13.6731071472,
        "dvar2": 33.0976066589,
        "max": 33.9080314636,
        "mean": 13.3587503433,
        "median": 12.2053785324,
        "min": 1.77566480637,
        "var": 28.8881511688
    },
    "melbands_flatness_db": {
        "dmean": 0.0277199614793,
        "dmean2": 0.0422976724803,
        "dvar": 0.000714736990631,
        "dvar2": 0.00165676570032,
        "max": 0.562691688538,
        "mean": 0.185562565923,
        "median": 0.177440300584,
        "min": 0.00380548252724,
        "var": 0.00352811138146
    },
    "melbands_kurtosis": {
        "dmean": 6.47786808014,
        "dmean2": 10.2343044281,
        "dvar": 183.078292847,
        "dvar2": 411.053131104,
        "max": 370.061828613,
        "mean": 11.8630018234,
        "median": 5.73697566986,
        "min": -1.51181125641,
        "var": 404.751708984
    },
    "melbands_skewness": {
        "dmean": 0.698560595512,
        "dmean2": 1.06990158558,
        "dvar": 0.596653282642,
        "dvar2": 1.33298659325,
        "max": 14.9957180023,
        "mean": 2.26263165474,
        "median": 1.94382727146,
        "min": -0.811223506927,
        "var": 2.60671710968
    },
    "melbands_spread": {
        "dmean": 6.35480165482,
        "dmean2": 9.87245368958,
        "dvar": 51.6734771729,
        "dvar2": 118.120811462,
        "max": 159.577896118,
        "mean": 23.0662994385,
        "median": 21.6253681183,
        "min": 0.453439623117,
        "var": 184.872039795
    },
    "pitch_salience": {
        "dmean": 0.0768051818013,
        "dmean2": 0.123641327024,
        "dvar": 0.00432291952893,
        "dvar2": 0.0107746599242,
        "max": 0.929912149906,
        "mean": 0.561813652515,
        "median": 0.566977381706,
        "min": 0.0748042836785,
        "var": 0.0125320628285
    },
    "silence_rate_20dB": {
        "dmean": 0,
        "dmean2": 0,
        "dvar": 0,
        "dvar2": 0,
        "max": 1,
        "mean": 1,
        "median": 1,
        "min": 1,
        "var": 0
    },
    "silence_rate_30dB": {
        "dmean": 0.00632141996175,
        "dmean2": 0.0126443766057,
        "dvar": 0.00628057681024,
        "dvar2": 0.0158888902515,
        "max": 1,
        "mean": 0.991977632046,
        "median": 1,
        "min": 0,
        "var": 0.00795838143677
    },
    "silence_rate_60dB": {
        "dmean": 0.0131291029975,
        "dmean2": 0.0262613985687,
        "dvar": 0.0129581158981,
        "dvar2": 0.0309185758233,
        "max": 1,
        "mean": 0.047161784023,
        "median": 0,
        "min": 0,
        "var": 0.0449406467378
    },
    "spectral_centroid": {
        "dmean": 226.955718994,
        "dmean2": 350.631896973,
        "dvar": 65177.1679688,
        "dvar2": 133243.515625,
        "max": 11487.2304688,
        "mean": 1282.29943848,
        "median": 1253.57006836,
        "min": 128.103469849,
        "var": 332886.46875
    },
    "spectral_complexity": {
        "dmean": 3.45003652573,
        "dmean2": 5.26784181595,
        "dvar": 13.2949800491,
        "dvar2": 29.6037311554,
        "max": 49,
        "mean": 16.9624404907,
        "median": 17,
        "min": 0,
        "var": 57.096622467
    },
    "spectral_decrease": {
        "dmean": 2.59738075492e-09,
        "dmean2": 3.92244414726e-09,
        "dvar": 2.38745550237e-17,
        "dvar2": 5.99084963071e-17,
        "max": 6.12842945366e-29,
        "mean": -6.67413635469e-09,
        "median": -5.03055375134e-09,
        "min": -1.42566136674e-07,
        "var": 4.16915307641e-17
    },
    "spectral_energy": {
        "dmean": 0.0103625766933,
        "dmean2": 0.0155559610575,
        "dvar": 0.000354103161953,
        "dvar2": 0.000879978586454,
        "max": 0.542352437973,
        "mean": 0.0272804424167,
        "median": 0.0205912273377,
        "min": 1.01230363364e-20,
        "var": 0.000650183181278
    },
    "spectral_energyband_high": {
        "dmean": 0.000431397027569,
        "dmean2": 0.000615384138655,
        "dvar": 3.92816588146e-07,
        "dvar2": 8.63096488501e-07,
        "max": 0.0134651307017,
        "mean": 0.000805977266282,
        "median": 0.000485979689984,
        "min": 7.27251297664e-21,
        "var": 7.97558698196e-07
    },
    "spectral_energyband_low": {
        "dmean": 0.00572672160342,
        "dmean2": 0.00920489989221,
        "dvar": 0.000305829395074,
        "dvar2": 0.000795989355538,
        "max": 0.537563145161,
        "mean": 0.00905377790332,
        "median": 0.00510938838124,
        "min": 2.71371338394e-23,
        "var": 0.000380797806429
    },
    "spectral_energyband_middle_high": {
        "dmean": 0.00309416744858,
        "dmean2": 0.00443552387878,
        "dvar": 3.2397609175e-05,
        "dvar2": 6.40338403173e-05,
        "max": 0.10483071208,
        "mean": 0.00770834367722,
        "median": 0.00356149417348,
        "min": 1.26915537113e-21,
        "var": 0.000116085226182
    },
    "spectral_energyband_middle_low": {
        "dmean": 0.00447291601449,
        "dmean2": 0.00699230050668,
        "dvar": 3.62404571206e-05,
        "dvar2": 8.35357641336e-05,
        "max": 0.112397253513,
        "mean": 0.0106071094051,
        "median": 0.00803568586707,
        "min": 1.83540290959e-22,
        "var": 8.31178986118e-05
    },
    "spectral_entropy": {
        "dmean": 0.192783907056,
        "dmean2": 0.282799690962,
        "dvar": 0.0345376096666,
        "dvar2": 0.0717060193419,
        "max": 9.81795883179,
        "mean": 7.65444946289,
        "median": 7.64521360397,
        "min": 5.7543797493,
        "var": 0.12595371902
    },
    "spectral_flux": {
        "dmean": 0.0287211462855,
        "dmean2": 0.044966429472,
        "dvar": 0.0010092377197,
        "dvar2": 0.00249186065048,
        "max": 0.634720802307,
        "mean": 0.092043697834,
        "median": 0.0817147418857,
        "min": 6.32714783344e-11,
        "var": 0.00267455237918
    },
    "spectral_kurtosis": {
        "dmean": 1.15631783009,
        "dmean2": 1.79197919369,
        "dvar": 1.37809717655,
        "dvar2": 3.57608819008,
        "max": 30.6621055603,
        "mean": 4.76691293716,
        "median": 4.56650829315,
        "min": -1.22920739651,
        "var": 4.34691238403
    },
    "spectral_rms": {
        "dmean": 0.000894807802979,
        "dmean2": 0.00130557548255,
        "dvar": 1.0538051356e-06,
        "dvar2": 2.20809147322e-06,
        "max": 0.0230027027428,
        "mean": 0.00474509084597,
        "median": 0.00448207557201,
        "min": 3.14263155429e-12,
        "var": 4.09914537158e-06
    },
    "spectral_rolloff": {
        "dmean": 525.253112793,
        "dmean2": 892.902893066,
        "dvar": 1038616.5625,
        "dvar2": 2538840.5,
        "max": 19293.75,
        "mean": 1412.43310547,
        "median": 1162.79296875,
        "min": 64.599609375,
        "var": 1812553.625
    },
    "spectral_skewness": {
        "dmean": 0.175893500447,
        "dmean2": 0.267560094595,
        "dvar": 0.0274616256356,
        "dvar2": 0.0634915158153,
        "max": 4.2362651825,
        "mean": 1.78836357594,
        "median": 1.79205954075,
        "min": -0.0729038640857,
        "var": 0.104214817286
    },
    "spectral_spread": {
        "dmean": 724610.3125,
        "dmean2": 1030533.75,
        "dvar": 876917620736,
        "dvar2": 1.60232793702e+12,
        "max": 41400076,
        "mean": 5643290.5,
        "median": 5422413,
        "min": 2440816.5,
        "var": 4.11491237888e+12
    },
    "spectral_strongpeak": {
        "dmean": 0.806831240654,
        "dmean2": 1.32628488541,
        "dvar": 1.36885154247,
        "dvar2": 3.12904047966,
        "max": 13.8033847809,
        "mean": 1.25764560699,
        "median": 0.528412163258,
        "min": 0,
        "var": 2.63886260986
    },
    "zerocrossingrate": {
        "dmean": 0.0136585198343,
        "dmean2": 0.0164257213473,
        "dvar": 0.000216379849007,
        "dvar2": 0.000297491409583,
        "max": 0.71826171875,
        "mean": 0.0716365650296,
        "median": 0.06591796875,
        "min": 0.0029296875,
        "var": 0.00137821421959
    },
    "barkbands": {
        "dmean": [0.000788135686889, 0.00469497265294, 0.00101629947312, 0.000648931309115, 0.00141873746179, 0.00105237739626, 0.000818724103738, 0.00107686629053, 0.00139764102641, 0.00147112307604, 0.00101435487159, 0.000509131874423, 0.000513024220709, 0.000409734406276, 0.00044304531184, 0.00034708660678, 0.000224323302973, 0.000146961290739, 0.000160117895575, 0.000111140259833, 7.39422757761e-05, 5.1046416047e-05, 5.63158973819e-05, 6.41847072984e-05, 6.31840448477e-05, 9.8485397757e-05, 3.82623438782e-05],
        "dmean2": [0.00126180483494, 0.00739621603861, 0.00172903062776, 0.00110973755363, 0.00236060074531, 0.0016338636633, 0.00133051304147, 0.00171855441295, 0.00223115831614, 0.00231280736625, 0.00156145147048, 0.000767589488532, 0.000758675101679, 0.000643112929538, 0.000676789728459, 0.000538260326721, 0.000351238151779, 0.000226743155508, 0.000245642499067, 0.000168592989212, 0.000114893548016, 7.62575800763e-05, 8.40691354824e-05, 9.72511843429e-05, 9.49955210672e-05, 0.000146417471115, 5.69195544813e-05],
        "dvar": [3.29631757268e-06, 0.000230633435422, 1.76070407178e-05, 1.55335851559e-06, 6.24613358013e-06, 4.65819903184e-06, 4.23826804763e-06, 7.37351183488e-06, 1.26522800201e-05, 1.32981494971e-05, 1.20910872283e-05, 2.01107309294e-06, 3.16677869705e-06, 2.23140796152e-06, 2.23199594984e-06, 1.16593980692e-06, 3.11206918013e-07, 1.11033536143e-07, 1.08256472231e-07, 4.1544613083e-08, 2.24008154248e-08, 7.2990831157e-09, 7.44620587412e-09, 1.35364599529e-08, 1.05436646081e-08, 3.26208215995e-08, 5.44159739491e-09],
        "dvar2": [8.22458605398e-06, 0.000581179454457, 4.36457848991e-05, 4.18136914959e-06, 1.66531735886e-05, 1.10738874355e-05, 1.05418048406e-05, 1.7955992007e-05, 2.95421086776e-05, 3.11383155349e-05, 2.73048135568e-05, 3.83364204026e-06, 6.56300335322e-06, 4.96598204336e-06, 4.63288051833e-06, 2.80539848063e-06, 6.93205379321e-07, 2.43076698325e-07, 2.29745907632e-07, 9.14080757752e-08, 5.04009349811e-08, 1.60657460668e-08, 1.68734803907e-08, 2.68105608825e-08, 2.36980035595e-08, 7.67585888184e-08, 1.27451915688e-08],
        "max": [0.019784277305, 0.398013174534, 0.14162491262, 0.0217520967126, 0.0518826618791, 0.0576648674905, 0.0470454096794, 0.0537997633219, 0.0994938760996, 0.0787527859211, 0.0687450096011, 0.0668026357889, 0.0578846037388, 0.0457936748862, 0.0577052943408, 0.0266586709768, 0.0141273085028, 0.00939076766372, 0.00647922046483, 0.00455755973235, 0.00449646636844, 0.00131185166538, 0.00218084990047, 0.00769063318148, 0.00268312892877, 0.00178124802187, 0.00106679811142],
        "mean": [0.000857997802086, 0.00615569856018, 0.00145178404637, 0.00121353531722, 0.00232865172438, 0.00171544670593, 0.00113692216109, 0.00156217941549, 0.00201969593763, 0.0022298169788, 0.00144809228368, 0.000838994979858, 0.000759290065616, 0.000566044473089, 0.000662619713694, 0.00052931800019, 0.000372950104065, 0.000255279330304, 0.000278770894511, 0.000206876386073, 0.000117445255455, 7.87203462096e-05, 9.57428273978e-05, 0.000115484042908, 9.90305779851e-05, 0.000133837136673, 5.02301154484e-05],
        "median": [0.000266333809122, 0.00263203983195, 0.000689539650921, 0.000822313013487, 0.00137263385113, 0.000856342667248, 0.000440021132817, 0.000368928333046, 0.000424997560913, 0.000445933837909, 0.000205815988011, 0.000211775026401, 0.000153371482156, 0.000147390484926, 0.000182655159733, 0.000154681823915, 0.000143060286064, 0.000126062266645, 0.000110828092147, 8.57026898302e-05, 5.30019060534e-05, 3.68668333977e-05, 5.58747233299e-05, 6.97370487615e-05, 5.07821787323e-05, 5.44640643056e-05, 1.57678587129e-05],
        "min": [6.39512624657e-25, 5.57592683562e-24, 5.95368392414e-24, 1.03226019044e-24, 1.64781431068e-23, 1.49502820387e-23, 2.68988158045e-23, 2.62506782184e-23, 1.6208631934e-23, 2.3190245005e-23, 2.45175413433e-23, 2.19354181625e-23, 5.80648831679e-23, 5.85361171183e-23, 6.92086226159e-23, 7.25275623925e-23, 6.82277024792e-23, 1.35290061764e-22, 1.61001297963e-22, 2.41383081383e-22, 3.49124618345e-22, 4.81581028629e-22, 3.97705601141e-22, 6.88345132202e-22, 8.08589849455e-22, 1.3655594749e-21, 2.111885404e-21],
        "var": [3.26855683852e-06, 0.000239864501054, 2.4296270567e-05, 2.14533179133e-06, 1.09085158329e-05, 7.78965841164e-06, 5.15058036399e-06, 1.18057187137e-05, 2.01373823074e-05, 2.48145825026e-05, 2.03448071261e-05, 5.52250230612e-06, 5.99714985583e-06, 3.09675215249e-06, 3.92971287511e-06, 1.996193987e-06, 5.81699737268e-07, 2.20693934239e-07, 2.21505089826e-07, 1.03718768685e-07, 3.99380795102e-08, 1.2498700741e-08, 1.37835414193e-08, 3.45048647432e-08, 1.80695014507e-08, 4.40205916163e-08, 6.73036248955e-09]
    },
    "erbbands": {
        "dmean": [0.222895845771, 0.804958701134, 1.13471055031, 1.73141551018, 4.14172697067, 4.3856678009, 6.90722990036, 8.437084198, 9.58090209961, 15.442492485, 25.5832157135, 27.9210147858, 39.2964668274, 48.8922615051, 27.0582408905, 19.243719101, 22.7701034546, 23.0686130524, 18.1627922058, 20.8554496765, 17.4991111755, 11.2652740479, 7.34023809433, 8.38394927979, 6.83182573318, 5.52628564835, 3.70639491081, 2.44136786461, 2.04153180122, 1.37794804573, 1.79509890079, 1.31093716621, 1.14630723, 0.729208230972, 0.498930722475, 0.390349715948, 0.167877957225, 0.0521623007953, 0.00730253523216, 0.000217339387746],
        "dmean2": [0.359633266926, 1.28434944153, 1.92964625359, 2.90101051331, 7.03555202484, 7.34964942932, 11.0681123734, 13.2216968536, 15.5240755081, 25.0719890594, 40.0490531921, 44.4971580505, 61.8839035034, 75.7672424316, 40.3675727844, 28.7988033295, 33.1334114075, 35.3303337097, 27.9360084534, 32.2333259583, 26.1689109802, 17.1929950714, 10.9132423401, 12.7933731079, 10.1598968506, 8.3559885025, 5.66031074524, 3.85263037682, 3.08499884605, 2.03883743286, 2.69186472893, 1.96189332008, 1.74757158756, 1.11274147034, 0.741096913815, 0.580527722836, 0.257463604212, 0.0779468566179, 0.0110119115561, 0.000329919275828],
        "dvar": [0.312530934811, 11.5597448349, 32.3631134033, 15.1584587097, 73.0933914185, 59.5160903931, 152.009490967, 453.280670166, 636.027526855, 2057.35205078, 3879.14672852, 5831.36279297, 10884.9619141, 19620.1621094, 8076.07226562, 2206.87255859, 6553.94042969, 7064.38037109, 2543.89404297, 6014.04833984, 2539.93432617, 861.559631348, 244.532318115, 365.300018311, 215.910827637, 117.079734802, 53.2013168335, 28.1525211334, 12.8433389664, 5.59589672089, 8.01387405396, 5.56462717056, 4.38782596588, 1.48495411873, 0.69034999609, 0.466628432274, 0.118437543511, 0.00925391446799, 0.000218249100726, 2.04063582032e-07],
        "dvar2": [0.745055854321, 30.8741912842, 89.7442169189, 37.0210227966, 207.085159302, 157.78237915, 359.314727783, 1113.66918945, 1648.30029297, 5109.23974609, 9186.85253906, 14378.1660156, 24835.0859375, 47418.359375, 16856.546875, 4617.12988281, 13661.9238281, 15392.5117188, 5226.57128906, 13724.4804688, 5264.95605469, 1860.73986816, 486.555145264, 798.62109375, 443.604400635, 258.978759766, 109.45766449, 70.1454925537, 28.3001480103, 13.3221654892, 18.1924571991, 12.119931221, 8.59238529205, 3.19143652916, 1.55711984634, 1.06390535831, 0.28939306736, 0.0220979824662, 0.00052148551913, 4.88568673518e-07],
        "max": [12.3690547943, 105.66204834, 215.729064941, 129.996582031, 191.906204224, 148.264083862, 288.125579834, 695.790100098, 646.182495117, 1144.67956543, 1553.79992676, 2301.87280273, 2757.00146484, 3002.36645508, 3318.78051758, 1964.47265625, 3220.7590332, 2724.55810547, 1502.30969238, 2296.90234375, 1404.65539551, 945.711853027, 474.225219727, 610.446838379, 398.965576172, 318.754394531, 243.087768555, 126.014282227, 45.2793731689, 63.8271408081, 67.9491195679, 157.294754028, 116.349304199, 51.8795928955, 12.4101715088, 7.51334524155, 3.54107451439, 1.08390772343, 0.221952214837, 0.00763962697238],
        "mean": [0.25615182519, 1.06963479519, 1.69182658195, 3.25564742088, 6.23564195633, 7.36836194992, 11.1548843384, 13.4510297775, 14.2693157196, 22.2425231934, 40.3252639771, 42.6754570007, 60.6334381104, 82.2843017578, 44.7171516418, 34.4156684875, 35.893787384, 33.8114738464, 29.4908790588, 31.8824977875, 30.8902072906, 20.4122123718, 13.9611406326, 14.8303813934, 12.8702983856, 10.5467910767, 6.40675592422, 3.68052887917, 3.02034330368, 2.31033229828, 2.95152640343, 2.30142617226, 2.0205309391, 1.2093821764, 0.735150158405, 0.545243442059, 0.212053135037, 0.0700270086527, 0.00928980205208, 0.00029081889079],
        "median": [0.0837248787284, 0.462486445904, 0.875022411346, 2.18614077568, 3.62357115746, 4.33975934982, 5.74776268005, 6.19997167587, 6.89214754105, 7.02192211151, 10.6645860672, 11.52592659, 15.5398387909, 16.0025672913, 10.5252552032, 10.1924972534, 8.59461593628, 8.88662528992, 9.8874540329, 10.0668783188, 10.1570682526, 8.26535606384, 7.19214916229, 6.89288759232, 5.25876235962, 4.36562252045, 3.00377202034, 1.70823311806, 1.34875166416, 1.26135480404, 1.67690420151, 1.35244119167, 1.19677817822, 0.656989574432, 0.357719540596, 0.23431006074, 0.0729284286499, 0.0253650844097, 0.00262153730728, 9.62300982792e-05],
        "min": [1.98039175744e-22, 8.53634842129e-22, 6.4957209112e-21, 8.06314012249e-21, 1.24890071485e-20, 4.53181076786e-20, 8.37239193425e-20, 1.48068651294e-19, 2.14388425592e-19, 5.414672074e-19, 5.65547003718e-19, 4.89401306019e-19, 7.73820535406e-19, 7.83471251612e-19, 8.88381741522e-19, 1.21966902442e-18, 2.5493617557e-18, 2.92647546491e-18, 3.73215124269e-18, 3.07456809152e-18, 5.24476597085e-18, 4.88196289983e-18, 8.31049832586e-18, 7.91347810162e-18, 1.12242569228e-17, 1.10990862982e-17, 1.40736046199e-17, 1.32045661868e-17, 1.56954642643e-17, 1.26961859454e-17, 1.0995227982e-17, 1.35086245451e-17, 1.14384743676e-17, 7.5805916718e-18, 6.47776097833e-18, 3.93072297977e-18, 2.47465762701e-18, 1.02159928257e-18, 2.74368829847e-19, 3.17417732305e-20],
        "var": [0.346211314201, 10.4579219818, 35.0175628662, 22.0964984894, 104.919242859, 98.2317657471, 294.602325439, 680.846618652, 724.343933105, 2727.55224609, 7446.67773438, 8858.16308594, 18785.7617188, 40552.3554688, 16083.8486328, 6481.27148438, 11754.7988281, 9984.10839844, 5350.23144531, 8223.30957031, 6350.08349609, 1764.00732422, 627.116760254, 637.674926758, 511.267730713, 291.422149658, 112.741577148, 37.3614807129, 20.3321475983, 9.504529953, 13.9946260452, 13.3093309402, 10.2023382187, 3.11544585228, 1.01921749115, 0.669984459877, 0.140870809555, 0.0118514029309, 0.000253981212154, 2.34037401015e-07]
    },
    "gfcc": {
        "mean": [18.3803939819, 64.6936645508, -101.3334198, 9.8142414093, -49.6749954224, 12.6754331589, -33.8154029846, 15.5230264664, -22.830871582, 2.05325388908, -16.0033988953, 2.70862150192, -9.01859092712],
        "cov": [[6122.74316406, -252.226577759, 497.782348633, 180.827224731, 284.228912354, -1.6181832552, 39.8171195984, -28.1338062286, -106.971305847, 150.038833618, 63.2035942078, 104.084617615, 0.473069608212], [-252.226577759, 905.768005371, 150.999893188, 346.81552124, 175.957046509, 130.304977417, 52.0959281921, 38.61328125, 23.4962120056, -80.2651062012, 44.318572998, -71.6325683594, 22.2159748077], [497.782348633, 150.999893188, 1301.38256836, 476.907623291, 349.908843994, 10.78038311, -87.8522872925, -80.5420913696, -7.22440576553, 23.5451049805, 2.77338647842, 120.406608582, -14.727107048], [180.827224731, 346.81552124, 476.907623291, 542.255737305, 218.55480957, 69.8599853516, -40.0720596313, 1.23047912121, 15.7141017914, -39.0214347839, 16.6511745453, 31.263917923, 29.0714149475], [284.228912354, 175.957046509, 349.908843994, 218.55480957, 332.916992188, 100.050834656, 92.7425994873, 25.1562080383, 37.2535209656, 8.48083114624, 20.4553337097, 26.3033981323, 19.1801605225], [-1.6181832552, 130.304977417, 10.78038311, 69.8599853516, 100.050834656, 230.715377808, 139.090148926, 24.6547966003, -5.91002225876, 6.62904071808, 6.50723981857, -34.4970855713, 4.89634656906], [39.8171195984, 52.0959281921, -87.8522872925, -40.0720596313, 92.7425994873, 139.090148926, 242.287200928, 75.3968963623, 30.8988628387, 24.7693843842, 11.374751091, -36.1140327454, -11.2738800049], [-28.1338062286, 38.61328125, -80.5420913696, 1.23047912121, 25.1562080383, 24.6547966003, 75.3968963623, 139.811218262, 82.5758209229, -6.93973302841, -2.20264291763, -9.99211120605, -4.05840921402], [-106.971305847, 23.4962120056, -7.22440576553, 15.7141017914, 37.2535209656, -5.91002225876, 30.8988628387, 82.5758209229, 139.403442383, 8.41350746155, -2.46296286583, 7.50896215439, -5.27012062073], [150.038833618, -80.2651062012, 23.5451049805, -39.0214347839, 8.48083114624, 6.62904071808, 24.7693843842, -6.93973302841, 8.41350746155, 106.774124146, 30.2140579224, 12.677523613, -5.46362066269], [63.2035942078, 44.318572998, 2.77338647842, 16.6511745453, 20.4553337097, 6.50723981857, 11.374751091, -2.20264291763, -2.46296286583, 30.2140579224, 99.3118515015, 22.1684036255, 17.0441589355], [104.084617615, -71.6325683594, 120.406608582, 31.263917923, 26.3033981323, -34.4970855713, -36.1140327454, -9.99211120605, 7.50896215439, 12.677523613, 22.1684036255, 101.654838562, 28.4535560608], [0.473069608212, 22.2159748077, -14.727107048, 29.0714149475, 19.1801605225, 4.89634656906, -11.2738800049, -4.05840921402, -5.27012062073, -5.46362066269, 17.0441589355, 28.4535560608, 74.138458252]],
        "icov": [[0.000189719430637, 7.82272545621e-05, -2.77803587778e-06, -7.0186011726e-05, -0.000193288215087, 8.95198099897e-05, -7.89513887867e-06, -0.000159439616255, 0.000311367824906, -0.000236449268414, -3.19099235639e-05, -5.87895701756e-05, 7.10896201781e-05], [7.82272545621e-05, 0.00200339686126, 4.68437756354e-05, -0.00110403634608, -0.000387224659789, -0.000325802655425, -2.16807311517e-05, -6.71767411404e-05, -0.000227761309361, 0.00120297388639, -0.00138202612288, 0.00186232663691, -0.000368439155864], [-2.77803587778e-06, 4.68437756354e-05, 0.0018431263743, -0.0010863870848, -0.00154009368271, 0.000186932680663, 0.000566812988836, 0.000753269472625, 0.000260771921603, -0.000653810449876, 0.000640677637421, -0.00164159026463, 0.00174470816273], [-7.0186011726e-05, -0.00110403634608, -0.0010863870848, 0.0044061485678, -0.00112727750093, -0.00123558368068, 0.00187968125101, -0.000876007368788, -0.000147576603922, 0.000823168316856, -0.000169049802935, -0.00013440172188, -0.000860542641021], [-0.000193288215087, -0.000387224659789, -0.00154009368271, -0.00112727750093, 0.00709289964288, -0.000722122436855, -0.00306946015917, 0.000662792590447, -0.00174964603502, 0.000298920582281, -0.000256408296991, -0.000335966265993, -0.0018788567977], [8.95198099897e-05, -0.000325802655425, 0.000186932680663, -0.00123558368068, -0.000722122436855, 0.00823715794832, -0.00472516100854, 0.000663056969643, 0.00140834681224, -0.000660939142108, 0.000565267750062, 0.00134543562308, -0.00101564801298], [-7.89513887867e-06, -2.16807311517e-05, 0.000566812988836, 0.00187968125101, -0.00306946015917, -0.00472516100854, 0.0101325325668, -0.00417028926313, 0.000740683695767, -0.00143871968612, -0.000648338405881, 0.000962523452472, 0.00152702035848], [-0.000159439616255, -6.71767411404e-05, 0.000753269472625, -0.000876007368788, 0.000662792590447, 0.000663056969643, -0.00417028926313, 0.0142626203597, -0.00775254517794, 0.00211868737824, 7.26919388399e-05, -0.000279982574284, 0.000141406257171], [0.000311367824906, -0.000227761309361, 0.000260771921603, -0.000147576603922, -0.00174964603502, 0.00140834681224, 0.000740683695767, -0.00775254517794, 0.0127338562161, -0.00241001555696, 0.00110623287037, -0.00155443372205, 0.00129365164321], [-0.000236449268414, 0.00120297388639, -0.000653810449876, 0.000823168316856, 0.000298920582281, -0.000660939142108, -0.00143871968612, 0.00211868737824, -0.00241001555696, 0.0130068128929, -0.00453447550535, 0.000341219187248, 0.000750612467527], [-3.19099235639e-05, -0.00138202612288, 0.000640677637421, -0.000169049802935, -0.000256408296991, 0.000565267750062, -0.000648338405881, 7.26919388399e-05, 0.00110623287037, -0.00453447550535, 0.013262104243, -0.00363922514953, -0.00136546220165], [-5.87895701756e-05, 0.00186232663691, -0.00164159026463, -0.00013440172188, -0.000335966265993, 0.00134543562308, 0.000962523452472, -0.000279982574284, -0.00155443372205, 0.000341219187248, -0.00363922514953, 0.016699405387, -0.00635973084718], [7.10896201781e-05, -0.000368439155864, 0.00174470816273, -0.000860542641021, -0.0018788567977, -0.00101564801298, 0.00152702035848, 0.000141406257171, 0.00129365164321, 0.000750612467527, -0.00136546220165, -0.00635973084718, 0.0179773271084]]
    },
    "melbands": {
        "dmean": [0.00159444846213, 0.000678138574585, 0.000338960177032, 0.000333814852638, 0.00021395557269, 0.000190988634131, 0.000152556021931, 0.000177680209163, 0.000216555752559, 0.000186940596905, 0.000201341492357, 0.000202921437449, 0.000115225484478, 6.15612152615e-05, 4.50476545666e-05, 5.67610914004e-05, 4.34558132838e-05, 2.85023070319e-05, 3.47263121512e-05, 2.49929726124e-05, 2.15541367652e-05, 1.38337427416e-05, 7.84770145401e-06, 7.58279065849e-06, 7.45100396671e-06, 5.90025865677e-06, 3.95260258301e-06, 4.06958815802e-06, 2.71259727924e-06, 1.8298736677e-06, 1.33577054839e-06, 1.22483004361e-06, 9.51833271756e-07, 7.56574877414e-07, 1.01197781532e-06, 1.02702085769e-06, 8.05613296961e-07, 8.8583874458e-07, 6.93431331911e-07, 6.35758397038e-07],
        "dmean2": [0.00250800000504, 0.00113105680794, 0.000569369178265, 0.000557335908525, 0.000344669329934, 0.00029740773607, 0.000246311101364, 0.000287214992568, 0.000336913566571, 0.000299292587442, 0.000317024532706, 0.000315740209771, 0.000172958680196, 9.23135012272e-05, 6.77889765939e-05, 8.32595978864e-05, 6.77250427543e-05, 4.50004481536e-05, 5.26779258507e-05, 3.95467905037e-05, 3.26379704347e-05, 2.14180745388e-05, 1.20643899209e-05, 1.16959517982e-05, 1.15259890663e-05, 9.00879240362e-06, 5.97473808739e-06, 6.30259046375e-06, 4.19201660407e-06, 2.91368064609e-06, 2.13453904507e-06, 1.88045703453e-06, 1.43658110119e-06, 1.15727539196e-06, 1.52380437157e-06, 1.55599855134e-06, 1.23935160445e-06, 1.36790379202e-06, 1.06379002318e-06, 9.89397108242e-07],
        "dvar": [1.95173015527e-05, 1.13102423711e-05, 4.64929456712e-07, 3.86253987017e-07, 1.29378847191e-07, 1.97058611207e-07, 1.41695878142e-07, 2.55390432358e-07, 2.89144509225e-07, 2.53963889918e-07, 2.81544288327e-07, 3.25731946305e-07, 1.44014336456e-07, 3.61262060267e-08, 1.43635014993e-08, 4.24873825011e-08, 2.81164318494e-08, 6.62970967014e-09, 2.06766745947e-08, 8.62143423319e-09, 4.18051326889e-09, 1.46622025632e-09, 3.60826979406e-10, 3.44018452614e-10, 3.24712062794e-10, 1.70292266399e-10, 6.60599977498e-11, 7.10944220161e-11, 2.93447315058e-11, 1.59527946408e-11, 8.26881531996e-12, 4.53253493765e-12, 2.85083632048e-12, 1.82206463459e-12, 2.42978402155e-12, 2.75064910085e-12, 2.49369361965e-12, 2.84944051861e-12, 1.50699548326e-12, 1.14721101542e-12],
        "dvar2": [4.70193263027e-05, 3.20253930113e-05, 1.18129412385e-06, 1.02067417629e-06, 3.09914355512e-07, 4.79002153497e-07, 3.58951893986e-07, 6.29398357432e-07, 6.56406427879e-07, 6.27869098935e-07, 6.39062250229e-07, 7.87092631072e-07, 3.02271359942e-07, 6.56647145547e-08, 3.00143625509e-08, 8.69535696779e-08, 6.30194136875e-08, 1.46472807216e-08, 4.60447751038e-08, 2.19771294496e-08, 8.54451354115e-09, 3.30642224711e-09, 7.1687483727e-10, 7.56070817065e-10, 7.13485603931e-10, 3.73886449578e-10, 1.34586550238e-10, 1.63620575422e-10, 5.9261380525e-11, 3.90801974115e-11, 2.09158038111e-11, 1.00313186577e-11, 6.52341765675e-12, 4.50127912374e-12, 5.5591360508e-12, 6.19215225969e-12, 5.36506603033e-12, 5.58310515875e-12, 3.21826463048e-12, 2.56493068972e-12],
        "max": [0.0991294085979, 0.125879451632, 0.0200003385544, 0.0129569564015, 0.00749628013, 0.0136363059282, 0.0087704975158, 0.012854793109, 0.012906037271, 0.0124128190801, 0.0141405109316, 0.0112979132682, 0.00952691026032, 0.00938861444592, 0.00317982793786, 0.00577267631888, 0.00539369741455, 0.00185194751248, 0.00627591088414, 0.00243052933365, 0.00168004061561, 0.00119959190488, 0.000747386075091, 0.000473348045489, 0.0005678650341, 0.000248664058745, 0.000208572411793, 0.0002472710039, 0.000161979129189, 0.000107007719635, 6.40900107101e-05, 2.74066351267e-05, 4.48555983894e-05, 3.85354687751e-05, 2.93623306789e-05, 6.55912954244e-05, 0.000110832959763, 9.42638216657e-05, 5.55971564609e-05, 4.33869536209e-05],
        "mean": [0.00199592299759, 0.00106306711677, 0.000627126195468, 0.000534654478543, 0.000361613114364, 0.000307952053845, 0.000224908057135, 0.000253227888606, 0.000337397417752, 0.000274470541626, 0.000299321458442, 0.000333832023898, 0.000176506189746, 0.000100513309008, 7.10903914296e-05, 8.21687935968e-05, 5.91555581195e-05, 4.28751991421e-05, 4.97241780977e-05, 3.52867573383e-05, 3.67538559658e-05, 2.23435799853e-05, 1.34774181788e-05, 1.25961560116e-05, 1.19480264402e-05, 1.01173163785e-05, 7.29756948203e-06, 7.06880882717e-06, 4.40200210505e-06, 2.643566404e-06, 1.88730382433e-06, 1.74010301635e-06, 1.40777444813e-06, 1.23003962926e-06, 1.62319076935e-06, 1.65970641319e-06, 1.34181095746e-06, 1.48340700434e-06, 1.17468073313e-06, 9.80650838756e-07],
        "median": [0.000819144363049, 0.00055453274399, 0.000465139455628, 0.00030077752308, 0.000203075149329, 0.000145924961544, 0.000105704748421, 7.4467563536e-05, 8.03359289421e-05, 6.33579984424e-05, 6.54790419503e-05, 5.71479358769e-05, 3.16818477586e-05, 2.43172453338e-05, 1.96295804926e-05, 1.64855100593e-05, 1.38560017149e-05, 1.3394814232e-05, 1.31629212774e-05, 1.07994019345e-05, 1.03607662822e-05, 7.99649569672e-06, 5.82341317568e-06, 6.00120711169e-06, 4.86196358906e-06, 3.96439918404e-06, 2.83602253148e-06, 2.60395631813e-06, 1.925684046e-06, 1.11412748538e-06, 8.23475659217e-07, 7.36266713375e-07, 6.52404139601e-07, 6.73152385389e-07, 9.04866112705e-07, 9.23577999856e-07, 7.54866050556e-07, 8.67916412517e-07, 6.53375423099e-07, 5.02381567458e-07],
        "min": [2.42924864268e-24, 2.50122115623e-24, 1.58129584338e-24, 1.85602700742e-24, 2.96838596481e-24, 3.13250965943e-24, 4.35115007164e-24, 5.64185904122e-24, 3.96055072202e-24, 2.29659931489e-24, 3.82610003034e-24, 2.67577142265e-24, 3.53332850487e-24, 2.51035320729e-24, 4.56400919856e-24, 5.7135716251e-24, 4.32557480666e-24, 4.93566444797e-24, 5.45108446977e-24, 4.19247267271e-24, 5.99188017474e-24, 4.50699072676e-24, 7.47300399518e-24, 5.86794223792e-24, 6.00539533419e-24, 6.98805727572e-24, 6.5685536681e-24, 6.05182058733e-24, 8.00388450743e-24, 7.00684242046e-24, 6.32447142656e-24, 9.36970644582e-24, 7.33788079959e-24, 6.63997161243e-24, 5.7438579674e-24, 7.87454287341e-24, 8.36842028718e-24, 7.54949668172e-24, 7.45164637503e-24, 5.74353335114e-24],
        "var": [2.19497051148e-05, 1.13677424451e-05, 6.70460792662e-07, 6.69278222176e-07, 2.52018367064e-07, 3.08699867446e-07, 1.69046288079e-07, 3.40765495821e-07, 5.64914500956e-07, 3.87184996953e-07, 4.86180852022e-07, 6.81785707002e-07, 2.7638597544e-07, 9.53028234107e-08, 2.96444948589e-08, 7.66349472769e-08, 3.69192889593e-08, 1.20640732959e-08, 2.97876265876e-08, 9.73486624645e-09, 1.07550750528e-08, 2.67270050536e-09, 7.83679066085e-10, 6.19029882909e-10, 5.29552568462e-10, 3.30070581978e-10, 1.61471461202e-10, 1.58020929675e-10, 6.03998309701e-11, 2.26754049565e-11, 1.04704196702e-11, 7.09363080428e-12, 4.59168163561e-12, 2.84843416215e-12, 4.21091330208e-12, 5.22355943222e-12, 5.79952101967e-12, 6.11764501904e-12, 3.36974003388e-12, 2.13082915028e-12]
    },
    "mfcc": {
        "mean": [-636.305664062, 113.672828674, 2.44707870483, 7.54685688019, 6.08276128769, -2.82128167152, 3.41178107262, 5.91521883011, 2.05514764786, 5.14751434326, -3.74978971481, -0.495991408825, -1.04112708569],
        "cov": [[3941.79199219, -146.05456543, 75.8887786865, 188.772888184, 90.1189727783, 80.1526489258, 162.422866821, -56.3765029907, -65.3853149414, 100.433334351, -72.9159851074, -1.51230847836, 149.492965698], [-146.05456543, 555.855834961, 126.678901672, 152.324615479, 146.550491333, 86.1194076538, 97.6076660156, 75.7233352661, 22.2678661346, 48.5572776794, 19.0855751038, 11.4773817062, -2.21621799469], [75.8887786865, 126.678901672, 787.617004395, 405.754089355, 349.647796631, 154.234863281, 14.2531013489, -2.7006623745, -27.8503417969, -99.5649414062, -12.6607351303, 20.9939212799, 27.3275032043], [188.772888184, 152.324615479, 405.754089355, 465.460906982, 309.639923096, 101.844078064, 17.8558979034, 47.5124397278, 12.0073318481, -38.6285629272, -18.8295078278, 29.2639312744, 28.5504970551], [90.1189727783, 146.550491333, 349.647796631, 309.639923096, 348.415435791, 105.666023254, 24.8703556061, 52.5722808838, 16.4910182953, -19.8825054169, -27.8836479187, 15.4323015213, 32.0326728821], [80.1526489258, 86.1194076538, 154.234863281, 101.844078064, 105.666023254, 233.950469971, 127.497703552, 36.395275116, 31.2554893494, 21.1501636505, 11.746509552, -7.4922580719, 16.637342453], [162.422866821, 97.6076660156, 14.2531013489, 17.8558979034, 24.8703556061, 127.497703552, 223.570297241, 45.8252296448, 17.1931114197, 58.1489295959, 10.8364553452, 0.761668145657, 17.0100955963], [-56.3765029907, 75.7233352661, -2.7006623745, 47.5124397278, 52.5722808838, 36.395275116, 45.8252296448, 165.637496948, 79.8500213623, 41.8841552734, 34.3664932251, 15.0950307846, -0.740657269955], [-65.3853149414, 22.2678661346, -27.8503417969, 12.0073318481, 16.4910182953, 31.2554893494, 17.1931114197, 79.8500213623, 124.539054871, 55.9576416016, 32.8234329224, 6.94018793106, -0.848130047321], [100.433334351, 48.5572776794, -99.5649414062, -38.6285629272, -19.8825054169, 21.1501636505, 58.1489295959, 41.8841552734, 55.9576416016, 129.065689087, 40.9333953857, 1.47027695179, 9.42979335785], [-72.9159851074, 19.0855751038, -12.6607351303, -18.8295078278, -27.8836479187, 11.746509552, 10.8364553452, 34.3664932251, 32.8234329224, 40.9333953857, 104.704917908, 36.7178955078, -10.5216035843], [-1.51230847836, 11.4773817062, 20.9939212799, 29.2639312744, 15.4323015213, -7.4922580719, 0.761668145657, 15.0950307846, 6.94018793106, 1.47027695179, 36.7178955078, 88.1131134033, 26.4272480011], [149.492965698, -2.21621799469, 27.3275032043, 28.5504970551, 32.0326728821, 16.637342453, 17.0100955963, -0.740657269955, -0.848130047321, 9.42979335785, -10.5216035843, 26.4272480011, 88.6339416504]],
