{
"lowlevel": {
    "average_loudness": 0.312800616026,
    "barkbands_crest": {
        "dmean": 2.92107748985,
        "dmean2": 4.48862981796,
        "dvar": 6.14599752426,
        "dvar2": 14.93222332,
        "max": 26.2422943115,
        "mean": 9.70307159424,
        "median": 8.67684745789,
        "min": 2.0259976387,
        "var": 21.9496803284
    },
    "barkbands_flatness_db": {
        "dmean": 0.0212187245488,
        "dmean2": 0.0331787355244,
        "dvar": 0.000476442655781,
        "dvar2": 0.00115876272321,
        "max": 0.494812995195,
        "mean": 0.0893772915006,
        "median": 0.071235306561,
        "min": 0.0110079376027,
        "var": 0.00387604068965
    },
    "barkbands_kurtosis": {
        "dmean": 2.91180825233,
        "dmean2": 4.80000972748,
        "dvar": 214.334121704,
        "dvar2": 519.972351074,
        "max": 753.893859863,
        "mean": 3.0897321701,
        "median": 0.226142883301,
        "min": -1.92194414139,
        "var": 291.53717041
    },
    "barkbands_skewness": {
        "dmean": 0.50565803051,
        "dmean2": 0.804265856743,
        "dvar": 0.499113351107,
        "dvar2": 1.21919691563,
        "max": 23.8452377319,
        "mean": 1.19804358482,
        "median": 0.942345559597,
        "min": -2.46861457825,
        "var": 1.56302809715
    },
    "barkbands_spread": {
        "dmean": 7.92083930969,
        "dmean2": 12.6146507263,
        "dvar": 64.1650695801,
        "dvar2": 156.851776123,
        "max": 105.370178223,
        "mean": 34.7738571167,
        "median": 35.0568580627,
        "min": 0.168205678463,
        "var": 315.236846924
    },
    "dissonance": {
        "dmean": 0.0159794781357,
        "dmean2": 0.0273212566972,
        "dvar": 0.000244304945227,
        "dvar2": 0.000673935806844,
        "max": 0.500000059605,
        "mean": 0.475626081228,
        "median": 0.481244385242,
        "min": 0.251129925251,
        "var": 0.000447463389719
    },
    "dynamic_complexity": 2.24877166748,
    "erbbands_crest": {
        "dmean": 2.93800091743,
        "dmean2": 4.85953187943,
        "dvar": 7.12790250778,
        "dvar2": 18.4895381927,
        "max": 29.5869045258,
        "mean": 8.59672737122,
        "median": 7.59450864792,
        "min": 2.26121068001,
        "var": 18.3829059601
    },
    "erbbands_flatness_db": {
        "dmean": 0.0165654458106,
        "dmean2": 0.0257140155882,
        "dvar": 0.000242326059379,
        "dvar2": 0.000563531881198,
        "max": 0.363020598888,
        "mean": 0.122757464647,
        "median": 0.107326112688,
        "min": 0.0502706877887,
        "var": 0.00286094262265
    },
    "erbbands_kurtosis": {
        "dmean": 1.03147101402,
        "dmean2": 1.62884259224,
        "dvar": 3.28153252602,
        "dvar2": 7.41864204407,
        "max": 53.1728019714,
        "mean": 0.665920555592,
        "median": -0.0121949911118,
        "min": -1.84239709377,
        "var": 6.3660326004
    },
    "erbbands_skewness": {
        "dmean": 0.361542671919,
        "dmean2": 0.573545694351,
        "dvar": 0.118619948626,
        "dvar2": 0.285040438175,
        "max": 5.40454483032,
        "mean": 0.432085901499,
        "median": 0.372837156057,
        "min": -3.51600456238,
        "var": 0.495331764221
    },
    "erbbands_spread": {
        "dmean": 8.47031974792,
        "dmean2": 13.1399450302,
        "dvar": 69.8892059326,
        "dvar2": 162.766189575,
        "max": 133.727020264,
        "mean": 39.1419258118,
        "median": 38.7583236694,
        "min": 2.05794763565,
        "var": 274.81362915
    },
    "hfc": {
        "dmean": 12.3135576248,
        "dmean2": 18.8463554382,
        "dvar": 260.658416748,
        "dvar2": 561.751831055,
        "max": 440.499786377,
        "mean": 40.946144104,
        "median": 33.9687042236,
        "min": 5.53400825165e-10,
        "var": 993.167663574
    },
    "melbands_crest": {
        "dmean": 3.75382900238,
        "dmean2": 5.93640375137,
        "dvar": 10.5134744644,
        "dvar2": 24.4266529083,
        "max": 33.8077926636,
        "mean": 14.4697170258,
        "median": 13.3115997314,
        "min": 2.39304018021,
        "var": 38.3800544739
    },
    "melbands_flatness_db": {
        "dmean": 0.0275087170303,
        "dmean2": 0.042800962925,
        "dvar": 0.000765056873206,
        "dvar2": 0.0019151243614,
        "max": 0.634862244129,
        "mean": 0.152716085315,
        "median": 0.138188958168,
        "min": 0.012502820231,
        "var": 0.00514822872356
    },
    "melbands_kurtosis": {
        "dmean": 5.8333325386,
        "dmean2": 9.58074951172,
        "dvar": 161.20451355,
        "dvar2": 417.98638916,
        "max": 300.907226562,
        "mean": 9.84214401245,
        "median": 4.7077498436,
        "min": -1.70639121532,
        "var": 339.971191406
    },
    "melbands_skewness": {
        "dmean": 0.690713703632,
        "dmean2": 1.08977091312,
        "dvar": 0.614519178867,
        "dvar2": 1.53544211388,
        "max": 11.8794336319,
        "mean": 2.26181316376,
        "median": 1.92869138718,
        "min": -1.87109673023,
        "var": 2.18351435661
    },
    "melbands_spread": {
        "dmean": 9.48689079285,
        "dmean2": 15.2032651901,
        "dvar": 123.062156677,
        "dvar2": 292.422363281,
        "max": 232.975128174,
        "mean": 34.152885437,
        "median": 33.1859283447,
        "min": 0.280849546194,
        "var": 433.676513672
    },
    "pitch_salience": {
        "dmean": 0.0787029266357,
        "dmean2": 0.127216055989,
        "dvar": 0.00534509727731,
        "dvar2": 0.0134779075161,
        "max": 0.910730421543,
        "mean": 0.562314689159,
        "median": 0.577249407768,
        "min": 0.0641138479114,
        "var": 0.0160590019077
    },
    "silence_rate_20dB": {
        "dmean": 0.00395302893594,
        "dmean2": 0.00790697708726,
        "dvar": 0.0039370469749,
        "dvar2": 0.00993604585528,
        "max": 1,
        "mean": 0.995233654976,
        "median": 1,
        "min": 0,
        "var": 0.00474378047511
    },
    "silence_rate_30dB": {
        "dmean": 0.00651087099686,
        "dmean2": 0.0130232553929,
        "dvar": 0.00646806741133,
        "dvar2": 0.0154100991786,
        "max": 1,
        "mean": 0.988723576069,
        "median": 1,
        "min": 0,
        "var": 0.0111516946927
    },
    "silence_rate_60dB": {
        "dmean": 0.00209277984686,
        "dmean2": 0.0040697674267,
        "dvar": 0.00208850507624,
        "dvar2": 0.00544859282672,
        "max": 1,
        "mean": 0.00639386195689,
        "median": 0,
        "min": 0,
        "var": 0.00635262299329
    },
    "spectral_centroid": {
        "dmean": 300.075500488,
        "dmean2": 483.34463501,
        "dvar": 91360.8046875,
        "dvar2": 229104.265625,
        "max": 5019.81640625,
        "mean": 1770.49755859,
        "median": 1817.52978516,
        "min": 111.917205811,
        "var": 427455.25
    },
    "spectral_complexity": {
        "dmean": 4.83525180817,
        "dmean2": 7.75604629517,
        "dvar": 22.2751426697,
        "dvar2": 53.9177474976,
        "max": 56,
        "mean": 27.3604984283,
        "median": 29,
        "min": 0,
        "var": 123.765213013
    },
    "spectral_decrease": {
        "dmean": 3.0170976828e-09,
        "dmean2": 4.76691308648e-09,
        "dvar": 7.91553877396e-17,
        "dvar2": 2.03431135318e-16,
        "max": -2.13340724606e-21,
        "mean": -8.19480838743e-09,
        "median": -6.38933528307e-09,
        "min": -2.84557046371e-07,
        "var": 1.11071483313e-16
    },
    "spectral_energy": {
        "dmean": 0.0120608983561,
        "dmean2": 0.0189810581505,
        "dvar": 0.00114911666606,
        "dvar2": 0.00294701545499,
        "max": 1.08228886127,
        "mean": 0.0346431694925,
        "median": 0.0281933508813,
        "min": 5.82471286373e-14,
        "var": 0.00164048676379
    },
    "spectral_energyband_high": {
        "dmean": 0.00106443336699,
        "dmean2": 0.00163110240828,
        "dvar": 2.73626983471e-06,
        "dvar2": 6.06491448707e-06,
        "max": 0.0518746450543,
        "mean": 0.00270556495525,
        "median": 0.00193886389025,
        "min": 4.3814276751e-14,
        "var": 8.63827517605e-06
    },
    "spectral_energyband_low": {
        "dmean": 0.0079350322485,
        "dmean2": 0.01264556963,
        "dvar": 0.00111315515824,
        "dvar2": 0.00288349715993,
        "max": 1.07625126839,
        "mean": 0.0139705305919,
        "median": 0.0064558070153,
        "min": 2.53337919524e-16,
        "var": 0.00149683305062
    },
    "spectral_energyband_middle_high": {
        "dmean": 0.00260927132331,
        "dmean2": 0.00412334641442,
        "dvar": 1.08293015728e-05,
        "dvar2": 2.57290867012e-05,
        "max": 0.061807770282,
        "mean": 0.00836737733334,
        "median": 0.0065020439215,
        "min": 1.1797850972e-14,
        "var": 4.86983553856e-05
    },
    "spectral_energyband_middle_low": {
        "dmean": 0.00512729166076,
        "dmean2": 0.0083173410967,
        "dvar": 5.16780601174e-05,
        "dvar2": 0.000129477615701,
        "max": 0.146373391151,
        "mean": 0.0103740058839,
        "median": 0.00761504285038,
        "min": 2.13621349309e-15,
        "var": 9.93331559584e-05
    },
    "spectral_entropy": {
        "dmean": 0.139940798283,
        "dmean2": 0.217497035861,
        "dvar": 0.0232836250216,
        "dvar2": 0.0543068684638,
        "max": 8.91878986359,
        "mean": 8.0130777359,
        "median": 8.12112045288,
        "min": 4.91229391098,
        "var": 0.151543110609
    },
    "spectral_flux": {
        "dmean": 0.0259013045579,
        "dmean2": 0.0406466163695,
        "dvar": 0.00139683007728,
        "dvar2": 0.00340256956406,
        "max": 0.912825345993,
        "mean": 0.105639666319,
        "median": 0.0962527468801,
        "min": 6.47945398669e-06,
        "var": 0.00268474780023
    },
    "spectral_kurtosis": {
        "dmean": 0.861780226231,
        "dmean2": 1.3897767067,
        "dvar": 1.34538137913,
        "dvar2": 3.80603981018,
        "max": 40.0332756042,
        "mean": 3.46392393112,
        "median": 2.81363487244,
        "min": -1.04602837563,
        "var": 5.51658964157
    },
    "spectral_rms": {
        "dmean": 0.000893629563507,
        "dmean2": 0.00136096880306,
        "dvar": 1.45109856931e-06,
        "dvar2": 3.32764898303e-06,
        "max": 0.0324944853783,
        "mean": 0.00542750163004,
        "median": 0.0052445884794,
        "min": 7.53833351297e-09,
        "var": 4.34038520325e-06
    },
    "spectral_rolloff": {
        "dmean": 877.300720215,
        "dmean2": 1449.57775879,
        "dvar": 1319528.25,
        "dvar2": 3109390,
        "max": 17377.2949219,
        "mean": 2379.26464844,
        "median": 1787.25585938,
        "min": 64.599609375,
        "var": 3600381.75
    },
    "spectral_skewness": {
        "dmean": 0.157151520252,
        "dmean2": 0.242788285017,
        "dvar": 0.0298036709428,
        "dvar2": 0.0694978833199,
        "max": 4.97468662262,
        "mean": 1.48805499077,
        "median": 1.42394685745,
        "min": -0.115771904588,
        "var": 0.153691232204
    },
    "spectral_spread": {
        "dmean": 560085,
        "dmean2": 856194.125,
        "dvar": 331337433088,
        "dvar2": 707419439104,
        "max": 13566259,
        "mean": 5919135.5,
        "median": 6045494,
        "min": 1626509.875,
        "var": 2.49097722266e+12
    },
    "spectral_strongpeak": {
        "dmean": 0.647425353527,
        "dmean2": 1.0911989212,
        "dvar": 0.912589251995,
        "dvar2": 2.35094189644,
        "max": 11.3505954742,
        "mean": 0.978341341019,
        "median": 0.419867992401,
        "min": 0,
        "var": 1.45065867901
    },
    "zerocrossingrate": {
        "dmean": 0.0135941561311,
        "dmean2": 0.0163220502436,
        "dvar": 0.00020206499903,
        "dvar2": 0.000232323567616,
        "max": 0.71533203125,
        "mean": 0.0957672148943,
        "median": 0.09033203125,
        "min": 0.00244140625,
        "var": 0.0023342827335
    },
    "barkbands": {
        "dmean": [0.000307834241539, 0.00653482973576, 0.00302194152027, 0.00100613734685, 0.00133327487856, 0.00127907260321, 0.000484681368107, 0.00112394697499, 0.00197243527509, 0.000965921382885, 0.00054979918059, 0.000741971540265, 0.000834333652165, 0.000436273083324, 0.000419205258368, 0.000300250423606, 0.000245051749516, 0.000215165666305, 0.000198547029868, 0.000216027954593, 0.000195808301214, 0.000210580517887, 0.000199671034352, 0.000206560755032, 0.000202475144761, 0.000128963743919, 4.59135517303e-05],
        "dmean2": [0.000498013803735, 0.00918399076909, 0.00531137082726, 0.00176067801658, 0.00221303268336, 0.00206755334511, 0.000796364969574, 0.00185519293882, 0.00327136158012, 0.00159886130132, 0.000892274430953, 0.00121030304581, 0.00138104194775, 0.000702249701135, 0.000710749649443, 0.000496329099406, 0.000410068896599, 0.000359907135135, 0.00032969910535, 0.000360364007065, 0.000321181723848, 0.000344535452314, 0.000319583399687, 0.000323417101754, 0.000313836353598, 0.000198446781724, 6.87782448949e-05],
        "dvar": [1.19384787922e-06, 0.000823538692202, 0.000111351357191, 5.59741511097e-06, 9.9684966699e-06, 7.6997830547e-06, 2.40404551732e-06, 5.67908000448e-06, 1.50322603076e-05, 4.60439423478e-06, 1.07733671939e-06, 2.40682084041e-06, 2.55177064901e-06, 7.91146874235e-07, 7.2160611353e-07, 2.7599111263e-07, 1.13393475942e-07, 8.75586181337e-08, 7.94677532667e-08, 1.1726456961e-07, 8.23409962436e-08, 1.27600529254e-07, 1.80695394647e-07, 1.83506827511e-07, 1.15918041388e-07, 4.46682122401e-08, 4.51063897344e-09],
        "dvar2": [3.63683807336e-06, 0.00211163284257, 0.000279506173683, 1.52216607603e-05, 2.55259110418e-05, 1.85715489351e-05, 6.23171536063e-06, 1.45906451507e-05, 4.04149759561e-05, 1.23190620798e-05, 2.5530896437e-06, 5.9372364376e-06, 6.50487299936e-06, 1.93729147213e-06, 2.07769926419e-06, 6.68293523631e-07, 2.9431674875e-07, 2.24567173746e-07, 1.98244592298e-07, 2.98949601074e-07, 2.0635050646e-07, 3.03715125938e-07, 4.29692448733e-07, 3.63298909178e-07, 2.58725776803e-07, 1.02776326116e-07, 9.9365946582e-09],
        "max": [0.0341291986406, 0.820397138596, 0.315204173326, 0.0576108470559, 0.0940150469542, 0.0810152664781, 0.0464266426861, 0.0549696497619, 0.063115246594, 0.0432283245027, 0.0223447363824, 0.0350827872753, 0.0314426608384, 0.0182389188558, 0.0167914144695, 0.0171593688428, 0.00866299495101, 0.00573935732245, 0.00661593489349, 0.00869846623391, 0.00518532143906, 0.0147740356624, 0.0196159593761, 0.0190265346318, 0.0121986567974, 0.00521047320217, 0.00124158768449],
        "mean": [0.000397214927943, 0.010272485204, 0.00276413490064, 0.00104825233575, 0.0018155016005, 0.00183666392695, 0.000642235332634, 0.00157960737124, 0.00300500611775, 0.00153571972623, 0.000912816729397, 0.00121315766592, 0.00141154811718, 0.00070446357131, 0.000720542739145, 0.000561235530768, 0.000472172047012, 0.00042662982014, 0.000400275894208, 0.000448724633316, 0.00041896183393, 0.000417697068769, 0.000419159303419, 0.0004369590024, 0.00042825716082, 0.000260469736531, 9.32627881411e-05],
        "median": [0.00012861059804, 0.00404539424926, 0.000643510604277, 0.000397888215957, 0.000831235083751, 0.000748618796933, 0.000285741291009, 0.000515809515491, 0.00102224014699, 0.000526800984517, 0.000387191335903, 0.00050469848793, 0.000611486146227, 0.000333043717546, 0.000378142925911, 0.000366635067621, 0.000347256602254, 0.000322653679177, 0.00030401989352, 0.000304350280203, 0.000286696129479, 0.000278107821941, 0.000269418873359, 0.000261774694081, 0.000253499019891, 0.000147941958858, 4.95937347296e-05],
        "min": [1.5191530615e-16, 1.43206788366e-16, 3.04811092642e-17, 9.02409297824e-18, 2.32413449561e-17, 7.90956520645e-17, 2.35633422149e-16, 4.48390601975e-16, 9.53387357024e-16, 1.16818686563e-15, 1.0474672006e-15, 5.0164223988e-16, 9.94493760075e-16, 2.07552810875e-16, 6.41548895239e-16, 2.17883979088e-15, 9.68117154097e-16, 1.1866171379e-15, 9.66745913635e-16, 4.33528911283e-15, 2.53768784008e-15, 3.58922461048e-15, 4.80739817258e-15, 3.72854543667e-15, 4.90750899662e-15, 8.78685636757e-15, 1.35611304697e-14],
        "var": [1.33599144192e-06, 0.000913225172553, 0.000129976499011, 5.04356330566e-06, 1.5091071873e-05, 1.14552567538e-05, 2.53083271673e-06, 9.88666488411e-06, 2.74864796665e-05, 8.82649055711e-06, 2.50102834798e-06, 5.40738619748e-06, 5.16541194884e-06, 1.38119355597e-06, 1.48269555211e-06, 5.48707419057e-07, 2.32746629081e-07, 1.83036235057e-07, 1.70247773212e-07, 2.79987119711e-07, 2.18520298745e-07, 2.56711331303e-07, 4.18835725213e-07, 5.14783266681e-07, 2.98386595432e-07, 1.04522982269e-07, 1.32489601512e-08]
    },
    "erbbands": {
        "dmean": [0.226462036371, 1.37841176987, 3.26898312569, 3.3757712841, 3.5056540966, 4.46720170975, 9.54342556, 10.2962608337, 7.35506153107, 8.316157341, 32.4982757568, 45.9008178711, 30.1487369537, 28.7835006714, 22.2071628571, 27.9409217834, 36.8625984192, 23.2924098969, 22.0012149811, 15.9051856995, 15.0105514526, 12.3645448685, 11.5206718445, 9.40439987183, 10.6026554108, 9.79399394989, 9.01055145264, 7.04245328903, 7.90689945221, 6.63615512848, 5.85061597824, 4.2312951088, 3.67528891563, 2.41565871239, 1.48479175568, 0.646680772305, 0.231681764126, 0.0601571686566, 0.00869463011622, 0.000278016523225],
        "dmean2": [0.312636613846, 2.08169221878, 5.70859909058, 5.7536611557, 6.01664304733, 7.45186090469, 15.2978868484, 16.8269920349, 12.0209779739, 13.5620880127, 53.4212989807, 76.5715866089, 49.4823303223, 48.0338973999, 35.6743659973, 45.6289749146, 60.9758224487, 37.6577606201, 37.0066108704, 26.6364936829, 24.7650909424, 20.5804386139, 19.3281497955, 15.5860395432, 17.5673332214, 16.3674488068, 14.9194164276, 11.5209493637, 13.0857172012, 10.7808933258, 9.44902324677, 6.57206678391, 5.83345365524, 3.81773948669, 2.34944057465, 0.995016217232, 0.360944271088, 0.0934403985739, 0.012978553772, 0.000416067923652],
        "dvar": [0.644771873951, 46.5177078247, 169.182922363, 68.3050918579, 70.4794158936, 133.385772705, 760.761657715, 450.777801514, 636.939208984, 305.527038574, 4745.99072266, 8218.59277344, 5409.54248047, 3633.41796875, 1791.21386719, 2980.7800293, 5176.31445312, 2096.41015625, 2148.95117188, 803.922180176, 714.311157227, 345.129486084, 249.92805481, 190.414398193, 244.994186401, 230.985931396, 202.211669922, 115.362068176, 159.32472229, 182.791610718, 167.406616211, 106.87828064, 47.409488678, 16.4829959869, 7.00545215607, 1.27002429962, 0.142115265131, 0.00748927379027, 0.000171164661879, 1.83987893365e-07],
        "dvar2": [1.48545992374, 124.38079834, 449.765350342, 169.723602295, 192.161941528, 344.085632324, 1821.92126465, 1083.51318359, 1641.39160156, 720.598571777, 12130.1806641, 22368.6855469, 14227.9423828, 9639.20605469, 4189.37646484, 7450.44628906, 13184.4033203, 5207.03271484, 6033.75488281, 2132.86621094, 1725.21948242, 879.013183594, 649.59979248, 451.891387939, 622.739929199, 587.725769043, 514.542358398, 287.290405273, 401.850189209, 414.429443359, 399.532775879, 229.642227173, 97.5743789673, 35.9402122498, 16.7588291168, 2.86655044556, 0.335906416178, 0.0175252631307, 0.000377793156076, 3.92960401996e-07],
        "max": [25.0711307526, 216.945358276, 410.54788208, 214.658233643, 271.611450195, 388.944976807, 1157.15930176, 407.282287598, 809.874938965, 526.427856445, 1414.36352539, 1440.22692871, 2052.57861328, 1166.83435059, 992.976867676, 1343.78894043, 1389.06176758, 1108.26647949, 928.880249023, 731.576965332, 1096.34558105, 569.825561523, 337.890106201, 446.489929199, 368.873535156, 281.605133057, 260.801818848, 273.368469238, 307.78994751, 613.4609375, 669.98223877, 569.816833496, 287.051025391, 157.586791992, 70.9326858521, 29.0910015106, 8.12562465668, 1.35648787022, 0.262256264687, 0.00990376155823],
        "mean": [0.346742361784, 2.09783244133, 3.34447741508, 3.53112816811, 4.12485265732, 5.89728069305, 13.2403421402, 14.5174894333, 10.2329158783, 12.6201457977, 48.1138801575, 69.9262924194, 51.185874939, 48.9428825378, 41.4911346436, 48.7404289246, 65.2520599365, 43.4264373779, 40.6634712219, 31.4511566162, 30.6979618073, 25.7979183197, 24.1883926392, 19.7476406097, 22.3038368225, 20.8623008728, 19.0607089996, 14.9174194336, 15.249329567, 13.1892318726, 11.9787311554, 8.99127101898, 7.50369501114, 5.09751796722, 2.91106367111, 1.20470893383, 0.44931447506, 0.129977598786, 0.0174224693328, 0.000575109152123],
        "median": [0.107676267624, 0.849420785904, 1.01640677452, 1.2983250618, 1.66131401062, 2.61419439316, 4.85140800476, 5.73705863953, 4.69049549103, 6.51739120483, 16.669254303, 24.5540008545, 18.2195777893, 19.3608894348, 20.3305664062, 24.3653793335, 30.4698791504, 23.4500846863, 21.5417556763, 19.547908783, 22.0730667114, 19.7410163879, 18.5165863037, 15.1687631607, 16.319442749, 14.7168140411, 12.2701644897, 10.4972906113, 9.88980102539, 8.58234214783, 7.59313201904, 5.47112703323, 4.45772838593, 3.12375950813, 1.52359056473, 0.628779351711, 0.252854734659, 0.080563813448, 0.0087664751336, 0.000280809763353],
        "min": [6.52203510925e-15, 2.39605020937e-14, 3.91523124414e-14, 3.38689037753e-14, 2.82080097941e-14, 8.14844340006e-14, 3.56590354033e-13, 7.48427361752e-13, 1.98418126547e-12, 7.16785528501e-12, 1.0172384636e-11, 2.02086663376e-11, 3.6229554079e-11, 3.86609563807e-11, 4.07817460357e-11, 1.95141559162e-11, 4.40515957045e-11, 1.70844987463e-11, 2.67655099473e-11, 6.95867738432e-11, 1.07649521242e-10, 4.88769823226e-11, 5.75636101285e-11, 5.72928336717e-11, 8.15119430286e-11, 2.07018999165e-10, 1.85701315436e-10, 4.08074546376e-11, 1.22084301002e-10, 1.47857004418e-10, 1.4204795673e-10, 5.86554138593e-11, 8.21372761473e-11, 6.44257633353e-11, 3.68565247766e-11, 3.10735534526e-11, 1.54970428851e-11, 7.09080060293e-12, 1.891480245e-12, 1.91546038471e-13],
        "var": [0.888392984867, 45.6178627014, 182.686813354, 74.9715957642, 83.6223602295, 189.123428345, 1119.76757812, 733.657348633, 652.881958008, 489.643981934, 8654.95605469, 14111.3291016, 10796.4902344, 7268.42285156, 4501.58447266, 6110.55615234, 10455.9335938, 4097.07568359, 4588.06835938, 1865.79516602, 1421.12512207, 711.458740234, 520.117675781, 476.051025391, 607.553771973, 530.41418457, 504.388122559, 277.331390381, 302.274932861, 386.819030762, 367.851470947, 261.809448242, 133.554992676, 45.2978630066, 14.5322608948, 2.64612483978, 0.313404291868, 0.0219346508384, 0.000485210126499, 5.47483182345e-07]
    },
    "gfcc": {
        "mean": [55.8887329102, 44.3914337158, -107.643836975, 16.8937492371, -51.4137115479, 22.6743621826, -27.3437614441, 14.7395296097, -19.4936695099, 6.57851886749, -15.1528434753, 3.25398302078, -11.0248508453],
        "cov": [[4232.17138672, -1226.88928223, 887.527832031, 315.011566162, 186.119064331, 62.2820472717, -44.1149940491, -71.6440734863, -34.2633781433, 240.233932495, 68.0605392456, 123.789222717, 6.94675207138], [-1226.88928223, 1291.88513184, 109.683479309, 212.277130127, 126.931503296, 42.4267654419, 40.2222976685, -11.5928239822, 21.4324417114, -123.084266663, 9.40630626678, -76.7622528076, -25.7749671936], [887.527832031, 109.683479309, 1086.29956055, 580.678710938, 317.36932373, 145.429367065, -18.5194644928, -55.3996543884, 35.8339080811, 93.0504989624, 79.4063644409, 56.4864349365, 12.2588300705], [315.011566162, 212.277130127, 580.678710938, 590.619384766, 244.956314087, 144.615631104, 16.607011795, -35.0872154236, 24.2307224274, 41.5040130615, 30.8583850861, 36.7639160156, 12.8752641678], [186.119064331, 126.931503296, 317.36932373, 244.956314087, 335.644500732, 142.999130249, 122.534286499, 41.1533851624, 51.0324554443, 39.8379440308, 33.0983772278, 13.1925058365, 16.748167038], [62.2820472717, 42.4267654419, 145.429367065, 144.615631104, 142.999130249, 194.811676025, 118.565872192, 51.3564147949, 25.1131820679, 31.1360778809, 21.6419353485, 9.00474739075, 4.87334060669], [-44.1149940491, 40.2222976685, -18.5194644928, 16.607011795, 122.534286499, 118.565872192, 209.829711914, 98.3683700562, 43.2228927612, 10.841132164, 11.8075237274, -13.43009758, 3.44216322899], [-71.6440734863, -11.5928239822, -55.3996543884, -35.0872154236, 41.1533851624, 51.3564147949, 98.3683700562, 129.61555481, 68.5124282837, 20.5822257996, -3.44394755363, -13.8513813019, 6.84281539917], [-34.2633781433, 21.4324417114, 35.8339080811, 24.2307224274, 51.0324554443, 25.1131820679, 43.2228927612, 68.5124282837, 112.528167725, 41.3697128296, 6.8648147583, -3.46282029152, 19.1919307709], [240.233932495, -123.084266663, 93.0504989624, 41.5040130615, 39.8379440308, 31.1360778809, 10.841132164, 20.5822257996, 41.3697128296, 101.862686157, 46.3878211975, 36.180973053, 17.4529590607], [68.0605392456, 9.40630626678, 79.4063644409, 30.8583850861, 33.0983772278, 21.6419353485, 11.8075237274, -3.44394755363, 6.8648147583, 46.3878211975, 85.073059082, 46.1486053467, 16.990196228], [123.789222717, -76.7622528076, 56.4864349365, 36.7639160156, 13.1925058365, 9.00474739075, -13.43009758, -13.8513813019, -3.46282029152, 36.180973053, 46.1486053467, 80.1071548462, 36.7422065735], [6.94675207138, -25.7749671936, 12.2588300705, 12.8752641678, 16.748167038, 4.87334060669, 3.44216322899, 6.84281539917, 19.1919307709, 17.4529590607, 16.990196228, 36.7422065735, 62.2715072632]],
        "icov": [[0.000487956160214, 0.00046164682135, -0.000429856532719, -5.4364609241e-06, -9.5790172054e-05, 0.000253722188063, -0.000222729868256, 0.000121415258036, 0.00032976019429, -0.000485905678943, 0.000162073876709, 7.38451080906e-06, 0.000213246938074], [0.00046164682135, 0.00167067919392, -0.000190716978977, -0.000647292879876, -0.000380115641747, 0.000218645116547, -4.98063991472e-06, 0.000308713439154, -0.000602440501098, 0.00192787218839, -0.00190746306907, 0.00156289339066, 0.000106487132143], [-0.000429856532719, -0.000190716978977, 0.00279308389872, -0.00184588087723, -0.0011433881009, -0.000368410284864, 0.00133978144731, 0.000249043514486, -0.000611844938248, 5.67614879401e-05, -0.00155715318397, 0.000563556794077, 0.000300741608953], [-5.4364609241e-06, -0.000647292879876, -0.00184588087723, 0.0047712912783, -0.00104314822238, -0.00195726915263, 0.000551072938833, 0.00128741993103, -0.00044237927068, -0.000542922993191, 0.00232295505702, -0.00199978984892, 0.000206005483051], [-9.5790172054e-05, -0.000380115641747, -0.0011433881009, -0.00104314822238, 0.0069522052072, -0.00130020384677, -0.00335009698756, 0.000678580603562, -0.00103830394801, -0.000362690974725, 7.24925193936e-05, 0.000197186323931, -0.00107780343387], [0.000253722188063, 0.000218645116547, -0.000368410284864, -0.00195726915263, -0.00130020384677, 0.0112849408761, -0.00514862313867, -0.00161918718368, 0.00228251330554, -0.00224929861724, 0.00035469760769, -0.000615336699411, 0.000661716039758], [-0.000222729868256, -4.98063991472e-06, 0.00133978144731, 0.000551072938833, -0.00335009698756, -0.00514862313867, 0.0128058716655, -0.00651343166828, 0.000531619531102, 0.00241661048494, -0.00319633400068, 0.00221106712706, -0.000316744408337], [0.000121415258036, 0.000308713439154, 0.000249043514486, 0.00128741993103, 0.000678580603562, -0.00161918718368, -0.00651343166828, 0.0185841638595, -0.00899318233132, -0.000898753991351, 0.00199065799825, 0.000213079198147, 0.000415835966123], [0.00032976019429, -0.000602440501098, -0.000611844938248, -0.00044237927068, -0.00103830394801, 0.00228251330554, 0.000531619531102, -0.00899318233132, 0.0184834767133, -0.00808913167566, 0.0018288041465, 0.00376348756254, -0.00516371475533], [-0.000485905678943, 0.00192787218839, 5.67614879401e-05, -0.000542922993191, -0.000362690974725, -0.00224929861724, 0.00241661048494, -0.000898753991351, -0.00808913167566, 0.0226205121726, -0.0102630434558, -0.00185221806169, 0.0012382111745], [0.000162073876709, -0.00190746306907, -0.00155715318397, 0.00232295505702, 7.24925193936e-05, 0.00035469760769, -0.00319633400068, 0.00199065799825, 0.0018288041465, -0.0102630434558, 0.0248513910919, -0.0128215411678, 0.0020267914515], [7.38451080906e-06, 0.00156289339066, 0.000563556794077, -0.00199978984892, 0.000197186323931, -0.000615336699411, 0.00221106712706, 0.000213079198147, 0.00376348756254, -0.00185221806169, -0.0128215411678, 0.0296734105796, -0.0138527099043], [0.000213246938074, 0.000106487132143, 0.000300741608953, 0.000206005483051, -0.00107780343387, 0.000661716039758, -0.000316744408337, 0.000415835966123, -0.00516371475533, 0.0012382111745, 0.0020267914515, -0.0138527099043, 0.0250520706177]]
    },
    "melbands": {
        "dmean": [0.00192187889479, 0.0015874938108, 0.000585453177337, 0.000276094011497, 0.000295255769743, 0.000228377364692, 0.000108347761852, 0.000110985711217, 0.000291011761874, 0.000290003226837, 0.000152641820023, 0.000122549230582, 7.31804902898e-05, 8.39921485749e-05, 7.70283004385e-05, 8.28293632367e-05, 4.29123901995e-05, 3.72462345695e-05, 2.82325527223e-05, 2.25150870392e-05, 1.79770231625e-05, 1.45125459312e-05, 1.2921891539e-05, 1.04325281427e-05, 8.10598066892e-06, 8.33685680846e-06, 8.03262355475e-06, 6.89218177286e-06, 6.23734013061e-06, 5.20367393619e-06, 4.25688858741e-06, 4.74510534332e-06, 4.39631276095e-06, 3.7436348066e-06, 3.6790561353e-06, 3.17970602737e-06, 2.62094386017e-06, 2.78091329164e-06, 2.43610429607e-06, 2.0446916551e-06],
        "dmean2": [0.00266889994964, 0.00269279954955, 0.000991014414467, 0.000468278973131, 0.000473912543384, 0.000371224130504, 0.000177716108738, 0.000181553317816, 0.000479369540699, 0.00048372533638, 0.000250436656643, 0.000204268770176, 0.000118267133075, 0.000136458518682, 0.000126344501041, 0.000137258699397, 6.92193425493e-05, 6.26174296485e-05, 4.79459122289e-05, 3.72255963157e-05, 2.98045233649e-05, 2.42949299718e-05, 2.18787608901e-05, 1.7452528482e-05, 1.35138025144e-05, 1.40221800393e-05, 1.32537406898e-05, 1.17227955343e-05, 1.04414530142e-05, 8.5834726633e-06, 7.03483374309e-06, 7.89026034909e-06, 7.25891550246e-06, 6.07687161391e-06, 5.99370559939e-06, 5.1351116781e-06, 4.14321812059e-06, 4.46831336376e-06, 3.92561014451e-06, 3.28759210788e-06],
        "dvar": [5.82137581659e-05, 4.99609559483e-05, 1.91172944142e-06, 4.44346881068e-07, 6.53355812119e-07, 2.16372555428e-07, 1.25678425889e-07, 4.81958188914e-08, 3.62863517012e-07, 3.38570146141e-07, 1.37264123623e-07, 6.74907809639e-08, 1.76791097317e-08, 3.76592765861e-08, 2.38119675089e-08, 2.76202509752e-08, 7.63547625127e-09, 6.13960171592e-09, 3.52336693155e-09, 1.66676439317e-09, 9.80151959595e-10, 5.2092269387e-10, 3.32404770376e-10, 2.22632162705e-10, 1.52090826044e-10, 1.39432201895e-10, 2.15332932041e-10, 1.1711283332e-10, 9.99959837156e-11, 6.12475001271e-11, 4.50250565998e-11, 5.42681975746e-11, 6.53859050237e-11, 6.2260779865e-11, 6.52860959738e-11, 5.98395916152e-11, 4.13953489542e-11, 2.81899607824e-11, 1.83618467653e-11, 1.17312696016e-11],
        "dvar2": [0.000142115633935, 0.000136020535138, 4.78140327687e-06, 1.15327020467e-06, 1.55767986598e-06, 5.19783384334e-07, 3.2340582834e-07, 1.17342274564e-07, 9.21217292671e-07, 9.21857292724e-07, 3.59745570222e-07, 1.78738417844e-07, 4.12167757702e-08, 9.3501654419e-08, 5.91095812297e-08, 7.08954388529e-08, 1.84444211015e-08, 1.66151927772e-08, 1.02548209924e-08, 4.11100975484e-09, 2.38125408281e-09, 1.34351485492e-09, 8.96552998508e-10, 5.61192092796e-10, 3.62589402947e-10, 3.64289182153e-10, 5.35563260406e-10, 3.06710934428e-10, 2.58321530833e-10, 1.55725321527e-10, 1.1286403756e-10, 1.3992017267e-10, 1.51338538923e-10, 1.44799852664e-10, 1.61450200431e-10, 1.36572086973e-10, 9.35410290892e-11, 6.07707079103e-11, 3.95109500673e-11, 2.67744038746e-11],
        "max": [0.188968777657, 0.253671824932, 0.0334622934461, 0.0253956839442, 0.031967703253, 0.00869646854699, 0.0109330592677, 0.00537844095379, 0.0149041833356, 0.00820137374103, 0.00977766048163, 0.00515349628404, 0.00349487992935, 0.0050321877934, 0.00340102566406, 0.00359454937279, 0.00187688029837, 0.00134134083055, 0.00176365533844, 0.00142201501876, 0.00129228678998, 0.000742625503335, 0.000378359050956, 0.000304917863104, 0.000423864024924, 0.000244196533458, 0.000505302392412, 0.000156052876264, 0.000187876779819, 0.000150909589138, 0.000174336630153, 0.000118781623314, 0.000385186314816, 0.000339863385307, 0.000412524328567, 0.000362393737305, 0.000348065281287, 0.000210408645216, 0.000162661090144, 0.000119324286061],
        "mean": [0.00298849330284, 0.00212803995237, 0.000638415222056, 0.0003498661099, 0.000423632183811, 0.000325886998326, 0.000150361505803, 0.000161235686392, 0.000428588537034, 0.000436997564975, 0.000248759490205, 0.000199573638383, 0.000129728607135, 0.000139508279972, 0.000127832463477, 0.000139890558785, 7.15606438462e-05, 6.40999205643e-05, 4.89346421091e-05, 4.07741717936e-05, 3.41398335877e-05, 2.71052249445e-05, 2.40157478402e-05, 1.97622302949e-05, 1.51475378516e-05, 1.58607490448e-05, 1.58791317517e-05, 1.3263330402e-05, 1.21454168038e-05, 1.00807083072e-05, 8.1795742517e-06, 8.70587882673e-06, 7.86803138908e-06, 7.06844548404e-06, 7.05312049831e-06, 6.09858261669e-06, 5.28872260475e-06, 5.34835089638e-06, 4.82097539134e-06, 4.09598169426e-06],
        "median": [0.00108226248994, 0.000887141795829, 0.000255229475442, 0.000154874520376, 0.000167159203556, 0.000132049768581, 6.78887299728e-05, 7.60457041906e-05, 0.000143247336382, 0.000144320481922, 8.04631126812e-05, 7.33529304853e-05, 5.98130573053e-05, 5.77137980144e-05, 6.192229921e-05, 5.89702394791e-05, 3.47333334503e-05, 3.0408918974e-05, 2.57081992459e-05, 2.46176696237e-05, 2.3644810426e-05, 1.93718969967e-05, 1.72337913682e-05, 1.45540652738e-05, 1.07948653749e-05, 1.15233451652e-05, 9.99477197183e-06, 9.10547350941e-06, 7.31519867259e-06, 6.70772351441e-06, 5.54162261324e-06, 5.51445691599e-06, 5.05474963575e-06, 4.46453395853e-06, 4.38562892668e-06, 3.6322228425e-06, 3.06426954921e-06, 2.99809357784e-06, 2.89764466288e-06, 2.47004390985e-06],
        "min": [5.63179302612e-17, 2.46734791466e-17, 5.75742190883e-18, 3.15037691991e-18, 1.08312352897e-17, 1.64580503429e-17, 3.5191386692e-17, 8.56084883959e-17, 8.26677951438e-17, 1.39859883259e-16, 1.82138394621e-16, 1.54038341293e-16, 1.44062569576e-16, 7.03083403638e-17, 6.77799801034e-17, 9.33465446507e-17, 2.12592928226e-17, 3.84260136117e-17, 4.93765018759e-17, 1.48827593125e-16, 1.17070422108e-16, 4.88812357559e-17, 4.6352918509e-17, 6.28351738109e-17, 4.35679039569e-17, 3.36955662118e-17, 1.08147320438e-16, 1.41303611213e-16, 1.49555803232e-16, 3.28301367677e-17, 1.88811237461e-17, 5.23747702073e-17, 1.00784685068e-16, 7.62521889303e-17, 9.09866115979e-17, 5.00361320923e-17, 2.97140349037e-17, 5.22726828848e-17, 5.49329983052e-17, 5.75646899676e-17],
        "var": [7.17069560778e-05, 5.49491014681e-05, 2.13218118006e-06, 6.2545086621e-07, 1.03722788936e-06, 3.47762465935e-07, 1.32314994516e-07, 7.79696236464e-08, 6.73640954574e-07, 5.92244532527e-07, 2.72421885938e-07, 1.32177149226e-07, 4.38559943916e-08, 8.36766744783e-08, 4.53546356027e-08, 5.51324177422e-08, 1.39168907509e-08, 1.27181563059e-08, 7.0279866371e-09, 3.30228910883e-09, 1.81257131526e-09, 9.58526369388e-10, 5.92511373299e-10, 4.52115511695e-10, 3.47393669387e-10, 2.83429085757e-10, 5.22898613298e-10, 2.22403859218e-10, 2.30937644008e-10, 1.3837279933e-10, 9.39141264755e-11, 1.00284572313e-10, 1.23409907293e-10, 1.23340060387e-10, 1.27675717221e-10, 1.33271796376e-10, 9.05915759075e-11, 7.17540957207e-11, 4.99529272113e-11, 2.85959467911e-11]
    },
    "mfcc": {
        "mean": [-593.928649902, 90.0648498535, -0.186670079827, 5.84385919571, 2.27274703979, 7.29997205734, 5.84300899506, 8.00487613678, 5.20057010651, 5.74860095978, 3.42343139648, 2.6333322525, 0.0410637632012],
        "cov": [[3367.00390625, -1008.16973877, 417.228729248, 173.150115967, 139.230865479, 133.114776611, 47.5982894897, -143.286773682, -49.4428024292, 3.78353595734, 34.7051887512, 34.797164917, 52.3750190735], [-1008.16973877, 910.63861084, 18.4194831848, 81.7389602661, 68.6855163574, 11.3298425674, 41.426109314, 83.9779205322, 8.82747745514, 10.9566249847, 10.7418050766, -3.91023564339, -18.5513725281], [417.228729248, 18.4194831848, 779.158203125, 412.953063965, 334.348144531, 225.840301514, 58.9530487061, -15.1997652054, -26.8753547668, -8.34171104431, 8.97908782959, 53.0112838745, 72.4833450317], [173.150115967, 81.7389602661, 412.953063965, 432.725189209, 279.397888184, 197.309890747, 73.8163452148, 26.6854953766, 20.3832511902, 9.15383815765, 2.70439052582, 30.2694129944, 62.8636131287], [139.230865479, 68.6855163574, 334.348144531, 279.397888184, 305.634307861, 179.825500488, 68.8965148926, 26.7649230957, 29.6760578156, 24.5336475372, 14.3510313034, 35.5597763062, 57.461315155], [133.114776611, 11.3298425674, 225.840301514, 197.309890747, 179.825500488, 224.485839844, 119.697990417, 50.293056488, 37.2914543152, 21.4365940094, 23.9414539337, 31.5723972321, 44.4218330383], [47.5982894897, 41.426109314, 58.9530487061, 73.8163452148, 68.8965148926, 119.697990417, 181.295471191, 87.2484664917, 44.6541671753, 35.4009246826, 38.6465148926, 28.131696701, 24.3476982117], [-143.286773682, 83.9779205322, -15.1997652054, 26.6854953766, 26.7649230957, 50.293056488, 87.2484664917, 123.689208984, 75.528968811, 45.5433120728, 27.4666671753, 8.52083969116, 7.70137834549], [-49.4428024292, 8.82747745514, -26.8753547668, 20.3832511902, 29.6760578156, 37.2914543152, 44.6541671753, 75.528968811, 128.952377319, 75.8795394897, 34.3250007629, 11.0054731369, 5.24451208115], [3.78353595734, 10.9566249847, -8.34171104431, 9.15383815765, 24.5336475372, 21.4365940094, 35.4009246826, 45.5433120728, 75.8795394897, 105.13760376, 50.8873214722, 11.1832256317, 2.52057909966], [34.7051887512, 10.7418050766, 8.97908782959, 2.70439052582, 14.3510313034, 23.9414539337, 38.6465148926, 27.4666671753, 34.3250007629, 50.8873214722, 80.7907104492, 36.2030906677, 7.54745864868], [34.797164917, -3.91023564339, 53.0112838745, 30.2694129944, 35.5597763062, 31.5723972321, 28.131696701, 8.52083969116, 11.0054731369, 11.1832256317, 36.2030906677, 72.1254730225, 40.5519332886], [52.3750190735, -18.5513725281, 72.4833450317, 62.8636131287, 57.461315155, 44.4218330383, 24.3476982117, 7.70137834549, 5.24451208115, 2.52057909966, 7.54745864868, 40.5519332886, 74.8929977417]],
