{
"lowlevel": {
    "average_loudness": 0.737224817276,
    "barkbands_crest": {
        "dmean": 2.62746691704,
        "dmean2": 4.14341640472,
        "dvar": 6.41257667542,
        "dvar2": 15.7711448669,
        "max": 26.1867256165,
        "mean": 12.4485940933,
        "median": 11.7407484055,
        "min": 3.13395476341,
        "var": 22.440908432
    },
    "barkbands_flatness_db": {
        "dmean": 0.0222863741219,
        "dmean2": 0.0330152995884,
        "dvar": 0.000573667697608,
        "dvar2": 0.00122065457981,
        "max": 0.375082999468,
        "mean": 0.169690608978,
        "median": 0.164354473352,
        "min": 0.0257673040032,
        "var": 0.00322540244088
    },
    "barkbands_kurtosis": {
        "dmean": 3.276917696,
        "dmean2": 5.00605344772,
        "dvar": 47.3852996826,
        "dvar2": 101.882171631,
        "max": 189.584609985,
        "mean": 5.52089357376,
        "median": 1.92202401161,
        "min": -1.9375756979,
        "var": 126.573959351
    },
    "barkbands_skewness": {
        "dmean": 0.551049828529,
        "dmean2": 0.807298004627,
        "dvar": 0.417781859636,
        "dvar2": 0.892164349556,
        "max": 11.1711864471,
        "mean": 1.43005788326,
        "median": 1.20553183556,
        "min": -3.38528847694,
        "var": 2.27138257027
    },
    "barkbands_spread": {
        "dmean": 4.77945423126,
        "dmean2": 7.12399291992,
        "dvar": 55.9745674133,
        "dvar2": 112.456085205,
        "max": 113.951171875,
        "mean": 18.5612258911,
        "median": 16.1654510498,
        "min": 0.756636738777,
        "var": 181.700317383
    },
    "dissonance": {
        "dmean": 0.0279979519546,
        "dmean2": 0.0474798306823,
        "dvar": 0.000746280478779,
        "dvar2": 0.00206743483432,
        "max": 0.5,
        "mean": 0.444178372622,
        "median": 0.454009771347,
        "min": 0.203814834356,
        "var": 0.0017301250482
    },
    "dynamic_complexity": 3.78446817398,
    "erbbands_crest": {
        "dmean": 3.04078388214,
        "dmean2": 4.87347364426,
        "dvar": 7.63714313507,
        "dvar2": 18.5261573792,
        "max": 32.3955001831,
        "mean": 12.0950803757,
        "median": 11.0919237137,
        "min": 2.97616314888,
        "var": 26.379825592
    },
    "erbbands_flatness_db": {
        "dmean": 0.0191028434783,
        "dmean2": 0.0274267513305,
        "dvar": 0.000366631604265,
        "dvar2": 0.00070419209078,
        "max": 0.384674727917,
        "mean": 0.190320372581,
        "median": 0.186885207891,
        "min": 0.0527795813978,
        "var": 0.00310721318237
    },
    "erbbands_kurtosis": {
        "dmean": 1.34561049938,
        "dmean2": 2.07995653152,
        "dvar": 4.68523979187,
        "dvar2": 10.8823060989,
        "max": 86.8247451782,
        "mean": 2.15160775185,
        "median": 1.18770313263,
        "min": -1.84683525562,
        "var": 12.5908746719
    },
    "erbbands_skewness": {
        "dmean": 0.398183465004,
        "dmean2": 0.596624791622,
        "dvar": 0.172920837998,
        "dvar2": 0.382897168398,
        "max": 7.10754394531,
        "mean": 0.589677214622,
        "median": 0.570663273335,
        "min": -5.79746675491,
        "var": 0.819312930107
    },
    "erbbands_spread": {
        "dmean": 6.66104650497,
        "dmean2": 10.12159729,
        "dvar": 95.4032592773,
        "dvar2": 218.603500366,
        "max": 150.235366821,
        "mean": 28.5422687531,
        "median": 23.8996162415,
        "min": 2.60475897789,
        "var": 360.571746826
    },
    "hfc": {
        "dmean": 5.62156581879,
        "dmean2": 7.4197010994,
        "dvar": 103.499946594,
        "dvar2": 199.35067749,
        "max": 382.14666748,
        "mean": 19.303068161,
        "median": 10.8662796021,
        "min": 1.17648469155e-16,
        "var": 471.159179688
    },
    "melbands_crest": {
        "dmean": 2.94562697411,
        "dmean2": 4.68166017532,
        "dvar": 8.09218406677,
        "dvar2": 19.8421020508,
        "max": 33.6598777771,
        "mean": 15.7726364136,
        "median": 15.2312965393,
        "min": 1.69410324097,
        "var": 29.4199695587
    },
    "melbands_flatness_db": {
        "dmean": 0.025461666286,
        "dmean2": 0.0373368225992,
        "dvar": 0.00083149515558,
        "dvar2": 0.00177069788333,
        "max": 0.496091097593,
        "mean": 0.230829447508,
        "median": 0.224823147058,
        "min": 0.00569373276085,
        "var": 0.00453147152439
    },
    "melbands_kurtosis": {
        "dmean": 6.54859924316,
        "dmean2": 10.1078548431,
        "dvar": 187.174331665,
        "dvar2": 427.720062256,
        "max": 271.386016846,
        "mean": 12.4402322769,
        "median": 5.02891778946,
        "min": -1.90672135353,
        "var": 495.75302124
    },
    "melbands_skewness": {
        "dmean": 0.678250670433,
        "dmean2": 1.01598608494,
        "dvar": 0.700458586216,
        "dvar2": 1.52834796906,
        "max": 13.4213457108,
        "mean": 2.19000172615,
        "median": 1.87382435799,
        "min": -1.74984538555,
        "var": 3.53277993202
    },
    "melbands_spread": {
        "dmean": 6.07134389877,
        "dmean2": 8.8901424408,
        "dvar": 117.97428894,
        "dvar2": 231.129043579,
        "max": 267.77520752,
        "mean": 22.640335083,
        "median": 18.586856842,
        "min": 0.749886512756,
        "var": 410.296905518
    },
    "pitch_salience": {
        "dmean": 0.0652910545468,
        "dmean2": 0.102349221706,
        "dvar": 0.00420857872814,
        "dvar2": 0.00984713062644,
        "max": 0.957741737366,
        "mean": 0.499274015427,
        "median": 0.495445013046,
        "min": 0.0966650694609,
        "var": 0.0178543925285
    },
    "silence_rate_20dB": {
        "dmean": 0,
        "dmean2": 0,
        "dvar": 0,
        "dvar2": 0,
        "max": 1,
        "mean": 1,
        "median": 1,
        "min": 1,
        "var": 0
    },
    "silence_rate_30dB": {
        "dmean": 0.00258431327529,
        "dmean2": 0.00516929430887,
        "dvar": 0.00257824221626,
        "dvar2": 0.00591795099899,
        "max": 1,
        "mean": 0.994961261749,
        "median": 1,
        "min": 0,
        "var": 0.00501462770626
    },
    "silence_rate_60dB": {
        "dmean": 0.0253262687474,
        "dmean2": 0.0506590865552,
        "dvar": 0.0246843043715,
        "dvar2": 0.0540347844362,
        "max": 1,
        "mean": 0.104651160538,
        "median": 0,
        "min": 0,
        "var": 0.0936899632215
    },
    "spectral_centroid": {
        "dmean": 203.395385742,
        "dmean2": 294.69708252,
        "dvar": 96586.9140625,
        "dvar2": 180183.5625,
        "max": 11042.3330078,
        "mean": 1200.41992188,
        "median": 1155.38769531,
        "min": 187.423339844,
        "var": 375217.78125
    },
    "spectral_complexity": {
        "dmean": 2.29797124863,
        "dmean2": 3.66115283966,
        "dvar": 6.34848213196,
        "dvar2": 14.8390007019,
        "max": 43,
        "mean": 12.5671834946,
        "median": 12,
        "min": 0,
        "var": 38.5188522339
    },
    "spectral_decrease": {
        "dmean": 1.59421753576e-09,
        "dmean2": 2.25953167288e-09,
        "dvar": 1.27235772042e-17,
        "dvar2": 3.20761219347e-17,
        "max": 6.0292494782e-29,
        "mean": -5.89094995007e-09,
        "median": -4.5761172629e-09,
        "min": -1.11860025243e-07,
        "var": 3.0333146505e-17
    },
    "spectral_energy": {
        "dmean": 0.00639632390812,
        "dmean2": 0.0090096630156,
        "dvar": 0.000188524340047,
        "dvar2": 0.000471377308713,
        "max": 0.42573928833,
        "mean": 0.0239845514297,
        "median": 0.0185730904341,
        "min": 1.0768163705e-20,
        "var": 0.000483064359287
    },
    "spectral_energyband_high": {
        "dmean": 0.00028992688749,
        "dmean2": 0.00039468833711,
        "dvar": 9.30009719013e-07,
        "dvar2": 1.95217467081e-06,
        "max": 0.0490976832807,
        "mean": 0.00057427136926,
        "median": 0.000203290488571,
        "min": 7.85852762757e-21,
        "var": 1.72325167114e-06
    },
    "spectral_energyband_low": {
        "dmean": 0.00337940175086,
        "dmean2": 0.00504520628601,
        "dvar": 0.000162749158335,
        "dvar2": 0.000427221879363,
        "max": 0.419700443745,
        "mean": 0.00866118818521,
        "median": 0.00372683489695,
        "min": 4.44862424945e-23,
        "var": 0.000249145174166
    },
    "spectral_energyband_middle_high": {
        "dmean": 0.00229140045121,
        "dmean2": 0.00297791091725,
        "dvar": 1.77717211045e-05,
        "dvar2": 2.7173804483e-05,
        "max": 0.0846712142229,
        "mean": 0.00792406871915,
        "median": 0.00276243081316,
        "min": 1.48098014994e-21,
        "var": 0.000139429801493
    },
    "spectral_energyband_middle_low": {
        "dmean": 0.00270194513723,
        "dmean2": 0.00403585610911,
        "dvar": 1.85185217561e-05,
        "dvar2": 3.84525046684e-05,
        "max": 0.0845303460956,
        "mean": 0.00715394830331,
        "median": 0.00469453679398,
        "min": 2.39131760712e-22,
        "var": 5.82814573136e-05
    },
    "spectral_entropy": {
        "dmean": 0.201746225357,
        "dmean2": 0.297134280205,
        "dvar": 0.048210632056,
        "dvar2": 0.0963072553277,
        "max": 9.79868984222,
        "mean": 7.27740716934,
        "median": 7.29913234711,
        "min": 5.47776794434,
        "var": 0.244438439608
    },
    "spectral_flux": {
        "dmean": 0.0275312606245,
        "dmean2": 0.0438381694257,
        "dvar": 0.00104588107206,
        "dvar2": 0.00278328964487,
        "max": 0.561189711094,
        "mean": 0.0769949033856,
        "median": 0.0645859390497,
        "min": 1.03769763615e-10,
        "var": 0.00283248862252
    },
    "spectral_kurtosis": {
        "dmean": 1.73392379284,
        "dmean2": 2.86751937866,
        "dvar": 3.53459143639,
        "dvar2": 9.50609111786,
        "max": 27.6097488403,
        "mean": 5.50229644775,
        "median": 5.10007858276,
        "min": -1.3735717535,
        "var": 9.41526126862
    },
    "spectral_rms": {
        "dmean": 0.000610271235928,
        "dmean2": 0.000841876433697,
        "dvar": 6.43592386496e-07,
        "dvar2": 1.33123819523e-06,
        "max": 0.0203802697361,
        "mean": 0.00438485760242,
        "median": 0.00425677001476,
        "min": 3.24122282833e-12,
        "var": 4.17265982833e-06
    },
    "spectral_rolloff": {
        "dmean": 362.044952393,
        "dmean2": 604.982971191,
        "dvar": 869659.5,
        "dvar2": 1790797.25,
        "max": 19013.8183594,
        "mean": 1324.5267334,
        "median": 1098.19335938,
        "min": 64.599609375,
        "var": 1851315.5
    },
    "spectral_skewness": {
        "dmean": 0.238109201193,
        "dmean2": 0.375953882933,
        "dvar": 0.0632033273578,
        "dvar2": 0.148418456316,
        "max": 4.4625749588,
        "mean": 1.8173469305,
        "median": 1.80457687378,
        "min": -0.44472309947,
        "var": 0.2509354949
    },
    "spectral_spread": {
        "dmean": 616285.875,
        "dmean2": 916649.0625,
        "dvar": 950705455104,
        "dvar2": 1.63309355008e+12,
        "max": 41991832,
        "mean": 4504468.5,
        "median": 4028426,
        "min": 1826246.375,
        "var": 3.1147908137e+12
    },
    "spectral_strongpeak": {
        "dmean": 0.650384485722,
        "dmean2": 1.06839573383,
        "dvar": 1.36914646626,
        "dvar2": 3.20566701889,
        "max": 14.4889173508,
        "mean": 1.36967480183,
        "median": 0.558236479759,
        "min": 0,
        "var": 3.7169251442
    },
    "zerocrossingrate": {
        "dmean": 0.00890332460403,
        "dmean2": 0.0100488252938,
        "dvar": 0.000222443966777,
        "dvar2": 0.00023086645524,
        "max": 0.70751953125,
        "mean": 0.0505622811615,
        "median": 0.044921875,
        "min": 0.0029296875,
        "var": 0.00141546945088
    },
    "barkbands": {
        "dmean": [6.46987537039e-05, 0.00276226177812, 0.00107912439853, 0.000189240701729, 0.000678781594615, 0.000666056992486, 0.00102585798595, 0.000477408408187, 0.000707953877281, 0.000761788629461, 0.000560745946132, 0.000708827166818, 0.000710630905814, 0.000610320072155, 0.000365449144738, 0.00023882012465, 0.000204345662496, 0.000164916797075, 8.6736290541e-05, 7.84733201726e-05, 6.48712739348e-05, 2.56296771113e-05, 6.55174808344e-05, 9.05881606741e-05, 4.57741589344e-05, 7.93978688307e-06, 8.34925594972e-06],
        "dmean2": [0.00011158365669, 0.00428213411942, 0.001589315827, 0.000313315773383, 0.00103098049294, 0.0010149050504, 0.00157072639558, 0.000728625687771, 0.00109391123988, 0.00111439800821, 0.00082915899111, 0.000988467480056, 0.00102436402813, 0.000870997551829, 0.000532215519343, 0.000363453786122, 0.000304610701278, 0.000243091635639, 0.000135991402203, 0.000112700254249, 9.61834884947e-05, 3.94537491957e-05, 9.49408495217e-05, 0.000132635817863, 7.04156118445e-05, 1.20438835438e-05, 1.39191006383e-05],
        "dvar": [1.72687620648e-07, 0.000124801706988, 1.41967184391e-05, 3.17416606777e-07, 2.5008278044e-06, 3.99868031309e-06, 8.36448089103e-06, 2.78947436527e-06, 3.60404965249e-06, 4.11860173699e-06, 2.67965310741e-06, 6.19972115601e-06, 6.85343684381e-06, 3.84175609724e-06, 1.31255808355e-06, 8.47855744723e-07, 5.04295485371e-07, 2.42882236989e-07, 4.9321663198e-08, 2.64699089314e-08, 2.38877113645e-08, 5.85354253957e-09, 1.11752008536e-07, 3.70696284335e-07, 2.31692691699e-08, 6.81447731576e-10, 1.74321868052e-09],
        "dvar2": [5.50520610432e-07, 0.00031601235969, 3.35241566063e-05, 8.32234889003e-07, 5.28510008735e-06, 8.55420694279e-06, 1.82958774531e-05, 6.23103551334e-06, 7.39704137231e-06, 7.73337342252e-06, 5.25482209923e-06, 1.05476110548e-05, 1.26616514535e-05, 7.41501480661e-06, 2.52946961155e-06, 1.87257512607e-06, 1.03588979528e-06, 4.70109000617e-07, 1.12379986206e-07, 5.50744090333e-08, 5.10554123423e-08, 1.28087824791e-08, 2.26171266604e-07, 8.56109068081e-07, 5.28876249462e-08, 1.40433775719e-09, 4.67646632529e-09],
        "max": [0.0138769987971, 0.319608420134, 0.110123760998, 0.0151449600235, 0.0561293065548, 0.0511878207326, 0.0802057236433, 0.0592902302742, 0.0560529194772, 0.0541506335139, 0.0445497706532, 0.064199000597, 0.057696133852, 0.0519496053457, 0.0230339821428, 0.0229211375117, 0.0155677134171, 0.0116696739569, 0.00556088471785, 0.00427685678005, 0.00369627866894, 0.0022778105922, 0.0168776344508, 0.0317954905331, 0.00319750234485, 0.000987071893178, 0.000753764354158],
        "mean": [9.32202310651e-05, 0.00661129504442, 0.00178348075133, 0.000296670361422, 0.00146667310037, 0.00129511510022, 0.00171133305412, 0.000716443522833, 0.0013180061942, 0.00133807514794, 0.00119437288959, 0.00123376375996, 0.00145530025475, 0.00114225118887, 0.000538619700819, 0.0003552865237, 0.000351574388333, 0.000306812959025, 0.000144099336467, 0.000170424682437, 0.000121394441521, 3.48983885488e-05, 9.20265738387e-05, 0.00013065089297, 6.51355512673e-05, 9.95797654468e-06, 7.70837868913e-06],
        "median": [7.6523192547e-06, 0.00246880482882, 0.000374047260266, 0.000105323648313, 0.000365840736777, 0.000288623559754, 0.000272954639513, 0.000151886575622, 0.000260563741904, 0.000243941598455, 0.000120770928334, 0.000165909732459, 0.000183091120562, 0.000156653492013, 7.9853925854e-05, 6.78546566633e-05, 6.56813208479e-05, 4.56203379144e-05, 3.62766950275e-05, 4.6837820264e-05, 3.13664095302e-05, 8.04500541562e-06, 1.67453945323e-05, 2.42777914536e-05, 8.83647589944e-06, 1.92910579244e-06, 3.19645778291e-07],
        "min": [5.19580474211e-24, 1.23600328018e-23, 2.25693657186e-23, 6.79016126246e-24, 1.55910090655e-23, 1.31082050504e-23, 2.27936893611e-23, 5.41060131141e-23, 3.4146260801e-23, 4.85124213162e-23, 5.3801045799e-23, 6.86143705405e-23, 8.93241718022e-23, 5.61011243849e-23, 8.60842190903e-23, 9.59585172587e-23, 1.71337395305e-22, 2.77057921115e-22, 2.51618103555e-22, 2.52159098053e-22, 4.25769258424e-22, 4.53109183159e-22, 7.28473186408e-22, 7.02451631262e-22, 1.00071860162e-21, 1.6183106099e-21, 2.29870705341e-21],
        "var": [1.68277850321e-07, 0.000166539626662, 2.64046502707e-05, 3.98468188223e-07, 8.0814525063e-06, 1.14557697088e-05, 1.81687264558e-05, 4.36091204392e-06, 1.06071183836e-05, 1.13351470645e-05, 1.07163514258e-05, 1.84366344911e-05, 2.46315448749e-05, 1.24210537251e-05, 2.57155943473e-06, 1.52812992837e-06, 1.21327730085e-06, 7.22633046735e-07, 1.02434064786e-07, 8.04619162409e-08, 5.86800474878e-08, 9.39116429066e-09, 1.7120142104e-07, 4.85803752781e-07, 4.03639148772e-08, 1.2778316183e-09, 1.43913059247e-09]
    },
    "erbbands": {
        "dmean": [0.0698437765241, 0.662464380264, 1.23209321499, 0.858041286469, 1.07309985161, 2.99038124084, 4.20442819595, 5.9349937439, 13.1979799271, 13.2359819412, 10.4368267059, 15.7528839111, 20.4646778107, 24.734331131, 22.7180233002, 29.2371006012, 32.3927116394, 28.6761493683, 21.71575737, 13.0060834885, 12.4272346497, 9.96274471283, 8.06825256348, 5.89668130875, 2.57882618904, 3.47923374176, 3.54596829414, 1.39516687393, 0.965006232262, 0.887847304344, 2.15080952644, 2.29536056519, 1.22364044189, 0.463208436966, 0.388751596212, 0.0530681237578, 0.012755244039, 0.00466253235936, 0.00222574966028, 4.65411139885e-05],
        "dmean2": [0.106835581362, 1.02879965305, 1.84505867958, 1.32473242283, 1.68503546715, 4.4225435257, 6.27109909058, 8.91381072998, 20.1868095398, 20.1418628693, 15.6680784225, 23.985408783, 30.745306015, 34.4127006531, 31.3077850342, 39.3631629944, 44.097946167, 39.9074859619, 30.0442390442, 18.5591583252, 18.2962608337, 14.0224218369, 11.3578853607, 8.40877056122, 3.72349262238, 4.83220529556, 4.89644527435, 2.02014803886, 1.48767924309, 1.36389803886, 3.13972043991, 3.43165826797, 1.73386621475, 0.697163522243, 0.614266097546, 0.0814036950469, 0.0191220119596, 0.00713652279228, 0.0037663159892, 7.51211046008e-05],
        "dvar": [0.0922236964107, 7.04391050339, 22.5452919006, 7.30199956894, 8.30145645142, 60.5825424194, 177.023773193, 373.691497803, 1507.36633301, 1649.20178223, 1424.13684082, 2250.58789062, 2971.56811523, 4209.75, 4441.33740234, 10930.5263672, 13193.4130859, 7400.13085938, 5525.12646484, 2211.45947266, 2689.06420898, 1001.43048096, 628.069335938, 242.358764648, 30.9011497498, 61.1113014221, 63.7978096008, 12.5785961151, 8.82531833649, 11.8163299561, 128.220230103, 393.245574951, 42.0633430481, 2.69815039635, 2.12696409225, 0.0343462601304, 0.00194290757645, 0.000245832867222, 0.000140935866511, 4.36823341943e-08],
        "dvar2": [0.217530965805, 18.5548706055, 60.0822029114, 17.5832824707, 20.1769676208, 118.353691101, 390.799224854, 814.862365723, 3377.88305664, 3602.56005859, 3168.30566406, 4522.02441406, 5947.9453125, 7443.40722656, 7897.03076172, 17015.5039062, 22406.2109375, 13080.1445312, 11078.8212891, 4138.75146484, 5775.19580078, 1879.73400879, 1137.19567871, 459.224853516, 59.3564414978, 133.841171265, 121.841262817, 25.2743339539, 20.4118747711, 26.0482826233, 270.309234619, 954.109375, 79.6888122559, 5.30437898636, 5.34363460541, 0.075792260468, 0.00395153509453, 0.000607865164056, 0.000383945967769, 1.16412920192e-07],
        "max": [10.4437685013, 84.205406189, 162.468063354, 94.994102478, 81.1711349487, 249.151870728, 390.21295166, 584.535949707, 785.615722656, 1563.08898926, 1735.21789551, 1630.90649414, 1415.85351562, 2241.12890625, 2218.98828125, 3207.28417969, 3034.33618164, 2543.74072266, 2337.69702148, 1383.10681152, 1344.78027344, 942.74786377, 751.013183594, 507.207336426, 181.682189941, 294.630859375, 195.394073486, 115.233314514, 85.7847213745, 130.307174683, 559.011169434, 1246.85766602, 307.002258301, 51.2331008911, 24.1037254333, 6.90422153473, 1.99528682232, 0.22408773005, 0.218469172716, 0.00391173129901],
        "mean": [0.170250028372, 1.55387413502, 2.36271643639, 1.48385131359, 1.99592769146, 6.00858259201, 7.6992688179, 11.8023357391, 22.5828952789, 21.5615921021, 16.8571338654, 29.2476272583, 37.0657958984, 47.6016197205, 50.20652771, 55.5736618042, 72.6280593872, 61.4670791626, 38.2672996521, 22.2968616486, 21.1385936737, 19.8181819916, 16.6113853455, 12.0346384048, 5.92858314514, 8.28310489655, 7.83902788162, 2.61888337135, 1.34579944611, 1.25556194782, 2.99907588959, 3.13982462883, 1.85178625584, 0.71271032095, 0.508353173733, 0.0667746663094, 0.0156749170274, 0.00564262829721, 0.00198325538076, 6.6024455009e-05],
        "median": [0.0395039506257, 0.557764470577, 0.783731997013, 0.514604508877, 0.693081855774, 1.34544730186, 1.90856850147, 3.08809709549, 3.87037992477, 4.58164787292, 5.24296092987, 6.84225845337, 8.12331581116, 11.8230648041, 9.24066448212, 8.63122749329, 11.1238880157, 10.3065261841, 6.60600614548, 4.02398872375, 4.21217536926, 3.95738267899, 2.94022083282, 2.35567426682, 2.02219390869, 2.3311829567, 1.9201002121, 0.809824705124, 0.334682643414, 0.301141917706, 0.512278139591, 0.56728798151, 0.364215403795, 0.128676563501, 0.0491547435522, 0.0105535453185, 0.00306147360243, 0.000884054868948, 6.43717066851e-05, 2.73589539574e-05],
        "min": [1.90306912612e-22, 3.66357727844e-21, 1.80635857072e-20, 3.65190126867e-20, 3.18313090695e-20, 4.57810477095e-20, 1.87316109538e-19, 4.29797553286e-20, 1.26134264217e-19, 1.00786891158e-18, 7.44263976252e-19, 6.83791748499e-19, 1.49893833071e-18, 1.34505564661e-18, 1.88782923069e-18, 3.40217007799e-18, 3.62404287254e-18, 3.00737310843e-18, 4.07965436752e-18, 5.20843909348e-18, 6.85759942049e-18, 9.22516652308e-18, 1.65430729293e-17, 1.1506313104e-17, 1.38060133461e-17, 1.14684993695e-17, 1.64310015368e-17, 1.43496314815e-17, 1.42799564042e-17, 1.96187339332e-17, 2.00695159342e-17, 1.49512184344e-17, 1.23960459417e-17, 1.06993562302e-17, 6.90954719014e-18, 5.79971813509e-18, 2.89262578668e-18, 1.17328693952e-18, 3.31792974591e-19, 3.58085517822e-20],
        "var": [0.137448847294, 8.89333724976, 33.4081344604, 11.0426530838, 17.7460594177, 181.826400757, 357.047698975, 1138.0880127, 3290.20288086, 2977.0168457, 2109.75805664, 6745.01513672, 8552.70214844, 13666.0234375, 16762.0546875, 36836.109375, 55501.2890625, 32403.9707031, 11127.7509766, 4699.94384766, 5258.63330078, 3283.1652832, 2177.73046875, 772.85369873, 116.202903748, 188.288619995, 200.091964722, 33.9768333435, 12.6704235077, 21.9719734192, 188.452865601, 392.69720459, 85.4298324585, 6.14424848557, 2.8387196064, 0.0594722628593, 0.00332210608758, 0.000289426068775, 0.000111097397166, 3.71465915805e-08]
    },
    "gfcc": {
        "mean": [-35.6759262085, 90.6822280884, -123.140480042, 15.0788059235, -56.3723068237, 20.5930805206, -33.4953155518, 11.0234861374, -22.3916740417, 1.84238529205, -4.99554777145, -6.27416181564, -5.32050895691],
        "cov": [[6212.71386719, -760.750305176, -80.9364471436, 437.365112305, 451.61050415, 479.006469727, 461.005523682, 483.427947998, 305.563568115, 582.05090332, 508.01776123, 229.286911011, 131.838424683], [-760.750305176, 1295.95947266, 373.566589355, 256.759674072, 269.163787842, 56.0167236328, 120.73588562, -69.2484283447, -29.4302368164, -91.2547073364, 95.1575393677, -128.872161865, 59.6724700928], [-80.9364471436, 373.566589355, 1394.56420898, 534.255310059, 145.359313965, 204.545593262, -81.0362243652, 17.967710495, 150.512374878, 18.3509235382, 7.69554424286, 107.882232666, -84.3227310181], [437.365112305, 256.759674072, 534.255310059, 627.215270996, 301.009552002, 133.261611938, 29.378988266, 85.2088546753, 155.766708374, 97.0887069702, 101.530387878, 73.6796035767, 37.3900947571], [451.61050415, 269.163787842, 145.359313965, 301.009552002, 501.20223999, 225.023712158, 205.01612854, 123.277328491, 141.933227539, 161.82749939, 92.4692077637, 48.5059432983, 32.7066040039], [479.006469727, 56.0167236328, 204.545593262, 133.261611938, 225.023712158, 453.287445068, 251.228912354, 61.0708847046, 56.5884284973, 118.828102112, 94.9105758667, 18.3418998718, -7.87799882889], [461.005523682, 120.73588562, -81.0362243652, 29.378988266, 205.01612854, 251.228912354, 375.48059082, 112.535949707, 29.6868877411, 103.289382935, 103.751686096, -3.6828110218, 7.40762329102], [483.427947998, -69.2484283447, 17.967710495, 85.2088546753, 123.277328491, 61.0708847046, 112.535949707, 244.671707153, 145.459335327, 74.4799499512, 28.8875541687, 56.9555511475, 3.64702391624], [305.563568115, -29.4302368164, 150.512374878, 155.766708374, 141.933227539, 56.5884284973, 29.6868877411, 145.459335327, 252.225036621, 112.188369751, 10.2271718979, 78.0648345947, -6.54906272888], [582.05090332, -91.2547073364, 18.3509235382, 97.0887069702, 161.82749939, 118.828102112, 103.289382935, 74.4799499512, 112.188369751, 242.815216064, 107.876533508, 67.3439102173, 12.993142128], [508.01776123, 95.1575393677, 7.69554424286, 101.530387878, 92.4692077637, 94.9105758667, 103.751686096, 28.8875541687, 10.2271718979, 107.876533508, 300.198425293, 24.7282562256, 75.9112472534], [229.286911011, -128.872161865, 107.882232666, 73.6796035767, 48.5059432983, 18.3418998718, -3.6828110218, 56.9555511475, 78.0648345947, 67.3439102173, 24.7282562256, 149.62828064, 5.6417965889], [131.838424683, 59.6724700928, -84.3227310181, 37.3900947571, 32.7066040039, -7.87799882889, 7.40762329102, 3.64702391624, -6.54906272888, 12.993142128, 75.9112472534, 5.6417965889, 122.866973877]],
        "icov": [[0.000280521577224, 0.000200023161597, 1.29337195176e-05, -0.000166904021171, 4.86432054458e-06, -6.39912323095e-05, -9.80387994787e-05, -0.000345111038769, 0.000123245699797, -0.000309814378852, -0.000262332992861, 7.38769231248e-05, -0.000129707404994], [0.000200023161597, 0.00172949256375, -0.000658459786791, -2.12975974136e-05, -0.00119110289961, 0.0008221452008, -0.00104039558209, 0.000642653787509, -0.000281864835415, 0.000914872100111, -0.000693094800226, 0.00156500935555, -0.000841988250613], [1.29337195176e-05, -0.000658459786791, 0.00177797081415, -0.00134713866282, 0.000827557581943, -0.00123880221508, 0.00101740355603, -0.0001080271104, -0.000178604706889, 0.000103654601844, 6.86093699187e-05, -0.00127992208581, 0.00157412246335], [-0.000166904021171, -2.12975974136e-05, -0.00134713866282, 0.00398052157834, -0.00200587953441, 0.00036544149043, 0.000571303884499, 5.81947206229e-05, -0.000758560956456, 0.000409413914895, -0.000565030728467, 0.000194941254449, -0.00116879341658], [4.86432054458e-06, -0.00119110289961, 0.000827557581943, -0.00200587953441, 0.00542506063357, -0.00136867468245, -0.00079552794341, -0.000723785313312, -0.000461148185423, -0.0020578939002, 0.000989294843748, -0.000970756693278, -8.44146488816e-05], [-6.39912323095e-05, 0.0008221452008, -0.00123880221508, 0.00036544149043, -0.00136867468245, 0.00508502684534, -0.00335904606618, 0.00131024629809, -0.00030923212762, -0.000108666718006, -0.00036420521792, 0.00103877228685, -0.000265685317572], [-9.80387994787e-05, -0.00104039558209, 0.00101740355603, 0.000571303884499, -0.00079552794341, -0.00335904606618, 0.00716173741966, -0.00305176409893, 0.0016697520623, -0.000901313265786, -0.000670932058711, -0.000160399431479, 0.00139626360033], [-0.000345111038769, 0.000642653787509, -0.0001080271104, 5.81947206229e-05, -0.000723785313312, 0.00131024629809, -0.00305176409893, 0.00875151716173, -0.00471112877131, 0.00186330638826, -1.54790413944e-05, -0.000569663243368, -0.000245188828558], [0.000123245699797, -0.000281864835415, -0.000178604706889, -0.000758560956456, -0.000461148185423, -0.00030923212762, 0.0016697520623, -0.00471112877131, 0.00901747867465, -0.00318575138226, 0.00109242158942, -0.00137627928052, 0.000460815528641], [-0.000309814378852, 0.000914872100111, 0.000103654601844, 0.000409413914895, -0.0020578939002, -0.000108666718006, -0.000901313265786, 0.00186330638826, -0.00318575138226, 0.00905562378466, -0.002349561546, -0.00111823051702, 0.000750072766095], [-0.000262332992861, -0.000693094800226, 6.86093699187e-05, -0.000565030728467, 0.000989294843748, -0.00036420521792, -0.000670932058711, -1.54790413944e-05, 0.00109242158942, -0.002349561546, 0.00574984587729, -0.000616569246631, -0.00262609194033], [7.38769231248e-05, 0.00156500935555, -0.00127992208581, 0.000194941254449, -0.000970756693278, 0.00103877228685, -0.000160399431479, -0.000569663243368, -0.00137627928052, -0.00111823051702, -0.000616569246631, 0.0105241592973, -0.00148289219942], [-0.000129707404994, -0.000841988250613, 0.00157412246335, -0.00116879341658, -8.44146488816e-05, -0.000265685317572, 0.00139626360033, -0.000245188828558, 0.000460815528641, 0.000750072766095, -0.00262609194033, -0.00148289219942, 0.011687329039]]
    },
    "melbands": {
        "dmean": [0.000721909687854, 0.000682618410792, 0.000149695930304, 0.000138382369187, 0.000143112367368, 0.000132014974952, 0.000203964693355, 0.000134921414428, 8.74277684488e-05, 0.000104577331513, 0.000105485261884, 0.000104930884845, 7.9956393165e-05, 7.91876300354e-05, 8.36518738652e-05, 7.77811947046e-05, 5.80670857744e-05, 4.19323587266e-05, 2.38783304667e-05, 1.5041214283e-05, 1.7585565729e-05, 1.21709244922e-05, 1.01733357951e-05, 7.17554394214e-06, 5.40021392226e-06, 2.05222318073e-06, 1.97824329007e-06, 2.66994925369e-06, 2.81270990854e-06, 1.30116086439e-06, 7.22894071714e-07, 6.23747268946e-07, 4.18048216488e-07, 5.51985749553e-07, 1.07285268314e-06, 1.74637193595e-06, 1.38865607369e-06, 1.01929015273e-06, 5.16548027463e-07, 3.72003341909e-07],
        "dmean2": [0.0011048031738, 0.00103279098403, 0.000228301025345, 0.000211440608837, 0.000211806793232, 0.000198596142582, 0.00031237769872, 0.000204938958632, 0.000132354703965, 0.000158928713063, 0.000158792186994, 0.000147477156133, 0.000113302812679, 0.000108224841824, 0.000115834824101, 0.000107670202851, 8.07687101769e-05, 5.98151236773e-05, 3.41244885931e-05, 2.24716113735e-05, 2.5991414077e-05, 1.82685471373e-05, 1.47681275848e-05, 1.07630648927e-05, 8.00933230494e-06, 3.16016166835e-06, 2.84772704617e-06, 3.82991220249e-06, 4.02679688705e-06, 1.87334364909e-06, 1.0894495972e-06, 9.77531840363e-07, 6.53794359096e-07, 8.77855086401e-07, 1.60210811373e-06, 2.60240835814e-06, 2.10596476791e-06, 1.49596633037e-06, 7.76695969762e-07, 5.90582658333e-07],
        "dvar": [8.62355500431e-06, 7.16108206689e-06, 1.84837048778e-07, 1.09206681032e-07, 1.62058753972e-07, 1.67360752812e-07, 3.4126543369e-07, 1.60384956871e-07, 9.75821308202e-08, 9.24692997728e-08, 7.92020244944e-08, 7.77588695655e-08, 4.91954743609e-08, 6.55907470559e-08, 8.88727669235e-08, 7.62444045677e-08, 3.40172547908e-08, 2.38411654863e-08, 6.50295817195e-09, 3.64020413812e-09, 5.83009596156e-09, 1.95903271383e-09, 1.09760800449e-09, 5.23579402056e-10, 2.2702464908e-10, 1.92509931607e-11, 2.20993206373e-11, 3.69092569008e-11, 4.48853280932e-11, 9.98311329437e-12, 3.81678629674e-12, 4.00502808001e-12, 1.79331885713e-12, 5.7664983899e-12, 2.67824616651e-11, 3.74271502679e-10, 8.1054891965e-11, 3.16605977546e-11, 6.55361312094e-12, 1.65424260661e-12],
        "dvar2": [2.0907007638e-05, 2.00463855435e-05, 4.39584823653e-07, 2.38304878053e-07, 3.48689013663e-07, 3.55701757826e-07, 7.57641259952e-07, 3.49604448502e-07, 2.16663849528e-07, 1.85047269952e-07, 1.58925843152e-07, 1.36171934173e-07, 9.16827147535e-08, 1.08551816425e-07, 1.61146175515e-07, 1.33945647462e-07, 5.97199729668e-08, 4.92763732041e-08, 1.2464690613e-08, 7.82606068839e-09, 1.2830560614e-08, 4.26827773126e-09, 2.02510519465e-09, 1.16164333708e-09, 4.54145054896e-10, 4.42014341795e-11, 4.4455619741e-11, 8.22900428354e-11, 9.18741263622e-11, 1.86460707985e-11, 8.11866459477e-12, 9.4510640633e-12, 3.78430750278e-12, 1.37448889076e-11, 5.87616760805e-11, 8.99664009957e-10, 1.90553364754e-10, 6.22530707539e-11, 1.38754225124e-11, 3.61744878843e-12],
        "max": [0.0797228440642, 0.0982824862003, 0.0145902447402, 0.00976592954248, 0.0111816516146, 0.0120006352663, 0.0123514225706, 0.0137517303228, 0.0146830352023, 0.0101542137563, 0.00748663255945, 0.00949184782803, 0.00688754301518, 0.0063139651902, 0.00785949919373, 0.0073375380598, 0.00552627444267, 0.00524612050503, 0.00200654682703, 0.00180121103767, 0.00205457070842, 0.00112931418698, 0.000896437442861, 0.000824403599836, 0.000449273968115, 0.000102641715785, 0.000179887123522, 0.000206138269277, 0.000177513458766, 0.000101780016848, 6.91159366397e-05, 5.19662389706e-05, 5.35830258741e-05, 7.98109686002e-05, 0.00024995545391, 0.00136291666422, 0.000403742713388, 0.000258581974776, 0.000102665340819, 4.01029246859e-05],
        "mean": [0.00175960815977, 0.00156344007701, 0.000263318623183, 0.000291173259029, 0.000279840314761, 0.000262998131802, 0.000353582872776, 0.000218252942432, 0.000139279160067, 0.000190575330635, 0.000183422846021, 0.000190012462554, 0.0001709228236, 0.000143671990372, 0.000149932035129, 0.00014646568161, 0.000109757835162, 6.52092785458e-05, 3.52144561475e-05, 2.2370248189e-05, 2.60308297584e-05, 1.93257710634e-05, 2.0749592295e-05, 1.22885021483e-05, 9.7756019386e-06, 4.10168604503e-06, 4.15020576838e-06, 5.88020566283e-06, 5.82480242883e-06, 2.538811259e-06, 1.14457338896e-06, 7.99927590833e-07, 5.54000848751e-07, 7.34879449737e-07, 1.46673369272e-06, 2.25160033551e-06, 1.84683472071e-06, 1.46467016293e-06, 7.5828450008e-07, 5.36391155492e-07],
        "median": [0.000552060257178, 0.000615183380432, 0.00010153875337, 7.51177867642e-05, 7.10781896487e-05, 6.26295804977e-05, 6.07871479588e-05, 4.64396289317e-05, 3.76464668079e-05, 3.79567936761e-05, 3.26845984091e-05, 3.85581188311e-05, 2.40024928644e-05, 2.01304937946e-05, 1.95980210265e-05, 2.01896618819e-05, 1.46996408148e-05, 9.07476714929e-06, 5.27162410435e-06, 4.12368353864e-06, 4.20696460424e-06, 3.87008640246e-06, 2.62194089373e-06, 2.11781593862e-06, 1.63657284702e-06, 1.32214586301e-06, 1.35528875944e-06, 1.46835236592e-06, 1.31413935378e-06, 6.10531628809e-07, 3.10168076112e-07, 1.6317585505e-07, 1.20553167449e-07, 1.58350104584e-07, 2.48365552125e-07, 3.49773927155e-07, 2.99395395587e-07, 2.78954644273e-07, 1.38281976092e-07, 8.45481125111e-08],
        "min": [3.29107149024e-24, 8.5581933997e-24, 5.60924792582e-24, 3.04447988216e-24, 7.32002572186e-24, 1.27005609804e-24, 2.33680183598e-24, 1.18855937096e-23, 4.96588965356e-24, 4.95688480632e-24, 6.94994898311e-24, 4.9531179955e-24, 5.56811001291e-24, 7.75311272541e-24, 8.59499849409e-24, 8.6925719106e-24, 5.06540682333e-24, 6.32505242261e-24, 5.76476593683e-24, 8.16342531462e-24, 7.15526975522e-24, 9.22058491346e-24, 1.05308079352e-23, 1.49184341463e-23, 8.16836595047e-24, 1.00875028164e-23, 8.83211272726e-24, 6.50942578224e-24, 8.85936077179e-24, 1.19298614281e-23, 6.58198284172e-24, 6.9426125767e-24, 1.08113252954e-23, 1.07761010783e-23, 1.13097362928e-23, 1.09395798791e-23, 6.83659677078e-24, 7.3460344659e-24, 1.1405831384e-23, 8.07840819715e-24],
        "var": [1.26131244542e-05, 9.21592800296e-06, 2.96367886676e-07, 3.66628285065e-07, 3.77730657419e-07, 5.3184794524e-07, 7.80503626174e-07, 2.97764614743e-07, 1.55269219704e-07, 2.65433641289e-07, 2.23526541276e-07, 2.41730049311e-07, 2.10851140992e-07, 2.18948201791e-07, 2.74749453411e-07, 2.4440555535e-07, 1.32692534294e-07, 4.34109352909e-08, 1.30476358606e-08, 6.43500941422e-09, 1.02071071595e-08, 3.8727208107e-09, 4.72428940412e-09, 1.14559561837e-09, 5.91996229815e-10, 5.66029480231e-11, 6.35165878227e-11, 1.05388420213e-10, 1.19350307415e-10, 2.91576311706e-11, 8.4398451769e-12, 5.11867414774e-12, 3.27004048839e-12, 9.42631996764e-12, 4.22850747472e-11, 3.36518118926e-10, 9.98488583481e-11, 5.89548757035e-11, 1.27546957371e-11, 3.20227590105e-12]
    },
    "mfcc": {
        "mean": [-680.973937988, 125.596252441, -5.65928936005, 3.00514388084, 4.00158596039, 0.760852813721, 9.37372016907, 0.856368362904, -3.1517033577, 8.59738922119, -7.2369093895, 9.19424724579, -3.87108635902],
        "cov": [[5582.82373047, -818.335876465, -398.716217041, 182.345672607, 155.254516602, 180.014511108, 487.079437256, 133.456878662, 199.168640137, 360.807098389, 281.332092285, 561.793395996, 270.595581055], [-818.335876465, 1011.33782959, 177.973937988, 170.915863037, 123.029983521, 118.258750916, 152.946777344, 38.1388397217, -12.3877077103, 60.7981987, -22.2614459991, -50.6193275452, -24.208562851], [-398.716217041, 177.973937988, 1167.66760254, 285.698822021, 294.32723999, 204.561080933, -71.4214019775, 114.043983459, -54.8474731445, -6.09003591537, 31.553686142, 19.9584960938, 71.0201034546], [182.345672607, 170.915863037, 285.698822021, 534.085632324, 311.767303467, 97.4323883057, 11.9532833099, 51.7696151733, 82.6003341675, 17.9210395813, 49.8372802734, 124.144630432, 97.8323135376], [155.254516602, 123.029983521, 294.32723999, 311.767303467, 423.604858398, 149.392883301, 25.3005218506, 71.8788299561, 81.4673309326, 67.5640945435, 50.9311141968, 102.517448425, 81.2961883545], [180.014511108, 118.258750916, 204.561080933, 97.4323883057, 149.392883301, 433.832794189, 174.605712891, 87.6237564087, 71.6126785278, 93.7664108276, 144.338150024, 25.689491272, 75.7845993042], [487.079437256, 152.946777344, -71.4214019775, 11.9532833099, 25.3005218506, 174.605712891, 451.017730713, 45.2034606934, -24.842130661, 139.611434937, 29.148607254, 93.8106689453, 16.9495334625], [133.456878662, 38.1388397217, 114.043983459, 51.7696151733, 71.8788299561, 87.6237564087, 45.2034606934, 233.129760742, 108.60710907, 47.7619819641, 104.101722717, 27.6442222595, 21.0986881256], [199.168640137, -12.3877077103, -54.8474731445, 82.6003341675, 81.4673309326, 71.6126785278, -24.842130661, 108.60710907, 238.345108032, 56.8900756836, 118.941474915, 22.7554550171, 36.0131759644], [360.807098389, 60.7981987, -6.09003591537, 17.9210395813, 67.5640945435, 93.7664108276, 139.611434937, 47.7619819641, 56.8900756836, 183.420333862, 51.6643180847, 54.8973655701, 26.6850624084], [281.332092285, -22.2614459991, 31.553686142, 49.8372802734, 50.9311141968, 144.338150024, 29.148607254, 104.101722717, 118.941474915, 51.6643180847, 252.145217896, 77.4637298584, 73.8614501953], [561.793395996, -50.6193275452, 19.9584960938, 124.144630432, 102.517448425, 25.689491272, 93.8106689453, 27.6442222595, 22.7554550171, 54.8973655701, 77.4637298584, 226.204803467, 80.3515319824], [270.595581055, -24.208562851, 71.0201034546, 97.8323135376, 81.2961883545, 75.7845993042, 16.9495334625, 21.0986881256, 36.0131759644, 26.6850624084, 73.8614501953, 80.3515319824, 162.077575684]],
