{
"lowlevel": {
    "average_loudness": 0.719558179379,
    "barkbands_crest": {
        "dmean": 3.15478110313,
        "dmean2": 5.21797132492,
        "dvar": 7.97200202942,
        "dvar2": 21.4219036102,
        "max": 26.4273090363,
        "mean": 10.8515577316,
        "median": 9.78029060364,
        "min": 1.96295821667,
        "var": 23.2368297577
    },
    "barkbands_flatness_db": {
        "dmean": 0.0242222882807,
        "dmean2": 0.037971124053,
        "dvar": 0.000619313213974,
        "dvar2": 0.00147038535215,
        "max": 0.503959357738,
        "mean": 0.127518057823,
        "median": 0.11611071974,
        "min": 0.0112855974585,
        "var": 0.00348264584318
    },
    "barkbands_kurtosis": {
        "dmean": 5.25127315521,
        "dmean2": 8.52423477173,
        "dvar": 467.58770752,
        "dvar2": 1109.95800781,
        "max": 710.592285156,
        "mean": 6.43927764893,
        "median": 1.45438194275,
        "min": -1.90887665749,
        "var": 702.351318359
    },
    "barkbands_skewness": {
        "dmean": 0.650397360325,
        "dmean2": 1.01841425896,
        "dvar": 0.882025063038,
        "dvar2": 2.11918115616,
        "max": 22.4991760254,
        "mean": 1.54844963551,
        "median": 1.19301939011,
        "min": -4.37253427505,
        "var": 2.92670845985
    },
    "barkbands_spread": {
        "dmean": 6.05453157425,
        "dmean2": 9.48426246643,
        "dvar": 48.8380622864,
        "dvar2": 105.995445251,
        "max": 104.397781372,
        "mean": 22.7777805328,
        "median": 20.6420650482,
        "min": 0.167016357183,
        "var": 203.311172485
    },
    "dissonance": {
        "dmean": 0.0179553870112,
        "dmean2": 0.0302195232362,
        "dvar": 0.00035238431883,
        "dvar2": 0.000949467881583,
        "max": 0.500000119209,
        "mean": 0.467958122492,
        "median": 0.477759420872,
        "min": 0.251921147108,
        "var": 0.000900922575966
    },
    "dynamic_complexity": 4.44140434265,
    "erbbands_crest": {
        "dmean": 2.6523809433,
        "dmean2": 4.32437610626,
        "dvar": 6.79764175415,
        "dvar2": 16.8685588837,
        "max": 31.8056354523,
        "mean": 9.52328968048,
        "median": 7.99129915237,
        "min": 2.21124863625,
        "var": 29.4393291473
    },
    "erbbands_flatness_db": {
        "dmean": 0.0167770795524,
        "dmean2": 0.024544198066,
        "dvar": 0.000253720703768,
        "dvar2": 0.000509313947987,
        "max": 0.3742800951,
        "mean": 0.157868921757,
        "median": 0.149851098657,
        "min": 0.0482169426978,
        "var": 0.00310819642618
    },
    "erbbands_kurtosis": {
        "dmean": 0.974997580051,
        "dmean2": 1.52840924263,
        "dvar": 2.8377430439,
        "dvar2": 6.98969650269,
        "max": 47.1250228882,
        "mean": 0.822489380836,
        "median": -0.00647592544556,
        "min": -1.78495895863,
        "var": 8.58142757416
    },
    "erbbands_skewness": {
        "dmean": 0.3636059165,
        "dmean2": 0.565628409386,
        "dvar": 0.133759230375,
        "dvar2": 0.312564104795,
        "max": 6.10236167908,
        "mean": 0.442554622889,
        "median": 0.337634146214,
        "min": -4.40999269485,
        "var": 0.75768327713
    },
    "erbbands_spread": {
        "dmean": 7.4906373024,
        "dmean2": 11.4318389893,
        "dvar": 63.7118301392,
        "dvar2": 148.777542114,
        "max": 115.790504456,
        "mean": 37.1888237,
        "median": 34.5921669006,
        "min": 2.66382336617,
        "var": 386.617156982
    },
    "hfc": {
        "dmean": 5.30804443359,
        "dmean2": 7.66622447968,
        "dvar": 59.1977005005,
        "dvar2": 121.312507629,
        "max": 246.22769165,
        "mean": 19.3559131622,
        "median": 12.8139162064,
        "min": 1.1788810007e-16,
        "var": 349.7734375
    },
    "melbands_crest": {
        "dmean": 4.22769451141,
        "dmean2": 6.93108940125,
        "dvar": 15.8252401352,
        "dvar2": 40.1669921875,
        "max": 38.030040741,
        "mean": 14.9902801514,
        "median": 13.8992643356,
        "min": 2.12230610847,
        "var": 40.4121170044
    },
    "melbands_flatness_db": {
        "dmean": 0.0288164895028,
        "dmean2": 0.0448221415281,
        "dvar": 0.000874068529811,
        "dvar2": 0.00205988902599,
        "max": 0.638592123985,
        "mean": 0.184488013387,
        "median": 0.169714197516,
        "min": 0.00705302832648,
        "var": 0.00513653503731
    },
    "melbands_kurtosis": {
        "dmean": 9.73929786682,
        "dmean2": 15.6538314819,
        "dvar": 553.80065918,
        "dvar2": 1389.3269043,
        "max": 568.004516602,
        "mean": 15.7650871277,
        "median": 5.93036270142,
        "min": -1.93758416176,
        "var": 1087.61791992
    },
    "melbands_skewness": {
        "dmean": 0.841769099236,
        "dmean2": 1.31410074234,
        "dvar": 1.11422836781,
        "dvar2": 2.80240392685,
        "max": 20.3871879578,
        "mean": 2.53723692894,
        "median": 2.01423931122,
        "min": -1.22507083416,
        "var": 4.599132061
    },
    "melbands_spread": {
        "dmean": 7.25570487976,
        "dmean2": 11.5334205627,
        "dvar": 97.6410598755,
        "dvar2": 214.260101318,
        "max": 264.322265625,
        "mean": 24.2794380188,
        "median": 21.4643535614,
        "min": 0.241685971618,
        "var": 312.583831787
    },
    "pitch_salience": {
        "dmean": 0.0829422399402,
        "dmean2": 0.135375007987,
        "dvar": 0.00545155256987,
        "dvar2": 0.0143399471417,
        "max": 0.881224572659,
        "mean": 0.538735330105,
        "median": 0.548388600349,
        "min": 0.0540127009153,
        "var": 0.0200239922851
    },
    "silence_rate_20dB": {
        "dmean": 0,
        "dmean2": 0,
        "dvar": 0,
        "dvar2": 0,
        "max": 1,
        "mean": 1,
        "median": 1,
        "min": 1,
        "var": 0
    },
    "silence_rate_30dB": {
        "dmean": 0.00532978028059,
        "dmean2": 0.0106607442722,
        "dvar": 0.00529977073893,
        "dvar2": 0.0125467320904,
        "max": 1,
        "mean": 0.991895198822,
        "median": 1,
        "min": 0,
        "var": 0.00804099533707
    },
    "silence_rate_60dB": {
        "dmean": 0.0228736400604,
        "dmean2": 0.0457523614168,
        "dvar": 0.0223508402705,
        "dvar2": 0.0532111488283,
        "max": 1,
        "mean": 0.11668702215,
        "median": 0,
        "min": 0,
        "var": 0.103065192699
    },
    "spectral_centroid": {
        "dmean": 247.40864563,
        "dmean2": 392.532470703,
        "dvar": 76237.0546875,
        "dvar2": 169678.671875,
        "max": 11170.4306641,
        "mean": 1476.92993164,
        "median": 1445.13232422,
        "min": 105.931411743,
        "var": 321636.03125
    },
    "spectral_complexity": {
        "dmean": 3.23584270477,
        "dmean2": 5.08362007141,
        "dvar": 12.7686519623,
        "dvar2": 28.7052307129,
        "max": 50,
        "mean": 16.5577888489,
        "median": 16,
        "min": 0,
        "var": 94.8145675659
    },
    "spectral_decrease": {
        "dmean": 2.5742701304e-09,
        "dmean2": 3.89398335798e-09,
        "dvar": 2.55004380747e-17,
        "dvar2": 6.39053470002e-17,
        "max": -5.94933602443e-29,
        "mean": -6.25010088129e-09,
        "median": -4.1432328679e-09,
        "min": -1.31655639279e-07,
        "var": 4.60717565101e-17
    },
    "spectral_energy": {
        "dmean": 0.010039113462,
        "dmean2": 0.0151566797867,
        "dvar": 0.000372040027287,
        "dvar2": 0.000930195499677,
        "max": 0.500763833523,
        "mean": 0.0253449864686,
        "median": 0.0171808917075,
        "min": 1.09173437898e-20,
        "var": 0.000706036400516
    },
    "spectral_energyband_high": {
        "dmean": 0.000297327351291,
        "dmean2": 0.000427898223279,
        "dvar": 4.63472730416e-07,
        "dvar2": 8.99035114799e-07,
        "max": 0.0274613369256,
        "mean": 0.0007834371645,
        "median": 0.000444453937234,
        "min": 8.38204167464e-21,
        "var": 1.61681543887e-06
    },
    "spectral_energyband_low": {
        "dmean": 0.00654450431466,
        "dmean2": 0.0102189425379,
        "dvar": 0.000343631516444,
        "dvar2": 0.000877241545822,
        "max": 0.496343672276,
        "mean": 0.00872575119138,
        "median": 0.00398381985724,
        "min": 5.94545405386e-23,
        "var": 0.000412335852161
    },
    "spectral_energyband_middle_high": {
        "dmean": 0.00163650687318,
        "dmean2": 0.00239488948137,
        "dvar": 7.35739467927e-06,
        "dvar2": 1.51872682181e-05,
        "max": 0.0511271469295,
        "mean": 0.00531289260834,
        "median": 0.00278258160688,
        "min": 1.4583798025e-21,
        "var": 4.60813716927e-05
    },
    "spectral_energyband_middle_low": {
        "dmean": 0.00466653285548,
        "dmean2": 0.0073048803024,
        "dvar": 5.56812956347e-05,
        "dvar2": 0.000133704539621,
        "max": 0.0989626273513,
        "mean": 0.0109315598384,
        "median": 0.00525955948979,
        "min": 3.02187293511e-22,
        "var": 0.000196202905499
    },
    "spectral_entropy": {
        "dmean": 0.135481327772,
        "dmean2": 0.201820671558,
        "dvar": 0.0218605604023,
        "dvar2": 0.045026153326,
        "max": 9.80022239685,
        "mean": 7.74987411499,
        "median": 7.80168151855,
        "min": 5.29280567169,
        "var": 0.135632917285
    },
    "spectral_flux": {
        "dmean": 0.0264514088631,
        "dmean2": 0.0416957773268,
        "dvar": 0.00109182822052,
        "dvar2": 0.00278673507273,
        "max": 0.624138593674,
        "mean": 0.083643309772,
        "median": 0.0724534168839,
        "min": 1.04486093389e-10,
        "var": 0.00276665040292
    },
    "spectral_kurtosis": {
        "dmean": 1.0827229023,
        "dmean2": 1.81948244572,
        "dvar": 1.45224106312,
        "dvar2": 4.16881370544,
        "max": 25.6812992096,
        "mean": 3.67275285721,
        "median": 3.00713920593,
        "min": -1.19665038586,
        "var": 5.79141330719
    },
    "spectral_rms": {
        "dmean": 0.000872208795045,
        "dmean2": 0.00128836452495,
        "dvar": 1.21458299418e-06,
        "dvar2": 2.69882320936e-06,
        "max": 0.0221031680703,
        "mean": 0.00441386178136,
        "median": 0.00409412337467,
        "min": 3.26359729172e-12,
        "var": 5.24454299011e-06
    },
    "spectral_rolloff": {
        "dmean": 475.666107178,
        "dmean2": 788.233276367,
        "dvar": 676180.625,
        "dvar2": 1448456,
        "max": 18367.8222656,
        "mean": 1480.32446289,
        "median": 1313.52539062,
        "min": 43.06640625,
        "var": 1705066.75
    },
    "spectral_skewness": {
        "dmean": 0.161565750837,
        "dmean2": 0.257666707039,
        "dvar": 0.0241305772215,
        "dvar2": 0.0572747588158,
        "max": 3.84508752823,
        "mean": 1.42067635059,
        "median": 1.34182035923,
        "min": -0.20036303997,
        "var": 0.189551323652
    },
    "spectral_spread": {
        "dmean": 447530.15625,
        "dmean2": 643764.9375,
        "dvar": 403454033920,
        "dvar2": 663958388736,
        "max": 40149712,
        "mean": 4626450.5,
        "median": 4435852.5,
        "min": 2027058.875,
        "var": 1.76667741389e+12
    },
    "spectral_strongpeak": {
        "dmean": 0.58668410778,
        "dmean2": 0.973856329918,
        "dvar": 0.882097363472,
        "dvar2": 2.19896960258,
        "max": 11.3388729095,
        "mean": 1.19619047642,
        "median": 0.388271480799,
        "min": 0,
        "var": 2.50177764893
    },
    "zerocrossingrate": {
        "dmean": 0.0101079531014,
        "dmean2": 0.0121240699664,
        "dvar": 0.000165311634191,
        "dvar2": 0.000187125886441,
        "max": 0.51123046875,
        "mean": 0.0630146786571,
        "median": 0.06005859375,
        "min": 0.00244140625,
        "var": 0.00111672934145
    },
    "barkbands": {
        "dmean": [0.00105668290053, 0.00529900472611, 0.00111467565876, 0.000607246533036, 0.00173911533784, 0.000530658522621, 0.00044798507588, 0.00133877468761, 0.00163969793357, 0.000536313513294, 0.00041774881538, 0.000465219869511, 0.000439781637397, 0.000438074581325, 0.000265836628387, 0.000155714471475, 0.000136843635119, 8.44642418087e-05, 0.000101917183201, 9.28993467824e-05, 6.15793032921e-05, 8.30206918181e-05, 7.43130440242e-05, 6.96724891895e-05, 3.30696384481e-05, 1.32385466713e-05, 3.0834125937e-06],
        "dmean2": [0.00173203623854, 0.00868967734277, 0.00188084144611, 0.00104643078521, 0.00282904552296, 0.00083859328879, 0.000707363302354, 0.00206219078973, 0.00255461875349, 0.000811681093182, 0.000648754124995, 0.000728835293557, 0.000648734683637, 0.000693324021995, 0.000424743280746, 0.00025214382913, 0.000224837480346, 0.000138475370477, 0.000164435579791, 0.000153603512445, 9.73240021267e-05, 0.00012807744497, 0.000112806410471, 0.000102246442111, 5.03699666297e-05, 1.99258120119e-05, 4.50373818239e-06],
        "dvar": [6.31804869045e-06, 0.000256481929682, 2.02332867048e-05, 1.43760223636e-06, 1.6591133317e-05, 2.11714973375e-06, 1.9713634174e-06, 1.45301082739e-05, 2.02834889933e-05, 2.25455687541e-06, 1.35183393013e-06, 1.83514885066e-06, 1.56822079589e-06, 1.40136967275e-06, 4.33703917224e-07, 8.10751927816e-08, 3.94091124178e-08, 1.62092348432e-08, 2.42249811322e-08, 2.19459721507e-08, 1.14698632814e-08, 2.09756301217e-08, 4.56761632961e-08, 1.05733114708e-07, 1.11964260086e-08, 1.05779185411e-09, 6.65411337142e-11],
        "dvar2": [1.49332900037e-05, 0.000644837971777, 5.56000268261e-05, 3.89118258681e-06, 4.11098262703e-05, 5.0635289881e-06, 4.24298377766e-06, 3.1995223253e-05, 4.85123091494e-05, 4.75153137813e-06, 3.23901963384e-06, 4.15956083089e-06, 3.20516323882e-06, 3.42570797329e-06, 1.06810432499e-06, 1.92792356302e-07, 1.01269776565e-07, 4.27415010051e-08, 6.13770438918e-08, 5.82786157111e-08, 2.77128293646e-08, 4.65395189053e-08, 1.02683429759e-07, 2.07934533591e-07, 2.21288072311e-08, 2.1296251429e-09, 1.25197810452e-10],
        "max": [0.0252484604716, 0.367658525705, 0.125738382339, 0.0243719741702, 0.0656985491514, 0.0516234487295, 0.040434833616, 0.0888279750943, 0.0806294232607, 0.0361366271973, 0.0308088436723, 0.0333642140031, 0.0285512562841, 0.0358075872064, 0.0155275063589, 0.00903147831559, 0.00300659495406, 0.00262748706155, 0.00280826888047, 0.00207685306668, 0.00206966162659, 0.00393864000216, 0.00585488183424, 0.0131183173507, 0.00576647045091, 0.0018656225875, 0.000288928626105],
        "mean": [0.00100215151906, 0.00603958731517, 0.00142146181315, 0.000723870180082, 0.00246625230648, 0.000892350857612, 0.000684367667418, 0.00264242547564, 0.00318520027213, 0.000928764522541, 0.000768021505792, 0.000713109620847, 0.000734235043637, 0.000748048361856, 0.000503950519487, 0.000297416787362, 0.000284161185846, 0.000176006622496, 0.000230940335314, 0.000205054180697, 0.00013563016546, 0.000194782944163, 0.000155986694153, 0.000137187656946, 5.16398249601e-05, 1.81480536412e-05, 4.21559525421e-06],
        "median": [4.1958897782e-05, 0.00229637743905, 0.000643875624519, 0.000356595846824, 0.000805729068816, 0.000239007466007, 0.000176219837158, 0.000253865291597, 0.000375260744477, 0.000181021925528, 0.000178248374141, 0.000190903316252, 0.000142244927702, 0.000176607878529, 0.000153612039867, 0.00015156021982, 0.00018060063303, 0.000118435411423, 0.000143807614222, 0.000110684050014, 7.25456047803e-05, 0.000109046515718, 6.78123105899e-05, 4.79777190776e-05, 1.68942005985e-05, 4.6894310799e-06, 3.60918306797e-07],
        "min": [3.32271526495e-24, 3.42465218667e-23, 1.24321962197e-23, 1.83080037952e-23, 9.00909193586e-23, 7.64382929985e-23, 5.77452745945e-23, 2.55844094533e-23, 2.47390945063e-23, 7.98576137476e-23, 1.5744901313e-22, 5.36473062749e-23, 5.93511745164e-23, 2.83431286141e-23, 7.08206819638e-23, 6.51070444688e-23, 1.56429034913e-22, 2.91801037236e-22, 3.30769604751e-22, 3.60583775938e-22, 4.10630803083e-22, 5.78982202089e-22, 7.95396460049e-22, 8.98463245152e-22, 1.57612732692e-21, 1.88097216029e-21, 2.29070727176e-21],
        "var": [6.72757187203e-06, 0.000255630497122, 2.36956511799e-05, 1.46089587361e-06, 2.52243698924e-05, 5.00300393469e-06, 4.36138361692e-06, 6.06588255323e-05, 6.86085622874e-05, 6.05662899034e-06, 3.7776528643e-06, 3.39049734066e-06, 4.10407210438e-06, 3.09671713694e-06, 1.08448966785e-06, 1.98165352572e-07, 1.017502953e-07, 3.6872936704e-08, 7.14716179573e-08, 6.05738392778e-08, 3.13760573079e-08, 6.21332816308e-08, 1.09368869516e-07, 2.78901012507e-07, 2.94475022145e-08, 2.09513495442e-09, 1.49925752368e-10]
    },
    "erbbands": {
        "dmean": [0.247713431716, 0.89664721489, 1.19347536564, 1.69391703606, 4.50177049637, 5.6811542511, 5.51345825195, 3.98598194122, 4.12874937057, 13.9075889587, 34.2147827148, 33.7815856934, 24.7023220062, 14.8191843033, 15.1800098419, 17.0672225952, 18.4274864197, 19.0333709717, 16.1635704041, 11.2937450409, 8.12058639526, 7.81382799149, 4.35060214996, 4.59755086899, 5.13715982437, 4.43496751785, 2.42292189598, 2.74002075195, 3.25673174858, 2.38755130768, 2.16885590553, 1.82999682426, 0.966763794422, 0.431957364082, 0.214257121086, 0.0719971209764, 0.0220998339355, 0.00633359933272, 0.000509371922817, 2.21394220716e-05],
        "dmean2": [0.412042677402, 1.50182521343, 2.01850414276, 2.85851144791, 7.66650629044, 9.11371421814, 8.56746292114, 6.28227138519, 6.59613466263, 21.3950538635, 52.4835014343, 52.2083511353, 37.5462989807, 22.0407352448, 23.6178569794, 25.8142776489, 26.7621459961, 29.3721370697, 25.4252204895, 17.8723869324, 13.1404733658, 12.8673276901, 7.0840420723, 7.51152992249, 8.33093643188, 7.35365867615, 3.84827184677, 4.3447432518, 5.09612178802, 3.63904118538, 3.27142286301, 2.70535087585, 1.40815198421, 0.645223379135, 0.337554425001, 0.111845314503, 0.0329754538834, 0.00945897772908, 0.000745062890928, 3.24994362018e-05],
        "dvar": [0.370876222849, 12.2012262344, 32.7392196655, 13.5509443283, 144.144119263, 187.312026978, 260.005310059, 129.520462036, 187.284301758, 1735.82763672, 9261.99804688, 9338.68359375, 5208.08642578, 1761.99523926, 1639.26135254, 2574.98364258, 2826.51147461, 2952.22875977, 1401.22045898, 589.49230957, 202.04133606, 142.102523804, 43.3784942627, 49.6171875, 66.5662384033, 51.5995063782, 18.7017211914, 22.6522636414, 32.0288124084, 27.1681308746, 46.9295921326, 58.1322555542, 26.7743930817, 3.12524843216, 0.40633931756, 0.0338553227484, 0.00342674460262, 0.000238335531321, 2.16473335968e-06, 2.23031437763e-09],
        "dvar2": [0.898606419563, 32.1245574951, 92.4401321411, 36.6503181458, 384.899902344, 443.6199646, 543.024597168, 311.951171875, 455.939086914, 3723.87255859, 20785.8320312, 22960.4394531, 11865.8222656, 3906.48706055, 3709.86181641, 5762.7578125, 5629.18261719, 6963.40576172, 3277.62744141, 1377.93920898, 498.562957764, 375.489532471, 113.142120361, 126.740821838, 170.57170105, 136.464950562, 46.7073822021, 54.8808135986, 73.6267700195, 61.4965934753, 107.883842468, 123.014434814, 52.9105415344, 5.89393901825, 0.975872695446, 0.0732066854835, 0.00674220826477, 0.000517517561093, 3.98471775043e-06, 4.23052171072e-09],
        "max": [9.91806316376, 98.9066467285, 202.282089233, 117.117584229, 122.077148438, 365.220214844, 456.653869629, 459.463012695, 511.964569092, 1208.4576416, 2430.68334961, 2150.83276367, 1970.01428223, 1363.82336426, 1180.90551758, 1266.01916504, 1530.50585938, 2064.50073242, 814.666503906, 510.148590088, 498.352020264, 190.475463867, 171.438598633, 118.724967957, 191.084640503, 105.817260742, 65.4483032227, 94.2750701904, 133.085327148, 187.273269653, 198.323196411, 331.931121826, 228.614456177, 107.603599548, 28.1057033539, 9.53723716736, 3.3889632225, 0.375628560781, 0.0761156752706, 0.00272082700394],
        "mean": [0.246885672212, 1.07038497925, 1.60227155685, 2.35322952271, 4.97236442566, 8.03299617767, 10.234205246, 6.61368608475, 6.49433040619, 24.47498703, 73.1080856323, 65.0345535278, 46.8726005554, 29.5613822937, 28.0936126709, 29.0819683075, 34.0779876709, 35.7356834412, 31.1488666534, 22.2323646545, 17.4275588989, 16.7546463013, 10.0563220978, 10.4483385086, 12.0927934647, 9.95736408234, 5.38344907761, 6.11893463135, 7.51256847382, 5.1445479393, 4.462890625, 3.5445189476, 1.80905914307, 0.741328239441, 0.289188623428, 0.094484128058, 0.0300981011242, 0.00846061948687, 0.000714238733053, 4.85494019813e-05],
        "median": [0.0654290169477, 0.47733104229, 0.770375788212, 1.38685941696, 1.58006095886, 2.49447774887, 2.51839780807, 2.04370307922, 2.42061638832, 4.5580201149, 7.94627094269, 8.95461845398, 8.92057323456, 8.11283874512, 8.56726551056, 7.67365121841, 7.46415376663, 9.00662231445, 8.90886211395, 8.3818063736, 9.96157360077, 10.6725721359, 7.04420614243, 6.67766332626, 7.54710960388, 5.58905363083, 3.02346801758, 3.13791155815, 4.28789949417, 2.53405189514, 1.91303312778, 1.30135154724, 0.574049949646, 0.250242859125, 0.0890990495682, 0.0271191094071, 0.00684586772695, 0.0015026901383, 6.94809859851e-05, 3.14094431815e-05],
        "min": [9.08720304943e-22, 7.83048345831e-21, 1.31674640796e-20, 5.23613890358e-20, 2.1515951302e-19, 2.4097505738e-19, 3.61011371971e-19, 7.45557479935e-19, 4.64351175144e-19, 9.75780921261e-19, 7.38913616954e-19, 5.85976658788e-19, 1.69806975887e-18, 3.42342282947e-18, 6.42789398152e-18, 1.82471638392e-18, 2.99089835897e-18, 1.4557907288e-18, 3.40333971137e-18, 3.70815183799e-18, 4.21817279213e-18, 9.41807827682e-18, 1.90415157212e-17, 1.30744721831e-17, 1.68644921543e-17, 1.85119894347e-17, 1.60815557783e-17, 1.71017738761e-17, 2.04529670877e-17, 2.01895216431e-17, 2.66783697368e-17, 2.13377227796e-17, 1.22483305094e-17, 1.23634508896e-17, 1.42889462031e-17, 7.28114236389e-18, 3.66654548036e-18, 1.27529216432e-18, 2.65258753719e-19, 3.6561218285e-20],
        "var": [0.380467414856, 10.9563627243, 34.2038917542, 15.4655389786, 130.192871094, 320.993652344, 857.453613281, 283.529541016, 305.730926514, 4723.49121094, 42338.1796875, 28869.1171875, 16372.1230469, 6135.5703125, 3720.99731445, 5158.92773438, 8191.68115234, 6978.45947266, 3644.41625977, 1467.93945312, 496.222839355, 350.868225098, 109.040817261, 133.881286621, 208.916870117, 141.291915894, 46.2559661865, 62.1610603333, 88.7883300781, 67.4136123657, 104.14516449, 141.730865479, 65.1191329956, 8.74907112122, 0.63267159462, 0.0595964081585, 0.00677487067878, 0.000407737767091, 5.17378884979e-06, 5.75245406864e-09]
    },
    "gfcc": {
        "mean": [-12.7545785904, 77.0167541504, -129.025466919, 29.8041114807, -58.6419868469, 21.5990886688, -29.9838905334, 11.0214099884, -16.8961544037, -0.727348744869, -18.1086349487, -1.1168602705, -12.3344345093],
        "cov": [[6781.86621094, 52.9716796875, 1061.13891602, 882.221984863, -120.818771362, 139.785385132, -65.532119751, -51.3243751526, 139.154327393, 214.675704956, 144.115875244, 65.2316818237, 4.21317863464], [52.9716796875, 969.516540527, 238.145233154, 388.070800781, 277.958404541, 125.706268311, 217.433044434, 31.7697620392, 145.850814819, -26.3021907806, 113.528427124, -14.5657596588, 61.2456436157], [1061.13891602, 238.145233154, 1401.10412598, 735.586914062, 405.036102295, 178.598907471, 100.246658325, 62.2189712524, 60.0743408203, 121.640686035, 76.4487991333, 103.759979248, -15.1423721313], [882.221984863, 388.070800781, 735.586914062, 886.184509277, 304.204864502, 147.093231201, 116.170082092, 41.1308326721, 92.494430542, 81.0591506958, 93.8601989746, 70.0064315796, 81.1527023315], [-120.818771362, 277.958404541, 405.036102295, 304.204864502, 426.422393799, 182.661499023, 179.0259552, 63.6645584106, 59.9154319763, 18.3534927368, 38.6973800659, 32.8365745544, 21.703414917], [139.785385132, 125.706268311, 178.598907471, 147.093231201, 182.661499023, 268.474334717, 156.566390991, 73.9460906982, 48.4900169373, -9.05016708374, 43.9612045288, -2.56781697273, 11.9526128769], [-65.532119751, 217.433044434, 100.246658325, 116.170082092, 179.0259552, 156.566390991, 255.816009521, 103.065994263, 46.5596008301, -14.0118122101, 35.9891014099, 0.204761624336, 12.0758085251], [-51.3243751526, 31.7697620392, 62.2189712524, 41.1308326721, 63.6645584106, 73.9460906982, 103.065994263, 137.769866943, 57.8606491089, 26.4924240112, 7.57986688614, -19.2789764404, -7.32554340363], [139.154327393, 145.850814819, 60.0743408203, 92.494430542, 59.9154319763, 48.4900169373, 46.5596008301, 57.8606491089, 169.110855103, 41.2547531128, 33.9222793579, -36.9289054871, 12.0624694824], [214.675704956, -26.3021907806, 121.640686035, 81.0591506958, 18.3534927368, -9.05016708374, -14.0118122101, 26.4924240112, 41.2547531128, 112.523269653, 26.664056778, 15.0639295578, -8.30800819397], [144.115875244, 113.528427124, 76.4487991333, 93.8601989746, 38.6973800659, 43.9612045288, 35.9891014099, 7.57986688614, 33.9222793579, 26.664056778, 102.949607849, 43.0914649963, 18.4031887054], [65.2316818237, -14.5657596588, 103.759979248, 70.0064315796, 32.8365745544, -2.56781697273, 0.204761624336, -19.2789764404, -36.9289054871, 15.0639295578, 43.0914649963, 103.547912598, 31.4301586151], [4.21317863464, 61.2456436157, -15.1423721313, 81.1527023315, 21.703414917, 11.9526128769, 12.0758085251, -7.32554340363, 12.0624694824, -8.30800819397, 18.4031887054, 31.4301586151, 82.7499694824]],
        "icov": [[0.000220923524466, 3.56578966603e-05, -0.000148712540977, -0.000197531990125, 0.000447996630101, -0.0002307848481, -0.00010902583017, 0.000319717131788, -0.000169401959283, -0.000218021261389, -2.3063745175e-05, 1.34069350679e-05, 9.17578872759e-05], [3.56578966603e-05, 0.00216174754314, -1.4547849787e-05, -0.000600159168243, -0.000731721404009, 0.0010044684168, -0.00154081534129, 0.00117286108434, -0.00102214224171, 0.00124194647651, -0.00218063127249, 0.00170301448088, -0.000528557575308], [-0.000148712540977, -1.4547849787e-05, 0.00193028058857, -0.00117638788652, -0.00117253640201, -0.000266512564849, 0.000748225837015, -0.000534509541467, 2.10285179492e-05, -0.000335026881658, 0.000566302973311, -0.00162040232681, 0.00216757599264], [-0.000197531990125, -0.000600159168243, -0.00117638788652, 0.00308839115314, -0.000637389428448, -4.47757702204e-06, 9.97260794975e-05, -9.9569959275e-05, 0.000262426852714, -0.000876964011695, -0.000368550216081, 0.000570859352592, -0.00290650129318], [0.000447996630101, -0.000731721404009, -0.00117253640201, -0.000637389428448, 0.00642065191641, -0.0024363338016, -0.00226348708384, 0.00134534377139, -0.00102375156712, -0.0010346933268, 0.00228915270418, -0.00187793560326, 0.000296148558846], [-0.0002307848481, 0.0010044684168, -0.000266512564849, -4.47757702204e-06, -0.0024363338016, 0.00788658298552, -0.00280768284574, -0.00111785985064, 2.01145030587e-06, 0.00230813608505, -0.00354920653626, 0.00276645109989, -0.0009954465786], [-0.00010902583017, -0.00154081534129, 0.000748225837015, 9.97260794975e-05, -0.00226348708384, -0.00280768284574, 0.0106783015653, -0.0065154847689, 0.0012839656556, 0.00184208864812, -0.000439824943896, -0.00138153927401, 0.000669521221425], [0.000319717131788, 0.00117286108434, -0.000534509541467, -9.9569959275e-05, 0.00134534377139, -0.00111785985064, -0.0065154847689, 0.0145120313391, -0.00353969307616, -0.00337727786973, 0.00130851310678, 0.00134958000854, 0.000532914826181], [-0.000169401959283, -0.00102214224171, 2.10285179492e-05, 0.000262426852714, -0.00102375156712, 2.01145030587e-06, 0.0012839656556, -0.00353969307616, 0.0111640039831, -0.00330678047612, -0.00360155245289, 0.00639280723408, -0.00330741005018], [-0.000218021261389, 0.00124194647651, -0.000335026881658, -0.000876964011695, -0.0010346933268, 0.00230813608505, 0.00184208864812, -0.00337727786973, -0.00330678047612, 0.0143984183669, -0.00342218857259, -0.00163668184541, 0.00257115648128], [-2.3063745175e-05, -0.00218063127249, 0.000566302973311, -0.000368550216081, 0.00228915270418, -0.00354920653626, -0.000439824943896, 0.00130851310678, -0.00360155245289, -0.00342218857259, 0.0188472829759, -0.0104576973245, 0.00213439413346], [1.34069350679e-05, 0.00170301448088, -0.00162040232681, 0.000570859352592, -0.00187793560326, 0.00276645109989, -0.00138153927401, 0.00134958000854, 0.00639280723408, -0.00163668184541, -0.0104576973245, 0.021541705355, -0.00865590851754], [9.17578872759e-05, -0.000528557575308, 0.00216757599264, -0.00290650129318, 0.000296148558846, -0.0009954465786, 0.000669521221425, 0.000532914826181, -0.00330741005018, 0.00257115648128, 0.00213439413346, -0.00865590851754, 0.0192870311439]]
    },
    "melbands": {
        "dmean": [0.00180569814984, 0.000717523798812, 0.000341193168424, 0.000394422968384, 0.000196979672182, 9.0092427854e-05, 6.80805387674e-05, 0.000179328053491, 0.000291638745693, 0.00021431017376, 0.000123882389744, 6.24420499662e-05, 5.57175771974e-05, 4.85282362206e-05, 5.19798231835e-05, 3.8193022192e-05, 3.87068357668e-05, 3.10121795337e-05, 1.99170808628e-05, 1.14914082587e-05, 1.03612974272e-05, 9.63869479165e-06, 5.03497858517e-06, 4.19699927079e-06, 4.04957518185e-06, 4.13162797486e-06, 4.01979059461e-06, 2.94090000352e-06, 1.76378705419e-06, 1.42420856264e-06, 1.77381195954e-06, 2.05360674954e-06, 1.67676034835e-06, 1.37171309689e-06, 1.34536696805e-06, 1.27655107462e-06, 1.11559847937e-06, 7.29518660592e-07, 5.59030638669e-07, 3.22716573464e-07],
        "dmean2": [0.00296503095888, 0.00119214074221, 0.000571219774429, 0.000656264135614, 0.000305520603433, 0.000142303542816, 0.000108071581053, 0.000275899365079, 0.000449760496849, 0.000333234551363, 0.000189199636225, 9.29552988964e-05, 8.56464321259e-05, 7.67569581512e-05, 7.6666525274e-05, 5.66313756281e-05, 6.04692722845e-05, 4.85167292936e-05, 3.19549362757e-05, 1.80956358236e-05, 1.69371742231e-05, 1.59510800586e-05, 8.27321764518e-06, 6.94279015079e-06, 6.66308324071e-06, 6.65843026582e-06, 6.68906568535e-06, 4.91966693517e-06, 2.86561339635e-06, 2.27755526794e-06, 2.85604505734e-06, 3.25125006384e-06, 2.63752394858e-06, 2.13683324546e-06, 2.07740436053e-06, 1.92451238945e-06, 1.66758763953e-06, 1.09053780761e-06, 8.2788153577e-07, 4.98064764543e-07],
        "dvar": [2.27900236496e-05, 1.12484503916e-05, 4.89448041208e-07, 1.01285615983e-06, 2.9427218351e-07, 6.21835027914e-08, 4.43384848836e-08, 2.65367532393e-07, 6.37109167201e-07, 3.93727702885e-07, 1.3411934674e-07, 3.14811998692e-08, 2.27012755261e-08, 2.41928503897e-08, 2.62138613039e-08, 1.19890577466e-08, 1.28577735126e-08, 5.78500181092e-09, 2.89743185e-09, 5.45270606445e-10, 3.36441263737e-10, 2.29640084726e-10, 5.93657970005e-11, 4.84244935817e-11, 4.01031291508e-11, 4.12879626321e-11, 4.27209552456e-11, 2.43658999227e-11, 1.01951372691e-11, 6.56163404861e-12, 9.90803359496e-12, 1.25744172019e-11, 9.34053702439e-12, 1.07102130983e-11, 1.72065642984e-11, 2.11146898577e-11, 2.35461181802e-11, 1.51898927464e-11, 8.13883682671e-12, 1.3863620538e-12],
        "dvar2": [5.54155012651e-05, 3.14026001433e-05, 1.30840533075e-06, 2.59569219452e-06, 6.02223678925e-07, 1.49445099851e-07, 1.03963380127e-07, 5.76642776196e-07, 1.44383159295e-06, 9.7456131698e-07, 3.04608647639e-07, 6.86228105451e-08, 5.20521297176e-08, 5.69867815159e-08, 5.23561993759e-08, 2.40200250801e-08, 3.06688150431e-08, 1.36790667682e-08, 7.3776020848e-09, 1.22171683881e-09, 8.40348457487e-10, 6.06957206717e-10, 1.55084556308e-10, 1.31959360106e-10, 1.02865847784e-10, 1.0407047446e-10, 1.1552750423e-10, 6.3992429411e-11, 2.6479561599e-11, 1.55815430003e-11, 2.49836176053e-11, 2.96295869784e-11, 2.12097613778e-11, 2.55742302335e-11, 4.11407748147e-11, 4.74784170312e-11, 4.94310356536e-11, 2.96764592067e-11, 1.61568102647e-11, 2.84729835195e-12],
        "max": [0.0872093886137, 0.121153376997, 0.0177804194391, 0.0124438628554, 0.01621283032, 0.0100636463612, 0.00767681980506, 0.0113972881809, 0.0196144878864, 0.0119955018163, 0.00955987535417, 0.00599350547418, 0.00498119508848, 0.00510818976909, 0.00437301024795, 0.00312011013739, 0.00396176567301, 0.00164322007913, 0.00143494934309, 0.000797645479906, 0.000672561640386, 0.000259577471297, 0.000167940481333, 0.000124770449474, 0.000114300230052, 0.000146833161125, 0.000159322022228, 8.81505766301e-05, 5.39206230314e-05, 4.83526637254e-05, 6.14404634689e-05, 7.05982965883e-05, 8.63453606144e-05, 0.000128230152768, 0.000133621186251, 0.000166611047462, 0.000236348918406, 0.000182606876479, 0.000143833909533, 6.83128891978e-05],
        "mean": [0.00197020662017, 0.00104767328594, 0.000468019832624, 0.000481737894006, 0.000374080031179, 0.0001510616421, 0.000104922502942, 0.000322480860632, 0.000631435774267, 0.000401519529987, 0.000228268734645, 0.000116276729386, 0.000101995792647, 7.33166234568e-05, 9.18597870623e-05, 6.34234820609e-05, 6.80485463818e-05, 5.34411155968e-05, 3.68277287635e-05, 2.11058249988e-05, 2.02745195566e-05, 1.87769001059e-05, 1.05729304778e-05, 8.14631312096e-06, 8.32554451335e-06, 8.97805421118e-06, 8.47554292704e-06, 6.05731474934e-06, 3.4928164041e-06, 2.84514953819e-06, 3.71052487935e-06, 4.43869294031e-06, 3.49280821865e-06, 2.65648918685e-06, 2.58547493104e-06, 2.42633700509e-06, 2.04320394914e-06, 1.3199572777e-06, 9.34395188779e-07, 5.15262740919e-07],
        "median": [0.000649907102343, 0.000558921776246, 0.00026302295737, 0.000158208422363, 0.000101063254988, 4.49528779427e-05, 3.46679953509e-05, 4.90468191856e-05, 5.77014216105e-05, 5.09317069373e-05, 3.63274048141e-05, 2.82724886347e-05, 2.76155187748e-05, 2.12385839404e-05, 1.54022745846e-05, 1.47771588672e-05, 1.54063509399e-05, 1.3720879906e-05, 1.09109141704e-05, 9.27439759835e-06, 1.16463652375e-05, 1.13572950795e-05, 6.99158590578e-06, 5.09872643306e-06, 4.99475709148e-06, 5.42747829968e-06, 4.41391239292e-06, 3.26798817696e-06, 1.89032732578e-06, 1.40221402489e-06, 1.83360293704e-06, 2.49945333053e-06, 1.854369998e-06, 1.18564400964e-06, 1.0866493767e-06, 9.04835644633e-07, 7.05051832028e-07, 3.98232060661e-07, 2.73952963425e-07, 1.76560391196e-07],
        "min": [9.12011322199e-24, 8.47309660727e-24, 1.1823177457e-23, 1.94367959086e-23, 1.31832572769e-23, 1.57903510608e-23, 8.8708560529e-24, 9.36893099555e-24, 6.25700646422e-24, 3.23674342856e-24, 9.1138496664e-24, 1.37248102883e-23, 2.16787102022e-23, 8.93162200843e-24, 4.69743121561e-24, 5.6715726705e-24, 2.24483031798e-24, 5.08619883021e-24, 5.07976369738e-24, 4.56780677496e-24, 5.01811303434e-24, 9.07946953043e-24, 1.28149467977e-23, 1.54707882412e-23, 9.72247320972e-24, 1.40883126603e-23, 1.00055228134e-23, 1.24792920046e-23, 1.0242192129e-23, 8.97724104572e-24, 1.04561635498e-23, 1.14543928724e-23, 1.14849612325e-23, 1.07058246157e-23, 1.65419240887e-23, 1.31522865977e-23, 1.26653416936e-23, 8.17740550759e-24, 8.32186960516e-24, 1.13723907813e-23],
        "var": [2.39704222622e-05, 1.14199374366e-05, 5.63401670206e-07, 1.09568873086e-06, 1.00362001376e-06, 1.40032383911e-07, 7.96891086452e-08, 8.15301063994e-07, 3.00209876514e-06, 1.17005720313e-06, 4.20538128765e-07, 1.03983929023e-07, 5.51431682538e-08, 3.89135657031e-08, 7.5859425408e-08, 2.81013079473e-08, 2.94588478056e-08, 1.31231763234e-08, 6.37709396401e-09, 1.34728617152e-09, 6.98612945271e-10, 5.03883712533e-10, 1.38841993458e-10, 9.41567587787e-11, 9.74426511702e-11, 1.16533685479e-10, 1.22505977584e-10, 5.73447365981e-11, 2.12851316433e-11, 1.56860011091e-11, 2.43189773874e-11, 3.19697011919e-11, 2.39088211035e-11, 2.22502728048e-11, 3.3493558621e-11, 4.80690869054e-11, 5.58368663806e-11, 3.60027598012e-11, 2.0123220798e-11, 3.45568669166e-12]
    },
    "mfcc": {
        "mean": [-650.39630127, 105.560562134, -9.37282657623, 13.3256149292, -1.15081882477, 9.56079864502, -1.28932785988, 11.5778017044, 2.81259512901, 6.44441843033, 1.45661830902, -1.51506924629, -1.9591370821],
        "cov": [[6156.64160156, -338.696289062, 894.631530762, 558.797912598, 95.7279815674, 211.960952759, -96.5033340454, -91.2510681152, -147.338867188, 196.936355591, 18.5326213837, 39.3563423157, 58.4776611328], [-338.696289062, 670.813781738, 34.2969703674, 141.341400146, 110.777206421, 126.054145813, 111.750572205, 133.605331421, 57.5636367798, 40.3836402893, 69.5924453735, 38.894153595, 41.3687973022], [894.631530762, 34.2969703674, 980.382873535, 558.217285156, 359.787628174, 236.553359985, 129.977294922, 61.6257629395, 37.766582489, 46.9156036377, 52.8318328857, 112.766792297, 107.532417297], [558.797912598, 141.341400146, 558.217285156, 708.955749512, 303.258605957, 224.270507812, 127.929756165, 60.0319023132, 83.7402572632, 21.6467094421, 32.2860565186, 78.5979919434, 123.849319458], [95.7279815674, 110.777206421, 359.787628174, 303.258605957, 333.561309814, 199.178207397, 103.999275208, 78.8615036011, 65.219543457, 55.145866394, 40.0208282471, 50.5931129456, 55.881061554], [211.960952759, 126.054145813, 236.553359985, 224.270507812, 199.178207397, 246.506637573, 144.215637207, 109.540245056, 59.1292419434, 41.1999053955, 37.3011245728, 40.8758888245, 34.7542114258], [-96.5033340454, 111.750572205, 129.977294922, 127.929756165, 103.999275208, 144.215637207, 246.358322144, 148.719177246, 72.1477966309, 11.2770175934, 40.0914001465, 47.0529632568, 27.3934288025], [-91.2510681152, 133.605331421, 61.6257629395, 60.0319023132, 78.8615036011, 109.540245056, 148.719177246, 189.035354614, 75.4370269775, 40.4493141174, 35.811756134, 28.8791179657, 19.5892887115], [-147.338867188, 57.5636367798, 37.766582489, 83.7402572632, 65.219543457, 59.1292419434, 72.1477966309, 75.4370269775, 136.520721436, 69.2050476074, 38.7851867676, 18.6840820312, 9.8462266922], [196.936355591, 40.3836402893, 46.9156036377, 21.6467094421, 55.145866394, 41.1999053955, 11.2770175934, 40.4493141174, 69.2050476074, 142.84777832, 67.2313537598, 23.8007392883, -2.39021635056], [18.5326213837, 69.5924453735, 52.8318328857, 32.2860565186, 40.0208282471, 37.3011245728, 40.0914001465, 35.811756134, 38.7851867676, 67.2313537598, 98.6493759155, 49.6103057861, 15.3392877579], [39.3563423157, 38.894153595, 112.766792297, 78.5979919434, 50.5931129456, 40.8758888245, 47.0529632568, 28.8791179657, 18.6840820312, 23.8007392883, 49.6103057861, 86.5822143555, 46.0658988953], [58.4776611328, 41.3687973022, 107.532417297, 123.849319458, 55.881061554, 34.7542114258, 27.3934288025, 19.5892887115, 9.8462266922, -2.39021635056, 15.3392877579, 46.0658988953, 90.1932525635]],
