{
"lowlevel": {
    "average_loudness": 0.303011745214,
    "barkbands_crest": {
        "dmean": 3.10474944115,
        "dmean2": 4.92828512192,
        "dvar": 8.16209793091,
        "dvar2": 20.4045467377,
        "max": 26.5232830048,
        "mean": 14.0273857117,
        "median": 13.5085201263,
        "min": 2.11322903633,
        "var": 32.9676628113
    },
    "barkbands_flatness_db": {
        "dmean": 0.028516355902,
        "dmean2": 0.0428885780275,
        "dvar": 0.000881966436282,
        "dvar2": 0.0020545872394,
        "max": 0.580469191074,
        "mean": 0.176654666662,
        "median": 0.159423917532,
        "min": 0.0113366981968,
        "var": 0.00969949457794
    },
    "barkbands_kurtosis": {
        "dmean": 11.3343505859,
        "dmean2": 18.310628891,
        "dvar": 2228.93847656,
        "dvar2": 5649.19970703,
        "max": 1397.58569336,
        "mean": 15.7396945953,
        "median": 3.15950703621,
        "min": -1.96026325226,
        "var": 2752.01245117
    },
    "barkbands_skewness": {
        "dmean": 0.883781135082,
        "dmean2": 1.34273934364,
        "dvar": 1.81746816635,
        "dvar2": 4.39809036255,
        "max": 29.0803375244,
        "mean": 1.70895457268,
        "median": 1.14179968834,
        "min": -5.89772891998,
        "var": 6.94150543213
    },
    "barkbands_spread": {
        "dmean": 6.51445913315,
        "dmean2": 9.87218856812,
        "dvar": 100.917015076,
        "dvar2": 207.741577148,
        "max": 123.53994751,
        "mean": 20.1624412537,
        "median": 13.8096427917,
        "min": 0.0442944802344,
        "var": 393.59072876
    },
    "dissonance": {
        "dmean": 0.0312959514558,
        "dmean2": 0.0526537075639,
        "dvar": 0.00112291960977,
        "dvar2": 0.00308564351872,
        "max": 0.499999970198,
        "mean": 0.446885347366,
        "median": 0.461553603411,
        "min": 0.154992297292,
        "var": 0.00223157834262
    },
    "dynamic_complexity": 5.18968343735,
    "erbbands_crest": {
        "dmean": 3.35942721367,
        "dmean2": 5.22363996506,
        "dvar": 10.7551832199,
        "dvar2": 25.3648929596,
        "max": 34.1461410522,
        "mean": 15.1764154434,
        "median": 13.603105545,
        "min": 2.35792541504,
        "var": 59.8839569092
    },
    "erbbands_flatness_db": {
        "dmean": 0.023355524987,
        "dmean2": 0.0343102887273,
        "dvar": 0.000563014647923,
        "dvar2": 0.00115491752513,
        "max": 0.541229248047,
        "mean": 0.199580192566,
        "median": 0.186679333448,
        "min": 0.0421752482653,
        "var": 0.00776457833126
    },
    "erbbands_kurtosis": {
        "dmean": 3.45108795166,
        "dmean2": 5.40516138077,
        "dvar": 35.3315467834,
        "dvar2": 86.7288894653,
        "max": 129.219161987,
        "mean": 6.72033214569,
        "median": 1.95872592926,
        "min": -1.7857016325,
        "var": 173.702926636
    },
    "erbbands_skewness": {
        "dmean": 0.594031512737,
        "dmean2": 0.882931351662,
        "dvar": 0.410419821739,
        "dvar2": 0.874432742596,
        "max": 8.4226064682,
        "mean": 1.11288607121,
        "median": 0.882064461708,
        "min": -6.97754478455,
        "var": 2.46173071861
    },
    "erbbands_spread": {
        "dmean": 7.73593330383,
        "dmean2": 12.0161037445,
        "dvar": 115.663452148,
        "dvar2": 271.182281494,
        "max": 133.757568359,
        "mean": 26.4014453888,
        "median": 20.7639770508,
        "min": 0.530484259129,
        "var": 439.50692749
    },
    "hfc": {
        "dmean": 8.65968704224,
        "dmean2": 12.4357872009,
        "dvar": 295.807128906,
        "dvar2": 587.858581543,
        "max": 432.233215332,
        "mean": 23.7438468933,
        "median": 13.060341835,
        "min": 2.78639378237e-09,
        "var": 899.676147461
    },
    "melbands_crest": {
        "dmean": 3.90324306488,
        "dmean2": 6.10869884491,
        "dvar": 13.2313318253,
        "dvar2": 31.8795051575,
        "max": 36.0038032532,
        "mean": 18.6630096436,
        "median": 18.4296875,
        "min": 3.29301691055,
        "var": 50.8078994751
    },
    "melbands_flatness_db": {
        "dmean": 0.0321704037488,
        "dmean2": 0.047692026943,
        "dvar": 0.00114019191824,
        "dvar2": 0.00263401144184,
        "max": 0.728425741196,
        "mean": 0.239276304841,
        "median": 0.220246836543,
        "min": 0.0221072193235,
        "var": 0.0122699169442
    },
    "melbands_kurtosis": {
        "dmean": 11.2385339737,
        "dmean2": 17.9407157898,
        "dvar": 587.16217041,
        "dvar2": 1501.46936035,
        "max": 541.190246582,
        "mean": 20.99284935,
        "median": 6.01317119598,
        "min": -1.90675806999,
        "var": 1689.19750977
    },
    "melbands_skewness": {
        "dmean": 0.903944790363,
        "dmean2": 1.39755380154,
        "dvar": 1.19466495514,
        "dvar2": 3.00480771065,
        "max": 20.4815444946,
        "mean": 2.18042302132,
        "median": 1.61886548996,
        "min": -3.72801542282,
        "var": 6.76419591904
    },
    "melbands_spread": {
        "dmean": 8.70143318176,
        "dmean2": 12.7485456467,
        "dvar": 306.991271973,
        "dvar2": 565.3515625,
        "max": 314.078796387,
        "mean": 25.0941505432,
        "median": 17.4910049438,
        "min": 0.184632197022,
        "var": 923.311279297
    },
    "pitch_salience": {
        "dmean": 0.0773798823357,
        "dmean2": 0.120820604265,
        "dvar": 0.00537504442036,
        "dvar2": 0.0128755308688,
        "max": 0.935509860516,
        "mean": 0.463296324015,
        "median": 0.476002067327,
        "min": 0.0411191247404,
        "var": 0.0265527758747
    },
    "silence_rate_20dB": {
        "dmean": 0.00736010400578,
        "dmean2": 0.0147218015045,
        "dvar": 0.00730521092191,
        "dvar2": 0.0201311092824,
        "max": 1,
        "mean": 0.99523806572,
        "median": 1,
        "min": 0,
        "var": 0.00473942887038
    },
    "silence_rate_30dB": {
        "dmean": 0.0123389977962,
        "dmean2": 0.0246806666255,
        "dvar": 0.0121870562434,
        "dvar2": 0.0288356021047,
        "max": 1,
        "mean": 0.975216448307,
        "median": 1,
        "min": 0,
        "var": 0.0241658929735
    },
    "silence_rate_60dB": {
        "dmean": 0.0287909954786,
        "dmean2": 0.0574799738824,
        "dvar": 0.027959542349,
        "dvar2": 0.0630479678512,
        "max": 1,
        "mean": 0.135822504759,
        "median": 0,
        "min": 0,
        "var": 0.117364384234
    },
    "spectral_centroid": {
        "dmean": 230.121246338,
        "dmean2": 334.694000244,
        "dvar": 148794.765625,
        "dvar2": 248300.109375,
        "max": 7535.48828125,
        "mean": 1342.41015625,
        "median": 1202.16479492,
        "min": 76.6372375488,
        "var": 650645.5625
    },
    "spectral_complexity": {
        "dmean": 2.06818914413,
        "dmean2": 3.31153941154,
        "dvar": 7.49862670898,
        "dvar2": 16.3344917297,
        "max": 43,
        "mean": 9.32110404968,
        "median": 8,
        "min": 0,
        "var": 39.3559684753
    },
    "spectral_decrease": {
        "dmean": 3.25551563485e-09,
        "dmean2": 5.07471753508e-09,
        "dvar": 1.09157440315e-16,
        "dvar2": 2.85030901325e-16,
        "max": -1.20342743002e-20,
        "mean": -6.8552261645e-09,
        "median": -3.92838428454e-09,
        "min": -1.99382270694e-07,
        "var": 1.44158893104e-16
    },
    "spectral_energy": {
        "dmean": 0.012861026451,
        "dmean2": 0.0199851021171,
        "dvar": 0.00158314628061,
        "dvar2": 0.00413290318102,
        "max": 0.758454442024,
        "mean": 0.0280268453062,
        "median": 0.0167604647577,
        "min": 2.98154215076e-13,
        "var": 0.00212882715277
    },
    "spectral_energyband_high": {
        "dmean": 0.000477811263409,
        "dmean2": 0.000656860240269,
        "dvar": 2.97879137179e-06,
        "dvar2": 5.36712650501e-06,
        "max": 0.0472687855363,
        "mean": 0.000810754892882,
        "median": 0.000168242870132,
        "min": 2.19743467129e-13,
        "var": 6.17020759819e-06
    },
    "spectral_energyband_low": {
        "dmean": 0.00856222677976,
        "dmean2": 0.0136534329504,
        "dvar": 0.00153063004836,
        "dvar2": 0.00400394946337,
        "max": 0.753323674202,
        "mean": 0.0113015789539,
        "median": 0.00198416761123,
        "min": 1.76291823818e-15,
        "var": 0.00189308868721
    },
    "spectral_energyband_middle_high": {
        "dmean": 0.00321831135079,
        "dmean2": 0.00464060995728,
        "dvar": 5.22441077919e-05,
        "dvar2": 0.000120313830848,
        "max": 0.166828423738,
        "mean": 0.0103070624173,
        "median": 0.00188437360339,
        "min": 6.41825324442e-14,
        "var": 0.000317988800816
    },
    "spectral_energyband_middle_low": {
        "dmean": 0.00291783153079,
        "dmean2": 0.00445631938055,
        "dvar": 5.73310280743e-05,
        "dvar2": 0.000136507063871,
        "max": 0.140581935644,
        "mean": 0.00603955425322,
        "median": 0.0023941048421,
        "min": 1.13878090985e-14,
        "var": 0.00010631220357
    },
    "spectral_entropy": {
        "dmean": 0.221005037427,
        "dmean2": 0.321835458279,
        "dvar": 0.061076503247,
        "dvar2": 0.123154051602,
        "max": 8.96160030365,
        "mean": 7.36169433594,
        "median": 7.44759941101,
        "min": 4.40580320358,
        "var": 0.580578267574
    },
    "spectral_flux": {
        "dmean": 0.0311048533767,
        "dmean2": 0.0507185198367,
        "dvar": 0.00227917567827,
        "dvar2": 0.0063021662645,
        "max": 0.753099501133,
        "mean": 0.0792494639754,
        "median": 0.0643295422196,
        "min": 0.000320942694088,
        "var": 0.00453573325649
    },
    "spectral_kurtosis": {
        "dmean": 1.94045996666,
        "dmean2": 3.18858337402,
        "dvar": 8.21407413483,
        "dvar2": 21.9626464844,
        "max": 76.3106536865,
        "mean": 6.26235342026,
        "median": 4.86532306671,
        "min": -1.3505705595,
        "var": 35.2190895081
    },
    "spectral_rms": {
        "dmean": 0.000945432810113,
        "dmean2": 0.00140406598803,
        "dvar": 2.44446914621e-06,
        "dvar2": 5.76826460019e-06,
        "max": 0.0272021237761,
        "mean": 0.00440848153085,
        "median": 0.00404372019693,
        "min": 1.70552674206e-08,
        "var": 7.90852027421e-06
    },
    "spectral_rolloff": {
        "dmean": 528.149169922,
        "dmean2": 869,
        "dvar": 1643096.125,
        "dvar2": 3185967.5,
        "max": 17420.3613281,
        "mean": 1719.68017578,
        "median": 1098.19335938,
        "min": 64.599609375,
        "var": 4575080.5
    },
    "spectral_skewness": {
        "dmean": 0.250579476357,
        "dmean2": 0.385258704424,
        "dvar": 0.0743338763714,
        "dvar2": 0.165487825871,
        "max": 7.01284599304,
        "mean": 1.89366483688,
        "median": 1.85405027866,
        "min": -0.751999795437,
        "var": 0.570973575115
    },
    "spectral_spread": {
        "dmean": 679021.5,
        "dmean2": 1010131.1875,
        "dvar": 820768145408,
        "dvar2": 1.77006955725e+12,
        "max": 22096712,
        "mean": 5206754,
        "median": 4869352,
        "min": 1081198.25,
        "var": 4.81449056666e+12
    },
    "spectral_strongpeak": {
        "dmean": 0.841830134392,
        "dmean2": 1.35790586472,
        "dvar": 1.78724169731,
        "dvar2": 4.17847776413,
        "max": 16.9839096069,
        "mean": 2.18729686737,
        "median": 0.797811448574,
        "min": 0,
        "var": 8.52955055237
    },
    "zerocrossingrate": {
        "dmean": 0.0130818579346,
        "dmean2": 0.0141537608579,
        "dvar": 0.000442363816546,
        "dvar2": 0.000414127018303,
        "max": 0.51025390625,
        "mean": 0.0688344985247,
        "median": 0.05419921875,
        "min": 0.00244140625,
        "var": 0.00338215311058
    },
    "barkbands": {
        "dmean": [0.000540939799976, 0.00765402428806, 0.00154576508794, 0.000287169736112, 0.000380223442335, 0.000555333332159, 0.000625208660495, 0.000885394460056, 0.00085445435252, 0.000582859793212, 0.00150838249829, 0.00132104929071, 0.000274944410194, 0.000450052932138, 0.000524258357473, 0.000197164918063, 0.000109929998871, 6.49188805255e-05, 4.97708024341e-05, 3.07802765747e-05, 4.14943569922e-05, 5.53016070626e-05, 8.67584967637e-05, 0.000177962821908, 0.00010767322965, 4.12156841776e-05, 1.89230249816e-05],
        "dmean2": [0.000817210937385, 0.0125366644934, 0.00251570693217, 0.000504157040268, 0.000639421632513, 0.000835806655232, 0.00100476166699, 0.00142138311639, 0.00129084044602, 0.000843312067445, 0.00218608812429, 0.00188283796888, 0.00042548761121, 0.000705186510459, 0.000742123113014, 0.000289155548671, 0.000159369839821, 9.74737704382e-05, 7.88069301052e-05, 4.99021953146e-05, 6.48850182188e-05, 8.24962189654e-05, 0.000124454134493, 0.000251861580182, 0.000159344417625, 6.25966567895e-05, 2.94870624202e-05],
        "dvar": [1.99976238946e-06, 0.00118665595073, 0.000101867517515, 1.64140499237e-06, 1.62053947861e-06, 5.53788231628e-06, 1.29483196361e-05, 1.95159209397e-05, 1.80389997695e-05, 6.1114546952e-06, 3.09837050736e-05, 1.78227492142e-05, 2.19749199459e-06, 3.11578537548e-06, 4.10867869505e-06, 6.29757835213e-07, 1.73568281525e-07, 5.9273141062e-08, 2.07776320593e-08, 4.19751966518e-09, 1.06622461971e-08, 2.83930816636e-08, 1.18214522615e-07, 9.62479589361e-07, 2.82267336615e-07, 1.49649679315e-08, 2.79268297376e-09],
        "dvar2": [5.5536711443e-06, 0.00304029067047, 0.000263394467765, 4.6015825319e-06, 4.07548486692e-06, 1.11128647404e-05, 3.12415504595e-05, 5.18959313922e-05, 4.10428983741e-05, 1.14606109491e-05, 6.76770723658e-05, 3.29760332534e-05, 4.54846349385e-06, 7.36535776014e-06, 7.78370031185e-06, 1.31382273594e-06, 3.41993626307e-07, 1.36800750283e-07, 4.7012111537e-08, 1.01027728405e-08, 2.54969929614e-08, 5.9216560544e-08, 2.30260994272e-07, 1.95713505491e-06, 5.77129810608e-07, 3.24131228524e-08, 6.88066092991e-09],
        "max": [0.0263503659517, 0.587373077869, 0.224900186062, 0.0317359566689, 0.0360659062862, 0.0772886425257, 0.121563486755, 0.112865433097, 0.109091579914, 0.0815575122833, 0.124275669456, 0.092125095427, 0.0525105521083, 0.0455847159028, 0.0594482347369, 0.0223043207079, 0.015631519258, 0.0095095699653, 0.00434730621055, 0.00136887503322, 0.00258454750292, 0.00386801967397, 0.0106506310403, 0.0340439230204, 0.0187392532825, 0.00429121823981, 0.00063022505492],
        "mean": [0.000750455074012, 0.00878180842847, 0.00168110930827, 0.000276931154076, 0.000568571384065, 0.00106650334783, 0.000813777383883, 0.00128697638866, 0.00132941105403, 0.00116740865633, 0.0032577784732, 0.00337263289839, 0.000390838395106, 0.000659609853756, 0.00103593955282, 0.000306962785544, 0.000238295135205, 0.000116527880891, 8.79828075995e-05, 5.90382987866e-05, 7.65301301726e-05, 8.94514087122e-05, 0.000135983864311, 0.000242903508479, 0.000147474798723, 6.23803789495e-05, 2.35359457292e-05],
        "median": [0.00013183876581, 0.00146835274063, 0.000123630394228, 5.17007720191e-05, 9.91537090158e-05, 9.28898516577e-05, 9.04186308617e-05, 0.000152805499965, 0.000136887858389, 0.000127607490867, 0.000107983010821, 0.000153514818521, 4.17630581069e-05, 6.96772622177e-05, 5.67583338125e-05, 4.03194499086e-05, 3.29688627971e-05, 2.95417466987e-05, 3.66186213796e-05, 2.84515554085e-05, 2.63735728367e-05, 2.13099665416e-05, 2.4253011361e-05, 2.72167853836e-05, 1.75092027348e-05, 6.78427795719e-06, 1.25484200453e-06],
        "min": [8.76349498713e-16, 9.1190169497e-16, 2.94479659731e-16, 2.84134819876e-16, 1.27664954041e-15, 5.47422888371e-16, 1.8983808293e-16, 1.35515414215e-15, 5.89905889368e-15, 6.20701508583e-15, 3.50693387734e-15, 2.13220872131e-15, 3.69691214422e-15, 1.29735081388e-14, 1.43750876274e-14, 3.50433285092e-15, 5.84327415081e-15, 5.3610341535e-15, 2.16304919092e-15, 8.84478579787e-15, 2.47621374631e-14, 1.72620520444e-14, 1.64905574954e-14, 1.60825264781e-14, 4.02731809761e-14, 2.35309987912e-14, 7.88267156627e-14],
        "var": [2.65855351245e-06, 0.00119161710609, 0.000132320928969, 1.30511432417e-06, 4.48721903012e-06, 1.65710789588e-05, 1.48611743498e-05, 2.15566742554e-05, 2.99331986753e-05, 2.09285681194e-05, 0.000115566581371, 9.20267848414e-05, 3.69535337086e-06, 5.1135771173e-06, 1.23364370666e-05, 1.33366779664e-06, 9.12327720926e-07, 1.36981611831e-07, 3.60247298659e-08, 8.15627565487e-09, 1.82976478413e-08, 4.99809296173e-08, 2.16946787646e-07, 1.54101121552e-06, 4.18917522893e-07, 2.74561600122e-08, 3.732705256e-09]
    },
    "erbbands": {
        "dmean": [0.271099120378, 1.527302742, 1.89344739914, 1.213306427, 1.02076983452, 1.3869560957, 2.18674302101, 5.77748823166, 7.79858493805, 13.5795326233, 18.8276977539, 19.6578617096, 20.6264400482, 17.5328712463, 70.9914398193, 39.8504600525, 13.3926048279, 18.4918880463, 29.3342189789, 16.7246074677, 7.98682975769, 5.16185188293, 3.35395121574, 3.0645532608, 1.91959583759, 1.40098106861, 1.54641962051, 1.81192982197, 1.89308989048, 2.18852114677, 2.5892264843, 3.22872138023, 3.18982386589, 1.68709492683, 0.483177900314, 0.205559149384, 0.0706737935543, 0.023567404598, 0.00365574005991, 0.000109236098069],
        "dmean2": [0.425178647041, 2.57899785042, 3.16774988174, 2.00535798073, 1.78774809837, 2.276263237, 3.29362988472, 8.65397834778, 12.1812124252, 21.4977855682, 29.7888469696, 30.0546455383, 29.5103340149, 24.8800735474, 102.854118347, 55.7544670105, 19.6610603333, 28.1598987579, 42.1895828247, 23.5173892975, 11.4617376328, 7.2809343338, 4.90028047562, 4.67364645004, 3.08667492867, 2.28939723969, 2.44764184952, 2.80380892754, 2.84564900398, 3.23994040489, 3.69971179962, 4.53456497192, 4.66184043884, 2.50052666664, 0.71391326189, 0.312767773867, 0.108089074492, 0.0366192758083, 0.00570072093979, 0.000169064020156],
        "dvar": [0.912855803967, 66.1192703247, 173.400344849, 42.9831924438, 9.90714645386, 26.7050704956, 90.5360565186, 745.213623047, 1718.7902832, 5431.32958984, 8851.47265625, 11284.9785156, 6336.06640625, 5893.45410156, 68436.9609375, 13230.2978516, 3351.01660156, 5569.703125, 11371.8154297, 3396.45043945, 1096.41418457, 390.443969727, 117.251579285, 85.5239639282, 25.4531021118, 8.85538101196, 12.4836931229, 23.9595832825, 34.1969070435, 55.2610931396, 112.886520386, 262.78918457, 359.795074463, 89.1580963135, 3.38437366486, 0.449671030045, 0.040528729558, 0.00347436312586, 0.00012126249203, 8.79838140122e-08],
        "dvar2": [2.15855884552, 175.792037964, 473.156738281, 111.072433472, 27.7045936584, 63.8389396667, 182.528274536, 1510.20996094, 4009.84326172, 13827.9511719, 23525.6953125, 26886.0976562, 11833.2197266, 11206.6416016, 171147.3125, 27112.8027344, 6717.23583984, 12561.8251953, 22665.9960938, 6639.79101562, 2313.58325195, 739.378356934, 232.492584229, 172.612014771, 63.3899040222, 21.6694946289, 30.1895465851, 54.8817558289, 73.3637161255, 112.583747864, 219.369064331, 509.891265869, 754.066223145, 184.744613647, 6.70279598236, 0.916858673096, 0.0893405154347, 0.0084766400978, 0.000295780424494, 2.15330615561e-07],
        "max": [18.7992916107, 149.864044189, 318.950317383, 196.538955688, 54.9757652283, 169.696273804, 274.900787354, 944.677734375, 1146.43786621, 2180.61621094, 2798.69677734, 2982.09277344, 2966.92480469, 3081.72583008, 7227.19628906, 3002.61645508, 2000.5760498, 2299.78491211, 3270.24316406, 1675.8392334, 1221.06201172, 638.610717773, 425.823699951, 302.384979248, 121.865539551, 63.7011604309, 68.1845779419, 126.310195923, 145.320251465, 220.356536865, 289.378295898, 475.229003906, 747.602722168, 325.555999756, 62.1947784424, 23.6174602509, 6.53698205948, 0.724475383759, 0.163224846125, 0.00478637591004],
        "mean": [0.34126073122, 1.60770761967, 2.19133615494, 1.36697721481, 1.11394870281, 2.12376499176, 3.93314766884, 10.9203014374, 11.4247617722, 18.1684799194, 28.5051307678, 31.0886764526, 45.623374939, 33.0202941895, 188.886230469, 123.758590698, 25.5156574249, 30.1242733002, 59.9762840271, 29.565120697, 15.013428688, 11.7421274185, 6.60914230347, 5.72578144073, 3.69117379189, 2.75350594521, 2.91932821274, 3.22940206528, 3.08907389641, 3.48217105865, 4.02336406708, 4.6113038063, 4.18996429443, 2.14607334137, 0.711480200291, 0.309070765972, 0.106351621449, 0.0331313498318, 0.00457348208874, 0.000152589389472],
        "median": [0.0645676106215, 0.211020261049, 0.212143287063, 0.189440578222, 0.278511166573, 0.295120060444, 0.409705758095, 0.885970592499, 1.61842155457, 2.56643104553, 3.7340927124, 4.40468835831, 5.96239566803, 4.81984329224, 8.16337394714, 7.73224449158, 4.14182519913, 5.15859365463, 4.94015407562, 4.2263841629, 2.64650821686, 1.87983250618, 1.8291580677, 1.93958616257, 1.60715031624, 1.36861932278, 1.20036625862, 0.961085438728, 0.762383639812, 0.684703111649, 0.682368755341, 0.549710690975, 0.458451628685, 0.240774825215, 0.0940484926105, 0.0332467705011, 0.0111270006746, 0.00268831523135, 0.000235140643781, 4.12783156207e-05],
        "min": [3.95921393814e-14, 1.60249255272e-13, 3.40724031021e-13, 6.88182258575e-13, 2.04818237023e-12, 4.84435798767e-12, 6.13635487909e-12, 3.69899640432e-12, 2.46128096203e-12, 8.10322121902e-12, 4.98950915306e-11, 1.3006880295e-10, 1.81911097297e-10, 1.90703522418e-10, 1.25076726754e-10, 7.96746002507e-11, 1.52917900564e-10, 6.37978725404e-10, 5.80802961281e-10, 6.64880428491e-10, 1.50472745375e-10, 3.61191826448e-10, 3.27363774977e-10, 1.00784519619e-10, 2.30138907931e-10, 4.00334931872e-10, 8.89630202838e-10, 9.69588187516e-10, 5.36101218973e-10, 6.86789458637e-10, 4.11314010629e-10, 1.76560141507e-10, 4.34845770503e-10, 4.60977755967e-10, 2.66136584992e-10, 8.30623625436e-11, 3.58092999697e-11, 4.15160579526e-11, 1.14807200205e-11, 1.05740546527e-12],
        "var": [1.1445196867, 59.7193450928, 196.307510376, 54.1468238831, 8.61423778534, 91.1932830811, 271, 2038.34130859, 2360.58496094, 5507.00537109, 10570.1044922, 15019.6572266, 27380.2089844, 14274.0791016, 354879.9375, 120657.375, 6869.37744141, 9928.35644531, 34535.90625, 7629.38525391, 2395.87866211, 1935.9017334, 312.517883301, 243.380569458, 44.9562072754, 16.7818222046, 22.2780513763, 41.0660896301, 58.1732139587, 96.7151260376, 210.101928711, 466.873046875, 525.9765625, 128.613723755, 5.63556432724, 0.846095561981, 0.0749213770032, 0.00552656920627, 0.000177572699613, 1.2403725691e-07]
    },
    "gfcc": {
        "mean": [-50.7546424866, 63.5078926086, -118.39932251, 3.56422948837, -53.120349884, 27.3857078552, -24.7226047516, 15.4112625122, -14.3041954041, 7.2634510994, -9.30533313751, 1.90791499615, -7.91169929504],
        "cov": [[8228.49121094, -1930.91760254, 1236.98132324, 334.831329346, 126.731803894, 459.029327393, -83.575378418, 138.948883057, -30.1992607117, 467.44744873, -156.970199585, 330.359771729, -64.9079208374], [-1930.91760254, 2236.82543945, 511.972839355, 565.607666016, 567.110046387, 0.49577781558, 287.821929932, 92.7151260376, 214.448608398, -30.2704391479, 181.979187012, -99.174697876, 204.068969727], [1236.98132324, 511.972839355, 2160.0222168, 1111.13696289, 355.990570068, 238.142379761, 137.275848389, 118.14881134, 125.971374512, 181.256668091, -12.6940603256, 97.6924285889, 139.31489563], [334.831329346, 565.607666016, 1111.13696289, 993.537719727, 333.249664307, 135.790298462, 86.5725784302, 120.396011353, 148.827377319, 103.716209412, 7.02040672302, 42.3916130066, 100.166290283], [126.731803894, 567.110046387, 355.990570068, 333.249664307, 678.408752441, 206.539077759, 269.802429199, 79.2786560059, 136.391357422, 30.7154655457, 31.1902084351, -36.4840545654, 5.4003944397], [459.029327393, 0.49577781558, 238.142379761, 135.790298462, 206.539077759, 380.517547607, 193.199752808, 34.1258659363, 37.4145851135, 63.2914009094, 60.5764160156, -2.34317612648, -10.8526268005], [-83.575378418, 287.821929932, 137.275848389, 86.5725784302, 269.802429199, 193.199752808, 339.070098877, 73.6205673218, 50.8406867981, -5.42229890823, 23.3032264709, -45.2915077209, -11.3438835144], [138.948883057, 92.7151260376, 118.14881134, 120.396011353, 79.2786560059, 34.1258659363, 73.6205673218, 201.334777832, 110.377235413, 42.8213577271, -10.6173715591, 1.29889023304, 24.7406959534], [-30.1992607117, 214.448608398, 125.971374512, 148.827377319, 136.391357422, 37.4145851135, 50.8406867981, 110.377235413, 219.079086304, 69.3178405762, 46.3731498718, -16.6088237762, 21.4393501282], [467.44744873, -30.2704391479, 181.256668091, 103.716209412, 30.7154655457, 63.2914009094, -5.42229890823, 42.8213577271, 69.3178405762, 208.677062988, 55.8049049377, 20.2351512909, -4.46506214142], [-156.970199585, 181.979187012, -12.6940603256, 7.02040672302, 31.1902084351, 60.5764160156, 23.3032264709, -10.6173715591, 46.3731498718, 55.8049049377, 184.152008057, 44.416633606, 25.5629501343], [330.359771729, -99.174697876, 97.6924285889, 42.3916130066, -36.4840545654, -2.34317612648, -45.2915077209, 1.29889023304, -16.6088237762, 20.2351512909, 44.416633606, 156.817779541, 68.2883148193], [-64.9079208374, 204.068969727, 139.31489563, 100.166290283, 5.4003944397, -10.8526268005, -11.3438835144, 24.7406959534, 21.4393501282, -4.46506214142, 25.5629501343, 68.2883148193, 155.269241333]],
        "icov": [[0.000246341514867, 0.000222387476242, -0.000144534991705, 8.96293058759e-05, -0.00021046398615, -0.000149404149852, 0.000108233325591, -0.000120998935017, 8.29967466416e-05, -0.000388641288737, 0.00021870128694, -0.000331787276082, -6.09548033026e-06], [0.000222387476242, 0.00136307033245, -0.000154456269229, -0.000364251696737, -0.000822262722068, 0.000857079809066, -0.000571440206841, -1.00957504401e-05, 7.66305092839e-05, 3.1928622775e-05, -0.00135028630029, 0.00135380355641, -0.00165933906101], [-0.000144534991705, -0.000154456269229, 0.00131021614652, -0.00134245841764, 0.000247510848567, -0.000178766189492, -0.000354857504135, 0.000342310057022, 0.000105556762719, -0.000362771766959, 0.000431512133218, -0.000250339828199, -0.000254491955275], [8.96293058759e-05, -0.000364251696737, -0.00134245841764, 0.00304871425033, -0.000618289748672, -0.000471502455184, 0.000955011229962, -0.000621685292572, -0.000504583702423, -0.000160605399287, 0.000619811122306, -0.000532457081135, 0.000108520151116], [-0.00021046398615, -0.000822262722068, 0.000247510848567, -0.000618289748672, 0.00331097422168, -0.000784718315117, -0.00154557265341, 0.000706028309651, -0.00130589643959, 0.000304841611069, 0.000848560535815, -0.000660399615299, 0.00111390184611], [-0.000149404149852, 0.000857079809066, -0.000178766189492, -0.000471502455184, -0.000784718315117, 0.0052989711985, -0.00280399457552, 0.000348889647285, 0.000453640735941, -0.000448010658147, -0.00238520069979, 0.0013339453144, -0.000856629107147], [0.000108233325591, -0.000571440206841, -0.000354857504135, 0.000955011229962, -0.00154557265341, -0.00280399457552, 0.00666076829657, -0.00227240892127, 0.000811503094155, 0.000905877153855, 9.01267922018e-05, 0.000466626079287, 0.000899012957234], [-0.000120998935017, -1.00957504401e-05, 0.000342310057022, -0.000621685292572, 0.000706028309651, 0.000348889647285, -0.00227240892127, 0.00839853193611, -0.00416146637872, -0.00082651496632, 0.00212961691432, -0.00092405686155, -0.000841176195536], [8.29967466416e-05, 7.66305092839e-05, 0.000105556762719, -0.000504583702423, -0.00130589643959, 0.000453640735941, 0.000811503094155, -0.00416146637872, 0.00864175520837, -0.00154513015877, -0.00233900803141, 0.0020341288764, -0.000782920105848], [-0.000388641288737, 3.1928622775e-05, -0.000362771766959, -0.000160605399287, 0.000304841611069, -0.000448010658147, 0.000905877153855, -0.00082651496632, -0.00154513015877, 0.00752099370584, -0.00262421439402, 0.000629832444247, 0.000965306069702], [0.00021870128694, -0.00135028630029, 0.000431512133218, 0.000619811122306, 0.000848560535815, -0.00238520069979, 9.01267922018e-05, 0.00212961691432, -0.00233900803141, -0.00262421439402, 0.0100992005318, -0.00491506094113, 0.00129657390062], [-0.000331787276082, 0.00135380355641, -0.000250339828199, -0.000532457081135, -0.000660399615299, 0.0013339453144, 0.000466626079287, -0.00092405686155, 0.0020341288764, 0.000629832444247, -0.00491506094113, 0.0123529890552, -0.00593881774694], [-6.09548033026e-06, -0.00165933906101, -0.000254491955275, 0.000108520151116, 0.00111390184611, -0.000856629107147, 0.000899012957234, -0.000841176195536, -0.000782920105848, 0.000965306069702, 0.00129657390062, -0.00593881774694, 0.0114124910906]]
    },
    "melbands": {
        "dmean": [0.0022707504686, 0.00121224648319, 0.000208869270864, 8.45744289109e-05, 7.14808265911e-05, 0.000123362799059, 0.000119859410916, 0.000160833427799, 0.000154592577019, 0.00012495322153, 0.000102365229395, 6.37258708593e-05, 0.000201629998628, 0.000180477247341, 5.80977866775e-05, 2.68766216323e-05, 3.89454180549e-05, 4.97911096318e-05, 3.64520892617e-05, 1.85490116564e-05, 8.36842173157e-06, 6.60567047817e-06, 3.85519570045e-06, 2.96127427646e-06, 2.70808482128e-06, 1.70658904608e-06, 1.17711613257e-06, 9.79168817139e-07, 1.01755836113e-06, 1.00842999018e-06, 1.18753621337e-06, 1.12857071599e-06, 1.129416205e-06, 1.3272074284e-06, 1.48857793647e-06, 1.73740886567e-06, 2.18882428271e-06, 2.47103662332e-06, 1.88093110864e-06, 1.31148442506e-06],
        "dmean2": [0.00365857710131, 0.00205646920949, 0.000342237763107, 0.000143212731928, 0.000107911633677, 0.000186416174984, 0.00018952175742, 0.000254377955571, 0.000245781178819, 0.000189837621292, 0.000146053454955, 9.09866430447e-05, 0.000291701202514, 0.000251562421909, 7.97536267783e-05, 4.18652125518e-05, 5.97053476667e-05, 7.32239350327e-05, 5.01994290971e-05, 2.67739960691e-05, 1.21652665257e-05, 9.27029668674e-06, 5.62307195651e-06, 4.41572001364e-06, 4.1791267904e-06, 2.79430969385e-06, 1.91747267309e-06, 1.61787363595e-06, 1.63415643328e-06, 1.60863464771e-06, 1.85682517895e-06, 1.74734464053e-06, 1.69646125414e-06, 2.0019826934e-06, 2.187595328e-06, 2.47534717346e-06, 3.14324074679e-06, 3.63270532944e-06, 2.82151086139e-06, 1.97672693503e-06],
        "dvar": [8.36965991766e-05, 6.12799776718e-05, 1.08149527023e-06, 7.87860159335e-08, 7.62313518976e-08, 3.05328512695e-07, 4.29726298989e-07, 7.01076373844e-07, 5.83583300795e-07, 4.42063424089e-07, 1.58894749802e-07, 9.69371569681e-08, 5.34473883818e-07, 3.11249891638e-07, 4.7933539804e-08, 2.1161227437e-08, 2.56766092832e-08, 3.30821201544e-08, 2.21923439625e-08, 5.05956743169e-09, 1.25835175613e-09, 7.42541250709e-10, 2.81015766213e-10, 8.91679716175e-11, 7.37398961337e-11, 2.89845716872e-11, 7.07657283466e-12, 4.40059707424e-12, 5.40213403524e-12, 6.15464710446e-12, 1.02280874742e-11, 1.19542604982e-11, 1.3223175159e-11, 2.14654492098e-11, 3.76410534686e-11, 6.20156495601e-11, 1.36607516965e-10, 2.25903212803e-10, 1.2854602105e-10, 5.3418793694e-11],
        "dvar2": [0.000206391676329, 0.00016943711671, 2.76508694697e-06, 2.08904623378e-07, 1.52502877881e-07, 6.24712356512e-07, 1.01701721178e-06, 1.79911342002e-06, 1.5372360167e-06, 1.02279466319e-06, 2.96091769769e-07, 1.80435563379e-07, 1.26074269247e-06, 6.61260628476e-07, 8.63381188765e-08, 4.42935466083e-08, 5.79973260528e-08, 7.00397748687e-08, 4.0352215791e-08, 1.06242792342e-08, 2.6569810796e-09, 1.36139344242e-09, 4.7371445655e-10, 1.78591197386e-10, 1.50553930434e-10, 7.60342969142e-11, 1.76533596769e-11, 1.08611253671e-11, 1.33587021653e-11, 1.52474491366e-11, 2.33734680916e-11, 2.68705266371e-11, 2.82777360555e-11, 4.49499673594e-11, 7.84740883386e-11, 1.23494853232e-10, 2.76093481411e-10, 4.88283635747e-10, 2.75345690692e-10, 1.13561986204e-10],
        "max": [0.149521306157, 0.184620887041, 0.0300766006112, 0.00651450222358, 0.00928562320769, 0.0182729251683, 0.0194339025766, 0.0270905047655, 0.0211361106485, 0.0185841396451, 0.0144020635635, 0.01360631641, 0.0181159302592, 0.0134361712262, 0.00675892131403, 0.00483699794859, 0.00528756994754, 0.00492818420753, 0.00471743149683, 0.00198877207004, 0.00118020863738, 0.00100454408675, 0.000827860552818, 0.000419186137151, 0.000286394148134, 0.000190893668332, 6.51535519864e-05, 5.02430157212e-05, 4.12947047153e-05, 6.83348189341e-05, 8.06088646641e-05, 8.54771351442e-05, 9.18781661312e-05, 0.000124757847516, 0.000152424356202, 0.000280435313471, 0.000331268151058, 0.000607439200394, 0.000434617046267, 0.000257958628936],
        "mean": [0.00272300466895, 0.00149059749674, 0.00023952400079, 0.00010923420632, 0.000136671762448, 0.00023836454784, 0.000170576255186, 0.000214648782276, 0.000230714402278, 0.000199411500944, 0.000224499701289, 0.00010236606613, 0.000507341115735, 0.000492178311106, 0.000141923563206, 3.73706207029e-05, 5.73167744733e-05, 9.43058839766e-05, 6.51093505439e-05, 2.86027207039e-05, 1.50261894305e-05, 1.43345168908e-05, 6.41429187453e-06, 5.73850957153e-06, 4.56782163383e-06, 2.9006330351e-06, 2.07296739063e-06, 1.78050413524e-06, 1.80647998604e-06, 1.75698926341e-06, 1.95192137653e-06, 1.73934472514e-06, 1.708425998e-06, 2.02524233828e-06, 2.24966379392e-06, 2.49447384704e-06, 2.96556822832e-06, 3.10884820465e-06, 2.41981933868e-06, 1.60547654104e-06],
        "median": [0.000485699099954, 0.000180359755177, 3.96619070671e-05, 2.10996004171e-05, 1.36658682095e-05, 2.00324830075e-05, 2.153803689e-05, 2.57530809904e-05, 2.55044542428e-05, 2.38983338932e-05, 2.422812031e-05, 1.09112488644e-05, 1.6962940208e-05, 2.02604969672e-05, 9.45727333601e-06, 3.76281150238e-06, 7.06184800947e-06, 6.37116590951e-06, 4.02644218411e-06, 3.85177827411e-06, 2.21185609917e-06, 1.78400637196e-06, 1.54476151693e-06, 1.39629730711e-06, 1.41068017001e-06, 1.08591939352e-06, 9.33327839903e-07, 8.20348645902e-07, 7.31600721338e-07, 6.01818499035e-07, 5.06713490722e-07, 4.37430401234e-07, 3.28429791807e-07, 3.83164575624e-07, 3.85570842809e-07, 3.49865558746e-07, 2.92612014618e-07, 3.13147609177e-07, 2.7004466574e-07, 1.70991498294e-07],
        "min": [3.4547173137e-16, 1.91806746318e-16, 1.5067829394e-16, 2.48310593694e-16, 2.25131484152e-16, 8.57831955587e-17, 3.66421489899e-17, 1.13848044079e-16, 4.83089571357e-16, 8.6106235396e-16, 9.1417036684e-16, 7.89375096897e-16, 4.50097585122e-16, 2.89145019759e-16, 1.12471112614e-16, 5.50960097959e-16, 1.28752734928e-15, 8.39459890371e-16, 1.21344605947e-15, 4.67251961067e-16, 1.18424576328e-16, 3.25577892054e-16, 5.29306388877e-16, 1.30796088093e-16, 6.89563037264e-17, 9.51330562504e-17, 3.10450333602e-16, 2.19801052876e-16, 5.202864409e-16, 5.94593941446e-16, 5.48144189865e-16, 3.66385742461e-16, 2.24736766799e-16, 3.94288569461e-16, 2.15276917556e-16, 1.68867175047e-16, 8.18277038963e-17, 2.67359464705e-16, 4.81887313967e-16, 3.21655494234e-16],
        "var": [9.28271183511e-05, 6.52274175081e-05, 1.4115431668e-06, 1.37006765044e-07, 2.9510334798e-07, 8.57100189933e-07, 5.47148488295e-07, 7.15419844255e-07, 7.05568027115e-07, 6.72777389354e-07, 6.98509097674e-07, 2.44582253117e-07, 2.60632873506e-06, 1.82416624739e-06, 2.2715099135e-07, 3.64316861123e-08, 4.55099318231e-08, 8.68991278935e-08, 5.85405359743e-08, 1.04671808998e-08, 3.08764858126e-09, 3.88974408239e-09, 6.59200249942e-10, 3.9616293579e-10, 1.84340223641e-10, 3.78322095873e-11, 1.32368881481e-11, 7.69356453545e-12, 8.94742179652e-12, 9.77343119629e-12, 1.6876671935e-11, 1.8751233205e-11, 2.19020999254e-11, 3.58443968951e-11, 6.42424793917e-11, 1.06390542209e-10, 2.24660318127e-10, 3.12055714602e-10, 1.79024489677e-10, 7.34163840832e-11]
    },
    "mfcc": {
        "mean": [-702.351074219, 107.949462891, -4.58820772171, -5.74459457397, -0.0603924579918, 6.05458545685, 5.90480566025, 7.93572616577, 5.71226835251, 8.80110359192, 3.08215475082, 4.64828538895, 4.07986927032],
        "cov": [[7160.90527344, -1659.53076172, 699.389953613, 37.5586509705, 131.30166626, 257.277893066, -13.5381574631, -52.2485847473, 119.128761292, -10.0862140656, 12.7837591171, 75.1628112793, 180.477142334], [-1659.53076172, 1666.38867188, 79.8591308594, 452.071990967, 297.145446777, 140.51272583, 242.573867798, 115.571426392, 172.599746704, 83.8398132324, 81.3965072632, 41.4433059692, -6.0112528801], [699.389953613, 79.8591308594, 1561.39074707, 657.048583984, 391.182342529, 325.181762695, 141.648086548, 24.9280471802, 162.384048462, 27.0835590363, 76.5690994263, 41.0709037781, 12.3151321411], [37.5586509705, 452.071990967, 657.048583984, 769.736938477, 398.420623779, 227.161026001, 129.106887817, 88.4023132324, 194.541717529, 48.7649307251, 89.2632675171, 45.6478271484, -0.744289934635], [131.30166626, 297.145446777, 391.182342529, 398.420623779, 431.639160156, 216.594924927, 113.483467102, 98.0539245605, 137.660919189, 69.7410888672, 77.8475418091, 66.4151611328, 59.8753929138], [257.277893066, 140.51272583, 325.181762695, 227.161026001, 216.594924927, 375.300231934, 216.575073242, 93.0422515869, 82.5278244019, 70.6348419189, 89.6910171509, 43.5246200562, 44.6619873047], [-13.5381574631, 242.573867798, 141.648086548, 129.106887817, 113.483467102, 216.575073242, 285.605865479, 106.390907288, 84.332611084, 62.0374641418, 67.7992248535, 32.4116859436, 14.637635231], [-52.2485847473, 115.571426392, 24.9280471802, 88.4023132324, 98.0539245605, 93.0422515869, 106.390907288, 214.131744385, 98.4443740845, 43.0948982239, 25.3730945587, 19.4679985046, 29.9769325256], [119.128761292, 172.599746704, 162.384048462, 194.541717529, 137.660919189, 82.5278244019, 84.332611084, 98.4443740845, 234.388031006, 81.216468811, 53.7617149353, 26.6554355621, -1.77269458771], [-10.0862140656, 83.8398132324, 27.0835590363, 48.7649307251, 69.7410888672, 70.6348419189, 62.0374641418, 43.0948982239, 81.216468811, 174.849456787, 95.5931549072, 36.7904510498, 19.7970123291], [12.7837591171, 81.3965072632, 76.5690994263, 89.2632675171, 77.8475418091, 89.6910171509, 67.7992248535, 25.3730945587, 53.7617149353, 95.5931549072, 178.415466309, 71.4041824341, 21.1339893341], [75.1628112793, 41.4433059692, 41.0709037781, 45.6478271484, 66.4151611328, 43.5246200562, 32.4116859436, 19.4679985046, 26.6554355621, 36.7904510498, 71.4041824341, 135.677017212, 77.9281845093], [180.477142334, -6.0112528801, 12.3151321411, -0.744289934635, 59.8753929138, 44.6619873047, 14.637635231, 29.9769325256, -1.77269458771, 19.7970123291, 21.1339893341, 77.9281845093, 154.253768921]],
