{
"lowlevel": {
    "average_loudness": 0.933403491974,
    "barkbands_crest": {
        "dmean": 2.89606285095,
        "dmean2": 4.63457632065,
        "dvar": 6.69317007065,
        "dvar2": 15.3304986954,
        "max": 26.0343761444,
        "mean": 9.71169281006,
        "median": 8.77860069275,
        "min": 2.46037173271,
        "var": 18.2115802765
    },
    "barkbands_flatness_db": {
        "dmean": 0.0228699091822,
        "dmean2": 0.0348604470491,
        "dvar": 0.000433159031672,
        "dvar2": 0.000952744914684,
        "max": 0.368304848671,
        "mean": 0.150702208281,
        "median": 0.145436137915,
        "min": 0.0499023459852,
        "var": 0.00174098252319
    },
    "barkbands_kurtosis": {
        "dmean": 3.02774620056,
        "dmean2": 4.73639440536,
        "dvar": 47.6846923828,
        "dvar2": 103.595489502,
        "max": 243.469100952,
        "mean": 3.57601857185,
        "median": 0.850931406021,
        "min": -1.88312375546,
        "var": 95.3731842041
    },
    "barkbands_skewness": {
        "dmean": 0.606682360172,
        "dmean2": 0.923011660576,
        "dvar": 0.414010196924,
        "dvar2": 0.883543908596,
        "max": 14.3583755493,
        "mean": 1.32168996334,
        "median": 1.13066506386,
        "min": -3.82882666588,
        "var": 2.06343436241
    },
    "barkbands_spread": {
        "dmean": 6.22843980789,
        "dmean2": 9.84669494629,
        "dvar": 42.2967643738,
        "dvar2": 98.5360031128,
        "max": 114.90826416,
        "mean": 25.7774105072,
        "median": 24.9571495056,
        "min": 0.967035889626,
        "var": 157.766372681
    },
    "dissonance": {
        "dmean": 0.0165439248085,
        "dmean2": 0.0281826686114,
        "dvar": 0.000301257328829,
        "dvar2": 0.000844640657306,
        "max": 0.500000059605,
        "mean": 0.47361138463,
        "median": 0.47939479351,
        "min": 0.300136178732,
        "var": 0.000507980701514
    },
    "dynamic_complexity": 2.71945428848,
    "erbbands_crest": {
        "dmean": 2.80777096748,
        "dmean2": 4.51477479935,
        "dvar": 7.21212482452,
        "dvar2": 16.7194366455,
        "max": 33.1019821167,
        "mean": 9.09586238861,
        "median": 7.69821071625,
        "min": 1.85298061371,
        "var": 25.5381755829
    },
    "erbbands_flatness_db": {
        "dmean": 0.0166491419077,
        "dmean2": 0.0236360188574,
        "dvar": 0.000241348039708,
        "dvar2": 0.000437489768956,
        "max": 0.351569086313,
        "mean": 0.167092397809,
        "median": 0.154497087002,
        "min": 0.0774008482695,
        "var": 0.0025875561405
    },
    "erbbands_kurtosis": {
        "dmean": 0.879106104374,
        "dmean2": 1.36148989201,
        "dvar": 1.78679227829,
        "dvar2": 3.77282071114,
        "max": 39.8769416809,
        "mean": 0.642213284969,
        "median": -0.229826569557,
        "min": -1.78591263294,
        "var": 6.36950302124
    },
    "erbbands_skewness": {
        "dmean": 0.332795381546,
        "dmean2": 0.513178467751,
        "dvar": 0.0864560008049,
        "dvar2": 0.195561155677,
        "max": 5.13988876343,
        "mean": 0.104584515095,
        "median": 0.0755686759949,
        "min": -2.94948530197,
        "var": 0.487087368965
    },
    "erbbands_spread": {
        "dmean": 8.45164489746,
        "dmean2": 12.6451425552,
        "dvar": 76.0581588745,
        "dvar2": 161.899612427,
        "max": 139.584671021,
        "mean": 41.1850204468,
        "median": 40.1499938965,
        "min": 2.48748970032,
        "var": 502.652740479
    },
    "hfc": {
        "dmean": 7.36892938614,
        "dmean2": 10.6870794296,
        "dvar": 69.9046707153,
        "dvar2": 145.554275513,
        "max": 130.778594971,
        "mean": 24.8463230133,
        "median": 20.3989944458,
        "min": 1.09194372275e-16,
        "var": 333.709411621
    },
    "melbands_crest": {
        "dmean": 3.92592144012,
        "dmean2": 6.45832920074,
        "dvar": 11.5293598175,
        "dvar2": 27.98462677,
        "max": 38.3049964905,
        "mean": 14.4383735657,
        "median": 13.6479034424,
        "min": 1.75322914124,
        "var": 34.3250465393
    },
    "melbands_flatness_db": {
        "dmean": 0.0281590372324,
        "dmean2": 0.0427172146738,
        "dvar": 0.00070192781277,
        "dvar2": 0.00152173347306,
        "max": 0.453182309866,
        "mean": 0.174850583076,
        "median": 0.168995022774,
        "min": 0.00330293993466,
        "var": 0.00359829189256
    },
    "melbands_kurtosis": {
        "dmean": 9.31667137146,
        "dmean2": 14.3644800186,
        "dvar": 381.280273438,
        "dvar2": 815.081237793,
        "max": 565.694335938,
        "mean": 15.3468332291,
        "median": 6.04521465302,
        "min": -1.80104792118,
        "var": 840.039489746
    },
    "melbands_skewness": {
        "dmean": 0.899281799793,
        "dmean2": 1.36422169209,
        "dvar": 1.02318298817,
        "dvar2": 2.14528393745,
        "max": 19.4009361267,
        "mean": 2.67306852341,
        "median": 2.2253575325,
        "min": -2.50628209114,
        "var": 4.73358726501
    },
    "melbands_spread": {
        "dmean": 8.35715293884,
        "dmean2": 13.1585493088,
        "dvar": 94.7572479248,
        "dvar2": 214.169250488,
        "max": 240.844299316,
        "mean": 29.1311092377,
        "median": 25.2873744965,
        "min": 0.585511088371,
        "var": 467.987792969
    },
    "pitch_salience": {
        "dmean": 0.0790684297681,
        "dmean2": 0.125079423189,
        "dvar": 0.00514189014211,
        "dvar2": 0.0122837340459,
        "max": 0.916276991367,
        "mean": 0.543559134007,
        "median": 0.544381439686,
        "min": 0.0487391352654,
        "var": 0.0170119032264
    },
    "silence_rate_20dB": {
        "dmean": 0,
        "dmean2": 0,
        "dvar": 0,
        "dvar2": 0,
        "max": 1,
        "mean": 1,
        "median": 1,
        "min": 1,
        "var": 0
    },
    "silence_rate_30dB": {
        "dmean": 0.00325392209925,
        "dmean2": 0.00650860043243,
        "dvar": 0.00324397278018,
        "dvar2": 0.00925785023719,
        "max": 1,
        "mean": 0.9976760149,
        "median": 1,
        "min": 0,
        "var": 0.00231880159117
    },
    "silence_rate_60dB": {
        "dmean": 0.0171993020922,
        "dmean2": 0.0344026051462,
        "dvar": 0.0169049911201,
        "dvar2": 0.0397326648235,
        "max": 1,
        "mean": 0.0556588433683,
        "median": 0,
        "min": 0,
        "var": 0.0525715500116
    },
    "spectral_centroid": {
        "dmean": 258.823669434,
        "dmean2": 401.603149414,
        "dvar": 74969.4375,
        "dvar2": 168237.46875,
        "max": 11598.0517578,
        "mean": 1633.02783203,
        "median": 1615.47509766,
        "min": 229.568161011,
        "var": 535809.5
    },
    "spectral_complexity": {
        "dmean": 4.39976739883,
        "dmean2": 6.75871706009,
        "dvar": 18.8848552704,
        "dvar2": 41.1512145996,
        "max": 53,
        "mean": 19.6817340851,
        "median": 19,
        "min": 0,
        "var": 72.9204711914
    },
    "spectral_decrease": {
        "dmean": 2.90696133831e-09,
        "dmean2": 4.47843495621e-09,
        "dvar": 1.21863746815e-17,
        "dvar2": 2.78513962178e-17,
        "max": 1.49489009132e-28,
        "mean": -7.7558341971e-09,
        "median": -6.84102019477e-09,
        "min": -4.09611722318e-08,
        "var": 3.28856836002e-17
    },
    "spectral_energy": {
        "dmean": 0.0114258304238,
        "dmean2": 0.0175263416022,
        "dvar": 0.000181365147,
        "dvar2": 0.000411524728406,
        "max": 0.158738479018,
        "mean": 0.0315259844065,
        "median": 0.0280581638217,
        "min": 9.97719728585e-21,
        "var": 0.000509555800818
    },
    "spectral_energyband_high": {
        "dmean": 0.000394147355109,
        "dmean2": 0.000569480995182,
        "dvar": 2.98608426874e-07,
        "dvar2": 6.35786364001e-07,
        "max": 0.0104293078184,
        "mean": 0.000999229494482,
        "median": 0.000705386861227,
        "min": 7.17786784336e-21,
        "var": 9.99463054541e-07
    },
    "spectral_energyband_low": {
        "dmean": 0.00850355159491,
        "dmean2": 0.0135040618479,
        "dvar": 0.000151942222146,
        "dvar2": 0.000354561983841,
        "max": 0.135626062751,
        "mean": 0.0152360163629,
        "median": 0.00945417862386,
        "min": 1.88254523728e-23,
        "var": 0.000319440208841
    },
    "spectral_energyband_middle_high": {
        "dmean": 0.00317942770198,
        "dmean2": 0.00469935964793,
        "dvar": 2.16488570004e-05,
        "dvar2": 4.31663138443e-05,
        "max": 0.0888832136989,
        "mean": 0.00877606030554,
        "median": 0.00431186519563,
        "min": 1.29064268001e-21,
        "var": 0.000107503503386
    },
    "spectral_energyband_middle_low": {
        "dmean": 0.00433855550364,
        "dmean2": 0.00693223718554,
        "dvar": 4.04123711633e-05,
        "dvar2": 0.00010367554205,
        "max": 0.0832983925939,
        "mean": 0.0089555894956,
        "median": 0.00652707926929,
        "min": 1.80843825545e-22,
        "var": 7.3022703873e-05
    },
    "spectral_entropy": {
        "dmean": 0.137065008283,
        "dmean2": 0.198427036405,
        "dvar": 0.0165496114641,
        "dvar2": 0.0330224186182,
        "max": 9.81922626495,
        "mean": 7.76154899597,
        "median": 7.81977748871,
        "min": 6.27242517471,
        "var": 0.127503871918
    },
    "spectral_flux": {
        "dmean": 0.0303310323507,
        "dmean2": 0.048320658505,
        "dvar": 0.000925483589526,
        "dvar2": 0.00221247132868,
        "max": 0.328178822994,
        "mean": 0.103401735425,
        "median": 0.0939307361841,
        "min": 6.4473530681e-11,
        "var": 0.00262114452198
    },
    "spectral_kurtosis": {
        "dmean": 1.07625710964,
        "dmean2": 1.78654360771,
        "dvar": 1.35425329208,
        "dvar2": 3.86128902435,
        "max": 17.0206432343,
        "mean": 2.77990603447,
        "median": 2.36301493645,
        "min": -1.24046516418,
        "var": 4.2222533226
    },
    "spectral_rms": {
        "dmean": 0.000967834785115,
        "dmean2": 0.00145100452937,
        "dvar": 9.69356847236e-07,
        "dvar2": 2.02197270482e-06,
        "max": 0.0124445492402,
        "mean": 0.00514518236741,
        "median": 0.0052319993265,
        "min": 3.11991209777e-12,
        "var": 4.284167062e-06
    },
    "spectral_rolloff": {
        "dmean": 510.021606445,
        "dmean2": 848.265625,
        "dvar": 674242.375,
        "dvar2": 1521751.5,
        "max": 19121.484375,
        "mean": 1704.18774414,
        "median": 1571.92382812,
        "min": 21.533203125,
        "var": 2747910.75
    },
    "spectral_skewness": {
        "dmean": 0.165351048112,
        "dmean2": 0.266033947468,
        "dvar": 0.0210030507296,
        "dvar2": 0.0533116608858,
        "max": 2.88213706017,
        "mean": 1.2566986084,
        "median": 1.22935509682,
        "min": -0.0606254152954,
        "var": 0.119037643075
    },
    "spectral_spread": {
        "dmean": 483602.53125,
        "dmean2": 673007.5625,
        "dvar": 438591356928,
        "dvar2": 831927484416,
        "max": 41609812,
        "mean": 4791215,
        "median": 4585983,
        "min": 1774480.25,
        "var": 4.72258183168e+12
    },
    "spectral_strongpeak": {
        "dmean": 0.779047250748,
        "dmean2": 1.3199095726,
        "dvar": 2.06411838531,
        "dvar2": 5.20879507065,
        "max": 17.8196105957,
        "mean": 1.26649057865,
        "median": 0.486769497395,
        "min": 0,
        "var": 4.05482292175
    },
    "zerocrossingrate": {
        "dmean": 0.0100827664137,
        "dmean2": 0.0120731005445,
        "dvar": 0.000147929604282,
        "dvar2": 0.000182507894351,
        "max": 0.72021484375,
        "mean": 0.0700362995267,
        "median": 0.0654296875,
        "min": 0,
        "var": 0.0018865428865
    },
    "barkbands": {
        "dmean": [0.000321348081343, 0.0056993435137, 0.00386269413866, 0.00234667700715, 0.00113574741408, 0.000791260332335, 0.000807802425697, 0.000423744437285, 0.000473823980428, 0.000959705444984, 0.000858337443788, 0.000712301232852, 0.000407444080338, 0.0004590000608, 0.000762210867833, 0.000556518964004, 0.000323548447341, 0.000217181644985, 0.000206245298614, 0.00013854689314, 8.73356839293e-05, 0.000114114489406, 9.2155431048e-05, 6.82187164784e-05, 6.15867684246e-05, 1.6619055998e-07, 1.31668120851e-09],
        "dmean2": [0.000541283283383, 0.00855409447104, 0.00642566056922, 0.00391719536856, 0.00190590776037, 0.0012478827266, 0.00129642745014, 0.000690454093274, 0.000751857936848, 0.00148830527905, 0.00131814798806, 0.00113016203977, 0.000645532330964, 0.000711375032552, 0.00123179110233, 0.000911171548069, 0.000497958331835, 0.000346120883478, 0.000321839004755, 0.000218698260142, 0.00013795720588, 0.000177612790139, 0.00013691346976, 0.000100036471849, 9.1207184596e-05, 2.91763058158e-07, 2.42549202945e-09],
        "dvar": [3.58342333584e-07, 0.000101286750578, 4.86592471134e-05, 2.07209977816e-05, 3.64658558283e-06, 3.13984401146e-06, 2.578636213e-06, 8.42794349865e-07, 1.06778827558e-06, 5.44177146367e-06, 7.96514086687e-06, 3.50760274159e-06, 2.18423338083e-06, 1.42285739457e-06, 4.3723748604e-06, 2.61239483734e-06, 7.65013624004e-07, 1.36283745178e-07, 1.40269889926e-07, 4.72277257302e-08, 2.03431316237e-08, 4.66637253282e-08, 2.06243218059e-08, 1.28902355456e-08, 2.23785328046e-08, 3.76350589148e-13, 4.65799961307e-18],
        "dvar2": [9.78771481641e-07, 0.000202792594791, 0.000127111023176, 5.53120371478e-05, 9.58513919613e-06, 7.24764186089e-06, 6.24711174169e-06, 2.07505308936e-06, 2.52448535321e-06, 1.14195599963e-05, 1.6628042431e-05, 8.44811165734e-06, 4.81025290355e-06, 3.0437577152e-06, 1.06110364868e-05, 6.29419764664e-06, 1.50417304212e-06, 3.38541440215e-07, 3.41822612882e-07, 1.09916264535e-07, 4.91511542577e-08, 1.13594808226e-07, 4.5431587381e-08, 2.88226011946e-08, 4.86887543616e-08, 1.01997533683e-12, 1.3649193964e-17],
        "max": [0.00717389816418, 0.116090625525, 0.0889855548739, 0.0559012331069, 0.0369809009135, 0.0443990044296, 0.0298397764564, 0.0211258903146, 0.0319703742862, 0.0498183965683, 0.0733305886388, 0.0421766750515, 0.0598253980279, 0.0321000516415, 0.0571944005787, 0.0383837670088, 0.0226129908115, 0.00795405730605, 0.0107692219317, 0.00699040899053, 0.00337554048747, 0.00557997543365, 0.00345490663312, 0.00349623220973, 0.00461867824197, 3.02284843201e-05, 8.20373955435e-08],
        "mean": [0.000337652192684, 0.00806943327188, 0.0046268790029, 0.00304574938491, 0.00162442831788, 0.00132017640863, 0.00122640514746, 0.000580038118642, 0.000741628929973, 0.00140540138818, 0.00117009528913, 0.00140389392618, 0.00052498158766, 0.000730374187697, 0.00141696061473, 0.0008147014305, 0.00054973497754, 0.00038948317524, 0.000407840736443, 0.000294821744319, 0.000182898191269, 0.000234293023823, 0.000184906297363, 0.000137030598125, 0.000106013379991, 1.37323169724e-07, 1.26304577908e-09],
        "median": [0.000107840096462, 0.00366519135423, 0.00204690266401, 0.00120628206059, 0.000809936609585, 0.000438488757936, 0.000418815645389, 0.00026410544524, 0.000287495669909, 0.000469683785923, 0.000242406254984, 0.000237719912548, 0.000158280061441, 0.000210886297282, 0.000287941016722, 0.00017989333719, 0.000185837387107, 0.000214545463677, 0.000213884341065, 0.000186304852832, 0.000118058902444, 0.000126727478346, 0.000114297494292, 7.94197549112e-05, 4.74761654914e-05, 1.59357522733e-08, 6.1107574556e-10],
        "min": [4.16848055296e-25, 3.52531288921e-24, 2.68388623757e-24, 3.39615348206e-24, 1.2030472748e-23, 1.39453773751e-23, 7.77793028949e-24, 1.9691160952e-23, 2.00141269175e-23, 4.82811304542e-23, 3.11963564667e-23, 3.37247377095e-23, 1.8891625181e-23, 4.58435912779e-23, 5.20700830245e-23, 6.15931740071e-23, 1.04848134002e-22, 1.19809581578e-22, 1.50257542548e-22, 1.94715092594e-22, 3.03155307883e-22, 3.35991005663e-22, 4.99342389682e-22, 5.44679702653e-22, 9.41460582108e-22, 1.42381532551e-21, 1.97709595968e-21],
        "var": [3.8078925968e-07, 0.000167906982824, 5.38277454325e-05, 2.44248676609e-05, 5.87222484683e-06, 8.69193991093e-06, 4.95819358548e-06, 1.20144204629e-06, 2.48312267104e-06, 9.8269974842e-06, 1.33202711368e-05, 1.45002422869e-05, 3.52313281837e-06, 3.48967955688e-06, 1.4392932826e-05, 5.39628263141e-06, 1.91457570509e-06, 2.61582187022e-07, 3.40364067597e-07, 1.29575369101e-07, 4.98697261264e-08, 1.16895947144e-07, 4.61274254349e-08, 3.65346259912e-08, 5.44804237279e-08, 3.11192803297e-13, 3.89645660931e-18]
    },
    "erbbands": {
        "dmean": [0.186864346266, 1.28544771671, 3.68255090714, 7.25708198547, 4.15865421295, 3.96466994286, 6.34512615204, 5.90387678146, 9.67843341827, 11.1029081345, 9.46482944489, 10.6699361801, 21.0351543427, 37.3609771729, 22.980178833, 29.4118080139, 18.6086425781, 20.381734848, 35.153175354, 32.6018371582, 28.5675144196, 13.9248847961, 11.7083721161, 12.0157394409, 7.09475278854, 7.20521116257, 4.12536478043, 3.29002213478, 4.63769626617, 2.99120020866, 2.5396399498, 1.79008293152, 1.02562987804, 0.813484787941, 0.400509893894, 0.0284507442266, 0.000700989039615, 4.56282577943e-05, 1.01449577414e-05, 1.36039097924e-05],
        "dmean2": [0.281956583261, 1.93801140785, 5.95012187958, 12.0892076492, 7.14188957214, 6.57403421402, 10.2513389587, 9.3632068634, 15.5948066711, 17.8721847534, 15.5406227112, 17.0703525543, 32.6038627625, 56.3213005066, 34.8560295105, 46.610294342, 28.3391799927, 31.9979515076, 55.0955238342, 49.9305038452, 44.9837112427, 20.9148540497, 18.4850654602, 18.8633823395, 11.1826982498, 11.391210556, 6.55827856064, 5.17486572266, 7.31168270111, 4.49282073975, 3.78860664368, 2.66270422935, 1.50021696091, 1.1957398653, 0.61175596714, 0.0444555841386, 0.00107439374551, 6.78550350131e-05, 1.47632108565e-05, 2.05532669497e-05],
        "dvar": [0.152137249708, 4.79281949997, 37.9643707275, 196.969451904, 57.4851303101, 55.3030586243, 217.187194824, 183.230361938, 354.282928467, 597.315124512, 419.493927002, 548.146179199, 2263.45703125, 10569.9414062, 5375.17431641, 6315.45458984, 3191.75708008, 2638.25, 8503.25683594, 7143.02783203, 7680.13818359, 1043.42150879, 431.033996582, 548.777282715, 111.371307373, 164.971969604, 40.990650177, 33.0155944824, 100.873939514, 26.3378925323, 14.7997112274, 8.4875421524, 3.1549372673, 3.98121237755, 1.11234343052, 0.00617244932801, 3.41270538229e-06, 1.19417302713e-08, 2.2096957597e-10, 2.33719127385e-10],
        "dvar2": [0.327775388956, 10.3336057663, 94.4966659546, 517.451538086, 162.864974976, 134.988388062, 510.317169189, 412.960144043, 853.141784668, 1446.18811035, 1043.66784668, 1309.34313965, 4976.77685547, 20775.4296875, 11496.1542969, 15256.2578125, 6407.12841797, 6058.18994141, 20038.1816406, 15845.3144531, 18447.2988281, 2020.48376465, 1036.1854248, 1316.07788086, 274.164337158, 382.649017334, 99.0731964111, 79.4655838013, 249.948394775, 61.7360305786, 32.191608429, 19.6404151917, 6.64579105377, 8.97668552399, 2.55550909042, 0.0149243073538, 8.0529753177e-06, 2.72871041318e-08, 4.74282613183e-10, 5.15836651171e-10],
        "max": [4.61283493042, 26.9416828156, 105.041381836, 155.319793701, 111.640426636, 147.964889526, 493.542327881, 441.026397705, 399.661346436, 416.45602417, 644.234680176, 631.237182617, 1042.84436035, 2766.68652344, 2054.53295898, 1865.97216797, 2270.35058594, 1348.54248047, 2147.20776367, 1749.89526367, 2505.73217773, 1160.43847656, 436.100097656, 650.973205566, 292.889801025, 343.270111084, 162.81590271, 147.445053101, 277.302154541, 141.430511475, 80.5528793335, 63.6199302673, 59.921497345, 63.5285148621, 33.4570770264, 2.33654880524, 0.050737272948, 0.00313179870136, 0.000385328603443, 0.000180308081326],
        "mean": [0.232009798288, 1.8088978529, 4.94305944443, 9.62057113647, 5.57617855072, 5.43331766129, 10.2271585464, 9.18797588348, 15.4784383774, 15.7969589233, 14.0640201569, 17.4410247803, 33.9018936157, 57.9209671021, 35.7706871033, 60.242855072, 29.3711929321, 33.6519393921, 63.197101593, 53.8088874817, 50.6815414429, 27.9803009033, 22.0539722443, 23.9164085388, 15.944275856, 14.6362943649, 8.95457553864, 6.9372844696, 9.03423881531, 6.31490421295, 5.04472494125, 3.4785592556, 2.00321054459, 1.41805565357, 0.625115156174, 0.040328796953, 0.00107931159437, 8.07029937278e-05, 2.8277934689e-05, 4.01024226448e-05],
        "median": [0.0690528154373, 0.853066325188, 2.44936323166, 4.25714492798, 3.00074863434, 2.37454605103, 3.13512301445, 3.26927280426, 6.28711128235, 5.95278358459, 7.25267028809, 7.56054973602, 13.3151321411, 15.8134155273, 11.5249710083, 11.3166818619, 9.38085174561, 12.9924430847, 16.6950073242, 15.3741378784, 12.5669574738, 10.5793476105, 11.7700452805, 12.1848535538, 10.0852432251, 8.80840873718, 6.09407424927, 4.41513633728, 4.53035259247, 3.85753440857, 3.17630052567, 2.04471921921, 1.11844873428, 0.64675706625, 0.263381242752, 0.0162477008998, 0.000475619162899, 4.15768881794e-05, 2.47295720328e-05, 3.70107736671e-05],
        "min": [1.82145673231e-22, 7.1747654112e-22, 3.70451464083e-21, 1.57529455233e-20, 2.63221424026e-20, 3.86592617423e-20, 5.55002777353e-20, 1.36346493888e-19, 1.49857687863e-19, 4.22517342845e-19, 4.04442412485e-19, 4.68488422375e-19, 1.04148677245e-18, 1.37477117953e-18, 1.73547269482e-18, 1.42980640082e-18, 1.08238144456e-18, 2.33202914874e-18, 3.18891030157e-18, 3.04981078258e-18, 4.11393231852e-18, 6.63607507577e-18, 6.09045268166e-18, 7.05143844369e-18, 6.96836138605e-18, 1.01967803152e-17, 1.10713203266e-17, 9.8608349715e-18, 1.15250983757e-17, 1.14068694508e-17, 1.38307253669e-17, 1.21733705751e-17, 9.33896920458e-18, 9.21979894809e-18, 7.14242996543e-18, 4.63966308685e-18, 2.73377236748e-18, 1.08641622479e-18, 2.49151246597e-19, 2.9235331964e-20],
        "var": [0.212442591786, 7.5748963356, 53.401348114, 222.365783691, 62.5286560059, 91.8837509155, 659.418884277, 410.904510498, 761.239074707, 858.397827148, 640.065551758, 1232.3828125, 4460.34423828, 22824.1992188, 9925.38769531, 27152.1425781, 7523.32568359, 5348.05078125, 24833.4648438, 14573.4521484, 18159.8320312, 3315.71972656, 892.670715332, 1357.7598877, 335.848602295, 403.014953613, 107.203849792, 72.7090377808, 228.295608521, 60.6484184265, 32.3700027466, 19.5867862701, 9.87496376038, 8.97555732727, 2.35040378571, 0.0106514571235, 6.54794894217e-06, 2.64064787814e-08, 6.20819062824e-10, 7.1215372488e-10]
    },
    "gfcc": {
        "mean": [2.49487733841, 94.5788421631, -141.924850464, 53.6269226074, -69.4125595093, 33.6646766663, -39.5906639099, 12.0353336334, -17.4309825897, -7.42913866043, -6.57158136368, -13.4352254868, 1.18887197971],
        "cov": [[6546.17089844, 491.314239502, 236.410446167, 782.738708496, 53.320526123, 289.300384521, -170.056091309, 198.408432007, -64.4324645996, 82.3717498779, 0.173291549087, 16.0740966797, -52.6604118347], [491.314239502, 719.764709473, 169.732345581, 161.577682495, 259.956115723, 5.90574645996, 103.210891724, -9.39708995819, 62.4063110352, -66.547706604, 121.436752319, -30.6801052094, 38.6174087524], [236.410446167, 169.732345581, 1160.78112793, 513.184387207, 195.9556427, 225.5390625, 43.4918289185, 111.066612244, 15.5753650665, 103.760917664, -5.14407920837, 92.6053695679, -22.2251873016], [782.738708496, 161.577682495, 513.184387207, 508.050079346, 186.140914917, 77.3300247192, 16.6172943115, 76.9295730591, 66.650352478, 66.4759368896, 6.18766593933, 44.9168395996, 6.58130025864], [53.320526123, 259.956115723, 195.9556427, 186.140914917, 405.948303223, 116.993186951, 90.2531204224, 51.1146430969, 47.7519798279, 15.9884262085, 99.1053237915, -8.99171733856, 20.2110137939], [289.300384521, 5.90574645996, 225.5390625, 77.3300247192, 116.993186951, 276.169677734, 109.342704773, 16.1490802765, -30.8315620422, 48.7985305786, 28.7421531677, 1.87412369251, -26.5025520325], [-170.056091309, 103.210891724, 43.4918289185, 16.6172943115, 90.2531204224, 109.342704773, 188.486206055, 19.2714920044, 10.9755878448, -1.35603797436, 51.7482719421, -6.4807972908, 4.14208745956], [198.408432007, -9.39708995819, 111.066612244, 76.9295730591, 51.1146430969, 16.1490802765, 19.2714920044, 132.643844604, 43.6153831482, 16.502325058, 2.82488441467, 29.7380332947, 18.6182384491], [-64.4324645996, 62.4063110352, 15.5753650665, 66.650352478, 47.7519798279, -30.8315620422, 10.9755878448, 43.6153831482, 120.248214722, 25.3178691864, 13.5183286667, 8.6509513855, 28.3131942749], [82.3717498779, -66.547706604, 103.760917664, 66.4759368896, 15.9884262085, 48.7985305786, -1.35603797436, 16.502325058, 25.3178691864, 106.374168396, 9.81366348267, 12.9358491898, -4.74107217789], [0.173291549087, 121.436752319, -5.14407920837, 6.18766593933, 99.1053237915, 28.7421531677, 51.7482719421, 2.82488441467, 13.5183286667, 9.81366348267, 126.364135742, 20.687084198, 15.4820289612], [16.0740966797, -30.6801052094, 92.6053695679, 44.9168395996, -8.99171733856, 1.87412369251, -6.4807972908, 29.7380332947, 8.6509513855, 12.9358491898, 20.687084198, 80.9723892212, 26.5838718414], [-52.6604118347, 38.6174087524, -22.2251873016, 6.58130025864, 20.2110137939, -26.5025520325, 4.14208745956, 18.6182384491, 28.3131942749, -4.74107217789, 15.4820289612, 26.5838718414, 66.9701004028]],
        "icov": [[0.000556839630008, -0.00103096861858, 0.0010261090938, -0.00158605293836, 0.00101261795498, -0.00161899835803, 0.00151086354163, -0.00163729931228, 0.00122561131138, -0.000477272988064, -2.81338052446e-05, -0.000116297196655, 0.000444912206149], [-0.00103096861858, 0.00498595880345, -0.00269001489505, 0.00236093206331, -0.00260827015154, 0.00376086425968, -0.00353659689426, 0.0042689088732, -0.00346236489713, 0.00363801955245, -0.00256516085938, 0.0028371901717, -0.00231496430933], [0.0010261090938, -0.00269001489505, 0.00413734698668, -0.00445269653574, 0.00186391791794, -0.00415175966918, 0.00306296837516, -0.00379608920775, 0.00312556582503, -0.00193101703189, 0.00126364640892, -0.00258113211021, 0.00210337038152], [-0.00158605293836, 0.00236093206331, -0.00445269653574, 0.00911456998438, -0.00429394748062, 0.00511222938076, -0.00405352190137, 0.00444023776799, -0.00473517552018, -1.55253073899e-05, 0.00161989266053, -0.00100612873212, -0.000620998209342], [0.00101261795498, -0.00260827015154, 0.00186391791794, -0.00429394748062, 0.00702110398561, -0.0047852974385, 0.00306216045283, -0.00430628610775, 0.00167494092602, -0.000155395158799, -0.00330854207277, 0.00269505311735, -0.000688082829583], [-0.00161899835803, 0.00376086425968, -0.00415175966918, 0.00511222938076, -0.0047852974385, 0.0123542370275, -0.00845210347325, 0.00511414417997, -0.000987587729469, -0.0012311085593, 0.000366017280612, 0.000434472807683, 0.000185532888281], [0.00151086354163, -0.00353659689426, 0.00306296837516, -0.00405352190137, 0.00306216045283, -0.00845210347325, 0.0128159131855, -0.00566012132913, 0.00201875856146, 0.000265850132564, -0.00232883612625, 0.000920982565731, 0.000492298800964], [-0.00163729931228, 0.0042689088732, -0.00379608920775, 0.00444023776799, -0.00430628610775, 0.00511414417997, -0.00566012132913, 0.0155422789976, -0.00707991048694, 0.00243009161204, 0.000899300619494, -0.00203413842246, -0.00232776789926], [0.00122561131138, -0.00346236489713, 0.00312556582503, -0.00473517552018, 0.00167494092602, -0.000987587729469, 0.00201875856146, -0.00707991048694, 0.0160717628896, -0.00589653197676, 0.000895795528777, 0.000141711469041, -0.00206552492455], [-0.000477272988064, 0.00363801955245, -0.00193101703189, -1.55253073899e-05, -0.000155395158799, -0.0012311085593, 0.000265850132564, 0.00243009161204, -0.00589653197676, 0.0156523119658, -0.0042150602676, 0.00221691350453, -0.00054934079526], [-2.81338052446e-05, -0.00256516085938, 0.00126364640892, 0.00161989266053, -0.00330854207277, 0.000366017280612, -0.00232883612625, 0.000899300619494, 0.000895795528777, -0.0042150602676, 0.0151311345398, -0.00807697419077, 0.0017856353661], [-0.000116297196655, 0.0028371901717, -0.00258113211021, -0.00100612873212, 0.00269505311735, 0.000434472807683, 0.000920982565731, -0.00203413842246, 0.000141711469041, 0.00221691350453, -0.00807697419077, 0.0229704789817, -0.00977196637541], [0.000444912206149, -0.00231496430933, 0.00210337038152, -0.000620998209342, -0.000688082829583, 0.000185532888281, 0.000492298800964, -0.00232776789926, -0.00206552492455, -0.00054934079526, 0.0017856353661, -0.00977196637541, 0.0225741676986]]
    },
    "melbands": {
        "dmean": [0.00159943371546, 0.00165703159291, 0.00109542277642, 0.000265578681137, 0.000203247516765, 0.000138115181471, 0.000157282323926, 0.000112769877887, 7.70580372773e-05, 7.06840946805e-05, 0.000109786786197, 0.000153463610332, 9.31536851567e-05, 7.80716000008e-05, 7.30640604161e-05, 3.5283715988e-05, 4.24734207627e-05, 5.92222386331e-05, 6.45197360427e-05, 3.39927646564e-05, 3.84247978218e-05, 1.86733577721e-05, 1.22190158436e-05, 9.58400141826e-06, 1.1192414604e-05, 6.49086359772e-06, 5.07012646267e-06, 5.28568625668e-06, 2.82867154056e-06, 2.45865930992e-06, 2.01767261387e-06, 3.14855969918e-06, 1.9951255581e-06, 1.7038266833e-06, 1.66494817222e-06, 1.46125580613e-06, 1.00142187875e-06, 7.41321116493e-07, 7.58853389016e-07, 7.01500823652e-07],
        "dmean2": [0.0023986750748, 0.00259197456762, 0.00182091351599, 0.000450474472018, 0.000329767761286, 0.000217638851609, 0.000252559286309, 0.0001811303664, 0.000126518119941, 0.000112336580059, 0.00017054163618, 0.000231518686633, 0.000142523524119, 0.000117264753499, 0.000108930973511, 5.53072932234e-05, 6.66998384986e-05, 9.03613617993e-05, 9.90529442788e-05, 5.46628361917e-05, 6.0133257648e-05, 2.79735413642e-05, 1.9628998416e-05, 1.51617668962e-05, 1.77174260898e-05, 1.03202200989e-05, 8.10745405033e-06, 8.42315694172e-06, 4.57343503513e-06, 3.93431264456e-06, 3.2455834571e-06, 5.04167473991e-06, 3.13140913022e-06, 2.5988674679e-06, 2.55068198385e-06, 2.23687538892e-06, 1.51680490035e-06, 1.12217605874e-06, 1.13292708193e-06, 1.05533661099e-06],
        "dvar": [9.30725309445e-06, 6.38344863546e-06, 4.31666421719e-06, 2.23920039844e-07, 1.83134787335e-07, 9.45519147422e-08, 9.32167552037e-08, 5.87952584397e-08, 2.88467294496e-08, 2.60296921795e-08, 6.55000533811e-08, 1.69484152934e-07, 1.03289941933e-07, 4.40457981199e-08, 6.15335551402e-08, 1.33905713184e-08, 1.28053949666e-08, 2.42073241452e-08, 3.71464778937e-08, 9.6611438849e-09, 1.51575072493e-08, 2.42572339992e-09, 6.30201890672e-10, 2.80020229226e-10, 5.3260712507e-10, 1.22629600918e-10, 6.04904598633e-11, 9.94654567044e-11, 1.89796633271e-11, 1.72129602238e-11, 1.492397525e-11, 5.97112706502e-11, 1.22078840092e-11, 9.18388889243e-12, 6.53805785553e-12, 6.51197021653e-12, 2.78331155866e-12, 1.61593243127e-12, 3.30590698046e-12, 2.88126076817e-12],
        "dvar2": [1.8720749722e-05, 1.48603685375e-05, 1.13201913337e-05, 6.04503725299e-07, 4.39332694668e-07, 2.15825721739e-07, 2.26447241403e-07, 1.42493135513e-07, 7.10293690531e-08, 6.25333314019e-08, 1.42243209211e-07, 3.32784338752e-07, 2.18667395302e-07, 8.96353427038e-08, 1.22620036791e-07, 2.80010308273e-08, 2.92014377123e-08, 5.18019476203e-08, 8.12615255086e-08, 2.28682974779e-08, 3.64552974474e-08, 4.5008454741e-09, 1.54620183324e-09, 6.62048693645e-10, 1.28727606352e-09, 2.89998192127e-10, 1.48262652155e-10, 2.32100352826e-10, 4.65260815985e-11, 4.17968784583e-11, 3.75182593326e-11, 1.49575032915e-10, 2.97179919562e-11, 2.1707359868e-11, 1.47805500478e-11, 1.53382428286e-11, 6.6864747246e-12, 3.63485760588e-12, 7.17847612949e-12, 6.85010988904e-12],
        "max": [0.0339637696743, 0.0408113487065, 0.022979721427, 0.00682101259008, 0.012847924605, 0.00985403545201, 0.00581679306924, 0.00451261363924, 0.00564694125205, 0.00499675888568, 0.00527939200401, 0.0106962118298, 0.00947509612888, 0.0048181694001, 0.00764132523909, 0.0053050708957, 0.00282734190114, 0.00387757853605, 0.00570891099051, 0.00226391875185, 0.00305991666391, 0.00165513087995, 0.000553468300495, 0.000372585112927, 0.000630770635325, 0.000300446583424, 0.000193179672351, 0.000308908522129, 8.80396837601e-05, 0.000121095872601, 0.000120194374176, 0.000241767178522, 7.39904862712e-05, 8.7578453531e-05, 6.22395891696e-05, 8.72444215929e-05, 4.58245522168e-05, 3.91639514419e-05, 6.97550131008e-05, 5.28644450242e-05],
        "mean": [0.00216316478327, 0.00258368230425, 0.00150171446148, 0.000359492201824, 0.000327504792949, 0.000221206166316, 0.000251060235314, 0.000159921459272, 0.000112832298328, 0.000111659610411, 0.000168205049704, 0.000232493985095, 0.000132675006171, 0.00013616392971, 0.000126348386402, 4.79482696392e-05, 6.51340305922e-05, 9.1368892754e-05, 0.000109933280328, 4.98924964631e-05, 6.31036091363e-05, 3.2027845009e-05, 2.03395338758e-05, 1.72375475813e-05, 2.03362505999e-05, 1.24631797007e-05, 1.02019030237e-05, 9.65383787843e-06, 5.62280274607e-06, 4.59682405562e-06, 3.83445694752e-06, 5.5975037867e-06, 3.96660652768e-06, 3.30377088176e-06, 3.07509799313e-06, 2.55563168139e-06, 1.8807138531e-06, 1.36138180551e-06, 1.34544563934e-06, 1.1407017837e-06],
        "median": [0.000875406083651, 0.00144755362999, 0.0007494368474, 0.000176943896804, 0.000112615780381, 7.57138041081e-05, 9.56694275374e-05, 6.2419247115e-05, 5.5738411902e-05, 4.38363640569e-05, 5.96158024564e-05, 6.01764040766e-05, 3.25925720972e-05, 2.76363316516e-05, 2.06360327866e-05, 1.60647414305e-05, 2.04913230846e-05, 2.23497117986e-05, 2.10471553146e-05, 1.42269018397e-05, 1.29741383716e-05, 1.06801317088e-05, 9.55975428951e-06, 9.59538010648e-06, 9.26657958189e-06, 7.26862299416e-06, 6.17291470917e-06, 5.3299281717e-06, 3.70102748093e-06, 2.68546045845e-06, 2.31165290643e-06, 2.52475115303e-06, 2.29774286709e-06, 1.94601307157e-06, 1.86921442946e-06, 1.50778271291e-06, 1.05754554625e-06, 7.60922603149e-07, 6.25984057478e-07, 4.92672597829e-07],
        "min": [1.65828561089e-24, 2.00120384082e-24, 2.76784312599e-24, 2.38186097924e-24, 2.90660139264e-24, 3.47677861645e-24, 1.93502748278e-24, 5.40348499718e-24, 2.93591921096e-24, 2.81839846039e-24, 5.04855202123e-24, 5.80484914272e-24, 5.32434016028e-24, 3.37065079229e-24, 4.18101170705e-24, 1.65113547426e-24, 3.58352648528e-24, 4.05907234933e-24, 3.21167500671e-24, 4.04875996515e-24, 4.16997790957e-24, 6.60632156723e-24, 4.33201664482e-24, 5.13568920239e-24, 4.95567114382e-24, 3.58862094901e-24, 5.77602455967e-24, 5.38625233071e-24, 3.83864331317e-24, 6.47404655393e-24, 5.23067752171e-24, 6.49101258542e-24, 5.97645399973e-24, 5.28960424804e-24, 6.80662163411e-24, 8.66530256683e-24, 6.28061864883e-24, 5.50157708973e-24, 6.1229592749e-24, 6.9018363565e-24],
        "var": [1.45408439494e-05, 1.15116617962e-05, 4.88855903313e-06, 2.95479338774e-07, 5.32974581802e-07, 2.29923728057e-07, 1.93830686612e-07, 8.27561237315e-08, 4.61947529118e-08, 5.90410316192e-08, 1.24478745533e-07, 3.67284513914e-07, 1.68201580664e-07, 1.3623672146e-07, 1.73236699652e-07, 2.51865195366e-08, 2.61275587832e-08, 5.45615215231e-08, 1.00256379199e-07, 2.03040801949e-08, 3.285709127e-08, 6.60014665144e-09, 1.08445818991e-09, 5.63196878023e-10, 1.21384979845e-09, 2.72038142013e-10, 1.51506224233e-10, 2.16618223359e-10, 4.32709111597e-11, 3.92046430042e-11, 2.63653508747e-11, 1.23540025432e-10, 2.79067394193e-11, 1.85336971464e-11, 1.32117788931e-11, 1.1505825806e-11, 6.54107193757e-12, 4.14182143443e-12, 8.72659756956e-12, 5.510610631e-12]
    },
    "mfcc": {
        "mean": [-619.987304688, 99.3994979858, -2.12343502045, 17.4321079254, 5.82246637344, 9.17415904999, 1.76607477665, 9.37275123596, 1.46488392353, 5.97407102585, -1.7094604969, -3.04936528206, 0.573051989079],
        "cov": [[3306.31225586, 35.5310821533, 358.407409668, 430.864715576, 295.030975342, 96.8132247925, 82.9681167603, 71.9300079346, 50.2682037354, 42.6414222717, 18.0370635986, 51.1892242432, 135.47088623], [35.5310821533, 604.594787598, -0.77832442522, 112.12676239, 137.200820923, 51.3595542908, 100.796112061, 78.4949798584, -44.4229888916, 67.0459518433, -15.5237855911, 4.5657749176, 6.70629167557], [358.407409668, -0.77832442522, 862.016418457, 307.87008667, 217.237518311, 199.154556274, 88.9236297607, 69.6166381836, 82.9429702759, -7.62258386612, 55.4791679382, 87.1432113647, 38.3319091797], [430.864715576, 112.12676239, 307.87008667, 455.543518066, 242.324020386, 65.5805969238, 27.9178218842, 61.2269477844, 67.8672103882, 30.7615127563, 4.48115253448, 66.7384567261, 90.6316452026], [295.030975342, 137.200820923, 217.237518311, 242.324020386, 343.628845215, 92.4489974976, 92.500831604, 68.6288146973, 27.5247097015, 63.8430938721, 10.7552318573, 29.6984729767, 83.7744445801], [96.8132247925, 51.3595542908, 199.154556274, 65.5805969238, 92.4489974976, 239.695083618, 130.717987061, 32.9146270752, 17.9569702148, 34.8830680847, 53.81615448, 16.9716930389, 12.2364358902], [82.9681167603, 100.796112061, 88.9236297607, 27.9178218842, 92.500831604, 130.717987061, 223.729995728, 72.9861221313, -14.856379509, 51.553401947, 39.8431282043, -6.17232656479, 27.9543571472], [71.9300079346, 78.4949798584, 69.6166381836, 61.2269477844, 68.6288146973, 32.9146270752, 72.9861221313, 125.360069275, 27.7936935425, 20.7151241302, 6.90419769287, 12.7029056549, 20.4260463715], [50.2682037354, -44.4229888916, 82.9429702759, 67.8672103882, 27.5247097015, 17.9569702148, -14.856379509, 27.7936935425, 120.443397522, 24.3547420502, 8.89441013336, 14.8208141327, 17.397983551], [42.6414222717, 67.0459518433, -7.62258386612, 30.7615127563, 63.8430938721, 34.8830680847, 51.553401947, 20.7151241302, 24.3547420502, 96.8520736694, 25.4023151398, -0.260918259621, 20.5129451752], [18.0370635986, -15.5237855911, 55.4791679382, 4.48115253448, 10.7552318573, 53.81615448, 39.8431282043, 6.90419769287, 8.89441013336, 25.4023151398, 75.209197998, 16.8075828552, 7.01070165634], [51.1892242432, 4.5657749176, 87.1432113647, 66.7384567261, 29.6984729767, 16.9716930389, -6.17232656479, 12.7029056549, 14.8208141327, -0.260918259621, 16.8075828552, 73.0604019165, 35.3709907532], [135.47088623, 6.70629167557, 38.3319091797, 90.6316452026, 83.7744445801, 12.2364358902, 27.9543571472, 20.4260463715, 17.397983551, 20.5129451752, 7.01070165634, 35.3709907532, 111.189987183]],
