{
"lowlevel": {
    "average_loudness": 0.606066465378,
    "barkbands_crest": {
        "dmean": 3.02223587036,
        "dmean2": 4.90615987778,
        "dvar": 7.6145734787,
        "dvar2": 18.8378715515,
        "max": 26.2309513092,
        "mean": 10.6733903885,
        "median": 9.7126531601,
        "min": 1.78468871117,
        "var": 22.490940094
    },
    "barkbands_flatness_db": {
        "dmean": 0.0221496298909,
        "dmean2": 0.0344250649214,
        "dvar": 0.000429390900536,
        "dvar2": 0.000985454535112,
        "max": 0.339801907539,
        "mean": 0.121778994799,
        "median": 0.117101728916,
        "min": 0.0175892207772,
        "var": 0.00231724698097
    },
    "barkbands_kurtosis": {
        "dmean": 2.52360534668,
        "dmean2": 4.03733348846,
        "dvar": 17.5913581848,
        "dvar2": 40.7694816589,
        "max": 102.864822388,
        "mean": 3.46540689468,
        "median": 1.59394192696,
        "min": -1.89131951332,
        "var": 44.6804885864
    },
    "barkbands_skewness": {
        "dmean": 0.534195780754,
        "dmean2": 0.816423654556,
        "dvar": 0.318331927061,
        "dvar2": 0.697525799274,
        "max": 8.3018655777,
        "mean": 1.26097249985,
        "median": 1.12000584602,
        "min": -3.05544281006,
        "var": 1.2772564888
    },
    "barkbands_spread": {
        "dmean": 6.00462913513,
        "dmean2": 9.21853351593,
        "dvar": 49.4917640686,
        "dvar2": 102.252655029,
        "max": 107.895835876,
        "mean": 22.4524993896,
        "median": 19.7730770111,
        "min": 0.797102451324,
        "var": 191.404388428
    },
    "dissonance": {
        "dmean": 0.0224142111838,
        "dmean2": 0.0379818119109,
        "dvar": 0.000488973979373,
        "dvar2": 0.001341367024,
        "max": 0.500000178814,
        "mean": 0.460921049118,
        "median": 0.470420479774,
        "min": 0.215281814337,
        "var": 0.00106028199662
    },
    "dynamic_complexity": 4.52216291428,
    "erbbands_crest": {
        "dmean": 3.13729763031,
        "dmean2": 5.0461974144,
        "dvar": 8.94887733459,
        "dvar2": 21.9730186462,
        "max": 33.0347480774,
        "mean": 11.0376367569,
        "median": 9.42887020111,
        "min": 2.25864577293,
        "var": 36.4304008484
    },
    "erbbands_flatness_db": {
        "dmean": 0.0196929574013,
        "dmean2": 0.0291010234505,
        "dvar": 0.00035969822784,
        "dvar2": 0.000723366218153,
        "max": 0.370823532343,
        "mean": 0.166873797774,
        "median": 0.160877853632,
        "min": 0.0520669743419,
        "var": 0.00323175080121
    },
    "erbbands_kurtosis": {
        "dmean": 1.41064631939,
        "dmean2": 2.19375371933,
        "dvar": 5.18488550186,
        "dvar2": 11.8818979263,
        "max": 85.9529876709,
        "mean": 1.96693956852,
        "median": 0.618265509605,
        "min": -1.78215563297,
        "var": 19.8902320862
    },
    "erbbands_skewness": {
        "dmean": 0.405740410089,
        "dmean2": 0.625809431076,
        "dvar": 0.150724709034,
        "dvar2": 0.33736294508,
        "max": 7.68719005585,
        "mean": 0.787495195866,
        "median": 0.70389008522,
        "min": -3.2259542942,
        "var": 0.839358568192
    },
    "erbbands_spread": {
        "dmean": 7.48198461533,
        "dmean2": 11.2895565033,
        "dvar": 71.600112915,
        "dvar2": 148.107650757,
        "max": 133.183151245,
        "mean": 32.6781730652,
        "median": 28.2963542938,
        "min": 1.81063234806,
        "var": 385.232818604
    },
    "hfc": {
        "dmean": 6.2883310318,
        "dmean2": 9.13625431061,
        "dvar": 99.0303192139,
        "dvar2": 218.248214722,
        "max": 229.14453125,
        "mean": 21.5092048645,
        "median": 13.196472168,
        "min": 1.15485094068e-16,
        "var": 514.792297363
    },
    "melbands_crest": {
        "dmean": 3.80680203438,
        "dmean2": 6.24115943909,
        "dvar": 11.2966299057,
        "dvar2": 28.8481121063,
        "max": 34.4536781311,
        "mean": 14.5279083252,
        "median": 13.540555954,
        "min": 2.37127065659,
        "var": 34.3997879028
    },
    "melbands_flatness_db": {
        "dmean": 0.0258182883263,
        "dmean2": 0.0397092550993,
        "dvar": 0.000643531908281,
        "dvar2": 0.00137020216789,
        "max": 0.408845692873,
        "mean": 0.169741690159,
        "median": 0.163100376725,
        "min": 0.00581541098654,
        "var": 0.00319097540341
    },
    "melbands_kurtosis": {
        "dmean": 6.22975444794,
        "dmean2": 9.89538860321,
        "dvar": 130.279190063,
        "dvar2": 305.854187012,
        "max": 302.07232666,
        "mean": 10.3109397888,
        "median": 5.3458738327,
        "min": -1.82981908321,
        "var": 254.747070312
    },
    "melbands_skewness": {
        "dmean": 0.74270260334,
        "dmean2": 1.13587117195,
        "dvar": 0.717601120472,
        "dvar2": 1.60160660744,
        "max": 15.5290307999,
        "mean": 2.05374217033,
        "median": 1.75156998634,
        "min": -1.90788662434,
        "var": 2.8114387989
    },
    "melbands_spread": {
        "dmean": 7.97029590607,
        "dmean2": 12.2719812393,
        "dvar": 112.585823059,
        "dvar2": 223.334793091,
        "max": 199.112579346,
        "mean": 26.5786800385,
        "median": 22.3241157532,
        "min": 0.874651014805,
        "var": 376.063354492
    },
    "pitch_salience": {
        "dmean": 0.0773124471307,
        "dmean2": 0.124608755112,
        "dvar": 0.00510570593178,
        "dvar2": 0.0125090470538,
        "max": 0.870750427246,
        "mean": 0.538078308105,
        "median": 0.543253183365,
        "min": 0.111116208136,
        "var": 0.0166006907821
    },
    "silence_rate_20dB": {
        "dmean": 0,
        "dmean2": 0,
        "dvar": 0,
        "dvar2": 0,
        "max": 1,
        "mean": 1,
        "median": 1,
        "min": 1,
        "var": 0
    },
    "silence_rate_30dB": {
        "dmean": 0.00239263079129,
        "dmean2": 0.00478583388031,
        "dvar": 0.00238690315746,
        "dvar2": 0.00643795821816,
        "max": 1,
        "mean": 0.9983253479,
        "median": 1,
        "min": 0,
        "var": 0.00167188514024
    },
    "silence_rate_60dB": {
        "dmean": 0.0294293574989,
        "dmean2": 0.0588657557964,
        "dvar": 0.0285661425442,
        "dvar2": 0.0604317337275,
        "max": 1,
        "mean": 0.150119617581,
        "median": 0,
        "min": 0,
        "var": 0.127575710416
    },
    "spectral_centroid": {
        "dmean": 240.073440552,
        "dmean2": 364.411956787,
        "dvar": 74629.0234375,
        "dvar2": 144106.078125,
        "max": 10698.1777344,
        "mean": 1517.68847656,
        "median": 1478.35021973,
        "min": 300.015777588,
        "var": 315039.625
    },
    "spectral_complexity": {
        "dmean": 2.92235922813,
        "dmean2": 4.5309882164,
        "dvar": 8.69864273071,
        "dvar2": 18.2227325439,
        "max": 49,
        "mean": 15.1326551437,
        "median": 15,
        "min": 0,
        "var": 62.4279022217
    },
    "spectral_decrease": {
        "dmean": 2.06841810346e-09,
        "dmean2": 3.13074699498e-09,
        "dvar": 9.51721587324e-18,
        "dvar2": 2.19448882384e-17,
        "max": -1.23321338792e-28,
        "mean": -5.24197663054e-09,
        "median": -3.44783335215e-09,
        "min": -4.20235508614e-08,
        "var": 2.72334211627e-17
    },
    "spectral_energy": {
        "dmean": 0.00828264001757,
        "dmean2": 0.0124854063615,
        "dvar": 0.000150430001668,
        "dvar2": 0.000345640146406,
        "max": 0.179390564561,
        "mean": 0.0217353962362,
        "median": 0.0141940005124,
        "min": 1.09402835115e-20,
        "var": 0.000457840709714
    },
    "spectral_energyband_high": {
        "dmean": 0.000302162428852,
        "dmean2": 0.000421799137257,
        "dvar": 2.49386033602e-07,
        "dvar2": 4.70661944973e-07,
        "max": 0.0146228410304,
        "mean": 0.000874182209373,
        "median": 0.000512585393153,
        "min": 8.04385485887e-21,
        "var": 1.19363517115e-06
    },
    "spectral_energyband_low": {
        "dmean": 0.00407120445743,
        "dmean2": 0.00644531054422,
        "dvar": 7.34953428037e-05,
        "dvar2": 0.000177483278094,
        "max": 0.0935679078102,
        "mean": 0.00585202965885,
        "median": 0.0015614524018,
        "min": 7.7828631945e-23,
        "var": 0.000102026257082
    },
    "spectral_energyband_middle_high": {
        "dmean": 0.00326601369306,
        "dmean2": 0.00492117647082,
        "dvar": 4.72442879982e-05,
        "dvar2": 0.000111365763587,
        "max": 0.163862407207,
        "mean": 0.00893796887249,
        "median": 0.00309198629111,
        "min": 1.74562432866e-21,
        "var": 0.00018536101561
    },
    "spectral_energyband_middle_low": {
        "dmean": 0.00364301563241,
        "dmean2": 0.00567091163248,
        "dvar": 4.97553191963e-05,
        "dvar2": 0.000122793877381,
        "max": 0.130946546793,
        "mean": 0.00691387988627,
        "median": 0.00352816935629,
        "min": 2.23579386898e-22,
        "var": 9.07862995518e-05
    },
    "spectral_entropy": {
        "dmean": 0.142051592469,
        "dmean2": 0.212160155177,
        "dvar": 0.0201304517686,
        "dvar2": 0.0404781997204,
        "max": 9.80294799805,
        "mean": 7.74619722366,
        "median": 7.77565336227,
        "min": 5.56984758377,
        "var": 0.149631008506
    },
    "spectral_flux": {
        "dmean": 0.0247741211206,
        "dmean2": 0.0392499677837,
        "dvar": 0.000871733529493,
        "dvar2": 0.00195261219051,
        "max": 0.362969875336,
        "mean": 0.0814980864525,
        "median": 0.068927206099,
        "min": 1.04595811179e-10,
        "var": 0.00286841741763
    },
    "spectral_kurtosis": {
        "dmean": 0.93871742487,
        "dmean2": 1.53740251064,
        "dvar": 1.3078854084,
        "dvar2": 3.50302577019,
        "max": 30.5292625427,
        "mean": 3.39321994781,
        "median": 2.99387216568,
        "min": -1.30176997185,
        "var": 5.29927921295
    },
    "spectral_rms": {
        "dmean": 0.000786883290857,
        "dmean2": 0.00115263194311,
        "dvar": 8.48806678277e-07,
        "dvar2": 1.75490413312e-06,
        "max": 0.0132293300703,
        "mean": 0.00405953172594,
        "median": 0.00372126372531,
        "min": 3.26702423795e-12,
        "var": 4.72546435049e-06
    },
    "spectral_rolloff": {
        "dmean": 530.964599609,
        "dmean2": 866.832824707,
        "dvar": 965305.5,
        "dvar2": 1871411.75,
        "max": 18260.15625,
        "mean": 1733.31835938,
        "median": 1399.65820312,
        "min": 64.599609375,
        "var": 2481114
    },
    "spectral_skewness": {
        "dmean": 0.15454223752,
        "dmean2": 0.240663632751,
        "dvar": 0.0238306038082,
        "dvar2": 0.0536215007305,
        "max": 4.15042686462,
        "mean": 1.46518921852,
        "median": 1.43065071106,
        "min": -0.087556399405,
        "var": 0.151930809021
    },
    "spectral_spread": {
        "dmean": 490116.875,
        "dmean2": 705820.6875,
        "dvar": 499477118976,
        "dvar2": 766986223616,
        "max": 40275560,
        "mean": 5163445.5,
        "median": 4991760.5,
        "min": 1764464.875,
        "var": 2.20162451046e+12
    },
    "spectral_strongpeak": {
        "dmean": 0.757139742374,
        "dmean2": 1.2376755476,
        "dvar": 1.34137988091,
        "dvar2": 3.31300878525,
        "max": 33.2047958374,
        "mean": 1.57865297794,
        "median": 0.523963570595,
        "min": 0,
        "var": 5.72681283951
    },
    "zerocrossingrate": {
        "dmean": 0.0114345662296,
        "dmean2": 0.0128341792151,
        "dvar": 0.00022019269818,
        "dvar2": 0.00021545101481,
        "max": 0.607421875,
        "mean": 0.073491409421,
        "median": 0.06689453125,
        "min": 0.00732421875,
        "var": 0.00167446152773
    },
    "barkbands": {
        "dmean": [0.000124175814562, 0.00283878180198, 0.00160116050392, 0.000944053113926, 0.000772318977397, 0.000383171602152, 0.000321706465911, 0.00069009931758, 0.00149910396431, 0.00140544841997, 0.00107061490417, 0.000756751571316, 0.000696711009368, 0.000549214018974, 0.000413228641264, 0.000189173821127, 0.000116044247989, 0.000104929349618, 7.66075172578e-05, 8.20837303763e-05, 9.51958063524e-05, 6.63784521748e-05, 5.77202772547e-05, 6.30200884189e-05, 3.96690484195e-05, 1.57171198225e-05, 3.05168578052e-06],
        "dmean2": [0.000201389819267, 0.00463898153976, 0.00264542340301, 0.00161193485837, 0.00132338015828, 0.000603203545325, 0.000508077675477, 0.00108509894926, 0.00234499038197, 0.00219212356023, 0.00167536106892, 0.00115016358905, 0.0011069244938, 0.000872315897141, 0.000663583166897, 0.000291865842883, 0.000179314010893, 0.000168198675965, 0.000122623037896, 0.000127075909404, 0.000145569705637, 0.000100833567558, 8.59302745084e-05, 8.97370118764e-05, 5.77244900342e-05, 2.28947883443e-05, 4.94550386065e-06],
        "dvar": [7.1286727632e-08, 4.06371946156e-05, 1.93288651644e-05, 8.57851136971e-06, 4.49097660749e-06, 7.58857822802e-07, 1.35477637286e-06, 7.05605089024e-06, 2.18019813474e-05, 1.79790185939e-05, 1.38219156725e-05, 5.12249198437e-06, 6.31141574559e-06, 3.57969338438e-06, 1.61903744811e-06, 3.96890726506e-07, 2.52267454925e-07, 3.46822552899e-08, 1.43619285353e-08, 2.18400799668e-08, 3.63504923939e-08, 2.76642957431e-08, 1.14341611734e-08, 1.87978574928e-08, 1.08709210522e-08, 1.29656940739e-09, 1.05809042084e-10],
        "dvar2": [1.96936028374e-07, 0.000103773883893, 4.87630495627e-05, 2.21920454351e-05, 1.22287719933e-05, 1.65669553098e-06, 3.02852890854e-06, 1.78594982572e-05, 5.30298093508e-05, 4.33012210124e-05, 3.24771426676e-05, 1.12115003503e-05, 1.63912209246e-05, 8.56821407069e-06, 3.91804587707e-06, 9.41464065818e-07, 5.44911813449e-07, 8.4553263946e-08, 3.45661845813e-08, 4.71294221427e-08, 7.9083370963e-08, 5.77758321185e-08, 2.38296440358e-08, 3.1668900391e-08, 2.08316155437e-08, 2.72752598285e-09, 2.85739709671e-10],
        "max": [0.00346428249031, 0.0714642703533, 0.0689318105578, 0.043242380023, 0.0314935147762, 0.0281427167356, 0.0395790748298, 0.0819089561701, 0.128511607647, 0.0763872563839, 0.110921062529, 0.0680265128613, 0.1191650033, 0.0482122004032, 0.0341077074409, 0.0206934381276, 0.0291028134525, 0.00698443502188, 0.00232774438336, 0.0079144295305, 0.00739186769351, 0.00736292265356, 0.00313106947578, 0.00868874788284, 0.00339157436974, 0.000610096903984, 0.000184577642358],
        "mean": [0.000171457984834, 0.00356933614239, 0.00168157694861, 0.000840802793391, 0.000935914169531, 0.000667339598294, 0.000447457510745, 0.00109467084985, 0.00223624333739, 0.00223291525617, 0.00183247658424, 0.00144465407357, 0.00118953490164, 0.000908262562007, 0.000665382540319, 0.000300714222249, 0.000201549104531, 0.000209660400287, 0.000164059543749, 0.000194550899323, 0.00021695617761, 0.000130770844407, 0.000126748665934, 0.000156430498464, 8.42993758852e-05, 2.79118503386e-05, 3.72915496882e-06],
        "median": [2.70319396805e-05, 0.000510000158101, 0.000266470189672, 0.000105916049506, 0.000272839650279, 0.000234865001403, 0.000126926635858, 0.000196503213374, 0.000488137942739, 0.000295348640066, 0.000171620486071, 0.00019891289412, 0.000200925365789, 0.000127707637148, 0.00017581814609, 0.000108326756163, 8.87396454345e-05, 0.000116526527563, 9.49962995946e-05, 0.000104452527012, 8.91332165338e-05, 6.25401589787e-05, 7.01443350408e-05, 7.16635986464e-05, 3.31961928168e-05, 9.14850716072e-06, 7.37420464247e-07],
        "min": [5.66869324931e-23, 3.68743753141e-23, 1.09148719667e-23, 1.44546612424e-23, 4.78006194996e-23, 2.33034307677e-23, 4.38522223632e-23, 2.91344539208e-23, 4.41021461197e-23, 1.13879367054e-22, 4.03041816024e-23, 6.27423550193e-23, 1.22079607719e-22, 2.06894057363e-22, 8.1836632256e-23, 1.55843245737e-22, 1.2628599077e-22, 2.34696822568e-22, 5.35992034302e-22, 2.21875447343e-22, 5.00123576549e-22, 9.4080606737e-22, 8.51504690493e-22, 7.51493031146e-22, 9.07935735441e-22, 1.79840535838e-21, 2.27550035592e-21],
        "var": [1.15471230799e-07, 4.86798817292e-05, 1.717889063e-05, 6.68326310915e-06, 4.22511357101e-06, 1.85801343378e-06, 2.00092244995e-06, 1.33979392558e-05, 3.4737498936e-05, 3.49305519194e-05, 3.31768715114e-05, 1.84525033546e-05, 1.12445031846e-05, 9.37369532039e-06, 3.41281997862e-06, 6.71369605243e-07, 4.1760981162e-07, 8.90456206548e-08, 4.52801742767e-08, 9.69050404365e-08, 1.66133048651e-07, 6.28716065876e-08, 3.12368406696e-08, 1.28924000364e-07, 2.70259068458e-08, 2.64640931391e-09, 1.03555886088e-10]
    },
    "erbbands": {
        "dmean": [0.0796476379037, 0.679062187672, 1.73992240429, 2.48429942131, 3.20627069473, 2.26243281364, 2.34386968613, 3.5022881031, 3.96032261848, 6.97005987167, 18.1492729187, 35.3872337341, 37.5738716125, 45.7294006348, 38.9370498657, 29.1364326477, 30.0390853882, 27.6805114746, 26.7805404663, 11.5318136215, 9.64505195618, 4.86460590363, 5.72346544266, 4.33120536804, 3.33532714844, 3.98719334602, 3.86372637749, 3.63162684441, 2.29345679283, 1.90738809109, 1.59667038918, 1.37660610676, 1.05166220665, 0.5460511446, 0.249277800322, 0.0774233192205, 0.0303583983332, 0.00638299062848, 0.000459327711724, 1.91220551642e-05],
        "dmean2": [0.12487398833, 1.12102389336, 2.82491874695, 4.12628602982, 5.58269262314, 3.78820872307, 3.77245306969, 5.56874322891, 6.19913721085, 10.7813243866, 28.7563400269, 55.1007080078, 58.2093048096, 70.4686126709, 60.8417167664, 43.9771537781, 46.7969551086, 44.0087127686, 41.7543716431, 18.2900657654, 14.5874958038, 7.35342216492, 9.1233291626, 6.82497930527, 5.31555318832, 6.17305088043, 5.86220502853, 5.48954343796, 3.50253367424, 2.88551807404, 2.36819958687, 2.01522064209, 1.50130975246, 0.79210537672, 0.371821135283, 0.111534327269, 0.0461008660495, 0.0102120731026, 0.000721162650734, 2.91069536615e-05],
        "dvar": [0.0297012031078, 2.56243991852, 21.5650424957, 45.1980285645, 116.263427734, 35.9689559937, 28.2969245911, 80.8877563477, 126.261856079, 984.229064941, 4609.21337891, 11552.0488281, 12587.2851562, 23406.515625, 21493.4101562, 8516.15039062, 9231.92480469, 9060.94140625, 6309.35546875, 1184.60144043, 1462.26293945, 195.999526978, 115.472038269, 52.5950584412, 26.6684913635, 48.1389923096, 57.9853553772, 70.0066452026, 30.2239933014, 15.9348087311, 8.60744094849, 6.25581359863, 6.29078960419, 2.26380825043, 0.471524775028, 0.0333094932139, 0.00562801305205, 0.000407247775001, 1.76417188413e-06, 1.84918236279e-09],
        "dvar2": [0.0708544105291, 6.61008214951, 53.9886627197, 111.699882507, 322.65927124, 89.4496612549, 68.9016571045, 173.666564941, 290.773040771, 2225.10522461, 12043.6650391, 27924.3203125, 28640.4394531, 59686.25, 51229.9570312, 19406.3535156, 22825.4257812, 21871.7226562, 14556.0546875, 2956.28881836, 3111.27783203, 383.140411377, 272.052612305, 123.685813904, 64.4523773193, 101.380882263, 133.27482605, 150.85383606, 68.9044418335, 33.0539054871, 18.0903663635, 12.3117589951, 10.2158441544, 4.06035900116, 1.07859003544, 0.0703101456165, 0.0129908137023, 0.00108862551861, 4.4410217015e-06, 4.56308901775e-09],
        "max": [2.23661708832, 16.9165325165, 67.212020874, 86.4224777222, 146.230499268, 127.499069214, 184.940414429, 289.933349609, 343.641784668, 1115.72912598, 2084.13745117, 2467.04101562, 2315.0090332, 3678.59594727, 4553.33740234, 2652.69970703, 3923.21240234, 2799.33569336, 2203.47680664, 1531.81616211, 1354.45532227, 658.183837891, 389.438293457, 152.368377686, 156.657989502, 356.13848877, 200.214782715, 496.960479736, 186.268325806, 144.828720093, 81.6693496704, 82.4634857178, 168.470413208, 61.3197669983, 21.8791542053, 4.13944005966, 1.03928184509, 0.356735736132, 0.0280069671571, 0.00121935363859],
        "mean": [0.100042931736, 0.808801531792, 1.95501685143, 2.48390197754, 3.06745290756, 2.88978624344, 3.84992694855, 6.02793836594, 6.22688770294, 9.84376525879, 30.7984638214, 55.1557540894, 60.0193595886, 77.5113372803, 74.303817749, 62.3245544434, 57.1580467224, 49.3803634644, 47.1186676025, 20.796087265, 17.0231494904, 10.4554834366, 11.6082811356, 9.46936130524, 7.74408864975, 9.51949310303, 9.16261863708, 8.11533069611, 4.63518571854, 4.07748508453, 3.56556630135, 3.3693985939, 2.44612669945, 1.15828835964, 0.489336907864, 0.150180384517, 0.048616848886, 0.00881237443537, 0.000630088383332, 4.27210361522e-05],
        "median": [0.0122530590743, 0.108704537153, 0.387946069241, 0.517659008503, 0.634216427803, 0.817219674587, 1.34116196632, 1.986536026, 1.97432649136, 2.61262512207, 6.55553150177, 13.4062633514, 12.0999994278, 11.538980484, 10.0669164658, 10.0059909821, 11.2181329727, 9.23187351227, 11.1880531311, 7.91189193726, 6.11792564392, 5.19474506378, 6.70036315918, 5.34647846222, 4.76460075378, 5.25778961182, 4.1810092926, 3.23100018501, 2.26373100281, 2.05659198761, 1.98576855659, 1.71896386147, 1.06720018387, 0.49738073349, 0.166755884886, 0.0519340336323, 0.0148796420544, 0.00225936318748, 0.000153234752361, 2.70556338364e-05],
        "min": [2.42771370553e-21, 3.57055863752e-21, 6.88892008447e-21, 3.25256625703e-20, 6.83488612654e-20, 1.42254463392e-19, 2.68911583304e-19, 2.26488643313e-19, 5.88245770304e-19, 5.8541210802e-19, 6.36461249331e-19, 1.27604148656e-18, 2.53828766845e-18, 2.71248549481e-18, 1.96818941361e-18, 3.01660113535e-18, 4.42409361536e-18, 8.08435128229e-18, 7.88409251036e-18, 6.7718704218e-18, 7.96611822144e-18, 7.99306611143e-18, 1.30290053736e-17, 2.8069920792e-17, 1.84591971136e-17, 1.08469293874e-17, 1.93113817417e-17, 2.42753273392e-17, 3.29281047308e-17, 2.41019486285e-17, 2.61021110543e-17, 1.2387675701e-17, 1.56546610991e-17, 1.16517537896e-17, 6.00819949591e-18, 5.54585764587e-18, 3.49101279129e-18, 1.48178963584e-18, 3.27196176831e-19, 3.25162178479e-20],
        "var": [0.0395923256874, 2.75869846344, 20.1122341156, 39.6163482666, 81.2548522949, 42.8052711487, 76.2339782715, 181.95173645, 238.513153076, 1330.76635742, 9343.01367188, 19299.7070312, 24506.3613281, 51358.8984375, 50579.9257812, 35352.921875, 22900.703125, 21426.015625, 15779.7353516, 1992.80041504, 2987.06518555, 619.159240723, 280.1925354, 160.270721436, 98.7512741089, 209.709197998, 215.160842896, 374.357269287, 77.5809249878, 46.9865150452, 23.0843467712, 27.2501430511, 44.4590454102, 5.6927857399, 0.932371020317, 0.0712027326226, 0.00966944266111, 0.000433351902757, 2.26087922783e-06, 2.94238478027e-09]
    },
    "gfcc": {
        "mean": [-14.7972621918, 62.561416626, -131.57043457, 17.8518924713, -67.1791000366, 25.4176330566, -31.9481983185, 11.2787456512, -24.6857318878, 1.28676962852, -17.1720943451, -3.59937381744, -10.669629097],
        "cov": [[6036.15478516, -700.468444824, 583.543945312, 400.564422607, 575.370788574, 701.632568359, 324.85949707, 286.777984619, 16.6262664795, 255.408096313, -52.0649414062, -13.9162006378, -59.8751487732], [-700.468444824, 1140.42956543, 372.836456299, 275.023925781, 273.051147461, -27.2869796753, 101.367248535, 7.82014751434, 114.512680054, 40.1000175476, 120.0521698, -6.40173816681, 35.4671516418], [583.543945312, 372.836456299, 1223.50134277, 554.772277832, 320.337585449, 114.297218323, -16.8589172363, 124.995368958, 94.9232711792, 141.747375488, -11.2581367493, 44.5781173706, -42.896572113], [400.564422607, 275.023925781, 554.772277832, 642.864807129, 328.772064209, 170.779846191, 69.7777252197, 122.418647766, 160.30947876, 98.4040985107, 29.4324798584, 48.4275779724, 4.50703620911], [575.370788574, 273.051147461, 320.337585449, 328.772064209, 413.722259521, 244.836257935, 162.444885254, 82.5166854858, 76.6441497803, 88.6483917236, 47.6434364319, 38.4136199951, 3.69437098503], [701.632568359, -27.2869796753, 114.297218323, 170.779846191, 244.836257935, 410.976593018, 212.84034729, 44.2019195557, 22.6353397369, 63.8484954834, 59.7447776794, 21.3690490723, 7.28979921341], [324.85949707, 101.367248535, -16.8589172363, 69.7777252197, 162.444885254, 212.84034729, 272.117706299, 73.0442810059, 24.3996143341, 39.7140464783, 42.2528915405, 3.03107237816, 12.876581192], [286.777984619, 7.82014751434, 124.995368958, 122.418647766, 82.5166854858, 44.2019195557, 73.0442810059, 191.501876831, 110.57006073, 37.9155235291, 6.05297136307, 5.25974225998, 14.0834875107], [16.6262664795, 114.512680054, 94.9232711792, 160.30947876, 76.6441497803, 22.6353397369, 24.3996143341, 110.57006073, 199.207778931, 53.3129234314, 20.9675598145, 4.15291500092, 13.5183010101], [255.408096313, 40.1000175476, 141.747375488, 98.4040985107, 88.6483917236, 63.8484954834, 39.7140464783, 37.9155235291, 53.3129234314, 126.442276001, 46.6482772827, 21.2664527893, -2.48330569267], [-52.0649414062, 120.0521698, -11.2581367493, 29.4324798584, 47.6434364319, 59.7447776794, 42.2528915405, 6.05297136307, 20.9675598145, 46.6482772827, 121.004653931, 37.5884208679, 27.1703701019], [-13.9162006378, -6.40173816681, 44.5781173706, 48.4275779724, 38.4136199951, 21.3690490723, 3.03107237816, 5.25974225998, 4.15291500092, 21.2664527893, 37.5884208679, 88.3828735352, 33.3565826416], [-59.8751487732, 35.4671516418, -42.896572113, 4.50703620911, 3.69437098503, 7.28979921341, 12.876581192, 14.0834875107, 13.5183010101, -2.48330569267, 27.1703701019, 33.3565826416, 86.0458908081]],
        "icov": [[0.000292173033813, 0.000262935180217, -7.92238133727e-05, 5.05141615577e-05, -0.00039815341006, -0.000224861316383, 4.33788372902e-05, -0.000297257938655, 0.000245791859925, -0.000369579618564, 0.0001154154088, 0.000389034685213, -0.00010544367251], [0.000262935180217, 0.0025296958629, -0.000987610197626, 6.10613933532e-05, -0.00222414452583, 0.00222343951464, -0.00182314566337, 0.00182266707998, -0.00125709734857, 0.00136881310027, -0.00299738207832, 0.00256115593947, -0.00128305703402], [-7.92238133727e-05, -0.000987610197626, 0.0020897150971, -0.00122610724065, 0.00032674256363, -0.000906243221834, 0.00165187253151, -0.00157388753723, 0.00144966039807, -0.00179054937325, 0.00181180913933, -0.00119057332631, 0.00114112347364], [5.05141615577e-05, 6.10613933532e-05, -0.00122610724065, 0.00418385164812, -0.002076551551, -0.000409295491409, 0.00043017216376, 6.59703655401e-05, -0.00218246877193, 0.000482487230329, 0.000142863893416, -0.000678844400682, -0.000196906665224], [-0.00039815341006, -0.00222414452583, 0.00032674256363, -0.002076551551, 0.00844330526888, -0.00333089428023, -0.00050490477588, -0.00110553880222, 0.000788784353063, -0.00159217731562, 0.00226871110499, -0.00319415447302, 0.00143955065869], [-0.000224861316383, 0.00222343951464, -0.000906243221834, -0.000409295491409, -0.00333089428023, 0.0079743033275, -0.00507381465286, 0.00316069158725, -0.00125111173838, 0.00172608089633, -0.00417259754613, 0.00212888256647, -0.00105525436811], [4.33788372902e-05, -0.00182314566337, 0.00165187253151, 0.00043017216376, -0.00050490477588, -0.00507381465286, 0.00960079021752, -0.00471286056563, 0.00244131032377, -0.00200841156766, 0.00182427209802, -0.000394248228986, 0.000504094699863], [-0.000297257938655, 0.00182266707998, -0.00157388753723, 6.59703655401e-05, -0.00110553880222, 0.00316069158725, -0.00471286056563, 0.0115525517613, -0.00632488075644, 0.00198253965937, -0.00179291202221, 0.00140021531843, -0.00207788567059], [0.000245791859925, -0.00125709734857, 0.00144966039807, -0.00218246877193, 0.000788784353063, -0.00125111173838, 0.00244131032377, -0.00632488075644, 0.0107548367232, -0.00393571006134, 0.00129013182595, 0.000627722067293, -0.000185730648809], [-0.000369579618564, 0.00136881310027, -0.00179054937325, 0.000482487230329, -0.00159217731562, 0.00172608089633, -0.00200841156766, 0.00198253965937, -0.00393571006134, 0.014220725745, -0.00649255560711, -4.38990427938e-05, 0.00125477393158], [0.0001154154088, -0.00299738207832, 0.00181180913933, 0.000142863893416, 0.00226871110499, -0.00417259754613, 0.00182427209802, -0.00179291202221, 0.00129013182595, -0.00649255560711, 0.0164417885244, -0.00638104323298, -0.000620034930762], [0.000389034685213, 0.00256115593947, -0.00119057332631, -0.000678844400682, -0.00319415447302, 0.00212888256647, -0.000394248228986, 0.00140021531843, 0.000627722067293, -4.38990427938e-05, -0.00638104323298, 0.0186212901026, -0.00686005409807], [-0.00010544367251, -0.00128305703402, 0.00114112347364, -0.000196906665224, 0.00143955065869, -0.00105525436811, 0.000504094699863, -0.00207788567059, -0.000185730648809, 0.00125477393158, -0.000620034930762, -0.00686005409807, 0.0158691965044]]
    },
    "melbands": {
        "dmean": [0.000743887212593, 0.000868686416652, 0.000455771223642, 0.000197609289899, 7.93837825768e-05, 7.58884925744e-05, 6.29314454272e-05, 8.74533652677e-05, 0.000157678499818, 0.000235135521507, 0.000190470876987, 0.000189587080968, 0.000136325732456, 9.1196714493e-05, 6.81560413796e-05, 7.39154638723e-05, 5.40962137165e-05, 4.92559265695e-05, 2.45224982791e-05, 1.33454477691e-05, 1.21873490571e-05, 5.85810812481e-06, 6.01145302426e-06, 4.82492623632e-06, 3.84788017982e-06, 2.88770706902e-06, 2.2165372684e-06, 3.12572842631e-06, 2.68276289717e-06, 2.6328855256e-06, 2.19254366129e-06, 1.48400522448e-06, 1.16500780223e-06, 1.08789913611e-06, 9.72475049821e-07, 9.98615973913e-07, 9.14977420052e-07, 8.66908578701e-07, 5.77557671022e-07, 4.59937126607e-07],
        "dmean2": [0.0011884085834, 0.00140474969521, 0.000755968387239, 0.000340050348314, 0.000127892621094, 0.000119829768664, 9.8271862953e-05, 0.000134631685796, 0.000249357806752, 0.000368117704056, 0.000294852798106, 0.000291723728878, 0.000212346756598, 0.000138660150697, 0.000102517995401, 0.000116490853543, 8.62507949932e-05, 7.69784674048e-05, 3.93600494135e-05, 2.13458570215e-05, 1.84573891602e-05, 8.93880223884e-06, 9.6317335192e-06, 7.72666408011e-06, 6.11684845353e-06, 4.69935321235e-06, 3.51256721842e-06, 4.92080653203e-06, 4.17333876612e-06, 4.03174681196e-06, 3.34824335368e-06, 2.3115330805e-06, 1.82370206403e-06, 1.67677251284e-06, 1.47435264353e-06, 1.52044970037e-06, 1.35973073156e-06, 1.26651605115e-06, 8.47470914778e-07, 6.83432290316e-07],
        "dvar": [2.62591493083e-06, 4.58393287772e-06, 1.60494766988e-06, 3.38114006126e-07, 3.17397663707e-08, 3.52697284711e-08, 3.42075878734e-08, 1.28322014348e-07, 3.25387645717e-07, 5.45369346128e-07, 3.33477430559e-07, 4.09039415672e-07, 2.52140722523e-07, 6.84390428773e-08, 5.23483514314e-08, 8.63721041355e-08, 3.6625877442e-08, 2.37234250022e-08, 5.64597657515e-09, 1.47856149546e-09, 2.81828338444e-09, 4.59538934683e-10, 1.58166771347e-10, 7.76386316348e-11, 4.55828950974e-11, 2.10889396224e-11, 1.48847219272e-11, 3.28970045649e-11, 3.11408815401e-11, 3.04774643023e-11, 2.90223088617e-11, 1.43963061958e-11, 7.05810280013e-12, 5.36916908503e-12, 3.37803960151e-12, 2.77711252432e-12, 3.26617032032e-12, 5.25350639727e-12, 1.95296339864e-12, 1.82514875609e-12],
        "dvar2": [6.51120581097e-06, 1.13250707727e-05, 4.02618343287e-06, 9.2623679393e-07, 7.68510446392e-08, 7.56393987444e-08, 7.70310606413e-08, 2.91202439939e-07, 8.39245444695e-07, 1.34138019803e-06, 7.5507227848e-07, 1.04191713035e-06, 6.02187583354e-07, 1.47566765918e-07, 1.09554541439e-07, 2.28792202961e-07, 8.49891819144e-08, 5.42552172078e-08, 1.37610509654e-08, 3.55054363688e-09, 5.64031221728e-09, 9.29606502886e-10, 3.81458614696e-10, 1.90863158611e-10, 1.07952903561e-10, 5.31893001865e-11, 3.26130060457e-11, 7.3890366048e-11, 7.31600474646e-11, 6.43423508917e-11, 6.50709486294e-11, 3.28504168312e-11, 1.60086562062e-11, 1.13751924546e-11, 7.31535838849e-12, 6.17636193925e-12, 6.55219671922e-12, 8.36471690524e-12, 3.70885136838e-12, 3.37396321819e-12],
        "max": [0.0197189003229, 0.0264207497239, 0.0177816767246, 0.00857201963663, 0.00518037844449, 0.00628987886012, 0.00546789122745, 0.0104158977047, 0.0156178725883, 0.0195864271373, 0.0119126737118, 0.0152233615518, 0.0175710022449, 0.00731743872166, 0.0110246064141, 0.0149869285524, 0.00632415758446, 0.00385824358091, 0.00197520153597, 0.00108408974484, 0.00216827029362, 0.00109170074575, 0.000429641688243, 0.000217364664422, 0.000143768993439, 0.000115214752441, 0.000163992473972, 0.000282506400254, 0.000144867881318, 0.000221339112613, 0.000333419680828, 0.000164009979926, 7.36409565434e-05, 8.29337950563e-05, 5.73210309085e-05, 4.42557466158e-05, 8.98844809853e-05, 0.000201984512387, 6.90555389156e-05, 5.63109169889e-05],
        "mean": [0.000957533367909, 0.00106478878297, 0.000459359696833, 0.000220148853259, 0.000131074993988, 0.000132190427394, 9.58891832852e-05, 0.000126079568872, 0.000262928049779, 0.00035338991438, 0.000293432764011, 0.000308029004373, 0.000249829725362, 0.000173957145307, 0.000131315537146, 0.000120925935335, 8.96585042938e-05, 8.09365155874e-05, 3.90694549424e-05, 2.09838890441e-05, 2.01490311156e-05, 1.07290625238e-05, 1.10375603981e-05, 9.30827809498e-06, 7.51901097829e-06, 5.83502105655e-06, 4.88129808218e-06, 6.81686424286e-06, 5.83969995205e-06, 5.37600499229e-06, 4.49645040135e-06, 2.66420988737e-06, 2.27422219723e-06, 2.17933575186e-06, 2.00464978661e-06, 2.05902483685e-06, 2.15015188587e-06, 1.98132238438e-06, 1.15264856504e-06, 9.03949000985e-07],
        "median": [0.00013702333672, 0.000219793306314, 0.000109274173155, 5.44132781215e-05, 4.84541415062e-05, 4.40718868049e-05, 2.88463197649e-05, 2.98457507597e-05, 5.23687413079e-05, 7.76672241045e-05, 4.71216335427e-05, 3.81388745154e-05, 2.58585605479e-05, 2.71815697488e-05, 1.97151512111e-05, 2.03966337722e-05, 1.34848723974e-05, 1.62305477716e-05, 1.1729020116e-05, 7.84191252023e-06, 6.15677163296e-06, 4.56790621683e-06, 5.89928868067e-06, 5.20337653143e-06, 3.79451830668e-06, 3.39409052685e-06, 2.74385070043e-06, 3.49492574969e-06, 2.54943847722e-06, 2.00357408175e-06, 1.63792105923e-06, 1.21553784993e-06, 1.0709709386e-06, 1.06516517917e-06, 1.08500239548e-06, 1.1018735222e-06, 9.76188403001e-07, 7.54418465476e-07, 5.25864038536e-07, 3.52698720008e-07],
        "min": [1.78924855129e-23, 3.89418503735e-24, 7.36764609926e-24, 6.11121471374e-24, 1.00306330449e-23, 4.47627997729e-24, 9.86343870917e-24, 6.91435321249e-24, 5.42830413898e-24, 7.49971876974e-24, 1.31782211889e-23, 1.22068391694e-23, 6.03770826016e-24, 7.73928793804e-24, 8.29561236993e-24, 1.0595644413e-23, 1.69860338457e-23, 1.52790240438e-23, 8.6767623492e-24, 8.78407977561e-24, 9.45428811207e-24, 8.64493812256e-24, 7.2550693372e-24, 1.33881402312e-23, 2.56104513295e-23, 1.18185263331e-23, 9.90731515272e-24, 6.97522881968e-24, 1.14256420479e-23, 1.30671274853e-23, 1.42651658089e-23, 1.97384152979e-23, 1.68841098613e-23, 1.20188544046e-23, 1.60468365623e-23, 1.10342968303e-23, 6.30429078688e-24, 1.1297700642e-23, 9.13996885097e-24, 1.04784599144e-23],
        "var": [3.40718247571e-06, 4.80393146063e-06, 1.35832272008e-06, 2.88401992066e-07, 7.77755744252e-08, 8.41812877184e-08, 6.23515603593e-08, 1.9756427605e-07, 6.69009182275e-07, 8.80229833911e-07, 6.40139774077e-07, 8.72021928444e-07, 6.26602172815e-07, 2.14831231915e-07, 1.84632597211e-07, 1.24206067653e-07, 9.68655768929e-08, 5.3504262354e-08, 1.06799769028e-08, 2.27089258509e-09, 5.96081717319e-09, 1.10009745757e-09, 3.42636224948e-10, 1.74696215827e-10, 1.23535542906e-10, 6.13054468301e-11, 4.92184001888e-11, 1.24054752582e-10, 1.0657529026e-10, 1.06976413838e-10, 1.66097330334e-10, 3.39854012987e-11, 1.69571631042e-11, 1.40605921004e-11, 7.94153891953e-12, 7.75629473843e-12, 1.75625625154e-11, 5.33095269317e-11, 4.7208339668e-12, 4.27896433564e-12]
    },
    "mfcc": {
        "mean": [-653.393554688, 95.9481277466, -7.8022518158, -0.644786298275, -6.65225028992, 5.41352939606, 3.8914334774, 4.97522926331, 1.29849815369, 5.76693868637, -2.43595957756, 0.1195358634, -6.59733963013],
        "cov": [[5290.24121094, -721.14239502, 90.0721511841, 22.507188797, 328.668304443, 447.383361816, 471.523712158, 213.71786499, 270.924316406, 308.343383789, 102.996536255, 99.0188064575, 40.9756774902], [-721.14239502, 902.154296875, 180.017684937, 220.932617188, 124.26448822, 31.6247386932, 65.6925964355, -13.0924272537, -9.92369937897, 16.0486526489, 41.3992919922, 45.8942108154, 42.0640945435], [90.0721511841, 180.017684937, 822.625793457, 396.84463501, 336.078674316, 120.003990173, 21.9062480927, 25.3707809448, 79.027305603, 58.2692451477, 71.4245300293, 77.4106903076, 71.2823791504], [22.507188797, 220.932617188, 396.84463501, 525.290527344, 308.934875488, 100.702659607, 9.8049993515, 70.1547775269, 107.378684998, 67.870765686, 67.1574020386, 91.4981155396, 94.8752593994], [328.668304443, 124.26448822, 336.078674316, 308.934875488, 385.660888672, 174.075927734, 55.5858421326, 86.2404403687, 94.0933303833, 76.9354248047, 69.1482849121, 81.9146270752, 75.1980056763], [447.383361816, 31.6247386932, 120.003990173, 100.702659607, 174.075927734, 365.864440918, 208.30027771, 97.7030639648, 50.1007385254, 65.3960876465, 70.5219573975, 33.1861076355, 37.5996551514], [471.523712158, 65.6925964355, 21.9062480927, 9.8049993515, 55.5858421326, 208.30027771, 293.304534912, 97.088508606, 36.5382652283, 61.87758255, 33.4225463867, 9.29273509979, 27.0895862579], [213.71786499, -13.0924272537, 25.3707809448, 70.1547775269, 86.2404403687, 97.7030639648, 97.088508606, 170.81300354, 84.108001709, 61.6562767029, 42.0935401917, 19.5154514313, 30.6865158081], [270.924316406, -9.92369937897, 79.027305603, 107.378684998, 94.0933303833, 50.1007385254, 36.5382652283, 84.108001709, 157.740692139, 84.3740386963, 38.5431747437, 38.642616272, 23.7519073486], [308.343383789, 16.0486526489, 58.2692451477, 67.870765686, 76.9354248047, 65.3960876465, 61.87758255, 61.6562767029, 84.3740386963, 145.118850708, 62.5515098572, 38.8831634521, 29.1529159546], [102.996536255, 41.3992919922, 71.4245300293, 67.1574020386, 69.1482849121, 70.5219573975, 33.4225463867, 42.0935401917, 38.5431747437, 62.5515098572, 106.056884766, 54.832244873, 26.7658596039], [99.0188064575, 45.8942108154, 77.4106903076, 91.4981155396, 81.9146270752, 33.1861076355, 9.29273509979, 19.5154514313, 38.642616272, 38.8831634521, 54.832244873, 113.969909668, 49.8381843567], [40.9756774902, 42.0640945435, 71.2823791504, 94.8752593994, 75.1980056763, 37.5996551514, 27.0895862579, 30.6865158081, 23.7519073486, 29.1529159546, 26.7658596039, 49.8381843567, 110.805770874]],
