{
"lowlevel": {
    "average_loudness": 0.682164907455,
    "barkbands_crest": {
        "dmean": 2.39123439789,
        "dmean2": 3.89584589005,
        "dvar": 4.71980381012,
        "dvar2": 12.0722827911,
        "max": 24.8376598358,
        "mean": 10.5051698685,
        "median": 9.62048149109,
        "min": 2.84014630318,
        "var": 17.7573184967
    },
    "barkbands_flatness_db": {
        "dmean": 0.0169208683074,
        "dmean2": 0.0265633631498,
        "dvar": 0.000245078845182,
        "dvar2": 0.00059998157667,
        "max": 0.323723107576,
        "mean": 0.157505944371,
        "median": 0.15669567883,
        "min": 0.0332315191627,
        "var": 0.00283200480044
    },
    "barkbands_kurtosis": {
        "dmean": 2.15166521072,
        "dmean2": 3.44732737541,
        "dvar": 10.4349775314,
        "dvar2": 26.0737094879,
        "max": 77.2637557983,
        "mean": 4.28748226166,
        "median": 2.40027952194,
        "min": -1.90295600891,
        "var": 37.5316162109
    },
    "barkbands_skewness": {
        "dmean": 0.417013496161,
        "dmean2": 0.643633663654,
        "dvar": 0.199188500643,
        "dvar2": 0.451860070229,
        "max": 7.16566610336,
        "mean": 1.31793916225,
        "median": 1.18971216679,
        "min": -6.42197942734,
        "var": 1.09703850746
    },
    "barkbands_spread": {
        "dmean": 3.57890033722,
        "dmean2": 5.53700733185,
        "dvar": 35.5001296997,
        "dvar2": 76.4196929932,
        "max": 97.7606811523,
        "mean": 15.6747732162,
        "median": 11.7909841537,
        "min": 1.31196475029,
        "var": 163.878341675
    },
    "dissonance": {
        "dmean": 0.0275246668607,
        "dmean2": 0.0467558763921,
        "dvar": 0.000689782085828,
        "dvar2": 0.00190580938943,
        "max": 0.500000059605,
        "mean": 0.443224877119,
        "median": 0.453229993582,
        "min": 0.219107940793,
        "var": 0.00179984106217
    },
    "dynamic_complexity": 4.01301431656,
    "erbbands_crest": {
        "dmean": 2.64710140228,
        "dmean2": 4.19475650787,
        "dvar": 5.98529243469,
        "dvar2": 14.3525276184,
        "max": 32.2334976196,
        "mean": 11.6062545776,
        "median": 10.4163017273,
        "min": 2.49374008179,
        "var": 29.990530014
    },
    "erbbands_flatness_db": {
        "dmean": 0.0157434754074,
        "dmean2": 0.0235375892371,
        "dvar": 0.000218803965254,
        "dvar2": 0.000476421264466,
        "max": 0.357979506254,
        "mean": 0.197418004274,
        "median": 0.201669365168,
        "min": 0.0493967309594,
        "var": 0.00281456625089
    },
    "erbbands_kurtosis": {
        "dmean": 1.37936329842,
        "dmean2": 2.15553927422,
        "dvar": 3.88421154022,
        "dvar2": 9.52996921539,
        "max": 43.6249427795,
        "mean": 2.34980916977,
        "median": 1.25332927704,
        "min": -1.78910648823,
        "var": 14.8608703613
    },
    "erbbands_skewness": {
        "dmean": 0.357320815325,
        "dmean2": 0.551939427853,
        "dvar": 0.126696273685,
        "dvar2": 0.282980471849,
        "max": 4.86871194839,
        "mean": 0.839089930058,
        "median": 0.809615850449,
        "min": -5.35590410233,
        "var": 0.823932170868
    },
    "erbbands_spread": {
        "dmean": 5.4591217041,
        "dmean2": 8.37391471863,
        "dvar": 54.6043319702,
        "dvar2": 121.389328003,
        "max": 126.178535461,
        "mean": 26.5627059937,
        "median": 21.5298976898,
        "min": 2.5743188858,
        "var": 301.878326416
    },
    "hfc": {
        "dmean": 5.85893678665,
        "dmean2": 8.44484138489,
        "dvar": 143.697647095,
        "dvar2": 285.055999756,
        "max": 304.659088135,
        "mean": 20.6885967255,
        "median": 12.350985527,
        "min": 1.18463976595e-16,
        "var": 595.491516113
    },
    "melbands_crest": {
        "dmean": 2.93047857285,
        "dmean2": 4.80431699753,
        "dvar": 7.19110250473,
        "dvar2": 18.5937194824,
        "max": 32.5277442932,
        "mean": 13.0967617035,
        "median": 12.1737451553,
        "min": 1.90864574909,
        "var": 23.5579051971
    },
    "melbands_flatness_db": {
        "dmean": 0.0187721867114,
        "dmean2": 0.029263343662,
        "dvar": 0.000365369545761,
        "dvar2": 0.000835310376715,
        "max": 0.41560035944,
        "mean": 0.210301235318,
        "median": 0.204825058579,
        "min": 0.00716089596972,
        "var": 0.00418522628024
    },
    "melbands_kurtosis": {
        "dmean": 3.73337101936,
        "dmean2": 5.94935035706,
        "dvar": 43.4718322754,
        "dvar2": 108.236083984,
        "max": 160.377700806,
        "mean": 7.83518838882,
        "median": 4.57410049438,
        "min": -1.8669052124,
        "var": 106.627197266
    },
    "melbands_skewness": {
        "dmean": 0.499094694853,
        "dmean2": 0.779889464378,
        "dvar": 0.318626791239,
        "dvar2": 0.746105968952,
        "max": 10.0829229355,
        "mean": 1.74484944344,
        "median": 1.60738897324,
        "min": -2.07559704781,
        "var": 1.63353025913
    },
    "melbands_spread": {
        "dmean": 5.23722934723,
        "dmean2": 8.0615978241,
        "dvar": 134.946975708,
        "dvar2": 262.480194092,
        "max": 229.909362793,
        "mean": 20.3701114655,
        "median": 15.6904058456,
        "min": 1.58863377571,
        "var": 412.016906738
    },
    "pitch_salience": {
        "dmean": 0.0603839494288,
        "dmean2": 0.0985156521201,
        "dvar": 0.00276799616404,
        "dvar2": 0.0071779936552,
        "max": 0.839909732342,
        "mean": 0.569894254208,
        "median": 0.581697642803,
        "min": 0.169508606195,
        "var": 0.0119401337579
    },
    "silence_rate_20dB": {
        "dmean": 0,
        "dmean2": 0,
        "dvar": 0,
        "dvar2": 0,
        "max": 1,
        "mean": 1,
        "median": 1,
        "min": 1,
        "var": 0
    },
    "silence_rate_30dB": {
        "dmean": 0.000719597039279,
        "dmean2": 0.00143936672248,
        "dvar": 0.00071906397352,
        "dvar2": 0.00191702286247,
        "max": 1,
        "mean": 0.999400436878,
        "median": 1,
        "min": 0,
        "var": 0.00059927633265
    },
    "silence_rate_60dB": {
        "dmean": 0.0191892534494,
        "dmean2": 0.0383831113577,
        "dvar": 0.0188194420189,
        "dvar2": 0.0469797104597,
        "max": 1,
        "mean": 0.107207097113,
        "median": 0,
        "min": 0,
        "var": 0.0956995859742
    },
    "spectral_centroid": {
        "dmean": 162.564178467,
        "dmean2": 249.01663208,
        "dvar": 73146.3359375,
        "dvar2": 131732.46875,
        "max": 11414.5966797,
        "mean": 1095.00195312,
        "median": 969.121765137,
        "min": 215.74836731,
        "var": 391924.875
    },
    "spectral_complexity": {
        "dmean": 2.2242743969,
        "dmean2": 3.63679981232,
        "dvar": 4.93948364258,
        "dvar2": 12.2300577164,
        "max": 53,
        "mean": 15.6124238968,
        "median": 15,
        "min": 0,
        "var": 62.976524353
    },
    "spectral_decrease": {
        "dmean": 1.53540014036e-09,
        "dmean2": 2.40128383844e-09,
        "dvar": 5.41181633633e-18,
        "dvar2": 1.34807948805e-17,
        "max": -3.83345221148e-29,
        "mean": -5.5588618153e-09,
        "median": -4.25240953561e-09,
        "min": -5.02228694188e-08,
        "var": 2.20217796395e-17
    },
    "spectral_energy": {
        "dmean": 0.00620620790869,
        "dmean2": 0.00963859073818,
        "dvar": 8.49604330142e-05,
        "dvar2": 0.000210395650356,
        "max": 0.198662161827,
        "mean": 0.0228569209576,
        "median": 0.0176165290177,
        "min": 1.08897261355e-20,
        "var": 0.000370201538317
    },
    "spectral_energyband_high": {
        "dmean": 0.000341768696671,
        "dmean2": 0.000480475922814,
        "dvar": 1.97097801902e-06,
        "dvar2": 3.51792641595e-06,
        "max": 0.0396542735398,
        "mean": 0.000775536056608,
        "median": 0.000157113972818,
        "min": 7.31836091612e-21,
        "var": 5.78972549192e-06
    },
    "spectral_energyband_low": {
        "dmean": 0.00197041663341,
        "dmean2": 0.00331762013957,
        "dvar": 3.75363160856e-05,
        "dvar2": 9.90984335658e-05,
        "max": 0.134179443121,
        "mean": 0.00382046354935,
        "median": 0.00106806575786,
        "min": 1.19134329265e-22,
        "var": 5.96776990278e-05
    },
    "spectral_energyband_middle_high": {
        "dmean": 0.00234379805624,
        "dmean2": 0.00352249597199,
        "dvar": 2.16274165723e-05,
        "dvar2": 4.9484486226e-05,
        "max": 0.0952002108097,
        "mean": 0.00773323467001,
        "median": 0.002827397082,
        "min": 1.88641769867e-21,
        "var": 0.000126922052004
    },
    "spectral_energyband_middle_low": {
        "dmean": 0.00380182918161,
        "dmean2": 0.00596574880183,
        "dvar": 3.56626514986e-05,
        "dvar2": 8.70329604368e-05,
        "max": 0.104593746364,
        "mean": 0.0115503342822,
        "median": 0.00876009743661,
        "min": 3.9056094472e-22,
        "var": 0.000115280454338
    },
    "spectral_entropy": {
        "dmean": 0.133927643299,
        "dmean2": 0.202738642693,
        "dvar": 0.0207544323057,
        "dvar2": 0.0427444055676,
        "max": 9.79941749573,
        "mean": 7.28521299362,
        "median": 7.28559112549,
        "min": 5.72587919235,
        "var": 0.293176293373
    },
    "spectral_flux": {
        "dmean": 0.019138937816,
        "dmean2": 0.0305406693369,
        "dvar": 0.000548300449736,
        "dvar2": 0.00127584661823,
        "max": 0.386343806982,
        "mean": 0.0689788684249,
        "median": 0.0593946948647,
        "min": 1.04353851949e-10,
        "var": 0.00202020327561
    },
    "spectral_kurtosis": {
        "dmean": 2.26037812233,
        "dmean2": 3.86865305901,
        "dvar": 12.0782394409,
        "dvar2": 33.8062973022,
        "max": 75.6165390015,
        "mean": 6.99733638763,
        "median": 4.81369161606,
        "min": -1.28890037537,
        "var": 51.5420875549
    },
    "spectral_rms": {
        "dmean": 0.000578417151701,
        "dmean2": 0.000886417459697,
        "dvar": 4.42463544914e-07,
        "dvar2": 1.04860305328e-06,
        "max": 0.0139218084514,
        "mean": 0.00427764793858,
        "median": 0.00414570374414,
        "min": 3.25946669828e-12,
        "var": 4.00126373279e-06
    },
    "spectral_rolloff": {
        "dmean": 324.575256348,
        "dmean2": 543.721374512,
        "dvar": 736293.3125,
        "dvar2": 1526580.25,
        "max": 19293.75,
        "mean": 1324.81640625,
        "median": 947.4609375,
        "min": 107.666015625,
        "var": 1884665.25
    },
    "spectral_skewness": {
        "dmean": 0.241430491209,
        "dmean2": 0.390636920929,
        "dvar": 0.0740379914641,
        "dvar2": 0.185242965817,
        "max": 6.91133832932,
        "mean": 1.93108713627,
        "median": 1.7572760582,
        "min": -0.230143249035,
        "var": 0.695808053017
    },
    "spectral_spread": {
        "dmean": 416371.6875,
        "dmean2": 618492.625,
        "dvar": 486139035648,
        "dvar2": 800366854144,
        "max": 41074760,
        "mean": 4094581.25,
        "median": 3815943,
        "min": 921292.375,
        "var": 2.44561136845e+12
    },
    "spectral_strongpeak": {
        "dmean": 0.641541957855,
        "dmean2": 1.04089462757,
        "dvar": 0.929219901562,
        "dvar2": 2.21973776817,
        "max": 16.1787471771,
        "mean": 1.69612562656,
        "median": 0.834350764751,
        "min": 0,
        "var": 3.51806211472
    },
    "zerocrossingrate": {
        "dmean": 0.00746927410364,
        "dmean2": 0.00884224195033,
        "dvar": 0.000185761789908,
        "dvar2": 0.000181222494575,
        "max": 0.58349609375,
        "mean": 0.054179251194,
        "median": 0.04541015625,
        "min": 0.0078125,
        "var": 0.00144065509085
    },
    "barkbands": {
        "dmean": [0.00010590779857, 0.000933328061365, 0.000940944184549, 0.000855865771882, 0.00132415408734, 0.000763933057897, 0.000608895730693, 0.000674153270666, 0.00134108727798, 0.00125355040655, 0.000886522699147, 0.000443189986981, 0.000442834047135, 0.000322101433994, 0.000160810363013, 9.86342201941e-05, 0.000121858312923, 0.00013624629355, 0.000102442623756, 5.54429279873e-05, 5.9546353441e-05, 7.57089801482e-05, 9.58912351052e-05, 0.000110016597318, 3.48806788679e-05, 1.70019447978e-05, 2.83093800135e-06],
        "dmean2": [0.000153647968546, 0.00154665613081, 0.00162806268781, 0.00148555380292, 0.00220327614807, 0.00118286686484, 0.000970640860032, 0.00103678170126, 0.00199241377413, 0.00185705674812, 0.00136165949516, 0.000704930338543, 0.000651493668556, 0.000504510011524, 0.000260481639998, 0.000153041371959, 0.000192978899577, 0.000210873855394, 0.000159112983965, 9.02640167624e-05, 9.20830934774e-05, 0.000112304696813, 0.000136457369081, 0.00015717720089, 5.37324121979e-05, 2.68688454526e-05, 4.76946934214e-06],
        "dvar": [3.33943575015e-07, 1.35223608595e-05, 1.01134282886e-05, 2.96095208796e-06, 7.48565980757e-06, 1.90748664863e-06, 2.02966339202e-06, 6.91366813044e-06, 1.57104586833e-05, 1.28783121909e-05, 6.83952384861e-06, 2.40363556259e-06, 1.6863015162e-06, 2.80286485577e-06, 6.1841723209e-07, 8.556646236e-08, 1.5645694873e-07, 2.14191004488e-07, 9.5134851108e-08, 3.05913090415e-08, 4.17166177158e-08, 9.11305164664e-08, 2.0273675716e-07, 4.04649313168e-07, 2.87663404208e-08, 4.54098891822e-09, 1.40034206453e-10],
        "dvar2": [6.6454390435e-07, 3.51211165253e-05, 2.84621946776e-05, 8.74938814377e-06, 2.03342096938e-05, 4.50654260931e-06, 4.72589044875e-06, 1.69865306816e-05, 3.43213323504e-05, 2.80845142697e-05, 1.47750879478e-05, 5.52521532882e-06, 3.3719388739e-06, 6.29090527582e-06, 1.67856399003e-06, 1.67294103903e-07, 3.6904319245e-07, 4.55708118352e-07, 2.20914230908e-07, 7.36737604257e-08, 8.94262655038e-08, 1.86855885431e-07, 3.82032908419e-07, 8.23582638532e-07, 6.41456523454e-08, 1.15442775339e-08, 3.69904107345e-10],
        "max": [0.0139033403248, 0.0917800292373, 0.0532625764608, 0.038894597441, 0.0625138580799, 0.03893795982, 0.0430762022734, 0.0851596295834, 0.074611864984, 0.0687310472131, 0.0562582239509, 0.0497240014374, 0.0321980640292, 0.0806944966316, 0.0446785353124, 0.0137402508408, 0.0182758364826, 0.0230474192649, 0.00943074095994, 0.0100931972265, 0.00630520889536, 0.00989584624767, 0.0170791745186, 0.0191395934671, 0.0057298685424, 0.000991267734207, 0.00017308734823],
        "mean": [0.00012079760927, 0.00165923067834, 0.00129898195155, 0.001359653892, 0.00245034857653, 0.00177625718061, 0.00145017984323, 0.00124057917856, 0.00278085633181, 0.00266214041039, 0.00179643463343, 0.000795077590737, 0.000821929133963, 0.000557420018595, 0.000296285288641, 0.000201270668185, 0.000256162806181, 0.00026933659683, 0.000215990963625, 0.000127676030388, 0.000127335748402, 0.000155192741659, 0.000180543807801, 0.000179153343197, 5.29928220203e-05, 2.27116070164e-05, 2.42299461206e-06],
        "median": [2.49304457611e-06, 0.000170696468558, 0.000319548969856, 0.00059785565827, 0.00145419244654, 0.00107685360126, 0.000665707222652, 0.000344853731804, 0.000581252912525, 0.000313509779517, 0.000226043383009, 0.000163486954989, 0.000163013464771, 0.000113786867587, 8.60737927724e-05, 7.28514860384e-05, 6.55670592096e-05, 8.0529061961e-05, 6.25449174549e-05, 2.51980345638e-05, 2.78206480289e-05, 3.41852355632e-05, 2.66084025498e-05, 1.8181041014e-05, 5.20592448083e-06, 1.2181241118e-06, 4.59099496197e-08],
        "min": [5.78059095991e-23, 6.49216621561e-23, 2.06928375968e-23, 2.4542939509e-23, 1.37823876681e-23, 3.46884733002e-23, 7.79399370633e-23, 6.25378885836e-23, 1.6185262403e-22, 5.78112422988e-23, 8.96328372972e-23, 9.46603235769e-23, 2.38553860145e-22, 1.72528007292e-22, 1.7514854011e-22, 2.50596244693e-22, 1.19394943664e-22, 1.9324454227e-22, 4.21733875173e-22, 2.60694926457e-22, 3.67435985844e-22, 4.78097469359e-22, 7.11628671053e-22, 6.62751051314e-22, 1.00716630889e-21, 1.73748601042e-21, 2.48981849055e-21],
        "var": [4.51304146054e-07, 1.89549755305e-05, 9.9235394373e-06, 4.47017009719e-06, 1.18350762932e-05, 5.64033825867e-06, 6.06327148489e-06, 1.55536854436e-05, 5.10176541866e-05, 5.04443960381e-05, 2.42790738412e-05, 4.6458712859e-06, 4.94756977787e-06, 5.53183099328e-06, 1.05748495116e-06, 2.9901636367e-07, 5.12426083787e-07, 4.55339403516e-07, 1.85100816452e-07, 6.58486953853e-08, 1.0629986491e-07, 2.21611770712e-07, 5.26352948782e-07, 8.58757744027e-07, 4.59729534441e-08, 5.14590858813e-09, 1.08947663391e-10]
    },
    "erbbands": {
        "dmean": [0.0288553964347, 0.222291126847, 0.920449078083, 2.11141037941, 3.18912601471, 5.24653816223, 5.99360179901, 6.09244251251, 8.87480735779, 8.75963497162, 19.1698513031, 30.2280101776, 31.4236354828, 38.3777618408, 24.3846035004, 16.3065471649, 17.7156562805, 16.1970005035, 9.22379302979, 7.11410903931, 4.72623443604, 6.723341465, 7.57467651367, 5.30022954941, 4.58350372314, 2.17576909065, 2.14267659187, 2.65886878967, 2.64455842972, 2.70694613457, 2.74989581108, 2.67962145805, 1.59525179863, 0.545044004917, 0.178612262011, 0.0858060568571, 0.0308585129678, 0.00562337739393, 0.000546234310605, 1.93362193386e-05],
        "dmean2": [0.0468809865415, 0.366594254971, 1.58375144005, 3.65624284744, 5.4360165596, 8.73197841644, 9.49587059021, 9.28968238831, 14.3999767303, 13.4509191513, 29.2407932281, 44.9157981873, 46.3632011414, 56.4366188049, 36.9714393616, 25.75349617, 25.9725055695, 25.019739151, 14.5090589523, 11.2692289352, 7.37121391296, 10.5153074265, 11.7712869644, 8.10149765015, 6.997382164, 3.4714114666, 3.42573213577, 4.07976579666, 3.99147057533, 3.93167543411, 3.94712758064, 3.82971763611, 2.3707242012, 0.830631494522, 0.279956102371, 0.134739294648, 0.0498504452407, 0.00925790332258, 0.000921550090425, 3.10794639518e-05],
        "dvar": [0.0178686250001, 0.746692895889, 10.9198503494, 22.9349040985, 40.5057754517, 132.511047363, 169.862228394, 140.904327393, 399.073974609, 1191.87658691, 4088.26489258, 9551.50097656, 7924.87109375, 10856.4335938, 4804.38720703, 3766.82617188, 2846.36035156, 5366.78955078, 2283.13183594, 779.489013672, 199.100601196, 474.355194092, 807.012817383, 290.482635498, 194.4296875, 38.4846076965, 48.21824646, 96.9087600708, 113.185180664, 126.378807068, 192.138656616, 217.391342163, 93.6455001831, 9.45488929749, 0.487343072891, 0.120337806642, 0.0153294764459, 0.000453447108157, 5.73966781303e-06, 3.40054251424e-09],
        "dvar2": [0.0469450429082, 1.94510340691, 30.4573478699, 67.7740859985, 113.557006836, 357.502349854, 398.951416016, 318.474365234, 1021.44415283, 2909.17358398, 9887.52148438, 20784.3242188, 16971.3925781, 24416.3847656, 10141.1035156, 9103.15820312, 5683.73876953, 11438.9208984, 5697.52099609, 1857.60009766, 394.648773193, 1071.11828613, 1735.98010254, 660.47088623, 434.165771484, 92.6094894409, 114.553024292, 201.992721558, 237.955108643, 236.656768799, 374.91229248, 438.758331299, 203.415039062, 20.2565364838, 1.17371559143, 0.3055998981, 0.0397977568209, 0.00117150670849, 1.52890970639e-05, 8.72496030979e-09],
        "max": [3.21485710144, 24.4039592743, 60.2403755188, 98.2089691162, 146.380355835, 304.607818604, 296.478851318, 478.536315918, 769.869750977, 1435.39550781, 1671.53808594, 2082.29077148, 2085.44335938, 2830.48046875, 2195.75952148, 2325.73779297, 1474.95898438, 4779.40185547, 2462.33374023, 1123.68774414, 637.656433105, 1128.5456543, 1555.73925781, 669.091796875, 512.436706543, 296.209289551, 174.698455811, 334.747619629, 358.098266602, 361.610351562, 612.325134277, 418.482574463, 311.347229004, 109.176780701, 19.5037345886, 5.8642334938, 1.87966656685, 0.295022636652, 0.0309232603759, 0.000927721965127],
        "mean": [0.0444338098168, 0.388329058886, 1.37866652012, 3.41252088547, 5.34332084656, 8.97450065613, 12.294301033, 15.5475664139, 21.8898429871, 19.0034408569, 37.5627555847, 62.6580047607, 71.2191390991, 88.4140548706, 54.2264862061, 33.9491157532, 36.2499923706, 32.9962387085, 17.9467658997, 14.9148521423, 11.5486860275, 14.8918542862, 15.722615242, 11.7598085403, 10.170580864, 5.55481338501, 4.82417345047, 5.45160341263, 5.37438583374, 5.3847026825, 5.08027982712, 4.4550485611, 2.50486397743, 0.829163491726, 0.274735361338, 0.121920779347, 0.0379264205694, 0.00594600010663, 0.000491170387249, 4.04894999519e-05],
        "median": [0.00254978775047, 0.0511351935565, 0.345542281866, 1.53230428696, 3.08797764778, 4.87205791473, 6.4053850174, 9.09766101837, 10.392121315, 7.3368935585, 11.3502502441, 13.8829717636, 13.7341909409, 14.3674135208, 10.1263875961, 7.80425882339, 8.56217861176, 7.746322155, 5.9862203598, 4.7085518837, 3.82143306732, 4.40622138977, 4.95152902603, 3.75350594521, 2.98605322838, 1.27835822105, 0.946768343449, 1.22278296947, 1.1235216856, 1.02190411091, 0.690591692924, 0.470937758684, 0.229412332177, 0.076904527843, 0.0289663914591, 0.00716794934124, 0.00205782568082, 0.00027555093402, 2.30270343309e-05, 2.37521944655e-05],
        "min": [2.36979086781e-21, 1.29725596478e-20, 2.14760256202e-20, 5.78157695273e-20, 7.36853135897e-20, 3.7930799966e-20, 8.02940795561e-20, 3.36539336946e-19, 1.07089645534e-18, 9.48225777298e-19, 2.00011465614e-18, 3.13804117544e-18, 2.80465202661e-18, 3.36892713674e-18, 2.86667754445e-18, 5.7796565237e-18, 9.6234424075e-18, 8.72670169569e-18, 9.84924038085e-18, 1.27542920747e-17, 9.4597549448e-18, 7.12170909109e-18, 7.26783385502e-18, 1.86057884074e-17, 1.90275678017e-17, 1.09352515973e-17, 1.61284866976e-17, 1.48360997085e-17, 1.71187194981e-17, 1.95131658347e-17, 1.88987294583e-17, 1.58863494256e-17, 1.06270846329e-17, 1.01995050482e-17, 8.96010559478e-18, 6.42620446511e-18, 2.79848766989e-18, 1.32803133902e-18, 2.5690433293e-19, 4.4348212561e-20],
        "var": [0.0225372314453, 0.953335702419, 11.3343639374, 29.8227844238, 54.0540390015, 195.851364136, 424.223266602, 488.381652832, 1176.0916748, 2476.37817383, 10531.0585938, 30090.9511719, 30311.4453125, 48514.5039062, 17823.265625, 7575.83251953, 8688.38867188, 11261.9345703, 3810.44970703, 2015.44189453, 909.260192871, 1559.51025391, 1724.31115723, 591.668945312, 427.735076904, 105.097175598, 117.691101074, 234.047576904, 263.705596924, 334.824554443, 472.225067139, 492.294891357, 171.844085693, 16.1083450317, 0.716288864613, 0.144989773631, 0.0154507765546, 0.000423673336627, 4.4227640501e-06, 3.89847798488e-09]
    },
    "gfcc": {
        "mean": [-32.6950454712, 105.71673584, -128.208999634, 12.7733373642, -75.8226699829, 10.0060138702, -40.1781959534, 0.141701638699, -24.4837799072, -9.47124576569, -14.0399131775, -3.68471622467, -13.1279859543],
        "cov": [[7257.41259766, -1814.73791504, 192.222167969, 927.231994629, 387.673980713, 553.792602539, 295.354980469, 456.928161621, -260.99810791, 170.384597778, -165.580307007, 411.075408936, -86.0369873047], [-1814.73791504, 1923.61181641, 148.240341187, -283.268005371, 198.045837402, -199.177658081, 2.80870223045, -226.338256836, 183.194198608, -119.281478882, 194.519134521, -162.846054077, 105.717552185], [192.222167969, 148.240341187, 910.563781738, 223.052246094, 86.2181091309, 117.752182007, -32.0457000732, 39.1896324158, -4.45900440216, 118.77281189, 23.6258544922, 26.4262371063, 16.76146698], [927.231994629, -283.268005371, 223.052246094, 486.040252686, 142.542907715, 92.600769043, 31.4283370972, 89.9586791992, -25.0180988312, 64.8624801636, -12.770816803, 59.7863502502, 19.9708442688], [387.673980713, 198.045837402, 86.2181091309, 142.542907715, 393.921325684, 20.475643158, 82.0640029907, 77.3809661865, 18.4594593048, 52.3499526978, -11.7135944366, 55.8897590637, 48.920791626], [553.792602539, -199.177658081, 117.752182007, 92.600769043, 20.475643158, 274.934539795, 127.550010681, 29.8138999939, -56.6804351807, 14.4693126678, 12.5121860504, 41.1202201843, -10.5452108383], [295.354980469, 2.80870223045, -32.0457000732, 31.4283370972, 82.0640029907, 127.550010681, 242.56628418, 49.0332221985, -39.1294021606, 0.153893813491, 10.6587982178, 35.7945976257, 1.16246843338], [456.928161621, -226.338256836, 39.1896324158, 89.9586791992, 77.3809661865, 29.8138999939, 49.0332221985, 166.895217896, 10.9475030899, 47.4623794556, -41.2406768799, 39.9409179688, 10.5786733627], [-260.99810791, 183.194198608, -4.45900440216, -25.0180988312, 18.4594593048, -56.6804351807, -39.1294021606, 10.9475030899, 132.39491272, 21.6544132233, -9.01206016541, -38.8366775513, 27.0771427155], [170.384597778, -119.281478882, 118.77281189, 64.8624801636, 52.3499526978, 14.4693126678, 0.153893813491, 47.4623794556, 21.6544132233, 124.56855011, 1.35663366318, 20.6396789551, 5.53597688675], [-165.580307007, 194.519134521, 23.6258544922, -12.770816803, -11.7135944366, 12.5121860504, 10.6587982178, -41.2406768799, -9.01206016541, 1.35663366318, 133.447525024, 13.4343194962, 1.26404106617], [411.075408936, -162.846054077, 26.4262371063, 59.7863502502, 55.8897590637, 41.1202201843, 35.7945976257, 39.9409179688, -38.8366775513, 20.6396789551, 13.4343194962, 119.81199646, 17.5848960876], [-86.0369873047, 105.717552185, 16.76146698, 19.9708442688, 48.920791626, -10.5452108383, 1.16246843338, 10.5786733627, 27.0771427155, 5.53597688675, 1.26404106617, 17.5848960876, 97.4007415771]],
        "icov": [[0.000284189038211, 5.25245013705e-05, 8.86006528162e-05, -0.000340683356626, -0.000108076550532, -0.000341022037901, 7.62120180298e-05, -0.000306273956085, 0.000123300618725, 6.54672066958e-06, 0.000209114208701, -0.000543736678082, 0.000359149591532], [5.25245013705e-05, 0.00247821491212, -0.00116798467934, 0.00108738010749, -0.00213592057116, 0.00150669144932, -0.00150248524733, 0.00214057881385, -0.00252844020724, 0.00290456553921, -0.00320896762423, 0.00237677874975, -0.00149367377162], [8.86006528162e-05, -0.00116798467934, 0.00208427710459, -0.00108034873847, 0.000807318137959, -0.00161629519425, 0.0014413211029, -0.001077676774, 0.00143075035885, -0.00252487626858, 0.00133629457559, -0.00105131580494, 0.000646407890599], [-0.000340683356626, 0.00108738010749, -0.00108034873847, 0.00381729356013, -0.00158992351498, 0.000448752194643, -0.000282737833913, 0.000437145092292, -0.000753675412852, 0.0009634703747, -0.00167229888029, 0.00148446590174, -0.00136644556187], [-0.000108076550532, -0.00213592057116, 0.000807318137959, -0.00158992351498, 0.00540920253843, -0.000479885784443, -0.000147171856952, -0.00212239217944, 0.00148200255353, -0.00306826271117, 0.00297858240083, -0.00286590890028, 0.000114530070277], [-0.000341022037901, 0.00150669144932, -0.00161629519425, 0.000448752194643, -0.000479885784443, 0.00732161849737, -0.00418819533661, 0.0019283737056, -0.000706044782419, 0.00177598744631, -0.00229982915334, 0.00154412572738, -0.0010297835106], [7.62120180298e-05, -0.00150248524733, 0.0014413211029, -0.000282737833913, -0.000147171856952, -0.00418819533661, 0.00774920871481, -0.00313829630613, 0.00268814433366, -0.00132364884485, 0.00112120353151, -0.00140828615986, 0.000944519299082], [-0.000306273956085, 0.00214057881385, -0.001077676774, 0.000437145092292, -0.00212239217944, 0.0019283737056, -0.00313829630613, 0.0114792278036, -0.00394666474313, 0.000264459813479, -0.000124027894344, 0.000314224133035, -0.0014055891661], [0.000123300618725, -0.00252844020724, 0.00143075035885, -0.000753675412852, 0.00148200255353, -0.000706044782419, 0.00268814433366, -0.00394666474313, 0.0135807627812, -0.00516772549599, 0.00311550498009, 0.00141897902358, -0.00144097569864], [6.54672066958e-06, 0.00290456553921, -0.00252487626858, 0.0009634703747, -0.00306826271117, 0.00177598744631, -0.00132364884485, 0.000264459813479, -0.00516772549599, 0.0144077250734, -0.00458433758467, 0.0016051910352, -0.000802004651632], [0.000209114208701, -0.00320896762423, 0.00133629457559, -0.00167229888029, 0.00297858240083, -0.00229982915334, 0.00112120353151, -0.000124027894344, 0.00311550498009, -0.00458433758467, 0.0131664630026, -0.00543870637193, 0.00224117957987], [-0.000543736678082, 0.00237677874975, -0.00105131580494, 0.00148446590174, -0.00286590890028, 0.00154412572738, -0.00140828615986, 0.000314224133035, 0.00141897902358, 0.0016051910352, -0.00543870637193, 0.0155568970367, -0.00481797475368], [0.000359149591532, -0.00149367377162, 0.000646407890599, -0.00136644556187, 0.000114530070277, -0.0010297835106, 0.000944519299082, -0.0014055891661, -0.00144097569864, -0.000802004651632, 0.00224117957987, -0.00481797475368, 0.0136335631832]]
    },
    "melbands": {
        "dmean": [0.000250033248449, 0.000403697165893, 0.000370255147573, 0.000300867512124, 0.000205932286917, 0.000140957272379, 0.000127304709167, 0.000100511206256, 0.000180376431672, 0.00019091257127, 0.000165822420968, 0.000165675766766, 0.00010071820725, 4.77744688396e-05, 4.68604994239e-05, 4.4298463763e-05, 3.10600844386e-05, 1.73035605258e-05, 1.35923846756e-05, 7.51510151531e-06, 5.90350100538e-06, 7.59178874432e-06, 7.05767979525e-06, 6.95155722497e-06, 4.64780623588e-06, 3.93224263462e-06, 2.95415134133e-06, 1.39358394335e-06, 1.45149533637e-06, 1.52118536789e-06, 1.73283149252e-06, 1.61769389706e-06, 1.53012422288e-06, 1.60296235663e-06, 1.59494391028e-06, 1.80423967322e-06, 1.71684200723e-06, 1.29571583329e-06, 7.66331481827e-07, 3.71849580461e-07],
        "dmean2": [0.000408684369177, 0.000689530512318, 0.000640328566078, 0.000505513395183, 0.000329522852553, 0.000217029984924, 0.00020518002566, 0.000153616885655, 0.000272772856988, 0.000283612753265, 0.000243719754508, 0.00024354524794, 0.00015200751659, 7.40810282878e-05, 7.15467467671e-05, 6.52806847938e-05, 4.80967246403e-05, 2.70373275271e-05, 2.20866313612e-05, 1.17054860311e-05, 9.36481501412e-06, 1.20716704259e-05, 1.0848927559e-05, 1.08328877104e-05, 7.2596476457e-06, 6.0831994233e-06, 4.71867133456e-06, 2.2759006697e-06, 2.36627238337e-06, 2.39972200688e-06, 2.68543794846e-06, 2.48867172559e-06, 2.28773888011e-06, 2.34387653109e-06, 2.38057259594e-06, 2.63658125732e-06, 2.47457774094e-06, 1.9607507511e-06, 1.16662056371e-06, 5.78618823965e-07],
        "dvar": [1.09866346065e-06, 2.17243837142e-06, 6.02457078003e-07, 4.17216682536e-07, 1.86721038631e-07, 6.79185205854e-08, 7.72935067062e-08, 1.76939337848e-07, 3.37944385365e-07, 3.7933278918e-07, 2.2144780587e-07, 1.97983879957e-07, 8.04886113315e-08, 3.53622731097e-08, 2.11641868475e-08, 1.86830586557e-08, 2.39861837059e-08, 1.07165485375e-08, 5.24342169683e-09, 5.8968291361e-10, 4.15551926203e-10, 6.14001849364e-10, 6.96506352593e-10, 5.90955062663e-10, 2.32445410142e-10, 1.45277609387e-10, 8.73929262291e-11, 1.52264451048e-11, 2.08314650252e-11, 2.67290772848e-11, 4.39200828484e-11, 4.52181486699e-11, 3.27799835886e-11, 4.90363305516e-11, 7.38405447898e-11, 8.13792713772e-11, 9.84452797059e-11, 6.59550469795e-11, 2.14539341153e-11, 4.23996428245e-12],
        "dvar2": [2.85087207885e-06, 5.93518689129e-06, 1.74724243607e-06, 1.15925763566e-06, 4.46286748002e-07, 1.58601324074e-07, 1.94348160676e-07, 4.4164013957e-07, 8.12368341485e-07, 8.21915421056e-07, 4.74643115922e-07, 4.43199269284e-07, 1.73259550706e-07, 7.94100785129e-08, 4.820306998e-08, 3.63112775403e-08, 5.1954149427e-08, 2.58271999343e-08, 1.39642262198e-08, 1.14896603343e-09, 8.47355186018e-10, 1.41089739891e-09, 1.53028556493e-09, 1.33272592961e-09, 5.49177536779e-10, 3.0509184068e-10, 2.08649819644e-10, 3.84209018767e-11, 5.24515604561e-11, 6.00048274957e-11, 9.62882065747e-11, 1.01581236478e-10, 6.49293466215e-11, 9.84588521824e-11, 1.53439858042e-10, 1.60126495397e-10, 2.12807632627e-10, 1.52277496168e-10, 4.69645954071e-11, 9.21988266983e-12],
        "max": [0.0211369004101, 0.0332018025219, 0.0156041989103, 0.0153966899961, 0.00922741834074, 0.00928953010589, 0.0099771823734, 0.0185853838921, 0.0135952029377, 0.014024916105, 0.0104900980368, 0.0116381086409, 0.00585721898824, 0.00638425396755, 0.00392632745206, 0.0038388967514, 0.00970629788935, 0.0060061942786, 0.00397929362953, 0.00142954802141, 0.00101857050322, 0.00130655441899, 0.00130212830845, 0.000843740242999, 0.000619427708443, 0.000450676947366, 0.000532130536158, 0.000133151814225, 0.000107868188934, 0.000140393502079, 0.00025143061066, 0.000236238760408, 0.000146962935105, 0.000235815692577, 0.000469163904199, 0.000271150784101, 0.000277824379737, 0.000275458092801, 0.000138419272844, 7.77002060204e-05],
        "mean": [0.000432881119195, 0.00066083209822, 0.000633691728581, 0.00051747111138, 0.000432605389506, 0.000355840631528, 0.000314738717861, 0.000204070820473, 0.000343132793205, 0.000395216426114, 0.000363886269042, 0.000374580500647, 0.000213149309275, 9.1497808171e-05, 8.59421706991e-05, 8.40200009407e-05, 5.79179431952e-05, 2.97180031339e-05, 2.41578763962e-05, 1.55942343554e-05, 1.28335796035e-05, 1.56913774845e-05, 1.41224372783e-05, 1.30243988679e-05, 9.09253049031e-06, 8.07476044429e-06, 5.86235228184e-06, 3.16546515933e-06, 2.98782629216e-06, 2.98219288197e-06, 3.22505024997e-06, 3.05412231683e-06, 2.92580853056e-06, 2.97490328194e-06, 2.79665641756e-06, 3.04824880004e-06, 2.65000016952e-06, 1.94105723494e-06, 1.12659711249e-06, 5.43696330624e-07],
        "median": [3.50966583937e-05, 0.000145088881254, 0.000323202839354, 0.00031447832589, 0.000239032233367, 0.000220646295929, 0.000154907960678, 6.5610765887e-05, 9.22740218812e-05, 7.45190045564e-05, 5.74830046389e-05, 5.14022613061e-05, 3.0648046959e-05, 1.9456481823e-05, 1.70489565789e-05, 1.50476653289e-05, 1.20647709991e-05, 7.98410655989e-06, 6.40157259113e-06, 5.23265362062e-06, 3.84256827601e-06, 4.02781097364e-06, 4.09026370107e-06, 3.73730426872e-06, 2.57288843386e-06, 2.13583552977e-06, 1.4036702396e-06, 4.80334961139e-07, 4.79439279388e-07, 6.31323416656e-07, 6.25760378625e-07, 6.0154241055e-07, 5.91891648583e-07, 5.2143366247e-07, 3.70655868664e-07, 3.30566592766e-07, 2.55640429714e-07, 1.67305387322e-07, 8.38067109044e-08, 4.72962184972e-08],
        "min": [2.25033207059e-23, 1.39030975861e-23, 1.13722156542e-23, 3.54539926001e-24, 2.28311985138e-24, 8.10899627875e-24, 1.65102954996e-23, 1.03806427399e-23, 1.66986896833e-23, 2.18141923295e-23, 1.33210160568e-23, 1.26024884121e-23, 9.71341787539e-24, 9.71123983043e-24, 2.2635333423e-23, 2.08045765886e-23, 1.54850161365e-23, 1.49468362943e-23, 1.64575838139e-23, 1.93446112009e-23, 8.75862402306e-24, 7.81294388076e-24, 5.62249329485e-24, 8.20735618957e-24, 1.55000344704e-23, 1.75801975686e-23, 8.64085892282e-24, 7.11384193592e-24, 1.12273090057e-23, 7.98818933086e-24, 8.40938898943e-24, 9.77792934249e-24, 1.00714258311e-23, 1.10273367105e-23, 1.01101833563e-23, 1.19177642461e-23, 9.12506569075e-24, 7.17296863849e-24, 6.9529316662e-24, 9.21578706143e-24],
        "var": [1.54131419094e-06, 2.44701618612e-06, 8.50954450016e-07, 5.42871703146e-07, 4.6098463713e-07, 2.22694566787e-07, 2.34875443539e-07, 3.44514972994e-07, 8.74140425822e-07, 1.26517568333e-06, 8.67988717346e-07, 8.86620512119e-07, 3.01835513028e-07, 7.28067206524e-08, 4.94863208189e-08, 6.09354628978e-08, 4.69783394408e-08, 1.8635395449e-08, 8.78956729622e-09, 1.95061899966e-09, 1.40301092966e-09, 2.14820516931e-09, 1.39216482786e-09, 1.11480191745e-09, 4.14927425751e-10, 3.18749387995e-10, 1.56316140587e-10, 3.86059482993e-11, 4.63166553721e-11, 5.6679903826e-11, 9.54335360737e-11, 9.01341154491e-11, 8.41257480344e-11, 1.14430659393e-10, 1.53867821262e-10, 1.97054608742e-10, 1.94847873947e-10, 1.09691020156e-10, 3.62752258787e-11, 6.70254997337e-12]
    },
    "mfcc": {
        "mean": [-671.546386719, 135.064971924, -0.983980357647, 2.86703968048, -10.8710632324, -1.17211651802, -8.73742389679, 4.37613534927, -11.2094087601, -2.34635233879, -3.92873764038, -5.53688907623, -8.32681846619],
        "cov": [[6843.33105469, -1963.28771973, -149.934616089, 559.86529541, 193.763061523, 354.26071167, 457.979034424, 502.578704834, 197.436462402, -13.1734886169, 42.4651184082, 72.3915557861, -45.949672699], [-1963.28771973, 1865.90722656, 17.08659935, -86.0482254028, 106.675567627, -50.2148704529, -96.2534103394, -116.490364075, -61.4690818787, -12.8219642639, 21.6351509094, -2.40289545059, 58.5312767029], [-149.934616089, 17.08659935, 793.627319336, 60.3202018738, 90.7652587891, 93.1024627686, 56.1582069397, -51.9259757996, -33.2466926575, 45.9481773376, -22.0362606049, 37.2696304321, 63.6064186096], [559.86529541, -86.0482254028, 60.3202018738, 410.218322754, 187.320465088, 37.4020195007, 67.2273788452, 21.6930484772, 96.3614349365, 21.7250576019, -18.2756309509, 47.5163154602, 50.3013648987], [193.763061523, 106.675567627, 90.7652587891, 187.320465088, 285.177978516, 25.8934001923, 8.43480968475, -14.9425363541, 73.2837982178, 16.6248397827, -14.1824398041, 39.392490387, 45.0133285522], [354.26071167, -50.2148704529, 93.1024627686, 37.4020195007, 25.8934001923, 204.547927856, 130.633880615, 58.5412864685, 17.2928676605, 8.23283958435, 5.23943853378, 11.2522802353, 10.8935194016], [457.979034424, -96.2534103394, 56.1582069397, 67.2273788452, 8.43480968475, 130.633880615, 273.866149902, 107.558700562, 19.0667114258, 13.2324399948, 2.96774768829, 16.801153183, 36.4559898376], [502.578704834, -116.490364075, -51.9259757996, 21.6930484772, -14.9425363541, 58.5412864685, 107.558700562, 169.065994263, 25.0982456207, -4.35230255127, 6.36060142517, -8.04411792755, -1.61225533485], [197.436462402, -61.4690818787, -33.2466926575, 96.3614349365, 73.2837982178, 17.2928676605, 19.0667114258, 25.0982456207, 188.682846069, 48.2954940796, -19.9192409515, 24.376739502, 10.8595371246], [-13.1734886169, -12.8219642639, 45.9481773376, 21.7250576019, 16.6248397827, 8.23283958435, 13.2324399948, -4.35230255127, 48.2954940796, 112.297439575, 16.208234787, -1.30007231236, 4.33456897736], [42.4651184082, 21.6351509094, -22.0362606049, -18.2756309509, -14.1824398041, 5.23943853378, 2.96774768829, 6.36060142517, -19.9192409515, 16.208234787, 88.2186889648, 11.5869531631, -13.2833900452], [72.3915557861, -2.40289545059, 37.2696304321, 47.5163154602, 39.392490387, 11.2522802353, 16.801153183, -8.04411792755, 24.376739502, -1.30007231236, 11.5869531631, 98.6099243164, 29.237991333], [-45.949672699, 58.5312767029, 63.6064186096, 50.3013648987, 45.0133285522, 10.8935194016, 36.4559898376, -1.61225533485, 10.8595371246, 4.33456897736, -13.2833900452, 29.237991333, 108.258483887]],
