{
"lowlevel": {
    "average_loudness": 0.836425662041,
    "barkbands_crest": {
        "dmean": 2.4644639492,
        "dmean2": 3.99895524979,
        "dvar": 6.21757507324,
        "dvar2": 14.6970767975,
        "max": 25.6701431274,
        "mean": 9.36066150665,
        "median": 8.39000988007,
        "min": 2.50843977928,
        "var": 17.6020812988
    },
    "barkbands_flatness_db": {
        "dmean": 0.0187032464892,
        "dmean2": 0.0279342830181,
        "dvar": 0.000429439853178,
        "dvar2": 0.00084970111493,
        "max": 0.387444674969,
        "mean": 0.122091151774,
        "median": 0.110278561711,
        "min": 0.0163670517504,
        "var": 0.00337480008602
    },
    "barkbands_kurtosis": {
        "dmean": 3.37839436531,
        "dmean2": 5.21688556671,
        "dvar": 123.345176697,
        "dvar2": 273.789367676,
        "max": 355.100097656,
        "mean": 5.16306352615,
        "median": 1.36497235298,
        "min": -1.92166566849,
        "var": 235.215545654
    },
    "barkbands_skewness": {
        "dmean": 0.504038095474,
        "dmean2": 0.760944366455,
        "dvar": 0.531305551529,
        "dvar2": 1.0424489975,
        "max": 15.4981279373,
        "mean": 1.60403287411,
        "median": 1.30728149414,
        "min": -3.34912467003,
        "var": 2.00300431252
    },
    "barkbands_spread": {
        "dmean": 6.03700351715,
        "dmean2": 9.19299507141,
        "dvar": 64.7098922729,
        "dvar2": 136.628616333,
        "max": 117.963378906,
        "mean": 25.7182292938,
        "median": 23.493144989,
        "min": 0.484153747559,
        "var": 258.538909912
    },
    "dissonance": {
        "dmean": 0.0179401505738,
        "dmean2": 0.0300545822829,
        "dvar": 0.000299468723824,
        "dvar2": 0.000824231072329,
        "max": 0.5,
        "mean": 0.464398950338,
        "median": 0.471108734608,
        "min": 0.21056444943,
        "var": 0.000742323056329
    },
    "dynamic_complexity": 3.84943890572,
    "erbbands_crest": {
        "dmean": 2.47749948502,
        "dmean2": 4.02154874802,
        "dvar": 5.5767364502,
        "dvar2": 13.5793561935,
        "max": 29.8338451385,
        "mean": 8.74431037903,
        "median": 7.70653533936,
        "min": 2.34635424614,
        "var": 16.9957370758
    },
    "erbbands_flatness_db": {
        "dmean": 0.0168149452657,
        "dmean2": 0.0238129943609,
        "dvar": 0.000312384392601,
        "dvar2": 0.00056173565099,
        "max": 0.315488249063,
        "mean": 0.148127511144,
        "median": 0.143623054028,
        "min": 0.0451745763421,
        "var": 0.00206243922003
    },
    "erbbands_kurtosis": {
        "dmean": 0.830121695995,
        "dmean2": 1.30350387096,
        "dvar": 2.41685128212,
        "dvar2": 5.96832895279,
        "max": 53.5661621094,
        "mean": 0.336408495903,
        "median": -0.477517843246,
        "min": -1.87514555454,
        "var": 5.87650346756
    },
    "erbbands_skewness": {
        "dmean": 0.344706475735,
        "dmean2": 0.528961896896,
        "dvar": 0.120671205223,
        "dvar2": 0.267074793577,
        "max": 6.90646648407,
        "mean": 0.493334412575,
        "median": 0.450356483459,
        "min": -3.30344390869,
        "var": 0.658168613911
    },
    "erbbands_spread": {
        "dmean": 8.35076713562,
        "dmean2": 12.6317033768,
        "dvar": 102.707527161,
        "dvar2": 219.631500244,
        "max": 173.659286499,
        "mean": 44.8129920959,
        "median": 42.9386749268,
        "min": 5.10222578049,
        "var": 431.115081787
    },
    "hfc": {
        "dmean": 5.8800239563,
        "dmean2": 8.18335056305,
        "dvar": 97.9769592285,
        "dvar2": 197.454315186,
        "max": 129.221923828,
        "mean": 21.2853107452,
        "median": 14.0462303162,
        "min": 1.29163405617e-16,
        "var": 452.847686768
    },
    "melbands_crest": {
        "dmean": 3.09753799438,
        "dmean2": 4.9835319519,
        "dvar": 8.72143173218,
        "dvar2": 21.2251548767,
        "max": 34.614315033,
        "mean": 12.6817884445,
        "median": 11.4406871796,
        "min": 1.87230026722,
        "var": 27.5560894012
    },
    "melbands_flatness_db": {
        "dmean": 0.0219882242382,
        "dmean2": 0.0329423360527,
        "dvar": 0.000673784175888,
        "dvar2": 0.00126673933119,
        "max": 0.495414584875,
        "mean": 0.179602354765,
        "median": 0.162116587162,
        "min": 0.00388532574289,
        "var": 0.00556568754837
    },
    "melbands_kurtosis": {
        "dmean": 8.63247680664,
        "dmean2": 13.2410421371,
        "dvar": 697.784790039,
        "dvar2": 1413.50671387,
        "max": 842.505737305,
        "mean": 16.7406997681,
        "median": 7.27470541,
        "min": -1.7159678936,
        "var": 1624.11853027
    },
    "melbands_skewness": {
        "dmean": 0.679503917694,
        "dmean2": 1.02209043503,
        "dvar": 0.989086508751,
        "dvar2": 1.90631306171,
        "max": 21.3248748779,
        "mean": 2.71231269836,
        "median": 2.27294564247,
        "min": -1.06295371056,
        "var": 3.79312896729
    },
    "melbands_spread": {
        "dmean": 6.96601343155,
        "dmean2": 10.6607065201,
        "dvar": 125.093200684,
        "dvar2": 250.808609009,
        "max": 230.406906128,
        "mean": 26.3175640106,
        "median": 22.4308509827,
        "min": 0.384020447731,
        "var": 468.922546387
    },
    "pitch_salience": {
        "dmean": 0.0649018511176,
        "dmean2": 0.105258844793,
        "dvar": 0.00406804447994,
        "dvar2": 0.00969737302512,
        "max": 0.848010122776,
        "mean": 0.581685245037,
        "median": 0.594315052032,
        "min": 0.0665335729718,
        "var": 0.0124359661713
    },
    "silence_rate_20dB": {
        "dmean": 0,
        "dmean2": 0,
        "dvar": 0,
        "dvar2": 0,
        "max": 1,
        "mean": 1,
        "median": 1,
        "min": 1,
        "var": 0
    },
    "silence_rate_30dB": {
        "dmean": 0.0162737816572,
        "dmean2": 0.0325514599681,
        "dvar": 0.0160092506558,
        "dvar2": 0.0448976717889,
        "max": 1,
        "mean": 0.990428328514,
        "median": 1,
        "min": 0,
        "var": 0.00947999767959
    },
    "silence_rate_60dB": {
        "dmean": 0.0275218375027,
        "dmean2": 0.055050265044,
        "dvar": 0.0267669763416,
        "dvar2": 0.0589554831386,
        "max": 1,
        "mean": 0.118808329105,
        "median": 0,
        "min": 0,
        "var": 0.104682013392
    },
    "spectral_centroid": {
        "dmean": 241.37890625,
        "dmean2": 370.510864258,
        "dvar": 88159.359375,
        "dvar2": 176387.28125,
        "max": 10951.6933594,
        "mean": 1455.82250977,
        "median": 1436.65478516,
        "min": 201.405014038,
        "var": 445675.71875
    },
    "spectral_complexity": {
        "dmean": 2.98408508301,
        "dmean2": 4.49305868149,
        "dvar": 13.6194849014,
        "dvar2": 25.6286239624,
        "max": 58,
        "mean": 17.3716201782,
        "median": 16,
        "min": 0,
        "var": 116.940422058
    },
    "spectral_decrease": {
        "dmean": 1.86875448449e-09,
        "dmean2": 2.89820034638e-09,
        "dvar": 1.55598827445e-17,
        "dvar2": 3.2293954986e-17,
        "max": 1.49237687311e-28,
        "mean": -5.39597655447e-09,
        "median": -4.07426714588e-09,
        "min": -4.46338468407e-08,
        "var": 3.04888351311e-17
    },
    "spectral_energy": {
        "dmean": 0.00744275515899,
        "dmean2": 0.0114668374881,
        "dvar": 0.000231213547522,
        "dvar2": 0.000479928043205,
        "max": 0.169788107276,
        "mean": 0.0222962815315,
        "median": 0.0167846176773,
        "min": 1.11522445045e-20,
        "var": 0.000482728995848
    },
    "spectral_energyband_high": {
        "dmean": 0.000419434683863,
        "dmean2": 0.000562370580155,
        "dvar": 7.66985351675e-07,
        "dvar2": 1.4762073306e-06,
        "max": 0.0150544270873,
        "mean": 0.00109340483323,
        "median": 0.000406000937801,
        "min": 8.72750347928e-21,
        "var": 2.67370683105e-06
    },
    "spectral_energyband_low": {
        "dmean": 0.00390987610444,
        "dmean2": 0.00610239524394,
        "dvar": 0.0002057581587,
        "dvar2": 0.000426185055403,
        "max": 0.163489714265,
        "mean": 0.00663210172206,
        "median": 0.00371174328029,
        "min": 5.88181632909e-23,
        "var": 0.000254863640293
    },
    "spectral_energyband_middle_high": {
        "dmean": 0.00133842194919,
        "dmean2": 0.00200214236975,
        "dvar": 5.54783036932e-06,
        "dvar2": 1.22805804494e-05,
        "max": 0.0553625039756,
        "mean": 0.00440607592463,
        "median": 0.00261610001326,
        "min": 1.25275857536e-21,
        "var": 2.80547938019e-05
    },
    "spectral_energyband_middle_low": {
        "dmean": 0.003825802356,
        "dmean2": 0.00617644144222,
        "dvar": 2.99867642752e-05,
        "dvar2": 7.63365242165e-05,
        "max": 0.074771232903,
        "mean": 0.010635599494,
        "median": 0.00790403038263,
        "min": 3.57891955337e-22,
        "var": 9.85930528259e-05
    },
    "spectral_entropy": {
        "dmean": 0.144860088825,
        "dmean2": 0.211455643177,
        "dvar": 0.0315914042294,
        "dvar2": 0.0601801835001,
        "max": 9.81113433838,
        "mean": 7.6766204834,
        "median": 7.71926021576,
        "min": 5.39199256897,
        "var": 0.201504528522
    },
    "spectral_flux": {
        "dmean": 0.0206367727369,
        "dmean2": 0.0326160900295,
        "dvar": 0.00102786393836,
        "dvar2": 0.00234976410866,
        "max": 0.360295623541,
        "mean": 0.0724582821131,
        "median": 0.0632769241929,
        "min": 1.05604185119e-10,
        "var": 0.00246188021265
    },
    "spectral_kurtosis": {
        "dmean": 1.02204144001,
        "dmean2": 1.68695223331,
        "dvar": 1.79875087738,
        "dvar2": 4.61416339874,
        "max": 39.7543258667,
        "mean": 3.46252703667,
        "median": 3.04346656799,
        "min": -1.24479603767,
        "var": 6.14085531235
    },
    "spectral_rms": {
        "dmean": 0.000663063547108,
        "dmean2": 0.000992271932773,
        "dvar": 1.00264219327e-06,
        "dvar2": 1.94990707314e-06,
        "max": 0.0128703899682,
        "mean": 0.00417514378205,
        "median": 0.00404663290828,
        "min": 3.29852074474e-12,
        "var": 4.32065189671e-06
    },
    "spectral_rolloff": {
        "dmean": 631.530761719,
        "dmean2": 1017.3338623,
        "dvar": 1449476.75,
        "dvar2": 2951209,
        "max": 19013.8183594,
        "mean": 1963.15734863,
        "median": 1421.19140625,
        "min": 64.599609375,
        "var": 4030288.25
    },
    "spectral_skewness": {
        "dmean": 0.159833297133,
        "dmean2": 0.252365589142,
        "dvar": 0.0333693549037,
        "dvar2": 0.0759863853455,
        "max": 5.06724452972,
        "mean": 1.44492316246,
        "median": 1.40335559845,
        "min": -0.0779853910208,
        "var": 0.18333478272
    },
    "spectral_spread": {
        "dmean": 630266.1875,
        "dmean2": 876981.75,
        "dvar": 891371192320,
        "dvar2": 1.49520030106e+12,
        "max": 41856972,
        "mean": 5406603.5,
        "median": 4996277,
        "min": 1908062.5,
        "var": 3.77307581645e+12
    },
    "spectral_strongpeak": {
        "dmean": 0.462564438581,
        "dmean2": 0.773898124695,
        "dvar": 0.513633668423,
        "dvar2": 1.24966812134,
        "max": 12.7258358002,
        "mean": 0.893103301525,
        "median": 0.529253363609,
        "min": 0,
        "var": 1.13068926334
    },
    "zerocrossingrate": {
        "dmean": 0.0126748625189,
        "dmean2": 0.014366723597,
        "dvar": 0.000305094727082,
        "dvar2": 0.000336854776833,
        "max": 0.5703125,
        "mean": 0.0770970284939,
        "median": 0.06787109375,
        "min": 0.00390625,
        "var": 0.00243879598565
    },
    "barkbands": {
        "dmean": [0.000199121117475, 0.00332685909234, 0.000909144175239, 0.000707526283804, 0.00130734581035, 0.000880030042026, 0.00115002319217, 0.00121553323697, 0.000707740022335, 0.000401179480832, 0.000330050563207, 0.000267431867542, 0.000195222513867, 0.000195126587641, 0.000249586999416, 0.000208256242331, 0.000193162748474, 0.00016255164519, 0.000163399658049, 0.000125195554574, 8.22024230729e-05, 8.80239604157e-05, 8.94082477316e-05, 7.65087388572e-05, 7.47982703615e-05, 5.7760913478e-05, 1.43066481542e-05],
        "dmean2": [0.00033264386002, 0.00525649916381, 0.00161717750598, 0.0012516581919, 0.00213493802585, 0.0014133497607, 0.00183133559767, 0.00190282193944, 0.00110320153181, 0.000624031294137, 0.000514187908266, 0.000436640286352, 0.000316846475471, 0.000314562406857, 0.000403626123443, 0.000333176314598, 0.000308306305669, 0.000257635983871, 0.000258643704001, 0.000200264665182, 0.000125501173898, 0.000134285408421, 0.0001319860894, 0.000108705971797, 0.00010296284745, 8.34406309878e-05, 2.28443932428e-05],
        "dvar": [3.28827326257e-07, 0.000173752734554, 1.48171566252e-05, 3.5063615087e-06, 4.02533123633e-06, 2.38453412749e-06, 5.83502105655e-06, 8.47454975883e-06, 3.35284812536e-06, 1.15825491775e-06, 9.40611926126e-07, 7.38014762192e-07, 4.78375966395e-07, 2.74093736152e-07, 3.79601630129e-07, 1.84407610959e-07, 1.39199343607e-07, 1.20244408208e-07, 8.00654404998e-08, 5.34926378748e-08, 4.27425881355e-08, 4.98310868124e-08, 3.05282270574e-08, 3.16877049045e-08, 2.96309732306e-08, 2.32209327322e-08, 2.51906584481e-09],
        "dvar2": [8.82920858203e-07, 0.00038697393029, 4.32292508776e-05, 9.95770005829e-06, 1.04757154986e-05, 6.26889868727e-06, 1.45107360368e-05, 2.10586185858e-05, 8.37267816678e-06, 2.48200080932e-06, 2.19652520173e-06, 1.91519666259e-06, 1.18281081996e-06, 6.90642082191e-07, 9.2900808113e-07, 4.5346800448e-07, 3.56298102133e-07, 2.6543199283e-07, 1.94921199181e-07, 1.32794767183e-07, 9.82690124829e-08, 1.21322543123e-07, 6.52392202483e-08, 6.31290859587e-08, 5.61684352363e-08, 5.03675785524e-08, 6.36527186515e-09],
        "max": [0.00838852114975, 0.154421389103, 0.045920599252, 0.0281199831516, 0.0385540910065, 0.0487425401807, 0.0592633038759, 0.0612398460507, 0.039222959429, 0.0345558263361, 0.0280036684126, 0.0325322821736, 0.0179744902998, 0.0226879790425, 0.0210243742913, 0.0090730888769, 0.0105292536318, 0.0140582239255, 0.00567535078153, 0.00515098730102, 0.00473398528993, 0.00475155375898, 0.00410550506786, 0.00781490281224, 0.0035905521363, 0.00263098906726, 0.000868150731549],
        "mean": [0.000327654561261, 0.00492641981691, 0.00101059942972, 0.000917814031709, 0.00251687155105, 0.00173947878648, 0.0019904889632, 0.00208050361834, 0.00121423858218, 0.000712477951311, 0.000539884436876, 0.00041657438851, 0.000315206998494, 0.000302129046759, 0.000436062051449, 0.000415665330365, 0.000417017290602, 0.000342245650245, 0.000377332617063, 0.000293728749966, 0.00017459319497, 0.00020089118334, 0.000197547371499, 0.000182809730177, 0.000148055172758, 8.50319847814e-05, 1.49498064275e-05],
        "median": [0.000110318527732, 0.00216431217268, 0.000290047435556, 0.000352133763954, 0.00152596156113, 0.000912868708838, 0.000689309090376, 0.000513694598339, 0.000391564855818, 0.000197968140128, 0.000137752096634, 9.57815136644e-05, 7.82386923674e-05, 7.77307213866e-05, 0.000125308957649, 0.000128019048134, 0.000162575539434, 0.000150228239363, 0.000171467632754, 0.000112491135951, 5.08100201841e-05, 6.33918098174e-05, 7.10032327333e-05, 6.36516779196e-05, 3.23382264469e-05, 9.05759407033e-06, 3.14386369382e-07],
        "min": [1.46120636449e-24, 4.02279555509e-23, 1.2736674441e-23, 1.29050599566e-23, 4.28800301836e-23, 4.80423107038e-23, 3.83760730214e-23, 5.13719537452e-23, 1.41704939806e-22, 5.69217984727e-23, 6.02562567211e-23, 7.29286571421e-23, 1.25133950926e-22, 4.65727575007e-23, 9.96086145325e-23, 1.69547766523e-22, 1.07632358613e-22, 2.14284030593e-22, 1.6183335058e-22, 3.78280664967e-22, 3.73369179106e-22, 5.56966394267e-22, 5.04511309256e-22, 9.56649221624e-22, 1.24476697263e-21, 2.13557071918e-21, 2.92520165362e-21],
        "var": [4.00787541821e-07, 0.000189436323126, 9.24964297155e-06, 3.44376985595e-06, 8.96873643796e-06, 6.58950375509e-06, 1.23135878312e-05, 1.85034532478e-05, 6.38407800579e-06, 3.22212326864e-06, 2.21138725465e-06, 1.54657777784e-06, 9.16854560273e-07, 5.61889805795e-07, 8.85069312062e-07, 5.08691584855e-07, 4.17631071059e-07, 3.88807904983e-07, 2.66873371402e-07, 1.86130350244e-07, 1.09042275653e-07, 1.27149917262e-07, 9.53291490191e-08, 9.48085485675e-08, 8.24216215278e-08, 4.10065368328e-08, 2.59405474878e-09]
    },
    "erbbands": {
        "dmean": [0.118911013007, 0.705047011375, 1.1057280302, 1.65127360821, 3.11013960838, 5.3033747673, 6.24440145493, 7.80949211121, 13.7078905106, 21.233537674, 25.1537952423, 17.6187782288, 11.0528049469, 13.1681165695, 11.2206830978, 10.5564661026, 8.29455471039, 8.51285743713, 10.2059488297, 12.951716423, 11.1344671249, 10.1594371796, 9.17442893982, 6.45482730865, 8.59008312225, 5.08078145981, 3.09399557114, 3.40237140656, 3.17533159256, 3.10764479637, 2.51934313774, 1.92331910133, 1.16311299801, 0.897455155849, 0.506681740284, 0.272392630577, 0.106559611857, 0.0251682139933, 0.00242270505987, 6.28712004982e-05],
        "dmean2": [0.190304890275, 1.10888969898, 1.90961289406, 2.91938924789, 5.24745512009, 8.63843631744, 10.0598754883, 12.3326330185, 21.7852573395, 33.2467575073, 39.4476928711, 27.3651828766, 17.1084976196, 20.2589054108, 17.6912078857, 17.2342319489, 13.2386684418, 13.5114421844, 16.6888751984, 20.3534030914, 17.7326946259, 16.0560340881, 14.3789920807, 10.2974767685, 13.4912996292, 7.96747636795, 4.70157194138, 5.28715229034, 4.89633131027, 4.69552850723, 3.70264840126, 2.80875873566, 1.66608428955, 1.26329886913, 0.712527751923, 0.391014605761, 0.156404450536, 0.0392901673913, 0.0037774676457, 9.49461973505e-05],
        "dvar": [0.219182565808, 7.96181249619, 22.4046020508, 25.4446048737, 37.9558372498, 83.7689056396, 122.260185242, 244.237243652, 836.525390625, 2231.71630859, 4053.74316406, 2218.17382812, 773.150146484, 1137.94995117, 993.92578125, 1278.68469238, 775.252807617, 571.077148438, 699.815673828, 896.286804199, 602.546936035, 434.782897949, 439.756652832, 133.485916138, 229.071899414, 91.3237609863, 58.7550544739, 81.8726501465, 65.7539749146, 55.5395355225, 25.8563594818, 17.0537242889, 8.07372760773, 4.06287336349, 1.40282547474, 0.48241186142, 0.0792127102613, 0.00707957008854, 6.90684319125e-05, 4.14203782384e-08],
        "dvar2": [0.534651637077, 17.763885498, 63.3863983154, 72.6951675415, 103.682830811, 216.972732544, 319.787780762, 642.561157227, 2119.15258789, 5427.93115234, 9786.47460938, 5330.20751953, 1782.59619141, 2546.7878418, 2360.56884766, 3270.97680664, 1739.48388672, 1423.79260254, 1814.59521484, 2114.80322266, 1497.29467773, 1133.07092285, 943.88861084, 315.181243896, 557.447998047, 224.817398071, 128.371917725, 200.047805786, 158.775665283, 131.418106079, 57.2739830017, 35.0615921021, 16.4175453186, 7.91014671326, 2.74842357635, 1.03628802299, 0.170269221067, 0.0177233815193, 0.000170190047356, 9.69773452653e-08],
        "max": [6.68948793411, 30.9700450897, 53.8665771484, 68.6878128052, 105.855857849, 155.76953125, 192.992324829, 627.014282227, 642.68951416, 1242.36828613, 1461.703125, 1058.07788086, 827.478149414, 1190.03112793, 1152.77331543, 1623.91577148, 882.98614502, 1068.88000488, 798.635131836, 877.166137695, 613.216674805, 608.291748047, 997.390563965, 304.480041504, 296.717895508, 203.064971924, 211.83114624, 233.051086426, 161.408050537, 160.067642212, 157.890640259, 154.407318115, 115.806121826, 51.4210281372, 20.4513263702, 13.3306093216, 4.67646503448, 2.00940895081, 0.138332605362, 0.00358115625568],
        "mean": [0.157431945205, 1.02372610569, 1.39703595638, 2.13876795769, 5.01536178589, 9.48930549622, 11.9789428711, 14.9959774017, 23.7085056305, 37.6789360046, 44.6230773926, 30.611125946, 21.1279220581, 24.8603973389, 19.6100311279, 17.2147731781, 14.6014251709, 14.6288824081, 18.1029033661, 25.1652984619, 23.898979187, 23.8705463409, 21.0132656097, 15.4785871506, 22.0782966614, 12.7161340714, 6.9261174202, 7.07095956802, 7.0877623558, 6.76271677017, 5.48623609543, 4.50463294983, 2.61515784264, 1.81332802773, 0.929106354713, 0.436699360609, 0.147379174829, 0.028672914952, 0.00262098852545, 8.93041724339e-05],
        "median": [0.057821597904, 0.412361979485, 0.598329424858, 0.989157021046, 2.56644392014, 4.93972492218, 5.96731328964, 7.04453516006, 9.99497032166, 12.1466913223, 12.7453422546, 10.0867271423, 7.40856838226, 8.13174438477, 5.82220935822, 4.45150947571, 4.08383464813, 4.74382305145, 6.17755889893, 7.90882968903, 8.67764854431, 9.58262443542, 9.15268325806, 7.98018264771, 9.70592689514, 5.26658678055, 2.54874420166, 1.98716664314, 2.16770219803, 2.25527620316, 1.97786474228, 1.71983706951, 0.832145988941, 0.455869913101, 0.175754457712, 0.0597952827811, 0.0128282122314, 0.00145708792843, 7.94451771071e-05, 2.98985542031e-05],
        "min": [1.08883979209e-21, 9.3190321291e-21, 1.10486280159e-20, 3.68731720046e-20, 1.20028288354e-19, 1.48723804189e-19, 8.35190628939e-20, 5.74397732874e-19, 7.27508502366e-19, 5.21476371645e-19, 1.77789010304e-18, 3.02784189949e-18, 2.25927199642e-18, 1.78441200858e-18, 2.49315566025e-18, 3.4116243388e-18, 5.79044130452e-18, 2.598550878e-18, 4.79725919151e-18, 5.40705094882e-18, 9.6173196166e-18, 7.35529745145e-18, 1.07590803248e-17, 9.93079046308e-18, 1.00323260561e-17, 1.78824950623e-17, 1.66291013674e-17, 1.42357981944e-17, 2.04551012136e-17, 1.70080063362e-17, 1.62693208143e-17, 1.48034525441e-17, 1.76296474558e-17, 1.53871492346e-17, 9.12146123533e-18, 6.46698901881e-18, 4.41415049081e-18, 1.51378756687e-18, 3.52340787242e-19, 4.71369582922e-20],
        "var": [0.219898805022, 8.36668682098, 15.051076889, 20.1483802795, 56.5536003113, 167.416320801, 287.382232666, 687.697509766, 1461.9185791, 5226.38623047, 9189.05371094, 4105.49804688, 2099.33276367, 3668.03686523, 2423.39160156, 2633.55712891, 1692.95996094, 1232.59375, 1482.25732422, 2327.375, 1665.69372559, 1300.4387207, 1482.0579834, 466.401062012, 889.210510254, 325.07019043, 155.144561768, 192.780181885, 169.598770142, 137.595108032, 75.5706787109, 49.9488487244, 22.3389167786, 11.6822528839, 3.41748905182, 0.947682857513, 0.134535327554, 0.00783458072692, 7.6228803664e-05, 4.9292058435e-08]
    },
    "gfcc": {
        "mean": [-8.62616062164, 71.8352661133, -111.902915955, 29.6189537048, -72.4173660278, 5.61415100098, -46.4103927612, 14.3928527832, -20.9937286377, -0.530592739582, -14.420706749, 1.51929366589, -11.615445137],
        "cov": [[7324.99365234, -1014.45037842, 65.4282302856, 128.877304077, 341.728790283, 165.445327759, 62.7973175049, 431.47857666, 206.037811279, 528.926940918, 19.5216712952, 220.274551392, -52.0402488708], [-1014.45037842, 1664.05773926, 57.5438232422, 315.479705811, 214.422317505, -85.9420776367, 95.3129577637, 78.9952545166, 151.638809204, -179.167785645, 199.273254395, -72.2467956543, 80.9587554932], [65.4282302856, 57.5438232422, 1397.67541504, 428.28515625, 330.570922852, 155.047241211, 104.606704712, 104.518676758, 73.6334533691, 95.460723877, 69.4190063477, 120.846885681, -7.9821472168], [128.877304077, 315.479705811, 428.28515625, 657.710266113, 267.963287354, 20.3209209442, -0.0512598603964, 116.478431702, 139.770401001, 21.1525211334, 94.7429275513, 16.0234375, 48.4709739685], [341.728790283, 214.422317505, 330.570922852, 267.963287354, 394.971160889, 83.1021881104, 60.6226387024, 117.695083618, 102.527282715, 69.6775512695, 61.8933334351, 39.8926963806, 12.3242492676], [165.445327759, -85.9420776367, 155.047241211, 20.3209209442, 83.1021881104, 306.608886719, 161.047851562, 12.0936613083, -6.44453382492, 93.1045532227, 4.64255905151, 30.2639102936, 7.26651477814], [62.7973175049, 95.3129577637, 104.606704712, -0.0512598603964, 60.6226387024, 161.047851562, 240.595077515, 59.1368904114, 15.3435115814, 29.1749572754, 40.2566642761, 25.4312934875, 3.0102891922], [431.47857666, 78.9952545166, 104.518676758, 116.478431702, 117.695083618, 12.0936613083, 59.1368904114, 179.494369507, 90.1656723022, 40.1287345886, 46.4687995911, 33.5874328613, 14.2510738373], [206.037811279, 151.638809204, 73.6334533691, 139.770401001, 102.527282715, -6.44453382492, 15.3435115814, 90.1656723022, 153.575302124, 46.7552185059, 34.9398269653, 3.60525798798, 23.0742683411], [528.926940918, -179.167785645, 95.460723877, 21.1525211334, 69.6775512695, 93.1045532227, 29.1749572754, 40.1287345886, 46.7552185059, 159.507080078, 15.9615421295, 38.3927192688, -4.71372795105], [19.5216712952, 199.273254395, 69.4190063477, 94.7429275513, 61.8933334351, 4.64255905151, 40.2566642761, 46.4687995911, 34.9398269653, 15.9615421295, 117.660705566, 40.8676338196, 9.80063247681], [220.274551392, -72.2467956543, 120.846885681, 16.0234375, 39.8926963806, 30.2639102936, 25.4312934875, 33.5874328613, 3.60525798798, 38.3927192688, 40.8676338196, 103.694602966, 23.9948387146], [-52.0402488708, 80.9587554932, -7.9821472168, 48.4709739685, 12.3242492676, 7.26651477814, 3.0102891922, 14.2510738373, 23.0742683411, -4.71372795105, 9.80063247681, 23.9948387146, 78.762878418]],
        "icov": [[0.000225844123634, 5.74519763177e-05, 0.000106067651359, -7.25029967725e-05, -7.17600705684e-05, 8.65408583195e-05, 8.77621823747e-06, -0.000469568476547, 8.46936964081e-05, -0.000602912448812, 0.000227206866839, -0.000325419357978, 0.000243376824073], [5.74519763177e-05, 0.00149675947614, -5.24186871189e-05, 0.000171130348463, -0.000762974959798, 0.000138402712764, -0.000459887931356, 0.000364581093891, -0.00111659290269, 0.00183318485506, -0.00272372551262, 0.00195443327539, -0.00137259473559], [0.000106067651359, -5.24186871189e-05, 0.00123477401212, -0.000802180322353, -0.000444889534265, -0.000115334660222, -0.000283077242784, -1.69436661963e-05, 0.000167983394931, -0.000399107753765, 0.000848956231494, -0.00176666898187, 0.00119637604803], [-7.25029967725e-05, 0.000171130348463, -0.000802180322353, 0.00319595844485, -0.0011365073733, -0.000549495918676, 0.00116628152318, -0.000315081415465, -0.00140901398845, 0.00126660743263, -0.00234831054695, 0.00206852820702, -0.00188032304868], [-7.17600705684e-05, -0.000762974959798, -0.000444889534265, -0.0011365073733, 0.00498643983155, -0.000948473636527, 0.000370148278307, -0.00144740391988, -0.000477884343127, -0.00116807897575, 0.000939963036217, -0.00115974817891, 0.00125260627829], [8.65408583195e-05, 0.000138402712764, -0.000115334660222, -0.000549495918676, -0.000948473636527, 0.00757549051195, -0.00512797525153, 0.00155416072812, 0.00202524382621, -0.00432006409392, 0.00161497853696, 0.000287843256956, -0.0015348152956], [8.77621823747e-06, -0.000459887931356, -0.000283077242784, 0.00116628152318, 0.000370148278307, -0.00512797525153, 0.00865518767387, -0.0029531752225, -0.000285999267362, 0.00177975010592, -0.00198702397756, -5.33681777597e-05, 0.000804610608611], [-0.000469568476547, 0.000364581093891, -1.69436661963e-05, -0.000315081415465, -0.00144740391988, 0.00155416072812, -0.0029531752225, 0.0112558482215, -0.00470941606909, 0.00124134973157, -0.0013398474548, -0.00118480541278, -0.000351819791831], [8.46936964081e-05, -0.00111659290269, 0.000167983394931, -0.00140901398845, -0.000477884343127, 0.00202524382621, -0.000285999267362, -0.00470941606909, 0.0136932265013, -0.00586946168914, 0.00127595080994, 0.00197525392286, -0.00228455825709], [-0.000602912448812, 0.00183318485506, -0.000399107753765, 0.00126660743263, -0.00116807897575, -0.00432006409392, 0.00177975010592, 0.00124134973157, -0.00586946168914, 0.0149590540677, -0.00442897994071, 3.0772673199e-05, 0.000342632469255], [0.000227206866839, -0.00272372551262, 0.000848956231494, -0.00234831054695, 0.000939963036217, 0.00161497853696, -0.00198702397756, -0.0013398474548, 0.00127595080994, -0.00442897994071, 0.0182867124677, -0.00957261957228, 0.00450522359461], [-0.000325419357978, 0.00195443327539, -0.00176666898187, 0.00206852820702, -0.00115974817891, 0.000287843256956, -5.33681777597e-05, -0.00118480541278, 0.00197525392286, 3.0772673199e-05, -0.00957261957228, 0.019913977012, -0.0087570361793], [0.000243376824073, -0.00137259473559, 0.00119637604803, -0.00188032304868, 0.00125260627829, -0.0015348152956, 0.000804610608611, -0.000351819791831, -0.00228455825709, 0.000342632469255, 0.00450522359461, -0.0087570361793, 0.0183219052851]]
    },
    "melbands": {
        "dmean": [0.000990852946416, 0.000663834507577, 0.000325231114402, 0.000293501914712, 0.000216780012124, 0.000173583364813, 0.000216240732698, 0.000237484564423, 0.000196375796804, 0.000105436680315, 5.60740154469e-05, 5.55392543902e-05, 4.31405096606e-05, 3.10035575239e-05, 2.20690162678e-05, 1.97364970518e-05, 1.65922265296e-05, 1.709614844e-05, 2.06011354749e-05, 1.53235287144e-05, 1.36585777e-05, 1.15822595035e-05, 1.05650779005e-05, 7.45559009374e-06, 5.51708399144e-06, 6.92832054483e-06, 6.36122513242e-06, 3.19783885061e-06, 2.01937245947e-06, 2.28085809795e-06, 1.92830430024e-06, 1.98234283744e-06, 1.91072695088e-06, 1.79130233846e-06, 1.55880036345e-06, 1.42617784604e-06, 1.18611058042e-06, 8.79035781054e-07, 7.94608865817e-07, 8.08896402305e-07],
        "dmean2": [0.0015681469813, 0.00104779435787, 0.000573524506763, 0.000483774638269, 0.000348237867001, 0.000274946272839, 0.000344175641658, 0.000371225149138, 0.000306869013002, 0.000164350538398, 8.71505326359e-05, 8.55528196553e-05, 6.77325224387e-05, 5.01729045936e-05, 3.57396893378e-05, 3.1776537071e-05, 2.64333793893e-05, 2.81922584691e-05, 3.34424257744e-05, 2.42694695771e-05, 2.1946587367e-05, 1.85840235645e-05, 1.64656667039e-05, 1.18533798741e-05, 8.95002449397e-06, 1.10289856821e-05, 1.01165896922e-05, 5.11443704454e-06, 3.13798727802e-06, 3.55043903255e-06, 3.04364584736e-06, 3.13613554681e-06, 2.97321889775e-06, 2.73898399428e-06, 2.35012043959e-06, 2.17167576011e-06, 1.75811419467e-06, 1.29624402234e-06, 1.16938929295e-06, 1.16237345082e-06],
        "dvar": [1.5409597836e-05, 6.85105487719e-06, 8.4796459987e-07, 2.29111037697e-07, 1.2985766773e-07, 1.08647832064e-07, 2.01186793447e-07, 2.74773498177e-07, 2.35794331616e-07, 8.42492937636e-08, 2.08238866151e-08, 2.11823039109e-08, 1.75550649573e-08, 1.00024122318e-08, 5.70362201913e-09, 5.07134823025e-09, 2.19087947784e-09, 2.35513808455e-09, 2.84934920103e-09, 9.61860258109e-10, 9.32951826904e-10, 6.38972041944e-10, 3.88748894187e-10, 3.48680945228e-10, 9.95096713363e-11, 1.60649660241e-10, 1.40588457542e-10, 4.5583901237e-11, 2.7565052671e-11, 3.25234353338e-11, 2.4720654343e-11, 2.51300126541e-11, 2.45286568834e-11, 1.69062212146e-11, 1.08344600652e-11, 7.64689960658e-12, 7.14756769396e-12, 4.64282258472e-12, 3.64159223609e-12, 3.43535638304e-12],
        "dvar2": [3.56666350854e-05, 1.68742390088e-05, 2.42467331191e-06, 5.9994312096e-07, 3.37409289841e-07, 2.86031792029e-07, 5.08571076807e-07, 6.79041590956e-07, 5.60160515306e-07, 2.06158830451e-07, 4.76689479001e-08, 4.66925307308e-08, 4.12483345258e-08, 2.64880846146e-08, 1.35138158441e-08, 1.27545352058e-08, 5.17314502346e-09, 6.24223872592e-09, 7.09510006303e-09, 2.24959895156e-09, 2.36338837389e-09, 1.67169311727e-09, 8.84228967823e-10, 7.59599161348e-10, 2.4072463467e-10, 3.92737925514e-10, 3.49446332981e-10, 1.15522341693e-10, 6.28589263973e-11, 7.79659253825e-11, 6.05509184459e-11, 6.2000876655e-11, 6.20330661838e-11, 3.9594029444e-11, 2.49733601854e-11, 1.70258702969e-11, 1.49865606036e-11, 9.73364618073e-12, 7.89594431505e-12, 6.92932516921e-12],
        "max": [0.0506196953356, 0.0313608199358, 0.0130234658718, 0.010875377804, 0.00632203696296, 0.0121404239908, 0.0106083955616, 0.0113782975823, 0.01164441742, 0.00731140002608, 0.00415955716744, 0.0050180661492, 0.00467648915946, 0.00326622021385, 0.00287151802331, 0.00201693526469, 0.00247383536771, 0.00114093639422, 0.00169728579931, 0.000733114022296, 0.000756153021939, 0.000900343875401, 0.000658614560962, 0.000824883405585, 0.000256906409049, 0.00031112349825, 0.000323093612678, 0.000162625612575, 0.000170711558894, 0.000130878877826, 0.000109130276542, 9.93436406134e-05, 0.000106654435513, 7.61009869166e-05, 0.000112327303214, 5.53840873181e-05, 0.000108920939965, 8.8783002866e-05, 5.36330662726e-05, 4.12603403674e-05],
        "mean": [0.00141205894761, 0.000973314337898, 0.000454365188489, 0.000521995360032, 0.000430474116001, 0.000336971337674, 0.000379881297704, 0.00042332164594, 0.000344724190654, 0.000177706257091, 0.000102667341707, 0.00010152089817, 7.19552626833e-05, 4.90036145493e-05, 3.58123616024e-05, 3.13716955134e-05, 2.64358695858e-05, 2.72182987828e-05, 3.56745513272e-05, 3.02679709421e-05, 2.67356645054e-05, 2.45821938734e-05, 2.24786454055e-05, 1.531964881e-05, 1.16829060062e-05, 1.58367238328e-05, 1.55113993969e-05, 6.65120342092e-06, 4.01436636821e-06, 4.4259054448e-06, 3.78613663088e-06, 4.04528555009e-06, 3.91160119761e-06, 3.6480489598e-06, 3.14841918225e-06, 2.99292423733e-06, 2.66332403953e-06, 1.87709861166e-06, 1.58875616307e-06, 1.51913752688e-06],
        "median": [0.000621054787189, 0.00048341639922, 0.000222752511036, 0.000308896822389, 0.000234441191424, 0.000165682489751, 0.000156687558047, 0.000128544110339, 9.79226606432e-05, 5.61908964301e-05, 3.2949661545e-05, 3.11236071866e-05, 1.87899586308e-05, 1.16638530017e-05, 7.89303703641e-06, 8.22251604404e-06, 7.47790545574e-06, 7.8635312093e-06, 9.32176226343e-06, 9.32853436098e-06, 9.44423481997e-06, 8.96868732525e-06, 8.13284714241e-06, 6.43837393e-06, 5.74966907152e-06, 6.60269233776e-06, 5.45759439774e-06, 2.56747534877e-06, 1.31675005832e-06, 1.24645748656e-06, 1.07069899968e-06, 1.20755703392e-06, 1.20114009405e-06, 1.19769572393e-06, 1.06992274596e-06, 1.13868213703e-06, 9.6026542451e-07, 5.88049374528e-07, 4.23649396453e-07, 3.45670684965e-07],
        "min": [1.11738794566e-23, 8.56603941026e-24, 8.28026192557e-24, 1.12304573496e-23, 2.95312998655e-24, 1.21666269848e-23, 9.95936419525e-24, 6.13437133119e-24, 1.8035954068e-23, 1.81619319991e-23, 1.11188745522e-23, 7.09149113989e-24, 8.56938102506e-24, 9.11576186523e-24, 9.77864326161e-24, 1.16325492193e-23, 3.91825278914e-24, 7.56188810882e-24, 6.82530817123e-24, 9.73609052666e-24, 1.00176444501e-23, 6.1295857065e-24, 1.01123006589e-23, 9.38076785343e-24, 7.79086366403e-24, 6.8820154374e-24, 8.86779053942e-24, 1.28082059813e-23, 1.11980351663e-23, 7.76911319115e-24, 8.35486055708e-24, 9.99645485729e-24, 1.33811635453e-23, 7.756801439e-24, 1.02709618862e-23, 6.76278700018e-24, 1.00977430198e-23, 1.19910107701e-23, 1.24471238346e-23, 1.3987709229e-23],
        "var": [1.63265412993e-05, 6.29011992714e-06, 7.26633572867e-07, 4.41018755737e-07, 3.24038438748e-07, 3.01260143942e-07, 3.71894941509e-07, 6.27362794603e-07, 5.50639867924e-07, 1.5559503197e-07, 5.6047980479e-08, 6.60382113438e-08, 4.10659879435e-08, 2.08381703004e-08, 1.44046712336e-08, 8.70316263502e-09, 4.68859528979e-09, 4.38071356967e-09, 6.18607298719e-09, 2.78468315074e-09, 2.24880469801e-09, 1.65216118564e-09, 1.32878019699e-09, 1.10188236313e-09, 2.84448908872e-10, 5.26030941028e-10, 5.53105339307e-10, 1.14468594326e-10, 6.36453181824e-11, 7.42499395301e-11, 5.44452261053e-11, 5.9251242801e-11, 5.29094927593e-11, 4.16983773899e-11, 2.84598386524e-11, 2.04405312121e-11, 1.92229548251e-11, 1.2065274127e-11, 9.21336965054e-12, 8.9627307312e-12]
    },
    "mfcc": {
        "mean": [-651.837585449, 102.394081116, 10.2412424088, 18.4874210358, -0.221372276545, -10.3160657883, -11.2344684601, 4.07589006424, -5.90070295334, 2.88007330894, -2.87093281746, -2.89409923553, 0.455130755901],
        "cov": [[6978.23876953, -805.66015625, -491.589660645, 16.0214576721, 110.298324585, -15.2504987717, 19.4702739716, -31.5168151855, 217.029846191, 285.100036621, 189.87260437, 183.067489624, 282.382080078], [-805.66015625, 1179.38171387, 62.3532905579, 209.161743164, 141.684402466, -49.2729949951, 54.5095901489, 159.06098938, -34.2929039001, 56.6573257446, 30.7337474823, -5.74822902679, 36.302532196], [-491.589660645, 62.3532905579, 934.306640625, 332.51751709, 255.338424683, 165.079742432, 131.29296875, 93.0091781616, 67.6783752441, -20.0142822266, 78.6289672852, 91.6697235107, 36.8128623962], [16.0214576721, 209.161743164, 332.51751709, 599.654296875, 371.558441162, -11.4860572815, 6.87610149384, 115.222732544, 38.9373474121, 63.1256370544, 52.974395752, 56.0691490173, 101.920158386], [110.298324585, 141.684402466, 255.338424683, 371.558441162, 437.095703125, 53.1611442566, 20.1943283081, 69.0953674316, 65.0493545532, 63.9250717163, 52.4817008972, 59.472366333, 98.0311203003], [-15.2504987717, -49.2729949951, 165.079742432, -11.4860572815, 53.1611442566, 284.37902832, 143.315429688, 11.7854633331, 74.4704971313, 17.5483722687, 53.1350059509, 53.4731178284, -5.7973408699], [19.4702739716, 54.5095901489, 131.29296875, 6.87610149384, 20.1943283081, 143.315429688, 219.505950928, 88.5839996338, 35.0532264709, 26.4050712585, 55.6822433472, 41.2901344299, 14.1264591217], [-31.5168151855, 159.06098938, 93.0091781616, 115.222732544, 69.0953674316, 11.7854633331, 88.5839996338, 162.784927368, 36.5393600464, 32.9198417664, 39.2481994629, 22.3530712128, 37.5359230042], [217.029846191, -34.2929039001, 67.6783752441, 38.9373474121, 65.0493545532, 74.4704971313, 35.0532264709, 36.5393600464, 144.236923218, 60.9174919128, 26.7724266052, 30.4543552399, 21.0464096069], [285.100036621, 56.6573257446, -20.0142822266, 63.1256370544, 63.9250717163, 17.5483722687, 26.4050712585, 32.9198417664, 60.9174919128, 133.639190674, 50.6682891846, 16.2037754059, 23.9705600739], [189.87260437, 30.7337474823, 78.6289672852, 52.974395752, 52.4817008972, 53.1350059509, 55.6822433472, 39.2481994629, 26.7724266052, 50.6682891846, 112.401351929, 55.5527114868, 24.6519088745], [183.067489624, -5.74822902679, 91.6697235107, 56.0691490173, 59.472366333, 53.4731178284, 41.2901344299, 22.3530712128, 30.4543552399, 16.2037754059, 55.5527114868, 99.4280395508, 53.5767936707], [282.382080078, 36.302532196, 36.8128623962, 101.920158386, 98.0311203003, -5.7973408699, 14.1264591217, 37.5359230042, 21.0464096069, 23.9705600739, 24.6519088745, 53.5767936707, 114.048217773]],
