{
"lowlevel": {
    "average_loudness": 0.929172873497,
    "barkbands_crest": {
        "dmean": 2.70558929443,
        "dmean2": 4.33355379105,
        "dvar": 5.8917183876,
        "dvar2": 13.7428312302,
        "max": 25.3874511719,
        "mean": 8.94985485077,
        "median": 8.0100440979,
        "min": 2.04275274277,
        "var": 17.0679187775
    },
    "barkbands_flatness_db": {
        "dmean": 0.018335185945,
        "dmean2": 0.0282269045711,
        "dvar": 0.000261334062088,
        "dvar2": 0.000577543571126,
        "max": 0.283550351858,
        "mean": 0.128523439169,
        "median": 0.124710842967,
        "min": 0.0533706657588,
        "var": 0.00114918733016
    },
    "barkbands_kurtosis": {
        "dmean": 1.4333666563,
        "dmean2": 2.28259682655,
        "dvar": 5.36305141449,
        "dvar2": 12.4585151672,
        "max": 50.2185211182,
        "mean": 1.17859327793,
        "median": 0.30932867527,
        "min": -1.87784910202,
        "var": 10.4217586517
    },
    "barkbands_skewness": {
        "dmean": 0.440962851048,
        "dmean2": 0.680540144444,
        "dvar": 0.182343035936,
        "dvar2": 0.402361780405,
        "max": 6.39524745941,
        "mean": 1.01288497448,
        "median": 0.906264543533,
        "min": -2.18098711967,
        "var": 0.714453876019
    },
    "barkbands_spread": {
        "dmean": 6.39980363846,
        "dmean2": 9.9137840271,
        "dvar": 40.6189498901,
        "dvar2": 89.1893386841,
        "max": 109.744117737,
        "mean": 30.0965957642,
        "median": 29.0879745483,
        "min": 1.72489881516,
        "var": 198.024581909
    },
    "dissonance": {
        "dmean": 0.0157363712788,
        "dmean2": 0.0268015637994,
        "dvar": 0.000246010604315,
        "dvar2": 0.000682983547449,
        "max": 0.500000178814,
        "mean": 0.475858449936,
        "median": 0.481840193272,
        "min": 0.331184148788,
        "var": 0.000426518439781
    },
    "dynamic_complexity": 2.37784409523,
    "erbbands_crest": {
        "dmean": 2.72467589378,
        "dmean2": 4.46386575699,
        "dvar": 6.97986650467,
        "dvar2": 17.4002799988,
        "max": 31.2459754944,
        "mean": 8.52832984924,
        "median": 7.4179058075,
        "min": 2.11713528633,
        "var": 20.271446228
    },
    "erbbands_flatness_db": {
        "dmean": 0.0150262312964,
        "dmean2": 0.0227586738765,
        "dvar": 0.000188072241144,
        "dvar2": 0.000397488533054,
        "max": 0.343336492777,
        "mean": 0.164681196213,
        "median": 0.155355751514,
        "min": 0.0827945098281,
        "var": 0.00215814751573
    },
    "erbbands_kurtosis": {
        "dmean": 0.800781011581,
        "dmean2": 1.28851234913,
        "dvar": 1.29843556881,
        "dvar2": 3.40351629257,
        "max": 33.3116760254,
        "mean": 0.299206346273,
        "median": -0.246021509171,
        "min": -1.69756996632,
        "var": 2.83315467834
    },
    "erbbands_skewness": {
        "dmean": 0.355996310711,
        "dmean2": 0.554146289825,
        "dvar": 0.0954013615847,
        "dvar2": 0.227427825332,
        "max": 5.20937490463,
        "mean": 0.281722605228,
        "median": 0.247739836574,
        "min": -2.60608458519,
        "var": 0.595205485821
    },
    "erbbands_spread": {
        "dmean": 7.19714307785,
        "dmean2": 11.0072488785,
        "dvar": 45.447883606,
        "dvar2": 104.212135315,
        "max": 117.595252991,
        "mean": 38.7880249023,
        "median": 37.5401306152,
        "min": 3.69835829735,
        "var": 308.201049805
    },
    "hfc": {
        "dmean": 8.61216449738,
        "dmean2": 12.4486598969,
        "dvar": 95.2937545776,
        "dvar2": 194.749694824,
        "max": 179.857849121,
        "mean": 30.0141773224,
        "median": 27.1415481567,
        "min": 1.14057883257e-16,
        "var": 326.826477051
    },
    "melbands_crest": {
        "dmean": 3.88415932655,
        "dmean2": 6.24619197845,
        "dvar": 11.2986059189,
        "dvar2": 27.4072093964,
        "max": 35.399887085,
        "mean": 13.9199886322,
        "median": 12.7885932922,
        "min": 1.99727368355,
        "var": 34.4154129028
    },
    "melbands_flatness_db": {
        "dmean": 0.0237010642886,
        "dmean2": 0.0357114672661,
        "dvar": 0.000463625910925,
        "dvar2": 0.00096151715843,
        "max": 0.324513733387,
        "mean": 0.138902008533,
        "median": 0.138256818056,
        "min": 0.00426688790321,
        "var": 0.00204027746804
    },
    "melbands_kurtosis": {
        "dmean": 4.79880094528,
        "dmean2": 7.45147848129,
        "dvar": 84.5065765381,
        "dvar2": 186.616027832,
        "max": 227.905258179,
        "mean": 8.40622901917,
        "median": 4.2483625412,
        "min": -1.71614992619,
        "var": 192.038391113
    },
    "melbands_skewness": {
        "dmean": 0.647999703884,
        "dmean2": 0.991305172443,
        "dvar": 0.495850563049,
        "dvar2": 1.05417180061,
        "max": 13.6125240326,
        "mean": 2.14172720909,
        "median": 1.78710174561,
        "min": -1.10332226753,
        "var": 2.29128718376
    },
    "melbands_spread": {
        "dmean": 9.48020267487,
        "dmean2": 14.6679973602,
        "dvar": 121.720985413,
        "dvar2": 259.727294922,
        "max": 214.292190552,
        "mean": 34.0927314758,
        "median": 30.4512233734,
        "min": 2.21799087524,
        "var": 434.660522461
    },
    "pitch_salience": {
        "dmean": 0.0742275565863,
        "dmean2": 0.117224387825,
        "dvar": 0.00410826038569,
        "dvar2": 0.00990932434797,
        "max": 0.923687934875,
        "mean": 0.579197347164,
        "median": 0.585772812366,
        "min": 0.0951389968395,
        "var": 0.0143211586401
    },
    "silence_rate_20dB": {
        "dmean": 0,
        "dmean2": 0,
        "dvar": 0,
        "dvar2": 0,
        "max": 1,
        "mean": 1,
        "median": 1,
        "min": 1,
        "var": 0
    },
    "silence_rate_30dB": {
        "dmean": 0,
        "dmean2": 0,
        "dvar": 0,
        "dvar2": 0,
        "max": 1,
        "mean": 1,
        "median": 1,
        "min": 1,
        "var": 0
    },
    "silence_rate_60dB": {
        "dmean": 0.0141549725085,
        "dmean2": 0.0283134002239,
        "dvar": 0.0139534715563,
        "dvar2": 0.0341019630432,
        "max": 1,
        "mean": 0.0192776955664,
        "median": 0,
        "min": 0,
        "var": 0.0189045276493
    },
    "spectral_centroid": {
        "dmean": 272.695678711,
        "dmean2": 431.052764893,
        "dvar": 63998.78125,
        "dvar2": 143334.78125,
        "max": 11143,
        "mean": 1938.08618164,
        "median": 1854.59240723,
        "min": 411.959472656,
        "var": 304049.09375
    },
    "spectral_complexity": {
        "dmean": 5.32422208786,
        "dmean2": 7.80595541,
        "dvar": 26.5297660828,
        "dvar2": 49.0068397522,
        "max": 59,
        "mean": 25.6072483063,
        "median": 25,
        "min": 0,
        "var": 92.6846923828
    },
    "spectral_decrease": {
        "dmean": 2.21328555483e-09,
        "dmean2": 3.42431927258e-09,
        "dvar": 5.31552796353e-18,
        "dvar2": 1.17156865791e-17,
        "max": -7.47952227272e-29,
        "mean": -6.88833523554e-09,
        "median": -6.65696386903e-09,
        "min": -2.65781423536e-08,
        "var": 1.81691015641e-17
    },
    "spectral_energy": {
        "dmean": 0.00894492398947,
        "dmean2": 0.0137665141374,
        "dvar": 8.52731609484e-05,
        "dvar2": 0.000185505268746,
        "max": 0.103732593358,
        "mean": 0.0287205390632,
        "median": 0.0278035700321,
        "min": 1.06276843647e-20,
        "var": 0.000294772326015
    },
    "spectral_energyband_high": {
        "dmean": 0.000595110235736,
        "dmean2": 0.000863335968461,
        "dvar": 6.96555048307e-07,
        "dvar2": 1.5163415128e-06,
        "max": 0.0213746149093,
        "mean": 0.00161465944257,
        "median": 0.00117736984976,
        "min": 7.4171863811e-21,
        "var": 2.2636183985e-06
    },
    "spectral_energyband_low": {
        "dmean": 0.00417303713039,
        "dmean2": 0.00654458021745,
        "dvar": 3.95557108277e-05,
        "dvar2": 9.05490960577e-05,
        "max": 0.0894783437252,
        "mean": 0.00901442673057,
        "median": 0.00368351512589,
        "min": 8.84545189186e-23,
        "var": 0.000118714888231
    },
    "spectral_energyband_middle_high": {
        "dmean": 0.00342578091659,
        "dmean2": 0.00522230518982,
        "dvar": 1.96280252567e-05,
        "dvar2": 4.63499382022e-05,
        "max": 0.0645751208067,
        "mean": 0.00946737639606,
        "median": 0.00686454446986,
        "min": 1.9448605535e-21,
        "var": 7.17846050975e-05
    },
    "spectral_energyband_middle_low": {
        "dmean": 0.00485878670588,
        "dmean2": 0.00753945112228,
        "dvar": 3.92640213249e-05,
        "dvar2": 8.92200623639e-05,
        "max": 0.0772385373712,
        "mean": 0.00983902066946,
        "median": 0.00658242404461,
        "min": 2.87208781295e-22,
        "var": 9.05469059944e-05
    },
    "spectral_entropy": {
        "dmean": 0.104990020394,
        "dmean2": 0.157596021891,
        "dvar": 0.00853873323649,
        "dvar2": 0.017372565344,
        "max": 9.8244228363,
        "mean": 7.94202423096,
        "median": 7.96114253998,
        "min": 6.76599264145,
        "var": 0.0582973398268
    },
    "spectral_flux": {
        "dmean": 0.0241549424827,
        "dmean2": 0.0378534160554,
        "dvar": 0.000557138817385,
        "dvar2": 0.00126953376457,
        "max": 0.248542293906,
        "mean": 0.0974715799093,
        "median": 0.092447899282,
        "min": 1.03090661008e-10,
        "var": 0.00152396585327
    },
    "spectral_kurtosis": {
        "dmean": 0.747097969055,
        "dmean2": 1.24197924137,
        "dvar": 0.545093297958,
        "dvar2": 1.49533188343,
        "max": 14.4037208557,
        "mean": 2.3254673481,
        "median": 2.03890585899,
        "min": -1.17364144325,
        "var": 2.01149725914
    },
    "spectral_rms": {
        "dmean": 0.000835729821119,
        "dmean2": 0.00126372918021,
        "dvar": 6.61565650262e-07,
        "dvar2": 1.30943135446e-06,
        "max": 0.010059947148,
        "mean": 0.00501230126247,
        "median": 0.00520820822567,
        "min": 3.22001128018e-12,
        "var": 2.89682589028e-06
    },
    "spectral_rolloff": {
        "dmean": 659.333557129,
        "dmean2": 1049.61853027,
        "dvar": 756057,
        "dvar2": 1520341.625,
        "max": 18453.9550781,
        "mean": 2250.48730469,
        "median": 1851.85546875,
        "min": 64.599609375,
        "var": 2645737.5
    },
    "spectral_skewness": {
        "dmean": 0.132717430592,
        "dmean2": 0.208639711142,
        "dvar": 0.012622746639,
        "dvar2": 0.0297779776156,
        "max": 3.03195667267,
        "mean": 1.19106435776,
        "median": 1.18128156662,
        "min": -0.056209616363,
        "var": 0.092441752553
    },
    "spectral_spread": {
        "dmean": 368327.21875,
        "dmean2": 561329.5,
        "dvar": 228433330176,
        "dvar2": 343471652864,
        "max": 39690460,
        "mean": 4883875.5,
        "median": 4875749.5,
        "min": 2053843.125,
        "var": 1.06292530381e+12
    },
    "spectral_strongpeak": {
        "dmean": 0.705646157265,
        "dmean2": 1.19521331787,
        "dvar": 1.03959751129,
        "dvar2": 2.68824291229,
        "max": 18.6356163025,
        "mean": 1.13798201084,
        "median": 0.521406769753,
        "min": 0,
        "var": 1.81113767624
    },
    "zerocrossingrate": {
        "dmean": 0.0114353140816,
        "dmean2": 0.0133178504184,
        "dvar": 0.000162572861882,
        "dvar2": 0.000184032818652,
        "max": 0.681640625,
        "mean": 0.0861112847924,
        "median": 0.07763671875,
        "min": 0.01513671875,
        "var": 0.00138535199221
    },
    "barkbands": {
        "dmean": [0.000444595207227, 0.00304431049153, 0.00131128076464, 0.000993148772977, 0.00137503771111, 0.000915295153391, 0.000935056712478, 0.00119369151071, 0.00120667787269, 0.00182421482168, 0.00119185063522, 0.000469608756248, 0.000432349479524, 0.000468725251267, 0.000475117733004, 0.000314532226184, 0.000368957436876, 0.000261969718849, 0.000289110903395, 0.000202818133403, 0.000198403358809, 0.000138581366627, 0.000147818427649, 8.86761918082e-05, 7.4230498285e-05, 2.20323443045e-07, 1.18450216302e-09],
        "dmean2": [0.000658465083688, 0.00470369774848, 0.00214789551683, 0.00171592633706, 0.00231798551977, 0.00150975864381, 0.00146797613706, 0.00188692018855, 0.00192147644702, 0.00291188503616, 0.00193493347615, 0.000756479101256, 0.000694490794558, 0.000746359175537, 0.000764799653552, 0.000496794469655, 0.000585164933, 0.00042061865679, 0.000455821747892, 0.000329873058945, 0.000312938151183, 0.000215912383283, 0.000220277608605, 0.000132559172926, 0.000112198635179, 3.80528376809e-07, 2.19968621096e-09],
        "dvar": [9.02143199255e-07, 2.57317879004e-05, 6.09887956671e-06, 4.99915176988e-06, 6.06591584074e-06, 3.98580232286e-06, 5.07741970068e-06, 7.63212301536e-06, 6.9890679697e-06, 1.03990241769e-05, 7.72388648329e-06, 8.91070385478e-07, 8.28487031868e-07, 8.00399675427e-07, 6.88856403031e-07, 3.24115717376e-07, 5.81516701459e-07, 1.52372521711e-07, 1.74876660708e-07, 1.18899748713e-07, 7.99971644483e-08, 4.200370185e-08, 6.03849912295e-08, 2.44380196079e-08, 1.64343951781e-08, 2.21890282298e-13, 2.6460124336e-18],
        "dvar2": [1.68717883753e-06, 5.88303373661e-05, 1.53803721332e-05, 1.38488385346e-05, 1.58410657605e-05, 9.84708003671e-06, 1.17984382086e-05, 1.65011588251e-05, 1.59866121976e-05, 2.52995741903e-05, 1.94262956938e-05, 2.12469808503e-06, 2.03380250241e-06, 1.93272580873e-06, 1.69116196957e-06, 7.41113524327e-07, 1.39646863317e-06, 3.97190717649e-07, 4.0606258267e-07, 3.20545694876e-07, 2.00464910449e-07, 1.04298699455e-07, 1.31227906763e-07, 5.26250438782e-08, 3.48076696355e-08, 6.33744088024e-13, 8.45658669385e-18],
        "max": [0.0146152339876, 0.0792748257518, 0.0417776964605, 0.0378606207669, 0.0353656895459, 0.0375815927982, 0.0521635636687, 0.058069627732, 0.048997476697, 0.0580555610359, 0.0541885793209, 0.0195894539356, 0.0185325890779, 0.0178129132837, 0.0140941059217, 0.0116423144937, 0.0125771826133, 0.00772264320403, 0.0131106367335, 0.00868717674166, 0.00582363968715, 0.00478701386601, 0.00738877803087, 0.00488643208519, 0.00388752762228, 1.59397823154e-05, 1.45836418497e-08],
        "mean": [0.00102816603612, 0.00572953512892, 0.00161625549663, 0.00114151614252, 0.00182935455814, 0.00120623933617, 0.00129813281819, 0.00172692490742, 0.00160224689171, 0.00280553335324, 0.00170576246455, 0.000769250385929, 0.000692014407832, 0.000758128298912, 0.000788502045907, 0.000504621537402, 0.00062192173209, 0.000508762605023, 0.000573263852857, 0.000396414659917, 0.000410168839153, 0.000295215839287, 0.000311561947456, 0.000223675888265, 0.000177131034434, 2.44293147489e-07, 1.15259823907e-09],
        "median": [4.36148548033e-05, 0.00146895414218, 0.000670819776133, 0.000447547179647, 0.000894682772923, 0.000475822307635, 0.00034691937617, 0.000319394050166, 0.000496467982884, 0.00098593684379, 0.000468399666715, 0.00033002870623, 0.000261673878413, 0.000299608975183, 0.000390884873923, 0.000246489595156, 0.000285149842966, 0.000341464445228, 0.00039977976121, 0.000275790051091, 0.000283869507257, 0.0002003913105, 0.000207364122616, 0.000136692076921, 0.000109980544948, 1.11374475864e-07, 5.87971948907e-10],
        "min": [1.33766102402e-23, 4.04654531704e-23, 3.60253684981e-23, 5.7172035407e-24, 3.99193468538e-23, 4.37357139183e-23, 8.10673224795e-23, 2.17963893166e-23, 7.454939396e-23, 1.0122408807e-22, 4.19374360651e-23, 1.5026751375e-22, 1.24728981291e-22, 6.26103123256e-23, 1.90697140014e-22, 2.76935338442e-22, 2.59504895072e-22, 3.04896027289e-22, 3.09306226755e-22, 3.3636569566e-22, 4.02360132917e-22, 3.37148902011e-22, 5.86924024543e-22, 8.05133250295e-22, 1.26012110885e-21, 1.7063851503e-21, 2.32651393331e-21],
        "var": [3.59497198588e-06, 6.93279871484e-05, 7.28373834136e-06, 4.49351728093e-06, 7.67514393374e-06, 5.30544821231e-06, 9.60256329563e-06, 1.73757744051e-05, 1.07542800833e-05, 2.09555219044e-05, 1.28872170535e-05, 1.79874916739e-06, 1.5692502302e-06, 1.62065214226e-06, 1.29347836264e-06, 5.80677408379e-07, 1.17048318771e-06, 3.35482951641e-07, 3.87268642044e-07, 1.88641479326e-07, 1.69379561044e-07, 8.67864216048e-08, 1.42403337122e-07, 8.97682923551e-08, 5.94999924886e-08, 2.12810197524e-13, 2.11614845054e-18]
    },
    "erbbands": {
        "dmean": [0.123408481479, 0.585857868195, 1.40642881393, 2.61340737343, 3.49383664131, 4.97109603882, 6.5264749527, 7.37261104584, 10.9137811661, 16.8543987274, 29.4644947052, 25.8173084259, 49.8272018433, 59.8829040527, 25.5484905243, 19.8512649536, 17.4672698975, 23.0719299316, 21.4335174561, 21.1993408203, 17.8729782104, 17.352771759, 13.86332798, 15.0602674484, 12.8637599945, 9.52517318726, 9.34656524658, 6.48649454117, 5.56238126755, 3.63429713249, 4.17506217957, 2.57182693481, 1.42045235634, 1.05412006378, 0.450143545866, 0.0331136882305, 0.000805690535344, 5.2597206377e-05, 1.04414348243e-05, 1.1410418665e-05],
        "dmean2": [0.189518883824, 0.927408516407, 2.29316568375, 4.39741134644, 5.88238620758, 8.38689136505, 11.0279188156, 12.1414384842, 17.0128765106, 26.6345367432, 45.8279151917, 40.8725585938, 79.1089096069, 97.2507781982, 40.283454895, 31.7622241974, 27.6017951965, 36.5549278259, 34.3437652588, 33.484954834, 27.6297988892, 27.0555973053, 22.0375099182, 23.759054184, 20.6082515717, 15.4596300125, 14.9867706299, 10.0135993958, 8.70047855377, 5.58203315735, 6.26119422913, 3.89950275421, 2.10304665565, 1.61054491997, 0.693786919117, 0.0531865730882, 0.00125836988445, 7.93417493696e-05, 1.51136564455e-05, 1.72394193214e-05],
        "dvar": [0.0450229234993, 1.11796212196, 6.77852582932, 31.4476337433, 39.8693733215, 100.425392151, 226.513092041, 269.613891602, 616.59777832, 1803.67260742, 5146.17333984, 3349.64868164, 9150.47558594, 15359.1933594, 2576.57543945, 1589.6003418, 1347.92407227, 1831.06799316, 1592.07202148, 1254.00415039, 1074.95617676, 1131.68493652, 429.883453369, 536.469848633, 367.046813965, 290.76550293, 187.683990479, 92.2845458984, 71.2264404297, 31.7796440125, 40.6780052185, 22.4180526733, 6.47236680984, 3.51036190987, 0.682036340237, 0.00328664737754, 1.86911461242e-06, 7.53809015208e-09, 1.85710946621e-10, 1.37218500451e-10],
        "dvar2": [0.102852784097, 2.49823880196, 17.6942481995, 83.5790786743, 106.719894409, 257.761199951, 596.027099609, 659.134399414, 1407.39916992, 4374.68408203, 11181.0722656, 7630.72851562, 22007.2949219, 40055.0078125, 5926.31640625, 3776.46240234, 3290.91259766, 4435.24023438, 4049.71972656, 2943.70874023, 2388.65014648, 2629.671875, 1092.72790527, 1293.59570312, 893.500061035, 807.767700195, 480.523284912, 223.375076294, 178.113311768, 72.7305603027, 87.2704620361, 49.4462013245, 13.8775024414, 7.90864038467, 1.49043548107, 0.0079928226769, 4.31785474575e-06, 1.61298636669e-08, 3.68738289902e-10, 2.83446655036e-10],
        "max": [3.91614603996, 19.0505180359, 46.4284896851, 89.2293624878, 114.373336792, 178.977249146, 255.273544312, 317.956573486, 805.254150391, 886.354858398, 1622.85803223, 1308.71350098, 2282.12597656, 1901.31237793, 1155.97619629, 962.65411377, 916.88269043, 816.741516113, 880.84173584, 494.862426758, 670.180114746, 756.907043457, 323.587585449, 988.679748535, 349.518249512, 438.329437256, 365.809875488, 220.378952026, 231.633102417, 153.985122681, 228.937454224, 127.895401001, 69.0907974243, 59.8818359375, 27.7952289581, 1.45808935165, 0.0387848615646, 0.002707591746, 0.000378391734557, 0.000153778702952],
        "mean": [0.241179823875, 0.975389182568, 1.88319373131, 3.32422018051, 4.77049303055, 6.06357908249, 7.87551164627, 9.5777130127, 15.8829145432, 23.3282489777, 43.6511993408, 36.4305114746, 76.1649856567, 96.6865463257, 42.4851226807, 33.9611930847, 30.7945613861, 41.7596168518, 36.6044654846, 37.0393791199, 31.7784538269, 31.7532424927, 28.0915718079, 30.7910785675, 25.0432662964, 18.926366806, 18.2354488373, 13.7255563736, 11.5226106644, 7.88119888306, 8.78992176056, 5.96473550797, 3.42077803612, 2.44037389755, 0.993709087372, 0.0624590739608, 0.00169528182596, 0.000127825755044, 3.49608744727e-05, 3.97150033677e-05],
        "median": [0.0278670862317, 0.304768621922, 0.841099500656, 1.48893713951, 2.15496206284, 2.609603405, 2.88392305374, 3.69636583328, 5.50198364258, 5.76214122772, 9.37568759918, 13.2984113693, 29.7708587646, 29.5728416443, 17.8380813599, 15.4994392395, 13.3250322342, 17.2263946533, 20.3558044434, 19.4588623047, 16.3138790131, 15.7620754242, 18.4227409363, 22.1970615387, 17.7816085815, 13.2812957764, 12.609085083, 9.07940578461, 7.76463603973, 5.15866470337, 5.93065547943, 3.85957717896, 1.95979952812, 1.48963856697, 0.607815742493, 0.0376328825951, 0.00106417480856, 8.48173731356e-05, 3.01649215544e-05, 3.85172643291e-05],
        "min": [1.82952378801e-21, 6.82043453807e-21, 2.9568614665e-20, 3.83265444968e-20, 2.78603348349e-20, 2.08916535367e-19, 1.98553345235e-19, 4.56264709174e-19, 1.04565142004e-18, 8.17137502543e-19, 8.21874145526e-19, 1.81341647637e-18, 2.24154861782e-18, 3.39178854771e-18, 2.11724798037e-18, 5.93767490406e-18, 5.47291106919e-18, 4.45692151874e-18, 6.20805294935e-18, 1.43758481439e-17, 1.34700150628e-17, 1.40089339852e-17, 1.57400492994e-17, 1.84626630004e-17, 1.24037924881e-17, 1.54678704819e-17, 1.4741857367e-17, 1.84810247556e-17, 1.35150839985e-17, 1.26120219724e-17, 1.7041864493e-17, 1.68237617809e-17, 1.41645398933e-17, 1.05415227247e-17, 1.08182411094e-17, 6.61217079684e-18, 3.35169138111e-18, 1.22491676162e-18, 3.47738716205e-19, 3.31490594841e-20],
        "var": [0.135922804475, 2.84149575233, 8.68086719513, 32.0767593384, 54.734172821, 125.483222961, 259.827331543, 353.730865479, 1165.25720215, 3027.90942383, 11930.5009766, 5078.97998047, 17530.0234375, 30930.578125, 4967.59521484, 3342.1105957, 2645.82446289, 4472.23876953, 2531.34692383, 2464.91650391, 2124.42504883, 2369.70678711, 991.595214844, 1203.60571289, 665.57800293, 415.760345459, 353.40322876, 192.558685303, 142.75743103, 77.7107772827, 102.298362732, 58.030166626, 23.5683193207, 11.9090166092, 2.02099919319, 0.00727622164413, 5.00839496453e-06, 2.50373339838e-08, 7.24966919829e-10, 4.97074048589e-10]
    },
    "gfcc": {
        "mean": [23.0071907043, 75.131187439, -150.790634155, 47.5680236816, -80.6622619629, 32.1580123901, -39.878578186, 17.1217327118, -22.0382957458, -5.63001060486, -8.64056396484, -11.0076608658, 3.10834693909],
        "cov": [[2499.72216797, 381.6796875, 606.552429199, 483.410736084, 187.864456177, 133.290985107, -32.0925064087, 107.271354675, 21.2761440277, 143.645721436, 20.8982772827, 24.975851059, 14.8052616119], [381.6796875, 545.539489746, 277.542053223, 157.152740479, 197.951583862, 79.0158691406, 92.6491546631, 49.923828125, 83.2778549194, 21.3579292297, 46.5049362183, -6.23500967026, 22.4962234497], [606.552429199, 277.542053223, 1066.453125, 738.550231934, 279.533294678, 205.034133911, 23.6089992523, 100.027458191, 18.7760906219, 159.406143188, 43.8093261719, 64.1035079956, 15.1822156906], [483.410736084, 157.152740479, 738.550231934, 690.276672363, 238.429244995, 119.276596069, 3.91368937492, 56.1440658569, 31.2006130219, 107.057975769, 36.5147666931, 59.7127189636, 23.8435306549], [187.864456177, 197.951583862, 279.533294678, 238.429244995, 242.883239746, 142.179214478, 87.5832519531, 69.8312149048, 39.4091720581, 55.5001487732, 39.91771698, 32.4190139771, 32.9310264587], [133.290985107, 79.0158691406, 205.034133911, 119.276596069, 142.179214478, 261.585388184, 170.314788818, 26.0270862579, -24.4987487793, 52.7849998474, 41.6201820374, 23.041633606, 31.1165733337], [-32.0925064087, 92.6491546631, 23.6089992523, 3.91368937492, 87.5832519531, 170.314788818, 201.257034302, 36.9095878601, 0.299619734287, 15.1715297699, 35.6861457825, 8.57614612579, 27.4652328491], [107.271354675, 49.923828125, 100.027458191, 56.1440658569, 69.8312149048, 26.0270862579, 36.9095878601, 115.948806763, 68.5831069946, 28.7270812988, 6.54966163635, 12.6866559982, 5.56339454651], [21.2761440277, 83.2778549194, 18.7760906219, 31.2006130219, 39.4091720581, -24.4987487793, 0.299619734287, 68.5831069946, 125.908340454, 32.6921615601, 10.4316110611, -0.234984397888, 8.37644004822], [143.645721436, 21.3579292297, 159.406143188, 107.057975769, 55.5001487732, 52.7849998474, 15.1715297699, 28.7270812988, 32.6921615601, 116.823226929, 43.1273002625, 26.0435886383, 16.5717887878], [20.8982772827, 46.5049362183, 43.8093261719, 36.5147666931, 39.91771698, 41.6201820374, 35.6861457825, 6.54966163635, 10.4316110611, 43.1273002625, 79.8622131348, 34.0529327393, 16.0075321198], [24.975851059, -6.23500967026, 64.1035079956, 59.7127189636, 32.4190139771, 23.041633606, 8.57614612579, 12.6866559982, -0.234984397888, 26.0435886383, 34.0529327393, 63.2862815857, 31.4365634918], [14.8052616119, 22.4962234497, 15.1822156906, 23.8435306549, 32.9310264587, 31.1165733337, 27.4652328491, 5.56339454651, 8.37644004822, 16.5717887878, 16.0075321198, 31.4365634918, 62.1957511902]],
        "icov": [[0.000732824439183, -0.00126467039809, 0.00101594394073, -0.00127486744896, 0.00136721099261, -0.00155137595721, 0.00169030867983, -0.00204351800494, 0.00151926616672, -0.00117945566308, 0.000544541806448, 1.61535281222e-05, -2.63234542217e-05], [-0.00126467039809, 0.00727822678164, -0.00548066478223, 0.0054491139017, -0.00743639608845, 0.006569087971, -0.00646452046931, 0.00788505095989, -0.00670190574601, 0.00491992849857, -0.00360160623677, 0.00281766895205, -0.0011879055528], [0.00101594394073, -0.00548066478223, 0.00927942246199, -0.00895923748612, 0.00611443864182, -0.00791154708713, 0.00722844619304, -0.00928874872625, 0.00698896404356, -0.0056586987339, 0.0028873430565, -0.00133241701405, 0.00176638469566], [-0.00127486744896, 0.0054491139017, -0.00895923748612, 0.0115117654204, -0.00882171932608, 0.00737500516698, -0.00597145967185, 0.00979249086231, -0.00695869233459, 0.00430160062388, -0.00179553823546, -0.000601457257289, -0.000594327226281], [0.00136721099261, -0.00743639608845, 0.00611443864182, -0.00882171932608, 0.0183709580451, -0.0113859577104, 0.00720066344365, -0.0120291486382, 0.00544052710757, -0.00363546027802, 0.00133910379373, -0.00158587703481, -0.00118779437616], [-0.00155137595721, 0.006569087971, -0.00791154708713, 0.00737500516698, -0.0113859577104, 0.0219156239182, -0.0177280697972, 0.0108212102205, -0.00283325882629, 0.00119451258797, -0.00180749502033, 0.00146192673128, -0.00118841673248], [0.00169030867983, -0.00646452046931, 0.00722844619304, -0.00597145967185, 0.00720066344365, -0.0177280697972, 0.0223376471549, -0.01299453713, 0.00645387033001, -0.00180017668754, -0.0014726172667, 0.00200694822706, -0.00220934068784], [-0.00204351800494, 0.00788505095989, -0.00928874872625, 0.00979249086231, -0.0120291486382, 0.0108212102205, -0.01299453713, 0.0284699462354, -0.0171747300774, 0.00522265257314, 0.00103303138167, -0.00428950879723, 0.00311845028773], [0.00151926616672, -0.00670190574601, 0.00698896404356, -0.00695869233459, 0.00544052710757, -0.00283325882629, 0.00645387033001, -0.0171747300774, 0.0222328454256, -0.00871807523072, 0.000981248100288, 0.00336211593822, -0.00237605534494], [-0.00117945566308, 0.00491992849857, -0.0056586987339, 0.00430160062388, -0.00363546027802, 0.00119451258797, -0.00180017668754, 0.00522265257314, -0.00871807523072, 0.01880059205, -0.00903423782438, 0.00152889615856, -0.00239429436624], [0.000544541806448, -0.00360160623677, 0.0028873430565, -0.00179553823546, 0.00133910379373, -0.00180749502033, -0.0014726172667, 0.00103303138167, 0.000981248100288, -0.00903423782438, 0.0240864250809, -0.0134511431679, 0.00478436844423], [1.61535281222e-05, 0.00281766895205, -0.00133241701405, -0.000601457257289, -0.00158587703481, 0.00146192673128, 0.00200694822706, -0.00428950879723, 0.00336211593822, 0.00152889615856, -0.0134511431679, 0.0328659191728, -0.0148715926334], [-2.63234542217e-05, -0.0011879055528, 0.00176638469566, -0.000594327226281, -0.00118779437616, -0.00118841673248, -0.00220934068784, 0.00311845028773, -0.00237605534494, -0.00239429436624, 0.00478436844423, -0.0148715926334, 0.0254743844271]]
    },
    "melbands": {
        "dmean": [0.000951080117375, 0.000690889894031, 0.000431385880802, 0.000311087700538, 0.00021761705284, 0.000169654842466, 0.000175636887434, 0.000189996018889, 0.000245664210524, 0.000168507947819, 0.000255302904407, 0.000245340430411, 0.000116939467262, 5.47133349755e-05, 4.17697519879e-05, 4.59681723441e-05, 4.66397177661e-05, 3.60484955308e-05, 3.82734360755e-05, 2.400754056e-05, 2.32426627917e-05, 2.12711165659e-05, 1.58813236339e-05, 1.16365281428e-05, 1.35047339427e-05, 1.04806649688e-05, 8.40115717438e-06, 6.62332604406e-06, 6.6479879024e-06, 5.33340653419e-06, 3.88680928154e-06, 3.70936550098e-06, 2.45019396061e-06, 2.06977369999e-06, 2.41244788413e-06, 2.79502478406e-06, 1.41220687055e-06, 1.12683142106e-06, 8.92562525223e-07, 1.03342722468e-06],
        "dmean2": [0.00145284435712, 0.00109781499486, 0.000716636655852, 0.00052599114133, 0.000366167165339, 0.000278080871794, 0.00027440165286, 0.00029969253228, 0.000381059100619, 0.000267106865067, 0.000405162223615, 0.00039843597915, 0.000186365417903, 8.74927500263e-05, 6.67475032969e-05, 7.38769522286e-05, 7.38972812542e-05, 5.79817424295e-05, 6.12828880548e-05, 3.80809869966e-05, 3.62203281838e-05, 3.34668875439e-05, 2.52982190432e-05, 1.89373531612e-05, 2.14598967432e-05, 1.67479247466e-05, 1.38235045597e-05, 1.09254706331e-05, 1.08756048576e-05, 8.55243433762e-06, 6.07460196989e-06, 5.91207390244e-06, 3.8676580516e-06, 3.21557126881e-06, 3.67887173525e-06, 4.35239553553e-06, 2.19660569201e-06, 1.72779152763e-06, 1.36036283038e-06, 1.61312402724e-06],
        "dvar": [2.49415620601e-06, 1.38296877594e-06, 7.48614922941e-07, 3.33047097456e-07, 2.12090270679e-07, 1.39959965395e-07, 1.55576472594e-07, 2.01969072577e-07, 3.69026935232e-07, 1.46515873212e-07, 2.3728662768e-07, 2.48339830478e-07, 6.42025241859e-08, 1.17210792183e-08, 7.4275336992e-09, 9.71284652707e-09, 8.07064370889e-09, 5.00868280184e-09, 4.87333329247e-09, 1.98120542194e-09, 2.131487431e-09, 2.05271244447e-09, 7.6407441485e-10, 4.06635725092e-10, 4.72876626745e-10, 2.30074223562e-10, 1.76462469637e-10, 1.69183375642e-10, 9.8950438121e-11, 6.52388976174e-11, 3.56318377581e-11, 3.54546982051e-11, 1.27661197585e-11, 1.29888712633e-11, 1.34943826946e-11, 3.40971174906e-11, 6.81629405697e-12, 4.45095826515e-12, 2.60090104835e-12, 3.37620534828e-12],
        "dvar2": [5.68939321965e-06, 3.45764101439e-06, 1.96265318664e-06, 8.77727188708e-07, 5.54785174245e-07, 3.36006479529e-07, 3.55582642442e-07, 4.83204246393e-07, 8.11696850178e-07, 3.3118416809e-07, 5.67951587982e-07, 6.44315150566e-07, 1.55382295475e-07, 2.69882995951e-08, 1.68932938749e-08, 2.42130226979e-08, 1.95580991402e-08, 1.27168160446e-08, 1.1526322119e-08, 4.71096894827e-09, 4.88335194504e-09, 4.9846899941e-09, 1.84210291465e-09, 1.14485909641e-09, 1.14138254403e-09, 5.42894784683e-10, 4.5671169624e-10, 4.86508500153e-10, 2.57581900254e-10, 1.67970873322e-10, 8.62637461463e-11, 9.07689201579e-11, 3.13398022811e-11, 3.02367540728e-11, 2.90991380297e-11, 7.85552456417e-11, 1.62292089489e-11, 1.02160172682e-11, 5.56753991868e-12, 8.07975648193e-12],
        "max": [0.0272338073701, 0.0188284553587, 0.0134466746822, 0.00778663437814, 0.00703336950392, 0.00752479955554, 0.0103308623657, 0.00861452985555, 0.0136652644724, 0.00832299888134, 0.0113646108657, 0.00699439598247, 0.00523986387998, 0.00232567731291, 0.0019232184859, 0.00217893975787, 0.00175916554872, 0.00150754570495, 0.00152801850345, 0.0009429170168, 0.000846068374813, 0.00108695856761, 0.000682599784341, 0.000559567706659, 0.000992438872345, 0.000318382692058, 0.000229167068028, 0.000341137027135, 0.000245653704042, 0.000165611054399, 0.000107161591586, 0.000171513398527, 6.04557608312e-05, 0.000115115552035, 0.000154720590217, 0.000192816223716, 8.68345377967e-05, 5.53658937861e-05, 4.94388477819e-05, 5.93014665355e-05],
        "mean": [0.00186550349463, 0.00110178324394, 0.000598888320383, 0.000400973600335, 0.000268835225143, 0.000225185722229, 0.000257690902799, 0.000263103225734, 0.000358347257134, 0.00022857177828, 0.000379764212994, 0.000390724278986, 0.000178109679837, 9.07262001419e-05, 6.66326013743e-05, 7.59622780606e-05, 7.78679022915e-05, 5.49786782358e-05, 6.32367227809e-05, 3.85691528209e-05, 3.8107191358e-05, 3.51170674548e-05, 2.82478067675e-05, 2.25223848247e-05, 2.56271632679e-05, 1.95805114345e-05, 1.51071262735e-05, 1.18243642646e-05, 1.15653219837e-05, 1.00884253698e-05, 7.38087237551e-06, 7.11826260158e-06, 4.78513902635e-06, 4.12910321756e-06, 4.87115266878e-06, 5.19015793543e-06, 3.17069566336e-06, 2.4845965072e-06, 1.99849864657e-06, 2.15056820707e-06],
        "median": [0.000334838201525, 0.000502312206663, 0.00030773942126, 0.000179400230991, 0.000105744518805, 8.65598995006e-05, 8.39678250486e-05, 6.16358738625e-05, 7.06190839992e-05, 7.77961540734e-05, 0.000138150106068, 0.000113733272883, 5.88683178648e-05, 4.15217218688e-05, 2.96020098176e-05, 2.80698222923e-05, 2.98674021906e-05, 2.68447547569e-05, 2.95383197226e-05, 1.93236410269e-05, 1.77494184754e-05, 1.5621586499e-05, 1.57529557328e-05, 1.52018228619e-05, 1.75754430529e-05, 1.33581124828e-05, 1.01429841379e-05, 8.00659836386e-06, 7.67643359723e-06, 6.33815943729e-06, 4.59907641925e-06, 4.66731398774e-06, 3.14674616675e-06, 2.5719327823e-06, 3.2327993722e-06, 3.19704531648e-06, 1.9551407604e-06, 1.34599508783e-06, 1.11191775432e-06, 1.28016154122e-06],
        "min": [1.38857836669e-23, 1.39734497793e-23, 6.64088274678e-24, 7.26120115302e-24, 8.73591981734e-24, 9.68219160531e-24, 1.68935982803e-23, 7.85513926172e-24, 8.65299397012e-24, 1.04313649184e-23, 1.11658472748e-23, 1.42405770145e-23, 5.97178867634e-24, 1.10490777171e-23, 1.97142067345e-23, 1.14903846512e-23, 7.00426442302e-24, 7.15728292825e-24, 1.75766429614e-23, 2.20541590837e-23, 1.44906648541e-23, 1.63358878198e-23, 7.58735174998e-24, 1.84765660157e-23, 1.45683660755e-23, 1.16961511298e-23, 6.49380041986e-24, 1.13265997724e-23, 9.78723159029e-24, 8.95219865628e-24, 1.12178261087e-23, 8.00766315117e-24, 5.69494661912e-24, 7.99692596538e-24, 9.87969082154e-24, 1.07062577003e-23, 9.58789353929e-24, 1.00110069744e-23, 9.53570723496e-24, 7.89579715278e-24],
        "var": [7.15258147466e-06, 2.66849997388e-06, 8.47062210596e-07, 4.04332325843e-07, 2.54925282661e-07, 1.9944671692e-07, 3.0579496979e-07, 3.55401141405e-07, 8.42697318149e-07, 2.24249234293e-07, 4.58946459503e-07, 5.05994876221e-07, 1.16320094889e-07, 2.38565256439e-08, 1.36504798576e-08, 1.93297822193e-08, 1.77434138493e-08, 7.35876382052e-09, 9.72384661679e-09, 3.28772054026e-09, 4.02764666063e-09, 3.97030763821e-09, 1.51723578146e-09, 8.3000178952e-10, 1.02668651358e-09, 4.62937216339e-10, 2.75581196751e-10, 2.04732591991e-10, 1.589631482e-10, 1.29119617776e-10, 6.54589230042e-11, 6.3286091645e-11, 2.48855363399e-11, 2.9258911266e-11, 3.43616177179e-11, 5.59268742428e-11, 1.93460438641e-11, 1.41292663333e-11, 8.52552316938e-12, 9.5583090054e-12]
    },
    "mfcc": {
        "mean": [-597.31072998, 82.9793014526, -7.17553949356, 9.9091835022, -3.68456411362, 2.32001829147, 2.8155605793, 7.9925775528, 2.6860332489, 4.39793014526, -2.32351064682, -3.25132393837, -3.33368825912],
        "cov": [[1850.65270996, 157.696975708, 331.562530518, 289.741149902, 209.65423584, 93.608543396, 54.1675567627, -10.8459062576, 39.6669464111, 69.6865005493, 24.7486171722, 33.5669746399, 63.6012115479], [157.696975708, 473.07925415, 14.0418920517, 13.2342710495, 66.9134979248, 44.2574424744, 53.7424888611, 68.5133361816, 36.4416694641, 74.4124221802, 49.6243171692, -2.27448654175, -1.66243731976], [331.562530518, 14.0418920517, 808.098449707, 519.519470215, 338.747283936, 217.987243652, 142.628646851, 19.0363731384, 66.0192642212, 48.4414901733, 21.982749939, 106.29888916, 93.1081695557], [289.741149902, 13.2342710495, 519.519470215, 538.90246582, 319.270263672, 121.500740051, 46.3653717041, 16.9790401459, 65.0948867798, 22.0718212128, 12.0809412003, 98.3714828491, 92.1996765137], [209.65423584, 66.9134979248, 338.747283936, 319.270263672, 294.447509766, 101.367645264, 53.0986442566, 32.8583526611, 59.4361076355, 40.2424583435, 19.2495250702, 64.4456634521, 69.9845733643], [93.608543396, 44.2574424744, 217.987243652, 121.500740051, 101.367645264, 247.794723511, 186.135925293, 42.9210586548, 37.5901184082, 37.608745575, 12.3710927963, 28.6864204407, 29.2986297607], [54.1675567627, 53.7424888611, 142.628646851, 46.3653717041, 53.0986442566, 186.135925293, 238.554199219, 73.4048461914, 25.3489017487, 36.5558624268, 16.4607315063, 13.261929512, 19.2494869232], [-10.8459062576, 68.5133361816, 19.0363731384, 16.9790401459, 32.8583526611, 42.9210586548, 73.4048461914, 116.021255493, 47.3216323853, 24.9396858215, 19.1264953613, 7.92872858047, -0.335907906294], [39.6669464111, 36.4416694641, 66.0192642212, 65.0948867798, 59.4361076355, 37.5901184082, 25.3489017487, 47.3216323853, 104.275512695, 46.1241531372, 15.8609895706, 24.589225769, 17.2746047974], [69.6865005493, 74.4124221802, 48.4414901733, 22.0718212128, 40.2424583435, 37.608745575, 36.5558624268, 24.9396858215, 46.1241531372, 95.0852355957, 39.4371643066, 9.84587097168, 13.0763435364], [24.7486171722, 49.6243171692, 21.982749939, 12.0809412003, 19.2495250702, 12.3710927963, 16.4607315063, 19.1264953613, 15.8609895706, 39.4371643066, 71.3264923096, 26.2287464142, 8.16392326355], [33.5669746399, -2.27448654175, 106.29888916, 98.3714828491, 64.4456634521, 28.6864204407, 13.261929512, 7.92872858047, 24.589225769, 9.84587097168, 26.2287464142, 85.7014389038, 45.3946075439], [63.6012115479, -1.66243731976, 93.1081695557, 92.1996765137, 69.9845733643, 29.2986297607, 19.2494869232, -0.335907906294, 17.2746047974, 13.0763435364, 8.16392326355, 45.3946075439, 80.6001815796]],
