{
"lowlevel": {
    "average_loudness": 0.950844466686,
    "barkbands_crest": {
        "dmean": 3.06905198097,
        "dmean2": 4.76997804642,
        "dvar": 6.68200874329,
        "dvar2": 15.5825910568,
        "max": 24.6071910858,
        "mean": 10.7416219711,
        "median": 9.79147148132,
        "min": 2.00178384781,
        "var": 24.0981082916
    },
    "barkbands_flatness_db": {
        "dmean": 0.0206904355437,
        "dmean2": 0.0317630022764,
        "dvar": 0.000320901541272,
        "dvar2": 0.000739077222534,
        "max": 0.274078369141,
        "mean": 0.112818054855,
        "median": 0.1075206846,
        "min": 0.0266667436808,
        "var": 0.00168196170125
    },
    "barkbands_kurtosis": {
        "dmean": 1.86734008789,
        "dmean2": 2.99501109123,
        "dvar": 6.49702358246,
        "dvar2": 16.1392345428,
        "max": 35.3120574951,
        "mean": 2.08800029755,
        "median": 0.950706720352,
        "min": -1.83792591095,
        "var": 14.4288444519
    },
    "barkbands_skewness": {
        "dmean": 0.492716342211,
        "dmean2": 0.763093650341,
        "dvar": 0.210729435086,
        "dvar2": 0.489557117224,
        "max": 5.78440999985,
        "mean": 1.22950923443,
        "median": 1.12213087082,
        "min": -5.19903612137,
        "var": 0.937549114227
    },
    "barkbands_spread": {
        "dmean": 6.64601612091,
        "dmean2": 10.1277933121,
        "dvar": 43.0401802063,
        "dvar2": 94.9346542358,
        "max": 101.952461243,
        "mean": 29.8254203796,
        "median": 28.2824459076,
        "min": 2.24292254448,
        "var": 232.876144409
    },
    "dissonance": {
        "dmean": 0.017407387495,
        "dmean2": 0.0294330660254,
        "dvar": 0.000341769133229,
        "dvar2": 0.000917606928851,
        "max": 0.500000119209,
        "mean": 0.471696525812,
        "median": 0.480253070593,
        "min": 0.320799678564,
        "var": 0.000712527835276
    },
    "dynamic_complexity": 2.28447341919,
    "erbbands_crest": {
        "dmean": 2.73782324791,
        "dmean2": 4.33087539673,
        "dvar": 7.38174581528,
        "dvar2": 16.780412674,
        "max": 31.4314613342,
        "mean": 8.96022510529,
        "median": 7.40562868118,
        "min": 2.14317846298,
        "var": 28.0316066742
    },
    "erbbands_flatness_db": {
        "dmean": 0.0151081550866,
        "dmean2": 0.0222724247724,
        "dvar": 0.000223830633331,
        "dvar2": 0.00041936073103,
        "max": 0.332609593868,
        "mean": 0.149218961596,
        "median": 0.135770112276,
        "min": 0.0627185255289,
        "var": 0.00304659921676
    },
    "erbbands_kurtosis": {
        "dmean": 1.02804124355,
        "dmean2": 1.56641805172,
        "dvar": 2.51052069664,
        "dvar2": 5.50431489944,
        "max": 34.903049469,
        "mean": 0.932212173939,
        "median": -0.120487451553,
        "min": -1.68241393566,
        "var": 8.15690517426
    },
    "erbbands_skewness": {
        "dmean": 0.351984977722,
        "dmean2": 0.529001057148,
        "dvar": 0.108133383095,
        "dvar2": 0.233910322189,
        "max": 5.06702852249,
        "mean": 0.474304318428,
        "median": 0.324786365032,
        "min": -2.49867248535,
        "var": 0.84490865469
    },
    "erbbands_spread": {
        "dmean": 7.99007081985,
        "dmean2": 11.8754224777,
        "dvar": 65.942741394,
        "dvar2": 135.383087158,
        "max": 131.826828003,
        "mean": 41.9186553955,
        "median": 40.5444755554,
        "min": 3.34797310829,
        "var": 482.562408447
    },
    "hfc": {
        "dmean": 7.67604112625,
        "dmean2": 11.1428041458,
        "dvar": 84.935546875,
        "dvar2": 172.509963989,
        "max": 207.564819336,
        "mean": 30.4160480499,
        "median": 27.0487289429,
        "min": 1.18686547737e-16,
        "var": 334.168029785
    },
    "melbands_crest": {
        "dmean": 3.63853549957,
        "dmean2": 5.83025884628,
        "dvar": 9.67121315002,
        "dvar2": 23.7350826263,
        "max": 31.3868522644,
        "mean": 14.0033845901,
        "median": 13.4382581711,
        "min": 2.22042989731,
        "var": 27.9411563873
    },
    "melbands_flatness_db": {
        "dmean": 0.0261519495398,
        "dmean2": 0.0397685132921,
        "dvar": 0.000537069514394,
        "dvar2": 0.00118585326709,
        "max": 0.299547582865,
        "mean": 0.149627134204,
        "median": 0.14918962121,
        "min": 0.00770836509764,
        "var": 0.00256127025932
    },
    "melbands_kurtosis": {
        "dmean": 6.89092445374,
        "dmean2": 10.9556627274,
        "dvar": 143.631500244,
        "dvar2": 340.343414307,
        "max": 182.5443573,
        "mean": 12.3205022812,
        "median": 6.2289686203,
        "min": -1.74378430843,
        "var": 338.537414551
    },
    "melbands_skewness": {
        "dmean": 0.793176531792,
        "dmean2": 1.21128201485,
        "dvar": 0.712173163891,
        "dvar2": 1.53781032562,
        "max": 12.2257766724,
        "mean": 2.53042531013,
        "median": 2.11497092247,
        "min": -1.43386352062,
        "var": 3.34158372879
    },
    "melbands_spread": {
        "dmean": 8.96026325226,
        "dmean2": 13.7134218216,
        "dvar": 107.303619385,
        "dvar2": 215.286178589,
        "max": 231.843353271,
        "mean": 31.1490459442,
        "median": 26.7626876831,
        "min": 2.8790333271,
        "var": 487.554504395
    },
    "pitch_salience": {
        "dmean": 0.0798394009471,
        "dmean2": 0.124464973807,
        "dvar": 0.00520030176267,
        "dvar2": 0.0118832159787,
        "max": 0.927761495113,
        "mean": 0.543939173222,
        "median": 0.5497610569,
        "min": 0.115037754178,
        "var": 0.0209007449448
    },
    "silence_rate_20dB": {
        "dmean": 0,
        "dmean2": 0,
        "dvar": 0,
        "dvar2": 0,
        "max": 1,
        "mean": 1,
        "median": 1,
        "min": 1,
        "var": 0
    },
    "silence_rate_30dB": {
        "dmean": 0.000240500245127,
        "dmean2": 0.000481058319565,
        "dvar": 0.000240397523157,
        "dvar2": 0.000721176504157,
        "max": 1,
        "mean": 0.999879777431,
        "median": 1,
        "min": 0,
        "var": 0.000120209981105
    },
    "silence_rate_60dB": {
        "dmean": 0.00673400657251,
        "dmean2": 0.0134696336463,
        "dvar": 0.00668908050284,
        "dvar2": 0.0161760896444,
        "max": 1,
        "mean": 0.0169532280415,
        "median": 0,
        "min": 0,
        "var": 0.0166679210961
    },
    "spectral_centroid": {
        "dmean": 263.91104126,
        "dmean2": 398.949157715,
        "dvar": 66909.7578125,
        "dvar2": 137199.921875,
        "max": 10980.8662109,
        "mean": 1788.03405762,
        "median": 1718.05200195,
        "min": 521.842956543,
        "var": 313597.25
    },
    "spectral_complexity": {
        "dmean": 4.37397766113,
        "dmean2": 6.78268194199,
        "dvar": 19.9286766052,
        "dvar2": 42.1339225769,
        "max": 58,
        "mean": 22.0815200806,
        "median": 22,
        "min": 0,
        "var": 67.7558441162
    },
    "spectral_decrease": {
        "dmean": 2.52582532667e-09,
        "dmean2": 3.8005811831e-09,
        "dvar": 7.68593891308e-18,
        "dvar2": 1.67605850345e-17,
        "max": 3.18579274072e-10,
        "mean": -7.11305414569e-09,
        "median": -5.99391603018e-09,
        "min": -3.20415587396e-08,
        "var": 2.31636693879e-17
    },
    "spectral_energy": {
        "dmean": 0.0100254882127,
        "dmean2": 0.015006900765,
        "dvar": 0.000117855219287,
        "dvar2": 0.000253553007497,
        "max": 0.126041010022,
        "mean": 0.029605185613,
        "median": 0.0251858010888,
        "min": 1.06339544584e-20,
        "var": 0.000367555621779
    },
    "spectral_energyband_high": {
        "dmean": 0.000495630025398,
        "dmean2": 0.000728502636775,
        "dvar": 6.03352930284e-07,
        "dvar2": 1.35503216825e-06,
        "max": 0.0170897357166,
        "mean": 0.00169512082357,
        "median": 0.0012877722038,
        "min": 7.28420013396e-21,
        "var": 2.1923847271e-06
    },
    "spectral_energyband_low": {
        "dmean": 0.00619784137234,
        "dmean2": 0.00999988056719,
        "dvar": 9.0391287813e-05,
        "dvar2": 0.000217537279241,
        "max": 0.0937426909804,
        "mean": 0.0107393274084,
        "median": 0.00483338581398,
        "min": 4.2005947057e-23,
        "var": 0.000196125503862
    },
    "spectral_energyband_middle_high": {
        "dmean": 0.00328106619418,
        "dmean2": 0.00485139340162,
        "dvar": 2.64071404672e-05,
        "dvar2": 5.18064880453e-05,
        "max": 0.0772538855672,
        "mean": 0.00927290972322,
        "median": 0.00531872361898,
        "min": 1.83548772791e-21,
        "var": 0.000103139660496
    },
    "spectral_energyband_middle_low": {
        "dmean": 0.00459425710142,
        "dmean2": 0.00703197065741,
        "dvar": 4.32160559285e-05,
        "dvar2": 9.71942208707e-05,
        "max": 0.0867812857032,
        "mean": 0.00917114969343,
        "median": 0.00582991726696,
        "min": 2.42472567713e-22,
        "var": 9.4364018878e-05
    },
    "spectral_entropy": {
        "dmean": 0.110910817981,
        "dmean2": 0.164287522435,
        "dvar": 0.0110723143443,
        "dvar2": 0.0205593407154,
        "max": 9.78468132019,
        "mean": 7.97815656662,
        "median": 7.99759340286,
        "min": 6.77305555344,
        "var": 0.0833109170198
    },
    "spectral_flux": {
        "dmean": 0.0279237870127,
        "dmean2": 0.0425096675754,
        "dvar": 0.000837078259792,
        "dvar2": 0.00176260550506,
        "max": 0.292562574148,
        "mean": 0.100225448608,
        "median": 0.0895378068089,
        "min": 1.44691762216e-06,
        "var": 0.00206455215812
    },
    "spectral_kurtosis": {
        "dmean": 0.601794064045,
        "dmean2": 0.966154575348,
        "dvar": 0.357311159372,
        "dvar2": 0.968531668186,
        "max": 10.0858192444,
        "mean": 2.21131014824,
        "median": 1.98029708862,
        "min": -1.23470473289,
        "var": 2.02840209007
    },
    "spectral_rms": {
        "dmean": 0.000896085286513,
        "dmean2": 0.00130816164892,
        "dvar": 7.29496434815e-07,
        "dvar2": 1.45107321714e-06,
        "max": 0.0110890418291,
        "mean": 0.00507955253124,
        "median": 0.00495696626604,
        "min": 3.22096104129e-12,
        "var": 3.08121730086e-06
    },
    "spectral_rolloff": {
        "dmean": 721.332946777,
        "dmean2": 1141.86645508,
        "dvar": 964474.8125,
        "dvar2": 1960594,
        "max": 18949.21875,
        "mean": 2183.72900391,
        "median": 1658.05664062,
        "min": 86.1328125,
        "var": 3476140
    },
    "spectral_skewness": {
        "dmean": 0.122245527804,
        "dmean2": 0.184021994472,
        "dvar": 0.0115181095898,
        "dvar2": 0.0245558358729,
        "max": 2.28987836838,
        "mean": 1.2616379261,
        "median": 1.25838363171,
        "min": -0.0255348253995,
        "var": 0.0915516912937
    },
    "spectral_spread": {
        "dmean": 431984.4375,
        "dmean2": 623643.3125,
        "dvar": 289350713344,
        "dvar2": 466603573248,
        "max": 40862792,
        "mean": 5802052,
        "median": 5751738.5,
        "min": 2598177.75,
        "var": 1.99474400461e+12
    },
    "spectral_strongpeak": {
        "dmean": 0.770663321018,
        "dmean2": 1.26589989662,
        "dvar": 1.39308393002,
        "dvar2": 3.37440443039,
        "max": 14.8170061111,
        "mean": 1.36467301846,
        "median": 0.619458675385,
        "min": 0,
        "var": 2.93795514107
    },
    "zerocrossingrate": {
        "dmean": 0.0125144673511,
        "dmean2": 0.0144168343395,
        "dvar": 0.000197372719413,
        "dvar2": 0.000222959148232,
        "max": 0.75,
        "mean": 0.0888037234545,
        "median": 0.07861328125,
        "min": 0.01806640625,
        "var": 0.00196155230515
    },
    "barkbands": {
        "dmean": [0.000140118063428, 0.00468060607091, 0.0027834889479, 0.00110310246237, 0.00102453038562, 0.000929068424739, 0.00047173773055, 0.000870468851645, 0.00167397374753, 0.00173865433317, 0.000753754051402, 0.000842508336063, 0.000479239068227, 0.000534442486241, 0.000347406137735, 0.000287585688056, 0.000259471067693, 0.000223122435273, 0.000189752739971, 0.000173216729308, 0.000120347227494, 0.00013448172831, 0.000115178554552, 0.000118655036204, 7.04571721144e-05, 1.58500097314e-05, 6.17746138687e-07],
        "dmean2": [0.000235588071519, 0.00716744409874, 0.00481838732958, 0.0019096895121, 0.00171814078931, 0.00150810868945, 0.000738807197195, 0.00135997554753, 0.00267211464234, 0.00272261654027, 0.00119716837071, 0.0012677880004, 0.000756314839236, 0.000842119276058, 0.000559303443879, 0.000459249888081, 0.000395550159737, 0.000362973689334, 0.000301207910525, 0.000274534453638, 0.000192862571566, 0.000213601917494, 0.000175656474312, 0.000180251663551, 0.000105525788967, 2.29297220358e-05, 1.01105172234e-06],
        "dvar": [1.59702054248e-07, 5.92302130826e-05, 4.34342109656e-05, 6.43728026262e-06, 4.5626420615e-06, 3.78700133297e-06, 1.2373672007e-06, 8.24638755148e-06, 1.88672438526e-05, 1.67675843841e-05, 4.34003823102e-06, 5.93821278017e-06, 1.99071769202e-06, 1.94892413674e-06, 6.22566290076e-07, 3.53383853735e-07, 5.47776267013e-07, 2.11159061791e-07, 9.7966264434e-08, 1.04572009718e-07, 4.31458389016e-08, 4.61335893931e-08, 3.55986031764e-08, 4.61084468384e-08, 2.30947829749e-08, 1.87514785921e-08, 5.49877782197e-11],
        "dvar2": [3.61075279898e-07, 0.000138276867801, 0.000120017393783, 1.74499327841e-05, 1.19804381029e-05, 9.71032568486e-06, 2.85351097773e-06, 1.82215244422e-05, 4.47087477369e-05, 3.78059048671e-05, 9.38308676268e-06, 1.07316855065e-05, 4.6407908485e-06, 4.78083939015e-06, 1.53146936555e-06, 7.74616751187e-07, 1.19404342058e-06, 5.18309263953e-07, 2.31921063687e-07, 2.48269088843e-07, 1.08185865599e-07, 1.12907059702e-07, 7.73759651906e-08, 1.0236122705e-07, 4.93936198609e-08, 4.0500331977e-08, 1.45656653405e-10],
        "max": [0.0197700113058, 0.0852892920375, 0.0600354075432, 0.0300952028483, 0.0351074635983, 0.0435838103294, 0.0280444864184, 0.0753415822983, 0.077315531671, 0.0746542438865, 0.0662856251001, 0.0641939863563, 0.0371426381171, 0.0488523989916, 0.0196416638792, 0.0146225914359, 0.0194498337805, 0.0136618213728, 0.00833818782121, 0.00921153370291, 0.00493220891804, 0.00436620647088, 0.00649179890752, 0.00654584355652, 0.00579245388508, 0.00902627594769, 0.00041433077422],
        "mean": [0.000135299269459, 0.00698602944613, 0.00287004793063, 0.00107788050082, 0.00125279487111, 0.00143754226156, 0.000656794116367, 0.00114122394007, 0.00274118385278, 0.00298721296713, 0.00118676770944, 0.00142987503204, 0.000739754352253, 0.000829480472021, 0.000531262718141, 0.000479392328998, 0.000480060465634, 0.000420368334744, 0.000381304562325, 0.000359047931852, 0.000264271395281, 0.000299591658404, 0.000310851377435, 0.000361753656762, 0.000207744742511, 3.69741101167e-05, 6.07338847658e-07],
        "median": [3.15373727062e-05, 0.00201423233375, 0.000828569638543, 0.00026997999521, 0.000557688297704, 0.000487390818307, 0.000193589134142, 0.000301897816826, 0.00058512063697, 0.000729875057004, 0.000293771649012, 0.000369101122487, 0.0002757521288, 0.000354056392098, 0.000271407014225, 0.000262760993792, 0.000198703768547, 0.000250784010859, 0.000239537999732, 0.000201508577447, 0.000177027555765, 0.000194722480956, 0.000218685250729, 0.000258050073171, 0.000137304450618, 2.08685778489e-05, 1.43281397413e-07],
        "min": [4.72884720673e-24, 5.44155226902e-24, 3.01314257991e-23, 2.00365510776e-23, 7.12215242779e-23, 2.09838830946e-23, 2.68798926091e-23, 6.94836573928e-23, 1.90681627853e-23, 7.45931410303e-23, 4.34624745889e-23, 6.55575029784e-23, 1.48992083438e-22, 7.97022775691e-23, 8.37792053906e-23, 3.34355930509e-22, 1.47012332867e-22, 2.6976513555e-22, 3.65611154932e-22, 3.46513955755e-22, 4.35753839347e-22, 5.68765986361e-22, 5.48154628629e-22, 7.12410918148e-22, 1.17915868594e-21, 1.55350213982e-21, 2.31186702035e-21],
        "var": [1.82177799957e-07, 0.000112515219371, 3.74834489776e-05, 5.97490361542e-06, 4.69324731966e-06, 7.1838499025e-06, 2.35374295698e-06, 1.22546507555e-05, 4.3687174184e-05, 4.39893701696e-05, 9.54164625e-06, 1.50651903823e-05, 3.12577640216e-06, 2.88512819679e-06, 9.57158931669e-07, 6.20490425263e-07, 1.61627849593e-06, 3.78089225705e-07, 2.26416830174e-07, 2.75021960761e-07, 7.49349737816e-08, 1.04542429824e-07, 1.18549529304e-07, 1.75787931767e-07, 8.17535976694e-08, 2.88388140035e-08, 4.36751676491e-11]
    },
    "erbbands": {
        "dmean": [0.118508905172, 1.12695932388, 2.62440252304, 4.08396959305, 2.4916946888, 3.76489281654, 5.42210388184, 9.0511302948, 6.95175266266, 8.78525352478, 22.3896865845, 33.4572982788, 57.1554145813, 38.6543121338, 32.6017112732, 27.6483364105, 19.6287689209, 22.5150508881, 21.9755134583, 15.1564321518, 14.8088817596, 14.8554077148, 11.9762010574, 10.8486070633, 6.9822936058, 9.33080482483, 5.3642821312, 4.62993717194, 4.68554782867, 4.10113525391, 3.1436662674, 2.83912324905, 1.94241130352, 1.05395281315, 0.374611765146, 0.0989913642406, 0.0258241053671, 0.00354793760926, 9.30641836021e-05, 1.39329267768e-05],
        "dmean2": [0.193460866809, 1.68099689484, 4.43560647964, 6.98244428635, 4.06511354446, 6.40852212906, 8.90705013275, 14.6434745789, 10.9734201431, 13.7625484467, 34.7656555176, 53.2867698669, 88.8326797485, 59.3218421936, 49.9163475037, 40.915184021, 30.0006542206, 35.2031784058, 34.5613250732, 24.1219367981, 23.4144821167, 22.4304828644, 19.2565097809, 17.3055438995, 11.0369062424, 14.9114618301, 8.35089492798, 7.55354642868, 7.48614025116, 6.38797473907, 4.80123329163, 4.37389469147, 2.95217251778, 1.61344456673, 0.560809612274, 0.14741460979, 0.0361317694187, 0.00547484774143, 0.000139759402373, 2.02992669074e-05],
        "dvar": [0.0344375744462, 3.62319469452, 32.0943412781, 88.2854385376, 28.754283905, 71.3485183716, 117.778587341, 381.928863525, 165.260482788, 823.451416016, 5483.18701172, 7650.62060547, 15375.9355469, 9461.7890625, 6651.37744141, 5582.94873047, 3148.54272461, 3688.36767578, 2952.84082031, 764.090393066, 994.198669434, 1819.29394531, 653.816894531, 303.763031006, 117.637939453, 346.402099609, 95.2358627319, 59.0262908936, 56.3906860352, 51.1979217529, 24.3574790955, 23.4042873383, 13.9246139526, 4.76057338715, 0.862263679504, 0.177424579859, 0.09792419523, 0.00344571168534, 1.33281946546e-06, 1.37316780169e-09],
        "dvar2": [0.0951882302761, 7.96623086929, 88.2540588379, 236.744232178, 71.2519226074, 192.321640015, 308.221160889, 965.942932129, 392.888092041, 2021.16271973, 12108.3291016, 18113.3125, 35573.6171875, 21384.5195312, 13908.9160156, 10371.8203125, 7014.63427734, 8425.91113281, 7018.80175781, 1779.45739746, 2179.62548828, 3926.37939453, 1554.29003906, 744.407592773, 267.33706665, 835.28527832, 227.089584351, 155.854171753, 137.945632935, 121.97467041, 53.897315979, 51.4066848755, 32.1678581238, 11.016163826, 1.65115559101, 0.295982539654, 0.204868331552, 0.00896340608597, 3.17881858791e-06, 2.96449509385e-09],
        "max": [1.77497494221, 21.8091106415, 64.2862472534, 110.814361572, 73.0646972656, 130.202728271, 227.914001465, 507.454437256, 249.335800171, 1287.83764648, 1879.20166016, 1771.91906738, 2342.109375, 2623.09179688, 2457.83447266, 2158.7734375, 1790.96691895, 2667.94433594, 1178.04174805, 606.347290039, 920.036437988, 1119.6237793, 772.690673828, 431.86895752, 353.510070801, 586.987854004, 256.067016602, 138.560150146, 171.720581055, 257.363006592, 147.32572937, 197.091644287, 119.949775696, 65.7916793823, 53.0923919678, 29.7275657654, 20.0242767334, 3.47554945946, 0.0733904913068, 0.00236050761305],
        "mean": [0.154206320643, 1.71912193298, 3.24441599846, 4.29693317413, 2.72483754158, 4.26709461212, 7.76919364929, 13.7965316772, 10.5057878494, 12.8499698639, 31.3025054932, 55.3333053589, 100.445068359, 66.3001937866, 57.5056304932, 48.9354820251, 34.484375, 37.2756347656, 36.797832489, 26.6124000549, 26.3704490662, 29.1206798553, 24.2733211517, 22.0723838806, 15.868803978, 18.8724842072, 12.1162166595, 9.93424606323, 10.4026880264, 9.66917610168, 8.60412788391, 8.29377651215, 5.58702802658, 2.92768883705, 1.10461723804, 0.277476400137, 0.0516028627753, 0.00507954647765, 0.000163116274052, 4.60882984044e-05],
        "median": [0.0379017032683, 0.480112880468, 1.18424355984, 1.12092316151, 0.878674924374, 1.7497407198, 3.42873883247, 4.04705715179, 3.81325268745, 4.33804321289, 9.41504955292, 14.3419656754, 28.2440357208, 21.9083061218, 17.3850517273, 15.2515497208, 13.8333673477, 16.3494338989, 18.239774704, 15.9372196198, 14.6684074402, 13.0451898575, 13.8838682175, 13.7741880417, 10.4825963974, 10.415854454, 7.64373540878, 6.93495845795, 6.73847770691, 6.29656934738, 6.20774793625, 6.01996326447, 3.80671668053, 1.94493937492, 0.71639329195, 0.16927151382, 0.0260860379785, 0.00229002861306, 8.42932495289e-05, 4.00105491281e-05],
        "min": [1.42190335387e-22, 1.72529054899e-21, 2.17156818157e-20, 5.57225437508e-20, 2.51200560715e-19, 1.76748282676e-19, 2.1111007618e-19, 9.64179364203e-20, 3.21619712882e-19, 5.89105831346e-19, 1.58548106832e-18, 4.38616345517e-19, 1.42337393418e-18, 2.65908850472e-18, 2.07608209642e-18, 3.09727481972e-18, 5.56365774547e-18, 5.54967715235e-18, 3.38383396535e-18, 7.62583845131e-18, 1.99588110441e-17, 1.17008957626e-17, 1.54420756817e-17, 1.54521557046e-17, 1.95741091935e-17, 1.57286060828e-17, 1.89029778579e-17, 1.42321255125e-17, 2.02159533724e-17, 2.13286006318e-17, 1.47155447517e-17, 1.53951844671e-17, 1.12696749287e-17, 1.0809171074e-17, 1.01217740588e-17, 5.85866343913e-18, 3.02855947867e-18, 1.25949973546e-18, 3.70681035783e-19, 3.12199385863e-20],
        "var": [0.0536036454141, 7.14144229889, 33.1797103882, 87.1576309204, 28.5080909729, 66.7533721924, 166.899230957, 762.975036621, 322.46496582, 1285.79553223, 8185.20507812, 16751.453125, 40801.3476562, 18292.2519531, 17305.9707031, 15232.9287109, 5674.63134766, 5552.78759766, 4954.83398438, 1276.33569336, 1898.76184082, 5273.51074219, 1543.3482666, 701.299865723, 320.13671875, 861.184020996, 224.058258057, 95.2934188843, 125.224853516, 126.162391663, 82.1457519531, 89.1540527344, 46.0759429932, 14.1135053635, 3.22775912285, 0.582206487656, 0.134686976671, 0.00270668533631, 1.42980809414e-06, 2.23914886632e-09]
    },
    "gfcc": {
        "mean": [31.7291507721, 52.4055328369, -132.413970947, 31.3047084808, -72.7932815552, 32.5199012756, -39.1628456116, 19.7523460388, -25.1874504089, 1.37491309643, -16.3551311493, -0.259469985962, -7.42264223099],
        "cov": [[2416.59594727, 554.342346191, 838.32421875, 648.705078125, 269.286804199, 172.960250854, -34.2771263123, 17.5083580017, 28.0058307648, 128.840621948, 81.1254882812, 49.0122146606, -20.9375019073], [554.342346191, 581.996704102, 435.308868408, 326.693878174, 221.061523438, 116.889877319, 72.5838851929, 14.6662397385, 69.6230545044, 50.7524795532, 53.3148269653, 6.66402101517, 12.9053354263], [838.32421875, 435.308868408, 1453.40808105, 957.495361328, 448.46887207, 328.159851074, -26.0116958618, 115.588775635, 109.455749512, 193.618438721, 80.3178939819, 33.2039489746, -21.1479129791], [648.705078125, 326.693878174, 957.495361328, 854.761962891, 349.465606689, 189.892028809, -39.593460083, 78.2534408569, 102.736465454, 146.386199951, 82.8345718384, 41.5529785156, 15.7064266205], [269.286804199, 221.061523438, 448.46887207, 349.465606689, 346.398681641, 204.910598755, 65.9190063477, 72.7110671997, 54.5087547302, 70.8115386963, 33.2330055237, 25.7832355499, 13.9755516052], [172.960250854, 116.889877319, 328.159851074, 189.892028809, 204.910598755, 301.691009521, 125.378135681, 45.1983299255, 30.9465293884, 54.7627792358, 30.3120632172, 6.43490791321, 3.1080789566], [-34.2771263123, 72.5838851929, -26.0116958618, -39.593460083, 65.9190063477, 125.378135681, 194.225158691, 61.6009483337, 29.4218158722, 0.388194411993, -0.817298710346, 0.149517148733, 4.44298219681], [17.5083580017, 14.6662397385, 115.588775635, 78.2534408569, 72.7110671997, 45.1983299255, 61.6009483337, 146.007278442, 70.1572341919, 26.0497169495, 9.81663513184, 2.8087618351, 16.9724445343], [28.0058307648, 69.6230545044, 109.455749512, 102.736465454, 54.5087547302, 30.9465293884, 29.4218158722, 70.1572341919, 112.123466492, 47.4909362793, 6.30009365082, 9.83856773376, 11.9982919693], [128.840621948, 50.7524795532, 193.618438721, 146.386199951, 70.8115386963, 54.7627792358, 0.388194411993, 26.0497169495, 47.4909362793, 102.152946472, 56.8981437683, 21.1856956482, 4.2874083519], [81.1254882812, 53.3148269653, 80.3178939819, 82.8345718384, 33.2330055237, 30.3120632172, -0.817298710346, 9.81663513184, 6.30009365082, 56.8981437683, 95.2363128662, 39.1894989014, 16.2507781982], [49.0122146606, 6.66402101517, 33.2039489746, 41.5529785156, 25.7832355499, 6.43490791321, 0.149517148733, 2.8087618351, 9.83856773376, 21.1856956482, 39.1894989014, 77.1243896484, 34.1823196411], [-20.9375019073, 12.9053354263, -21.1479129791, 15.7064266205, 13.9755516052, 3.1080789566, 4.44298219681, 16.9724445343, 11.9982919693, 4.2874083519, 16.2507781982, 34.1823196411, 69.5107040405]],
        "icov": [[0.000686076877173, -0.000858467887156, 0.000232683261856, -0.000489242840558, 0.000541566405445, -0.000527868047357, 0.000594704120886, -0.000802596041467, 0.00118882907555, -0.00100048282184, 0.00100638018921, -0.00102611922193, 0.00074587832205], [-0.000858467887156, 0.00518354447559, -0.00224091019481, 0.0012580138864, -0.00314317084849, 0.00332096824422, -0.00403368379921, 0.00534013425931, -0.00554372230545, 0.00507950270548, -0.00599307520315, 0.00465605128556, -0.00299453246407], [0.000232683261856, -0.00224091019481, 0.00485599506646, -0.00406327983364, 0.00148179545067, -0.00379217369482, 0.0033354901243, -0.00420101871714, 0.00390049698763, -0.00443741679192, 0.00472801271826, -0.00317452009767, 0.0036220184993], [-0.000489242840558, 0.0012580138864, -0.00406327983364, 0.00650924723595, -0.00317944469862, 0.00244851480238, -0.000504862575326, 0.0028083359357, -0.0040857498534, 0.00236277701333, -0.00414747977629, 0.00246425392106, -0.00289429863915], [0.000541566405445, -0.00314317084849, 0.00148179545067, -0.00317944469862, 0.00952554121614, -0.00546673405915, 0.00203795498237, -0.00498612457886, 0.00430702371523, -0.00391218811274, 0.00538132665679, -0.00456211902201, 0.00181562057696], [-0.000527868047357, 0.00332096824422, -0.00379217369482, 0.00244851480238, -0.00546673405915, 0.0115342559293, -0.0082452762872, 0.00591895589605, -0.00340023101307, 0.00262352172285, -0.00565856602043, 0.00522973947227, -0.00364114274271], [0.000594704120886, -0.00403368379921, 0.0033354901243, -0.000504862575326, 0.00203795498237, -0.0082452762872, 0.0137424422428, -0.00801840238273, 0.00314575550146, -0.00274689146318, 0.00499217584729, -0.00485114147887, 0.00394019391388], [-0.000802596041467, 0.00534013425931, -0.00420101871714, 0.0028083359357, -0.00498612457886, 0.00591895589605, -0.00801840238273, 0.0182905048132, -0.0128998979926, 0.00771044706926, -0.0092216078192, 0.0078869080171, -0.0063329753466], [0.00118882907555, -0.00554372230545, 0.00390049698763, -0.0040857498534, 0.00430702371523, -0.00340023101307, 0.00314575550146, -0.0128998979926, 0.0242578629404, -0.0155689492822, 0.0135549390689, -0.00749083422124, 0.00301981298253], [-0.00100048282184, 0.00507950270548, -0.00443741679192, 0.00236277701333, -0.00391218811274, 0.00262352172285, -0.00274689146318, 0.00771044706926, -0.0155689492822, 0.0298804752529, -0.0196646470577, 0.00620525563136, -0.0017759319162], [0.00100638018921, -0.00599307520315, 0.00472801271826, -0.00414747977629, 0.00538132665679, -0.00565856602043, 0.00499217584729, -0.0092216078192, 0.0135549390689, -0.0196646470577, 0.0294579453766, -0.0138573385775, 0.00369572546333], [-0.00102611922193, 0.00465605128556, -0.00317452009767, 0.00246425392106, -0.00456211902201, 0.00522973947227, -0.00485114147887, 0.0078869080171, -0.00749083422124, 0.00620525563136, -0.0138573385775, 0.0257364064455, -0.012134520337], [0.00074587832205, -0.00299453246407, 0.0036220184993, -0.00289429863915, 0.00181562057696, -0.00364114274271, 0.00394019391388, -0.0063329753466, 0.00301981298253, -0.0017759319162, 0.00369572546333, -0.012134520337, 0.0227065924555]]
    },
    "melbands": {
        "dmean": [0.00122742110398, 0.00125041313004, 0.000623746600468, 0.000218130095163, 0.000184669770533, 0.000192036226508, 0.000103546626633, 0.000114929011033, 0.000186983277672, 0.000234615188674, 0.000298306724289, 0.000177020818228, 0.000107741288957, 0.000103679085441, 5.80225860176e-05, 4.44521101599e-05, 4.4782373152e-05, 4.14582827943e-05, 2.55531867879e-05, 1.98839279619e-05, 1.78514364961e-05, 1.64504381246e-05, 1.53033724928e-05, 1.02741578303e-05, 9.7489091786e-06, 6.52096514386e-06, 5.32764534e-06, 7.10951144356e-06, 3.70193333765e-06, 3.42811063092e-06, 2.70351051768e-06, 2.94773349196e-06, 2.95610288958e-06, 2.30292243941e-06, 1.95925576918e-06, 2.19032290261e-06, 1.93502955881e-06, 1.60254433013e-06, 1.17205991046e-06, 9.0726405233e-07],
        "dmean2": [0.0019436100265, 0.00198539323173, 0.0010408492526, 0.00036741697113, 0.000303248001728, 0.000310410599923, 0.000163152202731, 0.000180014059879, 0.000291609670967, 0.000374465511413, 0.000464895332698, 0.000272582605248, 0.000166013065609, 0.000153436645633, 8.76688573044e-05, 6.83564430801e-05, 7.035836461e-05, 6.52998132864e-05, 4.10092543461e-05, 3.15802280966e-05, 2.84047710011e-05, 2.53695234278e-05, 2.4123755793e-05, 1.66765385075e-05, 1.56457026605e-05, 1.04191285573e-05, 8.54786321725e-06, 1.14083977678e-05, 5.82104121349e-06, 5.58689180252e-06, 4.45041587227e-06, 4.79921436636e-06, 4.71542534797e-06, 3.606816108e-06, 3.0522776342e-06, 3.49013862433e-06, 3.07509981212e-06, 2.48915125667e-06, 1.82693042916e-06, 1.41873499615e-06],
        "dvar": [3.92096671931e-06, 4.86809312861e-06, 1.88253909528e-06, 2.4844428026e-07, 1.28561850943e-07, 1.63618508964e-07, 3.75195803315e-08, 1.19170216806e-07, 3.47788102317e-07, 3.88477531033e-07, 4.1341812107e-07, 2.04321665365e-07, 7.43196224562e-08, 9.80755174851e-08, 3.06864578192e-08, 1.43561740273e-08, 1.42316052276e-08, 1.1780834086e-08, 3.03328606677e-09, 1.79687209556e-09, 1.59403978905e-09, 2.48961695704e-09, 2.13040851627e-09, 3.33293309618e-10, 2.65935551358e-10, 1.21329515879e-10, 6.95465282585e-11, 2.39626846144e-10, 5.70780089859e-11, 3.50220269452e-11, 1.80077654177e-11, 2.1493640201e-11, 2.53058008576e-11, 1.81030000018e-11, 1.04243376084e-11, 1.18987510817e-11, 1.18568392951e-11, 9.50917209558e-12, 5.10347276592e-12, 3.59294191621e-12],
        "dvar2": [1.00833030956e-05, 1.16673427328e-05, 4.89174772156e-06, 6.57415966998e-07, 3.31445789925e-07, 4.12994864973e-07, 8.93892959652e-08, 2.85726116545e-07, 7.65851609685e-07, 9.33323406116e-07, 9.57901534093e-07, 4.52381499372e-07, 1.57347656682e-07, 1.72609432525e-07, 5.96375571149e-08, 3.21067048503e-08, 3.30575993246e-08, 2.75452265441e-08, 7.17494463842e-09, 3.98890209752e-09, 3.53020679356e-09, 5.69575675513e-09, 4.90871965297e-09, 8.01886446133e-10, 6.58248289209e-10, 2.75564987495e-10, 1.69600569699e-10, 5.87867143853e-10, 1.31539362735e-10, 9.07395686367e-11, 4.74190096911e-11, 5.38890425339e-11, 6.41893899145e-11, 4.3608595901e-11, 2.42621842755e-11, 2.70993835011e-11, 2.82438308852e-11, 2.26955190752e-11, 1.18461247756e-11, 8.71613545228e-12],
        "max": [0.0204030275345, 0.0257756430656, 0.0153401913121, 0.00569533742964, 0.00835680495948, 0.00980073958635, 0.00368022522889, 0.0134640727192, 0.0126692363992, 0.0121996123344, 0.0121339308098, 0.0106967864558, 0.00973177421838, 0.00845951866359, 0.00469561014324, 0.00361291621812, 0.00473525514826, 0.00248935399577, 0.00156514404807, 0.00117413583212, 0.000957958574872, 0.0015048898058, 0.00124460307416, 0.000552401004825, 0.000368717039237, 0.000445022247732, 0.000220758593059, 0.000470243860036, 0.000237043350353, 0.000112627538329, 6.55407420709e-05, 0.000110964479973, 0.00013057027536, 0.000170981511474, 0.000112174777314, 0.000132546309032, 0.000120487580716, 0.000103403181129, 6.87296414981e-05, 5.18822926097e-05],
        "mean": [0.00174202292692, 0.00201605726033, 0.000687028514221, 0.000234151782934, 0.000265907176072, 0.000298320053844, 0.000154632056365, 0.000164355442394, 0.000263735972112, 0.000379241449991, 0.000520679343026, 0.000289418763714, 0.000180810180609, 0.00017329826369, 9.33318078751e-05, 7.09711530362e-05, 6.91699824529e-05, 6.52847011224e-05, 3.91260509787e-05, 3.25524051732e-05, 2.86958711513e-05, 2.90997923003e-05, 2.60607102973e-05, 1.96570672415e-05, 1.8040625946e-05, 1.2866024008e-05, 1.06329780465e-05, 1.31416854856e-05, 7.54264374336e-06, 6.48832838124e-06, 5.46417322767e-06, 5.93162985751e-06, 5.89830642639e-06, 5.10347581439e-06, 4.7042967708e-06, 5.46639421373e-06, 4.97558357893e-06, 4.15140857513e-06, 3.08104608848e-06, 2.25850590141e-06],
        "median": [0.000486331089633, 0.000759119051509, 0.000198326946702, 8.68418792379e-05, 0.000122229510453, 9.29406596697e-05, 5.46549672436e-05, 4.91493810841e-05, 7.2822891525e-05, 8.343475929e-05, 0.0001395673753, 8.37525585666e-05, 5.02635957673e-05, 4.26770784543e-05, 2.95732625091e-05, 2.76798818959e-05, 2.83543304249e-05, 2.89631061605e-05, 2.03782492463e-05, 1.8023798475e-05, 1.4850660591e-05, 1.22699730127e-05, 1.19581309264e-05, 1.14247559395e-05, 1.06939842226e-05, 8.07400556369e-06, 6.8106605795e-06, 6.43869907435e-06, 4.47345701104e-06, 4.1032444642e-06, 3.71636087948e-06, 3.74795558855e-06, 3.62577407031e-06, 3.26968483932e-06, 3.22368100569e-06, 3.89161050407e-06, 3.46569777321e-06, 2.76518244391e-06, 2.01799230126e-06, 1.46199920437e-06],
        "min": [1.83550853806e-24, 8.95127095586e-24, 1.61582205667e-23, 1.70649862005e-23, 6.26256438373e-24, 2.55541609764e-24, 5.32838701673e-24, 8.55160877772e-24, 1.15465862576e-23, 2.41042267439e-24, 7.06951820824e-24, 1.09438334171e-23, 6.77297434991e-24, 6.03386374654e-24, 1.24127287102e-23, 1.29968802106e-23, 1.03339453298e-23, 4.77344821902e-24, 7.15461342295e-24, 1.58190135329e-23, 2.2089989146e-23, 1.14234782024e-23, 1.15570205208e-23, 1.31276236504e-23, 1.19927375866e-23, 1.53301201423e-23, 1.32723149399e-23, 9.30641692425e-24, 1.02846012913e-23, 1.02510841691e-23, 8.43860997508e-24, 1.08218550108e-23, 1.31567562836e-23, 1.10163139571e-23, 8.46341965055e-24, 8.15340756999e-24, 9.57276003168e-24, 7.01156375298e-24, 8.44746651646e-24, 9.24737541866e-24],
        "var": [6.80364792061e-06, 8.7442494987e-06, 1.96260566554e-06, 2.1929966465e-07, 1.85596093161e-07, 3.29991479475e-07, 7.12365917366e-08, 1.8822672132e-07, 5.62861998787e-07, 8.46203249694e-07, 1.11888357424e-06, 3.95677773213e-07, 1.90502689179e-07, 2.4278082833e-07, 7.20370039176e-08, 2.50783429578e-08, 2.07336974256e-08, 1.97155340942e-08, 4.69777505785e-09, 2.94105695353e-09, 2.7633262345e-09, 5.96587579338e-09, 4.29823243664e-09, 7.87755749521e-10, 5.42285438776e-10, 2.77405404203e-10, 1.50705600777e-10, 5.66225510923e-10, 1.29658506154e-10, 5.23907757455e-11, 3.06757050317e-11, 4.31313561255e-11, 4.96719193555e-11, 4.24562850154e-11, 2.86215617179e-11, 3.80901803154e-11, 3.6135799214e-11, 2.80880058795e-11, 1.54687269938e-11, 9.00529390641e-12]
    },
    "mfcc": {
        "mean": [-601.585449219, 77.8963851929, -1.71914684772, 1.64308702946, -1.1608029604, 3.17329311371, 3.56249237061, 9.39058494568, 2.29859185219, 5.5328373909, -1.82798445225, -2.35448360443, -4.0871553421],
        "cov": [[1676.59228516, 253.168945312, 459.041748047, 395.366424561, 253.006637573, 176.885162354, 55.952747345, -7.28459453583, -42.9666824341, 24.502702713, 3.9246301651, 51.9811248779, 108.931518555], [253.168945312, 394.136352539, 118.142318726, 100.683135986, 94.1606216431, 104.149932861, 68.0507965088, 45.8982963562, 20.4916038513, 41.6104621887, 36.8150215149, 5.9056968689, 3.32291197777], [459.041748047, 118.142318726, 1084.484375, 634.533630371, 558.426025391, 322.931427002, 148.388015747, 37.767375946, 61.5112800598, 127.844200134, 77.1184005737, 117.835609436, 150.117538452], [395.366424561, 100.683135986, 634.533630371, 621.819824219, 430.838256836, 176.236724854, 66.3083496094, 23.0721645355, 54.2709617615, 77.9272613525, 32.882938385, 94.2590408325, 121.360267639], [253.006637573, 94.1606216431, 558.426025391, 430.838256836, 495.945770264, 223.310394287, 117.233947754, 42.2671813965, 71.5060043335, 86.1081542969, 29.6115245819, 91.2544631958, 109.71144104], [176.885162354, 104.149932861, 322.931427002, 176.236724854, 223.310394287, 296.809814453, 143.133407593, 59.7261505127, 48.2895736694, 55.236869812, 49.2161026001, 34.216217041, 53.614818573], [55.952747345, 68.0507965088, 148.388015747, 66.3083496094, 117.233947754, 143.133407593, 189.054946899, 74.4633789062, 33.3992538452, 50.2658996582, 37.2558860779, 22.212310791, 22.0110416412], [-7.28459453583, 45.8982963562, 37.767375946, 23.0721645355, 42.2671813965, 59.7261505127, 74.4633789062, 120.939064026, 76.62474823, 31.6303024292, 28.2502994537, 13.5861597061, 8.52300071716], [-42.9666824341, 20.4916038513, 61.5112800598, 54.2709617615, 71.5060043335, 48.2895736694, 33.3992538452, 76.62474823, 126.844863892, 56.6977882385, 24.6801357269, 20.6020030975, 12.3552532196], [24.502702713, 41.6104621887, 127.844200134, 77.9272613525, 86.1081542969, 55.236869812, 50.2658996582, 31.6303024292, 56.6977882385, 105.105865479, 48.5211677551, 20.0570468903, 14.5361633301], [3.9246301651, 36.8150215149, 77.1184005737, 32.882938385, 29.6115245819, 49.2161026001, 37.2558860779, 28.2502994537, 24.6801357269, 48.5211677551, 87.6776275635, 34.6567459106, 9.10415077209], [51.9811248779, 5.9056968689, 117.835609436, 94.2590408325, 91.2544631958, 34.216217041, 22.212310791, 13.5861597061, 20.6020030975, 20.0570468903, 34.6567459106, 87.6098098755, 56.0596046448], [108.931518555, 3.32291197777, 150.117538452, 121.360267639, 109.71144104, 53.614818573, 22.0110416412, 8.52300071716, 12.3552532196, 14.5361633301, 9.10415077209, 56.0596046448, 93.8094558716]],
