{
"lowlevel": {
    "average_loudness": 0.948155879974,
    "barkbands_crest": {
        "dmean": 2.64149665833,
        "dmean2": 4.2559466362,
        "dvar": 7.0574131012,
        "dvar2": 16.2332839966,
        "max": 25.6946353912,
        "mean": 9.88708400726,
        "median": 9.03602027893,
        "min": 2.19854164124,
        "var": 19.4103412628
    },
    "barkbands_flatness_db": {
        "dmean": 0.0192763935775,
        "dmean2": 0.0297992844135,
        "dvar": 0.000360280741006,
        "dvar2": 0.000789227429777,
        "max": 0.322922110558,
        "mean": 0.146234944463,
        "median": 0.139011636376,
        "min": 0.0488960407674,
        "var": 0.00187318515964
    },
    "barkbands_kurtosis": {
        "dmean": 2.0507774353,
        "dmean2": 3.22684288025,
        "dvar": 12.3992891312,
        "dvar2": 28.6321334839,
        "max": 67.3694381714,
        "mean": 2.48789954185,
        "median": 0.719599962234,
        "min": -1.88740992546,
        "var": 27.6860046387
    },
    "barkbands_skewness": {
        "dmean": 0.483506172895,
        "dmean2": 0.731275558472,
        "dvar": 0.251590669155,
        "dvar2": 0.564489781857,
        "max": 7.2907409668,
        "mean": 1.08718144894,
        "median": 0.956448793411,
        "min": -2.77202677727,
        "var": 1.16286194324
    },
    "barkbands_spread": {
        "dmean": 5.27330970764,
        "dmean2": 8.14111995697,
        "dvar": 30.0459651947,
        "dvar2": 66.5645599365,
        "max": 116.361610413,
        "mean": 24.3959922791,
        "median": 23.9080638885,
        "min": 0.893963694572,
        "var": 149.955917358
    },
    "dissonance": {
        "dmean": 0.0175838731229,
        "dmean2": 0.0303211696446,
        "dvar": 0.000321102124872,
        "dvar2": 0.000906044151634,
        "max": 0.500000059605,
        "mean": 0.47288647294,
        "median": 0.479472279549,
        "min": 0.293136298656,
        "var": 0.000566873583011
    },
    "dynamic_complexity": 2.08885025978,
    "erbbands_crest": {
        "dmean": 3.19076538086,
        "dmean2": 5.08512210846,
        "dvar": 11.2080078125,
        "dvar2": 23.2359104156,
        "max": 33.8455657959,
        "mean": 10.0870800018,
        "median": 8.68325042725,
        "min": 2.09328866005,
        "var": 32.367641449
    },
    "erbbands_flatness_db": {
        "dmean": 0.0172296985984,
        "dmean2": 0.0253751836717,
        "dvar": 0.000292665761663,
        "dvar2": 0.000561876804568,
        "max": 0.400806456804,
        "mean": 0.178788274527,
        "median": 0.171032160521,
        "min": 0.0824262350798,
        "var": 0.00250054709613
    },
    "erbbands_kurtosis": {
        "dmean": 1.24462926388,
        "dmean2": 1.9169075489,
        "dvar": 5.68480348587,
        "dvar2": 10.8010578156,
        "max": 89.9970321655,
        "mean": 1.28501582146,
        "median": 0.299155950546,
        "min": -1.8011482954,
        "var": 15.888551712
    },
    "erbbands_skewness": {
        "dmean": 0.359963566065,
        "dmean2": 0.557170033455,
        "dvar": 0.120050981641,
        "dvar2": 0.259913444519,
        "max": 4.899330616,
        "mean": 0.414869099855,
        "median": 0.348766386509,
        "min": -3.44101405144,
        "var": 0.548417806625
    },
    "erbbands_spread": {
        "dmean": 7.26791000366,
        "dmean2": 11.0579957962,
        "dvar": 57.9872970581,
        "dvar2": 124.934951782,
        "max": 136.118041992,
        "mean": 32.7350654602,
        "median": 29.0697154999,
        "min": 0.999029219151,
        "var": 323.54888916
    },
    "hfc": {
        "dmean": 8.74790477753,
        "dmean2": 12.617764473,
        "dvar": 132.696060181,
        "dvar2": 265.052246094,
        "max": 215.383300781,
        "mean": 29.0039463043,
        "median": 24.543598175,
        "min": 1.22270277962e-16,
        "var": 407.203430176
    },
    "melbands_crest": {
        "dmean": 3.32608938217,
        "dmean2": 5.29309797287,
        "dvar": 9.93194103241,
        "dvar2": 22.7427101135,
        "max": 34.8300590515,
        "mean": 14.1258897781,
        "median": 13.3282794952,
        "min": 2.91831016541,
        "var": 34.2111206055
    },
    "melbands_flatness_db": {
        "dmean": 0.0226375255734,
        "dmean2": 0.0342100970447,
        "dvar": 0.000553793739527,
        "dvar2": 0.00117280031554,
        "max": 0.397763937712,
        "mean": 0.163904964924,
        "median": 0.155307307839,
        "min": 0.00645606964827,
        "var": 0.00337462453172
    },
    "melbands_kurtosis": {
        "dmean": 5.35143327713,
        "dmean2": 8.53545761108,
        "dvar": 95.1709747314,
        "dvar2": 237.492630005,
        "max": 153.255737305,
        "mean": 8.96945381165,
        "median": 4.51841449738,
        "min": -1.69186520576,
        "var": 178.50630188
    },
    "melbands_skewness": {
        "dmean": 0.703016400337,
        "dmean2": 1.07585692406,
        "dvar": 0.59057033062,
        "dvar2": 1.34797894955,
        "max": 10.0165786743,
        "mean": 2.02412986755,
        "median": 1.80285429955,
        "min": -2.38476896286,
        "var": 2.54115819931
    },
    "melbands_spread": {
        "dmean": 7.22406578064,
        "dmean2": 11.0319032669,
        "dvar": 65.5859985352,
        "dvar2": 134.755355835,
        "max": 201.794082642,
        "mean": 28.4818592072,
        "median": 26.8878669739,
        "min": 1.50163447857,
        "var": 265.029418945
    },
    "pitch_salience": {
        "dmean": 0.0758732929826,
        "dmean2": 0.121694073081,
        "dvar": 0.00584516860545,
        "dvar2": 0.0130698792636,
        "max": 0.906491041183,
        "mean": 0.555225014687,
        "median": 0.563129901886,
        "min": 0.124140717089,
        "var": 0.0211077090353
    },
    "silence_rate_20dB": {
        "dmean": 0,
        "dmean2": 0,
        "dvar": 0,
        "dvar2": 0,
        "max": 1,
        "mean": 1,
        "median": 1,
        "min": 1,
        "var": 0
    },
    "silence_rate_30dB": {
        "dmean": 0.00237360550091,
        "dmean2": 0.00474777445197,
        "dvar": 0.00236803805456,
        "dvar2": 0.00686199171469,
        "max": 1,
        "mean": 0.998694658279,
        "median": 1,
        "min": 0,
        "var": 0.00130376801826
    },
    "silence_rate_60dB": {
        "dmean": 0.00735817709938,
        "dmean2": 0.0147181004286,
        "dvar": 0.00730334408581,
        "dvar2": 0.0163978170604,
        "max": 1,
        "mean": 0.0233772397041,
        "median": 0,
        "min": 0,
        "var": 0.0228334963322
    },
    "spectral_centroid": {
        "dmean": 240.360656738,
        "dmean2": 372.359924316,
        "dvar": 59344.4570312,
        "dvar2": 128880.882812,
        "max": 11563.6425781,
        "mean": 1703.84814453,
        "median": 1733.48034668,
        "min": 263.806884766,
        "var": 276904.25
    },
    "spectral_complexity": {
        "dmean": 4.32779502869,
        "dmean2": 6.62694358826,
        "dvar": 17.5050392151,
        "dvar2": 35.9125709534,
        "max": 57,
        "mean": 24.3921909332,
        "median": 24,
        "min": 0,
        "var": 88.6937103271
    },
    "spectral_decrease": {
        "dmean": 2.5484152566e-09,
        "dmean2": 3.95208887838e-09,
        "dvar": 1.0277581799e-17,
        "dvar2": 2.33889983498e-17,
        "max": 9.69880505141e-29,
        "mean": -8.21175838439e-09,
        "median": -7.74563080341e-09,
        "min": -4.25151789329e-08,
        "var": 2.73238502016e-17
    },
    "spectral_energy": {
        "dmean": 0.0102454712614,
        "dmean2": 0.0157969053835,
        "dvar": 0.000157010930707,
        "dvar2": 0.0003544803767,
        "max": 0.16612303257,
        "mean": 0.0336238443851,
        "median": 0.0320498794317,
        "min": 1.07242270051e-20,
        "var": 0.000428638450103
    },
    "spectral_energyband_high": {
        "dmean": 0.000396567687858,
        "dmean2": 0.000556842423975,
        "dvar": 8.44063663408e-07,
        "dvar2": 1.66574704963e-06,
        "max": 0.030623998493,
        "mean": 0.00111583981197,
        "median": 0.000779868103564,
        "min": 7.69177964831e-21,
        "var": 2.07724156098e-06
    },
    "spectral_energyband_low": {
        "dmean": 0.00554258143529,
        "dmean2": 0.00890455022454,
        "dvar": 0.000118506803119,
        "dvar2": 0.000283287954517,
        "max": 0.118093200028,
        "mean": 0.0133266439661,
        "median": 0.00869309157133,
        "min": 5.83161700761e-23,
        "var": 0.000241134999669
    },
    "spectral_energyband_middle_high": {
        "dmean": 0.00445446930826,
        "dmean2": 0.00658459961414,
        "dvar": 3.95659335481e-05,
        "dvar2": 8.05575837148e-05,
        "max": 0.102215379477,
        "mean": 0.0113234156743,
        "median": 0.00710116233677,
        "min": 1.4704407663e-21,
        "var": 0.000121505559946
    },
    "spectral_energyband_middle_low": {
        "dmean": 0.00402357056737,
        "dmean2": 0.00663301348686,
        "dvar": 3.84288905479e-05,
        "dvar2": 0.000101497105788,
        "max": 0.104255065322,
        "mean": 0.00861251074821,
        "median": 0.00643369089812,
        "min": 4.15810627869e-22,
        "var": 6.44457177259e-05
    },
    "spectral_entropy": {
        "dmean": 0.112887814641,
        "dmean2": 0.167336329818,
        "dvar": 0.0112323351204,
        "dvar2": 0.0222613625228,
        "max": 9.78907299042,
        "mean": 7.8032336235,
        "median": 7.85316181183,
        "min": 6.50512266159,
        "var": 0.0966584905982
    },
    "spectral_flux": {
        "dmean": 0.027749247849,
        "dmean2": 0.0439940243959,
        "dvar": 0.000898496014997,
        "dvar2": 0.00201322487555,
        "max": 0.324338614941,
        "mean": 0.0964155048132,
        "median": 0.0881659016013,
        "min": 1.03557842857e-10,
        "var": 0.00204309285618
    },
    "spectral_kurtosis": {
        "dmean": 0.95439094305,
        "dmean2": 1.62908244133,
        "dvar": 0.872778356075,
        "dvar2": 2.52982282639,
        "max": 16.5138072968,
        "mean": 2.94843888283,
        "median": 2.60886716843,
        "min": -1.42689549923,
        "var": 3.12631893158
    },
    "spectral_rms": {
        "dmean": 0.000854517915286,
        "dmean2": 0.00129427656066,
        "dvar": 8.68355812145e-07,
        "dvar2": 1.80628308044e-06,
        "max": 0.0127307213843,
        "mean": 0.00541703263298,
        "median": 0.0055917953141,
        "min": 3.23460355722e-12,
        "var": 3.45942839886e-06
    },
    "spectral_rolloff": {
        "dmean": 431.993438721,
        "dmean2": 701.159667969,
        "dvar": 459490,
        "dvar2": 918884.1875,
        "max": 19186.0839844,
        "mean": 1659.76306152,
        "median": 1507.32421875,
        "min": 64.599609375,
        "var": 1386391.5
    },
    "spectral_skewness": {
        "dmean": 0.152573868632,
        "dmean2": 0.24876973033,
        "dvar": 0.0170139968395,
        "dvar2": 0.0431353151798,
        "max": 3.26137876511,
        "mean": 1.31358504295,
        "median": 1.2805634737,
        "min": -0.0544977150857,
        "var": 0.102688513696
    },
    "spectral_spread": {
        "dmean": 363014.28125,
        "dmean2": 538474.75,
        "dvar": 250730774528,
        "dvar2": 384679313408,
        "max": 39548960,
        "mean": 4530285.5,
        "median": 4423207,
        "min": 2029665,
        "var": 1.36948350976e+12
    },
    "spectral_strongpeak": {
        "dmean": 0.881273388863,
        "dmean2": 1.44766461849,
        "dvar": 2.27539634705,
        "dvar2": 5.12792015076,
        "max": 20.0005588531,
        "mean": 1.45259976387,
        "median": 0.567292451859,
        "min": 0,
        "var": 4.12192153931
    },
    "zerocrossingrate": {
        "dmean": 0.00888392515481,
        "dmean2": 0.0103597920388,
        "dvar": 0.000121531054901,
        "dvar2": 0.000125637961901,
        "max": 0.67919921875,
        "mean": 0.0694040209055,
        "median": 0.06640625,
        "min": 0.0029296875,
        "var": 0.00100982550066
    },
    "barkbands": {
        "dmean": [0.000615129538346, 0.00419178418815, 0.0016737714177, 0.000883203058038, 0.00127335835714, 0.00102580827661, 0.000714925699867, 0.000632042938378, 0.00116051046643, 0.000987035804428, 0.00120297900867, 0.00130329374224, 0.00100396061316, 0.000788753153756, 0.000717449584045, 0.000276653823676, 0.000242985974182, 0.000227957614698, 0.000231042315136, 0.000177036796231, 0.000130531436298, 9.51937108766e-05, 8.32893128973e-05, 6.85182749294e-05, 4.75157976325e-05, 1.65110819239e-07, 1.68617075857e-09],
        "dmean2": [0.000945821520872, 0.00682693393901, 0.0028691792395, 0.00148109381553, 0.00220610760152, 0.00168027251493, 0.00117579172365, 0.0010415186407, 0.00191856292076, 0.00161567365285, 0.00188592111226, 0.00200871145353, 0.00156742450781, 0.00121585628949, 0.00109577411786, 0.00044405439985, 0.000388628308428, 0.000363541359548, 0.000364996405551, 0.000284080946585, 0.000205108110094, 0.000141050040838, 0.000120128046547, 9.94093279587e-05, 6.90439992468e-05, 2.79066767916e-07, 3.17290638208e-09],
        "dvar": [3.155737204e-06, 7.85978118074e-05, 1.42041571962e-05, 3.45421381098e-06, 8.72512100614e-06, 3.9815377022e-06, 1.81555446943e-06, 1.37497499964e-06, 5.71511327507e-06, 4.97076871397e-06, 7.223331977e-06, 1.01157111203e-05, 1.08468020699e-05, 2.91718220069e-06, 3.91567346014e-06, 5.39877191841e-07, 2.22263253136e-07, 1.92914797026e-07, 3.07337046479e-07, 6.91695092314e-08, 4.36754667987e-08, 6.23183140647e-08, 1.04024266534e-07, 2.99644895563e-08, 2.94187501026e-08, 2.31746750696e-13, 6.26238986476e-16],
        "dvar2": [6.60383966533e-06, 0.000193107858649, 4.0091239498e-05, 8.89531565917e-06, 2.43180274992e-05, 1.03839192889e-05, 4.6366535571e-06, 3.43986471307e-06, 1.5466246623e-05, 1.2445446373e-05, 1.61505413416e-05, 2.08966321225e-05, 2.35646930378e-05, 6.24649419478e-06, 8.25727784104e-06, 1.24950713598e-06, 5.29582905529e-07, 4.56207175148e-07, 6.8911941753e-07, 1.67081807945e-07, 9.7301871449e-08, 1.21536530173e-07, 2.35716726138e-07, 6.13751538481e-08, 5.88714357264e-08, 6.01873965164e-13, 1.87747033869e-15],
        "max": [0.0234400033951, 0.112799964845, 0.0447697341442, 0.0424461439252, 0.0467862412333, 0.0602805688977, 0.0217667315155, 0.0323277711868, 0.0487636402249, 0.0581972375512, 0.0530453361571, 0.0586125552654, 0.0878835469484, 0.0449165478349, 0.0461139976978, 0.0230566319078, 0.0146606424823, 0.0162303000689, 0.0330037325621, 0.00617632176727, 0.00497592333704, 0.00912002846599, 0.0106967426836, 0.0062237335369, 0.00821476057172, 2.54844508163e-05, 1.6231600739e-06],
        "mean": [0.000836417835671, 0.00910981651396, 0.0028403266333, 0.00120925053488, 0.00170950754546, 0.00168313912582, 0.00102740037255, 0.00087374454597, 0.00165655522142, 0.00146228424273, 0.00185129314195, 0.00219166884199, 0.0015259522479, 0.00131531688385, 0.00116791587789, 0.000447278784122, 0.000467872829176, 0.000440093164798, 0.000480089802295, 0.000382499216357, 0.000294414756354, 0.000211419959669, 0.000170563376741, 0.000163430362591, 0.00010537396156, 1.78024720299e-07, 1.49751133716e-09],
        "median": [0.000111348635983, 0.00458460208029, 0.00117088260595, 0.000427197723184, 0.000845827278681, 0.000695751572493, 0.000446385296527, 0.000370314373868, 0.000746065168642, 0.000420849071816, 0.000458073744085, 0.000466348894406, 0.000369731249521, 0.000417502917117, 0.000324600550812, 0.0002477268863, 0.000281791843008, 0.000275636120932, 0.000294354365906, 0.000261694687651, 0.00020913631306, 0.000124870130094, 8.89037328307e-05, 9.07939029275e-05, 5.43119749636e-05, 5.54746435455e-08, 6.75363764913e-10],
        "min": [7.95677688961e-24, 3.30081837949e-23, 1.77132799811e-23, 7.01876999735e-24, 7.8097671379e-23, 5.79015132299e-23, 5.60555219137e-23, 1.42328884606e-22, 3.83393625903e-23, 6.05174706549e-23, 3.20762108997e-23, 7.57044440974e-23, 5.23766911703e-23, 1.59221867574e-22, 1.22054641849e-22, 1.48153669447e-22, 1.7813959774e-22, 1.16419057407e-22, 3.20257155976e-22, 4.91579745939e-22, 4.47864078554e-22, 3.11961646158e-22, 4.5135415066e-22, 6.21105910302e-22, 1.49779588765e-21, 1.94699696553e-21, 2.47354346966e-21],
        "var": [4.80508515466e-06, 0.000143974408275, 2.03313029488e-05, 6.25741313343e-06, 8.83111988514e-06, 9.14867450774e-06, 3.1967938412e-06, 2.14437568502e-06, 6.93813808539e-06, 8.1940788732e-06, 1.43924726217e-05, 2.57234387391e-05, 1.73837615876e-05, 6.57356213196e-06, 8.08593904367e-06, 7.94501431756e-07, 5.33242598522e-07, 4.19380199901e-07, 7.30096360257e-07, 1.65653233353e-07, 1.01659736629e-07, 1.4052884012e-07, 1.71140314364e-07, 7.47965032133e-08, 7.61745511113e-08, 2.53463997837e-13, 3.14842437662e-16]
    },
    "erbbands": {
        "dmean": [0.132729351521, 0.982880353928, 1.88454091549, 2.46487379074, 3.32562661171, 4.71457338333, 5.06625175476, 9.93876838684, 9.93496704102, 12.7302970886, 14.0984668732, 25.4825954437, 29.8143749237, 34.710773468, 45.8638076782, 52.6278457642, 43.9611358643, 39.3496513367, 34.5023231506, 27.3266429901, 13.6492948532, 12.6811075211, 10.7787332535, 13.1523628235, 9.28131771088, 8.8099861145, 6.7086186409, 3.84733200073, 3.58523654938, 3.09390115738, 2.2404665947, 1.7484742403, 1.0239533186, 0.67469227314, 0.289653539658, 0.0185716114938, 0.00047296853154, 3.29275644617e-05, 8.76066405908e-06, 1.25342403408e-05],
        "dmean2": [0.212530449033, 1.65102899075, 3.22533321381, 4.16863870621, 5.7784948349, 8.08325099945, 8.52716350555, 16.3275356293, 16.4436817169, 21.0754642487, 22.7747936249, 42.3079376221, 48.8549766541, 56.2303886414, 71.2713470459, 79.6615524292, 67.8719329834, 60.2904777527, 53.3755187988, 41.2589454651, 21.5663928986, 20.0293979645, 16.9360561371, 20.6189060211, 14.6889095306, 14.0955591202, 10.6773433685, 5.90031003952, 5.37706947327, 4.52925539017, 3.28719520569, 2.58619523048, 1.49900269508, 0.984591960907, 0.430507987738, 0.0279775504023, 0.00069898070069, 4.74755106552e-05, 1.26547956825e-05, 1.89979637071e-05],
        "dvar": [0.091225668788, 4.64499950409, 17.6156711578, 26.4028949738, 66.7649688721, 124.135993958, 114.040336609, 406.012237549, 371.069122314, 863.09185791, 528.129333496, 3364.71704102, 3876.79345703, 5826.66992188, 8704.61230469, 17015.1816406, 21841.6875, 11018.828125, 7245.34667969, 8068.23535156, 881.765625, 561.740356445, 453.62197876, 1279.91418457, 235.032165527, 168.960876465, 118.655151367, 45.3835029602, 88.4766311646, 102.772483826, 76.4702682495, 28.097328186, 6.60857200623, 6.11768627167, 1.09356844425, 0.00445331493393, 2.76807190858e-06, 1.25604069368e-08, 3.08842951213e-10, 2.20465742884e-10],
        "dvar2": [0.214414536953, 12.5052461624, 48.8360977173, 70.3589324951, 194.38684082, 339.960754395, 294.259979248, 1073.77160645, 953.941894531, 2153.02856445, 1265.06555176, 9191.0859375, 9924.69921875, 14295.7509766, 19738.9453125, 34285.2304688, 46721.125, 22848.2929688, 15236.1083984, 16674.5839844, 2035.56152344, 1234.81530762, 1043.86022949, 2767.32788086, 583.913635254, 410.782653809, 280.194763184, 93.234336853, 177.982208252, 208.669723511, 176.796310425, 67.0492630005, 12.8789377213, 12.54874897, 2.31650424004, 0.01009035483, 6.00227576797e-06, 2.64913087022e-08, 6.61501076138e-10, 4.87847484631e-10],
        "max": [3.41461873055, 26.5222244263, 58.8419799805, 110.265235901, 163.821548462, 260.816802979, 256.109832764, 570.197814941, 603.417297363, 663.414672852, 526.313720703, 1202.44787598, 1347.76867676, 2302.68554688, 1895.37915039, 2989.8347168, 4341.38476562, 4148.50292969, 1889.19812012, 2614.43798828, 834.069274902, 861.983642578, 1182.21154785, 2293.93554688, 440.088989258, 235.483200073, 223.286956787, 205.42326355, 352.482727051, 427.712524414, 296.634796143, 246.397354126, 101.812507629, 127.433357239, 42.4214324951, 3.31949830055, 0.0762342512608, 0.00438037514687, 0.000563497480471, 0.000206365861231],
        "mean": [0.268845021725, 1.9735814333, 3.69564723969, 3.73766207695, 4.34590339661, 6.31691455841, 7.44278240204, 15.5933027267, 14.6574897766, 18.6132411957, 21.5581684113, 36.4732704163, 47.0462112427, 57.0315742493, 78.0528030396, 92.5630493164, 73.3451843262, 67.8276824951, 66.1246414185, 45.5823554993, 25.4418144226, 26.1082992554, 23.0741958618, 27.3466701508, 21.06432724, 18.9923648834, 14.4783716202, 9.02398490906, 7.77039337158, 6.41612482071, 4.65647554398, 3.85405278206, 2.37557911873, 1.45812416077, 0.594807803631, 0.0353100970387, 0.000985574210063, 7.81788112363e-05, 2.97026417684e-05, 4.29716747021e-05],
        "median": [0.0951254963875, 0.844078123569, 1.53750026226, 1.98163342476, 2.14280796051, 2.71817016602, 3.4196035862, 6.07189321518, 6.49898576736, 7.46660852432, 11.2633867264, 16.4070529938, 17.6688404083, 20.7099189758, 28.7789592743, 23.6689338684, 21.1406269073, 21.8863544464, 20.4062271118, 16.3355484009, 15.8072748184, 16.1552505493, 14.973906517, 16.1576747894, 14.2123880386, 13.0213327408, 10.1374607086, 6.40537691116, 4.57501173019, 3.56016921997, 2.44211483002, 2.08620452881, 1.28872454166, 0.750936090946, 0.29098212719, 0.015828512609, 0.000479550421005, 4.2677816964e-05, 2.62291250692e-05, 4.14421338064e-05],
        "min": [7.97399485172e-22, 8.05911973391e-21, 2.25429577479e-20, 2.33174960692e-20, 1.92976338448e-19, 2.57477698342e-19, 2.04640631986e-19, 5.32222068187e-19, 4.12890511478e-19, 2.50458667593e-18, 2.37652732979e-18, 1.11769213055e-18, 1.9795430879e-18, 1.3617424645e-18, 2.44226792256e-18, 2.10869534643e-18, 2.80566201414e-18, 7.66261490135e-18, 6.11749445666e-18, 7.79419534856e-18, 7.91176087467e-18, 9.53072704136e-18, 8.12564827438e-18, 1.19484518948e-17, 1.98762898518e-17, 1.88094700527e-17, 2.30873685938e-17, 1.26063797735e-17, 1.03509113603e-17, 1.23875648588e-17, 1.4155149739e-17, 1.14193921381e-17, 1.24943836544e-17, 1.3553044144e-17, 1.13637989834e-17, 7.19113353272e-18, 3.61953639256e-18, 1.36103181296e-18, 3.23401278976e-19, 3.95162984051e-20],
        "var": [0.166510045528, 7.56551551819, 32.8215675354, 40.3425216675, 67.10131073, 139.539047241, 202.339675903, 844.596984863, 680.785339355, 1662.15161133, 985.196838379, 3845.71411133, 6339.95117188, 10002.5322266, 17905.5820312, 45839.4570312, 36836.6835938, 21397.2558594, 20550.2460938, 13705.3154297, 1459.70593262, 1484.47485352, 1236.17297363, 2946.90649414, 594.103515625, 392.312469482, 243.803573608, 110.857688904, 187.270965576, 204.152038574, 123.709335327, 51.1470298767, 18.0506649017, 14.1758069992, 2.61980581284, 0.00892547611147, 6.17636442257e-06, 2.97904687585e-08, 7.6004719185e-10, 6.29894747473e-10]
    },
    "gfcc": {
        "mean": [15.3562784195, 90.6014099121, -152.816040039, 44.5226745605, -74.7016601562, 32.4635314941, -36.7544403076, 13.5687408447, -20.9114074707, -3.01897072792, -1.4973937273, -12.523765564, 3.68689918518],
        "cov": [[2695.48291016, 468.721710205, 629.144165039, 606.828308105, 340.565734863, 327.617889404, 140.615325928, 144.913925171, 15.7990541458, 183.826629639, 85.1265335083, 34.2547149658, 51.7267494202], [468.721710205, 949.565429688, 690.93548584, 374.831298828, 356.310546875, 45.8168373108, 143.71723938, 52.5359954834, 74.2549285889, 74.6223907471, 168.352783203, -22.9749774933, 65.6882095337], [629.144165039, 690.93548584, 1321.64257812, 714.584594727, 266.897491455, 137.405853271, 54.3080635071, 138.131973267, 86.8623352051, 154.063156128, 107.196090698, 59.4297676086, 24.7593593597], [606.828308105, 374.831298828, 714.584594727, 640.859985352, 269.219848633, 114.319633484, 69.7214508057, 93.0322799683, 74.3044204712, 95.8237457275, 63.4613342285, 31.0536346436, 26.5444984436], [340.565734863, 356.310546875, 266.897491455, 269.219848633, 395.94317627, 130.627944946, 98.4150390625, 69.2431640625, 25.773399353, 73.1147232056, 92.7768325806, -18.5105209351, 40.5604362488], [327.617889404, 45.8168373108, 137.405853271, 114.319633484, 130.627944946, 227.900192261, 108.092170715, 7.57673692703, 0.068766862154, 57.1643638611, 24.5520553589, 6.3963136673, -6.25326013565], [140.615325928, 143.71723938, 54.3080635071, 69.7214508057, 98.4150390625, 108.092170715, 178.052978516, 34.0498771667, 20.0155563354, 10.334649086, 49.9991264343, 2.81303739548, 20.963968277], [144.913925171, 52.5359954834, 138.131973267, 93.0322799683, 69.2431640625, 7.57673692703, 34.0498771667, 139.66746521, 49.2414398193, 8.35445213318, 5.14160346985, 20.0788650513, 26.9506816864], [15.7990541458, 74.2549285889, 86.8623352051, 74.3044204712, 25.773399353, 0.068766862154, 20.0155563354, 49.2414398193, 93.9034118652, 19.1615200043, 4.01297473907, 2.372600317, 13.8923683167], [183.826629639, 74.6223907471, 154.063156128, 95.8237457275, 73.1147232056, 57.1643638611, 10.334649086, 8.35445213318, 19.1615200043, 113.232879639, 51.2663269043, 4.37752389908, 1.18729972839], [85.1265335083, 168.352783203, 107.196090698, 63.4613342285, 92.7768325806, 24.5520553589, 49.9991264343, 5.14160346985, 4.01297473907, 51.2663269043, 120.329551697, 26.2638225555, 16.2666110992], [34.2547149658, -22.9749774933, 59.4297676086, 31.0536346436, -18.5105209351, 6.3963136673, 2.81303739548, 20.0788650513, 2.372600317, 4.37752389908, 26.2638225555, 82.7130203247, 25.3534145355], [51.7267494202, 65.6882095337, 24.7593593597, 26.5444984436, 40.5604362488, -6.25326013565, 20.963968277, 26.9506816864, 13.8923683167, 1.18729972839, 16.2666110992, 25.3534145355, 70.783744812]],
        "icov": [[0.000751572195441, -0.000989868189208, 0.000880201463588, -0.00117410393432, 0.00105788756628, -0.00162197602913, 0.000942703045439, -0.00151606439613, 0.00129352591466, -0.00095455814153, 0.00028992749867, -9.03569962247e-05, -0.000221772061195], [-0.000989868189208, 0.00635930197313, -0.0045790374279, 0.00337023497559, -0.0049423254095, 0.00535918353125, -0.00448128674179, 0.00549924420193, -0.00421849777922, 0.00337510439567, -0.00326072261669, 0.00304999575019, -0.00187320471741], [0.000880201463588, -0.0045790374279, 0.00554717052728, -0.00501699978486, 0.00437985500321, -0.00466899434105, 0.00407003704458, -0.00528882583603, 0.00348809035495, -0.00318826176226, 0.00109004590195, -0.00190785352606, 0.00123507261742], [-0.00117410393432, 0.00337023497559, -0.00501699978486, 0.00778995966539, -0.00558263948187, 0.0044067571871, -0.0036177628208, 0.00464039901271, -0.00456103496253, 0.00176722835749, 0.000702472170815, -0.000815748237073, 0.000453171291156], [0.00105788756628, -0.0049423254095, 0.00437985500321, -0.00558263948187, 0.010812417604, -0.0079792952165, 0.00494379922748, -0.00745418667793, 0.00486295251176, -0.0021779590752, -0.00287790154107, 0.00352443149313, -0.0026706205681], [-0.00162197602913, 0.00535918353125, -0.00466899434105, 0.0044067571871, -0.0079792952165, 0.0161072798073, -0.0111744161695, 0.00792803242803, -0.00289476057515, -0.00195263302885, 0.00374052370898, -0.00269271968864, 0.00318447221071], [0.000942703045439, -0.00448128674179, 0.00407003704458, -0.0036177628208, 0.00494379922748, -0.0111744161695, 0.0153395719826, -0.00681163836271, 0.0014345429372, 0.00244192709215, -0.0049470057711, 0.0019966296386, -0.00226765475236], [-0.00151606439613, 0.00549924420193, -0.00528882583603, 0.00464039901271, -0.00745418667793, 0.00792803242803, -0.00681163836271, 0.0171449650079, -0.00883766729385, 0.00322473770939, 0.00139982718974, -0.00193982187193, -0.00137085013557], [0.00129352591466, -0.00421849777922, 0.00348809035495, -0.00456103496253, 0.00486295251176, -0.00289476057515, 0.0014345429372, -0.00883766729385, 0.0183148104697, -0.00574437482283, 0.00284695834853, 2.89206527668e-05, -0.000805184186902], [-0.00095455814153, 0.00337510439567, -0.00318826176226, 0.00176722835749, -0.0021779590752, -0.00195263302885, 0.00244192709215, 0.00322473770939, -0.00574437482283, 0.0180372763425, -0.00947645306587, 0.00441761827096, -0.001437287312], [0.00028992749867, -0.00326072261669, 0.00109004590195, 0.000702472170815, -0.00287790154107, 0.00374052370898, -0.0049470057711, 0.00139982718974, 0.00284695834853, -0.00947645306587, 0.0204894263297, -0.0103968447074, 0.00369665073231], [-9.03569962247e-05, 0.00304999575019, -0.00190785352606, -0.000815748237073, 0.00352443149313, -0.00269271968864, 0.0019966296386, -0.00193982187193, 2.89206527668e-05, 0.00441761827096, -0.0103968447074, 0.0220243185759, -0.00948056112975], [-0.000221772061195, -0.00187320471741, 0.00123507261742, 0.000453171291156, -0.0026706205681, 0.00318447221071, -0.00226765475236, -0.00137085013557, -0.000805184186902, -0.001437287312, 0.00369665073231, -0.00948056112975, 0.02115958184]]
    },
    "melbands": {
        "dmean": [0.0011472501792, 0.00107469514478, 0.00042882564594, 0.000288166193059, 0.000181585302926, 0.000216193409869, 0.000151404048665, 0.000137153241667, 0.000120643722767, 0.000168984901393, 0.000151797634317, 0.000140548901982, 0.000173305248609, 0.000158988390467, 0.000113495021651, 9.49349341681e-05, 7.34836285119e-05, 5.99346130912e-05, 5.13663107995e-05, 2.35953466472e-05, 1.69404083863e-05, 1.51440890477e-05, 1.10396058517e-05, 1.17427480291e-05, 1.1751333659e-05, 8.03755392553e-06, 6.96453525961e-06, 5.91923480897e-06, 4.94489313496e-06, 3.08647508973e-06, 2.43595673055e-06, 2.15867180486e-06, 1.96674523067e-06, 1.79933283562e-06, 1.4058200577e-06, 1.19321794045e-06, 1.09285747385e-06, 7.94992047304e-07, 6.57120040159e-07, 5.91846514908e-07],
        "dmean2": [0.00183467683382, 0.00183130055666, 0.000722474127542, 0.000498101406265, 0.000307233131025, 0.000353390089003, 0.000249852950219, 0.000227267839364, 0.000195254353457, 0.00028096450842, 0.000248362630373, 0.000228983524721, 0.000268853123998, 0.000243720554863, 0.00017584192392, 0.00014595684479, 0.000113078283903, 9.33282935875e-05, 7.83402429079e-05, 3.71626410924e-05, 2.72759789368e-05, 2.41943162109e-05, 1.75829063664e-05, 1.87045752682e-05, 1.8618957256e-05, 1.28471992866e-05, 1.11879999167e-05, 9.59807948675e-06, 7.94267089077e-06, 4.91054788654e-06, 3.81502877644e-06, 3.31763317263e-06, 2.99313637697e-06, 2.69042311629e-06, 2.10060375139e-06, 1.82112967195e-06, 1.63968513789e-06, 1.20318782137e-06, 9.88693386716e-07, 8.87245562353e-07],
        "dvar": [5.92587821302e-06, 5.36227435077e-06, 7.49312164317e-07, 4.70396713581e-07, 1.43952476606e-07, 1.87051441003e-07, 7.9940114972e-08, 9.35018107384e-08, 3.9544644892e-08, 1.41800612141e-07, 1.01769707328e-07, 1.02420031567e-07, 1.49280893424e-07, 1.52924968688e-07, 1.18785145276e-07, 6.89065799975e-08, 3.49885880269e-08, 2.28875194352e-08, 2.72840399163e-08, 5.94889693062e-09, 1.44446343775e-09, 8.87250828363e-10, 4.15545653443e-10, 6.03858685277e-10, 1.24246990474e-09, 1.64307054074e-10, 1.24887253317e-10, 7.76411435144e-11, 7.00418889554e-11, 3.07259322152e-11, 1.94044641466e-11, 3.11103573458e-11, 2.82768825716e-11, 3.45752176889e-11, 2.88611599897e-11, 2.66044460767e-11, 8.21180016347e-12, 3.82875502136e-12, 3.21785241682e-12, 6.02524887622e-12],
        "dvar2": [1.3433868844e-05, 1.47487362483e-05, 2.0183892957e-06, 1.31623824018e-06, 3.81577422104e-07, 4.90390505092e-07, 2.05476993642e-07, 2.37155688865e-07, 9.65593827118e-08, 3.89154365621e-07, 2.59117996393e-07, 2.5297947559e-07, 3.33810419306e-07, 3.14916604793e-07, 2.56915029695e-07, 1.45963156228e-07, 7.29785298859e-08, 4.81526498675e-08, 5.59235928677e-08, 1.31338051546e-08, 3.4289897588e-09, 1.99497218745e-09, 9.32065646886e-10, 1.43998013513e-09, 2.69699285127e-09, 4.04324046466e-10, 3.1474867157e-10, 1.90503446351e-10, 1.65688032738e-10, 7.20676573973e-11, 4.14576047103e-11, 6.53336690304e-11, 5.5593082221e-11, 7.2769699988e-11, 6.45622028062e-11, 7.05506278398e-11, 1.88600992462e-11, 7.94798081516e-12, 6.43554090227e-12, 1.33852512407e-11],
        "max": [0.0304655395448, 0.028195573017, 0.0156120862812, 0.0100874044001, 0.00775209907442, 0.0134681528434, 0.00844169035554, 0.00631006248295, 0.00521234842017, 0.00847871880978, 0.00661170575768, 0.0100598456338, 0.00806605815887, 0.00660036457703, 0.00843503326178, 0.007547698915, 0.00688982987776, 0.0027914494276, 0.00424583721906, 0.00246584392153, 0.00105289707426, 0.000978185096756, 0.000969732063822, 0.000889682676643, 0.00231990846805, 0.000268837145995, 0.000362897873856, 0.000132923116325, 0.000182783915079, 0.000142869728734, 0.000128955944092, 0.000189093756489, 0.000194795575226, 0.000240944878897, 0.000215163527173, 0.000300695537589, 9.45058418438e-05, 6.70391018502e-05, 9.46688087424e-05, 0.000139065858093],
        "mean": [0.00251508480869, 0.00225307303481, 0.00067806529114, 0.000382231315598, 0.000268248404609, 0.000346646556864, 0.00022801112209, 0.00019727977633, 0.000179747366928, 0.000239129847614, 0.00023271421378, 0.000221548645641, 0.000275872182101, 0.000266738847131, 0.000181293929927, 0.000147737635416, 0.000118368290714, 0.000107056279376, 8.21817884571e-05, 3.69520203094e-05, 2.88748560706e-05, 2.78000698017e-05, 2.19210051e-05, 2.16472672037e-05, 2.25749572564e-05, 1.65652782016e-05, 1.41839200296e-05, 1.17695999506e-05, 9.71169811237e-06, 6.28979114481e-06, 5.0375660976e-06, 4.35460606241e-06, 4.03002786697e-06, 3.39977168551e-06, 2.71839689958e-06, 2.40118583861e-06, 2.29920738093e-06, 1.70778332631e-06, 1.39117912568e-06, 1.1798098285e-06],
        "median": [0.00130488933064, 0.00107094435953, 0.000377598946216, 0.000187444573385, 0.000123930585687, 0.000136565839057, 0.000105563478428, 8.03451912361e-05, 9.34343988774e-05, 0.000103636710264, 8.10362325865e-05, 7.2712689871e-05, 7.91956990724e-05, 5.71796226723e-05, 4.488776176e-05, 4.02677906095e-05, 3.5358731111e-05, 2.91932719847e-05, 2.29689812841e-05, 1.71236024471e-05, 1.75279146788e-05, 1.63761033036e-05, 1.27931125462e-05, 1.26668210214e-05, 1.24167336253e-05, 1.07697169369e-05, 8.95094399311e-06, 7.8157909229e-06, 6.46893977319e-06, 4.09079029851e-06, 3.3111527955e-06, 2.47784578278e-06, 2.29711599786e-06, 1.79229152764e-06, 1.3804219634e-06, 1.31036506446e-06, 1.20999914088e-06, 8.95292316727e-07, 7.42167458156e-07, 5.86124770052e-07],
        "min": [8.75913757151e-24, 1.16117390686e-23, 6.7853176565e-24, 2.10646387855e-23, 6.92525369248e-24, 1.16137277869e-23, 7.10524492978e-24, 3.01168886704e-23, 1.46874919608e-23, 7.18236476073e-24, 9.9034213353e-24, 5.31278808119e-24, 6.87486599102e-24, 7.90087110612e-24, 5.06071310095e-24, 6.85263746843e-24, 1.49927464213e-23, 9.14892321111e-24, 1.02160871439e-23, 1.14951588374e-23, 7.95674296859e-24, 8.53236057164e-24, 1.07090005697e-23, 5.47653982789e-24, 1.01060513029e-23, 1.12355825789e-23, 1.72262025483e-23, 1.17589310472e-23, 1.33800922722e-23, 1.64145325189e-23, 4.12878438196e-24, 5.37570841585e-24, 6.87500640826e-24, 6.72164869284e-24, 8.78706955844e-24, 6.44291100287e-24, 7.29422444823e-24, 8.28145468326e-24, 9.29901898668e-24, 1.20587518337e-23],
        "var": [1.17644976854e-05, 9.80661388894e-06, 1.17932404464e-06, 4.53560460301e-07, 2.26501697398e-07, 4.13749290828e-07, 1.48272903289e-07, 1.66174771721e-07, 6.71941933206e-08, 1.61492579309e-07, 1.66097407828e-07, 1.70592855397e-07, 3.06939057282e-07, 3.99935942141e-07, 2.02720400466e-07, 1.16228868308e-07, 6.99856244069e-08, 6.37281090121e-08, 4.9437307581e-08, 9.12152664512e-09, 2.19549067815e-09, 1.9190047329e-09, 1.38867117805e-09, 1.26508037379e-09, 2.76606759719e-09, 3.90215443291e-10, 2.81552225978e-10, 1.64560115534e-10, 1.27660063076e-10, 6.50950543468e-11, 4.17814984e-11, 6.07192976454e-11, 6.16254200447e-11, 6.4353647411e-11, 4.63875500512e-11, 3.33995088531e-11, 1.63782789414e-11, 9.6563182797e-12, 8.055838982e-12, 1.17538097311e-11]
    },
    "mfcc": {
        "mean": [-605.265625, 98.5985565186, -10.7382965088, 9.49195575714, -2.27406048775, 4.7292432785, 6.62924957275, 4.89972019196, -0.226021796465, 4.61505651474, 0.110305964947, 1.2007175684, -0.311295300722],
        "cov": [[2138.56542969, 59.7738265991, 264.649047852, 296.063110352, 241.221725464, 275.670532227, 241.145812988, 75.8238067627, 95.7195739746, 139.207778931, 62.419216156, 52.3362541199, 71.6186676025], [59.7738265991, 772.230285645, 326.98638916, 295.070220947, 240.248596191, 77.9616165161, 180.752563477, 13.6324520111, 6.10432100296, 100.306869507, 38.5201225281, 53.301197052, 74.7797698975], [264.649047852, 326.98638916, 1058.70727539, 545.90612793, 301.830200195, 168.285308838, 98.2220001221, 47.3138008118, 75.6856231689, 47.6098670959, 62.5479393005, 141.531784058, 112.632545471], [296.063110352, 295.070220947, 545.90612793, 581.384399414, 334.463012695, 111.566207886, 127.586830139, 50.4111709595, 70.511138916, 74.1339645386, 42.6579627991, 98.71509552, 89.577911377], [241.221725464, 240.248596191, 301.830200195, 334.463012695, 358.524291992, 113.892784119, 129.433135986, 26.3553447723, 46.3447647095, 85.7829437256, 42.9040679932, 51.7874603271, 55.5000190735], [275.670532227, 77.9616165161, 168.285308838, 111.566207886, 113.892784119, 260.616088867, 136.756912231, 18.4989547729, 22.009979248, 48.3926963806, 49.3019714355, 38.3684272766, 32.3028488159], [241.145812988, 180.752563477, 98.2220001221, 127.586830139, 129.433135986, 136.756912231, 223.613449097, 46.7523651123, 14.6265125275, 65.0130767822, 32.8064956665, 40.4105682373, 51.3448638916], [75.8238067627, 13.6324520111, 47.3138008118, 50.4111709595, 26.3553447723, 18.4989547729, 46.7523651123, 124.390708923, 59.887348175, 7.81246376038, 4.93197154999, 6.39809942245, 14.19830513], [95.7195739746, 6.10432100296, 75.6856231689, 70.511138916, 46.3447647095, 22.009979248, 14.6265125275, 59.887348175, 107.089385986, 38.8938102722, 1.87184000015, 2.54992175102, 1.73291099072], [139.207778931, 100.306869507, 47.6098670959, 74.1339645386, 85.7829437256, 48.3926963806, 65.0130767822, 7.81246376038, 38.8938102722, 118.297409058, 34.4747428894, -3.12321400642, 5.26746177673], [62.419216156, 38.5201225281, 62.5479393005, 42.6579627991, 42.9040679932, 49.3019714355, 32.8064956665, 4.93197154999, 1.87184000015, 34.4747428894, 77.3696060181, 36.0230789185, 3.38181591034], [52.3362541199, 53.301197052, 141.531784058, 98.71509552, 51.7874603271, 38.3684272766, 40.4105682373, 6.39809942245, 2.54992175102, -3.12321400642, 36.0230789185, 101.864593506, 47.9200325012], [71.6186676025, 74.7797698975, 112.632545471, 89.577911377, 55.5000190735, 32.3028488159, 51.3448638916, 14.19830513, 1.73291099072, 5.26746177673, 3.38181591034, 47.9200325012, 94.7051544189]],
