{
"lowlevel": {
    "average_loudness": 0.791310787201,
    "barkbands_crest": {
        "dmean": 2.62610149384,
        "dmean2": 4.33217334747,
        "dvar": 5.85999298096,
        "dvar2": 16.0075912476,
        "max": 24.9489173889,
        "mean": 9.72735786438,
        "median": 9.02187824249,
        "min": 2.39190268517,
        "var": 15.4702224731
    },
    "barkbands_flatness_db": {
        "dmean": 0.0182195715606,
        "dmean2": 0.0288795940578,
        "dvar": 0.000313377764542,
        "dvar2": 0.000760129885748,
        "max": 0.360996037722,
        "mean": 0.110649846494,
        "median": 0.102848701179,
        "min": 0.0196034479886,
        "var": 0.0020616829861
    },
    "barkbands_kurtosis": {
        "dmean": 1.87470686436,
        "dmean2": 3.06596660614,
        "dvar": 14.7342882156,
        "dvar2": 39.442855835,
        "max": 146.935928345,
        "mean": 2.27759552002,
        "median": 0.64270734787,
        "min": -1.84104919434,
        "var": 32.051361084
    },
    "barkbands_skewness": {
        "dmean": 0.443512678146,
        "dmean2": 0.696632325649,
        "dvar": 0.21856738627,
        "dvar2": 0.542787313461,
        "max": 10.826256752,
        "mean": 1.14949476719,
        "median": 1.05018019676,
        "min": -2.60642123222,
        "var": 1.21193230152
    },
    "barkbands_spread": {
        "dmean": 5.0546836853,
        "dmean2": 8.06379795074,
        "dvar": 28.3981552124,
        "dvar2": 67.466255188,
        "max": 97.4526748657,
        "mean": 26.7207794189,
        "median": 25.7827949524,
        "min": 1.34935522079,
        "var": 159.607131958
    },
    "dissonance": {
        "dmean": 0.0164781045169,
        "dmean2": 0.0280724931508,
        "dvar": 0.000289747491479,
        "dvar2": 0.000807448173873,
        "max": 0.500000059605,
        "mean": 0.471692830324,
        "median": 0.477405309677,
        "min": 0.286581277847,
        "var": 0.000509319768753
    },
    "dynamic_complexity": 4.15580940247,
    "erbbands_crest": {
        "dmean": 2.35943412781,
        "dmean2": 3.81655526161,
        "dvar": 4.95815515518,
        "dvar2": 12.2755374908,
        "max": 30.7400836945,
        "mean": 9.00625991821,
        "median": 7.70551109314,
        "min": 2.31560230255,
        "var": 23.978603363
    },
    "erbbands_flatness_db": {
        "dmean": 0.0143678728491,
        "dmean2": 0.0213365480304,
        "dvar": 0.000195901680854,
        "dvar2": 0.000369370653061,
        "max": 0.330278933048,
        "mean": 0.14707005024,
        "median": 0.13779039681,
        "min": 0.0485238879919,
        "var": 0.00269016926177
    },
    "erbbands_kurtosis": {
        "dmean": 0.773921012878,
        "dmean2": 1.22142636776,
        "dvar": 1.14238214493,
        "dvar2": 2.74032521248,
        "max": 20.5614395142,
        "mean": 0.849934637547,
        "median": -0.0923376083374,
        "min": -1.69229960442,
        "var": 6.37485313416
    },
    "erbbands_skewness": {
        "dmean": 0.291984766722,
        "dmean2": 0.460850149393,
        "dvar": 0.0675475075841,
        "dvar2": 0.164143979549,
        "max": 3.20457077026,
        "mean": 0.292648375034,
        "median": 0.255120456219,
        "min": -3.23827886581,
        "var": 0.45043900609
    },
    "erbbands_spread": {
        "dmean": 6.59845161438,
        "dmean2": 10.0615196228,
        "dvar": 53.208114624,
        "dvar2": 115.004653931,
        "max": 145.45866394,
        "mean": 36.6494293213,
        "median": 34.4044876099,
        "min": 3.76987433434,
        "var": 374.519348145
    },
    "hfc": {
        "dmean": 5.45193767548,
        "dmean2": 8.04393863678,
        "dvar": 55.0173149109,
        "dvar2": 116.155860901,
        "max": 124.205726624,
        "mean": 24.0248680115,
        "median": 16.3833274841,
        "min": 1.05211629975e-16,
        "var": 474.149108887
    },
    "melbands_crest": {
        "dmean": 3.51546669006,
        "dmean2": 5.77441978455,
        "dvar": 10.3598365784,
        "dvar2": 27.6616764069,
        "max": 33.4671707153,
        "mean": 13.9436359406,
        "median": 13.0739440918,
        "min": 2.01576757431,
        "var": 29.6917591095
    },
    "melbands_flatness_db": {
        "dmean": 0.0219451654702,
        "dmean2": 0.0353049039841,
        "dvar": 0.00047788064694,
        "dvar2": 0.00117148912977,
        "max": 0.485584259033,
        "mean": 0.169229388237,
        "median": 0.160681068897,
        "min": 0.0070506692864,
        "var": 0.00302039319649
    },
    "melbands_kurtosis": {
        "dmean": 5.5127453804,
        "dmean2": 8.95717144012,
        "dvar": 137.972915649,
        "dvar2": 362.039886475,
        "max": 324.424438477,
        "mean": 10.1119623184,
        "median": 5.00659656525,
        "min": -1.77186286449,
        "var": 329.753662109
    },
    "melbands_skewness": {
        "dmean": 0.642398536205,
        "dmean2": 1.01115477085,
        "dvar": 0.522134482861,
        "dvar2": 1.27285790443,
        "max": 14.3915910721,
        "mean": 2.24627709389,
        "median": 2.02348089218,
        "min": -1.74070417881,
        "var": 2.83566117287
    },
    "melbands_spread": {
        "dmean": 6.51685190201,
        "dmean2": 10.3908967972,
        "dvar": 53.3897285461,
        "dvar2": 124.183883667,
        "max": 166.864776611,
        "mean": 29.0077648163,
        "median": 27.6779079437,
        "min": 0.960161626339,
        "var": 241.588485718
    },
    "pitch_salience": {
        "dmean": 0.0720725655556,
        "dmean2": 0.116148129106,
        "dvar": 0.00414996314794,
        "dvar2": 0.0109645286575,
        "max": 0.88504076004,
        "mean": 0.549248039722,
        "median": 0.544693350792,
        "min": 0.12009742856,
        "var": 0.0133333131671
    },
    "silence_rate_20dB": {
        "dmean": 0,
        "dmean2": 0,
        "dvar": 0,
        "dvar2": 0,
        "max": 1,
        "mean": 1,
        "median": 1,
        "min": 1,
        "var": 0
    },
    "silence_rate_30dB": {
        "dmean": 0,
        "dmean2": 0,
        "dvar": 0,
        "dvar2": 0,
        "max": 1,
        "mean": 1,
        "median": 1,
        "min": 1,
        "var": 0
    },
    "silence_rate_60dB": {
        "dmean": 0.0119909504429,
        "dmean2": 0.023984612897,
        "dvar": 0.0118476813659,
        "dvar2": 0.0249935220927,
        "max": 1,
        "mean": 0.102816425264,
        "median": 0,
        "min": 0,
        "var": 0.092233993113
    },
    "spectral_centroid": {
        "dmean": 211.40663147,
        "dmean2": 331.97744751,
        "dvar": 54481.734375,
        "dvar2": 112687.460938,
        "max": 10650.9931641,
        "mean": 1604.13500977,
        "median": 1617.51318359,
        "min": 238.991790771,
        "var": 273714.59375
    },
    "spectral_complexity": {
        "dmean": 2.99977374077,
        "dmean2": 4.79828023911,
        "dvar": 10.5090065002,
        "dvar2": 23.4490318298,
        "max": 52,
        "mean": 18.4119434357,
        "median": 19,
        "min": 0,
        "var": 79.3564834595
    },
    "spectral_decrease": {
        "dmean": 1.53667845115e-09,
        "dmean2": 2.43407072276e-09,
        "dvar": 3.05384949192e-18,
        "dvar2": 7.67303985861e-18,
        "max": -2.25380459146e-28,
        "mean": -6.082558901e-09,
        "median": -5.37316147131e-09,
        "min": -2.31181083166e-08,
        "var": 1.87160813616e-17
    },
    "spectral_energy": {
        "dmean": 0.0061531146057,
        "dmean2": 0.00968495756388,
        "dvar": 4.82278774143e-05,
        "dvar2": 0.000118627554912,
        "max": 0.0949757024646,
        "mean": 0.0251360759139,
        "median": 0.0218332353979,
        "min": 1.03936431424e-20,
        "var": 0.000324608117808
    },
    "spectral_energyband_high": {
        "dmean": 0.00026690683444,
        "dmean2": 0.000410715118051,
        "dvar": 2.0778536225e-07,
        "dvar2": 4.88461068926e-07,
        "max": 0.0078971395269,
        "mean": 0.000856240745634,
        "median": 0.000632536772173,
        "min": 7.45545479354e-21,
        "var": 6.93698268606e-07
    },
    "spectral_energyband_low": {
        "dmean": 0.00393264647573,
        "dmean2": 0.00645237090066,
        "dvar": 2.98212180496e-05,
        "dvar2": 8.19572887849e-05,
        "max": 0.0507556572556,
        "mean": 0.00891863182187,
        "median": 0.0070939832367,
        "min": 1.04130964775e-22,
        "var": 7.025845116e-05
    },
    "spectral_energyband_middle_high": {
        "dmean": 0.00247270078398,
        "dmean2": 0.00359217729419,
        "dvar": 1.73661974259e-05,
        "dvar2": 3.43782667187e-05,
        "max": 0.0798376053572,
        "mean": 0.00942954793572,
        "median": 0.0041506299749,
        "min": 1.7032026456e-21,
        "var": 0.000153290326125
    },
    "spectral_energyband_middle_low": {
        "dmean": 0.00282060261816,
        "dmean2": 0.00463086832315,
        "dvar": 2.13672992686e-05,
        "dvar2": 5.5994009017e-05,
        "max": 0.051470220089,
        "mean": 0.00668519642204,
        "median": 0.00511137442663,
        "min": 4.20413864754e-22,
        "var": 3.92103611375e-05
    },
    "spectral_entropy": {
        "dmean": 0.115652300417,
        "dmean2": 0.178082883358,
        "dvar": 0.0142324930057,
        "dvar2": 0.0299530606717,
        "max": 9.81233406067,
        "mean": 7.77822256088,
        "median": 7.81272268295,
        "min": 6.11244297028,
        "var": 0.11193485558
    },
    "spectral_flux": {
        "dmean": 0.0206517707556,
        "dmean2": 0.0317000150681,
        "dvar": 0.000496916647535,
        "dvar2": 0.00105401873589,
        "max": 0.267875671387,
        "mean": 0.0801060795784,
        "median": 0.0724027231336,
        "min": 1.01949219899e-10,
        "var": 0.00195077061653
    },
    "spectral_kurtosis": {
        "dmean": 0.952389240265,
        "dmean2": 1.62081038952,
        "dvar": 2.0433485508,
        "dvar2": 5.775370121,
        "max": 44.6114196777,
        "mean": 3.70586061478,
        "median": 3.28212928772,
        "min": -1.19297921658,
        "var": 7.69886684418
    },
    "spectral_rms": {
        "dmean": 0.000592351192608,
        "dmean2": 0.000925929285586,
        "dvar": 3.69910992504e-07,
        "dvar2": 8.87648923253e-07,
        "max": 0.00962596572936,
        "mean": 0.00454180454835,
        "median": 0.00461527006701,
        "min": 3.18435859278e-12,
        "var": 3.89493015973e-06
    },
    "spectral_rolloff": {
        "dmean": 410.280914307,
        "dmean2": 689.53503418,
        "dvar": 413253.375,
        "dvar2": 948203.375,
        "max": 17592.6269531,
        "mean": 1644.55700684,
        "median": 1507.32421875,
        "min": 64.599609375,
        "var": 1171582
    },
    "spectral_skewness": {
        "dmean": 0.13418187201,
        "dmean2": 0.218682706356,
        "dvar": 0.0194916855544,
        "dvar2": 0.0511215478182,
        "max": 4.91032981873,
        "mean": 1.49415159225,
        "median": 1.46762657166,
        "min": 0.044265743345,
        "var": 0.119205005467
    },
    "spectral_spread": {
        "dmean": 462673.875,
        "dmean2": 692815.375,
        "dvar": 421335957504,
        "dvar2": 689194729472,
        "max": 40767388,
        "mean": 5060218.5,
        "median": 4917855.5,
        "min": 1244030.5,
        "var": 2.07849599795e+12
    },
    "spectral_strongpeak": {
        "dmean": 0.638411045074,
        "dmean2": 1.07604837418,
        "dvar": 1.52349853516,
        "dvar2": 3.56417989731,
        "max": 15.0645427704,
        "mean": 1.33775806427,
        "median": 0.340121418238,
        "min": 0,
        "var": 5.04754686356
    },
    "zerocrossingrate": {
        "dmean": 0.0090006692335,
        "dmean2": 0.0113561432809,
        "dvar": 9.81582925306e-05,
        "dvar2": 0.000132231143652,
        "max": 0.56396484375,
        "mean": 0.0711253061891,
        "median": 0.06982421875,
        "min": 0.0048828125,
        "var": 0.000811822887044
    },
    "barkbands": {
        "dmean": [0.000277540151728, 0.00315008778125, 0.00141221669037, 0.00102424935903, 0.00126069027465, 0.000631671922747, 0.000469776307, 0.000199519345188, 0.000577065977268, 0.000647399516311, 0.000612546515185, 0.000735917594284, 0.00093954440672, 0.000595013727434, 0.000295950158034, 0.000292534416076, 0.000236231091549, 0.00016709335614, 0.000160062976647, 0.000109851403977, 5.29299286427e-05, 5.36773295607e-05, 6.14932796452e-05, 5.34708779014e-05, 4.69985607197e-05, 3.40190817951e-05, 5.02318380313e-06],
        "dmean2": [0.000434196495917, 0.00509118195623, 0.00239655072801, 0.00181948172394, 0.00222973013297, 0.0010382469045, 0.000724352546968, 0.000315883429721, 0.000898146012332, 0.00100229831878, 0.000943961786106, 0.00107843778096, 0.00137316179462, 0.000891925592441, 0.000468774902401, 0.000472292187624, 0.000364055740647, 0.00026684824843, 0.000251057732385, 0.000170178129338, 8.61072185216e-05, 8.627607167e-05, 9.76850569714e-05, 8.5793704784e-05, 7.45756333345e-05, 5.30389697815e-05, 7.87359113019e-06],
        "dvar": [2.82704007759e-07, 2.30202713283e-05, 8.01017813501e-06, 5.38701306141e-06, 9.56402800512e-06, 1.1472678807e-06, 1.08591200387e-06, 2.13101515101e-07, 2.10848020288e-06, 2.03997501558e-06, 2.11914834836e-06, 4.49560275229e-06, 8.15420844447e-06, 3.38806034961e-06, 4.41993734057e-07, 6.10647418853e-07, 3.30338309595e-07, 1.11820973814e-07, 7.49780326714e-08, 3.17663051419e-08, 8.8060803094e-09, 9.55883461273e-09, 9.04533070667e-09, 6.90350221433e-09, 7.64994734226e-09, 5.91480553425e-09, 1.39029163182e-10],
        "dvar2": [6.53594213418e-07, 6.14389791735e-05, 2.14800984395e-05, 1.51787335199e-05, 2.71631488431e-05, 3.04858508571e-06, 2.37403787651e-06, 4.26649904739e-07, 4.71498833576e-06, 4.62004300061e-06, 4.66461278847e-06, 7.86042437539e-06, 1.6217769371e-05, 6.72408850733e-06, 9.65131107478e-07, 1.54781514539e-06, 6.16111492491e-07, 2.50100725907e-07, 1.69567954345e-07, 7.10423009309e-08, 2.18546514219e-08, 2.19233378118e-08, 2.17365538902e-08, 1.67925460204e-08, 1.90894997587e-08, 1.47803778106e-08, 3.36858652084e-10],
        "max": [0.00840266048908, 0.0447847917676, 0.0367703959346, 0.0311434455216, 0.030808756128, 0.0232162270695, 0.0372613333166, 0.0268610212952, 0.0342786237597, 0.032291341573, 0.0449511781335, 0.0512897595763, 0.0700888112187, 0.0540427677333, 0.0174027439207, 0.0247157048434, 0.0186930205673, 0.00788160599768, 0.00808932445943, 0.00426550675184, 0.00263629155234, 0.00250077340752, 0.00266770762391, 0.00181704608258, 0.000860044849105, 0.000817074382212, 0.000146282938658],
        "mean": [0.000487311335746, 0.00578642776236, 0.00204806495458, 0.00116769073065, 0.00163833226543, 0.00119700131472, 0.000951511960011, 0.000317525933497, 0.00110314670019, 0.0011789877899, 0.0012652752921, 0.00144415651448, 0.00208453135565, 0.00114357646089, 0.000533682527021, 0.000530791527126, 0.000483433046611, 0.00038607956958, 0.000378698954592, 0.000282260414679, 0.000124218815472, 0.000126491882838, 0.000171203675563, 0.000153603978106, 9.87314124359e-05, 4.7181314585e-05, 6.18183730694e-06],
        "median": [0.000141684780829, 0.00369924330153, 0.000832751160488, 0.000476666056784, 0.000884618668351, 0.000688420434017, 0.000371325790184, 0.000144567820826, 0.000253690901445, 0.000281413958874, 0.000257934443653, 0.000256263650954, 0.000238049949985, 0.000215385312913, 0.000223959519644, 0.000195791290025, 0.000172664425918, 0.000168254831806, 0.000197600340471, 0.000160212439368, 8.60241852934e-05, 7.86194432294e-05, 0.000111776957056, 0.000103859681985, 4.9625072279e-05, 1.62859469128e-05, 1.42367900935e-06],
        "min": [5.23096411488e-23, 4.91558667576e-23, 2.25462662936e-23, 1.88968020807e-24, 6.25446475438e-23, 7.52363908342e-23, 1.04609235365e-22, 1.10030331682e-22, 2.25821531539e-23, 1.14768432227e-22, 8.2309734229e-23, 9.21831993603e-23, 6.03425959694e-23, 8.24599964542e-23, 3.25465102076e-22, 2.27330906441e-22, 2.105643053e-22, 1.82015833037e-22, 2.10125168522e-22, 3.2200660965e-22, 5.14377800857e-22, 6.01271952905e-22, 7.11081693834e-22, 8.9330820953e-22, 1.00480916727e-21, 1.62900690745e-21, 2.11552370623e-21],
        "var": [6.90656293045e-07, 4.38787174062e-05, 1.09187622002e-05, 4.4421876737e-06, 7.26738880985e-06, 2.43688600676e-06, 3.3236424315e-06, 4.65338786171e-07, 7.18556884749e-06, 6.20911214355e-06, 8.96212350199e-06, 1.52452730617e-05, 3.84049344575e-05, 1.01425457615e-05, 1.03098773252e-06, 1.53955875248e-06, 1.11804990865e-06, 5.12829274157e-07, 2.62200671841e-07, 1.32337774517e-07, 1.95211722342e-08, 2.43906779218e-08, 3.60305882907e-08, 2.66429243112e-08, 1.61308371105e-08, 7.05115832389e-09, 1.60578578212e-10]
    },
    "erbbands": {
        "dmean": [0.122526392341, 0.642936170101, 1.447920084, 2.5368103981, 3.88476157188, 4.42595624924, 4.10565137863, 5.90856409073, 6.76201868057, 5.52897357941, 4.43152332306, 11.6233577728, 20.2631664276, 19.0546531677, 23.3112983704, 23.4239044189, 37.53515625, 31.6402511597, 18.2011833191, 13.3856058121, 14.9286336899, 11.7568798065, 9.33655548096, 8.85113239288, 6.38398981094, 4.67948102951, 2.66434693336, 1.91121304035, 1.82479846478, 1.894921422, 1.83610320091, 1.35958862305, 0.843355059624, 0.546896636486, 0.337806910276, 0.198019549251, 0.0504814237356, 0.00840463954955, 0.000942291284446, 2.44485672738e-05],
        "dmean2": [0.193755909801, 1.04545462132, 2.42066168785, 4.41850280762, 6.87445068359, 7.81266975403, 6.97607803345, 9.7415599823, 10.5312461853, 8.64241123199, 7.07314109802, 17.9743347168, 31.288312912, 29.2475833893, 34.5836868286, 33.9371948242, 53.5136680603, 45.9871940613, 27.373632431, 21.2475414276, 23.6883583069, 18.0901489258, 14.6288738251, 13.9533882141, 10.0734891891, 7.33598232269, 4.27807712555, 3.10379600525, 2.93949866295, 3.01141047478, 2.93648600578, 2.1747944355, 1.37964725494, 0.883428394794, 0.532371520996, 0.313368469477, 0.0791607350111, 0.0129011021927, 0.00147301470861, 3.79053308279e-05],
        "dvar": [0.0430806726217, 0.967340528965, 6.90861368179, 30.539522171, 84.2530975342, 120.670349121, 72.666305542, 107.484817505, 201.183181763, 204.651519775, 103.128746033, 836.637634277, 2108.13330078, 1470.1965332, 3995.83032227, 4248.26220703, 13187.5117188, 9077.28808594, 1825.01464844, 1059.00744629, 1583.23486328, 786.379211426, 363.470947266, 236.85774231, 105.206863403, 61.2840995789, 21.9951152802, 11.1944303513, 10.7939538956, 10.9987974167, 8.01961040497, 4.41247606277, 1.8011983633, 0.947069346905, 0.420046985149, 0.221089214087, 0.0128291072324, 0.000359464553185, 5.2645264077e-06, 2.98285751654e-09],
        "dvar2": [0.111142113805, 2.54702448845, 18.1047306061, 82.6919708252, 235.95640564, 345.727233887, 203.029632568, 285.16003418, 449.33895874, 470.347015381, 247.821762085, 1834.25952148, 4758.49121094, 3320.96875, 8711.55566406, 7714.62646484, 26334.7324219, 17659.8769531, 3706.21923828, 2427.71508789, 3818.17529297, 1519.90783691, 799.810302734, 540.17578125, 241.40007019, 136.98614502, 54.3600502014, 27.319644928, 24.4970035553, 26.8269710541, 19.4632797241, 10.8144664764, 4.48677968979, 2.39032459259, 1.02618587017, 0.564195811749, 0.0319644361734, 0.000851824122947, 1.274731585e-05, 7.0513306305e-09],
        "max": [2.10753512383, 10.2117481232, 28.6916713715, 60.0087814331, 125.22555542, 130.57951355, 147.623352051, 215.507034302, 339.126586914, 590.743896484, 507.862518311, 666.647888184, 1031.77380371, 940.60333252, 1908.5300293, 2348.28125, 3081.69458008, 3188.61401367, 1206.5760498, 1188.9552002, 1361.68847656, 1237.30249023, 504.188232422, 479.798614502, 225.049209595, 202.418807983, 139.585021973, 57.7616691589, 100.577636719, 104.574645996, 73.4737930298, 52.6280860901, 30.9699268341, 15.4436836243, 6.38652849197, 5.94178104401, 1.2357968092, 0.198350518942, 0.0298265404999, 0.0012403621804],
        "mean": [0.202063262463, 1.1496219635, 2.39478611946, 3.35781955719, 4.68978977203, 5.6194896698, 6.87115812302, 10.8599739075, 13.9913425446, 10.2554197311, 7.87314796448, 21.9995174408, 39.739440918, 40.7317504883, 56.7953224182, 55.7285499573, 88.4745254517, 70.8881072998, 38.9587211609, 28.3500518799, 30.7218780518, 26.5925445557, 22.7711448669, 21.0556430817, 16.5536880493, 12.5138492584, 6.59192848206, 4.47978639603, 4.31458616257, 4.75671243668, 4.93782615662, 3.76995944977, 2.22916007042, 1.21728146076, 0.653367757797, 0.28254237771, 0.0690637901425, 0.0114143565297, 0.00116976897698, 5.63277681067e-05],
        "median": [0.10083694756, 0.719876527786, 1.23988211155, 1.65574634075, 2.27636504173, 2.84237360954, 3.89161968231, 6.01401233673, 5.90549039841, 4.63037586212, 4.07700634003, 6.08283042908, 10.6140909195, 13.2921934128, 10.9139757156, 11.816411972, 13.0831193924, 12.8754644394, 14.5409135818, 14.1156415939, 12.0921993256, 10.2533006668, 9.77992630005, 11.2935848236, 9.19747066498, 7.28866195679, 4.56406354904, 3.03225207329, 2.71566915512, 3.08925676346, 3.15918660164, 2.58529353142, 1.41548860073, 0.662394285202, 0.296287715435, 0.0993589907885, 0.0240732822567, 0.00381928496063, 0.000248456490226, 3.84034428862e-05],
        "min": [2.23410739796e-21, 8.16901116296e-21, 2.69771918996e-20, 1.41353631393e-20, 3.33798461062e-20, 3.2668420373e-19, 3.34085583207e-19, 8.29253372072e-19, 1.29338839458e-18, 1.52886500148e-18, 2.29937081738e-18, 7.52289127459e-19, 3.48395404554e-18, 1.62539015473e-18, 5.23996460099e-18, 3.07152468725e-18, 2.65082186848e-18, 3.80256830106e-18, 1.22840820827e-17, 1.54790357658e-17, 1.39226937889e-17, 1.10289570987e-17, 1.04833992246e-17, 9.29122764834e-18, 1.23326839067e-17, 1.52411650914e-17, 1.59221696548e-17, 2.06005576156e-17, 2.14534321124e-17, 2.40415710612e-17, 1.92098072712e-17, 1.60605569713e-17, 1.66795808914e-17, 1.07803537558e-17, 7.11056779542e-18, 7.13944797932e-18, 2.76906278755e-18, 1.20458228402e-18, 3.10087574372e-19, 2.80148366637e-20],
        "var": [0.0794468447566, 1.74634277821, 11.2343568802, 28.4634895325, 66.5991439819, 90.8425827026, 98.1197738647, 225.270248413, 629.653747559, 444.390411377, 206.73097229, 2554.16479492, 6617.77587891, 5129.55419922, 23502.3417969, 20193.6601562, 64441.8828125, 34745.9765625, 5933.98193359, 3266.96044922, 4572.41357422, 2924.11181641, 1847.14025879, 838.743225098, 432.470703125, 251.330932617, 55.767780304, 26.4519710541, 27.9103050232, 31.2222595215, 29.8932609558, 15.9456176758, 6.27504491806, 2.29914808273, 0.794816076756, 0.257846355438, 0.0149017358199, 0.000439029216068, 6.10689630776e-06, 4.47350778643e-09]
    },
    "gfcc": {
        "mean": [5.17419099808, 70.4459457397, -123.667304993, 28.8954124451, -55.5767326355, 23.7353782654, -38.1726570129, 11.340929985, -24.7324905396, 1.67203831673, -10.6540527344, 2.73099946976, -10.1622104645],
        "cov": [[7699.46533203, -570.437927246, 1251.88354492, 591.386962891, 835.176086426, 643.02142334, 101.382591248, 301.174560547, -104.266143799, 367.32711792, 176.335845947, 253.141464233, -48.4994621277], [-570.437927246, 1281.35424805, 354.347015381, 277.718078613, 302.647125244, -28.9861469269, 106.490203857, -40.2208595276, 126.755653381, -24.4245738983, 148.595199585, -73.7928695679, 111.287246704], [1251.88354492, 354.347015381, 1236.40368652, 571.533691406, 390.782226562, 164.967437744, -20.2444572449, 92.782119751, 78.789604187, 148.18611145, 42.7239341736, 81.5845108032, 28.7255134583], [591.386962891, 277.718078613, 571.533691406, 542.460998535, 255.384307861, 85.3058853149, -12.6801662445, 85.4899368286, 97.6463317871, 71.6497497559, 51.1817207336, 40.5801353455, 37.2356948853], [835.176086426, 302.647125244, 390.782226562, 255.384307861, 385.299560547, 146.223953247, 68.0141601562, 37.9180603027, 41.134979248, 69.9888458252, 93.6983795166, 28.9743232727, 29.1077404022], [643.02142334, -28.9861469269, 164.967437744, 85.3058853149, 146.223953247, 277.603302002, 102.760643005, 17.3615760803, -23.9809398651, 65.8370437622, 64.9416503906, -0.888480901718, 5.66067457199], [101.382591248, 106.490203857, -20.2444572449, -12.6801662445, 68.0141601562, 102.760643005, 171.090316772, 18.1818599701, -4.49955224991, 17.175994873, 51.4039993286, -22.9804325104, 13.5895013809], [301.174560547, -40.2208595276, 92.782119751, 85.4899368286, 37.9180603027, 17.3615760803, 18.1818599701, 140.640716553, 68.2559280396, 21.5761165619, 3.23254799843, 32.743270874, 13.5391368866], [-104.266143799, 126.755653381, 78.789604187, 97.6463317871, 41.134979248, -23.9809398651, -4.49955224991, 68.2559280396, 131.738845825, 20.0275115967, 10.301068306, 19.8080596924, 29.7125701904], [367.32711792, -24.4245738983, 148.18611145, 71.6497497559, 69.9888458252, 65.8370437622, 17.175994873, 21.5761165619, 20.0275115967, 108.212310791, 50.9717292786, 23.2090015411, 1.6394623518], [176.335845947, 148.595199585, 42.7239341736, 51.1817207336, 93.6983795166, 64.9416503906, 51.4039993286, 3.23254799843, 10.301068306, 50.9717292786, 130.269561768, 20.1025485992, 25.252948761], [253.141464233, -73.7928695679, 81.5845108032, 40.5801353455, 28.9743232727, -0.888480901718, -22.9804325104, 32.743270874, 19.8080596924, 23.2090015411, 20.1025485992, 82.7593078613, 23.2955970764], [-48.4994621277, 111.287246704, 28.7255134583, 37.2356948853, 29.1077404022, 5.66067457199, 13.5895013809, 13.5391368866, 29.7125701904, 1.6394623518, 25.252948761, 23.2955970764, 72.6988983154]],
        "icov": [[0.000282255088678, 0.000121657918498, -6.71573652653e-05, 2.80225212919e-05, -0.000546119292267, -0.000218732529902, 0.000125523496536, -0.000561193504836, 0.000613422191236, -0.000345584121533, 6.49681824143e-05, -0.000374585564714, 0.000185538723599], [0.000121657918498, 0.00286370911635, -0.00109581416473, -5.71190939809e-05, -0.00156449899077, 0.00190733151976, -0.00118336966261, 0.00165784801356, -0.00216554175131, 0.00261596706696, -0.00341739994474, 0.00427844142541, -0.00280782580376], [-6.71573652653e-05, -0.00109581416473, 0.00251198746264, -0.00159010582138, -0.000441000505816, -0.000918535457458, 0.000752013991587, -0.000538538617548, 0.00126412871759, -0.00258249696344, 0.00271795527078, -0.00243300735019, 0.0010394504061], [2.80225212919e-05, -5.71190939809e-05, -0.00159010582138, 0.0045871688053, -0.00119102443568, -0.000360428384738, 0.00132415676489, -0.00114772852976, -0.00145210733172, 0.000495632295497, -0.000828820862807, 0.000993009656668, -0.000591900257859], [-0.000546119292267, -0.00156449899077, -0.000441000505816, -0.00119102443568, 0.00730579905212, -0.00177337788045, -0.000890292867552, 0.000785372161772, -0.000784506497439, 0.000158520517289, -0.000861559296027, -0.00184102798812, 0.00125424249563], [-0.000218732529902, 0.00190733151976, -0.000918535457458, -0.000360428384738, -0.00177337788045, 0.00805832259357, -0.00384613289498, 0.00105434132274, 0.000340158556355, -0.000268797419267, -0.00276783527806, 0.00400720117614, -0.002368518617], [0.000125523496536, -0.00118336966261, 0.000752013991587, 0.00132415676489, -0.000890292867552, -0.00384613289498, 0.0105384420604, -0.00363848404959, 0.00168523355387, -0.000875055382494, -0.00108020193875, 0.00210359017365, -0.00068438902963], [-0.000561193504836, 0.00165784801356, -0.000538538617548, -0.00114772852976, 0.000785372161772, 0.00105434132274, -0.00363848404959, 0.0139002734795, -0.00830290466547, 0.0024214729201, -0.000541433517355, -0.000873721321113, -0.000609809474554], [0.000613422191236, -0.00216554175131, 0.00126412871759, -0.00145210733172, -0.000784506497439, 0.000340158556355, 0.00168523355387, -0.00830290466547, 0.0164966341108, -0.00558878714219, 0.00334782409482, -0.00314277992584, -0.0012847041944], [-0.000345584121533, 0.00261596706696, -0.00258249696344, 0.000495632295497, 0.000158520517289, -0.000268797419267, -0.000875055382494, 0.0024214729201, -0.00558878714219, 0.0185609739274, -0.00884255860001, 0.0026299902238, 0.000296000740491], [6.49681824143e-05, -0.00341739994474, 0.00271795527078, -0.000828820862807, -0.000861559296027, -0.00276783527806, -0.00108020193875, -0.000541433517355, 0.00334782409482, -0.00884255860001, 0.0176602602005, -0.00816992484033, 0.000803052447736], [-0.000374585564714, 0.00427844142541, -0.00243300735019, 0.000993009656668, -0.00184102798812, 0.00400720117614, 0.00210359017365, -0.000873721321113, -0.00314277992584, 0.0026299902238, -0.00816992484033, 0.0254561081529, -0.0102460160851], [0.000185538723599, -0.00280782580376, 0.0010394504061, -0.000591900257859, 0.00125424249563, -0.002368518617, -0.00068438902963, -0.000609809474554, -0.0012847041944, 0.000296000740491, 0.000803052447736, -0.0102460160851, 0.0215162131935]]
    },
    "melbands": {
        "dmean": [0.000946167565417, 0.000709584739525, 0.000455012370367, 0.000303387554595, 0.000147730228491, 0.000128555300762, 9.99051553663e-05, 5.6075896282e-05, 3.85894418287e-05, 8.40689681354e-05, 0.000105580387753, 8.09067787486e-05, 7.42806150811e-05, 7.75956359576e-05, 7.11785032763e-05, 9.54386196099e-05, 6.00523671892e-05, 3.51733760908e-05, 2.3330512704e-05, 1.96960772882e-05, 1.85812896234e-05, 1.51042268044e-05, 9.19776630326e-06, 8.77987076819e-06, 8.02701015346e-06, 5.83088376516e-06, 4.76280774819e-06, 3.35276604346e-06, 2.0283921458e-06, 1.38365032853e-06, 1.16224953217e-06, 1.11051281237e-06, 1.20986567254e-06, 1.10268410936e-06, 1.22159508464e-06, 1.07736991595e-06, 8.38742323594e-07, 6.72162343562e-07, 5.19103309671e-07, 4.83275130136e-07],
        "dmean2": [0.00151069310959, 0.00116490514483, 0.000781520211603, 0.000536264502443, 0.000254066835623, 0.000211340055102, 0.000155181172886, 8.78524588188e-05, 6.15263925283e-05, 0.000130398300826, 0.000163206423167, 0.00012418073311, 0.000111788060167, 0.000108363710751, 0.000101511526736, 0.000141635711771, 8.72502787388e-05, 5.29189710505e-05, 3.72831564164e-05, 3.16327932524e-05, 2.94286182907e-05, 2.28160661209e-05, 1.39996764119e-05, 1.38846226037e-05, 1.27539724417e-05, 9.21570881474e-06, 7.54744678488e-06, 5.33664569957e-06, 3.26382155436e-06, 2.2765268568e-06, 1.89435900211e-06, 1.80803840522e-06, 1.97318377104e-06, 1.76925743745e-06, 1.99166083803e-06, 1.75740024133e-06, 1.36918879434e-06, 1.11312147055e-06, 8.54398365391e-07, 7.85566101058e-07],
        "dvar": [2.25918529395e-06, 1.21633149774e-06, 9.1576896466e-07, 5.66675964819e-07, 1.00063736852e-07, 4.72217536185e-08, 4.29834479121e-08, 1.91373832337e-08, 7.63487051358e-09, 4.47823111926e-08, 5.58320962796e-08, 2.72929217005e-08, 3.27254028321e-08, 5.1135796042e-08, 5.02812511627e-08, 1.0018325014e-07, 3.83610796462e-08, 8.60556248483e-09, 2.91145108022e-09, 3.15994963529e-09, 2.56077381522e-09, 1.49585210885e-09, 4.502462847e-10, 3.46049772171e-10, 2.13744771882e-10, 1.05962232044e-10, 6.84037826382e-11, 3.35060312828e-11, 1.23176538414e-11, 6.29746298511e-12, 4.08654750664e-12, 3.76346566758e-12, 4.93333368948e-12, 3.33226870576e-12, 3.55558486299e-12, 2.7242420559e-12, 1.75502071643e-12, 1.10981753301e-12, 7.6524995108e-13, 7.46921404934e-13],
        "dvar2": [5.95249184698e-06, 3.16281307278e-06, 2.45642149821e-06, 1.60277352279e-06, 2.84147716911e-07, 1.24758088305e-07, 9.48477136831e-08, 4.32707238929e-08, 1.85306721079e-08, 9.88209265529e-08, 1.26546311208e-07, 6.04275740557e-08, 7.41324015507e-08, 8.20597065854e-08, 9.58308632448e-08, 2.06784733336e-07, 7.42027168599e-08, 1.77797243595e-08, 6.75334055344e-09, 8.27999091513e-09, 5.91389692772e-09, 2.60746868541e-09, 8.89786078151e-10, 7.72203245791e-10, 4.89704776729e-10, 2.43623565765e-10, 1.62802812897e-10, 7.7942867438e-11, 2.96061369864e-11, 1.60335598964e-11, 9.92534093108e-12, 8.67667916682e-12, 1.19445234953e-11, 8.31592520539e-12, 8.89454482289e-12, 6.82583113296e-12, 4.44614787695e-12, 2.85993494512e-12, 1.94052131135e-12, 1.89353610916e-12],
        "max": [0.0142347496003, 0.0107737705112, 0.0105444118381, 0.00788868125528, 0.00454796897247, 0.00466576963663, 0.00649923458695, 0.00534802721813, 0.00335792289115, 0.00464658811688, 0.0050567118451, 0.00346451532096, 0.00581779703498, 0.00694830203429, 0.00596348475665, 0.00968797598034, 0.00706756906584, 0.00253410730511, 0.00126001925673, 0.00177871598862, 0.00137029937468, 0.00173439225182, 0.000595706631429, 0.000636351003777, 0.000477360794321, 0.000252547179116, 0.000249285978498, 0.000157648639288, 9.26081556827e-05, 6.76755225868e-05, 4.21098156949e-05, 6.23476007604e-05, 5.09470010002e-05, 5.87083486607e-05, 4.58666909253e-05, 4.1550170863e-05, 3.5328183003e-05, 2.21997961489e-05, 2.00995818886e-05, 1.15417260531e-05],
        "mean": [0.00170187675394, 0.0013691096101, 0.000627642206382, 0.000380344106816, 0.00023854203755, 0.000245225935942, 0.000207727920497, 9.97382885544e-05, 6.42672530375e-05, 0.000158527094754, 0.000203487870749, 0.00016398637672, 0.000174254164449, 0.000159455623361, 0.000156680631335, 0.00022602599347, 0.000118071453471, 6.78341166349e-05, 4.18226918555e-05, 3.75294366677e-05, 3.52614988515e-05, 2.97528949886e-05, 1.9682385755e-05, 1.92357056221e-05, 1.71137980942e-05, 1.3045835658e-05, 1.10669179776e-05, 7.78637786425e-06, 4.49059734819e-06, 2.88109140456e-06, 2.4624089292e-06, 2.38817870013e-06, 2.5537503916e-06, 2.67091695605e-06, 2.96170696856e-06, 2.65027733803e-06, 2.14901251638e-06, 1.66038364569e-06, 1.17401543775e-06, 9.78357547865e-07],
        "median": [0.00103421055246, 0.000922715000343, 0.000344829633832, 0.000193324260181, 0.000142928183777, 0.000142540986417, 9.15478012757e-05, 4.40952244389e-05, 2.93764132948e-05, 3.67823849956e-05, 4.89792219014e-05, 4.48445607617e-05, 3.4610475268e-05, 2.60209781118e-05, 2.36155919993e-05, 2.47078260145e-05, 2.0853800379e-05, 1.8980639652e-05, 1.62715477927e-05, 1.35901482281e-05, 1.20264021461e-05, 1.05260978671e-05, 7.68218524172e-06, 8.12566668174e-06, 8.45867180033e-06, 6.72823171044e-06, 5.68566338188e-06, 4.29914689448e-06, 2.90389175461e-06, 1.86275156011e-06, 1.54890892645e-06, 1.45510011862e-06, 1.48553112922e-06, 1.68954954916e-06, 1.79606854545e-06, 1.72371994722e-06, 1.45437979882e-06, 1.02337742192e-06, 6.84772999193e-07, 4.88880743887e-07],
        "min": [1.93835998623e-23, 1.3471182041e-23, 2.49411608327e-24, 1.22559591714e-23, 1.43372250971e-23, 1.7744302725e-23, 2.03195501942e-23, 1.84470799728e-23, 1.66505912561e-23, 3.93893159448e-24, 1.81800899994e-23, 6.88697579477e-24, 1.36636735682e-23, 1.46716705665e-23, 4.08154857424e-24, 6.12264018066e-24, 6.10921574021e-24, 1.8271328074e-23, 2.44376376222e-23, 1.83117556177e-23, 1.58012704734e-23, 1.15496683371e-23, 9.98681103273e-24, 8.05915604675e-24, 7.56214843292e-24, 7.76773505115e-24, 9.89222266588e-24, 1.02762188553e-23, 1.07527744613e-23, 9.81465712852e-24, 1.3038120281e-23, 1.12758728607e-23, 1.37154212658e-23, 1.37076714963e-23, 1.15825314936e-23, 1.12295761919e-23, 8.20818607125e-24, 1.18972877836e-23, 1.09806164234e-23, 8.05251778224e-24],
        "var": [4.33035575043e-06, 2.38351299231e-06, 8.73898557074e-07, 4.3450640419e-07, 1.07573356445e-07, 1.02785541856e-07, 1.33984769946e-07, 4.2581536519e-08, 1.6666415803e-08, 1.4434392881e-07, 1.77580133709e-07, 9.15214073416e-08, 1.83608875659e-07, 2.02141578143e-07, 2.5362973588e-07, 5.43465887404e-07, 1.25478663904e-07, 2.66511079872e-08, 6.71152111664e-09, 8.60064996999e-09, 7.51902806684e-09, 4.80243844692e-09, 1.66821578773e-09, 1.41580802637e-09, 6.63983035221e-10, 3.27035343251e-10, 2.42676351236e-10, 1.11211602427e-10, 3.19695867002e-11, 1.23418757852e-11, 9.55444057205e-12, 9.23425832328e-12, 1.09895825079e-11, 9.99805099822e-12, 1.1647104288e-11, 8.69968940637e-12, 5.53439846035e-12, 3.61206832673e-12, 2.05866291896e-12, 1.62138455873e-12]
    },
    "mfcc": {
        "mean": [-635.847045898, 101.481338501, -5.18876981735, 11.3097391129, 6.88525295258, 6.61926031113, 3.99125003815, 7.47867250443, -5.53256511688, 4.53944635391, -3.35718822479, -1.120616436, -0.429204285145],
        "cov": [[6384.83984375, -503.6902771, 534.941833496, 310.751831055, 679.794372559, 405.151000977, 519.731018066, 190.910079956, 22.695224762, 223.472579956, 30.8942203522, 139.298324585, 297.165313721], [-503.6902771, 980.141723633, 168.603683472, 243.198974609, 179.895568848, 84.9363861084, 89.9742202759, 4.51331853867, 14.9665498734, 51.8640785217, 17.0462989807, 23.6471176147, 22.9768161774], [534.941833496, 168.603683472, 787.26385498, 394.308319092, 367.129364014, 179.570159912, 81.0248184204, 28.6541538239, 77.0453720093, 42.7227706909, 49.6925048828, 80.3524780273, 72.5587387085], [310.751831055, 243.198974609, 394.308319092, 480.65423584, 315.392791748, 78.5437774658, 21.3882827759, 41.2671966553, 73.1514205933, 23.6402072906, 33.8457794189, 90.9369354248, 76.0365600586], [679.794372559, 179.895568848, 367.129364014, 315.392791748, 415.559631348, 148.996414185, 82.1497116089, 48.7513999939, 49.5755119324, 48.398475647, 22.6889038086, 84.3712615967, 90.4483108521], [405.151000977, 84.9363861084, 179.570159912, 78.5437774658, 148.996414185, 234.054107666, 159.653594971, 9.02837467194, 1.0182352066, 55.4688301086, 24.1897258759, 13.8860244751, 39.1813087463], [519.731018066, 89.9742202759, 81.0248184204, 21.3882827759, 82.1497116089, 159.653594971, 252.806732178, 34.19373703, -28.6769485474, 81.5466003418, 19.1023292542, 5.34193086624, 36.4112052917], [190.910079956, 4.51331853867, 28.6541538239, 41.2671966553, 48.7513999939, 9.02837467194, 34.19373703, 102.853973389, 46.3035049438, 23.7813148499, 9.72039699554, 15.3932390213, 19.7805519104], [22.695224762, 14.9665498734, 77.0453720093, 73.1514205933, 49.5755119324, 1.0182352066, -28.6769485474, 46.3035049438, 111.966545105, 19.2807788849, 14.035326004, 18.7715053558, 14.3313732147], [223.472579956, 51.8640785217, 42.7227706909, 23.6402072906, 48.398475647, 55.4688301086, 81.5466003418, 23.7813148499, 19.2807788849, 105.761207581, 30.8131961823, 5.98858308792, 17.2017269135], [30.8942203522, 17.0462989807, 49.6925048828, 33.8457794189, 22.6889038086, 24.1897258759, 19.1023292542, 9.72039699554, 14.035326004, 30.8131961823, 70.178565979, 23.3632164001, 8.73558712006], [139.298324585, 23.6471176147, 80.3524780273, 90.9369354248, 84.3712615967, 13.8860244751, 5.34193086624, 15.3932390213, 18.7715053558, 5.98858308792, 23.3632164001, 100.938972473, 55.109916687], [297.165313721, 22.9768161774, 72.5587387085, 76.0365600586, 90.4483108521, 39.1813087463, 36.4112052917, 19.7805519104, 14.3313732147, 17.2017269135, 8.73558712006, 55.109916687, 93.1110305786]],
