{
"lowlevel": {
    "average_loudness": 0.807099163532,
    "barkbands_crest": {
        "dmean": 2.89712071419,
        "dmean2": 4.8494591713,
        "dvar": 6.73804998398,
        "dvar2": 17.9603252411,
        "max": 24.185459137,
        "mean": 8.9396905899,
        "median": 8.15934181213,
        "min": 1.84603953362,
        "var": 16.2281589508
    },
    "barkbands_flatness_db": {
        "dmean": 0.0197487100959,
        "dmean2": 0.0308994371444,
        "dvar": 0.000328333029756,
        "dvar2": 0.000767046527471,
        "max": 0.277439028025,
        "mean": 0.0965251848102,
        "median": 0.0920389741659,
        "min": 0.0136954495683,
        "var": 0.00162756349891
    },
    "barkbands_kurtosis": {
        "dmean": 1.10326611996,
        "dmean2": 1.82359647751,
        "dvar": 3.00335931778,
        "dvar2": 8.07851314545,
        "max": 55.140247345,
        "mean": 0.489295691252,
        "median": -0.21533536911,
        "min": -1.78708767891,
        "var": 5.26087665558
    },
    "barkbands_skewness": {
        "dmean": 0.429533481598,
        "dmean2": 0.684415280819,
        "dvar": 0.16249409318,
        "dvar2": 0.407891452312,
        "max": 6.50787734985,
        "mean": 0.61290961504,
        "median": 0.537210643291,
        "min": -1.93635487556,
        "var": 0.612321853638
    },
    "barkbands_spread": {
        "dmean": 5.92764806747,
        "dmean2": 9.2134885788,
        "dvar": 29.1047859192,
        "dvar2": 67.9331741333,
        "max": 84.0577697754,
        "mean": 29.2048149109,
        "median": 28.8624153137,
        "min": 2.3872885704,
        "var": 153.252090454
    },
    "dissonance": {
        "dmean": 0.015364526771,
        "dmean2": 0.0263381451368,
        "dvar": 0.000232856429648,
        "dvar2": 0.000635347969364,
        "max": 0.5,
        "mean": 0.476308226585,
        "median": 0.481586635113,
        "min": 0.356860369444,
        "var": 0.000379275385058
    },
    "dynamic_complexity": 3.23278450966,
    "erbbands_crest": {
        "dmean": 3.12176537514,
        "dmean2": 5.09890699387,
        "dvar": 8.11398029327,
        "dvar2": 19.7888755798,
        "max": 29.9048576355,
        "mean": 9.94959926605,
        "median": 8.68143939972,
        "min": 2.51224279404,
        "var": 25.0737895966
    },
    "erbbands_flatness_db": {
        "dmean": 0.0186868999153,
        "dmean2": 0.0273917745799,
        "dvar": 0.000297922990285,
        "dvar2": 0.000583898392506,
        "max": 0.348189651966,
        "mean": 0.160679206252,
        "median": 0.153861269355,
        "min": 0.0466929934919,
        "var": 0.00232416694053
    },
    "erbbands_kurtosis": {
        "dmean": 0.894625246525,
        "dmean2": 1.44871175289,
        "dvar": 1.40803742409,
        "dvar2": 3.50264286995,
        "max": 24.0387210846,
        "mean": 0.61487531662,
        "median": 0.125946640968,
        "min": -1.79628813267,
        "var": 3.42137312889
    },
    "erbbands_skewness": {
        "dmean": 0.340564101934,
        "dmean2": 0.534925043583,
        "dvar": 0.0915105417371,
        "dvar2": 0.220676377416,
        "max": 4.04728031158,
        "mean": 0.172357067466,
        "median": 0.070326179266,
        "min": -3.13095855713,
        "var": 0.567549109459
    },
    "erbbands_spread": {
        "dmean": 6.06510400772,
        "dmean2": 9.34212779999,
        "dvar": 31.2566070557,
        "dvar2": 72.2474365234,
        "max": 100.254135132,
        "mean": 29.9909439087,
        "median": 28.5255661011,
        "min": 3.94089865685,
        "var": 164.283157349
    },
    "hfc": {
        "dmean": 7.04456377029,
        "dmean2": 9.87529182434,
        "dvar": 75.040184021,
        "dvar2": 155.545074463,
        "max": 143.593658447,
        "mean": 24.2726974487,
        "median": 18.8064804077,
        "min": 1.10298089293e-16,
        "var": 380.187255859
    },
    "melbands_crest": {
        "dmean": 3.77669906616,
        "dmean2": 6.31132507324,
        "dvar": 10.9466552734,
        "dvar2": 29.0213165283,
        "max": 31.9386787415,
        "mean": 12.598528862,
        "median": 11.7610721588,
        "min": 2.72236275673,
        "var": 26.3220920563
    },
    "melbands_flatness_db": {
        "dmean": 0.0236285813153,
        "dmean2": 0.0379788465798,
        "dvar": 0.000503353890963,
        "dvar2": 0.00123597809579,
        "max": 0.330797821283,
        "mean": 0.137906864285,
        "median": 0.135326087475,
        "min": 0.0069588040933,
        "var": 0.0019957034383
    },
    "melbands_kurtosis": {
        "dmean": 2.99492502213,
        "dmean2": 4.93197822571,
        "dvar": 25.4397945404,
        "dvar2": 68.6791992188,
        "max": 146.452804565,
        "mean": 4.0186252594,
        "median": 2.07099175453,
        "min": -1.82710564137,
        "var": 40.2906799316
    },
    "melbands_skewness": {
        "dmean": 0.58845859766,
        "dmean2": 0.935456752777,
        "dvar": 0.347087264061,
        "dvar2": 0.889675736427,
        "max": 9.44677352905,
        "mean": 1.4781845808,
        "median": 1.33723437786,
        "min": -1.44454991817,
        "var": 1.18205082417
    },
    "melbands_spread": {
        "dmean": 9.62373161316,
        "dmean2": 15.3508195877,
        "dvar": 79.5439071655,
        "dvar2": 192.329772949,
        "max": 128.06640625,
        "mean": 38.59324646,
        "median": 36.9174575806,
        "min": 1.9564332962,
        "var": 317.262481689
    },
    "pitch_salience": {
        "dmean": 0.0717633664608,
        "dmean2": 0.118385121226,
        "dvar": 0.00399696314707,
        "dvar2": 0.0103486357257,
        "max": 0.887959003448,
        "mean": 0.557622134686,
        "median": 0.558836996555,
        "min": 0.13828253746,
        "var": 0.0117513779551
    },
    "silence_rate_20dB": {
        "dmean": 0,
        "dmean2": 0,
        "dvar": 0,
        "dvar2": 0,
        "max": 1,
        "mean": 1,
        "median": 1,
        "min": 1,
        "var": 0
    },
    "silence_rate_30dB": {
        "dmean": 0.000240413515712,
        "dmean2": 0.000480884831632,
        "dvar": 0.000240307694185,
        "dvar2": 0.000720903859474,
        "max": 1,
        "mean": 0.999879837036,
        "median": 1,
        "min": 0,
        "var": 0.000120165866974
    },
    "silence_rate_60dB": {
        "dmean": 0.0216372162104,
        "dmean2": 0.043279632926,
        "dvar": 0.0211712624878,
        "dvar2": 0.0466909520328,
        "max": 1,
        "mean": 0.0825721174479,
        "median": 0,
        "min": 0,
        "var": 0.0757586583495
    },
    "spectral_centroid": {
        "dmean": 233.90196228,
        "dmean2": 368.041748047,
        "dvar": 55564.4335938,
        "dvar2": 114506.554688,
        "max": 11121.1845703,
        "mean": 1946.20678711,
        "median": 1951.93579102,
        "min": 413.959747314,
        "var": 225992.203125
    },
    "spectral_complexity": {
        "dmean": 4.12357234955,
        "dmean2": 6.20678043365,
        "dvar": 18.7198314667,
        "dvar2": 36.9866943359,
        "max": 56,
        "mean": 21.5173072815,
        "median": 21,
        "min": 0,
        "var": 101.679801941
    },
    "spectral_decrease": {
        "dmean": 1.56266621865e-09,
        "dmean2": 2.44477527112e-09,
        "dvar": 3.68690570396e-18,
        "dvar2": 9.22374708115e-18,
        "max": -7.0033998904e-29,
        "mean": -4.54759341295e-09,
        "median": -3.84748188864e-09,
        "min": -4.82525202017e-08,
        "var": 1.11720717523e-17
    },
    "spectral_energy": {
        "dmean": 0.00640943646431,
        "dmean2": 0.00993274059147,
        "dvar": 6.00639832555e-05,
        "dvar2": 0.000147341095726,
        "max": 0.188175752759,
        "mean": 0.0193652883172,
        "median": 0.0165083985776,
        "min": 1.02686863633e-20,
        "var": 0.000198756402824
    },
    "spectral_energyband_high": {
        "dmean": 0.00031126223621,
        "dmean2": 0.00043968486716,
        "dvar": 1.84801621117e-07,
        "dvar2": 3.5701580714e-07,
        "max": 0.00798596441746,
        "mean": 0.00094315916067,
        "median": 0.000737216440029,
        "min": 7.15602187414e-21,
        "var": 6.49361709293e-07
    },
    "spectral_energyband_low": {
        "dmean": 0.00273708277382,
        "dmean2": 0.00466555636376,
        "dvar": 2.30748264585e-05,
        "dvar2": 6.50277725072e-05,
        "max": 0.117179721594,
        "mean": 0.00423847511411,
        "median": 0.00255058216862,
        "min": 4.0864585234e-23,
        "var": 2.84647103399e-05
    },
    "spectral_energyband_middle_high": {
        "dmean": 0.0034313686192,
        "dmean2": 0.00513363443315,
        "dvar": 2.56994771917e-05,
        "dvar2": 5.99436352786e-05,
        "max": 0.0820116624236,
        "mean": 0.0096471933648,
        "median": 0.0059081017971,
        "min": 1.71500349987e-21,
        "var": 0.000102405836515
    },
    "spectral_energyband_middle_low": {
        "dmean": 0.00248927203938,
        "dmean2": 0.00386548484676,
        "dvar": 1.67152938957e-05,
        "dvar2": 3.77453725378e-05,
        "max": 0.0696004927158,
        "mean": 0.00489093037322,
        "median": 0.00311985146254,
        "min": 3.60292818792e-22,
        "var": 3.07982045342e-05
    },
    "spectral_entropy": {
        "dmean": 0.117673903704,
        "dmean2": 0.173567205667,
        "dvar": 0.0136043662205,
        "dvar2": 0.0258697457612,
        "max": 9.78288936615,
        "mean": 7.82520675659,
        "median": 7.85910320282,
        "min": 6.45644903183,
        "var": 0.0960783883929
    },
    "spectral_flux": {
        "dmean": 0.0198634304106,
        "dmean2": 0.0312575697899,
        "dvar": 0.000425463484135,
        "dvar2": 0.000980997807346,
        "max": 0.372756153345,
        "mean": 0.0818944722414,
        "median": 0.0788015723228,
        "min": 1.01334524105e-10,
        "var": 0.00158623233438
    },
    "spectral_kurtosis": {
        "dmean": 0.934550821781,
        "dmean2": 1.57317507267,
        "dvar": 1.00685787201,
        "dvar2": 2.98484277725,
        "max": 17.3000640869,
        "mean": 3.60406517982,
        "median": 3.35852742195,
        "min": -1.16719257832,
        "var": 2.55653047562
    },
    "spectral_rms": {
        "dmean": 0.000689112290274,
        "dmean2": 0.0010446870001,
        "dvar": 4.70305025146e-07,
        "dvar2": 1.06086963569e-06,
        "max": 0.0135493949056,
        "mean": 0.00403194967657,
        "median": 0.00401319749653,
        "min": 3.16515889019e-12,
        "var": 2.63627339336e-06
    },
    "spectral_rolloff": {
        "dmean": 536.116455078,
        "dmean2": 878.536437988,
        "dvar": 434982.71875,
        "dvar2": 898702.375,
        "max": 18992.2851562,
        "mean": 2241.51904297,
        "median": 2067.1875,
        "min": 86.1328125,
        "var": 1220541.125
    },
    "spectral_skewness": {
        "dmean": 0.139457926154,
        "dmean2": 0.226886361837,
        "dvar": 0.0149147789925,
        "dvar2": 0.0393839478493,
        "max": 2.69936776161,
        "mean": 1.35698223114,
        "median": 1.34389686584,
        "min": 0.00495591200888,
        "var": 0.0532255768776
    },
    "spectral_spread": {
        "dmean": 401039.25,
        "dmean2": 568935.25,
        "dvar": 269746503680,
        "dvar2": 409365741568,
        "max": 39463676,
        "mean": 4385703.5,
        "median": 4251732.5,
        "min": 1883080.75,
        "var": 1.13470157619e+12
    },
    "spectral_strongpeak": {
        "dmean": 0.951745867729,
        "dmean2": 1.57970368862,
        "dvar": 1.99520230293,
        "dvar2": 4.89603424072,
        "max": 16.686548233,
        "mean": 1.50952708721,
        "median": 0.600591182709,
        "min": 0,
        "var": 4.13343572617
    },
    "zerocrossingrate": {
        "dmean": 0.00977208185941,
        "dmean2": 0.0116196610034,
        "dvar": 0.000113351583423,
        "dvar2": 0.000134502086439,
        "max": 0.5322265625,
        "mean": 0.0830038189888,
        "median": 0.07861328125,
        "min": 0.017578125,
        "var": 0.000772877363488
    },
    "barkbands": {
        "dmean": [0.000112511646876, 0.00220128381625, 0.000681066361722, 0.00032446795376, 0.000470700382721, 0.000568689487409, 0.000903252279386, 0.000592627853621, 0.00056775379926, 0.001319307019, 0.000801158021204, 0.000491142680403, 0.000384911108995, 0.000681921606883, 0.000758383248467, 0.000637377321254, 0.000361145008355, 0.000273475161521, 0.000214752653847, 0.000140341522638, 0.000118267074868, 7.00835953467e-05, 5.48567732039e-05, 3.81850877602e-05, 2.66975166596e-05, 1.63832246471e-05, 8.42193185235e-06],
        "dmean2": [0.000190183040104, 0.00383434491232, 0.00113498128485, 0.000574013276491, 0.000787396042142, 0.000931255752221, 0.00145320640877, 0.000939736783039, 0.000927519868128, 0.00209363410249, 0.00124912976753, 0.000775039370637, 0.000623614003416, 0.00108501268551, 0.00120789569337, 0.000984461396001, 0.000570258765947, 0.000429878331488, 0.00034290945041, 0.000220044574235, 0.000188665741007, 0.000106288898678, 8.35771788843e-05, 5.52377750864e-05, 3.58669676643e-05, 2.23014867515e-05, 1.21687226056e-05],
        "dvar": [5.51180363573e-08, 1.68772457982e-05, 2.10805205825e-06, 7.30390127046e-07, 6.53850406707e-07, 1.92822403733e-06, 5.58042938792e-06, 3.1518443393e-06, 2.97737051369e-06, 1.270552184e-05, 5.09796063852e-06, 1.45402555063e-06, 1.39217900141e-06, 3.33496359417e-06, 4.06635672334e-06, 2.70689679382e-06, 9.04958369574e-07, 2.56873647686e-07, 1.69431018548e-07, 4.56789095438e-08, 3.52499007761e-08, 1.1164394742e-08, 7.00450586422e-09, 2.88719248509e-09, 1.9870409762e-09, 8.23468737643e-10, 3.23982202177e-10],
        "dvar2": [1.53497083488e-07, 4.90271304443e-05, 5.7552774706e-06, 2.06221193366e-06, 1.72686554833e-06, 4.76046807307e-06, 1.3449655853e-05, 7.36961601433e-06, 7.68617337599e-06, 3.28975038428e-05, 1.21265939015e-05, 3.73411307919e-06, 3.36691527991e-06, 7.68808786233e-06, 9.74908198259e-06, 5.82153461437e-06, 2.06269123737e-06, 5.53250458779e-07, 4.14156772877e-07, 1.05405078443e-07, 8.49858423635e-08, 2.27926406637e-08, 1.49184433695e-08, 5.58609647427e-09, 3.27432481129e-09, 1.70754343998e-09, 7.44221073656e-10],
        "max": [0.00496227480471, 0.090730369091, 0.0435940474272, 0.0248044058681, 0.017834790051, 0.0431708842516, 0.0602664500475, 0.0522825829685, 0.0472590513527, 0.0782529488206, 0.0515402369201, 0.0443535223603, 0.0340078435838, 0.0426931194961, 0.0573685839772, 0.035981297493, 0.0301165189594, 0.0203390289098, 0.00956062227488, 0.00534360017627, 0.00497133424506, 0.00192222441547, 0.00148203247227, 0.000886986672413, 0.000867363123689, 0.000302959640976, 0.000202069393708],
        "mean": [0.000127984589199, 0.0028988441918, 0.00101687957067, 0.000343480642186, 0.00063597317785, 0.00075578544056, 0.00127841508947, 0.000797830056399, 0.000762300333008, 0.00205892045051, 0.0013023794163, 0.000819161417894, 0.000590909621678, 0.0010758076096, 0.00117308541667, 0.00100925937295, 0.000646563537885, 0.000533681013621, 0.00044453094597, 0.000327199377352, 0.000279919855529, 0.000166222424014, 0.000135841080919, 9.85481019598e-05, 5.28563905391e-05, 2.35093284573e-05, 9.38017456065e-06],
        "median": [2.61446220975e-05, 0.00128963461611, 0.000452522363048, 0.000122328856378, 0.00032879866194, 0.00028117740294, 0.000401684490498, 0.00024218330509, 0.000213777442696, 0.000490700884257, 0.000250323966611, 0.000221075504669, 0.000184525721124, 0.000351248541847, 0.00041481378139, 0.00038603055873, 0.00026343279751, 0.000300472194795, 0.000230752630159, 0.000227552518481, 0.00018111380632, 0.000113851740025, 9.47416992858e-05, 6.76245399518e-05, 2.67428185907e-05, 8.02241083875e-06, 1.29346153699e-06],
        "min": [5.2980395377e-24, 2.8951958839e-23, 6.07911951338e-24, 4.40254514848e-24, 1.18435108202e-22, 6.00528820688e-23, 3.36118611803e-23, 9.53422401869e-23, 2.19666775648e-23, 1.15369670455e-22, 8.23729503865e-23, 1.26909380212e-22, 2.93849273556e-22, 1.5108343574e-22, 7.76661455312e-23, 2.12493455177e-22, 1.23671011532e-22, 2.15599572903e-22, 1.70291277392e-22, 3.26537725715e-22, 5.57249929809e-22, 5.39909126282e-22, 5.72728365268e-22, 7.78264471158e-22, 1.00518065133e-21, 1.46696614325e-21, 2.30092283116e-21],
        "var": [7.00346518556e-08, 1.82162748388e-05, 2.64053528554e-06, 5.90440436099e-07, 7.99147699126e-07, 2.60475326286e-06, 7.79796118877e-06, 4.58475687992e-06, 3.33924845108e-06, 2.47743755608e-05, 1.08494887172e-05, 3.64628135685e-06, 2.75844763564e-06, 6.73203294355e-06, 6.78379319652e-06, 5.84472445553e-06, 2.52006020673e-06, 6.41158806047e-07, 5.15984822869e-07, 1.25283534658e-07, 1.09247956459e-07, 2.97748936617e-08, 1.97499652188e-08, 9.64945545689e-09, 4.97313434877e-09, 1.36622091418e-09, 3.96315841256e-10]
    },
    "erbbands": {
        "dmean": [0.0730035826564, 0.489140272141, 0.842159807682, 0.892868816853, 1.11552560329, 1.63890361786, 2.98049139977, 5.43048238754, 12.2708101273, 12.3130636215, 12.1444015503, 11.0186662674, 26.5550575256, 43.3445205688, 27.0397644043, 17.6718463898, 17.2044315338, 23.799489975, 42.3871955872, 28.7503700256, 33.2386131287, 19.6709423065, 14.069401741, 11.9506998062, 8.64819526672, 6.7427315712, 6.31668901443, 3.27494454384, 2.56516957283, 2.12575316429, 1.49516248703, 0.991778254509, 0.569380939007, 0.323545485735, 0.186779752374, 0.0693356990814, 0.0314648300409, 0.0108040552586, 0.00156365917064, 4.3174422899e-05],
        "dmean2": [0.127234309912, 0.856249570847, 1.40896475315, 1.53780984879, 1.93359279633, 2.75029373169, 4.89604473114, 8.96229839325, 19.9188632965, 19.3786029816, 19.3222866058, 17.9034252167, 42.4605064392, 67.3470840454, 41.7631721497, 28.0510787964, 27.4299583435, 37.4380264282, 67.2133026123, 45.2036514282, 50.9052505493, 30.0884952545, 21.9838485718, 18.3626060486, 13.5541801453, 10.5323057175, 9.91734218597, 5.13578987122, 3.95312547684, 3.31079411507, 2.24878716469, 1.47240209579, 0.806846022606, 0.437776863575, 0.259693175554, 0.0957400724292, 0.0426704250276, 0.0153555469587, 0.00227335141972, 6.34750613244e-05],
        "dvar": [0.0198348369449, 0.814716994762, 2.69443249702, 5.56673669815, 5.1634349823, 9.39866447449, 38.770450592, 210.247283936, 1098.95617676, 1446.28210449, 1268.95507812, 1315.59729004, 5184.12841797, 13323.1865234, 4970.18945312, 1980.19152832, 2925.84326172, 3845.89648438, 12614.2734375, 4794.10644531, 8723.18554688, 2329.77490234, 796.530212402, 477.322174072, 291.077636719, 110.692619324, 114.520606995, 25.3661003113, 14.8734474182, 12.2410993576, 4.4764046669, 1.89213371277, 0.677612841129, 0.279977709055, 0.105379357934, 0.0138053959236, 0.003272093134, 0.000469838269055, 1.11065155579e-05, 7.50967643626e-09],
        "dvar2": [0.0566360168159, 2.38593912125, 7.3868598938, 15.2565193176, 14.0421848297, 24.9753417969, 97.7348403931, 525.097167969, 2716.84790039, 3299.71411133, 2991.70629883, 3354.33984375, 12777.4667969, 33291.7148438, 11397.0185547, 5072.38818359, 7089.75537109, 8608.32714844, 31546.8183594, 10290.2734375, 19007.2363281, 4834.59912109, 1709.74853516, 999.500549316, 676.710754395, 252.695327759, 271.562072754, 58.1250610352, 31.4238529205, 28.0119915009, 9.00050830841, 3.91063904762, 1.24275636673, 0.477474182844, 0.189922422171, 0.0266750529408, 0.0069544930011, 0.00104848202318, 2.58123509411e-05, 1.67248721539e-08],
        "max": [1.47406566143, 23.6062049866, 42.9255943298, 81.7670211792, 35.9607849121, 73.7856140137, 147.332641602, 519.522888184, 854.507263184, 1411.4128418, 947.186767578, 1162.16784668, 1697.58117676, 2365.53710938, 1836.15002441, 1685.50048828, 1759.3190918, 2230.14990234, 2577.05859375, 2073.17480469, 2465.38183594, 1805.08300781, 1387.02697754, 632.033447266, 560.315002441, 367.346862793, 326.295959473, 112.170555115, 52.9197807312, 55.6245155334, 40.5749855042, 22.1566295624, 17.4039058685, 11.3532419205, 8.02686882019, 1.34720814228, 0.541670918465, 0.257657945156, 0.0400676056743, 0.00105949200224],
        "mean": [0.0816658735275, 0.647315382957, 1.29568576813, 1.17981398106, 1.28040647507, 2.10960698128, 4.12050247192, 7.19106721878, 16.8470249176, 18.4282035828, 16.7838039398, 15.7455749512, 42.5641860962, 70.7552261353, 49.3528213501, 30.8455715179, 29.1242237091, 41.4518547058, 73.2945251465, 50.8586883545, 55.8677253723, 39.5316810608, 29.0217247009, 25.0957489014, 20.1242084503, 16.1521987915, 14.9946146011, 7.84010076523, 5.91123390198, 4.9171872139, 3.75972938538, 2.54095745087, 1.3921892643, 0.675065636635, 0.333104878664, 0.109686635435, 0.0427981875837, 0.0131102148443, 0.0017673082184, 6.75226692692e-05],
        "median": [0.0256633758545, 0.315520703793, 0.693115949631, 0.505353927612, 0.555046916008, 0.962451636791, 1.73484587669, 2.69168233871, 5.38628578186, 5.76187467575, 5.85197734833, 5.17777919769, 12.7478847504, 22.2804775238, 15.2789611816, 10.3727741241, 10.1312980652, 15.4461593628, 24.42345047, 22.2877616882, 21.9817199707, 17.0743846893, 16.9883079529, 14.4489498138, 11.5570383072, 11.2487154007, 9.15946102142, 5.42813920975, 4.03017568588, 3.30807161331, 2.66162395477, 1.81651067734, 0.911082327366, 0.365298569202, 0.159011349082, 0.0482739731669, 0.0126359313726, 0.00266148359515, 0.000251410237979, 3.6173099943e-05],
        "min": [1.41661687509e-21, 4.33276073944e-21, 6.66010447869e-21, 1.28813734866e-20, 2.04386855559e-19, 4.06961203299e-19, 5.71500119189e-19, 3.83464801958e-19, 6.52461869208e-19, 8.80131752285e-19, 1.79998761272e-18, 6.70425336981e-19, 2.39124845635e-18, 3.50862015781e-18, 4.02585081817e-18, 4.9539197549e-18, 9.62079542954e-18, 1.13385178624e-17, 5.5038691308e-18, 6.07112105715e-18, 1.16385139367e-17, 7.99738730295e-18, 1.23716441136e-17, 9.72952832106e-18, 9.34954884461e-18, 1.9826040284e-17, 1.89341642213e-17, 2.18644498869e-17, 2.24706855948e-17, 1.3486475957e-17, 1.66658232235e-17, 1.61457813898e-17, 1.32617599359e-17, 1.18908122953e-17, 7.01713939959e-18, 3.86581122197e-18, 3.17420447784e-18, 1.34411669321e-18, 2.85331040915e-19, 3.53943475528e-20],
        "var": [0.0195005834103, 0.870842337608, 3.32794952393, 5.44601488113, 4.89424514771, 10.7325077057, 59.0857429504, 268.999572754, 1443.8404541, 2349.18017578, 1894.10229492, 1460.41662598, 9166.11328125, 27045.1855469, 11778.6552734, 4403.72705078, 6092.41699219, 8662.89550781, 29766.6367188, 10444.7744141, 19085.2636719, 8536.765625, 1870.25646973, 1208.88623047, 1016.28387451, 303.443725586, 371.674224854, 65.1713485718, 37.2257423401, 28.4940738678, 14.3458557129, 6.10168647766, 2.17495799065, 0.743012726307, 0.222104400396, 0.0257337149233, 0.00507594831288, 0.000629372312687, 1.36477747219e-05, 9.85424097877e-09]
    },
    "gfcc": {
        "mean": [9.47824573517, 61.0403594971, -140.400527954, 29.713476181, -55.3922424316, 18.3782634735, -30.8307247162, 13.0613451004, -15.6642150879, 4.20999622345, -13.510802269, 2.93576049805, -7.03436422348],
        "cov": [[4650.95410156, -582.082885742, 634.585510254, 225.921569824, 423.089569092, 101.414680481, 34.6570930481, 124.019065857, -13.0240955353, 222.722396851, 77.0954055786, 119.362365723, -35.1519012451], [-582.082885742, 775.057922363, -45.5077095032, 156.028305054, 109.356445312, 2.94593071938, 44.2491607666, 1.1366174221, 78.5036392212, -22.3633041382, 56.9005775452, -35.4445343018, 41.531867981], [634.585510254, -45.5077095032, 777.984619141, 287.101715088, 235.768112183, 52.2779884338, -47.4609031677, 31.5554676056, 36.1777381897, 76.5028610229, 10.9217824936, 71.1654434204, -36.9568328857], [225.921569824, 156.028305054, 287.101715088, 388.286468506, 201.731567383, 61.6804733276, -27.7458133698, 42.9820632935, 40.3244056702, 41.9933738708, 35.4718360901, 21.311384201, 10.0012407303], [423.089569092, 109.356445312, 235.768112183, 201.731567383, 321.058502197, 90.716217041, 56.7011871338, 37.2517433167, 35.5548973083, 59.6148605347, 45.4259567261, 12.8875656128, 5.9674448967], [101.414680481, 2.94593071938, 52.2779884338, 61.6804733276, 90.716217041, 218.084335327, 107.221595764, 9.03966236115, -37.7671699524, 8.65358066559, 7.27143096924, -9.30799293518, -1.95449542999], [34.6570930481, 44.2491607666, -47.4609031677, -27.7458133698, 56.7011871338, 107.221595764, 161.993362427, 37.6557540894, -9.7246131897, 1.30662083626, 12.8770856857, -11.9073562622, 4.47620534897], [124.019065857, 1.1366174221, 31.5554676056, 42.9820632935, 37.2517433167, 9.03966236115, 37.6557540894, 112.694442749, 59.9639320374, 14.1438989639, 4.03509807587, 8.05597877502, 9.76759052277], [-13.0240955353, 78.5036392212, 36.1777381897, 40.3244056702, 35.5548973083, -37.7671699524, -9.7246131897, 59.9639320374, 114.813308716, 36.7067375183, 16.4290733337, 16.2090263367, 16.8426513672], [222.722396851, -22.3633041382, 76.5028610229, 41.9933738708, 59.6148605347, 8.65358066559, 1.30662083626, 14.1438989639, 36.7067375183, 105.138664246, 55.718296051, 6.58676195145, -5.52566194534], [77.0954055786, 56.9005775452, 10.9217824936, 35.4718360901, 45.4259567261, 7.27143096924, 12.8770856857, 4.03509807587, 16.4290733337, 55.718296051, 91.1346817017, 21.0208740234, 6.27276325226], [119.362365723, -35.4445343018, 71.1654434204, 21.311384201, 12.8875656128, -9.30799293518, -11.9073562622, 8.05597877502, 16.2090263367, 6.58676195145, 21.0208740234, 84.5041046143, 30.7885932922], [-35.1519012451, 41.531867981, -36.9568328857, 10.0012407303, 5.9674448967, -1.95449542999, 4.47620534897, 9.76759052277, 16.8426513672, -5.52566194534, 6.27276325226, 30.7885932922, 72.9917373657]],
        "icov": [[0.000328815629473, 0.000201025250135, -7.39185779821e-05, 4.53853572253e-05, -0.000424942350946, 0.000119361560792, 2.8677890441e-05, -0.00041983925621, 0.000491115672048, -0.00053979025688, 0.000113058245915, -0.000309121998725, 5.9174530179e-05], [0.000201025250135, 0.00250342208892, -2.50888570008e-05, -0.00116074958351, -0.000402782519814, 0.000589732138906, -0.00140295503661, 0.00188477535266, -0.00266433972865, 0.00261535751633, -0.00255537661724, 0.00220825150609, -0.00119781761896], [-7.39185779821e-05, -2.50888570008e-05, 0.0026984247379, -0.00119732285384, -0.0011419695802, -0.000247225514613, 0.00075391063001, -5.80333435209e-05, 0.000193032930838, -0.00155036896467, 0.00213254382834, -0.00296134175733, 0.00246120709926], [4.53853572253e-05, -0.00116074958351, -0.00119732285384, 0.00604138709605, -0.00237050838768, -0.0020643773023, 0.00404636515304, -0.00297254719771, 0.00123341486324, -9.72708294285e-05, -0.000762680720072, 0.000157788424985, -0.000756513676606], [-0.000424942350946, -0.000402782519814, -0.0011419695802, -0.00237050838768, 0.00705451285467, -0.000668245367706, -0.00274978112429, 0.00128945999313, -0.00162975792773, -0.00045930329361, -0.00112179876305, 0.00130023970269, -0.000938173150644], [0.000119361560792, 0.000589732138906, -0.000247225514613, -0.0020643773023, -0.000668245367706, 0.00909128505737, -0.00649337470531, 0.00103677867446, 0.00274338619784, -0.00105971330777, 0.00093772780383, 0.000413735891925, -0.000531207944732], [2.8677890441e-05, -0.00140295503661, 0.00075391063001, 0.00404636515304, -0.00274978112429, -0.00649337470531, 0.0145261874422, -0.0067154718563, 0.00296328146942, -0.000141254029586, -0.00108301651198, -0.000255668157479, 0.00020459460211], [-0.00041983925621, 0.00188477535266, -5.80333435209e-05, -0.00297254719771, 0.00128945999313, 0.00103677867446, -0.0067154718563, 0.0177599824965, -0.0113713741302, 0.00360969570465, -0.000745353405364, 0.00181665748823, -0.000744188728277], [0.000491115672048, -0.00266433972865, 0.000193032930838, 0.00123341486324, -0.00162975792773, 0.00274338619784, 0.00296328146942, -0.0113713741302, 0.020810155198, -0.00948770251125, 0.00452220113948, -0.00429251790047, -0.000870224263053], [-0.00053979025688, 0.00261535751633, -0.00155036896467, -9.72708294285e-05, -0.00045930329361, -0.00105971330777, -0.000141254029586, 0.00360969570465, -0.00948770251125, 0.0227825157344, -0.0144896581769, 0.00665850145742, -0.000634379743133], [0.000113058245915, -0.00255537661724, 0.00213254382834, -0.000762680720072, -0.00112179876305, 0.00093772780383, -0.00108301651198, -0.000745353405364, 0.00452220113948, -0.0144896581769, 0.0231457985938, -0.00911899656057, 0.00269264611416], [-0.000309121998725, 0.00220825150609, -0.00296134175733, 0.000157788424985, 0.00130023970269, 0.000413735891925, -0.000255668157479, 0.00181665748823, -0.00429251790047, 0.00665850145742, -0.00911899656057, 0.0215229764581, -0.0100493589416], [5.9174530179e-05, -0.00119781761896, 0.00246120709926, -0.000756513676606, -0.000938173150644, -0.000531207944732, 0.00020459460211, -0.000744188728277, -0.000870224263053, -0.000634379743133, 0.00269264611416, -0.0100493589416, 0.0200698394328]]
    },
    "melbands": {
        "dmean": [0.000621301529463, 0.00049534777645, 0.000156199632329, 8.96807250683e-05, 0.000100282712083, 0.000123891819385, 0.000184828255442, 0.000133341542096, 9.38329612836e-05, 7.55536966608e-05, 0.000143142475281, 0.000187892161193, 0.000104292324977, 5.98983788223e-05, 4.42099990323e-05, 3.79216980946e-05, 4.7498026106e-05, 7.44017088437e-05, 5.03923001816e-05, 3.94220878661e-05, 4.11704531871e-05, 2.40719673457e-05, 1.52210459419e-05, 1.37602510222e-05, 1.04847003968e-05, 9.15937107493e-06, 4.82157929582e-06, 4.95122640132e-06, 4.88506657348e-06, 2.77914500657e-06, 1.89509535176e-06, 1.63956337929e-06, 1.4330923932e-06, 1.22402332181e-06, 9.52957577738e-07, 7.97157952093e-07, 6.34803086541e-07, 4.60334945274e-07, 3.275255267e-07, 2.62859600753e-07],
        "dmean2": [0.00108393339906, 0.000845668138936, 0.000268392672297, 0.000152343462105, 0.000165276564076, 0.000203743562452, 0.000298003520584, 0.000210334736039, 0.000149877509102, 0.000123187346617, 0.00022913615976, 0.000293073739158, 0.000161176241818, 9.31152026169e-05, 7.03463592799e-05, 6.04041924817e-05, 7.46978184907e-05, 0.000119015632663, 7.78786925366e-05, 6.14598538959e-05, 6.37655030005e-05, 3.73338261852e-05, 2.39753935602e-05, 2.16494227061e-05, 1.62114374689e-05, 1.45629937833e-05, 7.75687203713e-06, 7.73828924139e-06, 7.73567262513e-06, 4.44700071967e-06, 3.01033264805e-06, 2.60719025391e-06, 2.16626926886e-06, 1.97741860575e-06, 1.4727843336e-06, 1.22893095522e-06, 9.74972181211e-07, 6.80403275055e-07, 4.64661070509e-07, 3.65306647154e-07],
        "dvar": [1.40031829687e-06, 8.02753220341e-07, 1.48583950477e-07, 2.65410804445e-08, 3.91689418677e-08, 1.01820631926e-07, 2.3452929554e-07, 1.63180729373e-07, 8.06684070653e-08, 5.90080624363e-08, 1.48067599071e-07, 2.55478539657e-07, 8.5048199594e-08, 2.49358418358e-08, 1.34162254639e-08, 1.51664902859e-08, 1.72141003674e-08, 4.36971099305e-08, 2.08174135707e-08, 9.95296201012e-09, 1.57916542065e-08, 4.76098405144e-09, 8.88007556377e-10, 8.91896667632e-10, 4.22934520738e-10, 4.47548859084e-10, 5.31621448252e-11, 6.78304981627e-11, 7.1328110085e-11, 1.94245348972e-11, 8.9937441175e-12, 6.12932924901e-12, 4.39362999108e-12, 4.72725504574e-12, 1.89883568938e-12, 1.15382714234e-12, 8.14598226113e-13, 4.28530556309e-13, 2.72470956388e-13, 1.89569903828e-13],
        "dvar2": [4.04418960898e-06, 2.2531171453e-06, 4.08108292049e-07, 7.02456617319e-08, 9.99337785856e-08, 2.54226193874e-07, 5.68737675621e-07, 3.71175019609e-07, 1.90945826262e-07, 1.51014759808e-07, 3.68148846519e-07, 6.46648743441e-07, 1.97966855353e-07, 6.31308765264e-08, 3.32225909006e-08, 3.34691776516e-08, 3.86154184184e-08, 1.08838889901e-07, 4.78222297318e-08, 2.01743866057e-08, 3.42182850943e-08, 9.93720661313e-09, 2.06698680394e-09, 1.8732093654e-09, 8.82593831353e-10, 1.05851094556e-09, 1.2802295335e-10, 1.57102941767e-10, 1.68735553308e-10, 4.59923592266e-11, 2.12576640318e-11, 1.38681462147e-11, 9.38849432225e-12, 1.1844224386e-11, 4.05561825442e-12, 2.53722954105e-12, 1.80379019013e-12, 8.47692359016e-13, 5.11848105133e-13, 3.3984561042e-13],
        "max": [0.0197897609323, 0.0272548105568, 0.0129608716816, 0.0031055950094, 0.00430083042011, 0.0103692887351, 0.0112100699916, 0.0141416508704, 0.00773949176073, 0.00715057458729, 0.00876075867563, 0.0111308488995, 0.0081897135824, 0.00626219483092, 0.00242106849328, 0.00424727983773, 0.0045973174274, 0.00522374175489, 0.00511499028653, 0.0027337083593, 0.00334825646132, 0.00237330538221, 0.000941711827181, 0.00122744217515, 0.000543463975191, 0.000662149221171, 0.000147958679008, 0.000292632175842, 0.000223721479415, 9.91158231045e-05, 6.72885144013e-05, 3.59428413503e-05, 3.17803787766e-05, 3.34522119374e-05, 2.70797590929e-05, 1.72735544766e-05, 1.44874720718e-05, 1.07791183837e-05, 1.39467165354e-05, 9.55115956458e-06],
        "mean": [0.000777410459705, 0.000761860923376, 0.00021048123017, 0.000113189074909, 0.000138748131576, 0.000163519172929, 0.000258956424659, 0.0001967115968, 0.000125542355818, 0.000103989812487, 0.000223406721489, 0.000298917089822, 0.000180456612725, 0.000101388366602, 6.99919037288e-05, 5.91712159803e-05, 7.58859605412e-05, 0.00012266181875, 7.89225960034e-05, 6.27464542049e-05, 6.34400639683e-05, 4.2080602725e-05, 2.76768969343e-05, 2.56044750131e-05, 1.93470568775e-05, 1.84322179848e-05, 1.04093533082e-05, 1.05318749775e-05, 1.04068794826e-05, 6.16850365986e-06, 3.97021267418e-06, 3.37849178322e-06, 3.12054157803e-06, 2.53092775893e-06, 2.19467369789e-06, 1.85878764114e-06, 1.46536194734e-06, 1.06582285753e-06, 6.85945565237e-07, 5.1363969078e-07],
        "median": [0.000296177866403, 0.000483451585751, 0.000101488651126, 5.45153743587e-05, 6.11854557064e-05, 6.17283512838e-05, 8.44297974254e-05, 6.25557513558e-05, 4.07548650401e-05, 2.87819657387e-05, 6.23084633844e-05, 8.62509477884e-05, 4.44191937277e-05, 2.54635815509e-05, 1.98240413738e-05, 2.03101881198e-05, 2.54974474956e-05, 3.51473718183e-05, 2.83477711491e-05, 2.44617658609e-05, 2.18719033001e-05, 1.51948243001e-05, 1.52031334437e-05, 1.39540134114e-05, 1.03261227196e-05, 8.66678419698e-06, 7.13155895937e-06, 6.90594242769e-06, 6.0116080931e-06, 3.84540635423e-06, 2.63475067186e-06, 2.16398439079e-06, 2.09181916944e-06, 1.6203434825e-06, 1.50221273998e-06, 1.3418641629e-06, 9.94894776341e-07, 6.9231668931e-07, 4.05251910252e-07, 2.62626969061e-07],
        "min": [1.03156579563e-23, 4.03198444357e-24, 4.85225502902e-24, 2.67086813937e-23, 1.76000942184e-23, 9.74821374105e-24, 8.54774178157e-24, 1.29115372935e-23, 1.28782315861e-23, 3.28607622578e-24, 1.29022318903e-23, 1.48716404951e-23, 1.18854706473e-23, 1.44121021965e-23, 1.20876564861e-23, 3.10402661371e-23, 2.00384648541e-23, 9.74908227691e-24, 7.23321000152e-24, 9.9750435946e-24, 1.46327323922e-23, 7.83119733325e-24, 7.09423006496e-24, 1.28777314483e-23, 7.14550760152e-24, 6.34920892125e-24, 8.52260867313e-24, 1.32956809999e-23, 1.09605099366e-23, 1.22192045641e-23, 1.27964353877e-23, 1.41567558101e-23, 7.94787617202e-24, 6.98897156551e-24, 8.10808041123e-24, 1.34893242641e-23, 8.08880459502e-24, 9.65748842607e-24, 8.2442796131e-24, 1.05960554096e-23],
        "var": [1.46230775044e-06, 9.50692538026e-07, 1.43804484765e-07, 2.88405797022e-08, 5.72039979829e-08, 1.29519804659e-07, 3.19885174349e-07, 2.62498502934e-07, 1.12591237666e-07, 6.79819365246e-08, 2.63903444875e-07, 5.14636326443e-07, 1.95183417873e-07, 6.28810497005e-08, 3.08888949974e-08, 2.86944228378e-08, 3.55644402816e-08, 1.05043405085e-07, 3.42446710988e-08, 2.0637553888e-08, 3.22114175333e-08, 1.38852760401e-08, 1.93059279674e-09, 1.87574089594e-09, 8.90777118734e-10, 1.35692745928e-09, 1.34959238229e-10, 1.57385438015e-10, 1.95700788908e-10, 5.59786418608e-11, 1.97681593317e-11, 1.38207483652e-11, 1.10036727993e-11, 8.84028267256e-12, 5.45378065625e-12, 3.28263891763e-12, 2.26198833969e-12, 1.30837278945e-12, 6.80650035032e-13, 4.73961039686e-13]
    },
    "mfcc": {
        "mean": [-626.13092041, 91.3581314087, -20.9023590088, 14.9362688065, -0.395729362965, 6.01227998734, -1.24393320084, 7.78154659271, 3.74131846428, 7.26974058151, -2.737449646, 1.36467993259, 1.60559511185],
        "cov": [[3803.01245117, -371.920776367, 154.966186523, 208.819702148, 268.098449707, 99.5334472656, 162.703674316, 2.69006896019, -0.145718470216, 114.673316956, -38.7187728882, 133.607192993, 121.60786438], [-371.920776367, 522.883728027, -21.848274231, 81.2509155273, 51.3940010071, 24.3362903595, 13.2950353622, 16.641708374, 14.1976232529, 23.1857242584, 32.2189483643, 3.12217450142, 8.91424751282], [154.966186523, -21.848274231, 456.412536621, 189.930786133, 195.141098022, 77.5827789307, 6.2850022316, 13.3325119019, 3.28723025322, -1.00383353233, 27.6815605164, 32.2781791687, 21.1093730927], [208.819702148, 81.2509155273, 189.930786133, 342.640960693, 245.553329468, 42.3846130371, 13.7741374969, 8.00789070129, 22.9927864075, 29.8760662079, 4.17994260788, 70.9722976685, 57.3209838867], [268.098449707, 51.3940010071, 195.141098022, 245.553329468, 301.492736816, 89.2136001587, 37.1000595093, 16.3954315186, 25.9107437134, 37.9127731323, 6.98973083496, 62.5966453552, 52.8473701477], [99.5334472656, 24.3362903595, 77.5827789307, 42.3846130371, 89.2136001587, 190.705841064, 123.114051819, 27.1748180389, 1.86950457096, 23.2921562195, 12.0930328369, -0.82510560751, 7.96724271774], [162.703674316, 13.2950353622, 6.2850022316, 13.7741374969, 37.1000595093, 123.114051819, 190.97895813, 47.1267814636, 3.38694548607, 50.4428863525, 6.7204413414, 8.07400417328, 9.19649219513], [2.69006896019, 16.641708374, 13.3325119019, 8.00789070129, 16.3954315186, 27.1748180389, 47.1267814636, 110.680648804, 55.2737617493, 1.41319227219, 0.0271151121706, -2.77279257774, 2.14529561996], [-0.145718470216, 14.1976232529, 3.28723025322, 22.9927864075, 25.9107437134, 1.86950457096, 3.38694548607, 55.2737617493, 97.9265823364, 28.479801178, 0.0947257876396, 2.80491471291, 4.31926631927], [114.673316956, 23.1857242584, -1.00383353233, 29.8760662079, 37.9127731323, 23.2921562195, 50.4428863525, 1.41319227219, 28.479801178, 104.928947449, 25.8265609741, 14.4371051788, 7.12663602829], [-38.7187728882, 32.2189483643, 27.6815605164, 4.17994260788, 6.98973083496, 12.0930328369, 6.7204413414, 0.0271151121706, 0.0947257876396, 25.8265609741, 76.8418731689, 28.9058837891, 0.347722560167], [133.607192993, 3.12217450142, 32.2781791687, 70.9722976685, 62.5966453552, -0.82510560751, 8.07400417328, -2.77279257774, 2.80491471291, 14.4371051788, 28.9058837891, 104.75680542, 52.7941322327], [121.60786438, 8.91424751282, 21.1093730927, 57.3209838867, 52.8473701477, 7.96724271774, 9.19649219513, 2.14529561996, 4.31926631927, 7.12663602829, 0.347722560167, 52.7941322327, 86.7477493286]],
