{
"lowlevel": {
    "average_loudness": 0.946898579597,
    "barkbands_crest": {
        "dmean": 2.4784989357,
        "dmean2": 4.03655529022,
        "dvar": 5.18186235428,
        "dvar2": 13.184835434,
        "max": 25.6281433105,
        "mean": 10.4454603195,
        "median": 9.62238788605,
        "min": 2.61473298073,
        "var": 18.288772583
    },
    "barkbands_flatness_db": {
        "dmean": 0.0173731558025,
        "dmean2": 0.0273543205112,
        "dvar": 0.000248649681453,
        "dvar2": 0.000575999903958,
        "max": 0.335250586271,
        "mean": 0.153783947229,
        "median": 0.15051689744,
        "min": 0.0633584111929,
        "var": 0.00157963600941
    },
    "barkbands_kurtosis": {
        "dmean": 1.80538594723,
        "dmean2": 2.84686970711,
        "dvar": 12.5712614059,
        "dvar2": 28.0442218781,
        "max": 155.098266602,
        "mean": 2.91087889671,
        "median": 1.20722413063,
        "min": -1.90303277969,
        "var": 35.5225028992
    },
    "barkbands_skewness": {
        "dmean": 0.393784046173,
        "dmean2": 0.612025916576,
        "dvar": 0.175504028797,
        "dvar2": 0.389965653419,
        "max": 10.1945104599,
        "mean": 1.23340010643,
        "median": 1.05742478371,
        "min": -2.73871707916,
        "var": 0.989326059818
    },
    "barkbands_spread": {
        "dmean": 5.25370788574,
        "dmean2": 8.15489864349,
        "dvar": 39.2864265442,
        "dvar2": 84.7456283569,
        "max": 110.751365662,
        "mean": 23.4213676453,
        "median": 21.1683197021,
        "min": 1.02630722523,
        "var": 171.912017822
    },
    "dissonance": {
        "dmean": 0.021767931059,
        "dmean2": 0.0370878651738,
        "dvar": 0.000433588342275,
        "dvar2": 0.0012186053209,
        "max": 0.500000119209,
        "mean": 0.460487306118,
        "median": 0.467688471079,
        "min": 0.288784503937,
        "var": 0.000925078056753
    },
    "dynamic_complexity": 2.07973527908,
    "erbbands_crest": {
        "dmean": 2.96961569786,
        "dmean2": 4.69233846664,
        "dvar": 7.69367027283,
        "dvar2": 18.0323829651,
        "max": 32.7010650635,
        "mean": 12.422624588,
        "median": 10.5908432007,
        "min": 2.25699353218,
        "var": 48.3304405212
    },
    "erbbands_flatness_db": {
        "dmean": 0.0165138393641,
        "dmean2": 0.0245630051941,
        "dvar": 0.000232115242397,
        "dvar2": 0.000464430107968,
        "max": 0.323698967695,
        "mean": 0.181372180581,
        "median": 0.17807969451,
        "min": 0.0294249523431,
        "var": 0.00243316334672
    },
    "erbbands_kurtosis": {
        "dmean": 1.25932443142,
        "dmean2": 1.99970912933,
        "dvar": 3.33637523651,
        "dvar2": 7.76335382462,
        "max": 48.0187797546,
        "mean": 1.5953836441,
        "median": 0.529592037201,
        "min": -1.76086783409,
        "var": 12.0634031296
    },
    "erbbands_skewness": {
        "dmean": 0.370286911726,
        "dmean2": 0.576854884624,
        "dvar": 0.114454932511,
        "dvar2": 0.262483656406,
        "max": 5.78986549377,
        "mean": 0.871372699738,
        "median": 0.774914622307,
        "min": -2.84483957291,
        "var": 0.707461476326
    },
    "erbbands_spread": {
        "dmean": 7.220515728,
        "dmean2": 10.8280992508,
        "dvar": 69.5393981934,
        "dvar2": 140.694152832,
        "max": 160.061706543,
        "mean": 34.3450431824,
        "median": 28.7395095825,
        "min": 3.08666872978,
        "var": 415.325164795
    },
    "hfc": {
        "dmean": 8.03879928589,
        "dmean2": 11.9449691772,
        "dvar": 83.8786239624,
        "dvar2": 179.308731079,
        "max": 178.058609009,
        "mean": 31.5829811096,
        "median": 29.9526023865,
        "min": 1.24639574699e-16,
        "var": 339.916503906
    },
    "melbands_crest": {
        "dmean": 2.99175667763,
        "dmean2": 4.86942958832,
        "dvar": 7.68605995178,
        "dvar2": 20.3303699493,
        "max": 33.933467865,
        "mean": 13.7801952362,
        "median": 12.8651771545,
        "min": 2.02040719986,
        "var": 26.1520175934
    },
    "melbands_flatness_db": {
        "dmean": 0.020521344617,
        "dmean2": 0.0315361134708,
        "dvar": 0.000381140591344,
        "dvar2": 0.000870365358423,
        "max": 0.385652154684,
        "mean": 0.173805519938,
        "median": 0.167311608791,
        "min": 0.00640145968646,
        "var": 0.00251539214514
    },
    "melbands_kurtosis": {
        "dmean": 4.4025554657,
        "dmean2": 6.92716741562,
        "dvar": 82.1374740601,
        "dvar2": 187.452224731,
        "max": 216.562927246,
        "mean": 9.77758407593,
        "median": 4.78564167023,
        "min": -1.70829582214,
        "var": 260.305603027
    },
    "melbands_skewness": {
        "dmean": 0.562434256077,
        "dmean2": 0.862333476543,
        "dvar": 0.384095489979,
        "dvar2": 0.841734588146,
        "max": 12.3842105865,
        "mean": 2.03745794296,
        "median": 1.73531460762,
        "min": -1.21908116341,
        "var": 2.35753297806
    },
    "melbands_spread": {
        "dmean": 5.7587428093,
        "dmean2": 9.13245105743,
        "dvar": 54.3960609436,
        "dvar2": 118.504676819,
        "max": 219.532333374,
        "mean": 25.7198123932,
        "median": 24.0042819977,
        "min": 1.02655339241,
        "var": 209.425247192
    },
    "pitch_salience": {
        "dmean": 0.0607063025236,
        "dmean2": 0.0978505983949,
        "dvar": 0.00300258630887,
        "dvar2": 0.00754514010623,
        "max": 0.940173685551,
        "mean": 0.528637230396,
        "median": 0.518624126911,
        "min": 0.141870558262,
        "var": 0.0153300892562
    },
    "silence_rate_20dB": {
        "dmean": 0,
        "dmean2": 0,
        "dvar": 0,
        "dvar2": 0,
        "max": 1,
        "mean": 1,
        "median": 1,
        "min": 1,
        "var": 0
    },
    "silence_rate_30dB": {
        "dmean": 0,
        "dmean2": 0,
        "dvar": 0,
        "dvar2": 0,
        "max": 1,
        "mean": 1,
        "median": 1,
        "min": 1,
        "var": 0
    },
    "silence_rate_60dB": {
        "dmean": 0.00448060361668,
        "dmean2": 0.00896226428449,
        "dvar": 0.00445987470448,
        "dvar2": 0.0107718193904,
        "max": 1,
        "mean": 0.0114359818399,
        "median": 0,
        "min": 0,
        "var": 0.0113042509183
    },
    "spectral_centroid": {
        "dmean": 214.549530029,
        "dmean2": 341.667938232,
        "dvar": 53905.5898438,
        "dvar2": 117240.53125,
        "max": 10905.5332031,
        "mean": 1467.59790039,
        "median": 1476.70727539,
        "min": 279.148895264,
        "var": 273682.25
    },
    "spectral_complexity": {
        "dmean": 3.36210346222,
        "dmean2": 5.32382059097,
        "dvar": 10.334769249,
        "dvar2": 22.5713405609,
        "max": 53,
        "mean": 22.2168121338,
        "median": 22,
        "min": 0,
        "var": 65.2122344971
    },
    "spectral_decrease": {
        "dmean": 2.18268736418e-09,
        "dmean2": 3.4307823249e-09,
        "dvar": 5.67959827526e-18,
        "dvar2": 1.43498994881e-17,
        "max": -4.24323924706e-29,
        "mean": -8.44605896333e-09,
        "median": -8.20857515293e-09,
        "min": -2.76468359317e-08,
        "var": 2.01800702774e-17
    },
    "spectral_energy": {
        "dmean": 0.00874935090542,
        "dmean2": 0.0136931631714,
        "dvar": 8.79800354596e-05,
        "dvar2": 0.000220686604735,
        "max": 0.106238976121,
        "mean": 0.0347421057522,
        "median": 0.0340160652995,
        "min": 1.14653355975e-20,
        "var": 0.000322893465636
    },
    "spectral_energyband_high": {
        "dmean": 0.000496349181049,
        "dmean2": 0.000706024991814,
        "dvar": 7.50290666929e-07,
        "dvar2": 1.43142608522e-06,
        "max": 0.0275537408888,
        "mean": 0.00131590769161,
        "median": 0.000835622486193,
        "min": 8.43246980365e-21,
        "var": 2.4393093554e-06
    },
    "spectral_energyband_low": {
        "dmean": 0.00380419823341,
        "dmean2": 0.00615155044943,
        "dvar": 5.15322099091e-05,
        "dvar2": 0.000138129267725,
        "max": 0.0883900150657,
        "mean": 0.00986100640148,
        "median": 0.00635891035199,
        "min": 1.10246807736e-22,
        "var": 0.000133263296448
    },
    "spectral_energyband_middle_high": {
        "dmean": 0.00374999409541,
        "dmean2": 0.00572845153511,
        "dvar": 2.78848874586e-05,
        "dvar2": 6.38932469883e-05,
        "max": 0.070943377912,
        "mean": 0.0112459771335,
        "median": 0.00763853732497,
        "min": 1.66753674208e-21,
        "var": 0.000115897746582
    },
    "spectral_energyband_middle_low": {
        "dmean": 0.00502153858542,
        "dmean2": 0.0079981284216,
        "dvar": 4.47582715424e-05,
        "dvar2": 0.000108106796688,
        "max": 0.0988539457321,
        "mean": 0.0138446614146,
        "median": 0.00980644486845,
        "min": 3.05060514254e-22,
        "var": 0.000144584628288
    },
    "spectral_entropy": {
        "dmean": 0.134932950139,
        "dmean2": 0.200346425176,
        "dvar": 0.0180674903095,
        "dvar2": 0.0357447862625,
        "max": 9.79158782959,
        "mean": 7.69110250473,
        "median": 7.74735593796,
        "min": 5.90035629272,
        "var": 0.145125821233
    },
    "spectral_flux": {
        "dmean": 0.0234838891774,
        "dmean2": 0.0365655459464,
        "dvar": 0.000546591239981,
        "dvar2": 0.00122935138643,
        "max": 0.276757419109,
        "mean": 0.0916935279965,
        "median": 0.0856582075357,
        "min": 1.07076306155e-10,
        "var": 0.00164413847961
    },
    "spectral_kurtosis": {
        "dmean": 0.928217053413,
        "dmean2": 1.50404667854,
        "dvar": 0.980234742165,
        "dvar2": 2.5870912075,
        "max": 31.825428009,
        "mean": 2.89437246323,
        "median": 2.56075668335,
        "min": -1.55724060535,
        "var": 5.08208847046
    },
    "spectral_rms": {
        "dmean": 0.000713627494406,
        "dmean2": 0.00110770307947,
        "dvar": 4.72742243574e-07,
        "dvar2": 1.13394332857e-06,
        "max": 0.0101807555184,
        "mean": 0.00559421302751,
        "median": 0.00576076423749,
        "min": 3.34450197571e-12,
        "var": 2.59942044067e-06
    },
    "spectral_rolloff": {
        "dmean": 448.249084473,
        "dmean2": 763.167236328,
        "dvar": 749503.5625,
        "dvar2": 1713244.875,
        "max": 17958.6914062,
        "mean": 1549.10253906,
        "median": 1205.859375,
        "min": 64.599609375,
        "var": 1742782.25
    },
    "spectral_skewness": {
        "dmean": 0.147447884083,
        "dmean2": 0.233949065208,
        "dvar": 0.0185153260827,
        "dvar2": 0.0430679656565,
        "max": 4.17707300186,
        "mean": 1.39396798611,
        "median": 1.36687207222,
        "min": 0.00706301163882,
        "var": 0.134439006448
    },
    "spectral_spread": {
        "dmean": 480683.90625,
        "dmean2": 675848.75,
        "dvar": 404240236544,
        "dvar2": 607485624320,
        "max": 40676568,
        "mean": 5181681.5,
        "median": 4999180,
        "min": 1813555.5,
        "var": 2.42923785421e+12
    },
    "spectral_strongpeak": {
        "dmean": 0.891907632351,
        "dmean2": 1.48664939404,
        "dvar": 1.54434454441,
        "dvar2": 3.79444265366,
        "max": 22.5144042969,
        "mean": 1.94494891167,
        "median": 1.07122552395,
        "min": 0,
        "var": 4.10407161713
    },
    "zerocrossingrate": {
        "dmean": 0.00961927324533,
        "dmean2": 0.0116394041106,
        "dvar": 0.000141825134051,
        "dvar2": 0.000166272613569,
        "max": 0.69677734375,
        "mean": 0.0691896602511,
        "median": 0.06494140625,
        "min": 0.005859375,
        "var": 0.00105190905742
    },
    "barkbands": {
        "dmean": [0.000227300857659, 0.00297419447452, 0.00127878645435, 0.00093450921122, 0.000931823276915, 0.00145733053796, 0.00105696066748, 0.000670032517519, 0.0014616419794, 0.00220548314974, 0.00148026749957, 0.000704774516635, 0.000354579999112, 0.000632129958831, 0.000310706614982, 0.000246840470936, 0.000171053863596, 0.000174330198206, 0.000248225114774, 0.000176256522536, 8.2910162746e-05, 8.83207612787e-05, 0.000128863423015, 0.000116729963338, 0.000124612692161, 3.05144681079e-07, 1.26375399034e-09],
        "dmean2": [0.000340224971296, 0.00489548686892, 0.00219321972691, 0.00160845997743, 0.00155407888815, 0.00225564651191, 0.00172634073533, 0.00110271538142, 0.00232056342065, 0.00339603750035, 0.00226176786236, 0.00110974616837, 0.000568729941733, 0.00101488397922, 0.000498989829794, 0.000401344354032, 0.000277167768218, 0.000284429261228, 0.000396429211833, 0.000283090805169, 0.000131114982651, 0.00013390769891, 0.000194603373529, 0.000175352659426, 0.000184601143701, 5.21518984442e-07, 2.32217689522e-09],
        "dvar": [3.7240323536e-07, 3.78282784368e-05, 1.22057845147e-05, 5.26627127329e-06, 3.60301601177e-06, 1.0989605471e-05, 5.77849868932e-06, 5.31324258191e-06, 1.24295611386e-05, 1.71085284819e-05, 1.28399015011e-05, 3.26977965415e-06, 7.90509375292e-07, 2.26235715672e-06, 5.6884522337e-07, 3.78371481702e-07, 2.6138545195e-07, 7.43092698485e-08, 2.19875857965e-07, 7.58668150524e-08, 2.82671628327e-08, 4.04902955609e-08, 6.78335396742e-08, 4.79968491618e-08, 8.24165340418e-08, 1.18282879151e-12, 3.59146229616e-18],
        "dvar2": [8.93545973213e-07, 0.00011124064622, 3.27116649714e-05, 1.49777597471e-05, 8.82734548213e-06, 2.34185154113e-05, 1.42848975884e-05, 1.37803972393e-05, 2.94387427857e-05, 3.91844369005e-05, 2.7955375117e-05, 7.2419411481e-06, 1.83482040939e-06, 5.20847606822e-06, 1.37394977173e-06, 9.06868024231e-07, 6.39940196834e-07, 1.84273645232e-07, 5.44908289157e-07, 1.81907779506e-07, 5.5979846536e-08, 8.11090501429e-08, 1.44259544754e-07, 1.01691831844e-07, 1.78017231178e-07, 3.43160265828e-12, 1.09866815519e-17],
        "max": [0.0126036787406, 0.0801557525992, 0.0546949133277, 0.0383309572935, 0.0750390216708, 0.0919297933578, 0.0449146032333, 0.0757014080882, 0.0694085732102, 0.0585072338581, 0.0630164071918, 0.0490243136883, 0.026425505057, 0.0327834822237, 0.0203854609281, 0.0148124629632, 0.0262621622533, 0.00503959227353, 0.01043309737, 0.00973926391453, 0.00808064825833, 0.00953909009695, 0.00646589696407, 0.00465455744416, 0.0125317554921, 4.11913315475e-05, 6.30296170812e-08],
        "mean": [0.000439367955551, 0.00690878555179, 0.00181590020657, 0.00128646229859, 0.00174350314774, 0.00321005261503, 0.00173693196848, 0.000881390587892, 0.00282964319922, 0.00452357809991, 0.00279391184449, 0.00124209083151, 0.000555856735446, 0.00110589026008, 0.000523102178704, 0.000412824912928, 0.000316122313961, 0.000361015088856, 0.000525899929926, 0.000418977346271, 0.000179697177373, 0.000183969692443, 0.000250038108788, 0.000264164758846, 0.000232537640841, 3.28565533891e-07, 1.25906840509e-09],
        "median": [3.56954406016e-05, 0.00355301285163, 0.000863256747834, 0.000583901186474, 0.00105685810558, 0.00134000903927, 0.00076584611088, 0.000317461206578, 0.000612299656495, 0.00105991703458, 0.000525353476405, 0.000412469089497, 0.000227244425332, 0.000326744455379, 0.000215130741708, 0.000200007751118, 0.000149364641402, 0.000228144286666, 0.00032814804581, 0.00027795729693, 0.000117361203593, 0.000100014018244, 0.000127998209791, 0.000150869251229, 0.000107366387965, 8.60235829236e-08, 6.40798192286e-10],
        "min": [3.51306550811e-23, 4.40996880291e-23, 2.50434528207e-23, 1.31026735577e-23, 1.50110164398e-23, 2.66222380157e-23, 5.77723356789e-23, 6.70102124234e-23, 8.16964232742e-23, 8.96496053246e-23, 5.38504032481e-23, 1.79759955905e-22, 8.36412557064e-23, 7.42007048181e-23, 6.65703372718e-23, 1.80241867877e-22, 1.98061995912e-22, 3.33268211228e-22, 2.8997446452e-22, 4.07215325664e-22, 6.12580911381e-22, 5.13065893617e-22, 6.28055762256e-22, 8.53951295258e-22, 1.4102177364e-21, 1.76292524738e-21, 2.56206835497e-21],
        "var": [1.16318062737e-06, 8.61062726472e-05, 1.12035913844e-05, 5.1493675528e-06, 8.71226802701e-06, 3.77687283617e-05, 9.11844654183e-06, 5.50152162759e-06, 3.31622504746e-05, 5.92011238041e-05, 3.85698731407e-05, 8.23623122415e-06, 1.26170311887e-06, 5.4817282944e-06, 1.23585414258e-06, 6.90569493145e-07, 5.16617717494e-07, 1.8135618518e-07, 4.30072361723e-07, 2.24053408715e-07, 8.9617621768e-08, 1.18390715897e-07, 1.47284495711e-07, 1.18780889125e-07, 1.92944185073e-07, 1.19708550798e-12, 2.81616700112e-18]
    },
    "erbbands": {
        "dmean": [0.102428719401, 0.623758196831, 1.35591948032, 2.4593539238, 2.96136021614, 3.18095993996, 5.48458147049, 14.6652965546, 16.2711219788, 14.1866321564, 13.5232505798, 31.9295291901, 67.1850585938, 53.3432273865, 48.0100364685, 25.1393089294, 16.4954395294, 29.3315315247, 17.7405490875, 16.5037078857, 10.4809560776, 8.95738315582, 7.76315546036, 15.0971918106, 8.504155159, 8.54279136658, 4.21810913086, 2.89856982231, 3.25302934647, 3.12903547287, 3.77069973946, 2.83363366127, 1.98038649559, 1.73834240437, 0.67255884409, 0.0481172017753, 0.00118965166621, 7.79393812991e-05, 1.3128993487e-05, 1.13654541565e-05],
        "dmean2": [0.169850230217, 1.0215139389, 2.24872207642, 4.29486703873, 4.99074888229, 5.28749990463, 8.63982105255, 22.7049198151, 26.4444522858, 23.2008724213, 22.1608295441, 50.2766647339, 104.966247559, 80.1143341064, 74.0362701416, 39.2084121704, 26.1758003235, 46.9887695312, 28.3913402557, 26.2780342102, 16.9282855988, 14.4144458771, 12.5974559784, 24.1810951233, 13.6014881134, 13.5864067078, 6.71155071259, 4.44666910172, 4.9235906601, 4.75546598434, 5.72628593445, 4.25139093399, 2.9499630928, 2.62743115425, 0.995431125164, 0.0727985277772, 0.00176551984623, 0.000112883812108, 1.90782229765e-05, 1.74550241354e-05],
        "dvar": [0.0634298697114, 1.50956845284, 11.1858644485, 44.5829811096, 33.746509552, 67.1086730957, 181.619781494, 1360.78173828, 1081.52246094, 2188.18261719, 1949.10791016, 7066.02050781, 17597.4394531, 17503.6464844, 16277.4355469, 3398.14941406, 1398.37561035, 5002.6484375, 1224.19677734, 1586.65112305, 698.489440918, 846.265686035, 164.47883606, 874.416442871, 182.115097046, 192.253143311, 62.7742385864, 44.96534729, 56.910949707, 46.2134819031, 56.6453475952, 27.3010215759, 15.2535171509, 13.229475975, 5.18517017365, 0.046212695539, 2.22772523557e-05, 6.53548752894e-08, 8.35025604218e-10, 1.48498088826e-10],
        "dvar2": [0.196555450559, 4.07870149612, 28.6664848328, 127.025558472, 90.1757888794, 152.865921021, 384.420928955, 2872.91845703, 2623.33691406, 5411.15283203, 5266.14453125, 16606.796875, 40836.609375, 37530.796875, 37650.625, 7948.00097656, 3250.21948242, 11620.5439453, 2822.51416016, 3924.66992188, 1649.10058594, 2040.06152344, 402.033050537, 2194.93554688, 441.386108398, 454.997161865, 123.601249695, 88.8628082275, 113.125808716, 95.8297805786, 123.492355347, 58.4412231445, 32.8804130554, 31.1008319855, 10.8312425613, 0.0955751165748, 4.57301575807e-05, 1.34140591967e-07, 1.70622793672e-09, 3.46985079558e-10],
        "max": [3.78364133835, 15.5267047882, 52.5486946106, 112.425376892, 140.294326782, 414.767059326, 524.553833008, 1189.69812012, 576.292663574, 1458.078125, 983.167785645, 2150.92895508, 2495.01733398, 2759.0534668, 2592.44970703, 1705.33190918, 1137.13085938, 1894.89697266, 719.335876465, 1005.06011963, 893.586364746, 1816.16784668, 332.526733398, 726.888793945, 418.34173584, 510.07623291, 393.368621826, 307.877532959, 415.120910645, 247.532333374, 161.101333618, 130.48677063, 112.285919189, 89.046875, 154.257278442, 17.6529083252, 0.377337306738, 0.0190939661115, 0.00187942315824, 0.000355818512617],
        "mean": [0.202262625098, 1.49597120285, 2.33596920967, 3.59391784668, 4.73600387573, 6.06663322449, 11.1328411102, 31.6508350372, 29.6704292297, 21.3745269775, 20.8992023468, 62.9628334045, 152.734466553, 111.582626343, 99.7558441162, 50.0456924438, 30.1042346954, 53.4273033142, 33.1354026794, 29.0208358765, 20.3737392426, 18.0094547272, 17.7992744446, 30.8849468231, 21.4299221039, 20.4038639069, 9.92646980286, 6.2202000618, 6.67678451538, 6.27637577057, 7.22058200836, 6.21304130554, 4.21867036819, 3.1869828701, 1.19699072838, 0.0772681608796, 0.00207535480149, 0.000152523251018, 4.05201280955e-05, 4.67253521492e-05],
        "median": [0.0927224755287, 0.676108837128, 1.26748585701, 1.80097436905, 2.54020738602, 3.34892988205, 5.55589199066, 12.0255050659, 14.161942482, 7.83857822418, 9.19652557373, 15.8201026917, 40.1514930725, 32.6440658569, 22.8040866852, 20.1685256958, 15.8192510605, 18.3440132141, 16.4729194641, 14.1842012405, 11.0328426361, 8.87585449219, 11.5880470276, 19.5764198303, 14.8134307861, 13.3680562973, 6.88868665695, 3.55638647079, 3.57261800766, 3.34958124161, 3.70712947845, 3.58778500557, 2.35272073746, 1.57351565361, 0.463924467564, 0.0261105708778, 0.000798538094386, 6.94376067258e-05, 3.18212041748e-05, 4.58869326394e-05],
        "min": [2.67470688799e-21, 5.30214411983e-21, 2.49954594068e-20, 3.99735935745e-20, 4.89101556445e-20, 4.84862966664e-20, 6.65007265195e-20, 3.3626610885e-19, 9.80367017372e-19, 6.26974211488e-19, 1.71213637877e-18, 2.33813560281e-18, 2.56410438896e-18, 2.11471928924e-18, 4.8431553078e-18, 5.59298956999e-18, 3.68663397513e-18, 3.31017663373e-18, 4.27907685986e-18, 5.53767434807e-18, 1.14380897286e-17, 9.78557559782e-18, 1.2997969557e-17, 2.10076595172e-17, 1.42611926392e-17, 2.06147603068e-17, 2.37762727321e-17, 2.35775161201e-17, 2.00579205164e-17, 2.01820488934e-17, 1.44842700155e-17, 1.34982459099e-17, 1.81958012999e-17, 1.20381794845e-17, 1.10346398295e-17, 7.08293996296e-18, 3.14017985091e-18, 1.40204104958e-18, 4.3553359847e-19, 3.1307244915e-20],
        "var": [0.105177313089, 4.19393968582, 13.6875572205, 37.4260025024, 51.440574646, 176.984939575, 414.523895264, 4566.03320312, 2211.42041016, 2733.62792969, 2282.01416016, 19448.2402344, 82151.15625, 65985.328125, 52905.0195312, 9868.73535156, 2577.61645508, 13072.921875, 2740.13330078, 2609.29418945, 1588.70068359, 1628.17285156, 440.699554443, 1642.98693848, 569.845092773, 568.240905762, 192.90196228, 144.974868774, 169.68762207, 117.305961609, 117.200080872, 65.540977478, 34.7811927795, 26.8572006226, 11.2184400558, 0.084106348455, 4.32677079516e-05, 1.386159596e-07, 2.10192552252e-09, 5.82301262764e-10]
    },
    "gfcc": {
        "mean": [20.592256546, 91.2402801514, -140.917739868, 38.6733131409, -81.3061599731, 31.1657066345, -40.9200134277, 17.0922470093, -25.1208553314, -6.15121412277, 0.686411321163, -12.4112739563, 5.59281730652],
        "cov": [[2649.40795898, -264.80380249, 419.938232422, 510.053283691, 143.020736694, 420.641052246, -13.5282354355, 225.970199585, 20.0483169556, 174.596618652, 44.9817428589, 58.8647727966, -47.0218276978], [-264.80380249, 879.772644043, 429.997558594, 138.732971191, 225.253433228, -61.2471008301, 72.7971496582, -22.5903568268, 29.8263683319, 23.2728786469, 161.083297729, -51.4060630798, 82.9778289795], [419.938232422, 429.997558594, 1257.2532959, 534.613342285, 236.250350952, 232.709625244, -77.9470062256, 105.977020264, 47.3436927795, 170.00378418, 91.2442398071, 93.554977417, 30.8149681091], [510.053283691, 138.732971191, 534.613342285, 459.785186768, 194.82762146, 179.722259521, 13.8201675415, 92.3324966431, 92.5137863159, 101.707130432, 52.8814964294, 61.4183006287, 8.43689727783], [143.020736694, 225.253433228, 236.250350952, 194.82762146, 261.394561768, 139.999786377, 63.2069778442, 73.1973495483, 37.1988677979, 59.7685165405, 77.8699264526, 11.5535621643, 20.362537384], [420.641052246, -61.2471008301, 232.709625244, 179.722259521, 139.999786377, 283.557495117, 104.788131714, 77.8536911011, 7.19085979462, 66.4444503784, 26.0496730804, 30.3419055939, -8.16013050079], [-13.5282354355, 72.7971496582, -77.9470062256, 13.8201675415, 63.2069778442, 104.788131714, 238.737487793, 59.18201828, -5.4445309639, -5.20245742798, 35.8000831604, -28.253030777, 27.1512432098], [225.970199585, -22.5903568268, 105.977020264, 92.3324966431, 73.1973495483, 77.8536911011, 59.18201828, 154.982223511, 63.6907653809, 22.114522934, 0.966447770596, 14.1122732162, 11.8412742615], [20.0483169556, 29.8263683319, 47.3436927795, 92.5137863159, 37.1988677979, 7.19085979462, -5.4445309639, 63.6907653809, 151.27532959, 31.1790847778, -7.04395627975, 25.7202129364, 9.79008483887], [174.596618652, 23.2728786469, 170.00378418, 101.707130432, 59.7685165405, 66.4444503784, -5.20245742798, 22.114522934, 31.1790847778, 127.456001282, 61.3919792175, 23.6854629517, -12.3387489319], [44.9817428589, 161.083297729, 91.2442398071, 52.8814964294, 77.8699264526, 26.0496730804, 35.8000831604, 0.966447770596, -7.04395627975, 61.3919792175, 142.895004272, 25.0638103485, 18.2709732056], [58.8647727966, -51.4060630798, 93.554977417, 61.4183006287, 11.5535621643, 30.3419055939, -28.253030777, 14.1122732162, 25.7202129364, 23.6854629517, 25.0638103485, 98.9047622681, 21.7479724884], [-47.0218276978, 82.9778289795, 30.8149681091, 8.43689727783, 20.362537384, -8.16013050079, 27.1512432098, 11.8412742615, 9.79008483887, -12.3387489319, 18.2709732056, 21.7479724884, 81.9426727295]],
        "icov": [[0.000986415776424, -0.000920134945773, 0.00125980586745, -0.0019188891165, 0.00200548861176, -0.00241850642487, 0.00205064681359, -0.00236434885301, 0.00170573708601, -0.000997772905976, -9.42176575336e-06, 0.000221714537474, -0.000266170012765], [-0.000920134945773, 0.00703291548416, -0.00496030505747, 0.00376289291307, -0.00734169455245, 0.0075016040355, -0.00571167469025, 0.00673320703208, -0.00532671902329, 0.00421896623448, -0.00448743067682, 0.00437977584079, -0.00157103454694], [0.00125980586745, -0.00496030505747, 0.00597197748721, -0.00577795412391, 0.00601302832365, -0.00685801682994, 0.00636602379382, -0.00653758365661, 0.00571640534326, -0.00427972152829, 0.00252209464088, -0.00221626483835, -0.00054833322065], [-0.0019188891165, 0.00376289291307, -0.00577795412391, 0.0109469639137, -0.00782344769686, 0.00535432249308, -0.0058160549961, 0.00654925499111, -0.00732590025291, 0.00286694616079, -0.000984673504718, -0.000358042569133, 0.001213712967], [0.00200548861176, -0.00734169455245, 0.00601302832365, -0.00782344769686, 0.0171718988568, -0.0124282371253, 0.00832938402891, -0.0102969147265, 0.00604765629396, -0.00398027896881, -0.000199794769287, -0.000583265617024, -0.000769727048464], [-0.00241850642487, 0.0075016040355, -0.00685801682994, 0.00535432249308, -0.0124282371253, 0.0190242789686, -0.0124698244035, 0.00872718449682, -0.00482189608738, 0.00231041642837, -0.000353124050889, -0.000338669924531, 0.0019896752201], [0.00205064681359, -0.00571167469025, 0.00636602379382, -0.0058160549961, 0.00832938402891, -0.0124698244035, 0.0150156989694, -0.0102260522544, 0.00618103193119, -0.00248273834586, -0.000631288741715, 0.00183092255611, -0.00310133071616], [-0.00236434885301, 0.00673320703208, -0.00653758365661, 0.00654925499111, -0.0102969147265, 0.00872718449682, -0.0102260522544, 0.0194338392466, -0.0108161028475, 0.00499352253973, -0.00160705507733, 0.00199125520885, -0.000508976634592], [0.00170573708601, -0.00532671902329, 0.00571640534326, -0.00732590025291, 0.00604765629396, -0.00482189608738, 0.00618103193119, -0.0108161028475, 0.0161118358374, -0.00708181364462, 0.00529132876545, -0.00427911244333, -0.000526079442352], [-0.000997772905976, 0.00421896623448, -0.00427972152829, 0.00286694616079, -0.00398027896881, 0.00231041642837, -0.00248273834586, 0.00499352253973, -0.00708181364462, 0.0173788201064, -0.00906574167311, 0.00281028123572, 0.0025281291455], [-9.42176575336e-06, -0.00448743067682, 0.00252209464088, -0.000984673504718, -0.000199794769287, -0.000353124050889, -0.000631288741715, -0.00160705507733, 0.00529132876545, -0.00906574167311, 0.0165577735752, -0.00741498917341, 0.000426299084211], [0.000221714537474, 0.00437977584079, -0.00221626483835, -0.000358042569133, -0.000583265617024, -0.000338669924531, 0.00183092255611, 0.00199125520885, -0.00427911244333, 0.00281028123572, -0.00741498917341, 0.0187574326992, -0.00661133462563], [-0.000266170012765, -0.00157103454694, -0.00054833322065, 0.001213712967, -0.000769727048464, 0.0019896752201, -0.00310133071616, -0.000508976634592, -0.000526079442352, 0.0025281291455, 0.000426299084211, -0.00661133462563, 0.0173167679459]]
    },
    "melbands": {
        "dmean": [0.000843802117743, 0.000690872722771, 0.00041795099969, 0.000213517181692, 0.000177227309905, 0.000320075341733, 0.000237430023844, 0.000155713583808, 0.00011903707491, 0.000222917791689, 0.000340465136105, 0.000223489041673, 0.000171937790583, 9.40533936955e-05, 4.54794208053e-05, 3.84437444154e-05, 6.33780073258e-05, 3.42924140568e-05, 2.61473924184e-05, 2.12558807107e-05, 1.204702221e-05, 1.08572903628e-05, 7.92173614172e-06, 7.68968493503e-06, 1.43945353557e-05, 7.58057603889e-06, 6.95487960911e-06, 6.12642543274e-06, 3.21448806062e-06, 2.01025500246e-06, 1.79368919362e-06, 1.94018821276e-06, 1.92522270481e-06, 1.86202123587e-06, 2.4519983981e-06, 2.10570351555e-06, 1.78215645974e-06, 1.39815665534e-06, 1.81268728738e-06, 1.36813059726e-06],
        "dmean2": [0.00139069114812, 0.00112337409519, 0.000715150265023, 0.000360974430805, 0.000279537198367, 0.000496650580317, 0.000384938786738, 0.000253256061114, 0.000194425650989, 0.000349403213477, 0.000532181176823, 0.000336677883752, 0.000264447298832, 0.000144819219713, 7.21783289919e-05, 6.16566176177e-05, 0.000101239995274, 5.47693744011e-05, 4.15902832174e-05, 3.43510146195e-05, 1.95867069124e-05, 1.76394005393e-05, 1.28130877783e-05, 1.25784690681e-05, 2.31179510592e-05, 1.22143337649e-05, 1.12874367915e-05, 9.77130548563e-06, 5.17026956004e-06, 3.23023618876e-06, 2.80279709841e-06, 2.97866199617e-06, 3.03826504933e-06, 2.89009585686e-06, 3.7984584651e-06, 3.21080892718e-06, 2.75274874184e-06, 2.15631689571e-06, 2.76669038612e-06, 2.09363952308e-06],
        "dvar": [3.54702842742e-06, 2.12591248783e-06, 1.0796393326e-06, 1.9530524753e-07, 1.71218090372e-07, 5.5761972817e-07, 2.40413100983e-07, 2.6997517466e-07, 1.5179490731e-07, 3.07764764784e-07, 4.49801945024e-07, 2.94464797435e-07, 1.79880146334e-07, 5.32206065884e-08, 1.10583036061e-08, 1.03756079284e-08, 2.53159786467e-08, 5.54361534455e-09, 5.10080377936e-09, 2.9063484952e-09, 1.28351973494e-09, 1.31805899528e-09, 2.87576629177e-10, 1.41223116534e-10, 8.74053995847e-10, 1.78365391901e-10, 1.25715424182e-10, 1.14884185498e-10, 3.56959149739e-11, 1.91971716301e-11, 1.74583958401e-11, 1.9606958418e-11, 2.09779572186e-11, 1.66093579862e-11, 2.52942059659e-11, 1.63455308316e-11, 1.09744401067e-11, 8.03692702667e-12, 1.34380388761e-11, 9.35929458934e-12],
        "dvar2": [1.072138366e-05, 5.17173839398e-06, 3.00652595797e-06, 5.1095003073e-07, 3.46563581388e-07, 1.17878823858e-06, 5.87115891904e-07, 6.68313703045e-07, 3.97972456767e-07, 7.21949106719e-07, 1.04746027318e-06, 6.36196830328e-07, 4.24000489829e-07, 1.11994097551e-07, 2.50485232556e-08, 2.4117962738e-08, 5.79516381549e-08, 1.26936354761e-08, 1.20399761272e-08, 7.12778058798e-09, 3.03363045795e-09, 3.19662940562e-09, 6.80899892025e-10, 3.66365271454e-10, 2.17885021137e-09, 4.53440923698e-10, 3.14188286499e-10, 2.69765765282e-10, 7.62190102699e-11, 4.03488423228e-11, 3.57842019905e-11, 3.83644990776e-11, 4.81922765583e-11, 3.62219282346e-11, 5.74335128067e-11, 3.52831444617e-11, 2.4726363318e-11, 1.73166897488e-11, 3.20804043052e-11, 2.18195357615e-11],
        "max": [0.0269636232406, 0.0247709155083, 0.0172482002527, 0.0157150812447, 0.0154248988256, 0.0229177419096, 0.00902813673019, 0.0180578753352, 0.00938654411584, 0.0134061584249, 0.012012229301, 0.0107816401869, 0.00963993463665, 0.00580947007984, 0.0028669538442, 0.00361709063873, 0.00429824367166, 0.00162761542015, 0.00219423719682, 0.00149105885066, 0.00116413459182, 0.00215010577813, 0.000566000700928, 0.000253513135249, 0.000746854348108, 0.000274554156931, 0.000265560607659, 0.000454515538877, 0.000240919733187, 0.000233236976783, 0.00019369351503, 0.000235827596043, 0.000175267428858, 0.000143795754411, 0.000127125123981, 8.64427929628e-05, 8.26947871246e-05, 7.45038123569e-05, 0.000104142396594, 8.23066220619e-05],
        "mean": [0.00190220039804, 0.00155542138964, 0.000655565527268, 0.000387002015486, 0.000369995017536, 0.000700980541296, 0.00042837759247, 0.000222710688831, 0.000178014102858, 0.000440606294433, 0.000752871623263, 0.000439641007688, 0.00034533086, 0.000174151704414, 8.32946388982e-05, 6.17026962573e-05, 0.000109629530925, 5.65376176382e-05, 4.28078637924e-05, 3.44389591191e-05, 2.1513318643e-05, 1.93757878151e-05, 1.56382702698e-05, 1.60483159561e-05, 2.71292647085e-05, 1.60281924764e-05, 1.51740641741e-05, 1.31924798552e-05, 6.6812131081e-06, 4.02121713705e-06, 3.44955287801e-06, 3.79074504053e-06, 3.57356202585e-06, 3.47181116922e-06, 4.22289258495e-06, 4.12755343859e-06, 3.73859052161e-06, 2.88628143608e-06, 3.13241616823e-06, 2.48136439041e-06],
        "median": [0.000974380411208, 0.000848873634823, 0.000365317217074, 0.000228300617891, 0.000192491774214, 0.000285891466774, 0.000199773086933, 7.45273136999e-05, 6.88711734256e-05, 8.94886688911e-05, 0.000167925129062, 9.48849192355e-05, 6.44471001578e-05, 5.36444349564e-05, 3.55804222636e-05, 2.57428928307e-05, 3.01018881146e-05, 2.20599322347e-05, 1.69140585058e-05, 1.58097591338e-05, 1.04243572423e-05, 8.9792865765e-06, 8.28147767606e-06, 1.04726277641e-05, 1.54713598022e-05, 1.00701026895e-05, 9.57207157626e-06, 8.03788407211e-06, 4.3237432692e-06, 2.51180108535e-06, 1.78682921614e-06, 2.00812110052e-06, 1.85527665053e-06, 1.77644074029e-06, 2.05405603992e-06, 2.1793155156e-06, 2.14103465623e-06, 1.53199380293e-06, 1.59426497248e-06, 1.18031937291e-06],
        "min": [2.0561872487e-23, 1.0681719393e-23, 7.15671652612e-24, 3.86316032124e-24, 2.02529170857e-24, 7.23933708417e-24, 1.36026472885e-23, 8.77510884939e-24, 1.31511332831e-23, 1.44266188149e-23, 1.23052132797e-23, 8.27198993012e-24, 1.16743809354e-23, 2.22532202445e-23, 7.0901390323e-24, 9.60313906514e-24, 5.96444517017e-24, 7.69073749363e-24, 5.05642958623e-24, 1.08899242406e-23, 1.44373820331e-23, 1.10929162953e-23, 6.58103108104e-24, 1.87310383443e-23, 1.7368363172e-23, 8.41061093497e-24, 1.08747118469e-23, 1.47577747343e-23, 1.46274280915e-23, 1.48174820385e-23, 1.24124668084e-23, 1.25050656681e-23, 8.84421779785e-24, 1.33183402406e-23, 9.00596741558e-24, 7.61511334295e-24, 8.00894268355e-24, 1.22714208451e-23, 1.36440624861e-23, 8.96142754001e-24],
        "var": [7.22310414858e-06, 4.2266519813e-06, 1.04005937374e-06, 3.85019461646e-07, 4.43403877171e-07, 1.92579864233e-06, 4.68578292612e-07, 3.28367065094e-07, 1.97046801986e-07, 8.97023824109e-07, 2.03718445846e-06, 1.08040171654e-06, 5.77033347327e-07, 1.51443558138e-07, 2.83752221719e-08, 1.7468316571e-08, 6.44572537567e-08, 1.06403241773e-08, 9.9306021184e-09, 4.73393546585e-09, 2.85491585927e-09, 2.28480256936e-09, 6.55000720329e-10, 3.43063633057e-10, 1.54663259977e-09, 3.93902882534e-10, 3.32181698814e-10, 2.98366831242e-10, 9.53951154181e-11, 5.10219679006e-11, 5.21249814145e-11, 5.88315993144e-11, 4.44691158896e-11, 3.83386829228e-11, 4.58771839962e-11, 3.66914866545e-11, 2.40618896336e-11, 1.8083451403e-11, 2.16589905733e-11, 2.06062614888e-11]
    },
    "mfcc": {
        "mean": [-605.324035645, 101.323928833, 2.80027699471, 4.70487356186, -1.23658847809, -3.34505677223, 8.45242500305, 4.71023035049, -4.31207990646, 5.8358912468, -4.41949224472, -4.85914802551, 0.352411329746],
        "cov": [[2267.81054688, -591.624694824, 176.181777954, 103.617073059, 199.255462646, 167.992858887, 112.902671814, 115.620315552, 65.397819519, 155.772506714, 90.9136276245, 66.6153335571, 58.0789070129], [-591.624694824, 796.840576172, 195.465332031, 167.055587769, 128.113265991, -22.7469940186, 116.908432007, -73.5377731323, -42.9356765747, 22.0412425995, -14.525138855, 25.3549823761, 33.3248558044], [176.181777954, 195.465332031, 980.900390625, 361.632354736, 400.602081299, 189.673660278, 100.093215942, 5.40988349915, 46.6114616394, 27.5169677734, 56.7551193237, 92.2139587402, 93.6868209839], [103.617073059, 167.055587769, 361.632354736, 317.379302979, 228.793746948, 85.6401977539, 59.2289085388, 22.3219261169, 45.1664237976, 33.8556976318, 36.4956169128, 77.2222671509, 71.330406189], [199.255462646, 128.113265991, 400.602081299, 228.793746948, 372.988952637, 111.623855591, 59.3572120667, 28.6669445038, 40.0507164001, 40.2370681763, 42.339214325, 77.7950134277, 76.4069290161], [167.992858887, -22.7469940186, 189.673660278, 85.6401977539, 111.623855591, 211.693664551, 105.607971191, 37.1285133362, 27.0130138397, 36.4164810181, 47.0560264587, 27.350107193, 40.5256652832], [112.902671814, 116.908432007, 100.093215942, 59.2289085388, 59.3572120667, 105.607971191, 278.568084717, 43.84715271, -10.1659297943, 91.0346069336, 14.8045167923, -7.24878072739, 43.2828102112], [115.620315552, -73.5377731323, 5.40988349915, 22.3219261169, 28.6669445038, 37.1285133362, 43.84715271, 145.092514038, 75.3374099731, 34.9792861938, 24.7140045166, 1.32289814949, -3.50273489952], [65.397819519, -42.9356765747, 46.6114616394, 45.1664237976, 40.0507164001, 27.0130138397, -10.1659297943, 75.3374099731, 136.117523193, 36.4568099976, 28.1818122864, 14.2831707001, -8.98622989655], [155.772506714, 22.0412425995, 27.5169677734, 33.8556976318, 40.2370681763, 36.4164810181, 91.0346069336, 34.9792861938, 36.4568099976, 133.520721436, 39.6994285583, -1.85990822315, 4.96127748489], [90.9136276245, -14.525138855, 56.7551193237, 36.4956169128, 42.339214325, 47.0560264587, 14.8045167923, 24.7140045166, 28.1818122864, 39.6994285583, 102.841423035, 43.8411369324, 7.49001455307], [66.6153335571, 25.3549823761, 92.2139587402, 77.2222671509, 77.7950134277, 27.350107193, -7.24878072739, 1.32289814949, 14.2831707001, -1.85990822315, 43.8411369324, 117.671478271, 59.6466369629], [58.0789070129, 33.3248558044, 93.6868209839, 71.330406189, 76.4069290161, 40.5256652832, 43.2828102112, -3.50273489952, -8.98622989655, 4.96127748489, 7.49001455307, 59.6466369629, 119.670837402]],
