{
"lowlevel": {
    "average_loudness": 0.878528654575,
    "barkbands_crest": {
        "dmean": 2.34897279739,
        "dmean2": 3.76634907722,
        "dvar": 4.96109294891,
        "dvar2": 12.9620714188,
        "max": 25.1415138245,
        "mean": 11.0795459747,
        "median": 10.3955278397,
        "min": 2.15149497986,
        "var": 18.4470767975
    },
    "barkbands_flatness_db": {
        "dmean": 0.0193600077182,
        "dmean2": 0.0290632471442,
        "dvar": 0.000325699424138,
        "dvar2": 0.000739338749554,
        "max": 0.346890330315,
        "mean": 0.172205999494,
        "median": 0.168994709849,
        "min": 0.0431061983109,
        "var": 0.00214984314516
    },
    "barkbands_kurtosis": {
        "dmean": 3.67575955391,
        "dmean2": 5.60212469101,
        "dvar": 41.2983474731,
        "dvar2": 102.007789612,
        "max": 172.73828125,
        "mean": 7.86941432953,
        "median": 3.74900150299,
        "min": -1.95934438705,
        "var": 152.202728271
    },
    "barkbands_skewness": {
        "dmean": 0.5411439538,
        "dmean2": 0.811768889427,
        "dvar": 0.331512540579,
        "dvar2": 0.742323100567,
        "max": 11.5070419312,
        "mean": 2.13865876198,
        "median": 1.89273655415,
        "min": -2.80402588844,
        "var": 2.18415546417
    },
    "barkbands_spread": {
        "dmean": 5.28417253494,
        "dmean2": 7.72760295868,
        "dvar": 55.6746711731,
        "dvar2": 103.176071167,
        "max": 116.544151306,
        "mean": 20.8040542603,
        "median": 16.2422466278,
        "min": 1.27674591541,
        "var": 266.481689453
    },
    "dissonance": {
        "dmean": 0.0177123490721,
        "dmean2": 0.029730591923,
        "dvar": 0.000280016189208,
        "dvar2": 0.000767129415181,
        "max": 0.500000059605,
        "mean": 0.460568547249,
        "median": 0.466255426407,
        "min": 0.277907043695,
        "var": 0.000780728121754
    },
    "dynamic_complexity": 2.60034561157,
    "erbbands_crest": {
        "dmean": 2.37837362289,
        "dmean2": 3.81307482719,
        "dvar": 5.23268222809,
        "dvar2": 12.906829834,
        "max": 30.5197792053,
        "mean": 9.2542848587,
        "median": 8.31913471222,
        "min": 2.24179363251,
        "var": 17.131942749
    },
    "erbbands_flatness_db": {
        "dmean": 0.0131316557527,
        "dmean2": 0.0190611686558,
        "dvar": 0.000147199170897,
        "dvar2": 0.000299856910715,
        "max": 0.328446388245,
        "mean": 0.172063618898,
        "median": 0.168313011527,
        "min": 0.0690427646041,
        "var": 0.00197767326608
    },
    "erbbands_kurtosis": {
        "dmean": 0.8964625597,
        "dmean2": 1.400000453,
        "dvar": 1.79752767086,
        "dvar2": 4.11548519135,
        "max": 25.1404800415,
        "mean": 0.594514071941,
        "median": -0.0860481262207,
        "min": -1.81881272793,
        "var": 5.42733812332
    },
    "erbbands_skewness": {
        "dmean": 0.34793561697,
        "dmean2": 0.512416303158,
        "dvar": 0.120426103473,
        "dvar2": 0.235285326838,
        "max": 4.39888429642,
        "mean": 0.575623393059,
        "median": 0.602007567883,
        "min": -4.13975095749,
        "var": 0.768747329712
    },
    "erbbands_spread": {
        "dmean": 8.26999855042,
        "dmean2": 12.4870996475,
        "dvar": 89.5938873291,
        "dvar2": 189.65612793,
        "max": 160.113143921,
        "mean": 46.3319244385,
        "median": 42.7031211853,
        "min": 3.53900909424,
        "var": 515.052307129
    },
    "hfc": {
        "dmean": 6.58522558212,
        "dmean2": 9.50436496735,
        "dvar": 123.693511963,
        "dvar2": 245.45703125,
        "max": 246.956878662,
        "mean": 23.470413208,
        "median": 16.5961360931,
        "min": 1.11800461043e-16,
        "var": 530.744995117
    },
    "melbands_crest": {
        "dmean": 2.74160385132,
        "dmean2": 4.42140722275,
        "dvar": 6.63180732727,
        "dvar2": 17.438741684,
        "max": 31.8326721191,
        "mean": 14.6514358521,
        "median": 14.1589632034,
        "min": 2.34747195244,
        "var": 23.4717445374
    },
    "melbands_flatness_db": {
        "dmean": 0.0230839271098,
        "dmean2": 0.0334127545357,
        "dvar": 0.000517915759701,
        "dvar2": 0.00109477434307,
        "max": 0.436733871698,
        "mean": 0.201794490218,
        "median": 0.195841312408,
        "min": 0.00563515722752,
        "var": 0.00470245303586
    },
    "melbands_kurtosis": {
        "dmean": 9.43793964386,
        "dmean2": 14.5626029968,
        "dvar": 305.281738281,
        "dvar2": 768.531982422,
        "max": 399.860229492,
        "mean": 23.876581192,
        "median": 12.9940814972,
        "min": -1.86761868,
        "var": 1123.2388916
    },
    "melbands_skewness": {
        "dmean": 0.726123392582,
        "dmean2": 1.11298131943,
        "dvar": 0.63456171751,
        "dvar2": 1.4618922472,
        "max": 16.832151413,
        "mean": 3.44944238663,
        "median": 3.04646468163,
        "min": -0.960445344448,
        "var": 4.23924350739
    },
    "melbands_spread": {
        "dmean": 6.54371547699,
        "dmean2": 9.63790416718,
        "dvar": 136.814559937,
        "dvar2": 247.45123291,
        "max": 224.427856445,
        "mean": 20.8188323975,
        "median": 15.08963871,
        "min": 0.809328377247,
        "var": 515.109375
    },
    "pitch_salience": {
        "dmean": 0.0639445632696,
        "dmean2": 0.102932907641,
        "dvar": 0.00336330314167,
        "dvar2": 0.0087419943884,
        "max": 0.909259140491,
        "mean": 0.547949969769,
        "median": 0.551736712456,
        "min": 0.158760264516,
        "var": 0.0143704982474
    },
    "silence_rate_20dB": {
        "dmean": 0,
        "dmean2": 0,
        "dvar": 0,
        "dvar2": 0,
        "max": 1,
        "mean": 1,
        "median": 1,
        "min": 1,
        "var": 0
    },
    "silence_rate_30dB": {
        "dmean": 0.00220318231732,
        "dmean2": 0.00440690433607,
        "dvar": 0.0021983566694,
        "dvar2": 0.00634597055614,
        "max": 1,
        "mean": 0.998776137829,
        "median": 1,
        "min": 0,
        "var": 0.00122236390598
    },
    "silence_rate_60dB": {
        "dmean": 0.00807833578438,
        "dmean2": 0.0161586478353,
        "dvar": 0.00801299046725,
        "dvar2": 0.0185890495777,
        "max": 1,
        "mean": 0.0247215759009,
        "median": 0,
        "min": 0,
        "var": 0.0241096392274
    },
    "spectral_centroid": {
        "dmean": 228.936294556,
        "dmean2": 335.013763428,
        "dvar": 95750.921875,
        "dvar2": 167631.34375,
        "max": 11012.7705078,
        "mean": 1228.0682373,
        "median": 1090.37219238,
        "min": 205.746810913,
        "var": 539758.3125
    },
    "spectral_complexity": {
        "dmean": 3.23867797852,
        "dmean2": 5.06769514084,
        "dvar": 15.200296402,
        "dvar2": 32.4157066345,
        "max": 53,
        "mean": 16.6017627716,
        "median": 15,
        "min": 0,
        "var": 65.4924545288
    },
    "spectral_decrease": {
        "dmean": 1.97784433276e-09,
        "dmean2": 3.11152059673e-09,
        "dvar": 6.86826301935e-18,
        "dvar2": 1.82808404299e-17,
        "max": -1.76821481902e-28,
        "mean": -7.97240140571e-09,
        "median": -7.04570402021e-09,
        "min": -3.72002055826e-08,
        "var": 3.29691295804e-17
    },
    "spectral_energy": {
        "dmean": 0.00778995314613,
        "dmean2": 0.0122767817229,
        "dvar": 0.000102508696727,
        "dvar2": 0.000271452881861,
        "max": 0.144794285297,
        "mean": 0.0322185829282,
        "median": 0.0289554335177,
        "min": 1.08080032759e-20,
        "var": 0.000504045397975
    },
    "spectral_energyband_high": {
        "dmean": 0.000577379309107,
        "dmean2": 0.000801234040409,
        "dvar": 1.88137755686e-06,
        "dvar2": 3.45998114426e-06,
        "max": 0.0307749658823,
        "mean": 0.00140894087963,
        "median": 0.000563095731195,
        "min": 7.55766168239e-21,
        "var": 6.79258346281e-06
    },
    "spectral_energyband_low": {
        "dmean": 0.004292789381,
        "dmean2": 0.00706905778497,
        "dvar": 7.32654734747e-05,
        "dvar2": 0.000206750773941,
        "max": 0.106119200587,
        "mean": 0.0129446173087,
        "median": 0.00295347347856,
        "min": 1.11244369682e-22,
        "var": 0.000329459697241
    },
    "spectral_energyband_middle_high": {
        "dmean": 0.00148733705282,
        "dmean2": 0.00231777504086,
        "dvar": 6.08153777648e-06,
        "dvar2": 1.43954866871e-05,
        "max": 0.0648898407817,
        "mean": 0.00458772433922,
        "median": 0.00240813870914,
        "min": 1.97483736887e-21,
        "var": 2.85805435851e-05
    },
    "spectral_energyband_middle_low": {
        "dmean": 0.00452946359292,
        "dmean2": 0.00686143618077,
        "dvar": 3.97058101953e-05,
        "dvar2": 9.03732070583e-05,
        "max": 0.106309123337,
        "mean": 0.0146658346057,
        "median": 0.0117704933509,
        "min": 2.97178519012e-22,
        "var": 0.000142065473483
    },
    "spectral_entropy": {
        "dmean": 0.142509043217,
        "dmean2": 0.198725104332,
        "dvar": 0.0195377338678,
        "dvar2": 0.0344177596271,
        "max": 9.83633327484,
        "mean": 7.59959888458,
        "median": 7.63148260117,
        "min": 6.03198575974,
        "var": 0.195286020637
    },
    "spectral_flux": {
        "dmean": 0.0189263168722,
        "dmean2": 0.0294766221195,
        "dvar": 0.00045023340499,
        "dvar2": 0.00102100369986,
        "max": 0.271623700857,
        "mean": 0.0734611898661,
        "median": 0.066282607615,
        "min": 1.03961547704e-10,
        "var": 0.00140816019848
    },
    "spectral_kurtosis": {
        "dmean": 1.03842008114,
        "dmean2": 1.71911406517,
        "dvar": 1.66053569317,
        "dvar2": 4.64176893234,
        "max": 28.5941104889,
        "mean": 2.56593084335,
        "median": 2.0442199707,
        "min": -1.33772480488,
        "var": 5.67025613785
    },
    "spectral_rms": {
        "dmean": 0.00066280370811,
        "dmean2": 0.00102518219501,
        "dvar": 5.3124989563e-07,
        "dvar2": 1.31114779833e-06,
        "max": 0.0118853989989,
        "mean": 0.00522141857073,
        "median": 0.00531499786302,
        "min": 3.24721326217e-12,
        "var": 4.16936109104e-06
    },
    "spectral_rolloff": {
        "dmean": 497.529937744,
        "dmean2": 802.588500977,
        "dvar": 1071887.5,
        "dvar2": 2079914.75,
        "max": 18346.2890625,
        "mean": 1484.91577148,
        "median": 796.728515625,
        "min": 86.1328125,
        "var": 3358116.75
    },
    "spectral_skewness": {
        "dmean": 0.172089070082,
        "dmean2": 0.261111855507,
        "dvar": 0.0270568374544,
        "dvar2": 0.0573351345956,
        "max": 3.8511865139,
        "mean": 1.30610466003,
        "median": 1.27621221542,
        "min": -0.313925415277,
        "var": 0.209203243256
    },
    "spectral_spread": {
        "dmean": 468810.90625,
        "dmean2": 651519.375,
        "dvar": 382381785088,
        "dvar2": 587004575744,
        "max": 39432420,
        "mean": 5254181,
        "median": 5039894,
        "min": 1964670.125,
        "var": 2.66255020851e+12
    },
    "spectral_strongpeak": {
        "dmean": 0.426853686571,
        "dmean2": 0.717596709728,
        "dvar": 0.51054418087,
        "dvar2": 1.29603588581,
        "max": 11.1579017639,
        "mean": 0.977346360683,
        "median": 0.591942429543,
        "min": 0,
        "var": 1.01742875576
    },
    "zerocrossingrate": {
        "dmean": 0.0110499178991,
        "dmean2": 0.0120009956881,
        "dvar": 0.000222341681365,
        "dvar2": 0.000202870534849,
        "max": 0.677734375,
        "mean": 0.0637288615108,
        "median": 0.0546875,
        "min": 0.0048828125,
        "var": 0.00203141546808
    },
    "barkbands": {
        "dmean": [9.31552494876e-05, 0.0028702497948, 0.0015482675517, 0.00106037268415, 0.00208531552926, 0.00143218820449, 0.000572599412408, 0.000830384436995, 0.000706327846274, 0.00052622804651, 0.000291256408673, 0.000253172445809, 0.000263527501374, 0.000332354713464, 0.000235861880356, 0.00024098592985, 0.000199291825993, 0.000102385653008, 0.000158713068231, 0.000115774637379, 0.000138809642522, 0.000146941209096, 0.000141748911119, 0.000137440103572, 0.000100207376818, 2.64355918489e-07, 1.18374088309e-09],
        "dmean2": [0.000158866911079, 0.00470957392827, 0.00260876305401, 0.0017326552188, 0.00312406476587, 0.00220991065726, 0.000872567063197, 0.00122850667685, 0.00111971644219, 0.000836412247736, 0.00046248108265, 0.000413812784245, 0.000427515537012, 0.000516738335136, 0.000377751304768, 0.000389681372326, 0.000321815197822, 0.000167856647749, 0.000244275550358, 0.000181738942047, 0.000211186605156, 0.000223473485676, 0.000207872086321, 0.000191488899873, 0.000140403484693, 4.47184504537e-07, 2.19300599902e-09],
        "dvar": [3.28992193488e-08, 5.25430332345e-05, 8.64391950017e-06, 4.42970895165e-06, 1.33572557388e-05, 1.11225863293e-05, 1.93609230337e-06, 4.39474069935e-06, 4.45455179943e-06, 1.88037165572e-06, 3.8046522377e-07, 3.91981870962e-07, 6.30061435913e-07, 9.17590625704e-07, 4.13002766209e-07, 3.98481461161e-07, 2.62829644271e-07, 5.49375371861e-08, 2.00740672085e-07, 9.31513568503e-08, 1.40738393384e-07, 1.26203332229e-07, 1.5961713018e-07, 1.96648144879e-07, 7.3095016262e-08, 8.3388574908e-13, 3.44599327966e-18],
        "dvar2": [8.25380794822e-08, 0.00015180221817, 2.43073827733e-05, 1.16605478979e-05, 3.04517761833e-05, 2.52232493949e-05, 4.36265281678e-06, 8.90313276614e-06, 1.0708939044e-05, 4.43316002929e-06, 9.33232001898e-07, 9.48043293647e-07, 1.65027290677e-06, 2.02460614673e-06, 9.33719547902e-07, 9.30474243432e-07, 6.5388803705e-07, 1.33959588311e-07, 4.73035186133e-07, 2.29591307743e-07, 3.18503282415e-07, 2.60708901578e-07, 3.32007061843e-07, 3.71999192339e-07, 1.39908877372e-07, 2.27318164292e-12, 1.11534982389e-17],
        "max": [0.00468622846529, 0.0798356831074, 0.0468018017709, 0.0622665062547, 0.089384958148, 0.0740067511797, 0.0334372483194, 0.0478399768472, 0.0565870702267, 0.0376986153424, 0.0143315410241, 0.0165823362768, 0.0344612561166, 0.0246743839234, 0.0125166848302, 0.0147343771532, 0.0137758441269, 0.00596636999398, 0.0115649132058, 0.0126389050856, 0.00849462114275, 0.00962646771222, 0.0127698099241, 0.0129578439519, 0.00678419787437, 2.83148820017e-05, 2.245838715e-08],
        "mean": [0.000144177538459, 0.00789827946573, 0.00380128063262, 0.00188777258154, 0.00502618635073, 0.00320158270188, 0.00103643815964, 0.00170056521893, 0.00129482406192, 0.00102367193904, 0.000567757815588, 0.000458718131995, 0.000453868007753, 0.000550269382074, 0.000370232795831, 0.000368803797755, 0.000389809953049, 0.00019538748893, 0.000313637137879, 0.000231318030274, 0.000279153930023, 0.000306409725454, 0.000276791281067, 0.000265407434199, 0.000175927532837, 2.59159492089e-07, 1.19475340732e-09],
        "median": [4.2640913307e-05, 0.00012844929006, 0.00116398965474, 0.000996286515146, 0.00247057667002, 0.00100361742079, 0.000377444695914, 0.000362454156857, 0.000298209080938, 0.000212054117583, 0.000187492900295, 0.000146226011566, 0.000143762124935, 0.000123954974697, 0.00011605986947, 0.000100520155684, 0.000124477883219, 7.26186335669e-05, 8.65205365699e-05, 9.42651749938e-05, 0.000112378576887, 0.000113262292871, 8.8957916887e-05, 6.77669086144e-05, 3.37706587743e-05, 3.28857225895e-08, 5.49084167023e-10],
        "min": [1.34945171776e-22, 2.9648848029e-23, 1.77732065886e-23, 5.93385590528e-24, 5.04522744583e-23, 8.32546002668e-23, 3.99318108562e-23, 4.49676369733e-23, 5.59548506404e-23, 8.85566164523e-23, 1.96092393247e-22, 1.70627281651e-22, 1.38316775907e-22, 1.58352340908e-22, 1.84026645795e-22, 2.38566961547e-22, 1.71403634378e-22, 1.26101826459e-22, 2.69438862679e-22, 3.3051032826e-22, 4.0686171403e-22, 5.07263663887e-22, 7.87955015223e-22, 8.89367489588e-22, 1.26320395203e-21, 1.54745388646e-21, 2.2162157802e-21],
        "var": [1.15655637956e-07, 0.000169600170921, 3.65578962374e-05, 7.85878819443e-06, 5.56564955332e-05, 3.26000117639e-05, 4.58894601252e-06, 1.31088108901e-05, 1.06273910205e-05, 6.26080691291e-06, 1.17864044569e-06, 9.79558762992e-07, 1.12482609893e-06, 2.02335763788e-06, 8.11198844985e-07, 8.29989403428e-07, 7.00547047927e-07, 1.41090296779e-07, 5.95382402935e-07, 2.06667920111e-07, 3.10861793196e-07, 3.59928321814e-07, 4.25441982088e-07, 5.90909621678e-07, 2.00001807116e-07, 6.78436473667e-13, 2.84043689388e-18]
    },
    "erbbands": {
        "dmean": [0.0646829977632, 0.724319636822, 1.67561304569, 2.76006650925, 4.07833576202, 8.7901058197, 10.3447351456, 12.141919136, 8.89750099182, 13.1152601242, 15.2945547104, 18.0161991119, 18.5049934387, 9.94325351715, 12.0400247574, 10.6423053741, 11.4480285645, 15.4385786057, 13.244720459, 12.247376442, 11.3309879303, 9.18925189972, 5.68206357956, 8.53787231445, 5.73908567429, 5.43291950226, 5.37280035019, 5.61385440826, 5.48806095123, 4.76500320435, 3.87152767181, 3.14453721046, 2.25836515427, 1.40937554836, 0.565681695938, 0.0348714478314, 0.000913198105991, 6.46631087875e-05, 1.18826583275e-05, 1.02674002846e-05],
        "dmean2": [0.104764088988, 1.19686198235, 2.84801673889, 4.54459476471, 6.57141828537, 13.1363267899, 15.3663311005, 18.9604091644, 13.6444997787, 19.6812114716, 22.8325424194, 28.2997436523, 29.4515514374, 15.9153165817, 18.8516559601, 17.2735328674, 18.5606155396, 24.0043907166, 20.8369255066, 19.9270992279, 18.4126834869, 14.8347148895, 9.11761283875, 13.2396316528, 8.87478351593, 8.53268051147, 8.42008399963, 8.47604370117, 8.36141490936, 7.12358951569, 5.66107702255, 4.55296134949, 3.13685250282, 1.94695556164, 0.825470507145, 0.0521066114306, 0.00133362738416, 9.12810064619e-05, 1.69733666553e-05, 1.59098835866e-05],
        "dvar": [0.027843600139, 3.31003832817, 11.9186668396, 24.981420517, 59.7127761841, 303.607635498, 460.671173096, 920.781433105, 620.042175293, 1052.16296387, 2123.65161133, 2993.32983398, 2231.12158203, 576.062744141, 644.785705566, 758.287597656, 1148.73400879, 1838.3215332, 1221.45556641, 1044.60632324, 779.004394531, 573.894470215, 160.617019653, 629.915100098, 204.185394287, 200.187332153, 228.045532227, 233.501113892, 192.679229736, 169.425888062, 117.694099426, 101.410125732, 53.9539871216, 16.1817111969, 2.14563083649, 0.00850530713797, 5.51099446966e-06, 2.61567905113e-08, 6.00988370181e-10, 1.71394315407e-10],
        "dvar2": [0.0749401971698, 9.65149879456, 33.4521827698, 68.6427383423, 156.281768799, 685.290649414, 1001.15063477, 2165.50561523, 1442.9276123, 2192.69580078, 4498.25341797, 7079.71435547, 5315.46679688, 1446.56420898, 1495.51367188, 1809.89562988, 2960.49829102, 4014.26733398, 2722.66967773, 2505.85717773, 1879.00463867, 1470.54724121, 381.453338623, 1468.96679688, 473.006256104, 482.624481201, 565.217224121, 496.554626465, 402.765869141, 361.555511475, 249.035995483, 205.502655029, 100.649032593, 30.1872634888, 4.45828294754, 0.0191338602453, 1.17541139844e-05, 5.1887543151e-08, 1.1389257315e-09, 4.15183026847e-10],
        "max": [1.94555461407, 21.2979698181, 62.4430198669, 144.914260864, 332.564788818, 457.093933105, 575.896118164, 804.024536133, 668.155334473, 803.968994141, 1159.09667969, 1405.14001465, 1000.59338379, 645.058044434, 690.625, 819.793884277, 1397.68725586, 1153.64733887, 785.472900391, 959.606262207, 726.868896484, 803.825805664, 371.873474121, 731.648681641, 398.299835205, 526.535705566, 436.69921875, 405.90927124, 391.107574463, 486.582244873, 323.640472412, 292.690307617, 264.562072754, 81.57371521, 39.9351387024, 2.43899250031, 0.054368019104, 0.00384619738907, 0.00055253203027, 0.000227573487791],
        "mean": [0.193646878004, 1.90375471115, 4.17151546478, 6.16277217865, 7.50778865814, 19.8786487579, 26.6313209534, 25.3890113831, 17.0209388733, 25.7469367981, 32.4642562866, 34.3197593689, 36.6005210876, 20.4083747864, 24.8164215088, 20.7405128479, 21.4182376862, 28.0689544678, 22.3847675323, 19.8515834808, 21.2530632019, 18.6327915192, 11.9558238983, 17.1190662384, 11.9401464462, 11.1814661026, 10.5317831039, 11.307220459, 11.1689519882, 9.49275398254, 7.62592554092, 6.03224802017, 4.16236686707, 2.52470397949, 0.925800919533, 0.0526784993708, 0.00150064507034, 0.000118553223729, 3.48840294464e-05, 4.23705860157e-05],
        "median": [0.00208173971623, 0.0603314302862, 1.06575536728, 3.47701621056, 4.72895717621, 8.23352622986, 9.00503158569, 8.49065589905, 6.47015190125, 8.07909679413, 7.64261817932, 8.6340379715, 7.91947650909, 6.63409328461, 9.36615467072, 6.88728237152, 7.53966903687, 7.20695352554, 6.62692832947, 6.39418649673, 6.29568910599, 6.53770112991, 4.91460847855, 4.57709646225, 4.39047384262, 4.76393795013, 4.28592205048, 4.52217531204, 4.0557179451, 3.25657343864, 2.46363544464, 1.75353753567, 0.897452831268, 0.493860244751, 0.162471666932, 0.00895542837679, 0.000290344789391, 2.89429717668e-05, 2.33456903516e-05, 3.84922896046e-05],
        "min": [2.44816340358e-21, 2.26758418091e-21, 1.4185808232e-20, 2.75375049826e-20, 1.24488627162e-19, 1.50028022445e-19, 1.8514242106e-19, 1.02109191066e-18, 5.75352195904e-19, 1.07057664664e-18, 7.27364004253e-19, 1.44498743981e-18, 1.38821617321e-18, 7.34807451034e-18, 4.94845829491e-18, 8.88783068876e-18, 6.56479444084e-18, 8.84524494928e-18, 6.78734407593e-18, 1.17862897531e-17, 1.35214681784e-17, 9.41617327987e-18, 7.66072313928e-18, 1.62952611983e-17, 1.12844136329e-17, 1.66587872252e-17, 1.49099173064e-17, 1.60805979032e-17, 1.67001694169e-17, 2.11785963908e-17, 2.26114105237e-17, 1.47492523616e-17, 1.71462778474e-17, 1.36092039173e-17, 9.76147982658e-18, 5.84016602627e-18, 3.30705526769e-18, 1.04490499293e-18, 3.07750634045e-19, 3.32149980574e-20],
        "var": [0.108610749245, 10.2095994949, 52.8952255249, 64.2226333618, 104.384422302, 1147.70581055, 1792.36779785, 2254.66772461, 1441.78601074, 3034.82324219, 6052.35693359, 7723.38818359, 7359.03710938, 1564.49169922, 2092.98657227, 2059.46166992, 2187.39306641, 4550.07666016, 2547.35644531, 2108.91333008, 2256.78637695, 1349.39880371, 454.708496094, 1873.64868164, 568.532714844, 476.256866455, 447.157714844, 539.381408691, 518.901916504, 434.150482178, 318.401947021, 279.871459961, 158.69619751, 46.9865570068, 4.81162786484, 0.0149120129645, 1.1536164493e-05, 6.825278831e-08, 2.0274202317e-09, 8.75253147736e-10]
    },
    "gfcc": {
        "mean": [-8.03934764862, 98.0485534668, -132.409729004, 47.8513679504, -86.0542144775, 21.4234542847, -48.9738731384, -1.30187046528, -22.228515625, -11.0234689713, -8.91679477692, -15.3596735001, 1.16748702526],
        "cov": [[3996.86499023, -599.380615234, 439.276794434, 592.709228516, 33.5833129883, 450.869750977, 26.22889328, 479.635284424, 123.353111267, 339.882843018, 11.9724712372, 149.88394165, 25.0014533997], [-599.380615234, 1298.39196777, 349.068481445, 95.6599502563, 345.429382324, -148.657730103, 121.284835815, -186.094726562, 116.477554321, -97.1918487549, 113.794441223, -103.437347412, 22.0659770966], [439.276794434, 349.068481445, 1470.84228516, 686.178039551, 345.81072998, 346.570800781, 6.27298688889, 136.072555542, 62.3863945007, 184.871353149, 68.2806396484, 61.1578521729, 36.1946334839], [592.709228516, 95.6599502563, 686.178039551, 639.008789062, 272.9402771, 147.684387207, 14.3640890121, 99.7938842773, 107.431030273, 116.755226135, 41.784198761, 63.033493042, 67.1015090942], [33.5833129883, 345.429382324, 345.81072998, 272.9402771, 388.700683594, 160.256591797, 119.715194702, 98.1600112915, 93.6225357056, 45.236907959, 56.0238990784, 17.3639240265, 46.124786377], [450.869750977, -148.657730103, 346.570800781, 147.684387207, 160.256591797, 448.245605469, 195.818710327, 211.259719849, 28.8473033905, 106.965126038, 22.2600765228, 29.8131561279, -14.1000108719], [26.22889328, 121.284835815, 6.27298688889, 14.3640890121, 119.715194702, 195.818710327, 291.809539795, 122.78150177, 46.8472709656, 16.3026390076, 43.5171318054, -14.2359266281, -3.88508152962], [479.635284424, -186.094726562, 136.072555542, 99.7938842773, 98.1600112915, 211.259719849, 122.78150177, 276.328704834, 66.3086929321, 97.2638931274, 13.8736362457, 49.1746177673, 7.89366483688], [123.353111267, 116.477554321, 62.3863945007, 107.431030273, 93.6225357056, 28.8473033905, 46.8472709656, 66.3086929321, 152.803085327, 44.2617149353, 25.9892597198, 0.320834606886, 19.8047943115], [339.882843018, -97.1918487549, 184.871353149, 116.755226135, 45.236907959, 106.965126038, 16.3026390076, 97.2638931274, 44.2617149353, 139.693267822, 23.5533809662, 22.6307106018, -3.58176016808], [11.9724712372, 113.794441223, 68.2806396484, 41.784198761, 56.0238990784, 22.2600765228, 43.5171318054, 13.8736362457, 25.9892597198, 23.5533809662, 85.0850067139, 22.3463153839, 7.70106267929], [149.88394165, -103.437347412, 61.1578521729, 63.033493042, 17.3639240265, 29.8131561279, -14.2359266281, 49.1746177673, 0.320834606886, 22.6307106018, 22.3463153839, 96.4357299805, 46.0450935364], [25.0014533997, 22.0659770966, 36.1946334839, 67.1015090942, 46.124786377, -14.1000108719, -3.88508152962, 7.89366483688, 19.8047943115, -3.58176016808, 7.70106267929, 46.0450935364, 89.3288116455]],
        "icov": [[0.000537148385774, -0.000617897720076, 0.000661727739498, -0.00113346276339, 0.00108122185338, -0.000959635712206, 0.000836844323203, -0.00110408395994, 0.000495749234688, -0.0007596911164, 0.000192944993614, -0.000246294395765, -2.02499668376e-05], [-0.000617897720076, 0.00459172111005, -0.0029903780669, 0.0036054791417, -0.00482529494911, 0.00428128847852, -0.00365284527652, 0.00389811303467, -0.00306626758538, 0.00264485343359, -0.00257037277333, 0.00245303846896, -5.10000609211e-05], [0.000661727739498, -0.0029903780669, 0.00393072143197, -0.00435964437202, 0.00302258157171, -0.00422956515104, 0.00357916322537, -0.00265687075444, 0.00278788129799, -0.00240781879984, 0.000646397762466, -0.000860603293404, 7.10304666427e-05], [-0.00113346276339, 0.0036054791417, -0.00435964437202, 0.00813432130963, -0.00583076803014, 0.00454995362088, -0.00348346913233, 0.0042149820365, -0.00402182945982, 0.00141701777466, -0.000575172423851, 0.000280858075712, -0.000858998973854], [0.00108122185338, -0.00482529494911, 0.00302258157171, -0.00583076803014, 0.0106891784817, -0.00575337465852, 0.00340043031611, -0.00516523513943, 0.00204118154943, -0.00162613962311, 0.000519499531947, -0.000795484171249, -0.00193109584507], [-0.000959635712206, 0.00428128847852, -0.00422956515104, 0.00454995362088, -0.00575337465852, 0.0105013586581, -0.00716952094808, 0.00220067496412, -0.00161951850168, 0.000744427146856, -5.64446017961e-05, 0.000369814923033, 0.00183215527795], [0.000836844323203, -0.00365284527652, 0.00357916322537, -0.00348346913233, 0.00340043031611, -0.00716952094808, 0.0109191806987, -0.00574852898717, 0.00209847907536, 8.27515177662e-05, -0.00251023704186, 0.00217762193643, -0.00143800885417], [-0.00110408395994, 0.00389811303467, -0.00265687075444, 0.0042149820365, -0.00516523513943, 0.00220067496412, -0.00574852898717, 0.0125552183017, -0.00503314193338, -0.000779005873483, 0.00111012195703, -0.00289717782289, 0.00139369792305], [0.000495749234688, -0.00306626758538, 0.00278788129799, -0.00402182945982, 0.00204118154943, -0.00161951850168, 0.00209847907536, -0.00503314193338, 0.0122290095314, -0.00398328853771, -0.000310478179017, 0.00173191854265, -0.00200032815337], [-0.0007596911164, 0.00264485343359, -0.00240781879984, 0.00141701777466, -0.00162613962311, 0.000744427146856, 8.27515177662e-05, -0.000779005873483, -0.00398328853771, 0.0151262786239, -0.00486031780019, 0.00202977703884, 0.00136244879104], [0.000192944993614, -0.00257037277333, 0.000646397762466, -0.000575172423851, 0.000519499531947, -5.64446017961e-05, -0.00251023704186, 0.00111012195703, -0.000310478179017, -0.00486031780019, 0.0191958807409, -0.00887013785541, 0.00305789010599], [-0.000246294395765, 0.00245303846896, -0.000860603293404, 0.000280858075712, -0.000795484171249, 0.000369814923033, 0.00217762193643, -0.00289717782289, 0.00173191854265, 0.00202977703884, -0.00887013785541, 0.0221854802221, -0.0105529827997], [-2.02499668376e-05, -5.10000609211e-05, 7.10304666427e-05, -0.000858998973854, -0.00193109584507, 0.00183215527795, -0.00143800885417, 0.00139369792305, -0.00200032815337, 0.00136244879104, 0.00305789010599, -0.0105529827997, 0.0186040494591]]
    },
    "melbands": {
        "dmean": [0.0006994472933, 0.000896919344086, 0.000483711803099, 0.000433050037827, 0.000382908823667, 0.000272108096397, 0.000128375511849, 0.000153727974975, 0.000121965138533, 0.000113417394459, 9.34244744712e-05, 4.29483225162e-05, 4.05821483582e-05, 3.12315751216e-05, 2.81089742202e-05, 2.53640300798e-05, 3.15770375892e-05, 2.36919149756e-05, 1.61801654031e-05, 1.90990176634e-05, 1.37291335705e-05, 1.14773947644e-05, 6.93655556461e-06, 5.09937945026e-06, 7.89929072198e-06, 4.96576330988e-06, 4.24243171437e-06, 3.67612096852e-06, 3.37617279911e-06, 3.70760380974e-06, 3.52485881194e-06, 3.43454280483e-06, 2.85404303213e-06, 2.83774966192e-06, 2.35867582887e-06, 2.1731882498e-06, 2.00466956812e-06, 1.76926005224e-06, 1.34851723033e-06, 1.22880146591e-06],
        "dmean2": [0.00112617574632, 0.00151738303248, 0.000794711173512, 0.00066129816696, 0.000564414192922, 0.00042227486847, 0.000196155466256, 0.000229693047004, 0.000183774085599, 0.000178439498995, 0.000148601393448, 6.87991923769e-05, 6.4127620135e-05, 5.08102930326e-05, 4.50983498013e-05, 4.07480947615e-05, 4.89267476951e-05, 3.71657042706e-05, 2.59021162492e-05, 3.1080962799e-05, 2.23099777941e-05, 1.86048982869e-05, 1.11598146759e-05, 8.3502727648e-06, 1.22814535644e-05, 7.77243167249e-06, 6.65189918436e-06, 5.86095211474e-06, 5.40775226909e-06, 5.7936003941e-06, 5.42886664334e-06, 5.35226672582e-06, 4.32547449236e-06, 4.31688704339e-06, 3.49954598278e-06, 3.25136215906e-06, 2.96220378004e-06, 2.52055679084e-06, 1.89027491615e-06, 1.7427757939e-06],
        "dvar": [3.1789274999e-06, 3.64736411029e-06, 7.27399708467e-07, 5.96754773596e-07, 5.33987019935e-07, 4.36302997286e-07, 1.16238943804e-07, 1.40982862717e-07, 1.37617320206e-07, 1.24413091385e-07, 5.8556334892e-08, 1.21652155016e-08, 7.58236318177e-09, 4.76099026869e-09, 9.85935777464e-09, 3.94494747979e-09, 8.79528183617e-09, 4.28175406242e-09, 1.88754389896e-09, 2.93648527716e-09, 1.18007326133e-09, 1.04112418686e-09, 3.25156596093e-10, 1.59526211685e-10, 6.00265781525e-10, 1.9917494043e-10, 1.27498109292e-10, 1.02252650791e-10, 9.53192108577e-11, 1.04890908459e-10, 8.99679428179e-11, 7.72521629999e-11, 4.98184341002e-11, 7.11727551894e-11, 4.07243613831e-11, 4.2872528444e-11, 4.76695072305e-11, 3.64386854024e-11, 1.62846611196e-11, 1.37529050648e-11],
        "dvar2": [8.84401197254e-06, 1.06077977762e-05, 1.94400990949e-06, 1.43596275848e-06, 1.14867680168e-06, 1.00950376236e-06, 2.70083063469e-07, 2.88151909444e-07, 3.00347863913e-07, 2.92302246407e-07, 1.39538840926e-07, 3.01331333219e-08, 1.88057320827e-08, 1.21187841984e-08, 2.41808830737e-08, 9.55222567711e-09, 1.93862206288e-08, 9.52539025434e-09, 4.19556789311e-09, 6.85682355339e-09, 2.88109203161e-09, 2.67799804554e-09, 7.17306936071e-10, 3.94503624213e-10, 1.39774503083e-09, 4.78363959555e-10, 3.00292651856e-10, 2.47966314149e-10, 2.41043102145e-10, 2.50691190029e-10, 1.95381225088e-10, 1.6839984962e-10, 1.08960701573e-10, 1.60798943605e-10, 8.68976557378e-11, 9.73455344111e-11, 9.92588303217e-11, 7.21114071234e-11, 3.19371751267e-11, 2.72352574521e-11],
        "max": [0.0204546414316, 0.0271943286061, 0.0234161876142, 0.0168351959437, 0.0155148189515, 0.0169889219105, 0.00848020520061, 0.00816651247442, 0.00972675811499, 0.00883331615478, 0.00504044489935, 0.00354858557694, 0.00194118381478, 0.0014739355538, 0.00454770587385, 0.0018910280196, 0.00246352003887, 0.00142837851308, 0.00118219584692, 0.00123145082034, 0.00109427631833, 0.00109495373908, 0.000913453812245, 0.000310372561216, 0.00071764155291, 0.000433891138528, 0.00047965804697, 0.000352192000719, 0.000283518398646, 0.000222553746426, 0.00021318886138, 0.000209764984902, 0.000213275896385, 0.00034887433867, 0.000187149606063, 0.000218881716137, 0.000232044723816, 0.000220811518375, 0.000128650994156, 0.000104791288322],
        "mean": [0.0020454810001, 0.00238404539414, 0.00108607707079, 0.00092905893689, 0.00101413566153, 0.00058017775882, 0.00024162470072, 0.000300787069136, 0.000253702368354, 0.000210013415199, 0.000179613634828, 8.15955936559e-05, 8.04364244686e-05, 5.80573287152e-05, 4.94473679282e-05, 4.56642519566e-05, 5.40548571735e-05, 3.76905518351e-05, 2.50616158155e-05, 2.7843807402e-05, 2.60275191977e-05, 2.20123074541e-05, 1.23556083054e-05, 9.64505034062e-06, 1.48848830577e-05, 9.38462289923e-06, 8.40175562189e-06, 6.92546518621e-06, 6.07583388046e-06, 6.90345950716e-06, 6.47297611067e-06, 6.48439481665e-06, 5.63275716559e-06, 5.13011946168e-06, 4.42387181465e-06, 3.94751759814e-06, 3.60936405741e-06, 3.06324773192e-06, 2.35333573073e-06, 2.09983386412e-06],
        "median": [2.81763204839e-05, 0.000443124532467, 0.000705576327164, 0.000482222007122, 0.000372775655705, 0.00018493544485, 8.79501458257e-05, 8.46799594001e-05, 5.63910980418e-05, 4.80821363453e-05, 3.55510383088e-05, 2.33929204114e-05, 2.87456769001e-05, 2.0418119675e-05, 1.51998547153e-05, 1.36795852086e-05, 1.19509941214e-05, 9.82914662018e-06, 8.22391120892e-06, 7.62595936976e-06, 6.97654513715e-06, 6.61686271997e-06, 4.93908783028e-06, 3.27849420501e-06, 3.48356752511e-06, 2.83277859126e-06, 3.20999470205e-06, 2.82093651549e-06, 2.32694605984e-06, 2.56651424024e-06, 2.43606586992e-06, 2.23611709771e-06, 1.89391028016e-06, 1.65720655332e-06, 1.38174891617e-06, 1.21436391964e-06, 9.7282202205e-07, 6.24430299467e-07, 4.79870720937e-07, 3.69443199588e-07],
        "min": [2.19375023331e-23, 5.80625607614e-24, 7.26185275212e-24, 1.05209984499e-23, 7.17087973481e-24, 2.02001292749e-23, 8.37704727003e-24, 1.19072361085e-23, 5.81113281426e-24, 9.11891415341e-24, 6.01582486422e-24, 2.80823280434e-23, 1.99994714596e-23, 1.98787220986e-23, 1.51504144727e-23, 1.48625323071e-23, 1.70357620594e-23, 1.02945385721e-23, 1.4684615774e-23, 1.43661336939e-23, 1.7244210665e-23, 9.60077642673e-24, 8.19764688955e-24, 6.10639240703e-24, 1.4709173014e-23, 6.68616651818e-24, 1.13833480593e-23, 1.00667597189e-23, 7.51124244984e-24, 1.00683043085e-23, 9.68201253389e-24, 9.35178352605e-24, 9.82317445971e-24, 1.16125263518e-23, 1.27363099872e-23, 1.2576468624e-23, 7.10353152389e-24, 1.19750450142e-23, 1.15957102039e-23, 1.19989506551e-23],
        "var": [1.16016008178e-05, 1.43396609928e-05, 1.6723056433e-06, 1.7761909703e-06, 2.39233713728e-06, 1.14694330478e-06, 2.72715595884e-07, 4.17606031533e-07, 3.85884391108e-07, 3.13180777312e-07, 1.89929139083e-07, 3.25445803639e-08, 2.29700276577e-08, 1.1417024659e-08, 1.50718513225e-08, 1.17697833701e-08, 2.0309526505e-08, 8.43575698184e-09, 3.73664832409e-09, 5.40375433289e-09, 4.14178691344e-09, 2.42936604167e-09, 6.57695509165e-10, 4.38412695036e-10, 1.72023617573e-09, 4.95980534421e-10, 3.33237742955e-10, 2.16846318679e-10, 1.72716382862e-10, 2.08151912373e-10, 1.93688134975e-10, 1.87061838242e-10, 1.39001241073e-10, 1.50639001273e-10, 1.06565506419e-10, 1.01661970509e-10, 1.16864642963e-10, 9.56926551887e-11, 4.62233688825e-11, 3.54134083169e-11]
    },
    "mfcc": {
        "mean": [-633.52935791, 104.136901855, 12.0234880447, 15.1665868759, -2.97516083717, 5.66808223724, -8.00280189514, -1.63543128967, -5.49521255493, -4.00741672516, -6.7059378624, -3.89556384087, -5.22718906403],
        "cov": [[3473.91357422, -881.97467041, 200.343917847, 113.048370361, 132.207229614, 59.5465431213, 97.3640823364, 153.406112671, 204.83203125, 227.971725464, 232.783172607, 66.2306213379, 61.4999160767], [-881.97467041, 1187.71069336, 39.7142181396, 174.658065796, 108.790390015, 74.8792495728, 34.0290031433, -14.7541122437, -59.8168754578, -17.5644378662, -0.991782784462, 25.1315803528, -7.37564516068], [200.343917847, 39.7142181396, 1120.01147461, 396.231231689, 432.435546875, 261.320953369, 160.451782227, 31.3108234406, 98.7712249756, 69.5021820068, 58.4473266602, 115.515396118, 107.521224976], [113.048370361, 174.658065796, 396.231231689, 542.97833252, 308.948547363, 113.3438797, -0.601660430431, -9.17947006226, 58.5604095459, 22.1015434265, -18.8566455841, 61.5271339417, 93.1037750244], [132.207229614, 108.790390015, 432.435546875, 308.948547363, 427.342559814, 157.768615723, 78.038734436, 52.8892211914, 98.9488830566, 64.5570526123, 23.6957759857, 69.3941116333, 94.9293670654], [59.5465431213, 74.8792495728, 261.320953369, 113.3438797, 157.768615723, 233.052200317, 145.403900146, 70.9127578735, 68.924697876, 71.5187530518, 50.8535079956, 39.74766922, 33.3724136353], [97.3640823364, 34.0290031433, 160.451782227, -0.601660430431, 78.038734436, 145.403900146, 288.451904297, 149.159469604, 83.7052001953, 94.4616928101, 84.4546661377, 38.7385749817, 27.6287212372], [153.406112671, -14.7541122437, 31.3108234406, -9.17947006226, 52.8892211914, 70.9127578735, 149.159469604, 195.510192871, 100.251495361, 78.4008560181, 63.9653511047, 24.3016815186, 30.5466251373], [204.83203125, -59.8168754578, 98.7712249756, 58.5604095459, 98.9488830566, 68.924697876, 83.7052001953, 100.251495361, 161.811157227, 89.42993927, 47.7070350647, 27.6415271759, 41.2409629822], [227.971725464, -17.5644378662, 69.5021820068, 22.1015434265, 64.5570526123, 71.5187530518, 94.4616928101, 78.4008560181, 89.42993927, 162.90977478, 100.542182922, 17.4643516541, 15.6426334381], [232.783172607, -0.991782784462, 58.4473266602, -18.8566455841, 23.6957759857, 50.8535079956, 84.4546661377, 63.9653511047, 47.7070350647, 100.542182922, 165.911560059, 30.4271240234, -7.10089635849], [66.2306213379, 25.1315803528, 115.515396118, 61.5271339417, 69.3941116333, 39.74766922, 38.7385749817, 24.3016815186, 27.6415271759, 17.4643516541, 30.4271240234, 98.7252197266, 44.9475479126], [61.4999160767, -7.37564516068, 107.521224976, 93.1037750244, 94.9293670654, 33.3724136353, 27.6287212372, 30.5466251373, 41.2409629822, 15.6426334381, -7.10089635849, 44.9475479126, 108.832931519]],
