{
"lowlevel": {
    "average_loudness": 0.91865760088,
    "barkbands_crest": {
        "dmean": 2.87855386734,
        "dmean2": 4.41575193405,
        "dvar": 8.09325313568,
        "dvar2": 15.4627962112,
        "max": 25.878068924,
        "mean": 9.54468536377,
        "median": 8.12311553955,
        "min": 2.02245616913,
        "var": 25.331861496
    },
    "barkbands_flatness_db": {
        "dmean": 0.0231973715127,
        "dmean2": 0.0334570631385,
        "dvar": 0.000501737755258,
        "dvar2": 0.00106599507853,
        "max": 0.338500797749,
        "mean": 0.1030998528,
        "median": 0.0983833149076,
        "min": 0.0147472824901,
        "var": 0.00199590064585
    },
    "barkbands_kurtosis": {
        "dmean": 2.26843619347,
        "dmean2": 3.21686077118,
        "dvar": 29.3028240204,
        "dvar2": 49.228351593,
        "max": 160.272979736,
        "mean": 2.44910883904,
        "median": 0.0931581258774,
        "min": -1.91521453857,
        "var": 70.6734313965
    },
    "barkbands_skewness": {
        "dmean": 0.515576481819,
        "dmean2": 0.728906393051,
        "dvar": 0.379556685686,
        "dvar2": 0.695577144623,
        "max": 12.0706176758,
        "mean": 1.21812772751,
        "median": 0.93202495575,
        "min": -2.86584591866,
        "var": 1.56241559982
    },
    "barkbands_spread": {
        "dmean": 7.24994087219,
        "dmean2": 11.003531456,
        "dvar": 64.0246047974,
        "dvar2": 147.211669922,
        "max": 106.66443634,
        "mean": 30.1367874146,
        "median": 27.6798248291,
        "min": 1.44946491718,
        "var": 228.639160156
    },
    "dissonance": {
        "dmean": 0.0136313699186,
        "dmean2": 0.0232884250581,
        "dvar": 0.000169150560396,
        "dvar2": 0.000481069087982,
        "max": 0.500000119209,
        "mean": 0.477138191462,
        "median": 0.481108129025,
        "min": 0.350821584463,
        "var": 0.000291913136607
    },
    "dynamic_complexity": 2.75522279739,
    "erbbands_crest": {
        "dmean": 2.23625707626,
        "dmean2": 3.63787174225,
        "dvar": 4.63128471375,
        "dvar2": 11.5351209641,
        "max": 27.7411594391,
        "mean": 7.82326698303,
        "median": 6.82000160217,
        "min": 2.30694103241,
        "var": 14.8576841354
    },
    "erbbands_flatness_db": {
        "dmean": 0.0172780305147,
        "dmean2": 0.0243995971978,
        "dvar": 0.000288471463136,
        "dvar2": 0.000523821625393,
        "max": 0.332406044006,
        "mean": 0.137751474977,
        "median": 0.127359747887,
        "min": 0.049393478781,
        "var": 0.00232647382654
    },
    "erbbands_kurtosis": {
        "dmean": 0.564159452915,
        "dmean2": 0.914343357086,
        "dvar": 0.518989861012,
        "dvar2": 1.26779639721,
        "max": 13.0554428101,
        "mean": -0.159762069583,
        "median": -0.416997313499,
        "min": -1.7956430912,
        "var": 1.15688717365
    },
    "erbbands_skewness": {
        "dmean": 0.29710817337,
        "dmean2": 0.463841229677,
        "dvar": 0.0744690150023,
        "dvar2": 0.178449198604,
        "max": 3.10118174553,
        "mean": 0.0130699733272,
        "median": -0.0187607109547,
        "min": -3.15258049965,
        "var": 0.34070712328
    },
    "erbbands_spread": {
        "dmean": 7.37754106522,
        "dmean2": 10.8915691376,
        "dvar": 69.2455368042,
        "dvar2": 141.028533936,
        "max": 152.26751709,
        "mean": 41.7252311707,
        "median": 39.0578994751,
        "min": 6.26984500885,
        "var": 339.54901123
    },
    "hfc": {
        "dmean": 8.85685253143,
        "dmean2": 13.7372207642,
        "dvar": 207.719726562,
        "dvar2": 520.453552246,
        "max": 190.355575562,
        "mean": 22.4340343475,
        "median": 15.752904892,
        "min": 1.19623802928e-16,
        "var": 403.200256348
    },
    "melbands_crest": {
        "dmean": 3.74365234375,
        "dmean2": 5.9866399765,
        "dvar": 12.5164680481,
        "dvar2": 28.1325531006,
        "max": 32.1807670593,
        "mean": 14.4614114761,
        "median": 13.1015415192,
        "min": 1.82741367817,
        "var": 36.815032959
    },
    "melbands_flatness_db": {
        "dmean": 0.0284245684743,
        "dmean2": 0.0407542511821,
        "dvar": 0.000930264068302,
        "dvar2": 0.00199818029068,
        "max": 0.452292889357,
        "mean": 0.157645851374,
        "median": 0.148975208402,
        "min": 0.00559084769338,
        "var": 0.00341567234136
    },
    "melbands_kurtosis": {
        "dmean": 7.53499174118,
        "dmean2": 10.3591985703,
        "dvar": 312.443634033,
        "dvar2": 461.793670654,
        "max": 508.490203857,
        "mean": 13.4542150497,
        "median": 4.47754096985,
        "min": -1.84445822239,
        "var": 935.029724121
    },
    "melbands_skewness": {
        "dmean": 0.748285770416,
        "dmean2": 1.03916788101,
        "dvar": 0.985233545303,
        "dvar2": 1.64325582981,
        "max": 17.1744976044,
        "mean": 2.58001637459,
        "median": 1.99583482742,
        "min": -0.822981357574,
        "var": 4.23568677902
    },
    "melbands_spread": {
        "dmean": 9.99185180664,
        "dmean2": 15.3151082993,
        "dvar": 173.795227051,
        "dvar2": 386.741851807,
        "max": 237.072052002,
        "mean": 32.9126739502,
        "median": 30.015001297,
        "min": 0.914951503277,
        "var": 477.43057251
    },
    "pitch_salience": {
        "dmean": 0.0797775313258,
        "dmean2": 0.119832888246,
        "dvar": 0.00672476971522,
        "dvar2": 0.0135662602261,
        "max": 0.968518614769,
        "mean": 0.536762237549,
        "median": 0.561875700951,
        "min": 0.0820157602429,
        "var": 0.020597871393
    },
    "silence_rate_20dB": {
        "dmean": 0,
        "dmean2": 0,
        "dvar": 0,
        "dvar2": 0,
        "max": 1,
        "mean": 1,
        "median": 1,
        "min": 1,
        "var": 0
    },
    "silence_rate_30dB": {
        "dmean": 0,
        "dmean2": 0,
        "dvar": 0,
        "dvar2": 0,
        "max": 1,
        "mean": 1,
        "median": 1,
        "min": 1,
        "var": 0
    },
    "silence_rate_60dB": {
        "dmean": 0.0170857906342,
        "dmean2": 0.0341756902635,
        "dvar": 0.0167920719832,
        "dvar2": 0.039259724319,
        "max": 1,
        "mean": 0.0691770911217,
        "median": 0,
        "min": 0,
        "var": 0.0643934383988
    },
    "spectral_centroid": {
        "dmean": 281.96496582,
        "dmean2": 439.625244141,
        "dvar": 107482.296875,
        "dvar2": 258691.8125,
        "max": 10645.3652344,
        "mean": 1836.21569824,
        "median": 1842.94628906,
        "min": 237.320800781,
        "var": 351227.34375
    },
    "spectral_complexity": {
        "dmean": 4.39562034607,
        "dmean2": 6.99855613708,
        "dvar": 24.1074676514,
        "dvar2": 57.3566360474,
        "max": 52,
        "mean": 20.9515151978,
        "median": 21,
        "min": 0,
        "var": 88.3850021362
    },
    "spectral_decrease": {
        "dmean": 1.70612446393e-09,
        "dmean2": 2.27759877625e-09,
        "dvar": 5.20504310348e-18,
        "dvar2": 9.42970181879e-18,
        "max": 2.33799138286e-29,
        "mean": -5.3342645856e-09,
        "median": -3.72000785731e-09,
        "min": -3.15586774491e-08,
        "var": 1.92212140919e-17
    },
    "spectral_energy": {
        "dmean": 0.00685526104644,
        "dmean2": 0.0092203989625,
        "dvar": 7.97414249973e-05,
        "dvar2": 0.000145560101373,
        "max": 0.122275441885,
        "mean": 0.0221676044166,
        "median": 0.0158721208572,
        "min": 1.07619897388e-20,
        "var": 0.000307411974063
    },
    "spectral_energyband_high": {
        "dmean": 0.000648299930617,
        "dmean2": 0.00104251445737,
        "dvar": 1.71139583927e-06,
        "dvar2": 4.27727718488e-06,
        "max": 0.0252880994231,
        "mean": 0.00108870211989,
        "median": 0.000519425258972,
        "min": 7.75851228267e-21,
        "var": 2.51628648584e-06
    },
    "spectral_energyband_low": {
        "dmean": 0.00474363751709,
        "dmean2": 0.00643716799095,
        "dvar": 7.334388647e-05,
        "dvar2": 0.00012690872245,
        "max": 0.117013737559,
        "mean": 0.00967745762318,
        "median": 0.00387765234336,
        "min": 4.36250335779e-23,
        "var": 0.00019120433717
    },
    "spectral_energyband_middle_high": {
        "dmean": 0.00201283022761,
        "dmean2": 0.00310141057707,
        "dvar": 9.70357814367e-06,
        "dvar2": 2.15458421735e-05,
        "max": 0.0509150028229,
        "mean": 0.00587472086772,
        "median": 0.00376768968999,
        "min": 1.63893095434e-21,
        "var": 3.95810893679e-05
    },
    "spectral_energyband_middle_low": {
        "dmean": 0.00280613522045,
        "dmean2": 0.00449350010604,
        "dvar": 2.24304512813e-05,
        "dvar2": 5.55677979719e-05,
        "max": 0.070824034512,
        "mean": 0.00642603449523,
        "median": 0.0043957689777,
        "min": 2.74732283436e-22,
        "var": 3.99446144002e-05
    },
    "spectral_entropy": {
        "dmean": 0.144605845213,
        "dmean2": 0.217545926571,
        "dvar": 0.0245947539806,
        "dvar2": 0.0556633099914,
        "max": 9.79485988617,
        "mean": 7.83934211731,
        "median": 7.83181476593,
        "min": 6.473736763,
        "var": 0.108821243048
    },
    "spectral_flux": {
        "dmean": 0.022598369047,
        "dmean2": 0.0334655120969,
        "dvar": 0.000623566971626,
        "dvar2": 0.00125664216466,
        "max": 0.25815179944,
        "mean": 0.0796838253736,
        "median": 0.0676145404577,
        "min": 1.03740009638e-10,
        "var": 0.00209868047386
    },
    "spectral_kurtosis": {
        "dmean": 0.98911857605,
        "dmean2": 1.64183092117,
        "dvar": 1.15137791634,
        "dvar2": 3.19272661209,
        "max": 21.9020786285,
        "mean": 3.60324692726,
        "median": 3.40241932869,
        "min": -1.26577734947,
        "var": 3.74371790886
    },
    "spectral_rms": {
        "dmean": 0.000667901942506,
        "dmean2": 0.000877537531778,
        "dvar": 5.37106188858e-07,
        "dvar2": 8.64300943704e-07,
        "max": 0.0109221385792,
        "mean": 0.00428731879219,
        "median": 0.00393509771675,
        "min": 3.24029345022e-12,
        "var": 3.24586630995e-06
    },
    "spectral_rolloff": {
        "dmean": 771.276794434,
        "dmean2": 1259.56689453,
        "dvar": 1293278.125,
        "dvar2": 2855718.75,
        "max": 18820.0195312,
        "mean": 2219.90356445,
        "median": 1916.45507812,
        "min": 64.599609375,
        "var": 3114804.75
    },
    "spectral_skewness": {
        "dmean": 0.155243009329,
        "dmean2": 0.247464701533,
        "dvar": 0.0211208034307,
        "dvar2": 0.0501446463168,
        "max": 3.67955970764,
        "mean": 1.38468408585,
        "median": 1.38426136971,
        "min": 0.00187520205509,
        "var": 0.102565102279
    },
    "spectral_spread": {
        "dmean": 592673,
        "dmean2": 803036.6875,
        "dvar": 534360588288,
        "dvar2": 841510748160,
        "max": 41042364,
        "mean": 4900702.5,
        "median": 4749049,
        "min": 2104733.25,
        "var": 2.31850901504e+12
    },
    "spectral_strongpeak": {
        "dmean": 0.466567367315,
        "dmean2": 0.76999771595,
        "dvar": 0.69047498703,
        "dvar2": 1.64344060421,
        "max": 18.6147174835,
        "mean": 0.847872197628,
        "median": 0.413283497095,
        "min": 4.60903981647e-09,
        "var": 1.35135340691
    },
    "zerocrossingrate": {
        "dmean": 0.0144175449386,
        "dmean2": 0.0168338343501,
        "dvar": 0.000241227768129,
        "dvar2": 0.000276094477158,
        "max": 0.50634765625,
        "mean": 0.0792777985334,
        "median": 0.0732421875,
        "min": 0.0048828125,
        "var": 0.00166986871045
    },
    "barkbands": {
        "dmean": [5.53357931494e-05, 0.00372325163335, 0.00293842842802, 0.000718603783753, 0.000803768343758, 0.000508938392159, 0.00039629265666, 0.000559555483051, 0.000759519054554, 0.000666753563564, 0.000375455594622, 0.000358125224011, 0.000263254391029, 0.000361112877727, 0.000258754735114, 0.000234474631725, 0.000222813614528, 0.000323216663674, 0.0003668165009, 0.000186787437997, 9.48577871895e-05, 0.000140101037687, 0.000116760893434, 0.000136742193718, 8.9903594926e-05, 6.69806977385e-05, 2.32990805671e-05],
        "dmean2": [9.37579825404e-05, 0.00440395856276, 0.00472939200699, 0.00125517719425, 0.00133475533221, 0.000835565791931, 0.000653974362649, 0.000883460859768, 0.00121073285118, 0.00106203276664, 0.000570334610529, 0.000555939215701, 0.000416613416746, 0.000589610775933, 0.000418226787588, 0.000392337999074, 0.000368832726963, 0.000521042151377, 0.000581428175792, 0.000317446829285, 0.000158103721333, 0.000244327238761, 0.000185508994036, 0.000216299464228, 0.000147096914588, 0.000108544241812, 3.88704320358e-05],
        "dvar": [1.00770698452e-08, 4.77588400827e-05, 4.83069052279e-05, 2.88181422547e-06, 2.5438071134e-06, 1.15513137189e-06, 1.95511347556e-06, 3.67488541997e-06, 5.63100820727e-06, 3.15916781801e-06, 8.11338338735e-07, 7.88551062669e-07, 3.24009079122e-07, 9.03620048121e-07, 2.84201121303e-07, 1.93662785364e-07, 1.20103123891e-07, 3.18180440217e-07, 5.47013939922e-07, 1.67504069282e-07, 3.64887995374e-08, 9.94891351525e-08, 8.75956587265e-08, 1.55313259143e-07, 3.37117072036e-08, 1.7527893803e-08, 2.67661803832e-09],
        "dvar2": [2.78146483623e-08, 6.71608795528e-05, 0.0001172391203, 8.10759865999e-06, 6.842717994e-06, 2.80108315565e-06, 4.49787376056e-06, 9.33220871957e-06, 1.3663037862e-05, 7.85796601122e-06, 1.6359580286e-06, 1.74161425548e-06, 7.40909626984e-07, 2.34946173805e-06, 6.9625298238e-07, 4.80755602439e-07, 3.00068705883e-07, 7.71547149725e-07, 1.2225905266e-06, 4.52328805522e-07, 9.45086142679e-08, 2.75034494734e-07, 1.96893097382e-07, 3.59191943744e-07, 8.30790511941e-08, 4.4009354383e-08, 6.94138568846e-09],
        "max": [0.000784481468145, 0.103515475988, 0.0523641481996, 0.026537982747, 0.0373016223311, 0.0348196364939, 0.0439945459366, 0.0517427623272, 0.0465378426015, 0.0367713607848, 0.0274569243193, 0.0192344561219, 0.0136206690222, 0.0306835658848, 0.00907083880156, 0.0105378543958, 0.00569015787914, 0.0131526840851, 0.0215136464685, 0.00626287795603, 0.00364869087934, 0.00383889349177, 0.00832404382527, 0.010673744604, 0.00426339823753, 0.000999819021672, 0.000448567967396],
        "mean": [6.17935220362e-05, 0.00565492594615, 0.00340313883498, 0.000889250834007, 0.00137071916834, 0.000840908032842, 0.000590558978729, 0.000883677275851, 0.00117741059512, 0.00116886477917, 0.000686178624164, 0.000642477010842, 0.000439821771579, 0.00059352448443, 0.000418889016146, 0.0003706246207, 0.000393947499106, 0.000584723893553, 0.000725160702132, 0.000302644417388, 0.000156650261488, 0.000188792764675, 0.000217142136535, 0.000222143382416, 0.000103420839878, 6.17203622824e-05, 1.84747132153e-05],
        "median": [9.32835337153e-06, 0.00112346140668, 0.00125152431428, 0.00043231973541, 0.000835230515804, 0.000471683917567, 0.000234018036281, 0.000320289487718, 0.000333511037752, 0.000362672522897, 0.000210316342418, 0.000184632779565, 0.000216447166167, 0.000228567922022, 0.000200721013243, 0.00017812490114, 0.000236096355366, 0.000304941495415, 0.00031049217796, 0.000147875631228, 8.6710548203e-05, 6.93590554874e-05, 9.71190747805e-05, 8.62208980834e-05, 3.25565160892e-05, 1.44031946547e-05, 3.23685071635e-06],
        "min": [9.33227775688e-25, 3.86290733355e-23, 3.18276976264e-24, 2.45473023043e-24, 3.79232226856e-23, 4.36377279276e-23, 4.48700927446e-23, 3.11368353337e-23, 1.01247747587e-22, 2.78608253675e-23, 3.65554325393e-23, 1.0704779375e-22, 5.06055469768e-23, 1.22820101984e-22, 2.52263909268e-22, 1.97820364661e-22, 2.30021035723e-22, 1.37689536824e-22, 3.93881809317e-22, 2.87049090605e-22, 4.91733378178e-22, 4.66581412807e-22, 4.66656739557e-22, 1.01482085976e-21, 1.19852523379e-21, 1.8679802144e-21, 2.33926939763e-21],
        "var": [1.3074160421e-08, 0.000114010901598, 4.47928214271e-05, 2.34596154769e-06, 3.24116126649e-06, 1.89184800092e-06, 2.49624849857e-06, 4.34333333033e-06, 8.35895480122e-06, 7.14329098628e-06, 2.68775352197e-06, 2.04414277505e-06, 5.97232883592e-07, 2.16424041355e-06, 4.87302429519e-07, 3.61922786851e-07, 2.39988452222e-07, 6.43557598323e-07, 1.45850572153e-06, 2.32671212075e-07, 4.65800091831e-08, 9.78576153443e-08, 1.64488781706e-07, 2.47315711022e-07, 3.8219170051e-08, 1.52163774914e-08, 2.09908312954e-09]
    },
    "erbbands": {
        "dmean": [0.0850885957479, 0.957005083561, 3.14274430275, 2.65756869316, 2.04872608185, 3.14370250702, 3.18339562416, 4.80774974823, 5.68005895615, 8.40630435944, 11.7446317673, 17.6403198242, 24.1928329468, 10.9037466049, 16.3093223572, 16.0799064636, 12.2176866531, 16.3821239471, 15.1788282394, 11.8487730026, 12.0648431778, 10.3128232956, 14.2752161026, 20.8901348114, 14.7079877853, 8.40189743042, 4.1836643219, 3.788418293, 4.54921388626, 4.2774477005, 3.60996675491, 3.40503907204, 1.99725067616, 1.20458471775, 0.531541109085, 0.259644120932, 0.137853041291, 0.0348456501961, 0.00394386332482, 7.94767547632e-05],
        "dmean2": [0.0977935269475, 1.11045455933, 4.79148292542, 4.37312412262, 3.40502285957, 5.27649307251, 5.24145936966, 8.03477668762, 9.29796600342, 13.3365383148, 18.5954284668, 27.5261325836, 38.7807235718, 17.0825252533, 24.791513443, 24.8495311737, 19.2769985199, 26.7751865387, 24.2881851196, 19.1545238495, 20.255563736, 16.8588085175, 23.1720695496, 32.4196968079, 24.5012626648, 14.1559867859, 6.98606443405, 6.3622751236, 7.94970369339, 7.21737384796, 5.79349088669, 5.37934398651, 3.19047403336, 1.97198104858, 0.868946433067, 0.418170273304, 0.222528204322, 0.0574668161571, 0.00659333961084, 0.000128310261061],
        "dvar": [0.0270516611636, 3.05070233345, 49.8217201233, 36.9176521301, 21.8798179626, 41.2528877258, 36.1992721558, 115.762329102, 493.0206604, 514.387939453, 1843.2199707, 3208.06469727, 4966.89746094, 562.188415527, 1574.76672363, 1659.86987305, 682.180908203, 2172.63769531, 1004.87268066, 721.501525879, 451.481750488, 262.833190918, 529.625793457, 1774.03967285, 1041.06311035, 319.997680664, 72.9521331787, 62.8702735901, 103.214622498, 79.4389419556, 88.7889480591, 113.932739258, 25.7485427856, 6.6055393219, 1.10939610004, 0.256027311087, 0.0720786303282, 0.00465335976332, 7.32079715817e-05, 2.41833859604e-08],
        "dvar2": [0.0372781865299, 4.48417329788, 113.958351135, 96.3313293457, 60.4735794067, 110.688232422, 94.5014572144, 284.570587158, 1168.50048828, 1204.96557617, 4713.23193359, 7475.81103516, 12874.2363281, 1227.46240234, 3147.62084961, 3788.77514648, 1527.12854004, 5756.38867188, 2359.82177734, 1799.39428711, 1139.25256348, 631.417724609, 1279.2010498, 3763.66137695, 2758.45703125, 852.627441406, 191.188201904, 165.282485962, 285.979797363, 205.776901245, 200.418869019, 265.175323486, 60.251159668, 16.1458282471, 2.75649285316, 0.645478129387, 0.178610101342, 0.0117183784023, 0.000189135913388, 6.04542407245e-08],
        "max": [1.78072762489, 26.4618492126, 56.4370155334, 80.0771102905, 163.801422119, 143.041488647, 136.698669434, 311.743286133, 739.815612793, 477.598693848, 1476.01696777, 1381.9050293, 1463.72277832, 773.363647461, 1290.67749023, 819.762207031, 650.479125977, 1527.3840332, 907.115600586, 1044.22473145, 548.17376709, 344.785797119, 472.148162842, 1251.88977051, 606.963562012, 322.749237061, 190.352325439, 147.287994385, 100.912582397, 197.826141357, 266.299041748, 313.469024658, 137.410140991, 58.8757514954, 23.3001384735, 5.34571552277, 1.99268865585, 0.456146717072, 0.0757312998176, 0.00234007625841],
        "mean": [0.116739660501, 1.44259631634, 4.0212726593, 3.52118802071, 3.48162865639, 4.73045063019, 5.15549659729, 7.37752342224, 8.83354663849, 13.3732213974, 19.4523696899, 28.3649368286, 43.0733604431, 20.5838851929, 30.3573226929, 31.118270874, 22.27876091, 29.2427577972, 24.9464912415, 21.7965068817, 20.5585708618, 19.8726654053, 28.3924102783, 45.0116157532, 26.5493450165, 14.3835763931, 7.59317302704, 5.88974428177, 6.25904941559, 6.48603057861, 6.44260263443, 5.72799491882, 3.04236936569, 1.45085144043, 0.585656225681, 0.256487607956, 0.123644270003, 0.0290071852505, 0.00316186458804, 9.30222813622e-05],
        "median": [0.012416055426, 0.305391967297, 1.56784248352, 1.76619887352, 1.99706029892, 2.63125419617, 3.0751490593, 3.75129795074, 3.77503728867, 5.17934608459, 7.43611240387, 9.09105873108, 11.0930843353, 9.25362586975, 11.4348669052, 10.07371521, 11.8359718323, 12.510471344, 11.9214630127, 11.0187225342, 11.6697273254, 12.1294975281, 17.2588882446, 18.9447822571, 11.9920606613, 7.27528953552, 4.52700519562, 2.80168652534, 2.30455446243, 2.86010694504, 2.72558164597, 2.22604656219, 1.14631414413, 0.45990511775, 0.185556784272, 0.0678216069937, 0.0262227244675, 0.00571051938459, 0.000576893915422, 4.55790286651e-05],
        "min": [6.55434814491e-22, 9.97948172605e-21, 9.21647304225e-21, 5.54757200031e-21, 4.56799862719e-20, 1.97572244405e-19, 1.13148833994e-19, 4.51074719517e-19, 7.36928383483e-19, 8.20083919885e-19, 6.37340955912e-19, 2.61528639616e-18, 1.2113668194e-18, 1.32047938682e-18, 1.75218587909e-18, 4.32817251076e-18, 2.84691165013e-18, 6.47032255668e-18, 9.64838769323e-18, 1.22045676919e-17, 1.31173044224e-17, 1.07798102982e-17, 1.00233891968e-17, 1.36310224603e-17, 1.76639340922e-17, 1.51328788774e-17, 2.30552342814e-17, 1.60460498777e-17, 1.995374539e-17, 1.21156102073e-17, 1.48225256747e-17, 2.25308894541e-17, 1.38856807652e-17, 1.15457348776e-17, 9.90961298504e-18, 5.78582480952e-18, 3.86436489667e-18, 1.36072337799e-18, 2.99744378746e-19, 3.64584281691e-20],
        "var": [0.0599373728037, 7.15335988998, 55.332069397, 34.0772743225, 27.4274463654, 48.2375602722, 50.2895355225, 177.657043457, 609.440429688, 769.660583496, 2272.73242188, 4811.18359375, 11004.5576172, 1262.97851562, 4712.62451172, 4295.95898438, 1342.03955078, 5327.54980469, 1726.60205078, 1341.24182129, 728.316650391, 575.027404785, 1159.23986816, 5623.54101562, 1746.75488281, 501.427032471, 104.461776733, 76.8448638916, 106.228118896, 105.417999268, 159.16468811, 178.8934021, 40.7090301514, 8.09683132172, 1.1865670681, 0.232931524515, 0.063092328608, 0.00388513295911, 5.8063542383e-05, 2.21503277942e-08]
    },
    "gfcc": {
        "mean": [13.039563179, 64.6627655029, -123.012145996, 29.7919464111, -55.6289176941, 15.1237783432, -35.3681564331, 13.4439897537, -23.4506931305, -4.45124340057, -12.5150098801, -2.32300686836, -17.9358253479],
        "cov": [[4739.3515625, -706.540893555, 867.23449707, 339.662689209, 440.342681885, 214.852386475, 99.1812286377, 86.9107055664, -79.0171356201, 109.253105164, -88.4645233154, 64.0413360596, -130.440429688], [-706.540893555, 1085.79345703, -111.297836304, 145.924880981, 137.575668335, -55.2737350464, 62.6434173584, 28.334230423, 98.8933181763, -26.103553772, 177.151184082, -74.0250473022, 43.8124008179], [867.23449707, -111.297836304, 1170.43896484, 401.065643311, 307.351959229, 198.736953735, 4.98916912079, 20.4993953705, 47.6275405884, 159.641296387, -30.2513065338, 94.7609939575, -54.5449752808], [339.662689209, 145.924880981, 401.065643311, 455.652038574, 134.844406128, 161.43913269, 41.8978691101, 37.2092666626, 78.8793487549, 71.7126693726, 58.7076721191, 42.7562942505, 17.6888122559], [440.342681885, 137.575668335, 307.351959229, 134.844406128, 317.541320801, 87.4919281006, 81.6247406006, 49.2175750732, 30.6568946838, 56.0850372314, 20.7145862579, 18.6186199188, -12.3832874298], [214.852386475, -55.2737350464, 198.736953735, 161.43913269, 87.4919281006, 236.322738647, 96.0467910767, 47.2849273682, 32.8091659546, 55.7624397278, 17.3887348175, 37.3244934082, 16.7235469818], [99.1812286377, 62.6434173584, 4.98916912079, 41.8978691101, 81.6247406006, 96.0467910767, 171.706481934, 79.6742858887, 34.7545051575, 32.5095672607, 33.8838500977, 9.50205802917, 5.69603586197], [86.9107055664, 28.334230423, 20.4993953705, 37.2092666626, 49.2175750732, 47.2849273682, 79.6742858887, 124.142654419, 66.5855026245, 32.5147132874, 27.3813037872, 13.4170942307, 10.1495676041], [-79.0171356201, 98.8933181763, 47.6275405884, 78.8793487549, 30.6568946838, 32.8091659546, 34.7545051575, 66.5855026245, 118.509925842, 47.1642150879, 32.4658660889, 14.7338275909, 23.3187904358], [109.253105164, -26.103553772, 159.641296387, 71.7126693726, 56.0850372314, 55.7624397278, 32.5095672607, 32.5147132874, 47.1642150879, 105.255409241, 22.2285938263, 36.9906616211, 6.96711683273], [-88.4645233154, 177.151184082, -30.2513065338, 58.7076721191, 20.7145862579, 17.3887348175, 33.8838500977, 27.3813037872, 32.4658660889, 22.2285938263, 121.16318512, 22.0364456177, 24.5035476685], [64.0413360596, -74.0250473022, 94.7609939575, 42.7562942505, 18.6186199188, 37.3244934082, 9.50205802917, 13.4170942307, 14.7338275909, 36.9906616211, 22.0364456177, 92.7906799316, 25.2180519104], [-130.440429688, 43.8124008179, -54.5449752808, 17.6888122559, -12.3832874298, 16.7235469818, 5.69603586197, 10.1495676041, 23.3187904358, 6.96711683273, 24.5035476685, 25.2180519104, 73.3202514648]],
        "icov": [[0.000336413504556, 0.000325716449879, -5.70642696403e-05, -0.000271948578302, -0.000459522067104, 0.000154069319251, -5.82293250773e-05, -0.000264736328973, 0.000349703943357, 6.6051754402e-05, -0.000165937599377, 0.000180392380571, 0.000231356112636], [0.000325716449879, 0.00230366014875, -8.33412650536e-06, -0.000778789515607, -0.00147521856707, 0.00123656517826, -0.000762742303777, 0.000872661708854, -0.00128520594444, 0.00128700956702, -0.00281848316081, 0.00230079400353, -0.000771101622377], [-5.70642696403e-05, -8.33412650536e-06, 0.0022917301394, -0.00132645794656, -0.00137156958226, -0.000604425207712, 0.00132372509688, 7.44092394598e-05, 0.000230979625485, -0.00189475424122, 0.00128225143999, -0.00142370839603, 0.00188916584011], [-0.000271948578302, -0.000778789515607, -0.00132645794656, 0.00487471278757, 0.000463005504571, -0.00246155913919, 0.000681233359501, 0.000714122666977, -0.00206415960565, 0.000660480698571, -0.00125466426834, -5.91254975006e-05, -0.000660035409965], [-0.000459522067104, -0.00147521856707, -0.00137156958226, 0.000463005504571, 0.00630461703986, -0.000433635927038, -0.00183118181303, -0.000753687869292, 0.00073360936949, -0.000814406841528, 0.000956889067311, -0.000495614833198, 3.69982080883e-05], [0.000154069319251, 0.00123656517826, -0.000604425207712, -0.00246155913919, -0.000433635927038, 0.00870709121227, -0.00465472275391, 0.000361557351425, 0.000461145304143, -0.000465186487418, -0.000274358782917, 0.000422573182732, -0.00222437642515], [-5.82293250773e-05, -0.000762742303777, 0.00132372509688, 0.000681233359501, -0.00183118181303, -0.00465472275391, 0.0122315520421, -0.00601733103395, 0.0016868711682, -0.00174887885805, -0.000422806217102, -0.000304519373458, 0.00168346834835], [-0.000264736328973, 0.000872661708854, 7.44092394598e-05, 0.000714122666977, -0.000753687869292, 0.000361557351425, -0.00601733103395, 0.0166967362165, -0.00896780565381, 0.00116052059457, -0.00164604745805, -1.38952907491e-06, 0.000129480104079], [0.000349703943357, -0.00128520594444, 0.000230979625485, -0.00206415960565, 0.00073360936949, 0.000461145304143, 0.0016868711682, -0.00896780565381, 0.0177847910672, -0.00618553441018, 0.0013741501607, 0.000210702826735, -0.00241122115403], [6.6051754402e-05, 0.00128700956702, -0.00189475424122, 0.000660480698571, -0.000814406841528, -0.000465186487418, -0.00174887885805, 0.00116052059457, -0.00618553441018, 0.0172527879477, -0.00329345767386, -0.0021061967127, -0.000123753037769], [-0.000165937599377, -0.00281848316081, 0.00128225143999, -0.00125466426834, 0.000956889067311, -0.000274358782917, -0.000422806217102, -0.00164604745805, 0.0013741501607, -0.00329345767386, 0.0147346081212, -0.00501799117774, -0.000192003164557], [0.000180392380571, 0.00230079400353, -0.00142370839603, -5.91254975006e-05, -0.000495614833198, 0.000422573182732, -0.000304519373458, -1.38952907491e-06, 0.000210702826735, -0.0021061967127, -0.00501799117774, 0.0177035909146, -0.00653393054381], [0.000231356112636, -0.000771101622377, 0.00188916584011, -0.000660035409965, 3.69982080883e-05, -0.00222437642515, 0.00168346834835, 0.000129480104079, -0.00241122115403, -0.000123753037769, -0.000192003164557, -0.00653393054381, 0.0195307955146]]
    },
    "melbands": {
        "dmean": [0.000917931785807, 0.00131898326799, 0.000427785824286, 0.000183178373845, 0.000118322932394, 0.00010569900769, 8.39027634356e-05, 9.84688595054e-05, 0.000103079153632, 0.000113222078653, 0.000121681187011, 4.71073544759e-05, 5.31971854798e-05, 4.55546141893e-05, 3.40555052389e-05, 2.35459883697e-05, 3.50348745997e-05, 2.72377837973e-05, 1.71170104295e-05, 1.84112741408e-05, 1.51886961248e-05, 1.18869302241e-05, 1.22188121168e-05, 1.62365868164e-05, 1.89091315406e-05, 1.21970260807e-05, 9.55831637839e-06, 5.07905406266e-06, 2.6907814572e-06, 2.46912668445e-06, 2.28690510085e-06, 2.75203615274e-06, 2.84904808723e-06, 2.09707673093e-06, 2.17355250243e-06, 2.34245044339e-06, 2.08440997085e-06, 1.56382395744e-06, 1.12058205559e-06, 1.0129912198e-06],
        "dmean2": [0.00110545079224, 0.00182800984476, 0.000690326734912, 0.000304417306324, 0.000195390617591, 0.000175641107489, 0.000136847578688, 0.000156656649779, 0.000163092583534, 0.000176898305654, 0.000195574510144, 7.40583054721e-05, 8.04305163911e-05, 6.95543858455e-05, 5.30973884452e-05, 3.78360637114e-05, 5.73544493818e-05, 4.35732945334e-05, 2.74888461718e-05, 3.03339329548e-05, 2.56616131082e-05, 1.94988388103e-05, 2.00973827305e-05, 2.63951023953e-05, 2.93465855066e-05, 1.98786910914e-05, 1.62833075592e-05, 8.54326299304e-06, 4.4941757551e-06, 4.13186717196e-06, 3.87062073059e-06, 4.85087866764e-06, 4.95417134516e-06, 3.48151252183e-06, 3.5492596453e-06, 3.76443040295e-06, 3.32296986016e-06, 2.53989037446e-06, 1.84244436241e-06, 1.67687016983e-06],
        "dvar": [3.1013721582e-06, 6.94165055393e-06, 8.81541666331e-07, 1.39114021636e-07, 5.23046210787e-08, 5.70199922834e-08, 9.88261064094e-08, 8.58076418808e-08, 1.36431694386e-07, 1.30738683879e-07, 1.25230656067e-07, 1.09780806667e-08, 1.73048118057e-08, 1.14371818682e-08, 4.81898965177e-09, 2.89392909636e-09, 1.03113899641e-08, 3.78698450376e-09, 1.52313084367e-09, 1.35980393612e-09, 7.14562464754e-10, 3.9019129594e-10, 4.23890089696e-10, 8.37383162811e-10, 1.61297086798e-09, 7.12198744424e-10, 5.05793240624e-10, 1.14309700594e-10, 3.03170995253e-11, 2.3718567041e-11, 2.35612623162e-11, 3.92834896557e-11, 3.97553309717e-11, 1.84152589011e-11, 2.96579497072e-11, 5.04023385528e-11, 4.24850085667e-11, 1.50829505136e-11, 7.81760940705e-12, 4.56701126569e-12],
        "dvar2": [4.11088876717e-06, 1.39638432302e-05, 2.24255609282e-06, 3.76545358449e-07, 1.37901679409e-07, 1.40763660283e-07, 2.29878708069e-07, 2.0664663225e-07, 3.4439054275e-07, 3.0637738746e-07, 3.24047817912e-07, 2.405733035e-08, 3.49079627426e-08, 2.49518841144e-08, 1.15191118866e-08, 6.75419276064e-09, 2.72842122229e-08, 8.65519833582e-09, 3.69098307473e-09, 3.31641980544e-09, 1.8365561294e-09, 9.1288965276e-10, 1.0539069617e-09, 2.00725969179e-09, 3.38502537112e-09, 1.79308368153e-09, 1.40644673685e-09, 2.98495089757e-10, 7.91965867886e-11, 6.19846812766e-11, 6.27708232614e-11, 1.10203395021e-10, 1.08984592184e-10, 4.50314403821e-11, 6.92075494135e-11, 1.17567414137e-10, 1.02280427183e-10, 3.64723702628e-11, 1.83123620434e-11, 1.14918777619e-11],
        "max": [0.0235683321953, 0.0244065634906, 0.0116269951686, 0.0101777985692, 0.00434331595898, 0.00752171222121, 0.010321973823, 0.00744124595076, 0.0130286682397, 0.00901483092457, 0.00721610477194, 0.0029199142009, 0.00377092091367, 0.00261859665625, 0.00128985894844, 0.00180561025627, 0.00351779651828, 0.00192588777281, 0.000897140183952, 0.00113194447476, 0.000614481978118, 0.000477526249597, 0.000571473967284, 0.000677242991515, 0.00120609009173, 0.000710108841304, 0.000355130527169, 0.000232127073104, 0.000145081154187, 9.60046891123e-05, 0.000101051555248, 6.01785322942e-05, 8.32302685012e-05, 0.000108300075226, 0.000152156717377, 0.000190047401702, 0.000184776217793, 9.7313306469e-05, 7.01197350281e-05, 4.47478414571e-05],
        "mean": [0.00134502456058, 0.00210379925556, 0.000616712030023, 0.000304349785438, 0.000190559498151, 0.000167679521837, 0.000130312764668, 0.00015545853239, 0.000167205740581, 0.000177171634277, 0.0002127289481, 7.99908739282e-05, 9.75706643658e-05, 8.24263988761e-05, 6.19389757048e-05, 3.97163821617e-05, 5.8815410739e-05, 4.14741480199e-05, 2.84270226985e-05, 3.00414412777e-05, 2.36047853832e-05, 2.06644181162e-05, 2.15633772314e-05, 2.9818060284e-05, 3.86280589737e-05, 2.16057487705e-05, 1.44266141433e-05, 8.33280410006e-06, 4.78139918414e-06, 3.91800176658e-06, 3.23124663737e-06, 3.59901946467e-06, 3.67197731066e-06, 3.37204437528e-06, 3.66806648344e-06, 3.83656470149e-06, 3.36058565154e-06, 2.32685329138e-06, 1.45989451994e-06, 1.12271550279e-06],
        "median": [0.000217981956666, 0.000786319433246, 0.000342147919582, 0.000175393885002, 0.000116814524517, 8.73034223332e-05, 5.39053580724e-05, 5.8742283727e-05, 6.05605746387e-05, 5.22368718521e-05, 5.23855051142e-05, 3.38696991093e-05, 3.04731875076e-05, 2.82017063e-05, 2.66523893515e-05, 2.11323640542e-05, 2.20746987907e-05, 1.89608617802e-05, 1.36861081046e-05, 1.39596422741e-05, 1.30217540573e-05, 1.1997852198e-05, 1.25643509818e-05, 1.57962604135e-05, 1.49626957864e-05, 9.60956640483e-06, 6.07859146839e-06, 4.1675839384e-06, 2.72206398222e-06, 2.12965142055e-06, 1.37043139148e-06, 1.23749077829e-06, 1.37276958867e-06, 1.58158184149e-06, 1.55403552071e-06, 1.48694664404e-06, 1.28795363707e-06, 8.95752805263e-07, 4.47738898401e-07, 3.45007237001e-07],
        "min": [9.06190948668e-24, 8.42321141021e-24, 1.9429934002e-24, 8.12390259441e-24, 5.46109235365e-24, 9.73534899741e-24, 1.1008505023e-23, 8.85369990594e-24, 6.20392559163e-24, 1.65675478686e-23, 5.28936561762e-24, 4.88093288394e-24, 4.63597303464e-24, 1.00357125202e-23, 9.1850341079e-24, 6.94701599827e-24, 1.20306731186e-23, 1.35070941448e-23, 1.81436919573e-23, 1.49329507647e-23, 1.6095141671e-23, 1.07641025039e-23, 1.12350745524e-23, 6.62660751984e-24, 1.14474130312e-23, 1.52562448963e-23, 7.82950286003e-24, 1.07049174256e-23, 1.38903527493e-23, 1.22276792968e-23, 8.32448625678e-24, 1.18282853314e-23, 7.46337279239e-24, 6.76337075725e-24, 8.19661979265e-24, 1.01941560219e-23, 1.48837542432e-23, 1.0276090271e-23, 6.84548328888e-24, 1.13214201117e-23],
        "var": [7.16970907888e-06, 1.17270901683e-05, 8.80674804193e-07, 1.79952635904e-07, 6.60915304707e-08, 8.96036382869e-08, 1.26560351532e-07, 1.15548516533e-07, 1.76162131993e-07, 1.95121373281e-07, 2.75899367352e-07, 2.1856349619e-08, 5.58011912233e-08, 2.89019759236e-08, 1.09353841538e-08, 4.63622606972e-09, 2.61082373498e-08, 5.99793636979e-09, 2.61792432177e-09, 2.78813505616e-09, 1.0224487923e-09, 7.77581499189e-10, 8.37020008859e-10, 1.67496316816e-09, 4.92753837733e-09, 1.338233524e-09, 6.2154453806e-10, 1.87924009687e-10, 4.97813006095e-11, 2.9534874546e-11, 2.69277239395e-11, 3.88050980238e-11, 3.81749319656e-11, 2.94829542724e-11, 5.04783298494e-11, 8.09419198333e-11, 6.14174267e-11, 2.27698988137e-11, 1.11567925037e-11, 4.85254371407e-12]
    },
    "mfcc": {
        "mean": [-627.34588623, 97.5709228516, -7.32418251038, 16.5757522583, 5.16744422913, -0.0502470768988, 2.55547952652, 11.3474302292, -6.62779760361, 6.80735206604, 0.164732322097, -0.937496781349, -4.72862625122],
        "cov": [[3810.15942383, -532.410583496, 294.181671143, 233.460784912, 285.02822876, 188.013442993, 234.170593262, 94.3197250366, 70.9674530029, 97.4971389771, 3.21918535233, -12.400147438, 71.049911499], [-532.410583496, 811.003662109, -121.323097229, 124.20488739, 85.5938415527, -53.7361984253, 43.1243515015, 7.51139307022, -39.4907875061, 53.8265419006, 34.6138725281, 52.8455314636, 24.9952354431], [294.181671143, -121.323097229, 767.119445801, 276.761138916, 273.779815674, 234.651290894, 53.8768959045, 21.8153953552, 72.7651672363, 0.667873740196, 42.1965103149, 117.986946106, 70.2531890869], [233.460784912, 124.20488739, 276.761138916, 320.983947754, 195.113555908, 112.399932861, 51.9261512756, 31.7264881134, 34.5360488892, 37.4796485901, 34.7933311462, 82.0033416748, 59.7533760071], [285.02822876, 85.5938415527, 273.779815674, 195.113555908, 284.330078125, 126.534545898, 61.1889076233, 25.0607891083, 47.1893844604, 24.2074356079, 15.9063463211, 77.6870956421, 54.4360923767], [188.013442993, -53.7361984253, 234.651290894, 112.399932861, 126.534545898, 220.070556641, 91.4171295166, 38.0396385193, 62.2310447693, 10.293094635, 27.487985611, 62.9010047913, 39.9589729309], [234.170593262, 43.1243515015, 53.8768959045, 51.9261512756, 61.1889076233, 91.4171295166, 165.952789307, 60.5735015869, 24.1268787384, 45.6531639099, 33.4256629944, 20.3220405579, 21.5538692474], [94.3197250366, 7.51139307022, 21.8153953552, 31.7264881134, 25.0607891083, 38.0396385193, 60.5735015869, 117.334541321, 38.11195755, 44.6714782715, 30.5696125031, 14.3233346939, 18.8746299744], [70.9674530029, -39.4907875061, 72.7651672363, 34.5360488892, 47.1893844604, 62.2310447693, 24.1268787384, 38.11195755, 123.265785217, 35.7560157776, 23.1791763306, 28.8190059662, 27.7826156616], [97.4971389771, 53.8265419006, 0.667873740196, 37.4796485901, 24.2074356079, 10.293094635, 45.6531639099, 44.6714782715, 35.7560157776, 121.716163635, 43.014629364, 1.76204395294, 9.03993606567], [3.21918535233, 34.6138725281, 42.1965103149, 34.7933311462, 15.9063463211, 27.487985611, 33.4256629944, 30.5696125031, 23.1791763306, 43.014629364, 89.1176071167, 31.131187439, 18.7306289673], [-12.400147438, 52.8455314636, 117.986946106, 82.0033416748, 77.6870956421, 62.9010047913, 20.3220405579, 14.3233346939, 28.8190059662, 1.76204395294, 31.131187439, 113.785827637, 58.3656349182], [71.049911499, 24.9952354431, 70.2531890869, 59.7533760071, 54.4360923767, 39.9589729309, 21.5538692474, 18.8746299744, 27.7826156616, 9.03993606567, 18.7306289673, 58.3656349182, 82.5723495483]],
