{
"lowlevel": {
    "average_loudness": 0.931116402149,
    "barkbands_crest": {
        "dmean": 2.20197701454,
        "dmean2": 3.55113053322,
        "dvar": 4.17220211029,
        "dvar2": 10.8639478683,
        "max": 23.8652515411,
        "mean": 10.1693878174,
        "median": 9.56519508362,
        "min": 2.37556314468,
        "var": 12.2077589035
    },
    "barkbands_flatness_db": {
        "dmean": 0.0185171868652,
        "dmean2": 0.0281889718026,
        "dvar": 0.000326878362102,
        "dvar2": 0.000739119015634,
        "max": 0.365033268929,
        "mean": 0.161229640245,
        "median": 0.158963337541,
        "min": 0.027658931911,
        "var": 0.00198168191127
    },
    "barkbands_kurtosis": {
        "dmean": 2.18408560753,
        "dmean2": 3.48945689201,
        "dvar": 14.7164535522,
        "dvar2": 36.5648612976,
        "max": 87.6741409302,
        "mean": 4.09580945969,
        "median": 2.21830701828,
        "min": -1.85509586334,
        "var": 47.2430534363
    },
    "barkbands_skewness": {
        "dmean": 0.414766520262,
        "dmean2": 0.653220355511,
        "dvar": 0.194862827659,
        "dvar2": 0.472322672606,
        "max": 7.86216211319,
        "mean": 1.48968267441,
        "median": 1.40617477894,
        "min": -2.02590227127,
        "var": 1.10145938396
    },
    "barkbands_spread": {
        "dmean": 3.39181375504,
        "dmean2": 5.29111003876,
        "dvar": 17.5434112549,
        "dvar2": 39.1554336548,
        "max": 103.414123535,
        "mean": 17.9846725464,
        "median": 14.1439628601,
        "min": 1.01765620708,
        "var": 138.965606689
    },
    "dissonance": {
        "dmean": 0.0210650097579,
        "dmean2": 0.0358338803053,
        "dvar": 0.000368029752281,
        "dvar2": 0.00104126671795,
        "max": 0.500000059605,
        "mean": 0.455330610275,
        "median": 0.461824685335,
        "min": 0.291616678238,
        "var": 0.000994433648884
    },
    "dynamic_complexity": 2.03418970108,
    "erbbands_crest": {
        "dmean": 2.55858230591,
        "dmean2": 4.06088733673,
        "dvar": 5.46054840088,
        "dvar2": 13.1236457825,
        "max": 30.9032306671,
        "mean": 11.1959409714,
        "median": 10.2521162033,
        "min": 2.0567882061,
        "var": 24.6359710693
    },
    "erbbands_flatness_db": {
        "dmean": 0.0149175133556,
        "dmean2": 0.0219329167157,
        "dvar": 0.000190275575733,
        "dvar2": 0.000378052412998,
        "max": 0.325851976871,
        "mean": 0.189669445157,
        "median": 0.192882850766,
        "min": 0.0505776889622,
        "var": 0.00231457850896
    },
    "erbbands_kurtosis": {
        "dmean": 0.957320451736,
        "dmean2": 1.51460146904,
        "dvar": 1.85948550701,
        "dvar2": 4.38788938522,
        "max": 62.3748779297,
        "mean": 1.04499161243,
        "median": 0.433450460434,
        "min": -1.73546540737,
        "var": 6.09239196777
    },
    "erbbands_skewness": {
        "dmean": 0.31060642004,
        "dmean2": 0.487309366465,
        "dvar": 0.0862033888698,
        "dvar2": 0.212100282311,
        "max": 6.99878501892,
        "mean": 0.547726631165,
        "median": 0.552978098392,
        "min": -2.65712356567,
        "var": 0.743321537971
    },
    "erbbands_spread": {
        "dmean": 5.12367248535,
        "dmean2": 7.83150005341,
        "dvar": 30.5767593384,
        "dvar2": 66.2065811157,
        "max": 127.093605042,
        "mean": 28.5598392487,
        "median": 25.2602539062,
        "min": 4.06050205231,
        "var": 198.168106079
    },
    "hfc": {
        "dmean": 4.33587503433,
        "dmean2": 6.54962778091,
        "dvar": 28.7263088226,
        "dvar2": 60.110622406,
        "max": 106.344642639,
        "mean": 19.7988777161,
        "median": 15.7480573654,
        "min": 1.15288476546e-16,
        "var": 209.438598633
    },
    "melbands_crest": {
        "dmean": 2.70880031586,
        "dmean2": 4.40856218338,
        "dvar": 6.3315372467,
        "dvar2": 16.6632938385,
        "max": 33.0606651306,
        "mean": 14.0456113815,
        "median": 13.3846502304,
        "min": 2.89340400696,
        "var": 20.6248817444
    },
    "melbands_flatness_db": {
        "dmean": 0.0208878554404,
        "dmean2": 0.0320999249816,
        "dvar": 0.000457476970041,
        "dvar2": 0.00106241053436,
        "max": 0.487793952227,
        "mean": 0.227237552404,
        "median": 0.223343282938,
        "min": 0.00545842526481,
        "var": 0.00344941182993
    },
    "melbands_kurtosis": {
        "dmean": 4.35789060593,
        "dmean2": 6.92093801498,
        "dvar": 57.9057693481,
        "dvar2": 138.244125366,
        "max": 171.267654419,
        "mean": 9.85109233856,
        "median": 6.03863048553,
        "min": -1.48189258575,
        "var": 179.219482422
    },
    "melbands_skewness": {
        "dmean": 0.526931107044,
        "dmean2": 0.825412511826,
        "dvar": 0.320662170649,
        "dvar2": 0.751866340637,
        "max": 10.2940893173,
        "mean": 2.20895791054,
        "median": 2.00598311424,
        "min": -0.679210424423,
        "var": 1.7159204483
    },
    "melbands_spread": {
        "dmean": 4.46748352051,
        "dmean2": 7.05006361008,
        "dvar": 30.3045578003,
        "dvar2": 70.4588546753,
        "max": 165.763046265,
        "mean": 20.1662406921,
        "median": 15.6238451004,
        "min": 0.987288653851,
        "var": 210.635635376
    },
    "pitch_salience": {
        "dmean": 0.0588804595172,
        "dmean2": 0.0952794030309,
        "dvar": 0.00306322076358,
        "dvar2": 0.00787780433893,
        "max": 0.858487069607,
        "mean": 0.523447871208,
        "median": 0.509948849678,
        "min": 0.150790378451,
        "var": 0.0147579433396
    },
    "silence_rate_20dB": {
        "dmean": 0,
        "dmean2": 0,
        "dvar": 0,
        "dvar2": 0,
        "max": 1,
        "mean": 1,
        "median": 1,
        "min": 1,
        "var": 0
    },
    "silence_rate_30dB": {
        "dmean": 0,
        "dmean2": 0,
        "dvar": 0,
        "dvar2": 0,
        "max": 1,
        "mean": 1,
        "median": 1,
        "min": 1,
        "var": 0
    },
    "silence_rate_60dB": {
        "dmean": 0.00212564948015,
        "dmean2": 0.00413369573653,
        "dvar": 0.00212118285708,
        "dvar2": 0.00506109697744,
        "max": 1,
        "mean": 0.00637619569898,
        "median": 0,
        "min": 0,
        "var": 0.00633498001844
    },
    "spectral_centroid": {
        "dmean": 167.198471069,
        "dmean2": 260.141693115,
        "dvar": 48349.9960938,
        "dvar2": 100128.398438,
        "max": 11405.4882812,
        "mean": 1251.31689453,
        "median": 1094.6998291,
        "min": 216.012481689,
        "var": 436582.21875
    },
    "spectral_complexity": {
        "dmean": 2.81837511063,
        "dmean2": 4.55970239639,
        "dvar": 8.56006908417,
        "dvar2": 19.9860877991,
        "max": 49,
        "mean": 17.2817325592,
        "median": 17,
        "min": 0,
        "var": 30.4244289398
    },
    "spectral_decrease": {
        "dmean": 1.65334235191e-09,
        "dmean2": 2.59446242268e-09,
        "dvar": 3.18331049562e-18,
        "dvar2": 7.87075422298e-18,
        "max": -1.90208557751e-29,
        "mean": -7.39694883123e-09,
        "median": -7.26324955735e-09,
        "min": -2.79454752672e-08,
        "var": 1.44468963411e-17
    },
    "spectral_energy": {
        "dmean": 0.00650885468349,
        "dmean2": 0.0101786982268,
        "dvar": 4.77518442494e-05,
        "dvar2": 0.000117244329886,
        "max": 0.107070297003,
        "mean": 0.0297135766596,
        "median": 0.0292226206511,
        "min": 1.05287983152e-20,
        "var": 0.000226405900321
    },
    "spectral_energyband_high": {
        "dmean": 0.000162044801982,
        "dmean2": 0.000244480703259,
        "dvar": 1.24792535416e-07,
        "dvar2": 2.71466149115e-07,
        "max": 0.00773112289608,
        "mean": 0.000354011892341,
        "median": 0.000167426129337,
        "min": 7.66785199506e-21,
        "var": 2.9330286111e-07
    },
    "spectral_energyband_low": {
        "dmean": 0.00378269585781,
        "dmean2": 0.00607966678217,
        "dvar": 3.82401558454e-05,
        "dvar2": 0.000100316035969,
        "max": 0.0983924344182,
        "mean": 0.010982491076,
        "median": 0.00826194975525,
        "min": 1.24973010679e-22,
        "var": 0.000122354715131
    },
    "spectral_energyband_middle_high": {
        "dmean": 0.00204769778065,
        "dmean2": 0.00316047854722,
        "dvar": 7.52254254621e-06,
        "dvar2": 1.60514664458e-05,
        "max": 0.0558650493622,
        "mean": 0.00741981668398,
        "median": 0.0043058283627,
        "min": 1.49439699524e-21,
        "var": 5.51331577299e-05
    },
    "spectral_energyband_middle_low": {
        "dmean": 0.00335240107961,
        "dmean2": 0.00521327601746,
        "dvar": 1.75113673322e-05,
        "dvar2": 4.085170076e-05,
        "max": 0.0809239372611,
        "mean": 0.0119264507666,
        "median": 0.00871488172561,
        "min": 2.67411048391e-22,
        "var": 9.43623672356e-05
    },
    "spectral_entropy": {
        "dmean": 0.142345070839,
        "dmean2": 0.208890870214,
        "dvar": 0.0197278112173,
        "dvar2": 0.0410565026104,
        "max": 9.80366325378,
        "mean": 7.26165914536,
        "median": 7.2493481636,
        "min": 5.44952249527,
        "var": 0.188174009323
    },
    "spectral_flux": {
        "dmean": 0.0193521063775,
        "dmean2": 0.0309971515089,
        "dvar": 0.00037007406354,
        "dvar2": 0.000884480075911,
        "max": 0.269068926573,
        "mean": 0.0730043575168,
        "median": 0.0668940469623,
        "min": 6.99921509639e-11,
        "var": 0.00104848807678
    },
    "spectral_kurtosis": {
        "dmean": 2.14400148392,
        "dmean2": 3.7003364563,
        "dvar": 7.62820148468,
        "dvar2": 22.088596344,
        "max": 52.3956985474,
        "mean": 7.07930755615,
        "median": 5.7149066925,
        "min": -1.18777608871,
        "var": 24.5714435577
    },
    "spectral_rms": {
        "dmean": 0.000587124086451,
        "dmean2": 0.000913850672077,
        "dvar": 3.09925496822e-07,
        "dvar2": 7.47784611121e-07,
        "max": 0.0102205099538,
        "mean": 0.00518631283194,
        "median": 0.00533946370706,
        "min": 3.20499594746e-12,
        "var": 2.091014494e-06
    },
    "spectral_rolloff": {
        "dmean": 268.270904541,
        "dmean2": 455.129486084,
        "dvar": 254178.125,
        "dvar2": 589307,
        "max": 18776.953125,
        "mean": 1176.06689453,
        "median": 904.39453125,
        "min": 64.599609375,
        "var": 890161.9375
    },
    "spectral_skewness": {
        "dmean": 0.230638563633,
        "dmean2": 0.385150045156,
        "dvar": 0.0541471354663,
        "dvar2": 0.150800198317,
        "max": 5.38519239426,
        "mean": 1.89887690544,
        "median": 1.7763273716,
        "min": -0.0613767392933,
        "var": 0.306039005518
    },
    "spectral_spread": {
        "dmean": 365272.09375,
        "dmean2": 539397.625,
        "dvar": 414972313600,
        "dvar2": 895416598528,
        "max": 49820612,
        "mean": 3799116.5,
        "median": 3623633,
        "min": 1254451.375,
        "var": 2.02922249421e+12
    },
    "spectral_strongpeak": {
        "dmean": 0.624972462654,
        "dmean2": 1.08365011215,
        "dvar": 1.4101061821,
        "dvar2": 3.70125937462,
        "max": 16.2574901581,
        "mean": 1.33411478996,
        "median": 0.702609539032,
        "min": 0,
        "var": 2.4667339325
    },
    "zerocrossingrate": {
        "dmean": 0.00617593899369,
        "dmean2": 0.00776896020398,
        "dvar": 6.71502857585e-05,
        "dvar2": 8.91245872481e-05,
        "max": 0.6728515625,
        "mean": 0.0476085469127,
        "median": 0.04345703125,
        "min": 0.00634765625,
        "var": 0.000648051791359
    },
    "barkbands": {
        "dmean": [0.000249897013418, 0.00298760132864, 0.00133933196776, 0.00060362869408, 0.000954669900239, 0.00141747912858, 0.000858010840602, 0.000569061900023, 0.000530467368662, 0.000903435691725, 0.000635602977127, 0.000346725457348, 0.000335299875587, 0.000253778154729, 0.000251648511039, 0.000223150913371, 0.000244632887188, 0.000176411107532, 0.000230754623772, 0.000156780006364, 3.06513647956e-05, 2.40536610363e-05, 1.72385898622e-05, 1.93465693883e-05, 2.35563093156e-05, 1.27663015519e-05, 5.00279156768e-07],
        "dmean2": [0.0004259342968, 0.00483694020659, 0.00226529804058, 0.000991420238279, 0.00149170029908, 0.00217090267688, 0.00124213565141, 0.00088923383737, 0.000859305204358, 0.00144146860112, 0.000987282488495, 0.000542205118109, 0.00053904845845, 0.000410423963331, 0.000402426259825, 0.000352712842869, 0.000387798150769, 0.000279577507172, 0.000350590446033, 0.000239908025833, 4.94830601383e-05, 3.91011817555e-05, 2.64218761004e-05, 2.90161024168e-05, 3.55452175427e-05, 1.92156967387e-05, 7.86033865552e-07],
        "dvar": [2.14562476231e-07, 2.51751553151e-05, 8.82125823409e-06, 1.32321122237e-06, 4.51040932603e-06, 6.55481699141e-06, 2.52519339483e-06, 2.2982601422e-06, 1.34592335144e-06, 2.67399514087e-06, 1.90841478798e-06, 6.67358335704e-07, 9.76286742116e-07, 4.66800969434e-07, 4.47641639312e-07, 4.47104156365e-07, 4.9633058552e-07, 1.47304888287e-07, 3.04860435563e-07, 1.30889802108e-07, 6.94538915269e-09, 4.10549416685e-09, 2.0570694037e-09, 3.58247587151e-09, 6.7437118112e-09, 2.79106648904e-09, 2.9169104198e-12],
        "dvar2": [6.10433914972e-07, 6.66171763442e-05, 2.48728429142e-05, 3.55327665602e-06, 1.00245943031e-05, 1.56161604536e-05, 4.92636218041e-06, 5.69268786421e-06, 3.18410184263e-06, 6.55801841276e-06, 4.13730549553e-06, 1.38862537824e-06, 2.2575895855e-06, 1.13384021461e-06, 1.04422326785e-06, 9.55119844548e-07, 1.16704268294e-06, 3.31436666556e-07, 6.44068109068e-07, 2.9517633493e-07, 1.79400263534e-08, 1.01502566352e-08, 4.71081262887e-09, 7.96647636747e-09, 1.68701284053e-08, 7.39512540093e-09, 6.52572136953e-12],
        "max": [0.00611448846757, 0.0705050677061, 0.0521291941404, 0.0210972931236, 0.0579325258732, 0.0433679297566, 0.0382741987705, 0.0523819774389, 0.028951426968, 0.0295050889254, 0.0310772117227, 0.0207217670977, 0.0283014178276, 0.0162702389061, 0.0177431944758, 0.020126581192, 0.0183394216001, 0.0113442996517, 0.0164237897843, 0.0125140864402, 0.00158648274373, 0.0018620690098, 0.00165677862242, 0.00209059054032, 0.00308023020625, 0.00205475417897, 4.64173463115e-05],
        "mean": [0.000426671147579, 0.00700971204787, 0.00288631720468, 0.00104786781594, 0.00235797814094, 0.00369194173254, 0.00215888768435, 0.00114614586346, 0.000945484498516, 0.00189145898912, 0.0014628705103, 0.000701035838574, 0.000656410004012, 0.000434227578808, 0.000438007700723, 0.000388658110751, 0.00056634133216, 0.00035768726957, 0.000527172232978, 0.000376503856387, 5.54346552235e-05, 4.25747348345e-05, 3.64016959793e-05, 4.35747278971e-05, 4.93837542308e-05, 1.43666975418e-05, 4.88029911594e-07],
        "median": [5.15705105499e-05, 0.00427080830559, 0.00138260680251, 0.000532388861757, 0.000992372981273, 0.00167336803861, 0.000953269831371, 0.000405816594139, 0.000306895090034, 0.0006617953768, 0.000304468674585, 0.000225856856559, 0.000155627625645, 0.000142253134982, 0.000174522749148, 0.00011819217616, 0.00013188624871, 0.000130164145958, 0.0001310268417, 8.22420406621e-05, 2.93256343866e-05, 1.79598791874e-05, 1.55471316248e-05, 1.63381428138e-05, 1.61157895491e-05, 2.23178881242e-06, 3.48034596698e-08],
        "min": [4.89879979458e-24, 4.0498496976e-23, 4.59485444881e-24, 3.80187568967e-24, 6.36117617784e-23, 1.8421659719e-23, 3.24635258269e-23, 3.0625688177e-23, 4.26159826614e-23, 9.14072442195e-23, 3.88838754079e-23, 7.72296467042e-23, 3.42415299549e-23, 8.96664680153e-23, 1.10124553229e-22, 1.55684880333e-22, 1.83767937283e-22, 2.0703245512e-22, 1.79672209329e-22, 4.18793178423e-22, 4.46959501221e-22, 5.16670773384e-22, 4.29923942687e-22, 8.22910514784e-22, 9.79193124491e-22, 1.69843524991e-21, 2.25187643305e-21],
        "var": [5.84267581871e-07, 6.42152663204e-05, 1.55554589583e-05, 2.51118376582e-06, 1.8977041691e-05, 2.74041012744e-05, 1.02509720818e-05, 7.68771042203e-06, 4.38460256191e-06, 1.01457189885e-05, 1.06986672108e-05, 2.97878227684e-06, 3.85726843888e-06, 1.13123383017e-06, 8.89711657237e-07, 1.02142303149e-06, 2.07962148124e-06, 4.04191894177e-07, 1.07988455511e-06, 5.70387726384e-07, 8.39752267723e-09, 6.41592468043e-09, 5.1038600013e-09, 1.02092787557e-08, 1.27172192776e-08, 2.42092190739e-09, 3.00869116947e-12]
    },
    "erbbands": {
        "dmean": [0.0939980074763, 0.678626298904, 1.47856616974, 1.7752853632, 1.72337138653, 3.06991052628, 8.66119194031, 11.1359014511, 15.4617538452, 9.30798721313, 13.5598325729, 11.4010725021, 21.182434082, 27.7632656097, 22.3881072998, 16.70545578, 15.392621994, 13.3593044281, 11.4151926041, 11.9699487686, 12.0963687897, 10.440659523, 6.719789505, 11.0730323792, 10.0645208359, 8.45382499695, 1.52958297729, 1.24817371368, 0.895039916039, 0.610829174519, 0.48577311635, 0.400652557611, 0.338753461838, 0.332917809486, 0.145963653922, 0.0612411312759, 0.0233197547495, 0.00307856267318, 7.19104209566e-05, 8.89333841769e-06],
        "dmean2": [0.152978092432, 1.10281145573, 2.46512198448, 2.90740203857, 2.83335542679, 4.87399291992, 12.6365528107, 17.5755882263, 22.9805774689, 14.1535148621, 20.9481658936, 18.696308136, 33.5668373108, 43.5988731384, 34.222240448, 25.7287216187, 24.1697216034, 21.6212329865, 18.1634750366, 19.0553531647, 19.0078125, 16.0834636688, 10.6222028732, 17.036157608, 15.5423812866, 12.9110174179, 2.41510391235, 2.08597874641, 1.45593464375, 0.959739565849, 0.739684462547, 0.601928412914, 0.519091784954, 0.503039002419, 0.221484735608, 0.0923677757382, 0.0361302047968, 0.00464132241905, 0.000108369771624, 1.35554801091e-05],
        "dvar": [0.0288861244917, 1.33856129646, 9.15413188934, 12.5387277603, 10.8805055618, 65.4050064087, 453.181610107, 505.732574463, 964.44909668, 332.855957031, 1488.19250488, 673.767822266, 1584.79797363, 3284.35546875, 2425.8059082, 1418.81848145, 1833.65332031, 1393.59960938, 722.487487793, 1601.93115234, 1205.61950684, 749.412902832, 176.477813721, 973.436340332, 474.553405762, 460.420257568, 9.77721118927, 18.6064567566, 6.03688430786, 2.61765503883, 1.80562603474, 1.6230288744, 1.23270726204, 1.12078714371, 0.507421314716, 0.0389507077634, 0.0200410094112, 0.000114942748041, 6.3211757606e-08, 1.3802055332e-10],
        "dvar2": [0.0734513625503, 3.64013981819, 25.4192638397, 33.6402397156, 29.6541557312, 149.957962036, 908.91583252, 1279.17297363, 1999.33984375, 752.067565918, 3670.61938477, 1693.08056641, 3653.35058594, 7769.34912109, 5094.26806641, 2865.2097168, 4254.74560547, 3452.59545898, 1503.74804688, 3744.76904297, 2723.80273438, 1579.75195312, 392.586029053, 1989.36193848, 1092.62451172, 1045.14025879, 22.4068641663, 51.7410545349, 14.8015785217, 6.2698841095, 4.14682102203, 3.6618077755, 2.82490062714, 2.55927538872, 1.40451228619, 0.098206743598, 0.0566373020411, 0.000260982109467, 1.45126477946e-07, 3.38078426365e-10],
        "max": [2.06965637207, 17.8100318909, 50.6745185852, 57.1230430603, 89.006401062, 318.385437012, 696.754760742, 409.162231445, 623.42364502, 483.224365234, 1457.13476562, 726.016662598, 875.368530273, 1338.29223633, 1401.9621582, 1057.01831055, 1208.93286133, 901.957336426, 795.700500488, 1267.70007324, 738.430358887, 944.846618652, 630.239807129, 1044.25744629, 572.818664551, 852.436218262, 50.9417228699, 95.0586013794, 74.3174667358, 48.7858276367, 62.8141670227, 48.4277839661, 35.3441314697, 40.9661865234, 38.9331588745, 6.01440095901, 7.23306274414, 0.309381514788, 0.00606136815622, 0.000324937544065],
        "mean": [0.19644600153, 1.56029641628, 3.71673822403, 3.4893386364, 3.45025014877, 7.47479867935, 23.0008811951, 27.2489280701, 40.1060791016, 21.879201889, 28.7091884613, 22.4136714935, 43.498210907, 62.1763801575, 54.9936523438, 35.8185768127, 33.297580719, 24.9087104797, 21.3250484467, 22.1427326202, 25.8500919342, 27.1113185883, 17.0989208221, 25.9812641144, 26.8537578583, 21.9445343018, 3.54400992393, 2.02382564545, 1.56792509556, 1.22952973843, 1.01090717316, 0.845592558384, 0.765103518963, 0.729334771633, 0.256514579058, 0.0765532329679, 0.0245761349797, 0.00332800322212, 9.34602940106e-05, 3.78710174118e-05],
        "median": [0.0782267451286, 1.01622402668, 2.16707420349, 2.12128138542, 1.93078970909, 2.79162168503, 7.42352485657, 11.0874671936, 15.0788326263, 11.072470665, 9.33275604248, 8.16017055511, 18.1171665192, 22.2080383301, 15.8967609406, 13.8753728867, 9.43211269379, 9.10654067993, 9.06735801697, 8.80574226379, 7.40107870102, 7.11948823929, 7.19508695602, 6.81253242493, 6.52579259872, 4.42980623245, 1.82697761059, 0.952574849129, 0.668302357197, 0.486147403717, 0.438550800085, 0.323653697968, 0.260604262352, 0.209576323628, 0.0874360129237, 0.0177663527429, 0.00312171666883, 0.000381658028346, 2.87802195089e-05, 3.65048945241e-05],
        "min": [5.05722898632e-22, 1.20904313012e-20, 1.91472843981e-20, 2.94856833462e-20, 1.29050760885e-19, 1.52430490986e-19, 1.59810738583e-19, 2.2889297301e-19, 3.90047944712e-19, 6.7531997146e-19, 6.3612422493e-19, 1.01136592102e-18, 2.14137166896e-18, 2.35388512168e-18, 1.94546428064e-18, 2.7646530877e-18, 1.83584651266e-18, 2.99679408878e-18, 5.24055810308e-18, 6.33380508197e-18, 8.99478431478e-18, 9.41195548593e-18, 9.7008681672e-18, 7.54890982716e-18, 1.43613311241e-17, 1.81978841407e-17, 1.65519055639e-17, 1.82152350812e-17, 1.75657709145e-17, 1.85345483043e-17, 1.305431131e-17, 1.22885794637e-17, 1.48407832051e-17, 1.01624870614e-17, 8.43674842122e-18, 6.07130634561e-18, 3.0571995734e-18, 1.30907680548e-18, 2.91695911386e-19, 3.49713416047e-20],
        "var": [0.0688216388226, 3.17644000053, 21.4818782806, 21.3529224396, 24.4358253479, 345.109832764, 2239.06054688, 1904.07739258, 4686.19677734, 1069.47973633, 5995.56787109, 2355.65698242, 5311.53369141, 12398.546875, 14247.4804688, 6593.4140625, 8736.77539062, 3478.35717773, 1939.28503418, 3034.80175781, 3693.27709961, 4495.88525391, 797.810119629, 2938.13720703, 2478.78613281, 2158.72924805, 23.0641613007, 16.5733013153, 8.91073036194, 5.65075397491, 4.35800218582, 4.29822015762, 3.20349431038, 2.90940284729, 0.49204492569, 0.0406402088702, 0.0139019163325, 0.000125755817862, 6.83664254097e-08, 4.37978542323e-10]
    },
    "gfcc": {
        "mean": [-7.11417293549, 110.234870911, -129.477401733, 21.4246234894, -55.2442626953, 10.6548480988, -35.3681373596, 17.8560771942, -27.0267944336, 2.10189175606, -5.56027936935, -1.05741345882, -4.37933826447],
        "cov": [[2871.95507812, -644.905273438, 350.641113281, 629.786804199, 227.448883057, 317.8409729, 45.8258361816, 438.27355957, -127.881584167, 245.208328247, 151.911437988, 105.866752625, -22.1197319031], [-644.905273438, 1766.40722656, 589.755859375, 155.075042725, 402.092590332, -250.885894775, 34.9200172424, -239.227203369, 90.1658325195, -56.6553153992, 158.705795288, -107.799186707, 93.3562774658], [350.641113281, 589.755859375, 1163.22680664, 453.599609375, 348.981384277, 138.606307983, 9.4968957901, 65.4845504761, 19.6050052643, 135.246688843, 42.54529953, 67.7207641602, 13.9809808731], [629.786804199, 155.075042725, 453.599609375, 577.130249023, 299.562652588, 130.666503906, 65.4469909668, 158.815673828, 51.926574707, 93.780921936, 111.966369629, 28.1605587006, 36.0376091003], [227.448883057, 402.092590332, 348.981384277, 299.562652588, 379.72958374, 68.7549362183, 74.484336853, 77.8128051758, 22.1272640228, 53.0363998413, 73.4900588989, -11.6555080414, 16.1284942627], [317.8409729, -250.885894775, 138.606307983, 130.666503906, 68.7549362183, 331.760772705, 157.681686401, 87.6718521118, 17.8893604279, 50.8611335754, -35.1706390381, 22.9867038727, -50.7584838867], [45.8258361816, 34.9200172424, 9.4968957901, 65.4469909668, 74.484336853, 157.681686401, 247.73449707, 20.8065795898, 30.3795127869, 22.2959136963, -7.00220775604, 1.02703034878, -38.9379653931], [438.27355957, -239.227203369, 65.4845504761, 158.815673828, 77.8128051758, 87.6718521118, 20.8065795898, 263.205322266, -14.2793560028, 42.87940979, 64.7382507324, 2.05836486816, 21.1918869019], [-127.881584167, 90.1658325195, 19.6050052643, 51.926574707, 22.1272640228, 17.8893604279, 30.3795127869, -14.2793560028, 164.786758423, 6.57109355927, -60.1321983337, 9.11078071594, -6.60971736908], [245.208328247, -56.6553153992, 135.246688843, 93.780921936, 53.0363998413, 50.8611335754, 22.2959136963, 42.87940979, 6.57109355927, 122.248970032, 50.7127494812, 29.3685359955, -3.19756054878], [151.911437988, 158.705795288, 42.54529953, 111.966369629, 73.4900588989, -35.1706390381, -7.00220775604, 64.7382507324, -60.1321983337, 50.7127494812, 220.029708862, -13.4429712296, 54.435585022], [105.866752625, -107.799186707, 67.7207641602, 28.1605587006, -11.6555080414, 22.9867038727, 1.02703034878, 2.05836486816, 9.11078071594, 29.3685359955, -13.4429712296, 100.464073181, 9.96288967133], [-22.1197319031, 93.3562774658, 13.9809808731, 36.0376091003, 16.1284942627, -50.7584838867, -38.9379653931, 21.1918869019, -6.60971736908, -3.19756054878, 54.435585022, 9.96288967133, 93.762840271]],
        "icov": [[0.000779666996095, -0.000366181338904, 0.000497688713949, -0.00106066896114, 0.000420895434218, -0.000516560801771, 0.000559258507565, -0.00105086702388, 0.00126532139257, -0.0013242358109, 0.000698538729921, -0.000775472959504, 0.000720592681319], [-0.000366181338904, 0.0042172530666, -0.00291347154416, 0.00228137546219, -0.00362183805555, 0.00324485334568, -0.00279756635427, 0.0042913723737, -0.00397880328819, 0.00439174566418, -0.00424938555807, 0.00377423805185, -0.00254455418326], [0.000497688713949, -0.00291347154416, 0.00372375431471, -0.00271222693846, 0.0015144291101, -0.00271442183293, 0.00275672134012, -0.00265012122691, 0.00350570958108, -0.00434057787061, 0.00364170153625, -0.0033235498704, 0.00185727444477], [-0.00106066896114, 0.00228137546219, -0.00271222693846, 0.0066878516227, -0.00403535924852, 0.00118514767382, -0.00170708645601, 0.00180527020711, -0.00487057585269, 0.00352134183049, -0.00427548261359, 0.00183915661182, -0.00240545580164], [0.000420895434218, -0.00362183805555, 0.0015144291101, -0.00403535924852, 0.00859365239739, -0.00218571070582, 0.000913151481654, -0.00396947655827, 0.00349523522891, -0.00380987627432, 0.00329462438822, -0.00161318981554, 0.00202064355835], [-0.000516560801771, 0.00324485334568, -0.00271442183293, 0.00118514767382, -0.00218571070582, 0.00851830840111, -0.0055565754883, 0.00190043228213, -0.00256301276386, 0.00258313468657, -0.00170873047318, 0.00264054094441, -0.000534250342753], [0.000559258507565, -0.00279756635427, 0.00275672134012, -0.00170708645601, 0.000913151481654, -0.0055565754883, 0.00876919459552, -0.00236086081713, 0.00199121725745, -0.00315700192004, 0.00200964696705, -0.00295612914488, 0.00335266324691], [-0.00105086702388, 0.0042913723737, -0.00265012122691, 0.00180527020711, -0.00396947655827, 0.00190043228213, -0.00236086081713, 0.0103433458135, -0.00425053760409, 0.00452277576551, -0.00517760775983, 0.00468274252489, -0.00406297063455], [0.00126532139257, -0.00397880328819, 0.00350570958108, -0.00487057585269, 0.00349523522891, -0.00256301276386, 0.00199121725745, -0.00425053760409, 0.012874555774, -0.00686043826863, 0.00793380849063, -0.00382901611738, 0.00188257871196], [-0.0013242358109, 0.00439174566418, -0.00434057787061, 0.00352134183049, -0.00380987627432, 0.00258313468657, -0.00315700192004, 0.00452277576551, -0.00686043826863, 0.0183069352061, -0.00885464064777, 0.00108903227374, -0.000505148957018], [0.000698538729921, -0.00424938555807, 0.00364170153625, -0.00427548261359, 0.00329462438822, -0.00170873047318, 0.00200964696705, -0.00517760775983, 0.00793380849063, -0.00885464064777, 0.0131977284327, -0.00194045482203, -0.00118959369138], [-0.000775472959504, 0.00377423805185, -0.0033235498704, 0.00183915661182, -0.00161318981554, 0.00264054094441, -0.00295612914488, 0.00468274252489, -0.00382901611738, 0.00108903227374, -0.00194045482203, 0.0160070061684, -0.00553823588416], [0.000720592681319, -0.00254455418326, 0.00185727444477, -0.00240545580164, 0.00202064355835, -0.000534250342753, 0.00335266324691, -0.00406297063455, 0.00188257871196, -0.000505148957018, -0.00118959369138, -0.00553823588416, 0.0170847121626]]
    },
    "melbands": {
        "dmean": [0.000817195221316, 0.000767671503127, 0.00028849663795, 0.000147357030073, 0.000267436902504, 0.000267400580924, 0.000218823028263, 9.80306358542e-05, 0.000111248918984, 7.40366376704e-05, 0.000109578199044, 0.000117303468869, 8.77326747286e-05, 4.33312816313e-05, 4.23665806011e-05, 3.00038191199e-05, 2.53564685408e-05, 1.856727431e-05, 1.61897678481e-05, 1.62802462e-05, 1.60074669111e-05, 1.36429162012e-05, 8.30310636957e-06, 7.77801233198e-06, 1.00903162092e-05, 8.73731733009e-06, 6.6601664912e-06, 5.46212640984e-06, 1.0324761206e-06, 7.37421146368e-07, 8.1708384414e-07, 5.88879345287e-07, 3.77053623879e-07, 3.5418366906e-07, 3.105123767e-07, 2.58572470102e-07, 2.59797531044e-07, 2.38996875623e-07, 3.00832454059e-07, 3.06800131966e-07],
        "dmean2": [0.00132633082103, 0.00124747387599, 0.000470565748401, 0.0002424253762, 0.000392144051148, 0.000415833957959, 0.000327746907715, 0.000149759973283, 0.000171884166775, 0.000121959790704, 0.000173332256963, 0.000184323071153, 0.000134375310154, 6.67876520311e-05, 6.52611415717e-05, 4.79691152577e-05, 4.09977437812e-05, 2.94369656331e-05, 2.59396201727e-05, 2.56999737758e-05, 2.52933441516e-05, 2.08055225812e-05, 1.30425951284e-05, 1.23384470498e-05, 1.54978843057e-05, 1.36584976644e-05, 1.02121066448e-05, 8.36165509099e-06, 1.66318750416e-06, 1.19565504519e-06, 1.40263875892e-06, 9.82500296232e-07, 5.95465849074e-07, 5.64790582303e-07, 4.81292374843e-07, 4.04241859542e-07, 3.96544692194e-07, 3.70597973642e-07, 4.61374526139e-07, 4.70773727557e-07],
        "dvar": [1.96438691091e-06, 1.99704982151e-06, 2.97968796303e-07, 1.09272129123e-07, 4.12285487528e-07, 2.69649689244e-07, 1.77336943352e-07, 3.74758570842e-08, 1.00642367329e-07, 2.82082819325e-08, 4.15328926806e-08, 5.95364006983e-08, 3.82771503382e-08, 8.57647997066e-09, 1.41960807554e-08, 5.45652234507e-09, 5.13160047788e-09, 1.91318072496e-09, 2.17248663503e-09, 2.74056555227e-09, 2.52852094818e-09, 1.57816604229e-09, 4.41376157845e-10, 2.94628293984e-10, 9.26208443275e-10, 4.1381228999e-10, 2.2632272445e-10, 2.01142921763e-10, 5.39275438541e-12, 3.31893909057e-12, 9.16371839521e-12, 3.13373415758e-12, 9.33124020761e-13, 8.46745199998e-13, 7.35574849729e-13, 5.13032541796e-13, 8.7724413237e-13, 6.83935709716e-13, 9.47408818064e-13, 9.47769206866e-13],
        "dvar2": [5.05737443746e-06, 5.49338028577e-06, 7.9612391346e-07, 2.77679248484e-07, 8.41861094614e-07, 6.68344284804e-07, 3.73361928041e-07, 8.67678409122e-08, 2.42034730036e-07, 6.98017501577e-08, 9.53545011839e-08, 1.42286324945e-07, 8.03336632771e-08, 1.70513576592e-08, 3.01203755271e-08, 1.22861418816e-08, 1.26270114365e-08, 3.90541377016e-09, 5.2316728727e-09, 5.97874683095e-09, 5.83265924448e-09, 3.25791038591e-09, 9.66229207755e-10, 6.56931176124e-10, 1.87689108699e-09, 9.6631092017e-10, 5.0211490521e-10, 4.50320031264e-10, 1.30584215316e-11, 8.16366245437e-12, 2.59975704159e-11, 7.66729128104e-12, 2.30268777136e-12, 2.04629911106e-12, 1.72140600385e-12, 1.22501520646e-12, 2.0909346303e-12, 1.64000562262e-12, 2.10061156837e-12, 2.21343473064e-12],
        "max": [0.0165574159473, 0.0222028717399, 0.00787162035704, 0.0106160780415, 0.0201179776341, 0.00969060417265, 0.00827031768858, 0.00583425955847, 0.0116150714457, 0.00441754283383, 0.00454661948606, 0.00552246440202, 0.0047850641422, 0.00232823868282, 0.00315804360434, 0.00187163276132, 0.00168555416167, 0.00132945971563, 0.00136742473114, 0.00192864646669, 0.00121428840794, 0.00117672025226, 0.000716856098734, 0.000549037009478, 0.00102365599014, 0.000507517892402, 0.00040054298006, 0.000561232503969, 4.43713433924e-05, 2.82145265373e-05, 6.85344275553e-05, 6.69396977173e-05, 2.18852819671e-05, 3.00346637232e-05, 4.02383011533e-05, 2.29574397963e-05, 3.99594791816e-05, 2.88458359137e-05, 4.94928608532e-05, 3.03839224216e-05],
        "mean": [0.00184912886471, 0.00204326072708, 0.000601973675657, 0.00032821870991, 0.000712469045538, 0.00067651894642, 0.000579409010243, 0.000214096522541, 0.000229596553254, 0.000137969647767, 0.000218380533624, 0.000251557532465, 0.000207294928259, 9.1896392405e-05, 8.54013269418e-05, 5.69210533286e-05, 4.47267229902e-05, 3.23282001773e-05, 2.79573432636e-05, 2.9375005397e-05, 3.20124563586e-05, 3.15953402605e-05, 1.83216070582e-05, 1.69388804352e-05, 2.07195080293e-05, 2.06840049941e-05, 1.67247872014e-05, 1.29570516947e-05, 1.88067383533e-06, 1.27133353089e-06, 1.14616102564e-06, 9.33195224206e-07, 7.05431659753e-07, 6.68899076572e-07, 5.99374288868e-07, 5.0868385415e-07, 5.05349305513e-07, 4.86675389766e-07, 6.23187759174e-07, 6.19189904683e-07],
        "median": [0.00100221356843, 0.00149024522398, 0.000408095947932, 0.000155023590196, 0.000227333774092, 0.000274364603683, 0.000233747370658, 0.000103839593066, 6.6182212322e-05, 4.66762794531e-05, 8.72854652698e-05, 8.03873772384e-05, 4.48330392828e-05, 3.0390892789e-05, 2.31283484027e-05, 1.69424456544e-05, 1.40319061757e-05, 1.23576246551e-05, 1.18421312436e-05, 8.93321157491e-06, 7.6741889643e-06, 7.01773160472e-06, 5.98680298936e-06, 6.00809289608e-06, 4.74841544928e-06, 4.87820170747e-06, 3.60666331289e-06, 2.51790538641e-06, 9.33206933951e-07, 6.04235935953e-07, 4.39062773694e-07, 3.70152264395e-07, 2.65859569026e-07, 2.52470641726e-07, 2.5942603088e-07, 1.94135864717e-07, 1.7574674871e-07, 1.51968421847e-07, 1.79831189939e-07, 1.67795278117e-07],
        "min": [8.25261629515e-24, 2.26430216614e-23, 6.68175363028e-24, 1.13333863427e-23, 8.23729503865e-24, 4.60888788989e-24, 6.07979004515e-24, 7.51551334278e-24, 4.88033295522e-24, 6.44884560346e-24, 1.15213703187e-23, 9.88026432342e-24, 6.03875073985e-24, 8.7560523365e-24, 6.33177036208e-24, 2.62903713326e-24, 6.43278045112e-24, 7.3065054348e-24, 8.94058110173e-24, 7.9489782107e-24, 9.09200768565e-24, 9.21550622695e-24, 5.23879056169e-24, 7.90731057769e-24, 5.4020772749e-24, 8.25763266165e-24, 1.46980658524e-23, 1.11940806066e-23, 9.5958192248e-24, 9.93275512806e-24, 9.53957896428e-24, 9.98787678381e-24, 1.03201812847e-23, 9.76276506931e-24, 7.42325132675e-24, 5.87980394492e-24, 7.96343014249e-24, 1.04161588356e-23, 8.53276762386e-24, 8.27914095423e-24],
        "var": [4.96253733218e-06, 5.12883616466e-06, 5.163624337e-07, 4.92895424031e-07, 2.01346529138e-06, 1.14904446491e-06, 8.72552789133e-07, 1.0905735337e-07, 4.23071156774e-07, 9.34773751737e-08, 1.37498787467e-07, 2.29349197411e-07, 2.23614563311e-07, 4.19552002029e-08, 4.97608532157e-08, 1.87094340021e-08, 1.31200801334e-08, 4.87756590672e-09, 3.74537956205e-09, 6.66568444885e-09, 8.07277178438e-09, 8.20320344985e-09, 1.98312211097e-09, 9.94036630786e-10, 2.51580734023e-09, 1.86555459969e-09, 1.04476227669e-09, 8.56198945076e-10, 8.72274041192e-12, 4.4973560466e-12, 7.27208657875e-12, 3.9133071783e-12, 1.83160864947e-12, 1.75880208834e-12, 1.61555914046e-12, 1.19602298985e-12, 1.96982469398e-12, 1.51934779861e-12, 2.33494040075e-12, 2.22661841222e-12]
    },
    "mfcc": {
        "mean": [-648.574707031, 141.299743652, -13.0582971573, 15.5676527023, 3.61197209358, -8.11888313293, 8.0722694397, 3.43365192413, -2.92653346062, 2.49144983292, -1.29226696491, -2.51604890823, 6.00725364685],
        "cov": [[2296.16943359, -989.153625488, 98.4530563354, 237.388565063, 221.636245728, -32.4127235413, 321.849090576, 137.897476196, 47.6146774292, 169.706893921, 60.1803207397, 89.6904220581, 217.207199097], [-989.153625488, 1635.34741211, 264.955749512, 348.059967041, 228.144500732, 86.4932098389, -20.4391078949, -137.605453491, -64.5487136841, -78.3829193115, 14.6038484573, -13.6486320496, -21.3772335052], [98.4530563354, 264.955749512, 742.894287109, 316.080627441, 307.271240234, 169.124038696, 121.05884552, 13.6674041748, 65.378074646, 6.43322706223, 53.3527526855, 76.0397491455, 60.0458641052], [237.388565063, 348.059967041, 316.080627441, 529.779907227, 339.164031982, 57.327495575, 143.937332153, 7.59049320221, 21.6826896667, 39.867225647, 36.5926933289, 72.463508606, 128.077301025], [221.636245728, 228.144500732, 307.271240234, 339.164031982, 428.885986328, -13.0811624527, 148.828964233, 5.58066558838, 19.7496032715, 50.2962722778, 19.1643428802, 54.3091049194, 115.502059937], [-32.4127235413, 86.4932098389, 169.124038696, 57.327495575, -13.0811624527, 371.717803955, 4.4407119751, 86.440612793, 96.1154327393, 31.5785160065, 56.7695999146, 32.1646957397, -52.4859657288], [321.849090576, -20.4391078949, 121.05884552, 143.937332153, 148.828964233, 4.4407119751, 322.23223877, 56.1050872803, -24.1170463562, 91.8168182373, 43.4095306396, 18.5668697357, 97.3375854492], [137.897476196, -137.605453491, 13.6674041748, 7.59049320221, 5.58066558838, 86.440612793, 56.1050872803, 166.15737915, 85.5752487183, 48.2701225281, 27.5015335083, 23.1459369659, -2.13109707832], [47.6146774292, -64.5487136841, 65.378074646, 21.6826896667, 19.7496032715, 96.1154327393, -24.1170463562, 85.5752487183, 161.24949646, 31.2244987488, 27.2111091614, 30.903093338, -19.0877914429], [169.706893921, -78.3829193115, 6.43322706223, 39.867225647, 50.2962722778, 31.5785160065, 91.8168182373, 48.2701225281, 31.2244987488, 127.108070374, 32.7398529053, 9.64620399475, 28.8822860718], [60.1803207397, 14.6038484573, 53.3527526855, 36.5926933289, 19.1643428802, 56.7695999146, 43.4095306396, 27.5015335083, 27.2111091614, 32.7398529053, 89.8102416992, 31.2672157288, 7.93021965027], [89.6904220581, -13.6486320496, 76.0397491455, 72.463508606, 54.3091049194, 32.1646957397, 18.5668697357, 23.1459369659, 30.903093338, 9.64620399475, 31.2672157288, 92.09815979, 39.3336296082], [217.207199097, -21.3772335052, 60.0458641052, 128.077301025, 115.502059937, -52.4859657288, 97.3375854492, -2.13109707832, -19.0877914429, 28.8822860718, 7.93021965027, 39.3336296082, 143.629257202]],
