{
"lowlevel": {
    "average_loudness": 0.723122298717,
    "barkbands_crest": {
        "dmean": 2.25868606567,
        "dmean2": 3.72275137901,
        "dvar": 4.32573080063,
        "dvar2": 11.177904129,
        "max": 26.4912128448,
        "mean": 9.08357715607,
        "median": 8.03056907654,
        "min": 2.79926848412,
        "var": 16.9069881439
    },
    "barkbands_flatness_db": {
        "dmean": 0.0164783969522,
        "dmean2": 0.0256932917982,
        "dvar": 0.000262248940999,
        "dvar2": 0.000587278977036,
        "max": 0.387849628925,
        "mean": 0.126187562943,
        "median": 0.118354827166,
        "min": 0.0222323704511,
        "var": 0.00214497698471
    },
    "barkbands_kurtosis": {
        "dmean": 2.10408353806,
        "dmean2": 3.3153796196,
        "dvar": 88.8432693481,
        "dvar2": 195.799087524,
        "max": 755.088989258,
        "mean": 3.69659304619,
        "median": 0.773797273636,
        "min": -1.91157233715,
        "var": 216.052703857
    },
    "barkbands_skewness": {
        "dmean": 0.401406049728,
        "dmean2": 0.619059085846,
        "dvar": 0.217942789197,
        "dvar2": 0.481904983521,
        "max": 23.8144931793,
        "mean": 1.1311300993,
        "median": 0.903658092022,
        "min": -1.84303891659,
        "var": 1.67901873589
    },
    "barkbands_spread": {
        "dmean": 3.97901654243,
        "dmean2": 6.13842487335,
        "dvar": 27.9669494629,
        "dvar2": 57.4176292419,
        "max": 102.961448669,
        "mean": 20.2507476807,
        "median": 19.2775821686,
        "min": 0.263751685619,
        "var": 130.447998047
    },
    "dissonance": {
        "dmean": 0.0222084186971,
        "dmean2": 0.0377969555557,
        "dvar": 0.000453207729151,
        "dvar2": 0.00127332971897,
        "max": 0.500000059605,
        "mean": 0.458834856749,
        "median": 0.466839551926,
        "min": 0.27150413394,
        "var": 0.000974589493126
    },
    "dynamic_complexity": 4.27658224106,
    "erbbands_crest": {
        "dmean": 2.90895009041,
        "dmean2": 4.68434667587,
        "dvar": 7.14163780212,
        "dvar2": 17.0012893677,
        "max": 32.5444755554,
        "mean": 10.5923852921,
        "median": 9.59419441223,
        "min": 2.26267433167,
        "var": 22.3919715881
    },
    "erbbands_flatness_db": {
        "dmean": 0.0168437492102,
        "dmean2": 0.0251026637852,
        "dvar": 0.000281473970972,
        "dvar2": 0.000535113853402,
        "max": 0.396538555622,
        "mean": 0.176985427737,
        "median": 0.177249595523,
        "min": 0.0456954836845,
        "var": 0.00205428269692
    },
    "erbbands_kurtosis": {
        "dmean": 1.10759699345,
        "dmean2": 1.745190382,
        "dvar": 3.13257718086,
        "dvar2": 6.92531776428,
        "max": 84.304397583,
        "mean": 1.38640332222,
        "median": 0.540784597397,
        "min": -1.79053068161,
        "var": 11.4687080383
    },
    "erbbands_skewness": {
        "dmean": 0.338946342468,
        "dmean2": 0.525492310524,
        "dvar": 0.104764923453,
        "dvar2": 0.233515560627,
        "max": 8.17671298981,
        "mean": 0.481139957905,
        "median": 0.432834863663,
        "min": -2.73279452324,
        "var": 0.90847915411
    },
    "erbbands_spread": {
        "dmean": 6.03648042679,
        "dmean2": 9.16569900513,
        "dvar": 52.3735160828,
        "dvar2": 108.536750793,
        "max": 132.660385132,
        "mean": 30.0104522705,
        "median": 26.7133655548,
        "min": 1.56175863743,
        "var": 256.747467041
    },
    "hfc": {
        "dmean": 4.92653179169,
        "dmean2": 7.30298805237,
        "dvar": 52.3562355042,
        "dvar2": 106.343933105,
        "max": 110.711021423,
        "mean": 20.3400344849,
        "median": 15.0086021423,
        "min": 1.2743782745e-16,
        "var": 348.403106689
    },
    "melbands_crest": {
        "dmean": 2.68272352219,
        "dmean2": 4.45224905014,
        "dvar": 6.1876616478,
        "dvar2": 16.2324333191,
        "max": 33.6481170654,
        "mean": 11.2281990051,
        "median": 10.1553812027,
        "min": 2.22092199326,
        "var": 21.5421924591
    },
    "melbands_flatness_db": {
        "dmean": 0.0178603753448,
        "dmean2": 0.0278601292521,
        "dvar": 0.000318098056596,
        "dvar2": 0.000731656327844,
        "max": 0.472330093384,
        "mean": 0.180116429925,
        "median": 0.169469594955,
        "min": 0.00470916274935,
        "var": 0.00287520349957
    },
    "melbands_kurtosis": {
        "dmean": 3.77926540375,
        "dmean2": 6.02643585205,
        "dvar": 91.2864685059,
        "dvar2": 219.955688477,
        "max": 540.971862793,
        "mean": 8.38941574097,
        "median": 3.40038156509,
        "min": -1.69160473347,
        "var": 369.582885742
    },
    "melbands_skewness": {
        "dmean": 0.480118989944,
        "dmean2": 0.745632886887,
        "dvar": 0.261993169785,
        "dvar2": 0.613422870636,
        "max": 16.030506134,
        "mean": 1.79164028168,
        "median": 1.5515639782,
        "min": -1.47347104549,
        "var": 2.07485532761
    },
    "melbands_spread": {
        "dmean": 5.4979763031,
        "dmean2": 8.58849239349,
        "dvar": 54.7211914062,
        "dvar2": 115.149688721,
        "max": 211.77355957,
        "mean": 26.7325935364,
        "median": 24.9033813477,
        "min": 0.328400373459,
        "var": 278.503448486
    },
    "pitch_salience": {
        "dmean": 0.0591499693692,
        "dmean2": 0.0963524281979,
        "dvar": 0.0025241675321,
        "dvar2": 0.00640586577356,
        "max": 0.898131608963,
        "mean": 0.584017693996,
        "median": 0.58822286129,
        "min": 0.0823222175241,
        "var": 0.0106515660882
    },
    "silence_rate_20dB": {
        "dmean": 0,
        "dmean2": 0,
        "dvar": 0,
        "dvar2": 0,
        "max": 1,
        "mean": 1,
        "median": 1,
        "min": 1,
        "var": 0
    },
    "silence_rate_30dB": {
        "dmean": 0,
        "dmean2": 0,
        "dvar": 0,
        "dvar2": 0,
        "max": 1,
        "mean": 1,
        "median": 1,
        "min": 1,
        "var": 0
    },
    "silence_rate_60dB": {
        "dmean": 0.0162218734622,
        "dmean2": 0.0324479900301,
        "dvar": 0.0159556791186,
        "dvar2": 0.0379482768476,
        "max": 1,
        "mean": 0.148201435804,
        "median": 0,
        "min": 0,
        "var": 0.126246377826
    },
    "spectral_centroid": {
        "dmean": 178.200546265,
        "dmean2": 274.027038574,
        "dvar": 51095.8203125,
        "dvar2": 98976.59375,
        "max": 11053.5332031,
        "mean": 1321.42858887,
        "median": 1354.79711914,
        "min": 224.232971191,
        "var": 317249.34375
    },
    "spectral_complexity": {
        "dmean": 2.24097323418,
        "dmean2": 3.68729567528,
        "dvar": 5.23221588135,
        "dvar2": 12.5192775726,
        "max": 51,
        "mean": 16.3444080353,
        "median": 17,
        "min": 0,
        "var": 78.1563339233
    },
    "spectral_decrease": {
        "dmean": 1.09674214155e-09,
        "dmean2": 1.68740887929e-09,
        "dvar": 1.95990623375e-18,
        "dvar2": 4.40425989222e-18,
        "max": 1.32780868715e-28,
        "mean": -4.64203075978e-09,
        "median": -4.22617674189e-09,
        "min": -2.1666616945e-08,
        "var": 1.16738428206e-17
    },
    "spectral_energy": {
        "dmean": 0.00450307736173,
        "dmean2": 0.00688704987988,
        "dvar": 3.26333138219e-05,
        "dvar2": 7.22218755982e-05,
        "max": 0.0864480361342,
        "mean": 0.0193649735302,
        "median": 0.0175078529865,
        "min": 1.1057850595e-20,
        "var": 0.000207040371606
    },
    "spectral_energyband_high": {
        "dmean": 0.000181790222996,
        "dmean2": 0.000266063143499,
        "dvar": 1.8369236443e-07,
        "dvar2": 3.59674004358e-07,
        "max": 0.00829229410738,
        "mean": 0.000489843368996,
        "median": 0.000232577935094,
        "min": 7.78162648779e-21,
        "var": 5.68011614632e-07
    },
    "spectral_energyband_low": {
        "dmean": 0.00108847592492,
        "dmean2": 0.00180524797179,
        "dvar": 6.92420417181e-06,
        "dvar2": 1.69256654772e-05,
        "max": 0.0442315414548,
        "mean": 0.00249347556382,
        "median": 0.00181895983405,
        "min": 4.99829085306e-23,
        "var": 9.92771856545e-06
    },
    "spectral_energyband_middle_high": {
        "dmean": 0.00235904450528,
        "dmean2": 0.00349162588827,
        "dvar": 1.36144344651e-05,
        "dvar2": 2.83613353531e-05,
        "max": 0.0490260683,
        "mean": 0.0080417599529,
        "median": 0.00501067191362,
        "min": 1.57556227531e-21,
        "var": 7.66056182329e-05
    },
    "spectral_energyband_middle_low": {
        "dmean": 0.00277722906321,
        "dmean2": 0.00439511239529,
        "dvar": 1.55712496053e-05,
        "dvar2": 3.85700441257e-05,
        "max": 0.0654354095459,
        "mean": 0.00875773932785,
        "median": 0.00743068382144,
        "min": 3.90823149463e-22,
        "var": 4.99753004988e-05
    },
    "spectral_entropy": {
        "dmean": 0.141446202993,
        "dmean2": 0.214476123452,
        "dvar": 0.0235569495708,
        "dvar2": 0.0471745729446,
        "max": 9.80687618256,
        "mean": 7.44511985779,
        "median": 7.45474720001,
        "min": 5.09026050568,
        "var": 0.157627671957
    },
    "spectral_flux": {
        "dmean": 0.0183844305575,
        "dmean2": 0.0299232695252,
        "dvar": 0.000423230114393,
        "dvar2": 0.0010820516618,
        "max": 0.247661694884,
        "mean": 0.0710205510259,
        "median": 0.0653087645769,
        "min": 1.05156314212e-10,
        "var": 0.00183485436719
    },
    "spectral_kurtosis": {
        "dmean": 1.4501144886,
        "dmean2": 2.45751643181,
        "dvar": 2.19873142242,
        "dvar2": 6.08166217804,
        "max": 21.8360996246,
        "mean": 4.83944559097,
        "median": 4.43718862534,
        "min": -1.296474576,
        "var": 6.34079647064
    },
    "spectral_rms": {
        "dmean": 0.000473001709906,
        "dmean2": 0.000717350048944,
        "dvar": 2.48778377454e-07,
        "dvar2": 5.29120086412e-07,
        "max": 0.00918365642428,
        "mean": 0.00395324127749,
        "median": 0.0041328961961,
        "min": 3.28453150095e-12,
        "var": 3.2645734791e-06
    },
    "spectral_rolloff": {
        "dmean": 316.689056396,
        "dmean2": 533.530944824,
        "dvar": 541332.9375,
        "dvar2": 1124661.875,
        "max": 19315.2832031,
        "mean": 1561.80737305,
        "median": 1442.72460938,
        "min": 107.666015625,
        "var": 1234453.75
    },
    "spectral_skewness": {
        "dmean": 0.189522206783,
        "dmean2": 0.306207180023,
        "dvar": 0.0319446101785,
        "dvar2": 0.0763247460127,
        "max": 3.8192949295,
        "mean": 1.64982092381,
        "median": 1.58818566799,
        "min": -0.153999313712,
        "var": 0.159669294953
    },
    "spectral_spread": {
        "dmean": 460679.5625,
        "dmean2": 669591.625,
        "dvar": 514044657664,
        "dvar2": 796271706112,
        "max": 39559120,
        "mean": 4263914,
        "median": 3891581,
        "min": 1896224.75,
        "var": 2.30334267392e+12
    },
    "spectral_strongpeak": {
        "dmean": 0.853959679604,
        "dmean2": 1.42401337624,
        "dvar": 1.65558886528,
        "dvar2": 4.11128902435,
        "max": 14.1788063049,
        "mean": 1.60176444054,
        "median": 0.786845624447,
        "min": 0,
        "var": 3.55559396744
    },
    "zerocrossingrate": {
        "dmean": 0.00761626753956,
        "dmean2": 0.00929171778262,
        "dvar": 0.000122872326756,
        "dvar2": 0.000127373030409,
        "max": 0.55419921875,
        "mean": 0.062159769237,
        "median": 0.060546875,
        "min": 0.005859375,
        "var": 0.000849443604238
    },
    "barkbands": {
        "dmean": [5.43138994544e-05, 0.000720899843145, 0.000384827784728, 0.000495479849633, 0.00109196431004, 0.00103965832386, 0.000693451613188, 0.000411620596424, 0.000752353516873, 0.000607094087172, 0.000778867455665, 0.000524266564753, 0.000482874747831, 0.000532839796506, 0.00047271992662, 0.000501984439325, 0.000270033982815, 0.000191469633137, 0.000146809485159, 0.000104164799268, 3.00032006635e-05, 3.51264934579e-05, 4.94823143526e-05, 3.37992423738e-05, 2.38988268393e-05, 2.34542312683e-05, 2.63915853793e-06],
        "dmean2": [8.96744531929e-05, 0.00119164329953, 0.000650498899631, 0.000829539611004, 0.00178974424489, 0.00164431531448, 0.00112175755203, 0.00066531059565, 0.00120682641864, 0.000957380048931, 0.00120422616601, 0.000805663992651, 0.000750562234316, 0.000831858778838, 0.000753373547923, 0.000749559490941, 0.000416101393057, 0.000307351874653, 0.000231599944527, 0.000162737138453, 4.72123210784e-05, 5.53587778995e-05, 7.49367245589e-05, 4.99185734952e-05, 3.41565646522e-05, 3.62062637578e-05, 4.02005116484e-06],
        "dvar": [1.58968109787e-08, 4.61681565866e-06, 6.337855325e-07, 1.54698227561e-06, 2.45271030508e-06, 3.83594215236e-06, 2.67788527708e-06, 1.32928050789e-06, 4.44185070592e-06, 3.13476039082e-06, 3.69870826944e-06, 1.91788262782e-06, 1.84602197351e-06, 2.41837665271e-06, 2.27309919865e-06, 1.9830056317e-06, 3.99248136773e-07, 1.80656513749e-07, 1.11147869575e-07, 4.40905374433e-08, 3.59069485256e-09, 5.52165069223e-09, 1.25360752889e-08, 1.192994592e-08, 7.60433582769e-09, 1.22861676388e-08, 1.00131812564e-10],
        "dvar2": [4.09017175684e-08, 1.14006634249e-05, 1.7830516299e-06, 4.04192269343e-06, 6.83552025293e-06, 9.55786435952e-06, 7.03939122104e-06, 3.30432453666e-06, 1.115199575e-05, 6.49923913443e-06, 8.21097182779e-06, 4.1657640395e-06, 4.23588471676e-06, 5.22807295056e-06, 5.63218964089e-06, 4.06660046792e-06, 8.7603331167e-07, 4.47260049441e-07, 2.59951008275e-07, 9.98787967887e-08, 8.05856892327e-09, 1.26002079881e-08, 2.84970642639e-08, 2.27131398134e-08, 1.57822714897e-08, 2.64270543227e-08, 2.24526133796e-10],
        "max": [0.00246325763874, 0.0354846566916, 0.0194125976413, 0.0255128704011, 0.0350666418672, 0.0457483492792, 0.0412267632782, 0.035165861249, 0.0525877475739, 0.0411564186215, 0.0436379350722, 0.0325593501329, 0.0293721035123, 0.032729562372, 0.0340780429542, 0.0302872192115, 0.0173586253077, 0.0118583766744, 0.00833244156092, 0.00601085275412, 0.00133128312882, 0.00232265656814, 0.00303303985856, 0.00360040506348, 0.00348670617677, 0.00222642486915, 0.000204195035622],
        "mean": [0.000116952687677, 0.00144855526742, 0.000628650072031, 0.000691849039868, 0.00249186414294, 0.00214339559898, 0.00124710064847, 0.000700103177223, 0.00125339895021, 0.00100094638765, 0.00133673334494, 0.000982047175057, 0.000841704430059, 0.000859253981616, 0.000731969601475, 0.000885782239493, 0.000591451884247, 0.000434032815974, 0.000324560824083, 0.000238139851717, 7.47440790292e-05, 7.93493964011e-05, 0.000116840092232, 7.28377272026e-05, 4.19218558818e-05, 2.7777536161e-05, 3.01756199406e-06],
        "median": [3.22208543366e-05, 0.000979064614512, 0.000287774921162, 0.000286090595182, 0.00168943067547, 0.00104843545705, 0.000591535062995, 0.000250609533396, 0.000469453778351, 0.00019271983183, 0.00027058791602, 0.000211624545045, 0.000164217228303, 0.000133395515149, 0.000170190716744, 0.000142265795148, 0.000167463062098, 0.000150232022861, 0.000131966895424, 0.00010587763245, 2.73324712907e-05, 3.6223227653e-05, 4.30186191807e-05, 1.94011863641e-05, 7.40323503123e-06, 2.52167342296e-06, 2.27680118314e-07],
        "min": [1.48982077527e-23, 3.60177670344e-23, 4.56543151477e-24, 1.90961705029e-23, 9.48262115589e-23, 4.57408563445e-23, 5.13838150578e-23, 3.92471679428e-23, 1.26188071044e-22, 6.02518138565e-23, 7.52052781601e-23, 1.10765550046e-22, 2.03506802232e-22, 1.34741405849e-22, 1.12429731011e-22, 1.93258022326e-22, 1.11756700131e-22, 1.89791679156e-22, 1.81411388878e-22, 3.63298063297e-22, 2.66985492642e-22, 5.37256584644e-22, 5.9106750067e-22, 9.18088185964e-22, 1.1221903573e-21, 1.75900583299e-21, 2.78684842603e-21],
        "var": [3.46016975072e-08, 5.02823468196e-06, 9.05170566057e-07, 1.76071114311e-06, 6.95097423886e-06, 9.77154650172e-06, 3.93920663555e-06, 2.2247720608e-06, 5.8473124227e-06, 8.11296376924e-06, 1.14643289635e-05, 4.92709295941e-06, 4.51504593002e-06, 5.26760641151e-06, 3.27083398588e-06, 5.08364428242e-06, 1.3597606312e-06, 6.15423516592e-07, 2.8916787187e-07, 1.34485262038e-07, 1.417396156e-08, 1.5646397955e-08, 3.85995448937e-08, 3.45291013559e-08, 1.59300412861e-08, 1.3774763552e-08, 1.27526073035e-10]
    },
    "erbbands": {
        "dmean": [0.024105142802, 0.162111341953, 0.402942657471, 1.02551352978, 2.28647589684, 4.58175563812, 7.30834960938, 8.5448923111, 8.51246452332, 9.3273563385, 10.2648868561, 16.4563922882, 16.8426303864, 26.4618701935, 24.6738796234, 17.3605766296, 17.6066856384, 24.7865581512, 23.9296607971, 21.0619087219, 24.3076477051, 13.0643672943, 11.0123052597, 6.95868778229, 7.14277982712, 4.58028030396, 1.53343451023, 1.08944129944, 1.16734838486, 1.59149110317, 1.33802938461, 0.802798807621, 0.551281273365, 0.29052066803, 0.172437444329, 0.137136027217, 0.0326491780579, 0.00503676617518, 0.000515759165864, 1.96055680135e-05],
        "dmean2": [0.0402075797319, 0.269198477268, 0.677070319653, 1.7377089262, 3.76346516609, 7.57206249237, 11.5483732224, 13.467467308, 13.7932481766, 14.9067964554, 16.4132175446, 26.6059322357, 26.4174671173, 41.7867622375, 36.8814926147, 26.1219482422, 27.0873336792, 37.9480285645, 36.9100112915, 32.3572311401, 35.9058647156, 19.8275966644, 17.5842819214, 10.7415294647, 11.0513772964, 7.05514955521, 2.47188663483, 1.69817507267, 1.85106813908, 2.44499373436, 2.028216362, 1.23737120628, 0.789771258831, 0.415746837854, 0.254816740751, 0.214037328959, 0.0500306002796, 0.00764388730749, 0.000782289658673, 2.96262751363e-05],
        "dvar": [0.00535783264786, 0.238397926092, 0.788373827934, 6.48604106903, 14.3632974625, 49.0612068176, 200.466949463, 295.797698975, 455.975280762, 648.097229004, 680.743591309, 2536.10620117, 2084.46044922, 5456.58203125, 3863.62573242, 1847.6081543, 2263.59130859, 5638.83691406, 5463.39990234, 4844.23095703, 4229.19287109, 724.010009766, 525.402526855, 293.626800537, 272.670043945, 93.9076919556, 9.58111381531, 4.73377895355, 6.66885519028, 12.311003685, 9.22464752197, 5.66592597961, 3.52385258675, 1.30185377598, 0.355778992176, 0.534681081772, 0.0145261744037, 0.000403022189857, 3.64128004549e-06, 3.764350609e-09],
        "dvar2": [0.0142087629065, 0.600324273109, 2.14675283432, 17.5374641418, 37.6050834656, 136.528991699, 470.447479248, 769.816162109, 1171.44128418, 1685.04406738, 1697.9888916, 6510.26708984, 4609.60742188, 12535.6220703, 7974.46972656, 3770.76464844, 5028.54003906, 12172.2470703, 12573.5478516, 11236.2597656, 8863.56640625, 1694.87854004, 1339.84106445, 657.019836426, 623.201416016, 205.54447937, 22.832736969, 10.4356555939, 15.6173734665, 27.4691867828, 21.3038921356, 12.2086858749, 6.54044437408, 2.65775704384, 0.736418843269, 1.16297531128, 0.0297385789454, 0.000897650024854, 8.05352919997e-06, 8.20073697838e-09],
        "max": [0.959292411804, 8.26226806641, 25.1497497559, 52.8993988037, 60.9342079163, 151.777374268, 312.43182373, 343.516204834, 516.736450195, 750.470581055, 566.223693848, 1500.03674316, 1178.78649902, 1581.31164551, 1396.34594727, 1026.47265625, 1108.4197998, 1903.80249023, 2043.1237793, 1831.96606445, 1411.44238281, 624.044006348, 667.578063965, 555.088806152, 504.755340576, 277.054382324, 73.7651062012, 51.7982826233, 69.9376220703, 134.732009888, 78.9478912354, 68.062461853, 73.7981948853, 42.14793396, 20.6685886383, 13.7550191879, 1.93400478363, 0.396323651075, 0.0419261418283, 0.00118056579959],
        "mean": [0.0515354350209, 0.288071930408, 0.707391142845, 1.59235608578, 4.35008811951, 9.68661403656, 15.574965477, 16.8605422974, 16.0288715363, 17.0327301025, 18.9902153015, 27.3630218506, 30.0177097321, 46.6400222778, 47.1117897034, 37.0094299316, 35.2218284607, 44.1554298401, 43.6672973633, 40.1599845886, 49.4332771301, 32.7997817993, 25.8385887146, 16.955532074, 16.7968978882, 11.0616397858, 3.90365624428, 2.61064743996, 2.63252472878, 3.72435379028, 3.11043477058, 1.80044519901, 1.09925973415, 0.536626219749, 0.278264760971, 0.160956650972, 0.0394886471331, 0.00598741928115, 0.000608546775766, 4.23281708208e-05],
        "median": [0.036779999733, 0.174356430769, 0.356140553951, 0.794107198715, 2.64350938797, 6.0263504982, 7.31194543839, 7.94645690918, 7.86624765396, 8.05347061157, 7.78657531738, 10.8640937805, 9.18992042542, 12.6746139526, 12.7308864594, 10.0891866684, 9.28822898865, 10.2741823196, 10.3460140228, 10.4146242142, 9.58029270172, 10.320435524, 9.73668003082, 7.8289642334, 7.20688581467, 4.9910902977, 1.94174838066, 1.04698240757, 1.16923761368, 1.53336906433, 1.12695586681, 0.536761820316, 0.264501810074, 0.103295214474, 0.0420548059046, 0.0135859698057, 0.00402599060908, 0.000633108371403, 5.37916712346e-05, 2.56492749031e-05],
        "min": [5.44173064625e-22, 9.46782770413e-21, 1.10820900566e-20, 2.95646047777e-20, 2.73657428671e-19, 3.10690899231e-19, 2.77470498651e-19, 4.03288185337e-19, 8.50244527681e-19, 3.84827762963e-19, 1.62828383931e-18, 3.06252248064e-18, 1.53388908973e-18, 1.95360166991e-18, 3.67195482798e-18, 5.20997806301e-18, 9.34868278651e-18, 8.34689013691e-18, 5.45482311074e-18, 8.13615925842e-18, 9.15701014933e-18, 6.55783206163e-18, 1.11195275855e-17, 7.6376572079e-18, 1.42081108049e-17, 1.69869744419e-17, 9.39066054824e-18, 1.24075809753e-17, 2.02695000822e-17, 1.68275089091e-17, 1.70906962733e-17, 1.54547050753e-17, 1.77003101868e-17, 1.18899958681e-17, 9.37982034631e-18, 6.06719277643e-18, 3.40071754883e-18, 1.13551652858e-18, 3.38978459928e-19, 5.00539687171e-20],
        "var": [0.00543240783736, 0.244411930442, 1.11342263222, 7.39195871353, 29.6898880005, 130.641311646, 569.488708496, 660.255249023, 707.132446289, 901.105285645, 1287.2052002, 2920.64868164, 4945.18017578, 12549.1484375, 11818.8759766, 6330.75, 6428.56982422, 11790.7265625, 10484.7412109, 10074.4697266, 12527.2695312, 3082.64770508, 2055.45361328, 802.241455078, 737.666259766, 306.761749268, 32.2095718384, 16.5465393066, 17.484834671, 41.5170898438, 27.6249809265, 16.291223526, 9.44700813293, 2.87500119209, 0.637401342392, 0.572310626507, 0.0189305730164, 0.00048766011605, 4.81119695905e-06, 5.63218049976e-09]
    },
    "gfcc": {
        "mean": [-23.7462997437, 92.978302002, -130.976516724, 21.354101181, -64.8089599609, 8.84223079681, -42.493850708, 5.05278253555, -21.3636493683, -4.91936397552, -10.7366914749, 2.7762863636, -9.63267612457],
        "cov": [[8687.98730469, -558.87512207, -102.992362976, 666.318115234, 950.859069824, 308.943084717, -3.49144220352, 372.812988281, 54.1684761047, 322.656524658, 151.228637695, 325.394683838, 19.1437606812], [-558.87512207, 1189.21130371, 231.607131958, 227.535003662, 181.98614502, -62.871799469, 95.6519241333, -64.5735397339, 88.889503479, -46.5348205566, 230.568588257, -43.841709137, 54.4883041382], [-102.992362976, 231.607131958, 1110.64196777, 264.973846436, 29.0475463867, 38.1925010681, -157.461349487, 28.9071922302, 11.127450943, 95.6330184937, 25.5793323517, 43.1127853394, 29.8663825989], [666.318115234, 227.535003662, 264.973846436, 401.957061768, 183.405502319, -15.8294610977, -54.2273178101, 56.7471237183, 63.7466506958, 38.1862640381, 83.9938354492, 47.8244094849, 49.8194007874], [950.859069824, 181.98614502, 29.0475463867, 183.405502319, 369.878753662, 22.9476909637, 30.340089798, 64.5050048828, 38.9396095276, 56.4958457947, 85.9214630127, 55.6930961609, 20.8933067322], [308.943084717, -62.871799469, 38.1925010681, -15.8294610977, 22.9476909637, 216.61958313, 82.1580276489, -22.4423122406, -19.4066085815, 28.1061019897, 15.8160200119, 0.479652941227, -16.1540317535], [-3.49144220352, 95.6519241333, -157.461349487, -54.2273178101, 30.340089798, 82.1580276489, 225.8775177, -12.6149530411, -29.8349189758, -6.11483573914, 38.6849517822, -14.7878408432, -13.167552948], [372.812988281, -64.5735397339, 28.9071922302, 56.7471237183, 64.5050048828, -22.4423122406, -12.6149530411, 148.721694946, 41.292552948, 12.8147058487, -19.1301116943, 28.3505630493, 28.5692653656], [54.1684761047, 88.889503479, 11.127450943, 63.7466506958, 38.9396095276, -19.4066085815, -29.8349189758, 41.292552948, 120.458602905, 6.86271238327, 9.85019207001, 11.5192842484, 28.4626102448], [322.656524658, -46.5348205566, 95.6330184937, 38.1862640381, 56.4958457947, 28.1061019897, -6.11483573914, 12.8147058487, 6.86271238327, 113.404556274, 20.3237400055, 21.8588104248, -4.47667551041], [151.228637695, 230.568588257, 25.5793323517, 83.9938354492, 85.9214630127, 15.8160200119, 38.6849517822, -19.1301116943, 9.85019207001, 20.3237400055, 149.44720459, 22.1245059967, 5.50194692612], [325.394683838, -43.841709137, 43.1127853394, 47.8244094849, 55.6930961609, 0.479652941227, -14.7878408432, 28.3505630493, 11.5192842484, 21.8588104248, 22.1245059967, 84.3560943604, 28.4682044983], [19.1437606812, 54.4883041382, 29.8663825989, 49.8194007874, 20.8933067322, -16.1540317535, -13.167552948, 28.5692653656, 28.4626102448, -4.47667551041, 5.50194692612, 28.4682044983, 71.8633270264]],
        "icov": [[0.000242146619712, 9.25113490666e-05, 0.00016521361249, -0.000321407918818, -0.000384181475965, -0.000355574127752, 0.000167964812135, -0.000350359361619, 0.00019121846708, -0.000269530777587, 1.39625681186e-05, -0.000448311649961, 0.00030533404788], [9.25113490666e-05, 0.00246519851498, -0.000831780896988, -0.000183544849278, -0.001178467297, 0.001280374825, -0.00148330570664, 0.00140314502642, -0.00164932839107, 0.00159870821517, -0.002985680243, 0.00265752500854, -0.00169139087666], [0.00016521361249, -0.000831780896988, 0.00177531968802, -0.00112203217577, 0.000563462672289, -0.00131661060732, 0.00156602310017, -0.000946792599279, 0.00126517179888, -0.00166973110754, 0.00105138821527, -0.00135893432889, 0.000682985468302], [-0.000321407918818, -0.000183544849278, -0.00112203217577, 0.00514587666839, -0.00122084270697, 0.000686690211296, 0.000519771478139, -6.03497792326e-05, -0.00121081992984, 0.000669539556839, -0.00166207412258, 0.000786625489127, -0.00191084505059], [-0.000384181475965, -0.001178467297, 0.000563462672289, -0.00122084270697, 0.00558322761208, -0.000344020663761, -0.000172486747033, -0.00146172428504, 0.000275257974863, -0.00159312435426, -7.76259184931e-05, -0.00189293839503, 0.00100453698542], [-0.000355574127752, 0.001280374825, -0.00131661060732, 0.000686690211296, -0.000344020663761, 0.00733415549621, -0.00367085984908, 0.0023822132498, -0.00136789586395, 0.000246217066888, -0.00127717270516, 0.00176262564491, -0.000719319214113], [0.000167964812135, -0.00148330570664, 0.00156602310017, 0.000519771478139, -0.000172486747033, -0.00367085984908, 0.00789505336434, -0.00210684747435, 0.00270368414931, -0.000897132151294, -0.000261716573732, -0.000593473028857, 0.000706346647348], [-0.000350359361619, 0.00140314502642, -0.000946792599279, -6.03497792326e-05, -0.00146172428504, 0.0023822132498, -0.00210684747435, 0.010753759183, -0.00358325941488, 0.00100555433892, 0.00102526671253, 0.000557113380637, -0.00305330823176], [0.00019121846708, -0.00164932839107, 0.00126517179888, -0.00121081992984, 0.000275257974863, -0.00136789586395, 0.00270368414931, -0.00358325941488, 0.0120072467253, -0.0019564521499, 0.00132416875567, -0.00101373496, -0.00153170875274], [-0.000269530777587, 0.00159870821517, -0.00166973110754, 0.000669539556839, -0.00159312435426, 0.000246217066888, -0.000897132151294, 0.00100555433892, -0.0019564521499, 0.0125427106395, -0.00269397906959, 0.000405204045819, 0.000645751133561], [1.39625681186e-05, -0.002985680243, 0.00105138821527, -0.00166207412258, -7.76259184931e-05, -0.00127717270516, -0.000261716573732, 0.00102526671253, 0.00132416875567, -0.00269397906959, 0.0134016238153, -0.00543852383271, 0.00269140675664], [-0.000448311649961, 0.00265752500854, -0.00135893432889, 0.000786625489127, -0.00189293839503, 0.00176262564491, -0.000593473028857, 0.000557113380637, -0.00101373496, 0.000405204045819, -0.00543852383271, 0.0205035414547, -0.00853900145739], [0.00030533404788, -0.00169139087666, 0.000682985468302, -0.00191084505059, 0.00100453698542, -0.000719319214113, 0.000706346647348, -0.00305330823176, -0.00153170875274, 0.000645751133561, 0.00269140675664, -0.00853900145739, 0.0208702776581]]
    },
    "melbands": {
        "dmean": [0.000202005263418, 0.000202664363314, 0.000201106013265, 0.000241625937633, 0.000231256010011, 0.000190242979443, 0.000132795859827, 9.72942361841e-05, 8.81669475348e-05, 0.00011006128625, 8.7301224994e-05, 0.000108266962343, 9.18918885873e-05, 5.91737916693e-05, 4.43402059318e-05, 4.87647957925e-05, 4.92822364322e-05, 4.31067019235e-05, 3.23245585605e-05, 3.42460625689e-05, 2.97151636914e-05, 1.74484139279e-05, 9.46009458858e-06, 1.1277309568e-05, 6.10904544374e-06, 6.13019392404e-06, 5.52023493583e-06, 2.82820360553e-06, 1.15596446904e-06, 7.73695944645e-07, 6.48956927307e-07, 6.99094755419e-07, 8.00799057288e-07, 1.02059493656e-06, 8.73623207553e-07, 6.8975339218e-07, 4.66457180437e-07, 4.00604648121e-07, 3.61195674259e-07, 2.23787665732e-07],
        "dmean2": [0.000332312978571, 0.000336989120115, 0.000334334210493, 0.000402391975513, 0.0003665612021, 0.000299936567899, 0.000215211868635, 0.000154634995852, 0.000140488176839, 0.000177822861588, 0.000136690097861, 0.000170491417521, 0.000138428717037, 8.90606606845e-05, 6.71942689223e-05, 7.50021426938e-05, 7.58202950237e-05, 6.66668420308e-05, 5.07971999468e-05, 5.14909879712e-05, 4.48337887065e-05, 2.64632635663e-05, 1.48674907905e-05, 1.75910772668e-05, 9.52341451921e-06, 9.52584105107e-06, 8.71769134392e-06, 4.41444763055e-06, 1.92441734725e-06, 1.22396477309e-06, 1.02275885183e-06, 1.12704833555e-06, 1.26508587073e-06, 1.57487625074e-06, 1.36970902531e-06, 1.07400421712e-06, 7.37023981401e-07, 5.92928586229e-07, 5.2336747558e-07, 3.29757398276e-07],
        "dvar": [3.68036978671e-07, 2.45107742103e-07, 2.11011084161e-07, 1.2177341091e-07, 1.68658161215e-07, 1.35247802291e-07, 1.00014453608e-07, 6.64965043029e-08, 4.82770552424e-08, 1.12565317067e-07, 5.62879023391e-08, 9.08512518549e-08, 5.27010648455e-08, 2.59380747991e-08, 1.91928553051e-08, 2.14619682026e-08, 2.42563995556e-08, 1.74562284627e-08, 1.10254747554e-08, 1.20454517472e-08, 6.46195363885e-09, 1.45650946859e-09, 3.6707223372e-10, 7.44540207265e-10, 2.52406734402e-10, 1.86969301152e-10, 1.43964423716e-10, 3.82515581709e-11, 5.80861010333e-12, 2.38845770419e-12, 1.69171881365e-12, 2.5496135151e-12, 2.75123847315e-12, 5.08793484774e-12, 3.74959785443e-12, 3.76306971694e-12, 1.96240983533e-12, 1.73295134753e-12, 2.34364741156e-12, 7.10179311192e-13],
        "dvar2": [9.21073137761e-07, 6.40545977149e-07, 5.48578043436e-07, 3.48012349605e-07, 4.04828369938e-07, 3.49316962911e-07, 2.59962888549e-07, 1.70375358266e-07, 1.19333620319e-07, 2.87584327907e-07, 1.24020218095e-07, 2.04222573075e-07, 1.09010464655e-07, 5.40671649674e-08, 4.56902036206e-08, 4.76418016149e-08, 5.17017610946e-08, 3.97499952953e-08, 2.735551341e-08, 2.49243008454e-08, 1.46744945084e-08, 3.1322897609e-09, 8.65909732806e-10, 1.75064240882e-09, 5.76406922193e-10, 4.30618679603e-10, 3.33961858168e-10, 8.44807487854e-11, 1.49322932491e-11, 5.37142205714e-12, 3.84329807562e-12, 6.14377385771e-12, 6.5675078223e-12, 1.17426849494e-11, 9.1631745594e-12, 8.70875507125e-12, 4.30624199493e-12, 3.43931307045e-12, 4.80584929491e-12, 1.48653702195e-12],
        "max": [0.00921050645411, 0.0122819058597, 0.00932619441301, 0.00646514259279, 0.00838458817452, 0.00669822655618, 0.00830138567835, 0.00688084587455, 0.00522315967828, 0.00838240049779, 0.00615705968812, 0.00623883400112, 0.00611334620044, 0.00459642056376, 0.00380623852834, 0.00394023256376, 0.00396769726649, 0.00360471848398, 0.00303501682356, 0.00290546892211, 0.00156723230612, 0.000976840849034, 0.000393038499169, 0.000843357876875, 0.00051542458823, 0.00030708979466, 0.000274100282695, 0.000180477247341, 5.88944494666e-05, 4.4083539251e-05, 2.50003886322e-05, 3.83559963666e-05, 5.11152102263e-05, 8.66370319272e-05, 5.0886086683e-05, 6.10992938164e-05, 3.79044467991e-05, 5.45164366486e-05, 5.54374164494e-05, 3.07409936795e-05],
        "mean": [0.000428965635365, 0.000373166840291, 0.000341065140674, 0.00051041028928, 0.000522890593857, 0.000385068677133, 0.000250128359767, 0.000175405235495, 0.000159126182552, 0.000179049922735, 0.000150163687067, 0.000185010678251, 0.000166364523466, 0.000117677132948, 8.04917872301e-05, 8.73285316629e-05, 8.00194611656e-05, 7.28011800675e-05, 5.1806197007e-05, 6.02214640821e-05, 5.66057242395e-05, 3.81305180781e-05, 1.87915848073e-05, 2.3365177185e-05, 1.23613453979e-05, 1.28699593915e-05, 1.16082928798e-05, 6.07316133028e-06, 2.51255755757e-06, 1.71132785454e-06, 1.39159146784e-06, 1.42335022701e-06, 1.6808936607e-06, 2.22768426283e-06, 1.88574142612e-06, 1.44972659655e-06, 9.49927652982e-07, 7.72757459799e-07, 6.29592875612e-07, 3.9210885916e-07],
        "median": [0.000304553366732, 0.000216507265577, 0.000191622268176, 0.000330719340127, 0.000293529126793, 0.000189492173376, 0.000127788400277, 7.76570668677e-05, 6.14748860244e-05, 6.31127186352e-05, 3.54136536771e-05, 4.22341436206e-05, 3.74013325199e-05, 2.22588496399e-05, 1.6003878045e-05, 1.68215537997e-05, 1.4953835489e-05, 1.12698126031e-05, 1.29973541334e-05, 1.06198795038e-05, 9.32280090638e-06, 1.00636261777e-05, 7.97898519522e-06, 7.09277173883e-06, 5.18131264471e-06, 4.47494676337e-06, 4.35456331616e-06, 2.29690613196e-06, 1.04952698621e-06, 6.07046672485e-07, 5.11167399964e-07, 5.62665888992e-07, 7.09797120635e-07, 8.61914145389e-07, 6.74396630984e-07, 4.42738695483e-07, 2.63155016e-07, 1.86759422149e-07, 1.21147976984e-07, 7.02817857245e-08],
        "min": [8.79043168362e-24, 9.0800895751e-24, 1.20111937763e-23, 2.38330940675e-23, 9.54947285776e-24, 9.63070659833e-24, 1.15429322539e-23, 4.72691607523e-24, 1.73419899742e-23, 1.7158175917e-23, 7.06797046314e-24, 7.41852841651e-24, 1.17287184634e-23, 1.06442114235e-23, 2.0123111207e-23, 1.80923197574e-23, 1.58227038242e-23, 8.43918978784e-24, 8.43109607496e-24, 1.47023572557e-23, 9.43891715733e-24, 6.31073301946e-24, 9.05109893683e-24, 8.97679060614e-24, 5.47053146881e-24, 8.12028408944e-24, 1.31900651465e-23, 1.09252044668e-23, 5.29529075188e-24, 6.61000830867e-24, 6.94207851786e-24, 1.20453246322e-23, 8.84872771565e-24, 9.753834375e-24, 9.14272828642e-24, 1.03746103206e-23, 9.33578384917e-24, 1.26883811652e-23, 1.11171564132e-23, 9.47412638612e-24],
        "var": [4.02135412969e-07, 3.09166210855e-07, 2.7473149089e-07, 3.20598417147e-07, 5.04932870626e-07, 3.13090112058e-07, 1.51512935531e-07, 9.52589402914e-08, 9.0125958252e-08, 1.35618932973e-07, 1.39033105029e-07, 2.11384886484e-07, 1.68148631019e-07, 7.59066693945e-08, 5.69034135367e-08, 5.36926485495e-08, 5.0863921075e-08, 3.61492276113e-08, 1.74374967798e-08, 2.99050100239e-08, 1.86867268326e-08, 5.30689980849e-09, 9.12198261371e-10, 2.2341328787e-09, 5.33879385145e-10, 5.15606224383e-10, 3.76463721308e-10, 1.13430716209e-10, 1.55665445811e-11, 8.23638900138e-12, 4.97916421635e-12, 5.96178705362e-12, 7.37506757054e-12, 1.58228378316e-11, 1.01170504266e-11, 9.20407066535e-12, 5.32601610384e-12, 4.42433893341e-12, 4.83587432251e-12, 1.47849896388e-12]
    },
    "mfcc": {
        "mean": [-662.936767578, 123.0597229, -9.05465507507, 11.5354719162, -1.31703495979, -2.16496968269, -9.23138332367, 6.2694311142, -11.1041297913, 1.33644759655, -6.64382123947, -3.89566206932, 1.11087322235],
        "cov": [[8164.77197266, -600.853027344, -702.170593262, 533.234680176, 653.14263916, 250.300674438, 240.938781738, 294.830169678, 27.8307609558, 263.328613281, 86.7619476318, 23.8906326294, 301.134216309], [-600.853027344, 884.583435059, 148.240753174, 204.482162476, 112.80255127, 45.2771644592, 80.0112838745, 19.113117218, -98.7635955811, 50.2253646851, 34.5951347351, 36.0224609375, 51.4152908325], [-702.170593262, 148.240753174, 952.165710449, 141.418029785, 167.945404053, 39.0395774841, -22.4908161163, -92.1942749023, 24.271982193, -76.3625640869, 8.65599822998, 100.892745972, -23.8379421234], [533.234680176, 204.482162476, 141.418029785, 431.943572998, 256.13873291, -19.4406375885, 16.0851707458, 22.0503616333, -7.81545209885, 23.5350761414, -8.99209785461, 55.1392097473, 109.064056396], [653.14263916, 112.80255127, 167.945404053, 256.13873291, 375.492828369, 5.0472445488, -9.09016895294, 17.743642807, 6.10799646378, 25.7359790802, 6.71064090729, 44.9592819214, 89.9918746948], [250.300674438, 45.2771644592, 39.0395774841, -19.4406375885, 5.0472445488, 212.695800781, 89.3329467773, 8.40976333618, -34.745300293, 37.4866905212, 30.5659236908, -6.59735584259, -0.713213682175], [240.938781738, 80.0112838745, -22.4908161163, 16.0851707458, -9.09016895294, 89.3329467773, 194.206298828, 34.3824195862, -31.6070251465, 31.5923290253, 33.4555587769, 0.0708368048072, 9.51657104492], [294.830169678, 19.113117218, -92.1942749023, 22.0503616333, 17.743642807, 8.40976333618, 34.3824195862, 126.639549255, 11.716424942, 28.0523910522, -1.72064208984, -16.1671524048, 24.4279460907], [27.8307609558, -98.7635955811, 24.271982193, -7.81545209885, 6.10799646378, -34.745300293, -31.6070251465, 11.716424942, 148.184539795, 0.610066235065, -18.562122345, 8.62970352173, -12.1988611221], [263.328613281, 50.2253646851, -76.3625640869, 23.5350761414, 25.7359790802, 37.4866905212, 31.5923290253, 28.0523910522, 0.610066235065, 97.7406158447, 24.8591403961, -10.4120178223, 18.6507968903], [86.7619476318, 34.5951347351, 8.65599822998, -8.99209785461, 6.71064090729, 30.5659236908, 33.4555587769, -1.72064208984, -18.562122345, 24.8591403961, 77.1610107422, 17.8855037689, -4.46576881409], [23.8906326294, 36.0224609375, 100.892745972, 55.1392097473, 44.9592819214, -6.59735584259, 0.0708368048072, -16.1671524048, 8.62970352173, -10.4120178223, 17.8855037689, 77.8010635376, 22.6961231232], [301.134216309, 51.4152908325, -23.8379421234, 109.064056396, 89.9918746948, -0.713213682175, 9.51657104492, 24.4279460907, -12.1988611221, 18.6507968903, -4.46576881409, 22.6961231232, 107.823402405]],
