{
"lowlevel": {
    "average_loudness": 0.938357293606,
    "barkbands_crest": {
        "dmean": 2.95987439156,
        "dmean2": 4.80074262619,
        "dvar": 6.7487859726,
        "dvar2": 16.0135803223,
        "max": 25.4406528473,
        "mean": 10.1164951324,
        "median": 9.24468994141,
        "min": 2.12330889702,
        "var": 20.1958789825
    },
    "barkbands_flatness_db": {
        "dmean": 0.0203996635973,
        "dmean2": 0.0320240072906,
        "dvar": 0.000334615993779,
        "dvar2": 0.000769160164054,
        "max": 0.335835814476,
        "mean": 0.138713404536,
        "median": 0.133520066738,
        "min": 0.0501629337668,
        "var": 0.00143882387783
    },
    "barkbands_kurtosis": {
        "dmean": 2.16927361488,
        "dmean2": 3.43196129799,
        "dvar": 14.8265857697,
        "dvar2": 32.655582428,
        "max": 103.111053467,
        "mean": 2.58909416199,
        "median": 0.945230960846,
        "min": -1.95210087299,
        "var": 34.9000587463
    },
    "barkbands_skewness": {
        "dmean": 0.521224200726,
        "dmean2": 0.795334756374,
        "dvar": 0.306386619806,
        "dvar2": 0.639968633652,
        "max": 9.97518825531,
        "mean": 1.30906260014,
        "median": 1.11970162392,
        "min": -2.34275388718,
        "var": 1.24767649174
    },
    "barkbands_spread": {
        "dmean": 6.85929203033,
        "dmean2": 10.5330028534,
        "dvar": 61.8388710022,
        "dvar2": 125.346092224,
        "max": 111.780967712,
        "mean": 29.5313816071,
        "median": 26.1834449768,
        "min": 3.09404110909,
        "var": 255.722869873
    },
    "dissonance": {
        "dmean": 0.0179527178407,
        "dmean2": 0.0302695911378,
        "dvar": 0.000323841843056,
        "dvar2": 0.000876119884197,
        "max": 0.500000059605,
        "mean": 0.470377802849,
        "median": 0.476982206106,
        "min": 0.0956012904644,
        "var": 0.000613294250797
    },
    "dynamic_complexity": 2.14930701256,
    "erbbands_crest": {
        "dmean": 2.58189463615,
        "dmean2": 4.2280459404,
        "dvar": 5.76912927628,
        "dvar2": 14.5119667053,
        "max": 28.7405948639,
        "mean": 8.33963108063,
        "median": 7.4513835907,
        "min": 2.20710873604,
        "var": 16.7914047241
    },
    "erbbands_flatness_db": {
        "dmean": 0.014561210759,
        "dmean2": 0.0219549462199,
        "dvar": 0.000172101994394,
        "dvar2": 0.000365997169865,
        "max": 0.320881575346,
        "mean": 0.155533760786,
        "median": 0.148125499487,
        "min": 0.0418102554977,
        "var": 0.00166911259294
    },
    "erbbands_kurtosis": {
        "dmean": 0.836231648922,
        "dmean2": 1.31789851189,
        "dvar": 1.25193727016,
        "dvar2": 2.81576919556,
        "max": 29.4580001831,
        "mean": 0.472432941198,
        "median": -0.0995811223984,
        "min": -1.73250675201,
        "var": 3.5811252594
    },
    "erbbands_skewness": {
        "dmean": 0.341135233641,
        "dmean2": 0.528935372829,
        "dvar": 0.0968568921089,
        "dvar2": 0.216245502234,
        "max": 3.63136672974,
        "mean": 0.350230365992,
        "median": 0.36385139823,
        "min": -3.43976569176,
        "var": 0.605394482613
    },
    "erbbands_spread": {
        "dmean": 8.8368062973,
        "dmean2": 13.3018922806,
        "dvar": 79.2808532715,
        "dvar2": 172.740600586,
        "max": 146.425338745,
        "mean": 43.9160041809,
        "median": 41.4694061279,
        "min": 4.76683139801,
        "var": 454.492706299
    },
    "hfc": {
        "dmean": 10.157705307,
        "dmean2": 14.8122491837,
        "dvar": 172.669189453,
        "dvar2": 369.942474365,
        "max": 216.888504028,
        "mean": 33.3778076172,
        "median": 29.7776870728,
        "min": 1.27581571588e-16,
        "var": 471.72644043
    },
    "melbands_crest": {
        "dmean": 3.78553700447,
        "dmean2": 6.28429269791,
        "dvar": 10.5716485977,
        "dvar2": 26.6367874146,
        "max": 37.3987426758,
        "mean": 14.300242424,
        "median": 13.4777774811,
        "min": 2.18776154518,
        "var": 33.7993202209
    },
    "melbands_flatness_db": {
        "dmean": 0.026905445382,
        "dmean2": 0.040658723563,
        "dvar": 0.000632970768493,
        "dvar2": 0.00129100738559,
        "max": 0.385469466448,
        "mean": 0.15735411644,
        "median": 0.15235324204,
        "min": 0.0097119640559,
        "var": 0.00305267586373
    },
    "melbands_kurtosis": {
        "dmean": 8.21556758881,
        "dmean2": 12.7834682465,
        "dvar": 273.919036865,
        "dvar2": 593.617858887,
        "max": 484.296813965,
        "mean": 14.3656187057,
        "median": 6.22284269333,
        "min": -1.79128491879,
        "var": 677.819335938
    },
    "melbands_skewness": {
        "dmean": 0.835015058517,
        "dmean2": 1.27067673206,
        "dvar": 0.908025145531,
        "dvar2": 1.93523490429,
        "max": 18.8082408905,
        "mean": 2.67263293266,
        "median": 2.13329172134,
        "min": -0.616630911827,
        "var": 4.17429542542
    },
    "melbands_spread": {
        "dmean": 9.31841373444,
        "dmean2": 14.2636537552,
        "dvar": 179.811782837,
        "dvar2": 358.538421631,
        "max": 230.218658447,
        "mean": 30.45195961,
        "median": 25.8987503052,
        "min": 1.32121646404,
        "var": 511.582122803
    },
    "pitch_salience": {
        "dmean": 0.0782944560051,
        "dmean2": 0.122494541109,
        "dvar": 0.00495802098885,
        "dvar2": 0.0115880770609,
        "max": 0.936814546585,
        "mean": 0.536083340645,
        "median": 0.539895415306,
        "min": 0.0890081599355,
        "var": 0.0170936416835
    },
    "silence_rate_20dB": {
        "dmean": 0,
        "dmean2": 0,
        "dvar": 0,
        "dvar2": 0,
        "max": 1,
        "mean": 1,
        "median": 1,
        "min": 1,
        "var": 0
    },
    "silence_rate_30dB": {
        "dmean": 0.0016476403689,
        "dmean2": 0.00329566863365,
        "dvar": 0.00164503394626,
        "dvar2": 0.00469766743481,
        "max": 1,
        "mean": 0.99905860424,
        "median": 1,
        "min": 0,
        "var": 0.000940560537856
    },
    "silence_rate_60dB": {
        "dmean": 0.00470754364505,
        "dmean2": 0.00941619556397,
        "dvar": 0.00468607246876,
        "dvar2": 0.0114452820271,
        "max": 1,
        "mean": 0.0222405269742,
        "median": 0,
        "min": 0,
        "var": 0.0217398721725
    },
    "spectral_centroid": {
        "dmean": 280.510162354,
        "dmean2": 429.830078125,
        "dvar": 102497.4375,
        "dvar2": 192686.984375,
        "max": 11583.2089844,
        "mean": 1672.94775391,
        "median": 1580.43786621,
        "min": 366.068328857,
        "var": 405586.125
    },
    "spectral_complexity": {
        "dmean": 5.04154396057,
        "dmean2": 7.58168554306,
        "dvar": 24.6725616455,
        "dvar2": 49.4292488098,
        "max": 60,
        "mean": 23.8284301758,
        "median": 23,
        "min": 0,
        "var": 83.643447876
    },
    "spectral_decrease": {
        "dmean": 3.10028891448e-09,
        "dmean2": 4.85017803697e-09,
        "dvar": 1.14594607669e-17,
        "dvar2": 2.6964594081e-17,
        "max": 8.64106927963e-29,
        "mean": -8.98612828593e-09,
        "median": -8.20780599042e-09,
        "min": -3.62336969317e-08,
        "var": 3.26237882921e-17
    },
    "spectral_energy": {
        "dmean": 0.0122731011361,
        "dmean2": 0.0191058237106,
        "dvar": 0.000170449347934,
        "dvar2": 0.0004003472568,
        "max": 0.140427410603,
        "mean": 0.0369432531297,
        "median": 0.0342889800668,
        "min": 1.12458863581e-20,
        "var": 0.000497161527164
    },
    "spectral_energyband_high": {
        "dmean": 0.000788163335528,
        "dmean2": 0.00110432121437,
        "dvar": 2.15960722016e-06,
        "dvar2": 4.4868625082e-06,
        "max": 0.0261347759515,
        "mean": 0.00208056368865,
        "median": 0.00137871061452,
        "min": 8.59299696465e-21,
        "var": 5.33706815986e-06
    },
    "spectral_energyband_low": {
        "dmean": 0.00812442041934,
        "dmean2": 0.01217777282,
        "dvar": 0.0001167152368,
        "dvar2": 0.000265948969172,
        "max": 0.0973336175084,
        "mean": 0.0154714696109,
        "median": 0.00984586216509,
        "min": 8.77481665531e-23,
        "var": 0.00028793758247
    },
    "spectral_energyband_middle_high": {
        "dmean": 0.00276062265038,
        "dmean2": 0.00430850451812,
        "dvar": 1.33331668621e-05,
        "dvar2": 3.15981633321e-05,
        "max": 0.0692623853683,
        "mean": 0.00778613844886,
        "median": 0.00538680981845,
        "min": 1.29659187769e-21,
        "var": 5.07910881424e-05
    },
    "spectral_energyband_middle_low": {
        "dmean": 0.00748300878331,
        "dmean2": 0.0115699078888,
        "dvar": 0.000134192727273,
        "dvar2": 0.000311375159072,
        "max": 0.126337721944,
        "mean": 0.0132605647668,
        "median": 0.00899840146303,
        "min": 4.59965684468e-22,
        "var": 0.000192390623852
    },
    "spectral_entropy": {
        "dmean": 0.113569900393,
        "dmean2": 0.172913596034,
        "dvar": 0.0127966329455,
        "dvar2": 0.0244488250464,
        "max": 9.80258750916,
        "mean": 7.96486759186,
        "median": 7.96233797073,
        "min": 6.69152784348,
        "var": 0.0673251152039
    },
    "spectral_flux": {
        "dmean": 0.0291683152318,
        "dmean2": 0.0439080297947,
        "dvar": 0.000844144029543,
        "dvar2": 0.00163666717708,
        "max": 0.330484479666,
        "mean": 0.114093951881,
        "median": 0.104799851775,
        "min": 1.06046622872e-10,
        "var": 0.00268205581233
    },
    "spectral_kurtosis": {
        "dmean": 0.677106976509,
        "dmean2": 1.11954700947,
        "dvar": 0.443946570158,
        "dvar2": 1.22688782215,
        "max": 9.4909286499,
        "mean": 1.79205787182,
        "median": 1.57310676575,
        "min": -1.2196842432,
        "var": 1.74768972397
    },
    "spectral_rms": {
        "dmean": 0.000968696607742,
        "dmean2": 0.00147171900608,
        "dvar": 8.32839987197e-07,
        "dvar2": 1.82354960998e-06,
        "max": 0.0117048006505,
        "mean": 0.00568898394704,
        "median": 0.00578382797539,
        "min": 3.31233998563e-12,
        "var": 3.67744200958e-06
    },
    "spectral_rolloff": {
        "dmean": 699.065307617,
        "dmean2": 1120.82312012,
        "dvar": 1247073.5,
        "dvar2": 2457416,
        "max": 18561.6210938,
        "mean": 2006.18994141,
        "median": 1507.32421875,
        "min": 43.06640625,
        "var": 3515660.75
    },
    "spectral_skewness": {
        "dmean": 0.133199200034,
        "dmean2": 0.206423997879,
        "dvar": 0.0138722481206,
        "dvar2": 0.0300814732909,
        "max": 2.42753362656,
        "mean": 1.15531241894,
        "median": 1.16273999214,
        "min": -0.0557139925659,
        "var": 0.0972616448998
    },
    "spectral_spread": {
        "dmean": 452870.6875,
        "dmean2": 670460.0625,
        "dvar": 334541553664,
        "dvar2": 506279952384,
        "max": 40629916,
        "mean": 5500959,
        "median": 5401057,
        "min": 2686456,
        "var": 1.70266276659e+12
    },
    "spectral_strongpeak": {
        "dmean": 0.626666247845,
        "dmean2": 1.07296359539,
        "dvar": 0.91509783268,
        "dvar2": 2.33874702454,
        "max": 10.9544000626,
        "mean": 1.00724768639,
        "median": 0.537207961082,
        "min": 0,
        "var": 1.37550032139
    },
    "zerocrossingrate": {
        "dmean": 0.0133165679872,
        "dmean2": 0.0146787250414,
        "dvar": 0.000249328382779,
        "dvar2": 0.000256858504144,
        "max": 0.671875,
        "mean": 0.0806550085545,
        "median": 0.07177734375,
        "min": 0.0087890625,
        "var": 0.00180857931264
    },
    "barkbands": {
        "dmean": [0.000251260120422, 0.00608171755448, 0.00374212535098, 0.0027355873026, 0.00263039930724, 0.000982536235824, 0.000935471151024, 0.00139655231033, 0.0020207054913, 0.00121648889035, 0.000591013405938, 0.000488121411763, 0.000554656842723, 0.000645567721222, 0.000320366030792, 0.00033021211857, 0.000320721796015, 0.000175778346602, 0.000175019740709, 0.000157029324328, 0.000188818594324, 0.000163225457072, 0.00021329500305, 0.000174543325556, 0.000150987165398, 3.48171852238e-07, 1.4407326443e-09],
        "dmean2": [0.000414292444475, 0.00931859016418, 0.00597442453727, 0.00449979305267, 0.00465318141505, 0.00160771142691, 0.00157369917724, 0.00226684450172, 0.00325569277629, 0.00193691835739, 0.000950861431193, 0.000793713727035, 0.000910018396098, 0.00103129690979, 0.000522820802871, 0.000524419301655, 0.000527958851308, 0.000285574962618, 0.000284845009446, 0.000251943740295, 0.000291202566586, 0.000249830482062, 0.000316684774589, 0.000259796885075, 0.00022316997638, 5.93677555116e-07, 2.64673793993e-09],
        "dvar": [2.68380972557e-07, 7.26455400581e-05, 6.37256016489e-05, 5.03202281834e-05, 4.44309625891e-05, 3.92235324398e-06, 4.18223089582e-06, 7.09684036337e-06, 1.37574006658e-05, 7.48930142436e-06, 1.49476340994e-06, 9.92732680061e-07, 1.26044642457e-06, 1.34221033932e-06, 3.70910242964e-07, 3.95071339199e-07, 2.50171638072e-07, 1.05124648542e-07, 7.96945514026e-08, 6.0762502585e-08, 9.69209992263e-08, 6.85315839632e-08, 1.68538690559e-07, 1.84289106642e-07, 1.34468621127e-07, 9.91323668119e-13, 3.90595801941e-18],
        "dvar2": [6.71914165196e-07, 0.000161821546499, 0.000153335597133, 0.000124368030811, 0.000125375183416, 9.92860896076e-06, 1.0943678717e-05, 1.74912293005e-05, 3.42132261721e-05, 1.85718690773e-05, 3.69923964172e-06, 2.35142806559e-06, 3.11507824335e-06, 3.26880740431e-06, 8.96671906503e-07, 8.92250454854e-07, 6.33176057363e-07, 2.81642485334e-07, 1.89824078234e-07, 1.44860635487e-07, 2.28710405281e-07, 1.56529736728e-07, 3.58974148185e-07, 4.42849227511e-07, 2.92931787271e-07, 2.59317242159e-12, 1.20943574558e-17],
        "max": [0.0272216424346, 0.0761051774025, 0.0724160149693, 0.0778778195381, 0.0696552395821, 0.0441366694868, 0.0377740636468, 0.0473059974611, 0.0582529455423, 0.0476560071111, 0.0289108641446, 0.0397482737899, 0.0293892752379, 0.0173965860158, 0.0146898943931, 0.0161357671022, 0.00861063692719, 0.0109163541347, 0.00819716695696, 0.00628891633824, 0.00687361042947, 0.00964900292456, 0.0121127171442, 0.0105194402859, 0.00870109070092, 2.5501158234e-05, 2.44810163252e-08],
        "mean": [0.000404050544603, 0.00973572488874, 0.00398008944467, 0.00242935330607, 0.00253795064054, 0.00140170834493, 0.00111433933489, 0.00188222702127, 0.00334050017409, 0.00194979109801, 0.00097930454649, 0.000754562846851, 0.000869755982421, 0.00105016550515, 0.000505784642883, 0.000577247818001, 0.000534371763933, 0.00031918901368, 0.00032928813016, 0.000303018343402, 0.000399486423703, 0.000391089881305, 0.000466785742901, 0.000392606889363, 0.000294432044029, 3.56438420113e-07, 1.4146597227e-09],
        "median": [0.000111751709483, 0.00552310794592, 0.00123850209638, 0.000434633926488, 0.000906062079594, 0.000571410288103, 0.000427882507211, 0.000677440839354, 0.00107441109139, 0.00048811227316, 0.000293908291496, 0.000356972392183, 0.000340683443937, 0.000397989846533, 0.000266614719294, 0.000263738969807, 0.000329192640493, 0.000222012749873, 0.000241093657678, 0.000226343036047, 0.000263229536358, 0.000270508462563, 0.000284706387902, 0.000222682254389, 0.00011587501649, 1.0400116679e-07, 6.98023860934e-10],
        "min": [1.96639263181e-23, 3.04020618876e-23, 4.14561267833e-23, 2.30937515391e-23, 1.47388688939e-22, 4.94162444989e-23, 5.56787177691e-23, 6.46231003916e-23, 9.77832471958e-23, 2.52623790769e-23, 2.62658211924e-23, 6.55372134759e-23, 4.29523466405e-23, 7.47046417861e-23, 1.83909831272e-22, 1.30807653126e-22, 3.41159773775e-22, 1.12713152957e-22, 1.79493876277e-22, 2.95996994702e-22, 4.49429330052e-22, 4.82377109189e-22, 6.23040929305e-22, 8.85618822567e-22, 1.38719804312e-21, 1.84257349113e-21, 2.9695614354e-21],
        "var": [2.17754063669e-06, 0.000141003343742, 6.41474107397e-05, 4.35436268162e-05, 3.05799367197e-05, 6.40326879875e-06, 4.41010752184e-06, 1.10614855657e-05, 2.79645500996e-05, 1.63013373822e-05, 3.3615870052e-06, 1.72374677732e-06, 2.18822947318e-06, 3.00771444017e-06, 6.3749621404e-07, 9.54850634116e-07, 4.18051882889e-07, 1.69249062765e-07, 1.24484415664e-07, 9.3919958033e-08, 1.87156686593e-07, 1.56525416628e-07, 3.63995781072e-07, 3.40410792887e-07, 2.67005390242e-07, 9.1184395104e-13, 3.29171168771e-18]
    },
    "erbbands": {
        "dmean": [0.165459319949, 1.46161150932, 3.87897658348, 6.2517118454, 9.25288105011, 7.82142210007, 9.13751411438, 7.46323537827, 10.2599868774, 20.9494991302, 34.9759559631, 45.5249824524, 40.3479003906, 28.1613750458, 18.3120594025, 18.1723690033, 22.7365112305, 30.0477924347, 20.8626079559, 16.6905097961, 16.7356967926, 18.8109588623, 9.56965732574, 8.8671169281, 8.00639438629, 7.70999336243, 8.01755714417, 6.83747291565, 5.85479974747, 6.21214818954, 6.11963605881, 4.19891214371, 2.79570436478, 2.09337496758, 0.905906796455, 0.0558425784111, 0.0014376064064, 9.88527681329e-05, 1.78628633876e-05, 1.60150175361e-05],
        "dmean2": [0.266801834106, 2.19365596771, 6.03682470322, 9.35084342957, 16.0470733643, 13.6822376251, 14.9249505997, 12.2618408203, 17.2075271606, 34.9183273315, 55.9719238281, 72.829826355, 63.4323425293, 44.8919296265, 29.0772953033, 29.4057559967, 36.9495239258, 47.9105453491, 33.4971542358, 26.8048210144, 26.7219905853, 30.9328842163, 15.4569683075, 14.3721904755, 12.8154478073, 12.3780374527, 12.5395908356, 10.7192764282, 9.03992557526, 9.33967018127, 9.2502040863, 6.31881427765, 4.24101638794, 3.04683256149, 1.42774236202, 0.0894416123629, 0.00225561275147, 0.000149584768224, 2.62333342107e-05, 2.44525890594e-05],
        "dvar": [0.0642144307494, 4.34301614761, 56.5820922852, 193.827850342, 700.762817383, 383.446655273, 355.614044189, 238.957427979, 390.392425537, 2537.84912109, 4198.97900391, 7323.76708984, 7455.77148438, 3389.83691406, 1285.89221191, 1498.53381348, 2073.28100586, 3468.26513672, 1400.43603516, 926.17401123, 888.874450684, 919.08581543, 250.955688477, 213.477981567, 174.820159912, 141.83833313, 160.778442383, 142.257720947, 78.6272277832, 123.184074402, 160.572952271, 85.6617736816, 55.8881454468, 26.481672287, 5.12238454819, 0.021832678467, 1.36306744025e-05, 5.88475259633e-08, 1.17086074169e-09, 2.79061940223e-10],
        "dvar2": [0.167311266065, 9.42356967926, 137.284790039, 404.549926758, 1914.86486816, 1055.41625977, 923.525268555, 605.762329102, 992.263061523, 6494.39746094, 10392.7148438, 17909.2265625, 17922.5644531, 8490.43359375, 2831.19287109, 3557.45776367, 5115.29833984, 8563.38964844, 3471.43041992, 2306.52392578, 2007.39599609, 2291.64404297, 638.243652344, 545.04876709, 403.74105835, 337.190917969, 382.993774414, 343.775421143, 177.13420105, 262.963439941, 363.132110596, 201.718139648, 135.929748535, 57.7519073486, 11.8668022156, 0.0518085584044, 3.15766883432e-05, 1.32548976239e-07, 2.5701110129e-09, 6.29375052075e-10],
        "max": [4.52914190292, 18.2758235931, 68.1854095459, 139.402664185, 236.043212891, 237.320144653, 600.571472168, 367.423828125, 292.155914307, 895.205688477, 1163.13867188, 1261.73400879, 2001.93725586, 1506.01013184, 1177.9185791, 1606.74316406, 1241.83557129, 1121.66870117, 944.514709473, 724.932067871, 800.379699707, 561.495056152, 424.797851562, 376.641784668, 367.168609619, 305.461730957, 226.871429443, 296.690185547, 246.428649902, 387.458129883, 409.838012695, 233.087524414, 198.64616394, 135.917770386, 60.2780151367, 5.49865245819, 0.123408071697, 0.00655227666721, 0.000706733262632, 0.000257715408225],
        "mean": [0.254604011774, 2.25461697578, 4.79597902298, 6.9011631012, 7.77059602737, 7.8052573204, 12.3492679596, 10.716550827, 13.1998348236, 25.3826293945, 53.5324859619, 75.3790359497, 65.1812286377, 51.1380767822, 34.5903778076, 30.1523742676, 38.9281349182, 52.6456184387, 35.2938652039, 30.7632141113, 30.2501335144, 32.2863502502, 18.7125396729, 16.7868404388, 15.9573554993, 15.0335330963, 15.7144107819, 14.9535341263, 13.9096822739, 13.9013681412, 12.9305391312, 9.18361377716, 6.13128948212, 4.12250185013, 1.61823499203, 0.0924045965075, 0.00258457357995, 0.000198359732167, 4.96600041515e-05, 5.1619943406e-05],
        "median": [0.138787090778, 1.16825652122, 2.12457060814, 1.68916249275, 1.72961878777, 2.70497512817, 5.2390294075, 4.46500396729, 5.74422645569, 8.87426376343, 22.0498199463, 24.7807579041, 21.7902946472, 16.0886764526, 14.9700708389, 14.9096231461, 16.6944885254, 17.7754325867, 20.2609634399, 15.4092502594, 16.2856655121, 20.0338516235, 13.7239341736, 12.3407421112, 11.7217273712, 11.1967096329, 10.0606822968, 10.1083335876, 9.75793075562, 8.99141120911, 7.71152734756, 5.42390346527, 3.28654050827, 1.62693619728, 0.623336136341, 0.035621881485, 0.00106328201946, 9.13828989724e-05, 3.830219066e-05, 4.94090127177e-05],
        "min": [5.45380261624e-22, 8.61541404393e-21, 4.52908559548e-20, 5.68060017193e-20, 1.32237874861e-19, 5.28020766157e-19, 7.79485171638e-19, 4.08033151825e-19, 4.97523289057e-19, 9.37805576327e-19, 2.71770583165e-18, 1.65144034697e-18, 1.15318066037e-18, 4.50022804272e-19, 1.57584193264e-18, 2.66265716868e-18, 1.73826422259e-18, 4.03944511795e-18, 7.06003781334e-18, 1.03853402717e-17, 9.62643928286e-18, 1.62674580036e-17, 7.33493391913e-18, 6.78406802711e-18, 1.13341313236e-17, 1.3841566396e-17, 1.53967428754e-17, 1.87380794028e-17, 1.55548154361e-17, 1.93596659284e-17, 1.61826736451e-17, 1.90950690485e-17, 1.3739293785e-17, 1.49509024514e-17, 9.57812035456e-18, 7.83913689843e-18, 3.04941807858e-18, 1.60014636019e-18, 3.93817329215e-19, 4.29928060415e-20],
        "var": [0.135478034616, 8.26144599915, 66.7225265503, 233.681518555, 491.464935303, 296.362670898, 458.74319458, 385.37210083, 467.483734131, 2848.55004883, 7481.14550781, 14971.125, 14317.5927734, 8972.83203125, 3214.59912109, 2480.34570312, 3859.97802734, 8450.45214844, 2383.43530273, 2083.98754883, 1933.58654785, 1516.31103516, 429.943756104, 321.336334229, 276.379608154, 228.671524048, 299.152587891, 267.758453369, 188.421981812, 264.076538086, 306.87979126, 168.002487183, 96.9574432373, 53.1799697876, 8.40973091125, 0.0312784202397, 2.16558746615e-05, 1.0637833725e-07, 2.46785747393e-09, 8.38473790399e-10]
    },
    "gfcc": {
        "mean": [30.937297821, 80.9438934326, -138.678024292, 50.9145507812, -81.0821533203, 37.2430915833, -39.8241729736, 16.9826316833, -13.3542013168, -2.56278777122, -7.61986303329, -12.0100488663, 1.84711444378],
        "cov": [[2736.21972656, 129.664474487, 645.421508789, 432.809295654, 154.044311523, 315.485321045, 3.57591366768, 180.470779419, 29.1095027924, 157.673019409, -25.3375854492, 25.9346141815, -22.9187355042], [129.664474487, 677.387939453, 85.9998245239, 19.9895744324, 184.412124634, 68.917640686, 140.904876709, -6.95526170731, 91.7270050049, -44.8984375, 37.9214324951, -61.3806991577, 13.7114248276], [645.421508789, 85.9998245239, 1070.76135254, 665.899902344, 279.502227783, 272.806091309, 40.9735565186, 160.050247192, 60.7835388184, 129.21862793, 11.8483839035, 18.0021743774, -27.3341083527], [432.809295654, 19.9895744324, 665.899902344, 635.459533691, 250.939743042, 137.75088501, -9.61953258514, 69.1225738525, 74.7717895508, 61.7640991211, 3.10233545303, 25.8832874298, -6.20832681656], [154.044311523, 184.412124634, 279.502227783, 250.939743042, 262.195343018, 166.220825195, 88.8326721191, 50.4340438843, 51.8188667297, 18.435628891, 14.071103096, 0.565320611, 6.07554960251], [315.485321045, 68.917640686, 272.806091309, 137.75088501, 166.220825195, 270.531097412, 158.06338501, 85.5844345093, 8.09984207153, 39.851184845, 21.5005950928, 3.16297245026, -9.91096401215], [3.57591366768, 140.904876709, 40.9735565186, -9.61953258514, 88.8326721191, 158.06338501, 211.213195801, 74.1134567261, 27.4607467651, -0.935656189919, 23.7414226532, -22.8702106476, -4.88169431686], [180.470779419, -6.95526170731, 160.050247192, 69.1225738525, 50.4340438843, 85.5844345093, 74.1134567261, 145.955612183, 77.7629623413, 59.6888694763, 11.8116388321, 8.102394104, 1.19355750084], [29.1095027924, 91.7270050049, 60.7835388184, 74.7717895508, 51.8188667297, 8.09984207153, 27.4607467651, 77.7629623413, 155.745788574, 51.935710907, 18.1016921997, -0.793507695198, 19.1986694336], [157.673019409, -44.8984375, 129.21862793, 61.7640991211, 18.435628891, 39.851184845, -0.935656189919, 59.6888694763, 51.935710907, 113.762832642, 41.3348007202, 31.9128875732, 6.48368406296], [-25.3375854492, 37.9214324951, 11.8483839035, 3.10233545303, 14.071103096, 21.5005950928, 23.7414226532, 11.8116388321, 18.1016921997, 41.3348007202, 95.2080612183, 50.147064209, 19.2109889984], [25.9346141815, -61.3806991577, 18.0021743774, 25.8832874298, 0.565320611, 3.16297245026, -22.8702106476, 8.102394104, -0.793507695198, 31.9128875732, 50.147064209, 90.896522522, 43.0747795105], [-22.9187355042, 13.7114248276, -27.3341083527, -6.20832681656, 6.07554960251, -9.91096401215, -4.88169431686, 1.19355750084, 19.1986694336, 6.48368406296, 19.2109889984, 43.0747795105, 72.2912445068]],
        "icov": [[0.000815647188574, -0.00129833852407, 0.00102169404272, -0.0015837989049, 0.00189747149125, -0.00249141524546, 0.00197195541114, -0.00190471170936, 0.00137842469849, -0.00132842292078, 0.00114644772839, -0.000294120342005, 4.23745877924e-05], [-0.00129833852407, 0.00621746713296, -0.00407857168466, 0.00563927041367, -0.00710573419929, 0.00662112422287, -0.00577400904149, 0.00651439512148, -0.00562804285437, 0.00467266235501, -0.00457935221493, 0.00289756245911, -0.00107527140062], [0.00102169404272, -0.00407857168466, 0.00719359517097, -0.0080354437232, 0.00548171531409, -0.00735210534185, 0.00576531561092, -0.00738650886342, 0.00585867417976, -0.00490176538005, 0.00225241226144, 0.000644161948003, 7.13393892511e-05], [-0.0015837989049, 0.00563927041367, -0.0080354437232, 0.0126357655972, -0.0106286797673, 0.00873720366508, -0.00537172658369, 0.00846213847399, -0.00787394680083, 0.00573478313163, -0.00280475034378, -0.00112616631668, 0.00105695147067], [0.00189747149125, -0.00710573419929, 0.00548171531409, -0.0106286797673, 0.0192889794707, -0.0143217956647, 0.00682105356827, -0.00626512104645, 0.00383354327641, -0.00347987934947, 0.00412832805887, -0.00133171584457, -0.000920877617318], [-0.00249141524546, 0.00662112422287, -0.00735210534185, 0.00873720366508, -0.0143217956647, 0.0241268575191, -0.0166235659271, 0.00735960761085, -0.00244856905192, 0.00191927619744, -0.00276564597152, -0.00111538579222, 0.00106975645758], [0.00197195541114, -0.00577400904149, 0.00576531561092, -0.00537172658369, 0.00682105356827, -0.0166235659271, 0.0212120711803, -0.0125978803262, 0.00486881611869, 8.65702386363e-05, -0.00178966182284, 0.00453898822889, -0.00130272982642], [-0.00190471170936, 0.00651439512148, -0.00738650886342, 0.00846213847399, -0.00626512104645, 0.00735960761085, -0.0125978803262, 0.0248214937747, -0.0138295730576, 0.00133075844496, 0.000220853558858, -0.00313393841498, 0.00173145334702], [0.00137842469849, -0.00562804285437, 0.00585867417976, -0.00787394680083, 0.00383354327641, -0.00244856905192, 0.00486881611869, -0.0138295730576, 0.0192622505128, -0.00925440527499, 0.00182948203292, 0.00373710901476, -0.00405574031174], [-0.00132842292078, 0.00467266235501, -0.00490176538005, 0.00573478313163, -0.00347987934947, 0.00191927619744, 8.65702386363e-05, 0.00133075844496, -0.00925440527499, 0.0218789353967, -0.00977734848857, -0.000132666958962, 0.00104390294291], [0.00114644772839, -0.00457935221493, 0.00225241226144, -0.00280475034378, 0.00412832805887, -0.00276564597152, -0.00178966182284, 0.000220853558858, 0.00182948203292, -0.00977734848857, 0.0239300131798, -0.015135249123, 0.00404233019799], [-0.000294120342005, 0.00289756245911, 0.000644161948003, -0.00112616631668, -0.00133171584457, -0.00111538579222, 0.00453898822889, -0.00313393841498, 0.00373710901476, -0.000132666958962, -0.015135249123, 0.0303445737809, -0.0152180222794], [4.23745877924e-05, -0.00107527140062, 7.13393892511e-05, 0.00105695147067, -0.000920877617318, 0.00106975645758, -0.00130272982642, 0.00173145334702, -0.00405574031174, 0.00104390294291, 0.00404233019799, -0.0152180222794, 0.0232524685562]]
    },
    "melbands": {
        "dmean": [0.00157458439935, 0.00180318451021, 0.00107968924567, 0.000620094768237, 0.000313354597893, 0.000170644518221, 0.000162515687407, 0.000244917988311, 0.000315823737765, 0.000280647742329, 0.00020786614914, 0.000125957158161, 7.13274566806e-05, 5.46074079466e-05, 5.52928795514e-05, 5.44494287169e-05, 6.03232037975e-05, 4.04741549573e-05, 2.35665265791e-05, 2.40302688326e-05, 1.98229390662e-05, 2.23722126975e-05, 1.23651261674e-05, 7.58889882491e-06, 7.68412155594e-06, 6.9959087341e-06, 6.07414676779e-06, 5.06439482706e-06, 5.14244675287e-06, 4.93284142067e-06, 4.03141029892e-06, 3.44393583873e-06, 3.80274241252e-06, 3.78287950298e-06, 3.84727263736e-06, 3.236202474e-06, 2.67506879936e-06, 2.09596419154e-06, 1.97286158254e-06, 1.83019255928e-06],
        "dmean2": [0.00245868368074, 0.00274341204204, 0.00158963783178, 0.00109601940494, 0.000517656153534, 0.000279636238702, 0.000273573794402, 0.0004057106853, 0.000507221382577, 0.000447753933258, 0.000327213521814, 0.000200446986128, 0.000113833419164, 8.81523592398e-05, 9.10240487428e-05, 8.86509660631e-05, 9.58837044891e-05, 6.53780953144e-05, 3.81610043405e-05, 3.81468889827e-05, 3.21578663716e-05, 3.70453199139e-05, 2.03117797355e-05, 1.2379796317e-05, 1.2568015336e-05, 1.13751893878e-05, 9.87547718978e-06, 8.20743844088e-06, 8.10947949503e-06, 7.8064531408e-06, 6.41985798211e-06, 5.43378564544e-06, 5.94941366217e-06, 5.69591338717e-06, 5.8582309066e-06, 5.02535431224e-06, 4.0963354877e-06, 3.23053313878e-06, 3.04812056129e-06, 2.70061877927e-06],
        "dvar": [5.02918192069e-06, 8.43893667479e-06, 5.81312315262e-06, 2.91304854727e-06, 3.96722271034e-07, 1.1849044057e-07, 1.04516914234e-07, 3.00740907733e-07, 3.34752741082e-07, 2.80853697632e-07, 2.00195870548e-07, 7.03576219507e-08, 2.05855101854e-08, 1.25199921541e-08, 1.67608842361e-08, 1.17988339099e-08, 1.44247431777e-08, 5.52925083497e-09, 2.20927853789e-09, 2.76507572394e-09, 1.15817122559e-09, 1.38955869033e-09, 3.53016338384e-10, 3.26720595023e-10, 1.58162552499e-10, 1.26655186339e-10, 9.7839784885e-11, 6.29404028896e-11, 6.88496343271e-11, 7.53094947514e-11, 4.87435404539e-11, 2.49318690693e-11, 4.19215946679e-11, 4.4831485746e-11, 5.9464586033e-11, 5.0595493073e-11, 3.37891242763e-11, 2.95834398645e-11, 2.77780385499e-11, 1.93851601438e-11],
        "dvar2": [1.17552253869e-05, 1.95609900402e-05, 1.22197125165e-05, 8.13720453152e-06, 1.02497335774e-06, 2.99312119978e-07, 2.6798414865e-07, 7.61950730066e-07, 8.3715974597e-07, 6.79493325606e-07, 4.81548340758e-07, 1.7388576623e-07, 4.83263029594e-08, 2.94342807905e-08, 4.20064516504e-08, 2.88808887916e-08, 3.52978020146e-08, 1.3697429857e-08, 5.30508259544e-09, 6.53575682463e-09, 2.70342037645e-09, 3.51914031249e-09, 8.57018345179e-10, 9.22856235874e-10, 4.06782968421e-10, 3.00505259565e-10, 2.34301217317e-10, 1.526592186e-10, 1.66247432487e-10, 1.91352975132e-10, 1.18526091719e-10, 5.85505324779e-11, 9.87155704402e-11, 9.53096004896e-11, 1.3440774882e-10, 1.20782800428e-10, 8.20057147188e-11, 7.23415216619e-11, 6.81101425259e-11, 4.1700396608e-11],
        "max": [0.0282948147506, 0.0268328748643, 0.0282804891467, 0.0178117491305, 0.0173866711557, 0.00810915790498, 0.00435609603301, 0.00933502148837, 0.00868757721037, 0.00728474184871, 0.00981203280389, 0.006056569051, 0.00446990737692, 0.00334280147217, 0.00468561192974, 0.00250176317059, 0.00230232370086, 0.00176437548362, 0.00159302074462, 0.00130923266988, 0.00074023695197, 0.0007080041687, 0.000465050921775, 0.000759328075219, 0.000326538691297, 0.00032283103792, 0.00024846981978, 0.000193150466657, 0.000170392202563, 0.000241466492298, 0.000151844491484, 0.000104972932604, 0.00025439140154, 0.000187069235835, 0.000251802324783, 0.000184746633749, 0.000144887162605, 0.000159045812325, 0.000146569887875, 0.000111514011223],
        "mean": [0.00255312118679, 0.00276543735527, 0.00124138221145, 0.000546131050214, 0.000423358782427, 0.000248356198426, 0.000203564952244, 0.000303140375763, 0.00048897403758, 0.000456881680293, 0.000323924236, 0.000217018954572, 0.000127733990666, 8.39177228045e-05, 8.39741624077e-05, 8.70792937349e-05, 0.000100540026324, 6.19763086434e-05, 3.84242848668e-05, 4.14731221099e-05, 3.25183646055e-05, 3.51063172275e-05, 2.19533285417e-05, 1.36754597406e-05, 1.35337859319e-05, 1.27254570543e-05, 1.12369343697e-05, 9.16942917684e-06, 9.22194249142e-06, 9.66523657553e-06, 8.27685016702e-06, 7.63062053011e-06, 7.97517259343e-06, 7.77619152359e-06, 7.69494636188e-06, 6.44799774818e-06, 5.38591575605e-06, 4.33581362813e-06, 3.91411731471e-06, 3.34688002113e-06],
        "median": [0.00145364727359, 0.00151322851889, 0.000313451979309, 0.000155589805217, 0.000181942814379, 0.000103350204881, 8.7343621999e-05, 0.00010387768998, 0.000190884631593, 0.000142161734402, 9.21181053855e-05, 6.2268183683e-05, 4.51877058367e-05, 4.05409009545e-05, 3.57615354005e-05, 3.21075895044e-05, 3.17240992445e-05, 3.1095903978e-05, 1.95027496375e-05, 1.75193799805e-05, 1.71351020981e-05, 1.99865535251e-05, 1.51555850607e-05, 9.16498538572e-06, 9.63570164458e-06, 9.05623346625e-06, 8.19897832116e-06, 6.52292874292e-06, 5.6687003962e-06, 6.40713142275e-06, 5.41186091141e-06, 5.35352228326e-06, 5.33432148586e-06, 4.70394843433e-06, 4.43891576651e-06, 3.831412414e-06, 3.0156743378e-06, 2.35527886616e-06, 1.78269829121e-06, 1.20184324715e-06],
        "min": [7.74855310938e-24, 1.97860135872e-23, 1.31570213409e-23, 1.88449151491e-23, 3.22438217539e-23, 8.63313676342e-24, 9.5752212777e-24, 1.118975686e-23, 2.40149233507e-23, 9.32886711675e-24, 5.40452668801e-24, 1.34945899106e-24, 4.37918263834e-24, 6.79765938536e-24, 5.28709724809e-24, 4.50132236673e-24, 7.61222137887e-24, 9.93233939836e-24, 1.3859121746e-23, 1.20823379859e-23, 1.27520769501e-23, 1.93222296393e-23, 1.01221038334e-23, 4.72377798655e-24, 5.25681879439e-24, 7.85977776385e-24, 8.13499161216e-24, 9.25258032291e-24, 1.02671769316e-23, 8.99424415367e-24, 1.08655934037e-23, 5.99456742941e-24, 1.41247958994e-23, 9.90914846547e-24, 7.5892055731e-24, 1.33332497117e-23, 1.11607843655e-23, 9.05549762524e-24, 1.02071383058e-23, 1.43455239139e-23],
        "var": [1.03401798697e-05, 1.40038191603e-05, 7.30202373234e-06, 1.96018618226e-06, 4.97592225202e-07, 1.99175815396e-07, 1.1804824851e-07, 3.63617431276e-07, 6.17037869688e-07, 5.63936339404e-07, 3.88859916711e-07, 1.7762536686e-07, 5.12226918659e-08, 2.34522161691e-08, 2.40424373743e-08, 2.21767493258e-08, 3.38478223227e-08, 9.04646491051e-09, 3.89637966336e-09, 6.32581409477e-09, 2.28707452976e-09, 2.1299522146e-09, 5.99275407076e-10, 5.01835129008e-10, 2.25339399917e-10, 2.00957792074e-10, 1.4827736261e-10, 9.59909096654e-11, 1.17479997952e-10, 1.1804937583e-10, 9.37081176544e-11, 5.71191531573e-11, 7.9631676253e-11, 9.44696265659e-11, 1.13030813875e-10, 8.82143733061e-11, 6.22690093932e-11, 4.87346274447e-11, 4.73490760489e-11, 3.77291566045e-11]
    },
    "mfcc": {
        "mean": [-591.561462402, 86.6729354858, 6.23784399033, 9.30090713501, -0.498919725418, 7.28511810303, -1.21592664719, 8.72300052643, 5.08274888992, 7.63882350922, 2.87354278564, 1.8273743391, -2.30022096634],
        "cov": [[2027.88256836, -2.27555036545, 386.434753418, 152.344314575, 211.034454346, 143.244049072, 98.7211608887, 46.5818786621, 90.2617340088, 80.9619979858, 67.3853912354, 77.6634521484, 47.3002548218], [-2.27555036545, 617.11730957, -106.340507507, -74.6131134033, -13.3658723831, 53.9864425659, 68.3812789917, 64.1964263916, 30.6121711731, 49.3480644226, 46.8833045959, 9.12557792664, -28.5053310394], [386.434753418, -106.340507507, 808.937316895, 415.578308105, 356.885131836, 188.41998291, 142.801544189, 69.9156646729, 109.441810608, 87.585357666, 61.048412323, 101.245353699, 108.979362488], [152.344314575, -74.6131134033, 415.578308105, 446.280151367, 296.739685059, 125.542366028, 9.81863498688, 37.9998474121, 64.4593505859, 44.644569397, 2.60068917274, 54.9146995544, 76.405708313], [211.034454346, -13.3658723831, 356.885131836, 296.739685059, 325.888031006, 149.744644165, 55.3471450806, 54.3284416199, 76.0018692017, 50.9405937195, 20.591835022, 55.059425354, 70.1824111938], [143.244049072, 53.9864425659, 188.41998291, 125.542366028, 149.744644165, 208.015365601, 141.435119629, 79.4669036865, 49.260383606, 39.6465530396, 32.0051727295, 21.6811275482, 13.1928939819], [98.7211608887, 68.3812789917, 142.801544189, 9.81863498688, 55.3471450806, 141.435119629, 235.347930908, 104.116455078, 37.0001602173, 33.2050857544, 48.7695884705, 19.1835594177, -0.154260382056], [46.5818786621, 64.1964263916, 69.9156646729, 37.9998474121, 54.3284416199, 79.4669036865, 104.116455078, 130.132995605, 66.3989181519, 45.1717376709, 35.7202644348, 19.3337802887, 4.8116440773], [90.2617340088, 30.6121711731, 109.441810608, 64.4593505859, 76.0018692017, 49.260383606, 37.0001602173, 66.3989181519, 128.211181641, 78.6387252808, 37.2087020874, 24.7136135101, 20.5271072388], [80.9619979858, 49.3480644226, 87.585357666, 44.644569397, 50.9405937195, 39.6465530396, 33.2050857544, 45.1717376709, 78.6387252808, 117.022941589, 63.0915336609, 29.3834476471, 10.1633024216], [67.3853912354, 46.8833045959, 61.048412323, 2.60068917274, 20.591835022, 32.0051727295, 48.7695884705, 35.7202644348, 37.2087020874, 63.0915336609, 96.5239486694, 47.7765464783, 13.9192419052], [77.6634521484, 9.12557792664, 101.245353699, 54.9146995544, 55.059425354, 21.6811275482, 19.1835594177, 19.3337802887, 24.7136135101, 29.3834476471, 47.7765464783, 83.0478134155, 54.5732574463], [47.3002548218, -28.5053310394, 108.979362488, 76.405708313, 70.1824111938, 13.1928939819, -0.154260382056, 4.8116440773, 20.5271072388, 10.1633024216, 13.9192419052, 54.5732574463, 93.6167602539]],
