{
"lowlevel": {
    "average_loudness": 0.964906871319,
    "barkbands_crest": {
        "dmean": 2.10568928719,
        "dmean2": 3.41661405563,
        "dvar": 3.93895339966,
        "dvar2": 10.0829610825,
        "max": 25.1898574829,
        "mean": 7.97204780579,
        "median": 7.1997127533,
        "min": 2.12588334084,
        "var": 11.8729944229
    },
    "barkbands_flatness_db": {
        "dmean": 0.0143865337595,
        "dmean2": 0.0229095313698,
        "dvar": 0.000163010612596,
        "dvar2": 0.000399210490286,
        "max": 0.279614925385,
        "mean": 0.125239133835,
        "median": 0.114445887506,
        "min": 0.0576064363122,
        "var": 0.00127046089619
    },
    "barkbands_kurtosis": {
        "dmean": 0.971863985062,
        "dmean2": 1.54268097878,
        "dvar": 2.19783616066,
        "dvar2": 5.05040836334,
        "max": 33.2002220154,
        "mean": 0.497398227453,
        "median": -0.383821964264,
        "min": -1.87735128403,
        "var": 7.14485025406
    },
    "barkbands_skewness": {
        "dmean": 0.353947401047,
        "dmean2": 0.546521484852,
        "dvar": 0.107664823532,
        "dvar2": 0.247323185205,
        "max": 5.51947498322,
        "mean": 0.914173722267,
        "median": 0.834615528584,
        "min": -1.88750123978,
        "var": 0.60754096508
    },
    "barkbands_spread": {
        "dmean": 5.22285604477,
        "dmean2": 8.14216804504,
        "dvar": 27.1983394623,
        "dvar2": 60.7420883179,
        "max": 112.390151978,
        "mean": 34.1174888611,
        "median": 35.6219940186,
        "min": 3.69828343391,
        "var": 183.592529297
    },
    "dissonance": {
        "dmean": 0.0104359043762,
        "dmean2": 0.0177951231599,
        "dvar": 0.000123474732391,
        "dvar2": 0.000309220893541,
        "max": 0.500000178814,
        "mean": 0.482385843992,
        "median": 0.486257880926,
        "min": 0.0826476365328,
        "var": 0.000226563090109
    },
    "dynamic_complexity": 1.48705482483,
    "erbbands_crest": {
        "dmean": 2.20586323738,
        "dmean2": 3.5828704834,
        "dvar": 4.49395656586,
        "dvar2": 11.1313705444,
        "max": 28.0855197906,
        "mean": 7.65710544586,
        "median": 6.68576908112,
        "min": 2.20556688309,
        "var": 14.8540630341
    },
    "erbbands_flatness_db": {
        "dmean": 0.0114878639579,
        "dmean2": 0.0174549203366,
        "dvar": 0.000105708073534,
        "dvar2": 0.000229057026445,
        "max": 0.315522789955,
        "mean": 0.163875833154,
        "median": 0.153366550803,
        "min": 0.0477386154234,
        "var": 0.00188584183343
    },
    "erbbands_kurtosis": {
        "dmean": 0.614203989506,
        "dmean2": 0.988697111607,
        "dvar": 0.445177108049,
        "dvar2": 1.11963760853,
        "max": 11.4465484619,
        "mean": 0.174894779921,
        "median": -0.0516874790192,
        "min": -1.62228822708,
        "var": 1.33828306198
    },
    "erbbands_skewness": {
        "dmean": 0.255850344896,
        "dmean2": 0.403106570244,
        "dvar": 0.0503668040037,
        "dvar2": 0.121076226234,
        "max": 2.65986585617,
        "mean": -0.0303540490568,
        "median": -0.126930937171,
        "min": -2.68081259727,
        "var": 0.394992917776
    },
    "erbbands_spread": {
        "dmean": 6.18453645706,
        "dmean2": 9.6153755188,
        "dvar": 31.1489429474,
        "dvar2": 70.8596191406,
        "max": 115.466018677,
        "mean": 38.3296089172,
        "median": 37.3657226562,
        "min": 6.36040687561,
        "var": 229.666885376
    },
    "hfc": {
        "dmean": 6.69777774811,
        "dmean2": 10.0178451538,
        "dvar": 58.5710449219,
        "dvar2": 123.115402222,
        "max": 149.701370239,
        "mean": 34.5374298096,
        "median": 32.2700958252,
        "min": 1.18635408123e-16,
        "var": 293.902893066
    },
    "melbands_crest": {
        "dmean": 2.86902976036,
        "dmean2": 4.63947200775,
        "dvar": 7.20828914642,
        "dvar2": 17.7980880737,
        "max": 31.9910335541,
        "mean": 12.3931150436,
        "median": 11.4903898239,
        "min": 2.98334312439,
        "var": 21.900844574
    },
    "melbands_flatness_db": {
        "dmean": 0.0181913394481,
        "dmean2": 0.0278347581625,
        "dvar": 0.000294343044516,
        "dvar2": 0.000673046743032,
        "max": 0.342226922512,
        "mean": 0.135505303741,
        "median": 0.129238635302,
        "min": 0.00979318097234,
        "var": 0.00162635825109
    },
    "melbands_kurtosis": {
        "dmean": 3.23286437988,
        "dmean2": 5.06415653229,
        "dvar": 21.816822052,
        "dvar2": 52.2887191772,
        "max": 103.231613159,
        "mean": 6.68723201752,
        "median": 4.3412361145,
        "min": -1.50722444057,
        "var": 74.5585403442
    },
    "melbands_skewness": {
        "dmean": 0.509704291821,
        "dmean2": 0.787027955055,
        "dvar": 0.236940607429,
        "dvar2": 0.557058215141,
        "max": 9.0155248642,
        "mean": 2.15821361542,
        "median": 1.9899623394,
        "min": -1.13196742535,
        "var": 1.34024989605
    },
    "melbands_spread": {
        "dmean": 7.79767513275,
        "dmean2": 12.0934467316,
        "dvar": 64.2285461426,
        "dvar2": 139.723175049,
        "max": 166.0859375,
        "mean": 37.7373161316,
        "median": 37.3703308105,
        "min": 3.01325082779,
        "var": 329.595825195
    },
    "pitch_salience": {
        "dmean": 0.0584039203823,
        "dmean2": 0.0941013246775,
        "dvar": 0.00259107165039,
        "dvar2": 0.00654793623835,
        "max": 0.933248519897,
        "mean": 0.597870767117,
        "median": 0.603870153427,
        "min": 0.14555464685,
        "var": 0.00973176117986
    },
    "silence_rate_20dB": {
        "dmean": 0,
        "dmean2": 0,
        "dvar": 0,
        "dvar2": 0,
        "max": 1,
        "mean": 1,
        "median": 1,
        "min": 1,
        "var": 0
    },
    "silence_rate_30dB": {
        "dmean": 0,
        "dmean2": 0,
        "dvar": 0,
        "dvar2": 0,
        "max": 1,
        "mean": 1,
        "median": 1,
        "min": 1,
        "var": 0
    },
    "silence_rate_60dB": {
        "dmean": 0.000705384416506,
        "dmean2": 0.00141093472484,
        "dvar": 0.000704866251908,
        "dvar2": 0.00164402555674,
        "max": 1,
        "mean": 0.00223345472477,
        "median": 0,
        "min": 0,
        "var": 0.00222824700177
    },
    "spectral_centroid": {
        "dmean": 229.608520508,
        "dmean2": 356.905731201,
        "dvar": 49476.296875,
        "dvar2": 104916.804688,
        "max": 10732.6777344,
        "mean": 1992.18896484,
        "median": 2067.92919922,
        "min": 345.690734863,
        "var": 251953.71875
    },
    "spectral_complexity": {
        "dmean": 4.3656244278,
        "dmean2": 6.76378583908,
        "dvar": 13.7724313736,
        "dvar2": 28.9844150543,
        "max": 59,
        "mean": 34.2582588196,
        "median": 36,
        "min": 0,
        "var": 100.883987427
    },
    "spectral_decrease": {
        "dmean": 1.61664293064e-09,
        "dmean2": 2.5603426046e-09,
        "dvar": 2.77077194949e-18,
        "dvar2": 6.92215300908e-18,
        "max": -1.34320854335e-29,
        "mean": -7.18003345668e-09,
        "median": -7.08060454713e-09,
        "min": -2.29138610308e-08,
        "var": 9.10826605019e-18
    },
    "spectral_energy": {
        "dmean": 0.00648379372433,
        "dmean2": 0.0102428821847,
        "dvar": 4.32019405707e-05,
        "dvar2": 0.00010697045218,
        "max": 0.0902757644653,
        "mean": 0.0302317887545,
        "median": 0.0299930218607,
        "min": 1.08112756477e-20,
        "var": 0.000149958010297
    },
    "spectral_energyband_high": {
        "dmean": 0.000449516926892,
        "dmean2": 0.000674903800245,
        "dvar": 5.4174000752e-07,
        "dvar2": 1.06221682472e-06,
        "max": 0.0184377077967,
        "mean": 0.00192389683798,
        "median": 0.0017788897967,
        "min": 7.56900148848e-21,
        "var": 2.25193184633e-06
    },
    "spectral_energyband_low": {
        "dmean": 0.00349406362511,
        "dmean2": 0.00568075431511,
        "dvar": 2.37125750573e-05,
        "dvar2": 6.40670768917e-05,
        "max": 0.0635966062546,
        "mean": 0.00981782656163,
        "median": 0.00883736647666,
        "min": 3.62425703043e-23,
        "var": 6.37974517304e-05
    },
    "spectral_energyband_middle_high": {
        "dmean": 0.0027951693628,
        "dmean2": 0.00430513359606,
        "dvar": 1.17618574222e-05,
        "dvar2": 2.76204009424e-05,
        "max": 0.0589466020465,
        "mean": 0.0100607862696,
        "median": 0.00783666130155,
        "min": 1.79462609617e-21,
        "var": 4.77931062051e-05
    },
    "spectral_energyband_middle_low": {
        "dmean": 0.00358369410969,
        "dmean2": 0.00558128580451,
        "dvar": 2.00259000849e-05,
        "dvar2": 4.65696066385e-05,
        "max": 0.0697325915098,
        "mean": 0.0103421583772,
        "median": 0.00804316904396,
        "min": 4.26588058178e-22,
        "var": 6.46893386147e-05
    },
    "spectral_entropy": {
        "dmean": 0.07997597754,
        "dmean2": 0.118237458169,
        "dvar": 0.00635819230229,
        "dvar2": 0.011838872917,
        "max": 9.80314922333,
        "mean": 7.95904588699,
        "median": 7.99999046326,
        "min": 6.79289770126,
        "var": 0.0515611432493
    },
    "spectral_flux": {
        "dmean": 0.0173433721066,
        "dmean2": 0.0264879502356,
        "dvar": 0.000280756765278,
        "dvar2": 0.00058536027791,
        "max": 0.253801226616,
        "mean": 0.0913958922029,
        "median": 0.0877710431814,
        "min": 1.03977285115e-10,
        "var": 0.000866261078045
    },
    "spectral_kurtosis": {
        "dmean": 0.790843248367,
        "dmean2": 1.35830664635,
        "dvar": 0.697472393513,
        "dvar2": 2.0440120697,
        "max": 13.5298023224,
        "mean": 2.31618118286,
        "median": 2.04045581818,
        "min": -1.23210394382,
        "var": 1.74085021019
    },
    "spectral_rms": {
        "dmean": 0.000574901874643,
        "dmean2": 0.000903474923689,
        "dvar": 2.86994321641e-07,
        "dvar2": 6.99711108609e-07,
        "max": 0.00938477087766,
        "mean": 0.00530500710011,
        "median": 0.00540938833728,
        "min": 3.24770483943e-12,
        "var": 1.35136792778e-06
    },
    "spectral_rolloff": {
        "dmean": 531.617492676,
        "dmean2": 855.436035156,
        "dvar": 427481.84375,
        "dvar2": 873575.1875,
        "max": 18970.7519531,
        "mean": 2316.62060547,
        "median": 2239.453125,
        "min": 107.666015625,
        "var": 1498127.375
    },
    "spectral_skewness": {
        "dmean": 0.126876562834,
        "dmean2": 0.208028286695,
        "dvar": 0.0140339359641,
        "dvar2": 0.0358860120177,
        "max": 2.6887075901,
        "mean": 1.11175262928,
        "median": 1.07971608639,
        "min": 0.0267265755683,
        "var": 0.0642277449369
    },
    "spectral_spread": {
        "dmean": 318222.625,
        "dmean2": 468514.21875,
        "dvar": 213130788864,
        "dvar2": 296665415680,
        "max": 41460292,
        "mean": 4492412.5,
        "median": 4479690,
        "min": 2194317.25,
        "var": 1.01296249242e+12
    },
    "spectral_strongpeak": {
        "dmean": 0.702881395817,
        "dmean2": 1.20855998993,
        "dvar": 1.47438693047,
        "dvar2": 3.68345952034,
        "max": 13.5216159821,
        "mean": 1.07622301579,
        "median": 0.500365018845,
        "min": 0,
        "var": 2.15848684311
    },
    "zerocrossingrate": {
        "dmean": 0.00878825876862,
        "dmean2": 0.0106485504657,
        "dvar": 0.000103689417301,
        "dvar2": 0.000124325772049,
        "max": 0.6845703125,
        "mean": 0.0845074951649,
        "median": 0.08349609375,
        "min": 0.01220703125,
        "var": 0.000819104490802
    },
    "barkbands": {
        "dmean": [0.000290768657578, 0.00217429501936, 0.00147525011562, 0.00132667680737, 0.00128484482411, 0.000875739671756, 0.000690759799909, 0.000770416052546, 0.000628196052276, 0.000665711471811, 0.000864433939569, 0.000465165066998, 0.000560803280678, 0.00092036195565, 0.000464936339995, 0.000454544642707, 0.000337185629178, 0.000373833463527, 0.000296687707305, 0.000210245721973, 0.000185142853297, 0.000110822278657, 0.000117980729556, 0.000103099635453, 5.45720176888e-05, 1.40452343089e-07, 1.19765020123e-09],
        "dmean2": [0.000450998108136, 0.00361372856423, 0.00246276240796, 0.00205543683842, 0.00206935917959, 0.00139727245551, 0.0011118008988, 0.00124053878244, 0.00100583012681, 0.0010842931224, 0.00142147287261, 0.000755226006731, 0.000892331067007, 0.00148425390944, 0.000740695220884, 0.00073578057345, 0.000543805712368, 0.000599028659053, 0.0004838447785, 0.000343776337104, 0.000302217609715, 0.000173469466972, 0.000182418792974, 0.000154941953951, 7.964381075e-05, 2.41247164467e-07, 2.21001994483e-09],
        "dvar": [3.60927913334e-07, 1.31035567392e-05, 6.39655081613e-06, 3.86046258427e-06, 5.79741299589e-06, 5.72863791604e-06, 2.25134431275e-06, 3.5580696931e-06, 2.10643906939e-06, 2.29404145102e-06, 2.39509472522e-06, 7.06467858436e-07, 9.75204216047e-07, 3.54608232556e-06, 8.72002544838e-07, 7.2889298508e-07, 2.86706097086e-07, 3.17239909009e-07, 1.61343493232e-07, 6.56012844047e-08, 5.77817438341e-08, 3.46238273607e-08, 5.91207793832e-08, 5.73737999332e-08, 1.27572086228e-08, 1.06394141544e-13, 2.47850008775e-18],
        "dvar2": [8.35507194097e-07, 3.70632515114e-05, 1.72894142452e-05, 8.59690044308e-06, 1.4113549696e-05, 1.46399152072e-05, 5.48397065359e-06, 8.74247052707e-06, 4.64610820927e-06, 5.86073019804e-06, 6.30307522442e-06, 1.79794869837e-06, 2.21887557927e-06, 8.8492715804e-06, 2.04604589271e-06, 1.79858886895e-06, 7.05606623796e-07, 7.39605127364e-07, 4.21901802383e-07, 1.62189820685e-07, 1.48767583141e-07, 7.52220259415e-08, 1.25201339074e-07, 1.15535065959e-07, 2.4540447896e-08, 2.94934161729e-13, 7.53046287232e-18],
        "max": [0.0133204385638, 0.0521252043545, 0.0359538048506, 0.0557200685143, 0.0571283623576, 0.0560994744301, 0.029974617064, 0.0405313745141, 0.0351326055825, 0.0358611270785, 0.0225483421236, 0.0225744079798, 0.0207447484136, 0.0417682901025, 0.0205274168402, 0.0186071228236, 0.0152062838897, 0.0146950008348, 0.0110476436093, 0.00625163502991, 0.00469848932698, 0.00589993409812, 0.00623616110533, 0.00903589464724, 0.00365017866716, 1.20479571706e-05, 3.56310465577e-08],
        "mean": [0.000453374348581, 0.00466510374099, 0.00298879574984, 0.00279814377427, 0.00251691974699, 0.00132679392118, 0.00107455404941, 0.00116821681149, 0.00107540318277, 0.00107853242662, 0.00143376598135, 0.000830454868264, 0.000960591481999, 0.00161325500812, 0.000831747194752, 0.000881317828316, 0.000735370384064, 0.000851173244882, 0.000735564855859, 0.000577743456233, 0.00053147476865, 0.000315744400723, 0.000338493788149, 0.000306961446768, 0.000142097371281, 1.43727419299e-07, 1.143363626e-09],
        "median": [6.38920828351e-05, 0.00382169219665, 0.00195316039026, 0.00176343717612, 0.00130100047681, 0.000483692827402, 0.000446037738584, 0.000397578289267, 0.000465115648694, 0.000465705234092, 0.000624919077381, 0.000456117879367, 0.00051729840925, 0.000573042256292, 0.000479548121803, 0.000535463448614, 0.00046896605636, 0.000607230467722, 0.000589754548855, 0.000507531047333, 0.000464578974061, 0.000247273303103, 0.000268663483439, 0.000255998136709, 0.000101567027741, 5.66607880614e-08, 5.96853511059e-10],
        "min": [1.0147627428e-23, 1.84452166834e-23, 1.19194879072e-23, 9.70701232484e-24, 4.69763702942e-23, 2.47704091288e-23, 1.71477585354e-22, 3.21627173865e-23, 6.83022151249e-23, 1.96353323191e-22, 2.64580893142e-22, 6.68294938564e-23, 7.36174841736e-23, 8.08800658332e-23, 9.7395821828e-23, 2.5882993306e-22, 1.41335576197e-22, 1.5599193024e-22, 2.87541213592e-22, 3.03914482374e-22, 3.47079209303e-22, 7.95735379937e-22, 5.52353943487e-22, 7.81687042014e-22, 1.04307677191e-21, 1.50411757913e-21, 2.65906861038e-21],
        "var": [6.63781293042e-07, 2.29148354265e-05, 1.18862462841e-05, 1.32351442517e-05, 1.99407149921e-05, 8.39464519231e-06, 4.07403194913e-06, 6.96289225743e-06, 5.06844344272e-06, 4.30843556387e-06, 4.57821897726e-06, 1.45422268361e-06, 2.1644248136e-06, 8.34519505588e-06, 1.63683591836e-06, 1.66041638749e-06, 8.38512335122e-07, 7.76591548401e-07, 4.22529751631e-07, 2.16721360857e-07, 1.77991793748e-07, 9.35962845006e-08, 1.64782449019e-07, 1.73531802261e-07, 3.7675395248e-08, 1.11305882317e-13, 2.0409006574e-18]
    },
    "erbbands": {
        "dmean": [0.0859283879399, 0.448894917965, 1.40372180939, 3.36633849144, 3.46140027046, 5.33860015869, 5.29067611694, 8.0146818161, 8.77534198761, 15.4189815521, 13.3788976669, 14.1338949203, 19.5895385742, 20.8778686523, 32.5983047485, 17.352640152, 23.120016098, 46.0326385498, 23.923418045, 25.6962242126, 19.8302249908, 17.5438346863, 18.2377815247, 18.8846340179, 12.2803382874, 9.90318489075, 8.94805717468, 6.06909227371, 4.15591430664, 3.77592110634, 3.34021711349, 2.88120269775, 1.402099967, 0.882312834263, 0.26709190011, 0.0159073211253, 0.000418346113293, 3.08384223899e-05, 6.78915330354e-06, 8.07318974694e-06],
        "dmean2": [0.141810685396, 0.752058029175, 2.36284661293, 5.31637334824, 5.57895374298, 8.53684711456, 8.3592672348, 12.9031152725, 14.2246227264, 24.6647224426, 21.6035614014, 22.523973465, 31.9808273315, 34.0954742432, 53.5102272034, 27.8198928833, 36.6402931213, 73.8053436279, 38.3497085571, 40.8089179993, 31.5696144104, 28.0216121674, 29.1988506317, 30.3187561035, 20.0955410004, 16.0980701447, 14.7235918045, 9.82451915741, 6.50980329514, 5.90686321259, 5.18131828308, 4.47791719437, 2.0980796814, 1.29981982708, 0.398702740669, 0.0243826154619, 0.000621998507995, 4.43511853518e-05, 1.00121214928e-05, 1.26153418023e-05],
        "dvar": [0.0241846572608, 0.607398927212, 6.08466482162, 23.2315216064, 26.2378253937, 134.229797363, 214.068588257, 515.679321289, 377.734741211, 1050.22875977, 1386.08837891, 1182.33166504, 1774.43347168, 1816.39794922, 3489.51782227, 1010.80639648, 1583.65576172, 9655.58007812, 2341.34204102, 2382.32446289, 1097.81884766, 835.723754883, 708.874938965, 856.821838379, 224.36416626, 153.223571777, 140.583053589, 64.5339050293, 50.5851325989, 51.6785964966, 45.507183075, 39.7006950378, 12.3850822449, 3.45173096657, 0.340468108654, 0.00138328410685, 8.99948190636e-07, 4.56322535314e-09, 1.20623858124e-10, 6.52664380874e-11],
        "dvar2": [0.0638075694442, 1.74188661575, 16.4444484711, 57.8658981323, 66.8683624268, 319.554168701, 527.540527344, 1343.60327148, 938.109008789, 2565.61279297, 3288.18823242, 2476.30908203, 4543.86914062, 4463.32080078, 9189.89550781, 2517.5793457, 3646.39135742, 24097.1660156, 5733.23046875, 5320.93066406, 2720.25048828, 2022.01367188, 1629.96936035, 2001.19763184, 572.674682617, 374.982208252, 375.073760986, 156.260925293, 110.162712097, 111.04901886, 99.6541748047, 85.4547729492, 24.6353569031, 6.71261644363, 0.698554992676, 0.00312149873935, 1.88294154668e-06, 8.69342731136e-09, 2.21478849149e-10, 1.52766466144e-10],
        "max": [2.61790084839, 11.7689447403, 32.576461792, 91.0048675537, 113.034606934, 315.557922363, 381.775238037, 536.933837891, 426.746032715, 778.860229492, 1107.51477051, 1023.6395874, 984.777099609, 898.661132812, 965.674926758, 967.919677734, 970.693847656, 2464.05200195, 1111.61938477, 1428.68725586, 725.311401367, 1051.74584961, 951.784118652, 900.351074219, 454.985534668, 303.351715088, 251.149841309, 169.104782104, 238.797576904, 284.698638916, 190.421844482, 220.30531311, 175.151092529, 75.6237945557, 15.5937824249, 0.882114291191, 0.0240418203175, 0.00219952152111, 0.000401207391405, 0.000144616977195],
        "mean": [0.165792196989, 0.927817285061, 2.81205892563, 7.87181425095, 6.80789327621, 10.0590143204, 8.91393280029, 11.5598449707, 14.3173589706, 24.0220489502, 21.923324585, 24.5620498657, 33.0240707397, 38.35572052, 57.8606376648, 34.8650741577, 44.3675498962, 83.8728256226, 46.8171577454, 52.2366790771, 44.3752098083, 41.6067199707, 43.5462684631, 45.6224632263, 32.5731391907, 27.6744918823, 24.6835422516, 17.2287960052, 11.7058210373, 10.175994873, 9.54663181305, 8.173787117, 4.00071001053, 2.22419643402, 0.675977528095, 0.0365924015641, 0.00111027527601, 9.91908964352e-05, 3.39387916028e-05, 4.19073694502e-05],
        "median": [0.0955916419625, 0.802744090557, 1.97600901127, 6.16736078262, 4.57519388199, 3.87369251251, 3.44179034233, 4.10611438751, 5.88229656219, 8.93556404114, 9.50505447388, 11.2318487167, 15.4964447021, 17.0300674438, 27.2753505707, 20.9452972412, 25.5837287903, 31.4927902222, 27.5204372406, 31.3914718628, 28.4468193054, 27.717546463, 31.9384708405, 33.7750892639, 28.3658046722, 24.3253192902, 21.2577323914, 14.7552261353, 9.16019439697, 7.95851135254, 7.57911157608, 6.77368354797, 3.13139915466, 1.54216265678, 0.503206729889, 0.026398351416, 0.00084545428399, 8.1472324382e-05, 3.25916189468e-05, 4.2169522203e-05],
        "min": [3.99642993037e-22, 4.76102582755e-21, 1.05674867803e-20, 2.84772177014e-20, 1.32487334439e-19, 1.02394393894e-19, 2.04679884291e-19, 2.23241002981e-19, 1.53245630951e-18, 2.58767386654e-18, 5.73063025257e-19, 1.71422273507e-18, 5.32373731752e-18, 6.89981995972e-18, 9.24156207e-18, 3.26618902991e-18, 3.25021307035e-18, 4.18016342939e-18, 4.14235755308e-18, 7.65154639757e-18, 1.4569714464e-17, 9.51246123907e-18, 9.55764680722e-18, 1.03621552264e-17, 1.73710691419e-17, 1.30189948338e-17, 1.15120727626e-17, 1.7428707087e-17, 3.24665214054e-17, 1.7395768755e-17, 1.60737471934e-17, 1.63593031757e-17, 1.20854884253e-17, 9.40511552944e-18, 9.07568671459e-18, 5.76390865919e-18, 2.48805815973e-18, 1.31275631164e-18, 3.80850497632e-19, 4.15322344931e-20],
        "var": [0.0440021231771, 0.909472763538, 9.68805503845, 63.3144340515, 63.7890129089, 576.319213867, 320.908050537, 697.97277832, 664.845214844, 2096.83837891, 2690.45874023, 2889.55566406, 3263.46728516, 3997.75854492, 7003.30419922, 2157.98706055, 3816.50537109, 22653.0800781, 4401.25341797, 5915.04394531, 2953.33569336, 2477.68554688, 1830.61791992, 2146.66186523, 688.661193848, 507.879852295, 393.935302734, 197.119018555, 132.808837891, 132.217666626, 124.654151917, 115.605575562, 35.9968986511, 9.67226409912, 0.890675604343, 0.00293186493218, 2.28611997954e-06, 1.41756171246e-08, 4.78267536685e-10, 2.7344068676e-10]
    },
    "gfcc": {
        "mean": [35.1364135742, 83.1571426392, -155.836929321, 57.8841705322, -72.7424087524, 31.7909221649, -41.1561317444, 9.80368614197, -21.5327529907, -7.95558547974, -5.77098894119, -15.852517128, -0.661581397057],
        "cov": [[2308.40380859, 242.481903076, 735.40222168, 777.245666504, 299.247558594, 372.818328857, -39.95652771, 161.614578247, 68.8581390381, 265.50958252, 151.521438599, 34.8116073608, -33.5478744507], [242.481903076, 625.643005371, 319.753692627, 286.983886719, 231.559158325, -50.5508003235, 37.8568763733, -88.0235671997, 26.0070953369, 15.4263095856, 50.3503837585, -22.2815151215, 26.8940391541], [735.40222168, 319.753692627, 956.346252441, 664.585205078, 276.250030518, 225.193862915, -69.1471633911, 55.8108062744, 19.2841644287, 144.640762329, 51.7164039612, 15.3949556351, -12.1512203217], [777.245666504, 286.983886719, 664.585205078, 677.861938477, 333.495056152, 183.662902832, -3.48338770866, 48.4820022583, 49.6633110046, 121.992416382, 62.9451637268, 7.19676733017, -0.818560004234], [299.247558594, 231.559158325, 276.250030518, 333.495056152, 303.236877441, 128.419158936, 48.0385284424, 20.3136615753, 13.8425683975, 54.2485122681, 44.9948272705, -5.59338521957, 1.1275343895], [372.818328857, -50.5508003235, 225.193862915, 183.662902832, 128.419158936, 276.096832275, 76.7368621826, 89.985496521, 2.42443060875, 75.6451950073, 55.1959342957, 11.3356370926, -22.5011425018], [-39.95652771, 37.8568763733, -69.1471633911, -3.48338770866, 48.0385284424, 76.7368621826, 153.493041992, 36.9757232666, 7.44826364517, 2.94527077675, 28.8669776917, -0.905890405178, 7.05837249756], [161.614578247, -88.0235671997, 55.8108062744, 48.4820022583, 20.3136615753, 89.985496521, 36.9757232666, 132.176101685, 50.7828521729, 44.5879173279, 15.4733352661, 9.02983093262, -8.76465511322], [68.8581390381, 26.0070953369, 19.2841644287, 49.6633110046, 13.8425683975, 2.42443060875, 7.44826364517, 50.7828521729, 98.4818191528, 40.6538505554, 15.8771476746, 0.0990495830774, 0.217837274075], [265.50958252, 15.4263095856, 144.640762329, 121.992416382, 54.2485122681, 75.6451950073, 2.94527077675, 44.5879173279, 40.6538505554, 126.775375366, 65.6471557617, 18.2592067719, -3.50425243378], [151.521438599, 50.3503837585, 51.7164039612, 62.9451637268, 44.9948272705, 55.1959342957, 28.8669776917, 15.4733352661, 15.8771476746, 65.6471557617, 94.837562561, 32.1344490051, 3.18121862411], [34.8116073608, -22.2815151215, 15.3949556351, 7.19676733017, -5.59338521957, 11.3356370926, -0.905890405178, 9.02983093262, 0.0990495830774, 18.2592067719, 32.1344490051, 63.1788520813, 33.9639663696], [-33.5478744507, 26.8940391541, -12.1512203217, -0.818560004234, 1.1275343895, -22.5011425018, 7.05837249756, -8.76465511322, 0.217837274075, -3.50425243378, 3.18121862411, 33.9639663696, 67.4853897095]],
        "icov": [[0.00165243702941, -0.00266980403103, 0.00291030807421, -0.00396233750507, 0.00337327108718, -0.00357168354094, 0.0033545056358, -0.00281010009348, 0.00254787970334, -0.00234613008797, 0.00128465495072, -0.00111272872891, 0.000767722609453], [-0.00266980403103, 0.0113328928128, -0.00950101669878, 0.00910164508969, -0.0107538308948, 0.0114202434197, -0.0102147385478, 0.00935244187713, -0.00818206369877, 0.00672036362812, -0.00785089936107, 0.006245567929, -0.00357121205889], [0.00291030807421, -0.00950101669878, 0.0129042556509, -0.0133605189621, 0.010828317143, -0.0117704356089, 0.0113343782723, -0.00844362843782, 0.00886371452361, -0.00745648192242, 0.0072116474621, -0.00520806480199, 0.00287233432755], [-0.00396233750507, 0.00910164508969, -0.0133605189621, 0.0192328635603, -0.0155303198844, 0.0112274819985, -0.0102083785459, 0.00911014713347, -0.0105052478611, 0.00647186487913, -0.00557582173496, 0.00421774946153, -0.00300529482774], [0.00337327108718, -0.0107538308948, 0.010828317143, -0.0155303198844, 0.0199980810285, -0.0132501199841, 0.0090334424749, -0.00843013823032, 0.00909956824034, -0.00626015709713, 0.00530626717955, -0.00290432246402, 0.00178923609201], [-0.00357168354094, 0.0114202434197, -0.0117704356089, 0.0112274819985, -0.0132501199841, 0.0211915578693, -0.0147995455191, 0.00533123267815, -0.00509455846623, 0.00544791622087, -0.00820488855243, 0.00441253278404, -0.000317064725095], [0.0033545056358, -0.0102147385478, 0.0113343782723, -0.0102083785459, 0.0090334424749, -0.0147995455191, 0.0213361866772, -0.0110926413909, 0.00778090534732, -0.00400978233665, 0.0022262968123, -0.00125386402942, -0.000809568911791], [-0.00281010009348, 0.00935244187713, -0.00844362843782, 0.00911014713347, -0.00843013823032, 0.00533123267815, -0.0110926413909, 0.0226087179035, -0.0144725516438, 0.00377809396014, -0.00184837542474, 0.00102225644514, -0.000703426834662], [0.00254787970334, -0.00818206369877, 0.00886371452361, -0.0105052478611, 0.00909956824034, -0.00509455846623, 0.00778090534732, -0.0144725516438, 0.0231113899499, -0.00970477145165, 0.0044001089409, -0.00161810661666, 0.00148012291174], [-0.00234613008797, 0.00672036362812, -0.00745648192242, 0.00647186487913, -0.00626015709713, 0.00544791622087, -0.00400978233665, 0.00377809396014, -0.00970477145165, 0.0227229055017, -0.0155754992738, 0.00570577941835, -0.00320358248428], [0.00128465495072, -0.00785089936107, 0.0072116474621, -0.00557582173496, 0.00530626717955, -0.00820488855243, 0.0022262968123, -0.00184837542474, 0.0044001089409, -0.0155754992738, 0.0300489012152, -0.0176303870976, 0.00833448581398], [-0.00111272872891, 0.006245567929, -0.00520806480199, 0.00421774946153, -0.00290432246402, 0.00441253278404, -0.00125386402942, 0.00102225644514, -0.00161810661666, 0.00570577941835, -0.0176303870976, 0.0357595384121, -0.0190094634891], [0.000767722609453, -0.00357121205889, 0.00287233432755, -0.00300529482774, 0.00178923609201, -0.000317064725095, -0.000809568911791, -0.000703426834662, 0.00148012291174, -0.00320358248428, 0.00833448581398, -0.0190094634891, 0.0259643420577]]
    },
    "melbands": {
        "dmean": [0.000657810887787, 0.000643568753731, 0.00055054645054, 0.000288737181108, 0.000200036040042, 0.000177566136699, 0.000134538116981, 0.000174236076418, 0.000107549545646, 9.11126189749e-05, 0.000101029101643, 8.53459569043e-05, 0.000116286166303, 5.87549766351e-05, 5.05535608681e-05, 6.00209095865e-05, 9.48057495407e-05, 4.34302273788e-05, 3.70058951376e-05, 3.76313728339e-05, 2.34728031501e-05, 2.06800978049e-05, 1.87987861864e-05, 1.83554639079e-05, 1.69468912645e-05, 1.06159504867e-05, 8.83441498445e-06, 7.12058681529e-06, 6.42406484985e-06, 5.1884030654e-06, 3.56904661203e-06, 2.79494383904e-06, 2.27250006901e-06, 2.26468432629e-06, 2.18197646973e-06, 2.08596134144e-06, 1.94513904717e-06, 1.13978330774e-06, 8.71010456649e-07, 7.98759174359e-07],
        "dmean2": [0.00109352369327, 0.00107291177846, 0.000863411405589, 0.000471904233564, 0.000312828691676, 0.000285481015453, 0.000217208842514, 0.000278492603684, 0.000173068314325, 0.000144894438563, 0.000165175035363, 0.000139333991683, 0.000190925304196, 9.58685632213e-05, 8.09677876532e-05, 9.49783425312e-05, 0.000152687251102, 6.99321171851e-05, 5.87508475292e-05, 6.07309521001e-05, 3.78535514756e-05, 3.32693416567e-05, 3.05636494886e-05, 2.96288526442e-05, 2.73765490419e-05, 1.74014639924e-05, 1.45578924275e-05, 1.1702077245e-05, 1.0631607438e-05, 8.58976909512e-06, 5.81417862122e-06, 4.4447288019e-06, 3.60720082426e-06, 3.59868454325e-06, 3.47088598573e-06, 3.30995590048e-06, 3.04987838717e-06, 1.742415634e-06, 1.33773278321e-06, 1.1895216403e-06],
        "dvar": [1.26302097669e-06, 1.17083641271e-06, 5.99919076194e-07, 2.57004359128e-07, 2.4339468041e-07, 2.32981932413e-07, 8.42666310064e-08, 1.36158831765e-07, 8.7409716798e-08, 4.76106336578e-08, 4.83890900682e-08, 3.36715970661e-08, 4.46344543548e-08, 1.034145658e-08, 9.93799087468e-09, 1.17436371738e-08, 4.13544078981e-08, 8.63613891511e-09, 5.68527491751e-09, 5.80746517542e-09, 1.61411706223e-09, 1.21295973265e-09, 8.51908210642e-10, 8.14131373428e-10, 7.15390746642e-10, 1.77094658382e-10, 1.2852192921e-10, 7.75542130516e-11, 7.50018658291e-11, 4.44589226545e-11, 2.41774759935e-11, 2.2581735093e-11, 1.35475788574e-11, 2.07417538006e-11, 1.56178871918e-11, 1.86724646162e-11, 1.90024853491e-11, 8.09728586265e-12, 4.41814466956e-12, 2.64908125817e-12],
        "dvar2": [3.4493534713e-06, 3.16213072438e-06, 1.44410807934e-06, 6.58288570321e-07, 5.69356927826e-07, 5.98577287292e-07, 2.08168401628e-07, 3.33934167429e-07, 2.04817695248e-07, 9.99114107003e-08, 1.24445620031e-07, 8.31748394603e-08, 1.17759483942e-07, 2.61723513972e-08, 2.39720225892e-08, 2.7279638104e-08, 1.03101655213e-07, 2.12577990766e-08, 1.33269111302e-08, 1.38714391085e-08, 4.05623401534e-09, 2.97504221258e-09, 2.05943617715e-09, 1.85047943635e-09, 1.70538994038e-09, 4.59444066125e-10, 3.14024001247e-10, 1.95269411751e-10, 1.98547567276e-10, 1.16321299815e-10, 5.9550392395e-11, 5.2517261373e-11, 2.99251873281e-11, 4.59576786349e-11, 3.5687307276e-11, 4.20420191716e-11, 4.28053183177e-11, 1.71861674197e-11, 8.77136471095e-12, 5.43747295453e-12],
        "max": [0.0171274319291, 0.0138643570244, 0.0183111149818, 0.011243596673, 0.0122596276924, 0.0111894169822, 0.00629040040076, 0.00737152248621, 0.0086429361254, 0.00627936795354, 0.00481426296756, 0.00393544929102, 0.00359856034629, 0.00176833278965, 0.00275151384994, 0.00223207310773, 0.00474911788478, 0.00178402627353, 0.00219294661656, 0.00186330988072, 0.000932267692406, 0.001113759703, 0.00060726958327, 0.000661795260385, 0.000777946261223, 0.000359972356819, 0.000402480072808, 0.000208190904232, 0.000196095032152, 0.000163077726029, 0.000116799768875, 0.000169282735442, 0.00013214503997, 0.000172421670868, 0.000116868381156, 0.000138631658047, 0.000136415241286, 0.000133071516757, 0.000106729305116, 5.35198450962e-05],
        "mean": [0.0013790394878, 0.0014285458019, 0.00132101564668, 0.000572958029807, 0.000364530627849, 0.000264820148004, 0.000220158835873, 0.000269605487119, 0.000173824693775, 0.000155039146193, 0.000164201817825, 0.000148150371388, 0.000199490285013, 0.000108114683826, 8.94200493349e-05, 0.000105152241304, 0.000165005316376, 7.63975185691e-05, 6.68807842885e-05, 6.96910428815e-05, 4.79239388369e-05, 4.33078894275e-05, 3.95324386773e-05, 4.00614662794e-05, 3.7362697185e-05, 2.48279193329e-05, 2.11692276935e-05, 1.74499728018e-05, 1.58019538503e-05, 1.30380103656e-05, 8.90103183337e-06, 6.77071466271e-06, 5.71671080252e-06, 5.50332106286e-06, 5.54052439838e-06, 5.30978650204e-06, 4.90169850309e-06, 2.8568297239e-06, 2.17447859541e-06, 1.79104233666e-06],
        "median": [0.00103111367207, 0.00115188350901, 0.00104576454032, 0.000322833366226, 0.000135594586027, 9.47098014876e-05, 9.10410744837e-05, 9.49599561864e-05, 7.57137750043e-05, 6.78649885231e-05, 7.36297224648e-05, 5.96960526309e-05, 8.88399299583e-05, 5.69552903471e-05, 5.08359880769e-05, 5.30713004991e-05, 5.60749176657e-05, 3.78077966161e-05, 3.71444111806e-05, 3.93289556087e-05, 2.94533474516e-05, 2.74524336419e-05, 2.71870612778e-05, 2.77330018434e-05, 2.66523238679e-05, 2.08042256418e-05, 1.78673999471e-05, 1.48361796164e-05, 1.3097162082e-05, 1.10283863251e-05, 7.25480822439e-06, 5.14232579008e-06, 4.33413561041e-06, 4.16513194068e-06, 4.29819601777e-06, 4.12195049648e-06, 3.95594452129e-06, 2.1039402327e-06, 1.63982656431e-06, 1.14393185413e-06],
        "min": [5.05078291987e-24, 6.21045893765e-24, 7.63556850623e-24, 9.60701316105e-24, 6.01858193309e-24, 5.46304675654e-24, 2.75836101791e-23, 2.39521189786e-23, 3.79183782908e-24, 1.13883431266e-23, 2.67509359392e-23, 2.56284294696e-23, 3.8223803934e-23, 7.87480398637e-24, 8.38244702293e-24, 6.75031116497e-24, 7.95523229996e-24, 6.29625702742e-24, 8.64792317223e-24, 1.24434493205e-23, 1.71792842571e-23, 8.61976951538e-24, 9.57663333872e-24, 7.20337133778e-24, 8.47331906605e-24, 1.02314139225e-23, 1.52385397021e-23, 6.92479141999e-24, 6.33330587983e-24, 8.77998006548e-24, 1.00684455146e-23, 2.04086125904e-23, 1.36463801594e-23, 7.97251072037e-24, 8.15064655682e-24, 1.08383721804e-23, 1.03011878807e-23, 7.90769869726e-24, 7.81249975207e-24, 8.41189125622e-24],
        "var": [2.27113537221e-06, 2.07679408959e-06, 1.79677670076e-06, 8.65683830398e-07, 5.46070054952e-07, 3.38352720064e-07, 1.54727146651e-07, 2.76040850622e-07, 1.72495319362e-07, 1.15275184953e-07, 8.82090844812e-08, 7.20376363006e-08, 8.65391101001e-08, 2.35805224236e-08, 1.95347098497e-08, 2.6845334844e-08, 9.57869090712e-08, 1.63420068588e-08, 1.08088915596e-08, 1.35679671942e-08, 3.95109589491e-09, 3.37235639414e-09, 1.85906046113e-09, 2.01642014197e-09, 1.66480240704e-09, 4.53449611193e-10, 3.65404789759e-10, 2.30210323027e-10, 1.85135420883e-10, 1.20028598172e-10, 6.12871350891e-11, 5.01431222932e-11, 3.59900581559e-11, 4.71916394851e-11, 4.0067671403e-11, 5.06256529753e-11, 4.7347237242e-11, 2.13160097212e-11, 1.05962166125e-11, 6.70915146356e-12]
    },
    "mfcc": {
        "mean": [-581.24029541, 84.6649093628, -12.9068975449, 17.9017353058, 2.87746095657, 8.09620571136, 3.70143294334, 5.74885749817, -1.56276202202, 3.36484694481, -2.53586173058, 0.554904997349, -3.82022881508],
        "cov": [[1612.77941895, -93.2384872437, 529.707336426, 396.839935303, 423.287078857, 255.275802612, 189.880340576, 23.151184082, 47.8095626831, 158.777679443, 140.139129639, 165.639022827, 109.749610901], [-93.2384872437, 466.148773193, 31.8758563995, 186.979858398, 56.948135376, 51.4312286377, 11.0031690598, -38.2694702148, -21.9259300232, -29.5487194061, -7.85150814056, -16.0973072052, -3.86302137375], [529.707336426, 31.8758563995, 761.903137207, 387.052612305, 380.167663574, 205.305892944, 102.832504272, -4.62367582321, 30.4242858887, 74.7293167114, 34.5807418823, 98.0634994507, 80.9141693115], [396.839935303, 186.979858398, 387.052612305, 524.407897949, 338.934936523, 180.149887085, 75.5316314697, -16.5126342773, 35.5508842468, 44.1251564026, 19.8513050079, 58.6691474915, 59.9683647156], [423.287078857, 56.948135376, 380.167663574, 338.934936523, 387.433319092, 181.062911987, 101.32484436, 12.4450702667, 30.6601810455, 66.5652389526, 36.8089675903, 73.3296203613, 53.1759490967], [255.275802612, 51.4312286377, 205.305892944, 180.149887085, 181.062911987, 203.792129517, 136.78477478, 21.9567737579, 13.0013847351, 42.3682098389, 36.7792129517, 42.4906692505, 23.2784461975], [189.880340576, 11.0031690598, 102.832504272, 75.5316314697, 101.32484436, 136.78477478, 199.145843506, 57.0633468628, 13.6686115265, 46.1776542664, 45.6846885681, 31.46393013, 10.4515390396], [23.151184082, -38.2694702148, -4.62367582321, -16.5126342773, 12.4450702667, 21.9567737579, 57.0633468628, 104.489341736, 38.5386924744, 25.7254714966, 13.7916154861, 4.86854219437, -2.38723349571], [47.8095626831, -21.9259300232, 30.4242858887, 35.5508842468, 30.6601810455, 13.0013847351, 13.6686115265, 38.5386924744, 82.7853851318, 40.499710083, 8.65755367279, 6.94366884232, 9.96786594391], [158.777679443, -29.5487194061, 74.7293167114, 44.1251564026, 66.5652389526, 42.3682098389, 46.1776542664, 25.7254714966, 40.499710083, 99.8062667847, 49.2396087646, 36.3679733276, 15.3527793884], [140.139129639, -7.85150814056, 34.5807418823, 19.8513050079, 36.8089675903, 36.7792129517, 45.6846885681, 13.7916154861, 8.65755367279, 49.2396087646, 87.3701782227, 45.0648193359, 15.0760602951], [165.639022827, -16.0973072052, 98.0634994507, 58.6691474915, 73.3296203613, 42.4906692505, 31.46393013, 4.86854219437, 6.94366884232, 36.3679733276, 45.0648193359, 91.6829147339, 43.5883255005], [109.749610901, -3.86302137375, 80.9141693115, 59.9683647156, 53.1759490967, 23.2784461975, 10.4515390396, -2.38723349571, 9.96786594391, 15.3527793884, 15.0760602951, 43.5883255005, 68.6630096436]],
