{
"lowlevel": {
    "average_loudness": 0.84230440855,
    "barkbands_crest": {
        "dmean": 2.56075668335,
        "dmean2": 4.15328550339,
        "dvar": 4.97070932388,
        "dvar2": 12.6141242981,
        "max": 26.100227356,
        "mean": 8.959233284,
        "median": 8.17269802094,
        "min": 2.07561469078,
        "var": 14.1233682632
    },
    "barkbands_flatness_db": {
        "dmean": 0.0206415615976,
        "dmean2": 0.0325797982514,
        "dvar": 0.00037924409844,
        "dvar2": 0.000838552077767,
        "max": 0.315245211124,
        "mean": 0.103644058108,
        "median": 0.0976475924253,
        "min": 0.0116377174854,
        "var": 0.00224954867736
    },
    "barkbands_kurtosis": {
        "dmean": 2.10934662819,
        "dmean2": 3.38526034355,
        "dvar": 14.3576459885,
        "dvar2": 34.9346351624,
        "max": 125.612716675,
        "mean": 2.29269218445,
        "median": 0.760859251022,
        "min": -1.95185601711,
        "var": 28.4417419434
    },
    "barkbands_skewness": {
        "dmean": 0.516358017921,
        "dmean2": 0.798965513706,
        "dvar": 0.286985903978,
        "dvar2": 0.673799395561,
        "max": 10.3004741669,
        "mean": 1.2431885004,
        "median": 1.10624694824,
        "min": -2.66025114059,
        "var": 1.01254415512
    },
    "barkbands_spread": {
        "dmean": 7.04097270966,
        "dmean2": 10.7648391724,
        "dvar": 54.2753219604,
        "dvar2": 112.970619202,
        "max": 111.59577179,
        "mean": 28.8306121826,
        "median": 26.2713298798,
        "min": 1.27578568459,
        "var": 252.799682617
    },
    "dissonance": {
        "dmean": 0.0185532327741,
        "dmean2": 0.0314189866185,
        "dvar": 0.000357890530722,
        "dvar2": 0.00101634196471,
        "max": 0.500000059605,
        "mean": 0.466480612755,
        "median": 0.473518908024,
        "min": 0.2887789011,
        "var": 0.000741142546758
    },
    "dynamic_complexity": 3.36305499077,
    "erbbands_crest": {
        "dmean": 2.8544075489,
        "dmean2": 4.63712930679,
        "dvar": 7.46045732498,
        "dvar2": 18.1816577911,
        "max": 29.2086753845,
        "mean": 9.28406524658,
        "median": 8.08126831055,
        "min": 2.150151968,
        "var": 24.0401706696
    },
    "erbbands_flatness_db": {
        "dmean": 0.0189270805568,
        "dmean2": 0.0278027635068,
        "dvar": 0.000305092864437,
        "dvar2": 0.000614665623289,
        "max": 0.355825960636,
        "mean": 0.143174722791,
        "median": 0.129302337766,
        "min": 0.0418132729828,
        "var": 0.00334020028822
    },
    "erbbands_kurtosis": {
        "dmean": 0.885670602322,
        "dmean2": 1.3946236372,
        "dvar": 1.41558980942,
        "dvar2": 3.43889188766,
        "max": 20.894203186,
        "mean": 0.513698577881,
        "median": -0.186066389084,
        "min": -1.87192702293,
        "var": 4.48712873459
    },
    "erbbands_skewness": {
        "dmean": 0.346238285303,
        "dmean2": 0.532051742077,
        "dvar": 0.0962180495262,
        "dvar2": 0.222119703889,
        "max": 3.89174771309,
        "mean": 0.382940262556,
        "median": 0.298234164715,
        "min": -3.41592335701,
        "var": 0.613357782364
    },
    "erbbands_spread": {
        "dmean": 8.79031848907,
        "dmean2": 13.345785141,
        "dvar": 79.1528167725,
        "dvar2": 171.510803223,
        "max": 141.906219482,
        "mean": 41.5724563599,
        "median": 38.8270339966,
        "min": 3.88358688354,
        "var": 452.905273438
    },
    "hfc": {
        "dmean": 8.8649892807,
        "dmean2": 13.0503940582,
        "dvar": 132.40032959,
        "dvar2": 275.143463135,
        "max": 176.301589966,
        "mean": 27.2318534851,
        "median": 20.9668216705,
        "min": 1.22599376732e-16,
        "var": 538.828125
    },
    "melbands_crest": {
        "dmean": 3.38447904587,
        "dmean2": 5.58261537552,
        "dvar": 8.68846130371,
        "dvar2": 22.1172466278,
        "max": 33.783996582,
        "mean": 12.9229364395,
        "median": 12.1510286331,
        "min": 1.64580786228,
        "var": 21.8422775269
    },
    "melbands_flatness_db": {
        "dmean": 0.025446722284,
        "dmean2": 0.0397930517793,
        "dvar": 0.000627626141068,
        "dvar2": 0.00135364790913,
        "max": 0.36643627286,
        "mean": 0.155479669571,
        "median": 0.151146441698,
        "min": 0.00347106694244,
        "var": 0.00248528481461
    },
    "melbands_kurtosis": {
        "dmean": 6.37629795074,
        "dmean2": 10.2253580093,
        "dvar": 133.060394287,
        "dvar2": 332.239624023,
        "max": 210.882003784,
        "mean": 10.5721797943,
        "median": 5.81778144836,
        "min": -1.84776437283,
        "var": 233.619384766
    },
    "melbands_skewness": {
        "dmean": 0.760208666325,
        "dmean2": 1.18301320076,
        "dvar": 0.69832611084,
        "dvar2": 1.65849864483,
        "max": 12.1034402847,
        "mean": 2.36384534836,
        "median": 2.07763338089,
        "min": -1.3410346508,
        "var": 2.38890433311
    },
    "melbands_spread": {
        "dmean": 8.72827243805,
        "dmean2": 13.3629779816,
        "dvar": 100.625137329,
        "dvar2": 204.562057495,
        "max": 243.112182617,
        "mean": 29.9175643921,
        "median": 26.5248432159,
        "min": 1.11237454414,
        "var": 372.770111084
    },
    "pitch_salience": {
        "dmean": 0.0698848068714,
        "dmean2": 0.112243123353,
        "dvar": 0.00347068137489,
        "dvar2": 0.00863635074347,
        "max": 0.914081156254,
        "mean": 0.573680222034,
        "median": 0.575628697872,
        "min": 0.0873620212078,
        "var": 0.0112721510231
    },
    "silence_rate_20dB": {
        "dmean": 0,
        "dmean2": 0,
        "dvar": 0,
        "dvar2": 0,
        "max": 1,
        "mean": 1,
        "median": 1,
        "min": 1,
        "var": 0
    },
    "silence_rate_30dB": {
        "dmean": 0.000235238767345,
        "dmean2": 0.000470532890176,
        "dvar": 0.000235178144067,
        "dvar2": 0.000705556827597,
        "max": 1,
        "mean": 0.999882400036,
        "median": 1,
        "min": 0,
        "var": 0.000117590396258
    },
    "silence_rate_60dB": {
        "dmean": 0.0164667144418,
        "dmean2": 0.0329373031855,
        "dvar": 0.0161975715309,
        "dvar2": 0.0379710458219,
        "max": 1,
        "mean": 0.0913795158267,
        "median": 0,
        "min": 0,
        "var": 0.08303078264
    },
    "spectral_centroid": {
        "dmean": 274.862640381,
        "dmean2": 426.847320557,
        "dvar": 75847.6640625,
        "dvar2": 158656.09375,
        "max": 10862.796875,
        "mean": 1653.59533691,
        "median": 1604.5032959,
        "min": 284.205718994,
        "var": 363077.4375
    },
    "spectral_complexity": {
        "dmean": 3.73206305504,
        "dmean2": 5.68356657028,
        "dvar": 12.8427658081,
        "dvar2": 27.6805534363,
        "max": 50,
        "mean": 19.1213684082,
        "median": 19,
        "min": 0,
        "var": 92.2281951904
    },
    "spectral_decrease": {
        "dmean": 2.2444712755e-09,
        "dmean2": 3.59558161023e-09,
        "dvar": 9.81400248675e-18,
        "dvar2": 2.41383495385e-17,
        "max": 7.879392451e-12,
        "mean": -5.8048650331e-09,
        "median": -4.76594586019e-09,
        "min": -3.34931051782e-08,
        "var": 2.13412300254e-17
    },
    "spectral_energy": {
        "dmean": 0.00906687416136,
        "dmean2": 0.014436728321,
        "dvar": 0.000150170613779,
        "dvar2": 0.000367268803529,
        "max": 0.133958846331,
        "mean": 0.024378914386,
        "median": 0.0203685481101,
        "min": 1.08512654682e-20,
        "var": 0.000356213422492
    },
    "spectral_energyband_high": {
        "dmean": 0.000653502473142,
        "dmean2": 0.000942001235671,
        "dvar": 1.07481935174e-06,
        "dvar2": 2.22453832066e-06,
        "max": 0.0201004948467,
        "mean": 0.00149635178968,
        "median": 0.000943862542044,
        "min": 8.0948330953e-21,
        "var": 3.12869951813e-06
    },
    "spectral_energyband_low": {
        "dmean": 0.00502994842827,
        "dmean2": 0.00826779473573,
        "dvar": 9.29779562284e-05,
        "dvar2": 0.000232274120208,
        "max": 0.0815840288997,
        "mean": 0.00728939985856,
        "median": 0.00432020286098,
        "min": 5.50369636455e-23,
        "var": 0.000107997242594
    },
    "spectral_energyband_middle_high": {
        "dmean": 0.00290179136209,
        "dmean2": 0.00446126796305,
        "dvar": 2.58460659097e-05,
        "dvar2": 6.17969999439e-05,
        "max": 0.115882247686,
        "mean": 0.00832756049931,
        "median": 0.00432903785259,
        "min": 1.34842758698e-21,
        "var": 0.000110473294626
    },
    "spectral_energyband_middle_low": {
        "dmean": 0.00379520840943,
        "dmean2": 0.00614455807954,
        "dvar": 2.56654930126e-05,
        "dvar2": 6.21076687821e-05,
        "max": 0.0701682269573,
        "mean": 0.00830019358546,
        "median": 0.00617431523278,
        "min": 3.13812831334e-22,
        "var": 5.73910874664e-05
    },
    "spectral_entropy": {
        "dmean": 0.145367458463,
        "dmean2": 0.220576971769,
        "dvar": 0.0189119875431,
        "dvar2": 0.0384336821735,
        "max": 9.79036235809,
        "mean": 7.8334980011,
        "median": 7.86325073242,
        "min": 6.32260847092,
        "var": 0.117436647415
    },
    "spectral_flux": {
        "dmean": 0.0258443728089,
        "dmean2": 0.0413062311709,
        "dvar": 0.000917651166674,
        "dvar2": 0.0022113211453,
        "max": 0.320251107216,
        "mean": 0.0870360508561,
        "median": 0.0817267075181,
        "min": 1.0416940921e-10,
        "var": 0.00219945935532
    },
    "spectral_kurtosis": {
        "dmean": 0.759904146194,
        "dmean2": 1.27045381069,
        "dvar": 0.599542438984,
        "dvar2": 1.70694863796,
        "max": 13.5951251984,
        "mean": 2.86340856552,
        "median": 2.74484777451,
        "min": -1.19342637062,
        "var": 1.93506836891
    },
    "spectral_rms": {
        "dmean": 0.000839138810989,
        "dmean2": 0.00130425055977,
        "dvar": 9.43027941958e-07,
        "dvar2": 2.17092951971e-06,
        "max": 0.0114320404828,
        "mean": 0.00447039911523,
        "median": 0.00445777457207,
        "min": 3.25370568162e-12,
        "var": 3.79977859666e-06
    },
    "spectral_rolloff": {
        "dmean": 724.29284668,
        "dmean2": 1162.6829834,
        "dvar": 1118614.25,
        "dvar2": 2254518.75,
        "max": 18820.0195312,
        "mean": 2103.31811523,
        "median": 1614.99023438,
        "min": 107.666015625,
        "var": 2935562.5
    },
    "spectral_skewness": {
        "dmean": 0.136358141899,
        "dmean2": 0.218320995569,
        "dvar": 0.0151226017624,
        "dvar2": 0.0361635237932,
        "max": 2.47755789757,
        "mean": 1.32865262032,
        "median": 1.3417109251,
        "min": -0.137803524733,
        "var": 0.0814592242241
    },
    "spectral_spread": {
        "dmean": 554412.625,
        "dmean2": 810772.625,
        "dvar": 489339813888,
        "dvar2": 773338759168,
        "max": 40027484,
        "mean": 5470512,
        "median": 5243170,
        "min": 2340107.25,
        "var": 2.44688932045e+12
    },
    "spectral_strongpeak": {
        "dmean": 0.781545579433,
        "dmean2": 1.33063018322,
        "dvar": 1.68930602074,
        "dvar2": 4.33787918091,
        "max": 16.810798645,
        "mean": 1.31178224087,
        "median": 0.489248007536,
        "min": 0,
        "var": 3.16316771507
    },
    "zerocrossingrate": {
        "dmean": 0.0146797373891,
        "dmean2": 0.0169237330556,
        "dvar": 0.000248918106081,
        "dvar2": 0.000273205310805,
        "max": 0.53515625,
        "mean": 0.0871166586876,
        "median": 0.078125,
        "min": 0.01025390625,
        "var": 0.00183448009193
    },
    "barkbands": {
        "dmean": [7.86564414739e-05, 0.00242445594631, 0.00269533134997, 0.0012662995141, 0.00137729989365, 0.00061926926719, 0.000528368167579, 0.000817875843495, 0.000898853177205, 0.0014899513917, 0.000588508381043, 0.000566561822779, 0.000486550678033, 0.000559829000849, 0.000488509016577, 0.000231657089898, 0.000286765018245, 0.000193048879737, 0.000146803053212, 0.000170241401065, 0.000173042601091, 0.000150990410475, 0.000122879457194, 8.26013056212e-05, 7.45186480344e-05, 7.22171971574e-05, 4.53211468994e-05],
        "dmean2": [0.00013006287918, 0.00384565861896, 0.00466228323057, 0.00219673034735, 0.00235853111371, 0.000973120797426, 0.000852745957673, 0.00131794612389, 0.00144202879164, 0.00235198275186, 0.00093601224944, 0.000900351733435, 0.000768634548876, 0.00090038345661, 0.000759458867833, 0.000358568213414, 0.000454444874777, 0.000305824185489, 0.000230104589718, 0.000261813926045, 0.000270734453807, 0.00023215112742, 0.000188478632481, 0.000124353842693, 0.000107117884909, 0.000100551224023, 6.79136719555e-05],
        "dvar": [2.17730811158e-08, 1.66233803611e-05, 3.58440593118e-05, 5.54608050152e-06, 4.53703705716e-06, 1.5492263401e-06, 1.60462661825e-06, 4.12430563301e-06, 6.99781730873e-06, 1.31242913994e-05, 2.48060791819e-06, 3.32258377966e-06, 3.07444088321e-06, 2.51543156082e-06, 1.73317607732e-06, 2.716973313e-07, 3.80965929025e-07, 1.77913648258e-07, 1.20194741271e-07, 2.26592590025e-07, 9.02664254454e-08, 7.27268201217e-08, 5.53971766237e-08, 2.8100101801e-08, 1.8442591454e-08, 2.00067198364e-08, 9.6218553125e-09],
        "dvar2": [5.72310767666e-08, 3.68927612726e-05, 9.68641252257e-05, 1.4950923287e-05, 1.19735468616e-05, 3.68958922081e-06, 3.93301070289e-06, 1.02741478258e-05, 1.72403069882e-05, 3.11681214953e-05, 5.90799982092e-06, 8.30102817417e-06, 8.03198872745e-06, 6.59644956613e-06, 3.62875675819e-06, 5.60344574296e-07, 8.2148386582e-07, 4.13586491277e-07, 2.66947182581e-07, 4.93234267651e-07, 2.13777568092e-07, 1.6002530856e-07, 1.22200603414e-07, 5.54203580805e-08, 3.74170134876e-08, 4.0848505023e-08, 2.01788488141e-08],
        "max": [0.00194539502263, 0.0378726199269, 0.0495161414146, 0.0212996155024, 0.0307289324701, 0.0383263342083, 0.0298092141747, 0.0451223030686, 0.0583287030458, 0.0675531029701, 0.0362964272499, 0.0636733621359, 0.0724300667644, 0.0384045131505, 0.0448377989233, 0.0139476610348, 0.0153167303652, 0.0163738969713, 0.0139843830839, 0.0157484598458, 0.00721031241119, 0.0100753838196, 0.00768810790032, 0.00711081456393, 0.0054075261578, 0.00126849138178, 0.000823421229143],
        "mean": [9.87316016108e-05, 0.00373454135843, 0.00268828030676, 0.00137661211193, 0.00196580518968, 0.00120784994215, 0.000838834210299, 0.00114382908214, 0.00130435475148, 0.00265896739438, 0.00084296480054, 0.000975466158707, 0.000751017476432, 0.000811866135336, 0.000753199507017, 0.00040461338358, 0.000473874417366, 0.000360873702448, 0.000293731078273, 0.000359611498425, 0.000323342130287, 0.000297786406009, 0.000242371956119, 0.000176631103386, 0.000138905685162, 0.000104227219708, 5.05984535266e-05],
        "median": [2.67216219072e-05, 0.00192107271869, 0.000844615744427, 0.00053487799596, 0.00103862513788, 0.000509722507559, 0.000341255014064, 0.000353273120709, 0.000357456039637, 0.000400049175369, 0.000197994129849, 0.000240553970798, 0.000205853444641, 0.000219221969019, 0.000282575376332, 0.000168039390701, 0.000238195105339, 0.000197077330085, 0.000164686774951, 0.000189941085409, 0.000184914431884, 0.000177153197001, 0.000133319263114, 9.94553774945e-05, 5.46774208487e-05, 1.68332262547e-05, 1.59171474934e-06],
        "min": [2.0294778384e-23, 1.64520996529e-23, 1.83315181611e-23, 1.00127314243e-23, 4.89905972425e-23, 5.70701295664e-23, 5.05590830695e-23, 6.0290796207e-23, 3.43687763743e-23, 8.50406255325e-23, 1.03336241056e-22, 7.08378223336e-23, 1.25634265445e-22, 1.55207019951e-22, 5.4174353712e-23, 9.31485316054e-23, 1.89250949715e-22, 1.62602773953e-22, 2.16824137464e-22, 4.24690096706e-22, 3.91018509289e-22, 4.86912314709e-22, 5.28630106655e-22, 9.30078871724e-22, 1.38456302051e-21, 1.79383445848e-21, 2.54253752211e-21],
        "var": [2.78147798127e-08, 2.64709487965e-05, 2.86500689981e-05, 5.2703021538e-06, 6.60532850816e-06, 3.36259245159e-06, 2.4851035505e-06, 6.23858386462e-06, 1.09549155241e-05, 3.65890446119e-05, 4.07469087804e-06, 5.22212121723e-06, 3.91531511923e-06, 3.373015943e-06, 2.83890608443e-06, 6.64816809604e-07, 6.75648493598e-07, 3.37086731861e-07, 3.77722130906e-07, 6.60180432988e-07, 1.97407004521e-07, 1.92239625108e-07, 1.48807842493e-07, 8.43281853236e-08, 4.71952219527e-08, 3.59463534494e-08, 1.37278375334e-08]
    },
    "erbbands": {
        "dmean": [0.0641447901726, 0.612525522709, 2.72302365303, 3.74436068535, 4.70092344284, 4.50069284439, 4.31628084183, 4.84227991104, 7.87133359909, 8.55778884888, 21.3770217896, 20.0126628876, 25.7946548462, 50.8925857544, 15.4946632385, 23.9874992371, 20.7666397095, 30.2071056366, 21.9865169525, 18.8655471802, 11.9735364914, 12.9673080444, 11.587138176, 7.60584878922, 7.63918161392, 7.87251138687, 6.46439695358, 7.16887807846, 5.29031848907, 4.44462347031, 3.32849955559, 1.87866044044, 1.39882218838, 0.954606950283, 0.491215348244, 0.257737904787, 0.133622810245, 0.0584193654358, 0.00800690893084, 0.00022233807249],
        "dmean2": [0.0987235754728, 0.983869194984, 4.62536668777, 6.48607206345, 8.21451950073, 7.61017751694, 6.78686904907, 7.67295837402, 12.488699913, 13.988948822, 33.7024269104, 31.7970752716, 40.2742004395, 82.2279129028, 24.8749694824, 37.988067627, 32.3107872009, 48.4328804016, 34.8704795837, 28.9354801178, 18.4740409851, 20.2988033295, 18.1110305786, 12.0183115005, 11.6712999344, 12.1680765152, 10.0731306076, 11.2880516052, 8.24625110626, 6.8248705864, 5.15155029297, 2.81900238991, 2.11511564255, 1.41654145718, 0.6975954175, 0.394497007132, 0.183512568474, 0.0866698399186, 0.0119514996186, 0.000337030185619],
        "dvar": [0.011403394863, 1.16441905499, 35.0085372925, 56.5698394775, 58.3433570862, 53.2854003906, 125.668212891, 106.737815857, 326.658355713, 567.407714844, 2758.18896484, 3283.03881836, 4957.02392578, 18080.7460938, 2605.30957031, 5282.34619141, 4861.61523438, 7248.83984375, 4373.80957031, 2124.10180664, 533.671813965, 838.161987305, 568.273742676, 300.620025635, 388.448547363, 584.083068848, 141.233840942, 171.620483398, 81.8584671021, 74.7858810425, 37.9588432312, 16.4518795013, 7.86861276627, 3.05076384544, 0.811027288437, 0.23877042532, 0.0676652565598, 0.0166004318744, 0.000282188673737, 2.12095059737e-07],
        "dvar2": [0.0263253543526, 2.64937329292, 92.3639144897, 153.069396973, 156.862579346, 134.011550903, 296.29510498, 255.179473877, 757.06463623, 1455.59533691, 6654.29736328, 7885.15136719, 11380.5449219, 46376.1601562, 6791.85449219, 13872.1552734, 12515.3291016, 19127.0898438, 9877.80957031, 4557.76171875, 1110.82385254, 1748.64562988, 1252.91760254, 689.044372559, 807.063720703, 1279.60351562, 331.014129639, 396.247772217, 188.388778687, 158.659942627, 83.3586196899, 33.3901901245, 16.1653995514, 6.44584512711, 1.55524027348, 0.498495519161, 0.135290652514, 0.0335959531367, 0.000590676208958, 4.5013823069e-07],
        "max": [1.15784716606, 8.91995429993, 53.6999092102, 67.6896362305, 98.9860229492, 107.560409546, 554.58404541, 298.809509277, 405.448150635, 634.684997559, 1031.72375488, 1337.59619141, 1762.88806152, 2674.74438477, 1788.56542969, 3033.51220703, 3031.12182617, 2201.81884766, 2493.48706055, 950.444213867, 508.540863037, 783.57623291, 859.94140625, 838.957702637, 719.894592285, 1108.2878418, 324.674041748, 416.159729004, 257.188568115, 451.385925293, 214.872940063, 207.79208374, 110.247848511, 75.0214233398, 27.6155719757, 7.14713478088, 2.51400351524, 1.15894138813, 0.162420466542, 0.004765921738],
        "mean": [0.0959982052445, 0.897726178169, 2.94634914398, 4.138422966, 5.47807025909, 6.47480249405, 8.47338485718, 9.00345420837, 13.6191358566, 12.8880414963, 30.7858905792, 31.4042034149, 43.8616867065, 97.5261611938, 26.8681030273, 44.2786941528, 37.3407211304, 47.3473625183, 36.7649536133, 31.6167373657, 22.3754730225, 23.4827976227, 22.5259857178, 15.4246406555, 16.3576526642, 16.9919013977, 12.7276649475, 13.526175499, 10.4222764969, 8.39509677887, 6.69757652283, 4.11595010757, 2.74300265312, 1.75418031216, 0.904733300209, 0.428901851177, 0.181489616632, 0.0678795129061, 0.00898920185864, 0.000271822762443],
        "median": [0.0409611389041, 0.440167248249, 1.10316491127, 1.87030601501, 2.52374792099, 3.18807458878, 3.25136184692, 3.64045453072, 5.46246433258, 4.97008228302, 10.2969655991, 10.0237913132, 11.97519207, 12.7062692642, 9.728931427, 11.8045892715, 11.3752126694, 13.2401151657, 15.1934843063, 13.1283168793, 11.1052684784, 13.421131134, 13.0522117615, 9.86224746704, 8.8546962738, 9.0888710022, 7.53340387344, 7.58881044388, 6.43101358414, 4.68768358231, 3.74526047707, 2.39777731895, 1.42684435844, 0.794745743275, 0.316418886185, 0.103398703039, 0.025094024837, 0.00368365715258, 0.000298937811749, 5.35356048204e-05],
        "min": [9.33247542964e-22, 2.64739659919e-21, 2.20535915582e-20, 1.7203240322e-20, 1.17499506748e-19, 1.51270370177e-19, 1.7056459061e-19, 6.20939153437e-19, 9.36376828614e-19, 7.2011950475e-19, 1.22895061127e-18, 7.81768913912e-19, 2.77948195454e-18, 2.49134206676e-18, 4.1444304677e-18, 3.35046219072e-18, 5.97830932447e-18, 8.07482960626e-18, 3.52143235832e-18, 3.81895102668e-18, 6.81262147468e-18, 1.11229620394e-17, 8.84819136662e-18, 1.05628267614e-17, 9.71943010014e-18, 2.09537107976e-17, 2.04296852621e-17, 1.43581481331e-17, 1.69724127544e-17, 1.34141811986e-17, 1.70096391907e-17, 2.10212021182e-17, 1.38724673821e-17, 1.55120700507e-17, 9.72382242919e-18, 6.26935323659e-18, 3.24279450103e-18, 1.83827511494e-18, 3.22154872889e-19, 3.19884087624e-20],
        "var": [0.0186860803515, 1.67121744156, 30.3669204712, 48.6888923645, 66.0906906128, 92.1999282837, 252.073791504, 219.302703857, 625.250915527, 837.11730957, 3850.90771484, 6236.08349609, 9889.33984375, 56523.2734375, 3363.92480469, 9300.77636719, 7314.05712891, 10152.3349609, 6535.61669922, 3914.17431641, 1314.46716309, 1433.23937988, 1211.56164551, 613.108520508, 1171.34533691, 1673.38989258, 340.844451904, 374.178009033, 200.713043213, 213.214080811, 105.329124451, 51.9935264587, 20.5921440125, 7.2632021904, 2.10217237473, 0.466622054577, 0.119675271213, 0.0244078729302, 0.000409428321291, 3.02055383372e-07]
    },
    "gfcc": {
        "mean": [14.913769722, 56.0634803772, -121.670761108, 25.8694972992, -63.2545661926, 16.5144805908, -35.1397514343, 5.78103494644, -23.0296325684, 0.895131766796, -19.3992958069, -0.507725775242, -12.3231134415],
        "cov": [[7138.58398438, -676.125061035, 1313.49145508, 349.27947998, 815.639404297, 415.13079834, 319.417816162, 318.962280273, 156.169281006, 291.302246094, -69.8620223999, 131.28137207, -96.5226135254], [-676.125061035, 1259.7845459, 106.244644165, 508.040649414, 126.965934753, 123.428131104, 21.9689712524, 15.8838691711, 100.142456055, 12.0213050842, 97.2244033813, -50.0877799988, 47.8198509216], [1313.49145508, 106.244644165, 1681.78588867, 674.951171875, 535.427368164, 97.4095458984, -71.8619995117, 36.2055511475, 136.965652466, 226.445480347, -4.15689659119, 78.4831924438, 15.9552259445], [349.27947998, 508.040649414, 674.951171875, 790.383666992, 288.504943848, 134.540634155, -49.8639755249, 33.3761901855, 141.276657104, 126.96081543, 28.0851764679, 20.3558883667, 49.3154296875], [815.639404297, 126.965934753, 535.427368164, 288.504943848, 394.485931396, 134.91078186, 46.7667922974, 48.7408180237, 59.4602088928, 82.7971954346, -14.7799263, 14.2480955124, 5.17756557465], [415.13079834, 123.428131104, 97.4095458984, 134.540634155, 134.91078186, 260.10546875, 140.660125732, 85.0323638916, -5.41114044189, 13.4013242722, 23.9148025513, -5.75082063675, -16.0683822632], [319.417816162, 21.9689712524, -71.8619995117, -49.8639755249, 46.7667922974, 140.660125732, 214.554718018, 87.8345718384, -33.5965652466, -26.2530326843, 21.1089401245, -12.6725664139, -24.0160102844], [318.962280273, 15.8838691711, 36.2055511475, 33.3761901855, 48.7408180237, 85.0323638916, 87.8345718384, 138.699157715, 27.5084247589, 19.1691112518, 4.11828804016, -1.48686635494, -16.508140564], [156.169281006, 100.142456055, 136.965652466, 141.276657104, 59.4602088928, -5.41114044189, -33.5965652466, 27.5084247589, 130.73651123, 61.5902900696, -6.44962835312, 1.99792146683, 14.853843689], [291.302246094, 12.0213050842, 226.445480347, 126.96081543, 82.7971954346, 13.4013242722, -26.2530326843, 19.1691112518, 61.5902900696, 114.543380737, 21.4019603729, 10.3263092041, 3.54670572281], [-69.8620223999, 97.2244033813, -4.15689659119, 28.0851764679, -14.7799263, 23.9148025513, 21.1089401245, 4.11828804016, -6.44962835312, 21.4019603729, 90.4913635254, 26.7833404541, -0.433803677559], [131.28137207, -50.0877799988, 78.4831924438, 20.3558883667, 14.2480955124, -5.75082063675, -12.6725664139, -1.48686635494, 1.99792146683, 10.3263092041, 26.7833404541, 82.9458312988, 27.9804401398], [-96.5226135254, 47.8198509216, 15.9552259445, 49.3154296875, 5.17756557465, -16.0683822632, -24.0160102844, -16.508140564, 14.853843689, 3.54670572281, -0.433803677559, 27.9804401398, 69.4470214844]],
        "icov": [[0.000256306462688, 0.000150612089783, -3.08386479446e-05, 2.7959590625e-06, -0.000339808088029, -8.80474108271e-05, -0.000302544940496, -0.000127288745716, -0.000149877858348, -0.000344918575138, 0.000283378409222, -0.00044885155512, 0.000359990022844], [0.000150612089783, 0.00174260511994, 0.000188456600881, -0.00107975548599, -0.000615811208263, -8.29325726954e-05, -0.000117007628432, -1.24532234622e-05, -0.0010972735472, 0.00159934302792, -0.00249406532384, 0.00192637671717, -0.000922547886148], [-3.08386479446e-05, 0.000188456600881, 0.00160535855684, -0.00095107674133, -0.00146190251689, 0.000561369233765, 0.000177825728315, 7.27431834093e-05, 0.000519230903592, -0.00132151320577, 0.000376861280529, -0.00105610291939, 0.000835879880469], [2.7959590625e-06, -0.00107975548599, -0.00095107674133, 0.00364843779244, -0.000266262766672, -0.00170786376111, 0.0014269388048, -9.02871615835e-05, -0.00123908265959, -0.000641011050902, 0.00013179423695, -3.04353034153e-05, -0.00121738470625], [-0.000339808088029, -0.000615811208263, -0.00146190251689, -0.000266262766672, 0.0066575659439, -0.0018405757146, -0.001042163698, 0.000810384750366, -7.83787036198e-05, -0.00125566578936, 0.00258884881623, -0.000352919509169, -0.000374032562831], [-8.80474108271e-05, -8.29325726954e-05, 0.000561369233765, -0.00170786376111, -0.0018405757146, 0.00867155939341, -0.00417807279155, -0.00176611787174, 0.00189607695211, -0.000239219283685, -0.000823396723717, 0.000198308189283, 0.000819108681753], [-0.000302544940496, -0.000117007628432, 0.000177825728315, 0.0014269388048, -0.001042163698, -0.00417807279155, 0.011347759515, -0.00461801327765, 0.0012874531094, 0.00322408182546, -0.0034324422013, 0.00240523624234, -0.000887114496436], [-0.000127288745716, -1.24532234622e-05, 7.27431834093e-05, -9.02871615835e-05, 0.000810384750366, -0.00176611787174, -0.00461801327765, 0.0123277539387, -0.0034205422271, -0.00161911279429, 0.00168726220727, -0.00160727999173, 0.00221584457904], [-0.000149877858348, -0.0010972735472, 0.000519230903592, -0.00123908265959, -7.83787036198e-05, 0.00189607695211, 0.0012874531094, -0.0034205422271, 0.0140198860317, -0.00656703021377, 0.00355860521086, -0.000668490829412, -0.000987195177004], [-0.000344918575138, 0.00159934302792, -0.00132151320577, -0.000641011050902, -0.00125566578936, -0.000239219283685, 0.00322408182546, -0.00161911279429, -0.00656703021377, 0.0195743329823, -0.00920243188739, 0.00483249686658, -0.0016531124711], [0.000283378409222, -0.00249406532384, 0.000376861280529, 0.00013179423695, 0.00258884881623, -0.000823396723717, -0.0034324422013, 0.00168726220727, 0.00355860521086, -0.00920243188739, 0.020906098187, -0.0106851421297, 0.00490610999987], [-0.00044885155512, 0.00192637671717, -0.00105610291939, -3.04353034153e-05, -0.000352919509169, 0.000198308189283, 0.00240523624234, -0.00160727999173, -0.000668490829412, 0.00483249686658, -0.0106851421297, 0.021600259468, -0.0100375385955], [0.000359990022844, -0.000922547886148, 0.000835879880469, -0.00121738470625, -0.000374032562831, 0.000819108681753, -0.000887114496436, 0.00221584457904, -0.000987195177004, -0.0016531124711, 0.00490610999987, -0.0100375385955, 0.0210152305663]]
    },
    "melbands": {
        "dmean": [0.000617847254034, 0.00117406062782, 0.000663918501232, 0.000344194297213, 0.000147176368046, 0.000115058894153, 0.000117423376651, 0.000102517093183, 0.000188463702216, 0.000122920435388, 0.00013454486907, 0.000216962493141, 6.01803476457e-05, 5.7496890804e-05, 5.92208052694e-05, 5.11160651513e-05, 5.92972355662e-05, 3.42271159752e-05, 3.67542925233e-05, 2.02955943678e-05, 1.46770680658e-05, 1.46190714077e-05, 1.45191961565e-05, 9.34742001846e-06, 6.43758448859e-06, 5.68952373214e-06, 6.65731749905e-06, 5.54032430955e-06, 4.07282050219e-06, 4.74913895232e-06, 4.5875763135e-06, 3.32627155331e-06, 2.77092090073e-06, 2.56895873463e-06, 2.1858402306e-06, 1.5290893316e-06, 1.08248491415e-06, 1.02643014088e-06, 9.49846366893e-07, 8.16701060558e-07],
        "dmean2": [0.000961035024375, 0.00196408014745, 0.00114932295401, 0.000597584352363, 0.000232489255723, 0.000181279654498, 0.000185960700037, 0.000168080965523, 0.000296248850645, 0.000195361237274, 0.000208984783967, 0.000350434333086, 9.63881393545e-05, 9.22544204514e-05, 9.11023162189e-05, 8.08518088888e-05, 9.53450944507e-05, 5.47508097952e-05, 5.6857985328e-05, 3.14671378874e-05, 2.29006509471e-05, 2.32011771004e-05, 2.29453598877e-05, 1.47783448483e-05, 1.03250413304e-05, 8.82444783201e-06, 1.03052534541e-05, 8.65502897796e-06, 6.44851570542e-06, 7.4678114288e-06, 7.27603628548e-06, 5.28379678144e-06, 4.35364790974e-06, 3.976078915e-06, 3.42793305208e-06, 2.39594896811e-06, 1.6506414795e-06, 1.57452154781e-06, 1.47945331719e-06, 1.20994263852e-06],
        "dvar": [1.02468652585e-06, 5.9422495724e-06, 1.57454564942e-06, 2.93966991194e-07, 1.13247644151e-07, 5.46120375589e-08, 7.05531206791e-08, 8.63742712909e-08, 2.27782592788e-07, 1.29587903075e-07, 1.33696062221e-07, 3.29406447008e-07, 2.64576467401e-08, 4.75536481304e-08, 3.27904565722e-08, 2.91655020135e-08, 3.04248430893e-08, 1.18449197117e-08, 1.00747818976e-08, 2.65361044249e-09, 9.22936449488e-10, 1.20422216643e-09, 1.08666375898e-09, 4.8155773813e-10, 2.35535840831e-10, 2.60607896374e-10, 4.26677720933e-10, 3.67963159942e-10, 6.26498436462e-11, 8.31099564169e-11, 8.36046995523e-11, 3.43001911596e-11, 3.25342461305e-11, 2.69835646882e-11, 1.57434499465e-11, 1.22585839049e-11, 5.26726925965e-12, 4.42665739134e-12, 3.49124483663e-12, 2.16567367338e-12],
        "dvar2": [2.26417864724e-06, 1.52702432388e-05, 4.23090750701e-06, 7.91198601746e-07, 2.62356536496e-07, 1.28553537593e-07, 1.64880688658e-07, 2.23408193278e-07, 5.48061223071e-07, 3.1353656027e-07, 3.05438703663e-07, 8.36713923036e-07, 6.78736924442e-08, 1.20903862921e-07, 8.11283840108e-08, 7.34939646918e-08, 8.06499187433e-08, 2.84003522921e-08, 2.07826857945e-08, 5.71667024829e-09, 1.9546260166e-09, 2.54794207954e-09, 2.305449609e-09, 1.11250064716e-09, 5.3971749292e-10, 5.6056492781e-10, 8.86818674051e-10, 8.00935651135e-10, 1.45877698809e-10, 1.96087562854e-10, 1.95876162512e-10, 8.1329054602e-11, 7.67885685593e-11, 5.87041318334e-11, 3.56773291466e-11, 2.7782937409e-11, 1.08468260415e-11, 9.58215017749e-12, 7.54547552911e-12, 4.69459367214e-12],
        "max": [0.0101529518142, 0.0229095183313, 0.0110071450472, 0.00763932010159, 0.0158255770802, 0.00594139890745, 0.00549203716218, 0.00839720387012, 0.00968749821186, 0.00883560627699, 0.00924382638186, 0.0116505585611, 0.00561125436798, 0.00752081675455, 0.0083991708234, 0.00694000627846, 0.00497354054824, 0.00358589412645, 0.00230073952116, 0.00144252087921, 0.000609787704889, 0.000954322866164, 0.00113843893632, 0.000664794759359, 0.000696215836797, 0.000781777023803, 0.000927917310037, 0.00083523534704, 0.000254452694207, 0.000215971231228, 0.000287410861347, 0.000145327547216, 0.000338559300872, 0.000218758461415, 0.000113102825708, 0.000150857507833, 0.00011636986892, 7.32890184736e-05, 0.000103534097434, 5.00955138705e-05],
        "mean": [0.000957910495345, 0.00143968884367, 0.000760829891078, 0.000441542477347, 0.000287418952212, 0.000217065491597, 0.000202316834475, 0.000149593222886, 0.00026713416446, 0.000186016608495, 0.000217647888348, 0.000410452892538, 9.36522701522e-05, 9.42463884712e-05, 0.000105315426481, 8.16122847027e-05, 8.73226163094e-05, 5.293794311e-05, 5.60730259167e-05, 3.39345533575e-05, 2.4630146072e-05, 2.39479250013e-05, 2.54305123235e-05, 1.66810514202e-05, 1.17725921882e-05, 1.10902519737e-05, 1.30746375362e-05, 1.06537472675e-05, 7.53951098886e-06, 8.1480056906e-06, 8.0186246123e-06, 6.2234539655e-06, 4.90898446515e-06, 4.56758834844e-06, 4.16104512624e-06, 2.93177413369e-06, 2.31596754929e-06, 1.90143236978e-06, 1.7238306782e-06, 1.42205749398e-06],
        "median": [0.000472992047435, 0.000699896132573, 0.000390144792618, 0.000221801630687, 0.000120879813039, 8.80213847267e-05, 8.27098192531e-05, 5.51438424736e-05, 8.56371043483e-05, 5.21147157997e-05, 5.19622371939e-05, 4.87066827191e-05, 2.86401555059e-05, 2.75896745734e-05, 2.63962356257e-05, 2.19925459533e-05, 2.16443095269e-05, 2.01666789508e-05, 1.97349982045e-05, 1.32612321977e-05, 1.10514747576e-05, 1.20067998068e-05, 1.34356278068e-05, 8.62523484102e-06, 7.08129073246e-06, 5.71423515794e-06, 6.331986242e-06, 5.26767462361e-06, 4.22553057433e-06, 4.15409613197e-06, 3.99331202061e-06, 3.723589316e-06, 2.79303071693e-06, 2.32937304645e-06, 2.22328571908e-06, 1.6328598349e-06, 1.3204953575e-06, 9.50676167122e-07, 8.38387450131e-07, 5.97278756231e-07],
        "min": [8.38611128184e-24, 8.36430164439e-24, 7.08011182134e-24, 8.60371382938e-24, 6.57120897391e-24, 1.30461122308e-23, 1.41739482447e-23, 9.40408263748e-24, 8.56561815854e-24, 5.61338668456e-24, 1.37082442093e-23, 8.95772462692e-24, 1.38074150691e-23, 1.03962132765e-23, 8.36989151276e-24, 1.46425868427e-23, 1.54901847532e-23, 6.2720153318e-24, 4.97863212376e-24, 5.43760599234e-24, 8.59980107929e-24, 1.16078862719e-23, 1.04261773691e-23, 5.84257089348e-24, 9.34125302182e-24, 6.55079207039e-24, 7.32604157512e-24, 1.61860500017e-23, 1.22264668176e-23, 1.23717355533e-23, 7.43210786813e-24, 9.90829886227e-24, 8.73704788844e-24, 7.063746113e-24, 8.72283577037e-24, 1.35155381119e-23, 1.21560878031e-23, 8.21116086572e-24, 1.13852941792e-23, 1.39085943688e-23],
        "var": [1.72136697074e-06, 5.78527078687e-06, 1.41064003856e-06, 3.67005441149e-07, 2.41316229221e-07, 1.19565939372e-07, 1.32260467467e-07, 1.36142389806e-07, 3.1353073382e-07, 2.32700216429e-07, 2.68942784487e-07, 1.0301250768e-06, 4.01663093896e-08, 5.61295294688e-08, 5.77503378452e-08, 3.90313168452e-08, 4.04173938762e-08, 1.59215591822e-08, 1.70889240536e-08, 5.72222758066e-09, 1.90592253091e-09, 1.96897920191e-09, 2.00462402233e-09, 8.60094828692e-10, 4.522603958e-10, 9.00593377651e-10, 1.08993158943e-09, 8.70559013766e-10, 1.45431902632e-10, 1.64848953932e-10, 1.68045827253e-10, 7.58574869586e-11, 7.33113014739e-11, 7.04418606778e-11, 3.89302236281e-11, 3.28346308476e-11, 1.57730339206e-11, 1.03713912458e-11, 8.26853516211e-12, 4.72185485156e-12]
    },
    "mfcc": {
        "mean": [-627.102172852, 90.4689025879, -3.30034184456, 11.8236160278, -3.62833452225, 7.31858539581, -3.03615403175, 3.55999684334, -0.184924200177, 1.00055551529, -1.08857774734, -1.95423555374, -4.83548974991],
        "cov": [[5835.83398438, -330.758789062, 379.143768311, 219.770233154, 420.124908447, 319.061218262, 344.268310547, 236.82598877, 318.760498047, 180.810012817, 159.746887207, 187.152572632, 175.586425781], [-330.758789062, 651.870117188, 122.775787354, 198.850204468, 137.922607422, 90.0574493408, 60.8470001221, 33.9361839294, 17.4302330017, 27.3784751892, 54.7874565125, 46.8134536743, -6.32738447189], [379.143768311, 122.775787354, 1011.2232666, 580.952941895, 502.6590271, 219.350708008, 40.2533073425, -53.5689582825, 120.303421021, 37.2685012817, 38.5792732239, 116.994483948, 127.11605835], [219.770233154, 198.850204468, 580.952941895, 610.520324707, 413.937835693, 190.95072937, -17.9363269806, -45.2468185425, 112.06880188, 33.4051551819, 23.6125049591, 91.1380691528, 93.7118148804], [420.124908447, 137.922607422, 502.6590271, 413.937835693, 466.352264404, 197.917739868, 25.8162555695, -25.670589447, 119.719955444, 40.5613517761, 27.8767757416, 80.4306564331, 74.7393493652], [319.061218262, 90.0574493408, 219.350708008, 190.95072937, 197.917739868, 215.640518188, 95.2491912842, 34.8048553467, 58.3512191772, 34.2438011169, 27.33801651, 49.727268219, 24.6651000977], [344.268310547, 60.8470001221, 40.2533073425, -17.9363269806, 25.8162555695, 95.2491912842, 259.537902832, 119.719306946, 24.8926353455, 40.0492515564, 35.4444656372, 20.7837848663, 8.06864452362], [236.82598877, 33.9361839294, -53.5689582825, -45.2468185425, -25.670589447, 34.8048553467, 119.719306946, 159.101119995, 32.5950737, 19.8384647369, 29.0509185791, 4.0773100853, -6.08402729034], [318.760498047, 17.4302330017, 120.303421021, 112.06880188, 119.719955444, 58.3512191772, 24.8926353455, 32.5950737, 141.028060913, 51.277256012, 9.50431060791, 24.6086826324, 21.3277263641], [180.810012817, 27.3784751892, 37.2685012817, 33.4051551819, 40.5613517761, 34.2438011169, 40.0492515564, 19.8384647369, 51.277256012, 110.405525208, 35.8071937561, 12.0395078659, 7.42414999008], [159.746887207, 54.7874565125, 38.5792732239, 23.6125049591, 27.8767757416, 27.33801651, 35.4444656372, 29.0509185791, 9.50431060791, 35.8071937561, 90.1400604248, 36.7139968872, -1.7289493084], [187.152572632, 46.8134536743, 116.994483948, 91.1380691528, 80.4306564331, 49.727268219, 20.7837848663, 4.0773100853, 24.6086826324, 12.0395078659, 36.7139968872, 92.664352417, 43.6277236938], [175.586425781, -6.32738447189, 127.11605835, 93.7118148804, 74.7393493652, 24.6651000977, 8.06864452362, -6.08402729034, 21.3277263641, 7.42414999008, -1.7289493084, 43.6277236938, 96.4791641235]],
