{
"lowlevel": {
    "average_loudness": 0.970196545124,
    "barkbands_crest": {
        "dmean": 3.09855747223,
        "dmean2": 4.9520149231,
        "dvar": 7.4354133606,
        "dvar2": 17.6124458313,
        "max": 26.1705226898,
        "mean": 11.0402402878,
        "median": 9.89968585968,
        "min": 2.17617177963,
        "var": 25.9302940369
    },
    "barkbands_flatness_db": {
        "dmean": 0.0236392114311,
        "dmean2": 0.0353874005377,
        "dvar": 0.000418563518906,
        "dvar2": 0.000904137734324,
        "max": 0.343525081873,
        "mean": 0.122193366289,
        "median": 0.117754131556,
        "min": 0.0228883065283,
        "var": 0.00247772573493
    },
    "barkbands_kurtosis": {
        "dmean": 3.03152680397,
        "dmean2": 4.75547218323,
        "dvar": 40.3701248169,
        "dvar2": 88.0004882812,
        "max": 160.139678955,
        "mean": 3.99098873138,
        "median": 1.10222005844,
        "min": -1.86646020412,
        "var": 92.8407516479
    },
    "barkbands_skewness": {
        "dmean": 0.569282770157,
        "dmean2": 0.870713949203,
        "dvar": 0.355575978756,
        "dvar2": 0.789368212223,
        "max": 11.7541618347,
        "mean": 1.34624969959,
        "median": 1.07142984867,
        "min": -1.93391525745,
        "var": 1.90344417095
    },
    "barkbands_spread": {
        "dmean": 6.61922073364,
        "dmean2": 10.3167152405,
        "dvar": 49.7725601196,
        "dvar2": 110.5834198,
        "max": 99.172668457,
        "mean": 24.8239364624,
        "median": 23.0840911865,
        "min": 1.0524520874,
        "var": 192.013519287
    },
    "dissonance": {
        "dmean": 0.0195862464607,
        "dmean2": 0.0336415655911,
        "dvar": 0.000411912449636,
        "dvar2": 0.00113772240002,
        "max": 0.500000119209,
        "mean": 0.469485640526,
        "median": 0.47765225172,
        "min": 0.279729247093,
        "var": 0.000791378202848
    },
    "dynamic_complexity": 2.10211253166,
    "erbbands_crest": {
        "dmean": 3.08040452003,
        "dmean2": 4.96420907974,
        "dvar": 8.72472763062,
        "dvar2": 21.7394580841,
        "max": 32.0157661438,
        "mean": 10.9257698059,
        "median": 9.43226146698,
        "min": 2.2021958828,
        "var": 37.8450775146
    },
    "erbbands_flatness_db": {
        "dmean": 0.0174522437155,
        "dmean2": 0.0264086667448,
        "dvar": 0.000253979727859,
        "dvar2": 0.000557419611141,
        "max": 0.375604689121,
        "mean": 0.153133109212,
        "median": 0.142037719488,
        "min": 0.0531399808824,
        "var": 0.00324202375486
    },
    "erbbands_kurtosis": {
        "dmean": 1.21706151962,
        "dmean2": 1.92362785339,
        "dvar": 3.30384135246,
        "dvar2": 8.10967350006,
        "max": 36.9302635193,
        "mean": 1.43215286732,
        "median": 0.217384576797,
        "min": -1.81801772118,
        "var": 10.5365419388
    },
    "erbbands_skewness": {
        "dmean": 0.38815459609,
        "dmean2": 0.607033491135,
        "dvar": 0.131180763245,
        "dvar2": 0.310510843992,
        "max": 4.8052239418,
        "mean": 0.531592488289,
        "median": 0.411404401064,
        "min": -1.88874340057,
        "var": 0.586881935596
    },
    "erbbands_spread": {
        "dmean": 7.47205924988,
        "dmean2": 11.3772916794,
        "dvar": 56.3488044739,
        "dvar2": 128.644119263,
        "max": 138.995132446,
        "mean": 36.1497039795,
        "median": 32.5700798035,
        "min": 3.32925748825,
        "var": 433.758117676
    },
    "hfc": {
        "dmean": 10.2040605545,
        "dmean2": 15.3384208679,
        "dvar": 155.118728638,
        "dvar2": 356.400054932,
        "max": 178.523010254,
        "mean": 33.0054168701,
        "median": 27.5248374939,
        "min": 1.24178563783e-16,
        "var": 510.80456543
    },
    "melbands_crest": {
        "dmean": 3.74546217918,
        "dmean2": 6.01997613907,
        "dvar": 9.87397575378,
        "dvar2": 24.4145488739,
        "max": 32.4335289001,
        "mean": 14.7719173431,
        "median": 13.9288978577,
        "min": 1.93346953392,
        "var": 32.5359573364
    },
    "melbands_flatness_db": {
        "dmean": 0.0289540383965,
        "dmean2": 0.0426852554083,
        "dvar": 0.000638444384094,
        "dvar2": 0.00134077656548,
        "max": 0.427070498466,
        "mean": 0.173401519656,
        "median": 0.165698066354,
        "min": 0.00587256532162,
        "var": 0.00387872778811
    },
    "melbands_kurtosis": {
        "dmean": 7.73799276352,
        "dmean2": 12.0639801025,
        "dvar": 220.506622314,
        "dvar2": 510.88168335,
        "max": 304.882629395,
        "mean": 13.4367256165,
        "median": 5.18882751465,
        "min": -1.68151247501,
        "var": 587.276245117
    },
    "melbands_skewness": {
        "dmean": 0.793067872524,
        "dmean2": 1.20625662804,
        "dvar": 0.727627038956,
        "dvar2": 1.65358996391,
        "max": 13.2617082596,
        "mean": 2.37670397758,
        "median": 1.91064381599,
        "min": -1.51678276062,
        "var": 4.06481838226
    },
    "melbands_spread": {
        "dmean": 8.02059841156,
        "dmean2": 12.4991121292,
        "dvar": 75.1023864746,
        "dvar2": 170.560562134,
        "max": 153.295410156,
        "mean": 27.6971607208,
        "median": 25.2710704803,
        "min": 0.935535609722,
        "var": 302.499420166
    },
    "pitch_salience": {
        "dmean": 0.0829367339611,
        "dmean2": 0.12917676568,
        "dvar": 0.00506290281191,
        "dvar2": 0.0117067666724,
        "max": 0.889395177364,
        "mean": 0.518425345421,
        "median": 0.522599101067,
        "min": 0.0710963755846,
        "var": 0.0207857042551
    },
    "silence_rate_20dB": {
        "dmean": 0,
        "dmean2": 0,
        "dvar": 0,
        "dvar2": 0,
        "max": 1,
        "mean": 1,
        "median": 1,
        "min": 1,
        "var": 0
    },
    "silence_rate_30dB": {
        "dmean": 0.00116795138456,
        "dmean2": 0.00233617564663,
        "dvar": 0.0011666030623,
        "dvar2": 0.00256441347301,
        "max": 1,
        "mean": 0.998948991299,
        "median": 1,
        "min": 0,
        "var": 0.00104987504892
    },
    "silence_rate_60dB": {
        "dmean": 0.00327026401646,
        "dmean2": 0.00642448291183,
        "dvar": 0.00326030189171,
        "dvar2": 0.0068511236459,
        "max": 1,
        "mean": 0.0117949312553,
        "median": 0,
        "min": 0,
        "var": 0.011654054746
    },
    "spectral_centroid": {
        "dmean": 249.135070801,
        "dmean2": 392.008728027,
        "dvar": 66260.7890625,
        "dvar2": 147519.4375,
        "max": 10983.8378906,
        "mean": 1528.74047852,
        "median": 1521.13745117,
        "min": 339.304504395,
        "var": 283654.53125
    },
    "spectral_complexity": {
        "dmean": 4.36136436462,
        "dmean2": 6.57539987564,
        "dvar": 19.4899940491,
        "dvar2": 39.6017227173,
        "max": 61,
        "mean": 21.5541286469,
        "median": 20,
        "min": 0,
        "var": 83.0961074829
    },
    "spectral_decrease": {
        "dmean": 2.87538970412e-09,
        "dmean2": 4.53979387416e-09,
        "dvar": 9.67305256474e-18,
        "dvar2": 2.36655149024e-17,
        "max": 8.57097806857e-29,
        "mean": -8.47070324994e-09,
        "median": -7.87170240102e-09,
        "min": -6.44066489031e-08,
        "var": 2.49045421245e-17
    },
    "spectral_energy": {
        "dmean": 0.0114630106837,
        "dmean2": 0.018077518791,
        "dvar": 0.000147422790178,
        "dvar2": 0.000360335165169,
        "max": 0.250752210617,
        "mean": 0.0349640846252,
        "median": 0.0330610871315,
        "min": 1.09398691134e-20,
        "var": 0.000389525579521
    },
    "spectral_energyband_high": {
        "dmean": 0.000660863821395,
        "dmean2": 0.000980957527645,
        "dvar": 1.15364196063e-06,
        "dvar2": 2.63354695562e-06,
        "max": 0.0206258092076,
        "mean": 0.00141002878081,
        "median": 0.000926446402445,
        "min": 8.09608194415e-21,
        "var": 2.25962321565e-06
    },
    "spectral_energyband_low": {
        "dmean": 0.0074473079294,
        "dmean2": 0.011630163528,
        "dvar": 0.000121449040307,
        "dvar2": 0.000288445706246,
        "max": 0.160843551159,
        "mean": 0.0133178187534,
        "median": 0.00703247869387,
        "min": 6.29939827154e-23,
        "var": 0.000290887255687
    },
    "spectral_energyband_middle_high": {
        "dmean": 0.00394912995398,
        "dmean2": 0.00603456655517,
        "dvar": 2.98555023619e-05,
        "dvar2": 6.92595494911e-05,
        "max": 0.0781978070736,
        "mean": 0.0118026966229,
        "median": 0.00685515627265,
        "min": 1.58863156743e-21,
        "var": 0.000145785626955
    },
    "spectral_energyband_middle_low": {
        "dmean": 0.0044352337718,
        "dmean2": 0.00690087582916,
        "dvar": 4.29267965956e-05,
        "dvar2": 9.94427609839e-05,
        "max": 0.101132594049,
        "mean": 0.00933923665434,
        "median": 0.00598020432517,
        "min": 2.68293436645e-22,
        "var": 9.11004899535e-05
    },
    "spectral_entropy": {
        "dmean": 0.146209985018,
        "dmean2": 0.217429488897,
        "dvar": 0.0180415567011,
        "dvar2": 0.0386998169124,
        "max": 9.80729198456,
        "mean": 7.80315828323,
        "median": 7.85728168488,
        "min": 5.50567531586,
        "var": 0.155836075544
    },
    "spectral_flux": {
        "dmean": 0.0261002425104,
        "dmean2": 0.0424790158868,
        "dvar": 0.000576305843424,
        "dvar2": 0.0014324617805,
        "max": 0.373866379261,
        "mean": 0.102568224072,
        "median": 0.0973284170032,
        "min": 9.9750195659e-07,
        "var": 0.00168256135657
    },
    "spectral_kurtosis": {
        "dmean": 0.825025439262,
        "dmean2": 1.32882964611,
        "dvar": 0.91214799881,
        "dvar2": 2.51243853569,
        "max": 28.7660045624,
        "mean": 3.21457195282,
        "median": 2.8260884285,
        "min": -1.21183407307,
        "var": 4.30602312088
    },
    "spectral_rms": {
        "dmean": 0.000941241334658,
        "dmean2": 0.00145796337165,
        "dvar": 7.61860690091e-07,
        "dvar2": 1.77492313469e-06,
        "max": 0.0156408529729,
        "mean": 0.00558478338644,
        "median": 0.00567932380363,
        "min": 3.26696222158e-12,
        "var": 2.92159029414e-06
    },
    "spectral_rolloff": {
        "dmean": 579.572631836,
        "dmean2": 953.945251465,
        "dvar": 931190.125,
        "dvar2": 2087004.375,
        "max": 18798.4863281,
        "mean": 1706.36730957,
        "median": 1550.390625,
        "min": 64.599609375,
        "var": 2042411.125
    },
    "spectral_skewness": {
        "dmean": 0.146345034242,
        "dmean2": 0.227644756436,
        "dvar": 0.0187130440027,
        "dvar2": 0.0446202978492,
        "max": 3.91449093819,
        "mean": 1.49423789978,
        "median": 1.46341323853,
        "min": 0.00960382539779,
        "var": 0.1182808429
    },
    "spectral_spread": {
        "dmean": 523730.96875,
        "dmean2": 764681.125,
        "dvar": 427885985792,
        "dvar2": 754603720704,
        "max": 41113520,
        "mean": 5600394,
        "median": 5551330.5,
        "min": 1995601.375,
        "var": 2.07992075059e+12
    },
    "spectral_strongpeak": {
        "dmean": 0.957383811474,
        "dmean2": 1.58972549438,
        "dvar": 2.13798356056,
        "dvar2": 5.1569609642,
        "max": 16.6794109344,
        "mean": 1.92813014984,
        "median": 0.706541836262,
        "min": 0,
        "var": 6.25058603287
    },
    "zerocrossingrate": {
        "dmean": 0.0123796006665,
        "dmean2": 0.0140811046585,
        "dvar": 0.000161703093909,
        "dvar2": 0.000193976404262,
        "max": 0.58984375,
        "mean": 0.0745904222131,
        "median": 0.0712890625,
        "min": 0.00390625,
        "var": 0.00130153435748
    },
    "barkbands": {
        "dmean": [0.000139616488013, 0.00566655397415, 0.00307161803357, 0.00120678916574, 0.00140920863487, 0.000874028890394, 0.00100457097869, 0.00140899943653, 0.000695874216035, 0.000932861701585, 0.001460248488, 0.000733244931325, 0.000707324594259, 0.000753157655708, 0.000770289858337, 0.000495624553878, 0.000236983163632, 0.000216589367483, 0.000225859941565, 0.000140217394801, 0.000126936996821, 0.000118093965284, 0.00014945383009, 0.000128279018099, 0.000130140120746, 4.86206117785e-05, 1.95064126274e-06],
        "dmean2": [0.000239978835452, 0.00845957081765, 0.00504016457126, 0.00202231411822, 0.00234311213717, 0.00145154958591, 0.00165304960683, 0.00226734951138, 0.00114092044532, 0.00149969221093, 0.00222811987624, 0.00118367967661, 0.00114579778165, 0.00119803403504, 0.00120657274965, 0.000752722437028, 0.000373942981241, 0.000350343063474, 0.000359135941835, 0.000224061921472, 0.000201230635867, 0.000182239018613, 0.000231726968195, 0.000197433415451, 0.000195363289095, 7.55046421546e-05, 3.2374591683e-06],
        "dvar": [7.61134870686e-08, 8.62687011249e-05, 3.85528001061e-05, 6.05534887654e-06, 8.19797787699e-06, 4.5006131586e-06, 6.40946518615e-06, 1.4807414118e-05, 3.60073295269e-06, 7.39445931686e-06, 1.05195940705e-05, 5.41986537428e-06, 3.4708750718e-06, 4.64204003947e-06, 3.68182327293e-06, 1.77239587629e-06, 3.38312730719e-07, 3.19433894447e-07, 1.97105691768e-07, 7.265147417e-08, 8.08900040283e-08, 3.89626890751e-08, 6.60656169771e-08, 5.5980393654e-08, 5.90968056713e-08, 7.94548427052e-09, 1.72537192866e-11],
        "dvar2": [2.03886102668e-07, 0.000181750627235, 9.71623230726e-05, 1.5989975509e-05, 2.09846730286e-05, 1.155530299e-05, 1.66724130395e-05, 3.61335623893e-05, 9.01639214135e-06, 1.72018626472e-05, 2.16195458052e-05, 1.37737088153e-05, 8.63139030116e-06, 1.11062972792e-05, 8.38233609102e-06, 3.64857987734e-06, 7.39894062463e-07, 8.60847421791e-07, 4.7525975333e-07, 1.81019359502e-07, 2.04165914397e-07, 8.89779769864e-08, 1.56154726483e-07, 1.30053450675e-07, 1.22055411111e-07, 1.95437657169e-08, 4.35586913761e-11],
        "max": [0.0045001078397, 0.11816842854, 0.0795419886708, 0.0355049036443, 0.0566758960485, 0.0526388511062, 0.0491036772728, 0.0948552787304, 0.0418416708708, 0.0599847361445, 0.0659361183643, 0.0684583485126, 0.0378067828715, 0.0443575493991, 0.0467362850904, 0.0432340316474, 0.015729341656, 0.0275156181306, 0.0103770745918, 0.00651400862262, 0.0117170345038, 0.00309732696041, 0.00510163838044, 0.00471147429198, 0.00825907662511, 0.00108928408008, 5.6581950048e-05],
        "mean": [0.000175653884071, 0.00875352416188, 0.00361997284926, 0.00134629779495, 0.0020189313218, 0.00122550677042, 0.00142294052057, 0.0020340681076, 0.0010242331773, 0.0014903601259, 0.00296926312149, 0.00132753245998, 0.00121029361617, 0.00121642672457, 0.00144135789014, 0.000942798447795, 0.000429215549957, 0.000375424424419, 0.000410323264077, 0.000255381892202, 0.00022377348796, 0.00020994010265, 0.000271435361356, 0.000248431198997, 0.000256481871475, 6.27502304269e-05, 1.81626160156e-06],
        "median": [3.57417266059e-05, 0.00353568536229, 0.00136733578984, 0.000435868336353, 0.000802132999524, 0.000407809944591, 0.000531427504029, 0.000589316536207, 0.000329568021698, 0.00040903117042, 0.000648291257676, 0.000268283358309, 0.000277911924059, 0.000293935649097, 0.00034628532012, 0.000288989947876, 0.000193512692931, 0.000220637084567, 0.00022380061273, 0.000165704695974, 0.00013749639038, 0.000120877026347, 0.000160452458658, 0.000137927811011, 0.000138231320307, 2.40101271629e-05, 2.95262822192e-07],
        "min": [2.32945560825e-23, 1.56351063901e-23, 1.52508979971e-23, 2.18672779353e-23, 7.07922198624e-23, 1.47224100999e-23, 3.41235289852e-23, 3.30910741433e-23, 3.79836967626e-23, 9.60017783907e-23, 1.19409345109e-22, 3.33765376614e-23, 1.04417655761e-22, 1.08395774021e-22, 1.64231348893e-22, 9.76281634527e-23, 2.1809974448e-22, 1.42371230659e-22, 3.05221820532e-22, 3.69272176352e-22, 4.04946561701e-22, 6.82802305181e-22, 4.35548659781e-22, 6.60187619403e-22, 1.22891563947e-21, 2.03897213912e-21, 2.67293963762e-21],
        "var": [1.19003992438e-07, 0.000186468547327, 4.4424108637e-05, 6.46033049634e-06, 1.21198745546e-05, 7.93622439232e-06, 8.84602650331e-06, 2.48506621574e-05, 5.446564046e-06, 1.45847916428e-05, 4.60233168269e-05, 1.58096299856e-05, 8.45807335281e-06, 9.62748526945e-06, 1.20562444863e-05, 6.43905150355e-06, 8.12878113265e-07, 3.6412393456e-07, 4.35537515386e-07, 1.06731256722e-07, 1.00256599467e-07, 6.83646561583e-08, 1.12613015801e-07, 1.14257638018e-07, 1.65239669059e-07, 9.72555991297e-09, 1.69737297134e-11]
    },
    "erbbands": {
        "dmean": [0.138882860541, 1.39038968086, 3.34817385674, 3.54317212105, 3.50608205795, 5.62894582748, 6.66791439056, 7.28324794769, 10.313580513, 27.1927852631, 23.0813217163, 15.6793260574, 17.9021492004, 46.6447296143, 51.624294281, 25.3113155365, 32.3308372498, 32.2556610107, 44.3495864868, 32.7774620056, 19.2240695953, 11.9324083328, 10.2460756302, 14.876958847, 6.95355653763, 6.76098775864, 5.49115514755, 4.72478246689, 4.20601415634, 4.2485575676, 4.20594835281, 3.23183226585, 2.03384041786, 1.70577120781, 0.779017806053, 0.279963135719, 0.0818532630801, 0.0100971311331, 0.000268024596153, 2.07372213481e-05],
        "dmean2": [0.210255339742, 2.0783290863, 5.45811843872, 5.73923444748, 5.84450864792, 9.5171661377, 11.1049203873, 12.2004585266, 16.8500061035, 44.3758583069, 37.5876083374, 25.5197944641, 28.9544506073, 72.9346389771, 77.6650314331, 40.0171432495, 51.6293487549, 51.2593460083, 68.799659729, 50.1819229126, 29.0832176208, 18.641626358, 16.4155693054, 23.886888504, 10.9469575882, 10.7680435181, 8.66889190674, 7.47776556015, 6.52308750153, 6.59823942184, 6.56582069397, 5.06354522705, 3.08889508247, 2.58998942375, 1.16713881493, 0.431112259626, 0.127695575356, 0.0159071534872, 0.000427852210123, 3.26342014887e-05],
        "dvar": [0.0597391761839, 5.25372219086, 37.6291542053, 49.8733253479, 40.3906364441, 157.796600342, 256.830108643, 380.740936279, 775.46484375, 4718.15185547, 4972.93066406, 1699.9362793, 2002.72058105, 17490.8046875, 11748.9482422, 4660.88769531, 7073.56982422, 8979.67871094, 13136.296875, 6514.52685547, 2086.90991211, 797.82989502, 1017.17871094, 845.418273926, 194.967025757, 176.391952515, 119.503112793, 121.011268616, 50.0639610291, 50.4626083374, 54.7302970886, 35.918510437, 14.4298171997, 12.1218309402, 1.9941034317, 0.260991811752, 0.0243953596801, 0.000395290728193, 3.10245297896e-07, 6.48679165938e-10],
        "dvar2": [0.137692809105, 11.0560626984, 96.4427719116, 122.558227539, 104.293014526, 419.163879395, 655.599609375, 982.484741211, 1921.25842285, 11665.9550781, 12621.9970703, 4198.75292969, 5059.45263672, 40470.03125, 23530.8574219, 11303.953125, 17328.4707031, 21350.4589844, 30942.9707031, 13896.9755859, 4289.36523438, 1747.95153809, 2806.7019043, 2077.64428711, 471.708404541, 443.138885498, 293.02835083, 309.124725342, 116.67263031, 115.389213562, 131.458648682, 84.9923324585, 33.337310791, 25.8393421173, 4.20222663879, 0.631192684174, 0.0607549324632, 0.000972139998339, 7.67686799463e-07, 1.58023927277e-09],
        "max": [2.95260691643, 29.0672569275, 84.5190429688, 82.4360275269, 80.2136383057, 213.765304565, 434.437103271, 572.03717041, 726.22052002, 1472.6706543, 1705.09729004, 1105.46252441, 998.182861328, 2764.61230469, 2548.25952148, 1755.4942627, 1750.93701172, 2461.47973633, 2861.54321289, 2112.70874023, 1664.84094238, 795.264404297, 1809.93591309, 620.695068359, 491.771697998, 352.011352539, 324.884063721, 530.538513184, 158.569076538, 159.427383423, 114.35269165, 135.847518921, 91.1890487671, 143.263870239, 42.2329673767, 9.20731163025, 1.85273587704, 0.254295945168, 0.0111146271229, 0.000378390657715],
        "mean": [0.204276114702, 2.11901378632, 4.53082370758, 4.45517730713, 4.64259386063, 7.55695104599, 9.444439888, 9.96498012543, 15.3166637421, 41.3661499023, 32.5577812195, 23.9032287598, 29.5986194611, 85.5920181274, 114.268249512, 48.7912788391, 58.1903648376, 54.6348152161, 83.4264755249, 66.1936721802, 39.9008293152, 23.7316989899, 19.8468055725, 27.5691833496, 13.7407207489, 12.5689783096, 9.84290599823, 8.20564174652, 7.25403594971, 7.8609251976, 7.46140527725, 5.95859956741, 3.95467185974, 3.35742878914, 1.46903443336, 0.399290323257, 0.0996798798442, 0.0117855612189, 0.000330221228069, 5.7101908169e-05],
        "median": [0.0523080229759, 0.847729980946, 1.97320985794, 1.91272878647, 2.04572439194, 2.64938259125, 2.92946243286, 3.62877559662, 6.10430526733, 12.6871757507, 12.0136899948, 8.58344364166, 11.0045232773, 22.8503570557, 29.1644744873, 16.7136459351, 15.7295665741, 19.3395824432, 21.280954361, 22.568479538, 16.006734848, 11.6792030334, 12.2818784714, 14.5100507736, 9.18633556366, 8.20869445801, 6.20455884933, 4.91513299942, 4.30081176758, 4.60364103317, 4.38515377045, 3.29402732849, 2.17855024338, 1.72954630852, 0.781837403774, 0.175253689289, 0.0362229384482, 0.0036991504021, 0.000122114070109, 5.28033124283e-05],
        "min": [1.29089440868e-21, 6.95189970991e-22, 1.01647144455e-20, 6.16948330099e-20, 1.53458224123e-19, 2.43433825902e-19, 1.67222393194e-19, 1.35135023257e-19, 4.67603390819e-19, 5.58916944313e-19, 6.65368471704e-19, 8.53347178761e-19, 3.66836279617e-18, 2.31181699047e-18, 3.63765661106e-18, 1.92049169794e-18, 4.62487351108e-18, 5.4343495634e-18, 9.34253187148e-18, 6.71922037581e-18, 5.96719036268e-18, 1.08353033639e-17, 1.03603279844e-17, 9.11813927799e-18, 1.81342871864e-17, 1.93640599118e-17, 1.59717773305e-17, 1.86317519525e-17, 2.38290501639e-17, 1.87581931265e-17, 1.17120668368e-17, 1.08265178786e-17, 1.35265148073e-17, 1.42787139789e-17, 8.39290040412e-18, 8.24660524099e-18, 3.54165030685e-18, 1.48002329504e-18, 3.69804482828e-19, 3.71795745669e-20],
        "var": [0.110624693334, 11.2680559158, 52.6710128784, 60.2462463379, 50.8490219116, 212.003540039, 470.660064697, 576.554626465, 1302.49365234, 8427.10546875, 5980.70996094, 2728.92456055, 3932.0690918, 44010.9023438, 62092.671875, 12457.1660156, 18777.4824219, 15315.9990234, 41248.9023438, 19860.3046875, 7633.15771484, 1915.14111328, 1043.47119141, 1735.20593262, 353.278320312, 257.531005859, 173.75201416, 141.720870972, 77.9067077637, 99.1160354614, 88.384765625, 68.4102325439, 30.5750026703, 33.1064605713, 4.96369838715, 0.374744921923, 0.0272510498762, 0.000443094584625, 3.38278624668e-07, 1.23976828803e-09]
    },
    "gfcc": {
        "mean": [35.5192527771, 65.3088378906, -123.062080383, 27.9262313843, -60.5234375, 31.0572776794, -39.8767585754, 17.8566150665, -24.1083831787, 6.43083238602, -15.5888175964, 0.1741617769, -12.3205709457],
        "cov": [[2964.19091797, -273.170135498, 575.333190918, 407.479064941, 208.004806519, 300.001953125, -146.363952637, 42.8745346069, -82.9680862427, 124.036613464, 5.29305887222, 150.601760864, -9.12209224701], [-273.170135498, 867.808349609, 412.231567383, 244.34223938, 168.640136719, -36.7695999146, 38.5583534241, -5.77992248535, 103.497245789, 4.13614225388, 62.0648727417, -66.2625732422, 42.6330566406], [575.333190918, 412.231567383, 1138.4498291, 545.98626709, 242.28175354, 132.261810303, -12.439406395, 35.3177032471, 38.5253372192, 122.797302246, 28.2123699188, 74.5781555176, 6.27069664001], [407.479064941, 244.34223938, 545.98626709, 478.423492432, 190.123245239, 128.850845337, 46.8993644714, 46.4715499878, 49.0387115479, 46.2372436523, 34.2558631897, 29.0514335632, 17.7327899933], [208.004806519, 168.640136719, 242.28175354, 190.123245239, 276.933990479, 162.880935669, 51.6265907288, 18.752948761, 38.082862854, 52.4409637451, 37.0899543762, 22.1503696442, 17.6155147552], [300.001953125, -36.7695999146, 132.261810303, 128.850845337, 162.880935669, 294.932647705, 92.5777282715, 4.22823762894, -2.92965722084, 41.8500709534, 48.8164672852, 34.4751014709, 20.4183559418], [-146.363952637, 38.5583534241, -12.439406395, 46.8993644714, 51.6265907288, 92.5777282715, 187.967819214, 40.6369628906, 19.2563438416, -8.74305725098, 18.0038223267, 7.87554836273, 6.86566209793], [42.8745346069, -5.77992248535, 35.3177032471, 46.4715499878, 18.752948761, 4.22823762894, 40.6369628906, 130.322967529, 57.1334152222, 0.590071618557, -3.37340712547, 5.51760005951, 15.2830581665], [-82.9680862427, 103.497245789, 38.5253372192, 49.0387115479, 38.082862854, -2.92965722084, 19.2563438416, 57.1334152222, 137.442840576, 53.5477981567, 21.7928791046, -26.5518894196, -13.343996048], [124.036613464, 4.13614225388, 122.797302246, 46.2372436523, 52.4409637451, 41.8500709534, -8.74305725098, 0.590071618557, 53.5477981567, 124.467750549, 47.2439002991, 4.31272220612, -23.8669967651], [5.29305887222, 62.0648727417, 28.2123699188, 34.2558631897, 37.0899543762, 48.8164672852, 18.0038223267, -3.37340712547, 21.7928791046, 47.2439002991, 87.4238891602, 18.1614151001, 2.750831604], [150.601760864, -66.2625732422, 74.5781555176, 29.0514335632, 22.1503696442, 34.4751014709, 7.87554836273, 5.51760005951, -26.5518894196, 4.31272220612, 18.1614151001, 105.191246033, 43.9110221863], [-9.12209224701, 42.6330566406, 6.27069664001, 17.7327899933, 17.6155147552, 20.4183559418, 6.86566209793, 15.2830581665, -13.343996048, -23.8669967651, 2.750831604, 43.9110221863, 99.1569519043]],
        "icov": [[0.000591624586377, -5.20586800121e-05, 0.000173336768057, -0.000573038589209, 9.43087725318e-05, -0.000725645688362, 0.000942780287005, -0.000652315793559, 0.000710970605724, -0.000681824574713, 0.000659078534227, -0.000826119212434, 0.000615382741671], [-5.20586800121e-05, 0.00373142049648, -0.00204161950387, 0.000624233973213, -0.00222487514839, 0.00273529533297, -0.00154930248391, 0.0025434831623, -0.00283369841054, 0.0037376487162, -0.00456076068804, 0.00461010588333, -0.00344112934545], [0.000173336768057, -0.00204161950387, 0.00362248835154, -0.00318047497422, 0.000815316336229, -0.00134488451295, 0.00163511699066, -0.001666769851, 0.00247860560194, -0.0042134760879, 0.00390963396057, -0.00388553971425, 0.00244082626887], [-0.000573038589209, 0.000624233973213, -0.00318047497422, 0.00659055961296, -0.00172773969825, 0.000472494546557, -0.00166999641806, 0.000488563091494, -0.00232166983187, 0.00339076528326, -0.00282671838067, 0.00234861578792, -0.00150656537153], [9.43087725318e-05, -0.00222487514839, 0.000815316336229, -0.00172773969825, 0.00826179888099, -0.00463684368879, 0.000897508754861, -0.0011801130604, 0.000405925064115, -0.0029562052805, 0.00285077653825, -0.00266248942353, 0.00127257592976], [-0.000725645688362, 0.00273529533297, -0.00134488451295, 0.000472494546557, -0.00463684368879, 0.00922747980803, -0.00457534659654, 0.00283486628905, -0.000820517307147, 0.00179920042865, -0.00524413539097, 0.00389889487997, -0.00369724049233], [0.000942780287005, -0.00154930248391, 0.00163511699066, -0.00166999641806, 0.000897508754861, -0.00457534659654, 0.00943510513753, -0.00396017916501, 0.00143921154086, -0.000619849364739, 0.00184718321543, -0.00348887569271, 0.0032261791639], [-0.000652315793559, 0.0025434831623, -0.001666769851, 0.000488563091494, -0.0011801130604, 0.00283486628905, -0.00396017916501, 0.0134677644819, -0.00808470696211, 0.0045462292619, -0.00197262270376, 0.00240772380494, -0.00431648828089], [0.000710970605724, -0.00283369841054, 0.00247860560194, -0.00232166983187, 0.000405925064115, -0.000820517307147, 0.00143921154086, -0.00808470696211, 0.0164325106889, -0.00952745322138, 0.00283678551205, -0.000572101562284, 0.00287831062451], [-0.000681824574713, 0.0037376487162, -0.0042134760879, 0.00339076528326, -0.0029562052805, 0.00179920042865, -0.000619849364739, 0.0045462292619, -0.00952745322138, 0.020286494866, -0.0114636849612, 0.00414391187951, -0.000429066363722], [0.000659078534227, -0.00456076068804, 0.00390963396057, -0.00282671838067, 0.00285077653825, -0.00524413539097, 0.00184718321543, -0.00197262270376, 0.00283678551205, -0.0114636849612, 0.0230195336044, -0.00922290887684, 0.00409754365683], [-0.000826119212434, 0.00461010588333, -0.00388553971425, 0.00234861578792, -0.00266248942353, 0.00389889487997, -0.00348887569271, 0.00240772380494, -0.000572101562284, 0.00414391187951, -0.00922290887684, 0.0208894554526, -0.0107662770897], [0.000615382741671, -0.00344112934545, 0.00244082626887, -0.00150656537153, 0.00127257592976, -0.00369724049233, 0.0032261791639, -0.00431648828089, 0.00287831062451, -0.000429066363722, 0.00409754365683, -0.0107662770897, 0.017651585862]]
    },
    "melbands": {
        "dmean": [0.00143321882933, 0.00164364033844, 0.000566903618164, 0.000321534986142, 0.00023133099603, 0.000163339806022, 0.000166669226019, 0.000312100775773, 0.000174224027433, 9.64864593698e-05, 9.22842518776e-05, 0.000186317935004, 0.000186505189049, 0.000101316618384, 6.63322934997e-05, 6.58904682496e-05, 6.48213244858e-05, 7.64688229538e-05, 5.07407385157e-05, 4.47143393103e-05, 1.99523456104e-05, 1.38956002047e-05, 1.11869485409e-05, 1.04682849269e-05, 1.35824438985e-05, 6.3062971094e-06, 4.73523959954e-06, 4.80939615954e-06, 3.6974968225e-06, 3.44629029314e-06, 2.75054821941e-06, 2.44224452217e-06, 2.38523807639e-06, 2.50923153544e-06, 2.37887979893e-06, 2.63751553575e-06, 1.95220377464e-06, 1.45587978295e-06, 1.5168994878e-06, 1.56926932959e-06],
        "dmean2": [0.00213743792847, 0.002650083974, 0.000901933060959, 0.000538569816854, 0.00038332407712, 0.000272615754511, 0.000272507895716, 0.000506533542648, 0.000285735353827, 0.000157098285854, 0.000149449391756, 0.000292065902613, 0.000282138731563, 0.000159268718562, 0.000105198465462, 0.000104318474769, 0.000103461323306, 0.000118415162433, 7.86094678915e-05, 6.73498070682e-05, 3.06650654238e-05, 2.17248343688e-05, 1.79302351171e-05, 1.70136227098e-05, 2.185475023e-05, 1.00540109997e-05, 7.63925163483e-06, 7.68336849433e-06, 5.87589647694e-06, 5.5929804148e-06, 4.39107816419e-06, 3.8529478843e-06, 3.76292473447e-06, 3.94993458031e-06, 3.73151669919e-06, 4.24110203312e-06, 3.10552627525e-06, 2.2428871489e-06, 2.34204344451e-06, 2.43182262238e-06],
        "dvar": [5.84389681535e-06, 7.1860567914e-06, 1.10594669422e-06, 4.32253926874e-07, 2.73405731832e-07, 1.7381874784e-07, 1.81218240414e-07, 6.28532632163e-07, 2.95833160635e-07, 6.72766091725e-08, 5.76218468495e-08, 2.86768738533e-07, 1.51910356294e-07, 1.0038833409e-07, 3.25492237607e-08, 3.14109875887e-08, 4.07218685439e-08, 4.1870041656e-08, 1.5498127226e-08, 1.65435167787e-08, 2.42671105433e-09, 1.36275102314e-09, 7.07974290304e-10, 8.90539253451e-10, 7.53962337008e-10, 1.90424370716e-10, 9.87769796512e-11, 8.93888366105e-11, 4.63502847214e-11, 6.65259236587e-11, 4.74149053353e-11, 1.75573167116e-11, 1.53603206543e-11, 1.70234711744e-11, 1.65450188272e-11, 2.50137827118e-11, 1.36013257948e-11, 7.18497050051e-12, 9.88944429819e-12, 1.16794681565e-11],
        "dvar2": [1.24218877318e-05, 1.79994949576e-05, 2.58734939962e-06, 1.12234727112e-06, 6.96547488133e-07, 4.45615597755e-07, 4.52556889741e-07, 1.52875327331e-06, 7.63847083363e-07, 1.65739223235e-07, 1.43209931025e-07, 6.65234779262e-07, 3.06737604205e-07, 2.53061045896e-07, 7.82376403663e-08, 7.34931546731e-08, 9.64363096045e-08, 9.84332402254e-08, 3.50909310498e-08, 3.40690462508e-08, 5.13694420334e-09, 2.87922841125e-09, 1.7381260875e-09, 2.42710251896e-09, 1.85641135797e-09, 4.58870413889e-10, 2.53682019835e-10, 2.24786189662e-10, 1.10623010752e-10, 1.72077241345e-10, 1.22991214435e-10, 4.11315252691e-11, 3.65617883191e-11, 3.92226702506e-11, 3.95071267367e-11, 6.25577159519e-11, 3.20439126622e-11, 1.68026096509e-11, 2.27333742109e-11, 2.6614876969e-11],
        "max": [0.0319687873125, 0.040079113096, 0.0138057377189, 0.00965593382716, 0.0125128123909, 0.0121101941913, 0.00977291166782, 0.0190746858716, 0.0144545342773, 0.00624952884391, 0.0051304330118, 0.0111305648461, 0.00826855376363, 0.00998710654676, 0.00473797274753, 0.00411181384698, 0.00438238913193, 0.00522706937045, 0.00274861417711, 0.00455212080851, 0.00144214078318, 0.00113120651804, 0.000881731160916, 0.00148887489922, 0.000643464445602, 0.000498207693454, 0.000236297972151, 0.000251221441431, 0.000221369351493, 0.000357791082934, 0.000355681608198, 8.53420788189e-05, 6.65333354846e-05, 9.22216495383e-05, 6.01889914833e-05, 0.000102923186205, 9.9025965028e-05, 6.6072519985e-05, 0.000104489634396, 0.000120496944874],
        "mean": [0.00219237944111, 0.00261526135728, 0.000786042714026, 0.000436017202446, 0.000340972212143, 0.000227463184274, 0.000243618153036, 0.000476044428069, 0.000241267072852, 0.000144568577525, 0.000144029356306, 0.000328925147187, 0.000399615353672, 0.000205769363674, 0.000106916959339, 0.000110624387162, 0.000101027857454, 0.000136049595312, 9.44378480199e-05, 8.59565989231e-05, 3.73615330318e-05, 2.46485815296e-05, 1.96657201741e-05, 1.80628867383e-05, 2.38891698245e-05, 1.12675443233e-05, 8.31602483231e-06, 8.29042983241e-06, 6.22192783339e-06, 5.53698737349e-06, 4.521401479e-06, 4.01094757763e-06, 4.07434436056e-06, 4.47550564786e-06, 4.09582480643e-06, 4.3228751565e-06, 3.49311494574e-06, 2.6713837542e-06, 2.76634864349e-06, 2.94312917504e-06],
        "median": [0.000780134694651, 0.00120167655405, 0.000366013060557, 0.000178342219442, 0.000112370653369, 7.97430984676e-05, 9.63099373621e-05, 0.000143916535308, 8.62610831973e-05, 4.68211110274e-05, 4.63032920379e-05, 7.63328425819e-05, 9.89442632999e-05, 3.9768008719e-05, 2.91971064144e-05, 2.79821779259e-05, 2.6863455787e-05, 2.84267116513e-05, 2.48877022386e-05, 2.37656422541e-05, 1.40096526593e-05, 1.07396526801e-05, 1.05401368273e-05, 1.02125541162e-05, 1.15950779218e-05, 6.35310198049e-06, 5.43614123671e-06, 5.0991570788e-06, 3.73369562112e-06, 3.1746960758e-06, 2.51752453551e-06, 2.31193712352e-06, 2.28940803026e-06, 2.57907868217e-06, 2.39502605837e-06, 2.36286336985e-06, 1.85453882295e-06, 1.48912579334e-06, 1.39537314681e-06, 1.44577438732e-06],
        "min": [9.2384881117e-24, 3.83593909799e-24, 1.24352096683e-23, 1.48624171334e-23, 7.33051520532e-24, 3.19764057957e-24, 6.98238931012e-24, 6.05263114191e-24, 4.8221355308e-24, 5.98401325936e-24, 1.8581184749e-23, 8.6800937088e-24, 1.67293716393e-23, 3.17341821104e-24, 7.44100069712e-24, 1.10951929479e-23, 9.27799347697e-24, 1.48367980866e-23, 1.05798987494e-23, 8.22475688342e-24, 7.31787055387e-24, 1.18817069919e-23, 9.86831071413e-24, 7.69216848731e-24, 6.89432561183e-24, 1.20839543619e-23, 1.48111679958e-23, 1.21806947413e-23, 9.34969067807e-24, 9.06680042429e-24, 1.21396676633e-23, 1.57930615868e-23, 9.64645857289e-24, 1.01910542208e-23, 7.07156372457e-24, 4.92810637164e-24, 7.35811587067e-24, 8.18030378255e-24, 1.15575293361e-23, 1.30376161988e-23],
        "var": [1.21225139083e-05, 1.36648422995e-05, 1.54648137141e-06, 5.29614681e-07, 5.15356759934e-07, 2.85337591777e-07, 2.83631720777e-07, 1.18162779472e-06, 3.37235775305e-07, 1.09689352712e-07, 1.07439049657e-07, 6.98585893133e-07, 7.78732555773e-07, 3.52094360778e-07, 7.13431873578e-08, 7.20289747846e-08, 6.95154867003e-08, 1.23428677057e-07, 4.78715342922e-08, 5.83965729106e-08, 6.94117252564e-09, 3.22135829123e-09, 1.11229714328e-09, 9.99857086015e-10, 1.52820123223e-09, 4.28590496426e-10, 1.28223279217e-10, 1.28988597581e-10, 7.33178587287e-11, 7.56087414899e-11, 5.31621621724e-11, 2.60530659546e-11, 2.62106846644e-11, 3.22313842283e-11, 2.63744824591e-11, 3.75582204226e-11, 2.693101471e-11, 1.37305869799e-11, 2.12955139633e-11, 2.93645663341e-11]
    },
    "mfcc": {
        "mean": [-605.637084961, 95.8209838867, -0.55619853735, 5.71960735321, 6.24347543716, 6.2541475296, 3.67220568657, 6.60980272293, 1.77459967136, 5.89140605927, 0.761286258698, 0.151580363512, 3.29152107239],
        "cov": [[2338.9309082, -422.195465088, 293.823974609, 101.895240784, 288.060424805, 154.907531738, 106.968200684, 28.0689048767, 7.55857658386, -26.9675331116, -50.7542915344, 41.8272132874, 74.1076278687], [-422.195465088, 670.529602051, 200.766082764, 209.871353149, 121.63961792, 28.3537025452, -8.55634403229, -19.0908317566, 12.9664487839, 46.2638092041, 22.2860431671, 41.2746162415, -18.7748966217], [293.823974609, 200.766082764, 801.781555176, 389.586151123, 306.204864502, 180.013671875, 79.4080123901, 7.03529214859, 39.6959152222, 21.4034194946, 5.87230348587, 95.6583404541, 62.5289230347], [101.895240784, 209.871353149, 389.586151123, 381.831481934, 196.429672241, 88.7363967896, 43.602596283, 31.0788078308, 50.0350799561, 28.3165359497, 11.2356309891, 71.3446426392, 22.6408786774], [288.060424805, 121.63961792, 306.204864502, 196.429672241, 320.656860352, 140.689712524, 65.2160568237, 17.3009548187, 39.3245620728, 32.4231910706, 8.62827587128, 54.0714607239, 63.5590629578], [154.907531738, 28.3537025452, 180.013671875, 88.7363967896, 140.689712524, 264.869842529, 129.600341797, 36.4307937622, 6.51645946503, 38.1526031494, 15.6515436172, 31.4651374817, 51.3408279419], [106.968200684, -8.55634403229, 79.4080123901, 43.602596283, 65.2160568237, 129.600341797, 171.729675293, 70.6465454102, 21.790140152, 20.5643577576, 2.30549788475, 1.46687102318, 23.1634082794], [28.0689048767, -19.0908317566, 7.03529214859, 31.0788078308, 17.3009548187, 36.4307937622, 70.6465454102, 132.198135376, 59.5155677795, 9.6530122757, -9.31587219238, 4.2570066452, 9.31419658661], [7.55857658386, 12.9664487839, 39.6959152222, 50.0350799561, 39.3245620728, 6.51645946503, 21.790140152, 59.5155677795, 110.715270996, 34.8768692017, -0.576551020145, 14.759428978, 11.9025888443], [-26.9675331116, 46.2638092041, 21.4034194946, 28.3165359497, 32.4231910706, 38.1526031494, 20.5643577576, 9.6530122757, 34.8768692017, 101.004013062, 60.3449935913, 22.7794208527, -0.0823899060488], [-50.7542915344, 22.2860431671, 5.87230348587, 11.2356309891, 8.62827587128, 15.6515436172, 2.30549788475, -9.31587219238, -0.576551020145, 60.3449935913, 118.457565308, 52.4703865051, 8.62754917145], [41.8272132874, 41.2746162415, 95.6583404541, 71.3446426392, 54.0714607239, 31.4651374817, 1.46687102318, 4.2570066452, 14.759428978, 22.7794208527, 52.4703865051, 101.386039734, 44.3081054688], [74.1076278687, -18.7748966217, 62.5289230347, 22.6408786774, 63.5590629578, 51.3408279419, 23.1634082794, 9.31419658661, 11.9025888443, -0.0823899060488, 8.62754917145, 44.3081054688, 97.8923110962]],
