{
"lowlevel": {
    "average_loudness": 0.599706292152,
    "barkbands_crest": {
        "dmean": 2.2452673912,
        "dmean2": 3.71349716187,
        "dvar": 4.4349899292,
        "dvar2": 11.9505958557,
        "max": 23.8425598145,
        "mean": 8.43315696716,
        "median": 7.64795923233,
        "min": 2.0471675396,
        "var": 13.7533769608
    },
    "barkbands_flatness_db": {
        "dmean": 0.0161188952625,
        "dmean2": 0.02555959858,
        "dvar": 0.000232570848311,
        "dvar2": 0.000558685860597,
        "max": 0.407078653574,
        "mean": 0.122159823775,
        "median": 0.107728131115,
        "min": 0.0195660013705,
        "var": 0.00377034209669
    },
    "barkbands_kurtosis": {
        "dmean": 1.62459528446,
        "dmean2": 2.65403151512,
        "dvar": 12.7811756134,
        "dvar2": 32.4808006287,
        "max": 93.1300811768,
        "mean": 2.30726957321,
        "median": -0.0492476224899,
        "min": -1.95511209965,
        "var": 46.9428253174
    },
    "barkbands_skewness": {
        "dmean": 0.387120842934,
        "dmean2": 0.613452374935,
        "dvar": 0.169961601496,
        "dvar2": 0.401787787676,
        "max": 8.66284942627,
        "mean": 0.840163528919,
        "median": 0.64415872097,
        "min": -4.89331388474,
        "var": 1.25118839741
    },
    "barkbands_spread": {
        "dmean": 4.76037406921,
        "dmean2": 7.54585123062,
        "dvar": 31.9272708893,
        "dvar2": 67.7926101685,
        "max": 112.417739868,
        "mean": 25.8786411285,
        "median": 24.5118560791,
        "min": 0.742286086082,
        "var": 222.683883667
    },
    "dissonance": {
        "dmean": 0.0168745275587,
        "dmean2": 0.0285005606711,
        "dvar": 0.000372787297238,
        "dvar2": 0.00102716241963,
        "max": 0.500000238419,
        "mean": 0.468329906464,
        "median": 0.478448003531,
        "min": 0.210363551974,
        "var": 0.00102744542528
    },
    "dynamic_complexity": 5.30841827393,
    "erbbands_crest": {
        "dmean": 2.4263021946,
        "dmean2": 4.00594186783,
        "dvar": 5.15825796127,
        "dvar2": 13.1051244736,
        "max": 32.1345481873,
        "mean": 9.64847564697,
        "median": 8.5410861969,
        "min": 2.90396237373,
        "var": 20.8938217163
    },
    "erbbands_flatness_db": {
        "dmean": 0.0148345883936,
        "dmean2": 0.0225615948439,
        "dvar": 0.000195555461687,
        "dvar2": 0.000430931715528,
        "max": 0.376222491264,
        "mean": 0.172830760479,
        "median": 0.165868863463,
        "min": 0.039166290313,
        "var": 0.00205185823143
    },
    "erbbands_kurtosis": {
        "dmean": 1.03358852863,
        "dmean2": 1.65690720081,
        "dvar": 2.9321038723,
        "dvar2": 6.9390912056,
        "max": 43.9679107666,
        "mean": 1.32835197449,
        "median": 0.307710170746,
        "min": -1.85154044628,
        "var": 11.9440898895
    },
    "erbbands_skewness": {
        "dmean": 0.318674743176,
        "dmean2": 0.49845969677,
        "dvar": 0.101813815534,
        "dvar2": 0.213652223349,
        "max": 4.39439868927,
        "mean": 0.209011033177,
        "median": 0.150930464268,
        "min": -4.58372116089,
        "var": 0.96206176281
    },
    "erbbands_spread": {
        "dmean": 5.44746732712,
        "dmean2": 8.66476821899,
        "dvar": 46.1856231689,
        "dvar2": 109.158432007,
        "max": 183.09703064,
        "mean": 28.9361438751,
        "median": 26.7118530273,
        "min": 1.42709243298,
        "var": 217.797805786
    },
    "hfc": {
        "dmean": 4.06980752945,
        "dmean2": 6.18100786209,
        "dvar": 40.5006866455,
        "dvar2": 93.1188278198,
        "max": 106.444343567,
        "mean": 18.8134117126,
        "median": 11.5310268402,
        "min": 1.13013663687e-16,
        "var": 404.187225342
    },
    "melbands_crest": {
        "dmean": 2.96136498451,
        "dmean2": 4.91344928741,
        "dvar": 7.15292024612,
        "dvar2": 19.3708324432,
        "max": 35.6502494812,
        "mean": 11.946931839,
        "median": 11.2622261047,
        "min": 2.31601047516,
        "var": 20.7103805542
    },
    "melbands_flatness_db": {
        "dmean": 0.0195753183216,
        "dmean2": 0.0309845004231,
        "dvar": 0.000359016703442,
        "dvar2": 0.00086649012519,
        "max": 0.527715504169,
        "mean": 0.17471024394,
        "median": 0.154122844338,
        "min": 0.00585133582354,
        "var": 0.00640967581421
    },
    "melbands_kurtosis": {
        "dmean": 3.55079054832,
        "dmean2": 5.79753303528,
        "dvar": 65.6269989014,
        "dvar2": 157.321014404,
        "max": 264.276855469,
        "mean": 6.79114818573,
        "median": 2.28991746902,
        "min": -1.81782627106,
        "var": 221.484207153
    },
    "melbands_skewness": {
        "dmean": 0.505310058594,
        "dmean2": 0.810631036758,
        "dvar": 0.31956794858,
        "dvar2": 0.789614379406,
        "max": 13.7762832642,
        "mean": 1.69791901112,
        "median": 1.44822454453,
        "min": -1.68760967255,
        "var": 1.77183485031
    },
    "melbands_spread": {
        "dmean": 7.24975299835,
        "dmean2": 11.4574012756,
        "dvar": 91.8522033691,
        "dvar2": 191.844055176,
        "max": 213.661148071,
        "mean": 35.0234909058,
        "median": 31.6462059021,
        "min": 0.696399569511,
        "var": 538.903869629
    },
    "pitch_salience": {
        "dmean": 0.0613528862596,
        "dmean2": 0.10168813169,
        "dvar": 0.00280830031261,
        "dvar2": 0.00759105943143,
        "max": 0.899081110954,
        "mean": 0.577042102814,
        "median": 0.58187431097,
        "min": 0.13426618278,
        "var": 0.0103666251525
    },
    "silence_rate_20dB": {
        "dmean": 0,
        "dmean2": 0,
        "dvar": 0,
        "dvar2": 0,
        "max": 1,
        "mean": 1,
        "median": 1,
        "min": 1,
        "var": 0
    },
    "silence_rate_30dB": {
        "dmean": 0,
        "dmean2": 0,
        "dvar": 0,
        "dvar2": 0,
        "max": 1,
        "mean": 1,
        "median": 1,
        "min": 1,
        "var": 0
    },
    "silence_rate_60dB": {
        "dmean": 0.0281099732965,
        "dmean2": 0.0562268793583,
        "dvar": 0.0273223873228,
        "dvar2": 0.0671312585473,
        "max": 1,
        "mean": 0.250246554613,
        "median": 0,
        "min": 0,
        "var": 0.187623113394
    },
    "spectral_centroid": {
        "dmean": 198.149124146,
        "dmean2": 310.411254883,
        "dvar": 63680.4726562,
        "dvar2": 116256.304688,
        "max": 11027.515625,
        "mean": 1714.49694824,
        "median": 1799.29992676,
        "min": 188.925262451,
        "var": 569642
    },
    "spectral_complexity": {
        "dmean": 2.68228340149,
        "dmean2": 4.2981505394,
        "dvar": 8.85421562195,
        "dvar2": 20.3077392578,
        "max": 59,
        "mean": 19.5795116425,
        "median": 17,
        "min": 0,
        "var": 207.554351807
    },
    "spectral_decrease": {
        "dmean": 9.3161933723e-10,
        "dmean2": 1.51143420002e-09,
        "dvar": 2.14831109392e-18,
        "dvar2": 5.55204950635e-18,
        "max": -1.09609150922e-28,
        "mean": -3.47985684712e-09,
        "median": -2.77601364118e-09,
        "min": -2.08427799464e-08,
        "var": 1.00642403385e-17
    },
    "spectral_energy": {
        "dmean": 0.00379422167316,
        "dmean2": 0.00613037729636,
        "dvar": 3.46411834471e-05,
        "dvar2": 8.86427951627e-05,
        "max": 0.0847111716866,
        "mean": 0.0148401940241,
        "median": 0.011684877798,
        "min": 1.06643606161e-20,
        "var": 0.000184615957551
    },
    "spectral_energyband_high": {
        "dmean": 0.000202189054107,
        "dmean2": 0.000304242334096,
        "dvar": 2.29033489063e-07,
        "dvar2": 4.73125794542e-07,
        "max": 0.0112276459113,
        "mean": 0.000660065037664,
        "median": 0.000225312076509,
        "min": 7.50697748282e-21,
        "var": 9.30065368721e-07
    },
    "spectral_energyband_low": {
        "dmean": 0.0018447204493,
        "dmean2": 0.00313568278216,
        "dvar": 1.68197493622e-05,
        "dvar2": 4.69204169349e-05,
        "max": 0.0474694259465,
        "mean": 0.00344590679742,
        "median": 0.0022790140938,
        "min": 1.19693600092e-22,
        "var": 2.38984175667e-05
    },
    "spectral_energyband_middle_high": {
        "dmean": 0.00158092589118,
        "dmean2": 0.00243377429433,
        "dvar": 6.23670848654e-06,
        "dvar2": 1.53233650053e-05,
        "max": 0.0453749187291,
        "mean": 0.00651365146041,
        "median": 0.00383481895551,
        "min": 1.48720884419e-21,
        "var": 5.53974023205e-05
    },
    "spectral_energyband_middle_low": {
        "dmean": 0.00182636687532,
        "dmean2": 0.00295156054199,
        "dvar": 1.00192419268e-05,
        "dvar2": 2.57847641478e-05,
        "max": 0.0494466088712,
        "mean": 0.00459728064016,
        "median": 0.0031371419318,
        "min": 4.49627037527e-22,
        "var": 2.54838851106e-05
    },
    "spectral_entropy": {
        "dmean": 0.116522453725,
        "dmean2": 0.179201051593,
        "dvar": 0.0155042195693,
        "dvar2": 0.0333059951663,
        "max": 9.79278373718,
        "mean": 7.57605981827,
        "median": 7.70346927643,
        "min": 5.40783548355,
        "var": 0.242209479213
    },
    "spectral_flux": {
        "dmean": 0.0126512423158,
        "dmean2": 0.0200794413686,
        "dvar": 0.000234888371779,
        "dvar2": 0.000517900334671,
        "max": 0.212624713778,
        "mean": 0.0599066391587,
        "median": 0.0543245077133,
        "min": 1.03268393836e-10,
        "var": 0.00153266475536
    },
    "spectral_kurtosis": {
        "dmean": 1.51769971848,
        "dmean2": 2.56563234329,
        "dvar": 3.71346831322,
        "dvar2": 10.1028261185,
        "max": 60.2813491821,
        "mean": 5.29384040833,
        "median": 4.52914714813,
        "min": -1.21204686165,
        "var": 16.0619335175
    },
    "spectral_rms": {
        "dmean": 0.000431045424193,
        "dmean2": 0.000688197265845,
        "dvar": 2.75630725355e-07,
        "dvar2": 6.8859253588e-07,
        "max": 0.00909093208611,
        "mean": 0.00333700980991,
        "median": 0.00337637099437,
        "min": 3.22556261215e-12,
        "var": 3.34258629664e-06
    },
    "spectral_rolloff": {
        "dmean": 407.481414795,
        "dmean2": 673.039916992,
        "dvar": 591976.25,
        "dvar2": 1238426.875,
        "max": 18733.8867188,
        "mean": 2027.23779297,
        "median": 1937.98828125,
        "min": 64.599609375,
        "var": 2133304.25
    },
    "spectral_skewness": {
        "dmean": 0.189732596278,
        "dmean2": 0.307347685099,
        "dvar": 0.0361188985407,
        "dvar2": 0.0871728137136,
        "max": 6.24660682678,
        "mean": 1.56026494503,
        "median": 1.47809123993,
        "min": -0.182862222195,
        "var": 0.299440085888
    },
    "spectral_spread": {
        "dmean": 347761.28125,
        "dmean2": 528212.6875,
        "dvar": 286648041472,
        "dvar2": 471205675008,
        "max": 40883328,
        "mean": 3887249.75,
        "median": 3689385.5,
        "min": 1165979.625,
        "var": 1.55212972032e+12
    },
    "spectral_strongpeak": {
        "dmean": 0.590756118298,
        "dmean2": 1.00739681721,
        "dvar": 1.0228151083,
        "dvar2": 2.63882565498,
        "max": 12.0686092377,
        "mean": 1.02090287209,
        "median": 0.325599759817,
        "min": 0,
        "var": 2.14508605003
    },
    "zerocrossingrate": {
        "dmean": 0.00794036500156,
        "dmean2": 0.00963678117841,
        "dvar": 0.000117052688438,
        "dvar2": 0.000123467907542,
        "max": 0.60693359375,
        "mean": 0.0719142779708,
        "median": 0.0712890625,
        "min": 0.001953125,
        "var": 0.00145567697473
    },
    "barkbands": {
        "dmean": [8.26783070806e-05, 0.00140068784822, 0.000605824869126, 0.000357068609446, 0.000541560526472, 0.00028353073867, 0.000362062710337, 0.000383875885746, 0.000652064336464, 0.000460929906694, 0.000409302330809, 0.000248976401053, 0.000342560815625, 0.000363556289813, 0.000368136534235, 0.000272612407571, 0.000304387242068, 0.000229490658967, 0.000235520972637, 8.83765242179e-05, 5.8752415498e-05, 6.83444668539e-05, 5.33850943611e-05, 3.00234514725e-05, 1.39399398904e-05, 1.10997971206e-05, 7.49871787775e-06],
        "dmean2": [0.000128703002702, 0.00235765310936, 0.00105036771856, 0.000618542951997, 0.000886658614036, 0.00046639420907, 0.000581373577006, 0.000631110742688, 0.00105208414607, 0.000748669437598, 0.000664155173581, 0.000400124263251, 0.000556568382308, 0.000587878283113, 0.000599258579314, 0.000441977404989, 0.00050162198022, 0.000375174800865, 0.000381051737349, 0.000145271114889, 9.51472175075e-05, 0.000106793559098, 8.33495432744e-05, 4.63617143396e-05, 2.15506534005e-05, 1.63850272656e-05, 1.21191633298e-05],
        "dvar": [5.0401581575e-08, 1.03879801827e-05, 2.09132872442e-06, 6.8041731538e-07, 1.34942558816e-06, 4.17435302325e-07, 1.06931418031e-06, 1.29906845814e-06, 3.23736117025e-06, 1.19736898796e-06, 1.16763283131e-06, 3.30442702534e-07, 7.14114037237e-07, 7.48000275053e-07, 7.63190712405e-07, 4.17030889821e-07, 4.45983573627e-07, 1.96986235323e-07, 1.73914315837e-07, 2.79731864339e-08, 1.24384378353e-08, 2.92543003155e-08, 3.39977184183e-08, 1.07140181171e-08, 1.398044569e-09, 7.08365366364e-10, 5.30083310579e-10],
        "dvar2": [1.1702407221e-07, 2.77303661278e-05, 6.09440348853e-06, 1.91421804629e-06, 3.48976027453e-06, 1.06973300262e-06, 2.65546486844e-06, 3.38680342793e-06, 8.10401616036e-06, 3.18695447277e-06, 3.06232550429e-06, 7.60790953791e-07, 1.77418667135e-06, 1.84524913038e-06, 1.91393633031e-06, 1.03514605598e-06, 1.17536069411e-06, 5.25832888343e-07, 4.43894862201e-07, 7.34846210548e-08, 3.11251824314e-08, 6.15285884464e-08, 8.07092774835e-08, 2.51842635635e-08, 3.27848814763e-09, 1.49046686104e-09, 1.33301325533e-09],
        "max": [0.0037681281101, 0.0426999740303, 0.0230635646731, 0.0248853415251, 0.019920591265, 0.0150959799066, 0.0249499883503, 0.0290636699647, 0.0411676429212, 0.0215398203582, 0.0413934476674, 0.0169554520398, 0.0253096185625, 0.0204671360552, 0.0210107341409, 0.0207092333585, 0.0148962782696, 0.00930437445641, 0.00764123816043, 0.00287478743121, 0.00247206841595, 0.00523917330429, 0.00534296827391, 0.00251068756916, 0.00101309421007, 0.000606776040513, 0.000224563889788],
        "mean": [0.000113055335532, 0.00211665453389, 0.000981903984211, 0.000512468861416, 0.000917239638511, 0.000485597352963, 0.000669893401209, 0.000554040423594, 0.00117672595661, 0.000829857483041, 0.000728481740225, 0.000452899344964, 0.000631039205473, 0.000669144326821, 0.000751171028242, 0.000619981612545, 0.000676726689562, 0.000549037824385, 0.000608413072769, 0.000224785602768, 0.000157640315592, 0.000174930173671, 0.000115639239084, 6.5566819103e-05, 2.97482274618e-05, 2.00852446142e-05, 7.46182240619e-06],
        "median": [1.41293094202e-05, 0.00103818648495, 0.000522611429915, 0.000268962001428, 0.000453070417279, 0.000191630577319, 0.000166158410138, 0.000164603174198, 0.00030841230182, 0.000254027690971, 0.000220284899115, 0.000162243115483, 0.000192854378838, 0.000156602152856, 0.000165170233231, 0.000159885123139, 0.000191356870346, 0.000190335558727, 0.000248645665124, 6.29135465715e-05, 4.52415406471e-05, 4.39891700807e-05, 3.21924380842e-05, 1.76997236849e-05, 6.40244161332e-06, 2.73263913186e-06, 2.51771439252e-07],
        "min": [1.54741377446e-22, 2.11322252324e-23, 4.71267682035e-23, 9.66175221926e-24, 8.87183518706e-23, 5.04300759125e-23, 9.78122015464e-23, 1.06025366908e-22, 8.37117988039e-23, 3.57908653945e-23, 4.95109772272e-23, 5.10553175996e-23, 1.43378864781e-22, 7.00808314089e-23, 1.62978271744e-22, 8.03605031084e-23, 1.12617176984e-22, 3.56911041511e-22, 2.3564797425e-22, 3.27652253646e-22, 5.45690302892e-22, 6.65325236976e-22, 7.16775426791e-22, 6.87806990225e-22, 1.13605381147e-21, 1.60789148653e-21, 2.21608067672e-21],
        "var": [8.95050504823e-08, 1.36831677082e-05, 2.33069363276e-06, 7.90690592112e-07, 2.14888723349e-06, 9.81822154245e-07, 3.36652738042e-06, 1.89648051219e-06, 8.76911599335e-06, 2.94941946777e-06, 2.63096967501e-06, 8.34241461689e-07, 1.81425855317e-06, 2.12205191019e-06, 2.55574332186e-06, 1.64829179994e-06, 1.40038048357e-06, 6.23473738415e-07, 7.38748667573e-07, 1.16078389567e-07, 5.44809637404e-08, 9.64033688433e-08, 5.98557363674e-08, 2.12463451277e-08, 3.15453196897e-09, 1.48645007414e-09, 4.84236428733e-10]
    },
    "erbbands": {
        "dmean": [0.0446385294199, 0.31257379055, 0.68121945858, 0.873412370682, 1.56459856033, 2.06582736969, 1.73983991146, 2.52513098717, 3.20739984512, 8.1127872467, 9.16171550751, 13.6544809341, 15.5079956055, 15.1888618469, 12.5269536972, 9.90698432922, 14.9429273605, 17.7949924469, 15.043885231, 19.8033332825, 13.4331970215, 14.5474805832, 12.134437561, 12.5308713913, 9.10544395447, 4.32287740707, 2.46351051331, 2.4487221241, 2.63056302071, 1.86139130592, 1.49924004078, 0.899534225464, 0.359091162682, 0.17828501761, 0.094197049737, 0.047188565135, 0.0208600293845, 0.00639737630263, 0.00162809947506, 5.82352295169e-05],
        "dmean2": [0.0726811364293, 0.539559304714, 1.18879902363, 1.50434601307, 2.6287624836, 3.39469337463, 2.84307694435, 4.16507434845, 5.1854391098, 13.1822347641, 14.9101753235, 22.0121154785, 25.0402164459, 24.6357517242, 19.9085845947, 16.1070842743, 24.3350486755, 28.9777603149, 24.0643863678, 32.0649299622, 21.7990245819, 23.7203998566, 19.6454772949, 20.3672142029, 14.7920656204, 7.16886568069, 4.03365182877, 3.93787121773, 4.09368085861, 2.93027997017, 2.38074493408, 1.39479899406, 0.559778869152, 0.275415271521, 0.14711676538, 0.0708984136581, 0.0310076214373, 0.00976693816483, 0.00267704855651, 9.57674856181e-05],
        "dvar": [0.0137675888836, 0.50474613905, 2.63455247879, 4.20311355591, 12.5430698395, 22.7242069244, 14.068977356, 39.5888137817, 77.316444397, 493.944244385, 767.272460938, 1469.83935547, 1876.11547852, 1338.14562988, 1204.22290039, 491.49911499, 1399.70996094, 1899.16015625, 1321.10253906, 2534.53369141, 918.562866211, 940.041259766, 556.358459473, 521.226623535, 287.74230957, 70.1297531128, 21.8721466064, 23.3435935974, 40.0804023743, 32.7231788635, 32.3211555481, 10.5375757217, 1.91693246365, 0.277371346951, 0.0614794529974, 0.0129227517173, 0.00313000916503, 0.000309176044539, 2.7768275686e-05, 3.33242127226e-08],
        "dvar2": [0.0341770164669, 1.38899111748, 7.6922326088, 12.0668544769, 32.3415298462, 59.1503677368, 35.0283737183, 102.147521973, 198.232131958, 1235.71447754, 1972.45043945, 3739.41088867, 5021.63134766, 3604.43066406, 3019.95288086, 1154.71166992, 3461.5012207, 4908.54443359, 3074.82299805, 6153.12744141, 2365.34521484, 2391.02026367, 1447.01013184, 1350.8470459, 729.102416992, 192.114639282, 56.2660675049, 55.6529045105, 86.2026824951, 72.8730010986, 79.8693466187, 24.6791191101, 4.76769018173, 0.638011038303, 0.150703012943, 0.0291404966265, 0.00673010200262, 0.000692293979228, 7.1476722951e-05, 8.64249969368e-08],
        "max": [1.65953278542, 8.83395671844, 21.1044940948, 69.8081588745, 106.515480042, 93.25390625, 84.7401733398, 171.610046387, 254.722381592, 456.615814209, 568.168273926, 1180.88598633, 1115.02429199, 746.511779785, 1343.08032227, 832.752868652, 1106.23571777, 1178.68005371, 1241.8737793, 1417.81945801, 966.45135498, 752.718444824, 495.192657471, 345.583892822, 307.745910645, 156.043792725, 84.6259994507, 115.264228821, 180.43510437, 193.642166138, 174.019378662, 105.107177734, 44.5065498352, 11.8574104309, 7.71829795837, 3.06458234787, 1.54487538338, 0.336370527744, 0.064087048173, 0.00201420369558],
        "mean": [0.0608136504889, 0.470723301172, 1.1281093359, 1.48163318634, 2.38017225266, 3.39946317673, 2.99961566925, 4.25178956985, 5.56754875183, 14.8363666534, 14.807967186, 25.0509605408, 28.3719291687, 29.8795394897, 24.6181411743, 19.9565486908, 29.6746406555, 34.3377914429, 32.8120765686, 42.6941452026, 34.3459625244, 35.973739624, 31.6317405701, 32.3377380371, 24.2935218811, 11.2454948425, 6.66922044754, 6.42420864105, 6.64105415344, 4.35053396225, 3.17867207527, 1.95833826065, 0.767822444439, 0.374431192875, 0.193312421441, 0.0946273878217, 0.0349630080163, 0.00830651726574, 0.00155144196469, 7.09679588908e-05],
        "median": [0.0214238576591, 0.248362749815, 0.645698428154, 0.999849736691, 1.24844384193, 1.37580156326, 1.39057481289, 1.65381574631, 2.00357961655, 3.67645311356, 4.84586620331, 7.200922966, 8.39818763733, 9.72527122498, 9.83812904358, 8.30268478394, 10.02684021, 9.09820365906, 8.28407287598, 9.68922615051, 10.0178985596, 11.3264884949, 11.3395242691, 13.5153255463, 8.94029426575, 3.41413068771, 1.91531133652, 1.85676026344, 1.62233996391, 1.26813733578, 0.832089662552, 0.549618959427, 0.196508824825, 0.0810006186366, 0.0401654243469, 0.0150168510154, 0.00445992872119, 0.000728524988517, 5.36513180123e-05, 1.99952901312e-05],
        "min": [9.50635501441e-22, 5.69170983763e-21, 5.05625200039e-20, 3.18458525849e-20, 8.7837475604e-20, 3.85346792948e-19, 4.43895412186e-19, 3.98754641045e-19, 7.37504773274e-19, 1.99485296027e-18, 3.16068524471e-18, 2.12891350176e-18, 9.48815143485e-19, 1.81335361064e-18, 1.8043104586e-18, 2.40863744719e-18, 5.42243113154e-18, 5.21597264091e-18, 7.26046533012e-18, 5.8992271356e-18, 5.15758320224e-18, 8.09208459384e-18, 1.58128957872e-17, 1.53366664018e-17, 1.35510125884e-17, 1.51709440748e-17, 1.55582581618e-17, 2.5942657102e-17, 2.83687050467e-17, 2.13265161366e-17, 2.03674084882e-17, 1.52347991094e-17, 1.16279392597e-17, 1.15906623654e-17, 8.27029734809e-18, 6.52716682196e-18, 2.95378131732e-18, 1.04133033192e-18, 3.09148853624e-19, 3.44392802939e-20],
        "var": [0.0188322402537, 0.593262434006, 2.81956887245, 4.67306041718, 18.5130271912, 40.2809677124, 27.1084346771, 88.2937316895, 146.976348877, 1592.09143066, 1179.99072266, 4406.09912109, 4185.13671875, 3576.5925293, 2847.71777344, 1325.55114746, 3958.37646484, 5180.09667969, 4282.62011719, 9256.44921875, 4196.62939453, 3534.09667969, 1992.53894043, 2000.55505371, 1273.00305176, 277.388031006, 100.475372314, 94.4904632568, 135.297073364, 74.9809417725, 50.3637466431, 19.3231868744, 3.44922804832, 0.578894078732, 0.124931432307, 0.0306788999587, 0.00562282232568, 0.000389014690882, 2.36306877923e-05, 2.92931829904e-08]
    },
    "gfcc": {
        "mean": [-44.8599243164, 81.5249633789, -132.165374756, 29.7803688049, -53.9912414551, 11.3866767883, -29.3892269135, 9.65889167786, -20.8501167297, -4.02724981308, -14.9940404892, 0.901964008808, -15.5562963486],
        "cov": [[13441.0166016, -2306.06396484, -986.839538574, 492.508544922, 898.437133789, 569.060119629, 177.938537598, 713.913146973, 348.867431641, 371.936309814, -424.678009033, 125.904418945, -348.255523682], [-2306.06396484, 1905.98779297, 682.278625488, 230.536727905, 215.605529785, -108.090354919, 128.134963989, -76.3421173096, 44.9237365723, -96.6033706665, 265.491516113, -8.89471340179, 69.1873703003], [-986.839538574, 682.278625488, 1512.13635254, 467.633178711, 230.686096191, -30.6748485565, -4.21849918365, -27.2115764618, 27.771905899, 72.60572052, 166.173629761, 33.8196144104, 2.42970728874], [492.508544922, 230.536727905, 467.633178711, 695.114868164, 199.1900177, 51.5896072388, -34.3421325684, 35.7112426758, 96.9527282715, 52.6843986511, 59.0000152588, -0.107021011412, 12.7115802765], [898.437133789, 215.605529785, 230.686096191, 199.1900177, 507.872344971, 76.3498687744, 75.1510391235, 65.9875335693, 75.0963516235, 70.9189910889, 25.7033958435, 24.7365226746, -26.7720050812], [569.060119629, -108.090354919, -30.6748485565, 51.5896072388, 76.3498687744, 217.957336426, 66.2231521606, 31.7597141266, -13.8898601532, 11.3723888397, -21.1324577332, -1.68733143806, -12.0259103775], [177.938537598, 128.134963989, -4.21849918365, -34.3421325684, 75.1510391235, 66.2231521606, 202.565948486, 50.6454429626, -8.81147670746, -12.2106513977, 15.403547287, 14.4213066101, -8.13922977448], [713.913146973, -76.3421173096, -27.2115764618, 35.7112426758, 65.9875335693, 31.7597141266, 50.6454429626, 149.423034668, 53.0415496826, 20.8216247559, -24.0036945343, 6.7485332489, -17.2758865356], [348.867431641, 44.9237365723, 27.771905899, 96.9527282715, 75.0963516235, -13.8898601532, -8.81147670746, 53.0415496826, 136.303970337, 31.9607429504, 4.69203233719, -8.9512720108, -2.26844334602], [371.936309814, -96.6033706665, 72.60572052, 52.6843986511, 70.9189910889, 11.3723888397, -12.2106513977, 20.8216247559, 31.9607429504, 119.177429199, 7.44857788086, 8.59126663208, -15.3815374374], [-424.678009033, 265.491516113, 166.173629761, 59.0000152588, 25.7033958435, -21.1324577332, 15.403547287, -24.0036945343, 4.69203233719, 7.44857788086, 125.869049072, 31.9009838104, 4.0992398262], [125.904418945, -8.89471340179, 33.8196144104, -0.107021011412, 24.7365226746, -1.68733143806, 14.4213066101, 6.7485332489, -8.9512720108, 8.59126663208, 31.9009838104, 83.4030227661, 8.87767982483], [-348.255523682, 69.1873703003, 2.42970728874, 12.7115802765, -26.7720050812, -12.0259103775, -8.13922977448, -17.2758865356, -2.26844334602, -15.3815374374, 4.0992398262, 8.87767982483, 88.5495452881]],
        "icov": [[0.0001973817416, 0.000152623542817, 0.000122428042232, -0.000169712133356, -0.000240233785007, -0.000174741318915, -2.85699952656e-05, -0.000448329432402, -0.000167815800523, -0.000139077150379, 0.000297637016047, -0.000392160756746, 0.000488655350637], [0.000152623542817, 0.00130288442597, -0.000193317930098, -0.000136788061354, -0.000705766957253, 0.000440217147116, -0.000762600975577, 1.97442404897e-05, -0.000463781703729, 0.00117394141853, -0.00187166791875, 0.000925882544834, -0.000426785205491], [0.000122428042232, -0.000193317930098, 0.001145399292, -0.000696928473189, -0.000280412088614, 8.13715014374e-05, 0.000106032755866, -0.000250573910307, 0.000437002570834, -0.000717991963029, -0.000236826643231, -0.000428861851105, 0.000528727599885], [-0.000169712133356, -0.000136788061354, -0.000696928473189, 0.00244655064307, -0.000241777350311, -0.000691118882969, 0.000880429230165, 3.64263214578e-05, -0.00100068852771, 0.00019352043455, -0.000801163492724, 0.000715252419468, -0.000998234841973], [-0.000240233785007, -0.000705766957253, -0.000280412088614, -0.000241777350311, 0.00338443531655, -0.0006349675823, -0.000619365309831, 0.000319117883919, -0.000776114175096, -0.00135044718627, 0.000806830066722, -0.000828098622151, 0.000382585072657], [-0.000174741318915, 0.000440217147116, 8.13715014374e-05, -0.000691118882969, -0.0006349675823, 0.00634978339076, -0.00213817274198, 0.00016311496438, 0.00162650959101, 0.000106002073153, -0.000176677975105, 0.00123288773466, -0.000483886862639], [-2.85699952656e-05, -0.000762600975577, 0.000106032755866, 0.000880429230165, -0.000619365309831, -0.00213817274198, 0.0074184271507, -0.00277785863727, 0.00118793023285, 0.000641179911327, -0.000616861972958, -0.000727847102098, 0.000259808788542], [-0.000448329432402, 1.97442404897e-05, -0.000250573910307, 3.64263214578e-05, 0.000319117883919, 0.00016311496438, -0.00277785863727, 0.0111201526597, -0.00361111434177, 6.86196290189e-05, 0.00148769060615, -0.000712846929673, 0.000177825088031], [-0.000167815800523, -0.000463781703729, 0.000437002570834, -0.00100068852771, -0.000776114175096, 0.00162650959101, 0.00118793023285, -0.00361111434177, 0.0112145757303, -0.00185447349213, -0.000940847385209, 0.00223519373685, -0.000990431173705], [-0.000139077150379, 0.00117394141853, -0.000717991963029, 0.00019352043455, -0.00135044718627, 0.000106002073153, 0.000641179911327, 6.86196290189e-05, -0.00185447349213, 0.0116333728656, -0.00261102733202, 0.000487354438519, 0.000251408055192], [0.000297637016047, -0.00187166791875, -0.000236826643231, -0.000801163492724, 0.000806830066722, -0.000176677975105, -0.000616861972958, 0.00148769060615, -0.000940847385209, -0.00261102733202, 0.0155993606895, -0.00689650187269, 0.00269960355945], [-0.000392160756746, 0.000925882544834, -0.000428861851105, 0.000715252419468, -0.000828098622151, 0.00123288773466, -0.000727847102098, -0.000712846929673, 0.00223519373685, 0.000487354438519, -0.00689650187269, 0.0165462549776, -0.00384326349013], [0.000488655350637, -0.000426785205491, 0.000528727599885, -0.000998234841973, 0.000382585072657, -0.000483886862639, 0.000259808788542, 0.000177825088031, -0.000990431173705, 0.000251408055192, 0.00269960355945, -0.00384326349013, 0.0140643622726]]
    },
    "melbands": {
        "dmean": [0.000385306746466, 0.000360635283869, 0.000166148412973, 0.000127897947095, 6.72019741614e-05, 5.5931184761e-05, 5.64222500543e-05, 8.65763504407e-05, 8.24044691399e-05, 8.83150423761e-05, 7.85789743531e-05, 6.22489314992e-05, 5.06417309225e-05, 2.80498770735e-05, 3.43132960552e-05, 3.24718348566e-05, 3.56270720658e-05, 2.59609059867e-05, 2.8202575777e-05, 2.28625249292e-05, 1.7979165932e-05, 1.68427595781e-05, 1.59050578077e-05, 1.12648831418e-05, 1.13241867439e-05, 9.57645352173e-06, 4.46049034508e-06, 2.82742621494e-06, 1.75732009211e-06, 1.59690591772e-06, 1.6044499489e-06, 1.71522958681e-06, 1.31454373786e-06, 1.06834829694e-06, 9.73351006905e-07, 7.48465140532e-07, 5.26985957094e-07, 2.82527480522e-07, 1.71055091869e-07, 1.59301322356e-07],
        "dmean2": [0.000635902339127, 0.000629685469903, 0.000285111018457, 0.000211677761399, 0.000108740547148, 9.21161699807e-05, 9.06866625883e-05, 0.000141831900692, 0.000132960674819, 0.000142798453453, 0.000126583778183, 0.000101108395029, 8.09615667094e-05, 4.46899321105e-05, 5.60349690204e-05, 5.24898205185e-05, 5.81988933845e-05, 4.12903791585e-05, 4.52120038972e-05, 3.74355149688e-05, 2.94149504043e-05, 2.76081464108e-05, 2.60417327809e-05, 1.87083478522e-05, 1.85045082617e-05, 1.56113856065e-05, 7.37825939723e-06, 4.72871488455e-06, 2.91764126814e-06, 2.65007929556e-06, 2.60008300756e-06, 2.70065015684e-06, 2.08197229767e-06, 1.6825961211e-06, 1.55847203587e-06, 1.1765769159e-06, 8.21360742975e-07, 4.46401685394e-07, 2.74423172186e-07, 2.46071238053e-07],
        "dvar": [8.57980694491e-07, 6.9330695851e-07, 1.38273989592e-07, 8.41442115984e-08, 1.88372606402e-08, 1.82382215996e-08, 2.34290737922e-08, 5.5414048461e-08, 6.23767846264e-08, 5.98096079329e-08, 4.73756216479e-08, 2.30251337996e-08, 1.97324254714e-08, 4.77973305379e-09, 8.07053268659e-09, 5.85413983956e-09, 7.64672147824e-09, 4.31603242035e-09, 4.89408114035e-09, 3.25321636296e-09, 1.87490711845e-09, 1.40076450439e-09, 1.05950770379e-09, 5.58013357743e-10, 4.4431705537e-10, 3.33885641357e-10, 7.41773933943e-11, 3.15793467764e-11, 1.1672837176e-11, 9.90992010674e-12, 1.04864259637e-11, 1.62934995357e-11, 1.30503628737e-11, 1.10117210489e-11, 1.31081603905e-11, 8.34749977474e-12, 3.33224333543e-12, 1.34116274943e-12, 3.47669430138e-13, 2.31380425887e-13],
        "dvar2": [2.19781645683e-06, 2.00651402338e-06, 3.87002302205e-07, 2.23222812679e-07, 4.62215119512e-08, 4.71789824985e-08, 5.90497144515e-08, 1.40997059361e-07, 1.58040322162e-07, 1.51895946487e-07, 1.26278550283e-07, 6.21968041514e-08, 5.09896054268e-08, 1.02656398937e-08, 2.06587404961e-08, 1.45330760759e-08, 1.98591489919e-08, 9.69230118386e-09, 1.19167129498e-08, 7.86926346308e-09, 4.87018558815e-09, 3.66806807151e-09, 2.72220757047e-09, 1.53453183493e-09, 1.15064913153e-09, 8.61325011314e-10, 1.88953699909e-10, 8.82451056672e-11, 3.11620243498e-11, 2.6370286163e-11, 2.52029855319e-11, 3.71718558712e-11, 2.8468529617e-11, 2.59707359784e-11, 3.33327636326e-11, 2.04098266066e-11, 7.7416172431e-12, 3.42161910784e-12, 8.32037075956e-13, 5.28190609739e-13],
        "max": [0.0135365854949, 0.010942642577, 0.0113130733371, 0.00526926387101, 0.00271203462034, 0.00344584695995, 0.00380609300919, 0.00460236845538, 0.0060688550584, 0.00653709378093, 0.00543964933604, 0.00300594419241, 0.00609350390732, 0.00219668447971, 0.00273997639306, 0.00147694919724, 0.00226062815636, 0.00267141941004, 0.00183968362398, 0.00177855219226, 0.00142751540989, 0.000888046517503, 0.000822704518214, 0.000751211191528, 0.00031904928619, 0.000359930447303, 0.000172578336787, 9.73010828602e-05, 5.66204180359e-05, 5.95957644691e-05, 8.78464561538e-05, 0.000114341179142, 0.000102432415588, 0.000113269023132, 0.000109816093754, 0.000103573605884, 4.89753183501e-05, 4.11904984503e-05, 1.59744504344e-05, 7.63334537623e-06],
        "mean": [0.000570225936826, 0.00062070810236, 0.000291660137009, 0.000208553494303, 0.000120308548503, 9.49465174926e-05, 0.000100648059743, 0.000151781205204, 0.000133602297865, 0.000160086303367, 0.000139013805892, 0.000118453834148, 9.37628283282e-05, 5.13783597853e-05, 6.33853778709e-05, 6.05632267252e-05, 6.40980651951e-05, 5.03279115946e-05, 5.66890921618e-05, 4.88134282932e-05, 4.00068129238e-05, 3.69854897144e-05, 3.48429166479e-05, 2.54723854596e-05, 2.62819430645e-05, 2.2813808755e-05, 1.07336563815e-05, 6.45102772978e-06, 4.16500779465e-06, 3.63081653632e-06, 3.79394896299e-06, 4.00835779146e-06, 2.95502945846e-06, 2.21513209908e-06, 1.90407763512e-06, 1.49114032411e-06, 1.08761992124e-06, 5.55943472591e-07, 3.53444875145e-07, 3.06052186261e-07],
        "median": [0.000254694343312, 0.00039134445251, 0.000204832962481, 0.000105543229438, 5.59289328521e-05, 3.65274609067e-05, 3.28013338731e-05, 3.94465823774e-05, 3.64565385098e-05, 4.38222195953e-05, 3.8363821659e-05, 3.50123154931e-05, 3.30566253979e-05, 1.91616327356e-05, 2.183792094e-05, 1.81528685061e-05, 1.50882206071e-05, 1.18322413982e-05, 1.22222336358e-05, 1.1113972505e-05, 1.1046765394e-05, 1.03211496025e-05, 1.1188215467e-05, 8.36774052004e-06, 1.03668080556e-05, 8.40163193061e-06, 2.88078035737e-06, 1.81341647476e-06, 1.08452331915e-06, 1.03380762084e-06, 1.056289193e-06, 9.05469960344e-07, 7.22639015294e-07, 6.58651231333e-07, 4.66439217917e-07, 3.83972121654e-07, 2.79888269006e-07, 1.23882742287e-07, 7.49139417167e-08, 5.79273731205e-08],
        "min": [1.40203996249e-23, 1.97730068486e-23, 8.0014698042e-24, 1.48358561867e-23, 1.77934945133e-23, 9.58304914447e-24, 1.40362573069e-23, 2.08696844345e-23, 2.64134170677e-23, 1.1093036991e-23, 4.14290262558e-24, 6.77703777244e-24, 5.71606403113e-24, 6.21989292521e-24, 6.99416542571e-24, 1.65117754026e-23, 7.54988480128e-24, 9.82071952457e-24, 1.29466700028e-23, 4.56165602648e-24, 6.61210628425e-24, 8.03052276248e-24, 1.35079256042e-23, 1.34126785385e-23, 1.22797882928e-23, 9.32720814227e-24, 1.13777021818e-23, 9.28852555892e-24, 8.22991997805e-24, 1.39178903058e-23, 1.45665154079e-23, 1.74435353054e-23, 9.60482643862e-24, 1.35669024232e-23, 1.23380598701e-23, 9.05246208848e-24, 9.51953874185e-24, 7.04679270328e-24, 9.48113620412e-24, 9.92375895829e-24],
        "var": [1.19530102438e-06, 7.77489958637e-07, 1.71702325247e-07, 1.15690767188e-07, 3.99047550559e-08, 4.17186143409e-08, 5.44767466693e-08, 1.48768549479e-07, 1.05034651199e-07, 1.68786741028e-07, 1.06409451917e-07, 6.04135408366e-08, 4.3290054208e-08, 1.28545440958e-08, 1.80718995324e-08, 1.53605448361e-08, 1.99612273377e-08, 1.23957653031e-08, 1.63252558139e-08, 1.17643441655e-08, 6.55829124341e-09, 4.27559854188e-09, 3.23497650889e-09, 1.49738788036e-09, 1.48148460166e-09, 1.25296872877e-09, 2.82369572169e-10, 1.02876367147e-10, 4.38675103187e-11, 3.19848730834e-11, 3.62687276045e-11, 5.10445991031e-11, 3.4619262318e-11, 2.12004493821e-11, 1.93726128889e-11, 1.26527382321e-11, 6.32985591026e-12, 2.19909789163e-12, 7.6242018341e-13, 3.99681698328e-13]
    },
    "mfcc": {
        "mean": [-682.668579102, 111.514762878, -15.9319648743, 20.8055820465, -1.18440485001, 4.0952000618, -0.833189249039, 12.9449062347, -3.69695425034, 2.8621108532, 1.26046669483, -1.97507071495, -3.17156720161],
        "cov": [[13182.2763672, -1885.203125, -2014.53112793, 180.746078491, 275.608947754, 384.537353516, -36.8205070496, 515.762878418, 522.108764648, 519.284667969, 403.95993042, 2.73947882652, -23.4795913696], [-1885.203125, 1438.6151123, 487.220001221, 216.52154541, 174.572753906, -16.3524570465, 140.591323853, 71.4150238037, -103.925521851, -44.7192153931, 45.70677948, 64.719078064, 59.7726325989], [-2014.53112793, 487.220001221, 1293.63378906, 430.65222168, 233.724746704, 73.1301193237, 75.6770629883, -51.5710601807, -108.617149353, -28.4171390533, -3.00243401527, 79.6735153198, 45.6998901367], [180.746078491, 216.52154541, 430.65222168, 616.668334961, 326.085632324, 101.340515137, 26.7555866241, 31.2318019867, 7.9532365799, 62.2404785156, 60.4487037659, 65.446434021, 75.9248580933], [275.608947754, 174.572753906, 233.724746704, 326.085632324, 426.652832031, 128.862182617, 33.8730010986, 19.1224784851, 33.8095588684, 66.807144165, 49.6837158203, 44.3123550415, 53.7465629578], [384.537353516, -16.3524570465, 73.1301193237, 101.340515137, 128.862182617, 195.027542114, 86.6797485352, 34.8324394226, 17.6793556213, 26.2587528229, 34.6222763062, 26.2352218628, 1.1452422142], [-36.8205070496, 140.591323853, 75.6770629883, 26.7555866241, 33.8730010986, 86.6797485352, 195.352844238, 61.7098617554, 9.1485786438, -5.79299449921, 26.8843364716, 16.5769996643, 4.64044380188], [515.762878418, 71.4150238037, -51.5710601807, 31.2318019867, 19.1224784851, 34.8324394226, 61.7098617554, 176.844558716, 24.9441242218, 27.5853919983, 29.6425018311, 4.15184640884, -2.1313085556], [522.108764648, -103.925521851, -108.617149353, 7.9532365799, 33.8095588684, 17.6793556213, 9.1485786438, 24.9441242218, 141.112045288, 54.0890045166, 10.5409803391, -11.0912761688, 2.39845275879], [519.284667969, -44.7192153931, -28.4171390533, 62.2404785156, 66.807144165, 26.2587528229, -5.79299449921, 27.5853919983, 54.0890045166, 112.499008179, 44.8353805542, -2.87256240845, -7.50539827347], [403.95993042, 45.70677948, -3.00243401527, 60.4487037659, 49.6837158203, 34.6222763062, 26.8843364716, 29.6425018311, 10.5409803391, 44.8353805542, 123.028785706, 36.0030174255, -3.43289065361], [2.73947882652, 64.719078064, 79.6735153198, 65.446434021, 44.3123550415, 26.2352218628, 16.5769996643, 4.15184640884, -11.0912761688, -2.87256240845, 36.0030174255, 87.016784668, 28.7629108429], [-23.4795913696, 59.7726325989, 45.6998901367, 75.9248580933, 53.7465629578, 1.1452422142, 4.64044380188, -2.1313085556, 2.39845275879, -7.50539827347, -3.43289065361, 28.7629108429, 98.2727966309]],
