{
"lowlevel": {
    "average_loudness": 0.936662375927,
    "barkbands_crest": {
        "dmean": 3.34968066216,
        "dmean2": 5.55856752396,
        "dvar": 8.2535867691,
        "dvar2": 21.5337123871,
        "max": 24.8343715668,
        "mean": 11.1236543655,
        "median": 10.4625244141,
        "min": 2.62546801567,
        "var": 18.8342704773
    },
    "barkbands_flatness_db": {
        "dmean": 0.0233206357807,
        "dmean2": 0.0372613742948,
        "dvar": 0.000417887116782,
        "dvar2": 0.00102453422733,
        "max": 0.331352174282,
        "mean": 0.153905361891,
        "median": 0.152472406626,
        "min": 0.0544203445315,
        "var": 0.00144808948971
    },
    "barkbands_kurtosis": {
        "dmean": 2.51564264297,
        "dmean2": 4.05875062943,
        "dvar": 15.1094455719,
        "dvar2": 38.2020721436,
        "max": 57.9347114563,
        "mean": 2.77913713455,
        "median": 1.20285606384,
        "min": -1.91229748726,
        "var": 26.0485229492
    },
    "barkbands_skewness": {
        "dmean": 0.60004478693,
        "dmean2": 0.91194075346,
        "dvar": 0.342164576054,
        "dvar2": 0.776921093464,
        "max": 7.08733844757,
        "mean": 1.39341986179,
        "median": 1.24820208549,
        "min": -1.89205789566,
        "var": 1.11501371861
    },
    "barkbands_spread": {
        "dmean": 6.60583591461,
        "dmean2": 10.5670013428,
        "dvar": 43.6018218994,
        "dvar2": 103.30657959,
        "max": 112.594947815,
        "mean": 24.6963806152,
        "median": 23.8714618683,
        "min": 1.26585888863,
        "var": 138.283889771
    },
    "dissonance": {
        "dmean": 0.0192143768072,
        "dmean2": 0.0327155478299,
        "dvar": 0.00037792805233,
        "dvar2": 0.00102256366517,
        "max": 0.500000119209,
        "mean": 0.47177734971,
        "median": 0.47902327776,
        "min": 0.26405480504,
        "var": 0.000616664648987
    },
    "dynamic_complexity": 2.03768897057,
    "erbbands_crest": {
        "dmean": 3.55330491066,
        "dmean2": 5.71811580658,
        "dvar": 10.6191959381,
        "dvar2": 25.8852062225,
        "max": 31.57396698,
        "mean": 9.87665557861,
        "median": 8.75757884979,
        "min": 2.29196810722,
        "var": 25.5136623383
    },
    "erbbands_flatness_db": {
        "dmean": 0.0205618292093,
        "dmean2": 0.0297066010535,
        "dvar": 0.000344719883287,
        "dvar2": 0.000665782892611,
        "max": 0.392737865448,
        "mean": 0.170977056026,
        "median": 0.160478293896,
        "min": 0.0372830815613,
        "var": 0.00271086138673
    },
    "erbbands_kurtosis": {
        "dmean": 1.108741045,
        "dmean2": 1.76682960987,
        "dvar": 2.47970604897,
        "dvar2": 5.97174024582,
        "max": 22.9061317444,
        "mean": 0.659139454365,
        "median": -0.0686502456665,
        "min": -1.79983329773,
        "var": 5.44821882248
    },
    "erbbands_skewness": {
        "dmean": 0.444739580154,
        "dmean2": 0.702738165855,
        "dvar": 0.160685807467,
        "dvar2": 0.389091581106,
        "max": 3.88548779488,
        "mean": 0.329866379499,
        "median": 0.216784149408,
        "min": -3.2254755497,
        "var": 0.622538268566
    },
    "erbbands_spread": {
        "dmean": 9.24142456055,
        "dmean2": 13.6021718979,
        "dvar": 84.2540359497,
        "dvar2": 171.967391968,
        "max": 137.753479004,
        "mean": 37.7139358521,
        "median": 35.3252830505,
        "min": 3.14852976799,
        "var": 384.304046631
    },
    "hfc": {
        "dmean": 9.02233695984,
        "dmean2": 12.8131999969,
        "dvar": 99.6059951782,
        "dvar2": 189.03616333,
        "max": 105.71723938,
        "mean": 24.6497058868,
        "median": 20.4240970612,
        "min": 1.20467977139e-16,
        "var": 287.58895874
    },
    "melbands_crest": {
        "dmean": 3.74665760994,
        "dmean2": 6.06081390381,
        "dvar": 10.3015298843,
        "dvar2": 26.3073635101,
        "max": 34.6409912109,
        "mean": 15.1752901077,
        "median": 14.8576726913,
        "min": 3.1780872345,
        "var": 25.1616535187
    },
    "melbands_flatness_db": {
        "dmean": 0.0286814961582,
        "dmean2": 0.0445648655295,
        "dvar": 0.000683568650857,
        "dvar2": 0.00160237005912,
        "max": 0.35468685627,
        "mean": 0.180732131004,
        "median": 0.179516285658,
        "min": 0.00839734449983,
        "var": 0.00234535336494
    },
    "melbands_kurtosis": {
        "dmean": 8.10398101807,
        "dmean2": 12.7996244431,
        "dvar": 198.005203247,
        "dvar2": 485.847381592,
        "max": 230.31211853,
        "mean": 12.3985624313,
        "median": 6.49246311188,
        "min": -1.63045012951,
        "var": 319.065826416
    },
    "melbands_skewness": {
        "dmean": 0.932807207108,
        "dmean2": 1.40361082554,
        "dvar": 0.961944282055,
        "dvar2": 2.07242679596,
        "max": 13.0573387146,
        "mean": 2.58106708527,
        "median": 2.22779726982,
        "min": -1.09303081036,
        "var": 3.02816343307
    },
    "melbands_spread": {
        "dmean": 8.04619026184,
        "dmean2": 12.5003805161,
        "dvar": 61.4372253418,
        "dvar2": 143.532836914,
        "max": 162.006576538,
        "mean": 24.9230232239,
        "median": 22.613363266,
        "min": 2.05917692184,
        "var": 192.925964355
    },
    "pitch_salience": {
        "dmean": 0.0816285833716,
        "dmean2": 0.133622720838,
        "dvar": 0.00527374492958,
        "dvar2": 0.0134955523536,
        "max": 0.883454740047,
        "mean": 0.518024086952,
        "median": 0.506032049656,
        "min": 0.14698266983,
        "var": 0.0147528555244
    },
    "silence_rate_20dB": {
        "dmean": 0,
        "dmean2": 0,
        "dvar": 0,
        "dvar2": 0,
        "max": 1,
        "mean": 1,
        "median": 1,
        "min": 1,
        "var": 0
    },
    "silence_rate_30dB": {
        "dmean": 0,
        "dmean2": 0,
        "dvar": 0,
        "dvar2": 0,
        "max": 1,
        "mean": 1,
        "median": 1,
        "min": 1,
        "var": 0
    },
    "silence_rate_60dB": {
        "dmean": 0.00318003911525,
        "dmean2": 0.00636085635051,
        "dvar": 0.00316951004788,
        "dvar2": 0.00852061528713,
        "max": 1,
        "mean": 0.00550324097276,
        "median": 0,
        "min": 0,
        "var": 0.00547317462042
    },
    "spectral_centroid": {
        "dmean": 266.430725098,
        "dmean2": 426.67376709,
        "dvar": 63668.3398438,
        "dvar2": 151696.6875,
        "max": 11067.5673828,
        "mean": 1534.3762207,
        "median": 1523.34301758,
        "min": 408.733581543,
        "var": 180557.078125
    },
    "spectral_complexity": {
        "dmean": 4.82338571548,
        "dmean2": 7.01871538162,
        "dvar": 21.9029350281,
        "dvar2": 40.5252075195,
        "max": 55,
        "mean": 21.5571727753,
        "median": 21,
        "min": 0,
        "var": 76.7124938965
    },
    "spectral_decrease": {
        "dmean": 3.11537329267e-09,
        "dmean2": 4.77241268726e-09,
        "dvar": 1.22452864848e-17,
        "dvar2": 2.85435842631e-17,
        "max": -1.19158414134e-29,
        "mean": -7.80466180572e-09,
        "median": -6.88039847319e-09,
        "min": -3.22362012639e-08,
        "var": 2.38493094714e-17
    },
    "spectral_energy": {
        "dmean": 0.0123851401731,
        "dmean2": 0.0188442785293,
        "dvar": 0.000187172190635,
        "dvar2": 0.000429515261203,
        "max": 0.124181121588,
        "mean": 0.031692430377,
        "median": 0.0279353503138,
        "min": 1.0971766458e-20,
        "var": 0.000378148950404
    },
    "spectral_energyband_high": {
        "dmean": 0.000400410703151,
        "dmean2": 0.000559582782444,
        "dvar": 3.1752324503e-07,
        "dvar2": 6.44577937692e-07,
        "max": 0.0111182285473,
        "mean": 0.00091340765357,
        "median": 0.000576938036829,
        "min": 8.06200194136e-21,
        "var": 8.82589233697e-07
    },
    "spectral_energyband_low": {
        "dmean": 0.00706093851477,
        "dmean2": 0.0114607829601,
        "dvar": 0.00013325769396,
        "dvar2": 0.000336817407515,
        "max": 0.11262447387,
        "mean": 0.0130607178435,
        "median": 0.00965092051774,
        "min": 2.31962371924e-23,
        "var": 0.000191509709111
    },
    "spectral_energyband_middle_high": {
        "dmean": 0.00409963121638,
        "dmean2": 0.00607025856152,
        "dvar": 4.07913539675e-05,
        "dvar2": 8.69794675964e-05,
        "max": 0.0891656726599,
        "mean": 0.00848744343966,
        "median": 0.00522277876735,
        "min": 1.62661937258e-21,
        "var": 9.00805098354e-05
    },
    "spectral_energyband_middle_low": {
        "dmean": 0.00577746331692,
        "dmean2": 0.00912130717188,
        "dvar": 5.8606336097e-05,
        "dvar2": 0.000138775983942,
        "max": 0.0831042379141,
        "mean": 0.0100454082713,
        "median": 0.00642909482121,
        "min": 2.76034976781e-22,
        "var": 0.000100964964076
    },
    "spectral_entropy": {
        "dmean": 0.143580749631,
        "dmean2": 0.212745219469,
        "dvar": 0.0163515042514,
        "dvar2": 0.0339932106435,
        "max": 9.80729103088,
        "mean": 7.79543828964,
        "median": 7.82029485703,
        "min": 6.17027711868,
        "var": 0.0779871940613
    },
    "spectral_flux": {
        "dmean": 0.031483374536,
        "dmean2": 0.0472252704203,
        "dvar": 0.000980046694167,
        "dvar2": 0.00189598812722,
        "max": 0.290728062391,
        "mean": 0.104001142085,
        "median": 0.0952316746116,
        "min": 1.04746197827e-10,
        "var": 0.00227574887685
    },
    "spectral_kurtosis": {
        "dmean": 1.05802750587,
        "dmean2": 1.73732554913,
        "dvar": 1.08609724045,
        "dvar2": 2.98750495911,
        "max": 18.2743339539,
        "mean": 3.00397109985,
        "median": 2.69534158707,
        "min": -1.23691558838,
        "var": 3.15428781509
    },
    "spectral_rms": {
        "dmean": 0.00104426813778,
        "dmean2": 0.00153890135698,
        "dvar": 1.009640755e-06,
        "dvar2": 2.13901716961e-06,
        "max": 0.0110069215298,
        "mean": 0.00529012037441,
        "median": 0.00522053660825,
        "min": 3.27172165228e-12,
        "var": 2.93404036711e-06
    },
    "spectral_rolloff": {
        "dmean": 522.772583008,
        "dmean2": 876.233032227,
        "dvar": 576100.125,
        "dvar2": 1274644,
        "max": 18195.5566406,
        "mean": 1451.9699707,
        "median": 1291.9921875,
        "min": 64.599609375,
        "var": 1230432.25
    },
    "spectral_skewness": {
        "dmean": 0.16834641993,
        "dmean2": 0.264539122581,
        "dvar": 0.0214632432908,
        "dvar2": 0.0535758547485,
        "max": 3.1847012043,
        "mean": 1.34721410275,
        "median": 1.33347678185,
        "min": -0.0286875702441,
        "var": 0.0896975398064
    },
    "spectral_spread": {
        "dmean": 471530.4375,
        "dmean2": 672227.8125,
        "dvar": 367583002624,
        "dvar2": 562433818624,
        "max": 40314636,
        "mean": 4662918,
        "median": 4534664,
        "min": 2008766.75,
        "var": 1.58409870541e+12
    },
    "spectral_strongpeak": {
        "dmean": 0.764011383057,
        "dmean2": 1.29937255383,
        "dvar": 1.31501173973,
        "dvar2": 3.31854176521,
        "max": 13.4384622574,
        "mean": 1.07087910175,
        "median": 0.488723188639,
        "min": 0,
        "var": 1.74300849438
    },
    "zerocrossingrate": {
        "dmean": 0.00998241361231,
        "dmean2": 0.0120728807524,
        "dvar": 0.000110192966531,
        "dvar2": 0.000142068980495,
        "max": 0.68212890625,
        "mean": 0.0619642473757,
        "median": 0.05908203125,
        "min": 0.00732421875,
        "var": 0.000704390695319
    },
    "barkbands": {
        "dmean": [0.000569915806409, 0.005756940227, 0.00188546697609, 0.000827988958918, 0.00161773245782, 0.00124911952298, 0.00110339745879, 0.000831528333947, 0.00203200336546, 0.00166325736791, 0.00138514058199, 0.000542915367987, 0.000445984856924, 0.000286787078949, 0.00053760787705, 0.000528141041286, 0.000491323997267, 0.000283983186819, 0.000152193344547, 0.000124016733025, 0.000110241315269, 7.86342570791e-05, 8.52809826029e-05, 7.16782742529e-05, 6.69001456117e-05, 2.12630169472e-07, 1.32035327116e-09],
        "dmean2": [0.000952922389843, 0.00949852727354, 0.00332635547966, 0.00148302328307, 0.00264131231233, 0.00201741512865, 0.00179709575605, 0.00135465629864, 0.00331256166101, 0.00270508276299, 0.00220750062726, 0.000852391996887, 0.000720207870472, 0.000461314426502, 0.000835826271214, 0.000825053604785, 0.000767563644331, 0.000442998338258, 0.00023884633265, 0.000195352156879, 0.000168183396454, 0.000116562521725, 0.0001266804029, 0.000105921375507, 9.80717304628e-05, 3.56534826551e-07, 2.45313791503e-09],
        "dvar": [2.09294466913e-06, 9.20811726246e-05, 1.61488878803e-05, 3.20624121741e-06, 1.39488356581e-05, 8.45512749947e-06, 1.0761466001e-05, 5.2465702538e-06, 1.94216627278e-05, 1.6461179257e-05, 1.4881829884e-05, 2.38613847614e-06, 1.08134963739e-06, 4.38218506815e-07, 1.68909696185e-06, 1.08055542114e-06, 9.95543814497e-07, 3.24343943703e-07, 5.84128301284e-08, 3.5967154588e-08, 2.69350586279e-08, 1.41403670995e-08, 1.73893859312e-08, 1.64849591755e-08, 2.19827942516e-08, 4.24176210649e-13, 3.02836426404e-18],
        "dvar2": [5.22644904777e-06, 0.000234247549088, 4.50709776487e-05, 9.13582698558e-06, 3.46391097992e-05, 2.05332289624e-05, 2.61988570855e-05, 1.29609552459e-05, 4.80275011796e-05, 4.06291292165e-05, 3.46157685271e-05, 5.45123657503e-06, 2.63565789282e-06, 1.06050367776e-06, 3.99318832933e-06, 2.400346375e-06, 2.4363139346e-06, 7.87799933732e-07, 1.38206559086e-07, 8.5625934787e-08, 5.97647371592e-08, 2.95124529259e-08, 3.75335531544e-08, 3.55911176086e-08, 5.06013293489e-08, 1.18378191364e-12, 9.65219768713e-18],
        "max": [0.0188323576003, 0.0874134451151, 0.0387679114938, 0.0354677326977, 0.0647352337837, 0.0566464737058, 0.067978285253, 0.0331132225692, 0.0539038181305, 0.0690734535456, 0.0732839778066, 0.0397408120334, 0.0200261287391, 0.0163315963, 0.0227224137634, 0.0156069155782, 0.0230634678155, 0.0179271381348, 0.00534326257184, 0.00338914245367, 0.003186971182, 0.00172954681329, 0.0025495053269, 0.00422500213608, 0.00325866998173, 3.07849149976e-05, 2.32885888352e-08],
        "mean": [0.000535711005796, 0.009456041269, 0.00253224652261, 0.000961709069088, 0.00196308339946, 0.00170683686156, 0.0013923808001, 0.000964247214142, 0.0025555382017, 0.00207701302134, 0.00160623400006, 0.00076063349843, 0.000627361238003, 0.000398481846787, 0.000782077258918, 0.000811206991784, 0.000793777173385, 0.000471812410979, 0.000280078704236, 0.000232830701862, 0.000208440542337, 0.000149279600009, 0.0001665042073, 0.000143761586514, 0.000114900882181, 2.2264606514e-07, 1.25789356709e-09],
        "median": [8.39920248836e-05, 0.00537926610559, 0.00116198568139, 0.000397538533434, 0.0007674935041, 0.000623273255769, 0.00030206431984, 0.000211861042771, 0.000591764634009, 0.00050176581135, 0.000303317210637, 0.000209313671803, 0.000256467406871, 0.00016441984917, 0.000304783869069, 0.000329518283252, 0.000364447507309, 0.000249841192272, 0.000175723645953, 0.000151522443048, 0.000128216517624, 8.40707143652e-05, 9.92123968899e-05, 7.52882551751e-05, 4.80793205497e-05, 6.70187461083e-08, 6.32740415618e-10],
        "min": [6.29402257891e-24, 6.13408615797e-24, 4.65450022186e-24, 2.16065120744e-23, 5.00303979571e-23, 4.72511968118e-23, 2.13549474872e-23, 5.03914185727e-23, 7.6027965421e-23, 1.1940992571e-22, 1.9894135494e-22, 1.3145780073e-22, 6.05624357265e-23, 1.50924186811e-22, 7.5151553577e-23, 1.14677075823e-22, 2.87080796502e-22, 1.33611643437e-22, 2.27451696823e-22, 2.51127066041e-22, 4.97221426698e-22, 6.52278815512e-22, 8.30860920044e-22, 7.07665484352e-22, 1.04324418713e-21, 2.05438908129e-21, 2.40978715069e-21],
        "var": [1.86218323961e-06, 0.000130822780193, 1.4620552065e-05, 2.92191907647e-06, 1.50700298036e-05, 1.30411008286e-05, 1.62838823599e-05, 6.44562669549e-06, 2.76008213405e-05, 2.13642269955e-05, 1.90656537598e-05, 4.07236484534e-06, 1.57867225425e-06, 5.70698489355e-07, 2.73196792477e-06, 2.0087595658e-06, 1.705282898e-06, 5.15042756888e-07, 1.0841174003e-07, 6.38498889316e-08, 5.70234455211e-08, 3.16607540185e-08, 3.68446642085e-08, 4.02658315579e-08, 4.05512849966e-08, 3.22084888057e-13, 2.53778453584e-18]
    },
    "erbbands": {
        "dmean": [0.134151801467, 1.48872041702, 2.51074504852, 2.48025298119, 3.42440295219, 6.43120670319, 9.05691242218, 9.40513134003, 11.94323349, 16.9056091309, 24.7432975769, 44.7733879089, 44.586391449, 68.382850647, 34.0583343506, 20.179391861, 20.3075885773, 15.1415615082, 22.8114089966, 24.5197906494, 28.751707077, 25.6570110321, 16.7706699371, 8.80018424988, 6.28736591339, 6.18606138229, 4.9893784523, 3.94096088409, 2.90564036369, 2.58702874184, 2.35893940926, 1.82370531559, 1.11123609543, 0.830076575279, 0.456076323986, 0.0309183262289, 0.000766893674154, 4.9854061217e-05, 1.10847595352e-05, 1.48675162563e-05],
        "dmean2": [0.21396458149, 2.520652771, 4.38014268875, 4.41548871994, 5.90034484863, 10.4020118713, 14.7763223648, 15.2772388458, 19.5490016937, 27.5657367706, 39.8686790466, 72.8794326782, 72.2703475952, 108.515930176, 53.3036308289, 31.3044185638, 32.5571289062, 24.2444934845, 35.3006591797, 38.1376914978, 44.1757202148, 39.2528648376, 25.4259185791, 13.737660408, 9.81779289246, 9.76962757111, 7.76217508316, 5.9782834053, 4.33379507065, 3.89439201355, 3.51307153702, 2.73029112816, 1.63152873516, 1.24313640594, 0.669934809208, 0.0461389757693, 0.00112281797919, 7.1418195148e-05, 1.56311816681e-05, 2.21766604227e-05],
        "dvar": [0.0515300817788, 6.76714944839, 24.9776325226, 28.6879863739, 55.4385070801, 250.463638306, 505.54586792, 554.300109863, 1039.91577148, 3356.73388672, 4317.58154297, 10375.7890625, 11046.6201172, 31585.3925781, 8031.55273438, 2808.90014648, 2175.05395508, 1271.4786377, 2531.47998047, 2873.33764648, 3148.1496582, 2389.37084961, 1072.80236816, 212.00289917, 88.1589050293, 95.3882141113, 60.2316474915, 33.8255004883, 20.5645904541, 17.4173355103, 12.7782583237, 9.42636871338, 4.69520807266, 4.61106157303, 0.793539464474, 0.00408571679145, 2.34034405366e-06, 9.03348951198e-09, 1.96530111629e-10, 2.48099291111e-10],
        "dvar2": [0.121458917856, 18.0364437103, 68.9431304932, 81.2827911377, 146.558807373, 613.229003906, 1224.39575195, 1316.81848145, 2517.61572266, 8026.32861328, 10763.9960938, 25592.4648438, 27484.0253906, 75556.5703125, 17665.34375, 6524.56396484, 5282.7890625, 3125.9440918, 5727.02587891, 6772.69677734, 7092.640625, 5627.91357422, 2494.00341797, 505.996032715, 207.001464844, 228.74458313, 137.944091797, 74.7717437744, 43.8443527222, 38.0865783691, 27.6093730927, 21.2328033447, 10.0591001511, 10.995967865, 1.78828454018, 0.00960345100611, 5.36041170562e-06, 2.00437959563e-08, 4.16980922013e-10, 5.47408229856e-10],
        "max": [3.4971601963, 20.7927074432, 46.6037788391, 74.7313919067, 123.006103516, 260.243560791, 586.800598145, 621.80291748, 843.653564453, 1379.01806641, 937.469604492, 1615.62133789, 1665.42797852, 3516.18823242, 2616.8894043, 1522.45214844, 944.764160156, 1026.82104492, 1200.03833008, 1022.36749268, 838.823364258, 1343.70983887, 881.449279785, 358.563964844, 223.396850586, 208.963485718, 134.039031982, 119.820678711, 73.9812088013, 97.1100158691, 65.6897964478, 62.1382026672, 79.435005188, 58.8469352722, 18.3914737701, 1.4936504364, 0.032527897507, 0.00178765377495, 0.000287799688522, 0.000144176578033],
        "mean": [0.209516003728, 2.29271912575, 3.74405360222, 3.19161844254, 3.83495330811, 7.54928207397, 12.3500890732, 12.6004676819, 15.8205461502, 20.6858234406, 30.8213768005, 57.0169067383, 58.2742958069, 85.3715515137, 45.8903579712, 30.5532932281, 29.9196510315, 22.6727409363, 34.6379776001, 38.8938827515, 47.2917480469, 44.245349884, 29.4632930756, 16.4996242523, 12.1486959457, 11.5106754303, 9.36444091797, 7.38979101181, 5.39157152176, 4.9007563591, 4.56584453583, 3.61759400368, 2.14544487, 1.39724493027, 0.75228458643, 0.0482357293367, 0.00126857764553, 9.10020244191e-05, 2.92829463433e-05, 4.032846482e-05],
        "median": [0.10128147155, 1.24317610264, 2.27169466019, 1.64524316788, 1.73055279255, 2.50082921982, 4.08893632889, 4.73730039597, 4.86401557922, 4.78430604935, 8.45627403259, 14.9994115829, 16.0570297241, 19.9408359528, 13.0400114059, 10.8660640717, 13.3837547302, 10.5950460434, 15.8987045288, 17.6572170258, 20.7688789368, 21.6735019684, 15.236158371, 10.153219223, 8.34509181976, 7.44850873947, 5.71470212936, 4.50662374496, 3.02007603645, 2.7951438427, 2.74683356285, 1.97969782352, 1.08041167259, 0.58638972044, 0.305520743132, 0.0189612321556, 0.000530211720616, 4.28158637078e-05, 2.36540017795e-05, 3.60968952009e-05],
        "min": [2.97942085881e-22, 1.01068657229e-21, 4.71760934671e-21, 3.84417810959e-20, 1.47728473267e-19, 1.14536830137e-19, 2.98414530815e-19, 3.74729516195e-19, 3.27624113551e-19, 6.36212423063e-19, 1.15966627336e-18, 2.00746208793e-18, 2.20576292336e-18, 3.74827092488e-18, 1.19588975315e-17, 4.65040071838e-18, 2.57078862869e-18, 7.16205565265e-18, 4.1944434619e-18, 5.83117126429e-18, 9.12528446412e-18, 1.49488742045e-17, 7.12102418554e-18, 9.75390698807e-18, 1.304088286e-17, 1.19317081048e-17, 1.75732171944e-17, 2.11199443223e-17, 2.45228479027e-17, 1.85161385726e-17, 2.67879248458e-17, 1.22631420055e-17, 1.50678591725e-17, 1.26606816991e-17, 7.24496479262e-18, 6.81347098917e-18, 3.85308422107e-18, 1.53121191968e-18, 3.58106598003e-19, 2.98592943333e-20],
        "var": [0.07917676121, 8.336145401, 23.2676048279, 24.5605773926, 49.6910743713, 269.012512207, 805.522644043, 784.352478027, 1501.40942383, 5007.15332031, 5670.3203125, 14530.4316406, 15283.5224609, 42336.9492188, 13362.8193359, 4860.36181641, 3239.27807617, 1589.26843262, 4088.33618164, 4635.30273438, 6164.60498047, 4656.01269531, 2053.58349609, 385.509246826, 159.293289185, 164.090896606, 116.450462341, 72.633644104, 42.8910865784, 35.2053337097, 26.7492961884, 21.3586158752, 10.9465284348, 7.38737535477, 1.50123548508, 0.00675172079355, 4.2352944547e-06, 1.82923489689e-08, 5.12507702943e-10, 5.63400104348e-10]
    },
    "gfcc": {
        "mean": [10.5114927292, 92.9513931274, -144.386688232, 49.0731430054, -69.8544845581, 31.8772583008, -40.0269088745, 18.3508644104, -15.6144008636, -7.27948236465, -7.2704334259, -8.84392356873, 6.4795293808],
        "cov": [[2518.41113281, 81.0613174438, 595.671020508, 500.030670166, 203.024520874, 249.274185181, -87.5327224731, 161.010772705, -34.3907775879, 178.747970581, 7.9960398674, 126.924186707, 26.6657371521], [81.0613174438, 626.343017578, 360.201782227, 284.72744751, 261.717285156, 9.58911895752, 103.073722839, 28.0174026489, 96.2063522339, 15.8587379456, 96.6050796509, -2.25534009933, 51.7470550537], [595.671020508, 360.201782227, 1202.95849609, 731.515991211, 315.312530518, 212.676437378, -34.1689109802, 140.853256226, 21.8114356995, 205.10307312, 86.555519104, 86.8310394287, 6.29803419113], [500.030670166, 284.72744751, 731.515991211, 663.686523438, 314.150817871, 105.269271851, -30.8279075623, 68.1332244873, 48.4743270874, 122.406562805, 71.9832992554, 64.3427734375, 27.4968261719], [203.024520874, 261.717285156, 315.312530518, 314.150817871, 415.361694336, 175.196884155, 52.8235816956, 85.0469207764, 58.1876564026, 40.5346603394, 41.1697158813, 60.4343452454, 46.3584365845], [249.274185181, 9.58911895752, 212.676437378, 105.269271851, 175.196884155, 270.683532715, 78.7300796509, 39.9794197083, -25.0572433472, 46.321346283, 4.07415533066, 34.5583229065, 6.15020990372], [-87.5327224731, 103.073722839, -34.1689109802, -30.8279075623, 52.8235816956, 78.7300796509, 164.323287964, 33.760383606, 26.8955898285, -17.2101383209, 21.4717483521, -12.9283094406, 15.8170204163], [161.010772705, 28.0174026489, 140.853256226, 68.1332244873, 85.0469207764, 39.9794197083, 33.760383606, 154.045730591, 66.5637283325, 31.5164890289, 1.72627353668, 30.5146579742, 9.5293636322], [-34.3907775879, 96.2063522339, 21.8114356995, 48.4743270874, 58.1876564026, -25.0572433472, 26.8955898285, 66.5637283325, 121.904319763, 28.5758209229, 21.3824634552, -0.549223423004, 17.6287479401], [178.747970581, 15.8587379456, 205.10307312, 122.406562805, 40.5346603394, 46.321346283, -17.2101383209, 31.5164890289, 28.5758209229, 127.963844299, 48.4262123108, 25.5608730316, -1.6180151701], [7.9960398674, 96.6050796509, 86.555519104, 71.9832992554, 41.1697158813, 4.07415533066, 21.4717483521, 1.72627353668, 21.3824634552, 48.4262123108, 103.052970886, 34.5004005432, 8.78362560272], [126.924186707, -2.25534009933, 86.8310394287, 64.3427734375, 60.4343452454, 34.5583229065, -12.9283094406, 30.5146579742, -0.549223423004, 25.5608730316, 34.5004005432, 81.7730789185, 30.3410205841], [26.6657371521, 51.7470550537, 6.29803419113, 27.4968261719, 46.3584365845, 6.15020990372, 15.8170204163, 9.5293636322, 17.6287479401, -1.6180151701, 8.78362560272, 30.3410205841, 72.1063308716]],
        "icov": [[0.000798997294623, -0.00111267808825, 0.00119613099378, -0.00149426609278, 0.00141849997453, -0.00169190415181, 0.00134963262826, -0.00191537255887, 0.0013183777919, -0.00107784417924, 0.000754393986426, -0.000756990397349, 3.79125740437e-05], [-0.00111267808825, 0.00763002643362, -0.00529277557507, 0.00422734674066, -0.00651049660519, 0.00663509871811, -0.00576113397256, 0.00639309501275, -0.00469479477033, 0.00418368726969, -0.00437359744683, 0.00426257262006, -0.00219449028373], [0.00119613099378, -0.00529277557507, 0.00785942748189, -0.00762917939574, 0.0060013900511, -0.00679610390216, 0.00512764509767, -0.00793029088527, 0.00561492983252, -0.00476744864136, 0.00217014667578, -0.00201908592135, 0.00132886343636], [-0.00149426609278, 0.00422734674066, -0.00762917939574, 0.0109128011391, -0.00796256307513, 0.00705070747063, -0.00380732188933, 0.00766483135521, -0.00488353474066, 0.00245760381222, -0.00217683543451, 0.00184362835716, -0.000897666905075], [0.00141849997453, -0.00651049660519, 0.0060013900511, -0.00796256307513, 0.0128759508952, -0.0108620934188, 0.00626982143149, -0.00782530196011, 0.00201428029686, -0.000966351013631, 0.00200681271963, -0.00399238942191, -0.000111631547043], [-0.00169190415181, 0.00663509871811, -0.00679610390216, 0.00705070747063, -0.0108620934188, 0.0168575309217, -0.0116391340271, 0.00826263986528, -0.000725233927369, -0.000816832820419, 0.00114552502055, -8.31272482174e-05, 0.000830075761769], [0.00134963262826, -0.00576113397256, 0.00512764509767, -0.00380732188933, 0.00626982143149, -0.0116391340271, 0.0171326845884, -0.00943686626852, 0.00233620102517, 0.0012518708827, -0.00403744075447, 0.00414391839877, -0.0027048222255], [-0.00191537255887, 0.00639309501275, -0.00793029088527, 0.00766483135521, -0.00782530196011, 0.00826263986528, -0.00943686626852, 0.02092782408, -0.0126083279029, 0.00317936227657, 0.00225872732699, -0.0043260785751, 0.00221970584244], [0.0013183777919, -0.00469479477033, 0.00561492983252, -0.00488353474066, 0.00201428029686, -0.000725233927369, 0.00233620102517, -0.0126083279029, 0.0205713324249, -0.00798435136676, 0.000686773797497, 0.00279153231531, -0.00229261303321], [-0.00107784417924, 0.00418368726969, -0.00476744864136, 0.00245760381222, -0.000966351013631, -0.000816832820419, 0.0012518708827, 0.00317936227657, -0.00798435136676, 0.0188230704516, -0.00973335560411, 0.00355125637725, -0.0010626410367], [0.000754393986426, -0.00437359744683, 0.00217014667578, -0.00217683543451, 0.00200681271963, 0.00114552502055, -0.00403744075447, 0.00225872732699, 0.000686773797497, -0.00973335560411, 0.0218958221376, -0.0134984916076, 0.00532586313784], [-0.000756990397349, 0.00426257262006, -0.00201908592135, 0.00184362835716, -0.00399238942191, -8.31272482174e-05, 0.00414391839877, -0.0043260785751, 0.00279153231531, 0.00355125637725, -0.0134984916076, 0.0285398475826, -0.0120367053896], [3.79125740437e-05, -0.00219449028373, 0.00132886343636, -0.000897666905075, -0.000111631547043, 0.000830075761769, -0.0027048222255, 0.00221970584244, -0.00229261303321, -0.0010626410367, 0.00532586313784, -0.0120367053896, 0.0209091641009]]
    },
    "melbands": {
        "dmean": [0.00139363261405, 0.00155081646517, 0.000414684298448, 0.000393846887164, 0.000281544722384, 0.000215499472688, 0.000198141191504, 0.00017253572878, 0.000229356141062, 0.000293289514957, 0.000224627976422, 0.000279495870927, 0.000146329650306, 6.33757590549e-05, 4.81246679556e-05, 4.45000696345e-05, 2.79255473288e-05, 3.41314043908e-05, 4.18186245952e-05, 3.52980896423e-05, 3.59974328603e-05, 3.11556286761e-05, 2.22684338951e-05, 1.03277316157e-05, 7.68258541939e-06, 5.4210890994e-06, 4.24214658779e-06, 4.38189408669e-06, 3.42773182638e-06, 2.87428474621e-06, 2.30200748774e-06, 1.70995701865e-06, 1.64012863024e-06, 1.47383263993e-06, 1.42927513025e-06, 1.45212209191e-06, 1.08733649995e-06, 8.26141103971e-07, 7.66651737649e-07, 7.15466512702e-07],
        "dmean2": [0.0022478592582, 0.00264340545982, 0.000737745373044, 0.000651431968436, 0.000455303583294, 0.000348860136, 0.000323485553963, 0.000281871965853, 0.000371755013475, 0.000476012908621, 0.000366315536667, 0.000444657052867, 0.000230132282013, 9.9643766589e-05, 7.51181069063e-05, 7.19587769709e-05, 4.50499755971e-05, 5.35517283424e-05, 6.53862007312e-05, 5.56898557988e-05, 5.63021931157e-05, 4.87687575514e-05, 3.41273735103e-05, 1.60917370522e-05, 1.21786688396e-05, 8.57062786963e-06, 6.79014419802e-06, 6.99334123055e-06, 5.42274119653e-06, 4.49855406259e-06, 3.54223470822e-06, 2.62422622654e-06, 2.51443748311e-06, 2.26410065807e-06, 2.1567436761e-06, 2.22087533075e-06, 1.66286201875e-06, 1.24177427097e-06, 1.16893784252e-06, 1.08607355287e-06],
        "dvar": [5.05485058966e-06, 8.06454954727e-06, 7.67093581544e-07, 9.9791179764e-07, 4.04816830724e-07, 2.59695923432e-07, 2.94595508876e-07, 3.05157954017e-07, 3.6886513044e-07, 4.53693701274e-07, 3.04806576423e-07, 5.10693382694e-07, 1.47758754565e-07, 3.34284990799e-08, 1.45104426252e-08, 1.25004806506e-08, 4.59553550769e-09, 5.47829603903e-09, 1.2872142463e-08, 5.69268232553e-09, 5.52789769515e-09, 4.0651046973e-09, 2.87520829367e-09, 3.32517957613e-10, 1.8064574836e-10, 7.79051753663e-11, 3.92965451845e-11, 4.92097369797e-11, 2.87693115858e-11, 1.91983200171e-11, 1.26561400249e-11, 7.60901151114e-12, 6.47675142684e-12, 6.18082147963e-12, 4.82315489631e-12, 6.0519896386e-12, 3.64906412378e-12, 2.52661043129e-12, 3.85605306366e-12, 3.2272060458e-12],
        "dvar2": [1.2099819287e-05, 2.1823168936e-05, 2.17221213461e-06, 2.51883125202e-06, 9.76429987531e-07, 6.19735033069e-07, 7.16567853942e-07, 7.28480017642e-07, 9.1800870905e-07, 1.12474197067e-06, 7.60633952268e-07, 1.22605615616e-06, 3.28086088075e-07, 7.59291367558e-08, 3.43615980114e-08, 3.10583594398e-08, 1.1216410023e-08, 1.21056622504e-08, 3.10892360744e-08, 1.31358692812e-08, 1.27132651073e-08, 9.77246639167e-09, 6.84279743979e-09, 7.5320394366e-10, 4.42210545959e-10, 1.87053511569e-10, 9.4775833015e-11, 1.18493395651e-10, 6.70370842171e-11, 4.47342683729e-11, 2.87597272386e-11, 1.67301988235e-11, 1.41442786303e-11, 1.40870978077e-11, 1.07823212164e-11, 1.39325218029e-11, 8.46123345e-12, 5.52788934419e-12, 9.19030736929e-12, 7.68404350565e-12],
        "max": [0.0263341963291, 0.0270088240504, 0.0148393083364, 0.0179537776858, 0.0153837110847, 0.0123509746045, 0.0135847255588, 0.0123194251209, 0.00982857774943, 0.00964219588786, 0.00859387684613, 0.0137663092464, 0.00872005987912, 0.0053691836074, 0.00346797076054, 0.00262362067588, 0.00179091200698, 0.00166314921807, 0.00233001098968, 0.00128005282022, 0.00124227209017, 0.0018089923542, 0.00189488299657, 0.000456601235783, 0.000343716848874, 0.000197353583644, 0.000102470272395, 0.000128013271024, 8.70006697369e-05, 8.38682608446e-05, 9.0176537924e-05, 5.22350528627e-05, 4.89819612994e-05, 6.09390808677e-05, 4.65770026494e-05, 5.34611172043e-05, 4.31565058534e-05, 6.4652558649e-05, 6.42425220576e-05, 4.84102565679e-05],
        "mean": [0.00236166478135, 0.00246325950138, 0.000540217733942, 0.000434781657532, 0.000397034396883, 0.00029280866147, 0.000259321997873, 0.000207092743949, 0.000278925843304, 0.000369631568901, 0.00028543517692, 0.000344731321093, 0.000181283554411, 8.99211881915e-05, 6.89947992214e-05, 6.16267134319e-05, 3.85036510124e-05, 4.94943669764e-05, 6.01236824878e-05, 5.23389280715e-05, 5.57627536182e-05, 4.91095634061e-05, 3.52548449882e-05, 1.78550726559e-05, 1.30416883621e-05, 9.62672493188e-06, 7.60656666898e-06, 7.65425465943e-06, 5.99170380156e-06, 5.00915166413e-06, 4.05709079132e-06, 2.97619953926e-06, 2.91262404062e-06, 2.64011282525e-06, 2.58644445239e-06, 2.65529433818e-06, 2.04188927455e-06, 1.5407514411e-06, 1.28861802295e-06, 1.13624878395e-06],
        "median": [0.00133513309993, 0.00172042439226, 0.000309231778374, 0.000146649734234, 0.000146339749335, 0.000108480191557, 7.14245907147e-05, 4.78233414469e-05, 6.55315525364e-05, 8.57640479808e-05, 6.32568044239e-05, 7.32518092263e-05, 4.1663308366e-05, 2.45146984525e-05, 2.65373819275e-05, 2.55014310824e-05, 1.53881865117e-05, 2.2255224394e-05, 2.25072908506e-05, 2.13399034692e-05, 2.23643946811e-05, 2.17518918362e-05, 1.641810195e-05, 1.01524574347e-05, 7.65849745221e-06, 6.10180222793e-06, 5.03193268742e-06, 4.73571481052e-06, 3.52014308191e-06, 3.01357135868e-06, 2.34741901295e-06, 1.62419939898e-06, 1.58851878496e-06, 1.49436959873e-06, 1.54037877564e-06, 1.47717503296e-06, 1.06872755623e-06, 7.73381316321e-07, 5.75254148316e-07, 4.43471179778e-07],
        "min": [2.68914024841e-24, 2.00511876028e-24, 9.92788233424e-24, 1.04916646571e-23, 8.52173855955e-24, 8.3412479733e-24, 5.06536738029e-24, 8.5076873691e-24, 9.22958266094e-24, 1.25122553463e-23, 1.18618852839e-23, 1.48261342649e-23, 3.34163025619e-23, 2.10855719985e-23, 7.70450390529e-24, 4.8668260788e-24, 1.54329560499e-23, 7.32322691941e-24, 7.02992922371e-24, 6.55513751069e-24, 1.2591537445e-23, 1.70112821278e-23, 7.12296826773e-24, 6.95911633569e-24, 8.08123863007e-24, 7.45638664021e-24, 1.04587249812e-23, 6.57352073079e-24, 1.13398092482e-23, 1.17069395915e-23, 1.13557655378e-23, 1.34383812045e-23, 1.31531567113e-23, 9.17928015646e-24, 1.75424111313e-23, 1.0898542546e-23, 6.03118004174e-24, 1.15093039023e-23, 8.57460328425e-24, 1.22054791732e-23],
        "var": [8.19625256554e-06, 8.38799041958e-06, 6.43330793082e-07, 9.52726395553e-07, 6.70178394557e-07, 3.85186382346e-07, 4.32409535733e-07, 4.45741392241e-07, 4.91544426495e-07, 6.43150258384e-07, 4.16012056803e-07, 6.86870805566e-07, 2.14633857354e-07, 6.09714874145e-08, 2.26018421756e-08, 1.65484799197e-08, 5.62889557187e-09, 8.50702974731e-09, 1.94623890337e-08, 8.90329499015e-09, 1.02134833924e-08, 7.09106950936e-09, 4.62933291701e-09, 6.11129091777e-10, 2.92606189278e-10, 1.3611665961e-10, 6.54366769104e-11, 8.20509007959e-11, 5.18618481493e-11, 3.64011078224e-11, 2.53165908376e-11, 1.43822202411e-11, 1.30293519029e-11, 1.12122065105e-11, 9.16444264226e-12, 1.16033207348e-11, 7.90492497849e-12, 5.80979838891e-12, 6.12300141145e-12, 5.16381468835e-12]
    },
    "mfcc": {
        "mean": [-613.446472168, 100.38621521, -6.13314962387, 15.1094207764, 6.30360126495, 4.30673933029, 0.325846105814, 11.7989110947, 6.24913311005, 4.2533197403, -4.41491317749, 2.03171777725, -0.733794212341],
        "cov": [[1935.21020508, -129.812133789, 293.991851807, 214.52746582, 238.299560547, 126.141685486, 73.5748138428, 7.99049806595, 45.6902351379, 4.04282140732, 12.4849843979, 51.427734375, 70.9199371338], [-129.812133789, 463.655822754, 96.5870742798, 175.78086853, 131.601379395, 58.8029212952, 72.7727813721, 60.3086395264, 44.2001800537, 51.2877807617, 21.8503761292, 50.5673370361, 26.9435939789], [293.991851807, 96.5870742798, 890.438903809, 481.944244385, 349.304168701, 180.490997314, 135.920394897, -9.30320167542, 20.7697505951, 60.6415176392, 72.3311691284, 113.054161072, 71.9801177979], [214.52746582, 175.78086853, 481.944244385, 578.333251953, 370.972473145, 119.702941895, 67.1123809814, 25.4245605469, 46.6614265442, 39.4816436768, 25.1148471832, 121.281318665, 83.8873214722], [238.299560547, 131.601379395, 349.304168701, 370.972473145, 466.796264648, 179.66116333, 104.25491333, 76.7069168091, 76.8990936279, 38.2337493896, 22.8202972412, 84.0390853882, 83.0936050415], [126.141685486, 58.8029212952, 180.490997314, 119.702941895, 179.66116333, 241.279678345, 134.544265747, 35.0048141479, 24.4325141907, 27.1865634918, 14.4868516922, 14.721786499, 26.2282829285], [73.5748138428, 72.7727813721, 135.920394897, 67.1123809814, 104.25491333, 134.544265747, 170.295623779, 63.6776237488, 20.5423545837, 24.7593326569, 17.6021118164, 13.5424127579, 25.0281238556], [7.99049806595, 60.3086395264, -9.30320167542, 25.4245605469, 76.7069168091, 35.0048141479, 63.6776237488, 136.573196411, 63.1709671021, 17.1821460724, 5.89411783218, 5.2039809227, 16.5913314819], [45.6902351379, 44.2001800537, 20.7697505951, 46.6614265442, 76.8990936279, 24.4325141907, 20.5423545837, 63.1709671021, 117.497261047, 47.791973114, 7.87297344208, 13.043056488, 10.8944625854], [4.04282140732, 51.2877807617, 60.6415176392, 39.4816436768, 38.2337493896, 27.1865634918, 24.7593326569, 17.1821460724, 47.791973114, 88.0757293701, 39.0308837891, 15.6193370819, 7.13076639175], [12.4849843979, 21.8503761292, 72.3311691284, 25.1148471832, 22.8202972412, 14.4868516922, 17.6021118164, 5.89411783218, 7.87297344208, 39.0308837891, 83.3508605957, 40.4735183716, 10.0308275223], [51.427734375, 50.5673370361, 113.054161072, 121.281318665, 84.0390853882, 14.721786499, 13.5424127579, 5.2039809227, 13.043056488, 15.6193370819, 40.4735183716, 106.575263977, 48.8711128235], [70.9199371338, 26.9435939789, 71.9801177979, 83.8873214722, 83.0936050415, 26.2282829285, 25.0281238556, 16.5913314819, 10.8944625854, 7.13076639175, 10.0308275223, 48.8711128235, 77.7868728638]],
