{
"lowlevel": {
    "average_loudness": 0.960085332394,
    "barkbands_crest": {
        "dmean": 2.36206841469,
        "dmean2": 3.81980872154,
        "dvar": 5.51952171326,
        "dvar2": 13.4444284439,
        "max": 25.5280036926,
        "mean": 9.7727432251,
        "median": 8.47749423981,
        "min": 2.13488221169,
        "var": 22.1735534668
    },
    "barkbands_flatness_db": {
        "dmean": 0.0172831173986,
        "dmean2": 0.0268104858696,
        "dvar": 0.000268849573331,
        "dvar2": 0.000611863040831,
        "max": 0.268531024456,
        "mean": 0.113871246576,
        "median": 0.108613207936,
        "min": 0.0332635454834,
        "var": 0.00126891408581
    },
    "barkbands_kurtosis": {
        "dmean": 1.5629543066,
        "dmean2": 2.49400663376,
        "dvar": 10.1751823425,
        "dvar2": 23.3008232117,
        "max": 62.1969223022,
        "mean": 1.42304813862,
        "median": -0.217648267746,
        "min": -1.90932869911,
        "var": 28.6614990234
    },
    "barkbands_skewness": {
        "dmean": 0.459190577269,
        "dmean2": 0.70595407486,
        "dvar": 0.24401345849,
        "dvar2": 0.526633858681,
        "max": 7.53639221191,
        "mean": 1.03607857227,
        "median": 0.820218503475,
        "min": -3.09456157684,
        "var": 1.22338330746
    },
    "barkbands_spread": {
        "dmean": 6.00126457214,
        "dmean2": 9.3657951355,
        "dvar": 37.5331192017,
        "dvar2": 84.3696289062,
        "max": 99.5014572144,
        "mean": 32.6396369934,
        "median": 32.4329681396,
        "min": 3.38496947289,
        "var": 181.48550415
    },
    "dissonance": {
        "dmean": 0.0129665052518,
        "dmean2": 0.0221354495734,
        "dvar": 0.000176391680725,
        "dvar2": 0.000477382040117,
        "max": 0.500000119209,
        "mean": 0.479434579611,
        "median": 0.484497785568,
        "min": 0.332716107368,
        "var": 0.000322583335219
    },
    "dynamic_complexity": 1.96708738804,
    "erbbands_crest": {
        "dmean": 2.39742898941,
        "dmean2": 3.94955563545,
        "dvar": 5.03611421585,
        "dvar2": 12.6533164978,
        "max": 26.3099689484,
        "mean": 7.98791360855,
        "median": 7.21287441254,
        "min": 2.45836496353,
        "var": 12.4138383865
    },
    "erbbands_flatness_db": {
        "dmean": 0.0143827209249,
        "dmean2": 0.0213366635144,
        "dvar": 0.000169655104401,
        "dvar2": 0.000332229916239,
        "max": 0.307904869318,
        "mean": 0.143313542008,
        "median": 0.138923272491,
        "min": 0.0558777935803,
        "var": 0.00128738733474
    },
    "erbbands_kurtosis": {
        "dmean": 0.808081030846,
        "dmean2": 1.28049921989,
        "dvar": 0.956252157688,
        "dvar2": 2.13994288445,
        "max": 29.0553436279,
        "mean": 0.645450890064,
        "median": 0.289607167244,
        "min": -1.59069144726,
        "var": 2.46658778191
    },
    "erbbands_skewness": {
        "dmean": 0.304559499025,
        "dmean2": 0.470621973276,
        "dvar": 0.0700588002801,
        "dvar2": 0.159939214587,
        "max": 2.29908895493,
        "mean": -0.188710033894,
        "median": -0.213919639587,
        "min": -4.6004858017,
        "var": 0.437114059925
    },
    "erbbands_spread": {
        "dmean": 7.45147323608,
        "dmean2": 11.5031871796,
        "dvar": 58.1017150879,
        "dvar2": 129.768539429,
        "max": 123.750778198,
        "mean": 36.9107017517,
        "median": 33.6906471252,
        "min": 6.76339912415,
        "var": 257.779418945
    },
    "hfc": {
        "dmean": 7.91400098801,
        "dmean2": 11.492939949,
        "dvar": 88.3440093994,
        "dvar2": 176.737091064,
        "max": 174.205062866,
        "mean": 33.2369003296,
        "median": 29.9120445251,
        "min": 1.15197738141e-16,
        "var": 416.574981689
    },
    "melbands_crest": {
        "dmean": 3.06371736526,
        "dmean2": 4.97559452057,
        "dvar": 8.09925270081,
        "dvar2": 20.607378006,
        "max": 30.1989326477,
        "mean": 15.2568807602,
        "median": 15.1258182526,
        "min": 1.78085196018,
        "var": 28.031621933
    },
    "melbands_flatness_db": {
        "dmean": 0.0221199132502,
        "dmean2": 0.0342242009938,
        "dvar": 0.000499390007462,
        "dvar2": 0.00112507166341,
        "max": 0.365699023008,
        "mean": 0.155118897557,
        "median": 0.144437342882,
        "min": 0.00394360907376,
        "var": 0.0029574315995
    },
    "melbands_kurtosis": {
        "dmean": 5.61327934265,
        "dmean2": 8.86642074585,
        "dvar": 115.011558533,
        "dvar2": 268.857513428,
        "max": 211.207962036,
        "mean": 10.0786733627,
        "median": 3.91009783745,
        "min": -1.87627160549,
        "var": 323.602325439
    },
    "melbands_skewness": {
        "dmean": 0.707918763161,
        "dmean2": 1.0908588171,
        "dvar": 0.633760631084,
        "dvar2": 1.38375759125,
        "max": 12.4317321777,
        "mean": 2.42100596428,
        "median": 1.95829033852,
        "min": -1.18178117275,
        "var": 3.07786226273
    },
    "melbands_spread": {
        "dmean": 9.09145641327,
        "dmean2": 14.1799001694,
        "dvar": 118.568161011,
        "dvar2": 249.932373047,
        "max": 261.83416748,
        "mean": 36.1653594971,
        "median": 34.2911262512,
        "min": 1.906488657,
        "var": 442.721740723
    },
    "pitch_salience": {
        "dmean": 0.0668938755989,
        "dmean2": 0.108720719814,
        "dvar": 0.00417862553149,
        "dvar2": 0.0107102897018,
        "max": 0.938038110733,
        "mean": 0.506671369076,
        "median": 0.509405374527,
        "min": 0.114723950624,
        "var": 0.0162453260273
    },
    "silence_rate_20dB": {
        "dmean": 0,
        "dmean2": 0,
        "dvar": 0,
        "dvar2": 0,
        "max": 1,
        "mean": 1,
        "median": 1,
        "min": 1,
        "var": 0
    },
    "silence_rate_30dB": {
        "dmean": 0,
        "dmean2": 0,
        "dvar": 0,
        "dvar2": 0,
        "max": 1,
        "mean": 1,
        "median": 1,
        "min": 1,
        "var": 0
    },
    "silence_rate_60dB": {
        "dmean": 0.00496093276888,
        "dmean2": 0.00992309581488,
        "dvar": 0.00493556912988,
        "dvar2": 0.0113137941808,
        "max": 1,
        "mean": 0.0166170634329,
        "median": 0,
        "min": 0,
        "var": 0.0163394846022
    },
    "spectral_centroid": {
        "dmean": 246.537200928,
        "dmean2": 385.757995605,
        "dvar": 70786.6171875,
        "dvar2": 155539.15625,
        "max": 11613.6982422,
        "mean": 1876.62512207,
        "median": 1868.50976562,
        "min": 472.921020508,
        "var": 287544.09375
    },
    "spectral_complexity": {
        "dmean": 3.98015618324,
        "dmean2": 6.15777730942,
        "dvar": 12.1969146729,
        "dvar2": 26.3040008545,
        "max": 55,
        "mean": 26.9587059021,
        "median": 28,
        "min": 0,
        "var": 81.8944244385
    },
    "spectral_decrease": {
        "dmean": 2.09233497195e-09,
        "dmean2": 3.30427063489e-09,
        "dvar": 5.18391897858e-18,
        "dvar2": 1.21744632807e-17,
        "max": 1.16797708514e-28,
        "mean": -7.61677831917e-09,
        "median": -7.43789385638e-09,
        "min": -2.2919088849e-08,
        "var": 1.27132465455e-17
    },
    "spectral_energy": {
        "dmean": 0.00835004635155,
        "dmean2": 0.0130974706262,
        "dvar": 7.87854369264e-05,
        "dvar2": 0.000184217860806,
        "max": 0.0901326015592,
        "mean": 0.0317622087896,
        "median": 0.03117486462,
        "min": 1.06617247857e-20,
        "var": 0.00020512919582
    },
    "spectral_energyband_high": {
        "dmean": 0.000506603042595,
        "dmean2": 0.000698073301464,
        "dvar": 9.58425061981e-07,
        "dvar2": 1.59243688813e-06,
        "max": 0.024749327451,
        "mean": 0.00164057011716,
        "median": 0.00123273010831,
        "min": 7.61826316357e-21,
        "var": 3.36164157488e-06
    },
    "spectral_energyband_low": {
        "dmean": 0.00559920119122,
        "dmean2": 0.00897517707199,
        "dvar": 6.23707746854e-05,
        "dvar2": 0.000154550987645,
        "max": 0.0692935064435,
        "mean": 0.0137306572869,
        "median": 0.0111477365717,
        "min": 8.5159024088e-23,
        "var": 0.000132701476105
    },
    "spectral_energyband_middle_high": {
        "dmean": 0.00296515366063,
        "dmean2": 0.00452459277585,
        "dvar": 1.28911115098e-05,
        "dvar2": 2.91942196782e-05,
        "max": 0.0590893477201,
        "mean": 0.00982632301748,
        "median": 0.0076244994998,
        "min": 1.40458751621e-21,
        "var": 5.8511068346e-05
    },
    "spectral_energyband_middle_low": {
        "dmean": 0.00363773619756,
        "dmean2": 0.00600073672831,
        "dvar": 2.22217404371e-05,
        "dvar2": 5.54327743885e-05,
        "max": 0.0626219436526,
        "mean": 0.0080006653443,
        "median": 0.00628926884383,
        "min": 2.28859479061e-22,
        "var": 4.19162279286e-05
    },
    "spectral_entropy": {
        "dmean": 0.0979320108891,
        "dmean2": 0.145653158426,
        "dvar": 0.00814321171492,
        "dvar2": 0.0164717547596,
        "max": 9.81334972382,
        "mean": 7.93814182281,
        "median": 7.94606494904,
        "min": 6.91853141785,
        "var": 0.0508547946811
    },
    "spectral_flux": {
        "dmean": 0.0229021739215,
        "dmean2": 0.0351019240916,
        "dvar": 0.000541568384506,
        "dvar2": 0.00113965210039,
        "max": 0.248359814286,
        "mean": 0.0943828374147,
        "median": 0.0890832394361,
        "min": 6.68958152761e-11,
        "var": 0.00143094547093
    },
    "spectral_kurtosis": {
        "dmean": 0.749158084393,
        "dmean2": 1.22309291363,
        "dvar": 0.527470707893,
        "dvar2": 1.39871895313,
        "max": 15.5125160217,
        "mean": 3.04391431808,
        "median": 2.84443736076,
        "min": -1.2175630331,
        "var": 2.25019645691
    },
    "spectral_rms": {
        "dmean": 0.000725457968656,
        "dmean2": 0.00112086336594,
        "dvar": 5.27090321611e-07,
        "dvar2": 1.1720828752e-06,
        "max": 0.009377325885,
        "mean": 0.00539542315528,
        "median": 0.005514934659,
        "min": 3.22516384259e-12,
        "var": 1.87682405794e-06
    },
    "spectral_rolloff": {
        "dmean": 541.122314453,
        "dmean2": 862.963134766,
        "dvar": 630327.375,
        "dvar2": 1239678.5,
        "max": 19681.3476562,
        "mean": 2136.82324219,
        "median": 2110.25390625,
        "min": 86.1328125,
        "var": 2248623.5
    },
    "spectral_skewness": {
        "dmean": 0.129051461816,
        "dmean2": 0.199220061302,
        "dvar": 0.0129212066531,
        "dvar2": 0.0290123205632,
        "max": 3.33861279488,
        "mean": 1.33609235287,
        "median": 1.33186876774,
        "min": -0.064899019897,
        "var": 0.0861137732863
    },
    "spectral_spread": {
        "dmean": 402581.9375,
        "dmean2": 581176.3125,
        "dvar": 386117435392,
        "dvar2": 742900695040,
        "max": 41333132,
        "mean": 4921483,
        "median": 4818235.5,
        "min": 2579765,
        "var": 1.65119944294e+12
    },
    "spectral_strongpeak": {
        "dmean": 0.619664132595,
        "dmean2": 1.08167290688,
        "dvar": 1.54035592079,
        "dvar2": 3.99424099922,
        "max": 15.7430438995,
        "mean": 0.949330031872,
        "median": 0.500426292419,
        "min": 0,
        "var": 1.78555881977
    },
    "zerocrossingrate": {
        "dmean": 0.0105112791061,
        "dmean2": 0.012692283839,
        "dvar": 0.000159114031703,
        "dvar2": 0.000204521900741,
        "max": 0.5068359375,
        "mean": 0.0804437324405,
        "median": 0.0791015625,
        "min": 0.0068359375,
        "var": 0.00133718783036
    },
    "barkbands": {
        "dmean": [1.56899677677e-05, 0.00345772434957, 0.00260477745906, 0.00147117429879, 0.00107362202834, 0.000588364782743, 0.000393998110667, 0.00056035653688, 0.00123484001961, 0.000792087928858, 0.000554008351173, 0.000511421065312, 0.000619564729277, 0.000684339669533, 0.000826612405945, 0.000525631126948, 0.000631835544482, 0.000405341997975, 0.000199754809728, 0.000152489708853, 0.000136296686833, 0.00013886425586, 0.000150275343913, 0.000108484215161, 5.81846834393e-05, 2.20948368224e-05, 5.66514017919e-07],
        "dmean2": [2.62570374616e-05, 0.00552542693913, 0.00437086215243, 0.0025299214758, 0.00180878664833, 0.000939356395975, 0.000636610144284, 0.000892569252755, 0.00200399174355, 0.00124875293113, 0.000880306470208, 0.000822708476335, 0.00101387093309, 0.00108736415859, 0.00130002817605, 0.000831867568195, 0.00100691989064, 0.000663684506435, 0.000323070446029, 0.0002500374394, 0.000216888744035, 0.000212384955375, 0.00022096754401, 0.000153175467858, 8.05537201813e-05, 3.40788610629e-05, 9.4620878599e-07],
        "dvar": [9.50748146877e-10, 3.86544634239e-05, 1.88669164345e-05, 5.4440833992e-06, 5.41405779586e-06, 1.25581425436e-06, 1.05262381567e-06, 2.17881779463e-06, 6.23125060883e-06, 3.8492398744e-06, 1.30418629851e-06, 9.35551099701e-07, 1.3123875533e-06, 1.7744497427e-06, 2.78537117993e-06, 1.01372677364e-06, 1.21957555166e-06, 4.96989400744e-07, 9.4433083575e-08, 4.90153411192e-08, 5.17187501714e-08, 8.23187633614e-08, 9.55370396127e-08, 7.99502117843e-08, 2.30899175335e-08, 1.47822831753e-09, 1.75297406799e-12],
        "dvar2": [2.43617703788e-09, 9.14781630854e-05, 5.22089285369e-05, 1.45499288919e-05, 1.42296266858e-05, 3.12417614623e-06, 2.5275551252e-06, 5.1368028835e-06, 1.57172926265e-05, 9.65699564404e-06, 3.01517570733e-06, 2.26306315199e-06, 3.21872562381e-06, 4.20207106799e-06, 6.46754369882e-06, 2.32363504438e-06, 2.78985839941e-06, 1.3186634078e-06, 2.38914935835e-07, 1.26381053178e-07, 1.16127424121e-07, 1.57698693215e-07, 1.82097338097e-07, 1.49976926878e-07, 3.73631863226e-08, 3.60773522168e-09, 4.57924540301e-12],
        "max": [0.000458470807644, 0.0649343803525, 0.0439615547657, 0.0310013704002, 0.0531301386654, 0.0211776681244, 0.0216160919517, 0.0233573615551, 0.0366600900888, 0.0420630797744, 0.0228272024542, 0.0165075697005, 0.0182820484042, 0.0207764450461, 0.0404934510589, 0.0226741656661, 0.0360433273017, 0.0246117319912, 0.00901812966913, 0.0071966368705, 0.00750766973943, 0.0110344300047, 0.00808391813189, 0.00928122457117, 0.00564390607178, 0.000615241646301, 2.47089192271e-05],
        "mean": [2.21730515477e-05, 0.0068627637811, 0.00555555289611, 0.00199009873904, 0.00139060756192, 0.000950902351178, 0.00061116082361, 0.000764784985222, 0.00195686914958, 0.00124990695622, 0.00090894929599, 0.000837095256429, 0.000954109767918, 0.00109683931805, 0.0013894175645, 0.000993348308839, 0.00119997572619, 0.000791214115452, 0.000407945917686, 0.000346099579474, 0.000340852449881, 0.000331673451001, 0.000371858419385, 0.000261501845671, 0.000135586538818, 4.0290189645e-05, 5.74123873776e-07],
        "median": [5.25176710653e-06, 0.00270093185827, 0.00380612490699, 0.00103196082637, 0.000662934617139, 0.000431282678619, 0.000159701536177, 0.000184336706297, 0.000685348408297, 0.000303689797875, 0.000355046475306, 0.000394136150135, 0.00048329171841, 0.00051130639622, 0.000586707494222, 0.000520966830663, 0.000649462279398, 0.000533934507985, 0.000276343926089, 0.000276226084679, 0.000262338522589, 0.000238458727836, 0.000239845874603, 0.000145939789945, 8.00592606538e-05, 2.63059482677e-05, 1.44440321037e-07],
        "min": [4.35523242683e-24, 3.20575401398e-23, 2.14750184279e-23, 4.84586091695e-24, 1.50898583542e-23, 1.2642001666e-23, 1.4826184752e-23, 2.49522115907e-23, 4.9754508055e-23, 4.37683916925e-23, 2.52299979144e-23, 8.10844691601e-23, 6.74803482794e-23, 6.18152541291e-23, 8.14468024402e-23, 1.28697974008e-22, 1.14503501181e-22, 1.04338094406e-22, 2.36105690279e-22, 2.31285283143e-22, 4.37711829979e-22, 3.75340422601e-22, 5.37055141123e-22, 5.52114735617e-22, 9.86764674568e-22, 1.55642594864e-21, 2.36438491132e-21],
        "var": [1.52749579652e-09, 9.86789891613e-05, 3.40124934155e-05, 7.18072078598e-06, 5.57765997655e-06, 2.37190079133e-06, 2.22528365157e-06, 3.79147013518e-06, 1.19537080536e-05, 7.62975469115e-06, 2.88489741251e-06, 1.92989887182e-06, 2.20331048695e-06, 3.20753065353e-06, 5.88976445215e-06, 2.43154136115e-06, 2.74091394203e-06, 8.42966812797e-07, 2.09910481885e-07, 1.02114249501e-07, 1.24044362337e-07, 2.24601009791e-07, 2.70307936034e-07, 2.16705743128e-07, 6.34235419739e-08, 2.07933137375e-09, 1.60718942495e-12]
    },
    "erbbands": {
        "dmean": [0.0580218993127, 0.922909617424, 2.76438570023, 4.1100487709, 4.05651712418, 3.48912525177, 4.02312326431, 4.9738650322, 4.42703342438, 7.77405738831, 15.7389745712, 24.8586750031, 27.1682701111, 24.429599762, 18.6788101196, 18.625038147, 23.5930690765, 33.2492790222, 36.8219795227, 31.5834522247, 29.4795780182, 35.6521034241, 23.3477268219, 13.1007661819, 7.45996809006, 6.58277368546, 5.61722040176, 5.69363021851, 5.14387464523, 4.62449550629, 3.92330217361, 3.05209469795, 1.54428231716, 0.862194478512, 0.305954694748, 0.135083571076, 0.032586582005, 0.00394890457392, 8.092266944e-05, 1.18951693366e-05],
        "dmean2": [0.0886536985636, 1.49165081978, 4.63677072525, 6.97913551331, 6.92554807663, 5.95203733444, 6.42831754684, 7.97404336929, 7.0995388031, 12.2664308548, 25.199546814, 40.3532524109, 43.6516227722, 38.1090354919, 29.5607700348, 29.9977912903, 38.238445282, 52.5632858276, 57.5523262024, 49.1889610291, 46.5476799011, 56.4063453674, 37.2677993774, 21.2621974945, 12.1749191284, 10.7495298386, 9.04135513306, 9.07044315338, 7.97679376602, 6.8945479393, 5.81588220596, 4.47825717926, 2.14962434769, 1.20183598995, 0.450441747904, 0.208014756441, 0.0506026186049, 0.00612662313506, 0.000123295132653, 1.79276012204e-05],
        "dvar": [0.0125637808815, 2.64265990257, 19.9288482666, 40.6851577759, 64.5269927979, 66.2533874512, 94.8869247437, 101.186828613, 85.8255004883, 520.316467285, 1563.91149902, 2726.96069336, 4653.66455078, 3028.9140625, 1775.29504395, 1266.33630371, 2001.2253418, 4218.34082031, 5595.04199219, 4114.6171875, 3296.75537109, 3565.40795898, 1523.33898926, 373.757751465, 97.4814147949, 114.098770142, 78.2804489136, 106.046096802, 116.331787109, 99.6964950562, 60.0248908997, 50.7417869568, 18.0038719177, 6.26522541046, 0.385921865702, 0.0484137758613, 0.0039696553722, 6.70689914841e-05, 2.58940318076e-08, 1.60291238616e-10],
        "dvar2": [0.0280107874423, 6.3518948555, 55.4538116455, 111.429443359, 166.603820801, 177.390487671, 219.780517578, 264.463806152, 203.765045166, 1215.89575195, 3813.87255859, 6683.81689453, 11995.4316406, 7344.07080078, 4260.79833984, 2990.52075195, 4908.66455078, 9856.52929688, 12829.4199219, 9564.23339844, 7749.80224609, 8285.68554688, 3863.90039062, 931.772033691, 248.883255005, 286.70211792, 188.683349609, 234.831695557, 241.743545532, 189.287719727, 116.366020203, 101.884391785, 31.8100547791, 10.0831575394, 0.743847846985, 0.115950025618, 0.00979471951723, 0.000165364966961, 6.31573868759e-08, 3.49109935405e-10],
        "max": [1.2438659668, 16.8350048065, 43.5049095154, 71.0944900513, 140.101287842, 221.477127075, 262.486694336, 243.466491699, 191.231658936, 442.767974854, 704.488525391, 915.119873047, 1248.63415527, 1489.89685059, 992.398803711, 711.946472168, 752.698730469, 1046.79040527, 2424.79443359, 1092.51928711, 1524.58813477, 1649.00671387, 1215.30151367, 489.568908691, 300.915252686, 367.885864258, 267.986236572, 363.825012207, 427.85748291, 311.78704834, 175.446533203, 201.85697937, 130.361206055, 93.3767089844, 18.9781532288, 4.06215429306, 1.18827688694, 0.138483151793, 0.00261187064461, 0.000171514882823],
        "mean": [0.12274403125, 1.84215188026, 5.94597053528, 7.38645839691, 5.14605569839, 4.48821640015, 6.06923389435, 7.73431015015, 7.17390060425, 12.0763111115, 24.0997600555, 40.0732917786, 43.081035614, 43.420124054, 33.8038787842, 32.8087310791, 40.0878829956, 57.735496521, 65.3553390503, 60.2323226929, 60.3115577698, 70.9999160767, 48.6302070618, 29.0165958405, 17.5989017487, 15.3828725815, 13.394071579, 13.6477031708, 12.2589378357, 10.9626913071, 9.77075958252, 7.25314712524, 3.63828635216, 1.96323525906, 0.69955354929, 0.254525601864, 0.0581456534564, 0.00616062246263, 0.000152545384481, 4.76342356706e-05],
        "median": [0.0262643918395, 0.827162325382, 4.4544839859, 5.23191070557, 2.54331493378, 2.02134513855, 2.49406480789, 3.46480178833, 3.0632610321, 2.91433811188, 7.3026843071, 14.4528846741, 14.1506681442, 14.4281797409, 14.5872192383, 16.6685676575, 22.4485626221, 29.2699241638, 30.3988647461, 30.1030349731, 32.4794006348, 40.6964950562, 32.0179367065, 21.1957454681, 13.6536006927, 12.208533287, 10.2506713867, 10.438577652, 9.08683204651, 7.38170909882, 6.40062904358, 4.22594928741, 1.94910979271, 1.09094774723, 0.460670948029, 0.1724614501, 0.0358362495899, 0.00317033566535, 9.37239237828e-05, 4.58120994153e-05],
        "min": [9.36537888111e-22, 8.02847689274e-21, 2.46741805182e-20, 2.32367635646e-20, 2.36007294965e-20, 4.883040057e-20, 2.01856419592e-19, 5.98474995952e-20, 1.66444416903e-19, 6.67403594504e-19, 8.66361314736e-19, 1.20320875061e-18, 1.19423435795e-18, 7.67145859947e-19, 1.32266955429e-18, 3.05208470208e-18, 3.62679903834e-18, 3.60532418886e-18, 3.37461710537e-18, 5.81585312012e-18, 7.72598768961e-18, 7.03797111614e-18, 7.53109897421e-18, 1.12079928976e-17, 1.1949721617e-17, 1.04510399191e-17, 1.86055501794e-17, 1.43060572612e-17, 1.53728257751e-17, 1.45262246162e-17, 1.69099887423e-17, 1.12756695066e-17, 1.04329800848e-17, 1.00348597103e-17, 7.67397539988e-18, 4.9868833159e-18, 3.18311858971e-18, 1.36810761931e-18, 2.94833950286e-19, 3.39381736326e-20],
        "var": [0.0454122461379, 6.20244503021, 32.6184806824, 59.0182685852, 68.2406997681, 66.2082366943, 170.660247803, 171.17414856, 173.668136597, 1114.72937012, 2833.66943359, 5480.33886719, 7314.32861328, 7563.33935547, 3385.95654297, 2703.69262695, 3384.14306641, 8053.55419922, 11419.4355469, 9101.41894531, 8253.73925781, 8464.35644531, 3181.48413086, 873.245727539, 256.723999023, 228.410766602, 179.158279419, 236.720108032, 284.659057617, 263.153930664, 176.842102051, 137.47555542, 49.4958953857, 17.0789222717, 0.913665533066, 0.0765560939908, 0.00523654744029, 8.01250207587e-05, 3.31157608002e-08, 4.61886612291e-10]
    },
    "gfcc": {
        "mean": [41.4404525757, 61.9252853394, -130.823440552, 43.6940917969, -53.0137519836, 31.6892929077, -39.2784080505, 15.1616325378, -22.8961982727, -0.914797484875, -24.3918685913, -0.916985034943, -15.4895105362],
        "cov": [[3136.4309082, 68.0148391724, 55.3884811401, 249.536315918, -23.0399742126, 124.446868896, -202.990081787, 36.7846031189, -30.8184127808, -17.9072246552, -97.8668746948, -41.9640388489, -116.640205383], [68.0148391724, 656.421936035, 218.733673096, 147.306442261, 238.890136719, 54.2078857422, 113.191162109, 35.8119506836, 77.8820419312, 14.0676250458, 54.6780967712, -6.64155912399, 21.6526222229], [55.3884811401, 218.733673096, 752.71472168, 405.67401123, 225.809341431, 110.594932556, 36.4869766235, 22.6545791626, 26.5899543762, 100.477844238, 36.6460456848, 20.6165885925, -17.7273311615], [249.536315918, 147.306442261, 405.67401123, 470.545013428, 199.215637207, 95.8803482056, 0.193136259913, 5.12434434891, 43.7514152527, 46.1628761292, 32.0426063538, -13.6266031265, 8.11462783813], [-23.0399742126, 238.890136719, 225.809341431, 199.215637207, 332.573822021, 120.420295715, 66.4564743042, 30.8818359375, 48.3120422363, 44.4113616943, 28.0938968658, 23.0272121429, 26.1789417267], [124.446868896, 54.2078857422, 110.594932556, 95.8803482056, 120.420295715, 189.047103882, 97.0230178833, 26.2866592407, -5.37190341949, 3.14492511749, 25.6894073486, 1.58353579044, 14.5204668045], [-202.990081787, 113.191162109, 36.4869766235, 0.193136259913, 66.4564743042, 97.0230178833, 226.884552002, 68.0822677612, -2.46381616592, -2.94356989861, 32.2212905884, 17.4516887665, 26.7948322296], [36.7846031189, 35.8119506836, 22.6545791626, 5.12434434891, 30.8818359375, 26.2866592407, 68.0822677612, 105.632019043, 55.2299118042, 7.03649091721, 3.7810151577, 0.470843493938, 7.79308319092], [-30.8184127808, 77.8820419312, 26.5899543762, 43.7514152527, 48.3120422363, -5.37190341949, -2.46381616592, 55.2299118042, 121.104660034, 41.3470497131, 8.18776702881, -12.2766122818, 8.22863006592], [-17.9072246552, 14.0676250458, 100.477844238, 46.1628761292, 44.4113616943, 3.14492511749, -2.94356989861, 7.03649091721, 41.3470497131, 90.5726013184, 38.6170921326, 20.0167560577, -1.33540058136], [-97.8668746948, 54.6780967712, 36.6460456848, 32.0426063538, 28.0938968658, 25.6894073486, 32.2212905884, 3.7810151577, 8.18776702881, 38.6170921326, 88.1407318115, 40.389415741, 19.4515132904], [-41.9640388489, -6.64155912399, 20.6165885925, -13.6266031265, 23.0272121429, 1.58353579044, 17.4516887665, 0.470843493938, -12.2766122818, 20.0167560577, 40.389415741, 85.9922866821, 34.2392845154], [-116.640205383, 21.6526222229, -17.7273311615, 8.11462783813, 26.1789417267, 14.5204668045, 26.7948322296, 7.79308319092, 8.22863006592, -1.33540058136, 19.4515132904, 34.2392845154, 81.4526367188]],
        "icov": [[0.000680651515722, -0.000852280703839, 0.000773237028625, -0.0010304535972, 0.00102660607081, -0.00158963236026, 0.00151748035569, -0.00173343566712, 0.00142441689968, -0.00147128070239, 0.00191416568123, -0.00139999925159, 0.00105564843398], [-0.000852280703839, 0.00419417954981, -0.00206733075902, 0.00206274795346, -0.00364416418597, 0.00372548075393, -0.00351945543662, 0.00382707105018, -0.00432840362191, 0.00514364847913, -0.00544735323638, 0.00363004952669, -0.001395584899], [0.000773237028625, -0.00206733075902, 0.00453606666997, -0.00404167547822, 0.00163053069264, -0.00268570357002, 0.00198433571495, -0.00347081292421, 0.00399413984269, -0.00586195476353, 0.00467523932457, -0.00356252794154, 0.00256218551658], [-0.0010304535972, 0.00206274795346, -0.00404167547822, 0.00702467188239, -0.00354533898644, 0.00219848286361, -0.00157255737577, 0.0039016273804, -0.00407114811242, 0.00485569192097, -0.00586196128279, 0.00518116820604, -0.00299900933169], [0.00102660607081, -0.00364416418597, 0.00163053069264, -0.00354533898644, 0.00888759642839, -0.00624018721282, 0.00275068217888, -0.00307067343965, 0.00193576526362, -0.00550386868417, 0.00664473883808, -0.00561202596873, 0.00127822486684], [-0.00158963236026, 0.00372548075393, -0.00268570357002, 0.00219848286361, -0.00624018721282, 0.0139048397541, -0.00716089596972, 0.00419599749148, -0.00264059985057, 0.00618434371427, -0.00820033252239, 0.00659262249246, -0.0030340384692], [0.00151748035569, -0.00351945543662, 0.00198433571495, -0.00157255737577, 0.00275068217888, -0.00716089596972, 0.0122228795663, -0.0102233504876, 0.00722578400746, -0.00449425308034, 0.00333687313832, -0.00306819798425, 0.000736122543458], [-0.00173343566712, 0.00382707105018, -0.00347081292421, 0.0039016273804, -0.00307067343965, 0.00419599749148, -0.0102233504876, 0.0235097892582, -0.0154096018523, 0.00874456390738, -0.00489673344418, 0.00218999944627, -0.00134215783328], [0.00142441689968, -0.00432840362191, 0.00399413984269, -0.00407114811242, 0.00193576526362, -0.00264059985057, 0.00722578400746, -0.0154096018523, 0.0228464473039, -0.0140784746036, 0.00606989301741, 0.000989553751424, -0.000993186258711], [-0.00147128070239, 0.00514364847913, -0.00586195476353, 0.00485569192097, -0.00550386868417, 0.00618434371427, -0.00449425308034, 0.00874456390738, -0.0140784746036, 0.0279807392508, -0.015123039484, 0.00244330754504, 0.000539940723684], [0.00191416568123, -0.00544735323638, 0.00467523932457, -0.00586196128279, 0.00664473883808, -0.00820033252239, 0.00333687313832, -0.00489673344418, 0.00606989301741, -0.015123039484, 0.0280304532498, -0.0136586166918, 0.00267418893054], [-0.00139999925159, 0.00363004952669, -0.00356252794154, 0.00518116820604, -0.00561202596873, 0.00659262249246, -0.00306819798425, 0.00218999944627, 0.000989553751424, 0.00244330754504, -0.0136586166918, 0.0249022468925, -0.0100990459323], [0.00105564843398, -0.001395584899, 0.00256218551658, -0.00299900933169, 0.00127822486684, -0.0030340384692, 0.000736122543458, -0.00134215783328, -0.000993186258711, 0.000539940723684, 0.00267418893054, -0.0100990459323, 0.0187482535839]]
    },
    "melbands": {
        "dmean": [0.000767738267314, 0.00134011043701, 0.000687501800712, 0.000270407734206, 0.000131624241476, 0.000109096916276, 7.18497976777e-05, 8.5855506768e-05, 0.000144675839692, 0.000167968682945, 0.000139034105814, 0.000102621459519, 6.59430661472e-05, 5.37518717465e-05, 5.90469207964e-05, 6.52830422041e-05, 6.42312443233e-05, 5.99765917286e-05, 6.65671250317e-05, 3.38723657478e-05, 3.72219074052e-05, 4.11554647144e-05, 2.94099536404e-05, 1.67971502378e-05, 1.15392149382e-05, 6.67259882903e-06, 6.13324436927e-06, 4.60928595203e-06, 4.05165837947e-06, 3.34767719323e-06, 3.6382473354e-06, 3.14793442158e-06, 3.12072029374e-06, 2.76567516266e-06, 2.35960601458e-06, 2.85820101453e-06, 1.78092886927e-06, 1.2471887203e-06, 9.51011713823e-07, 7.00961777511e-07],
        "dmean2": [0.00119901180733, 0.00221718521789, 0.00116735720076, 0.000457880785689, 0.000212235376239, 0.000174789820448, 0.00011538216495, 0.000134809437441, 0.000231803569477, 0.000272785546258, 0.000223199182074, 0.00015977586736, 0.000103734120785, 8.51639124448e-05, 9.64886785368e-05, 0.000106978230178, 0.000101550613181, 9.49501045397e-05, 0.000105726438051, 5.30486213393e-05, 5.96653844696e-05, 6.57941855025e-05, 4.63565120299e-05, 2.76377359114e-05, 1.88235371752e-05, 1.08969070425e-05, 1.02352960312e-05, 7.53209951654e-06, 6.57347845845e-06, 5.34785522177e-06, 5.86562464377e-06, 4.99189309267e-06, 4.83130452267e-06, 4.22481207352e-06, 3.57684916708e-06, 4.35754645878e-06, 2.6579484711e-06, 1.78844015863e-06, 1.33817263759e-06, 1.00171496342e-06],
        "dvar": [2.04170419238e-06, 4.17173987444e-06, 1.09434120077e-06, 3.34967921845e-07, 9.72977218794e-08, 4.42212311214e-08, 2.49701184174e-08, 5.60913946401e-08, 1.19273366295e-07, 1.24609854879e-07, 1.19209360605e-07, 5.70618468032e-08, 1.84856965291e-08, 1.17746568051e-08, 1.60580331254e-08, 1.42665026459e-08, 1.80549530882e-08, 1.57730273287e-08, 2.01662828658e-08, 4.47050396701e-09, 5.71174707531e-09, 4.99909580398e-09, 4.10729583677e-09, 5.55576584738e-10, 3.22741694481e-10, 1.06640744846e-10, 7.17690143426e-11, 6.48575360085e-11, 3.73660546948e-11, 3.05153055602e-11, 4.56303710095e-11, 3.88784594796e-11, 4.75319228421e-11, 3.81048595455e-11, 2.13687366413e-11, 3.32850448592e-11, 2.20826707614e-11, 1.21974210246e-11, 8.5970683697e-12, 3.50824404249e-12],
        "dvar2": [4.66267601951e-06, 1.11470280899e-05, 2.95735890177e-06, 8.78589503372e-07, 2.34953077438e-07, 1.14886397284e-07, 5.91209783352e-08, 1.29609617261e-07, 2.93051584777e-07, 3.09829829348e-07, 3.07092108187e-07, 1.39919592357e-07, 4.32597708766e-08, 2.82625318704e-08, 3.92780492575e-08, 3.47787931787e-08, 4.21621244584e-08, 3.67094230569e-08, 4.75788546339e-08, 9.90025483816e-09, 1.39520537346e-08, 1.16648344317e-08, 9.58497015091e-09, 1.45835576948e-09, 8.09334932406e-10, 2.69681554865e-10, 1.97533170376e-10, 1.6600106012e-10, 9.36235533544e-11, 6.9983907558e-11, 1.06386288667e-10, 9.08983791015e-11, 9.22540932535e-11, 7.82717710091e-11, 4.37827135658e-11, 7.15784306826e-11, 4.75545089418e-11, 2.37967544975e-11, 1.40210915794e-11, 6.1179542335e-12],
        "max": [0.0149985635653, 0.0176104884595, 0.0106659382582, 0.00967446248978, 0.00937290955335, 0.00484646065161, 0.00357019109651, 0.00465683732182, 0.00617766939104, 0.00632387492806, 0.00604795943946, 0.00579129252583, 0.00310716149397, 0.00198606983759, 0.00332286045887, 0.00219821673818, 0.00220885267481, 0.0035119690001, 0.00333378626965, 0.00133608223405, 0.00218453397974, 0.00230477727018, 0.00225656339899, 0.000431015301729, 0.000489371886943, 0.000341516337357, 0.000150502368342, 0.000272944540484, 0.000153178858454, 0.000188564736163, 0.000231262878515, 0.000211063801544, 0.000297532184049, 0.000191924336832, 0.000112394598546, 0.000129236126668, 0.000162240452482, 0.000125383870909, 0.000126498096506, 5.9948382841e-05],
        "mean": [0.0015690845903, 0.00299512920901, 0.00123350624926, 0.000342728017131, 0.000199786372832, 0.000173383581568, 0.000117085961392, 0.000129186242702, 0.000218892309931, 0.000266810995527, 0.000214850821067, 0.00017689075321, 0.00011488427117, 8.93448814168e-05, 9.07023422769e-05, 0.000102173537016, 0.000104673403257, 9.68715030467e-05, 0.000110658598715, 6.26615583315e-05, 7.01194512658e-05, 7.54728971515e-05, 5.53448189748e-05, 3.39032521879e-05, 2.29531106015e-05, 1.35440868689e-05, 1.25672668219e-05, 9.47036096477e-06, 8.45823888085e-06, 7.65456297813e-06, 7.88580473454e-06, 6.84481074131e-06, 6.575529369e-06, 6.01581132287e-06, 5.4789720707e-06, 5.99351733399e-06, 3.85133171221e-06, 2.65998437499e-06, 2.04968000617e-06, 1.49810546191e-06],
        "median": [0.000500314810779, 0.00245337327942, 0.00091063202126, 0.000156374502694, 9.03873224161e-05, 8.0711542978e-05, 4.55996560049e-05, 2.96245762001e-05, 6.04626220593e-05, 8.97626450751e-05, 6.32065202808e-05, 5.15803731105e-05, 4.76673958474e-05, 3.91267167288e-05, 3.99265263695e-05, 5.06788710481e-05, 4.81585084344e-05, 4.15065151174e-05, 4.60834889964e-05, 3.18580205203e-05, 3.50250738848e-05, 4.05556565966e-05, 3.0704512028e-05, 2.34629333136e-05, 1.55900324899e-05, 9.02026022231e-06, 9.13155145099e-06, 7.04367539583e-06, 6.24548374617e-06, 5.81253698329e-06, 5.8111004364e-06, 5.03495402882e-06, 4.33707555203e-06, 3.85872408515e-06, 3.56057353201e-06, 3.44566592503e-06, 2.07127413887e-06, 1.38827022056e-06, 1.04069169993e-06, 8.37633137962e-07],
        "min": [1.03780087333e-23, 1.56222085143e-23, 3.57780684929e-24, 3.31474934753e-24, 5.78968408068e-24, 1.68364689735e-24, 2.61590003539e-24, 6.71641854504e-24, 8.67623381239e-24, 7.59189401107e-24, 5.65597965142e-24, 2.47833097656e-24, 3.94993778183e-24, 7.20189616788e-24, 6.13019510155e-24, 6.47728798339e-24, 5.73328723127e-24, 5.3435978327e-24, 5.58205667928e-24, 6.93856572025e-24, 8.53553494792e-24, 7.20895173982e-24, 9.64517036303e-24, 4.54188480561e-24, 6.87253017388e-24, 7.65518668808e-24, 7.62326543155e-24, 5.88373838868e-24, 1.16741072006e-23, 8.90082330097e-24, 6.56913150871e-24, 7.65670287874e-24, 9.2315690127e-24, 6.88592897635e-24, 8.89064857301e-24, 8.48714858658e-24, 6.47714796058e-24, 7.09292213358e-24, 7.80578654577e-24, 8.6562795758e-24],
        "var": [6.12598887528e-06, 6.96701499692e-06, 1.49142636019e-06, 3.50866685039e-07, 1.54892290993e-07, 7.7773293583e-08, 5.1465789852e-08, 1.1929573418e-07, 2.23922370424e-07, 2.54754297657e-07, 1.92314303149e-07, 1.40385296277e-07, 3.90045258314e-08, 2.53598173572e-08, 2.84616668011e-08, 2.53269263339e-08, 3.22364392957e-08, 2.89857098323e-08, 4.11773726228e-08, 1.05964357289e-08, 1.26463515215e-08, 1.08931992315e-08, 7.37282279673e-09, 1.26186505689e-09, 6.75017042262e-10, 2.43795567068e-10, 1.52837492662e-10, 1.12299475274e-10, 7.67410093805e-11, 6.84851758637e-11, 9.04385386025e-11, 8.27046139906e-11, 1.18076326494e-10, 8.64894475483e-11, 5.72662160747e-11, 8.19208659242e-11, 5.0042549965e-11, 2.80436524697e-11, 2.34717835446e-11, 8.92696767202e-12]
    },
    "mfcc": {
        "mean": [-592.695983887, 86.0668869019, -10.2797794342, 16.7668132782, 12.0197715759, 14.1797351837, 0.733369231224, 13.4317884445, 5.26858568192, 3.84590697289, -0.127825751901, -0.38359349966, -6.42286396027],
        "cov": [[1961.40527344, -130.786727905, 58.7359771729, 24.5749473572, 130.168045044, 13.007183075, -87.4109649658, 20.1350517273, -39.8487739563, 23.6728515625, -14.2633934021, -21.4871807098, -71.5861663818], [-130.786727905, 592.76953125, 21.6912326813, 94.170173645, 101.362167358, 70.147605896, 82.7729492188, 66.1358642578, 65.2967910767, 11.4686193466, 65.4368743896, 50.1117897034, 33.1862335205], [58.7359771729, 21.6912326813, 547.562316895, 280.660552979, 178.976516724, 124.805358887, 70.6941833496, -3.06633925438, 16.3117275238, 36.9733886719, 28.9552955627, 64.2929916382, 46.1698112488], [24.5749473572, 94.170173645, 280.660552979, 372.028900146, 217.922302246, 118.37563324, 42.4852905273, 10.2551612854, 38.5787811279, 41.6013412476, 23.1243057251, 49.2220802307, 50.6807899475], [130.168045044, 101.362167358, 178.976516724, 217.922302246, 330.183532715, 138.119232178, 18.5018024445, 6.93711328506, 43.0184593201, 40.0576248169, 26.7924804688, 42.3342590332, 26.6353607178], [13.007183075, 70.147605896, 124.805358887, 118.37563324, 138.119232178, 191.799972534, 116.944099426, 35.2894515991, 22.1080627441, 21.8887710571, 19.1427497864, 22.277639389, 15.1483650208], [-87.4109649658, 82.7729492188, 70.6941833496, 42.4852905273, 18.5018024445, 116.944099426, 214.632064819, 90.7228927612, 28.4542102814, 12.8813276291, 15.4521417618, 11.1765031815, 15.327662468], [20.1350517273, 66.1358642578, -3.06633925438, 10.2551612854, 6.93711328506, 35.2894515991, 90.7228927612, 122.586845398, 54.8631820679, 19.5373649597, 15.5780553818, 4.03532123566, 0.982268810272], [-39.8487739563, 65.2967910767, 16.3117275238, 38.5787811279, 43.0184593201, 22.1080627441, 28.4542102814, 54.8631820679, 106.296897888, 50.2334518433, 17.3349761963, 4.51395511627, 7.34784460068], [23.6728515625, 11.4686193466, 36.9733886719, 41.6013412476, 40.0576248169, 21.8887710571, 12.8813276291, 19.5373649597, 50.2334518433, 93.1722946167, 36.3668212891, 4.57675886154, -0.403619498014], [-14.2633934021, 65.4368743896, 28.9552955627, 23.1243057251, 26.7924804688, 19.1427497864, 15.4521417618, 15.5780553818, 17.3349761963, 36.3668212891, 89.0780792236, 40.6867675781, 2.93082404137], [-21.4871807098, 50.1117897034, 64.2929916382, 49.2220802307, 42.3342590332, 22.277639389, 11.1765031815, 4.03532123566, 4.51395511627, 4.57675886154, 40.6867675781, 83.3828811646, 39.5228424072], [-71.5861663818, 33.1862335205, 46.1698112488, 50.6807899475, 26.6353607178, 15.1483650208, 15.327662468, 0.982268810272, 7.34784460068, -0.403619498014, 2.93082404137, 39.5228424072, 84.4738540649]],
