{
"lowlevel": {
    "average_loudness": 0.924418628216,
    "barkbands_crest": {
        "dmean": 2.46338796616,
        "dmean2": 4.05088186264,
        "dvar": 4.50450754166,
        "dvar2": 11.896689415,
        "max": 25.3152370453,
        "mean": 9.24230480194,
        "median": 8.61445140839,
        "min": 2.42640018463,
        "var": 12.1394739151
    },
    "barkbands_flatness_db": {
        "dmean": 0.0173700097948,
        "dmean2": 0.0277732890099,
        "dvar": 0.000228583914577,
        "dvar2": 0.000573755591176,
        "max": 0.459866464138,
        "mean": 0.15071336925,
        "median": 0.143867343664,
        "min": 0.0453235283494,
        "var": 0.00173728703521
    },
    "barkbands_kurtosis": {
        "dmean": 1.80165791512,
        "dmean2": 2.80664515495,
        "dvar": 17.4918613434,
        "dvar2": 41.6137428284,
        "max": 252.383117676,
        "mean": 2.41864728928,
        "median": 0.82350730896,
        "min": -1.83757138252,
        "var": 45.2578582764
    },
    "barkbands_skewness": {
        "dmean": 0.447483569384,
        "dmean2": 0.689972221851,
        "dvar": 0.198427066207,
        "dvar2": 0.44688552618,
        "max": 12.9591684341,
        "mean": 1.28789651394,
        "median": 1.15429294109,
        "min": -3.29393267632,
        "var": 0.979318022728
    },
    "barkbands_spread": {
        "dmean": 5.11331367493,
        "dmean2": 7.94486284256,
        "dvar": 32.2526054382,
        "dvar2": 72.8250579834,
        "max": 112.827026367,
        "mean": 25.3954715729,
        "median": 24.1750640869,
        "min": 0.342053234577,
        "var": 181.925857544
    },
    "dissonance": {
        "dmean": 0.0164607986808,
        "dmean2": 0.0281925089657,
        "dvar": 0.000302065513097,
        "dvar2": 0.000858326966409,
        "max": 0.500000119209,
        "mean": 0.470831245184,
        "median": 0.478087067604,
        "min": 0.283190906048,
        "var": 0.000602988235187
    },
    "dynamic_complexity": 2.44336342812,
    "erbbands_crest": {
        "dmean": 2.67118358612,
        "dmean2": 4.29851770401,
        "dvar": 6.78763628006,
        "dvar2": 16.2845592499,
        "max": 31.4854221344,
        "mean": 9.32162952423,
        "median": 8.30119895935,
        "min": 2.11858558655,
        "var": 22.7040500641
    },
    "erbbands_flatness_db": {
        "dmean": 0.0133734373376,
        "dmean2": 0.0201506558806,
        "dvar": 0.000162850905326,
        "dvar2": 0.000345405802364,
        "max": 0.340875953436,
        "mean": 0.174904450774,
        "median": 0.165021926165,
        "min": 0.0772529616952,
        "var": 0.00259310938418
    },
    "erbbands_kurtosis": {
        "dmean": 0.771130561829,
        "dmean2": 1.22610318661,
        "dvar": 0.961815714836,
        "dvar2": 2.26198911667,
        "max": 21.3506622314,
        "mean": 0.328370422125,
        "median": -0.192357063293,
        "min": -1.7483549118,
        "var": 3.0298833847
    },
    "erbbands_skewness": {
        "dmean": 0.319458246231,
        "dmean2": 0.489491581917,
        "dvar": 0.0832661911845,
        "dvar2": 0.193532302976,
        "max": 3.87413811684,
        "mean": 0.208643823862,
        "median": 0.195853322744,
        "min": -3.12615394592,
        "var": 0.54291009903
    },
    "erbbands_spread": {
        "dmean": 7.13674259186,
        "dmean2": 10.9027996063,
        "dvar": 53.6846008301,
        "dvar2": 112.800186157,
        "max": 156.260955811,
        "mean": 40.2059593201,
        "median": 36.0749816895,
        "min": 5.03768205643,
        "var": 417.067871094
    },
    "hfc": {
        "dmean": 6.38695192337,
        "dmean2": 9.25348758698,
        "dvar": 78.5355377197,
        "dvar2": 156.300872803,
        "max": 245.093719482,
        "mean": 26.2361869812,
        "median": 23.211233139,
        "min": 1.18159799123e-16,
        "var": 357.178619385
    },
    "melbands_crest": {
        "dmean": 3.32909178734,
        "dmean2": 5.48307037354,
        "dvar": 8.24720001221,
        "dvar2": 22.1902637482,
        "max": 37.7137565613,
        "mean": 13.7194128036,
        "median": 12.8801841736,
        "min": 2.89381527901,
        "var": 24.6708583832
    },
    "melbands_flatness_db": {
        "dmean": 0.0213503856212,
        "dmean2": 0.0333526283503,
        "dvar": 0.000371371512301,
        "dvar2": 0.000904993503354,
        "max": 0.582273542881,
        "mean": 0.169575706124,
        "median": 0.160340994596,
        "min": 0.00903260521591,
        "var": 0.0028512571007
    },
    "melbands_kurtosis": {
        "dmean": 5.31566476822,
        "dmean2": 8.27572822571,
        "dvar": 87.4947357178,
        "dvar2": 192.764434814,
        "max": 398.781555176,
        "mean": 11.0061435699,
        "median": 6.06217336655,
        "min": -1.79532790184,
        "var": 312.484832764
    },
    "melbands_skewness": {
        "dmean": 0.651460468769,
        "dmean2": 1.00807225704,
        "dvar": 0.428653746843,
        "dvar2": 0.964810490608,
        "max": 15.6841058731,
        "mean": 2.46208071709,
        "median": 2.19479036331,
        "min": -1.18000864983,
        "var": 2.51796412468
    },
    "melbands_spread": {
        "dmean": 7.13268566132,
        "dmean2": 11.2558231354,
        "dvar": 84.8481369019,
        "dvar2": 193.023040771,
        "max": 212.475387573,
        "mean": 26.6634082794,
        "median": 24.0904064178,
        "min": 0.334941864014,
        "var": 266.094116211
    },
    "pitch_salience": {
        "dmean": 0.0681147426367,
        "dmean2": 0.11291833967,
        "dvar": 0.0034375868272,
        "dvar2": 0.00911508593708,
        "max": 0.870439529419,
        "mean": 0.55896794796,
        "median": 0.557811021805,
        "min": 0.0722548663616,
        "var": 0.012407803908
    },
    "silence_rate_20dB": {
        "dmean": 0,
        "dmean2": 0,
        "dvar": 0,
        "dvar2": 0,
        "max": 1,
        "mean": 1,
        "median": 1,
        "min": 1,
        "var": 0
    },
    "silence_rate_30dB": {
        "dmean": 0.000230707111768,
        "dmean2": 0.000461467454443,
        "dvar": 0.000230605684919,
        "dvar2": 0.000691795488819,
        "max": 1,
        "mean": 0.999884665012,
        "median": 1,
        "min": 0,
        "var": 0.000115314905997
    },
    "silence_rate_60dB": {
        "dmean": 0.00807474926114,
        "dmean2": 0.0161513611674,
        "dvar": 0.00801090709865,
        "dvar2": 0.0177349802107,
        "max": 1,
        "mean": 0.0364475212991,
        "median": 0,
        "min": 0,
        "var": 0.0351266115904
    },
    "spectral_centroid": {
        "dmean": 226.14541626,
        "dmean2": 350.234100342,
        "dvar": 57066.4296875,
        "dvar2": 121327.15625,
        "max": 10330.0683594,
        "mean": 1571.31396484,
        "median": 1608.68737793,
        "min": 154.866516113,
        "var": 317500.21875
    },
    "spectral_complexity": {
        "dmean": 3.74114656448,
        "dmean2": 5.71389007568,
        "dvar": 12.4691734314,
        "dvar2": 25.4221916199,
        "max": 56,
        "mean": 22.4321804047,
        "median": 23,
        "min": 0,
        "var": 90.6655960083
    },
    "spectral_decrease": {
        "dmean": 1.97437466376e-09,
        "dmean2": 3.12912229461e-09,
        "dvar": 5.37152064638e-18,
        "dvar2": 1.34828429797e-17,
        "max": -8.80248929236e-29,
        "mean": -6.85969370195e-09,
        "median": -6.49494236171e-09,
        "min": -4.6616651872e-08,
        "var": 1.81278980434e-17
    },
    "spectral_energy": {
        "dmean": 0.00784199964255,
        "dmean2": 0.0123704988509,
        "dvar": 8.38920386741e-05,
        "dvar2": 0.000207565055462,
        "max": 0.176998898387,
        "mean": 0.0282697472721,
        "median": 0.0268927346915,
        "min": 1.1049668454e-20,
        "var": 0.00029550792533
    },
    "spectral_energyband_high": {
        "dmean": 0.000346791464835,
        "dmean2": 0.000495450338349,
        "dvar": 5.00186615682e-07,
        "dvar2": 9.12245070595e-07,
        "max": 0.0369675420225,
        "mean": 0.00119997677393,
        "median": 0.000929898000322,
        "min": 8.05751949485e-21,
        "var": 2.04789898817e-06
    },
    "spectral_energyband_low": {
        "dmean": 0.00453009642661,
        "dmean2": 0.00738498009741,
        "dvar": 5.02608272654e-05,
        "dvar2": 0.000134703004733,
        "max": 0.174912765622,
        "mean": 0.00941595807672,
        "median": 0.0062163900584,
        "min": 1.92894666682e-22,
        "var": 0.000120985219837
    },
    "spectral_energyband_middle_high": {
        "dmean": 0.00277351471595,
        "dmean2": 0.00415065838024,
        "dvar": 2.0378120098e-05,
        "dvar2": 4.52292297268e-05,
        "max": 0.0782354548573,
        "mean": 0.00825475435704,
        "median": 0.00495976302773,
        "min": 1.65691153037e-21,
        "var": 7.94330335339e-05
    },
    "spectral_energyband_middle_low": {
        "dmean": 0.00428124144673,
        "dmean2": 0.00684531684965,
        "dvar": 3.04393652186e-05,
        "dvar2": 7.65486911405e-05,
        "max": 0.0841736793518,
        "mean": 0.0115660978481,
        "median": 0.0093002775684,
        "min": 2.86185029167e-22,
        "var": 8.64618705236e-05
    },
    "spectral_entropy": {
        "dmean": 0.105244517326,
        "dmean2": 0.157059505582,
        "dvar": 0.0104324063286,
        "dvar2": 0.0212326534092,
        "max": 9.80138587952,
        "mean": 7.71832370758,
        "median": 7.80806541443,
        "min": 5.50617647171,
        "var": 0.148952379823
    },
    "spectral_flux": {
        "dmean": 0.0206118784845,
        "dmean2": 0.0327320061624,
        "dvar": 0.000444838602562,
        "dvar2": 0.00104456720874,
        "max": 0.287220358849,
        "mean": 0.0876768529415,
        "median": 0.0839153826237,
        "min": 1.05117400895e-10,
        "var": 0.00156404706649
    },
    "spectral_kurtosis": {
        "dmean": 1.03168058395,
        "dmean2": 1.7601236105,
        "dvar": 1.49113118649,
        "dvar2": 4.42259407043,
        "max": 27.2829704285,
        "mean": 3.17386984825,
        "median": 2.56565332413,
        "min": -1.23590993881,
        "var": 5.99689865112
    },
    "spectral_rms": {
        "dmean": 0.000697994080838,
        "dmean2": 0.00108318112325,
        "dvar": 4.89760964228e-07,
        "dvar2": 1.16177500331e-06,
        "max": 0.0131408469751,
        "mean": 0.00496515911072,
        "median": 0.00512218847871,
        "min": 3.28331611031e-12,
        "var": 2.92751292363e-06
    },
    "spectral_rolloff": {
        "dmean": 488.477966309,
        "dmean2": 802.071838379,
        "dvar": 613828.25,
        "dvar2": 1311960,
        "max": 18453.9550781,
        "mean": 1735.8527832,
        "median": 1571.92382812,
        "min": 43.06640625,
        "var": 1635114.875
    },
    "spectral_skewness": {
        "dmean": 0.146146953106,
        "dmean2": 0.236412256956,
        "dvar": 0.0202554184943,
        "dvar2": 0.0516801141202,
        "max": 3.92102432251,
        "mean": 1.32979500294,
        "median": 1.25496244431,
        "min": 0.0464330352843,
        "var": 0.160357221961
    },
    "spectral_spread": {
        "dmean": 352470.75,
        "dmean2": 515273.40625,
        "dvar": 291067920384,
        "dvar2": 406732636160,
        "max": 41119064,
        "mean": 4615578,
        "median": 4535240,
        "min": 1680016.125,
        "var": 1.65326068122e+12
    },
    "spectral_strongpeak": {
        "dmean": 0.764130413532,
        "dmean2": 1.30060303211,
        "dvar": 1.62297379971,
        "dvar2": 3.9878423214,
        "max": 17.5440139771,
        "mean": 1.2833108902,
        "median": 0.607753038406,
        "min": 0,
        "var": 2.89734125137
    },
    "zerocrossingrate": {
        "dmean": 0.00905677489936,
        "dmean2": 0.0110026644543,
        "dvar": 0.000140338248457,
        "dvar2": 0.000158859664225,
        "max": 0.6845703125,
        "mean": 0.0703116580844,
        "median": 0.068359375,
        "min": 0.00146484375,
        "var": 0.00102871132549
    },
    "barkbands": {
        "dmean": [4.97602231917e-05, 0.00226022023708, 0.00260320305824, 0.00170611520298, 0.00115112215281, 0.00123966962565, 0.000643288774882, 0.000391613488318, 0.00116340687964, 0.00106515211519, 0.000602607091423, 0.000601855805144, 0.000562446541153, 0.000508221390191, 0.000431586173363, 0.000372886279365, 0.000339740916388, 0.00027068448253, 0.000170553699718, 0.000192585561308, 9.90274056676e-05, 5.8621448261e-05, 8.41431829031e-05, 6.52799062664e-05, 5.62670975341e-05, 1.71770665247e-07, 1.08522735243e-09],
        "dmean2": [8.35105674923e-05, 0.00393052166328, 0.00423622271046, 0.00281429989263, 0.00187583209481, 0.00196232320741, 0.00102739559952, 0.000625626882538, 0.00183904031292, 0.0017192538362, 0.0009434177191, 0.000953768962063, 0.000872065371368, 0.000802844355348, 0.000667246524245, 0.000587547488976, 0.000519262335729, 0.000434502464486, 0.000275602331385, 0.000300208746921, 0.000156590293045, 8.97451682249e-05, 0.000127120758407, 9.66528750723e-05, 8.21631620056e-05, 2.89455073244e-07, 1.98865768297e-09],
        "dvar": [3.79929971928e-08, 2.00702288566e-05, 1.66591380548e-05, 9.8248337963e-06, 3.11835037792e-06, 6.07326182944e-06, 2.1807416033e-06, 2.16432317757e-06, 9.85444785329e-06, 7.32025955585e-06, 2.90627690447e-06, 3.57411704499e-06, 3.7721724766e-06, 2.53907774095e-06, 1.35588970807e-06, 9.30267276544e-07, 8.03386797088e-07, 2.67267324716e-07, 7.28634361735e-08, 1.41937448461e-07, 3.4022587414e-08, 2.50100438137e-08, 3.30857012898e-08, 2.709797009e-08, 3.31629408379e-08, 1.72556752416e-13, 2.11175529431e-18],
        "dvar2": [7.77565247745e-08, 5.68473806197e-05, 4.34162066085e-05, 2.6174402592e-05, 8.45286194817e-06, 1.54875106091e-05, 5.50828963242e-06, 5.57524936085e-06, 2.36052874243e-05, 1.8084401745e-05, 6.51411573926e-06, 8.46589864523e-06, 8.82816493686e-06, 5.79788184041e-06, 3.0265202895e-06, 2.15230647882e-06, 1.58733155331e-06, 6.45237605568e-07, 1.85811444453e-07, 3.12910628963e-07, 8.05096931344e-08, 4.57413911192e-08, 6.99150177752e-08, 5.31799422276e-08, 7.08664416038e-08, 4.3558746562e-13, 6.43222220407e-18],
        "max": [0.0178114976734, 0.16595493257, 0.0553778409958, 0.0640994459391, 0.0436569862068, 0.0513788238168, 0.0397071987391, 0.057253614068, 0.0719908326864, 0.0639886781573, 0.0367629043758, 0.0477918237448, 0.0493729189038, 0.034808203578, 0.0295590870082, 0.0201351083815, 0.04025824368, 0.0144296614453, 0.00556574389338, 0.0136207947508, 0.0104889078066, 0.0117624895647, 0.00871308520436, 0.00636764243245, 0.00529145076871, 9.42546557781e-06, 1.70300236135e-08],
        "mean": [8.298157627e-05, 0.00304791936651, 0.00442438200116, 0.00296159810387, 0.00232337345369, 0.00233707902953, 0.000956887786742, 0.000540267501492, 0.00185263506137, 0.00171050848439, 0.00102465425152, 0.000994784990326, 0.000887874979526, 0.000800083449576, 0.000696702278219, 0.000606685644016, 0.000678655633237, 0.000553945952561, 0.000392360729165, 0.000446796155302, 0.00026119677932, 0.000155641915626, 0.000224201648962, 0.000178446192876, 0.00012988835806, 1.92039948388e-07, 1.12193387913e-09],
        "median": [1.84537020687e-05, 0.0013134367764, 0.00218877685256, 0.00106556818355, 0.00143866613507, 0.000975820119493, 0.000405026134104, 0.000185199838597, 0.000526375020854, 0.000425610749517, 0.000223538605496, 0.000226380390814, 0.0002043422719, 0.000207463453989, 0.000236089050304, 0.000221883441554, 0.000275037484244, 0.000360396894393, 0.000301673833746, 0.000300014566164, 0.0001853168651, 9.25691856537e-05, 0.000143956858665, 0.000111869434477, 6.2379083829e-05, 5.29759205392e-08, 5.96016624943e-10],
        "min": [6.16449556257e-24, 5.5102754645e-23, 8.31213395718e-23, 6.19620895425e-23, 4.34035025031e-23, 1.76168291136e-23, 1.5996947421e-23, 2.72781600812e-23, 1.19012920416e-22, 4.74944120952e-23, 1.02054809091e-22, 5.08693609962e-23, 7.25239651868e-23, 1.17773108752e-22, 2.15388890244e-22, 1.62487335203e-22, 2.16776906784e-22, 2.90092099458e-22, 2.3193745023e-22, 2.71603825169e-22, 4.44146915482e-22, 5.24873462672e-22, 7.2887152961e-22, 1.06899321292e-21, 1.43217114217e-21, 1.75811524059e-21, 2.17951428533e-21],
        "var": [2.39275635749e-07, 2.55362556345e-05, 3.56854179699e-05, 2.79453470284e-05, 8.70877556736e-06, 1.7291671611e-05, 2.91157289212e-06, 2.25942767429e-06, 1.74062352016e-05, 1.29247082441e-05, 6.79850290908e-06, 7.11271150067e-06, 7.303797247e-06, 5.18792239745e-06, 3.04335344481e-06, 1.78158302333e-06, 2.45594083026e-06, 6.29251246664e-07, 1.69055056176e-07, 3.16861957117e-07, 1.00164115224e-07, 1.05846808651e-07, 9.90503181697e-08, 7.31544531618e-08, 6.70153283977e-08, 2.00228315915e-13, 1.81453689251e-18]
    },
    "erbbands": {
        "dmean": [0.0378588363528, 0.611955821514, 2.42853808403, 4.73202037811, 4.16718530655, 4.10823249817, 5.08712530136, 11.9110765457, 10.5653743744, 7.45382452011, 10.2135448456, 26.8717956543, 32.9016189575, 28.4101638794, 22.1120586395, 23.6300735474, 24.4105377197, 23.9045276642, 23.2852191925, 19.9401855469, 18.9111843109, 16.9880924225, 14.2658843994, 10.7083797455, 6.86273145676, 9.95541572571, 5.42682600021, 2.96739411354, 2.20818471909, 2.16961550713, 2.36757254601, 1.70367765427, 1.05844330788, 0.793539941311, 0.318446725607, 0.0227055028081, 0.000556365295779, 3.64257284673e-05, 7.63065054343e-06, 9.52928348852e-06],
        "dmean2": [0.0635838210583, 1.06467199326, 4.02886009216, 7.6161403656, 6.8954873085, 6.72226285934, 7.98403787613, 18.8151378632, 16.8553924561, 11.9504709244, 16.2026252747, 42.4485092163, 52.7011451721, 44.5056838989, 33.7884101868, 37.1894569397, 37.5519332886, 37.4149360657, 35.4531593323, 31.393945694, 29.0449829102, 25.7977619171, 22.4288654327, 17.0862197876, 10.912150383, 15.5091838837, 8.43307971954, 4.6976184845, 3.4113650322, 3.3395409584, 3.57455825806, 2.58154296875, 1.55583775043, 1.1717466116, 0.471354156733, 0.0348145999014, 0.000833975034766, 5.29194767296e-05, 1.1018087207e-05, 1.4739604012e-05],
        "dvar": [0.0106301214546, 1.33541250229, 14.5043096542, 68.0934295654, 41.7075767517, 43.726940155, 124.215766907, 644.972290039, 498.586578369, 467.620330811, 1350.52685547, 6703.91308594, 7156.87109375, 6297.26269531, 3075.15625, 5692.36279297, 7074.06054688, 5773.18847656, 4926.6953125, 3021.69311523, 1984.93847656, 1839.37817383, 896.346069336, 343.026977539, 116.429344177, 407.734344482, 82.87525177, 48.0055427551, 38.4010925293, 28.6454868317, 24.9519004822, 14.8126335144, 9.07848262787, 6.94272899628, 0.905731499195, 0.00484310183674, 2.84561815533e-06, 1.16731886379e-08, 2.3536100846e-10, 1.22098747779e-10],
        "dvar2": [0.0260675251484, 3.88789439201, 39.4170265198, 176.135559082, 112.115585327, 117.457710266, 295.799926758, 1639.90991211, 1217.47827148, 1195.11376953, 3491.36645508, 16182.2333984, 17659.2773438, 14718.5429688, 6832.98095703, 14012.4121094, 16647.8417969, 13417.7636719, 10924.7314453, 7300.296875, 4307.20800781, 3706.46679688, 2060.34692383, 884.567016602, 274.022644043, 922.691772461, 182.966262817, 113.899879456, 76.7543869019, 56.7651176453, 53.5018348694, 31.3299427032, 18.2468109131, 15.2041091919, 1.9117000103, 0.0112473629415, 6.32496175967e-06, 2.46545859284e-08, 4.80868123098e-10, 2.87650181452e-10],
        "max": [5.99693727493, 32.3176383972, 38.7867355347, 175.779769897, 132.385650635, 184.614700317, 385.211242676, 620.969177246, 500.385559082, 600.211853027, 1509.85375977, 2225.09423828, 2900.79711914, 1936.47912598, 1679.62414551, 1855.60961914, 2148.3828125, 1776.58789062, 2118.26977539, 1721.3458252, 1082.8223877, 1730.85595703, 921.460205078, 434.545471191, 274.373046875, 722.64050293, 244.977279663, 501.301300049, 433.537750244, 263.960449219, 213.756881714, 155.959884644, 130.473617554, 70.8329772949, 34.0170326233, 2.34477853775, 0.0519958585501, 0.00341803929769, 0.000455414003227, 0.000190869483049],
        "mean": [0.0584982149303, 0.833411037922, 4.18059062958, 9.03062534332, 8.11145114899, 7.67435407639, 10.9715557098, 21.031419754, 16.6234893799, 11.472738266, 15.2528619766, 42.092628479, 55.3329391479, 47.8822174072, 42.5376701355, 42.3887634277, 41.4979896545, 39.9662475586, 41.4265403748, 34.5496482849, 35.9502868652, 37.2201499939, 31.0319862366, 24.842086792, 17.3703479767, 22.5775108337, 14.2371740341, 8.09974193573, 5.73225736618, 5.61388206482, 6.2674446106, 4.4815120697, 2.75289726257, 1.78993999958, 0.698819339275, 0.0451646670699, 0.00122261221986, 9.29436428123e-05, 2.91296291834e-05, 3.73765687982e-05],
        "median": [0.0228640474379, 0.40862968564, 2.35485553741, 4.07276248932, 4.60059213638, 4.34948921204, 4.6679353714, 8.27914714813, 7.8920841217, 5.10183429718, 5.97045135498, 12.7409725189, 17.0742588043, 14.1108341217, 12.3446683884, 11.0731182098, 10.9299440384, 11.8220443726, 13.2619609833, 13.7604045868, 13.888958931, 16.5933303833, 19.7441749573, 18.0704345703, 14.2814950943, 14.9308862686, 9.79643630981, 5.81630849838, 3.40004825592, 3.38831472397, 4.05655288696, 2.81952905655, 1.65707480907, 0.883457422256, 0.317722916603, 0.0194678120315, 0.000573744648136, 5.00018977618e-05, 2.55362556345e-05, 3.62031241821e-05],
        "min": [1.20320044003e-21, 1.41573642049e-20, 7.5754932407e-20, 2.07006303914e-19, 1.27899609816e-19, 1.55439257067e-19, 8.90999406269e-20, 1.8142962088e-19, 1.53658724949e-19, 4.72078437933e-19, 1.49245137355e-18, 2.23376981134e-18, 8.57682484051e-19, 2.4823805988e-18, 4.70352515245e-18, 2.34014358375e-18, 3.6744926181e-18, 4.24222306844e-18, 8.70024597816e-18, 1.10533490006e-17, 9.58946265512e-18, 1.3481200199e-17, 1.62980603775e-17, 9.76271977032e-18, 1.50823397963e-17, 1.20802556807e-17, 1.50845086639e-17, 1.80291409501e-17, 1.73386602055e-17, 2.0702461304e-17, 2.09756823691e-17, 1.98524074932e-17, 1.95083549523e-17, 1.13879493486e-17, 1.1416167788e-17, 8.12492697288e-18, 2.94403775009e-18, 1.29432476304e-18, 2.72976917521e-19, 3.3665788873e-20],
        "var": [0.0228309705853, 1.55268633366, 27.6207904816, 218.769607544, 111.320388794, 104.643463135, 569.442260742, 1536.53759766, 752.407043457, 558.954833984, 1469.28051758, 10902.5742188, 12253.5107422, 11207.5048828, 9683.4140625, 11465.6660156, 14005.7822266, 10828.3818359, 13287.484375, 6192.89404297, 5168.76757812, 6063.81347656, 2328.14208984, 799.339660645, 289.533905029, 846.640563965, 274.172912598, 138.68737793, 152.112472534, 99.3341369629, 71.621421814, 40.7612266541, 21.0345077515, 13.1203241348, 1.92287456989, 0.00829300284386, 5.47402714801e-06, 2.57051233632e-08, 6.9114858281e-10, 4.88927121012e-10]
    },
    "gfcc": {
        "mean": [5.55323839188, 92.1363372803, -147.436599731, 47.3072242737, -76.2371673584, 23.6245365143, -46.6612854004, 11.0355892181, -25.6692028046, -12.2854948044, -6.31507635117, -16.3271751404, 2.26430296898],
        "cov": [[3796.90576172, -192.463699341, 699.92364502, 939.261047363, 287.756225586, 429.581604004, 61.3477783203, 260.953033447, -83.5858459473, 169.799240112, -28.5307331085, 69.225402832, -126.582984924], [-192.463699341, 992.462341309, 451.259460449, 147.438812256, 356.579772949, -21.8872871399, 68.2148895264, -49.3726921082, 72.1318969727, -24.182718277, 132.68572998, -52.7963409424, 97.1844558716], [699.92364502, 451.259460449, 1289.24841309, 779.378295898, 361.281188965, 196.409988403, -72.4640045166, 114.370742798, 4.95217037201, 92.0819244385, -11.1937294006, 61.77942276, -42.2040023804], [939.261047363, 147.438812256, 779.378295898, 787.076416016, 309.906829834, 159.619491577, -11.9615516663, 116.62928772, 36.2831993103, 64.163269043, -45.4878578186, 49.5929260254, -56.8212013245], [287.756225586, 356.579772949, 361.281188965, 309.906829834, 350.204345703, 102.639305115, 31.8038768768, 45.5186195374, 47.8670043945, 26.3680438995, 20.0654220581, -7.55947113037, 23.8949012756], [429.581604004, -21.8872871399, 196.409988403, 159.619491577, 102.639305115, 228.991409302, 99.2462692261, 38.1699180603, -27.7047481537, 45.300655365, -9.66238212585, 8.94185066223, -51.4194030762], [61.3477783203, 68.2148895264, -72.4640045166, -11.9615516663, 31.8038768768, 99.2462692261, 208.288528442, 19.120798111, -10.6889123917, 2.51316356659, 30.0221328735, -24.5310611725, -21.2483158112], [260.953033447, -49.3726921082, 114.370742798, 116.62928772, 45.5186195374, 38.1699180603, 19.120798111, 134.812896729, 35.8176345825, 25.8905696869, -22.3569145203, 15.9126434326, -12.4221019745], [-83.5858459473, 72.1318969727, 4.95217037201, 36.2831993103, 47.8670043945, -27.7047481537, -10.6889123917, 35.8176345825, 124.35018158, 14.921415329, -6.28641748428, 10.1474838257, 23.8783969879], [169.799240112, -24.182718277, 92.0819244385, 64.163269043, 26.3680438995, 45.300655365, 2.51316356659, 25.8905696869, 14.921415329, 96.6072158813, 35.9885215759, 23.5102558136, -8.44179916382], [-28.5307331085, 132.68572998, -11.1937294006, -45.4878578186, 20.0654220581, -9.66238212585, 30.0221328735, -22.3569145203, -6.28641748428, 35.9885215759, 135.301635742, 18.7912082672, 25.9606800079], [69.225402832, -52.7963409424, 61.77942276, 49.5929260254, -7.55947113037, 8.94185066223, -24.5310611725, 15.9126434326, 10.1474838257, 23.5102558136, 18.7912082672, 82.7909011841, 17.0235404968], [-126.582984924, 97.1844558716, -42.2040023804, -56.8212013245, 23.8949012756, -51.4194030762, -21.2483158112, -12.4221019745, 23.8783969879, -8.44179916382, 25.9606800079, 17.0235404968, 92.0275802612]],
        "icov": [[0.000590185984038, -0.000438044487964, 0.000732298358344, -0.00121838250197, 0.000658205186483, -0.00125554355327, 0.00081664690515, -0.00105959468056, 0.00090777274454, -0.000515977444593, -0.000135564347147, 0.000168232378201, -0.000244698312599], [-0.000438044487964, 0.00571639463305, -0.00400992063805, 0.00334418308921, -0.00505245104432, 0.0042044534348, -0.00407926738262, 0.00380055676214, -0.00350094749592, 0.00333548500203, -0.00346435443498, 0.0027212924324, -0.00149293045979], [0.000732298358344, -0.00400992063805, 0.00545873772353, -0.00498328125104, 0.00320718600415, -0.00457521295175, 0.00462257815525, -0.00362879410386, 0.00367023842409, -0.00275590945967, 0.00144808320329, -0.00150689342991, 0.000521939888131], [-0.00121838250197, 0.00334418308921, -0.00498328125104, 0.00815709028393, -0.00584520678967, 0.0048653781414, -0.00387435685843, 0.00289883324876, -0.00333136832342, 0.00188966025598, 0.000424715544796, -0.00151414761785, 0.00247462559491], [0.000658205186483, -0.00505245104432, 0.00320718600415, -0.00584520678967, 0.0118191689253, -0.00727296061814, 0.00414231372997, -0.00373622076586, 0.000929682224523, -0.0016457659658, 0.000440955103841, 0.0021160331089, -0.00348574202508], [-0.00125554355327, 0.0042044534348, -0.00457521295175, 0.0048653781414, -0.00727296061814, 0.0153033062816, -0.00906628277153, 0.00437831459567, -0.000603251042776, -0.00142573716585, 0.00174707267433, -0.00227821432054, 0.00362979713827], [0.00081664690515, -0.00407926738262, 0.00462257815525, -0.00387435685843, 0.00414231372997, -0.00906628277153, 0.0120749548078, -0.0052277953364, 0.00246753334068, -0.000126580518554, -0.00174157670699, 0.00152069027536, 0.00065812462708], [-0.00105959468056, 0.00380055676214, -0.00362879410386, 0.00289883324876, -0.00373622076586, 0.00437831459567, -0.0052277953364, 0.0137594239786, -0.00563267292455, 0.000478008907521, 0.000663264538161, -0.000343729770975, 0.000103198079159], [0.00090777274454, -0.00350094749592, 0.00367023842409, -0.00333136832342, 0.000929682224523, -0.000603251042776, 0.00246753334068, -0.00563267292455, 0.0140635762364, -0.00528259482235, 0.00374919828027, -0.00266141584143, -0.000895979464985], [-0.000515977444593, 0.00333548500203, -0.00275590945967, 0.00188966025598, -0.0016457659658, -0.00142573716585, -0.000126580518554, 0.000478008907521, -0.00528259482235, 0.0181553009897, -0.00797420926392, 0.000552230107132, 0.000520197441801], [-0.000135564347147, -0.00346435443498, 0.00144808320329, 0.000424715544796, 0.000440955103841, 0.00174707267433, -0.00174157670699, 0.000663264538161, 0.00374919828027, -0.00797420926392, 0.0146405091509, -0.00577830569819, 0.000181984316441], [0.000168232378201, 0.0027212924324, -0.00150689342991, -0.00151414761785, 0.0021160331089, -0.00227821432054, 0.00152069027536, -0.000343729770975, -0.00266141584143, 0.000552230107132, -0.00577830569819, 0.0195888411254, -0.00703832088038], [-0.000244698312599, -0.00149293045979, 0.000521939888131, 0.00247462559491, -0.00348574202508, 0.00362979713827, 0.00065812462708, 0.000103198079159, -0.000895979464985, 0.000520197441801, 0.000181984316441, -0.00703832088038, 0.018503498286]]
    },
    "melbands": {
        "dmean": [0.000485836848384, 0.00106776587199, 0.000739568378776, 0.000290933676297, 0.000165950725204, 0.000260089436779, 0.000154950248543, 8.0556004832e-05, 9.31068134378e-05, 0.000179153692443, 0.00016845294158, 0.000121191442304, 7.79222027631e-05, 6.98046424077e-05, 6.18420453975e-05, 5.0566119171e-05, 4.70673730888e-05, 4.24748359364e-05, 2.77849976555e-05, 2.7247278922e-05, 2.46209183388e-05, 2.08519686566e-05, 1.73737716977e-05, 1.12139805424e-05, 9.64206901699e-06, 5.83990231462e-06, 5.93462118559e-06, 7.32598255127e-06, 4.22324046667e-06, 2.61069726548e-06, 1.76262062723e-06, 1.43648139783e-06, 1.2321926306e-06, 1.39896530982e-06, 1.49960249018e-06, 1.50031723933e-06, 1.05569142761e-06, 7.9697468891e-07, 8.25031236218e-07, 6.702665587e-07],
        "dmean2": [0.000840276479721, 0.00178358121775, 0.00119051267393, 0.00047841394553, 0.000262325804215, 0.000410017004469, 0.000248065363849, 0.000129360734718, 0.000147508937516, 0.000282480556052, 0.000269938725978, 0.000190562161151, 0.00011991395877, 0.000108716580144, 9.53019989538e-05, 7.97733227955e-05, 7.3521550803e-05, 6.51578811812e-05, 4.32351771451e-05, 4.30283726018e-05, 3.81187055609e-05, 3.20157923852e-05, 2.71843218798e-05, 1.79777271114e-05, 1.55147954501e-05, 9.49231343839e-06, 9.48707383941e-06, 1.14998119898e-05, 6.6754096224e-06, 4.12816643802e-06, 2.87188004222e-06, 2.28472413255e-06, 1.90380171716e-06, 2.19920570999e-06, 2.30496584663e-06, 2.31942090068e-06, 1.64051323281e-06, 1.19753656236e-06, 1.25269014006e-06, 1.00750196452e-06],
        "dvar": [1.14599515655e-06, 2.88136925519e-06, 1.52937241182e-06, 2.1763769098e-07, 9.87296502331e-08, 2.8775662031e-07, 1.07433187679e-07, 5.5885482908e-08, 1.01908526062e-07, 2.77644062407e-07, 1.87937658325e-07, 1.11069603292e-07, 3.74973545547e-08, 4.88367390972e-08, 4.05069151554e-08, 3.79405840079e-08, 2.47935982856e-08, 1.70678973177e-08, 5.24716936567e-09, 6.33097929637e-09, 3.81655329562e-09, 3.04913116977e-09, 2.1342099199e-09, 3.83873932641e-10, 3.02266517371e-10, 6.82792988815e-11, 1.51620133115e-10, 2.19880252894e-10, 5.85143669629e-11, 2.16123681451e-11, 2.12918155329e-11, 1.63609334414e-11, 1.29265331078e-11, 1.05648345974e-11, 8.72985451289e-12, 1.1475839376e-11, 5.92155014259e-12, 4.22200729239e-12, 7.92729683979e-12, 4.79037512782e-12],
        "dvar2": [3.07746790895e-06, 8.04429691925e-06, 4.00158569391e-06, 5.93984850639e-07, 2.35424437278e-07, 7.33122135443e-07, 2.65267203758e-07, 1.40255423275e-07, 2.56905508422e-07, 6.68772258905e-07, 4.64040937231e-07, 2.60272202013e-07, 8.15098957219e-08, 1.14582491051e-07, 9.01085499549e-08, 9.72578462211e-08, 5.58997435007e-08, 3.79472844259e-08, 1.19672831644e-08, 1.47690961683e-08, 8.25973778262e-09, 6.27022567201e-09, 4.36058433806e-09, 9.25633181215e-10, 7.86769205341e-10, 1.71200095767e-10, 3.62860103076e-10, 4.8710241396e-10, 1.31763044919e-10, 4.92002202868e-11, 5.50225420781e-11, 3.80535464251e-11, 2.60258099793e-11, 2.27822639226e-11, 1.93960767586e-11, 2.66320507314e-11, 1.32362072691e-11, 8.41552435377e-12, 1.78776993209e-11, 1.07034181865e-11],
        "max": [0.0506280995905, 0.0196789298207, 0.0244345590472, 0.012638210319, 0.0104384096339, 0.0122444070876, 0.00683167716488, 0.0060750558041, 0.0118112480268, 0.0136894946918, 0.0141275608912, 0.00737152947113, 0.00527884624898, 0.00715311523527, 0.00541110523045, 0.00469058845192, 0.00355547550134, 0.0045700725168, 0.00212617404759, 0.0019765002653, 0.00160478567705, 0.00188759865705, 0.00254065613262, 0.000448043574579, 0.000426101323683, 0.000172108542756, 0.000480406306451, 0.000436108064605, 0.00026327962405, 0.000209581150557, 0.00033188960515, 0.000267494411673, 0.000254053302342, 0.000137402239488, 0.000105853825517, 0.000158998052939, 9.78627067525e-05, 9.29343805183e-05, 9.80905169854e-05, 7.19946619938e-05],
        "mean": [0.000703600351699, 0.0018686868716, 0.00152862432878, 0.000574202102143, 0.000361895363312, 0.000466204452096, 0.000244253489655, 0.000119952899695, 0.000135139387567, 0.000281050248304, 0.000276298669633, 0.000195939195692, 0.000143280718476, 0.000118815500173, 0.000103196762211, 7.82973802416e-05, 7.44486751501e-05, 7.01351236785e-05, 4.50951920357e-05, 4.32405759057e-05, 4.29174360761e-05, 4.04266320402e-05, 3.31076153088e-05, 2.32301372307e-05, 2.01727470994e-05, 1.32074919748e-05, 1.25577116705e-05, 1.55369871209e-05, 9.72033012658e-06, 6.15355838818e-06, 4.22227003583e-06, 3.28976784658e-06, 2.84642624138e-06, 3.26391295857e-06, 3.6380970414e-06, 3.46437741428e-06, 2.49718050327e-06, 1.94766266759e-06, 1.76632329385e-06, 1.40994768572e-06],
        "median": [0.00029414013261, 0.00114657997619, 0.000805943855084, 0.000353401701432, 0.00018062570598, 0.000192184990738, 0.000116153882118, 4.99703455716e-05, 4.85585696879e-05, 7.88385368651e-05, 7.66668235883e-05, 4.92342696816e-05, 3.47092827724e-05, 2.74367157544e-05, 2.36936393776e-05, 2.03662657441e-05, 1.89268339454e-05, 1.9173930923e-05, 1.68108235812e-05, 1.56475853146e-05, 1.5441350115e-05, 1.58420534717e-05, 1.71092142409e-05, 1.56118294399e-05, 1.36702510645e-05, 1.02693375084e-05, 9.19824105949e-06, 9.47716398514e-06, 6.14598320681e-06, 4.09721269534e-06, 2.81488632936e-06, 1.87130490303e-06, 1.60484376011e-06, 1.91524895854e-06, 2.31572539633e-06, 2.09070776691e-06, 1.50853156811e-06, 1.16715887089e-06, 9.39702715641e-07, 6.42713189336e-07],
        "min": [1.30511451634e-23, 3.38466577401e-23, 3.10666645785e-23, 1.09429057167e-23, 3.61447034315e-24, 3.71066601408e-24, 2.68111496921e-24, 4.71444536761e-24, 1.69992283332e-23, 1.29363619573e-23, 4.08108354074e-24, 9.23342914672e-24, 1.49783859974e-23, 9.35849436577e-24, 5.3112935842e-24, 7.39328407868e-24, 8.43527230459e-24, 1.30272915873e-23, 1.78915089031e-23, 1.17914376385e-23, 1.15959011082e-23, 1.48469791255e-23, 1.33963712059e-23, 1.4113949062e-23, 6.60767761913e-24, 1.04080241019e-23, 1.07039218832e-23, 7.26734559061e-24, 9.41797211144e-24, 1.04500128013e-23, 1.01907150106e-23, 9.29967137465e-24, 1.08014432349e-23, 1.21191833122e-23, 1.23747040369e-23, 1.08573348189e-23, 1.33209340152e-23, 1.55667736807e-23, 1.05906548678e-23, 9.23485540723e-24],
        "var": [1.74865897407e-06, 5.09725441589e-06, 4.86393491883e-06, 5.60600369681e-07, 4.584994997e-07, 7.05580589511e-07, 1.58374433568e-07, 6.74711984061e-08, 1.22065515029e-07, 4.67960205697e-07, 3.21453654806e-07, 2.00796804961e-07, 1.20317864116e-07, 1.03222561165e-07, 8.93123086598e-08, 5.44926237467e-08, 4.91521383594e-08, 4.45568062446e-08, 1.00921075941e-08, 1.13756044584e-08, 9.46800415846e-09, 9.4743244361e-09, 4.82548001557e-09, 8.62317328654e-10, 6.4040589498e-10, 1.77035761051e-10, 2.53154525121e-10, 4.73268202406e-10, 1.63525373797e-10, 6.36451585878e-11, 4.96422521146e-11, 5.13732216489e-11, 4.21874583878e-11, 3.0751352853e-11, 2.38578948264e-11, 2.57387219177e-11, 1.40884942601e-11, 1.02187191001e-11, 1.30769605214e-11, 8.82928886253e-12]
    },
    "mfcc": {
        "mean": [-617.032775879, 99.1007080078, -6.19930458069, 15.0512781143, 3.48208546638, -3.06385326385, 1.9721351862, 3.89501547813, -4.33947944641, 2.69237732887, -9.50859165192, -2.20924973488, -5.16558790207],
        "cov": [[3289.8840332, -629.912475586, 440.09979248, 500.292999268, 299.746398926, 277.064178467, 269.486877441, 193.583709717, 110.104934692, 92.9741744995, 109.273841858, 162.36932373, 43.0644226074], [-629.912475586, 933.139282227, 94.8294754028, 101.004135132, 200.591049194, 27.7491817474, 88.8960647583, -41.9297981262, -16.6624965668, 56.9951591492, -60.2808380127, 9.89721298218, 46.373134613], [440.09979248, 94.8294754028, 932.564331055, 536.494506836, 422.4921875, 215.148193359, 113.649307251, 74.2234649658, 59.8158798218, -3.43544435501, 74.2844467163, 49.3188972473, 95.5300140381], [500.292999268, 101.004135132, 536.494506836, 607.52911377, 401.570495605, 161.793823242, 76.8925018311, 84.2417373657, 98.899559021, 17.739030838, 39.0673370361, 78.4111938477, 76.7272644043], [299.746398926, 200.591049194, 422.4921875, 401.570495605, 465.051422119, 123.308006287, 47.5279083252, 37.186126709, 81.6046600342, 32.309715271, -2.53129291534, 52.8172569275, 67.1537780762], [277.064178467, 27.7491817474, 215.148193359, 161.793823242, 123.308006287, 239.528610229, 111.649208069, 58.9287719727, 43.5789642334, 15.3852539062, 71.5088806152, 3.51280903816, 11.5649442673], [269.486877441, 88.8960647583, 113.649307251, 76.8925018311, 47.5279083252, 111.649208069, 232.297088623, 46.7953453064, -10.400806427, 44.0186729431, 28.8870487213, 33.7171401978, 2.68003749847], [193.583709717, -41.9297981262, 74.2234649658, 84.2417373657, 37.186126709, 58.9287719727, 46.7953453064, 121.829620361, 61.4710960388, 9.64689922333, 35.3762130737, 14.4191865921, 11.2745075226], [110.104934692, -16.6624965668, 59.8158798218, 98.899559021, 81.6046600342, 43.5789642334, -10.400806427, 61.4710960388, 129.425598145, 29.11901474, 25.238866806, 4.18458604813, 4.29215764999], [92.9741744995, 56.9951591492, -3.43544435501, 17.739030838, 32.309715271, 15.3852539062, 44.0186729431, 9.64689922333, 29.11901474, 86.9770278931, 16.1332702637, 9.92625045776, -1.80533373356], [109.273841858, -60.2808380127, 74.2844467163, 39.0673370361, -2.53129291534, 71.5088806152, 28.8870487213, 35.3762130737, 25.238866806, 16.1332702637, 116.88646698, 17.9136791229, 12.1076812744], [162.36932373, 9.89721298218, 49.3188972473, 78.4111938477, 52.8172569275, 3.51280903816, 33.7171401978, 14.4191865921, 4.18458604813, 9.92625045776, 17.9136791229, 94.9828567505, 40.8999481201], [43.0644226074, 46.373134613, 95.5300140381, 76.7272644043, 67.1537780762, 11.5649442673, 2.68003749847, 11.2745075226, 4.29215764999, -1.80533373356, 12.1076812744, 40.8999481201, 91.5768737793]],
