{
"lowlevel": {
    "average_loudness": 0.925102353096,
    "barkbands_crest": {
        "dmean": 3.03554797173,
        "dmean2": 4.7794675827,
        "dvar": 7.08016824722,
        "dvar2": 16.1811542511,
        "max": 25.9032707214,
        "mean": 10.6170110703,
        "median": 9.38047981262,
        "min": 2.18562889099,
        "var": 28.2812519073
    },
    "barkbands_flatness_db": {
        "dmean": 0.0214578229934,
        "dmean2": 0.0326275452971,
        "dvar": 0.000344197818777,
        "dvar2": 0.00073701509973,
        "max": 0.365522861481,
        "mean": 0.142884165049,
        "median": 0.134961828589,
        "min": 0.0269051007926,
        "var": 0.00208256300539
    },
    "barkbands_kurtosis": {
        "dmean": 2.37733483315,
        "dmean2": 3.66977548599,
        "dvar": 14.0181455612,
        "dvar2": 29.9462356567,
        "max": 98.0080108643,
        "mean": 2.98907113075,
        "median": 1.05385732651,
        "min": -1.91877758503,
        "var": 38.1536979675
    },
    "barkbands_skewness": {
        "dmean": 0.549341142178,
        "dmean2": 0.817916452885,
        "dvar": 0.267757892609,
        "dvar2": 0.561063885689,
        "max": 9.40148830414,
        "mean": 1.43268430233,
        "median": 1.21428287029,
        "min": -2.07816505432,
        "var": 1.38048923016
    },
    "barkbands_spread": {
        "dmean": 7.48023366928,
        "dmean2": 11.6312465668,
        "dvar": 54.9884262085,
        "dvar2": 124.070831299,
        "max": 114.0779953,
        "mean": 31.2964687347,
        "median": 28.9155521393,
        "min": 1.70129132271,
        "var": 274.465515137
    },
    "dissonance": {
        "dmean": 0.0176430344582,
        "dmean2": 0.0303718261421,
        "dvar": 0.000294344499707,
        "dvar2": 0.000810779922176,
        "max": 0.500000119209,
        "mean": 0.473444223404,
        "median": 0.479217082262,
        "min": 0.293255627155,
        "var": 0.000493730476592
    },
    "dynamic_complexity": 2.64909744263,
    "erbbands_crest": {
        "dmean": 2.69252943993,
        "dmean2": 4.35584640503,
        "dvar": 6.82614660263,
        "dvar2": 16.4619483948,
        "max": 31.8016681671,
        "mean": 8.70564842224,
        "median": 7.00508356094,
        "min": 1.87181591988,
        "var": 28.5689525604
    },
    "erbbands_flatness_db": {
        "dmean": 0.0148316984996,
        "dmean2": 0.0218553729355,
        "dvar": 0.000211804013816,
        "dvar2": 0.000418140058173,
        "max": 0.432988107204,
        "mean": 0.155390456319,
        "median": 0.138145104051,
        "min": 0.0812419131398,
        "var": 0.00296901166439
    },
    "erbbands_kurtosis": {
        "dmean": 0.798572957516,
        "dmean2": 1.25986933708,
        "dvar": 1.62775313854,
        "dvar2": 3.77866816521,
        "max": 23.670665741,
        "mean": 0.150614768267,
        "median": -0.571136474609,
        "min": -1.82909762859,
        "var": 4.70058774948
    },
    "erbbands_skewness": {
        "dmean": 0.358820170164,
        "dmean2": 0.555675506592,
        "dvar": 0.105409830809,
        "dvar2": 0.242970019579,
        "max": 4.5521402359,
        "mean": 0.391789466143,
        "median": 0.30100569129,
        "min": -2.54705095291,
        "var": 0.584821343422
    },
    "erbbands_spread": {
        "dmean": 10.2074327469,
        "dmean2": 15.2274236679,
        "dvar": 106.172294617,
        "dvar2": 214.06427002,
        "max": 165.257217407,
        "mean": 53.2943267822,
        "median": 50.9313011169,
        "min": 3.26601672173,
        "var": 771.833557129
    },
    "hfc": {
        "dmean": 9.29916477203,
        "dmean2": 13.307967186,
        "dvar": 147.488677979,
        "dvar2": 301.502044678,
        "max": 219.190414429,
        "mean": 27.8520584106,
        "median": 21.0119075775,
        "min": 1.25446929447e-16,
        "var": 499.035186768
    },
    "melbands_crest": {
        "dmean": 4.07102298737,
        "dmean2": 6.57861566544,
        "dvar": 11.6830511093,
        "dvar2": 27.9762477875,
        "max": 34.7042121887,
        "mean": 14.9888820648,
        "median": 13.961892128,
        "min": 1.92765450478,
        "var": 40.6952972412
    },
    "melbands_flatness_db": {
        "dmean": 0.0280644707382,
        "dmean2": 0.0413848981261,
        "dvar": 0.000595226127189,
        "dvar2": 0.00120024604257,
        "max": 0.393532395363,
        "mean": 0.157762631774,
        "median": 0.153607323766,
        "min": 0.00427982630208,
        "var": 0.00383947324008
    },
    "melbands_kurtosis": {
        "dmean": 10.6179857254,
        "dmean2": 15.9653739929,
        "dvar": 388.557800293,
        "dvar2": 792.522949219,
        "max": 449.93963623,
        "mean": 19.5509395599,
        "median": 7.78815555573,
        "min": -1.66488134861,
        "var": 1181.41271973
    },
    "melbands_skewness": {
        "dmean": 0.938935875893,
        "dmean2": 1.37790644169,
        "dvar": 1.09732115269,
        "dvar2": 2.08932828903,
        "max": 18.2487564087,
        "mean": 3.08664393425,
        "median": 2.40490531921,
        "min": -1.09545266628,
        "var": 5.91506242752
    },
    "melbands_spread": {
        "dmean": 9.88940811157,
        "dmean2": 15.1053466797,
        "dvar": 132.347930908,
        "dvar2": 286.232696533,
        "max": 202.754135132,
        "mean": 31.0657234192,
        "median": 26.162027359,
        "min": 1.28633642197,
        "var": 515.288757324
    },
    "pitch_salience": {
        "dmean": 0.0865205675364,
        "dmean2": 0.13401478529,
        "dvar": 0.00561231886968,
        "dvar2": 0.012842265889,
        "max": 0.879103720188,
        "mean": 0.548891246319,
        "median": 0.559597611427,
        "min": 0.086332783103,
        "var": 0.020966803655
    },
    "silence_rate_20dB": {
        "dmean": 0,
        "dmean2": 0,
        "dvar": 0,
        "dvar2": 0,
        "max": 1,
        "mean": 1,
        "median": 1,
        "min": 1,
        "var": 0
    },
    "silence_rate_30dB": {
        "dmean": 0.000241779503995,
        "dmean2": 0.000483617448481,
        "dvar": 0.000241720874328,
        "dvar2": 0.0007251916104,
        "max": 1,
        "mean": 0.99987912178,
        "median": 1,
        "min": 0,
        "var": 0.000120860473544
    },
    "silence_rate_60dB": {
        "dmean": 0.0116054154932,
        "dmean2": 0.0232136379927,
        "dvar": 0.0114711560309,
        "dvar2": 0.0292026121169,
        "max": 1,
        "mean": 0.0204278975725,
        "median": 0,
        "min": 0,
        "var": 0.0200099665672
    },
    "spectral_centroid": {
        "dmean": 290.883331299,
        "dmean2": 449.931030273,
        "dvar": 74161.9296875,
        "dvar2": 158413.546875,
        "max": 10905.3886719,
        "mean": 1667.43359375,
        "median": 1643.25012207,
        "min": 329.774902344,
        "var": 306927.03125
    },
    "spectral_complexity": {
        "dmean": 4.74661493301,
        "dmean2": 6.94099855423,
        "dvar": 23.6138191223,
        "dvar2": 45.1974983215,
        "max": 57,
        "mean": 18.2522659302,
        "median": 16,
        "min": 0,
        "var": 86.4139022827
    },
    "spectral_decrease": {
        "dmean": 2.26873453357e-09,
        "dmean2": 3.35044747501e-09,
        "dvar": 5.9044069406e-18,
        "dvar2": 1.20930281766e-17,
        "max": 5.55340455017e-29,
        "mean": -6.17022388738e-09,
        "median": -5.0980073496e-09,
        "min": -2.83294721015e-08,
        "var": 1.98182184641e-17
    },
    "spectral_energy": {
        "dmean": 0.00916813500226,
        "dmean2": 0.0134682804346,
        "dvar": 9.54613060458e-05,
        "dvar2": 0.000192818086362,
        "max": 0.116877943277,
        "mean": 0.0258141290396,
        "median": 0.0214071199298,
        "min": 1.1168810735e-20,
        "var": 0.000324910128256
    },
    "spectral_energyband_high": {
        "dmean": 0.000665016064886,
        "dmean2": 0.000981405843049,
        "dvar": 1.02415015135e-06,
        "dvar2": 2.32474053519e-06,
        "max": 0.0156764984131,
        "mean": 0.00175974657759,
        "median": 0.00125899049453,
        "min": 8.4762368669e-21,
        "var": 2.81061920759e-06
    },
    "spectral_energyband_low": {
        "dmean": 0.00525090564042,
        "dmean2": 0.00815259106457,
        "dvar": 6.13914307905e-05,
        "dvar2": 0.000132208209834,
        "max": 0.0730690062046,
        "mean": 0.00991833209991,
        "median": 0.00486798631027,
        "min": 1.23726408501e-22,
        "var": 0.000171874286025
    },
    "spectral_energyband_middle_high": {
        "dmean": 0.0030465722084,
        "dmean2": 0.00445690052584,
        "dvar": 3.08501330437e-05,
        "dvar2": 6.01046449447e-05,
        "max": 0.106826990843,
        "mean": 0.00754072004929,
        "median": 0.00294404523447,
        "min": 1.38601916939e-21,
        "var": 0.000129626540001
    },
    "spectral_energyband_middle_low": {
        "dmean": 0.00416846666485,
        "dmean2": 0.00653746724129,
        "dvar": 3.55782576662e-05,
        "dvar2": 8.43720408739e-05,
        "max": 0.100212417543,
        "mean": 0.00748851988465,
        "median": 0.0049895150587,
        "min": 3.48251595448e-22,
        "var": 6.0607209889e-05
    },
    "spectral_entropy": {
        "dmean": 0.119584217668,
        "dmean2": 0.17784550786,
        "dvar": 0.0119561422616,
        "dvar2": 0.0247297361493,
        "max": 9.81216812134,
        "mean": 7.99472093582,
        "median": 8.05157279968,
        "min": 6.64557695389,
        "var": 0.108918502927
    },
    "spectral_flux": {
        "dmean": 0.0264540519565,
        "dmean2": 0.0397682189941,
        "dvar": 0.000656366173644,
        "dvar2": 0.00131806230638,
        "max": 0.392740637064,
        "mean": 0.0945942848921,
        "median": 0.084820330143,
        "min": 1.0568259462e-10,
        "var": 0.00209904857911
    },
    "spectral_kurtosis": {
        "dmean": 0.63479578495,
        "dmean2": 1.03595125675,
        "dvar": 0.506623148918,
        "dvar2": 1.4528491497,
        "max": 15.6325340271,
        "mean": 1.4449108839,
        "median": 1.04678869247,
        "min": -1.20953369141,
        "var": 2.59700703621
    },
    "spectral_rms": {
        "dmean": 0.000885314133484,
        "dmean2": 0.00127914152108,
        "dvar": 6.73213605751e-07,
        "dvar2": 1.27534065086e-06,
        "max": 0.0106783546507,
        "mean": 0.00470690941438,
        "median": 0.00457001011819,
        "min": 3.30096974061e-12,
        "var": 3.02956095766e-06
    },
    "spectral_rolloff": {
        "dmean": 910.651123047,
        "dmean2": 1488.07727051,
        "dvar": 1750100.25,
        "dvar2": 3900781,
        "max": 18626.2207031,
        "mean": 2391.05810547,
        "median": 1658.05664062,
        "min": 64.599609375,
        "var": 5113274.5
    },
    "spectral_skewness": {
        "dmean": 0.132767558098,
        "dmean2": 0.207117885351,
        "dvar": 0.0145010352135,
        "dvar2": 0.0341385230422,
        "max": 2.49527931213,
        "mean": 1.10203170776,
        "median": 1.09043967724,
        "min": -0.000761374132708,
        "var": 0.098869740963
    },
    "spectral_spread": {
        "dmean": 499252.96875,
        "dmean2": 738529.0625,
        "dvar": 330986258432,
        "dvar2": 531374669824,
        "max": 39187176,
        "mean": 6099588.5,
        "median": 6145624,
        "min": 2156742.25,
        "var": 2.71225218662e+12
    },
    "spectral_strongpeak": {
        "dmean": 0.580986618996,
        "dmean2": 0.963393509388,
        "dvar": 1.1344178915,
        "dvar2": 2.70474481583,
        "max": 29.3035564423,
        "mean": 1.13179659843,
        "median": 0.423731386662,
        "min": 0,
        "var": 3.31789946556
    },
    "zerocrossingrate": {
        "dmean": 0.0138513799757,
        "dmean2": 0.0162103362381,
        "dvar": 0.000203538307687,
        "dvar2": 0.000239447006606,
        "max": 0.6953125,
        "mean": 0.0927171930671,
        "median": 0.08203125,
        "min": 0.00732421875,
        "var": 0.00209133583121
    },
    "barkbands": {
        "dmean": [0.000126945655211, 0.00346416910179, 0.00255568698049, 0.00110479805153, 0.00102010776754, 0.00100288714748, 0.000715055153705, 0.000872989010531, 0.00126447959337, 0.00097638159059, 0.0011398709612, 0.000652258459013, 0.000553290941752, 0.000313242344419, 0.000335836055456, 0.000377274787752, 0.000235063169384, 0.000208268451388, 0.000186626275536, 0.000133013891173, 0.000117008727102, 0.000104161008494, 0.000185251730727, 0.000243996139034, 0.000105993764009, 2.0013239066e-07, 1.03189368161e-09],
        "dmean2": [0.000202569193789, 0.00510707683861, 0.0042247180827, 0.00187363626901, 0.00173403951339, 0.00166923936922, 0.00119168567471, 0.0014434279874, 0.00207259855233, 0.00155752617866, 0.00176444626413, 0.00105914042797, 0.000877416983712, 0.000512063037604, 0.000531606609002, 0.00060052977642, 0.00036873127101, 0.000332183786668, 0.000293879536912, 0.000210635669646, 0.000182894174941, 0.000161647927598, 0.000276792794466, 0.000387464999221, 0.000166021563928, 3.39713125186e-07, 1.90013293988e-09],
        "dvar": [6.57767600387e-08, 3.56825585186e-05, 2.96076632367e-05, 5.73034094487e-06, 3.61984007213e-06, 6.53681490803e-06, 2.81131019619e-06, 4.35569882029e-06, 1.25840815599e-05, 1.10980390673e-05, 1.22799856399e-05, 6.80725543134e-06, 4.61253785033e-06, 1.52512973273e-06, 1.49921379489e-06, 1.73291391548e-06, 8.73748660979e-07, 3.05320185134e-07, 1.2837541874e-07, 5.03230168647e-08, 6.18200175495e-08, 3.33598997315e-08, 8.97419170087e-08, 2.32402200595e-07, 3.68553934038e-08, 1.93466404464e-13, 2.79087760825e-18],
        "dvar2": [1.54929836071e-07, 7.69600155763e-05, 7.49259343138e-05, 1.54997014761e-05, 1.00394991023e-05, 1.67079324456e-05, 7.03257546775e-06, 1.09338316179e-05, 3.15593133564e-05, 2.56958464888e-05, 2.67580326181e-05, 1.59606042871e-05, 1.02690137282e-05, 4.08508594774e-06, 3.58785678145e-06, 4.09813128499e-06, 1.90655998722e-06, 7.09947926225e-07, 2.98733567661e-07, 1.22902534372e-07, 1.41213234883e-07, 7.59399938488e-08, 2.07242536021e-07, 6.00395821948e-07, 9.22394391978e-08, 5.26717395827e-13, 8.09656294968e-18],
        "max": [0.0044810520485, 0.067187577486, 0.0541954860091, 0.0435217879713, 0.0389393158257, 0.0953870341182, 0.0384142510593, 0.0444654971361, 0.0892980322242, 0.0695490092039, 0.0849390849471, 0.0835985019803, 0.0809037834406, 0.042775683105, 0.0451097674668, 0.0411327518523, 0.0548065006733, 0.0239426605403, 0.00714761065319, 0.00506810750812, 0.00812856480479, 0.00512796686962, 0.0076861847192, 0.0124559206888, 0.00303305708803, 1.36974394991e-05, 6.25486862305e-08],
        "mean": [0.000174490371137, 0.00639594299719, 0.00259719695896, 0.00119257566985, 0.00134356238414, 0.00121990556363, 0.000782855844591, 0.00101895455737, 0.00164623127785, 0.00120524014346, 0.00208813720383, 0.00103295198642, 0.000789321551565, 0.000372403708752, 0.00048859679373, 0.000514158571605, 0.000372570473701, 0.00035893774475, 0.000343936757417, 0.000261947425315, 0.000206574695767, 0.000237676227698, 0.000421747303335, 0.000548640091438, 0.000199312082259, 2.10872883599e-07, 1.06746089745e-09],
        "median": [2.71979406534e-05, 0.00130623031873, 0.000900001672562, 0.000511512218509, 0.000643356237561, 0.000373869901523, 0.00022780065774, 0.000312742544338, 0.000520064262673, 0.000259445776464, 0.000304891727865, 0.000189732934814, 0.000168271770235, 0.000126598693896, 0.000174589193193, 0.000123522113427, 0.000130456755869, 0.000164062570548, 0.000141158001497, 0.000134026049636, 0.000106095911178, 0.000146584163303, 0.000273382087471, 0.000367374916095, 0.000109307395178, 8.10689257946e-08, 5.71130087668e-10],
        "min": [2.41557429109e-23, 5.69844845157e-23, 2.51533032795e-23, 2.25054790294e-23, 4.58299660723e-23, 3.90366525217e-23, 3.3231182151e-23, 8.32581028092e-23, 1.10175179166e-22, 9.23747852752e-23, 2.33140583018e-23, 4.15955816141e-23, 8.60267647729e-23, 1.26539839898e-22, 1.10813323462e-22, 2.11727881446e-22, 1.36173952009e-22, 1.35151373706e-22, 2.45413693603e-22, 4.08255864752e-22, 2.63877835059e-22, 6.12928767485e-22, 6.24286042114e-22, 9.89585287755e-22, 1.13827897982e-21, 2.40894926682e-21, 2.46816457424e-21],
        "var": [1.132538614e-07, 0.000106888088339, 2.75471102213e-05, 4.80042990603e-06, 4.03590956921e-06, 7.91342517914e-06, 3.27320367433e-06, 5.15592137162e-06, 1.57562808454e-05, 1.37814522532e-05, 3.79117700504e-05, 2.00028316613e-05, 1.01405976238e-05, 1.30715807245e-06, 2.28306225836e-06, 2.5473777896e-06, 1.51140159232e-06, 5.19055845416e-07, 3.05760750052e-07, 1.18646028113e-07, 1.05555912455e-07, 9.41777074104e-08, 2.29222521853e-07, 4.35086974448e-07, 6.48288178695e-08, 1.8981172157e-13, 2.12493455622e-18]
    },
    "erbbands": {
        "dmean": [0.11313907057, 0.796901166439, 2.46518540382, 3.72883009911, 2.55277466774, 4.03686761856, 6.52525997162, 8.06147956848, 7.80456161499, 14.3393173218, 22.437253952, 28.1606006622, 24.1634368896, 44.4084205627, 31.5833950043, 25.0688686371, 23.96027565, 18.1925010681, 15.2313461304, 16.0498409271, 20.0044937134, 12.1387262344, 10.9302511215, 11.0200834274, 7.07686471939, 6.47368717194, 4.89808320999, 4.46482992172, 3.80040335655, 4.33555173874, 5.22034692764, 7.03439331055, 2.90738916397, 1.76450788975, 0.484270185232, 0.0260312706232, 0.000746264646295, 6.05075183557e-05, 1.30668240672e-05, 1.23204690681e-05],
        "dmean2": [0.16263961792, 1.18568789959, 3.94497966766, 6.20605611801, 4.25096416473, 6.69670629501, 10.9118442535, 13.4194002151, 12.9796257019, 23.7646026611, 36.899723053, 46.1740989685, 38.8104133606, 67.9981002808, 48.0076751709, 39.2511138916, 38.0382423401, 28.3812732697, 24.0126991272, 25.1726722717, 31.316034317, 18.6908187866, 17.184709549, 17.1241931915, 11.1121311188, 10.2503738403, 7.63789844513, 6.98435735703, 5.95715475082, 6.64655923843, 7.8175330162, 11.3209238052, 4.51066923141, 2.82732868195, 0.736663281918, 0.0392802767456, 0.00111789361108, 9.05335982679e-05, 1.89594975382e-05, 1.79037433554e-05],
        "dvar": [0.045945674181, 1.92121767998, 25.999212265, 59.9528465271, 24.1449337006, 58.5793609619, 214.598846436, 517.601989746, 323.172027588, 1034.98278809, 3335.67285156, 6452.86669922, 8662.98632812, 18310.9746094, 11679.6884766, 9200.4765625, 8100.98242188, 4790.63378906, 2261.80395508, 2896.64160156, 4482.77441406, 2327.02319336, 1014.50305176, 486.600494385, 145.74269104, 127.186759949, 127.856292725, 79.0384902954, 46.7639274597, 47.0567245483, 76.6874389648, 241.282302856, 20.7131843567, 12.1440238953, 0.670644521713, 0.00204061879776, 1.53546591264e-06, 9.28082233287e-09, 3.07629616225e-10, 1.71537783977e-10],
        "dvar2": [0.0890358164907, 4.17358207703, 63.1567955017, 153.562637329, 62.631729126, 157.631149292, 558.951293945, 1310.26867676, 814.69543457, 2684.18579102, 8438.96191406, 16153.078125, 21492.09375, 41784.65625, 24150.5878906, 21344.7617188, 19100.6933594, 10979.4726562, 5135.67089844, 6855.36816406, 9915.11328125, 5096.18212891, 2280.87841797, 1138.54431152, 343.742462158, 317.259399414, 292.470367432, 184.250457764, 105.23626709, 108.312614441, 178.003158569, 620.795227051, 51.8337669373, 31.557434082, 1.52965283394, 0.00440578814596, 3.37655569638e-06, 2.11793942384e-08, 6.88504642188e-10, 3.37015970686e-10],
        "max": [2.87852287292, 16.9477996826, 52.3324699402, 95.6956558228, 89.790687561, 180.15411377, 357.242919922, 841.772338867, 333.353118896, 684.690002441, 1287.49145508, 1959.45349121, 2624.9440918, 3479.40307617, 3464.41455078, 3400.85107422, 3616.71972656, 2380.1340332, 2247.81738281, 2324.38476562, 2661.48852539, 3273.99047852, 1473.74645996, 440.135772705, 252.044509888, 295.908599854, 479.604064941, 240.918838501, 227.689956665, 144.419281006, 241.423629761, 441.377655029, 66.9164276123, 63.4880447388, 17.6546363831, 1.15035963058, 0.027334548533, 0.00168557965662, 0.000232003672863, 0.000166788391653],
        "mean": [0.206245660782, 1.35174894333, 2.75760698318, 4.11173295975, 3.41948485374, 5.23666095734, 8.26403903961, 9.33732700348, 8.58902263641, 16.4698047638, 28.203962326, 37.5752754211, 31.4467716217, 80.2036819458, 54.1460876465, 41.1615066528, 35.8582611084, 25.6118049622, 21.7952785492, 25.1367321014, 29.3887500763, 20.9573020935, 19.4376792908, 20.3071479797, 14.1584310532, 12.5079679489, 8.96207523346, 8.0830039978, 8.32281208038, 9.79919338226, 11.9925384521, 14.7185640335, 6.80418968201, 3.14806008339, 0.941790223122, 0.0501922219992, 0.00153892685194, 0.000135862923344, 3.73950897483e-05, 3.77697942895e-05],
        "median": [0.0248407199979, 0.356543630362, 1.11723685265, 1.7741240263, 1.66989910603, 2.25084280968, 2.46613788605, 3.08315992355, 2.9418399334, 5.76166915894, 8.64863872528, 12.8134651184, 10.0698490143, 13.2927932739, 10.3022527695, 9.69554424286, 8.98167800903, 8.37072372437, 8.92992305756, 8.82996463776, 8.06786155701, 7.49641704559, 8.96386432648, 8.62271118164, 7.03379440308, 6.51725530624, 4.8575758934, 4.23165893555, 5.01366949081, 6.18416500092, 7.876912117, 9.35232639313, 4.65632534027, 1.72739291191, 0.519253253937, 0.0279207471758, 0.00089999352349, 8.57280756463e-05, 3.03318793158e-05, 3.24010870827e-05],
        "min": [2.54394146732e-21, 9.00467360797e-21, 2.85972170513e-20, 7.13056248273e-20, 9.07540368957e-20, 1.94139845528e-19, 1.06704211681e-19, 4.67110597969e-19, 6.01870675764e-19, 8.96654788418e-19, 1.74721100809e-18, 2.7038883999e-18, 2.25825084195e-18, 2.45834066225e-18, 1.06606820211e-18, 2.30378279197e-18, 3.70521286528e-18, 4.48011938543e-18, 7.54652837418e-18, 7.68759492866e-18, 9.64322112313e-18, 8.20502204441e-18, 8.13941835003e-18, 1.22807576438e-17, 1.25454537854e-17, 2.00591662504e-17, 9.21975510752e-18, 1.60722053287e-17, 2.11857382682e-17, 2.00783684211e-17, 1.84309704024e-17, 2.06797585049e-17, 1.54829268234e-17, 1.15177133072e-17, 8.99246903624e-18, 6.46638476337e-18, 5.21648838802e-18, 1.37910653652e-18, 3.43969099057e-19, 4.14380586879e-20],
        "var": [0.127588301897, 5.02268123627, 28.0795288086, 55.2323722839, 28.489118576, 71.6397857666, 284.738372803, 581.452270508, 330.595062256, 1106.73278809, 4392.46923828, 8201.97363281, 8756.88964844, 48607.3867188, 26140.3242188, 27892.0800781, 15945.8076172, 7090.31787109, 2935.4206543, 4725.49169922, 7129.97216797, 4480.74121094, 1683.67004395, 1048.9753418, 398.740753174, 264.989196777, 214.739776611, 144.263931274, 118.739883423, 124.751831055, 186.485351562, 408.351318359, 49.9096412659, 17.3287715912, 1.50109183788, 0.00475940993056, 3.71904025087e-06, 2.28882672815e-08, 8.34424529472e-10, 5.78341374791e-10]
    },
    "gfcc": {
        "mean": [8.45526885986, 73.7503128052, -135.512908936, 49.6031761169, -84.3022232056, 39.6535949707, -43.909778595, 16.1975765228, -17.9534244537, -10.5079689026, -4.69531011581, -14.0694999695, -0.653523921967],
        "cov": [[2352.27416992, 45.1399726868, 412.327941895, 285.687133789, 23.0185203552, 100.333992004, -133.310852051, 112.177902222, -47.4022827148, 62.596157074, -1.01262569427, -3.75816011429, -17.6349048615], [45.1399726868, 728.587158203, 455.082397461, 253.736724854, 196.935531616, 29.2895050049, 85.761177063, 41.9773483276, 119.265762329, 42.0833854675, 57.9788322449, -20.5049381256, 41.790561676], [412.327941895, 455.082397461, 1518.36828613, 797.297302246, 251.252655029, 366.459533691, -30.2615756989, 115.807853699, 131.51083374, 130.260620117, 46.1966133118, 32.9233131409, -23.3117542267], [285.687133789, 253.736724854, 797.297302246, 574.216064453, 216.462051392, 175.46812439, -10.4096632004, 82.574760437, 100.675689697, 53.2072372437, 34.0104179382, 28.3861141205, 15.7297801971], [23.0185203552, 196.935531616, 251.252655029, 216.462051392, 246.145401001, 119.356361389, 78.9304046631, 68.5338439941, 46.9830245972, 16.2630767822, 46.7833137512, 11.4519462585, 26.7437572479], [100.333992004, 29.2895050049, 366.459533691, 175.46812439, 119.356361389, 278.243499756, 109.588233948, 29.2469329834, -12.5821800232, 24.1496429443, 46.0882034302, 13.5566091537, -27.0888328552], [-133.310852051, 85.761177063, -30.2615756989, -10.4096632004, 78.9304046631, 109.588233948, 207.980056763, 41.9610176086, -5.90849304199, -16.5900363922, 50.8507804871, -0.558374404907, 13.6234855652], [112.177902222, 41.9773483276, 115.807853699, 82.574760437, 68.5338439941, 29.2469329834, 41.9610176086, 136.926071167, 68.943359375, 13.9635343552, 15.6789741516, 8.18993854523, 25.89635849], [-47.4022827148, 119.265762329, 131.51083374, 100.675689697, 46.9830245972, -12.5821800232, -5.90849304199, 68.943359375, 154.967132568, 47.2138938904, 7.59598636627, 6.88318729401, 27.6196861267], [62.596157074, 42.0833854675, 130.260620117, 53.2072372437, 16.2630767822, 24.1496429443, -16.5900363922, 13.9635343552, 47.2138938904, 94.2236862183, 30.5456542969, 4.88688850403, -7.43799829483], [-1.01262569427, 57.9788322449, 46.1966133118, 34.0104179382, 46.7833137512, 46.0882034302, 50.8507804871, 15.6789741516, 7.59598636627, 30.5456542969, 105.593490601, 29.1590080261, 15.3982982635], [-3.75816011429, -20.5049381256, 32.9233131409, 28.3861141205, 11.4519462585, 13.5566091537, -0.558374404907, 8.18993854523, 6.88318729401, 4.88688850403, 29.1590080261, 70.8363571167, 31.4807701111], [-17.6349048615, 41.790561676, -23.3117542267, 15.7297801971, 26.7437572479, -27.0888328552, 13.6234855652, 25.89635849, 27.6196861267, -7.43799829483, 15.3982982635, 31.4807701111, 76.6867980957]],
        "icov": [[0.000655564304907, -0.000563981826417, 0.000727609556634, -0.00100461975671, 0.000895837147254, -0.00112870894372, 0.00120990315918, -0.00151357322466, 0.00126949243713, -0.000760957365856, 0.000177995796548, 0.000110499451694, -0.000141728596645], [-0.000563981826417, 0.00452503748238, -0.00382484984584, 0.00317300739698, -0.00415190309286, 0.00560519564897, -0.00433558644727, 0.00427736993879, -0.00320382718928, 0.00171692890581, -0.00172461790498, 0.00214504892938, -0.000869295676239], [0.000727609556634, -0.00382484984584, 0.00723219057545, -0.00771849742159, 0.00524275004864, -0.00803646445274, 0.00522171426564, -0.00486847897992, 0.00311971106566, -0.00367569923401, 0.00188429560512, -0.00118312286213, 0.000709813262802], [-0.00100461975671, 0.00317300739698, -0.00771849742159, 0.0125260362402, -0.00778373191133, 0.00586990220472, -0.00283787841909, 0.00462826434523, -0.00480170408264, 0.00439633661881, -0.00172046641819, 0.000206538257771, -0.000730089610443], [0.000895837147254, -0.00415190309286, 0.00524275004864, -0.00778373191133, 0.0129772284999, -0.00788686610758, 0.0030958657153, -0.00611481303349, 0.00329143065028, -0.00221655191854, 0.000215319480048, 0.000144543679198, -0.00164082169067], [-0.00112870894372, 0.00560519564897, -0.00803646445274, 0.00586990220472, -0.00788686610758, 0.0178950224072, -0.0113285230473, 0.00660616159439, -0.00229503866285, 0.00197737012058, -0.0020350641571, -0.000743682787288, 0.00362457451411], [0.00120990315918, -0.00433558644727, 0.00522171426564, -0.00283787841909, 0.0030958657153, -0.0113285230473, 0.0150045566261, -0.00732342293486, 0.00333264912479, 0.000382424535928, -0.00202799239196, 0.00144152028952, -0.00181127758697], [-0.00151357322466, 0.00427736993879, -0.00486847897992, 0.00462826434523, -0.00611481303349, 0.00660616159439, -0.00732342293486, 0.0169329810888, -0.00874478835613, 0.00337258563377, -0.00130877469201, 0.00124413357116, -0.00183063151781], [0.00126949243713, -0.00320382718928, 0.00311971106566, -0.00480170408264, 0.00329143065028, -0.00229503866285, 0.00333264912479, -0.00874478835613, 0.0152828767896, -0.00783578958362, 0.00283801252954, -0.000563367444556, -0.00222936179489], [-0.000760957365856, 0.00171692890581, -0.00367569923401, 0.00439633661881, -0.00221655191854, 0.00197737012058, 0.000382424535928, 0.00337258563377, -0.00783578958362, 0.018702795729, -0.00686631025746, 0.0010935383616, 0.00270088436082], [0.000177995796548, -0.00172461790498, 0.00188429560512, -0.00172046641819, 0.000215319480048, -0.0020350641571, -0.00202799239196, -0.00130877469201, 0.00283801252954, -0.00686631025746, 0.0156817510724, -0.00629280367866, -0.000338927377015], [0.000110499451694, 0.00214504892938, -0.00118312286213, 0.000206538257771, 0.000144543679198, -0.000743682787288, 0.00144152028952, 0.00124413357116, -0.000563367444556, 0.0010935383616, -0.00629280367866, 0.02225491032, -0.0100982347503], [-0.000141728596645, -0.000869295676239, 0.000709813262802, -0.000730089610443, -0.00164082169067, 0.00362457451411, -0.00181127758697, -0.00183063151781, -0.00222936179489, 0.00270088436082, -0.000338927377015, -0.0100982347503, 0.0219176262617]]
    },
    "melbands": {
        "dmean": [0.000962723628618, 0.00109695876017, 0.000574308505747, 0.000234963736148, 0.000205695236218, 0.000180414383067, 0.000128726256662, 0.000157387315994, 0.000199634407181, 0.000177032823558, 0.000121418641356, 0.000177967885975, 0.000127416511532, 7.4589952419e-05, 6.18281119387e-05, 5.72009339521e-05, 3.29578069795e-05, 2.47495099757e-05, 2.6838722988e-05, 2.5497882234e-05, 2.39091968979e-05, 1.44834175444e-05, 1.07447413029e-05, 1.00713132269e-05, 9.78203570412e-06, 6.77968318996e-06, 4.57901160189e-06, 4.75473370898e-06, 3.39455300491e-06, 2.80111225948e-06, 2.73714704235e-06, 2.16447483581e-06, 2.53158714258e-06, 2.70877308139e-06, 3.20389494846e-06, 4.2594306251e-06, 4.46956300948e-06, 2.45612022809e-06, 1.33544551773e-06, 1.71678232164e-06],
        "dmean2": [0.00140722899232, 0.0016740092542, 0.000925762637053, 0.000396831514081, 0.000342373241438, 0.000300090177916, 0.000214103318285, 0.00026103813434, 0.000328399968566, 0.000289459014311, 0.000197020883206, 0.000272989011137, 0.000193498533918, 0.000119673881272, 0.000100596844277, 9.08500951482e-05, 5.25678879058e-05, 3.95463284804e-05, 4.2942850996e-05, 4.13874913647e-05, 3.77833566745e-05, 2.26930151257e-05, 1.70658422576e-05, 1.60441086337e-05, 1.53510227392e-05, 1.07732457764e-05, 7.35895491744e-06, 7.60611692385e-06, 5.37329924555e-06, 4.40519170297e-06, 4.36990467279e-06, 3.44469913216e-06, 4.0044110392e-06, 4.21774484494e-06, 4.88788418807e-06, 6.82568634147e-06, 7.30139572624e-06, 3.8950211092e-06, 2.06355844057e-06, 2.82915334537e-06],
        "dvar": [2.93027574116e-06, 3.6657640976e-06, 1.25551798646e-06, 2.12304399838e-07, 1.75914408374e-07, 2.40059677026e-07, 8.55568984548e-08, 1.17506274933e-07, 2.7707514505e-07, 2.67660453801e-07, 2.31162886166e-07, 3.05308617499e-07, 1.66699535953e-07, 8.99056686876e-08, 7.32029334927e-08, 6.0815857239e-08, 1.77784613697e-08, 5.98993432632e-09, 1.11354800936e-08, 1.01885033743e-08, 6.55262955007e-09, 3.138821425e-09, 1.62978730511e-09, 8.08377864647e-10, 4.16797124592e-10, 1.94095337025e-10, 5.91687948637e-11, 8.08099490102e-11, 6.5767835622e-11, 3.403639523e-11, 3.13594462897e-11, 1.52760269712e-11, 2.14327063042e-11, 2.0106678475e-11, 3.45985011474e-11, 6.23992663096e-11, 9.54952714127e-11, 1.4355914027e-11, 4.25689778566e-12, 1.43859845911e-11],
        "dvar2": [5.9037201936e-06, 7.71772101871e-06, 3.02797184304e-06, 5.82832569762e-07, 4.58058593722e-07, 6.06212040566e-07, 2.12899536223e-07, 3.04691326392e-07, 7.03624380094e-07, 6.64951528506e-07, 5.74278942622e-07, 7.04912963556e-07, 3.55268724661e-07, 2.02180061137e-07, 1.78801727202e-07, 1.38248779535e-07, 4.39571827826e-08, 1.38301228247e-08, 2.65144315392e-08, 2.57666581405e-08, 1.46456082817e-08, 6.98919855324e-09, 3.80022635582e-09, 1.90851556781e-09, 9.88091053422e-10, 4.70238903372e-10, 1.51812798443e-10, 2.04121400338e-10, 1.51893470024e-10, 7.7396367093e-11, 7.60929236288e-11, 3.49441343916e-11, 5.1129139117e-11, 4.75761513519e-11, 8.25037191343e-11, 1.54527016183e-10, 2.47035836232e-10, 3.69517715038e-11, 1.01033036104e-11, 3.85440984685e-11],
        "max": [0.0220251940191, 0.0212371628731, 0.0153610771522, 0.00746821472421, 0.0106314644217, 0.018416877836, 0.00602953694761, 0.00837962329388, 0.0128343701363, 0.0138720814139, 0.0133496755734, 0.014079333283, 0.0133100710809, 0.00883011333644, 0.0110606970266, 0.00976503640413, 0.00440373737365, 0.00310513004661, 0.0038987568114, 0.00394914671779, 0.00298963859677, 0.00310417660512, 0.00218603899702, 0.00138459948357, 0.000422056647949, 0.000344221276464, 0.000254690443398, 0.000237076936173, 0.000323147774907, 0.000187755955267, 0.00018797654775, 0.000141436379636, 0.000175350432983, 0.000127353516291, 0.000219657507841, 0.000155238652951, 0.000298010680126, 5.62752429687e-05, 3.28203896061e-05, 7.50431645429e-05],
        "mean": [0.0018187413225, 0.00159708864521, 0.000689940468874, 0.000303499546135, 0.000272870034678, 0.000212360580917, 0.000143280965858, 0.00018175614241, 0.000250248005614, 0.000232789199799, 0.000147179991473, 0.000309250463033, 0.000223628274398, 0.000120610486192, 8.46621042001e-05, 8.24264352559e-05, 4.16087641497e-05, 3.10686336888e-05, 3.9818129153e-05, 3.37280071108e-05, 3.34369178745e-05, 2.26632400881e-05, 1.6950592908e-05, 1.6912481442e-05, 1.67449234141e-05, 1.19587284644e-05, 8.52238463267e-06, 8.39178937895e-06, 5.78448089072e-06, 4.73360933029e-06, 4.64086588181e-06, 4.36894015365e-06, 5.23274593434e-06, 5.57228213438e-06, 6.57426608086e-06, 8.80331117514e-06, 8.91441413842e-06, 5.44534850633e-06, 2.7815865451e-06, 2.64179311671e-06],
        "median": [0.000296134909149, 0.000707459577825, 0.000324074440869, 0.000137349808938, 0.00010345204646, 6.84965125402e-05, 4.54901492049e-05, 6.29448186373e-05, 6.97420400684e-05, 7.51205370761e-05, 3.90675486415e-05, 4.81878778373e-05, 3.67176362488e-05, 2.20817855734e-05, 1.9292034267e-05, 1.69207014551e-05, 1.3107110135e-05, 1.18053394544e-05, 1.35954151119e-05, 8.85397003003e-06, 8.80798052094e-06, 7.50302888264e-06, 7.27839869796e-06, 7.47717285776e-06, 6.61183139528e-06, 4.99989573655e-06, 4.47441243523e-06, 4.09928725276e-06, 2.94322444461e-06, 2.35513698499e-06, 2.34580556935e-06, 2.58576483247e-06, 3.09181086777e-06, 3.43603278452e-06, 4.09797030443e-06, 5.43443729839e-06, 5.59322279514e-06, 3.74701721739e-06, 1.69767793068e-06, 1.28325461901e-06],
        "min": [1.99283177837e-23, 1.44334219514e-23, 1.17918013034e-23, 9.85460977792e-24, 5.38881257877e-24, 9.78919743166e-24, 8.3443190088e-24, 1.29134960351e-23, 1.40165957377e-23, 1.72054839055e-23, 1.17925870088e-23, 1.11312257474e-23, 2.94666901852e-24, 4.71701153214e-24, 8.30139629809e-24, 6.57168820691e-24, 9.28009579129e-24, 1.27606660677e-23, 9.49286893236e-24, 1.33749914976e-23, 1.00542696842e-23, 7.44801445943e-24, 7.42466733208e-24, 8.54272225963e-24, 1.0143022058e-23, 7.87823237586e-24, 1.17160296357e-23, 1.43138416822e-23, 5.51247835858e-24, 5.87195635663e-24, 1.10127798602e-23, 1.33794043855e-23, 9.47064908725e-24, 1.13295106691e-23, 9.44281965223e-24, 1.22472533025e-23, 1.29123553423e-23, 1.14722353284e-23, 1.0311797271e-23, 9.00538523624e-24],
        "var": [8.97123391042e-06, 6.55714165987e-06, 1.33697380988e-06, 2.31721060118e-07, 2.3997046128e-07, 2.76738830962e-07, 9.47195175627e-08, 1.24791696976e-07, 3.76982768557e-07, 3.33965431309e-07, 2.28801624758e-07, 7.38698190617e-07, 4.35310482771e-07, 2.85209182493e-07, 1.64100967481e-07, 1.35949349556e-07, 1.98497644988e-08, 6.70828148586e-09, 1.93032665408e-08, 1.21998704472e-08, 9.64066071418e-09, 5.72846614588e-09, 2.01845584691e-09, 1.35745259477e-09, 8.29035562422e-10, 4.27359925226e-10, 1.56014257069e-10, 1.48223960883e-10, 1.06642056297e-10, 5.87137560792e-11, 5.26279436697e-11, 3.45247684608e-11, 6.56437890156e-11, 4.44750035411e-11, 7.45651526635e-11, 1.21587059865e-10, 1.5874652981e-10, 3.20851054059e-11, 1.0236956248e-11, 1.62067442799e-11]
    },
    "mfcc": {
        "mean": [-615.075744629, 79.1893157959, 12.3882017136, 4.50997209549, 3.07500958443, 3.51380848885, 1.0597243309, 11.8095197678, -1.74830985069, 7.54467439651, -3.39150595665, 0.75920778513, -3.05745410919],
        "cov": [[1946.27539062, -130.265716553, 124.060806274, 61.8565788269, 104.788368225, -79.8360671997, 2.98677301407, -58.8537368774, -10.7866392136, 4.52023267746, -22.6489086151, 5.51390504837, 14.3093194962], [-130.265716553, 554.726867676, 150.376220703, 165.516265869, 88.7394332886, 53.2179260254, 35.8363265991, 21.484790802, 46.3570785522, 66.8712844849, 51.2756614685, 22.5227031708, 13.4685230255], [124.060806274, 150.376220703, 1251.89733887, 457.061706543, 480.905822754, 315.626220703, 110.001182556, 84.0767440796, 68.8158721924, 111.362327576, 90.9622497559, 119.809234619, 32.3302650452], [61.8565788269, 165.516265869, 457.061706543, 404.467224121, 294.452575684, 96.3377990723, 30.7380313873, 56.8936195374, 72.9033966064, 66.600112915, 22.2130908966, 60.6998977661, 36.8029327393], [104.788368225, 88.7394332886, 480.905822754, 294.452575684, 370.177398682, 129.20010376, 50.3501396179, 62.721824646, 63.1613769531, 69.5128860474, 31.9744586945, 70.2227706909, 35.4324378967], [-79.8360671997, 53.2179260254, 315.626220703, 96.3377990723, 129.20010376, 236.800613403, 119.236709595, 55.1333122253, 8.89694309235, 26.3157939911, 45.9424819946, 28.3657417297, 12.9270954132], [2.98677301407, 35.8363265991, 110.001182556, 30.7380313873, 50.3501396179, 119.236709595, 235.997421265, 91.3124008179, -13.5565671921, 48.2969474792, 9.51465034485, -3.55537009239, 31.4465713501], [-58.8537368774, 21.484790802, 84.0767440796, 56.8936195374, 62.721824646, 55.1333122253, 91.3124008179, 139.230361938, 49.0819740295, 34.5626716614, 5.82768630981, 11.4730215073, 19.4153366089], [-10.7866392136, 46.3570785522, 68.8158721924, 72.9033966064, 63.1613769531, 8.89694309235, -13.5565671921, 49.0819740295, 110.298141479, 40.6440696716, 20.3632469177, 17.302192688, -4.38657283783], [4.52023267746, 66.8712844849, 111.362327576, 66.600112915, 69.5128860474, 26.3157939911, 48.2969474792, 34.5626716614, 40.6440696716, 112.231834412, 37.3749847412, 20.6796646118, 5.43526124954], [-22.6489086151, 51.2756614685, 90.9622497559, 22.2130908966, 31.9744586945, 45.9424819946, 9.51465034485, 5.82768630981, 20.3632469177, 37.3749847412, 87.6106262207, 38.7898216248, 4.15781545639], [5.51390504837, 22.5227031708, 119.809234619, 60.6998977661, 70.2227706909, 28.3657417297, -3.55537009239, 11.4730215073, 17.302192688, 20.6796646118, 38.7898216248, 85.7985076904, 28.6935024261], [14.3093194962, 13.4685230255, 32.3302650452, 36.8029327393, 35.4324378967, 12.9270954132, 31.4465713501, 19.4153366089, -4.38657283783, 5.43526124954, 4.15781545639, 28.6935024261, 75.9897537231]],
