{
"lowlevel": {
    "average_loudness": 0.93720883131,
    "barkbands_crest": {
        "dmean": 2.99164175987,
        "dmean2": 4.78236865997,
        "dvar": 7.76245975494,
        "dvar2": 17.6350421906,
        "max": 25.8662605286,
        "mean": 10.091758728,
        "median": 9.11971378326,
        "min": 2.217710495,
        "var": 21.6156272888
    },
    "barkbands_flatness_db": {
        "dmean": 0.0212350077927,
        "dmean2": 0.0329720191658,
        "dvar": 0.000414276611991,
        "dvar2": 0.000941403326578,
        "max": 0.389643073082,
        "mean": 0.150070801377,
        "median": 0.147200122476,
        "min": 0.0552433244884,
        "var": 0.00176134612411
    },
    "barkbands_kurtosis": {
        "dmean": 2.12565398216,
        "dmean2": 3.39472222328,
        "dvar": 16.6717014313,
        "dvar2": 39.2707901001,
        "max": 88.9454116821,
        "mean": 2.32882666588,
        "median": 0.707628488541,
        "min": -1.81545054913,
        "var": 31.1162433624
    },
    "barkbands_skewness": {
        "dmean": 0.526151657104,
        "dmean2": 0.814799904823,
        "dvar": 0.318150490522,
        "dvar2": 0.710161685944,
        "max": 8.37286663055,
        "mean": 1.2328979969,
        "median": 1.06367385387,
        "min": -2.46310567856,
        "var": 1.07608830929
    },
    "barkbands_spread": {
        "dmean": 5.81338357925,
        "dmean2": 8.92814350128,
        "dvar": 44.6013450623,
        "dvar2": 98.2027893066,
        "max": 113.721382141,
        "mean": 23.6294174194,
        "median": 21.5305271149,
        "min": 1.03576350212,
        "var": 146.378738403
    },
    "dissonance": {
        "dmean": 0.0176922660321,
        "dmean2": 0.0304561723024,
        "dvar": 0.000294156197924,
        "dvar2": 0.00080805097241,
        "max": 0.499999970198,
        "mean": 0.473643660545,
        "median": 0.479294508696,
        "min": 0.284805178642,
        "var": 0.000515064515639
    },
    "dynamic_complexity": 2.41261386871,
    "erbbands_crest": {
        "dmean": 2.85635972023,
        "dmean2": 4.6078286171,
        "dvar": 7.25769519806,
        "dvar2": 17.576385498,
        "max": 30.5623779297,
        "mean": 9.25761890411,
        "median": 8.00612258911,
        "min": 2.11566162109,
        "var": 23.6239261627
    },
    "erbbands_flatness_db": {
        "dmean": 0.0167905278504,
        "dmean2": 0.0240499265492,
        "dvar": 0.000234073289903,
        "dvar2": 0.000441865588073,
        "max": 0.38535580039,
        "mean": 0.183076009154,
        "median": 0.173064038157,
        "min": 0.0604032315314,
        "var": 0.00316540966742
    },
    "erbbands_kurtosis": {
        "dmean": 0.937531471252,
        "dmean2": 1.47939181328,
        "dvar": 1.54273307323,
        "dvar2": 3.50522279739,
        "max": 32.2608108521,
        "mean": 0.527694046497,
        "median": -0.0753214359283,
        "min": -1.78662323952,
        "var": 3.97983503342
    },
    "erbbands_skewness": {
        "dmean": 0.366646051407,
        "dmean2": 0.561133265495,
        "dvar": 0.105082973838,
        "dvar2": 0.234437078238,
        "max": 4.9267873764,
        "mean": 0.559701561928,
        "median": 0.539714276791,
        "min": -2.18522763252,
        "var": 0.478010624647
    },
    "erbbands_spread": {
        "dmean": 7.77160644531,
        "dmean2": 11.3547716141,
        "dvar": 69.7568664551,
        "dvar2": 142.968353271,
        "max": 150.862060547,
        "mean": 35.4319915771,
        "median": 31.1556606293,
        "min": 2.70042991638,
        "var": 326.560516357
    },
    "hfc": {
        "dmean": 9.13275718689,
        "dmean2": 12.9100942612,
        "dvar": 157.765411377,
        "dvar2": 307.329742432,
        "max": 209.082962036,
        "mean": 26.5213699341,
        "median": 23.1066303253,
        "min": 1.15843481649e-16,
        "var": 372.523651123
    },
    "melbands_crest": {
        "dmean": 3.87751126289,
        "dmean2": 6.23980712891,
        "dvar": 13.0290870667,
        "dvar2": 30.9754066467,
        "max": 34.7923851013,
        "mean": 14.4566516876,
        "median": 13.5585479736,
        "min": 1.84628868103,
        "var": 38.3924560547
    },
    "melbands_flatness_db": {
        "dmean": 0.0269812028855,
        "dmean2": 0.0405214428902,
        "dvar": 0.000765514210798,
        "dvar2": 0.00160176388454,
        "max": 0.499245792627,
        "mean": 0.159283176064,
        "median": 0.153544604778,
        "min": 0.0049645556137,
        "var": 0.00324955373071
    },
    "melbands_kurtosis": {
        "dmean": 6.44941234589,
        "dmean2": 10.3005828857,
        "dvar": 231.805130005,
        "dvar2": 561.89276123,
        "max": 346.67666626,
        "mean": 10.2150611877,
        "median": 4.57621955872,
        "min": -1.66589951515,
        "var": 399.101257324
    },
    "melbands_skewness": {
        "dmean": 0.752091228962,
        "dmean2": 1.15631401539,
        "dvar": 0.820579946041,
        "dvar2": 1.81116187572,
        "max": 16.2715377808,
        "mean": 2.23433542252,
        "median": 1.83613431454,
        "min": -1.84122383595,
        "var": 2.69407534599
    },
    "melbands_spread": {
        "dmean": 8.39613056183,
        "dmean2": 13.1165161133,
        "dvar": 103.546607971,
        "dvar2": 228.225845337,
        "max": 181.154876709,
        "mean": 27.7458839417,
        "median": 24.2683906555,
        "min": 1.39801204205,
        "var": 304.453277588
    },
    "pitch_salience": {
        "dmean": 0.0784009769559,
        "dmean2": 0.124398760498,
        "dvar": 0.00593408709392,
        "dvar2": 0.0138587048277,
        "max": 0.852964818478,
        "mean": 0.568665385246,
        "median": 0.565883517265,
        "min": 0.0716193765402,
        "var": 0.0206394530833
    },
    "silence_rate_20dB": {
        "dmean": 0,
        "dmean2": 0,
        "dvar": 0,
        "dvar2": 0,
        "max": 1,
        "mean": 1,
        "median": 1,
        "min": 1,
        "var": 0
    },
    "silence_rate_30dB": {
        "dmean": 0,
        "dmean2": 0,
        "dvar": 0,
        "dvar2": 0,
        "max": 1,
        "mean": 1,
        "median": 1,
        "min": 1,
        "var": 0
    },
    "silence_rate_60dB": {
        "dmean": 0.0151027478278,
        "dmean2": 0.030209235847,
        "dvar": 0.0148753635585,
        "dvar2": 0.0337562412024,
        "max": 1,
        "mean": 0.0388661958277,
        "median": 0,
        "min": 0,
        "var": 0.0373462550342
    },
    "spectral_centroid": {
        "dmean": 280.252685547,
        "dmean2": 435.075958252,
        "dvar": 81742.734375,
        "dvar2": 188074.359375,
        "max": 10714.3476562,
        "mean": 1706.17492676,
        "median": 1660.58898926,
        "min": 240.459716797,
        "var": 307273.15625
    },
    "spectral_complexity": {
        "dmean": 4.61896514893,
        "dmean2": 6.93599128723,
        "dvar": 24.4258174896,
        "dvar2": 45.723941803,
        "max": 57,
        "mean": 23.0637454987,
        "median": 22,
        "min": 0,
        "var": 93.9955291748
    },
    "spectral_decrease": {
        "dmean": 2.5700905848e-09,
        "dmean2": 3.96915877943e-09,
        "dvar": 1.09373766243e-17,
        "dvar2": 2.61615357095e-17,
        "max": 4.85987627441e-29,
        "mean": -6.93940016561e-09,
        "median": -5.98977134558e-09,
        "min": -2.79782543799e-08,
        "var": 2.56410720137e-17
    },
    "spectral_energy": {
        "dmean": 0.010315018706,
        "dmean2": 0.0157687459141,
        "dvar": 0.000168712518644,
        "dvar2": 0.00039402427501,
        "max": 0.110726028681,
        "mean": 0.0285964328796,
        "median": 0.0250177327543,
        "min": 1.0323924903e-20,
        "var": 0.000404878228437
    },
    "spectral_energyband_high": {
        "dmean": 0.000569227675442,
        "dmean2": 0.000787716999184,
        "dvar": 1.24333507756e-06,
        "dvar2": 2.59350804299e-06,
        "max": 0.0236156061292,
        "mean": 0.00112851941958,
        "median": 0.000611785333604,
        "min": 7.73556852198e-21,
        "var": 2.22786479753e-06
    },
    "spectral_energyband_low": {
        "dmean": 0.00561760272831,
        "dmean2": 0.00923220254481,
        "dvar": 0.000122300087241,
        "dvar2": 0.000327648973325,
        "max": 0.0974008515477,
        "mean": 0.0102980975062,
        "median": 0.00108661525883,
        "min": 9.01753085428e-23,
        "var": 0.000214015424717
    },
    "spectral_energyband_middle_high": {
        "dmean": 0.00316453864798,
        "dmean2": 0.00477235857397,
        "dvar": 1.88513149624e-05,
        "dvar2": 4.06725703215e-05,
        "max": 0.0796673074365,
        "mean": 0.00830568280071,
        "median": 0.00625174539164,
        "min": 1.3486951686e-21,
        "var": 5.47341478523e-05
    },
    "spectral_energyband_middle_low": {
        "dmean": 0.00548823038116,
        "dmean2": 0.00873823929578,
        "dvar": 6.88956788508e-05,
        "dvar2": 0.000163341901498,
        "max": 0.0778837129474,
        "mean": 0.0101094748825,
        "median": 0.00641275057569,
        "min": 3.02262569774e-22,
        "var": 0.000108881882625
    },
    "spectral_entropy": {
        "dmean": 0.127325832844,
        "dmean2": 0.186481490731,
        "dvar": 0.0169520638883,
        "dvar2": 0.0349800139666,
        "max": 9.80392074585,
        "mean": 7.83513259888,
        "median": 7.83494853973,
        "min": 5.56986045837,
        "var": 0.0864240527153
    },
    "spectral_flux": {
        "dmean": 0.0263150334358,
        "dmean2": 0.0400395132601,
        "dvar": 0.000872942677233,
        "dvar2": 0.00167801021598,
        "max": 0.296186119318,
        "mean": 0.0977475643158,
        "median": 0.086268439889,
        "min": 1.01606716096e-10,
        "var": 0.00264947605319
    },
    "spectral_kurtosis": {
        "dmean": 0.994945406914,
        "dmean2": 1.58982932568,
        "dvar": 2.09212327003,
        "dvar2": 5.47869682312,
        "max": 58.3516960144,
        "mean": 2.97941708565,
        "median": 2.76832389832,
        "min": -1.19504368305,
        "var": 5.64455223083
    },
    "spectral_rms": {
        "dmean": 0.000906194269191,
        "dmean2": 0.00133698491845,
        "dvar": 1.00157365068e-06,
        "dvar2": 2.01813145395e-06,
        "max": 0.0103935264051,
        "mean": 0.00492221815512,
        "median": 0.00494039896876,
        "min": 3.17366055311e-12,
        "var": 3.67071561413e-06
    },
    "spectral_rolloff": {
        "dmean": 646.912658691,
        "dmean2": 1051.84277344,
        "dvar": 1009791.5,
        "dvar2": 2122871.5,
        "max": 18604.6875,
        "mean": 1980.64428711,
        "median": 1507.32421875,
        "min": 64.599609375,
        "var": 2686265.25
    },
    "spectral_skewness": {
        "dmean": 0.156475424767,
        "dmean2": 0.239465743303,
        "dvar": 0.0246279574931,
        "dvar2": 0.0587570741773,
        "max": 6.12295675278,
        "mean": 1.36610662937,
        "median": 1.36663627625,
        "min": 0.0296505726874,
        "var": 0.104241229594
    },
    "spectral_spread": {
        "dmean": 471285.4375,
        "dmean2": 631843.9375,
        "dvar": 351385452544,
        "dvar2": 504868896768,
        "max": 39671464,
        "mean": 4831922,
        "median": 4676858,
        "min": 1159357.5,
        "var": 2.16229334221e+12
    },
    "spectral_strongpeak": {
        "dmean": 0.628712236881,
        "dmean2": 1.0531475544,
        "dvar": 0.964780569077,
        "dvar2": 2.43379330635,
        "max": 15.4312725067,
        "mean": 1.10073816776,
        "median": 0.575499415398,
        "min": 0,
        "var": 1.68492305279
    },
    "zerocrossingrate": {
        "dmean": 0.0119894267991,
        "dmean2": 0.0135582229123,
        "dvar": 0.000187520403415,
        "dvar2": 0.000213610488572,
        "max": 0.669921875,
        "mean": 0.0769246965647,
        "median": 0.07177734375,
        "min": 0.00732421875,
        "var": 0.00144324381836
    },
    "barkbands": {
        "dmean": [0.000252344121691, 0.0036377874203, 0.00235757301562, 0.00159435567912, 0.00119637767784, 0.000813757826108, 0.000690857181326, 0.00100795261096, 0.00201587635092, 0.00130872498266, 0.00116236251779, 0.000601060688496, 0.000554543046746, 0.000372534181224, 0.000311693816911, 0.000234531340539, 0.000319862709148, 0.000355445925379, 0.000320346589433, 0.000151923057274, 0.000112519686809, 0.000119474141684, 0.000111941000796, 0.000134361718665, 9.2718299129e-05, 1.84203813092e-07, 1.43381007067e-09],
        "dmean2": [0.000383701786632, 0.0051503861323, 0.00393921649083, 0.00288157979958, 0.00205428572372, 0.00133839796763, 0.0011243680492, 0.00163674342912, 0.0031696644146, 0.00213008187711, 0.00186689151451, 0.00098909123335, 0.000895868812222, 0.000607177324127, 0.000506094191223, 0.000373380549718, 0.000511058548, 0.000568598858081, 0.000495155691169, 0.000241143919993, 0.00017416648916, 0.000184916672879, 0.000161665433552, 0.000187177778571, 0.000127521561808, 3.14423516556e-07, 2.68287525529e-09],
        "dvar": [3.49301160441e-07, 6.0226979258e-05, 4.52567910543e-05, 2.43330196099e-05, 9.10180642677e-06, 3.92285801354e-06, 3.4614120068e-06, 5.4738311519e-06, 1.58210768859e-05, 8.40537268232e-06, 4.55467215943e-06, 1.60943920946e-06, 1.7193764279e-06, 7.60921068377e-07, 7.59123281568e-07, 6.57902205603e-07, 6.59995123442e-07, 6.451729746e-07, 4.3557781737e-07, 6.7652209168e-08, 6.87069245942e-08, 5.95696185712e-08, 5.76509293637e-08, 8.57257660414e-08, 4.79912394269e-08, 2.70598457921e-13, 4.64389466162e-16],
        "dvar2": [8.23746404421e-07, 0.000126204438857, 0.000113732865429, 6.81060264469e-05, 2.40424051299e-05, 9.90489297692e-06, 8.65138099471e-06, 1.32863406179e-05, 3.63614199159e-05, 2.05860924325e-05, 1.07441155706e-05, 4.21289769292e-06, 4.15283193433e-06, 1.77691856607e-06, 1.77545837232e-06, 1.59947865086e-06, 1.58140562689e-06, 1.51844460561e-06, 1.01055650248e-06, 1.61795441045e-07, 1.58977528031e-07, 1.40722988817e-07, 1.25713143007e-07, 1.79290552182e-07, 9.7547726341e-08, 7.39716339397e-13, 1.38447101124e-15],
        "max": [0.0153871979564, 0.0926607549191, 0.0595016404986, 0.0475422516465, 0.0399764031172, 0.0350671857595, 0.0417781621218, 0.0585455149412, 0.0753351077437, 0.055330902338, 0.0463851653039, 0.0409271232784, 0.0337037295103, 0.020032890141, 0.0203782171011, 0.0454720854759, 0.0212039183825, 0.0238692779094, 0.0323909334838, 0.00568718509749, 0.00673008756712, 0.00378355337307, 0.00690191239119, 0.00664376048371, 0.00424110563472, 1.91939980141e-05, 1.37971983349e-06],
        "mean": [0.00055155629525, 0.00675045745447, 0.00214978400618, 0.00124356395099, 0.00144772639032, 0.00108266400639, 0.000873722601682, 0.00126546795946, 0.00337682012469, 0.00181126012467, 0.00192639126908, 0.000892577925697, 0.000850848678965, 0.000542597321328, 0.000463532924186, 0.000380842364393, 0.000522021437064, 0.000587843998801, 0.00061005866155, 0.000292374694254, 0.000183256779565, 0.000180196890142, 0.000196763270651, 0.000247801508522, 0.000166097743204, 1.93468963516e-07, 1.26096577624e-09],
        "median": [1.52873053594e-05, 0.000371251400793, 0.000238457345404, 0.000222653441597, 0.000587785267271, 0.000412824796513, 0.000311957875965, 0.000414360314608, 0.00104695325717, 0.000592884200159, 0.000749908562284, 0.000386812433135, 0.00036583741894, 0.000252619764069, 0.000205085598282, 0.000201782531803, 0.000265588925686, 0.000330962968292, 0.00034566008253, 0.000168927566847, 9.07523790374e-05, 8.78496357473e-05, 8.87319038156e-05, 0.000101538367744, 5.53721511096e-05, 4.98944743299e-08, 5.35729072215e-10],
        "min": [2.69355230801e-23, 4.75903154932e-23, 7.9895848258e-24, 2.2163167039e-23, 4.01485425013e-23, 5.30252547412e-23, 4.6009081674e-23, 3.69853648881e-23, 8.2739625557e-23, 8.40886408138e-23, 6.90116535142e-23, 6.05315754879e-23, 2.23583485819e-23, 9.68588031891e-23, 1.92950808335e-22, 1.07963932629e-22, 1.82336628057e-22, 2.06180548452e-22, 1.15813376315e-22, 3.84975254153e-22, 3.8511891519e-22, 5.11350644952e-22, 4.0997959525e-22, 9.58376789141e-22, 1.3794161638e-21, 1.73016255394e-21, 2.37563707181e-21],
        "var": [1.24809412227e-06, 0.000110987130029, 3.65583291568e-05, 1.52938591782e-05, 8.08295044408e-06, 4.74829721497e-06, 4.11866130889e-06, 7.51053812564e-06, 3.76591815439e-05, 1.20880431496e-05, 9.94172751234e-06, 2.07118205253e-06, 2.75592037724e-06, 1.01410932984e-06, 1.00955048765e-06, 9.45139674968e-07, 1.03865227175e-06, 8.82951837866e-07, 8.1005634911e-07, 1.42137551506e-07, 1.0354660418e-07, 7.65471526165e-08, 9.17759237495e-08, 1.54524968821e-07, 8.71259189239e-08, 2.44779836591e-13, 2.37327461574e-16]
    },
    "erbbands": {
        "dmean": [0.141380414367, 0.725443959236, 2.04087662697, 5.168446064, 4.01781272888, 4.00979852676, 4.80912733078, 6.85032892227, 8.30475521088, 14.7603406906, 26.4643001556, 46.3202018738, 47.3304901123, 33.7248764038, 37.970954895, 24.0901622772, 23.762506485, 20.4556560516, 15.208814621, 14.7047367096, 11.2146997452, 16.9427146912, 20.28373909, 15.4752941132, 12.9990663528, 7.69787788391, 5.08531522751, 4.78316545486, 3.97121071815, 3.47674870491, 3.15644907951, 2.91444373131, 2.31850719452, 1.32612657547, 0.534004628658, 0.0328100509942, 0.000864446221385, 6.22347797616e-05, 1.27433213493e-05, 1.32430259328e-05],
        "dmean2": [0.210029512644, 1.03684675694, 3.20786523819, 9.2643699646, 6.98529005051, 6.86614131927, 7.83861589432, 11.3247356415, 13.5851173401, 24.4463653564, 42.3869743347, 72.9032440186, 76.5669326782, 53.6846237183, 61.0492591858, 39.4132003784, 38.1311912537, 32.8413314819, 24.4807529449, 23.3967266083, 17.5560188293, 26.6711826324, 31.750957489, 24.2513179779, 20.1012840271, 12.2087879181, 7.89112281799, 7.50468730927, 6.07035446167, 5.23349094391, 4.58317041397, 4.21009540558, 3.21162581444, 1.81559479237, 0.774813234806, 0.0493762157857, 0.00125333771575, 8.61849111971e-05, 1.74963170139e-05, 1.95998709387e-05],
        "dvar": [0.0979673564434, 2.42158460617, 26.8339958191, 266.613739014, 116.271064758, 82.4619522095, 159.599746704, 302.360809326, 537.013000488, 1382.93725586, 4056.73022461, 9990.06933594, 10158.8457031, 4858.97070312, 4398.51220703, 2669.75097656, 2940.65942383, 2295.84179688, 1512.66369629, 2691.40136719, 885.513427734, 2254.80639648, 2073.16601562, 767.912536621, 1228.01330566, 191.797607422, 116.684844971, 118.401702881, 65.2015838623, 58.589553833, 42.7935180664, 37.4864273071, 26.3630180359, 10.0277462006, 1.60961079597, 0.00737156067044, 4.63424612462e-06, 2.13527329151e-08, 5.48648015908e-10, 2.75838463182e-10],
        "dvar2": [0.216303542256, 5.19981050491, 62.5219116211, 735.90612793, 308.023803711, 223.317611694, 397.930541992, 757.000244141, 1359.0078125, 3513.64550781, 9630.97851562, 23417.796875, 24719.3105469, 11752.8320312, 10649.9238281, 6985.43212891, 7066.91748047, 5201.38330078, 3566.39672852, 6019.44482422, 2000.6907959, 5381.75, 4750.42724609, 1757.96044922, 2937.71142578, 461.985992432, 263.336608887, 281.460296631, 151.539306641, 136.346755981, 93.8901062012, 81.609085083, 54.654384613, 20.7507343292, 3.44726920128, 0.0168939717114, 1.01576633824e-05, 4.48010339937e-08, 1.0960031771e-09, 5.8152910265e-10],
        "max": [2.84480023384, 20.72864151, 48.1458129883, 142.997390747, 138.539123535, 133.075958252, 330.090545654, 310.467437744, 522.695922852, 953.918823242, 1610.01623535, 2208.83569336, 2195.27075195, 1683.3380127, 1210.58520508, 1698.69995117, 1487.65307617, 1147.21350098, 1148.03210449, 1950.25109863, 1403.75402832, 1352.08056641, 1358.6895752, 778.040405273, 2068.35009766, 319.52456665, 264.011383057, 263.138122559, 125.35118866, 200.362457275, 187.005203247, 121.384109497, 131.401397705, 66.0556182861, 25.2435970306, 2.00960636139, 0.0453360751271, 0.00251052039675, 0.00037692085607, 0.000176297980943],
        "mean": [0.267738729715, 1.22148537636, 2.2787425518, 4.11938428879, 3.85872626305, 4.96514511108, 6.57635784149, 8.89662456512, 10.3916301727, 19.5885734558, 37.6506690979, 81.0966796875, 69.7718048096, 56.4480857849, 66.4984893799, 39.0779533386, 39.6425247192, 32.0415992737, 23.5443763733, 24.2007637024, 20.2269420624, 29.5836429596, 35.5937728882, 29.6792259216, 25.0322303772, 14.8050880432, 8.82092857361, 7.35297822952, 6.03367805481, 5.78082513809, 5.53023576736, 5.25621843338, 4.13192939758, 2.41672253609, 0.876542508602, 0.0506492033601, 0.00142888037954, 0.000112132642244, 3.23327330989e-05, 3.84617669624e-05],
        "median": [0.0090483725071, 0.0929888039827, 0.301492094994, 0.687951385975, 1.21283602715, 1.93461108208, 2.39066839218, 3.47622156143, 3.65087485313, 7.30257368088, 12.4991760254, 23.6790885925, 27.7011165619, 24.8832492828, 31.3118457794, 18.9031524658, 18.7705879211, 15.0561656952, 11.0148830414, 12.3017730713, 11.3557977676, 16.0588150024, 20.3342533112, 17.6948947906, 14.7855081558, 8.8978843689, 4.47304773331, 3.5875556469, 2.96111607552, 2.80670189857, 2.47592949867, 2.25016140938, 1.58042895794, 0.845523953438, 0.270392000675, 0.0147422449663, 0.000451030180557, 4.0767070459e-05, 2.27785803872e-05, 3.35534605256e-05],
        "min": [1.94396410459e-21, 8.51870742147e-21, 1.38582980238e-20, 4.4592550728e-20, 1.01232903067e-19, 1.54252963746e-19, 2.45084981802e-19, 4.82462708246e-19, 7.22639665582e-19, 6.98879264378e-19, 9.60091579788e-19, 2.19052315455e-18, 1.97594795416e-18, 3.8764338754e-18, 1.8786682054e-18, 2.17841157602e-18, 1.32518397656e-18, 2.80116070404e-18, 7.58587322002e-18, 1.12737884979e-17, 5.09036816003e-18, 8.90281506555e-18, 1.02923502816e-17, 7.16516833329e-18, 1.44633721245e-17, 1.72518790331e-17, 1.65162855123e-17, 1.35504790569e-17, 1.50062160189e-17, 1.54691294508e-17, 1.42630339432e-17, 1.79516738313e-17, 1.54737897863e-17, 1.23045134438e-17, 1.17768069546e-17, 6.54744887699e-18, 3.07019726916e-18, 1.35222730252e-18, 3.43482354966e-19, 3.36042543902e-20],
        "var": [0.180447846651, 4.17424201965, 27.625793457, 171.916046143, 87.7512512207, 82.0411224365, 211.896438599, 357.979187012, 615.084533691, 1619.7277832, 6008.17675781, 27143.578125, 15139.1806641, 8748.6015625, 9648.15625, 3516.87548828, 5091.9140625, 3417.86132812, 2131.78662109, 3625.7409668, 1533.86523438, 3528.03417969, 3131.80639648, 1499.13000488, 1659.46398926, 375.21206665, 185.46144104, 163.152267456, 86.5514755249, 82.1805114746, 68.3465652466, 64.576171875, 46.9290885925, 18.079246521, 2.63623857498, 0.0104544572532, 7.26111829863e-06, 3.67209835872e-08, 1.0582408283e-09, 6.76240119457e-10]
    },
    "gfcc": {
        "mean": [1.54985809326, 76.5965270996, -158.601303101, 34.5733757019, -82.695854187, 30.7166976929, -38.5842552185, 21.4316673279, -22.6196937561, -11.1328144073, -2.48595404625, -12.7350749969, 1.02404940128],
        "cov": [[3797.92333984, 499.731903076, 1028.8302002, 682.316467285, 149.348220825, 301.719573975, -19.5895938873, 229.552017212, 3.53903388977, 127.5362854, 87.7425689697, 18.7348899841, -105.813751221], [499.731903076, 1258.99658203, 1052.70983887, 454.39276123, 364.946685791, 156.731048584, 110.990188599, 121.352264404, 140.068222046, 46.8912849426, 164.824874878, 18.2394866943, -11.3374376297], [1028.8302002, 1052.70983887, 2116.55883789, 917.628601074, 433.89151001, 450.14932251, -51.2269134521, 219.772232056, 79.0706253052, 204.589996338, 109.037811279, 99.0818099976, -28.9047927856], [682.316467285, 454.39276123, 917.628601074, 570.683837891, 284.330932617, 219.356262207, -4.27460098267, 110.27973938, 75.545249939, 113.586174011, 58.4016456604, 37.1307144165, -8.30563640594], [149.348220825, 364.946685791, 433.89151001, 284.330932617, 352.257232666, 224.801940918, 115.69115448, 117.175643921, 75.9816207886, 50.8152122498, 71.0483856201, 21.3806343079, 18.2147312164], [301.719573975, 156.731048584, 450.14932251, 219.356262207, 224.801940918, 342.07019043, 169.603775024, 126.921485901, 9.79765415192, 49.7454948425, 43.6766166687, 36.0924453735, 11.9696054459], [-19.5895938873, 110.990188599, -51.2269134521, -4.27460098267, 115.69115448, 169.603775024, 344.189605713, 140.284698486, 28.5277366638, -29.2169361115, 44.8564033508, -6.58745861053, 13.0973148346], [229.552017212, 121.352264404, 219.772232056, 110.27973938, 117.175643921, 126.921485901, 140.284698486, 194.772766113, 68.1507492065, 18.6851348877, 45.6986312866, 15.3387804031, -9.10190010071], [3.53903388977, 140.068222046, 79.0706253052, 75.545249939, 75.9816207886, 9.79765415192, 28.5277366638, 68.1507492065, 145.174804688, 42.2046127319, 37.929397583, 2.36433911324, 1.88494992256], [127.5362854, 46.8912849426, 204.589996338, 113.586174011, 50.8152122498, 49.7454948425, -29.2169361115, 18.6851348877, 42.2046127319, 112.097328186, 27.4353847504, 15.4286375046, 9.12372493744], [87.7425689697, 164.824874878, 109.037811279, 58.4016456604, 71.0483856201, 43.6766166687, 44.8564033508, 45.6986312866, 37.929397583, 27.4353847504, 99.9334716797, 42.3944778442, 12.2870483398], [18.7348899841, 18.2394866943, 99.0818099976, 37.1307144165, 21.3806343079, 36.0924453735, -6.58745861053, 15.3387804031, 2.36433911324, 15.4286375046, 42.3944778442, 79.0517807007, 31.6605911255], [-105.813751221, -11.3374376297, -28.9047927856, -8.30563640594, 18.2147312164, 11.9696054459, 13.0973148346, -9.10190010071, 1.88494992256, 9.12372493744, 12.2870483398, 31.6605911255, 68.2813262939]],
        "icov": [[0.000517277221661, -0.000626979803201, 0.000792151317, -0.0013891456183, 0.00125704763923, -0.00109915039502, 0.000812883256003, -0.00118070561439, 0.000788002449553, -0.000379521399736, 4.34516769019e-05, -5.23046264789e-06, 0.00043146929238], [-0.000626979803201, 0.00506913196295, -0.00458897836506, 0.00353680271655, -0.00469757337123, 0.00517277279869, -0.00383961712942, 0.00470650428906, -0.00326645397581, 0.00356632471085, -0.0052617280744, 0.00333649874665, -0.000918697274756], [0.000792151317, -0.00458897836506, 0.00629051681608, -0.00646172370762, 0.00517332507297, -0.00627196580172, 0.0047679329291, -0.00554566318169, 0.00370407593437, -0.00334942480549, 0.00393801694736, -0.0032266410999, 0.00154094304889], [-0.0013891456183, 0.00353680271655, -0.00646172370762, 0.0124487765133, -0.00821878015995, 0.00545469531789, -0.00345182651654, 0.00505765620619, -0.00395176699385, 0.000509347359184, -0.00117638416123, 0.0010592979379, -0.000452509179013], [0.00125704763923, -0.00469757337123, 0.00517332507297, -0.00821878015995, 0.0138478530571, -0.00975007005036, 0.00451927771792, -0.00555649353191, 0.00130827422254, -0.000990918371826, 0.000293776654871, 0.000978471478447, -0.00164441892412], [-0.00109915039502, 0.00517277279869, -0.00627196580172, 0.00545469531789, -0.00975007005036, 0.015532576479, -0.00859673693776, 0.00454787909985, -0.000426496495493, 0.00018701206136, -0.001493489719, -0.000897840014659, -3.08337657771e-05], [0.000812883256003, -0.00383961712942, 0.0047679329291, -0.00345182651654, 0.00451927771792, -0.00859673693776, 0.0107365846634, -0.00805869139731, 0.00266189454123, 0.000211135848076, 0.000147128390381, 0.00196015625261, -0.00164861720987], [-0.00118070561439, 0.00470650428906, -0.00554566318169, 0.00505765620619, -0.00555649353191, 0.00454787909985, -0.00805869139731, 0.0165570676327, -0.0077783241868, 0.00373552995734, -0.0040101679042, 0.000155604575411, 0.00202227663249], [0.000788002449553, -0.00326645397581, 0.00370407593437, -0.00395176699385, 0.00130827422254, -0.000426496495493, 0.00266189454123, -0.0077783241868, 0.0140325725079, -0.00622075377032, 0.00119699642528, -0.000693039386533, 0.00049422075972], [-0.000379521399736, 0.00356632471085, -0.00334942480549, 0.000509347359184, -0.000990918371826, 0.00018701206136, 0.000211135848076, 0.00373552995734, -0.00622075377032, 0.0170127432793, -0.00734634418041, 0.00501594971865, -0.00376824033447], [4.34516769019e-05, -0.0052617280744, 0.00393801694736, -0.00117638416123, 0.000293776654871, -0.001493489719, 0.000147128390381, -0.0040101679042, 0.00119699642528, -0.00734634418041, 0.0248022861779, -0.0152497729287, 0.00389474257827], [-5.23046264789e-06, 0.00333649874665, -0.0032266410999, 0.0010592979379, 0.000978471478447, -0.000897840014659, 0.00196015625261, 0.000155604575411, -0.000693039386533, 0.00501594971865, -0.0152497729287, 0.0276911631227, -0.0118967713788], [0.00043146929238, -0.000918697274756, 0.00154094304889, -0.000452509179013, -0.00164441892412, -3.08337657771e-05, -0.00164861720987, 0.00202227663249, 0.00049422075972, -0.00376824033447, 0.00389474257827, -0.0118967713788, 0.022093821317]]
    },
    "melbands": {
        "dmean": [0.00112158700358, 0.000888874870725, 0.000812384532765, 0.00028728946927, 0.000161706309882, 0.00015703200188, 0.000130406348035, 0.000164220895385, 0.00024300829682, 0.000296942860587, 0.000237088650465, 0.000137134047691, 0.000155515401275, 6.68380453135e-05, 6.81978199282e-05, 4.92103681609e-05, 3.88907865272e-05, 2.56612947851e-05, 2.18720379053e-05, 1.87983932847e-05, 1.33053463287e-05, 1.71806368598e-05, 2.51289766311e-05, 1.50299883899e-05, 1.35790460263e-05, 1.28315468828e-05, 6.43307475912e-06, 5.35026583748e-06, 3.64727316082e-06, 2.69775568995e-06, 3.08162020701e-06, 2.57391525338e-06, 1.95694656213e-06, 1.98991847356e-06, 1.89235220205e-06, 2.02225737667e-06, 1.74909087036e-06, 1.71998510723e-06, 1.43828742694e-06, 1.07719733933e-06],
        "dmean2": [0.00163335120305, 0.00134886300657, 0.00143928825855, 0.000497594999615, 0.000264911504928, 0.000258993532043, 0.000212998522329, 0.000272226694506, 0.000387997133657, 0.00046917621512, 0.000384613376809, 0.000219890382141, 0.000249563221587, 0.000109568070911, 0.00011127943435, 7.95315281721e-05, 6.30728900433e-05, 4.19800853706e-05, 3.50795853592e-05, 3.02623411699e-05, 2.12445065699e-05, 2.74544345302e-05, 3.99581476813e-05, 2.39425226027e-05, 2.1504733013e-05, 1.97708959604e-05, 1.02419298855e-05, 8.61979515321e-06, 5.80141841056e-06, 4.26296901423e-06, 4.89496460432e-06, 3.99787268179e-06, 3.07555637846e-06, 3.0051774047e-06, 2.82499877358e-06, 2.98973259305e-06, 2.56693397205e-06, 2.45241062657e-06, 2.00500630854e-06, 1.52713766965e-06],
        "dvar": [6.01625697527e-06, 3.67227653442e-06, 5.77304535909e-06, 5.88118837186e-07, 1.50627585072e-07, 1.5161765532e-07, 1.26422278868e-07, 1.54224551352e-07, 3.25820849412e-07, 3.99650588179e-07, 2.59535454461e-07, 8.55566639757e-08, 7.78833779691e-08, 1.73969798567e-08, 2.68579398721e-08, 1.29778703339e-08, 8.86449935678e-09, 4.39041292211e-09, 4.11927070232e-09, 6.13671868877e-09, 1.05344166723e-09, 3.01057712093e-09, 3.49377748954e-09, 1.04858155492e-09, 6.50164533322e-10, 1.04983632898e-09, 1.61786556374e-10, 1.08712032432e-10, 5.84195053444e-11, 3.91268545341e-11, 4.67141013372e-11, 2.81607966113e-11, 1.65592452944e-11, 2.32738255751e-11, 1.53919949702e-11, 1.56276155211e-11, 1.65760686427e-11, 1.47916678905e-11, 1.1793861894e-11, 6.67133102233e-12],
        "dvar2": [1.30916287162e-05, 8.32640489534e-06, 1.57327158377e-05, 1.5662842543e-06, 3.81429146046e-07, 3.80391156796e-07, 3.17877919542e-07, 3.90921769622e-07, 7.62629269957e-07, 9.33322382934e-07, 6.30841100246e-07, 2.07661798868e-07, 1.84789186619e-07, 4.35404388099e-08, 6.96523017041e-08, 3.08865750753e-08, 2.04302192941e-08, 1.03240225258e-08, 9.04159502824e-09, 1.49444083775e-08, 2.34424257783e-09, 7.29198212923e-09, 8.1377660166e-09, 2.38033592836e-09, 1.52084034255e-09, 2.39678921155e-09, 4.15789319641e-10, 2.66419553085e-10, 1.37335115502e-10, 9.04766470078e-11, 1.12371313643e-10, 6.55503151759e-11, 4.03522111558e-11, 5.51116756398e-11, 3.46442562138e-11, 3.46721575062e-11, 3.76345031528e-11, 3.2077476092e-11, 2.51485377661e-11, 1.40528162024e-11],
        "max": [0.025186445564, 0.0187465585768, 0.0214664917439, 0.0106012849137, 0.00960841216147, 0.00678975181654, 0.00794564280659, 0.00871879979968, 0.0124000236392, 0.0144394198433, 0.0107269724831, 0.00705610401928, 0.0055177025497, 0.00273481011391, 0.00514427619055, 0.00303971068934, 0.00206038937904, 0.0020148656331, 0.00163775030524, 0.00422541750595, 0.00118445861153, 0.00182799063623, 0.00183020776603, 0.000886110588908, 0.000744438904803, 0.00197289232165, 0.000487379380502, 0.000291262200335, 0.000169555220054, 0.00016437425802, 0.000151842672494, 8.67645576363e-05, 0.000108060652565, 0.000159531380632, 0.000102851190604, 9.2131049314e-05, 9.60706165642e-05, 0.000106800878712, 8.29536511446e-05, 5.88059156144e-05],
        "mean": [0.0020992339123, 0.00135228456929, 0.000683730118908, 0.000319042243063, 0.00023047340801, 0.000205230797292, 0.000164682263858, 0.000216586209717, 0.000360712409019, 0.000500980590004, 0.000335348740919, 0.000217140346649, 0.000264663394773, 0.000102892365248, 0.000103678030428, 7.60750481277e-05, 5.65073569305e-05, 3.65772357327e-05, 3.3751141018e-05, 2.94277579087e-05, 2.21936188609e-05, 2.6895719202e-05, 4.0720886318e-05, 2.49185832217e-05, 2.39458277065e-05, 2.2855525458e-05, 1.19787000585e-05, 9.32140756049e-06, 5.85722909818e-06, 4.25572443419e-06, 4.4115977289e-06, 3.6389521938e-06, 2.99658654512e-06, 3.24468624058e-06, 3.14324734063e-06, 3.40017527378e-06, 3.01733734887e-06, 2.92905338029e-06, 2.51350684266e-06, 1.88509056898e-06],
        "median": [9.12033865461e-05, 0.000162188152899, 0.00014473911142, 0.000119115873531, 9.4211231044e-05, 8.0538506154e-05, 5.86375281273e-05, 8.04262745078e-05, 0.000101605292002, 0.000150772437337, 0.000112567897304, 8.86847919901e-05, 0.000108718144475, 4.76532040921e-05, 4.27527702413e-05, 3.38943391398e-05, 2.47184816544e-05, 1.59797091328e-05, 1.51795074999e-05, 1.49638599396e-05, 1.20651047837e-05, 1.36999560709e-05, 2.00035738089e-05, 1.4133132936e-05, 1.3356103409e-05, 1.24786720335e-05, 7.43534337744e-06, 4.99371162732e-06, 2.81038137473e-06, 2.02444016395e-06, 2.06780805456e-06, 1.6844470565e-06, 1.51069275489e-06, 1.52256666297e-06, 1.41111138419e-06, 1.40739507515e-06, 1.26536974676e-06, 1.11888618903e-06, 8.77199511251e-07, 6.53795893868e-07],
        "min": [1.74843667459e-23, 8.70491048402e-24, 8.71727351213e-24, 1.02773114277e-23, 7.82618096675e-24, 1.10159487145e-23, 1.00415848008e-23, 6.95793067775e-24, 8.67903111316e-24, 1.35836388962e-23, 9.08404413482e-24, 1.54155127576e-23, 7.35437745884e-24, 6.87108261411e-24, 3.5151957481e-24, 2.94366306404e-24, 5.55608146183e-24, 1.1199165604e-23, 1.72163102325e-23, 1.25064154091e-23, 4.73378863144e-24, 8.784792117e-24, 9.29866321041e-24, 1.05569444748e-23, 4.94029585035e-24, 5.5000975811e-24, 1.47591631295e-23, 1.09779295632e-23, 9.05378500821e-24, 1.13664056937e-23, 6.68979606721e-24, 7.57395452522e-24, 1.17669592846e-23, 6.82825456671e-24, 7.20519439533e-24, 1.15477932148e-23, 1.0315852016e-23, 1.00801782429e-23, 1.22992960341e-23, 9.57114838885e-24],
        "var": [1.0728070265e-05, 5.66187190998e-06, 3.86234296457e-06, 4.75734850625e-07, 2.06245502454e-07, 1.79771959097e-07, 1.48930297428e-07, 1.84122342262e-07, 5.3275442724e-07, 9.60434590525e-07, 3.84980666013e-07, 1.48299506009e-07, 1.82512295055e-07, 2.58327084168e-08, 3.88846466137e-08, 1.96337843761e-08, 1.22190710883e-08, 6.01414607004e-09, 5.82669112958e-09, 8.19190226764e-09, 1.6960866045e-09, 4.41451319944e-09, 5.26470556039e-09, 1.52179235879e-09, 1.16538656503e-09, 1.63711111334e-09, 2.44407660777e-10, 1.88903059861e-10, 8.63662613648e-11, 5.95364868516e-11, 6.03749689132e-11, 3.54307416739e-11, 2.15859101427e-11, 3.06874421707e-11, 2.33995288423e-11, 2.58300932726e-11, 2.57898563616e-11, 2.44102932312e-11, 1.98534851753e-11, 1.16141636239e-11]
    },
    "mfcc": {
        "mean": [-617.353637695, 88.0666885376, -13.6668710709, -1.62544679642, -6.19003152847, -7.54422044754, 5.94740962982, 11.9319677353, -1.59126484394, 3.35704779625, 0.187555864453, -1.33230769634, -3.64427804947],
        "cov": [[3051.25170898, 66.589302063, 471.499298096, 319.337341309, 190.205810547, 77.5721206665, 116.83392334, 77.0104293823, -18.5859127045, 72.3449630737, 167.849777222, 64.9315872192, -41.9691925049], [66.589302063, 929.023193359, 649.594421387, 343.855041504, 329.770751953, 125.507797241, 152.172836304, 130.926315308, 29.674331665, 61.5318641663, 140.870483398, 118.302047729, 42.3836631775], [471.499298096, 649.594421387, 1639.83349609, 623.997070312, 670.636962891, 297.839202881, 195.388366699, 91.1967773438, 78.8508300781, 66.6421432495, 152.83493042, 161.798843384, 78.9611358643], [319.337341309, 343.855041504, 623.997070312, 438.638763428, 349.888244629, 134.027084351, 67.2932510376, 42.5930366516, 47.447971344, 60.4533157349, 92.5148239136, 84.2256622314, 41.2787780762], [190.205810547, 329.770751953, 670.636962891, 349.888244629, 522.899536133, 190.676528931, 87.1948471069, 53.2648887634, 53.7504730225, 64.4197845459, 82.0770111084, 92.5125732422, 54.0476531982], [77.5721206665, 125.507797241, 297.839202881, 134.027084351, 190.676528931, 232.667236328, 150.653305054, 58.3362541199, 70.2632446289, 40.5807800293, 37.7023925781, 47.0200042725, 24.1207828522], [116.83392334, 152.172836304, 195.388366699, 67.2932510376, 87.1948471069, 150.653305054, 315.133117676, 177.548339844, 88.582824707, 62.4771842957, 62.7922019958, 48.8605117798, 20.7391719818], [77.0104293823, 130.926315308, 91.1967773438, 42.5930366516, 53.2648887634, 58.3362541199, 177.548339844, 230.60168457, 77.1674194336, 64.7193450928, 74.378944397, 40.5455665588, 17.67993927], [-18.5859127045, 29.674331665, 78.8508300781, 47.447971344, 53.7504730225, 70.2632446289, 88.582824707, 77.1674194336, 118.839241028, 66.8800506592, 33.6737251282, 26.0862598419, 13.8625059128], [72.3449630737, 61.5318641663, 66.6421432495, 60.4533157349, 64.4197845459, 40.5807800293, 62.4771842957, 64.7193450928, 66.8800506592, 118.251251221, 66.6212234497, 28.9882659912, 12.7662248611], [167.849777222, 140.870483398, 152.83493042, 92.5148239136, 82.0770111084, 37.7023925781, 62.7922019958, 74.378944397, 33.6737251282, 66.6212234497, 123.557098389, 59.3414421082, 6.68396663666], [64.9315872192, 118.302047729, 161.798843384, 84.2256622314, 92.5125732422, 47.0200042725, 48.8605117798, 40.5455665588, 26.0862598419, 28.9882659912, 59.3414421082, 84.9337768555, 36.6801147461], [-41.9691925049, 42.3836631775, 78.9611358643, 41.2787780762, 54.0476531982, 24.1207828522, 20.7391719818, 17.67993927, 13.8625059128, 12.7662248611, 6.68396663666, 36.6801147461, 78.3624267578]],
