{
"lowlevel": {
    "average_loudness": 0.946100234985,
    "barkbands_crest": {
        "dmean": 2.85067772865,
        "dmean2": 4.49175310135,
        "dvar": 6.24050807953,
        "dvar2": 14.2025671005,
        "max": 26.0577106476,
        "mean": 9.94510269165,
        "median": 8.8828830719,
        "min": 2.04423809052,
        "var": 20.6313343048
    },
    "barkbands_flatness_db": {
        "dmean": 0.0202962998301,
        "dmean2": 0.0312660112977,
        "dvar": 0.000317250465741,
        "dvar2": 0.000719498610124,
        "max": 0.334013164043,
        "mean": 0.14936901629,
        "median": 0.145347654819,
        "min": 0.0438445098698,
        "var": 0.00156078930013
    },
    "barkbands_kurtosis": {
        "dmean": 1.9247982502,
        "dmean2": 3.03070640564,
        "dvar": 19.2189655304,
        "dvar2": 45.6102981567,
        "max": 160.11100769,
        "mean": 1.8691226244,
        "median": 0.380508422852,
        "min": -1.88880491257,
        "var": 34.918006897
    },
    "barkbands_skewness": {
        "dmean": 0.508825063705,
        "dmean2": 0.767781496048,
        "dvar": 0.267372071743,
        "dvar2": 0.580049037933,
        "max": 11.6645355225,
        "mean": 1.05266082287,
        "median": 0.936014890671,
        "min": -2.86799097061,
        "var": 1.26120185852
    },
    "barkbands_spread": {
        "dmean": 5.85813188553,
        "dmean2": 9.09595108032,
        "dvar": 36.0808830261,
        "dvar2": 80.9589080811,
        "max": 109.390182495,
        "mean": 26.2607784271,
        "median": 25.5304069519,
        "min": 1.50785338879,
        "var": 149.334396362
    },
    "dissonance": {
        "dmean": 0.0163265243173,
        "dmean2": 0.0279678869992,
        "dvar": 0.000284101173747,
        "dvar2": 0.000801757792942,
        "max": 0.500000119209,
        "mean": 0.474894076586,
        "median": 0.481292665005,
        "min": 0.288097381592,
        "var": 0.000484438351123
    },
    "dynamic_complexity": 2.09102344513,
    "erbbands_crest": {
        "dmean": 2.99538302422,
        "dmean2": 4.77795410156,
        "dvar": 7.64216709137,
        "dvar2": 18.3170280457,
        "max": 31.7353973389,
        "mean": 9.59449672699,
        "median": 8.20344543457,
        "min": 2.06204342842,
        "var": 28.5847091675
    },
    "erbbands_flatness_db": {
        "dmean": 0.0159151405096,
        "dmean2": 0.0231951326132,
        "dvar": 0.000212377985008,
        "dvar2": 0.000401993253035,
        "max": 0.375689685345,
        "mean": 0.182282477617,
        "median": 0.171243280172,
        "min": 0.0845089331269,
        "var": 0.00276639033109
    },
    "erbbands_kurtosis": {
        "dmean": 0.90408217907,
        "dmean2": 1.4215708971,
        "dvar": 1.37809455395,
        "dvar2": 3.20521616936,
        "max": 18.4081134796,
        "mean": 0.517896056175,
        "median": -0.104546308517,
        "min": -1.70967710018,
        "var": 4.00055980682
    },
    "erbbands_skewness": {
        "dmean": 0.362062901258,
        "dmean2": 0.561987698078,
        "dvar": 0.102730788291,
        "dvar2": 0.234120234847,
        "max": 3.72843289375,
        "mean": 0.163402363658,
        "median": 0.115654282272,
        "min": -3.24628329277,
        "var": 0.66421443224
    },
    "erbbands_spread": {
        "dmean": 7.51777267456,
        "dmean2": 11.3571710587,
        "dvar": 64.3375549316,
        "dvar2": 135.492050171,
        "max": 165.014007568,
        "mean": 36.4257469177,
        "median": 33.2412338257,
        "min": 4.16026592255,
        "var": 388.619262695
    },
    "hfc": {
        "dmean": 7.3733420372,
        "dmean2": 11.0694179535,
        "dvar": 72.4521484375,
        "dvar2": 155.905029297,
        "max": 120.798240662,
        "mean": 25.5883808136,
        "median": 21.5292015076,
        "min": 1.17395854814e-16,
        "var": 275.376953125
    },
    "melbands_crest": {
        "dmean": 3.47498202324,
        "dmean2": 5.5425453186,
        "dvar": 8.76503372192,
        "dvar2": 21.9315719604,
        "max": 34.2841339111,
        "mean": 13.7796525955,
        "median": 13.1113166809,
        "min": 1.9214206934,
        "var": 27.4386825562
    },
    "melbands_flatness_db": {
        "dmean": 0.0251282267272,
        "dmean2": 0.0380674935877,
        "dvar": 0.000528623582795,
        "dvar2": 0.00111720792484,
        "max": 0.404274135828,
        "mean": 0.160333707929,
        "median": 0.159088879824,
        "min": 0.00603564688936,
        "var": 0.00253238063306
    },
    "melbands_kurtosis": {
        "dmean": 6.37106132507,
        "dmean2": 9.81389141083,
        "dvar": 223.618789673,
        "dvar2": 507.717224121,
        "max": 441.919158936,
        "mean": 10.4471168518,
        "median": 4.27752590179,
        "min": -1.73153197765,
        "var": 501.015136719
    },
    "melbands_skewness": {
        "dmean": 0.742705702782,
        "dmean2": 1.11626267433,
        "dvar": 0.690232396126,
        "dvar2": 1.4644099474,
        "max": 17.8506298065,
        "mean": 2.23350644112,
        "median": 1.8458057642,
        "min": -1.41610014439,
        "var": 3.40346002579
    },
    "melbands_spread": {
        "dmean": 8.6939239502,
        "dmean2": 13.4188079834,
        "dvar": 95.0637283325,
        "dvar2": 195.19670105,
        "max": 226.196807861,
        "mean": 31.1503772736,
        "median": 28.397485733,
        "min": 0.958155691624,
        "var": 332.025115967
    },
    "pitch_salience": {
        "dmean": 0.0792007371783,
        "dmean2": 0.126188665628,
        "dvar": 0.0050812070258,
        "dvar2": 0.0118681713939,
        "max": 0.895789921284,
        "mean": 0.543167293072,
        "median": 0.545313417912,
        "min": 0.075418189168,
        "var": 0.0173618346453
    },
    "silence_rate_20dB": {
        "dmean": 0,
        "dmean2": 0,
        "dvar": 0,
        "dvar2": 0,
        "max": 1,
        "mean": 1,
        "median": 1,
        "min": 1,
        "var": 0
    },
    "silence_rate_30dB": {
        "dmean": 0,
        "dmean2": 0,
        "dvar": 0,
        "dvar2": 0,
        "max": 1,
        "mean": 1,
        "median": 1,
        "min": 1,
        "var": 0
    },
    "silence_rate_60dB": {
        "dmean": 0.0090304184705,
        "dmean2": 0.0180629827082,
        "dvar": 0.00894871540368,
        "dvar2": 0.0217764172703,
        "max": 1,
        "mean": 0.018771532923,
        "median": 0,
        "min": 0,
        "var": 0.0184177774936
    },
    "spectral_centroid": {
        "dmean": 270.213653564,
        "dmean2": 421.734863281,
        "dvar": 71097.5703125,
        "dvar2": 152799.359375,
        "max": 10799.5947266,
        "mean": 1833.88220215,
        "median": 1808.81005859,
        "min": 269.445983887,
        "var": 305211.9375
    },
    "spectral_complexity": {
        "dmean": 5.00926828384,
        "dmean2": 7.64135456085,
        "dvar": 24.5661525726,
        "dvar2": 52.9352455139,
        "max": 56,
        "mean": 21.8228588104,
        "median": 21,
        "min": 0,
        "var": 71.0418014526
    },
    "spectral_decrease": {
        "dmean": 2.01272598588e-09,
        "dmean2": 3.06174907649e-09,
        "dvar": 4.45881700311e-18,
        "dvar2": 9.93456902412e-18,
        "max": -7.77693144651e-30,
        "mean": -6.3196350375e-09,
        "median": -5.64168045614e-09,
        "min": -2.89655943675e-08,
        "var": 1.54137033866e-17
    },
    "spectral_energy": {
        "dmean": 0.00806572847068,
        "dmean2": 0.0122375525534,
        "dvar": 6.91864916007e-05,
        "dvar2": 0.000152620807057,
        "max": 0.114336505532,
        "mean": 0.0261727403849,
        "median": 0.0234567951411,
        "min": 1.06775114953e-20,
        "var": 0.000247469171882
    },
    "spectral_energyband_high": {
        "dmean": 0.000388080661651,
        "dmean2": 0.000595382996835,
        "dvar": 3.90874646428e-07,
        "dvar2": 8.9057743935e-07,
        "max": 0.0142955100164,
        "mean": 0.00105596182402,
        "median": 0.000788668345194,
        "min": 7.61308359122e-21,
        "var": 9.68630729403e-07
    },
    "spectral_energyband_low": {
        "dmean": 0.00459266314283,
        "dmean2": 0.00717352516949,
        "dvar": 5.20619214512e-05,
        "dvar2": 0.000123900041217,
        "max": 0.0809240415692,
        "mean": 0.00946787465364,
        "median": 0.00562655506656,
        "min": 4.75727743821e-23,
        "var": 0.000137797484058
    },
    "spectral_energyband_middle_high": {
        "dmean": 0.00335646094754,
        "dmean2": 0.00506250793114,
        "dvar": 1.9075741875e-05,
        "dvar2": 4.07925399486e-05,
        "max": 0.0595608539879,
        "mean": 0.00960345938802,
        "median": 0.00599456718192,
        "min": 1.75242736413e-21,
        "var": 9.17269208003e-05
    },
    "spectral_energyband_middle_low": {
        "dmean": 0.00385724636726,
        "dmean2": 0.00618626829237,
        "dvar": 2.81961492874e-05,
        "dvar2": 6.92259854986e-05,
        "max": 0.080423720181,
        "mean": 0.00717983487993,
        "median": 0.00491041736677,
        "min": 2.9708191195e-22,
        "var": 4.80807138956e-05
    },
    "spectral_entropy": {
        "dmean": 0.119078539312,
        "dmean2": 0.175286352634,
        "dvar": 0.0118867196143,
        "dvar2": 0.0237597748637,
        "max": 9.8054561615,
        "mean": 7.78451156616,
        "median": 7.82450914383,
        "min": 6.42193222046,
        "var": 0.0897491127253
    },
    "spectral_flux": {
        "dmean": 0.0270078927279,
        "dmean2": 0.0422810763121,
        "dvar": 0.000654853589367,
        "dvar2": 0.00150871707592,
        "max": 0.284064531326,
        "mean": 0.0936919078231,
        "median": 0.0859531462193,
        "min": 1.0333204431e-10,
        "var": 0.00164523243438
    },
    "spectral_kurtosis": {
        "dmean": 1.0477617979,
        "dmean2": 1.77978122234,
        "dvar": 1.21661603451,
        "dvar2": 3.49069619179,
        "max": 18.3041744232,
        "mean": 2.80610918999,
        "median": 2.33221673965,
        "min": -1.16604423523,
        "var": 4.21834802628
    },
    "spectral_rms": {
        "dmean": 0.000775013293605,
        "dmean2": 0.00115993432701,
        "dvar": 5.29558633389e-07,
        "dvar2": 1.08410813482e-06,
        "max": 0.0105616198853,
        "mean": 0.0048068119213,
        "median": 0.00478379335254,
        "min": 3.22755082209e-12,
        "var": 2.42889063884e-06
    },
    "spectral_rolloff": {
        "dmean": 576.788696289,
        "dmean2": 933.529174805,
        "dvar": 610686,
        "dvar2": 1190687.25,
        "max": 18927.6855469,
        "mean": 1947.68664551,
        "median": 1744.18945312,
        "min": 86.1328125,
        "var": 1685561.875
    },
    "spectral_skewness": {
        "dmean": 0.157563924789,
        "dmean2": 0.257147967815,
        "dvar": 0.0191261544824,
        "dvar2": 0.049587674439,
        "max": 3.24275994301,
        "mean": 1.20000433922,
        "median": 1.14616048336,
        "min": -0.061369728297,
        "var": 0.122193865478
    },
    "spectral_spread": {
        "dmean": 389678.78125,
        "dmean2": 569766.375,
        "dvar": 291874406400,
        "dvar2": 426732847104,
        "max": 39487376,
        "mean": 4401708.5,
        "median": 4302435,
        "min": 1991222.25,
        "var": 1.28770428109e+12
    },
    "spectral_strongpeak": {
        "dmean": 0.793715298176,
        "dmean2": 1.33441197872,
        "dvar": 1.63257718086,
        "dvar2": 4.00495672226,
        "max": 15.1380147934,
        "mean": 1.43738949299,
        "median": 0.516925513744,
        "min": 0,
        "var": 3.60295987129
    },
    "zerocrossingrate": {
        "dmean": 0.010155971162,
        "dmean2": 0.0116355996579,
        "dvar": 0.000142046090332,
        "dvar2": 0.000152072927449,
        "max": 0.6796875,
        "mean": 0.0733282193542,
        "median": 0.06884765625,
        "min": 0.0078125,
        "var": 0.000955666182563
    },
    "barkbands": {
        "dmean": [5.42855450476e-05, 0.00338969938457, 0.00182852766011, 0.00116433878429, 0.000732327229343, 0.000938663026318, 0.000449973973446, 0.000694979098625, 0.00105660536792, 0.00152176630218, 0.000762025476433, 0.000473825784866, 0.000511572929099, 0.00067383737769, 0.000616033852566, 0.000463021366159, 0.000318477541441, 0.000283510307781, 0.000304163404508, 0.000224285526201, 0.000125553153339, 8.15287639853e-05, 9.13867988857e-05, 5.89000264881e-05, 3.48026369466e-05, 7.4230534608e-08, 1.01653574447e-09],
        "dmean2": [9.35865318752e-05, 0.0051092710346, 0.00305228098296, 0.00203938200139, 0.0012348460732, 0.00156848260667, 0.000737425812986, 0.00111384375487, 0.00163407530636, 0.0023605087772, 0.00119929818902, 0.000758732843678, 0.000816554704215, 0.00107512425166, 0.000982048455626, 0.000700913544279, 0.000510992540512, 0.0004463440564, 0.000467169011245, 0.000349226931576, 0.000203653078643, 0.000131963795866, 0.000146608697833, 8.98226717254e-05, 5.22282389284e-05, 1.26706396486e-07, 1.88047466487e-09],
        "dvar": [8.7366238688e-09, 3.89568522223e-05, 1.21809116536e-05, 6.84320229993e-06, 2.10906068787e-06, 3.55157089871e-06, 1.1174414567e-06, 3.59757723345e-06, 5.99160421189e-06, 1.10998116725e-05, 4.90489946969e-06, 1.3420697087e-06, 1.4589671764e-06, 2.9003194868e-06, 2.65476501227e-06, 1.46464299178e-06, 8.23764878533e-07, 4.73935898526e-07, 2.89313874191e-07, 1.20704783058e-07, 3.45038486671e-08, 1.78942478612e-08, 3.14327870399e-08, 2.6528120145e-08, 2.0400136691e-08, 4.75087329232e-14, 2.55150146515e-18],
        "dvar2": [2.6246995688e-08, 8.62986926222e-05, 3.18298407365e-05, 1.90094215213e-05, 5.68134510104e-06, 8.97888548934e-06, 2.6449699817e-06, 8.17853197077e-06, 1.27296952996e-05, 2.39162618527e-05, 1.08538906716e-05, 3.04862760458e-06, 3.20119693242e-06, 6.73896965964e-06, 6.24400399829e-06, 2.90704838335e-06, 2.03197032533e-06, 1.07083030798e-06, 5.91638524838e-07, 2.54692139379e-07, 8.69072778187e-08, 4.53596378236e-08, 7.6616409217e-08, 5.76522545259e-08, 4.30479047964e-08, 1.22523654634e-13, 7.81057683342e-18],
        "max": [0.00102744903415, 0.0754375606775, 0.0450206249952, 0.0351562872529, 0.0363938435912, 0.0441369339824, 0.0214071683586, 0.0511703267694, 0.0404397808015, 0.0472876541317, 0.0487017445266, 0.0262625869364, 0.0411950275302, 0.0413847453892, 0.0303325913846, 0.0304068140686, 0.0243762414902, 0.0213583409786, 0.0122564090416, 0.0117957377806, 0.00296325120144, 0.00214688805863, 0.00542575633153, 0.00494118966162, 0.00487220240757, 5.32514422957e-06, 5.56119346129e-08],
        "mean": [6.9134606747e-05, 0.00574426585808, 0.00287266657688, 0.00126359856222, 0.00102395913564, 0.00120358041022, 0.000579403131269, 0.000927173008677, 0.0015379297547, 0.00278200954199, 0.00117891666014, 0.000711338652764, 0.00079640961485, 0.00100914901122, 0.00083619763609, 0.000731268024538, 0.000557485152967, 0.000486227072543, 0.00058212300064, 0.000452231586678, 0.000258752261288, 0.000175727705937, 0.000194856402231, 0.000129859705339, 6.83498583385e-05, 7.63597043374e-08, 9.96112081708e-10],
        "median": [2.45888368227e-05, 0.00180229009129, 0.00146213511471, 0.000526229734533, 0.000559344654903, 0.000521349080373, 0.000208489218494, 0.000241788671701, 0.000446735881269, 0.000590052339248, 0.000264077156316, 0.00023767897801, 0.000292702199658, 0.000340911647072, 0.000327110523358, 0.000239634420723, 0.000234827341046, 0.000221409703954, 0.000313587195706, 0.000290184194455, 0.000173579610419, 0.000107660278445, 0.000111026063678, 7.30653337087e-05, 3.69607987523e-05, 2.80944050246e-08, 5.1468412865e-10],
        "min": [8.86455916794e-25, 1.24753019461e-23, 1.21669314851e-23, 3.38056590612e-23, 4.33071920529e-23, 2.62104400014e-23, 3.2910317711e-23, 6.99839656006e-23, 8.56854088819e-23, 6.28544489985e-23, 8.35195376241e-23, 1.77237809819e-22, 1.72027705395e-22, 6.93759242367e-23, 2.3236785274e-22, 9.99891231678e-23, 2.00998868264e-22, 2.09623490852e-22, 2.43316737234e-22, 3.78453961931e-22, 3.02495668705e-22, 5.79414523109e-22, 5.12410167189e-22, 1.11938711167e-21, 9.93268220575e-22, 1.72374685549e-21, 2.3975242385e-21],
        "var": [1.01487218629e-08, 8.98150683497e-05, 1.59141764016e-05, 5.36792504136e-06, 2.30921068578e-06, 4.25907410317e-06, 1.5383234313e-06, 7.21912920199e-06, 1.21377152027e-05, 3.46510205418e-05, 1.07741998363e-05, 2.80121821561e-06, 3.78255504074e-06, 6.0672955442e-06, 3.63320896213e-06, 3.40016686096e-06, 1.65924143403e-06, 1.00933220892e-06, 7.36259892165e-07, 3.3056966231e-07, 7.34574925332e-08, 3.88392678019e-08, 5.94835611878e-08, 4.73923229549e-08, 3.10481880206e-08, 4.6215937029e-14, 1.91373673427e-18]
    },
    "erbbands": {
        "dmean": [0.0833499282598, 0.852552235126, 1.95468890667, 3.2533416748, 2.5220656395, 2.56774997711, 4.99931001663, 8.66674518585, 6.33281564713, 8.56906414032, 17.3566989899, 22.4087562561, 37.4392814636, 43.9570465088, 18.8132514954, 18.3596191406, 21.7977619171, 26.1538696289, 35.425151825, 25.2110939026, 22.5142688751, 15.3579378128, 12.5971851349, 17.0968856812, 11.8038644791, 10.2810163498, 6.49430465698, 4.11311674118, 3.01469373703, 2.7078359127, 2.4562087059, 1.71625614166, 0.88234359026, 0.529642760754, 0.179055154324, 0.0101107880473, 0.000276255392237, 2.14603423956e-05, 6.45538739263e-06, 9.72692578216e-06],
        "dmean2": [0.118317998946, 1.32355165482, 3.18872761726, 5.58994579315, 4.27100324631, 4.33051967621, 8.40778827667, 14.5613880157, 10.4532184601, 13.7172880173, 27.4668769836, 34.8225631714, 58.0641098022, 67.6253128052, 29.3697052002, 29.0453739166, 34.4832611084, 41.6556930542, 55.1119270325, 40.4024124146, 33.7970046997, 23.9020996094, 19.5965976715, 26.2355728149, 17.9786224365, 16.0396556854, 10.3709888458, 6.59763669968, 4.86097860336, 4.39617395401, 3.93692588806, 2.70469379425, 1.33158063889, 0.797684907913, 0.269345879555, 0.0151658132672, 0.000408922496717, 3.15751276503e-05, 9.67126834439e-06, 1.47876971823e-05],
        "dvar": [0.0317829214036, 2.30029129982, 12.4419784546, 51.3859901428, 27.4802055359, 25.0237140656, 83.3954086304, 369.677368164, 168.300506592, 418.60534668, 2118.91064453, 2853.99145508, 7154.53710938, 9977.32226562, 1895.17614746, 1925.31958008, 2231.72827148, 4870.21826172, 8804.90625, 3161.54663086, 3977.51220703, 1035.86938477, 629.457885742, 1091.68884277, 430.197509766, 264.956787109, 86.4337539673, 43.5944747925, 25.9240779877, 19.3856220245, 24.2055454254, 17.9133777618, 6.88150310516, 4.39629173279, 0.560252606869, 0.0016207662411, 1.2098840898e-06, 6.44311137776e-09, 1.58889831847e-10, 1.02682765069e-10],
        "dvar2": [0.0640386268497, 5.24717760086, 32.4838447571, 140.161880493, 74.4284133911, 67.3912353516, 210.278717041, 951.043579102, 406.59274292, 988.078491211, 4743.97949219, 6168.23046875, 16024.6376953, 23278.4433594, 4404.53808594, 4474.05664062, 4970.54199219, 12433.1318359, 19510.9921875, 7782.59179688, 7953.28417969, 2256.65795898, 1422.71398926, 2327.0949707, 837.455444336, 586.758239746, 209.892196655, 108.378013611, 65.5035400391, 48.1509017944, 58.5927772522, 41.5999183655, 14.6356811523, 9.33610534668, 1.1979020834, 0.00349972466938, 2.55728423326e-06, 1.34095365922e-08, 3.32736699304e-10, 2.20842344412e-10],
        "max": [2.13928031921, 17.7889080048, 48.2463188171, 83.9597473145, 136.906356812, 101.582832336, 160.650466919, 395.516235352, 344.931915283, 464.772399902, 1159.53369141, 1253.5246582, 1608.16003418, 1748.83398438, 1012.55108643, 1048.82226562, 1209.38928223, 2475.47216797, 1947.5690918, 1101.0333252, 1758.27539062, 747.667907715, 654.093811035, 803.057373047, 638.021240234, 516.708679199, 198.862625122, 130.675888062, 93.8829574585, 87.8902664185, 163.165237427, 156.735855103, 79.290397644, 71.8948287964, 23.7170066833, 1.20687401295, 0.0347168035805, 0.00258495658636, 0.000399304175517, 0.000163723350852],
        "mean": [0.124718472362, 1.43631720543, 3.19477820396, 4.35311985016, 3.20484614372, 3.51469135284, 6.7521648407, 10.3436374664, 8.50692272186, 11.2411241531, 26.0789070129, 32.9498596191, 65.8402023315, 85.9412231445, 31.6500873566, 30.6283187866, 36.4531478882, 42.6078834534, 55.6980552673, 39.7885322571, 39.0432395935, 30.8388500214, 24.5097541809, 32.611366272, 24.6400032043, 21.0960102081, 13.9997911453, 8.49578094482, 6.36262130737, 5.94486522675, 5.25701284409, 3.45540070534, 1.91499507427, 1.04355382919, 0.33548489213, 0.0177369304001, 0.000544255948626, 5.0029160775e-05, 2.2695532607e-05, 3.39059188263e-05],
        "median": [0.0362300388515, 0.477104187012, 1.82758617401, 2.42469143867, 1.64783632755, 1.81205189228, 3.16727828979, 4.075756073, 3.39851403236, 4.21349811554, 8.52552700043, 11.5296154022, 17.596616745, 19.0047893524, 12.2697658539, 12.1088991165, 15.6814670563, 16.7639274597, 20.1097488403, 19.5222244263, 14.9056167603, 13.9343824387, 12.0493545532, 16.8169364929, 14.4769496918, 13.8270740509, 9.91304397583, 5.32311105728, 3.80011749268, 3.59428262711, 3.02381181717, 1.8880161047, 1.05864274502, 0.566861152649, 0.175053343177, 0.00891837757081, 0.000300465995679, 3.16028017551e-05, 1.96975743165e-05, 3.04817149299e-05],
        "min": [3.68221464113e-22, 2.83089740923e-21, 1.51353372582e-20, 7.83783486444e-20, 1.45616732862e-19, 1.32851914294e-19, 7.25060965407e-20, 2.66867283969e-19, 6.1265804153e-19, 6.25874785056e-19, 1.82518518854e-18, 1.82070352398e-18, 1.5850935342e-18, 2.15701324076e-18, 5.36872601668e-18, 7.0513995662e-18, 9.29881785764e-18, 4.46684024146e-18, 9.44000435332e-18, 7.58430240403e-18, 6.5830829906e-18, 1.06990046785e-17, 1.05734436246e-17, 1.20132284085e-17, 1.5487669877e-17, 1.98776100321e-17, 1.13245054228e-17, 1.58501023711e-17, 1.85587896594e-17, 1.904114349e-17, 1.38779979117e-17, 2.48263255801e-17, 1.60281960114e-17, 1.00279436532e-17, 7.83129357186e-18, 5.75204647562e-18, 3.60001451651e-18, 1.18628628964e-18, 3.52077123422e-19, 3.44822742987e-20],
        "var": [0.0601000599563, 5.18915081024, 17.5732727051, 47.361907959, 25.7869319916, 28.7798423767, 117.632492065, 387.920440674, 236.635787964, 602.114685059, 4617.76855469, 5059.61621094, 18335.4023438, 35346.03125, 3707.74975586, 4418.85253906, 5345.02148438, 12125.0058594, 16389.2363281, 4663.47021484, 9635.54003906, 3584.98339844, 1885.49694824, 2471.84350586, 1188.42016602, 668.044189453, 204.924850464, 93.4016189575, 55.5707626343, 44.2936058044, 45.4846115112, 29.0352344513, 12.1358661652, 6.72947597504, 0.825165808201, 0.00229830015451, 1.81644850272e-06, 1.03327479906e-08, 3.43765071964e-10, 3.7771002992e-10]
    },
    "gfcc": {
        "mean": [3.6519048214, 88.5327072144, -157.358398438, 51.5120391846, -74.2621841431, 30.1104831696, -36.8069152832, 12.146150589, -18.3512840271, -8.78091049194, -4.94197034836, -17.303817749, 3.94569444656],
        "cov": [[2386.12011719, 390.576599121, 575.461181641, 584.515014648, 240.198226929, 216.711471558, -1.89750802517, 98.9776306152, 5.23153400421, 139.030029297, 102.833976746, -7.92324256897, -48.5700759888], [390.576599121, 787.509643555, 567.752258301, 334.253112793, 320.281799316, 88.2051315308, 57.4091682434, 4.04818439484, 40.4106903076, 33.7650756836, 104.71206665, -20.4550552368, 6.65753221512], [575.461181641, 567.752258301, 1256.95605469, 767.093261719, 290.749237061, 263.765441895, 4.90213108063, 64.4979553223, 61.6360244751, 140.046966553, 92.8023300171, 25.8700428009, -64.5571136475], [584.515014648, 334.253112793, 767.093261719, 742.027160645, 274.950866699, 148.2396698, 43.2892799377, 52.5696182251, 95.5188293457, 90.1310882568, 63.4583892822, 19.692237854, -42.6123046875], [240.198226929, 320.281799316, 290.749237061, 274.950866699, 396.62310791, 127.433235168, 76.7429275513, 85.8366012573, 11.76912117, 29.7881679535, 74.0033187866, 3.09114527702, 32.2000656128], [216.711471558, 88.2051315308, 263.765441895, 148.2396698, 127.433235168, 254.76348877, 131.977340698, 19.8182678223, -1.25376915932, 50.946685791, 35.0947341919, 2.88818526268, -10.093662262], [-1.89750802517, 57.4091682434, 4.90213108063, 43.2892799377, 76.7429275513, 131.977340698, 217.298675537, 40.5694847107, 16.7154636383, 3.18476653099, 21.6342372894, -13.95561409, 26.2108745575], [98.9776306152, 4.04818439484, 64.4979553223, 52.5696182251, 85.8366012573, 19.8182678223, 40.5694847107, 138.184204102, 37.9892539978, 9.16352844238, 9.22794532776, 2.91459989548, 17.5428733826], [5.23153400421, 40.4106903076, 61.6360244751, 95.5188293457, 11.76912117, -1.25376915932, 16.7154636383, 37.9892539978, 132.452026367, 18.8010482788, -9.19543075562, -8.10400867462, -7.62631320953], [139.030029297, 33.7650756836, 140.046966553, 90.1310882568, 29.7881679535, 50.946685791, 3.18476653099, 9.16352844238, 18.8010482788, 101.808937073, 49.661567688, 7.91075801849, -19.0804100037], [102.833976746, 104.71206665, 92.8023300171, 63.4583892822, 74.0033187866, 35.0947341919, 21.6342372894, 9.22794532776, -9.19543075562, 49.661567688, 111.214668274, 32.4438934326, -2.1425011158], [-7.92324256897, -20.4550552368, 25.8700428009, 19.692237854, 3.09114527702, 2.88818526268, -13.95561409, 2.91459989548, -8.10400867462, 7.91075801849, 32.4438934326, 74.9377212524, 29.3753166199], [-48.5700759888, 6.65753221512, -64.5571136475, -42.6123046875, 32.2000656128, -10.093662262, 26.2108745575, 17.5428733826, -7.62631320953, -19.0804100037, -2.1425011158, 29.3753166199, 91.6402435303]],
        "icov": [[0.000894195341971, -0.00120783329476, 0.00150380993728, -0.0019110039575, 0.00151047843974, -0.00221850536764, 0.00188157206867, -0.00201138085686, 0.00130302389152, -0.000720166484825, -0.000126138213091, 0.000646692991722, -0.000447530357633], [-0.00120783329476, 0.00623190589249, -0.00557611323893, 0.00493320263922, -0.00577793130651, 0.00652622384951, -0.00502893421799, 0.00661506317556, -0.00400520116091, 0.00280355522409, -0.00271367607638, 0.00147704803385, -9.25598069443e-05], [0.00150380993728, -0.00557611323893, 0.00841696932912, -0.00807878375053, 0.00614404538646, -0.00933101773262, 0.00751467049122, -0.00748824561015, 0.00455851666629, -0.00282175140455, 0.000984134152532, 0.00033762466046, -0.000820877379738], [-0.0019110039575, 0.00493320263922, -0.00807878375053, 0.0107542891055, -0.00775143271312, 0.00899387523532, -0.00765519961715, 0.00788642466068, -0.00611886521801, 0.00149555632379, 0.000630834372714, -0.00295880110934, 0.00309773231857], [0.00151047843974, -0.00577793130651, 0.00614404538646, -0.00775143271312, 0.0115137221292, -0.00953155849129, 0.00697911344469, -0.00940018706024, 0.0050204070285, -0.000564149522688, -0.00225565279834, 0.00326022133231, -0.00414541503415], [-0.00221850536764, 0.00652622384951, -0.00933101773262, 0.00899387523532, -0.00953155849129, 0.0194968171418, -0.014381072484, 0.010177466087, -0.00385280954652, -0.000813348800875, 0.00199069059454, -0.0039636651054, 0.00444751605392], [0.00188157206867, -0.00502893421799, 0.00751467049122, -0.00765519961715, 0.00697911344469, -0.014381072484, 0.0163462683558, -0.00893150083721, 0.00296034081839, 0.00054470525356, -0.00321548595093, 0.00569061702117, -0.00544462213293], [-0.00201138085686, 0.00661506317556, -0.00748824561015, 0.00788642466068, -0.00940018706024, 0.010177466087, -0.00893150083721, 0.0179138146341, -0.00758930854499, 0.00204081274569, -0.000464502751129, -0.00133053818718, 0.000603603490163], [0.00130302389152, -0.00400520116091, 0.00455851666629, -0.00611886521801, 0.0050204070285, -0.00385280954652, 0.00296034081839, -0.00758930854499, 0.0131621332839, -0.00420939223841, 0.0030124920886, 0.000467423727969, -9.51285983319e-05], [-0.000720166484825, 0.00280355522409, -0.00282175140455, 0.00149555632379, -0.000564149522688, -0.000813348800875, 0.00054470525356, 0.00204081274569, -0.00420939223841, 0.0178742837161, -0.00935888197273, 0.0031207727734, -0.000163463642821], [-0.000126138213091, -0.00271367607638, 0.000984134152532, 0.000630834372714, -0.00225565279834, 0.00199069059454, -0.00321548595093, -0.000464502751129, 0.0030124920886, -0.00935888197273, 0.0198380760849, -0.0112599954009, 0.00551265338436], [0.000646692991722, 0.00147704803385, 0.00033762466046, -0.00295880110934, 0.00326022133231, -0.0039636651054, 0.00569061702117, -0.00133053818718, 0.000467423727969, 0.0031207727734, -0.0112599954009, 0.0246449299157, -0.0113321114331], [-0.000447530357633, -9.25598069443e-05, -0.000820877379738, 0.00309773231857, -0.00414541503415, 0.00444751605392, -0.00544462213293, 0.000603603490163, -9.51285983319e-05, -0.000163463642821, 0.00551265338436, -0.0113321114331, 0.0186515450478]]
    },
    "melbands": {
        "dmean": [0.000857820326928, 0.00101467163768, 0.000520687841345, 0.000164291457622, 0.000159783914569, 0.000187210695003, 9.69436878222e-05, 0.000107477382699, 0.000151697779074, 0.000142513541505, 0.000197922941879, 0.000189050246263, 8.01204878371e-05, 4.96401080454e-05, 5.64860201848e-05, 4.65877674287e-05, 5.45505426999e-05, 6.51404843666e-05, 4.34100838902e-05, 3.3862212149e-05, 2.67119539785e-05, 1.86042270798e-05, 1.35398859129e-05, 1.51308486238e-05, 1.5230808458e-05, 1.1178431123e-05, 8.4008443082e-06, 7.15980604582e-06, 4.85027567265e-06, 3.38263907906e-06, 2.35209859056e-06, 1.83504391771e-06, 1.67249970673e-06, 1.62508479207e-06, 1.49550169226e-06, 1.62181800079e-06, 9.2795397677e-07, 6.59047316276e-07, 5.80770119996e-07, 4.40478544306e-07],
        "dmean2": [0.00122940330766, 0.00163422315381, 0.000881535117514, 0.000277575221844, 0.000268900825176, 0.000313600234222, 0.000159418341354, 0.000172068423126, 0.000239916771534, 0.000220005807932, 0.000307885755319, 0.000292328593787, 0.000125262493384, 7.91300481069e-05, 8.96491110325e-05, 7.369578816e-05, 8.76313715708e-05, 0.000101035358966, 6.98439835105e-05, 5.312506255e-05, 4.081015868e-05, 2.90843363473e-05, 2.15502095671e-05, 2.36475170823e-05, 2.37011790887e-05, 1.70056682691e-05, 1.31210317704e-05, 1.12841662485e-05, 7.71745180828e-06, 5.53721156393e-06, 3.79749462809e-06, 2.99899284073e-06, 2.74979788628e-06, 2.66466895482e-06, 2.42165356212e-06, 2.64659570348e-06, 1.45941146457e-06, 1.01847183487e-06, 8.85930489858e-07, 6.71491534376e-07],
        "dvar": [2.82289647657e-06, 2.84574161924e-06, 1.20919901292e-06, 1.15458419714e-07, 8.30980582123e-08, 1.60427561013e-07, 4.008779797e-08, 6.46197975129e-08, 1.43090275628e-07, 1.12958069565e-07, 1.98276083552e-07, 1.82989296604e-07, 4.21218260271e-08, 1.80180812492e-08, 1.62029021311e-08, 1.49149279594e-08, 2.31307453191e-08, 3.11547800891e-08, 1.39864475557e-08, 7.75683695053e-09, 6.7680643312e-09, 2.25669061216e-09, 9.82063652621e-10, 1.78702264098e-09, 8.81659967256e-10, 4.27704566208e-10, 2.33034536112e-10, 1.25048943422e-10, 5.28508799225e-11, 3.04461802991e-11, 1.52104388113e-11, 9.3803142337e-12, 8.21694708802e-12, 7.52037234569e-12, 8.53563140307e-12, 1.47927833177e-11, 5.55947302083e-12, 3.2552033985e-12, 4.40285481684e-12, 2.98097657669e-12],
        "dvar2": [5.97089820076e-06, 7.1672766353e-06, 3.23893004861e-06, 3.13326523838e-07, 2.12509647213e-07, 4.10862838862e-07, 9.5937807032e-08, 1.49348593936e-07, 3.2302409636e-07, 2.43728663918e-07, 4.40913282773e-07, 4.21505461645e-07, 9.63003756738e-08, 4.06965519062e-08, 3.74776725209e-08, 3.31253566799e-08, 5.913182477e-08, 6.86939216621e-08, 3.42545760645e-08, 1.64557967253e-08, 1.39168099267e-08, 4.87481388589e-09, 2.37839015149e-09, 4.01862276789e-09, 1.89533611028e-09, 8.48443537649e-10, 4.79975781342e-10, 2.77825290551e-10, 1.21850654566e-10, 7.81478631806e-11, 3.80573281222e-11, 2.397587337e-11, 2.16117384405e-11, 1.89858441468e-11, 2.10888823765e-11, 3.72767441914e-11, 1.28959239121e-11, 7.17774667827e-12, 9.51726458059e-12, 6.43648242343e-12],
        "max": [0.0205588489771, 0.0223668534309, 0.0161670204252, 0.0101921083406, 0.00481922971085, 0.00861441995949, 0.00454914616421, 0.00649272929877, 0.00856432318687, 0.00800300482661, 0.00805633235723, 0.00756823411211, 0.00494179083034, 0.00383951235563, 0.00310114794411, 0.00480398768559, 0.00525262299925, 0.00392087223008, 0.00268685584888, 0.0022945846431, 0.00254910555668, 0.00115404627286, 0.000784547592048, 0.00134507508483, 0.000671208195854, 0.000611729628872, 0.000571071810555, 0.00032726029167, 0.000178009926458, 0.000107343956188, 8.34763632156e-05, 5.6380413298e-05, 4.57351343357e-05, 6.63165556034e-05, 9.13859548746e-05, 0.00014663732145, 7.87108874647e-05, 5.32215708517e-05, 7.27158112568e-05, 6.62995444145e-05],
        "mean": [0.00142214307562, 0.00183566205669, 0.000731248292141, 0.000226511576329, 0.000221097958274, 0.000230323741562, 0.000129175081383, 0.000141251366585, 0.000229996905546, 0.000205504838959, 0.000343110499671, 0.000369060813682, 0.000127714811242, 7.23188277334e-05, 9.11840179469e-05, 7.30904066586e-05, 8.0671015894e-05, 9.64658975136e-05, 5.93939548708e-05, 5.21244946867e-05, 4.28053463111e-05, 3.34004507749e-05, 2.25136354857e-05, 2.4413340725e-05, 2.70004074991e-05, 2.10230173252e-05, 1.56597634486e-05, 1.36545495479e-05, 9.59983754001e-06, 6.31646753391e-06, 4.42350301455e-06, 3.58414740731e-06, 3.29234217133e-06, 3.31352271132e-06, 3.05396838485e-06, 2.82001565211e-06, 1.83745783033e-06, 1.36500705139e-06, 1.10589701308e-06, 8.1167144117e-07],
        "median": [0.000434794084867, 0.0010910545243, 0.000432468310464, 0.000122730692965, 0.000108665750304, 9.68391032075e-05, 5.03387345816e-05, 4.55758527096e-05, 7.48176171328e-05, 6.24277745374e-05, 7.80898335506e-05, 7.20169264241e-05, 3.69174631487e-05, 2.22287435463e-05, 3.49502770405e-05, 2.59615680989e-05, 2.7553351174e-05, 3.0090493965e-05, 2.47832394962e-05, 1.80134811671e-05, 1.45208077811e-05, 1.38479927045e-05, 1.02473950392e-05, 9.47981243371e-06, 1.35569962367e-05, 1.09734046418e-05, 8.85897952685e-06, 8.6409099822e-06, 6.28748784948e-06, 3.81820836992e-06, 2.56001317211e-06, 2.08001802093e-06, 1.97521330847e-06, 1.95120833268e-06, 1.71880674316e-06, 1.43377121731e-06, 9.98743985292e-07, 7.40263487842e-07, 5.75653189117e-07, 4.23852213771e-07],
        "min": [3.08834962039e-24, 5.96029773397e-24, 1.45611590423e-23, 1.06818558659e-23, 2.77803994205e-24, 7.17096019863e-24, 7.93563068419e-24, 8.50880360729e-24, 1.59870409057e-23, 1.13851166855e-23, 8.14480898612e-24, 8.51183519974e-24, 1.4873200862e-23, 2.02749763976e-23, 1.52368294517e-23, 1.92582893075e-23, 6.5223930778e-24, 1.21725947175e-23, 1.88880721515e-23, 6.33778148218e-24, 8.02565785727e-24, 1.20589987472e-23, 8.90728407178e-24, 1.00062990525e-23, 9.29790432622e-24, 1.06317805534e-23, 1.23240339232e-23, 1.35047938264e-23, 6.91396745951e-24, 5.69827363999e-24, 1.14493291743e-23, 1.17937718779e-23, 8.66150420157e-24, 1.13673152503e-23, 7.47428668301e-24, 8.72292648937e-24, 1.83111718606e-23, 1.1649922303e-23, 8.5826291551e-24, 8.42316013425e-24],
        "var": [6.27640929451e-06, 5.47394120076e-06, 1.18495211154e-06, 1.16102079062e-07, 1.14885295943e-07, 1.74973180833e-07, 5.68374218801e-08, 1.06798424326e-07, 3.27419712676e-07, 2.08804621593e-07, 5.22078948961e-07, 6.67755898576e-07, 8.70548007015e-08, 3.51780080621e-08, 3.91894374729e-08, 4.52375097382e-08, 5.27427097552e-08, 5.91775659586e-08, 1.75175109973e-08, 1.7055553414e-08, 1.59361928098e-08, 5.9970473032e-09, 1.8577630545e-09, 3.56432483528e-09, 1.82136639104e-09, 1.0927415639e-09, 6.4307092984e-10, 2.91311030853e-10, 1.25094656855e-10, 5.68481581253e-11, 2.98629246331e-11, 1.94028387107e-11, 1.48828605689e-11, 1.53315329182e-11, 1.58282709856e-11, 1.94822265959e-11, 9.11851063407e-12, 5.65481472412e-12, 6.67120525488e-12, 4.46095721127e-12]
    },
    "mfcc": {
        "mean": [-614.51574707, 91.7197799683, -12.9862642288, 15.0752220154, -0.872428417206, 5.01636600494, 3.94711780548, 6.72613382339, 0.521421015263, 9.19271755219, -3.6224834919, -3.97025418282, -2.76838970184],
        "cov": [[1788.28381348, 40.2150497437, 329.040313721, 321.724517822, 236.95135498, 148.204879761, 120.647644043, 12.7950086594, -8.21480846405, 88.5935516357, 54.9678153992, 92.3926315308, 105.669128418], [40.2150497437, 641.951416016, 188.359588623, 162.023544312, 233.533050537, 76.5562133789, 134.628585815, 16.4956188202, -20.8397655487, 37.7761077881, 19.4725399017, 5.15466880798, 55.7816696167], [329.040313721, 188.359588623, 1032.55517578, 499.560882568, 352.871398926, 294.919952393, 101.205688477, 44.6270065308, 22.8338432312, 65.465385437, 105.876617432, 157.001052856, 89.6456069946], [321.724517822, 162.023544312, 499.560882568, 580.848083496, 353.671936035, 160.12689209, 91.9844970703, 61.0311164856, 47.9739303589, 64.2693557739, 46.2910270691, 114.203086853, 82.0603103638], [236.95135498, 233.533050537, 352.871398926, 353.671936035, 417.570526123, 112.559059143, 116.537361145, 53.6539497375, 23.5733203888, 52.9806938171, 35.3378143311, 60.53383255, 81.432434082], [148.204879761, 76.5562133789, 294.919952393, 160.12689209, 112.559059143, 280.979309082, 127.770271301, 44.7020301819, 21.649766922, 51.374206543, 48.4840774536, 43.2273826599, 32.1726913452], [120.647644043, 134.628585815, 101.205688477, 91.9844970703, 116.537361145, 127.770271301, 260.215911865, 69.1935501099, 5.82741308212, 66.2074432373, 16.3720569611, -10.2479925156, 52.3700790405], [12.7950086594, 16.4956188202, 44.6270065308, 61.0311164856, 53.6539497375, 44.7020301819, 69.1935501099, 118.333946228, 60.6310958862, 28.3613586426, 9.30228328705, 14.1566467285, 15.4499368668], [-8.21480846405, -20.8397655487, 22.8338432312, 47.9739303589, 23.5733203888, 21.649766922, 5.82741308212, 60.6310958862, 119.999320984, 45.9795761108, -2.60327172279, 6.41579914093, -3.96007037163], [88.5935516357, 37.7761077881, 65.465385437, 64.2693557739, 52.9806938171, 51.374206543, 66.2074432373, 28.3613586426, 45.9795761108, 115.333091736, 39.4361724854, 1.2328042984, 10.5662279129], [54.9678153992, 19.4725399017, 105.876617432, 46.2910270691, 35.3378143311, 48.4840774536, 16.3720569611, 9.30228328705, -2.60327172279, 39.4361724854, 98.4323348999, 53.3530387878, 10.2848615646], [92.3926315308, 5.15466880798, 157.001052856, 114.203086853, 60.53383255, 43.2273826599, -10.2479925156, 14.1566467285, 6.41579914093, 1.2328042984, 53.3530387878, 124.575874329, 46.5382843018], [105.669128418, 55.7816696167, 89.6456069946, 82.0603103638, 81.432434082, 32.1726913452, 52.3700790405, 15.4499368668, -3.96007037163, 10.5662279129, 10.2848615646, 46.5382843018, 97.1638336182]],
