{
"lowlevel": {
    "average_loudness": 0.921364307404,
    "barkbands_crest": {
        "dmean": 2.50852537155,
        "dmean2": 4.08743953705,
        "dvar": 6.16013813019,
        "dvar2": 15.0862808228,
        "max": 25.2434940338,
        "mean": 8.47780132294,
        "median": 7.29948997498,
        "min": 2.4356303215,
        "var": 15.0959339142
    },
    "barkbands_flatness_db": {
        "dmean": 0.0183144286275,
        "dmean2": 0.0279351528734,
        "dvar": 0.000293913704809,
        "dvar2": 0.00063492776826,
        "max": 0.322314083576,
        "mean": 0.119700714946,
        "median": 0.115375086665,
        "min": 0.0355114899576,
        "var": 0.00150155310985
    },
    "barkbands_kurtosis": {
        "dmean": 1.47581958771,
        "dmean2": 2.34286117554,
        "dvar": 8.96282291412,
        "dvar2": 19.9429149628,
        "max": 135.433822632,
        "mean": 1.56513345242,
        "median": 0.359250187874,
        "min": -1.91115272045,
        "var": 21.1290645599
    },
    "barkbands_skewness": {
        "dmean": 0.427699953318,
        "dmean2": 0.655868887901,
        "dvar": 0.232975363731,
        "dvar2": 0.47840783,
        "max": 9.14150619507,
        "mean": 0.437900006771,
        "median": 0.510157346725,
        "min": -5.71443271637,
        "var": 1.49128115177
    },
    "barkbands_spread": {
        "dmean": 5.65663051605,
        "dmean2": 8.81015396118,
        "dvar": 49.8378639221,
        "dvar2": 111.572593689,
        "max": 120.558685303,
        "mean": 24.2005939484,
        "median": 22.7740936279,
        "min": 1.36950421333,
        "var": 156.752334595
    },
    "dissonance": {
        "dmean": 0.0178078431636,
        "dmean2": 0.0298032537103,
        "dvar": 0.000338763347827,
        "dvar2": 0.000891038507689,
        "max": 0.5,
        "mean": 0.468541353941,
        "median": 0.475393503904,
        "min": 0.228921890259,
        "var": 0.000755127519369
    },
    "dynamic_complexity": 2.42457079887,
    "erbbands_crest": {
        "dmean": 2.85225987434,
        "dmean2": 4.60711240768,
        "dvar": 8.76347255707,
        "dvar2": 20.5327415466,
        "max": 30.7285404205,
        "mean": 9.12701034546,
        "median": 7.89043331146,
        "min": 2.36738038063,
        "var": 24.3408584595
    },
    "erbbands_flatness_db": {
        "dmean": 0.0183255467564,
        "dmean2": 0.0263969842345,
        "dvar": 0.000290803494863,
        "dvar2": 0.000560162705369,
        "max": 0.34694737196,
        "mean": 0.175613939762,
        "median": 0.176319360733,
        "min": 0.0612657554448,
        "var": 0.00237062224187
    },
    "erbbands_kurtosis": {
        "dmean": 1.10148096085,
        "dmean2": 1.72633302212,
        "dvar": 4.64327812195,
        "dvar2": 9.43805885315,
        "max": 93.8573150635,
        "mean": 0.628340065479,
        "median": -0.0565264225006,
        "min": -1.8117082119,
        "var": 9.1248960495
    },
    "erbbands_skewness": {
        "dmean": 0.380641072989,
        "dmean2": 0.570241928101,
        "dvar": 0.181722596288,
        "dvar2": 0.361549079418,
        "max": 8.36820983887,
        "mean": 0.118308760226,
        "median": 0.0275830030441,
        "min": -6.151907444,
        "var": 0.785195529461
    },
    "erbbands_spread": {
        "dmean": 7.44582891464,
        "dmean2": 11.3156337738,
        "dvar": 75.4415054321,
        "dvar2": 178.576721191,
        "max": 132.70425415,
        "mean": 33.2202949524,
        "median": 31.7441749573,
        "min": 3.47832465172,
        "var": 274.702209473
    },
    "hfc": {
        "dmean": 9.26498413086,
        "dmean2": 13.5964832306,
        "dvar": 258.380767822,
        "dvar2": 544.677246094,
        "max": 484.254669189,
        "mean": 25.4385490417,
        "median": 20.9497909546,
        "min": 1.05830639005e-16,
        "var": 659.346740723
    },
    "melbands_crest": {
        "dmean": 3.14191174507,
        "dmean2": 5.1059794426,
        "dvar": 9.92707157135,
        "dvar2": 23.891910553,
        "max": 32.4728431702,
        "mean": 10.4261169434,
        "median": 9.52628231049,
        "min": 1.50608205795,
        "var": 31.2011413574
    },
    "melbands_flatness_db": {
        "dmean": 0.0197989307344,
        "dmean2": 0.0296759400517,
        "dvar": 0.000425303005613,
        "dvar2": 0.000884565524757,
        "max": 0.371477693319,
        "mean": 0.128483518958,
        "median": 0.132724136114,
        "min": 0.00286047253758,
        "var": 0.00361948506907
    },
    "melbands_kurtosis": {
        "dmean": 2.82135057449,
        "dmean2": 4.4614648819,
        "dvar": 31.2130527496,
        "dvar2": 74.5853424072,
        "max": 126.17024231,
        "mean": 4.26982212067,
        "median": 1.73684072495,
        "min": -1.95154082775,
        "var": 70.5241699219
    },
    "melbands_skewness": {
        "dmean": 0.504123866558,
        "dmean2": 0.776016175747,
        "dvar": 0.310048103333,
        "dvar2": 0.689611554146,
        "max": 8.59751701355,
        "mean": 1.31366765499,
        "median": 1.16494226456,
        "min": -2.22539544106,
        "var": 1.42333829403
    },
    "melbands_spread": {
        "dmean": 10.6130094528,
        "dmean2": 16.6607303619,
        "dvar": 259.076721191,
        "dvar2": 551.00769043,
        "max": 276.374298096,
        "mean": 45.9815254211,
        "median": 33.0490722656,
        "min": 1.47473812103,
        "var": 1529.20288086
    },
    "pitch_salience": {
        "dmean": 0.0621167495847,
        "dmean2": 0.100371517241,
        "dvar": 0.00358178117312,
        "dvar2": 0.00882425624877,
        "max": 0.887565135956,
        "mean": 0.624527812004,
        "median": 0.625748038292,
        "min": 0.178824499249,
        "var": 0.0128056937829
    },
    "silence_rate_20dB": {
        "dmean": 0,
        "dmean2": 0,
        "dvar": 0,
        "dvar2": 0,
        "max": 1,
        "mean": 1,
        "median": 1,
        "min": 1,
        "var": 0
    },
    "silence_rate_30dB": {
        "dmean": 0.000225504569244,
        "dmean2": 0.000451059982879,
        "dvar": 0.000225426934776,
        "dvar2": 0.00067627930548,
        "max": 1,
        "mean": 0.999887287617,
        "median": 1,
        "min": 0,
        "var": 0.000112720161269
    },
    "silence_rate_60dB": {
        "dmean": 0.0130792651325,
        "dmean2": 0.0261614788324,
        "dvar": 0.0129059022292,
        "dvar2": 0.0288620330393,
        "max": 1,
        "mean": 0.147463366389,
        "median": 0,
        "min": 0,
        "var": 0.125706017017
    },
    "spectral_centroid": {
        "dmean": 298.676269531,
        "dmean2": 463.484375,
        "dvar": 126768.421875,
        "dvar2": 261502.125,
        "max": 12006.1679688,
        "mean": 2770.60522461,
        "median": 1866.97265625,
        "min": 226.389175415,
        "var": 8175174.5
    },
    "spectral_complexity": {
        "dmean": 3.30071043968,
        "dmean2": 5.0847992897,
        "dvar": 14.7664041519,
        "dvar2": 30.6993331909,
        "max": 60,
        "mean": 18.9031562805,
        "median": 20,
        "min": 0,
        "var": 115.345252991
    },
    "spectral_decrease": {
        "dmean": 1.50277201794e-09,
        "dmean2": 2.22351714818e-09,
        "dvar": 4.27878238356e-18,
        "dvar2": 9.36359519859e-18,
        "max": 3.01563892177e-28,
        "mean": -4.3063459465e-09,
        "median": -3.77126774254e-09,
        "min": -2.82491683379e-08,
        "var": 1.1866862935e-17
    },
    "spectral_energy": {
        "dmean": 0.00634239288047,
        "dmean2": 0.00934830866754,
        "dvar": 7.15928472346e-05,
        "dvar2": 0.000156245718244,
        "max": 0.113939657807,
        "mean": 0.0185605268925,
        "median": 0.0165954455733,
        "min": 9.67514065295e-21,
        "var": 0.000206715165405
    },
    "spectral_energyband_high": {
        "dmean": 0.000700548582245,
        "dmean2": 0.00104329781607,
        "dvar": 3.97595249524e-06,
        "dvar2": 8.36574417917e-06,
        "max": 0.0737170353532,
        "mean": 0.00127403787337,
        "median": 0.000499770976603,
        "min": 6.89415135561e-21,
        "var": 8.2015640146e-06
    },
    "spectral_energyband_low": {
        "dmean": 0.000594928918872,
        "dmean2": 0.000956915610004,
        "dvar": 2.8402589578e-06,
        "dvar2": 7.13091321813e-06,
        "max": 0.0388701558113,
        "mean": 0.000978176714852,
        "median": 0.000357339362381,
        "min": 4.13070013066e-24,
        "var": 3.66396170648e-06
    },
    "spectral_energyband_middle_high": {
        "dmean": 0.00273366831243,
        "dmean2": 0.00407763756812,
        "dvar": 1.83210213436e-05,
        "dvar2": 4.03558624384e-05,
        "max": 0.0732985585928,
        "mean": 0.00749981869012,
        "median": 0.00548157095909,
        "min": 1.12575585713e-21,
        "var": 6.08653281233e-05
    },
    "spectral_energyband_middle_low": {
        "dmean": 0.00423310790211,
        "dmean2": 0.0064081097953,
        "dvar": 5.07011973241e-05,
        "dvar2": 0.000115032431495,
        "max": 0.103880979121,
        "mean": 0.00919878296554,
        "median": 0.00609177909791,
        "min": 1.33812657817e-22,
        "var": 0.000108070336864
    },
    "spectral_entropy": {
        "dmean": 0.142620697618,
        "dmean2": 0.204049110413,
        "dvar": 0.0239109378308,
        "dvar2": 0.0439717061818,
        "max": 9.82703304291,
        "mean": 7.8599729538,
        "median": 7.67181539536,
        "min": 5.92652273178,
        "var": 0.541910052299
    },
    "spectral_flux": {
        "dmean": 0.0210215058178,
        "dmean2": 0.0332133919001,
        "dvar": 0.000597348727752,
        "dvar2": 0.00141193845775,
        "max": 0.307760685682,
        "mean": 0.0765939429402,
        "median": 0.0741858035326,
        "min": 6.14978068469e-11,
        "var": 0.00199670204893
    },
    "spectral_kurtosis": {
        "dmean": 1.16325759888,
        "dmean2": 1.94365274906,
        "dvar": 1.75113201141,
        "dvar2": 4.81753873825,
        "max": 29.516620636,
        "mean": 3.50647735596,
        "median": 3.49195575714,
        "min": -1.39735639095,
        "var": 8.13495826721
    },
    "spectral_rms": {
        "dmean": 0.000660263991449,
        "dmean2": 0.000948953500483,
        "dvar": 5.55757026177e-07,
        "dvar2": 1.11236886369e-06,
        "max": 0.0105432746932,
        "mean": 0.00379741378129,
        "median": 0.00402376428246,
        "min": 3.07232191077e-12,
        "var": 3.68743985746e-06
    },
    "spectral_rolloff": {
        "dmean": 628.568359375,
        "dmean2": 1041.31567383,
        "dvar": 1134494.5,
        "dvar2": 2337028.25,
        "max": 19810.546875,
        "mean": 4171.84716797,
        "median": 2239.453125,
        "min": 193.798828125,
        "var": 27045412
    },
    "spectral_skewness": {
        "dmean": 0.182378381491,
        "dmean2": 0.291444480419,
        "dvar": 0.0356298722327,
        "dvar2": 0.0784233883023,
        "max": 3.69177150726,
        "mean": 1.26143729687,
        "median": 1.38032054901,
        "min": -0.725257456303,
        "var": 0.327446401119
    },
    "spectral_spread": {
        "dmean": 623736.375,
        "dmean2": 929410.9375,
        "dvar": 755737886720,
        "dvar2": 1.51743312691e+12,
        "max": 43782328,
        "mean": 8155390,
        "median": 4258788.5,
        "min": 1506628.5,
        "var": 1.22175461786e+14
    },
    "spectral_strongpeak": {
        "dmean": 0.882076144218,
        "dmean2": 1.42037427425,
        "dvar": 1.46761250496,
        "dvar2": 3.61944055557,
        "max": 14.4692134857,
        "mean": 1.62695348263,
        "median": 1.04409241676,
        "min": 0,
        "var": 3.07693481445
    },
    "zerocrossingrate": {
        "dmean": 0.0126911830157,
        "dmean2": 0.0152895133942,
        "dvar": 0.000326410867274,
        "dvar2": 0.000350322108716,
        "max": 0.77294921875,
        "mean": 0.130537614226,
        "median": 0.08154296875,
        "min": 0.0126953125,
        "var": 0.0175403989851
    },
    "barkbands": {
        "dmean": [5.25215837115e-05, 0.000311820855131, 0.000267603667453, 0.000279098574538, 0.00110513740219, 0.00118299038149, 0.0012857906986, 0.000872495525982, 0.00114008935634, 0.000983650097623, 0.000454208231531, 0.000531788857188, 0.000501555448864, 0.000685884617269, 0.000470262835734, 0.000398881442379, 0.000266921706498, 0.000279075553408, 0.000278124090983, 0.000245013216045, 0.000158557595569, 0.000142441189382, 0.000130210784846, 0.000175421650056, 8.930828335e-05, 1.96264154511e-05, 1.49843550901e-08],
        "dmean2": [9.5005845651e-05, 0.000526286952663, 0.000450180668849, 0.000459557020804, 0.00178707332816, 0.00184729602188, 0.00203874288127, 0.00138313719071, 0.00174640701152, 0.00145715428516, 0.000683407124598, 0.000828276504762, 0.000776980654337, 0.00109282857738, 0.000762347306591, 0.00064457586268, 0.000432292727055, 0.000454689085018, 0.000450695370091, 0.00037323703873, 0.000248999422183, 0.000223247188842, 0.000199639500352, 0.00027438061079, 0.000137924449518, 2.96370544675e-05, 2.70227982213e-08],
        "dvar": [8.48547099253e-09, 1.09112488644e-06, 6.18381420736e-07, 4.0353054942e-07, 5.55322276341e-06, 8.96425444807e-06, 1.32079321702e-05, 8.65288257046e-06, 1.20690956464e-05, 1.06519619294e-05, 2.01974194169e-06, 1.57031377057e-06, 2.03929130294e-06, 2.75779348158e-06, 1.57750980634e-06, 8.05811055216e-07, 3.10852442453e-07, 2.4118469355e-07, 2.68764040356e-07, 2.56536850429e-07, 1.52082620275e-07, 5.2037455589e-07, 2.97033409424e-07, 6.36261574982e-07, 1.34934822427e-07, 2.84139445306e-09, 5.190456541e-15],
        "dvar2": [2.48357228116e-08, 2.88526166514e-06, 1.63686058841e-06, 1.05684739538e-06, 1.40009533425e-05, 2.05011565413e-05, 3.17912199534e-05, 2.14562023757e-05, 2.75487236649e-05, 2.33231930906e-05, 4.42788905275e-06, 3.48978596776e-06, 4.37358630734e-06, 6.73401018503e-06, 3.72441354557e-06, 2.0524505544e-06, 7.68279448948e-07, 6.13313943632e-07, 7.0623116244e-07, 5.37090784292e-07, 3.60441958946e-07, 1.16139381134e-06, 6.63499690745e-07, 1.48945127876e-06, 3.0581557553e-07, 6.07691807986e-09, 1.44694691206e-14],
        "max": [0.00154639082029, 0.0263425689191, 0.0158120729029, 0.017910990864, 0.0483971908689, 0.0693893283606, 0.0833102613688, 0.0885756015778, 0.0705700814724, 0.0808518454432, 0.0495270416141, 0.0290642064065, 0.0384888313711, 0.0246115978807, 0.0321239680052, 0.0271837059408, 0.0143674667925, 0.00873533822596, 0.00876474380493, 0.0116938585415, 0.00813128333539, 0.0374943912029, 0.0208560526371, 0.0258972272277, 0.0185046494007, 0.00243452424183, 1.8091518541e-06],
        "mean": [5.36466577614e-05, 0.000383743841667, 0.000363717874279, 0.000414204609115, 0.00181741686538, 0.00182587688323, 0.00180481967982, 0.00121460971422, 0.00165953231044, 0.00134836882353, 0.00080644513946, 0.000899796315935, 0.000765417236835, 0.0010023311479, 0.000686390732881, 0.000595855235588, 0.000455003289972, 0.000481474562548, 0.000502919196151, 0.000444704375695, 0.000255103659583, 0.000194325300981, 0.000188146412256, 0.000253057107329, 0.000119696742331, 2.3881188099e-05, 1.43167895317e-08],
        "median": [2.6143163268e-05, 9.49220411712e-05, 8.9724373538e-05, 0.000143742508953, 0.000796073465608, 0.000637286517303, 0.00052428356139, 0.000363337865565, 0.000367065047612, 0.000255249527982, 0.000112076930236, 0.000295435980661, 0.000203889649129, 0.000306437606923, 0.000286580179818, 0.000250283570495, 0.000207796809264, 0.00025999645004, 0.000253886799328, 0.000185293072718, 0.00010580860544, 4.64015683974e-05, 4.32476736023e-05, 5.16484797117e-05, 2.35208008235e-05, 3.76268144464e-06, 6.9266459235e-10],
        "min": [9.0875112278e-27, 1.13255162719e-24, 2.11273023459e-25, 3.73011745046e-25, 2.15926099787e-24, 5.17476306075e-24, 6.55517379829e-24, 3.7543101381e-24, 5.98664647706e-24, 7.41016018003e-24, 1.07429610317e-23, 1.36631087438e-23, 1.79010951408e-23, 1.85086395224e-23, 2.15865712485e-23, 3.00939738388e-23, 4.55201299077e-23, 5.87601473045e-23, 9.62675740287e-23, 1.32659254821e-22, 1.96490711206e-22, 2.53796621831e-22, 3.18824988469e-22, 4.50496576815e-22, 7.48359448439e-22, 1.2622343978e-21, 1.78511957758e-21],
        "var": [8.20229306697e-09, 1.00465422292e-06, 6.71176451306e-07, 6.211664072e-07, 9.50767571339e-06, 1.51718550114e-05, 1.87158111657e-05, 1.01666255432e-05, 1.75435288838e-05, 1.57048834808e-05, 6.1840764829e-06, 3.8514535845e-06, 4.41453084932e-06, 5.06952164869e-06, 2.19102321353e-06, 1.18501804991e-06, 6.46139142191e-07, 4.49726798024e-07, 5.37394498679e-07, 6.01847659709e-07, 2.3333286947e-07, 7.93181584413e-07, 4.46569657697e-07, 1.03543550267e-06, 2.23684153866e-07, 4.75005634826e-09, 4.74074303238e-15]
    },
    "erbbands": {
        "dmean": [0.00660106586292, 0.0817173346877, 0.287604659796, 0.619304358959, 2.01301240921, 4.20522737503, 6.34290885925, 11.6996278763, 17.697271347, 18.0689067841, 19.2576732635, 22.0464096069, 32.3096160889, 23.0342140198, 16.8302688599, 19.7086162567, 20.077085495, 24.698179245, 30.7531738281, 22.8688774109, 20.4944972992, 15.3289375305, 14.3134174347, 14.3356313705, 11.2984189987, 11.2986803055, 9.17733955383, 4.35237646103, 4.98950481415, 4.53740358353, 3.89504122734, 3.91794991493, 2.6810593605, 1.22316408157, 0.51225912571, 0.138023659587, 0.0292299557477, 0.0023219299037, 5.17915359524e-05, 1.10090759335e-05],
        "dmean2": [0.0110286148265, 0.138187512755, 0.480071276426, 1.01819944382, 3.3487007618, 6.79731607437, 9.84400272369, 18.3507766724, 27.8380432129, 28.7859382629, 29.8069705963, 33.7626495361, 48.5105934143, 33.7317657471, 24.9182929993, 30.1211452484, 30.8121871948, 37.8202629089, 49.9827728271, 37.3967857361, 32.708568573, 24.5085144043, 23.1669025421, 23.0493564606, 17.8907089233, 17.1177082062, 14.145606041, 6.79128026962, 7.78763961792, 7.07088470459, 5.95461845398, 6.17266941071, 4.20868730545, 1.89701867104, 0.781386137009, 0.209973827004, 0.0438404977322, 0.00351509032771, 7.64173819334e-05, 1.60127401614e-05],
        "dvar": [0.000258781947196, 0.0864593759179, 0.849496603012, 2.09166455269, 19.2636127472, 92.0991287231, 254.226715088, 1089.84936523, 2634.66601562, 4046.68359375, 3232.890625, 5966.08984375, 11967.0712891, 5045.57275391, 1968.96289062, 2359.203125, 3623.60693359, 4550.42529297, 5253.59082031, 4590.67871094, 2059.296875, 1000.39733887, 698.155212402, 696.178283691, 386.144927979, 580.77545166, 489.306396484, 219.114120483, 748.3984375, 476.106262207, 237.405563354, 315.295532227, 156.418792725, 24.1544723511, 4.60816001892, 0.182972386479, 0.00570946885273, 4.61666240881e-05, 1.71903060675e-08, 2.86107859626e-10],
        "dvar2": [0.000621925806627, 0.230687499046, 2.23778271675, 5.5780787468, 52.0717201233, 235.462539673, 576.677856445, 2575.21679688, 6441.08349609, 9737.09472656, 7785.39746094, 13790.7246094, 26929.2460938, 10255.0498047, 3968.24365234, 4851.12451172, 7510.42578125, 10153.9609375, 13319.6386719, 12198.7441406, 4768.02539062, 2447.91333008, 1783.66125488, 1772.11865234, 946.888671875, 1240.58605957, 1120.54724121, 512.394226074, 1718.35742188, 1060.80383301, 511.33416748, 741.940063477, 372.346405029, 53.6375389099, 9.7606010437, 0.377831757069, 0.0126497633755, 0.000103689206298, 3.69944288536e-08, 5.92665139187e-10],
        "max": [0.357002466917, 7.39492702484, 20.1129989624, 32.0670166016, 82.3927154541, 213.06362915, 375.616668701, 762.155700684, 1492.02026367, 1553.77856445, 1543.40332031, 1533.60375977, 2962.35375977, 2105.03051758, 2297.44946289, 1036.99975586, 2120.77685547, 1449.12194824, 1930.92712402, 2194.9284668, 1240.2454834, 749.560852051, 588.723754883, 532.820861816, 403.13269043, 715.099121094, 599.9609375, 547.658935547, 1565.78894043, 909.703308105, 433.417633057, 641.22644043, 474.811645508, 162.626663208, 149.887680054, 22.1093406677, 1.5966296196, 0.114626340568, 0.00267812167294, 0.000554764701519],
        "mean": [0.00877610314637, 0.0955075323582, 0.387699812651, 0.996154725552, 3.0301527977, 6.44762849808, 9.91211223602, 17.611574173, 25.3601112366, 25.8953590393, 28.7664222717, 32.3574142456, 48.6516036987, 38.647819519, 32.1962432861, 34.068687439, 34.4517593384, 43.5488166809, 46.7209396362, 36.3891296387, 32.6806678772, 27.7285041809, 26.0526237488, 27.1542758942, 22.3002929688, 20.910150528, 15.22681427, 7.25144672394, 6.87668228149, 6.10988664627, 5.62662172318, 5.52805519104, 3.79221749306, 1.69031190872, 0.657181560993, 0.176205560565, 0.033341024071, 0.00239265011624, 6.97776195011e-05, 2.9278355214e-05],
        "median": [0.0029887938872, 0.0206757169217, 0.0991760417819, 0.349335819483, 1.32221126556, 2.4834523201, 3.45860552788, 5.92174434662, 8.26169967651, 8.43871593475, 9.38982486725, 8.3637752533, 11.8368110657, 11.5037212372, 10.3370790482, 13.05052948, 11.6703739166, 14.9551086426, 19.4532966614, 16.4533691406, 15.5596828461, 13.6452407837, 14.2098636627, 15.6325044632, 12.6753063202, 8.93291091919, 6.08319187164, 2.85952329636, 1.78682112694, 1.28817296028, 1.21914482117, 1.08663654327, 0.82481443882, 0.350567758083, 0.118231765926, 0.0301707256585, 0.00483064260334, 0.000252140685916, 2.34031358559e-05, 2.48388168984e-05],
        "min": [5.71046248761e-23, 1.70992164529e-22, 1.06821167265e-21, 2.60550078973e-21, 5.84862979646e-21, 9.6650513113e-21, 2.12135217915e-20, 4.4789665283e-20, 7.86461483677e-20, 9.16126115975e-20, 1.6557095295e-19, 2.36646498783e-19, 3.86756980796e-19, 5.36262225094e-19, 7.1879942789e-19, 1.03902539314e-18, 9.97266007094e-19, 1.83902102505e-18, 1.74942040751e-18, 2.5563671483e-18, 2.5810026549e-18, 3.45408331285e-18, 3.29410802994e-18, 5.35861456087e-18, 5.49972909183e-18, 6.94680257774e-18, 8.33546925419e-18, 9.04082766921e-18, 6.87033138447e-18, 9.43025851134e-18, 8.46281949976e-18, 9.36061403967e-18, 8.53856525563e-18, 7.04254459774e-18, 5.02769888887e-18, 3.49832796304e-18, 2.11823790877e-18, 9.21058477645e-19, 2.39677572891e-19, 2.52136266778e-20],
        "var": [0.000378109252779, 0.0728287622333, 0.84684419632, 3.30993366241, 27.5268554688, 147.892272949, 482.480224609, 1673.90625, 3762.45703125, 4781.19189453, 4460.06689453, 8033.87158203, 18029.546875, 9753.23632812, 6186.31347656, 5499.11523438, 8225.62304688, 12029.703125, 8429.00097656, 6449.47167969, 3282.33544922, 2158.88232422, 1339.67822266, 1386.07080078, 879.136535645, 1374.04516602, 789.532409668, 343.028289795, 1050.64001465, 695.936645508, 381.797485352, 475.107116699, 243.513549805, 41.6163787842, 8.49632072449, 0.36695471406, 0.00753408903256, 5.08348057338e-05, 2.43578419656e-08, 7.57393425754e-10]
    },
    "gfcc": {
        "mean": [-113.720336914, 63.1717033386, -136.094436646, 22.8807029724, -67.7540130615, 7.47662258148, -44.8766212463, 10.9026546478, -25.6609401703, 2.23615050316, -10.7768888474, -3.51493215561, -4.91671419144],
        "cov": [[122661.335938, 7179.87646484, -15536.3369141, 2903.92822266, -7986.07470703, 961.848327637, -5336.68994141, 1360.02563477, -3093.13598633, 323.866821289, -1241.87182617, -406.139770508, -631.862426758], [7179.87646484, 1410.68688965, -1062.76794434, 98.5971679688, -334.472167969, -134.469970703, -238.912780762, 9.24806404114, -205.219894409, -50.7874412537, -56.6804885864, -143.348007202, -42.9349861145], [-15536.3369141, -1062.76794434, 3056.79492188, -115.196128845, 855.11541748, -58.7319564819, 556.495849609, -100.323150635, 382.862060547, -79.1428070068, 53.0941123962, 116.69568634, -8.3592376709], [2903.92822266, 98.5971679688, -115.196128845, 425.688598633, -209.808456421, 6.81296443939, -178.4894104, 32.9041824341, -46.8277359009, -9.25894069672, -49.6259613037, -0.648442208767, -14.7053451538], [-7986.07470703, -334.472167969, 855.11541748, -209.808456421, 816.700805664, -44.61510849, 396.949737549, -109.126983643, 173.874145508, 26.1426486969, 71.0909881592, 10.2801685333, -0.119862228632], [961.848327637, -134.469970703, -58.7319564819, 6.81296443939, -44.61510849, 243.631011963, 0.56834000349, 18.3607883453, -37.9123001099, 6.56577348709, -8.15448665619, 10.364153862, -23.6126308441], [-5336.68994141, -238.912780762, 556.495849609, -178.4894104, 396.949737549, 0.56834000349, 378.914520264, -35.0248146057, 116.770111084, -14.7562227249, 64.8974533081, 7.46750688553, 31.7143287659], [1360.02563477, 9.24806404114, -100.323150635, 32.9041824341, -109.126983643, 18.3607883453, -35.0248146057, 128.34413147, -12.2191886902, -0.132231667638, -22.5885448456, 6.74258232117, 3.60428667068], [-3093.13598633, -205.219894409, 382.862060547, -46.8277359009, 173.874145508, -37.9123001099, 116.770111084, -12.2191886902, 177.271697998, 15.2218732834, 29.7851085663, 13.7641763687, 18.5142364502], [323.866821289, -50.7874412537, -79.1428070068, -9.25894069672, 26.1426486969, 6.56577348709, -14.7562227249, -0.132231667638, 15.2218732834, 93.4625091553, 18.3459472656, 8.44231128693, -16.456073761], [-1241.87182617, -56.6804885864, 53.0941123962, -49.6259613037, 71.0909881592, -8.15448665619, 64.8974533081, -22.5885448456, 29.7851085663, 18.3459472656, 131.119018555, 7.48813533783, 32.7566413879], [-406.139770508, -143.348007202, 116.69568634, -0.648442208767, 10.2801685333, 10.364153862, 7.46750688553, 6.74258232117, 13.7641763687, 8.44231128693, 7.48813533783, 90.094581604, 9.58909988403], [-631.862426758, -42.9349861145, -8.3592376709, -14.7053451538, -0.119862228632, -23.6126308441, 31.7143287659, 3.60428667068, 18.5142364502, -16.456073761, 32.7566413879, 9.58909988403, 98.0404205322]],
        "icov": [[0.000285572517896, -0.000516381987836, 0.000626135792118, -0.000528919568751, 0.000887422007509, -0.000704756239429, 0.000977876014076, -0.00101720285602, 0.00111976044718, -0.00097862072289, 0.000604037311859, -0.000569647818338, 0.000618999882136], [-0.000516381987836, 0.00232533318922, -0.000743993732613, 0.00083441589959, -0.00159039138816, 0.00223759561777, -0.00178476050496, 0.00190388201736, -0.00132576550823, 0.00268970616162, -0.00118110678159, 0.0023557737004, -0.000337625504471], [0.000626135792118, -0.000743993732613, 0.00215799198486, -0.00143964693416, 0.00157620094251, -0.00126552162692, 0.00171979400329, -0.00210529542528, 0.00169412384275, -0.000990332104266, 0.00136360432953, -0.0016908950638, 0.00211947550997], [-0.000528919568751, 0.00083441589959, -0.00143964693416, 0.0040807267651, -0.00140341371298, 0.00112536898814, -0.000323856278555, 0.00157610257156, -0.00211430853233, 0.00188497989438, -0.000762556737754, 0.00113340921234, -0.00137836160138], [0.000887422007509, -0.00159039138816, 0.00157620094251, -0.00140341371298, 0.00614042254165, -0.00173859298229, 0.000276163424132, -0.00148846954107, 0.00307748373598, -0.00462273601443, 0.00210398016497, -0.00148090661969, 0.00258571933955], [-0.000704756239429, 0.00223759561777, -0.00126552162692, 0.00112536898814, -0.00173859298229, 0.0069638453424, -0.00344023597427, 0.00214237696491, -0.00117176328786, 0.00254601356573, -0.00155829871073, 0.00159904570319, 0.000220771660679], [0.000977876014076, -0.00178476050496, 0.00171979400329, -0.000323856278555, 0.000276163424132, -0.00344023597427, 0.0108482949436, -0.00469935405999, 0.00277164415456, -0.00141561718192, 0.000616310164332, -0.00125153362751, 0.000609566341154], [-0.00101720285602, 0.00190388201736, -0.00210529542528, 0.00157610257156, -0.00148846954107, 0.00214237696491, -0.00469935405999, 0.0129946190864, -0.00462836772203, 0.00275046494789, -0.000590117706452, 0.0013085672399, -0.00270364549942], [0.00111976044718, -0.00132576550823, 0.00169412384275, -0.00211430853233, 0.00307748373598, -0.00117176328786, 0.00277164415456, -0.00462836772203, 0.0141668049619, -0.00610670773312, 0.00204454013146, -0.00126044324134, 0.00119847105816], [-0.00097862072289, 0.00268970616162, -0.000990332104266, 0.00188497989438, -0.00462273601443, 0.00254601356573, -0.00141561718192, 0.00275046494789, -0.00610670773312, 0.0179530084133, -0.00474884966388, 0.000773629115429, 0.00171103468165], [0.000604037311859, -0.00118110678159, 0.00136360432953, -0.000762556737754, 0.00210398016497, -0.00155829871073, 0.000616310164332, -0.000590117706452, 0.00204454013146, -0.00474884966388, 0.0111213019118, -0.0015834007645, -0.00191689503845], [-0.000569647818338, 0.0023557737004, -0.0016908950638, 0.00113340921234, -0.00148090661969, 0.00159904570319, -0.00125153362751, 0.0013085672399, -0.00126044324134, 0.000773629115429, -0.0015834007645, 0.0149804744869, -0.00244206842035], [0.000618999882136, -0.000337625504471, 0.00211947550997, -0.00137836160138, 0.00258571933955, 0.000220771660679, 0.000609566341154, -0.00270364549942, 0.00119847105816, 0.00171103468165, -0.00191689503845, -0.00244206842035, 0.0149141224101]]
    },
    "melbands": {
        "dmean": [7.13838089723e-05, 0.000133935798658, 0.000132494198624, 0.000221083726501, 0.000212517712498, 0.000254217156908, 0.000266792048933, 0.000196206397959, 0.000158343653311, 0.00015266846458, 0.000166554498719, 9.97012612061e-05, 6.04876440775e-05, 6.40141297481e-05, 4.28434577771e-05, 5.61859778827e-05, 4.58113790955e-05, 5.70759548282e-05, 3.55754564225e-05, 2.81001866824e-05, 2.4692115403e-05, 1.73058724613e-05, 1.37322667797e-05, 1.44770201587e-05, 1.25265587485e-05, 1.13223941298e-05, 7.79320544098e-06, 8.14924896986e-06, 7.31197224013e-06, 3.27534030475e-06, 2.54190103988e-06, 2.85270380118e-06, 3.091579174e-06, 2.45757496486e-06, 2.34321441894e-06, 2.15227623812e-06, 2.65716585091e-06, 2.15241311707e-06, 1.45072692703e-06, 9.28690610635e-07],
        "dmean2": [0.00012005942699, 0.000221860740567, 0.000218044951907, 0.000362939899787, 0.000329797796439, 0.000397818919737, 0.000420063122874, 0.00031024593045, 0.000244607421337, 0.000234765626374, 0.000249516248005, 0.000146511403727, 8.9764034783e-05, 9.88971005427e-05, 6.55433759675e-05, 8.7297456048e-05, 7.02639881638e-05, 9.31842805585e-05, 5.76775491936e-05, 4.59623915958e-05, 3.97461190005e-05, 2.79190444417e-05, 2.24166087719e-05, 2.33657792705e-05, 2.03394101845e-05, 1.8429604097e-05, 1.23183262986e-05, 1.24304715428e-05, 1.13593578135e-05, 5.13401164426e-06, 4.028650892e-06, 4.48316859547e-06, 4.90246839036e-06, 3.86127794627e-06, 3.62991363545e-06, 3.39821644957e-06, 4.25502003054e-06, 3.43621559296e-06, 2.25803933063e-06, 1.45124033679e-06],
        "dvar": [4.28250821471e-08, 2.02226232204e-07, 8.30831368148e-08, 2.49848568501e-07, 2.59031025962e-07, 4.6684246513e-07, 5.5441881841e-07, 4.65240788117e-07, 2.21946748979e-07, 2.67985825531e-07, 3.08204107569e-07, 9.88141337643e-08, 2.94505788645e-08, 2.3782124714e-08, 1.4683656957e-08, 2.47717260038e-08, 1.5980493373e-08, 2.02196428489e-08, 1.02793951129e-08, 5.56661516882e-09, 3.19959614359e-09, 1.52811918674e-09, 9.81225878327e-10, 6.60336507696e-10, 6.04565453255e-10, 4.83609596813e-10, 2.48706416572e-10, 3.359285905e-10, 3.34006711178e-10, 7.95559035316e-11, 1.0407254919e-10, 2.80058559676e-10, 2.49158665921e-10, 1.5651505092e-10, 8.89589929498e-11, 9.19281595291e-11, 1.55090218446e-10, 1.04101602338e-10, 5.51843779006e-11, 1.19636609647e-11],
        "dvar2": [1.08788377418e-07, 5.29734279553e-07, 2.18864670387e-07, 6.7349657229e-07, 5.91142168105e-07, 1.0922334468e-06, 1.34600429647e-06, 1.13139265068e-06, 5.25606083102e-07, 6.16203237769e-07, 6.9243805001e-07, 2.00096138769e-07, 6.21071620799e-08, 5.23915275608e-08, 3.18540358535e-08, 5.47003153883e-08, 3.4533442772e-08, 5.24429850657e-08, 2.4702746515e-08, 1.52903076867e-08, 7.47874384643e-09, 3.7311576051e-09, 2.49710785383e-09, 1.61469426718e-09, 1.55556012515e-09, 1.29705857166e-09, 5.75805458869e-10, 7.18886117301e-10, 7.54273699055e-10, 1.80402387473e-10, 2.49429976673e-10, 6.57656484826e-10, 5.65238134076e-10, 3.77316705658e-10, 1.94782301399e-10, 2.13530165771e-10, 3.78916065191e-10, 2.55789334158e-10, 1.29438251784e-10, 2.61678196473e-11],
        "max": [0.00486460793763, 0.0100727174431, 0.00640164269134, 0.0113637046888, 0.0135468980297, 0.0155862905085, 0.0204075407237, 0.0148367024958, 0.0103680826724, 0.0103179784492, 0.0149901807308, 0.00921160168946, 0.00749354902655, 0.00364706525579, 0.00407855864614, 0.00461165048182, 0.00285017024726, 0.00281477789395, 0.00270804134198, 0.0027399903629, 0.00146263663191, 0.00109954504296, 0.000887260888703, 0.000524164875969, 0.000498403271195, 0.000368996465113, 0.000404297781643, 0.000466027937364, 0.000438350514742, 0.000285463087494, 0.000380578072509, 0.00103502289858, 0.000536803738214, 0.000593976990785, 0.000314784643706, 0.000376668380341, 0.000383020786103, 0.000295639532851, 0.000294737343211, 0.000113996182336],
        "mean": [9.40901009017e-05, 0.000180442570127, 0.000217204738874, 0.000344275933458, 0.000341842038324, 0.000386266503483, 0.00038694581599, 0.000279330066405, 0.000228312288527, 0.000220878369873, 0.000245794595685, 0.00015847015311, 0.000111601751996, 0.000107484804175, 6.59710276523e-05, 9.13576441235e-05, 7.51264960854e-05, 8.11771533336e-05, 5.1424929552e-05, 4.18473136961e-05, 3.61926140613e-05, 2.85657552013e-05, 2.25889125431e-05, 2.45151095442e-05, 2.17842189159e-05, 1.95728789549e-05, 1.38637560667e-05, 1.3783198483e-05, 1.13510368465e-05, 5.14842849952e-06, 3.78383606403e-06, 3.77877609026e-06, 3.91468165617e-06, 3.17729563903e-06, 3.28674173034e-06, 3.01659520119e-06, 3.57130056727e-06, 2.90831985694e-06, 1.98639963855e-06, 1.20742311083e-06],
        "median": [3.08989838231e-05, 4.6487988584e-05, 9.14228439797e-05, 0.000141191267176, 0.000125375052448, 0.00013243383728, 0.00013180647511, 9.1930385679e-05, 6.61091034999e-05, 4.80567177874e-05, 5.39370521437e-05, 4.11321379943e-05, 2.43643844442e-05, 3.03012311633e-05, 2.08378733078e-05, 2.33286591538e-05, 2.3023576432e-05, 2.3670563678e-05, 2.0629944629e-05, 1.58634175023e-05, 1.55963261932e-05, 1.22142600958e-05, 9.92208970274e-06, 1.30601920318e-05, 1.11753579404e-05, 9.57793417911e-06, 6.57034297546e-06, 4.71037674288e-06, 4.04782804253e-06, 1.97921758627e-06, 1.26033330616e-06, 9.09563368623e-07, 7.65437562222e-07, 6.27566350886e-07, 6.69680446208e-07, 6.47051138003e-07, 6.36099002804e-07, 5.91240564063e-07, 3.9089147208e-07, 2.36139044318e-07],
        "min": [4.38713307437e-25, 4.88489296568e-25, 7.15146192363e-25, 3.09956046784e-25, 7.7381890548e-25, 9.82951847911e-25, 1.36100988686e-24, 1.05364818173e-24, 1.45067852267e-24, 8.86772348625e-25, 1.51809280069e-24, 1.17879504789e-24, 2.01327104609e-24, 1.49150039819e-24, 2.38832569436e-24, 2.11769848057e-24, 2.15356443606e-24, 2.12353703735e-24, 1.8337941461e-24, 2.52325798562e-24, 1.91233767378e-24, 3.07522731366e-24, 2.99833723844e-24, 3.03503583662e-24, 3.3875225549e-24, 3.59741122607e-24, 3.42064011899e-24, 3.71281250461e-24, 4.07735262309e-24, 3.58565640972e-24, 4.46193296401e-24, 2.89020215771e-24, 4.02449223712e-24, 4.97049068479e-24, 4.34041998561e-24, 3.75167139837e-24, 4.57023962199e-24, 4.95435650712e-24, 4.6601259834e-24, 5.03696641555e-24],
        "var": [4.74760533109e-08, 1.95097072719e-07, 1.36711506116e-07, 3.616885067e-07, 5.08088362494e-07, 7.40197492632e-07, 8.09694995496e-07, 5.44408976566e-07, 3.19065378562e-07, 3.70704498209e-07, 4.65254743176e-07, 1.82906404689e-07, 1.01272718211e-07, 6.16892705807e-08, 3.04992191502e-08, 6.00150897867e-08, 4.03843216645e-08, 3.31899343564e-08, 1.34624205117e-08, 7.88683340858e-09, 4.83325601763e-09, 2.98904634377e-09, 1.81010817446e-09, 1.30469934856e-09, 1.09902920098e-09, 9.17585396554e-10, 5.05468167322e-10, 7.57400142604e-10, 5.26500509856e-10, 1.21473248127e-10, 1.46018488967e-10, 3.60635049601e-10, 3.55151880127e-10, 1.93193086528e-10, 1.36472624868e-10, 1.28914490194e-10, 2.18450882383e-10, 1.49033826946e-10, 7.93079074635e-11, 2.02446583802e-11]
    },
    "mfcc": {
        "mean": [-679.749572754, 86.4572372437, -17.9741744995, 8.53908920288, -4.43172502518, -10.1886863708, -4.51932621002, -4.85002613068, -6.38628339767, 2.03185462952, -5.7466506958, -1.55208551884, -2.78065085411],
        "cov": [[26754.5410156, 4234.57128906, -792.743774414, 569.552307129, -169.180801392, -536.820495605, -157.942886353, -289.303436279, -393.781951904, 145.988586426, -284.547821045, -39.5304031372, -165.096282959], [4234.57128906, 1801.07421875, -425.73626709, 147.150466919, -69.7028121948, -154.15447998, 12.0149440765, -93.5873413086, -80.3375854492, 17.6079025269, -46.3519134521, -38.9175758362, -58.312587738], [-792.743774414, -425.73626709, 1088.08129883, 102.361000061, 55.4908714294, -14.4291324615, -108.054237366, 107.451698303, 10.1708831787, -40.8223991394, -27.7622661591, -25.9792518616, 7.38749933243], [569.552307129, 147.150466919, 102.361000061, 333.372924805, 52.1395759583, -40.9299545288, -48.8208274841, -17.1040267944, 1.98206579685, -16.5882663727, -26.2355556488, 2.15608143806, 12.667383194], [-169.180801392, -69.7028121948, 55.4908714294, 52.1395759583, 162.900024414, 46.4548492432, -0.346901267767, -0.590932607651, -1.27730882168, -0.597924172878, 14.9679450989, 3.62921571732, 3.37195396423], [-536.820495605, -154.15447998, -14.4291324615, -40.9299545288, 46.4548492432, 193.555297852, 39.693939209, 15.6979503632, 10.4323711395, -16.4481544495, 52.7213363647, -8.71670722961, -6.18971538544], [-157.942886353, 12.0149440765, -108.054237366, -48.8208274841, -0.346901267767, 39.693939209, 174.340209961, 19.8341827393, -1.93867242336, 12.9220075607, 3.68628907204, 2.37931537628, -12.5985078812], [-289.303436279, -93.5873413086, 107.451698303, -17.1040267944, -0.590932607651, 15.6979503632, 19.8341827393, 116.853408813, 34.3395309448, -9.62890529633, 3.09714055061, -8.42281627655, 4.7964887619], [-393.781951904, -80.3375854492, 10.1708831787, 1.98206579685, -1.27730882168, 10.4323711395, -1.93867242336, 34.3395309448, 111.232429504, 8.15126228333, 10.1199998856, -5.19742965698, -3.7401061058], [145.988586426, 17.6079025269, -40.8223991394, -16.5882663727, -0.597924172878, -16.4481544495, 12.9220075607, -9.62890529633, 8.15126228333, 84.0927658081, 4.17478275299, 6.31024980545, -4.12268924713], [-284.547821045, -46.3519134521, -27.7622661591, -26.2355556488, 14.9679450989, 52.7213363647, 3.68628907204, 3.09714055061, 10.1199998856, 4.17478275299, 103.767654419, 16.3954601288, -10.8367900848], [-39.5304031372, -38.9175758362, -25.9792518616, 2.15608143806, 3.62921571732, -8.71670722961, 2.37931537628, -8.42281627655, -5.19742965698, 6.31024980545, 16.3954601288, 83.798614502, 26.0593414307], [-165.096282959, -58.312587738, 7.38749933243, 12.667383194, 3.37195396423, -6.18971538544, -12.5985078812, 4.7964887619, -3.7401061058, -4.12268924713, -10.8367900848, 26.0593414307, 76.8562164307]],
