{
"lowlevel": {
    "average_loudness": 0.840890884399,
    "barkbands_crest": {
        "dmean": 2.37319302559,
        "dmean2": 3.8642604351,
        "dvar": 5.44715642929,
        "dvar2": 13.6813106537,
        "max": 24.443447113,
        "mean": 8.67900371552,
        "median": 7.4130859375,
        "min": 2.0419113636,
        "var": 16.7415752411
    },
    "barkbands_flatness_db": {
        "dmean": 0.0170328337699,
        "dmean2": 0.0263553187251,
        "dvar": 0.000299178384012,
        "dvar2": 0.000645108171739,
        "max": 0.334956377745,
        "mean": 0.110215499997,
        "median": 0.101488098502,
        "min": 0.0267893020064,
        "var": 0.00170791556593
    },
    "barkbands_kurtosis": {
        "dmean": 1.61267912388,
        "dmean2": 2.58623242378,
        "dvar": 11.9814109802,
        "dvar2": 30.2335510254,
        "max": 107.51071167,
        "mean": 1.81603479385,
        "median": 0.47022819519,
        "min": -1.8775087595,
        "var": 21.4838809967
    },
    "barkbands_skewness": {
        "dmean": 0.451111793518,
        "dmean2": 0.680850565434,
        "dvar": 0.282556563616,
        "dvar2": 0.573602020741,
        "max": 8.61997890472,
        "mean": 0.522115588188,
        "median": 0.582853555679,
        "min": -6.16549015045,
        "var": 1.79314935207
    },
    "barkbands_spread": {
        "dmean": 6.00261306763,
        "dmean2": 9.36270523071,
        "dvar": 49.8647842407,
        "dvar2": 111.785560608,
        "max": 99.8076248169,
        "mean": 27.2866802216,
        "median": 25.5604705811,
        "min": 1.17071974277,
        "var": 194.910339355
    },
    "dissonance": {
        "dmean": 0.015931211412,
        "dmean2": 0.0265224035829,
        "dvar": 0.000280454347376,
        "dvar2": 0.000731456791982,
        "max": 0.500000178814,
        "mean": 0.469606429338,
        "median": 0.476728886366,
        "min": 0.229703426361,
        "var": 0.000738266680855
    },
    "dynamic_complexity": 4.38198232651,
    "erbbands_crest": {
        "dmean": 2.52881860733,
        "dmean2": 4.13404226303,
        "dvar": 6.98399782181,
        "dvar2": 17.0501651764,
        "max": 31.4825134277,
        "mean": 8.46130371094,
        "median": 7.37838411331,
        "min": 2.06104826927,
        "var": 20.1789016724
    },
    "erbbands_flatness_db": {
        "dmean": 0.0151910055429,
        "dmean2": 0.02303699404,
        "dvar": 0.000248764816206,
        "dvar2": 0.00050407438539,
        "max": 0.395855426788,
        "mean": 0.16005654633,
        "median": 0.156367272139,
        "min": 0.0509895607829,
        "var": 0.00226295995526
    },
    "erbbands_kurtosis": {
        "dmean": 1.02807319164,
        "dmean2": 1.64255702496,
        "dvar": 4.77182817459,
        "dvar2": 10.6533689499,
        "max": 84.9458007812,
        "mean": 0.584780693054,
        "median": -0.08860206604,
        "min": -1.83329832554,
        "var": 8.32540225983
    },
    "erbbands_skewness": {
        "dmean": 0.382831335068,
        "dmean2": 0.576281189919,
        "dvar": 0.189038425684,
        "dvar2": 0.361868739128,
        "max": 3.96413469315,
        "mean": 0.056603629142,
        "median": 0.0202717985958,
        "min": -7.2708864212,
        "var": 0.794986069202
    },
    "erbbands_spread": {
        "dmean": 7.1519742012,
        "dmean2": 11.0887069702,
        "dvar": 69.3946151733,
        "dvar2": 156.46043396,
        "max": 152.401351929,
        "mean": 37.2978019714,
        "median": 35.0256690979,
        "min": 2.26356339455,
        "var": 344.044311523
    },
    "hfc": {
        "dmean": 8.929022789,
        "dmean2": 13.2315683365,
        "dvar": 599.82220459,
        "dvar2": 1261.56713867,
        "max": 661.706542969,
        "mean": 24.3937492371,
        "median": 14.355837822,
        "min": 1.01709439905e-16,
        "var": 1245.66723633
    },
    "melbands_crest": {
        "dmean": 3.02457475662,
        "dmean2": 4.90441846848,
        "dvar": 8.78915119171,
        "dvar2": 21.861322403,
        "max": 32.7826538086,
        "mean": 10.8355998993,
        "median": 9.81924438477,
        "min": 1.52738499641,
        "var": 34.7654190063
    },
    "melbands_flatness_db": {
        "dmean": 0.0189695321023,
        "dmean2": 0.0285711102188,
        "dvar": 0.00043502842891,
        "dvar2": 0.000887513218913,
        "max": 0.443219095469,
        "mean": 0.126552671194,
        "median": 0.125766843557,
        "min": 0.00270419055596,
        "var": 0.0042289653793
    },
    "melbands_kurtosis": {
        "dmean": 3.51364135742,
        "dmean2": 5.6033577919,
        "dvar": 69.9725494385,
        "dvar2": 177.00541687,
        "max": 283.694488525,
        "mean": 6.05879545212,
        "median": 2.36503219604,
        "min": -1.93989276886,
        "var": 157.591796875
    },
    "melbands_skewness": {
        "dmean": 0.528285205364,
        "dmean2": 0.815179526806,
        "dvar": 0.375297755003,
        "dvar2": 0.841798067093,
        "max": 13.1606407166,
        "mean": 1.58812117577,
        "median": 1.36879611015,
        "min": -2.22339391708,
        "var": 2.17070102692
    },
    "melbands_spread": {
        "dmean": 11.7010221481,
        "dmean2": 18.2090530396,
        "dvar": 343.943023682,
        "dvar2": 650.914489746,
        "max": 275.430328369,
        "mean": 49.1147994995,
        "median": 35.265247345,
        "min": 1.0265443325,
        "var": 1776.44543457
    },
    "pitch_salience": {
        "dmean": 0.0603192225099,
        "dmean2": 0.0978359207511,
        "dvar": 0.00324407336302,
        "dvar2": 0.00826561264694,
        "max": 0.927461028099,
        "mean": 0.618882715702,
        "median": 0.622574687004,
        "min": 0.172557294369,
        "var": 0.0139489425346
    },
    "silence_rate_20dB": {
        "dmean": 0,
        "dmean2": 0,
        "dvar": 0,
        "dvar2": 0,
        "max": 1,
        "mean": 1,
        "median": 1,
        "min": 1,
        "var": 0
    },
    "silence_rate_30dB": {
        "dmean": 0.00140534027014,
        "dmean2": 0.00281096273102,
        "dvar": 0.00140330533031,
        "dvar2": 0.00400751829147,
        "max": 1,
        "mean": 0.999197006226,
        "median": 1,
        "min": 0,
        "var": 0.00080220203381
    },
    "silence_rate_60dB": {
        "dmean": 0.0331258773804,
        "dmean2": 0.0662584081292,
        "dvar": 0.0320296958089,
        "dvar2": 0.0693013817072,
        "max": 1,
        "mean": 0.262370765209,
        "median": 0,
        "min": 0,
        "var": 0.193534195423
    },
    "spectral_centroid": {
        "dmean": 306.193878174,
        "dmean2": 468.024047852,
        "dvar": 159830.625,
        "dvar2": 291225.1875,
        "max": 11928.8193359,
        "mean": 2684.59545898,
        "median": 1848.42004395,
        "min": 248.821609497,
        "var": 7890605.5
    },
    "spectral_complexity": {
        "dmean": 2.73258376122,
        "dmean2": 4.18933820724,
        "dvar": 11.3100919724,
        "dvar2": 24.2084140778,
        "max": 65,
        "mean": 15.8643980026,
        "median": 15,
        "min": 0,
        "var": 128.559127808
    },
    "spectral_decrease": {
        "dmean": 1.21275345322e-09,
        "dmean2": 1.80863113375e-09,
        "dvar": 4.09890989141e-18,
        "dvar2": 8.85820356076e-18,
        "max": 2.62501892156e-28,
        "mean": -3.69756492091e-09,
        "median": -2.83084933272e-09,
        "min": -4.39021405896e-08,
        "var": 1.40446450266e-17
    },
    "spectral_energy": {
        "dmean": 0.00524815218523,
        "dmean2": 0.00783047825098,
        "dvar": 7.2460337833e-05,
        "dvar2": 0.000156286376296,
        "max": 0.167544022202,
        "mean": 0.0161680728197,
        "median": 0.012835631147,
        "min": 9.73450701777e-21,
        "var": 0.000252933648881
    },
    "spectral_energyband_high": {
        "dmean": 0.00074367702473,
        "dmean2": 0.00109398714267,
        "dvar": 9.22769322642e-06,
        "dvar2": 1.9137709387e-05,
        "max": 0.086361721158,
        "mean": 0.00141204567626,
        "median": 0.000439615134383,
        "min": 6.84891410806e-21,
        "var": 1.58725742949e-05
    },
    "spectral_energyband_low": {
        "dmean": 0.000620305305347,
        "dmean2": 0.000995619921014,
        "dvar": 9.7000202004e-06,
        "dvar2": 2.35611551034e-05,
        "max": 0.158267632127,
        "mean": 0.00106701499317,
        "median": 0.000412874564063,
        "min": 9.37270017295e-24,
        "var": 1.07692603706e-05
    },
    "spectral_energyband_middle_high": {
        "dmean": 0.00187554920558,
        "dmean2": 0.00283349305391,
        "dvar": 1.02992389657e-05,
        "dvar2": 2.24400755542e-05,
        "max": 0.0611742399633,
        "mean": 0.00579819036648,
        "median": 0.00280819856562,
        "min": 1.04774157781e-21,
        "var": 5.43655914953e-05
    },
    "spectral_energyband_middle_low": {
        "dmean": 0.00348249776289,
        "dmean2": 0.00526398606598,
        "dvar": 4.26938677265e-05,
        "dvar2": 9.33141491259e-05,
        "max": 0.130864843726,
        "mean": 0.00816779863089,
        "median": 0.00427835248411,
        "min": 1.37854919935e-22,
        "var": 0.000124655445688
    },
    "spectral_entropy": {
        "dmean": 0.125279992819,
        "dmean2": 0.183960258961,
        "dvar": 0.0204458758235,
        "dvar2": 0.0384442359209,
        "max": 9.83181762695,
        "mean": 7.92673206329,
        "median": 7.78071928024,
        "min": 5.36227846146,
        "var": 0.496391326189
    },
    "spectral_flux": {
        "dmean": 0.0168486293405,
        "dmean2": 0.026751358062,
        "dvar": 0.000478868576465,
        "dvar2": 0.00112164102029,
        "max": 0.305635869503,
        "mean": 0.0644578784704,
        "median": 0.0619251430035,
        "min": 6.27059931757e-11,
        "var": 0.00195544050075
    },
    "spectral_kurtosis": {
        "dmean": 1.01293301582,
        "dmean2": 1.69596815109,
        "dvar": 2.30574035645,
        "dvar2": 6.3440451622,
        "max": 41.9078826904,
        "mean": 3.13707304001,
        "median": 2.89375782013,
        "min": -1.29390335083,
        "var": 9.85866069794
    },
    "spectral_rms": {
        "dmean": 0.000565587542951,
        "dmean2": 0.000822485482786,
        "dvar": 5.22555978932e-07,
        "dvar2": 1.03499451143e-06,
        "max": 0.012785053812,
        "mean": 0.0033751653973,
        "median": 0.00353872403502,
        "min": 3.08173321931e-12,
        "var": 4.38202005171e-06
    },
    "spectral_rolloff": {
        "dmean": 648.896179199,
        "dmean2": 1073.02819824,
        "dvar": 1130974,
        "dvar2": 2256139,
        "max": 20112.0117188,
        "mean": 4111.13378906,
        "median": 2347.11914062,
        "min": 107.666015625,
        "var": 25890300
    },
    "spectral_skewness": {
        "dmean": 0.16661067307,
        "dmean2": 0.260872662067,
        "dvar": 0.0392570272088,
        "dvar2": 0.0836889743805,
        "max": 5.09868383408,
        "mean": 1.26629245281,
        "median": 1.36043012142,
        "min": -0.814215838909,
        "var": 0.355260521173
    },
    "spectral_spread": {
        "dmean": 506646.40625,
        "dmean2": 774953.4375,
        "dvar": 517521670144,
        "dvar2": 1.06686074061e+12,
        "max": 43483508,
        "mean": 8303831.5,
        "median": 4843862,
        "min": 1577035,
        "var": 1.11533128417e+14
    },
    "spectral_strongpeak": {
        "dmean": 0.886748969555,
        "dmean2": 1.46410048008,
        "dvar": 2.54615783691,
        "dvar2": 6.36558198929,
        "max": 28.9759025574,
        "mean": 1.52571868896,
        "median": 0.767811477184,
        "min": 0,
        "var": 4.20267009735
    },
    "zerocrossingrate": {
        "dmean": 0.0133760245517,
        "dmean2": 0.0156815685332,
        "dvar": 0.000353119074134,
        "dvar2": 0.00036108068889,
        "max": 0.78369140625,
        "mean": 0.133592784405,
        "median": 0.09033203125,
        "min": 0.01318359375,
        "var": 0.0165650695562
    },
    "barkbands": {
        "dmean": [4.85358177684e-05, 0.000350161484675, 0.000261470442638, 0.000321720988723, 0.00113712297752, 0.000908908667043, 0.000465182063635, 0.000834281323478, 0.0010891687125, 0.000458762136986, 0.000426607235568, 0.000426440121373, 0.000326737383148, 0.000295322271995, 0.000378767115762, 0.000399136886699, 0.000285936926957, 0.000309620838379, 0.000206222612178, 0.00019031764532, 0.000104610713606, 0.000167686725035, 0.000161241245223, 0.000327097572153, 5.3510259022e-05, 1.68105962075e-05, 9.1539654079e-08],
        "dmean2": [8.53348319652e-05, 0.000586793525144, 0.000429375504609, 0.00051752559375, 0.0017922698753, 0.00141230854206, 0.000696340459399, 0.00130075169727, 0.00167613476515, 0.000699214171618, 0.000647659006063, 0.000653992930893, 0.000526742951479, 0.000467353500426, 0.000617484853137, 0.000641325372271, 0.000450543535408, 0.000508860044647, 0.000339955353411, 0.000311920070089, 0.00017167738406, 0.000259594002273, 0.000242817841354, 0.000493640895002, 7.86926175351e-05, 2.55542836385e-05, 1.5090971317e-07],
        "dvar": [9.17367160014e-09, 3.58810780199e-06, 2.11849737752e-06, 1.15655132049e-06, 7.72616294853e-06, 5.69471558265e-06, 2.51905021287e-06, 7.36195352147e-06, 1.14303538794e-05, 2.24707468988e-06, 1.241650466e-06, 2.27496366279e-06, 1.00533065961e-06, 9.61130581345e-07, 7.80348045737e-07, 1.05533229089e-06, 5.46557714642e-07, 5.59328043437e-07, 2.97952595929e-07, 4.69551849847e-07, 1.20606074461e-07, 4.01597134214e-07, 8.18542957859e-07, 3.32181502927e-06, 4.94109144711e-08, 5.45782485872e-09, 2.43211744147e-12],
        "dvar2": [2.68730211417e-08, 9.46124782786e-06, 5.06675996803e-06, 2.66548340733e-06, 1.87259993254e-05, 1.24057769426e-05, 4.9809000302e-06, 1.79266662599e-05, 2.73463901976e-05, 4.40850180894e-06, 2.53072630585e-06, 4.41037946075e-06, 2.51455458056e-06, 2.12794884646e-06, 1.87246212136e-06, 2.49858385359e-06, 1.23789595818e-06, 1.41249086028e-06, 8.27789165214e-07, 1.19445223845e-06, 3.15282903784e-07, 8.7251567038e-07, 1.56051885369e-06, 7.65303320804e-06, 1.0271860873e-07, 1.30044295332e-08, 5.27504168818e-12],
        "max": [0.00224848487414, 0.0960507690907, 0.0736217349768, 0.0302449688315, 0.0570887774229, 0.0659657791257, 0.0538923032582, 0.07801887393, 0.0971801280975, 0.0366530194879, 0.0298999305815, 0.0542646534741, 0.0315546840429, 0.0432818643749, 0.0306966584176, 0.0236447937787, 0.0160339083523, 0.0170500371605, 0.0182899255306, 0.0219535101205, 0.0137945953757, 0.0146703869104, 0.0575585067272, 0.0516761057079, 0.00804135482758, 0.00236868741922, 0.000121016077173],
        "mean": [5.37266569154e-05, 0.000496729335282, 0.000357807934051, 0.000511755642947, 0.00220924662426, 0.00155231554527, 0.000691590772476, 0.00115144439042, 0.00174540607259, 0.000680808676407, 0.000684796425048, 0.000667434302159, 0.00053142948309, 0.000481646071421, 0.000652773538604, 0.000676292809658, 0.00049904442858, 0.000542357855011, 0.000368285313016, 0.000313238153467, 0.00017745711375, 0.000261991808657, 0.000282396184048, 0.000457323651062, 9.69186003204e-05, 2.37259446294e-05, 1.17232552554e-07],
        "median": [2.70134605671e-05, 0.000144383942825, 9.50196335907e-05, 0.000113110276288, 0.000691232853569, 0.000389940367313, 0.000152357359184, 0.000266155460849, 0.000233416241826, 0.000129046427901, 0.000146840218804, 0.000139008581755, 0.000112843437819, 0.000128002488054, 0.000177055990207, 0.000142798700836, 0.00010800936434, 0.000163025484653, 0.000118506024592, 8.97878053365e-05, 5.63815701753e-05, 6.37114426354e-05, 5.60269836569e-05, 6.69665023452e-05, 2.47692205448e-05, 4.98859890286e-06, 1.07163267149e-09],
        "min": [1.0901485786e-25, 1.20496550842e-24, 3.28583937029e-25, 1.05471837016e-25, 3.88945857724e-24, 3.65712129128e-24, 2.9841836933e-24, 2.0736273856e-24, 9.72480744914e-24, 8.13296266191e-24, 7.89557706059e-24, 1.20602175373e-23, 1.70014292551e-23, 2.08787626458e-23, 2.91824450628e-23, 3.55378303705e-23, 4.8462956582e-23, 6.6033312322e-23, 1.16385130077e-22, 1.49112343706e-22, 2.02910448631e-22, 2.83377618356e-22, 3.08992499928e-22, 4.99430388694e-22, 7.59154852155e-22, 1.21615310695e-21, 1.76995365726e-21],
        "var": [9.45611766667e-09, 3.26871963807e-06, 2.18220225179e-06, 2.57407850768e-06, 2.14634364966e-05, 1.30441594592e-05, 5.12063343194e-06, 9.39826804824e-06, 2.1867279429e-05, 4.21156755692e-06, 2.90066782327e-06, 5.30348734173e-06, 2.30008572544e-06, 2.168282208e-06, 1.91969047592e-06, 2.62237767856e-06, 1.26692566482e-06, 1.01214698134e-06, 5.76019090204e-07, 5.36379388905e-07, 1.59954495871e-07, 6.26250198366e-07, 1.48415085732e-06, 4.0693421397e-06, 9.53044008156e-08, 6.09931927187e-09, 2.64436129244e-12]
    },
    "erbbands": {
        "dmean": [0.00794119387865, 0.0898968726397, 0.295803695917, 0.618832290173, 1.995439291, 4.11644029617, 7.49897432327, 7.85603570938, 5.39409160614, 12.3596754074, 16.3977794647, 22.964887619, 21.393245697, 12.1762084961, 17.7712268829, 14.1782493591, 13.8772535324, 11.7555971146, 16.1503982544, 19.4982204437, 19.8463153839, 14.0914850235, 18.1471061707, 12.0818309784, 9.71622371674, 6.43024206161, 4.52285385132, 3.84758877754, 5.5966501236, 6.55034542084, 4.59346199036, 7.15612983704, 4.22345924377, 0.804079651833, 0.325648069382, 0.0895348936319, 0.037212561816, 0.00165232026484, 4.61627569166e-05, 1.01119512692e-05],
        "dmean2": [0.0133528783917, 0.15053448081, 0.482234090567, 1.00564670563, 3.03539514542, 6.51333379745, 11.7596130371, 12.2227220535, 7.99326515198, 18.872215271, 25.3624668121, 35.4321289062, 32.9427909851, 18.4681282043, 26.8458042145, 21.3787937164, 22.2195835114, 18.7835407257, 25.3012275696, 31.2621307373, 32.0145950317, 22.4461402893, 29.8188457489, 19.805929184, 15.9661474228, 10.32970047, 7.32466697693, 6.18876934052, 8.71427726746, 10.0495948792, 6.88001012802, 10.8032722473, 6.37941598892, 1.18159854412, 0.482212722301, 0.132099449635, 0.0585449188948, 0.00252013746649, 7.03431869624e-05, 1.48760655065e-05],
        "dvar": [0.000548017851543, 0.305712729692, 3.49499583244, 3.79113411903, 50.132610321, 119.186309814, 398.849273682, 583.502990723, 288.842163086, 1760.06982422, 3137.37890625, 5750.31738281, 4413.93261719, 956.731689453, 2804.35693359, 3004.48168945, 1944.64941406, 1902.42224121, 1664.56811523, 1914.34631348, 2456.55761719, 1308.66784668, 2306.94384766, 800.479187012, 1101.40307617, 336.237091064, 176.327789307, 214.757003784, 418.975067139, 686.497680664, 892.472106934, 1444.50292969, 528.901977539, 12.5285406113, 1.46423089504, 0.0802096277475, 0.0579097010195, 6.06705762038e-05, 7.5027223545e-08, 6.14774731122e-10],
        "dvar2": [0.00133556406945, 0.807254552841, 8.70091438293, 9.42813587189, 103.906303406, 296.893585205, 930.157592773, 1258.56945801, 561.486694336, 4094.60009766, 7467.74755859, 13940.40625, 9735.71289062, 1995.7689209, 5669.15625, 5268.4140625, 4787.71679688, 4330.10400391, 3681.74194336, 4503.65478516, 5862.97900391, 3025.44775391, 5907.85839844, 2203.82763672, 2879.49169922, 788.597229004, 448.637481689, 560.944458008, 911.494445801, 1529.50170898, 1831.3984375, 3189.66259766, 1240.50061035, 26.0997810364, 2.89790582657, 0.165622755885, 0.14651016891, 0.000143420431414, 1.57716200988e-07, 1.28972788005e-09],
        "max": [1.10563647747, 27.6972885132, 97.2794418335, 46.3826026917, 234.425979614, 262.201263428, 417.17565918, 802.464538574, 499.563476562, 1487.34765625, 2051.58691406, 2153.14013672, 1521.6328125, 1187.96557617, 1432.9498291, 2197.84960938, 1494.34545898, 2220.51977539, 1326.93701172, 1354.69628906, 1023.37786865, 1068.77331543, 1173.2220459, 755.907287598, 1034.20019531, 692.862915039, 433.854553223, 786.54510498, 515.820007324, 775.15838623, 1815.52160645, 1030.74157715, 588.184875488, 118.599754333, 36.9411468506, 7.0619354248, 8.42343044281, 0.213763713837, 0.0153954084963, 0.00057133520022],
        "mean": [0.0121079245582, 0.120173037052, 0.408397227526, 1.02583670616, 3.4148375988, 7.84097862244, 13.5318822861, 12.7206983566, 8.72907829285, 18.8023223877, 23.9973907471, 36.174156189, 35.0615577698, 21.7346858978, 30.2808647156, 23.6692752838, 23.3095016479, 21.0367088318, 30.6304550171, 34.8294448853, 39.208366394, 28.3033409119, 32.9018821716, 23.1377716064, 16.9670162201, 11.9169025421, 7.95541763306, 6.72566080093, 8.65064334869, 10.4744691849, 7.96437835693, 10.2476701736, 5.89590263367, 1.44747269154, 0.559410095215, 0.155403956771, 0.0413010232151, 0.00202198466286, 7.47874801164e-05, 2.75240618066e-05],
        "median": [0.00418344279751, 0.0312160328031, 0.111330717802, 0.305343806744, 0.95249581337, 2.37845039368, 3.05707573891, 3.39925217628, 2.72500252724, 4.82325029373, 6.95385789871, 5.7020945549, 6.3971414566, 6.00590419769, 7.33896827698, 6.21596050262, 5.72308349609, 7.13732719421, 10.7804336548, 11.8033838272, 8.69962024689, 7.28599786758, 9.77890777588, 7.78149986267, 5.26306438446, 3.68675160408, 2.74653792381, 2.01981186867, 2.12954616547, 2.27338886261, 1.4864397049, 1.49482679367, 0.957232654095, 0.351655930281, 0.138205066323, 0.0410431735218, 0.00577308889478, 0.000275205326034, 2.63420715783e-05, 1.95356715267e-05],
        "min": [4.31866667283e-23, 2.53577457339e-22, 6.93155391432e-22, 1.25937662611e-21, 7.87573605393e-21, 1.41522460249e-20, 2.92560147105e-20, 4.43200884202e-20, 6.15200717185e-20, 1.23286759582e-19, 1.34732910082e-19, 2.73171304965e-19, 3.3086761798e-19, 5.15948582105e-19, 7.21757684254e-19, 7.68454356278e-19, 1.02876266668e-18, 1.18521974364e-18, 1.19980583297e-18, 2.42013153539e-18, 2.57146877795e-18, 3.18747824513e-18, 3.7191934584e-18, 5.84485696753e-18, 6.60006624934e-18, 6.93317353638e-18, 7.31764336278e-18, 8.41807481889e-18, 9.90558378827e-18, 8.28578216916e-18, 8.91947034719e-18, 9.46679673336e-18, 7.78134427057e-18, 7.00712141519e-18, 5.30444084819e-18, 3.65454929353e-18, 2.15001239764e-18, 8.00793292519e-19, 2.28280549164e-19, 2.41012949361e-20],
        "var": [0.000901120190974, 0.252616435289, 3.24314761162, 6.70735645294, 118.566925049, 296.339080811, 1153.15808105, 1095.31872559, 602.444519043, 2689.60986328, 3926.27392578, 10541.6171875, 9461.9375, 2304.38574219, 6340.92919922, 6934.28417969, 4261.84667969, 3337.39331055, 4301.96386719, 4712.09472656, 7013.88964844, 3140.86669922, 4008.91137695, 1730.98303223, 1307.50878906, 601.956359863, 266.418304443, 277.986633301, 665.013793945, 1065.16223145, 1474.13305664, 2038.27319336, 638.255432129, 23.9197883606, 3.00095844269, 0.153390571475, 0.0492939576507, 6.62958991597e-05, 8.59534523556e-08, 1.24109134081e-09]
    },
    "gfcc": {
        "mean": [-121.32144928, 60.7005500793, -126.183532715, 27.6070899963, -66.7498092651, 14.7472362518, -46.2893943787, 11.3541927338, -21.9965362549, -0.879052579403, -14.4955663681, -0.289166361094, -6.95452880859],
        "cov": [[114362.375, 6178.2578125, -13699.4277344, 3297.59594727, -7465.56933594, 1770.71777344, -5167.55322266, 1373.20922852, -2334.90307617, -221.832244873, -1518.62866211, -30.2413272858, -724.620910645], [6178.2578125, 1240.95495605, -923.885437012, 23.8394775391, -329.428497314, -122.696311951, -281.7472229, -10.3999404907, -173.310394287, -65.7117233276, -50.6332092285, -76.1427536011, -7.88570928574], [-13699.4277344, -923.885437012, 2566.9362793, -100.209312439, 747.892211914, -100.183425903, 494.917877197, -196.635070801, 268.565917969, 17.8354644775, 140.5365448, 35.4827766418, 23.7465419769], [3297.59594727, 23.8394775391, -100.209312439, 495.726196289, -197.907455444, 126.902755737, -188.176895142, 61.7451248169, -88.3385772705, -0.130269646645, -56.9316139221, 8.86473751068, -31.0664768219], [-7465.56933594, -329.428497314, 747.892211914, -197.907455444, 732.447021484, -105.084884644, 404.234710693, -65.2334060669, 136.120178223, 48.3128547668, 103.493560791, 3.56862354279, 38.9347953796], [1770.71777344, -122.696311951, -100.183425903, 126.902755737, -105.084884644, 262.270751953, -27.3036441803, 61.6816596985, -33.2082138062, 4.0105676651, -34.4233016968, 21.6489334106, -27.6905212402], [-5167.55322266, -281.7472229, 494.917877197, -188.176895142, 404.234710693, -27.3036441803, 402.932647705, -21.1900901794, 103.805603027, 33.7562446594, 64.2179946899, 0.141179472208, 29.4873085022], [1373.20922852, -10.3999404907, -196.635070801, 61.7451248169, -65.2334060669, 61.6816596985, -21.1900901794, 146.157455444, 10.4418916702, 5.33992481232, -27.7752494812, 13.2501649857, -2.96343970299], [-2334.90307617, -173.310394287, 268.565917969, -88.3385772705, 136.120178223, -33.2082138062, 103.805603027, 10.4418916702, 146.382339478, 15.1156377792, 35.7124824524, 7.38908338547, 16.0832996368], [-221.832244873, -65.7117233276, 17.8354644775, -0.130269646645, 48.3128547668, 4.0105676651, 33.7562446594, 5.33992481232, 15.1156377792, 95.6589508057, 10.7949867249, 9.86270427704, -9.1694355011], [-1518.62866211, -50.6332092285, 140.5365448, -56.9316139221, 103.493560791, -34.4233016968, 64.2179946899, -27.7752494812, 35.7124824524, 10.7949867249, 99.5148468018, 7.867208004, 15.4350185394], [-30.2413272858, -76.1427536011, 35.4827766418, 8.86473751068, 3.56862354279, 21.6489334106, 0.141179472208, 13.2501649857, 7.38908338547, 9.86270427704, 7.867208004, 78.813835144, 17.2701721191], [-724.620910645, -7.88570928574, 23.7465419769, -31.0664768219, 38.9347953796, -27.6905212402, 29.4873085022, -2.96343970299, 16.0832996368, -9.1694355011, 15.4350185394, 17.2701721191, 88.0652313232]],
        "icov": [[0.000177818117663, -0.000265267270152, 0.00046117574675, -0.00033245733357, 0.000624827924185, -0.000434651330579, 0.000548799987882, -0.00028547050897, 0.000334998825565, -0.000341631268384, 0.000370596011635, -0.000355255237082, 0.000499426736496], [-0.000265267270152, 0.00186859082896, -0.000286857684841, 0.000537835934665, -0.000909624155611, 0.00148890214041, -0.000465283199446, 0.000568620045669, 0.000386988802347, 0.00104860973079, -0.000700787699316, 0.00139047775883, -0.000814384839032], [0.00046117574675, -0.000286857684841, 0.00210234569386, -0.00136862101499, 0.00124607689213, -0.000904773711227, 0.000984125188552, 0.000466926489025, -7.55164728616e-05, -0.00030139714363, 0.000928004970774, -0.00118416745681, 0.00162205740344], [-0.00033245733357, 0.000537835934665, -0.00136862101499, 0.00393533101305, -0.00131364469416, -0.000259001506492, 0.000739711569622, -0.0009793152567, 0.00108847895171, -5.6671215134e-06, -0.000399215961806, 0.00102636916563, -0.00104205776006], [0.000624827924185, -0.000909624155611, 0.00124607689213, -0.00131364469416, 0.00596561050043, -0.000618203775957, -0.00109063228592, -0.000720697513316, 0.000942346581724, -0.0018794760108, 0.000365530286217, -0.00126664538402, 0.00158597563859], [-0.000434651330579, 0.00148890214041, -0.000904773711227, -0.000259001506492, -0.000618203775957, 0.00684260390699, -0.00261610839516, -0.000597644364461, 0.000342038809322, 0.0012040665606, -0.000478836067487, -0.000212371276575, 0.000178690708708], [0.000548799987882, -0.000465283199446, 0.000984125188552, 0.000739711569622, -0.00109063228592, -0.00261610839516, 0.00884669180959, -0.00215013348497, 0.00106401718222, -0.00180920993444, 0.000803971721325, 0.000281799002551, 0.00051575852558], [-0.00028547050897, 0.000568620045669, 0.000466926489025, -0.0009793152567, -0.000720697513316, -0.000597644364461, -0.00215013348497, 0.0108273196965, -0.00431137392297, 0.000741946103517, 0.00132081634365, -0.000938851444516, -0.000737125752494], [0.000334998825565, 0.000386988802347, -7.55164728616e-05, 0.00108847895171, 0.000942346581724, 0.000342038809322, 0.00106401718222, -0.00431137392297, 0.0125813148916, -0.00142868969124, -0.00109763466753, 8.40128559503e-05, 0.00011444620759], [-0.000341631268384, 0.00104860973079, -0.00030139714363, -5.6671215134e-06, -0.0018794760108, 0.0012040665606, -0.00180920993444, 0.000741946103517, -0.00142868969124, 0.0125340940431, -0.00147420202848, -0.000899894279428, 0.00120327761397], [0.000370596011635, -0.000700787699316, 0.000928004970774, -0.000399215961806, 0.000365530286217, -0.000478836067487, 0.000803971721325, 0.00132081634365, -0.00109763466753, -0.00147420202848, 0.013819264248, -0.00213050236925, 0.000101310382888], [-0.000355255237082, 0.00139047775883, -0.00118416745681, 0.00102636916563, -0.00126664538402, -0.000212371276575, 0.000281799002551, -0.000938851444516, 8.40128559503e-05, -0.000899894279428, -0.00213050236925, 0.0159126035869, -0.00460615986958], [0.000499426736496, -0.000814384839032, 0.00162205740344, -0.00104205776006, 0.00158597563859, 0.000178690708708, 0.00051575852558, -0.000737125752494, 0.00011444620759, 0.00120327761397, 0.000101310382888, -0.00460615986958, 0.0147341415286]]
    },
    "melbands": {
        "dmean": [8.25536044431e-05, 0.00013971934095, 0.000144941965118, 0.000207472199691, 0.000248272350291, 0.0001681115682, 8.91172749107e-05, 0.000153501183377, 0.000130097279907, 0.00015881487343, 0.000106555751699, 4.86219214508e-05, 5.38666718057e-05, 5.90824492974e-05, 2.53683701885e-05, 3.68767723558e-05, 2.21858663281e-05, 2.75050297205e-05, 3.61572856491e-05, 2.61006080109e-05, 2.39954442804e-05, 1.68610786204e-05, 1.76734174602e-05, 1.35063619382e-05, 1.08023659777e-05, 6.95307153364e-06, 9.23732113733e-06, 3.79067068934e-06, 3.08832500195e-06, 2.70723194262e-06, 2.27516693485e-06, 3.14133058055e-06, 3.9282981561e-06, 3.65233381672e-06, 2.87475518235e-06, 2.40299641519e-06, 6.06806497672e-06, 4.15830209022e-06, 1.10134976694e-06, 5.54693997401e-07],
        "dmean2": [0.00013895824668, 0.000228592558415, 0.000228362638154, 0.00031978538027, 0.000393278460251, 0.000260840519331, 0.000131841166876, 0.000235891304328, 0.000199895774131, 0.0002448183659, 0.000164581273566, 7.42237680242e-05, 8.08957483969e-05, 8.94826080184e-05, 3.97082258132e-05, 5.98081169301e-05, 3.53363648173e-05, 4.27918312198e-05, 5.88631555729e-05, 4.21561526309e-05, 3.89385204471e-05, 2.62759331235e-05, 2.80573058262e-05, 2.2255910153e-05, 1.78201116796e-05, 1.14729837151e-05, 1.53071414388e-05, 6.09848211752e-06, 5.01150043419e-06, 4.51187679573e-06, 3.68131577488e-06, 5.00113310409e-06, 6.06980620432e-06, 5.66341486774e-06, 4.37014932686e-06, 3.64866627933e-06, 9.30382066144e-06, 6.42636405246e-06, 1.66482550412e-06, 8.30841941024e-07],
        "dvar": [1.18874524446e-07, 8.18965759208e-07, 2.2661495791e-07, 3.13433616839e-07, 4.06152594223e-07, 2.41375147425e-07, 7.68636922999e-08, 2.45427685286e-07, 2.10772384435e-07, 2.61909178789e-07, 1.0920449256e-07, 1.80330275157e-08, 2.18491020831e-08, 4.59898963356e-08, 8.0161761673e-09, 1.2599799426e-08, 8.21900680847e-09, 6.31902308257e-09, 7.75668151931e-09, 5.9187503787e-09, 4.23032275876e-09, 2.12975703739e-09, 1.91228699542e-09, 1.11876552467e-09, 6.92830182114e-10, 4.54109860826e-10, 1.60462798604e-09, 1.08148920375e-10, 6.86033313491e-11, 1.04239693266e-10, 9.34964883292e-11, 1.20231019585e-10, 2.76796252585e-10, 1.98508764981e-10, 3.30018262718e-10, 2.50688858561e-10, 1.2585318343e-09, 6.16371731432e-10, 3.50923005932e-11, 5.31266827405e-12],
        "dvar2": [3.0530696904e-07, 2.06009235626e-06, 5.07837285113e-07, 7.46742841784e-07, 9.73202304522e-07, 5.18038291375e-07, 1.48088957985e-07, 5.85873408454e-07, 4.9698866178e-07, 6.33737499811e-07, 2.41345674112e-07, 3.69266288658e-08, 4.39183978074e-08, 8.84765327669e-08, 1.8626728604e-08, 3.10475911647e-08, 1.81626944595e-08, 1.37157458724e-08, 1.87537985141e-08, 1.42392311275e-08, 1.02478114883e-08, 4.79850736923e-09, 4.6161874323e-09, 2.78248157848e-09, 1.9136050522e-09, 1.25019194996e-09, 4.17127798968e-09, 2.47492221161e-10, 1.72700562184e-10, 2.77766309953e-10, 2.47593029412e-10, 2.76446254777e-10, 6.14715445213e-10, 4.3246267678e-10, 7.16811943136e-10, 4.69333516495e-10, 2.93586355227e-09, 1.49393641902e-09, 8.40606126373e-11, 1.11323840771e-11],
        "max": [0.0175726022571, 0.045773550868, 0.0133767044172, 0.0136921722442, 0.0144204292446, 0.0157997235656, 0.00860789418221, 0.0142862405628, 0.0164981782436, 0.014137133956, 0.00788029935211, 0.00542384013534, 0.0042476686649, 0.00805373582989, 0.00274696270935, 0.00421733641997, 0.00510073592886, 0.00289357895963, 0.00343020423315, 0.00245508388616, 0.0015866040485, 0.00135710684117, 0.000964240578469, 0.000706992577761, 0.000714768713806, 0.000713436049409, 0.00137184630148, 0.000400268036174, 0.000298402650515, 0.000272547098575, 0.000519877241459, 0.000315949291689, 0.000412884139223, 0.000503862276673, 0.00097866973374, 0.00104600575287, 0.00107231433503, 0.000676083320286, 0.000262100249529, 6.86005150783e-05],
        "mean": [0.0001255646348, 0.000197690082132, 0.000249790202361, 0.00038017242332, 0.000473864958622, 0.000278392137261, 0.000140294199809, 0.0002304558584, 0.000189636251889, 0.00024952981039, 0.000172069572727, 8.30674689496e-05, 8.9941539045e-05, 9.5444607723e-05, 3.84943414247e-05, 5.81761960348e-05, 3.61024540325e-05, 4.66186502308e-05, 5.87794347666e-05, 4.28801322414e-05, 4.64285076305e-05, 2.92052445729e-05, 3.04575751215e-05, 2.33131140703e-05, 1.89622005564e-05, 1.17414247143e-05, 1.36464996103e-05, 6.56408110444e-06, 5.23042854184e-06, 4.0724239625e-06, 3.78006279789e-06, 4.57942815046e-06, 5.79454990657e-06, 5.72537692278e-06, 4.70324630442e-06, 4.03195053877e-06, 7.78823596193e-06, 5.25533960172e-06, 1.8049792061e-06, 9.61700834523e-07],
        "median": [4.49219078291e-05, 5.40500732313e-05, 6.98421645211e-05, 0.000127924839035, 0.0001149889722, 7.2306880611e-05, 3.94606322516e-05, 5.89862029301e-05, 4.71792955068e-05, 3.30363945977e-05, 2.82970431726e-05, 1.80669467227e-05, 2.18198329094e-05, 1.81579998753e-05, 8.89731290954e-06, 1.08952435767e-05, 1.11726221803e-05, 1.33801604534e-05, 1.40841139e-05, 1.09920629257e-05, 8.2964579633e-06, 6.02952150075e-06, 8.58957901073e-06, 7.51665174903e-06, 5.48575553694e-06, 3.04215132019e-06, 3.23844164996e-06, 1.75983859663e-06, 1.59772673669e-06, 1.23165489185e-06, 9.07210903733e-07, 1.01598902802e-06, 1.1115594134e-06, 1.16431840524e-06, 7.59745887535e-07, 6.83624534759e-07, 8.94143568075e-07, 6.72627948006e-07, 4.06071990255e-07, 2.03979624303e-07],
        "min": [4.56916322128e-25, 6.27916122831e-25, 2.71393937287e-25, 7.54620348326e-25, 1.2660184121e-24, 9.15141758929e-25, 8.61453956479e-25, 1.20247408846e-24, 1.13134269786e-24, 1.42891483637e-24, 1.63432386229e-24, 1.89232446982e-24, 1.79566060994e-24, 1.70449570222e-24, 1.76979859403e-24, 1.69964953246e-24, 9.8566326145e-25, 1.50458020503e-24, 1.76478991892e-24, 2.77413093905e-24, 2.55494554211e-24, 2.23394600964e-24, 3.44557798435e-24, 2.52868771523e-24, 3.95031446291e-24, 3.96051877315e-24, 3.22109676694e-24, 3.80858416281e-24, 3.33654675763e-24, 4.06047967719e-24, 4.81824762983e-24, 4.72478812294e-24, 4.29501551849e-24, 4.26568488117e-24, 4.22793828129e-24, 4.65790810097e-24, 4.61691297188e-24, 4.65492344573e-24, 5.60826303298e-24, 5.14659914871e-24],
        "var": [1.34217231107e-07, 7.43434156902e-07, 5.30752743089e-07, 6.78027731738e-07, 1.26787369936e-06, 4.80720586893e-07, 1.62714343332e-07, 3.63818799087e-07, 2.84731527245e-07, 4.9253145562e-07, 2.34561014167e-07, 4.2182268345e-08, 5.13505149513e-08, 1.10291303201e-07, 1.65390545703e-08, 2.91516570883e-08, 1.4261525294e-08, 1.63453783841e-08, 1.78315975319e-08, 1.41367015871e-08, 1.23957022424e-08, 4.59388926899e-09, 3.57730245426e-09, 1.96150784504e-09, 1.3980117064e-09, 7.99375843297e-10, 1.52574664014e-09, 2.12369885566e-10, 1.14507750504e-10, 1.10257039609e-10, 1.17158338586e-10, 1.85165882627e-10, 3.95843302581e-10, 3.29960891943e-10, 5.17629994423e-10, 4.52912152227e-10, 1.44285894343e-09, 6.44974185171e-10, 5.24745073782e-11, 1.03496603648e-11]
    },
    "mfcc": {
        "mean": [-694.104614258, 83.6190338135, -8.17113876343, 8.08422756195, 0.724632799625, -4.08552885056, -8.59255695343, 2.5616645813, -4.44518375397, 1.36068212986, -4.20405244827, -3.19886612892, -4.14797115326],
        "cov": [[26100.4492188, 3329.15771484, -449.66305542, 372.476501465, 49.0818214417, -329.428894043, -496.355743408, 279.420684814, -248.877731323, 112.130310059, -258.206695557, -184.841537476, -148.10067749], [3329.15771484, 1634.67663574, -331.563964844, 67.0469436646, -39.6338615417, -133.978012085, -71.7085952759, -75.1950836182, -86.1071777344, -21.4504299164, -58.1695251465, -59.7263298035, -37.0675582886], [-449.66305542, -331.563964844, 958.912963867, 112.980400085, 92.7283248901, 84.9842758179, -79.9688644409, 14.5331811905, -53.9285049438, -28.5580291748, -14.7735595703, -12.8075342178, -44.3484191895], [372.476501465, 67.0469436646, 112.980400085, 290.398834229, 77.817565918, 18.2807922363, 12.3970270157, -14.5615444183, -11.3780527115, -7.000872612, -9.77472877502, 1.23692977428, -10.0668144226], [49.0818214417, -39.6338615417, 92.7283248901, 77.817565918, 160.800537109, 26.6607265472, 2.4143102169, 15.4902048111, -5.5663933754, -0.459780812263, -6.6137919426, 6.00177764893, 8.21747112274], [-329.428894043, -133.978012085, 84.9842758179, 18.2807922363, 26.6607265472, 169.403320312, 71.0910110474, 12.2645702362, 14.047296524, 0.391635298729, 22.9784431458, 9.12474346161, -4.31465578079], [-496.355743408, -71.7085952759, -79.9688644409, 12.3970270157, 2.4143102169, 71.0910110474, 161.611572266, 21.1609954834, 27.1678981781, 11.4677762985, 21.3949623108, 5.11592102051, 5.5634894371], [279.420684814, -75.1950836182, 14.5331811905, -14.5615444183, 15.4902048111, 12.2645702362, 21.1609954834, 126.00453186, 35.3276176453, 12.5614519119, 6.02412796021, 6.15102291107, 3.11406779289], [-248.877731323, -86.1071777344, -53.9285049438, -11.3780527115, -5.5663933754, 14.047296524, 27.1678981781, 35.3276176453, 129.325180054, 8.41294288635, 18.4858264923, 14.7910985947, 9.12285518646], [112.130310059, -21.4504299164, -28.5580291748, -7.000872612, -0.459780812263, 0.391635298729, 11.4677762985, 12.5614519119, 8.41294288635, 93.6845397949, 15.7748212814, 0.459061264992, -0.29810667038], [-258.206695557, -58.1695251465, -14.7735595703, -9.77472877502, -6.6137919426, 22.9784431458, 21.3949623108, 6.02412796021, 18.4858264923, 15.7748212814, 86.7802200317, 22.739238739, 6.63290882111], [-184.841537476, -59.7263298035, -12.8075342178, 1.23692977428, 6.00177764893, 9.12474346161, 5.11592102051, 6.15102291107, 14.7910985947, 0.459061264992, 22.739238739, 77.3516082764, 26.9742546082], [-148.10067749, -37.0675582886, -44.3484191895, -10.0668144226, 8.21747112274, -4.31465578079, 5.5634894371, 3.11406779289, 9.12285518646, -0.29810667038, 6.63290882111, 26.9742546082, 77.1820449829]],
