{
"lowlevel": {
    "average_loudness": 0.917967200279,
    "barkbands_crest": {
        "dmean": 2.19131231308,
        "dmean2": 3.61349701881,
        "dvar": 4.69129276276,
        "dvar2": 12.3257236481,
        "max": 23.9641208649,
        "mean": 7.33234262466,
        "median": 6.5115237236,
        "min": 2.14715456963,
        "var": 11.3237380981
    },
    "barkbands_flatness_db": {
        "dmean": 0.0154259055853,
        "dmean2": 0.0239510200918,
        "dvar": 0.000205587799428,
        "dvar2": 0.000486133998493,
        "max": 0.261221468449,
        "mean": 0.101377598941,
        "median": 0.0961879491806,
        "min": 0.0297956373543,
        "var": 0.000905904336832
    },
    "barkbands_kurtosis": {
        "dmean": 0.874602615833,
        "dmean2": 1.41954374313,
        "dvar": 2.84925055504,
        "dvar2": 7.26378917694,
        "max": 54.3385238647,
        "mean": 0.497752428055,
        "median": -0.295691251755,
        "min": -1.85384225845,
        "var": 5.72790050507
    },
    "barkbands_skewness": {
        "dmean": 0.361641019583,
        "dmean2": 0.560314357281,
        "dvar": 0.148209393024,
        "dvar2": 0.328376173973,
        "max": 6.84031629562,
        "mean": 0.127722740173,
        "median": 0.167776480317,
        "min": -4.04922819138,
        "var": 1.03046810627
    },
    "barkbands_spread": {
        "dmean": 5.32870960236,
        "dmean2": 8.25501918793,
        "dvar": 33.0539398193,
        "dvar2": 75.2820510864,
        "max": 99.8656539917,
        "mean": 27.3463230133,
        "median": 26.3013648987,
        "min": 3.2114379406,
        "var": 113.507904053
    },
    "dissonance": {
        "dmean": 0.0137701611966,
        "dmean2": 0.0235437508672,
        "dvar": 0.000189726997633,
        "dvar2": 0.000524389673956,
        "max": 0.500000119209,
        "mean": 0.477205574512,
        "median": 0.482240051031,
        "min": 0.346771299839,
        "var": 0.000384217652027
    },
    "dynamic_complexity": 2.47979831696,
    "erbbands_crest": {
        "dmean": 2.37920331955,
        "dmean2": 3.90057873726,
        "dvar": 5.78952217102,
        "dvar2": 14.2130403519,
        "max": 29.3483734131,
        "mean": 7.9712266922,
        "median": 7.07076454163,
        "min": 2.16046571732,
        "var": 16.400894165
    },
    "erbbands_flatness_db": {
        "dmean": 0.0160309728235,
        "dmean2": 0.0229698587209,
        "dvar": 0.000219940877287,
        "dvar2": 0.000423213816248,
        "max": 0.347133994102,
        "mean": 0.167773842812,
        "median": 0.169190809131,
        "min": 0.0636376813054,
        "var": 0.00180732784793
    },
    "erbbands_kurtosis": {
        "dmean": 0.676491081715,
        "dmean2": 1.07688701153,
        "dvar": 1.35529720783,
        "dvar2": 2.94126319885,
        "max": 45.1483268738,
        "mean": 0.109452486038,
        "median": -0.16305565834,
        "min": -1.7209032774,
        "var": 2.95915603638
    },
    "erbbands_skewness": {
        "dmean": 0.304068088531,
        "dmean2": 0.468606472015,
        "dvar": 0.0950400084257,
        "dvar2": 0.200097084045,
        "max": 4.10606813431,
        "mean": -0.0429512150586,
        "median": -0.0867673754692,
        "min": -5.32132911682,
        "var": 0.467170625925
    },
    "erbbands_spread": {
        "dmean": 6.00895786285,
        "dmean2": 9.28992652893,
        "dvar": 42.8380088806,
        "dvar2": 99.1123275757,
        "max": 113.763053894,
        "mean": 32.5467262268,
        "median": 31.5683116913,
        "min": 3.64009356499,
        "var": 144.846878052
    },
    "hfc": {
        "dmean": 8.54507637024,
        "dmean2": 12.1416158676,
        "dvar": 171.297943115,
        "dvar2": 320.419219971,
        "max": 321.681915283,
        "mean": 28.5816040039,
        "median": 23.1664409637,
        "min": 1.06213749361e-16,
        "var": 660.645324707
    },
    "melbands_crest": {
        "dmean": 2.93873715401,
        "dmean2": 4.85778141022,
        "dvar": 8.64595222473,
        "dvar2": 22.4757461548,
        "max": 31.0618610382,
        "mean": 9.24383449554,
        "median": 8.26613426208,
        "min": 1.51047408581,
        "var": 25.3596477509
    },
    "melbands_flatness_db": {
        "dmean": 0.0170928165317,
        "dmean2": 0.0268098302186,
        "dvar": 0.000357153301593,
        "dvar2": 0.000852910918184,
        "max": 0.336206525564,
        "mean": 0.0978292003274,
        "median": 0.0966885387897,
        "min": 0.00292794872075,
        "var": 0.00239939172752
    },
    "melbands_kurtosis": {
        "dmean": 1.90665984154,
        "dmean2": 3.09529066086,
        "dvar": 27.1061687469,
        "dvar2": 72.6821594238,
        "max": 226.31867981,
        "mean": 2.30579066277,
        "median": 0.741193771362,
        "min": -1.93299818039,
        "var": 37.1307678223
    },
    "melbands_skewness": {
        "dmean": 0.427097916603,
        "dmean2": 0.666837453842,
        "dvar": 0.251526743174,
        "dvar2": 0.606327533722,
        "max": 11.8095054626,
        "mean": 1.05611097813,
        "median": 0.904229521751,
        "min": -1.56701910496,
        "var": 0.92392796278
    },
    "melbands_spread": {
        "dmean": 10.92897892,
        "dmean2": 17.1352615356,
        "dvar": 170.628234863,
        "dvar2": 350.40447998,
        "max": 290.794067383,
        "mean": 54.9481582642,
        "median": 45.7981796265,
        "min": 2.02963447571,
        "var": 1269.92492676
    },
    "pitch_salience": {
        "dmean": 0.0574816130102,
        "dmean2": 0.0934911519289,
        "dvar": 0.00312111224048,
        "dvar2": 0.00806448701769,
        "max": 0.890717744827,
        "mean": 0.637077152729,
        "median": 0.637308657169,
        "min": 0.135482922196,
        "var": 0.0109060313553
    },
    "silence_rate_20dB": {
        "dmean": 0,
        "dmean2": 0,
        "dvar": 0,
        "dvar2": 0,
        "max": 1,
        "mean": 1,
        "median": 1,
        "min": 1,
        "var": 0
    },
    "silence_rate_30dB": {
        "dmean": 0,
        "dmean2": 0,
        "dvar": 0,
        "dvar2": 0,
        "max": 1,
        "mean": 1,
        "median": 1,
        "min": 1,
        "var": 0
    },
    "silence_rate_60dB": {
        "dmean": 0.0182727873325,
        "dmean2": 0.0365495495498,
        "dvar": 0.017940338701,
        "dvar2": 0.041962902993,
        "max": 1,
        "mean": 0.137466013432,
        "median": 0,
        "min": 0,
        "var": 0.118584826589
    },
    "spectral_centroid": {
        "dmean": 287.014801025,
        "dmean2": 446.069610596,
        "dvar": 100952.757812,
        "dvar2": 215337.296875,
        "max": 12022.4921875,
        "mean": 3121.04370117,
        "median": 2327.07250977,
        "min": 385.096740723,
        "var": 7427147.5
    },
    "spectral_complexity": {
        "dmean": 3.89427876472,
        "dmean2": 5.73044729233,
        "dvar": 19.5218372345,
        "dvar2": 39.1533088684,
        "max": 60,
        "mean": 22.1867313385,
        "median": 23,
        "min": 0,
        "var": 143.86668396
    },
    "spectral_decrease": {
        "dmean": 1.15800591338e-09,
        "dmean2": 1.71014946648e-09,
        "dvar": 2.43940401648e-18,
        "dvar2": 5.33456842046e-18,
        "max": 2.20952457315e-28,
        "mean": -3.67404640045e-09,
        "median": -3.37748917723e-09,
        "min": -2.50917917555e-08,
        "var": 7.89480284493e-18
    },
    "spectral_energy": {
        "dmean": 0.00500466162339,
        "dmean2": 0.0073418263346,
        "dvar": 4.34601060988e-05,
        "dvar2": 9.34429190238e-05,
        "max": 0.118794992566,
        "mean": 0.0164591018111,
        "median": 0.0154451820999,
        "min": 9.84440248579e-21,
        "var": 0.000151691652718
    },
    "spectral_energyband_high": {
        "dmean": 0.000772485043854,
        "dmean2": 0.00110512133688,
        "dvar": 2.7024721021e-06,
        "dvar2": 4.92491153636e-06,
        "max": 0.052704308182,
        "mean": 0.00191197392996,
        "median": 0.000999318319373,
        "min": 6.94102842409e-21,
        "var": 8.1176040112e-06
    },
    "spectral_energyband_low": {
        "dmean": 0.00075794046279,
        "dmean2": 0.00121709343512,
        "dvar": 4.80009248349e-06,
        "dvar2": 1.20200784295e-05,
        "max": 0.0904364511371,
        "mean": 0.00106220890302,
        "median": 0.000469121296192,
        "min": 6.47111041364e-24,
        "var": 4.87360875923e-06
    },
    "spectral_energyband_middle_high": {
        "dmean": 0.00267173955217,
        "dmean2": 0.00391664123163,
        "dvar": 1.39458370541e-05,
        "dvar2": 2.88834362436e-05,
        "max": 0.0771733373404,
        "mean": 0.00811696052551,
        "median": 0.00620489334688,
        "min": 1.0445254487e-21,
        "var": 5.7826662669e-05
    },
    "spectral_energyband_middle_low": {
        "dmean": 0.00266707362607,
        "dmean2": 0.00414022104815,
        "dvar": 2.07586290344e-05,
        "dvar2": 4.86896133225e-05,
        "max": 0.0892902761698,
        "mean": 0.00565850455314,
        "median": 0.00370613695122,
        "min": 1.24195231692e-22,
        "var": 4.37067064922e-05
    },
    "spectral_entropy": {
        "dmean": 0.106821544468,
        "dmean2": 0.154960259795,
        "dvar": 0.0127592561767,
        "dvar2": 0.0239205490798,
        "max": 9.8266210556,
        "mean": 8.03912067413,
        "median": 7.88151311874,
        "min": 6.75084400177,
        "var": 0.409590274096
    },
    "spectral_flux": {
        "dmean": 0.0174102373421,
        "dmean2": 0.0259491987526,
        "dvar": 0.000381823687349,
        "dvar2": 0.000803433300462,
        "max": 0.289905756712,
        "mean": 0.074843339622,
        "median": 0.0753533989191,
        "min": 6.22797924343e-11,
        "var": 0.00179335474968
    },
    "spectral_kurtosis": {
        "dmean": 0.890928804874,
        "dmean2": 1.50940489769,
        "dvar": 0.866565823555,
        "dvar2": 2.44004607201,
        "max": 15.9081401825,
        "mean": 2.50619578362,
        "median": 2.44841861725,
        "min": -1.28087389469,
        "var": 4.19212055206
    },
    "spectral_rms": {
        "dmean": 0.000565137481317,
        "dmean2": 0.000808126991615,
        "dvar": 4.15016927491e-07,
        "dvar2": 8.100611808e-07,
        "max": 0.0107655720785,
        "mean": 0.00359295331873,
        "median": 0.00388181279413,
        "min": 3.0990795867e-12,
        "var": 3.14841349791e-06
    },
    "spectral_rolloff": {
        "dmean": 608.435119629,
        "dmean2": 978.433166504,
        "dvar": 623572.5,
        "dvar2": 1246608.875,
        "max": 20047.4121094,
        "mean": 4685.60400391,
        "median": 3122.31445312,
        "min": 107.666015625,
        "var": 24430272
    },
    "spectral_skewness": {
        "dmean": 0.152128398418,
        "dmean2": 0.246384605765,
        "dvar": 0.0207442883402,
        "dvar2": 0.0497668981552,
        "max": 2.82575106621,
        "mean": 1.02982699871,
        "median": 1.10608494282,
        "min": -0.247620642185,
        "var": 0.215553864837
    },
    "spectral_spread": {
        "dmean": 495627.53125,
        "dmean2": 743704.375,
        "dvar": 487269105664,
        "dvar2": 1.04870366413e+12,
        "max": 44003496,
        "mean": 7930610.5,
        "median": 4187788.5,
        "min": 1647018.875,
        "var": 1.21076075987e+14
    },
    "spectral_strongpeak": {
        "dmean": 0.866109788418,
        "dmean2": 1.42598903179,
        "dvar": 1.3021094799,
        "dvar2": 3.11717915535,
        "max": 15.2584552765,
        "mean": 1.59203851223,
        "median": 1.10524666309,
        "min": 0,
        "var": 2.7830092907
    },
    "zerocrossingrate": {
        "dmean": 0.0114407790825,
        "dmean2": 0.0138062015176,
        "dvar": 0.000217526961933,
        "dvar2": 0.00021986135107,
        "max": 0.78662109375,
        "mean": 0.142132431269,
        "median": 0.1005859375,
        "min": 0.017578125,
        "var": 0.0159988440573
    },
    "barkbands": {
        "dmean": [3.88026528526e-05, 0.000503581017256, 0.000314588891342, 0.000193071376998, 0.000725557620171, 0.00063197145937, 0.000533663027454, 0.000458348134998, 0.00109271332622, 0.000881572021171, 0.000519645342138, 0.000453557237051, 0.000414840789745, 0.000499353162013, 0.000521792273503, 0.000518436077982, 0.000360150705092, 0.000287618808215, 0.000296956044622, 0.000267694937065, 0.000307942333166, 0.000230989142437, 0.000138857518323, 0.000103140635474, 4.68305916002e-05, 1.34543124659e-05, 1.12353877313e-08],
        "dmean2": [6.79575532558e-05, 0.000836820399854, 0.000543493311852, 0.000321727915434, 0.00122115586419, 0.00101932836697, 0.000859558465891, 0.00072003994137, 0.00172629137523, 0.00137369951699, 0.000809840450529, 0.000723280769307, 0.000660450023133, 0.000794310879428, 0.000837000727188, 0.000825718336273, 0.00057232985273, 0.000458328489913, 0.000465360441012, 0.000422967132181, 0.000475742039271, 0.000340118567692, 0.000201956703677, 0.000151011452544, 6.68436332489e-05, 2.0368857804e-05, 2.00466701017e-08],
        "dvar": [3.31330118897e-09, 2.23072265726e-06, 1.08732774606e-06, 1.76605098545e-07, 3.52726351593e-06, 1.88722481198e-06, 2.2208446353e-06, 3.17022863783e-06, 8.03401781013e-06, 5.42809630133e-06, 1.90001981082e-06, 1.24891153064e-06, 7.87172268701e-07, 1.03690945252e-06, 1.10098108053e-06, 1.06329787286e-06, 5.68359325825e-07, 4.94020923725e-07, 2.60699096089e-07, 2.41564634962e-07, 4.73746297303e-07, 3.6741198528e-07, 2.18270727714e-07, 9.80378729309e-08, 5.36647775107e-08, 1.17359821861e-09, 2.78471991695e-15],
        "dvar2": [9.38550392959e-09, 5.80789264859e-06, 2.99710814033e-06, 4.75324839044e-07, 9.36652122618e-06, 4.47580350738e-06, 5.13020904691e-06, 7.08062725607e-06, 1.98759717023e-05, 1.25030610434e-05, 4.42474629381e-06, 2.95417862617e-06, 1.88328988315e-06, 2.47928846875e-06, 2.6420514132e-06, 2.57239025814e-06, 1.34943502417e-06, 1.24146799863e-06, 6.15340979948e-07, 5.70669271838e-07, 1.14747717816e-06, 7.17778334547e-07, 4.20612593643e-07, 2.00889758162e-07, 1.19775251051e-07, 2.57361709721e-09, 7.80645977684e-15],
        "max": [0.000813762249891, 0.0463873483241, 0.0418105125427, 0.0135434446856, 0.0355152711272, 0.0249001197517, 0.0492950156331, 0.076567016542, 0.0480118207633, 0.047226998955, 0.0276999212801, 0.0288225710392, 0.0332242995501, 0.0213330201805, 0.0252260584384, 0.0222444813699, 0.02717362158, 0.0300045479089, 0.0161863341928, 0.0109292119741, 0.0272575933486, 0.0276447813958, 0.0159510802478, 0.00921252183616, 0.0141697395593, 0.000673825619742, 1.85968201549e-06],
        "mean": [4.25415382779e-05, 0.000575685466174, 0.000336747441906, 0.000272103759926, 0.000988453044556, 0.000988206127658, 0.000864299654495, 0.000614218355622, 0.0016089923447, 0.00145946792327, 0.000766957877204, 0.000729652878363, 0.000664374558255, 0.000822885194793, 0.000853397184983, 0.000956967414822, 0.000662755744997, 0.000509319943376, 0.00059678038815, 0.000517706328537, 0.000612333184108, 0.000464798358735, 0.000263570080278, 0.000194457839825, 7.54955763114e-05, 1.69477862073e-05, 8.44504022268e-09],
        "median": [2.17753768084e-05, 0.000197841436602, 0.000108435458969, 0.000118242154713, 0.000447742815595, 0.000370912079234, 0.000224397750571, 0.000147717248183, 0.000469191611046, 0.0003709110606, 0.000208170153201, 0.000255061633652, 0.000297917285934, 0.000357922777766, 0.000374271970941, 0.000377821590519, 0.000303333828924, 0.000296225654893, 0.00033541751327, 0.000289633055218, 0.00026536511723, 0.000153883724124, 9.65444778558e-05, 7.95310479589e-05, 2.70585478575e-05, 3.93121763409e-06, 8.35757740791e-10],
        "min": [7.86189948537e-27, 1.78565765645e-24, 4.58906273066e-25, 4.71745723855e-25, 5.03960633857e-24, 3.98585935201e-24, 2.39887375074e-24, 4.45406013217e-24, 8.81076299573e-24, 1.03504538219e-23, 7.91835068606e-24, 1.09307911798e-23, 1.635642818e-23, 1.72587698819e-23, 3.25832686014e-23, 4.30736103388e-23, 4.91555228142e-23, 6.65734990263e-23, 8.81627666014e-23, 1.41164046282e-22, 2.16475726001e-22, 2.63315030135e-22, 3.22438552016e-22, 4.91578079865e-22, 8.07535476902e-22, 1.15018161608e-21, 1.84267204195e-21],
        "var": [3.79453624078e-09, 1.95208781406e-06, 8.16891827071e-07, 2.27799375807e-07, 3.78219579034e-06, 3.46244928551e-06, 5.08017501488e-06, 4.26190536018e-06, 1.16284554679e-05, 1.24297312141e-05, 3.63480398846e-06, 2.78044285551e-06, 1.36522555749e-06, 2.13111820813e-06, 1.96164660338e-06, 2.47479192694e-06, 1.23632764826e-06, 6.99485212863e-07, 6.48085404009e-07, 5.1137749324e-07, 9.35674506763e-07, 9.48387480548e-07, 4.72355509373e-07, 1.91675084693e-07, 6.72939961532e-08, 1.70813052591e-09, 1.86031834502e-15]
    },
    "erbbands": {
        "dmean": [0.0103618334979, 0.131572887301, 0.35873195529, 0.472554445267, 1.56146669388, 2.65796542168, 3.90612077713, 5.76312923431, 6.80275344849, 8.35976791382, 12.17943573, 24.0884952545, 25.7755374908, 24.1225605011, 20.7303771973, 15.8011693954, 18.0538444519, 19.6587219238, 26.4305229187, 27.7137966156, 25.0584411621, 18.443523407, 14.5427331924, 15.1805591583, 13.0540113449, 12.4430055618, 13.4735155106, 10.7354545593, 8.7961730957, 5.45188140869, 3.89070439339, 2.75554704666, 1.34062206745, 0.646656632423, 0.280571132898, 0.0894687399268, 0.0196430142969, 0.00150668411516, 3.34285796271e-05, 8.16922602098e-06],
        "dmean2": [0.0167891271412, 0.219970658422, 0.608862161636, 0.789818406105, 2.66441464424, 4.43712091446, 6.40851163864, 9.26504611969, 10.9529247284, 12.5089292526, 19.1473045349, 38.026763916, 40.1951904297, 36.9108657837, 32.0615539551, 25.0732002258, 28.5944442749, 30.4679450989, 42.5467300415, 44.0317611694, 39.7617111206, 29.0376377106, 22.9735298157, 23.9349861145, 20.3373947144, 19.6452770233, 20.8688774109, 16.1612377167, 13.0686769485, 7.90780878067, 5.71563005447, 4.10738897324, 1.95381355286, 0.937384843826, 0.407257825136, 0.131620049477, 0.0306378267705, 0.00239050737582, 5.00658497913e-05, 1.15761740744e-05],
        "dvar": [0.00054612418171, 0.168726667762, 1.4741537571, 1.09867715836, 20.2450428009, 44.9281997681, 98.4906158447, 181.370223999, 287.956054688, 1006.47814941, 1692.00256348, 4235.00244141, 5272.56640625, 3791.78417969, 2640.2824707, 1360.79504395, 1424.79553223, 1776.93579102, 2854.39892578, 3428.37231445, 2663.79199219, 1436.26623535, 815.453186035, 1316.06469727, 464.988372803, 587.676391602, 864.357666016, 818.51385498, 547.255737305, 311.339141846, 162.751068115, 71.3009719849, 17.8674049377, 17.3875713348, 1.11793529987, 0.0523787364364, 0.00314390449785, 2.55240138358e-05, 8.42295566628e-09, 1.32249183826e-10],
        "dvar2": [0.0013327941997, 0.440679788589, 3.95480394363, 2.93733978271, 56.5901603699, 118.567077637, 238.357833862, 435.213928223, 718.301452637, 1870.10070801, 4096.79736328, 10582.6474609, 12160.9980469, 8462.46191406, 6110.4453125, 3156.00146484, 3377.58837891, 3959.73071289, 6712.39892578, 8520.8984375, 6497.28271484, 3345.50488281, 1846.2088623, 3322.51367188, 1085.89978027, 1411.50549316, 2067.79736328, 1914.89086914, 1120.33081055, 605.716369629, 301.774627686, 148.132141113, 36.5903015137, 40.7641563416, 2.17712163925, 0.103355199099, 0.00743909785524, 6.13230658928e-05, 1.91584863529e-08, 2.54757659413e-10],
        "max": [0.485331147909, 13.4364671707, 51.2100982666, 23.5725326538, 91.1297225952, 162.69960022, 265.443023682, 291.340698242, 428.421569824, 1700.32336426, 1214.93652344, 1276.43127441, 1798.90563965, 1624.78308105, 1111.56616211, 931.866027832, 1383.6595459, 1089.16052246, 1283.15087891, 1845.78613281, 1463.94458008, 1439.23278809, 1260.71008301, 2243.6262207, 522.904907227, 633.265136719, 633.385742188, 1240.30615234, 1140.484375, 670.65234375, 422.094604492, 234.632919312, 125.032081604, 289.679077148, 47.13256073, 7.17818927765, 0.828571081161, 0.0940428376198, 0.00154615961947, 0.000230882200412],
        "mean": [0.0132218133658, 0.139884993434, 0.396848410368, 0.668088793755, 1.89933276176, 3.49209499359, 5.83269929886, 8.76145458221, 10.967546463, 13.5468845367, 17.5684719086, 35.4557533264, 41.6026763916, 41.8600349426, 34.5756492615, 28.0093517303, 31.4344520569, 36.5004043579, 46.1596603394, 50.2070083618, 49.1256065369, 36.9904060364, 29.0777492523, 30.3418502808, 28.0812797546, 24.9688053131, 27.0995445251, 21.529460907, 17.8003425598, 10.5749464035, 7.39912128448, 5.1522769928, 2.46863412857, 1.04930758476, 0.441245228052, 0.126578822732, 0.0220800582319, 0.00147702323738, 5.01824797539e-05, 2.65057460638e-05],
        "median": [0.00469911005348, 0.0438995920122, 0.130680978298, 0.297480165958, 0.845926761627, 1.54185318947, 2.08925938606, 3.29651761055, 3.59108519554, 3.39637446404, 5.50437164307, 10.743062973, 12.9079341888, 13.8011474609, 12.9306364059, 11.5109853745, 15.8278503418, 16.123922348, 25.269947052, 22.0628890991, 20.2549953461, 18.5049819946, 17.2870616913, 17.4484081268, 16.9301433563, 14.2423095703, 12.0293197632, 8.65484142303, 5.66044569016, 3.71184802055, 2.67992591858, 2.0330953598, 0.976322114468, 0.386406511068, 0.14757668972, 0.0354536697268, 0.00427636876702, 0.000176558402018, 2.34561994148e-05, 2.38220418396e-05],
        "min": [4.36939673992e-23, 3.19568385742e-22, 1.17728450389e-21, 2.93004255852e-21, 5.62556810427e-21, 1.29266592017e-20, 2.12341948445e-20, 3.47349715135e-20, 5.73829925083e-20, 8.1242564913e-20, 1.73952192486e-19, 2.32526157055e-19, 3.74476217982e-19, 4.44281240243e-19, 5.43784708982e-19, 6.48482458378e-19, 1.04596357732e-18, 1.32164726245e-18, 1.8543958311e-18, 2.76481459472e-18, 2.48448494628e-18, 3.01116262961e-18, 4.33509353094e-18, 5.9867858578e-18, 4.70630944239e-18, 7.06985562003e-18, 7.46313119764e-18, 9.04525556703e-18, 9.19528131473e-18, 8.69156471763e-18, 1.06102589521e-17, 9.40711234344e-18, 9.22549408661e-18, 7.54632736929e-18, 6.04343656282e-18, 3.90325396599e-18, 1.9562132859e-18, 8.18428162793e-19, 2.22905710489e-19, 2.39119820513e-20],
        "var": [0.000682895770296, 0.13818153739, 1.14882075787, 1.30218660831, 16.2718925476, 48.1541213989, 170.889938354, 300.539794922, 521.130493164, 2716.34545898, 2268.83520508, 5721.92529297, 9993.4765625, 8861.93164062, 5559.69628906, 3227.06884766, 2657.7331543, 4428.09765625, 4998.72021484, 6506.27929688, 6381.53955078, 3350.92822266, 1680.08325195, 2747.51611328, 1222.0402832, 1189.62890625, 1854.08203125, 1522.16882324, 1364.1204834, 700.560546875, 367.690673828, 137.914016724, 33.9860038757, 18.2412128448, 1.88477814198, 0.0997936874628, 0.00344025669619, 2.4012522772e-05, 1.01720205592e-08, 4.5553952277e-10]
    },
    "gfcc": {
        "mean": [-105.488876343, 55.3447380066, -144.097763062, 34.4914550781, -67.4741897583, 17.6959762573, -37.0656089783, 8.90609073639, -21.4883670807, 2.3614563942, -13.9243497849, -1.18679916859, -2.35627937317],
        "cov": [[123473.65625, 6217.90625, -16744.1542969, 4241.9375, -8033.68994141, 2047.97351074, -4391.38720703, 1047.69189453, -2557.55029297, 262.885375977, -1695.67590332, -142.751419067, -279.926361084], [6217.90625, 1018.5748291, -847.21484375, 191.516326904, -310.560516357, 29.2456569672, -209.40574646, 35.3943214417, -156.469329834, -19.1879367828, -29.9526557922, -73.973274231, -29.5057811737], [-16744.1542969, -847.21484375, 3048.43310547, -396.951751709, 1102.22094727, -263.485046387, 491.993469238, -163.889602661, 253.295440674, -2.50117397308, 153.559066772, 61.9362564087, -53.3043060303], [4241.9375, 191.516326904, -396.951751709, 386.321289062, -249.245681763, 83.2872238159, -180.262512207, 22.7402000427, -84.3416213989, -9.21877765656, -70.7895507812, -6.33150100708, 5.591984272], [-8033.68994141, -310.560516357, 1102.22094727, -249.245681763, 728.61932373, -98.4444503784, 304.080505371, -27.0712738037, 147.002487183, -12.1346092224, 103.526374817, -4.61489725113, -8.97822666168], [2047.97351074, 29.2456569672, -263.485046387, 83.2872238159, -98.4444503784, 187.197906494, -10.2651672363, 13.2536478043, -57.5124473572, 3.90113973618, -39.7924613953, -4.76392650604, -11.5665664673], [-4391.38720703, -209.40574646, 491.993469238, -180.262512207, 304.080505371, -10.2651672363, 314.434295654, -19.7102928162, 76.3037338257, -20.3729400635, 66.1887893677, -14.8856163025, 16.4577884674], [1047.69189453, 35.3943214417, -163.889602661, 22.7402000427, -27.0712738037, 13.2536478043, -19.7102928162, 114.091026306, 11.5034942627, -1.23589587212, -23.381772995, -6.32737588882, -1.07414269447], [-2557.55029297, -156.469329834, 253.295440674, -84.3416213989, 147.002487183, -57.5124473572, 76.3037338257, 11.5034942627, 185.585266113, 6.28876876831, 34.853931427, 7.72270107269, 30.247674942], [262.885375977, -19.1879367828, -2.50117397308, -9.21877765656, -12.1346092224, 3.90113973618, -20.3729400635, -1.23589587212, 6.28876876831, 76.8125915527, 14.0323705673, 13.5975875854, -14.5640821457], [-1695.67590332, -29.9526557922, 153.559066772, -70.7895507812, 103.526374817, -39.7924613953, 66.1887893677, -23.381772995, 34.853931427, 14.0323705673, 113.29914093, 12.3210697174, 19.9522533417], [-142.751419067, -73.973274231, 61.9362564087, -6.33150100708, -4.61489725113, -4.76392650604, -14.8856163025, -6.32737588882, 7.72270107269, 13.5975875854, 12.3210697174, 74.6934890747, 9.86491584778], [-279.926361084, -29.5057811737, -53.3043060303, 5.591984272, -8.97822666168, -11.5665664673, 16.4577884674, -1.07414269447, 30.247674942, -14.5640821457, 19.9522533417, 9.86491584778, 79.984703064]],
        "icov": [[0.000342906103469, -0.000495083630085, 0.000867908704095, -0.000957345997449, 0.00107758888043, -0.000740903255064, 0.00080108223483, -0.00101870542858, 0.0010874242289, -0.000987315666862, 0.00104230339639, -0.00074534106534, 0.000739006791264], [-0.000495083630085, 0.00233743339777, -0.00085034564836, 0.00101689959411, -0.00173360353801, 0.00159812218044, -0.000683551130351, 0.00143426109571, -0.000832710240502, 0.00187426863704, -0.00232748198323, 0.00231657642871, -0.000360719655873], [0.000867908704095, -0.00085034564836, 0.00327818305232, -0.00278981798328, 0.00148518860806, -0.000929801084567, 0.00156783650164, -0.00152250891551, 0.00265234778635, -0.0024692711886, 0.00292251282372, -0.00261652446352, 0.00293374340981], [-0.000957345997449, 0.00101689959411, -0.00278981798328, 0.00711828190833, -0.00243419618346, 0.00026846586843, -0.000103184567706, 0.00237872870639, -0.00259210448712, 0.00335304858163, -0.00221612374298, 0.00265328306705, -0.00369709939696], [0.00107758888043, -0.00173360353801, 0.00148518860806, -0.00243419618346, 0.00773410033435, -0.00252440408804, 0.000923183164559, -0.00439600553364, 0.00257016392425, -0.00261943764053, 0.00193432276137, -0.00144363287836, 0.00279245246202], [-0.000740903255064, 0.00159812218044, -0.000929801084567, 0.00026846586843, -0.00252440408804, 0.00969589874148, -0.00438955146819, 0.0024875709787, -0.000787749362644, 0.000897584948689, -0.000377605872927, 0.000755575776566, -0.000124146055896], [0.00080108223483, -0.000683551130351, 0.00156783650164, -0.000103184567706, 0.000923183164559, -0.00438955146819, 0.0095713082701, -0.00261125457473, 0.00233782920986, -0.000422625831561, 0.000364751089364, 0.000794470077381, -8.21430003271e-05], [-0.00101870542858, 0.00143426109571, -0.00152250891551, 0.00237872870639, -0.00439600553364, 0.0024875709787, -0.00261125457473, 0.0136739201844, -0.00499701919034, 0.00280699809082, -0.000865897687618, 0.00177379255183, -0.00123181322124], [0.0010874242289, -0.000832710240502, 0.00265234778635, -0.00259210448712, 0.00257016392425, -0.000787749362644, 0.00233782920986, -0.00499701919034, 0.011706690304, -0.00450848089531, 0.00310046900995, -0.00181990198325, -0.000723185366951], [-0.000987315666862, 0.00187426863704, -0.0024692711886, 0.00335304858163, -0.00261943764053, 0.000897584948689, -0.000422625831561, 0.00280699809082, -0.00450848089531, 0.0185738392174, -0.00660130893812, 0.000257205916569, 0.00201842840761], [0.00104230339639, -0.00232748198323, 0.00292251282372, -0.00221612374298, 0.00193432276137, -0.000377605872927, 0.000364751089364, -0.000865897687618, 0.00310046900995, -0.00660130893812, 0.0167119689286, -0.00457138940692, -0.00101186707616], [-0.00074534106534, 0.00231657642871, -0.00261652446352, 0.00265328306705, -0.00144363287836, 0.000755575776566, 0.000794470077381, 0.00177379255183, -0.00181990198325, 0.000257205916569, -0.00457138940692, 0.0183789115399, -0.00426696892828], [0.000739006791264, -0.000360719655873, 0.00293374340981, -0.00369709939696, 0.00279245246202, -0.000124146055896, -8.21430003271e-05, -0.00123181322124, -0.000723185366951, 0.00201842840761, -0.00101186707616, -0.00426696892828, 0.0188848245889]]
    },
    "melbands": {
        "dmean": [0.000115745489893, 0.000179983413545, 0.000101820267446, 0.000161149961059, 0.000126271625049, 0.000124512851471, 0.000105364364572, 8.95154953469e-05, 0.000113931273518, 0.00015674973838, 0.00013348221546, 0.000106088504253, 7.25400823285e-05, 5.70644187974e-05, 3.91538997064e-05, 4.23270139436e-05, 3.8179296098e-05, 4.76700952277e-05, 3.9160324377e-05, 3.83277256333e-05, 3.07967638946e-05, 2.03143463295e-05, 1.93987707462e-05, 1.28916626636e-05, 1.34729361889e-05, 1.19924307e-05, 8.82149197423e-06, 8.99616406969e-06, 9.32747661864e-06, 7.56630515752e-06, 6.5465701482e-06, 5.764434718e-06, 4.09903941545e-06, 2.95748714052e-06, 2.50175094152e-06, 1.9113297185e-06, 1.69942529737e-06, 1.07668699911e-06, 7.13359384008e-07, 5.20252910974e-07],
        "dmean2": [0.000190447273781, 0.000299650942907, 0.000169833001564, 0.000274635793176, 0.000206828583032, 0.000199439935386, 0.000170046274434, 0.000134006739245, 0.00018044958415, 0.000247168442002, 0.000208763871342, 0.000162558120792, 0.000111809960799, 8.97155914572e-05, 6.20374703431e-05, 6.67312124278e-05, 5.96853351453e-05, 7.68663594499e-05, 6.22023799224e-05, 6.09347553109e-05, 4.94485284435e-05, 3.22229643643e-05, 3.10307805194e-05, 2.05194610317e-05, 2.15551644942e-05, 1.89418096852e-05, 1.38981586133e-05, 1.44068244481e-05, 1.46651545947e-05, 1.1741473827e-05, 9.90823264146e-06, 8.71617885423e-06, 6.08164418736e-06, 4.42028112957e-06, 3.73297757505e-06, 2.90098387268e-06, 2.56358021034e-06, 1.60786044034e-06, 1.0607719787e-06, 7.78219316544e-07],
        "dvar": [9.6629499069e-08, 3.51438956159e-07, 5.1263079115e-08, 2.13584073094e-07, 8.97801228916e-08, 7.87087586218e-08, 7.00238302898e-08, 1.13389724277e-07, 1.4218267097e-07, 1.74649628093e-07, 1.39688125955e-07, 7.4962663632e-08, 3.40633192764e-08, 2.29871215396e-08, 9.78060477053e-09, 7.23405557679e-09, 7.34777216849e-09, 1.030700858e-08, 6.63298971304e-09, 7.04187330669e-09, 4.56323645537e-09, 1.73906622436e-09, 1.98139860075e-09, 7.9735851255e-10, 1.05257813576e-09, 4.45944531302e-10, 2.27168187039e-10, 3.31760091621e-10, 4.60162213889e-10, 2.90046653362e-10, 3.15671322415e-10, 2.47201897841e-10, 1.29027941109e-10, 1.08102048146e-10, 6.80246137197e-11, 3.4135777538e-11, 2.80829057925e-11, 1.10009302015e-11, 1.00366442587e-11, 1.34276149227e-11],
        "dvar2": [2.46729428e-07, 9.14464862944e-07, 1.38021292173e-07, 5.85193333791e-07, 2.14418051314e-07, 1.8631966725e-07, 1.71096971258e-07, 2.02618963385e-07, 3.40652036357e-07, 4.36976392848e-07, 3.215549782e-07, 1.69023564922e-07, 7.76786137635e-08, 5.32554622623e-08, 2.50321594564e-08, 1.67729190537e-08, 1.66374842792e-08, 2.44003857119e-08, 1.53351820131e-08, 1.75913168476e-08, 1.12542792863e-08, 4.07876665776e-09, 4.43163727937e-09, 1.88575888238e-09, 2.66741184696e-09, 1.07778985736e-09, 5.17473952577e-10, 8.114943717e-10, 1.09754638711e-09, 6.95701274367e-10, 7.24692861276e-10, 5.40262501403e-10, 2.57280280413e-10, 2.28421531689e-10, 1.27467536526e-10, 7.38256886179e-11, 6.03226704698e-11, 2.35011402699e-11, 2.05845236689e-11, 3.35391402151e-11],
        "max": [0.00859285145998, 0.0247299615294, 0.0057893707417, 0.00975327938795, 0.00778016168624, 0.00587415928021, 0.00835190527141, 0.0173889547586, 0.0120097873732, 0.00721416110173, 0.00903862528503, 0.0072331763804, 0.00409856438637, 0.00442636338994, 0.00499789789319, 0.00198350497521, 0.00202524079941, 0.00258529675193, 0.00171703193337, 0.00161594641395, 0.00202873535454, 0.00111677451059, 0.00200531980954, 0.000973942747805, 0.00200708722696, 0.000638259225525, 0.000336520140991, 0.000427948078141, 0.000581810891163, 0.000712187262252, 0.000679584161844, 0.000777174020186, 0.000384462822694, 0.000390715635149, 0.000304895889712, 0.000192808394786, 0.000148496110342, 9.62302801781e-05, 0.000205510092201, 0.000223860581173],
        "mean": [0.000141752068885, 0.000207286386285, 0.000146505655721, 0.000200648632017, 0.000195789340069, 0.00019449305546, 0.00017111597117, 0.000141479511512, 0.000160463023349, 0.000227486074436, 0.000210544065339, 0.000177452369826, 0.000113547772344, 9.23441402847e-05, 6.19639322395e-05, 7.17839648132e-05, 6.53097449685e-05, 7.52070554881e-05, 6.56891788822e-05, 6.55805124552e-05, 5.51753109903e-05, 3.69274530385e-05, 3.39605976478e-05, 2.28162462008e-05, 2.46314339165e-05, 2.30562072829e-05, 1.71971096279e-05, 1.60546642292e-05, 1.74017677637e-05, 1.41191021612e-05, 1.20593158499e-05, 1.08509311758e-05, 7.47548301661e-06, 5.23736662217e-06, 4.47713500762e-06, 3.44393515661e-06, 2.99407292914e-06, 1.85072599379e-06, 1.18183936593e-06, 7.67216420172e-07],
        "median": [5.24090428371e-05, 7.20220414223e-05, 6.92929170327e-05, 9.09298687475e-05, 7.83180148574e-05, 7.43662967579e-05, 5.43034693692e-05, 3.46678971255e-05, 4.3906042265e-05, 6.46649787086e-05, 5.71665332245e-05, 5.18888118677e-05, 3.57730423275e-05, 2.98041286442e-05, 2.65228518401e-05, 3.13551863655e-05, 2.53653252003e-05, 3.66188469343e-05, 2.7193038477e-05, 2.49946715485e-05, 1.9965451429e-05, 1.66359877767e-05, 1.61101288541e-05, 1.29179761643e-05, 1.26255081341e-05, 1.25884489535e-05, 9.90275839285e-06, 8.08179265732e-06, 7.04014701114e-06, 5.63134381082e-06, 4.23420578954e-06, 3.24073380398e-06, 2.36884397964e-06, 1.80371057468e-06, 1.48739820816e-06, 1.2766610098e-06, 1.15288344205e-06, 7.04150068032e-07, 4.2071346229e-07, 2.63749797114e-07],
        "min": [7.56265961478e-25, 3.86423267903e-25, 9.74446152416e-25, 4.10905566097e-25, 9.40647111109e-25, 7.97918310312e-25, 6.89247543718e-25, 6.26222882202e-25, 1.37483940739e-24, 1.34782013253e-24, 1.15589540188e-24, 1.53996791359e-24, 1.54861678734e-24, 1.17612209132e-24, 1.42937701025e-24, 1.80886574707e-24, 1.59573466035e-24, 2.2946967796e-24, 2.79474288843e-24, 1.91308078075e-24, 2.70937847494e-24, 2.83998130033e-24, 3.10447512058e-24, 3.68728457128e-24, 3.71356310576e-24, 3.22861283643e-24, 3.59699352422e-24, 4.11123932656e-24, 3.72705578268e-24, 3.48055607689e-24, 4.39408737628e-24, 4.28892393458e-24, 4.20630534868e-24, 4.41371739105e-24, 4.63484890785e-24, 4.69754796702e-24, 4.66748329464e-24, 5.65055859928e-24, 5.05393796906e-24, 5.5963394004e-24],
        "var": [9.5388088539e-08, 2.92429632509e-07, 5.95591167496e-08, 1.80439712949e-07, 1.6382162471e-07, 1.38269200534e-07, 1.32879719672e-07, 2.86432566554e-07, 1.9233942794e-07, 2.38165370092e-07, 2.69181612111e-07, 1.75544286662e-07, 7.15316161859e-08, 5.17835978542e-08, 1.37255931065e-08, 1.5199121961e-08, 1.69785270288e-08, 1.7254251361e-08, 1.34835751453e-08, 1.35242164134e-08, 9.93240778513e-09, 4.00123179034e-09, 3.64006469411e-09, 1.30059152337e-09, 2.20670837159e-09, 9.96664084596e-10, 5.69297831099e-10, 6.01964367242e-10, 9.19893827778e-10, 5.85210324644e-10, 5.85241577422e-10, 5.53492751632e-10, 2.9613661523e-10, 2.04014222183e-10, 1.51427675954e-10, 6.32352642471e-11, 5.01179167611e-11, 1.98418885489e-11, 1.42016051696e-11, 1.22673069619e-11]
    },
    "mfcc": {
        "mean": [-665.297546387, 71.6266555786, -22.2579269409, 11.7308082581, -7.96031904221, 3.16498351097, -4.5300412178, 1.32014226913, -0.650372385979, 2.64617347717, -4.91086292267, -1.79292738438, -4.2293715477],
        "cov": [[27885.8359375, 3429.8293457, -1187.90332031, 731.160217285, -509.117889404, 147.270935059, -301.734741211, 71.3051147461, -6.91457986832, 149.854217529, -329.609100342, -92.0824661255, -248.02507019], [3429.8293457, 1251.26538086, -216.745193481, 133.796966553, -11.2526035309, -22.3792915344, 38.4730873108, -12.6987247467, -61.6484107971, 36.5307655334, -18.7014579773, -4.89675664902, -23.496181488], [-1187.90332031, -216.745193481, 665.754943848, 111.644996643, 90.1081161499, 49.5227050781, -21.1886367798, -30.5648288727, -33.5802001953, -69.596031189, 8.41934108734, -11.1509656906, -11.6560306549], [731.160217285, 133.796966553, 111.644996643, 229.999511719, 70.5415420532, -2.92105722427, -6.98754119873, -8.66676616669, -8.09906387329, -4.45309972763, -34.1608352661, 0.552477002144, -4.49744987488], [-509.117889404, -11.2526035309, 90.1081161499, 70.5415420532, 205.203903198, 0.512298345566, 0.946241140366, 7.7332201004, 5.94596529007, 9.95215511322, -4.3970580101, 4.34132862091, 25.7073898315], [147.270935059, -22.3792915344, 49.5227050781, -2.92105722427, 0.512298345566, 152.165634155, 46.6145057678, 10.2724094391, 6.96797609329, -14.8952903748, 19.7530174255, -15.4921722412, -17.6031608582], [-301.734741211, 38.4730873108, -21.1886367798, -6.98754119873, 0.946241140366, 46.6145057678, 192.847671509, 22.241437912, -16.9244327545, 16.310174942, 2.68799686432, -14.3191785812, -15.5382890701], [71.3051147461, -12.6987247467, -30.5648288727, -8.66676616669, 7.7332201004, 10.2724094391, 22.241437912, 91.8460006714, 38.1487197876, 8.43806362152, 0.74603754282, -8.23058891296, 0.545450687408], [-6.91457986832, -61.6484107971, -33.5802001953, -8.09906387329, 5.94596529007, 6.96797609329, -16.9244327545, 38.1487197876, 104.370780945, 22.0325508118, 6.97804450989, -6.39611530304, -8.10890960693], [149.854217529, 36.5307655334, -69.596031189, -4.45309972763, 9.95215511322, -14.8952903748, 16.310174942, 8.43806362152, 22.0325508118, 85.6870040894, 5.56228351593, 1.07518184185, -1.79743731022], [-329.609100342, -18.7014579773, 8.41934108734, -34.1608352661, -4.3970580101, 19.7530174255, 2.68799686432, 0.74603754282, 6.97804450989, 5.56228351593, 84.9067077637, 9.47116470337, 2.13547945023], [-92.0824661255, -4.89675664902, -11.1509656906, 0.552477002144, 4.34132862091, -15.4921722412, -14.3191785812, -8.23058891296, -6.39611530304, 1.07518184185, 9.47116470337, 73.7544555664, 24.3372859955], [-248.02507019, -23.496181488, -11.6560306549, -4.49744987488, 25.7073898315, -17.6031608582, -15.5382890701, 0.545450687408, -8.10890960693, -1.79743731022, 2.13547945023, 24.3372859955, 71.4035873413]],
