{
"lowlevel": {
    "average_loudness": 0.931431591511,
    "barkbands_crest": {
        "dmean": 2.15311694145,
        "dmean2": 3.56992149353,
        "dvar": 4.44835090637,
        "dvar2": 11.4335212708,
        "max": 24.6265335083,
        "mean": 6.96647357941,
        "median": 6.3833732605,
        "min": 2.00930905342,
        "var": 8.89736747742
    },
    "barkbands_flatness_db": {
        "dmean": 0.0152410641313,
        "dmean2": 0.0241131447256,
        "dvar": 0.000198558773263,
        "dvar2": 0.000475104956422,
        "max": 0.319958329201,
        "mean": 0.0953633859754,
        "median": 0.0878732800484,
        "min": 0.0235597956926,
        "var": 0.00103867508005
    },
    "barkbands_kurtosis": {
        "dmean": 1.13753783703,
        "dmean2": 1.78798282146,
        "dvar": 3.61701536179,
        "dvar2": 8.1255607605,
        "max": 37.6334152222,
        "mean": 0.923458337784,
        "median": -0.211382269859,
        "min": -1.8540648222,
        "var": 9.57268333435
    },
    "barkbands_skewness": {
        "dmean": 0.39727550745,
        "dmean2": 0.61466127634,
        "dvar": 0.174851760268,
        "dvar2": 0.401930630207,
        "max": 5.87860918045,
        "mean": 0.455388963223,
        "median": 0.466005682945,
        "min": -2.96207380295,
        "var": 1.35125565529
    },
    "barkbands_spread": {
        "dmean": 6.47929859161,
        "dmean2": 9.89869880676,
        "dvar": 50.8050231934,
        "dvar2": 115.372940063,
        "max": 103.360290527,
        "mean": 31.1613006592,
        "median": 29.6113967896,
        "min": 1.55054080486,
        "var": 178.477493286
    },
    "dissonance": {
        "dmean": 0.0123458821326,
        "dmean2": 0.020788077265,
        "dvar": 0.000167203717865,
        "dvar2": 0.00044276699191,
        "max": 0.500000119209,
        "mean": 0.479221582413,
        "median": 0.48424372077,
        "min": 0.213033303618,
        "var": 0.000372227834305
    },
    "dynamic_complexity": 2.76210474968,
    "erbbands_crest": {
        "dmean": 2.18863129616,
        "dmean2": 3.63998389244,
        "dvar": 5.13332176208,
        "dvar2": 13.0589637756,
        "max": 29.0253887177,
        "mean": 6.9419093132,
        "median": 6.0946521759,
        "min": 2.31465744972,
        "var": 11.6942119598
    },
    "erbbands_flatness_db": {
        "dmean": 0.014612310566,
        "dmean2": 0.0212381444871,
        "dvar": 0.000188097401406,
        "dvar2": 0.000358644057997,
        "max": 0.367518156767,
        "mean": 0.145379647613,
        "median": 0.139677599072,
        "min": 0.0520777590573,
        "var": 0.00197935663164
    },
    "erbbands_kurtosis": {
        "dmean": 0.559302508831,
        "dmean2": 0.901613533497,
        "dvar": 0.560868620872,
        "dvar2": 1.29405474663,
        "max": 18.560760498,
        "mean": -0.23939050734,
        "median": -0.458911538124,
        "min": -1.83066391945,
        "var": 1.28213202953
    },
    "erbbands_skewness": {
        "dmean": 0.30189114809,
        "dmean2": 0.469944179058,
        "dvar": 0.0825571641326,
        "dvar2": 0.190271124244,
        "max": 3.27706766129,
        "mean": -0.0201143249869,
        "median": -0.0729073956609,
        "min": -2.59489989281,
        "var": 0.387303382158
    },
    "erbbands_spread": {
        "dmean": 7.55122613907,
        "dmean2": 11.3607730865,
        "dvar": 65.1194229126,
        "dvar2": 137.410995483,
        "max": 141.233032227,
        "mean": 41.1404151917,
        "median": 38.1279983521,
        "min": 3.06073689461,
        "var": 276.437255859
    },
    "hfc": {
        "dmean": 8.82614803314,
        "dmean2": 12.2180957794,
        "dvar": 168.479736328,
        "dvar2": 335.822814941,
        "max": 287.831115723,
        "mean": 23.5114574432,
        "median": 16.4085941315,
        "min": 1.01139790396e-16,
        "var": 541.009338379
    },
    "melbands_crest": {
        "dmean": 2.9384829998,
        "dmean2": 4.92713832855,
        "dvar": 8.94365692139,
        "dvar2": 23.3053817749,
        "max": 34.5494804382,
        "mean": 9.25802326202,
        "median": 8.58099937439,
        "min": 1.55023992062,
        "var": 22.4297847748
    },
    "melbands_flatness_db": {
        "dmean": 0.0190230440348,
        "dmean2": 0.0295981206,
        "dvar": 0.000450405757874,
        "dvar2": 0.00106239120942,
        "max": 0.361329138279,
        "mean": 0.108897179365,
        "median": 0.103701114655,
        "min": 0.00253307889216,
        "var": 0.00333948712796
    },
    "melbands_kurtosis": {
        "dmean": 3.19439315796,
        "dmean2": 5.03595495224,
        "dvar": 37.8921699524,
        "dvar2": 89.9730987549,
        "max": 115.151428223,
        "mean": 5.03368520737,
        "median": 2.05069756508,
        "min": -1.6946593523,
        "var": 78.1504211426
    },
    "melbands_skewness": {
        "dmean": 0.522776901722,
        "dmean2": 0.804403245449,
        "dvar": 0.381376951933,
        "dvar2": 0.871988236904,
        "max": 9.99909877777,
        "mean": 1.60839080811,
        "median": 1.40963840485,
        "min": -0.756648600101,
        "var": 1.61758506298
    },
    "melbands_spread": {
        "dmean": 11.3590211868,
        "dmean2": 18.2402553558,
        "dvar": 181.084564209,
        "dvar2": 450.081817627,
        "max": 222.396514893,
        "mean": 51.5252151489,
        "median": 43.2245178223,
        "min": 2.20880556107,
        "var": 1262.90588379
    },
    "pitch_salience": {
        "dmean": 0.0602232143283,
        "dmean2": 0.0988438501954,
        "dvar": 0.00364256650209,
        "dvar2": 0.00950739625841,
        "max": 0.932987034321,
        "mean": 0.658402204514,
        "median": 0.659749150276,
        "min": 0.122900061309,
        "var": 0.00939886644483
    },
    "silence_rate_20dB": {
        "dmean": 0,
        "dmean2": 0,
        "dvar": 0,
        "dvar2": 0,
        "max": 1,
        "mean": 1,
        "median": 1,
        "min": 1,
        "var": 0
    },
    "silence_rate_30dB": {
        "dmean": 0.000224492090638,
        "dmean2": 0.00044903458911,
        "dvar": 0.000224398638238,
        "dvar2": 0.000448864360806,
        "max": 1,
        "mean": 0.999775528908,
        "median": 1,
        "min": 0,
        "var": 0.000224373448873
    },
    "silence_rate_60dB": {
        "dmean": 0.0226737000048,
        "dmean2": 0.0453524924815,
        "dvar": 0.0221599284559,
        "dvar2": 0.0529451221228,
        "max": 1,
        "mean": 0.172166109085,
        "median": 0,
        "min": 0,
        "var": 0.142541065812
    },
    "spectral_centroid": {
        "dmean": 300.145050049,
        "dmean2": 468.765197754,
        "dvar": 99153.1953125,
        "dvar2": 226107.359375,
        "max": 11978.4365234,
        "mean": 3009.20849609,
        "median": 2252.0546875,
        "min": 346.383270264,
        "var": 8054722
    },
    "spectral_complexity": {
        "dmean": 4.56078100204,
        "dmean2": 6.43915557861,
        "dvar": 31.8507785797,
        "dvar2": 56.0948638916,
        "max": 70,
        "mean": 20.7469139099,
        "median": 20,
        "min": 0,
        "var": 186.934463501
    },
    "spectral_decrease": {
        "dmean": 1.30610955384e-09,
        "dmean2": 1.9446475541e-09,
        "dvar": 3.79079297145e-18,
        "dvar2": 8.12055697771e-18,
        "max": 2.46641329433e-28,
        "mean": -3.44112738304e-09,
        "median": -2.8500231064e-09,
        "min": -4.11359835084e-08,
        "var": 9.19732858675e-18
    },
    "spectral_energy": {
        "dmean": 0.00558655522764,
        "dmean2": 0.0081840865314,
        "dvar": 6.65025872877e-05,
        "dvar2": 0.000138812247314,
        "max": 0.171282425523,
        "mean": 0.0151202045381,
        "median": 0.0125024914742,
        "min": 9.70112090965e-21,
        "var": 0.000174470187631
    },
    "spectral_energyband_high": {
        "dmean": 0.00078264035983,
        "dmean2": 0.00110924628098,
        "dvar": 1.6910796603e-06,
        "dvar2": 3.57598969458e-06,
        "max": 0.0362592637539,
        "mean": 0.00173044716939,
        "median": 0.000959509168752,
        "min": 6.86916306941e-21,
        "var": 4.45676050731e-06
    },
    "spectral_energyband_low": {
        "dmean": 0.00132362521254,
        "dmean2": 0.00217629107647,
        "dvar": 1.49077113747e-05,
        "dvar2": 3.74932315026e-05,
        "max": 0.063893020153,
        "mean": 0.00184755725786,
        "median": 0.000822399510071,
        "min": 7.90340098304e-24,
        "var": 1.50338000822e-05
    },
    "spectral_energyband_middle_high": {
        "dmean": 0.00221253908239,
        "dmean2": 0.00323080760427,
        "dvar": 1.10938954094e-05,
        "dvar2": 2.39442742895e-05,
        "max": 0.0441099777818,
        "mean": 0.00560921104625,
        "median": 0.00317565910518,
        "min": 1.07463999288e-21,
        "var": 3.67042412108e-05
    },
    "spectral_energyband_middle_low": {
        "dmean": 0.0030945900362,
        "dmean2": 0.00483332108706,
        "dvar": 2.74345748039e-05,
        "dvar2": 6.50005822536e-05,
        "max": 0.109677195549,
        "mean": 0.00631088251248,
        "median": 0.00477580027655,
        "min": 1.18541560248e-22,
        "var": 4.68798243674e-05
    },
    "spectral_entropy": {
        "dmean": 0.102023094893,
        "dmean2": 0.149457335472,
        "dvar": 0.0117761511356,
        "dvar2": 0.0228404812515,
        "max": 9.82652568817,
        "mean": 8.09325885773,
        "median": 7.95250749588,
        "min": 6.17657136917,
        "var": 0.409525603056
    },
    "spectral_flux": {
        "dmean": 0.0179012641311,
        "dmean2": 0.0264666806906,
        "dvar": 0.000478368718177,
        "dvar2": 0.000893363554496,
        "max": 0.351964384317,
        "mean": 0.0691715627909,
        "median": 0.0665634423494,
        "min": 6.25301893598e-11,
        "var": 0.00185644463636
    },
    "spectral_kurtosis": {
        "dmean": 0.887522757053,
        "dmean2": 1.5008212328,
        "dvar": 2.09982872009,
        "dvar2": 6.58279371262,
        "max": 43.5823326111,
        "mean": 2.61837720871,
        "median": 2.32581305504,
        "min": -1.27761006355,
        "var": 7.84405088425
    },
    "spectral_rms": {
        "dmean": 0.000637547927909,
        "dmean2": 0.000907504290808,
        "dvar": 5.94869447923e-07,
        "dvar2": 1.13995736228e-06,
        "max": 0.012926902622,
        "mean": 0.00337082892656,
        "median": 0.00349249946885,
        "min": 3.07644404743e-12,
        "var": 3.38886729878e-06
    },
    "spectral_rolloff": {
        "dmean": 796.205810547,
        "dmean2": 1300.85974121,
        "dvar": 1280386.75,
        "dvar2": 2942706.25,
        "max": 19896.6796875,
        "mean": 4712.29296875,
        "median": 3229.98046875,
        "min": 64.599609375,
        "var": 26353186
    },
    "spectral_skewness": {
        "dmean": 0.144455194473,
        "dmean2": 0.233878985047,
        "dvar": 0.0250772982836,
        "dvar2": 0.0665459781885,
        "max": 4.88946247101,
        "mean": 1.06551599503,
        "median": 1.08952653408,
        "min": -0.0927113890648,
        "var": 0.255693107843
    },
    "spectral_spread": {
        "dmean": 556946.6875,
        "dmean2": 830700.25,
        "dvar": 672291487744,
        "dvar2": 1.46133077197e+12,
        "max": 49493608,
        "mean": 8538781,
        "median": 4713882,
        "min": 1445484.875,
        "var": 1.23410071945e+14
    },
    "spectral_strongpeak": {
        "dmean": 0.654356539249,
        "dmean2": 1.10086798668,
        "dvar": 1.36607408524,
        "dvar2": 3.54204177856,
        "max": 18.7408428192,
        "mean": 1.00341331959,
        "median": 0.457543313503,
        "min": 0,
        "var": 1.99472594261
    },
    "zerocrossingrate": {
        "dmean": 0.013049040921,
        "dmean2": 0.0160213038325,
        "dvar": 0.000224021423492,
        "dvar2": 0.000294695491903,
        "max": 0.82080078125,
        "mean": 0.143628388643,
        "median": 0.1044921875,
        "min": 0.015625,
        "var": 0.0166329480708
    },
    "barkbands": {
        "dmean": [5.27309857716e-05, 0.000715953065082, 0.000652595073916, 0.000423133256845, 0.00121151038911, 0.00089042232139, 0.000463882752229, 0.000604643078987, 0.000749055237975, 0.000620224978775, 0.000414046749938, 0.000404761725804, 0.000350165297277, 0.000405850441894, 0.000367351283785, 0.000228575707297, 0.000240679131821, 0.000269715936156, 0.000315494311508, 0.000257691455772, 0.000259593653027, 0.000240884895902, 8.00404814072e-05, 0.000198778259801, 4.66043311462e-05, 3.642491356e-05, 5.11368050127e-08],
        "dmean2": [9.11546230782e-05, 0.00121135904919, 0.0011130158091, 0.000716688984539, 0.00201995740645, 0.00139969983138, 0.000753251893912, 0.00100080051925, 0.00121439632494, 0.000995514215901, 0.000664250110276, 0.000646595784929, 0.00055842573056, 0.000654974428471, 0.000582933309488, 0.000368634297047, 0.000383665814297, 0.000422013370553, 0.000486842502141, 0.000387700652936, 0.000391657638829, 0.000358858931577, 0.000122206460219, 0.000318677979521, 6.62255915813e-05, 5.40096916666e-05, 9.1938737512e-08],
        "dvar": [1.0271849149e-08, 5.49146989215e-06, 3.88014404962e-06, 8.41230757942e-07, 8.67586732056e-06, 3.09779829877e-06, 1.60303920893e-06, 5.45799775864e-06, 3.07008144773e-06, 1.51448057295e-06, 1.11985752937e-06, 9.38910318382e-07, 7.09694404577e-07, 9.0168771294e-07, 7.51253423914e-07, 2.13107199443e-07, 2.00575755116e-07, 2.39689910586e-07, 4.04031794687e-07, 2.47862743663e-07, 2.18074248437e-07, 2.9100209531e-07, 2.70090581012e-08, 3.14273762569e-07, 1.21262457853e-08, 8.33621083274e-09, 1.11428132888e-13],
        "dvar2": [2.70215618769e-08, 1.4204272702e-05, 1.0385096175e-05, 2.35078869082e-06, 2.34262079175e-05, 7.34504374122e-06, 4.04397587772e-06, 1.42246553878e-05, 7.37546997698e-06, 3.70863108401e-06, 2.83577355731e-06, 2.21815366785e-06, 1.71832471096e-06, 2.25156918532e-06, 1.79620155905e-06, 5.04441686644e-07, 4.66353043294e-07, 5.61410445243e-07, 9.48681872615e-07, 5.43865724012e-07, 5.00192584241e-07, 6.3973362785e-07, 5.85734376557e-08, 8.12031373698e-07, 2.67829847189e-08, 1.77619643438e-08, 3.12511193139e-13],
        "max": [0.00426194723696, 0.049815569073, 0.0314817503095, 0.0192191712558, 0.0814845860004, 0.0468880943954, 0.0310702826828, 0.0609098337591, 0.0288207102567, 0.0237121656537, 0.0362063646317, 0.0349502004683, 0.0222035497427, 0.0190903302282, 0.0156234102324, 0.0106419334188, 0.00916489213705, 0.00824365299195, 0.0109263090417, 0.0127744087949, 0.0108226472512, 0.0139895537868, 0.0064741242677, 0.00844009406865, 0.0044712992385, 0.00163280742709, 1.45192498167e-05],
        "mean": [5.8434157836e-05, 0.000816943706013, 0.000725101970602, 0.000556933111511, 0.00174504274037, 0.00126887101214, 0.000735559326131, 0.000757784291636, 0.001005893806, 0.000921984901652, 0.000577284838073, 0.000617693294771, 0.000521062756889, 0.000566881790292, 0.000540220702533, 0.000360947946319, 0.000395179115003, 0.000460917479359, 0.000548868498299, 0.000480381160742, 0.000528092321474, 0.000426252168836, 0.000143814962939, 0.000231376077863, 8.24913367978e-05, 4.61509043816e-05, 3.85022644878e-08],
        "median": [2.6713241823e-05, 0.000269910611678, 0.000228579767281, 0.000265916140052, 0.000927346351091, 0.000550079508685, 0.00034151528962, 0.000235406303545, 0.000301845837384, 0.000300661311485, 0.000151206506416, 0.000185599405086, 0.000149534767843, 0.000174165237695, 0.00016159513325, 0.000157670860062, 0.000176831890712, 0.000215709849726, 0.000229985627811, 0.000183706375537, 0.000205331161851, 0.000181444178452, 7.23353441572e-05, 7.59742979426e-05, 3.06204419758e-05, 8.71915472089e-06, 1.06340158901e-09],
        "min": [8.66903900651e-26, 4.39204471958e-25, 4.17739468119e-25, 3.68184532604e-25, 2.91922040611e-24, 4.44234751988e-24, 5.23486006223e-24, 4.54060093449e-24, 5.84726619359e-24, 6.30712082538e-24, 6.22430462982e-24, 1.5168697113e-23, 1.47750776094e-23, 2.24233522982e-23, 2.35704680727e-23, 3.13593919277e-23, 4.29921052301e-23, 7.34291925419e-23, 8.80201594824e-23, 1.23183015866e-22, 1.86719009132e-22, 2.80490614635e-22, 3.46852673695e-22, 4.95558280718e-22, 7.78613690415e-22, 1.07589096219e-21, 1.73194454655e-21],
        "var": [1.39343327987e-08, 5.10005202159e-06, 3.07307777803e-06, 9.30874762162e-07, 8.60255568114e-06, 4.5308756853e-06, 1.84866257769e-06, 5.24733968632e-06, 4.41593920186e-06, 2.65933158516e-06, 1.68181190929e-06, 1.95991515284e-06, 1.38224436341e-06, 1.31949968818e-06, 1.2935564655e-06, 3.79536572837e-07, 3.89142314816e-07, 4.23643626846e-07, 7.59859119626e-07, 6.12596295468e-07, 5.82721156661e-07, 5.74028206302e-07, 5.021781746e-08, 2.82974411903e-07, 2.17980229422e-08, 1.12923306261e-08, 7.13398863096e-14]
    },
    "erbbands": {
        "dmean": [0.0146339712664, 0.191143631935, 0.733302891254, 0.992013216019, 3.21724224091, 4.2150759697, 4.41888237, 8.7103843689, 5.94663524628, 7.87379789352, 15.6268692017, 17.634721756, 16.6316375732, 19.1117534637, 15.7982854843, 16.5820045471, 17.097032547, 19.1151485443, 21.0804786682, 13.8352794647, 12.1526060104, 11.8174362183, 13.2238426208, 16.0303668976, 14.9102506638, 12.5865049362, 11.195400238, 10.0669689178, 8.78267383575, 5.01887321472, 1.99564361572, 3.93078947067, 2.60784816742, 0.58515304327, 0.326650679111, 0.179733261466, 0.0713225007057, 0.0052963946946, 0.000103458158264, 1.19434944281e-05],
        "dmean2": [0.0230204574764, 0.326251745224, 1.26099574566, 1.66837656498, 5.35085058212, 7.13878774643, 7.0603260994, 13.6836395264, 9.57489871979, 12.8697957993, 25.8099384308, 28.4026794434, 26.6776866913, 30.800699234, 25.0303764343, 26.3706760406, 26.9706363678, 30.681886673, 33.1530456543, 21.9915084839, 19.5924663544, 18.443655014, 20.6035556793, 24.5752506256, 22.8660335541, 18.9242954254, 16.9741802216, 15.0394134521, 13.2084817886, 7.54756879807, 3.04992628098, 6.29518556595, 4.14890241623, 0.850008368492, 0.469826608896, 0.264383673668, 0.107744015753, 0.00791845005006, 0.000152020977112, 1.65418477991e-05],
        "dvar": [0.00188573042396, 0.434849739075, 5.52546644211, 5.06945705414, 52.0880317688, 122.896957397, 85.8130111694, 316.184844971, 283.031219482, 538.166015625, 3481.78930664, 1756.1262207, 1236.78845215, 1939.83886719, 1620.86804199, 1698.375, 1825.23620605, 2359.76660156, 2343.09423828, 1017.23651123, 578.183044434, 500.748443604, 606.591003418, 1031.63500977, 948.687194824, 626.811401367, 392.334197998, 394.05255127, 473.797180176, 125.039413452, 16.0640239716, 115.959007263, 47.1032295227, 2.20150327682, 0.459012657404, 0.216368690133, 0.0290444716811, 0.00025011273101, 7.89178642435e-08, 3.80486392393e-10],
        "dvar2": [0.00354983471334, 1.15687417984, 14.7335519791, 13.732085228, 137.967880249, 335.3046875, 208.853179932, 742.656616211, 714.719604492, 1370.23120117, 9123.55859375, 4187.35546875, 2853.22192383, 5029.97314453, 4136.55419922, 4056.75537109, 4410.47167969, 5989.63964844, 5592.28857422, 2277.10375977, 1404.92614746, 1162.02209473, 1421.89660645, 2425.47460938, 2197.4855957, 1387.64892578, 913.3984375, 885.627258301, 1094.42358398, 263.658935547, 35.734046936, 297.35534668, 120.664138794, 5.1766295433, 0.91663312912, 0.466666460037, 0.0645315349102, 0.000535090395715, 1.64669714309e-07, 7.36022354175e-10],
        "max": [1.96996116638, 10.9804229736, 38.6040458679, 36.6981430054, 180.252700806, 305.23538208, 262.904724121, 578.744628906, 601.831420898, 698.792053223, 1315.71960449, 821.231140137, 631.128540039, 839.99395752, 1650.51574707, 1064.86962891, 1230.07556152, 1017.94744873, 952.007507324, 990.49041748, 681.138916016, 525.792907715, 479.152404785, 618.8125, 692.015869141, 591.738647461, 369.608215332, 479.716308594, 657.437316895, 365.206451416, 149.852813721, 157.058273315, 110.701148987, 69.0734481812, 11.5067396164, 7.97664785385, 2.74095821381, 0.302065342665, 0.00522582093254, 0.000316872843541],
        "mean": [0.0204287655652, 0.199390038848, 0.813692450523, 1.39549076557, 4.14123010635, 5.97226715088, 6.7918009758, 11.6118307114, 10.0227861404, 11.4845352173, 20.0044326782, 24.298412323, 24.5697250366, 29.9944801331, 24.8834075928, 26.2728176117, 27.0789470673, 28.7979297638, 32.0334739685, 22.1658325195, 20.8312625885, 20.6172180176, 23.4822292328, 28.5926971436, 26.5465831757, 24.0645065308, 22.9677371979, 19.6027374268, 15.7159318924, 8.53275871277, 3.70313024521, 4.69938182831, 3.20883870125, 1.02933490276, 0.540698170662, 0.250550895929, 0.0816960558295, 0.00590824848041, 0.000131203865749, 2.78945535683e-05],
        "median": [0.00672424770892, 0.0616174191236, 0.259481191635, 0.712044119835, 1.88609814644, 2.98007655144, 3.19137477875, 4.66624069214, 5.24291610718, 4.74618911743, 6.81199789047, 7.85569572449, 8.86087226868, 9.25194168091, 8.52618598938, 8.3559513092, 8.12850379944, 9.31795787811, 10.9585390091, 8.5461730957, 9.42497825623, 10.1360301971, 12.1882476807, 12.4548034668, 11.2997779846, 9.29874992371, 8.73027324677, 7.60238456726, 6.69480323792, 3.85897731781, 1.90830111504, 1.63385295868, 1.10791373253, 0.40450656414, 0.18460598588, 0.0566419512033, 0.0131146330386, 0.000661164987832, 3.32604395226e-05, 2.11296191992e-05],
        "min": [2.05299914624e-23, 2.77400930459e-22, 1.21143993441e-21, 1.7063788899e-21, 7.48071449837e-21, 7.03773181537e-21, 3.03854264393e-20, 4.0237483577e-20, 9.12981924918e-20, 1.18244357041e-19, 1.18813961365e-19, 2.76481449132e-19, 1.57040833829e-19, 4.52373961766e-19, 6.93380271063e-19, 7.70169618676e-19, 1.16445678648e-18, 1.38407106776e-18, 1.57498476673e-18, 1.88119937808e-18, 2.39996342449e-18, 2.68918836644e-18, 4.62051302848e-18, 4.02522836476e-18, 6.834853608e-18, 6.30323290012e-18, 8.05570849922e-18, 8.91843968014e-18, 9.22255924979e-18, 8.9833361351e-18, 1.07868421606e-17, 8.68528889833e-18, 8.07977780069e-18, 7.65762700225e-18, 5.54124818191e-18, 3.37744316794e-18, 2.11870423184e-18, 8.39940287092e-19, 2.41683098135e-19, 2.23466122123e-20],
        "var": [0.00322765531018, 0.343367695808, 4.27977561951, 5.45768928528, 53.1831207275, 117.783317566, 133.975875854, 435.796569824, 340.387542725, 566.640319824, 3364.72753906, 2630.44482422, 2109.27636719, 3397.35766602, 2486.14233398, 3271.0847168, 3758.83837891, 3598.93139648, 4027.44702148, 2039.12817383, 1080.19763184, 946.137268066, 1060.96789551, 1896.69604492, 1881.78613281, 1545.92211914, 1106.765625, 896.641784668, 823.952697754, 230.65423584, 31.1429042816, 106.129951477, 46.241809845, 3.63329815865, 0.886889517307, 0.308978408575, 0.0355865769088, 0.000298786413623, 1.00781171852e-07, 8.15332412696e-10]
    },
    "gfcc": {
        "mean": [-113.647514343, 56.3560218811, -124.342338562, 32.5431480408, -65.4757003784, 12.3762550354, -36.6354026794, 7.80660867691, -27.2806835175, 4.07481527328, -17.2393684387, 1.35919940472, -9.19695091248],
        "cov": [[130020.398438, 6445.453125, -14744.0917969, 4487.20947266, -8248.84472656, 1701.87719727, -4461.21337891, 1055.06298828, -3545.32299805, 569.253723145, -2221.73486328, 165.980789185, -1200.24084473], [6445.453125, 1142.89880371, -854.018920898, 160.557647705, -393.429077148, -88.1250152588, -253.211837769, -39.7481460571, -137.039489746, -38.2184181213, -68.9207382202, -34.2703590393, -27.1210002899], [-14744.0917969, -854.018920898, 2772.03295898, -207.974960327, 998.91784668, -125.526870728, 383.176544189, -56.2720985413, 370.558319092, -27.8793010712, 215.649932861, 53.4609184265, 35.3665657043], [4487.20947266, 160.557647705, -207.974960327, 477.450500488, -260.129272461, 110.189567566, -184.436660767, 45.8468017578, -140.746200562, 23.9185733795, -77.4097595215, 7.98948907852, -36.9870529175], [-8248.84472656, -393.429077148, 998.91784668, -260.129272461, 727.832641602, -95.9661483765, 286.747009277, -26.1310443878, 235.644088745, 6.63552713394, 134.706558228, -0.221881255507, 60.3553199768], [1701.87719727, -88.1250152588, -125.526870728, 110.189567566, -95.9661483765, 214.15524292, 7.7634100914, 38.8915710449, -60.8226737976, 6.46430015564, -22.7439842224, 8.70617294312, -37.2994232178], [-4461.21337891, -253.211837769, 383.176544189, -184.436660767, 286.747009277, 7.7634100914, 320.938079834, -4.58940839767, 96.7613754272, -22.7523441315, 92.0151977539, -23.310590744, 42.3197288513], [1055.06298828, -39.7481460571, -56.2720985413, 45.8468017578, -26.1310443878, 38.8915710449, -4.58940839767, 114.461601257, -1.11854791641, 34.8329162598, -24.4950237274, 5.12119245529, -24.1948127747], [-3545.32299805, -137.039489746, 370.558319092, -140.746200562, 235.644088745, -60.8226737976, 96.7613754272, -1.11854791641, 193.921630859, 4.34875202179, 55.0305137634, -1.00736773014, 37.0667877197], [569.253723145, -38.2184181213, -27.8793010712, 23.9185733795, 6.63552713394, 6.46430015564, -22.7523441315, 34.8329162598, 4.34875202179, 79.4514694214, 3.16893267632, 15.3016424179, -7.93536710739], [-2221.73486328, -68.9207382202, 215.649932861, -77.4097595215, 134.706558228, -22.7439842224, 92.0151977539, -24.4950237274, 55.0305137634, 3.16893267632, 96.9694137573, 9.78828239441, 29.2791614532], [165.980789185, -34.2703590393, 53.4609184265, 7.98948907852, -0.221881255507, 8.70617294312, -23.310590744, 5.12119245529, -1.00736773014, 15.3016424179, 9.78828239441, 69.9934310913, 8.76581382751], [-1200.24084473, -27.1210002899, 35.3665657043, -36.9870529175, 60.3553199768, -37.2994232178, 42.3197288513, -24.1948127747, 37.0667877197, -7.93536710739, 29.2791614532, 8.76581382751, 78.889289856]],
        "icov": [[0.000274987804005, -0.000520555593539, 0.000576807244215, -0.000527828990016, 0.000767307123169, -0.000610498071183, 0.000769043748733, -0.000971565023065, 0.00115551007912, -0.00107354158536, 0.0012413643999, -0.000917049648706, 0.000902769214008], [-0.000520555593539, 0.00251733791083, -0.000621407467406, 0.000480216200231, -0.00139104563277, 0.00225384323858, -0.000903190928511, 0.00211191386916, -0.00230754958466, 0.00310505786911, -0.00323933665641, 0.00200194958597, -0.000912249553949], [0.000576807244215, -0.000621407467406, 0.00227789254859, -0.00191445031669, 0.000535289756954, -0.000632658891845, 0.00144728634041, -0.00161583197769, 0.00160407170188, -0.001186510548, 0.00190056441352, -0.00292303832248, 0.00340904435143], [-0.000527828990016, 0.000480216200231, -0.00191445031669, 0.00523902801797, -0.000828708696645, -0.000985826714896, 0.000479639042169, 0.000509725534357, -0.000116121824249, 0.000895794248208, -0.00178410531953, 0.00314982281998, -0.00402709189802], [0.000767307123169, -0.00139104563277, 0.000535289756954, -0.000828708696645, 0.00670162728056, -0.00119316240307, 0.000399074342567, -0.00245711393654, 0.00157323945314, -0.00465721916407, 0.00306969601661, -0.00194366555661, 0.00177730957512], [-0.000610498071183, 0.00225384323858, -0.000632658891845, -0.000985826714896, -0.00119316240307, 0.0091515975073, -0.00409664260224, 0.00160779454745, -0.00225922139362, 0.00344391586259, -0.0030291012954, -6.14960736129e-05, 0.00177749700379], [0.000769043748733, -0.000903190928511, 0.00144728634041, 0.000479639042169, 0.000399074342567, -0.00409664260224, 0.0103710144758, -0.00511271925643, 0.00439428491518, -0.000543622474652, -0.00102276890539, 0.00127409794368, -0.000289137416985], [-0.000971565023065, 0.00211191386916, -0.00161583197769, 0.000509725534357, -0.00245711393654, 0.00160779454745, -0.00511271925643, 0.0162867046893, -0.00655235210434, -0.00118178466801, -0.000482476578327, 0.001612631022, 0.000245210248977], [0.00115551007912, -0.00230754958466, 0.00160407170188, -0.000116121824249, 0.00157323945314, -0.00225922139362, 0.00439428491518, -0.00655235210434, 0.0155383702368, -0.0051920521073, 0.00412091333419, -0.00210265535861, 0.000255791965174], [-0.00107354158536, 0.00310505786911, -0.001186510548, 0.000895794248208, -0.00465721916407, 0.00344391586259, -0.000543622474652, -0.00118178466801, -0.0051920521073, 0.0218974202871, -0.00900562293828, 0.000893729156815, -0.00130796071608], [0.0012413643999, -0.00323933665641, 0.00190056441352, -0.00178410531953, 0.00306969601661, -0.0030291012954, -0.00102276890539, -0.000482476578327, 0.00412091333419, -0.00900562293828, 0.0249421726912, -0.00733442930505, 0.00142002897337], [-0.000917049648706, 0.00200194958597, -0.00292303832248, 0.00314982281998, -0.00194366555661, -6.14960736129e-05, 0.00127409794368, 0.001612631022, -0.00210265535861, 0.000893729156815, -0.00733442930505, 0.0213978867978, -0.00778538733721], [0.000902769214008, -0.000912249553949, 0.00340904435143, -0.00402709189802, 0.00177730957512, 0.00177749700379, -0.000289137416985, 0.000245210248977, 0.000255791965174, -0.00130796071608, 0.00142002897337, -0.00778538733721, 0.0224781949073]]
    },
    "melbands": {
        "dmean": [0.00015968932712, 0.00033435120713, 0.00021811829356, 0.000293254212011, 0.000150442239828, 0.000184793854714, 9.21443715924e-05, 9.10700764507e-05, 0.000131191321998, 0.000108837841253, 8.4348503151e-05, 8.01915448392e-05, 5.83681066928e-05, 4.70499908261e-05, 3.75144372811e-05, 3.76722928195e-05, 3.68171458831e-05, 3.50881855411e-05, 2.32435613725e-05, 1.61703537742e-05, 1.58485981956e-05, 1.29239006128e-05, 1.41361606438e-05, 1.32659424708e-05, 1.40526944961e-05, 1.24659291032e-05, 9.05273645913e-06, 8.83641132532e-06, 7.96076710685e-06, 6.58944372844e-06, 6.41938322588e-06, 5.57996600037e-06, 4.35011179434e-06, 2.39445103034e-06, 1.26417558022e-06, 7.96694791916e-07, 3.73720581592e-06, 2.69699489763e-06, 6.33132401617e-07, 4.32823497931e-07],
        "dmean2": [0.000263503898168, 0.000570005737245, 0.000365630490705, 0.000493266968988, 0.000239755972871, 0.000290197291179, 0.000148515217006, 0.000149307015818, 0.000216090265894, 0.000175687921001, 0.000135680063977, 0.000129775784444, 9.3050119176e-05, 7.50486506149e-05, 5.98712795181e-05, 6.01315769018e-05, 5.97368016315e-05, 5.53252866666e-05, 3.6941441067e-05, 2.61422774201e-05, 2.58869549725e-05, 2.02656374313e-05, 2.26367264986e-05, 2.09727004403e-05, 2.17761480599e-05, 1.9501278075e-05, 1.40741685755e-05, 1.3558498722e-05, 1.22721776279e-05, 1.01818968687e-05, 9.79733886197e-06, 8.59219562699e-06, 6.53826418784e-06, 3.7179534047e-06, 1.97317194761e-06, 1.23668098695e-06, 6.0809934439e-06, 4.39963287135e-06, 9.54595861913e-07, 6.35293247342e-07],
        "dvar": [2.32749343354e-07, 1.20214872368e-06, 2.07478052516e-07, 5.3043885373e-07, 1.00699637073e-07, 1.40360668865e-07, 6.13010016082e-08, 7.968287008e-08, 2.12291894286e-07, 6.56767298324e-08, 3.2019144669e-08, 3.45039268268e-08, 2.36126371789e-08, 1.23026113741e-08, 8.09504463462e-09, 7.92733345634e-09, 9.1314626971e-09, 6.22133455863e-09, 2.90767454558e-09, 1.29856370101e-09, 1.03946606878e-09, 6.51239839833e-10, 7.19871107169e-10, 6.049041823e-10, 8.53837112125e-10, 7.14171888294e-10, 3.17737447464e-10, 3.32621624688e-10, 2.21411125545e-10, 1.71089462042e-10, 1.80342449307e-10, 1.86079041065e-10, 1.2070079658e-10, 2.76167543695e-11, 6.53000049866e-12, 3.78344274313e-12, 1.25101984327e-10, 6.05747049742e-11, 3.70629655438e-12, 1.05089233756e-12],
        "dvar2": [5.45863827028e-07, 3.1743704767e-06, 5.53057930119e-07, 1.4569071709e-06, 2.42047207166e-07, 3.29512289454e-07, 1.52632750883e-07, 2.03831618251e-07, 5.59498118946e-07, 1.56725761258e-07, 7.375887634e-08, 8.92854501444e-08, 5.99780989319e-08, 2.79501293221e-08, 1.97571790039e-08, 1.95063396546e-08, 2.30811192381e-08, 1.49207917133e-08, 6.97751012524e-09, 2.87286594514e-09, 2.5970008366e-09, 1.49849965769e-09, 1.76125869444e-09, 1.43453959822e-09, 2.03460182036e-09, 1.68894243036e-09, 7.45232708876e-10, 7.4902095637e-10, 5.30280930278e-10, 4.17534118391e-10, 4.10774275705e-10, 4.42360426067e-10, 2.58240928641e-10, 5.93554441708e-11, 1.47936645573e-11, 9.14948585645e-12, 3.24972937449e-10, 1.5902883177e-10, 9.25990707723e-12, 2.40341383947e-12],
        "max": [0.0158264134079, 0.0190235842019, 0.00816273968667, 0.0190124772489, 0.00857796240598, 0.0112917749211, 0.00771835865453, 0.00662114843726, 0.010317498818, 0.00447266176343, 0.00306723057292, 0.0034890063107, 0.00561078917235, 0.00529393414035, 0.00199117441662, 0.00217182119377, 0.00181850709487, 0.00162627082318, 0.00139765278436, 0.00105486123357, 0.000948404485825, 0.000764662458096, 0.000518675136846, 0.00053153000772, 0.000586089270655, 0.000528956297785, 0.000441828917246, 0.000417347386247, 0.000257385370787, 0.000367515312973, 0.000316258956445, 0.00039590257802, 0.000317037076456, 0.000174311659066, 8.23199588922e-05, 0.000101188838016, 0.000166345489561, 0.000124822705402, 0.000103882259282, 3.74843148165e-05],
        "mean": [0.000204631491215, 0.000371798989363, 0.000306464207824, 0.000404280523071, 0.000240444089286, 0.000252137455391, 0.000154073000886, 0.000128353189211, 0.000167200734722, 0.000147726837895, 0.000120271870401, 0.000121784534713, 8.61712760525e-05, 7.28488739696e-05, 5.73413090024e-05, 5.61292108614e-05, 5.21112415299e-05, 5.04959571117e-05, 3.51455564669e-05, 2.44337916229e-05, 2.55177328654e-05, 2.06629811146e-05, 2.25742587645e-05, 2.18231270992e-05, 2.33491791732e-05, 2.03220952244e-05, 1.60397794389e-05, 1.5715835616e-05, 1.48893923324e-05, 1.21817365653e-05, 1.12309353426e-05, 9.40570498642e-06, 6.95910239301e-06, 3.77591572942e-06, 2.20286483454e-06, 1.43323097745e-06, 3.93202162741e-06, 2.97267524729e-06, 1.05836238617e-06, 7.51294237489e-07],
        "median": [7.3155388236e-05, 0.000122396580991, 0.000161792981089, 0.000195301894564, 0.000121554985526, 0.000103192105598, 7.99991248641e-05, 5.20331741427e-05, 5.50822951482e-05, 4.43173157691e-05, 4.03339072363e-05, 3.49496367562e-05, 2.61455934378e-05, 2.18281984417e-05, 1.74557299033e-05, 1.61850530276e-05, 1.50368632603e-05, 1.61862208188e-05, 1.14677104648e-05, 9.57481279329e-06, 1.06341904029e-05, 9.11129063752e-06, 1.03489383037e-05, 9.7701431514e-06, 9.44104249356e-06, 8.0785521277e-06, 6.84024871589e-06, 5.38373478776e-06, 5.35271919944e-06, 4.393299605e-06, 4.0313534555e-06, 3.69555027646e-06, 2.75773254543e-06, 1.64000812219e-06, 1.06051447801e-06, 6.60175089706e-07, 1.07553307771e-06, 8.79250478647e-07, 3.84424566846e-07, 2.86043643882e-07],
        "min": [1.3563961599e-25, 5.04789332238e-25, 3.85383795749e-25, 4.47516650012e-25, 1.22443114429e-24, 8.60527242131e-25, 1.25275184244e-24, 9.91361598199e-25, 8.11485830413e-25, 1.20799000113e-24, 6.53387307473e-25, 1.38946419832e-24, 1.78273827945e-24, 1.50777874018e-24, 1.65454719906e-24, 2.0005118126e-24, 1.9651897767e-24, 2.17678810668e-24, 1.79375531364e-24, 2.58424659714e-24, 2.18074700513e-24, 2.0309030734e-24, 3.56341802638e-24, 3.07856380086e-24, 2.88813415885e-24, 3.96477664989e-24, 3.89822084974e-24, 3.47660467262e-24, 3.50261617768e-24, 4.41520123841e-24, 4.44227178923e-24, 4.5485084762e-24, 3.75296197481e-24, 4.78340324921e-24, 5.04271366167e-24, 5.06782468201e-24, 4.09149847684e-24, 5.15065389377e-24, 4.61914781482e-24, 5.1406034114e-24],
        "var": [2.87325264026e-07, 9.46718955674e-07, 2.33901374713e-07, 5.0444344879e-07, 1.55319725081e-07, 1.97502799892e-07, 7.60120073551e-08, 8.01017208119e-08, 2.06967001759e-07, 9.7630859841e-08, 5.37832427483e-08, 5.97741305342e-08, 3.62018184319e-08, 2.95683939555e-08, 1.3687971645e-08, 1.43215359572e-08, 1.31568800299e-08, 1.0138263562e-08, 5.14031572862e-09, 2.54468202066e-09, 1.82386228342e-09, 1.1884889739e-09, 1.20238752288e-09, 1.01557995347e-09, 1.45492162762e-09, 1.25441079746e-09, 6.44334141597e-10, 7.64279806109e-10, 5.43380562767e-10, 3.56303347937e-10, 3.56500357013e-10, 3.12254860857e-10, 2.22854373844e-10, 4.6241847157e-11, 1.25023212269e-11, 5.93155646128e-12, 1.05152775376e-10, 5.23526014207e-11, 5.32151709851e-12, 1.8413647343e-12]
    },
    "mfcc": {
        "mean": [-678.296569824, 78.7626342773, -10.7648906708, 16.994966507, -8.41025733948, 2.02094507217, -2.29637861252, -0.61311596632, -2.38547682762, -2.22503948212, -2.03478455544, -1.9846572876, -5.54717063904],
        "cov": [[29411.0078125, 3723.9909668, -290.161468506, 1195.89782715, -635.902709961, 200.705856323, 49.2678489685, -23.0062294006, -89.8544311523, -124.313850403, -79.8639144897, -148.492858887, -430.394592285], [3723.9909668, 1462.19372559, -183.885147095, 178.049072266, -51.5281066895, -57.1226348877, -98.0294494629, -47.7808799744, -55.0873603821, -45.25340271, -47.4505271912, 12.4545755386, -20.4370002747], [-290.161468506, -183.885147095, 793.811401367, 183.652328491, 173.18927002, 38.2756958008, -20.2178173065, 31.0281352997, -46.1763000488, -23.2462654114, -2.00900793076, 9.39312839508, -8.35433769226], [1195.89782715, 178.049072266, 183.652328491, 302.600006104, 86.1592407227, 6.80398130417, -7.44946098328, -23.8711109161, -9.03973865509, -4.24058532715, -27.3770999908, -14.7694854736, 3.36814594269], [-635.902709961, -51.5281066895, 173.18927002, 86.1592407227, 245.317886353, 18.840845108, -35.3008728027, -4.67972183228, 8.60625457764, 25.5175285339, -3.00322961807, 7.40079450607, 43.6036376953], [200.705856323, -57.1226348877, 38.2756958008, 6.80398130417, 18.840845108, 121.781990051, 51.2091827393, 27.4469490051, -6.10560655594, -8.09231281281, 15.3969812393, -5.18898153305, -18.6416053772], [49.2678489685, -98.0294494629, -20.2178173065, -7.44946098328, -35.3008728027, 51.2091827393, 175.922210693, 39.0338630676, 1.04629421234, 16.1820335388, 16.9455566406, 8.60225296021, -20.5631790161], [-23.0062294006, -47.7808799744, 31.0281352997, -23.8711109161, -4.67972183228, 27.4469490051, 39.0338630676, 89.304473877, 19.3840103149, 8.08166503906, 16.7498092651, 4.91551017761, -8.58727931976], [-89.8544311523, -55.0873603821, -46.1763000488, -9.03973865509, 8.60625457764, -6.10560655594, 1.04629421234, 19.3840103149, 81.5124588013, 33.6526260376, 9.27054977417, 2.63832402229, 6.67516183853], [-124.313850403, -45.25340271, -23.2462654114, -4.24058532715, 25.5175285339, -8.09231281281, 16.1820335388, 8.08166503906, 33.6526260376, 78.5372543335, 22.4877643585, 5.58388900757, 3.27740883827], [-79.8639144897, -47.4505271912, -2.00900793076, -27.3770999908, -3.00322961807, 15.3969812393, 16.9455566406, 16.7498092651, 9.27054977417, 22.4877643585, 67.5571746826, 14.2458524704, -2.40476894379], [-148.492858887, 12.4545755386, 9.39312839508, -14.7694854736, 7.40079450607, -5.18898153305, 8.60225296021, 4.91551017761, 2.63832402229, 5.58388900757, 14.2458524704, 63.8784217834, 19.1157436371], [-430.394592285, -20.4370002747, -8.35433769226, 3.36814594269, 43.6036376953, -18.6416053772, -20.5631790161, -8.58727931976, 6.67516183853, 3.27740883827, -2.40476894379, 19.1157436371, 74.9784011841]],
