{
"lowlevel": {
    "average_loudness": 0.916571617126,
    "barkbands_crest": {
        "dmean": 2.62765049934,
        "dmean2": 4.12158870697,
        "dvar": 6.50387001038,
        "dvar2": 14.5026674271,
        "max": 26.6670207977,
        "mean": 11.1572055817,
        "median": 9.6990404129,
        "min": 2.12396812439,
        "var": 31.0373020172
    },
    "barkbands_flatness_db": {
        "dmean": 0.0235219541937,
        "dmean2": 0.0356153659523,
        "dvar": 0.000599123421125,
        "dvar2": 0.0012591953855,
        "max": 0.392631560564,
        "mean": 0.153129547834,
        "median": 0.140374556184,
        "min": 0.0322947874665,
        "var": 0.0041221450083
    },
    "barkbands_kurtosis": {
        "dmean": 5.31667661667,
        "dmean2": 8.11202526093,
        "dvar": 152.543212891,
        "dvar2": 318.429168701,
        "max": 381.93572998,
        "mean": 8.58755493164,
        "median": 2.78363180161,
        "min": -1.94553303719,
        "var": 392.53012085
    },
    "barkbands_skewness": {
        "dmean": 0.686613559723,
        "dmean2": 1.0157750845,
        "dvar": 0.685383498669,
        "dvar2": 1.35302913189,
        "max": 17.2693405151,
        "mean": 1.54231655598,
        "median": 1.36280703545,
        "min": -5.15301084518,
        "var": 4.33759689331
    },
    "barkbands_spread": {
        "dmean": 5.63921022415,
        "dmean2": 8.74991607666,
        "dvar": 47.0938835144,
        "dvar2": 104.407241821,
        "max": 97.7256317139,
        "mean": 20.4942035675,
        "median": 18.0273704529,
        "min": 0.331340968609,
        "var": 208.086929321
    },
    "dissonance": {
        "dmean": 0.0189551189542,
        "dmean2": 0.0313890315592,
        "dvar": 0.000400868681027,
        "dvar2": 0.00103816168848,
        "max": 0.500000119209,
        "mean": 0.463985532522,
        "median": 0.472275793552,
        "min": 0.246422052383,
        "var": 0.000999271986075
    },
    "dynamic_complexity": 3.34506583214,
    "erbbands_crest": {
        "dmean": 2.61868143082,
        "dmean2": 4.22804832458,
        "dvar": 6.86948299408,
        "dvar2": 16.2729244232,
        "max": 31.3581199646,
        "mean": 9.39456653595,
        "median": 8.23700618744,
        "min": 2.57633733749,
        "var": 23.537071228
    },
    "erbbands_flatness_db": {
        "dmean": 0.0170339550823,
        "dmean2": 0.0256261192262,
        "dvar": 0.000278639083263,
        "dvar2": 0.000570538337342,
        "max": 0.370736241341,
        "mean": 0.176011458039,
        "median": 0.174862831831,
        "min": 0.0633929744363,
        "var": 0.0020088145975
    },
    "erbbands_kurtosis": {
        "dmean": 1.3465667963,
        "dmean2": 2.12823343277,
        "dvar": 6.07158708572,
        "dvar2": 14.144030571,
        "max": 60.5046806335,
        "mean": 0.959250569344,
        "median": 0.0758147239685,
        "min": -1.83892095089,
        "var": 11.4642543793
    },
    "erbbands_skewness": {
        "dmean": 0.445007354021,
        "dmean2": 0.66739231348,
        "dvar": 0.228357002139,
        "dvar2": 0.47740238905,
        "max": 6.82634019852,
        "mean": 0.423396378756,
        "median": 0.378839254379,
        "min": -4.01916790009,
        "var": 1.12971460819
    },
    "erbbands_spread": {
        "dmean": 8.49379348755,
        "dmean2": 13.1146745682,
        "dvar": 80.6503143311,
        "dvar2": 182.159088135,
        "max": 137.033630371,
        "mean": 38.7728996277,
        "median": 36.2245521545,
        "min": 2.2461001873,
        "var": 332.695098877
    },
    "hfc": {
        "dmean": 7.71955251694,
        "dmean2": 11.1932249069,
        "dvar": 209.576416016,
        "dvar2": 421.93182373,
        "max": 286.359985352,
        "mean": 17.5234413147,
        "median": 8.7964515686,
        "min": 1.01562248078e-16,
        "var": 570.056884766
    },
    "melbands_crest": {
        "dmean": 3.24660873413,
        "dmean2": 5.15057706833,
        "dvar": 9.75394535065,
        "dvar2": 23.0240459442,
        "max": 34.4564628601,
        "mean": 14.5765838623,
        "median": 14.150346756,
        "min": 1.51814413071,
        "var": 55.9607086182
    },
    "melbands_flatness_db": {
        "dmean": 0.0280255172402,
        "dmean2": 0.0413783155382,
        "dvar": 0.000999314128421,
        "dvar2": 0.00203926721588,
        "max": 0.48206230998,
        "mean": 0.184262737632,
        "median": 0.177332401276,
        "min": 0.00194287183695,
        "var": 0.0100174350664
    },
    "melbands_kurtosis": {
        "dmean": 10.2162723541,
        "dmean2": 15.7208366394,
        "dvar": 412.670715332,
        "dvar2": 898.148498535,
        "max": 420.178436279,
        "mean": 18.6875610352,
        "median": 7.0303440094,
        "min": -1.87478387356,
        "var": 1148.41247559
    },
    "melbands_skewness": {
        "dmean": 0.860113084316,
        "dmean2": 1.29358136654,
        "dvar": 1.01373124123,
        "dvar2": 2.10522556305,
        "max": 15.8921175003,
        "mean": 2.6901679039,
        "median": 2.27438902855,
        "min": -2.47268247604,
        "var": 5.0394616127
    },
    "melbands_spread": {
        "dmean": 9.23779964447,
        "dmean2": 14.1543588638,
        "dvar": 186.974136353,
        "dvar2": 367.703125,
        "max": 243.817932129,
        "mean": 34.9613418579,
        "median": 20.8042087555,
        "min": 0.418104887009,
        "var": 1604.54577637
    },
    "pitch_salience": {
        "dmean": 0.0705994963646,
        "dmean2": 0.111820094287,
        "dvar": 0.00487892469391,
        "dvar2": 0.0114954607561,
        "max": 0.974424958229,
        "mean": 0.564956963062,
        "median": 0.571127474308,
        "min": 0.0429895371199,
        "var": 0.0262237600982
    },
    "silence_rate_20dB": {
        "dmean": 0,
        "dmean2": 0,
        "dvar": 0,
        "dvar2": 0,
        "max": 1,
        "mean": 1,
        "median": 1,
        "min": 1,
        "var": 0
    },
    "silence_rate_30dB": {
        "dmean": 0.00160545855761,
        "dmean2": 0.00321123935282,
        "dvar": 0.00160311325453,
        "dvar2": 0.00420527765527,
        "max": 1,
        "mean": 0.998896360397,
        "median": 1,
        "min": 0,
        "var": 0.00110223016236
    },
    "silence_rate_60dB": {
        "dmean": 0.0240818783641,
        "dmean2": 0.0481685884297,
        "dvar": 0.0235019139946,
        "dvar2": 0.0534742325544,
        "max": 1,
        "mean": 0.190127417445,
        "median": 0,
        "min": 0,
        "var": 0.153965428472
    },
    "spectral_centroid": {
        "dmean": 311.750762939,
        "dmean2": 476.015289307,
        "dvar": 140833.984375,
        "dvar2": 282151.0625,
        "max": 11921.5166016,
        "mean": 2216.52929688,
        "median": 1281.21594238,
        "min": 168.858032227,
        "var": 8545045
    },
    "spectral_complexity": {
        "dmean": 3.54545450211,
        "dmean2": 5.35012531281,
        "dvar": 19.7818088531,
        "dvar2": 41.5654563904,
        "max": 52,
        "mean": 12.4293165207,
        "median": 11,
        "min": 0,
        "var": 90.7178649902
    },
    "spectral_decrease": {
        "dmean": 1.95372318323e-09,
        "dmean2": 2.97337154898e-09,
        "dvar": 9.45962673181e-18,
        "dvar2": 2.16425504158e-17,
        "max": 2.29567816031e-28,
        "mean": -4.71391814472e-09,
        "median": -3.66661701001e-09,
        "min": -5.05317316879e-08,
        "var": 2.0669046516e-17
    },
    "spectral_energy": {
        "dmean": 0.00791969150305,
        "dmean2": 0.0120046045631,
        "dvar": 0.000149126237375,
        "dvar2": 0.000339481048286,
        "max": 0.194546967745,
        "mean": 0.0193808972836,
        "median": 0.015224811621,
        "min": 9.74564002871e-21,
        "var": 0.000334381184075
    },
    "spectral_energyband_high": {
        "dmean": 0.000566109491047,
        "dmean2": 0.000809634744655,
        "dvar": 2.77248159364e-06,
        "dvar2": 4.98222107126e-06,
        "max": 0.0402582138777,
        "mean": 0.00112365209498,
        "median": 0.000207761564525,
        "min": 6.85392727494e-21,
        "var": 7.41010944694e-06
    },
    "spectral_energyband_low": {
        "dmean": 0.00172183173709,
        "dmean2": 0.00287913880311,
        "dvar": 2.80030108115e-05,
        "dvar2": 7.31890686438e-05,
        "max": 0.166986510158,
        "mean": 0.00282493652776,
        "median": 0.000745907484088,
        "min": 7.25206141057e-24,
        "var": 3.56691307388e-05
    },
    "spectral_energyband_middle_high": {
        "dmean": 0.00207364745438,
        "dmean2": 0.00311623304151,
        "dvar": 1.81749783223e-05,
        "dvar2": 4.16338516516e-05,
        "max": 0.10933894664,
        "mean": 0.00371811608784,
        "median": 0.0015652308939,
        "min": 1.06439858409e-21,
        "var": 3.35100230586e-05
    },
    "spectral_energyband_middle_low": {
        "dmean": 0.00569784920663,
        "dmean2": 0.00874271336943,
        "dvar": 8.97007339518e-05,
        "dvar2": 0.000206304452149,
        "max": 0.147915840149,
        "mean": 0.0125912493095,
        "median": 0.0082670301199,
        "min": 1.41049907575e-22,
        "var": 0.000203947420232
    },
    "spectral_entropy": {
        "dmean": 0.182852819562,
        "dmean2": 0.268880009651,
        "dvar": 0.0455628149211,
        "dvar2": 0.093489177525,
        "max": 9.82986450195,
        "mean": 7.67424535751,
        "median": 7.62636232376,
        "min": 5.23450040817,
        "var": 0.721897244453
    },
    "spectral_flux": {
        "dmean": 0.02303959243,
        "dmean2": 0.0349791944027,
        "dvar": 0.000873102340847,
        "dvar2": 0.00183737336192,
        "max": 0.386735081673,
        "mean": 0.0679419264197,
        "median": 0.060876429081,
        "min": 6.10978281856e-11,
        "var": 0.00236285058782
    },
    "spectral_kurtosis": {
        "dmean": 1.44008076191,
        "dmean2": 2.4149954319,
        "dvar": 3.99393630028,
        "dvar2": 10.8297176361,
        "max": 50.3108253479,
        "mean": 3.52043700218,
        "median": 2.61064291,
        "min": -1.29639661312,
        "var": 15.643863678
    },
    "spectral_rms": {
        "dmean": 0.000789515557699,
        "dmean2": 0.00116058136337,
        "dvar": 9.75477746579e-07,
        "dvar2": 2.04863499675e-06,
        "max": 0.0137768620625,
        "mean": 0.00376691995189,
        "median": 0.00385402049869,
        "min": 3.08349504784e-12,
        "var": 4.71843304695e-06
    },
    "spectral_rolloff": {
        "dmean": 554.860290527,
        "dmean2": 900.634338379,
        "dvar": 832652.375,
        "dvar2": 1688337.125,
        "max": 19896.6796875,
        "mean": 3272.70727539,
        "median": 1291.9921875,
        "min": 86.1328125,
        "var": 27038726
    },
    "spectral_skewness": {
        "dmean": 0.228550359607,
        "dmean2": 0.361465513706,
        "dvar": 0.0623302645981,
        "dvar2": 0.151490017772,
        "max": 5.53522968292,
        "mean": 1.27317380905,
        "median": 1.25386059284,
        "min": -0.149118870497,
        "var": 0.528308570385
    },
    "spectral_spread": {
        "dmean": 514682.21875,
        "dmean2": 800292.375,
        "dvar": 529363337216,
        "dvar2": 1.15996701491e+12,
        "max": 43259152,
        "mean": 7763723,
        "median": 4462690.5,
        "min": 1200702.625,
        "var": 1.10230218211e+14
    },
    "spectral_strongpeak": {
        "dmean": 0.481708079576,
        "dmean2": 0.791919589043,
        "dvar": 0.72565215826,
        "dvar2": 1.78836655617,
        "max": 14.3942918777,
        "mean": 0.9078733325,
        "median": 0.572219491005,
        "min": 0,
        "var": 1.18682062626
    },
    "zerocrossingrate": {
        "dmean": 0.0110767725855,
        "dmean2": 0.0131140630692,
        "dvar": 0.000211169550312,
        "dvar2": 0.000235768340644,
        "max": 0.7919921875,
        "mean": 0.102990604937,
        "median": 0.05908203125,
        "min": 0.00439453125,
        "var": 0.0179316382855
    },
    "barkbands": {
        "dmean": [4.05064238294e-05, 0.000660184887238, 0.000951099442318, 0.00104322656989, 0.00331575726159, 0.000538171618246, 0.000733624212444, 0.000905544497073, 0.00086256704526, 0.000610114366282, 0.00038516355562, 0.000340284139384, 0.000339975289535, 0.000237910498981, 0.000255690800259, 0.000185040742508, 0.00018701753288, 0.00012524300837, 0.000193263898836, 0.00017865045811, 0.000148717110278, 0.000219986468437, 0.000100115794339, 7.63588977861e-05, 4.37043308921e-05, 5.17540775036e-06, 5.22897503075e-09],
        "dmean2": [7.19998497516e-05, 0.00109157222323, 0.00168909761123, 0.00175087689422, 0.00521229812875, 0.000837222032715, 0.00112751836423, 0.00138001516461, 0.00136893498711, 0.00091577321291, 0.00060297321761, 0.000570795265958, 0.000553413119633, 0.000397021445679, 0.000419166433858, 0.000301186111756, 0.000305172550725, 0.000203956864425, 0.000306807138259, 0.000281661195913, 0.00022328083287, 0.000325995235471, 0.000148064777022, 0.000112186717161, 6.25037719146e-05, 7.97541360953e-06, 9.35788513345e-09],
        "dvar": [5.07073139033e-09, 5.51427274331e-06, 1.04797391032e-05, 6.49181356494e-06, 4.8513920774e-05, 3.64357651961e-06, 5.35972321813e-06, 9.79660399025e-06, 7.03334126229e-06, 2.88329374598e-06, 1.7308675524e-06, 1.82353096534e-06, 1.09888617317e-06, 5.30252350472e-07, 4.18107475753e-07, 2.81858262952e-07, 2.35069379073e-07, 1.20825660588e-07, 2.66901992063e-07, 2.23555545631e-07, 2.01083537377e-07, 5.081539598e-07, 1.72146357613e-07, 1.16177488962e-07, 4.87922662273e-08, 6.42243203064e-10, 7.60223769803e-16],
        "dvar2": [1.49228824853e-08, 1.39336598295e-05, 2.9554914363e-05, 1.70364255609e-05, 0.000114437498269, 6.69823793942e-06, 1.16951669042e-05, 2.14667488763e-05, 1.68675196619e-05, 5.92665674048e-06, 4.00384442401e-06, 5.0216276577e-06, 2.60771889771e-06, 1.38661562232e-06, 1.05347157842e-06, 7.26245787064e-07, 5.91612263179e-07, 2.8784990036e-07, 6.34220896245e-07, 5.00365331391e-07, 4.13728770354e-07, 9.86694772109e-07, 3.50637662905e-07, 2.36683177945e-07, 8.76621513157e-08, 1.42021794325e-09, 2.05707859296e-15],
        "max": [0.00168071466032, 0.0821615755558, 0.101914450526, 0.069470256567, 0.137940227985, 0.124790497124, 0.0718874037266, 0.0856714248657, 0.0493433848023, 0.0747237876058, 0.0416959151626, 0.0574711076915, 0.0457337461412, 0.0168321002275, 0.0110404891893, 0.0182122457772, 0.0102598145604, 0.00862113479525, 0.0145497275516, 0.0143514787778, 0.0122338542715, 0.0186895020306, 0.0150634590536, 0.0092921378091, 0.00786685012281, 0.000759774993639, 7.18813907952e-07],
        "mean": [4.2198367737e-05, 0.000913581461646, 0.00118251342792, 0.00161206244957, 0.00627815583721, 0.000944213708863, 0.00108978000935, 0.00129012798425, 0.00105384225026, 0.000841190689243, 0.000456733250758, 0.000375270028599, 0.000418447976699, 0.000269915704848, 0.000340708560543, 0.000272502598818, 0.000267032708507, 0.000182494477485, 0.000281997170532, 0.000267152441666, 0.000257175561273, 0.000382505677408, 0.000169566716067, 0.000123070945847, 6.18323683739e-05, 6.79073218635e-06, 4.27636193123e-09],
        "median": [2.13612656808e-05, 7.65003496781e-05, 0.000190531485714, 0.000563091831282, 0.00229611736722, 0.000135955488076, 0.000137421942782, 0.000149281288031, 0.000144744830322, 0.000174736618646, 8.76957419678e-05, 7.47105514165e-05, 7.08565785317e-05, 5.86760143051e-05, 6.99533702573e-05, 5.23933558725e-05, 5.59988839086e-05, 4.41842566943e-05, 4.9508696975e-05, 4.99781926919e-05, 4.63691285404e-05, 5.06657961523e-05, 2.08906931221e-05, 1.28409783429e-05, 5.8844771047e-06, 9.88304464045e-07, 8.0016582249e-10],
        "min": [1.17671287418e-25, 1.61837694048e-24, 1.56720752717e-25, 2.01771193856e-25, 4.01358426295e-24, 3.80514670141e-24, 4.99155405982e-24, 4.02298235735e-24, 9.44395403421e-24, 7.8576478394e-24, 1.0931799344e-23, 1.64047096229e-23, 1.02605781101e-23, 2.57986577643e-23, 3.38654768059e-23, 3.88358053798e-23, 5.30972304102e-23, 7.80316405658e-23, 9.73103219277e-23, 1.34509152577e-22, 2.17693121393e-22, 2.54725862112e-22, 3.33204647972e-22, 5.23537321625e-22, 7.51016230993e-22, 1.23829472862e-21, 1.74855237839e-21],
        "var": [4.51580062233e-09, 8.1336556832e-06, 8.6862291937e-06, 8.7375219664e-06, 0.000106174069515, 9.34464242164e-06, 1.03540942291e-05, 1.65389210451e-05, 1.03211032183e-05, 5.16196496392e-06, 2.10759117181e-06, 1.5482546587e-06, 1.53496444e-06, 5.22670688952e-07, 5.97367943556e-07, 4.81176982703e-07, 3.97689973397e-07, 2.00967747332e-07, 4.74633083059e-07, 3.75683384846e-07, 4.23073430511e-07, 1.13185637929e-06, 3.28321277721e-07, 2.33208780287e-07, 9.87130306385e-08, 8.72675376407e-10, 5.77603466375e-16]
    },
    "erbbands": {
        "dmean": [0.00844870787114, 0.187954649329, 0.93070179224, 2.36937141418, 10.4879798889, 9.79266262054, 3.44555091858, 4.93597841263, 8.67125606537, 15.9779014587, 17.6857814789, 21.6662158966, 17.9279727936, 16.5545883179, 15.7896318436, 13.8605413437, 15.984998703, 12.3448562622, 12.2734794617, 13.4309263229, 8.30320072174, 8.66215801239, 7.49730014801, 8.14218044281, 10.0953369141, 8.76692295074, 5.28027582169, 7.17771816254, 8.44362831116, 4.89440584183, 2.59995794296, 1.78481781483, 1.14095270634, 0.59310567379, 0.261118292809, 0.0505790896714, 0.00493833888322, 0.000235592800891, 1.27205048557e-05, 1.05451708805e-05],
        "dmean2": [0.0139289898798, 0.31185400486, 1.6257045269, 4.01024961472, 16.755022049, 15.3708086014, 5.49827957153, 7.61684083939, 13.0590848923, 24.5292129517, 26.8967285156, 34.667591095, 27.0770263672, 24.5940227509, 24.9073543549, 22.9366283417, 25.941734314, 20.3248519897, 20.046831131, 22.2235355377, 13.2347869873, 14.0500907898, 12.1067142487, 13.0898790359, 16.0497188568, 13.7478208542, 8.10627841949, 10.640914917, 12.4320936203, 7.21666288376, 3.91385793686, 2.63399171829, 1.68355441093, 0.845999360085, 0.378098726273, 0.0765448212624, 0.00772497197613, 0.000360745179933, 1.84070631803e-05, 1.57187951118e-05],
        "dvar": [0.000556499464437, 0.447299569845, 9.17895126343, 44.0973358154, 519.760009766, 361.952850342, 73.8444976807, 467.682159424, 938.786682129, 2964.38256836, 4624.46337891, 4736.61279297, 2332.77929688, 2542.12158203, 2530.5, 3081.06274414, 2520.9152832, 1220.44665527, 1139.72387695, 1495.86669922, 406.212738037, 449.544464111, 408.100128174, 548.38092041, 776.379333496, 597.732666016, 185.429336548, 551.002380371, 737.563964844, 342.607330322, 123.943016052, 62.3298721313, 27.7124919891, 8.88445281982, 1.84945654869, 0.0645464584231, 0.000485260708956, 9.1641572908e-07, 1.63955882204e-09, 2.64963273544e-10],
        "dvar2": [0.00129983748775, 1.13265681267, 25.1036510468, 120.698394775, 1241.03759766, 885.579956055, 159.694595337, 917.349243164, 1952.83129883, 6469.31591797, 10458.9140625, 11626.5947266, 5109.76318359, 5084.31152344, 6126.87548828, 8418.56738281, 5927.43945312, 3089.94213867, 2891.14233398, 3998.6015625, 973.277160645, 1111.06115723, 980.932556152, 1305.16589355, 1813.08764648, 1320.89086914, 398.466217041, 1052.27612305, 1436.91467285, 718.573730469, 263.321350098, 129.835342407, 55.4668159485, 15.9398612976, 3.42643356323, 0.133844479918, 0.00109936890658, 2.0173208668e-06, 3.17454373899e-09, 5.74024883182e-10],
        "max": [0.753851354122, 23.1630973816, 76.8043746948, 249.166091919, 449.516143799, 305.839538574, 380.284515381, 1538.3503418, 1254.99304199, 1361.14953613, 2306.39331055, 1534.77734375, 899.637329102, 2662.94165039, 1533.24133301, 2630.02075195, 2248.81347656, 985.640197754, 644.372497559, 1569.79577637, 387.756958008, 460.195556641, 441.215667725, 599.53326416, 629.706726074, 672.768310547, 399.293670654, 687.866210938, 759.564453125, 778.205505371, 321.406890869, 253.089248657, 155.494293213, 108.657066345, 52.6991233826, 7.97533035278, 0.707806408405, 0.0264360494912, 0.00125835335348, 0.000245687988354],
        "mean": [0.0130506614223, 0.258619248867, 1.20911204815, 3.81621575356, 17.7192230225, 19.1208496094, 6.6449007988, 8.49145698547, 13.9457817078, 23.2430820465, 26.3590755463, 27.3364295959, 24.4855155945, 22.1308937073, 19.503320694, 16.7541866302, 20.5103645325, 15.01841259, 16.117313385, 19.1970329285, 13.3673257828, 13.0455970764, 11.411233902, 12.1157588959, 14.605922699, 13.4365606308, 9.46863365173, 12.1954813004, 14.3675127029, 8.60926628113, 4.34030866623, 2.86817955971, 1.78227806091, 0.854778289795, 0.353568911552, 0.0684638917446, 0.00650553638116, 0.000309400464175, 2.52154386544e-05, 2.59198986896e-05],
        "median": [0.00257080164738, 0.0208694208413, 0.2234146595, 1.48918104172, 6.64570474625, 7.04587554932, 2.79658126831, 1.24660205841, 1.82091414928, 3.52433991432, 3.62345314026, 4.05405950546, 5.53903865814, 4.9525718689, 4.81764221191, 3.69993114471, 3.84889912605, 3.53954839706, 3.8775165081, 3.60961890221, 3.18844389915, 3.14269828796, 2.77743458748, 2.40131568909, 2.7732360363, 2.51404762268, 1.87953591347, 2.02775740623, 1.85794854164, 1.07881748676, 0.543317317963, 0.328950792551, 0.17112416029, 0.0749497562647, 0.0353661887348, 0.0093921367079, 0.00101716432255, 4.02353471145e-05, 1.2372240235e-05, 1.94402091438e-05],
        "min": [4.72949123277e-23, 1.97405651017e-22, 7.57420367905e-22, 1.69082088678e-21, 8.1664318781e-21, 8.89503905727e-21, 1.94810873182e-20, 3.74064805487e-20, 8.35738054484e-20, 7.87287501067e-20, 1.44735643338e-19, 2.26099067093e-19, 3.39070018482e-19, 5.19783753316e-19, 6.10387896038e-19, 9.0129206633e-19, 1.23464264786e-18, 1.24565066406e-18, 1.69817563798e-18, 2.28144126401e-18, 3.21446935531e-18, 3.68868166073e-18, 4.67729153291e-18, 5.23131394614e-18, 5.13528199934e-18, 7.06994578272e-18, 8.07375675301e-18, 8.87821140541e-18, 7.86270740998e-18, 9.57800206773e-18, 9.15862149716e-18, 9.26159969316e-18, 8.46768497612e-18, 7.25934119167e-18, 5.78642492906e-18, 3.57146437767e-18, 1.85700744709e-18, 9.02936191195e-19, 2.36513141758e-19, 2.5036820053e-20],
        "var": [0.000972585927229, 0.650655210018, 8.79631710052, 46.9145851135, 928.882202148, 903.232177734, 163.497253418, 1005.34362793, 2075.40258789, 5611.25195312, 7946.98095703, 6919.79833984, 4013.78222656, 4298.72314453, 2951.45703125, 2891.94775391, 3636.71264648, 1362.36083984, 1439.74938965, 2428.69726562, 809.663391113, 773.885192871, 713.666137695, 1008.11236572, 1251.87963867, 1006.32666016, 438.662536621, 1146.14819336, 1618.47241211, 691.316467285, 220.012161255, 113.073417664, 57.9841041565, 18.3735256195, 3.45436620712, 0.0977093428373, 0.000653389026411, 1.37070264827e-06, 3.28745897171e-09, 6.54433063296e-10]
    },
    "gfcc": {
        "mean": [-137.86869812, 82.958946228, -120.675720215, 35.7490653992, -67.9894943237, 13.599984169, -37.0984573364, -0.361928403378, -27.8248405457, -7.19816398621, -20.87358284, -8.61659431458, -7.57570457458],
        "cov": [[106176.046875, 7920.50341797, -12453.6865234, 4245.78759766, -7451.45117188, 1482.19848633, -3764.84887695, -28.5228805542, -2728.11010742, -715.134765625, -2144.05932617, -980.227355957, -809.213256836], [7920.50341797, 1990.55712891, -638.077087402, 218.133071899, -226.769515991, -98.2045211792, -268.384521484, -167.287384033, -280.301818848, -247.609375, -177.970611572, -205.291351318, -70.8606872559], [-12453.6865234, -638.077087402, 2376.68408203, -189.303329468, 897.02355957, -110.366043091, 443.401702881, -108.549026489, 219.645996094, -39.3618049622, 189.499328613, 53.6133537292, 85.6663208008], [4245.78759766, 218.133071899, -189.303329468, 673.277954102, -235.533508301, 93.953086853, -137.946411133, -51.6421127319, -74.8209381104, -69.7395553589, -96.666053772, -55.4864845276, -12.1477270126], [-7451.45117188, -226.769515991, 897.02355957, -235.533508301, 962.944335938, -44.4150428772, 267.796936035, 26.2415752411, 165.635192871, 8.8787355423, 149.286575317, 26.5948600769, 51.6440811157], [1482.19848633, -98.2045211792, -110.366043091, 93.953086853, -44.4150428772, 317.678375244, 66.8122634888, 75.0602035522, -56.322303772, 12.9978942871, -37.4863319397, 0.0391604267061, -35.6787910461], [-3764.84887695, -268.384521484, 443.401702881, -137.946411133, 267.796936035, 66.8122634888, 341.503570557, 62.5401725769, 104.823242188, 13.7815256119, 69.8736038208, 20.1832084656, 3.7380232811], [-28.5228805542, -167.287384033, -108.549026489, -51.6421127319, 26.2415752411, 75.0602035522, 62.5401725769, 184.458740234, 78.5628662109, 73.8053588867, 11.4408664703, 18.6340656281, -18.3998737335], [-2728.11010742, -280.301818848, 219.645996094, -74.8209381104, 165.635192871, -56.322303772, 104.823242188, 78.5628662109, 263.227630615, 134.816207886, 84.7388534546, 23.4153518677, 8.90016555786], [-715.134765625, -247.609375, -39.3618049622, -69.7395553589, 8.8787355423, 12.9978942871, 13.7815256119, 73.8053588867, 134.816207886, 193.363586426, 76.4145431519, 42.8385391235, -11.1642112732], [-2144.05932617, -177.970611572, 189.499328613, -96.666053772, 149.286575317, -37.4863319397, 69.8736038208, 11.4408664703, 84.7388534546, 76.4145431519, 147.188873291, 67.5348815918, 18.4503707886], [-980.227355957, -205.291351318, 53.6133537292, -55.4864845276, 26.5948600769, 0.0391604267061, 20.1832084656, 18.6340656281, 23.4153518677, 42.8385391235, 67.5348815918, 132.74156189, 46.1541786194], [-809.213256836, -70.8606872559, 85.6663208008, -12.1477270126, 51.6440811157, -35.6787910461, 3.7380232811, -18.3998737335, 8.90016555786, -11.1642112732, 18.4503707886, 46.1541786194, 82.8416900635]],
        "icov": [[0.000311189156491, -0.000686982646585, 0.000648989342153, -0.000865809270181, 0.000926277367398, -0.000812827667687, 0.000913387222681, -0.000751974876039, 0.00090245809406, -0.000487737444928, 0.000440610398073, 9.59260869422e-05, 0.000204029900488], [-0.000686982646585, 0.00235773110762, -0.00119893613737, 0.00182160059921, -0.00221806834452, 0.00208202144131, -0.00181346177123, 0.00195158238057, -0.00167920987587, 0.00171307427809, -0.00111634400673, 0.000598792277742, -6.58602948533e-05], [0.000648989342153, -0.00119893613737, 0.00228011235595, -0.00193649553694, 0.00134159449954, -0.0015043845633, 0.00119106064085, -0.000616174947936, 0.00155398366041, -0.00059666618472, 0.0008035331266, 0.000193518935703, 0.000463069562102], [-0.000865809270181, 0.00182160059921, -0.00193649553694, 0.00446295784786, -0.00216012075543, 0.00108746031765, -0.00157852144912, 0.00255963392556, -0.00349435023963, 0.00228900765069, -0.00109219236765, 0.00014509432367, -0.00094123033341], [0.000926277367398, -0.00221806834452, 0.00134159449954, -0.00216012075543, 0.00483589852229, -0.0027592680417, 0.00250152056105, -0.00283713359386, 0.00203918013722, -0.00066163361771, -0.00019759387942, 0.00110006867908, -0.000376587995561], [-0.000812827667687, 0.00208202144131, -0.0015043845633, 0.00108746031765, -0.0027592680417, 0.00763829471543, -0.00458431849256, 0.000197726651095, 0.000837172730826, -0.000910656352062, 0.000550160766579, -0.000994055299088, 0.00103545258753], [0.000913387222681, -0.00181346177123, 0.00119106064085, -0.00157852144912, 0.00250152056105, -0.00458431849256, 0.00882650446147, -0.00340628065169, 0.000381882797228, 0.00142193865031, -0.000558395811822, 0.000835969229229, 0.00102831504773], [-0.000751974876039, 0.00195158238057, -0.000616174947936, 0.00255963392556, -0.00283713359386, 0.000197726651095, -0.00340628065169, 0.0111780948937, -0.00485261110589, 5.42634916201e-05, 0.000984335434623, -0.00174685555976, 0.00110939180013], [0.00090245809406, -0.00167920987587, 0.00155398366041, -0.00349435023963, 0.00203918013722, 0.000837172730826, 0.000381882797228, -0.00485261110589, 0.012860333547, -0.00795423984528, 0.000940043013543, 0.00224235514179, -0.000658348610159], [-0.000487737444928, 0.00171307427809, -0.00059666618472, 0.00228900765069, -0.00066163361771, -0.000910656352062, 0.00142193865031, 5.42634916201e-05, -0.00795423984528, 0.0143835404888, -0.00573885068297, -0.000934129115194, 0.00221338821575], [0.000440610398073, -0.00111634400673, 0.0008035331266, -0.00109219236765, -0.00019759387942, 0.000550160766579, -0.000558395811822, 0.000984335434623, 0.000940043013543, -0.00573885068297, 0.0157065838575, -0.00630308594555, 0.00210108235478], [9.59260869422e-05, 0.000598792277742, 0.000193518935703, 0.00014509432367, 0.00110006867908, -0.000994055299088, 0.000835969229229, -0.00174685555976, 0.00224235514179, -0.000934129115194, -0.00630308594555, 0.0147518077865, -0.0074510187842], [0.000204029900488, -6.58602948533e-05, 0.000463069562102, -0.00094123033341, -0.000376587995561, 0.00103545258753, 0.00102831504773, 0.00110939180013, -0.000658348610159, 0.00221338821575, 0.00210108235478, -0.0074510187842, 0.0183240417391]]
    },
    "melbands": {
        "dmean": [0.000127470309963, 0.000400059943786, 0.000576266786084, 0.000866944319569, 0.000146414182382, 0.000112026937131, 0.0001358648733, 0.000179653347004, 0.000144228630234, 0.000134958623676, 8.87702699401e-05, 6.89250300638e-05, 5.57830826438e-05, 3.91217326978e-05, 3.86079445889e-05, 3.09424249281e-05, 2.34286362684e-05, 2.0072233383e-05, 1.79054932232e-05, 1.63335171237e-05, 9.67842879618e-06, 9.03874206415e-06, 1.04727423604e-05, 5.53461677555e-06, 6.99147449268e-06, 7.5991220001e-06, 7.54523125579e-06, 5.65957407161e-06, 3.28343412548e-06, 3.61033971785e-06, 4.79140044263e-06, 5.43087116966e-06, 3.72119234271e-06, 2.55895042756e-06, 1.70433304447e-06, 1.06456263893e-06, 1.15755767638e-06, 8.82897268184e-07, 6.68267148285e-07, 4.71433736493e-07],
        "dmean2": [0.000208901619771, 0.000682111538481, 0.000946888525505, 0.00136174622457, 0.000232626640354, 0.000172753279912, 0.000205146017834, 0.00027505037724, 0.000220775575144, 0.000216819957132, 0.00013419392053, 0.000103240039607, 8.75084951986e-05, 6.56547272229e-05, 6.31510047242e-05, 5.05268289999e-05, 3.89708875446e-05, 3.31404771714e-05, 2.95010922855e-05, 2.69997944997e-05, 1.54310237122e-05, 1.47412692968e-05, 1.71906340256e-05, 9.02130705072e-06, 1.13752275865e-05, 1.20080267152e-05, 1.21769426187e-05, 8.94094864634e-06, 5.1284514484e-06, 5.55570977667e-06, 7.1536132964e-06, 8.12758389657e-06, 5.60909484193e-06, 3.83690939998e-06, 2.63484298557e-06, 1.5993668967e-06, 1.73135254045e-06, 1.34100992e-06, 9.79632886811e-07, 6.79959157424e-07],
        "dvar": [1.83088189942e-07, 1.65750930137e-06, 1.64089931332e-06, 3.3984294987e-06, 8.87529978399e-08, 2.00775033932e-07, 2.04897247613e-07, 3.67508306454e-07, 2.93831561748e-07, 1.81180539016e-07, 5.99279275093e-08, 4.74281343088e-08, 3.80157310076e-08, 2.57193555342e-08, 1.34861357637e-08, 9.41072286764e-09, 4.85680073936e-09, 3.45467410234e-09, 2.18363171989e-09, 2.23688556567e-09, 6.07226269267e-10, 4.73914407717e-10, 1.0489826785e-09, 2.65698102409e-10, 4.48843850975e-10, 4.87317575182e-10, 4.95485263929e-10, 2.47842246726e-10, 7.57269802421e-11, 1.23279469966e-10, 2.52988546778e-10, 3.16761977759e-10, 1.57102664211e-10, 1.11515165158e-10, 5.78045146471e-11, 1.82866412984e-11, 2.78643028789e-11, 1.66706596444e-11, 1.18889308121e-11, 5.91465938726e-12],
        "dvar2": [4.43388842086e-07, 4.40460144091e-06, 4.31379385191e-06, 8.04328919912e-06, 1.98798815632e-07, 3.81988257914e-07, 4.31117683775e-07, 7.91493334873e-07, 6.57527493786e-07, 4.45284427997e-07, 1.3150402367e-07, 9.42622193634e-08, 8.92796521157e-08, 7.19993096254e-08, 3.37146417451e-08, 2.26933458691e-08, 1.24628458664e-08, 8.92578722045e-09, 5.57323476258e-09, 5.87075099645e-09, 1.44159506554e-09, 1.14997522616e-09, 2.70427658045e-09, 6.03194216797e-10, 1.07639153146e-09, 1.16147014229e-09, 1.17693721435e-09, 5.42219824595e-10, 1.6601298114e-10, 2.83791379285e-10, 4.83818207719e-10, 6.3897909186e-10, 3.25163479475e-10, 2.41938608037e-10, 1.27786281556e-10, 3.78519854349e-11, 5.98947835773e-11, 3.58731586103e-11, 2.26235852968e-11, 1.09666295142e-11],
        "max": [0.0147188007832, 0.028994936496, 0.0356439501047, 0.0360796302557, 0.0118038030341, 0.0303316116333, 0.0170967355371, 0.0147452373058, 0.0172065719962, 0.00975892227143, 0.00495747989044, 0.0119846500456, 0.00653567584231, 0.00658637518063, 0.00373995816335, 0.00345106772147, 0.00166735856328, 0.00131782051176, 0.00103953899816, 0.00194109708536, 0.000486211589305, 0.000473649561172, 0.000718398194294, 0.000504733237904, 0.000557122228201, 0.000599032908212, 0.000668140943162, 0.000412905326812, 0.000371816218831, 0.000322288746247, 0.000480677874293, 0.000525668379851, 0.000313059630571, 0.000469236809295, 0.000238205553615, 0.000142132761539, 0.000173626482137, 0.000122071942315, 0.00013910891721, 0.00010242958524],
        "mean": [0.000188507678104, 0.00054698396707, 0.000955746043473, 0.00163511524443, 0.000287047587335, 0.000193455154658, 0.000214079889702, 0.000257308769505, 0.00021435409144, 0.000162553435075, 0.000118974712677, 9.01541425264e-05, 6.73024042044e-05, 4.35155525338e-05, 4.69199549116e-05, 3.81153586204e-05, 2.66479819402e-05, 2.4688346457e-05, 2.43050835707e-05, 2.33841656154e-05, 1.46444790516e-05, 1.29883110276e-05, 1.43701072375e-05, 8.16796182335e-06, 9.73475016508e-06, 1.09623506432e-05, 9.86739996733e-06, 8.56496626511e-06, 5.59602722205e-06, 5.82198481425e-06, 7.69507914811e-06, 8.85098961589e-06, 6.18287094767e-06, 4.25193002229e-06, 2.67460359282e-06, 1.6979861357e-06, 1.74574904577e-06, 1.32402681174e-06, 9.56286839937e-07, 6.36118443254e-07],
        "median": [2.54482474702e-05, 8.64163521328e-05, 0.000470481638331, 0.00055279803928, 0.000131156659336, 2.51300625678e-05, 2.6837697078e-05, 3.68416986021e-05, 2.6215251637e-05, 2.30010427913e-05, 2.54390579357e-05, 1.83128286153e-05, 1.40704523801e-05, 9.7445663414e-06, 8.7301395979e-06, 6.73063732393e-06, 5.66095559407e-06, 5.69809799345e-06, 4.93427069159e-06, 3.89050137528e-06, 3.11348003379e-06, 2.99392718262e-06, 2.61646709987e-06, 1.95915731638e-06, 1.6358276298e-06, 1.74199169578e-06, 1.78865343514e-06, 1.46566333115e-06, 1.01439593436e-06, 1.03832553577e-06, 1.16260332561e-06, 1.10707276235e-06, 7.467314731e-07, 4.9575214689e-07, 3.12774602662e-07, 2.0365669684e-07, 1.78447407961e-07, 1.20535148085e-07, 7.66605552371e-08, 5.10258288955e-08],
        "min": [5.96310509271e-25, 3.59695279928e-25, 6.9569391782e-25, 7.79401378284e-25, 5.97281547742e-25, 8.42905075584e-25, 1.11603426034e-24, 5.86439196941e-25, 1.10043601506e-24, 1.31353584316e-24, 1.32192015268e-24, 1.66535262131e-24, 1.72449608718e-24, 1.80061524807e-24, 2.02930405234e-24, 1.08618889129e-24, 1.75369577358e-24, 1.72939156074e-24, 2.76923862093e-24, 2.50214451792e-24, 3.18282301075e-24, 3.02453964784e-24, 3.22470067798e-24, 3.31258747422e-24, 3.27337872065e-24, 3.07598659228e-24, 3.56625398133e-24, 3.33859306282e-24, 3.78597343711e-24, 3.93110846088e-24, 3.12782993933e-24, 3.30271211898e-24, 4.14998344106e-24, 4.81119639663e-24, 4.31558033343e-24, 4.38718523779e-24, 4.75307864716e-24, 5.42170176763e-24, 4.80315514299e-24, 5.3531592213e-24],
        "var": [2.96822889823e-07, 1.89210209101e-06, 2.13120074477e-06, 7.504082987e-06, 2.11030879882e-07, 4.77361993489e-07, 4.44783722742e-07, 6.90386627866e-07, 5.42779332591e-07, 2.50618626296e-07, 1.01566804744e-07, 8.04579300961e-08, 4.49752981524e-08, 1.98944878349e-08, 1.63439288769e-08, 1.23805374841e-08, 5.06915842635e-09, 3.87184151407e-09, 3.16002357614e-09, 3.84273635134e-09, 1.16437148812e-09, 8.16360701261e-10, 1.53995916019e-09, 5.28378174547e-10, 7.90819021379e-10, 8.32948654494e-10, 6.69861444091e-10, 4.41860714684e-10, 1.72917388741e-10, 2.20945567397e-10, 5.03428687626e-10, 6.39721775553e-10, 3.356662448e-10, 2.01106714615e-10, 9.32103144669e-11, 3.39250051662e-11, 4.68647343155e-11, 3.14070505714e-11, 2.37095308664e-11, 1.11958463334e-11]
    },
    "mfcc": {
        "mean": [-712.008483887, 99.3221588135, -1.87769091129, 18.5621089935, -7.54254102707, 7.65833568573, -3.87772464752, 1.58235776424, -2.26915335655, -2.84619092941, -6.31507968903, -7.72853851318, -7.52475738525],
        "cov": [[23413.703125, 3174.50219727, -43.6670684814, 1004.33721924, -704.458374023, 378.468780518, -384.206939697, 72.2743530273, -79.7259216309, -38.2271614075, -155.409072876, -307.504577637, -291.128448486], [3174.50219727, 2451.51123047, -28.9521598816, 265.229705811, 132.394561768, 37.9186058044, 58.5895347595, 4.79769325256, -84.2929000854, -72.553276062, -125.215568542, -161.908721924, -138.950653076], [-43.6670684814, -28.9521598816, 845.228393555, 215.736953735, -0.286465495825, 124.590248108, 27.972776413, 20.4623069763, -14.443980217, -83.1448898315, -46.0100898743, -53.1378555298, -47.3390693665], [1004.33721924, 265.229705811, 215.736953735, 458.751068115, 121.140716553, 79.4968109131, -39.3348503113, 6.23369789124, -9.43226623535, -30.9025306702, -59.6384963989, -47.8056640625, -32.5530128479], [-704.458374023, 132.394561768, -0.286465495825, 121.140716553, 371.8465271, 56.6651115417, 67.0927352905, 4.38284015656, 12.9656076431, 17.3088264465, -24.3227348328, 1.19892454147, -0.749061286449], [378.468780518, 37.9186058044, 124.590248108, 79.4968109131, 56.6651115417, 208.755813599, 88.8884277344, 54.4799003601, 19.0890960693, 2.21651005745, -0.152554318309, -5.42521619797, -31.4483833313], [-384.206939697, 58.5895347595, 27.972776413, -39.3348503113, 67.0927352905, 88.8884277344, 238.189697266, 105.797325134, 18.722743988, -0.735688328743, -3.68064308167, -11.6261339188, -27.5336837769], [72.2743530273, 4.79769325256, 20.4623069763, 6.23369789124, 4.38284015656, 54.4799003601, 105.797325134, 160.779998779, 51.7799415588, 6.48031997681, 7.53640365601, -12.3998966217, -28.1746559143], [-79.7259216309, -84.2929000854, -14.443980217, -9.43226623535, 12.9656076431, 19.0890960693, 18.722743988, 51.7799415588, 124.641693115, 65.9476547241, 32.4843101501, 17.7680511475, 4.68004465103], [-38.2271614075, -72.553276062, -83.1448898315, -30.9025306702, 17.3088264465, 2.21651005745, -0.735688328743, 6.48031997681, 65.9476547241, 149.51159668, 76.5823287964, 34.8204727173, 13.7818098068], [-155.409072876, -125.215568542, -46.0100898743, -59.6384963989, -24.3227348328, -0.152554318309, -3.68064308167, 7.53640365601, 32.4843101501, 76.5823287964, 136.635345459, 68.2868728638, 36.2317771912], [-307.504577637, -161.908721924, -53.1378555298, -47.8056640625, 1.19892454147, -5.42521619797, -11.6261339188, -12.3998966217, 17.7680511475, 34.8204727173, 68.2868728638, 125.774154663, 71.754447937], [-291.128448486, -138.950653076, -47.3390693665, -32.5530128479, -0.749061286449, -31.4483833313, -27.5336837769, -28.1746559143, 4.68004465103, 13.7818098068, 36.2317771912, 71.754447937, 120.90738678]],
