{
"lowlevel": {
    "average_loudness": 0.902905464172,
    "barkbands_crest": {
        "dmean": 2.44616413116,
        "dmean2": 3.95961022377,
        "dvar": 5.32051277161,
        "dvar2": 13.0100669861,
        "max": 26.8758563995,
        "mean": 8.5261592865,
        "median": 7.50754499435,
        "min": 2.28099703789,
        "var": 16.0856781006
    },
    "barkbands_flatness_db": {
        "dmean": 0.0145312752575,
        "dmean2": 0.0230576153845,
        "dvar": 0.000250362732913,
        "dvar2": 0.000583573710173,
        "max": 0.712620794773,
        "mean": 0.109470576048,
        "median": 0.103947006166,
        "min": 0.0324043110013,
        "var": 0.00105885823723
    },
    "barkbands_kurtosis": {
        "dmean": 4.81165742874,
        "dmean2": 8.98805809021,
        "dvar": 48227.3789062,
        "dvar2": 144242.609375,
        "max": 14439.828125,
        "mean": 3.25888180733,
        "median": 0.345583438873,
        "min": -1.88205099106,
        "var": 24343.9804688
    },
    "barkbands_skewness": {
        "dmean": 0.397732168436,
        "dmean2": 0.62294280529,
        "dvar": 1.52121901512,
        "dvar2": 4.22184658051,
        "max": 80.7061386108,
        "mean": 1.00804519653,
        "median": 0.87599503994,
        "min": -4.59157657623,
        "var": 1.49628460407
    },
    "barkbands_spread": {
        "dmean": 4.66225194931,
        "dmean2": 7.18515825272,
        "dvar": 30.7089176178,
        "dvar2": 65.2615661621,
        "max": 118.474006653,
        "mean": 22.6952953339,
        "median": 21.3754367828,
        "min": 0.0082570463419,
        "var": 106.537818909
    },
    "dissonance": {
        "dmean": 0.0177548062056,
        "dmean2": 0.0300040077418,
        "dvar": 0.000272551173111,
        "dvar2": 0.000732739223167,
        "max": 0.500000119209,
        "mean": 0.464994549751,
        "median": 0.469840794802,
        "min": 0.318916022778,
        "var": 0.000596192199737
    },
    "dynamic_complexity": 2.60178518295,
    "erbbands_crest": {
        "dmean": 2.76447224617,
        "dmean2": 4.48436450958,
        "dvar": 7.16724061966,
        "dvar2": 17.0455188751,
        "max": 32.3742370605,
        "mean": 9.27605056763,
        "median": 7.89644145966,
        "min": 2.21501922607,
        "var": 22.0929698944
    },
    "erbbands_flatness_db": {
        "dmean": 0.0133680123836,
        "dmean2": 0.0204885434359,
        "dvar": 0.000162748081493,
        "dvar2": 0.000339673017152,
        "max": 0.319820940495,
        "mean": 0.174713999033,
        "median": 0.172292709351,
        "min": 0.0514718741179,
        "var": 0.000880212639458
    },
    "erbbands_kurtosis": {
        "dmean": 0.879773914814,
        "dmean2": 1.39663529396,
        "dvar": 2.35956716537,
        "dvar2": 5.58036422729,
        "max": 35.4043121338,
        "mean": 0.51388657093,
        "median": -0.0799732208252,
        "min": -1.76526629925,
        "var": 5.27327728271
    },
    "erbbands_skewness": {
        "dmean": 0.328773885965,
        "dmean2": 0.506543278694,
        "dvar": 0.118166737258,
        "dvar2": 0.258201032877,
        "max": 4.61000919342,
        "mean": 0.51109290123,
        "median": 0.436506748199,
        "min": -4.44325494766,
        "var": 0.470263928175
    },
    "erbbands_spread": {
        "dmean": 6.68029356003,
        "dmean2": 10.2926988602,
        "dvar": 49.9357414246,
        "dvar2": 109.799468994,
        "max": 117.81854248,
        "mean": 34.8707275391,
        "median": 33.0654373169,
        "min": 3.10998177528,
        "var": 214.279205322
    },
    "hfc": {
        "dmean": 5.70882892609,
        "dmean2": 8.25493144989,
        "dvar": 40.0199890137,
        "dvar2": 77.4780883789,
        "max": 107.036766052,
        "mean": 33.5871620178,
        "median": 32.2374954224,
        "min": 1.32736455287e-16,
        "var": 418.117370605
    },
    "melbands_crest": {
        "dmean": 2.98142957687,
        "dmean2": 4.83304405212,
        "dvar": 7.81379365921,
        "dvar2": 18.8338527679,
        "max": 39.9883499146,
        "mean": 10.9536962509,
        "median": 9.80228805542,
        "min": 2.28201794624,
        "var": 24.0566806793
    },
    "melbands_flatness_db": {
        "dmean": 0.017342582345,
        "dmean2": 0.0267789587379,
        "dvar": 0.000349222013028,
        "dvar2": 0.000756914436352,
        "max": 0.692569553852,
        "mean": 0.13033425808,
        "median": 0.124656185508,
        "min": 0.0102517949417,
        "var": 0.0018569980748
    },
    "melbands_kurtosis": {
        "dmean": 9.17319107056,
        "dmean2": 17.0781555176,
        "dvar": 156311.359375,
        "dvar2": 468301.15625,
        "max": 25936.1386719,
        "mean": 9.13267803192,
        "median": 3.55561804771,
        "min": -1.83774363995,
        "var": 78548.25
    },
    "melbands_skewness": {
        "dmean": 0.502314865589,
        "dmean2": 0.799723386765,
        "dvar": 4.5423116684,
        "dvar2": 13.2470254898,
        "max": 140.373657227,
        "mean": 1.75324702263,
        "median": 1.57114088535,
        "min": -2.47164344788,
        "var": 3.464158535
    },
    "melbands_spread": {
        "dmean": 7.27860832214,
        "dmean2": 11.3603620529,
        "dvar": 93.6003189087,
        "dvar2": 201.749801636,
        "max": 187.227783203,
        "mean": 30.8551445007,
        "median": 29.1181411743,
        "min": 0.0141389332712,
        "var": 263.347595215
    },
    "pitch_salience": {
        "dmean": 0.0607177652419,
        "dmean2": 0.0983853787184,
        "dvar": 0.00304902205244,
        "dvar2": 0.0075714206323,
        "max": 0.919579207897,
        "mean": 0.610463500023,
        "median": 0.61288279295,
        "min": 0.0026591422502,
        "var": 0.0102897631004
    },
    "silence_rate_20dB": {
        "dmean": 0,
        "dmean2": 0,
        "dvar": 0,
        "dvar2": 0,
        "max": 1,
        "mean": 1,
        "median": 1,
        "min": 1,
        "var": 0
    },
    "silence_rate_30dB": {
        "dmean": 0,
        "dmean2": 0,
        "dvar": 0,
        "dvar2": 0,
        "max": 1,
        "mean": 1,
        "median": 1,
        "min": 1,
        "var": 0
    },
    "silence_rate_60dB": {
        "dmean": 0.00910257920623,
        "dmean2": 0.0180905703455,
        "dvar": 0.00902067963034,
        "dvar2": 0.0210264306515,
        "max": 1,
        "mean": 0.0395565927029,
        "median": 0,
        "min": 0,
        "var": 0.0379845239222
    },
    "spectral_centroid": {
        "dmean": 231.759338379,
        "dmean2": 356.666473389,
        "dvar": 76360.3515625,
        "dvar2": 151665.09375,
        "max": 10436.7109375,
        "mean": 1606.05541992,
        "median": 1585.51916504,
        "min": 217.233291626,
        "var": 303283.375
    },
    "spectral_complexity": {
        "dmean": 3.12008404732,
        "dmean2": 5.02999544144,
        "dvar": 7.86430168152,
        "dvar2": 18.6254882812,
        "max": 53,
        "mean": 24.2312717438,
        "median": 25,
        "min": 0,
        "var": 82.0960693359
    },
    "spectral_decrease": {
        "dmean": 1.216361456e-09,
        "dmean2": 1.83558723776e-09,
        "dvar": 1.83302251805e-18,
        "dvar2": 3.7875483555e-18,
        "max": 2.15609446166e-28,
        "mean": -6.19665652124e-09,
        "median": -6.25704554835e-09,
        "min": -1.98919156702e-08,
        "var": 1.13875514747e-17
    },
    "spectral_energy": {
        "dmean": 0.00491197500378,
        "dmean2": 0.00739332148805,
        "dvar": 2.93225803034e-05,
        "dvar2": 5.97341168032e-05,
        "max": 0.0809371173382,
        "mean": 0.0264340657741,
        "median": 0.0269034076482,
        "min": 1.12258199581e-20,
        "var": 0.000201869639568
    },
    "spectral_energyband_high": {
        "dmean": 0.000508768309373,
        "dmean2": 0.000755770946853,
        "dvar": 6.01806675604e-07,
        "dvar2": 1.22221922538e-06,
        "max": 0.0168956816196,
        "mean": 0.00172715529334,
        "median": 0.00118911126629,
        "min": 8.39735259391e-21,
        "var": 2.76606647276e-06
    },
    "spectral_energyband_low": {
        "dmean": 0.000349406065652,
        "dmean2": 0.000588974275161,
        "dvar": 3.28873255739e-07,
        "dvar2": 8.84784014943e-07,
        "max": 0.00845341291279,
        "mean": 0.000607054098509,
        "median": 0.000368014618289,
        "min": 1.22865346312e-23,
        "var": 5.13247528033e-07
    },
    "spectral_energyband_middle_high": {
        "dmean": 0.00287474365905,
        "dmean2": 0.00431537535042,
        "dvar": 1.34757383421e-05,
        "dvar2": 2.79039104498e-05,
        "max": 0.0718424022198,
        "mean": 0.0111074997112,
        "median": 0.00865830294788,
        "min": 1.3464134547e-21,
        "var": 9.16545395739e-05
    },
    "spectral_energyband_middle_low": {
        "dmean": 0.00425370410085,
        "dmean2": 0.00651378463954,
        "dvar": 2.81625925709e-05,
        "dvar2": 6.11876967014e-05,
        "max": 0.0741092190146,
        "mean": 0.0136138536036,
        "median": 0.0120550896972,
        "min": 2.19621375125e-22,
        "var": 9.23281113501e-05
    },
    "spectral_entropy": {
        "dmean": 0.107444182038,
        "dmean2": 0.1632489115,
        "dvar": 0.0137558514252,
        "dvar2": 0.0265085995197,
        "max": 9.807970047,
        "mean": 7.77212762833,
        "median": 7.80559206009,
        "min": 6.37350749969,
        "var": 0.0769269391894
    },
    "spectral_flux": {
        "dmean": 0.0176649652421,
        "dmean2": 0.0283508598804,
        "dvar": 0.00035836303141,
        "dvar2": 0.000863224850036,
        "max": 0.26808065176,
        "mean": 0.0846416950226,
        "median": 0.08173802495,
        "min": 1.0595196942e-10,
        "var": 0.00123442825861
    },
    "spectral_kurtosis": {
        "dmean": 0.881016910076,
        "dmean2": 1.46008765697,
        "dvar": 0.712255120277,
        "dvar2": 1.80879676342,
        "max": 11.5568294525,
        "mean": 2.69144821167,
        "median": 2.36018013954,
        "min": -1.23410665989,
        "var": 2.76450204849
    },
    "spectral_rms": {
        "dmean": 0.000482375966385,
        "dmean2": 0.000717814196832,
        "dvar": 2.43622395146e-07,
        "dvar2": 4.62025184333e-07,
        "max": 0.0088861156255,
        "mean": 0.00482657412067,
        "median": 0.00512320455164,
        "min": 3.30938358314e-12,
        "var": 2.49337858804e-06
    },
    "spectral_rolloff": {
        "dmean": 582.23449707,
        "dmean2": 965.816040039,
        "dvar": 826774.25,
        "dvar2": 1734949.5,
        "max": 19207.6171875,
        "mean": 2213.453125,
        "median": 1873.38867188,
        "min": 21.533203125,
        "var": 1835293.25
    },
    "spectral_skewness": {
        "dmean": 0.153179973364,
        "dmean2": 0.241944268346,
        "dvar": 0.0224781148136,
        "dvar2": 0.0484939403832,
        "max": 2.69569826126,
        "mean": 1.29245245457,
        "median": 1.26322889328,
        "min": -0.176199555397,
        "var": 0.110519692302
    },
    "spectral_spread": {
        "dmean": 388735.15625,
        "dmean2": 575250.875,
        "dvar": 415891030016,
        "dvar2": 621778632704,
        "max": 40504972,
        "mean": 4806368.5,
        "median": 4680159,
        "min": 1788868.75,
        "var": 1.31306343629e+12
    },
    "spectral_strongpeak": {
        "dmean": 0.901078462601,
        "dmean2": 1.48181462288,
        "dvar": 1.12800610065,
        "dvar2": 2.68343877792,
        "max": 12.1027841568,
        "mean": 1.98896491528,
        "median": 1.40355813503,
        "min": 0,
        "var": 3.20375323296
    },
    "zerocrossingrate": {
        "dmean": 0.0096919471398,
        "dmean2": 0.01155883912,
        "dvar": 0.000162069627549,
        "dvar2": 0.000172156389453,
        "max": 0.52001953125,
        "mean": 0.0825035199523,
        "median": 0.07861328125,
        "min": 0.00390625,
        "var": 0.000968723557889
    },
    "barkbands": {
        "dmean": [2.25660969591e-05, 9.45379724726e-05, 0.000193898304133, 0.000358256744221, 0.00157345656771, 0.00132150785066, 0.00100849359296, 0.00110278604552, 0.00172037433367, 0.00122078438289, 0.00113957421854, 0.000727175269276, 0.000922480598092, 0.000597350124735, 0.000567805720493, 0.000417137955083, 0.000222483417019, 0.000233587634284, 0.000217706678086, 0.000149211060489, 0.000171389023308, 0.000187504672795, 0.000128084386233, 0.000106408551801, 2.57997453446e-05, 3.56251302946e-06, 1.95900554445e-07],
        "dmean2": [3.94911658077e-05, 0.000165799618117, 0.000329611939378, 0.000604900589678, 0.00254198093899, 0.00207587936893, 0.00158742256463, 0.00167852756567, 0.00267865788192, 0.0018381238915, 0.00172198202927, 0.00115305359941, 0.00144452776294, 0.000957973184995, 0.000937487813644, 0.000682831450831, 0.000366503110854, 0.000387597014196, 0.000358108460205, 0.000238773340243, 0.000271804980002, 0.000288469571387, 0.000198257461307, 0.000165162680787, 3.9382630348e-05, 5.62180503039e-06, 3.20693260392e-07],
        "dvar": [7.89520626654e-09, 3.06685414841e-08, 1.11019836879e-07, 4.48835749012e-07, 4.26553879151e-06, 6.94001892043e-06, 6.68139500704e-06, 5.7233746702e-06, 1.50474534166e-05, 8.95824996405e-06, 6.11593168287e-06, 2.34631443163e-06, 2.95539939543e-06, 1.35008940561e-06, 1.26643067233e-06, 5.2838549891e-07, 1.44149780112e-07, 1.08730063175e-07, 1.1577176906e-07, 4.73450256777e-08, 1.17253748044e-07, 1.08774983687e-07, 5.0614865188e-08, 4.34400249105e-08, 3.90905396941e-09, 2.90981162776e-11, 1.13570570591e-13],
        "dvar2": [1.99372411913e-08, 8.22323684702e-08, 3.06834465391e-07, 1.20295771922e-06, 1.08122485472e-05, 1.60786239576e-05, 1.50849164129e-05, 1.2924382645e-05, 3.47265049641e-05, 1.81687646545e-05, 1.21311031762e-05, 5.10179370394e-06, 6.49051253276e-06, 3.0811668239e-06, 3.21472589349e-06, 1.28691976897e-06, 3.70337772893e-07, 2.8567217214e-07, 2.94838287118e-07, 1.08226231532e-07, 2.60597232682e-07, 2.30933181911e-07, 1.11415332071e-07, 1.0121957672e-07, 8.13739120531e-09, 7.02316052537e-11, 2.90040046017e-13],
        "max": [0.00487370043993, 0.0030604316853, 0.00566757004708, 0.0145853962749, 0.0289052426815, 0.0686348825693, 0.0672246292233, 0.0483804196119, 0.0685779154301, 0.0683539286256, 0.056976981461, 0.0310734435916, 0.0461688674986, 0.0359528325498, 0.0304854828864, 0.0156537666917, 0.00807674601674, 0.00589842069894, 0.00611481070518, 0.00566928554326, 0.0103820078075, 0.00856515392661, 0.00467550521716, 0.00481234770268, 0.00153478002176, 0.000126119804918, 4.26354381489e-06],
        "mean": [2.08584006032e-05, 0.00011946374434, 0.000282775668893, 0.000523109862115, 0.00321211386472, 0.00262578786351, 0.00182632729411, 0.00185827992391, 0.00274753407575, 0.00219707330689, 0.0020461762324, 0.00122289580759, 0.00172990257852, 0.00104843231384, 0.000993628287688, 0.000731879787054, 0.000438412564108, 0.000480858405354, 0.00044960755622, 0.000338993297191, 0.000398802250857, 0.000502910406794, 0.00033036316745, 0.000236784369918, 6.17007535766e-05, 9.0659068519e-06, 3.10362850087e-07],
        "median": [6.12532585365e-06, 5.83717555855e-05, 0.000145356694702, 0.000273533485597, 0.00218748161569, 0.0015197021421, 0.000810726196505, 0.000790869700722, 0.000945639039855, 0.00061578664463, 0.000667108804919, 0.00045331614092, 0.000661319063511, 0.00043919676682, 0.000538688967936, 0.000393653928768, 0.000267925206572, 0.000328622816596, 0.000299664534396, 0.000234267528867, 0.000213678082218, 0.000271574885119, 0.000191994651686, 0.000130763335619, 3.7307770981e-05, 5.91488333157e-06, 9.32701667011e-08],
        "min": [3.51306187935e-24, 2.08762769451e-24, 6.25271663862e-24, 1.21236348543e-23, 1.00606050261e-22, 3.22271578562e-23, 7.90795586591e-24, 1.08495345622e-23, 3.93201817528e-23, 1.07993341363e-22, 3.8260776267e-23, 9.75251697729e-23, 9.23320542576e-23, 9.09409769374e-23, 1.09865428198e-22, 2.30882067935e-22, 8.28183664971e-23, 1.57928022094e-22, 2.11658108277e-22, 3.84107481914e-22, 3.89018311443e-22, 5.53578861457e-22, 7.0737881861e-22, 8.06314446438e-22, 1.17989953362e-21, 1.9727179205e-21, 2.78881459557e-21],
        "var": [6.47469500237e-09, 3.89348038254e-08, 1.56405832286e-07, 5.82113841574e-07, 1.07951209429e-05, 1.65732944879e-05, 1.38115865411e-05, 1.09437160063e-05, 2.67178111244e-05, 2.70475011348e-05, 1.88319227163e-05, 5.16723002875e-06, 9.49543391471e-06, 3.41022678185e-06, 2.55007853411e-06, 1.19648836971e-06, 3.40689439327e-07, 2.59228528421e-07, 2.65045542847e-07, 1.2612835576e-07, 3.30914133428e-07, 4.32096356917e-07, 1.52010642296e-07, 9.14835567301e-08, 8.86130813171e-09, 8.35777766439e-11, 2.25207168452e-13]
    },
    "erbbands": {
        "dmean": [0.00144889566582, 0.027086397633, 0.176886990666, 0.661762416363, 2.59171938896, 6.66821241379, 7.83540582657, 13.8427038193, 13.224319458, 19.1397285461, 19.9107589722, 38.330745697, 39.6783866882, 35.5573997498, 44.542175293, 22.8426742554, 38.1022796631, 31.3299617767, 30.6734771729, 21.7208023071, 18.8222675323, 10.2574005127, 13.2865991592, 13.532377243, 7.65077352524, 6.5768866539, 7.57767820358, 6.11959028244, 7.17902183533, 5.53485155106, 3.52352046967, 2.75698423386, 1.31723678112, 0.411805689335, 0.129909783602, 0.0290630180389, 0.00402968609706, 0.000355891737854, 3.8736659917e-05, 7.16978775017e-06],
        "dmean2": [0.00257319957018, 0.0471606291831, 0.300392895937, 1.11620914936, 4.38771009445, 10.7953767776, 12.3466749191, 21.6504077911, 20.3387432098, 29.6011428833, 30.3212280273, 59.1834716797, 59.9929428101, 53.5986404419, 68.2439346313, 36.0342826843, 59.7178268433, 49.8152694702, 49.8587760925, 35.4684295654, 30.751991272, 16.8440799713, 22.1183357239, 22.1133670807, 12.4661960602, 10.5563411713, 11.9310245514, 9.68770217896, 11.1486988068, 8.58652210236, 5.42785453796, 4.27116250992, 2.03708982468, 0.631931245327, 0.197198167443, 0.0452113635838, 0.00639330781996, 0.000569422147237, 6.20883220108e-05, 1.0760526493e-05],
        "dvar": [3.95933147956e-06, 0.00266483938321, 0.0969100594521, 1.42141568661, 17.6455440521, 86.5789642334, 152.319824219, 944.193237305, 1496.45483398, 1478.60229492, 2439.44506836, 7443.94042969, 8240.39648438, 8723.62988281, 8424.31347656, 1992.02478027, 4891.67773438, 3106.96069336, 3581.80322266, 1507.37304688, 1206.15771484, 265.405639648, 400.489746094, 547.8828125, 149.89704895, 99.6422729492, 240.715332031, 180.714675903, 172.313858032, 88.8799819946, 42.8733177185, 29.5398521423, 6.74640798569, 1.02699434757, 0.0777093619108, 0.00232138345018, 3.31489463861e-05, 2.91062747237e-07, 4.35407887522e-09, 6.21107679177e-11],
        "dvar2": [1.09922993943e-05, 0.00711335940287, 0.266703099012, 3.82374763489, 48.6963005066, 221.194519043, 344.359741211, 2175.95727539, 3241.49462891, 3611.98657227, 5399.02929688, 17319.890625, 17809.1542969, 17938.6972656, 18617.9140625, 4573.34082031, 10767.6640625, 7274.90136719, 9088.46386719, 3635.6184082, 3016.19555664, 689.267883301, 1067.72546387, 1390.140625, 375.970062256, 229.177368164, 503.966033936, 408.403076172, 375.526580811, 201.255432129, 95.6113357544, 67.8399887085, 15.3073940277, 2.16846346855, 0.156564354897, 0.00504999794066, 8.16275278339e-05, 7.22265099284e-07, 1.08837427959e-08, 1.29331809151e-10],
        "max": [0.0351495184004, 0.89301264286, 5.87149238586, 25.1203079224, 77.8882904053, 141.607345581, 342.122375488, 821.353027344, 1122.84631348, 997.612426758, 1368.39001465, 1964.35266113, 2455.05249023, 2783.88769531, 2680.84350586, 1387.77746582, 1829.30224609, 1702.12915039, 1384.31066895, 1192.75561523, 881.204528809, 402.030914307, 330.5284729, 476.778503418, 254.020141602, 220.79901123, 681.333251953, 393.156280518, 353.859863281, 266.331176758, 152.262786865, 145.403945923, 47.7962036133, 27.9561843872, 7.42940998077, 1.12867808342, 0.144380256534, 0.00740404333919, 0.00100280588958, 0.000110076900455],
        "mean": [0.00181380426511, 0.035794198513, 0.265688806772, 1.08731734753, 4.16245603561, 12.8087024689, 15.9830627441, 26.2065906525, 26.3886699677, 34.8087272644, 34.6640205383, 63.62084198, 73.5556259155, 70.0725097656, 91.1446609497, 45.4791221619, 73.9792480469, 63.2291259766, 59.1667823792, 43.0958328247, 36.8266410828, 23.0378246307, 28.2336521149, 28.3785495758, 17.7885742188, 15.596736908, 17.4301071167, 14.7725772858, 18.496181488, 14.0732069016, 9.10994529724, 6.37429332733, 2.8547437191, 0.977901339531, 0.30688226223, 0.0744996666908, 0.0104588987306, 0.000815717678051, 8.28575357446e-05, 3.88349944842e-05],
        "median": [0.00114534376189, 0.0178165566176, 0.141888529062, 0.647772789001, 2.5321097374, 8.14106845856, 10.186340332, 14.2364110947, 12.0516223907, 18.1113948822, 16.2316398621, 24.9506797791, 25.3290252686, 25.4224433899, 32.9264755249, 23.061290741, 32.9323196411, 33.6610221863, 33.6271972656, 28.5696792603, 21.4971008301, 16.3504867554, 19.9355773926, 18.2899627686, 12.0858364105, 11.0870952606, 9.69009780884, 8.20845222473, 9.52313041687, 8.51685237885, 5.1362786293, 3.50719118118, 1.58793354034, 0.580481827259, 0.190940380096, 0.0481424853206, 0.00665324181318, 0.000443387340056, 4.55940644315e-05, 3.86189713026e-05],
        "min": [1.04416563978e-22, 4.91426921494e-22, 5.69540347372e-21, 1.96646454816e-20, 5.09019451672e-20, 4.36648689634e-19, 4.47305205767e-19, 3.4050579723e-19, 1.6668605704e-19, 1.70779037183e-19, 4.06475182991e-19, 9.95288114852e-19, 2.42518747009e-18, 2.30091599077e-18, 2.46412761781e-18, 3.76292194789e-18, 4.39029129322e-18, 3.70679236666e-18, 6.48851184476e-18, 6.56544998148e-18, 1.26170512305e-17, 5.20148167735e-18, 9.03440378458e-18, 1.20120463674e-17, 9.38125136877e-18, 1.63541035184e-17, 1.93220854588e-17, 1.50140990502e-17, 1.81759324216e-17, 2.07313712664e-17, 2.17169404227e-17, 1.75111869203e-17, 1.30731180885e-17, 1.22439902927e-17, 8.93736309102e-18, 6.31567286935e-18, 4.05302576924e-18, 1.52232934407e-18, 4.00448939584e-19, 4.12718147718e-20],
        "var": [4.47700585937e-06, 0.00350645417348, 0.137404620647, 1.98087739944, 25.8723182678, 201.797103882, 433.307830811, 2054.87109375, 3362.98999023, 2749.50366211, 4392.36523438, 13505.9326172, 23282.703125, 27263.234375, 34829.7109375, 5377.17431641, 14945.8886719, 8224.43164062, 7988.83007812, 3288.07202148, 3137.12451172, 650.36895752, 879.744628906, 1258.01660156, 387.920898438, 262.995697021, 695.456298828, 428.102111816, 659.081176758, 278.36895752, 121.598205566, 65.9491882324, 14.3757810593, 2.28699612617, 0.19177249074, 0.00650125555694, 0.00010852432024, 8.80400023107e-07, 9.81607239936e-09, 4.72723027389e-10]
    },
    "gfcc": {
        "mean": [23.3388252258, 70.6008758545, -155.271499634, 22.1165180206, -90.3594818115, 12.8794851303, -52.3994064331, -2.77418279648, -28.2615356445, -4.65237426758, -16.3658390045, -3.78753495216, -9.15286540985],
        "cov": [[3408.58325195, -243.0597229, -437.928131104, -55.9340209961, -138.164138794, 35.3218841553, 88.8532485962, -201.495925903, 17.4992313385, -166.091674805, -28.4148159027, -4.14305639267, -26.3363380432], [-243.0597229, 504.187347412, 87.1220092773, -53.896156311, 64.4991531372, -134.426895142, -64.5294647217, -42.0952835083, -27.9427757263, -10.1030187607, 29.077085495, -25.8364677429, -5.29712581635], [-437.928131104, 87.1220092773, 376.687042236, 87.8479766846, -71.5757904053, -4.82942438126, -58.6912269592, 8.62818527222, -10.7451038361, 5.54089403152, -7.96290493011, 3.64715003967, -8.23859214783], [-55.9340209961, -53.896156311, 87.8479766846, 207.606246948, 5.83480644226, 4.91388654709, -29.9535579681, -8.41612148285, 15.4856481552, 1.66295325756, -15.7866506577, -2.1275677681, -16.8172912598], [-138.164138794, 64.4991531372, -71.5757904053, 5.83480644226, 168.964874268, 13.4056663513, 2.40008473396, 14.0657186508, -18.9964771271, 18.243724823, 2.3171005249, -6.38842391968, -5.44512701035], [35.3218841553, -134.426895142, -4.82942438126, 4.91388654709, 13.4056663513, 166.275665283, 70.2777633667, 18.3338108063, -15.6488523483, -11.6686792374, -20.456697464, 2.25945162773, -6.04470920563], [88.8532485962, -64.5294647217, -58.6912269592, -29.9535579681, 2.40008473396, 70.2777633667, 158.494537354, 24.3740406036, -4.75738525391, 1.15850496292, -24.195230484, 4.09142112732, -11.0469741821], [-201.495925903, -42.0952835083, 8.62818527222, -8.41612148285, 14.0657186508, 18.3338108063, 24.3740406036, 104.581817627, 32.2255020142, 14.3303852081, -2.32572579384, -1.84373867512, 8.45823287964], [17.4992313385, -27.9427757263, -10.7451038361, 15.4856481552, -18.9964771271, -15.6488523483, -4.75738525391, 32.2255020142, 83.7280273438, 24.3376522064, -2.02188301086, -1.49357068539, -4.40766525269], [-166.091674805, -10.1030187607, 5.54089403152, 1.66295325756, 18.243724823, -11.6686792374, 1.15850496292, 14.3303852081, 24.3376522064, 80.5539093018, 22.3532371521, -2.97285056114, -7.37212085724], [-28.4148159027, 29.077085495, -7.96290493011, -15.7866506577, 2.3171005249, -20.456697464, -24.195230484, -2.32572579384, -2.02188301086, 22.3532371521, 68.0230255127, 18.5040225983, 6.9735918045], [-4.14305639267, -25.8364677429, 3.64715003967, -2.1275677681, -6.38842391968, 2.25945162773, 4.09142112732, -1.84373867512, -1.49357068539, -2.97285056114, 18.5040225983, 56.047870636, 21.8804759979], [-26.3363380432, -5.29712581635, -8.23859214783, -16.8172912598, -5.44512701035, -6.04470920563, -11.0469741821, 8.45823287964, -4.40766525269, -7.37212085724, 6.9735918045, 21.8804759979, 67.7214508057]],
        "icov": [[0.000510115467478, 0.000216655971599, 0.000478422967717, 1.24556818264e-05, 0.000271142780548, 3.04091427097e-05, -0.000287963281153, 0.00109484407585, -0.000670028559398, 0.0011279793689, -0.000373424729332, 0.000305690628011, 0.000136288814247], [0.000216655971599, 0.00448990613222, -0.00232142815366, 0.00200432981364, -0.00345467822626, 0.00372552499175, -0.00137494632509, 0.00271553569473, -0.00139758177102, 0.00324871926568, -0.00271736877039, 0.00311667844653, -0.000322381849401], [0.000478422967717, -0.00232142815366, 0.00585240405053, -0.00266454159282, 0.00462053576484, -0.00240130512975, 0.00240236590616, -0.00208064494655, 0.0026228367351, -0.00216752756387, 0.002504439326, -0.0025404363405, 0.00136134424247], [1.24556818264e-05, 0.00200432981364, -0.00266454159282, 0.00694956118241, -0.00281263375655, 0.00108288496267, 0.000349545123754, 0.00224837148562, -0.00262473430485, 0.00155058281962, 0.000219912340981, 0.000598750892095, 0.000991831766441], [0.000271142780548, -0.00345467822626, 0.00462053576484, -0.00281263375655, 0.0110494522378, -0.00354251591489, 0.00242798752151, -0.00384634640068, 0.00485766399652, -0.00477015646175, 0.00303145754151, -0.00257779937238, 0.00146515457891], [3.04091427097e-05, 0.00372552499175, -0.00240130512975, 0.00108288496267, -0.00354251591489, 0.0110712936148, -0.00443000020459, 0.000816837593447, 0.00047365546925, 0.00330219883472, -0.00133461423684, 0.00203410163522, 2.92569220619e-05], [-0.000287963281153, -0.00137494632509, 0.00240236590616, 0.000349545123754, 0.00242798752151, -0.00443000020459, 0.0106118619442, -0.00387058453634, 0.00298006739467, -0.00385916535743, 0.00526993349195, -0.00418647890911, 0.00275761913508], [0.00109484407585, 0.00271553569473, -0.00208064494655, 0.00224837148562, -0.00384634640068, 0.000816837593447, -0.00387058453634, 0.0167851094157, -0.00879772566259, 0.00420036260039, -0.00332134985365, 0.00423645135015, -0.00316286715679], [-0.000670028559398, -0.00139758177102, 0.0026228367351, -0.00262473430485, 0.00485766399652, 0.00047365546925, 0.00298006739467, -0.00879772566259, 0.0198072995991, -0.00841687247157, 0.00477608293295, -0.00331729464233, 0.00226807338186], [0.0011279793689, 0.00324871926568, -0.00216752756387, 0.00155058281962, -0.00477015646175, 0.00330219883472, -0.00385916535743, 0.00420036260039, -0.00841687247157, 0.0216501075774, -0.00979261100292, 0.00543386582285, 0.000632952898741], [-0.000373424729332, -0.00271736877039, 0.002504439326, 0.000219912340981, 0.00303145754151, -0.00133461423684, 0.00526993349195, -0.00332134985365, 0.00477608293295, -0.00979261100292, 0.0232866853476, -0.0102137792856, 0.0015475298278], [0.000305690628011, 0.00311667844653, -0.0025404363405, 0.000598750892095, -0.00257779937238, 0.00203410163522, -0.00418647890911, 0.00423645135015, -0.00331729464233, 0.00543386582285, -0.0102137792856, 0.0262937340885, -0.00810344237834], [0.000136288814247, -0.000322381849401, 0.00136134424247, 0.000991831766441, 0.00146515457891, 2.92569220619e-05, 0.00275761913508, -0.00316286715679, 0.00226807338186, 0.000632952898741, 0.0015475298278, -0.00810344237834, 0.0188467018306]]
    },
    "melbands": {
        "dmean": [1.92732113646e-05, 7.12450928404e-05, 0.000158108960022, 0.00031258148374, 0.000292542012176, 0.000289269897621, 0.000202705021366, 0.000224260569667, 0.000155744477524, 0.000270593416644, 0.000202722003451, 0.000147368657053, 0.000145765166963, 0.000102274214441, 4.44753277407e-05, 0.000111661225674, 5.63860012335e-05, 5.28658165422e-05, 4.05293685617e-05, 3.27026318701e-05, 2.08169331017e-05, 1.189192335e-05, 1.31999076984e-05, 1.13679043352e-05, 1.25107835629e-05, 6.4431624196e-06, 5.06836659042e-06, 4.90100455863e-06, 5.34839728061e-06, 4.74239959658e-06, 3.78358208764e-06, 4.51311416327e-06, 3.98846623284e-06, 3.07650157083e-06, 2.27133273256e-06, 1.83977147117e-06, 1.89002901152e-06, 1.18601099075e-06, 5.48638126929e-07, 3.13006211172e-07],
        "dmean2": [3.39070211339e-05, 0.00012077424617, 0.000265209499048, 0.000513503502589, 0.000461740070023, 0.0004500009818, 0.000312924181344, 0.000345005420968, 0.000239985747612, 0.000417536211899, 0.000306202768115, 0.000223507580813, 0.000219514404307, 0.000160500334459, 7.08101870259e-05, 0.000174358312506, 9.04639819055e-05, 8.5573803517e-05, 6.70801236993e-05, 5.33327001904e-05, 3.40859478456e-05, 1.96934888663e-05, 2.16624703171e-05, 1.88724552572e-05, 2.05099349841e-05, 1.06008983494e-05, 8.22275524115e-06, 7.92044556874e-06, 8.48672880238e-06, 7.60865168559e-06, 6.01599231231e-06, 7.07287790647e-06, 6.18965304966e-06, 4.87039733343e-06, 3.56753798769e-06, 2.84009684037e-06, 2.98729105452e-06, 1.87365606052e-06, 8.51264076118e-07, 4.88049749947e-07],
        "dvar": [1.01216890425e-09, 1.57954609392e-08, 7.54231379574e-08, 1.96834619715e-07, 1.72216374494e-07, 3.75904363636e-07, 3.00084934679e-07, 1.92875248217e-07, 1.56651822181e-07, 3.76886646336e-07, 2.15439925455e-07, 1.55159995074e-07, 1.02535516078e-07, 3.81968625618e-08, 7.83962228468e-09, 4.94467364831e-08, 1.32145911991e-08, 1.0671196371e-08, 7.48313055965e-09, 3.41827943728e-09, 1.66362223997e-09, 4.21702089914e-10, 4.36505054324e-10, 2.58835758382e-10, 5.0521492545e-10, 1.25056243139e-10, 6.10645700672e-11, 6.09089376158e-11, 1.20536650106e-10, 1.17031051516e-10, 7.31779567498e-11, 7.01217417465e-11, 4.95888122232e-11, 2.7655469928e-11, 1.67211192809e-11, 1.40553740521e-11, 1.51919015562e-11, 5.88364426624e-12, 1.58186994319e-12, 6.01413721341e-13],
        "dvar2": [2.74075362405e-09, 4.27739728082e-08, 2.03038922564e-07, 5.13268162194e-07, 4.03893949397e-07, 8.58194425746e-07, 6.48419302252e-07, 4.57729555592e-07, 3.45790141409e-07, 8.69433222306e-07, 4.64217890794e-07, 3.1529015132e-07, 2.02605917821e-07, 8.98118912573e-08, 1.80320718357e-08, 1.09868189213e-07, 3.06871577038e-08, 2.62791228778e-08, 1.85435862221e-08, 8.18726419993e-09, 4.22182733217e-09, 1.08370834528e-09, 1.10932740771e-09, 6.84287682073e-10, 1.28141308675e-09, 3.23949839176e-10, 1.49613932354e-10, 1.42571274231e-10, 2.44229775292e-10, 2.78131490061e-10, 1.62340293985e-10, 1.57032872816e-10, 1.0927287547e-10, 6.55423562645e-11, 3.92428728402e-11, 3.0539321072e-11, 3.70715506903e-11, 1.41895098102e-11, 3.41427212024e-12, 1.30566835555e-12],
        "max": [0.000529076089151, 0.00237953104079, 0.00562305841595, 0.00793513003737, 0.00930600985885, 0.0161252077669, 0.015956139192, 0.00944688450545, 0.0120252724737, 0.0129651725292, 0.0122975651175, 0.0119928559288, 0.00842831656337, 0.00369926379062, 0.00279623852111, 0.0061802752316, 0.0038299029693, 0.00202284869738, 0.00341332191601, 0.00159869960044, 0.000900133978575, 0.00051334744785, 0.000484905118356, 0.000269403797574, 0.000469023245387, 0.000225498937652, 0.000184404023457, 0.000173923093826, 0.000452854845207, 0.000289052230073, 0.000353186478605, 0.000225712821702, 0.000189767466509, 0.000136406917591, 9.05101478565e-05, 9.99762123683e-05, 9.72980560618e-05, 3.73332004528e-05, 3.34659489454e-05, 2.01928014576e-05],
        "mean": [2.49560798693e-05, 0.0001079110516, 0.000257794425124, 0.000596854137257, 0.000613058509771, 0.000555586593691, 0.000399187614676, 0.000402373203542, 0.00026088199229, 0.00043535878649, 0.00036464133882, 0.000273258949164, 0.000285041809548, 0.000185776560102, 8.06934767752e-05, 0.000207439938094, 0.000103029466118, 9.49180612224e-05, 7.02698525856e-05, 5.56999002583e-05, 3.8905411202e-05, 2.29841971304e-05, 2.57873289229e-05, 2.32913462241e-05, 2.38263055508e-05, 1.29841646412e-05, 1.09933289423e-05, 1.01872192317e-05, 1.11044810183e-05, 9.68152016867e-06, 8.17024647404e-06, 1.06906618385e-05, 9.5213217719e-06, 7.06020182406e-06, 5.3582361943e-06, 4.39526684204e-06, 3.74554861082e-06, 2.26468955589e-06, 1.19052663194e-06, 6.83544612912e-07],
        "median": [1.41916043503e-05, 5.85147681704e-05, 0.000158906361321, 0.000390525441617, 0.000405556551414, 0.000305352674332, 0.000184608536074, 0.000200838185265, 0.000112803725642, 0.00015347203589, 0.000115931245091, 8.45929898787e-05, 9.60706238402e-05, 7.13144399924e-05, 4.12294866692e-05, 6.80488737999e-05, 4.90588645334e-05, 4.69135557069e-05, 3.72031645384e-05, 3.05127159663e-05, 2.03642121051e-05, 1.48902781802e-05, 1.61053976626e-05, 1.5597219317e-05, 1.35840491566e-05, 7.94993320596e-06, 7.00965301803e-06, 6.71284442433e-06, 6.23480809736e-06, 4.62223215436e-06, 4.30735462942e-06, 5.05173147758e-06, 4.78554056826e-06, 4.1046350816e-06, 2.90779098577e-06, 2.31132958106e-06, 1.96714699996e-06, 1.16875457934e-06, 6.76531954014e-07, 3.91412640965e-07],
        "min": [9.41244673244e-25, 2.06362068501e-24, 4.73301199788e-24, 1.41480246976e-23, 2.0472690184e-23, 6.80490822822e-24, 2.44264606465e-24, 2.14106710438e-24, 4.26557404621e-24, 5.81627737065e-24, 1.3179451023e-23, 1.07619686352e-23, 6.55652511702e-24, 1.0786588984e-23, 1.06292017671e-23, 8.43067009007e-24, 6.42494745676e-24, 1.06801448266e-23, 8.02660606808e-24, 1.06930718903e-23, 1.63323316348e-23, 4.72765208246e-24, 5.33367001821e-24, 9.60296551574e-24, 1.02783148587e-23, 5.83184435732e-24, 7.18220304425e-24, 1.2043630159e-23, 1.34186691482e-23, 9.93321503396e-24, 8.30705164191e-24, 9.30488258979e-24, 1.1672829246e-23, 1.16368642884e-23, 1.3033435236e-23, 8.95992239341e-24, 1.22422866342e-23, 8.1112429546e-24, 1.1073261037e-23, 9.82795259021e-24],
        "var": [1.22471699449e-09, 2.31604921908e-08, 1.05883074752e-07, 4.17779432382e-07, 4.97202051974e-07, 8.7762413159e-07, 6.99011707184e-07, 3.82458864578e-07, 2.79283511873e-07, 6.91932200425e-07, 6.01413660206e-07, 4.86752469442e-07, 3.80744097583e-07, 1.00953563731e-07, 1.88941768897e-08, 1.59994968385e-07, 3.1789308963e-08, 2.43842226411e-08, 1.4290223227e-08, 6.7138357096e-09, 4.40964065263e-09, 8.85343187651e-10, 1.11768583277e-09, 6.16931006281e-10, 1.11136611025e-09, 2.7315694151e-10, 1.57787866106e-10, 1.39868602811e-10, 2.96027230506e-10, 2.79911815948e-10, 1.59719626414e-10, 2.42091680036e-10, 1.74142519849e-10, 7.32697097439e-11, 4.44547766654e-11, 3.44341603842e-11, 2.64973928216e-11, 1.01284779175e-11, 3.40765241545e-12, 1.24589726556e-12]
    },
    "mfcc": {
        "mean": [-601.875427246, 92.2728652954, -14.1767282486, -0.618379592896, -15.6872520447, -0.742631196976, -15.7142047882, -4.45205545425, -12.23640728, -4.74156618118, -7.92281007767, -6.67533397675, -8.32131481171],
        "cov": [[3472.55566406, -355.103393555, -315.256439209, -143.637283325, -216.881134033, 124.910446167, -67.0759963989, 99.4209899902, -74.1735076904, -1.89760291576, -72.0597763062, -89.9449157715, -118.707290649], [-355.103393555, 554.459411621, -24.9433441162, 34.8842773438, 50.6463050842, -79.8898391724, -8.21598148346, -74.1849517822, -43.4983634949, -41.6274414062, -0.988435447216, 0.258193939924, 7.13970708847], [-315.256439209, -24.9433441162, 416.220794678, 52.8487625122, -0.344990462065, -5.57467508316, -43.660068512, -0.633123219013, -19.8785305023, -14.7719240189, -5.82334518433, -5.98840522766, -4.96693229675], [-143.637283325, 34.8842773438, 52.8487625122, 183.854415894, 45.791469574, -4.46178436279, -35.9467163086, -29.8151798248, -9.88094806671, -6.59190797806, 2.60630679131, 9.18077373505, 21.5831127167], [-216.881134033, 50.6463050842, -0.344990462065, 45.791469574, 165.255981445, -18.6629428864, -11.55423069, -26.4341011047, -5.7124376297, -11.4151582718, -9.10441207886, 10.1604318619, 19.5948123932], [124.910446167, -79.8898391724, -5.57467508316, -4.46178436279, -18.6629428864, 128.597229004, 42.8801040649, 27.7224369049, 4.05581998825, 2.48734092712, 14.7919044495, -14.488617897, -20.755979538], [-67.0759963989, -8.21598148346, -43.660068512, -35.9467163086, -11.55423069, 42.8801040649, 124.950012207, 33.8009719849, 16.5397510529, 5.26901912689, 2.41452431679, -1.27506053448, -7.36057853699], [99.4209899902, -74.1849517822, -0.633123219013, -29.8151798248, -26.4341011047, 27.7224369049, 33.8009719849, 103.576690674, 33.541217804, 5.52004146576, 3.52209115028, -8.8019657135, -13.1827325821], [-74.1735076904, -43.4983634949, -19.8785305023, -9.88094806671, -5.7124376297, 4.05581998825, 16.5397510529, 33.541217804, 86.1705856323, 29.6810054779, 4.95689582825, 0.130124732852, 2.61469173431], [-1.89760291576, -41.6274414062, -14.7719240189, -6.59190797806, -11.4151582718, 2.48734092712, 5.26901912689, 5.52004146576, 29.6810054779, 84.0012969971, 23.0029277802, 1.48939549923, 0.595306932926], [-72.0597763062, -0.988435447216, -5.82334518433, 2.60630679131, -9.10441207886, 14.7919044495, 2.41452431679, 3.52209115028, 4.95689582825, 23.0029277802, 73.1719284058, 23.572769165, -1.22401356697], [-89.9449157715, 0.258193939924, -5.98840522766, 9.18077373505, 10.1604318619, -14.488617897, -1.27506053448, -8.8019657135, 0.130124732852, 1.48939549923, 23.572769165, 64.7259979248, 27.44962883], [-118.707290649, 7.13970708847, -4.96693229675, 21.5831127167, 19.5948123932, -20.755979538, -7.36057853699, -13.1827325821, 2.61469173431, 0.595306932926, -1.22401356697, 27.44962883, 71.0878677368]],
