{
"lowlevel": {
    "average_loudness": 0.878711760044,
    "barkbands_crest": {
        "dmean": 2.272595644,
        "dmean2": 3.68757462502,
        "dvar": 4.73960924149,
        "dvar2": 11.7448167801,
        "max": 26.1012802124,
        "mean": 8.63112831116,
        "median": 7.64294862747,
        "min": 2.23289775848,
        "var": 13.7907028198
    },
    "barkbands_flatness_db": {
        "dmean": 0.0171833205968,
        "dmean2": 0.0264851916581,
        "dvar": 0.00027955029509,
        "dvar2": 0.000590948038734,
        "max": 0.418611049652,
        "mean": 0.116947956383,
        "median": 0.110836826265,
        "min": 0.0172958560288,
        "var": 0.00187994248699
    },
    "barkbands_kurtosis": {
        "dmean": 1.25403392315,
        "dmean2": 1.97911286354,
        "dvar": 20.3392677307,
        "dvar2": 32.7180633545,
        "max": 402.624359131,
        "mean": 1.10113596916,
        "median": 0.0029718875885,
        "min": -1.91813564301,
        "var": 42.4325714111
    },
    "barkbands_skewness": {
        "dmean": 0.410355657339,
        "dmean2": 0.637705385685,
        "dvar": 0.205287113786,
        "dvar2": 0.412416547537,
        "max": 16.0758094788,
        "mean": 0.414283722639,
        "median": 0.513702988625,
        "min": -3.85840821266,
        "var": 1.35068190098
    },
    "barkbands_spread": {
        "dmean": 6.05976819992,
        "dmean2": 9.54838466644,
        "dvar": 47.1799736023,
        "dvar2": 114.204406738,
        "max": 101.129295349,
        "mean": 29.4457206726,
        "median": 27.4189472198,
        "min": 0.331874549389,
        "var": 195.332397461
    },
    "dissonance": {
        "dmean": 0.0153275346383,
        "dmean2": 0.0258669611067,
        "dvar": 0.000272814853815,
        "dvar2": 0.000730118656065,
        "max": 0.500000119209,
        "mean": 0.469624429941,
        "median": 0.476350277662,
        "min": 0.177516698837,
        "var": 0.000783417781349
    },
    "dynamic_complexity": 3.36086249352,
    "erbbands_crest": {
        "dmean": 2.59240007401,
        "dmean2": 4.25621318817,
        "dvar": 6.62703943253,
        "dvar2": 17.1248550415,
        "max": 29.6780796051,
        "mean": 8.96292972565,
        "median": 8.15960407257,
        "min": 2.24227333069,
        "var": 19.9566478729
    },
    "erbbands_flatness_db": {
        "dmean": 0.0162477977574,
        "dmean2": 0.0239909235388,
        "dvar": 0.000257602077909,
        "dvar2": 0.000525892188307,
        "max": 0.39804276824,
        "mean": 0.170616492629,
        "median": 0.167445734143,
        "min": 0.0682299807668,
        "var": 0.0024362874683
    },
    "erbbands_kurtosis": {
        "dmean": 0.846238791943,
        "dmean2": 1.35716092587,
        "dvar": 2.57260966301,
        "dvar2": 5.41557025909,
        "max": 71.2281951904,
        "mean": 0.216874033213,
        "median": -0.224124193192,
        "min": -1.82177221775,
        "var": 5.70430898666
    },
    "erbbands_skewness": {
        "dmean": 0.335362792015,
        "dmean2": 0.518113017082,
        "dvar": 0.125688999891,
        "dvar2": 0.254155546427,
        "max": 7.86176490784,
        "mean": -0.0199372898787,
        "median": -0.125416919589,
        "min": -4.61071825027,
        "var": 0.6861525774
    },
    "erbbands_spread": {
        "dmean": 7.07196235657,
        "dmean2": 11.0953102112,
        "dvar": 57.7676315308,
        "dvar2": 136.99395752,
        "max": 107.110809326,
        "mean": 36.281867981,
        "median": 34.7666473389,
        "min": 1.4793510437,
        "var": 213.248321533
    },
    "hfc": {
        "dmean": 9.67153072357,
        "dmean2": 14.4270906448,
        "dvar": 293.776733398,
        "dvar2": 610.224609375,
        "max": 266.823486328,
        "mean": 28.0161361694,
        "median": 21.498966217,
        "min": 1.0540008157e-16,
        "var": 845.148498535
    },
    "melbands_crest": {
        "dmean": 3.03989839554,
        "dmean2": 4.94095373154,
        "dvar": 8.62401390076,
        "dvar2": 22.1146717072,
        "max": 32.1672210693,
        "mean": 11.4580087662,
        "median": 10.8655252457,
        "min": 1.49823141098,
        "var": 32.9347763062
    },
    "melbands_flatness_db": {
        "dmean": 0.0211267881095,
        "dmean2": 0.0322918482125,
        "dvar": 0.000520229164977,
        "dvar2": 0.00111096526962,
        "max": 0.497676491737,
        "mean": 0.128909632564,
        "median": 0.131953895092,
        "min": 0.00253181019798,
        "var": 0.00442695198581
    },
    "melbands_kurtosis": {
        "dmean": 2.76113986969,
        "dmean2": 4.43346643448,
        "dvar": 30.0695400238,
        "dvar2": 68.282409668,
        "max": 241.849304199,
        "mean": 4.23169851303,
        "median": 2.1795964241,
        "min": -1.91847980022,
        "var": 64.396270752
    },
    "melbands_skewness": {
        "dmean": 0.507460176945,
        "dmean2": 0.798279643059,
        "dvar": 0.310773938894,
        "dvar2": 0.710200190544,
        "max": 9.90639305115,
        "mean": 1.47542750835,
        "median": 1.38285171986,
        "min": -1.44385826588,
        "var": 1.3104121685
    },
    "melbands_spread": {
        "dmean": 11.9362297058,
        "dmean2": 18.8873977661,
        "dvar": 263.577758789,
        "dvar2": 521.891113281,
        "max": 244.992843628,
        "mean": 51.7889823914,
        "median": 39.0687561035,
        "min": 0.523408949375,
        "var": 1607.93017578
    },
    "pitch_salience": {
        "dmean": 0.0624563507736,
        "dmean2": 0.100026890635,
        "dvar": 0.003494520206,
        "dvar2": 0.00864153821021,
        "max": 0.922411262989,
        "mean": 0.607168674469,
        "median": 0.609147250652,
        "min": 0.173039406538,
        "var": 0.0152842774987
    },
    "silence_rate_20dB": {
        "dmean": 0,
        "dmean2": 0,
        "dvar": 0,
        "dvar2": 0,
        "max": 1,
        "mean": 1,
        "median": 1,
        "min": 1,
        "var": 0
    },
    "silence_rate_30dB": {
        "dmean": 0.00127931765746,
        "dmean2": 0.00255890819244,
        "dvar": 0.00127787748352,
        "dvar2": 0.0034046145156,
        "max": 1,
        "mean": 0.999147236347,
        "median": 1,
        "min": 0,
        "var": 0.000852257187944
    },
    "silence_rate_60dB": {
        "dmean": 0.0226012784988,
        "dmean2": 0.0452073775232,
        "dvar": 0.0220861844718,
        "dvar2": 0.0516942106187,
        "max": 1,
        "mean": 0.18985183537,
        "median": 0,
        "min": 0,
        "var": 0.153826415539
    },
    "spectral_centroid": {
        "dmean": 310.714324951,
        "dmean2": 487.302490234,
        "dvar": 121694.570312,
        "dvar2": 252948.90625,
        "max": 11882.3935547,
        "mean": 2935.05419922,
        "median": 2110.49072266,
        "min": 241.244232178,
        "var": 7681242
    },
    "spectral_complexity": {
        "dmean": 3.77910447121,
        "dmean2": 5.79827260971,
        "dvar": 23.640581131,
        "dvar2": 49.250087738,
        "max": 60,
        "mean": 17.4784145355,
        "median": 17,
        "min": 0,
        "var": 121.423568726
    },
    "spectral_decrease": {
        "dmean": 1.31950139703e-09,
        "dmean2": 2.01424632529e-09,
        "dvar": 3.73444749607e-18,
        "dvar2": 8.15252916274e-18,
        "max": 2.63166138635e-21,
        "mean": -4.29171187477e-09,
        "median": -3.82806319976e-09,
        "min": -3.62866963144e-08,
        "var": 1.32649859403e-17
    },
    "spectral_energy": {
        "dmean": 0.00564186181873,
        "dmean2": 0.00856824032962,
        "dvar": 6.49810463074e-05,
        "dvar2": 0.000139887051773,
        "max": 0.155848503113,
        "mean": 0.0187391024083,
        "median": 0.0173247996718,
        "min": 9.84261160745e-21,
        "var": 0.000239277360379
    },
    "spectral_energyband_high": {
        "dmean": 0.00104863266461,
        "dmean2": 0.00158275384456,
        "dvar": 5.04759600517e-06,
        "dvar2": 1.06536872408e-05,
        "max": 0.0382350459695,
        "mean": 0.00220504705794,
        "median": 0.000920728722122,
        "min": 6.72970074125e-21,
        "var": 1.16977480502e-05
    },
    "spectral_energyband_low": {
        "dmean": 0.00141732988413,
        "dmean2": 0.00231122248806,
        "dvar": 1.16241535579e-05,
        "dvar2": 2.80378299067e-05,
        "max": 0.105744488537,
        "mean": 0.00221710442565,
        "median": 0.000950222136453,
        "min": 8.98550830801e-24,
        "var": 1.73108910531e-05
    },
    "spectral_energyband_middle_high": {
        "dmean": 0.00203430326656,
        "dmean2": 0.00306767248549,
        "dvar": 9.91542037809e-06,
        "dvar2": 2.15933268919e-05,
        "max": 0.107065238059,
        "mean": 0.00661021191627,
        "median": 0.00411059195176,
        "min": 1.03776340875e-21,
        "var": 5.28353448317e-05
    },
    "spectral_energyband_middle_low": {
        "dmean": 0.0035020201467,
        "dmean2": 0.0054148985073,
        "dvar": 3.77203832613e-05,
        "dvar2": 8.59571082401e-05,
        "max": 0.131690189242,
        "mean": 0.00807194318622,
        "median": 0.00434764195234,
        "min": 1.20985968825e-22,
        "var": 0.000102592661278
    },
    "spectral_entropy": {
        "dmean": 0.13176356256,
        "dmean2": 0.190158978105,
        "dvar": 0.0217151697725,
        "dvar2": 0.0408949814737,
        "max": 9.83817577362,
        "mean": 7.90263128281,
        "median": 7.74787807465,
        "min": 4.90727186203,
        "var": 0.542001664639
    },
    "spectral_flux": {
        "dmean": 0.0204605329782,
        "dmean2": 0.0328147485852,
        "dvar": 0.000573969213292,
        "dvar2": 0.00135683245026,
        "max": 0.34121286869,
        "mean": 0.0731023550034,
        "median": 0.0722041577101,
        "min": 6.02327840382e-11,
        "var": 0.00210258318111
    },
    "spectral_kurtosis": {
        "dmean": 1.11718261242,
        "dmean2": 1.90698349476,
        "dvar": 2.73174071312,
        "dvar2": 7.54352712631,
        "max": 60.6608428955,
        "mean": 2.7911567688,
        "median": 2.16559410095,
        "min": -1.28050410748,
        "var": 13.678355217
    },
    "spectral_rms": {
        "dmean": 0.000597146805376,
        "dmean2": 0.000891063187737,
        "dvar": 5.35446361027e-07,
        "dvar2": 1.06953984869e-06,
        "max": 0.0123307472095,
        "mean": 0.00374585133977,
        "median": 0.00411123409867,
        "min": 3.09879791098e-12,
        "var": 4.25077496402e-06
    },
    "spectral_rolloff": {
        "dmean": 712.010742188,
        "dmean2": 1178.32226562,
        "dvar": 969492.75,
        "dvar2": 2108123.5,
        "max": 19810.546875,
        "mean": 4389.26660156,
        "median": 2562.45117188,
        "min": 129.19921875,
        "var": 25446674
    },
    "spectral_skewness": {
        "dmean": 0.171588897705,
        "dmean2": 0.278969347477,
        "dvar": 0.0357319451869,
        "dvar2": 0.0874937698245,
        "max": 6.51279306412,
        "mean": 1.03331649303,
        "median": 1.03833663464,
        "min": -0.39558044076,
        "var": 0.347785323858
    },
    "spectral_spread": {
        "dmean": 468940.03125,
        "dmean2": 712411.875,
        "dvar": 475120828416,
        "dvar2": 1.01210364314e+12,
        "max": 43327324,
        "mean": 7938379,
        "median": 4334557.5,
        "min": 1321547.125,
        "var": 1.18064574104e+14
    },
    "spectral_strongpeak": {
        "dmean": 0.757336616516,
        "dmean2": 1.25207364559,
        "dvar": 1.43860173225,
        "dvar2": 3.63987445831,
        "max": 16.2642993927,
        "mean": 1.51293385029,
        "median": 0.871592342854,
        "min": 0,
        "var": 3.04513049126
    },
    "zerocrossingrate": {
        "dmean": 0.0123262386769,
        "dmean2": 0.0148939052597,
        "dvar": 0.000247609277721,
        "dvar2": 0.000266544113401,
        "max": 0.76318359375,
        "mean": 0.132579728961,
        "median": 0.08935546875,
        "min": 0.01025390625,
        "var": 0.0168210510164
    },
    "barkbands": {
        "dmean": [8.14511877252e-05, 0.000787680502981, 0.000655300682411, 0.000441458978457, 0.000935161253437, 0.000985870021395, 0.00106955284718, 0.000441128213424, 0.000833995523863, 0.000661748170387, 0.00040154819726, 0.000317824509693, 0.00043737370288, 0.000416443537688, 0.000370414491044, 0.000386371772038, 0.000246719486313, 0.000258630898315, 0.000159463277669, 0.000286215392407, 0.000376346433768, 0.000250234239502, 0.00022925453959, 0.000197873669094, 3.59319819836e-05, 1.44823115988e-05, 1.27217516521e-08],
        "dmean2": [0.000142779419548, 0.00126054615248, 0.00110119534656, 0.000737890484743, 0.00150301202666, 0.00154269568156, 0.00169223034754, 0.000687930500135, 0.00130003038794, 0.000993425142951, 0.000623546773568, 0.000484884309117, 0.000671065878123, 0.000653803755995, 0.000610920251347, 0.000625586428214, 0.000397302879719, 0.000411933957366, 0.000259594322415, 0.000456775072962, 0.000606215151493, 0.000389645749237, 0.000347587891156, 0.000299449515296, 5.45586372027e-05, 2.2136277039e-05, 2.25969802869e-08],
        "dvar": [1.90432309921e-08, 3.99461305278e-06, 3.69091844732e-06, 1.84533064385e-06, 5.91371599512e-06, 6.64939670969e-06, 9.79604919848e-06, 1.93197456611e-06, 5.97203688812e-06, 4.86914359499e-06, 1.10221174054e-06, 7.6745448041e-07, 1.32109562401e-06, 1.14836836929e-06, 5.82526411108e-07, 6.10239510479e-07, 3.86942502928e-07, 2.97329734167e-07, 1.07297481122e-07, 3.55311044586e-07, 5.24432323346e-07, 4.63136728968e-07, 6.9326273433e-07, 3.45927304579e-07, 9.3307690463e-09, 1.75244796452e-09, 3.14371619692e-15],
        "dvar2": [5.44346896447e-08, 9.57699921855e-06, 9.33889532462e-06, 4.80253174828e-06, 1.30365378936e-05, 1.56701335072e-05, 2.32014590438e-05, 4.117613571e-06, 1.36592871058e-05, 1.11480749183e-05, 2.53585494647e-06, 1.5878973727e-06, 2.906550435e-06, 2.65722519543e-06, 1.48531046307e-06, 1.52102734319e-06, 9.42212579957e-07, 6.99099132362e-07, 2.73199503908e-07, 7.99244958216e-07, 1.30939224618e-06, 1.06278662315e-06, 1.40940699112e-06, 7.43494979361e-07, 1.96990193047e-08, 4.07079925324e-09, 8.62468428652e-15],
        "max": [0.00206995033659, 0.0414628833532, 0.0592661350965, 0.0330664180219, 0.0969179049134, 0.0686964318156, 0.0778431743383, 0.0394923575222, 0.0834675654769, 0.0931129530072, 0.0277959853411, 0.0197223927826, 0.0271412134171, 0.0234311409295, 0.0264607165009, 0.0186364483088, 0.0286008119583, 0.0109543949366, 0.00638040620834, 0.0283453539014, 0.0112800085917, 0.0129562672228, 0.0235795471817, 0.0128296483308, 0.00279201031663, 0.000684172788169, 1.47127934724e-06],
        "mean": [9.47806620388e-05, 0.00108950107824, 0.000826760660857, 0.000517725478858, 0.00142082152888, 0.0016620233655, 0.00186957593542, 0.000718928175047, 0.00157263851725, 0.00121088582091, 0.000809490098618, 0.000582410255447, 0.000799152767286, 0.000665474857669, 0.00062353129033, 0.000647246197332, 0.000455694796983, 0.000472305808216, 0.000278985040495, 0.000585816334933, 0.000738170580007, 0.000346241227817, 0.0003800742561, 0.000295887468383, 5.71176060475e-05, 1.78610953299e-05, 9.45094846827e-09],
        "median": [3.68479632016e-05, 0.000339607271599, 0.000229529643548, 0.000129985681269, 0.000380641082302, 0.000325857981807, 0.000335080840159, 0.000134525995236, 0.000197710411157, 0.000137976836413, 0.000114048489195, 0.000137535200338, 0.000123785677715, 0.000148832070408, 0.000304521614453, 0.000211453749216, 0.000151519503561, 0.000200659589609, 0.000130587024614, 0.000234131002799, 0.000245636765612, 6.98715084582e-05, 7.24202545825e-05, 5.56457634957e-05, 1.57168415171e-05, 2.51030223808e-06, 8.57396542653e-10],
        "min": [1.022141373e-25, 1.19980625949e-24, 1.16512845179e-25, 1.59755278752e-25, 2.07320317564e-24, 4.93948332362e-24, 3.29569697616e-24, 3.48497606454e-24, 6.95562404847e-24, 1.25878274322e-23, 9.334729931e-24, 1.46329990272e-23, 8.99182156183e-24, 2.07870433661e-23, 3.11608198607e-23, 4.17348060976e-23, 4.02304862166e-23, 8.53510706977e-23, 8.40928627974e-23, 1.42130647015e-22, 1.93385035242e-22, 2.73882358386e-22, 3.52808358959e-22, 4.77057889525e-22, 7.62500379699e-22, 1.20323002547e-21, 1.81696764675e-21],
        "var": [2.52433807191e-08, 5.38924177818e-06, 4.63341257273e-06, 1.81430630164e-06, 1.08158528747e-05, 1.48589178934e-05, 2.14721530938e-05, 4.5347469495e-06, 1.87716941582e-05, 1.23901963889e-05, 4.65473976874e-06, 2.54151200352e-06, 4.15098611484e-06, 2.65634980678e-06, 1.39179974212e-06, 1.60262686677e-06, 9.00748148069e-07, 6.1582932176e-07, 2.00068342338e-07, 8.68448694291e-07, 1.28307794967e-06, 7.25095787857e-07, 1.38756740853e-06, 6.09291817e-07, 1.69071565637e-08, 2.10605111128e-09, 2.25193492258e-15]
    },
    "erbbands": {
        "dmean": [0.0241670235991, 0.186102762818, 0.651046454906, 1.11093902588, 2.49613046646, 3.16085076332, 5.25730371475, 8.84094524384, 14.2241153717, 14.1752080917, 10.4307785034, 16.2713298798, 22.5413188934, 17.4781608582, 14.7245368958, 12.1972742081, 17.6691017151, 20.0306568146, 15.0587091446, 25.7474250793, 16.2917575836, 13.2009973526, 11.9329605103, 10.5190172195, 8.67758083344, 12.7978715897, 16.5926094055, 11.9046440125, 8.69033813477, 8.3773059845, 6.45557355881, 5.15162658691, 2.36802053452, 0.547381520271, 0.216486394405, 0.0739134922624, 0.0329626724124, 0.00121416791808, 3.32221279677e-05, 9.82658639259e-06],
        "dmean2": [0.038587462157, 0.299665540457, 1.10383594036, 1.83475089073, 3.94491648674, 5.2245016098, 8.32420539856, 13.9593086243, 22.5784664154, 22.1223278046, 16.2046966553, 24.7012367249, 33.4175605774, 25.8499946594, 21.6975345612, 17.7488327026, 26.3422164917, 30.7309513092, 24.1994762421, 42.6100387573, 25.7784824371, 21.2217960358, 18.9725875854, 16.816110611, 14.204536438, 20.089056015, 26.2768993378, 19.4759273529, 13.6854295731, 12.9065532684, 9.7366771698, 7.71909666061, 3.6411948204, 0.835081875324, 0.330568820238, 0.112901009619, 0.0515675097704, 0.0018753700424, 4.95166677865e-05, 1.4516524061e-05],
        "dvar": [0.00335420062765, 0.238136723638, 3.41917419434, 11.0447692871, 43.6306762695, 96.5798416138, 259.312194824, 598.693969727, 2436.95874023, 1166.20239258, 1188.03686523, 2987.73168945, 5324.24511719, 2040.66125488, 1325.76550293, 1069.47216797, 2116.17260742, 2664.67504883, 1310.88647461, 3198.33862305, 1363.72143555, 956.337646484, 580.957214355, 408.122283936, 361.426055908, 750.025024414, 1013.39788818, 716.726867676, 571.637817383, 628.944519043, 628.668579102, 234.941390991, 52.8285179138, 2.46532130241, 0.312097936869, 0.0341716520488, 0.0157890617847, 1.69193135662e-05, 9.11307740381e-09, 2.36440228507e-10],
        "dvar2": [0.00814822223037, 0.571803689003, 8.71331691742, 28.5688400269, 102.67792511, 206.073547363, 606.140991211, 1447.03308105, 5864.30078125, 2703.18237305, 2494.0949707, 6606.4296875, 12018.1757812, 4461.47900391, 2787.59204102, 1980.66210938, 4354.5625, 6275.72460938, 3225.73632812, 8314.32226562, 3233.50854492, 2318.09399414, 1364.67285156, 975.092102051, 908.597839355, 1664.50866699, 2343.45727539, 1865.63366699, 1332.20141602, 1353.5447998, 1295.86352539, 474.056610107, 119.856956482, 5.34657478333, 0.68864685297, 0.0776323974133, 0.0390892326832, 4.11564869864e-05, 2.12166284541e-08, 4.87623108558e-10],
        "max": [0.855245292187, 12.5534687042, 61.4899520874, 79.2569351196, 162.772232056, 541.375915527, 415.918060303, 892.199523926, 1491.02502441, 770.327148438, 1051.6583252, 2240.31689453, 3146.04882812, 1156.60522461, 837.434265137, 1005.26147461, 1355.86914062, 1341.1270752, 1342.08520508, 1391.92468262, 1283.1842041, 1139.04772949, 652.355224609, 360.404998779, 434.398468018, 1346.41113281, 815.569458008, 494.731292725, 478.812133789, 584.833984375, 737.186523438, 388.614929199, 214.359237671, 42.4589958191, 16.4874095917, 2.96873521805, 2.35027360916, 0.0916039124131, 0.00165570690297, 0.000204552867217],
        "mean": [0.0341371968389, 0.239823967218, 0.816723525524, 1.45496022701, 3.07467293739, 4.69156885147, 8.68523788452, 15.0327320099, 23.7459564209, 25.5054969788, 20.5168266296, 30.6260623932, 39.6662406921, 37.8066673279, 28.5664367676, 23.4561672211, 36.2584953308, 37.6073532104, 28.2365722656, 41.1018447876, 32.2764892578, 26.3719272614, 23.7209320068, 20.3314971924, 16.414150238, 27.8320446014, 36.5445518494, 20.0539150238, 12.3785152435, 12.4238138199, 10.7906293869, 7.95739555359, 3.51530599594, 0.85988432169, 0.337207019329, 0.107605062425, 0.033648300916, 0.00132994400337, 5.13180857524e-05, 2.92958156933e-05],
        "median": [0.00900739524513, 0.0783060342073, 0.263045430183, 0.496209800243, 0.755841314793, 1.26718091965, 1.4396071434, 3.42773485184, 4.26498031616, 6.58624124527, 3.33787989616, 4.04356193542, 7.68417215347, 6.80862236023, 7.4003572464, 7.06606388092, 6.92144536972, 8.84860515594, 12.703130722, 19.0703639984, 9.80253124237, 9.81909751892, 10.4693613052, 9.61401176453, 8.01414394379, 11.5656719208, 11.9617538452, 6.44964170456, 3.00221705437, 2.33045649529, 2.05948376656, 1.48835933208, 0.708898246288, 0.233338490129, 0.0877793356776, 0.0205772221088, 0.00308551336639, 0.000124331723782, 2.13511793845e-05, 2.5892888516e-05],
        "min": [3.79525178242e-23, 1.52355849447e-22, 3.65993089828e-22, 2.61219941789e-21, 4.72783601327e-21, 7.82196285176e-21, 2.0206526331e-20, 4.18327498559e-20, 6.4672902935e-20, 8.52286125755e-20, 1.42941217171e-19, 2.28150940302e-19, 3.66256886127e-19, 4.13744497913e-19, 6.44889702785e-19, 8.73132356737e-19, 7.60888600504e-19, 1.5128220403e-18, 1.70447017225e-18, 2.10258454965e-18, 2.79346730395e-18, 3.3901846445e-18, 4.90958080612e-18, 4.90319083589e-18, 5.70337558197e-18, 7.56635672064e-18, 7.78978730308e-18, 7.73002102228e-18, 8.61472542899e-18, 8.81536222247e-18, 1.01696554086e-17, 7.39403183799e-18, 8.29389929251e-18, 6.34177455358e-18, 5.63687687816e-18, 3.59502868537e-18, 2.08567160126e-18, 7.82202511649e-19, 2.22465831349e-19, 2.46187965756e-20],
        "var": [0.00502619845793, 0.292259633541, 3.95438408852, 12.2329835892, 52.5515327454, 167.729293823, 706.102172852, 1285.60620117, 4298.42138672, 2951.93188477, 4651.48730469, 8798.14355469, 11366.3105469, 8212.4921875, 3994.57495117, 3399.51977539, 7850.88085938, 8345.92773438, 4112.6171875, 5123.84228516, 5161.41162109, 2349.26074219, 1335.2232666, 886.085327148, 636.889099121, 1970.50061035, 3382.75292969, 1054.83361816, 860.294006348, 1176.04504395, 1215.10290527, 468.607543945, 86.0474700928, 4.23990678787, 0.536935567856, 0.0543969608843, 0.014331641607, 1.66757909028e-05, 1.07831787943e-08, 6.85505596731e-10]
    },
    "gfcc": {
        "mean": [-116.098014832, 64.8212585449, -132.267181396, 38.9030952454, -64.5639266968, 16.5262889862, -35.9319458008, 8.31147289276, -19.2111110687, 4.70444774628, -11.5504560471, -2.95886111259, -4.20330715179],
        "cov": [[119778.554688, 6594.65576172, -14692.8291016, 4940.59472656, -7645.7109375, 2080.18945312, -4038.09667969, 943.184326172, -2157.93310547, 578.657470703, -1257.16015625, -271.468139648, -427.86529541], [6594.65576172, 1509.40380859, -973.684875488, 111.360748291, -273.908691406, -149.978515625, -223.08732605, 27.9774780273, -123.133811951, -24.5994625092, -45.3312263489, -145.375564575, 36.4990882874], [-14692.8291016, -973.684875488, 2522.1574707, -368.431060791, 908.109069824, -217.932266235, 407.433868408, -107.657157898, 299.16104126, -82.0175476074, 91.9917678833, 125.778877258, -5.16144227982], [4940.59472656, 111.360748291, -368.431060791, 566.310791016, -244.784225464, 145.988479614, -224.728042603, 49.9231262207, -17.8445491791, 18.8080482483, -64.5858230591, 33.4857597351, -18.3746299744], [-7645.7109375, -273.908691406, 908.109069824, -244.784225464, 751.623779297, -126.099815369, 223.569839478, -15.3526964188, 149.44052124, -31.5773849487, 55.8457260132, 14.4148254395, 3.33055639267], [2080.18945312, -149.978515625, -217.932266235, 145.988479614, -126.099815369, 295.400299072, 49.8789176941, 21.0734577179, -85.1505050659, 28.7084693909, -19.6226215363, -4.68783760071, -16.6693515778], [-4038.09667969, -223.08732605, 407.433868408, -224.728042603, 223.569839478, 49.8789176941, 379.336517334, -28.1998538971, 5.21416282654, 1.58462774754, 87.3538284302, -40.3397521973, 48.2040939331], [943.184326172, 27.9774780273, -107.657157898, 49.9231262207, -15.3526964188, 21.0734577179, -28.1998538971, 136.689224243, 47.5754547119, 13.1100511551, -19.783624649, 13.9621648788, -18.7518615723], [-2157.93310547, -123.133811951, 299.16104126, -17.8445491791, 149.44052124, -85.1505050659, 5.21416282654, 47.5754547119, 204.89894104, 9.52231693268, 32.7619667053, 37.0168609619, 10.8890810013], [578.657470703, -24.5994625092, -82.0175476074, 18.8080482483, -31.5773849487, 28.7084693909, 1.58462774754, 13.1100511551, 9.52231693268, 92.9841918945, 36.4649848938, 21.1290397644, -4.19731807709], [-1257.16015625, -45.3312263489, 91.9917678833, -64.5858230591, 55.8457260132, -19.6226215363, 87.3538284302, -19.783624649, 32.7619667053, 36.4649848938, 117.025856018, 12.9060869217, 36.289390564], [-271.468139648, -145.375564575, 125.778877258, 33.4857597351, 14.4148254395, -4.68783760071, -40.3397521973, 13.9621648788, 37.0168609619, 21.1290397644, 12.9060869217, 113.854248047, 5.42489480972], [-427.86529541, 36.4990882874, -5.16144227982, -18.3746299744, 3.33055639267, -16.6693515778, 48.2040939331, -18.7518615723, 10.8890810013, -4.19731807709, 36.289390564, 5.42489480972, 99.7633209229]],
        "icov": [[0.000243436719757, -0.000429779756814, 0.000529827666469, -0.000714906491339, 0.000981089309789, -0.000532624137122, 0.000595462333877, -0.000621934828814, 0.000665354833473, -0.000594181474298, 0.000471055449452, -0.000377087882953, 0.000322195293847], [-0.000429779756814, 0.00203482201323, -0.000533986778464, 0.000960017670877, -0.0018922862364, 0.00211017718539, -0.000754054111894, 0.000639249745291, -0.000498632201925, 0.00112119375262, -0.00101587106474, 0.00198709196411, -0.00117516808677], [0.000529827666469, -0.000533986778464, 0.00243857991882, -0.0018106327625, 0.00136207335163, -0.000392199755879, 0.000111743458547, -0.000234898398048, 0.000506469747052, -0.000395326118451, 0.00145073852036, -0.00203036819585, 0.00156199838966], [-0.000714906491339, 0.000960017670877, -0.0018106327625, 0.005418819841, -0.00254648854025, -0.000866210844833, 0.000485697877593, 0.00152388191782, -0.00266547477804, 0.00165435858071, -0.0012630734127, 0.000986082712188, -0.00175455119461], [0.000981089309789, -0.0018922862364, 0.00136207335163, -0.00254648854025, 0.00670097954571, -0.00185838784091, 0.00162736931816, -0.00279323593713, 0.00187922117766, -0.00223592296243, 0.00191440165509, -0.00133409735281, 0.00173287070356], [-0.000532624137122, 0.00211017718539, -0.000392199755879, -0.000866210844833, -0.00185838784091, 0.00858952198178, -0.0045695528388, 0.000471830746392, 0.000899189326447, 8.66019472596e-05, 0.000291884236503, 0.00066773238359, 0.000320719002048], [0.000595462333877, -0.000754054111894, 0.000111743458547, 0.000485697877593, 0.00162736931816, -0.0045695528388, 0.00935757160187, -0.00324659561738, 0.00319317239337, -0.00177913205698, -0.00266439002007, 0.00323060667142, -0.00265446444973], [-0.000621934828814, 0.000639249745291, -0.000234898398048, 0.00152388191782, -0.00279323593713, 0.000471830746392, -0.00324659561738, 0.0124014783651, -0.00636951718479, 0.00120165897533, 0.00157975591719, -0.00156538560987, 0.00169537018519], [0.000665354833473, -0.000498632201925, 0.000506469747052, -0.00266547477804, 0.00187922117766, 0.000899189326447, 0.00319317239337, -0.00636951718479, 0.0114008774981, -0.00284191034734, -0.00109086884186, -0.0001202403364, -0.00104196195025], [-0.000594181474298, 0.00112119375262, -0.000395326118451, 0.00165435858071, -0.00223592296243, 8.66019472596e-05, -0.00177913205698, 0.00120165897533, -0.00284191034734, 0.0167227815837, -0.00697503052652, -0.0020177802071, 0.00216104788706], [0.000471055449452, -0.00101587106474, 0.00145073852036, -0.0012630734127, 0.00191440165509, 0.000291884236503, -0.00266439002007, 0.00157975591719, -0.00109086884186, -0.00697503052652, 0.0162156093866, -0.00286160246469, -0.00211375392973], [-0.000377087882953, 0.00198709196411, -0.00203036819585, 0.000986082712188, -0.00133409735281, 0.00066773238359, 0.00323060667142, -0.00156538560987, -0.0001202403364, -0.0020177802071, -0.00286160246469, 0.0148264672607, -0.00380385457538], [0.000322195293847, -0.00117516808677, 0.00156199838966, -0.00175455119461, 0.00173287070356, 0.000320719002048, -0.00265446444973, 0.00169537018519, -0.00104196195025, 0.00216104788706, -0.00211375392973, -0.00380385457538, 0.014370540157]]
    },
    "melbands": {
        "dmean": [0.000213732972043, 0.000298801489407, 0.000229703538935, 0.000195552041987, 0.000172415646375, 0.000199066460482, 0.000217995460844, 0.000139942698297, 9.18894656934e-05, 0.000109834167233, 0.000114273250801, 7.52116538933e-05, 5.66726812394e-05, 3.57547978638e-05, 3.8593167119e-05, 4.39296418335e-05, 3.67758657376e-05, 2.56244547927e-05, 3.09250390274e-05, 2.93293196592e-05, 2.02800183615e-05, 1.50789237523e-05, 1.07064652184e-05, 1.56293717737e-05, 8.50246397022e-06, 6.28200268693e-06, 8.02430167823e-06, 9.66579773376e-06, 1.1718461792e-05, 9.18487603485e-06, 6.73095519232e-06, 4.58235626866e-06, 5.58752526558e-06, 4.74532544104e-06, 4.27915620094e-06, 2.89218587568e-06, 3.63788058166e-06, 2.15651402868e-06, 6.70487622756e-07, 4.14946782712e-07],
        "dmean2": [0.000340811588103, 0.000500162888784, 0.00037244419218, 0.000313678261591, 0.000277549261227, 0.000312768912409, 0.000344784231856, 0.000217681474169, 0.000143051307532, 0.00016820053861, 0.000168996455614, 0.000111607274448, 8.58252169564e-05, 5.31300538569e-05, 5.88617003814e-05, 6.75339106238e-05, 5.60030930501e-05, 4.12757835875e-05, 5.08487173647e-05, 4.83291296405e-05, 3.21945117321e-05, 2.43099257204e-05, 1.71618103195e-05, 2.49105069088e-05, 1.37048009492e-05, 1.02416643131e-05, 1.30840135171e-05, 1.5188571524e-05, 1.85837288882e-05, 1.48548961079e-05, 1.12465640996e-05, 7.27690576241e-06, 8.86600173544e-06, 7.4014214988e-06, 6.49017738397e-06, 4.37543303633e-06, 5.61704791835e-06, 3.37150891028e-06, 1.03984552879e-06, 6.47894410122e-07],
        "dvar": [2.77259147197e-07, 6.43572718673e-07, 3.66666853324e-07, 2.75629787438e-07, 2.52226811881e-07, 2.94728351946e-07, 4.98206020438e-07, 1.13341201313e-07, 9.69645199689e-08, 1.31965535388e-07, 1.3617454897e-07, 4.23153565521e-08, 2.05362393757e-08, 9.21064113868e-09, 1.35341915453e-08, 1.14931451023e-08, 9.5575352077e-09, 4.57128512821e-09, 3.85895759791e-09, 4.45036274499e-09, 2.45168596535e-09, 1.32162247812e-09, 1.05487873991e-09, 1.32225819183e-09, 2.69219341265e-10, 1.78686371255e-10, 3.09419961875e-10, 5.02762775856e-10, 5.19955245526e-10, 3.58001434053e-10, 2.62992211342e-10, 1.68312128124e-10, 2.34701841295e-10, 2.44582964992e-10, 3.24656967976e-10, 9.55515180867e-11, 1.21538154541e-10, 4.54619571155e-11, 5.34548707382e-12, 1.37696277991e-12],
        "dvar2": [6.57786074498e-07, 1.59774810982e-06, 9.23306174627e-07, 6.328285167e-07, 5.86313433359e-07, 7.16538011147e-07, 1.19241519769e-06, 2.60657628814e-07, 2.08614224562e-07, 2.98648814123e-07, 3.06301444652e-07, 9.32283370503e-08, 4.66315590586e-08, 1.86302955285e-08, 2.81374585853e-08, 2.64107757886e-08, 2.15002771142e-08, 1.09607345422e-08, 9.57084278497e-09, 1.14228706494e-08, 5.67553959385e-09, 3.21882764887e-09, 2.58524490704e-09, 3.10818526472e-09, 6.60466070723e-10, 4.60080085141e-10, 7.77432340726e-10, 1.09553155436e-09, 1.20304655127e-09, 9.08925212872e-10, 6.9488798049e-10, 3.89979909476e-10, 5.50599343896e-10, 5.35959554515e-10, 6.95360213854e-10, 1.87447515843e-10, 2.7230320776e-10, 1.07200054389e-10, 1.28540598304e-11, 3.0634847957e-12],
        "max": [0.00877494364977, 0.0279374103993, 0.013461236842, 0.0176102053374, 0.0146031649783, 0.0171262547374, 0.0206118486822, 0.00771821383387, 0.00914538372308, 0.0156377833337, 0.016426442191, 0.00600168853998, 0.00319653586484, 0.00274442462251, 0.00306918332353, 0.00229314528406, 0.00244884379208, 0.00220278976485, 0.00158497027587, 0.0016773971729, 0.00169282080606, 0.00107660435606, 0.00192809803411, 0.000730732339434, 0.000301741762087, 0.000240120818489, 0.000322051753756, 0.00124345009681, 0.000652966031339, 0.00033737582271, 0.000305138382828, 0.000274369464023, 0.000279016792774, 0.000385903287679, 0.000587645627093, 0.000255422026385, 0.000214442639844, 0.000158159658895, 8.14019731479e-05, 3.64763145626e-05],
        "mean": [0.000306927919155, 0.000397787371185, 0.000307818700094, 0.000267854105914, 0.000291275704512, 0.000336315657478, 0.000379413075279, 0.000246097071795, 0.000183581127203, 0.000200351074454, 0.000200615657377, 0.000156602589414, 0.000108457694296, 6.46327898721e-05, 6.90394736012e-05, 8.77070488059e-05, 6.35840697214e-05, 4.28039093094e-05, 5.06457254232e-05, 4.51887026429e-05, 3.67781431123e-05, 2.70846376225e-05, 1.96996497834e-05, 2.66920924332e-05, 1.52054954015e-05, 1.09139073174e-05, 1.39437606776e-05, 1.92187908397e-05, 2.46033341682e-05, 1.70553430507e-05, 9.69646953308e-06, 6.22825882601e-06, 7.52241294322e-06, 6.86175599185e-06, 6.84273436491e-06, 4.64529966848e-06, 5.06268816025e-06, 2.92818072012e-06, 1.04084540453e-06, 5.95803044234e-07],
        "median": [9.4460483524e-05, 0.000144226578414, 0.000106893130578, 8.18605622044e-05, 5.3705436585e-05, 7.11794782546e-05, 7.02083561919e-05, 6.2259954575e-05, 1.71204956132e-05, 2.54428068729e-05, 3.14252210956e-05, 2.16699772864e-05, 2.03405161301e-05, 1.50436289914e-05, 1.35528407554e-05, 1.38797322506e-05, 1.31037395477e-05, 1.35734153446e-05, 2.39234504988e-05, 1.70422899828e-05, 7.39998813515e-06, 8.9457971626e-06, 7.57977477406e-06, 9.94028505374e-06, 6.8292611104e-06, 4.75250999443e-06, 5.55016185899e-06, 6.69772134643e-06, 7.24566007193e-06, 5.23335666003e-06, 2.67018845079e-06, 1.31959654937e-06, 1.24745895391e-06, 1.17499564567e-06, 1.20326035358e-06, 9.01550265553e-07, 8.21715275379e-07, 5.19347793215e-07, 2.68899128741e-07, 1.51014049266e-07],
        "min": [8.00083141851e-25, 1.59159775051e-25, 6.44278675727e-25, 5.33380560368e-25, 5.14485418839e-25, 8.97212232452e-25, 6.92053719173e-25, 9.29617849578e-25, 9.01498606788e-25, 1.13842459802e-24, 1.44863409103e-24, 1.08484191129e-24, 2.0687315176e-24, 1.27400691067e-24, 1.79950472913e-24, 1.13822501622e-24, 2.18254836901e-24, 1.77373500994e-24, 2.09902929839e-24, 2.64778796255e-24, 2.72716788e-24, 3.07216081411e-24, 2.79332609424e-24, 3.53334230993e-24, 3.22465669899e-24, 3.1030259831e-24, 3.38522499751e-24, 3.96272995027e-24, 3.9290984433e-24, 3.43977788455e-24, 3.75978877708e-24, 3.48370205418e-24, 4.81990423773e-24, 3.73540311435e-24, 4.98318582334e-24, 5.0816498638e-24, 4.36639638636e-24, 5.18886710488e-24, 5.21317033164e-24, 4.75343087355e-24],
        "var": [4.00980098902e-07, 7.89227385667e-07, 4.31250157362e-07, 3.89842995219e-07, 6.9018551585e-07, 6.29457247214e-07, 9.59732574302e-07, 2.71412886832e-07, 4.580216455e-07, 3.4264144233e-07, 3.05040543935e-07, 1.58986281917e-07, 6.81459866314e-08, 3.52014275506e-08, 4.02106685726e-08, 4.65537937089e-08, 2.83833330172e-08, 1.27616406331e-08, 7.30896720924e-09, 7.40728722803e-09, 8.45062064769e-09, 3.02495672955e-09, 2.156054002e-09, 2.59001953218e-09, 5.38728339716e-10, 3.2089803037e-10, 5.65553437415e-10, 1.23558763221e-09, 1.70868719174e-09, 8.42499237041e-10, 3.19431037177e-10, 2.47223713723e-10, 3.59727331256e-10, 4.29880797626e-10, 5.61606927629e-10, 2.04104094736e-10, 1.90711002546e-10, 6.59765991839e-11, 7.79180366062e-12, 2.18131740969e-12]
    },
    "mfcc": {
        "mean": [-682.729553223, 80.1787948608, -11.9049367905, 18.587934494, -4.30004358292, 4.88313961029, -3.47863960266, -0.287963241339, -1.37843573093, 5.09515810013, -6.31195211411, 3.66638016701, -2.12275648117],
        "cov": [[27549.640625, 3019.78686523, -245.095733643, 1134.16809082, -370.08102417, 391.992553711, -188.776245117, 24.9577159882, -88.5198287964, 310.447692871, -389.306488037, 271.103149414, -171.865570068], [3019.78686523, 1849.65734863, -344.961395264, 209.522842407, 3.89236068726, -137.473815918, -2.86828184128, -98.5124511719, -20.6188259125, 47.7062416077, -57.1958236694, -41.9652404785, 14.9010906219], [-245.095733643, -344.961395264, 611.078857422, 76.688331604, 23.7925949097, 68.5638885498, -77.2952346802, 56.6411514282, -12.6674594879, -36.2361068726, 12.1524381638, -23.1950931549, 10.2915248871], [1134.16809082, 209.522842407, 76.688331604, 301.936584473, 128.962142944, 8.47126960754, -80.6314468384, 13.6252202988, 11.4817714691, -12.6375207901, -5.35062885284, -2.14521431923, 36.497795105], [-370.08102417, 3.89236068726, 23.7925949097, 128.962142944, 292.6925354, -8.02056884766, -108.82157135, 46.8713302612, 22.5569095612, -13.2214078903, 55.6847763062, -51.0185241699, 34.9506988525], [391.992553711, -137.473815918, 68.5638885498, 8.47126960754, -8.02056884766, 190.9581604, 93.5294189453, 18.5630512238, 1.86964869499, 6.41305780411, -6.24473428726, -0.963588058949, -28.8632831573], [-188.776245117, -2.86828184128, -77.2952346802, -80.6314468384, -108.82157135, 93.5294189453, 272.115203857, -2.14642643929, 1.36365580559, 38.22032547, -20.9780158997, 13.1127700806, -42.3701095581], [24.9577159882, -98.5124511719, 56.6411514282, 13.6252202988, 46.8713302612, 18.5630512238, -2.14642643929, 115.756317139, 37.5573043823, 12.7227954865, 27.1100387573, -15.0053138733, -0.239718511701], [-88.5198287964, -20.6188259125, -12.6674594879, 11.4817714691, 22.5569095612, 1.86964869499, 1.36365580559, 37.5573043823, 85.4431152344, 24.6523990631, 10.3206615448, 1.81659388542, -0.900496304035], [310.447692871, 47.7062416077, -36.2361068726, -12.6375207901, -13.2214078903, 6.41305780411, 38.22032547, 12.7227954865, 24.6523990631, 89.0268554688, 15.6705608368, 13.2687273026, -7.74261569977], [-389.306488037, -57.1958236694, 12.1524381638, -5.35062885284, 55.6847763062, -6.24473428726, -20.9780158997, 27.1100387573, 10.3206615448, 15.6705608368, 98.6130218506, 2.21970462799, 10.8537158966], [271.103149414, -41.9652404785, -23.1950931549, -2.14521431923, -51.0185241699, -0.963588058949, 13.1127700806, -15.0053138733, 1.81659388542, 13.2687273026, 2.21970462799, 127.79019165, 27.1398143768], [-171.865570068, 14.9010906219, 10.2915248871, 36.497795105, 34.9506988525, -28.8632831573, -42.3701095581, -0.239718511701, -0.900496304035, -7.74261569977, 10.8537158966, 27.1398143768, 90.6745147705]],
