{
"lowlevel": {
    "average_loudness": 0.900767683983,
    "barkbands_crest": {
        "dmean": 2.70875263214,
        "dmean2": 4.45360660553,
        "dvar": 6.60474300385,
        "dvar2": 16.4722423553,
        "max": 25.6959762573,
        "mean": 8.71676921844,
        "median": 7.3206577301,
        "min": 2.08828687668,
        "var": 19.4902038574
    },
    "barkbands_flatness_db": {
        "dmean": 0.0195075999945,
        "dmean2": 0.0303271990269,
        "dvar": 0.00039146837662,
        "dvar2": 0.000862879329361,
        "max": 0.346887111664,
        "mean": 0.110616005957,
        "median": 0.0993919968605,
        "min": 0.0266231428832,
        "var": 0.00195990270004
    },
    "barkbands_kurtosis": {
        "dmean": 1.86298382282,
        "dmean2": 2.98294019699,
        "dvar": 26.2400913239,
        "dvar2": 62.1116714478,
        "max": 187.92578125,
        "mean": 1.74509263039,
        "median": 0.0534839630127,
        "min": -1.93910574913,
        "var": 40.6753997803
    },
    "barkbands_skewness": {
        "dmean": 0.46823784709,
        "dmean2": 0.729533791542,
        "dvar": 0.304713189602,
        "dvar2": 0.657429635525,
        "max": 11.1374788284,
        "mean": 0.472403049469,
        "median": 0.428625524044,
        "min": -3.28621244431,
        "var": 1.70325756073
    },
    "barkbands_spread": {
        "dmean": 6.66278505325,
        "dmean2": 10.4512825012,
        "dvar": 46.6142883301,
        "dvar2": 100.349601746,
        "max": 120.619316101,
        "mean": 28.802324295,
        "median": 27.6966934204,
        "min": 1.0773806572,
        "var": 189.037826538
    },
    "dissonance": {
        "dmean": 0.0156384538859,
        "dmean2": 0.026731133461,
        "dvar": 0.000318990496453,
        "dvar2": 0.000842226028908,
        "max": 0.500000059605,
        "mean": 0.476355165243,
        "median": 0.483863413334,
        "min": 0.234875544906,
        "var": 0.000599136634264
    },
    "dynamic_complexity": 3.07797813416,
    "erbbands_crest": {
        "dmean": 2.91455459595,
        "dmean2": 4.74778079987,
        "dvar": 9.03546333313,
        "dvar2": 22.2500152588,
        "max": 33.3235359192,
        "mean": 9.17243099213,
        "median": 7.34632968903,
        "min": 2.35299324989,
        "var": 33.9456100464
    },
    "erbbands_flatness_db": {
        "dmean": 0.0164405889809,
        "dmean2": 0.0243244301528,
        "dvar": 0.000258268497419,
        "dvar2": 0.000525133567862,
        "max": 0.388423651457,
        "mean": 0.160632386804,
        "median": 0.151037305593,
        "min": 0.0649735033512,
        "var": 0.00269173062406
    },
    "erbbands_kurtosis": {
        "dmean": 1.00115513802,
        "dmean2": 1.6155642271,
        "dvar": 3.53673291206,
        "dvar2": 8.41166114807,
        "max": 37.9536170959,
        "mean": 0.472753018141,
        "median": -0.112657308578,
        "min": -1.79492938519,
        "var": 6.77101373672
    },
    "erbbands_skewness": {
        "dmean": 0.391245365143,
        "dmean2": 0.612493872643,
        "dvar": 0.170997977257,
        "dvar2": 0.37214756012,
        "max": 5.4883556366,
        "mean": 0.137798517942,
        "median": -0.0219875946641,
        "min": -4.53281831741,
        "var": 0.782530069351
    },
    "erbbands_spread": {
        "dmean": 7.21577882767,
        "dmean2": 11.1791877747,
        "dvar": 63.4086532593,
        "dvar2": 148.268783569,
        "max": 128.85484314,
        "mean": 36.2833900452,
        "median": 33.8936157227,
        "min": 2.45614433289,
        "var": 342.517700195
    },
    "hfc": {
        "dmean": 8.80554008484,
        "dmean2": 12.7242059708,
        "dvar": 170.185409546,
        "dvar2": 346.971862793,
        "max": 202.765060425,
        "mean": 24.2693519592,
        "median": 19.4717216492,
        "min": 1.04897155758e-16,
        "var": 513.850585938
    },
    "melbands_crest": {
        "dmean": 3.67750787735,
        "dmean2": 6.03419971466,
        "dvar": 12.2527351379,
        "dvar2": 30.6644802094,
        "max": 35.9169006348,
        "mean": 11.5520095825,
        "median": 10.6233615875,
        "min": 1.4107298851,
        "var": 40.5935974121
    },
    "melbands_flatness_db": {
        "dmean": 0.0239861793816,
        "dmean2": 0.0365304835141,
        "dvar": 0.000669101136737,
        "dvar2": 0.00141417898703,
        "max": 0.445307910442,
        "mean": 0.121742643416,
        "median": 0.117937728763,
        "min": 0.00142751378007,
        "var": 0.00465795770288
    },
    "melbands_kurtosis": {
        "dmean": 4.60855960846,
        "dmean2": 7.27710342407,
        "dvar": 195.648483276,
        "dvar2": 444.261871338,
        "max": 432.385101318,
        "mean": 6.44841241837,
        "median": 1.77437639236,
        "min": -1.89462053776,
        "var": 346.171813965
    },
    "melbands_skewness": {
        "dmean": 0.601032018661,
        "dmean2": 0.935908019543,
        "dvar": 0.565930068493,
        "dvar2": 1.26012647152,
        "max": 15.3538303375,
        "mean": 1.53441858292,
        "median": 1.18699812889,
        "min": -1.34251868725,
        "var": 2.45029807091
    },
    "melbands_spread": {
        "dmean": 11.5497369766,
        "dmean2": 18.5127220154,
        "dvar": 165.077041626,
        "dvar2": 358.450592041,
        "max": 274.432952881,
        "mean": 49.7449111938,
        "median": 40.4954490662,
        "min": 0.605027973652,
        "var": 1355.94555664
    },
    "pitch_salience": {
        "dmean": 0.0695859342813,
        "dmean2": 0.112939149141,
        "dvar": 0.00431927246973,
        "dvar2": 0.0110370116308,
        "max": 0.989251673222,
        "mean": 0.599542438984,
        "median": 0.605340600014,
        "min": 0.118426196277,
        "var": 0.0162267759442
    },
    "silence_rate_20dB": {
        "dmean": 0,
        "dmean2": 0,
        "dvar": 0,
        "dvar2": 0,
        "max": 1,
        "mean": 1,
        "median": 1,
        "min": 1,
        "var": 0
    },
    "silence_rate_30dB": {
        "dmean": 0.00182253099047,
        "dmean2": 0.0036454773508,
        "dvar": 0.00181880511809,
        "dvar2": 0.00454196240753,
        "max": 1,
        "mean": 0.998405456543,
        "median": 1,
        "min": 0,
        "var": 0.00159226730466
    },
    "silence_rate_60dB": {
        "dmean": 0.0186809431762,
        "dmean2": 0.0373661443591,
        "dvar": 0.018333395943,
        "dvar2": 0.0412164330482,
        "max": 1,
        "mean": 0.174145787954,
        "median": 0,
        "min": 0,
        "var": 0.14382301271
    },
    "spectral_centroid": {
        "dmean": 319.165100098,
        "dmean2": 506.055999756,
        "dvar": 112716.5,
        "dvar2": 249269.984375,
        "max": 11892.2783203,
        "mean": 2969.9440918,
        "median": 2139.98388672,
        "min": 196.707809448,
        "var": 8253216
    },
    "spectral_complexity": {
        "dmean": 4.11481952667,
        "dmean2": 6.10161781311,
        "dvar": 24.7248764038,
        "dvar2": 47.4281158447,
        "max": 59,
        "mean": 19.7782459259,
        "median": 20,
        "min": 0,
        "var": 160.889755249
    },
    "spectral_decrease": {
        "dmean": 1.90323379279e-09,
        "dmean2": 2.85733525729e-09,
        "dvar": 9.50904167442e-18,
        "dvar2": 2.19356089263e-17,
        "max": 2.31877704184e-28,
        "mean": -4.35051417114e-09,
        "median": -3.4346427924e-09,
        "min": -1.12744864111e-07,
        "var": 1.81341813073e-17
    },
    "spectral_energy": {
        "dmean": 0.00783599633723,
        "dmean2": 0.011677772738,
        "dvar": 0.000150280844537,
        "dvar2": 0.000343300285749,
        "max": 0.435160398483,
        "mean": 0.0186211857945,
        "median": 0.0150725096464,
        "min": 9.8361007913e-21,
        "var": 0.000307961716317
    },
    "spectral_energyband_high": {
        "dmean": 0.000638820172753,
        "dmean2": 0.000955054769292,
        "dvar": 1.65335222846e-06,
        "dvar2": 3.63752656085e-06,
        "max": 0.0236066691577,
        "mean": 0.00131991039962,
        "median": 0.000738916452974,
        "min": 6.95717298632e-21,
        "var": 3.47877198692e-06
    },
    "spectral_energyband_low": {
        "dmean": 0.00239996169694,
        "dmean2": 0.00386913772672,
        "dvar": 5.78488288738e-05,
        "dvar2": 0.000148198087118,
        "max": 0.288006275892,
        "mean": 0.00299032079056,
        "median": 0.00114232907072,
        "min": 8.40644969369e-24,
        "var": 5.44860013179e-05
    },
    "spectral_energyband_middle_high": {
        "dmean": 0.0033094084356,
        "dmean2": 0.00492829922587,
        "dvar": 3.14372591674e-05,
        "dvar2": 6.86020721332e-05,
        "max": 0.0901485010982,
        "mean": 0.00790649559349,
        "median": 0.00446628779173,
        "min": 1.02740870691e-21,
        "var": 9.0418405307e-05
    },
    "spectral_energyband_middle_low": {
        "dmean": 0.0041030170396,
        "dmean2": 0.00629315106198,
        "dvar": 5.71203818254e-05,
        "dvar2": 0.000129204810946,
        "max": 0.190404653549,
        "mean": 0.00717561645433,
        "median": 0.00379590783268,
        "min": 1.29614049779e-22,
        "var": 0.000102950099972
    },
    "spectral_entropy": {
        "dmean": 0.124277405441,
        "dmean2": 0.183381378651,
        "dvar": 0.0189466848969,
        "dvar2": 0.0364540033042,
        "max": 9.82674598694,
        "mean": 8.02727603912,
        "median": 7.89863204956,
        "min": 5.59245443344,
        "var": 0.480911940336
    },
    "spectral_flux": {
        "dmean": 0.0215290579945,
        "dmean2": 0.0331849679351,
        "dvar": 0.000652281160001,
        "dvar2": 0.00146873656195,
        "max": 0.520483672619,
        "mean": 0.0786568894982,
        "median": 0.0772529393435,
        "min": 6.08848804706e-11,
        "var": 0.00243958085775
    },
    "spectral_kurtosis": {
        "dmean": 0.952346205711,
        "dmean2": 1.5937693119,
        "dvar": 2.22675895691,
        "dvar2": 5.79024791718,
        "max": 57.4538879395,
        "mean": 2.77164173126,
        "median": 2.51951766014,
        "min": -1.28027129173,
        "var": 9.3635635376
    },
    "spectral_rms": {
        "dmean": 0.000788768753409,
        "dmean2": 0.00113937060814,
        "dvar": 8.61352305037e-07,
        "dvar2": 1.7589293293e-06,
        "max": 0.020604532212,
        "mean": 0.00370253389701,
        "median": 0.00383469508961,
        "min": 3.09777268941e-12,
        "var": 4.45816885986e-06
    },
    "spectral_rolloff": {
        "dmean": 695.471374512,
        "dmean2": 1138.08056641,
        "dvar": 787634,
        "dvar2": 1655641.125,
        "max": 20025.8789062,
        "mean": 4335.75146484,
        "median": 2670.1171875,
        "min": 64.599609375,
        "var": 27292956
    },
    "spectral_skewness": {
        "dmean": 0.154103964567,
        "dmean2": 0.249383926392,
        "dvar": 0.0301637146622,
        "dvar2": 0.0716053023934,
        "max": 6.10118913651,
        "mean": 1.09964025021,
        "median": 1.15539324284,
        "min": -0.157113745809,
        "var": 0.276192188263
    },
    "spectral_spread": {
        "dmean": 453241.25,
        "dmean2": 690083.625,
        "dvar": 453973639168,
        "dvar2": 974350647296,
        "max": 43440256,
        "mean": 8405695,
        "median": 4498315.5,
        "min": 1376305.25,
        "var": 1.26193563075e+14
    },
    "spectral_strongpeak": {
        "dmean": 0.798127532005,
        "dmean2": 1.30946111679,
        "dvar": 1.15888643265,
        "dvar2": 2.926841259,
        "max": 11.6346035004,
        "mean": 1.31725406647,
        "median": 0.616175532341,
        "min": 0,
        "var": 2.73359274864
    },
    "zerocrossingrate": {
        "dmean": 0.0123424082994,
        "dmean2": 0.0152397928759,
        "dvar": 0.000208800440305,
        "dvar2": 0.000237278451095,
        "max": 0.78466796875,
        "mean": 0.134580045938,
        "median": 0.09130859375,
        "min": 0.01025390625,
        "var": 0.0175100620836
    },
    "barkbands": {
        "dmean": [4.03164194722e-05, 0.00123884633649, 0.00118383555673, 0.000551736331545, 0.00178940675687, 0.000709073385224, 0.000368247856386, 0.000515722786076, 0.00107602810021, 0.00157556589693, 0.00082443660358, 0.000517572334502, 0.000324389926391, 0.00047975211055, 0.000490796461236, 0.000308096088702, 0.000235551196965, 0.000237695741816, 0.000322651176248, 0.000223131617531, 0.000180163013283, 0.000180758011993, 0.000133060879307, 7.06569480826e-05, 6.77254283801e-05, 1.12411971713e-05, 1.13734879292e-08],
        "dmean2": [7.11592729203e-05, 0.0021058593411, 0.00190497154836, 0.000914866919629, 0.00289054703899, 0.00116096402053, 0.000601557316259, 0.000836603867356, 0.00172279472463, 0.00255552865565, 0.00125530967489, 0.000795926956926, 0.000527180032805, 0.000770640268456, 0.000796242733486, 0.000496416643728, 0.000379529839847, 0.000383134378353, 0.00050708517665, 0.000354798510671, 0.000293968099868, 0.000286168884486, 0.000201577306143, 0.000103079233668, 0.000108092477603, 1.57180820679e-05, 1.99036165327e-08],
        "dvar": [3.98519972578e-09, 1.17472163765e-05, 1.9879114916e-05, 2.8630554425e-06, 1.92614843399e-05, 5.14046269018e-06, 2.00738350031e-06, 4.90884121973e-06, 1.148321644e-05, 1.75678196683e-05, 7.02259740137e-06, 2.88724709208e-06, 7.88884165104e-07, 2.00080307877e-06, 1.7120597704e-06, 5.56963868803e-07, 2.02331605692e-07, 1.80124615667e-07, 3.02199310909e-07, 1.5222768468e-07, 1.21892895777e-07, 1.59252962817e-07, 1.06183854598e-07, 5.72422109713e-08, 4.70262619956e-08, 1.46344936169e-09, 7.4215857933e-15],
        "dvar2": [1.12085141168e-08, 3.22951709677e-05, 5.00348469359e-05, 7.49915943743e-06, 4.84623342345e-05, 1.15316652227e-05, 5.03612182001e-06, 1.18620719149e-05, 2.63002202701e-05, 4.44787874585e-05, 1.50044506881e-05, 6.11790301264e-06, 2.05783294405e-06, 4.90012462251e-06, 4.27388113167e-06, 1.36470532652e-06, 5.02041132222e-07, 4.39951008957e-07, 7.243888831e-07, 3.57839894605e-07, 3.09583469971e-07, 3.84228883377e-07, 2.16716671275e-07, 1.1459178495e-07, 1.18301919372e-07, 3.09185632652e-09, 2.07769270674e-14],
        "max": [0.00095229386352, 0.112984240055, 0.163414090872, 0.0454390645027, 0.109064280987, 0.109454393387, 0.0554660186172, 0.105543844402, 0.0806446671486, 0.0686112418771, 0.0503503382206, 0.0673658847809, 0.0275042764843, 0.0482749305665, 0.0335267707705, 0.0210612714291, 0.0101748136804, 0.00907826796174, 0.00928406324238, 0.00994270481169, 0.00559322116897, 0.0105178486556, 0.0104800499976, 0.00737486360595, 0.00503778364509, 0.00161892210599, 3.61818229067e-06],
        "mean": [4.23303863499e-05, 0.00144483544864, 0.00115986505989, 0.000709668907803, 0.00224033812992, 0.000969101383816, 0.000472169049317, 0.00066113594221, 0.00142508710269, 0.00215006666258, 0.00115801172797, 0.000764089869335, 0.000478491594549, 0.000675277668051, 0.000768368015997, 0.000492244318593, 0.000429114705184, 0.000423395395046, 0.000626336259302, 0.000440575327957, 0.000299513019854, 0.000286578433588, 0.000246191368205, 0.000145797675941, 9.37576260185e-05, 1.88020621863e-05, 1.27039685438e-08],
        "median": [2.26551765081e-05, 0.000483486044686, 0.0002026372822, 0.000213571009226, 0.000620083650574, 0.000351818453055, 0.000156517489813, 0.000136274815304, 0.000224533549044, 0.000315229000989, 0.000157544709509, 0.000182508578291, 0.000156232636073, 0.000199701549718, 0.000259914435446, 0.000196682536625, 0.000193933985429, 0.000232308928389, 0.000340708647855, 0.000258743937593, 0.000154895358719, 0.000128639352624, 0.000109195090772, 6.20268983766e-05, 3.07276714011e-05, 5.23389644513e-06, 7.16800951928e-10],
        "min": [1.0355346288e-25, 8.74632469547e-25, 2.67958176874e-25, 2.65348526392e-25, 4.24243123384e-24, 2.59445978206e-24, 4.67019618729e-24, 3.6226737077e-24, 9.35665710872e-24, 8.20419443507e-24, 1.17345047581e-23, 1.21465796626e-23, 1.66527006702e-23, 1.68358789056e-23, 2.06513798008e-23, 2.95402029497e-23, 4.77664365789e-23, 7.49780420432e-23, 1.11446406427e-22, 1.27891821272e-22, 2.07596459113e-22, 2.83319356245e-22, 3.30664919754e-22, 4.33337324891e-22, 7.38113596784e-22, 1.08101025295e-21, 1.74221321838e-21],
        "var": [3.92366139579e-09, 1.05797062133e-05, 1.6901147319e-05, 3.39205462296e-06, 2.33209193539e-05, 6.32304363535e-06, 2.25028293244e-06, 6.8851281867e-06, 1.95172378881e-05, 2.97471106023e-05, 1.34607207656e-05, 5.80912865189e-06, 1.25739313717e-06, 2.6452239581e-06, 3.22543451148e-06, 1.08297354018e-06, 4.74274060025e-07, 3.39901674806e-07, 7.07614560724e-07, 3.44850832334e-07, 1.82553733907e-07, 2.44724020604e-07, 2.31126847439e-07, 1.13622199649e-07, 5.25766381543e-08, 2.29580909838e-09, 6.61637721539e-15]
    },
    "erbbands": {
        "dmean": [0.0194334946573, 0.346706688404, 1.39508223534, 1.36119019985, 4.1277923584, 5.4594912529, 7.16144943237, 5.68698501587, 5.64938640594, 5.83795261383, 13.414721489, 23.9018726349, 42.7108688354, 42.354473114, 29.0725669861, 20.38945961, 15.3407936096, 19.2885761261, 28.4649486542, 20.1628189087, 13.5811271667, 10.6708049774, 11.3524198532, 17.2916107178, 13.5876054764, 11.0516662598, 7.85652542114, 7.25752305984, 6.52265739441, 4.90576076508, 3.66593289375, 1.93791401386, 0.971457660198, 0.511202692986, 0.712973713875, 0.106894657016, 0.0153267262504, 0.000717928283848, 2.49841250479e-05, 1.13918222269e-05],
        "dmean2": [0.0317176133394, 0.58946031332, 2.26396918297, 2.17865967751, 6.74012422562, 8.90481281281, 11.5769872665, 9.29525375366, 9.11599445343, 9.31796073914, 21.7028141022, 37.9359779358, 68.1095581055, 66.8031005859, 43.7014045715, 30.8587665558, 24.4240207672, 30.8775100708, 45.8219642639, 32.3396110535, 21.4353713989, 16.7634887695, 18.0126304626, 27.7697296143, 21.0631275177, 17.67445755, 12.6555728912, 11.7910690308, 10.4418735504, 7.51753425598, 5.56688642502, 2.85668921471, 1.41974210739, 0.75883024931, 1.20516395569, 0.156185105443, 0.0215077940375, 0.00106121972203, 3.53551622538e-05, 1.66520858329e-05],
        "dvar": [0.00146738043986, 1.08262765408, 29.1357841492, 14.6907930374, 144.532623291, 174.879852295, 392.688873291, 443.758300781, 358.654998779, 602.721008301, 3092.54101562, 5796.22167969, 14635.3320312, 16144.1660156, 8459.38085938, 4296.80078125, 1776.00036621, 3423.91943359, 5922.11572266, 2278.99633789, 1032.47131348, 407.300964355, 403.825164795, 1060.60900879, 538.848693848, 390.437133789, 207.386566162, 251.302276611, 209.519104004, 141.371261597, 79.5638046265, 45.21326828, 9.74913883209, 3.04633426666, 6.08756685257, 0.107755422592, 0.00308627448976, 2.22205890168e-05, 9.28961707558e-09, 3.10582948249e-10],
        "dvar2": [0.00387375126593, 2.94007205963, 73.6012039185, 34.8954467773, 363.023345947, 451.150360107, 974.817810059, 960.24230957, 859.108093262, 1424.28369141, 7451.22265625, 12992.3144531, 36621.3007812, 39197.078125, 17872.5585938, 8607.77539062, 4526.04785156, 8694.3828125, 14479.1669922, 5483.29003906, 2411.87255859, 924.451904297, 963.083190918, 2632.97167969, 1236.17590332, 898.312683105, 518.628662109, 641.448669434, 515.328735352, 323.639373779, 161.426254272, 94.1392669678, 19.9224948883, 6.71798563004, 16.5094261169, 0.232705026865, 0.00718147214502, 6.12362200627e-05, 2.36579253965e-08, 6.87240875319e-10],
        "max": [0.715754508972, 36.0431632996, 204.718292236, 105.293563843, 259.066894531, 316.255584717, 513.588989258, 1159.69787598, 598.600585938, 1173.2121582, 1807.86975098, 1606.60461426, 2329.52539062, 2239.10864258, 2434.48730469, 3471.10009766, 1253.13146973, 2857.92211914, 2092.24243164, 1483.69714355, 1365.02050781, 498.488037109, 384.068786621, 598.704040527, 552.957336426, 585.57635498, 301.814605713, 278.596923828, 339.619049072, 419.559417725, 249.232177734, 222.456451416, 114.867073059, 52.3821525574, 47.66065979, 8.56484603882, 2.77167463303, 0.300374358892, 0.00533440848812, 0.000486124190502],
        "mean": [0.0273187700659, 0.382093429565, 1.36738753319, 1.89702582359, 4.87359476089, 6.70919179916, 9.20830917358, 7.8322262764, 7.71333122253, 8.01633739471, 17.7965488434, 33.7264709473, 58.7392921448, 60.3179969788, 44.6052017212, 32.7287712097, 24.7175941467, 29.4694099426, 44.4694442749, 34.5275382996, 24.8514289856, 21.3412055969, 22.0763339996, 32.1939620972, 27.813041687, 22.0849571228, 14.4886064529, 11.0034704208, 10.202378273, 8.76436233521, 6.73690366745, 3.77054071426, 1.96516430378, 0.93159365654, 0.786041736603, 0.165786370635, 0.0237347539514, 0.00104593671858, 4.70961022074e-05, 2.79947944364e-05],
        "median": [0.00989496335387, 0.116702362895, 0.285596489906, 0.621064305305, 1.29992771149, 1.84363472462, 2.3236951828, 2.81170010567, 2.73559403419, 2.74408531189, 3.8052611351, 6.4180264473, 10.1475963593, 9.87450122833, 9.83357048035, 9.40982151031, 8.98713684082, 11.2452888489, 15.4276752472, 14.4038677216, 11.2898693085, 10.5743808746, 12.8383388519, 17.4659729004, 15.40508461, 13.172129631, 8.16987895966, 5.37468910217, 4.55251169205, 4.06577157974, 2.90896177292, 1.56467235088, 0.819721698761, 0.36139523983, 0.198731064796, 0.0488821081817, 0.00608305074275, 0.000245210540015, 2.4160150133e-05, 2.2818283469e-05],
        "min": [1.82735763276e-23, 2.37669881548e-22, 6.21192293727e-22, 3.14994618176e-21, 8.4492767566e-21, 1.24581938628e-20, 2.01530503969e-20, 3.78296997543e-20, 7.05170050485e-20, 1.24637274103e-19, 1.26170686013e-19, 2.15216808202e-19, 3.91255266515e-19, 4.57937785361e-19, 6.38111629749e-19, 7.16130426246e-19, 1.22443441192e-18, 1.47967680976e-18, 1.72892969617e-18, 1.83452591881e-18, 2.72755321005e-18, 3.27544042468e-18, 4.46118852993e-18, 5.01301643299e-18, 5.18452654274e-18, 6.70128461859e-18, 7.02073432653e-18, 8.55288044331e-18, 9.50196762582e-18, 1.02095197238e-17, 9.27719122053e-18, 1.06461296394e-17, 8.30207762723e-18, 6.81241178439e-18, 5.33771087961e-18, 3.54977528842e-18, 1.98237949022e-18, 7.76944227893e-19, 2.30973849238e-19, 2.42040705116e-20],
        "var": [0.00225216406398, 0.920979917049, 24.1309967041, 20.7316608429, 156.915924072, 208.461471558, 483.360412598, 527.790771484, 490.304840088, 741.00769043, 4481.55126953, 11199.3691406, 24594.6523438, 29184.7636719, 18302.3417969, 9731.46875, 3007.58911133, 4259.13427734, 9907.51171875, 5085.23583984, 2251.93041992, 1087.58044434, 836.334777832, 2064.53442383, 1409.39294434, 882.122741699, 391.472991943, 312.544036865, 302.759857178, 283.095947266, 170.991668701, 84.3960876465, 18.7025203705, 4.69561767578, 5.13951158524, 0.167657628655, 0.00382735626772, 1.64019147633e-05, 9.75188907404e-09, 6.88684442807e-10]
    },
    "gfcc": {
        "mean": [-119.792526245, 60.2051124573, -128.895584106, 37.0932312012, -61.8244819641, 19.5573616028, -34.9662284851, 10.4315032959, -26.4963092804, 0.497957617044, -14.7822799683, -1.06935882568, -5.59583473206],
        "cov": [[130880.109375, 7180.50439453, -15677.5302734, 5235.51123047, -7797.59082031, 2710.22973633, -4494.60107422, 1349.80664062, -3415.57202148, 24.3044586182, -1947.17553711, -108.465522766, -763.015563965], [7180.50439453, 1088.02282715, -878.190246582, 220.146774292, -334.096801758, 36.7875595093, -191.789154053, 30.6957588196, -173.313781738, -42.5736541748, -75.8694610596, -81.8755645752, -28.8366107941], [-15677.5302734, -878.190246582, 2789.82104492, -240.639938354, 911.208984375, -272.47543335, 422.710601807, -211.610809326, 400.06338501, 27.857219696, 149.102035522, 79.3342666626, 23.4055328369], [5235.51123047, 220.146774292, -240.639938354, 627.195983887, -259.736999512, 189.364364624, -221.659378052, 40.0273284912, -132.39390564, 14.2496805191, -102.618148804, 31.7041740417, -53.4605751038], [-7797.59082031, -334.096801758, 911.208984375, -259.736999512, 658.382507324, -91.2906570435, 316.181610107, -67.5608444214, 208.722366333, -1.66775786877, 137.621948242, -8.60123348236, 34.4212532043], [2710.22973633, 36.7875595093, -272.47543335, 189.364364624, -91.2906570435, 274.319152832, 2.3339214325, 56.6943855286, -91.5041275024, -2.08385300636, -20.5225124359, 5.45540714264, -20.6603450775], [-4494.60107422, -191.789154053, 422.710601807, -221.659378052, 316.181610107, 2.3339214325, 334.591186523, 11.4854230881, 109.876022339, -21.0341625214, 94.8235702515, -24.4353485107, 50.8507347107], [1349.80664062, 30.6957588196, -211.610809326, 40.0273284912, -67.5608444214, 56.6943855286, 11.4854230881, 146.687759399, 20.9130859375, -4.07755041122, -17.0493450165, -3.44750618935, 14.9485368729], [-3415.57202148, -173.313781738, 400.06338501, -132.39390564, 208.722366333, -91.5041275024, 109.876022339, 20.9130859375, 191.471313477, 21.6727752686, 41.4087486267, 1.6920030117, 14.06524086], [24.3044586182, -42.5736541748, 27.857219696, 14.2496805191, -1.66775786877, -2.08385300636, -21.0341625214, -4.07755041122, 21.6727752686, 88.0447387695, 26.0436859131, 13.3536586761, -15.522400856], [-1947.17553711, -75.8694610596, 149.102035522, -102.618148804, 137.621948242, -20.5225124359, 94.8235702515, -17.0493450165, 41.4087486267, 26.0436859131, 129.770217896, 14.9474086761, 27.4810161591], [-108.465522766, -81.8755645752, 79.3342666626, 31.7041740417, -8.60123348236, 5.45540714264, -24.4353485107, -3.44750618935, 1.6920030117, 13.3536586761, 14.9474086761, 89.2506332397, 18.609331131], [-763.015563965, -28.8366107941, 23.4055328369, -53.4605751038, 34.4212532043, -20.6603450775, 50.8507347107, 14.9485368729, 14.06524086, -15.522400856, 27.4810161591, 18.609331131, 89.0436859131]],
        "icov": [[0.000315278419293, -0.000698783143889, 0.000695467635524, -0.000591994321439, 0.000924854713958, -0.000949314795434, 0.000993777764961, -0.00101802509744, 0.00108098064084, -0.000710537482519, 0.0008041599649, -0.000441528187366, 0.000512168684509], [-0.000698783143889, 0.00305818719789, -0.00110911554657, 0.000659538665786, -0.00200657406822, 0.00282595958561, -0.00226259161718, 0.00243723159656, -0.0020741049666, 0.00214949785732, -0.00213842978701, 0.00211656466126, -0.00107569561806], [0.000695467635524, -0.00110911554657, 0.00267791585065, -0.00206933333538, 0.00127896119375, -0.00127653335221, 0.00126473419368, -0.000927342625801, 0.00133338198066, -0.00142626930028, 0.00221407040954, -0.00180798012298, 0.00153209397104], [-0.000591994321439, 0.000659538665786, -0.00206933333538, 0.00471852393821, -0.00165298837237, -0.000788942154031, 0.000496262393426, 0.000772048253566, -0.00120087945834, 0.000726698257495, -0.000609216105659, 0.000328835274559, -0.00100375607144], [0.000924854713958, -0.00200657406822, 0.00127896119375, -0.00165298837237, 0.00788128282875, -0.00331105617806, 0.000638121098746, -0.0011918671662, 0.000404178310419, -0.000961892772466, 0.000160860014148, -0.000437217619037, 0.00177764194086], [-0.000949314795434, 0.00282595958561, -0.00127653335221, -0.000788942154031, -0.00331105617806, 0.0106798419729, -0.0065137501806, 0.00102367484942, 0.000334729091264, 0.00156326196156, -0.00226616184227, 0.000100832745375, 0.00084625632735], [0.000993777764961, -0.00226259161718, 0.00126473419368, 0.000496262393426, 0.000638121098746, -0.0065137501806, 0.0127178868279, -0.00542813213542, 0.00299409963191, -0.000454713124782, 1.432796671e-05, 0.00184412847739, -0.00130322622135], [-0.00101802509744, 0.00243723159656, -0.000927342625801, 0.000772048253566, -0.0011918671662, 0.00102367484942, -0.00542813213542, 0.0153393326327, -0.0100138457492, 0.00314575782977, -0.00157170172315, 0.00121975503862, -0.00364359840751], [0.00108098064084, -0.0020741049666, 0.00133338198066, -0.00120087945834, 0.000404178310419, 0.000334729091264, 0.00299409963191, -0.0100138457492, 0.01778813079, -0.00605508638546, 0.00379034178331, -0.00152440927923, 0.0026958915405], [-0.000710537482519, 0.00214949785732, -0.00142626930028, 0.000726698257495, -0.000961892772466, 0.00156326196156, -0.000454713124782, 0.00314575782977, -0.00605508638546, 0.0168503765017, -0.00706485752016, 0.000308599206619, 0.00189459428657], [0.0008041599649, -0.00213842978701, 0.00221407040954, -0.000609216105659, 0.000160860014148, -0.00226616184227, 1.432796671e-05, -0.00157170172315, 0.00379034178331, -0.00706485752016, 0.0156151782721, -0.00408593285829, -0.000877319835126], [-0.000441528187366, 0.00211656466126, -0.00180798012298, 0.000328835274559, -0.000437217619037, 0.000100832745375, 0.00184412847739, 0.00121975503862, -0.00152440927923, 0.000308599206619, -0.00408593285829, 0.0163881480694, -0.00536021590233], [0.000512168684509, -0.00107569561806, 0.00153209397104, -0.00100375607144, 0.00177764194086, 0.00084625632735, -0.00130322622135, -0.00364359840751, 0.0026958915405, 0.00189459428657, -0.000877319835126, -0.00536021590233, 0.0164260286838]]
    },
    "melbands": {
        "dmean": [0.000258141808445, 0.000632052309811, 0.000285784772132, 0.000366562104318, 0.000254186597886, 0.000127888211864, 8.31780271255e-05, 7.28268496459e-05, 0.000120011965919, 0.00015680064098, 0.000218843400944, 0.000180686634849, 0.000103640442831, 6.61122467136e-05, 4.2189265514e-05, 3.1767609471e-05, 4.0049872041e-05, 4.97743312735e-05, 3.30488255713e-05, 2.54451097135e-05, 1.64720313478e-05, 1.25250162455e-05, 1.21740777104e-05, 1.24995676742e-05, 1.57378271979e-05, 1.13720261652e-05, 8.438642908e-06, 7.99465033197e-06, 5.43130909136e-06, 4.27640361522e-06, 4.83328540213e-06, 3.98157635573e-06, 3.19109994962e-06, 2.87890543405e-06, 2.62391858996e-06, 1.36820176522e-06, 1.16233297831e-06, 7.73942701926e-07, 5.34111109118e-07, 3.89495426134e-07],
        "dmean2": [0.0004340413725, 0.00103836890776, 0.000453442713479, 0.000599104503635, 0.000407912477385, 0.000208837591344, 0.000134187444928, 0.00011556953541, 0.0001930717699, 0.000250843004324, 0.000348819448845, 0.000285993941361, 0.000156693655299, 0.000100814118923, 6.52159214951e-05, 5.10461977683e-05, 6.45058898954e-05, 8.04338778835e-05, 5.2978964959e-05, 4.14085989178e-05, 2.64078407781e-05, 1.98538964469e-05, 1.97334502445e-05, 2.02831106435e-05, 2.55812392425e-05, 1.78038499143e-05, 1.32263921842e-05, 1.29543432195e-05, 8.81421783561e-06, 7.08380548531e-06, 7.96713993623e-06, 6.43427529212e-06, 5.11542157255e-06, 4.43826456831e-06, 4.08606956626e-06, 2.06968047678e-06, 1.75215257059e-06, 1.16005662676e-06, 8.07647438705e-07, 5.89262356243e-07],
        "dvar": [3.69103418052e-07, 5.39830625712e-06, 6.1324209355e-07, 9.80821482699e-07, 4.91235482514e-07, 2.01227933871e-07, 7.97859414092e-08, 9.70269198319e-08, 2.33264216831e-07, 2.44362581725e-07, 3.88738584434e-07, 2.87795927534e-07, 1.0600998479e-07, 4.76667452176e-08, 1.82273129923e-08, 7.23612014752e-09, 1.52072168191e-08, 1.92433198265e-08, 8.05173439034e-09, 3.81249343206e-09, 1.5281413912e-09, 7.19568959973e-10, 4.88722284864e-10, 5.97514981937e-10, 9.44221034693e-10, 4.30390362238e-10, 2.13524406489e-10, 2.12124609544e-10, 1.03405978225e-10, 6.95722784938e-11, 1.20794985126e-10, 8.3451412447e-11, 5.40127005622e-11, 5.10187621316e-11, 3.60147363321e-11, 2.0345145707e-11, 1.83847433805e-11, 6.00356092964e-12, 3.04309854225e-12, 1.84824204552e-12],
        "dvar2": [1.02447518202e-06, 1.38742552735e-05, 1.49812922245e-06, 2.4703967938e-06, 1.21248388041e-06, 4.37061856928e-07, 1.93246904701e-07, 2.25446697755e-07, 5.47180206922e-07, 5.52937024167e-07, 9.73128976511e-07, 7.02483816895e-07, 2.23178702186e-07, 9.98833087351e-08, 4.28175965794e-08, 1.84635329248e-08, 3.86198486524e-08, 4.62170532955e-08, 1.88250002253e-08, 9.46422940018e-09, 3.59223517599e-09, 1.66111890909e-09, 1.2187867382e-09, 1.51209988974e-09, 2.37737785014e-09, 1.01387453988e-09, 4.84388251731e-10, 5.03873165414e-10, 2.58680715737e-10, 1.79614323415e-10, 3.12432107963e-10, 2.09065070811e-10, 1.33008118408e-10, 1.15297063563e-10, 7.48463929723e-11, 4.43900402547e-11, 3.90905259551e-11, 1.25266646014e-11, 6.69757478644e-12, 4.09547526101e-12],
        "max": [0.0173357967287, 0.0872941687703, 0.0190280973911, 0.0197330173105, 0.0203894618899, 0.0236690677702, 0.00971856620163, 0.0167551543564, 0.0186030250043, 0.00937630422413, 0.0114847505465, 0.0096995299682, 0.00808773189783, 0.00722667807713, 0.00497857434675, 0.00199887133203, 0.00566598819569, 0.00349123240449, 0.00200640805997, 0.00181217759382, 0.00158114579972, 0.00073233328294, 0.000403701415053, 0.000628529000096, 0.000547288276721, 0.000506771088112, 0.000328359863488, 0.000428229599493, 0.000265313690761, 0.000164320095791, 0.000160337396665, 0.000191483879462, 0.000239550048718, 0.000273552286671, 0.000170373445144, 0.000139150826726, 0.000143206329085, 9.88597312244e-05, 4.82397408632e-05, 4.46510130132e-05],
        "mean": [0.000328947266098, 0.000653572380543, 0.000404767139116, 0.000438040413428, 0.000331387243932, 0.000177171110408, 0.000113375863293, 9.60594697972e-05, 0.000158133931109, 0.000213694860577, 0.000293974357191, 0.000247545714956, 0.000154272871441, 9.56383373705e-05, 6.4768071752e-05, 4.75555607409e-05, 5.62549976166e-05, 7.23706179997e-05, 5.33898964932e-05, 4.01300567319e-05, 2.77229646599e-05, 2.2601981982e-05, 2.08846540772e-05, 2.11474834941e-05, 2.69508363999e-05, 2.10185080505e-05, 1.66047102539e-05, 1.42769922604e-05, 9.441225302e-06, 6.78530932419e-06, 6.54023324387e-06, 5.84038753004e-06, 5.17694843438e-06, 4.91390028401e-06, 4.52612857771e-06, 2.45249975706e-06, 2.14709029933e-06, 1.4786654674e-06, 9.74985255198e-07, 6.79873096487e-07],
        "median": [0.000120582335512, 0.000171422958374, 0.000139378651511, 0.000121023163956, 8.35020910017e-05, 6.42766244709e-05, 3.92009933421e-05, 2.88070950774e-05, 2.96843900287e-05, 3.5162360291e-05, 4.32075175922e-05, 3.33174284606e-05, 2.53904981946e-05, 2.48591277341e-05, 2.01065413421e-05, 1.61719144671e-05, 1.78993232112e-05, 2.24881823669e-05, 1.89557795238e-05, 1.54660265252e-05, 1.09506709123e-05, 9.56073745328e-06, 1.00663455669e-05, 1.08037329483e-05, 1.31344422698e-05, 1.08086096589e-05, 9.060483535e-06, 7.86716009316e-06, 4.91381160828e-06, 3.2621783248e-06, 2.76981836578e-06, 2.49194204116e-06, 2.3402185434e-06, 2.19442063099e-06, 1.8495339873e-06, 1.00704676242e-06, 8.5517331172e-07, 5.96687357302e-07, 3.85043449569e-07, 2.51896437931e-07],
        "min": [5.25217871455e-25, 3.10378038064e-25, 4.94724946201e-25, 1.17050589471e-24, 6.80292739849e-25, 7.0776102448e-25, 7.96569062341e-25, 1.34436718974e-24, 9.6986149005e-25, 1.06425796648e-24, 1.07964075413e-24, 1.61234964874e-24, 1.72424365169e-24, 1.73147040644e-24, 2.04902419447e-24, 1.44233148682e-24, 1.75621283152e-24, 2.35995431191e-24, 1.81693697742e-24, 2.40830852717e-24, 2.80349332802e-24, 2.716699893e-24, 2.53049045961e-24, 3.13417178936e-24, 3.4583508257e-24, 3.56674741383e-24, 3.52958654316e-24, 3.80014413998e-24, 3.13284492532e-24, 3.47451576894e-24, 4.44548324198e-24, 4.88234731154e-24, 3.89804532819e-24, 4.83238953928e-24, 4.49718242469e-24, 4.56439258496e-24, 4.07210157047e-24, 5.36092476805e-24, 5.09818320509e-24, 4.91112692952e-24],
        "var": [3.96675261527e-07, 4.47153934147e-06, 8.19686590603e-07, 1.0857312418e-06, 6.17150192284e-07, 2.46641604917e-07, 1.06140582545e-07, 1.24402433244e-07, 3.50604153709e-07, 4.50519280548e-07, 6.56057181914e-07, 5.14804582963e-07, 2.33675436334e-07, 8.96364724667e-08, 2.98637843343e-08, 1.24099859278e-08, 1.84987278828e-08, 2.93020150366e-08, 1.63943632003e-08, 7.74667441306e-09, 3.07920466902e-09, 1.73762271238e-09, 9.61973944946e-10, 9.71998037613e-10, 1.70302305591e-09, 9.58239931848e-10, 5.33026511818e-10, 4.17202716818e-10, 1.92919097364e-10, 1.05054541455e-10, 1.35441019511e-10, 1.09017905814e-10, 8.67481017575e-11, 9.98446533784e-11, 7.43318254171e-11, 3.48624844271e-11, 3.20035317691e-11, 1.1065121909e-11, 4.85962398794e-12, 2.75500629254e-12]
    },
    "mfcc": {
        "mean": [-681.107177734, 77.7893981934, -13.1043148041, 16.8599700928, -3.66755270958, 5.51474094391, 0.831170976162, 5.19397926331, -3.13805818558, 3.76625728607, -4.39682006836, -6.29395484924, -2.51712441444],
        "cov": [[29922.0917969, 3774.45776367, -478.926483154, 1226.86682129, -96.5500488281, 473.417266846, 63.6369972229, 418.265899658, -211.670837402, 227.307693481, -274.284301758, -428.612762451, -188.04788208], [3774.45776367, 1428.80090332, -225.927398682, 154.862869263, -45.7000617981, 1.87308311462, 27.7922878265, 12.0191459656, -44.5833320618, 54.6364479065, -37.260974884, -69.7836303711, -26.000749588], [-478.926483154, -225.927398682, 744.358947754, 234.234008789, 99.8470230103, 105.051620483, -88.0010147095, -9.05950546265, -4.2737197876, -83.556350708, 22.1510353088, 24.9124908447, -19.3384532928], [1226.86682129, 154.862869263, 234.234008789, 327.101593018, 95.691078186, 76.7959594727, -42.2760734558, 13.67415905, 1.37715625763, -29.2038497925, -9.22449874878, 0.741152524948, 2.03621792793], [-96.5500488281, -45.7000617981, 99.8470230103, 95.691078186, 171.237182617, 50.1702003479, -12.4668684006, 14.497795105, 3.66093635559, -2.97489595413, 9.02652454376, 18.9079704285, 21.6143608093], [473.417266846, 1.87308311462, 105.051620483, 76.7959594727, 50.1702003479, 194.125961304, 69.8957672119, 31.7254066467, -17.4764442444, -10.4969186783, 10.6753864288, -5.14544439316, 1.59288764], [63.6369972229, 27.7922878265, -88.0010147095, -42.2760734558, -12.4668684006, 69.8957672119, 206.44329834, 52.3104324341, 1.89198744297, 41.5875244141, -3.65841174126, -14.6821737289, 11.7386245728], [418.265899658, 12.0191459656, -9.05950546265, 13.67415905, 14.497795105, 31.7254066467, 52.3104324341, 133.695510864, 43.7868003845, 27.0732860565, -1.65885591507, -16.2054862976, -0.8938575387], [-211.670837402, -44.5833320618, -4.2737197876, 1.37715625763, 3.66093635559, -17.4764442444, 1.89198744297, 43.7868003845, 110.33895874, 32.2474708557, 6.5553150177, 9.36199569702, -2.70788216591], [227.307693481, 54.6364479065, -83.556350708, -29.2038497925, -2.97489595413, -10.4969186783, 41.5875244141, 27.0732860565, 32.2474708557, 99.7293319702, 21.1079540253, -4.76842451096, -3.93027567863], [-274.284301758, -37.260974884, 22.1510353088, -9.22449874878, 9.02652454376, 10.6753864288, -3.65841174126, -1.65885591507, 6.5553150177, 21.1079540253, 80.7461013794, 37.6217880249, 1.51607310772], [-428.612762451, -69.7836303711, 24.9124908447, 0.741152524948, 18.9079704285, -5.14544439316, -14.6821737289, -16.2054862976, 9.36199569702, -4.76842451096, 37.6217880249, 89.6823501587, 29.755739212], [-188.04788208, -26.000749588, -19.3384532928, 2.03621792793, 21.6143608093, 1.59288764, 11.7386245728, -0.8938575387, -2.70788216591, -3.93027567863, 1.51607310772, 29.755739212, 73.4074172974]],
