{
"lowlevel": {
    "average_loudness": 0.919982492924,
    "barkbands_crest": {
        "dmean": 2.18409776688,
        "dmean2": 3.44696116447,
        "dvar": 4.69397354126,
        "dvar2": 10.9710760117,
        "max": 25.8530654907,
        "mean": 9.43977355957,
        "median": 7.83032512665,
        "min": 2.24239826202,
        "var": 22.1819095612
    },
    "barkbands_flatness_db": {
        "dmean": 0.0154533777386,
        "dmean2": 0.0239858645946,
        "dvar": 0.000226996009587,
        "dvar2": 0.000499762478285,
        "max": 0.330067574978,
        "mean": 0.12476490438,
        "median": 0.116267561913,
        "min": 0.0355109833181,
        "var": 0.00189166085329
    },
    "barkbands_kurtosis": {
        "dmean": 1.29400479794,
        "dmean2": 2.05519342422,
        "dvar": 5.76627445221,
        "dvar2": 13.9270038605,
        "max": 69.782699585,
        "mean": 1.73409163952,
        "median": 0.670350551605,
        "min": -1.87545728683,
        "var": 17.0438022614
    },
    "barkbands_skewness": {
        "dmean": 0.360183626413,
        "dmean2": 0.553209781647,
        "dvar": 0.152481973171,
        "dvar2": 0.322504997253,
        "max": 7.30660152435,
        "mean": 0.566960513592,
        "median": 0.637969970703,
        "min": -4.61149168015,
        "var": 1.47421133518
    },
    "barkbands_spread": {
        "dmean": 4.1035823822,
        "dmean2": 6.33296632767,
        "dvar": 27.6691055298,
        "dvar2": 58.4278335571,
        "max": 89.6824493408,
        "mean": 21.277381897,
        "median": 20.3959712982,
        "min": 1.0439388752,
        "var": 105.765388489
    },
    "dissonance": {
        "dmean": 0.0172391552478,
        "dmean2": 0.0292539987713,
        "dvar": 0.00030872123898,
        "dvar2": 0.000850776676089,
        "max": 0.500000119209,
        "mean": 0.464161545038,
        "median": 0.469897538424,
        "min": 0.262653410435,
        "var": 0.000803482078481
    },
    "dynamic_complexity": 2.59590291977,
    "erbbands_crest": {
        "dmean": 2.54360365868,
        "dmean2": 4.04621648788,
        "dvar": 6.75119829178,
        "dvar2": 15.8741264343,
        "max": 32.6101722717,
        "mean": 9.88725662231,
        "median": 8.56348705292,
        "min": 2.53839921951,
        "var": 29.1234531403
    },
    "erbbands_flatness_db": {
        "dmean": 0.0139008397236,
        "dmean2": 0.020771978423,
        "dvar": 0.000191394574358,
        "dvar2": 0.000386097293813,
        "max": 0.412040710449,
        "mean": 0.183352798223,
        "median": 0.183561116457,
        "min": 0.069882273674,
        "var": 0.00245058420114
    },
    "erbbands_kurtosis": {
        "dmean": 0.795203506947,
        "dmean2": 1.25679636002,
        "dvar": 1.96675741673,
        "dvar2": 4.51217889786,
        "max": 39.8511047363,
        "mean": 0.403737217188,
        "median": -0.137739658356,
        "min": -1.75540149212,
        "var": 5.75521039963
    },
    "erbbands_skewness": {
        "dmean": 0.320739507675,
        "dmean2": 0.489959895611,
        "dvar": 0.110835790634,
        "dvar2": 0.231430590153,
        "max": 5.12092399597,
        "mean": 0.276619404554,
        "median": 0.222293302417,
        "min": -3.86956882477,
        "var": 0.642029523849
    },
    "erbbands_spread": {
        "dmean": 5.09086942673,
        "dmean2": 7.92791652679,
        "dvar": 33.5354690552,
        "dvar2": 75.5760955811,
        "max": 112.440536499,
        "mean": 30.8301830292,
        "median": 31.1289329529,
        "min": 2.26359987259,
        "var": 160.516052246
    },
    "hfc": {
        "dmean": 6.79324436188,
        "dmean2": 10.0593614578,
        "dvar": 200.807754517,
        "dvar2": 435.99597168,
        "max": 460.132141113,
        "mean": 23.9487438202,
        "median": 19.1168632507,
        "min": 1.04374417316e-16,
        "var": 559.954284668
    },
    "melbands_crest": {
        "dmean": 2.84671998024,
        "dmean2": 4.48590803146,
        "dvar": 8.1971244812,
        "dvar2": 18.7389068604,
        "max": 34.1153068542,
        "mean": 11.9763498306,
        "median": 10.6190347672,
        "min": 1.05115497112,
        "var": 46.9147377014
    },
    "melbands_flatness_db": {
        "dmean": 0.0161816794425,
        "dmean2": 0.0245360676199,
        "dvar": 0.000303971581161,
        "dvar2": 0.000631412141956,
        "max": 0.370866954327,
        "mean": 0.13568675518,
        "median": 0.138537868857,
        "min": 1.20552367662e-05,
        "var": 0.00428304867819
    },
    "melbands_kurtosis": {
        "dmean": 2.3785340786,
        "dmean2": 3.76449656487,
        "dvar": 22.2081241608,
        "dvar2": 54.5710067749,
        "max": 152.353607178,
        "mean": 4.4405708313,
        "median": 2.04266691208,
        "min": -1.82796239853,
        "var": 71.1445617676
    },
    "melbands_skewness": {
        "dmean": 0.412047982216,
        "dmean2": 0.641006469727,
        "dvar": 0.199352413416,
        "dvar2": 0.447467386723,
        "max": 10.3463392258,
        "mean": 1.36538243294,
        "median": 1.19106030464,
        "min": -1.68274843693,
        "var": 1.42621934414
    },
    "melbands_spread": {
        "dmean": 7.97487068176,
        "dmean2": 12.4576101303,
        "dvar": 140.735275269,
        "dvar2": 283.785339355,
        "max": 250.375427246,
        "mean": 41.5048484802,
        "median": 28.8572292328,
        "min": 1.252566576,
        "var": 1417.94226074
    },
    "pitch_salience": {
        "dmean": 0.0547863356769,
        "dmean2": 0.0868176221848,
        "dvar": 0.0027859529946,
        "dvar2": 0.00658209016547,
        "max": 0.99211114645,
        "mean": 0.57796472311,
        "median": 0.580668926239,
        "min": 0.112483851612,
        "var": 0.0186309367418
    },
    "silence_rate_20dB": {
        "dmean": 0,
        "dmean2": 0,
        "dvar": 0,
        "dvar2": 0,
        "max": 1,
        "mean": 1,
        "median": 1,
        "min": 1,
        "var": 0
    },
    "silence_rate_30dB": {
        "dmean": 0.00044903458911,
        "dmean2": 0.000898169993889,
        "dvar": 0.000448860315373,
        "dvar2": 0.00112195312977,
        "max": 1,
        "mean": 0.999663233757,
        "median": 1,
        "min": 0,
        "var": 0.000336571334628
    },
    "silence_rate_60dB": {
        "dmean": 0.0148181412369,
        "dmean2": 0.029639609158,
        "dvar": 0.0145992999896,
        "dvar2": 0.0339304506779,
        "max": 1,
        "mean": 0.145919859409,
        "median": 0,
        "min": 0,
        "var": 0.124634049833
    },
    "spectral_centroid": {
        "dmean": 244.797790527,
        "dmean2": 378.777984619,
        "dvar": 97240.0546875,
        "dvar2": 198636.09375,
        "max": 11991.4365234,
        "mean": 2650.05249023,
        "median": 1695.47277832,
        "min": 253.592727661,
        "var": 8554116
    },
    "spectral_complexity": {
        "dmean": 2.60933995247,
        "dmean2": 4.14146184921,
        "dvar": 7.64257287979,
        "dvar2": 17.2215595245,
        "max": 64,
        "mean": 19.3573913574,
        "median": 19,
        "min": 0,
        "var": 119.63961792
    },
    "spectral_decrease": {
        "dmean": 1.28868449245e-09,
        "dmean2": 1.96352489823e-09,
        "dvar": 3.33542322e-18,
        "dvar2": 7.7568870214e-18,
        "max": 7.71799043695e-28,
        "mean": -4.61020022158e-09,
        "median": -4.32060165423e-09,
        "min": -4.35283062927e-08,
        "var": 1.26798036333e-17
    },
    "spectral_energy": {
        "dmean": 0.0053787836805,
        "dmean2": 0.00818001851439,
        "dvar": 5.61657434446e-05,
        "dvar2": 0.000131453518406,
        "max": 0.175979956985,
        "mean": 0.0195722039789,
        "median": 0.0185049939901,
        "min": 9.74133125782e-21,
        "var": 0.000220683738007
    },
    "spectral_energyband_high": {
        "dmean": 0.000501085596625,
        "dmean2": 0.000732550688554,
        "dvar": 3.43243414136e-06,
        "dvar2": 7.27504902898e-06,
        "max": 0.0632249489427,
        "mean": 0.0011083362624,
        "median": 0.00042869723984,
        "min": 6.91855237588e-21,
        "var": 6.19330558038e-06
    },
    "spectral_energyband_low": {
        "dmean": 0.000469874532428,
        "dmean2": 0.000762761745136,
        "dvar": 1.71475676325e-06,
        "dvar2": 3.85489283872e-06,
        "max": 0.0719684809446,
        "mean": 0.00102986278944,
        "median": 0.000539492291864,
        "min": 6.39820546651e-24,
        "var": 4.26958695243e-06
    },
    "spectral_energyband_middle_high": {
        "dmean": 0.00260652857833,
        "dmean2": 0.00390435406007,
        "dvar": 2.13142302528e-05,
        "dvar2": 4.72786887258e-05,
        "max": 0.10030785203,
        "mean": 0.00832085870206,
        "median": 0.00538278277963,
        "min": 1.04641740221e-21,
        "var": 8.6724969151e-05
    },
    "spectral_energyband_middle_low": {
        "dmean": 0.00355722755194,
        "dmean2": 0.00549310306087,
        "dvar": 3.4459921153e-05,
        "dvar2": 8.20267814561e-05,
        "max": 0.138894528151,
        "mean": 0.00974855013192,
        "median": 0.00680125039071,
        "min": 1.1539353823e-22,
        "var": 0.000104732353066
    },
    "spectral_entropy": {
        "dmean": 0.11126255244,
        "dmean2": 0.161881446838,
        "dvar": 0.0166332088411,
        "dvar2": 0.0295070074499,
        "max": 9.83207416534,
        "mean": 7.78984975815,
        "median": 7.63864517212,
        "min": 5.89340639114,
        "var": 0.591413140297
    },
    "spectral_flux": {
        "dmean": 0.0164713766426,
        "dmean2": 0.0260779596865,
        "dvar": 0.000382762867957,
        "dvar2": 0.000892696843948,
        "max": 0.367689669132,
        "mean": 0.0675054267049,
        "median": 0.0671198889613,
        "min": 6.24636384283e-11,
        "var": 0.0016587015707
    },
    "spectral_kurtosis": {
        "dmean": 1.25941586494,
        "dmean2": 2.17633628845,
        "dvar": 1.92279875278,
        "dvar2": 5.78254365921,
        "max": 29.3869934082,
        "mean": 3.62759685516,
        "median": 3.49134397507,
        "min": -1.27910077572,
        "var": 7.76292037964
    },
    "spectral_rms": {
        "dmean": 0.000545266258996,
        "dmean2": 0.000813458638731,
        "dvar": 4.00885710405e-07,
        "dvar2": 8.58220346345e-07,
        "max": 0.0131029672921,
        "mean": 0.00390274403617,
        "median": 0.00424895901233,
        "min": 3.08281330151e-12,
        "var": 3.86342026104e-06
    },
    "spectral_rolloff": {
        "dmean": 459.558532715,
        "dmean2": 754.469177246,
        "dvar": 587361.0625,
        "dvar2": 1095883.75,
        "max": 20413.4765625,
        "mean": 3855.29907227,
        "median": 1981.0546875,
        "min": 107.666015625,
        "var": 27865094
    },
    "spectral_skewness": {
        "dmean": 0.172866493464,
        "dmean2": 0.283866167068,
        "dvar": 0.029793580994,
        "dvar2": 0.0722474008799,
        "max": 3.75758433342,
        "mean": 1.2650591135,
        "median": 1.35201692581,
        "min": -0.455107480288,
        "var": 0.323666512966
    },
    "spectral_spread": {
        "dmean": 410860.15625,
        "dmean2": 625980.5,
        "dvar": 452064280576,
        "dvar2": 896388562944,
        "max": 43238836,
        "mean": 7817546,
        "median": 3873639.5,
        "min": 1654489.25,
        "var": 1.26574288437e+14
    },
    "spectral_strongpeak": {
        "dmean": 0.687100827694,
        "dmean2": 1.11341822147,
        "dvar": 0.901383876801,
        "dvar2": 2.20435881615,
        "max": 13.3268756866,
        "mean": 1.69393897057,
        "median": 1.27618837357,
        "min": 0,
        "var": 2.61466598511
    },
    "zerocrossingrate": {
        "dmean": 0.00951945595443,
        "dmean2": 0.0115508362651,
        "dvar": 0.000219825436943,
        "dvar2": 0.00023410092399,
        "max": 0.79931640625,
        "mean": 0.119567468762,
        "median": 0.072265625,
        "min": 0.01171875,
        "var": 0.0183935537934
    },
    "barkbands": {
        "dmean": [2.96637190331e-05, 0.000263231195277, 0.000231340934988, 0.000199871617951, 0.000663726415951, 0.00119377311785, 0.00111161801033, 0.000566964736208, 0.00090769934468, 0.001332494081, 0.000618562276941, 0.000549484509975, 0.000336112687364, 0.000424049096182, 0.000441013078671, 0.000343615043676, 0.000327724177623, 0.000230769990594, 0.000144956065924, 0.000198891502805, 0.000166846308275, 0.000131274151499, 8.20658096927e-05, 7.1408932854e-05, 3.67755746993e-05, 8.76391641214e-06, 1.13885585407e-08],
        "dmean2": [5.28715499968e-05, 0.000437653216068, 0.000379999866709, 0.00033460513805, 0.00104571646079, 0.00176400342025, 0.00175232021138, 0.000894949305803, 0.00135608599521, 0.00198026397265, 0.000963286089245, 0.000857084640302, 0.000550087483134, 0.000679129268974, 0.000704315723851, 0.000556393293664, 0.000539169588592, 0.000367013446521, 0.000235364728724, 0.000306829140754, 0.000260988512309, 0.000199519243324, 0.000122579018353, 0.000106847161078, 5.44260219613e-05, 1.27536795844e-05, 2.08642685351e-08],
        "dvar": [2.69105515649e-09, 6.48307150186e-07, 5.14104215199e-07, 2.50491154929e-07, 3.24591815115e-06, 7.49156470192e-06, 7.56358622311e-06, 4.93925381306e-06, 7.63633124734e-06, 1.24717516883e-05, 5.75402145842e-06, 2.07832340493e-06, 6.58656574615e-07, 1.16025535135e-06, 9.14091003779e-07, 4.4718819936e-07, 5.37393759714e-07, 1.71817490013e-07, 7.12003185299e-08, 1.71281755001e-07, 1.76739661129e-07, 7.30871761334e-07, 2.37764865574e-07, 1.50947670363e-07, 8.51888302122e-08, 3.31765059869e-09, 2.66953461696e-14],
        "dvar2": [7.80796405309e-09, 1.52048119162e-06, 1.18169919006e-06, 6.73664317219e-07, 7.49642322262e-06, 1.57680078701e-05, 1.92416300706e-05, 1.28120473164e-05, 1.73710304807e-05, 2.62379635387e-05, 1.39016319736e-05, 4.77856974612e-06, 1.6758132233e-06, 2.75516003967e-06, 2.0353149921e-06, 1.13810199309e-06, 1.43813974773e-06, 4.24712339964e-07, 1.8931923762e-07, 4.01245728199e-07, 4.04567572332e-07, 1.78424488695e-06, 5.33666650426e-07, 3.11926726226e-07, 1.61735144388e-07, 6.65886723539e-09, 7.95429057365e-14],
        "max": [0.00154604308773, 0.0308798849583, 0.0442351922393, 0.0132871028036, 0.0567070730031, 0.0663677528501, 0.0722287893295, 0.0836851894855, 0.0650244653225, 0.0817529261112, 0.0830539911985, 0.0377412252128, 0.0251006111503, 0.0290777347982, 0.0250377804041, 0.0110031114891, 0.0197145789862, 0.00839855428785, 0.00462493253872, 0.010396618396, 0.0115248179063, 0.0437061600387, 0.0195068772882, 0.0183709990233, 0.0208000782877, 0.00388276507147, 1.01915102277e-05],
        "mean": [3.23949279846e-05, 0.000472075218568, 0.000367249827832, 0.0003603916266, 0.00134316040203, 0.00242128130049, 0.00211437675171, 0.000924178399146, 0.00171367835719, 0.00247879698873, 0.00107032130472, 0.00088935130043, 0.00066705950303, 0.000687173567712, 0.00075704237679, 0.000600129074883, 0.000634881609585, 0.00047490792349, 0.000305292138364, 0.000400495016947, 0.000321056548273, 0.000206463344512, 0.000133164270665, 0.000123764475575, 6.03004773438e-05, 1.31735387185e-05, 8.06619304683e-09],
        "median": [1.77677065949e-05, 0.000209429155802, 0.000126997882035, 0.000165709730936, 0.000413087080233, 0.000589902920183, 0.000563588168006, 0.000223646507948, 0.000405365775805, 0.00057647441281, 0.000174138564034, 0.000328538386384, 0.000194623280549, 0.000270412419923, 0.000326222798321, 0.000259099615505, 0.000255166174611, 0.000243799964665, 0.000150586565724, 0.000142161748954, 0.00010328755161, 5.06417054567e-05, 3.34885262419e-05, 3.61200072803e-05, 1.44607620314e-05, 2.18655395656e-06, 7.2660299999e-10],
        "min": [1.26504434145e-25, 1.49981351301e-24, 2.84636964385e-25, 4.5866359973e-25, 1.09511603572e-24, 4.68771678799e-24, 4.99450873834e-24, 3.86913554817e-24, 9.78792894333e-24, 1.07628868693e-23, 4.76514743015e-24, 1.57664359536e-23, 2.19337725987e-23, 2.28647010421e-23, 3.17273545193e-23, 3.81159193166e-23, 4.834483255e-23, 5.83043939605e-23, 1.18495642232e-22, 1.04783914413e-22, 2.1305532609e-22, 2.31621426241e-22, 2.94202657998e-22, 4.93212902583e-22, 7.76270180303e-22, 1.14558850186e-21, 1.81904468596e-21],
        "var": [2.69593103397e-09, 1.20133177006e-06, 1.0306994227e-06, 4.36491177425e-07, 9.68681706581e-06, 2.28282042372e-05, 1.74566794158e-05, 6.19083630227e-06, 1.92835141206e-05, 3.56615928467e-05, 1.36986818688e-05, 4.22330640504e-06, 2.27793407248e-06, 2.24628843171e-06, 2.35691641137e-06, 8.84179485183e-07, 1.04676087176e-06, 4.41298709575e-07, 1.89400594763e-07, 4.38505423972e-07, 3.64198797342e-07, 8.39068093228e-07, 3.30895915113e-07, 2.62776183035e-07, 1.62817812566e-07, 5.97887606091e-09, 1.47792002703e-14]
    },
    "erbbands": {
        "dmean": [0.00603615678847, 0.0688769295812, 0.252959758043, 0.429837107658, 1.27941775322, 2.34577059746, 5.52964878082, 10.3321590424, 16.8447971344, 12.5420284271, 13.1448431015, 17.9150123596, 37.6736946106, 35.1588478088, 23.5922355652, 21.1595172882, 16.4178466797, 17.744140625, 22.4059391022, 21.3109092712, 17.55900383, 15.436164856, 11.4366044998, 8.96541500092, 6.62833738327, 10.2726345062, 7.57031679153, 5.91263055801, 4.8517074585, 3.40270829201, 2.31024432182, 1.71946775913, 1.0466606617, 0.508673012257, 0.211404532194, 0.0649300664663, 0.011563135311, 0.000696036266163, 1.87472523976e-05, 7.79807396611e-06],
        "dmean2": [0.0101248575374, 0.115019604564, 0.415684908628, 0.717106819153, 2.13378953934, 3.73400831223, 8.66572284698, 15.436173439, 26.2776660919, 19.4166660309, 20.465341568, 26.8004379272, 56.1219825745, 51.4780921936, 35.683139801, 33.2089004517, 26.4797134399, 28.1410083771, 35.8254737854, 34.7586898804, 27.2604560852, 25.1643104553, 18.0961227417, 14.2016115189, 10.6928005219, 15.8135576248, 11.6790885925, 9.27002906799, 7.5090880394, 5.04787969589, 3.47871994972, 2.61624073982, 1.54574644566, 0.76587843895, 0.309690088034, 0.0955705940723, 0.0165867153555, 0.00103271671105, 2.70852124231e-05, 1.1691684449e-05],
        "dvar": [0.000219593915972, 0.0509205721319, 0.708669483662, 1.03782498837, 15.8624410629, 54.8044166565, 281.482513428, 707.044372559, 1959.35046387, 1079.90563965, 3191.74804688, 2965.98413086, 13685.2128906, 10617.9804688, 4796.07421875, 2676.83325195, 1547.19494629, 2592.82275391, 2672.33935547, 1997.33654785, 1267.49572754, 1326.49853516, 436.370635986, 322.746276855, 137.689193726, 503.247711182, 306.40512085, 360.998199463, 946.214050293, 438.66027832, 218.495819092, 89.2797393799, 38.254573822, 14.2578516006, 3.76689219475, 0.251896560192, 0.00343144359067, 1.30906664708e-05, 8.96573126852e-09, 2.23984608638e-10],
        "dvar2": [0.000540031993296, 0.120759278536, 1.62099134922, 2.78723168373, 43.9044685364, 120.523788452, 611.010559082, 1569.21313477, 4869.20117188, 2740.39575195, 7904.90429688, 6864.65283203, 29785.1699219, 22625.1835938, 10480.0595703, 6255.06835938, 3819.72338867, 6055.56689453, 5791.73388672, 5113.78271484, 2999.22949219, 3581.83105469, 1099.09875488, 821.424133301, 352.681488037, 1132.93591309, 714.024841309, 817.237854004, 2309.22949219, 1025.61816406, 506.805877686, 196.68069458, 77.763168335, 27.0181274414, 8.07574272156, 0.489268898964, 0.00642243539914, 2.73162240774e-05, 1.75010086423e-08, 4.8018733434e-10],
        "max": [0.463319838047, 9.45276641846, 56.1767196655, 31.4065475464, 107.196876526, 275.026123047, 459.410369873, 814.154785156, 1304.86547852, 758.291320801, 2547.53051758, 1170.06335449, 2746.27587891, 3918.53344727, 1992.60107422, 1170.34399414, 1409.73181152, 1663.97802734, 1586.87365723, 797.264343262, 734.659423828, 1069.49279785, 453.735443115, 424.684265137, 229.872436523, 571.956665039, 467.758514404, 599.759460449, 1453.69006348, 854.608032227, 754.883972168, 382.774475098, 389.043243408, 241.78918457, 138.00177002, 34.4971466064, 3.27450966835, 0.194211661816, 0.00562235573307, 0.000731544394512],
        "mean": [0.0102893775329, 0.118917308748, 0.421364337206, 0.847641587257, 2.21912717819, 4.64913892746, 12.0545501709, 21.0571327209, 33.0880622864, 22.5843029022, 22.8012886047, 34.0804176331, 72.3353424072, 67.986831665, 45.0252113342, 36.5711746216, 35.0924873352, 32.1287841797, 40.6883125305, 37.5709648132, 34.6016426086, 33.7112312317, 25.7874107361, 20.1241645813, 14.8669834137, 20.9402256012, 15.6193161011, 10.7643384933, 7.5976319313, 5.52001857758, 3.71345734596, 2.85930943489, 1.78194630146, 0.854811906815, 0.326744884253, 0.101513743401, 0.0172189269215, 0.000950013753027, 3.82373327739e-05, 2.74598314718e-05],
        "median": [0.00507377553731, 0.0479804910719, 0.156675189734, 0.429992139339, 0.870850503445, 1.37089121342, 2.56216716766, 5.71625518799, 9.35810089111, 6.40041160583, 6.84581375122, 10.6014719009, 15.94622612, 19.1907749176, 12.9063329697, 16.3681354523, 12.2530078888, 14.3086423874, 16.9648857117, 17.6703510284, 15.8055610657, 13.9625139236, 14.1706619263, 9.14541435242, 7.77333402634, 7.51625108719, 5.39467906952, 3.0777425766, 1.83911585808, 1.40547883511, 0.91301292181, 0.767207086086, 0.516720294952, 0.235283955932, 0.0585646033287, 0.0170929748565, 0.00271960208192, 0.000100968885818, 1.86450597539e-05, 2.52250301855e-05],
        "min": [1.77827707382e-23, 2.7196601961e-22, 1.2272629948e-21, 2.92491751223e-21, 6.07521750758e-21, 5.51105326873e-21, 1.99897274623e-20, 4.9052508258e-20, 7.13008233024e-20, 8.2841337016e-20, 1.28908692615e-19, 2.73252937352e-19, 3.17302915759e-19, 4.31511872181e-19, 6.00298308817e-19, 7.32289399512e-19, 1.14130482831e-18, 1.08205687957e-18, 1.65868086566e-18, 2.03905128835e-18, 2.04190940416e-18, 3.56722259549e-18, 4.3440465203e-18, 5.41055240435e-18, 6.62987701144e-18, 6.36955169214e-18, 7.82159901508e-18, 8.99362791628e-18, 7.78209452338e-18, 9.01745898973e-18, 9.82146200152e-18, 9.53559417208e-18, 6.93909408162e-18, 7.59082968625e-18, 5.98830580218e-18, 3.68337819224e-18, 2.05347297553e-18, 8.2330754613e-19, 2.14760915362e-19, 2.67852876131e-20],
        "var": [0.000344175525242, 0.0931190922856, 1.50742089748, 1.90800035, 23.4183959961, 158.197219849, 1083.6875, 1991.04296875, 4818.25537109, 2068.23339844, 4165.40478516, 6851.57324219, 36433.4296875, 28314.25, 13658.3359375, 4673.23242188, 6168.58496094, 5129.09619141, 7611.84082031, 3834.22338867, 3008.36621094, 2711.5090332, 1157.92419434, 926.301330566, 386.884185791, 1278.67712402, 696.954650879, 643.621826172, 1089.89538574, 567.12512207, 281.166717529, 132.623657227, 69.168510437, 28.2772769928, 5.7900223732, 0.438884168863, 0.00708297500387, 2.62406920228e-05, 1.9494324377e-08, 6.61319166095e-10]
    },
    "gfcc": {
        "mean": [-119.682907104, 73.8290710449, -141.649581909, 23.7694015503, -65.779800415, 11.6277675629, -38.2785949707, 9.76620388031, -21.4021587372, 2.09847545624, -10.3879928589, -1.30825924873, -1.12983465195],
        "cov": [[124448.921875, 8570.24121094, -16747.6425781, 3095.984375, -7998.74707031, 1491.83996582, -4512.5, 1251.81774902, -2576.05126953, 302.045715332, -1298.45056152, -191.455001831, -254.896774292], [8570.24121094, 1280.45874023, -1173.08947754, 168.335388184, -464.171203613, -41.9459762573, -362.363494873, 42.6425704956, -222.950363159, -34.453289032, -40.3986663818, -62.8741455078, 34.8032188416], [-16747.6425781, -1173.08947754, 3009.30517578, -244.155029297, 1039.73376465, -158.563568115, 489.910186768, -184.24446106, 294.657928467, -1.28998613358, 96.918258667, 71.5179672241, -40.6692810059], [3095.984375, 168.335388184, -244.155029297, 342.040863037, -185.305877686, 30.8067569733, -138.429428101, 25.9842758179, -42.206577301, 14.8278903961, -43.0049057007, 1.52183151245, -19.7901325226], [-7998.74707031, -464.171203613, 1039.73376465, -185.305877686, 674.821960449, -61.7479019165, 321.668365479, -60.7130966187, 150.993759155, -25.5730991364, 67.237197876, -3.71404910088, -6.35589694977], [1491.83996582, -41.9459762573, -158.563568115, 30.8067569733, -61.7479019165, 226.334152222, 34.5078735352, 26.8365383148, -40.2352714539, 10.9712104797, -47.9307479858, -13.1118888855, -51.496295929], [-4512.5, -362.363494873, 489.910186768, -138.429428101, 321.668365479, 34.5078735352, 354.240203857, 1.21263301373, 88.0685882568, -16.1191921234, 39.6485023499, -37.8323364258, -4.84883499146], [1251.81774902, 42.6425704956, -184.24446106, 25.9842758179, -60.7130966187, 26.8365383148, 1.21263301373, 106.680770874, 2.72049117088, 11.3165531158, -22.8183078766, -15.1048002243, -12.8997707367], [-2576.05126953, -222.950363159, 294.657928467, -42.206577301, 150.993759155, -40.2352714539, 88.0685882568, 2.72049117088, 155.818511963, 15.3663702011, 37.4551887512, 13.6107187271, 9.24487686157], [302.045715332, -34.453289032, -1.28998613358, 14.8278903961, -25.5730991364, 10.9712104797, -16.1191921234, 11.3165531158, 15.3663702011, 83.5450134277, 10.7477798462, 3.33461642265, -24.4092483521], [-1298.45056152, -40.3986663818, 96.918258667, -43.0049057007, 67.237197876, -47.9307479858, 39.6485023499, -22.8183078766, 37.4551887512, 10.7477798462, 116.609458923, 12.3233747482, 31.4194641113], [-191.455001831, -62.8741455078, 71.5179672241, 1.52183151245, -3.71404910088, -13.1118888855, -37.8323364258, -15.1048002243, 13.6107187271, 3.33461642265, 12.3233747482, 82.6697921753, 12.1983938217], [-254.896774292, 34.8032188416, -40.6692810059, -19.7901325226, -6.35589694977, -51.496295929, -4.84883499146, -12.8997707367, 9.24487686157, -24.4092483521, 31.4194641113, 12.1983938217, 109.254684448]],
        "icov": [[0.000336807861459, -0.000576112128329, 0.000797035288997, -0.000746029254515, 0.00124815537129, -0.000918375619221, 0.000840267166495, -0.00107203412335, 0.00105445657391, -0.000680992554408, 0.000722237396985, -0.000531684956513, 0.000291618693154], [-0.000576112128329, 0.00279184337705, -0.000916239281651, 0.00108922692016, -0.00243076821789, 0.00215691048652, -0.000170503903064, 0.00158332567662, -0.00044936791528, 0.00176924886182, -0.00171955639962, 0.00236196862534, -0.000658502045553], [0.000797035288997, -0.000916239281651, 0.00287156295963, -0.00197814474814, 0.00183622655459, -0.00163551978767, 0.0018864821177, -0.00165799702518, 0.00244039250538, -0.00182270095684, 0.00201709545217, -0.001703956048, 0.00108234386425], [-0.000746029254515, 0.00108922692016, -0.00197814474814, 0.00543791614473, -0.00211555650458, 0.00152907404117, -0.000751050480176, 0.00183978851419, -0.00269415020011, 0.00138796446845, -0.00113770086318, 0.00146138423588, -0.000355220487108], [0.00124815537129, -0.00243076821789, 0.00183622655459, -0.00211555650458, 0.00951934047043, -0.00289972452447, 0.000586087931879, -0.00332351075485, 0.00251589901745, -0.00139075703919, 0.00223678327166, -0.00184293126222, 0.00184618320782], [-0.000918375619221, 0.00215691048652, -0.00163551978767, 0.00152907404117, -0.00289972452447, 0.00910080131143, -0.00441930023953, 0.0029474303592, -0.00118987832684, 0.00123929930851, -0.000270271440968, 0.000696112809237, 0.00148879329208], [0.000840267166495, -0.000170503903064, 0.0018864821177, -0.000751050480176, 0.000586087931879, -0.00441930023953, 0.0100973453373, -0.00467101950198, 0.00232383050025, -0.000177384543349, -5.80224041187e-05, 0.00294177350588, -0.000119431759231], [-0.00107203412335, 0.00158332567662, -0.00165799702518, 0.00183978851419, -0.00332351075485, 0.0029474303592, -0.00467101950198, 0.0158058423549, -0.00573821458966, 0.000682083831634, 4.66411147499e-05, 0.00210738647729, -4.53628308605e-05], [0.00105445657391, -0.00044936791528, 0.00244039250538, -0.00269415020011, 0.00251589901745, -0.00118987832684, 0.00232383050025, -0.00573821458966, 0.0143254473805, -0.00396868400276, 0.000724842597265, -0.00232664542273, -1.27344037537e-05], [-0.000680992554408, 0.00176924886182, -0.00182270095684, 0.00138796446845, -0.00139075703919, 0.00123929930851, -0.000177384543349, 0.000682083831634, -0.00396868400276, 0.0163565091789, -0.00470098527148, 0.0017275379505, 0.00314558111131], [0.000722237396985, -0.00171955639962, 0.00201709545217, -0.00113770086318, 0.00223678327166, -0.000270271440968, -5.80224041187e-05, 4.66411147499e-05, 0.000724842597265, -0.00470098527148, 0.0135828806087, -0.00299371290021, -0.0019003044581], [-0.000531684956513, 0.00236196862534, -0.001703956048, 0.00146138423588, -0.00184293126222, 0.000696112809237, 0.00294177350588, 0.00210738647729, -0.00232664542273, 0.0017275379505, -0.00299371290021, 0.0169533994049, -0.00221125315875], [0.000291618693154, -0.000658502045553, 0.00108234386425, -0.000355220487108, 0.00184618320782, 0.00148879329208, -0.000119431759231, -4.53628308605e-05, -1.27344037537e-05, 0.00314558111131, -0.0019003044581, -0.00221125315875, 0.0126773091033]]
    },
    "melbands": {
        "dmean": [6.1895523686e-05, 0.000115075185022, 9.04623884708e-05, 0.000127247054479, 0.000163944991073, 0.000237822561758, 0.000248405471211, 0.000127551902551, 0.000111251705675, 0.000123780642753, 0.000191264160094, 0.000148836712469, 8.85226399987e-05, 6.68430438964e-05, 4.33951972809e-05, 3.25070686813e-05, 3.54248659278e-05, 3.90302302549e-05, 3.06911897496e-05, 2.48515389103e-05, 2.42298829107e-05, 1.93304440472e-05, 1.39788016895e-05, 1.14063968795e-05, 7.75094940764e-06, 5.49948117623e-06, 4.83352323499e-06, 8.03503917268e-06, 5.65317577639e-06, 4.67426980322e-06, 3.29398676513e-06, 2.93329958367e-06, 2.59231796917e-06, 1.79906976427e-06, 1.55110762989e-06, 9.75396233116e-07, 1.12802285912e-06, 8.45768283853e-07, 5.85070836223e-07, 3.93435783508e-07],
        "dmean2": [0.000102460842754, 0.000189210564713, 0.000151055035531, 0.000208067140193, 0.000259188411292, 0.000355862634024, 0.000387741194572, 0.00019641633844, 0.000171068109921, 0.000183158743312, 0.000284833047772, 0.000217039181734, 0.000135081529152, 0.000102552294265, 7.03004334355e-05, 5.19577079103e-05, 5.6438104366e-05, 6.26511100563e-05, 4.89173289679e-05, 4.05975079047e-05, 3.75212584913e-05, 3.13939235639e-05, 2.25757939916e-05, 1.82550174941e-05, 1.23297359096e-05, 9.03709769773e-06, 7.59530166761e-06, 1.24291564134e-05, 8.84255678102e-06, 7.40900895835e-06, 5.20371168022e-06, 4.62149819214e-06, 3.97213443648e-06, 2.735234375e-06, 2.37064568864e-06, 1.50145683619e-06, 1.71217357092e-06, 1.28097678953e-06, 8.94710296961e-07, 6.03918806519e-07],
        "dvar": [2.79199241504e-08, 1.41452900948e-07, 5.38646105497e-08, 1.44888602449e-07, 2.26597222763e-07, 3.33162176958e-07, 3.86754010151e-07, 1.26101653564e-07, 2.32110878073e-07, 1.35449752747e-07, 3.46228461012e-07, 1.88349233099e-07, 9.53399137416e-08, 3.41784414104e-08, 1.13150440129e-08, 5.83470294302e-09, 1.14579528088e-08, 8.61439009014e-09, 4.74743799828e-09, 2.52710874449e-09, 2.68105049273e-09, 2.22514962012e-09, 6.96714408388e-10, 5.23029952681e-10, 2.67547650701e-10, 9.40158020879e-11, 9.54121712193e-11, 3.46575185217e-10, 1.70720965142e-10, 1.66109515032e-10, 1.40313233254e-10, 3.0500094117e-10, 3.49345830042e-10, 1.04416142399e-10, 1.09934110426e-10, 3.39631239799e-11, 3.57698801134e-11, 2.82768513465e-11, 1.15479717802e-11, 1.00777563378e-11],
        "dvar2": [6.60432561972e-08, 3.23056553952e-07, 1.45866522416e-07, 3.50233420932e-07, 5.11202131293e-07, 7.35351989078e-07, 9.6680992101e-07, 3.21010617199e-07, 5.59531201816e-07, 2.99799665981e-07, 7.51144796141e-07, 3.97499178462e-07, 2.18232401039e-07, 7.49513588971e-08, 2.91986701484e-08, 1.43689797838e-08, 2.69747104653e-08, 1.91742053346e-08, 1.10619051696e-08, 6.62020926967e-09, 6.14774409158e-09, 5.92532156674e-09, 1.74790670826e-09, 1.3341689975e-09, 6.90729695663e-10, 2.45087061757e-10, 2.32249247611e-10, 7.76852249196e-10, 4.04376671037e-10, 4.01379623982e-10, 3.091470413e-10, 7.44359074378e-10, 8.75371664044e-10, 2.3611054778e-10, 2.662852161e-10, 7.66805993702e-11, 7.87900092392e-11, 6.2171379156e-11, 2.09835239462e-11, 2.02002130301e-11],
        "max": [0.00462644780055, 0.0233079697937, 0.00519441906363, 0.0114500867203, 0.0124015193433, 0.0158394817263, 0.0172865185887, 0.0113990735263, 0.0245564151555, 0.00778977293521, 0.0138252908364, 0.0158684328198, 0.00982543546706, 0.00517761707306, 0.00338943582028, 0.00252395961434, 0.00349645968527, 0.00255288672633, 0.00198865914717, 0.000926749897189, 0.000971537316218, 0.00122521677986, 0.000540603767149, 0.000564144516829, 0.000381749792723, 0.000186995166587, 0.000244130176725, 0.000530980119947, 0.000334260752425, 0.00034247309668, 0.000412845110986, 0.00079709169222, 0.000929632806219, 0.000343537190929, 0.000573234108742, 0.000316197547363, 0.000219527515583, 0.000324354710756, 0.000224092786084, 0.000192250823602],
        "mean": [0.000113234265882, 0.000202206982067, 0.000178635018528, 0.000243449103436, 0.000372078065993, 0.000482994772028, 0.000491836923175, 0.000223004928557, 0.000186692603165, 0.000233804166783, 0.000362075370504, 0.000279002444586, 0.000160955620231, 0.000108988439024, 7.80335685704e-05, 6.59295110381e-05, 5.8292032918e-05, 6.54105024296e-05, 5.23473354406e-05, 4.23313540523e-05, 4.2176747229e-05, 3.62050341209e-05, 2.80986350845e-05, 2.1895775717e-05, 1.57009217219e-05, 1.10012197183e-05, 1.00471279438e-05, 1.48185017679e-05, 1.03327647594e-05, 7.85091469879e-06, 5.52901929041e-06, 4.33627883467e-06, 3.74714568352e-06, 2.81145730696e-06, 2.30749537877e-06, 1.59201363203e-06, 1.78958907782e-06, 1.33819651182e-06, 9.65526169239e-07, 6.23873631866e-07],
        "median": [5.59801992495e-05, 8.29274576972e-05, 9.03635664145e-05, 8.37783372845e-05, 8.2653874415e-05, 0.00012680303189, 0.000141563723446, 5.76443962927e-05, 5.05174211867e-05, 6.0334437876e-05, 7.19234230928e-05, 6.75872361171e-05, 3.4051030525e-05, 3.83472834073e-05, 3.46240231011e-05, 2.34215440287e-05, 2.32410620811e-05, 2.34543786064e-05, 2.31500525842e-05, 1.8512173483e-05, 1.61503194249e-05, 1.28827123262e-05, 1.29175332404e-05, 1.09607708509e-05, 6.34613661532e-06, 5.43437772649e-06, 4.49345134257e-06, 4.75516617371e-06, 3.19574905916e-06, 2.28189264817e-06, 1.34591402912e-06, 9.97748088594e-07, 8.35282946809e-07, 6.80600010128e-07, 5.09039921326e-07, 4.23762827495e-07, 4.46847991498e-07, 3.56842519977e-07, 2.97028662999e-07, 1.41412456856e-07],
        "min": [2.99462890194e-25, 6.97031776612e-25, 6.17172527555e-25, 8.9649841194e-25, 7.59840783278e-25, 9.63470927857e-25, 1.03285735814e-24, 9.12907310415e-25, 7.90162377803e-25, 1.67238511907e-24, 1.34944735536e-24, 1.44401432435e-24, 1.33277113165e-24, 1.58082755583e-24, 2.045736025e-24, 1.28076123634e-24, 1.88997701699e-24, 1.99415043826e-24, 2.37093446685e-24, 2.5633423748e-24, 1.81523402394e-24, 2.58716084654e-24, 1.75170764689e-24, 2.2469703004e-24, 3.45715412371e-24, 3.80516287306e-24, 3.59341564559e-24, 3.7266013988e-24, 3.78865556419e-24, 3.71503275362e-24, 4.5333284258e-24, 3.12328511444e-24, 4.62875061862e-24, 4.75671214049e-24, 4.97773676663e-24, 4.19489960328e-24, 4.58366248472e-24, 4.02072305972e-24, 5.21384559658e-24, 5.71908773498e-24],
        "var": [4.95022867142e-08, 3.099211483e-07, 9.34171140443e-08, 3.59569384045e-07, 9.32918965191e-07, 9.67569349086e-07, 9.61232103691e-07, 2.20706809273e-07, 3.1350529639e-07, 3.43351246102e-07, 9.34402635266e-07, 5.22929383351e-07, 2.55409986494e-07, 7.4465333455e-08, 2.06929549051e-08, 1.90926137122e-08, 2.19371720789e-08, 2.19357598752e-08, 9.67818802877e-09, 4.83537121454e-09, 5.88531268164e-09, 3.97653643347e-09, 1.82222292811e-09, 1.1723402249e-09, 6.89977963653e-10, 2.35166441875e-10, 2.54105320119e-10, 7.74820541061e-10, 3.67333802265e-10, 2.87646573227e-10, 2.33286889806e-10, 3.54660967261e-10, 3.62064156434e-10, 1.4368856105e-10, 1.29103491786e-10, 4.33834114466e-11, 5.49759265889e-11, 4.42384323618e-11, 2.36935453896e-11, 1.85260539548e-11]
    },
    "mfcc": {
        "mean": [-681.035522461, 93.3461532593, -23.2512836456, 8.01216030121, -6.86478424072, -3.87073469162, -4.43125247955, -1.57811284065, -1.35777270794, -0.127714857459, -5.71657991409, 0.919525921345, -1.6305232048],
        "cov": [[27199.5859375, 4566.64550781, -1159.01611328, 540.284790039, -471.252075195, -162.93536377, -177.47958374, -28.8233337402, -14.6122627258, 48.9064483643, -272.737976074, 166.510299683, -58.4854431152], [4566.64550781, 1685.95678711, -307.98538208, 123.717048645, -5.85782909393, -118.698883057, -19.3618030548, -70.4947891235, -63.7351112366, -27.8175468445, -91.1602249146, -30.5535469055, -35.467338562], [-1159.01611328, -307.98538208, 689.008605957, 87.4629974365, 103.18686676, 58.5980949402, -51.7593688965, -27.3798427582, -25.724615097, -49.5946998596, 24.5185241699, -23.991651535, 4.99563837051], [540.284790039, 123.717048645, 87.4629974365, 248.266586304, 54.1622581482, -31.7061309814, -35.5976295471, -28.3006191254, 4.40788936615, -29.6196041107, -28.8237419128, 31.7344341278, 12.3680734634], [-471.252075195, -5.85782909393, 103.18686676, 54.1622581482, 162.25881958, 11.7911844254, -27.3265419006, -4.74662780762, -6.45271396637, -21.4458999634, -4.77483558655, -1.30345439911, 9.15438938141], [-162.93536377, -118.698883057, 58.5980949402, -31.7061309814, 11.7911844254, 161.097564697, 43.1653747559, 34.8656768799, 8.12051582336, 16.1655578613, 32.6781578064, -24.7623176575, -14.3301820755], [-177.47958374, -19.3618030548, -51.7593688965, -35.5976295471, -27.3265419006, 43.1653747559, 171.329177856, 28.8251686096, 7.01113128662, 50.953163147, 4.38193941116, -22.8779125214, -26.5358982086], [-28.8233337402, -70.4947891235, -27.3798427582, -28.3006191254, -4.74662780762, 34.8656768799, 28.8251686096, 102.882369995, 34.0811767578, 12.793888092, 12.5391521454, -7.29168224335, -3.2372739315], [-14.6122627258, -63.7351112366, -25.724615097, 4.40788936615, -6.45271396637, 8.12051582336, 7.01113128662, 34.0811767578, 96.9083023071, 31.3097457886, 1.3152230978, 2.17272663116, -14.6169137955], [48.9064483643, -27.8175468445, -49.5946998596, -29.6196041107, -21.4458999634, 16.1655578613, 50.953163147, 12.793888092, 31.3097457886, 106.982887268, 29.8220596313, -14.709731102, -16.0838832855], [-272.737976074, -91.1602249146, 24.5185241699, -28.8237419128, -4.77483558655, 32.6781578064, 4.38193941116, 12.5391521454, 1.3152230978, 29.8220596313, 89.2833023071, 16.7238845825, 7.11295127869], [166.510299683, -30.5535469055, -23.991651535, 31.7344341278, -1.30345439911, -24.7623176575, -22.8779125214, -7.29168224335, 2.17272663116, -14.709731102, 16.7238845825, 106.646575928, 31.354133606], [-58.4854431152, -35.467338562, 4.99563837051, 12.3680734634, 9.15438938141, -14.3301820755, -26.5358982086, -3.2372739315, -14.6169137955, -16.0838832855, 7.11295127869, 31.354133606, 83.5105361938]],
