{
"lowlevel": {
    "average_loudness": 0.933672487736,
    "barkbands_crest": {
        "dmean": 2.66491723061,
        "dmean2": 4.33453321457,
        "dvar": 6.97624969482,
        "dvar2": 16.3703041077,
        "max": 25.8948783875,
        "mean": 8.29786777496,
        "median": 6.8701467514,
        "min": 1.90184020996,
        "var": 20.3140296936
    },
    "barkbands_flatness_db": {
        "dmean": 0.0184607300907,
        "dmean2": 0.0287354066968,
        "dvar": 0.000311370764393,
        "dvar2": 0.000658419041429,
        "max": 0.314854592085,
        "mean": 0.100830666721,
        "median": 0.0907898172736,
        "min": 0.0243891552091,
        "var": 0.00141415314283
    },
    "barkbands_kurtosis": {
        "dmean": 1.23130226135,
        "dmean2": 1.97469711304,
        "dvar": 3.97235035896,
        "dvar2": 9.51686286926,
        "max": 45.0135803223,
        "mean": 0.755453765392,
        "median": -0.256598234177,
        "min": -1.89455628395,
        "var": 8.48999023438
    },
    "barkbands_skewness": {
        "dmean": 0.463596075773,
        "dmean2": 0.729523062706,
        "dvar": 0.217662408948,
        "dvar2": 0.511200249195,
        "max": 5.60293340683,
        "mean": 0.395249664783,
        "median": 0.462238788605,
        "min": -4.01982688904,
        "var": 1.16869878769
    },
    "barkbands_spread": {
        "dmean": 6.92524290085,
        "dmean2": 10.5695095062,
        "dvar": 47.8779830933,
        "dvar2": 104.543495178,
        "max": 128.488357544,
        "mean": 31.3307476044,
        "median": 29.836359024,
        "min": 1.50047254562,
        "var": 218.828613281
    },
    "dissonance": {
        "dmean": 0.0163707416505,
        "dmean2": 0.0275524258614,
        "dvar": 0.000315848155878,
        "dvar2": 0.000844460853841,
        "max": 0.500000059605,
        "mean": 0.474104613066,
        "median": 0.48152127862,
        "min": 0.213625505567,
        "var": 0.000632988172583
    },
    "dynamic_complexity": 2.73293972015,
    "erbbands_crest": {
        "dmean": 2.69215965271,
        "dmean2": 4.35491657257,
        "dvar": 8.62960243225,
        "dvar2": 20.0247306824,
        "max": 31.8110256195,
        "mean": 8.35603523254,
        "median": 6.47186756134,
        "min": 2.42961168289,
        "var": 28.9810276031
    },
    "erbbands_flatness_db": {
        "dmean": 0.0169835835695,
        "dmean2": 0.0254939142615,
        "dvar": 0.000266572606051,
        "dvar2": 0.000524010101799,
        "max": 0.385773390532,
        "mean": 0.158991023898,
        "median": 0.150167137384,
        "min": 0.0629080757499,
        "var": 0.00226598791778
    },
    "erbbands_kurtosis": {
        "dmean": 0.889607727528,
        "dmean2": 1.43385922909,
        "dvar": 2.28393387794,
        "dvar2": 5.18253183365,
        "max": 33.2232055664,
        "mean": 0.230746150017,
        "median": -0.324903011322,
        "min": -1.8521425724,
        "var": 5.23668432236
    },
    "erbbands_skewness": {
        "dmean": 0.382331967354,
        "dmean2": 0.589058220387,
        "dvar": 0.143243730068,
        "dvar2": 0.308797031641,
        "max": 5.43313026428,
        "mean": 0.125773146749,
        "median": -0.0238582491875,
        "min": -4.65803003311,
        "var": 0.744700074196
    },
    "erbbands_spread": {
        "dmean": 8.45038032532,
        "dmean2": 13.1073865891,
        "dvar": 75.2424468994,
        "dvar2": 177.864654541,
        "max": 141.429412842,
        "mean": 39.9803504944,
        "median": 37.6766281128,
        "min": 4.02655887604,
        "var": 322.085723877
    },
    "hfc": {
        "dmean": 12.8450117111,
        "dmean2": 19.3394889832,
        "dvar": 287.956604004,
        "dvar2": 645.759277344,
        "max": 199.619644165,
        "mean": 31.0554008484,
        "median": 26.7797451019,
        "min": 1.01656639312e-16,
        "var": 684.663391113
    },
    "melbands_crest": {
        "dmean": 3.56590795517,
        "dmean2": 5.82163047791,
        "dvar": 12.0662956238,
        "dvar2": 28.612197876,
        "max": 38.606086731,
        "mean": 11.2451457977,
        "median": 10.1670970917,
        "min": 1.44988262653,
        "var": 39.5646247864
    },
    "melbands_flatness_db": {
        "dmean": 0.0239586494863,
        "dmean2": 0.0367759019136,
        "dvar": 0.000579849001952,
        "dvar2": 0.00123496737797,
        "max": 0.377734452486,
        "mean": 0.10157521069,
        "median": 0.0974742546678,
        "min": 0.00262372428551,
        "var": 0.00323377200402
    },
    "melbands_kurtosis": {
        "dmean": 3.28267884254,
        "dmean2": 5.30949163437,
        "dvar": 27.6233882904,
        "dvar2": 66.7864303589,
        "max": 98.8976898193,
        "mean": 4.44725990295,
        "median": 2.31437110901,
        "min": -1.85620605946,
        "var": 51.8985290527
    },
    "melbands_skewness": {
        "dmean": 0.581335902214,
        "dmean2": 0.926475942135,
        "dvar": 0.392374515533,
        "dvar2": 0.950735032558,
        "max": 8.41859436035,
        "mean": 1.50842821598,
        "median": 1.41049396992,
        "min": -1.57133746147,
        "var": 1.30243313313
    },
    "melbands_spread": {
        "dmean": 13.8864488602,
        "dmean2": 22.0126953125,
        "dvar": 223.116577148,
        "dvar2": 514.866027832,
        "max": 268.443817139,
        "mean": 52.8607292175,
        "median": 43.0604858398,
        "min": 2.53825497627,
        "var": 1307.03552246
    },
    "pitch_salience": {
        "dmean": 0.0701512172818,
        "dmean2": 0.112310491502,
        "dvar": 0.00448932358995,
        "dvar2": 0.0105740008876,
        "max": 0.865744113922,
        "mean": 0.62215834856,
        "median": 0.637765467167,
        "min": 0.0447643399239,
        "var": 0.0163017772138
    },
    "silence_rate_20dB": {
        "dmean": 0,
        "dmean2": 0,
        "dvar": 0,
        "dvar2": 0,
        "max": 1,
        "mean": 1,
        "median": 1,
        "min": 1,
        "var": 0
    },
    "silence_rate_30dB": {
        "dmean": 0.00041692724335,
        "dmean2": 0.000833941390738,
        "dvar": 0.000416809489252,
        "dvar2": 0.0012504409533,
        "max": 1,
        "mean": 0.999791562557,
        "median": 1,
        "min": 0,
        "var": 0.000208360143006
    },
    "silence_rate_60dB": {
        "dmean": 0.020846363157,
        "dmean2": 0.0416970700026,
        "dvar": 0.0204072333872,
        "dvar2": 0.0480900481343,
        "max": 1,
        "mean": 0.151016160846,
        "median": 0,
        "min": 0,
        "var": 0.128228217363
    },
    "spectral_centroid": {
        "dmean": 357.636535645,
        "dmean2": 572.359191895,
        "dvar": 125742.710938,
        "dvar2": 291491.09375,
        "max": 11995.9892578,
        "mean": 2966.50073242,
        "median": 2195.72290039,
        "min": 402.227661133,
        "var": 7104215.5
    },
    "spectral_complexity": {
        "dmean": 5.44903087616,
        "dmean2": 8.23809051514,
        "dvar": 36.6100120544,
        "dvar2": 74.6817703247,
        "max": 59,
        "mean": 21.1766548157,
        "median": 21,
        "min": 0,
        "var": 149.58052063
    },
    "spectral_decrease": {
        "dmean": 1.6584094098e-09,
        "dmean2": 2.52814413848e-09,
        "dvar": 4.28380088834e-18,
        "dvar2": 9.41905517712e-18,
        "max": 2.28141159351e-28,
        "mean": -4.20451318206e-09,
        "median": -3.41851080776e-09,
        "min": -3.31274563337e-08,
        "var": 1.26036409784e-17
    },
    "spectral_energy": {
        "dmean": 0.00719032902271,
        "dmean2": 0.0109052434564,
        "dvar": 7.66873999964e-05,
        "dvar2": 0.000167952268384,
        "max": 0.13129465282,
        "mean": 0.0186856333166,
        "median": 0.0159935690463,
        "min": 9.72054188258e-21,
        "var": 0.000228051707381
    },
    "spectral_energyband_high": {
        "dmean": 0.00124979938846,
        "dmean2": 0.00189751107246,
        "dvar": 3.69749659512e-06,
        "dvar2": 8.38152300275e-06,
        "max": 0.0334977805614,
        "mean": 0.0023162830621,
        "median": 0.0015766506549,
        "min": 6.92329008515e-21,
        "var": 7.76225533627e-06
    },
    "spectral_energyband_low": {
        "dmean": 0.00115846074186,
        "dmean2": 0.00190952338744,
        "dvar": 8.72133114171e-06,
        "dvar2": 1.8998842279e-05,
        "max": 0.0358292534947,
        "mean": 0.00163267669268,
        "median": 0.000287334900349,
        "min": 9.4973962051e-24,
        "var": 1.43728257171e-05
    },
    "spectral_energyband_middle_high": {
        "dmean": 0.00329767446965,
        "dmean2": 0.00504601793364,
        "dvar": 2.47215648415e-05,
        "dvar2": 5.48927891941e-05,
        "max": 0.0696441456676,
        "mean": 0.00790254585445,
        "median": 0.00465662125498,
        "min": 1.03041995938e-21,
        "var": 8.35215905681e-05
    },
    "spectral_energyband_middle_low": {
        "dmean": 0.00417969701812,
        "dmean2": 0.00661763222888,
        "dvar": 4.19329589931e-05,
        "dvar2": 9.64456485235e-05,
        "max": 0.124231398106,
        "mean": 0.0075394869782,
        "median": 0.00462111551315,
        "min": 1.12922598683e-22,
        "var": 8.34353049868e-05
    },
    "spectral_entropy": {
        "dmean": 0.134282782674,
        "dmean2": 0.192402541637,
        "dvar": 0.0180660877377,
        "dvar2": 0.0347028747201,
        "max": 9.82764053345,
        "mean": 8.13371372223,
        "median": 8.02853679657,
        "min": 5.73680782318,
        "var": 0.377889990807
    },
    "spectral_flux": {
        "dmean": 0.0226650219411,
        "dmean2": 0.0345377586782,
        "dvar": 0.000612349889707,
        "dvar2": 0.00128653366119,
        "max": 0.295456677675,
        "mean": 0.0827082619071,
        "median": 0.0816672369838,
        "min": 6.22818532858e-11,
        "var": 0.00222943653353
    },
    "spectral_kurtosis": {
        "dmean": 0.913447260857,
        "dmean2": 1.52003538609,
        "dvar": 2.36721634865,
        "dvar2": 6.7598991394,
        "max": 41.7578773499,
        "mean": 2.14782571793,
        "median": 1.62593317032,
        "min": -1.28135371208,
        "var": 9.05432510376
    },
    "spectral_rms": {
        "dmean": 0.000768027908634,
        "dmean2": 0.00113337801304,
        "dvar": 6.84547558194e-07,
        "dvar2": 1.38282450735e-06,
        "max": 0.0113177886233,
        "mean": 0.0037797621917,
        "median": 0.00395012414083,
        "min": 3.07952188056e-12,
        "var": 3.9433098209e-06
    },
    "spectral_rolloff": {
        "dmean": 963.186767578,
        "dmean2": 1513.50036621,
        "dvar": 1277416.25,
        "dvar2": 2661302.5,
        "max": 19638.28125,
        "mean": 4930.93066406,
        "median": 3380.71289062,
        "min": 21.533203125,
        "var": 23879006
    },
    "spectral_skewness": {
        "dmean": 0.151226952672,
        "dmean2": 0.241684839129,
        "dvar": 0.0288964118809,
        "dvar2": 0.0729096531868,
        "max": 4.84671735764,
        "mean": 1.01327824593,
        "median": 1.03335189819,
        "min": -0.14188401401,
        "var": 0.246300816536
    },
    "spectral_spread": {
        "dmean": 604046.8125,
        "dmean2": 925240.3125,
        "dvar": 571746353152,
        "dvar2": 1.21503573606e+12,
        "max": 43354364,
        "mean": 8460955,
        "median": 5221106,
        "min": 1302562.875,
        "var": 1.08884635156e+14
    },
    "spectral_strongpeak": {
        "dmean": 0.743003726006,
        "dmean2": 1.20300197601,
        "dvar": 1.04203045368,
        "dvar2": 2.49333071709,
        "max": 13.1777982712,
        "mean": 1.39324438572,
        "median": 0.733675122261,
        "min": 0,
        "var": 2.64143490791
    },
    "zerocrossingrate": {
        "dmean": 0.0164541713893,
        "dmean2": 0.0193578861654,
        "dvar": 0.000271635333775,
        "dvar2": 0.000321452418575,
        "max": 0.822265625,
        "mean": 0.14940302074,
        "median": 0.11083984375,
        "min": 0,
        "var": 0.0150101510808
    },
    "barkbands": {
        "dmean": [4.66213969048e-05, 0.00079152797116, 0.000488980324008, 0.000713362882379, 0.00103025895078, 0.000925624393858, 0.000737258815207, 0.000809759483673, 0.00121368549298, 0.00142937211785, 0.000788929231931, 0.000442698365077, 0.000464222830487, 0.000426882470492, 0.000479554058984, 0.000298524217214, 0.000281044631265, 0.000380562851205, 0.00033493860974, 0.000361305690603, 0.000316029851092, 0.000271283701295, 0.000283713568933, 0.000226929463679, 0.000104889622889, 2.94533638225e-05, 4.38964953275e-08],
        "dmean2": [8.36212566355e-05, 0.00117813213728, 0.000797390879598, 0.00133521389216, 0.00171862391289, 0.00148925324902, 0.00121312798001, 0.00130101945251, 0.0019832001999, 0.0022910234984, 0.00122375926003, 0.000709409243427, 0.000760224298574, 0.000696007453371, 0.000784624542575, 0.000490205886308, 0.000466265220894, 0.000643057050183, 0.000558367406484, 0.0005773351877, 0.000513593899086, 0.000425332138548, 0.000445372075774, 0.00034800809226, 0.000153099113959, 4.37039343524e-05, 7.61382139558e-08],
        "dvar": [6.37573416284e-09, 5.19664354215e-06, 1.70383225395e-06, 5.8264135987e-06, 4.6390823627e-06, 4.57134137832e-06, 3.75388026441e-06, 6.67663425702e-06, 1.29101745188e-05, 1.46740949276e-05, 6.12361600361e-06, 1.08981271296e-06, 1.49449545006e-06, 1.5237324078e-06, 1.43591955748e-06, 3.3072711858e-07, 2.56713178715e-07, 4.54271713579e-07, 3.44722792534e-07, 4.5857930786e-07, 3.47331962303e-07, 2.45487797201e-07, 2.12075562445e-07, 1.33130669155e-07, 5.82262558169e-08, 1.17413447853e-08, 1.26734411268e-13],
        "dvar2": [1.85007156261e-08, 1.01940559034e-05, 3.86188548873e-06, 1.6720910935e-05, 1.16985193017e-05, 9.96663584374e-06, 8.43272482598e-06, 1.46803604366e-05, 3.22015548591e-05, 3.443949754e-05, 1.28555348056e-05, 2.45093588092e-06, 3.8547755139e-06, 3.66554422726e-06, 3.5732532524e-06, 8.55905227581e-07, 6.45648867703e-07, 1.19852268199e-06, 9.03020747955e-07, 1.06527090793e-06, 8.54950542362e-07, 5.67391055029e-07, 5.16244483606e-07, 3.01515569845e-07, 1.13968340543e-07, 2.46874254373e-08, 3.49983198889e-13],
        "max": [0.00143731327262, 0.031694624573, 0.0196848623455, 0.0316433794796, 0.0663421228528, 0.078666947782, 0.0635560899973, 0.080355450511, 0.0517729446292, 0.0668078586459, 0.0518821440637, 0.026126595214, 0.0386426784098, 0.040734346956, 0.027522707358, 0.0103764329106, 0.00949290953577, 0.0103504089639, 0.00840945355594, 0.0153107726946, 0.0159362703562, 0.0175512637943, 0.00859109405428, 0.00508395954967, 0.00809354893863, 0.00349390646443, 1.31253755171e-05],
        "mean": [4.50066145277e-05, 0.000842602690682, 0.000527581200004, 0.000493952189572, 0.00139433075674, 0.00136262259912, 0.000999205745757, 0.001028169645, 0.00155660463497, 0.00221645110287, 0.00122926128097, 0.000631547765806, 0.000642083759885, 0.000570124771912, 0.00066102395067, 0.000449614890385, 0.000434067682363, 0.000553585530724, 0.000505510775838, 0.000588480499573, 0.00048982660519, 0.000444364559371, 0.000443881377578, 0.000367811415344, 0.000164445053088, 4.34247667727e-05, 3.92425825169e-08],
        "median": [2.31140056712e-05, 9.25062486203e-05, 7.32388725737e-05, 7.98319088062e-05, 0.000604064902291, 0.000572828343138, 0.000338530458976, 0.000249097036431, 0.000292909186101, 0.000414327136241, 0.00020847581618, 0.000227201773669, 0.00024416812812, 0.000180518545676, 0.000272805336863, 0.000194914886379, 0.000221814829274, 0.000306642265059, 0.000274739199085, 0.000319779152051, 0.000274534482742, 0.000270689401077, 0.000277505023405, 0.000222932343604, 6.96785718901e-05, 1.36243852467e-05, 1.94108173979e-09],
        "min": [8.06237477181e-26, 8.10666450452e-25, 2.10477358629e-25, 2.21162701457e-25, 4.72211782878e-24, 2.94071351312e-24, 5.59130725669e-24, 4.88460424259e-24, 5.28062543322e-24, 8.23670339297e-24, 6.07060218219e-24, 1.534747666e-23, 1.96881459256e-23, 1.56345746978e-23, 2.76184399658e-23, 3.71276312191e-23, 4.5816072654e-23, 6.0098711732e-23, 9.83371853234e-23, 1.37375809997e-22, 1.96233151276e-22, 2.39780570407e-22, 3.46722265521e-22, 4.94601853135e-22, 7.86759177821e-22, 1.19068660696e-21, 1.76485930713e-21],
        "var": [5.47426726172e-09, 6.51824302622e-06, 2.02518458536e-06, 3.37275082529e-06, 7.55156042942e-06, 8.43568523123e-06, 6.33890613244e-06, 1.00233173725e-05, 1.92931402125e-05, 3.36314296874e-05, 1.63637796504e-05, 2.07829998544e-06, 1.86242596101e-06, 2.5284266485e-06, 1.84028385775e-06, 6.14776240582e-07, 4.38928253743e-07, 5.90579475102e-07, 4.9495042731e-07, 8.35048297176e-07, 5.89153387409e-07, 4.82978748551e-07, 3.28611605482e-07, 2.26664155889e-07, 1.14815485119e-07, 2.27991456825e-08, 1.0310034212e-13]
    },
    "erbbands": {
        "dmean": [0.0103165414184, 0.213382124901, 0.520093679428, 1.59310317039, 2.85022616386, 3.88951802254, 5.66113471985, 8.05885791779, 9.69431304932, 11.2645664215, 21.454334259, 26.5840682983, 37.8977622986, 42.7799186707, 21.2468624115, 18.275428772, 19.9691429138, 20.6368408203, 25.8942260742, 17.0462226868, 15.2353992462, 13.7566108704, 20.1781215668, 19.3852272034, 15.1593055725, 17.5001773834, 15.3360872269, 10.6951284409, 9.7814283371, 8.57001972198, 8.14734840393, 5.62494039536, 3.20915579796, 1.54360997677, 0.592323124409, 0.230379760265, 0.0310773849487, 0.00152654584963, 4.67950703751e-05, 1.32723498609e-05],
        "dmean2": [0.0160318817943, 0.314003258944, 0.796242117882, 2.91069602966, 5.03934621811, 6.50734138489, 9.08894062042, 13.0517339706, 15.8051052094, 18.2893848419, 34.5016403198, 43.5319213867, 60.7462463379, 67.2885665894, 31.716802597, 29.2738399506, 32.3440284729, 33.5385513306, 42.0855979919, 27.7644405365, 24.7617397308, 22.682144165, 34.2446250916, 32.3404388428, 24.723028183, 28.0764904022, 24.6063537598, 17.3818283081, 15.3934431076, 13.6365833282, 12.87225914, 8.70243930817, 4.89694595337, 2.31249594688, 0.853846907616, 0.341476947069, 0.0454887636006, 0.00226318580098, 6.71237503411e-05, 1.98612870008e-05],
        "dvar": [0.000715198519174, 0.377227306366, 1.6456104517, 28.7738265991, 53.7686347961, 67.8161087036, 179.222183228, 453.110321045, 615.717895508, 1107.69482422, 4355.82519531, 6550.52001953, 11794, 13672.8505859, 4067.78955078, 1783.8704834, 2922.47094727, 2728.54663086, 5634.90380859, 1359.08032227, 794.20501709, 566.479675293, 1334.35388184, 1294.99938965, 723.88079834, 1064.99609375, 813.752380371, 420.633300781, 325.958740234, 231.067184448, 174.695236206, 82.941192627, 28.8264369965, 10.3367385864, 3.32791018486, 0.637742519379, 0.0137141877785, 7.14852212695e-05, 2.78753269356e-08, 3.19659576586e-10],
        "dvar2": [0.00161109725013, 0.727967381477, 3.28499889374, 81.7731170654, 145.630279541, 171.681671143, 419.742401123, 1005.83392334, 1323.12561035, 2490.90014648, 10043.1523438, 16735.4335938, 27650.5585938, 31412.8945312, 8375.58203125, 4212.63085938, 7497.42333984, 6643.63671875, 13717.2480469, 3218.09521484, 2029.02258301, 1414.17443848, 3605.95019531, 3369.98999023, 1823.5300293, 2476.02954102, 1937.42578125, 1044.99255371, 759.158508301, 558.905578613, 429.318969727, 193.02532959, 64.2495651245, 22.4591426849, 6.30284023285, 1.33807504177, 0.0266106911004, 0.00017140811542, 5.93088849143e-08, 6.69442501433e-10],
        "max": [0.411696851254, 8.46220874786, 20.5988121033, 76.3732757568, 175.029449463, 194.733062744, 461.575164795, 850.72052002, 992.454772949, 1225.85314941, 1476.96154785, 1357.83520508, 2106.67236328, 1932.44470215, 2101.15307617, 1319.30688477, 1949.78112793, 1229.71594238, 2786.92529297, 1077.47546387, 653.504699707, 504.332397461, 593.485046387, 600.441040039, 441.934356689, 760.086853027, 657.696960449, 503.356231689, 492.243377686, 452.731201172, 258.937072754, 134.514129639, 99.7568740845, 106.502365112, 73.5439376831, 23.2864360809, 4.42143964767, 0.43766361475, 0.00713182613254, 0.000404900842113],
        "mean": [0.0109883649275, 0.231881260872, 0.659089028835, 1.19125461578, 2.9431180954, 5.03988409042, 8.4758014679, 10.9859819412, 13.4114208221, 15.4004135132, 28.5558815002, 34.8253860474, 60.5947189331, 70.5217895508, 35.1847572327, 27.6119194031, 29.5329170227, 30.3569049835, 36.619682312, 26.6571350098, 25.2984924316, 23.0050544739, 29.9931240082, 29.2223320007, 24.3342819214, 28.5138034821, 24.0646934509, 17.0696220398, 15.7953882217, 14.2682857513, 12.5324306488, 9.03656959534, 5.12039852142, 2.40380907059, 0.882656157017, 0.339273005724, 0.0462151393294, 0.00217580585741, 8.22780202725e-05, 3.31815972459e-05],
        "median": [0.00260582077317, 0.0216003805399, 0.0855911970139, 0.229844763875, 0.883769571781, 2.09261608124, 3.13739395142, 4.51942062378, 5.68559026718, 4.90350055695, 7.1724615097, 8.13176441193, 13.0196027756, 14.0926704407, 9.30628204346, 11.8498277664, 12.9456138611, 13.2369441986, 15.5497121811, 13.239276886, 12.936006546, 12.841509819, 16.9901809692, 15.1009635925, 13.4742841721, 15.6197834015, 13.1465806961, 10.1727581024, 9.51316547394, 8.99690246582, 7.83697414398, 5.43056678772, 3.00348734856, 1.14411818981, 0.321978151798, 0.110446594656, 0.0140483202413, 0.000569097464904, 4.05638347729e-05, 2.90132411465e-05],
        "min": [2.85462666081e-23, 2.65442909852e-22, 1.06098171827e-21, 2.43433296797e-21, 7.22328522887e-21, 1.41160746445e-20, 1.65493702036e-20, 4.86986042028e-20, 8.5494932421e-20, 1.28508595692e-19, 1.23501826541e-19, 2.51162432859e-19, 2.39000318764e-19, 5.2958393072e-19, 5.94583317965e-19, 9.69205869367e-19, 1.01029027603e-18, 1.34964577522e-18, 1.62155534541e-18, 2.63544623525e-18, 2.86259809647e-18, 3.17495886656e-18, 3.22089820304e-18, 4.70589212977e-18, 5.84064579103e-18, 6.95106834816e-18, 8.16667643276e-18, 9.30248392212e-18, 7.96567898853e-18, 9.69209343526e-18, 1.00769681666e-17, 8.53536489384e-18, 7.84263090933e-18, 7.861008381e-18, 5.25461686477e-18, 3.85106341883e-18, 2.1676906949e-18, 8.89285746534e-19, 2.13093474343e-19, 2.45050236985e-20],
        "var": [0.000818800530396, 0.492636501789, 2.75540280342, 17.5093040466, 59.3490409851, 99.5492858887, 374.388946533, 665.933776855, 980.738220215, 1876.11694336, 6647.01074219, 8801.48535156, 28054.6191406, 32088.359375, 10173.4052734, 3372.81835938, 3759.09204102, 4270.02148438, 7393.46728516, 2155.31079102, 1688.22973633, 985.247436523, 1658.91772461, 1897.38818359, 1193.09680176, 1902.95776367, 1438.3260498, 732.631835938, 625.491882324, 410.506896973, 260.822235107, 133.318634033, 48.8751602173, 17.3578662872, 6.49185466766, 1.22396147251, 0.0298242997378, 0.000104682949313, 5.44196083752e-08, 8.42727387873e-10]
    },
    "gfcc": {
        "mean": [-94.0751113892, 45.4774169922, -134.81036377, 30.4022541046, -76.7560577393, 16.9235057831, -41.8657188416, 8.77683734894, -24.9843025208, 0.987217545509, -13.4108562469, -0.0195626169443, -6.15671491623],
        "cov": [[118746.820312, 4581.31982422, -14248.5957031, 3946.96142578, -8800.93945312, 2124.45849609, -4767.33398438, 1053.03186035, -2898.18188477, 58.7291412354, -1482.07678223, -47.6299667358, -730.750061035], [4581.31982422, 1014.24816895, -800.171691895, 29.0839366913, -177.984130859, -33.4642791748, -87.2252578735, 5.11275577545, -24.6307544708, -39.6623725891, -21.6539592743, -74.3295974731, -12.9145355225], [-14248.5957031, -800.171691895, 2550.4609375, -116.054367065, 964.431091309, -154.416183472, 480.094390869, -117.629730225, 285.407287598, 25.0836925507, 153.00730896, 16.373916626, 40.7554664612], [3946.96142578, 29.0839366913, -116.054367065, 537.538330078, -294.951599121, 128.474197388, -204.072998047, 30.967792511, -91.2632598877, 19.5142192841, -38.2059249878, -0.929907977581, -37.2067146301], [-8800.93945312, -177.984130859, 964.431091309, -294.951599121, 888.536987305, -125.981758118, 389.65133667, -63.9119949341, 243.50328064, -2.87086057663, 111.287071228, 1.51128876209, 46.1145095825], [2124.45849609, -33.4642791748, -154.416183472, 128.474197388, -125.981758118, 231.964538574, -12.8109292984, 57.44972229, -72.8538360596, -4.38640975952, -21.4726524353, 8.72408771515, -7.48897266388], [-4767.33398438, -87.2252578735, 480.094390869, -204.072998047, 389.65133667, -12.8109292984, 357.627105713, 6.56270837784, 132.126174927, -20.0545711517, 71.7641906738, -9.99362277985, 46.6665458679], [1053.03186035, 5.11275577545, -117.629730225, 30.967792511, -63.9119949341, 57.44972229, 6.56270837784, 106.847396851, 15.7408246994, 2.1169962883, -13.6122541428, 3.63300681114, -2.84500288963], [-2898.18188477, -24.6307544708, 285.407287598, -91.2632598877, 243.50328064, -72.8538360596, 132.126174927, 15.7408246994, 173.08543396, 28.3835830688, 50.0569725037, -7.68191957474, 22.036108017], [58.7291412354, -39.6623725891, 25.0836925507, 19.5142192841, -2.87086057663, -4.38640975952, -20.0545711517, 2.1169962883, 28.3835830688, 82.5397872925, 30.0048236847, 12.8906946182, -9.74561309814], [-1482.07678223, -21.6539592743, 153.00730896, -38.2059249878, 111.287071228, -21.4726524353, 71.7641906738, -13.6122541428, 50.0569725037, 30.0048236847, 95.2861785889, 24.5455989838, 15.8096694946], [-47.6299667358, -74.3295974731, 16.373916626, -0.929907977581, 1.51128876209, 8.72408771515, -9.99362277985, 3.63300681114, -7.68191957474, 12.8906946182, 24.5455989838, 73.029800415, 25.7565898895], [-730.750061035, -12.9145355225, 40.7554664612, -37.2067146301, 46.1145095825, -7.48897266388, 46.6665458679, -2.84500288963, 22.036108017, -9.74561309814, 15.8096694946, 25.7565898895, 77.0062026978]],
        "icov": [[0.000347112072632, -0.000702026300132, 0.000797778833658, -0.000746678910218, 0.000977011397481, -0.000872060656548, 0.00102365750354, -0.00132006558124, 0.00138885050546, -0.00108726485632, 0.00103987066541, -0.000573792669456, 0.00049758492969], [-0.000702026300132, 0.00308581162244, -0.000873272714671, 0.00110299780499, -0.00220998912118, 0.00225236080587, -0.00218152394518, 0.0029920770321, -0.00319769908674, 0.00304369674996, -0.00301215657964, 0.0027787075378, -0.00118495104834], [0.000797778833658, -0.000873272714671, 0.00296297040768, -0.002442128025, 0.00151150417514, -0.00150739517994, 0.00156397651881, -0.00225437385961, 0.00283823884092, -0.00232114014216, 0.00215805205517, -0.00110458745621, 0.00141359609552], [-0.000746678910218, 0.00110299780499, -0.002442128025, 0.00495450291783, -0.00138796516694, -9.87024104688e-05, -8.3400245785e-06, 0.00243185902946, -0.00339603447355, 0.00227531720884, -0.00269426475279, 0.0016806575004, -0.0010470446432], [0.000977011397481, -0.00220998912118, 0.00151150417514, -0.00138796516694, 0.00658209854737, -0.00277536455542, 0.000991767738014, -0.00161531905178, 0.000820898392703, -0.00216061179526, 0.00303069618531, -0.00296085630544, 0.00241766287945], [-0.000872060656548, 0.00225236080587, -0.00150739517994, -9.87024104688e-05, -0.00277536455542, 0.0100339315832, -0.0053469738923, -0.00043868314242, 0.00107738631777, 0.00144099560566, -0.00234068324789, 0.00134163582698, -0.00137977709528], [0.00102365750354, -0.00218152394518, 0.00156397651881, -8.3400245785e-06, 0.000991767738014, -0.0053469738923, 0.0121052423492, -0.00609466107562, 0.00246745208278, -0.000371235219063, -0.00085059175035, 0.00175203219987, -0.00132305757143], [-0.00132006558124, 0.0029920770321, -0.00225437385961, 0.00243185902946, -0.00161531905178, -0.00043868314242, -0.00609466107562, 0.0203774310648, -0.0125403208658, 0.00526583613828, -0.000817733118311, -0.00120531767607, 0.00054007943254], [0.00138885050546, -0.00319769908674, 0.00283823884092, -0.00339603447355, 0.000820898392703, 0.00107738631777, 0.00246745208278, -0.0125403208658, 0.0220260582864, -0.0103522175923, 0.00207137968391, 0.00175391416997, -0.00147020246368], [-0.00108726485632, 0.00304369674996, -0.00232114014216, 0.00227531720884, -0.00216061179526, 0.00144099560566, -0.000371235219063, 0.00526583613828, -0.0103522175923, 0.0214793607593, -0.00936942920089, 7.81686539995e-05, 0.00195236713625], [0.00103987066541, -0.00301215657964, 0.00215805205517, -0.00269426475279, 0.00303069618531, -0.00234068324789, -0.00085059175035, -0.000817733118311, 0.00207137968391, -0.00936942920089, 0.021708317101, -0.00893489737064, 0.00211466476321], [-0.000573792669456, 0.0027787075378, -0.00110458745621, 0.0016806575004, -0.00296085630544, 0.00134163582698, 0.00175203219987, -0.00120531767607, 0.00175391416997, 7.81686539995e-05, -0.00893489737064, 0.0230141766369, -0.0091403638944], [0.00049758492969, -0.00118495104834, 0.00141359609552, -0.0010470446432, 0.00241766287945, -0.00137977709528, -0.00132305757143, 0.00054007943254, -0.00147020246368, 0.00195236713625, 0.00211466476321, -0.0091403638944, 0.0187856536359]]
    },
    "melbands": {
        "dmean": [0.000163368895301, 0.000255706050666, 0.000306448229821, 0.000240644541918, 0.000181500319741, 0.000178695161594, 0.000150562249473, 0.000126078462927, 0.000188403922948, 0.000170904924744, 0.000194676336832, 0.000181132782018, 8.43676461955e-05, 4.97749060742e-05, 4.63090436824e-05, 4.76534914924e-05, 4.02454279538e-05, 4.28629427915e-05, 3.31635965267e-05, 2.33065693465e-05, 1.82875974133e-05, 1.58618695423e-05, 1.76264311449e-05, 1.82453950401e-05, 1.67983926076e-05, 1.20522254292e-05, 1.0324496543e-05, 1.32657160066e-05, 1.0570399354e-05, 8.04889168649e-06, 6.4556857069e-06, 6.05658397035e-06, 5.14564908372e-06, 5.04069294038e-06, 5.08799712406e-06, 4.21956201535e-06, 3.41800273418e-06, 2.37887343246e-06, 1.95301913664e-06, 1.1536793636e-06],
        "dmean2": [0.000245594157605, 0.000366179505363, 0.000555600330699, 0.0004086275585, 0.000291690375889, 0.000288609124254, 0.000245590519626, 0.000202918032301, 0.00030345635605, 0.000280784355709, 0.000311910407618, 0.000285195361357, 0.000127141029225, 7.89699406596e-05, 7.47800731915e-05, 7.8050623415e-05, 6.58370190649e-05, 7.01274184394e-05, 5.435379353e-05, 3.86915744457e-05, 2.98207451124e-05, 2.63308320427e-05, 2.96533326036e-05, 3.11106377922e-05, 2.81325937976e-05, 1.99779478862e-05, 1.66290174093e-05, 2.15057807509e-05, 1.7092375856e-05, 1.30433954837e-05, 1.06721699922e-05, 9.61238947639e-06, 8.25096049084e-06, 8.09600260254e-06, 8.18210537545e-06, 6.67179574521e-06, 5.34186392542e-06, 3.67961592929e-06, 3.0380199405e-06, 1.7475807681e-06],
        "dvar": [2.10093205055e-07, 4.29854253525e-07, 9.33630190048e-07, 3.02625892346e-07, 1.49328513999e-07, 1.92389563836e-07, 1.41220453997e-07, 1.49731150145e-07, 3.41411691807e-07, 2.77278388694e-07, 3.16946454859e-07, 2.40369104176e-07, 6.78038674096e-08, 1.39806424215e-08, 1.80355606005e-08, 1.41937404052e-08, 1.18485887768e-08, 1.92279347999e-08, 7.23228055222e-09, 2.28307683869e-09, 1.27516086579e-09, 8.61460403012e-10, 9.37530941769e-10, 1.16883358547e-09, 9.98484961379e-10, 5.22988541363e-10, 3.81319975595e-10, 6.83698708759e-10, 4.71264804958e-10, 2.31677260709e-10, 1.62089383582e-10, 1.29768210066e-10, 9.4146600238e-11, 7.68996463729e-11, 7.10046951791e-11, 5.08570130453e-11, 3.01421387849e-11, 1.52767087175e-11, 1.40061373957e-11, 7.10237901477e-12],
        "dvar2": [4.36307828977e-07, 7.6276398886e-07, 2.63350761998e-06, 7.7017006106e-07, 3.51015046363e-07, 4.23015961815e-07, 3.08961318751e-07, 3.29949898514e-07, 8.03955401807e-07, 7.07418905677e-07, 7.40335110549e-07, 5.565341894e-07, 1.36563059527e-07, 3.16307051662e-08, 4.36339853138e-08, 3.68736579048e-08, 2.85185226545e-08, 4.61202738222e-08, 1.7528725138e-08, 5.94555027433e-09, 3.26505289472e-09, 2.14020090539e-09, 2.49281240094e-09, 3.1727636074e-09, 2.59398746927e-09, 1.35487332464e-09, 9.12070641235e-10, 1.60768320878e-09, 1.12119169504e-09, 5.75144154524e-10, 4.17197915104e-10, 3.09652359309e-10, 2.29889551839e-10, 1.89953844321e-10, 1.78248860117e-10, 1.23277360542e-10, 7.04497571391e-11, 3.46579917543e-11, 3.23163058813e-11, 1.54498133037e-11],
        "max": [0.00660407869145, 0.00904340390116, 0.0127548156306, 0.0182268302888, 0.0132393958047, 0.0173255670816, 0.0136853214353, 0.0165899861604, 0.0133327869698, 0.00880597159266, 0.0106161404401, 0.00816151406616, 0.00689839851111, 0.00290384329855, 0.00382715789601, 0.00407805247232, 0.00269731110893, 0.00592298293486, 0.00284836185165, 0.00103485409636, 0.0009284694097, 0.000693716458045, 0.000498350360431, 0.000568558287341, 0.000540071341675, 0.00040276767686, 0.000472919549793, 0.000566743081436, 0.000609716284089, 0.000401277997298, 0.000328764203005, 0.000325763248838, 0.000312123680487, 0.000230905105127, 0.000163179429364, 0.000111616529466, 7.67659803387e-05, 7.58613750804e-05, 0.000130125190481, 0.000116893192171],
        "mean": [0.000172700558323, 0.000350470945705, 0.000250344688538, 0.000295248813927, 0.000278326158877, 0.000250679615419, 0.000210137615795, 0.000167970603798, 0.000246031209826, 0.000220239759074, 0.000304809131194, 0.000290408701403, 0.000135677764774, 7.45710567571e-05, 6.37372722849e-05, 6.60844161757e-05, 5.5075965065e-05, 5.73606666876e-05, 4.6406439651e-05, 3.29358299496e-05, 2.8856769859e-05, 2.41078214458e-05, 2.59933967754e-05, 2.54509668594e-05, 2.37628646573e-05, 1.73441876541e-05, 1.62415108207e-05, 2.0096091248e-05, 1.59179526236e-05, 1.14972108349e-05, 9.70125802269e-06, 9.21660193853e-06, 8.10075562185e-06, 7.89926343714e-06, 7.57304906074e-06, 6.04477327215e-06, 5.43726991964e-06, 3.74275714421e-06, 2.82951282315e-06, 1.74504202732e-06],
        "median": [2.76282116829e-05, 4.33518252976e-05, 5.75708327233e-05, 0.000112123787403, 0.000114255191875, 0.000104896651465, 8.51548029459e-05, 5.1554699894e-05, 5.33693455509e-05, 4.43622193416e-05, 5.7349447161e-05, 5.17962034792e-05, 2.77050639852e-05, 2.60047872871e-05, 2.52519457717e-05, 2.38625598286e-05, 1.96388300537e-05, 2.12263512367e-05, 1.86620291061e-05, 1.39729627335e-05, 1.38131081258e-05, 1.19428204925e-05, 1.37994056786e-05, 1.34229385367e-05, 1.10570263132e-05, 8.69843097462e-06, 8.61322951096e-06, 1.00924917206e-05, 8.03359944257e-06, 5.90956642554e-06, 5.5770169638e-06, 5.26299709236e-06, 4.76909508507e-06, 4.86068256578e-06, 4.64695813207e-06, 3.44733962265e-06, 3.17101785186e-06, 2.19459502659e-06, 1.41727059599e-06, 7.59349404689e-07],
        "min": [2.80645550072e-25, 4.06525317313e-25, 5.63263301711e-25, 6.63204336312e-25, 3.92913152615e-25, 9.67724663073e-25, 1.29770646163e-24, 1.34612329272e-24, 1.0080882104e-24, 9.70656070197e-25, 8.19000124966e-25, 1.60617858709e-24, 1.40296417221e-24, 1.68765983278e-24, 1.59639967009e-24, 1.98304840431e-24, 1.75107853031e-24, 2.19871824263e-24, 2.8735674478e-24, 2.83008070154e-24, 2.69675808096e-24, 2.69060930463e-24, 2.10201454527e-24, 2.80274075472e-24, 2.90237309818e-24, 2.91166883788e-24, 3.13380437739e-24, 3.411565852e-24, 3.87079531151e-24, 3.82152700368e-24, 4.20008123614e-24, 4.14598983273e-24, 4.35231364148e-24, 4.55776615335e-24, 5.07765349446e-24, 4.44082422947e-24, 4.56374966332e-24, 3.95694128895e-24, 5.43039856468e-24, 5.68608218913e-24],
        "var": [2.50661884138e-07, 7.98099222266e-07, 6.02230954883e-07, 4.63965335484e-07, 3.19032523066e-07, 3.0562853226e-07, 2.33656678006e-07, 2.43282670453e-07, 5.2367954595e-07, 3.95880221049e-07, 7.60601778893e-07, 5.4630163504e-07, 1.75124938551e-07, 3.10352383792e-08, 2.39442332628e-08, 1.78103665149e-08, 1.89505175996e-08, 2.58254768681e-08, 1.00609085507e-08, 3.36616179375e-09, 2.79398459924e-09, 1.42348899335e-09, 1.33766475674e-09, 1.34515021344e-09, 1.45818246367e-09, 7.38947403267e-10, 6.25167306811e-10, 1.14340503732e-09, 7.90544740781e-10, 3.55879381519e-10, 2.60321431078e-10, 2.32935448707e-10, 1.6153790805e-10, 1.24978957738e-10, 1.01443124734e-10, 6.68074345844e-11, 5.00621454014e-11, 2.59075382675e-11, 2.00473283807e-11, 1.16795809135e-11]
    },
    "mfcc": {
        "mean": [-660.903808594, 63.9988937378, -9.27423095703, 6.64465141296, -9.62366676331, -1.04850959778, -6.36024522781, 0.4957665205, -5.36441421509, 0.504663467407, -5.4122595787, -2.04292821884, -4.31796503067],
        "cov": [[28096.3964844, 2494.02758789, 156.314971924, 565.271789551, -475.33380127, -11.7909822464, -278.586456299, 94.1675567627, -362.089569092, 68.3330993652, -346.259552002, -128.823699951, -259.540740967], [2494.02758789, 1284.51416016, -434.214385986, -4.56974411011, -65.0303573608, -41.9554748535, -37.4626541138, 1.24300920963, -4.01194524765, 39.070224762, -8.11386871338, -4.15819835663, -27.7191925049], [156.314971924, -434.214385986, 792.608764648, 188.471206665, 56.9063224792, 59.9202766418, 4.7805814743, -18.5320587158, -38.3460578918, -16.4253406525, -21.4606647491, 5.17292690277, 1.42299413681], [565.271789551, -4.56974411011, 188.471206665, 268.267730713, 80.4760818481, 33.2774391174, -35.0788726807, -16.8113441467, -16.7548446655, 6.8237490654, -10.9576187134, 21.780040741, 19.1352748871], [-475.33380127, -65.0303573608, 56.9063224792, 80.4760818481, 185.596405029, 46.4576072693, -0.0674623847008, 3.69622564316, 10.8665933609, -1.07449829578, 12.6507806778, 6.80055332184, 20.3686447144], [-11.7909822464, -41.9554748535, 59.9202766418, 33.2774391174, 46.4576072693, 120.705841064, 61.8627281189, 19.0682659149, 10.4660434723, 2.08566260338, 6.03405857086, 4.00729846954, 0.0442207232118], [-278.586456299, -37.4626541138, 4.7805814743, -35.0788726807, -0.0674623847008, 61.8627281189, 135.672286987, 57.741191864, 16.7011356354, 9.30501842499, 10.6997556686, -7.37671995163, -9.43326759338], [94.1675567627, 1.24300920963, -18.5320587158, -16.8113441467, 3.69622564316, 19.0682659149, 57.741191864, 110.137367249, 45.7756690979, 15.7661886215, 6.93879461288, -9.15211963654, -5.5279750824], [-362.089569092, -4.01194524765, -38.3460578918, -16.7548446655, 10.8665933609, 10.4660434723, 16.7011356354, 45.7756690979, 93.3694610596, 32.8628997803, 8.25803279877, -3.51755905151, -0.799549937248], [68.3330993652, 39.070224762, -16.4253406525, 6.8237490654, -1.07449829578, 2.08566260338, 9.30501842499, 15.7661886215, 32.8628997803, 84.5381698608, 25.3928794861, 7.59470033646, -1.96568775177], [-346.259552002, -8.11386871338, -21.4606647491, -10.9576187134, 12.6507806778, 6.03405857086, 10.6997556686, 6.93879461288, 8.25803279877, 25.3928794861, 80.8877105713, 33.6213722229, 5.04076194763], [-128.823699951, -4.15819835663, 5.17292690277, 21.780040741, 6.80055332184, 4.00729846954, -7.37671995163, -9.15211963654, -3.51755905151, 7.59470033646, 33.6213722229, 75.1024627686, 34.2329292297], [-259.540740967, -27.7191925049, 1.42299413681, 19.1352748871, 20.3686447144, 0.0442207232118, -9.43326759338, -5.5279750824, -0.799549937248, -1.96568775177, 5.04076194763, 34.2329292297, 71.1870956421]],
