{
"lowlevel": {
    "average_loudness": 0.357658743858,
    "barkbands_crest": {
        "dmean": 2.21855473518,
        "dmean2": 3.51710009575,
        "dvar": 4.56061601639,
        "dvar2": 10.8425502777,
        "max": 26.8965644836,
        "mean": 10.2420330048,
        "median": 9.25957775116,
        "min": 2.91526079178,
        "var": 18.7681369781
    },
    "barkbands_flatness_db": {
        "dmean": 0.0152480285615,
        "dmean2": 0.0236432440579,
        "dvar": 0.000236727821175,
        "dvar2": 0.000539522618055,
        "max": 0.508928835392,
        "mean": 0.148251473904,
        "median": 0.145289212465,
        "min": 0.0492903701961,
        "var": 0.00132364174351
    },
    "barkbands_kurtosis": {
        "dmean": 1.98153758049,
        "dmean2": 3.29625701904,
        "dvar": 1015.43908691,
        "dvar2": 3012.66235352,
        "max": 2069.40771484,
        "mean": 2.75353169441,
        "median": 1.44337320328,
        "min": -1.84888350964,
        "var": 535.869445801
    },
    "barkbands_skewness": {
        "dmean": 0.36604565382,
        "dmean2": 0.561379373074,
        "dvar": 0.536312162876,
        "dvar2": 1.40828478336,
        "max": 44.6286773682,
        "mean": 0.885435581207,
        "median": 0.848626673222,
        "min": -3.56071639061,
        "var": 0.984989881516
    },
    "barkbands_spread": {
        "dmean": 3.8963098526,
        "dmean2": 5.89895629883,
        "dvar": 31.729970932,
        "dvar2": 61.0332107544,
        "max": 98.2286529541,
        "mean": 18.5997085571,
        "median": 15.9393548965,
        "min": 0.268953561783,
        "var": 158.944396973
    },
    "dissonance": {
        "dmean": 0.0252608694136,
        "dmean2": 0.0423320420086,
        "dvar": 0.000581881962717,
        "dvar2": 0.00157497089822,
        "max": 0.499999970198,
        "mean": 0.446605890989,
        "median": 0.454607158899,
        "min": 0.183892935514,
        "var": 0.00135890208185
    },
    "dynamic_complexity": 6.01886749268,
    "erbbands_crest": {
        "dmean": 2.70623159409,
        "dmean2": 4.29749345779,
        "dvar": 6.77451229095,
        "dvar2": 15.8489122391,
        "max": 31.1387863159,
        "mean": 11.5643510818,
        "median": 10.4255094528,
        "min": 2.172352314,
        "var": 27.8274097443
    },
    "erbbands_flatness_db": {
        "dmean": 0.0154357803985,
        "dmean2": 0.0224973633885,
        "dvar": 0.000232421472901,
        "dvar2": 0.00044265089673,
        "max": 0.371368438005,
        "mean": 0.196790516376,
        "median": 0.19453522563,
        "min": 0.0340248420835,
        "var": 0.00199798913673
    },
    "erbbands_kurtosis": {
        "dmean": 1.21270692348,
        "dmean2": 1.86641919613,
        "dvar": 3.20876598358,
        "dvar2": 6.91106653214,
        "max": 38.787197113,
        "mean": 1.95593607426,
        "median": 0.617044448853,
        "min": -1.89897465706,
        "var": 14.8313980103
    },
    "erbbands_skewness": {
        "dmean": 0.362387299538,
        "dmean2": 0.548574447632,
        "dvar": 0.124784700572,
        "dvar2": 0.266377776861,
        "max": 5.60837602615,
        "mean": 0.684521734715,
        "median": 0.596155107021,
        "min": -3.82431554794,
        "var": 0.855564713478
    },
    "erbbands_spread": {
        "dmean": 5.33699369431,
        "dmean2": 8.01270771027,
        "dvar": 47.2821006775,
        "dvar2": 102.374557495,
        "max": 123.711410522,
        "mean": 27.1310997009,
        "median": 24.5695667267,
        "min": 2.67765808105,
        "var": 263.03793335
    },
    "hfc": {
        "dmean": 5.012591362,
        "dmean2": 6.73831987381,
        "dvar": 83.0979156494,
        "dvar2": 142.33682251,
        "max": 264.378692627,
        "mean": 18.8202857971,
        "median": 9.57501888275,
        "min": 1.1534624684e-16,
        "var": 530.041381836
    },
    "melbands_crest": {
        "dmean": 2.64045572281,
        "dmean2": 4.16285276413,
        "dvar": 6.46330070496,
        "dvar2": 15.3064279556,
        "max": 39.9183959961,
        "mean": 12.9767055511,
        "median": 11.8034181595,
        "min": 1.86957514286,
        "var": 26.4290542603
    },
    "melbands_flatness_db": {
        "dmean": 0.0165380164981,
        "dmean2": 0.0248076617718,
        "dvar": 0.000295437290333,
        "dvar2": 0.000632291368674,
        "max": 0.496265023947,
        "mean": 0.18672722578,
        "median": 0.185952663422,
        "min": 0.00479542184621,
        "var": 0.00193752418272
    },
    "melbands_kurtosis": {
        "dmean": 3.33373427391,
        "dmean2": 5.51169967651,
        "dvar": 2185.7121582,
        "dvar2": 6480.30322266,
        "max": 3029.47558594,
        "mean": 5.85047292709,
        "median": 3.62060546875,
        "min": -1.90112245083,
        "var": 1162.921875
    },
    "melbands_skewness": {
        "dmean": 0.432338327169,
        "dmean2": 0.656941771507,
        "dvar": 0.71896559,
        "dvar2": 1.91933071613,
        "max": 50.8069915771,
        "mean": 1.39071595669,
        "median": 1.35484886169,
        "min": -2.06379961967,
        "var": 1.60891115665
    },
    "melbands_spread": {
        "dmean": 5.71273851395,
        "dmean2": 8.60902309418,
        "dvar": 101.562828064,
        "dvar2": 172.512207031,
        "max": 245.640594482,
        "mean": 24.9952278137,
        "median": 20.8394050598,
        "min": 0.254870772362,
        "var": 440.460449219
    },
    "pitch_salience": {
        "dmean": 0.0578923486173,
        "dmean2": 0.0915416777134,
        "dvar": 0.0027162162587,
        "dvar2": 0.00666646612808,
        "max": 0.850261032581,
        "mean": 0.564072608948,
        "median": 0.567320406437,
        "min": 0.00828602164984,
        "var": 0.011196045205
    },
    "silence_rate_20dB": {
        "dmean": 0,
        "dmean2": 0,
        "dvar": 0,
        "dvar2": 0,
        "max": 1,
        "mean": 1,
        "median": 1,
        "min": 1,
        "var": 0
    },
    "silence_rate_30dB": {
        "dmean": 0.000975134084001,
        "dmean2": 0.00195050588809,
        "dvar": 0.000974184426013,
        "dvar2": 0.00243433308788,
        "max": 1,
        "mean": 0.999268710613,
        "median": 1,
        "min": 0,
        "var": 0.000730700907297
    },
    "silence_rate_60dB": {
        "dmean": 0.0292540229857,
        "dmean2": 0.058515176177,
        "dvar": 0.0283971726894,
        "dvar2": 0.0577683411539,
        "max": 1,
        "mean": 0.269957333803,
        "median": 0,
        "min": 0,
        "var": 0.197078824043
    },
    "spectral_centroid": {
        "dmean": 163.545181274,
        "dmean2": 244.70401001,
        "dvar": 57340.4414062,
        "dvar2": 96862.59375,
        "max": 10987.1806641,
        "mean": 1261.49084473,
        "median": 1189.64038086,
        "min": 376.054016113,
        "var": 296076.25
    },
    "spectral_complexity": {
        "dmean": 1.99658703804,
        "dmean2": 3.10886263847,
        "dvar": 4.52299165726,
        "dvar2": 10.0463876724,
        "max": 51,
        "mean": 13.0482635498,
        "median": 13,
        "min": 0,
        "var": 62.6626472473
    },
    "spectral_decrease": {
        "dmean": 1.12381459694e-09,
        "dmean2": 1.59672275402e-09,
        "dvar": 3.2813270555e-18,
        "dvar2": 6.69023307202e-18,
        "max": -5.17181666486e-30,
        "mean": -4.30915880756e-09,
        "median": -2.95648394655e-09,
        "min": -3.11541334952e-08,
        "var": 1.98505049778e-17
    },
    "spectral_energy": {
        "dmean": 0.00463970005512,
        "dmean2": 0.0065530706197,
        "dvar": 5.43046917301e-05,
        "dvar2": 0.000108673339128,
        "max": 0.128084361553,
        "mean": 0.01797083579,
        "median": 0.0121778817847,
        "min": 1.04817580725e-20,
        "var": 0.000345782085788
    },
    "spectral_energyband_high": {
        "dmean": 0.00026223633904,
        "dmean2": 0.000355814903742,
        "dvar": 7.99419808573e-07,
        "dvar2": 1.41143129895e-06,
        "max": 0.0313755534589,
        "mean": 0.000657691969536,
        "median": 0.000148285151226,
        "min": 7.90981767231e-21,
        "var": 2.57963233707e-06
    },
    "spectral_energyband_low": {
        "dmean": 0.00082889769692,
        "dmean2": 0.00134348089341,
        "dvar": 9.18444220588e-06,
        "dvar2": 2.39794844674e-05,
        "max": 0.0681177228689,
        "mean": 0.00215944298543,
        "median": 0.000764387019444,
        "min": 7.09919405109e-23,
        "var": 1.35958043757e-05
    },
    "spectral_energyband_middle_high": {
        "dmean": 0.00239845714532,
        "dmean2": 0.00326302554458,
        "dvar": 2.18863970076e-05,
        "dvar2": 3.89115048165e-05,
        "max": 0.095273680985,
        "mean": 0.00853156857193,
        "median": 0.00254487642087,
        "min": 1.48284857646e-21,
        "var": 0.000177175636054
    },
    "spectral_energyband_middle_low": {
        "dmean": 0.00260393996723,
        "dmean2": 0.00383915589191,
        "dvar": 2.64191749011e-05,
        "dvar2": 5.7418281358e-05,
        "max": 0.090400442481,
        "mean": 0.00717446068302,
        "median": 0.00441163033247,
        "min": 2.50842293565e-22,
        "var": 8.36639810586e-05
    },
    "spectral_entropy": {
        "dmean": 0.131651028991,
        "dmean2": 0.19246147573,
        "dvar": 0.0190264210105,
        "dvar2": 0.0350273475051,
        "max": 9.78113937378,
        "mean": 7.40209341049,
        "median": 7.38659191132,
        "min": 5.7601852417,
        "var": 0.141235396266
    },
    "spectral_flux": {
        "dmean": 0.0157384648919,
        "dmean2": 0.0249028243124,
        "dvar": 0.000423028395744,
        "dvar2": 0.000985775957815,
        "max": 0.302872091532,
        "mean": 0.0535966344178,
        "median": 0.04749751091,
        "min": 1.02380458278e-10,
        "var": 0.00146820826922
    },
    "spectral_kurtosis": {
        "dmean": 1.56523144245,
        "dmean2": 2.66811275482,
        "dvar": 2.51396989822,
        "dvar2": 7.36902236938,
        "max": 25.6401405334,
        "mean": 4.79392147064,
        "median": 4.2885518074,
        "min": -1.18126249313,
        "var": 9.21251296997
    },
    "spectral_rms": {
        "dmean": 0.000493796600495,
        "dmean2": 0.000679227523506,
        "dvar": 3.86772313732e-07,
        "dvar2": 7.06070409251e-07,
        "max": 0.0111785670742,
        "mean": 0.00356535147876,
        "median": 0.00344686233439,
        "min": 3.19782828689e-12,
        "var": 4.82079849462e-06
    },
    "spectral_rolloff": {
        "dmean": 330.401275635,
        "dmean2": 550.953857422,
        "dvar": 638209.75,
        "dvar2": 1171167.625,
        "max": 18023.2910156,
        "mean": 1578.33850098,
        "median": 1270.45898438,
        "min": 21.533203125,
        "var": 2005770.25
    },
    "spectral_skewness": {
        "dmean": 0.201197221875,
        "dmean2": 0.32333779335,
        "dvar": 0.0355011895299,
        "dvar2": 0.0860049501061,
        "max": 3.92771077156,
        "mean": 1.6407674551,
        "median": 1.63343548775,
        "min": -0.261220008135,
        "var": 0.248294219375
    },
    "spectral_spread": {
        "dmean": 388019.21875,
        "dmean2": 565560.75,
        "dvar": 469759721472,
        "dvar2": 710128828416,
        "max": 39911496,
        "mean": 4221644.5,
        "median": 3964377.5,
        "min": 1965807.125,
        "var": 2.06121821798e+12
    },
    "spectral_strongpeak": {
        "dmean": 0.636348724365,
        "dmean2": 0.996872425079,
        "dvar": 0.891192913055,
        "dvar2": 2.009557724,
        "max": 13.7687253952,
        "mean": 1.7993324995,
        "median": 0.776343643665,
        "min": 0,
        "var": 4.70299100876
    },
    "zerocrossingrate": {
        "dmean": 0.00754383811727,
        "dmean2": 0.00853114202619,
        "dvar": 0.000183955693501,
        "dvar2": 0.000153303641127,
        "max": 0.599609375,
        "mean": 0.0586908124387,
        "median": 0.05126953125,
        "min": 0.0126953125,
        "var": 0.00140656472649
    },
    "barkbands": {
        "dmean": [8.20649220259e-05, 0.00053632404888, 0.000323852320435, 0.000167199861608, 0.000468969985377, 0.000600223138463, 0.0007367854123, 0.000334220880177, 0.000898643222172, 0.00110867328476, 0.000792790146079, 0.000545902817976, 0.000392482848838, 0.000407943938626, 0.000275924656307, 0.000196506734937, 9.50808534981e-05, 6.91242385074e-05, 5.48307434656e-05, 7.72153071011e-05, 4.46408193966e-05, 7.1459573519e-05, 7.20557145542e-05, 6.05523819104e-05, 2.15893069253e-05, 6.94052414474e-06, 1.53060553121e-09],
        "dmean2": [0.000135336056701, 0.000870777177624, 0.000530076387804, 0.000271032127785, 0.000731115345843, 0.000911589770112, 0.00112576095853, 0.00050174864009, 0.00131288415287, 0.00156637711916, 0.00114775123075, 0.000764888012782, 0.00058558821911, 0.000622658000793, 0.000423823512392, 0.000295279547572, 0.000145868529216, 0.000108532462036, 8.41750152176e-05, 0.000114412432595, 6.51848604321e-05, 0.000101199075289, 0.000104153907159, 8.67889393703e-05, 3.0242914363e-05, 1.00405886769e-05, 2.72644928856e-09],
        "dvar": [4.6521606123e-08, 3.80266055799e-06, 1.75553952886e-06, 2.80635731542e-07, 9.13404505809e-07, 1.86876206953e-06, 6.40697362542e-06, 2.79516507362e-06, 8.57948089106e-06, 1.21563152788e-05, 7.94966035755e-06, 2.36516098084e-06, 1.55545251346e-06, 1.06438471903e-06, 5.81651306675e-07, 3.28194488475e-07, 5.64328352937e-08, 1.81475616756e-08, 2.98115914177e-08, 7.04461911027e-08, 1.28860442317e-08, 4.39577547695e-08, 9.47468024037e-08, 1.16211360535e-07, 1.49011292194e-08, 1.3299730206e-09, 1.07421797014e-16],
        "dvar2": [1.12148384801e-07, 9.92822242551e-06, 4.81943789055e-06, 7.87049089013e-07, 2.3738539312e-06, 3.94592098019e-06, 1.49820007209e-05, 6.55310395814e-06, 1.76446610567e-05, 2.26152660616e-05, 1.53668588609e-05, 4.19587240685e-06, 3.1209633562e-06, 2.29214015235e-06, 1.2362581856e-06, 6.00306691467e-07, 1.21659525121e-07, 4.2828297353e-08, 6.21604385742e-08, 1.34772150773e-07, 2.55548897599e-08, 8.64804476919e-08, 1.81801524946e-07, 2.21601723638e-07, 2.89117334518e-08, 2.45644837804e-09, 2.78739828807e-16],
        "max": [0.00564368348569, 0.0465947575867, 0.0465091317892, 0.0144335888326, 0.0167606193572, 0.0448011569679, 0.0854776576161, 0.0595165528357, 0.0710000768304, 0.0986353605986, 0.0827052146196, 0.0466755330563, 0.0402266383171, 0.0333646088839, 0.0228236187249, 0.0345918722451, 0.00934935174882, 0.00282237748615, 0.00842333585024, 0.0157249979675, 0.00465415744111, 0.00614177621901, 0.00805819034576, 0.0151095157489, 0.0054098367691, 0.00169355759863, 4.44805408506e-07],
        "mean": [0.000112849375, 0.00126534816809, 0.000632225011941, 0.000329188478645, 0.00109935377259, 0.0012682187371, 0.00147442007437, 0.000565202673897, 0.00167118711397, 0.00240834872238, 0.00206068134867, 0.0012210260611, 0.000839730491862, 0.000863930035848, 0.000545224058442, 0.000377862394089, 0.000206706521567, 0.000150375271915, 0.000122334400658, 0.000195720946067, 0.000108477506728, 0.000164274664712, 0.000143214900163, 9.74234353635e-05, 3.68844703189e-05, 1.06309444163e-05, 1.29464972076e-09],
        "median": [2.3999460609e-05, 0.00035469874274, 0.000163320146385, 9.40289901337e-05, 0.000511944643222, 0.000512004189659, 0.000336262222845, 0.000118604162708, 0.000306760164676, 0.000193729792954, 0.000117971583677, 0.000134233385324, 0.000108937623736, 0.00016188796144, 0.000123164849356, 7.6743606769e-05, 5.85718153161e-05, 6.16826291662e-05, 3.61748352589e-05, 4.08479354519e-05, 3.03157157759e-05, 3.41156373906e-05, 2.06789336517e-05, 8.07833475847e-06, 4.94596542921e-06, 9.72190377979e-07, 1.99839561565e-10],
        "min": [3.13772517386e-23, 3.72167030817e-23, 7.89541376638e-24, 6.13370513815e-24, 4.11772013444e-23, 3.52632941537e-23, 5.13360006206e-23, 3.28465177964e-23, 7.70232554479e-23, 4.7967271099e-23, 4.45090784399e-23, 9.43373513005e-23, 1.24954469293e-22, 9.42663411972e-23, 3.96958972693e-23, 1.1296966528e-22, 1.61137815076e-22, 2.78840443839e-22, 3.19462110401e-22, 3.41988140835e-22, 3.7448146036e-22, 6.55891369318e-22, 5.0343401556e-22, 8.47645355752e-22, 1.35308572858e-21, 1.72059848006e-21, 2.40443511442e-21],
        "var": [7.86976173117e-08, 5.26852318217e-06, 1.93682126337e-06, 4.37700805378e-07, 2.35168772633e-06, 5.19132618138e-06, 1.58835900947e-05, 4.95751146445e-06, 2.43346712523e-05, 4.72492611152e-05, 5.2815896197e-05, 1.12281304609e-05, 6.2888402681e-06, 4.81663391838e-06, 2.29424904319e-06, 1.11874521735e-06, 2.39550900005e-07, 5.90432236436e-08, 1.25694512576e-07, 2.78934464859e-07, 4.87874736166e-08, 1.39374435548e-07, 2.40309333321e-07, 2.50004262625e-07, 2.97657631876e-08, 3.49061335392e-09, 9.05514351864e-17]
    },
    "erbbands": {
        "dmean": [0.015513018705, 0.132657065988, 0.388154685497, 0.414738953114, 0.92048227787, 1.93610274792, 2.89535093307, 5.38405179977, 9.80211925507, 10.2104520798, 7.58027601242, 18.1204452515, 33.2603187561, 31.0645961761, 27.6039085388, 22.1010131836, 18.4266033173, 15.9359922409, 16.0472049713, 15.2137498856, 7.22029161453, 5.12135601044, 3.74641013145, 2.49795651436, 2.96398925781, 3.82208204269, 1.93612253666, 1.89751696587, 2.27826237679, 2.86110019684, 1.98849761486, 1.50821840763, 0.794426083565, 0.246438905597, 0.164519503713, 0.0522384792566, 0.0102035813034, 0.0002659833699, 1.13728910947e-05, 6.48080003884e-06],
        "dmean2": [0.0247099809349, 0.218964099884, 0.638024628162, 0.66718763113, 1.47001051903, 3.05962085724, 4.32230234146, 8.1857175827, 14.9982194901, 15.5156860352, 11.1451473236, 26.4767856598, 47.0200538635, 43.4779586792, 38.5983467102, 30.7335357666, 27.1981067657, 23.7878494263, 24.1696166992, 23.7489891052, 10.5121049881, 7.72433233261, 5.81398677826, 4.00119113922, 4.38118839264, 5.65623855591, 2.84442424774, 2.71745872498, 3.19121909142, 4.03893232346, 2.82825350761, 2.1815533638, 1.14774727821, 0.359756320715, 0.23350995779, 0.0714788064361, 0.015437736176, 0.000397055759095, 1.59048831847e-05, 8.92935531738e-06],
        "dvar": [0.00214293319732, 0.268717616796, 2.54492259026, 2.06416344643, 5.20033359528, 17.0632514954, 37.2104911804, 171.953872681, 1171.97229004, 1724.36486816, 663.342834473, 4138.1875, 13015.0214844, 9795.6328125, 8201.25488281, 3952.53491211, 3213.10546875, 2279.8984375, 1641.37890625, 1686.18457031, 387.123626709, 171.158874512, 54.0232810974, 35.0165214539, 124.575714111, 149.423568726, 38.1386871338, 26.3590145111, 43.3944473267, 100.402786255, 78.7268218994, 67.073638916, 25.5156764984, 2.18780636787, 0.881389498711, 0.0780711844563, 0.00327815837227, 2.08716664929e-06, 2.36721020563e-09, 1.23537555186e-10],
        "dvar2": [0.00495140859857, 0.735298216343, 7.03740024567, 5.41861009598, 14.2953710556, 44.9620132446, 83.783744812, 361.57635498, 2757.48217773, 3948.20117188, 1420.9744873, 8612.69726562, 24804.6855469, 20556.5117188, 15304.9501953, 6787.77587891, 6339.30419922, 4828.33105469, 3488.51220703, 3548.89306641, 745.088745117, 375.755706787, 124.846984863, 89.9122772217, 233.214157104, 272.353942871, 79.3976974487, 52.0517120361, 84.0803375244, 203.415908813, 148.65625, 128.446090698, 52.4909477234, 4.5491642952, 1.6808899641, 0.136152416468, 0.00707511883229, 4.50959169029e-06, 4.55293847068e-09, 2.31525423833e-10],
        "max": [0.982404828072, 12.578335762, 49.1965751648, 36.2693710327, 54.9018440247, 76.9233474731, 160.135025024, 408.235931396, 1121.86474609, 1589.79833984, 902.857177734, 1759.01733398, 3647.15307617, 2986.06274414, 2931.25610352, 2409.74682617, 2075.16748047, 1917.62158203, 1427.28564453, 1750.1340332, 648.125244141, 612.624084473, 189.03036499, 223.280532837, 659.82800293, 686.590026855, 310.99319458, 263.454498291, 204.624786377, 309.536590576, 278.521270752, 351.899200439, 239.098754883, 63.3592758179, 44.7054862976, 11.7412481308, 2.39797663689, 0.0596157386899, 0.00199853489175, 0.000289300194709],
        "mean": [0.0317140482366, 0.293884545565, 0.825779974461, 0.886829912663, 1.86165344715, 4.16528272629, 6.95436573029, 11.1763477325, 19.3177814484, 19.9529857635, 15.3557310104, 34.7814941406, 68.9357147217, 75.6410446167, 70.1960144043, 53.6242904663, 44.5118293762, 37.9878349304, 34.8738441467, 30.6064720154, 16.6708774567, 12.1840591431, 8.78020763397, 5.93337917328, 7.76959371567, 9.66159725189, 4.79453086853, 4.64151334763, 5.23601388931, 6.15581417084, 3.91543197632, 2.51428198814, 1.20805454254, 0.393952816725, 0.28658413887, 0.0863827243447, 0.0136649264023, 0.000363381259376, 2.5486726372e-05, 2.40230456257e-05],
        "median": [0.00687334733084, 0.0799274519086, 0.215018361807, 0.338463783264, 0.776379346848, 1.74237155914, 3.23315191269, 4.37485599518, 5.86213064194, 3.72939491272, 4.31496143341, 7.37043809891, 9.56159877777, 8.29616546631, 7.79498338699, 7.79746198654, 7.00656986237, 7.40146970749, 8.54608345032, 8.59572982788, 4.14264678955, 3.68934988976, 3.6728951931, 2.58170342445, 1.89685797691, 2.01266169548, 1.42937672138, 1.19072675705, 1.13806355, 1.08072423935, 0.524843454361, 0.227918356657, 0.103807352483, 0.0550469830632, 0.0321672335267, 0.0092240832746, 0.000829072610941, 2.46543040703e-05, 9.70512610365e-06, 1.55871803145e-05],
        "min": [2.04576527912e-21, 5.11373273269e-21, 9.38337531009e-21, 1.98418592343e-20, 6.13313129801e-20, 1.2243993343e-19, 2.16393563096e-19, 2.70290570934e-19, 6.06835258704e-19, 7.87774968942e-19, 7.77577848242e-19, 2.10084581601e-18, 1.54561851082e-18, 1.55626742723e-18, 2.14634302444e-18, 4.69316554246e-18, 5.43743039759e-18, 5.91657600818e-18, 2.74925450021e-18, 3.5225598055e-18, 6.93937532302e-18, 9.26944715563e-18, 1.20846413924e-17, 2.03176668092e-17, 1.41948047776e-17, 1.63440301129e-17, 1.47934784003e-17, 1.75278281398e-17, 2.06848804073e-17, 1.95698492134e-17, 1.40540136742e-17, 1.86001784685e-17, 1.36598397785e-17, 1.32804153402e-17, 1.09596426721e-17, 6.32878326847e-18, 3.09845127734e-18, 1.65579431552e-18, 3.56290083528e-19, 3.1131973098e-20],
        "var": [0.00357095035724, 0.31719994545, 2.95531487465, 3.07118105888, 9.59174728394, 39.2112236023, 133.200195312, 443.871490479, 2696.8815918, 3899.015625, 2233.41430664, 12525.3818359, 38975.3164062, 45457.3164062, 48611.9453125, 19184.0292969, 14608.7529297, 11745.5263672, 6585.37011719, 6269.20458984, 1574.93701172, 718.125793457, 207.349441528, 120.616706848, 601.785644531, 646.832885742, 131.818511963, 90.6724777222, 132.323196411, 277.262756348, 201.543762207, 149.898544312, 45.1899642944, 3.5573425293, 1.97403943539, 0.21296171844, 0.00620056129992, 3.92677384298e-06, 5.84439341367e-09, 6.84298839815e-10]
    },
    "gfcc": {
        "mean": [-58.9944267273, 103.94304657, -142.515762329, 25.7969989777, -71.1085281372, 21.6424770355, -38.232673645, 6.84764385223, -18.6360569, 3.98053503036, -11.3995904922, 3.15276432037, -1.89217078686],
        "cov": [[9992.97949219, -857.216491699, -481.985717773, 554.998901367, -260.596221924, 419.188446045, 304.87600708, -475.524932861, -170.735275269, -7.00889968872, -127.108688354, -64.7432022095, 66.2625961304], [-857.216491699, 984.934875488, -4.58387994766, -68.4713516235, 278.103057861, -243.173690796, 7.79981851578, -2.65231275558, 9.82584381104, -75.3409881592, 47.3485488892, -113.245368958, 17.2791252136], [-481.985717773, -4.58387994766, 581.979248047, 130.721176147, -1.72879755497, -10.482588768, -162.488830566, 104.191223145, 7.00317621231, 17.6711044312, -42.8669013977, 23.3807220459, -63.7817802429], [554.998901367, -68.4713516235, 130.721176147, 334.23727417, 53.1983604431, -41.974773407, -78.4140014648, 9.14011096954, 41.0557937622, 13.8995685577, -29.373752594, 1.30772745609, 2.55630493164], [-260.596221924, 278.103057861, -1.72879755497, 53.1983604431, 319.389709473, -22.3341255188, -20.5949249268, 47.1692314148, -43.4567070007, 11.4085960388, -10.7941188812, -44.1570053101, -12.2635469437], [419.188446045, -243.173690796, -10.482588768, -41.974773407, -22.3341255188, 290.538696289, 102.715934753, -40.9776000977, -72.1569137573, -7.56249666214, 15.5833492279, -4.10421180725, -28.7043685913], [304.87600708, 7.79981851578, -162.488830566, -78.4140014648, -20.5949249268, 102.715934753, 214.592346191, -23.1496868134, -37.2455177307, -26.8896179199, 29.5795974731, -20.8869895935, 3.08872199059], [-475.524932861, -2.65231275558, 104.191223145, 9.14011096954, 47.1692314148, -40.9776000977, -23.1496868134, 172.178222656, 49.4544219971, 23.4729614258, -22.9664878845, 2.98478937149, -3.95151901245], [-170.735275269, 9.82584381104, 7.00317621231, 41.0557937622, -43.4567070007, -72.1569137573, -37.2455177307, 49.4544219971, 144.067749023, 28.0692749023, -17.4735660553, 11.456243515, 15.9910182953], [-7.00889968872, -75.3409881592, 17.6711044312, 13.8995685577, 11.4085960388, -7.56249666214, -26.8896179199, 23.4729614258, 28.0692749023, 88.9195098877, 5.78872346878, 12.7039766312, -8.87397480011], [-127.108688354, 47.3485488892, -42.8669013977, -29.373752594, -10.7941188812, 15.5833492279, 29.5795974731, -22.9664878845, -17.4735660553, 5.78872346878, 102.271522522, 12.46641922, 1.47181415558], [-64.7432022095, -113.245368958, 23.3807220459, 1.30772745609, -44.1570053101, -4.10421180725, -20.8869895935, 2.98478937149, 11.456243515, 12.7039766312, 12.46641922, 99.7484741211, 16.1940040588], [66.2625961304, 17.2791252136, -63.7817802429, 2.55630493164, -12.2635469437, -28.7043685913, 3.08872199059, -3.95151901245, 15.9910182953, -8.87397480011, 1.47181415558, 16.1940040588, 77.552192688]],
        "icov": [[0.000174872431671, -7.88273518992e-06, 0.000152208056534, -0.000449383049272, 0.000225032199523, -0.000162399723195, -0.000194142019609, 0.000293513556244, 0.000267797440756, -0.000266499409918, 0.000377403717721, 9.40969621297e-05, -0.00012202601647], [-7.88273518992e-06, 0.00499596167356, -0.00265036360361, 0.00273964344524, -0.00549802929163, 0.00489301560447, -0.00283374055289, 0.00366347981617, -0.00360300741158, 0.00427981559187, -0.00364085403271, 0.00390818202868, -0.00164963724092], [0.000152208056534, -0.00265036360361, 0.00481727952138, -0.00285887508653, 0.00391078693792, -0.00335309794173, 0.00374214863405, -0.00399535382167, 0.00329985260032, -0.00188611203339, 0.00248400773853, -0.00245983013883, 0.00311160343699], [-0.000449383049272, 0.00273964344524, -0.00285887508653, 0.00647632684559, -0.00458457926288, 0.00309516070411, -0.000731558655389, 0.00249444553629, -0.00415814621374, 0.00287318252958, -0.00243534613401, 0.00191418500617, -0.00138161808718], [0.000225032199523, -0.00549802929163, 0.00391078693792, -0.00458457926288, 0.0106443194672, -0.00524458568543, 0.00365930213593, -0.00576312094927, 0.00691202934831, -0.00580359436572, 0.00449820840731, -0.00246609328315, 0.00204313290305], [-0.000162399723195, 0.00489301560447, -0.00335309794173, 0.00309516070411, -0.00524458568543, 0.00994037464261, -0.00525536807254, 0.00413708901033, -0.00196063937619, 0.00348762003705, -0.00353710446507, 0.00334097561426, -0.000368342414731], [-0.000194142019609, -0.00283374055289, 0.00374214863405, -0.000731558655389, 0.00365930213593, -0.00525536807254, 0.010263800621, -0.00429920759052, 0.00257991231047, -0.000243317277636, 0.000245632312726, -0.00107940309681, 0.00156561902259], [0.000293513556244, 0.00366347981617, -0.00399535382167, 0.00249444553629, -0.00576312094927, 0.00413708901033, -0.00429920759052, 0.0121861062944, -0.00571450125426, 0.00138181319926, -0.000882535765413, 0.00255597452633, -0.00220366171561], [0.000267797440756, -0.00360300741158, 0.00329985260032, -0.00415814621374, 0.00691202934831, -0.00196063937619, 0.00257991231047, -0.00571450125426, 0.0141468783841, -0.00619160057977, 0.00423880992457, -0.00234067393467, 0.000181147188414], [-0.000266499409918, 0.00427981559187, -0.00188611203339, 0.00287318252958, -0.00580359436572, 0.00348762003705, -0.000243317277636, 0.00138181319926, -0.00619160057977, 0.0175771545619, -0.00529583916068, 0.00151964486577, 0.00115260202438], [0.000377403717721, -0.00364085403271, 0.00248400773853, -0.00243534613401, 0.00449820840731, -0.00353710446507, 0.000245632312726, -0.000882535765413, 0.00423880992457, -0.00529583916068, 0.0145541355014, -0.00432620663196, 0.00110648223199], [9.40969621297e-05, 0.00390818202868, -0.00245983013883, 0.00191418500617, -0.00246609328315, 0.00334097561426, -0.00107940309681, 0.00255597452633, -0.00234067393467, 0.00151964486577, -0.00432620663196, 0.0151553945616, -0.0044435011223], [-0.00012202601647, -0.00164963724092, 0.00311160343699, -0.00138161808718, 0.00204313290305, -0.000368342414731, 0.00156561902259, -0.00220366171561, 0.000181147188414, 0.00115260202438, 0.00110648223199, -0.0044435011223, 0.0169845093042]]
    },
    "melbands": {
        "dmean": [0.000136958347866, 0.000192176739802, 8.07879550848e-05, 0.000100489487522, 9.75597286015e-05, 0.0001240526326, 0.000149311803398, 0.00010456743621, 7.28513041395e-05, 0.000122133962577, 0.000169215942151, 0.000130143584101, 0.000112229383376, 5.44156609976e-05, 6.45009422442e-05, 3.1594921893e-05, 3.24707652908e-05, 3.05770590785e-05, 2.10474445339e-05, 1.72148775164e-05, 8.2623837443e-06, 5.74678961129e-06, 4.81266033603e-06, 3.13829264087e-06, 2.11119890992e-06, 2.28884709941e-06, 2.57776650869e-06, 2.73752857538e-06, 1.45159401654e-06, 1.00531917724e-06, 1.20605920984e-06, 1.2275854715e-06, 1.69010127138e-06, 1.63261995567e-06, 1.31740387133e-06, 7.96194228769e-07, 1.05108802018e-06, 6.99739246102e-07, 2.82236413796e-07, 1.93483913336e-07],
        "dmean2": [0.000221422480536, 0.000315623008646, 0.000129898457089, 0.000160008828971, 0.000145970814629, 0.000188365767826, 0.00022870246903, 0.000158979237312, 0.000107973253762, 0.000177810812602, 0.000239234985202, 0.000181628012797, 0.000158878261573, 7.56736335461e-05, 9.31842077989e-05, 4.66676719952e-05, 4.86396711494e-05, 4.62290263386e-05, 3.23647218465e-05, 2.63511392404e-05, 1.19957276183e-05, 8.70805524755e-06, 7.48177990317e-06, 4.96898474012e-06, 3.44310569744e-06, 3.40699284607e-06, 3.84086979466e-06, 4.06375602324e-06, 2.15733734876e-06, 1.50484993355e-06, 1.73460796304e-06, 1.76378875949e-06, 2.45021215051e-06, 2.38939469455e-06, 1.9079550384e-06, 1.14543695418e-06, 1.57271949774e-06, 1.02236936073e-06, 4.19691559728e-07, 2.88255790792e-07],
        "dvar": [1.99893364083e-07, 6.04501565249e-07, 6.3989823218e-08, 5.15195033302e-08, 3.69931818511e-08, 8.93641569633e-08, 2.66824429218e-07, 1.97992960693e-07, 5.43713589707e-08, 1.74885087745e-07, 3.35627277082e-07, 1.71963606022e-07, 1.59170781444e-07, 2.97308275776e-08, 3.88466325774e-08, 9.46751654851e-09, 9.33992350127e-09, 5.57847501526e-09, 2.93898616555e-09, 2.63566546366e-09, 5.91963589258e-10, 2.45051229308e-10, 1.22879387221e-10, 4.23811402639e-11, 2.97239177716e-11, 6.75625874691e-11, 1.03197526913e-10, 7.13416409281e-11, 2.82151784575e-11, 6.92517831274e-12, 1.12103460195e-11, 1.25868317505e-11, 2.77199287829e-11, 3.98119696932e-11, 3.48786589888e-11, 1.7147446657e-11, 3.44523055917e-11, 1.89425350405e-11, 3.60688410563e-12, 1.34227947767e-12],
        "dvar2": [4.99376653806e-07, 1.65566791566e-06, 1.70756948137e-07, 1.38430209518e-07, 8.50317576351e-08, 1.91396438254e-07, 6.26569544693e-07, 4.56374579016e-07, 1.1622358187e-07, 3.61658607062e-07, 6.34488742435e-07, 3.55952437303e-07, 2.95388730365e-07, 5.05583450661e-08, 8.22507857379e-08, 1.89137185913e-08, 1.96629681426e-08, 1.20607221987e-08, 6.18918560846e-09, 5.0601594026e-09, 1.16347242951e-09, 5.34846666955e-10, 2.90087898147e-10, 1.04674692525e-10, 7.87678602898e-11, 1.30578603486e-10, 1.87808421592e-10, 1.34394315121e-10, 6.05330299774e-11, 1.4589463318e-11, 2.24858378445e-11, 2.48770587463e-11, 5.71690576823e-11, 8.30629454107e-11, 6.94412582991e-11, 3.17341777856e-11, 7.08762909474e-11, 4.02757306672e-11, 7.74294517392e-12, 2.87858474037e-12],
        "max": [0.00942001305521, 0.0197101663798, 0.00701687671244, 0.00383062334731, 0.00503755919635, 0.00893132016063, 0.0179921779782, 0.0170391686261, 0.00677103223279, 0.0105913523585, 0.0184982828796, 0.0121336150914, 0.0132120046765, 0.00613041222095, 0.00595446443185, 0.00313552096486, 0.00354202487506, 0.00227752816863, 0.00163711991627, 0.0027338785585, 0.000767921854276, 0.000655088282656, 0.000315016863169, 0.000184655087651, 0.000170035069459, 0.000404518621508, 0.000652159273159, 0.000455976376543, 0.000314422737574, 0.000131656634039, 0.000168838654645, 0.000114681788546, 0.000162429758348, 0.000185648561455, 0.00017432567256, 0.000175745313754, 0.000232022895943, 0.000190771534108, 9.45113570197e-05, 5.23669041286e-05],
        "mean": [0.000316437275615, 0.000430800806498, 0.000177234745934, 0.000215353953536, 0.000239507236984, 0.000257108855294, 0.00029729999369, 0.00019605543639, 0.000146642283653, 0.000224924559006, 0.000348250119714, 0.000305670604575, 0.00028974073939, 0.000120831457025, 0.000148482111399, 6.86727071297e-05, 7.17967486707e-05, 6.0456830397e-05, 4.07919942518e-05, 3.29169088218e-05, 1.73920852831e-05, 1.25799842863e-05, 9.81779976428e-06, 6.7063951974e-06, 4.34283765571e-06, 5.2561413213e-06, 6.35564811091e-06, 6.3336351559e-06, 3.17633430313e-06, 2.27376881412e-06, 2.77142976302e-06, 2.723045327e-06, 3.57495673597e-06, 3.31104797624e-06, 2.49290610554e-06, 1.44086754972e-06, 1.59859712312e-06, 9.9187025171e-07, 4.16536124703e-07, 2.93011396479e-07],
        "median": [8.43464513309e-05, 0.000123906487715, 7.4553907325e-05, 9.38365919865e-05, 0.000117210314784, 0.000102506506664, 8.62279703142e-05, 3.22378218698e-05, 3.16231817123e-05, 4.26957885793e-05, 3.70747511624e-05, 2.69537249551e-05, 2.00647882593e-05, 1.4425374502e-05, 1.64018529176e-05, 1.06940342448e-05, 1.17690842671e-05, 1.10502496682e-05, 9.68137555901e-06, 6.72998385198e-06, 3.49074753103e-06, 3.10173345497e-06, 3.48893331648e-06, 2.66305710284e-06, 1.74775220785e-06, 1.19758908568e-06, 1.21452603707e-06, 1.16606474876e-06, 8.50719970913e-07, 6.38810320197e-07, 6.52680853364e-07, 5.89722560562e-07, 6.68485995448e-07, 5.30799013632e-07, 3.13160512633e-07, 1.58211065582e-07, 1.10427201605e-07, 6.98609383676e-08, 4.53160069469e-08, 4.10158769171e-08],
        "min": [1.60701631793e-23, 5.08262529031e-24, 4.0021130421e-24, 6.37609290647e-24, 7.619497043e-24, 6.20457324643e-24, 1.10187933469e-23, 8.82484652947e-24, 5.80701022717e-24, 1.36107283796e-23, 7.58062907734e-24, 6.39631141147e-24, 6.57682566355e-24, 8.57977821179e-24, 1.32281055971e-23, 1.18357093014e-23, 1.10895620587e-23, 4.4744900519e-24, 2.29002770912e-24, 8.2753843986e-24, 8.11325612763e-24, 1.01395676361e-23, 8.47741956503e-24, 1.32081008734e-23, 1.75902744778e-23, 9.63566774457e-24, 1.11237773228e-23, 1.0869584251e-23, 9.18264780366e-24, 9.10139670815e-24, 1.11140561898e-23, 1.17449768866e-23, 1.22765405524e-23, 1.0079576342e-23, 7.26658433983e-24, 9.35343382306e-24, 1.19160366408e-23, 9.59420994855e-24, 8.27205540558e-24, 1.23456416123e-23],
        "var": [3.14164111614e-07, 7.18803448763e-07, 9.98742351044e-08, 1.05413946017e-07, 1.32540876052e-07, 2.27275705811e-07, 6.37796119918e-07, 4.07591528528e-07, 2.21621803576e-07, 4.72806220841e-07, 1.04152604763e-06, 7.86557166066e-07, 1.01232728866e-06, 1.40142631722e-07, 1.84664443736e-07, 4.19630978854e-08, 4.56174511498e-08, 2.02099723623e-08, 1.04287050107e-08, 9.24781051737e-09, 2.28023222526e-09, 1.00335961761e-09, 3.59412305473e-10, 1.26899310504e-10, 7.83456424736e-11, 3.37214228763e-10, 4.02360755825e-10, 2.87943002775e-10, 7.70449815057e-11, 2.27430661109e-11, 3.44788607387e-11, 3.54496605681e-11, 7.76278347159e-11, 9.67397550955e-11, 8.32831859032e-11, 4.18597552454e-11, 6.7238395407e-11, 3.21625955035e-11, 5.40893371759e-12, 2.03892328368e-12]
    },
    "mfcc": {
        "mean": [-692.438659668, 126.300056458, -12.2151842117, 8.58755779266, -8.05987358093, 9.269947052, -8.35802650452, 4.50405788422, -3.00160527229, 1.4347704649, -1.120459795, -2.71604704857, 1.20173752308],
        "cov": [[10023.5058594, -1224.43212891, -155.710891724, 175.476516724, -440.475952148, 718.392700195, 155.787994385, -99.3299789429, -4.88978338242, 26.2128429413, -255.76663208, -218.057296753, 142.47064209], [-1224.43212891, 1044.21191406, -198.972045898, 105.135322571, 143.998306274, -162.694335938, 67.0114822388, -36.8368263245, -13.7660894394, -0.97709941864, 50.7422828674, -42.3269195557, -31.4313011169], [-155.710891724, -198.972045898, 540.849182129, 20.1241149902, 70.0450134277, -36.9626960754, -77.3241577148, 22.2121372223, -5.41068506241, -4.59628200531, -3.40948176384, 52.3862724304, -17.975687027], [175.476516724, 105.135322571, 20.1241149902, 345.170532227, 150.049942017, -79.8993301392, -76.9766616821, -44.865272522, 62.9609069824, -25.7591209412, -1.37423872948, 16.8994197845, 40.1220970154], [-440.475952148, 143.998306274, 70.0450134277, 150.049942017, 314.753967285, -64.1326751709, -10.5879821777, -29.8866634369, 42.876914978, 7.37934923172, 20.0706233978, 5.49761486053, -2.90515375137], [718.392700195, -162.694335938, -36.9626960754, -79.8993301392, -64.1326751709, 239.174575806, 87.1039352417, 19.3377113342, -52.2853851318, 18.3610572815, -21.1030483246, -42.1696929932, -6.6366019249], [155.787994385, 67.0114822388, -77.3241577148, -76.9766616821, -10.5879821777, 87.1039352417, 246.857040405, 39.1481933594, -42.8988456726, 32.6042137146, -9.05389404297, -32.2545318604, -8.06712055206], [-99.3299789429, -36.8368263245, 22.2121372223, -44.865272522, -29.8866634369, 19.3377113342, 39.1481933594, 108.45917511, 11.18891716, 6.25124692917, -1.73895156384, 1.76204061508, -2.10817360878], [-4.88978338242, -13.7660894394, -5.41068506241, 62.9609069824, 42.876914978, -52.2853851318, -42.8988456726, 11.18891716, 139.384994507, 18.2074890137, 6.61936950684, 7.34106731415, 7.32388162613], [26.2128429413, -0.97709941864, -4.59628200531, -25.7591209412, 7.37934923172, 18.3610572815, 32.6042137146, 6.25124692917, 18.2074890137, 97.9552688599, 15.7476568222, -5.30582523346, -13.1528053284], [-255.76663208, 50.7422828674, -3.40948176384, -1.37423872948, 20.0706233978, -21.1030483246, -9.05389404297, -1.73895156384, 6.61936950684, 15.7476568222, 91.9102096558, 20.0411510468, -9.31935310364], [-218.057296753, -42.3269195557, 52.3862724304, 16.8994197845, 5.49761486053, -42.1696929932, -32.2545318604, 1.76204061508, 7.34106731415, -5.30582523346, 20.0411510468, 96.4961700439, 23.8450260162], [142.47064209, -31.4313011169, -17.975687027, 40.1220970154, -2.90515375137, -6.6366019249, -8.06712055206, -2.10817360878, 7.32388162613, -13.1528053284, -9.31935310364, 23.8450260162, 96.8333358765]],
