{
"lowlevel": {
    "average_loudness": 0.889698088169,
    "barkbands_crest": {
        "dmean": 2.16713643074,
        "dmean2": 3.58394908905,
        "dvar": 4.30869531631,
        "dvar2": 11.2173299789,
        "max": 24.7959842682,
        "mean": 8.09757709503,
        "median": 7.00834178925,
        "min": 2.26292800903,
        "var": 14.0337028503
    },
    "barkbands_flatness_db": {
        "dmean": 0.0169029533863,
        "dmean2": 0.026569802314,
        "dvar": 0.000275515165413,
        "dvar2": 0.000642855360638,
        "max": 0.326517701149,
        "mean": 0.116161242127,
        "median": 0.110864885151,
        "min": 0.0278603192419,
        "var": 0.00138038408477
    },
    "barkbands_kurtosis": {
        "dmean": 1.35779488087,
        "dmean2": 2.21148490906,
        "dvar": 4.61778306961,
        "dvar2": 11.8597803116,
        "max": 44.3536109924,
        "mean": 1.45583415031,
        "median": 0.414414405823,
        "min": -1.91846108437,
        "var": 10.6872758865
    },
    "barkbands_skewness": {
        "dmean": 0.399557620287,
        "dmean2": 0.630805909634,
        "dvar": 0.17994427681,
        "dvar2": 0.437328338623,
        "max": 5.02261257172,
        "mean": 0.580207765102,
        "median": 0.676633954048,
        "min": -2.36444592476,
        "var": 1.4798386097
    },
    "barkbands_spread": {
        "dmean": 5.690782547,
        "dmean2": 8.88555526733,
        "dvar": 46.8974494934,
        "dvar2": 103.902542114,
        "max": 128.869735718,
        "mean": 26.3256721497,
        "median": 25.4243106842,
        "min": 1.18938493729,
        "var": 156.933853149
    },
    "dissonance": {
        "dmean": 0.0149236191064,
        "dmean2": 0.024970529601,
        "dvar": 0.000252408499364,
        "dvar2": 0.00065348832868,
        "max": 0.500000119209,
        "mean": 0.473084956408,
        "median": 0.478596806526,
        "min": 0.164025321603,
        "var": 0.000556190381758
    },
    "dynamic_complexity": 2.81893229485,
    "erbbands_crest": {
        "dmean": 2.33212518692,
        "dmean2": 3.7979631424,
        "dvar": 5.99878072739,
        "dvar2": 14.6914968491,
        "max": 30.8895225525,
        "mean": 8.50722312927,
        "median": 6.99614620209,
        "min": 2.35110878944,
        "var": 26.5366363525
    },
    "erbbands_flatness_db": {
        "dmean": 0.0146537860855,
        "dmean2": 0.0216699223965,
        "dvar": 0.000216720407479,
        "dvar2": 0.000430902669905,
        "max": 0.372561842203,
        "mean": 0.16494114697,
        "median": 0.162449240685,
        "min": 0.0551258772612,
        "var": 0.00222061644308
    },
    "erbbands_kurtosis": {
        "dmean": 0.710297465324,
        "dmean2": 1.16168773174,
        "dvar": 1.9458398819,
        "dvar2": 5.29232263565,
        "max": 59.8766021729,
        "mean": 0.0692900270224,
        "median": -0.407215237617,
        "min": -1.77762877941,
        "var": 5.00807523727
    },
    "erbbands_skewness": {
        "dmean": 0.319802701473,
        "dmean2": 0.501699745655,
        "dvar": 0.112214587629,
        "dvar2": 0.263810932636,
        "max": 5.11864566803,
        "mean": 0.0608963780105,
        "median": -0.0140207689255,
        "min": -3.37659811974,
        "var": 0.552723407745
    },
    "erbbands_spread": {
        "dmean": 6.63699054718,
        "dmean2": 10.3454236984,
        "dvar": 55.8109550476,
        "dvar2": 123.907234192,
        "max": 122.149559021,
        "mean": 38.0899200439,
        "median": 36.3097991943,
        "min": 2.51349663734,
        "var": 289.72543335
    },
    "hfc": {
        "dmean": 6.68455648422,
        "dmean2": 9.65199184418,
        "dvar": 136.324111938,
        "dvar2": 278.064208984,
        "max": 394.103027344,
        "mean": 20.9758281708,
        "median": 15.3671092987,
        "min": 1.04870083791e-16,
        "var": 452.320343018
    },
    "melbands_crest": {
        "dmean": 2.8881752491,
        "dmean2": 4.78013801575,
        "dvar": 7.99782371521,
        "dvar2": 21.4483585358,
        "max": 31.2970714569,
        "mean": 10.5924797058,
        "median": 9.79487991333,
        "min": 1.49956572056,
        "var": 30.4163169861
    },
    "melbands_flatness_db": {
        "dmean": 0.0205606892705,
        "dmean2": 0.0320039913058,
        "dvar": 0.000528414908331,
        "dvar2": 0.00121871870942,
        "max": 0.447565585375,
        "mean": 0.135277196765,
        "median": 0.137085556984,
        "min": 0.000818325206637,
        "var": 0.0043818843551
    },
    "melbands_kurtosis": {
        "dmean": 3.14714431763,
        "dmean2": 5.16100311279,
        "dvar": 29.2138500214,
        "dvar2": 78.4453201294,
        "max": 89.1067504883,
        "mean": 5.4436340332,
        "median": 2.77047252655,
        "min": -1.64200496674,
        "var": 68.5542755127
    },
    "melbands_skewness": {
        "dmean": 0.493463277817,
        "dmean2": 0.782818973064,
        "dvar": 0.303654432297,
        "dvar2": 0.764163315296,
        "max": 7.94628334045,
        "mean": 1.62772893906,
        "median": 1.50576639175,
        "min": -1.50523936749,
        "var": 1.72531461716
    },
    "melbands_spread": {
        "dmean": 9.63244247437,
        "dmean2": 15.4365415573,
        "dvar": 146.270477295,
        "dvar2": 345.136383057,
        "max": 233.774429321,
        "mean": 44.706413269,
        "median": 33.2797164917,
        "min": 1.56020534039,
        "var": 1330.29211426
    },
    "pitch_salience": {
        "dmean": 0.0581658631563,
        "dmean2": 0.0960284098983,
        "dvar": 0.00314307003282,
        "dvar2": 0.00824587699026,
        "max": 0.94778907299,
        "mean": 0.617066383362,
        "median": 0.618562340736,
        "min": 0.182656005025,
        "var": 0.0137527426705
    },
    "silence_rate_20dB": {
        "dmean": 0,
        "dmean2": 0,
        "dvar": 0,
        "dvar2": 0,
        "max": 1,
        "mean": 1,
        "median": 1,
        "min": 1,
        "var": 0
    },
    "silence_rate_30dB": {
        "dmean": 0.00139616057277,
        "dmean2": 0.00279264594428,
        "dvar": 0.00139417359605,
        "dvar2": 0.00371557776816,
        "max": 1,
        "mean": 0.999069333076,
        "median": 1,
        "min": 0,
        "var": 0.000929876987357
    },
    "silence_rate_60dB": {
        "dmean": 0.0146596860141,
        "dmean2": 0.0293227825314,
        "dvar": 0.0144436024129,
        "dvar2": 0.033112782985,
        "max": 1,
        "mean": 0.164378777146,
        "median": 0,
        "min": 0,
        "var": 0.137371331453
    },
    "spectral_centroid": {
        "dmean": 295.462585449,
        "dmean2": 470.355682373,
        "dvar": 112583.171875,
        "dvar2": 269069.71875,
        "max": 11956.3164062,
        "mean": 2797.48754883,
        "median": 1872.9777832,
        "min": 208.513290405,
        "var": 8781667
    },
    "spectral_complexity": {
        "dmean": 3.28097724915,
        "dmean2": 5.08773565292,
        "dvar": 14.4037942886,
        "dvar2": 31.4793815613,
        "max": 54,
        "mean": 18.6967201233,
        "median": 19,
        "min": 0,
        "var": 120.934234619
    },
    "spectral_decrease": {
        "dmean": 1.28846400216e-09,
        "dmean2": 1.95183802454e-09,
        "dvar": 3.87477579186e-18,
        "dvar2": 8.66619674261e-18,
        "max": 2.11224874055e-28,
        "mean": -4.00336652717e-09,
        "median": -3.63084495802e-09,
        "min": -5.38424593799e-08,
        "var": 1.0790654636e-17
    },
    "spectral_energy": {
        "dmean": 0.00532696349546,
        "dmean2": 0.00801545381546,
        "dvar": 6.44045649096e-05,
        "dvar2": 0.000142057790072,
        "max": 0.214756801724,
        "mean": 0.0170121788979,
        "median": 0.0155413411558,
        "min": 9.61408761516e-21,
        "var": 0.000190782942809
    },
    "spectral_energyband_high": {
        "dmean": 0.000554879312404,
        "dmean2": 0.000807382224593,
        "dvar": 1.54922884121e-06,
        "dvar2": 3.19211790156e-06,
        "max": 0.0339425392449,
        "mean": 0.00118719076272,
        "median": 0.000506014679559,
        "min": 6.70022556568e-21,
        "var": 3.62016862709e-06
    },
    "spectral_energyband_low": {
        "dmean": 0.00118930952158,
        "dmean2": 0.00191508361604,
        "dvar": 5.19115565112e-06,
        "dvar2": 1.31797014546e-05,
        "max": 0.0482256561518,
        "mean": 0.00235520396382,
        "median": 0.0013087480329,
        "min": 6.10032093907e-24,
        "var": 1.21113325804e-05
    },
    "spectral_energyband_middle_high": {
        "dmean": 0.00189029925968,
        "dmean2": 0.00276544853114,
        "dvar": 1.06526449599e-05,
        "dvar2": 2.0935160137e-05,
        "max": 0.0682625547051,
        "mean": 0.00589302182198,
        "median": 0.00342998793349,
        "min": 1.06098242509e-21,
        "var": 4.88656769448e-05
    },
    "spectral_energyband_middle_low": {
        "dmean": 0.0036276304163,
        "dmean2": 0.00574892293662,
        "dvar": 4.42797972937e-05,
        "dvar2": 0.000106473104097,
        "max": 0.196511372924,
        "mean": 0.00832005124539,
        "median": 0.00617598090321,
        "min": 1.4497428232e-22,
        "var": 8.45930044306e-05
    },
    "spectral_entropy": {
        "dmean": 0.124316677451,
        "dmean2": 0.181961432099,
        "dvar": 0.0221691746265,
        "dvar2": 0.0415748097003,
        "max": 9.83232593536,
        "mean": 7.90312242508,
        "median": 7.73049259186,
        "min": 5.75878858566,
        "var": 0.550385951996
    },
    "spectral_flux": {
        "dmean": 0.0173911321908,
        "dmean2": 0.0271196309477,
        "dvar": 0.000448460050393,
        "dvar2": 0.00098810554482,
        "max": 0.39562100172,
        "mean": 0.0678794980049,
        "median": 0.06694162637,
        "min": 6.27142088261e-11,
        "var": 0.00171207194217
    },
    "spectral_kurtosis": {
        "dmean": 1.2551561594,
        "dmean2": 2.14707255363,
        "dvar": 3.0761384964,
        "dvar2": 8.64374923706,
        "max": 45.2707176208,
        "mean": 3.07817339897,
        "median": 2.59863734245,
        "min": -1.34602594376,
        "var": 11.1527786255
    },
    "spectral_rms": {
        "dmean": 0.000581114087254,
        "dmean2": 0.000861453183461,
        "dvar": 4.83716746658e-07,
        "dvar2": 9.83292579804e-07,
        "max": 0.0144747653976,
        "mean": 0.00360691733658,
        "median": 0.00389387784526,
        "min": 3.06261288031e-12,
        "var": 3.58741976925e-06
    },
    "spectral_rolloff": {
        "dmean": 641.460327148,
        "dmean2": 1061.24853516,
        "dvar": 913624.625,
        "dvar2": 1958356.125,
        "max": 19724.4140625,
        "mean": 4085.78125,
        "median": 2196.38671875,
        "min": 150.732421875,
        "var": 28801712
    },
    "spectral_skewness": {
        "dmean": 0.185440272093,
        "dmean2": 0.303010493517,
        "dvar": 0.0452539920807,
        "dvar2": 0.111704818904,
        "max": 5.41863965988,
        "mean": 1.09732747078,
        "median": 1.0997146368,
        "min": -0.416034460068,
        "var": 0.338053792715
    },
    "spectral_spread": {
        "dmean": 497715.3125,
        "dmean2": 735974.4375,
        "dvar": 616884469760,
        "dvar2": 1.18763343053e+12,
        "max": 43681956,
        "mean": 8211721.5,
        "median": 4076302.5,
        "min": 1407102.25,
        "var": 1.31349285437e+14
    },
    "spectral_strongpeak": {
        "dmean": 0.64034730196,
        "dmean2": 1.05160307884,
        "dvar": 1.0680809021,
        "dvar2": 2.64339733124,
        "max": 14.0446987152,
        "mean": 1.29307103157,
        "median": 0.587661385536,
        "min": 0,
        "var": 2.79759502411
    },
    "zerocrossingrate": {
        "dmean": 0.0111480373889,
        "dmean2": 0.0134892100468,
        "dvar": 0.000210651327507,
        "dvar2": 0.000234801816987,
        "max": 0.75732421875,
        "mean": 0.124904513359,
        "median": 0.07861328125,
        "min": 0.01416015625,
        "var": 0.0186756066978
    },
    "barkbands": {
        "dmean": [3.89475389966e-05, 0.000510925601702, 0.000559467822313, 0.000954753020778, 0.00106811639853, 0.000880326901097, 0.000763732183259, 0.000803617818747, 0.000665797619149, 0.000796687614638, 0.000302715896396, 0.000338195939548, 0.000305764493532, 0.000325659231748, 0.000344315427355, 0.000223357696086, 0.000292083161185, 0.000214970496017, 0.000284212874249, 0.000193173269508, 0.00021626301168, 0.000110313711048, 9.52772679739e-05, 8.98816579138e-05, 4.06602521252e-05, 7.89956629887e-06, 7.8174009488e-09],
        "dmean2": [6.93476031302e-05, 0.000837994390167, 0.000892449868843, 0.00165003736038, 0.00178180180956, 0.00139632704668, 0.00122924812604, 0.00122057273984, 0.00102486799005, 0.00125580653548, 0.000454641936813, 0.000513695704285, 0.000483509007609, 0.000508400960825, 0.000541535962839, 0.000355416850653, 0.000462406664155, 0.000344386295183, 0.00045076906099, 0.00029823667137, 0.000332557712682, 0.000168181941262, 0.000143548604683, 0.000132318469696, 5.62931454624e-05, 1.15279726742e-05, 1.37607898409e-08],
        "dvar": [3.99059540968e-09, 1.27397959204e-06, 1.66933443779e-06, 3.90625064028e-06, 4.31004627899e-06, 6.58782573737e-06, 6.42855957267e-06, 7.52896812628e-06, 4.12248664361e-06, 4.46971534984e-06, 9.89664044937e-07, 1.26216332319e-06, 6.22630125235e-07, 7.62196009418e-07, 6.14472583038e-07, 3.31907301643e-07, 7.77018840381e-07, 3.17539814887e-07, 4.29817902159e-07, 2.1531781158e-07, 2.16142368004e-07, 8.89296956075e-08, 9.5749030038e-08, 1.72172889279e-07, 3.8132064617e-08, 8.05093269829e-10, 1.30225142888e-15],
        "dvar2": [1.21514869278e-08, 3.53180917045e-06, 4.09591621064e-06, 1.10675910037e-05, 1.136228002e-05, 1.68142050825e-05, 1.59666797117e-05, 1.76337307494e-05, 9.66586503637e-06, 1.04832506622e-05, 2.05734886549e-06, 2.35668858295e-06, 1.37926156185e-06, 1.66158804404e-06, 1.33223829835e-06, 7.50098422486e-07, 1.76837886556e-06, 7.65314212003e-07, 9.91320121102e-07, 4.60134430114e-07, 4.76326079024e-07, 1.92289192569e-07, 2.18223462412e-07, 3.48009791651e-07, 7.21926056713e-08, 1.74909331463e-09, 3.59872069685e-15],
        "max": [0.00100921629928, 0.0330192446709, 0.0328468680382, 0.0503391548991, 0.0396476723254, 0.101785771549, 0.062279291451, 0.11263359338, 0.0577967911959, 0.0456144176424, 0.0323011279106, 0.043152268976, 0.027587974444, 0.0286833718419, 0.0184153914452, 0.0146704409271, 0.031860191375, 0.0215303450823, 0.0309215895832, 0.0183007549495, 0.00963077135384, 0.00903275422752, 0.00933550111949, 0.0190206803381, 0.00605584774166, 0.00122977641877, 1.31090325795e-06],
        "mean": [4.22510238423e-05, 0.000796304026153, 0.000987226259895, 0.00123116781469, 0.00166807754431, 0.00144252774771, 0.00113437580876, 0.00135000073351, 0.0010878094472, 0.00127060117666, 0.000563340319786, 0.000629250134807, 0.000542877241969, 0.000500608701259, 0.000600958650466, 0.0003736060753, 0.000520993256941, 0.000401176133892, 0.000529925047886, 0.00038128515007, 0.000408768479247, 0.000186034929357, 0.000140488147736, 0.000149026382132, 6.31262446404e-05, 1.03361207948e-05, 1.27436523556e-08],
        "median": [2.19153134822e-05, 0.000356369419023, 0.000379655626602, 0.000444350123871, 0.000812876154669, 0.000554305617698, 0.000463813834358, 0.000307501701172, 0.00031477122684, 0.000308378715999, 9.641158249e-05, 0.000141138123581, 0.000152416090714, 0.000178006681381, 0.000223467141041, 0.000165030200151, 0.000193586805835, 0.000180182352779, 0.000231002122746, 0.000151876665768, 0.000147042766912, 4.97555702168e-05, 2.96770922432e-05, 2.89892086585e-05, 1.11780536827e-05, 1.60413799222e-06, 6.9488120813e-10],
        "min": [2.7568881653e-25, 2.07119434135e-24, 4.93577202888e-25, 2.17482788594e-25, 4.11261943872e-24, 2.0480817029e-24, 3.31896383691e-24, 3.56263350421e-24, 1.17903837203e-23, 1.04404107864e-23, 1.08008705218e-23, 1.68315575255e-23, 2.09766697505e-23, 2.41113000653e-23, 2.70966400314e-23, 3.95284410318e-23, 5.29672072004e-23, 7.56669952925e-23, 9.45642781839e-23, 1.32289537803e-22, 1.99855057817e-22, 2.83752510302e-22, 2.75240082667e-22, 5.05192077284e-22, 7.57804221311e-22, 1.1744517738e-21, 1.74893284916e-21],
        "var": [4.02057453996e-09, 2.10349048757e-06, 3.67669645129e-06, 5.42216594113e-06, 6.21954177404e-06, 9.83772133623e-06, 7.45713577999e-06, 1.34694237204e-05, 7.52300957174e-06, 7.98656765255e-06, 4.46472267868e-06, 4.42209011453e-06, 2.01186890081e-06, 1.47078981172e-06, 1.6281965145e-06, 6.05657987762e-07, 1.75273601144e-06, 5.98720760081e-07, 7.95590494818e-07, 4.79055302094e-07, 5.0355293979e-07, 1.51857449282e-07, 1.49893409684e-07, 3.22182444279e-07, 7.4728596644e-08, 1.29074406718e-09, 4.43711094342e-15]
    },
    "erbbands": {
        "dmean": [0.0121467495337, 0.131380736828, 0.561608791351, 1.82174909115, 3.99342179298, 3.44200515747, 5.08809280396, 7.82913827896, 10.5207967758, 11.2315711975, 19.1995487213, 13.1731100082, 21.0276851654, 22.600522995, 10.9283266068, 14.3515911102, 13.7264060974, 15.2634325027, 16.6600475311, 15.313659668, 11.7050857544, 13.2138719559, 10.2368764877, 12.4321975708, 13.4879617691, 10.0215520859, 10.7134170532, 5.85757064819, 4.4477596283, 2.86730575562, 2.62200093269, 2.29233050346, 1.28132236004, 0.500908732414, 0.285516709089, 0.0710425004363, 0.00774871557951, 0.000367328961147, 1.44360783452e-05, 7.60512511988e-06],
        "dmean2": [0.0196527838707, 0.214177370071, 0.893183350563, 3.09754014015, 6.76197242737, 5.83595657349, 8.30648517609, 12.3394451141, 16.8464393616, 17.806728363, 29.2322845459, 20.5611400604, 32.3738441467, 35.1321182251, 16.2130050659, 21.5453128815, 21.2762527466, 23.505033493, 26.2023658752, 23.690196991, 18.3693180084, 20.2281455994, 16.1257572174, 19.7561511993, 21.295583725, 15.3935976028, 16.4503860474, 9.00618553162, 6.79140233994, 4.42631578445, 3.94016981125, 3.37559986115, 1.91981375217, 0.724613666534, 0.397261738777, 0.100165307522, 0.011670736596, 0.000556975603104, 2.03962208616e-05, 1.1233616533e-05],
        "dvar": [0.000718097842764, 0.0882308706641, 1.72481250763, 12.7374782562, 69.3455963135, 55.7335205078, 304.551757812, 460.615203857, 1257.04406738, 1905.47851562, 4418.05566406, 1539.9699707, 4451.49804688, 4219.77490234, 920.506652832, 2318.44873047, 1230.50366211, 1720.87316895, 1489.02624512, 1300.3302002, 1178.19104004, 1597.70739746, 555.21307373, 1029.34753418, 1130.29785156, 623.832763672, 605.798950195, 151.15083313, 139.731964111, 114.255973816, 72.803565979, 95.0407180786, 33.7851524353, 5.54731035233, 2.17729234695, 0.0861068814993, 0.000568182847928, 1.26036229631e-06, 1.5733976344e-09, 1.44680448178e-10],
        "dvar2": [0.0018068322679, 0.244207814336, 4.27756404877, 34.5864143372, 188.340438843, 152.028808594, 820.338256836, 1052.69433594, 3123.29736328, 4780.07470703, 10653.6308594, 3510.00585938, 10274.984375, 9260.71484375, 1797.77941895, 4328.88476562, 2690.14575195, 3757.82202148, 3202.13232422, 2733.20849609, 2548.04956055, 3431.70678711, 1273.05651855, 2440.99951172, 2654.49365234, 1308.53491211, 1326.28393555, 336.156738281, 311.333068848, 268.238677979, 166.119247437, 199.380004883, 69.3230895996, 11.1272706985, 4.25408792496, 0.180296227336, 0.00123195140623, 2.82582277578e-06, 3.04702041376e-09, 3.03575914407e-10],
        "max": [0.880429089069, 7.41580629349, 29.176815033, 75.3666000366, 186.520385742, 160.596847534, 920.880981445, 441.243499756, 1027.08422852, 1361.09594727, 2976.94897461, 995.568908691, 1582.39709473, 1692.59020996, 1039.74816895, 1943.8828125, 1483.34387207, 1654.3840332, 925.807739258, 831.126647949, 1446.25061035, 1458.88684082, 665.38067627, 1529.98693848, 1656.27160645, 1006.78857422, 599.638916016, 273.95111084, 249.486419678, 452.405944824, 296.309844971, 437.970001221, 235.647949219, 93.0304031372, 56.4720535278, 11.8954467773, 0.903482019901, 0.0397730097175, 0.00154989410657, 0.00030384544516],
        "mean": [0.0179747994989, 0.206027403474, 1.02663600445, 2.71141505241, 5.25227499008, 5.2009305954, 7.96989774704, 12.4901313782, 15.9155054092, 17.614566803, 33.9437408447, 23.6468296051, 35.918132782, 38.6677360535, 23.7244434357, 27.266374588, 26.4519577026, 27.354133606, 30.2369842529, 27.066116333, 22.1817340851, 27.0713119507, 22.5734863281, 23.2427043915, 26.1183261871, 20.5982151031, 20.972038269, 10.8625135422, 7.22731161118, 4.72048139572, 3.89702916145, 3.69133496284, 2.04711699486, 0.800421953201, 0.414790153503, 0.0966842919588, 0.00984872225672, 0.000455597124528, 3.01106538245e-05, 2.42699916271e-05],
        "median": [0.00725568458438, 0.0909017771482, 0.437293171883, 1.20011758804, 2.16991043091, 2.28026723862, 3.18929386139, 4.43440961838, 7.19981145859, 6.83970737457, 7.98138809204, 8.56182384491, 9.30800247192, 10.9034376144, 6.48861789703, 7.5374622345, 8.47131156921, 10.4037075043, 12.2842588425, 10.8383436203, 10.5031166077, 10.6450653076, 9.93244361877, 11.2433023453, 10.9701099396, 7.96770811081, 6.95414733887, 4.18412923813, 2.0266327858, 1.15598988533, 0.823055386543, 0.681547284126, 0.391524612904, 0.157932251692, 0.0610322803259, 0.0144741851836, 0.00186218274757, 8.90142982826e-05, 1.65614474099e-05, 2.10979706026e-05],
        "min": [4.11651948815e-23, 3.92977837829e-22, 9.05350695052e-22, 2.51005392135e-21, 7.70256773139e-21, 1.08752270488e-20, 2.58002835246e-20, 2.40974401452e-20, 4.69210447652e-20, 8.9333935805e-20, 1.38447364623e-19, 3.34549786627e-19, 3.6443706293e-19, 3.84500354536e-19, 5.57162339137e-19, 9.81148392858e-19, 1.12631517824e-18, 1.36243253993e-18, 1.61659960296e-18, 2.16041419384e-18, 2.90963820354e-18, 3.49044699975e-18, 3.94001800832e-18, 3.74256255147e-18, 5.68523385677e-18, 6.63806692669e-18, 7.91023803516e-18, 8.35604371757e-18, 9.81368154068e-18, 8.40123011289e-18, 8.85515622738e-18, 9.22696977682e-18, 8.132832338e-18, 7.68340112296e-18, 5.25575341093e-18, 3.35481171317e-18, 1.87817065626e-18, 8.33595760095e-19, 2.28089780635e-19, 2.53042514225e-20],
        "var": [0.00117340765428, 0.143413737416, 3.65615916252, 20.8933601379, 81.3460693359, 80.3568954468, 334.239837646, 862.689819336, 1367.04699707, 2339.65649414, 8143.07958984, 2947.546875, 7879.12695312, 9478.10644531, 4998.14599609, 8115.10107422, 4647.62548828, 4519.08398438, 3878.60302734, 3121.52514648, 2339.28417969, 4908.03515625, 1881.52416992, 1620.84753418, 2190.94384766, 1512.18591309, 1418.31311035, 321.551544189, 223.987670898, 165.981536865, 114.745498657, 166.46812439, 63.0950737, 10.1495780945, 4.01811313629, 0.151136189699, 0.00092601851793, 1.94126891984e-06, 3.58107588028e-09, 4.56907622848e-10]
    },
    "gfcc": {
        "mean": [-129.872894287, 79.9374008179, -130.114990234, 35.9570884705, -62.9621696472, 9.9957113266, -36.0712471008, 8.50300312042, -23.1394290924, 1.36286389828, -12.8885717392, -7.74725055695, -5.66871833801],
        "cov": [[130011.71875, 9603.3203125, -16311.9990234, 4973.5625, -8300.72460938, 1381.59399414, -4555.703125, 1139.6887207, -3047.4296875, 103.26815033, -1664.37280273, -1061.95056152, -721.431396484], [9603.3203125, 1627.67077637, -1327.30212402, 324.810791016, -383.793182373, -32.4714851379, -280.261230469, 23.3313274384, -166.278381348, -30.1630725861, -81.0870666504, -156.088867188, -15.4765472412], [-16311.9990234, -1327.30212402, 2768.44726562, -397.53793335, 941.789978027, -71.3856124878, 434.359283447, -132.864822388, 356.009246826, -45.7286605835, 138.277404785, 143.763824463, 17.0709762573], [4973.5625, 324.810791016, -397.53793335, 558.129333496, -322.460418701, 80.059387207, -190.029022217, 35.1731338501, -107.599403381, -21.3419055939, -72.2113037109, -49.9453659058, -52.326625824], [-8300.72460938, -383.793182373, 941.789978027, -322.460418701, 760.879821777, -84.7809829712, 322.330963135, -82.4612884521, 184.956787109, 8.46782016754, 119.008338928, 43.1736068726, 69.9918212891], [1381.59399414, -32.4714851379, -71.3856124878, 80.059387207, -84.7809829712, 204.350723267, -22.8043174744, 27.7696266174, -58.1815490723, 3.64354276657, -27.6785068512, -1.74026739597, -5.48957395554], [-4555.703125, -280.261230469, 434.359283447, -190.029022217, 322.330963135, -22.8043174744, 318.517059326, -17.6716136932, 99.1735458374, 0.917602777481, 72.9778442383, 18.170955658, 46.4021720886], [1139.6887207, 23.3313274384, -132.864822388, 35.1731338501, -82.4612884521, 27.7696266174, -17.6716136932, 136.891799927, 12.1919651031, -4.44131374359, -4.23481988907, -1.57044613361, 0.563023805618], [-3047.4296875, -166.278381348, 356.009246826, -107.599403381, 184.956787109, -58.1815490723, 99.1735458374, 12.1919651031, 174.928237915, -2.11839032173, 44.6718978882, 30.2287998199, 8.58238601685], [103.26815033, -30.1630725861, -45.7286605835, -21.3419055939, 8.46782016754, 3.64354276657, 0.917602777481, -4.44131374359, -2.11839032173, 97.2958602905, 34.7391357422, 3.11342191696, 10.2315330505], [-1664.37280273, -81.0870666504, 138.277404785, -72.2113037109, 119.008338928, -27.6785068512, 72.9778442383, -4.23481988907, 44.6718978882, 34.7391357422, 116.394828796, 26.8217754364, 45.6510543823], [-1061.95056152, -156.088867188, 143.763824463, -49.9453659058, 43.1736068726, -1.74026739597, 18.170955658, -1.57044613361, 30.2287998199, 3.11342191696, 26.8217754364, 93.2965545654, 12.4714241028], [-721.431396484, -15.4765472412, 17.0709762573, -52.326625824, 69.9918212891, -5.48957395554, 46.4021720886, 0.563023805618, 8.58238601685, 10.2315330505, 45.6510543823, 12.4714241028, 91.5545501709]],
        "icov": [[0.000393747497583, -0.000757455884013, 0.000943571969401, -0.000718734459952, 0.00122804043349, -0.000843750080094, 0.00121909577865, -0.00110280700028, 0.0013545837719, -0.000830735778436, 0.000919875572436, -0.000182515126653, 0.000319449376548], [-0.000757455884013, 0.0027734010946, -0.00116705079563, 0.00101181806531, -0.00283929542638, 0.00193665572442, -0.00169317796826, 0.00240270979702, -0.00280752894469, 0.00234233378433, -0.00206518312916, 0.0016054934822, -0.000761340663303], [0.000943571969401, -0.00116705079563, 0.00336430501193, -0.00195125117898, 0.00197249650955, -0.00219235522673, 0.00310974265449, -0.00205387081951, 0.00235113897361, -0.00119555986021, 0.00197243620642, -0.000496329506859, 0.00128983438481], [-0.000718734459952, 0.00101181806531, -0.00195125117898, 0.00408726604655, -0.00148522935342, 0.000817209423985, -0.00159725185949, 0.00179996993393, -0.00210330635309, 0.00185372657143, -0.00189623609185, 0.000915178097785, 1.13108922051e-06], [0.00122804043349, -0.00283929542638, 0.00197249650955, -0.00148522935342, 0.00786306895316, -0.00242836400867, 0.00173400354106, -0.00231059943326, 0.00325348554179, -0.00302326516248, 0.00228780088946, -0.000263075489784, -0.000113336463983], [-0.000843750080094, 0.00193665572442, -0.00219235522673, 0.000817209423985, -0.00242836400867, 0.00800520088524, -0.00328693608753, 0.000911756651476, -0.000592604337726, 0.000998111325316, -0.000728920509573, -0.000100581994047, -0.00112747075036], [0.00121909577865, -0.00169317796826, 0.00310974265449, -0.00159725185949, 0.00173400354106, -0.00328693608753, 0.0103059830144, -0.00367725780234, 0.00326776597649, -0.00143843772821, 0.00127880286891, 0.00106182205491, 0.000176023459062], [-0.00110280700028, 0.00240270979702, -0.00205387081951, 0.00179996993393, -0.00231059943326, 0.000911756651476, -0.00367725780234, 0.0122072314844, -0.00689691212028, 0.00319745857269, -0.00310523225926, 0.000829747179523, -0.00153779308312], [0.0013545837719, -0.00280752894469, 0.00235113897361, -0.00210330635309, 0.00325348554179, -0.000592604337726, 0.00326776597649, -0.00689691212028, 0.015238805674, -0.00286493566819, 0.00201459601521, -0.00206397101283, 0.00259052123874], [-0.000830735778436, 0.00234233378433, -0.00119555986021, 0.00185372657143, -0.00302326516248, 0.000998111325316, -0.00143843772821, 0.00319745857269, -0.00286493566819, 0.0144701134413, -0.00693661766127, 0.00147244904656, 0.000122411598568], [0.000919875572436, -0.00206518312916, 0.00197243620642, -0.00189623609185, 0.00228780088946, -0.000728920509573, 0.00127880286891, -0.00310523225926, 0.00201459601521, -0.00693661766127, 0.0171543061733, -0.00316281267442, -0.00451025972143], [-0.000182515126653, 0.0016054934822, -0.000496329506859, 0.000915178097785, -0.000263075489784, -0.000100581994047, 0.00106182205491, 0.000829747179523, -0.00206397101283, 0.00147244904656, -0.00316281267442, 0.0142018739134, -0.00122794718482], [0.000319449376548, -0.000761340663303, 0.00128983438481, 1.13108922051e-06, -0.000113336463983, -0.00112747075036, 0.000176023459062, -0.00153779308312, 0.00259052123874, 0.000122411598568, -0.00451025972143, -0.00122794718482, 0.0151700442657]]
    },
    "melbands": {
        "dmean": [0.000122923316667, 0.000245837349212, 0.000386375148082, 0.000251912104432, 0.000166755635291, 0.000174580214662, 0.000160083916853, 0.000126728133182, 0.000150187319377, 8.7215914391e-05, 0.000106931889604, 9.63451311691e-05, 4.11830151279e-05, 4.12852969021e-05, 3.02003209072e-05, 3.17523044941e-05, 2.93985012831e-05, 2.74863232335e-05, 2.38376978814e-05, 1.62858414114e-05, 1.58142556757e-05, 1.4043770534e-05, 1.61815260071e-05, 9.9363614936e-06, 1.10016189865e-05, 1.16870887723e-05, 6.98795065546e-06, 7.19735362509e-06, 7.7778204286e-06, 5.26982103111e-06, 3.06864944832e-06, 2.846533107e-06, 1.95070060727e-06, 1.61060802384e-06, 1.53058124397e-06, 1.59917919973e-06, 1.44667512814e-06, 1.07939627014e-06, 5.45606724245e-07, 4.06088418003e-07],
        "dmean2": [0.000201683549676, 0.000391551147914, 0.000658384000417, 0.000424872559961, 0.000273486424703, 0.000276220875094, 0.000257062871242, 0.000197992820176, 0.000229458863032, 0.000135394482641, 0.00016450813564, 0.000150383479195, 6.09767594142e-05, 6.12687217654e-05, 4.65328375867e-05, 4.96472493978e-05, 4.52832427982e-05, 4.30494037573e-05, 3.68580404029e-05, 2.54054502875e-05, 2.47716470767e-05, 2.16119515244e-05, 2.62261964963e-05, 1.59956725838e-05, 1.75158929778e-05, 1.85222088476e-05, 1.09117090688e-05, 1.11369245133e-05, 1.20957583931e-05, 8.13165115687e-06, 4.87065972266e-06, 4.46234344054e-06, 3.09432971335e-06, 2.54073756878e-06, 2.38872689806e-06, 2.3867080472e-06, 2.18259128815e-06, 1.64065852459e-06, 8.24412381917e-07, 5.91079185597e-07],
        "dvar": [7.31794145281e-08, 3.09948319455e-07, 5.90203910633e-07, 2.53169304187e-07, 2.43126407895e-07, 2.28657484058e-07, 2.68747868404e-07, 2.16406121467e-07, 2.53042628628e-07, 7.06042229126e-08, 1.14524297601e-07, 7.45991854956e-08, 1.55204791241e-08, 2.09829895681e-08, 7.23612059161e-09, 6.23385920662e-09, 6.84096645998e-09, 4.41685621411e-09, 3.5165717005e-09, 1.41718325963e-09, 2.41314812577e-09, 1.91167526253e-09, 2.28450991457e-09, 7.54964701866e-10, 7.79618425373e-10, 6.57748133737e-10, 2.7126603741e-10, 3.58742924256e-10, 3.27178839576e-10, 1.46420833791e-10, 4.23802451466e-11, 5.56591925327e-11, 3.88975587851e-11, 4.20462102635e-11, 2.8373959432e-11, 2.45672770322e-11, 5.34885989667e-11, 2.65815928296e-11, 6.60498175251e-12, 4.00931111227e-12],
        "dvar2": [2.00011342599e-07, 7.86902603522e-07, 1.63197546499e-06, 6.8268417408e-07, 6.4832084945e-07, 5.38609981504e-07, 6.64924016291e-07, 5.29412375272e-07, 6.24001529559e-07, 1.61470111948e-07, 2.63447418547e-07, 1.66939699398e-07, 3.11907832895e-08, 3.78077587015e-08, 1.50655790065e-08, 1.3506626928e-08, 1.46144980562e-08, 9.52888168371e-09, 7.64379226581e-09, 2.96650304321e-09, 5.18394349669e-09, 4.22763690722e-09, 5.62422597383e-09, 1.91472460109e-09, 1.83872550519e-09, 1.51804313564e-09, 6.18950668496e-10, 7.7129186371e-10, 7.33818894538e-10, 3.09614445193e-10, 1.00960594052e-10, 1.28588792392e-10, 8.99281968336e-11, 1.02542550839e-10, 6.91493182159e-11, 5.14794144812e-11, 1.16550852303e-10, 5.57664227296e-11, 1.53991073365e-11, 7.99638480431e-12],
        "max": [0.00882698409259, 0.0113449366763, 0.0189701542258, 0.0107484981418, 0.0245001763105, 0.0118372552097, 0.0146010173485, 0.0129309780896, 0.0222715158015, 0.0067381686531, 0.00811982341111, 0.00700795510784, 0.00483151525259, 0.00604308396578, 0.00353832566179, 0.00319086271338, 0.00311657879502, 0.00190437119454, 0.00182615162339, 0.001106207259, 0.00241302419454, 0.00171486206818, 0.0011636056006, 0.00114252150524, 0.00123057863675, 0.000987475621514, 0.000774141110014, 0.000758450420108, 0.000411775807152, 0.000297177495668, 0.000117964904348, 0.000144399629789, 0.000214856729144, 0.000303661101498, 0.000195340660866, 0.000166496960446, 0.00033748295391, 0.000215078471228, 9.83680074569e-05, 7.3213072028e-05],
        "mean": [0.000190822975128, 0.000446407473646, 0.000567734299693, 0.000375427945983, 0.000266375573119, 0.000280387321254, 0.000246005161898, 0.000200056631002, 0.00026847270783, 0.000147392362123, 0.000177616151632, 0.000157761518494, 8.38396153995e-05, 7.57825546316e-05, 5.34838363819e-05, 5.83384498896e-05, 4.81590432173e-05, 4.59808688902e-05, 4.11752225773e-05, 2.70673644991e-05, 2.69057181868e-05, 2.57575702562e-05, 3.03283777612e-05, 1.72467280208e-05, 1.83606171049e-05, 2.10759662878e-05, 1.33428375193e-05, 1.35435229822e-05, 1.41879045259e-05, 9.34208856052e-06, 5.14825524078e-06, 4.34963476437e-06, 3.0538228657e-06, 2.45524643105e-06, 2.18883451453e-06, 2.26471024689e-06, 2.28430030802e-06, 1.62061962783e-06, 8.58526504999e-07, 6.00558450969e-07],
        "median": [8.62179585965e-05, 0.00020791105635, 0.000258600863162, 0.000170992469066, 0.000111912871944, 0.000101686353446, 0.000111411354737, 7.29731982574e-05, 6.09061753494e-05, 4.6679393563e-05, 4.16577604483e-05, 3.86508108932e-05, 1.74026281456e-05, 1.65051933436e-05, 1.68487495102e-05, 1.75656714418e-05, 1.61747102538e-05, 1.62746637216e-05, 1.53878336278e-05, 1.09558022814e-05, 1.1229150914e-05, 9.58787040872e-06, 9.16876706469e-06, 7.65824552218e-06, 8.22784659249e-06, 8.45864815346e-06, 5.86359828958e-06, 4.83961503051e-06, 4.14423539041e-06, 3.26873032463e-06, 1.77938431989e-06, 1.13444798444e-06, 7.48337299683e-07, 5.59441957648e-07, 4.59479338133e-07, 3.80795171395e-07, 4.05835436368e-07, 2.88467106202e-07, 1.75489191179e-07, 1.04192039885e-07],
        "min": [7.91655395674e-25, 6.00179378973e-25, 3.96948398012e-25, 8.29266755217e-25, 9.51816987096e-25, 4.62332000154e-25, 7.59082885163e-25, 1.0331469687e-24, 9.88423584365e-25, 1.87810426593e-24, 1.15925506187e-24, 1.35370927501e-24, 1.89665255518e-24, 1.37770149337e-24, 1.9855804506e-24, 2.01214455272e-24, 2.24954593126e-24, 1.75284932583e-24, 2.18812048801e-24, 2.33126541294e-24, 2.77220217414e-24, 3.19353278362e-24, 2.82807009231e-24, 2.60778640377e-24, 2.34049843819e-24, 2.86390390171e-24, 3.37960633571e-24, 3.2195498107e-24, 3.15255205124e-24, 3.8117482839e-24, 4.51870570563e-24, 4.71087616645e-24, 4.58859720411e-24, 3.72825366797e-24, 4.95639965687e-24, 4.60667829049e-24, 4.5629722409e-24, 4.49676748386e-24, 5.14977786373e-24, 5.20102542358e-24],
        "var": [1.16879412815e-07, 6.28121540558e-07, 8.61617650116e-07, 3.4364850876e-07, 2.93437295795e-07, 4.04955500244e-07, 3.04301124743e-07, 2.92204163088e-07, 4.87053512188e-07, 1.31154152427e-07, 2.00991564725e-07, 1.65059503843e-07, 9.39633082453e-08, 6.97128612615e-08, 1.9741991153e-08, 2.19594422646e-08, 1.64270925751e-08, 1.01059010049e-08, 8.24818702228e-09, 3.02780600592e-09, 4.37228653283e-09, 5.05085573366e-09, 6.52911591459e-09, 1.12145037701e-09, 1.16299525565e-09, 1.4252758973e-09, 5.67194735623e-10, 7.53069218096e-10, 7.31004035082e-10, 3.240903379e-10, 7.43276828974e-11, 8.42233574549e-11, 5.51961427953e-11, 5.61557952916e-11, 3.93125879072e-11, 4.12992244569e-11, 8.53944623347e-11, 4.5616534855e-11, 1.04976366141e-11, 6.91709840447e-12]
    },
    "mfcc": {
        "mean": [-689.139587402, 95.4494247437, -13.9783344269, 21.0580883026, -5.15456628799, -0.919900178909, -1.88968801498, -2.396941185, -1.92079591751, 3.79019761086, -3.89128661156, 0.0146697713062, -4.95639657974],
        "cov": [[28952.2597656, 4554.03125, -605.691772461, 1375.38415527, -512.325012207, -76.8817672729, -51.352935791, -83.8343582153, -123.987205505, 216.012969971, -250.780715942, -17.5104579926, -403.907470703], [4554.03125, 2012.18774414, -412.447570801, 276.837646484, 26.9321403503, -25.9813480377, 5.47489833832, -69.5094223022, -2.58677363396, 60.9335899353, -42.537311554, -11.6564750671, -25.8657207489], [-605.691772461, -412.447570801, 738.339599609, 54.4398422241, 93.8229293823, 49.95287323, -77.3996200562, 59.4627113342, -46.9481697083, -7.68359708786, -11.546289444, -22.1739940643, -44.9613075256], [1375.38415527, 276.837646484, 54.4398422241, 353.398254395, 30.4388828278, 25.1930465698, -16.8338165283, 1.6424189806, -21.5254535675, 16.5768108368, -14.8222074509, 3.25592494011, -21.4961071014], [-512.325012207, 26.9321403503, 93.8229293823, 30.4388828278, 201.141845703, 24.70952034, -3.24336528778, 4.58653402328, -2.16717982292, 7.97103691101, -12.4563121796, -1.4690977335, 6.72674608231], [-76.8817672729, -25.9813480377, 49.95287323, 25.1930465698, 24.70952034, 162.659851074, 32.89402771, 3.20321559906, -6.09178304672, -5.47787237167, 4.16993761063, -36.2553520203, 6.33659648895], [-51.352935791, 5.47489833832, -77.3996200562, -16.8338165283, -3.24336528778, 32.89402771, 175.748413086, -15.5619525909, 26.4088802338, 12.4411258698, -16.3423786163, 5.38550901413, 13.452671051], [-83.8343582153, -69.5094223022, 59.4627113342, 1.6424189806, 4.58653402328, 3.20321559906, -15.5619525909, 137.662017822, 28.2897186279, -9.50615787506, 23.3352622986, 1.99124848843, -21.8088817596], [-123.987205505, -2.58677363396, -46.9481697083, -21.5254535675, -2.16717982292, -6.09178304672, 26.4088802338, 28.2897186279, 83.8470077515, 19.1665229797, 8.49767303467, 4.07683038712, -0.400519520044], [216.012969971, 60.9335899353, -7.68359708786, 16.5768108368, 7.97103691101, -5.47787237167, 12.4411258698, -9.50615787506, 19.1665229797, 85.032043457, 4.81433963776, 2.72890925407, -1.38263225555], [-250.780715942, -42.537311554, -11.546289444, -14.8222074509, -12.4563121796, 4.16993761063, -16.3423786163, 23.3352622986, 8.49767303467, 4.81433963776, 87.3614654541, 20.2229003906, 3.36755347252], [-17.5104579926, -11.6564750671, -22.1739940643, 3.25592494011, -1.4690977335, -36.2553520203, 5.38550901413, 1.99124848843, 4.07683038712, 2.72890925407, 20.2229003906, 85.4113998413, 16.9436912537], [-403.907470703, -25.8657207489, -44.9613075256, -21.4961071014, 6.72674608231, 6.33659648895, 13.452671051, -21.8088817596, -0.400519520044, -1.38263225555, 3.36755347252, 16.9436912537, 79.7867050171]],
