{
"lowlevel": {
    "average_loudness": 0.850625872612,
    "barkbands_crest": {
        "dmean": 2.68692231178,
        "dmean2": 4.47648286819,
        "dvar": 5.66316223145,
        "dvar2": 14.5484724045,
        "max": 26.3766365051,
        "mean": 9.45067310333,
        "median": 8.44176387787,
        "min": 2.07743692398,
        "var": 18.9954872131
    },
    "barkbands_flatness_db": {
        "dmean": 0.0181403383613,
        "dmean2": 0.0288238711655,
        "dvar": 0.00027624409995,
        "dvar2": 0.000660794670694,
        "max": 0.354438900948,
        "mean": 0.109548285604,
        "median": 0.104004576802,
        "min": 0.0307736266404,
        "var": 0.00134908617474
    },
    "barkbands_kurtosis": {
        "dmean": 1.73844468594,
        "dmean2": 2.77092814445,
        "dvar": 9.22535228729,
        "dvar2": 21.9483833313,
        "max": 79.9915618896,
        "mean": 2.41479849815,
        "median": 0.789619445801,
        "min": -1.85506248474,
        "var": 30.0549755096
    },
    "barkbands_skewness": {
        "dmean": 0.423102796078,
        "dmean2": 0.659344136715,
        "dvar": 0.178885340691,
        "dvar2": 0.416348099709,
        "max": 8.15363502502,
        "mean": 1.1497451067,
        "median": 0.989331781864,
        "min": -2.98884105682,
        "var": 1.04955434799
    },
    "barkbands_spread": {
        "dmean": 5.84418821335,
        "dmean2": 9.2511882782,
        "dvar": 46.627784729,
        "dvar2": 103.94631958,
        "max": 122.302383423,
        "mean": 25.7498626709,
        "median": 23.7783107758,
        "min": 2.12315177917,
        "var": 172.411392212
    },
    "dissonance": {
        "dmean": 0.0180646013469,
        "dmean2": 0.030643671751,
        "dvar": 0.000299673702102,
        "dvar2": 0.000825350987725,
        "max": 0.499998629093,
        "mean": 0.464555025101,
        "median": 0.471003711224,
        "min": 0.286088228226,
        "var": 0.000716166221537
    },
    "dynamic_complexity": 3.99939894676,
    "erbbands_crest": {
        "dmean": 2.63322615623,
        "dmean2": 4.30472755432,
        "dvar": 6.04919242859,
        "dvar2": 15.1690530777,
        "max": 31.1530017853,
        "mean": 8.88849544525,
        "median": 7.7135014534,
        "min": 2.38648319244,
        "var": 19.9205474854
    },
    "erbbands_flatness_db": {
        "dmean": 0.0156982950866,
        "dmean2": 0.0233081039041,
        "dvar": 0.000208216908504,
        "dvar2": 0.000422733661253,
        "max": 0.31226631999,
        "mean": 0.147036373615,
        "median": 0.142698869109,
        "min": 0.0387668460608,
        "var": 0.00178031332325
    },
    "erbbands_kurtosis": {
        "dmean": 0.78080111742,
        "dmean2": 1.23692548275,
        "dvar": 1.34690821171,
        "dvar2": 3.12888908386,
        "max": 41.2461547852,
        "mean": 0.371547043324,
        "median": -0.18515086174,
        "min": -1.78025448322,
        "var": 4.29676771164
    },
    "erbbands_skewness": {
        "dmean": 0.336875140667,
        "dmean2": 0.52936822176,
        "dvar": 0.0928873196244,
        "dvar2": 0.216822713614,
        "max": 5.97345304489,
        "mean": 0.454681098461,
        "median": 0.415263354778,
        "min": -3.09862613678,
        "var": 0.522075772285
    },
    "erbbands_spread": {
        "dmean": 7.19473600388,
        "dmean2": 10.979722023,
        "dvar": 63.0256347656,
        "dvar2": 137.123825073,
        "max": 137.622650146,
        "mean": 37.6700439453,
        "median": 34.7558670044,
        "min": 3.56658172607,
        "var": 313.511169434
    },
    "hfc": {
        "dmean": 6.57038736343,
        "dmean2": 9.23246002197,
        "dvar": 99.1515045166,
        "dvar2": 180.380172729,
        "max": 205.595611572,
        "mean": 25.8808574677,
        "median": 19.7541313171,
        "min": 1.10793709446e-16,
        "var": 501.288330078
    },
    "melbands_crest": {
        "dmean": 3.35982227325,
        "dmean2": 5.55956125259,
        "dvar": 8.64752483368,
        "dvar2": 22.2938537598,
        "max": 39.4712638855,
        "mean": 12.8505554199,
        "median": 11.7486505508,
        "min": 1.93224918842,
        "var": 29.0974369049
    },
    "melbands_flatness_db": {
        "dmean": 0.0222025867552,
        "dmean2": 0.0349439159036,
        "dvar": 0.000448001926998,
        "dvar2": 0.00107318919618,
        "max": 0.393700480461,
        "mean": 0.155160650611,
        "median": 0.151310935616,
        "min": 0.00428721867502,
        "var": 0.00254778377712
    },
    "melbands_kurtosis": {
        "dmean": 4.50893449783,
        "dmean2": 7.16357898712,
        "dvar": 73.9986343384,
        "dvar2": 173.262954712,
        "max": 204.715255737,
        "mean": 9.05584812164,
        "median": 4.26270294189,
        "min": -1.7790261507,
        "var": 251.193740845
    },
    "melbands_skewness": {
        "dmean": 0.57146525383,
        "dmean2": 0.894495904446,
        "dvar": 0.375801503658,
        "dvar2": 0.857175529003,
        "max": 11.6802825928,
        "mean": 2.03013706207,
        "median": 1.71292042732,
        "min": -2.17263770103,
        "var": 2.21410417557
    },
    "melbands_spread": {
        "dmean": 7.5958442688,
        "dmean2": 12.0678052902,
        "dvar": 97.3553924561,
        "dvar2": 208.486816406,
        "max": 223.50994873,
        "mean": 29.1220588684,
        "median": 26.0649318695,
        "min": 1.67615818977,
        "var": 324.396240234
    },
    "pitch_salience": {
        "dmean": 0.0712895467877,
        "dmean2": 0.116557605565,
        "dvar": 0.00395113136619,
        "dvar2": 0.0100089693442,
        "max": 0.974807500839,
        "mean": 0.567768037319,
        "median": 0.572473466396,
        "min": 0.0250808596611,
        "var": 0.0119888549671
    },
    "silence_rate_20dB": {
        "dmean": 0,
        "dmean2": 0,
        "dvar": 0,
        "dvar2": 0,
        "max": 1,
        "mean": 1,
        "median": 1,
        "min": 1,
        "var": 0
    },
    "silence_rate_30dB": {
        "dmean": 0.000523971684743,
        "dmean2": 0.00104808073957,
        "dvar": 0.000523680995684,
        "dvar2": 0.00157095771283,
        "max": 1,
        "mean": 0.999738037586,
        "median": 1,
        "min": 0,
        "var": 0.000261899200268
    },
    "silence_rate_60dB": {
        "dmean": 0.0133612789214,
        "dmean2": 0.026726057753,
        "dvar": 0.0131805082783,
        "dvar2": 0.0309926792979,
        "max": 1,
        "mean": 0.105959400535,
        "median": 0,
        "min": 0,
        "var": 0.0947350934148
    },
    "spectral_centroid": {
        "dmean": 247.380233765,
        "dmean2": 393.157226562,
        "dvar": 81311.375,
        "dvar2": 189326.171875,
        "max": 11306.8740234,
        "mean": 1594.62792969,
        "median": 1523.35449219,
        "min": 302.954223633,
        "var": 376582.6875
    },
    "spectral_complexity": {
        "dmean": 3.15247583389,
        "dmean2": 4.96397209167,
        "dvar": 11.7518024445,
        "dvar2": 27.2487678528,
        "max": 54,
        "mean": 20.6501636505,
        "median": 21,
        "min": 0,
        "var": 121.197753906
    },
    "spectral_decrease": {
        "dmean": 1.76068870594e-09,
        "dmean2": 2.67931477005e-09,
        "dvar": 5.29232844248e-18,
        "dvar2": 1.18096964829e-17,
        "max": 2.93464959538e-29,
        "mean": -5.78245984428e-09,
        "median": -4.97043295411e-09,
        "min": -3.30637774937e-08,
        "var": 1.975678376e-17
    },
    "spectral_energy": {
        "dmean": 0.00704998383299,
        "dmean2": 0.01065527834,
        "dvar": 8.24332018965e-05,
        "dvar2": 0.000181057999725,
        "max": 0.133101046085,
        "mean": 0.0241718608886,
        "median": 0.0210249237716,
        "min": 9.93855163381e-21,
        "var": 0.000334725074936
    },
    "spectral_energyband_high": {
        "dmean": 0.000438884017058,
        "dmean2": 0.000621036393568,
        "dvar": 9.18854652809e-07,
        "dvar2": 1.71082103861e-06,
        "max": 0.0239440351725,
        "mean": 0.00119079020806,
        "median": 0.000626402907073,
        "min": 7.15274869461e-21,
        "var": 2.64656682702e-06
    },
    "spectral_energyband_low": {
        "dmean": 0.00329200620763,
        "dmean2": 0.00525499600917,
        "dvar": 3.63714862033e-05,
        "dvar2": 8.81792511791e-05,
        "max": 0.0728001147509,
        "mean": 0.00530506158248,
        "median": 0.00280967867002,
        "min": 6.0723874533e-23,
        "var": 5.79787265451e-05
    },
    "spectral_energyband_middle_high": {
        "dmean": 0.00205855630338,
        "dmean2": 0.00305707496591,
        "dvar": 8.39129734231e-06,
        "dvar2": 1.76925896085e-05,
        "max": 0.0664286464453,
        "mean": 0.00711924443021,
        "median": 0.00502678379416,
        "min": 1.45789956922e-21,
        "var": 5.0717171689e-05
    },
    "spectral_energyband_middle_low": {
        "dmean": 0.00443286728114,
        "dmean2": 0.00705428794026,
        "dvar": 3.96948453272e-05,
        "dvar2": 9.68259118963e-05,
        "max": 0.104802697897,
        "mean": 0.0111928870901,
        "median": 0.00861801765859,
        "min": 2.6301084537e-22,
        "var": 0.000105780360173
    },
    "spectral_entropy": {
        "dmean": 0.133721619844,
        "dmean2": 0.202862501144,
        "dvar": 0.0188256707042,
        "dvar2": 0.0393085293472,
        "max": 9.80006217957,
        "mean": 7.74006128311,
        "median": 7.76446342468,
        "min": 6.40005493164,
        "var": 0.112500615418
    },
    "spectral_flux": {
        "dmean": 0.0189089924097,
        "dmean2": 0.0295900646597,
        "dvar": 0.000422956887633,
        "dvar2": 0.000951491761953,
        "max": 0.274582237005,
        "mean": 0.0806539878249,
        "median": 0.0781295970082,
        "min": 6.82330650315e-11,
        "var": 0.00185997528024
    },
    "spectral_kurtosis": {
        "dmean": 0.86722099781,
        "dmean2": 1.43268322945,
        "dvar": 0.745863676071,
        "dvar2": 1.93997240067,
        "max": 17.1631278992,
        "mean": 3.71988534927,
        "median": 3.45781373978,
        "min": -1.18929731846,
        "var": 3.29528260231
    },
    "spectral_rms": {
        "dmean": 0.000662795966491,
        "dmean2": 0.000984624144621,
        "dvar": 4.9581018402e-07,
        "dvar2": 1.01285957044e-06,
        "max": 0.0113953799009,
        "mean": 0.00443280581385,
        "median": 0.00452903099358,
        "min": 3.11386376753e-12,
        "var": 3.93247455577e-06
    },
    "spectral_rolloff": {
        "dmean": 541.361450195,
        "dmean2": 894.99609375,
        "dvar": 855047.5625,
        "dvar2": 1775512.125,
        "max": 19143.0175781,
        "mean": 1890.3638916,
        "median": 1614.99023438,
        "min": 21.533203125,
        "var": 2197378
    },
    "spectral_skewness": {
        "dmean": 0.144353404641,
        "dmean2": 0.229404315352,
        "dvar": 0.0195228215307,
        "dvar2": 0.0456618480384,
        "max": 3.4965441227,
        "mean": 1.51025128365,
        "median": 1.4945448637,
        "min": -0.0607825927436,
        "var": 0.115612268448
    },
    "spectral_spread": {
        "dmean": 510440.0625,
        "dmean2": 735492.4375,
        "dvar": 515917152256,
        "dvar2": 871982497792,
        "max": 40926188,
        "mean": 5170208.5,
        "median": 4899037.5,
        "min": 2544400,
        "var": 2.29445677875e+12
    },
    "spectral_strongpeak": {
        "dmean": 0.663121044636,
        "dmean2": 1.10716211796,
        "dvar": 0.917062401772,
        "dvar2": 2.29323863983,
        "max": 16.9443130493,
        "mean": 1.20390379429,
        "median": 0.659028291702,
        "min": 0,
        "var": 1.96565997601
    },
    "zerocrossingrate": {
        "dmean": 0.0108305821195,
        "dmean2": 0.0130361430347,
        "dvar": 0.000206187018193,
        "dvar2": 0.000239782384597,
        "max": 0.529296875,
        "mean": 0.0765811726451,
        "median": 0.07080078125,
        "min": 0,
        "var": 0.00128767138813
    },
    "barkbands": {
        "dmean": [0.000147938320879, 0.00280027743429, 0.00072819693014, 0.000450949708465, 0.00138881860767, 0.000911331677344, 0.000831977813505, 0.0015166917583, 0.00134182895999, 0.000789260491729, 0.000570590840653, 0.000467390549602, 0.000531797122676, 0.000386577943573, 0.000383918930311, 0.000210302197956, 0.000220787216676, 0.000216161060962, 0.000224592498853, 0.000117032301205, 0.000101843492303, 0.000108088417619, 8.1236990809e-05, 8.45565227792e-05, 7.64694341342e-05, 7.64955984778e-05, 6.71225848237e-08],
        "dmean2": [0.000236459833104, 0.0045879194513, 0.00121857202612, 0.000758741807658, 0.00230155559257, 0.00144244323019, 0.0013384957565, 0.00243222806603, 0.00214831158519, 0.0012615842279, 0.00087182369316, 0.000748919090256, 0.00087473547319, 0.000622900086455, 0.000623096711934, 0.00033384753624, 0.00035763651249, 0.000351118680555, 0.000355402182322, 0.00019047029491, 0.000164861965459, 0.000171814011992, 0.000124859376228, 0.000125851365738, 0.000109227919893, 0.000107682019006, 1.14427443521e-07],
        "dvar": [5.67685667363e-08, 2.96765501844e-05, 2.31630406233e-06, 1.00148417914e-06, 6.16479337623e-06, 3.4708154999e-06, 4.12790359405e-06, 1.24424914247e-05, 1.42080689329e-05, 3.74877072318e-06, 1.95403185899e-06, 1.17208992378e-06, 1.40709096286e-06, 5.92987987602e-07, 5.28188195403e-07, 1.69873743516e-07, 1.48582088855e-07, 1.83047006885e-07, 1.90509567233e-07, 6.80938185837e-08, 5.41498046402e-08, 4.10453822042e-08, 5.61125439447e-08, 6.65998953764e-08, 6.76570479641e-08, 7.02981068912e-08, 4.07332011816e-14],
        "dvar2": [1.27247574255e-07, 7.42565825931e-05, 5.80356254432e-06, 2.65829930868e-06, 1.63063850778e-05, 7.64417382015e-06, 9.60902889346e-06, 3.11934163619e-05, 3.56756791007e-05, 9.34122363105e-06, 4.18721811002e-06, 2.78521292785e-06, 3.6437450035e-06, 1.39987128023e-06, 1.33647415623e-06, 3.79931947236e-07, 3.67793745681e-07, 4.28148979381e-07, 4.42820436319e-07, 1.58011829399e-07, 1.38718448284e-07, 1.01885291315e-07, 1.25655319039e-07, 1.26143973489e-07, 1.37080050422e-07, 1.43307758549e-07, 1.073073176e-13],
        "max": [0.00333292782307, 0.0648594498634, 0.0232175979763, 0.0213020537049, 0.0315244272351, 0.0717359930277, 0.0616440474987, 0.0802245885134, 0.0991600900888, 0.0449424833059, 0.0586946718395, 0.021475546062, 0.0180768109858, 0.017832685262, 0.0119245294482, 0.00934539642185, 0.0100792376325, 0.0205254890025, 0.0130017241463, 0.017144439742, 0.00655044987798, 0.00345438485965, 0.010372934863, 0.0118501391262, 0.00820647459477, 0.00987525470555, 5.26821213498e-06],
        "mean": [0.000209101141081, 0.00398680893704, 0.000853854871821, 0.00059125124244, 0.0022102619987, 0.00162897771224, 0.00137335422914, 0.00249624392018, 0.00226001744159, 0.00139209197368, 0.000953147246037, 0.000796131731477, 0.000852223776747, 0.000700740492903, 0.000710431020707, 0.000434096698882, 0.000449424202088, 0.000461946823634, 0.000486841396196, 0.000260459055426, 0.000227275770158, 0.000244118316914, 0.000174988701474, 0.000172151951119, 0.00013784962357, 0.000108018713945, 6.82125431695e-08],
        "median": [7.0054702519e-05, 0.00171901856083, 0.00033034090302, 0.000208275450859, 0.00119898433331, 0.000693912734278, 0.00049015408149, 0.000637581048068, 0.000509265868459, 0.000315304088872, 0.000292753218673, 0.000293068442261, 0.000284341222141, 0.000264637492364, 0.000273601326626, 0.000181683542905, 0.000221095717279, 0.000250993616646, 0.000244496419327, 0.000142741890159, 0.000113482994493, 0.000116077222629, 7.93477447587e-05, 6.60411460558e-05, 4.82593568449e-05, 2.6233801691e-05, 2.59697401361e-08],
        "min": [8.73950104864e-25, 1.84769494021e-23, 1.60528776591e-23, 8.30689623632e-24, 4.63647948334e-23, 1.58387871204e-23, 8.46202888877e-23, 3.44424938482e-23, 4.4759951985e-23, 6.18487901839e-23, 6.76618430856e-23, 5.64390219096e-23, 7.83081016032e-23, 5.88297374581e-23, 8.88620697057e-23, 1.43979724356e-22, 1.43618375574e-22, 2.20311230831e-22, 2.34878096493e-22, 2.73840378364e-22, 4.17305399378e-22, 5.80736376307e-22, 4.2707061386e-22, 6.86515479773e-22, 1.07691322495e-21, 1.60863445466e-21, 2.09460205479e-21],
        "var": [1.22705586136e-07, 4.09021413361e-05, 2.58970749201e-06, 1.34842525767e-06, 9.27775090531e-06, 8.22093352326e-06, 8.44550595502e-06, 2.62347966782e-05, 2.83500648948e-05, 1.02832564153e-05, 4.53862094218e-06, 2.37999188357e-06, 2.63066544903e-06, 1.44623356846e-06, 1.34183289902e-06, 5.09949870775e-07, 3.88446125044e-07, 6.24130223059e-07, 5.5217026329e-07, 1.68043868598e-07, 1.32272560904e-07, 1.10520090857e-07, 1.11487615584e-07, 1.41329152825e-07, 1.11572617811e-07, 9.83882841865e-08, 3.66751171533e-14]
    },
    "erbbands": {
        "dmean": [0.0793847665191, 0.659809648991, 1.03452599049, 1.04081964493, 2.79648399353, 5.14651632309, 7.27835702896, 8.03697109222, 8.70544433594, 21.6873645782, 33.2714233398, 29.3380680084, 27.63073349, 19.8860321045, 20.3175601959, 17.1279144287, 21.1162395477, 18.9265193939, 19.4006595612, 13.8483333588, 10.6746664047, 11.4890518188, 12.0592546463, 12.1159496307, 8.63304519653, 5.21167421341, 4.49125003815, 3.68572258949, 3.99929094315, 3.10566282272, 2.37621593475, 2.05641818047, 1.23648011684, 0.737057447433, 0.636894524097, 0.402284801006, 0.131521344185, 0.0115456525236, 0.000210218582652, 1.62754258781e-05],
        "dmean2": [0.12638746202, 1.09093844891, 1.71473789215, 1.73959994316, 4.70598220825, 8.62215042114, 11.8343048096, 12.6281919479, 13.9631471634, 34.7832489014, 52.4304084778, 46.8846664429, 44.3704833984, 30.394405365, 31.6729736328, 27.5264320374, 34.1356964111, 30.3337364197, 31.1114521027, 22.2214508057, 16.5324039459, 18.273399353, 19.4356956482, 19.5101966858, 13.5370063782, 8.48411273956, 7.24315786362, 6.0045838356, 6.35772418976, 4.86192941666, 3.68187570572, 3.10833001137, 1.83407950401, 1.0684312582, 0.922767043114, 0.570819497108, 0.186075985432, 0.0167711991817, 0.000298415310681, 2.2473412173e-05],
        "dvar": [0.0187737923115, 2.00853037834, 4.96783494949, 4.64715003967, 35.4081878662, 90.1940765381, 214.882034302, 379.669799805, 369.855712891, 2654.68676758, 5425.25537109, 7435.17138672, 4949.13330078, 2512.82348633, 2036.94287109, 1654.69226074, 2069.93994141, 1396.74182129, 1291.1583252, 661.594177246, 402.275054932, 422.205810547, 469.022064209, 672.840209961, 261.500579834, 204.987945557, 105.367652893, 56.9957046509, 54.996673584, 45.1558151245, 57.7112998962, 44.1505622864, 14.0117902756, 4.3765540123, 6.74603462219, 2.78269791603, 0.170259356499, 0.00124579737894, 3.89809912349e-07, 1.08285247435e-09],
        "dvar2": [0.0439518690109, 5.04847335815, 12.2546777725, 12.3054418564, 95.7353134155, 242.438812256, 546.038269043, 784.028381348, 944.106628418, 6453.30810547, 12918.8242188, 18617.375, 13207.1689453, 5221.20361328, 4729.66064453, 4179.70410156, 5071.59863281, 3248.1472168, 3119.8059082, 1610.72924805, 878.377685547, 1049.07373047, 1219.84814453, 1649.70605469, 588.721130371, 481.373809814, 260.76574707, 152.387588501, 135.517822266, 107.714698792, 133.562438965, 86.8178710938, 28.277256012, 8.90630340576, 14.0076913834, 5.78456401825, 0.353874504566, 0.00268354336731, 8.08155391496e-07, 1.9462689238e-09],
        "max": [1.94670665264, 16.2564811707, 25.4791259766, 40.360622406, 89.6733016968, 160.555267334, 303.808990479, 913.685424805, 534.817260742, 1566.28955078, 1204.79406738, 3090.60009766, 1722.67883301, 1623.23303223, 943.691894531, 910.406494141, 781.332092285, 1021.87237549, 629.864501953, 832.791931152, 410.941314697, 705.282104492, 595.816040039, 983.184265137, 435.48638916, 1030.31359863, 281.115356445, 171.511947632, 145.105361938, 235.34034729, 316.257751465, 340.286804199, 128.202163696, 68.8311538696, 92.4472122192, 72.1369171143, 12.4678249359, 0.792876243591, 0.0155973974615, 0.000871472293511],
        "mean": [0.123209394515, 0.836025714874, 1.25330364704, 1.45722305775, 3.82968783379, 7.78473806381, 12.1236553192, 14.431350708, 15.913025856, 36.2735481262, 55.7884635925, 51.2659492493, 49.6268081665, 36.2202644348, 38.4777908325, 31.4599895477, 36.6380767822, 36.6459083557, 38.7990837097, 29.9704818726, 24.4253425598, 25.5649414062, 27.2963371277, 25.8323516846, 20.3372497559, 11.9662780762, 10.1436090469, 8.24738788605, 8.86833667755, 7.04952812195, 4.99241495132, 4.00576305389, 2.46941375732, 1.42018032074, 1.04571783543, 0.593426525593, 0.177337452769, 0.0146577470005, 0.000294212077279, 4.50996521977e-05],
        "median": [0.0485174171627, 0.318637609482, 0.507560193539, 0.623622477055, 1.68468689919, 4.01384496689, 5.61010932922, 5.46973991394, 6.76333045959, 12.44830513, 16.489282608, 13.9210033417, 12.7542705536, 12.7044372559, 13.555519104, 12.2309303284, 14.4341268539, 15.5370321274, 17.29712677, 14.0888004303, 11.5983285904, 13.6007699966, 15.5633687973, 13.8214416504, 10.4487285614, 6.56317949295, 4.87215614319, 4.45612764359, 4.30026245117, 3.26478505135, 2.23337388039, 1.53295755386, 0.890288412571, 0.528697609901, 0.32596835494, 0.158588320017, 0.0389802455902, 0.00261071580462, 7.53189306124e-05, 3.32783383783e-05],
        "min": [2.27335576497e-22, 6.11938644813e-21, 2.01039914779e-20, 2.62476832228e-20, 8.60357017465e-20, 1.73802291849e-19, 8.74219853673e-20, 1.71926453015e-19, 6.31992974758e-19, 6.91246920565e-19, 7.15258629579e-19, 1.04969219733e-18, 1.06486734265e-18, 2.22827877963e-18, 3.15655161639e-18, 2.17762720201e-18, 2.99832747484e-18, 4.14064983871e-18, 3.71636615506e-18, 5.62751360722e-18, 1.09094328089e-17, 1.00250328046e-17, 1.18305042112e-17, 1.02184036436e-17, 1.18503275946e-17, 1.17766406913e-17, 1.40525479102e-17, 1.8887741191e-17, 1.79233511672e-17, 1.57873739566e-17, 1.22014889257e-17, 1.12709099094e-17, 1.35497072974e-17, 9.35323641578e-18, 6.79673505742e-18, 6.29490691366e-18, 2.98246545942e-18, 1.06367578898e-18, 2.50567147161e-19, 3.29300795728e-20],
        "var": [0.0368512682617, 2.26789593697, 5.35473632812, 6.1861410141, 39.6677970886, 128.059707642, 405.408813477, 935.404296875, 818.391662598, 5341.93212891, 11054.2558594, 15817.0380859, 12289.8046875, 6009.61181641, 5728.39306641, 3433.40722656, 4384.38574219, 3507.24829102, 3368.10913086, 1966.72705078, 1304.4588623, 1166.94946289, 1479.73657227, 1933.2244873, 913.45300293, 452.985656738, 272.587799072, 132.699386597, 146.978363037, 111.256973267, 102.857978821, 83.8677902222, 28.6078891754, 8.10176467896, 9.95135784149, 3.77893948555, 0.233584821224, 0.00160941062495, 5.42415591553e-07, 2.46078468713e-09]
    },
    "gfcc": {
        "mean": [9.84150123596, 67.3370895386, -124.353477478, 25.5284080505, -65.4183425903, 17.5181427002, -39.7295646667, 18.1282329559, -23.6794948578, 11.5413913727, -16.8233222961, 7.22841501236, -13.2106628418],
        "cov": [[8939.33398438, 184.530715942, -101.166625977, 249.108032227, -28.9785900116, 261.243591309, -176.397277832, 254.754806519, 58.9004592896, -60.8951377869, -91.8456115723, 33.6038513184, -78.258605957], [184.530715942, 746.869689941, 127.009002686, 48.3587188721, 84.3257369995, -71.5626373291, 7.19178724289, -44.6695785522, 52.9207344055, -19.7619438171, 64.8438415527, -16.813835144, -3.35119986534], [-101.166625977, 127.009002686, 932.538879395, 272.78515625, 111.712966919, 11.5145845413, -63.1756057739, -46.5843238831, -31.1574554443, 33.7207260132, -43.0502738953, 62.6277885437, -30.3922080994], [249.108032227, 48.3587188721, 272.78515625, 405.056945801, 99.8181610107, 10.3717136383, -36.4925956726, -55.7571144104, -15.0291795731, -16.8881855011, -18.1721076965, 1.46202802658, 19.2293052673], [-28.9785900116, 84.3257369995, 111.712966919, 99.8181610107, 252.82069397, 83.3394470215, 28.1556720734, 40.7301063538, 21.9665470123, 11.8467617035, -3.21459031105, 4.7640786171, -8.87936401367], [261.243591309, -71.5626373291, 11.5145845413, 10.3717136383, 83.3394470215, 206.333145142, 80.3553314209, 55.282989502, 8.00720596313, -8.48347091675, 2.67145013809, -12.7882604599, -23.7728729248], [-176.397277832, 7.19178724289, -63.1756057739, -36.4925956726, 28.1556720734, 80.3553314209, 156.999099731, 48.3640632629, -11.6203317642, 1.69859421253, 11.3059234619, -13.7557220459, -3.83679699898], [254.754806519, -44.6695785522, -46.5843238831, -55.7571144104, 40.7301063538, 55.282989502, 48.3640632629, 132.749679565, 52.6931037903, -1.61565744877, -9.07712459564, -3.43621253967, -6.23150205612], [58.9004592896, 52.9207344055, -31.1574554443, -15.0291795731, 21.9665470123, 8.00720596313, -11.6203317642, 52.6931037903, 121.552444458, 33.5542068481, 7.8809056282, -4.30366849899, -8.24733638763], [-60.8951377869, -19.7619438171, 33.7207260132, -16.8881855011, 11.8467617035, -8.48347091675, 1.69859421253, -1.61565744877, 33.5542068481, 94.0384521484, 26.7340621948, 10.1166143417, -8.42469406128], [-91.8456115723, 64.8438415527, -43.0502738953, -18.1721076965, -3.21459031105, 2.67145013809, 11.3059234619, -9.07712459564, 7.8809056282, 26.7340621948, 89.4667205811, 19.7065353394, -6.08657979965], [33.6038513184, -16.813835144, 62.6277885437, 1.46202802658, 4.7640786171, -12.7882604599, -13.7557220459, -3.43621253967, -4.30366849899, 10.1166143417, 19.7065353394, 78.9330825806, 27.9688682556], [-78.258605957, -3.35119986534, -30.3922080994, 19.2293052673, -8.87936401367, -23.7728729248, -3.83679699898, -6.23150205612, -8.24733638763, -8.42469406128, -6.08657979965, 27.9688682556, 80.8552093506]],
        "icov": [[0.000209635516512, -0.000414156354964, 0.000307585723931, -0.000454823253676, 0.000520856759977, -0.000702949240804, 0.000813289021607, -0.00102451548446, 0.000716561102308, -0.000643182022031, 0.000724387238733, -0.000706545659341, 0.000524682924151], [-0.000414156354964, 0.00325241894461, -0.00144259794615, 0.0015311287716, -0.00245092622936, 0.00313951307908, -0.00299799232744, 0.00390166183934, -0.00398392416537, 0.0040453155525, -0.00426938384771, 0.0032545553986, -0.0017921339022], [0.000307585723931, -0.00144259794615, 0.00252072373405, -0.00202677585185, 0.00102675438393, -0.00174667465035, 0.00204516551457, -0.00217545125633, 0.00259455526248, -0.00299067539163, 0.00345636112615, -0.00378544046544, 0.00271867704578], [-0.000454823253676, 0.0015311287716, -0.00202677585185, 0.00514116184786, -0.00294535025023, 0.00175603188109, -0.00182640179992, 0.00464968662709, -0.00298146810383, 0.0034834088292, -0.00276598264463, 0.00363061763346, -0.00330200069584], [0.000520856759977, -0.00245092622936, 0.00102675438393, -0.00294535025023, 0.00766514614224, -0.00449142884463, 0.00271307118237, -0.00518165947869, 0.00306298350915, -0.00415326701477, 0.00360290030949, -0.00337658124045, 0.00205846643075], [-0.000702949240804, 0.00313951307908, -0.00174667465035, 0.00175603188109, -0.00449142884463, 0.0110379019752, -0.00679641822353, 0.00330873974599, -0.00431885616854, 0.00535777164623, -0.00487275607884, 0.00381493172608, -0.000508550088853], [0.000813289021607, -0.00299799232744, 0.00204516551457, -0.00182640179992, 0.00271307118237, -0.00679641822353, 0.0137142408639, -0.00848860293627, 0.00756960036233, -0.00572481192648, 0.00284698721953, -0.00179856992327, 0.00117433525156], [-0.00102451548446, 0.00390166183934, -0.00217545125633, 0.00464968662709, -0.00518165947869, 0.00330873974599, -0.00848860293627, 0.0198302902281, -0.0118889352307, 0.00778862647712, -0.00342880887911, 0.00343834795058, -0.0030727609992], [0.000716561102308, -0.00398392416537, 0.00259455526248, -0.00298146810383, 0.00306298350915, -0.00431885616854, 0.00756960036233, -0.0118889352307, 0.0181031152606, -0.0101380962878, 0.00467676389962, -0.00317050982267, 0.0029611941427], [-0.000643182022031, 0.0040453155525, -0.00299067539163, 0.0034834088292, -0.00415326701477, 0.00535777164623, -0.00572481192648, 0.00778862647712, -0.0101380962878, 0.0196199044585, -0.00905468594283, 0.00378472846933, -0.00194026716053], [0.000724387238733, -0.00426938384771, 0.00345636112615, -0.00276598264463, 0.00360290030949, -0.00487275607884, 0.00284698721953, -0.00342880887911, 0.00467676389962, -0.00905468594283, 0.020689766854, -0.0104526709765, 0.00602177949622], [-0.000706545659341, 0.0032545553986, -0.00378544046544, 0.00363061763346, -0.00337658124045, 0.00381493172608, -0.00179856992327, 0.00343834795058, -0.00317050982267, 0.00378472846933, -0.0104526709765, 0.0229507181793, -0.010559655726], [0.000524682924151, -0.0017921339022, 0.00271867704578, -0.00330200069584, 0.00205846643075, -0.000508550088853, 0.00117433525156, -0.0030727609992, 0.0029611941427, -0.00194026716053, 0.00602177949622, -0.010559655726, 0.0187098924071]]
    },
    "melbands": {
        "dmean": [0.000732277694624, 0.00065206940053, 0.00021209755505, 0.000290154508548, 0.000247711024713, 0.000173318432644, 0.000144001242006, 0.000263944937615, 0.00027811829932, 0.000185655400855, 0.000140207383083, 8.38197374833e-05, 7.00891396264e-05, 5.35944600415e-05, 4.54401997558e-05, 5.66997805436e-05, 3.59642435797e-05, 3.39805010299e-05, 3.05962785205e-05, 1.63199529197e-05, 1.30101107061e-05, 1.3582448446e-05, 1.17506961033e-05, 1.06309980765e-05, 1.10218943519e-05, 7.87914450484e-06, 4.96065786137e-06, 3.68956034436e-06, 2.98147074318e-06, 3.03461047224e-06, 2.16099533645e-06, 2.47617890636e-06, 2.2197502858e-06, 1.6859257812e-06, 1.50218568251e-06, 1.36763731007e-06, 1.30724481551e-06, 9.71419240159e-07, 7.71055340465e-07, 5.99142765623e-07],
        "dmean2": [0.00118390214629, 0.00106522790156, 0.000352094240952, 0.000485019758344, 0.000400961638661, 0.000272820994724, 0.000230543169891, 0.000423166144174, 0.0004377081641, 0.000296110782074, 0.000225337789743, 0.000128902407596, 0.000107106883661, 8.51523946039e-05, 7.28200175217e-05, 9.23280822462e-05, 5.75096164539e-05, 5.39091524843e-05, 4.9594869779e-05, 2.652510193e-05, 2.02928476938e-05, 2.18712903006e-05, 1.90252285392e-05, 1.73051321326e-05, 1.78900208994e-05, 1.24024800243e-05, 7.96705080575e-06, 6.08671234659e-06, 4.80879862153e-06, 4.96611846756e-06, 3.57744102075e-06, 3.99757527703e-06, 3.54570329364e-06, 2.64611662715e-06, 2.38675329456e-06, 2.11859423871e-06, 1.99061332751e-06, 1.47216599089e-06, 1.1577544683e-06, 8.88828537882e-07],
        "dvar": [1.73098635514e-06, 2.0290399334e-06, 1.86895249499e-07, 3.15170240128e-07, 2.30668632639e-07, 1.55404435986e-07, 1.03405582763e-07, 3.82623341011e-07, 3.81172043262e-07, 3.03504862131e-07, 1.27307401954e-07, 4.40509353439e-08, 2.68294542138e-08, 1.49430636753e-08, 1.36959954489e-08, 1.68081513152e-08, 5.47506395776e-09, 4.07056566232e-09, 3.73122599484e-09, 1.11732878505e-09, 6.04180483421e-10, 5.72270231203e-10, 3.93776677932e-10, 6.17230377919e-10, 6.29891305781e-10, 2.387669229e-10, 1.03788165562e-10, 9.47809261631e-11, 3.55090748472e-11, 7.38192978966e-11, 2.10534714662e-11, 2.28080835468e-11, 1.94674103227e-11, 1.46175536953e-11, 2.18311271838e-11, 1.96018427184e-11, 2.02297952695e-11, 9.17994846805e-12, 4.07114272849e-12, 3.1959829748e-12],
        "dvar2": [4.23237270297e-06, 5.01381236973e-06, 4.91024252369e-07, 8.4807930989e-07, 5.9462831814e-07, 3.28055136833e-07, 2.57840071072e-07, 9.69314555732e-07, 9.13961741844e-07, 7.69851112636e-07, 3.38567360814e-07, 9.20485732081e-08, 5.71936382698e-08, 3.53183047253e-08, 3.42026993394e-08, 4.39661747009e-08, 1.26675328005e-08, 9.68068647467e-09, 9.49080014578e-09, 2.57931653813e-09, 1.36881217472e-09, 1.43920386719e-09, 9.99071825269e-10, 1.4419129224e-09, 1.53178592033e-09, 5.53184664742e-10, 2.21984028381e-10, 2.35377495272e-10, 8.66435673208e-11, 1.83830811684e-10, 5.67046062883e-11, 5.75662573166e-11, 4.64800316291e-11, 3.51013211553e-11, 5.26084800723e-11, 4.2598008454e-11, 4.01804943484e-11, 1.95432142691e-11, 8.54884826124e-12, 6.86536114416e-12],
        "max": [0.0182602684945, 0.0168679598719, 0.00803538411856, 0.00727365491912, 0.0102233821526, 0.0175605285913, 0.00906314514577, 0.0182534642518, 0.0111384307966, 0.0198672302067, 0.00860835704952, 0.00616728654131, 0.00547889247537, 0.00295109720901, 0.00241363770328, 0.0022939008195, 0.00192345282994, 0.0013964374084, 0.00101966236252, 0.000842752808239, 0.00051623955369, 0.00071403599577, 0.000338082871167, 0.00119407486636, 0.000995915965177, 0.000373738905182, 0.000609196722507, 0.000599330931436, 0.000134310554131, 0.0002893806668, 9.08889633138e-05, 0.000108732259832, 8.91380404937e-05, 0.00015779833484, 0.000186971679796, 0.000190421153093, 0.000265632057562, 0.000100623794424, 7.95107844169e-05, 5.31331716047e-05],
        "mean": [0.00110606057569, 0.00083798635751, 0.000311322713969, 0.000418630370405, 0.000426140933996, 0.000314138276735, 0.000255258986726, 0.000443214579718, 0.000459807371954, 0.000314566801535, 0.000245087634539, 0.000144374309457, 0.000126435144921, 9.49479654082e-05, 7.59047616157e-05, 8.73871977092e-05, 6.58910503262e-05, 6.19981292402e-05, 5.48097705177e-05, 3.26796216541e-05, 2.68484727712e-05, 2.69184620265e-05, 2.45930077654e-05, 2.25119547395e-05, 2.10056095966e-05, 1.66158697539e-05, 1.0754509276e-05, 7.34472450858e-06, 6.25450911684e-06, 6.04440856478e-06, 4.28620660387e-06, 5.0676412684e-06, 4.67327117804e-06, 3.54893836629e-06, 2.97766041513e-06, 2.5115941753e-06, 2.39665678237e-06, 1.80741938038e-06, 1.42230464917e-06, 1.09384302505e-06],
        "median": [0.000474921485875, 0.000354955118382, 0.000141215146868, 0.000213480438106, 0.000211295846384, 0.000124851416331, 0.000103148260678, 0.000135032067192, 0.000117773255624, 7.43096607039e-05, 5.72041972191e-05, 4.52934145869e-05, 4.23022866016e-05, 3.39031030308e-05, 2.62526100414e-05, 2.68450185104e-05, 2.5011231628e-05, 2.48842261499e-05, 2.08318997466e-05, 1.42680300996e-05, 1.22642977658e-05, 1.30121543407e-05, 1.33730363814e-05, 1.17810668598e-05, 1.00698489405e-05, 7.45283841752e-06, 5.51278299099e-06, 3.72379668079e-06, 2.97348947242e-06, 2.61744480667e-06, 2.27668988373e-06, 2.37305380324e-06, 2.06964432437e-06, 1.62440483109e-06, 1.30492344397e-06, 1.00258989733e-06, 8.74685952112e-07, 6.07073843639e-07, 5.29153169282e-07, 3.88846814303e-07],
        "min": [3.1078313293e-24, 9.84871856468e-24, 5.36634029817e-24, 1.10098863184e-23, 3.66768887197e-24, 3.34461128266e-24, 1.2694002588e-23, 7.23118026241e-24, 5.42409201618e-24, 6.59579579617e-24, 5.71913546106e-24, 8.26348679842e-24, 9.79084141779e-24, 7.68975457294e-24, 3.52983779536e-24, 7.03353431805e-24, 7.26403237481e-24, 5.35832034377e-24, 7.61098838928e-24, 7.48759792193e-24, 1.43825451561e-23, 9.36083807152e-24, 9.97023154308e-24, 7.93351259266e-24, 8.22377001843e-24, 8.13045092878e-24, 7.95794992578e-24, 7.55337472193e-24, 7.49101921167e-24, 1.02128110046e-23, 1.16961258862e-23, 7.87349053296e-24, 1.05758298048e-23, 7.72468691155e-24, 6.59342448029e-24, 7.29682295605e-24, 6.2519703762e-24, 8.65110622598e-24, 9.21635819673e-24, 7.36784331449e-24],
        "var": [2.89237891593e-06, 2.24393465942e-06, 2.55643641367e-07, 3.8199883079e-07, 4.42104749254e-07, 3.8156139226e-07, 2.26423566119e-07, 8.16058445707e-07, 7.88725913026e-07, 6.58567955725e-07, 3.16288208069e-07, 1.03264333973e-07, 7.11278644872e-08, 3.33290444132e-08, 2.4691789946e-08, 3.04736538226e-08, 1.37190419025e-08, 9.77369740696e-09, 8.80576767059e-09, 3.08314773712e-09, 1.67353442215e-09, 1.4405185933e-09, 1.08765929596e-09, 2.23085128148e-09, 1.5685186483e-09, 7.30119076309e-10, 3.02991798318e-10, 1.87090565262e-10, 9.07530092742e-11, 1.63980468093e-10, 3.71242307728e-11, 5.41429331924e-11, 5.14664942608e-11, 3.1986080451e-11, 3.69745449535e-11, 3.37898251046e-11, 3.55431205301e-11, 1.70649067793e-11, 8.0328209362e-12, 5.22599845343e-12]
    },
    "mfcc": {
        "mean": [-630.96685791, 101.399993896, -5.38233804703, 12.4189386368, -2.70723342896, 0.896382927895, -3.26224160194, 4.21495103836, -1.0256755352, 3.57851982117, 4.90517950058, 0.182382300496, -0.89019960165],
        "cov": [[7589.48925781, -135.141525269, -138.120010376, -55.9243392944, 239.51864624, -3.10392475128, -45.4511985779, 258.052307129, 31.904253006, 184.903686523, -17.7188339233, -81.9475402832, 22.1730480194], [-135.141525269, 674.947875977, 61.5230102539, 51.1209793091, 53.9938621521, -15.8565177917, -10.9678153992, 7.67744731903, -33.3936424255, 5.80245161057, 37.5954093933, 23.308927536, 38.7287559509], [-138.120010376, 61.5230102539, 669.982116699, 248.927368164, 129.807556152, 92.4168167114, -11.289100647, -18.6591796875, -25.4489345551, -42.0509376526, -40.5305900574, 10.0414800644, 11.2809429169], [-55.9243392944, 51.1209793091, 248.927368164, 371.91897583, 129.376739502, 68.4337463379, -17.9002227783, -43.2658653259, -9.18793392181, -26.6292476654, -65.0553588867, 1.93547689915, 11.5186252594], [239.51864624, 53.9938621521, 129.807556152, 129.376739502, 266.687713623, 73.4317626953, -3.42221474648, 39.3829460144, 19.9448242188, 30.1616153717, -2.35887289047, -1.79456937313, 23.4973239899], [-3.10392475128, -15.8565177917, 92.4168167114, 68.4337463379, 73.4317626953, 151.264541626, 64.7145233154, 16.2913551331, 4.31516599655, 9.4475402832, -0.735748589039, 16.3374557495, 0.736140370369], [-45.4511985779, -10.9678153992, -11.289100647, -17.9002227783, -3.42221474648, 64.7145233154, 179.782867432, 51.8224220276, 17.3911170959, 8.36219501495, -0.183580815792, 14.382314682, -13.7987270355], [258.052307129, 7.67744731903, -18.6591796875, -43.2658653259, 39.3829460144, 16.2913551331, 51.8224220276, 134.633468628, 39.0420265198, 32.750038147, 10.6144914627, -9.52044963837, 6.7381811142], [31.904253006, -33.3936424255, -25.4489345551, -9.18793392181, 19.9448242188, 4.31516599655, 17.3911170959, 39.0420265198, 113.424179077, 42.8153991699, -4.84612464905, -10.5407762527, -1.19985890388], [184.903686523, 5.80245161057, -42.0509376526, -26.6292476654, 30.1616153717, 9.4475402832, 8.36219501495, 32.750038147, 42.8153991699, 103.601257324, 39.5502204895, 4.13182067871, -2.40223431587], [-17.7188339233, 37.5954093933, -40.5305900574, -65.0553588867, -2.35887289047, -0.735748589039, -0.183580815792, 10.6144914627, -4.84612464905, 39.5502204895, 110.553520203, 35.3852119446, 3.44565820694], [-81.9475402832, 23.308927536, 10.0414800644, 1.93547689915, -1.79456937313, 16.3374557495, 14.382314682, -9.52044963837, -10.5407762527, 4.13182067871, 35.3852119446, 85.7216110229, 27.8230075836], [22.1730480194, 38.7287559509, 11.2809429169, 11.5186252594, 23.4973239899, 0.736140370369, -13.7987270355, 6.7381811142, -1.19985890388, -2.40223431587, 3.44565820694, 27.8230075836, 69.3163452148]],
