{
"lowlevel": {
    "average_loudness": 0.67677038908,
    "barkbands_crest": {
        "dmean": 2.04687786102,
        "dmean2": 3.31940078735,
        "dvar": 3.38631486893,
        "dvar2": 8.44371128082,
        "max": 22.4121570587,
        "mean": 8.26274204254,
        "median": 7.70693922043,
        "min": 1.94836497307,
        "var": 9.84752559662
    },
    "barkbands_flatness_db": {
        "dmean": 0.0144266784191,
        "dmean2": 0.0213372129947,
        "dvar": 0.000163046745001,
        "dvar2": 0.000330822862452,
        "max": 0.278246104717,
        "mean": 0.131899490952,
        "median": 0.127346158028,
        "min": 0.0428452827036,
        "var": 0.00129642849788
    },
    "barkbands_kurtosis": {
        "dmean": 1.16146814823,
        "dmean2": 1.8080290556,
        "dvar": 2.54714417458,
        "dvar2": 5.68909311295,
        "max": 44.7957572937,
        "mean": 1.45376312733,
        "median": 0.648227453232,
        "min": -1.82416057587,
        "var": 9.42417240143
    },
    "barkbands_skewness": {
        "dmean": 0.34690707922,
        "dmean2": 0.525168180466,
        "dvar": 0.110987477005,
        "dvar2": 0.234186813235,
        "max": 5.37448453903,
        "mean": 1.0223647356,
        "median": 0.988942146301,
        "min": -3.04978346825,
        "var": 0.592893719673
    },
    "barkbands_spread": {
        "dmean": 4.2618470192,
        "dmean2": 6.16175746918,
        "dvar": 29.929725647,
        "dvar2": 59.0802078247,
        "max": 87.5284423828,
        "mean": 20.960193634,
        "median": 19.2590026855,
        "min": 2.67047810555,
        "var": 120.577484131
    },
    "dissonance": {
        "dmean": 0.0170029476285,
        "dmean2": 0.0283852666616,
        "dvar": 0.000250313896686,
        "dvar2": 0.000681702629663,
        "max": 0.499999940395,
        "mean": 0.46423459053,
        "median": 0.469447404146,
        "min": 0.281494408846,
        "var": 0.000657905300613
    },
    "dynamic_complexity": 3.59824442863,
    "erbbands_crest": {
        "dmean": 2.41713237762,
        "dmean2": 3.86802649498,
        "dvar": 4.83113765717,
        "dvar2": 11.7316770554,
        "max": 26.4805259705,
        "mean": 8.97597789764,
        "median": 8.09176158905,
        "min": 2.381742239,
        "var": 15.2568035126
    },
    "erbbands_flatness_db": {
        "dmean": 0.0141593683511,
        "dmean2": 0.0195601060987,
        "dvar": 0.000185541037354,
        "dvar2": 0.000315471523209,
        "max": 0.343716412783,
        "mean": 0.18347209692,
        "median": 0.180337324739,
        "min": 0.0681125074625,
        "var": 0.00167758401949
    },
    "erbbands_kurtosis": {
        "dmean": 0.708155751228,
        "dmean2": 1.11061608791,
        "dvar": 0.755812704563,
        "dvar2": 1.75113773346,
        "max": 15.6600780487,
        "mean": 0.253711014986,
        "median": -0.226456165314,
        "min": -1.77661001682,
        "var": 2.67614865303
    },
    "erbbands_skewness": {
        "dmean": 0.302025109529,
        "dmean2": 0.451227158308,
        "dvar": 0.0762800872326,
        "dvar2": 0.157592445612,
        "max": 3.25554037094,
        "mean": 0.402729183435,
        "median": 0.414486259222,
        "min": -2.31987977028,
        "var": 0.458164066076
    },
    "erbbands_spread": {
        "dmean": 5.9079413414,
        "dmean2": 8.86664199829,
        "dvar": 42.7428894043,
        "dvar2": 88.6639251709,
        "max": 118.092926025,
        "mean": 32.6175117493,
        "median": 31.6264610291,
        "min": 4.33760690689,
        "var": 192.11567688
    },
    "hfc": {
        "dmean": 4.91020965576,
        "dmean2": 6.77501821518,
        "dvar": 49.8886413574,
        "dvar2": 88.7356033325,
        "max": 132.490707397,
        "mean": 21.1039295197,
        "median": 16.1796607971,
        "min": 1.07790448252e-16,
        "var": 367.636749268
    },
    "melbands_crest": {
        "dmean": 2.65661597252,
        "dmean2": 4.2943944931,
        "dvar": 5.77703046799,
        "dvar2": 14.258600235,
        "max": 29.6468963623,
        "mean": 10.9836845398,
        "median": 10.1426410675,
        "min": 2.18958759308,
        "var": 17.3817367554
    },
    "melbands_flatness_db": {
        "dmean": 0.0162805840373,
        "dmean2": 0.0234183873981,
        "dvar": 0.000244466209551,
        "dvar2": 0.000453213637229,
        "max": 0.323371589184,
        "mean": 0.147324129939,
        "median": 0.140724569559,
        "min": 0.00573993148282,
        "var": 0.00217629550025
    },
    "melbands_kurtosis": {
        "dmean": 2.31736588478,
        "dmean2": 3.60168981552,
        "dvar": 9.7311372757,
        "dvar2": 22.5371227264,
        "max": 75.4261398315,
        "mean": 4.99820137024,
        "median": 3.63425397873,
        "min": -1.75367820263,
        "var": 31.649061203
    },
    "melbands_skewness": {
        "dmean": 0.409424513578,
        "dmean2": 0.626830399036,
        "dvar": 0.156300902367,
        "dvar2": 0.350226044655,
        "max": 6.64182138443,
        "mean": 1.67827808857,
        "median": 1.59945011139,
        "min": -1.03855347633,
        "var": 0.761640667915
    },
    "melbands_spread": {
        "dmean": 6.23759937286,
        "dmean2": 9.20137500763,
        "dvar": 84.2849960327,
        "dvar2": 148.276016235,
        "max": 200.283035278,
        "mean": 28.1802062988,
        "median": 23.96833992,
        "min": 2.53119158745,
        "var": 349.530212402
    },
    "pitch_salience": {
        "dmean": 0.0541687421501,
        "dmean2": 0.0874071270227,
        "dvar": 0.00211636885069,
        "dvar2": 0.00526561541483,
        "max": 0.909885883331,
        "mean": 0.62409734726,
        "median": 0.626258850098,
        "min": 0.24631215632,
        "var": 0.00705976504833
    },
    "silence_rate_20dB": {
        "dmean": 0,
        "dmean2": 0,
        "dvar": 0,
        "dvar2": 0,
        "max": 1,
        "mean": 1,
        "median": 1,
        "min": 1,
        "var": 0
    },
    "silence_rate_30dB": {
        "dmean": 0,
        "dmean2": 0,
        "dvar": 0,
        "dvar2": 0,
        "max": 1,
        "mean": 1,
        "median": 1,
        "min": 1,
        "var": 0
    },
    "silence_rate_60dB": {
        "dmean": 0.0275184269994,
        "dmean2": 0.0550436154008,
        "dvar": 0.0267642810941,
        "dvar2": 0.0593796372414,
        "max": 1,
        "mean": 0.13094215095,
        "median": 0,
        "min": 0,
        "var": 0.113799318671
    },
    "spectral_centroid": {
        "dmean": 207.1900177,
        "dmean2": 310.161071777,
        "dvar": 62120.265625,
        "dvar2": 110015.617188,
        "max": 11418.34375,
        "mean": 1574.12023926,
        "median": 1536.10473633,
        "min": 357.719512939,
        "var": 414871.25
    },
    "spectral_complexity": {
        "dmean": 2.9678132534,
        "dmean2": 4.56837463379,
        "dvar": 9.86660289764,
        "dvar2": 18.7353668213,
        "max": 60,
        "mean": 20.3171596527,
        "median": 20,
        "min": 0,
        "var": 114.053359985
    },
    "spectral_decrease": {
        "dmean": 8.76071937217e-10,
        "dmean2": 1.31799382519e-09,
        "dvar": 1.39474169766e-18,
        "dvar2": 3.03181753631e-18,
        "max": 4.55474577665e-29,
        "mean": -3.87594578655e-09,
        "median": -3.23762527898e-09,
        "min": -2.02586729614e-08,
        "var": 8.75180662729e-18
    },
    "spectral_energy": {
        "dmean": 0.0036489542108,
        "dmean2": 0.00544925685972,
        "dvar": 2.42049773078e-05,
        "dvar2": 5.13561681146e-05,
        "max": 0.086407750845,
        "mean": 0.0165429580957,
        "median": 0.013813319616,
        "min": 1.03216283459e-20,
        "var": 0.000161122225109
    },
    "spectral_energyband_high": {
        "dmean": 0.000309657130856,
        "dmean2": 0.000396306422772,
        "dvar": 3.93490608985e-07,
        "dvar2": 6.39655524992e-07,
        "max": 0.0115824826062,
        "mean": 0.000791984202806,
        "median": 0.000419912976213,
        "min": 7.56781080076e-21,
        "var": 1.55750069553e-06
    },
    "spectral_energyband_low": {
        "dmean": 0.000319444923662,
        "dmean2": 0.000503325543832,
        "dvar": 9.21874402593e-07,
        "dvar2": 1.84637212897e-06,
        "max": 0.0124852126464,
        "mean": 0.000509763834998,
        "median": 0.000204635609407,
        "min": 3.56425721661e-23,
        "var": 1.2382015484e-06
    },
    "spectral_energyband_middle_high": {
        "dmean": 0.00193768530153,
        "dmean2": 0.00294212321751,
        "dvar": 8.95030461834e-06,
        "dvar2": 2.14833271457e-05,
        "max": 0.0847751349211,
        "mean": 0.00699587352574,
        "median": 0.00434806803241,
        "min": 1.57439289315e-21,
        "var": 6.16440884187e-05
    },
    "spectral_energyband_middle_low": {
        "dmean": 0.0025264096912,
        "dmean2": 0.0038467659615,
        "dvar": 1.21751900224e-05,
        "dvar2": 2.82148102997e-05,
        "max": 0.0515125729144,
        "mean": 0.00843822397292,
        "median": 0.00706835417077,
        "min": 2.00086528539e-22,
        "var": 4.57324895251e-05
    },
    "spectral_entropy": {
        "dmean": 0.117124892771,
        "dmean2": 0.156814262271,
        "dvar": 0.0145772006363,
        "dvar2": 0.0221533086151,
        "max": 9.80985927582,
        "mean": 7.62822675705,
        "median": 7.65247392654,
        "min": 6.47325992584,
        "var": 0.117837496102
    },
    "spectral_flux": {
        "dmean": 0.0130090331659,
        "dmean2": 0.0205781888217,
        "dvar": 0.000216506930883,
        "dvar2": 0.000481417780975,
        "max": 0.212744250894,
        "mean": 0.0622758157551,
        "median": 0.0599247217178,
        "min": 6.65939733913e-11,
        "var": 0.00117458193563
    },
    "spectral_kurtosis": {
        "dmean": 1.3118108511,
        "dmean2": 2.17981433868,
        "dvar": 1.90793955326,
        "dvar2": 5.50451946259,
        "max": 24.5676021576,
        "mean": 4.09257507324,
        "median": 3.64533567429,
        "min": -1.22682356834,
        "var": 5.47956705093
    },
    "spectral_rms": {
        "dmean": 0.000418122217525,
        "dmean2": 0.000615772732999,
        "dvar": 2.07751355674e-07,
        "dvar2": 4.07336244734e-07,
        "max": 0.00918151624501,
        "mean": 0.00369250169024,
        "median": 0.00367102306336,
        "min": 3.17330753688e-12,
        "var": 2.50491984843e-06
    },
    "spectral_rolloff": {
        "dmean": 460.986572266,
        "dmean2": 735.450012207,
        "dvar": 703413.375,
        "dvar2": 1415391.75,
        "max": 19293.75,
        "mean": 2052.83764648,
        "median": 1722.65625,
        "min": 215.33203125,
        "var": 2076697.25
    },
    "spectral_skewness": {
        "dmean": 0.175814673305,
        "dmean2": 0.279586881399,
        "dvar": 0.0261122826487,
        "dvar2": 0.06362118572,
        "max": 3.72931051254,
        "mean": 1.49011361599,
        "median": 1.45002532005,
        "min": -0.0335425436497,
        "var": 0.144261017442
    },
    "spectral_spread": {
        "dmean": 428503.96875,
        "dmean2": 577357,
        "dvar": 399337291776,
        "dvar2": 678745997312,
        "max": 40672672,
        "mean": 4313874,
        "median": 4132524.75,
        "min": 1885258.75,
        "var": 2.20810471014e+12
    },
    "spectral_strongpeak": {
        "dmean": 0.654643535614,
        "dmean2": 1.09244680405,
        "dvar": 0.923668801785,
        "dvar2": 2.32586574554,
        "max": 11.6600999832,
        "mean": 1.40502285957,
        "median": 0.942222476006,
        "min": 0,
        "var": 2.0358338356
    },
    "zerocrossingrate": {
        "dmean": 0.00984108634293,
        "dmean2": 0.0109344646335,
        "dvar": 0.000172889194801,
        "dvar2": 0.000173350475961,
        "max": 0.61962890625,
        "mean": 0.0765748098493,
        "median": 0.072265625,
        "min": 0.01806640625,
        "var": 0.00132889440283
    },
    "barkbands": {
        "dmean": [8.92071875569e-06, 0.00018762453692, 0.000144539444591, 0.000137195049319, 0.000827173702419, 0.000543147500139, 0.00082641368499, 0.000942868355196, 0.000916048069485, 0.000684200669639, 0.000391426874558, 0.000648771470878, 0.000384909450077, 0.000352756149368, 0.000297601363854, 0.000322963634972, 0.000296215410344, 0.000243896400207, 0.000217250024434, 9.66930529103e-05, 0.000105478604382, 9.11238021217e-05, 4.88453370053e-05, 4.48010177934e-05, 3.79624616471e-05, 1.48635808728e-05, 6.96445789927e-10],
        "dmean2": [1.41172095027e-05, 0.000282909255475, 0.00024176586885, 0.000234578415984, 0.00133093679324, 0.000826029339805, 0.00129897566512, 0.00144709739834, 0.00140046956949, 0.00109834631439, 0.000626119261142, 0.00105093722232, 0.000618552323431, 0.000554318772629, 0.000480897084344, 0.000520569330547, 0.000474441505503, 0.000386952888221, 0.000344899657648, 0.000150477819261, 0.00015645995154, 0.000131167136715, 6.85813502059e-05, 6.20965583948e-05, 4.98996014358e-05, 2.14566971408e-05, 1.28999566584e-09],
        "dvar": [6.35514418867e-10, 3.98785687139e-07, 1.94366904793e-07, 9.89693234033e-08, 1.60633146606e-06, 7.1130938295e-07, 2.39214546127e-06, 3.0311844057e-06, 2.88040678242e-06, 2.18171567212e-06, 1.52652216912e-06, 2.77121239378e-06, 9.13281382964e-07, 8.65209244694e-07, 5.09063170284e-07, 4.64308442361e-07, 3.85876859355e-07, 2.00038243747e-07, 1.63215247539e-07, 4.00880573181e-08, 5.80397419014e-08, 3.94830799166e-08, 1.35081030805e-08, 1.18686722672e-08, 1.03746762292e-08, 1.28317134696e-09, 1.36715853296e-18],
        "dvar2": [1.38297484575e-09, 8.16782517177e-07, 5.02870818764e-07, 2.66352827794e-07, 4.18947593062e-06, 1.68711960669e-06, 5.90162744629e-06, 6.93268975738e-06, 6.51241134619e-06, 5.55034876015e-06, 3.7322317894e-06, 7.07993240212e-06, 2.17002661884e-06, 1.86458498774e-06, 1.1718893802e-06, 1.12531381546e-06, 9.02038721051e-07, 4.77697540191e-07, 3.94441940443e-07, 9.27856973476e-08, 1.17688585988e-07, 8.22884871354e-08, 2.75138667405e-08, 1.99784917498e-08, 1.94747435955e-08, 2.85588397375e-09, 4.38753388665e-18],
        "max": [0.00048717361642, 0.0077372295782, 0.00675680860877, 0.00629683304578, 0.0254427939653, 0.0140279345214, 0.0366855151951, 0.0292173717171, 0.0424823984504, 0.0343955643475, 0.0524680800736, 0.0440020635724, 0.023220313713, 0.0250698290765, 0.0231858696789, 0.0166437588632, 0.0166296064854, 0.00909200869501, 0.012897615321, 0.00786949042231, 0.00520994514227, 0.00472622411326, 0.00405554240569, 0.00305598182604, 0.00406317133456, 0.00077871081885, 1.61125672804e-08],
        "mean": [1.13373498607e-05, 0.000236081017647, 0.00017269331147, 0.000202089635422, 0.00172575598117, 0.00121409073472, 0.00161732267588, 0.00169089622796, 0.00177582853939, 0.0012280595256, 0.000691961613484, 0.00112233299296, 0.00061281240778, 0.000607183261309, 0.000491643033456, 0.000593911216129, 0.000615321972873, 0.000529583543539, 0.000489233992994, 0.00020490969473, 0.000233183382079, 0.000184714226634, 0.000105842482299, 8.39411659399e-05, 7.9419958638e-05, 2.27810814977e-05, 6.95123347771e-10],
        "median": [1.50021378431e-06, 6.37021730654e-05, 5.82689172006e-05, 9.21544778976e-05, 0.00111970759463, 0.00070530368248, 0.000703112222254, 0.000643575156573, 0.000744327087887, 0.000363018945791, 0.000169495251612, 0.00031826927443, 0.000216855172766, 0.000166688667377, 0.000157393325935, 0.000192018182133, 0.000232615231653, 0.000232673672144, 0.000240367429797, 0.000101488811197, 0.00010506707622, 8.98274520296e-05, 5.15080246259e-05, 3.41526865668e-05, 3.30094917445e-05, 5.5011173572e-06, 3.2374317116e-10],
        "min": [1.4145498765e-24, 3.55521466182e-24, 8.7971433122e-24, 1.48912200228e-23, 2.17640696853e-23, 1.97738635516e-23, 9.0046373961e-24, 1.94152047856e-23, 2.36747207745e-23, 2.83767656431e-23, 3.1739878475e-23, 6.5993459069e-23, 3.60354785394e-23, 9.92903691107e-23, 1.1152837223e-22, 7.71767488473e-23, 1.55162313625e-22, 1.62009575796e-22, 2.16290185916e-22, 2.2087726693e-22, 3.24408331386e-22, 3.34620457659e-22, 6.16003381262e-22, 7.82477669968e-22, 1.11901047792e-21, 1.31200659843e-21, 2.15896644036e-21],
        "var": [1.11468212438e-09, 4.83895064463e-07, 1.76157072929e-07, 1.13875344709e-07, 3.62793139175e-06, 2.03860076908e-06, 5.78087974645e-06, 8.03812690719e-06, 7.88548823039e-06, 6.22569496045e-06, 4.50245988759e-06, 6.59740726405e-06, 1.76313801603e-06, 2.45782280217e-06, 1.17521267384e-06, 1.20579602481e-06, 1.27548639739e-06, 6.11635755376e-07, 4.94095388603e-07, 9.74657154984e-08, 1.7885672321e-07, 1.03416617492e-07, 3.84990919144e-08, 3.70686521478e-08, 2.81671432845e-08, 2.38557729126e-09, 1.04785502919e-18]
    },
    "erbbands": {
        "dmean": [0.0057409866713, 0.0429820939898, 0.14931923151, 0.299675166607, 1.32074868679, 3.68714761734, 4.08492517471, 4.57649946213, 9.55331325531, 13.2002735138, 22.3490772247, 23.8233985901, 14.6825771332, 21.9101581573, 19.6105060577, 22.4385757446, 17.9723320007, 16.5325126648, 15.8843793869, 16.929485321, 16.3536128998, 14.316198349, 13.3705120087, 10.7490577698, 8.4715461731, 4.71899843216, 4.89465999603, 3.29988384247, 3.36167764664, 2.31318449974, 1.34905004501, 1.09595716, 0.661077260971, 0.425347596407, 0.296667009592, 0.137091040611, 0.00470249028876, 0.000131408713059, 1.08967733468e-05, 5.47786066818e-06],
        "dmean2": [0.0093490043655, 0.0669408738613, 0.245507925749, 0.507823228836, 2.15694618225, 6.05519771576, 6.35572481155, 7.05839347839, 15.1022338867, 20.3817310333, 34.1866798401, 36.4238624573, 22.890871048, 34.9456291199, 31.0611457825, 36.149307251, 28.8196029663, 25.9549331665, 25.0359458923, 27.5057907104, 26.313457489, 22.7465267181, 21.1737308502, 16.9301071167, 13.4117584229, 7.28402614594, 7.50693893433, 4.70796489716, 4.89896583557, 3.32652926445, 1.93946003914, 1.52731311321, 0.92585259676, 0.575194656849, 0.406070441008, 0.191493928432, 0.00669846124947, 0.000181751864147, 1.43607549035e-05, 7.73722149461e-06],
        "dvar": [0.000423556077294, 0.0211213342845, 0.227423027158, 0.512427151203, 6.95533275604, 33.299659729, 47.6521568298, 58.673740387, 319.820007324, 762.978210449, 1935.0670166, 2217.42700195, 1367.56591797, 2135.5324707, 2769.20263672, 3354.86694336, 1888.4407959, 1958.96484375, 1633.65307617, 1708.94348145, 1331.91638184, 913.28729248, 535.265625, 366.397033691, 234.809036255, 86.2718048096, 126.624481201, 70.7517852783, 51.4365844727, 30.7576885223, 9.6714220047, 6.39240169525, 3.39253163338, 1.41558802128, 0.551827549934, 0.103412985802, 0.00012718688231, 9.5421938795e-08, 5.28442622993e-10, 5.5381282893e-11],
        "dvar2": [0.00106315826997, 0.0417272597551, 0.57670789957, 1.37404644489, 18.3727531433, 89.9601745605, 113.916069031, 140.15625, 817.552734375, 1694.54821777, 4352.05419922, 4993.7578125, 3205.82348633, 5422.84912109, 6742.05566406, 8281.49023438, 4379.07666016, 4472.35791016, 3537.25146484, 4113.32958984, 3223.97802734, 2257.85083008, 1284.01782227, 859.177001953, 555.992004395, 192.670761108, 279.30090332, 138.460647583, 108.28943634, 68.6000747681, 19.4006309509, 11.7080259323, 5.8006772995, 2.59278559685, 1.10037732124, 0.219166532159, 0.000275253463769, 1.97710690486e-07, 1.00684260929e-09, 1.01349664772e-10],
        "max": [0.265294611454, 1.61363494396, 7.05828762054, 10.7493877411, 48.4120788574, 100.10823822, 164.673706055, 160.90196228, 335.205688477, 910.958435059, 846.284790039, 1147.01989746, 925.29510498, 1023.10974121, 1981.74279785, 1558.43884277, 1285.24108887, 1110.7019043, 1358.20385742, 1740.76818848, 909.19909668, 616.228149414, 445.18347168, 412.626647949, 428.173706055, 295.588653564, 283.581451416, 214.884719849, 160.61882019, 175.379959106, 77.3972549438, 78.1253356934, 63.1001434326, 43.4971847534, 27.0121250153, 6.45767259598, 0.223547905684, 0.00598689960316, 0.000458244408946, 0.000119122814795],
        "mean": [0.00631870096549, 0.0564567781985, 0.184990823269, 0.48525300622, 2.36630630493, 6.95007228851, 8.75513362885, 10.2785816193, 18.9658145905, 26.5700836182, 42.8069114685, 46.5386352539, 28.8368759155, 41.1532669067, 39.6320533752, 40.5748558044, 31.1399784088, 29.7511558533, 28.9034328461, 29.8155174255, 32.9410972595, 32.8447952271, 31.1699314117, 25.6942481995, 19.7786273956, 10.5692310333, 10.4580163956, 7.28390932083, 6.7289390564, 4.71596431732, 2.90300583839, 2.00950503349, 1.25869417191, 0.878535330296, 0.577774941921, 0.230476126075, 0.00755865965039, 0.000232208345551, 2.8449592719e-05, 2.38968514168e-05],
        "median": [0.00143226585351, 0.0160805210471, 0.0635471865535, 0.254112958908, 1.28734517097, 4.23075675964, 5.0973610878, 5.9599647522, 9.47352218628, 11.5851678848, 18.0429954529, 20.0453014374, 10.0280647278, 13.7067947388, 12.737988472, 13.7233963013, 12.4842796326, 8.88674259186, 9.58756732941, 8.69094085693, 11.2543239594, 13.4774875641, 14.7346448898, 13.3436079025, 10.4490261078, 5.55587673187, 4.73567199707, 3.40124201775, 3.27277207375, 2.25613570213, 1.39220488071, 0.813186764717, 0.497184514999, 0.360237419605, 0.230521038175, 0.0656487494707, 0.00200054817833, 7.40500763641e-05, 1.78836362466e-05, 2.01446127903e-05],
        "min": [1.83311597027e-22, 1.14773208307e-21, 5.39975789446e-21, 4.82755304001e-20, 6.47041742395e-20, 6.40706702126e-20, 6.92249101576e-20, 1.67636681434e-19, 1.41386828478e-19, 1.48313496755e-19, 6.36127843845e-19, 6.44638498372e-19, 7.4171646676e-19, 1.80568916188e-18, 2.05014688229e-18, 2.72882313908e-18, 2.04172556327e-18, 4.27480902149e-18, 6.00950726846e-18, 5.73376826562e-18, 6.08310979936e-18, 9.69423666022e-18, 8.72622937556e-18, 6.56960325534e-18, 1.27101462726e-17, 1.15363678844e-17, 1.29284251742e-17, 1.36902254311e-17, 1.1990793616e-17, 1.27639436181e-17, 1.67355297337e-17, 1.26602482565e-17, 1.24985749786e-17, 1.02876287347e-17, 6.21176574953e-18, 4.87824844529e-18, 2.70378665669e-18, 1.13893960875e-18, 2.57829973885e-19, 3.24507704131e-20],
        "var": [0.000404490390792, 0.0260968506336, 0.210008755326, 0.564113736153, 10.3267889023, 67.1979827881, 122.209716797, 156.217300415, 722.751586914, 2061.54711914, 5283.65673828, 5985.375, 3877.2434082, 6062.98535156, 9155.21679688, 7348.57128906, 3976.13427734, 4997.09960938, 4690.38720703, 3916.70849609, 3759.74609375, 3050.03588867, 1912.16723633, 1185.67614746, 722.891174316, 233.138626099, 353.936096191, 195.374862671, 131.837692261, 76.4383621216, 28.1284255981, 17.9403343201, 10.2428483963, 4.04695940018, 1.33371353149, 0.215663462877, 0.000251303776167, 2.09940239415e-07, 1.50937840004e-09, 3.6086064692e-10]
    },
    "gfcc": {
        "mean": [-18.9355354309, 82.2635192871, -155.693115234, 22.087896347, -87.2083816528, 6.08836126328, -52.3312835693, 11.3375177383, -30.4710578918, -1.47163569927, -13.4100809097, -2.64719367027, -5.5228395462],
        "cov": [[5688.97802734, -1190.34130859, -412.10635376, 225.028121948, -226.260803223, 199.645751953, -116.313728333, 248.06980896, -67.9544448853, 149.446685791, -262.786010742, 88.2283401489, -171.51260376], [-1190.34130859, 969.746765137, 87.8891448975, -89.0261001587, 100.573127747, -105.610214233, 88.3387908936, -94.7764816284, 51.0202713013, -91.5242004395, 145.726272583, -81.9629974365, 52.9150352478], [-412.10635376, 87.8891448975, 828.208618164, 185.294250488, -28.2533359528, 38.750087738, -55.3594589233, 70.232170105, -74.7449569702, 105.787414551, -48.4543991089, 75.4040145874, -77.645652771], [225.028121948, -89.0261001587, 185.294250488, 279.41595459, 43.3428153992, -15.0338230133, -39.2527351379, 40.1319923401, 7.33865213394, 41.1058273315, -19.4077205658, 19.6903610229, -6.21600914001], [-226.260803223, 100.573127747, -28.2533359528, 43.3428153992, 153.707626343, 31.9077892303, 20.8103256226, 10.0540065765, 31.6909503937, -0.168249696493, 20.1630992889, -3.21075582504, 21.2171344757], [199.645751953, -105.610214233, 38.750087738, -15.0338230133, 31.9077892303, 207.612350464, 97.2181091309, 15.3905715942, -14.5897331238, 25.2501277924, -12.4340114594, 12.7414884567, -16.7957992554], [-116.313728333, 88.3387908936, -55.3594589233, -39.2527351379, 20.8103256226, 97.2181091309, 165.591506958, 20.0811309814, 6.06167697906, -20.5774040222, 35.3924102783, -7.02460479736, 14.2788410187], [248.06980896, -94.7764816284, 70.232170105, 40.1319923401, 10.0540065765, 15.3905715942, 20.0811309814, 112.041435242, 21.650346756, 25.1651496887, -21.0982208252, 33.1182556152, -16.7145137787], [-67.9544448853, 51.0202713013, -74.7449569702, 7.33865213394, 31.6909503937, -14.5897331238, 6.06167697906, 21.650346756, 98.7306900024, 5.53595542908, 12.4506664276, -19.4235687256, 18.8593425751], [149.446685791, -91.5242004395, 105.787414551, 41.1058273315, -0.168249696493, 25.2501277924, -20.5774040222, 25.1651496887, 5.53595542908, 98.6058120728, -8.85560417175, 18.4727039337, -22.8919963837], [-262.786010742, 145.726272583, -48.4543991089, -19.4077205658, 20.1630992889, -12.4340114594, 35.3924102783, -21.0982208252, 12.4506664276, -8.85560417175, 90.9906921387, 0.857982337475, 18.365020752], [88.2283401489, -81.9629974365, 75.4040145874, 19.6903610229, -3.21075582504, 12.7414884567, -7.02460479736, 33.1182556152, -19.4235687256, 18.4727039337, 0.857982337475, 75.2906570435, 9.82001304626], [-171.51260376, 52.9150352478, -77.645652771, -6.21600914001, 21.2171344757, -16.7957992554, 14.2788410187, -16.7145137787, 18.8593425751, -22.8919963837, 18.365020752, 9.82001304626, 73.659942627]],
        "icov": [[0.000533266400453, -0.000593360397033, 0.00135570392013, -0.00115668482613, 0.00150048593059, -0.00147230504081, 0.00123618834186, -0.00163986289408, 0.000916292658076, -0.000837563653477, 0.00118114135694, -0.000871301919688, 0.000946499232668], [-0.000593360397033, 0.00445231003687, -0.00406223535538, 0.00325518241152, -0.00458966009319, 0.00495357997715, -0.00435707112774, 0.00438696844503, -0.00291000935249, 0.00324113969691, -0.00485198246315, 0.00414435891435, -0.00188621820416], [0.00135570392013, -0.00406223535538, 0.00711922021583, -0.00529643148184, 0.00601329747587, -0.00610044552013, 0.00528030609712, -0.00619547395036, 0.00469602178782, -0.00475092045963, 0.00551342125982, -0.00549010327086, 0.00425830576569], [-0.00115668482613, 0.00325518241152, -0.00529643148184, 0.00845956243575, -0.00641180109233, 0.00551163870841, -0.00353720295243, 0.00375962490216, -0.00304818712175, 0.00209912983701, -0.00388046004809, 0.00398609554395, -0.00338953710161], [0.00150048593059, -0.00458966009319, 0.00601329747587, -0.00641180109233, 0.0149491215125, -0.00928108207881, 0.00702080270275, -0.00788174569607, 0.00244562607259, -0.00339016341604, 0.00356360524893, -0.00346677051857, 0.000910715200007], [-0.00147230504081, 0.00495357997715, -0.00610044552013, 0.00551163870841, -0.00928108207881, 0.0166839081794, -0.0135303009301, 0.0100095849484, -0.00407714024186, 0.00120563339442, -0.00168787466828, 0.00156660552602, 5.01602553413e-05], [0.00123618834186, -0.00435707112774, 0.00528030609712, -0.00353720295243, 0.00702080270275, -0.0135303009301, 0.0189653672278, -0.0123795047402, 0.00538195809349, -0.000511283520609, -0.00151750841178, 0.000989849329926, -0.00160749757197], [-0.00163986289408, 0.00438696844503, -0.00619547395036, 0.00375962490216, -0.00788174569607, 0.0100095849484, -0.0123795047402, 0.0242013130337, -0.0109880967066, 0.00291970930994, 0.000383227103157, -0.00594682246447, 0.0036787413992], [0.000916292658076, -0.00291000935249, 0.00469602178782, -0.00304818712175, 0.00244562607259, -0.00407714024186, 0.00538195809349, -0.0109880967066, 0.0184933505952, -0.00550893181935, 0.00102684891317, 0.00455797370523, -0.00356448907405], [-0.000837563653477, 0.00324113969691, -0.00475092045963, 0.00209912983701, -0.00339016341604, 0.00120563339442, -0.000511283520609, 0.00291970930994, -0.00550893181935, 0.0172352213413, -0.00566410971805, 0.00133501191158, 0.00090467708651], [0.00118114135694, -0.00485198246315, 0.00551342125982, -0.00388046004809, 0.00356360524893, -0.00168787466828, -0.00151750841178, 0.000383227103157, 0.00102684891317, -0.00566410971805, 0.0224491413683, -0.0102248676121, 0.00443268893287], [-0.000871301919688, 0.00414435891435, -0.00549010327086, 0.00398609554395, -0.00346677051857, 0.00156660552602, 0.000989849329926, -0.00594682246447, 0.00455797370523, 0.00133501191158, -0.0102248676121, 0.0281740445644, -0.0126011082903], [0.000946499232668, -0.00188621820416, 0.00425830576569, -0.00338953710161, 0.000910715200007, 5.01602553413e-05, -0.00160749757197, 0.0036787413992, -0.00356448907405, 0.00090467708651, 0.00443268893287, -0.0126011082903, 0.0240014716983]]
    },
    "melbands": {
        "dmean": [5.16917134519e-05, 6.66693667881e-05, 6.83370089973e-05, 0.000187087891391, 0.000139254610986, 0.000101115831058, 0.000153129978571, 0.000149098501424, 0.000180770672159, 0.000140078700497, 7.4657073128e-05, 9.49218592723e-05, 6.2374449044e-05, 8.46946059028e-05, 4.02942059736e-05, 3.77991273126e-05, 3.15526740451e-05, 2.79606174445e-05, 2.05135020224e-05, 2.24641171371e-05, 2.1745219783e-05, 1.54732206283e-05, 1.87587575056e-05, 1.09142092697e-05, 9.47889657255e-06, 8.81410142028e-06, 4.59476541437e-06, 2.96292091662e-06, 2.93931020678e-06, 2.93007019536e-06, 1.91414210349e-06, 2.01452485271e-06, 1.85672263342e-06, 1.16672936201e-06, 8.04646958841e-07, 7.82705114943e-07, 6.52184041883e-07, 4.92192839374e-07, 4.29228464327e-07, 3.60347200967e-07],
        "dmean2": [7.8621575085e-05, 0.000106787410914, 0.000115163180453, 0.000303799490212, 0.000219116831431, 0.000155820744112, 0.00024146072974, 0.000230022022151, 0.000274971069302, 0.000214466854231, 0.000116703406093, 0.000151669679326, 9.80068361969e-05, 0.000138045739732, 6.43397070235e-05, 6.01485990046e-05, 4.99132183904e-05, 4.41996089648e-05, 3.30664843204e-05, 3.64176812582e-05, 3.52137358277e-05, 2.48535670835e-05, 3.05278881569e-05, 1.72914096765e-05, 1.50577652676e-05, 1.41573264045e-05, 7.19825538908e-06, 4.63109654447e-06, 4.57180840385e-06, 4.45083742306e-06, 2.83073472929e-06, 3.0132887332e-06, 2.74475951301e-06, 1.70548526057e-06, 1.20006825455e-06, 1.13035810045e-06, 9.30247040287e-07, 7.19835895779e-07, 6.04172100793e-07, 5.04393938172e-07],
        "dvar": [3.13301313781e-08, 4.52524240302e-08, 2.39287434312e-08, 9.68526734368e-08, 4.70870915592e-08, 2.70510049916e-08, 8.06028737088e-08, 7.96431152139e-08, 1.19475487281e-07, 7.6459073739e-08, 3.55277656183e-08, 4.11636769115e-08, 3.59538958605e-08, 5.30105381813e-08, 9.88670123547e-09, 9.30508470276e-09, 7.63090834965e-09, 5.72804781385e-09, 2.51089793402e-09, 3.08057024334e-09, 2.67652788821e-09, 1.291290741e-09, 1.29884625277e-09, 4.23822282825e-10, 3.0130062334e-10, 2.90014373627e-10, 9.57132845203e-11, 3.52474022192e-11, 4.79404710374e-11, 4.61191085321e-11, 2.74974123332e-11, 2.08181579614e-11, 1.59462200389e-11, 9.6527117896e-12, 3.50167117524e-12, 3.33937391628e-12, 2.44216669457e-12, 1.9536807068e-12, 1.43769870141e-12, 1.10096719068e-12],
        "dvar2": [6.91003876341e-08, 1.03269371721e-07, 6.33386605386e-08, 2.54394819876e-07, 1.14916325344e-07, 6.43462243488e-08, 2.0503436815e-07, 1.79028418756e-07, 2.64668898353e-07, 1.72135784737e-07, 8.42766851861e-08, 1.04024870495e-07, 8.7251848413e-08, 1.3833813739e-07, 2.33077059875e-08, 2.27504006745e-08, 1.7295887389e-08, 1.19351160066e-08, 5.67525670903e-09, 7.66873675673e-09, 6.41248210087e-09, 3.15291104336e-09, 3.33297056621e-09, 9.82577907926e-10, 7.22149451349e-10, 7.09512171237e-10, 2.25708451929e-10, 7.85484663424e-11, 1.10582973334e-10, 9.77784936351e-11, 5.81340080241e-11, 4.67756978983e-11, 3.43240991185e-11, 2.26111109003e-11, 7.19224636445e-12, 6.71556300152e-12, 4.64387165874e-12, 3.62538146205e-12, 2.51595294078e-12, 2.26085664946e-12],
        "max": [0.00223582959734, 0.0031085612718, 0.00292111514136, 0.00686209602281, 0.00494349328801, 0.00313107878901, 0.00494034588337, 0.00831615924835, 0.00737285753712, 0.0064882254228, 0.00449974555522, 0.00430105440319, 0.00828067399561, 0.0064235245809, 0.00200297380798, 0.00227357726544, 0.00223547732458, 0.00298020429909, 0.00211740308441, 0.00172987929545, 0.0012540576281, 0.000943409511819, 0.000787318858784, 0.000449610088253, 0.00035467086127, 0.000609158480074, 0.000422240700573, 0.000145181969856, 0.000179453782039, 0.000167014135513, 0.000124554338981, 0.000121416371258, 0.000119510310469, 0.000121480967209, 5.64146939723e-05, 4.29388237535e-05, 5.02534167026e-05, 4.12449771829e-05, 5.74024124944e-05, 4.30486143159e-05],
        "mean": [6.2861443439e-05, 8.9014742116e-05, 0.000109146159957, 0.000362931692507, 0.000310562900268, 0.000225607669563, 0.000305989291519, 0.000298727070913, 0.000356835080311, 0.000266594230197, 0.000138039104058, 0.000170739149326, 0.000120176780911, 0.000145033758599, 6.73240501783e-05, 6.37121411273e-05, 5.26776639163e-05, 4.74934531667e-05, 3.54781332135e-05, 3.7838035496e-05, 4.0035964048e-05, 3.17092526529e-05, 3.757367449e-05, 2.28442841035e-05, 2.05138512683e-05, 1.89450383914e-05, 9.56964231591e-06, 5.96419113208e-06, 5.90624176766e-06, 6.05411196375e-06, 3.71466649085e-06, 3.82915959563e-06, 3.44383397533e-06, 2.27700274991e-06, 1.68639587628e-06, 1.4281337144e-06, 1.13432633952e-06, 8.79883373273e-07, 8.05864260656e-07, 7.12052496965e-07],
        "median": [1.58784878295e-05, 3.03613414872e-05, 6.16096367594e-05, 0.000206092940061, 0.000199191621505, 0.000131087770569, 0.000148311039084, 0.00013544333342, 0.000152419903316, 0.000106768413389, 3.99069976993e-05, 5.23636554135e-05, 3.46784217982e-05, 3.79467710445e-05, 2.67967698164e-05, 2.29935794778e-05, 1.38420964504e-05, 1.39627791214e-05, 1.1227698451e-05, 1.06660063466e-05, 1.25433962239e-05, 1.13655096357e-05, 1.55441084644e-05, 9.8986138255e-06, 9.73306578089e-06, 9.12532141228e-06, 4.73916134069e-06, 2.87449188363e-06, 2.56302223534e-06, 2.57099986811e-06, 1.62909077517e-06, 1.82879546173e-06, 1.55765428644e-06, 1.0798906942e-06, 8.08410391073e-07, 5.88510715716e-07, 4.39808360397e-07, 3.3528291965e-07, 3.13613384151e-07, 2.91499787863e-07],
        "min": [2.05491205505e-24, 2.43858461428e-24, 7.96622113237e-24, 4.57805052824e-24, 2.64421718366e-24, 3.80776571962e-24, 2.05016271797e-24, 1.90691169125e-24, 5.22750432872e-24, 3.99001664898e-24, 3.69652804894e-24, 6.71346662753e-24, 5.02861908388e-24, 7.80452910149e-24, 4.48355051382e-24, 5.090377032e-24, 7.75451137579e-24, 8.33931053091e-24, 6.26428567822e-24, 5.46718867072e-24, 8.02167568742e-24, 9.13462589606e-24, 8.21932163178e-24, 6.45948102618e-24, 4.63685379784e-24, 8.52527423413e-24, 7.92410227092e-24, 7.40687299664e-24, 6.07487386399e-24, 5.08118246372e-24, 8.57948238895e-24, 6.09825294021e-24, 7.22002103604e-24, 6.15536370873e-24, 8.46349538119e-24, 7.87022149337e-24, 8.25627660975e-24, 7.6371509612e-24, 8.22114468934e-24, 7.0397118878e-24],
        "var": [3.58551233148e-08, 4.93292127146e-08, 2.64686441653e-08, 2.06814974035e-07, 1.24161246617e-07, 7.42690531297e-08, 1.87637169802e-07, 2.18830095378e-07, 3.42571894407e-07, 2.03334991511e-07, 1.02134073643e-07, 1.12809672714e-07, 1.09844116025e-07, 1.21682148801e-07, 1.75738730235e-08, 1.87018418529e-08, 1.88930506795e-08, 1.69737575106e-08, 6.51023768228e-09, 6.33763796998e-09, 6.67570221324e-09, 3.63103591638e-09, 3.5289435818e-09, 1.21092613714e-09, 8.69869898334e-10, 7.93662580101e-10, 2.26972093897e-10, 8.4358409147e-11, 1.21012727616e-10, 1.28749108597e-10, 5.94524013353e-11, 4.5658490877e-11, 3.86429360733e-11, 2.04077015703e-11, 9.76135838826e-12, 8.10978281057e-12, 6.53087132985e-12, 5.31767078288e-12, 4.20808179968e-12, 2.65451159318e-12]
    },
    "mfcc": {
        "mean": [-645.190246582, 105.447555542, -19.720495224, 6.67999458313, -14.8458995819, -13.8593759537, -11.9455118179, -2.40143799782, -9.23948860168, -7.00536584854, -2.00553107262, -2.9458770752, -3.53811907768],
        "cov": [[5212.31787109, -1311.08996582, -398.744934082, -81.1825485229, -92.2099227905, 4.17972278595, -71.6313934326, 83.9129638672, 136.412155151, 55.4746360779, 101.807273865, -70.6315231323, 45.242099762], [-1311.08996582, 918.428833008, 56.2308158875, 6.6592001915, 0.548539221287, -18.6565055847, 42.7601394653, 0.304878622293, -74.2305450439, 1.90079820156, -2.68241643906, 26.6422023773, -7.98048830032], [-398.744934082, 56.2308158875, 676.778076172, 168.805023193, 54.4083709717, 28.6403026581, 33.7236289978, -7.72097301483, -18.1787090302, 6.09626054764, 10.7311964035, 36.8157348633, -1.37736940384], [-81.1825485229, 6.6592001915, 168.805023193, 284.627716064, 102.350769043, -44.5303039551, -34.9161949158, -22.3485851288, 1.54422521591, 5.11158227921, -11.0272169113, 20.0958709717, 25.1819763184], [-92.2099227905, 0.548539221287, 54.4083709717, 102.350769043, 161.173400879, 11.9082136154, -27.8814735413, -11.1879825592, 14.7598924637, 8.56903839111, 6.76946258545, 7.04374837875, 8.14945793152], [4.17972278595, -18.6565055847, 28.6403026581, -44.5303039551, 11.9082136154, 147.605804443, 74.3490905762, 9.58449459076, 19.3369407654, 17.9960689545, 13.0169010162, 5.05156898499, -7.30881214142], [-71.6313934326, 42.7601394653, 33.7236289978, -34.9161949158, -27.8814735413, 74.3490905762, 139.365234375, 55.4567527771, 3.19463801384, 9.65261173248, 5.76710319519, 16.6313323975, 2.41671776772], [83.9129638672, 0.304878622293, -7.72097301483, -22.3485851288, -11.1879825592, 9.58449459076, 55.4567527771, 111.290969849, 34.2494316101, 2.69931387901, 5.13592624664, 11.0795116425, 10.0727367401], [136.412155151, -74.2305450439, -18.1787090302, 1.54422521591, 14.7598924637, 19.3369407654, 3.19463801384, 34.2494316101, 94.6942214966, 25.5621929169, -2.496789217, 2.28979253769, 12.4233179092], [55.4746360779, 1.90079820156, 6.09626054764, 5.11158227921, 8.56903839111, 17.9960689545, 9.65261173248, 2.69931387901, 25.5621929169, 75.3600158691, 32.3777999878, -3.58645486832, -4.06800365448], [101.807273865, -2.68241643906, 10.7311964035, -11.0272169113, 6.76946258545, 13.0169010162, 5.76710319519, 5.13592624664, -2.496789217, 32.3777999878, 73.6361236572, 16.2164936066, -8.02095603943], [-70.6315231323, 26.6422023773, 36.8157348633, 20.0958709717, 7.04374837875, 5.05156898499, 16.6313323975, 11.0795116425, 2.28979253769, -3.58645486832, 16.2164936066, 71.2424545288, 26.0912513733], [45.242099762, -7.98048830032, -1.37736940384, 25.1819763184, 8.14945793152, -7.30881214142, 2.41671776772, 10.0727367401, 12.4233179092, -4.06800365448, -8.02095603943, 26.0912513733, 64.9225692749]],
