{
"lowlevel": {
    "average_loudness": 0.904409825802,
    "barkbands_crest": {
        "dmean": 2.15940976143,
        "dmean2": 3.45865607262,
        "dvar": 4.69017362595,
        "dvar2": 11.439204216,
        "max": 26.5102806091,
        "mean": 9.513256073,
        "median": 7.6684756279,
        "min": 2.34789681435,
        "var": 26.7001552582
    },
    "barkbands_flatness_db": {
        "dmean": 0.0155578805134,
        "dmean2": 0.0242889691144,
        "dvar": 0.000259661290329,
        "dvar2": 0.000605233421084,
        "max": 0.383386194706,
        "mean": 0.119660250843,
        "median": 0.111730746925,
        "min": 0.028535509482,
        "var": 0.00185128254816
    },
    "barkbands_kurtosis": {
        "dmean": 1.53970265388,
        "dmean2": 2.47221827507,
        "dvar": 13.7150392532,
        "dvar2": 33.7432174683,
        "max": 191.959960938,
        "mean": 2.11011219025,
        "median": 0.478416204453,
        "min": -1.93247234821,
        "var": 40.2630004883
    },
    "barkbands_skewness": {
        "dmean": 0.384727060795,
        "dmean2": 0.596369445324,
        "dvar": 0.212465450168,
        "dvar2": 0.488489955664,
        "max": 13.584104538,
        "mean": 0.686269938946,
        "median": 0.680680334568,
        "min": -5.20072698593,
        "var": 1.81084406376
    },
    "barkbands_spread": {
        "dmean": 4.70982027054,
        "dmean2": 7.38787078857,
        "dvar": 34.0187950134,
        "dvar2": 77.5182952881,
        "max": 137.653305054,
        "mean": 24.3997459412,
        "median": 23.8862190247,
        "min": 0.870360672474,
        "var": 139.758605957
    },
    "dissonance": {
        "dmean": 0.0166013240814,
        "dmean2": 0.0277703758329,
        "dvar": 0.000297772116028,
        "dvar2": 0.000793455576058,
        "max": 0.500000178814,
        "mean": 0.467339813709,
        "median": 0.474576056004,
        "min": 0.236047685146,
        "var": 0.00079000252299
    },
    "dynamic_complexity": 2.93691444397,
    "erbbands_crest": {
        "dmean": 2.37916111946,
        "dmean2": 3.79422712326,
        "dvar": 6.15327453613,
        "dvar2": 14.8161029816,
        "max": 30.4242267609,
        "mean": 9.51933479309,
        "median": 7.79790830612,
        "min": 2.44610261917,
        "var": 31.5365829468
    },
    "erbbands_flatness_db": {
        "dmean": 0.0144546004012,
        "dmean2": 0.0215875580907,
        "dvar": 0.000206712706131,
        "dvar2": 0.000423594203312,
        "max": 0.40185636282,
        "mean": 0.172683998942,
        "median": 0.171334996819,
        "min": 0.0542018972337,
        "var": 0.00216984329745
    },
    "erbbands_kurtosis": {
        "dmean": 0.809717178345,
        "dmean2": 1.30447876453,
        "dvar": 2.54730415344,
        "dvar2": 6.48566389084,
        "max": 33.5639038086,
        "mean": 0.337551474571,
        "median": -0.185425758362,
        "min": -1.83612513542,
        "var": 5.05738782883
    },
    "erbbands_skewness": {
        "dmean": 0.312884271145,
        "dmean2": 0.481339633465,
        "dvar": 0.119100421667,
        "dvar2": 0.259650617838,
        "max": 5.64256381989,
        "mean": 0.28084692359,
        "median": 0.206600725651,
        "min": -4.9511051178,
        "var": 0.769496500492
    },
    "erbbands_spread": {
        "dmean": 5.87694597244,
        "dmean2": 9.18214607239,
        "dvar": 45.9147186279,
        "dvar2": 109.245864868,
        "max": 121.717536926,
        "mean": 34.7743759155,
        "median": 33.7322769165,
        "min": 2.54970288277,
        "var": 194.959289551
    },
    "hfc": {
        "dmean": 6.63804721832,
        "dmean2": 9.83327293396,
        "dvar": 131.697860718,
        "dvar2": 297.681243896,
        "max": 246.288116455,
        "mean": 23.3635940552,
        "median": 18.9000797272,
        "min": 1.04419005659e-16,
        "var": 442.391845703
    },
    "melbands_crest": {
        "dmean": 2.85642981529,
        "dmean2": 4.63563489914,
        "dvar": 8.66042232513,
        "dvar2": 21.5784568787,
        "max": 38.1891746521,
        "mean": 11.8954591751,
        "median": 10.5204267502,
        "min": 1.42587542534,
        "var": 47.7181282043
    },
    "melbands_flatness_db": {
        "dmean": 0.0174237675965,
        "dmean2": 0.0267490819097,
        "dvar": 0.000411657791119,
        "dvar2": 0.000936132797506,
        "max": 0.472511827946,
        "mean": 0.128173559904,
        "median": 0.128803819418,
        "min": 0.000639751786366,
        "var": 0.00421205395833
    },
    "melbands_kurtosis": {
        "dmean": 3.44728732109,
        "dmean2": 5.46526002884,
        "dvar": 88.9496612549,
        "dvar2": 214.236297607,
        "max": 640.657592773,
        "mean": 6.63637304306,
        "median": 2.71567058563,
        "min": -1.8911793232,
        "var": 312.803833008
    },
    "melbands_skewness": {
        "dmean": 0.46839043498,
        "dmean2": 0.735040068626,
        "dvar": 0.361811280251,
        "dvar2": 0.871761679649,
        "max": 20.377779007,
        "mean": 1.63787031174,
        "median": 1.38714504242,
        "min": -2.50333690643,
        "var": 2.07204341888
    },
    "melbands_spread": {
        "dmean": 8.79651546478,
        "dmean2": 14.0240716934,
        "dvar": 168.238861084,
        "dvar2": 379.045715332,
        "max": 250.896499634,
        "mean": 43.4633789062,
        "median": 32.137966156,
        "min": 0.811211645603,
        "var": 1376.07849121
    },
    "pitch_salience": {
        "dmean": 0.0574806518853,
        "dmean2": 0.0934635847807,
        "dvar": 0.00333334016614,
        "dvar2": 0.0083937831223,
        "max": 0.99796384573,
        "mean": 0.594478607178,
        "median": 0.605536460876,
        "min": 0.0541516840458,
        "var": 0.0186046212912
    },
    "silence_rate_20dB": {
        "dmean": 0,
        "dmean2": 0,
        "dvar": 0,
        "dvar2": 0,
        "max": 1,
        "mean": 1,
        "median": 1,
        "min": 1,
        "var": 0
    },
    "silence_rate_30dB": {
        "dmean": 0.000425350910518,
        "dmean2": 0.000850792275742,
        "dvar": 0.000425222184276,
        "dvar2": 0.00106290122494,
        "max": 1,
        "mean": 0.999680995941,
        "median": 1,
        "min": 0,
        "var": 0.000318822072586
    },
    "silence_rate_60dB": {
        "dmean": 0.0155253084376,
        "dmean2": 0.0310539193451,
        "dvar": 0.0152865219861,
        "dvar2": 0.0337101891637,
        "max": 1,
        "mean": 0.15906432271,
        "median": 0,
        "min": 0,
        "var": 0.133784979582
    },
    "spectral_centroid": {
        "dmean": 260.838562012,
        "dmean2": 409.990783691,
        "dvar": 93745.4140625,
        "dvar2": 205869.640625,
        "max": 12054.5322266,
        "mean": 2741.97583008,
        "median": 1920.86560059,
        "min": 266.658691406,
        "var": 8010698.5
    },
    "spectral_complexity": {
        "dmean": 3.16227126122,
        "dmean2": 4.79761791229,
        "dvar": 15.1820306778,
        "dvar2": 31.0049610138,
        "max": 63,
        "mean": 19.080488205,
        "median": 19,
        "min": 0,
        "var": 135.940414429
    },
    "spectral_decrease": {
        "dmean": 1.27948951434e-09,
        "dmean2": 1.92077975747e-09,
        "dvar": 3.80539849953e-18,
        "dvar2": 8.52978307907e-18,
        "max": 8.31983296352e-25,
        "mean": -4.42459313632e-09,
        "median": -3.91517396281e-09,
        "min": -3.69186743399e-08,
        "var": 1.34543912754e-17
    },
    "spectral_energy": {
        "dmean": 0.0053105596453,
        "dmean2": 0.00795534718782,
        "dvar": 6.45608233754e-05,
        "dvar2": 0.000143756973557,
        "max": 0.1495654881,
        "mean": 0.0188185721636,
        "median": 0.0168413519859,
        "min": 9.79650678962e-21,
        "var": 0.000234559061937
    },
    "spectral_energyband_high": {
        "dmean": 0.000495423562825,
        "dmean2": 0.000745454162825,
        "dvar": 1.55042198458e-06,
        "dvar2": 3.64829520549e-06,
        "max": 0.0363965965807,
        "mean": 0.00118670100346,
        "median": 0.00065955996979,
        "min": 6.92654549323e-21,
        "var": 2.96466737382e-06
    },
    "spectral_energyband_low": {
        "dmean": 0.000908199348487,
        "dmean2": 0.00147735525388,
        "dvar": 9.04151602299e-06,
        "dvar2": 2.34377585002e-05,
        "max": 0.124033525586,
        "mean": 0.00147784897126,
        "median": 0.000550866592675,
        "min": 7.94818067233e-24,
        "var": 1.35686077556e-05
    },
    "spectral_energyband_middle_high": {
        "dmean": 0.0020808801055,
        "dmean2": 0.00311554060318,
        "dvar": 1.21256762213e-05,
        "dvar2": 2.5886018193e-05,
        "max": 0.0841377228498,
        "mean": 0.00705593964085,
        "median": 0.00434548221529,
        "min": 9.96084794795e-22,
        "var": 6.7272434535e-05
    },
    "spectral_energyband_middle_low": {
        "dmean": 0.00352177675813,
        "dmean2": 0.00542992539704,
        "dvar": 3.64696134056e-05,
        "dvar2": 8.57318300405e-05,
        "max": 0.111802332103,
        "mean": 0.00952653586864,
        "median": 0.00626833876595,
        "min": 1.48910117635e-22,
        "var": 0.000111397523142
    },
    "spectral_entropy": {
        "dmean": 0.115966461599,
        "dmean2": 0.170428961515,
        "dvar": 0.0182722322643,
        "dvar2": 0.0353352800012,
        "max": 9.82883071899,
        "mean": 7.86173391342,
        "median": 7.70489358902,
        "min": 5.10472488403,
        "var": 0.531911969185
    },
    "spectral_flux": {
        "dmean": 0.0176915023476,
        "dmean2": 0.0274938903749,
        "dvar": 0.000487067911308,
        "dvar2": 0.00109429995064,
        "max": 0.315111219883,
        "mean": 0.0679628998041,
        "median": 0.0641041323543,
        "min": 6.2332659867e-11,
        "var": 0.00185397651512
    },
    "spectral_kurtosis": {
        "dmean": 1.04279029369,
        "dmean2": 1.79267728329,
        "dvar": 1.9047460556,
        "dvar2": 5.3496556282,
        "max": 44.3787193298,
        "mean": 2.92734837532,
        "median": 2.74692153931,
        "min": -1.28622996807,
        "var": 7.62291097641
    },
    "spectral_rms": {
        "dmean": 0.000548994226847,
        "dmean2": 0.000805107003544,
        "dvar": 4.60699595806e-07,
        "dvar2": 9.50091930463e-07,
        "max": 0.0120796337724,
        "mean": 0.00379311828874,
        "median": 0.00405346602201,
        "min": 3.09153158802e-12,
        "var": 3.97183339373e-06
    },
    "spectral_rolloff": {
        "dmean": 535.795166016,
        "dmean2": 884.956420898,
        "dvar": 640561.375,
        "dvar2": 1330175.75,
        "max": 20219.6777344,
        "mean": 3976.54394531,
        "median": 2239.453125,
        "min": 21.533203125,
        "var": 26385926
    },
    "spectral_skewness": {
        "dmean": 0.156216204166,
        "dmean2": 0.256102621555,
        "dvar": 0.0285205524415,
        "dvar2": 0.0693900361657,
        "max": 5.09023761749,
        "mean": 1.14197981358,
        "median": 1.1958963871,
        "min": -0.263054251671,
        "var": 0.271097272635
    },
    "spectral_spread": {
        "dmean": 414307.1875,
        "dmean2": 641321.625,
        "dvar": 411012726784,
        "dvar2": 885475508224,
        "max": 43464120,
        "mean": 7964116,
        "median": 4316859.5,
        "min": 1241207.75,
        "var": 1.19908054598e+14
    },
    "spectral_strongpeak": {
        "dmean": 0.62543451786,
        "dmean2": 1.0258949995,
        "dvar": 0.706849098206,
        "dvar2": 1.79884302616,
        "max": 11.9690742493,
        "mean": 1.55098319054,
        "median": 1.11686074734,
        "min": 0,
        "var": 2.39523100853
    },
    "zerocrossingrate": {
        "dmean": 0.00984906498343,
        "dmean2": 0.0120975142345,
        "dvar": 0.00019265593437,
        "dvar2": 0.000228758042795,
        "max": 0.763671875,
        "mean": 0.122813507915,
        "median": 0.0791015625,
        "min": 0.01513671875,
        "var": 0.0172252543271
    },
    "barkbands": {
        "dmean": [3.48947723978e-05, 0.000532659061719, 0.000409122381825, 0.000298761588056, 0.000886717927642, 0.00124886934645, 0.000727754377294, 0.000521782785654, 0.00110364647117, 0.00077857641736, 0.000569230294786, 0.00042010541074, 0.000360776641173, 0.000327508052578, 0.000393165799323, 0.000267305673333, 0.000206976605114, 0.000220280286158, 0.000243217320531, 0.000196011431399, 0.000176136192749, 0.000142281860462, 9.60660108831e-05, 7.25989011698e-05, 2.48113101406e-05, 7.91650927567e-06, 7.14014758429e-09],
        "dmean2": [6.09876842645e-05, 0.000885245273821, 0.000693494279403, 0.00050283462042, 0.00148466613609, 0.00197761156596, 0.00115883303806, 0.000819559616502, 0.00165930867661, 0.00119006435852, 0.000849809439387, 0.000659362820443, 0.000577595317736, 0.000522499263752, 0.000635526026599, 0.000434372544987, 0.000337406119797, 0.000362753169611, 0.000388474087231, 0.000311599083943, 0.000275021797279, 0.000225754731218, 0.000148091363371, 0.000111039735202, 3.77495271096e-05, 1.17339741337e-05, 1.24752768116e-08],
        "dvar": [3.53286666588e-09, 2.77888352684e-06, 3.05622643282e-06, 4.98289523421e-07, 5.88793955103e-06, 8.48699528433e-06, 5.67435927223e-06, 3.44601357938e-06, 1.19447004181e-05, 4.81624192616e-06, 3.36304651682e-06, 1.26992688365e-06, 1.37582856041e-06, 5.85715326906e-07, 6.22594313882e-07, 3.28622320467e-07, 1.93669322357e-07, 1.44241028011e-07, 1.72766633e-07, 1.22251776702e-07, 1.66187916761e-07, 2.75281763606e-07, 7.11561511935e-08, 5.34932738105e-08, 1.09069180354e-08, 7.7671358234e-10, 2.80021977286e-15],
        "dvar2": [1.00197894426e-08, 7.59828390073e-06, 8.00586440164e-06, 1.3065962321e-06, 1.61797179317e-05, 2.10592006624e-05, 1.35872660394e-05, 7.86500550021e-06, 2.66365786956e-05, 9.9675007732e-06, 6.8123440542e-06, 2.7583305382e-06, 3.27004977407e-06, 1.31098113343e-06, 1.49944150962e-06, 8.37430150114e-07, 4.80278572468e-07, 3.80699958669e-07, 4.13881934946e-07, 3.11355421445e-07, 4.06391137631e-07, 7.00162445355e-07, 1.573368138e-07, 1.20448248708e-07, 2.46653968361e-08, 1.716737974e-09, 7.62725386322e-15],
        "max": [0.00100271299016, 0.053371489048, 0.0714342445135, 0.0197512563318, 0.0593115203083, 0.0802854001522, 0.0904140248895, 0.0542500950396, 0.0920310541987, 0.0548648536205, 0.0465764701366, 0.0433824025095, 0.0448136553168, 0.0391549915075, 0.0210782606155, 0.0132545335218, 0.0126831149682, 0.00602135527879, 0.0101622259244, 0.00588563689962, 0.00973255652934, 0.013208989054, 0.00870999507606, 0.00624349480495, 0.00453773280606, 0.000864889530931, 2.86377303382e-06],
        "mean": [3.97034127673e-05, 0.000723971170373, 0.000516725354828, 0.000447430007625, 0.00135342928115, 0.0027218060568, 0.001446809154, 0.000865044770762, 0.00217232154682, 0.0013895368902, 0.00128319126088, 0.000816715648398, 0.000596867641434, 0.000563480949495, 0.00068201351678, 0.000473670923384, 0.00038353461423, 0.000424156198278, 0.000525386305526, 0.000421866949182, 0.000350555696059, 0.000215380452573, 0.000194241933059, 0.000152174572577, 4.72487081424e-05, 1.13541100291e-05, 1.46915839494e-08],
        "median": [2.07045268326e-05, 0.000227937212912, 0.000108143445686, 0.000135020600283, 0.000544551701751, 0.000823645154014, 0.000326510693412, 0.000185299039003, 0.000446923426352, 0.000259327644017, 0.000168407757883, 0.000253171892837, 0.000178100191988, 0.000207000353839, 0.000274614256341, 0.000198531968636, 0.000166156125488, 0.000234276041738, 0.000301037245663, 0.00021651116549, 0.00016362068709, 7.18448791304e-05, 7.78027679189e-05, 5.27780757693e-05, 1.72725904122e-05, 2.37926201407e-06, 5.31508337343e-10],
        "min": [1.11487714931e-25, 1.2818849687e-24, 7.47660080648e-25, 3.33081479569e-25, 2.93726224666e-24, 4.70235331323e-24, 5.18659597433e-24, 4.7935511559e-24, 6.29900108008e-24, 9.6780130091e-24, 6.83358884415e-24, 1.23219166205e-23, 1.63026641539e-23, 2.61221633106e-23, 2.15851607652e-23, 3.94927876743e-23, 5.17116056966e-23, 7.83411264761e-23, 9.98499996586e-23, 1.2183806482e-22, 2.21617634977e-22, 2.61450541608e-22, 3.45204320434e-22, 5.5933999469e-22, 6.76265387202e-22, 1.17883385195e-21, 1.7372313535e-21],
        "var": [3.84080145466e-09, 3.63197227671e-06, 3.4571883134e-06, 8.92770572136e-07, 8.13982114778e-06, 3.17915182677e-05, 1.74182841874e-05, 6.57851205688e-06, 2.93994162348e-05, 1.24465204863e-05, 1.79346170626e-05, 4.40431813331e-06, 3.0011437957e-06, 1.41493023875e-06, 1.36974233556e-06, 6.35471167243e-07, 3.96441976136e-07, 3.16086243402e-07, 4.50134137964e-07, 3.13681255193e-07, 2.95586374932e-07, 3.02777408479e-07, 1.43508614769e-07, 1.18538089566e-07, 1.90247337883e-08, 1.12798304031e-09, 1.40728578015e-14]
    },
    "erbbands": {
        "dmean": [0.0110208587721, 0.140007197857, 0.462159305811, 0.681102514267, 1.82123696804, 3.63559675217, 4.25390529633, 12.9707918167, 10.7716350555, 11.725856781, 11.6987199783, 22.3728580475, 29.2665214539, 22.0806255341, 21.1561660767, 17.3438720703, 16.4988555908, 15.347161293, 17.5219860077, 18.5972957611, 13.1055259705, 10.234038353, 10.2914123535, 13.047958374, 10.6974010468, 9.29661369324, 8.28773117065, 5.46402215958, 5.35089874268, 3.94995522499, 2.70582389832, 1.98510062695, 0.90599912405, 0.335860162973, 0.159944459796, 0.0569915398955, 0.0106210233644, 0.000660290650558, 1.73099924723e-05, 7.52082542022e-06],
        "dmean2": [0.0182649139315, 0.233006566763, 0.777486979961, 1.14589202404, 3.09490680695, 6.09944009781, 6.88861179352, 20.6476993561, 16.6189155579, 18.217754364, 17.962556839, 32.8031463623, 42.7486457825, 32.9087142944, 29.9234714508, 26.949716568, 25.9515781403, 24.3961410522, 27.9256725311, 30.2235431671, 21.1039142609, 16.5122280121, 16.7751674652, 20.7987499237, 17.2505741119, 14.7914514542, 12.8419942856, 8.62734508514, 8.57899856567, 6.17736530304, 4.17513895035, 3.12493777275, 1.37481474876, 0.508206605911, 0.243601173162, 0.083369910717, 0.0159801431, 0.00102217879612, 2.56343810179e-05, 1.11064791781e-05],
        "dvar": [0.000661386642605, 0.225206196308, 3.79756379128, 3.16485142708, 27.5367527008, 104.071731567, 104.480812073, 1120.48632812, 973.626220703, 1524.20532227, 1387.54089355, 6039.18994141, 7232.35302734, 4031.11914062, 4387.79492188, 2201.30810547, 2797.30810547, 1362.17004395, 1264.53955078, 1983.52807617, 760.967529297, 476.250701904, 333.347961426, 506.875305176, 360.115234375, 292.818237305, 264.889007568, 302.281524658, 412.733581543, 134.509109497, 57.8436584473, 39.8127975464, 8.63621616364, 1.53739368916, 0.608105242252, 0.0444262512028, 0.00144964375068, 8.6239506345e-06, 3.65815644443e-09, 1.47869327893e-10],
        "dvar2": [0.00172555074096, 0.61637032032, 9.83151912689, 8.51067447662, 75.7774810791, 285.899353027, 260.251678467, 2858.6262207, 2265.02026367, 3533.05786133, 3102.99975586, 12859.0849609, 15549.6298828, 8453.75585938, 7996.48046875, 4839.44335938, 6243.58105469, 3189.00854492, 2983.63745117, 4910.02539062, 1915.77966309, 1171.95446777, 855.492492676, 1200.35571289, 919.664916992, 750.946960449, 622.290039062, 752.559631348, 1060.35632324, 316.105804443, 129.787780762, 95.5088806152, 18.2288246155, 3.458994627, 1.41276443005, 0.0965334847569, 0.00335719110444, 2.08284109249e-05, 8.30801738516e-09, 3.26257992844e-10],
        "max": [0.560771524906, 15.5794124603, 81.9415359497, 50.9602241516, 123.941139221, 345.903198242, 338.566497803, 987.066772461, 978.560119629, 1202.80285645, 1062.74023438, 2593.671875, 2097.40136719, 1803.61035156, 1919.62756348, 2046.90454102, 2162.28515625, 1909.18151855, 858.837097168, 1196.06201172, 886.219665527, 719.577392578, 327.347900391, 776.043457031, 401.828979492, 351.786834717, 432.155059814, 520.039733887, 571.128051758, 340.50491333, 235.959289551, 165.945510864, 95.7713546753, 48.1621055603, 36.0067138672, 9.44661426544, 0.969037294388, 0.101499356329, 0.0017967709573, 0.000248511903919],
        "mean": [0.0155940735713, 0.182126969099, 0.605274319649, 1.06763446331, 2.50677275658, 5.37451124191, 8.38838005066, 27.6321697235, 23.1343669891, 20.5096416473, 21.3353786469, 43.0123214722, 56.699760437, 46.29271698, 47.9340362549, 35.308013916, 30.0386962891, 28.0441551208, 32.9853019714, 33.5638198853, 25.7485408783, 20.4202842712, 21.5932865143, 28.0614624023, 24.56316185, 20.4186420441, 18.1643562317, 9.69397068024, 7.82145881653, 7.16018915176, 5.44019603729, 3.96320486069, 1.887845397, 0.657698690891, 0.280699193478, 0.0892369672656, 0.0142076378688, 0.000809940800536, 3.51138260157e-05, 2.6540719773e-05],
        "median": [0.00508594606072, 0.0509832240641, 0.141048073769, 0.350541174412, 0.914306402206, 1.93141758442, 3.71971511841, 7.19124603271, 6.31559181213, 4.99311542511, 6.31704378128, 10.2693490982, 12.9955024719, 11.6684970856, 11.3605871201, 12.9245443344, 11.0140190125, 12.2464027405, 13.9222326279, 14.9311552048, 11.7008066177, 9.78058815002, 12.008559227, 16.8979263306, 14.5579442978, 11.2335224152, 8.8384475708, 4.29193353653, 2.46843314171, 2.79646039009, 2.13691759109, 1.40169334412, 0.628792881966, 0.24596452713, 0.0907506421208, 0.022163765505, 0.00267003942281, 9.6058298368e-05, 1.8796274162e-05, 2.36664709519e-05],
        "min": [3.11970601307e-23, 2.57260869786e-22, 9.3602695868e-22, 2.08809386397e-21, 5.21920512703e-21, 1.36398060198e-20, 3.00677761594e-20, 5.07623325894e-20, 8.37915348952e-20, 7.75860130152e-20, 2.10647914862e-19, 1.67389289807e-19, 3.97691145271e-19, 4.35155473532e-19, 7.52608160681e-19, 8.72546195875e-19, 1.08898275944e-18, 1.51928718057e-18, 2.06945286419e-18, 2.30414220195e-18, 2.82973896702e-18, 3.23294526148e-18, 4.62234481995e-18, 5.53502116626e-18, 5.97877833588e-18, 7.03073080424e-18, 7.550017422e-18, 9.1532357242e-18, 8.88418778534e-18, 9.062869551e-18, 9.47751947564e-18, 9.7199396434e-18, 7.73234788134e-18, 6.38511426819e-18, 5.3773733628e-18, 3.54890385364e-18, 2.14709637919e-18, 9.01752702533e-19, 2.26147095268e-19, 2.47314757003e-20],
        "var": [0.00100977346301, 0.278502464294, 4.59375333786, 5.06094026566, 29.0610218048, 164.090591431, 300.235076904, 3819.56030273, 3350.09814453, 3377.56762695, 2939.22949219, 13601.9697266, 17267.8203125, 13358.3154297, 21223.6679688, 7673.79638672, 7182.99902344, 2629.85351562, 3319.79492188, 3901.79003906, 1703.30712891, 970.170654297, 838.237670898, 1262.67858887, 952.718994141, 711.249023438, 660.715759277, 377.722412109, 427.790710449, 215.024139404, 116.636657715, 71.7769393921, 22.013168335, 2.94553899765, 0.933197081089, 0.0701432004571, 0.00184764910955, 9.41158032219e-06, 5.20219112232e-09, 4.84762008313e-10]
    },
    "gfcc": {
        "mean": [-114.306938171, 67.8724517822, -138.025085449, 30.874830246, -71.1281967163, 12.4052343369, -38.3037910461, 8.24481201172, -22.5529689789, 1.7323192358, -8.21121883392, -1.50028169155, -3.03506183624],
        "cov": [[121296.171875, 7600.77832031, -15784.7333984, 3968.19995117, -8316.98730469, 1642.39770508, -4400.45849609, 1016.24511719, -2680.32592773, 156.559280396, -978.45526123, -253.966293335, -371.632019043], [7600.77832031, 1202.87695312, -974.117614746, 235.677185059, -392.447418213, -1.29614448547, -271.874267578, 20.0691738129, -172.116928101, -26.5131607056, -23.5091228485, -82.907371521, -9.86476898193], [-15784.7333984, -974.117614746, 2792.58178711, -263.303894043, 1088.27648926, -157.782623291, 504.409393311, -165.175384521, 343.285919189, 6.35655736923, 56.7958831787, 64.8272171021, -49.0249481201], [3968.19995117, 235.677185059, -263.303894043, 444.552520752, -192.857284546, 96.8116073608, -154.748703003, 27.8947582245, -81.0643920898, -4.23147821426, -64.2529830933, -20.055562973, -39.8707313538], [-8316.98730469, -392.447418213, 1088.27648926, -192.857284546, 849.147399902, -58.306350708, 342.587219238, -46.5206069946, 146.901245117, -25.624994278, 22.7892532349, -10.4456167221, -17.5576839447], [1642.39770508, -1.29614448547, -157.782623291, 96.8116073608, -58.306350708, 187.258132935, 3.34498023987, 32.7635498047, -60.4336967468, -7.24072217941, -23.7962303162, -15.1496219635, -9.54701423645], [-4400.45849609, -271.874267578, 504.409393311, -154.748703003, 342.587219238, 3.34498023987, 287.339874268, -0.381208956242, 79.1665725708, -15.6864204407, 46.0789680481, -17.8297176361, 30.6397743225], [1016.24511719, 20.0691738129, -165.175384521, 27.8947582245, -46.5206069946, 32.7635498047, -0.381208956242, 91.4889526367, 5.75778913498, -1.65295541286, -18.3571815491, -8.91867542267, -3.56371116638], [-2680.32592773, -172.116928101, 343.285919189, -81.0643920898, 146.901245117, -60.4336967468, 79.1665725708, 5.75778913498, 155.372970581, 14.2562656403, 25.5497303009, 14.5428228378, 14.6958475113], [156.559280396, -26.5131607056, 6.35655736923, -4.23147821426, -25.624994278, -7.24072217941, -15.6864204407, -1.65295541286, 14.2562656403, 75.9274368286, 22.4030456543, 21.3923816681, -13.0487098694], [-978.45526123, -23.5091228485, 56.7958831787, -64.2529830933, 22.7892532349, -23.7962303162, 46.0789680481, -18.3571815491, 25.5497303009, 22.4030456543, 122.837638855, 18.8917274475, 35.4297370911], [-253.966293335, -82.907371521, 64.8272171021, -20.055562973, -10.4456167221, -15.1496219635, -17.8297176361, -8.91867542267, 14.5428228378, 21.3923816681, 18.8917274475, 94.2876434326, 1.59356820583], [-371.632019043, -9.86476898193, -49.0249481201, -39.8707313538, -17.5576839447, -9.54701423645, 30.6397743225, -3.56371116638, 14.6958475113, -13.0487098694, 35.4297370911, 1.59356820583, 99.8060531616]],
        "icov": [[0.000355245836545, -0.000678447715472, 0.000798388966359, -0.000857328355778, 0.00120285432786, -0.00104399304837, 0.000946452084463, -0.00106004520785, 0.00111938000191, -0.000814166502096, 0.000774003390688, -0.000479081179947, 0.000550355995074], [-0.000678447715472, 0.00279199238867, -0.00113581318874, 0.00116042932495, -0.00251597212628, 0.00270308135077, -0.0010641842382, 0.0021393483039, -0.00153805781156, 0.0019441038603, -0.00210989336483, 0.00204663537443, -0.000928619294427], [0.000798388966359, -0.00113581318874, 0.00302897719666, -0.0024114951957, 0.00192905031145, -0.00202178303152, 0.00122469535563, -0.000497087778058, 0.0011403298704, -0.00170342356432, 0.00190911861137, -0.00157763052266, 0.00209416588768], [-0.000857328355778, 0.00116042932495, -0.0024114951957, 0.00570595543832, -0.00275281420909, 0.000673532194924, -0.000276522594504, 0.00156111316755, -0.00225224834867, 0.00193047430366, -0.00131305388641, 0.00167487596627, -0.00123852165416], [0.00120285432786, -0.00251597212628, 0.00192905031145, -0.00275281420909, 0.00749237416312, -0.00316220382228, 0.000269284966635, -0.00318730133586, 0.00345771177672, -0.00210804538801, 0.00323160178959, -0.00156590831466, 0.00299023487605], [-0.00104399304837, 0.00270308135077, -0.00202178303152, 0.000673532194924, -0.00316220382228, 0.0111979441717, -0.00517229223624, 0.00129417399876, -0.000190914433915, 0.00218059844337, -0.00187046430074, 0.00162187917158, -0.00124399806373], [0.000946452084463, -0.0010641842382, 0.00122469535563, -0.000276522594504, 0.000269284966635, -0.00517229223624, 0.0137872751802, -0.00623010471463, 0.00345789291896, -0.00128097855486, -0.000910268223379, 0.00189226691145, -0.00137607357465], [-0.00106004520785, 0.0021393483039, -0.000497087778058, 0.00156111316755, -0.00318730133586, 0.00129417399876, -0.00623010471463, 0.019457064569, -0.00840926170349, 0.00258593680337, 0.000145477330079, 0.000892570824362, 0.000324634253047], [0.00111938000191, -0.00153805781156, 0.0011403298704, -0.00225224834867, 0.00345771177672, -0.000190914433915, 0.00345789291896, -0.00840926170349, 0.0158784668893, -0.00461716670543, 0.00155698927119, -0.00109340343624, -0.000572277000174], [-0.000814166502096, 0.0019441038603, -0.00170342356432, 0.00193047430366, -0.00210804538801, 0.00218059844337, -0.00128097855486, 0.00258593680337, -0.00461716670543, 0.0183257181197, -0.00555589422584, -0.00115698936861, 0.00248486921191], [0.000774003390688, -0.00210989336483, 0.00190911861137, -0.00131305388641, 0.00323160178959, -0.00187046430074, -0.000910268223379, 0.000145477330079, 0.00155698927119, -0.00555589422584, 0.0134555036202, -0.00310634146444, -0.00192162196618], [-0.000479081179947, 0.00204663537443, -0.00157763052266, 0.00167487596627, -0.00156590831466, 0.00162187917158, 0.00189226691145, 0.000892570824362, -0.00109340343624, -0.00115698936861, -0.00310634146444, 0.0141637567431, -0.00147052411921], [0.000550355995074, -0.000928619294427, 0.00209416588768, -0.00123852165416, 0.00299023487605, -0.00124399806373, -0.00137607357465, 0.000324634253047, -0.000572277000174, 0.00248486921191, -0.00192162196618, -0.00147052411921, 0.014466656372]]
    },
    "melbands": {
        "dmean": [0.000121425298858, 0.000218176093767, 0.000136830785777, 0.000205856093089, 0.000145266196341, 0.000273327314062, 0.000165027711773, 0.000124689846416, 9.85448277788e-05, 0.00015722529497, 0.000147858678247, 9.13875701372e-05, 8.06684693089e-05, 5.06527721882e-05, 4.43457101937e-05, 3.33442949341e-05, 2.99699113384e-05, 2.88246792479e-05, 2.91527248919e-05, 2.15713480429e-05, 1.59139872267e-05, 1.16692763186e-05, 1.03197280623e-05, 1.18028847282e-05, 1.16580358736e-05, 9.65390154306e-06, 7.15308169674e-06, 6.48090417599e-06, 5.84910367252e-06, 4.69794213132e-06, 2.98479358207e-06, 3.23522158396e-06, 2.84260454464e-06, 2.1303073936e-06, 1.78764378234e-06, 1.27850182707e-06, 1.23399195218e-06, 7.43709563267e-07, 4.14880759081e-07, 2.63431985559e-07],
        "dmean2": [0.000201602771995, 0.000364208564861, 0.000228280099691, 0.000349541543983, 0.000233854851103, 0.000433766632341, 0.000257549894741, 0.000192085266463, 0.000149999323185, 0.000232702062931, 0.000216216954868, 0.000136417511385, 0.000116468727356, 7.73960709921e-05, 6.93897163728e-05, 5.30704455741e-05, 4.75556771562e-05, 4.60550436401e-05, 4.73598083772e-05, 3.47488130501e-05, 2.58184918493e-05, 1.90378814295e-05, 1.69443010236e-05, 1.95700213226e-05, 1.86760335055e-05, 1.56694277393e-05, 1.16992823678e-05, 1.03986831164e-05, 9.10978178581e-06, 7.50530898586e-06, 4.78975289298e-06, 5.22980462847e-06, 4.59150078314e-06, 3.33671550834e-06, 2.78523225461e-06, 2.00443355425e-06, 1.95796496882e-06, 1.14027784548e-06, 6.46889418476e-07, 4.05401920034e-07],
        "dvar": [1.12992857737e-07, 7.42410520616e-07, 1.09351333322e-07, 3.78684916313e-07, 1.06268856825e-07, 4.54268473504e-07, 2.21882928031e-07, 1.71746080468e-07, 1.00936510705e-07, 2.75317148635e-07, 1.81004764954e-07, 7.19028605545e-08, 6.91428638788e-08, 1.96040890188e-08, 2.08752677366e-08, 8.51257109247e-09, 5.96294613686e-09, 4.05370270684e-09, 4.11318179516e-09, 2.44840991925e-09, 1.25724441968e-09, 7.44977024514e-10, 4.45930348203e-10, 4.74432992892e-10, 4.3867445787e-10, 3.35389827022e-10, 1.77303116633e-10, 1.50735077198e-10, 1.3430674628e-10, 1.28168198277e-10, 1.19997817238e-10, 1.80059286925e-10, 9.69504684867e-11, 3.47370639198e-11, 2.39389688628e-11, 1.48960063034e-11, 1.570610135e-11, 5.70559615179e-12, 1.79924467252e-12, 1.07737234932e-12],
        "dvar2": [3.08896233037e-07, 1.93640494217e-06, 2.83844116211e-07, 1.06170796244e-06, 2.63955996616e-07, 1.14392287287e-06, 5.26318899574e-07, 3.94489660493e-07, 2.22967500463e-07, 5.95307596996e-07, 3.88712948052e-07, 1.50770901541e-07, 1.36399052053e-07, 3.98367809851e-08, 4.96854610788e-08, 1.94880129811e-08, 1.38874840516e-08, 9.28449583881e-09, 9.74328617787e-09, 6.26683593907e-09, 3.25389715172e-09, 1.83434067935e-09, 1.15219844776e-09, 1.27432742136e-09, 1.03106956306e-09, 8.5667406502e-10, 4.65565724861e-10, 3.86390780482e-10, 3.16438930614e-10, 3.08800762738e-10, 2.98881391858e-10, 4.69529581881e-10, 2.49317066991e-10, 7.901095056e-11, 5.42920951252e-11, 3.52908952062e-11, 3.8286707138e-11, 1.22269668348e-11, 4.07274778139e-12, 2.47369247482e-12],
        "max": [0.00988035276532, 0.0359273925424, 0.0100425947458, 0.0128609035164, 0.00910278409719, 0.0192401632667, 0.0150754516944, 0.0131696816534, 0.00869014952332, 0.0144014554098, 0.0102793946862, 0.00734109338373, 0.00727340951562, 0.00628541409969, 0.00647486792877, 0.00344668678008, 0.00440878933296, 0.00195474037901, 0.00204508006573, 0.00120216468349, 0.00129562767688, 0.000877828861121, 0.000458250986412, 0.00044719435391, 0.000740942545235, 0.000503733172081, 0.000304129469441, 0.00024370283063, 0.000270135205938, 0.000259581283899, 0.000320665771142, 0.000490554783028, 0.000219894223846, 0.000168423808645, 0.000153412518557, 0.000113020250865, 0.000108048698166, 8.06015523267e-05, 4.02099249186e-05, 4.09010390285e-05],
        "mean": [0.000172725267475, 0.000296902551781, 0.000220212503336, 0.000289150950266, 0.00028373952955, 0.000592017138842, 0.000354687508661, 0.000211837919778, 0.000174546628841, 0.000305184861645, 0.000281093496596, 0.000179434180609, 0.000182157193194, 9.65923827607e-05, 7.90228004917e-05, 5.65208756598e-05, 5.07575678057e-05, 5.07751319674e-05, 4.98328845424e-05, 3.69586850866e-05, 2.85868190986e-05, 2.10154703382e-05, 1.87440091395e-05, 2.18585846596e-05, 2.27258187806e-05, 1.99400346901e-05, 1.47103946802e-05, 1.29356012621e-05, 1.19728520076e-05, 8.70554231369e-06, 4.50650168204e-06, 4.33194963989e-06, 4.25232246926e-06, 3.90664627048e-06, 3.40257292919e-06, 2.4036596642e-06, 2.35913535107e-06, 1.45831324971e-06, 7.76347803821e-07, 4.73516337252e-07],
        "median": [5.99715203862e-05, 8.22464717203e-05, 7.88969409768e-05, 0.000109768167022, 0.000126567189, 0.000160224051797, 9.75951552391e-05, 4.67437421321e-05, 4.51172345493e-05, 6.15765238763e-05, 5.6323769968e-05, 3.57555181836e-05, 2.90423213301e-05, 3.10771029035e-05, 2.4313945687e-05, 1.92706811504e-05, 1.89736620086e-05, 1.75073309947e-05, 2.04485550057e-05, 1.49503403009e-05, 1.11272747745e-05, 8.75417026691e-06, 7.78029516368e-06, 1.15425436888e-05, 1.2297815374e-05, 1.07777505036e-05, 7.84274016041e-06, 6.42340228296e-06, 5.17726039106e-06, 3.69309236703e-06, 1.57840383963e-06, 1.16620128665e-06, 1.47116304561e-06, 1.47413095419e-06, 1.25039753129e-06, 9.11169422579e-07, 7.65148399751e-07, 4.45928321824e-07, 2.59329652863e-07, 1.68354659991e-07],
        "min": [4.5203761186e-25, 6.01696259886e-25, 6.5352935174e-25, 6.55081139748e-25, 1.25735524025e-24, 1.04300950496e-24, 1.08964015775e-24, 7.17562670531e-25, 1.38818466593e-24, 9.96315348861e-25, 1.67187945923e-24, 1.70924425043e-24, 1.83847071076e-24, 1.7425454219e-24, 1.89806185519e-24, 1.51129084754e-24, 1.90199827111e-24, 2.79640837101e-24, 1.73768091113e-24, 2.3356493102e-24, 2.70782836326e-24, 3.17337423204e-24, 3.03652067005e-24, 3.64353040118e-24, 3.82782605801e-24, 3.38363228734e-24, 3.51854209606e-24, 3.95924002962e-24, 4.16508894411e-24, 3.6616639468e-24, 4.06500458334e-24, 4.77860224174e-24, 4.11859703223e-24, 4.70526223782e-24, 4.15266280713e-24, 4.61268428299e-24, 4.88542702452e-24, 5.1982241785e-24, 3.9749793824e-24, 4.28671039088e-24],
        "var": [1.55445135874e-07, 9.38933794714e-07, 1.95692763327e-07, 4.33808708067e-07, 3.10255359182e-07, 1.64151799709e-06, 7.61525313919e-07, 3.60598903626e-07, 2.05361587291e-07, 6.62460536205e-07, 4.38129291069e-07, 2.3146805006e-07, 3.77464431267e-07, 6.43872226647e-08, 4.50102355387e-08, 1.78096062342e-08, 1.11887610288e-08, 1.08366995377e-08, 8.45924486015e-09, 4.586949931e-09, 2.58008814313e-09, 1.30156663225e-09, 9.87976034317e-10, 9.38181976551e-10, 1.01677799513e-09, 7.47824469016e-10, 4.16653822555e-10, 3.36475486362e-10, 3.2777935921e-10, 2.37302205663e-10, 1.33056551888e-10, 1.69299352315e-10, 1.09449747876e-10, 6.23906412645e-11, 4.78977066343e-11, 2.49453391971e-11, 2.80623805443e-11, 1.3965380935e-11, 3.85651883691e-12, 1.83006496242e-12]
    },
    "mfcc": {
        "mean": [-677.80065918, 84.4091339111, -15.731672287, 12.4343566895, -9.29139137268, -1.95579004288, -4.52249574661, -0.324990093708, -7.63179063797, 4.26150178909, -6.18819713593, -1.96177840233, -1.36483383179],
        "cov": [[27461.8417969, 3911.28540039, -740.397705078, 797.800842285, -499.950073242, -47.520111084, -113.496543884, 58.8709526062, -395.642852783, 317.585479736, -372.339447021, -100.360237122, -147.676376343], [3911.28540039, 1471.24365234, -212.506759644, 168.039749146, -18.4293327332, -42.1117324829, -11.8577823639, -39.4018554688, -89.8634338379, 21.6831989288, -47.4516372681, -23.8766765594, 2.01460814476], [-740.397705078, -212.506759644, 646.19543457, 111.848045349, 56.1244087219, 81.7873001099, -67.3202590942, -4.05474901199, -21.632232666, -26.5605831146, 27.5736427307, -6.69692897797, -4.76621055603], [797.800842285, 168.039749146, 111.848045349, 283.393280029, 89.3626403809, 48.7362861633, -13.6288537979, 8.13961315155, -5.8042216301, -5.32884120941, 7.47421455383, -3.24488043785, -10.4485168457], [-499.950073242, -18.4293327332, 56.1244087219, 89.3626403809, 192.265411377, 61.81092453, 24.6429615021, 26.0711212158, 33.1943473816, -13.0597858429, 21.6844024658, 3.7815349102, -5.04054832458], [-47.520111084, -42.1117324829, 81.7873001099, 48.7362861633, 61.81092453, 131.707946777, 48.3785667419, 19.2942848206, 9.63504219055, -8.37560272217, 13.1174650192, -6.61373615265, -11.6397743225], [-113.496543884, -11.8577823639, -67.3202590942, -13.6288537979, 24.6429615021, 48.3785667419, 184.805740356, 23.7403774261, 22.750333786, 20.7097053528, -14.8445491791, 8.50061321259, -11.8357486725], [58.8709526062, -39.4018554688, -4.05474901199, 8.13961315155, 26.0711212158, 19.2942848206, 23.7403774261, 94.7177886963, 33.0255889893, 1.07804512978, 6.39911842346, -2.90779471397, 1.29190802574], [-395.642852783, -89.8634338379, -21.632232666, -5.8042216301, 33.1943473816, 9.63504219055, 22.750333786, 33.0255889893, 106.747062683, 21.3720436096, 2.54385089874, -4.06465482712, -13.3938131332], [317.585479736, 21.6831989288, -26.5605831146, -5.32884120941, -13.0597858429, -8.37560272217, 20.7097053528, 1.07804512978, 21.3720436096, 89.6064529419, -2.5026216507, -7.26971149445, -15.1411752701], [-372.339447021, -47.4516372681, 27.5736427307, 7.47421455383, 21.6844024658, 13.1174650192, -14.8445491791, 6.39911842346, 2.54385089874, -2.5026216507, 92.0582580566, 24.4114990234, 1.13170683384], [-100.360237122, -23.8766765594, -6.69692897797, -3.24488043785, 3.7815349102, -6.61373615265, 8.50061321259, -2.90779471397, -4.06465482712, -7.26971149445, 24.4114990234, 69.2061843872, 26.9799137115], [-147.676376343, 2.01460814476, -4.76621055603, -10.4485168457, -5.04054832458, -11.6397743225, -11.8357486725, 1.29190802574, -13.3938131332, -15.1411752701, 1.13170683384, 26.9799137115, 84.5314559937]],
