{
"lowlevel": {
    "average_loudness": 0.627415657043,
    "barkbands_crest": {
        "dmean": 2.30245733261,
        "dmean2": 3.77991652489,
        "dvar": 4.45471429825,
        "dvar2": 11.5406332016,
        "max": 25.5741786957,
        "mean": 9.60410308838,
        "median": 8.39171695709,
        "min": 2.3104352951,
        "var": 20.5657653809
    },
    "barkbands_flatness_db": {
        "dmean": 0.0159165225923,
        "dmean2": 0.0253657717258,
        "dvar": 0.000246240175329,
        "dvar2": 0.000566644011997,
        "max": 0.362099319696,
        "mean": 0.155309483409,
        "median": 0.154013723135,
        "min": 0.0234449449927,
        "var": 0.00200247322209
    },
    "barkbands_kurtosis": {
        "dmean": 2.18948411942,
        "dmean2": 3.56084370613,
        "dvar": 27.6727409363,
        "dvar2": 72.7214889526,
        "max": 184.494018555,
        "mean": 3.26247000694,
        "median": 0.534527659416,
        "min": -1.76674497128,
        "var": 76.8653640747
    },
    "barkbands_skewness": {
        "dmean": 0.444388568401,
        "dmean2": 0.703077614307,
        "dvar": 0.208070710301,
        "dvar2": 0.522837877274,
        "max": 10.8218650818,
        "mean": 1.10815775394,
        "median": 0.888836979866,
        "min": -4.28435134888,
        "var": 1.57665896416
    },
    "barkbands_spread": {
        "dmean": 3.03096079826,
        "dmean2": 4.84855318069,
        "dvar": 10.3238124847,
        "dvar2": 25.4366321564,
        "max": 74.2352752686,
        "mean": 15.6828050613,
        "median": 14.5727729797,
        "min": 0.608289718628,
        "var": 81.7415008545
    },
    "dissonance": {
        "dmean": 0.0208144038916,
        "dmean2": 0.03546724841,
        "dvar": 0.000439054565504,
        "dvar2": 0.00123450777028,
        "max": 0.500000119209,
        "mean": 0.459886789322,
        "median": 0.467060297728,
        "min": 0.227428629994,
        "var": 0.000959993281867
    },
    "dynamic_complexity": 4.90729570389,
    "erbbands_crest": {
        "dmean": 2.83020615578,
        "dmean2": 4.62035799026,
        "dvar": 6.9068570137,
        "dvar2": 17.7549915314,
        "max": 31.5698795319,
        "mean": 10.6868753433,
        "median": 9.34972572327,
        "min": 2.10799765587,
        "var": 27.7940387726
    },
    "erbbands_flatness_db": {
        "dmean": 0.0147790154442,
        "dmean2": 0.0229856781662,
        "dvar": 0.000192317544133,
        "dvar2": 0.000430148298619,
        "max": 0.38961187005,
        "mean": 0.21000367403,
        "median": 0.214728042483,
        "min": 0.0610289163888,
        "var": 0.00200424087234
    },
    "erbbands_kurtosis": {
        "dmean": 1.02757489681,
        "dmean2": 1.69651722908,
        "dvar": 3.34979915619,
        "dvar2": 8.71086406708,
        "max": 41.4890480042,
        "mean": 0.7655569911,
        "median": 0.0326323509216,
        "min": -1.88572466373,
        "var": 7.96342325211
    },
    "erbbands_skewness": {
        "dmean": 0.35649228096,
        "dmean2": 0.569297194481,
        "dvar": 0.109706245363,
        "dvar2": 0.269388884306,
        "max": 5.47813177109,
        "mean": 0.270780026913,
        "median": 0.138698577881,
        "min": -2.63762974739,
        "var": 0.668076574802
    },
    "erbbands_spread": {
        "dmean": 4.79477453232,
        "dmean2": 7.70838165283,
        "dvar": 25.0823154449,
        "dvar2": 66.47315979,
        "max": 82.9479598999,
        "mean": 24.5838527679,
        "median": 23.3645362854,
        "min": 1.54153609276,
        "var": 119.539176941
    },
    "hfc": {
        "dmean": 3.53248333931,
        "dmean2": 5.09497261047,
        "dvar": 25.9923000336,
        "dvar2": 52.5020256042,
        "max": 145.003005981,
        "mean": 14.3682384491,
        "median": 9.02769470215,
        "min": 1.06743575086e-16,
        "var": 226.555755615
    },
    "melbands_crest": {
        "dmean": 2.98896932602,
        "dmean2": 4.90703964233,
        "dvar": 7.240213871,
        "dvar2": 19.0502128601,
        "max": 34.1549873352,
        "mean": 12.8178281784,
        "median": 11.6232700348,
        "min": 1.6960619688,
        "var": 32.3576774597
    },
    "melbands_flatness_db": {
        "dmean": 0.0177877452224,
        "dmean2": 0.0279671195894,
        "dvar": 0.000316340185236,
        "dvar2": 0.00074012845289,
        "max": 0.438177496195,
        "mean": 0.212287098169,
        "median": 0.208555310965,
        "min": 0.00412668706849,
        "var": 0.00271304138005
    },
    "melbands_kurtosis": {
        "dmean": 3.47364425659,
        "dmean2": 5.61726331711,
        "dvar": 48.2306747437,
        "dvar2": 125.309967041,
        "max": 220.642211914,
        "mean": 6.46697187424,
        "median": 2.3860912323,
        "min": -1.63250756264,
        "var": 166.052230835
    },
    "melbands_skewness": {
        "dmean": 0.509328186512,
        "dmean2": 0.807574510574,
        "dvar": 0.265714019537,
        "dvar2": 0.695864617825,
        "max": 11.8651599884,
        "mean": 1.64803564548,
        "median": 1.46059727669,
        "min": -3.4381916523,
        "var": 1.86769032478
    },
    "melbands_spread": {
        "dmean": 4.90463256836,
        "dmean2": 7.83979082108,
        "dvar": 27.6216640472,
        "dvar2": 70.122718811,
        "max": 165.914108276,
        "mean": 21.6700325012,
        "median": 20.7651252747,
        "min": 0.721786081791,
        "var": 146.395965576
    },
    "pitch_salience": {
        "dmean": 0.0624435283244,
        "dmean2": 0.101672746241,
        "dvar": 0.00301884557121,
        "dvar2": 0.00801469199359,
        "max": 0.921559870243,
        "mean": 0.570794045925,
        "median": 0.58127784729,
        "min": 0.0916381776333,
        "var": 0.0156596656889
    },
    "silence_rate_20dB": {
        "dmean": 0,
        "dmean2": 0,
        "dvar": 0,
        "dvar2": 0,
        "max": 1,
        "mean": 1,
        "median": 1,
        "min": 1,
        "var": 0
    },
    "silence_rate_30dB": {
        "dmean": 0.000468658457976,
        "dmean2": 0.000937426753808,
        "dvar": 0.000468452228233,
        "dvar2": 0.00117095804308,
        "max": 1,
        "mean": 0.999648571014,
        "median": 1,
        "min": 0,
        "var": 0.000351410213625
    },
    "silence_rate_60dB": {
        "dmean": 0.0297598131001,
        "dmean2": 0.0595265999436,
        "dvar": 0.0288735181093,
        "dvar2": 0.0655887871981,
        "max": 1,
        "mean": 0.201616689563,
        "median": 0,
        "min": 0,
        "var": 0.1609672755
    },
    "spectral_centroid": {
        "dmean": 159.102630615,
        "dmean2": 248.399459839,
        "dvar": 45103.3242188,
        "dvar2": 94841.765625,
        "max": 11435.2675781,
        "mean": 1165.70837402,
        "median": 1116.56201172,
        "min": 246.804122925,
        "var": 411594.84375
    },
    "spectral_complexity": {
        "dmean": 2.14762735367,
        "dmean2": 3.45113658905,
        "dvar": 4.62908315659,
        "dvar2": 10.6471242905,
        "max": 42,
        "mean": 15.6620197296,
        "median": 15,
        "min": 0,
        "var": 91.9967041016
    },
    "spectral_decrease": {
        "dmean": 1.23967103249e-09,
        "dmean2": 1.88633553222e-09,
        "dvar": 3.42709240946e-18,
        "dvar2": 7.96391461229e-18,
        "max": 1.95516507946e-28,
        "mean": -4.41874714596e-09,
        "median": -3.16414938695e-09,
        "min": -3.0100895998e-08,
        "var": 1.76158368483e-17
    },
    "spectral_energy": {
        "dmean": 0.00494559528306,
        "dmean2": 0.00749792531133,
        "dvar": 5.31403711648e-05,
        "dvar2": 0.000122339188238,
        "max": 0.118638150394,
        "mean": 0.0179806053638,
        "median": 0.0129578374326,
        "min": 1.02747221968e-20,
        "var": 0.000289858435281
    },
    "spectral_energyband_high": {
        "dmean": 2.1259940695e-05,
        "dmean2": 3.21762599924e-05,
        "dvar": 1.341339817e-09,
        "dvar2": 2.84237389181e-09,
        "max": 0.00117022008635,
        "mean": 7.14010020602e-05,
        "median": 3.43184474332e-05,
        "min": 7.07019461545e-21,
        "var": 7.0388437301e-09
    },
    "spectral_energyband_low": {
        "dmean": 0.0010235280497,
        "dmean2": 0.00170240434818,
        "dvar": 8.47920182423e-06,
        "dvar2": 2.28823300858e-05,
        "max": 0.0610503926873,
        "mean": 0.00170687108766,
        "median": 0.000658729928546,
        "min": 1.90668406544e-23,
        "var": 9.69790471572e-06
    },
    "spectral_energyband_middle_high": {
        "dmean": 0.00197111233138,
        "dmean2": 0.00291627272964,
        "dvar": 1.11945810204e-05,
        "dvar2": 2.40335775743e-05,
        "max": 0.088496863842,
        "mean": 0.00624772394076,
        "median": 0.00342704635113,
        "min": 1.27006837981e-21,
        "var": 6.54910254525e-05
    },
    "spectral_energyband_middle_low": {
        "dmean": 0.00378394057043,
        "dmean2": 0.00586728518829,
        "dvar": 3.87352192774e-05,
        "dvar2": 9.2745773145e-05,
        "max": 0.100518316031,
        "mean": 0.0110679762438,
        "median": 0.00738409115002,
        "min": 1.92215059857e-22,
        "var": 0.000144532663398
    },
    "spectral_entropy": {
        "dmean": 0.116277456284,
        "dmean2": 0.183742433786,
        "dvar": 0.0153609914705,
        "dvar2": 0.0338595137,
        "max": 9.81713008881,
        "mean": 7.2730679512,
        "median": 7.28309249878,
        "min": 5.29859781265,
        "var": 0.166710600257
    },
    "spectral_flux": {
        "dmean": 0.0145882805809,
        "dmean2": 0.0235878787935,
        "dvar": 0.000326933455653,
        "dvar2": 0.000785483804066,
        "max": 0.293241918087,
        "mean": 0.0620322339237,
        "median": 0.0558837354183,
        "min": 6.41196956641e-11,
        "var": 0.00161873747129
    },
    "spectral_kurtosis": {
        "dmean": 2.41394376755,
        "dmean2": 4.23746585846,
        "dvar": 5.09310483932,
        "dvar2": 15.8116159439,
        "max": 31.1825294495,
        "mean": 8.46321105957,
        "median": 7.95723581314,
        "min": -1.24705576897,
        "var": 14.2531547546
    },
    "spectral_rms": {
        "dmean": 0.000519520661328,
        "dmean2": 0.000779192778282,
        "dvar": 3.61667247262e-07,
        "dvar2": 7.82850065661e-07,
        "max": 0.0107584632933,
        "mean": 0.00367908226326,
        "median": 0.00355552975088,
        "min": 3.16608891882e-12,
        "var": 4.00644694309e-06
    },
    "spectral_rolloff": {
        "dmean": 266.921081543,
        "dmean2": 453.386505127,
        "dvar": 179973.1875,
        "dvar2": 398582.15625,
        "max": 19573.6816406,
        "mean": 1423.42419434,
        "median": 1356.59179688,
        "min": 172.265625,
        "var": 1065344.375
    },
    "spectral_skewness": {
        "dmean": 0.247145920992,
        "dmean2": 0.423013865948,
        "dvar": 0.046048630029,
        "dvar2": 0.131517738104,
        "max": 4.24467134476,
        "mean": 2.02996063232,
        "median": 1.98307657242,
        "min": -0.0793941318989,
        "var": 0.282097607851
    },
    "spectral_spread": {
        "dmean": 266673.5625,
        "dmean2": 439224.71875,
        "dvar": 307898187776,
        "dvar2": 621258014720,
        "max": 42101108,
        "mean": 3325260.25,
        "median": 2856053.5,
        "min": 1518031.125,
        "var": 3.71197476864e+12
    },
    "spectral_strongpeak": {
        "dmean": 0.577451348305,
        "dmean2": 0.957126140594,
        "dvar": 0.740368187428,
        "dvar2": 1.86542677879,
        "max": 17.280872345,
        "mean": 1.20997083187,
        "median": 0.737160146236,
        "min": 0,
        "var": 1.95682346821
    },
    "zerocrossingrate": {
        "dmean": 0.00527578312904,
        "dmean2": 0.00675726542249,
        "dvar": 7.39351817174e-05,
        "dvar2": 0.000146082049469,
        "max": 0.521484375,
        "mean": 0.0514234043658,
        "median": 0.04833984375,
        "min": 0.00732421875,
        "var": 0.000802122638561
    },
    "barkbands": {
        "dmean": [4.0337658902e-06, 0.000138790506753, 0.000577966216952, 0.000887524860445, 0.00139675429091, 0.0010889696423, 0.00100800464861, 0.000763657037169, 0.00052621087525, 0.000782195944339, 0.000517657201272, 0.000544887268916, 0.000221032983973, 0.000510833866429, 0.000319710146869, 0.000253014703048, 0.000249486911343, 0.000134268979309, 7.14248744771e-05, 3.77777287213e-05, 1.00903225757e-05, 2.02934666049e-06, 5.73175213958e-07, 4.54018731944e-07, 5.17271985245e-07, 2.22677286388e-07, 1.51868473353e-08],
        "dmean2": [7.23360926713e-06, 0.000244451832259, 0.000998511910439, 0.0014666573843, 0.0022987939883, 0.00172553921584, 0.00153196929023, 0.00120377563871, 0.00081968086306, 0.00125396088697, 0.000828359858133, 0.000817530497443, 0.000358641089406, 0.000801897142082, 0.000515302992426, 0.000410186272347, 0.000392983260099, 0.000213090257603, 0.000113522881293, 5.99439954385e-05, 1.56922196766e-05, 3.21172296935e-06, 9.64313471741e-07, 7.84034625667e-07, 8.88357249096e-07, 3.83048870845e-07, 2.53936054406e-08],
        "dvar": [1.51658217235e-11, 9.26145489188e-08, 3.68666337636e-06, 5.0794856179e-06, 8.2066617324e-06, 6.39470135866e-06, 6.32234286968e-06, 3.20539675158e-06, 1.97286772163e-06, 2.88445335173e-06, 2.71321368928e-06, 1.73196644937e-06, 3.79364166747e-07, 2.71167186838e-06, 5.21933657183e-07, 3.34744015618e-07, 3.28507638869e-07, 9.2952532782e-08, 2.28412861958e-08, 5.75923531088e-09, 4.38504788036e-10, 1.41898472139e-11, 4.4388949981e-13, 1.29007332703e-13, 1.6727633547e-13, 5.86102347211e-14, 2.62522800697e-16],
        "dvar2": [4.51656073652e-11, 2.60690029563e-07, 1.03241027318e-05, 1.40525116876e-05, 2.18404857151e-05, 1.45508392961e-05, 1.34348847496e-05, 7.64915694162e-06, 4.83245867144e-06, 7.5359166658e-06, 6.46031821816e-06, 3.79999391953e-06, 8.89853538411e-07, 5.86993974139e-06, 1.26922043364e-06, 8.33057640648e-07, 8.09100754395e-07, 2.22735224042e-07, 5.60232429336e-08, 1.28645387676e-08, 1.02911423827e-09, 3.39387927484e-11, 1.14381746262e-12, 3.82807446766e-13, 4.93758517146e-13, 1.72810550592e-13, 7.08840051305e-16],
        "max": [3.77310207114e-05, 0.00648408196867, 0.0278045348823, 0.0419172421098, 0.0695122331381, 0.0605567842722, 0.0776069611311, 0.0545770674944, 0.0463814884424, 0.0378293804824, 0.0757208764553, 0.0416884161532, 0.0231216382235, 0.0833148956299, 0.020989395678, 0.0127145964652, 0.0185426734388, 0.00625114236027, 0.00363238435239, 0.00204935995862, 0.000572684686631, 0.000159441959113, 2.00485228561e-05, 7.13214103598e-06, 8.34051752463e-06, 9.38867833611e-06, 2.4708756996e-07],
        "mean": [4.31103535448e-06, 0.000195545057068, 0.000716107373592, 0.00151206064038, 0.00247884960845, 0.00220864452422, 0.00195227772929, 0.0013960498618, 0.000901665480342, 0.00136995129287, 0.000845563423354, 0.000918578065466, 0.000354811985744, 0.00101019593421, 0.000571868848056, 0.000450826948509, 0.000515847001225, 0.000288663635729, 0.000156681155204, 9.13964468054e-05, 2.55729610217e-05, 6.06080357102e-06, 2.32999286709e-06, 2.41117936639e-06, 3.23881499753e-06, 1.12286318199e-06, 2.678104849e-08],
        "median": [3.15260285788e-06, 8.07680626167e-05, 0.000189451558981, 0.000364340667147, 0.0010261440184, 0.000741577707231, 0.00068649079185, 0.000303149630781, 0.000225497860811, 0.000436823815107, 0.000164116208907, 0.000236064064666, 0.000101681303931, 0.000236640917137, 0.000159125309438, 0.000107880739961, 0.000134948000778, 5.6925782701e-05, 5.32875928911e-05, 3.20385370287e-05, 8.11834615888e-06, 3.36353605235e-06, 2.10089660868e-06, 2.3827763016e-06, 3.21554580296e-06, 1.10807422971e-06, 2.17573834504e-08],
        "min": [3.57226687637e-25, 2.22550480353e-24, 2.90937995796e-24, 6.33930477259e-24, 1.87491584793e-23, 1.7236781173e-23, 2.61898996411e-23, 1.79809325976e-23, 1.97804347629e-23, 3.25480317625e-23, 1.57857456908e-23, 2.90463602458e-23, 3.12732451615e-23, 5.06225295744e-23, 5.10810817968e-23, 6.73638556118e-23, 1.21595651019e-22, 6.74648802948e-23, 1.46508219194e-22, 1.61029558116e-22, 3.16651140249e-22, 3.59570373664e-22, 3.64756610313e-22, 7.27686698396e-22, 1.00482289976e-21, 1.31876742669e-21, 1.97848637436e-21],
        "var": [1.56207963231e-11, 1.00213696896e-07, 3.0963728932e-06, 8.13391488919e-06, 1.56325349963e-05, 2.30708083109e-05, 1.76436842594e-05, 9.90961234493e-06, 3.78576260118e-06, 7.51477273297e-06, 7.06483297108e-06, 4.04328829973e-06, 8.08269192021e-07, 1.51107133206e-05, 1.18225148071e-06, 7.77633943017e-07, 1.18821867545e-06, 3.46923599182e-07, 6.81371616906e-08, 2.29057430801e-08, 1.7132518737e-09, 5.98511240568e-11, 1.14587798885e-12, 1.87426869814e-13, 2.49932019525e-13, 5.97462956387e-14, 5.34764722128e-16]
    },
    "erbbands": {
        "dmean": [0.00207760580815, 0.0444964542985, 0.482329547405, 1.9379016161, 3.57149457932, 5.42985534668, 6.52563095093, 9.46251583099, 15.0469551086, 14.5564517975, 15.481669426, 10.9311208725, 23.2677230835, 18.8726196289, 22.4509544373, 22.1054153442, 9.88913917542, 26.0807914734, 17.7709674835, 13.7621593475, 13.8636636734, 11.5687513351, 6.84981679916, 5.38781785965, 2.64610171318, 1.62199532986, 0.630333483219, 0.212891936302, 0.0783001407981, 0.0334474854171, 0.0153423165902, 0.0107927555218, 0.00863052718341, 0.00677263177931, 0.00449092220515, 0.00169420556631, 0.000199367350433, 2.76816062978e-05, 2.70527857538e-06, 5.67283359487e-06],
        "dmean2": [0.00364165566862, 0.0780709907413, 0.831388950348, 3.19583582878, 5.99522066116, 8.9673833847, 10.4483165741, 15.0326976776, 23.0412464142, 22.9667282104, 23.9404220581, 16.9457130432, 37.3119659424, 29.8217945099, 35.3050422668, 33.3947372437, 15.5023326874, 41.0027694702, 27.4105873108, 22.065158844, 22.0823192596, 17.8919200897, 10.6210870743, 8.41611480713, 4.0962471962, 2.5554022789, 0.954892933369, 0.330484718084, 0.122047938406, 0.054717540741, 0.0257935859263, 0.0186456441879, 0.0148472879082, 0.0116724492982, 0.00775944581255, 0.00291863339953, 0.000344314175891, 4.64130826003e-05, 4.11125529354e-06, 8.55640428199e-06],
        "dvar": [8.51545155456e-06, 0.0127507997677, 2.50260519981, 24.3139743805, 81.252822876, 138.084197998, 295.025726318, 538.25769043, 1384.13171387, 1323.91577148, 1648.04187012, 1158.1418457, 2455.27709961, 2464.2487793, 5751.65185547, 2623.25244141, 577.414123535, 6775.42382812, 2733.79394531, 812.971069336, 986.442504883, 755.330566406, 241.243972778, 141.429260254, 24.8805599213, 8.04215717316, 1.52146553993, 0.163631945848, 0.0193923022598, 0.00375504000112, 0.000274205114692, 7.3072653322e-05, 4.67623722216e-05, 2.90000662062e-05, 1.26782106236e-05, 2.24466680265e-06, 1.30629658202e-07, 2.0935881917e-09, 1.29338380284e-11, 6.78165371082e-11],
        "dvar2": [2.49429704127e-05, 0.0358357541263, 6.99799823761, 64.0357284546, 236.511657715, 366.766784668, 693.864990234, 1253.82983398, 3096.22631836, 2868.40698242, 3798.2878418, 2820.94067383, 6636.0625, 5896.87158203, 13613.7529297, 6004.04589844, 1277.30444336, 15531.3759766, 5432.52197266, 2001.43005371, 2393.8671875, 1767.59509277, 556.91192627, 336.57522583, 56.142791748, 19.4747219086, 3.28078579903, 0.3773458004, 0.0433082506061, 0.00966750830412, 0.000714064226486, 0.000211238962947, 0.000138867893838, 8.40622160467e-05, 3.74258124793e-05, 6.61474678054e-06, 3.80292789259e-07, 5.91544901951e-09, 2.89694813277e-11, 1.53970794448e-10],
        "max": [0.0387008078396, 2.31072068214, 25.5688400269, 123.657310486, 174.817520142, 249.320236206, 577.651489258, 598.722900391, 1304.6036377, 1263.82775879, 1419.51269531, 1124.9979248, 1248.77758789, 1437.48303223, 3863.22558594, 1359.99450684, 898.733459473, 3528.87890625, 2941.57666016, 595.015625, 829.140197754, 716.801147461, 381.707214355, 292.486694336, 144.775909424, 67.6054458618, 38.8334083557, 12.2042093277, 5.78191518784, 3.28767967224, 0.571366250515, 0.148412138224, 0.126015216112, 0.0794506818056, 0.0681540742517, 0.0483634881675, 0.0162734650075, 0.0015278167557, 6.58355056657e-05, 0.000138526709634],
        "mean": [0.00326384906657, 0.0616878941655, 0.627709448338, 3.38667798042, 6.04540777206, 8.79600048065, 12.3392705917, 18.6602649689, 30.1361160278, 26.5424098969, 30.2788543701, 20.7341022491, 41.3289108276, 33.9763259888, 40.4469223022, 39.6154174805, 19.0049514771, 49.7901687622, 34.5220718384, 26.7879962921, 27.7944831848, 25.7030105591, 16.1692428589, 12.2252817154, 6.84265518188, 4.12272119522, 1.68474245071, 0.598037362099, 0.242064520717, 0.111524164677, 0.0633736848831, 0.0491605661809, 0.0417315028608, 0.0345663018525, 0.023608930409, 0.00926963053644, 0.00108028552495, 7.79417459853e-05, 1.20370523291e-05, 2.1354702767e-05],
        "median": [0.00213831337169, 0.0237832739949, 0.213794916868, 0.997096538544, 2.09516096115, 3.50251889229, 3.69962739944, 6.50859737396, 10.6525182724, 9.38011264801, 6.56154727936, 5.93767738342, 14.2889175415, 11.5523796082, 10.4593410492, 11.3317174911, 7.17686462402, 13.1637573242, 10.8184289932, 8.1296672821, 8.19270038605, 7.31386756897, 3.67117595673, 3.16697788239, 2.36893844604, 1.61947178841, 0.56106364727, 0.238942205906, 0.132210165262, 0.0801945477724, 0.0584408044815, 0.0481889806688, 0.0411491692066, 0.0341750383377, 0.0233199968934, 0.00916215684265, 0.00106267561205, 6.93193796906e-05, 9.24028609006e-06, 1.53024011524e-05],
        "min": [1.12406595299e-22, 4.01787558739e-22, 2.94442128401e-21, 1.91886999743e-20, 7.56933672281e-21, 6.23891994354e-20, 1.14360524345e-19, 1.18003569934e-19, 2.76472065802e-19, 4.74428199559e-19, 3.24433031693e-19, 4.37020972609e-19, 6.96071503186e-19, 1.102099776e-18, 8.63888044705e-19, 1.33829809799e-18, 1.46998949081e-18, 3.09757115717e-18, 3.4066453319e-18, 4.10517702532e-18, 5.37060082154e-18, 6.44651298992e-18, 4.39611299037e-18, 5.42432123924e-18, 8.84796554631e-18, 7.49830457165e-18, 9.65807232384e-18, 1.17037164485e-17, 1.24345859408e-17, 1.03045834557e-17, 1.21015919775e-17, 1.23770877892e-17, 1.23169327335e-17, 1.08045661595e-17, 7.79530790649e-18, 4.77268365551e-18, 2.39948324615e-18, 8.69677636908e-19, 2.75595073407e-19, 2.83960247544e-20],
        "var": [1.25901060528e-05, 0.0123124569654, 2.09945034981, 37.2180747986, 140.958465576, 217.710372925, 874.441955566, 1726.20495605, 4671.02197266, 3116.21435547, 5977.01025391, 2188.93505859, 6080.07666016, 5910.42578125, 16520.8105469, 7019.57666016, 1577.05163574, 25700.2109375, 9063.76367188, 2170.90722656, 2531.81860352, 2789.3034668, 955.415466309, 504.537597656, 117.185455322, 33.7994689941, 6.88225698471, 0.75320237875, 0.0926537439227, 0.0133447106928, 0.000659890007228, 0.000110142544145, 6.67727363179e-05, 4.21475779149e-05, 1.81365976459e-05, 2.87341026706e-06, 9.29022121454e-08, 2.36125119457e-09, 8.65726657029e-11, 4.00766253517e-10]
    },
    "gfcc": {
        "mean": [-60.6202812195, 119.318595886, -144.584259033, 8.50504493713, -54.6142883301, 0.68416261673, -49.1925926208, 7.96773386002, -33.5368919373, 1.37545514107, -16.0126953125, -5.7381067276, -6.21225643158],
        "cov": [[5722.66503906, 1493.33410645, -1436.39367676, -214.832458496, 227.661422729, -753.34942627, 185.592971802, -130.939483643, -152.134155273, -288.909545898, -72.2098007202, -393.558624268, -31.8005161285], [1493.33410645, 690.394287109, -170.622314453, -129.75553894, 58.8898582458, -248.320770264, 41.2384910583, -106.932800293, -66.131111145, -143.466583252, -9.02864837646, -153.273406982, -23.0160903931], [-1436.39367676, -170.622314453, 864.792297363, 130.80557251, -151.815307617, 222.245223999, -141.12562561, -37.3368911743, -4.38794946671, 38.7595062256, 20.1956348419, 109.626602173, -23.7020511627], [-214.832458496, -129.75553894, 130.80557251, 263.785858154, 51.4071884155, 8.58602428436, -5.30853652954, 40.7794914246, -0.119773685932, 7.46004104614, -34.059753418, 19.0072422028, -25.9412326813], [227.661422729, 58.8898582458, -151.815307617, 51.4071884155, 163.733001709, -13.7707576752, 44.2076911926, 8.43679618835, 1.8521579504, -35.6277427673, -30.1372184753, -49.5562057495, -11.505241394], [-753.34942627, -248.320770264, 222.245223999, 8.58602428436, -13.7707576752, 332.84274292, 19.6591148376, 14.614531517, -18.2594089508, 56.7637062073, -15.2217483521, 47.2248306274, -12.0629148483], [185.592971802, 41.2384910583, -141.12562561, -5.30853652954, 44.2076911926, 19.6591148376, 158.088378906, 24.053571701, -38.1338424683, -16.3011131287, -5.0062084198, -50.210231781, -14.3296966553], [-130.939483643, -106.932800293, -37.3368911743, 40.7794914246, 8.43679618835, 14.614531517, 24.053571701, 113.992759705, 50.0523490906, 15.69880867, -6.80310964584, 26.1105518341, -3.51628184319], [-152.134155273, -66.131111145, -4.38794946671, -0.119773685932, 1.8521579504, -18.2594089508, -38.1338424683, 50.0523490906, 99.224609375, 39.9892044067, -3.66802859306, 23.0055103302, 7.53660821915], [-288.909545898, -143.466583252, 38.7595062256, 7.46004104614, -35.6277427673, 56.7637062073, -16.3011131287, 15.69880867, 39.9892044067, 97.5215148926, 40.54139328, 32.7724189758, 4.34477949142], [-72.2098007202, -9.02864837646, 20.1956348419, -34.059753418, -30.1372184753, -15.2217483521, -5.0062084198, -6.80310964584, -3.66802859306, 40.54139328, 79.990234375, 37.5872039795, 10.0143499374], [-393.558624268, -153.273406982, 109.626602173, 19.0072422028, -49.5562057495, 47.2248306274, -50.210231781, 26.1105518341, 23.0055103302, 32.7724189758, 37.5872039795, 110.225196838, 38.0060348511], [-31.8005161285, -23.0160903931, -23.7020511627, -25.9412326813, -11.505241394, -12.0629148483, -14.3296966553, -3.51628184319, 7.53660821915, 4.34477949142, 10.0143499374, 38.0060348511, 65.1843948364]],
        "icov": [[0.00185201561544, -0.0049495967105, 0.00381165626459, -0.00280965492129, 0.00255517405458, -0.00137109344359, 0.00187626318075, -0.000729494728148, 0.00140597345307, -0.00158407865092, 0.00106445688289, -0.00115169701166, 0.000445050216513], [-0.0049495967105, 0.0181481353939, -0.010704131797, 0.00841848738492, -0.00681506376714, 0.00512394635007, -0.00523957842961, 0.00408655963838, -0.00577769521624, 0.0111813973635, -0.00779505958781, 0.00940689817071, -0.00209910259582], [0.00381165626459, -0.010704131797, 0.0118149099872, -0.0104537019506, 0.0104834167287, -0.00787051767111, 0.00611971179023, 0.00118097011, -0.00233110412955, 0.00359742017463, -0.00428719818592, 6.34915068076e-06, 0.000703404191881], [-0.00280965492129, 0.00841848738492, -0.0104537019506, 0.0172358732671, -0.0141637809575, 0.0112899634987, -0.00504386750981, -0.00411154376343, 0.0107694379985, -0.0129978824407, 0.0150868240744, -0.00880369637161, 0.00535515090451], [0.00255517405458, -0.00681506376714, 0.0104834167287, -0.0141637809575, 0.021006744355, -0.0112029900774, 0.00388277182356, 0.00386236677878, -0.0122941276059, 0.0161521714181, -0.0140640018508, 0.0107080964372, -0.00402600504458], [-0.00137109344359, 0.00512394635007, -0.00787051767111, 0.0112899634987, -0.0112029900774, 0.014587925747, -0.00562396552414, -0.00284521025605, 0.0123548451811, -0.0162397511303, 0.0171576458961, -0.0104665849358, 0.00522457296029], [0.00187626318075, -0.00523957842961, 0.00611971179023, -0.00504386750981, 0.00388277182356, -0.00562396552414, 0.0147629007697, -0.0062041496858, 0.00468322681263, 0.00199339375831, -0.00598720833659, 0.00788432452828, -0.00251302705146], [-0.000729494728148, 0.00408655963838, 0.00118097011, -0.00411154376343, 0.00386236677878, -0.00284521025605, -0.0062041496858, 0.0205878801644, -0.0169981960207, 0.0124336592853, -0.00701194768772, -0.000727700709831, 0.00242022215389], [0.00140597345307, -0.00577769521624, -0.00233110412955, 0.0107694379985, -0.0122941276059, 0.0123548451811, 0.00468322681263, -0.0169981960207, 0.0401744320989, -0.0357211306691, 0.0295812208205, -0.0169157087803, 0.00536727253348], [-0.00158407865092, 0.0111813973635, 0.00359742017463, -0.0129978824407, 0.0161521714181, -0.0162397511303, 0.00199339375831, 0.0124336592853, -0.0357211306691, 0.0599624104798, -0.0472649596632, 0.0298410318792, -0.00973906647414], [0.00106445688289, -0.00779505958781, -0.00428719818592, 0.0150868240744, -0.0140640018508, 0.0171576458961, -0.00598720833659, -0.00701194768772, 0.0295812208205, -0.0472649596632, 0.0579202994704, -0.036603871733, 0.0133843710646], [-0.00115169701166, 0.00940689817071, 6.34915068076e-06, -0.00880369637161, 0.0107080964372, -0.0104665849358, 0.00788432452828, -0.000727700709831, -0.0169157087803, 0.0298410318792, -0.036603871733, 0.0469555296004, -0.020881915465], [0.000445050216513, -0.00209910259582, 0.000703404191881, 0.00535515090451, -0.00402600504458, 0.00522457296029, -0.00251302705146, 0.00242022215389, 0.00536727253348, -0.00973906647414, 0.0133843710646, -0.020881915465, 0.0271859522909]]
    },
    "melbands": {
        "dmean": [2.69486736215e-05, 0.000185152181075, 0.000369912944734, 0.00031689327443, 0.00022407968936, 0.000216027969145, 0.000220395930228, 0.000156998474267, 0.000120292104839, 7.19706222299e-05, 0.000117875279102, 7.90587801021e-05, 7.36926449463e-05, 7.0222573413e-05, 3.50578811776e-05, 2.16608186747e-05, 5.5906984926e-05, 3.11852309096e-05, 2.19785961235e-05, 1.74343858816e-05, 1.87654059118e-05, 1.41048540172e-05, 9.42821043282e-06, 7.10345329935e-06, 4.63724700239e-06, 2.2076744699e-06, 1.84515113233e-06, 1.02536830582e-06, 5.02268846958e-07, 2.55251364933e-07, 1.08421915002e-07, 5.34983541911e-08, 3.35359686687e-08, 1.6615604892e-08, 1.09358548883e-08, 8.53502957199e-09, 7.77187469936e-09, 7.36884109287e-09, 7.18608017536e-09, 6.85721701643e-09],
        "dmean2": [4.72984538646e-05, 0.000320128194289, 0.000609753536992, 0.000524652947206, 0.000359836179996, 0.000342294864822, 0.000336785480613, 0.000250059296377, 0.000184299162356, 0.000112771951535, 0.000189226906514, 0.000125513935927, 0.00011732702842, 0.000104389779153, 5.44323011127e-05, 3.4575794416e-05, 8.77960628713e-05, 4.78662332171e-05, 3.54779767804e-05, 2.83003482764e-05, 2.99232560792e-05, 2.22790276894e-05, 1.50624200614e-05, 1.1408798855e-05, 7.29010525902e-06, 3.51347921423e-06, 2.91690321319e-06, 1.6415826849e-06, 7.77684192599e-07, 4.01189510058e-07, 1.73631576672e-07, 8.52574686405e-08, 5.50741070526e-08, 2.76507634567e-08, 1.85248030249e-08, 1.4598134257e-08, 1.34974618149e-08, 1.27381474258e-08, 1.24041878991e-08, 1.17975780256e-08],
        "dvar": [2.50328291429e-09, 3.64680346365e-07, 8.61306034494e-07, 4.60386075929e-07, 2.88725004793e-07, 2.57599197084e-07, 2.88529662384e-07, 1.41637784168e-07, 9.67076871916e-08, 4.85359272773e-08, 6.33649648307e-08, 4.51806343449e-08, 5.36319753053e-08, 3.06823793039e-08, 7.18965731394e-09, 2.68964228667e-09, 3.45167840976e-08, 1.29841302154e-08, 2.42284081686e-09, 1.78608150492e-09, 1.96846650091e-09, 1.28119359566e-09, 5.39877420547e-10, 3.00886732196e-10, 1.15780260379e-10, 1.86146272008e-11, 1.79745142381e-11, 3.29598869898e-12, 1.07865333419e-12, 3.06142535367e-13, 4.1986410144e-14, 8.91174629344e-15, 5.81571974552e-15, 5.45386991743e-16, 1.60843496636e-16, 4.93540852813e-17, 3.84773054271e-17, 3.39557112057e-17, 3.18621633975e-17, 2.965082507e-17],
        "dvar2": [7.04328995127e-09, 1.02350668385e-06, 2.38290135712e-06, 1.26778934373e-06, 6.99166207596e-07, 5.99704492288e-07, 6.2938119072e-07, 3.22613971093e-07, 2.15568576323e-07, 1.22281420545e-07, 1.71301252294e-07, 1.09250336777e-07, 1.27353430912e-07, 6.46877325039e-08, 1.67607208112e-08, 6.60151355802e-09, 7.8465966169e-08, 2.34967156842e-08, 5.92062132654e-09, 4.52806991902e-09, 4.7649821866e-09, 3.08494740864e-09, 1.30065502812e-09, 7.66352870052e-10, 2.78884443317e-10, 4.59592953972e-11, 3.88775296678e-11, 8.20899945242e-12, 2.41860069299e-12, 7.286288543e-13, 1.02710103877e-13, 2.15374254347e-14, 1.56241850919e-14, 1.36110073695e-15, 4.3390721208e-16, 1.39789248652e-16, 1.11379737131e-16, 1.00429341511e-16, 9.23209928923e-17, 8.68390684496e-17],
        "max": [0.000967005849816, 0.0100399609655, 0.0175016708672, 0.0112898033112, 0.0161556005478, 0.0127734281123, 0.0186401717365, 0.010991637595, 0.00995308347046, 0.00784793216735, 0.00640158774331, 0.00611694948748, 0.010606277734, 0.00572979729623, 0.00290245865472, 0.00154963613022, 0.00807172711939, 0.00709459977224, 0.00146159587894, 0.00132692558691, 0.00117993331514, 0.000938973622397, 0.000619732309133, 0.000457876973087, 0.000277325889328, 9.91135602817e-05, 0.00013413632405, 5.5918138969e-05, 2.68126877927e-05, 1.65576038853e-05, 7.03126534063e-06, 2.93746620628e-06, 3.9855203795e-06, 9.58030227594e-07, 4.09078921848e-07, 1.11422650662e-07, 8.8727027503e-08, 9.53714049956e-08, 7.19009349837e-08, 6.45558912993e-08],
        "mean": [4.07149564126e-05, 0.000239229382714, 0.000654004106764, 0.000538020045497, 0.000421894917963, 0.000436099857325, 0.000448153179605, 0.000278672552668, 0.000235741390497, 0.00012710414012, 0.000206195327337, 0.000134790097945, 0.000126540413476, 0.000120481374324, 6.15599128651e-05, 3.71591631847e-05, 0.000104090147943, 5.70129450352e-05, 3.93047121179e-05, 3.16900041071e-05, 3.4621632949e-05, 2.88317314698e-05, 1.80884453584e-05, 1.40856436701e-05, 9.49051718635e-06, 4.96878465128e-06, 4.30922409578e-06, 2.3070356292e-06, 1.15803925382e-06, 5.86229987221e-07, 2.62752763547e-07, 1.4260447756e-07, 8.92852582979e-08, 5.01135595243e-08, 3.67114729727e-08, 3.11612851078e-08, 2.93726696299e-08, 2.87524333231e-08, 2.9012484859e-08, 2.91925843499e-08],
        "median": [2.02781338885e-05, 8.39836284285e-05, 0.000213950625039, 0.000213593506487, 0.000140956050018, 0.000150755513459, 0.000164044671692, 9.34474810492e-05, 4.75830747746e-05, 3.5408520489e-05, 6.93270994816e-05, 4.0462029574e-05, 2.76162336377e-05, 2.96212438116e-05, 1.97148747247e-05, 1.12705884021e-05, 2.41099915002e-05, 1.6410376702e-05, 1.06596689875e-05, 8.13306178316e-06, 8.55227153806e-06, 6.95897506375e-06, 3.82477401217e-06, 2.45762839768e-06, 2.37005997406e-06, 1.5838585341e-06, 1.39735857374e-06, 8.52878429214e-07, 3.32255126523e-07, 1.83963180689e-07, 1.07829734475e-07, 7.51641522356e-08, 5.38967235286e-08, 3.99752124736e-08, 3.34713980976e-08, 3.01110816281e-08, 2.86506143254e-08, 2.81467826824e-08, 2.83334600226e-08, 2.8746100611e-08],
        "min": [1.17122858991e-24, 8.98258459228e-25, 4.20000116676e-24, 1.60745654176e-24, 2.99949114473e-24, 3.16436682101e-24, 4.4396563209e-24, 4.86654721647e-24, 2.23605443763e-24, 2.59149267898e-24, 3.10616466343e-24, 4.6145041851e-24, 2.93282707343e-24, 2.90582199806e-24, 2.69244202573e-24, 3.48887855944e-24, 6.19816375158e-24, 5.07704725485e-24, 3.58848802594e-24, 3.64217632143e-24, 6.36395154828e-24, 6.74897641232e-24, 4.98071589984e-24, 2.69478533705e-24, 3.69865876225e-24, 5.87603950068e-24, 3.96623683142e-24, 4.40051540937e-24, 5.053175535e-24, 6.56318191977e-24, 6.55348642481e-24, 6.85174526674e-24, 5.33304090164e-24, 5.0324635975e-24, 7.14746239884e-24, 5.8949086591e-24, 7.76075757644e-24, 8.41392415077e-24, 5.95236455427e-24, 7.15899081211e-24],
        "var": [3.16904147368e-09, 3.02676454567e-07, 1.36385006044e-06, 7.6469149235e-07, 8.19118213258e-07, 9.43251507124e-07, 9.63201614468e-07, 3.15563852382e-07, 3.78138111046e-07, 8.06932192177e-08, 1.55701201265e-07, 1.09187716646e-07, 1.47698202113e-07, 7.60826424084e-08, 1.75328676022e-08, 5.9970801658e-09, 1.36630390557e-07, 4.44654979503e-08, 5.26092591713e-09, 4.29895097298e-09, 4.99890795425e-09, 4.45319203735e-09, 1.44343947905e-09, 8.44651515397e-10, 3.48722856147e-10, 6.82529380236e-11, 6.62999100065e-11, 1.11289744781e-11, 3.97941358685e-12, 1.01702305431e-12, 1.43187938177e-13, 3.45635283903e-14, 1.61802469751e-14, 1.75861573432e-15, 3.02114576489e-16, 7.69179369745e-17, 5.31959984282e-17, 4.7139835278e-17, 4.58261467339e-17, 4.20650888375e-17]
    },
    "mfcc": {
        "mean": [-698.70135498, 154.860107422, -31.4896659851, 10.3565406799, 2.59107756615, -9.91557121277, -2.28829741478, -8.60993671417, -5.17279291153, -4.79787445068, -6.27938318253, -5.3941988945, -2.43469357491],
        "cov": [[4473.72802734, 1357.34814453, -1535.69470215, 415.206420898, -326.127319336, -396.836761475, 79.1141586304, -97.6689834595, 19.852689743, -43.1127204895, -44.4547805786, -69.0958404541, -125.744789124], [1357.34814453, 739.706726074, -217.742050171, 24.5978507996, -80.4089126587, -117.500015259, 5.53190755844, -56.5548706055, -67.4883728027, -37.8254127502, -41.0368690491, -55.2061882019, -66.7886657715], [-1535.69470215, -217.742050171, 902.744384766, -79.9630126953, 121.805900574, 149.733688354, -42.9983444214, 13.1122646332, -77.5801925659, -27.4378929138, -0.0788421481848, -5.07565879822, 5.98056602478], [415.206420898, 24.5978507996, -79.9630126953, 308.37310791, 25.8916893005, -80.3310546875, -8.77166843414, 8.02162456512, 17.9893341064, -27.8493080139, 2.98118233681, 21.2706947327, -14.9082622528], [-326.127319336, -80.4089126587, 121.805900574, 25.8916893005, 156.111495972, 43.8419876099, -44.8889122009, 20.4805984497, 17.2849998474, -3.53856992722, -2.61737251282, 15.3280096054, 5.12454319], [-396.836761475, -117.500015259, 149.733688354, -80.3310546875, 43.8419876099, 177.878097534, 70.3140411377, 7.95770645142, 2.39246940613, 23.492521286, 5.42813634872, -24.77318573, -4.44609069824], [79.1141586304, 5.53190755844, -42.9983444214, -8.77166843414, -44.8889122009, 70.3140411377, 163.965011597, 35.6052398682, -11.0534648895, 25.61652565, -3.23574066162, -22.7735462189, 0.0166012272239], [-97.6689834595, -56.5548706055, 13.1122646332, 8.02162456512, 20.4805984497, 7.95770645142, 35.6052398682, 91.8381958008, 46.7230262756, -0.212898895144, 1.74055624008, 4.48666906357, 6.80403184891], [19.852689743, -67.4883728027, -77.5801925659, 17.9893341064, 17.2849998474, 2.39246940613, -11.0534648895, 46.7230262756, 96.7579040527, 32.0509109497, 4.19930410385, 2.62921833992, 0.437118023634], [-43.1127204895, -37.8254127502, -27.4378929138, -27.8493080139, -3.53856992722, 23.492521286, 25.61652565, -0.212898895144, 32.0509109497, 82.1836090088, 31.0248279572, -17.1468429565, -4.70804834366], [-44.4547805786, -41.0368690491, -0.0788421481848, 2.98118233681, -2.61737251282, 5.42813634872, -3.23574066162, 1.74055624008, 4.19930410385, 31.0248279572, 68.6262817383, 24.9180812836, -10.8243398666], [-69.0958404541, -55.2061882019, -5.07565879822, 21.2706947327, 15.3280096054, -24.77318573, -22.7735462189, 4.48666906357, 2.62921833992, -17.1468429565, 24.9180812836, 83.4084243774, 42.2314186096], [-125.744789124, -66.7886657715, 5.98056602478, -14.9082622528, 5.12454319, -4.44609069824, 0.0166012272239, 6.80403184891, 0.437118023634, -4.70804834366, -10.8243398666, 42.2314186096, 90.6368026733]],
