{
"lowlevel": {
    "average_loudness": 0.921805083752,
    "barkbands_crest": {
        "dmean": 1.94971704483,
        "dmean2": 3.25599932671,
        "dvar": 3.57473802567,
        "dvar2": 9.64193630219,
        "max": 22.5047626495,
        "mean": 7.13749170303,
        "median": 6.57066392899,
        "min": 2.28841376305,
        "var": 8.05978298187
    },
    "barkbands_flatness_db": {
        "dmean": 0.0144738862291,
        "dmean2": 0.0229219868779,
        "dvar": 0.000178596805199,
        "dvar2": 0.000436988164438,
        "max": 0.293032258749,
        "mean": 0.101290874183,
        "median": 0.0951135829091,
        "min": 0.0216309763491,
        "var": 0.000977080781013
    },
    "barkbands_kurtosis": {
        "dmean": 1.03817558289,
        "dmean2": 1.68369996548,
        "dvar": 3.30419874191,
        "dvar2": 8.01051998138,
        "max": 54.6428375244,
        "mean": 1.05098128319,
        "median": 0.0347032546997,
        "min": -1.86853587627,
        "var": 10.5373945236
    },
    "barkbands_skewness": {
        "dmean": 0.356825739145,
        "dmean2": 0.560507059097,
        "dvar": 0.143283903599,
        "dvar2": 0.33322840929,
        "max": 6.4899687767,
        "mean": 0.405642181635,
        "median": 0.455662220716,
        "min": -3.20189142227,
        "var": 1.3636803627
    },
    "barkbands_spread": {
        "dmean": 5.1914601326,
        "dmean2": 8.09198856354,
        "dvar": 32.6859664917,
        "dvar2": 73.9750747681,
        "max": 99.4593429565,
        "mean": 27.8977222443,
        "median": 26.6738739014,
        "min": 2.56111979485,
        "var": 152.269058228
    },
    "dissonance": {
        "dmean": 0.0124245751649,
        "dmean2": 0.0212305430323,
        "dvar": 0.000166934230947,
        "dvar2": 0.00046383307199,
        "max": 0.500000178814,
        "mean": 0.479520797729,
        "median": 0.484257429838,
        "min": 0.305867910385,
        "var": 0.000320075749187
    },
    "dynamic_complexity": 2.95832562447,
    "erbbands_crest": {
        "dmean": 2.08778047562,
        "dmean2": 3.43639111519,
        "dvar": 4.63756847382,
        "dvar2": 11.7721176147,
        "max": 25.6844406128,
        "mean": 7.22060871124,
        "median": 6.37984991074,
        "min": 2.3138012886,
        "var": 13.1077451706
    },
    "erbbands_flatness_db": {
        "dmean": 0.013853603974,
        "dmean2": 0.0200946107507,
        "dvar": 0.000169911596458,
        "dvar2": 0.000325064902427,
        "max": 0.356525987387,
        "mean": 0.153577268124,
        "median": 0.148203402758,
        "min": 0.0588673353195,
        "var": 0.00203491328284
    },
    "erbbands_kurtosis": {
        "dmean": 0.670197725296,
        "dmean2": 1.05257725716,
        "dvar": 0.920161962509,
        "dvar2": 1.99860095978,
        "max": 16.3707962036,
        "mean": 0.205347105861,
        "median": -0.166732311249,
        "min": -1.74454379082,
        "var": 2.67474675179
    },
    "erbbands_skewness": {
        "dmean": 0.276438981295,
        "dmean2": 0.425185859203,
        "dvar": 0.077071711421,
        "dvar2": 0.161316528916,
        "max": 3.56705093384,
        "mean": -0.0898848846555,
        "median": -0.0860094279051,
        "min": -3.50330424309,
        "var": 0.508904397488
    },
    "erbbands_spread": {
        "dmean": 6.34276580811,
        "dmean2": 9.81246757507,
        "dvar": 43.0356216431,
        "dvar2": 97.9134063721,
        "max": 109.399726868,
        "mean": 36.6019821167,
        "median": 35.4193191528,
        "min": 5.02664613724,
        "var": 235.820129395
    },
    "hfc": {
        "dmean": 7.77375078201,
        "dmean2": 10.9681043625,
        "dvar": 176.463104248,
        "dvar2": 342.890899658,
        "max": 326.510742188,
        "mean": 23.521024704,
        "median": 16.0840187073,
        "min": 1.03665272068e-16,
        "var": 612.614318848
    },
    "melbands_crest": {
        "dmean": 2.65563511848,
        "dmean2": 4.45977020264,
        "dvar": 7.38300514221,
        "dvar2": 20.4273395538,
        "max": 32.3216094971,
        "mean": 9.12891578674,
        "median": 8.52091789246,
        "min": 1.49942481518,
        "var": 20.7970123291
    },
    "melbands_flatness_db": {
        "dmean": 0.0170540101826,
        "dmean2": 0.0272175818682,
        "dvar": 0.000373629271053,
        "dvar2": 0.000925953791011,
        "max": 0.397450447083,
        "mean": 0.114590451121,
        "median": 0.114767923951,
        "min": 0.00213090470061,
        "var": 0.00308626750484
    },
    "melbands_kurtosis": {
        "dmean": 2.51225161552,
        "dmean2": 4.1079916954,
        "dvar": 27.0095710754,
        "dvar2": 71.9025039673,
        "max": 135.657775879,
        "mean": 4.38599729538,
        "median": 1.74931287766,
        "min": -1.81738841534,
        "var": 69.8807067871
    },
    "melbands_skewness": {
        "dmean": 0.450725257397,
        "dmean2": 0.717096924782,
        "dvar": 0.253703296185,
        "dvar2": 0.648183882236,
        "max": 11.0248632431,
        "mean": 1.45425212383,
        "median": 1.29618620872,
        "min": -1.76869857311,
        "var": 1.49764931202
    },
    "melbands_spread": {
        "dmean": 9.64133834839,
        "dmean2": 15.2701044083,
        "dvar": 156.162322998,
        "dvar2": 329.041656494,
        "max": 216.508911133,
        "mean": 49.3572006226,
        "median": 38.9331245422,
        "min": 1.5796713829,
        "var": 1377.90795898
    },
    "pitch_salience": {
        "dmean": 0.0565812252462,
        "dmean2": 0.0946229398251,
        "dvar": 0.00303173740394,
        "dvar2": 0.00844599399716,
        "max": 0.954790174961,
        "mean": 0.670316874981,
        "median": 0.677231907845,
        "min": 0.148471951485,
        "var": 0.00838169734925
    },
    "silence_rate_20dB": {
        "dmean": 0,
        "dmean2": 0,
        "dvar": 0,
        "dvar2": 0,
        "max": 1,
        "mean": 1,
        "median": 1,
        "min": 1,
        "var": 0
    },
    "silence_rate_30dB": {
        "dmean": 0.000220312838792,
        "dmean2": 0.000440674222773,
        "dvar": 0.000220222631469,
        "dvar2": 0.000440518022515,
        "max": 1,
        "mean": 0.999779701233,
        "median": 1,
        "min": 0,
        "var": 0.000220198373427
    },
    "silence_rate_60dB": {
        "dmean": 0.0152015862986,
        "dmean2": 0.0304065216333,
        "dvar": 0.014969849959,
        "dvar2": 0.0352119393647,
        "max": 1,
        "mean": 0.155744031072,
        "median": 0,
        "min": 0,
        "var": 0.131467983127
    },
    "spectral_centroid": {
        "dmean": 268.815124512,
        "dmean2": 421.756988525,
        "dvar": 93742.8515625,
        "dvar2": 203941.765625,
        "max": 11856.28125,
        "mean": 2850.81298828,
        "median": 1999.39538574,
        "min": 245.643539429,
        "var": 8233155
    },
    "spectral_complexity": {
        "dmean": 3.84379816055,
        "dmean2": 5.80456113815,
        "dvar": 23.2599372864,
        "dvar2": 45.8637504578,
        "max": 59,
        "mean": 20.3825302124,
        "median": 21,
        "min": 0,
        "var": 145.242858887
    },
    "spectral_decrease": {
        "dmean": 1.18095166979e-09,
        "dmean2": 1.75316750006e-09,
        "dvar": 3.25345665233e-18,
        "dvar2": 7.0780827584e-18,
        "max": 2.80212430961e-28,
        "mean": -3.69645647424e-09,
        "median": -3.07733705185e-09,
        "min": -3.85247354018e-08,
        "var": 9.79968481753e-18
    },
    "spectral_energy": {
        "dmean": 0.00504401372746,
        "dmean2": 0.00739523163065,
        "dvar": 5.64792753721e-05,
        "dvar2": 0.000120099190099,
        "max": 0.151085883379,
        "mean": 0.0160846877843,
        "median": 0.0134805906564,
        "min": 9.87401458237e-21,
        "var": 0.000181335984962
    },
    "spectral_energyband_high": {
        "dmean": 0.000606863817666,
        "dmean2": 0.00086611812003,
        "dvar": 2.35439370044e-06,
        "dvar2": 4.50487186754e-06,
        "max": 0.0417735688388,
        "mean": 0.00127712951507,
        "median": 0.000609464652371,
        "min": 6.92292980922e-21,
        "var": 5.97175403527e-06
    },
    "spectral_energyband_low": {
        "dmean": 0.00113173155114,
        "dmean2": 0.0018959431909,
        "dvar": 1.28072624648e-05,
        "dvar2": 3.38573408953e-05,
        "max": 0.125473663211,
        "mean": 0.00177750713192,
        "median": 0.000903399311937,
        "min": 9.53412320226e-24,
        "var": 1.38645136758e-05
    },
    "spectral_energyband_middle_high": {
        "dmean": 0.00232494156808,
        "dmean2": 0.00339083280414,
        "dvar": 1.44400537465e-05,
        "dvar2": 2.88602568617e-05,
        "max": 0.0770964026451,
        "mean": 0.00690934387967,
        "median": 0.00392336491495,
        "min": 1.03483657071e-21,
        "var": 6.35126416455e-05
    },
    "spectral_energyband_middle_low": {
        "dmean": 0.00265514361672,
        "dmean2": 0.004177485127,
        "dvar": 2.15065920202e-05,
        "dvar2": 5.24413771927e-05,
        "max": 0.100365594029,
        "mean": 0.00653710495681,
        "median": 0.00499934284016,
        "min": 1.25202398809e-22,
        "var": 4.59634611616e-05
    },
    "spectral_entropy": {
        "dmean": 0.103108383715,
        "dmean2": 0.147624447942,
        "dvar": 0.011961822398,
        "dvar2": 0.0222696978599,
        "max": 9.82648181915,
        "mean": 8.04516887665,
        "median": 7.87837505341,
        "min": 6.39421844482,
        "var": 0.432779252529
    },
    "spectral_flux": {
        "dmean": 0.0168873183429,
        "dmean2": 0.0257610678673,
        "dvar": 0.000439497147454,
        "dvar2": 0.000914309755899,
        "max": 0.319413721561,
        "mean": 0.0700452700257,
        "median": 0.066255711019,
        "min": 6.15362136247e-11,
        "var": 0.00192678824533
    },
    "spectral_kurtosis": {
        "dmean": 0.95747166872,
        "dmean2": 1.60124599934,
        "dvar": 1.33405053616,
        "dvar2": 3.93442606926,
        "max": 17.4579658508,
        "mean": 2.75677204132,
        "median": 2.6230635643,
        "min": -1.272529006,
        "var": 5.51707172394
    },
    "spectral_rms": {
        "dmean": 0.000557008082978,
        "dmean2": 0.000801032758318,
        "dvar": 4.63463692313e-07,
        "dvar2": 8.96488813851e-07,
        "max": 0.0121408756822,
        "mean": 0.00350537383929,
        "median": 0.00362654053606,
        "min": 3.10373731924e-12,
        "var": 3.40474571203e-06
    },
    "spectral_rolloff": {
        "dmean": 567.33782959,
        "dmean2": 925.910339355,
        "dvar": 665791.5625,
        "dvar2": 1448598.625,
        "max": 19918.2128906,
        "mean": 4235.91601562,
        "median": 2519.38476562,
        "min": 129.19921875,
        "var": 26829676
    },
    "spectral_skewness": {
        "dmean": 0.156319841743,
        "dmean2": 0.248730823398,
        "dvar": 0.0249638725072,
        "dvar2": 0.0613848045468,
        "max": 2.9324798584,
        "mean": 1.13433074951,
        "median": 1.21687185764,
        "min": -0.156706690788,
        "var": 0.258398324251
    },
    "spectral_spread": {
        "dmean": 477784.4375,
        "dmean2": 716676.6875,
        "dvar": 473715113984,
        "dvar2": 1.01913100288e+12,
        "max": 43034652,
        "mean": 8248519.5,
        "median": 4426811.5,
        "min": 1750157.375,
        "var": 1.23879808827e+14
    },
    "spectral_strongpeak": {
        "dmean": 0.683045387268,
        "dmean2": 1.12943661213,
        "dvar": 1.23168933392,
        "dvar2": 3.00486445427,
        "max": 12.8403596878,
        "mean": 1.16473197937,
        "median": 0.46935287118,
        "min": 0,
        "var": 2.57494449615
    },
    "zerocrossingrate": {
        "dmean": 0.0105843758211,
        "dmean2": 0.0127510959283,
        "dvar": 0.00018306702259,
        "dvar2": 0.000198395093321,
        "max": 0.71435546875,
        "mean": 0.133397161961,
        "median": 0.0888671875,
        "min": 0.00927734375,
        "var": 0.0172822084278
    },
    "barkbands": {
        "dmean": [4.81658789795e-05, 0.000578327861149, 0.000558182422537, 0.000458976894151, 0.00115542951971, 0.000551780278329, 0.000579249288421, 0.000451095052995, 0.000633353134617, 0.00046757076052, 0.000443536555395, 0.000452429521829, 0.000507066259161, 0.00054034916684, 0.000441025622422, 0.000363518978702, 0.000381171703339, 0.000356542586815, 0.00020570277411, 0.000158143011504, 0.000171562060132, 0.00020292433328, 0.000134766843985, 9.15297132451e-05, 4.62927091576e-05, 1.88702742889e-05, 1.81630692708e-08],
        "dmean2": [8.57974519022e-05, 0.000985282706097, 0.000961093988735, 0.000776849396061, 0.00193926435895, 0.000879394123331, 0.000938523095101, 0.000706563878339, 0.000992343528196, 0.000735338311642, 0.000704684760422, 0.000716231879778, 0.000800365873147, 0.00086007086793, 0.000697600422427, 0.000572932127398, 0.000604241969995, 0.000553432560991, 0.000327534362441, 0.000255179824308, 0.000265819166088, 0.000306382484268, 0.000199564718059, 0.000134561021696, 6.45548061584e-05, 2.66477618425e-05, 3.20179971425e-08],
        "dvar": [6.28928331636e-09, 3.62761375072e-06, 3.8327607399e-06, 1.36446612942e-06, 5.66883954889e-06, 2.18846776079e-06, 1.72084810401e-06, 1.81277050615e-06, 2.6929787964e-06, 2.83403187495e-06, 1.39052690429e-06, 1.44376394928e-06, 1.70754083229e-06, 1.88152750979e-06, 1.35042387228e-06, 9.2480343028e-07, 5.86445139561e-07, 5.32014553301e-07, 1.63589390922e-07, 1.37372936138e-07, 1.21790392882e-07, 3.29647804165e-07, 2.17350361709e-07, 9.44258289337e-08, 2.3958630635e-08, 3.18203485783e-09, 7.0811581696e-15],
        "dvar2": [1.78119385907e-08, 1.01213081507e-05, 1.03213760667e-05, 3.66886297343e-06, 1.54948247655e-05, 5.05452999278e-06, 4.08372125094e-06, 4.06298477174e-06, 6.21309936832e-06, 6.56682323097e-06, 3.35386312145e-06, 3.30018883687e-06, 4.05556102123e-06, 4.45723753728e-06, 3.02231774185e-06, 2.08377764466e-06, 1.3665392089e-06, 1.19854621516e-06, 3.88735571732e-07, 3.54847969675e-07, 2.85487061547e-07, 7.33693241273e-07, 4.44339008254e-07, 1.82372261293e-07, 4.28596180768e-08, 6.3663110339e-09, 1.90273178344e-14],
        "max": [0.00250857905485, 0.0630172491074, 0.061370678246, 0.043676070869, 0.0375456362963, 0.082336999476, 0.0285177510232, 0.0284311138093, 0.0493237413466, 0.0622935704887, 0.0310573223978, 0.0373678319156, 0.0372753329575, 0.0328362807631, 0.0250130947679, 0.0216560848057, 0.0208625365049, 0.0272674746811, 0.00808404851705, 0.0155205316842, 0.00605779793113, 0.0243081487715, 0.0132407061756, 0.00922833010554, 0.0077780704014, 0.00138180749491, 2.50158882409e-06],
        "mean": [5.24236420461e-05, 0.000780912814662, 0.000634132360574, 0.000756203779019, 0.00190025893971, 0.00102421990596, 0.00090458872728, 0.000670795910992, 0.00108987314161, 0.00068936846219, 0.000714902183972, 0.000722086755559, 0.000779227295425, 0.000841899309307, 0.000688222469762, 0.000637117191218, 0.000681404897477, 0.00071836047573, 0.000379525561584, 0.000263566646026, 0.00031071875128, 0.000354098214302, 0.000225220152061, 0.000158009352162, 8.26992109069e-05, 2.48664673563e-05, 1.41140903409e-08],
        "median": [2.5167275453e-05, 0.000319071375998, 0.000229958575801, 0.000322041101754, 0.00108483294025, 0.000529409036972, 0.000405433762353, 0.000234685692703, 0.000390804430936, 0.000179985145223, 0.000199010770302, 0.000177391426405, 0.00023717849399, 0.000255430437392, 0.000244419963565, 0.000225252108066, 0.000274770252872, 0.000264690635959, 0.000181065537618, 0.000122264696984, 0.000140041185659, 0.000137435024953, 7.37278533052e-05, 4.83080730191e-05, 2.33029750234e-05, 4.75408251077e-06, 9.3331231632e-10],
        "min": [5.68692723172e-26, 4.50166631008e-25, 2.61552626323e-25, 3.18529140583e-25, 4.67492067525e-24, 5.03325245841e-24, 3.97268734704e-24, 2.28958910245e-24, 6.63956219362e-24, 9.74649481314e-24, 8.46833740943e-24, 1.43485878496e-23, 2.07916724019e-23, 2.17316064813e-23, 3.19139043461e-23, 4.77004941181e-23, 4.30728309442e-23, 8.20170415896e-23, 9.01501281027e-23, 1.29131910615e-22, 1.70503032903e-22, 2.54209909215e-22, 3.51197037985e-22, 4.29617486003e-22, 6.92728270583e-22, 1.106801284e-21, 1.77090342054e-21],
        "var": [7.53442819246e-09, 3.54716735274e-06, 3.2941900372e-06, 2.09188920053e-06, 7.54761776989e-06, 3.90239074477e-06, 3.00361193695e-06, 2.90380717161e-06, 5.89142700846e-06, 4.66767460239e-06, 2.90267553282e-06, 2.83512963506e-06, 3.11352255267e-06, 3.48990442944e-06, 2.35442644225e-06, 2.17580600292e-06, 1.46283105096e-06, 1.50560595102e-06, 3.41852597785e-07, 2.07184214673e-07, 2.23005628186e-07, 5.63312369195e-07, 4.72478433267e-07, 2.32939683542e-07, 5.98577685196e-08, 5.02112174061e-09, 5.37258598883e-15]
    },
    "erbbands": {
        "dmean": [0.0127528198063, 0.153882652521, 0.611367464066, 0.993378579617, 2.68750452995, 4.85623788834, 3.9607925415, 4.68435907364, 6.48502349854, 10.5655164719, 9.97264003754, 13.1389141083, 15.2433738708, 13.5795078278, 16.3005104065, 16.6022319794, 20.2596035004, 22.8409118652, 22.9533786774, 23.5534629822, 18.5240955353, 20.6014480591, 18.2783489227, 13.3252258301, 8.52090167999, 7.29547309875, 6.90884208679, 6.98020648956, 7.11744260788, 6.21234130859, 3.54056429863, 2.34142374992, 1.28701651096, 0.623141646385, 0.272119671106, 0.110672697425, 0.0302409473807, 0.00252166390419, 5.10805257363e-05, 8.80900915945e-06],
        "dmean2": [0.0208824649453, 0.264234006405, 1.06500947475, 1.67464411259, 4.59520578384, 8.22906589508, 6.40094137192, 7.44603013992, 10.5080795288, 16.6339874268, 15.5652217865, 20.3905982971, 23.6948642731, 20.9805030823, 25.7425346375, 25.8815116882, 31.9140644073, 35.7882881165, 36.0668525696, 36.7842674255, 28.4098968506, 32.247177124, 28.4207420349, 20.6001682281, 13.4043464661, 11.6747570038, 10.9713220596, 10.751999855, 10.7569551468, 9.37784767151, 5.2557220459, 3.49500894547, 1.86632466316, 0.879499733448, 0.382624447346, 0.157342135906, 0.0435699746013, 0.00372112565674, 7.23189878045e-05, 1.21937646327e-05],
        "dvar": [0.00093836634187, 0.303964704275, 5.30944871902, 6.67459774017, 37.3259277344, 101.850471497, 90.2270431519, 169.986953735, 283.8019104, 595.743652344, 948.209655762, 1485.79077148, 2869.70532227, 1593.53222656, 1868.32849121, 2117.59936523, 2413.31445312, 3643.53222656, 3397.1003418, 3889.93164062, 2115.35302734, 1799.14746094, 1457.88818359, 692.268737793, 288.778106689, 272.552764893, 207.468658447, 222.066375732, 365.623077393, 383.867706299, 175.78717041, 64.787147522, 20.6599979401, 5.11592769623, 0.882509231567, 0.10856487602, 0.00906009227037, 7.59708054829e-05, 2.49799203544e-08, 2.11565112651e-10],
        "dvar2": [0.00231888587587, 0.84614700079, 14.423122406, 17.5526924133, 102.669075012, 285.572753906, 238.969726562, 366.622161865, 678.659057617, 1367.72692871, 2206.55712891, 3313.31201172, 6639.84179688, 3851.3972168, 4459.35351562, 4833.47314453, 5593.05224609, 7896.49072266, 7766.99267578, 8992.203125, 4314.29150391, 4134.86425781, 3311.40454102, 1525.09106445, 673.574584961, 693.642578125, 507.718505859, 499.955932617, 811.880065918, 836.577148438, 372.486572266, 138.323684692, 40.2940826416, 9.22001457214, 1.71488940716, 0.207967013121, 0.0188845619559, 0.000161610834766, 5.08652249209e-08, 3.74872688447e-10],
        "max": [1.23598885536, 18.8708610535, 77.2417297363, 98.297203064, 131.95022583, 173.743637085, 463.941772461, 671.614746094, 442.124725342, 562.83984375, 782.844665527, 1281.08032227, 1985.87841797, 1545.33105469, 1263.21887207, 1495.50720215, 1229.40124512, 1879.23181152, 1778.83422852, 1783.41650391, 1455.02124023, 1100.13195801, 1631.73364258, 624.400085449, 419.903991699, 590.419494629, 243.844146729, 406.784545898, 795.17956543, 729.522399902, 409.602203369, 233.066131592, 146.882064819, 109.667182922, 45.942527771, 13.3740329742, 2.9844083786, 0.170931145549, 0.00339447823353, 0.000367728294805],
        "mean": [0.0187594890594, 0.190483003855, 0.7028875947, 1.66771829128, 4.15291404724, 7.3329577446, 7.27599668503, 8.61208534241, 10.2649717331, 16.8066730499, 16.4153194427, 22.601184845, 24.0337963104, 24.0823612213, 29.4178771973, 27.7203388214, 34.3190231323, 40.1904220581, 38.0809555054, 39.3692970276, 36.1505813599, 40.0793113708, 38.8652381897, 28.0401763916, 16.3522567749, 12.531826973, 11.9116897583, 12.7115802765, 12.6261205673, 10.2122478485, 5.78342485428, 3.80480718613, 2.27718257904, 1.1024030447, 0.452197909355, 0.161001831293, 0.0375380292535, 0.00276176840998, 7.1507798566e-05, 2.58894033323e-05],
        "median": [0.00761479930952, 0.0735848322511, 0.263417452574, 0.819435358047, 2.11525702477, 3.70662307739, 4.08934545517, 4.42574882507, 4.59527683258, 7.15542173386, 6.43112373352, 8.44312286377, 7.7175860405, 7.22707176208, 8.9771232605, 8.62351608276, 12.059088707, 11.7840852737, 14.234287262, 14.8725776672, 13.6814146042, 17.211730957, 15.7583122253, 11.9099264145, 8.17609596252, 5.95206880569, 5.60398292542, 5.43729543686, 4.88564252853, 3.77277517319, 1.79325306416, 1.10514450073, 0.680231332779, 0.303614884615, 0.129249989986, 0.0379048585892, 0.00604528933764, 0.000254714104813, 2.1443111109e-05, 1.96655473701e-05],
        "min": [2.197501898e-23, 1.16913225122e-22, 7.95297151927e-22, 2.83845169272e-21, 6.83601041363e-21, 1.15381169901e-20, 2.22179630088e-20, 2.96984270912e-20, 6.3458291603e-20, 1.06916687238e-19, 1.53631453838e-19, 1.93527201962e-19, 4.04610097505e-19, 4.79009384285e-19, 5.35585487955e-19, 9.23706903171e-19, 1.02746099458e-18, 1.18227156854e-18, 1.48736555695e-18, 2.46465597943e-18, 3.01347170429e-18, 3.04072296278e-18, 4.35135714256e-18, 4.93642612572e-18, 5.04913403367e-18, 6.62732433207e-18, 7.7380074511e-18, 7.25840316885e-18, 9.63468710075e-18, 8.98908669472e-18, 9.30156078856e-18, 8.3748496688e-18, 8.62041891315e-18, 6.05018594303e-18, 5.26382462576e-18, 3.71598317044e-18, 1.82875550686e-18, 8.00775197943e-19, 2.27923905073e-19, 2.47442469166e-20],
        "var": [0.00148779281881, 0.261832326651, 4.28538036346, 9.52222061157, 45.6162490845, 134.495040894, 128.252075195, 317.108398438, 500.963165283, 1203.20910645, 1525.77929688, 3079.86523438, 4069.0222168, 3694.8269043, 3710.84912109, 3850.42504883, 4863.31347656, 8177.90332031, 6050.53369141, 7414.78417969, 6338.28515625, 4948.32128906, 4102.31689453, 2128.14477539, 625.800292969, 418.859436035, 313.854248047, 445.993804932, 653.277038574, 673.711975098, 364.199554443, 144.895080566, 48.0177612305, 11.8808698654, 2.00972914696, 0.208794370294, 0.012521835044, 9.16637654882e-05, 3.52921070146e-08, 6.50496212451e-10]
    },
    "gfcc": {
        "mean": [-113.683067322, 65.1952133179, -129.098922729, 34.6255760193, -63.525352478, 14.9219045639, -41.2821769714, 7.10663700104, -22.0329418182, 1.49708020687, -16.6308670044, 1.55895423889, -8.81610679626],
        "cov": [[126981.820312, 7579.21679688, -15473.2373047, 4317.27929688, -7776.21679688, 1763.91931152, -5082.80566406, 827.131469727, -2791.49731445, 174.464447021, -2071.31298828, 202.25402832, -1195.74731445], [7579.21679688, 1281.6373291, -879.668457031, 332.023406982, -382.553955078, -2.60975790024, -312.481079102, 5.61599111557, -143.106964111, -49.6735877991, -102.672805786, -35.1480712891, -44.1342430115], [-15473.2373047, -879.668457031, 2907.00927734, -242.553115845, 898.151123047, -218.936294556, 510.121002197, -123.028831482, 266.747589111, 26.5361385345, 166.424560547, 6.52348232269, 79.8022384644], [4317.27929688, 332.023406982, -242.553115845, 397.625762939, -248.728683472, 38.9778671265, -245.08807373, 8.3400478363, -80.5354156494, 13.5279016495, -92.5651245117, -2.76562190056, -39.0992851257], [-7776.21679688, -382.553955078, 898.151123047, -248.728683472, 682.96105957, -125.334762573, 282.369628906, -29.6317024231, 195.858795166, -2.41733407974, 117.465286255, -16.7063865662, 73.2345581055], [1763.91931152, -2.60975790024, -218.936294556, 38.9778671265, -125.334762573, 185.408279419, -0.227170050144, 15.7723655701, -59.3407745361, 14.5587654114, -11.8507432938, 10.5694770813, -19.5772342682], [-5082.80566406, -312.481079102, 510.121002197, -245.08807373, 282.369628906, -0.227170050144, 380.078552246, -9.44809532166, 87.05103302, -18.4099559784, 106.421310425, 6.40886640549, 38.416809082], [827.131469727, 5.61599111557, -123.028831482, 8.3400478363, -29.6317024231, 15.7723655701, -9.44809532166, 95.8092956543, 9.42753601074, 4.27560138702, -15.7691640854, 10.5551347733, -4.01104879379], [-2791.49731445, -143.106964111, 266.747589111, -80.5354156494, 195.858795166, -59.3407745361, 87.05103302, 9.42753601074, 163.558334351, 16.0173892975, 45.1435394287, -14.0384321213, 40.0493507385], [174.464447021, -49.6735877991, 26.5361385345, 13.5279016495, -2.41733407974, 14.5587654114, -18.4099559784, 4.27560138702, 16.0173892975, 74.520652771, 0.321621358395, 3.99033117294, -6.30709028244], [-2071.31298828, -102.672805786, 166.424560547, -92.5651245117, 117.465286255, -11.8507432938, 106.421310425, -15.7691640854, 45.1435394287, 0.321621358395, 95.3572006226, 7.68230104446, 29.1824645996], [202.25402832, -35.1480712891, 6.52348232269, -2.76562190056, -16.7063865662, 10.5694770813, 6.40886640549, 10.5551347733, -14.0384321213, 3.99033117294, 7.68230104446, 60.2526435852, 4.37171125412], [-1195.74731445, -44.1342430115, 79.8022384644, -39.0992851257, 73.2345581055, -19.5772342682, 38.416809082, -4.01104879379, 40.0493507385, -6.30709028244, 29.1824645996, 4.37171125412, 72.0396270752]],
        "icov": [[0.000314882781822, -0.00045633330592, 0.000780997739639, -0.000756249937695, 0.000829553755466, -0.000636783021037, 0.000951843219809, -0.000887819041964, 0.00107027753256, -0.000843787449412, 0.00120993331075, -0.000967868196312, 0.000997734605335], [-0.00045633330592, 0.00200308137573, -0.00079016352538, 0.000147201513755, -0.00118174776435, 0.00156088394579, -0.00135028164368, 0.00144896516576, -0.00115655199625, 0.0019220385002, -0.00201341579668, 0.00204703304917, -0.00146316119935], [0.000780997739639, -0.00079016352538, 0.00276596215554, -0.00264349183999, 0.00131734798197, -0.000929933798034, 0.00151909538545, -0.00141746352892, 0.00264099659398, -0.00238754577003, 0.0032062146347, -0.00271865888499, 0.0026885215193], [-0.000756249937695, 0.000147201513755, -0.00264349183999, 0.00737873511389, -0.00109593383968, 0.000108331434603, 0.000548232987057, 0.00179622415453, -0.00286735384725, 0.00175741629209, -0.00155047257431, 0.00213586981408, -0.00233168760315], [0.000829553755466, -0.00118174776435, 0.00131734798197, -0.00109593383968, 0.00619150046259, -0.0008901047986, 0.0019041064661, -0.00239468086511, 0.000765808275901, -0.00194282049779, 0.00233474443667, -0.00170320703182, 0.00186813517939], [-0.000636783021037, 0.00156088394579, -0.000929933798034, 0.000108331434603, -0.0008901047986, 0.00923814252019, -0.00433650426567, 0.00120618753135, 0.000178304675501, -0.000426529353717, -0.00282598775811, 0.00210055755451, -0.00184849835932], [0.000951843219809, -0.00135028164368, 0.00151909538545, 0.000548232987057, 0.0019041064661, -0.00433650426567, 0.0100310593843, -0.00368814403191, 0.00273934472352, -0.000316631572787, 0.0003032865352, -0.00288185640238, 0.00341926864348], [-0.000887819041964, 0.00144896516576, -0.00141746352892, 0.00179622415453, -0.00239468086511, 0.00120618753135, -0.00368814403191, 0.0151319941506, -0.00595774268731, 0.00225944980048, -0.000308214017423, -0.000420878088335, -0.00207181321457], [0.00107027753256, -0.00115655199625, 0.00264099659398, -0.00286735384725, 0.000765808275901, 0.000178304675501, 0.00273934472352, -0.00595774268731, 0.0156812109053, -0.00607991497964, 0.00227907206863, 2.30554323934e-05, -0.000122657482279], [-0.000843787449412, 0.0019220385002, -0.00238754577003, 0.00175741629209, -0.00194282049779, -0.000426529353717, -0.000316631572787, 0.00225944980048, -0.00607991497964, 0.0182378124446, -0.00450799288228, 0.00144328095485, -0.000360310572432], [0.00120993331075, -0.00201341579668, 0.0032062146347, -0.00155047257431, 0.00233474443667, -0.00282598775811, 0.0003032865352, -0.000308214017423, 0.00227907206863, -0.00450799288228, 0.0232098493725, -0.00665372377262, 0.000476012617582], [-0.000967868196312, 0.00204703304917, -0.00271865888499, 0.00213586981408, -0.00170320703182, 0.00210055755451, -0.00288185640238, -0.000420878088335, 2.30554323934e-05, 0.00144328095485, -0.00665372377262, 0.0221186280251, -0.00535788247362], [0.000997734605335, -0.00146316119935, 0.0026885215193, -0.00233168760315, 0.00186813517939, -0.00184849835932, 0.00341926864348, -0.00207181321457, -0.000122657482279, -0.000360310572432, 0.000476012617582, -0.00535788247362, 0.0211307201535]]
    },
    "melbands": {
        "dmean": [0.000132767367177, 0.00027501679142, 0.000205182848731, 0.000279837608105, 0.000146886261064, 0.000104643404484, 0.000102532780147, 0.000111788976938, 8.61081207404e-05, 8.55156395119e-05, 7.82774732215e-05, 5.72880817344e-05, 6.0308175307e-05, 4.80060916743e-05, 5.09684432473e-05, 4.85780037707e-05, 4.48130012956e-05, 4.27839258919e-05, 3.47531895386e-05, 2.72835986834e-05, 2.32636157307e-05, 2.32751899603e-05, 2.04309144465e-05, 1.75945133378e-05, 1.12714806164e-05, 7.56713734518e-06, 6.14878399574e-06, 4.7851913223e-06, 4.62253547084e-06, 4.27781287726e-06, 4.4218977564e-06, 4.37010385212e-06, 4.09984977523e-06, 3.39655343851e-06, 2.30090768127e-06, 1.46161687553e-06, 1.54179883793e-06, 9.77261379376e-07, 8.13146584733e-07, 4.59473909586e-07],
        "dmean2": [0.00022330939828, 0.000475227658171, 0.000344528321875, 0.000475516135339, 0.000237064261455, 0.000166349331266, 0.000166095516761, 0.000174856817466, 0.000135285357828, 0.000133706445922, 0.000121395729366, 8.85385161382e-05, 9.56059011514e-05, 7.69193720771e-05, 8.12610887806e-05, 7.51666811993e-05, 7.09835876478e-05, 6.79995428072e-05, 5.46628289158e-05, 4.31841908721e-05, 3.6272998841e-05, 3.69978151866e-05, 3.25559485645e-05, 2.75779602816e-05, 1.77342499228e-05, 1.20586200865e-05, 9.98897030513e-06, 7.79904894443e-06, 7.50706931285e-06, 6.72946953273e-06, 6.92111234457e-06, 6.71600673741e-06, 6.39983682049e-06, 5.17007811141e-06, 3.47872060047e-06, 2.21010191126e-06, 2.35828724726e-06, 1.44534249102e-06, 1.20421520933e-06, 6.51301490961e-07],
        "dvar": [1.44997343909e-07, 1.06494223928e-06, 2.53604980571e-07, 3.70163348862e-07, 9.449617977e-08, 7.93045131786e-08, 6.31202539125e-08, 6.8981840684e-08, 6.85677221668e-08, 5.82172070551e-08, 7.46602921708e-08, 3.07921972365e-08, 2.72064877294e-08, 2.04735997045e-08, 2.04149799288e-08, 1.65205911173e-08, 1.43200429292e-08, 1.33339428388e-08, 9.54922718677e-09, 5.68603963913e-09, 3.51598905546e-09, 2.61531618584e-09, 1.97408600577e-09, 1.20690912819e-09, 5.51793055692e-10, 2.43383119214e-10, 2.51207971091e-10, 1.16028325836e-10, 9.96527721453e-11, 8.17719780777e-11, 9.75294428551e-11, 1.28372174002e-10, 1.53712959028e-10, 1.20690540895e-10, 8.07002312198e-11, 2.71378041566e-11, 2.76175055047e-11, 1.22921091708e-11, 8.157645566e-12, 2.85794088048e-12],
        "dvar2": [3.95239482032e-07, 2.8877270779e-06, 6.73567456033e-07, 1.0279760545e-06, 2.47457990099e-07, 1.74150443399e-07, 1.51573289031e-07, 1.56272662366e-07, 1.60424832529e-07, 1.33079169018e-07, 1.72101991325e-07, 7.42111296859e-08, 6.53735199307e-08, 4.81126321006e-08, 4.67959466732e-08, 3.58561003111e-08, 3.24003650576e-08, 3.1335183337e-08, 2.14293560674e-08, 1.34319728673e-08, 7.5926180898e-09, 6.0661209389e-09, 4.58516202784e-09, 2.82247558658e-09, 1.23687249332e-09, 5.75539615966e-10, 6.62396859585e-10, 2.93344293301e-10, 2.53680715323e-10, 1.95516394741e-10, 2.28714894246e-10, 2.91516311091e-10, 3.60212193407e-10, 2.62617899649e-10, 1.74507172601e-10, 6.07247238604e-11, 5.97378466138e-11, 2.5155363903e-11, 1.65560967713e-11, 5.0651670358e-12],
        "max": [0.0122991465032, 0.0363230332732, 0.0181131418794, 0.00898063462228, 0.0128268823028, 0.0133020654321, 0.00662056123838, 0.00586990080774, 0.00784158427268, 0.00765321450308, 0.0100434245542, 0.00724378367886, 0.00492349732667, 0.00538228731602, 0.00405706837773, 0.00452436134219, 0.0038036252372, 0.00380243174732, 0.00226374948397, 0.00193558633327, 0.00173340027686, 0.00134847604204, 0.00174267683178, 0.000744682969525, 0.000548046431504, 0.000399910757551, 0.000669451022986, 0.000331315328367, 0.000185156444786, 0.000174463159055, 0.000344941770891, 0.000467126228614, 0.00042296492029, 0.000413627509261, 0.000317443773383, 0.000181828858331, 0.000161110336194, 0.000103523991129, 0.000111085435492, 8.39361891849e-05],
        "mean": [0.000193038562429, 0.000332782306941, 0.00035856719478, 0.000429985258961, 0.000276810926152, 0.000195772809093, 0.00016147691349, 0.000177944006282, 0.000142774442793, 0.00014343370276, 0.000120125318062, 9.61670375546e-05, 0.000103160222352, 7.76848464739e-05, 7.80580958235e-05, 7.86451710155e-05, 7.29829407646e-05, 6.40422658762e-05, 5.38476524525e-05, 4.50927145721e-05, 4.10652610299e-05, 4.14649512095e-05, 3.68424080079e-05, 3.47458662873e-05, 2.15427662624e-05, 1.30836488097e-05, 1.0099794963e-05, 7.5850725807e-06, 7.24972824173e-06, 7.14083307685e-06, 7.56181634642e-06, 7.38059998184e-06, 6.45728323434e-06, 5.37788901056e-06, 3.51720382241e-06, 2.30256137002e-06, 2.37899917011e-06, 1.60271201821e-06, 1.42809574299e-06, 7.46832768073e-07],
        "median": [8.27337062219e-05, 0.000136346177896, 0.000188109217561, 0.000228974618949, 0.000162940297741, 0.000101330071629, 7.56176232244e-05, 7.39630268072e-05, 5.11875659868e-05, 5.06237847731e-05, 3.48430257873e-05, 2.66854658548e-05, 3.12680640491e-05, 1.80759489012e-05, 2.34362923948e-05, 2.27902237384e-05, 2.00518861675e-05, 2.0895851776e-05, 1.87340829143e-05, 1.55056259246e-05, 1.4411385564e-05, 1.56229161803e-05, 1.4598834241e-05, 1.17371355373e-05, 8.59694591782e-06, 6.12752501183e-06, 4.41605970991e-06, 3.33348907589e-06, 3.14554472425e-06, 3.06170340991e-06, 3.09937718157e-06, 2.741563776e-06, 2.26249153457e-06, 1.80260792604e-06, 1.00094132449e-06, 6.16827719568e-07, 6.50185597806e-07, 4.44390934717e-07, 3.506169719e-07, 1.96141499487e-07],
        "min": [3.10040775376e-25, 2.96059620989e-25, 6.67305821374e-25, 7.27117748245e-25, 6.6215362289e-25, 6.41678738095e-25, 8.26476110461e-25, 9.98611032703e-25, 1.30713956172e-24, 1.03736461353e-24, 1.1779506709e-24, 1.8707262471e-24, 1.4884981908e-24, 1.72693208965e-24, 1.34128333525e-24, 1.84805556798e-24, 1.86400811042e-24, 1.67815169229e-24, 2.45805567357e-24, 2.49783457637e-24, 3.0264871482e-24, 2.29441101474e-24, 2.13349068703e-24, 3.7717400198e-24, 3.2274480833e-24, 2.59194509071e-24, 3.62899366684e-24, 3.66856569086e-24, 4.13950066292e-24, 4.01212999788e-24, 3.83022301187e-24, 4.21455091729e-24, 4.01237217817e-24, 4.89222858324e-24, 4.87497698411e-24, 4.72480390016e-24, 4.57279513689e-24, 5.1382668054e-24, 5.16077064044e-24, 4.32972105958e-24],
        "var": [1.73790638769e-07, 8.82980145889e-07, 3.74551916593e-07, 4.45632991841e-07, 1.52501158368e-07, 1.52026132128e-07, 1.06315376058e-07, 1.37336201078e-07, 1.25790833749e-07, 1.12802524654e-07, 1.07900575586e-07, 6.78008689192e-08, 5.28480548212e-08, 3.74897410893e-08, 4.13544931632e-08, 3.36252554689e-08, 2.96598869909e-08, 2.1592732935e-08, 1.64817404169e-08, 1.11198357189e-08, 9.18669762484e-09, 6.55189502652e-09, 4.24123891563e-09, 3.7231320249e-09, 1.48633805264e-09, 4.50267406693e-10, 4.02313377057e-10, 1.65302493915e-10, 1.32762162375e-10, 1.34197444823e-10, 1.77830125625e-10, 2.22825827234e-10, 2.31546490315e-10, 2.14636364237e-10, 1.5342362103e-10, 5.77163733473e-11, 5.72686030542e-11, 2.64084917129e-11, 1.75527526541e-11, 6.48265642555e-12]
    },
    "mfcc": {
        "mean": [-676.506652832, 84.0806732178, -13.1760129929, 15.3438720703, -2.70199990273, 4.01272916794, -8.26104736328, 2.23218917847, -2.39633131027, -3.40664339066, -0.0203523486853, -1.92588710785, -4.54011535645],
        "cov": [[28323.7109375, 4202.24707031, -803.480834961, 865.578063965, -215.097000122, 190.315673828, -457.765655518, 102.500968933, -232.273162842, -258.071929932, 52.287399292, -141.212631226, -349.165924072], [4202.24707031, 1509.57592773, -132.468139648, 279.184112549, 34.679145813, 18.0606498718, -85.6125411987, 21.0020198822, -25.6351337433, -54.5562744141, -15.9125289917, -27.1374053955, -30.9096031189], [-803.480834961, -132.468139648, 897.022705078, 202.743270874, 67.0120315552, 57.3421669006, -0.936197578907, -43.4964752197, -13.8717718124, -26.143119812, -37.0367355347, -5.80526828766, 24.821680069], [865.578063965, 279.184112549, 202.743270874, 304.576904297, 113.251945496, -5.30793094635, -75.5924377441, -28.9922237396, 3.11061215401, -19.5803356171, -24.6722774506, -10.8812217712, 4.01933670044], [-215.097000122, 34.679145813, 67.0120315552, 113.251945496, 244.264373779, -6.45590639114, -63.2663383484, -40.9942550659, 28.4491271973, 10.9043798447, -13.5492591858, -9.13894462585, 18.7042484283], [190.315673828, 18.0606498718, 57.3421669006, -5.30793094635, -6.45590639114, 126.388465881, 38.8076286316, 0.721723437309, -9.1385974884, 0.360659480095, 11.8044910431, 3.94623279572, -9.44455814362], [-457.765655518, -85.6125411987, -0.936197578907, -75.5924377441, -63.2663383484, 38.8076286316, 155.006027222, 42.4739952087, -10.5615253448, -3.04275512695, 10.5631923676, 5.64333057404, -3.91163349152], [102.500968933, 21.0020198822, -43.4964752197, -28.9922237396, -40.9942550659, 0.721723437309, 42.4739952087, 97.2589950562, 15.6715478897, -11.1692695618, 15.9151506424, 5.06898021698, -7.12777376175], [-232.273162842, -25.6351337433, -13.8717718124, 3.11061215401, 28.4491271973, -9.1385974884, -10.5615253448, 15.6715478897, 77.318687439, 26.2209358215, 2.39876270294, 4.34568166733, 11.0425662994], [-258.071929932, -54.5562744141, -26.143119812, -19.5803356171, 10.9043798447, 0.360659480095, -3.04275512695, -11.1692695618, 26.2209358215, 81.0043106079, 5.65605115891, 1.74588501453, 8.49720001221], [52.287399292, -15.9125289917, -37.0367355347, -24.6722774506, -13.5492591858, 11.8044910431, 10.5631923676, 15.9151506424, 2.39876270294, 5.65605115891, 75.0000457764, 16.5516281128, -15.8367996216], [-141.212631226, -27.1374053955, -5.80526828766, -10.8812217712, -9.13894462585, 3.94623279572, 5.64333057404, 5.06898021698, 4.34568166733, 1.74588501453, 16.5516281128, 59.4091835022, 16.5037498474], [-349.165924072, -30.9096031189, 24.821680069, 4.01933670044, 18.7042484283, -9.44455814362, -3.91163349152, -7.12777376175, 11.0425662994, 8.49720001221, -15.8367996216, 16.5037498474, 72.5226821899]],
