{
"lowlevel": {
    "average_loudness": 0.799496650696,
    "barkbands_crest": {
        "dmean": 2.3936150074,
        "dmean2": 3.80656409264,
        "dvar": 4.89720058441,
        "dvar2": 11.733505249,
        "max": 25.6436882019,
        "mean": 9.37820911407,
        "median": 8.18275260925,
        "min": 2.1516263485,
        "var": 23.2477340698
    },
    "barkbands_flatness_db": {
        "dmean": 0.0167314745486,
        "dmean2": 0.0256591569632,
        "dvar": 0.000242162990617,
        "dvar2": 0.000544542563148,
        "max": 0.398455053568,
        "mean": 0.137867361307,
        "median": 0.130399405956,
        "min": 0.0629926025867,
        "var": 0.00150955026038
    },
    "barkbands_kurtosis": {
        "dmean": 1.53825509548,
        "dmean2": 2.36886787415,
        "dvar": 10.3201494217,
        "dvar2": 22.7931690216,
        "max": 127.705764771,
        "mean": 1.84777963161,
        "median": 0.293082714081,
        "min": -1.89666903019,
        "var": 31.9939899445
    },
    "barkbands_skewness": {
        "dmean": 0.415571242571,
        "dmean2": 0.60800999403,
        "dvar": 0.210258081555,
        "dvar2": 0.384441882372,
        "max": 8.70500946045,
        "mean": 0.709725379944,
        "median": 0.697039008141,
        "min": -8.17138957977,
        "var": 1.60609662533
    },
    "barkbands_spread": {
        "dmean": 5.79239845276,
        "dmean2": 8.67496490479,
        "dvar": 40.1953277588,
        "dvar2": 86.4341201782,
        "max": 99.3207015991,
        "mean": 27.6879825592,
        "median": 25.6549339294,
        "min": 0.73412078619,
        "var": 183.757278442
    },
    "dissonance": {
        "dmean": 0.0173757337034,
        "dmean2": 0.0294698663056,
        "dvar": 0.000293689168757,
        "dvar2": 0.000807390606496,
        "max": 0.499999582767,
        "mean": 0.466009169817,
        "median": 0.473103761673,
        "min": 0.272257626057,
        "var": 0.000747629674152
    },
    "dynamic_complexity": 4.53492641449,
    "erbbands_crest": {
        "dmean": 2.71495461464,
        "dmean2": 4.3447060585,
        "dvar": 6.46079683304,
        "dvar2": 15.3383598328,
        "max": 33.1435394287,
        "mean": 9.83842563629,
        "median": 8.34184837341,
        "min": 2.12199258804,
        "var": 27.1020622253
    },
    "erbbands_flatness_db": {
        "dmean": 0.015054250136,
        "dmean2": 0.0215975549072,
        "dvar": 0.00018948786601,
        "dvar2": 0.000356645061402,
        "max": 0.41603192687,
        "mean": 0.188770458102,
        "median": 0.183955430984,
        "min": 0.0612985827029,
        "var": 0.00157019170001
    },
    "erbbands_kurtosis": {
        "dmean": 1.06101250648,
        "dmean2": 1.59000766277,
        "dvar": 6.42940950394,
        "dvar2": 11.9221477509,
        "max": 97.3994979858,
        "mean": 0.934452831745,
        "median": -0.20721411705,
        "min": -1.89639055729,
        "var": 25.7507419586
    },
    "erbbands_skewness": {
        "dmean": 0.343546152115,
        "dmean2": 0.500630736351,
        "dvar": 0.123221814632,
        "dvar2": 0.223094671965,
        "max": 5.41198205948,
        "mean": 0.245224073529,
        "median": 0.288740456104,
        "min": -7.43818569183,
        "var": 1.1874614954
    },
    "erbbands_spread": {
        "dmean": 7.04853105545,
        "dmean2": 10.5799350739,
        "dvar": 58.3802185059,
        "dvar2": 114.289772034,
        "max": 147.28187561,
        "mean": 38.7283935547,
        "median": 35.2223358154,
        "min": 2.12111735344,
        "var": 378.799621582
    },
    "hfc": {
        "dmean": 9.76541233063,
        "dmean2": 13.3826332092,
        "dvar": 471.925323486,
        "dvar2": 679.8828125,
        "max": 517.678894043,
        "mean": 36.4929046631,
        "median": 23.909078598,
        "min": 1.18467060324e-16,
        "var": 2712.93969727
    },
    "melbands_crest": {
        "dmean": 3.19479203224,
        "dmean2": 5.07929897308,
        "dvar": 8.44665622711,
        "dvar2": 19.9229602814,
        "max": 37.3556060791,
        "mean": 12.449224472,
        "median": 11.1569719315,
        "min": 1.95400607586,
        "var": 36.984828949
    },
    "melbands_flatness_db": {
        "dmean": 0.0181807372719,
        "dmean2": 0.0272900294513,
        "dvar": 0.000326530425809,
        "dvar2": 0.000693358655553,
        "max": 0.466331034899,
        "mean": 0.122319638729,
        "median": 0.116829961538,
        "min": 0.0079662213102,
        "var": 0.00280635501258
    },
    "melbands_kurtosis": {
        "dmean": 3.75489234924,
        "dmean2": 5.79401636124,
        "dvar": 92.9233169556,
        "dvar2": 199.781585693,
        "max": 443.830688477,
        "mean": 7.71025705338,
        "median": 3.46364688873,
        "min": -1.9340877533,
        "var": 251.194641113
    },
    "melbands_skewness": {
        "dmean": 0.519277870655,
        "dmean2": 0.778928875923,
        "dvar": 0.379339426756,
        "dvar2": 0.772992730141,
        "max": 18.5356254578,
        "mean": 1.77600324154,
        "median": 1.46615350246,
        "min": -3.48058605194,
        "var": 2.4009976387
    },
    "melbands_spread": {
        "dmean": 10.645731926,
        "dmean2": 15.8523273468,
        "dvar": 251.546890259,
        "dvar2": 475.392730713,
        "max": 284.080657959,
        "mean": 44.826587677,
        "median": 35.7855491638,
        "min": 0.652069926262,
        "var": 1441.25463867
    },
    "pitch_salience": {
        "dmean": 0.0601256601512,
        "dmean2": 0.0951316654682,
        "dvar": 0.00292654428631,
        "dvar2": 0.0067622945644,
        "max": 0.859041929245,
        "mean": 0.58249861002,
        "median": 0.591378390789,
        "min": 0.0611144714057,
        "var": 0.0133694438264
    },
    "silence_rate_20dB": {
        "dmean": 0,
        "dmean2": 0,
        "dvar": 0,
        "dvar2": 0,
        "max": 1,
        "mean": 1,
        "median": 1,
        "min": 1,
        "var": 0
    },
    "silence_rate_30dB": {
        "dmean": 0,
        "dmean2": 0,
        "dvar": 0,
        "dvar2": 0,
        "max": 1,
        "mean": 1,
        "median": 1,
        "min": 1,
        "var": 0
    },
    "silence_rate_60dB": {
        "dmean": 0.0324935242534,
        "dmean2": 0.064994700253,
        "dvar": 0.0314383432269,
        "dvar2": 0.0715930610895,
        "max": 1,
        "mean": 0.152442619205,
        "median": 0,
        "min": 0,
        "var": 0.129202321172
    },
    "spectral_centroid": {
        "dmean": 258.011108398,
        "dmean2": 378.860870361,
        "dvar": 99540.6875,
        "dvar2": 158369.359375,
        "max": 10659.1455078,
        "mean": 2044.23852539,
        "median": 1982.25549316,
        "min": 187.809234619,
        "var": 851211.75
    },
    "spectral_complexity": {
        "dmean": 3.032964468,
        "dmean2": 4.77569770813,
        "dvar": 10.4529094696,
        "dvar2": 23.0260944366,
        "max": 54,
        "mean": 19.2156562805,
        "median": 18,
        "min": 0,
        "var": 129.477676392
    },
    "spectral_decrease": {
        "dmean": 9.84946013638e-10,
        "dmean2": 1.5068398751e-09,
        "dvar": 1.47531798152e-18,
        "dvar2": 3.23595309698e-18,
        "max": -6.72687456806e-30,
        "mean": -3.95352595106e-09,
        "median": -3.28498406255e-09,
        "min": -2.00542249473e-08,
        "var": 1.05599746427e-17
    },
    "spectral_energy": {
        "dmean": 0.00447487365454,
        "dmean2": 0.00671177590266,
        "dvar": 2.99430539599e-05,
        "dvar2": 6.24574677204e-05,
        "max": 0.0844665691257,
        "mean": 0.0182315390557,
        "median": 0.0151713555679,
        "min": 1.07707074469e-20,
        "var": 0.000218683868297
    },
    "spectral_energyband_high": {
        "dmean": 0.00100358831696,
        "dmean2": 0.00132067291997,
        "dvar": 8.13853148429e-06,
        "dvar2": 1.15040775199e-05,
        "max": 0.0656434223056,
        "mean": 0.00291688134894,
        "median": 0.00114882423077,
        "min": 7.91283074232e-21,
        "var": 4.24084355473e-05
    },
    "spectral_energyband_low": {
        "dmean": 0.000523843802512,
        "dmean2": 0.000831190147437,
        "dvar": 1.27225712276e-06,
        "dvar2": 2.98332656712e-06,
        "max": 0.0207296218723,
        "mean": 0.000902402214706,
        "median": 0.000482979405206,
        "min": 3.02452615832e-23,
        "var": 2.18915624828e-06
    },
    "spectral_energyband_middle_high": {
        "dmean": 0.00242736353539,
        "dmean2": 0.00378054240718,
        "dvar": 1.43467004818e-05,
        "dvar2": 3.31763658323e-05,
        "max": 0.0796281844378,
        "mean": 0.00879522040486,
        "median": 0.00487176468596,
        "min": 1.36181838094e-21,
        "var": 0.000108956730401
    },
    "spectral_energyband_middle_low": {
        "dmean": 0.00236506364308,
        "dmean2": 0.00362025666982,
        "dvar": 1.31239494294e-05,
        "dvar2": 2.79839132418e-05,
        "max": 0.0617318302393,
        "mean": 0.00610840739682,
        "median": 0.0036129958462,
        "min": 3.43585350665e-22,
        "var": 4.83754738525e-05
    },
    "spectral_entropy": {
        "dmean": 0.115596838295,
        "dmean2": 0.16779987514,
        "dvar": 0.0122526502237,
        "dvar2": 0.0234982576221,
        "max": 9.8164806366,
        "mean": 7.80014514923,
        "median": 7.80194997787,
        "min": 5.24722146988,
        "var": 0.0946151167154
    },
    "spectral_flux": {
        "dmean": 0.0168431065977,
        "dmean2": 0.0267931316048,
        "dvar": 0.000377224467229,
        "dvar2": 0.000941342441365,
        "max": 0.270000368357,
        "mean": 0.0738336518407,
        "median": 0.06892567873,
        "min": 6.66424901374e-11,
        "var": 0.00181162590161
    },
    "spectral_kurtosis": {
        "dmean": 0.768312811852,
        "dmean2": 1.30617916584,
        "dvar": 0.544055342674,
        "dvar2": 1.59312522411,
        "max": 16.3625793457,
        "mean": 1.5577237606,
        "median": 1.46103620529,
        "min": -1.40972208977,
        "var": 1.71281266212
    },
    "spectral_rms": {
        "dmean": 0.000500869762618,
        "dmean2": 0.000742022937629,
        "dvar": 2.70318849971e-07,
        "dvar2": 5.32690251021e-07,
        "max": 0.00907779764384,
        "mean": 0.00380109762773,
        "median": 0.00384724861942,
        "min": 3.24160576853e-12,
        "var": 3.33849334311e-06
    },
    "spectral_rolloff": {
        "dmean": 639.078125,
        "dmean2": 1016.50994873,
        "dvar": 846256.0625,
        "dvar2": 1656925.5,
        "max": 18690.8203125,
        "mean": 2986.58349609,
        "median": 2627.05078125,
        "min": 21.533203125,
        "var": 4319193.5
    },
    "spectral_skewness": {
        "dmean": 0.14181946218,
        "dmean2": 0.223658964038,
        "dvar": 0.0162576381117,
        "dvar2": 0.0372938327491,
        "max": 3.2711186409,
        "mean": 0.984572708607,
        "median": 1.02077698708,
        "min": -1.07781529427,
        "var": 0.128591746092
    },
    "spectral_spread": {
        "dmean": 430077.84375,
        "dmean2": 610161.75,
        "dvar": 483935158272,
        "dvar2": 711065665536,
        "max": 45351792,
        "mean": 5012439,
        "median": 4602891,
        "min": 2340656.25,
        "var": 2.4535236608e+12
    },
    "spectral_strongpeak": {
        "dmean": 0.929498672485,
        "dmean2": 1.53191483021,
        "dvar": 2.52131652832,
        "dvar2": 6.21533107758,
        "max": 28.4564990997,
        "mean": 1.95150864124,
        "median": 1.11074078083,
        "min": 0,
        "var": 5.68757152557
    },
    "zerocrossingrate": {
        "dmean": 0.0121049946174,
        "dmean2": 0.0131707731634,
        "dvar": 0.000238574444666,
        "dvar2": 0.000205855249078,
        "max": 0.6708984375,
        "mean": 0.1057170555,
        "median": 0.09521484375,
        "min": 0.00732421875,
        "var": 0.00322841177694
    },
    "barkbands": {
        "dmean": [3.65210908058e-05, 0.000334807962645, 0.000201654052944, 0.000173188338522, 0.000549123447854, 0.000629162066616, 0.000536795821972, 0.00053612847114, 0.000706941995304, 0.00119608093519, 0.000783465220593, 0.000502251263242, 0.00039607816143, 0.000419006246375, 0.00033363289549, 0.000418997195084, 0.000323582527926, 0.000212249913602, 0.000242678506766, 0.000231634505326, 0.000193749350728, 0.000203688090551, 0.000333011033945, 0.000358636112651, 8.70505537023e-05, 2.92377997368e-08, 1.62686031313e-09],
        "dmean2": [6.48090936011e-05, 0.000554283615202, 0.000330441020196, 0.000290445197606, 0.000881124520674, 0.000975216273218, 0.000848127761856, 0.000812736398075, 0.00103745411616, 0.00176443404052, 0.00115261552855, 0.000778179615736, 0.000628314679489, 0.000666969222948, 0.000529099139385, 0.000669898407068, 0.000540502835065, 0.000352565344656, 0.000401472090743, 0.000364000850823, 0.00030065109604, 0.000300588115351, 0.000476267683553, 0.000476305140182, 0.000119638476463, 4.53755006902e-08, 3.13915027306e-09],
        "dvar": [3.63569907513e-09, 6.13025349594e-07, 2.47175648838e-07, 2.43797927624e-07, 2.07946504815e-06, 1.96717701328e-06, 1.96225732907e-06, 2.2208359951e-06, 4.6366026254e-06, 1.02755220723e-05, 6.12588746662e-06, 1.91866229216e-06, 1.00450733953e-06, 9.56846179179e-07, 5.71984742237e-07, 9.48244064602e-07, 5.76832121624e-07, 1.29531144921e-07, 2.11196166333e-07, 2.16075363824e-07, 1.72341088955e-07, 4.8998794e-07, 1.57140379997e-06, 1.83849476798e-06, 1.0237926773e-07, 1.46779696687e-14, 3.23110649191e-15],
        "dvar2": [1.0615806012e-08, 1.57181705163e-06, 5.65783352613e-07, 5.40944029126e-07, 4.44617944595e-06, 4.52818767371e-06, 4.38322422269e-06, 4.71898283649e-06, 8.87335954758e-06, 2.0761615815e-05, 1.2785760191e-05, 3.92565652874e-06, 2.22827270591e-06, 2.23742722483e-06, 1.28395140564e-06, 2.16698958866e-06, 1.55529846779e-06, 3.47145970636e-07, 5.70497206809e-07, 5.0333113677e-07, 3.65442133443e-07, 9.21370599372e-07, 3.04159402731e-06, 2.93325092571e-06, 1.72588443093e-07, 3.43260474569e-14, 9.69088023261e-15],
        "max": [0.00106123113073, 0.0124266045168, 0.0173203814775, 0.0277569647878, 0.0564916171134, 0.0343331582844, 0.0355352088809, 0.0376902408898, 0.0557524487376, 0.0722390711308, 0.0608575791121, 0.0338023342192, 0.0205614417791, 0.0245080143213, 0.0190768502653, 0.0267111249268, 0.021821571514, 0.00635408004746, 0.010077951476, 0.0105534382164, 0.0105235204101, 0.0287143383175, 0.0359449833632, 0.0407816208899, 0.0113210380077, 3.59043428944e-06, 3.70614975509e-06],
        "mean": [3.7461224565e-05, 0.000459776929347, 0.00028721531271, 0.000243781978497, 0.000938568613492, 0.00118409330025, 0.00101291015744, 0.000856696860865, 0.00124762032647, 0.00233090342954, 0.00150436547119, 0.000869432638865, 0.000657708151266, 0.000707785366103, 0.000533520884346, 0.000742577656638, 0.000599288207013, 0.000424584461143, 0.000506582320668, 0.00048344861716, 0.000429198582424, 0.000430048472481, 0.000740147195756, 0.000829308235552, 0.000174466753379, 4.15815470944e-08, 1.1105842912e-09],
        "median": [1.98606594495e-05, 0.000218838831643, 0.000108762535092, 0.000110634086013, 0.000393562717363, 0.000358351418981, 0.000238659529714, 0.000175240129465, 0.000194744381588, 0.000223723240197, 0.000163668766618, 0.000146749560372, 0.000167021004017, 0.000228337623412, 0.000197234025109, 0.000262091169134, 0.000223918599659, 0.000239746004809, 0.000206677417737, 0.000223458453547, 0.000201894101338, 0.000168942831806, 0.000186701785424, 0.000170549727045, 4.20769356424e-05, 7.55924034479e-09, 2.41919484445e-10],
        "min": [3.33238709408e-24, 4.29640233596e-24, 9.358901418e-24, 8.68972491159e-24, 6.1704163581e-24, 2.99868591496e-23, 8.01914107734e-24, 1.65389516608e-23, 3.18393001926e-23, 1.48819998165e-23, 4.31194589346e-23, 6.55948192546e-23, 3.83294671191e-23, 5.41923271189e-23, 4.89556664816e-23, 7.22023308185e-23, 1.07178378629e-22, 2.61117654928e-22, 2.72601601686e-22, 2.63055122555e-22, 3.76733664556e-22, 5.13810376363e-22, 5.91524257445e-22, 9.87610333458e-22, 1.20846382096e-21, 1.444861983e-21, 2.22272800998e-21],
        "var": [3.33410943298e-09, 7.25055429029e-07, 4.02560118573e-07, 3.78117704258e-07, 5.07751246914e-06, 5.52874098503e-06, 6.45404770694e-06, 4.96738812217e-06, 1.41407499541e-05, 3.61520760634e-05, 2.3521746698e-05, 5.51738912691e-06, 2.20739593715e-06, 2.23355095841e-06, 1.09610914478e-06, 2.44915349867e-06, 1.55410373281e-06, 3.00737980297e-07, 5.75788135393e-07, 5.36241088867e-07, 4.90312743295e-07, 1.23551978959e-06, 5.44972999705e-06, 8.34740512801e-06, 3.99103043947e-07, 3.02088845746e-14, 1.61735562619e-15]
    },
    "erbbands": {
        "dmean": [0.00727702025324, 0.0860046222806, 0.230121344328, 0.409180879593, 0.917911350727, 2.1731069088, 3.88564944267, 5.67789030075, 6.79604959488, 9.21559715271, 10.8604183197, 16.0856380463, 30.9976005554, 32.4910621643, 26.4908866882, 19.102766037, 18.0461368561, 17.2509803772, 17.5969047546, 20.9285793304, 18.138633728, 16.6919174194, 12.346154213, 13.9090518951, 8.61604404449, 10.8227682114, 9.43867683411, 6.5611743927, 6.25205421448, 10.1858606339, 9.8067111969, 9.57354259491, 4.67826843262, 1.68472933769, 0.227878734469, 0.0058485432528, 0.00035607375321, 4.40688345407e-05, 1.159547719e-05, 8.43116777105e-06],
        "dmean2": [0.012237014249, 0.141840904951, 0.367948830128, 0.677007079124, 1.52304780483, 3.49784445763, 6.03266716003, 8.81657505035, 10.5878543854, 14.4288778305, 16.3353290558, 22.8198680878, 45.1587677002, 46.9887313843, 38.2540054321, 29.5815315247, 28.4659957886, 26.5720901489, 28.6395301819, 33.334148407, 28.6278991699, 27.7751502991, 20.5081710815, 23.1843280792, 14.1922483444, 16.9786491394, 14.6976461411, 10.1679258347, 9.4516210556, 14.2934617996, 14.2153396606, 13.4014863968, 6.12145662308, 2.30621790886, 0.312531411648, 0.00795302074403, 0.000467889127322, 5.66711241845e-05, 1.51104086399e-05, 1.17507925097e-05],
        "dvar": [0.000154659355758, 0.0455609969795, 0.302341878414, 1.08689022064, 4.21453619003, 46.7996139526, 95.6859893799, 200.018768311, 262.808807373, 766.661682129, 979.143005371, 2651.26489258, 7876.06640625, 8868.85839844, 5945.04052734, 2392.19824219, 2118.76953125, 1715.64807129, 1734.2232666, 2209.8046875, 2534.04296875, 1857.52661133, 459.70223999, 918.590087891, 284.531890869, 486.804901123, 404.685028076, 259.513397217, 421.076293945, 1466.16674805, 1496.77282715, 1467.10400391, 310.171844482, 39.1186790466, 0.789016485214, 0.000513758161105, 1.76147898401e-06, 2.59501398148e-08, 1.43072387271e-09, 2.65294869406e-10],
        "dvar2": [0.000401926692575, 0.116316959262, 0.709576487541, 2.3363134861, 10.4401760101, 102.31187439, 216.194671631, 446.370391846, 609.006225586, 1582.68835449, 2150.35693359, 5156.66552734, 16444.2597656, 17834.4550781, 11895.859375, 5208.54296875, 4903.13720703, 3592.8840332, 4303.05957031, 4938.47705078, 5783.15576172, 5098.27294922, 1242.28710938, 2454.36987305, 738.895507812, 1124.63342285, 913.219909668, 524.491149902, 790.581054688, 2906.44140625, 2946.46655273, 2784.75439453, 484.533325195, 66.0851898193, 1.38813507557, 0.000896816782188, 2.69164252131e-06, 3.73275241827e-08, 2.10773309917e-09, 3.81878750844e-10],
        "max": [0.190037190914, 3.41341733932, 13.1026887894, 58.2889862061, 66.2464370728, 313.454559326, 319.175811768, 335.159393311, 406.278869629, 1079.0090332, 609.337646484, 1759.03894043, 1787.90686035, 2754.85888672, 2328.72583008, 1163.328125, 1026.85009766, 922.420471191, 1468.75708008, 1765.53674316, 1808.61779785, 1172.81958008, 415.359405518, 871.791992188, 386.290679932, 526.207946777, 489.193481445, 464.380126953, 1051.06213379, 1681.20849609, 1161.15930176, 980.310974121, 603.436523438, 204.563232422, 32.1270866394, 0.851475536823, 0.0449366122484, 0.00471780775115, 0.000978705007583, 0.000398716976633],
        "mean": [0.0101985083893, 0.113073311746, 0.335498511791, 0.631674826145, 1.41943955421, 3.51218509674, 6.87416124344, 10.4287109375, 12.7986755371, 18.9611625671, 18.2023620605, 29.6927852631, 57.6669883728, 69.3591461182, 58.3432121277, 34.7990837097, 31.9470272064, 32.5069961548, 31.5702133179, 39.3425331116, 34.5949554443, 33.5775909424, 26.1007385254, 28.8961811066, 19.607793808, 23.1399288177, 21.3701057434, 14.410692215, 13.427447319, 21.6326274872, 21.5524959564, 20.6831684113, 10.489159584, 3.55887365341, 0.441107213497, 0.0119556039572, 0.000815777748358, 0.000112837980851, 3.68165783584e-05, 3.24701104546e-05],
        "median": [0.00560079561546, 0.0488335005939, 0.131793826818, 0.310410797596, 0.758442699909, 1.23855531216, 2.23974108696, 3.28835654259, 4.06399536133, 3.68491792679, 4.54064273834, 5.78222179413, 8.28682041168, 7.88526582718, 10.2652654648, 8.99239253998, 10.6273975372, 12.6673488617, 14.3890209198, 16.1001434326, 13.557595253, 13.9480161667, 15.4752206802, 12.1962909698, 9.36421966553, 11.1380434036, 9.98044204712, 6.56833267212, 5.7216219902, 6.50007820129, 5.08545875549, 3.96416020393, 2.26736593246, 0.868278324604, 0.0959244072437, 0.0027280903887, 0.000208377765375, 3.26246663462e-05, 1.89101810975e-05, 2.32877755479e-05],
        "min": [1.99581064336e-22, 1.10187606565e-21, 1.32889101878e-20, 3.14888466024e-20, 2.14185010247e-20, 1.9192978049e-20, 1.21851071306e-19, 3.03976984392e-19, 2.24360824584e-19, 2.15416804964e-19, 6.30747344153e-19, 6.56216493708e-19, 5.01818993074e-19, 8.14432932133e-19, 2.22334319971e-18, 3.17519544022e-18, 2.1360793674e-18, 4.28709017204e-18, 2.89152108697e-18, 3.72049833581e-18, 4.90225818974e-18, 8.3425474387e-18, 1.33450437887e-17, 9.82171760033e-18, 1.35108380804e-17, 1.09597965277e-17, 1.30126933719e-17, 1.58629749558e-17, 1.81772840347e-17, 1.54444199115e-17, 1.87903373652e-17, 1.76280427254e-17, 1.42113186113e-17, 1.33901516018e-17, 8.63826781641e-18, 4.76615844125e-18, 3.06774550583e-18, 1.2353192816e-18, 3.04659253301e-19, 3.26074759027e-20],
        "var": [0.000212383718463, 0.0522139593959, 0.475476980209, 2.1514172554, 7.34031295776, 112.440551758, 206.364135742, 522.155761719, 714.617797852, 3428.91772461, 1998.33105469, 8944.87207031, 22377.9296875, 37707.15625, 29291.6835938, 6018.60693359, 4398.70947266, 4267.70410156, 4046.66137695, 5824.75732422, 6785.38037109, 5412.01660156, 1083.05651855, 2310.03295898, 757.384338379, 1205.60009766, 1106.93237305, 723.763793945, 1065.17883301, 3992.27319336, 5017.22705078, 5435.1171875, 1337.4675293, 160.193603516, 2.85565543175, 0.00196952116676, 8.02332306193e-06, 1.29682035777e-07, 7.25804660817e-09, 1.61575275381e-09]
    },
    "gfcc": {
        "mean": [-22.2423629761, 73.2947311401, -161.389007568, 52.8271064758, -90.5350799561, 29.450258255, -43.1344108582, 5.02190351486, -10.3688583374, -11.9384412766, 3.38927435875, -12.5787553787, 7.68899059296],
        "cov": [[6130.79052734, -772.846008301, -855.686035156, -263.188446045, -232.12272644, 61.9419898987, -65.4884185791, 45.0284233093, -187.210891724, -72.3775939941, -26.1324119568, -134.952590942, -149.345932007], [-772.846008301, 1048.8190918, 137.465423584, 32.5907554626, 62.8429756165, -219.194854736, 55.9577407837, -105.510604858, -12.0936841965, -93.8597869873, 3.16437458992, -48.8312797546, 44.5883865356], [-855.686035156, 137.465423584, 1062.37890625, 253.479507446, -138.975250244, 56.1065101624, -216.317886353, -97.5963363647, -24.4123630524, -29.4708595276, -66.9801635742, 57.622013092, -30.4854831696], [-263.188446045, 32.5907554626, 253.479507446, 298.235229492, 92.3809356689, -16.1948547363, -75.3858337402, -38.5115013123, 23.3452339172, 5.86244297028, -36.0816230774, -8.91829872131, -11.1966075897], [-232.12272644, 62.8429756165, -138.975250244, 92.3809356689, 258.943328857, 41.6589736938, 33.4812049866, 44.3759498596, 20.1291542053, 23.2569885254, -3.85892653465, -37.9531326294, 1.13659632206], [61.9419898987, -219.194854736, 56.1065101624, -16.1948547363, 41.6589736938, 214.192260742, 58.4015884399, 41.9428977966, -17.1056480408, 11.937417984, 7.51473712921, 7.09281873703, -31.3781757355], [-65.4884185791, 55.9577407837, -216.317886353, -75.3858337402, 33.4812049866, 58.4015884399, 214.296951294, 47.7064743042, -8.56024837494, -11.1060438156, 38.5612106323, -16.7969779968, 10.0052394867], [45.0284233093, -105.510604858, -97.5963363647, -38.5115013123, 44.3759498596, 41.9428977966, 47.7064743042, 126.285041809, 26.0744934082, 33.6756782532, 3.31400990486, -3.82874107361, -4.99276256561], [-187.210891724, -12.0936841965, -24.4123630524, 23.3452339172, 20.1291542053, -17.1056480408, -8.56024837494, 26.0744934082, 131.148391724, 47.2116851807, 3.22569417953, 8.18327045441, 12.0550365448], [-72.3775939941, -93.8597869873, -29.4708595276, 5.86244297028, 23.2569885254, 11.937417984, -11.1060438156, 33.6756782532, 47.2116851807, 106.907539368, 21.9887466431, 8.94051456451, 3.02079868317], [-26.1324119568, 3.16437458992, -66.9801635742, -36.0816230774, -3.85892653465, 7.51473712921, 38.5612106323, 3.31400990486, 3.22569417953, 21.9887466431, 90.9002761841, 31.318397522, -4.58946037292], [-134.952590942, -48.8312797546, 57.622013092, -8.91829872131, -37.9531326294, 7.09281873703, -16.7969779968, -3.82874107361, 8.18327045441, 8.94051456451, 31.318397522, 74.9265289307, 30.5050487518], [-149.345932007, 44.5883865356, -30.4854831696, -11.1966075897, 1.13659632206, -31.3781757355, 10.0052394867, -4.99276256561, 12.0550365448, 3.02079868317, -4.58946037292, 30.5050487518, 74.9849700928]],
        "icov": [[0.000295932637528, -3.02642220049e-05, 0.000562799337786, -0.000369026674889, 0.000785442360211, -0.000565745751373, 0.000715521164238, -0.000275902857538, 0.000379639095627, 0.000207615972613, -0.000113809786853, 0.000570797245018, 0.000110043358291], [-3.02642220049e-05, 0.00276421010494, -0.00202136184089, 0.00199182075448, -0.00297608668916, 0.0042463275604, -0.00275083212182, 0.00184075592551, -0.000582362525165, 0.00141122203786, -0.00113663543016, 0.00174532632809, -0.000659527780954], [0.000562799337786, -0.00202136184089, 0.00458847358823, -0.0041058016941, 0.00524306856096, -0.00546984141693, 0.00461895298213, -0.0016225615982, 0.00135188747663, -0.000212930710404, 0.00119892845396, -0.00115020584781, 0.000815094390418], [-0.000369026674889, 0.00199182075448, -0.0041058016941, 0.00880027934909, -0.00720686977729, 0.00554410554469, -0.00332824955694, 0.00366574060172, -0.00188960251398, -6.55546027701e-05, 0.00126086524688, -0.000848361523822, 0.00157153897453], [0.000785442360211, -0.00297608668916, 0.00524306856096, -0.00720686977729, 0.0127139417455, -0.00868737883866, 0.00600429438055, -0.00486638350412, 0.00159916619305, -0.00060205248883, -0.00139014713932, 0.00453293137252, -0.0027256924659], [-0.000565745751373, 0.0042463275604, -0.00546984141693, 0.00554410554469, -0.00868737883866, 0.0153327109292, -0.0090246014297, 0.00270973099396, -0.000440004165284, -7.40520499676e-06, 0.00138893001713, -0.00346520636231, 0.00445038452744], [0.000715521164238, -0.00275083212182, 0.00461895298213, -0.00332824955694, 0.00600429438055, -0.0090246014297, 0.0134085640311, -0.00492761842906, 0.0013488184195, 0.00223350012675, -0.00487489812076, 0.00562800653279, -0.00443768687546], [-0.000275902857538, 0.00184075592551, -0.0016225615982, 0.00366574060172, -0.00486638350412, 0.00270973099396, -0.00492761842906, 0.0132026551291, -0.00223951716907, -0.00262895575725, 0.00302894460037, -0.00256457319483, 0.00268250959925], [0.000379639095627, -0.000582362525165, 0.00135188747663, -0.00188960251398, 0.00159916619305, -0.000440004165284, 0.0013488184195, -0.00223951716907, 0.01040026173, -0.00391895277426, 0.000834248319734, -0.000816087238491, -0.000298652244965], [0.000207615972613, 0.00141122203786, -0.000212930710404, -6.55546027701e-05, -0.00060205248883, -7.40520499676e-06, 0.00223350012675, -0.00262895575725, -0.00391895277426, 0.0145750800148, -0.00590158486739, 0.00383480661549, -0.00286743650213], [-0.000113809786853, -0.00113663543016, 0.00119892845396, 0.00126086524688, -0.00139014713932, 0.00138893001713, -0.00487489812076, 0.00302894460037, 0.000834248319734, -0.00590158486739, 0.0217232797295, -0.0162901505828, 0.0106396134943], [0.000570797245018, 0.00174532632809, -0.00115020584781, -0.000848361523822, 0.00453293137252, -0.00346520636231, 0.00562800653279, -0.00256457319483, -0.000816087238491, 0.00383480661549, -0.0162901505828, 0.03367992118, -0.0176575798541], [0.000110043358291, -0.000659527780954, 0.000815094390418, 0.00157153897453, -0.0027256924659, 0.00445038452744, -0.00443768687546, 0.00268250959925, -0.000298652244965, -0.00286743650213, 0.0106396134943, -0.0176575798541, 0.0251858476549]]
    },
    "melbands": {
        "dmean": [7.8284254414e-05, 0.000117371280794, 7.61990377214e-05, 0.000107099782326, 0.00012823184079, 0.00012512486137, 0.00010422768537, 0.000103202568425, 9.17775614653e-05, 0.000105199389509, 0.000161038915394, 0.000142143006087, 9.89121108432e-05, 5.93253498664e-05, 4.99087727803e-05, 3.79569064535e-05, 3.52733914042e-05, 3.29475806211e-05, 2.42975165747e-05, 3.41243685398e-05, 2.06895329029e-05, 1.880830132e-05, 1.6967071133e-05, 9.62798731052e-06, 1.29027403091e-05, 7.31198952053e-06, 5.96240352024e-06, 8.56711267261e-06, 7.05600177753e-06, 5.18294609719e-06, 3.7759443785e-06, 3.5325601857e-06, 4.94986852573e-06, 6.48272725812e-06, 6.40497273707e-06, 5.95569326833e-06, 6.21137951384e-06, 4.03755620937e-06, 2.14152078115e-06, 1.35917196076e-06],
        "dmean2": [0.000131252440042, 0.000186741439393, 0.000125400649267, 0.000175627501449, 0.000199545000214, 0.000193374682567, 0.000162256605108, 0.000159773029736, 0.000136373942951, 0.000150900348672, 0.000235006926232, 0.000204733441933, 0.000142057746416, 8.85399422259e-05, 7.83937139204e-05, 6.00370731263e-05, 5.49330761714e-05, 5.36478255526e-05, 3.86667525163e-05, 5.48130701645e-05, 3.29368667735e-05, 3.1338116969e-05, 2.82514338323e-05, 1.59093306138e-05, 2.16139687836e-05, 1.20418571896e-05, 9.75909824774e-06, 1.35292893901e-05, 1.11469571493e-05, 8.18068474473e-06, 5.8392010942e-06, 5.47752142666e-06, 7.30977944841e-06, 9.44620751397e-06, 9.45473038882e-06, 8.78971786733e-06, 8.83444499777e-06, 5.57872272111e-06, 2.97144970318e-06, 1.91007347894e-06],
        "dvar": [2.64091877256e-08, 7.91956935586e-08, 3.22319664292e-08, 7.88971803445e-08, 1.05786810423e-07, 8.43169232212e-08, 6.18505993089e-08, 8.69521130653e-08, 7.18108807973e-08, 1.11234314204e-07, 2.0720825944e-07, 1.64280777426e-07, 9.0572228828e-08, 2.72793965195e-08, 1.9735519885e-08, 9.81734871175e-09, 7.43765449229e-09, 6.82852174805e-09, 3.6033183104e-09, 5.07417929896e-09, 4.69583927298e-09, 2.61702193249e-09, 1.31088151445e-09, 2.57828730588e-10, 8.38545399784e-10, 2.05264291675e-10, 1.50507231678e-10, 3.33150285137e-10, 2.38672220876e-10, 1.39419600864e-10, 9.11187444941e-11, 1.25223442726e-10, 3.06204589462e-10, 6.10290817882e-10, 7.01351754451e-10, 6.53028797704e-10, 6.00642702242e-10, 2.47793868757e-10, 6.44307801556e-11, 2.64716911585e-11],
        "dvar2": [6.92830681714e-08, 1.87448549127e-07, 7.21216508737e-08, 1.8532041679e-07, 2.30255821521e-07, 1.90805238276e-07, 1.41785349683e-07, 1.75663473101e-07, 1.50785055553e-07, 2.13667860294e-07, 4.27259266189e-07, 3.23309876649e-07, 1.80775003855e-07, 5.43808624798e-08, 4.58584494822e-08, 2.22643929959e-08, 1.59854351978e-08, 1.7266994945e-08, 8.5690121665e-09, 1.14436540244e-08, 1.10293489897e-08, 6.93329216261e-09, 3.52467832698e-09, 6.88755719125e-10, 2.24463958531e-09, 5.31181043595e-10, 3.87574861094e-10, 7.71643748898e-10, 5.62002278048e-10, 3.12728926088e-10, 1.83023013411e-10, 2.555092804e-10, 6.05867300774e-10, 1.29288979522e-09, 1.53584578388e-09, 1.37840694414e-09, 1.18543175276e-09, 4.43334979838e-10, 1.23025867271e-10, 4.68910257845e-11],
        "max": [0.00248108548112, 0.00489582680166, 0.00933213252574, 0.0102814752609, 0.0114253042266, 0.00660620909184, 0.00663427263498, 0.0109566505998, 0.00561734708026, 0.010114222765, 0.0086504034698, 0.0121454121545, 0.00942591670901, 0.00484882295132, 0.00440660165623, 0.00230714678764, 0.00194696581457, 0.00287517532706, 0.00150217686314, 0.0019050257979, 0.00254766340367, 0.00146279484034, 0.00135388970375, 0.000240624140133, 0.000830282573588, 0.000263936235569, 0.000313312455546, 0.000459854461951, 0.000405423343182, 0.000320045772241, 0.000323410116835, 0.000539243279491, 0.000625351269264, 0.00112983852159, 0.000944138271734, 0.000682215206325, 0.000602459476795, 0.000601295032538, 0.000245594419539, 0.000187545825611],
        "mean": [0.000111427165393, 0.00017250647943, 0.000125542239402, 0.000171619074536, 0.000233484606724, 0.000234930121223, 0.000196988490643, 0.00020536541706, 0.000150218547788, 0.000188245103345, 0.000295495905448, 0.000289041752694, 0.000205166055821, 0.000108737847768, 7.84676303738e-05, 6.43173261778e-05, 6.08858899795e-05, 5.43595888303e-05, 4.07315710618e-05, 5.94482116867e-05, 3.58980760211e-05, 3.47001005139e-05, 3.00221854559e-05, 1.94646163436e-05, 2.45258524956e-05, 1.50452615344e-05, 1.21160337585e-05, 1.65223591466e-05, 1.45633757711e-05, 1.04913333416e-05, 7.44474709791e-06, 6.80152243149e-06, 9.62135800364e-06, 1.29284926516e-05, 1.27666407934e-05, 1.18771449706e-05, 1.28054871311e-05, 8.32309615362e-06, 4.2589840632e-06, 2.61982040684e-06],
        "median": [6.01433603151e-05, 7.40621617297e-05, 6.99468509993e-05, 7.41570984246e-05, 7.9938377894e-05, 7.38142407499e-05, 5.6830853282e-05, 3.51026355929e-05, 3.27639681927e-05, 3.07115806208e-05, 3.33838652296e-05, 2.60389097093e-05, 2.62569337792e-05, 1.95777483896e-05, 1.83797710633e-05, 1.74344058905e-05, 1.96761284315e-05, 1.89809252333e-05, 1.42878661791e-05, 2.22336930165e-05, 1.08931835712e-05, 1.14242830023e-05, 1.4651361198e-05, 1.03149368442e-05, 8.83119264472e-06, 5.5793075262e-06, 5.91421030549e-06, 7.02388206264e-06, 6.19371894572e-06, 4.51856476502e-06, 3.09547999677e-06, 2.84962879959e-06, 3.28199939759e-06, 3.65606410924e-06, 3.01870363728e-06, 2.24858422371e-06, 2.38585903389e-06, 1.63987033375e-06, 1.03282388864e-06, 5.66934716062e-07],
        "min": [2.46879897303e-24, 5.42657732246e-24, 5.07061251645e-24, 1.24754102173e-24, 4.12143338161e-24, 6.44435264617e-24, 3.11616781413e-24, 2.76888284466e-24, 6.5061224272e-24, 3.28644975141e-24, 2.42941745892e-24, 2.87318899178e-24, 6.39523698292e-24, 8.47163090371e-24, 5.81409222594e-24, 5.38826392601e-24, 7.2819284733e-24, 4.51375560345e-24, 3.7132373062e-24, 5.08336405855e-24, 5.70259896433e-24, 8.0625229051e-24, 1.03089494831e-23, 1.21726341606e-23, 6.65501045673e-24, 1.01415950087e-23, 1.02650351742e-23, 5.88609471621e-24, 8.03819443478e-24, 7.17208432542e-24, 8.46363027641e-24, 9.99277245459e-24, 9.7195638907e-24, 7.75461550543e-24, 1.00203305214e-23, 9.89120266873e-24, 1.11128263557e-23, 9.00258556888e-24, 9.62687588978e-24, 1.14794068629e-23],
        "var": [3.16414556778e-08, 1.1610529782e-07, 6.43011262014e-08, 1.78783423621e-07, 2.3965606033e-07, 2.32314548043e-07, 1.81287290957e-07, 3.70642112557e-07, 1.57431841785e-07, 3.67361309372e-07, 6.13955933204e-07, 6.83528526224e-07, 4.31331557138e-07, 9.23547602838e-08, 3.38593828531e-08, 2.27805188047e-08, 1.76704446631e-08, 1.60890927248e-08, 7.1037522531e-09, 1.2826996354e-08, 1.19962173528e-08, 7.52246887004e-09, 2.31086194624e-09, 6.63172294857e-10, 2.00956762342e-09, 5.6207710708e-10, 3.21989129803e-10, 7.45699446636e-10, 5.95846150198e-10, 3.46828399334e-10, 2.37980968265e-10, 2.8361055171e-10, 7.33909100159e-10, 1.5444593382e-09, 1.83881909699e-09, 1.88600557394e-09, 2.10454143001e-09, 8.7991369746e-10, 2.19623957909e-10, 9.77253694634e-11]
    },
    "mfcc": {
        "mean": [-634.824279785, 69.8832778931, -3.7840013504, 7.12916851044, -4.24006700516, 2.87665987015, -6.72849559784, 4.47191047668, -3.92514157295, 2.87826490402, -5.31432437897, 1.60700535774, -1.24977529049],
        "cov": [[6052.6953125, -765.935974121, -863.543823242, -393.811035156, -243.780822754, -179.784072876, 105.778678894, -28.537027359, -119.871704102, 60.4067153931, -105.709274292, 36.3477210999, -44.5445251465], [-765.935974121, 886.817016602, 57.9966697693, 164.534973145, -48.3754425049, -45.3727111816, -4.34089374542, -23.6179695129, -20.077747345, -46.7564849854, -29.6418037415, -50.1497383118, -46.0344085693], [-863.543823242, 57.9966697693, 1045.26330566, 110.25945282, 122.253829956, 80.3498764038, -146.30847168, -0.490609884262, -102.720542908, -71.7037811279, -10.8465032578, -87.2039794922, -42.8946533203], [-393.811035156, 164.534973145, 110.25945282, 301.170959473, 99.8436965942, 20.6088809967, -50.6399536133, -49.4143600464, 22.0372810364, -28.2227802277, -16.0490055084, -2.48002529144, -17.968290329], [-243.780822754, -48.3754425049, 122.253829956, 99.8436965942, 251.620376587, 51.6421852112, -28.7825431824, -14.2119941711, 29.1903762817, -0.82575827837, 13.3364934921, 0.771189689636, 23.8514118195], [-179.784072876, -45.3727111816, 80.3498764038, 20.6088809967, 51.6421852112, 132.970779419, 34.6780776978, 17.5669651031, 2.50692367554, 7.84865617752, 3.6845331192, -1.20008838177, -0.883028268814], [105.778678894, -4.34089374542, -146.30847168, -50.6399536133, -28.7825431824, 34.6780776978, 198.643371582, 57.1277656555, 5.90271854401, 24.9384098053, 12.5169057846, 4.39428472519, -2.51090073586], [-28.537027359, -23.6179695129, -0.490609884262, -49.4143600464, -14.2119941711, 17.5669651031, 57.1277656555, 107.963691711, 2.45078349113, 19.5139141083, 5.70311498642, -14.6445055008, -3.83931612968], [-119.871704102, -20.077747345, -102.720542908, 22.0372810364, 29.1903762817, 2.50692367554, 5.90271854401, 2.45078349113, 139.544006348, 24.2826499939, 12.1298465729, 24.8594913483, 13.2074594498], [60.4067153931, -46.7564849854, -71.7037811279, -28.2227802277, -0.82575827837, 7.84865617752, 24.9384098053, 19.5139141083, 24.2826499939, 88.3288574219, 32.4061470032, 7.82917165756, 1.05940520763], [-105.709274292, -29.6418037415, -10.8465032578, -16.0490055084, 13.3364934921, 3.6845331192, 12.5169057846, 5.70311498642, 12.1298465729, 32.4061470032, 94.3279342651, 27.3278999329, 9.00529956818], [36.3477210999, -50.1497383118, -87.2039794922, -2.48002529144, 0.771189689636, -1.20008838177, 4.39428472519, -14.6445055008, 24.8594913483, 7.82917165756, 27.3278999329, 106.499588013, 41.7051429749], [-44.5445251465, -46.0344085693, -42.8946533203, -17.968290329, 23.8514118195, -0.883028268814, -2.51090073586, -3.83931612968, 13.2074594498, 1.05940520763, 9.00529956818, 41.7051429749, 89.1831283569]],
