{
"lowlevel": {
    "average_loudness": 0.966382861137,
    "barkbands_crest": {
        "dmean": 2.68516564369,
        "dmean2": 4.50740146637,
        "dvar": 5.57179927826,
        "dvar2": 14.90321064,
        "max": 25.5043354034,
        "mean": 9.33251667023,
        "median": 8.73765182495,
        "min": 2.34935235977,
        "var": 12.0009822845
    },
    "barkbands_flatness_db": {
        "dmean": 0.0231924243271,
        "dmean2": 0.0375159606338,
        "dvar": 0.000557110703085,
        "dvar2": 0.0013058896875,
        "max": 0.395853966475,
        "mean": 0.16259381175,
        "median": 0.156613439322,
        "min": 0.05915716663,
        "var": 0.00244187074713
    },
    "barkbands_kurtosis": {
        "dmean": 3.88707256317,
        "dmean2": 6.32567596436,
        "dvar": 70.2725601196,
        "dvar2": 180.121826172,
        "max": 160.728713989,
        "mean": 5.53184747696,
        "median": 1.72704839706,
        "min": -1.91652941704,
        "var": 111.759544373
    },
    "barkbands_skewness": {
        "dmean": 0.631079673767,
        "dmean2": 0.976053893566,
        "dvar": 0.569505035877,
        "dvar2": 1.31591022015,
        "max": 10.6424789429,
        "mean": 1.58243119717,
        "median": 1.31219100952,
        "min": -2.25111317635,
        "var": 1.82206773758
    },
    "barkbands_spread": {
        "dmean": 5.83971214294,
        "dmean2": 8.50373935699,
        "dvar": 53.1579475403,
        "dvar2": 99.2582168579,
        "max": 103.388389587,
        "mean": 21.0328006744,
        "median": 17.2590103149,
        "min": 1.03094923496,
        "var": 221.793823242
    },
    "dissonance": {
        "dmean": 0.0187576059252,
        "dmean2": 0.0319560468197,
        "dvar": 0.000364406150766,
        "dvar2": 0.000997862545773,
        "max": 0.500000059605,
        "mean": 0.468524128199,
        "median": 0.476092427969,
        "min": 0.254186809063,
        "var": 0.000741695752367
    },
    "dynamic_complexity": 2.23082518578,
    "erbbands_crest": {
        "dmean": 2.97858929634,
        "dmean2": 4.88304042816,
        "dvar": 8.1912317276,
        "dvar2": 20.1342048645,
        "max": 31.303319931,
        "mean": 9.47615432739,
        "median": 8.30325317383,
        "min": 2.38437151909,
        "var": 22.6274528503
    },
    "erbbands_flatness_db": {
        "dmean": 0.018075697124,
        "dmean2": 0.0256978273392,
        "dvar": 0.000304198707454,
        "dvar2": 0.000546056195162,
        "max": 0.376126885414,
        "mean": 0.178786367178,
        "median": 0.169082462788,
        "min": 0.079426407814,
        "var": 0.00237851636484
    },
    "erbbands_kurtosis": {
        "dmean": 1.16706597805,
        "dmean2": 1.83866333961,
        "dvar": 3.35218405724,
        "dvar2": 7.37791347504,
        "max": 38.155620575,
        "mean": 0.873239398003,
        "median": -0.0485992431641,
        "min": -1.8579338789,
        "var": 9.30723762512
    },
    "erbbands_skewness": {
        "dmean": 0.412339925766,
        "dmean2": 0.623612225056,
        "dvar": 0.164786309004,
        "dvar2": 0.341985285282,
        "max": 5.2882809639,
        "mean": 0.507230818272,
        "median": 0.439199268818,
        "min": -3.68034172058,
        "var": 0.827716171741
    },
    "erbbands_spread": {
        "dmean": 9.743309021,
        "dmean2": 14.4576206207,
        "dvar": 128.011550903,
        "dvar2": 269.25201416,
        "max": 161.13470459,
        "mean": 40.3112869263,
        "median": 37.8548469543,
        "min": 3.85558438301,
        "var": 505.481018066
    },
    "hfc": {
        "dmean": 8.30919647217,
        "dmean2": 11.3836984634,
        "dvar": 152.180999756,
        "dvar2": 308.119110107,
        "max": 157.730712891,
        "mean": 23.1876888275,
        "median": 16.6735782623,
        "min": 1.1772234631e-16,
        "var": 419.060455322
    },
    "melbands_crest": {
        "dmean": 3.49855422974,
        "dmean2": 5.86822414398,
        "dvar": 9.77072620392,
        "dvar2": 25.9748935699,
        "max": 32.9606742859,
        "mean": 12.7147264481,
        "median": 12.0156898499,
        "min": 1.69064426422,
        "var": 18.4392986298
    },
    "melbands_flatness_db": {
        "dmean": 0.0279527846724,
        "dmean2": 0.0432909466326,
        "dvar": 0.000895260600373,
        "dvar2": 0.00187904434279,
        "max": 0.491238713264,
        "mean": 0.190019413829,
        "median": 0.179771482944,
        "min": 0.00232304492965,
        "var": 0.00495119579136
    },
    "melbands_kurtosis": {
        "dmean": 10.4650478363,
        "dmean2": 17.223859787,
        "dvar": 588.596313477,
        "dvar2": 1550.02783203,
        "max": 419.907623291,
        "mean": 16.5658149719,
        "median": 7.18299674988,
        "min": -1.7824883461,
        "var": 762.646850586
    },
    "melbands_skewness": {
        "dmean": 0.899276077747,
        "dmean2": 1.40424013138,
        "dvar": 1.34766805172,
        "dvar2": 3.23764657974,
        "max": 15.653339386,
        "mean": 2.65589642525,
        "median": 2.33508467674,
        "min": -1.90899193287,
        "var": 3.69123268127
    },
    "melbands_spread": {
        "dmean": 7.67394399643,
        "dmean2": 11.7163476944,
        "dvar": 128.074996948,
        "dvar2": 254.282897949,
        "max": 247.203018188,
        "mean": 23.7599754333,
        "median": 18.7478866577,
        "min": 0.832804262638,
        "var": 397.109161377
    },
    "pitch_salience": {
        "dmean": 0.0813449397683,
        "dmean2": 0.139202848077,
        "dvar": 0.00647718599066,
        "dvar2": 0.0184901468456,
        "max": 0.956022262573,
        "mean": 0.607456028461,
        "median": 0.621975660324,
        "min": 0.175824075937,
        "var": 0.0122348535806
    },
    "silence_rate_20dB": {
        "dmean": 0,
        "dmean2": 0,
        "dvar": 0,
        "dvar2": 0,
        "max": 1,
        "mean": 1,
        "median": 1,
        "min": 1,
        "var": 0
    },
    "silence_rate_30dB": {
        "dmean": 0.00500178616494,
        "dmean2": 0.0100047644228,
        "dvar": 0.00497765745968,
        "dvar2": 0.0130005199462,
        "max": 1,
        "mean": 0.996546804905,
        "median": 1,
        "min": 0,
        "var": 0.00344086065888
    },
    "silence_rate_60dB": {
        "dmean": 0.0130999162793,
        "dmean2": 0.0262029543519,
        "dvar": 0.0129257626832,
        "dvar2": 0.0298042353243,
        "max": 1,
        "mean": 0.0154798757285,
        "median": 0,
        "min": 0,
        "var": 0.0152382478118
    },
    "spectral_centroid": {
        "dmean": 262.860626221,
        "dmean2": 392.18649292,
        "dvar": 99828.0078125,
        "dvar2": 183643.328125,
        "max": 10610.4521484,
        "mean": 1291.41320801,
        "median": 1251.65771484,
        "min": 177.323150635,
        "var": 469776.40625
    },
    "spectral_complexity": {
        "dmean": 3.73204708099,
        "dmean2": 5.51119565964,
        "dvar": 17.0705108643,
        "dvar2": 32.2221412659,
        "max": 53,
        "mean": 19.3833045959,
        "median": 18,
        "min": 0,
        "var": 91.2909927368
    },
    "spectral_decrease": {
        "dmean": 2.96100455266e-09,
        "dmean2": 4.86842699488e-09,
        "dvar": 2.16068178677e-17,
        "dvar2": 5.81496125398e-17,
        "max": -1.26674057824e-28,
        "mean": -6.87918255693e-09,
        "median": -5.50031176161e-09,
        "min": -5.62430173545e-08,
        "var": 2.82391983413e-17
    },
    "spectral_energy": {
        "dmean": 0.0117887482047,
        "dmean2": 0.0191996768117,
        "dvar": 0.000325282104313,
        "dvar2": 0.0008699526079,
        "max": 0.217269003391,
        "mean": 0.0280668847263,
        "median": 0.0226068384945,
        "min": 1.11558609963e-20,
        "var": 0.000442664255388
    },
    "spectral_energyband_high": {
        "dmean": 0.000616886536591,
        "dmean2": 0.000802772468887,
        "dvar": 1.85645774309e-06,
        "dvar2": 3.51660219167e-06,
        "max": 0.0222329888493,
        "mean": 0.00116875290405,
        "median": 0.00042183874757,
        "min": 7.9429436709e-21,
        "var": 3.73901912099e-06
    },
    "spectral_energyband_low": {
        "dmean": 0.0063688470982,
        "dmean2": 0.0114489672706,
        "dvar": 0.000261047331151,
        "dvar2": 0.00074764189776,
        "max": 0.197856396437,
        "mean": 0.00805569812655,
        "median": 0.00385573226959,
        "min": 5.80151407547e-23,
        "var": 0.000209913108847
    },
    "spectral_energyband_middle_high": {
        "dmean": 0.00261388602667,
        "dmean2": 0.00387654802762,
        "dvar": 1.9786415578e-05,
        "dvar2": 4.14254136558e-05,
        "max": 0.0812937095761,
        "mean": 0.00672215269879,
        "median": 0.00346841430292,
        "min": 1.9439683455e-21,
        "var": 7.02140823705e-05
    },
    "spectral_energyband_middle_low": {
        "dmean": 0.00689794356003,
        "dmean2": 0.0114257503301,
        "dvar": 0.000105753264506,
        "dvar2": 0.000277673796518,
        "max": 0.103439167142,
        "mean": 0.0142199136317,
        "median": 0.0108717642725,
        "min": 3.56864290459e-22,
        "var": 0.000149419662193
    },
    "spectral_entropy": {
        "dmean": 0.165562093258,
        "dmean2": 0.237787142396,
        "dvar": 0.0361934117973,
        "dvar2": 0.0644748136401,
        "max": 9.7880525589,
        "mean": 7.59787511826,
        "median": 7.63998603821,
        "min": 5.32654428482,
        "var": 0.182829618454
    },
    "spectral_flux": {
        "dmean": 0.0308730825782,
        "dmean2": 0.0483439788222,
        "dvar": 0.0014685705537,
        "dvar2": 0.00290944986045,
        "max": 0.399673819542,
        "mean": 0.0967666208744,
        "median": 0.0837282314897,
        "min": 1.05621310309e-10,
        "var": 0.00289588863961
    },
    "spectral_kurtosis": {
        "dmean": 1.3316270113,
        "dmean2": 2.20515489578,
        "dvar": 2.1616127491,
        "dvar2": 5.61178064346,
        "max": 29.7733421326,
        "mean": 3.12304830551,
        "median": 2.65057301521,
        "min": -1.42090773582,
        "var": 5.93497896194
    },
    "spectral_rms": {
        "dmean": 0.00100294547155,
        "dmean2": 0.00157114479225,
        "dvar": 1.54551628384e-06,
        "dvar2": 3.85872317565e-06,
        "max": 0.0145591814071,
        "mean": 0.00491566909477,
        "median": 0.00469632260501,
        "min": 3.29905547325e-12,
        "var": 3.21846664519e-06
    },
    "spectral_rolloff": {
        "dmean": 532.557556152,
        "dmean2": 856.966308594,
        "dvar": 867846.125,
        "dvar2": 1652746,
        "max": 18303.2226562,
        "mean": 1587.65771484,
        "median": 1270.45898438,
        "min": 86.1328125,
        "var": 2342556
    },
    "spectral_skewness": {
        "dmean": 0.203064724803,
        "dmean2": 0.313291430473,
        "dvar": 0.0420425646007,
        "dvar2": 0.0874955207109,
        "max": 4.25053548813,
        "mean": 1.35498094559,
        "median": 1.31690084934,
        "min": -0.182844161987,
        "var": 0.196899801493
    },
    "spectral_spread": {
        "dmean": 574497,
        "dmean2": 749872.375,
        "dvar": 564908392448,
        "dvar2": 838624542720,
        "max": 41070256,
        "mean": 4634912.5,
        "median": 4247968.5,
        "min": 2031358.125,
        "var": 2.39856988979e+12
    },
    "spectral_strongpeak": {
        "dmean": 0.711054086685,
        "dmean2": 1.17396771908,
        "dvar": 1.09364235401,
        "dvar2": 2.57985877991,
        "max": 12.9233369827,
        "mean": 1.16364431381,
        "median": 0.603309631348,
        "min": 0,
        "var": 2.10214304924
    },
    "zerocrossingrate": {
        "dmean": 0.0116551928222,
        "dmean2": 0.012830642052,
        "dvar": 0.000238095308305,
        "dvar2": 0.00024875215604,
        "max": 0.7333984375,
        "mean": 0.0644544064999,
        "median": 0.05859375,
        "min": 0.0048828125,
        "var": 0.00143985776231
    },
    "barkbands": {
        "dmean": [0.000154261113494, 0.00156745931599, 0.00385655858554, 0.00300834211521, 0.00236494210549, 0.000862043641973, 0.000872363278177, 0.000743242329918, 0.0013704757439, 0.00117095338646, 0.000610505696386, 0.000474850792671, 0.000449237297289, 0.000454186985735, 0.000536561419722, 0.000365822430467, 0.000165404519066, 0.000125461257994, 0.000118538424431, 0.000161580726854, 0.00011677700968, 0.000203609102755, 9.52924892772e-05, 0.00013625388965, 6.73527392792e-05, 1.92475496874e-07, 1.09577780183e-09],
        "dmean2": [0.000220979942242, 0.00262811151333, 0.00701162777841, 0.00527048716322, 0.00402020616457, 0.0014428863069, 0.00146891758777, 0.00120669568423, 0.00218326388858, 0.00183830782771, 0.000963069207501, 0.000758830050472, 0.000729299033992, 0.000729750783648, 0.000868054805323, 0.000568859803025, 0.000263395311777, 0.000200777547434, 0.00018413127691, 0.000235659026657, 0.000172451764229, 0.000282902648905, 0.000133969515446, 0.000187024299521, 8.81117521203e-05, 3.17595549859e-07, 2.03645300623e-09],
        "dvar": [9.32464132575e-08, 1.06344250526e-05, 0.000133204681333, 4.35135007137e-05, 1.59358478413e-05, 2.29814577324e-06, 5.29221279066e-06, 5.27600150235e-06, 1.05313984022e-05, 1.15254579214e-05, 4.25804091719e-06, 1.87829050446e-06, 1.54993790602e-06, 1.65020514942e-06, 2.5607102998e-06, 1.03411059627e-06, 1.05390910221e-07, 4.08319387191e-08, 5.09983664188e-08, 1.040665083e-07, 6.84446916921e-08, 3.19834242646e-07, 5.76990153434e-08, 1.38637460623e-07, 2.46184015396e-08, 4.0191363692e-13, 3.01145255642e-18],
        "dvar2": [1.70282419276e-07, 2.93833927572e-05, 0.000375863630325, 0.000119322961837, 4.38563693024e-05, 6.04297565587e-06, 1.30028574858e-05, 1.21000566651e-05, 2.47087045864e-05, 2.58905583905e-05, 9.74735485215e-06, 4.30478849012e-06, 3.77933088203e-06, 3.71513556274e-06, 6.18945841779e-06, 2.39910968958e-06, 2.5013352456e-07, 9.8732542142e-08, 1.15766063402e-07, 1.97189905293e-07, 1.44112789258e-07, 6.39461745777e-07, 1.20096018463e-07, 2.95993316968e-07, 4.43854268894e-08, 1.00170555444e-12, 9.38134235864e-18],
        "max": [0.00571867264807, 0.0676477104425, 0.135442152619, 0.072454713285, 0.0494589470327, 0.0354455858469, 0.0897281840444, 0.0582339279354, 0.0544117540121, 0.0719634145498, 0.0453051626682, 0.0352782793343, 0.0289784055203, 0.051538977772, 0.0342653505504, 0.0306279864162, 0.00951029267162, 0.00378526747227, 0.00555994175375, 0.00858280621469, 0.00838924571872, 0.00967753492296, 0.00767829502001, 0.00581743661314, 0.00311782606877, 2.56873863691e-05, 5.79116523625e-08],
        "mean": [0.000207421951927, 0.0022333425004, 0.00387100595981, 0.00350697059184, 0.00450764643028, 0.00138807611074, 0.00106486910954, 0.00101559259929, 0.00207377667539, 0.00173806643579, 0.000902462634258, 0.000756184279453, 0.000629282032605, 0.000699846656062, 0.000779869267717, 0.000602257088758, 0.000301660125842, 0.000241410089075, 0.000225706244237, 0.000344948173733, 0.000218061250052, 0.000310503906803, 0.000162646494573, 0.000194485677639, 9.05542183318e-05, 1.89009398355e-07, 8.91521634294e-10],
        "median": [3.26098197547e-05, 0.000988161657006, 0.00124225672334, 0.00157060287893, 0.00333739956841, 0.000671814894304, 0.000298304483294, 0.000259253632976, 0.000405974860769, 0.000258676765952, 0.00017632561503, 0.000212212151382, 0.000201458213269, 0.000258197949734, 0.000247053307248, 0.000172437285073, 0.00014325970551, 0.000135134876473, 0.000111694076622, 0.000119515170809, 8.10091587482e-05, 7.81515263952e-05, 5.86281275901e-05, 3.48777321051e-05, 1.71913852682e-05, 2.59347174847e-08, 3.63553298577e-10],
        "min": [2.89654199615e-23, 1.89871215268e-23, 1.12034301861e-23, 1.48909880977e-23, 3.11249172232e-23, 5.50964437578e-23, 1.0908031596e-22, 3.66888983381e-23, 8.25207513657e-23, 1.27655150379e-22, 1.1380380049e-22, 2.34513402941e-22, 1.73760510949e-22, 8.58655784018e-23, 1.62925348643e-22, 1.57877560239e-22, 1.9245315701e-22, 2.44787880781e-22, 1.61378184149e-22, 4.69460237618e-22, 5.70520867398e-22, 4.51391258677e-22, 6.97195419496e-22, 8.11847176039e-22, 1.45837576353e-21, 1.46840128949e-21, 2.5109392631e-21],
        "var": [1.96663435759e-07, 1.47469827425e-05, 8.96484634723e-05, 3.54979674739e-05, 2.22617054533e-05, 4.34149797002e-06, 7.62338277127e-06, 9.31522208703e-06, 2.17414053623e-05, 2.25065214181e-05, 8.08915319794e-06, 4.00106273446e-06, 2.35345805777e-06, 2.81844791061e-06, 3.71206647287e-06, 2.45460546466e-06, 2.4140598498e-07, 8.89808049465e-08, 1.16400755701e-07, 3.7323820834e-07, 1.62247204116e-07, 5.08360869844e-07, 9.23108913753e-08, 2.17812754499e-07, 4.42526442157e-08, 3.92941619997e-13, 2.23958985413e-18]
    },
    "erbbands": {
        "dmean": [0.0633314475417, 0.351002395153, 3.17427158356, 8.51134967804, 9.29546356201, 7.58773326874, 6.55375003815, 7.06354379654, 10.7128047943, 14.3090991974, 18.253484726, 29.4562721252, 37.6131401062, 27.6983604431, 18.6750679016, 18.7055644989, 19.9403381348, 22.033952713, 24.5515918732, 23.7527389526, 15.6524744034, 8.70379161835, 7.14108753204, 4.74363946915, 6.88278532028, 7.42411279678, 6.18445825577, 4.47718381882, 8.24437522888, 4.07078266144, 2.57127451897, 3.80417227745, 1.52528083324, 0.834672152996, 0.455174088478, 0.0296312104911, 0.000760372669902, 5.27422089363e-05, 1.23566633192e-05, 1.48552289829e-05],
        "dmean2": [0.0974300727248, 0.620022594929, 5.73337221146, 15.1509437561, 16.0314407349, 12.5672502518, 10.9061288834, 11.8605260849, 17.8899002075, 23.6708698273, 29.1631526947, 46.9010009766, 59.5081596375, 42.1026878357, 28.5931053162, 29.5019016266, 32.1074867249, 35.1890525818, 38.7125930786, 37.2573242188, 24.1039505005, 13.5971975327, 11.3796634674, 7.26075553894, 10.3951711655, 10.7629575729, 9.07956314087, 6.34923553467, 11.7314577103, 5.74842596054, 3.56140303612, 5.40155076981, 2.06287360191, 1.11392450333, 0.610992252827, 0.0408723540604, 0.00102460244671, 6.88297513989e-05, 1.71148130903e-05, 2.32876882365e-05],
        "dvar": [0.0206641312689, 0.492472022772, 84.783706665, 483.675598145, 371.350250244, 126.875770569, 113.49433136, 198.865646362, 881.223937988, 1757.90478516, 2901.36669922, 5279.49316406, 10871.9179688, 6297.77978516, 3268.91259766, 3259.94873047, 3252.57226562, 3239.27807617, 5233.27636719, 4330.42041016, 1888.81420898, 291.365783691, 135.070571899, 63.8416404724, 193.600067139, 224.345550537, 196.928482056, 105.341896057, 575.965270996, 102.058876038, 43.2814826965, 121.853027344, 14.5716285706, 4.04220438004, 1.19754600525, 0.00528282532468, 3.31828277922e-06, 1.50107570818e-08, 4.66808203203e-10, 4.71115313427e-10],
        "dvar2": [0.0500605665147, 1.44155836105, 237.103912354, 1354.05383301, 1006.30517578, 339.15838623, 288.236114502, 526.514099121, 2176.0300293, 4018.74560547, 6644.85302734, 12297.8554688, 24288.1328125, 14284.8447266, 7193.99414062, 7410.46777344, 8056.38867188, 7741.04541016, 12444.4755859, 9908.91113281, 4268.98486328, 670.000610352, 320.884277344, 139.607208252, 408.843475342, 419.385986328, 402.707519531, 218.87121582, 1199.87487793, 206.220077515, 89.2419204712, 268.773986816, 29.1325035095, 7.40645074844, 2.40752434731, 0.0108251310885, 6.58351245875e-06, 2.86019741225e-08, 9.34050614632e-10, 1.20495147193e-09],
        "max": [2.8846218586, 12.5242033005, 111.574287415, 252.432449341, 262.426940918, 181.968505859, 193.353866577, 335.602020264, 1370.48547363, 1688.28344727, 1137.31884766, 1414.91906738, 2560.67236328, 2071.20751953, 1540.00744629, 1807.51293945, 1394.9083252, 1787.04931641, 1625.66467285, 1942.21069336, 1807.23571777, 675.494812012, 201.270523071, 239.181793213, 386.442840576, 399.140411377, 507.169006348, 172.321243286, 413.541351318, 287.926361084, 215.432952881, 180.471847534, 63.7853927612, 47.9927024841, 28.1185188293, 2.06814169884, 0.0489234142005, 0.00281081162393, 0.000323594082147, 0.000256680214079],
        "mean": [0.0837144777179, 0.473681300879, 3.39027714729, 9.21395778656, 14.5890130997, 14.8889894485, 11.574760437, 11.0198965073, 13.9416179657, 18.9418754578, 26.8585662842, 45.4078445435, 59.5088195801, 44.7393074036, 32.4200630188, 31.3137130737, 30.0531654358, 36.0890769958, 38.7150268555, 38.7781944275, 28.5113620758, 17.4270248413, 14.3326263428, 10.2220058441, 13.7986822128, 16.1760864258, 12.2889709473, 7.99541473389, 11.9939413071, 6.8497376442, 4.33820295334, 5.44851112366, 2.15960431099, 1.09148097038, 0.615579485893, 0.0400634333491, 0.00105741689913, 7.8169425251e-05, 2.63602687482e-05, 3.61723250535e-05],
        "median": [0.023816678673, 0.238731428981, 1.2320356369, 4.14291095734, 9.45709991455, 10.4753055573, 6.87110567093, 4.81664085388, 4.50678157806, 5.13099098206, 7.59120082855, 9.79910564423, 11.4077997208, 8.14883041382, 9.3506603241, 9.47208213806, 10.6429252625, 14.9485054016, 13.7708644867, 13.2858715057, 9.73905658722, 8.60201931, 8.19428825378, 5.78519821167, 6.14672660828, 5.62677955627, 4.28507900238, 2.85186123848, 2.77891969681, 2.35074281693, 1.50191068649, 0.929908275604, 0.453227967024, 0.206511765718, 0.113458357751, 0.00723311677575, 0.000211162725464, 2.01696511795e-05, 1.68084989127e-05, 2.90050084004e-05],
        "min": [1.31011555369e-21, 1.69485369518e-21, 6.73535489232e-21, 4.3474632286e-20, 5.92914855895e-20, 1.25800587313e-19, 2.04836156803e-19, 5.92857560713e-19, 1.75186100391e-18, 8.23315094153e-19, 8.3948042637e-19, 1.91042139437e-18, 2.82894156491e-18, 4.44991778049e-18, 7.38984216819e-18, 9.11407368528e-18, 8.93378967077e-18, 5.44682675575e-18, 5.42060058084e-18, 1.12059845031e-17, 7.54147264628e-18, 1.15164634373e-17, 1.23009871728e-17, 9.89543180062e-18, 1.40394536411e-17, 1.94881618192e-17, 1.83922947457e-17, 2.39877298751e-17, 1.80869095897e-17, 1.54746831414e-17, 2.27588521592e-17, 1.55181332846e-17, 1.47490803081e-17, 1.3520454055e-17, 1.17587661454e-17, 5.94879676099e-18, 3.00176916658e-18, 1.27180528785e-18, 3.45123843192e-19, 3.61875103627e-20],
        "var": [0.0307308919728, 0.569016039371, 59.6941566467, 340.677398682, 366.910552979, 253.062698364, 217.58404541, 360.918182373, 1232.53466797, 3154.74169922, 5391.20263672, 10810.2783203, 23086.5234375, 13657.9179688, 7735.15527344, 6923.89501953, 4765.27978516, 6057.23925781, 8180.78417969, 7540.45898438, 4974.17675781, 770.21270752, 322.838043213, 174.720443726, 512.082092285, 817.836181641, 520.758972168, 196.809356689, 844.87512207, 172.394012451, 68.6811141968, 182.871551514, 24.2724246979, 6.93295001984, 2.01049304008, 0.00869892444462, 5.70158772462e-06, 2.7118927548e-08, 8.67094562818e-10, 7.15765224868e-10]
    },
    "gfcc": {
        "mean": [-6.60626029968, 106.245269775, -138.331008911, 50.4892654419, -75.1625442505, 26.304775238, -41.5832824707, 0.738373756409, -20.756231308, -10.1041841507, -11.4447422028, -17.3624477386, 1.84475398064],
        "cov": [[3168.24682617, -634.923156738, -160.942596436, 241.8568573, -174.54927063, 103.871376038, -264.426208496, 73.3373794556, -186.393447876, 87.5530471802, -143.867660522, -8.9147567749, -75.4073944092], [-634.923156738, 1065.48535156, 362.358001709, 75.2380523682, 243.595901489, -114.170715332, 165.000793457, -160.856689453, 68.4162063599, -116.762748718, 101.908050537, -87.8197555542, 57.993927002], [-160.942596436, 362.358001709, 1522.27661133, 571.566040039, 39.6069107056, 98.4756774902, -230.453033447, -143.004577637, -130.915328979, -8.47766113281, -53.1232681274, -4.68906974792, -85.3449859619], [241.8568573, 75.2380523682, 571.566040039, 472.673828125, 99.3034515381, 15.6467247009, -161.46875, -99.76612854, -55.2781867981, -3.83780241013, -40.4553985596, 8.31124973297, -9.93521690369], [-174.54927063, 243.595901489, 39.6069107056, 99.3034515381, 240.518539429, 14.9627256393, 33.7199287415, -37.1071052551, 14.8676347733, -40.1924819946, 3.52783107758, -16.6574630737, 41.7666931152], [103.871376038, -114.170715332, 98.4756774902, 15.6467247009, 14.9627256393, 184.388336182, 67.218788147, 10.3715076447, -66.4741363525, -4.55729961395, -25.2837810516, 7.1700668335, -15.1347532272], [-264.426208496, 165.000793457, -230.453033447, -161.46875, 33.7199287415, 67.218788147, 320.066802979, 24.8961734772, 3.45879459381, -50.4230003357, 36.8320121765, -39.0492591858, 28.7648277283], [73.3373794556, -160.856689453, -143.004577637, -99.76612854, -37.1071052551, 10.3715076447, 24.8961734772, 140.657592773, 37.3771934509, 24.0784835815, -17.8121852875, 6.55138444901, -4.37601280212], [-186.393447876, 68.4162063599, -130.915328979, -55.2781867981, 14.8676347733, -66.4741363525, 3.45879459381, 37.3771934509, 163.768463135, 19.4712200165, 14.1913576126, -9.83798217773, 25.6472702026], [87.5530471802, -116.762748718, -8.47766113281, -3.83780241013, -40.1924819946, -4.55729961395, -50.4230003357, 24.0784835815, 19.4712200165, 102.379600525, 22.3421859741, 14.2156820297, -20.1604785919], [-143.867660522, 101.908050537, -53.1232681274, -40.4553985596, 3.52783107758, -25.2837810516, 36.8320121765, -17.8121852875, 14.1913576126, 22.3421859741, 113.523963928, 21.2647476196, 4.4700551033], [-8.9147567749, -87.8197555542, -4.68906974792, 8.31124973297, -16.6574630737, 7.1700668335, -39.0492591858, 6.55138444901, -9.83798217773, 14.2156820297, 21.2647476196, 84.2521514893, 18.0136203766], [-75.4073944092, 57.993927002, -85.3449859619, -9.93521690369, 41.7666931152, -15.1347532272, 28.7648277283, -4.37601280212, 25.6472702026, -20.1604785919, 4.4700551033, 18.0136203766, 87.0064163208]],
        "icov": [[0.000603848835453, -0.000577354745474, 0.000816351792309, -0.00112969276961, 0.00103847845457, -0.00104126019869, 0.000906919885892, -0.000877105630934, 0.000894346099813, -0.000454052875284, 0.000457027577795, 0.000452070846222, 7.04436097294e-05], [-0.000577354745474, 0.00527890119702, -0.00330536393449, 0.00327414972708, -0.00479183439165, 0.0051456396468, -0.00364852091298, 0.00395204685628, -0.00243623740971, 0.0026698410511, -0.00328126596287, 0.0018950040685, -0.00117402675096], [0.000816351792309, -0.00330536393449, 0.00388222187757, -0.00430925097317, 0.00388145493343, -0.00444871094078, 0.00314979115501, -0.00258479220793, 0.00208752392791, -0.00127950997557, 0.00171391724143, -0.000195793953026, 0.00145892344881], [-0.00112969276961, 0.00327414972708, -0.00430925097317, 0.00857095513493, -0.00579218380153, 0.00423497101292, -0.00173635873944, 0.00472783390433, -0.00189417682122, 0.000958367716521, -0.000732043525204, -0.000416647206293, -0.00117642700206], [0.00103847845457, -0.00479183439165, 0.00388145493343, -0.00579218380153, 0.0108927395195, -0.00642959447578, 0.00357210380025, -0.00365396612324, 0.00168388197199, -0.000703638943378, 0.00171437370591, 0.000718268100172, -0.00136837107129], [-0.00104126019869, 0.0051456396468, -0.00444871094078, 0.00423497101292, -0.00642959447578, 0.0143762156367, -0.00736079504713, 0.00343627855182, 8.65779948072e-05, 0.000545788032468, 1.26533377625e-05, -0.00176621053834, 0.000447097438155], [0.000906919885892, -0.00364852091298, 0.00314979115501, -0.00173635873944, 0.00357210380025, -0.00736079504713, 0.00941991060972, -0.0039815781638, 0.00226188148372, 0.00103770964779, -0.00120925705414, 0.00330917630345, -0.00124969147146], [-0.000877105630934, 0.00395204685628, -0.00258479220793, 0.00472783390433, -0.00365396612324, 0.00343627855182, -0.0039815781638, 0.0138072604313, -0.00467604212463, -0.000314000324579, 0.00103816424962, -0.00138185592368, 0.000510978279635], [0.000894346099813, -0.00243623740971, 0.00208752392791, -0.00189417682122, 0.00168388197199, 8.65779948072e-05, 0.00226188148372, -0.00467604212463, 0.0107679516077, -0.00347063457593, 0.00124675047118, 0.00153140886687, -0.00190531264525], [-0.000454052875284, 0.0026698410511, -0.00127950997557, 0.000958367716521, -0.000703638943378, 0.000545788032468, 0.00103770964779, -0.000314000324579, -0.00347063457593, 0.0156561993062, -0.00639072665945, 0.00113442086149, 0.00149936554953], [0.000457027577795, -0.00328126596287, 0.00171391724143, -0.000732043525204, 0.00171437370591, 1.26533377625e-05, -0.00120925705414, 0.00103816424962, 0.00124675047118, -0.00639072665945, 0.0156506374478, -0.00678197899833, 0.00256378552876], [0.000452070846222, 0.0018950040685, -0.000195793953026, -0.000416647206293, 0.000718268100172, -0.00176621053834, 0.00330917630345, -0.00138185592368, 0.00153140886687, 0.00113442086149, -0.00678197899833, 0.0189870744944, -0.00669767381623], [7.04436097294e-05, -0.00117402675096, 0.00145892344881, -0.00117642700206, -0.00136837107129, 0.000447097438155, -0.00124969147146, 0.000510978279635, -0.00190531264525, 0.00149936554953, 0.00256378552876, -0.00669767381623, 0.0169712472707]]
    },
    "melbands": {
        "dmean": [0.000468236685265, 0.00123489077669, 0.00145652901847, 0.000592671218328, 0.00023299822351, 0.000159982751939, 0.000170532890479, 0.00015423046716, 0.000164773169672, 0.00019643107953, 0.00019253724895, 0.000119814249047, 7.21313263057e-05, 5.03680785187e-05, 5.29388162249e-05, 4.36348018411e-05, 4.46018020739e-05, 4.06466533605e-05, 4.05348619097e-05, 3.10834548145e-05, 1.70216771949e-05, 1.01174300653e-05, 8.24851122161e-06, 5.80850564802e-06, 4.0172867557e-06, 4.92579101774e-06, 5.70522388443e-06, 5.41519648323e-06, 4.55892859463e-06, 2.89371314466e-06, 2.69699330602e-06, 6.06213689025e-06, 2.59116040979e-06, 2.22881976697e-06, 1.52453083047e-06, 1.68567237324e-06, 2.51539177043e-06, 1.11946917514e-06, 7.87957958437e-07, 6.86457781285e-07],
        "dmean2": [0.000735597859602, 0.00222878577188, 0.00255264504813, 0.00101191119757, 0.000385335355531, 0.000269180018222, 0.00028499669861, 0.0002533258521, 0.000264213857008, 0.000312031450449, 0.000304243993014, 0.000183252137504, 0.000111945577373, 8.02017675596e-05, 8.35125829326e-05, 7.11155444151e-05, 7.16233116691e-05, 6.47103224765e-05, 6.45453328616e-05, 4.82104369439e-05, 2.66611477855e-05, 1.60098788911e-05, 1.32833401949e-05, 9.27373002924e-06, 6.2429553509e-06, 7.72946896177e-06, 8.57773284224e-06, 7.98954988568e-06, 6.87986812409e-06, 4.30351428804e-06, 3.91873118133e-06, 8.75173191162e-06, 3.7249012621e-06, 3.26034091813e-06, 2.17899014388e-06, 2.37744893639e-06, 3.60658714271e-06, 1.57333545303e-06, 1.07797461624e-06, 9.27830512865e-07],
        "dvar": [1.05342019197e-06, 1.1946343875e-05, 1.11639828901e-05, 1.08445476599e-06, 1.21575126855e-07, 9.67100106664e-08, 2.09274332974e-07, 2.0474622886e-07, 2.33990135712e-07, 2.2989502213e-07, 2.90960400662e-07, 1.17594836979e-07, 5.51543841709e-08, 2.14760405015e-08, 2.52845993032e-08, 1.54041313039e-08, 1.51160008954e-08, 1.52556616229e-08, 1.57226356379e-08, 7.59074492152e-09, 2.26114016399e-09, 4.2933084865e-10, 2.19840326499e-10, 8.59294788103e-11, 5.29283387951e-11, 8.96744900558e-11, 1.6807144565e-10, 1.33673849767e-10, 1.05659939131e-10, 4.49589358797e-11, 3.98673247193e-11, 3.42381262231e-10, 4.18480666786e-11, 2.98609088845e-11, 1.48040104481e-11, 1.97319972861e-11, 5.57424106873e-11, 8.08282347303e-12, 4.34043773145e-12, 2.7025625661e-12],
        "dvar2": [2.69751490123e-06, 3.35307922796e-05, 3.06307774736e-05, 2.95859149446e-06, 3.1224601571e-07, 2.54884128026e-07, 5.20030482676e-07, 4.60419499859e-07, 5.27086342572e-07, 5.35831532034e-07, 6.48790773994e-07, 2.69032398137e-07, 1.21425728139e-07, 5.11931403935e-08, 5.89609285839e-08, 3.7064939562e-08, 3.59848577602e-08, 3.51515474506e-08, 3.75252433571e-08, 1.70049929693e-08, 5.1813624502e-09, 1.01783970141e-09, 5.28173726977e-10, 2.11469911027e-10, 1.17717807724e-10, 2.04444669527e-10, 3.45945522229e-10, 2.61174887273e-10, 2.22159735053e-10, 9.42860303721e-11, 8.30857882494e-11, 7.30546234617e-10, 8.17065512471e-11, 6.40805741803e-11, 3.13788890705e-11, 4.1881983992e-11, 1.24211307906e-10, 1.70570467473e-11, 8.29341283148e-12, 5.13707132388e-12],
        "max": [0.0212690010667, 0.0424810387194, 0.036581132561, 0.0129393031821, 0.00499117607251, 0.00828792154789, 0.0205514896661, 0.0183142498136, 0.0106246294454, 0.00921223219484, 0.0131071107462, 0.00817486457527, 0.00574072124436, 0.00340342032723, 0.00360883050598, 0.0038335470017, 0.00368315633386, 0.00402434170246, 0.00268143508583, 0.00275778002106, 0.00180034316145, 0.000751857587602, 0.000325225351844, 0.000203877381864, 0.000235908693867, 0.000282798602711, 0.000443285767687, 0.000366017804481, 0.000351087102899, 0.000185018987395, 0.000107142455818, 0.000343369174516, 0.000207486751606, 0.000141535507282, 0.00013228681928, 0.000104111073597, 0.000124381578644, 5.39283137186e-05, 7.06982827978e-05, 3.11694966513e-05],
        "mean": [0.00065745174652, 0.00139013188891, 0.0017881343374, 0.00109463836998, 0.00044705561595, 0.000252303289017, 0.000218747241888, 0.000205493037356, 0.00023638024868, 0.000297663151287, 0.000297983002383, 0.000184304983122, 0.000114612994366, 8.34919628687e-05, 7.5365867815e-05, 6.37613920844e-05, 6.75365081406e-05, 5.95757446717e-05, 5.87523136346e-05, 4.83423282276e-05, 2.89417203021e-05, 1.81300838449e-05, 1.47065038618e-05, 1.10064338514e-05, 7.67821711634e-06, 9.0159201136e-06, 1.0861888768e-05, 1.08956146505e-05, 8.5445235527e-06, 5.0778712648e-06, 4.46382409791e-06, 8.25781899039e-06, 4.18466743213e-06, 3.60555236512e-06, 2.46774447987e-06, 2.57211354437e-06, 3.48801017935e-06, 1.54300266786e-06, 1.03042077626e-06, 8.67636629209e-07],
        "median": [0.000242921058089, 0.000572039571125, 0.000907517620362, 0.000786162447184, 0.000302915286738, 0.000112643421744, 6.7442364525e-05, 5.43961323274e-05, 5.74898003833e-05, 5.78292128921e-05, 5.06937540194e-05, 2.92210061161e-05, 2.56543353316e-05, 2.4760101951e-05, 2.00575541385e-05, 2.24071263801e-05, 2.48465839832e-05, 1.8847609681e-05, 1.83258998732e-05, 1.39021558425e-05, 9.59488716035e-06, 8.3713694039e-06, 7.50517119741e-06, 6.17188197793e-06, 3.94709331886e-06, 4.20646620114e-06, 3.83892665923e-06, 3.58354645869e-06, 2.74623198493e-06, 1.8186115085e-06, 1.47674847994e-06, 1.56979604071e-06, 1.34048923428e-06, 1.27264320327e-06, 8.82061840457e-07, 6.53448523735e-07, 5.02097691424e-07, 3.2536792105e-07, 2.13216480915e-07, 1.47782813542e-07],
        "min": [1.00400473109e-23, 3.24158447072e-24, 7.5295448117e-24, 6.54769697463e-24, 6.78538865398e-24, 1.45168550361e-23, 2.40827874767e-23, 7.48751035837e-24, 6.46963642704e-24, 1.35867911843e-23, 1.45298175985e-23, 1.77680458605e-23, 1.98114953722e-23, 3.3266135e-23, 1.487732976e-23, 1.71087569367e-23, 9.09359092949e-24, 7.62033086898e-24, 1.17989799376e-23, 1.52365296845e-23, 6.80215194822e-24, 1.12993580387e-23, 1.10027928812e-23, 1.22079538299e-23, 7.40573782579e-24, 6.52000835129e-24, 1.78680892005e-23, 1.11348955284e-23, 9.66892138717e-24, 1.6490727016e-23, 1.25096268618e-23, 1.09157941451e-23, 7.27235959052e-24, 8.84878845794e-24, 1.33030978702e-23, 1.12866400232e-23, 8.601419033e-24, 9.41202331135e-24, 1.14669696819e-23, 1.18225211247e-23],
        "var": [1.55118868861e-06, 8.76301874086e-06, 8.87707847141e-06, 1.42905855682e-06, 2.49697109211e-07, 1.78078920499e-07, 2.97084596923e-07, 3.8385533685e-07, 4.45675340188e-07, 4.78713673147e-07, 6.10151857927e-07, 2.46357444667e-07, 1.20463795383e-07, 4.51890933562e-08, 4.32585167687e-08, 2.50295020265e-08, 2.65747210904e-08, 2.31333014966e-08, 2.22233733638e-08, 1.63020619226e-08, 5.76341285807e-09, 9.86663417635e-10, 4.38768466005e-10, 1.93517646352e-10, 1.27388738447e-10, 2.09453260291e-10, 4.48648646012e-10, 4.15219969518e-10, 2.62208033064e-10, 1.03909228444e-10, 6.99043878338e-11, 4.76992056964e-10, 7.18611559147e-11, 4.70486739845e-11, 2.23518096393e-11, 3.09342169935e-11, 8.21560111608e-11, 1.25615325433e-11, 7.02172825093e-12, 4.46348643809e-12]
    },
    "mfcc": {
        "mean": [-631.566894531, 111.851150513, 1.22078585625, 18.8483181, -0.732917666435, 12.2909650803, -3.33628344536, 2.55016303062, -1.63638114929, 3.00884056091, -6.05369901657, -5.53958177567, -6.45480394363],
        "cov": [[2909.29711914, -843.713500977, -344.77130127, -84.500328064, -30.0368537903, -87.7535629272, -46.4684867859, -85.4413070679, -6.62687301636, 23.5643672943, -83.1943130493, -35.4889526367, 16.5223331451], [-843.713500977, 975.488342285, 108.98072052, 153.332077026, 41.7944564819, 69.7447814941, 85.5741119385, 40.6069908142, -13.0506391525, 25.2415390015, 11.3072519302, -5.40693044662, 10.6354036331], [-344.77130127, 108.98072052, 1333.33825684, 406.852233887, 327.327911377, 189.878234863, 8.38501358032, -74.1739807129, -91.4056549072, -109.115600586, -15.6363859177, 12.4714717865, -31.0897922516], [-84.500328064, 153.332077026, 406.852233887, 414.602630615, 235.167358398, 103.420097351, -29.1883659363, -49.9065361023, -40.5519065857, -31.1396369934, -64.8379364014, -5.87604093552, 12.0172452927], [-30.0368537903, 41.7944564819, 327.327911377, 235.167358398, 333.959075928, 72.6630554199, -62.6295089722, -44.6971931458, -9.82703971863, -44.6880722046, -38.3244171143, -10.7649412155, 2.73086929321], [-87.7535629272, 69.7447814941, 189.878234863, 103.420097351, 72.6630554199, 197.171813965, 90.9856491089, 15.1726665497, -10.403591156, -18.6886615753, -23.8064575195, -23.9388828278, -22.1341533661], [-46.4684867859, 85.5741119385, 8.38501358032, -29.1883659363, -62.6295089722, 90.9856491089, 228.638687134, 68.6411972046, -11.7108764648, 15.2899150848, 0.132206395268, -34.6603507996, -16.8352832794], [-85.4413070679, 40.6069908142, -74.1739807129, -49.9065361023, -44.6971931458, 15.1726665497, 68.6411972046, 117.438102722, 44.9825897217, 3.20402097702, 8.14736366272, -16.8401222229, -14.6347370148], [-6.62687301636, -13.0506391525, -91.4056549072, -40.5519065857, -9.82703971863, -10.403591156, -11.7108764648, 44.9825897217, 134.765899658, 29.5639057159, -0.853413522243, -7.05143499374, -15.9506015778], [23.5643672943, 25.2415390015, -109.115600586, -31.1396369934, -44.6880722046, -18.6886615753, 15.2899150848, 3.20402097702, 29.5639057159, 109.189186096, 19.2841091156, -7.42054033279, -2.87346720695], [-83.1943130493, 11.3072519302, -15.6363859177, -64.8379364014, -38.3244171143, -23.8064575195, 0.132206395268, 8.14736366272, -0.853413522243, 19.2841091156, 106.50806427, 37.7311935425, -13.1740512848], [-35.4889526367, -5.40693044662, 12.4714717865, -5.87604093552, -10.7649412155, -23.9388828278, -34.6603507996, -16.8401222229, -7.05143499374, -7.42054033279, 37.7311935425, 91.2578887939, 31.4446678162], [16.5223331451, 10.6354036331, -31.0897922516, 12.0172452927, 2.73086929321, -22.1341533661, -16.8352832794, -14.6347370148, -15.9506015778, -2.87346720695, -13.1740512848, 31.4446678162, 83.1201477051]],
