{
"lowlevel": {
    "average_loudness": 0.970137953758,
    "barkbands_crest": {
        "dmean": 2.6673746109,
        "dmean2": 4.26131057739,
        "dvar": 5.4604382515,
        "dvar2": 12.9178848267,
        "max": 25.866350174,
        "mean": 10.8806419373,
        "median": 10.0416603088,
        "min": 2.42553400993,
        "var": 22.1755542755
    },
    "barkbands_flatness_db": {
        "dmean": 0.0198730323464,
        "dmean2": 0.0309813991189,
        "dvar": 0.000316828431096,
        "dvar2": 0.000698942749295,
        "max": 0.368778526783,
        "mean": 0.1658641994,
        "median": 0.162674874067,
        "min": 0.0651601850986,
        "var": 0.00156326184515
    },
    "barkbands_kurtosis": {
        "dmean": 2.70845150948,
        "dmean2": 4.26403665543,
        "dvar": 30.029876709,
        "dvar2": 72.2062225342,
        "max": 161.975067139,
        "mean": 4.4545249939,
        "median": 1.4134144783,
        "min": -1.91798138618,
        "var": 83.3438262939
    },
    "barkbands_skewness": {
        "dmean": 0.494496762753,
        "dmean2": 0.754065930843,
        "dvar": 0.293692588806,
        "dvar2": 0.654766798019,
        "max": 10.9371757507,
        "mean": 1.49710428715,
        "median": 1.24286627769,
        "min": -2.26054787636,
        "var": 1.70972788334
    },
    "barkbands_spread": {
        "dmean": 4.58246564865,
        "dmean2": 6.91550159454,
        "dvar": 31.7830314636,
        "dvar2": 62.7858543396,
        "max": 96.8183059692,
        "mean": 19.1899261475,
        "median": 16.4723396301,
        "min": 0.822964668274,
        "var": 130.341339111
    },
    "dissonance": {
        "dmean": 0.0204333439469,
        "dmean2": 0.0344128012657,
        "dvar": 0.000372508045984,
        "dvar2": 0.00100753246807,
        "max": 0.500000119209,
        "mean": 0.458610028028,
        "median": 0.464117050171,
        "min": 0.291032195091,
        "var": 0.000851717137266
    },
    "dynamic_complexity": 2.03127551079,
    "erbbands_crest": {
        "dmean": 2.95900321007,
        "dmean2": 4.6759967804,
        "dvar": 7.68911123276,
        "dvar2": 18.0537643433,
        "max": 31.9468288422,
        "mean": 11.3664312363,
        "median": 10.0601596832,
        "min": 2.49379563332,
        "var": 33.350315094
    },
    "erbbands_flatness_db": {
        "dmean": 0.0172702372074,
        "dmean2": 0.0254196096212,
        "dvar": 0.000254185986705,
        "dvar2": 0.000495018146466,
        "max": 0.341466516256,
        "mean": 0.195616170764,
        "median": 0.195798575878,
        "min": 0.0756435245275,
        "var": 0.00212419871241
    },
    "erbbands_kurtosis": {
        "dmean": 1.18715381622,
        "dmean2": 1.88339185715,
        "dvar": 4.80218076706,
        "dvar2": 11.446518898,
        "max": 68.8461151123,
        "mean": 0.958858966827,
        "median": -0.00323176383972,
        "min": -1.82883012295,
        "var": 11.6080322266
    },
    "erbbands_skewness": {
        "dmean": 0.391736954451,
        "dmean2": 0.601170361042,
        "dvar": 0.156146466732,
        "dvar2": 0.34221509099,
        "max": 7.60075902939,
        "mean": 0.719213664532,
        "median": 0.616463780403,
        "min": -3.37244200706,
        "var": 0.770420372486
    },
    "erbbands_spread": {
        "dmean": 7.22360181808,
        "dmean2": 10.8860883713,
        "dvar": 73.9683685303,
        "dvar2": 159.432235718,
        "max": 138.005355835,
        "mean": 35.7597084045,
        "median": 32.0468788147,
        "min": 3.13947105408,
        "var": 401.219573975
    },
    "hfc": {
        "dmean": 6.1844625473,
        "dmean2": 8.97458744049,
        "dvar": 55.8424797058,
        "dvar2": 118.842681885,
        "max": 120.199539185,
        "mean": 24.3382339478,
        "median": 22.4365081787,
        "min": 1.17129542361e-16,
        "var": 206.987579346
    },
    "melbands_crest": {
        "dmean": 3.34653234482,
        "dmean2": 5.39060544968,
        "dvar": 8.6537361145,
        "dvar2": 20.689081192,
        "max": 33.5933074951,
        "mean": 14.4054269791,
        "median": 13.5857210159,
        "min": 2.62790083885,
        "var": 34.345199585
    },
    "melbands_flatness_db": {
        "dmean": 0.0223477259278,
        "dmean2": 0.0339181795716,
        "dvar": 0.000455937493825,
        "dvar2": 0.000941764039453,
        "max": 0.432684540749,
        "mean": 0.179111242294,
        "median": 0.174894109368,
        "min": 0.00690859369934,
        "var": 0.0027509809006
    },
    "melbands_kurtosis": {
        "dmean": 6.76753520966,
        "dmean2": 10.6168851852,
        "dvar": 203.185470581,
        "dvar2": 494.059875488,
        "max": 302.876312256,
        "mean": 13.8849372864,
        "median": 5.87483358383,
        "min": -1.70782256126,
        "var": 567.810668945
    },
    "melbands_skewness": {
        "dmean": 0.652093112469,
        "dmean2": 1.00149583817,
        "dvar": 0.610793173313,
        "dvar2": 1.3885641098,
        "max": 13.5628824234,
        "mean": 2.39110970497,
        "median": 2.00500154495,
        "min": -1.27805769444,
        "var": 3.41185379028
    },
    "melbands_spread": {
        "dmean": 5.92491102219,
        "dmean2": 9.09097576141,
        "dvar": 64.1622543335,
        "dvar2": 134.270889282,
        "max": 163.205307007,
        "mean": 22.3894710541,
        "median": 20.0316162109,
        "min": 0.680265307426,
        "var": 215.597503662
    },
    "pitch_salience": {
        "dmean": 0.0661643743515,
        "dmean2": 0.106190398335,
        "dvar": 0.00379482773133,
        "dvar2": 0.00903717149049,
        "max": 0.944853007793,
        "mean": 0.551942110062,
        "median": 0.545265674591,
        "min": 0.123470708728,
        "var": 0.0187691990286
    },
    "silence_rate_20dB": {
        "dmean": 0,
        "dmean2": 0,
        "dvar": 0,
        "dvar2": 0,
        "max": 1,
        "mean": 1,
        "median": 1,
        "min": 1,
        "var": 0
    },
    "silence_rate_30dB": {
        "dmean": 0.00117302057333,
        "dmean2": 0.00234631635249,
        "dvar": 0.0011716154404,
        "dvar2": 0.00351416063495,
        "max": 1,
        "mean": 0.9994135499,
        "median": 1,
        "min": 0,
        "var": 0.000586048292462
    },
    "silence_rate_60dB": {
        "dmean": 0.0068035190925,
        "dmean2": 0.0136086344719,
        "dvar": 0.00675682071596,
        "dvar2": 0.0169418174773,
        "max": 1,
        "mean": 0.0091484868899,
        "median": 0,
        "min": 0,
        "var": 0.00906502828002
    },
    "spectral_centroid": {
        "dmean": 228.294708252,
        "dmean2": 348.303253174,
        "dvar": 80649.9921875,
        "dvar2": 149673.765625,
        "max": 11348.5371094,
        "mean": 1392.3449707,
        "median": 1361.39257812,
        "min": 251.351318359,
        "var": 343256.65625
    },
    "spectral_complexity": {
        "dmean": 3.55753660202,
        "dmean2": 5.41154384613,
        "dvar": 15.3734893799,
        "dvar2": 29.0339641571,
        "max": 57,
        "mean": 19.4541397095,
        "median": 18,
        "min": 0,
        "var": 68.609588623
    },
    "spectral_decrease": {
        "dmean": 1.86384396805e-09,
        "dmean2": 2.90555135507e-09,
        "dvar": 5.15318053343e-18,
        "dvar2": 1.197454448e-17,
        "max": 8.43924145111e-29,
        "mean": -6.63061561212e-09,
        "median": -6.29410390474e-09,
        "min": -3.50271527338e-08,
        "var": 1.42971452173e-17
    },
    "spectral_energy": {
        "dmean": 0.00746328849345,
        "dmean2": 0.0115982368588,
        "dvar": 7.99847985036e-05,
        "dvar2": 0.000184597229236,
        "max": 0.138844743371,
        "mean": 0.0272329654545,
        "median": 0.0260742753744,
        "min": 1.05213068377e-20,
        "var": 0.000226874166401
    },
    "spectral_energyband_high": {
        "dmean": 0.000339002202963,
        "dmean2": 0.000482421804918,
        "dvar": 4.15753163452e-07,
        "dvar2": 8.83606844582e-07,
        "max": 0.0193460490555,
        "mean": 0.000830180128105,
        "median": 0.000501066097058,
        "min": 7.75787897251e-21,
        "var": 1.02574779248e-06
    },
    "spectral_energyband_low": {
        "dmean": 0.00216617248952,
        "dmean2": 0.00336888991296,
        "dvar": 2.11744682019e-05,
        "dvar2": 5.06812903041e-05,
        "max": 0.0654239580035,
        "mean": 0.00416685035452,
        "median": 0.000921495142393,
        "min": 3.45895122774e-23,
        "var": 4.4444706873e-05
    },
    "spectral_energyband_middle_high": {
        "dmean": 0.00251199514605,
        "dmean2": 0.00372325419448,
        "dvar": 1.39077537824e-05,
        "dvar2": 2.95069348795e-05,
        "max": 0.0586129799485,
        "mean": 0.0078957574442,
        "median": 0.0049342783168,
        "min": 1.1751870679e-21,
        "var": 6.67131098453e-05
    },
    "spectral_energyband_middle_low": {
        "dmean": 0.00572149595246,
        "dmean2": 0.00898502580822,
        "dvar": 5.86638634559e-05,
        "dvar2": 0.000140089672641,
        "max": 0.130471751094,
        "mean": 0.0152468234301,
        "median": 0.0116971991956,
        "min": 4.14113024445e-22,
        "var": 0.000157935457537
    },
    "spectral_entropy": {
        "dmean": 0.149299144745,
        "dmean2": 0.219542980194,
        "dvar": 0.0233736485243,
        "dvar2": 0.0463205948472,
        "max": 9.80930805206,
        "mean": 7.57201337814,
        "median": 7.581823349,
        "min": 5.39075660706,
        "var": 0.117841944098
    },
    "spectral_flux": {
        "dmean": 0.0269716084003,
        "dmean2": 0.04290272668,
        "dvar": 0.000765818636864,
        "dvar2": 0.00169485481456,
        "max": 0.307449370623,
        "mean": 0.0929083898664,
        "median": 0.0849339589477,
        "min": 1.02573421978e-10,
        "var": 0.00167451275047
    },
    "spectral_kurtosis": {
        "dmean": 1.20606529713,
        "dmean2": 2.0393102169,
        "dvar": 1.41807377338,
        "dvar2": 4.17136859894,
        "max": 15.537607193,
        "mean": 3.4443602562,
        "median": 3.1730568409,
        "min": -1.17929339409,
        "var": 4.2663693428
    },
    "spectral_rms": {
        "dmean": 0.0006986776134,
        "dmean2": 0.00106975936797,
        "dvar": 5.44463489405e-07,
        "dvar2": 1.18073103295e-06,
        "max": 0.0116386553273,
        "mean": 0.00494519341737,
        "median": 0.00504364119843,
        "min": 3.20385536677e-12,
        "var": 2.113780738e-06
    },
    "spectral_rolloff": {
        "dmean": 440.173187256,
        "dmean2": 731.563842773,
        "dvar": 639216.75,
        "dvar2": 1315995.75,
        "max": 19509.0820312,
        "mean": 1595.06469727,
        "median": 1367.35839844,
        "min": 64.599609375,
        "var": 1629809.375
    },
    "spectral_skewness": {
        "dmean": 0.182277858257,
        "dmean2": 0.292378693819,
        "dvar": 0.0266245622188,
        "dvar2": 0.0662609636784,
        "max": 2.83162355423,
        "mean": 1.42314052582,
        "median": 1.44120681286,
        "min": -0.122880607843,
        "var": 0.123599842191
    },
    "spectral_spread": {
        "dmean": 498485.78125,
        "dmean2": 705618.75,
        "dvar": 433886101504,
        "dvar2": 613090918400,
        "max": 40436260,
        "mean": 4652527.5,
        "median": 4461835,
        "min": 2103399,
        "var": 2.19678611866e+12
    },
    "spectral_strongpeak": {
        "dmean": 0.73495465517,
        "dmean2": 1.20833218098,
        "dvar": 0.992862582207,
        "dvar2": 2.38061237335,
        "max": 14.2866363525,
        "mean": 1.74108636379,
        "median": 1.25119912624,
        "min": 0,
        "var": 2.63828349113
    },
    "zerocrossingrate": {
        "dmean": 0.00918083265424,
        "dmean2": 0.0107824001461,
        "dvar": 0.000144579258631,
        "dvar2": 0.00017624287284,
        "max": 0.72216796875,
        "mean": 0.0649990737438,
        "median": 0.0615234375,
        "min": 0.005859375,
        "var": 0.000936798751354
    },
    "barkbands": {
        "dmean": [7.67105302657e-05, 0.00130112818442, 0.0012342199916, 0.00109935121145, 0.0016208786983, 0.00173070363235, 0.00140785635449, 0.00137483794242, 0.00134207599331, 0.00113008252811, 0.000632787530776, 0.000519985274877, 0.000332305498887, 0.000329403148498, 0.000467447156552, 0.000301255204249, 0.000350326939952, 0.000222762027988, 0.000160289331689, 0.000184031945537, 9.68574386206e-05, 6.95593917044e-05, 5.60121407034e-05, 5.41266526852e-05, 4.34002467955e-05, 1.36429662234e-07, 1.06635622554e-09],
        "dmean2": [9.50001558522e-05, 0.00203818292357, 0.00204399740323, 0.00195779465139, 0.00260831927881, 0.00266033993103, 0.00218760105781, 0.0021282217931, 0.00204133009538, 0.00171359616797, 0.000960576813668, 0.000803502218332, 0.00051907118177, 0.000527284049895, 0.000753138854634, 0.000492691644467, 0.000549389747903, 0.000343040097505, 0.000255583436228, 0.000271669501672, 0.000150160602061, 0.000104160339106, 8.44725946081e-05, 7.85919910413e-05, 6.07646834396e-05, 2.32173746895e-07, 1.96029792399e-09],
        "dvar": [2.72406595059e-08, 7.57570751375e-06, 1.24965199575e-05, 1.28938945636e-05, 1.19201104098e-05, 1.4869640836e-05, 1.04087976069e-05, 8.75590740179e-06, 9.01297335076e-06, 6.97883933753e-06, 4.13972611568e-06, 2.01201555683e-06, 7.736350085e-07, 6.23123980859e-07, 1.09569418782e-06, 3.63983531315e-07, 5.07298182129e-07, 2.00219943736e-07, 8.59713722434e-08, 1.38890399626e-07, 7.03918132672e-08, 2.58052565982e-08, 1.50678420852e-08, 1.16848966059e-08, 6.06831696004e-09, 9.13457609791e-14, 1.94419683314e-18],
        "dvar2": [3.83228346834e-08, 1.71126739588e-05, 3.15979850711e-05, 3.67685024685e-05, 2.86377871817e-05, 3.11351432174e-05, 2.41793495661e-05, 1.93804116861e-05, 1.85275766853e-05, 1.50520627358e-05, 8.2058386397e-06, 4.21230242864e-06, 1.53844780471e-06, 1.38205382427e-06, 2.66421238848e-06, 8.78519870184e-07, 1.20583479202e-06, 4.37546560761e-07, 2.00410170237e-07, 2.81060806628e-07, 1.71004970184e-07, 5.28097459096e-08, 3.20488204864e-08, 2.3669775473e-08, 9.79401360013e-09, 2.47388833594e-13, 6.03883992016e-18],
        "max": [0.00242836377583, 0.0336306393147, 0.0508772358298, 0.0449656099081, 0.0736940279603, 0.0804080665112, 0.089210562408, 0.044230800122, 0.068955488503, 0.0454124175012, 0.0502582900226, 0.0471347756684, 0.0269636400044, 0.0223984345794, 0.0233378820121, 0.0140788750723, 0.0150771113113, 0.00921147502959, 0.00610328698531, 0.0100134713575, 0.0103874271736, 0.0065103773959, 0.00375671498477, 0.003376518609, 0.00257994607091, 8.40758548293e-06, 1.35019719849e-08],
        "mean": [0.000129973690491, 0.00225090724416, 0.00122363015544, 0.00101272156462, 0.00291455956176, 0.00333228870295, 0.00257475464605, 0.00239309249446, 0.00237284367904, 0.00214958866127, 0.00104748737067, 0.000970408378635, 0.00055285327835, 0.000544985814486, 0.000808636308648, 0.000524922448676, 0.000733865017537, 0.00039292924339, 0.000292342185276, 0.000400028540753, 0.000176389556145, 0.000123940757476, 0.000114252114145, 0.00011094470392, 8.45022514113e-05, 1.44891799891e-07, 8.90296225631e-10],
        "median": [7.85237352829e-06, 0.000227011812967, 0.000180110175279, 0.00017063334235, 0.00102140486706, 0.0010861302726, 0.000909925322048, 0.000596308673266, 0.000670552370138, 0.000416980299633, 0.000181886643986, 0.00021856634703, 0.000153520290041, 0.000179033726454, 0.000292004959192, 0.000197949193534, 0.000234642371652, 0.000187886093045, 0.000165645338711, 0.000149682673509, 8.86384805199e-05, 6.31222501397e-05, 6.38648707536e-05, 6.65984262014e-05, 4.35724505223e-05, 4.67723708653e-08, 3.78324205297e-10],
        "min": [6.85436034065e-24, 1.52195060662e-23, 1.11296109492e-23, 6.81247971519e-24, 5.56963251446e-23, 2.95135110521e-23, 4.26272633723e-23, 4.85026993944e-23, 8.60087093245e-23, 3.68783827275e-23, 3.12845132506e-23, 4.47756440061e-23, 7.2337970718e-23, 8.58080357319e-23, 6.08058214039e-23, 5.11731576416e-23, 1.16663074173e-22, 1.45203544231e-22, 1.53942886127e-22, 2.97890664772e-22, 3.3705792426e-22, 6.47640060954e-22, 6.38506389579e-22, 6.16408489736e-22, 1.25197218833e-21, 1.70133260349e-21, 2.22208904527e-21],
        "var": [9.24760641396e-08, 1.82870371646e-05, 1.08655040094e-05, 8.55358030094e-06, 3.05357425532e-05, 4.15587819589e-05, 2.36048454099e-05, 2.37153217313e-05, 2.3080228857e-05, 2.25585954468e-05, 1.12134202936e-05, 7.74469208409e-06, 1.84408838777e-06, 1.20569893625e-06, 2.96352436635e-06, 8.49558546179e-07, 2.02613273359e-06, 4.16052188257e-07, 1.6683283377e-07, 5.49564788344e-07, 1.05297921493e-07, 5.03016188702e-08, 3.54170417438e-08, 2.888225481e-08, 1.78681052176e-08, 9.46214745554e-14, 1.67569617766e-18]
    },
    "erbbands": {
        "dmean": [0.0375486202538, 0.318563610315, 1.13137876987, 2.68105697632, 3.970662117, 5.84825563431, 12.1197566986, 13.8645582199, 18.7489795685, 22.2862606049, 29.842250824, 27.5779209137, 30.6203994751, 28.9099750519, 21.5008735657, 18.6479816437, 14.7853899002, 13.8748197556, 23.4570999146, 17.9709949493, 15.3464326859, 19.1272754669, 11.3861408234, 8.40513801575, 7.6819601059, 8.78661823273, 5.44590473175, 2.61329269409, 2.35722541809, 2.45787334442, 1.42906737328, 1.46799743176, 0.686617612839, 0.468981832266, 0.337476819754, 0.0207567289472, 0.00052328343736, 3.4374275856e-05, 7.15747228242e-06, 9.07487446966e-06],
        "dmean2": [0.0529320202768, 0.4827516675, 1.74541342258, 4.66930103302, 6.9017367363, 9.448097229, 18.5548381805, 21.3858013153, 29.0282096863, 35.023273468, 46.5202407837, 41.6658554077, 46.3018417358, 43.4697265625, 32.2343521118, 29.1441001892, 22.4964313507, 21.7998638153, 36.9179344177, 28.7328948975, 24.2516803741, 29.6132659912, 17.4784793854, 13.1237926483, 11.8477697372, 12.9961051941, 8.22084712982, 4.04104757309, 3.52821612358, 3.75442957878, 2.13333749771, 2.16913080215, 1.00271177292, 0.664924740791, 0.484041213989, 0.030274707824, 0.000750804902054, 4.84742304252e-05, 1.02384956335e-05, 1.39150024552e-05],
        "dvar": [0.00565303536132, 0.495470941067, 8.96113491058, 75.7608261108, 116.249488831, 201.59954834, 843.107299805, 1178.04956055, 1543.01867676, 4270.66796875, 3916.85961914, 4596.26464844, 4964.58105469, 4891.84521484, 4955.46777344, 2406.11230469, 1320.84875488, 960.395324707, 3183.07568359, 1380.22277832, 790.345581055, 1728.9173584, 538.061950684, 245.519042969, 241.855178833, 339.762878418, 172.255966187, 78.0909805298, 36.4485359192, 25.0480861664, 11.0652399063, 9.113032341, 1.80832648277, 0.609305024147, 0.42594692111, 0.00161467120051, 9.56702024268e-07, 3.70470987221e-09, 8.81570927369e-11, 1.11634250455e-10],
        "dvar2": [0.0111945401877, 1.04585492611, 20.9212722778, 211.04649353, 322.686981201, 474.722747803, 1713.62731934, 2595.03857422, 3444.58520508, 10506, 9060.796875, 9578.47460938, 10874.7246094, 10313.2685547, 10425.9248047, 5494.52783203, 2639.28540039, 2161.92260742, 7223.63964844, 3225.76513672, 1808.90185547, 3969.41772461, 1229.98693848, 536.769287109, 566.379089355, 686.793762207, 407.036682129, 189.508880615, 77.239944458, 54.9614028931, 23.6490249634, 17.9517841339, 3.76440930367, 1.09498894215, 0.707569539547, 0.00289089931175, 1.65794278928e-06, 6.2119891453e-09, 1.63491567506e-10, 2.5261709391e-10],
        "max": [1.09434103966, 7.81083250046, 50.6855583191, 115.303741455, 157.15612793, 415.96585083, 639.865783691, 903.015258789, 953.566101074, 2093.3371582, 1231.77111816, 2124.26098633, 1391.52429199, 1611.48999023, 2173.52612305, 1895.34338379, 1373.14550781, 745.300109863, 1348.05004883, 928.961853027, 749.760864258, 940.962158203, 643.320007324, 383.345489502, 419.159637451, 580.906188965, 368.12020874, 413.881103516, 232.326202393, 160.248825073, 125.176124573, 87.9269638062, 49.482635498, 23.1021366119, 24.290019989, 2.1354932785, 0.0471018776298, 0.00247521977872, 0.000311601965223, 0.000162096126587],
        "mean": [0.0753106027842, 0.4651863873, 1.2870169878, 2.74942517281, 4.76775074005, 10.4380455017, 23.0215415955, 26.62433815, 36.897983551, 38.9976196289, 57.9822158813, 51.193901062, 65.5631027222, 55.9767036438, 43.5789108276, 37.079662323, 27.6762733459, 25.7836360931, 41.7388153076, 34.0019187927, 31.3265628815, 41.1036186218, 23.1437664032, 16.8595294952, 16.1519298553, 19.1206474304, 11.2527122498, 4.95700407028, 4.30184698105, 4.35615205765, 3.00861597061, 2.83246183395, 1.45966458321, 0.96158349514, 0.589235186577, 0.0336303524673, 0.000912286690436, 6.78363721818e-05, 2.40941626544e-05, 3.47355453414e-05],
        "median": [0.00474547175691, 0.0605004951358, 0.223165288568, 0.56419801712, 1.59340488911, 3.36698102951, 6.76280164719, 8.70421791077, 14.5454616547, 12.03125, 17.6653251648, 16.6143856049, 14.4363193512, 14.6043109894, 9.44282341003, 10.1701784134, 8.79448318481, 10.2781009674, 15.9224338531, 14.7108230591, 13.9378623962, 13.1098499298, 11.6561937332, 10.236749649, 8.29826545715, 7.13933944702, 4.95023155212, 2.80365085602, 2.17601633072, 2.25589203835, 1.69948112965, 1.64901399612, 0.859942018986, 0.515566945076, 0.285255134106, 0.0153971035033, 0.000448298931587, 3.80318051612e-05, 2.15189611481e-05, 3.34004944307e-05],
        "min": [3.16348293392e-22, 3.47064345902e-21, 1.0177289368e-20, 2.7987494467e-20, 6.0336544283e-20, 2.5440242177e-19, 2.00928555589e-19, 2.24232766686e-19, 4.38253471722e-19, 8.53778760246e-19, 1.14611136806e-18, 1.6037682739e-18, 2.53136437352e-18, 8.29259679324e-19, 1.19786164834e-18, 1.9573651349e-18, 3.30125983352e-18, 3.08179909764e-18, 6.24926432824e-18, 3.67554479184e-18, 4.04105729296e-18, 7.02660813606e-18, 6.65514448402e-18, 1.0011519155e-17, 6.75460261292e-18, 1.57540336148e-17, 1.63663176673e-17, 1.26443672159e-17, 1.83984208453e-17, 2.41307014266e-17, 1.72742774297e-17, 1.53308959899e-17, 1.10970390262e-17, 1.14529930417e-17, 9.41274957931e-18, 5.72097178155e-18, 3.33388238931e-18, 1.36813357211e-18, 2.75532336927e-19, 3.28604800791e-20],
        "var": [0.0218291655183, 0.967168927193, 9.92416954041, 54.2134361267, 105.42540741, 519.846435547, 2408.47314453, 3096.07446289, 4376.71240234, 7961.83056641, 12690.7734375, 11570.5195312, 19999.8398438, 15180.5390625, 18890.7382812, 8411.90039062, 3818.34008789, 2153.27441406, 7257.25488281, 3490.45483398, 2423.33837891, 6783.43701172, 1372.8215332, 547.60748291, 608.888977051, 1296.95690918, 358.860351562, 100.782783508, 68.0167007446, 49.5690841675, 26.0183181763, 21.8794689178, 4.59791612625, 2.06169939041, 1.0541216135, 0.00377829256468, 2.39092878473e-06, 1.00960724225e-08, 2.68772948342e-10, 3.27551097357e-10]
    },
    "gfcc": {
        "mean": [-1.42301034927, 91.2141799927, -150.606430054, 35.3608856201, -86.4211273193, 13.9175395966, -49.998462677, 12.0718545914, -18.4552326202, -3.61789059639, -4.77562761307, -12.33897686, 4.47596788406],
        "cov": [[2091.82543945, -39.266620636, -11.251411438, 104.819618225, -41.2349853516, 10.4675016403, -89.7396621704, 107.433822632, -131.297149658, 29.0947971344, -109.294822693, -51.7922706604, -10.4481258392], [-39.266620636, 621.531555176, 288.904876709, 160.803710938, 207.107681274, 35.6233978271, 133.381439209, 2.74745845795, 80.0464248657, -11.2309627533, 113.644798279, -31.6288452148, 41.8683319092], [-11.251411438, 288.904876709, 1420.62670898, 632.376586914, -53.8061981201, 76.1447372437, -193.924133301, -79.7817153931, -61.2553100586, 48.4158287048, 20.3668289185, 53.9084358215, -44.8962364197], [104.819618225, 160.803710938, 632.376586914, 550.939147949, 82.1497573853, 23.421251297, -51.7320022583, -23.9286689758, 44.9439048767, 15.4264278412, 17.9322032928, 18.4940891266, 1.22312307358], [-41.2349853516, 207.107681274, -53.8061981201, 82.1497573853, 305.773406982, 124.793418884, 160.785369873, 87.9864273071, 63.9046058655, 22.2708740234, 28.0687923431, -15.7226066589, 20.2232666016], [10.4675016403, 35.6233978271, 76.1447372437, 23.421251297, 124.793418884, 295.550628662, 177.924987793, 15.7493200302, -36.1375617981, 45.1522407532, 21.9962100983, 10.8925142288, -10.6582651138], [-89.7396621704, 133.381439209, -193.924133301, -51.7320022583, 160.785369873, 177.924987793, 305.834777832, 69.524597168, 21.4887695312, 34.2716560364, 68.8696975708, -22.8409976959, 23.7931652069], [107.433822632, 2.74745845795, -79.7817153931, -23.9286689758, 87.9864273071, 15.7493200302, 69.524597168, 179.619888306, 90.4220962524, 12.7885284424, -27.2713699341, -1.37723994255, 1.03659951687], [-131.297149658, 80.0464248657, -61.2553100586, 44.9439048767, 63.9046058655, -36.1375617981, 21.4887695312, 90.4220962524, 212.069503784, -0.719646036625, 8.77864074707, 18.209444046, 18.0336151123], [29.0947971344, -11.2309627533, 48.4158287048, 15.4264278412, 22.2708740234, 45.1522407532, 34.2716560364, 12.7885284424, -0.719646036625, 106.563156128, 53.2447357178, 13.4769239426, 3.58226799965], [-109.294822693, 113.644798279, 20.3668289185, 17.9322032928, 28.0687923431, 21.9962100983, 68.8696975708, -27.2713699341, 8.77864074707, 53.2447357178, 151.364700317, 34.4146652222, 30.8484973907], [-51.7922706604, -31.6288452148, 53.9084358215, 18.4940891266, -15.7226066589, 10.8925142288, -22.8409976959, -1.37723994255, 18.209444046, 13.4769239426, 34.4146652222, 99.9949645996, 36.8640136719], [-10.4481258392, 41.8683319092, -44.8962364197, 1.22312307358, 20.2232666016, -10.6582651138, 23.7931652069, 1.03659951687, 18.0336151123, 3.58226799965, 30.8484973907, 36.8640136719, 104.130134583]],
        "icov": [[0.000946730549913, -0.00141155463643, 0.00137386063579, -0.0016124851536, 0.00167837156914, -0.00138393708039, 0.00176881568041, -0.00227775401436, 0.00188066030387, -0.00122254504822, 0.000766527839005, -2.42186324613e-05, -7.7419943409e-05], [-0.00141155463643, 0.00783896166831, -0.00530106853694, 0.00497133424506, -0.00705683929846, 0.00482002273202, -0.00562283350155, 0.00591315608472, -0.0053588100709, 0.00529098836705, -0.00451028253883, 0.00326155591756, -0.00162012374494], [0.00137386063579, -0.00530106853694, 0.0060170693323, -0.00628357473761, 0.00596314156428, -0.00511778285727, 0.00598704395816, -0.00565175758675, 0.00500731077045, -0.00387810938992, 0.0020335749723, -0.00181149842683, 0.00124878750648], [-0.0016124851536, 0.00497133424506, -0.00628357473761, 0.00893605034798, -0.00699952291325, 0.00483045680448, -0.00511663360521, 0.00671686930582, -0.00593717582524, 0.00360085372813, -0.00201567448676, 0.00143693166319, -0.00102595647331], [0.00167837156914, -0.00705683929846, 0.00596314156428, -0.00699952291325, 0.0129766650498, -0.00698324013501, 0.00475759571418, -0.00845486856997, 0.00485408771783, -0.00448695989326, 0.00291371275671, -0.000858416373376, 0.000175567125552], [-0.00138393708039, 0.00482002273202, -0.00511778285727, 0.00483045680448, -0.00698324013501, 0.0122382184491, -0.0104837184772, 0.00705638621002, -0.00289100920781, 0.00100429123268, 0.00113762333058, -0.00267072184943, 0.00166851119138], [0.00176881568041, -0.00562283350155, 0.00598704395816, -0.00511663360521, 0.00475759571418, -0.0104837184772, 0.0157698895782, -0.00930186919868, 0.00514549622312, -0.00251048919745, -0.00272382423282, 0.00312386942096, -0.00153176893946], [-0.00227775401436, 0.00591315608472, -0.00565175758675, 0.00671686930582, -0.00845486856997, 0.00705638621002, -0.00930186919868, 0.0172182414681, -0.00938990432769, 0.00166874902789, 0.00179381272756, -0.000815392995719, 0.000522559566889], [0.00188066030387, -0.0053588100709, 0.00500731077045, -0.00593717582524, 0.00485408771783, -0.00289100920781, 0.00514549622312, -0.00938990432769, 0.0122323315591, -0.00332063506357, 0.0018667235272, -0.00288424850442, 0.000715009227861], [-0.00122254504822, 0.00529098836705, -0.00387810938992, 0.00360085372813, -0.00448695989326, 0.00100429123268, -0.00251048919745, 0.00166874902789, -0.00332063506357, 0.0166699644178, -0.00876697618514, 0.00277627608739, -0.000817219552118], [0.000766527839005, -0.00451028253883, 0.0020335749723, -0.00201567448676, 0.00291371275671, 0.00113762333058, -0.00272382423282, 0.00179381272756, 0.0018667235272, -0.00876697618514, 0.015763072297, -0.00685037113726, 0.000679613556713], [-2.42186324613e-05, 0.00326155591756, -0.00181149842683, 0.00143693166319, -0.000858416373376, -0.00267072184943, 0.00312386942096, -0.000815392995719, -0.00288424850442, 0.00277627608739, -0.00685037113726, 0.0175716187805, -0.00671132747084], [-7.7419943409e-05, -0.00162012374494, 0.00124878750648, -0.00102595647331, 0.000175567125552, 0.00166851119138, -0.00153176893946, 0.000522559566889, 0.000715009227861, -0.000817219552118, 0.000679613556713, -0.00671132747084, 0.0133578553796]]
    },
    "melbands": {
        "dmean": [0.000342238228768, 0.000476790970424, 0.000485677912366, 0.000334859505529, 0.000376750394935, 0.000317769008689, 0.000279772008071, 0.00024757895153, 0.000247615913395, 0.000173995897057, 0.000158799943165, 0.00012692376913, 7.89985715528e-05, 5.44378162886e-05, 4.89475569339e-05, 2.82885284832e-05, 2.84282596112e-05, 3.96721006837e-05, 3.23290223605e-05, 2.17440701817e-05, 2.06693566724e-05, 2.38260072365e-05, 1.41355785672e-05, 1.08245785668e-05, 7.31782211005e-06, 6.13476640865e-06, 6.31098555459e-06, 6.56486599837e-06, 4.41202473667e-06, 2.08028495763e-06, 1.4870756786e-06, 1.38028701713e-06, 1.55610007369e-06, 1.3813124724e-06, 8.46595696657e-07, 8.7989246822e-07, 9.54794813879e-07, 5.60097532798e-07, 3.71681267097e-07, 4.53468487649e-07],
        "dmean2": [0.000512580387294, 0.000698866846506, 0.000832940393593, 0.000550445227418, 0.000577130238526, 0.000488221994601, 0.000434943038272, 0.000390381290345, 0.000391372741433, 0.000262262910837, 0.000239648157731, 0.000192145758774, 0.000117930212582, 8.34195161588e-05, 7.5427669799e-05, 4.38074202975e-05, 4.4933436584e-05, 6.18464109721e-05, 5.1898878155e-05, 3.52700481017e-05, 3.22684209095e-05, 3.72362956114e-05, 2.19302582991e-05, 1.63650784089e-05, 1.15004959298e-05, 9.77988474915e-06, 9.35164462135e-06, 1.00027436929e-05, 6.7639102781e-06, 3.22398727803e-06, 2.35091783907e-06, 2.12709460357e-06, 2.35959328165e-06, 2.15774048229e-06, 1.29798172566e-06, 1.31814238102e-06, 1.43852128076e-06, 8.45832687446e-07, 5.53450718144e-07, 6.45730551696e-07],
        "dvar": [4.62407399482e-07, 1.25471660795e-06, 2.37443714468e-06, 5.63260698527e-07, 7.28275495021e-07, 5.28998782556e-07, 3.3736421301e-07, 4.45008595307e-07, 2.66402025773e-07, 1.81861182114e-07, 1.370738687e-07, 9.35281789793e-08, 6.52189342532e-08, 2.4746324101e-08, 1.82341146626e-08, 4.48155779154e-09, 4.64523175481e-09, 9.33518240487e-09, 5.57284440816e-09, 2.34740338279e-09, 1.70174607739e-09, 2.84476686652e-09, 9.64511137624e-10, 5.24923771117e-10, 2.07288547438e-10, 1.49420448237e-10, 1.90110149845e-10, 2.11278133877e-10, 9.91632470582e-11, 4.01653814375e-11, 2.4505335261e-11, 1.39041625435e-11, 1.04273248022e-11, 8.88072601568e-12, 3.84664435721e-12, 4.47436879214e-12, 3.92144693454e-12, 1.54957156048e-12, 3.41661106958e-13, 6.55366928261e-13],
        "dvar2": [1.02739079466e-06, 2.67579184765e-06, 6.59187526253e-06, 1.44320574691e-06, 1.47909167936e-06, 1.15057184757e-06, 7.60591262861e-07, 1.07780510916e-06, 6.43642977138e-07, 3.75815318421e-07, 3.00459134905e-07, 2.00590491772e-07, 1.3533191634e-07, 5.17633864661e-08, 3.51393545373e-08, 9.88909665267e-09, 1.04554747082e-08, 2.05212753457e-08, 1.33631266053e-08, 5.74435921052e-09, 3.59971141783e-09, 6.68897559564e-09, 2.11317141563e-09, 1.07175912589e-09, 4.55610854599e-10, 3.6529920755e-10, 3.8621633669e-10, 4.53040716053e-10, 2.26607718701e-10, 1.01074586201e-10, 5.84275128279e-11, 3.02474850722e-11, 2.22160657926e-11, 2.08253917583e-11, 8.78296220475e-12, 8.69047628999e-12, 8.28595612262e-12, 3.47958402543e-12, 7.25635101052e-13, 1.15890337691e-12],
        "max": [0.00897721387446, 0.0196399968117, 0.0194747075438, 0.0192142222077, 0.018256014213, 0.0183859914541, 0.0171469897032, 0.0193295329809, 0.0104121183977, 0.0137829482555, 0.00735615985468, 0.00632139621302, 0.00656369747594, 0.00677619269118, 0.0048158201389, 0.00206920737401, 0.00152454536874, 0.00202345196158, 0.0018056925619, 0.00120082194917, 0.00110771984328, 0.0011624499457, 0.000671254645567, 0.000516242522281, 0.000372643000446, 0.000349514593836, 0.000441884913016, 0.000437094218796, 0.000243513117312, 0.000275323865935, 0.00021117941651, 0.000154153094627, 0.000105524472019, 9.52246118686e-05, 7.67373421695e-05, 8.96841011127e-05, 6.07723050052e-05, 5.02385228174e-05, 1.55963407451e-05, 2.29380257224e-05],
        "mean": [0.000641814025585, 0.000663331418764, 0.000514990533702, 0.000525376119185, 0.000746956153307, 0.000623470870778, 0.000546979543287, 0.000435356807429, 0.000481039314764, 0.000315904908348, 0.000331269780872, 0.000235425453866, 0.000145751590026, 0.00010659693362, 8.86360794539e-05, 4.86207973154e-05, 4.71869097964e-05, 6.4952102548e-05, 5.75075973757e-05, 3.72134090867e-05, 3.69481604139e-05, 4.6738270612e-05, 2.54687365668e-05, 1.8457070837e-05, 1.29356103571e-05, 1.09856964627e-05, 1.2552732187e-05, 1.29323443616e-05, 8.38660707814e-06, 3.59070781997e-06, 2.57354486166e-06, 2.37304425355e-06, 2.50410789704e-06, 2.38404777519e-06, 1.68333474448e-06, 1.69884731349e-06, 1.7210356873e-06, 1.08203823856e-06, 7.58483679419e-07, 8.47510307267e-07],
        "median": [5.28326054337e-05, 0.000133457477205, 0.000121615536045, 0.000184047006769, 0.000224005561904, 0.000208842742722, 0.000215804146137, 0.000114689930342, 0.000141651020385, 8.81736923475e-05, 6.28311536275e-05, 5.29939497937e-05, 2.53895523201e-05, 2.39101937041e-05, 2.18690620386e-05, 1.4621504306e-05, 1.59223127412e-05, 2.15218205994e-05, 2.07837147173e-05, 1.38655022965e-05, 1.37604674819e-05, 1.31731267174e-05, 1.00252855191e-05, 8.86690031621e-06, 6.9611978688e-06, 6.00827434027e-06, 4.92871276947e-06, 4.36066056864e-06, 3.26515601046e-06, 1.872920393e-06, 1.38431892083e-06, 1.14375961857e-06, 1.21631319416e-06, 1.21199695968e-06, 9.07891376301e-07, 9.66135985436e-07, 9.70140604295e-07, 6.02064176292e-07, 4.2497032382e-07, 4.19579151867e-07],
        "min": [3.75512384812e-24, 5.80205618068e-24, 4.61738747171e-24, 1.20488500516e-23, 6.51003162742e-24, 5.1411926905e-24, 7.53599611619e-24, 9.43834050001e-24, 7.6229475206e-24, 1.1685510185e-23, 1.19651298215e-23, 2.51539422568e-24, 4.19766219417e-24, 4.09565025178e-24, 7.36461135136e-24, 5.31117604393e-24, 6.37272644256e-24, 1.06120385204e-23, 4.66051055309e-24, 4.82265262912e-24, 4.704790499e-24, 8.37234565904e-24, 6.52562149106e-24, 5.90593180696e-24, 7.44027178964e-24, 5.39109711996e-24, 4.72425761398e-24, 1.13648902919e-23, 1.0739833987e-23, 7.81557315416e-24, 7.27724421725e-24, 8.45100534648e-24, 1.70897927206e-23, 1.18742506786e-23, 8.33395653195e-24, 1.10822004087e-23, 9.13161718057e-24, 6.28742494073e-24, 1.04273125399e-23, 8.17183457187e-24],
        "var": [1.43891497828e-06, 1.97738427232e-06, 1.73102307599e-06, 1.14336194201e-06, 2.25179314839e-06, 1.4757063127e-06, 9.23051970858e-07, 9.34474087444e-07, 8.95629455044e-07, 4.89172464313e-07, 5.39703535196e-07, 2.84062707578e-07, 2.2077990991e-07, 1.07456934018e-07, 6.76345877082e-08, 1.15120135646e-08, 9.24644361078e-09, 1.88489206465e-08, 1.5650424956e-08, 5.09799225057e-09, 4.71241357047e-09, 1.03726831568e-08, 2.43863218508e-09, 1.0344727297e-09, 4.15113887708e-10, 2.75306943909e-10, 6.77541078797e-10, 6.58308796364e-10, 2.24205834454e-10, 5.06559447166e-11, 3.24430586562e-11, 2.43700146868e-11, 1.85991656104e-11, 1.63934889968e-11, 8.28196365654e-12, 1.0450198866e-11, 8.22742828727e-12, 3.13074284379e-12, 1.04848389085e-12, 1.9551484997e-12]
    },
    "mfcc": {
        "mean": [-625.278808594, 103.455085754, -7.73508787155, 10.0886535645, -6.47512960434, -9.70595932007, -10.0931568146, -2.80635523796, -4.07087421417, 3.04790711403, -4.85017681122, -1.09345555305, 0.134212017059],
        "cov": [[1531.19787598, -146.121200562, -247.084747314, -24.9969158173, -27.2134532928, -94.7985305786, 38.1620025635, -22.9573917389, 78.3771591187, 37.0047035217, -55.6630172729, -52.8957214355, -27.0505828857], [-146.121200562, 542.739440918, 24.0181064606, 62.2223968506, 80.0640792847, 49.1957588196, 122.413726807, 58.0490188599, 24.8251724243, 69.8872909546, 36.9392089844, 21.8214130402, 58.5861167908], [-247.084747314, 24.0181064606, 1362.71704102, 479.765563965, 270.879486084, 151.317718506, -44.6202583313, -79.231880188, -126.380691528, -74.0378417969, -63.5734176636, 51.7281799316, 1.92669808865], [-24.9969158173, 62.2223968506, 479.765563965, 471.772399902, 220.149154663, 40.956577301, -32.1321640015, -4.44787216187, 2.39355039597, 15.6663360596, -26.6521167755, 67.0185623169, 28.8150577545], [-27.2134532928, 80.0640792847, 270.879486084, 220.149154663, 247.512954712, 52.2300376892, -23.4979114532, 37.5881080627, 42.4768180847, 12.5151948929, -4.06728124619, 44.0970878601, 24.0924358368], [-94.7985305786, 49.1957588196, 151.317718506, 40.956577301, 52.2300376892, 268.012023926, 163.083953857, 44.3677864075, 2.19611907005, 28.9036407471, 31.5556678772, -6.65205001831, 22.5340003967], [38.1620025635, 122.413726807, -44.6202583313, -32.1321640015, -23.4979114532, 163.083953857, 317.293182373, 42.7748756409, -1.2209444046, 88.1916809082, 27.1971359253, -38.3122215271, 47.3190879822], [-22.9573917389, 58.0490188599, -79.231880188, -4.44787216187, 37.5881080627, 44.3677864075, 42.7748756409, 162.096664429, 93.1967468262, 41.1381721497, 48.4864349365, 23.058008194, 11.9982776642], [78.3771591187, 24.8251724243, -126.380691528, 2.39355039597, 42.4768180847, 2.19611907005, -1.2209444046, 93.1967468262, 164.745773315, 56.7517623901, 31.0207443237, 16.8210506439, -0.337673246861], [37.0047035217, 69.8872909546, -74.0378417969, 15.6663360596, 12.5151948929, 28.9036407471, 88.1916809082, 41.1381721497, 56.7517623901, 141.500411987, 47.9578781128, -2.47842144966, 19.00349617], [-55.6630172729, 36.9392089844, -63.5734176636, -26.6521167755, -4.06728124619, 31.5556678772, 27.1971359253, 48.4864349365, 31.0207443237, 47.9578781128, 120.689033508, 32.8190460205, 12.0680875778], [-52.8957214355, 21.8214130402, 51.7281799316, 67.0185623169, 44.0970878601, -6.65205001831, -38.3122215271, 23.058008194, 16.8210506439, -2.47842144966, 32.8190460205, 120.671173096, 42.27293396], [-27.0505828857, 58.5861167908, 1.92669808865, 28.8150577545, 24.0924358368, 22.5340003967, 47.3190879822, 11.9982776642, -0.337673246861, 19.00349617, 12.0680875778, 42.27293396, 105.207527161]],
