{
"lowlevel": {
    "average_loudness": 0.68736487627,
    "barkbands_crest": {
        "dmean": 2.33273696899,
        "dmean2": 3.83650279045,
        "dvar": 4.80406332016,
        "dvar2": 12.5846004486,
        "max": 26.1180667877,
        "mean": 10.8190202713,
        "median": 10.1801128387,
        "min": 2.42476439476,
        "var": 15.9630203247
    },
    "barkbands_flatness_db": {
        "dmean": 0.0208603907377,
        "dmean2": 0.0323321931064,
        "dvar": 0.00050681293942,
        "dvar2": 0.00110490177758,
        "max": 0.446269780397,
        "mean": 0.187884137034,
        "median": 0.173479482532,
        "min": 0.0436986498535,
        "var": 0.0050849346444
    },
    "barkbands_kurtosis": {
        "dmean": 4.10224342346,
        "dmean2": 6.69392633438,
        "dvar": 96.691986084,
        "dvar2": 270.901123047,
        "max": 409.160644531,
        "mean": 8.64836883545,
        "median": 3.37592387199,
        "min": -1.94303250313,
        "var": 303.700836182
    },
    "barkbands_skewness": {
        "dmean": 0.555500209332,
        "dmean2": 0.870412528515,
        "dvar": 0.400647968054,
        "dvar2": 0.968892455101,
        "max": 15.8701448441,
        "mean": 1.76476740837,
        "median": 1.58965885639,
        "min": -2.45601534843,
        "var": 2.57121014595
    },
    "barkbands_spread": {
        "dmean": 4.45604658127,
        "dmean2": 6.79466295242,
        "dvar": 58.3819694519,
        "dvar2": 113.254371643,
        "max": 132.908325195,
        "mean": 17.9623718262,
        "median": 13.1144962311,
        "min": 0.231174513698,
        "var": 263.262420654
    },
    "dissonance": {
        "dmean": 0.0239403247833,
        "dmean2": 0.0400355644524,
        "dvar": 0.00057681457838,
        "dvar2": 0.00155325804371,
        "max": 0.5,
        "mean": 0.447443246841,
        "median": 0.460027545691,
        "min": 0.152457281947,
        "var": 0.00172553292941
    },
    "dynamic_complexity": 4.65372467041,
    "erbbands_crest": {
        "dmean": 2.95216417313,
        "dmean2": 4.69388771057,
        "dvar": 7.64570522308,
        "dvar2": 18.03515625,
        "max": 31.36577034,
        "mean": 11.6470489502,
        "median": 10.3739023209,
        "min": 2.48491191864,
        "var": 33.3722686768
    },
    "erbbands_flatness_db": {
        "dmean": 0.0186525639147,
        "dmean2": 0.0264247562736,
        "dvar": 0.000343482330209,
        "dvar2": 0.000622559513431,
        "max": 0.390003144741,
        "mean": 0.177097380161,
        "median": 0.176550716162,
        "min": 0.0566095858812,
        "var": 0.00230224151164
    },
    "erbbands_kurtosis": {
        "dmean": 1.48241591454,
        "dmean2": 2.29876923561,
        "dvar": 4.2649230957,
        "dvar2": 9.6982793808,
        "max": 42.3787574768,
        "mean": 2.02753567696,
        "median": 0.941168069839,
        "min": -1.90101611614,
        "var": 13.9906454086
    },
    "erbbands_skewness": {
        "dmean": 0.399360954762,
        "dmean2": 0.607616662979,
        "dvar": 0.155889049172,
        "dvar2": 0.326539158821,
        "max": 5.72526931763,
        "mean": 0.504164099693,
        "median": 0.529269218445,
        "min": -3.72044229507,
        "var": 1.35074186325
    },
    "erbbands_spread": {
        "dmean": 7.71119403839,
        "dmean2": 11.6075210571,
        "dvar": 94.4478302002,
        "dvar2": 199.654541016,
        "max": 156.978164673,
        "mean": 32.3010482788,
        "median": 28.1199607849,
        "min": 1.51570272446,
        "var": 366.3175354
    },
    "hfc": {
        "dmean": 4.8830537796,
        "dmean2": 7.23706960678,
        "dvar": 71.8267974854,
        "dvar2": 160.683959961,
        "max": 125.654815674,
        "mean": 17.5090885162,
        "median": 7.54648590088,
        "min": 1.05308999059e-16,
        "var": 427.244598389
    },
    "melbands_crest": {
        "dmean": 2.89409732819,
        "dmean2": 4.7439365387,
        "dvar": 7.04527807236,
        "dvar2": 18.4350452423,
        "max": 31.9185581207,
        "mean": 14.9226942062,
        "median": 14.4667024612,
        "min": 1.23091375828,
        "var": 25.6361198425
    },
    "melbands_flatness_db": {
        "dmean": 0.0250895023346,
        "dmean2": 0.0382891707122,
        "dvar": 0.00082100846339,
        "dvar2": 0.00170864281245,
        "max": 0.580928385258,
        "mean": 0.253973811865,
        "median": 0.239635199308,
        "min": 0.000860448519234,
        "var": 0.0101890908554
    },
    "melbands_kurtosis": {
        "dmean": 7.45722341537,
        "dmean2": 11.8675670624,
        "dvar": 168.703323364,
        "dvar2": 401.490112305,
        "max": 441.191619873,
        "mean": 16.5303344727,
        "median": 8.5690612793,
        "min": -1.86995697021,
        "var": 530.349365234
    },
    "melbands_skewness": {
        "dmean": 0.691006779671,
        "dmean2": 1.0684325695,
        "dvar": 0.576464831829,
        "dvar2": 1.33379554749,
        "max": 13.941411972,
        "mean": 2.6021027565,
        "median": 2.35619831085,
        "min": -0.975226819515,
        "var": 2.98147511482
    },
    "melbands_spread": {
        "dmean": 5.55562019348,
        "dmean2": 8.60402011871,
        "dvar": 112.29083252,
        "dvar2": 232.428436279,
        "max": 253.111587524,
        "mean": 21.636302948,
        "median": 12.9313697815,
        "min": 0.379312515259,
        "var": 629.425598145
    },
    "pitch_salience": {
        "dmean": 0.0619672909379,
        "dmean2": 0.101734794676,
        "dvar": 0.00350161315873,
        "dvar2": 0.00936752185225,
        "max": 0.997361183167,
        "mean": 0.52711635828,
        "median": 0.523195266724,
        "min": 0.0803072974086,
        "var": 0.0105952396989
    },
    "silence_rate_20dB": {
        "dmean": 0,
        "dmean2": 0,
        "dvar": 0,
        "dvar2": 0,
        "max": 1,
        "mean": 1,
        "median": 1,
        "min": 1,
        "var": 0
    },
    "silence_rate_30dB": {
        "dmean": 0.0093125840649,
        "dmean2": 0.0186274517328,
        "dvar": 0.0092254774645,
        "dvar2": 0.0248986054212,
        "max": 1,
        "mean": 0.992036283016,
        "median": 1,
        "min": 0,
        "var": 0.00790049508214
    },
    "silence_rate_60dB": {
        "dmean": 0.0227913241833,
        "dmean2": 0.0455882363021,
        "dvar": 0.0222712736577,
        "dvar2": 0.0484090037644,
        "max": 1,
        "mean": 0.104998774827,
        "median": 0,
        "min": 0,
        "var": 0.09398124367
    },
    "spectral_centroid": {
        "dmean": 182.402526855,
        "dmean2": 281.362854004,
        "dvar": 89490.921875,
        "dvar2": 176976.84375,
        "max": 11781.7568359,
        "mean": 1126.36108398,
        "median": 858.779846191,
        "min": 123.846794128,
        "var": 1693899.375
    },
    "spectral_complexity": {
        "dmean": 2.32152915001,
        "dmean2": 3.66862750053,
        "dvar": 8.97148799896,
        "dvar2": 19.073884964,
        "max": 51,
        "mean": 13.0126190186,
        "median": 11,
        "min": 0,
        "var": 74.175239563
    },
    "spectral_decrease": {
        "dmean": 1.90881865869e-09,
        "dmean2": 3.08847658559e-09,
        "dvar": 1.46173865371e-17,
        "dvar2": 3.83143607726e-17,
        "max": 2.07125291427e-28,
        "mean": -6.0763771792e-09,
        "median": -4.8674877462e-09,
        "min": -5.76258294416e-08,
        "var": 2.90984834878e-17
    },
    "spectral_energy": {
        "dmean": 0.00752458209172,
        "dmean2": 0.0121311899275,
        "dvar": 0.000217118562432,
        "dvar2": 0.000568326795474,
        "max": 0.219925612211,
        "mean": 0.0245218183845,
        "median": 0.019442576915,
        "min": 1.00436593094e-20,
        "var": 0.00046557339374
    },
    "spectral_energyband_high": {
        "dmean": 0.000238950364292,
        "dmean2": 0.000336424156558,
        "dvar": 5.4871378552e-07,
        "dvar2": 9.0546041065e-07,
        "max": 0.0145625239238,
        "mean": 0.000531698053237,
        "median": 0.000118157084216,
        "min": 7.00349106165e-21,
        "var": 1.90844207282e-06
    },
    "spectral_energyband_low": {
        "dmean": 0.0046184011735,
        "dmean2": 0.00787008553743,
        "dvar": 0.000164808967384,
        "dvar2": 0.000450357445516,
        "max": 0.207663327456,
        "mean": 0.00981872249395,
        "median": 0.00909569393843,
        "min": 1.73713229781e-23,
        "var": 0.000156448819325
    },
    "spectral_energyband_middle_high": {
        "dmean": 0.00156507582869,
        "dmean2": 0.00240626675077,
        "dvar": 8.91563195182e-06,
        "dvar2": 2.15539203055e-05,
        "max": 0.054267231375,
        "mean": 0.00502698589116,
        "median": 0.00133264786564,
        "min": 1.21290395928e-21,
        "var": 5.61806737096e-05
    },
    "spectral_energyband_middle_low": {
        "dmean": 0.00372192380019,
        "dmean2": 0.00580040551722,
        "dvar": 3.64566913049e-05,
        "dvar2": 8.68333154358e-05,
        "max": 0.147736400366,
        "mean": 0.0100156273693,
        "median": 0.00663672108203,
        "min": 1.36453827237e-22,
        "var": 0.000132780332933
    },
    "spectral_entropy": {
        "dmean": 0.183568432927,
        "dmean2": 0.262272894382,
        "dvar": 0.0458168238401,
        "dvar2": 0.0818198993802,
        "max": 9.82698249817,
        "mean": 7.21604394913,
        "median": 7.27952480316,
        "min": 4.75110816956,
        "var": 0.472272157669
    },
    "spectral_flux": {
        "dmean": 0.0223937481642,
        "dmean2": 0.036136560142,
        "dvar": 0.000881531566847,
        "dvar2": 0.00192659697495,
        "max": 0.422242552042,
        "mean": 0.0718880966306,
        "median": 0.0620917156339,
        "min": 6.26477758559e-11,
        "var": 0.0025553512387
    },
    "spectral_kurtosis": {
        "dmean": 2.55752134323,
        "dmean2": 4.13252735138,
        "dvar": 19.0038337708,
        "dvar2": 45.7702445984,
        "max": 110.920928955,
        "mean": 7.2147936821,
        "median": 5.22173595428,
        "min": -1.25065803528,
        "var": 70.5548248291
    },
    "spectral_rms": {
        "dmean": 0.000665824161842,
        "dmean2": 0.00104129686952,
        "dvar": 8.84542146196e-07,
        "dvar2": 2.15364366341e-06,
        "max": 0.014647920616,
        "mean": 0.0044280551374,
        "median": 0.0043552685529,
        "min": 3.13028617784e-12,
        "var": 4.31600983575e-06
    },
    "spectral_rolloff": {
        "dmean": 314.076049805,
        "dmean2": 533.319274902,
        "dvar": 798944.125,
        "dvar2": 1574283.5,
        "max": 19509.0820312,
        "mean": 1378.68139648,
        "median": 581.396484375,
        "min": 86.1328125,
        "var": 6200356
    },
    "spectral_skewness": {
        "dmean": 0.282748401165,
        "dmean2": 0.436513870955,
        "dvar": 0.121001258492,
        "dvar2": 0.260359674692,
        "max": 8.80770492554,
        "mean": 1.99352908134,
        "median": 1.82700955868,
        "min": -0.225151404738,
        "var": 0.813131928444
    },
    "spectral_spread": {
        "dmean": 571277.3125,
        "dmean2": 808059.9375,
        "dvar": 738629189632,
        "dvar2": 1.31376467149e+12,
        "max": 42126380,
        "mean": 4753581.5,
        "median": 3965655,
        "min": 710975,
        "var": 1.90815456461e+13
    },
    "spectral_strongpeak": {
        "dmean": 0.590379953384,
        "dmean2": 0.996422052383,
        "dvar": 1.57541573048,
        "dvar2": 3.94058918953,
        "max": 14.2783660889,
        "mean": 1.1663492918,
        "median": 0.233772873878,
        "min": 0,
        "var": 4.40303707123
    },
    "zerocrossingrate": {
        "dmean": 0.00821839366108,
        "dmean2": 0.0096291936934,
        "dvar": 0.000218297442188,
        "dvar2": 0.000216369648115,
        "max": 0.68994140625,
        "mean": 0.052146486938,
        "median": 0.037109375,
        "min": 0.0029296875,
        "var": 0.00425769155845
    },
    "barkbands": {
        "dmean": [0.000229203360504, 0.00299184792675, 0.00174137332942, 0.00105638126843, 0.00106152228545, 0.000897268299013, 0.000720872485545, 0.000792015984189, 0.000942930171732, 0.000295621575788, 0.000237853135332, 0.000290075869998, 0.000287968432531, 0.000308823626256, 0.000644779996946, 0.000442181975814, 0.0001827597589, 9.98051036731e-05, 0.000101638906926, 3.15622637572e-05, 4.76400491607e-05, 5.89564915572e-05, 7.20783282304e-05, 6.99815573171e-05, 3.99204254791e-05, 8.26495397632e-06, 2.98165625523e-09],
        "dmean2": [0.000375429051928, 0.00516100320965, 0.00299706798978, 0.00179837539326, 0.00174769491423, 0.00140167376958, 0.00113257148769, 0.00116942462046, 0.00138858403079, 0.000474000989925, 0.000376261101337, 0.000458149239421, 0.000454148685094, 0.000487030367367, 0.00102242839057, 0.000709913438186, 0.000293419900117, 0.000161983538419, 0.000162956930581, 5.24068054801e-05, 7.54811117076e-05, 8.87622663868e-05, 0.000103333244624, 0.000102213154605, 5.91018251725e-05, 1.21287575894e-05, 5.4989417464e-09],
        "dvar": [1.40968538176e-07, 7.67616729718e-05, 2.61842178588e-05, 6.297998425e-06, 3.82991584047e-06, 2.88842397822e-06, 2.61901004706e-06, 7.11851862434e-06, 1.47868713611e-05, 6.77297464335e-07, 4.59514154727e-07, 1.30690705191e-06, 8.98160635643e-07, 9.36549270136e-07, 3.45259650203e-06, 1.56319140387e-06, 1.7520522988e-07, 6.00817529062e-08, 7.05750480279e-08, 6.35644958891e-09, 1.87116331318e-08, 3.54254687807e-08, 1.34315499167e-07, 8.07802678082e-08, 2.60145220921e-08, 8.473456381e-10, 3.86076690916e-16],
        "dvar2": [3.46312162947e-07, 0.000214124636841, 7.10200038156e-05, 1.68616898009e-05, 9.91650267679e-06, 6.68393158776e-06, 6.14841519564e-06, 1.43142851812e-05, 3.15716715704e-05, 1.62408684901e-06, 1.01502507732e-06, 2.91943524644e-06, 2.08302367355e-06, 2.11402721106e-06, 7.93978597358e-06, 3.94884773414e-06, 4.41618453806e-07, 1.50024234813e-07, 1.95652518187e-07, 1.65359583804e-08, 4.36046789787e-08, 7.55149187626e-08, 2.58467963477e-07, 1.48695832536e-07, 5.26690229208e-08, 2.04331462861e-09, 1.12614544409e-15],
        "max": [0.0052018542774, 0.156730294228, 0.100656300783, 0.0558145716786, 0.0361720882356, 0.0298303030431, 0.0351193659008, 0.0882430374622, 0.140327692032, 0.0227274820209, 0.021621838212, 0.0322239100933, 0.0326344147325, 0.027790568769, 0.0303718987852, 0.0268053486943, 0.00839510932565, 0.00619888259098, 0.00765628786758, 0.00141751940828, 0.00362024293281, 0.00824984908104, 0.0100298896432, 0.0074549545534, 0.00403417181224, 0.000989524764009, 6.36769414086e-07],
        "mean": [0.000655018724501, 0.00583509728312, 0.00253703142516, 0.00161491369363, 0.00183225329965, 0.00177054700907, 0.00132340344135, 0.0014212669339, 0.00187809567433, 0.000461815594463, 0.000365336629329, 0.000488703371957, 0.000442518154159, 0.000534470833372, 0.00115081458353, 0.000878276594449, 0.00036777445348, 0.000195489061298, 0.000209566394915, 5.35072394996e-05, 8.42521330924e-05, 0.000111051886051, 0.000115135626402, 0.000124491314637, 5.90545714658e-05, 1.19074529721e-05, 2.14166639978e-09],
        "median": [0.000305734924041, 0.00488577783108, 0.00142889795825, 0.000893753254786, 0.000964532606304, 0.000661063997541, 0.000471708539408, 0.000164515135111, 0.000125440390548, 8.06416210253e-05, 8.11790669104e-05, 6.18041303824e-05, 6.61179146846e-05, 6.97923751432e-05, 7.34580098651e-05, 7.75499429437e-05, 7.16823415132e-05, 3.90894056181e-05, 3.65238593076e-05, 1.73781245394e-05, 2.08080764423e-05, 2.76274804492e-05, 1.42992412293e-05, 1.38277555379e-05, 8.37678453536e-06, 1.87873990853e-06, 3.06860231669e-10],
        "min": [2.32856405737e-25, 1.89719075553e-24, 9.40766919359e-25, 3.598717136e-25, 7.56869676729e-24, 9.07064138804e-24, 7.43527120036e-24, 7.74962043818e-24, 1.73211845567e-23, 1.36439977995e-23, 5.8272654142e-24, 1.60359455487e-23, 2.10531466598e-23, 3.04099252531e-23, 4.76965087928e-23, 3.95199371112e-23, 4.66299656935e-23, 7.60547614482e-23, 1.11538179349e-22, 1.56842801924e-22, 2.61914240359e-22, 3.18667468723e-22, 3.47594026241e-22, 5.27474002599e-22, 8.40454983264e-22, 1.33001433652e-21, 1.93031037382e-21],
        "var": [5.73334261844e-07, 6.55417024973e-05, 2.58628315351e-05, 6.98452913639e-06, 6.85862460159e-06, 8.22000129119e-06, 6.97501309332e-06, 2.61297955149e-05, 6.26259134151e-05, 1.70678379163e-06, 1.08933227239e-06, 3.44682553077e-06, 1.73404703219e-06, 2.65112657871e-06, 1.1010369235e-05, 5.08044013259e-06, 6.385533311e-07, 1.86251853052e-07, 2.24336019983e-07, 9.19749165718e-09, 3.12933536861e-08, 7.47210933127e-08, 2.86816259631e-07, 2.19259106871e-07, 5.28812655887e-08, 1.30374733232e-09, 2.26283872477e-16]
    },
    "erbbands": {
        "dmean": [0.0935764163733, 0.676634669304, 1.82170248032, 2.74143767357, 3.38055729866, 4.19141626358, 4.45163297653, 8.16230392456, 9.76411056519, 13.7469053268, 18.296169281, 22.8075790405, 11.1435670853, 8.45900917053, 9.73351097107, 12.2600326538, 12.6857414246, 15.3234949112, 12.9978904724, 37.9874267578, 17.9273891449, 7.63575792313, 4.73314094543, 6.06349229813, 2.78208684921, 1.64608752728, 1.58977365494, 2.00889539719, 2.24544644356, 1.696154356, 2.18046355247, 1.83614683151, 0.987709581852, 0.587202072144, 0.216076523066, 0.0640860274434, 0.00926132872701, 0.000559112464543, 1.68869846675e-05, 9.53509697865e-06],
        "dmean2": [0.157346904278, 1.17909049988, 3.13565468788, 4.68744564056, 5.6056137085, 6.96520996094, 7.03865671158, 12.8133296967, 15.3536653519, 21.4228096008, 26.581155777, 33.2282905579, 17.2843456268, 13.297870636, 15.5276479721, 19.1701812744, 19.6088581085, 24.0223636627, 20.335647583, 60.4696502686, 28.700592041, 12.1232089996, 7.66768217087, 9.71576213837, 4.50738573074, 2.73519778252, 2.55666017532, 3.13103675842, 3.4150788784, 2.5087082386, 3.17607975006, 2.64159941673, 1.45504879951, 0.869600474834, 0.324077248573, 0.093341447413, 0.013660534285, 0.000846188748255, 2.51051169471e-05, 1.50898667926e-05],
        "dvar": [0.0512372553349, 4.46257925034, 28.6882591248, 56.0676345825, 47.1529884338, 68.8847579956, 100.073509216, 270.332733154, 522.15045166, 1365.71044922, 4481.87158203, 9727.75488281, 1511.95825195, 544.965270996, 651.944274902, 2586.12939453, 1616.50231934, 2585.76171875, 1459.64355469, 12223.3974609, 2507.01171875, 271.391662598, 155.628768921, 232.626983643, 48.9601478577, 16.1023654938, 22.4326286316, 32.7457809448, 41.2963409424, 70.1367645264, 137.399108887, 62.0432243347, 18.1317081451, 6.47682523727, 0.698862791061, 0.0491417907178, 0.00121585046872, 6.19955426373e-06, 2.87823431755e-09, 3.04021308128e-10],
        "dvar2": [0.14177300036, 12.4233350754, 77.7891998291, 154.273361206, 120.467384338, 179.726364136, 229.910995483, 622.290771484, 1193.30419922, 3138.51147461, 9278.68164062, 20311.9824219, 3420.65087891, 1244.81982422, 1593.07019043, 5631.73974609, 3691.40722656, 5759.92480469, 3446.2253418, 30534.6132812, 6133.1796875, 676.605895996, 375.999053955, 635.22869873, 128.585449219, 41.8969841003, 54.4319458008, 74.6831741333, 90.5752182007, 142.86289978, 267.842712402, 117.572250366, 35.8700256348, 13.3308286667, 1.47924411297, 0.115679033101, 0.0028480947949, 1.45926996993e-05, 6.45470876748e-09, 7.80556563829e-10],
        "max": [3.90831327438, 36.0249824524, 107.52507782, 172.110198975, 171.694244385, 143.051010132, 267.019348145, 308.637969971, 666.585021973, 1028.15515137, 2488.62353516, 4154.72070312, 1417.80358887, 842.381774902, 434.010559082, 1582.55834961, 1256.5670166, 1514.94433594, 1232.62255859, 2274.6809082, 1464.09106445, 354.027648926, 441.396820068, 505.720123291, 185.523620605, 86.1707839966, 106.052268982, 151.097930908, 183.241546631, 344.751312256, 366.46295166, 187.397018433, 102.834098816, 68.8693466187, 17.7998027802, 7.22100734711, 1.22243070602, 0.0753486901522, 0.00138229003642, 0.000243882532232],
        "mean": [0.239827081561, 1.03919303417, 2.63882637024, 4.51992893219, 5.31124019623, 6.87196779251, 8.45451831818, 15.4519100189, 17.9346389771, 25.84633255, 35.5265045166, 47.786529541, 18.8141269684, 14.2872428894, 16.1156539917, 21.9467086792, 21.830915451, 27.9187507629, 25.3354873657, 88.3585891724, 40.1220092773, 17.5549278259, 10.3515205383, 14.0678901672, 5.68846225739, 2.87237548828, 2.57936811447, 4.01528787613, 4.3001537323, 2.82648468018, 3.51077198982, 3.31266784668, 1.609613657, 0.844428002834, 0.320648372173, 0.0940408185124, 0.0131575129926, 0.000779296329711, 3.52388342435e-05, 3.13110103889e-05],
        "median": [0.254207670689, 0.631017565727, 1.51465845108, 2.98619699478, 2.91299676895, 3.10542178154, 3.46660470963, 5.76631546021, 6.55915355682, 7.33470535278, 3.57277703285, 3.19503116608, 3.19641780853, 2.99437189102, 4.06347846985, 3.04857969284, 3.71502399445, 4.01459598541, 3.78352379799, 4.27376174927, 4.71040630341, 3.86442422867, 2.42773914337, 2.41757273674, 1.41405081749, 0.951130270958, 0.781533241272, 0.913454890251, 1.03340983391, 0.529328107834, 0.404430866241, 0.341595560312, 0.186856985092, 0.104317873716, 0.0508659519255, 0.0170531291515, 0.00140537298284, 4.42508462584e-05, 1.41866094054e-05, 2.3740951292e-05],
        "min": [3.29249116377e-23, 4.9579031942e-22, 2.21838632151e-21, 7.06677118631e-21, 1.08739491194e-20, 1.62317199237e-20, 4.59122689277e-20, 6.45327022835e-20, 1.41258421612e-19, 2.38257588122e-19, 3.22180050199e-19, 4.45653429482e-19, 7.64446614512e-19, 9.85431430673e-19, 8.76386795459e-19, 7.50821864148e-19, 1.41713192588e-18, 1.59309061297e-18, 3.26514595516e-18, 2.89571241114e-18, 3.12746484413e-18, 3.76473843652e-18, 5.70595845343e-18, 6.51340625888e-18, 7.85513870738e-18, 6.99964535682e-18, 8.8175368803e-18, 9.92985740335e-18, 1.13015420618e-17, 1.08207325774e-17, 1.07762401866e-17, 1.14290312737e-17, 9.34738907603e-18, 8.67934395126e-18, 6.33050794005e-18, 3.87886868153e-18, 2.30185939025e-18, 1.01637543021e-18, 2.67469316358e-19, 2.63105747988e-20],
        "var": [0.0654150396585, 3.46543288231, 27.2474880219, 54.5251274109, 66.6226501465, 127.395362854, 257.068084717, 672.514221191, 1302.28076172, 4240.73828125, 17962.6855469, 45308.2226562, 3180.21728516, 1601.02001953, 1369.37194824, 7132.24121094, 3697.88525391, 7139.30712891, 3266.31494141, 59400.90625, 8024.11816406, 1038.09057617, 535.298583984, 864.858154297, 145.796432495, 25.5187511444, 29.0200843811, 71.2764282227, 96.0568695068, 138.727600098, 276.765991211, 157.768722534, 43.7294464111, 12.6295442581, 1.31043756008, 0.0802636742592, 0.00191820843611, 9.61735804594e-06, 5.71438407704e-09, 7.60573104497e-10]
    },
    "gfcc": {
        "mean": [-64.835105896, 117.50340271, -103.983932495, 39.7894897461, -55.5371360779, 21.0932350159, -44.2981681824, 8.83688163757, -14.6794242859, 2.43634486198, -11.1669445038, -2.25231385231, -4.9430308342],
        "cov": [[26346.7910156, -389.497772217, -3487.31225586, 936.195373535, -1153.1875, 851.859558105, -1070.5213623, 723.420532227, -102.08455658, 258.109771729, -450.730682373, 138.133911133, -253.631942749], [-389.497772217, 1602.76367188, 254.749084473, -125.270294189, 198.932571411, -107.868537903, 246.551025391, -131.738922119, 70.2901535034, -93.6832885742, 170.557128906, -112.001312256, 71.6239318848], [-3487.31225586, 254.749084473, 1317.5657959, 56.7926292419, 176.841964722, 24.3274936676, 206.054779053, -100.392242432, -0.934930920601, 29.0816345215, 95.2963180542, 25.8356895447, 23.3197650909], [936.195373535, -125.270294189, 56.7926292419, 393.323394775, 89.1086730957, 58.3260498047, -93.4503479004, 22.9178581238, 42.2458229065, 21.2596435547, 6.87842130661, 31.5146808624, 54.7450942993], [-1153.1875, 198.932571411, 176.841964722, 89.1086730957, 388.641601562, -36.6096343994, 79.7027206421, -2.20090603828, 82.7816085815, 5.47108316422, 48.4965400696, -6.08552646637, 59.6776504517], [851.859558105, -107.868537903, 24.3274936676, 58.3260498047, -36.6096343994, 208.934234619, 68.669960022, 55.100769043, -9.14263057709, 36.4773445129, -1.33114957809, 6.17135620117, -29.6727352142], [-1070.5213623, 246.551025391, 206.054779053, -93.4503479004, 79.7027206421, 68.669960022, 359.108428955, 30.8252849579, 5.82894086838, -3.5364356041, 72.8705062866, -29.067937851, -14.1897153854], [723.420532227, -131.738922119, -100.392242432, 22.9178581238, -2.20090603828, 55.100769043, 30.8252849579, 137.193862915, 21.9608592987, 29.9402217865, -11.3687705994, 13.5704879761, -14.190820694], [-102.08455658, 70.2901535034, -0.934930920601, 42.2458229065, 82.7816085815, -9.14263057709, 5.82894086838, 21.9608592987, 185.171569824, 20.9335403442, 25.1805591583, -5.86859178543, 21.4854984283], [258.109771729, -93.6832885742, 29.0816345215, 21.2596435547, 5.47108316422, 36.4773445129, -3.5364356041, 29.9402217865, 20.9335403442, 113.322616577, 7.26098108292, -0.951037347317, -24.9711017609], [-450.730682373, 170.557128906, 95.2963180542, 6.87842130661, 48.4965400696, -1.33114957809, 72.8705062866, -11.3687705994, 25.1805591583, 7.26098108292, 104.891090393, 3.46352791786, 16.03556633], [138.133911133, -112.001312256, 25.8356895447, 31.5146808624, -6.08552646637, 6.17135620117, -29.067937851, 13.5704879761, -5.86859178543, -0.951037347317, 3.46352791786, 101.778846741, 22.8665714264], [-253.631942749, 71.6239318848, 23.3197650909, 54.7450942993, 59.6776504517, -29.6727352142, -14.1897153854, -14.190820694, 21.4854984283, -24.9711017609, 16.03556633, 22.8665714264, 96.0434570312]],
        "icov": [[0.000245800765697, -0.000528132193722, 0.000547091942281, -0.000675122311804, 0.000496446678881, -0.000831173092593, 0.000549629854504, -0.000816803774796, 0.000187969693798, -0.000493834028021, 0.000676475814544, -0.000641134101897, 0.000559456122573], [-0.000528132193722, 0.00220408919267, -0.00119900156278, 0.00169319147244, -0.00126703153364, 0.00196095439605, -0.00155108910985, 0.00236706831492, -0.000633105111774, 0.00169834448025, -0.00270982203074, 0.00243203458376, -0.00174208008684], [0.000547091942281, -0.00119900156278, 0.00225550378673, -0.00177589920349, 0.000816452782601, -0.00188711169176, 0.000532802310772, -0.000720372598153, 0.000555755279493, -0.00160581280943, 0.00134867650922, -0.00201618508436, 0.00139849085826], [-0.000675122311804, 0.00169319147244, -0.00177589920349, 0.00574340857565, -0.0023114096839, 0.000450109160738, 0.000227394426474, 0.00169389706571, -0.000804714625701, 0.00141444883775, -0.00275361724198, 0.00197027437389, -0.00349053600803], [0.000496446678881, -0.00126703153364, 0.000816452782601, -0.0023114096839, 0.00478016352281, -0.000582219334319, 0.00010744494648, -0.0019373879768, -0.000674315495417, -0.00152424478438, 0.001446651062, -0.000984943471849, -0.000297779508401], [-0.000831173092593, 0.00196095439605, -0.00188711169176, 0.000450109160738, -0.000582219334319, 0.00996222347021, -0.00403388310224, 0.00131809618324, -0.000298706640024, 0.000350168091245, -0.00168414972723, 0.00179334345739, -0.000405231519835], [0.000549629854504, -0.00155108910985, 0.000532802310772, 0.000227394426474, 0.00010744494648, -0.00403388310224, 0.00658884923905, -0.00395768135786, 0.000820200657472, 8.47760238685e-05, -0.00114836043213, -0.000251213263255, 0.00151495507453], [-0.000816803774796, 0.00236706831492, -0.000720372598153, 0.00169389706571, -0.0019373879768, 0.00131809618324, -0.00395768135786, 0.0134820034727, -0.00196493696421, -0.000170474057086, -0.00103498541284, 0.000445301120635, -0.00123248889577], [0.000187969693798, -0.000633105111774, 0.000555755279493, -0.000804714625701, -0.000674315495417, -0.000298706640024, 0.000820200657472, -0.00196493696421, 0.00672439252958, -0.00156406115275, -0.000538664113265, 0.000111104738608, -0.000397621042794], [-0.000493834028021, 0.00169834448025, -0.00160581280943, 0.00141444883775, -0.00152424478438, 0.000350168091245, 8.47760238685e-05, -0.000170474057086, -0.00156406115275, 0.0124353161082, -0.00370874861255, 0.00220633810386, 0.00173260213342], [0.000676475814544, -0.00270982203074, 0.00134867650922, -0.00275361724198, 0.001446651062, -0.00168414972723, -0.00114836043213, -0.00103498541284, -0.000538664113265, -0.00370874861255, 0.0162064693868, -0.00417747907341, 0.000752561143599], [-0.000641134101897, 0.00243203458376, -0.00201618508436, 0.00197027437389, -0.000984943471849, 0.00179334345739, -0.000251213263255, 0.000445301120635, 0.000111104738608, 0.00220633810386, -0.00417747907341, 0.0142899816856, -0.0051015438512], [0.000559456122573, -0.00174208008684, 0.00139849085826, -0.00349053600803, -0.000297779508401, -0.000405231519835, 0.00151495507453, -0.00123248889577, -0.000397621042794, 0.00173260213342, 0.000752561143599, -0.0051015438512, 0.0165685005486]]
    },
    "melbands": {
        "dmean": [0.000824487244245, 0.000904305721633, 0.00048555835383, 0.000249557837378, 0.000161630814546, 0.000183348398423, 0.000146540056448, 0.000152201580931, 0.00016393061378, 0.000135092341225, 5.35828876309e-05, 3.51030430465e-05, 3.39832768077e-05, 3.43272440659e-05, 3.25452965626e-05, 2.68726053037e-05, 3.06704969262e-05, 1.960787813e-05, 4.8320969654e-05, 4.06270155509e-05, 2.36990308622e-05, 1.01041441667e-05, 5.25395716977e-06, 4.99251336805e-06, 5.64314541407e-06, 3.47723653249e-06, 1.16976070785e-06, 1.09736663489e-06, 8.84412145297e-07, 1.34668005103e-06, 1.24315988614e-06, 1.44038540384e-06, 1.06925767795e-06, 1.01608691239e-06, 1.30943760723e-06, 1.43037948419e-06, 1.15287593871e-06, 7.6140162264e-07, 6.05129969244e-07, 4.8627725846e-07],
        "dmean2": [0.00140988640487, 0.00155937846284, 0.000824450398795, 0.000414617970819, 0.000257649313426, 0.000287618546281, 0.000230163263041, 0.000235252140556, 0.000239926666836, 0.000196799970581, 8.37636252982e-05, 5.57488492632e-05, 5.38869717275e-05, 5.33697457286e-05, 5.09519268235e-05, 4.15236427216e-05, 4.85157688672e-05, 3.10541145154e-05, 7.46955629438e-05, 6.46515545668e-05, 3.72162467102e-05, 1.60140662047e-05, 8.68915685714e-06, 8.12178950582e-06, 9.07698267838e-06, 5.63941921428e-06, 1.95971369976e-06, 1.83893644135e-06, 1.44487296438e-06, 2.16217472371e-06, 1.95219422494e-06, 2.23266033572e-06, 1.64962091276e-06, 1.49679874539e-06, 1.94454401026e-06, 2.09465088119e-06, 1.72893999206e-06, 1.15089744668e-06, 9.05036529275e-07, 7.35733522106e-07],
        "dvar": [5.06457945448e-06, 7.22008735465e-06, 1.45278363561e-06, 2.2574705838e-07, 1.00130414182e-07, 1.31086508759e-07, 1.07472303057e-07, 1.68860964322e-07, 3.67560573977e-07, 3.20151116284e-07, 3.65018344439e-08, 9.59652979304e-09, 8.49412451487e-09, 1.8765630827e-08, 1.38480791279e-08, 6.47432019107e-09, 9.98687887943e-09, 4.10278966356e-09, 2.00761256508e-08, 1.37345654849e-08, 4.49463799512e-09, 5.3389120902e-10, 1.74112238516e-10, 1.6273736525e-10, 2.26818952509e-10, 1.07172909436e-10, 9.85074175008e-12, 7.40051336184e-12, 6.94437302801e-12, 1.74404969633e-11, 1.25052893388e-11, 1.5310386639e-11, 2.15439575901e-11, 3.57129915918e-11, 5.99602242857e-11, 5.74301405043e-11, 2.70261122509e-11, 1.23258825022e-11, 6.73270250315e-12, 5.08503959426e-12],
        "dvar2": [1.40778138302e-05, 1.97088356799e-05, 3.95684264731e-06, 5.86499140809e-07, 2.38807643882e-07, 2.99671256698e-07, 2.49143909059e-07, 3.79138441531e-07, 7.87016858794e-07, 6.74053410421e-07, 8.21962942155e-08, 2.21649258947e-08, 1.95420692961e-08, 4.04245277252e-08, 3.16865609307e-08, 1.41324507652e-08, 2.28758221255e-08, 9.90777504484e-09, 4.53450326177e-08, 3.37289272068e-08, 1.03191970524e-08, 1.30322075353e-09, 4.54193543886e-10, 4.0377937105e-10, 6.24998108822e-10, 2.81640155642e-10, 2.65644572311e-11, 1.95656199575e-11, 1.74583229817e-11, 4.13244403974e-11, 2.92715504613e-11, 3.47337367201e-11, 4.8232157851e-11, 7.78647840649e-11, 1.27580390696e-10, 1.19601148429e-10, 5.69168323583e-11, 2.58076251342e-11, 1.46695468273e-11, 1.0989271125e-11],
        "max": [0.0407705642283, 0.0526588633657, 0.0275593902916, 0.00969055015594, 0.00760627957061, 0.0068271313794, 0.00900240894407, 0.0120531925932, 0.0195150692016, 0.022836284712, 0.00692579243332, 0.00372020434588, 0.00200894777663, 0.00480442633852, 0.00472763506696, 0.00162941019516, 0.00263601867482, 0.00213716086, 0.00270320801064, 0.00247027934529, 0.00179526791908, 0.000472528947284, 0.00035969808232, 0.000335985649144, 0.000514815736096, 0.000263109715888, 7.54661014071e-05, 5.36821753485e-05, 6.08148402534e-05, 0.000123955163872, 8.72401287779e-05, 0.000119573960546, 0.000251784833381, 0.000222253540414, 0.000262683664914, 0.000301748252241, 0.000164422512171, 9.46181608015e-05, 7.19114541425e-05, 6.49991197861e-05],
        "mean": [0.00184846099, 0.00137931096833, 0.000834279402625, 0.000423190562287, 0.000308195274556, 0.000356425036443, 0.000273177662166, 0.000279404979665, 0.000321279076161, 0.000271159486147, 8.46094771987e-05, 5.60173866688e-05, 5.38928543392e-05, 5.52843775949e-05, 5.4117084801e-05, 4.42838500021e-05, 5.2566989325e-05, 3.20170984196e-05, 9.53792405198e-05, 9.45255596889e-05, 4.24289391958e-05, 2.076711462e-05, 9.20361890167e-06, 9.58055989031e-06, 1.20950726341e-05, 6.19072307018e-06, 1.96027190213e-06, 1.7510806174e-06, 1.32886316351e-06, 2.05919809559e-06, 2.42975920628e-06, 2.71914245786e-06, 1.685263328e-06, 1.50512425989e-06, 1.90267917333e-06, 2.26486008614e-06, 1.94506424123e-06, 1.16812248052e-06, 8.51383276768e-07, 6.62471506985e-07],
        "median": [0.00175452942494, 0.000918661651667, 0.000562483095564, 0.000226880278205, 0.000138366624014, 0.000129827632918, 0.000101154335425, 6.77569187246e-05, 2.27173004532e-05, 1.83994561667e-05, 1.39815247167e-05, 1.02759322544e-05, 1.31074666569e-05, 7.73302417656e-06, 8.18439002614e-06, 6.68392112857e-06, 6.49272624287e-06, 5.28907912667e-06, 5.10049176228e-06, 5.50699041924e-06, 5.18367869518e-06, 3.93427853851e-06, 2.20109927795e-06, 1.95913094103e-06, 1.83716474567e-06, 1.12451789391e-06, 6.20772652837e-07, 5.2836071518e-07, 4.01812997097e-07, 4.69897969424e-07, 5.14942655627e-07, 6.33206695966e-07, 3.68281007468e-07, 2.27889302096e-07, 2.19231367282e-07, 2.20408395535e-07, 1.83359048833e-07, 1.24744900631e-07, 9.95919933189e-08, 7.78471545004e-08],
        "min": [5.86223542091e-25, 9.65485284178e-25, 2.17409059681e-24, 1.14442733647e-24, 2.06445313048e-24, 1.43907151913e-24, 2.19155223016e-24, 2.36287171675e-24, 2.46769653991e-24, 2.24596055844e-24, 3.3084917084e-24, 3.6337556257e-24, 1.65512760348e-24, 2.4033753855e-24, 1.71898273831e-24, 2.45912655225e-24, 2.60883381383e-24, 4.31432525573e-24, 3.17044676923e-24, 3.34724213378e-24, 2.47865559282e-24, 3.12548938902e-24, 4.14281111771e-24, 3.28481582326e-24, 4.18929159111e-24, 3.96701819815e-24, 4.57964639385e-24, 3.98751201561e-24, 4.47361678287e-24, 4.99292746665e-24, 4.76705055708e-24, 5.45839523821e-24, 5.95344923802e-24, 4.88264786755e-24, 5.14924735477e-24, 4.92390687061e-24, 6.18751097391e-24, 5.72285139035e-24, 5.92109055811e-24, 6.14640224885e-24],
        "var": [4.97399696542e-06, 6.29054466117e-06, 1.53874157149e-06, 3.61149204764e-07, 2.58916713847e-07, 3.55362374194e-07, 2.76698244761e-07, 5.2248992688e-07, 1.45160447573e-06, 1.40218730849e-06, 7.55689271159e-08, 2.80782241902e-08, 1.94749141258e-08, 4.45285586181e-08, 3.46688224795e-08, 1.53115031765e-08, 2.69749538262e-08, 8.26893575834e-09, 7.24287971821e-08, 6.26344629495e-08, 1.03039106136e-08, 1.90409465972e-09, 4.12319012266e-10, 4.58829224614e-10, 7.35081218117e-10, 2.81523110379e-10, 1.27899574612e-11, 1.08871739748e-11, 8.11693507546e-12, 2.45798173482e-11, 2.75157587687e-11, 3.70885509804e-11, 3.40678006638e-11, 5.63853824742e-11, 9.84243936353e-11, 1.06592429328e-10, 5.62158583572e-11, 2.64509508047e-11, 1.25243634908e-11, 8.69787922242e-12]
    },
    "mfcc": {
        "mean": [-698.529785156, 137.230255127, 15.2980918884, 21.988483429, 15.7254571915, 9.71330547333, -6.69158744812, 3.61559915543, 1.20446825027, -0.280891358852, 1.91870546341, 2.35265254974, 0.392040759325],
        "cov": [[13441.1679688, -1276.10192871, -1733.31860352, -229.101516724, -50.5322723389, -139.136383057, -442.979187012, 245.498413086, 177.519073486, 193.607574463, 99.1262054443, 19.2796363831, -129.101043701], [-1276.10192871, 1730.95239258, 254.301971436, 93.2062149048, 16.5429229736, 73.2692337036, 155.735916138, 10.6687269211, -8.36761474609, -33.3904304504, 93.287437439, 53.2534179688, 42.7243995667], [-1733.31860352, 254.301971436, 948.310913086, 109.491973877, 45.37342453, 142.449386597, 130.193893433, -9.15775871277, -19.7700805664, -25.2563056946, -1.33342885971, 53.7485084534, 61.6485099792], [-229.101516724, 93.2062149048, 109.491973877, 287.97265625, 178.149765015, 37.9211769104, 4.6605348587, 1.76625597477, 18.3105068207, 21.3436107635, -53.6591072083, -10.1318693161, 58.1910743713], [-50.5322723389, 16.5429229736, 45.37342453, 178.149765015, 321.326812744, 38.8214454651, -77.7925872803, -13.8339471817, 26.5940055847, 29.2849502563, -54.4200782776, -27.9289531708, 42.6082954407], [-139.136383057, 73.2692337036, 142.449386597, 37.9211769104, 38.8214454651, 147.617202759, 65.4454574585, 18.4424571991, 17.7813014984, 13.4615764618, 41.1474990845, 26.0991592407, -1.27038407326], [-442.979187012, 155.735916138, 130.193893433, 4.6605348587, -77.7925872803, 65.4454574585, 267.305541992, 44.6552963257, 0.00583694176748, 27.0954265594, 42.0443115234, 37.4070701599, 6.05238962173], [245.498413086, 10.6687269211, -9.15775871277, 1.76625597477, -13.8339471817, 18.4424571991, 44.6552963257, 139.937698364, 33.5217018127, 4.19375562668, 22.0852203369, 12.5985183716, -2.24097204208], [177.519073486, -8.36761474609, -19.7700805664, 18.3105068207, 26.5940055847, 17.7813014984, 0.00583694176748, 33.5217018127, 98.4250488281, 37.9237747192, 14.2869224548, 12.1279325485, -1.71915745735], [193.607574463, -33.3904304504, -25.2563056946, 21.3436107635, 29.2849502563, 13.4615764618, 27.0954265594, 4.19375562668, 37.9237747192, 116.317184448, 34.1948814392, 23.273015976, 4.17024278641], [99.1262054443, 93.287437439, -1.33342885971, -53.6591072083, -54.4200782776, 41.1474990845, 42.0443115234, 22.0852203369, 14.2869224548, 34.1948814392, 154.826080322, 53.7365722656, -30.2722568512], [19.2796363831, 53.2534179688, 53.7485084534, -10.1318693161, -27.9289531708, 26.0991592407, 37.4070701599, 12.5985183716, 12.1279325485, 23.273015976, 53.7365722656, 105.170661926, 23.0754375458], [-129.101043701, 42.7243995667, 61.6485099792, 58.1910743713, 42.6082954407, -1.27038407326, 6.05238962173, -2.24097204208, -1.71915745735, 4.17024278641, -30.2722568512, 23.0754375458, 95.6360092163]],
