{
"lowlevel": {
    "average_loudness": 0.937617480755,
    "barkbands_crest": {
        "dmean": 2.51143789291,
        "dmean2": 4.26160144806,
        "dvar": 5.10700702667,
        "dvar2": 13.9638986588,
        "max": 23.1271324158,
        "mean": 8.37438297272,
        "median": 7.65726470947,
        "min": 2.64273738861,
        "var": 11.0883388519
    },
    "barkbands_flatness_db": {
        "dmean": 0.0189188141376,
        "dmean2": 0.0315173305571,
        "dvar": 0.000306257803459,
        "dvar2": 0.000798748922534,
        "max": 0.350043982267,
        "mean": 0.156854912639,
        "median": 0.146955579519,
        "min": 0.0649218186736,
        "var": 0.00176338746678
    },
    "barkbands_kurtosis": {
        "dmean": 1.99343383312,
        "dmean2": 3.30873799324,
        "dvar": 11.1721982956,
        "dvar2": 28.9982643127,
        "max": 63.086769104,
        "mean": 2.76142048836,
        "median": 0.963549733162,
        "min": -1.8910702467,
        "var": 27.1283550262
    },
    "barkbands_skewness": {
        "dmean": 0.456794023514,
        "dmean2": 0.730072200298,
        "dvar": 0.220868706703,
        "dvar2": 0.534694910049,
        "max": 6.49800777435,
        "mean": 1.05455756187,
        "median": 0.879861354828,
        "min": -3.02085542679,
        "var": 1.10332453251
    },
    "barkbands_spread": {
        "dmean": 4.59322881699,
        "dmean2": 7.34828472137,
        "dvar": 36.7809104919,
        "dvar2": 80.090637207,
        "max": 99.0266342163,
        "mean": 19.3683071136,
        "median": 17.8019943237,
        "min": 1.8511813879,
        "var": 143.820724487
    },
    "dissonance": {
        "dmean": 0.0189237222075,
        "dmean2": 0.0319390892982,
        "dvar": 0.00034840326407,
        "dvar2": 0.000921742990613,
        "max": 0.500000119209,
        "mean": 0.46682575345,
        "median": 0.475193202496,
        "min": 0.193505108356,
        "var": 0.000882355612703
    },
    "dynamic_complexity": 2.26691150665,
    "erbbands_crest": {
        "dmean": 2.52656602859,
        "dmean2": 4.21257829666,
        "dvar": 5.43226003647,
        "dvar2": 13.8953208923,
        "max": 28.2810726166,
        "mean": 8.55983734131,
        "median": 7.84468841553,
        "min": 2.22271776199,
        "var": 12.5468988419
    },
    "erbbands_flatness_db": {
        "dmean": 0.0145852807909,
        "dmean2": 0.0224306490272,
        "dvar": 0.000171396124642,
        "dvar2": 0.000378623633878,
        "max": 0.333575874567,
        "mean": 0.194330915809,
        "median": 0.192584186792,
        "min": 0.0931346341968,
        "var": 0.00156698247883
    },
    "erbbands_kurtosis": {
        "dmean": 0.938448429108,
        "dmean2": 1.48305630684,
        "dvar": 1.54614019394,
        "dvar2": 3.39349198341,
        "max": 27.862197876,
        "mean": 0.891862094402,
        "median": 0.394821882248,
        "min": -1.69855010509,
        "var": 4.29754781723
    },
    "erbbands_skewness": {
        "dmean": 0.348745286465,
        "dmean2": 0.549138426781,
        "dvar": 0.114303641021,
        "dvar2": 0.241536989808,
        "max": 3.35046482086,
        "mean": 0.470037668943,
        "median": 0.496332198381,
        "min": -4.39906597137,
        "var": 0.595478832722
    },
    "erbbands_spread": {
        "dmean": 5.96042442322,
        "dmean2": 9.32892513275,
        "dvar": 48.4558525085,
        "dvar2": 110.953430176,
        "max": 109.352104187,
        "mean": 28.8003005981,
        "median": 24.832485199,
        "min": 4.4618139267,
        "var": 220.318511963
    },
    "hfc": {
        "dmean": 6.77772951126,
        "dmean2": 9.85467243195,
        "dvar": 118.489120483,
        "dvar2": 195.559127808,
        "max": 434.78817749,
        "mean": 26.3901290894,
        "median": 23.1653327942,
        "min": 1.17651023489e-16,
        "var": 505.612823486
    },
    "melbands_crest": {
        "dmean": 3.24459409714,
        "dmean2": 5.48943948746,
        "dvar": 7.91180896759,
        "dvar2": 21.9446296692,
        "max": 31.0456695557,
        "mean": 11.4150047302,
        "median": 10.5795021057,
        "min": 1.82393944263,
        "var": 19.4983882904
    },
    "melbands_flatness_db": {
        "dmean": 0.0228179264814,
        "dmean2": 0.0366794615984,
        "dvar": 0.000503229966853,
        "dvar2": 0.00123795622494,
        "max": 0.45907831192,
        "mean": 0.177374184132,
        "median": 0.160056933761,
        "min": 0.00525643210858,
        "var": 0.00432793144137
    },
    "melbands_kurtosis": {
        "dmean": 4.26314210892,
        "dmean2": 7.08079814911,
        "dvar": 61.3545761108,
        "dvar2": 160.551239014,
        "max": 150.335479736,
        "mean": 7.27264118195,
        "median": 3.25635147095,
        "min": -1.87378442287,
        "var": 125.955131531
    },
    "melbands_skewness": {
        "dmean": 0.592877566814,
        "dmean2": 0.955506920815,
        "dvar": 0.391130149364,
        "dvar2": 0.977694272995,
        "max": 10.072675705,
        "mean": 1.75092351437,
        "median": 1.4396314621,
        "min": -0.773708045483,
        "var": 1.81148612499
    },
    "melbands_spread": {
        "dmean": 6.83881187439,
        "dmean2": 10.7174940109,
        "dvar": 113.539146423,
        "dvar2": 199.28666687,
        "max": 246.726257324,
        "mean": 26.5685958862,
        "median": 23.1224746704,
        "min": 1.84918951988,
        "var": 452.160614014
    },
    "pitch_salience": {
        "dmean": 0.0693891271949,
        "dmean2": 0.116685032845,
        "dvar": 0.00374790327623,
        "dvar2": 0.0104721095413,
        "max": 0.954647243023,
        "mean": 0.612014174461,
        "median": 0.617377400398,
        "min": 0.211217224598,
        "var": 0.00958951562643
    },
    "silence_rate_20dB": {
        "dmean": 0,
        "dmean2": 0,
        "dvar": 0,
        "dvar2": 0,
        "max": 1,
        "mean": 1,
        "median": 1,
        "min": 1,
        "var": 0
    },
    "silence_rate_30dB": {
        "dmean": 0.00254836096428,
        "dmean2": 0.00509731238708,
        "dvar": 0.00254150712863,
        "dvar2": 0.0057670623064,
        "max": 1,
        "mean": 0.996757030487,
        "median": 1,
        "min": 0,
        "var": 0.00323320669122
    },
    "silence_rate_60dB": {
        "dmean": 0.00602339860052,
        "dmean2": 0.0120481923223,
        "dvar": 0.00598843861371,
        "dvar2": 0.0153791168705,
        "max": 1,
        "mean": 0.00602270103991,
        "median": 0,
        "min": 0,
        "var": 0.00598775595427
    },
    "spectral_centroid": {
        "dmean": 216.733078003,
        "dmean2": 336.377655029,
        "dvar": 78602.9609375,
        "dvar2": 144055.703125,
        "max": 10874.5351562,
        "mean": 1414.56896973,
        "median": 1465.25927734,
        "min": 222.27166748,
        "var": 421473.09375
    },
    "spectral_complexity": {
        "dmean": 3.8413066864,
        "dmean2": 5.84661722183,
        "dvar": 14.0214710236,
        "dvar2": 28.9294261932,
        "max": 57,
        "mean": 23.2483215332,
        "median": 24,
        "min": 0,
        "var": 93.256149292
    },
    "spectral_decrease": {
        "dmean": 2.21110640908e-09,
        "dmean2": 3.50189410803e-09,
        "dvar": 7.79846360053e-18,
        "dvar2": 1.84263233017e-17,
        "max": 1.92763980907e-29,
        "mean": -6.98534874388e-09,
        "median": -6.49354259252e-09,
        "min": -4.83448978628e-08,
        "var": 1.94280820369e-17
    },
    "spectral_energy": {
        "dmean": 0.00879647582769,
        "dmean2": 0.0138686681166,
        "dvar": 0.000118968870083,
        "dvar2": 0.000278346269624,
        "max": 0.189801678061,
        "mean": 0.0287580210716,
        "median": 0.0272026918828,
        "min": 1.05985432118e-20,
        "var": 0.000311008014251
    },
    "spectral_energyband_high": {
        "dmean": 0.000339653575793,
        "dmean2": 0.000474620173918,
        "dvar": 1.88588103356e-06,
        "dvar2": 2.60923343376e-06,
        "max": 0.0647928863764,
        "mean": 0.000837131403387,
        "median": 0.000411014218116,
        "min": 7.34522570677e-21,
        "var": 5.83895962336e-06
    },
    "spectral_energyband_low": {
        "dmean": 0.00428921403363,
        "dmean2": 0.00730287795886,
        "dvar": 5.81802851229e-05,
        "dvar2": 0.000159279137733,
        "max": 0.147922083735,
        "mean": 0.00675625586882,
        "median": 0.0037261210382,
        "min": 6.45406234062e-23,
        "var": 8.80935185705e-05
    },
    "spectral_energyband_middle_high": {
        "dmean": 0.00309798424132,
        "dmean2": 0.00472427066416,
        "dvar": 1.56331061589e-05,
        "dvar2": 3.52411225322e-05,
        "max": 0.0892611667514,
        "mean": 0.0106142088771,
        "median": 0.00814147759229,
        "min": 1.58356448034e-21,
        "var": 9.25372878555e-05
    },
    "spectral_energyband_middle_low": {
        "dmean": 0.00514530809596,
        "dmean2": 0.0081436522305,
        "dvar": 5.72047138121e-05,
        "dvar2": 0.000127300736494,
        "max": 0.128581047058,
        "mean": 0.011870671995,
        "median": 0.00823504850268,
        "min": 4.12751109735e-22,
        "var": 0.000131828361191
    },
    "spectral_entropy": {
        "dmean": 0.123080797493,
        "dmean2": 0.191138207912,
        "dvar": 0.0182055849582,
        "dvar2": 0.03865628317,
        "max": 9.79503822327,
        "mean": 7.60334777832,
        "median": 7.68062353134,
        "min": 5.86374187469,
        "var": 0.135192379355
    },
    "spectral_flux": {
        "dmean": 0.0226448569447,
        "dmean2": 0.0359067507088,
        "dvar": 0.000533876242116,
        "dvar2": 0.00122034107335,
        "max": 0.377948969603,
        "mean": 0.100924387574,
        "median": 0.0976855754852,
        "min": 1.02949225533e-10,
        "var": 0.0014553925721
    },
    "spectral_kurtosis": {
        "dmean": 1.72048103809,
        "dmean2": 2.99629235268,
        "dvar": 5.16262197495,
        "dvar2": 15.4387016296,
        "max": 55.4160079956,
        "mean": 4.40597677231,
        "median": 3.49754142761,
        "min": -1.20563673973,
        "var": 16.5806903839
    },
    "spectral_rms": {
        "dmean": 0.000796912005171,
        "dmean2": 0.00123895332217,
        "dvar": 6.84901863224e-07,
        "dvar2": 1.51028336859e-06,
        "max": 0.0136078055948,
        "mean": 0.00505463499576,
        "median": 0.00515162199736,
        "min": 3.21559359001e-12,
        "var": 2.50723360296e-06
    },
    "spectral_rolloff": {
        "dmean": 365.355895996,
        "dmean2": 609.305480957,
        "dvar": 492453.75,
        "dvar2": 964492.0625,
        "max": 19293.75,
        "mean": 1527.48535156,
        "median": 1421.19140625,
        "min": 86.1328125,
        "var": 1433527.5
    },
    "spectral_skewness": {
        "dmean": 0.214245215058,
        "dmean2": 0.352769762278,
        "dvar": 0.0484066009521,
        "dvar2": 0.126436322927,
        "max": 5.5435962677,
        "mean": 1.49604511261,
        "median": 1.41369700432,
        "min": -0.290988087654,
        "var": 0.287262171507
    },
    "spectral_spread": {
        "dmean": 320242.6875,
        "dmean2": 482375.84375,
        "dvar": 244254064640,
        "dvar2": 357505236992,
        "max": 41130092,
        "mean": 3755121.25,
        "median": 3606391.25,
        "min": 1161783.75,
        "var": 1.12043281613e+12
    },
    "spectral_strongpeak": {
        "dmean": 0.783108651638,
        "dmean2": 1.33428645134,
        "dvar": 1.21713101864,
        "dvar2": 3.1917514801,
        "max": 24.8421001434,
        "mean": 1.34799945354,
        "median": 0.766250133514,
        "min": 0,
        "var": 2.1054251194
    },
    "zerocrossingrate": {
        "dmean": 0.00749073084444,
        "dmean2": 0.00896509736776,
        "dvar": 0.000161360308994,
        "dvar2": 0.000150889274664,
        "max": 0.72900390625,
        "mean": 0.0594365634024,
        "median": 0.05859375,
        "min": 0.00830078125,
        "var": 0.00109951919876
    },
    "barkbands": {
        "dmean": [0.000140415664646, 0.00258586625569, 0.00182959856465, 0.00168653042056, 0.00209086900577, 0.000813227205072, 0.00096637144452, 0.0008550909115, 0.0012124334462, 0.00124508887529, 0.00115207617637, 0.000933719391469, 0.000638649566099, 0.000607517547905, 0.000473366031656, 0.000317998230457, 0.000285262038233, 0.000240663459408, 0.00019342439191, 0.000110798180685, 9.84454454738e-05, 0.000107430052594, 8.56891056173e-05, 6.13137090113e-05, 1.69743489096e-05, 5.24976435656e-08, 1.19167553603e-09],
        "dmean2": [0.000229946308536, 0.00454217987135, 0.0031378865242, 0.00288550881669, 0.00354058481753, 0.00134808337316, 0.00155741919298, 0.00136430363636, 0.00192819116637, 0.00201095198281, 0.00185262935702, 0.00150720193051, 0.00103581941221, 0.000970828405116, 0.000755993125495, 0.000520633882843, 0.000455128931208, 0.000380000885343, 0.000308453018079, 0.000178326619789, 0.000151721586008, 0.000155909612658, 0.000125048158225, 8.71689917403e-05, 2.58108557318e-05, 9.06428923031e-08, 2.21977258796e-09],
        "dvar": [2.00443466269e-07, 2.98332124657e-05, 1.17675936053e-05, 1.17202580441e-05, 1.42381122714e-05, 3.82239750252e-06, 5.29462522536e-06, 4.95876201967e-06, 7.29921566744e-06, 4.96638585901e-06, 4.49927210866e-06, 2.82816995423e-06, 1.66854454164e-06, 1.26348720642e-06, 9.02860733731e-07, 5.36570667009e-07, 4.30134690532e-07, 1.49784241898e-07, 8.40398683977e-08, 4.5256335568e-08, 1.0734267164e-07, 3.07202157046e-07, 2.00049242949e-07, 9.93589566178e-08, 4.71980676764e-09, 1.16307950684e-13, 2.68298575262e-18],
        "dvar2": [5.11126359015e-07, 8.68016577442e-05, 3.12603660859e-05, 2.93062748824e-05, 3.70833549823e-05, 1.00018451121e-05, 1.21214925457e-05, 1.17980998766e-05, 1.76170069608e-05, 1.22637757158e-05, 1.0911659956e-05, 7.20265370546e-06, 4.17747196479e-06, 3.17036460729e-06, 2.18594823309e-06, 1.41420525779e-06, 1.04742457552e-06, 3.43013340398e-07, 2.05476766268e-07, 1.00342226972e-07, 2.15908926293e-07, 4.47409320259e-07, 3.64628903071e-07, 1.68458598182e-07, 1.0729817923e-08, 3.35046172664e-13, 8.47729102458e-18],
        "max": [0.0160304289311, 0.134012892842, 0.0498814806342, 0.0718688517809, 0.0606482475996, 0.0525408498943, 0.0656961724162, 0.0527125075459, 0.0862913876772, 0.0623418688774, 0.0367400273681, 0.0294218100607, 0.0243493597955, 0.0190201569349, 0.0200516823679, 0.0241504646838, 0.0184991173446, 0.00884563103318, 0.00584672531113, 0.00528605328873, 0.0136311361566, 0.037136271596, 0.0245207417756, 0.0142261711881, 0.00271572032943, 1.66904483194e-05, 1.64125850688e-08],
        "mean": [0.000166168159922, 0.00319308810867, 0.00236055860296, 0.00191425031517, 0.00317875645123, 0.00123715400696, 0.00153463683091, 0.00127578317188, 0.00221792561933, 0.00213994644582, 0.0019239760004, 0.0015647711698, 0.00106555467937, 0.00108970445581, 0.000824412272777, 0.000565922819078, 0.000557544000912, 0.00053873017896, 0.000443517667009, 0.00022955055465, 0.000201182192541, 0.000218275628868, 0.000165606528753, 0.000119541167805, 3.13744203595e-05, 4.97997660887e-08, 9.53864875974e-10],
        "median": [3.78966324206e-05, 0.00144464918412, 0.00101712846663, 0.00071414548438, 0.00159833882935, 0.000477613764815, 0.000565074849874, 0.000410468579503, 0.0007745087496, 0.000804006354883, 0.000647995912004, 0.000606361893006, 0.000379891862394, 0.000403634359827, 0.000354972027708, 0.000216945656575, 0.000220059897401, 0.00029681698652, 0.000251117220614, 0.000124012804008, 0.00010279014532, 8.35198006826e-05, 5.86139431107e-05, 3.91429239244e-05, 1.29668933369e-05, 1.11357865151e-08, 3.83446357999e-10],
        "min": [3.61888678093e-24, 2.42039533563e-23, 3.1470753844e-23, 1.78916745639e-23, 8.51064165319e-23, 1.25412246854e-23, 6.59115121982e-23, 1.09878037351e-22, 9.80899058286e-23, 5.10345263816e-23, 2.50258265127e-23, 9.05798048605e-23, 1.56218718284e-22, 1.1273394102e-22, 1.04676421071e-22, 1.07857568935e-22, 2.59232971562e-22, 2.55641319415e-22, 1.63358881353e-22, 4.22088143139e-22, 3.70896220075e-22, 4.98408024961e-22, 7.86159895969e-22, 6.83448893444e-22, 1.22590539674e-21, 1.56533429609e-21, 2.45259192986e-21],
        "var": [2.94365321452e-07, 3.23185377056e-05, 1.67514481291e-05, 1.55672369146e-05, 2.2165964765e-05, 6.99420297678e-06, 9.40170502872e-06, 8.09133962321e-06, 1.44073119372e-05, 1.04145856312e-05, 1.01053901744e-05, 5.77917489863e-06, 3.23339054376e-06, 3.18716547554e-06, 1.78773882453e-06, 1.25733038203e-06, 1.35496020448e-06, 4.95792107813e-07, 2.64493138502e-07, 1.0638041914e-07, 2.19271456103e-07, 7.43744010379e-07, 4.9561032256e-07, 2.5345565291e-07, 9.15366538123e-09, 8.20037261836e-14, 2.15512954371e-18]
    },
    "erbbands": {
        "dmean": [0.0732714608312, 0.615589737892, 1.85408270359, 3.99998950958, 6.27201795578, 7.85488271713, 7.31227874756, 6.0289683342, 11.1728506088, 15.5686883926, 21.7174377441, 26.1558456421, 31.3260746002, 44.4335327148, 31.1926612854, 37.9875564575, 26.6949710846, 26.0106391907, 26.636844635, 21.0209884644, 15.9153957367, 14.7123746872, 12.3105201721, 10.9661455154, 7.73760938644, 4.90552139282, 4.18577480316, 3.83597826958, 3.90495085716, 3.17033672333, 2.45212340355, 1.85998022556, 0.642784178257, 0.247686386108, 0.0983955264091, 0.00643088202924, 0.000171040723217, 1.39653720908e-05, 6.17965542915e-06, 1.05073258965e-05],
        "dmean2": [0.12689858675, 1.08466184139, 3.17681145668, 6.83025836945, 10.6653299332, 13.3724269867, 12.0609521866, 9.98218727112, 18.0609588623, 24.8830127716, 34.7956504822, 40.7597694397, 50.2822799683, 71.1408004761, 49.2189369202, 61.3546829224, 43.470916748, 41.2153358459, 42.9065628052, 33.3544921875, 25.9516410828, 23.3399505615, 19.1411380768, 17.2573757172, 12.1973590851, 7.82309818268, 6.44429349899, 5.85172939301, 5.85249900818, 4.4354019165, 3.54666948318, 2.66698074341, 0.926453173161, 0.374368786812, 0.150244340301, 0.0100287348032, 0.000260215048911, 2.02324954444e-05, 9.18770911085e-06, 1.63912518474e-05],
        "dvar": [0.0275036003441, 1.66364061832, 11.7996292114, 64.4040527344, 134.649200439, 249.908889771, 287.910705566, 237.880477905, 689.006286621, 1869.24816895, 2637.16748047, 3658.00805664, 3289.54003906, 6856.07910156, 3266.87402344, 5008.40087891, 2722.2590332, 2238.37963867, 3361.11352539, 1692.80651855, 1444.3314209, 1129.85107422, 396.063781738, 262.635192871, 157.84727478, 94.6493453979, 138.23727417, 208.173233032, 338.189605713, 296.08013916, 200.299514771, 108.967544556, 6.85606908798, 0.899882495403, 0.238541573286, 0.000896263052709, 5.96529844188e-07, 3.2121607596e-09, 1.36371650084e-10, 1.68235453346e-10],
        "dvar2": [0.0769884809852, 4.90042543411, 31.8477611542, 160.641143799, 356.799743652, 651.582702637, 714.516052246, 631.113342285, 1602.703125, 4283.61132812, 6465.10253906, 8753.85351562, 8070.03222656, 16391.2148438, 7741.61816406, 12926.9628906, 6862.82128906, 5461.34375, 8608.03320312, 4019.29199219, 3894.69238281, 2724.37280273, 898.671691895, 632.116271973, 360.551696777, 206.594238281, 279.532196045, 421.337097168, 551.878540039, 454.642486572, 380.866638184, 175.727523804, 12.6754350662, 2.05231356621, 0.545462071896, 0.00197523646057, 1.28038004732e-06, 6.25135054833e-09, 2.42251468885e-10, 3.72258751602e-10],
        "max": [4.21147155762, 27.8832359314, 56.9993629456, 165.272262573, 189.605712891, 321.640930176, 397.367767334, 449.918762207, 1042.16430664, 1571.11083984, 1187.11474609, 2469.671875, 1309.34423828, 2898.31298828, 1082.53039551, 1504.6229248, 1151.91149902, 950.746337891, 1846.06347656, 809.858093262, 1586.50427246, 1143.29431152, 428.317169189, 356.864929199, 258.166381836, 237.200195312, 496.007476807, 619.738830566, 1048.98706055, 1175.41064453, 908.451965332, 482.523956299, 95.4724578857, 42.1680526733, 28.5129947662, 1.5348367691, 0.0386663004756, 0.00236126407981, 0.000388919434045, 0.000238311957219],
        "mean": [0.0866184830666, 0.745093643665, 2.50858211517, 5.10568857193, 8.35684108734, 11.0323162079, 10.8344259262, 9.41837978363, 18.2101802826, 24.4552288055, 37.6601905823, 47.4634132385, 56.7829284668, 83.8589401245, 58.7529029846, 68.3085098267, 50.7823371887, 50.6199760437, 49.8223342896, 40.1375274658, 31.1524505615, 31.5429801941, 29.572101593, 26.8055076599, 18.5411281586, 10.6422262192, 8.56674194336, 7.72149896622, 7.96757030487, 6.0727481842, 4.63334560394, 3.49743437767, 1.3461586237, 0.474902153015, 0.166897833347, 0.0104408385232, 0.000316658843076, 3.16097211908e-05, 2.10197540582e-05, 3.60234444088e-05],
        "median": [0.0326890721917, 0.355684697628, 1.1945297718, 2.19663286209, 3.88344860077, 5.28341770172, 4.36247634888, 3.611951828, 6.8686914444, 8.86139011383, 12.9323940277, 17.887172699, 23.7950973511, 36.9159507751, 25.9333190918, 28.0823059082, 21.9897460938, 21.1703987122, 22.9020042419, 18.0812072754, 12.5303907394, 13.3469409943, 16.6937503815, 15.3189182281, 10.7761707306, 5.90312576294, 4.55378055573, 3.79901790619, 3.12324047089, 2.29993152618, 1.54832458496, 1.05529975891, 0.497476786375, 0.198210179806, 0.06414783746, 0.00374885322526, 0.000132641347591, 1.62878641277e-05, 1.84924865607e-05, 3.4242610127e-05],
        "min": [1.10225532473e-21, 4.70060165706e-21, 3.03583265807e-20, 4.66182514246e-20, 2.17686071577e-19, 2.44111726263e-19, 1.75369682788e-19, 1.3261848134e-19, 8.858611154e-19, 1.41498818393e-18, 2.0607531989e-18, 2.4299871856e-18, 2.04550805341e-18, 1.2646736468e-18, 2.1617258955e-18, 3.0465119863e-18, 5.63342463988e-18, 5.49105320798e-18, 7.79883335026e-18, 3.94967658274e-18, 7.36966475151e-18, 1.68366806877e-17, 1.27064785537e-17, 9.24027497697e-18, 1.49242142961e-17, 1.81306823333e-17, 1.67824821596e-17, 1.24865138581e-17, 1.60383273195e-17, 1.74979156345e-17, 2.43495899603e-17, 1.65921346658e-17, 1.14196047235e-17, 1.11456557395e-17, 8.96559228378e-18, 6.74949353187e-18, 2.82245626211e-18, 1.37943627139e-18, 2.55366810966e-19, 3.71443159933e-20],
        "var": [0.0314747653902, 1.66452777386, 15.7138471603, 92.090675354, 187.107025146, 336.178436279, 511.988464355, 436.782470703, 1300.1192627, 2980.41918945, 4916.64599609, 6664.04785156, 7090.84619141, 15946.9296875, 7832.79296875, 10684.8027344, 5865.93994141, 6011.88476562, 6555.00244141, 4423.92480469, 3672.22802734, 4123.19628906, 1579.16577148, 944.966369629, 501.425598145, 230.36920166, 303.827758789, 414.160400391, 790.351745605, 689.562805176, 460.57723999, 287.502716064, 17.6370239258, 1.88475859165, 0.364596128464, 0.00149031355977, 1.09567326945e-06, 7.45836192806e-09, 4.26552487776e-10, 4.95421481617e-10]
    },
    "gfcc": {
        "mean": [-1.83617150784, 117.402656555, -156.232696533, 43.6348991394, -71.9927978516, 26.8463935852, -32.9459686279, 5.60556840897, -15.6705608368, -13.3972997665, -3.00685977936, -15.3741474152, 1.69674432278],
        "cov": [[3180.86401367, -687.024841309, -454.707611084, 306.285095215, -206.988754272, 260.524414062, -20.9423656464, 146.001022339, -121.575134277, -47.410358429, -28.8580570221, -9.77060413361, -109.238609314], [-687.024841309, 1205.13269043, 660.217041016, 41.1922416687, 246.267288208, -216.261077881, 2.96644473076, -166.200469971, 90.8257064819, -28.437587738, 73.0979995728, -66.0458450317, 26.9934272766], [-454.707611084, 660.217041016, 1203.4296875, 403.850280762, 9.79412937164, -107.413314819, -170.75012207, -147.93208313, 22.3884220123, 25.031785965, 15.5385055542, -14.8656663895, -11.8100643158], [306.285095215, 41.1922416687, 403.850280762, 468.476104736, 42.7903251648, 5.64696598053, -95.3517150879, -55.3671150208, 7.60139942169, 7.61339950562, 2.39890170097, 21.0562820435, -8.23431110382], [-206.988754272, 246.267288208, 9.79412937164, 42.7903251648, 241.221069336, 7.10773515701, 26.0267410278, -33.1510467529, 31.6548156738, -3.57412385941, 15.0854434967, -1.86523830891, 24.1791954041], [260.524414062, -216.261077881, -107.413314819, 5.64696598053, 7.10773515701, 200.476867676, 88.1208724976, 31.0154380798, -47.2016639709, 5.49746274948, 0.18941488862, 0.919631421566, -25.6943244934], [-20.9423656464, 2.96644473076, -170.75012207, -95.3517150879, 26.0267410278, 88.1208724976, 201.381515503, 43.747467041, -15.8739595413, -7.09799337387, 28.6279315948, -16.9936408997, -14.6232910156], [146.001022339, -166.200469971, -147.93208313, -55.3671150208, -33.1510467529, 31.0154380798, 43.747467041, 135.204299927, 20.9916381836, 1.45855629444, -8.06545066833, -0.534497618675, -2.27159404755], [-121.575134277, 90.8257064819, 22.3884220123, 7.60139942169, 31.6548156738, -47.2016639709, -15.8739595413, 20.9916381836, 108.952262878, 22.2983436584, 0.862155199051, 3.40495300293, 18.5709857941], [-47.410358429, -28.437587738, 25.031785965, 7.61339950562, -3.57412385941, 5.49746274948, -7.09799337387, 1.45855629444, 22.2983436584, 74.2405395508, 13.3542518616, 9.86369514465, 6.96964693069], [-28.8580570221, 73.0979995728, 15.5385055542, 2.39890170097, 15.0854434967, 0.18941488862, 28.6279315948, -8.06545066833, 0.862155199051, 13.3542518616, 69.4700469971, 11.9408388138, -3.20911478996], [-9.77060413361, -66.0458450317, -14.8656663895, 21.0562820435, -1.86523830891, 0.919631421566, -16.9936408997, -0.534497618675, 3.40495300293, 9.86369514465, 11.9408388138, 62.1189918518, 22.2473659515], [-109.238609314, 26.9934272766, -11.8100643158, -8.23431110382, 24.1791954041, -25.6943244934, -14.6232910156, -2.27159404755, 18.5709857941, 6.96964693069, -3.20911478996, 22.2473659515, 60.7634658813]],
        "icov": [[0.000707182276528, -0.00091511401115, 0.00110296404455, -0.0013262538705, 0.00133586477023, -0.00140095432289, 0.00110771961045, -0.00101433077361, 0.000696336559486, -0.000147250539158, 0.00026292228722, -9.88334140857e-05, 0.000671353598591], [-0.00091511401115, 0.00638336269185, -0.00461472105235, 0.0039197653532, -0.00600101053715, 0.00585703225806, -0.00433275662363, 0.00419455440715, -0.00323909777217, 0.00313811539672, -0.00396175682545, 0.00390708912164, -0.0018776319921], [0.00110296404455, -0.00461472105235, 0.00512230023742, -0.00453524896875, 0.0049751913175, -0.00422175787389, 0.0038899728097, -0.00236962921917, 0.00231771962717, -0.00240065506659, 0.0021460573189, -0.0014893229818, 0.00172214163467], [-0.0013262538705, 0.0039197653532, -0.00453524896875, 0.00693673407659, -0.00506668863818, 0.00316664436832, -0.00203146971762, 0.00306912651286, -0.00260539422743, 0.00191791635007, -0.00203334586695, 0.000280928303255, -0.000719967647456], [0.00133586477023, -0.00600101053715, 0.0049751913175, -0.00506668863818, 0.0113661941141, -0.00679332297295, 0.00352256395854, -0.00225809705444, 0.000991209875792, -0.00158520007972, 0.0023652263917, -0.00192752678413, -0.00057481211843], [-0.00140095432289, 0.00585703225806, -0.00422175787389, 0.00316664436832, -0.00679332297295, 0.0142638301477, -0.00795915257186, 0.00291009200737, 0.000462252326543, 5.95807614445e-05, -0.00105377205182, 0.0012537004659, 0.000753436121158], [0.00110771961045, -0.00433275662363, 0.0038899728097, -0.00203146971762, 0.00352256395854, -0.00795915257186, 0.0121444063261, -0.00478035677224, 0.00227913074195, -0.000567144539673, -0.00202750344761, 0.000530745019205, 0.00144070188981], [-0.00101433077361, 0.00419455440715, -0.00236962921917, 0.00306912651286, -0.00225809705444, 0.00291009200737, -0.00478035677224, 0.0134543525055, -0.00598996970803, 0.00227147922851, -0.00119590479881, 0.00213322602212, -0.00152395758778], [0.000696336559486, -0.00323909777217, 0.00231771962717, -0.00260539422743, 0.000991209875792, 0.000462252326543, 0.00227913074195, -0.00598996970803, 0.0150039698929, -0.00569182122126, 0.00258978968486, -0.00161377585027, -0.000291345146252], [-0.000147250539158, 0.00313811539672, -0.00240065506659, 0.00191791635007, -0.00158520007972, 5.95807614445e-05, -0.000567144539673, 0.00227147922851, -0.00569182122126, 0.0177963860333, -0.00574008608237, 0.00133786408696, -0.00235574669205], [0.00026292228722, -0.00396175682545, 0.0021460573189, -0.00203334586695, 0.0023652263917, -0.00105377205182, -0.00202750344761, -0.00119590479881, 0.00258978968486, -0.00574008608237, 0.0211641415954, -0.00835640355945, 0.00449894461781], [-9.88334140857e-05, 0.00390708912164, -0.0014893229818, 0.000280928303255, -0.00192752678413, 0.0012537004659, 0.000530745019205, 0.00213322602212, -0.00161377585027, 0.00133786408696, -0.00835640355945, 0.0248911604285, -0.00987511593848], [0.000671353598591, -0.0018776319921, 0.00172214163467, -0.000719967647456, -0.00057481211843, 0.000753436121158, 0.00144070188981, -0.00152395758778, -0.000291345146252, -0.00235574669205, 0.00449894461781, -0.00987511593848, 0.0237849727273]]
    },
    "melbands": {
        "dmean": [0.000676900963299, 0.000875655328855, 0.00072061951505, 0.000495728396345, 0.000267244729912, 0.000142650285852, 0.000177732683369, 0.000168150567333, 0.000193072541151, 0.000165935081895, 0.000163692064234, 0.000185520402738, 0.00013048989058, 9.03797263163e-05, 0.000104955310235, 5.00287133036e-05, 5.35777871846e-05, 5.00544665556e-05, 3.53214454663e-05, 2.40822355408e-05, 2.01902166737e-05, 1.72559339262e-05, 1.26538061522e-05, 1.20531876746e-05, 9.67390042206e-06, 7.42737893233e-06, 4.84265956402e-06, 3.26178928844e-06, 2.81589586848e-06, 2.65801918431e-06, 2.33033233599e-06, 2.32628121921e-06, 2.25904614126e-06, 1.70973532931e-06, 1.51346807797e-06, 1.44838350025e-06, 1.09762538614e-06, 5.1427798553e-07, 2.98198585824e-07, 1.91581790432e-07],
        "dmean2": [0.00118496560026, 0.0015012237709, 0.00121884280816, 0.000843945890665, 0.00044066060218, 0.000235953441006, 0.000287249567918, 0.000268563278951, 0.000309135270072, 0.000259164429735, 0.000264288682956, 0.000297497899737, 0.000206973141758, 0.00014512045891, 0.000172533385921, 7.97475149739e-05, 8.53472811286e-05, 8.1016398326e-05, 5.65180198464e-05, 3.90200038964e-05, 3.32600684487e-05, 2.77188064501e-05, 1.97827739612e-05, 1.9102171791e-05, 1.54965437105e-05, 1.20104250527e-05, 7.8590837802e-06, 5.2577547649e-06, 4.42134205514e-06, 4.14183205066e-06, 3.53931159225e-06, 3.49898027707e-06, 3.42294538314e-06, 2.49601748692e-06, 2.22445805775e-06, 2.12255940824e-06, 1.59268574862e-06, 7.56526560508e-07, 4.41414499619e-07, 2.9926061984e-07],
        "dvar": [2.1616262984e-06, 2.59965077021e-06, 1.85621593118e-06, 7.80913751441e-07, 3.42670631426e-07, 1.19828683864e-07, 1.70749714812e-07, 2.03300004387e-07, 1.85936968933e-07, 1.56788800609e-07, 8.94573304322e-08, 1.16741020406e-07, 5.8807476222e-08, 2.86071610844e-08, 4.33836895297e-08, 1.05309823084e-08, 9.67562563403e-09, 1.25955610386e-08, 4.80946171777e-09, 2.57844079421e-09, 2.84965184782e-09, 1.7266950092e-09, 5.95737625897e-10, 3.90260712635e-10, 2.12615328121e-10, 1.38515907078e-10, 7.18403114774e-11, 4.98689839423e-11, 5.14401056473e-11, 9.63825685929e-11, 7.81060008337e-11, 9.22549883708e-11, 2.03584413216e-10, 7.84824566447e-11, 7.63795832137e-11, 7.21070772536e-11, 3.60537606714e-11, 4.60109381151e-12, 8.856080474e-13, 7.0017212514e-13],
        "dvar2": [6.22778225079e-06, 7.16137401469e-06, 4.66638084617e-06, 2.06594222618e-06, 8.44989074267e-07, 3.16465417427e-07, 3.95156689592e-07, 4.62354392994e-07, 4.55141446309e-07, 3.80741141726e-07, 2.20287162733e-07, 2.80326304392e-07, 1.40371270163e-07, 7.21850881291e-08, 1.15038645276e-07, 2.55747156785e-08, 2.3514729719e-08, 3.25640208132e-08, 1.15630713893e-08, 6.03218142103e-09, 7.91534571221e-09, 4.26254143093e-09, 1.29913724223e-09, 9.2661567308e-10, 5.26635735021e-10, 3.30838773044e-10, 1.68592251271e-10, 1.12763146043e-10, 1.06468903138e-10, 2.22070584144e-10, 1.55540746949e-10, 1.51922502356e-10, 3.82385900721e-10, 1.47768491887e-10, 1.60396779192e-10, 1.28287797052e-10, 6.48623099675e-11, 9.01610730519e-12, 1.68122980815e-12, 1.76031118935e-12],
        "max": [0.0381760299206, 0.0313799679279, 0.0235623139888, 0.0145293399692, 0.0120438998565, 0.00982669368386, 0.0153864789754, 0.0161700882018, 0.0102271642536, 0.0161793846637, 0.00652958499268, 0.0121235400438, 0.00427836319432, 0.00317176547833, 0.00465092482045, 0.00305450987071, 0.00166770466603, 0.00358867458999, 0.0014205329353, 0.0014761876082, 0.00241310242563, 0.00146344641689, 0.00096320087323, 0.000486729462864, 0.000296096579405, 0.000224449235247, 0.000184130432899, 0.000183252632269, 0.000252516911132, 0.000419098534621, 0.000473605527077, 0.000558340572752, 0.000831472978462, 0.000548503303435, 0.000520198314916, 0.000504105468281, 0.000265751208644, 7.96306558186e-05, 3.31330375047e-05, 3.54193107341e-05],
        "mean": [0.000836631574202, 0.00122154352721, 0.000971107627265, 0.000720157928299, 0.000404586549848, 0.000223021881538, 0.000292097363854, 0.000262018496869, 0.000340490107192, 0.000293026852887, 0.000285399175482, 0.00034108152613, 0.000228829492698, 0.00015410137712, 0.000182619434781, 8.66655536811e-05, 9.63876300375e-05, 8.51675868034e-05, 6.20198479737e-05, 4.27907216363e-05, 3.5329205275e-05, 3.33807874995e-05, 2.72413071798e-05, 2.61329787463e-05, 2.14306255657e-05, 1.59447317856e-05, 1.00056404335e-05, 6.21221488473e-06, 5.27959082319e-06, 4.87088891532e-06, 4.32808383266e-06, 4.55462668469e-06, 4.12839062847e-06, 3.06738161271e-06, 2.64033542408e-06, 2.59022954197e-06, 1.94017093236e-06, 1.01070804703e-06, 5.83093196838e-07, 3.29790509568e-07],
        "median": [0.000361485173926, 0.000624034437351, 0.000450334511697, 0.000362269493053, 0.000173362495843, 8.60497166286e-05, 0.000109196684207, 9.012571536e-05, 0.000107109211967, 0.000105651371996, 0.000106425621198, 0.000140581163578, 8.4376821178e-05, 6.14349773969e-05, 6.06345311098e-05, 3.13648197334e-05, 3.56985910912e-05, 3.27896595991e-05, 2.61317909462e-05, 1.69455943251e-05, 1.27969633468e-05, 1.28562869577e-05, 1.29081508931e-05, 1.42684357343e-05, 1.14328340715e-05, 8.51496770338e-06, 5.25087762071e-06, 3.13157420351e-06, 2.70027680926e-06, 2.37430822381e-06, 1.99781379706e-06, 1.7755621684e-06, 1.44509454003e-06, 1.15337979878e-06, 8.48440720347e-07, 7.59191266297e-07, 5.60697799301e-07, 3.47000195688e-07, 2.36017598354e-07, 1.29260428139e-07],
        "min": [8.37486212533e-24, 1.19453530786e-23, 1.27523483183e-23, 1.88647139801e-23, 6.94052761732e-24, 3.65304643028e-24, 1.29597311728e-23, 1.93210510811e-23, 1.47528364651e-23, 1.5808810406e-23, 1.01552935783e-23, 5.05404249313e-24, 5.30975727759e-24, 9.96817261612e-24, 8.72013076632e-24, 1.55901223858e-23, 9.1763716263e-24, 1.38339413059e-23, 7.81335172185e-24, 5.54608777745e-24, 8.99378109232e-24, 1.5758419549e-23, 1.94420386781e-23, 7.21974809017e-24, 7.32373257925e-24, 7.63765267674e-24, 1.60821743754e-23, 1.05705862464e-23, 1.08931112386e-23, 7.45785865466e-24, 7.41251177439e-24, 8.02300491805e-24, 1.17430938756e-23, 8.88128637179e-24, 1.23994387706e-23, 1.53374660151e-23, 8.59611552114e-24, 6.63017001569e-24, 1.02238866117e-23, 9.20798917138e-24],
        "var": [2.44221973844e-06, 3.34543756253e-06, 2.66826737061e-06, 1.14384124572e-06, 6.02335148869e-07, 2.23393598731e-07, 3.24081781855e-07, 3.35541585628e-07, 3.93729578718e-07, 2.72132837154e-07, 1.91375562508e-07, 2.67148863031e-07, 1.35508855692e-07, 6.16223161387e-08, 9.85668364706e-08, 2.23031690894e-08, 2.44975346675e-08, 2.34995773951e-08, 1.0393108596e-08, 6.6863306003e-09, 5.8365312583e-09, 5.4845941122e-09, 2.15192130781e-09, 1.20307297458e-09, 6.65161259406e-10, 3.98885202646e-10, 1.74934899899e-10, 1.06306213832e-10, 1.12373603478e-10, 1.48104833952e-10, 1.54927667917e-10, 2.1664312011e-10, 4.00657618194e-10, 1.57410931512e-10, 1.4940311488e-10, 1.79170275838e-10, 8.64182267413e-11, 1.06814513831e-11, 2.28193180497e-12, 1.16041486316e-12]
    },
    "mfcc": {
        "mean": [-620.465087891, 121.968536377, -15.0267801285, 12.6548118591, -4.35433149338, 7.84384393692, 1.13266468048, 10.4175262451, -1.93505644798, 2.64051651955, -0.748427510262, -2.27916502953, -4.38384628296],
        "cov": [[3200.68481445, -1137.05078125, -416.128173828, -131.816390991, -125.27141571, 12.9657869339, 136.714141846, 192.934936523, -50.9599151611, 74.6662902832, 43.7606086731, -40.5848236084, -89.4130325317], [-1137.05078125, 1271.2520752, 309.149505615, 192.737701416, 153.132263184, 10.0966033936, -36.2439422607, -103.318954468, -4.1049952507, -28.637638092, 6.39068746567, 23.7630329132, 50.5220146179], [-416.128173828, 309.149505615, 1077.88208008, 409.98336792, 194.691207886, 70.4543838501, -86.0129928589, -103.408439636, -73.1006774902, -36.3604354858, -59.8950767517, 54.1093940735, 36.9945335388], [-131.816390991, 192.737701416, 409.98336792, 417.219055176, 198.892303467, 58.3594360352, -75.7666549683, -54.2336349487, -24.104467392, -26.076789856, -49.9527015686, 34.8002090454, 60.5321083069], [-125.27141571, 153.132263184, 194.691207886, 198.892303467, 249.927307129, 52.4222373962, -65.4725570679, -39.9881057739, -1.88203954697, -12.3669633865, -42.9712371826, 10.075876236, 44.7184066772], [12.9657869339, 10.0966033936, 70.4543838501, 58.3594360352, 52.4222373962, 182.329299927, 61.343875885, 3.67431426048, -20.7335605621, 0.1555159688, 8.36960124969, -10.0743541718, -2.87747120857], [136.714141846, -36.2439422607, -86.0129928589, -75.7666549683, -65.4725570679, 61.343875885, 197.276031494, 66.6046600342, -15.659070015, 22.9434299469, 41.9675941467, -17.3279914856, -46.3983345032], [192.934936523, -103.318954468, -103.408439636, -54.2336349487, -39.9881057739, 3.67431426048, 66.6046600342, 119.603881836, 15.697968483, 21.6082859039, 24.7955513, -13.2533969879, -19.9008159637], [-50.9599151611, -4.1049952507, -73.1006774902, -24.104467392, -1.88203954697, -20.7335605621, -15.659070015, 15.697968483, 94.1167907715, 25.5039196014, 1.80498492718, 2.85626506805, 6.64006519318], [74.6662902832, -28.637638092, -36.3604354858, -26.076789856, -12.3669633865, 0.1555159688, 22.9434299469, 21.6082859039, 25.5039196014, 74.9045028687, 25.8700942993, -2.56669187546, -10.7374763489], [43.7606086731, 6.39068746567, -59.8950767517, -49.9527015686, -42.9712371826, 8.36960124969, 41.9675941467, 24.7955513, 1.80498492718, 25.8700942993, 77.7213592529, 9.65919303894, -18.5400619507], [-40.5848236084, 23.7630329132, 54.1093940735, 34.8002090454, 10.075876236, -10.0743541718, -17.3279914856, -13.2533969879, 2.85626506805, -2.56669187546, 9.65919303894, 66.8669204712, 28.6203289032], [-89.4130325317, 50.5220146179, 36.9945335388, 60.5321083069, 44.7184066772, -2.87747120857, -46.3983345032, -19.9008159637, 6.64006519318, -10.7374763489, -18.5400619507, 28.6203289032, 83.9661560059]],
