{
"lowlevel": {
    "average_loudness": 0.930310487747,
    "barkbands_crest": {
        "dmean": 2.58304643631,
        "dmean2": 4.28410148621,
        "dvar": 5.17658424377,
        "dvar2": 13.5763235092,
        "max": 25.2382717133,
        "mean": 9.27098178864,
        "median": 8.48268222809,
        "min": 1.96487975121,
        "var": 14.5384912491
    },
    "barkbands_flatness_db": {
        "dmean": 0.0217884983867,
        "dmean2": 0.0339013300836,
        "dvar": 0.000436215981608,
        "dvar2": 0.00101013178937,
        "max": 0.40127286315,
        "mean": 0.157421767712,
        "median": 0.149447619915,
        "min": 0.0582248009741,
        "var": 0.0025479674805
    },
    "barkbands_kurtosis": {
        "dmean": 2.43602967262,
        "dmean2": 3.87803125381,
        "dvar": 19.0100593567,
        "dvar2": 47.1132736206,
        "max": 93.5744171143,
        "mean": 3.34216284752,
        "median": 1.06106185913,
        "min": -1.93032670021,
        "var": 43.5662536621
    },
    "barkbands_skewness": {
        "dmean": 0.516978740692,
        "dmean2": 0.793554186821,
        "dvar": 0.303302288055,
        "dvar2": 0.691775739193,
        "max": 9.26352119446,
        "mean": 1.28448963165,
        "median": 1.09883034229,
        "min": -3.30845379829,
        "var": 1.32077538967
    },
    "barkbands_spread": {
        "dmean": 6.56890010834,
        "dmean2": 9.95161342621,
        "dvar": 72.0527572632,
        "dvar2": 149.243270874,
        "max": 104.686897278,
        "mean": 23.2814235687,
        "median": 20.009059906,
        "min": 1.19429183006,
        "var": 246.936645508
    },
    "dissonance": {
        "dmean": 0.0175099633634,
        "dmean2": 0.0292810499668,
        "dvar": 0.000335068179993,
        "dvar2": 0.00086137308972,
        "max": 0.500000119209,
        "mean": 0.467916667461,
        "median": 0.476031333208,
        "min": 0.000380412995582,
        "var": 0.000878938823007
    },
    "dynamic_complexity": 2.59074378014,
    "erbbands_crest": {
        "dmean": 2.63188576698,
        "dmean2": 4.19713354111,
        "dvar": 6.04841470718,
        "dvar2": 14.3253393173,
        "max": 30.3766326904,
        "mean": 9.26210021973,
        "median": 8.13708591461,
        "min": 2.0547375679,
        "var": 23.8026504517
    },
    "erbbands_flatness_db": {
        "dmean": 0.0166329145432,
        "dmean2": 0.0237496439368,
        "dvar": 0.000252429861575,
        "dvar2": 0.000454755820101,
        "max": 0.381644129753,
        "mean": 0.182078748941,
        "median": 0.17195636034,
        "min": 0.0369918607175,
        "var": 0.00367430085316
    },
    "erbbands_kurtosis": {
        "dmean": 0.986593365669,
        "dmean2": 1.50758469105,
        "dvar": 2.09072637558,
        "dvar2": 4.33533477783,
        "max": 36.6386032104,
        "mean": 0.825368285179,
        "median": -0.0599958896637,
        "min": -1.71156847477,
        "var": 7.35376834869
    },
    "erbbands_skewness": {
        "dmean": 0.370360851288,
        "dmean2": 0.559939146042,
        "dvar": 0.129402473569,
        "dvar2": 0.275006830692,
        "max": 4.54883480072,
        "mean": 0.418517380953,
        "median": 0.402889847755,
        "min": -3.91179943085,
        "var": 0.754731237888
    },
    "erbbands_spread": {
        "dmean": 8.22414112091,
        "dmean2": 12.1985778809,
        "dvar": 91.4971008301,
        "dvar2": 194.937301636,
        "max": 133.489868164,
        "mean": 37.3511619568,
        "median": 32.5703315735,
        "min": 2.88573789597,
        "var": 484.727600098
    },
    "hfc": {
        "dmean": 8.49264431,
        "dmean2": 12.2950525284,
        "dvar": 191.936401367,
        "dvar2": 404.989593506,
        "max": 228.424194336,
        "mean": 24.1899871826,
        "median": 18.630859375,
        "min": 1.10092710273e-16,
        "var": 491.109405518
    },
    "melbands_crest": {
        "dmean": 3.31048083305,
        "dmean2": 5.52115488052,
        "dvar": 7.90018749237,
        "dvar2": 20.7333240509,
        "max": 32.7920684814,
        "mean": 12.7954397202,
        "median": 11.9927759171,
        "min": 1.90632688999,
        "var": 22.7810916901
    },
    "melbands_flatness_db": {
        "dmean": 0.0272535197437,
        "dmean2": 0.0412296429276,
        "dvar": 0.000791702535935,
        "dvar2": 0.00175634876359,
        "max": 0.503447949886,
        "mean": 0.175666198134,
        "median": 0.165245786309,
        "min": 0.00592089630663,
        "var": 0.003894506488
    },
    "melbands_kurtosis": {
        "dmean": 6.02438116074,
        "dmean2": 9.58541870117,
        "dvar": 123.061004639,
        "dvar2": 311.848815918,
        "max": 289.499206543,
        "mean": 11.2418231964,
        "median": 5.38306331635,
        "min": -1.85964000225,
        "var": 278.897033691
    },
    "melbands_skewness": {
        "dmean": 0.683084368706,
        "dmean2": 1.04933106899,
        "dvar": 0.531675040722,
        "dvar2": 1.23077714443,
        "max": 14.6212368011,
        "mean": 2.26996850967,
        "median": 1.92597818375,
        "min": -1.41347432137,
        "var": 2.70782542229
    },
    "melbands_spread": {
        "dmean": 8.30962944031,
        "dmean2": 12.952293396,
        "dvar": 165.87713623,
        "dvar2": 356.430847168,
        "max": 228.219360352,
        "mean": 26.6351127625,
        "median": 21.9012145996,
        "min": 1.39273142815,
        "var": 480.003509521
    },
    "pitch_salience": {
        "dmean": 0.0698168873787,
        "dmean2": 0.113994553685,
        "dvar": 0.0035840482451,
        "dvar2": 0.00941510871053,
        "max": 0.967508137226,
        "mean": 0.60513061285,
        "median": 0.616026639938,
        "min": 0.102543734014,
        "var": 0.0117969186977
    },
    "silence_rate_20dB": {
        "dmean": 0,
        "dmean2": 0,
        "dvar": 0,
        "dvar2": 0,
        "max": 1,
        "mean": 1,
        "median": 1,
        "min": 1,
        "var": 0
    },
    "silence_rate_30dB": {
        "dmean": 0.00135348527692,
        "dmean2": 0.00270727579482,
        "dvar": 0.0013517230982,
        "dvar2": 0.00360264955088,
        "max": 1,
        "mean": 0.999097764492,
        "median": 1,
        "min": 0,
        "var": 0.000901509076357
    },
    "silence_rate_60dB": {
        "dmean": 0.0121813667938,
        "dmean2": 0.0243654828519,
        "dvar": 0.0120321493596,
        "dvar2": 0.0262546017766,
        "max": 1,
        "mean": 0.0434194207191,
        "median": 0,
        "min": 0,
        "var": 0.0415386334062
    },
    "spectral_centroid": {
        "dmean": 288.042816162,
        "dmean2": 439.643341064,
        "dvar": 125087.53125,
        "dvar2": 260570.28125,
        "max": 11288.2216797,
        "mean": 1488.98779297,
        "median": 1483.65600586,
        "min": 215.418304443,
        "var": 462046.8125
    },
    "spectral_complexity": {
        "dmean": 4.58763837814,
        "dmean2": 6.9953751564,
        "dvar": 30.6719245911,
        "dvar2": 61.2881469727,
        "max": 66,
        "mean": 20.206609726,
        "median": 19,
        "min": 0,
        "var": 106.043663025
    },
    "spectral_decrease": {
        "dmean": 1.82751147548e-09,
        "dmean2": 2.92061486107e-09,
        "dvar": 6.36652255674e-18,
        "dvar2": 1.55614957467e-17,
        "max": 1.52429585854e-21,
        "mean": -5.88528870082e-09,
        "median": -5.16400922024e-09,
        "min": -5.47988143751e-08,
        "var": 1.62585360335e-17
    },
    "spectral_energy": {
        "dmean": 0.00743127567694,
        "dmean2": 0.0117640830576,
        "dvar": 0.000102566671558,
        "dvar2": 0.000248209136771,
        "max": 0.222224518657,
        "mean": 0.0244065765291,
        "median": 0.0214823093265,
        "min": 1.04369029113e-20,
        "var": 0.000267747644102
    },
    "spectral_energyband_high": {
        "dmean": 0.000747980899177,
        "dmean2": 0.00107416335959,
        "dvar": 2.88303817797e-06,
        "dvar2": 5.90683021073e-06,
        "max": 0.0336698740721,
        "mean": 0.00113878259435,
        "median": 0.000364359322703,
        "min": 7.71106975869e-21,
        "var": 5.77476566832e-06
    },
    "spectral_energyband_low": {
        "dmean": 0.00352545594797,
        "dmean2": 0.00591472908854,
        "dvar": 4.37451490143e-05,
        "dvar2": 0.00011669696687,
        "max": 0.12326515466,
        "mean": 0.006218386814,
        "median": 0.00340965553187,
        "min": 8.71537945709e-24,
        "var": 7.88665129221e-05
    },
    "spectral_energyband_middle_high": {
        "dmean": 0.00237413845025,
        "dmean2": 0.00352978892624,
        "dvar": 1.11749222924e-05,
        "dvar2": 2.24663453992e-05,
        "max": 0.0689333304763,
        "mean": 0.00781765114516,
        "median": 0.00426208460703,
        "min": 1.2799212399e-21,
        "var": 7.08671359462e-05
    },
    "spectral_energyband_middle_low": {
        "dmean": 0.0041655167006,
        "dmean2": 0.00659141037613,
        "dvar": 4.11927212554e-05,
        "dvar2": 9.91381748463e-05,
        "max": 0.136441096663,
        "mean": 0.0100885182619,
        "median": 0.00718955975026,
        "min": 2.28806770531e-22,
        "var": 9.07178473426e-05
    },
    "spectral_entropy": {
        "dmean": 0.166724130511,
        "dmean2": 0.237087145448,
        "dvar": 0.033778399229,
        "dvar2": 0.064782962203,
        "max": 9.80842113495,
        "mean": 7.65530538559,
        "median": 7.67076349258,
        "min": 5.37429475784,
        "var": 0.19540938735
    },
    "spectral_flux": {
        "dmean": 0.0218906532973,
        "dmean2": 0.034725561738,
        "dvar": 0.000643813691568,
        "dvar2": 0.00141543289647,
        "max": 0.413993537426,
        "mean": 0.0858052968979,
        "median": 0.0797425433993,
        "min": 6.84033038545e-11,
        "var": 0.00165052036755
    },
    "spectral_kurtosis": {
        "dmean": 1.66272592545,
        "dmean2": 2.77395915985,
        "dvar": 3.93963193893,
        "dvar2": 11.1169052124,
        "max": 61.2074890137,
        "mean": 3.81322336197,
        "median": 3.1821641922,
        "min": -1.22000920773,
        "var": 10.8435869217
    },
    "spectral_rms": {
        "dmean": 0.000714315276127,
        "dmean2": 0.00111141579691,
        "dvar": 6.27656106644e-07,
        "dvar2": 1.40808435845e-06,
        "max": 0.0147242797539,
        "mean": 0.0046029840596,
        "median": 0.00457802927122,
        "min": 3.19097851441e-12,
        "var": 2.62385765382e-06
    },
    "spectral_rolloff": {
        "dmean": 628.804504395,
        "dmean2": 1027.12036133,
        "dvar": 1187955.25,
        "dvar2": 2564267.5,
        "max": 18884.6191406,
        "mean": 1782.40075684,
        "median": 1442.72460938,
        "min": 86.1328125,
        "var": 2494019.75
    },
    "spectral_skewness": {
        "dmean": 0.23133932054,
        "dmean2": 0.365669727325,
        "dvar": 0.0534462556243,
        "dvar2": 0.127141132951,
        "max": 6.24222707748,
        "mean": 1.39239573479,
        "median": 1.39227378368,
        "min": -0.190207108855,
        "var": 0.20751580596
    },
    "spectral_spread": {
        "dmean": 504026.8125,
        "dmean2": 717852.25,
        "dvar": 414591680512,
        "dvar2": 772022009856,
        "max": 42094276,
        "mean": 4397696,
        "median": 4198890,
        "min": 1331361.25,
        "var": 2.92714840064e+12
    },
    "spectral_strongpeak": {
        "dmean": 0.684367895126,
        "dmean2": 1.14865040779,
        "dvar": 1.07207524776,
        "dvar2": 2.80485057831,
        "max": 11.5034484863,
        "mean": 1.28007245064,
        "median": 0.596568226814,
        "min": 0,
        "var": 2.32971930504
    },
    "zerocrossingrate": {
        "dmean": 0.0122554404661,
        "dmean2": 0.0139677077532,
        "dvar": 0.000233909362578,
        "dvar2": 0.000275984435575,
        "max": 0.72265625,
        "mean": 0.0696450844407,
        "median": 0.06396484375,
        "min": 0.00634765625,
        "var": 0.00155741965864
    },
    "barkbands": {
        "dmean": [0.000163059026818, 0.00222658738494, 0.00171791506, 0.00101451342925, 0.00193266000133, 0.000685351144057, 0.000652931572404, 0.000768112309743, 0.000923628278542, 0.000956797390245, 0.000726902391762, 0.000548205163796, 0.000508312077727, 0.000344983942341, 0.000268767675152, 0.000257388222963, 0.000285544228973, 0.000210373589653, 0.000193096202565, 0.000168141050381, 0.000174469183548, 0.000181971277925, 0.000164745782968, 0.000105751860247, 0.000102355006675, 3.34764877152e-07, 1.6802913505e-09],
        "dmean2": [0.000252575788181, 0.00382853136398, 0.0029074435588, 0.00171784462873, 0.00322477985173, 0.00107512495015, 0.00100361753721, 0.00118905655108, 0.00148287031334, 0.00149562011939, 0.00115294125862, 0.000863338063937, 0.000806265103165, 0.000550135213416, 0.000425495236414, 0.000409479718655, 0.000436519447248, 0.000340000231517, 0.000302323896904, 0.000266338407528, 0.00026420224458, 0.000274305552011, 0.000244731723797, 0.000153101427713, 0.000150012449012, 5.87300917232e-07, 3.20612136839e-09],
        "dvar": [1.64906438727e-07, 1.85348690138e-05, 1.5351575712e-05, 5.91410071138e-06, 1.34999190777e-05, 3.40411384059e-06, 3.32031027028e-06, 4.7841522246e-06, 4.92993876833e-06, 4.31363605458e-06, 3.12564839078e-06, 1.58463728894e-06, 1.46242609844e-06, 5.67688232422e-07, 3.93065818116e-07, 3.8786996015e-07, 4.21704413611e-07, 1.09577463547e-07, 1.17026011992e-07, 1.55374991095e-07, 1.85545800946e-07, 2.55250284908e-07, 1.90651206822e-07, 8.20667906964e-08, 5.32945847453e-08, 1.1191760409e-12, 1.88711571462e-15],
        "dvar2": [2.98249517527e-07, 5.29872995685e-05, 4.10381726397e-05, 1.67390462593e-05, 3.53700525011e-05, 8.10392430139e-06, 7.38101243769e-06, 1.08437543531e-05, 1.1572135918e-05, 9.41377493291e-06, 7.28056511434e-06, 3.58013426194e-06, 3.38959216606e-06, 1.26322072447e-06, 8.5951330675e-07, 8.72951659403e-07, 8.11852146398e-07, 2.68602690312e-07, 2.67725084768e-07, 3.84825625588e-07, 3.96271701675e-07, 5.56679196961e-07, 3.85961300253e-07, 1.67913825067e-07, 1.23339674474e-07, 3.0943281791e-12, 5.65064572959e-15],
        "max": [0.0107510341331, 0.0752614587545, 0.0718024075031, 0.10068666935, 0.0606812089682, 0.0544393658638, 0.0415872633457, 0.0531110316515, 0.0611382424831, 0.046419788152, 0.0325667262077, 0.0293463543057, 0.0356263369322, 0.0129035515711, 0.0211338084191, 0.0207396373153, 0.0223605670035, 0.00491522997618, 0.0100225908682, 0.0120121110231, 0.0123956464231, 0.0145746115595, 0.009541365318, 0.00854800920933, 0.00675842585042, 1.70829862327e-05, 2.89997365144e-06],
        "mean": [0.000202151175472, 0.00319160404615, 0.00216302624904, 0.00133874814492, 0.00321416370571, 0.00121676782146, 0.00107865571044, 0.00130663346499, 0.00154514005408, 0.00173590448685, 0.00130554765929, 0.00104086811189, 0.000913193449378, 0.000575992045924, 0.000452115637017, 0.000445272075012, 0.000603909429628, 0.000393260037526, 0.000412833964219, 0.000255955790635, 0.000235652929405, 0.000242290931055, 0.00022814158001, 0.000169790611835, 0.000138689996675, 2.58086572558e-07, 1.16524567773e-09],
        "median": [4.68686484965e-05, 0.00118251016829, 0.000821641879156, 0.000595883931965, 0.00173529377207, 0.000488655234221, 0.000312286574626, 0.000244814582402, 0.000540254346561, 0.000347312423401, 0.000185636934475, 0.000274642079603, 0.000266095885308, 0.000207092205528, 0.000204192474484, 0.000171838881215, 0.000225647745538, 0.0002176988055, 0.000191717204871, 0.000108166299469, 7.45810903027e-05, 6.17788464297e-05, 6.0560691054e-05, 5.20152207173e-05, 2.34613871726e-05, 9.06941632906e-09, 3.33474386993e-10],
        "min": [2.99284242781e-24, 2.57499700581e-24, 2.77348604526e-24, 5.05323785501e-24, 3.5112445016e-23, 7.5500015527e-23, 2.36974967665e-23, 2.32039774956e-23, 4.82849611628e-23, 2.538015601e-23, 5.55895512433e-23, 6.7430056819e-23, 7.39452653461e-23, 1.22254507648e-22, 9.80808686381e-23, 1.18643708269e-22, 5.92732539917e-23, 1.32966632895e-22, 2.12880161104e-22, 2.97115965497e-22, 3.88697390205e-22, 4.34054292169e-22, 6.0307888614e-22, 6.39694805378e-22, 1.16040909043e-21, 1.65819683091e-21, 2.10750534534e-21],
        "var": [3.04098477955e-07, 2.8602018574e-05, 1.71998071892e-05, 5.89231467529e-06, 2.24324958253e-05, 5.89710771237e-06, 6.85947088641e-06, 1.06154702735e-05, 9.81254925136e-06, 1.35670052259e-05, 9.53123253566e-06, 5.29755106982e-06, 3.7127183532e-06, 1.22324922813e-06, 8.52667994877e-07, 9.57541487878e-07, 1.61092646067e-06, 2.5444492735e-07, 4.00413142643e-07, 2.55312585296e-07, 2.9567829074e-07, 4.60203011698e-07, 3.72288440076e-07, 1.73362437295e-07, 7.41844985441e-08, 8.20824528139e-13, 9.49565756124e-16]
    },
    "erbbands": {
        "dmean": [0.0662841722369, 0.526697099209, 1.69002270699, 2.76557445526, 5.22146701813, 7.09163045883, 5.57220602036, 5.71993589401, 8.32803344727, 10.3434591293, 19.6823673248, 21.3405056, 22.6614074707, 33.3410568237, 24.2537975311, 22.3179931641, 21.2626495361, 18.3107032776, 14.3112430573, 12.989315033, 13.453412056, 13.9327011108, 11.6451768875, 9.02059459686, 9.52850341797, 7.70163393021, 7.5045580864, 6.72536182404, 6.25615501404, 6.96564531326, 4.14251279831, 2.55460119247, 1.58316469193, 1.13739037514, 0.796233355999, 0.0544103682041, 0.00134147529025, 8.61072549014e-05, 1.4272523913e-05, 1.05989674921e-05],
        "dmean2": [0.11264219135, 0.909316420555, 2.86503815651, 4.56767559052, 8.79502773285, 11.9029026031, 8.95815181732, 8.87025547028, 12.8001737595, 16.0975914001, 30.416103363, 33.7969398499, 36.4546661377, 50.6918449402, 37.9178009033, 34.9372634888, 33.632686615, 28.6686496735, 22.6053657532, 20.6316680908, 20.7221336365, 21.4030799866, 18.7349700928, 14.2954483032, 14.8292913437, 12.1928329468, 11.7858610153, 10.160572052, 9.3777141571, 10.8648099899, 5.97899770737, 3.73476719856, 2.30156350136, 1.71627008915, 1.1568608284, 0.080726467073, 0.00196621171199, 0.000124806174426, 2.06401673495e-05, 1.60681793204e-05],
        "dvar": [0.0207055360079, 0.988172650337, 13.7321519852, 44.925163269, 97.8584976196, 238.440841675, 217.095901489, 300.72644043, 544.131774902, 856.758789062, 2983.84692383, 3135.88256836, 2714.6394043, 5377.72558594, 3377.00268555, 3054.82104492, 2699.40600586, 1593.21765137, 1154.51855469, 969.611083984, 1078.91430664, 750.907348633, 339.282287598, 224.968261719, 344.466064453, 360.589935303, 367.543945312, 288.574523926, 280.364440918, 489.070098877, 112.691505432, 45.8666915894, 19.829832077, 12.2320537567, 2.61559963226, 0.0128960143775, 7.43966711525e-06, 2.99200877407e-08, 6.59128085445e-10, 2.07079645098e-10],
        "dvar2": [0.0541088171303, 2.84723591805, 37.5312309265, 124.341316223, 262.138061523, 619.090270996, 544.2109375, 711.893493652, 1206.64160156, 1887.56518555, 6718.36572266, 7205.21240234, 6896.30322266, 11163.8662109, 7536.11230469, 6964.56201172, 6200.84277344, 3593.78320312, 2345.11206055, 2143.71582031, 2136.00537109, 1475.51867676, 822.409851074, 521.983398438, 819.875305176, 908.549194336, 843.162414551, 622.160400391, 584.762084961, 1172.43884277, 207.149368286, 96.9336395264, 39.3832015991, 31.896112442, 5.62534570694, 0.0283988621086, 1.61387433764e-05, 6.52529479339e-08, 1.44815304193e-09, 4.76249872872e-10],
        "max": [2.71817493439, 17.6514701843, 69.197807312, 240.259429932, 219.244644165, 309.260223389, 536.680053711, 613.426025391, 679.067810059, 754.966186523, 1359.2208252, 1923.77062988, 1426.54418945, 1752.28137207, 1236.87878418, 1511.22167969, 1969.06750488, 787.605102539, 1324.80603027, 729.841125488, 1425.46447754, 795.776062012, 334.48538208, 378.073181152, 664.631103516, 547.093444824, 432.13873291, 518.910217285, 443.676147461, 501.257965088, 301.804962158, 164.693695068, 136.371704102, 134.239562988, 23.7680473328, 1.4113162756, 0.0345556512475, 0.00277549680322, 0.000563957495615, 0.000284616922727],
        "mean": [0.0886267870665, 0.73019605875, 2.26313114166, 3.88970160484, 7.86320304871, 11.0540924072, 10.0906524658, 9.75217056274, 14.0491104126, 17.6844844818, 35.0730743408, 36.1617965698, 41.7172088623, 63.2975082397, 47.3741836548, 45.935836792, 41.6663627625, 34.6740493774, 25.9716110229, 23.1844730377, 27.6312389374, 31.105588913, 24.1578006744, 19.6214008331, 19.8135719299, 12.1383504868, 9.8322095871, 9.16779613495, 8.38322067261, 8.58859634399, 6.04999351501, 4.05651092529, 2.48322057724, 1.53153979778, 1.03635704517, 0.0695636123419, 0.00176873255987, 0.00012031730148, 2.97518254229e-05, 3.33119023708e-05],
        "median": [0.0289689488709, 0.273843199015, 1.01434719563, 1.88221716881, 4.06568670273, 5.1273522377, 4.29005336761, 3.59267258644, 4.53721570969, 5.34602546692, 8.99488353729, 14.9655056, 10.8457641602, 14.8481988907, 11.0391645432, 12.3782739639, 13.0051364899, 12.772356987, 11.4868583679, 10.2257394791, 10.2003278732, 13.2799749374, 13.5057954788, 10.9758691788, 8.64234256744, 5.22282648087, 3.30043721199, 2.78014731407, 2.24660634995, 1.78680181503, 1.71829104424, 1.34072494507, 0.649089217186, 0.298575699329, 0.14179238677, 0.00843511056155, 0.000256523577264, 2.45015253313e-05, 1.93876785488e-05, 2.95396112051e-05],
        "min": [8.4186516364e-23, 6.25085606284e-22, 2.65413460728e-21, 1.0774764994e-20, 5.30506178942e-20, 1.29308931709e-19, 1.99086088323e-19, 6.37728645125e-19, 3.77497701964e-19, 4.14233749396e-19, 6.85665984671e-19, 7.74564480969e-19, 7.46910799116e-19, 1.18253368139e-18, 2.53240310557e-18, 3.23559099867e-18, 3.09875237109e-18, 4.11133248985e-18, 7.93043447699e-18, 7.08541406017e-18, 3.81207508784e-18, 4.06814166776e-18, 8.54019066554e-18, 7.61774283466e-18, 1.12872880855e-17, 1.48005342509e-17, 1.3887072083e-17, 1.59281203921e-17, 1.4094054179e-17, 1.62066618829e-17, 1.76209025023e-17, 1.46127195841e-17, 1.07101509372e-17, 9.99283562647e-18, 9.3088548672e-18, 4.97962356526e-18, 2.94770774367e-18, 1.2920393664e-18, 3.52702394416e-19, 2.68066440594e-20],
        "var": [0.0307642929256, 1.44735848904, 15.1896123886, 49.0274543762, 149.302505493, 354.62210083, 441.63293457, 523.757995605, 1142.06530762, 1945.93859863, 6662.07861328, 5687.87402344, 7677.94189453, 16048.2402344, 9702.05175781, 10655.453125, 7539.75878906, 4307.62451172, 2717.78540039, 2066.75048828, 4086.82617188, 3065.26367188, 904.095397949, 708.172973633, 1059.39465332, 586.388122559, 507.984893799, 467.451782227, 516.046020508, 694.815063477, 251.218307495, 91.5753936768, 43.0042495728, 12.7665662766, 3.99599385262, 0.0188224371523, 1.13534697448e-05, 4.71922021461e-08, 1.14975118315e-09, 5.18420195661e-10]
    },
    "gfcc": {
        "mean": [-8.46667957306, 99.6416397095, -147.299880981, 44.2414398193, -73.5237350464, 25.7091751099, -39.6226730347, 10.2245826721, -21.0364627838, -10.5727310181, -6.03537464142, -12.9077444077, 0.433046519756],
        "cov": [[4509.73632812, -823.605102539, 512.372741699, 518.542663574, -136.397979736, 395.345031738, -328.591888428, 263.927337646, -274.464324951, 245.537078857, -192.89276123, 71.7992630005, -211.076538086], [-823.605102539, 1070.8458252, 124.101669312, -7.40947532654, 210.583557129, -155.792114258, 122.821960449, -165.346710205, 147.898910522, -108.674079895, 171.638214111, -73.5369949341, 74.9443969727], [512.372741699, 124.101669312, 1604.47741699, 785.740783691, 17.5178775787, 169.565841675, -311.45211792, -127.310455322, -96.901725769, 257.692565918, -103.640022278, 51.5993652344, -38.3986282349], [518.542663574, -7.40947532654, 785.740783691, 680.55480957, 92.0035324097, 95.9987335205, -161.011901855, -62.7984008789, 15.7375116348, 135.381851196, -75.9443130493, 10.9762735367, -7.8660826683], [-136.397979736, 210.583557129, 17.5178775787, 92.0035324097, 280.948699951, 81.4816665649, 64.8296203613, 21.9863491058, 31.9723033905, -14.8555116653, 12.7756223679, 4.98315906525, 13.6589307785], [395.345031738, -155.792114258, 169.565841675, 95.9987335205, 81.4816665649, 285.799713135, 66.6102600098, 55.7621917725, -70.8297271729, 60.7407951355, -37.2677192688, 34.3381156921, -33.0529098511], [-328.591888428, 122.821960449, -311.45211792, -161.011901855, 64.8296203613, 66.6102600098, 274.738800049, 42.6744499207, 46.9429092407, -71.4169082642, 50.5123786926, -6.48863744736, 15.1920471191], [263.927337646, -165.346710205, -127.310455322, -62.7984008789, 21.9863491058, 55.7621917725, 42.6744499207, 161.738800049, 8.43248939514, 17.0981140137, -33.0798912048, 19.0071544647, -23.2193546295], [-274.464324951, 147.898910522, -96.901725769, 15.7375116348, 31.9723033905, -70.8297271729, 46.9429092407, 8.43248939514, 179.453048706, 11.1077280045, 23.5046310425, -30.4876804352, 36.4629364014], [245.537078857, -108.674079895, 257.692565918, 135.381851196, -14.8555116653, 60.7407951355, -71.4169082642, 17.0981140137, 11.1077280045, 158.910949707, -34.0602989197, 29.2236194611, -20.9769134521], [-192.89276123, 171.638214111, -103.640022278, -75.9443130493, 12.7756223679, -37.2677192688, 50.5123786926, -33.0798912048, 23.5046310425, -34.0602989197, 141.99118042, -0.51403683424, 12.0992975235], [71.7992630005, -73.5369949341, 51.5993652344, 10.9762735367, 4.98315906525, 34.3381156921, -6.48863744736, 19.0071544647, -30.4876804352, 29.2236194611, -0.51403683424, 80.8044891357, 8.16083621979], [-211.076538086, 74.9443969727, -38.3986282349, -7.8660826683, 13.6589307785, -33.0529098511, 15.1920471191, -23.2193546295, 36.4629364014, -20.9769134521, 12.0992975235, 8.16083621979, 70.7301712036]],
        "icov": [[0.000499679241329, -0.000443441502284, 0.000595101097133, -0.000896169280168, 0.000846303941216, -0.000897871621419, 0.000895338715054, -0.00107850611676, 0.000695446622558, -0.000260872620856, 5.6558266806e-05, -0.000157171059982, 0.000627633533441], [-0.000443441502284, 0.00395556911826, -0.00263460259885, 0.00260935188271, -0.00388955138624, 0.00303779891692, -0.00271925842389, 0.00302504794672, -0.00238091219217, 0.00155248993542, -0.00222738878801, 0.00197446136735, -0.00106579030398], [0.000595101097133, -0.00263460259885, 0.00401661032811, -0.00398452905938, 0.00307940109633, -0.00286869262345, 0.00286771659739, -0.00154580385424, 0.00278294296004, -0.00253020343371, 0.0012236321345, -0.00145718175918, 0.00102004373912], [-0.000896169280168, 0.00260935188271, -0.00398452905938, 0.00678315013647, -0.00427954085171, 0.00202048220672, -0.00163966545369, 0.00365844066255, -0.00406847475097, 0.00141010666266, -0.00018891505897, 0.00127427652478, -0.0011233134428], [0.000846303941216, -0.00388955138624, 0.00307940109633, -0.00427954085171, 0.00900127086788, -0.00513361347839, 0.00287938350812, -0.00423296447843, 0.00162777432706, -7.03212281223e-05, 0.00127275334671, -0.00226473878138, 0.000880977488123], [-0.000897871621419, 0.00303779891692, -0.00286869262345, 0.00202048220672, -0.00513361347839, 0.0106953894719, -0.00679164752364, 0.00159412936773, 0.00187686097343, -0.00204668915831, -0.000567061011679, 0.00150773278438, -0.000910948263481], [0.000895338715054, -0.00271925842389, 0.00286771659739, -0.00163966545369, 0.00287938350812, -0.00679164752364, 0.0102666318417, -0.00315579469316, -0.00109611719381, 0.00186621013563, -0.000199622736545, -0.00182655884419, 0.00132013903931], [-0.00107850611676, 0.00302504794672, -0.00154580385424, 0.00365844066255, -0.00423296447843, 0.00159412936773, -0.00315579469316, 0.0130806192756, -0.00464936951175, 0.000515616149642, 0.00137666286901, -0.00169818312861, 0.00218839617446], [0.000695446622558, -0.00238091219217, 0.00278294296004, -0.00406847475097, 0.00162777432706, 0.00187686097343, -0.00109611719381, -0.00464936951175, 0.0133909927681, -0.00656475964934, -7.40034956834e-05, 0.00396569212899, -0.00436681509018], [-0.000260872620856, 0.00155248993542, -0.00253020343371, 0.00141010666266, -7.03212281223e-05, -0.00204668915831, 0.00186621013563, 0.000515616149642, -0.00656475964934, 0.0137218059972, -0.000300213985611, -0.00378576596268, 0.00312726967968], [5.6558266806e-05, -0.00222738878801, 0.0012236321345, -0.00018891505897, 0.00127275334671, -0.000567061011679, -0.000199622736545, 0.00137666286901, -7.40034956834e-05, -0.000300213985611, 0.0105206854641, -0.00302998535335, 0.00165521702729], [-0.000157171059982, 0.00197446136735, -0.00145718175918, 0.00127427652478, -0.00226473878138, 0.00150773278438, -0.00182655884419, -0.00169818312861, 0.00396569212899, -0.00378576596268, -0.00302998535335, 0.018374606967, -0.00700265169144], [0.000627633533441, -0.00106579030398, 0.00102004373912, -0.0011233134428, 0.000880977488123, -0.000910948263481, 0.00132013903931, 0.00218839617446, -0.00436681509018, 0.00312726967968, 0.00165521702729, -0.00700265169144, 0.0211119055748]]
    },
    "melbands": {
        "dmean": [0.00059366307687, 0.000764781143516, 0.000500006659422, 0.000473326595966, 0.000204970710911, 0.00012683190289, 0.000131859211251, 0.00011855235789, 0.000166016834555, 0.000133712208481, 0.000117632895126, 0.000141568569234, 9.59316021181e-05, 5.96619101998e-05, 5.86267087783e-05, 4.52940257674e-05, 3.49975416611e-05, 2.49816894211e-05, 1.82683943422e-05, 1.78225036507e-05, 1.76021294465e-05, 1.58543280122e-05, 1.47697091961e-05, 9.63183356362e-06, 7.74793534219e-06, 7.97605207481e-06, 6.04289061812e-06, 5.39931579624e-06, 5.17019270774e-06, 4.20686774305e-06, 3.99977079724e-06, 3.54840926775e-06, 3.87319323636e-06, 3.9416522668e-06, 2.67539462584e-06, 1.79261758149e-06, 1.58275713602e-06, 1.20280640203e-06, 9.5615803275e-07, 1.02038870864e-06],
        "dmean2": [0.00101762579288, 0.00128993880935, 0.00081830821, 0.000789400772192, 0.000333089352353, 0.000196722467081, 0.000202547176741, 0.000183737589396, 0.000256017287029, 0.000214039479033, 0.000188809790416, 0.000215684267459, 0.000150619467604, 9.36361175263e-05, 9.22361650737e-05, 7.11864922778e-05, 5.47023992112e-05, 3.98875636165e-05, 2.90008229058e-05, 2.86809681711e-05, 2.7180682082e-05, 2.42155419983e-05, 2.36974647123e-05, 1.57310605573e-05, 1.24311163745e-05, 1.25169572129e-05, 9.59488352237e-06, 8.72441887623e-06, 8.37964671518e-06, 6.43152543489e-06, 6.18135527475e-06, 5.36467450729e-06, 5.95116034674e-06, 6.2263466134e-06, 3.91814455725e-06, 2.63692368208e-06, 2.38326333601e-06, 1.77478796104e-06, 1.44975649619e-06, 1.56626811076e-06],
        "dvar": [1.45350043113e-06, 2.35240349866e-06, 1.22846824979e-06, 8.22908020837e-07, 2.47774920581e-07, 1.3719224512e-07, 1.32911154083e-07, 1.06039117043e-07, 1.8528200485e-07, 1.24469693219e-07, 7.19311117336e-08, 9.74807150556e-08, 5.73768730305e-08, 2.07211492409e-08, 1.7920301687e-08, 1.19213172667e-08, 5.98919092099e-09, 3.62089891404e-09, 1.7996579782e-09, 1.89772531023e-09, 2.28012320136e-09, 1.22860843721e-09, 6.26768414946e-10, 2.3512519709e-10, 1.80267259453e-10, 2.17049017648e-10, 1.48991347038e-10, 2.0423976399e-10, 2.02517572157e-10, 1.04240706345e-10, 1.14557453801e-10, 8.88258008813e-11, 1.40679606853e-10, 1.5940723741e-10, 4.97474145211e-11, 2.28472830932e-11, 2.02626179724e-11, 1.18048851944e-11, 9.36190795026e-12, 1.0553218889e-11],
        "dvar2": [4.0741142584e-06, 6.33479885437e-06, 3.37628262059e-06, 2.16515763896e-06, 6.3089686364e-07, 3.2016467344e-07, 2.94673640155e-07, 2.35631077317e-07, 4.13143737887e-07, 2.93125140161e-07, 1.80468049393e-07, 2.01151721058e-07, 1.317979752e-07, 4.53370354592e-08, 4.00211810359e-08, 2.74846865267e-08, 1.34909816651e-08, 7.45697370519e-09, 4.05090361255e-09, 4.20043333449e-09, 4.28213464687e-09, 2.38516095763e-09, 1.49940604377e-09, 5.92357329854e-10, 4.30237540039e-10, 5.1544457591e-10, 3.50399265159e-10, 5.29000565574e-10, 4.98380448022e-10, 2.212410255e-10, 2.60644200667e-10, 1.87949114605e-10, 3.380186131e-10, 3.81955883588e-10, 9.59626267338e-11, 4.5929843262e-11, 4.55427466572e-11, 2.35524082876e-11, 2.16905503975e-11, 2.8316746517e-11],
        "max": [0.021745139733, 0.0305996574461, 0.0401696115732, 0.016968883574, 0.0144639955834, 0.0128786172718, 0.00910529214889, 0.0092012565583, 0.00950651522726, 0.0116217313334, 0.00709810992703, 0.00774627458304, 0.00533710233867, 0.00369261880405, 0.00329862302169, 0.00386299518868, 0.00159298023209, 0.00205898704007, 0.00131840002723, 0.00114330032375, 0.00234315474518, 0.00108395295683, 0.000572197488509, 0.000287816714263, 0.000341505510733, 0.00049893144751, 0.000448604580015, 0.000330092472723, 0.000281550019281, 0.000262321380433, 0.000342662126059, 0.000243711139774, 0.000394351256546, 0.000280940148514, 0.000198860201635, 0.00017665172345, 0.000124163358123, 0.000105937928311, 0.000128726896946, 0.000132936969749],
        "mean": [0.000846720475238, 0.00114584411494, 0.000770840619225, 0.000740360526834, 0.000367459550034, 0.000217724998947, 0.00022315964452, 0.00020087294979, 0.000290491851047, 0.000221288239118, 0.000209559031646, 0.000260110100498, 0.000180250237463, 0.000114455695439, 0.000110451168439, 8.34463717183e-05, 6.05306377111e-05, 4.19935167884e-05, 3.07676309603e-05, 2.95330628433e-05, 3.42899511452e-05, 3.25919609168e-05, 2.8821224987e-05, 1.7710690372e-05, 1.53276232595e-05, 1.6175539713e-05, 1.09025913844e-05, 7.41049097996e-06, 6.25834809398e-06, 5.58976034881e-06, 5.17964235769e-06, 4.62602883999e-06, 4.82739051222e-06, 4.71438625027e-06, 3.70682801076e-06, 2.7207374842e-06, 2.38482220993e-06, 1.84703981176e-06, 1.31707429318e-06, 1.29334466692e-06],
        "median": [0.000308891467284, 0.000552349432837, 0.000424166442826, 0.000377034011763, 0.000171826235601, 8.17550171632e-05, 7.15702117304e-05, 5.72568023927e-05, 7.97504180809e-05, 7.64589640312e-05, 4.77657376905e-05, 5.82190878049e-05, 3.10763789457e-05, 3.1427556678e-05, 2.94515393762e-05, 2.67405175691e-05, 2.05384367291e-05, 1.62661090144e-05, 1.41743621498e-05, 1.1977926988e-05, 1.10537012006e-05, 1.22632427519e-05, 1.36030403155e-05, 9.65101935435e-06, 7.88596025814e-06, 6.80114135321e-06, 4.65621405965e-06, 2.82526502815e-06, 1.98696693587e-06, 1.74806314135e-06, 1.53316375417e-06, 1.29592183384e-06, 1.0738048104e-06, 9.37148797675e-07, 9.51986351083e-07, 8.80994718955e-07, 7.45647696476e-07, 4.75475360417e-07, 2.7058069918e-07, 2.2537379607e-07],
        "min": [1.00713181516e-24, 1.20249410581e-24, 3.24250231038e-24, 8.62493497659e-24, 6.61078928097e-24, 1.46972675252e-23, 5.90639131844e-24, 4.14440225016e-24, 4.95328207857e-24, 5.68209804713e-24, 3.45899532506e-24, 4.30253494064e-24, 8.06358707846e-24, 7.29929761271e-24, 8.20298590016e-24, 7.04451447299e-24, 7.1454011053e-24, 1.29699626987e-23, 7.33571064324e-24, 1.14794652386e-23, 2.83838326535e-24, 3.86741307038e-24, 6.15228399576e-24, 6.0302961231e-24, 4.27049298839e-24, 7.47734273016e-24, 7.45010730741e-24, 9.04115297854e-24, 8.68888398587e-24, 8.8282599306e-24, 9.66582905242e-24, 6.55934450589e-24, 1.00609497583e-23, 7.91195381298e-24, 9.6561236967e-24, 7.96836131201e-24, 8.72912220292e-24, 7.43426303613e-24, 7.27335197754e-24, 8.32174338741e-24],
        "var": [2.22697303798e-06, 3.19821538142e-06, 1.48150559198e-06, 1.32171589939e-06, 4.79795232877e-07, 2.45346512884e-07, 2.75875436273e-07, 2.23977224323e-07, 4.08325178114e-07, 2.20858581201e-07, 2.02668317684e-07, 2.94287843872e-07, 1.80640824965e-07, 7.03846581018e-08, 5.32594945923e-08, 2.89663422137e-08, 1.44232048527e-08, 8.39055136481e-09, 3.57778984217e-09, 3.98333099838e-09, 8.52864268097e-09, 4.58163018635e-09, 1.74326264535e-09, 5.16903908565e-10, 4.98664332049e-10, 6.80143552589e-10, 4.04290101397e-10, 2.63293303826e-10, 2.32750360651e-10, 1.64581251405e-10, 1.68481811835e-10, 1.52134971287e-10, 2.21620333196e-10, 2.18316115186e-10, 1.03133196427e-10, 4.62907212562e-11, 3.44275753739e-11, 2.55145019695e-11, 1.38989817919e-11, 9.40877323968e-12]
    },
    "mfcc": {
        "mean": [-631.230712891, 108.666160583, -9.13819026947, 13.8570680618, -0.972091495991, 3.21727538109, 0.840903639793, 8.31762218475, -2.65588784218, 1.33700597286, -1.337272048, -1.29795062542, -4.65113449097],
        "cov": [[3570.99145508, -934.365234375, 293.294708252, 52.6860198975, 175.893997192, 48.1010437012, 94.6792526245, 49.9261131287, 12.3093318939, 70.8028793335, 55.7377929688, 23.1951885223, 41.0523376465], [-934.365234375, 991.925354004, -153.421173096, 17.7273616791, 9.70310688019, -13.3158655167, 31.1855716705, 28.2216281891, -56.5298271179, -12.319773674, 11.5354633331, 28.3078212738, -10.3154745102], [293.294708252, -153.421173096, 1472.61352539, 558.268066406, 367.55456543, 307.773101807, -55.0157928467, -244.059661865, -28.2571086884, -29.3778018951, -33.3954696655, 32.0793533325, 79.0047073364], [52.6860198975, 17.7273616791, 558.268066406, 500.586456299, 263.99810791, 151.456802368, -81.9601364136, -93.0776443481, 26.4194355011, 7.90321969986, -17.1307945251, 14.6629476547, 57.6386108398], [175.893997192, 9.70310688019, 367.55456543, 263.99810791, 339.49798584, 133.610031128, -5.37489318848, -49.1164093018, 12.6907567978, 18.7349967957, -9.35904788971, 6.32204246521, 26.9552783966], [48.1010437012, -13.3158655167, 307.773101807, 151.456802368, 133.610031128, 270.982879639, 75.748664856, -6.86727619171, 52.3170051575, -1.96545898914, 30.8378143311, 4.66598033905, 16.6116218567], [94.6792526245, 31.1855716705, -55.0157928467, -81.9601364136, -5.37489318848, 75.748664856, 203.230316162, 99.5978775024, -11.5314655304, -4.64238977432, 17.2853164673, 8.75169658661, -19.3709030151], [49.9261131287, 28.2216281891, -244.059661865, -93.0776443481, -49.1164093018, -6.86727619171, 99.5978775024, 174.17666626, 43.9802703857, 7.81793689728, 21.2376594543, -0.457668095827, -12.899974823], [12.3093318939, -56.5298271179, -28.2571086884, 26.4194355011, 12.6907567978, 52.3170051575, -11.5314655304, 43.9802703857, 162.838104248, 31.5131721497, 35.7286148071, -15.7030496597, 7.94156837463], [70.8028793335, -12.319773674, -29.3778018951, 7.90321969986, 18.7349967957, -1.96545898914, -4.64238977432, 7.81793689728, 31.5131721497, 95.5059356689, 19.6709957123, 14.9541625977, 5.0433139801], [55.7377929688, 11.5354633331, -33.3954696655, -17.1307945251, -9.35904788971, 30.8378143311, 17.2853164673, 21.2376594543, 35.7286148071, 19.6709957123, 87.1828460693, 23.9860954285, 14.3508615494], [23.1951885223, 28.3078212738, 32.0793533325, 14.6629476547, 6.32204246521, 4.66598033905, 8.75169658661, -0.457668095827, -15.7030496597, 14.9541625977, 23.9860954285, 78.9505615234, 31.9740943909], [41.0523376465, -10.3154745102, 79.0047073364, 57.6386108398, 26.9552783966, 16.6116218567, -19.3709030151, -12.899974823, 7.94156837463, 5.0433139801, 14.3508615494, 31.9740943909, 77.1191558838]],
