{
"lowlevel": {
    "average_loudness": 0.96522372961,
    "barkbands_crest": {
        "dmean": 2.71195316315,
        "dmean2": 4.3473277092,
        "dvar": 6.18273687363,
        "dvar2": 14.7197961807,
        "max": 25.8647136688,
        "mean": 9.69844341278,
        "median": 8.58192920685,
        "min": 2.11183071136,
        "var": 20.6005535126
    },
    "barkbands_flatness_db": {
        "dmean": 0.0195312220603,
        "dmean2": 0.0294750481844,
        "dvar": 0.000370096124243,
        "dvar2": 0.000774960033596,
        "max": 0.321122854948,
        "mean": 0.147069618106,
        "median": 0.141511976719,
        "min": 0.0587197877467,
        "var": 0.00173427350819
    },
    "barkbands_kurtosis": {
        "dmean": 2.31387329102,
        "dmean2": 3.47460961342,
        "dvar": 19.8560562134,
        "dvar2": 42.5227355957,
        "max": 132.014816284,
        "mean": 2.80894613266,
        "median": 0.610234022141,
        "min": -1.95554685593,
        "var": 48.4230079651
    },
    "barkbands_skewness": {
        "dmean": 0.529915094376,
        "dmean2": 0.746628522873,
        "dvar": 0.332169800997,
        "dvar2": 0.657175540924,
        "max": 10.7018384933,
        "mean": 1.26604759693,
        "median": 1.05471754074,
        "min": -4.93444776535,
        "var": 1.58597576618
    },
    "barkbands_spread": {
        "dmean": 6.50870752335,
        "dmean2": 9.74109172821,
        "dvar": 70.9290847778,
        "dvar2": 148.493652344,
        "max": 118.057945251,
        "mean": 27.5351467133,
        "median": 25.3652057648,
        "min": 2.03959918022,
        "var": 285.557739258
    },
    "dissonance": {
        "dmean": 0.0130668180063,
        "dmean2": 0.0219425149262,
        "dvar": 0.000161200980074,
        "dvar2": 0.000433065084508,
        "max": 0.5,
        "mean": 0.474817216396,
        "median": 0.47909489274,
        "min": 0.340953141451,
        "var": 0.000368826353224
    },
    "dynamic_complexity": 2.30272555351,
    "erbbands_crest": {
        "dmean": 2.30860519409,
        "dmean2": 3.73784470558,
        "dvar": 4.67289590836,
        "dvar2": 11.2711639404,
        "max": 28.5917568207,
        "mean": 8.29178333282,
        "median": 7.34374856949,
        "min": 1.9657638073,
        "var": 17.1799812317
    },
    "erbbands_flatness_db": {
        "dmean": 0.0144001804292,
        "dmean2": 0.0204580239952,
        "dvar": 0.000191620536498,
        "dvar2": 0.000352042203303,
        "max": 0.342171818018,
        "mean": 0.168813049793,
        "median": 0.160707265139,
        "min": 0.0624024681747,
        "var": 0.00258338660933
    },
    "erbbands_kurtosis": {
        "dmean": 0.741782009602,
        "dmean2": 1.12843215466,
        "dvar": 1.60814476013,
        "dvar2": 2.90061306953,
        "max": 34.3684806824,
        "mean": 0.113446973264,
        "median": -0.386392593384,
        "min": -1.76537322998,
        "var": 4.57935619354
    },
    "erbbands_skewness": {
        "dmean": 0.322932690382,
        "dmean2": 0.478853821754,
        "dvar": 0.101705640554,
        "dvar2": 0.196541875601,
        "max": 4.03360414505,
        "mean": 0.0784514248371,
        "median": 0.0954378396273,
        "min": -4.77301120758,
        "var": 0.596160650253
    },
    "erbbands_spread": {
        "dmean": 8.03950405121,
        "dmean2": 11.6291055679,
        "dvar": 80.9460906982,
        "dvar2": 165.419891357,
        "max": 144.128952026,
        "mean": 43.3532142639,
        "median": 40.97996521,
        "min": 4.86898612976,
        "var": 502.249359131
    },
    "hfc": {
        "dmean": 7.0699968338,
        "dmean2": 9.36346340179,
        "dvar": 131.226623535,
        "dvar2": 212.116897583,
        "max": 268.090332031,
        "mean": 25.740190506,
        "median": 19.922328949,
        "min": 1.13760389404e-16,
        "var": 501.210266113
    },
    "melbands_crest": {
        "dmean": 3.54378819466,
        "dmean2": 5.5918469429,
        "dvar": 10.0120515823,
        "dvar2": 23.1470508575,
        "max": 32.7462692261,
        "mean": 13.6139955521,
        "median": 12.633810997,
        "min": 2.263453722,
        "var": 31.4028396606
    },
    "melbands_flatness_db": {
        "dmean": 0.0248059164733,
        "dmean2": 0.0355960130692,
        "dvar": 0.000627143774182,
        "dvar2": 0.00124462263193,
        "max": 0.384432226419,
        "mean": 0.164926171303,
        "median": 0.155948847532,
        "min": 0.00438412697986,
        "var": 0.00298805697821
    },
    "melbands_kurtosis": {
        "dmean": 7.42523241043,
        "dmean2": 10.850812912,
        "dvar": 221.095428467,
        "dvar2": 458.744140625,
        "max": 451.650177002,
        "mean": 13.722202301,
        "median": 5.61763381958,
        "min": -1.90054142475,
        "var": 579.839660645
    },
    "melbands_skewness": {
        "dmean": 0.760348081589,
        "dmean2": 1.07631397247,
        "dvar": 0.755418360233,
        "dvar2": 1.49321007729,
        "max": 17.0438098907,
        "mean": 2.62131524086,
        "median": 2.18913054466,
        "min": -2.4437148571,
        "var": 3.86853933334
    },
    "melbands_spread": {
        "dmean": 9.53258228302,
        "dmean2": 13.8512544632,
        "dvar": 250.153091431,
        "dvar2": 493.433746338,
        "max": 286.478942871,
        "mean": 30.9475822449,
        "median": 24.9081382751,
        "min": 0.967920839787,
        "var": 684.187561035
    },
    "pitch_salience": {
        "dmean": 0.0720852911472,
        "dmean2": 0.109797872603,
        "dvar": 0.00453792419285,
        "dvar2": 0.0094904396683,
        "max": 0.964168488979,
        "mean": 0.567041695118,
        "median": 0.578054606915,
        "min": 0.109761610627,
        "var": 0.0184334050864
    },
    "silence_rate_20dB": {
        "dmean": 0,
        "dmean2": 0,
        "dvar": 0,
        "dvar2": 0,
        "max": 1,
        "mean": 1,
        "median": 1,
        "min": 1,
        "var": 0
    },
    "silence_rate_30dB": {
        "dmean": 0,
        "dmean2": 0,
        "dvar": 0,
        "dvar2": 0,
        "max": 1,
        "mean": 1,
        "median": 1,
        "min": 1,
        "var": 0
    },
    "silence_rate_60dB": {
        "dmean": 0.0101991258562,
        "dmean2": 0.0202792957425,
        "dvar": 0.0100964428857,
        "dvar2": 0.0283689983189,
        "max": 1,
        "mean": 0.012504552491,
        "median": 0,
        "min": 0,
        "var": 0.0123454974964
    },
    "spectral_centroid": {
        "dmean": 275.195617676,
        "dmean2": 395.115478516,
        "dvar": 102290.992188,
        "dvar2": 181910.421875,
        "max": 10526.8544922,
        "mean": 1704.50891113,
        "median": 1673.70568848,
        "min": 287.633514404,
        "var": 446147.46875
    },
    "spectral_complexity": {
        "dmean": 4.17532777786,
        "dmean2": 6.25051593781,
        "dvar": 19.8909912109,
        "dvar2": 37.9205322266,
        "max": 57,
        "mean": 21.4070663452,
        "median": 21,
        "min": 0,
        "var": 95.154548645
    },
    "spectral_decrease": {
        "dmean": 1.82457637887e-09,
        "dmean2": 2.43623676788e-09,
        "dvar": 4.50153054199e-18,
        "dvar2": 8.39279783373e-18,
        "max": -9.41153273906e-29,
        "mean": -6.00653349281e-09,
        "median": -5.25307752852e-09,
        "min": -3.05284899582e-08,
        "var": 1.53059614575e-17
    },
    "spectral_energy": {
        "dmean": 0.00726198172197,
        "dmean2": 0.00965424068272,
        "dvar": 6.79720469634e-05,
        "dvar2": 0.000125102465972,
        "max": 0.117763191462,
        "mean": 0.0250048469752,
        "median": 0.0221576374024,
        "min": 1.06736179303e-20,
        "var": 0.000244666007347
    },
    "spectral_energyband_high": {
        "dmean": 0.000570710864849,
        "dmean2": 0.00076746562263,
        "dvar": 2.21530808631e-06,
        "dvar2": 3.4372465052e-06,
        "max": 0.0391647033393,
        "mean": 0.0013352924725,
        "median": 0.000656643125694,
        "min": 7.82696955629e-21,
        "var": 7.27341648599e-06
    },
    "spectral_energyband_low": {
        "dmean": 0.00451667048037,
        "dmean2": 0.00624168617651,
        "dvar": 5.71745913476e-05,
        "dvar2": 0.000120195320051,
        "max": 0.0959429144859,
        "mean": 0.00778685277328,
        "median": 0.00458029238507,
        "min": 8.46299950323e-23,
        "var": 0.000110372049676
    },
    "spectral_energyband_middle_high": {
        "dmean": 0.00216238712892,
        "dmean2": 0.00297390320338,
        "dvar": 8.5113751993e-06,
        "dvar2": 1.51588437802e-05,
        "max": 0.0484854988754,
        "mean": 0.00725627923384,
        "median": 0.00468175578862,
        "min": 1.54985737525e-21,
        "var": 5.50384065718e-05
    },
    "spectral_energyband_middle_low": {
        "dmean": 0.00366473151371,
        "dmean2": 0.00553929805756,
        "dvar": 2.67166105914e-05,
        "dvar2": 5.66997550777e-05,
        "max": 0.0810205638409,
        "mean": 0.00956307537854,
        "median": 0.00688633834943,
        "min": 3.81163124849e-22,
        "var": 7.52782289055e-05
    },
    "spectral_entropy": {
        "dmean": 0.123979538679,
        "dmean2": 0.177231684327,
        "dvar": 0.0171033479273,
        "dvar2": 0.031617756933,
        "max": 9.79528236389,
        "mean": 7.80867004395,
        "median": 7.80082511902,
        "min": 6.38834476471,
        "var": 0.104623392224
    },
    "spectral_flux": {
        "dmean": 0.0222830940038,
        "dmean2": 0.0333985686302,
        "dvar": 0.000542827881873,
        "dvar2": 0.00109680485912,
        "max": 0.278076350689,
        "mean": 0.0884243398905,
        "median": 0.0804909393191,
        "min": 1.03313205213e-10,
        "var": 0.00157157820649
    },
    "spectral_kurtosis": {
        "dmean": 1.04092717171,
        "dmean2": 1.74324512482,
        "dvar": 1.18962311745,
        "dvar2": 3.54885315895,
        "max": 15.075044632,
        "mean": 2.81648206711,
        "median": 2.52413702011,
        "min": -1.47821438313,
        "var": 3.94971847534
    },
    "spectral_rms": {
        "dmean": 0.000712661596481,
        "dmean2": 0.000933067116421,
        "dvar": 4.78808203752e-07,
        "dvar2": 8.15838916424e-07,
        "max": 0.0107187181711,
        "mean": 0.00469680409878,
        "median": 0.00464943097904,
        "min": 3.22696231715e-12,
        "var": 2.33494870372e-06
    },
    "spectral_rolloff": {
        "dmean": 611.80670166,
        "dmean2": 970.559875488,
        "dvar": 1104741.75,
        "dvar2": 2114450,
        "max": 18733.8867188,
        "mean": 2031.10205078,
        "median": 1701.12304688,
        "min": 64.599609375,
        "var": 3382476.75
    },
    "spectral_skewness": {
        "dmean": 0.158130630851,
        "dmean2": 0.249148964882,
        "dvar": 0.0206926800311,
        "dvar2": 0.049451507628,
        "max": 2.64867830276,
        "mean": 1.21975886822,
        "median": 1.23281359673,
        "min": -0.239134207368,
        "var": 0.120805487037
    },
    "spectral_spread": {
        "dmean": 452865.3125,
        "dmean2": 617299.9375,
        "dvar": 394754228224,
        "dvar2": 547248996352,
        "max": 39631900,
        "mean": 4708109.5,
        "median": 4458128,
        "min": 2004458,
        "var": 2.60001418445e+12
    },
    "spectral_strongpeak": {
        "dmean": 0.611919939518,
        "dmean2": 1.02612936497,
        "dvar": 1.00116372108,
        "dvar2": 2.54514622688,
        "max": 11.9860010147,
        "mean": 1.07748961449,
        "median": 0.605449616909,
        "min": 0,
        "var": 1.68413758278
    },
    "zerocrossingrate": {
        "dmean": 0.0127368718386,
        "dmean2": 0.0142083028331,
        "dvar": 0.000307442212943,
        "dvar2": 0.000314122182317,
        "max": 0.7392578125,
        "mean": 0.0766247063875,
        "median": 0.06982421875,
        "min": 0.00830078125,
        "var": 0.001978877699
    },
    "barkbands": {
        "dmean": [7.42050397093e-05, 0.00230033812113, 0.00309449923225, 0.00116356438957, 0.000967823842075, 0.00154245679732, 0.000654066796415, 0.000327254092554, 0.000624557258561, 0.000600914470851, 0.000645244785119, 0.000462094409158, 0.000416107621277, 0.000453958607977, 0.000356740492862, 0.0003119566245, 0.00029367141542, 0.000317833095323, 0.000222587143071, 0.000202447816264, 0.00011005588749, 0.000120831122331, 0.000139051117003, 0.000135225433041, 8.01880814834e-05, 3.12768150934e-07, 9.92498416785e-10],
        "dmean2": [0.000122492041555, 0.00330688524991, 0.00492426939309, 0.00195275561418, 0.00152796739712, 0.00232742773369, 0.0010318052955, 0.000525878509507, 0.00100256747101, 0.000931040616706, 0.00101623404771, 0.000698881747667, 0.00065340223955, 0.000705863116309, 0.000559700478334, 0.000478238041978, 0.000454512482975, 0.00049158470938, 0.000339624471962, 0.000300676270854, 0.000164478609804, 0.00017698710144, 0.000195103391889, 0.000190884617041, 0.000112505134894, 5.26740961959e-07, 1.81882819916e-09],
        "dvar": [1.83325248315e-08, 1.20535769383e-05, 5.76728925807e-05, 7.537728834e-06, 3.34105766342e-06, 1.10104974738e-05, 3.81365975954e-06, 8.26972268442e-07, 1.57193642281e-06, 2.09299128073e-06, 2.22022185881e-06, 1.51331994402e-06, 1.30774810714e-06, 1.00965212368e-06, 5.33450304374e-07, 4.51529473366e-07, 3.51644331431e-07, 4.24698782808e-07, 1.99500277631e-07, 2.10166149373e-07, 1.03291128539e-07, 1.18531900739e-07, 2.07001704666e-07, 2.18862325596e-07, 6.5236655189e-08, 8.7278741092e-13, 2.0280539221e-18],
        "dvar2": [4.65720759735e-08, 2.51529963862e-05, 0.000141790995258, 1.97790104721e-05, 8.04414321465e-06, 2.2879554308e-05, 8.93358719622e-06, 2.08556298276e-06, 3.86805731978e-06, 4.4942266868e-06, 4.99444740854e-06, 2.84547058982e-06, 2.65969424618e-06, 2.21160712499e-06, 1.19437834201e-06, 1.01196997093e-06, 8.26524626518e-07, 1.05777974113e-06, 4.24121452625e-07, 4.28297198596e-07, 1.96192004864e-07, 2.27529142194e-07, 3.45811201896e-07, 4.00996043481e-07, 1.28919182885e-07, 2.35459351669e-12, 5.97008466764e-18],
        "max": [0.00283503159881, 0.041583750397, 0.0806346088648, 0.0269885826856, 0.0398598313332, 0.0625510364771, 0.0612529553473, 0.0267573166639, 0.0267358161509, 0.0333929210901, 0.0336849540472, 0.0289767067879, 0.0353903882205, 0.016886504367, 0.0178391411901, 0.0127599015832, 0.0144863380119, 0.0188171993941, 0.0147324427962, 0.0225777104497, 0.0128320492804, 0.0116904461756, 0.015820575878, 0.0163668580353, 0.00647610193118, 2.04568059416e-05, 4.0140061941e-08],
        "mean": [0.000121764031064, 0.00351582327858, 0.00337641919032, 0.00146563909948, 0.00185912917368, 0.00327010359615, 0.00117155385669, 0.00046855857363, 0.00102465762757, 0.00101846223697, 0.00114368111826, 0.000789910904132, 0.000670907145832, 0.000752807070967, 0.00060405646218, 0.000523734255694, 0.000587176997215, 0.00063497928204, 0.000463327480247, 0.000423361547291, 0.000213446212001, 0.00023188549676, 0.000260421744315, 0.000257173320279, 0.000155518195243, 3.36508151122e-07, 8.40731151364e-10],
        "median": [2.95846475638e-05, 0.00159331457689, 0.00118459365331, 0.000596572412178, 0.00097980198916, 0.000849412754178, 0.000292160490062, 0.000175337132532, 0.000390384084312, 0.000238070279011, 0.000281494722003, 0.000212072336581, 0.000206946366234, 0.000236675943597, 0.00024099960865, 0.000209445424844, 0.000232759368373, 0.00029454077594, 0.000229491095524, 0.000191434155568, 0.000108189262392, 0.000102084952232, 9.40108438954e-05, 8.51145159686e-05, 4.90369275212e-05, 6.75010767281e-08, 3.57048918209e-10],
        "min": [6.89813675663e-23, 3.14773676538e-23, 1.9432086409e-23, 3.413003551e-24, 2.24650230867e-23, 2.56022124662e-23, 8.71909909403e-23, 1.59141050352e-22, 7.26211591612e-23, 4.21590081607e-23, 1.16069661446e-22, 4.6348361283e-23, 5.9114787613e-23, 1.7623033978e-22, 2.217560706e-22, 7.32121800623e-23, 2.13376499764e-22, 2.07854927811e-22, 2.69096509668e-22, 3.11510998322e-22, 3.51180326756e-22, 6.17022917718e-22, 5.94747202316e-22, 9.25867036066e-22, 1.55176094079e-21, 1.62894884728e-21, 2.07991192488e-21],
        "var": [4.06053572988e-08, 2.51055025728e-05, 5.29115422978e-05, 6.82651943862e-06, 7.6192322922e-06, 3.65986816178e-05, 7.92613991507e-06, 1.09678796889e-06, 2.95546851703e-06, 5.10044083057e-06, 6.74866214467e-06, 4.08918094763e-06, 2.87104421659e-06, 2.37540280068e-06, 1.27545672512e-06, 9.16044712085e-07, 1.0831374766e-06, 1.01107866612e-06, 4.6906873763e-07, 6.04153854056e-07, 2.48950300374e-07, 2.76191343573e-07, 5.39579332326e-07, 5.35951812708e-07, 1.72007489141e-07, 1.02175733152e-12, 1.71200599443e-18]
    },
    "erbbands": {
        "dmean": [0.0546831153333, 0.576595783234, 2.91397595406, 3.7276892662, 2.90778923035, 3.4356982708, 9.59378147125, 12.1012840271, 10.3258275986, 7.20999526978, 8.07581424713, 13.6626873016, 16.3991374969, 22.6033554077, 20.2180366516, 17.7537460327, 16.7478122711, 21.9433898926, 17.9260406494, 16.2582416534, 16.7120456696, 15.4481697083, 16.9993801117, 13.5459880829, 9.20001792908, 9.26085472107, 5.75919008255, 4.02391433716, 4.28136491776, 4.42080020905, 3.87269735336, 3.35269713402, 1.97171628475, 1.04001760483, 0.536791205406, 0.0408370345831, 0.000988191342913, 6.36014010524e-05, 1.1012169125e-05, 9.63954607869e-06],
        "dmean2": [0.087048843503, 0.769186377525, 4.31634998322, 5.97391271591, 4.74734592438, 5.470225811, 14.5971212387, 18.1571521759, 16.3310604095, 11.3809890747, 12.8937244415, 21.7508964539, 25.630147934, 35.1762771606, 30.6413974762, 26.2377281189, 25.3078517914, 33.9933509827, 27.7660808563, 25.3314094543, 25.4044647217, 23.2637195587, 26.0650291443, 20.5646076202, 13.763551712, 13.7162322998, 8.57868671417, 5.95672416687, 6.28383684158, 6.39292573929, 5.46587848663, 4.81493520737, 2.7542848587, 1.4617382288, 0.78575861454, 0.0609795078635, 0.00144381809514, 9.00505910977e-05, 1.46878865053e-05, 1.27113244162e-05],
        "dvar": [0.00675378367305, 0.793488562107, 43.069644928, 71.6625976562, 33.0775222778, 51.3000450134, 536.878540039, 764.17364502, 960.235107422, 372.292358398, 411.811340332, 744.217102051, 1468.46777344, 2611.93505859, 2198.90771484, 2264.99438477, 2081.62915039, 2463.73217773, 1333.296875, 1147.12255859, 1242.8737793, 934.941467285, 1387.07885742, 887.482910156, 268.124359131, 476.386474609, 337.936584473, 137.726409912, 136.434188843, 192.464950562, 164.399810791, 145.128982544, 42.2015266418, 14.7828111649, 2.18528199196, 0.0109988339245, 6.50859328744e-06, 2.77329466059e-08, 5.99700844539e-10, 1.31729849251e-10],
        "dvar2": [0.0180986132473, 1.47262454033, 98.1171112061, 173.915512085, 84.620010376, 130.087371826, 1176.78076172, 1606.27368164, 2211.30639648, 927.677246094, 999.478759766, 1790.45544434, 3437.81933594, 5825.32714844, 4741.06591797, 4089.66308594, 3948.15209961, 5285.15380859, 2996.61083984, 2619.38500977, 2764.02124023, 2082.80566406, 3555.42822266, 1896.19641113, 585.149108887, 952.75592041, 649.485656738, 285.693206787, 257.340332031, 344.266418457, 285.769714355, 268.451263428, 76.9758682251, 29.4519748688, 4.39677715302, 0.0231259632856, 1.30828584588e-05, 5.23582848189e-08, 1.05980224596e-09, 2.26802021608e-10],
        "max": [1.43386113644, 12.4991054535, 76.267074585, 96.4645462036, 79.4932785034, 177.607284546, 607.702880859, 588.288024902, 818.428039551, 409.067779541, 446.402557373, 578.867797852, 753.925231934, 1259.93554688, 1151.75634766, 1443.26501465, 1719.75610352, 982.453308105, 783.332092285, 842.198303223, 762.901062012, 618.83215332, 1202.54211426, 1238.60510254, 628.744445801, 1069.53955078, 980.606811523, 437.597106934, 368.020050049, 529.29119873, 482.566131592, 438.189910889, 204.681060791, 118.336204529, 37.0082015991, 2.93739509583, 0.0653582662344, 0.00382913928479, 0.000541290442925, 0.000196297914954],
        "mean": [0.0804423987865, 0.894800782204, 3.5211789608, 4.67757368088, 4.65930557251, 6.75115442276, 20.4355602264, 24.7188358307, 18.9191513062, 12.304807663, 12.9048032761, 22.7318134308, 28.9479236603, 43.1127090454, 37.8807182312, 32.4684410095, 30.4875030518, 38.7308731079, 32.8096656799, 30.0702800751, 31.265750885, 33.304775238, 34.940952301, 29.3731117249, 20.6667060852, 19.2875480652, 11.7663984299, 7.74652957916, 8.15020275116, 8.14572048187, 7.20157575607, 6.14818620682, 3.73199319839, 2.0042514801, 0.969596028328, 0.0684070661664, 0.00176681450102, 0.000125508100609, 3.18940146826e-05, 3.48241446773e-05],
        "median": [0.0409070514143, 0.391554534435, 1.35693597794, 2.18303370476, 2.20770072937, 3.37226128578, 5.14191770554, 6.98662900925, 5.14396619797, 4.57071638107, 5.76625537872, 8.76925468445, 8.85210800171, 12.098950386, 9.78971767426, 9.86748218536, 10.4302816391, 12.7094497681, 13.5497465134, 13.7707452774, 12.9247999191, 13.880068779, 16.2574043274, 14.7256288528, 10.8058261871, 8.94732093811, 5.92706871033, 3.8240981102, 3.60363554955, 3.16633176804, 2.58492326736, 2.03205299377, 1.25041365623, 0.633617162704, 0.273348748684, 0.0186650063843, 0.000530555145815, 4.4945096306e-05, 2.20437632379e-05, 3.11189796776e-05],
        "min": [2.04700180912e-21, 3.74497459722e-21, 2.18674969231e-20, 1.39848566575e-20, 4.29476633058e-20, 9.94980726781e-20, 1.00656300019e-19, 2.59030187104e-19, 7.09512412659e-19, 3.04805157621e-18, 2.7345439202e-18, 1.74477206606e-18, 1.42246155397e-18, 1.39193021416e-18, 5.44277108921e-18, 2.20669494912e-18, 2.80677477885e-18, 6.64601530519e-18, 8.00287399196e-18, 1.20499188318e-17, 6.01200948981e-18, 9.51689575434e-18, 1.25824287588e-17, 1.10737638181e-17, 1.53725164096e-17, 1.53751617332e-17, 1.28666587706e-17, 2.00883756521e-17, 2.19733068556e-17, 1.40689773715e-17, 1.70833360202e-17, 1.63505830377e-17, 1.77352254804e-17, 1.44795997538e-17, 1.25897857032e-17, 6.72611244468e-18, 3.01614060254e-18, 9.33833455025e-19, 2.73310503952e-19, 3.75786698254e-20],
        "var": [0.0108600594103, 1.82196760178, 49.1506729126, 70.0796966553, 45.4972991943, 109.19342041, 1963.54956055, 2442.13330078, 2096.30297852, 573.435974121, 614.864990234, 1493.55249023, 3221.67358398, 8910.93164062, 6679.63964844, 6461.22363281, 5462.22900391, 5672.20800781, 3130.32080078, 2766.54052734, 2926.99291992, 3299.51464844, 3158.80175781, 1956.03442383, 705.356872559, 1225.41906738, 976.163879395, 290.506958008, 327.699249268, 469.036102295, 406.546905518, 332.262634277, 109.131385803, 35.7015914917, 5.80684614182, 0.0282894875854, 1.80516799446e-05, 8.31496578257e-08, 1.94941107701e-09, 5.18975029618e-10]
    },
    "gfcc": {
        "mean": [4.13359594345, 89.551071167, -144.13734436, 54.8383293152, -71.6069564819, 26.7033424377, -43.6775588989, 12.251244545, -20.439409256, -5.75111246109, -2.59346961975, -9.3156003952, 2.81950879097],
        "cov": [[2806.50830078, -222.894256592, 436.852020264, 314.163024902, -92.2824020386, 21.9000530243, -335.004333496, 50.8744163513, -246.328475952, 70.1342315674, -106.205810547, -28.3382339478, -159.065887451], [-222.894256592, 732.512145996, -55.8409881592, 8.83500003815, 170.401397705, -106.293128967, 113.944290161, -53.1505241394, 64.6405029297, -40.3942298889, 126.694343567, -26.8325576782, 51.8819732666], [436.852020264, -55.8409881592, 1400.07287598, 741.769714355, 10.2202596664, 113.297515869, -298.736663818, -55.2433547974, -92.0375595093, 101.75403595, -42.4725761414, 75.0767822266, -54.9733695984], [314.163024902, 8.83500003815, 741.769714355, 615.314880371, 62.894153595, -19.5060214996, -190.355621338, -39.6607093811, 5.51512241364, 35.4758911133, 4.66534519196, 44.7698516846, -3.26249980927], [-92.2824020386, 170.401397705, 10.2202596664, 62.894153595, 192.950866699, 38.9590950012, 49.6604919434, 18.1255779266, 12.5942735672, 1.90419483185, 25.3835906982, -13.4724788666, 13.1820602417], [21.9000530243, -106.293128967, 113.297515869, -19.5060214996, 38.9590950012, 253.134643555, 112.938117981, 7.75162267685, -46.364074707, 46.6505317688, -34.8579368591, -29.8206520081, -33.876499176], [-335.004333496, 113.944290161, -298.736663818, -190.355621338, 49.6604919434, 112.938117981, 289.443664551, 44.327129364, 33.2686309814, -0.558744609356, 39.4903678894, -42.3028869629, 20.2676849365], [50.8744163513, -53.1505241394, -55.2433547974, -39.6607093811, 18.1255779266, 7.75162267685, 44.327129364, 137.237579346, 47.1606025696, 19.4926967621, -7.09096384048, 8.31161308289, 4.49190998077], [-246.328475952, 64.6405029297, -92.0375595093, 5.51512241364, 12.5942735672, -46.364074707, 33.2686309814, 47.1606025696, 165.458892822, 5.21868944168, 37.3644332886, 17.8821849823, 48.0272712708], [70.1342315674, -40.3942298889, 101.75403595, 35.4758911133, 1.90419483185, 46.6505317688, -0.558744609356, 19.4926967621, 5.21868944168, 97.7460632324, 27.9489593506, 17.7214641571, -6.61193370819], [-106.205810547, 126.694343567, -42.4725761414, 4.66534519196, 25.3835906982, -34.8579368591, 39.4903678894, -7.09096384048, 37.3644332886, 27.9489593506, 146.490310669, 42.9858055115, 42.1928024292], [-28.3382339478, -26.8325576782, 75.0767822266, 44.7698516846, -13.4724788666, -29.8206520081, -42.3028869629, 8.31161308289, 17.8821849823, 17.7214641571, 42.9858055115, 84.8765869141, 37.4258346558], [-159.065887451, 51.8819732666, -54.9733695984, -3.26249980927, 13.1820602417, -33.876499176, 20.2676849365, 4.49190998077, 48.0272712708, -6.61193370819, 42.1928024292, 37.4258346558, 77.9121246338]],
        "icov": [[0.00073875929229, -0.000708902487531, 0.000909158959985, -0.00121925829444, 0.00122276565526, -0.00131831190083, 0.0016659317771, -0.00163339904975, 0.00147060037125, -0.000448396400316, -8.37436673464e-05, 0.000209777645068, 0.000451471336419], [-0.000708902487531, 0.00460369512439, -0.00299845240079, 0.00325831375085, -0.00503625860438, 0.00548713095486, -0.00459712883458, 0.00415357435122, -0.00265423581004, 0.00123705924489, -0.00185859482735, 0.00206375983544, -0.000541515182704], [0.000909158959985, -0.00299845240079, 0.0055981753394, -0.00623695598915, 0.00452188262716, -0.00621571298689, 0.00519866216928, -0.00378926750273, 0.00354114873335, -0.00179197313264, 0.000980820157565, -0.00217158696614, 0.00111710419878], [-0.00121925829444, 0.00325831375085, -0.00623695598915, 0.00948699470609, -0.00630147615448, 0.0063074384816, -0.00401959847659, 0.005071811378, -0.00491613755003, 0.0015529775992, -0.00108020484913, 0.00160604261328, -0.0011247653747], [0.00122276565526, -0.00503625860438, 0.00452188262716, -0.00630147615448, 0.0126861678436, -0.0081096906215, 0.00557114602998, -0.00680612400174, 0.00433006091043, -0.000710228399839, -4.27338600275e-05, 0.000375479954528, -0.000839280954096], [-0.00131831190083, 0.00548713095486, -0.00621571298689, 0.0063074384816, -0.0081096906215, 0.0162701942027, -0.0117915701121, 0.00721356412396, -0.00294876401313, -0.00221291813068, 0.00170388724655, 0.00119472073857, 0.000764280906878], [0.0016659317771, -0.00459712883458, 0.00519866216928, -0.00401959847659, 0.00557114602998, -0.0117915701121, 0.0153896184638, -0.00804192014039, 0.00361331528984, 4.49219842267e-05, -0.00284461281262, 0.00334883644246, -0.00193886447232], [-0.00163339904975, 0.00415357435122, -0.00378926750273, 0.005071811378, -0.00680612400174, 0.00721356412396, -0.00804192014039, 0.0153541611508, -0.00709683494642, -0.00112515978981, 0.00217976723798, -0.00253889383748, 0.00125123991165], [0.00147060037125, -0.00265423581004, 0.00354114873335, -0.00491613755003, 0.00433006091043, -0.00294876401313, 0.00361331528984, -0.00709683494642, 0.0126681169495, -0.00233522872441, -0.000159772462212, 0.000837603001855, -0.00380596751347], [-0.000448396400316, 0.00123705924489, -0.00179197313264, 0.0015529775992, -0.000710228399839, -0.00221291813068, 4.49219842267e-05, -0.00112515978981, -0.00233522872441, 0.0155881950632, -0.00521108135581, -0.000878869905137, 0.00227917660959], [-8.37436673464e-05, -0.00185859482735, 0.000980820157565, -0.00108020484913, -4.27338600275e-05, 0.00170388724655, -0.00284461281262, 0.00217976723798, -0.000159772462212, -0.00521108135581, 0.013427159749, -0.00714250886813, -0.00110827374738], [0.000209777645068, 0.00206375983544, -0.00217158696614, 0.00160604261328, 0.000375479954528, 0.00119472073857, 0.00334883644246, -0.00253889383748, 0.000837603001855, -0.000878869905137, -0.00714250886813, 0.0245322678238, -0.0111870327964], [0.000451471336419, -0.000541515182704, 0.00111710419878, -0.0011247653747, -0.000839280954096, 0.000764280906878, -0.00193886447232, 0.00125123991165, -0.00380596751347, 0.00227917660959, -0.00110827374738, -0.0111870327964, 0.0242784507573]]
    },
    "melbands": {
        "dmean": [0.000538022781257, 0.00115778041072, 0.000605198321864, 0.000202575291041, 0.000277219864074, 0.000276905891951, 0.000149692510604, 7.48388119973e-05, 7.36882720958e-05, 8.98363432498e-05, 8.45058893901e-05, 9.24253763515e-05, 7.75225780671e-05, 5.14826424478e-05, 4.65799457743e-05, 4.14988098782e-05, 4.44907745987e-05, 3.21985498886e-05, 2.84892503259e-05, 2.17937122216e-05, 2.1213771106e-05, 1.87113455468e-05, 1.46771062646e-05, 1.69083214132e-05, 1.18510124594e-05, 8.18153966975e-06, 7.10682206773e-06, 6.63084847474e-06, 4.52977201348e-06, 2.62312960331e-06, 2.40921758632e-06, 2.56814314525e-06, 2.55206896327e-06, 2.62426237896e-06, 2.37178119278e-06, 2.31308581533e-06, 2.06183904083e-06, 1.52962672928e-06, 1.14680801744e-06, 8.62614115249e-07],
        "dmean2": [0.000825431197882, 0.00160690606572, 0.000949947279878, 0.000326728826622, 0.000421279866714, 0.000415724207414, 0.000235375002376, 0.000118924603157, 0.00011763083603, 0.000143992554513, 0.000132540269988, 0.000143995814142, 0.000119865690067, 7.79421170591e-05, 6.96167262504e-05, 6.44478786853e-05, 6.9288056693e-05, 5.0624479627e-05, 4.48675273219e-05, 3.40211045113e-05, 3.29038630298e-05, 2.86623399006e-05, 2.28119060921e-05, 2.61284949374e-05, 1.8329539671e-05, 1.26406403069e-05, 1.0881803064e-05, 1.00271490737e-05, 6.86236398906e-06, 3.99916370952e-06, 3.6328058286e-06, 3.85766634281e-06, 3.83959059036e-06, 3.83270389648e-06, 3.43321175933e-06, 3.36321090799e-06, 3.01494469568e-06, 2.1794105578e-06, 1.60482386491e-06, 1.24377515931e-06],
        "dvar": [6.18656770257e-07, 5.29307999386e-06, 1.71533667981e-06, 1.38414009143e-07, 3.85621376608e-07, 3.64029261846e-07, 1.93286084027e-07, 3.95687145271e-08, 3.18070227934e-08, 3.30495808498e-08, 3.88397367601e-08, 4.58145095195e-08, 3.2160460961e-08, 1.97728695639e-08, 2.03674694887e-08, 1.20329595177e-08, 1.06990691862e-08, 5.37320898886e-09, 4.07307210182e-09, 2.32701746761e-09, 2.31696950515e-09, 1.56609258894e-09, 1.00762542754e-09, 1.27602239886e-09, 7.50584039366e-10, 2.77794953707e-10, 1.53899878952e-10, 3.11360742744e-10, 2.20211057722e-10, 5.20618582966e-11, 5.11235498379e-11, 5.17097475949e-11, 4.97951471723e-11, 7.07730749006e-11, 6.12074765871e-11, 6.1564316145e-11, 6.08266284563e-11, 2.62018896163e-11, 1.8282290612e-11, 1.05778476256e-11],
        "dvar2": [1.39759526974e-06, 1.1116542737e-05, 3.9762508095e-06, 3.5162136669e-07, 8.52319374189e-07, 7.67358130815e-07, 4.45377082769e-07, 9.97385356527e-08, 7.67546453062e-08, 8.14475455968e-08, 8.97471537087e-08, 1.01488403459e-07, 7.18519004295e-08, 3.75808291153e-08, 3.69414259183e-08, 2.59574068906e-08, 2.32515233733e-08, 1.24059056361e-08, 9.45969880206e-09, 5.28803667521e-09, 5.27829557839e-09, 3.56567864124e-09, 2.55919196945e-09, 2.93609758728e-09, 1.64364699629e-09, 6.32975560855e-10, 3.36021210856e-10, 6.34792107768e-10, 4.26917168284e-10, 1.04716624261e-10, 1.11874794151e-10, 1.04419015101e-10, 1.00126837377e-10, 1.26805357881e-10, 1.13960785253e-10, 1.1188320409e-10, 1.20179366458e-10, 4.95666806211e-11, 3.81687702278e-11, 2.24426900675e-11],
        "max": [0.0101522579789, 0.0284758359194, 0.0147743718699, 0.00730822701007, 0.0163273438811, 0.0113405110314, 0.0130552034825, 0.00412444211543, 0.00370857235976, 0.00361241353676, 0.00401700241491, 0.00530105410144, 0.00454402621835, 0.00395935727283, 0.00483734533191, 0.00325184548274, 0.0021301463712, 0.00168824137654, 0.00161060178652, 0.00106538110413, 0.00119209045079, 0.000828803516924, 0.00110470026266, 0.000771738996264, 0.0011215924751, 0.000652665854432, 0.000271380151389, 0.000915275071748, 0.000877805461641, 0.000272944045719, 0.000269811833277, 0.000231882499065, 0.000228217933909, 0.000350848800736, 0.00030408060411, 0.000226912976359, 0.000304210348986, 0.000179211405339, 0.000145031430293, 0.00010835370631],
        "mean": [0.000866649032105, 0.00165079522412, 0.000840724038426, 0.000376513402443, 0.000619968399405, 0.000573001976591, 0.000273972080322, 0.000120514021546, 0.000114049682452, 0.000147703452967, 0.000143194571137, 0.000170387822436, 0.000140440533869, 8.95780030987e-05, 7.54921202315e-05, 6.90885644872e-05, 7.26148791728e-05, 5.27188749402e-05, 4.72889987577e-05, 3.6206562072e-05, 3.6389901652e-05, 3.63679464499e-05, 2.82330020127e-05, 3.21739025821e-05, 2.3074222554e-05, 1.62587239174e-05, 1.40494103107e-05, 1.26076665765e-05, 8.5252295321e-06, 4.70961686005e-06, 4.34036564911e-06, 4.62176376459e-06, 4.48947093901e-06, 4.5845376917e-06, 4.127912689e-06, 4.09993708672e-06, 3.61110210179e-06, 2.74706349046e-06, 2.08175993066e-06, 1.5438616856e-06],
        "median": [0.000427815626608, 0.000733946391847, 0.000414890819229, 0.000197465036763, 0.000189490077901, 0.000159622039064, 7.5189745985e-05, 4.5011369366e-05, 4.67213249067e-05, 5.27361262357e-05, 3.82740909117e-05, 4.5930602937e-05, 3.46476299455e-05, 2.22751805268e-05, 2.23283695959e-05, 2.04144162126e-05, 2.21129394049e-05, 1.93823143491e-05, 1.81772575161e-05, 1.48863664435e-05, 1.36117660077e-05, 1.38093901114e-05, 1.29269346871e-05, 1.37105098474e-05, 1.0890028534e-05, 8.10672554508e-06, 6.66959385853e-06, 5.4483571148e-06, 3.85591374652e-06, 2.32168395087e-06, 2.03442868951e-06, 2.03908143703e-06, 1.90015759927e-06, 1.66897916642e-06, 1.44446585182e-06, 1.42037185924e-06, 1.13306214189e-06, 8.9367728151e-07, 6.35304047591e-07, 4.64909845732e-07],
        "min": [1.63682658268e-23, 8.54511487475e-24, 2.96473018616e-24, 5.73361460855e-24, 3.23149138987e-24, 5.77413878768e-24, 1.2243450204e-23, 3.53998964635e-23, 2.02452868285e-23, 1.02818379115e-23, 6.98933207495e-24, 4.75207600495e-24, 1.72258207396e-23, 7.36567473586e-24, 5.44871275946e-24, 7.31671408378e-24, 1.31470469836e-23, 1.29494696701e-23, 1.82459125534e-23, 9.30176106719e-24, 6.69643038742e-24, 8.07199318026e-24, 1.42690927585e-23, 1.11173607282e-23, 8.25051950286e-24, 1.13228605717e-23, 9.25393637481e-24, 1.08759716577e-23, 7.26716494146e-24, 1.00101794593e-23, 1.25728327641e-23, 1.40892529825e-23, 9.03018623423e-24, 7.29216236583e-24, 7.53166684754e-24, 1.44685325725e-23, 7.64782898241e-24, 1.2694927133e-23, 1.28378490075e-23, 1.16083233009e-23],
        "var": [1.28055705773e-06, 8.03792227089e-06, 1.90918422049e-06, 2.68515748303e-07, 1.50758523887e-06, 1.1347722193e-06, 4.1846806198e-07, 5.77611487529e-08, 4.96810166339e-08, 6.78062903603e-08, 8.51670165503e-08, 1.45170389487e-07, 9.82930714599e-08, 5.36076889546e-08, 5.02931953861e-08, 2.64512696191e-08, 2.2836339042e-08, 1.11606581754e-08, 8.9418117355e-09, 4.58651960855e-09, 4.98482322087e-09, 4.82155293469e-09, 2.03947791988e-09, 3.3481186712e-09, 1.49004164562e-09, 6.31757146596e-10, 3.8354910914e-10, 7.41955163974e-10, 6.59651444579e-10, 1.17822793189e-10, 9.63506219254e-11, 1.11005357684e-10, 1.09173253771e-10, 1.6913916101e-10, 1.38656322535e-10, 1.44633610644e-10, 1.25104593351e-10, 6.06911534917e-11, 4.18627493781e-11, 2.25085540484e-11]
    },
    "mfcc": {
        "mean": [-618.317260742, 95.0210800171, -5.25517368317, 21.0094108582, 5.44839096069, 4.14884519577, 1.03789436817, 6.47316026688, -3.75246715546, 2.46614694595, -2.24386453629, -1.72030472755, -1.21275448799],
        "cov": [[2223.71533203, -247.027603149, 178.657699585, 99.647895813, 107.280342102, -102.515014648, -6.20983552933, -100.865203857, -105.449569702, -11.9638280869, -55.4373474121, -41.3257827759, 6.89798927307], [-247.027603149, 671.141662598, -289.449920654, -14.4900789261, -41.014339447, -9.15464115143, 84.2433776855, 29.3163204193, -14.5515556335, 24.9533977509, 37.7804985046, -1.62874603271, 14.1454954147], [178.657699585, -289.449920654, 1292.89746094, 522.18157959, 383.835266113, 187.523727417, -49.4209976196, -88.9855728149, -73.1215133667, -55.0887832642, -47.2184677124, 44.131690979, 21.7819652557], [99.647895813, -14.4900789261, 522.18157959, 528.882080078, 284.971038818, 16.8653755188, -79.5106582642, -40.6850357056, -51.451499939, -35.3529853821, -57.4845352173, 48.9834938049, 43.0393066406], [107.280342102, -41.014339447, 383.835266113, 284.971038818, 304.849151611, 45.3875999451, -43.2465553284, -24.3394012451, -28.2399997711, -16.8675613403, -33.4753227234, 18.9278774261, 18.8214855194], [-102.515014648, -9.15464115143, 187.523727417, 16.8653755188, 45.3875999451, 221.101501465, 101.993392944, -3.166877985, 7.75117397308, 17.6975402832, 28.9300613403, -13.2752504349, -19.0386104584], [-6.20983552933, 84.2433776855, -49.4209976196, -79.5106582642, -43.2465553284, 101.993392944, 217.620635986, 33.3182868958, 1.92112350464, 46.4086380005, 38.2163696289, -17.4037017822, -2.59936070442], [-100.865203857, 29.3163204193, -88.9855728149, -40.6850357056, -24.3394012451, -3.166877985, 33.3182868958, 96.4708786011, 57.1049156189, 21.5067768097, 13.2612800598, 7.71296548843, 6.21023511887], [-105.449569702, -14.5515556335, -73.1215133667, -51.451499939, -28.2399997711, 7.75117397308, 1.92112350464, 57.1049156189, 132.003952026, 44.7137908936, 22.6847076416, 4.74771642685, -3.65080308914], [-11.9638280869, 24.9533977509, -55.0887832642, -35.3529853821, -16.8675613403, 17.6975402832, 46.4086380005, 21.5067768097, 44.7137908936, 94.8546905518, 39.8971862793, 0.856473982334, 5.54419565201], [-55.4373474121, 37.7804985046, -47.2184677124, -57.4845352173, -33.4753227234, 28.9300613403, 38.2163696289, 13.2612800598, 22.6847076416, 39.8971862793, 81.7191009521, 20.2765350342, -1.30876064301], [-41.3257827759, -1.62874603271, 44.131690979, 48.9834938049, 18.9278774261, -13.2752504349, -17.4037017822, 7.71296548843, 4.74771642685, 0.856473982334, 20.2765350342, 75.6274032593, 31.6544036865], [6.89798927307, 14.1454954147, 21.7819652557, 43.0393066406, 18.8214855194, -19.0386104584, -2.59936070442, 6.21023511887, -3.65080308914, 5.54419565201, -1.30876064301, 31.6544036865, 63.5995254517]],
