{
"lowlevel": {
    "average_loudness": 0.896609902382,
    "barkbands_crest": {
        "dmean": 2.56608700752,
        "dmean2": 4.26495027542,
        "dvar": 5.95771837234,
        "dvar2": 15.8502931595,
        "max": 24.5118198395,
        "mean": 7.51549482346,
        "median": 6.65321874619,
        "min": 1.93037819862,
        "var": 11.9640388489
    },
    "barkbands_flatness_db": {
        "dmean": 0.0191260762513,
        "dmean2": 0.0308825429529,
        "dvar": 0.000341480073985,
        "dvar2": 0.00089558493346,
        "max": 0.336062639952,
        "mean": 0.132994323969,
        "median": 0.1301240623,
        "min": 0.0597330182791,
        "var": 0.00110394693911
    },
    "barkbands_kurtosis": {
        "dmean": 1.23651897907,
        "dmean2": 2.0483546257,
        "dvar": 6.61753702164,
        "dvar2": 15.9940805435,
        "max": 75.7621154785,
        "mean": 0.380919665098,
        "median": -0.358190655708,
        "min": -1.94800078869,
        "var": 10.8911790848
    },
    "barkbands_skewness": {
        "dmean": 0.47446975112,
        "dmean2": 0.742140233517,
        "dvar": 0.285690963268,
        "dvar2": 0.692340195179,
        "max": 7.8995757103,
        "mean": 0.555009841919,
        "median": 0.447668612003,
        "min": -2.83688592911,
        "var": 0.769863188267
    },
    "barkbands_spread": {
        "dmean": 6.89428281784,
        "dmean2": 10.7713136673,
        "dvar": 58.966342926,
        "dvar2": 139.680496216,
        "max": 128.420837402,
        "mean": 31.4906463623,
        "median": 29.8054199219,
        "min": 1.5707321167,
        "var": 252.081512451
    },
    "dissonance": {
        "dmean": 0.0119284717366,
        "dmean2": 0.0201076436788,
        "dvar": 0.000178160829819,
        "dvar2": 0.000450148014352,
        "max": 0.500000119209,
        "mean": 0.482971012592,
        "median": 0.488007903099,
        "min": 0.267290353775,
        "var": 0.000294185854727
    },
    "dynamic_complexity": 1.96638250351,
    "erbbands_crest": {
        "dmean": 2.40402531624,
        "dmean2": 3.96691632271,
        "dvar": 5.24090576172,
        "dvar2": 13.2791252136,
        "max": 30.2383499146,
        "mean": 7.56312131882,
        "median": 6.72325658798,
        "min": 2.35658359528,
        "var": 11.1499004364
    },
    "erbbands_flatness_db": {
        "dmean": 0.0162758175284,
        "dmean2": 0.023695519194,
        "dvar": 0.000229324141401,
        "dvar2": 0.000429507956142,
        "max": 0.349406152964,
        "mean": 0.178715437651,
        "median": 0.169994860888,
        "min": 0.0621195547283,
        "var": 0.00193534686696
    },
    "erbbands_kurtosis": {
        "dmean": 0.817664504051,
        "dmean2": 1.32095777988,
        "dvar": 1.16572129726,
        "dvar2": 2.85686683655,
        "max": 27.2802047729,
        "mean": 0.354649364948,
        "median": 0.0338490009308,
        "min": -1.79719626904,
        "var": 2.19822525978
    },
    "erbbands_skewness": {
        "dmean": 0.352006077766,
        "dmean2": 0.549430847168,
        "dvar": 0.10738042742,
        "dvar2": 0.246835485101,
        "max": 4.4531712532,
        "mean": -0.0505336560309,
        "median": -0.0503887832165,
        "min": -4.6864118576,
        "var": 0.517624497414
    },
    "erbbands_spread": {
        "dmean": 7.43540000916,
        "dmean2": 11.4804391861,
        "dvar": 68.584274292,
        "dvar2": 165.697647095,
        "max": 115.153839111,
        "mean": 33.2010383606,
        "median": 30.629535675,
        "min": 6.11595439911,
        "var": 249.83984375
    },
    "hfc": {
        "dmean": 7.72832775116,
        "dmean2": 10.8308143616,
        "dvar": 86.943397522,
        "dvar2": 166.38923645,
        "max": 177.347564697,
        "mean": 28.4144802094,
        "median": 24.0331916809,
        "min": 1.1356937024e-16,
        "var": 365.265136719
    },
    "melbands_crest": {
        "dmean": 3.41869282722,
        "dmean2": 5.65888118744,
        "dvar": 9.76278018951,
        "dvar2": 24.1233711243,
        "max": 31.096321106,
        "mean": 11.5564489365,
        "median": 10.642583847,
        "min": 1.87546384335,
        "var": 23.8169670105
    },
    "melbands_flatness_db": {
        "dmean": 0.0238112099469,
        "dmean2": 0.0372256189585,
        "dvar": 0.000690578890499,
        "dvar2": 0.00165083887987,
        "max": 0.360623568296,
        "mean": 0.126169264317,
        "median": 0.1240362674,
        "min": 0.00521430559456,
        "var": 0.00219669193029
    },
    "melbands_kurtosis": {
        "dmean": 4.09431314468,
        "dmean2": 6.78362083435,
        "dvar": 92.260848999,
        "dvar2": 244.194717407,
        "max": 213.898330688,
        "mean": 4.8589849472,
        "median": 1.8714966774,
        "min": -1.82221484184,
        "var": 107.11920929
    },
    "melbands_skewness": {
        "dmean": 0.668121933937,
        "dmean2": 1.04471099377,
        "dvar": 0.744463264942,
        "dvar2": 1.80971610546,
        "max": 11.9357156754,
        "mean": 1.60871767998,
        "median": 1.31386089325,
        "min": -1.48269116879,
        "var": 1.77224159241
    },
    "melbands_spread": {
        "dmean": 12.0953922272,
        "dmean2": 18.9816551208,
        "dvar": 228.948104858,
        "dvar2": 544.220581055,
        "max": 206.541183472,
        "mean": 43.2226982117,
        "median": 39.1517181396,
        "min": 1.54798567295,
        "var": 643.095092773
    },
    "pitch_salience": {
        "dmean": 0.0701411515474,
        "dmean2": 0.115969456732,
        "dvar": 0.00457693682984,
        "dvar2": 0.0120958453044,
        "max": 0.975454390049,
        "mean": 0.619404017925,
        "median": 0.625692367554,
        "min": 0.178675681353,
        "var": 0.0114658270031
    },
    "silence_rate_20dB": {
        "dmean": 0,
        "dmean2": 0,
        "dvar": 0,
        "dvar2": 0,
        "max": 1,
        "mean": 1,
        "median": 1,
        "min": 1,
        "var": 0
    },
    "silence_rate_30dB": {
        "dmean": 0.00045121263247,
        "dmean2": 0.000902527070139,
        "dvar": 0.000451036554296,
        "dvar2": 0.00135308573954,
        "max": 1,
        "mean": 0.99977439642,
        "median": 1,
        "min": 0,
        "var": 0.000225490963203
    },
    "silence_rate_60dB": {
        "dmean": 0.0130851659924,
        "dmean2": 0.0261732842773,
        "dvar": 0.0129125397652,
        "dvar2": 0.0327050536871,
        "max": 1,
        "mean": 0.0144371753559,
        "median": 0,
        "min": 0,
        "var": 0.0142275439575
    },
    "spectral_centroid": {
        "dmean": 290.516265869,
        "dmean2": 456.017822266,
        "dvar": 101178.382812,
        "dvar2": 230331.796875,
        "max": 11433.3662109,
        "mean": 2126.07324219,
        "median": 2075.51318359,
        "min": 267.283477783,
        "var": 403481.96875
    },
    "spectral_complexity": {
        "dmean": 4.957924366,
        "dmean2": 7.30460309982,
        "dvar": 22.5713291168,
        "dvar2": 41.5552062988,
        "max": 59,
        "mean": 27.7206172943,
        "median": 28,
        "min": 0,
        "var": 112.04473877
    },
    "spectral_decrease": {
        "dmean": 1.76041758948e-09,
        "dmean2": 2.72645372945e-09,
        "dvar": 7.25986810572e-18,
        "dvar2": 1.73679539798e-17,
        "max": -2.47467572187e-30,
        "mean": -4.91954610382e-09,
        "median": -4.13090628371e-09,
        "min": -3.38684102985e-08,
        "var": 1.23042024239e-17
    },
    "spectral_energy": {
        "dmean": 0.00714105647057,
        "dmean2": 0.0108904764056,
        "dvar": 0.000108274405648,
        "dvar2": 0.000253198551945,
        "max": 0.140193358064,
        "mean": 0.0211447477341,
        "median": 0.018021799624,
        "min": 1.0463133584e-20,
        "var": 0.000205012940569
    },
    "spectral_energyband_high": {
        "dmean": 0.000574035162572,
        "dmean2": 0.000844287744258,
        "dvar": 1.10708731427e-06,
        "dvar2": 2.47154025601e-06,
        "max": 0.0246060024947,
        "mean": 0.00152402603999,
        "median": 0.00101203087252,
        "min": 7.29521843822e-21,
        "var": 3.05611820295e-06
    },
    "spectral_energyband_low": {
        "dmean": 0.0034338068217,
        "dmean2": 0.00575663102791,
        "dvar": 8.6015323177e-05,
        "dvar2": 0.000227211159654,
        "max": 0.100353211164,
        "mean": 0.00487732328475,
        "median": 0.00280031608418,
        "min": 7.15953244401e-23,
        "var": 7.78571848059e-05
    },
    "spectral_energyband_middle_high": {
        "dmean": 0.0028747569304,
        "dmean2": 0.00415486376733,
        "dvar": 1.15388747872e-05,
        "dvar2": 2.27991749853e-05,
        "max": 0.0516662672162,
        "mean": 0.00887185707688,
        "median": 0.0068148477003,
        "min": 1.46766417786e-21,
        "var": 5.07685763296e-05
    },
    "spectral_energyband_middle_low": {
        "dmean": 0.0033595894929,
        "dmean2": 0.0053541501984,
        "dvar": 2.56283165072e-05,
        "dvar2": 5.90719209868e-05,
        "max": 0.0679168328643,
        "mean": 0.00651299301535,
        "median": 0.00409386213869,
        "min": 3.69587821688e-22,
        "var": 4.85179298266e-05
    },
    "spectral_entropy": {
        "dmean": 0.111028887331,
        "dmean2": 0.163981601596,
        "dvar": 0.0127864209935,
        "dvar2": 0.0243476256728,
        "max": 9.80237197876,
        "mean": 7.91003036499,
        "median": 7.91394233704,
        "min": 6.22660112381,
        "var": 0.0628582984209
    },
    "spectral_flux": {
        "dmean": 0.0214172806591,
        "dmean2": 0.0325124263763,
        "dvar": 0.000688354833983,
        "dvar2": 0.00139698886778,
        "max": 0.293887734413,
        "mean": 0.0910884588957,
        "median": 0.0830819755793,
        "min": 6.60101556749e-11,
        "var": 0.00162034656387
    },
    "spectral_kurtosis": {
        "dmean": 1.13520085812,
        "dmean2": 1.93224835396,
        "dvar": 1.40817594528,
        "dvar2": 4.18785762787,
        "max": 14.4586391449,
        "mean": 2.9502184391,
        "median": 2.45936799049,
        "min": -1.23618817329,
        "var": 3.78093147278
    },
    "spectral_rms": {
        "dmean": 0.000728697981685,
        "dmean2": 0.00107887445483,
        "dvar": 7.51095114992e-07,
        "dvar2": 1.56928660999e-06,
        "max": 0.0116950422525,
        "mean": 0.00430929427966,
        "median": 0.0041931187734,
        "min": 3.19498594248e-12,
        "var": 2.0590771328e-06
    },
    "spectral_rolloff": {
        "dmean": 699.784545898,
        "dmean2": 1135.36535645,
        "dvar": 901987.3125,
        "dvar2": 2045453.625,
        "max": 18884.6191406,
        "mean": 2761.28344727,
        "median": 2390.18554688,
        "min": 86.1328125,
        "var": 2405934.5
    },
    "spectral_skewness": {
        "dmean": 0.172314941883,
        "dmean2": 0.28159314394,
        "dvar": 0.0246701352298,
        "dvar2": 0.0648276433349,
        "max": 3.03556036949,
        "mean": 1.16888952255,
        "median": 1.1293181181,
        "min": -0.206152066588,
        "var": 0.109294012189
    },
    "spectral_spread": {
        "dmean": 415802.34375,
        "dmean2": 617581.1875,
        "dvar": 313965182976,
        "dvar2": 660489699328,
        "max": 41393880,
        "mean": 4163337.25,
        "median": 4095270.5,
        "min": 1487764.875,
        "var": 1.63021966541e+12
    },
    "spectral_strongpeak": {
        "dmean": 0.722250461578,
        "dmean2": 1.22246313095,
        "dvar": 1.09901285172,
        "dvar2": 2.74677395821,
        "max": 12.1179304123,
        "mean": 1.03396987915,
        "median": 0.500654816628,
        "min": 0,
        "var": 1.59345400333
    },
    "zerocrossingrate": {
        "dmean": 0.0120773734525,
        "dmean2": 0.0144307930022,
        "dvar": 0.000195048778551,
        "dvar2": 0.000247200427111,
        "max": 0.64208984375,
        "mean": 0.0924586355686,
        "median": 0.08349609375,
        "min": 0.00927734375,
        "var": 0.00145789748058
    },
    "barkbands": {
        "dmean": [4.66530182166e-05, 0.00226366659626, 0.00139081780799, 0.000580960768275, 0.000941047735978, 0.000584939669352, 0.00117104290985, 0.000506220385432, 0.000897944846656, 0.000885886198375, 0.00070845434675, 0.000556930084713, 0.000617747136857, 0.000639354053419, 0.000509898818564, 0.000381694902899, 0.000384158280212, 0.000348685629433, 0.000395226903493, 0.000256225583144, 0.000182501229574, 0.000175888737431, 0.000138979419717, 7.5998264947e-05, 5.29698627361e-05, 1.59513589892e-07, 8.36321401021e-10],
        "dmean2": [7.53433123464e-05, 0.00390179711394, 0.00243420735933, 0.000981134013273, 0.00154822249897, 0.000972056877799, 0.00193049956579, 0.000855806400068, 0.00151490466669, 0.00146815017797, 0.00115721055772, 0.000909914728254, 0.000998748699203, 0.00103869964369, 0.000831971759908, 0.000616064760834, 0.000607228896115, 0.000551182078198, 0.000626236898825, 0.000407216139138, 0.000288288632873, 0.000277487648418, 0.000221645997954, 0.00011282297055, 7.51772313379e-05, 2.81807245983e-07, 1.55374457744e-09],
        "dvar": [1.24024488457e-08, 4.21101976826e-05, 1.43128436321e-05, 1.77298920789e-06, 4.90949832965e-06, 2.02983915187e-06, 9.85215592664e-06, 2.47082743954e-06, 5.23952621734e-06, 3.38338236361e-06, 1.93075038624e-06, 1.12708312372e-06, 1.52253403485e-06, 1.38297968988e-06, 6.0950230818e-07, 4.32634863046e-07, 3.75369666017e-07, 2.98229366535e-07, 4.53816568324e-07, 1.95427745098e-07, 7.88511869132e-08, 1.06484293383e-07, 1.74018751409e-07, 3.63976404572e-08, 1.01186365953e-08, 3.78783836978e-13, 1.30933778096e-18],
        "dvar2": [2.99207592036e-08, 0.000112545312732, 4.12913614127e-05, 4.88043087898e-06, 1.20133681776e-05, 4.89265721626e-06, 2.47431453317e-05, 6.32655792288e-06, 1.343533404e-05, 8.69754876476e-06, 4.8518472795e-06, 2.84782686322e-06, 3.78946378987e-06, 3.58122611033e-06, 1.53409609993e-06, 1.02807985058e-06, 8.81586458945e-07, 7.00720420355e-07, 1.05742537926e-06, 4.60571158101e-07, 1.86751563547e-07, 2.53150091112e-07, 4.47011728966e-07, 8.54963531083e-08, 2.03751859829e-08, 1.0601336432e-12, 4.1188011036e-18],
        "max": [0.0015973332338, 0.0704621076584, 0.068731084466, 0.0409274995327, 0.0503403283656, 0.0260545331985, 0.0581366494298, 0.0402997992933, 0.0366614684463, 0.0378358401358, 0.0230891704559, 0.0174596998841, 0.028098763898, 0.0308925826102, 0.0147893168032, 0.0164414215833, 0.0161350015551, 0.0119343902916, 0.0143818771467, 0.00976592861116, 0.00675682071596, 0.0101766558364, 0.0122877983376, 0.00833622552454, 0.00316789164208, 1.31189799504e-05, 1.31224968669e-08],
        "mean": [5.02472466906e-05, 0.00254659703933, 0.00186077586841, 0.00080371130025, 0.00142006459646, 0.000789665384218, 0.0014586802572, 0.000571095093619, 0.001090517384, 0.00128719734494, 0.00102753657848, 0.000866991176736, 0.000960362318438, 0.00104976410512, 0.000841455883346, 0.000657931494061, 0.00067626935197, 0.000645661144517, 0.00075740844477, 0.00049301458057, 0.000394844071707, 0.000342247745721, 0.000264495785814, 0.000170960687683, 0.00011718927999, 1.17810124323e-07, 6.8458938518e-10],
        "median": [1.27401926875e-05, 0.000907000969164, 0.000721886754036, 0.000387070787838, 0.000614814751316, 0.000245695875492, 0.000319978338666, 0.000184265169082, 0.000321538245771, 0.000482319039293, 0.000354220683221, 0.000369043002138, 0.000433594163042, 0.000486338220071, 0.000496402499266, 0.000384497310733, 0.000388961605495, 0.000409575004596, 0.000453222368378, 0.000302088505123, 0.000265235255938, 0.000216631233343, 0.000131479726406, 7.91583297541e-05, 4.75763335999e-05, 2.54259058252e-09, 2.93507218529e-10],
        "min": [1.68674617408e-23, 2.857722151e-23, 8.17962457331e-24, 6.92192233287e-24, 3.32793184434e-23, 7.06845939913e-23, 7.09318608644e-23, 4.22348366264e-23, 7.02129435224e-23, 4.06196407675e-23, 1.97328696058e-23, 3.74038839973e-23, 4.19650556631e-23, 4.86887759047e-23, 1.02676734407e-22, 1.06560189358e-22, 1.40223724083e-22, 1.71571251543e-22, 1.86064014767e-22, 2.37620076025e-22, 3.58838058309e-22, 4.21905152653e-22, 5.01559934485e-22, 6.3526567325e-22, 1.04461450794e-21, 1.63563717607e-21, 2.06245732344e-21],
        "var": [1.3904316809e-08, 3.45086627931e-05, 1.16495921247e-05, 1.92646848518e-06, 7.69361940911e-06, 3.25040400639e-06, 1.34538304337e-05, 2.33499213209e-06, 5.54558846488e-06, 5.11944108439e-06, 3.44516024597e-06, 2.00505201065e-06, 2.68520125246e-06, 2.65733547167e-06, 1.14252907224e-06, 8.30125031825e-07, 8.4280475221e-07, 5.70320594306e-07, 9.13362725896e-07, 3.87833352988e-07, 1.97596023099e-07, 1.9155066866e-07, 2.25563709932e-07, 6.86702747998e-08, 3.40895773832e-08, 2.8851457356e-13, 1.07253396276e-18]
    },
    "erbbands": {
        "dmean": [0.0494906902313, 0.584779798985, 1.60334908962, 1.61582827568, 2.92221879959, 3.37318754196, 2.85054683685, 5.91455364227, 13.9255609512, 15.4229822159, 11.4587259293, 20.8882961273, 25.7223587036, 26.8720474243, 23.5122318268, 23.1192779541, 24.9954853058, 32.48960495, 29.0085334778, 19.8522834778, 18.980381012, 19.361410141, 19.2248382568, 17.7160491943, 19.8223991394, 11.7840948105, 8.48868083954, 6.2040886879, 6.6435546875, 5.50255346298, 3.85290908813, 1.96613240242, 1.10663259029, 0.709701359272, 0.356815963984, 0.0244258176535, 0.000603212567512, 4.03106496378e-05, 8.19106026029e-06, 9.12854193302e-06],
        "dmean2": [0.0839113965631, 1.01798903942, 2.84143424034, 2.71307563782, 4.96857309341, 5.47011041641, 4.69178009033, 9.79259204865, 22.8279914856, 25.6205692291, 19.2389202118, 35.4170265198, 42.8219184875, 43.4542503357, 38.0839538574, 37.3941955566, 39.7901802063, 52.4279823303, 46.9420509338, 32.2518806458, 29.9335231781, 30.1451797485, 30.3598442078, 28.0448665619, 31.1060752869, 18.6044273376, 13.41614151, 9.81782341003, 10.4839839935, 8.83493804932, 6.21071624756, 3.01367425919, 1.61795568466, 1.02657711506, 0.519880235195, 0.0366591885686, 0.000882731867023, 5.70585034438e-05, 1.12810876089e-05, 1.3382288671e-05],
        "dvar": [0.017512248829, 3.01200032234, 22.2303180695, 12.0730447769, 48.2799072266, 79.2206115723, 88.727935791, 229.225570679, 1302.24157715, 2276.5703125, 1346.12854004, 3398.28491211, 3120.13232422, 2827.63671875, 2417.50170898, 2172.99633789, 2238.70751953, 3378.82104492, 2157.35791016, 1137.69519043, 914.055786133, 985.960388184, 931.055175781, 912.399536133, 1189.60449219, 427.533599854, 172.467666626, 104.258270264, 148.180709839, 147.713684082, 165.463684082, 37.9443817139, 4.46443033218, 1.90228247643, 0.492636889219, 0.00261555449106, 1.4925853975e-06, 5.99358029874e-09, 1.53848156437e-10, 1.47125117644e-10],
        "dvar2": [0.0456129647791, 8.26449489594, 63.9510803223, 33.7122612, 128.945083618, 190.796783447, 222.186050415, 544.102233887, 3221.15039062, 5862.57177734, 3447.60253906, 8892.625, 7957.8359375, 7169.84667969, 6031.58789062, 5477.53369141, 5481.27099609, 8811.20996094, 5419.02685547, 2880.58789062, 2033.84008789, 2323.34350586, 2186.47973633, 2164.47387695, 2721.26513672, 1005.74377441, 400.578521729, 249.469985962, 353.295684814, 373.995117188, 429.470367432, 93.3529663086, 9.62930297852, 4.04114484787, 1.04034125805, 0.00595204532146, 3.25067071572e-06, 1.23450654144e-08, 2.93474050617e-10, 3.17187054399e-10],
        "max": [1.60383200645, 18.5162601471, 60.7500114441, 73.245300293, 129.894500732, 205.739440918, 386.964355469, 332.629180908, 739.180297852, 977.510864258, 1074.31713867, 1080.66345215, 1409.96643066, 1182.76611328, 920.580078125, 782.285339355, 894.968322754, 1122.32043457, 981.01171875, 931.219177246, 1004.26672363, 1074.52331543, 628.980773926, 820.93963623, 927.105773926, 487.430541992, 330.50894165, 273.667358398, 415.828033447, 404.569610596, 357.729217529, 293.277069092, 50.6094436646, 44.3732872009, 16.7091751099, 1.22454881668, 0.02883438766, 0.00186680397019, 0.000314098375384, 0.000207027042052],
        "mean": [0.0536331869662, 0.647430896759, 2.03628993034, 2.60237073898, 4.04805660248, 4.8579325676, 3.72448158264, 8.00801086426, 17.7961711884, 19.2596359253, 13.3648681641, 25.0945987701, 37.1412315369, 41.9795875549, 38.0204353333, 38.2330703735, 42.7240219116, 55.9076728821, 51.940612793, 36.6931343079, 36.8032035828, 36.612575531, 36.7529983521, 34.3434143066, 37.8932266235, 23.6781463623, 18.7468719482, 12.8868045807, 12.4177236557, 10.8807725906, 7.04418802261, 4.06022071838, 2.50644207001, 1.55023694038, 0.730539560318, 0.0450442172587, 0.00121816410683, 9.33016926865e-05, 2.67157938652e-05, 3.03766209981e-05],
        "median": [0.0177849270403, 0.242223650217, 0.888358592987, 1.34567809105, 1.78407025337, 1.83295297623, 1.3425270319, 2.49438238144, 4.69167613983, 4.58673763275, 5.30683755875, 7.93747138977, 14.4788541794, 17.0428466797, 15.754278183, 17.1595878601, 21.0082626343, 27.5169754028, 30.4064941406, 23.8892650604, 21.9638786316, 22.3252067566, 23.5300369263, 21.8010978699, 22.5580539703, 14.8401279449, 12.7360496521, 8.57658004761, 7.80471038818, 6.06767416, 3.43405628204, 1.92387866974, 1.15507411957, 0.649707078934, 0.276566028595, 0.0155600626022, 0.000459817470983, 4.17755254603e-05, 2.01458497031e-05, 2.64687078015e-05],
        "min": [8.25004467171e-22, 4.56429214719e-21, 8.47142887959e-21, 3.90856927351e-20, 1.12514451088e-19, 1.02206300778e-19, 2.30559018161e-19, 3.24040172601e-19, 4.2219882661e-19, 1.67361788637e-18, 9.44470480715e-19, 1.27975697507e-18, 1.83963437948e-18, 1.25040447104e-18, 1.07984458502e-18, 2.41556260328e-18, 2.46942943195e-18, 2.55732812538e-18, 3.69582312455e-18, 6.48107300951e-18, 8.82919020077e-18, 7.58009949934e-18, 1.07859636947e-17, 9.62574445114e-18, 1.02386794948e-17, 1.12187065409e-17, 1.56058706778e-17, 1.45893087184e-17, 1.42329493843e-17, 1.46258502491e-17, 1.4319465859e-17, 1.27236624038e-17, 1.13324364305e-17, 1.14382708812e-17, 7.39370427447e-18, 6.08842071249e-18, 3.08983701845e-18, 1.15557234971e-18, 2.71016344373e-19, 3.21189385093e-20],
        "var": [0.0160904675722, 2.27873826027, 16.2386665344, 14.4157028198, 60.7971458435, 118.056518555, 95.3464660645, 377.311035156, 1836.25427246, 2710.74194336, 1199.40112305, 3248.86279297, 4320.40087891, 4692.60888672, 4488.99560547, 3924.13037109, 4227.97900391, 6955.15380859, 4282.15478516, 2013.8416748, 2273.73730469, 2244.83837891, 1816.28613281, 1766.9642334, 2422.50708008, 848.227783203, 436.465698242, 225.519470215, 253.560119629, 252.59753418, 191.303939819, 50.4097671509, 12.8582611084, 5.85330247879, 1.47717905045, 0.00666008563712, 4.28522298535e-06, 1.98952534447e-08, 5.9626237281e-10, 3.82756215611e-10]
    },
    "gfcc": {
        "mean": [8.51417922974, 80.0314178467, -163.23815918, 53.7759170532, -70.7401657104, 29.8504924774, -38.5317993164, 10.7204675674, -20.2866706848, -3.86106872559, -6.34324836731, -12.5116424561, -0.416595637798],
        "cov": [[3088.41430664, -227.038604736, 381.370758057, 493.797515869, -22.1359939575, 165.072021484, -217.253143311, 52.6866989136, -123.957420349, 129.730697632, -20.5132751465, 35.547996521, -73.1854400635], [-227.038604736, 734.758972168, -77.7758255005, -112.655128479, 149.461471558, -89.0835800171, 138.231399536, -30.348657608, 80.8339996338, -79.6903686523, 41.3554000854, -90.0820236206, -5.78524971008], [381.370758057, -77.7758255005, 935.696838379, 618.960327148, 33.6955184937, 90.8940353394, -200.463043213, -34.6918907166, -77.8899612427, 69.7032928467, -45.1378746033, 25.2056808472, -75.0468978882], [493.797515869, -112.655128479, 618.960327148, 654.770690918, 122.874023438, 62.7614364624, -144.606674194, -50.6987571716, -61.0168991089, 46.802444458, -29.0785770416, 12.1446475983, -49.1399421692], [-22.1359939575, 149.461471558, 33.6955184937, 122.874023438, 230.535751343, 77.5373306274, 70.7804412842, 9.3457403183, 0.921099245548, -22.7958126068, -2.50763702393, -24.7402038574, -7.21262645721], [165.072021484, -89.0835800171, 90.8940353394, 62.7614364624, 77.5373306274, 206.628723145, 76.8877029419, 33.19556427, -49.8041038513, 2.36915922165, -21.3231658936, 11.2583341599, -10.0227947235], [-217.253143311, 138.231399536, -200.463043213, -144.606674194, 70.7804412842, 76.8877029419, 228.614227295, 63.8124160767, 6.79398488998, -43.607925415, 12.9381093979, -29.4456119537, 9.35918807983], [52.6866989136, -30.348657608, -34.6918907166, -50.6987571716, 9.3457403183, 33.19556427, 63.8124160767, 118.726409912, 40.6798095703, 14.6178407669, -7.31167268753, 2.36858582497, -1.52993965149], [-123.957420349, 80.8339996338, -77.8899612427, -61.0168991089, 0.921099245548, -49.8041038513, 6.79398488998, 40.6798095703, 136.460830688, 34.3888778687, 9.91245555878, -8.57287883759, 7.82020521164], [129.730697632, -79.6903686523, 69.7032928467, 46.802444458, -22.7958126068, 2.36915922165, -43.607925415, 14.6178407669, 34.3888778687, 96.4748840332, 23.5332698822, 18.6283187866, -5.74407672882], [-20.5132751465, 41.3554000854, -45.1378746033, -29.0785770416, -2.50763702393, -21.3231658936, 12.9381093979, -7.31167268753, 9.91245555878, 23.5332698822, 74.247177124, 17.5432662964, 1.16108798981], [35.547996521, -90.0820236206, 25.2056808472, 12.1446475983, -24.7402038574, 11.2583341599, -29.4456119537, 2.36858582497, -8.57287883759, 18.6283187866, 17.5432662964, 69.2872161865, 25.1001262665], [-73.1854400635, -5.78524971008, -75.0468978882, -49.1399421692, -7.21262645721, -10.0227947235, 9.35918807983, -1.52993965149, 7.82020521164, -5.74407672882, 1.16108798981, 25.1001262665, 58.6783218384]],
        "icov": [[0.000705300364643, -0.00108574645128, 0.00135772011708, -0.00156258698553, 0.00134519301355, -0.00164009141736, 0.00186640187167, -0.00183741387445, 0.00142395996954, -0.0010979998624, 0.000272213219432, -0.000173588079633, 0.000511721358635], [-0.00108574645128, 0.00600715354085, -0.00487489486113, 0.00500399246812, -0.00555111048743, 0.00561161572114, -0.00586198968813, 0.0056290240027, -0.00495235482231, 0.00434884568676, -0.00312414392829, 0.00331792724319, -0.00171989772934], [0.00135772011708, -0.00487489486113, 0.00814429763705, -0.0078871557489, 0.00606760336086, -0.00645549083129, 0.00687109259889, -0.00609037652612, 0.00476437807083, -0.00394483096898, 0.00266659026965, -0.00253635575064, 0.00342336227186], [-0.00156258698553, 0.00500399246812, -0.0078871557489, 0.0105884112418, -0.00831317994744, 0.00636243913323, -0.00521545950323, 0.00674337986857, -0.00390443555079, 0.00264289160259, -0.00141117197927, 0.00156638550106, -0.00146606878843], [0.00134519301355, -0.00555111048743, 0.00606760336086, -0.00831317994744, 0.0131554016843, -0.00856538675725, 0.00461693201214, -0.00562862632796, 0.00280189467594, -0.00159502855968, 0.000654765055515, -4.98708541272e-05, 0.000678469543345], [-0.00164009141736, 0.00561161572114, -0.00645549083129, 0.00636243913323, -0.00856538675725, 0.0160171315074, -0.011320409365, 0.00590855628252, -0.00138646864798, 0.00035490465234, 0.00247284956276, -0.00233908672817, 0.000393457128666], [0.00186640187167, -0.00586198968813, 0.00687109259889, -0.00521545950323, 0.00461693201214, -0.011320409365, 0.0185505133122, -0.0119257839397, 0.0057568307966, -0.000221586888074, -0.00307867513038, 0.00340133486316, -0.000648790912237], [-0.00183741387445, 0.0056290240027, -0.00609037652612, 0.00674337986857, -0.00562862632796, 0.00590855628252, -0.0119257839397, 0.0201911423355, -0.00943956151605, 0.00162825966254, 0.00205696257763, -0.00195076386444, 0.00107837095857], [0.00142395996954, -0.00495235482231, 0.00476437807083, -0.00390443555079, 0.00280189467594, -0.00138646864798, 0.0057568307966, -0.00943956151605, 0.0166529305279, -0.00944489706308, 0.00315539771691, -0.000434656685684, 3.41997656506e-05], [-0.0010979998624, 0.00434884568676, -0.00394483096898, 0.00264289160259, -0.00159502855968, 0.00035490465234, -0.000221586888074, 0.00162825966254, -0.00944489706308, 0.0215121824294, -0.00995995104313, 0.00246024737135, -0.001321031712], [0.000272213219432, -0.00312414392829, 0.00266659026965, -0.00141117197927, 0.000654765055515, 0.00247284956276, -0.00307867513038, 0.00205696257763, 0.00315539771691, -0.00995995104313, 0.0232000425458, -0.0116009013727, 0.00641550542787], [-0.000173588079633, 0.00331792724319, -0.00253635575064, 0.00156638550106, -4.98708541272e-05, -0.00233908672817, 0.00340133486316, -0.00195076386444, -0.000434656685684, 0.00246024737135, -0.0116009013727, 0.0288868136704, -0.0146487969905], [0.000511721358635, -0.00171989772934, 0.00342336227186, -0.00146606878843, 0.000678469543345, 0.000393457128666, -0.000648790912237, 0.00107837095857, 3.41997656506e-05, -0.001321031712, 0.00641550542787, -0.0146487969905, 0.0269488263875]]
    },
    "melbands": {
        "dmean": [0.000537240761332, 0.000812793092337, 0.000308495975332, 0.000234075996559, 0.000103478603705, 0.000127198698465, 0.000226388030569, 0.00015313187032, 9.86695595202e-05, 0.000138290968607, 0.000132609129651, 0.000113449292257, 8.69867071742e-05, 6.20478531346e-05, 5.88616603636e-05, 6.3890547608e-05, 6.52191010886e-05, 5.10145146109e-05, 3.34388460033e-05, 2.95148893201e-05, 2.28256431001e-05, 2.2473930585e-05, 2.02288247237e-05, 1.71118044818e-05, 1.54754197865e-05, 1.7108852262e-05, 1.15772891149e-05, 7.91886668594e-06, 5.93389540882e-06, 5.19983359482e-06, 3.594070904e-06, 4.03981266572e-06, 3.54899316335e-06, 3.17984677167e-06, 2.63912897935e-06, 1.49099776081e-06, 1.22861035834e-06, 8.91552303983e-07, 6.71147290632e-07, 6.36192453385e-07],
        "dmean2": [0.00092414568644, 0.00142580666579, 0.000516441883519, 0.000388428394217, 0.000168031794601, 0.000210884041735, 0.00037254212657, 0.000253976555541, 0.000167448248249, 0.000235239465837, 0.000221609763685, 0.000184476099093, 0.000141975178849, 0.000101098921732, 9.44082785281e-05, 0.000104048980575, 0.000106052415504, 8.29611526569e-05, 5.42647612747e-05, 4.8949757911e-05, 3.6207431549e-05, 3.54128715117e-05, 3.23710373777e-05, 2.73450823443e-05, 2.49625609285e-05, 2.72558172583e-05, 1.82111798495e-05, 1.27134590002e-05, 9.57724023465e-06, 8.36458002595e-06, 5.80145706408e-06, 6.48322975394e-06, 5.71634063817e-06, 5.16265254191e-06, 4.32308979725e-06, 2.37359267885e-06, 1.89691388641e-06, 1.34146409891e-06, 1.00594013475e-06, 9.44402302139e-07],
        "dvar": [2.23564416046e-06, 5.84044346397e-06, 4.36934470827e-07, 3.08648083092e-07, 9.98137679176e-08, 1.00633776867e-07, 3.42644881357e-07, 2.12366188634e-07, 9.99052360839e-08, 1.44847419392e-07, 8.3825725028e-08, 4.95994036953e-08, 3.15434753873e-08, 1.34420892195e-08, 1.27013901619e-08, 1.7105273642e-08, 1.44456144824e-08, 7.76452591111e-09, 3.02823299769e-09, 2.85983792203e-09, 1.57304402837e-09, 1.43025979948e-09, 1.14257903139e-09, 8.91557716542e-10, 7.72064245869e-10, 9.48938261303e-10, 4.21526147321e-10, 2.13953341155e-10, 9.17448617077e-11, 7.1532495205e-11, 3.66575068911e-11, 5.37979071014e-11, 4.82935254287e-11, 5.40696272477e-11, 7.33670485475e-11, 3.27585909787e-11, 1.000553633e-11, 2.95853229068e-12, 1.74517225757e-12, 1.52188851799e-12],
        "dvar2": [5.84718281971e-06, 1.64437678905e-05, 1.2046783695e-06, 7.78250580424e-07, 2.38938270058e-07, 2.39654752932e-07, 8.51736842833e-07, 5.47475565327e-07, 2.56094381257e-07, 3.77382718852e-07, 2.14207915405e-07, 1.25943785179e-07, 7.85816780535e-08, 3.4363711876e-08, 3.0197121248e-08, 4.30831299525e-08, 3.78913398436e-08, 1.98538110396e-08, 7.61429763685e-09, 7.00627600381e-09, 3.58637697317e-09, 3.35681171748e-09, 2.72533684509e-09, 2.17033258032e-09, 1.88613991092e-09, 2.22707208231e-09, 9.65705071465e-10, 5.2258725125e-10, 2.23183443948e-10, 1.76649125883e-10, 8.87869777699e-11, 1.29692936945e-10, 1.20361443035e-10, 1.39847508573e-10, 1.93102686619e-10, 8.55032225577e-11, 2.37292980404e-11, 6.72138646823e-12, 3.92258534682e-12, 3.35725674691e-12],
        "max": [0.0170875750482, 0.0275169722736, 0.0142158251256, 0.0134671358392, 0.0133399022743, 0.00644879508764, 0.0110459802672, 0.00926239416003, 0.00775424670428, 0.00719770789146, 0.00710276374593, 0.00457860995084, 0.00330690457486, 0.00199332437478, 0.00214990600944, 0.00338998273946, 0.00270286039449, 0.00212691631168, 0.00132999930065, 0.00120726728346, 0.00163588311989, 0.00117456924636, 0.000860402185936, 0.000862798246089, 0.000772096740548, 0.000706427323166, 0.000442997203209, 0.000369332206901, 0.00026194495149, 0.000208379526157, 0.000184384494787, 0.000238218563027, 0.000171452309587, 0.00024085601035, 0.000250153825618, 0.000237945030676, 0.000133913126774, 4.01892066293e-05, 4.10820393881e-05, 3.46897395502e-05],
        "mean": [0.000606596062426, 0.00103128165938, 0.000495637126733, 0.000346651446307, 0.000141858108691, 0.000171817431692, 0.000288513343548, 0.000190289254533, 0.000109298758616, 0.000164996934473, 0.000187178418855, 0.000170500032254, 0.000132611865411, 9.84931975836e-05, 9.33750270633e-05, 9.97926326818e-05, 0.000104545935756, 8.52949015098e-05, 5.59551808692e-05, 4.9073183618e-05, 4.1102495743e-05, 3.89467350033e-05, 3.47500754287e-05, 3.02781609207e-05, 2.68140865956e-05, 3.02831085719e-05, 2.11205824598e-05, 1.44544874274e-05, 1.19090700537e-05, 1.00285387816e-05, 6.59229590383e-06, 7.01912722434e-06, 6.48875357001e-06, 5.90600620853e-06, 4.46618741989e-06, 2.63699666903e-06, 2.44406805905e-06, 1.83749375537e-06, 1.43101044614e-06, 1.26890927277e-06],
        "median": [0.000222922419198, 0.000518401444424, 0.000271376047749, 0.000149404120748, 5.56536178919e-05, 5.3105319239e-05, 7.25809950382e-05, 4.83610092488e-05, 3.88398875657e-05, 4.89804369863e-05, 6.90040469635e-05, 6.56372139929e-05, 4.84888732899e-05, 4.38141942141e-05, 4.09536878578e-05, 4.67348727398e-05, 4.71242601634e-05, 4.53874017694e-05, 3.23211897921e-05, 2.87876955554e-05, 2.3011572921e-05, 2.18715031224e-05, 2.12650775211e-05, 1.87080986507e-05, 1.58106176968e-05, 1.70244657056e-05, 1.22415240185e-05, 8.48580930324e-06, 7.77196146373e-06, 6.06630783295e-06, 4.17542923969e-06, 4.34801950178e-06, 3.82983580494e-06, 3.01485806631e-06, 2.08042524719e-06, 1.22134861158e-06, 1.10326641334e-06, 8.36197727949e-07, 6.15374347035e-07, 5.15555143465e-07],
        "min": [8.46516461087e-24, 4.38671349897e-24, 7.32106386281e-24, 8.21842311921e-24, 9.98062478551e-24, 9.22767046211e-24, 8.34482624636e-24, 1.65668315829e-23, 6.73498990847e-24, 9.97587820944e-24, 8.9633002958e-24, 4.80039610197e-24, 2.91378456282e-24, 4.62028811326e-24, 7.66780215167e-24, 4.26839580167e-24, 4.8801164129e-24, 4.93426619202e-24, 8.12032353248e-24, 6.06438043623e-24, 9.8471605644e-24, 7.47062952386e-24, 7.97957812522e-24, 8.86639898879e-24, 6.79231879703e-24, 8.24110602568e-24, 6.57098414855e-24, 7.55088507691e-24, 1.02940021467e-23, 8.03815183629e-24, 7.87236246187e-24, 8.04938915989e-24, 5.75492292489e-24, 7.29530597653e-24, 6.93834089489e-24, 6.58869092043e-24, 7.11196523583e-24, 7.86028421255e-24, 9.07291725175e-24, 9.87480303938e-24],
        "var": [1.959457677e-06, 4.30384034189e-06, 5.27812233031e-07, 4.73371756016e-07, 1.21790918683e-07, 1.65561587551e-07, 4.81810616293e-07, 2.49664765306e-07, 8.87059243837e-08, 1.42725767205e-07, 1.15513749677e-07, 8.13328142613e-08, 5.86204009778e-08, 2.3932456017e-08, 2.39784458955e-08, 2.97231395052e-08, 2.75280491735e-08, 1.42534153369e-08, 5.89446225163e-09, 4.83020423658e-09, 3.52173712415e-09, 3.16689763302e-09, 2.05328554159e-09, 1.45952694375e-09, 1.31175181828e-09, 1.7235464167e-09, 8.3992329758e-10, 3.77611830693e-10, 1.92726890003e-10, 1.59046067982e-10, 6.62064084112e-11, 8.47944214843e-11, 8.13600922744e-11, 8.54019077678e-11, 8.26514620633e-11, 3.25108828747e-11, 1.6150083007e-11, 7.2512729328e-12, 4.82879188024e-12, 4.15373117846e-12]
    },
    "mfcc": {
        "mean": [-607.140686035, 85.1428604126, -22.6677112579, 17.2483768463, -0.419960588217, 9.18120765686, 2.55075669289, 5.72418212891, -0.187543213367, 3.1011493206, 1.52250516415, -2.40406918526, -0.962737858295],
        "cov": [[2181.00854492, -355.226531982, 298.230499268, 196.828689575, 198.095367432, 81.2857666016, 47.7540512085, -52.6328964233, -44.7114028931, 11.3924846649, 11.8604764938, 8.54517745972, 59.6819076538], [-355.226531982, 776.194213867, -312.071166992, -117.066619873, -95.4738540649, -54.9849700928, 34.8780975342, 62.1083679199, 41.8371810913, 27.9919662476, 57.1990852356, 9.45683002472, -30.8175163269], [298.230499268, -312.071166992, 897.912414551, 426.096618652, 278.488983154, 136.804534912, -32.0042037964, -71.0182571411, -70.1512832642, -19.9497947693, -34.4720954895, 6.84246778488, 28.8687648773], [196.828689575, -117.066619873, 426.096618652, 481.911773682, 255.718612671, 104.060287476, -12.5226078033, -44.0293502808, -38.6317672729, -0.675273895264, -19.6415157318, -1.03747224808, 33.4236869812], [198.095367432, -95.4738540649, 278.488983154, 255.718612671, 269.753112793, 112.591148376, 2.20384049416, -13.4087896347, -9.70147037506, 1.30450379848, -12.6223516464, 5.15659999847, 22.2254619598], [81.2857666016, -54.9849700928, 136.804534912, 104.060287476, 112.591148376, 178.245941162, 90.0844192505, 22.2470092773, 2.56020593643, -1.98732566833, -7.41708374023, -9.3621263504, 6.43335342407], [47.7540512085, 34.8780975342, -32.0042037964, -12.5226078033, 2.20384049416, 90.0844192505, 213.626098633, 87.8945465088, 14.6474895477, 9.89768409729, 4.29348897934, -10.0761041641, -12.6940574646], [-52.6328964233, 62.1083679199, -71.0182571411, -44.0293502808, -13.4087896347, 22.2470092773, 87.8945465088, 122.573280334, 55.9910430908, 14.2485466003, 13.2393789291, -2.86286425591, -6.87048387527], [-44.7114028931, 41.8371810913, -70.1512832642, -38.6317672729, -9.70147037506, 2.56020593643, 14.6474895477, 55.9910430908, 111.585960388, 39.8344497681, 17.6137752533, 4.03168439865, 5.2652964592], [11.3924846649, 27.9919662476, -19.9497947693, -0.675273895264, 1.30450379848, -1.98732566833, 9.89768409729, 14.2485466003, 39.8344497681, 81.1304550171, 34.5911712646, 9.76886177063, 1.39689433575], [11.8604764938, 57.1990852356, -34.4720954895, -19.6415157318, -12.6223516464, -7.41708374023, 4.29348897934, 13.2393789291, 17.6137752533, 34.5911712646, 76.4598617554, 27.4951763153, 5.94515037537], [8.54517745972, 9.45683002472, 6.84246778488, -1.03747224808, 5.15659999847, -9.3621263504, -10.0761041641, -2.86286425591, 4.03168439865, 9.76886177063, 27.4951763153, 61.1614151001, 26.3709640503], [59.6819076538, -30.8175163269, 28.8687648773, 33.4236869812, 22.2254619598, 6.43335342407, -12.6940574646, -6.87048387527, 5.2652964592, 1.39689433575, 5.94515037537, 26.3709640503, 68.9046325684]],
