{
"lowlevel": {
    "average_loudness": 0.953172326088,
    "barkbands_crest": {
        "dmean": 2.21941304207,
        "dmean2": 3.57978963852,
        "dvar": 4.0855255127,
        "dvar2": 9.91322803497,
        "max": 24.5212669373,
        "mean": 9.06874752045,
        "median": 8.16419124603,
        "min": 2.46907663345,
        "var": 14.9672679901
    },
    "barkbands_flatness_db": {
        "dmean": 0.0156950261444,
        "dmean2": 0.0249085631222,
        "dvar": 0.000197064582608,
        "dvar2": 0.000459925940959,
        "max": 0.315677523613,
        "mean": 0.162506565452,
        "median": 0.155160963535,
        "min": 0.0621948577464,
        "var": 0.00161367387045
    },
    "barkbands_kurtosis": {
        "dmean": 1.54137539864,
        "dmean2": 2.4103474617,
        "dvar": 5.68380355835,
        "dvar2": 13.1722860336,
        "max": 56.1335945129,
        "mean": 2.40626859665,
        "median": 1.13889980316,
        "min": -1.90837156773,
        "var": 17.3583583832
    },
    "barkbands_skewness": {
        "dmean": 0.376798659563,
        "dmean2": 0.571862876415,
        "dvar": 0.145237192512,
        "dvar2": 0.301842212677,
        "max": 5.88135528564,
        "mean": 1.18033456802,
        "median": 1.10325968266,
        "min": -4.50552368164,
        "var": 0.775363981724
    },
    "barkbands_spread": {
        "dmean": 3.68464994431,
        "dmean2": 5.6149020195,
        "dvar": 22.7234020233,
        "dvar2": 43.9551315308,
        "max": 80.7848587036,
        "mean": 18.3620662689,
        "median": 16.4659805298,
        "min": 1.43365049362,
        "var": 115.647964478
    },
    "dissonance": {
        "dmean": 0.0176616404206,
        "dmean2": 0.02989843674,
        "dvar": 0.000296798971249,
        "dvar2": 0.00082357582869,
        "max": 0.499999374151,
        "mean": 0.463064700365,
        "median": 0.469533711672,
        "min": 0.17164953053,
        "var": 0.000769113714341
    },
    "dynamic_complexity": 2.38871479034,
    "erbbands_crest": {
        "dmean": 2.383446455,
        "dmean2": 3.84229516983,
        "dvar": 5.30330085754,
        "dvar2": 12.9770870209,
        "max": 33.4052047729,
        "mean": 8.96242332458,
        "median": 7.72754764557,
        "min": 2.00059199333,
        "var": 20.0261707306
    },
    "erbbands_flatness_db": {
        "dmean": 0.0128591917455,
        "dmean2": 0.0193018317223,
        "dvar": 0.000146983569721,
        "dvar2": 0.000298630300676,
        "max": 0.364463925362,
        "mean": 0.203859716654,
        "median": 0.200568377972,
        "min": 0.0415158085525,
        "var": 0.00132403988391
    },
    "erbbands_kurtosis": {
        "dmean": 0.779062986374,
        "dmean2": 1.22465872765,
        "dvar": 1.312104702,
        "dvar2": 2.98580813408,
        "max": 30.3046379089,
        "mean": 0.375567108393,
        "median": -0.158395051956,
        "min": -1.78348147869,
        "var": 3.64779233932
    },
    "erbbands_skewness": {
        "dmean": 0.321041107178,
        "dmean2": 0.488655358553,
        "dvar": 0.0959522873163,
        "dvar2": 0.200088635087,
        "max": 3.57405042648,
        "mean": 0.489468991756,
        "median": 0.505293726921,
        "min": -3.32498407364,
        "var": 0.533582687378
    },
    "erbbands_spread": {
        "dmean": 5.40965890884,
        "dmean2": 8.30833053589,
        "dvar": 35.8144493103,
        "dvar2": 78.8161773682,
        "max": 96.8192214966,
        "mean": 31.5544376373,
        "median": 30.3401012421,
        "min": 2.47560691833,
        "var": 183.747131348
    },
    "hfc": {
        "dmean": 5.6004486084,
        "dmean2": 8.03200721741,
        "dvar": 159.864624023,
        "dvar2": 273.243835449,
        "max": 428.650848389,
        "mean": 23.0654621124,
        "median": 18.5474948883,
        "min": 1.15382947189e-16,
        "var": 569.627868652
    },
    "melbands_crest": {
        "dmean": 2.74596595764,
        "dmean2": 4.40895557404,
        "dvar": 6.54509353638,
        "dvar2": 15.5732603073,
        "max": 32.2508811951,
        "mean": 11.642824173,
        "median": 10.4617853165,
        "min": 1.58081591129,
        "var": 25.4372844696
    },
    "melbands_flatness_db": {
        "dmean": 0.0172102600336,
        "dmean2": 0.0260195508599,
        "dvar": 0.000294481898891,
        "dvar2": 0.000603800988756,
        "max": 0.367101103067,
        "mean": 0.1761841923,
        "median": 0.16375027597,
        "min": 0.00170870765578,
        "var": 0.00314223929308
    },
    "melbands_kurtosis": {
        "dmean": 2.92726135254,
        "dmean2": 4.58614444733,
        "dvar": 18.7965393066,
        "dvar2": 44.7726783752,
        "max": 96.9803161621,
        "mean": 6.42946338654,
        "median": 4.38594484329,
        "min": -1.8268828392,
        "var": 49.5928840637
    },
    "melbands_skewness": {
        "dmean": 0.438378602266,
        "dmean2": 0.671035468578,
        "dvar": 0.191733583808,
        "dvar2": 0.430221706629,
        "max": 8.52828979492,
        "mean": 1.8291567564,
        "median": 1.73538422585,
        "min": -2.32296681404,
        "var": 0.978076636791
    },
    "melbands_spread": {
        "dmean": 5.81404447556,
        "dmean2": 8.63767528534,
        "dvar": 88.6540374756,
        "dvar2": 156.516204834,
        "max": 193.803939819,
        "mean": 24.1664142609,
        "median": 20.355714798,
        "min": 1.67282569408,
        "var": 336.076446533
    },
    "pitch_salience": {
        "dmean": 0.0574795119464,
        "dmean2": 0.092557027936,
        "dvar": 0.00263309315778,
        "dvar2": 0.00637080613524,
        "max": 0.942887187004,
        "mean": 0.615061342716,
        "median": 0.62571400404,
        "min": 0.154093310237,
        "var": 0.0116650583223
    },
    "silence_rate_20dB": {
        "dmean": 0,
        "dmean2": 0,
        "dvar": 0,
        "dvar2": 0,
        "max": 1,
        "mean": 1,
        "median": 1,
        "min": 1,
        "var": 0
    },
    "silence_rate_30dB": {
        "dmean": 0.00118091644254,
        "dmean2": 0.00236211181618,
        "dvar": 0.00117918883916,
        "dvar2": 0.00259286980145,
        "max": 1,
        "mean": 0.998701155186,
        "median": 1,
        "min": 0,
        "var": 0.0012973677367
    },
    "silence_rate_60dB": {
        "dmean": 0.00519603211433,
        "dmean2": 0.0103932917118,
        "dvar": 0.005168792326,
        "dvar2": 0.0121739348397,
        "max": 1,
        "mean": 0.0412091165781,
        "median": 0,
        "min": 0,
        "var": 0.0395191125572
    },
    "spectral_centroid": {
        "dmean": 206.416427612,
        "dmean2": 307.563446045,
        "dvar": 65194.5976562,
        "dvar2": 109634.398438,
        "max": 11070.9101562,
        "mean": 1369.04016113,
        "median": 1339.48620605,
        "min": 288.491546631,
        "var": 393670.1875
    },
    "spectral_complexity": {
        "dmean": 3.00283408165,
        "dmean2": 4.72894763947,
        "dvar": 8.62055683136,
        "dvar2": 18.0519943237,
        "max": 54,
        "mean": 22.1204395294,
        "median": 22,
        "min": 0,
        "var": 78.8182525635
    },
    "spectral_decrease": {
        "dmean": 1.28782562392e-09,
        "dmean2": 1.91803994909e-09,
        "dvar": 2.88057810785e-18,
        "dvar2": 5.70445505267e-18,
        "max": -6.99727061835e-29,
        "mean": -5.62744784105e-09,
        "median": -5.1749915464e-09,
        "min": -5.81864760818e-08,
        "var": 1.16828681883e-17
    },
    "spectral_energy": {
        "dmean": 0.00525657972321,
        "dmean2": 0.00781152490526,
        "dvar": 4.82569266751e-05,
        "dvar2": 9.41125908867e-05,
        "max": 0.243438258767,
        "mean": 0.0233314186335,
        "median": 0.021483656019,
        "min": 1.07296610324e-20,
        "var": 0.000200951792067
    },
    "spectral_energyband_high": {
        "dmean": 0.000400664837798,
        "dmean2": 0.000567256473005,
        "dvar": 2.98151053357e-06,
        "dvar2": 5.06550577484e-06,
        "max": 0.0668588206172,
        "mean": 0.00092689745361,
        "median": 0.00034489799873,
        "min": 8.05300231323e-21,
        "var": 8.54013615026e-06
    },
    "spectral_energyband_low": {
        "dmean": 0.000779258552939,
        "dmean2": 0.00129838602152,
        "dvar": 2.84138400275e-06,
        "dvar2": 8.13816586742e-06,
        "max": 0.0395253822207,
        "mean": 0.00206054095179,
        "median": 0.00118830392603,
        "min": 5.7447047307e-23,
        "var": 6.89077342031e-06
    },
    "spectral_energyband_middle_high": {
        "dmean": 0.00180713471491,
        "dmean2": 0.00273336423561,
        "dvar": 7.0295104706e-06,
        "dvar2": 1.42418084579e-05,
        "max": 0.0621328353882,
        "mean": 0.00678759161383,
        "median": 0.00501898257062,
        "min": 1.34848847442e-21,
        "var": 3.91047396988e-05
    },
    "spectral_energyband_middle_low": {
        "dmean": 0.00424758298323,
        "dmean2": 0.00636269431561,
        "dvar": 3.35708209604e-05,
        "dvar2": 7.02826146153e-05,
        "max": 0.174608230591,
        "mean": 0.0140089225024,
        "median": 0.0119505524635,
        "min": 4.09223954855e-22,
        "var": 0.000114393071271
    },
    "spectral_entropy": {
        "dmean": 0.108912847936,
        "dmean2": 0.16096110642,
        "dvar": 0.0131104141474,
        "dvar2": 0.0247691590339,
        "max": 9.82608413696,
        "mean": 7.48376512527,
        "median": 7.5553612709,
        "min": 6.1051940918,
        "var": 0.134589374065
    },
    "spectral_flux": {
        "dmean": 0.0166149269789,
        "dmean2": 0.0267439186573,
        "dvar": 0.000353605020791,
        "dvar2": 0.000850473588798,
        "max": 0.381645828485,
        "mean": 0.074553757906,
        "median": 0.0713787302375,
        "min": 1.03584078814e-10,
        "var": 0.00116156856529
    },
    "spectral_kurtosis": {
        "dmean": 1.89617192745,
        "dmean2": 3.32082724571,
        "dvar": 4.25914335251,
        "dvar2": 12.8130331039,
        "max": 37.4555473328,
        "mean": 4.41648435593,
        "median": 3.59425783157,
        "min": -1.1743786335,
        "var": 11.8784103394
    },
    "spectral_rms": {
        "dmean": 0.000518591317814,
        "dmean2": 0.000765798729844,
        "dvar": 3.14164935844e-07,
        "dvar2": 6.04180343089e-07,
        "max": 0.0154110593721,
        "mean": 0.00454322062433,
        "median": 0.00457817269489,
        "min": 3.23542299722e-12,
        "var": 2.12150712287e-06
    },
    "spectral_rolloff": {
        "dmean": 350.102111816,
        "dmean2": 565.086425781,
        "dvar": 424031.5625,
        "dvar2": 748605.3125,
        "max": 18453.9550781,
        "mean": 1600.24108887,
        "median": 1399.65820312,
        "min": 129.19921875,
        "var": 1464940.375
    },
    "spectral_skewness": {
        "dmean": 0.224499002099,
        "dmean2": 0.374574065208,
        "dvar": 0.0432774759829,
        "dvar2": 0.115465424955,
        "max": 4.53551149368,
        "mean": 1.43426084518,
        "median": 1.36505436897,
        "min": -0.0731068924069,
        "var": 0.25077778101
    },
    "spectral_spread": {
        "dmean": 301383.78125,
        "dmean2": 446942.96875,
        "dvar": 230963445760,
        "dvar2": 321798701056,
        "max": 40423420,
        "mean": 3583786,
        "median": 3431007.25,
        "min": 1498144.125,
        "var": 936413167616
    },
    "spectral_strongpeak": {
        "dmean": 0.606429815292,
        "dmean2": 1.00117921829,
        "dvar": 0.69004380703,
        "dvar2": 1.72406721115,
        "max": 13.2019758224,
        "mean": 1.34173667431,
        "median": 0.970155656338,
        "min": 0,
        "var": 1.59080684185
    },
    "zerocrossingrate": {
        "dmean": 0.00748601835221,
        "dmean2": 0.00869425479323,
        "dvar": 0.000147013182868,
        "dvar2": 0.00014649129298,
        "max": 0.73876953125,
        "mean": 0.0595251098275,
        "median": 0.05712890625,
        "min": 0.0078125,
        "var": 0.00106060958933
    },
    "barkbands": {
        "dmean": [4.24975805799e-05, 0.000505082658492, 0.000314562930726, 0.000300157174934, 0.00146627007052, 0.00157058588229, 0.00118183472659, 0.000941766658798, 0.00122257927433, 0.000619642494712, 0.000565638067201, 0.000449604965979, 0.000437869282905, 0.000387614534702, 0.000387624197174, 0.000250781449722, 0.000265875656623, 0.000221282054554, 0.000148663719301, 0.000209694524528, 0.000102771664388, 0.000109962427814, 0.000101136443845, 5.00244022987e-05, 1.64653956745e-05, 6.03283112355e-08, 9.91880244605e-10],
        "dmean2": [6.57226482872e-05, 0.000877093756571, 0.000514603569172, 0.000484866584884, 0.0023015991319, 0.00237833987921, 0.00182233809028, 0.00141048710793, 0.00186032836791, 0.000998668605462, 0.000901386141777, 0.000722306431271, 0.000703875208274, 0.000625946209766, 0.000630813126918, 0.000403025711421, 0.000418092589825, 0.000349107838701, 0.000235791987507, 0.000314266857458, 0.00015556436847, 0.000160700044944, 0.000150125852088, 6.90435990691e-05, 2.231032704e-05, 9.83844117286e-08, 1.84073323251e-09],
        "dvar": [1.57248170041e-08, 1.67932739714e-06, 6.19691377324e-07, 3.29415001943e-07, 7.169044693e-06, 1.16805213111e-05, 6.78869810145e-06, 4.27299619332e-06, 6.41241831545e-06, 1.40928591463e-06, 1.65615028891e-06, 8.64473349793e-07, 7.15992484857e-07, 7.01084388766e-07, 7.43247596802e-07, 2.82518044514e-07, 6.67293988954e-07, 2.45191756676e-07, 7.67950467662e-08, 4.76951356632e-07, 2.20149658503e-07, 3.61677081173e-07, 3.19552441397e-07, 5.9564893462e-08, 4.05503897127e-09, 1.99822187334e-13, 1.90943560188e-18],
        "dvar2": [3.40945334187e-08, 5.02264128954e-06, 1.69232987446e-06, 8.5817487161e-07, 1.65714554896e-05, 2.50866687566e-05, 1.56202913786e-05, 9.14537849894e-06, 1.37070419441e-05, 3.2955028928e-06, 3.64644984074e-06, 2.00418367058e-06, 1.62341461873e-06, 1.70863631865e-06, 1.86925933576e-06, 6.45674163025e-07, 1.58985903909e-06, 5.22484242538e-07, 1.6660970914e-07, 9.57778638622e-07, 4.16859194274e-07, 6.30789031675e-07, 6.5007560579e-07, 1.05914828907e-07, 6.03427396939e-09, 4.61163225662e-13, 6.01724223437e-18],
        "max": [0.00326020643115, 0.0252016596496, 0.0321517772973, 0.0136005245149, 0.0976616293192, 0.156393587589, 0.0686669573188, 0.0444166027009, 0.0745581761003, 0.0464097596705, 0.0395265333354, 0.0258688218892, 0.0168758090585, 0.0165713932365, 0.031730350107, 0.0173056460917, 0.0477368533611, 0.0174876507372, 0.00749633321539, 0.0415130518377, 0.0213808361441, 0.0214887484908, 0.0233537424356, 0.0104884402826, 0.00278092548251, 2.5916404411e-05, 1.81695334334e-08],
        "mean": [6.52398448437e-05, 0.000885723799001, 0.000814896600787, 0.000627091270871, 0.00335003319196, 0.00350242899731, 0.00216461648233, 0.00166360090952, 0.00238996231928, 0.00107363902498, 0.000973923655692, 0.000784062372986, 0.000745656259824, 0.000640942482278, 0.000694196438417, 0.000454048451502, 0.000534441147465, 0.000450258725323, 0.000339591701049, 0.000468992890092, 0.000194789012312, 0.000200078240596, 0.000188217687537, 9.37222430366e-05, 3.12319571094e-05, 6.09464763102e-08, 8.03624777834e-10],
        "median": [5.6348999351e-06, 0.000321796396747, 0.00032358491444, 0.000295751640806, 0.00192081811838, 0.00184233812615, 0.000924742897041, 0.000601766980253, 0.00104350363836, 0.000465120392619, 0.000353080744389, 0.000321538856952, 0.000346601183992, 0.000256772036664, 0.000276256963843, 0.000215686130105, 0.000235587285715, 0.000222063448746, 0.000209039775655, 0.000186631281395, 7.83328869147e-05, 5.08501543663e-05, 3.91283792851e-05, 2.02297524083e-05, 7.03757996234e-06, 6.37062491649e-09, 3.20568488421e-10],
        "min": [2.2138122283e-23, 2.53088224738e-23, 1.48927788119e-23, 1.96712848126e-23, 6.06722956516e-23, 6.76467221998e-23, 1.03138722907e-22, 1.01001629295e-22, 4.74626998868e-23, 7.44130409302e-23, 1.77340803499e-22, 1.11070429008e-22, 1.02344138027e-22, 3.9166650488e-23, 1.33411853368e-22, 7.29057423105e-23, 1.04828816376e-22, 1.68420288652e-22, 2.41015030439e-22, 2.19193471726e-22, 4.21085822784e-22, 6.58463535496e-22, 8.16264898083e-22, 1.11781312591e-21, 1.21874198436e-21, 1.63613679639e-21, 2.32892479321e-21],
        "var": [2.92822157633e-08, 2.38964935306e-06, 1.9276801595e-06, 8.72561258802e-07, 2.08197343454e-05, 2.83528261207e-05, 1.58693728736e-05, 1.10026758193e-05, 1.86542583833e-05, 3.18473507832e-06, 4.57112400909e-06, 2.5597412332e-06, 1.53012013016e-06, 1.36469782319e-06, 1.66611346231e-06, 6.50916092582e-07, 1.10091502847e-06, 5.65682341858e-07, 1.88970531667e-07, 1.01690659449e-06, 4.40791637857e-07, 7.79665128903e-07, 7.68037182297e-07, 1.64896619026e-07, 1.57404365098e-08, 2.58539934253e-13, 1.52321153219e-18]
    },
    "erbbands": {
        "dmean": [0.0154984658584, 0.11745557934, 0.319134712219, 0.664362192154, 2.34383916855, 6.25250864029, 9.72058486938, 14.6209592819, 13.7677125931, 21.6537532806, 19.2714595795, 28.3674125671, 20.7102184296, 20.7247638702, 19.6135025024, 15.9814910889, 18.1865940094, 18.4432811737, 19.5143966675, 15.3609638214, 12.3881111145, 13.3882408142, 12.9203395844, 6.95625829697, 8.68968963623, 10.0900211334, 4.89333677292, 3.79135894775, 3.67750477791, 4.28433799744, 2.59697341919, 1.51690769196, 0.564760446548, 0.214986354113, 0.113841943443, 0.00808038096875, 0.000204934374779, 1.52096317834e-05, 4.76424884255e-06, 6.71581256029e-06],
        "dmean2": [0.0259564947337, 0.203897193074, 0.528211057186, 1.06935155392, 3.70313954353, 9.9151725769, 14.9915742874, 22.063451767, 21.0283279419, 32.9819107056, 28.805934906, 42.8585853577, 32.5627250671, 33.1360740662, 31.1363601685, 25.7575035095, 29.0614700317, 29.6074466705, 31.6934165955, 24.551776886, 19.7583255768, 20.7268886566, 19.9877204895, 11.0282373428, 13.3872747421, 15.1983957291, 7.34209251404, 5.6443734169, 5.44093084335, 6.39430904388, 3.86669301987, 2.13286757469, 0.768749177456, 0.298610240221, 0.158422514796, 0.011435915716, 0.000280712934909, 2.00928679988e-05, 6.58466206005e-06, 9.84263078863e-06],
        "dvar": [0.00166783365421, 0.0970738902688, 0.671934843063, 1.54010021687, 24.4243984222, 156.650909424, 362.618835449, 1496.33947754, 830.190246582, 3345.00634766, 1797.34912109, 4395.06494141, 1684.91577148, 1391.58129883, 2172.36230469, 1193.25683594, 1121.83947754, 1682.28442383, 1876.00134277, 1001.05682373, 661.242858887, 1163.49157715, 1059.05969238, 131.255737305, 412.637756348, 1326.64025879, 286.913665771, 390.619720459, 414.092559814, 569.324584961, 204.582931519, 59.9643058777, 7.30798959732, 0.709216833115, 0.257222265005, 0.00180519442074, 9.76897581495e-07, 4.19706580601e-09, 1.59105423281e-10, 9.94163709689e-11],
        "dvar2": [0.00438082497567, 0.288900882006, 1.83727455139, 3.94255590439, 62.0567054749, 384.439971924, 816.38092041, 3146.83544922, 1877.53503418, 7688.84179688, 3807.61083984, 9352.93164062, 3807.33227539, 3233.97827148, 4667.3125, 2930.58984375, 2611.79174805, 3984.09204102, 4820.3828125, 2261.57373047, 1535.53552246, 2520.88989258, 2199.35009766, 288.128631592, 836.057373047, 2837.359375, 544.934692383, 781.395874023, 729.739746094, 1160.80908203, 411.185699463, 111.852912903, 13.3783359528, 1.2472679615, 0.437069624662, 0.0030966300983, 1.59020976298e-06, 6.28205976128e-09, 2.4695090417e-10, 1.82877116228e-10],
        "max": [0.755685091019, 6.4751033783, 30.8839759827, 27.0962467194, 98.7531051636, 361.333618164, 632.649841309, 2042.13525391, 864.33605957, 1229.76403809, 1000.35583496, 1975.43603516, 1781.01208496, 1054.36499023, 1591.49047852, 1203.8704834, 585.368408203, 965.559143066, 1630.43408203, 855.298156738, 694.016418457, 1636.71313477, 1116.9987793, 312.355041504, 878.011474609, 2113.54907227, 731.631835938, 822.197814941, 780.03692627, 695.467895508, 605.604858398, 330.813568115, 123.252059937, 38.8430862427, 25.1011142731, 2.80270457268, 0.0618661567569, 0.00336430384777, 0.000467047531856, 0.000317968340823],
        "mean": [0.0274204239249, 0.196252122521, 0.799675226212, 1.70459866524, 4.92476320267, 12.9164552689, 20.1947593689, 31.3289756775, 27.0183067322, 41.144733429, 37.0499343872, 56.189250946, 39.2081451416, 39.170425415, 37.3307762146, 30.311466217, 34.2278289795, 34.0019073486, 36.996837616, 30.2788906097, 25.5695495605, 30.1689929962, 27.833480835, 16.7218799591, 20.6177616119, 22.3130722046, 10.4824285507, 6.93521642685, 6.63983297348, 7.50195789337, 4.89741230011, 2.79924821854, 1.08104526997, 0.412709355354, 0.197520270944, 0.0129296835512, 0.000364260107744, 3.2686166378e-05, 1.82940384548e-05, 2.97623118968e-05],
        "median": [0.00604018801823, 0.0852920860052, 0.367671430111, 0.96025377512, 2.5325357914, 6.94782543182, 11.4811229706, 15.1319532394, 13.7946214676, 15.2261772156, 18.5190544128, 23.9494571686, 18.5956287384, 18.5410385132, 16.2894268036, 14.2899475098, 16.9836654663, 16.1314544678, 15.3605613708, 14.6169099808, 13.0632982254, 13.4020328522, 13.4540395737, 11.2788686752, 10.8462610245, 8.7151927948, 4.83929347992, 2.46682786942, 1.7918497324, 1.57472240925, 1.01554381847, 0.56076925993, 0.250235468149, 0.10526702553, 0.0352124013007, 0.00207241647877, 7.70040351199e-05, 1.05359649751e-05, 1.39194244184e-05, 2.67569284915e-05],
        "min": [8.61789619161e-22, 5.6663992418e-21, 1.87838289918e-20, 3.4456877269e-20, 2.39694297449e-19, 9.30744142233e-20, 1.8789393397e-19, 8.46786602528e-19, 1.45758457335e-18, 1.80339911236e-18, 1.68643897907e-18, 9.7504628148e-19, 1.4178138329e-18, 4.88564343996e-18, 6.89993783296e-18, 4.5691298096e-18, 4.20619563045e-18, 2.47023572625e-18, 5.82583719011e-18, 5.29247402627e-18, 4.12423898895e-18, 6.59405595501e-18, 1.01105260568e-17, 1.18231729094e-17, 1.1599888738e-17, 9.55445719877e-18, 1.31958692098e-17, 1.83620712204e-17, 2.54447158799e-17, 2.22563349739e-17, 2.45284992006e-17, 2.70676624397e-17, 1.65035485853e-17, 1.3414874376e-17, 9.616176453e-18, 6.40669292883e-18, 2.78481602872e-18, 1.23579160173e-18, 3.11716887534e-19, 3.35522292533e-20],
        "var": [0.00296813133173, 0.113367043436, 1.63572096825, 5.32843255997, 57.2882423401, 373.902191162, 827.859680176, 3291.65795898, 1895.33337402, 8449.78710938, 4218.73193359, 13007.0830078, 3910.88452148, 3532.53417969, 6166.07861328, 3131.82446289, 2731.8503418, 3538.984375, 3968.38110352, 2606.99511719, 1738.46276855, 2896.74414062, 2391.01660156, 367.428710938, 997.570556641, 2535.62963867, 649.576477051, 742.654663086, 852.704711914, 1171.0682373, 515.951904297, 156.529953003, 21.4063892365, 2.32614994049, 0.856807887554, 0.00523695489392, 3.17656531479e-06, 1.59190847171e-08, 6.44594322363e-10, 4.19121543027e-10]
    },
    "gfcc": {
        "mean": [-16.3874702454, 121.963760376, -162.445129395, 37.8606147766, -81.9348373413, 7.38014030457, -40.4993057251, 1.21835875511, -15.8964643478, -11.616312027, 0.697846829891, -15.0586900711, 3.69959282875],
        "cov": [[4317.64746094, -1029.0657959, -371.056854248, 434.190582275, -282.334960938, 216.813461304, -247.544952393, 134.278533936, -50.8369903564, 185.00617981, -50.4197998047, 48.2196846008, 6.22957754135], [-1029.0657959, 1179.64001465, 305.502319336, -73.8492965698, 213.081985474, -235.418807983, 167.600219727, -167.45980835, 59.3439750671, -114.620239258, 108.969421387, -90.3090362549, 9.30656528473], [-371.056854248, 305.502319336, 708.399475098, 221.296463013, -47.2396392822, -47.237323761, -80.7543945312, -64.6401367188, -33.0000419617, -8.68272304535, 17.4620475769, 24.7974090576, -31.874162674], [434.190582275, -73.8492965698, 221.296463013, 352.285400391, -16.8719043732, -36.8000297546, -66.2370147705, -20.0412273407, -0.913202404976, 21.5956840515, -8.15406990051, 22.3807964325, 10.5854005814], [-282.334960938, 213.081985474, -47.2396392822, -16.8719043732, 199.558685303, -5.21908950806, 48.2569618225, 24.3723697662, 17.1789684296, -11.3077869415, 10.5760354996, -12.9906263351, 25.456161499], [216.813461304, -235.418807983, -47.237323761, -36.8000297546, -5.21908950806, 244.439956665, 47.778377533, 65.0034103394, -18.546043396, 58.1521110535, -22.4595050812, 28.3486995697, -10.0199308395], [-247.544952393, 167.600219727, -80.7543945312, -66.2370147705, 48.2569618225, 47.778377533, 212.997680664, 0.851819872856, 13.9313049316, 2.3595058918, 18.0243053436, -23.6139545441, 0.342109143734], [134.278533936, -167.45980835, -64.6401367188, -20.0412273407, 24.3723697662, 65.0034103394, 0.851819872856, 136.328659058, 12.497551918, 26.9484176636, -11.0165548325, 13.8293676376, 3.75573325157], [-50.8369903564, 59.3439750671, -33.0000419617, -0.913202404976, 17.1789684296, -18.546043396, 13.9313049316, 12.497551918, 111.017196655, 18.1002502441, 12.9291591644, -1.58648622036, 1.20463740826], [185.00617981, -114.620239258, -8.68272304535, 21.5956840515, -11.3077869415, 58.1521110535, 2.3595058918, 26.9484176636, 18.1002502441, 102.799491882, 3.11687254906, 16.76795578, -5.66316986084], [-50.4197998047, 108.969421387, 17.4620475769, -8.15406990051, 10.5760354996, -22.4595050812, 18.0243053436, -11.0165548325, 12.9291591644, 3.11687254906, 103.480369568, 10.2489175797, -10.0531978607], [48.2196846008, -90.3090362549, 24.7974090576, 22.3807964325, -12.9906263351, 28.3486995697, -23.6139545441, 13.8293676376, -1.58648622036, 16.76795578, 10.2489175797, 79.6443710327, 20.9388237], [6.22957754135, 9.30656528473, -31.874162674, 10.5854005814, 25.456161499, -10.0199308395, 0.342109143734, 3.75573325157, 1.20463740826, -5.66316986084, -10.0531978607, 20.9388237, 64.5218734741]],
        "icov": [[0.00055624457309, -0.000650372356176, 0.0010928211268, -0.00135469355155, 0.00135683384724, -0.000871570431627, 0.00101330142934, -0.000799373548944, 0.000624560343567, -0.000635689066257, 1.94677249965e-05, 5.7155801187e-05, 8.97303179954e-05], [-0.000650372356176, 0.00605708966032, -0.00476642884314, 0.00421719392762, -0.00648848433048, 0.00401910487562, -0.00469037937, 0.0050302343443, -0.00321916420944, 0.00245843525045, -0.00286257499829, 0.00315598910674, -0.00213556387462], [0.0010928211268, -0.00476642884314, 0.00643611093983, -0.00557151297107, 0.00589382369071, -0.00364194065332, 0.00458397530019, -0.00361128547229, 0.00329729402438, -0.00204380205832, 0.00165029533673, -0.00273258122616, 0.00287350057624], [-0.00135469355155, 0.00421719392762, -0.00557151297107, 0.00850030221045, -0.00581279583275, 0.00414619781077, -0.00360097596422, 0.00412015151232, -0.00291387084872, 0.00112741021439, -0.000937854289077, 0.00116553273983, -0.00227890885435], [0.00135683384724, -0.00648848433048, 0.00589382369071, -0.00581279583275, 0.0139039102942, -0.00480178603902, 0.0045945472084, -0.00712373061106, 0.00324700283818, -0.0024118325673, 0.00173600949347, -0.00125381059479, -0.000765796052292], [-0.000871570431627, 0.00401910487562, -0.00364194065332, 0.00414619781077, -0.00480178603902, 0.00961333326995, -0.00541802821681, 0.00134389672894, -0.000596165016759, -0.00102964742109, 0.000212649640162, -0.000980391399935, 0.000635007105302], [0.00101330142934, -0.00469037937, 0.00458397530019, -0.00360097596422, 0.0045945472084, -0.00541802821681, 0.0102340914309, -0.00318707851693, 0.00204457971267, -0.00209882273339, 0.000469996302854, 0.000153260902152, 0.000712235399988], [-0.000799373548944, 0.0050302343443, -0.00361128547229, 0.00412015151232, -0.00712373061106, 0.00134389672894, -0.00318707851693, 0.0137320356444, -0.00390005297959, 0.00123308552429, -0.00154011696577, 0.00141054927371, -0.00138815818354], [0.000624560343567, -0.00321916420944, 0.00329729402438, -0.00291387084872, 0.00324700283818, -0.000596165016759, 0.00204457971267, -0.00390005297959, 0.0120936222374, -0.00396739598364, 0.000573667930439, -0.00157104304526, 0.00137870199978], [-0.000635689066257, 0.00245843525045, -0.00204380205832, 0.00112741021439, -0.0024118325673, -0.00102964742109, -0.00209882273339, 0.00123308552429, -0.00396739598364, 0.0140629922971, -0.00181117898319, -0.000272006931482, 0.000357639364665], [1.94677249965e-05, -0.00286257499829, 0.00165029533673, -0.000937854289077, 0.00173600949347, 0.000212649640162, 0.000469996302854, -0.00154011696577, 0.000573667930439, -0.00181117898319, 0.0128923067823, -0.00531098619103, 0.00437801191583], [5.7155801187e-05, 0.00315598910674, -0.00273258122616, 0.00116553273983, -0.00125381059479, -0.000980391399935, 0.000153260902152, 0.00141054927371, -0.00157104304526, -0.000272006931482, -0.00531098619103, 0.0196261052042, -0.00893352832645], [8.97303179954e-05, -0.00213556387462, 0.00287350057624, -0.00227890885435, -0.000765796052292, 0.000635007105302, 0.000712235399988, -0.00138815818354, 0.00137870199978, 0.000357639364665, 0.00437801191583, -0.00893352832645, 0.021656088531]]
    },
    "melbands": {
        "dmean": [0.000134918635013, 0.000155906527652, 0.000140999880387, 0.000301223975839, 0.000323525397107, 0.000314114877256, 0.000220434216317, 0.000229854849749, 0.000163369870279, 0.000180912786163, 0.000105160856037, 8.64646863192e-05, 7.43101409171e-05, 5.19665518368e-05, 4.33606619481e-05, 4.24540085078e-05, 3.61810343747e-05, 3.34375290549e-05, 2.7331903766e-05, 1.88091180462e-05, 1.54866156663e-05, 1.46238407979e-05, 1.59452320077e-05, 1.02212206912e-05, 5.84136751058e-06, 6.24914673608e-06, 8.11483096186e-06, 7.0311853051e-06, 3.58470902029e-06, 2.62702178588e-06, 2.19517164624e-06, 2.1327741706e-06, 2.49814206654e-06, 2.45859746428e-06, 1.66877487118e-06, 1.23033748878e-06, 8.55123971633e-07, 4.56251001424e-07, 2.41446173277e-07, 1.74969656541e-07],
        "dmean2": [0.000230954712606, 0.00026279425947, 0.000225069132284, 0.000473511405289, 0.000501316040754, 0.000472225423437, 0.000336857890943, 0.000348646135535, 0.000244844617555, 0.000274441175861, 0.000166071593412, 0.000138842107845, 0.00011835002806, 8.32695295685e-05, 7.00693199178e-05, 6.78422948113e-05, 5.80665437155e-05, 5.47103627468e-05, 4.44073084509e-05, 2.99457478832e-05, 2.48123760684e-05, 2.30399546126e-05, 2.45625396929e-05, 1.63611712196e-05, 9.4606220955e-06, 9.93390403892e-06, 1.24189509734e-05, 1.07346932054e-05, 5.52404117116e-06, 3.95265806219e-06, 3.33308025802e-06, 3.14296949e-06, 3.77895912607e-06, 3.71926262233e-06, 2.525250693e-06, 1.78897789738e-06, 1.22228664168e-06, 6.37127243408e-07, 3.47130196587e-07, 2.49183386813e-07],
        "dvar": [1.17415737577e-07, 1.54243082306e-07, 7.09077312422e-08, 3.63996122132e-07, 3.60386280818e-07, 5.9614347947e-07, 1.981545239e-07, 3.33433035848e-07, 1.24257780953e-07, 1.72166053858e-07, 4.31846238769e-08, 2.4076694416e-08, 3.15764161485e-08, 1.28858488324e-08, 8.12306399922e-09, 7.37031058407e-09, 6.54661569399e-09, 5.46271650137e-09, 4.14298328977e-09, 1.76915526673e-09, 1.07236763913e-09, 1.17086917939e-09, 2.59980548201e-09, 5.11731601538e-10, 9.23886175896e-11, 1.45723461076e-10, 6.37599084641e-10, 6.59710286399e-10, 1.09850163688e-10, 1.75457426366e-10, 1.29941432614e-10, 1.18003884442e-10, 2.23579349479e-10, 1.93470947596e-10, 8.34098554114e-11, 4.50484614889e-11, 1.82803407828e-11, 5.07944684577e-12, 1.05837333255e-12, 4.49700742139e-13],
        "dvar2": [3.37374217452e-07, 4.32315147236e-07, 1.81916590236e-07, 8.88159149781e-07, 8.08049094303e-07, 1.25716906041e-06, 4.45617416744e-07, 7.59736565215e-07, 2.62690150521e-07, 3.70086297607e-07, 9.79063230488e-08, 5.63468880443e-08, 6.98244235764e-08, 2.86751085099e-08, 1.80705033159e-08, 1.67211897661e-08, 1.52658685693e-08, 1.4075167698e-08, 1.03356860848e-08, 3.94332344555e-09, 2.51870457824e-09, 2.54453080828e-09, 5.98506888494e-09, 1.15509513066e-09, 2.16132153841e-10, 3.15329568013e-10, 1.33420152704e-09, 1.4329784026e-09, 2.33176644659e-10, 3.37700756248e-10, 2.73277733776e-10, 2.12744016848e-10, 4.54299209363e-10, 4.1658898553e-10, 1.71573519281e-10, 9.8638146262e-11, 3.42922287788e-11, 9.61190849136e-12, 2.11495838204e-12, 8.65130666758e-13],
        "max": [0.00567515846342, 0.0115558933467, 0.00591278262436, 0.0179711095989, 0.0245732776821, 0.0391461215913, 0.0144919194281, 0.0116955125704, 0.00798236485571, 0.0107279550284, 0.00879854336381, 0.00388091243804, 0.00648492993787, 0.00357607542537, 0.0024020341225, 0.00213747029193, 0.001696613268, 0.00214856630191, 0.00189247261733, 0.001433471567, 0.000818298489321, 0.00135563698132, 0.00266459421255, 0.000678689684719, 0.000251362333074, 0.000372516107745, 0.00138391274959, 0.00139832333662, 0.000363174855011, 0.000582168693654, 0.000446510879556, 0.000348463247065, 0.000613317533862, 0.00044971134048, 0.000380597019102, 0.000270115007879, 0.000173065491254, 0.000107955835119, 3.76724456146e-05, 3.38077552442e-05],
        "mean": [0.000243333532126, 0.000370952766389, 0.000354076706572, 0.000657175609376, 0.000698525283951, 0.000686798593961, 0.000428601488238, 0.000437071052147, 0.000305811845465, 0.000352962117177, 0.000189096317627, 0.000156088062795, 0.000133493071189, 9.12000614335e-05, 7.52829291741e-05, 7.34470158932e-05, 6.10635761404e-05, 5.86020032642e-05, 4.95842905366e-05, 3.31581322826e-05, 2.8649061278e-05, 3.03623546642e-05, 3.08617709379e-05, 2.01436050702e-05, 1.23490954138e-05, 1.36586240842e-05, 1.68563801708e-05, 1.4394307982e-05, 7.04951025909e-06, 4.53931033917e-06, 3.78452114091e-06, 3.61036927643e-06, 4.12528333982e-06, 4.16283000959e-06, 2.96784287457e-06, 2.16376906792e-06, 1.5137667333e-06, 8.29541988878e-07, 4.41655203076e-07, 3.08191204113e-07],
        "median": [7.47873782529e-05, 0.000184909717063, 0.000210519210668, 0.000350372749381, 0.000417136121541, 0.000344989093719, 0.000214530489757, 0.000160494295415, 0.000152033288032, 0.000143995916005, 8.40700304252e-05, 7.06903301761e-05, 5.39917236893e-05, 3.61564234481e-05, 3.50614827767e-05, 3.42994644598e-05, 2.48775595537e-05, 2.1815607397e-05, 1.94099065993e-05, 1.50022506205e-05, 1.36471317091e-05, 1.27692592287e-05, 1.30309817905e-05, 1.01898940557e-05, 7.94076822785e-06, 7.93778326624e-06, 6.74907460052e-06, 5.12350788995e-06, 3.12015731652e-06, 1.64398829838e-06, 1.17590707305e-06, 9.69161533249e-07, 8.79380934293e-07, 8.38438495521e-07, 5.93469053456e-07, 4.26592833946e-07, 2.91421457632e-07, 1.75186400497e-07, 1.14846223198e-07, 7.26519360228e-08],
        "min": [9.22743143725e-24, 8.85683010601e-24, 1.32052846399e-23, 1.26244763321e-23, 5.99769250189e-24, 1.66605798129e-23, 2.25250333135e-23, 2.11169954838e-23, 1.29470218348e-23, 6.2056453084e-24, 6.54957446358e-24, 1.86047354024e-23, 2.48041881527e-23, 1.46900557588e-23, 1.02485716472e-23, 8.96534107896e-24, 3.49656245909e-24, 8.7396779507e-24, 8.26390016154e-24, 6.102371583e-24, 4.51887412744e-24, 6.90222132063e-24, 7.07638050925e-24, 8.68127226699e-24, 9.76870045876e-24, 8.26934645723e-24, 9.15320357038e-24, 5.26177599632e-24, 8.80217230047e-24, 8.34233265704e-24, 1.01588600184e-23, 1.42154880822e-23, 1.22560199137e-23, 1.24301507033e-23, 1.33781074982e-23, 1.65420329515e-23, 1.60516107485e-23, 1.20352674446e-23, 1.0326089064e-23, 1.08852660169e-23],
        "var": [1.94650155549e-07, 2.99619216548e-07, 2.01715536718e-07, 9.97217853183e-07, 8.80854599927e-07, 1.36958851726e-06, 4.65121502202e-07, 8.70621477134e-07, 2.79245341517e-07, 5.255162705e-07, 9.87354056292e-08, 5.85288155719e-08, 8.84406574642e-08, 3.93428116752e-08, 1.83696169387e-08, 1.61911053453e-08, 1.29643566993e-08, 1.17341105721e-08, 1.09278852634e-08, 3.7453404822e-09, 2.56312571167e-09, 3.14028958392e-09, 4.01463084998e-09, 1.1311988013e-09, 2.23520008058e-10, 3.42448375212e-10, 1.21993282143e-09, 1.22957877213e-09, 2.42034225995e-10, 3.26101451398e-10, 2.35407304761e-10, 2.39476466435e-10, 3.92743504385e-10, 3.78588382866e-10, 2.01271652123e-10, 9.97408544645e-11, 4.63584517996e-11, 1.40389297409e-11, 2.87369325384e-12, 1.2913881119e-12]
    },
    "mfcc": {
        "mean": [-633.768554688, 128.189575195, -19.027048111, 16.7008361816, -12.2240314484, -5.24608898163, -8.65794944763, 0.383104681969, -10.2505989075, 2.64079356194, -5.7383389473, -1.76822185516, -1.88025903702],
        "cov": [[4204.65087891, -1346.81335449, -234.676269531, 27.3121871948, -22.4426898956, 71.918838501, -89.3760375977, -54.6387939453, -6.28227424622, 138.918518066, -8.2125749588, -45.7489967346, 15.6741704941], [-1346.81335449, 1207.57385254, 70.9128570557, 115.737976074, 17.5902729034, -22.0320281982, 75.5891723633, -8.83212471008, -38.1802482605, -27.5397777557, 19.1255264282, 22.9564743042, -17.3399906158], [-234.676269531, 70.9128570557, 702.942810059, 217.012756348, 65.861114502, 40.5371360779, -45.5277137756, -31.0797786713, -94.4693908691, -37.3875350952, -20.9047412872, 24.5538101196, -6.46766424179], [27.3121871948, 115.737976074, 217.012756348, 369.324951172, 72.8593215942, -8.21611213684, -46.4854316711, -40.2565956116, -30.0291843414, -19.4041652679, -37.7672424316, 14.9548091888, 8.86613178253], [-22.4426898956, 17.5902729034, 65.861114502, 72.8593215942, 197.931640625, -30.6196880341, -27.5358982086, 3.5565431118, -6.70973777771, 3.73600006104, -29.2822875977, 9.95040035248, 14.7102422714], [71.918838501, -22.0320281982, 40.5371360779, -8.21611213684, -30.6196880341, 153.897964478, 38.6824188232, 0.129875123501, 30.9045124054, 0.752346754074, 37.6415672302, -9.49820804596, -3.80018258095], [-89.3760375977, 75.5891723633, -45.5277137756, -46.4854316711, -27.5358982086, 38.6824188232, 170.235748291, 35.1495933533, 17.6750965118, 7.49652957916, 21.300901413, -3.11806201935, 2.63701653481], [-54.6387939453, -8.83212471008, -31.0797786713, -40.2565956116, 3.5565431118, 0.129875123501, 35.1495933533, 91.924621582, 23.8532218933, 7.23102474213, 5.26166152954, 5.241959095, 9.14691829681], [-6.28227424622, -38.1802482605, -94.4693908691, -30.0291843414, -6.70973777771, 30.9045124054, 17.6750965118, 23.8532218933, 136.801635742, 7.9585146904, 18.6103382111, -9.92748260498, -14.2694835663], [138.918518066, -27.5397777557, -37.3875350952, -19.4041652679, 3.73600006104, 0.752346754074, 7.49652957916, 7.23102474213, 7.9585146904, 102.813110352, 20.7179031372, 1.8081882, 4.2511677742], [-8.2125749588, 19.1255264282, -20.9047412872, -37.7672424316, -29.2822875977, 37.6415672302, 21.300901413, 5.26166152954, 18.6103382111, 20.7179031372, 86.1804428101, 15.4674787521, 4.81165790558], [-45.7489967346, 22.9564743042, 24.5538101196, 14.9548091888, 9.95040035248, -9.49820804596, -3.11806201935, 5.241959095, -9.92748260498, 1.8081882, 15.4674787521, 74.451133728, 27.3747558594], [15.6741704941, -17.3399906158, -6.46766424179, 8.86613178253, 14.7102422714, -3.80018258095, 2.63701653481, 9.14691829681, -14.2694835663, 4.2511677742, 4.81165790558, 27.3747558594, 78.1716384888]],
