{
"lowlevel": {
    "average_loudness": 0.905757725239,
    "barkbands_crest": {
        "dmean": 2.9280667305,
        "dmean2": 4.55838918686,
        "dvar": 6.46546173096,
        "dvar2": 14.101433754,
        "max": 25.0686798096,
        "mean": 10.5439357758,
        "median": 9.75924491882,
        "min": 2.19809293747,
        "var": 21.7567558289
    },
    "barkbands_flatness_db": {
        "dmean": 0.0215506721288,
        "dmean2": 0.0337679684162,
        "dvar": 0.000371535308659,
        "dvar2": 0.000834361533634,
        "max": 0.389753043652,
        "mean": 0.155295848846,
        "median": 0.149672552943,
        "min": 0.0232228524983,
        "var": 0.00164411438163
    },
    "barkbands_kurtosis": {
        "dmean": 2.48473620415,
        "dmean2": 3.87681770325,
        "dvar": 22.039226532,
        "dvar2": 49.3483276367,
        "max": 99.6408843994,
        "mean": 2.88282299042,
        "median": 0.55459022522,
        "min": -1.83616352081,
        "var": 45.1149368286
    },
    "barkbands_skewness": {
        "dmean": 0.560439825058,
        "dmean2": 0.845339298248,
        "dvar": 0.33694472909,
        "dvar2": 0.680185556412,
        "max": 9.3463602066,
        "mean": 1.23606383801,
        "median": 0.943180680275,
        "min": -2.17811083794,
        "var": 1.63388741016
    },
    "barkbands_spread": {
        "dmean": 6.23245477676,
        "dmean2": 9.53545856476,
        "dvar": 40.5333137512,
        "dvar2": 86.5861663818,
        "max": 83.9699478149,
        "mean": 25.078037262,
        "median": 23.9145431519,
        "min": 1.23865973949,
        "var": 165.525665283
    },
    "dissonance": {
        "dmean": 0.0159746427089,
        "dmean2": 0.0269933212548,
        "dvar": 0.000229286772083,
        "dvar2": 0.00063125527231,
        "max": 0.49999922514,
        "mean": 0.473077774048,
        "median": 0.478494405746,
        "min": 0.341280817986,
        "var": 0.000464494689368
    },
    "dynamic_complexity": 2.04116559029,
    "erbbands_crest": {
        "dmean": 2.77470588684,
        "dmean2": 4.5577287674,
        "dvar": 6.52742671967,
        "dvar2": 16.3705234528,
        "max": 29.3331108093,
        "mean": 9.12575435638,
        "median": 8.03415584564,
        "min": 2.34284329414,
        "var": 19.9358043671
    },
    "erbbands_flatness_db": {
        "dmean": 0.0158955343068,
        "dmean2": 0.0238112024963,
        "dvar": 0.000202727344004,
        "dvar2": 0.000406585866585,
        "max": 0.374474436045,
        "mean": 0.178794100881,
        "median": 0.17566563189,
        "min": 0.0847624242306,
        "var": 0.00236504897475
    },
    "erbbands_kurtosis": {
        "dmean": 0.757359206676,
        "dmean2": 1.23320424557,
        "dvar": 0.905250489712,
        "dvar2": 2.39899492264,
        "max": 24.3329124451,
        "mean": 0.244134649634,
        "median": -0.108341932297,
        "min": -1.62134349346,
        "var": 2.35775232315
    },
    "erbbands_skewness": {
        "dmean": 0.343019962311,
        "dmean2": 0.537182152271,
        "dvar": 0.0819771885872,
        "dvar2": 0.1961376369,
        "max": 4.57973527908,
        "mean": 0.229011878371,
        "median": 0.248984441161,
        "min": -2.08403325081,
        "var": 0.450419485569
    },
    "erbbands_spread": {
        "dmean": 7.43263673782,
        "dmean2": 11.6033563614,
        "dvar": 56.8120384216,
        "dvar2": 127.482246399,
        "max": 123.222816467,
        "mean": 35.7480278015,
        "median": 31.3574256897,
        "min": 4.0122179985,
        "var": 355.739532471
    },
    "hfc": {
        "dmean": 7.50112962723,
        "dmean2": 10.7258872986,
        "dvar": 64.7399368286,
        "dvar2": 121.481758118,
        "max": 140.227966309,
        "mean": 27.0008430481,
        "median": 23.7808322906,
        "min": 1.14736515466e-16,
        "var": 292.473052979
    },
    "melbands_crest": {
        "dmean": 3.66191720963,
        "dmean2": 5.84656143188,
        "dvar": 10.2717266083,
        "dvar2": 23.2130336761,
        "max": 33.3642807007,
        "mean": 14.89432621,
        "median": 14.1624155045,
        "min": 1.65045201778,
        "var": 36.8555679321
    },
    "melbands_flatness_db": {
        "dmean": 0.0274604335427,
        "dmean2": 0.0411654040217,
        "dvar": 0.000662681879476,
        "dvar2": 0.00131618406158,
        "max": 0.480879694223,
        "mean": 0.174265235662,
        "median": 0.167579889297,
        "min": 0.00500728143379,
        "var": 0.00395107455552
    },
    "melbands_kurtosis": {
        "dmean": 7.67943763733,
        "dmean2": 11.9998464584,
        "dvar": 234.616226196,
        "dvar2": 536.250671387,
        "max": 297.901000977,
        "mean": 12.5997991562,
        "median": 4.04184579849,
        "min": -1.69666516781,
        "var": 510.958953857
    },
    "melbands_skewness": {
        "dmean": 0.825543284416,
        "dmean2": 1.24534451962,
        "dvar": 0.832679569721,
        "dvar2": 1.72090530396,
        "max": 13.7376947403,
        "mean": 2.41155314445,
        "median": 1.79651045799,
        "min": -0.951837718487,
        "var": 4.04935073853
    },
    "melbands_spread": {
        "dmean": 8.28738880157,
        "dmean2": 12.7944927216,
        "dvar": 88.0478668213,
        "dvar2": 177.716125488,
        "max": 157.688232422,
        "mean": 29.255695343,
        "median": 25.8065795898,
        "min": 0.986051559448,
        "var": 360.928009033
    },
    "pitch_salience": {
        "dmean": 0.0799058973789,
        "dmean2": 0.129567995667,
        "dvar": 0.00594476563856,
        "dvar2": 0.014744845219,
        "max": 0.956203103065,
        "mean": 0.526190638542,
        "median": 0.516273260117,
        "min": 0.0961850807071,
        "var": 0.0196729935706
    },
    "silence_rate_20dB": {
        "dmean": 0,
        "dmean2": 0,
        "dvar": 0,
        "dvar2": 0,
        "max": 1,
        "mean": 1,
        "median": 1,
        "min": 1,
        "var": 0
    },
    "silence_rate_30dB": {
        "dmean": 0.0134117649868,
        "dmean2": 0.0268266852945,
        "dvar": 0.0132337100804,
        "dvar2": 0.0329333879054,
        "max": 1,
        "mean": 0.987530887127,
        "median": 1,
        "min": 0,
        "var": 0.0123121617362
    },
    "silence_rate_60dB": {
        "dmean": 0.0091764703393,
        "dmean2": 0.018355101347,
        "dvar": 0.00909198913723,
        "dvar2": 0.02225295268,
        "max": 1,
        "mean": 0.0102340904996,
        "median": 0,
        "min": 0,
        "var": 0.0101297562942
    },
    "spectral_centroid": {
        "dmean": 293.405731201,
        "dmean2": 455.076843262,
        "dvar": 90980.9609375,
        "dvar2": 188698.296875,
        "max": 10932.0996094,
        "mean": 1810.2890625,
        "median": 1833.08984375,
        "min": 183.299728394,
        "var": 406848.4375
    },
    "spectral_complexity": {
        "dmean": 5.30258846283,
        "dmean2": 7.61571931839,
        "dvar": 28.8622016907,
        "dvar2": 50.6160392761,
        "max": 56,
        "mean": 23.2303256989,
        "median": 22,
        "min": 0,
        "var": 92.6715011597
    },
    "spectral_decrease": {
        "dmean": 2.83278800417e-09,
        "dmean2": 4.16287582183e-09,
        "dvar": 1.27349128873e-17,
        "dvar2": 2.45674809141e-17,
        "max": 8.71485100864e-21,
        "mean": -8.22043855209e-09,
        "median": -6.81475231801e-09,
        "min": -6.22051743449e-08,
        "var": 3.77640705983e-17
    },
    "spectral_energy": {
        "dmean": 0.0111765805632,
        "dmean2": 0.0163731593639,
        "dvar": 0.000189900194528,
        "dvar2": 0.00036439645919,
        "max": 0.237752839923,
        "mean": 0.0334749184549,
        "median": 0.0285155978054,
        "min": 1.0281432538e-20,
        "var": 0.000568487856071
    },
    "spectral_energyband_high": {
        "dmean": 0.000519924797118,
        "dmean2": 0.000749114435166,
        "dvar": 5.45142142983e-07,
        "dvar2": 1.07580467557e-06,
        "max": 0.0174337159842,
        "mean": 0.00128110544756,
        "median": 0.00100484397262,
        "min": 7.58818981687e-21,
        "var": 1.46710931404e-06
    },
    "spectral_energyband_low": {
        "dmean": 0.00814062263817,
        "dmean2": 0.0123532358557,
        "dvar": 0.000168874335941,
        "dvar2": 0.000373841437977,
        "max": 0.224576607347,
        "mean": 0.0159539692104,
        "median": 0.00959892850369,
        "min": 5.98829992952e-23,
        "var": 0.000408581428928
    },
    "spectral_energyband_middle_high": {
        "dmean": 0.00283727468923,
        "dmean2": 0.00431376136839,
        "dvar": 1.21943330669e-05,
        "dvar2": 2.67500672635e-05,
        "max": 0.0713816583157,
        "mean": 0.00882410537452,
        "median": 0.00653731683269,
        "min": 1.52204827391e-21,
        "var": 6.16789475316e-05
    },
    "spectral_energyband_middle_low": {
        "dmean": 0.00563814165071,
        "dmean2": 0.00956946052611,
        "dvar": 0.000109249580419,
        "dvar2": 0.000300268351566,
        "max": 0.127219066024,
        "mean": 0.00906593631953,
        "median": 0.00573961157352,
        "min": 2.34996261546e-22,
        "var": 0.000109300322947
    },
    "spectral_entropy": {
        "dmean": 0.123871713877,
        "dmean2": 0.189442798495,
        "dvar": 0.0148876979947,
        "dvar2": 0.031683743,
        "max": 9.80635356903,
        "mean": 7.77484798431,
        "median": 7.80839776993,
        "min": 6.24847602844,
        "var": 0.0821383446455
    },
    "spectral_flux": {
        "dmean": 0.0315629802644,
        "dmean2": 0.0472441390157,
        "dvar": 0.00121174112428,
        "dvar2": 0.00226271641441,
        "max": 0.423915058374,
        "mean": 0.100099883974,
        "median": 0.0862211212516,
        "min": 1.01397397423e-10,
        "var": 0.00263255671598
    },
    "spectral_kurtosis": {
        "dmean": 1.18586218357,
        "dmean2": 2.04317951202,
        "dvar": 2.04928565025,
        "dvar2": 6.00414323807,
        "max": 34.908416748,
        "mean": 3.02210617065,
        "median": 2.41209602356,
        "min": -1.1698359251,
        "var": 5.43507575989
    },
    "spectral_rms": {
        "dmean": 0.00093338865554,
        "dmean2": 0.00134676171001,
        "dvar": 9.28619670049e-07,
        "dvar2": 1.67476389379e-06,
        "max": 0.0152300354093,
        "mean": 0.00537935132161,
        "median": 0.0052744760178,
        "min": 3.16712259717e-12,
        "var": 3.72108024749e-06
    },
    "spectral_rolloff": {
        "dmean": 518.495361328,
        "dmean2": 841.711853027,
        "dvar": 530725.6875,
        "dvar2": 1027086.4375,
        "max": 18367.8222656,
        "mean": 1723.3614502,
        "median": 1550.390625,
        "min": 64.599609375,
        "var": 1539877.875
    },
    "spectral_skewness": {
        "dmean": 0.178984582424,
        "dmean2": 0.291421920061,
        "dvar": 0.0265766140074,
        "dvar2": 0.0706410035491,
        "max": 4.0037894249,
        "mean": 1.21836698055,
        "median": 1.16083908081,
        "min": -0.388876467943,
        "var": 0.133691549301
    },
    "spectral_spread": {
        "dmean": 358962.3125,
        "dmean2": 553210.875,
        "dvar": 267249565696,
        "dvar2": 435474268160,
        "max": 40595988,
        "mean": 4274442,
        "median": 4242011.5,
        "min": 1591729.625,
        "var": 1.38023547699e+12
    },
    "spectral_strongpeak": {
        "dmean": 0.717732548714,
        "dmean2": 1.22638630867,
        "dvar": 1.32207214832,
        "dvar2": 3.26098155975,
        "max": 11.5026159286,
        "mean": 1.21064805984,
        "median": 0.49134978652,
        "min": 0,
        "var": 2.30303478241
    },
    "zerocrossingrate": {
        "dmean": 0.0100934626535,
        "dmean2": 0.0116953672841,
        "dvar": 0.000150136998855,
        "dvar2": 0.000174750282895,
        "max": 0.73193359375,
        "mean": 0.0680051520467,
        "median": 0.06689453125,
        "min": 0.00439453125,
        "var": 0.000963326368947
    },
    "barkbands": {
        "dmean": [0.000178088477696, 0.00596932508051, 0.0035152437631, 0.00222920440137, 0.0016065716045, 0.000533882004675, 0.00051027542213, 0.00048960535787, 0.00147028232459, 0.00110313529149, 0.000693495559972, 0.00046001575538, 0.000702651159372, 0.000491486920509, 0.000536360719707, 0.00031004709308, 0.000272221019259, 0.000286359630991, 0.000240318491706, 0.000272744102404, 0.000147090555402, 0.000143038327224, 9.99180265353e-05, 5.50657714484e-05, 2.59287153312e-05, 1.2092579027e-07, 1.32062194513e-09],
        "dmean2": [0.000265866372501, 0.00872469693422, 0.00618660124019, 0.00408271281049, 0.0029050798621, 0.000875419005752, 0.000834352103993, 0.0007908824482, 0.00228961487301, 0.00169557135087, 0.00115093868226, 0.000750562816393, 0.00115019851364, 0.000798698165454, 0.000884153007064, 0.000482587434817, 0.000432295521023, 0.000452334294096, 0.000379734352464, 0.00043204324902, 0.000228542892728, 0.000214553438127, 0.000147471102537, 7.90818230598e-05, 3.76273856091e-05, 2.07463045854e-07, 2.43116238252e-09],
        "dvar": [1.05091778835e-07, 9.25260246731e-05, 7.84095609561e-05, 3.78895892936e-05, 1.69491577253e-05, 1.54973122335e-06, 1.97003623725e-06, 1.5196997083e-06, 8.49581829243e-06, 6.30394106338e-06, 2.45307774094e-06, 7.45256272694e-07, 2.02316027753e-06, 1.04928790279e-06, 1.56609496571e-06, 4.68914464591e-07, 3.5246415564e-07, 2.42357714342e-07, 1.23030872601e-07, 1.45546451336e-07, 5.06729556093e-08, 4.97079675199e-08, 2.3881550959e-08, 6.0551688108e-09, 1.60099422608e-09, 6.10722477906e-14, 4.78579653617e-18],
        "dvar2": [2.26809049764e-07, 0.000174653716385, 0.000217084976612, 0.000107745938294, 4.84766896989e-05, 3.84056875191e-06, 4.83847043142e-06, 3.70221346202e-06, 1.89121201402e-05, 1.36539001687e-05, 6.10993220107e-06, 1.91283811546e-06, 5.3252338148e-06, 2.68619828603e-06, 4.0781833377e-06, 1.03357933767e-06, 8.85724546151e-07, 5.89443743593e-07, 3.09201453774e-07, 3.61502145552e-07, 1.14410447338e-07, 1.02759713627e-07, 5.00433756656e-08, 1.07801181315e-08, 3.10242320722e-09, 1.69710206717e-13, 1.47382045374e-17],
        "max": [0.00603586342186, 0.160037249327, 0.15954208374, 0.0937335938215, 0.0665977224708, 0.0454177744687, 0.0361596904695, 0.0444666519761, 0.0504648126662, 0.0542495250702, 0.0534680150449, 0.0215382948518, 0.0309808589518, 0.0215721558779, 0.0252247098833, 0.0198768004775, 0.0175117924809, 0.0105396714061, 0.00841654557735, 0.00687727797776, 0.00869510509074, 0.0059351301752, 0.00235890061595, 0.00317316921428, 0.00111785135232, 6.64350318402e-06, 8.07397526614e-08],
        "mean": [0.000232252612477, 0.0106080556288, 0.00384367071092, 0.00199660984799, 0.00152053323109, 0.00073188287206, 0.000735034118406, 0.000812690646853, 0.00265845702961, 0.00193704862613, 0.00110300071537, 0.000762628449593, 0.00117221043911, 0.000813882565126, 0.000886985217221, 0.000564116402529, 0.000524809176568, 0.000564251153264, 0.000484064308694, 0.000594060169533, 0.00029500736855, 0.000254767976003, 0.000188327612705, 0.000125105143525, 6.53508759569e-05, 1.33117637802e-07, 1.10411790821e-09],
        "median": [6.29541755188e-05, 0.00562770431861, 0.000864882778842, 0.000418829440605, 0.000432200497016, 0.000331756513333, 0.000229581433814, 0.000318724225508, 0.000597208621912, 0.000446593621746, 0.000457851449028, 0.000307196722133, 0.000387380685424, 0.000331768620526, 0.000305343535729, 0.000245397997787, 0.000203081348445, 0.000303299719235, 0.000292584387353, 0.000343822379364, 0.00018961558817, 0.000148780076415, 0.000129576132167, 9.17765573831e-05, 4.21051954618e-05, 4.82877027252e-08, 4.33558022817e-10],
        "min": [4.91937841459e-24, 3.56110555952e-23, 8.30432297204e-24, 1.69207540281e-23, 1.92667048756e-23, 2.57298028291e-23, 7.085828223e-23, 5.26129707886e-23, 4.39696237985e-23, 3.37679546653e-23, 4.53427466446e-23, 9.06197464659e-23, 1.13381791461e-22, 3.87280028039e-23, 1.33050365747e-22, 1.59786868687e-22, 1.59082901837e-22, 2.60605766242e-22, 2.65508189669e-22, 3.77333627984e-22, 3.5741661931e-22, 3.81055663061e-22, 6.41366534165e-22, 1.06338298562e-21, 1.14651312257e-21, 1.81879628944e-21, 2.24217543816e-21],
        "var": [1.66177883898e-07, 0.000227242533583, 6.20594291831e-05, 2.48103024205e-05, 1.21063239931e-05, 2.30840578297e-06, 2.95974359688e-06, 3.09638267026e-06, 2.42854130192e-05, 1.77084766619e-05, 5.91017078477e-06, 1.82822680017e-06, 4.55436247648e-06, 2.33595324062e-06, 3.51701669388e-06, 1.33311266381e-06, 1.27019927731e-06, 7.36286608571e-07, 3.20064543757e-07, 4.32006345363e-07, 1.25672414697e-07, 1.0376441395e-07, 4.50364083804e-08, 1.78895795955e-08, 5.01787944529e-09, 6.00261349957e-14, 3.71331013629e-18]
    },
    "erbbands": {
        "dmean": [0.196133539081, 1.38345980644, 3.71638512611, 5.82015037537, 6.93960475922, 4.61930799484, 3.87351417542, 4.79856491089, 6.30019140244, 11.1487407684, 8.97278785706, 36.9791946411, 34.2200088501, 28.6924114227, 28.7721672058, 17.0875720978, 27.8049755096, 25.5707893372, 32.5288887024, 17.6967964172, 14.9158630371, 14.2441358566, 13.9208650589, 15.6444578171, 9.692278862, 14.111697197, 8.08540248871, 4.95877122879, 5.29100608826, 3.54915976524, 2.90253591537, 1.77881884575, 0.665787935257, 0.31502187252, 0.210373088717, 0.0141810690984, 0.000345740758348, 2.29723991652e-05, 7.61627370593e-06, 1.32093673528e-05],
        "dmean2": [0.266446352005, 2.09381961823, 6.48137331009, 9.90350246429, 12.9038982391, 8.2257976532, 6.62651729584, 7.73096084595, 10.2618894577, 18.0396728516, 14.40346241, 57.569934845, 52.1940040588, 44.8111495972, 46.6174201965, 28.0104827881, 45.4046516418, 41.7303466797, 53.7197685242, 28.277097702, 23.0649986267, 22.1686553955, 21.7546596527, 24.8190460205, 15.1762933731, 22.4314537048, 12.6124668121, 7.61765527725, 8.00442314148, 5.21568393707, 4.29016590118, 2.57490491867, 0.964238584042, 0.463089942932, 0.310371160507, 0.0214577335864, 0.000509663310368, 3.25317159877e-05, 1.05932867882e-05, 1.91288036149e-05],
        "dvar": [0.109425202012, 5.36535787582, 82.5052261353, 195.626724243, 372.470977783, 139.788894653, 116.069725037, 138.80229187, 326.921051025, 783.676574707, 459.47644043, 5760.21435547, 4910.83496094, 4180.98925781, 4054.41308594, 894.817382812, 2550.50268555, 2068.84716797, 6031.0234375, 1220.97937012, 1258.59533691, 823.185180664, 628.627868652, 599.649230957, 150.394851685, 416.357574463, 139.934921265, 70.7139968872, 68.6411590576, 30.1441555023, 19.793674469, 7.17421865463, 0.868793904781, 0.220290109515, 0.128138706088, 0.000848110707011, 4.34766178614e-07, 1.4779732993e-09, 7.57669899043e-11, 2.40006570174e-10],
        "dvar2": [0.178964018822, 11.1319665909, 226.15524292, 512.870849609, 1074.3236084, 398.227935791, 329.127532959, 320.043884277, 789.372253418, 1938.45715332, 1080.95373535, 12951.0957031, 10494.8408203, 9837.55664062, 10352.5400391, 2239.27294922, 6692.40576172, 5171.23144531, 16292.9082031, 2864.52807617, 2738.26635742, 1995.87854004, 1492.5859375, 1534.33447266, 354.630249023, 1056.40966797, 336.265869141, 148.582717896, 143.377975464, 60.5344314575, 41.1566963196, 13.1564884186, 1.70382511616, 0.419201254845, 0.275165736675, 0.00175788823981, 8.87078044798e-07, 2.88375900936e-09, 1.34017658082e-10, 4.52130638484e-10],
        "max": [5.52932167053, 37.391204834, 130.909622192, 210.961227417, 243.369934082, 262.229797363, 259.788757324, 568.758972168, 619.450500488, 701.781066895, 723.482727051, 1513.9473877, 1776.43530273, 1289.01367188, 1854.42333984, 721.336242676, 1229.23205566, 935.260742188, 1885.31787109, 1045.03613281, 1011.74169922, 699.353820801, 654.768859863, 613.748474121, 201.12550354, 308.267608643, 280.456542969, 416.755187988, 201.521438599, 134.234069824, 64.3342285156, 118.187744141, 21.848192215, 7.72100019455, 10.9994745255, 1.4614366293, 0.0309336520731, 0.00152696471196, 0.00016548082931, 0.000258378859144],
        "mean": [0.316674023867, 2.31632041931, 4.20149803162, 6.68293428421, 5.60716199875, 4.55251741409, 4.60150051117, 6.77631473541, 8.96702384949, 17.8537330627, 16.456407547, 66.5746917725, 62.7597923279, 52.1645240784, 49.5007743835, 31.2796287537, 48.382522583, 45.8196868896, 56.780872345, 32.8424873352, 30.4580631256, 29.8689575195, 29.1552696228, 32.0987930298, 20.6756019592, 30.1033592224, 17.842048645, 9.00810050964, 9.17622566223, 7.11238050461, 5.26156568527, 3.57893538475, 1.59716522694, 0.801613330841, 0.451094955206, 0.029158635065, 0.00078001152724, 6.0600519646e-05, 2.68994790531e-05, 4.20636788476e-05],
        "median": [0.124948561192, 1.29771256447, 1.6806896925, 1.4495818615, 1.45326602459, 1.22687268257, 1.67794191837, 3.07328629494, 3.23628115654, 5.44009399414, 8.96919822693, 15.2837924957, 24.5130844116, 12.7632808685, 23.1459541321, 16.1198692322, 20.1805419922, 23.3701400757, 22.1502437592, 15.9275398254, 12.9557609558, 12.2100944519, 16.8795547485, 17.7855377197, 14.5283002853, 16.8104782104, 11.5419616699, 5.672727108, 5.49745416641, 4.28178167343, 3.55065178871, 2.50355744362, 1.10329580307, 0.489606022835, 0.249763399363, 0.0157223716378, 0.000459788745502, 4.17321207351e-05, 2.46085819526e-05, 3.7167868868e-05],
        "min": [1.87874729485e-21, 4.69723396567e-21, 8.45851953059e-21, 4.14988176888e-20, 6.3495114065e-20, 6.35207178899e-20, 7.57455490769e-20, 3.06697917469e-19, 8.45286613885e-19, 1.25557393628e-18, 9.72875139167e-19, 9.52845064031e-19, 1.09289904605e-18, 1.12387116972e-18, 2.33499045533e-18, 3.30672687698e-18, 5.31990953924e-18, 2.90837633952e-18, 4.72908131106e-18, 8.99925853471e-18, 7.95931714244e-18, 9.67262243082e-18, 1.22226730212e-17, 1.72314840679e-17, 1.40704365181e-17, 1.74422893927e-17, 1.40009219138e-17, 1.3721221543e-17, 1.24772378547e-17, 1.86579702692e-17, 1.72569016738e-17, 2.33074251065e-17, 1.58598349782e-17, 1.06487228506e-17, 9.53670424847e-18, 5.4778129415e-18, 3.03705400317e-18, 1.54275243339e-18, 3.61787655126e-19, 3.08823390364e-20],
        "var": [0.261889636517, 10.9804763794, 66.4649124146, 177.722457886, 227.828475952, 108.123558044, 104.805198669, 230.781036377, 436.502075195, 1590.70703125, 855.51550293, 15882.5742188, 13628.4257812, 12055.5351562, 10380.0595703, 2272.94677734, 5712.58984375, 4545.43066406, 13114.0507812, 2739.77758789, 4362.82861328, 3573.25830078, 2078.15380859, 1874.46508789, 379.895019531, 1142.3482666, 386.356750488, 151.691253662, 133.675643921, 75.2017669678, 35.8506317139, 17.2025203705, 2.83443260193, 0.811414778233, 0.297560960054, 0.00160052918363, 9.23846471323e-07, 3.87917742373e-09, 2.7244473344e-10, 7.50880801981e-10]
    },
    "gfcc": {
        "mean": [9.54369544983, 93.0742263794, -153.795135498, 52.0893211365, -67.98021698, 35.5913009644, -26.9439601898, 16.7644519806, -14.6624879837, -2.47850322723, -2.74437308311, -13.8634662628, 2.2813642025],
        "cov": [[2648.59423828, -226.764572144, 477.379455566, 576.696228027, -46.9337272644, 244.661575317, -81.475769043, 79.7789306641, -151.73487854, 80.201171875, -83.3624572754, -66.7358932495, -111.265159607], [-226.764572144, 993.362243652, 408.031066895, 70.3837509155, 261.518981934, -105.276855469, 113.593551636, -115.93661499, 98.900138855, -87.6672286987, 71.9930419922, -84.2742996216, 26.7403144836], [477.379455566, 408.031066895, 1204.97399902, 637.383789062, 132.097381592, 154.427154541, -17.5147190094, -39.9925880432, -16.1856250763, 48.967124939, -43.8647651672, -5.17713069916, -96.9361419678], [576.696228027, 70.3837509155, 637.383789062, 579.104553223, 118.611907959, 119.607902527, 1.05738973618, 18.125415802, -1.6443823576, 55.2649154663, -12.576675415, -2.1944797039, -60.160282135], [-46.9337272644, 261.518981934, 132.097381592, 118.611907959, 235.578353882, 48.702583313, 89.1720428467, 0.764869391918, 42.0143051147, -6.13015985489, 34.805141449, -22.8874320984, 9.3287935257], [244.661575317, -105.276855469, 154.427154541, 119.607902527, 48.702583313, 199.884933472, 71.3164672852, 29.8003368378, -28.1973419189, 37.5830078125, -2.39368772507, -11.6720752716, -18.5523681641], [-81.475769043, 113.593551636, -17.5147190094, 1.05738973618, 89.1720428467, 71.3164672852, 186.562835693, 33.9863090515, 26.1956939697, 15.3828639984, 45.1360855103, -50.5859565735, 15.7283143997], [79.7789306641, -115.93661499, -39.9925880432, 18.125415802, 0.764869391918, 29.8003368378, 33.9863090515, 118.081848145, 39.4906082153, 35.1160202026, 21.9121837616, 5.22739267349, -1.55925166607], [-151.73487854, 98.900138855, -16.1856250763, -1.6443823576, 42.0143051147, -28.1973419189, 26.1956939697, 39.4906082153, 138.619033813, 13.4080953598, 39.4507522583, 23.9134998322, 20.9339828491], [80.201171875, -87.6672286987, 48.967124939, 55.2649154663, -6.13015985489, 37.5830078125, 15.3828639984, 35.1160202026, 13.4080953598, 105.689193726, 36.2009506226, 7.53745079041, -6.06551551819], [-83.3624572754, 71.9930419922, -43.8647651672, -12.576675415, 34.805141449, -2.39368772507, 45.1360855103, 21.9121837616, 39.4507522583, 36.2009506226, 114.016838074, 8.83424282074, 28.5580101013], [-66.7358932495, -84.2742996216, -5.17713069916, -2.1944797039, -22.8874320984, -11.6720752716, -50.5859565735, 5.22739267349, 23.9134998322, 7.53745079041, 8.83424282074, 104.78225708, 23.6335105896], [-111.265159607, 26.7403144836, -96.9361419678, -60.160282135, 9.3287935257, -18.5523681641, 15.7283143997, -1.55925166607, 20.9339828491, -6.06551551819, 28.5580101013, 23.6335105896, 88.1186065674]],
        "icov": [[0.000776861852501, -0.00103190669324, 0.000948144763242, -0.00147799472325, 0.00113753660116, -0.00155271403491, 0.00109288212843, -0.00119400932454, 0.000992329441942, -0.000596272177063, 0.000638237746898, 6.94400150678e-05, 0.000162244337844], [-0.00103190669324, 0.00792341306806, -0.0056553944014, 0.0051954491064, -0.00638215756044, 0.00734551250935, -0.00403636926785, 0.00587452016771, -0.00447214161977, 0.00469192955643, -0.00466421945021, 0.00415373593569, -0.00155211763922], [0.000948144763242, -0.0056553944014, 0.00633672252297, -0.00624221935868, 0.00460871355608, -0.0060054701753, 0.00317704561166, -0.00297488388605, 0.0028736339882, -0.00344651425257, 0.00363574898802, -0.00289163831621, 0.00192782166414], [-0.00147799472325, 0.0051954491064, -0.00624221935868, 0.00927139818668, -0.00610622065142, 0.00494935363531, -0.0023912016768, 0.00294277770445, -0.00307831028476, 0.00197225576267, -0.00297721242532, 0.00196555769071, -0.00050778966397], [0.00113753660116, -0.00638215756044, 0.00460871355608, -0.00610622065142, 0.0121473371983, -0.00688716955483, 0.000921789673157, -0.00356702739373, 0.00184056244325, -0.0017292361008, 0.00236976379529, -0.00243952404708, 0.00064043700695], [-0.00155271403491, 0.00734551250935, -0.0060054701753, 0.00494935363531, -0.00688716955483, 0.015707872808, -0.00801988132298, 0.0041296472773, -0.00150736328214, 0.00228094542399, -0.00283158640377, 0.00150307861622, -0.000846582173835], [0.00109288212843, -0.00403636926785, 0.00317704561166, -0.0023912016768, 0.000921789673157, -0.00801988132298, 0.013281843625, -0.0049597248435, 0.001209716429, -0.0022047359962, -0.000163832912222, 0.00367986201309, -0.00115025811829], [-0.00119400932454, 0.00587452016771, -0.00297488388605, 0.00294277770445, -0.00356702739373, 0.0041296472773, -0.0049597248435, 0.0166296269745, -0.00719286268577, 0.0011304001091, -0.00355457793921, 0.00214229966514, 0.000236822234001], [0.000992329441942, -0.00447214161977, 0.0028736339882, -0.00307831028476, 0.00184056244325, -0.00150736328214, 0.001209716429, -0.00719286268577, 0.0134654864669, -0.00311417062767, 0.00125555181876, -0.00472418032587, 0.00026106936275], [-0.000596272177063, 0.00469192955643, -0.00344651425257, 0.00197225576267, -0.0017292361008, 0.00228094542399, -0.0022047359962, 0.0011304001091, -0.00311417062767, 0.0162512753159, -0.00757254799828, 0.00215796148404, 0.000189071462955], [0.000638237746898, -0.00466421945021, 0.00363574898802, -0.00297721242532, 0.00236976379529, -0.00283158640377, -0.000163832912222, -0.00355457793921, 0.00125555181876, -0.00757254799828, 0.015891989693, -0.00362776126713, -0.00168937596027], [6.94400150678e-05, 0.00415373593569, -0.00289163831621, 0.00196555769071, -0.00243952404708, 0.00150307861622, 0.00367986201309, 0.00214229966514, -0.00472418032587, 0.00215796148404, -0.00362776126713, 0.0164952129126, -0.0050335447304], [0.000162244337844, -0.00155211763922, 0.00192782166414, -0.00050778966397, 0.00064043700695, -0.000846582173835, -0.00115025811829, 0.000236822234001, 0.00026106936275, 0.000189071462955, -0.00168937596027, -0.0050335447304, 0.0156102161855]]
    },
    "melbands": {
        "dmean": [0.00169052544516, 0.00182251236401, 0.00101491203532, 0.000410277105402, 0.000145912184962, 0.000106400322693, 9.71845074673e-05, 0.000121703655168, 7.85076190368e-05, 0.00024820418912, 0.000172992062289, 0.000122236073366, 9.84500511549e-05, 5.88390830671e-05, 4.1913750465e-05, 7.56038716645e-05, 4.66745332233e-05, 5.64249712625e-05, 3.29788090312e-05, 2.26712254516e-05, 1.84087548405e-05, 1.72489199031e-05, 1.38584255183e-05, 1.41087848533e-05, 1.40572446981e-05, 7.76514843892e-06, 8.02350223239e-06, 1.03036909422e-05, 6.20077298663e-06, 3.37982260135e-06, 3.06529204863e-06, 3.43939746017e-06, 2.56266639553e-06, 1.82578969543e-06, 1.69369184277e-06, 1.74390061147e-06, 8.88150111678e-07, 5.05810191953e-07, 3.85097393973e-07, 2.5869198339e-07],
        "dmean2": [0.00235798303038, 0.00300316442735, 0.00172709638719, 0.000754973676521, 0.000249398493906, 0.000172011496034, 0.00015812687343, 0.000196866923943, 0.000125908074551, 0.000386160798371, 0.000263176247245, 0.000190334030776, 0.000160877010785, 9.51480033109e-05, 6.91545574227e-05, 0.000123400051962, 7.57020170568e-05, 9.30827955017e-05, 5.39639841008e-05, 3.6267847463e-05, 2.86012000288e-05, 2.72346223937e-05, 2.18909244722e-05, 2.23781589739e-05, 2.25329113164e-05, 1.23062936837e-05, 1.29623576868e-05, 1.63954828167e-05, 9.83096742857e-06, 5.30116994923e-06, 4.80521794088e-06, 5.31382829649e-06, 3.8753400986e-06, 2.7288435831e-06, 2.55823420048e-06, 2.61009654423e-06, 1.30855607949e-06, 7.57760687975e-07, 5.82378902436e-07, 3.87649777167e-07],
        "dvar": [7.44029966881e-06, 1.44330451803e-05, 5.97143480263e-06, 1.20161121231e-06, 1.51638047896e-07, 6.20343598712e-08, 7.61240315228e-08, 9.33049761898e-08, 3.73090998096e-08, 2.62086302882e-07, 1.33684309844e-07, 8.15530825093e-08, 5.09693052209e-08, 1.39280107447e-08, 4.02533650856e-09, 3.00608959947e-08, 7.76335618013e-09, 1.85873130221e-08, 5.56269741381e-09, 2.39523401113e-09, 2.15017159633e-09, 1.40471556609e-09, 8.58003890158e-10, 6.1593863343e-10, 5.34216060277e-10, 1.05837089093e-10, 1.21836568612e-10, 2.26698756989e-10, 9.03036326272e-11, 3.06909775372e-11, 2.7286586185e-11, 3.02761149484e-11, 1.58438609454e-11, 7.99493110604e-12, 7.13881774875e-12, 6.6676230509e-12, 1.9534753589e-12, 5.13432124507e-13, 3.42342663549e-13, 1.52668351051e-13],
        "dvar2": [1.30210473799e-05, 3.78453150915e-05, 1.57051272254e-05, 3.44616637449e-06, 4.31931198364e-07, 1.45804079921e-07, 1.84728207842e-07, 2.29829439036e-07, 8.49026307037e-08, 5.86735666275e-07, 2.8511635719e-07, 1.88905090681e-07, 1.27042724785e-07, 3.55629374837e-08, 1.0288535357e-08, 7.85544429505e-08, 1.90709066317e-08, 5.06620736473e-08, 1.41435601009e-08, 5.4410915773e-09, 4.72895189674e-09, 3.41393713299e-09, 2.12771578134e-09, 1.44328859975e-09, 1.37954858648e-09, 2.53710691345e-10, 3.09478664917e-10, 5.78350478619e-10, 2.28232821531e-10, 6.79567374595e-11, 6.01176747272e-11, 6.66879329536e-11, 3.3291633339e-11, 1.64300829886e-11, 1.55187390716e-11, 1.41659366529e-11, 3.47737940873e-12, 1.05406471312e-12, 7.66146965748e-13, 3.0901602349e-13],
        "max": [0.0453289933503, 0.0535572171211, 0.0353018343449, 0.0133298896253, 0.00964463688433, 0.0110149327666, 0.00834090728313, 0.00756504386663, 0.00860143546015, 0.00999259855598, 0.00927075557411, 0.00600545248017, 0.00842031743377, 0.00326355453581, 0.0013811661629, 0.00401046779007, 0.00200622435659, 0.00370808993466, 0.00160733726807, 0.00165967817884, 0.00134532013908, 0.000883433152921, 0.000722774595488, 0.000543725909665, 0.000612302334048, 0.000173434265889, 0.000131633030833, 0.000258138112258, 0.000243945643888, 0.000239137836616, 0.000219786365051, 0.000131710941787, 9.69891625573e-05, 6.59987999825e-05, 3.72915346816e-05, 4.43036260549e-05, 7.54649445298e-05, 1.94266740436e-05, 9.46737782215e-06, 6.29097530691e-06],
        "mean": [0.00292886048555, 0.00258829328232, 0.00113336578943, 0.000352017930709, 0.000175168563146, 0.000150586522068, 0.00014009368897, 0.000196830500499, 0.000133443609229, 0.000447045138571, 0.000310349161737, 0.000213974315557, 0.000162538039149, 0.000100690049294, 7.145973359e-05, 0.000125863793073, 7.85374068073e-05, 9.39828969422e-05, 5.54094003746e-05, 3.97240364691e-05, 3.46306369465e-05, 3.18190650432e-05, 2.61524437519e-05, 2.68983403657e-05, 2.67160903604e-05, 1.48538038047e-05, 1.56427649927e-05, 2.10444632103e-05, 1.28409983517e-05, 6.30599015494e-06, 4.86903081764e-06, 5.3002227105e-06, 4.84396650791e-06, 3.48769958691e-06, 2.88915862257e-06, 3.02311696032e-06, 1.82537257842e-06, 1.11025474325e-06, 9.0805082209e-07, 5.84628423894e-07],
        "median": [0.00138478470035, 0.00141774991062, 0.000299490755424, 9.36661162996e-05, 6.49661160423e-05, 6.90927990945e-05, 4.88966470584e-05, 6.18997873971e-05, 6.35495525785e-05, 9.34149793466e-05, 0.000104780279798, 3.90792520193e-05, 7.2478032962e-05, 4.420971527e-05, 3.62800201401e-05, 3.58252436854e-05, 3.6039375118e-05, 3.33452335326e-05, 2.13001985685e-05, 1.72627660504e-05, 1.26984359667e-05, 1.18135085359e-05, 1.2564231838e-05, 1.41384225572e-05, 1.39047351695e-05, 9.87682415143e-06, 9.22447725316e-06, 1.12653615361e-05, 7.63049683883e-06, 3.98309748562e-06, 2.80905055661e-06, 2.99964722217e-06, 2.7635655897e-06, 2.05298238143e-06, 1.83977647339e-06, 1.97201234187e-06, 1.27614543999e-06, 7.6751649658e-07, 5.28119926457e-07, 3.35727719403e-07],
        "min": [1.27430957687e-23, 4.59830374312e-24, 7.62135481043e-24, 4.31953134327e-24, 2.68072724408e-24, 6.65693764392e-24, 1.33830852105e-23, 1.38810836336e-23, 8.12067851989e-24, 5.70274608689e-24, 5.52596669677e-24, 4.44277587135e-24, 7.75712723855e-24, 6.89772165802e-24, 1.02206964582e-23, 1.2903373372e-23, 4.10013926477e-24, 7.20335634942e-24, 9.37560633653e-24, 1.17827049483e-23, 9.43642909004e-24, 9.26849480281e-24, 1.13116390253e-23, 1.18353164486e-23, 1.50564895379e-23, 7.54970967416e-24, 1.3529160162e-23, 1.11020789147e-23, 8.50351508378e-24, 7.21986484158e-24, 8.96143858407e-24, 6.46501606872e-24, 7.70528645531e-24, 1.21870292944e-23, 8.98836398448e-24, 1.26248541965e-23, 1.39375976289e-23, 1.18319369685e-23, 8.53880162093e-24, 8.93578719401e-24],
        "var": [1.89266174857e-05, 1.62821252161e-05, 5.18879824085e-06, 7.8047429497e-07, 1.37885692197e-07, 1.01938233854e-07, 1.05354509117e-07, 1.96113660422e-07, 6.82341578795e-08, 7.45215174902e-07, 3.70731299881e-07, 2.32544564938e-07, 1.25011140995e-07, 3.61251544234e-08, 9.67867475055e-09, 6.69217214977e-08, 1.72309455593e-08, 3.85159140137e-08, 1.23839978272e-08, 5.71886449308e-09, 7.31137284049e-09, 4.88831908285e-09, 2.56999133086e-09, 1.70312342007e-09, 1.49035617181e-09, 2.37660002789e-10, 2.9070354457e-10, 5.91297899533e-10, 2.37311975626e-10, 6.82778070193e-11, 4.99773659957e-11, 4.95883785423e-11, 3.76900281818e-11, 1.84916266327e-11, 1.19257780734e-11, 1.21054286387e-11, 5.02662581697e-12, 1.46326028551e-12, 1.17251466782e-12, 4.59715382081e-13]
    },
    "mfcc": {
        "mean": [-611.301513672, 98.2446365356, -14.3216838837, 17.8344936371, -1.87363219261, 11.4757518768, 8.40093994141, 11.5410890579, 3.66785025597, 12.3045501709, 2.4504711628, 2.37214636803, -1.17563843727],
        "cov": [[2044.25317383, -552.837036133, 348.341186523, 217.086730957, 123.701370239, 98.2663116455, 106.517349243, -3.41729044914, -18.794008255, 74.7169418335, 10.8139257431, -48.5234870911, -28.8829154968], [-552.837036133, 980.490112305, 66.5461654663, 106.676849365, 89.9066314697, 35.8083877563, 17.1513748169, 9.76606941223, 9.94812297821, -7.45163393021, -9.76585865021, 25.7319583893, 1.67093348503], [348.341186523, 66.5461654663, 1023.48822021, 474.831298828, 254.186141968, 250.771850586, 59.319934845, 25.3251037598, -18.7568798065, 45.5778312683, 12.0036506653, 39.5475997925, 26.3635501862], [217.086730957, 106.676849365, 474.831298828, 457.906188965, 203.306488037, 145.090545654, 56.1488189697, 29.7906913757, 5.02288484573, 57.3851661682, 12.8530054092, 48.3032608032, 24.4856567383], [123.701370239, 89.9066314697, 254.186141968, 203.306488037, 209.043792725, 92.1316452026, 27.845582962, 38.4569702148, 12.1898326874, 18.1116695404, -0.809527218342, 37.0664482117, 27.3933887482], [98.2663116455, 35.8083877563, 250.771850586, 145.090545654, 92.1316452026, 214.764663696, 90.0667877197, 34.8731918335, 11.089679718, 42.5865516663, 8.30451869965, -5.43288946152, -2.20912671089], [106.517349243, 17.1513748169, 59.319934845, 56.1488189697, 27.845582962, 90.0667877197, 208.744644165, 15.1805028915, -6.56912136078, 100.339736938, 21.621219635, -16.4826660156, -40.6568527222], [-3.41729044914, 9.76606941223, 25.3251037598, 29.7906913757, 38.4569702148, 34.8731918335, 15.1805028915, 104.094322205, 35.0064468384, 7.66350984573, 7.93531894684, 21.8329925537, 13.0550527573], [-18.794008255, 9.94812297821, -18.7568798065, 5.02288484573, 12.1898326874, 11.089679718, -6.56912136078, 35.0064468384, 78.017326355, 20.9289703369, 1.17809844017, 1.12510108948, 7.93126392365], [74.7169418335, -7.45163393021, 45.5778312683, 57.3851661682, 18.1116695404, 42.5865516663, 100.339736938, 7.66350984573, 20.9289703369, 148.356124878, 45.7159690857, 3.51132845879, -30.7966175079], [10.8139257431, -9.76585865021, 12.0036506653, 12.8530054092, -0.809527218342, 8.30451869965, 21.621219635, 7.93531894684, 1.17809844017, 45.7159690857, 82.6757583618, 39.6946372986, 4.32789611816], [-48.5234870911, 25.7319583893, 39.5475997925, 48.3032608032, 37.0664482117, -5.43288946152, -16.4826660156, 21.8329925537, 1.12510108948, 3.51132845879, 39.6946372986, 101.322303772, 50.6080627441], [-28.8829154968, 1.67093348503, 26.3635501862, 24.4856567383, 27.3933887482, -2.20912671089, -40.6568527222, 13.0550527573, 7.93126392365, -30.7966175079, 4.32789611816, 50.6080627441, 93.4322891235]],
