{
"lowlevel": {
    "average_loudness": 0.91494089365,
    "barkbands_crest": {
        "dmean": 2.2056248188,
        "dmean2": 3.55791974068,
        "dvar": 4.36812877655,
        "dvar2": 10.4123029709,
        "max": 25.8529834747,
        "mean": 7.70827579498,
        "median": 6.79315853119,
        "min": 2.34708118439,
        "var": 12.6103582382
    },
    "barkbands_flatness_db": {
        "dmean": 0.016682209447,
        "dmean2": 0.0261617451906,
        "dvar": 0.000253048812738,
        "dvar2": 0.000592196884099,
        "max": 0.347869902849,
        "mean": 0.105478078127,
        "median": 0.0985622555017,
        "min": 0.0321421027184,
        "var": 0.00126878952142
    },
    "barkbands_kurtosis": {
        "dmean": 1.26388204098,
        "dmean2": 2.02622318268,
        "dvar": 7.15152835846,
        "dvar2": 17.6771659851,
        "max": 81.823677063,
        "mean": 0.449279427528,
        "median": -0.44321000576,
        "min": -1.89802229404,
        "var": 10.3286371231
    },
    "barkbands_skewness": {
        "dmean": 0.448005437851,
        "dmean2": 0.655550658703,
        "dvar": 0.278014868498,
        "dvar2": 0.529791772366,
        "max": 8.21782875061,
        "mean": 0.715530753136,
        "median": 0.693608105183,
        "min": -4.79949903488,
        "var": 0.892170846462
    },
    "barkbands_spread": {
        "dmean": 7.06571769714,
        "dmean2": 11.0013961792,
        "dvar": 60.552936554,
        "dvar2": 143.56262207,
        "max": 90.8546142578,
        "mean": 36.2815361023,
        "median": 35.4207344055,
        "min": 1.23386442661,
        "var": 267.803161621
    },
    "dissonance": {
        "dmean": 0.0127759687603,
        "dmean2": 0.0212914738804,
        "dvar": 0.000170651779626,
        "dvar2": 0.000452426698757,
        "max": 0.499999165535,
        "mean": 0.4759298563,
        "median": 0.48047709465,
        "min": 0.332170933485,
        "var": 0.000348241243046
    },
    "dynamic_complexity": 2.2195751667,
    "erbbands_crest": {
        "dmean": 2.30605173111,
        "dmean2": 3.72010755539,
        "dvar": 4.98109197617,
        "dvar2": 11.9588155746,
        "max": 28.8256034851,
        "mean": 7.83585786819,
        "median": 6.90060520172,
        "min": 2.50418376923,
        "var": 13.8538455963
    },
    "erbbands_flatness_db": {
        "dmean": 0.0157226566225,
        "dmean2": 0.0225546639413,
        "dvar": 0.000232734004385,
        "dvar2": 0.000447061989689,
        "max": 0.398890197277,
        "mean": 0.151520982385,
        "median": 0.140203043818,
        "min": 0.0663229897618,
        "var": 0.00225722580217
    },
    "erbbands_kurtosis": {
        "dmean": 0.8976765275,
        "dmean2": 1.38825368881,
        "dvar": 3.83441448212,
        "dvar2": 8.27471637726,
        "max": 45.0536308289,
        "mean": 0.0721934586763,
        "median": -0.573186993599,
        "min": -1.8662416935,
        "var": 6.73604202271
    },
    "erbbands_skewness": {
        "dmean": 0.370847553015,
        "dmean2": 0.543127119541,
        "dvar": 0.163076490164,
        "dvar2": 0.306656658649,
        "max": 6.12660884857,
        "mean": -0.146146774292,
        "median": -0.113941401243,
        "min": -5.21410989761,
        "var": 0.75670260191
    },
    "erbbands_spread": {
        "dmean": 8.92074871063,
        "dmean2": 13.4875831604,
        "dvar": 89.146812439,
        "dvar2": 190.800094604,
        "max": 143.67086792,
        "mean": 45.8159790039,
        "median": 44.9356803894,
        "min": 3.17252159119,
        "var": 371.621337891
    },
    "hfc": {
        "dmean": 8.84619045258,
        "dmean2": 13.074968338,
        "dvar": 180.781906128,
        "dvar2": 356.832122803,
        "max": 200.809906006,
        "mean": 32.0997314453,
        "median": 27.7746620178,
        "min": 4.15202178194e-10,
        "var": 526.970275879
    },
    "melbands_crest": {
        "dmean": 3.0761551857,
        "dmean2": 4.99975776672,
        "dvar": 8.02138137817,
        "dvar2": 20.1633300781,
        "max": 31.4451351166,
        "mean": 11.4424142838,
        "median": 10.5392055511,
        "min": 2.61477088928,
        "var": 20.6173648834
    },
    "melbands_flatness_db": {
        "dmean": 0.0202256646007,
        "dmean2": 0.0310361981392,
        "dvar": 0.000461432238808,
        "dvar2": 0.000980169628747,
        "max": 0.35515922308,
        "mean": 0.123012810946,
        "median": 0.116486802697,
        "min": 0.0182656291872,
        "var": 0.00181651662569
    },
    "melbands_kurtosis": {
        "dmean": 4.06034660339,
        "dmean2": 6.38674545288,
        "dvar": 77.284362793,
        "dvar2": 179.741653442,
        "max": 211.464172363,
        "mean": 6.4390835762,
        "median": 3.96829080582,
        "min": -1.91653573513,
        "var": 106.990341187
    },
    "melbands_skewness": {
        "dmean": 0.59917640686,
        "dmean2": 0.894018352032,
        "dvar": 0.534384965897,
        "dvar2": 1.126085639,
        "max": 12.4574632645,
        "mean": 2.02679419518,
        "median": 1.90482568741,
        "min": -2.04170870781,
        "var": 1.53354859352
    },
    "melbands_spread": {
        "dmean": 12.4841938019,
        "dmean2": 18.808506012,
        "dvar": 308.003265381,
        "dvar2": 566.116882324,
        "max": 247.825119019,
        "mean": 46.0213127136,
        "median": 39.3728790283,
        "min": 1.2487205267,
        "var": 978.062866211
    },
    "pitch_salience": {
        "dmean": 0.0615984648466,
        "dmean2": 0.0995601266623,
        "dvar": 0.00314035895281,
        "dvar2": 0.0077455942519,
        "max": 0.920494437218,
        "mean": 0.611650168896,
        "median": 0.615033388138,
        "min": 0.156049758196,
        "var": 0.0111839901656
    },
    "silence_rate_20dB": {
        "dmean": 0,
        "dmean2": 0,
        "dvar": 0,
        "dvar2": 0,
        "max": 1,
        "mean": 1,
        "median": 1,
        "min": 1,
        "var": 0
    },
    "silence_rate_30dB": {
        "dmean": 0,
        "dmean2": 0,
        "dvar": 0,
        "dvar2": 0,
        "max": 1,
        "mean": 1,
        "median": 1,
        "min": 1,
        "var": 0
    },
    "silence_rate_60dB": {
        "dmean": 0.0177442189306,
        "dmean2": 0.0354917868972,
        "dvar": 0.0174339413643,
        "dvar2": 0.0402664989233,
        "max": 1,
        "mean": 0.0335032083094,
        "median": 0,
        "min": 0,
        "var": 0.032386507839
    },
    "spectral_centroid": {
        "dmean": 324.659515381,
        "dmean2": 482.460723877,
        "dvar": 134283.609375,
        "dvar2": 234372.921875,
        "max": 5567.72070312,
        "mean": 2190.64160156,
        "median": 2154.81176758,
        "min": 269.581207275,
        "var": 526240.0625
    },
    "spectral_complexity": {
        "dmean": 3.87239265442,
        "dmean2": 6.07626962662,
        "dvar": 13.0566186905,
        "dvar2": 29.4218063354,
        "max": 51,
        "mean": 23.1988487244,
        "median": 24,
        "min": 0,
        "var": 68.282951355
    },
    "spectral_decrease": {
        "dmean": 1.34216648906e-09,
        "dmean2": 2.05794292718e-09,
        "dvar": 3.56685904961e-18,
        "dvar2": 8.34700925092e-18,
        "max": -3.44111754392e-22,
        "mean": -4.61567761789e-09,
        "median": -4.05346423094e-09,
        "min": -2.83938561552e-08,
        "var": 8.9598185631e-18
    },
    "spectral_energy": {
        "dmean": 0.00560204824433,
        "dmean2": 0.00852876901627,
        "dvar": 5.56910126761e-05,
        "dvar2": 0.000129581356305,
        "max": 0.110287763178,
        "mean": 0.020332146436,
        "median": 0.0183412246406,
        "min": 3.89587721892e-14,
        "var": 0.000152467022417
    },
    "spectral_energyband_high": {
        "dmean": 0.000961289333645,
        "dmean2": 0.00142598641105,
        "dvar": 3.83720498576e-06,
        "dvar2": 7.19743229638e-06,
        "max": 0.0318276099861,
        "mean": 0.0023830269929,
        "median": 0.00169438077137,
        "min": 3.21302941122e-14,
        "var": 9.14051543077e-06
    },
    "spectral_energyband_low": {
        "dmean": 0.00196860963479,
        "dmean2": 0.00326117617078,
        "dvar": 3.16078439937e-05,
        "dvar2": 8.32796577015e-05,
        "max": 0.0993188023567,
        "mean": 0.00302534969524,
        "median": 0.0015803608112,
        "min": 8.80021545358e-16,
        "var": 2.85329133476e-05
    },
    "spectral_energyband_middle_high": {
        "dmean": 0.00181939767208,
        "dmean2": 0.00265559391119,
        "dvar": 6.2621647885e-06,
        "dvar2": 1.26767890833e-05,
        "max": 0.053904030472,
        "mean": 0.00614470383152,
        "median": 0.00403692852706,
        "min": 4.50701784311e-15,
        "var": 3.70211600966e-05
    },
    "spectral_energyband_middle_low": {
        "dmean": 0.00349592440762,
        "dmean2": 0.00534236850217,
        "dvar": 2.37460153585e-05,
        "dvar2": 5.13819650223e-05,
        "max": 0.105801336467,
        "mean": 0.00942708179355,
        "median": 0.00724452082068,
        "min": 9.82607029089e-16,
        "var": 6.91216919222e-05
    },
    "spectral_entropy": {
        "dmean": 0.126253440976,
        "dmean2": 0.185524180532,
        "dvar": 0.0159896872938,
        "dvar2": 0.0314010679722,
        "max": 8.62724781036,
        "mean": 7.88044929504,
        "median": 7.89036846161,
        "min": 6.42627859116,
        "var": 0.0784358307719
    },
    "spectral_flux": {
        "dmean": 0.0197387561202,
        "dmean2": 0.0308192167431,
        "dvar": 0.000481879716972,
        "dvar2": 0.00106947508175,
        "max": 0.281782239676,
        "mean": 0.0830004364252,
        "median": 0.07572093606,
        "min": 3.78141485271e-05,
        "var": 0.00137300917413
    },
    "spectral_kurtosis": {
        "dmean": 0.862420558929,
        "dmean2": 1.42430317402,
        "dvar": 0.957536816597,
        "dvar2": 2.6705288887,
        "max": 21.6514053345,
        "mean": 2.39283132553,
        "median": 2.03555583954,
        "min": -1.13345205784,
        "var": 2.75969791412
    },
    "spectral_rms": {
        "dmean": 0.000592092517763,
        "dmean2": 0.000883870350663,
        "dvar": 4.47616827159e-07,
        "dvar2": 9.60597390076e-07,
        "max": 0.0103729367256,
        "mean": 0.00423844158649,
        "median": 0.00423011556268,
        "min": 6.16510797968e-09,
        "var": 1.87186606126e-06
    },
    "spectral_rolloff": {
        "dmean": 839.81072998,
        "dmean2": 1348.51306152,
        "dvar": 1230024.875,
        "dvar2": 2525011.75,
        "max": 17571.09375,
        "mean": 3328.71655273,
        "median": 3057.71484375,
        "min": 129.19921875,
        "var": 3554191.5
    },
    "spectral_skewness": {
        "dmean": 0.157550364733,
        "dmean2": 0.24075217545,
        "dvar": 0.0264262985438,
        "dvar2": 0.0558842495084,
        "max": 3.70308732986,
        "mean": 1.07228696346,
        "median": 1.08748674393,
        "min": -0.594204425812,
        "var": 0.125456556678
    },
    "spectral_spread": {
        "dmean": 570249.4375,
        "dmean2": 823902.5625,
        "dvar": 411964473344,
        "dvar2": 752748986368,
        "max": 29658262,
        "mean": 5053490.5,
        "median": 5024523,
        "min": 1839240.625,
        "var": 1.88730127155e+12
    },
    "spectral_strongpeak": {
        "dmean": 0.723217070103,
        "dmean2": 1.21311533451,
        "dvar": 1.53865730762,
        "dvar2": 3.70499992371,
        "max": 19.956243515,
        "mean": 1.2639118433,
        "median": 0.676395177841,
        "min": 0,
        "var": 2.67271757126
    },
    "zerocrossingrate": {
        "dmean": 0.0149590568617,
        "dmean2": 0.0170210767537,
        "dvar": 0.000296600133879,
        "dvar2": 0.000299101928249,
        "max": 0.5400390625,
        "mean": 0.111875116825,
        "median": 0.10400390625,
        "min": 0.015625,
        "var": 0.00212619546801
    },
    "barkbands": {
        "dmean": [2.77662238659e-05, 0.000950971269049, 0.00102005864028, 0.000698244024534, 0.00130428094417, 0.000809981487691, 0.000907344627194, 0.000748233927879, 0.000961032870691, 0.000628838490229, 0.000357231881935, 0.000296225189231, 0.000307707145112, 0.00030715201865, 0.000299956649542, 0.00026555871591, 0.000277749699308, 0.000337706849677, 0.000340310682077, 0.000319999817293, 0.000221850248636, 0.000304992921883, 0.000305384834064, 0.000179298702278, 6.015042527e-05, 6.57691853121e-05, 9.18781637438e-08],
        "dmean2": [4.94072883157e-05, 0.00162743323017, 0.00174527335912, 0.00118058570661, 0.00207048282027, 0.00125793600455, 0.00143106945325, 0.00114773295354, 0.00144392531365, 0.000978026539087, 0.000562861911021, 0.000463098491309, 0.00048241802142, 0.000490342092235, 0.000471708422992, 0.000416634604335, 0.000426900951425, 0.000528495758772, 0.000524267496075, 0.000518757617101, 0.000348940840922, 0.000472883257316, 0.00046811150969, 0.000273222685792, 9.4022238045e-05, 0.000104472841485, 1.4824715322e-07],
        "dvar": [1.4085212996e-09, 8.61060561874e-06, 9.77186391538e-06, 1.54230792759e-06, 5.96317477175e-06, 3.98792280976e-06, 4.73962018077e-06, 3.0233572943e-06, 5.50016284251e-06, 2.11860719901e-06, 1.10488906557e-06, 6.0701466964e-07, 4.82369159727e-07, 6.14323823811e-07, 4.69474343845e-07, 4.43397794925e-07, 4.62326994466e-07, 4.35214815298e-07, 3.61213835731e-07, 1.99090024466e-07, 2.79800104863e-07, 8.11698271264e-07, 5.46278158708e-07, 1.29929318859e-07, 1.32381661189e-08, 2.16946443032e-08, 2.11202610305e-13],
        "dvar2": [4.06835143352e-09, 2.34667950281e-05, 2.75953952951e-05, 4.27846953244e-06, 1.31544438773e-05, 8.78096489032e-06, 1.11223343993e-05, 6.74343436913e-06, 1.27781449919e-05, 4.77702997159e-06, 2.5992655992e-06, 1.36598248446e-06, 1.08064182314e-06, 1.43862359892e-06, 1.08302833723e-06, 9.57131078394e-07, 9.32397369979e-07, 9.50914966324e-07, 7.82714096204e-07, 4.91755315579e-07, 6.03173020863e-07, 1.70955502199e-06, 1.14543570362e-06, 2.65545935463e-07, 3.31920304575e-08, 5.42821148031e-08, 4.79031527986e-13],
        "max": [0.000485884665977, 0.0395191833377, 0.0668213739991, 0.0217136405408, 0.0509240031242, 0.0639329850674, 0.0505502559245, 0.0359103493392, 0.0967102795839, 0.0334203206003, 0.0318343155086, 0.020622709766, 0.0169540531933, 0.0202871467918, 0.0220230612904, 0.0192085951567, 0.0355414375663, 0.0141497012228, 0.0145079502836, 0.00773145072162, 0.015397679992, 0.0263326857239, 0.016289992258, 0.00842759758234, 0.00215867278166, 0.00193823571317, 1.57959202625e-05],
        "mean": [2.9700471714e-05, 0.00109889882151, 0.00145810341928, 0.000977401505224, 0.00240043760277, 0.00138107896782, 0.00142176134977, 0.00118998670951, 0.00165269186255, 0.00105401629116, 0.000616355449893, 0.000471230887342, 0.000489019206725, 0.000493961910252, 0.000474312779261, 0.000475825974718, 0.000534155929927, 0.000658967241179, 0.000691737106536, 0.000660306483041, 0.000459511764348, 0.000548560114112, 0.000505176256411, 0.000359760248102, 0.000136644332088, 9.24927589949e-05, 8.43772198778e-08],
        "median": [1.67164798768e-05, 0.000356023054337, 0.000646194326691, 0.000562894274481, 0.00130501645617, 0.00057481660042, 0.000505071890075, 0.000418571697082, 0.000377224409021, 0.000322465028148, 0.000155734160217, 0.000119685173559, 0.000217350898311, 0.00017044931883, 0.000226138043217, 0.000213534818613, 0.000236051855609, 0.000316743680742, 0.000372427224647, 0.00050973665202, 0.000303692766465, 0.000276551640127, 0.000232398902881, 0.000218981993385, 8.56576443766e-05, 2.31759331655e-05, 1.18543264094e-09],
        "min": [4.39401888339e-16, 4.85354802156e-16, 1.45467082551e-16, 5.48748574343e-17, 1.96362579199e-16, 1.61723471224e-16, 7.04594828053e-17, 1.06122646997e-16, 2.37407082671e-16, 8.13269366944e-16, 7.74942873086e-16, 1.37681526277e-16, 1.29389206072e-16, 2.30702234558e-16, 9.96432221444e-17, 6.58531588194e-16, 3.8056128882e-16, 5.07231227964e-16, 4.40031657335e-16, 1.56411505265e-15, 9.18977808212e-16, 1.60968796631e-15, 1.43003916034e-15, 6.11464148425e-15, 4.10875015109e-15, 6.77197547374e-15, 1.02317920846e-14],
        "var": [1.44891676435e-09, 6.81507208355e-06, 7.55863356972e-06, 1.81821030765e-06, 1.36183889481e-05, 7.34645118428e-06, 7.56960434956e-06, 5.37712958248e-06, 1.53998189489e-05, 5.0125377129e-06, 3.54348685505e-06, 1.38054519994e-06, 9.25424615161e-07, 1.38060124755e-06, 7.74750162691e-07, 1.11750546239e-06, 1.80871813882e-06, 1.22953929349e-06, 9.94204356175e-07, 4.19171271915e-07, 4.73945192425e-07, 1.44707087202e-06, 9.9708961443e-07, 2.59964537008e-07, 2.62752823943e-08, 2.72079390129e-08, 2.55367667117e-13]
    },
    "erbbands": {
        "dmean": [0.015148948878, 0.264112144709, 1.05960273743, 1.71471118927, 3.19444322586, 4.99159240723, 6.03607606888, 7.13356399536, 11.1229410172, 14.6043109894, 15.6397886276, 22.7953147888, 20.9116325378, 15.931883812, 12.7484292984, 11.4899187088, 12.8637094498, 14.8030891418, 15.542011261, 13.4487934113, 12.9051761627, 13.9791231155, 17.1146183014, 17.0025348663, 16.8262615204, 14.3161439896, 8.95557498932, 10.0393323898, 11.109919548, 11.7792615891, 7.84100532532, 4.76878118515, 2.52743506432, 0.781806886196, 0.431483149529, 0.477840423584, 0.0633202642202, 0.00427633151412, 0.000104225691757, 1.24887255879e-05],
        "dmean2": [0.0259068310261, 0.452133744955, 1.82345163822, 2.88430738449, 5.2948474884, 7.83486652374, 9.20831394196, 11.183760643, 17.4608669281, 22.6051216125, 23.7692451477, 34.1476325989, 32.5622711182, 24.3944320679, 19.907787323, 17.7916793823, 19.8333415985, 23.0743789673, 24.4357719421, 20.6091918945, 19.6472473145, 20.7479858398, 26.2714385986, 25.5546455383, 26.1420650482, 23.2600803375, 14.4133443832, 15.7857055664, 17.2562522888, 18.1498966217, 12.0923423767, 7.16428375244, 3.90492844582, 1.21390640736, 0.68296957016, 0.768766283989, 0.0972399488091, 0.00641901325434, 0.000157204354764, 1.85637218237e-05],
        "dvar": [0.00183719350025, 0.686046242714, 11.3597631454, 13.1711730957, 36.5394248962, 117.342269897, 263.524108887, 354.418701172, 732.949279785, 1310.50549316, 1597.23657227, 2979.41455078, 2624.9934082, 1600.16027832, 1028.43347168, 846.608093262, 738.803283691, 1507.28515625, 1136.61657715, 1077.58032227, 1041.61425781, 1543.51074219, 1011.64825439, 1216.71374512, 698.393432617, 396.240783691, 331.38269043, 709.744934082, 1277.30749512, 810.644836426, 431.493682861, 159.668609619, 19.000541687, 1.98723912239, 0.802661299706, 1.26053452492, 0.0166942272335, 8.60296495375e-05, 4.32622755397e-08, 3.05371783416e-10],
        "dvar2": [0.00487756030634, 1.88044524193, 31.8464927673, 36.3332176208, 97.1166305542, 249.199493408, 589.346862793, 783.48449707, 1676.98303223, 3193.53417969, 3429.40869141, 6575.78564453, 6297.71191406, 3767.2331543, 2345.34960938, 1921.57055664, 1613.27600098, 3392.4387207, 2694.47241211, 2325.78857422, 2099.0078125, 2880.37719727, 2123.85571289, 2560.81201172, 1541.98510742, 962.279052734, 756.289001465, 1522.37182617, 2841.0534668, 1644.41662598, 907.020202637, 311.147369385, 44.1556777954, 4.92061519623, 2.06653666496, 3.18281269073, 0.0386852771044, 0.000191301500308, 9.73699343376e-08, 6.84967915721e-10],
        "max": [0.629713237286, 10.7122154236, 68.1105499268, 67.6292419434, 176.99130249, 288.450012207, 548.27746582, 723.571472168, 689.22454834, 1157.34997559, 935.024902344, 1698.29003906, 2409.98583984, 1250.68884277, 929.383911133, 789.038635254, 778.357299805, 1136.79980469, 1378.90979004, 1244.87536621, 1114.13183594, 2520.33276367, 836.287231445, 1345.46411133, 507.696655273, 365.409729004, 730.513671875, 666.428039551, 1141.84729004, 773.735656738, 506.150299072, 293.149780273, 60.2902832031, 27.1434020996, 11.7558727264, 11.8329486847, 3.95902466774, 0.276204675436, 0.00493691442534, 0.000275080092251],
        "mean": [0.018731912598, 0.308347016573, 1.50675237179, 2.58894467354, 5.29771280289, 8.55940055847, 10.3270511627, 11.7421102524, 18.0163002014, 24.6302757263, 24.9317054749, 39.4018669128, 36.4279136658, 30.4429683685, 22.9939060211, 19.656621933, 22.45844841, 26.1111354828, 27.0304069519, 24.3531932831, 25.8831424713, 28.7434616089, 36.044342041, 35.928237915, 35.2917060852, 30.5070667267, 19.7941551208, 19.1152706146, 19.310125351, 19.2988090515, 13.1803865433, 9.16280078888, 4.9812707901, 1.87255752087, 0.821551382542, 0.598153114319, 0.114372245967, 0.00767395785078, 0.000194237945834, 4.01870056521e-05],
        "median": [0.00681664142758, 0.105630770326, 0.638904690742, 1.59280586243, 3.25965666771, 4.03746986389, 3.76283931732, 5.09596729279, 7.07820367813, 11.6762256622, 8.74092674255, 10.2659626007, 11.4477710724, 8.94949913025, 7.32210731506, 6.12940645218, 10.5240077972, 10.9485721588, 12.6452980042, 11.9294052124, 12.955745697, 13.0764732361, 18.2285728455, 17.8048210144, 22.3256149292, 23.9022426605, 15.2323379517, 10.9761924744, 9.42377281189, 8.50872421265, 6.19980478287, 5.13692951202, 3.01512718201, 1.24819254875, 0.451488912106, 0.155097767711, 0.0302701666951, 0.00103367329575, 5.89962364757e-05, 3.56189630111e-05],
        "min": [2.05561665644e-14, 8.66924872276e-14, 1.74650672071e-13, 1.89005603703e-13, 2.51373032632e-13, 7.55652322399e-13, 1.41264430709e-12, 1.19622551881e-12, 8.7141513623e-13, 1.65612098688e-12, 2.47800868367e-12, 4.84940212986e-12, 1.62469170062e-11, 3.77126142814e-11, 1.96654515588e-11, 4.92619226661e-12, 5.20501046777e-12, 1.51346747634e-11, 2.38599027688e-12, 1.15114697288e-11, 4.57016091637e-11, 2.18732861684e-11, 2.46530851289e-11, 2.9608586416e-11, 2.30555245034e-11, 7.331816404e-11, 4.94751080382e-11, 3.56561134784e-11, 5.35259371548e-11, 5.83829165568e-11, 3.77077466474e-11, 8.96220458957e-11, 1.20725721087e-10, 3.23381633971e-11, 3.83007375815e-11, 2.5779496593e-11, 1.21553496435e-11, 4.50400871113e-12, 2.15449966895e-12, 1.19629566669e-13],
        "var": [0.00168459815904, 0.527267754078, 8.69556808472, 13.3036079407, 52.7294502258, 246.671524048, 477.111755371, 623.250610352, 1258.88244629, 1735.92456055, 2813.8671875, 7950.88916016, 6721.98339844, 5967.47460938, 2638.90527344, 2080.66137695, 1674.29345703, 3358.05688477, 2117.64672852, 2388.17724609, 3011.69360352, 5830.42578125, 3405.06542969, 3661.61987305, 1857.06018066, 853.73614502, 524.021484375, 1168.10925293, 1932.07263184, 1593.37841797, 732.997192383, 297.363067627, 36.8066558838, 4.41074895859, 1.22506380081, 1.33839094639, 0.0423125103116, 0.000274222285952, 1.0193451061e-07, 7.48417661178e-10]
    },
    "gfcc": {
        "mean": [24.5574874878, 57.3662757874, -133.515579224, 45.2241897583, -79.3439483643, 14.4001169205, -43.776763916, 11.6952047348, -26.9458560944, 0.698042809963, -18.0959911346, -5.12417316437, -14.8706207275],
        "cov": [[2663.66479492, -484.278991699, 864.04473877, 114.9349823, 77.4495162964, 19.4730186462, -228.413330078, 91.5087966919, -205.23260498, 245.121917725, -172.892425537, 63.481754303, -186.951766968], [-484.278991699, 868.528076172, -345.528503418, -70.3584213257, 40.3032302856, -91.0991821289, 55.2849121094, -38.0588951111, 27.8292446136, -173.163604736, 133.013061523, -92.4415740967, 90.3338012695], [864.04473877, -345.528503418, 1155.44091797, 357.668701172, -31.8870697021, -15.6430101395, -223.391265869, -63.9371414185, -136.424880981, 205.777770996, -115.364982605, 72.8516845703, -158.130905151], [114.9349823, -70.3584213257, 357.668701172, 402.162200928, 7.7780828476, -4.04592227936, -73.1127090454, -73.5280761719, 1.28719758987, 41.8653831482, -2.12219619751, -4.53952646255, -11.9724597931], [77.4495162964, 40.3032302856, -31.8870697021, 7.7780828476, 211.449768066, 44.9395980835, 0.111500784755, 65.5048675537, -9.25778007507, 32.4135437012, -13.498632431, 14.2656526566, -2.39788031578], [19.4730186462, -91.0991821289, -15.6430101395, -4.04592227936, 44.9395980835, 226.857498169, 105.702796936, 22.1439781189, -1.03298032284, 13.290312767, -5.57218742371, 15.226849556, 17.5407619476], [-228.413330078, 55.2849121094, -223.391265869, -73.1127090454, 0.111500784755, 105.702796936, 218.603485107, 46.146900177, 30.1772651672, -53.0311393738, 41.7261314392, -15.7457618713, 27.2120628357], [91.5087966919, -38.0588951111, -63.9371414185, -73.5280761719, 65.5048675537, 22.1439781189, 46.146900177, 145.795608521, 26.0018939972, 26.4046154022, -14.1246414185, 2.83207988739, -15.9202127457], [-205.23260498, 27.8292446136, -136.424880981, 1.28719758987, -9.25778007507, -1.03298032284, 30.1772651672, 26.0018939972, 159.15423584, -4.45406484604, 8.08320140839, -19.787820816, 31.7443580627], [245.121917725, -173.163604736, 205.777770996, 41.8653831482, 32.4135437012, 13.290312767, -53.0311393738, 26.4046154022, -4.45406484604, 152.229171753, -28.4316215515, 23.88422966, -46.4775161743], [-172.892425537, 133.013061523, -115.364982605, -2.12219619751, -13.498632431, -5.57218742371, 41.7261314392, -14.1246414185, 8.08320140839, -28.4316215515, 105.345436096, -1.10122811794, 12.507900238], [63.481754303, -92.4415740967, 72.8516845703, -4.53952646255, 14.2656526566, 15.226849556, -15.7457618713, 2.83207988739, -19.787820816, 23.88422966, -1.10122811794, 87.4703598022, 7.71359777451], [-186.951766968, 90.3338012695, -158.130905151, -11.9724597931, -2.39788031578, 17.5407619476, 27.2120628357, -15.9202127457, 31.7443580627, -46.4775161743, 12.507900238, 7.71359777451, 102.257865906]],
        "icov": [[0.000614725227933, 7.40678442526e-05, -0.000291855918476, 9.07024223125e-05, -2.24376544793e-05, -0.000158286231454, 0.000368848617654, -0.0005460579996, 0.000513551232871, -0.000205734046176, 0.000254081212915, 0.000156184498337, 0.000165392339113], [7.40678442526e-05, 0.00274908775464, -0.000919606885873, 0.0011245845817, -0.00197059498169, 0.00119507499039, -0.000100817938801, 0.000540473440196, -0.000219130859477, 0.00220288755372, -0.00347113003954, 0.00327721354552, -0.00247711176053], [-0.000291855918476, -0.000919606885873, 0.00340396398678, -0.00266521377489, 0.00192804657854, -0.000833203666843, 0.000946244748775, -3.40116166626e-05, 0.00134313688613, -0.00226919353008, 0.00300719193183, -0.00308563490398, 0.00357823865488], [9.07024223125e-05, 0.0011245845817, -0.00266521377489, 0.00524842878804, -0.00232611992396, 0.000481946859509, -7.44399440009e-05, 0.00208603823557, -0.0016856280854, 0.00132189830765, -0.00318701728247, 0.00329936947674, -0.00286219641566], [-2.24376544793e-05, -0.00197059498169, 0.00192804657854, -0.00232611992396, 0.00812555197626, -0.00241176784039, 0.00167509168386, -0.00386967859231, 0.00169422244653, -0.00264157238416, 0.00311946356669, -0.00331332790665, 0.00210677692667], [-0.000158286231454, 0.00119507499039, -0.000833203666843, 0.000481946859509, -0.00241176784039, 0.0076320450753, -0.00485622696579, 0.00149433000479, 5.98758415435e-05, -0.000447175785666, -0.000256792438449, 0.000605482375249, -0.00265400204808], [0.000368848617654, -0.000100817938801, 0.000946244748775, -7.44399440009e-05, 0.00167509168386, -0.00485622696579, 0.00980757828802, -0.00349126127549, 0.00013766658958, 0.00190118700266, -0.00223429314792, 0.000681962817907, 0.000980015029199], [-0.0005460579996, 0.000540473440196, -3.40116166626e-05, 0.00208603823557, -0.00386967859231, 0.00149433000479, -0.00349126127549, 0.0119007192552, -0.00267541361973, -0.00115823780652, 0.000719449890312, 6.12308649579e-05, 0.00136213528458], [0.000513551232871, -0.000219130859477, 0.00134313688613, -0.0016856280854, 0.00169422244653, 5.98758415435e-05, 0.00013766658958, -0.00267541361973, 0.00892672594637, -0.00237212749198, 0.00122179544996, 0.000826636794955, -0.00147269573063], [-0.000205734046176, 0.00220288755372, -0.00226919353008, 0.00132189830765, -0.00264157238416, -0.000447175785666, 0.00190118700266, -0.00115823780652, -0.00237212749198, 0.0128829302266, -0.00324210827239, 0.0011805241229, 0.000551432953216], [0.000254081212915, -0.00347113003954, 0.00300719193183, -0.00318701728247, 0.00311946356669, -0.000256792438449, -0.00223429314792, 0.000719449890312, 0.00122179544996, -0.00324210827239, 0.0172397270799, -0.00648865662515, 0.00515970727429], [0.000156184498337, 0.00327721354552, -0.00308563490398, 0.00329936947674, -0.00331332790665, 0.000605482375249, 0.000681962817907, 6.12308649579e-05, 0.000826636794955, 0.0011805241229, -0.00648865662515, 0.0185391120613, -0.00767317274585], [0.000165392339113, -0.00247711176053, 0.00357823865488, -0.00286219641566, 0.00210677692667, -0.00265400204808, 0.000980015029199, 0.00136213528458, -0.00147269573063, 0.000551432953216, 0.00515970727429, -0.00767317274585, 0.0185795184225]]
    },
    "melbands": {
        "dmean": [0.000200281981961, 0.000481277675135, 0.000322136911564, 0.000293347198749, 0.000209822668694, 0.000156106892973, 0.00017800986825, 0.000161210235092, 0.000134207570227, 0.000147576953168, 0.000106349754788, 6.8233901402e-05, 4.58309514215e-05, 3.59299156116e-05, 2.69663651125e-05, 3.27970628859e-05, 3.00782339764e-05, 2.71678727586e-05, 1.99002788577e-05, 2.09172467294e-05, 1.60470754054e-05, 1.5408733816e-05, 1.82519979717e-05, 1.5952560716e-05, 1.49566267282e-05, 1.36639373522e-05, 1.28856254378e-05, 9.54814004217e-06, 6.76449553794e-06, 5.45077409697e-06, 6.59560328131e-06, 7.08579727871e-06, 6.13885595158e-06, 7.02609986547e-06, 5.19542118127e-06, 3.64608536074e-06, 2.79802088698e-06, 2.45473961513e-06, 7.57945201713e-07, 6.86590453824e-07],
        "dmean2": [0.00034511074773, 0.000821486522909, 0.00053821655456, 0.000469092570711, 0.00031987609691, 0.000244107941398, 0.000279198924545, 0.000247180199949, 0.000203702409635, 0.000220677902689, 0.000166368074133, 0.000105023493234, 7.15157366358e-05, 5.56367449462e-05, 4.1669831262e-05, 5.07890254084e-05, 4.74076914543e-05, 4.29394713137e-05, 3.10986906698e-05, 3.28649366566e-05, 2.46574018092e-05, 2.33544596995e-05, 2.77417566394e-05, 2.46394338319e-05, 2.27535056183e-05, 2.11916540138e-05, 2.07625180337e-05, 1.56774713105e-05, 1.10698329081e-05, 8.70724397828e-06, 1.0512217159e-05, 1.13600917757e-05, 9.34972740652e-06, 1.09801103463e-05, 8.24572634883e-06, 5.57819112146e-06, 4.33566037827e-06, 3.88370744986e-06, 1.17099136787e-06, 1.10052576474e-06],
        "dvar": [3.65159309013e-07, 2.3033232992e-06, 3.84009098298e-07, 3.22957930621e-07, 2.5842362561e-07, 1.56408631824e-07, 1.73364966827e-07, 1.382889252e-07, 1.10904643691e-07, 1.31532360115e-07, 6.88766164103e-08, 2.94217965546e-08, 1.52534660458e-08, 9.68581481686e-09, 3.99681665542e-09, 5.60014434825e-09, 6.71634570182e-09, 3.61618934797e-09, 2.81083778475e-09, 2.77619527367e-09, 2.0979629145e-09, 2.46656606251e-09, 1.66206926e-09, 9.71081437484e-10, 1.05226383162e-09, 5.63883939542e-10, 4.10987827104e-10, 1.80008494222e-10, 1.52722237634e-10, 1.73936878789e-10, 3.29266280907e-10, 5.74770786521e-10, 3.62065127879e-10, 2.76178496739e-10, 1.78532508222e-10, 1.47939313577e-10, 4.61828596199e-11, 2.07008247349e-11, 1.45155263677e-12, 1.86076154485e-12],
        "dvar2": [9.83124550658e-07, 6.34622301732e-06, 1.058564294e-06, 7.40738244076e-07, 5.5963386103e-07, 3.42706272249e-07, 3.99780248017e-07, 3.30168546725e-07, 2.34413136013e-07, 2.98015436329e-07, 1.65221308635e-07, 6.87868748628e-08, 3.49370345987e-08, 2.10745927376e-08, 9.0381186979e-09, 1.23453087753e-08, 1.53860586494e-08, 8.42159764147e-09, 6.23681151168e-09, 6.07832628674e-09, 4.21700319109e-09, 4.92554530496e-09, 3.36076100282e-09, 2.08238448707e-09, 2.28010810233e-09, 1.25615839952e-09, 9.9119867869e-10, 4.47780840185e-10, 3.72789410452e-10, 3.84912129947e-10, 7.28287430363e-10, 1.40754996547e-09, 6.85788537069e-10, 6.02094818447e-10, 4.06807781905e-10, 3.02494113091e-10, 9.51132159144e-11, 5.03069530478e-11, 3.38523501765e-12, 4.81879380149e-12],
        "max": [0.00846830755472, 0.0275611653924, 0.0113885942847, 0.0128790633753, 0.015113431029, 0.0142553308979, 0.0088237542659, 0.0108544984832, 0.00874033756554, 0.0108841564506, 0.012081281282, 0.00541764125228, 0.00336418673396, 0.00280735897832, 0.00159460434224, 0.00175123091321, 0.00259947218001, 0.00214736745693, 0.00181113486178, 0.00194051885046, 0.00164737470914, 0.00286417757161, 0.00184036977589, 0.00108090904541, 0.0012517797295, 0.000462009687908, 0.000394179514842, 0.00025974039454, 0.00046631146688, 0.000398104981286, 0.000460740528069, 0.000894324446563, 0.000679095217492, 0.000507016142365, 0.000268639443675, 0.00037070561666, 0.000172608677531, 5.16816144227e-05, 2.97816950479e-05, 1.97963872779e-05],
        "mean": [0.000241472342168, 0.000669666333124, 0.000527555763256, 0.000516838103067, 0.000373643706553, 0.000259856809862, 0.00028761982685, 0.000272460631095, 0.000204700190807, 0.000252372352406, 0.000177942900336, 0.000123002042528, 8.03542425274e-05, 5.81148051424e-05, 4.27215381933e-05, 5.18965316587e-05, 4.83880139655e-05, 4.39429604739e-05, 3.12968295475e-05, 3.62538885383e-05, 2.89422787318e-05, 2.90883835987e-05, 3.2539908716e-05, 3.19510691043e-05, 2.85069309029e-05, 2.56210005318e-05, 2.50718767347e-05, 1.88637950487e-05, 1.33089979499e-05, 1.03632291939e-05, 1.12526331577e-05, 1.11481012937e-05, 1.03005713754e-05, 1.07055311673e-05, 7.97784923634e-06, 6.16534680375e-06, 5.27093516212e-06, 4.15767135564e-06, 1.9161432192e-06, 1.40471831855e-06],
        "median": [8.41008586576e-05, 0.000290606025374, 0.000353595241904, 0.00029081015964, 0.000153227854753, 0.000109874476038, 0.000108460735646, 0.000125743099488, 6.13388692727e-05, 6.04130145803e-05, 5.10833415319e-05, 3.2650626963e-05, 2.22064118134e-05, 1.57499343914e-05, 1.51107160491e-05, 2.27152595471e-05, 1.73801672645e-05, 1.90138161997e-05, 1.47776281665e-05, 1.61825209943e-05, 1.36093549372e-05, 1.23505669762e-05, 1.45900894495e-05, 1.53671244334e-05, 1.28283172671e-05, 1.27635485114e-05, 1.66703339346e-05, 1.42880026033e-05, 9.74019621935e-06, 6.36646291241e-06, 5.55497445021e-06, 5.18248089065e-06, 4.57312398794e-06, 4.52593212685e-06, 3.57720227839e-06, 2.74654189525e-06, 2.98401437249e-06, 2.21449272431e-06, 1.2995999441e-06, 8.77659658727e-07],
        "min": [1.80344524422e-16, 1.0126329177e-16, 3.36237735521e-17, 3.3580012389e-17, 4.84722809698e-17, 2.73073893074e-17, 1.36080607537e-17, 1.95103848535e-17, 1.99496243762e-17, 3.40257171553e-17, 8.23825567989e-17, 1.52737192807e-16, 8.78805550153e-17, 2.0266664507e-17, 5.31179737897e-18, 1.90310320342e-17, 2.85841624352e-17, 2.19378596848e-18, 8.50223134723e-18, 2.21527190217e-17, 6.18126528424e-17, 2.53996345365e-17, 1.18738112522e-17, 2.80843402044e-17, 2.43655743984e-17, 1.30785534923e-17, 2.4433935913e-17, 5.99344036039e-17, 3.31565885596e-17, 2.51032094009e-17, 1.97918496005e-17, 2.66184967497e-17, 3.83206605801e-17, 3.09978556103e-17, 1.87871527198e-17, 3.59171715051e-17, 5.30776421174e-17, 1.00932240854e-16, 3.7930744183e-17, 2.33148134837e-17],
        "var": [3.04192440126e-07, 1.79478581686e-06, 4.24869682547e-07, 6.55333337818e-07, 5.27836846231e-07, 2.85870555672e-07, 3.0008894214e-07, 2.0446806559e-07, 2.03855577752e-07, 3.54029168648e-07, 1.72513196617e-07, 1.00716363249e-07, 4.39110969808e-08, 2.17086881804e-08, 8.06755373617e-09, 1.05335757894e-08, 1.47811727302e-08, 6.78206246718e-09, 4.51742865337e-09, 6.51907461346e-09, 4.88243490082e-09, 7.67956009895e-09, 4.29933066926e-09, 3.31450045188e-09, 2.82794476725e-09, 1.39033029534e-09, 8.67010074845e-10, 3.62379820595e-10, 2.33199376476e-10, 2.67756372629e-10, 5.08259545562e-10, 6.80621170535e-10, 7.0329253532e-10, 4.94083496339e-10, 2.73303907283e-10, 2.32087862817e-10, 8.33981911308e-11, 3.19041008889e-11, 4.50911920649e-12, 2.99163580193e-12]
    },
    "mfcc": {
        "mean": [-606.859924316, 76.8639373779, -0.796540796757, 22.8419647217, -7.2052822113, -0.758857190609, -5.82335281372, 2.5497508049, -5.69235515594, 5.26514291763, -2.41040825844, -2.66322541237, -5.65737485886],
        "cov": [[1936.80175781, -228.03894043, 377.348449707, 84.5491256714, 188.103363037, -29.2516479492, 61.3451385498, -129.483551025, 18.8150157928, 21.8032360077, -9.00168514252, -14.4106082916, 38.9320869446], [-228.03894043, 709.063537598, -292.708740234, -79.1360931396, -21.0332126617, -123.804084778, 42.8114929199, 47.129611969, -58.3536109924, -11.2691669464, -1.67931771278, -37.9997062683, -32.0836715698], [377.348449707, -292.708740234, 962.367431641, 319.360839844, 134.282501221, 116.695053101, -54.4796409607, -163.695343018, -80.778678894, -17.6596927643, -36.1224479675, 13.7764644623, 35.7853012085], [84.5491256714, -79.1360931396, 319.360839844, 350.440979004, 131.581771851, 10.4316701889, -51.7442588806, -90.7121429443, -43.8664245605, -11.0369510651, -19.9010028839, 13.2056617737, 21.8230743408], [188.103363037, -21.0332126617, 134.282501221, 131.581771851, 242.791763306, 18.7426567078, -13.9173431396, -61.5874900818, 18.735118866, -2.6913561821, -2.44739723206, -0.332120895386, 33.5887107849], [-29.2516479492, -123.804084778, 116.695053101, 10.4316701889, 18.7426567078, 192.182235718, 41.2376098633, 12.0548343658, 18.8549423218, 6.14008426666, -7.81235694885, 0.12113185972, -1.33172535896], [61.3451385498, 42.8114929199, -54.4796409607, -51.7442588806, -13.9173431396, 41.2376098633, 199.093292236, 55.8647880554, -3.04503703117, 6.1221446991, 20.8140487671, -12.1217784882, 6.10928583145], [-129.483551025, 47.129611969, -163.695343018, -90.7121429443, -61.5874900818, 12.0548343658, 55.8647880554, 161.367004395, 32.2719764709, 11.6305952072, 14.7483453751, -1.77846395969, -18.0193977356], [18.8150157928, -58.3536109924, -80.778678894, -43.8664245605, 18.735118866, 18.8549423218, -3.04503703117, 32.2719764709, 147.854187012, 36.9582290649, 15.8179311752, 11.0200157166, 8.76664447784], [21.8032360077, -11.2691669464, -17.6596927643, -11.0369510651, -2.6913561821, 6.14008426666, 6.1221446991, 11.6305952072, 36.9582290649, 93.3578796387, 29.4731063843, 9.99357128143, -6.98300266266], [-9.00168514252, -1.67931771278, -36.1224479675, -19.9010028839, -2.44739723206, -7.81235694885, 20.8140487671, 14.7483453751, 15.8179311752, 29.4731063843, 99.5305480957, 25.6546669006, 3.92800521851], [-14.4106082916, -37.9997062683, 13.7764644623, 13.2056617737, -0.332120895386, 0.12113185972, -12.1217784882, -1.77846395969, 11.0200157166, 9.99357128143, 25.6546669006, 81.9084777832, 22.8723564148], [38.9320869446, -32.0836715698, 35.7853012085, 21.8230743408, 33.5887107849, -1.33172535896, 6.10928583145, -18.0193977356, 8.76664447784, -6.98300266266, 3.92800521851, 22.8723564148, 89.2566986084]],
