{
"lowlevel": {
    "average_loudness": 0.868304014206,
    "barkbands_crest": {
        "dmean": 2.78204488754,
        "dmean2": 4.30278682709,
        "dvar": 6.54116630554,
        "dvar2": 13.4952611923,
        "max": 26.438451767,
        "mean": 9.80299568176,
        "median": 8.64629554749,
        "min": 2.39697504044,
        "var": 21.2347221375
    },
    "barkbands_flatness_db": {
        "dmean": 0.0223732311279,
        "dmean2": 0.0327501185238,
        "dvar": 0.000483984040329,
        "dvar2": 0.000854329380672,
        "max": 0.390431970358,
        "mean": 0.145618826151,
        "median": 0.137746229768,
        "min": 0.0352664627135,
        "var": 0.00218297471292
    },
    "barkbands_kurtosis": {
        "dmean": 2.83064866066,
        "dmean2": 4.24567890167,
        "dvar": 57.3912467957,
        "dvar2": 110.100280762,
        "max": 193.390289307,
        "mean": 3.70498967171,
        "median": 0.57100725174,
        "min": -1.90652000904,
        "var": 138.337509155
    },
    "barkbands_skewness": {
        "dmean": 0.536330699921,
        "dmean2": 0.779641389847,
        "dvar": 0.399569362402,
        "dvar2": 0.697354972363,
        "max": 12.5623664856,
        "mean": 1.26751351357,
        "median": 0.970607042313,
        "min": -4.7621383667,
        "var": 2.0223133564
    },
    "barkbands_spread": {
        "dmean": 7.51899957657,
        "dmean2": 11.2608060837,
        "dvar": 78.7764816284,
        "dvar2": 160.886734009,
        "max": 102.89074707,
        "mean": 28.0200195312,
        "median": 25.4590759277,
        "min": 0.863006412983,
        "var": 302.195281982
    },
    "dissonance": {
        "dmean": 0.0154846953228,
        "dmean2": 0.026148725301,
        "dvar": 0.000227673794143,
        "dvar2": 0.000634121824987,
        "max": 0.500000119209,
        "mean": 0.471207886934,
        "median": 0.47690269351,
        "min": 0.303436845541,
        "var": 0.000528745760676
    },
    "dynamic_complexity": 2.1140525341,
    "erbbands_crest": {
        "dmean": 2.62272644043,
        "dmean2": 4.20638990402,
        "dvar": 5.6698474884,
        "dvar2": 13.8424463272,
        "max": 32.4635543823,
        "mean": 8.828540802,
        "median": 7.79504346848,
        "min": 2.41121888161,
        "var": 18.8227825165
    },
    "erbbands_flatness_db": {
        "dmean": 0.0166269224137,
        "dmean2": 0.0236380286515,
        "dvar": 0.000222643269808,
        "dvar2": 0.000430400337791,
        "max": 0.379879593849,
        "mean": 0.171046599746,
        "median": 0.162292420864,
        "min": 0.076702684164,
        "var": 0.00264668418095
    },
    "erbbands_kurtosis": {
        "dmean": 0.874135136604,
        "dmean2": 1.37032783031,
        "dvar": 1.57867193222,
        "dvar2": 3.60190963745,
        "max": 34.7625350952,
        "mean": 0.460678786039,
        "median": -0.13917517662,
        "min": -1.7992619276,
        "var": 5.08248806
    },
    "erbbands_skewness": {
        "dmean": 0.360901832581,
        "dmean2": 0.549689114094,
        "dvar": 0.107759416103,
        "dvar2": 0.233895763755,
        "max": 4.68447208405,
        "mean": 0.29097032547,
        "median": 0.323129564524,
        "min": -4.45139694214,
        "var": 0.659484863281
    },
    "erbbands_spread": {
        "dmean": 8.40783405304,
        "dmean2": 12.3560533524,
        "dvar": 84.3710784912,
        "dvar2": 172.472839355,
        "max": 130.188476562,
        "mean": 40.1669425964,
        "median": 35.7253189087,
        "min": 1.38206362724,
        "var": 489.054931641
    },
    "hfc": {
        "dmean": 9.12121009827,
        "dmean2": 12.4252471924,
        "dvar": 145.793823242,
        "dvar2": 261.489135742,
        "max": 269.029876709,
        "mean": 28.5258331299,
        "median": 23.2188358307,
        "min": 1.20572651882e-16,
        "var": 525.609313965
    },
    "melbands_crest": {
        "dmean": 3.53190612793,
        "dmean2": 5.72861814499,
        "dvar": 9.82646465302,
        "dvar2": 23.166759491,
        "max": 32.0144958496,
        "mean": 13.4795646667,
        "median": 12.3659334183,
        "min": 1.73491680622,
        "var": 29.7101364136
    },
    "melbands_flatness_db": {
        "dmean": 0.028341723606,
        "dmean2": 0.0399547591805,
        "dvar": 0.000806490075774,
        "dvar2": 0.0013473368017,
        "max": 0.458141744137,
        "mean": 0.163094639778,
        "median": 0.15105651319,
        "min": 0.00348895275965,
        "var": 0.00400204584002
    },
    "melbands_kurtosis": {
        "dmean": 6.92441177368,
        "dmean2": 10.4009342194,
        "dvar": 265.656036377,
        "dvar2": 473.211761475,
        "max": 383.264434814,
        "mean": 13.1466741562,
        "median": 5.35601329803,
        "min": -1.83433496952,
        "var": 769.30065918
    },
    "melbands_skewness": {
        "dmean": 0.703666031361,
        "dmean2": 1.03521370888,
        "dvar": 0.668043255806,
        "dvar2": 1.26022529602,
        "max": 16.0347805023,
        "mean": 2.4001095295,
        "median": 2.06393527985,
        "min": -2.70516490936,
        "var": 3.71842646599
    },
    "melbands_spread": {
        "dmean": 9.46586704254,
        "dmean2": 14.1879301071,
        "dvar": 143.347213745,
        "dvar2": 294.397644043,
        "max": 228.759292603,
        "mean": 31.0534591675,
        "median": 25.9704246521,
        "min": 0.648197352886,
        "var": 484.791351318
    },
    "pitch_salience": {
        "dmean": 0.0741792917252,
        "dmean2": 0.114677712321,
        "dvar": 0.0046962685883,
        "dvar2": 0.00959567259997,
        "max": 0.89443308115,
        "mean": 0.561445057392,
        "median": 0.571986138821,
        "min": 0.0517502985895,
        "var": 0.0187075193971
    },
    "silence_rate_20dB": {
        "dmean": 0,
        "dmean2": 0,
        "dvar": 0,
        "dvar2": 0,
        "max": 1,
        "mean": 1,
        "median": 1,
        "min": 1,
        "var": 0
    },
    "silence_rate_30dB": {
        "dmean": 0.00854306202382,
        "dmean2": 0.0170880965889,
        "dvar": 0.00847094412893,
        "dvar2": 0.0195661745965,
        "max": 1,
        "mean": 0.990303575993,
        "median": 1,
        "min": 0,
        "var": 0.00960185565054
    },
    "silence_rate_60dB": {
        "dmean": 0.00854306202382,
        "dmean2": 0.0170880965889,
        "dvar": 0.00847104378045,
        "dvar2": 0.0195656642318,
        "max": 1,
        "mean": 0.0144291818142,
        "median": 0,
        "min": 0,
        "var": 0.0142191872001
    },
    "spectral_centroid": {
        "dmean": 277.329101562,
        "dmean2": 416.567321777,
        "dvar": 95288.734375,
        "dvar2": 188298.328125,
        "max": 10853.8671875,
        "mean": 1700.45300293,
        "median": 1723.45019531,
        "min": 203.286819458,
        "var": 446564.875
    },
    "spectral_complexity": {
        "dmean": 4.2246594429,
        "dmean2": 6.51726150513,
        "dvar": 18.4362068176,
        "dvar2": 38.4348335266,
        "max": 53,
        "mean": 21.7719039917,
        "median": 22,
        "min": 0,
        "var": 85.3699569702
    },
    "spectral_decrease": {
        "dmean": 2.03482808381e-09,
        "dmean2": 2.89020318789e-09,
        "dvar": 7.16788975751e-18,
        "dvar2": 1.3078025751e-17,
        "max": 8.67276346613e-29,
        "mean": -6.62623378389e-09,
        "median": -5.44787770451e-09,
        "min": -5.83812926891e-08,
        "var": 2.71178607224e-17
    },
    "spectral_energy": {
        "dmean": 0.00815134961158,
        "dmean2": 0.0115221692249,
        "dvar": 0.000105149883893,
        "dvar2": 0.000192669962416,
        "max": 0.230155721307,
        "mean": 0.0275962911546,
        "median": 0.0231431759894,
        "min": 1.06089589021e-20,
        "var": 0.000419118005084
    },
    "spectral_energyband_high": {
        "dmean": 0.000773666426539,
        "dmean2": 0.00106813665479,
        "dvar": 2.00035742637e-06,
        "dvar2": 3.66292215404e-06,
        "max": 0.0378980115056,
        "mean": 0.00145825732034,
        "median": 0.000704594654962,
        "min": 7.58267824136e-21,
        "var": 5.54687585463e-06
    },
    "spectral_energyband_low": {
        "dmean": 0.00501773087308,
        "dmean2": 0.00708030164242,
        "dvar": 0.000104014114186,
        "dvar2": 0.000187860918231,
        "max": 0.210316747427,
        "mean": 0.00987875554711,
        "median": 0.00429948698729,
        "min": 4.35823088713e-23,
        "var": 0.00030393776251
    },
    "spectral_energyband_middle_high": {
        "dmean": 0.00254729576409,
        "dmean2": 0.00368321174756,
        "dvar": 1.09696793515e-05,
        "dvar2": 2.18482618948e-05,
        "max": 0.0554061867297,
        "mean": 0.00823130551726,
        "median": 0.00545802339911,
        "min": 1.51969082936e-21,
        "var": 6.18599369773e-05
    },
    "spectral_energyband_middle_low": {
        "dmean": 0.00353796640411,
        "dmean2": 0.00544944312423,
        "dvar": 2.32868787862e-05,
        "dvar2": 4.88681362185e-05,
        "max": 0.144084334373,
        "mean": 0.00870449095964,
        "median": 0.00601483089849,
        "min": 2.79423367871e-22,
        "var": 7.60199109209e-05
    },
    "spectral_entropy": {
        "dmean": 0.153721064329,
        "dmean2": 0.214602395892,
        "dvar": 0.022308703512,
        "dvar2": 0.0406739376485,
        "max": 9.77499389648,
        "mean": 7.79979038239,
        "median": 7.81131649017,
        "min": 5.96050310135,
        "var": 0.135263666511
    },
    "spectral_flux": {
        "dmean": 0.0240195356309,
        "dmean2": 0.0368266738951,
        "dvar": 0.000612988544162,
        "dvar2": 0.00146662781481,
        "max": 0.321039199829,
        "mean": 0.0914943888783,
        "median": 0.083842843771,
        "min": 1.02999803131e-10,
        "var": 0.00175604363903
    },
    "spectral_kurtosis": {
        "dmean": 1.18275022507,
        "dmean2": 1.93268764019,
        "dvar": 1.56239998341,
        "dvar2": 4.51318216324,
        "max": 20.6880207062,
        "mean": 2.94396901131,
        "median": 2.51690101624,
        "min": -1.2633600235,
        "var": 5.37824630737
    },
    "spectral_rms": {
        "dmean": 0.00074085930828,
        "dmean2": 0.00105024257209,
        "dvar": 5.48101809272e-07,
        "dvar2": 9.7914721664e-07,
        "max": 0.0149847306311,
        "mean": 0.00488846935332,
        "median": 0.00475170603022,
        "min": 3.21717327258e-12,
        "var": 3.02607145386e-06
    },
    "spectral_rolloff": {
        "dmean": 776.159240723,
        "dmean2": 1241.13122559,
        "dvar": 1446008.375,
        "dvar2": 2958103.25,
        "max": 18970.7519531,
        "mean": 2128.96411133,
        "median": 1787.25585938,
        "min": 86.1328125,
        "var": 3130313.25
    },
    "spectral_skewness": {
        "dmean": 0.177431702614,
        "dmean2": 0.279597252607,
        "dvar": 0.0267064571381,
        "dvar2": 0.0629218444228,
        "max": 3.11413407326,
        "mean": 1.29647779465,
        "median": 1.29763281345,
        "min": -0.21483913064,
        "var": 0.140908315778
    },
    "spectral_spread": {
        "dmean": 659291.375,
        "dmean2": 903857.5625,
        "dvar": 629076393984,
        "dvar2": 1.02769688576e+12,
        "max": 41519640,
        "mean": 4937146,
        "median": 4751882.5,
        "min": 1765219.375,
        "var": 2.9199868887e+12
    },
    "spectral_strongpeak": {
        "dmean": 0.677516222,
        "dmean2": 1.1224707365,
        "dvar": 1.12970137596,
        "dvar2": 2.78328156471,
        "max": 12.1829204559,
        "mean": 1.22226119041,
        "median": 0.684208750725,
        "min": 0,
        "var": 2.17354416847
    },
    "zerocrossingrate": {
        "dmean": 0.0155162047595,
        "dmean2": 0.017524510622,
        "dvar": 0.000297927035717,
        "dvar2": 0.000341034086887,
        "max": 0.6611328125,
        "mean": 0.0792521089315,
        "median": 0.0732421875,
        "min": 0.00439453125,
        "var": 0.0016797168646
    },
    "barkbands": {
        "dmean": [0.000145979603985, 0.00426970468834, 0.00197857408784, 0.000562766334042, 0.00106835435145, 0.00125329184812, 0.00066390336724, 0.000598270446062, 0.00075558188837, 0.000952372152824, 0.000690084823873, 0.000545855087694, 0.000303736160276, 0.000506263575517, 0.000440330361016, 0.000401801575208, 0.000319427112117, 0.000336931436323, 0.000258933490841, 0.000163540491485, 0.0001180439358, 0.000158860566444, 0.00020376656903, 0.00018288155843, 0.00016923811927, 4.41273755314e-07, 1.45526313222e-09],
        "dmean2": [0.000231367652304, 0.00659602228552, 0.00307000987232, 0.000970241671894, 0.00165061384905, 0.00200469675474, 0.00105620850809, 0.000955307390541, 0.00120115431491, 0.00153946899809, 0.0011040008394, 0.000887805130333, 0.000492979190312, 0.00080231128959, 0.000685315346345, 0.000620261125732, 0.000496978464071, 0.000513330975082, 0.000391852547182, 0.000253533245996, 0.000178988513653, 0.000234196035308, 0.00029722857289, 0.000266784947598, 0.00024167142692, 7.41230905987e-07, 2.72855871231e-09],
        "dvar": [6.30741112673e-08, 9.86048253253e-05, 3.32029776473e-05, 2.17282945414e-06, 6.18036574451e-06, 4.98214694744e-06, 2.86717840936e-06, 2.04159823625e-06, 3.01342356579e-06, 3.71466148863e-06, 2.73295381703e-06, 1.81010182132e-06, 5.22505047229e-07, 1.22404890135e-06, 1.06075481199e-06, 1.01693603938e-06, 4.35964494727e-07, 3.84545529641e-07, 2.08924362255e-07, 1.01391833596e-07, 8.30375128658e-08, 1.43395112673e-07, 2.18113896722e-07, 1.17784630049e-07, 1.08210286953e-07, 1.49863368243e-12, 4.28121421184e-16],
        "dvar2": [1.50902337737e-07, 0.000203170144232, 7.7310782217e-05, 5.95459050601e-06, 1.25221913549e-05, 1.22160499814e-05, 6.06865614827e-06, 4.80782864543e-06, 6.82190238877e-06, 9.53109520196e-06, 6.6288389462e-06, 4.37687049271e-06, 1.24444716221e-06, 2.7821747608e-06, 2.36018786381e-06, 2.15336581277e-06, 9.83444010672e-07, 8.04580452041e-07, 4.28290263699e-07, 2.3253711845e-07, 1.73968359718e-07, 2.71563806109e-07, 4.62846031724e-07, 2.55002959193e-07, 2.18949537611e-07, 3.94666157394e-12, 1.27509121154e-15],
        "max": [0.00447506411001, 0.182496845722, 0.106806352735, 0.0297670997679, 0.0876898244023, 0.0332809910178, 0.0586219877005, 0.0510061569512, 0.0453598462045, 0.0333081781864, 0.0427101179957, 0.0363127104938, 0.0160645209253, 0.0287614297122, 0.0262000672519, 0.0220702793449, 0.0181004237384, 0.0142342606559, 0.0108418483287, 0.0108529468998, 0.0149717023596, 0.0160883422941, 0.0177185945213, 0.00763189140707, 0.00493217119947, 3.85782477679e-05, 1.37322831506e-06],
        "mean": [0.000223696857574, 0.00696349842474, 0.00231435149908, 0.000719715259038, 0.00210001459345, 0.00210922234692, 0.00102413725108, 0.000962342484854, 0.00118235463742, 0.0016336964909, 0.00121578562539, 0.00100181135349, 0.000468447629828, 0.000868667906616, 0.000719091796782, 0.000674338836689, 0.000577892467845, 0.000645894149784, 0.000546771334484, 0.000322251551552, 0.00022862192418, 0.00029296244611, 0.000307235110085, 0.000271254888503, 0.000221792652155, 4.23150908091e-07, 1.09473241583e-09],
        "median": [5.14866624144e-05, 0.00233616260812, 0.000816052779555, 0.000286798458546, 0.000772010011133, 0.00095067510847, 0.000389993947465, 0.000359291036148, 0.000289755029371, 0.000455035304185, 0.000279673084151, 0.000293565157335, 0.000158630675287, 0.000311429641442, 0.000278534833342, 0.000212949060369, 0.000255127553828, 0.000318461505231, 0.000258744286839, 0.000167199614225, 0.000111923269287, 0.000133983019623, 0.000118195515824, 0.000104305967398, 5.89939554629e-05, 7.81549971407e-08, 3.74445030538e-10],
        "min": [2.76115476881e-24, 1.36262358073e-23, 2.69323928801e-23, 1.01905059625e-23, 5.6194361433e-23, 7.63302569198e-23, 2.18010625286e-23, 5.80816953715e-23, 4.6084193854e-23, 8.28403851827e-23, 4.27139560304e-23, 6.59743938787e-23, 1.30297354784e-22, 1.50495753298e-22, 1.51354450481e-22, 1.43296621299e-22, 1.2459674296e-22, 1.67075324985e-22, 2.77888484364e-22, 4.27552058826e-22, 4.5663308162e-22, 5.05772779885e-22, 4.53585781363e-22, 7.81366095533e-22, 1.37026194417e-21, 1.58266570902e-21, 2.39224954846e-21],
        "var": [1.50132393628e-07, 0.000200948663405, 3.39260441251e-05, 2.49352592618e-06, 2.0761093765e-05, 9.94479250949e-06, 6.20883974989e-06, 4.33589639215e-06, 6.08162235949e-06, 8.77762795426e-06, 7.91875118011e-06, 5.7814122556e-06, 8.82062465735e-07, 2.8096776532e-06, 2.09818063013e-06, 2.40446820499e-06, 1.12913323846e-06, 9.03786371964e-07, 6.71430541388e-07, 2.23536517296e-07, 1.9344658142e-07, 3.73713646695e-07, 4.28766554705e-07, 2.20711129373e-07, 1.75067285113e-07, 1.29223790956e-12, 2.19580665491e-16]
    },
    "erbbands": {
        "dmean": [0.105126880109, 1.07233226299, 2.3465154171, 1.78320384026, 2.86225891113, 3.68282294273, 5.87262487411, 11.4370317459, 11.6010198593, 10.4996862411, 13.8678255081, 16.1753196716, 29.0294494629, 23.1266593933, 25.6959609985, 23.2782077789, 12.8306903839, 22.8812999725, 20.3499889374, 25.1257534027, 16.9267444611, 15.6279315948, 16.2877788544, 14.7325973511, 11.8069591522, 7.83867931366, 5.08219242096, 4.66407155991, 5.66461896896, 5.7680439949, 5.90503072739, 4.29825735092, 2.8335723877, 2.08659386635, 1.13485741615, 0.0733351632953, 0.00186916976236, 0.000124480997329, 1.90825758182e-05, 1.19068181448e-05],
        "dmean2": [0.156305968761, 1.62244319916, 3.46036601067, 2.8767311573, 4.63047933578, 5.67567491531, 8.86721229553, 18.7149848938, 18.7967739105, 16.6146278381, 21.9119052887, 25.6277122498, 46.9449310303, 37.0751609802, 40.2575340271, 37.5140533447, 20.2089290619, 35.5836791992, 31.3330917358, 37.8460769653, 25.6601371765, 23.4787197113, 24.4938259125, 22.2290496826, 17.6202430725, 12.1273794174, 7.8256444931, 6.94736194611, 8.42457199097, 8.61299228668, 8.5800743103, 6.21809434891, 4.16961956024, 2.99559235573, 1.66162598133, 0.108660653234, 0.00273449555971, 0.000179467475391, 2.71508524747e-05, 1.6691719793e-05],
        "dvar": [0.0397704094648, 6.88424491882, 38.8186988831, 20.573589325, 47.3524513245, 128.923431396, 190.818435669, 455.983795166, 594.578613281, 973.367126465, 1215.83361816, 1758.38513184, 3818.29785156, 2202.1652832, 3877.33740234, 3644.76367188, 874.536743164, 2444.11254883, 2215.58007812, 3197.82543945, 1369.78186035, 847.028625488, 859.44329834, 705.46685791, 529.823913574, 253.628494263, 128.848083496, 139.153060913, 188.963104248, 231.334899902, 167.947494507, 72.0020370483, 28.8530597687, 16.1275978088, 5.28208732605, 0.0225587468594, 1.40158390423e-05, 5.79698777869e-08, 1.08651621034e-09, 1.90425661351e-10],
        "dvar2": [0.0839272364974, 13.9158239365, 78.6406021118, 50.8320045471, 112.488929749, 250.789337158, 373.459869385, 1153.38696289, 1393.6385498, 2176.91381836, 2859.54101562, 4142.51611328, 9753.27832031, 5420.82177734, 9363.37402344, 8869.4375, 2082.43530273, 5267.81738281, 4760.51123047, 6434.75048828, 3033.54125977, 1683.10046387, 1759.13793945, 1488.18249512, 1085.09057617, 558.278137207, 275.361053467, 278.241729736, 373.863464355, 522.718200684, 349.147888184, 153.548080444, 62.8377151489, 32.5722503662, 11.2780361176, 0.0492657497525, 2.99695948343e-05, 1.21031575873e-07, 2.2217734319e-09, 3.63643393175e-10],
        "max": [4.07338094711, 48.3814811707, 116.620948792, 117.745895386, 185.684738159, 384.417053223, 643.284545898, 338.990234375, 722.164916992, 1226.5213623, 1497.09265137, 1415.21508789, 1524.83435059, 920.788330078, 1424.08618164, 1835.35095215, 792.115600586, 1231.18103027, 1281.90380859, 1158.71948242, 887.25994873, 884.305847168, 771.140991211, 647.354248047, 565.632995605, 652.206481934, 654.912719727, 422.249969482, 583.781494141, 642.70526123, 513.390258789, 210.415313721, 157.667388916, 80.9503250122, 36.3882446289, 2.37972331047, 0.0593708120286, 0.00373723101802, 0.000505328760482, 0.000291011412628],
        "mean": [0.175961241126, 1.61779129505, 3.09661960602, 2.49798703194, 4.63982057571, 6.81747293472, 10.781126976, 17.5995864868, 17.7037181854, 17.4359397888, 22.8538532257, 25.6873512268, 51.7072296143, 43.882396698, 48.1701660156, 43.7294883728, 23.1861457825, 42.3554725647, 37.1244812012, 44.4576568604, 32.641658783, 31.5638847351, 33.4032745361, 31.7304763794, 25.1852684021, 16.0214004517, 9.98480319977, 9.09405708313, 10.3514375687, 9.37687301636, 8.80894088745, 6.54422903061, 4.08342313766, 2.78419160843, 1.40594816208, 0.0910193771124, 0.0023846400436, 0.000168367201695, 3.90084569517e-05, 3.91993962694e-05],
        "median": [0.0665438920259, 0.482402443886, 1.04665255547, 1.15358257294, 1.59462201595, 1.93551504612, 3.76331782341, 7.14710092545, 7.42859458923, 6.8741235733, 8.54571342468, 8.01274585724, 14.9582977295, 13.4937744141, 12.931728363, 14.330324173, 9.40859222412, 17.0118808746, 15.7658071518, 17.0925731659, 13.0709838867, 14.5862407684, 17.4270782471, 15.4743947983, 11.8861541748, 8.07542324066, 4.92800140381, 4.49367284775, 4.5582985878, 4.04282093048, 3.33060145378, 2.57235383987, 1.45995306969, 0.780164003372, 0.346664041281, 0.022612053901, 0.000625833577942, 5.08432422066e-05, 2.63988968072e-05, 3.38016980095e-05],
        "min": [5.49328605118e-22, 2.86076638417e-21, 2.51342819624e-20, 2.87433695258e-20, 1.24687111735e-19, 2.37069705064e-19, 2.03301258553e-19, 8.01442784396e-19, 4.5037104731e-19, 3.91361921115e-19, 1.61048580766e-18, 8.99732417285e-19, 1.65211667051e-18, 2.82585762879e-18, 1.81741672181e-18, 3.49818362002e-18, 6.08050087171e-18, 7.68579994673e-18, 8.02956297442e-18, 5.92760894319e-18, 8.92551042002e-18, 6.97540896487e-18, 9.10873919751e-18, 1.66896542969e-17, 1.14243825187e-17, 1.90757361832e-17, 1.75295569473e-17, 2.12130468089e-17, 2.10915621011e-17, 1.30145925786e-17, 1.38313978647e-17, 1.81424150631e-17, 1.19841472197e-17, 1.13951259676e-17, 1.19764941447e-17, 5.86600797579e-18, 3.44597839041e-18, 1.01143881631e-18, 3.47907099159e-19, 3.77961989395e-20],
        "var": [0.0865269899368, 13.3130760193, 53.9317703247, 23.1871070862, 126.036979675, 382.855895996, 606.33404541, 781.096740723, 1139.55944824, 1963.27075195, 2736.25537109, 2946.65576172, 9268.63671875, 5656.10449219, 11277.9316406, 11612.2041016, 1607.8001709, 6346.24169922, 5000.10839844, 8469.02929688, 4033.11694336, 2925.69604492, 2179.81054688, 2083.58740234, 1576.27905273, 583.386047363, 351.032318115, 304.738830566, 456.539306641, 489.0887146, 336.490386963, 131.777740479, 55.4029350281, 27.2712402344, 7.57777070999, 0.0320149995387, 2.07552002394e-05, 9.16433222642e-08, 2.03237249252e-09, 7.45051909057e-10]
    },
    "gfcc": {
        "mean": [8.81691265106, 87.1241836548, -143.768478394, 48.6764717102, -74.3360671997, 29.8951206207, -41.6757965088, 16.9569721222, -16.5652732849, -3.21327447891, -1.25799560547, -7.36793708801, 2.6826839447],
        "cov": [[3077.7109375, -590.970825195, 358.727081299, 445.893890381, -20.4681491852, 280.94317627, -210.437606812, 209.908203125, -94.3843536377, 189.885314941, -2.91091609001, 125.097938538, -37.1109695435], [-590.970825195, 836.131164551, 54.9290885925, -10.225279808, 154.296386719, -148.644073486, 102.49382782, -93.3350296021, 96.5839920044, -121.853904724, 87.6994781494, -106.458190918, 0.561202287674], [358.727081299, 54.9290885925, 1421.55310059, 624.378112793, -122.896286011, 78.9306716919, -298.183532715, -47.0315551758, -29.3028316498, 133.476013184, 2.24377560616, 76.2521362305, -76.3293762207], [445.893890381, -10.225279808, 624.378112793, 551.979309082, 80.4716415405, 39.6647567749, -116.273345947, 24.2304534912, 50.9131965637, 78.7803726196, 24.1878013611, 47.7550468445, -9.58655738831], [-20.4681491852, 154.296386719, -122.896286011, 80.4716415405, 294.981658936, 71.6523513794, 112.547325134, 68.2779846191, 66.8524627686, -19.1426258087, 43.6578178406, -17.2439193726, 28.1231880188], [280.94317627, -148.644073486, 78.9306716919, 39.6647567749, 71.6523513794, 274.11807251, 135.040206909, 63.3117637634, -28.8078098297, 48.4057540894, 6.79059362411, 26.381942749, -2.51668405533], [-210.437606812, 102.49382782, -298.183532715, -116.273345947, 112.547325134, 135.040206909, 337.962432861, 68.2759170532, 27.921957016, -24.7224788666, 40.8268280029, -33.7428779602, 21.887254715], [209.908203125, -93.3350296021, -47.0315551758, 24.2304534912, 68.2779846191, 63.3117637634, 68.2759170532, 143.300140381, 44.0913581848, 33.1819229126, 3.48067164421, 16.0279979706, 10.1949586868], [-94.3843536377, 96.5839920044, -29.3028316498, 50.9131965637, 66.8524627686, -28.8078098297, 27.921957016, 44.0913581848, 148.685852051, 11.0907335281, 17.9173183441, -9.94217395782, 24.5605220795], [189.885314941, -121.853904724, 133.476013184, 78.7803726196, -19.1426258087, 48.4057540894, -24.7224788666, 33.1819229126, 11.0907335281, 126.875602722, 28.4750518799, 46.3490371704, 2.19140005112], [-2.91091609001, 87.6994781494, 2.24377560616, 24.1878013611, 43.6578178406, 6.79059362411, 40.8268280029, 3.48067164421, 17.9173183441, 28.4750518799, 117.944877625, 28.109336853, 10.7307109833], [125.097938538, -106.458190918, 76.2521362305, 47.7550468445, -17.2439193726, 26.381942749, -33.7428779602, 16.0279979706, -9.94217395782, 46.3490371704, 28.109336853, 92.889755249, 25.9260749817], [-37.1109695435, 0.561202287674, -76.3293762207, -9.58655738831, 28.1231880188, -2.51668405533, 21.887254715, 10.1949586868, 24.5605220795, 2.19140005112, 10.7307109833, 25.9260749817, 62.7066993713]],
        "icov": [[0.000700633623637, -0.000472697138321, 0.000848785566632, -0.00122868921608, 0.000972057343461, -0.00150671415031, 0.00142119824886, -0.00152304896619, 0.000810493249446, -0.000289821909973, -0.000205052390811, 6.95015551173e-05, 0.000218386485358], [-0.000472697138321, 0.00476341508329, -0.00309062818997, 0.00298592518084, -0.00393729703501, 0.0046741780825, -0.00382708804682, 0.00392693467438, -0.00239706458524, 0.00240298523568, -0.0024460577406, 0.00245699100196, -0.000719526375178], [0.000848785566632, -0.00309062818997, 0.00473264418542, -0.00511420285329, 0.00438709557056, -0.00523746944964, 0.00450977729633, -0.00299477088265, 0.00192205782514, -0.00163503480144, 0.000698918942362, -0.001212659874, 0.00193004158791], [-0.00122868921608, 0.00298592518084, -0.00511420285329, 0.00835873465985, -0.00583571149036, 0.00517245521769, -0.00377499312162, 0.00385570037179, -0.00324080791324, 0.000657661876176, -0.000418434239691, 9.32977854973e-05, -0.000906254339498], [0.000972057343461, -0.00393729703501, 0.00438709557056, -0.00583571149036, 0.0103737181053, -0.00703704915941, 0.00440917722881, -0.00594062637538, 0.00127621204592, 0.000313398981234, -0.0010666338494, 0.000733101100195, -0.00108091824222], [-0.00150671415031, 0.0046741780825, -0.00523746944964, 0.00517245521769, -0.00703704915941, 0.0139729315415, -0.00954624079168, 0.004718657583, -0.00069904490374, -0.000291021045996, 0.000832278165035, -0.00077493529534, 0.000225580399274], [0.00142119824886, -0.00382708804682, 0.00450977729633, -0.00377499312162, 0.00440917722881, -0.00954624079168, 0.0116685302928, -0.00656283413991, 0.00205197837204, -0.000392106448999, -0.00199684640393, 0.00211004563607, -0.000899364240468], [-0.00152304896619, 0.00392693467438, -0.00299477088265, 0.00385570037179, -0.00594062637538, 0.004718657583, -0.00656283413991, 0.0159766878933, -0.00579414330423, -0.000551532371901, 0.00132818613201, -0.0016670335317, 0.00130507315043], [0.000810493249446, -0.00239706458524, 0.00192205782514, -0.00324080791324, 0.00127621204592, -0.00069904490374, 0.00205197837204, -0.00579414330423, 0.0118072200567, -0.00291474768892, 0.000193207495613, 0.00204768031836, -0.00343173090369], [-0.000289821909973, 0.00240298523568, -0.00163503480144, 0.000657661876176, 0.000313398981234, -0.000291021045996, -0.000392106448999, -0.000551532371901, -0.00291474768892, 0.014051717706, -0.00437932414934, -0.00179328175727, 0.00013298416161], [-0.000205052390811, -0.0024460577406, 0.000698918942362, -0.000418434239691, -0.0010666338494, 0.000832278165035, -0.00199684640393, 0.00132818613201, 0.000193207495613, -0.00437932414934, 0.0138272792101, -0.00687687285244, 0.00223455391824], [6.95015551173e-05, 0.00245699100196, -0.001212659874, 9.32977854973e-05, 0.000733101100195, -0.00077493529534, 0.00211004563607, -0.0016670335317, 0.00204768031836, -0.00179328175727, -0.00687687285244, 0.0221019200981, -0.0109686292708], [0.000218386485358, -0.000719526375178, 0.00193004158791, -0.000906254339498, -0.00108091824222, 0.000225580399274, -0.000899364240468, 0.00130507315043, -0.00343173090369, 0.00013298416161, 0.00223455391824, -0.0109686292708, 0.0243813544512]]
    },
    "melbands": {
        "dmean": [0.00102223176509, 0.00119856675155, 0.00032509493758, 0.000231203375733, 0.000191058294149, 0.000257196021266, 0.000171739273355, 0.000113960690214, 0.00011487667507, 0.000107678344648, 0.000149716652231, 9.88809188129e-05, 9.32670227485e-05, 6.67216154397e-05, 4.33097811765e-05, 3.11348849209e-05, 4.74391854368e-05, 3.64557163266e-05, 3.28698697558e-05, 3.47171007888e-05, 2.00962294912e-05, 1.79128401214e-05, 1.7170650608e-05, 1.6504096493e-05, 1.27749362946e-05, 1.01699970401e-05, 7.27149335944e-06, 5.20798403159e-06, 3.36085508934e-06, 3.04391915051e-06, 2.83527674583e-06, 3.26325312017e-06, 3.60020158041e-06, 3.33657271767e-06, 3.76591015083e-06, 3.06553351948e-06, 2.5346575967e-06, 2.04880370802e-06, 1.85945941666e-06, 1.815713631e-06],
        "dmean2": [0.00156945036724, 0.00174604333006, 0.000515439605806, 0.000364027626347, 0.000286743743345, 0.000419349060394, 0.000277020735666, 0.000180926843314, 0.000182629955816, 0.000170275030541, 0.000242030946538, 0.000159401140991, 0.00014705961803, 0.000108010935946, 6.90581218805e-05, 4.9655798648e-05, 7.44140343159e-05, 5.69254771108e-05, 5.02803668496e-05, 5.3371728427e-05, 3.12954907713e-05, 2.75212041743e-05, 2.63685142272e-05, 2.51323417615e-05, 1.96510118258e-05, 1.55670295499e-05, 1.10708133434e-05, 8.23809841677e-06, 5.31440082341e-06, 4.76179093312e-06, 4.27576060247e-06, 4.8916367632e-06, 5.48681782675e-06, 5.07307913722e-06, 5.62551713301e-06, 4.52326457889e-06, 3.7473980683e-06, 3.05229673359e-06, 2.770574838e-06, 2.63774700215e-06],
        "dvar": [4.84829888592e-06, 8.37618244987e-06, 5.47495801584e-07, 3.6097407019e-07, 1.915644674e-07, 2.26546390536e-07, 1.31330423869e-07, 9.56940624519e-08, 8.42711855853e-08, 7.29196898419e-08, 1.00577238982e-07, 4.13836218627e-08, 5.43080211912e-08, 2.79486567223e-08, 1.05972368658e-08, 6.04357675016e-09, 1.12550733178e-08, 7.42996908443e-09, 6.21703755144e-09, 8.00768251707e-09, 2.2490953544e-09, 1.29778632285e-09, 1.224012669e-09, 1.05466257949e-09, 5.78368464232e-10, 3.78774511756e-10, 2.15415060789e-10, 1.23788590489e-10, 5.63116671348e-11, 5.86507856171e-11, 4.9751869291e-11, 6.0141107372e-11, 9.05007804808e-11, 8.8572975343e-11, 7.35650082517e-11, 4.49537802816e-11, 2.48746127862e-11, 1.60429568935e-11, 1.29826158504e-11, 1.30620106745e-11],
        "dvar2": [9.39175788517e-06, 1.50376699821e-05, 1.30798093778e-06, 7.50556523599e-07, 3.67153006664e-07, 5.72477915739e-07, 2.98130487408e-07, 2.17263618651e-07, 2.01457737603e-07, 1.67792961747e-07, 2.57640294876e-07, 1.02488307618e-07, 1.30743273985e-07, 6.79695588701e-08, 2.52779646104e-08, 1.41740423842e-08, 2.48108680267e-08, 1.64876805542e-08, 1.37757423246e-08, 1.61186513026e-08, 5.22212406651e-09, 2.6491218108e-09, 2.61265897805e-09, 2.16584816748e-09, 1.27157340213e-09, 8.15192635617e-10, 4.46165215884e-10, 2.8541921604e-10, 1.26780405618e-10, 1.32528002461e-10, 1.00968358674e-10, 1.21298748823e-10, 2.05420361277e-10, 2.18279574971e-10, 1.64038740924e-10, 9.65117152862e-11, 5.50572192004e-11, 3.53104732953e-11, 2.90603600211e-11, 2.68135479098e-11],
        "max": [0.0395689867437, 0.0485070124269, 0.0172494519502, 0.0248189643025, 0.0195132419467, 0.00710682943463, 0.0122629962862, 0.0113157005981, 0.0128040248528, 0.00846036151052, 0.00745940348133, 0.00386017072015, 0.00625886069611, 0.0051145888865, 0.0026152280625, 0.00208859262057, 0.00246426858939, 0.00282577238977, 0.00243875011802, 0.00236908183433, 0.00132324558217, 0.00128948607016, 0.00082946830662, 0.000809354824014, 0.000620216364041, 0.000477733730804, 0.000398945208872, 0.000380548415706, 0.000403212179663, 0.000331745541189, 0.000253677630099, 0.000336781347869, 0.000310069619445, 0.00035358054447, 0.000276324048173, 0.000254913029494, 0.000125367703731, 0.000107011692307, 7.19801246305e-05, 7.66998491599e-05],
        "mean": [0.00178549601696, 0.00187573500443, 0.000497105764225, 0.000414387497585, 0.000358643068466, 0.00040516097215, 0.000269180483883, 0.000187047931831, 0.000181905692443, 0.000169411971001, 0.000261896726443, 0.000177837297088, 0.000167785488884, 0.000124280151795, 7.35718349461e-05, 5.05999014422e-05, 8.26548639452e-05, 6.02753170824e-05, 5.38166386832e-05, 5.71133714402e-05, 3.54323601641e-05, 3.26498557115e-05, 3.1016428693e-05, 3.11570875056e-05, 2.50257271546e-05, 2.00137892534e-05, 1.43325523823e-05, 9.57474640018e-06, 6.1458044911e-06, 5.45020611753e-06, 5.18586739418e-06, 5.73170063944e-06, 5.84706094742e-06, 5.00686337546e-06, 5.29032058694e-06, 4.54517703474e-06, 3.72816407435e-06, 2.8879983347e-06, 2.5086505957e-06, 2.30928412748e-06],
        "median": [0.000641652266495, 0.00064769142773, 0.00024265742104, 0.000129397463752, 0.000120060547488, 0.000171364095877, 0.000115020076919, 7.51862389734e-05, 6.43413950456e-05, 4.31729604315e-05, 7.09019877831e-05, 4.72099272883e-05, 4.03892699978e-05, 3.50294503733e-05, 2.55127579294e-05, 1.77937999979e-05, 3.02215848933e-05, 2.03998097277e-05, 2.1075073164e-05, 1.78303216671e-05, 1.33314197228e-05, 1.40807132993e-05, 1.43941460919e-05, 1.47138098328e-05, 1.15189877761e-05, 9.03497220861e-06, 6.42981649435e-06, 4.54029031971e-06, 2.89332933789e-06, 2.52690665548e-06, 2.44688226303e-06, 2.437511057e-06, 2.48317360274e-06, 2.02386718229e-06, 1.85387398233e-06, 1.73330477082e-06, 1.44769410326e-06, 1.02726914974e-06, 7.63968103001e-07, 5.95096310008e-07],
        "min": [4.20453001721e-24, 9.99806097809e-24, 8.87093809444e-24, 1.20234234869e-23, 8.75719302937e-24, 1.69453806878e-23, 6.62356330561e-24, 6.47492416169e-24, 1.20412683095e-23, 5.65328569143e-24, 8.50288162847e-24, 1.20540076242e-23, 5.27632180255e-24, 7.11814359444e-24, 1.06937889648e-23, 1.40970074852e-23, 1.48800702627e-23, 1.29154894867e-23, 1.04190515885e-23, 7.31465436795e-24, 1.12384074898e-23, 6.74518751339e-24, 8.95823738651e-24, 7.43147046852e-24, 1.53924795969e-23, 6.01412605226e-24, 1.10145153542e-23, 1.29979286067e-23, 1.11881128739e-23, 1.14604347581e-23, 1.13268766626e-23, 1.31915292723e-23, 7.80124980671e-24, 7.0074167112e-24, 7.89425571857e-24, 8.64001010849e-24, 1.17405750428e-23, 6.87832199064e-24, 8.83999108112e-24, 1.00652664052e-23],
        "var": [1.10605215013e-05, 1.6720385247e-05, 7.99400766027e-07, 1.09772736323e-06, 6.37957327854e-07, 3.97513730377e-07, 2.67969454626e-07, 1.90622202467e-07, 1.76926391759e-07, 1.34961268827e-07, 2.41342490881e-07, 1.03072231639e-07, 1.59042969017e-07, 8.71218617249e-08, 2.43913653719e-08, 1.07795665727e-08, 2.76853793224e-08, 1.57511284016e-08, 1.18872680588e-08, 1.91694713436e-08, 5.91374726966e-09, 3.91003984745e-09, 2.74924127908e-09, 2.46992581943e-09, 1.53010559778e-09, 1.03389341533e-09, 5.30642474406e-10, 2.5735941156e-10, 1.48907275399e-10, 1.14418023667e-10, 1.02612252029e-10, 1.3680051536e-10, 1.88397547563e-10, 1.54939824859e-10, 1.38404079864e-10, 7.6037967589e-11, 4.32364768987e-11, 2.93801753759e-11, 2.18324629209e-11, 2.05749722815e-11]
    },
    "mfcc": {
        "mean": [-614.657470703, 95.3240356445, -3.87498545647, 13.9637269974, 2.98677349091, 2.12704157829, -0.141835749149, 8.8672542572, -1.63729500771, 4.32859754562, 1.61114370823, -0.468872100115, 1.75990843773],
        "cov": [[2523.19799805, -702.891601562, 126.337005615, 64.2293014526, 199.932601929, 38.9822692871, 104.76714325, 39.7917861938, 28.4332618713, 66.3560409546, 50.9094352722, -3.30223155022, 54.1094398499], [-702.891601562, 782.236999512, -173.449935913, 16.4821796417, -25.3669013977, -28.3840732574, 10.0476055145, 32.2183837891, -40.9545402527, 23.8808917999, 21.7114238739, -9.49389362335, -48.0832595825], [126.337005615, -173.449935913, 1425.12219238, 432.724212646, 287.5652771, 127.840766907, -113.268058777, -131.814346313, -108.364204407, -61.6932868958, -25.8624782562, 84.2806549072, 73.1669311523], [64.2293014526, 16.4821796417, 432.724212646, 449.572143555, 236.680725098, 24.9819393158, -71.1417999268, -27.8264045715, -13.9439907074, 2.62208294868, -8.44638252258, 58.9773864746, 66.5138244629], [199.932601929, -25.3669013977, 287.5652771, 236.680725098, 319.501556396, 38.724105835, -40.9139976501, 1.61109721661, -5.80351734161, 22.191652298, -7.09853124619, 23.1951942444, 48.3347396851], [38.9822692871, -28.3840732574, 127.840766907, 24.9819393158, 38.724105835, 181.04397583, 106.769950867, 37.8480987549, 34.1746177673, 16.7976970673, 19.7294998169, 22.5863552094, 13.2911720276], [104.76714325, 10.0476055145, -113.268058777, -71.1417999268, -40.9139976501, 106.769950867, 251.592987061, 99.3301696777, 29.3575725555, 48.9864044189, 48.9726753235, 1.38356184959, -0.457190394402], [39.7917861938, 32.2183837891, -131.814346313, -27.8264045715, 1.61109721661, 37.8480987549, 99.3301696777, 142.796661377, 66.7985687256, 42.6011314392, 31.9756259918, 2.54198050499, -6.26967382431], [28.4332618713, -40.9545402527, -108.364204407, -13.9439907074, -5.80351734161, 34.1746177673, 29.3575725555, 66.7985687256, 146.825012207, 45.30884552, 19.319065094, 11.2281532288, 1.71595740318], [66.3560409546, 23.8808917999, -61.6932868958, 2.62208294868, 22.191652298, 16.7976970673, 48.9864044189, 42.6011314392, 45.30884552, 113.226013184, 45.7421569824, -3.95032215118, -7.05198049545], [50.9094352722, 21.7114238739, -25.8624782562, -8.44638252258, -7.09853124619, 19.7294998169, 48.9726753235, 31.9756259918, 19.319065094, 45.7421569824, 84.3608398438, 25.1846008301, 1.8546038866], [-3.30223155022, -9.49389362335, 84.2806549072, 58.9773864746, 23.1951942444, 22.5863552094, 1.38356184959, 2.54198050499, 11.2281532288, -3.95032215118, 25.1846008301, 85.8391265869, 49.0578994751], [54.1094398499, -48.0832595825, 73.1669311523, 66.5138244629, 48.3347396851, 13.2911720276, -0.457190394402, -6.26967382431, 1.71595740318, -7.05198049545, 1.8546038866, 49.0578994751, 91.8061904907]],
