{
"lowlevel": {
    "average_loudness": 0.915293753147,
    "barkbands_crest": {
        "dmean": 2.62690019608,
        "dmean2": 4.1357178688,
        "dvar": 5.79867887497,
        "dvar2": 13.0724506378,
        "max": 25.663351059,
        "mean": 10.7903327942,
        "median": 9.84924793243,
        "min": 2.00211429596,
        "var": 23.8097248077
    },
    "barkbands_flatness_db": {
        "dmean": 0.019103359431,
        "dmean2": 0.0288156699389,
        "dvar": 0.000332236348186,
        "dvar2": 0.000680025317706,
        "max": 0.34696868062,
        "mean": 0.120966240764,
        "median": 0.112262763083,
        "min": 0.0258552730083,
        "var": 0.00291502615437
    },
    "barkbands_kurtosis": {
        "dmean": 2.42124867439,
        "dmean2": 3.75066328049,
        "dvar": 36.2628517151,
        "dvar2": 79.9855575562,
        "max": 196.27053833,
        "mean": 4.06948757172,
        "median": 0.844436883926,
        "min": -1.87995123863,
        "var": 135.907699585
    },
    "barkbands_skewness": {
        "dmean": 0.460716187954,
        "dmean2": 0.686920583248,
        "dvar": 0.277961760759,
        "dvar2": 0.557437837124,
        "max": 10.8576669693,
        "mean": 1.11431014538,
        "median": 0.801750659943,
        "min": -3.47826886177,
        "var": 1.88332474232
    },
    "barkbands_spread": {
        "dmean": 6.42000198364,
        "dmean2": 9.3923368454,
        "dvar": 77.1803283691,
        "dvar2": 150.323272705,
        "max": 103.323371887,
        "mean": 25.7731761932,
        "median": 22.5328388214,
        "min": 0.636884391308,
        "var": 305.603851318
    },
    "dissonance": {
        "dmean": 0.0205154512078,
        "dmean2": 0.0346106924117,
        "dvar": 0.000424869562266,
        "dvar2": 0.00115271285176,
        "max": 0.499999880791,
        "mean": 0.462633043528,
        "median": 0.473202914,
        "min": 0.221242249012,
        "var": 0.00119562598411
    },
    "dynamic_complexity": 3.12803077698,
    "erbbands_crest": {
        "dmean": 3.03567838669,
        "dmean2": 4.79232120514,
        "dvar": 7.7383146286,
        "dvar2": 18.0910606384,
        "max": 30.1470432281,
        "mean": 11.4605522156,
        "median": 10.4514274597,
        "min": 2.05781340599,
        "var": 31.0602912903
    },
    "erbbands_flatness_db": {
        "dmean": 0.0182027108967,
        "dmean2": 0.0265664122999,
        "dvar": 0.000290320254862,
        "dvar2": 0.000567232607864,
        "max": 0.3463793993,
        "mean": 0.171469405293,
        "median": 0.167707949877,
        "min": 0.0599753372371,
        "var": 0.00278911064379
    },
    "erbbands_kurtosis": {
        "dmean": 1.30637335777,
        "dmean2": 2.04546284676,
        "dvar": 3.873046875,
        "dvar2": 8.84057617188,
        "max": 61.0657653809,
        "mean": 1.8056640625,
        "median": 0.988055706024,
        "min": -1.83823680878,
        "var": 11.1322364807
    },
    "erbbands_skewness": {
        "dmean": 0.385391801596,
        "dmean2": 0.589036881924,
        "dvar": 0.149338707328,
        "dvar2": 0.309531152248,
        "max": 7.14610099792,
        "mean": 0.74198526144,
        "median": 0.694050729275,
        "min": -4.50830459595,
        "var": 0.780154407024
    },
    "erbbands_spread": {
        "dmean": 7.2258887291,
        "dmean2": 10.9501409531,
        "dvar": 83.1027679443,
        "dvar2": 185.599304199,
        "max": 133.462814331,
        "mean": 30.7858104706,
        "median": 24.8252735138,
        "min": 3.34820652008,
        "var": 370.132568359
    },
    "hfc": {
        "dmean": 10.1965332031,
        "dmean2": 14.1627149582,
        "dvar": 173.72718811,
        "dvar2": 314.780395508,
        "max": 170.347839355,
        "mean": 34.6865119934,
        "median": 32.4047660828,
        "min": 1.89933380135e-09,
        "var": 661.951721191
    },
    "melbands_crest": {
        "dmean": 3.39259028435,
        "dmean2": 5.38219881058,
        "dvar": 9.31010246277,
        "dvar2": 21.2581310272,
        "max": 35.4844932556,
        "mean": 14.9219856262,
        "median": 13.9261379242,
        "min": 2.40128684044,
        "var": 37.1199378967
    },
    "melbands_flatness_db": {
        "dmean": 0.0241238474846,
        "dmean2": 0.0350847057998,
        "dvar": 0.00059341249289,
        "dvar2": 0.00110003736336,
        "max": 0.443804055452,
        "mean": 0.168779790401,
        "median": 0.158796712756,
        "min": 0.0146828340366,
        "var": 0.00506568700075
    },
    "melbands_kurtosis": {
        "dmean": 4.84471130371,
        "dmean2": 7.40809583664,
        "dvar": 124.789779663,
        "dvar2": 269.499786377,
        "max": 307.090118408,
        "mean": 9.58385181427,
        "median": 3.3864402771,
        "min": -1.94245243073,
        "var": 380.823059082
    },
    "melbands_skewness": {
        "dmean": 0.582779407501,
        "dmean2": 0.882916629314,
        "dvar": 0.452371627092,
        "dvar2": 0.929912447929,
        "max": 12.7869224548,
        "mean": 1.85660994053,
        "median": 1.48864686489,
        "min": -0.96979111433,
        "var": 2.84935426712
    },
    "melbands_spread": {
        "dmean": 8.49365615845,
        "dmean2": 12.6592578888,
        "dvar": 162.957244873,
        "dvar2": 310.387115479,
        "max": 283.203369141,
        "mean": 32.4079551697,
        "median": 28.7244701385,
        "min": 0.604679644108,
        "var": 559.704467773
    },
    "pitch_salience": {
        "dmean": 0.067091524601,
        "dmean2": 0.106066592038,
        "dvar": 0.00396767165512,
        "dvar2": 0.00900062732399,
        "max": 0.955922365189,
        "mean": 0.541410446167,
        "median": 0.547711133957,
        "min": 0.101171188056,
        "var": 0.0166970938444
    },
    "silence_rate_20dB": {
        "dmean": 0,
        "dmean2": 0,
        "dvar": 0,
        "dvar2": 0,
        "max": 1,
        "mean": 1,
        "median": 1,
        "min": 1,
        "var": 0
    },
    "silence_rate_30dB": {
        "dmean": 0,
        "dmean2": 0,
        "dvar": 0,
        "dvar2": 0,
        "max": 1,
        "mean": 1,
        "median": 1,
        "min": 1,
        "var": 0
    },
    "silence_rate_60dB": {
        "dmean": 0.0110608348623,
        "dmean2": 0.0219987425953,
        "dvar": 0.0109382430092,
        "dvar2": 0.0252893641591,
        "max": 1,
        "mean": 0.0600728914142,
        "median": 0,
        "min": 0,
        "var": 0.0564580224454
    },
    "spectral_centroid": {
        "dmean": 243.894363403,
        "dmean2": 369.09854126,
        "dvar": 92345.8671875,
        "dvar2": 178092.890625,
        "max": 6147.03564453,
        "mean": 1639.31469727,
        "median": 1726.82287598,
        "min": 216.222763062,
        "var": 464242.59375
    },
    "spectral_complexity": {
        "dmean": 4.48215198517,
        "dmean2": 6.59421730042,
        "dvar": 24.8448886871,
        "dvar2": 46.4526443481,
        "max": 53,
        "mean": 20.3667201996,
        "median": 20,
        "min": 0,
        "var": 118.572952271
    },
    "spectral_decrease": {
        "dmean": 1.51752399535e-09,
        "dmean2": 2.27510965622e-09,
        "dvar": 3.07962650776e-18,
        "dvar2": 5.9512580369e-18,
        "max": -2.5945786533e-20,
        "mean": -6.42616093671e-09,
        "median": -6.27152285659e-09,
        "min": -2.25162821721e-08,
        "var": 1.59151849417e-17
    },
    "spectral_energy": {
        "dmean": 0.00639540655538,
        "dmean2": 0.00949042662978,
        "dvar": 5.07496806676e-05,
        "dvar2": 9.75457442109e-05,
        "max": 0.0878838375211,
        "mean": 0.0274000596255,
        "median": 0.0270929504186,
        "min": 2.70200609933e-13,
        "var": 0.000272406789009
    },
    "spectral_energyband_high": {
        "dmean": 0.000833251047879,
        "dmean2": 0.00111991690937,
        "dvar": 1.87731723145e-06,
        "dvar2": 3.4100648918e-06,
        "max": 0.0227765589952,
        "mean": 0.00156324764248,
        "median": 0.000846143288072,
        "min": 1.68745741122e-13,
        "var": 3.99286227548e-06
    },
    "spectral_energyband_low": {
        "dmean": 0.00217495067045,
        "dmean2": 0.00317553547211,
        "dvar": 1.56468922796e-05,
        "dvar2": 3.13611853926e-05,
        "max": 0.0497377775609,
        "mean": 0.00485531426966,
        "median": 0.00199443451129,
        "min": 2.03846250284e-15,
        "var": 4.69957667519e-05
    },
    "spectral_energyband_middle_high": {
        "dmean": 0.00329328887165,
        "dmean2": 0.00499362125993,
        "dvar": 2.05720207305e-05,
        "dvar2": 4.65139346488e-05,
        "max": 0.082127019763,
        "mean": 0.0128623023629,
        "median": 0.00819966197014,
        "min": 9.25557306036e-14,
        "var": 0.00015811076446
    },
    "spectral_energyband_middle_low": {
        "dmean": 0.00369538925588,
        "dmean2": 0.00591898197308,
        "dvar": 3.77433971153e-05,
        "dvar2": 8.63013847265e-05,
        "max": 0.0825106352568,
        "mean": 0.00894290581346,
        "median": 0.00418947124854,
        "min": 5.8720728475e-15,
        "var": 0.000128655781737
    },
    "spectral_entropy": {
        "dmean": 0.178131297231,
        "dmean2": 0.253900527954,
        "dvar": 0.0348785147071,
        "dvar2": 0.0639147683978,
        "max": 8.89717197418,
        "mean": 7.65171194077,
        "median": 7.73300743103,
        "min": 5.18896579742,
        "var": 0.321293920279
    },
    "spectral_flux": {
        "dmean": 0.0241211187094,
        "dmean2": 0.0369563475251,
        "dvar": 0.000590544193983,
        "dvar2": 0.00120902480558,
        "max": 0.275301009417,
        "mean": 0.0905821248889,
        "median": 0.0865358263254,
        "min": 1.0997237041e-05,
        "var": 0.00208681542426
    },
    "spectral_kurtosis": {
        "dmean": 1.28046703339,
        "dmean2": 2.05334353447,
        "dvar": 2.18205571175,
        "dvar2": 5.65002679825,
        "max": 36.629535675,
        "mean": 4.22398519516,
        "median": 3.58481216431,
        "min": -1.31954097748,
        "var": 10.1008844376
    },
    "spectral_rms": {
        "dmean": 0.000608314643614,
        "dmean2": 0.000889938150067,
        "dvar": 4.03278306749e-07,
        "dvar2": 7.21240496659e-07,
        "max": 0.00925960764289,
        "mean": 0.00485836761072,
        "median": 0.00514122052118,
        "min": 1.62360809242e-08,
        "var": 3.12798965751e-06
    },
    "spectral_rolloff": {
        "dmean": 733.171203613,
        "dmean2": 1153.59082031,
        "dvar": 1831997.375,
        "dvar2": 3484737.75,
        "max": 17011.2304688,
        "mean": 2226.90209961,
        "median": 1765.72265625,
        "min": 64.599609375,
        "var": 4179055.5
    },
    "spectral_skewness": {
        "dmean": 0.183515265584,
        "dmean2": 0.281024485826,
        "dvar": 0.034846842289,
        "dvar2": 0.0736221671104,
        "max": 4.72944068909,
        "mean": 1.60664021969,
        "median": 1.55875980854,
        "min": -0.356704205275,
        "var": 0.233252391219
    },
    "spectral_spread": {
        "dmean": 646550.9375,
        "dmean2": 949070.4375,
        "dvar": 635791998976,
        "dvar2": 1.25138344346e+12,
        "max": 16904920,
        "mean": 5204004.5,
        "median": 4988099.5,
        "min": 1917638.5,
        "var": 2.93403885568e+12
    },
    "spectral_strongpeak": {
        "dmean": 0.863208115101,
        "dmean2": 1.43705797195,
        "dvar": 1.45907688141,
        "dvar2": 3.53739762306,
        "max": 11.528096199,
        "mean": 1.99804973602,
        "median": 1.19893991947,
        "min": 0,
        "var": 4.2831902504
    },
    "zerocrossingrate": {
        "dmean": 0.014933145605,
        "dmean2": 0.0168636571616,
        "dvar": 0.000395594426664,
        "dvar2": 0.000417348230258,
        "max": 0.7001953125,
        "mean": 0.0851683542132,
        "median": 0.0751953125,
        "min": 0.00830078125,
        "var": 0.00256991153583
    },
    "barkbands": {
        "dmean": [8.34724924061e-05, 0.00148737663403, 0.0013470898848, 0.00100108888, 0.00104904605541, 0.00105366390198, 0.000661419471726, 0.00049532315461, 0.000705254205968, 0.00112189527135, 0.0013848466333, 0.000958523305599, 0.000760632043239, 0.000491118524224, 0.000683196820319, 0.000289093906758, 0.000212449944229, 0.00017306052905, 0.000274341058685, 0.000184244767297, 0.000102653662907, 0.000125840466353, 0.00017049528833, 0.000185327531653, 0.00018780271057, 8.13255537651e-05, 4.15507315665e-07],
        "dmean2": [0.000108268999611, 0.0021830170881, 0.00223995419219, 0.00179056904744, 0.00173215719406, 0.00158611568622, 0.00105152674951, 0.000763648189604, 0.00109225267079, 0.0017378940247, 0.00215300847776, 0.00148627173621, 0.00123048759997, 0.000788293138612, 0.0010756959673, 0.000456847075839, 0.000329655886162, 0.000276672973996, 0.000433572655311, 0.000282160151983, 0.000152553227963, 0.000182131348993, 0.000243995440542, 0.000269431096967, 0.000260105414782, 0.000109021835669, 7.26110442884e-07],
        "dvar": [2.08105674915e-08, 8.24484413897e-06, 1.5247373085e-05, 1.01325094874e-05, 5.42737370779e-06, 8.18773150968e-06, 5.93666436544e-06, 3.91492631024e-06, 3.75103923034e-06, 8.19318756839e-06, 9.05631623027e-06, 5.6311669141e-06, 2.46868330578e-06, 8.64964704306e-07, 1.98281168196e-06, 4.57595604075e-07, 1.66876176877e-07, 7.75817525778e-08, 2.03599711313e-07, 7.11232317485e-08, 2.6154902244e-08, 4.89059779341e-08, 1.06325714455e-07, 1.18800798532e-07, 1.28981326952e-07, 1.63527591468e-08, 1.26109929791e-12],
        "dvar2": [3.8085385512e-08, 1.60519830388e-05, 3.99445525545e-05, 2.79383984889e-05, 1.26145350805e-05, 1.52933280333e-05, 1.30437083499e-05, 9.01836483536e-06, 8.53506935528e-06, 1.82133881026e-05, 1.9883564164e-05, 1.30143544084e-05, 6.28754696663e-06, 2.19312255467e-06, 4.93357993037e-06, 1.09081895516e-06, 3.55330740831e-07, 1.90565003777e-07, 5.02468594732e-07, 1.58323345545e-07, 5.39695008683e-08, 9.69598019651e-08, 2.10751736063e-07, 2.47575258072e-07, 2.49721466616e-07, 2.92539308333e-08, 3.61797722857e-12],
        "max": [0.00210250401869, 0.0313013121486, 0.0388391390443, 0.029281783849, 0.063106700778, 0.0694105997682, 0.0740435644984, 0.0455789379776, 0.0419655740261, 0.0686967670918, 0.0720494911075, 0.0664888471365, 0.0261246077716, 0.0208272766322, 0.0281927920878, 0.0233891867101, 0.0133126974106, 0.00467537995428, 0.00671005388722, 0.0051237558946, 0.00313269346952, 0.00618040654808, 0.00804401189089, 0.00930863898247, 0.00801064819098, 0.00192798813805, 2.41698799073e-05],
        "mean": [0.000184500793694, 0.00287933577783, 0.00134752842132, 0.000856737664435, 0.00177694705781, 0.0025524450466, 0.00116567371879, 0.00073909945786, 0.00124966702424, 0.00215824134648, 0.00294614513405, 0.00189296493772, 0.00168387463782, 0.000891968898941, 0.00152960524429, 0.000496037187986, 0.000378209690098, 0.000316073215799, 0.000558880215976, 0.000412311928812, 0.000177418041858, 0.000219057852519, 0.000281770626316, 0.000305146735627, 0.000277508777799, 0.000121910590678, 9.59782369137e-07],
        "median": [2.11677870539e-05, 0.000747727579437, 0.000342471379554, 0.000204329611734, 0.000568111950997, 0.000333075906383, 0.000265765498625, 0.000112895235361, 0.000230884674238, 0.000478078902233, 0.000543392146938, 0.00037855093251, 0.000362809601938, 0.000284895766526, 0.000330964103341, 0.000212288025068, 0.000193629370187, 0.000184148128028, 0.000338745565386, 0.00027289337595, 9.6534662589e-05, 8.29272030387e-05, 0.000140386313433, 0.000146972073708, 7.71330087446e-05, 3.61474558304e-05, 8.78248386016e-07],
        "min": [1.00126811783e-15, 1.03644306679e-15, 3.52808280773e-16, 3.49625872111e-16, 1.42950701189e-15, 9.50694427526e-16, 1.02251466876e-15, 9.93426392682e-16, 8.71087571226e-16, 1.59535542769e-15, 1.45769425668e-15, 4.10566059842e-15, 1.92806179551e-14, 1.77893436066e-14, 6.55484535397e-15, 2.29223420911e-15, 8.40686807007e-15, 2.10748217787e-14, 7.68151479382e-15, 1.19573938628e-14, 1.45872880154e-14, 2.66503517795e-14, 1.59889666069e-14, 2.79722246207e-14, 1.97447920102e-14, 3.08924028936e-14, 2.40744534361e-14],
        "var": [9.85924231145e-08, 2.25015483011e-05, 1.21943467093e-05, 6.68404891258e-06, 1.57996728376e-05, 4.59152106487e-05, 1.46032325574e-05, 7.05913407728e-06, 9.76554019871e-06, 2.65209146164e-05, 3.58451761713e-05, 2.08784222195e-05, 9.95609116217e-06, 2.17673050429e-06, 7.6164174061e-06, 7.80110269716e-07, 4.28849887157e-07, 1.68704488601e-07, 4.55950441847e-07, 2.10349568874e-07, 5.27953289975e-08, 1.04349005881e-07, 1.88610997043e-07, 1.97001881475e-07, 2.30133451851e-07, 3.19819122296e-08, 8.09867906244e-13]
    },
    "erbbands": {
        "dmean": [0.0473351813853, 0.358579128981, 1.29087603092, 2.27730822563, 3.41033315659, 3.33304405212, 6.8144197464, 9.02996826172, 8.98571109772, 9.86888313293, 11.1436300278, 15.4623756409, 26.0793037415, 45.9005317688, 44.8125839233, 35.5091247559, 34.2412910461, 24.7846393585, 31.0451145172, 24.6452236176, 12.8085918427, 10.9796657562, 8.98900604248, 12.6042947769, 11.889881134, 7.70264387131, 4.56556129456, 4.2659330368, 4.89059400558, 3.98731589317, 4.89265680313, 3.72450184822, 3.29490399361, 2.19549274445, 1.35776531696, 0.663623690605, 0.0518276952207, 0.00189377437346, 0.000117254341603, 1.54724330059e-05],
        "dmean2": [0.063020683825, 0.506590723991, 2.03012990952, 3.73613381386, 6.16870450974, 5.35638952255, 9.96148681641, 13.5825071335, 13.984082222, 15.2544355392, 16.5367412567, 23.8079490662, 40.2450752258, 70.7049789429, 67.9319839478, 53.8722763062, 54.3452758789, 39.7378005981, 48.0510063171, 38.53647995, 20.0275325775, 16.8533554077, 14.1599388123, 19.8348789215, 18.2745933533, 11.6375408173, 6.9050860405, 6.18696975708, 7.07118654251, 5.83434104919, 7.05736637115, 5.29893016815, 4.8288640976, 3.075060606, 1.9057816267, 0.885296046734, 0.0709774494171, 0.00268309563398, 0.000182620569831, 2.16107055167e-05],
        "dvar": [0.00677354773507, 0.543989062309, 11.9865665436, 42.1019134521, 87.6618728638, 62.3610496521, 529.225708008, 656.928039551, 1111.68640137, 1479.57312012, 1645.9642334, 1770.37561035, 5046.41308594, 11006.5019531, 11468.7841797, 8719.63769531, 4991.74511719, 1940.42346191, 4264.04833984, 2146.88134766, 798.843505859, 436.481750488, 225.574310303, 550.278198242, 302.076934814, 121.332038879, 47.0074119568, 49.3098526001, 78.2873458862, 51.3077545166, 88.251121521, 52.2362785339, 34.2501220703, 17.1278896332, 6.79943466187, 1.1073486805, 0.00707247992977, 7.47023022996e-06, 6.37052721686e-08, 3.81041781461e-10],
        "dvar2": [0.0125533575192, 1.02546203136, 29.2749557495, 100.853607178, 249.597396851, 138.387298584, 918.039672852, 1243.89099121, 2459.4128418, 3190.68603516, 3466.62695312, 4100.24707031, 11062.2705078, 24631.2207031, 25742.25, 20114.0878906, 12599.3183594, 4990.88085938, 10517.9111328, 5210.94433594, 1895.97351074, 920.782470703, 526.034851074, 1363.14904785, 677.643554688, 252.820739746, 98.7188873291, 99.7652664185, 156.964157104, 103.751029968, 177.283248901, 106.253311157, 69.0000839233, 31.1467437744, 13.9963598251, 2.00608110428, 0.0138114178553, 1.5167298443e-05, 1.73456385255e-07, 7.51016027145e-10],
        "max": [1.04065048695, 7.63908243179, 35.3593864441, 62.7699508667, 96.2040710449, 263.90914917, 684.013427734, 730.580444336, 1186.9654541, 1107.14501953, 1240.43579102, 838.463745117, 2180.14038086, 2392.84472656, 3036.47021484, 2503.1159668, 1427.28564453, 1001.96337891, 1625.86108398, 923.893859863, 961.58203125, 747.64050293, 308.93649292, 350.288299561, 487.942047119, 209.975387573, 105.586860657, 138.860671997, 249.149597168, 206.266891479, 244.341720581, 208.677032471, 118.119239807, 95.2864685059, 50.9043617249, 17.0599403381, 1.1826581955, 0.0368569530547, 0.00521493656561, 0.000339227117365],
        "mean": [0.100095830858, 0.576439797878, 1.4551898241, 2.4332420826, 3.62956094742, 6.01016521454, 17.28565979, 19.346282959, 16.1619586945, 16.2241802216, 18.9475536346, 28.2414207458, 52.9380760193, 103.208198547, 99.4718704224, 79.5480422974, 80.8727798462, 53.2890052795, 69.6234130859, 55.7466278076, 24.8616428375, 21.1343860626, 17.7198295593, 23.9607887268, 28.720281601, 18.6149806976, 9.21953201294, 7.22421836853, 8.39822864532, 6.67439079285, 8.02207279205, 6.44521427155, 5.18131160736, 3.29687333107, 1.97127830982, 1.006311059, 0.0727787017822, 0.00354011589661, 0.000200413283892, 4.87435499963e-05],
        "median": [0.0140074351802, 0.159668460488, 0.402003496885, 0.684329986572, 1.34070312977, 1.72771406174, 1.82759332657, 3.14193820953, 4.26864957809, 4.22721719742, 3.46769714355, 6.38896179199, 13.2859487534, 28.5944423676, 28.1236515045, 21.6493797302, 21.7715034485, 24.7194461823, 21.3264846802, 20.2207622528, 14.3047914505, 11.412604332, 10.3710451126, 14.3854064941, 19.0333175659, 12.7247552872, 5.71738815308, 3.40317201614, 3.00653219223, 3.20046758652, 4.04598474503, 3.03229236603, 2.39395093918, 1.0338653326, 0.52105897665, 0.29426753521, 0.0248843058944, 0.00214533694088, 0.000141615702887, 4.55651716038e-05],
        "min": [4.49907885741e-14, 1.82494956104e-13, 4.01974243822e-13, 8.46212802521e-13, 2.36649740602e-12, 5.36968863471e-12, 7.54215440102e-12, 7.74714060264e-12, 1.19533922691e-11, 1.95075622322e-11, 2.1908582587e-11, 2.03820450101e-11, 3.080017838e-11, 6.90804011216e-11, 5.72476163696e-11, 2.41644315668e-10, 8.35425117973e-10, 9.77360414822e-10, 5.58319557253e-10, 2.37847741502e-10, 1.14019252373e-10, 5.3754184437e-10, 1.26167476466e-09, 4.63021676556e-10, 3.53925388996e-10, 5.85037074341e-10, 6.86985635046e-10, 5.54125856311e-10, 1.21723897628e-09, 4.5444156771e-10, 5.62514645974e-10, 4.85538331763e-10, 4.42554992652e-10, 2.1835874775e-10, 1.83994097736e-10, 9.50638040509e-11, 5.29186729159e-11, 1.96510672318e-11, 3.73040964438e-12, 3.92686778277e-13],
        "var": [0.0264566317201, 1.18343353271, 11.805724144, 37.9909820557, 61.4160499573, 233.768692017, 3193.77197266, 3080.34228516, 2475.82421875, 2803.765625, 3819.64648438, 4702.45849609, 17247.8632812, 44251.9023438, 42603.90625, 34667.8867188, 20919.3398438, 5366.86572266, 15852.0986328, 7571.82714844, 1425.32946777, 1316.84204102, 572.625732422, 957.083374023, 1119.83630371, 418.596801758, 115.12323761, 96.4787139893, 163.257415771, 97.5160140991, 152.641418457, 92.4493637085, 57.3824615479, 31.5798435211, 11.3697834015, 2.18160247803, 0.0120181180537, 1.31152419272e-05, 5.51687726613e-08, 1.02450092854e-09]
    },
    "gfcc": {
        "mean": [13.3173341751, 60.3543663025, -128.322174072, 21.707239151, -59.9644737244, 28.3836021423, -40.1311264038, 14.1160678864, -32.2890853882, 4.04570436478, -10.9111003876, 1.3718842268, -8.0868396759],
        "cov": [[5358.09570312, -1267.92858887, -609.123413086, 601.428405762, -94.0437393188, 940.99609375, -118.311035156, 338.455718994, -308.760894775, 294.725219727, -106.927619934, 50.8129806519, -67.6990737915], [-1267.92858887, 1117.13330078, 325.267791748, -248.53843689, 148.933105469, -419.223175049, 85.3569717407, -127.32624054, 106.552818298, -144.761245728, 125.438781738, -44.9730453491, 24.8824310303], [-609.123413086, 325.267791748, 1105.46276855, 297.163635254, -15.290933609, -157.746246338, -192.718292236, -41.9174041748, 24.3972606659, 23.6654453278, -48.4857826233, 79.76222229, -38.7309532166], [601.428405762, -248.53843689, 297.163635254, 450.262451172, 95.3638305664, 184.681671143, -83.1037139893, 53.4898643494, -6.04981613159, 84.133934021, -64.0405502319, 60.1133766174, -41.0396728516], [-94.0437393188, 148.933105469, -15.290933609, 95.3638305664, 327.835021973, 155.549468994, 99.6000137329, -12.0934705734, 22.467748642, 32.600944519, -21.349811554, 11.5069332123, -14.8186101913], [940.99609375, -419.223175049, -157.746246338, 184.681671143, 155.549468994, 552.075683594, 119.379058838, 62.9780807495, -65.4837875366, 131.20791626, -58.0847091675, 0.788014471531, -12.481092453], [-118.311035156, 85.3569717407, -192.718292236, -83.1037139893, 99.6000137329, 119.379058838, 231.358673096, 56.4063034058, 27.5971508026, 16.1354427338, 40.723739624, -12.557677269, 7.87900972366], [338.455718994, -127.32624054, -41.9174041748, 53.4898643494, -12.0934705734, 62.9780807495, 56.4063034058, 192.847061157, 55.0627326965, 34.2648086548, 9.26556396484, 37.0041656494, -1.83134043217], [-308.760894775, 106.552818298, 24.3972606659, -6.04981613159, 22.467748642, -65.4837875366, 27.5971508026, 55.0627326965, 150.448287964, 17.348613739, 31.0290374756, 15.062623024, 14.3699522018], [294.725219727, -144.761245728, 23.6654453278, 84.133934021, 32.600944519, 131.20791626, 16.1354427338, 34.2648086548, 17.348613739, 156.992492676, 17.3345603943, 32.611831665, -8.40767478943], [-106.927619934, 125.438781738, -48.4857826233, -64.0405502319, -21.349811554, -58.0847091675, 40.723739624, 9.26556396484, 31.0290374756, 17.3345603943, 158.243728638, 17.8935260773, 32.0464401245], [50.8129806519, -44.9730453491, 79.76222229, 60.1133766174, 11.5069332123, 0.788014471531, -12.557677269, 37.0041656494, 15.062623024, 32.611831665, 17.8935260773, 103.544532776, 26.7114982605], [-67.6990737915, 24.8824310303, -38.7309532166, -41.0396728516, -14.8186101913, -12.481092453, 7.87900972366, -1.83134043217, 14.3699522018, -8.40767478943, 32.0464401245, 26.7114982605, 92.5367736816]],
        "icov": [[0.000861829903442, -0.00136161840055, 0.00135739694815, -0.00140501430724, 0.0015455451794, -0.00178581930231, 0.00202277163044, -0.00187395780813, 0.00182459212374, -0.00105402816553, 0.000396041024942, -0.000590747105889, 0.000393235939555], [-0.00136161840055, 0.00663356110454, -0.00433667888865, 0.00413817260414, -0.00611283583567, 0.00557743618265, -0.00549871427938, 0.00401766691357, -0.00368312117644, 0.00337518076412, -0.00317069236189, 0.00341598829255, -0.00144803023431], [0.00135739694815, -0.00433667888865, 0.00464950734749, -0.00423224689439, 0.00432984763756, -0.00346335442737, 0.00453047873452, -0.00291152554564, 0.00304172281176, -0.00272059184499, 0.00212907558307, -0.0028476791922, 0.00137624074705], [-0.00140501430724, 0.00413817260414, -0.00423224689439, 0.00822165701538, -0.00542656285688, 0.00207340740599, -0.00146070099436, 0.00198484351858, -0.00357671175152, 0.00225924490951, -0.00161979452241, 0.000649102788884, 0.000442846532678], [0.0015455451794, -0.00611283583567, 0.00432984763756, -0.00542656285688, 0.0107286274433, -0.00631482200697, 0.00279429554939, -0.00183669861872, 0.0022169072181, -0.0027104425244, 0.00344015774317, -0.00439325207844, 0.00225830962881], [-0.00178581930231, 0.00557743618265, -0.00346335442737, 0.00207340740599, -0.00631482200697, 0.0101553369313, -0.00789600517601, 0.00372057408094, -0.00150124530774, -6.11585273873e-05, -0.000735945184715, 0.0042314468883, -0.00297083635814], [0.00202277163044, -0.00549871427938, 0.00453047873452, -0.00146070099436, 0.00279429554939, -0.00789600517601, 0.0149220749736, -0.00762751605362, 0.00376106356271, -0.00251419236884, -2.16798343899e-05, -0.00198885146528, 0.00193692080211], [-0.00187395780813, 0.00401766691357, -0.00291152554564, 0.00198484351858, -0.00183669861872, 0.00372057408094, -0.00762751605362, 0.0127773331478, -0.0075862086378, 0.00313694332726, -0.00101357547101, -0.00140932959039, 0.000541273504496], [0.00182459212374, -0.00368312117644, 0.00304172281176, -0.00357671175152, 0.0022169072181, -0.00150124530774, 0.00376106356271, -0.0075862086378, 0.0139778479934, -0.00498200207949, 0.000927171087824, -0.000141955475556, -0.00120915065054], [-0.00105402816553, 0.00337518076412, -0.00272059184499, 0.00225924490951, -0.0027104425244, -6.11585273873e-05, -0.00251419236884, 0.00313694332726, -0.00498200207949, 0.012147330679, -0.00376237509772, -0.00120706215966, 0.00154715881217], [0.000396041024942, -0.00317069236189, 0.00212907558307, -0.00161979452241, 0.00344015774317, -0.000735945184715, -2.16798343899e-05, -0.00101357547101, 0.000927171087824, -0.00376237509772, 0.0101877143607, -0.0026085509453, -0.00151246797759], [-0.000590747105889, 0.00341598829255, -0.0028476791922, 0.000649102788884, -0.00439325207844, 0.0042314468883, -0.00198885146528, -0.00140932959039, -0.000141955475556, -0.00120706215966, -0.0026085509453, 0.0164090134203, -0.00616693589836], [0.000393235939555, -0.00144803023431, 0.00137624074705, 0.000442846532678, 0.00225830962881, -0.00297083635814, 0.00193692080211, 0.000541273504496, -0.00120915065054, 0.00154715881217, -0.00151246797759, -0.00616693589836, 0.0146949831396]]
    },
    "melbands": {
        "dmean": [0.000405115424655, 0.000541637593415, 0.000411268789321, 0.00023228614009, 0.000209152960451, 0.000196970999241, 0.000138140632771, 0.000107256499177, 9.20095917536e-05, 0.000103365964605, 0.000136234957608, 0.000186855118955, 0.000162936805282, 0.000113838701509, 8.64055255079e-05, 7.57594025345e-05, 4.77229477838e-05, 4.99053348904e-05, 5.48724638065e-05, 2.44963939622e-05, 1.49471034092e-05, 1.2911250451e-05, 1.03874845081e-05, 8.15643670649e-06, 1.15846069093e-05, 1.0080318134e-05, 8.65684432938e-06, 5.29110593561e-06, 3.33835146193e-06, 2.59202533925e-06, 2.59622879639e-06, 3.26364533976e-06, 2.03836884793e-06, 2.53229836744e-06, 3.07554387291e-06, 2.54938208855e-06, 2.33090736401e-06, 2.70939904112e-06, 1.75703985406e-06, 1.99908276954e-06],
        "dmean2": [0.00056345842313, 0.000799075001851, 0.000667467014864, 0.000399666198064, 0.000306899455609, 0.000298385246424, 0.000216748463572, 0.000165795965586, 0.000137176903081, 0.00016031213454, 0.000208824014408, 0.000287246832158, 0.000247060728725, 0.000172932763235, 0.000128067986225, 0.000120069060358, 7.69939360907e-05, 7.718631241e-05, 8.56410260894e-05, 3.83644619433e-05, 2.33761875279e-05, 2.00735285034e-05, 1.62074429682e-05, 1.31301258079e-05, 1.83389238373e-05, 1.60011150001e-05, 1.33361836561e-05, 8.05064973974e-06, 5.15136889589e-06, 3.96288123738e-06, 3.79971106668e-06, 4.86806857225e-06, 3.03817296299e-06, 3.79838115805e-06, 4.5625988605e-06, 3.56876557817e-06, 3.4272979974e-06, 3.99219743485e-06, 2.66899610324e-06, 2.80246285911e-06],
        "dvar": [5.29414535322e-07, 1.62438084317e-06, 1.28819885958e-06, 2.73726556088e-07, 4.20409577373e-07, 2.83290802372e-07, 2.38670509134e-07, 1.67965623632e-07, 1.02072938546e-07, 8.00610138185e-08, 1.39081379302e-07, 1.87573860444e-07, 1.37240306231e-07, 8.3067227763e-08, 3.90273804385e-08, 2.68263491421e-08, 8.3868147982e-09, 1.07145829986e-08, 1.40223415102e-08, 3.28830607188e-09, 9.96319249325e-10, 6.70988209439e-10, 4.0046310712e-10, 1.92797500187e-10, 4.82224371545e-10, 2.66038219232e-10, 1.74444916845e-10, 6.80380543572e-11, 2.60212233705e-11, 1.73805934922e-11, 1.92433603774e-11, 3.70243037617e-11, 1.35818674016e-11, 2.2411508413e-11, 3.68271940721e-11, 2.43072229011e-11, 2.18683161857e-11, 2.30905468357e-11, 1.03997288212e-11, 1.4897683781e-11],
        "dvar2": [9.91748038359e-07, 3.59883028977e-06, 3.09344022753e-06, 7.35020762477e-07, 7.31500108486e-07, 5.43598730474e-07, 5.28911414222e-07, 3.75036648848e-07, 2.11909835457e-07, 1.88194718476e-07, 3.01706251093e-07, 4.20905536203e-07, 3.03641741084e-07, 1.85870263181e-07, 8.1079058134e-08, 6.68120563319e-08, 2.17285691662e-08, 2.62184141064e-08, 3.43990826934e-08, 7.99682542407e-09, 2.28779239997e-09, 1.39055134074e-09, 8.27483526145e-10, 4.92011265063e-10, 1.18619469802e-09, 6.60601295888e-10, 3.88188370337e-10, 1.42567124772e-10, 5.67391376938e-11, 3.72598236986e-11, 4.00088157049e-11, 7.88537776741e-11, 2.86639757069e-11, 4.72708330812e-11, 7.84192363823e-11, 4.68405765564e-11, 4.80406998904e-11, 4.70767834437e-11, 2.12446310544e-11, 2.81046973888e-11],
        "max": [0.00910735037178, 0.0136745683849, 0.0102273290977, 0.00877924263477, 0.0191982761025, 0.0141907129437, 0.0174874588847, 0.0110335806385, 0.00921547040343, 0.00656231958419, 0.0114467479289, 0.00971989799291, 0.0117081739008, 0.00992872565985, 0.00388309080154, 0.00342110102065, 0.00229294085875, 0.00226889387704, 0.00234320317395, 0.0019683225546, 0.0011201595189, 0.00100516306702, 0.000655763898976, 0.000310386007186, 0.00036898147664, 0.000327166111674, 0.000288157025352, 0.000196641878574, 9.63580896496e-05, 9.59012759267e-05, 7.91598286014e-05, 0.000134738045745, 0.000125606748043, 0.000123345584143, 0.000159637289471, 0.000153147499077, 0.000148437335156, 0.000107422449219, 9.9879289337e-05, 8.25255774544e-05],
        "mean": [0.000833751342725, 0.000776308355853, 0.000461010320578, 0.000322081614286, 0.000533893937245, 0.000443062686827, 0.000251319928793, 0.000170830040588, 0.000158713359269, 0.000182608753676, 0.000262205605395, 0.000402738602133, 0.000358403049177, 0.000227148193517, 0.000182433097507, 0.000168691185536, 8.89192597242e-05, 9.92147106444e-05, 0.000119077885756, 4.36429836554e-05, 2.56034509221e-05, 2.24705909204e-05, 1.81204359251e-05, 1.43196466524e-05, 1.98814177566e-05, 2.05222113436e-05, 1.91645995073e-05, 1.0995519915e-05, 6.31028615317e-06, 4.21830372943e-06, 4.15239264839e-06, 5.46036108062e-06, 3.21544416693e-06, 4.01183888243e-06, 4.74454191135e-06, 4.41384418082e-06, 3.76878801944e-06, 4.06941580877e-06, 2.74648346021e-06, 2.81020265902e-06],
        "median": [0.000167618898558, 0.000253402919043, 0.000150842635776, 0.000117959942145, 6.63431856083e-05, 6.75275368849e-05, 6.46188054816e-05, 4.06505496358e-05, 2.34737872233e-05, 3.70496927644e-05, 5.24006609339e-05, 9.31204631343e-05, 8.02095237304e-05, 5.04318268213e-05, 3.66438216588e-05, 3.73401599063e-05, 3.16676378134e-05, 2.67853029072e-05, 2.49687655014e-05, 1.69271861523e-05, 1.31524275275e-05, 1.10343544293e-05, 9.03656473383e-06, 8.19927117846e-06, 1.04013179225e-05, 1.1882574654e-05, 1.23315767269e-05, 6.44581723463e-06, 3.54413259629e-06, 2.24046812036e-06, 1.72299769474e-06, 1.81375446573e-06, 1.34829235776e-06, 1.86591512374e-06, 2.25686653721e-06, 2.03643367058e-06, 1.71373915236e-06, 1.83770066542e-06, 1.07648145331e-06, 7.12661233138e-07],
        "min": [3.92813143946e-16, 2.23206787068e-16, 1.82612905125e-16, 2.77563220634e-16, 2.69090747109e-16, 1.7642956461e-16, 1.91325075739e-16, 2.17207212998e-16, 1.76876612717e-16, 1.22181776254e-16, 1.56176000989e-16, 2.81356737098e-16, 1.85302380316e-16, 2.99258619619e-16, 1.26452426377e-15, 2.02646555169e-15, 1.80511276093e-15, 9.95103835555e-16, 4.31164942913e-16, 2.13614403638e-16, 9.44362591548e-17, 3.33530499107e-16, 1.31617760344e-15, 8.94790994161e-16, 2.97517675745e-16, 3.6209954399e-16, 1.5500376033e-16, 4.61668531637e-16, 4.93756839597e-16, 2.78144682283e-16, 2.93438603299e-16, 7.28756178175e-16, 4.696620345e-16, 1.78025334978e-16, 4.19349945029e-16, 1.39705749732e-16, 3.97323938497e-16, 3.5813265047e-16, 2.3222969966e-16, 1.4147087375e-16],
        "var": [1.79319647486e-06, 2.35440279539e-06, 1.18492346246e-06, 4.56044716657e-07, 2.58839691014e-06, 1.43086390381e-06, 5.76769991767e-07, 2.97271810723e-07, 2.62579987975e-07, 2.04985411756e-07, 4.69979795525e-07, 7.18357966889e-07, 5.18808406014e-07, 2.94637231946e-07, 1.58859876365e-07, 1.06776951725e-07, 1.99814671475e-08, 3.57191112244e-08, 5.06000148448e-08, 6.26701934792e-09, 1.88153825853e-09, 1.8286331338e-09, 1.01468922153e-09, 3.60690088907e-10, 7.91864129823e-10, 6.75173417175e-10, 5.22087317822e-10, 1.91271901095e-10, 6.32118107857e-11, 3.20240327312e-11, 3.54195422991e-11, 7.26949542229e-11, 2.51348247771e-11, 3.77943093488e-11, 5.71165718888e-11, 4.60703558636e-11, 3.42110437201e-11, 3.6712518442e-11, 1.82692645734e-11, 2.58416153059e-11]
    },
    "mfcc": {
        "mean": [-628.071716309, 94.5585708618, -8.48850250244, 2.23831987381, 4.7439789772, 5.07998991013, 9.53194141388, 4.54659032822, -6.69955205917, 5.1178445816, -6.38197994232, -3.81059765816, 1.88189899921],
        "cov": [[5578.95605469, -1802.04309082, -477.506317139, -267.247833252, 110.3567276, 439.302612305, 385.703857422, 143.105407715, 136.541763306, 101.351791382, 92.7406768799, 21.007270813, 186.142425537], [-1802.04309082, 1362.63623047, 63.1557579041, 109.096611023, -41.8006286621, -223.881164551, -76.270072937, -19.5559558868, -120.751754761, 21.9950828552, -33.5279922485, -28.1814727783, -96.411819458], [-477.506317139, 63.1557579041, 892.117126465, 291.821624756, 164.193862915, -19.9560546875, -134.377655029, -65.4563140869, -32.6343421936, -83.3729934692, 12.0901288986, 43.3605766296, -44.9226722717], [-267.247833252, 109.096611023, 291.821624756, 342.233123779, 146.665267944, -15.4422693253, -88.3286972046, 5.86714029312, -12.7846927643, -43.4534873962, 20.5786724091, 36.8658180237, -7.7032866478], [110.3567276, -41.8006286621, 164.193862915, 146.665267944, 250.406143188, 132.036224365, 5.88130331039, 18.5104084015, 37.2275161743, -11.4161605835, 9.48284912109, 25.2406711578, 11.1101264954], [439.302612305, -223.881164551, -19.9560546875, -15.4422693253, 132.036224365, 391.419403076, 155.874328613, 16.1727142334, 81.2662277222, 39.6174468994, 35.1720695496, -0.857860505581, 36.5930404663], [385.703857422, -76.270072937, -134.377655029, -88.3286972046, 5.88130331039, 155.874328613, 227.632278442, 55.2796363831, 20.7186965942, 70.3673324585, 0.262706428766, -7.76056289673, 50.349647522], [143.105407715, -19.5559558868, -65.4563140869, 5.86714029312, 18.5104084015, 16.1727142334, 55.2796363831, 147.583587646, 65.9148864746, 23.022354126, 29.884853363, 20.6064968109, 13.9848899841], [136.541763306, -120.751754761, -32.6343421936, -12.7846927643, 37.2275161743, 81.2662277222, 20.7186965942, 65.9148864746, 164.029769897, 17.0133247375, 40.1403579712, 22.9353218079, 4.18688011169], [101.351791382, 21.9950828552, -83.3729934692, -43.4534873962, -11.4161605835, 39.6174468994, 70.3673324585, 23.022354126, 17.0133247375, 129.93850708, 30.7550621033, 9.57598400116, 32.4746856689], [92.7406768799, -33.5279922485, 12.0901288986, 20.5786724091, 9.48284912109, 35.1720695496, 0.262706428766, 29.884853363, 40.1403579712, 30.7550621033, 109.347625732, 42.3746986389, 5.70871400833], [21.007270813, -28.1814727783, 43.3605766296, 36.8658180237, 25.2406711578, -0.857860505581, -7.76056289673, 20.6064968109, 22.9353218079, 9.57598400116, 42.3746986389, 98.5040588379, 47.8527755737], [186.142425537, -96.411819458, -44.9226722717, -7.7032866478, 11.1101264954, 36.5930404663, 50.349647522, 13.9848899841, 4.18688011169, 32.4746856689, 5.70871400833, 47.8527755737, 109.448272705]],
