{
"lowlevel": {
    "average_loudness": 0.97076010704,
    "barkbands_crest": {
        "dmean": 2.65188026428,
        "dmean2": 4.33015012741,
        "dvar": 5.88302516937,
        "dvar2": 15.2009372711,
        "max": 24.285905838,
        "mean": 8.35545825958,
        "median": 7.52494621277,
        "min": 2.08375859261,
        "var": 15.2194490433
    },
    "barkbands_flatness_db": {
        "dmean": 0.0183395016938,
        "dmean2": 0.0292629618198,
        "dvar": 0.000292719982099,
        "dvar2": 0.000663777289446,
        "max": 0.282982051373,
        "mean": 0.131506100297,
        "median": 0.125009924173,
        "min": 0.0553208366036,
        "var": 0.00147725455463
    },
    "barkbands_kurtosis": {
        "dmean": 1.40849900246,
        "dmean2": 2.21333384514,
        "dvar": 5.19783592224,
        "dvar2": 12.6239347458,
        "max": 68.0316314697,
        "mean": 1.0275850296,
        "median": 0.12485408783,
        "min": -1.93327474594,
        "var": 10.4902381897
    },
    "barkbands_skewness": {
        "dmean": 0.443728238344,
        "dmean2": 0.659284830093,
        "dvar": 0.181779682636,
        "dvar2": 0.394735813141,
        "max": 7.84500408173,
        "mean": 0.851180613041,
        "median": 0.77649897337,
        "min": -3.09537148476,
        "var": 0.735290706158
    },
    "barkbands_spread": {
        "dmean": 7.02927064896,
        "dmean2": 10.1617717743,
        "dvar": 62.0727272034,
        "dvar2": 111.76272583,
        "max": 108.89781189,
        "mean": 31.1972618103,
        "median": 27.504863739,
        "min": 2.93774676323,
        "var": 332.780792236
    },
    "dissonance": {
        "dmean": 0.0156989134848,
        "dmean2": 0.0265670586377,
        "dvar": 0.000254641956417,
        "dvar2": 0.000685357837938,
        "max": 0.500000059605,
        "mean": 0.473280698061,
        "median": 0.479908913374,
        "min": 0.309862494469,
        "var": 0.000526606105268
    },
    "dynamic_complexity": 2.01740264893,
    "erbbands_crest": {
        "dmean": 2.74618649483,
        "dmean2": 4.48787879944,
        "dvar": 7.33100795746,
        "dvar2": 18.2526931763,
        "max": 30.5012626648,
        "mean": 8.54374217987,
        "median": 7.21512079239,
        "min": 2.24480891228,
        "var": 21.0576095581
    },
    "erbbands_flatness_db": {
        "dmean": 0.0163217782974,
        "dmean2": 0.0241623036563,
        "dvar": 0.000254846207099,
        "dvar2": 0.000498618406709,
        "max": 0.345634460449,
        "mean": 0.169666051865,
        "median": 0.158830747008,
        "min": 0.0827641636133,
        "var": 0.00246097194031
    },
    "erbbands_kurtosis": {
        "dmean": 0.891526460648,
        "dmean2": 1.41902112961,
        "dvar": 1.64074063301,
        "dvar2": 3.97631621361,
        "max": 24.6262626648,
        "mean": 0.310350567102,
        "median": -0.251820802689,
        "min": -1.74555552006,
        "var": 3.73191928864
    },
    "erbbands_skewness": {
        "dmean": 0.389096647501,
        "dmean2": 0.585284113884,
        "dvar": 0.1350248456,
        "dvar2": 0.291503429413,
        "max": 3.82112598419,
        "mean": 0.216767162085,
        "median": 0.20095461607,
        "min": -4.40570163727,
        "var": 0.702686429024
    },
    "erbbands_spread": {
        "dmean": 7.81218719482,
        "dmean2": 11.8112831116,
        "dvar": 70.9540786743,
        "dvar2": 153.568481445,
        "max": 122.014076233,
        "mean": 39.5740737915,
        "median": 38.7755699158,
        "min": 3.40391635895,
        "var": 359.131408691
    },
    "hfc": {
        "dmean": 12.360124588,
        "dmean2": 15.8466682434,
        "dvar": 380.779693604,
        "dvar2": 621.292480469,
        "max": 312.499572754,
        "mean": 35.5047874451,
        "median": 25.8001327515,
        "min": 1.17095965446e-16,
        "var": 1046.31103516
    },
    "melbands_crest": {
        "dmean": 3.37244367599,
        "dmean2": 5.56572341919,
        "dvar": 8.55479049683,
        "dvar2": 22.0557689667,
        "max": 31.8117179871,
        "mean": 11.7048559189,
        "median": 10.9883155823,
        "min": 2.21915555,
        "var": 19.7541713715
    },
    "melbands_flatness_db": {
        "dmean": 0.0238634832203,
        "dmean2": 0.0356801636517,
        "dvar": 0.000507790071424,
        "dvar2": 0.000994212692603,
        "max": 0.362120330334,
        "mean": 0.138298243284,
        "median": 0.136952191591,
        "min": 0.00721357483417,
        "var": 0.00272324727848
    },
    "melbands_kurtosis": {
        "dmean": 3.81020951271,
        "dmean2": 5.89309453964,
        "dvar": 44.3880233765,
        "dvar2": 108.259078979,
        "max": 225.838546753,
        "mean": 6.467669487,
        "median": 3.72942495346,
        "min": -1.85979151726,
        "var": 97.0045852661
    },
    "melbands_skewness": {
        "dmean": 0.574148535728,
        "dmean2": 0.869906067848,
        "dvar": 0.327507168055,
        "dvar2": 0.74704182148,
        "max": 12.8337230682,
        "mean": 1.89174747467,
        "median": 1.74313747883,
        "min": -1.39198946953,
        "var": 1.43894255161
    },
    "melbands_spread": {
        "dmean": 11.5953626633,
        "dmean2": 16.6978702545,
        "dvar": 216.763305664,
        "dvar2": 403.485534668,
        "max": 261.37600708,
        "mean": 38.6595001221,
        "median": 30.9837856293,
        "min": 1.86913347244,
        "var": 795.145629883
    },
    "pitch_salience": {
        "dmean": 0.0687451139092,
        "dmean2": 0.111575454473,
        "dvar": 0.00357482419349,
        "dvar2": 0.00908192712814,
        "max": 0.936084270477,
        "mean": 0.595541536808,
        "median": 0.600245177746,
        "min": 0.202178478241,
        "var": 0.0112517056987
    },
    "silence_rate_20dB": {
        "dmean": 0,
        "dmean2": 0,
        "dvar": 0,
        "dvar2": 0,
        "max": 1,
        "mean": 1,
        "median": 1,
        "min": 1,
        "var": 0
    },
    "silence_rate_30dB": {
        "dmean": 0.000235626765061,
        "dmean2": 0.000471309060231,
        "dvar": 0.000235519270063,
        "dvar2": 0.00070653349394,
        "max": 1,
        "mean": 0.999882221222,
        "median": 1,
        "min": 0,
        "var": 0.000117772644444
    },
    "silence_rate_60dB": {
        "dmean": 0.00494816200808,
        "dmean2": 0.00989749003202,
        "dvar": 0.00492354761809,
        "dvar2": 0.0121570313349,
        "max": 1,
        "mean": 0.00588997546583,
        "median": 0,
        "min": 0,
        "var": 0.00585499685258
    },
    "spectral_centroid": {
        "dmean": 304.075134277,
        "dmean2": 441.961853027,
        "dvar": 101314.234375,
        "dvar2": 182034.078125,
        "max": 11313.7324219,
        "mean": 1899.36486816,
        "median": 1808.80895996,
        "min": 249.061386108,
        "var": 483859.25
    },
    "spectral_complexity": {
        "dmean": 4.98279905319,
        "dmean2": 7.11723804474,
        "dvar": 25.0569458008,
        "dvar2": 43.3626708984,
        "max": 63,
        "mean": 26.0501823425,
        "median": 25,
        "min": 0,
        "var": 114.284927368
    },
    "spectral_decrease": {
        "dmean": 1.67646529992e-09,
        "dmean2": 2.5153188421e-09,
        "dvar": 3.23922170117e-18,
        "dvar2": 6.80932888225e-18,
        "max": 2.44879253997e-29,
        "mean": -5.75536196479e-09,
        "median": -5.18278708839e-09,
        "min": -2.86102874725e-08,
        "var": 1.10722426329e-17
    },
    "spectral_energy": {
        "dmean": 0.00711638573557,
        "dmean2": 0.0104489987716,
        "dvar": 5.66567432543e-05,
        "dvar2": 0.000115461523819,
        "max": 0.119896709919,
        "mean": 0.0249424111098,
        "median": 0.0226778313518,
        "min": 1.05285236654e-20,
        "var": 0.000195502507268
    },
    "spectral_energyband_high": {
        "dmean": 0.00122347369324,
        "dmean2": 0.00149770185817,
        "dvar": 5.65719710721e-06,
        "dvar2": 8.56109272718e-06,
        "max": 0.0366945005953,
        "mean": 0.00249399361201,
        "median": 0.000905048160348,
        "min": 7.80531503414e-21,
        "var": 1.55452453328e-05
    },
    "spectral_energyband_low": {
        "dmean": 0.00266641424969,
        "dmean2": 0.00423967698589,
        "dvar": 1.95652482944e-05,
        "dvar2": 4.77653411508e-05,
        "max": 0.0593589581549,
        "mean": 0.00486588804051,
        "median": 0.00297113391571,
        "min": 5.07908819579e-23,
        "var": 3.87384934584e-05
    },
    "spectral_energyband_middle_high": {
        "dmean": 0.00269830413163,
        "dmean2": 0.00401650881395,
        "dvar": 1.44330379044e-05,
        "dvar2": 3.29213653458e-05,
        "max": 0.0607196465135,
        "mean": 0.00805269740522,
        "median": 0.00548135535792,
        "min": 1.50102140736e-21,
        "var": 6.27013723715e-05
    },
    "spectral_energyband_middle_low": {
        "dmean": 0.00425961101428,
        "dmean2": 0.00659602042288,
        "dvar": 3.26205117744e-05,
        "dvar2": 7.16140930308e-05,
        "max": 0.0753337219357,
        "mean": 0.010300623253,
        "median": 0.00747606903315,
        "min": 2.55997101994e-22,
        "var": 8.07240940048e-05
    },
    "spectral_entropy": {
        "dmean": 0.128289341927,
        "dmean2": 0.181288361549,
        "dvar": 0.0208933521062,
        "dvar2": 0.0337848328054,
        "max": 9.81591033936,
        "mean": 7.86806344986,
        "median": 7.83989238739,
        "min": 6.5246181488,
        "var": 0.112912490964
    },
    "spectral_flux": {
        "dmean": 0.0214393567294,
        "dmean2": 0.032896567136,
        "dvar": 0.000472707819426,
        "dvar2": 0.000992740620859,
        "max": 0.277286738157,
        "mean": 0.0919691994786,
        "median": 0.0866421684623,
        "min": 1.02608595232e-10,
        "var": 0.00131956499536
    },
    "spectral_kurtosis": {
        "dmean": 1.02710270882,
        "dmean2": 1.71641051769,
        "dvar": 1.3215007782,
        "dvar2": 3.77101755142,
        "max": 21.3222637177,
        "mean": 2.67025399208,
        "median": 2.31932163239,
        "min": -1.36527907848,
        "var": 4.19837331772
    },
    "spectral_rms": {
        "dmean": 0.000698256830219,
        "dmean2": 0.00100840255618,
        "dvar": 4.42688275371e-07,
        "dvar2": 8.50085370985e-07,
        "max": 0.0108153782785,
        "mean": 0.00473446073011,
        "median": 0.00470369169489,
        "min": 3.20495409725e-12,
        "var": 1.91884510059e-06
    },
    "spectral_rolloff": {
        "dmean": 813.25970459,
        "dmean2": 1212.7088623,
        "dvar": 1330272.875,
        "dvar2": 2206686,
        "max": 18626.2207031,
        "mean": 2775.20263672,
        "median": 2002.58789062,
        "min": 64.599609375,
        "var": 4832390.5
    },
    "spectral_skewness": {
        "dmean": 0.167956978083,
        "dmean2": 0.258257806301,
        "dvar": 0.0240787379444,
        "dvar2": 0.0552283786237,
        "max": 3.16213870049,
        "mean": 1.18956184387,
        "median": 1.17679655552,
        "min": -0.12796600163,
        "var": 0.142803743482
    },
    "spectral_spread": {
        "dmean": 503803.6875,
        "dmean2": 690660.1875,
        "dvar": 482094841856,
        "dvar2": 669277880320,
        "max": 40550984,
        "mean": 4818370,
        "median": 4582486.5,
        "min": 2005834.25,
        "var": 2.43722197402e+12
    },
    "spectral_strongpeak": {
        "dmean": 0.743374884129,
        "dmean2": 1.24524605274,
        "dvar": 1.20853698254,
        "dvar2": 3.03134822845,
        "max": 21.3117809296,
        "mean": 1.28798985481,
        "median": 0.751094758511,
        "min": 0,
        "var": 2.08580350876
    },
    "zerocrossingrate": {
        "dmean": 0.0158253051341,
        "dmean2": 0.0165869500488,
        "dvar": 0.000373928982299,
        "dvar2": 0.000350582966348,
        "max": 0.724609375,
        "mean": 0.094763033092,
        "median": 0.078125,
        "min": 0.01123046875,
        "var": 0.00267654680647
    },
    "barkbands": {
        "dmean": [4.48245154985e-05, 0.00187689671293, 0.00104120594915, 0.000903504376765, 0.000967769010458, 0.00128409918398, 0.000850012002047, 0.000884403765667, 0.00159825617447, 0.000934772600885, 0.000934129988309, 0.000535336032044, 0.00031073653372, 0.000528873933945, 0.000424714031396, 0.000386225292459, 0.000292805110803, 0.000269130396191, 0.000262348883552, 0.000277171464404, 0.000285838381387, 0.000238598848227, 0.000256758445175, 0.000275307742413, 0.000227405515034, 7.99194594947e-07, 1.10575126833e-09],
        "dmean2": [6.85816048644e-05, 0.00309702288359, 0.00165410188492, 0.00157612608746, 0.00160799676087, 0.00205378234386, 0.00134820293169, 0.00140037538949, 0.00255652540363, 0.00152441323735, 0.00149938766845, 0.000851629127283, 0.000504552968778, 0.000856608327013, 0.00067538494477, 0.000647990906145, 0.000485501310322, 0.00042618875159, 0.00040624695248, 0.000419955467805, 0.000401115918066, 0.000315967219649, 0.00033566186903, 0.000356309727067, 0.000309188675601, 1.34006677399e-06, 2.04071293197e-09],
        "dvar": [7.88859111367e-09, 1.26955583255e-05, 4.43047974841e-06, 4.25008192906e-06, 2.81325583273e-06, 7.0305150075e-06, 4.46570902568e-06, 5.42473526366e-06, 1.32970417326e-05, 6.47216847938e-06, 6.61617741571e-06, 1.68263397882e-06, 4.22843584147e-07, 1.11093936539e-06, 5.16295472153e-07, 5.93534139171e-07, 4.75398536537e-07, 2.00261808914e-07, 1.39457611681e-07, 1.8013795966e-07, 3.08835041096e-07, 2.44729363885e-07, 2.80151567722e-07, 3.67371654875e-07, 2.51569304055e-07, 6.775946991e-12, 2.80225940669e-18],
        "dvar2": [1.68110254606e-08, 3.39515681844e-05, 1.00313427538e-05, 1.17271683848e-05, 7.425075637e-06, 1.64904977282e-05, 1.08134527181e-05, 1.30029984575e-05, 3.19626524288e-05, 1.68212918652e-05, 1.64498160302e-05, 3.99499140258e-06, 1.01817715858e-06, 2.70941450253e-06, 1.2384278989e-06, 1.61185266734e-06, 1.26866586925e-06, 4.94665584938e-07, 3.24197969803e-07, 4.00856208671e-07, 5.88838304338e-07, 4.3058074084e-07, 4.74342044754e-07, 6.55661949622e-07, 4.83030703435e-07, 1.8463074819e-11, 8.65149526158e-18],
        "max": [0.00144216034096, 0.0538242980838, 0.0275332517922, 0.0322378724813, 0.0365001931787, 0.046201236546, 0.0435286909342, 0.0543393418193, 0.0580495744944, 0.0497142933309, 0.0456655472517, 0.0279954019934, 0.0278782472014, 0.0190126895905, 0.0131189422682, 0.0145618673414, 0.0187518745661, 0.0136825209484, 0.00908851437271, 0.00652899732813, 0.00880206003785, 0.0096581261605, 0.00924562849104, 0.0114240534604, 0.0109000755474, 7.29875464458e-05, 5.78606744739e-08],
        "mean": [5.9322497691e-05, 0.00277138780802, 0.00147038756404, 0.00104806781746, 0.00166291440837, 0.00215671746992, 0.00126817205455, 0.00126542255748, 0.0024753594771, 0.00140496902168, 0.00150158361066, 0.000888727954589, 0.000522369518876, 0.000853427278344, 0.000728068931494, 0.000605005887337, 0.000458440510556, 0.000509051489644, 0.000532249629032, 0.000548357202206, 0.000509870704263, 0.000437893701019, 0.000461014016764, 0.000446226942586, 0.000356640521204, 7.66422431298e-07, 9.25965915055e-10],
        "median": [2.04362822842e-05, 0.00142451433931, 0.000610736315139, 0.000483381038066, 0.000965250947047, 0.000816916639451, 0.000507706077769, 0.000358810299076, 0.000739372975659, 0.000281589280348, 0.000319273414789, 0.000325287051965, 0.000242412192165, 0.000364326115232, 0.000374361494323, 0.00032334701973, 0.000243580201641, 0.000340790254995, 0.000351634633262, 0.000318852631608, 0.000195588116185, 0.000123042191262, 0.000140629737871, 9.37795484788e-05, 7.40939431125e-05, 1.12920233164e-07, 4.18399953572e-10],
        "min": [1.73588842194e-23, 1.82809379776e-23, 1.35040980511e-23, 7.43413050749e-24, 1.05442373455e-22, 3.01789404692e-23, 2.82853461305e-23, 1.30566135472e-23, 3.08998899168e-23, 7.41902729215e-23, 1.39125743299e-22, 7.37508079775e-23, 5.92866835597e-23, 7.72909632846e-23, 1.75691339522e-22, 1.86246462517e-22, 8.41288222329e-23, 2.25675005359e-22, 1.87760204553e-22, 3.8790191549e-22, 4.25766431147e-22, 4.93218102754e-22, 6.74758549277e-22, 8.57748227946e-22, 1.33220204345e-21, 1.60737278208e-21, 2.45377777081e-21],
        "var": [1.17301253155e-08, 1.83749234566e-05, 5.79242805543e-06, 3.56979990102e-06, 5.08536641064e-06, 1.43840024975e-05, 6.75200226397e-06, 8.21626417746e-06, 2.27921373153e-05, 1.24126581795e-05, 1.55685011123e-05, 3.89811839341e-06, 9.34575894007e-07, 2.19294724957e-06, 1.13206306196e-06, 7.46034629628e-07, 6.04753381594e-07, 3.56359805664e-07, 3.16922239563e-07, 4.16365139699e-07, 6.83513576405e-07, 6.22229890723e-07, 6.66680136874e-07, 8.55091286667e-07, 4.87037993935e-07, 5.22860530913e-12, 2.16057115137e-18]
    },
    "erbbands": {
        "dmean": [0.0519424155354, 0.443751573563, 1.06319820881, 2.20388364792, 3.23387646675, 2.97764348984, 6.94326972961, 11.4665603638, 10.0715560913, 16.5472354889, 22.0274105072, 34.1637916565, 33.4699935913, 28.5957145691, 31.2890357971, 18.1893482208, 12.6225452423, 22.3727931976, 20.7615737915, 22.5568237305, 20.9509334564, 15.9025793076, 13.2673625946, 13.085524559, 12.9582157135, 13.2033834457, 12.1108560562, 10.8110904694, 8.80033969879, 8.12993240356, 7.29133844376, 6.32553005219, 4.43863916397, 2.91144347191, 1.50980210304, 0.121744669974, 0.00290540209971, 0.000180079208803, 2.63899455604e-05, 1.33168123284e-05],
        "dmean2": [0.082397326827, 0.736638247967, 1.65557992458, 3.66748332977, 5.50530385971, 4.89386367798, 11.2189826965, 18.3888015747, 16.1267318726, 25.9888820648, 34.7713470459, 54.566280365, 53.6513671875, 45.3840675354, 49.2444458008, 28.3907470703, 19.9837303162, 36.1970062256, 32.7444610596, 36.2957687378, 35.1394233704, 26.2387695312, 21.0087432861, 20.1107883453, 20.0290527344, 19.898223877, 17.4409255981, 15.3555498123, 11.717543602, 10.6245365143, 9.44529342651, 8.37603473663, 5.85344409943, 4.04248189926, 2.11309909821, 0.178613185883, 0.00415301229805, 0.000246388837695, 3.46853994415e-05, 1.80519455171e-05],
        "dvar": [0.011734386906, 0.675836026669, 4.07368326187, 25.64935112, 32.9327697754, 31.9128627777, 232.830444336, 643.58972168, 715.877441406, 2120.78076172, 3542.87158203, 6853.99072266, 6439.59716797, 5707.234375, 7206.86474609, 1994.7064209, 626.180297852, 2119.3293457, 1764.77612305, 1427.05944824, 2099.33666992, 1244.50195312, 455.73614502, 362.524841309, 330.745452881, 438.305969238, 481.241973877, 575.492614746, 353.617004395, 276.64251709, 228.314743042, 194.732040405, 103.124450684, 42.7985420227, 11.5151929855, 0.0729325115681, 4.03157937399e-05, 1.4733917908e-07, 2.69802202801e-09, 3.18631565577e-10],
        "dvar2": [0.0285392384976, 1.84212779999, 9.2335691452, 66.7571258545, 90.9896697998, 81.6008987427, 559.987487793, 1525.22045898, 1732.04394531, 4950.83203125, 8512.98144531, 16554.890625, 16115.4326172, 14380.2978516, 17033.5878906, 4689.65087891, 1492.74707031, 5265.89746094, 3972.24365234, 3521.8347168, 5811.62158203, 3327.37524414, 1119.85241699, 834.931152344, 744.042053223, 978.384887695, 964.862731934, 1222.63439941, 639.656860352, 462.405853271, 398.955566406, 338.414428711, 203.153167725, 82.4918746948, 23.8655033112, 0.156047001481, 8.37569750729e-05, 2.8941178698e-07, 4.91562657245e-09, 5.63564750422e-10],
        "max": [1.79854500294, 11.4421720505, 27.547668457, 79.0784454346, 129.220581055, 126.165512085, 431.08102417, 455.072845459, 655.596069336, 1174.76000977, 1517.86047363, 1402.05761719, 1603.14001465, 1783.37060547, 2539.1887207, 1302.79101562, 958.972290039, 1084.48864746, 823.135864258, 584.789978027, 1071.27441406, 952.285217285, 568.00604248, 386.173553467, 293.113555908, 421.551391602, 400.060791016, 409.240081787, 346.492248535, 297.454406738, 223.464797974, 330.084350586, 266.748199463, 156.011047363, 53.9067955017, 5.00612926483, 0.108905076981, 0.00552827352658, 0.000786247837823, 0.000306605099468],
        "mean": [0.073163330555, 0.641685783863, 1.61104011536, 2.92231106758, 4.26557064056, 5.36728382111, 11.9427242279, 18.3821430206, 14.8459424973, 26.507642746, 33.5212020874, 52.3835906982, 52.7206420898, 50.2786445618, 52.912689209, 32.5047607422, 24.4711894989, 38.5551986694, 37.914390564, 39.807598114, 33.8198890686, 27.0909061432, 26.6463737488, 27.743221283, 26.8403816223, 26.0708618164, 22.7187232971, 17.6700553894, 15.7411022186, 14.5504732132, 12.7924365997, 10.6193628311, 6.98099517822, 4.6662979126, 2.13947916031, 0.165478736162, 0.00414088089019, 0.000277825194644, 5.33208549314e-05, 4.08151463489e-05],
        "median": [0.0283946637064, 0.332844793797, 0.790661752224, 1.49100923538, 2.22515296936, 2.88918328285, 4.73802709579, 6.97834634781, 6.41755819321, 9.5291185379, 10.7311410904, 15.2779026031, 16.0472927094, 12.3192186356, 15.3658294678, 13.1664266586, 12.523815155, 18.0046367645, 18.3302001953, 21.9926967621, 18.4895496368, 15.3512859344, 18.2681083679, 18.581829071, 18.0501232147, 14.645737648, 10.4344530106, 5.61928462982, 4.31051921844, 4.01457643509, 3.77021622658, 2.75487971306, 1.23930168152, 1.07597851753, 0.361661225557, 0.030589831993, 0.000808820594102, 5.94742705289e-05, 2.4977416615e-05, 3.3947690099e-05],
        "min": [1.3849316773e-21, 1.16996993314e-21, 1.15664139987e-20, 2.38585820498e-20, 7.84874718618e-20, 5.42836087916e-19, 3.61818105713e-19, 2.01555468021e-19, 3.21423826173e-19, 3.86687187431e-19, 3.17626937915e-19, 5.80279504018e-19, 2.62805599686e-18, 3.36376904523e-18, 4.11450224596e-18, 3.35712492376e-18, 2.97636996548e-18, 4.10987789274e-18, 4.0835508018e-18, 1.21474649327e-17, 1.05207737263e-17, 5.90281254997e-18, 1.02973133653e-17, 9.2531376355e-18, 1.40705854106e-17, 2.17161049703e-17, 1.89668759058e-17, 1.61273534601e-17, 1.70021052297e-17, 1.77188357238e-17, 1.84138725791e-17, 1.63610501811e-17, 1.53982979749e-17, 1.44213960171e-17, 1.06869361133e-17, 6.24196859523e-18, 3.18582553827e-18, 1.1196651631e-18, 3.55355783026e-19, 3.45785309802e-20],
        "var": [0.0175109505653, 0.93200969696, 5.96710968018, 24.3784618378, 37.3231124878, 68.2514953613, 469.599395752, 1151.5958252, 865.180725098, 3936.81542969, 5407.49414062, 11621.7460938, 10985.1318359, 14216.4794922, 15836.3583984, 4740.13525391, 1691.43688965, 4019.71923828, 4000.11962891, 2805.29931641, 2495.65429688, 1712.91174316, 888.602844238, 820.43536377, 778.259460449, 983.086120605, 1091.30712891, 1033.4810791, 843.518981934, 700.562988281, 530.705993652, 444.133575439, 218.764343262, 84.4490280151, 19.0013446808, 0.111421152949, 6.60044388496e-05, 2.71234199545e-07, 5.71021985252e-09, 8.7216733835e-10]
    },
    "gfcc": {
        "mean": [19.9425086975, 81.0528182983, -148.423477173, 48.4301109314, -78.5168991089, 26.250951767, -42.4402389526, 15.8113861084, -19.7034568787, -2.32265114784, -6.18055868149, -12.1611652374, 2.33444976807],
        "cov": [[2805.89501953, -600.854125977, 638.356201172, 459.206726074, -198.576660156, 122.693511963, -353.670654297, 35.5232772827, -204.711029053, 160.113967896, -131.625793457, 56.0551109314, -99.6851043701], [-600.854125977, 1160.02587891, -85.8428115845, -10.4767665863, 242.548034668, -149.201644897, 230.81690979, -27.509563446, 129.411560059, -86.4353637695, 172.510116577, -120.640975952, 75.5908508301], [638.356201172, -85.8428115845, 1144.35302734, 576.797485352, -72.8231735229, 58.6082191467, -277.582336426, 19.1451663971, -67.9377593994, 135.248336792, -37.0401420593, 56.4011611938, -82.8246383667], [459.206726074, -10.4767665863, 576.797485352, 529.221252441, 23.9018421173, -12.5906829834, -134.551269531, -34.6300888062, -37.9290733337, 61.3239822388, -8.62495708466, 15.2590637207, -34.9290809631], [-198.576660156, 242.548034668, -72.8231735229, 23.9018421173, 216.703430176, 36.284450531, 108.700431824, 27.9383544922, 16.9090824127, -20.8378181458, 30.5005397797, -20.1659946442, 15.3059873581], [122.693511963, -149.201644897, 58.6082191467, -12.5906829834, 36.284450531, 225.595947266, 64.5031814575, 14.0175132751, -31.7995471954, 6.21573448181, -12.0061035156, 9.55997467041, -24.4279994965], [-353.670654297, 230.81690979, -277.582336426, -134.551269531, 108.700431824, 64.5031814575, 248.585800171, 25.6910095215, 48.1463050842, -51.9185371399, 38.405292511, -48.2474365234, 26.6718292236], [35.5232772827, -27.509563446, 19.1451663971, -34.6300888062, 27.9383544922, 14.0175132751, 25.6910095215, 127.224113464, 47.6409797668, 13.9657068253, -25.7431907654, 10.1099090576, -5.15238380432], [-204.711029053, 129.411560059, -67.9377593994, -37.9290733337, 16.9090824127, -31.7995471954, 48.1463050842, 47.6409797668, 127.151519775, -2.47057032585, 23.130027771, -14.1375637054, 18.9045848846], [160.113967896, -86.4353637695, 135.248336792, 61.3239822388, -20.8378181458, 6.21573448181, -51.9185371399, 13.9657068253, -2.47057032585, 109.639457703, 7.75138139725, 28.3518047333, -23.9659690857], [-131.625793457, 172.510116577, -37.0401420593, -8.62495708466, 30.5005397797, -12.0061035156, 38.405292511, -25.7431907654, 23.130027771, 7.75138139725, 107.266395569, 6.44950437546, 19.9333667755], [56.0551109314, -120.640975952, 56.4011611938, 15.2590637207, -20.1659946442, 9.55997467041, -48.2474365234, 10.1099090576, -14.1375637054, 28.3518047333, 6.44950437546, 87.0736541748, 16.2591648102], [-99.6851043701, 75.5908508301, -82.8246383667, -34.9290809631, 15.3059873581, -24.4279994965, 26.6718292236, -5.15238380432, 18.9045848846, -23.9659690857, 19.9333667755, 16.2591648102, 72.8623733521]],
        "icov": [[0.000737165799364, -0.000494818959851, 0.000795668340288, -0.00119197368622, 0.0011899714591, -0.00129003881011, 0.00134114932735, -0.00153200037312, 0.00133931881282, -0.000781596987508, 0.000332426279783, 0.000356628850568, -0.000201919567189], [-0.000494818959851, 0.00419635558501, -0.00308767380193, 0.00272736465558, -0.00439927261323, 0.0047620437108, -0.00398625526577, 0.00318026659079, -0.00255953869782, 0.00206702528521, -0.00375951617025, 0.00297102541663, -0.00131858885288], [0.000795668340288, -0.00308767380193, 0.00568653224036, -0.00556826312095, 0.00460150139406, -0.00554150808603, 0.00559024233371, -0.00514636328444, 0.00297406269237, -0.0025394493714, 0.00171183538623, -0.00113811250776, 0.00103055476211], [-0.00119197368622, 0.00272736465558, -0.00556826312095, 0.00834312662482, -0.00597172835842, 0.00540369190276, -0.0039803981781, 0.00638258270919, -0.003559299279, 0.00173288979568, -0.0012145730434, 0.000744932505768, -0.000156279173098], [0.0011899714591, -0.00439927261323, 0.00460150139406, -0.00597172835842, 0.0125359175727, -0.00646392907947, 0.00261966628022, -0.00729363271967, 0.00496992142871, -0.00223087868653, 0.00182973849587, -0.00150422414299, 9.65750077739e-05], [-0.00129003881011, 0.0047620437108, -0.00554150808603, 0.00540369190276, -0.00646392907947, 0.0129762925208, -0.00935031566769, 0.00571150099859, -0.00244990596548, 0.00279073999263, -0.0026435109321, -6.95920825819e-05, 0.00141321751289], [0.00134114932735, -0.00398625526577, 0.00559024233371, -0.0039803981781, 0.00261966628022, -0.00935031566769, 0.0155610740185, -0.00679060956463, 0.0023950044997, -0.00148695183452, 0.000332777533913, 0.00282084709033, -0.00127571786288], [-0.00153200037312, 0.00318026659079, -0.00514636328444, 0.00638258270919, -0.00729363271967, 0.00571150099859, -0.00679060956463, 0.0182312596589, -0.00953634921461, 0.000972326903138, 0.00312186731026, -0.00299132615328, 0.00164385605603], [0.00133931881282, -0.00255953869782, 0.00297406269237, -0.003559299279, 0.00496992142871, -0.00244990596548, 0.0023950044997, -0.00953634921461, 0.0152641683817, -0.00283038872294, -0.00111620733514, 0.00205504079349, -0.0022988372948], [-0.000781596987508, 0.00206702528521, -0.0025394493714, 0.00173288979568, -0.00223087868653, 0.00279073999263, -0.00148695183452, 0.000972326903138, -0.00283038872294, 0.0144465556368, -0.00432794075459, -0.00264281756245, 0.00400753458962], [0.000332426279783, -0.00375951617025, 0.00171183538623, -0.0012145730434, 0.00182973849587, -0.0026435109321, 0.000332777533913, 0.00312186731026, -0.00111620733514, -0.00432794075459, 0.0169749315828, -0.00582513771951, 6.90521046636e-05], [0.000356628850568, 0.00297102541663, -0.00113811250776, 0.000744932505768, -0.00150422414299, -6.95920825819e-05, 0.00282084709033, -0.00299132615328, 0.00205504079349, -0.00264281756245, -0.00582513771951, 0.0208430364728, -0.00894240476191], [-0.000201919567189, -0.00131858885288, 0.00103055476211, -0.000156279173098, 9.65750077739e-05, 0.00141321751289, -0.00127571786288, 0.00164385605603, -0.0022988372948, 0.00400753458962, 6.90521046636e-05, -0.00894240476191, 0.0208407081664]]
    },
    "melbands": {
        "dmean": [0.00049822271103, 0.000532540027052, 0.000395384791773, 0.00020803816733, 0.000214358296944, 0.00025231949985, 0.000157433212735, 0.000182117786608, 0.000196873297682, 0.000225693234825, 0.000170778555912, 0.000118877447676, 0.000122544617625, 6.59717406961e-05, 3.76576790586e-05, 3.43371611962e-05, 4.45683799626e-05, 3.84297818528e-05, 3.33970383508e-05, 2.75623242487e-05, 2.58596210188e-05, 1.92365696421e-05, 1.13936148409e-05, 1.52107513713e-05, 1.10861146823e-05, 1.11818199002e-05, 1.00924198705e-05, 9.32017155719e-06, 8.78718401509e-06, 6.90069509801e-06, 6.14873442828e-06, 5.08456787429e-06, 4.97591327075e-06, 4.71349039799e-06, 4.36465779785e-06, 4.26614633398e-06, 3.84068880521e-06, 3.28444639308e-06, 2.68387930191e-06, 2.49902018368e-06],
        "dmean2": [0.000815738050733, 0.000828750256915, 0.000653310446069, 0.000351007009158, 0.000345528766047, 0.000403739250032, 0.000251052348176, 0.000286017748294, 0.000313398079015, 0.000359883153578, 0.000275495054666, 0.000189450758626, 0.000194456675672, 0.000104239028587, 5.89602641412e-05, 5.5897362472e-05, 7.21210162737e-05, 6.14769596723e-05, 5.32324193045e-05, 4.5549517381e-05, 4.36443406215e-05, 3.21606457874e-05, 1.8310987798e-05, 2.44158454734e-05, 1.72372110683e-05, 1.75184668478e-05, 1.58722468768e-05, 1.43287170431e-05, 1.30210510179e-05, 1.02995654743e-05, 8.85152712726e-06, 6.95551079843e-06, 6.94256732459e-06, 6.3148895606e-06, 5.75078092879e-06, 5.89054434386e-06, 5.17967055202e-06, 4.43135286332e-06, 3.65831374438e-06, 3.61607999366e-06],
        "dvar": [9.71489157564e-07, 8.45759416279e-07, 6.53942436202e-07, 1.36438487175e-07, 1.97317604034e-07, 2.93923591244e-07, 1.52623670147e-07, 2.30491693287e-07, 2.95564774433e-07, 2.92410334168e-07, 1.72588869418e-07, 9.98375924155e-08, 1.07957120576e-07, 3.08758245637e-08, 8.61795879104e-09, 4.52297088671e-09, 8.76532624261e-09, 7.49722151028e-09, 3.45432882298e-09, 2.65098631935e-09, 3.55300922017e-09, 2.07740091795e-09, 3.69799524336e-10, 8.76255457083e-10, 2.62955518471e-10, 3.08836678453e-10, 2.28733768037e-10, 2.40071545976e-10, 2.74533062949e-10, 1.83872098103e-10, 2.02306171815e-10, 1.24348989439e-10, 1.00133699943e-10, 1.01381049389e-10, 8.84418718816e-11, 7.31277677302e-11, 8.10188721667e-11, 5.77644321265e-11, 4.07820756332e-11, 3.25008041313e-11],
        "dvar2": [2.55062354881e-06, 1.94025665223e-06, 1.68860526628e-06, 3.72003057691e-07, 4.79794152852e-07, 6.92268372404e-07, 3.68072562651e-07, 5.42698387562e-07, 7.14672012236e-07, 7.02363934124e-07, 4.3493736257e-07, 2.53102626857e-07, 2.5908735779e-07, 7.51132773757e-08, 1.82993709075e-08, 1.11712994411e-08, 2.14865387704e-08, 1.72549494692e-08, 8.39436076205e-09, 6.98517998998e-09, 9.8072465704e-09, 5.58076251878e-09, 8.90514662011e-10, 2.22400675653e-09, 6.15925255243e-10, 7.28089477597e-10, 5.46387712852e-10, 5.53154855254e-10, 6.05671013343e-10, 3.91814691802e-10, 4.42794551025e-10, 2.3105901914e-10, 1.91653651282e-10, 1.80863823918e-10, 1.59493487861e-10, 1.35950820046e-10, 1.46166981296e-10, 1.20014512217e-10, 8.00218780128e-11, 6.693355592e-11],
        "max": [0.015034201555, 0.0135037032887, 0.0124473841861, 0.00931677687913, 0.0114455157891, 0.00886036269367, 0.00967780593783, 0.0114893419668, 0.0118012167513, 0.00896480679512, 0.0083617772907, 0.00665511703119, 0.00664625829086, 0.00369679857977, 0.00366429029964, 0.00162131548859, 0.00245303218253, 0.00176568666939, 0.000984524958767, 0.000990962493233, 0.00146828114521, 0.00128039577976, 0.000576392456423, 0.00100979127456, 0.000352874281816, 0.000364156177966, 0.000239959612372, 0.000380510929972, 0.000337409117492, 0.000239787186729, 0.000209433404962, 0.000277366256341, 0.000154111417942, 0.000216992324567, 0.000152725726366, 0.000178246336873, 0.000239491506363, 0.000237310145167, 0.000123749661725, 0.000150448046043],
        "mean": [0.000717612158041, 0.000874826451764, 0.000553962541744, 0.000328141410137, 0.000388477375964, 0.000413562491303, 0.000235097642872, 0.000287474977085, 0.000291248608846, 0.0003414589155, 0.000262357061729, 0.000200215916266, 0.000200496258913, 0.000107810818008, 6.37547127553e-05, 5.76834208914e-05, 7.23570628907e-05, 6.30996946711e-05, 5.65035770705e-05, 4.41951087851e-05, 3.82259349863e-05, 2.90054722427e-05, 2.10787165997e-05, 2.67001887551e-05, 2.16094813368e-05, 2.13350231206e-05, 1.82009789569e-05, 1.68650349224e-05, 1.51618005475e-05, 1.16038218039e-05, 9.37724598771e-06, 8.55097187014e-06, 8.89806233317e-06, 7.80931350164e-06, 7.15358009984e-06, 7.49352420826e-06, 6.0796978687e-06, 5.15362444276e-06, 3.90308696296e-06, 3.97972507926e-06],
        "median": [0.000338556303177, 0.000510442187078, 0.000319855287671, 0.000191177052329, 0.000169280712726, 0.000159736140631, 0.000104567145172, 0.000101036122942, 8.17926629679e-05, 9.62039848673e-05, 7.11066968506e-05, 4.37631388195e-05, 4.93411935167e-05, 3.34230753651e-05, 2.56440544035e-05, 2.76828759525e-05, 3.13990967697e-05, 2.50952725764e-05, 2.82917189907e-05, 2.37330623349e-05, 1.87761506822e-05, 1.49383158714e-05, 1.37376036946e-05, 1.70330858964e-05, 1.37797333082e-05, 1.3702515389e-05, 1.13682626761e-05, 8.75105615705e-06, 6.94446862326e-06, 4.25581538366e-06, 2.64469417743e-06, 2.13525345316e-06, 2.70687951343e-06, 1.99986925509e-06, 1.90944138012e-06, 2.30170303439e-06, 1.31705462536e-06, 8.97788765997e-07, 6.10398615208e-07, 9.81697667157e-07],
        "min": [9.40914160247e-24, 4.32278302792e-24, 4.63669089806e-24, 2.14077806575e-23, 1.74030478083e-23, 4.81812259537e-24, 5.32189903021e-24, 3.61776620401e-24, 2.77517874355e-24, 4.18864354188e-24, 1.32156447502e-23, 1.25179051681e-23, 1.60094571772e-23, 7.24584124233e-24, 8.55860597395e-24, 7.18165794136e-24, 7.44143220403e-24, 5.37668384236e-24, 1.37192819511e-23, 1.58337273665e-23, 1.0254970098e-23, 5.81266714872e-24, 6.81252941342e-24, 1.13545435922e-23, 6.61500613694e-24, 8.01523384927e-24, 1.38726365111e-23, 1.3291104029e-23, 1.40455611324e-23, 6.46552330628e-24, 1.07725811809e-23, 1.02753787184e-23, 7.62259963294e-24, 1.10731916172e-23, 1.01086293003e-23, 1.00703600801e-23, 1.05353707067e-23, 1.05622440423e-23, 9.43962949873e-24, 1.38715289504e-23],
        "var": [1.3932086631e-06, 1.44971886584e-06, 6.77174455177e-07, 1.92756871797e-07, 4.15587777525e-07, 5.47394506611e-07, 1.96091264115e-07, 4.14088361822e-07, 4.53123277566e-07, 4.82864834339e-07, 2.9772516541e-07, 2.42124315264e-07, 2.51493844416e-07, 6.85892018737e-08, 2.30323013994e-08, 9.3555208025e-09, 1.58635895531e-08, 1.57102402198e-08, 7.41742534061e-09, 3.93431331958e-09, 4.09824618686e-09, 2.50878895436e-09, 7.82231723839e-10, 1.30129196307e-09, 5.52646095553e-10, 6.4578181691e-10, 4.28564572719e-10, 4.86178874937e-10, 5.33093846844e-10, 3.6024008776e-10, 3.34321764717e-10, 2.81679346514e-10, 2.41956760183e-10, 2.25950619326e-10, 1.88292756387e-10, 1.71848632546e-10, 1.72489245109e-10, 1.22136481484e-10, 7.53679965659e-11, 6.05362288075e-11]
    },
    "mfcc": {
        "mean": [-601.829772949, 89.6051025391, -7.0670747757, 15.004737854, -1.87754011154, 0.0731534138322, 0.0355509184301, 3.46057701111, -0.226809695363, 6.67076349258, -1.69076669216, -2.0679602623, -0.0871549546719],
        "cov": [[2076.81860352, -664.925537109, 494.780395508, 167.316299438, 136.21295166, 47.8045768738, -34.752696991, -129.299468994, -53.7639503479, -40.2577476501, -58.8448448181, -8.68691730499, 3.95855998993], [-664.925537109, 1015.17474365, -303.782775879, 61.3086433411, -22.3422355652, -53.3840255737, 104.390304565, 67.7417831421, 10.2740154266, 110.238700867, 31.2709197998, 17.8611164093, 14.992638588], [494.780395508, -303.782775879, 1139.67126465, 395.245635986, 282.37789917, 84.0717010498, -74.1648330688, -114.785415649, -78.270904541, -27.590045929, -6.96082305908, 43.9745445251, 40.8125190735], [167.316299438, 61.3086433411, 395.245635986, 467.982299805, 178.760101318, 19.4698104858, -22.0755825043, -72.1673355103, -22.424785614, -14.1599054337, -16.7094898224, 50.5562667847, 41.7554130554], [136.21295166, -22.3422355652, 282.37789917, 178.760101318, 210.556594849, 33.4363021851, 1.85328829288, -9.51679134369, -10.3734865189, 0.0612396337092, -12.0003824234, 20.6036300659, 34.6270103455], [47.8045768738, -53.3840255737, 84.0717010498, 19.4698104858, 33.4363021851, 167.171051025, 88.294090271, 11.2326641083, -11.0511217117, 2.3957555294, 5.71520805359, -3.87702727318, -3.22576999664], [-34.752696991, 104.390304565, -74.1648330688, -22.0755825043, 1.85328829288, 88.294090271, 167.565643311, 52.5176429749, -0.148250937462, 33.0578384399, 2.08040428162, -10.5039482117, -7.35116243362], [-129.299468994, 67.7417831421, -114.785415649, -72.1673355103, -9.51679134369, 11.2326641083, 52.5176429749, 129.540649414, 59.0927658081, 30.4431304932, 10.3953838348, -11.531244278, -6.94001150131], [-53.7639503479, 10.2740154266, -78.270904541, -22.424785614, -10.3734865189, -11.0511217117, -0.148250937462, 59.0927658081, 110.214767456, 32.0128631592, 15.9848003387, -3.46682786942, -5.99217319489], [-40.2577476501, 110.238700867, -27.590045929, -14.1599054337, 0.0612396337092, 2.3957555294, 33.0578384399, 30.4431304932, 32.0128631592, 95.8238449097, 29.8649845123, 1.25132441521, -13.0034542084], [-58.8448448181, 31.2709197998, -6.96082305908, -16.7094898224, -12.0003824234, 5.71520805359, 2.08040428162, 10.3953838348, 15.9848003387, 29.8649845123, 83.9328918457, 28.9763221741, 1.86266350746], [-8.68691730499, 17.8611164093, 43.9745445251, 50.5562667847, 20.6036300659, -3.87702727318, -10.5039482117, -11.531244278, -3.46682786942, 1.25132441521, 28.9763221741, 74.2897033691, 29.9181537628], [3.95855998993, 14.992638588, 40.8125190735, 41.7554130554, 34.6270103455, -3.22576999664, -7.35116243362, -6.94001150131, -5.99217319489, -13.0034542084, 1.86266350746, 29.9181537628, 73.655090332]],
