{
"lowlevel": {
    "average_loudness": 0.740044116974,
    "barkbands_crest": {
        "dmean": 2.23115444183,
        "dmean2": 3.56236290932,
        "dvar": 5.10126590729,
        "dvar2": 11.8715362549,
        "max": 26.2923126221,
        "mean": 10.1668739319,
        "median": 8.80605125427,
        "min": 2.32522463799,
        "var": 25.7373218536
    },
    "barkbands_flatness_db": {
        "dmean": 0.0179287027568,
        "dmean2": 0.0268659535795,
        "dvar": 0.000337602687068,
        "dvar2": 0.000693390262313,
        "max": 0.432515949011,
        "mean": 0.13235245645,
        "median": 0.119294315577,
        "min": 0.0208799950778,
        "var": 0.00374996755272
    },
    "barkbands_kurtosis": {
        "dmean": 3.6578681469,
        "dmean2": 5.60446071625,
        "dvar": 166.06640625,
        "dvar2": 453.51385498,
        "max": 934.118041992,
        "mean": 7.46267080307,
        "median": 0.937406301498,
        "min": -1.93291449547,
        "var": 728.895263672
    },
    "barkbands_skewness": {
        "dmean": 0.508241176605,
        "dmean2": 0.765244424343,
        "dvar": 0.456562101841,
        "dvar2": 1.02836692333,
        "max": 25.6217365265,
        "mean": 1.5582947731,
        "median": 1.06610167027,
        "min": -4.25307178497,
        "var": 3.44696807861
    },
    "barkbands_spread": {
        "dmean": 6.00749778748,
        "dmean2": 9.10715293884,
        "dvar": 80.7930755615,
        "dvar2": 174.557449341,
        "max": 105.409194946,
        "mean": 24.0332756042,
        "median": 19.8405132294,
        "min": 0.240201383829,
        "var": 316.342803955
    },
    "dissonance": {
        "dmean": 0.0203710049391,
        "dmean2": 0.0339665412903,
        "dvar": 0.000432966247899,
        "dvar2": 0.00116663624067,
        "max": 0.5,
        "mean": 0.452335238457,
        "median": 0.461458593607,
        "min": 0.219868093729,
        "var": 0.00137959746644
    },
    "dynamic_complexity": 3.84274435043,
    "erbbands_crest": {
        "dmean": 2.64270567894,
        "dmean2": 4.19140481949,
        "dvar": 7.58470678329,
        "dvar2": 17.0678958893,
        "max": 32.9700317383,
        "mean": 10.3358850479,
        "median": 8.83563423157,
        "min": 2.45674490929,
        "var": 29.8533096313
    },
    "erbbands_flatness_db": {
        "dmean": 0.0173529554158,
        "dmean2": 0.0248790290207,
        "dvar": 0.000349856360117,
        "dvar2": 0.000640384911094,
        "max": 0.374630868435,
        "mean": 0.165578305721,
        "median": 0.166413247585,
        "min": 0.0357853807509,
        "var": 0.00231392122805
    },
    "erbbands_kurtosis": {
        "dmean": 1.22311460972,
        "dmean2": 1.84205365181,
        "dvar": 6.43966770172,
        "dvar2": 13.238492012,
        "max": 105.54801178,
        "mean": 1.32388567924,
        "median": 0.113961935043,
        "min": -1.84534204006,
        "var": 27.4110488892
    },
    "erbbands_skewness": {
        "dmean": 0.369554340839,
        "dmean2": 0.550466537476,
        "dvar": 0.183972403407,
        "dvar2": 0.361803174019,
        "max": 7.78292036057,
        "mean": 0.566340506077,
        "median": 0.493287473917,
        "min": -4.94090461731,
        "var": 1.05244541168
    },
    "erbbands_spread": {
        "dmean": 7.6064414978,
        "dmean2": 11.4869413376,
        "dvar": 88.8086776733,
        "dvar2": 194.521057129,
        "max": 151.658996582,
        "mean": 36.8814697266,
        "median": 33.3733024597,
        "min": 1.57631599903,
        "var": 353.542877197
    },
    "hfc": {
        "dmean": 10.5936918259,
        "dmean2": 15.705532074,
        "dvar": 586.764892578,
        "dvar2": 1345.1640625,
        "max": 409.312194824,
        "mean": 29.1993618011,
        "median": 16.0090942383,
        "min": 2.83928454081e-08,
        "var": 1542.27990723
    },
    "melbands_crest": {
        "dmean": 2.8789908886,
        "dmean2": 4.60789823532,
        "dvar": 8.0749874115,
        "dvar2": 18.920841217,
        "max": 33.412525177,
        "mean": 13.5729818344,
        "median": 12.1164054871,
        "min": 3.0339910984,
        "var": 39.1583900452
    },
    "melbands_flatness_db": {
        "dmean": 0.0209562089294,
        "dmean2": 0.0312146712095,
        "dvar": 0.000502693583257,
        "dvar2": 0.0010332306847,
        "max": 0.547162413597,
        "mean": 0.177545174956,
        "median": 0.155604287982,
        "min": 0.0229411758482,
        "var": 0.00661298446357
    },
    "melbands_kurtosis": {
        "dmean": 6.01882553101,
        "dmean2": 9.39922428131,
        "dvar": 152.437423706,
        "dvar2": 349.45211792,
        "max": 383.809509277,
        "mean": 14.0533723831,
        "median": 4.94430446625,
        "min": -1.92133140564,
        "var": 677.232055664
    },
    "melbands_skewness": {
        "dmean": 0.610465705395,
        "dmean2": 0.936743676662,
        "dvar": 0.521072685719,
        "dvar2": 1.19111645222,
        "max": 14.9952020645,
        "mean": 2.37623023987,
        "median": 1.91364872456,
        "min": -1.61789226532,
        "var": 3.45823454857
    },
    "melbands_spread": {
        "dmean": 7.7322435379,
        "dmean2": 11.6510925293,
        "dvar": 179.766326904,
        "dvar2": 361.609008789,
        "max": 250.098083496,
        "mean": 30.141960144,
        "median": 23.9002933502,
        "min": 0.405351042747,
        "var": 743.221984863
    },
    "pitch_salience": {
        "dmean": 0.0624149180949,
        "dmean2": 0.10015116632,
        "dvar": 0.00334395444952,
        "dvar2": 0.00816758815199,
        "max": 0.874837338924,
        "mean": 0.545299172401,
        "median": 0.551748871803,
        "min": 0.0949198156595,
        "var": 0.0182316210121
    },
    "silence_rate_20dB": {
        "dmean": 0,
        "dmean2": 0,
        "dvar": 0,
        "dvar2": 0,
        "max": 1,
        "mean": 1,
        "median": 1,
        "min": 1,
        "var": 0
    },
    "silence_rate_30dB": {
        "dmean": 0.000243783521,
        "dmean2": 0.000487626472022,
        "dvar": 0.000243704780587,
        "dvar2": 0.000731124659069,
        "max": 1,
        "mean": 0.999878108501,
        "median": 1,
        "min": 0,
        "var": 0.000121857214253
    },
    "silence_rate_60dB": {
        "dmean": 0.0231594350189,
        "dmean2": 0.0463245138526,
        "dvar": 0.0226213019341,
        "dvar2": 0.0509991012514,
        "max": 1,
        "mean": 0.124070689082,
        "median": 0,
        "min": 0,
        "var": 0.108668379486
    },
    "spectral_centroid": {
        "dmean": 241.59274292,
        "dmean2": 365.256195068,
        "dvar": 106386.21875,
        "dvar2": 211897.859375,
        "max": 5693.87158203,
        "mean": 1529.5032959,
        "median": 1531.55297852,
        "min": 199.552490234,
        "var": 720130.3125
    },
    "spectral_complexity": {
        "dmean": 2.63042426109,
        "dmean2": 4.16859674454,
        "dvar": 10.5418729782,
        "dvar2": 23.2317256927,
        "max": 58,
        "mean": 16.5328464508,
        "median": 16,
        "min": 0,
        "var": 103.409698486
    },
    "spectral_decrease": {
        "dmean": 1.13648224165e-09,
        "dmean2": 1.7029841981e-09,
        "dvar": 2.69557626872e-18,
        "dvar2": 5.46843188617e-18,
        "max": -9.17203971087e-20,
        "mean": -4.10043332622e-09,
        "median": -3.54405105263e-09,
        "min": -2.68106532531e-08,
        "var": 1.06517834189e-17
    },
    "spectral_energy": {
        "dmean": 0.00491648446769,
        "dmean2": 0.00729758432135,
        "dvar": 5.15368956258e-05,
        "dvar2": 0.000102251615317,
        "max": 0.112349689007,
        "mean": 0.018124461174,
        "median": 0.0156415775418,
        "min": 2.92148770453e-12,
        "var": 0.000215936364839
    },
    "spectral_energyband_high": {
        "dmean": 0.000843000947498,
        "dmean2": 0.00123630499002,
        "dvar": 4.39319273937e-06,
        "dvar2": 9.58093824011e-06,
        "max": 0.0318110659719,
        "mean": 0.00180650758557,
        "median": 0.000459781440441,
        "min": 2.25555034719e-12,
        "var": 1.15339853437e-05
    },
    "spectral_energyband_low": {
        "dmean": 0.000759694201406,
        "dmean2": 0.00128389906604,
        "dvar": 3.81743393518e-06,
        "dvar2": 1.03032034531e-05,
        "max": 0.0408173203468,
        "mean": 0.0013772995444,
        "median": 0.000530849792995,
        "min": 8.23373622972e-14,
        "var": 6.34718935544e-06
    },
    "spectral_energyband_middle_high": {
        "dmean": 0.00215873098932,
        "dmean2": 0.00321787269786,
        "dvar": 1.97167082661e-05,
        "dvar2": 3.89675697079e-05,
        "max": 0.107997350395,
        "mean": 0.0068739708513,
        "median": 0.00355846318416,
        "min": 4.91147216213e-13,
        "var": 8.27654657769e-05
    },
    "spectral_energyband_middle_low": {
        "dmean": 0.00319108297117,
        "dmean2": 0.0048259543255,
        "dvar": 2.5496692615e-05,
        "dvar2": 5.47939198441e-05,
        "max": 0.0731484740973,
        "mean": 0.00927894283086,
        "median": 0.00705220876262,
        "min": 3.01187805978e-14,
        "var": 7.64504584367e-05
    },
    "spectral_entropy": {
        "dmean": 0.164749667048,
        "dmean2": 0.236642748117,
        "dvar": 0.03509715572,
        "dvar2": 0.0649857968092,
        "max": 8.85229206085,
        "mean": 7.4500412941,
        "median": 7.52091646194,
        "min": 4.4498667717,
        "var": 0.331296443939
    },
    "spectral_flux": {
        "dmean": 0.0180862937123,
        "dmean2": 0.0290279928595,
        "dvar": 0.000450688559795,
        "dvar2": 0.00112604349852,
        "max": 0.313597291708,
        "mean": 0.0654828250408,
        "median": 0.061252117157,
        "min": 9.69758984866e-05,
        "var": 0.00157879455946
    },
    "spectral_kurtosis": {
        "dmean": 1.10647773743,
        "dmean2": 1.78571891785,
        "dvar": 1.64504516125,
        "dvar2": 4.1042304039,
        "max": 52.1383285522,
        "mean": 4.22264719009,
        "median": 3.56659173965,
        "min": -0.841593265533,
        "var": 10.4010448456
    },
    "spectral_rms": {
        "dmean": 0.000539179425687,
        "dmean2": 0.00079191790428,
        "dvar": 4.0165559767e-07,
        "dvar2": 7.69799726186e-07,
        "max": 0.0104694534093,
        "mean": 0.00384415779263,
        "median": 0.00390641437843,
        "min": 5.3387562815e-08,
        "var": 2.90484149446e-06
    },
    "spectral_rolloff": {
        "dmean": 839.997375488,
        "dmean2": 1402.97241211,
        "dvar": 3444337,
        "dvar2": 7950737,
        "max": 16968.1640625,
        "mean": 2507.16748047,
        "median": 1614.99023438,
        "min": 107.666015625,
        "var": 7355339
    },
    "spectral_skewness": {
        "dmean": 0.182138442993,
        "dmean2": 0.27904355526,
        "dvar": 0.0388446524739,
        "dvar2": 0.0815081000328,
        "max": 6.11835098267,
        "mean": 1.56389582157,
        "median": 1.49199032784,
        "min": -0.163327142596,
        "var": 0.333641797304
    },
    "spectral_spread": {
        "dmean": 596366.6875,
        "dmean2": 851062.3125,
        "dvar": 742047350784,
        "dvar2": 1.3484710953e+12,
        "max": 19741020,
        "mean": 5246153.5,
        "median": 4760627,
        "min": 1830540.875,
        "var": 3.18581846835e+12
    },
    "spectral_strongpeak": {
        "dmean": 0.77337282896,
        "dmean2": 1.2655326128,
        "dvar": 2.30156230927,
        "dvar2": 5.81806087494,
        "max": 33.1195259094,
        "mean": 1.57015192509,
        "median": 0.769173383713,
        "min": 0,
        "var": 4.41547489166
    },
    "zerocrossingrate": {
        "dmean": 0.0148115158081,
        "dmean2": 0.0167407914996,
        "dvar": 0.000484693067847,
        "dvar2": 0.000557412509806,
        "max": 0.60546875,
        "mean": 0.0870836675167,
        "median": 0.07421875,
        "min": 0.00732421875,
        "var": 0.00377681688406
    },
    "barkbands": {
        "dmean": [2.67559585154e-06, 0.000155203029863, 0.00040823224117, 0.000619422702584, 0.00158174498938, 0.000447383179562, 0.000365977117326, 0.000676704163197, 0.000436010857811, 0.00100000214297, 0.000499813177157, 0.00040972646093, 0.000366388063412, 0.000485033815494, 0.000251686287811, 0.000223500333959, 0.000273349840427, 0.000197183471755, 0.000185819269973, 0.000192248582607, 0.000152821739903, 0.000151813976117, 0.000127765044454, 0.000137450435432, 0.000127943683765, 0.000218617802602, 5.37778687431e-05],
        "dmean2": [4.62870912088e-06, 0.000269586365903, 0.000695626542438, 0.00101222191006, 0.00246854382567, 0.000706614751834, 0.000554704107344, 0.000969884626102, 0.000684548402205, 0.00156209815759, 0.000740559247788, 0.000628734997008, 0.000566229689866, 0.000760411436204, 0.000403550540796, 0.000367697590264, 0.000450799445389, 0.000313398515573, 0.000290573836537, 0.000313149939757, 0.000242851267103, 0.000234130275203, 0.00018891657237, 0.000189197002328, 0.000185227181646, 0.000349062349414, 9.00638988242e-05],
        "dvar": [2.85575972592e-11, 3.10640189127e-07, 1.46704508097e-06, 1.86366651178e-06, 1.27893681565e-05, 8.48318279623e-07, 1.76122262019e-06, 2.89621311822e-06, 3.40384735864e-06, 6.38751998849e-06, 5.21028005096e-06, 3.56196915163e-06, 2.91030823973e-06, 1.81250254627e-06, 5.61569777346e-07, 5.79351706165e-07, 2.78761660866e-07, 1.95156090399e-07, 1.79650797349e-07, 1.84584450835e-07, 1.63460569524e-07, 1.48492588892e-07, 2.4439142976e-07, 1.90134869626e-07, 1.8726504436e-07, 7.10573715423e-07, 5.63989175362e-08],
        "dvar2": [7.9581514989e-11, 8.55266705457e-07, 3.94169092033e-06, 4.7394437388e-06, 2.85950372927e-05, 2.09389168049e-06, 3.86218607673e-06, 5.39152551937e-06, 7.57828911446e-06, 1.37816150527e-05, 8.78527316672e-06, 7.11323991709e-06, 5.99693976255e-06, 3.99109967475e-06, 1.32578725243e-06, 1.4414861198e-06, 7.08644734004e-07, 4.53403117717e-07, 3.94050289287e-07, 4.35212911043e-07, 3.94184695551e-07, 3.24203227819e-07, 5.17668297562e-07, 3.43324472851e-07, 4.14302945728e-07, 1.79673338607e-06, 1.47149634699e-07],
        "max": [0.000147350452607, 0.00830011256039, 0.0348403453827, 0.0369249545038, 0.0585564374924, 0.0234008003026, 0.0624526850879, 0.0553029626608, 0.0610719844699, 0.0713763982058, 0.0902293622494, 0.0952218994498, 0.102137900889, 0.0426294133067, 0.0181317254901, 0.0256098695099, 0.00897539686412, 0.0103348270059, 0.0162854157388, 0.0098414728418, 0.0137019380927, 0.00805624667555, 0.0222154445946, 0.0142168905586, 0.0135865621269, 0.0171456560493, 0.00501500582322],
        "mean": [3.34385572387e-06, 0.000240332257817, 0.000618326419499, 0.00124543369748, 0.00316986627877, 0.000945101724938, 0.000619397731498, 0.00140915857628, 0.000656180025544, 0.00185956573114, 0.000945472391322, 0.000729496823624, 0.00068378233118, 0.000882056367118, 0.000441107171355, 0.000447321595857, 0.000485777796712, 0.000357795215677, 0.000353659939719, 0.000373868242605, 0.000324202817865, 0.00031708239112, 0.000227827142226, 0.000249249802437, 0.000226514719543, 0.000261260924162, 5.12751976203e-05],
        "median": [9.77047875494e-07, 3.64790903404e-05, 0.000160041323397, 0.000385328778066, 0.00162310735323, 0.000487810844788, 0.000202135284781, 0.000327165238559, 0.000180382397957, 0.000520160596352, 0.000149566767504, 8.98179205251e-05, 0.00010548454884, 0.000162971147802, 0.000109988279291, 8.20656205178e-05, 0.000199571310077, 0.000131331020384, 0.000146273669088, 0.000132607703563, 9.19574740692e-05, 9.26384964259e-05, 5.08413213538e-05, 3.26715853589e-05, 1.84789932973e-05, 9.07619232748e-06, 5.85325381053e-07],
        "min": [9.15059315213e-14, 3.62605860052e-14, 4.99650336025e-15, 6.12295871252e-16, 2.75159309366e-15, 8.8564020077e-15, 1.87773418945e-15, 5.00409446953e-15, 8.10706922872e-15, 1.04670148281e-14, 1.08713748046e-14, 1.88720228138e-14, 7.38671276923e-14, 1.77303968897e-14, 2.13455453671e-14, 3.93457036158e-14, 3.7515631335e-14, 1.23717930432e-13, 1.14655219997e-13, 3.98645926111e-14, 1.41261148287e-13, 2.240109953e-13, 1.38578439089e-13, 2.62294146906e-13, 3.39377695868e-13, 5.42575912584e-13, 6.00321387653e-13],
        "var": [3.73922628971e-11, 2.92489772846e-07, 1.95633970179e-06, 6.5464846557e-06, 2.2670987164e-05, 1.79337564532e-06, 3.30579564434e-06, 1.17318932098e-05, 4.46103331342e-06, 2.02006503969e-05, 1.52035845531e-05, 8.18974785943e-06, 4.99337602378e-06, 5.38537960892e-06, 1.2167637351e-06, 2.11760470847e-06, 6.4952592993e-07, 4.148205619e-07, 4.31246974131e-07, 4.26247623864e-07, 5.85563100231e-07, 3.52902418399e-07, 4.07048588613e-07, 5.35626327292e-07, 5.09568963025e-07, 7.76685340043e-07, 4.79168171807e-08]
    },
    "erbbands": {
        "dmean": [0.00192451279145, 0.0469192303717, 0.350296407938, 1.31516909599, 4.20911931992, 5.65891981125, 4.73958492279, 3.51654458046, 4.86210536957, 10.0958156586, 12.3786697388, 10.16796875, 33.3999633789, 15.105717659, 21.7615604401, 16.3691177368, 17.3526153564, 24.2646121979, 15.035112381, 10.0910558701, 14.1493320465, 11.1909103394, 10.5826368332, 8.68422317505, 10.0035409927, 9.41783809662, 6.36897802353, 5.2459154129, 5.24248743057, 4.55205059052, 3.38321638107, 2.65403342247, 2.51047706604, 1.53050220013, 0.897384464741, 0.56534910202, 0.471534132957, 0.131145954132, 0.0104989213869, 0.000279760308331],
        "dmean2": [0.00331356772222, 0.0813049301505, 0.597283661366, 2.1778409481, 6.62462282181, 8.81816101074, 7.43014764786, 5.57704019547, 7.38844060898, 14.4195518494, 18.0161857605, 15.5182237625, 52.2419662476, 23.4092292786, 32.7283782959, 25.0511188507, 26.6523323059, 38.0605049133, 23.6814956665, 16.0788917542, 22.7082271576, 18.0563640594, 16.5352802277, 13.9906997681, 15.5180673599, 15.2855138779, 10.2402000427, 8.1640920639, 8.19696044922, 6.7066822052, 4.83988237381, 3.75397920609, 3.53577780724, 2.16041445732, 1.33333444595, 0.870362639427, 0.750323116779, 0.221582487226, 0.0176211688668, 0.000450094725238],
        "dvar": [4.10080247093e-05, 0.0274110492319, 1.19202542305, 8.62643241882, 70.3560028076, 236.057800293, 77.5042037964, 72.5114974976, 268.314025879, 1060.83630371, 1101.18603516, 1503.14758301, 7201.26074219, 4156.31640625, 11590.2675781, 6896.78173828, 7469.57275391, 4363.96289062, 1774.34240723, 577.032409668, 1972.5144043, 560.58203125, 554.429626465, 347.517425537, 679.93560791, 483.758331299, 308.102600098, 171.647598267, 154.089263916, 235.880081177, 203.33013916, 68.4674530029, 93.6594161987, 33.4811401367, 8.81495285034, 4.19198322296, 3.23704481125, 0.317325592041, 0.00212831865065, 1.35702794068e-06],
        "dvar2": [0.000112819194328, 0.0754633545876, 3.24891543388, 22.8510684967, 163.597793579, 541.910949707, 188.23260498, 176.9712677, 617.624023438, 2116.34716797, 2285.62304688, 3220.69506836, 15636.2832031, 8267.99316406, 20994.8613281, 13662.0742188, 15498.5585938, 9554.75292969, 4130.87841797, 1397.1192627, 4504.44873047, 1398.56066895, 1274.26513672, 812.496276855, 1460.03320312, 1135.0057373, 780.957702637, 391.888336182, 355.907287598, 489.698303223, 421.642364502, 136.040893555, 175.668869019, 64.0514678955, 21.5959777832, 10.1871566772, 8.0475692749, 0.835298240185, 0.00558960298076, 3.35014624397e-06],
        "max": [0.0874643325806, 2.64415407181, 32.0561904907, 84.2832336426, 174.999908447, 234.692779541, 184.519104004, 264.033538818, 728.219482422, 1138.8458252, 956.796447754, 1696.0111084, 2339.80639648, 3308.19799805, 4042.48242188, 4395.59667969, 5396.30664062, 2087.07958984, 1107.14489746, 467.659790039, 1556.88525391, 489.412750244, 573.620788574, 554.663146973, 1131.92749023, 588.622497559, 539.895690918, 492.706542969, 269.545288086, 405.121002197, 697.36505127, 261.887298584, 353.615753174, 206.432846069, 63.6987037659, 42.4192581177, 36.1371231079, 11.1522836685, 0.923749625683, 0.0224607456475],
        "mean": [0.00302166282199, 0.073947288096, 0.561957895756, 2.64064955711, 8.08751678467, 10.1032562256, 9.47393512726, 7.25363397598, 8.89341163635, 20.5616226196, 24.1866703033, 17.1689109802, 63.0807342529, 28.2197246552, 46.008846283, 33.5096740723, 34.7196540833, 46.671005249, 29.0607395172, 20.4371051788, 28.0394535065, 21.8181877136, 20.7040576935, 17.1124572754, 19.8314094543, 18.9895534515, 13.8261957169, 11.1777496338, 11.2439155579, 9.53397941589, 6.11290502548, 4.81454992294, 4.35311746597, 2.79815125465, 1.49061179161, 0.827318310738, 0.533960342407, 0.125102162361, 0.00999153405428, 0.000311479350785],
        "median": [0.000846322625875, 0.016096426174, 0.182014197111, 0.964173674583, 3.62674975395, 4.34170007706, 4.52351140976, 3.4996471405, 3.73667955399, 4.01000261307, 7.08543634415, 6.87715339661, 15.6354722977, 8.37987232208, 7.42457389832, 5.30688667297, 6.78413438797, 10.3460330963, 7.58560371399, 5.55040645599, 8.37953567505, 8.81001186371, 7.39396476746, 8.3361530304, 7.11096382141, 7.08026313782, 4.05722427368, 3.4609503746, 3.37515616417, 2.30883693695, 1.41777598858, 0.799264073372, 0.437146008015, 0.231793180108, 0.117480896413, 0.0463676638901, 0.0144699029624, 0.00253677763976, 0.000102702360891, 2.726771163e-05],
        "min": [2.17312300967e-12, 4.64771970909e-12, 6.82321994044e-12, 3.42412101277e-12, 4.18588991594e-12, 1.37597789066e-11, 2.41806817625e-11, 8.86617515516e-11, 3.60524804455e-11, 4.07854132412e-11, 1.57121482491e-10, 1.5445576762e-10, 3.29293314838e-10, 2.74095607322e-10, 4.92474061531e-10, 1.17264919997e-09, 3.68151797936e-09, 1.21914978113e-09, 1.18612974997e-09, 1.09908049328e-09, 2.4935673526e-09, 2.78003309262e-09, 5.85684967191e-09, 5.25256727002e-09, 5.28579757741e-09, 2.18759321768e-09, 4.36657732195e-09, 5.25944265917e-09, 4.62158666892e-09, 8.1774453875e-09, 3.49666096078e-09, 5.0167554555e-09, 5.21332044201e-09, 3.30113336666e-09, 2.82119927419e-09, 1.96543803455e-09, 9.37827260294e-10, 3.82990084091e-10, 1.0072146589e-10, 7.66899391214e-12],
        "var": [3.85137209378e-05, 0.0258013755083, 1.39759147167, 25.4842338562, 162.973632812, 343.807403564, 201.106369019, 128.700363159, 424.303222656, 3796.7109375, 2766.97314453, 2268.12402344, 23595.7871094, 9150.12890625, 35941.375, 17075.328125, 12302.140625, 12905.4804688, 4229.37207031, 1577.72607422, 6069.29882812, 1313.50952148, 1308.74108887, 857.35723877, 1534.77832031, 1122.47094727, 1217.44470215, 536.394775391, 392.337860107, 601.684753418, 328.091827393, 171.761810303, 222.474304199, 97.8511047363, 19.9987792969, 6.62101173401, 3.46053791046, 0.259130239487, 0.00179051642772, 1.37824497415e-06]
    },
    "gfcc": {
        "mean": [-18.0594158173, 56.7448501587, -121.954071045, 14.9347696304, -69.8557128906, 1.82636117935, -45.957069397, -3.687510252, -35.4371490479, -6.16486358643, -27.2111320496, -2.10490298271, -16.225189209],
        "cov": [[8794.98046875, -1947.93884277, -844.542541504, 190.526290894, -205.933792114, 357.661132812, 402.786132812, 591.739685059, 126.302627563, 213.817382812, -29.092458725, -78.2125091553, -235.746154785], [-1947.93884277, 1568.63378906, 159.624420166, 116.147727966, -46.2788391113, -147.746582031, -120.072715759, -241.948394775, -41.8260192871, -162.609939575, 52.5581130981, -52.249835968, 17.2624530792], [-844.542541504, 159.624420166, 1485.07348633, 226.512786865, 209.367996216, -42.6152648926, -158.51109314, -84.9748001099, -98.9192428589, -57.4329681396, -16.5632038116, 9.0810956955, 0.844723820686], [190.526290894, 116.147727966, 226.512786865, 568.958312988, 87.1676559448, 21.9961795807, 37.6434364319, 7.70515966415, 12.377371788, 18.8673191071, 3.06885695457, -42.2669258118, 16.7502861023], [-205.933792114, -46.2788391113, 209.367996216, 87.1676559448, 345.540985107, 23.9674625397, 64.8856277466, 43.1101913452, 15.6933231354, 52.505443573, -1.41107749939, 13.5843744278, 9.10450839996], [357.661132812, -147.746582031, -42.6152648926, 21.9961795807, 23.9674625397, 236.768249512, 75.3524475098, 39.8957061768, -5.6358423233, 16.0737838745, 19.9120731354, 3.89775490761, -11.8625822067], [402.786132812, -120.072715759, -158.51109314, 37.6434364319, 64.8856277466, 75.3524475098, 276.008117676, 72.1900939941, -6.64792060852, 27.7391605377, 5.39699840546, 27.9653377533, -18.9447669983], [591.739685059, -241.948394775, -84.9748001099, 7.70515966415, 43.1101913452, 39.8957061768, 72.1900939941, 234.754867554, 85.1950912476, 40.7601890564, -22.6899776459, -8.11774635315, 4.36626434326], [126.302627563, -41.8260192871, -98.9192428589, 12.377371788, 15.6933231354, -5.6358423233, -6.64792060852, 85.1950912476, 158.893112183, 57.6781921387, -12.6834478378, -33.267124176, -14.8071365356], [213.817382812, -162.609939575, -57.4329681396, 18.8673191071, 52.505443573, 16.0737838745, 27.7391605377, 40.7601890564, 57.6781921387, 132.189086914, 29.0867080688, -14.5618000031, -21.2802448273], [-29.092458725, 52.5581130981, -16.5632038116, 3.06885695457, -1.41107749939, 19.9120731354, 5.39699840546, -22.6899776459, -12.6834478378, 29.0867080688, 96.4154968262, 17.9767723083, -23.9091320038], [-78.2125091553, -52.249835968, 9.0810956955, -42.2669258118, 13.5843744278, 3.89775490761, 27.9653377533, -8.11774635315, -33.267124176, -14.5618000031, 17.9767723083, 101.128013611, 28.7549228668], [-235.746154785, 17.2624530792, 0.844723820686, 16.7502861023, 9.10450839996, -11.8625822067, -18.9447669983, 4.36626434326, -14.8071365356, -21.2802448273, -23.9091320038, 28.7549228668, 100.631324768]],
        "icov": [[0.00022094801534, 0.000222462884267, 8.89570656e-05, -0.000186517194379, 0.00018302713579, -7.89546174929e-05, -4.74095359095e-05, -0.000373022805434, 0.000176327157533, 5.29866483703e-05, 1.96527489607e-05, 7.84763833508e-05, 0.000510534911882], [0.000222462884267, 0.001315851463, 6.64420149405e-05, -0.000332039111527, -1.47253767864e-05, 0.000457007350633, -0.000251874240348, 0.00065260840347, -0.00066075270297, 0.00185635639355, -0.00142043444794, 0.00112574105151, -3.4207234421e-05], [8.89570656e-05, 6.64420149405e-05, 0.00103048374876, -0.000488412682898, -0.000655466050375, -1.15640732474e-05, 0.000856718455907, -0.000233386745094, 0.000780594069511, 0.000284456851659, 0.000376474810764, -0.000377638381906, 0.000871364958584], [-0.000186517194379, -0.000332039111527, -0.000488412682898, 0.00233555422164, -0.000311131268973, -9.5972296549e-05, -0.000680117460433, 0.00039494864177, -0.000434415473137, -0.000303272070596, -0.0004661596613, 0.00129261007532, -0.00150115240831], [0.00018302713579, -1.47253767864e-05, -0.000655466050375, -0.000311131268973, 0.00411150697619, -0.000243970411248, -0.00109759613406, -0.000698888907209, -3.31869432557e-06, -0.00193835783284, 0.000610544637311, -0.00056689948542, -0.000191802086192], [-7.89546174929e-05, 0.000457007350633, -1.15640732474e-05, -9.5972296549e-05, -0.000243970411248, 0.00510766869411, -0.00113418931141, -0.000127049948787, 0.000112061592517, 0.000834207516164, -0.00176093133632, 0.000828783435281, -0.000293430726742], [-4.74095359095e-05, -0.000251874240348, 0.000856718455907, -0.000680117460433, -0.00109759613406, -0.00113418931141, 0.00568746821955, -0.00169730139896, 0.00190312601626, -0.000885559769813, 0.00131776870694, -0.00242006406188, 0.00224549858831], [-0.000373022805434, 0.00065260840347, -0.000233386745094, 0.00039494864177, -0.000698888907209, -0.000127049948787, -0.00169730139896, 0.00790642853826, -0.00443282257766, 0.00115758902393, -0.000230578982155, 0.000861528795213, -0.00237235333771], [0.000176327157533, -0.00066075270297, 0.000780594069511, -0.000434415473137, -3.31869432557e-06, 0.000112061592517, 0.00190312601626, -0.00443282257766, 0.0112659940496, -0.00484789162874, 0.00281140278094, 0.000508300436195, 0.00231156079099], [5.29866483703e-05, 0.00185635639355, 0.000284456851659, -0.000303272070596, -0.00193835783284, 0.000834207516164, -0.000885559769813, 0.00115758902393, -0.00484789162874, 0.0142511660233, -0.00636521633714, 0.0030519948341, -0.000173538646777], [1.96527489607e-05, -0.00142043444794, 0.000376474810764, -0.0004661596613, 0.000610544637311, -0.00176093133632, 0.00131776870694, -0.000230578982155, 0.00281140278094, -0.00636521633714, 0.0159938987345, -0.00554754398763, 0.00481224060059], [7.84763833508e-05, 0.00112574105151, -0.000377638381906, 0.00129261007532, -0.00056689948542, 0.000828783435281, -0.00242006406188, 0.000861528795213, 0.000508300436195, 0.0030519948341, -0.00554754398763, 0.015032466501, -0.00545856077224], [0.000510534911882, -3.4207234421e-05, 0.000871364958584, -0.00150115240831, -0.000191802086192, -0.000293430726742, 0.00224549858831, -0.00237235333771, 0.00231156079099, -0.000173538646777, 0.00481224060059, -0.00545856077224, 0.0148966703564]]
    },
    "melbands": {
        "dmean": [2.9718152291e-05, 0.000143118289998, 0.000286891823635, 0.000366671272786, 0.000181049530511, 8.09594785096e-05, 7.33184133423e-05, 0.000119645046652, 9.7658172308e-05, 6.73370086588e-05, 0.000167907623108, 6.10556016909e-05, 7.07968429197e-05, 4.86487479066e-05, 4.33539644291e-05, 3.40470651281e-05, 5.17058251717e-05, 2.69987631327e-05, 1.65707115229e-05, 1.67777634488e-05, 1.85546341527e-05, 1.33082467073e-05, 1.21214507089e-05, 9.19875128602e-06, 7.43414057069e-06, 7.22817867427e-06, 7.88606394053e-06, 6.13754355072e-06, 4.07024936067e-06, 4.51329151474e-06, 3.17591820931e-06, 3.40574365509e-06, 2.78170546153e-06, 2.57126202996e-06, 2.05805463338e-06, 1.78031666564e-06, 1.66671372881e-06, 1.76596472556e-06, 1.65236974681e-06, 1.38178404541e-06],
        "dmean2": [5.14554194524e-05, 0.000243589063757, 0.000468297075713, 0.000572082470171, 0.000282336084638, 0.000127597537357, 0.000110826731543, 0.000169521852513, 0.000142988312291, 0.00010372284305, 0.000262717396254, 9.51916808845e-05, 0.000105667066236, 7.48136226321e-05, 6.62077727611e-05, 5.23202434124e-05, 8.15268431325e-05, 4.24991631007e-05, 2.61548466369e-05, 2.73857822322e-05, 2.97354181384e-05, 2.18963305088e-05, 1.88765807252e-05, 1.46074044096e-05, 1.21004413813e-05, 1.13641390271e-05, 1.24857742776e-05, 1.00538063634e-05, 6.58753606331e-06, 7.27166616343e-06, 5.02982948092e-06, 5.45164084542e-06, 4.12599820265e-06, 3.92043784814e-06, 2.97031510854e-06, 2.64165691988e-06, 2.42670535044e-06, 2.56315956904e-06, 2.38729398916e-06, 2.00406248041e-06],
        "dvar": [1.11033324757e-08, 1.99136565016e-07, 3.03553974845e-07, 9.17417821711e-07, 1.17178075243e-07, 3.3721491377e-08, 6.3840118969e-08, 1.33373575295e-07, 7.44071826375e-08, 6.58569518919e-08, 1.82448005148e-07, 7.2778632898e-08, 1.19824051126e-07, 3.73575304025e-08, 4.21124362049e-08, 1.84475030807e-08, 2.07022772258e-08, 5.98897464954e-09, 2.61731281093e-09, 2.71155653486e-09, 2.60116617135e-09, 8.32640290049e-10, 8.31788748989e-10, 5.08644959485e-10, 2.93537666396e-10, 3.41549399874e-10, 3.75389719309e-10, 2.26334256892e-10, 1.62320643038e-10, 2.09211592495e-10, 6.36378380547e-11, 6.29030785793e-11, 5.71612375488e-11, 8.40281108583e-11, 1.00331652708e-10, 4.21943417706e-11, 2.49381747891e-11, 3.80560444269e-11, 4.26521110097e-11, 4.00228496178e-11],
        "dvar2": [3.05961194158e-08, 5.42233749456e-07, 7.75397040798e-07, 2.05434184863e-06, 2.80397159713e-07, 8.16727734332e-08, 1.41906937756e-07, 2.53406511774e-07, 1.56681537078e-07, 1.43272842479e-07, 3.96297906491e-07, 1.46146106772e-07, 2.0627186359e-07, 7.58573435178e-08, 8.15121552478e-08, 4.01509794301e-08, 4.54473543243e-08, 1.37621238849e-08, 6.19696471915e-09, 6.66753674494e-09, 5.70724401072e-09, 2.10614858887e-09, 1.84270165793e-09, 1.2663672333e-09, 6.80668355013e-10, 7.6983802666e-10, 8.4858148286e-10, 5.2350629387e-10, 4.41623126957e-10, 4.64767502262e-10, 1.45985570854e-10, 1.53048684837e-10, 1.1652659393e-10, 1.88244489441e-10, 2.24002635885e-10, 8.53127429812e-11, 5.20444867758e-11, 7.64526358887e-11, 8.1085235748e-11, 8.51206327646e-11],
        "max": [0.00139290955849, 0.0119095472619, 0.0146090425551, 0.0159744191915, 0.006806765683, 0.00544516649097, 0.012379844673, 0.0127719799057, 0.00764605542645, 0.00975921563804, 0.0116400113329, 0.013792430982, 0.014770410955, 0.00720412284136, 0.00971321482211, 0.00776111008599, 0.00481755519286, 0.00175458425656, 0.00127220898867, 0.00158271077089, 0.00159454823006, 0.000578609877266, 0.00065662880661, 0.000777274544816, 0.000566457922105, 0.000593076983932, 0.000587865244597, 0.00046375519014, 0.000471845676657, 0.000653087568935, 0.000225458992645, 0.00017279907479, 0.000178593341843, 0.000290788710117, 0.000569381809328, 0.000185636672541, 0.000138057817821, 0.000203089861316, 0.000245392468059, 0.000249537377385],
        "mean": [4.59647962998e-05, 0.000228272183449, 0.000614807126112, 0.000689587730449, 0.000367668457329, 0.000168777012732, 0.000130972111947, 0.000249263510341, 0.000181799696293, 0.000106822335511, 0.000314573233481, 0.000105417442683, 0.000141674157931, 9.65559229371e-05, 8.20071363705e-05, 6.44950632704e-05, 9.39135425142e-05, 4.7992234613e-05, 2.90770676656e-05, 3.28759706463e-05, 3.3484211599e-05, 2.39036944549e-05, 2.16675816773e-05, 1.65818946698e-05, 1.314162364e-05, 1.30297494252e-05, 1.50275300257e-05, 1.15516595542e-05, 8.30806766317e-06, 8.25767074275e-06, 6.07936544839e-06, 6.66968389851e-06, 5.63634694117e-06, 5.00755231769e-06, 3.49247216036e-06, 3.05353410113e-06, 2.90344087261e-06, 2.94806181955e-06, 2.75808315564e-06, 2.35728725784e-06],
        "median": [8.51197091833e-06, 6.78809883539e-05, 0.000269960350124, 0.000322608830174, 0.000180612842087, 8.17604159238e-05, 5.16953514307e-05, 4.73835752928e-05, 5.32780468347e-05, 3.59234545613e-05, 7.60317780077e-05, 2.5950737836e-05, 2.26403117267e-05, 1.40628544614e-05, 1.24738207887e-05, 1.05833141788e-05, 1.76071480382e-05, 1.11996896521e-05, 6.69534119879e-06, 5.81849690207e-06, 9.53327617026e-06, 8.72494820214e-06, 5.48551952306e-06, 6.17068099018e-06, 5.65324126001e-06, 4.27506392953e-06, 5.28525288246e-06, 3.85148177884e-06, 1.96619066628e-06, 2.14517967834e-06, 1.74547915321e-06, 1.93826986106e-06, 1.44337263919e-06, 1.05539299966e-06, 8.1165597976e-07, 5.97166206262e-07, 4.06441557743e-07, 2.92096729027e-07, 2.38711976408e-07, 1.77808118451e-07],
        "min": [1.91999838066e-14, 4.38270135854e-15, 5.92427866441e-16, 6.91738561979e-16, 7.94284711618e-16, 1.88428916567e-15, 5.25523010339e-16, 4.87074014341e-16, 1.38276328694e-15, 1.00864153963e-15, 1.73233071378e-15, 1.12420573864e-15, 1.56313196504e-15, 1.94667504806e-15, 5.68706984039e-15, 7.07710384639e-15, 1.57388271896e-15, 1.88062955982e-15, 1.29197427225e-15, 2.2596621924e-15, 2.93554175651e-15, 2.35806772736e-15, 6.03942029986e-15, 4.11312719385e-15, 4.00059039647e-15, 5.5237911108e-15, 1.81362904194e-15, 1.17815040831e-15, 1.93671944632e-15, 4.9037473233e-15, 2.21516522234e-15, 1.81967601015e-15, 6.03070517786e-15, 3.32772394032e-15, 1.1217295437e-15, 3.60099370976e-15, 2.93418057456e-15, 3.78206351938e-15, 3.36318539817e-15, 2.45316475162e-15],
        "var": [1.02271204838e-08, 2.26182393703e-07, 9.71199483502e-07, 1.44030286719e-06, 2.92989369655e-07, 6.32835437386e-08, 1.10524496222e-07, 5.4954909956e-07, 1.67759694136e-07, 9.63321937775e-08, 5.99000941293e-07, 1.56694994757e-07, 3.61647636282e-07, 9.48837666215e-08, 9.33541528525e-08, 3.42590844582e-08, 6.08210299902e-08, 1.34983917377e-08, 5.36322053435e-09, 9.67641788918e-09, 6.92497792443e-09, 1.87489179737e-09, 2.11073891698e-09, 9.28116083987e-10, 6.91337154191e-10, 7.48693274044e-10, 8.05268463022e-10, 5.06759134655e-10, 7.19014070505e-10, 5.63194102465e-10, 1.61586244385e-10, 1.48731527094e-10, 1.39286360223e-10, 1.943843142e-10, 1.31628374866e-10, 8.17038797729e-11, 6.48227582722e-11, 8.78595668441e-11, 9.93588822329e-11, 8.87251869197e-11]
    },
    "mfcc": {
        "mean": [-664.784606934, 97.1436233521, -4.82290267944, 10.6827754974, -8.75229263306, -1.56891000271, -9.88784313202, -4.260201931, -8.91902828217, -7.33850336075, -10.998963356, -10.8913288116, -9.38159561157],
        "cov": [[9295.10253906, -1930.27148438, -938.854125977, -215.842483521, -447.170532227, -90.8993453979, 242.061508179, 363.636871338, 254.225692749, 374.564239502, 632.381835938, 89.9131164551, -18.0518436432], [-1930.27148438, 1213.43139648, 193.518386841, 57.1023674011, 50.5188331604, -8.17654514313, -103.886283875, -69.7808303833, -167.514312744, -126.040756226, -152.403457642, -72.8651504517, 2.74978756905], [-938.854125977, 193.518386841, 1044.89245605, 273.830352783, 276.559173584, 46.0864944458, 9.64111804962, -45.0445861816, -67.3246002197, -59.9164657593, -125.398071289, -26.0613174438, -12.3450927734], [-215.842483521, 57.1023674011, 273.830352783, 537.243103027, 148.095352173, 59.5363502502, 54.1196327209, -11.2379083633, 56.7620620728, 19.2719707489, -3.79298663139, 11.8093442917, -7.04756450653], [-447.170532227, 50.5188331604, 276.559173584, 148.095352173, 351.300506592, 24.5697135925, 10.9153375626, -41.0628738403, 49.4441108704, 22.6016044617, -30.9359912872, 26.5095329285, 15.9389352798], [-90.8993453979, -8.17654514313, 46.0864944458, 59.5363502502, 24.5697135925, 219.682342529, 91.8076171875, 14.5223884583, -24.3325500488, 3.07719898224, 5.76507043839, 21.4815654755, -3.23267412186], [242.061508179, -103.886283875, 9.64111804962, 54.1196327209, 10.9153375626, 91.8076171875, 238.44569397, 71.9169006348, 40.1272201538, 6.80934000015, 24.7545852661, 45.6472358704, 7.44065904617], [363.636871338, -69.7808303833, -45.0445861816, -11.2379083633, -41.0628738403, 14.5223884583, 71.9169006348, 161.929046631, 54.5641441345, 21.8595218658, 26.7960414886, 5.39326381683, 15.6397008896], [254.225692749, -167.514312744, -67.3246002197, 56.7620620728, 49.4441108704, -24.3325500488, 40.1272201538, 54.5641441345, 211.85585022, 81.4293289185, 27.0443172455, 25.558298111, 0.738897025585], [374.564239502, -126.040756226, -59.9164657593, 19.2719707489, 22.6016044617, 3.07719898224, 6.80934000015, 21.8595218658, 81.4293289185, 174.351699829, 92.0836639404, 24.4975509644, -16.3170642853], [632.381835938, -152.403457642, -125.398071289, -3.79298663139, -30.9359912872, 5.76507043839, 24.7545852661, 26.7960414886, 27.0443172455, 92.0836639404, 191.106521606, 48.1310539246, 1.43940412998], [89.9131164551, -72.8651504517, -26.0613174438, 11.8093442917, 26.5095329285, 21.4815654755, 45.6472358704, 5.39326381683, 25.558298111, 24.4975509644, 48.1310539246, 108.486907959, 31.4587802887], [-18.0518436432, 2.74978756905, -12.3450927734, -7.04756450653, 15.9389352798, -3.23267412186, 7.44065904617, 15.6397008896, 0.738897025585, -16.3170642853, 1.43940412998, 31.4587802887, 118.176101685]],
