{
"lowlevel": {
    "average_loudness": 0.925135076046,
    "barkbands_crest": {
        "dmean": 2.77648305893,
        "dmean2": 4.63530254364,
        "dvar": 6.71609735489,
        "dvar2": 18.1499080658,
        "max": 26.1251869202,
        "mean": 9.82682800293,
        "median": 8.65114402771,
        "min": 2.23650431633,
        "var": 22.6394176483
    },
    "barkbands_flatness_db": {
        "dmean": 0.0207419209182,
        "dmean2": 0.0334824435413,
        "dvar": 0.000461742747575,
        "dvar2": 0.00111936486792,
        "max": 0.392219603062,
        "mean": 0.15570576489,
        "median": 0.147803232074,
        "min": 0.0566828586161,
        "var": 0.00236606504768
    },
    "barkbands_kurtosis": {
        "dmean": 3.02893662453,
        "dmean2": 4.9122710228,
        "dvar": 96.135848999,
        "dvar2": 238.751113892,
        "max": 252.037414551,
        "mean": 3.82858681679,
        "median": 0.581252574921,
        "min": -1.96002495289,
        "var": 138.202835083
    },
    "barkbands_skewness": {
        "dmean": 0.528279185295,
        "dmean2": 0.811883449554,
        "dvar": 0.534290373325,
        "dvar2": 1.20413410664,
        "max": 14.0432271957,
        "mean": 1.25939583778,
        "median": 0.904175341129,
        "min": -4.63886499405,
        "var": 1.98657512665
    },
    "barkbands_spread": {
        "dmean": 5.72646331787,
        "dmean2": 8.79841995239,
        "dvar": 56.0956459045,
        "dvar2": 117.525993347,
        "max": 124.970481873,
        "mean": 24.684091568,
        "median": 21.6485710144,
        "min": 0.801976263523,
        "var": 263.924560547
    },
    "dissonance": {
        "dmean": 0.0154639985412,
        "dmean2": 0.0260420851409,
        "dvar": 0.000236765656155,
        "dvar2": 0.000634989934042,
        "max": 0.500000119209,
        "mean": 0.469103604555,
        "median": 0.476722985506,
        "min": 0.290314972401,
        "var": 0.000751928018872
    },
    "dynamic_complexity": 2.22345232964,
    "erbbands_crest": {
        "dmean": 2.50974774361,
        "dmean2": 4.04101037979,
        "dvar": 6.02364635468,
        "dvar2": 15.1296482086,
        "max": 29.4351730347,
        "mean": 8.90248298645,
        "median": 7.79158353806,
        "min": 2.26049590111,
        "var": 19.1487922668
    },
    "erbbands_flatness_db": {
        "dmean": 0.0152513096109,
        "dmean2": 0.0228012930602,
        "dvar": 0.000231403755606,
        "dvar2": 0.000454475055449,
        "max": 0.36086499691,
        "mean": 0.18285086751,
        "median": 0.180390551686,
        "min": 0.0756611078978,
        "var": 0.00211982545443
    },
    "erbbands_kurtosis": {
        "dmean": 0.85228407383,
        "dmean2": 1.34871280193,
        "dvar": 1.9723675251,
        "dvar2": 4.38469552994,
        "max": 42.7277450562,
        "mean": 0.451673269272,
        "median": -0.152345895767,
        "min": -1.82286572456,
        "var": 4.98631191254
    },
    "erbbands_skewness": {
        "dmean": 0.338091522455,
        "dmean2": 0.508371293545,
        "dvar": 0.114313013852,
        "dvar2": 0.227692037821,
        "max": 4.64176034927,
        "mean": 0.308619469404,
        "median": 0.308138132095,
        "min": -5.40569591522,
        "var": 0.778624236584
    },
    "erbbands_spread": {
        "dmean": 7.43393230438,
        "dmean2": 11.3975858688,
        "dvar": 85.8387680054,
        "dvar2": 193.56854248,
        "max": 171.446365356,
        "mean": 36.985408783,
        "median": 33.9498748779,
        "min": 3.96941614151,
        "var": 344.896057129
    },
    "hfc": {
        "dmean": 7.6474814415,
        "dmean2": 11.3131160736,
        "dvar": 291.971862793,
        "dvar2": 681.174560547,
        "max": 702.933166504,
        "mean": 25.1107387543,
        "median": 19.1069927216,
        "min": 1.12416081942e-16,
        "var": 668.376647949
    },
    "melbands_crest": {
        "dmean": 3.35744714737,
        "dmean2": 5.54482984543,
        "dvar": 8.67651367188,
        "dvar2": 23.460105896,
        "max": 36.6041374207,
        "mean": 13.2091627121,
        "median": 12.070479393,
        "min": 1.58996486664,
        "var": 32.6571578979
    },
    "melbands_flatness_db": {
        "dmean": 0.0254806019366,
        "dmean2": 0.0403593480587,
        "dvar": 0.000787040917203,
        "dvar2": 0.00177857792005,
        "max": 0.474419504404,
        "mean": 0.17096106708,
        "median": 0.158914521337,
        "min": 0.00384270236827,
        "var": 0.00434380955994
    },
    "melbands_kurtosis": {
        "dmean": 7.21447563171,
        "dmean2": 11.6194553375,
        "dvar": 428.294799805,
        "dvar2": 1035.18408203,
        "max": 489.377258301,
        "mean": 12.3262987137,
        "median": 3.99424982071,
        "min": -1.90505647659,
        "var": 716.02355957
    },
    "melbands_skewness": {
        "dmean": 0.701816439629,
        "dmean2": 1.09057092667,
        "dvar": 0.875148296356,
        "dvar2": 1.95616686344,
        "max": 16.8101959229,
        "mean": 2.28631043434,
        "median": 1.78891694546,
        "min": -1.33534765244,
        "var": 3.47146272659
    },
    "melbands_spread": {
        "dmean": 8.24388790131,
        "dmean2": 12.7202939987,
        "dvar": 190.798614502,
        "dvar2": 383.623779297,
        "max": 275.540100098,
        "mean": 30.1818122864,
        "median": 25.3255653381,
        "min": 0.651492714882,
        "var": 660.106750488
    },
    "pitch_salience": {
        "dmean": 0.0720000788569,
        "dmean2": 0.118038214743,
        "dvar": 0.00458785332739,
        "dvar2": 0.0118356281891,
        "max": 0.936296641827,
        "mean": 0.572745621204,
        "median": 0.58580493927,
        "min": 0.081361271441,
        "var": 0.016293713823
    },
    "silence_rate_20dB": {
        "dmean": 0,
        "dmean2": 0,
        "dvar": 0,
        "dvar2": 0,
        "max": 1,
        "mean": 1,
        "median": 1,
        "min": 1,
        "var": 0
    },
    "silence_rate_30dB": {
        "dmean": 0.00792275276035,
        "dmean2": 0.0158474687487,
        "dvar": 0.00785851571709,
        "dvar2": 0.0190587546676,
        "max": 1,
        "mean": 0.993192255497,
        "median": 1,
        "min": 0,
        "var": 0.00676091155037
    },
    "silence_rate_60dB": {
        "dmean": 0.00792275276035,
        "dmean2": 0.0158474687487,
        "dvar": 0.00785912852734,
        "dvar2": 0.0173296909779,
        "max": 1,
        "mean": 0.016214877367,
        "median": 0,
        "min": 0,
        "var": 0.0159508530051
    },
    "spectral_centroid": {
        "dmean": 250.389328003,
        "dmean2": 379.246185303,
        "dvar": 98217.9765625,
        "dvar2": 185288.296875,
        "max": 10747.8994141,
        "mean": 1651.28613281,
        "median": 1648.81433105,
        "min": 219.367645264,
        "var": 527991.25
    },
    "spectral_complexity": {
        "dmean": 4.03490972519,
        "dmean2": 6.17209339142,
        "dvar": 21.9661312103,
        "dvar2": 42.3409996033,
        "max": 61,
        "mean": 22.2655029297,
        "median": 22,
        "min": 0,
        "var": 108.192878723
    },
    "spectral_decrease": {
        "dmean": 2.36245822904e-09,
        "dmean2": 3.736861931e-09,
        "dvar": 1.64979419551e-17,
        "dvar2": 3.75484874783e-17,
        "max": -5.24027482275e-29,
        "mean": -6.41438813176e-09,
        "median": -5.23618437498e-09,
        "min": -7.24628748117e-08,
        "var": 2.82408890985e-17
    },
    "spectral_energy": {
        "dmean": 0.00935581512749,
        "dmean2": 0.0147275943309,
        "dvar": 0.000244708382525,
        "dvar2": 0.0005540579441,
        "max": 0.275569468737,
        "mean": 0.0264869108796,
        "median": 0.0220618005842,
        "min": 1.03942562577e-20,
        "var": 0.000432926579379
    },
    "spectral_energyband_high": {
        "dmean": 0.000582304201089,
        "dmean2": 0.000851453864016,
        "dvar": 3.51968105861e-06,
        "dvar2": 7.70730093791e-06,
        "max": 0.0635562315583,
        "mean": 0.00122085365001,
        "median": 0.000422657321906,
        "min": 7.73584963415e-21,
        "var": 8.92619937076e-06
    },
    "spectral_energyband_low": {
        "dmean": 0.00579726975411,
        "dmean2": 0.00971298292279,
        "dvar": 0.000217523906031,
        "dvar2": 0.000532211386599,
        "max": 0.271988332272,
        "mean": 0.00778128253296,
        "median": 0.00299944449216,
        "min": 8.30946445188e-23,
        "var": 0.000270224438282
    },
    "spectral_energyband_middle_high": {
        "dmean": 0.00198549381457,
        "dmean2": 0.00295472261496,
        "dvar": 7.87913904787e-06,
        "dvar2": 1.68103179021e-05,
        "max": 0.052741587162,
        "mean": 0.00663347542286,
        "median": 0.00484746089205,
        "min": 1.41368327178e-21,
        "var": 3.72851209249e-05
    },
    "spectral_energyband_middle_low": {
        "dmean": 0.00432402081788,
        "dmean2": 0.00687149865553,
        "dvar": 4.11518849432e-05,
        "dvar2": 0.000101601661299,
        "max": 0.117539592087,
        "mean": 0.0114129446447,
        "median": 0.0082290135324,
        "min": 2.5026262595e-22,
        "var": 0.000107642517833
    },
    "spectral_entropy": {
        "dmean": 0.130063951015,
        "dmean2": 0.192599862814,
        "dvar": 0.0226506665349,
        "dvar2": 0.044508818537,
        "max": 9.80294513702,
        "mean": 7.68630886078,
        "median": 7.70515584946,
        "min": 5.91818141937,
        "var": 0.146110936999
    },
    "spectral_flux": {
        "dmean": 0.0239716544747,
        "dmean2": 0.0370140597224,
        "dvar": 0.000896485173143,
        "dvar2": 0.00194805988576,
        "max": 0.421862095594,
        "mean": 0.0889351591468,
        "median": 0.0777985230088,
        "min": 1.01952224441e-10,
        "var": 0.00221425876953
    },
    "spectral_kurtosis": {
        "dmean": 1.32257807255,
        "dmean2": 2.26919984818,
        "dvar": 1.76476657391,
        "dvar2": 5.29813194275,
        "max": 19.986371994,
        "mean": 3.30896282196,
        "median": 2.94914960861,
        "min": -1.33389830589,
        "var": 4.5746307373
    },
    "spectral_rms": {
        "dmean": 0.000810724101029,
        "dmean2": 0.001246426953,
        "dvar": 1.07489165657e-06,
        "dvar2": 2.28621115639e-06,
        "max": 0.0163965933025,
        "mean": 0.0047783209011,
        "median": 0.00463936524466,
        "min": 3.18445248469e-12,
        "var": 3.00853685076e-06
    },
    "spectral_rolloff": {
        "dmean": 525.252502441,
        "dmean2": 855.695617676,
        "dvar": 948866.6875,
        "dvar2": 1868855.75,
        "max": 18733.8867188,
        "mean": 1961.20446777,
        "median": 1571.92382812,
        "min": 64.599609375,
        "var": 3089803.5
    },
    "spectral_skewness": {
        "dmean": 0.182304769754,
        "dmean2": 0.298822164536,
        "dvar": 0.030122961849,
        "dvar2": 0.0749426409602,
        "max": 3.07630801201,
        "mean": 1.28814005852,
        "median": 1.27322089672,
        "min": -0.276127874851,
        "var": 0.144940078259
    },
    "spectral_spread": {
        "dmean": 459166.03125,
        "dmean2": 652122.125,
        "dvar": 511798706176,
        "dvar2": 850069094400,
        "max": 41675288,
        "mean": 4281312.5,
        "median": 3975152.25,
        "min": 2080596.125,
        "var": 2.32100593664e+12
    },
    "spectral_strongpeak": {
        "dmean": 0.63498044014,
        "dmean2": 1.07474935055,
        "dvar": 1.15348470211,
        "dvar2": 3.08246088028,
        "max": 24.5086078644,
        "mean": 1.14816236496,
        "median": 0.715183317661,
        "min": 0,
        "var": 1.67154407501
    },
    "zerocrossingrate": {
        "dmean": 0.0109859658405,
        "dmean2": 0.0128563605249,
        "dvar": 0.000285091664409,
        "dvar2": 0.00029823553632,
        "max": 0.73486328125,
        "mean": 0.0713868513703,
        "median": 0.0634765625,
        "min": 0.0029296875,
        "var": 0.00206608255394
    },
    "barkbands": {
        "dmean": [0.000108286905743, 0.00484899524599, 0.00128314446192, 0.000631209812127, 0.00184144207742, 0.0008260399336, 0.00079943012679, 0.000746829842683, 0.00153141119517, 0.000629056768958, 0.000614627089817, 0.000470242375741, 0.000377321994165, 0.000360532052582, 0.000307513604639, 0.00025569886202, 0.000209256570088, 0.00029463681858, 0.000255294464296, 0.000207881515962, 0.000103961137938, 0.000107887208287, 0.000163684104336, 0.000121719589515, 9.78184834821e-05, 3.86336068914e-07, 1.10846687384e-09],
        "dmean2": [0.000174926666659, 0.00835850369185, 0.002084284788, 0.00107796606608, 0.00302954460494, 0.00132038141601, 0.00119750772137, 0.0011943760328, 0.00240938109346, 0.00100594863761, 0.000960182223935, 0.000749283877667, 0.000608704576734, 0.000582882261369, 0.000482663541334, 0.000407194951549, 0.000331087445375, 0.000457796239061, 0.000399960612413, 0.000328643189277, 0.000164477925864, 0.000165614968864, 0.000245322094997, 0.000179373426363, 0.000153058950673, 6.48002810522e-07, 2.06759520616e-09],
        "dvar": [8.47410746019e-08, 0.000167058111401, 1.0821021533e-05, 2.8498895972e-06, 1.33831281346e-05, 2.96595908367e-06, 6.619002761e-06, 5.53596555619e-06, 1.00260476756e-05, 2.00589033739e-06, 2.08098185794e-06, 9.91431534203e-07, 4.74392635397e-07, 5.69732776512e-07, 4.72613777447e-07, 3.11680935283e-07, 1.52944167553e-07, 3.40862555959e-07, 2.19402025436e-07, 1.79125720479e-07, 8.18758607579e-08, 1.09096234269e-07, 5.46226488041e-07, 2.14049890701e-07, 8.75348916907e-07, 1.52885031024e-11, 3.64182609765e-17],
        "dvar2": [2.04339841048e-07, 0.000430365122156, 2.70419568551e-05, 7.68147492636e-06, 3.49232759618e-05, 7.01376757206e-06, 1.63167605933e-05, 1.30737244035e-05, 2.4719576686e-05, 5.18251226822e-06, 4.68946973342e-06, 2.36333926296e-06, 1.17719218906e-06, 1.36107098569e-06, 1.0138531934e-06, 7.09578841906e-07, 3.54670845581e-07, 7.65586094076e-07, 5.11272560288e-07, 4.07977381656e-07, 2.01172184688e-07, 2.33719234188e-07, 1.22529002056e-06, 4.16029081407e-07, 2.35808875004e-06, 3.7989257573e-11, 1.09279724079e-16],
        "max": [0.0101502100006, 0.247613504529, 0.074576407671, 0.0329044163227, 0.0575524233282, 0.0439697951078, 0.0898722708225, 0.0619183070958, 0.0499446392059, 0.0358786769211, 0.0470620729029, 0.0230368338525, 0.0129853431135, 0.0214030556381, 0.0177403576672, 0.0125988656655, 0.00750314211473, 0.0125967729837, 0.0147502813488, 0.011078058742, 0.0104855438694, 0.0119260251522, 0.0314390994608, 0.0176977440715, 0.0591246411204, 0.000190944614587, 3.740169916e-07],
        "mean": [0.000160329902428, 0.00552714243531, 0.00174338731449, 0.000786903081462, 0.003758008359, 0.00135807169136, 0.00137032242492, 0.00106758344918, 0.00265712244436, 0.00105472689029, 0.00103093404323, 0.000826687959488, 0.000663304759655, 0.000610650284216, 0.000514961022418, 0.000427982595284, 0.000392717658542, 0.000565305934288, 0.000519720138982, 0.000426987098763, 0.000188570091268, 0.000193075102288, 0.000292281561997, 0.00021944186301, 0.000130396118038, 3.64259932439e-07, 8.94355534076e-10],
        "median": [2.95703812299e-05, 0.00141025218181, 0.000608195725363, 0.000259677821305, 0.00116821960546, 0.00058843329316, 0.000441305397544, 0.000310060218908, 0.000788944889791, 0.000277561630355, 0.000307477515889, 0.000299960200209, 0.000276842445601, 0.000232244332437, 0.000214036801481, 0.000174701228389, 0.000207899502129, 0.000289726362098, 0.000270804506727, 0.000197631816263, 8.49255302455e-05, 5.92493270233e-05, 6.83607649989e-05, 5.55168917344e-05, 1.68318747455e-05, 1.92432487722e-08, 3.41897288259e-10],
        "min": [7.18536858529e-23, 5.39144145774e-23, 3.91024466766e-24, 1.00321955811e-24, 3.92092899976e-23, 6.25684837649e-23, 5.16401412094e-23, 3.30007274816e-23, 2.71905239455e-23, 7.52956374436e-23, 2.67639142788e-23, 1.24089511709e-22, 1.50771905102e-22, 1.24293075688e-22, 1.05098291261e-22, 6.10939260282e-23, 1.7397824918e-22, 2.2807932718e-22, 1.47554829356e-22, 3.98579886216e-22, 2.37963716458e-22, 7.22717556269e-22, 9.73379030293e-22, 8.50511306354e-22, 1.22261202237e-21, 1.51592671329e-21, 2.21108225208e-21],
        "var": [2.46761885592e-07, 0.000183842304978, 1.24301077449e-05, 2.96485745821e-06, 4.15745998907e-05, 5.1810302466e-06, 1.00368988569e-05, 7.69983762439e-06, 2.15468335227e-05, 4.32643673776e-06, 4.58983458884e-06, 2.31222225011e-06, 1.08526330678e-06, 1.331633257e-06, 9.48794763644e-07, 6.22929235305e-07, 3.46002366314e-07, 7.65913171108e-07, 5.29213366462e-07, 4.88793716613e-07, 1.43538457564e-07, 2.65625573093e-07, 1.03490265246e-06, 5.61339618343e-07, 8.67662492965e-07, 1.61395410925e-11, 1.90267323493e-17]
    },
    "erbbands": {
        "dmean": [0.149922981858, 1.08938598633, 1.53327584267, 1.56452286243, 4.54199504852, 7.16127538681, 5.80059432983, 7.66568136215, 9.46743679047, 13.5244493484, 18.3127975464, 35.8233566284, 24.7207641602, 18.4427127838, 21.7451114655, 16.9786834717, 15.6833353043, 17.3226947784, 14.5788946152, 14.7732048035, 12.1506137848, 11.5863265991, 15.4676074982, 14.6330137253, 10.9202404022, 9.39066505432, 5.21445322037, 3.88118839264, 3.95729207993, 3.99835276604, 5.03785228729, 3.53293585777, 1.54549562931, 0.886356949806, 0.911848545074, 0.0616870336235, 0.00147888448555, 9.00759914657e-05, 1.47250348164e-05, 1.24625676108e-05],
        "dmean2": [0.25438952446, 1.88948428631, 2.50552630424, 2.56353616714, 7.79922008514, 11.5621623993, 8.950091362, 12.1171445847, 14.6056718826, 20.8333244324, 28.557012558, 56.1676025391, 38.9422035217, 29.6113777161, 33.8002090454, 26.8622455597, 25.0404853821, 27.5994567871, 23.1229724884, 22.9818458557, 19.1294975281, 18.1858673096, 24.1520328522, 22.7858829498, 17.2681827545, 14.808678627, 8.32605457306, 6.09600973129, 6.19895744324, 6.05284118652, 7.52813720703, 5.28865480423, 2.30863142014, 1.37598717213, 1.4539898634, 0.0955548509955, 0.00230421987362, 0.000140815027407, 2.24358464038e-05, 1.92307306861e-05],
        "dvar": [0.159700110555, 8.80021190643, 15.2099065781, 12.2148113251, 126.729370117, 215.178695679, 150.985321045, 315.25201416, 777.715393066, 2394.34155273, 2647.57202148, 6114.07470703, 2718.70947266, 1622.43688965, 2856.8996582, 1289.93798828, 781.207702637, 1337.69494629, 787.17956543, 1016.34240723, 628.410522461, 474.968811035, 1004.86114502, 877.643432617, 399.602630615, 366.119903564, 156.791000366, 136.160003662, 144.846832275, 242.242202759, 541.119445801, 222.991012573, 25.6535644531, 11.3323917389, 174.141616821, 0.500492453575, 0.000282414926914, 9.48821480051e-07, 1.1785428633e-08, 7.6540573879e-10],
        "dvar2": [0.427381038666, 22.8637485504, 36.1868019104, 28.7625656128, 344.919158936, 530.319335938, 331.481903076, 740.562194824, 1957.27514648, 5785.22167969, 6299.32080078, 15130.2666016, 6739.01806641, 4416.01660156, 6360.68554688, 3194.36328125, 1898.10498047, 3111.00830078, 1793.04748535, 2217.95800781, 1449.11584473, 1140.23608398, 2253.52001953, 2025.28356934, 962.563415527, 836.287597656, 378.63482666, 330.012939453, 322.94543457, 504.106658936, 1242.68701172, 463.34677124, 51.1576042175, 27.2147102356, 484.453216553, 1.29171550274, 0.000733125896659, 2.49803588304e-06, 3.11329841907e-08, 1.88529192258e-09],
        "max": [8.80773162842, 55.6731834412, 78.2143783569, 54.546749115, 250.761413574, 277.347686768, 264.853759766, 481.129119873, 778.41418457, 1637.65649414, 1547.88220215, 1358.85168457, 1166.85571289, 1275.1628418, 1541.00866699, 854.641357422, 584.64453125, 1290.30187988, 608.911132812, 692.587158203, 629.340820312, 490.095825195, 860.357727051, 1068.69909668, 405.499145508, 467.896148682, 455.066314697, 441.336730957, 436.377746582, 587.707641602, 1028.58972168, 519.805053711, 224.0105896, 128.66897583, 853.847595215, 42.1034545898, 1.05583143234, 0.063159532845, 0.00704410299659, 0.00147394288797],
        "mean": [0.164223700762, 1.21146464348, 2.14469313622, 2.36903953552, 6.31582164764, 15.7421274185, 11.4212474823, 12.0324335098, 16.5048408508, 22.1165981293, 29.4916667938, 61.044593811, 44.1602287292, 34.2352180481, 41.1531600952, 33.0344238281, 30.4209403992, 32.5637054443, 26.7400531769, 26.464138031, 23.1822490692, 23.2240600586, 30.4732990265, 30.4909210205, 23.4393596649, 19.8870315552, 10.2105541229, 6.93950843811, 6.79849624634, 7.3949508667, 8.59953117371, 6.10976934433, 2.8029294014, 1.26879441738, 1.0725530386, 0.0748169571161, 0.00187280715909, 0.00012578679889, 3.159233529e-05, 3.59601617674e-05],
        "median": [0.0379027202725, 0.299716740847, 0.748969316483, 1.01351308823, 2.0567586422, 3.94539070129, 4.88939476013, 5.22483921051, 6.26346063614, 7.60353136063, 10.2704200745, 18.6472663879, 14.6617298126, 12.5901527405, 13.6687774658, 13.1210384369, 13.8144025803, 13.9427881241, 13.1569128036, 11.8739881516, 10.8397731781, 12.4095010757, 16.1005573273, 15.7251253128, 12.2995071411, 9.35138702393, 4.96656417847, 2.79960107803, 2.14153432846, 1.8771802187, 2.05291152, 1.37840664387, 0.759323954582, 0.259735524654, 0.0839931964874, 0.00536003522575, 0.00017296585429, 1.92489696929e-05, 1.75167006091e-05, 2.93728717224e-05],
        "min": [1.99584606006e-21, 1.07265655675e-20, 8.69942619048e-21, 4.13112213654e-21, 5.60832914331e-20, 1.0657015026e-19, 2.4674730464e-19, 5.26445762572e-19, 8.85911573418e-19, 5.70040093709e-19, 8.96748983611e-19, 7.73972891735e-19, 1.91773822048e-18, 2.12307277945e-18, 1.68701717832e-18, 6.06879213014e-18, 7.28764648505e-18, 5.27922962389e-18, 6.1705088757e-18, 4.09604412418e-18, 4.64269677174e-18, 1.16543668531e-17, 1.26940493379e-17, 7.29002545649e-18, 1.1055411989e-17, 1.54433991706e-17, 1.38823207576e-17, 1.05735288242e-17, 2.33595474113e-17, 3.22787348627e-17, 2.49203561635e-17, 2.1999588038e-17, 1.28303116273e-17, 1.22584345206e-17, 9.51605285729e-18, 5.15493208838e-18, 2.83921866363e-18, 1.18097796146e-18, 2.98843579059e-19, 3.38962362218e-20],
        "var": [0.17784717679, 9.10641860962, 18.9938392639, 16.6639671326, 152.762496948, 1036.7767334, 444.662109375, 482.956695557, 1173.88928223, 2998.96264648, 3935.35107422, 12522.7578125, 5904.01416016, 3561.05395508, 7506.47753906, 3482.19091797, 1952.49572754, 3616.74975586, 1671.35375977, 2071.26293945, 1450.86352539, 1132.3223877, 2292.65576172, 2086.08813477, 940.574951172, 1046.63256836, 344.138916016, 267.761932373, 325.217224121, 542.467468262, 944.609008789, 511.702972412, 73.158706665, 18.4422416687, 142.561019897, 0.558572411537, 0.000309982744511, 1.01073828773e-06, 1.31102799728e-08, 1.21072862846e-09]
    },
    "gfcc": {
        "mean": [-2.50906944275, 101.028541565, -150.685684204, 48.7292709351, -75.4560699463, 22.3120803833, -38.0399131775, 12.7311496735, -17.5937423706, -8.82492637634, 0.752473711967, -13.6778106689, 1.94128072262],
        "cov": [[2947.40795898, -366.827819824, 265.568756104, 326.288757324, -173.913467407, 158.619522095, -157.512252808, 181.326324463, -137.727203369, 135.767547607, -39.9987449646, 22.9109363556, -103.817581177], [-366.827819824, 1058.53747559, 89.3492965698, 22.7664203644, 223.235977173, -168.473983765, 166.498168945, -77.2255249023, 90.2632522583, -105.773834229, 142.573776245, -96.3095397949, 54.9026565552], [265.568756104, 89.3492965698, 1380.79589844, 606.798034668, 11.6254081726, 95.1160354614, -234.833084106, 3.70380187035, -64.6128082275, 33.6081199646, 27.2127761841, 28.4081935883, -47.8289260864], [326.288757324, 22.7664203644, 606.798034668, 579.656311035, 132.793609619, 25.5276165009, -106.587310791, 4.66984987259, 10.8507709503, 53.8263969421, 7.81213569641, 26.797870636, -3.79095816612], [-173.913467407, 223.235977173, 11.6254081726, 132.793609619, 286.537994385, 36.2245826721, 103.935279846, 34.5109443665, 57.5639762878, 23.0505695343, 12.4293842316, -2.35948514938, 33.184803009], [158.619522095, -168.473983765, 95.1160354614, 25.5276165009, 36.2245826721, 232.875076294, 94.1678543091, 55.3815917969, -30.5226268768, 41.4188499451, -2.88004875183, 19.8916740417, -21.1203517914], [-157.512252808, 166.498168945, -234.833084106, -106.587310791, 103.935279846, 94.1678543091, 284.223907471, 61.6689033508, 36.7736320496, -1.26709115505, 45.2044868469, -20.2807102203, 17.6283092499], [181.326324463, -77.2255249023, 3.70380187035, 4.66984987259, 34.5109443665, 55.3815917969, 61.6689033508, 163.755203247, 40.4729576111, 31.8839225769, 2.00179457664, 17.9110527039, 5.20966959], [-137.727203369, 90.2632522583, -64.6128082275, 10.8507709503, 57.5639762878, -30.5226268768, 36.7736320496, 40.4729576111, 142.93421936, 14.1316585541, 16.1332798004, -2.27864766121, 26.4279594421], [135.767547607, -105.773834229, 33.6081199646, 53.8263969421, 23.0505695343, 41.4188499451, -1.26709115505, 31.8839225769, 14.1316585541, 113.225845337, 1.07753920555, 23.3961715698, -11.2146844864], [-39.9987449646, 142.573776245, 27.2127761841, 7.81213569641, 12.4293842316, -2.88004875183, 45.2044868469, 2.00179457664, 16.1332798004, 1.07753920555, 110.800453186, 9.59492492676, 15.3620328903], [22.9109363556, -96.3095397949, 28.4081935883, 26.797870636, -2.35948514938, 19.8916740417, -20.2807102203, 17.9110527039, -2.27864766121, 23.3961715698, 9.59492492676, 83.4654998779, 24.8063526154], [-103.817581177, 54.9026565552, -47.8289260864, -3.79095816612, 33.184803009, -21.1203517914, 17.6283092499, 5.20966959, 26.4279594421, -11.2146844864, 15.3620328903, 24.8063526154, 62.2547950745]],
        "icov": [[0.000655118084978, -0.00065411569085, 0.000651997514069, -0.00100589508656, 0.00111284398008, -0.00104694475885, 0.000957730459049, -0.00136217556428, 0.000823792477604, -0.000618869438767, 0.000291850679787, -5.55755741516e-06, 0.000472434796393], [-0.00065411569085, 0.00425815489143, -0.00219727843069, 0.00224108970724, -0.00387356779538, 0.00458981283009, -0.00365680269897, 0.00311927264556, -0.00147991569247, 0.00213512033224, -0.0031983749941, 0.00243658688851, -0.00117017212324], [0.000651997514069, -0.00219727843069, 0.00314563512802, -0.00330155715346, 0.00261912937276, -0.00368805858307, 0.00344832986593, -0.00256681349128, 0.00144965527579, -0.000556699524168, 0.000446808990091, -0.000610266055446, 0.00124901346862], [-0.00100589508656, 0.00224108970724, -0.00330155715346, 0.0062721921131, -0.00477393390611, 0.0032742714975, -0.00173268094659, 0.00303665897809, -0.00187375384849, 0.000308042770484, -0.00123799324501, 0.00024358756491, -0.000857025617734], [0.00111284398008, -0.00387356779538, 0.00261912937276, -0.00477393390611, 0.00989164039493, -0.00473195267841, 0.00131637812592, -0.00352915260009, 0.000855025136843, -0.00284180766903, 0.00353966932744, -0.000825700059067, -0.00138139736373], [-0.00104694475885, 0.00458981283009, -0.00368805858307, 0.0032742714975, -0.00473195267841, 0.012745777145, -0.00803350005299, 0.0029252897948, -4.57437126897e-05, 0.000659672892652, -0.00165073713288, -0.000289847026579, 0.0011097881943], [0.000957730459049, -0.00365680269897, 0.00344832986593, -0.00173268094659, 0.00131637812592, -0.00803350005299, 0.0117342779413, -0.00505177024752, 0.0012925331248, -0.000920969236176, -0.00102182338014, 0.0011648721993, 0.000112135436211], [-0.00136217556428, 0.00311927264556, -0.00256681349128, 0.00303665897809, -0.00352915260009, 0.0029252897948, -0.00505177024752, 0.0117825549096, -0.00445567443967, 0.00073056697147, -0.00093698623823, -0.000603491091169, -0.000996710150503], [0.000823792477604, -0.00147991569247, 0.00144965527579, -0.00187375384849, 0.000855025136843, -4.57437126897e-05, 0.0012925331248, -0.00445567443967, 0.0107972016558, -0.00262591359206, 0.000108926498797, 0.00119513005484, -0.00234555290081], [-0.000618869438767, 0.00213512033224, -0.000556699524168, 0.000308042770484, -0.00284180766903, 0.000659672892652, -0.000920969236176, 0.00073056697147, -0.00262591359206, 0.0129003515467, -0.0021851004567, -0.00238318298943, 0.00354175386019], [0.000291850679787, -0.0031983749941, 0.000446808990091, -0.00123799324501, 0.00353966932744, -0.00165073713288, -0.00102182338014, -0.00093698623823, 0.000108926498797, -0.0021851004567, 0.0136628933251, -0.00379558838904, -0.00080276990775], [-5.55755741516e-06, 0.00243658688851, -0.000610266055446, 0.00024358756491, -0.000825700059067, -0.000289847026579, 0.0011648721993, -0.000603491091169, 0.00119513005484, -0.00238318298943, -0.00379558838904, 0.0195974670351, -0.0103586222976], [0.000472434796393, -0.00117017212324, 0.00124901346862, -0.000857025617734, -0.00138139736373, 0.0011097881943, 0.000112135436211, -0.000996710150503, -0.00234555290081, 0.00354175386019, -0.00080276990775, -0.0103586222976, 0.0259141251445]]
    },
    "melbands": {
        "dmean": [0.00137236854061, 0.000977227813564, 0.000325596396578, 0.000441058742581, 0.000217649125261, 0.000166974961758, 0.000152719716425, 0.000151038970216, 0.000163859105669, 0.000236164734815, 0.000124600468553, 7.61228366173e-05, 7.66637749621e-05, 5.42279158253e-05, 4.37227354269e-05, 3.74372502847e-05, 3.51268026861e-05, 2.52660502156e-05, 2.46136569331e-05, 2.03401141334e-05, 1.41444807014e-05, 1.34523634188e-05, 1.29244817799e-05, 1.49549978232e-05, 1.30776097649e-05, 8.77080765349e-06, 8.45802060212e-06, 6.43836574454e-06, 3.88015814679e-06, 2.62404228124e-06, 2.3007537493e-06, 2.47816160481e-06, 2.10603684536e-06, 2.42901319325e-06, 3.08395829052e-06, 2.83587746708e-06, 2.08062829188e-06, 1.21993787161e-06, 7.84924623076e-07, 7.4801602068e-07],
        "dmean2": [0.00234801718034, 0.00162339303643, 0.00053702207515, 0.000739319133572, 0.000333234143909, 0.000264442758635, 0.000232486796449, 0.000233623184613, 0.000255010469118, 0.000370525202015, 0.000196567110834, 0.000122970290249, 0.000118978445244, 8.63430468598e-05, 7.03693949617e-05, 5.99611739744e-05, 5.63652210985e-05, 4.07148982049e-05, 3.83202423109e-05, 3.24079737766e-05, 2.22888465942e-05, 2.14743831748e-05, 2.05533160624e-05, 2.36119904002e-05, 2.05937449209e-05, 1.39387893796e-05, 1.35109085022e-05, 1.02739095382e-05, 6.24052336207e-06, 4.21969434683e-06, 3.6547576201e-06, 3.9988408389e-06, 3.21673815051e-06, 3.73960642719e-06, 4.68176949653e-06, 4.39368113803e-06, 3.11069061354e-06, 1.84292753147e-06, 1.23678717046e-06, 1.17508068342e-06],
        "dvar": [1.33213388835e-05, 6.44076044409e-06, 5.70773238451e-07, 8.90017702204e-07, 1.75806761149e-07, 1.40823729566e-07, 2.05279846455e-07, 2.68702791573e-07, 1.90947091028e-07, 2.5988043717e-07, 7.00459992231e-08, 2.80257488328e-08, 3.83186566921e-08, 1.50377861274e-08, 7.46424699827e-09, 4.82688689019e-09, 6.17341200382e-09, 2.49604736879e-09, 3.82196896354e-09, 2.23200813387e-09, 8.78653816372e-10, 6.96221358343e-10, 6.51525611239e-10, 1.01189501223e-09, 7.41922800973e-10, 2.57917853741e-10, 2.89881757487e-10, 1.9535348339e-10, 9.35489324894e-11, 6.17299475425e-11, 4.76012389228e-11, 5.28797665378e-11, 5.80759329516e-11, 9.42285000027e-11, 2.02191735577e-10, 1.62565017003e-10, 8.69674540716e-11, 1.85552441467e-11, 4.91836215852e-12, 8.68255727732e-12],
        "dvar2": [3.50144364347e-05, 1.54622830451e-05, 1.40920133163e-06, 2.37060521613e-06, 3.78911579446e-07, 3.32379158863e-07, 5.1503548093e-07, 6.4569536562e-07, 4.53820689472e-07, 6.46712919661e-07, 1.73114912627e-07, 7.72748052214e-08, 8.59610480575e-08, 3.61110785718e-08, 1.83896808892e-08, 1.19150778133e-08, 1.43316940537e-08, 5.80922732141e-09, 8.03040567376e-09, 5.02287411663e-09, 2.02631422752e-09, 1.68764546782e-09, 1.42623746147e-09, 2.29453323008e-09, 1.7048992218e-09, 6.06180772245e-10, 6.81043055284e-10, 4.64716015669e-10, 2.34666536203e-10, 1.58289409358e-10, 1.15299519932e-10, 1.25360832826e-10, 1.21167853528e-10, 2.03300515311e-10, 4.77365258433e-10, 3.72585656772e-10, 1.81097900565e-10, 3.64363400562e-11, 1.21352251164e-11, 1.976311996e-11],
        "max": [0.0767308324575, 0.0480589419603, 0.0143225369975, 0.0157325714827, 0.00846351031214, 0.00979831814766, 0.0150715177879, 0.0145372077823, 0.0108487680554, 0.00915247295052, 0.00585609953851, 0.00540798995644, 0.00719460751861, 0.00343604013324, 0.00157639756799, 0.00138897518627, 0.00258487602696, 0.000930556154344, 0.00158825493418, 0.00115856749471, 0.000634119322058, 0.000622247927822, 0.000720631855074, 0.000757026253268, 0.000955092720687, 0.000611174153164, 0.000472660292871, 0.000378859753255, 0.000431752996519, 0.000325960485497, 0.000273868849035, 0.000282164081, 0.000296173646348, 0.000359830126399, 0.00057025544811, 0.000596738012973, 0.000396777439164, 0.000211436738027, 6.15691096755e-05, 0.000131939566927],
        "mean": [0.00152659870218, 0.00131799350493, 0.000493221974466, 0.000837122206576, 0.000472752697533, 0.000265669601504, 0.000268281321041, 0.000242661306402, 0.000259969965555, 0.000399426207878, 0.000213628896745, 0.000133229754283, 0.000136151647894, 9.94513684418e-05, 7.65083750593e-05, 6.55181065667e-05, 6.05660534347e-05, 4.24135214416e-05, 4.06933577324e-05, 3.28285386786e-05, 2.51311557804e-05, 2.41804391408e-05, 2.43801005126e-05, 2.72570123343e-05, 2.49112181336e-05, 1.74113556568e-05, 1.60554700415e-05, 1.25792194012e-05, 7.10313179297e-06, 4.27364830102e-06, 3.90756031265e-06, 3.9236547309e-06, 3.611494094e-06, 4.25553571404e-06, 5.01387376062e-06, 4.63030710307e-06, 3.42816497323e-06, 2.15781801671e-06, 1.19591891234e-06, 9.94365450424e-07],
        "median": [0.000371348520275, 0.000453843764262, 0.000213061692193, 0.00022829954105, 0.000189977159607, 0.000115022950922, 9.71903646132e-05, 7.84677467891e-05, 7.68964382587e-05, 0.000116991563118, 6.37110133539e-05, 4.36503469246e-05, 4.12125518778e-05, 3.57840581273e-05, 2.69133033726e-05, 2.75191177934e-05, 2.33186237892e-05, 1.80403349077e-05, 1.60400486493e-05, 1.29321670101e-05, 1.15252323667e-05, 1.1808419913e-05, 1.28516448967e-05, 1.37547394843e-05, 1.1918799828e-05, 9.29901580093e-06, 7.72091243562e-06, 5.49647847947e-06, 3.25555743075e-06, 1.83669385478e-06, 1.44182979511e-06, 1.25102008042e-06, 9.97741722131e-07, 1.00849308637e-06, 1.18167974961e-06, 9.59467001849e-07, 7.62574529745e-07, 5.50302786451e-07, 3.34474776764e-07, 1.669161378e-07],
        "min": [1.98043987795e-23, 8.18863020941e-24, 1.53999572094e-24, 6.41377481976e-24, 7.52799785547e-24, 1.26993131996e-23, 1.37774714869e-23, 5.64439996219e-24, 7.44399521311e-24, 4.37533615257e-24, 9.43339591986e-24, 8.53245286836e-24, 3.9501109368e-24, 1.41734244411e-23, 1.83967427585e-23, 1.10939086823e-23, 1.02419625705e-23, 1.00947216825e-23, 8.30580366396e-24, 3.44065825332e-24, 5.42698358583e-24, 1.26451941861e-23, 1.2864127542e-23, 9.13073365635e-24, 5.08461913625e-24, 6.40447138868e-24, 1.20589206499e-23, 9.78961789453e-24, 9.93522426269e-24, 6.5922731378e-24, 5.66878207505e-24, 1.26661999743e-23, 1.69581539236e-23, 1.78950761321e-23, 1.4175778402e-23, 1.34627506956e-23, 1.36349038109e-23, 8.8932660135e-24, 8.55103527585e-24, 1.07381687017e-23],
        "var": [1.45797976074e-05, 7.85397423897e-06, 7.42173654089e-07, 2.53797907135e-06, 6.50828667403e-07, 2.20666564132e-07, 3.15600971135e-07, 3.45656246736e-07, 3.08817789119e-07, 5.44866566088e-07, 1.49394821847e-07, 5.83637849161e-08, 8.62559801362e-08, 3.53788571772e-08, 1.74154255461e-08, 1.0970291342e-08, 1.55841011207e-08, 5.00572161499e-09, 7.68498154002e-09, 4.08266487284e-09, 1.94556992739e-09, 1.48402745648e-09, 1.52049539626e-09, 1.9348478375e-09, 1.67644675919e-09, 5.8357502164e-10, 6.40360653392e-10, 5.19105036734e-10, 2.08805750468e-10, 7.75147238063e-11, 1.04860967132e-10, 1.08932168841e-10, 1.1763771901e-10, 1.96286278897e-10, 3.26544180584e-10, 3.08137210192e-10, 1.82843420959e-10, 4.97426891344e-11, 9.17220379509e-12, 1.40501872289e-11]
    },
    "mfcc": {
        "mean": [-623.173156738, 106.321891785, -9.82881641388, 18.1701374054, -2.07198238373, -0.755110859871, 1.71300256252, 7.92705583572, -6.06497716904, 6.97143793106, -1.32542264462, 0.0650366842747, -2.87861156464],
        "cov": [[2470.04589844, -506.463134766, 87.5810394287, 28.6953334808, -10.1027870178, -35.5950202942, 56.2099723816, -20.4007472992, -5.85920190811, 55.1207580566, 56.2281646729, -14.8681955338, 59.8524742126], [-506.463134766, 960.857116699, -140.492599487, 87.7296829224, -6.6794719696, -34.6900100708, 86.2279052734, 33.2890052795, -10.2774486542, 27.9175930023, 18.9842071533, -1.19839322567, -2.47397494316], [87.5810394287, -140.492599487, 1264.19702148, 398.15032959, 340.517883301, 79.7173080444, 0.198319777846, -28.166425705, -140.203323364, 21.0095310211, -82.9946746826, 64.5694351196, -3.85858988762], [28.6953334808, 87.7296829224, 398.15032959, 516.717163086, 274.262237549, 61.9603843689, -14.0006666183, -25.5638313293, 4.11905384064, 13.7540798187, -25.2082214355, 42.9087486267, 40.6364593506], [-10.1027870178, -6.6794719696, 340.517883301, 274.262237549, 301.653839111, 55.5239181519, -14.7527418137, -1.94178044796, 8.09842967987, 18.0698757172, -25.698923111, 31.9783267975, 19.6518173218], [-35.5950202942, -34.6900100708, 79.7173080444, 61.9603843689, 55.5239181519, 192.176574707, 78.9101486206, 13.8053541183, 26.9265003204, 11.629784584, 28.404624939, 0.723032534122, 7.69117450714], [56.2099723816, 86.2279052734, 0.198319777846, -14.0006666183, -14.7527418137, 78.9101486206, 215.656341553, 74.3589630127, 11.8554878235, 49.7184829712, 37.1179237366, -7.14826631546, 6.51016378403], [-20.4007472992, 33.2890052795, -28.166425705, -25.5638313293, -1.94178044796, 13.8053541183, 74.3589630127, 126.389923096, 50.2694091797, 31.3806610107, 18.4412651062, 6.95148658752, 6.73740959167], [-5.85920190811, -10.2774486542, -140.203323364, 4.11905384064, 8.09842967987, 26.9265003204, 11.8554878235, 50.2694091797, 144.834197998, 25.7701473236, 42.2606697083, 9.58433628082, 15.7451353073], [55.1207580566, 27.9175930023, 21.0095310211, 13.7540798187, 18.0698757172, 11.629784584, 49.7184829712, 31.3806610107, 25.7701473236, 113.858642578, 36.0944595337, 4.82655572891, 4.20966386795], [56.2281646729, 18.9842071533, -82.9946746826, -25.2082214355, -25.698923111, 28.404624939, 37.1179237366, 18.4412651062, 42.2606697083, 36.0944595337, 91.8576278687, 17.0385227203, 5.36061620712], [-14.8681955338, -1.19839322567, 64.5694351196, 42.9087486267, 31.9783267975, 0.723032534122, -7.14826631546, 6.95148658752, 9.58433628082, 4.82655572891, 17.0385227203, 75.9309844971, 32.498336792], [59.8524742126, -2.47397494316, -3.85858988762, 40.6364593506, 19.6518173218, 7.69117450714, 6.51016378403, 6.73740959167, 15.7451353073, 4.20966386795, 5.36061620712, 32.498336792, 79.2207946777]],
