{
"lowlevel": {
    "average_loudness": 0.750125110149,
    "barkbands_crest": {
        "dmean": 2.3483338356,
        "dmean2": 3.8997387886,
        "dvar": 5.39711427689,
        "dvar2": 15.1879940033,
        "max": 23.5674209595,
        "mean": 10.0135154724,
        "median": 9.07121753693,
        "min": 2.83810305595,
        "var": 17.1798686981
    },
    "barkbands_flatness_db": {
        "dmean": 0.018074112013,
        "dmean2": 0.0287940707058,
        "dvar": 0.000303961598547,
        "dvar2": 0.000748977588955,
        "max": 0.415075004101,
        "mean": 0.181570857763,
        "median": 0.168141975999,
        "min": 0.0569784194231,
        "var": 0.00324362446554
    },
    "barkbands_kurtosis": {
        "dmean": 2.35090923309,
        "dmean2": 3.74378991127,
        "dvar": 15.8580026627,
        "dvar2": 39.2335891724,
        "max": 74.1098861694,
        "mean": 4.65967750549,
        "median": 1.57433748245,
        "min": -1.90918588638,
        "var": 67.1958618164
    },
    "barkbands_skewness": {
        "dmean": 0.450043410063,
        "dmean2": 0.689612567425,
        "dvar": 0.224111542106,
        "dvar2": 0.521387815475,
        "max": 7.14878797531,
        "mean": 1.46564185619,
        "median": 1.20265460014,
        "min": -2.93686723709,
        "var": 1.44415426254
    },
    "barkbands_spread": {
        "dmean": 3.87223577499,
        "dmean2": 5.84840202332,
        "dvar": 26.9888858795,
        "dvar2": 49.9667358398,
        "max": 95.2452087402,
        "mean": 17.8009243011,
        "median": 15.3088769913,
        "min": 1.13701927662,
        "var": 150.987625122
    },
    "dissonance": {
        "dmean": 0.0211953017861,
        "dmean2": 0.0356804057956,
        "dvar": 0.000444837962277,
        "dvar2": 0.00121966027655,
        "max": 0.500000238419,
        "mean": 0.457094728947,
        "median": 0.46613830328,
        "min": 0.224808886647,
        "var": 0.00112649600487
    },
    "dynamic_complexity": 2.29322052002,
    "erbbands_crest": {
        "dmean": 2.69359087944,
        "dmean2": 4.39028453827,
        "dvar": 6.63712453842,
        "dvar2": 16.123090744,
        "max": 30.1869678497,
        "mean": 9.48559761047,
        "median": 8.42274284363,
        "min": 1.91657292843,
        "var": 18.81549263
    },
    "erbbands_flatness_db": {
        "dmean": 0.0169927328825,
        "dmean2": 0.0246105659753,
        "dvar": 0.000298599043163,
        "dvar2": 0.000546658062376,
        "max": 0.353606283665,
        "mean": 0.193079784513,
        "median": 0.191188797355,
        "min": 0.0279929935932,
        "var": 0.00213082041591
    },
    "erbbands_kurtosis": {
        "dmean": 0.900815188885,
        "dmean2": 1.42424559593,
        "dvar": 1.41804647446,
        "dvar2": 3.35830187798,
        "max": 25.3550796509,
        "mean": 0.716009318829,
        "median": 0.0810158252716,
        "min": -1.78537893295,
        "var": 4.31127738953
    },
    "erbbands_skewness": {
        "dmean": 0.350086182356,
        "dmean2": 0.543067157269,
        "dvar": 0.10579996556,
        "dvar2": 0.238719731569,
        "max": 4.21925830841,
        "mean": 0.460947185755,
        "median": 0.486764609814,
        "min": -3.29511213303,
        "var": 0.638808608055
    },
    "erbbands_spread": {
        "dmean": 6.34806728363,
        "dmean2": 9.42608642578,
        "dvar": 56.4935913086,
        "dvar2": 114.47000885,
        "max": 147.114074707,
        "mean": 32.0716400146,
        "median": 29.1847724915,
        "min": 3.41567516327,
        "var": 286.65032959
    },
    "hfc": {
        "dmean": 5.46614170074,
        "dmean2": 7.73594379425,
        "dvar": 56.9415626526,
        "dvar2": 102.459342957,
        "max": 129.162353516,
        "mean": 20.3857707977,
        "median": 17.5200004578,
        "min": 1.10243415963e-16,
        "var": 222.473129272
    },
    "melbands_crest": {
        "dmean": 2.92382597923,
        "dmean2": 4.86187267303,
        "dvar": 7.77064561844,
        "dvar2": 20.8517494202,
        "max": 31.2716846466,
        "mean": 13.5460157394,
        "median": 12.5619468689,
        "min": 1.78293204308,
        "var": 27.7145862579
    },
    "melbands_flatness_db": {
        "dmean": 0.020662587136,
        "dmean2": 0.0315730422735,
        "dvar": 0.000474637083244,
        "dvar2": 0.00107714324258,
        "max": 0.523269295692,
        "mean": 0.220288857818,
        "median": 0.201640143991,
        "min": 0.00586774665862,
        "var": 0.00663775438443
    },
    "melbands_kurtosis": {
        "dmean": 4.99695253372,
        "dmean2": 7.90319681168,
        "dvar": 86.001159668,
        "dvar2": 201.538360596,
        "max": 242.737197876,
        "mean": 11.4949712753,
        "median": 5.40469551086,
        "min": -1.71229159832,
        "var": 294.88293457
    },
    "melbands_skewness": {
        "dmean": 0.579253077507,
        "dmean2": 0.887683570385,
        "dvar": 0.424057275057,
        "dvar2": 0.970906794071,
        "max": 12.6656103134,
        "mean": 2.25092792511,
        "median": 1.99353027344,
        "min": -0.843056023121,
        "var": 2.38707876205
    },
    "melbands_spread": {
        "dmean": 4.98426866531,
        "dmean2": 7.60971450806,
        "dvar": 46.0908622742,
        "dvar2": 91.7915725708,
        "max": 150.609008789,
        "mean": 20.1708278656,
        "median": 18.1008701324,
        "min": 1.07434475422,
        "var": 209.932632446
    },
    "pitch_salience": {
        "dmean": 0.0649339556694,
        "dmean2": 0.107754714787,
        "dvar": 0.00348608731292,
        "dvar2": 0.00967635493726,
        "max": 0.969388902187,
        "mean": 0.566254496574,
        "median": 0.568166255951,
        "min": 0.200951218605,
        "var": 0.0122749740258
    },
    "silence_rate_20dB": {
        "dmean": 0,
        "dmean2": 0,
        "dvar": 0,
        "dvar2": 0,
        "max": 1,
        "mean": 1,
        "median": 1,
        "min": 1,
        "var": 0
    },
    "silence_rate_30dB": {
        "dmean": 0.00750332791358,
        "dmean2": 0.0150084728375,
        "dvar": 0.00744784343988,
        "dvar2": 0.0181752964854,
        "max": 1,
        "mean": 0.990561485291,
        "median": 1,
        "min": 0,
        "var": 0.00935078039765
    },
    "silence_rate_60dB": {
        "dmean": 0.00580902816728,
        "dmean2": 0.0116194626316,
        "dvar": 0.00577568775043,
        "dvar2": 0.0139058735222,
        "max": 1,
        "mean": 0.00617134571075,
        "median": 0,
        "min": 0,
        "var": 0.00613331794739
    },
    "spectral_centroid": {
        "dmean": 172.435745239,
        "dmean2": 261.016571045,
        "dvar": 49271.3515625,
        "dvar2": 90222.7890625,
        "max": 11135.0253906,
        "mean": 1163.56604004,
        "median": 1123.07958984,
        "min": 189.668014526,
        "var": 340929.71875
    },
    "spectral_complexity": {
        "dmean": 2.90741872787,
        "dmean2": 4.57806825638,
        "dvar": 8.2894449234,
        "dvar2": 17.5665187836,
        "max": 50,
        "mean": 18.7305183411,
        "median": 18,
        "min": 0,
        "var": 62.7190666199
    },
    "spectral_decrease": {
        "dmean": 2.16860174262e-09,
        "dmean2": 3.36782779442e-09,
        "dvar": 9.98725712042e-18,
        "dvar2": 2.42496251832e-17,
        "max": -1.05407674563e-28,
        "mean": -8.05672151216e-09,
        "median": -6.9393428781e-09,
        "min": -5.68897817743e-08,
        "var": 2.97309557103e-17
    },
    "spectral_energy": {
        "dmean": 0.00857880152762,
        "dmean2": 0.0132549945265,
        "dvar": 0.000151034691953,
        "dvar2": 0.000361207319656,
        "max": 0.216318771243,
        "mean": 0.0322570055723,
        "median": 0.0280460678041,
        "min": 1.03972467095e-20,
        "var": 0.00044981398969
    },
    "spectral_energyband_high": {
        "dmean": 0.000190677645151,
        "dmean2": 0.000263411813648,
        "dvar": 2.7681909387e-07,
        "dvar2": 4.78299284623e-07,
        "max": 0.0197878126055,
        "mean": 0.000440298666945,
        "median": 0.000191142666154,
        "min": 7.40213799474e-21,
        "var": 8.01781311566e-07
    },
    "spectral_energyband_low": {
        "dmean": 0.00415039435029,
        "dmean2": 0.00701320543885,
        "dvar": 9.4474904472e-05,
        "dvar2": 0.000266197166638,
        "max": 0.203035905957,
        "mean": 0.0118878092617,
        "median": 0.00682694558054,
        "min": 1.20696778728e-22,
        "var": 0.000253566278843
    },
    "spectral_energyband_middle_high": {
        "dmean": 0.00223263911903,
        "dmean2": 0.00319742457941,
        "dvar": 1.34966221594e-05,
        "dvar2": 2.62077610387e-05,
        "max": 0.104977406561,
        "mean": 0.00663919327781,
        "median": 0.00415358645841,
        "min": 1.5396392915e-21,
        "var": 5.19157947565e-05
    },
    "spectral_energyband_middle_low": {
        "dmean": 0.00510296691209,
        "dmean2": 0.00781901087612,
        "dvar": 5.48181124032e-05,
        "dvar2": 0.000117552524898,
        "max": 0.135537445545,
        "mean": 0.0141672063619,
        "median": 0.0109709650278,
        "min": 4.64884137549e-22,
        "var": 0.000139986135764
    },
    "spectral_entropy": {
        "dmean": 0.135824784636,
        "dmean2": 0.199683964252,
        "dvar": 0.0206766314805,
        "dvar2": 0.0400387942791,
        "max": 9.79041004181,
        "mean": 7.39140081406,
        "median": 7.45896482468,
        "min": 5.53424787521,
        "var": 0.211134135723
    },
    "spectral_flux": {
        "dmean": 0.0239770095795,
        "dmean2": 0.0382302477956,
        "dvar": 0.000793018029071,
        "dvar2": 0.00172225874849,
        "max": 0.344736903906,
        "mean": 0.0845424085855,
        "median": 0.0759046971798,
        "min": 1.01966893262e-10,
        "var": 0.00190140039194
    },
    "spectral_kurtosis": {
        "dmean": 2.16629600525,
        "dmean2": 3.65975928307,
        "dvar": 6.2084312439,
        "dvar2": 17.2406005859,
        "max": 50.961643219,
        "mean": 5.62377691269,
        "median": 4.68597126007,
        "min": -1.19087195396,
        "var": 18.7067375183
    },
    "spectral_rms": {
        "dmean": 0.000723639561329,
        "dmean2": 0.00109596829861,
        "dvar": 7.61546914418e-07,
        "dvar2": 1.64415996551e-06,
        "max": 0.0145273087546,
        "mean": 0.00533226085827,
        "median": 0.0052308710292,
        "min": 3.18491066853e-12,
        "var": 3.03731667373e-06
    },
    "spectral_rolloff": {
        "dmean": 315.690155029,
        "dmean2": 518.515930176,
        "dvar": 422206.71875,
        "dvar2": 791396.9375,
        "max": 18346.2890625,
        "mean": 1270.53662109,
        "median": 1012.06054688,
        "min": 86.1328125,
        "var": 1332359.875
    },
    "spectral_skewness": {
        "dmean": 0.244140222669,
        "dmean2": 0.393003433943,
        "dvar": 0.0563287213445,
        "dvar2": 0.142166137695,
        "max": 5.74633455276,
        "mean": 1.69674098492,
        "median": 1.61434483528,
        "min": -0.271013736725,
        "var": 0.355353146791
    },
    "spectral_spread": {
        "dmean": 443004.25,
        "dmean2": 630458.5,
        "dvar": 454957924352,
        "dvar2": 733929537536,
        "max": 39701284,
        "mean": 3743763.75,
        "median": 3402709,
        "min": 1431956.875,
        "var": 1.76341437645e+12
    },
    "spectral_strongpeak": {
        "dmean": 0.611742675304,
        "dmean2": 1.01707184315,
        "dvar": 0.901904284954,
        "dvar2": 2.20686912537,
        "max": 11.1019878387,
        "mean": 1.13475549221,
        "median": 0.557782888412,
        "min": 0,
        "var": 1.69269192219
    },
    "zerocrossingrate": {
        "dmean": 0.00700683286414,
        "dmean2": 0.00816686172038,
        "dvar": 0.000117282907013,
        "dvar2": 0.00011749487021,
        "max": 0.748046875,
        "mean": 0.0481487028301,
        "median": 0.0458984375,
        "min": 0.00341796875,
        "var": 0.000981001066975
    },
    "barkbands": {
        "dmean": [0.000254938058788, 0.00319468788803, 0.00126887194347, 0.00057037640363, 0.00191413378343, 0.00091651675757, 0.00131276831962, 0.00173286255449, 0.00119231641293, 0.000983432284556, 0.000525695038959, 0.000480199290905, 0.000400389690185, 0.000391299836338, 0.000389777182136, 0.000326061766827, 0.000269120326266, 0.000177186288056, 0.000154251116328, 4.97877481394e-05, 4.30624277215e-05, 5.41180124856e-05, 4.97977052873e-05, 3.67223401554e-05, 2.41955312958e-05, 7.14418177949e-08, 1.17022114221e-09],
        "dmean2": [0.000384085025871, 0.00553690036759, 0.00205469736829, 0.000942299026065, 0.00317906611599, 0.00145951367449, 0.00201952946372, 0.00268537155353, 0.00182208896149, 0.00152518192772, 0.00080120365601, 0.000750325270928, 0.000639716512524, 0.000637267134152, 0.000615144090261, 0.000505030911881, 0.00042149683577, 0.000276458275039, 0.000239519184106, 7.96703097876e-05, 6.63077444187e-05, 8.01784117357e-05, 7.13896151865e-05, 5.1729624829e-05, 3.50885093212e-05, 1.20079960197e-07, 2.15450923768e-09],
        "dvar": [4.6474022497e-07, 6.69035507599e-05, 1.01588711914e-05, 1.23363781768e-06, 1.00324805317e-05, 3.33357343152e-06, 1.34021638587e-05, 2.05429532798e-05, 8.99970746104e-06, 5.60423995921e-06, 2.65271637545e-06, 2.10317898564e-06, 1.04848038518e-06, 9.22457161323e-07, 7.9145354448e-07, 5.90704530623e-07, 3.41744168963e-07, 1.41361240935e-07, 1.08876399452e-07, 1.09245625879e-08, 1.4191369857e-08, 3.04371283733e-08, 2.80787819662e-08, 1.4233080492e-08, 4.22938883915e-09, 4.90159873952e-14, 2.72620407847e-18],
        "dvar2": [1.00578517959e-06, 0.000201195158297, 2.51627880061e-05, 2.97823862638e-06, 2.61897857854e-05, 7.73073134042e-06, 3.08776398015e-05, 4.69234473712e-05, 1.96451219381e-05, 1.2923687791e-05, 5.83673136134e-06, 4.68876669402e-06, 2.44859643317e-06, 2.26375846069e-06, 1.84963698757e-06, 1.27469786548e-06, 7.59488102631e-07, 3.14749854624e-07, 2.39042634576e-07, 2.65884967376e-08, 2.85358705554e-08, 5.54514407725e-08, 5.14790201578e-08, 2.76748366446e-08, 9.25869247936e-09, 1.28699053368e-13, 8.55790804708e-18],
        "max": [0.0198968928307, 0.188237428665, 0.119521722198, 0.0264475308359, 0.0642439126968, 0.037094604224, 0.115370437503, 0.0989769473672, 0.0858248770237, 0.0409645885229, 0.0571407042444, 0.0389367826283, 0.0256243869662, 0.0205818805844, 0.0166039112955, 0.0196796022356, 0.0142245180905, 0.0105657475069, 0.0116265453398, 0.0033669047989, 0.00697275204584, 0.00949946325272, 0.00644957227632, 0.00298530422151, 0.00131121859886, 6.80665834807e-06, 1.95392342306e-08],
        "mean": [0.000537425861694, 0.00736895250157, 0.00343586155213, 0.00111740163993, 0.0037753675133, 0.00176067382563, 0.00235465099104, 0.00250557321124, 0.00200594612397, 0.00156191783026, 0.000876407779288, 0.000746045436244, 0.000603721942753, 0.000584113877267, 0.000634036958218, 0.000621446000878, 0.000529674289282, 0.000382761296351, 0.00035406454117, 0.000110026594484, 9.36878932407e-05, 0.00010412465781, 9.03209220269e-05, 6.40681391815e-05, 3.87035033782e-05, 7.09521899012e-08, 9.81846492998e-10],
        "median": [0.000121813907754, 0.00374345947057, 0.00153747480363, 0.000522581860423, 0.00225915759802, 0.000914442469366, 0.000822707428597, 0.000641154358163, 0.000540713430382, 0.000400570046622, 0.000181166338734, 0.000183984724572, 0.000159453396918, 0.000194697902771, 0.000204358191695, 0.00017554013175, 0.00018991556135, 0.000150321371621, 0.000162388954777, 6.7063854658e-05, 4.40916774096e-05, 3.72198119294e-05, 2.45690025622e-05, 1.47441287481e-05, 9.31895647227e-06, 1.08591322601e-08, 4.12374356884e-10],
        "min": [9.85214821636e-23, 2.89661898897e-23, 3.34496619119e-23, 2.1002863088e-23, 6.51463044984e-23, 4.58252960157e-23, 6.05628143797e-23, 5.42243927369e-23, 2.03044416146e-22, 3.68728133695e-23, 5.21062223203e-23, 1.56022449691e-22, 1.23271860536e-22, 1.44213366023e-22, 1.32352268022e-22, 1.43445028123e-22, 1.83490472815e-22, 2.38462251306e-22, 2.38429409449e-22, 3.75908604401e-22, 3.80652801263e-22, 4.57029253878e-22, 6.155090116e-22, 9.64467047765e-22, 8.77315815415e-22, 1.81119111495e-21, 2.14198985076e-21],
        "var": [1.40477732202e-06, 0.000124951417092, 4.99444795423e-05, 3.54396343027e-06, 2.34188064496e-05, 6.74665170664e-06, 2.34017043113e-05, 3.1469084206e-05, 1.81544128282e-05, 1.07939649752e-05, 5.51430775886e-06, 3.70775228475e-06, 1.71936483184e-06, 1.47723869759e-06, 1.49459174281e-06, 1.50000255417e-06, 8.3901159087e-07, 4.39655252649e-07, 3.50103789515e-07, 2.29474910185e-08, 3.79883999813e-08, 8.28296293776e-08, 6.42318553901e-08, 3.17570858499e-08, 7.35984873046e-09, 4.46712572532e-14, 2.24822086343e-18]
    },
    "erbbands": {
        "dmean": [0.107169754803, 0.696326851845, 1.46944952011, 1.54030525684, 4.30071020126, 7.60299015045, 6.61171483994, 7.86071157455, 14.9668741226, 27.9056148529, 35.304901123, 27.6921577454, 30.4192867279, 24.2869110107, 20.7343025208, 19.9044342041, 17.9262199402, 19.5949001312, 19.0682811737, 16.9736442566, 15.9549274445, 12.6300144196, 9.96404838562, 7.91147089005, 6.26217699051, 2.32174539566, 1.81974053383, 1.669090271, 1.85251235962, 1.98079907894, 1.30875766277, 0.945728898048, 0.537946164608, 0.313444584608, 0.154313012958, 0.0114323478192, 0.000281921180431, 1.89590518858e-05, 6.11471386947e-06, 1.0094566278e-05],
        "dmean2": [0.180559560657, 1.21154141426, 2.39798641205, 2.49880623817, 7.28379297256, 12.5281124115, 10.2557849884, 12.7377262115, 23.1953487396, 43.2518234253, 54.4592590332, 41.9848098755, 46.836933136, 37.0964927673, 30.1841125488, 30.8979663849, 28.2857341766, 31.5379066467, 30.399597168, 25.9240207672, 24.4408245087, 19.7208213806, 15.3949184418, 12.2051401138, 9.780210495, 3.72457838058, 2.86982083321, 2.50344753265, 2.80139827728, 2.94728565216, 1.86156821251, 1.33784747124, 0.775810718536, 0.453719943762, 0.230737507343, 0.0175528582186, 0.000424610479968, 2.76375758403e-05, 9.02276769921e-06, 1.54240497068e-05],
        "dvar": [0.0737945586443, 3.46254324913, 13.454993248, 9.69657039642, 59.0128669739, 189.06980896, 137.780853271, 282.717834473, 1496.14611816, 5856.57226562, 9901.36425781, 5946.24511719, 6489.53125, 5973.66455078, 3094.82543945, 3892.36035156, 2096.68481445, 2288.32617188, 2081.63452148, 1706.8223877, 1463.03564453, 801.292724609, 426.847412109, 309.315155029, 169.543685913, 23.971944809, 18.233537674, 30.491071701, 34.5505981445, 45.0889549255, 21.3964347839, 10.9532003403, 2.7668838501, 0.724177718163, 0.180019035935, 0.00122463866137, 6.78347362282e-07, 2.61198485063e-09, 8.96193744215e-11, 1.94136290377e-10],
        "dvar2": [0.212119191885, 10.3372440338, 33.9992485046, 23.8036994934, 161.026519775, 474.568084717, 306.364105225, 663.976989746, 3243.74267578, 13605.7744141, 23077.3183594, 12891.2392578, 15088.6005859, 14537.7158203, 6123.15527344, 8601.75, 4757.77832031, 5374.9296875, 4957.34765625, 3519.27490234, 3309.03613281, 1821.38500977, 934.5234375, 649.840270996, 375.161102295, 62.8791542053, 39.7452774048, 55.5398025513, 64.9713668823, 90.7897338867, 38.3787078857, 21.1344203949, 5.54820775986, 1.54973185062, 0.406361103058, 0.00279837148264, 1.51687947891e-06, 5.62452440178e-09, 1.90151103197e-10, 4.52688775354e-10],
        "max": [7.28330612183, 39.0341072083, 125.834594727, 65.0303649902, 200.169525146, 262.38885498, 268.8253479, 393.91607666, 1283.13037109, 1641.51464844, 2518.49633789, 2552.47485352, 2173.27270508, 2976.86157227, 1261.48962402, 1812.6887207, 1370.54333496, 1034.71850586, 1038.92297363, 1158.16638184, 963.081176758, 990.049316406, 653.40411377, 805.245849609, 293.966705322, 173.088531494, 155.197891235, 366.311737061, 290.031005859, 274.612854004, 184.834274292, 95.5619430542, 47.0138053894, 19.377161026, 8.85333538055, 1.08480799198, 0.0240514092147, 0.00134801573586, 0.000207796241739, 0.000233695362112],
        "mean": [0.245692804456, 1.50694870949, 4.01440954208, 3.85674190521, 7.47237968445, 14.0881080627, 13.0203809738, 14.4938344955, 28.4228610992, 47.1763191223, 52.5149116516, 47.0015525818, 52.7985115051, 40.2594451904, 37.1859054565, 32.6708488464, 29.3215065002, 32.2142181396, 32.1704826355, 32.0120582581, 33.1206893921, 27.5741691589, 23.202205658, 19.4415473938, 13.9910316467, 5.41386270523, 4.18567943573, 3.49192380905, 3.5595600605, 3.53534030914, 2.34822559357, 1.60541248322, 0.928383648396, 0.502002120018, 0.241345152259, 0.0165046472102, 0.000442409422249, 3.43183746736e-05, 2.1187677703e-05, 3.84861050406e-05],
        "median": [0.105556830764, 0.761059939861, 1.91146469116, 2.04736542702, 4.04272842407, 7.18119764328, 7.00094985962, 7.38093137741, 11.5722913742, 15.6140823364, 14.9386901855, 15.202788353, 14.4325675964, 11.3539524078, 9.99875640869, 9.52006721497, 9.05193138123, 11.7295646667, 11.0379457474, 11.232837677, 10.5399417877, 10.3554153442, 9.03203105927, 8.79203414917, 6.83795642853, 3.40611100197, 2.06689405441, 1.49422454834, 1.30656599998, 1.10820865631, 0.624579548836, 0.369280159473, 0.214529514313, 0.121709004045, 0.0545263178647, 0.00322180241346, 0.000105595056084, 1.1906945474e-05, 1.79306116479e-05, 3.38855024893e-05],
        "min": [1.18814740886e-21, 6.60213196167e-21, 2.25039203159e-20, 8.32976369837e-20, 2.30393375243e-19, 1.36929358952e-19, 1.2413803183e-19, 4.99827193858e-19, 9.85322863217e-19, 6.03385140068e-19, 2.55620543449e-18, 4.37608529338e-18, 1.47641409923e-18, 1.70372064322e-18, 2.70045952947e-18, 6.13621024519e-18, 6.5111141414e-18, 7.57699178178e-18, 5.04958608788e-18, 6.95401890141e-18, 9.73519202671e-18, 1.16825075376e-17, 1.56190675173e-17, 1.05346455451e-17, 1.10745306145e-17, 1.90368421508e-17, 2.12238530964e-17, 9.96355591432e-18, 1.39613280866e-17, 2.09030294415e-17, 1.70366036243e-17, 1.77884065764e-17, 1.55949154978e-17, 9.3578777262e-18, 6.87348004748e-18, 6.2663278235e-18, 3.34061936181e-18, 1.33808778732e-18, 3.09841177947e-19, 3.1510421153e-20],
        "var": [0.169379040599, 5.70945739746, 58.1525726318, 33.4753837585, 123.39503479, 426.179962158, 320.171844482, 517.584716797, 3021.69458008, 10189.8066406, 15027.3232422, 11354.6826172, 11314.4384766, 8943.17285156, 7659.79150391, 6990.04882812, 3584.86743164, 4364.85107422, 3637.85009766, 3814.05786133, 3950.31542969, 2055.11645508, 1461.203125, 1097.56225586, 520.167480469, 47.9000663757, 53.5090141296, 78.2206268311, 90.8413009644, 99.9972381592, 47.0742454529, 22.0380783081, 6.25083684921, 1.3721088171, 0.285388410091, 0.00172134593595, 1.03240552107e-06, 4.5774548596e-09, 2.26969609773e-10, 5.79189307626e-10]
    },
    "gfcc": {
        "mean": [-13.9328279495, 130.838287354, -138.60987854, 42.5360145569, -67.0593566895, 17.2740402222, -38.4656562805, 10.9318571091, -10.7587528229, -8.3314704895, -2.27851629257, -13.185461998, 2.30356788635],
        "cov": [[3252.45117188, -797.878234863, -530.938476562, 210.45916748, -242.248428345, 185.13444519, -255.215896606, 229.190353394, -97.4088897705, 122.888038635, -76.9446563721, 63.595741272, -42.6513404846], [-797.878234863, 1129.02001953, 487.621520996, 7.15246868134, 330.351867676, -182.494918823, 202.154541016, -120.047058105, 140.550888062, -94.1416702271, 132.275726318, -61.7202911377, 29.290348053], [-530.938476562, 487.621520996, 1349.00537109, 421.663513184, 132.988067627, 107.491386414, -40.4833488464, -55.68334198, 27.2173213959, 72.0957641602, 34.4752693176, 1.02687823772, 20.8046035767], [210.45916748, 7.15246868134, 421.663513184, 517.52734375, 105.835205078, -19.6313304901, -103.635597229, -3.23554491997, 71.8130111694, 37.3824005127, -9.43996334076, 45.3881759644, 41.0817108154], [-242.248428345, 330.351867676, 132.988067627, 105.835205078, 293.771453857, -43.3761672974, 36.670791626, -4.5407743454, 62.1991539001, -7.13642263412, 27.17029953, -9.01095962524, 37.8824234009], [185.13444519, -182.494918823, 107.491386414, -19.6313304901, -43.3761672974, 259.554534912, 50.46144104, 30.3927249908, -56.9402008057, 64.3243026733, -10.1655769348, -15.7589702606, -6.69858980179], [-255.215896606, 202.154541016, -40.4833488464, -103.635597229, 36.670791626, 50.46144104, 250.105697632, 6.55403232574, 17.1050052643, -25.670003891, 56.2695236206, -23.3061161041, 2.0205745697], [229.190353394, -120.047058105, -55.68334198, -3.23554491997, -4.5407743454, 30.3927249908, 6.55403232574, 129.003646851, 17.3645935059, 31.6722946167, -8.92031002045, 13.7619848251, -0.865779876709], [-97.4088897705, 140.550888062, 27.2173213959, 71.8130111694, 62.1991539001, -56.9402008057, 17.1050052643, 17.3645935059, 171.086898804, -4.39445877075, 9.79802703857, 1.52160561085, 17.0000686646], [122.888038635, -94.1416702271, 72.0957641602, 37.3824005127, -7.13642263412, 64.3243026733, -25.670003891, 31.6722946167, -4.39445877075, 106.160591125, 10.9393987656, 0.14825373888, 5.1268324852], [-76.9446563721, 132.275726318, 34.4752693176, -9.43996334076, 27.17029953, -10.1655769348, 56.2695236206, -8.92031002045, 9.79802703857, 10.9393987656, 82.9836807251, 13.6814546585, -0.866944253445], [63.595741272, -61.7202911377, 1.02687823772, 45.3881759644, -9.01095962524, -15.7589702606, -23.3061161041, 13.7619848251, 1.52160561085, 0.14825373888, 13.6814546585, 79.2660217285, 16.1619758606], [-42.6513404846, 29.290348053, 20.8046035767, 41.0817108154, 37.8824234009, -6.69858980179, 2.0205745697, -0.865779876709, 17.0000686646, 5.1268324852, -0.866944253445, 16.1619758606, 60.4127616882]],
        "icov": [[0.000686498766299, -0.000911941751838, 0.000922549457755, -0.00112694420386, 0.00099217321258, -0.00125082570594, 0.00108493014704, -0.00136135960929, 0.000647643930279, -0.000363641738659, 0.000256061262917, -0.000367894739611, 0.000509518606123], [-0.000911941751838, 0.0069847763516, -0.0039040450938, 0.00388277485035, -0.00535400025547, 0.00539719127119, -0.00395669462159, 0.00412299996242, -0.00303789926693, 0.00319243734702, -0.00509182875976, 0.00386084825732, -0.00170107034501], [0.000922549457755, -0.0039040450938, 0.00364197068848, -0.00356938247569, 0.00295365555212, -0.0040339268744, 0.00271598692052, -0.00233175908215, 0.00191581516992, -0.00193602254149, 0.00192940572742, -0.00169795448892, 0.0014006504789], [-0.00112694420386, 0.00388277485035, -0.00356938247569, 0.0063301762566, -0.00405208440498, 0.00372781278566, -0.00177146913484, 0.00328369368799, -0.00304597523063, 0.00113476160914, -0.00155015685596, 0.000276004255284, -0.0020282601472], [0.00099217321258, -0.00535400025547, 0.00295365555212, -0.00405208440498, 0.00887891184539, -0.00374190276489, 0.00278115994297, -0.00404307153076, 0.0017969137989, -0.00183717219625, 0.00227874703705, -0.00109313114081, -0.00112345826346], [-0.00125082570594, 0.00539719127119, -0.0040339268744, 0.00372781278566, -0.00374190276489, 0.0110818287358, -0.0062108496204, 0.00330324633978, -0.000636325217783, -0.00168829364702, -0.000707558880094, 0.0029002239462, -0.00127911602613], [0.00108493014704, -0.00395669462159, 0.00271598692052, -0.00177146913484, 0.00278115994297, -0.0062108496204, 0.00990668870509, -0.00431275367737, 0.000830537464935, 0.00204294547439, -0.00330922752619, 0.000411263259593, -0.000436733214883], [-0.00136135960929, 0.00412299996242, -0.00233175908215, 0.00328369368799, -0.00404307153076, 0.00330324633978, -0.00431275367737, 0.0134782865644, -0.00363407540135, -0.0018895365065, 0.000460620678496, -0.00102863227949, 0.000313617289066], [0.000647643930279, -0.00303789926693, 0.00191581516992, -0.00304597523063, 0.0017969137989, -0.000636325217783, 0.000830537464935, -0.00363407540135, 0.00896369758993, -0.00170613708906, 0.001961391652, -0.000700357719325, -9.75803268375e-05], [-0.000363641738659, 0.00319243734702, -0.00193602254149, 0.00113476160914, -0.00183717219625, -0.00168829364702, 0.00204294547439, -0.0018895365065, -0.00170613708906, 0.0165002867579, -0.00846633967012, 0.0046800095588, -0.00333375739865], [0.000256061262917, -0.00509182875976, 0.00192940572742, -0.00155015685596, 0.00227874703705, -0.000707558880094, -0.00330922752619, 0.000460620678496, 0.001961391652, -0.00846633967012, 0.0233424678445, -0.00923515483737, 0.00462126312777], [-0.000367894739611, 0.00386084825732, -0.00169795448892, 0.000276004255284, -0.00109313114081, 0.0029002239462, 0.000411263259593, -0.00102863227949, -0.000700357719325, 0.0046800095588, -0.00923515483737, 0.0194125082344, -0.00628198916093], [0.000509518606123, -0.00170107034501, 0.0014006504789, -0.0020282601472, -0.00112345826346, -0.00127911602613, -0.000436733214883, 0.000313617289066, -9.75803268375e-05, -0.00333375739865, 0.00462126312777, -0.00628198916093, 0.0212731920183]]
    },
    "melbands": {
        "dmean": [0.000899288628716, 0.00078792416025, 0.000308014714392, 0.000444161851192, 0.000252014113357, 0.000180425995495, 0.000240508175921, 0.000323637155816, 0.000279340223642, 0.000172647967702, 0.000153445624164, 0.000103640777525, 7.31293475837e-05, 5.59903855901e-05, 4.82155119244e-05, 3.63206236216e-05, 3.95692768507e-05, 3.10567993438e-05, 2.61583354586e-05, 2.56536059169e-05, 1.86685374501e-05, 1.43113165905e-05, 1.40082729558e-05, 7.6369215094e-06, 6.92677622283e-06, 6.32116052657e-06, 2.66783717962e-06, 1.48077083395e-06, 1.28065209992e-06, 1.08788469788e-06, 1.03492288872e-06, 1.06801576294e-06, 1.1920135421e-06, 1.12931127205e-06, 7.90561330177e-07, 7.24476080904e-07, 5.56624797809e-07, 4.35398106902e-07, 2.88745411581e-07, 2.71399812846e-07],
        "dmean2": [0.0015463125892, 0.00131965207402, 0.000503384508193, 0.000747903250158, 0.000392877031118, 0.0002898859384, 0.000372526177671, 0.000499614863656, 0.000431328080595, 0.000262464192929, 0.000237226340687, 0.000159252478625, 0.000109131469799, 8.66111295181e-05, 7.61546834838e-05, 5.76288621232e-05, 6.40054204268e-05, 5.01897193317e-05, 4.06361905334e-05, 3.98868505727e-05, 2.90408388537e-05, 2.25705225603e-05, 2.19695430133e-05, 1.1900694517e-05, 1.07968680823e-05, 9.9971130112e-06, 4.26503174822e-06, 2.42556029662e-06, 2.04769162337e-06, 1.69760153312e-06, 1.57701788339e-06, 1.62476476362e-06, 1.84064765563e-06, 1.71571639385e-06, 1.15230545816e-06, 1.0453163668e-06, 8.01753003543e-07, 6.45720547254e-07, 4.21424459773e-07, 4.01466280664e-07],
        "dvar": [5.22577056472e-06, 3.82411053579e-06, 3.26660313021e-07, 6.09729568168e-07, 1.73503494239e-07, 1.37069108064e-07, 4.11312839788e-07, 7.15886869784e-07, 6.17658940882e-07, 2.18636458271e-07, 1.64564198712e-07, 1.04654141353e-07, 4.2038383441e-08, 2.50960265902e-08, 2.03699990209e-08, 8.57930615439e-09, 9.57286427905e-09, 5.74537573073e-09, 3.96645294387e-09, 4.07049194351e-09, 2.13423190232e-09, 1.1148738599e-09, 9.4627161662e-10, 2.79974127215e-10, 2.40804376439e-10, 1.86965345983e-10, 3.45111196565e-11, 1.03870913606e-11, 8.32051962052e-12, 9.54667161296e-12, 1.21076915854e-11, 1.12225020943e-11, 1.57688775232e-11, 1.5938183065e-11, 7.62042685898e-12, 8.11115931365e-12, 3.54421678637e-12, 2.02935910264e-12, 6.09833906463e-13, 5.55693024148e-13],
        "dvar2": [1.55809393618e-05, 1.03564661913e-05, 8.17540012577e-07, 1.63083814186e-06, 3.92357009105e-07, 3.20130567388e-07, 9.15726559469e-07, 1.64892674093e-06, 1.41949612953e-06, 4.76297316254e-07, 3.82658186027e-07, 2.53819024465e-07, 8.55952890788e-08, 5.37836548631e-08, 4.84404054646e-08, 1.93382465596e-08, 2.31362271563e-08, 1.37320679272e-08, 8.81966855104e-09, 8.49992343177e-09, 4.98174879127e-09, 2.57674503956e-09, 2.22914664505e-09, 6.04373495694e-10, 5.23282139842e-10, 4.20854240346e-10, 7.66505123262e-11, 2.76453530207e-11, 1.93492773887e-11, 1.95058517949e-11, 2.27936575864e-11, 2.07387960971e-11, 3.4193786691e-11, 3.28136302852e-11, 1.38533793811e-11, 1.66689839015e-11, 6.95714926641e-12, 4.35224686152e-12, 1.2249843067e-12, 1.24680875433e-12],
        "max": [0.0537814423442, 0.0473902560771, 0.0107816969976, 0.0179830640554, 0.00770043348894, 0.00783994514495, 0.0191426388919, 0.0179846081883, 0.0181665867567, 0.0141163505614, 0.0105359591544, 0.0113669410348, 0.0051008798182, 0.00401238678023, 0.00387409958057, 0.00217024818994, 0.0022742326837, 0.00169046793599, 0.00176224438474, 0.00181603024248, 0.00118378340267, 0.00118748622481, 0.000814045604784, 0.000531561672688, 0.000684322905727, 0.000335994292982, 0.000215241248952, 0.000113115776912, 8.15410676296e-05, 0.000162495314726, 0.000226600866881, 0.000189289770788, 0.000170191415236, 0.000144830599311, 0.00011220498709, 0.000112755536975, 4.79814443679e-05, 4.36180343968e-05, 1.67660873558e-05, 1.68320348166e-05],
        "mean": [0.0020811217837, 0.00210605422035, 0.000757702393457, 0.000826142320875, 0.000500414753333, 0.000335705117323, 0.000451930012787, 0.000524756149389, 0.000413316243794, 0.000289384654025, 0.000259475462371, 0.000161715128343, 0.000127154882648, 9.01133098523e-05, 7.43792916182e-05, 5.75276972086e-05, 5.96219470026e-05, 4.89063677378e-05, 4.31874250353e-05, 4.55755798612e-05, 3.66622916772e-05, 2.78593452094e-05, 2.77997041849e-05, 1.68575606949e-05, 1.55412089953e-05, 1.3347780623e-05, 5.45332932234e-06, 3.06220636048e-06, 2.67801578957e-06, 2.22815583584e-06, 1.95419738702e-06, 1.96916016648e-06, 2.07116613637e-06, 1.91308686226e-06, 1.35941991175e-06, 1.1707207932e-06, 8.99951317024e-07, 6.95712515153e-07, 4.88766374929e-07, 4.02116285159e-07],
        "median": [0.000990063883364, 0.00111063593067, 0.000425186473876, 0.000450177991297, 0.000282403023448, 0.000166715617524, 0.000177664303919, 0.000164265278727, 0.000109922446427, 8.24400340207e-05, 6.44294777885e-05, 4.14902242483e-05, 2.97726910503e-05, 2.4304172257e-05, 2.09637018997e-05, 1.63041549968e-05, 1.92859679373e-05, 1.56026217155e-05, 1.39532303365e-05, 1.35098416649e-05, 1.10563205453e-05, 1.04629652924e-05, 9.60847501119e-06, 6.61325293549e-06, 6.62444290356e-06, 5.63353023608e-06, 3.13177133648e-06, 1.79011078671e-06, 1.253753112e-06, 9.90738044493e-07, 7.49092578189e-07, 6.9369036737e-07, 6.84606902723e-07, 5.51948687644e-07, 3.41342399679e-07, 2.63857714344e-07, 1.97823680992e-07, 1.5228455652e-07, 1.11340241915e-07, 9.4574872378e-08],
        "min": [1.61079575053e-23, 1.2063910984e-23, 1.71242296545e-23, 1.68868077656e-23, 3.74831518965e-24, 1.18854785359e-23, 1.33499230758e-23, 7.40465629749e-24, 2.82432241136e-23, 2.48127173169e-23, 6.3871247318e-24, 6.29788286975e-24, 7.90536130239e-24, 1.40497484061e-23, 1.8091164865e-23, 1.32168816841e-23, 1.41446783497e-23, 7.03534159838e-24, 1.14192964508e-23, 8.20416288063e-24, 1.06248141227e-23, 1.09520565032e-23, 1.27682004782e-23, 1.32376334591e-23, 7.92721038289e-24, 8.80709794796e-24, 7.03747073397e-24, 1.46890318173e-23, 1.43800428894e-23, 9.55756893723e-24, 4.72225509058e-24, 7.20957730652e-24, 1.04853048605e-23, 1.25437514068e-23, 1.05904671189e-23, 8.80620180197e-24, 1.11231722664e-23, 1.02795746696e-23, 1.00155192588e-23, 7.45516548353e-24],
        "var": [1.0440467122e-05, 1.14844469863e-05, 1.1295760487e-06, 1.41073371651e-06, 4.15020537048e-07, 2.71817270914e-07, 7.76457056872e-07, 1.21589175706e-06, 9.71870349531e-07, 4.24707280899e-07, 2.89597295478e-07, 1.59875099826e-07, 1.0627217506e-07, 4.73836934134e-08, 3.03135436752e-08, 1.61468332038e-08, 1.64190332441e-08, 9.25184373557e-09, 7.8395432368e-09, 8.87521522941e-09, 5.28275911904e-09, 2.41451569849e-09, 2.4213351324e-09, 9.29582189002e-10, 7.70642050174e-10, 5.90820836699e-10, 6.94921897804e-11, 1.8955009437e-11, 2.25360372724e-11, 2.52049353611e-11, 2.84628744185e-11, 2.91537176345e-11, 3.43397775493e-11, 3.20044893365e-11, 1.64976018957e-11, 1.36889969846e-11, 7.20995312065e-12, 4.02396258675e-12, 1.42369460405e-12, 9.06354689651e-13]
    },
    "mfcc": {
        "mean": [-641.245300293, 139.903900146, -5.34120368958, 21.1700496674, 3.41132426262, 0.155168235302, -5.42273521423, 7.51972436905, -0.345109969378, 3.96716833115, 3.46991634369, -1.84427440166, 0.407529234886],
        "cov": [[3256.83959961, -1185.08984375, -548.66027832, -206.067214966, -70.4400100708, -150.572692871, -79.6842880249, 2.96948933601, -5.11462593079, 53.0875358582, -30.4595088959, 21.0937023163, -26.6441707611], [-1185.08984375, 1228.31225586, 169.030014038, 180.345230103, 88.8479690552, 49.0999298096, 96.686958313, 47.0564460754, -19.7359542847, 18.7870826721, 58.9738693237, -12.0141592026, 49.016910553], [-548.66027832, 169.030014038, 1123.52172852, 299.214691162, 233.827270508, 189.352874756, 44.2431488037, -41.1339073181, 2.13412547112, 24.9165649414, -5.19114542007, 28.650390625, 55.3115463257], [-206.067214966, 180.345230103, 299.214691162, 522.954406738, 249.274291992, 32.6622085571, -85.3853302002, 9.79350662231, 23.5345954895, -23.0574016571, 0.866934239864, -7.48995923996, 61.4304885864], [-70.4400100708, 88.8479690552, 233.827270508, 249.274291992, 316.28994751, 49.7817878723, -57.022354126, -24.0965824127, 33.8319854736, 11.1240816116, 0.451761394739, -10.7030334473, 29.9597148895], [-150.572692871, 49.0999298096, 189.352874756, 32.6622085571, 49.7817878723, 175.920547485, 71.1525039673, -7.43082666397, 15.5788431168, 28.1964664459, -1.61799001694, 10.351392746, 5.98501062393], [-79.6842880249, 96.686958313, 44.2431488037, -85.3853302002, -57.022354126, 71.1525039673, 225.833877563, 10.3831186295, -3.29280591011, 23.838010788, 1.93270766735, 34.8448524475, -8.99512386322], [2.96948933601, 47.0564460754, -41.1339073181, 9.79350662231, -24.0965824127, -7.43082666397, 10.3831186295, 118.004844666, 23.3613739014, -2.89991855621, 21.1415748596, 0.576436758041, 5.88621902466], [-5.11462593079, -19.7359542847, 2.13412547112, 23.5345954895, 33.8319854736, 15.5788431168, -3.29280591011, 23.3613739014, 99.1349639893, 35.1089859009, 6.44515275955, 3.45263314247, 2.70231032372], [53.0875358582, 18.7870826721, 24.9165649414, -23.0574016571, 11.1240816116, 28.1964664459, 23.838010788, -2.89991855621, 35.1089859009, 114.152633667, 18.3139610291, 5.91899776459, 1.67900705338], [-30.4595088959, 58.9738693237, -5.19114542007, 0.866934239864, 0.451761394739, -1.61799001694, 1.93270766735, 21.1415748596, 6.44515275955, 18.3139610291, 76.7352905273, 21.0437011719, 2.97201919556], [21.0937023163, -12.0141592026, 28.650390625, -7.48995923996, -10.7030334473, 10.351392746, 34.8448524475, 0.576436758041, 3.45263314247, 5.91899776459, 21.0437011719, 79.3584442139, 17.2997016907], [-26.6441707611, 49.016910553, 55.3115463257, 61.4304885864, 29.9597148895, 5.98501062393, -8.99512386322, 5.88621902466, 2.70231032372, 1.67900705338, 2.97201919556, 17.2997016907, 75.4395217896]],
