{
"lowlevel": {
    "average_loudness": 0.919447243214,
    "barkbands_crest": {
        "dmean": 2.24887156487,
        "dmean2": 3.63170552254,
        "dvar": 4.46187591553,
        "dvar2": 11.0532045364,
        "max": 25.5054302216,
        "mean": 10.8121433258,
        "median": 9.96901988983,
        "min": 2.48161649704,
        "var": 21.1646518707
    },
    "barkbands_flatness_db": {
        "dmean": 0.0185307879001,
        "dmean2": 0.0287409815937,
        "dvar": 0.000317859201459,
        "dvar2": 0.000666073407046,
        "max": 0.392848312855,
        "mean": 0.182765826583,
        "median": 0.176537513733,
        "min": 0.0386171676219,
        "var": 0.00219837785698
    },
    "barkbands_kurtosis": {
        "dmean": 2.32076454163,
        "dmean2": 3.63697648048,
        "dvar": 16.2342128754,
        "dvar2": 37.480594635,
        "max": 97.669052124,
        "mean": 5.06669616699,
        "median": 1.72885227203,
        "min": -1.93889153004,
        "var": 72.6105804443
    },
    "barkbands_skewness": {
        "dmean": 0.399435728788,
        "dmean2": 0.609654247761,
        "dvar": 0.182225048542,
        "dvar2": 0.400270015001,
        "max": 8.23594856262,
        "mean": 1.33006095886,
        "median": 1.06419742107,
        "min": -2.03965258598,
        "var": 1.581772089
    },
    "barkbands_spread": {
        "dmean": 3.51673769951,
        "dmean2": 5.30580282211,
        "dvar": 24.2547416687,
        "dvar2": 47.4020347595,
        "max": 102.988250732,
        "mean": 15.4929847717,
        "median": 13.0110874176,
        "min": 1.00166249275,
        "var": 99.0456924438
    },
    "dissonance": {
        "dmean": 0.0232242811471,
        "dmean2": 0.0393062345684,
        "dvar": 0.000491828017402,
        "dvar2": 0.00132649135776,
        "max": 0.5,
        "mean": 0.451988279819,
        "median": 0.459167063236,
        "min": 0.240581735969,
        "var": 0.0012360784458
    },
    "dynamic_complexity": 2.05926418304,
    "erbbands_crest": {
        "dmean": 2.76334214211,
        "dmean2": 4.35508871078,
        "dvar": 7.32495594025,
        "dvar2": 16.8960704803,
        "max": 30.8981151581,
        "mean": 11.6445093155,
        "median": 10.2001771927,
        "min": 2.16754436493,
        "var": 34.4175605774
    },
    "erbbands_flatness_db": {
        "dmean": 0.0166530478746,
        "dmean2": 0.0246083363891,
        "dvar": 0.000300992192933,
        "dvar2": 0.000548934796825,
        "max": 0.347468107939,
        "mean": 0.203918844461,
        "median": 0.206135377288,
        "min": 0.0662533566356,
        "var": 0.0022012561094
    },
    "erbbands_kurtosis": {
        "dmean": 1.22259163857,
        "dmean2": 1.88735830784,
        "dvar": 3.16211032867,
        "dvar2": 7.08680295944,
        "max": 29.5755615234,
        "mean": 1.65301454067,
        "median": 0.660982608795,
        "min": -1.88219678402,
        "var": 10.4001188278
    },
    "erbbands_skewness": {
        "dmean": 0.355317771435,
        "dmean2": 0.543858885765,
        "dvar": 0.114705145359,
        "dvar2": 0.248803913593,
        "max": 5.04702234268,
        "mean": 0.804869651794,
        "median": 0.70396399498,
        "min": -4.16289758682,
        "var": 0.679409563541
    },
    "erbbands_spread": {
        "dmean": 6.45887136459,
        "dmean2": 9.39055919647,
        "dvar": 83.9684677124,
        "dvar2": 156.219223022,
        "max": 154.693481445,
        "mean": 28.9897232056,
        "median": 23.4065666199,
        "min": 3.35816717148,
        "var": 364.99710083
    },
    "hfc": {
        "dmean": 5.18680906296,
        "dmean2": 7.64585399628,
        "dvar": 45.5296211243,
        "dvar2": 91.1559524536,
        "max": 141.24546814,
        "mean": 22.7434482574,
        "median": 20.0331611633,
        "min": 1.14664345612e-16,
        "var": 209.648742676
    },
    "melbands_crest": {
        "dmean": 2.68477511406,
        "dmean2": 4.29062891006,
        "dvar": 6.25984764099,
        "dvar2": 15.4580154419,
        "max": 33.014629364,
        "mean": 13.4425315857,
        "median": 12.7811403275,
        "min": 1.6855134964,
        "var": 25.9347248077
    },
    "melbands_flatness_db": {
        "dmean": 0.0194379836321,
        "dmean2": 0.0288323871791,
        "dvar": 0.000426023965701,
        "dvar2": 0.000863750174176,
        "max": 0.437860518694,
        "mean": 0.205446496606,
        "median": 0.197593450546,
        "min": 0.00429241033271,
        "var": 0.00428836513311
    },
    "melbands_kurtosis": {
        "dmean": 4.57846069336,
        "dmean2": 7.09393024445,
        "dvar": 75.6747817993,
        "dvar2": 169.834716797,
        "max": 266.736328125,
        "mean": 10.8681030273,
        "median": 4.10805463791,
        "min": -1.68718850613,
        "var": 295.729400635
    },
    "melbands_skewness": {
        "dmean": 0.531707942486,
        "dmean2": 0.807761669159,
        "dvar": 0.379581570625,
        "dvar2": 0.809062838554,
        "max": 13.6300525665,
        "mean": 1.90606379509,
        "median": 1.53356480598,
        "min": -1.51518213749,
        "var": 2.63776636124
    },
    "melbands_spread": {
        "dmean": 4.09702920914,
        "dmean2": 6.31346940994,
        "dvar": 33.5302772522,
        "dvar2": 62.8390846252,
        "max": 243.556427002,
        "mean": 19.7816638947,
        "median": 18.0948028564,
        "min": 1.16082763672,
        "var": 175.579605103
    },
    "pitch_salience": {
        "dmean": 0.0596903190017,
        "dmean2": 0.0962305814028,
        "dvar": 0.00297087244689,
        "dvar2": 0.0075323828496,
        "max": 0.940948605537,
        "mean": 0.542236566544,
        "median": 0.537144958973,
        "min": 0.137229397893,
        "var": 0.0170056708157
    },
    "silence_rate_20dB": {
        "dmean": 0,
        "dmean2": 0,
        "dvar": 0,
        "dvar2": 0,
        "max": 1,
        "mean": 1,
        "median": 1,
        "min": 1,
        "var": 0
    },
    "silence_rate_30dB": {
        "dmean": 0.00234962394461,
        "dmean2": 0.00469980016351,
        "dvar": 0.00234427093528,
        "dvar2": 0.00608830386773,
        "max": 1,
        "mean": 0.997768104076,
        "median": 1,
        "min": 0,
        "var": 0.00222708820365
    },
    "silence_rate_60dB": {
        "dmean": 0.000939849647693,
        "dmean2": 0.00187992013525,
        "dvar": 0.000939025136176,
        "dvar2": 0.00187659251969,
        "max": 1,
        "mean": 0.00152707623783,
        "median": 0,
        "min": 0,
        "var": 0.00152443954721
    },
    "spectral_centroid": {
        "dmean": 156.56048584,
        "dmean2": 233.859603882,
        "dvar": 41387.375,
        "dvar2": 77455.15625,
        "max": 10979.3769531,
        "mean": 1147.78881836,
        "median": 1153.34106445,
        "min": 228.717819214,
        "var": 289732.59375
    },
    "spectral_complexity": {
        "dmean": 2.87546992302,
        "dmean2": 4.59757947922,
        "dvar": 10.2212820053,
        "dvar2": 22.3167266846,
        "max": 55,
        "mean": 18.5123920441,
        "median": 18,
        "min": 0,
        "var": 61.8826637268
    },
    "spectral_decrease": {
        "dmean": 1.72029313017e-09,
        "dmean2": 2.65371147279e-09,
        "dvar": 4.61700702346e-18,
        "dvar2": 1.06580112617e-17,
        "max": -1.36909514829e-29,
        "mean": -7.6251485126e-09,
        "median": -7.42397254783e-09,
        "min": -5.03400379159e-08,
        "var": 1.82045462533e-17
    },
    "spectral_energy": {
        "dmean": 0.00687586143613,
        "dmean2": 0.0105836084113,
        "dvar": 7.1470203693e-05,
        "dvar2": 0.000163398362929,
        "max": 0.194430962205,
        "mean": 0.0308420471847,
        "median": 0.0301381647587,
        "min": 1.04520716589e-20,
        "var": 0.000281894754153
    },
    "spectral_energyband_high": {
        "dmean": 0.000216910368181,
        "dmean2": 0.000313254626235,
        "dvar": 3.1353323493e-07,
        "dvar2": 6.5159292717e-07,
        "max": 0.0148342419416,
        "mean": 0.000490396632813,
        "median": 0.000248714961344,
        "min": 7.58616063943e-21,
        "var": 6.48106322387e-07
    },
    "spectral_energyband_low": {
        "dmean": 0.00201127352193,
        "dmean2": 0.00325234793127,
        "dvar": 1.57696704264e-05,
        "dvar2": 4.11605724366e-05,
        "max": 0.0910647809505,
        "mean": 0.00623767543584,
        "median": 0.00411815335974,
        "min": 4.96520129353e-23,
        "var": 5.69791191083e-05
    },
    "spectral_energyband_middle_high": {
        "dmean": 0.00251301843673,
        "dmean2": 0.00377469556406,
        "dvar": 1.57083086378e-05,
        "dvar2": 3.14753306156e-05,
        "max": 0.0687319859862,
        "mean": 0.008958180435,
        "median": 0.00501921679825,
        "min": 1.56935044376e-21,
        "var": 0.000101710233139
    },
    "spectral_energyband_middle_low": {
        "dmean": 0.00505758589134,
        "dmean2": 0.00788254383951,
        "dvar": 5.47448653379e-05,
        "dvar2": 0.000127092891489,
        "max": 0.179657354951,
        "mean": 0.0163119900972,
        "median": 0.0112324962392,
        "min": 3.56663225591e-22,
        "var": 0.000217029126361
    },
    "spectral_entropy": {
        "dmean": 0.149750232697,
        "dmean2": 0.21829880774,
        "dvar": 0.031272649765,
        "dvar2": 0.0583100914955,
        "max": 9.80810070038,
        "mean": 7.38689374924,
        "median": 7.45444154739,
        "min": 5.42165994644,
        "var": 0.19998408854
    },
    "spectral_flux": {
        "dmean": 0.0229926668108,
        "dmean2": 0.0362414866686,
        "dvar": 0.000594889337663,
        "dvar2": 0.00139692949597,
        "max": 0.327572286129,
        "mean": 0.0823912248015,
        "median": 0.0758919864893,
        "min": 1.02235372945e-10,
        "var": 0.00142047076952
    },
    "spectral_kurtosis": {
        "dmean": 1.80382108688,
        "dmean2": 3.05757856369,
        "dvar": 3.59750652313,
        "dvar2": 10.1875591278,
        "max": 34.1397476196,
        "mean": 4.74827575684,
        "median": 4.18736410141,
        "min": -1.42903161049,
        "var": 9.31150913239
    },
    "spectral_rms": {
        "dmean": 0.000606936286204,
        "dmean2": 0.00092661351664,
        "dvar": 4.20932707357e-07,
        "dvar2": 9.0282679821e-07,
        "max": 0.0137727539986,
        "mean": 0.00527977617458,
        "median": 0.00542246131226,
        "min": 3.19329653865e-12,
        "var": 2.21384289034e-06
    },
    "spectral_rolloff": {
        "dmean": 252.621124268,
        "dmean2": 423.639190674,
        "dvar": 328857.65625,
        "dvar2": 701365.375,
        "max": 18949.21875,
        "mean": 1226.63183594,
        "median": 968.994140625,
        "min": 86.1328125,
        "var": 940347.5625
    },
    "spectral_skewness": {
        "dmean": 0.225722149014,
        "dmean2": 0.362261503935,
        "dvar": 0.0467776879668,
        "dvar2": 0.111606612802,
        "max": 4.51126384735,
        "mean": 1.63196802139,
        "median": 1.58777081966,
        "min": -0.283334821463,
        "var": 0.215991914272
    },
    "spectral_spread": {
        "dmean": 438371.46875,
        "dmean2": 633312.375,
        "dvar": 459671797760,
        "dvar2": 749248970752,
        "max": 40268268,
        "mean": 4018251.75,
        "median": 3762122.5,
        "min": 1812372.125,
        "var": 1.85535732122e+12
    },
    "spectral_strongpeak": {
        "dmean": 0.670800387859,
        "dmean2": 1.08317124844,
        "dvar": 0.791005373001,
        "dvar2": 1.79991769791,
        "max": 10.1340837479,
        "mean": 1.87547159195,
        "median": 1.14632344246,
        "min": 0,
        "var": 3.14671683311
    },
    "zerocrossingrate": {
        "dmean": 0.00672855228186,
        "dmean2": 0.00800549518317,
        "dvar": 0.000108078820631,
        "dvar2": 0.000127572420752,
        "max": 0.74755859375,
        "mean": 0.0507002621889,
        "median": 0.048828125,
        "min": 0.0068359375,
        "var": 0.000743615266401
    },
    "barkbands": {
        "dmean": [2.02820974664e-05, 0.00121383124497, 0.000856634869706, 0.00104403751902, 0.00200571957976, 0.00116359244566, 0.00105226237793, 0.000904998800252, 0.00122664717492, 0.00141179200727, 0.000922916573472, 0.000441746058641, 0.000389205873944, 0.000379423785489, 0.000423850637162, 0.000331768853357, 0.000190628212295, 0.000148877166794, 9.73089190666e-05, 9.80284676189e-05, 5.52112251171e-05, 4.94670457556e-05, 4.34079775005e-05, 4.01065335609e-05, 2.87349812425e-05, 8.43318446186e-08, 1.53443246997e-09],
        "dmean2": [3.17568956234e-05, 0.00198111915961, 0.00136929028668, 0.00174569478258, 0.00320238317363, 0.0017647681525, 0.00164855527692, 0.00142667687032, 0.00186405528802, 0.00212512281723, 0.00142367684748, 0.000690920453053, 0.000604020315222, 0.000590326671954, 0.00067595904693, 0.000521184643731, 0.00029668037314, 0.000238228371018, 0.000152092761709, 0.000153853980009, 8.73301687534e-05, 7.51306652091e-05, 6.55138210277e-05, 5.95267410972e-05, 4.27589184255e-05, 1.40161930062e-07, 2.83678724955e-09],
        "dvar": [3.78217901442e-09, 9.06293007574e-06, 4.01600436817e-06, 5.9336839513e-06, 1.86095458048e-05, 6.14231475993e-06, 9.23654079088e-06, 6.16450643065e-06, 6.77838352203e-06, 1.05266208266e-05, 6.42881650492e-06, 1.30900218664e-06, 7.48990089505e-07, 7.7442825841e-07, 9.84433995654e-07, 5.04608408392e-07, 1.58186651333e-07, 7.23545809933e-08, 3.25182227812e-08, 6.87722518933e-08, 2.2174953429e-08, 2.07891552861e-08, 1.4370484358e-08, 3.19111173042e-08, 9.11064290676e-09, 8.44635437438e-14, 2.57104463282e-16],
        "dvar2": [7.85305154238e-09, 2.40650733758e-05, 1.04613536678e-05, 1.65671117429e-05, 4.56708185084e-05, 1.32749764816e-05, 2.04071493499e-05, 1.32402501549e-05, 1.37176029966e-05, 2.18197437789e-05, 1.31920041895e-05, 2.75155821328e-06, 1.66754853126e-06, 1.59371302288e-06, 2.27307191381e-06, 1.11360441224e-06, 3.50096996726e-07, 1.79453721216e-07, 7.39829530971e-08, 1.77166555204e-07, 5.66751694464e-08, 4.36782521263e-08, 3.04009830643e-08, 7.2452522204e-08, 1.64103717282e-08, 2.13036294335e-13, 7.48980677978e-16],
        "max": [0.00345384376124, 0.0724390372634, 0.0459775701165, 0.0552835986018, 0.1239926368, 0.0688556283712, 0.0706488117576, 0.0626042336226, 0.0538334921002, 0.0607884414494, 0.0516926273704, 0.0326213948429, 0.0179715044796, 0.0201587919146, 0.0216237306595, 0.0177862662822, 0.0108351996168, 0.0063777170144, 0.00483807642013, 0.0100177489221, 0.00439620763063, 0.00396633846685, 0.00357268471271, 0.0102878836915, 0.00434691272676, 9.7875836218e-06, 1.0819705949e-06],
        "mean": [3.57521348633e-05, 0.00332474359311, 0.00205564964563, 0.00176110537723, 0.004553290084, 0.00277718086727, 0.0019199885428, 0.0018267291598, 0.00265433103777, 0.00290888012387, 0.0019217391964, 0.000742692849599, 0.000732904823963, 0.000679234741256, 0.000770919024944, 0.000670598237775, 0.000380379031412, 0.000316017190926, 0.00020225859771, 0.000212508020923, 0.000104032391391, 9.08799120225e-05, 8.38911437313e-05, 7.40540199331e-05, 4.21677686973e-05, 8.42976675131e-08, 1.19843279744e-09],
        "median": [6.05843479207e-06, 0.00160981086083, 0.00107355439104, 0.000500775116961, 0.00185735849664, 0.00117683701683, 0.000644669053145, 0.00035989555181, 0.000602731539402, 0.000457568239653, 0.000273624085821, 0.00019655576034, 0.000213920196984, 0.000200263879378, 0.00023868381686, 0.000229649289395, 0.000181915835128, 0.000188002406503, 0.00012033553503, 0.000101997473394, 5.09425372002e-05, 4.04692509619e-05, 3.17910707963e-05, 2.65079506789e-05, 1.19673250083e-05, 1.30738175841e-08, 4.63777877213e-10],
        "min": [3.28173614973e-23, 1.74047233489e-23, 4.70654255907e-24, 2.20477693104e-23, 1.03265899907e-22, 5.14159784946e-23, 4.90098738476e-23, 3.38990097052e-23, 3.93491865905e-23, 1.13337274462e-22, 1.03527896391e-22, 4.57972031012e-23, 7.08949674175e-23, 1.1420119706e-22, 1.41315343493e-22, 1.862434964e-22, 1.94734265069e-22, 2.01458717374e-22, 1.87224183034e-22, 3.75266484246e-22, 3.87846228221e-22, 5.76140889192e-22, 8.5940642619e-22, 7.63726458873e-22, 1.07308034545e-21, 1.54350539151e-21, 2.4490140102e-21],
        "var": [2.18979838706e-08, 2.83686949842e-05, 1.01049399746e-05, 1.14597769425e-05, 6.80782177369e-05, 2.56035164057e-05, 2.12251998164e-05, 2.56883558905e-05, 2.84524376184e-05, 4.00626304327e-05, 2.80114381894e-05, 3.16743967232e-06, 2.05129185815e-06, 1.91624553736e-06, 2.4144485451e-06, 1.39845315061e-06, 4.22051670057e-07, 1.6966546923e-07, 8.19616232661e-08, 1.60964447105e-07, 3.29559810552e-08, 3.42816761645e-08, 2.65446722381e-08, 5.47438538945e-08, 1.9507805149e-08, 9.65621625628e-14, 1.40437215622e-16]
    },
    "erbbands": {
        "dmean": [0.0223523695022, 0.32010436058, 0.901455283165, 2.18114876747, 5.40907001495, 7.01319980621, 8.47198677063, 9.72029399872, 13.6653594971, 16.3335933685, 21.5080032349, 23.6642475128, 40.1784667969, 43.4029808044, 25.9962711334, 16.4737129211, 14.5148363113, 16.9385242462, 21.1553611755, 16.7987098694, 17.1013393402, 9.80129718781, 7.76895141602, 5.81578969955, 4.67699050903, 4.437063694, 2.53207159042, 2.09140825272, 1.78994941711, 1.50588083267, 1.23021435738, 0.846818029881, 0.704868137836, 0.373600184917, 0.189735487103, 0.0138959633186, 0.000343726511346, 2.28959706874e-05, 5.72079670746e-06, 8.23614209366e-06],
        "dmean2": [0.036450073123, 0.519888281822, 1.42312765121, 3.58824801445, 8.96984481812, 10.9364814758, 12.8411474228, 14.7978200912, 21.6230373383, 24.7213077545, 32.8265190125, 35.7578887939, 58.7492485046, 66.1581192017, 37.7907981873, 25.1630344391, 22.4718894958, 26.5251369476, 33.0808296204, 26.4469928741, 26.5732593536, 15.1960639954, 12.4029941559, 9.02449131012, 7.25348949432, 6.88103294373, 3.9226732254, 3.27126026154, 2.7416639328, 2.3036646843, 1.83728802204, 1.2471306324, 1.06720030308, 0.561821818352, 0.28301975131, 0.0209478195757, 0.000511738471687, 3.37732526532e-05, 8.61044645717e-06, 1.26376571643e-05],
        "dvar": [0.0031580531504, 0.640342533588, 4.22910737991, 22.008813858, 205.965042114, 272.992980957, 404.479492188, 480.237884521, 1716.99902344, 2754.65429688, 3347.09838867, 2753.22021484, 6676.32617188, 10772.7871094, 4790.07910156, 1567.54528809, 971.506713867, 1583.30334473, 2735.88745117, 1075.70288086, 1552.72070312, 410.934631348, 211.041137695, 102.849708557, 88.734085083, 148.227401733, 47.3705101013, 32.9224090576, 27.7036304474, 19.6188735962, 10.9005126953, 6.42795133591, 16.3313713074, 2.23108172417, 0.370573371649, 0.00211871159263, 1.22977485262e-06, 5.3299924474e-09, 1.35897945674e-10, 1.00460501029e-10],
        "dvar2": [0.00876099430025, 1.67197525501, 10.6807937622, 59.3890037537, 577.330322266, 589.861083984, 911.30255127, 1051.16711426, 4010.81933594, 5864.9453125, 6812.79199219, 5655.3125, 13424.6875, 22983.3613281, 9153.25488281, 3143.53027344, 2198.60009766, 3390.19799805, 6213.23925781, 2478.37304688, 3370.81347656, 855.4375, 515.471008301, 235.382049561, 197.935577393, 392.343963623, 116.450180054, 81.4777145386, 61.0462265015, 41.4321289062, 22.9430294037, 12.2093153, 41.8883857727, 4.31744098663, 0.731533765793, 0.00420566601679, 2.37106974055e-06, 1.02624477805e-08, 2.8022101306e-10, 2.25571991641e-10],
        "max": [1.35776805878, 19.9118328094, 45.9719848633, 94.2151489258, 406.910461426, 502.191925049, 878.726013184, 738.364685059, 1047.99621582, 1534.56640625, 1715.77954102, 1690.03479004, 1308.19726562, 2239.45092773, 1844.64855957, 1367.00671387, 599.818359375, 1117.75292969, 1397.47607422, 728.761535645, 1168.63391113, 690.200195312, 386.913330078, 256.532989502, 248.901794434, 522.866882324, 279.128143311, 160.607437134, 145.118225098, 126.815376282, 100.301330566, 81.4118804932, 257.882629395, 69.0197219849, 27.7831115723, 1.58721768856, 0.0378094054759, 0.00272049638443, 0.000395891082007, 0.00021399333491],
        "mean": [0.051762111485, 0.889872610569, 2.469435215, 4.37781953812, 10.6405076981, 15.428352356, 20.458896637, 21.8371257782, 26.3534355164, 31.6104221344, 44.6287193298, 49.8036460876, 92.6425476074, 94.3703613281, 56.6435279846, 30.5679607391, 30.0331535339, 34.9105644226, 42.3461265564, 34.2746429443, 37.1999130249, 22.7389640808, 17.9093856812, 13.0638599396, 10.4843959808, 9.66747188568, 5.22610569, 3.83078956604, 3.23364090919, 2.77891659737, 2.35384249687, 1.65571391582, 1.1762098074, 0.56121981144, 0.26072716713, 0.0181575194001, 0.00048486009473, 3.76165189664e-05, 2.12457853195e-05, 3.73290640709e-05],
        "median": [0.0195728652179, 0.431676238775, 1.34399557114, 1.88764750957, 3.25472521782, 5.49867391586, 8.21803665161, 9.47131443024, 10.7914981842, 9.81677341461, 11.0802602768, 14.9928798676, 21.6355209351, 23.1464824677, 13.7759304047, 10.8754396439, 9.94948673248, 11.6411161423, 12.8210535049, 14.9455003738, 14.0335836411, 11.8285627365, 10.8387041092, 8.29832363129, 5.95319795609, 4.83841085434, 2.70893502235, 1.87866389751, 1.46884477139, 1.15565741062, 0.866900682449, 0.629709124565, 0.391364187002, 0.166198328137, 0.0628406330943, 0.00371930911206, 0.000126607905258, 1.42381732076e-05, 1.94691474462e-05, 3.65177766071e-05],
        "min": [9.87459982881e-22, 2.37248970612e-21, 6.90301608221e-21, 4.51489492433e-20, 2.0515883479e-19, 3.9432356375e-19, 2.89203331857e-19, 4.81211339076e-19, 5.5420036046e-19, 7.08200245713e-19, 1.02064471614e-18, 9.57625340791e-19, 3.75861275049e-18, 2.45066463296e-18, 3.63694730368e-18, 1.97951392978e-18, 2.55178642887e-18, 6.88949095541e-18, 5.42180081991e-18, 9.41057326712e-18, 9.79008869525e-18, 1.11820839465e-17, 1.15676195951e-17, 1.1092380345e-17, 1.07713606482e-17, 1.90800027808e-17, 1.32785376402e-17, 1.97258736749e-17, 2.21186855026e-17, 2.60466816815e-17, 1.71329767831e-17, 1.85459948296e-17, 1.27473247324e-17, 1.02399392909e-17, 9.49000245826e-18, 5.3208285369e-18, 2.76399299757e-18, 1.20265350562e-18, 3.73469926917e-19, 3.5819654097e-20],
        "var": [0.0084475018084, 1.99639892578, 11.6851863861, 48.0285263062, 613.45324707, 1074.93994141, 1890.58154297, 1509.03173828, 3330.51831055, 7213.34716797, 13275.2216797, 9852.34863281, 31991.1210938, 38650.4804688, 22375.0019531, 4239.18359375, 2870.40893555, 4336.47705078, 7950.49072266, 2982.95214844, 4476.67919922, 1441.78845215, 532.932312012, 277.292999268, 262.726135254, 321.431060791, 90.2477874756, 46.9291992188, 43.326133728, 33.4574737549, 20.5408363342, 14.3303670883, 21.8061161041, 4.60021781921, 0.663907110691, 0.00359502597712, 2.23217284656e-06, 1.01377946038e-08, 2.92005114533e-10, 3.81328524313e-10]
    },
    "gfcc": {
        "mean": [-8.69131278992, 118.537231445, -146.026779175, 39.0221939087, -74.4751739502, 18.7231254578, -41.9716873169, 7.44287824631, -15.5405225754, -12.1475906372, -4.13109302521, -14.6755056381, 5.77731323242],
        "cov": [[2085.83959961, -359.365386963, -232.339538574, 142.967971802, -40.8539733887, 194.249343872, -70.6557617188, 109.155090332, -108.062957764, 15.7603693008, -78.1889190674, 51.9998054504, -17.0595798492], [-359.365386963, 915.894104004, 508.689788818, 111.601127625, 150.9947052, -178.539825439, 59.7411422729, -107.444984436, 105.428153992, -103.409866333, 120.170333862, -72.467666626, 31.5159778595], [-232.339538574, 508.689788818, 1523.38342285, 538.96295166, -45.7562675476, -63.2452926636, -228.150497437, -89.8303909302, -53.0959358215, 38.7707290649, 54.2972412109, 19.9295482635, -29.475561142], [142.967971802, 111.601127625, 538.96295166, 443.809387207, 47.3773956299, -30.8175296783, -92.2636489868, -27.30169487, 5.76747369766, 31.9184017181, 21.0073032379, 26.2422828674, -8.60114192963], [-40.8539733887, 150.9947052, -45.7562675476, 47.3773956299, 204.397064209, 31.2139263153, 61.928768158, 17.5542545319, 33.9232597351, -4.35467100143, 32.6194648743, 18.4158325195, 34.0481033325], [194.249343872, -178.539825439, -63.2452926636, -30.8175296783, 31.2139263153, 252.166534424, 63.5425491333, 17.4192066193, -53.3495063782, 43.9862442017, -0.150685280561, 34.7339820862, 4.61021327972], [-70.6557617188, 59.7411422729, -228.150497437, -92.2636489868, 61.928768158, 63.5425491333, 202.116760254, 32.4790229797, 27.2684860229, -10.1260623932, 17.8053951263, -11.6264343262, 19.524974823], [109.155090332, -107.444984436, -89.8303909302, -27.30169487, 17.5542545319, 17.4192066193, 32.4790229797, 164.81401062, 59.1371192932, 15.8766832352, -34.0111846924, 14.134636879, 14.4743528366], [-108.062957764, 105.428153992, -53.0959358215, 5.76747369766, 33.9232597351, -53.3495063782, 27.2684860229, 59.1371192932, 169.937088013, 6.92252492905, 10.1438350677, -22.1979827881, 4.7738494873], [15.7603693008, -103.409866333, 38.7707290649, 31.9184017181, -4.35467100143, 43.9862442017, -10.1260623932, 15.8766832352, 6.92252492905, 123.211601257, 23.1484279633, 18.2111663818, -25.5119247437], [-78.1889190674, 120.170333862, 54.2972412109, 21.0073032379, 32.6194648743, -0.150685280561, 17.8053951263, -34.0111846924, 10.1438350677, 23.1484279633, 114.741577148, 23.0576515198, 10.6253423691], [51.9998054504, -72.467666626, 19.9295482635, 26.2422828674, 18.4158325195, 34.7339820862, -11.6264343262, 14.134636879, -22.1979827881, 18.2111663818, 23.0576515198, 107.110321045, 49.4051971436], [-17.0595798492, 31.5159778595, -29.475561142, -8.60114192963, 34.0481033325, 4.61021327972, 19.524974823, 14.4743528366, 4.7738494873, -25.5119247437, 10.6253423691, 49.4051971436, 99.7286453247]],
        "icov": [[0.000886405061465, -0.0011467927834, 0.00115979916882, -0.00144250795711, 0.00125394598581, -0.00140641396865, 0.00130685709883, -0.00147578399628, 0.00119937385898, -0.000231239493587, 0.000526112969965, -0.000503439980093, 0.00040443733451], [-0.0011467927834, 0.00795347522944, -0.00510127237067, 0.00453545758501, -0.00642418162897, 0.00532228173688, -0.00537133589387, 0.00535931112245, -0.00480819027871, 0.00411548418924, -0.004299223423, 0.00392845086753, -0.00181030028034], [0.00115979916882, -0.00510127237067, 0.00488265603781, -0.00493546808138, 0.00482194917277, -0.003911241889, 0.00454112328589, -0.00387363275513, 0.00370887876488, -0.00230368599296, 0.00194117648061, -0.00201746169478, 0.00106140424032], [-0.00144250795711, 0.00453545758501, -0.00493546808138, 0.00804532319307, -0.00573742436245, 0.00409418810159, -0.00312396837398, 0.00427193520591, -0.00391060207039, 0.00123855785932, -0.00154460908379, 0.0010245970916, -0.000522730872035], [0.00125394598581, -0.00642418162897, 0.00482194917277, -0.00573742436245, 0.012021984905, -0.00540829170495, 0.00308116385713, -0.00493342382833, 0.0031935707666, -0.00239797565155, 0.00180922111031, -0.00309861451387, 9.37474851526e-06], [-0.00140641396865, 0.00532228173688, -0.003911241889, 0.00409418810159, -0.00540829170495, 0.00980686210096, -0.00613113958389, 0.00381188630126, -0.00147900450975, 0.000221721653361, -0.00184254627675, 0.00104809110053, -0.000880603271071], [0.00130685709883, -0.00537133589387, 0.00454112328589, -0.00312396837398, 0.00308116385713, -0.00613113958389, 0.0119338324293, -0.00521539989859, 0.00303656398319, -0.00159661204088, 0.000744169286918, -0.000222032613237, 0.000122666853713], [-0.00147578399628, 0.00535931112245, -0.00387363275513, 0.00427193520591, -0.00493342382833, 0.00381188630126, -0.00521539989859, 0.0131360199302, -0.00719310995191, 0.00093838426983, 0.00110160862096, 0.000252484693192, -0.00175796134863], [0.00119937385898, -0.00480819027871, 0.00370887876488, -0.00391060207039, 0.0031935707666, -0.00147900450975, 0.00303656398319, -0.00719310995191, 0.0119789335877, -0.00338540412486, 0.000819394364953, 0.000449142273283, 0.000161853633472], [-0.000231239493587, 0.00411548418924, -0.00230368599296, 0.00123855785932, -0.00239797565155, 0.000221721653361, -0.00159661204088, 0.00093838426983, -0.00338540412486, 0.0135030020028, -0.00505324499682, -0.000430589134339, 0.0034386573825], [0.000526112969965, -0.004299223423, 0.00194117648061, -0.00154460908379, 0.00180922111031, -0.00184254627675, 0.000744169286918, 0.00110160862096, 0.000819394364953, -0.00505324499682, 0.0145943388343, -0.00543235242367, 0.000855394289829], [-0.000503439980093, 0.00392845086753, -0.00201746169478, 0.0010245970916, -0.00309861451387, 0.00104809110053, -0.000222032613237, 0.000252484693192, 0.000449142273283, -0.000430589134339, -0.00543235242367, 0.0181538332254, -0.00936543662101], [0.00040443733451, -0.00181030028034, 0.00106140424032, -0.000522730872035, 9.37474851526e-06, -0.000880603271071, 0.000122666853713, -0.00175796134863, 0.000161853633472, 0.0034386573825, 0.000855394289829, -0.00936543662101, 0.0166261121631]]
    },
    "melbands": {
        "dmean": [0.000273956044111, 0.000444629811682, 0.000457998132333, 0.000444235774921, 0.000289555289783, 0.000222910908633, 0.000206695884117, 0.000181503637577, 0.000174809349119, 0.000164508994203, 0.00020953969215, 0.000185769196833, 0.000108278371044, 5.43095738976e-05, 3.55445044988e-05, 3.99015880248e-05, 3.21011284541e-05, 3.66907042917e-05, 3.19229366141e-05, 2.16692878894e-05, 2.17462365981e-05, 1.17926638268e-05, 8.07662672742e-06, 7.75770604378e-06, 4.9791406127e-06, 3.94623020838e-06, 4.05890295951e-06, 2.98305303659e-06, 1.81423069989e-06, 1.32196214508e-06, 1.34113031436e-06, 1.11617634957e-06, 9.35227546961e-07, 8.59730164393e-07, 7.76170509198e-07, 6.46834848794e-07, 4.96846496389e-07, 5.13394809332e-07, 4.53031020697e-07, 2.91713462275e-07],
        "dmean2": [0.000448142469395, 0.00070360180689, 0.000752118590754, 0.000713425513823, 0.000442730262876, 0.00034006126225, 0.000325875036651, 0.000275986007182, 0.00026485073613, 0.000250317971222, 0.000306854868541, 0.000283821631456, 0.000159808725584, 8.46371767693e-05, 5.42633060832e-05, 6.19528873358e-05, 5.00127462146e-05, 5.73648394493e-05, 5.0143480621e-05, 3.36663251801e-05, 3.41586346622e-05, 1.8090409867e-05, 1.28814308482e-05, 1.23553982121e-05, 7.80889968155e-06, 6.2632452682e-06, 6.46522676107e-06, 4.67823929284e-06, 2.85751912088e-06, 2.10408757084e-06, 2.13629800783e-06, 1.74320643964e-06, 1.45118781347e-06, 1.34218566927e-06, 1.18348032174e-06, 9.84069288279e-07, 7.44746330383e-07, 7.87964211213e-07, 6.99993734088e-07, 4.45329391141e-07],
        "dvar": [4.55823197854e-07, 9.68735776041e-07, 9.83681843536e-07, 1.08383733277e-06, 3.86446885159e-07, 2.36122190245e-07, 3.51551676658e-07, 2.86072690869e-07, 2.16022016275e-07, 1.25319004951e-07, 1.79628244723e-07, 2.01840848035e-07, 8.84864661543e-08, 2.01650873777e-08, 7.23302084893e-09, 8.80177442042e-09, 6.15431039463e-09, 8.52757064962e-09, 5.32057242708e-09, 2.20602935919e-09, 2.59104870892e-09, 7.13861969537e-10, 2.84552825747e-10, 1.919849002e-10, 8.18067766306e-11, 6.83513176614e-11, 1.00581855345e-10, 6.53450002441e-11, 3.05570881098e-11, 1.35715102351e-11, 1.26659949889e-11, 1.06197845656e-11, 7.20813469676e-12, 6.68749040519e-12, 4.46460446737e-12, 2.9964819688e-12, 2.51340311411e-12, 7.45552838216e-12, 6.76901503599e-12, 1.04781255287e-12],
        "dvar2": [1.24625807985e-06, 2.42255532612e-06, 2.7278606467e-06, 2.65031258095e-06, 8.83860082013e-07, 5.23645553585e-07, 7.99919234851e-07, 6.01594877025e-07, 4.28493279969e-07, 2.61358337639e-07, 3.62392000852e-07, 4.29760433462e-07, 1.74144602738e-07, 4.25354755862e-08, 1.4506633228e-08, 2.02758538848e-08, 1.30274901977e-08, 1.86372197675e-08, 1.20588357078e-08, 4.91481344511e-09, 5.69819302854e-09, 1.4809068416e-09, 6.88446910591e-10, 4.67027250206e-10, 1.88326729211e-10, 1.49766241075e-10, 2.4666421683e-10, 1.72175371183e-10, 7.52118506364e-11, 3.49558333668e-11, 3.13493328519e-11, 2.42024438685e-11, 1.49637212343e-11, 1.50110063268e-11, 9.82777140918e-12, 6.3770859253e-12, 4.91762750313e-12, 1.91332921728e-11, 1.62422124361e-11, 2.0289089419e-12],
        "max": [0.0152014987543, 0.0258198156953, 0.0211936142296, 0.025797162205, 0.032905690372, 0.0146871805191, 0.0139349550009, 0.0141660477966, 0.0130845541134, 0.00973699335009, 0.00634552771226, 0.00850848201662, 0.00813460629433, 0.00493545783684, 0.00290645216592, 0.00201263604686, 0.00236504990608, 0.00296483025886, 0.00164876168128, 0.00133888225537, 0.00144459086005, 0.000986455823295, 0.000511106161866, 0.0003284085833, 0.000241864763666, 0.000335580843966, 0.000346532702679, 0.000309749826556, 0.000299757899484, 0.000140440271934, 8.59196079546e-05, 8.50282012834e-05, 9.08082583919e-05, 7.33692431822e-05, 7.3170333053e-05, 4.45886398666e-05, 5.71676027903e-05, 0.000169693288626, 0.00015334681666, 4.79570153402e-05],
        "mean": [0.000711946457159, 0.00131876964588, 0.000938025303185, 0.000955078692641, 0.000714151305147, 0.000512039696332, 0.000403505255235, 0.000357828219421, 0.000352163158823, 0.000348417495843, 0.000475560576888, 0.000392018497223, 0.000233927814406, 9.23967672861e-05, 6.5129766881e-05, 7.52391351853e-05, 5.97678590566e-05, 6.7840112024e-05, 5.63984031032e-05, 4.00896606152e-05, 4.3401538278e-05, 2.34452600125e-05, 1.65648398252e-05, 1.58838647621e-05, 9.95153732219e-06, 7.7457889347e-06, 7.98243763711e-06, 5.9754133872e-06, 3.45944567925e-06, 2.33975720221e-06, 2.23919823839e-06, 1.87410068975e-06, 1.63175207035e-06, 1.50077846683e-06, 1.38920563586e-06, 1.19734079362e-06, 9.21208197724e-07, 8.41561814013e-07, 6.72078726893e-07, 4.12334969724e-07],
        "median": [0.000335290562361, 0.000753075117245, 0.000387952080928, 0.000310586648993, 0.000306263507809, 0.000215843945625, 0.000164797223988, 0.000101559577161, 8.01153946668e-05, 8.13905062387e-05, 9.64224527706e-05, 7.4168870924e-05, 3.91237772419e-05, 2.47188854701e-05, 1.9081064238e-05, 2.02597693715e-05, 1.82891799341e-05, 1.5723215256e-05, 1.89363090612e-05, 1.34481806526e-05, 1.46671709444e-05, 1.12776751848e-05, 8.49831030791e-06, 9.14152496989e-06, 5.9873277678e-06, 4.23744359068e-06, 3.76687466996e-06, 2.7972805583e-06, 1.70289945345e-06, 1.07721609766e-06, 1.05792742033e-06, 8.28302745504e-07, 6.91199545599e-07, 5.9606833247e-07, 5.04262970935e-07, 4.33054736959e-07, 3.49404416511e-07, 2.87540132149e-07, 1.87108938121e-07, 1.15973634252e-07],
        "min": [8.43861391938e-24, 3.08763806785e-24, 1.0935865922e-23, 2.35217354014e-23, 1.16237857635e-23, 1.04612532804e-23, 9.55851714804e-24, 7.45987656086e-24, 7.97673980368e-24, 5.72399444981e-24, 1.89796462808e-23, 9.6322993085e-24, 1.50609544906e-23, 4.3089199808e-24, 5.18895072413e-24, 9.27400657396e-24, 1.21909925316e-23, 8.33697392491e-24, 9.07818210943e-24, 1.39578918645e-23, 1.11728910139e-23, 1.02915984875e-23, 1.25790505658e-23, 8.72586026308e-24, 9.00488588728e-24, 7.36898795166e-24, 1.08215165895e-23, 1.26272752106e-23, 8.05156089396e-24, 8.28921944115e-24, 1.28127293097e-23, 1.24729306302e-23, 1.08082203389e-23, 1.60298602756e-23, 8.16872567105e-24, 1.40823330946e-23, 9.36745188135e-24, 7.81959240047e-24, 9.60653905564e-24, 8.0831973717e-24],
        "var": [1.34211052227e-06, 3.11009807774e-06, 2.28980684369e-06, 3.84199347536e-06, 1.85160035926e-06, 7.89232785792e-07, 7.46656496631e-07, 8.5313490672e-07, 8.09446135008e-07, 5.05073501245e-07, 8.53236883813e-07, 7.36297465664e-07, 4.37123389929e-07, 5.30678114785e-08, 2.39776696276e-08, 2.38426558496e-08, 1.52241135254e-08, 2.53116265725e-08, 1.36079405522e-08, 5.31061061793e-09, 6.88386503356e-09, 1.94431759581e-09, 6.16085571448e-10, 4.56911203317e-10, 1.95179358786e-10, 1.67374156201e-10, 2.52352777563e-10, 1.36982855614e-10, 5.59487144114e-11, 1.88275228741e-11, 1.76825915021e-11, 1.53611134229e-11, 1.21643363785e-11, 1.05017409699e-11, 7.72993301312e-12, 5.81514654138e-12, 5.33475477335e-12, 1.00406037651e-11, 9.96054887875e-12, 2.15818292057e-12]
    },
    "mfcc": {
        "mean": [-633.28326416, 126.875495911, -6.60435438156, 14.5468969345, -0.0784254670143, -0.892273783684, -5.11178159714, 4.69852209091, -1.96460103989, 2.98955774307, -5.4268860817, -3.19685173035, -2.79330348969],
        "cov": [[1937.56164551, -598.081237793, -434.107452393, -145.15447998, -42.8471488953, 33.7786331177, 45.158164978, 104.63785553, 42.7728385925, 66.352684021, -30.5466327667, -45.6494102478, 1.90467107296], [-598.081237793, 842.19140625, 270.742431641, 184.711227417, 92.8571548462, -20.3601837158, 7.19893932343, 1.00403797626, -44.3227462769, 14.8752393723, -8.29727363586, 17.943567276, 0.71201556921], [-434.107452393, 270.742431641, 1369.72741699, 464.707305908, 294.460113525, 70.0402145386, -24.083190918, -118.912567139, -107.146568298, -87.6120834351, -16.9493961334, 37.9558677673, 3.79443669319], [-145.15447998, 184.711227417, 464.707305908, 474.784545898, 192.800247192, 3.24834227562, -42.032623291, -26.9512615204, -22.1560840607, -28.7984313965, -19.1939506531, 45.3421630859, 37.9287338257], [-42.8471488953, 92.8571548462, 294.460113525, 192.800247192, 238.626846313, 26.9893321991, -11.8889827728, 1.40043497086, -3.24243474007, -14.1545772552, -18.4037914276, 24.5208358765, 29.4768123627], [33.7786331177, -20.3601837158, 70.0402145386, 3.24834227562, 26.9893321991, 189.88760376, 86.090133667, -4.18895101547, -18.6488494873, -9.00804805756, 10.6974544525, -4.23862504959, 8.6166305542], [45.158164978, 7.19893932343, -24.083190918, -42.032623291, -11.8889827728, 86.090133667, 167.932479858, 28.1313591003, -12.7104530334, 10.63367939, -6.2466135025, -15.3683891296, 10.3105840683], [104.63785553, 1.00403797626, -118.912567139, -26.9512615204, 1.40043497086, -4.18895101547, 28.1313591003, 124.512207031, 59.6780700684, 21.5042667389, -7.98156929016, -2.00896716118, 9.40786647797], [42.7728385925, -44.3227462769, -107.146568298, -22.1560840607, -3.24243474007, -18.6488494873, -12.7104530334, 59.6780700684, 143.027923584, 36.9522438049, 19.0093097687, 11.5911893845, -7.44083881378], [66.352684021, 14.8752393723, -87.6120834351, -28.7984313965, -14.1545772552, -9.00804805756, 10.63367939, 21.5042667389, 36.9522438049, 103.715705872, 45.4246368408, 6.97674179077, -10.0133056641], [-30.5466327667, -8.29727363586, -16.9493961334, -19.1939506531, -18.4037914276, 10.6974544525, -6.2466135025, -7.98156929016, 19.0093097687, 45.4246368408, 113.121368408, 43.7245407104, -5.90673017502], [-45.6494102478, 17.943567276, 37.9558677673, 45.3421630859, 24.5208358765, -4.23862504959, -15.3683891296, -2.00896716118, 11.5911893845, 6.97674179077, 43.7245407104, 88.7357788086, 32.2262039185], [1.90467107296, 0.71201556921, 3.79443669319, 37.9287338257, 29.4768123627, 8.6166305542, 10.3105840683, 9.40786647797, -7.44083881378, -10.0133056641, -5.90673017502, 32.2262039185, 84.1423187256]],
