{
"lowlevel": {
    "average_loudness": 0.949071228504,
    "barkbands_crest": {
        "dmean": 2.67973804474,
        "dmean2": 4.39026260376,
        "dvar": 5.52403640747,
        "dvar2": 14.0900297165,
        "max": 24.7048530579,
        "mean": 9.73896598816,
        "median": 9.00347042084,
        "min": 2.55924248695,
        "var": 16.368473053
    },
    "barkbands_flatness_db": {
        "dmean": 0.0200856551528,
        "dmean2": 0.0311346184462,
        "dvar": 0.000293736520689,
        "dvar2": 0.000687316234689,
        "max": 0.327279627323,
        "mean": 0.151270225644,
        "median": 0.148949176073,
        "min": 0.064102627337,
        "var": 0.00125698954798
    },
    "barkbands_kurtosis": {
        "dmean": 2.42378616333,
        "dmean2": 3.80273914337,
        "dvar": 14.1392698288,
        "dvar2": 33.3344154358,
        "max": 82.892906189,
        "mean": 3.67757868767,
        "median": 1.47585105896,
        "min": -1.93552601337,
        "var": 40.1779212952
    },
    "barkbands_skewness": {
        "dmean": 0.521388471127,
        "dmean2": 0.789006233215,
        "dvar": 0.254101932049,
        "dvar2": 0.537822604179,
        "max": 8.08612060547,
        "mean": 1.45322084427,
        "median": 1.31384897232,
        "min": -3.71465778351,
        "var": 1.39822554588
    },
    "barkbands_spread": {
        "dmean": 6.64834594727,
        "dmean2": 10.1336259842,
        "dvar": 68.0982284546,
        "dvar2": 138.749755859,
        "max": 106.728538513,
        "mean": 24.8994121552,
        "median": 20.5411758423,
        "min": 2.01635932922,
        "var": 268.512054443
    },
    "dissonance": {
        "dmean": 0.016939483583,
        "dmean2": 0.0284655578434,
        "dvar": 0.000281553540844,
        "dvar2": 0.000761223374866,
        "max": 0.499999970198,
        "mean": 0.468748658895,
        "median": 0.474639803171,
        "min": 0.271136641502,
        "var": 0.000622037099674
    },
    "dynamic_complexity": 1.83292090893,
    "erbbands_crest": {
        "dmean": 2.718095541,
        "dmean2": 4.38772726059,
        "dvar": 6.82171678543,
        "dvar2": 16.3952884674,
        "max": 31.8031463623,
        "mean": 9.1491317749,
        "median": 7.7531542778,
        "min": 2.15452051163,
        "var": 23.5762519836
    },
    "erbbands_flatness_db": {
        "dmean": 0.0179126746953,
        "dmean2": 0.0250213779509,
        "dvar": 0.000273678393569,
        "dvar2": 0.000485845986987,
        "max": 0.387887448072,
        "mean": 0.166345208883,
        "median": 0.153636440635,
        "min": 0.0682000368834,
        "var": 0.00256370636635
    },
    "erbbands_kurtosis": {
        "dmean": 0.994271993637,
        "dmean2": 1.55529749393,
        "dvar": 2.73850369453,
        "dvar2": 6.19403171539,
        "max": 27.0214424133,
        "mean": 0.471658498049,
        "median": -0.34290766716,
        "min": -1.78133535385,
        "var": 6.94078588486
    },
    "erbbands_skewness": {
        "dmean": 0.377000421286,
        "dmean2": 0.568301856518,
        "dvar": 0.140605285764,
        "dvar2": 0.282564640045,
        "max": 4.53806447983,
        "mean": 0.396293222904,
        "median": 0.399571955204,
        "min": -4.77796411514,
        "var": 0.730485141277
    },
    "erbbands_spread": {
        "dmean": 9.658826828,
        "dmean2": 14.1231451035,
        "dvar": 103.36290741,
        "dvar2": 212.074661255,
        "max": 140.597946167,
        "mean": 45.4543876648,
        "median": 45.5143852234,
        "min": 3.13822078705,
        "var": 566.589111328
    },
    "hfc": {
        "dmean": 9.19938373566,
        "dmean2": 13.0801954269,
        "dvar": 164.965377808,
        "dvar2": 310.477172852,
        "max": 334.836425781,
        "mean": 28.9819889069,
        "median": 23.8469409943,
        "min": 1.16778526614e-16,
        "var": 566.346069336
    },
    "melbands_crest": {
        "dmean": 3.34232401848,
        "dmean2": 5.5102725029,
        "dvar": 8.25224113464,
        "dvar2": 21.6880207062,
        "max": 32.8205604553,
        "mean": 13.1630153656,
        "median": 12.4405441284,
        "min": 1.69936013222,
        "var": 25.0880794525
    },
    "melbands_flatness_db": {
        "dmean": 0.0241978373379,
        "dmean2": 0.0363809093833,
        "dvar": 0.000477209541714,
        "dvar2": 0.00103290053084,
        "max": 0.412363737822,
        "mean": 0.173494517803,
        "median": 0.169150128961,
        "min": 0.00190552673303,
        "var": 0.00269327196293
    },
    "melbands_kurtosis": {
        "dmean": 6.85665035248,
        "dmean2": 10.5786952972,
        "dvar": 121.000389099,
        "dvar2": 283.544036865,
        "max": 244.268661499,
        "mean": 14.3966836929,
        "median": 8.1221036911,
        "min": -1.87909388542,
        "var": 346.751495361
    },
    "melbands_skewness": {
        "dmean": 0.727679610252,
        "dmean2": 1.09515929222,
        "dvar": 0.545187175274,
        "dvar2": 1.1639226675,
        "max": 12.6349248886,
        "mean": 2.64444541931,
        "median": 2.4857070446,
        "min": -1.27405750751,
        "var": 3.08226299286
    },
    "melbands_spread": {
        "dmean": 8.45647335052,
        "dmean2": 12.708483696,
        "dvar": 194.664825439,
        "dvar2": 362.023620605,
        "max": 236.498291016,
        "mean": 26.1098098755,
        "median": 21.1164188385,
        "min": 1.34011316299,
        "var": 572.907470703
    },
    "pitch_salience": {
        "dmean": 0.0701861158013,
        "dmean2": 0.113412022591,
        "dvar": 0.00370308500715,
        "dvar2": 0.00929603353143,
        "max": 0.982942938805,
        "mean": 0.576806306839,
        "median": 0.574778020382,
        "min": 0.138138890266,
        "var": 0.01517226547
    },
    "silence_rate_20dB": {
        "dmean": 0,
        "dmean2": 0,
        "dvar": 0,
        "dvar2": 0,
        "max": 1,
        "mean": 1,
        "median": 1,
        "min": 1,
        "var": 0
    },
    "silence_rate_30dB": {
        "dmean": 0.00605449033901,
        "dmean2": 0.012110508047,
        "dvar": 0.00601885467768,
        "dvar2": 0.0159991476685,
        "max": 1,
        "mean": 0.995838046074,
        "median": 1,
        "min": 0,
        "var": 0.00414516916499
    },
    "silence_rate_60dB": {
        "dmean": 0.00302724516951,
        "dmean2": 0.00605525402352,
        "dvar": 0.00301813124679,
        "dvar2": 0.00652358308434,
        "max": 1,
        "mean": 0.00517089152709,
        "median": 0,
        "min": 0,
        "var": 0.00514411833137
    },
    "spectral_centroid": {
        "dmean": 291.55380249,
        "dmean2": 447.825134277,
        "dvar": 115834.710938,
        "dvar2": 222866.65625,
        "max": 10586.4414062,
        "mean": 1527.27709961,
        "median": 1462.17529297,
        "min": 238.610916138,
        "var": 455045.125
    },
    "spectral_complexity": {
        "dmean": 3.98738646507,
        "dmean2": 6.23792123795,
        "dvar": 16.4142894745,
        "dvar2": 36.5640525818,
        "max": 53,
        "mean": 20.6632614136,
        "median": 19,
        "min": 0,
        "var": 69.0329666138
    },
    "spectral_decrease": {
        "dmean": 2.40447883826e-09,
        "dmean2": 3.62523522313e-09,
        "dvar": 8.65403801478e-18,
        "dvar2": 1.85865796192e-17,
        "max": 6.24795259078e-30,
        "mean": -7.93682630729e-09,
        "median": -6.9163608174e-09,
        "min": -4.48840147271e-08,
        "var": 2.65506911005e-17
    },
    "spectral_energy": {
        "dmean": 0.0095653180033,
        "dmean2": 0.0143939144909,
        "dvar": 0.000130374814034,
        "dvar2": 0.000279075378785,
        "max": 0.174138039351,
        "mean": 0.0325841382146,
        "median": 0.0288416426629,
        "min": 1.05685700315e-20,
        "var": 0.000404830207117
    },
    "spectral_energyband_high": {
        "dmean": 0.000820844084956,
        "dmean2": 0.00115006580018,
        "dvar": 3.06824153995e-06,
        "dvar2": 5.38558697372e-06,
        "max": 0.0453930906951,
        "mean": 0.00168652052525,
        "median": 0.000748777471017,
        "min": 7.8931940885e-21,
        "var": 9.88299962046e-06
    },
    "spectral_energyband_low": {
        "dmean": 0.00503300409764,
        "dmean2": 0.00772087834775,
        "dvar": 8.26727773529e-05,
        "dvar2": 0.000191277009435,
        "max": 0.15292802453,
        "mean": 0.0106008425355,
        "median": 0.00590616092086,
        "min": 8.30274461914e-23,
        "var": 0.000192374893231
    },
    "spectral_energyband_middle_high": {
        "dmean": 0.00254235230386,
        "dmean2": 0.00372334755957,
        "dvar": 1.41065256685e-05,
        "dvar2": 2.89160143438e-05,
        "max": 0.0733390748501,
        "mean": 0.00745714921504,
        "median": 0.00434253411368,
        "min": 1.39680856514e-21,
        "var": 6.46535190754e-05
    },
    "spectral_energyband_middle_low": {
        "dmean": 0.00628711702302,
        "dmean2": 0.00997206196189,
        "dvar": 7.60843686294e-05,
        "dvar2": 0.000189129830687,
        "max": 0.109458997846,
        "mean": 0.0144708361477,
        "median": 0.0108894109726,
        "min": 4.15722729832e-22,
        "var": 0.00016001885524
    },
    "spectral_entropy": {
        "dmean": 0.154040530324,
        "dmean2": 0.21860550344,
        "dvar": 0.0204838495702,
        "dvar2": 0.0384537242353,
        "max": 9.79086494446,
        "mean": 7.76512098312,
        "median": 7.76723051071,
        "min": 6.33389759064,
        "var": 0.103837355971
    },
    "spectral_flux": {
        "dmean": 0.0261719077826,
        "dmean2": 0.0405015088618,
        "dvar": 0.000693298352417,
        "dvar2": 0.00154899025802,
        "max": 0.307217419147,
        "mean": 0.100262798369,
        "median": 0.0912266597152,
        "min": 1.02803550395e-10,
        "var": 0.00181992736179
    },
    "spectral_kurtosis": {
        "dmean": 0.993160009384,
        "dmean2": 1.63922548294,
        "dvar": 1.03112590313,
        "dvar2": 2.99547123909,
        "max": 17.8415374756,
        "mean": 2.42559075356,
        "median": 2.00230550766,
        "min": -1.17089676857,
        "var": 3.60442018509
    },
    "spectral_rms": {
        "dmean": 0.000808578450233,
        "dmean2": 0.00120447156951,
        "dvar": 6.62932677642e-07,
        "dvar2": 1.34976153277e-06,
        "max": 0.013034215197,
        "mean": 0.00538516556844,
        "median": 0.00530454423279,
        "min": 3.21104341033e-12,
        "var": 2.78937068288e-06
    },
    "spectral_rolloff": {
        "dmean": 595.675964355,
        "dmean2": 978.563049316,
        "dvar": 1153092.125,
        "dvar2": 2258115,
        "max": 18497.0214844,
        "mean": 1771.11938477,
        "median": 1291.9921875,
        "min": 86.1328125,
        "var": 3216068.25
    },
    "spectral_skewness": {
        "dmean": 0.173787340522,
        "dmean2": 0.272228211164,
        "dvar": 0.0241657011211,
        "dvar2": 0.0572309307754,
        "max": 2.84846138954,
        "mean": 1.20625865459,
        "median": 1.21082174778,
        "min": -0.37554076314,
        "var": 0.137539550662
    },
    "spectral_spread": {
        "dmean": 603978.875,
        "dmean2": 817450,
        "dvar": 476263350272,
        "dvar2": 738467577856,
        "max": 39468424,
        "mean": 5126241.5,
        "median": 5061281,
        "min": 2073912,
        "var": 2.54731799757e+12
    },
    "spectral_strongpeak": {
        "dmean": 0.635740697384,
        "dmean2": 1.06330943108,
        "dvar": 0.994169414043,
        "dvar2": 2.44114398956,
        "max": 12.3074731827,
        "mean": 1.13193166256,
        "median": 0.611350178719,
        "min": 0,
        "var": 1.81279933453
    },
    "zerocrossingrate": {
        "dmean": 0.0130021516234,
        "dmean2": 0.0144405467436,
        "dvar": 0.000269533658866,
        "dvar2": 0.000272125762422,
        "max": 0.73046875,
        "mean": 0.0738921239972,
        "median": 0.06591796875,
        "min": 0.00537109375,
        "var": 0.00187360786367
    },
    "barkbands": {
        "dmean": [0.000124862446683, 0.00373701448552, 0.00193876912817, 0.00193093798589, 0.00255801714957, 0.00192196236458, 0.00105833110865, 0.000633602961898, 0.000885237299372, 0.00106558576226, 0.000667371379677, 0.000630990311038, 0.000580214546062, 0.000394994218368, 0.000355433265213, 0.000249028060352, 0.000206505690585, 0.000226938835112, 0.000227417956921, 0.000178346104803, 0.000187559402548, 0.000195610904484, 0.000211669073906, 0.000172080530319, 0.00013334878895, 5.6568836726e-07, 1.31197130937e-09],
        "dmean2": [0.000196535518626, 0.0059345937334, 0.00319565320387, 0.00341061758809, 0.00420850841329, 0.00292821158655, 0.0017050660681, 0.000999715528451, 0.00138717039954, 0.00168302969541, 0.00105851877015, 0.00100048119202, 0.000928050663788, 0.000633083225694, 0.000586433627177, 0.000392923859181, 0.000331275019562, 0.000355468568159, 0.000345255568391, 0.000283053261228, 0.000288587005343, 0.000293422897812, 0.000311987503665, 0.000240639405092, 0.000187183322851, 9.46112322708e-07, 2.41349051855e-09],
        "dvar": [4.99695467227e-08, 4.79315167468e-05, 2.54488659266e-05, 3.10721552523e-05, 1.83973552339e-05, 1.48286408148e-05, 5.72031240154e-06, 2.75812203654e-06, 4.54053451904e-06, 6.94046775607e-06, 3.09588062919e-06, 2.27615942094e-06, 2.99901694234e-06, 1.17914748898e-06, 9.7377721886e-07, 4.66422790169e-07, 1.99376515297e-07, 2.12960230783e-07, 1.67265000073e-07, 1.69850579823e-07, 1.70221170492e-07, 2.74587534932e-07, 4.34925738091e-07, 2.54192968896e-07, 6.46589342068e-08, 2.65835725828e-12, 3.04161590425e-18],
        "dvar2": [1.15375200949e-07, 0.000122647994431, 6.45315521979e-05, 8.62616288941e-05, 4.73961408716e-05, 3.05259054585e-05, 1.29191148517e-05, 6.64759272695e-06, 1.01259047369e-05, 1.55232010002e-05, 7.3032651926e-06, 5.36101106263e-06, 7.14098996468e-06, 2.56258499576e-06, 2.34244475905e-06, 9.22043000173e-07, 4.34798437254e-07, 4.72472123647e-07, 3.52418794591e-07, 3.93395282572e-07, 3.90484501622e-07, 5.60463035981e-07, 8.32113585147e-07, 4.57402620668e-07, 1.2267223326e-07, 6.98832528304e-12, 9.2506800819e-18],
        "max": [0.00437873508781, 0.107760004699, 0.0618941821158, 0.0760155692697, 0.081203840673, 0.0697105005383, 0.0600778087974, 0.0412860400975, 0.0557921677828, 0.0498472973704, 0.0405033379793, 0.0281772948802, 0.0439679175615, 0.0414964109659, 0.0213097818196, 0.0179024785757, 0.0125503549352, 0.00900395959616, 0.0100813359022, 0.0153579283506, 0.0119709335268, 0.0268161129206, 0.0231562294066, 0.0128532499075, 0.00706619676203, 3.92549991375e-05, 2.98452853542e-08],
        "mean": [0.00021550047677, 0.00673663476482, 0.00237685116008, 0.00210821302608, 0.00406386796385, 0.00359177729115, 0.00164593372028, 0.000999649870209, 0.00139351608232, 0.0019003439229, 0.0010647776071, 0.00100399705116, 0.000854892714415, 0.00063422403764, 0.000540641602129, 0.000412023451645, 0.00035093043698, 0.000394779781345, 0.000437567388872, 0.000308383285301, 0.000332111725584, 0.000354831776349, 0.000366496824427, 0.000300248211715, 0.000195377244381, 5.49774256342e-07, 1.10275066856e-09],
        "median": [4.78616566397e-05, 0.00321250455454, 0.000896652811207, 0.000655097421259, 0.00218546320684, 0.00128485192545, 0.000614749849774, 0.000373018439859, 0.000335516844643, 0.000442948046839, 0.000224113638978, 0.000336043507559, 0.000230935838772, 0.000195151980733, 0.000190882128663, 0.000121642689919, 0.000152186999912, 0.000197715329705, 0.000254062906606, 0.000176171335625, 0.000159069008077, 0.000163673961652, 0.000128049301566, 7.28745799279e-05, 5.43285386811e-05, 1.03812297425e-07, 4.70295191679e-10],
        "min": [3.36258397955e-23, 2.381952566e-23, 2.24784905201e-23, 2.73452826779e-23, 3.60996823508e-23, 1.48934932044e-22, 2.87057332623e-23, 5.00601569459e-23, 9.15666446094e-23, 1.48811894986e-22, 2.43708573912e-23, 6.68929940038e-23, 4.9079924696e-23, 7.19453956663e-23, 1.50048462854e-22, 1.88213603936e-22, 1.07728397695e-22, 1.54180238596e-22, 2.53393103701e-22, 5.71366021418e-22, 2.700828761e-22, 4.28839934208e-22, 4.17564448677e-22, 1.04359264908e-21, 1.30729292102e-21, 1.68876505215e-21, 2.50748695534e-21],
        "var": [1.55567789761e-07, 9.22800682019e-05, 2.48786527663e-05, 2.55572431342e-05, 3.35456315952e-05, 4.539519432e-05, 1.01940740933e-05, 4.32437946074e-06, 1.03106285678e-05, 1.77133333636e-05, 7.17255625204e-06, 4.21788172389e-06, 4.69599399366e-06, 2.41689122049e-06, 1.31237050027e-06, 1.05489868929e-06, 4.30302009136e-07, 4.28828712984e-07, 3.91985963688e-07, 2.68973707307e-07, 3.22062646774e-07, 5.88292436987e-07, 1.09807433546e-06, 7.97536245045e-07, 1.54061893909e-07, 2.41982714248e-12, 2.67933519778e-18]
    },
    "erbbands": {
        "dmean": [0.106707245111, 0.873431444168, 1.96892535686, 4.43286752701, 7.76315975189, 8.47119998932, 13.6928329468, 15.8521776199, 16.3040142059, 12.7194356918, 13.8653812408, 17.4598178864, 32.4063796997, 30.7226066589, 21.3621063232, 24.4985237122, 25.5317382812, 22.6292171478, 17.4079589844, 14.0403079987, 13.1592731476, 10.2433423996, 11.6010084152, 11.4722499847, 11.1646404266, 7.99707269669, 6.96525001526, 7.90278100967, 7.06980848312, 6.24379825592, 6.32388448715, 3.9867618084, 2.8071937561, 1.51937603951, 0.977447152138, 0.083899192512, 0.00195791898295, 0.000117034760478, 1.80372189789e-05, 1.31068927658e-05],
        "dmean2": [0.171242281795, 1.37108230591, 3.13623309135, 7.39656829834, 13.2995481491, 14.0807094574, 21.0430736542, 24.5810718536, 25.9996356964, 20.4865550995, 21.6519870758, 27.5105304718, 51.1361694336, 47.0993347168, 33.5279846191, 38.4165992737, 40.8794403076, 36.1506881714, 28.136713028, 22.8446846008, 20.2050132751, 16.0836772919, 17.9815998077, 17.3804340363, 17.1129226685, 12.6195602417, 10.7766151428, 12.3388938904, 10.6707420349, 9.37760353088, 9.26268005371, 5.67225646973, 3.91949105263, 2.15596008301, 1.40240108967, 0.118711434305, 0.00275245122612, 0.000163007629453, 2.47864136327e-05, 1.9263541617e-05],
        "dvar": [0.0319025069475, 2.95805811882, 24.3800830841, 140.932006836, 275.304992676, 219.267547607, 971.705383301, 1236.54785156, 1150.23352051, 1228.99914551, 1272.1463623, 1930.10534668, 6539.81103516, 5841.14501953, 3103.16699219, 3191.00683594, 5585.81982422, 3455.96459961, 2026.44702148, 1485.10131836, 1295.84204102, 447.721038818, 644.658630371, 478.684387207, 482.232574463, 360.757171631, 231.147598267, 360.65057373, 433.229858398, 240.624176025, 471.236022949, 149.784912109, 70.1957778931, 11.6042919159, 3.34389281273, 0.0279756803066, 1.41280006574e-05, 4.53208279794e-08, 7.95743304582e-10, 2.26770088818e-10],
        "dvar2": [0.0853917747736, 7.38355731964, 59.6646461487, 368.463623047, 748.625976562, 584.381652832, 1989.3692627, 2518.73876953, 2742.57641602, 2916.03125, 2935.11254883, 4231.11328125, 14996.6269531, 12726.6855469, 7037.31835938, 7594.02392578, 13018.375, 7847.28417969, 4681.48291016, 3683.28857422, 2568.13647461, 977.686340332, 1413.21520996, 990.905395508, 1069.3927002, 822.64239502, 514.466308594, 805.818237305, 880.971252441, 470.06072998, 965.914001465, 295.433685303, 127.311576843, 21.6856498718, 6.60007858276, 0.051671359688, 2.60449560301e-05, 8.25524182346e-08, 1.42248446355e-09, 4.5766768153e-10],
        "max": [2.20295619965, 29.2569255829, 72.4357223511, 170.327102661, 211.89743042, 290.313934326, 791.260253906, 742.826171875, 904.493408203, 1041.44348145, 987.449768066, 1207.8092041, 2292.16235352, 1717.38708496, 1625.83239746, 1265.50817871, 1922.83044434, 2024.9185791, 1211.81347656, 962.443969727, 986.024963379, 718.169433594, 543.840332031, 560.991516113, 1011.2989502, 741.33807373, 552.09564209, 505.426544189, 1250.20092773, 491.367431641, 832.772705078, 423.649658203, 252.747848511, 91.5844650269, 39.3823165894, 4.3334274292, 0.0881550610065, 0.00404600612819, 0.000598810729571, 0.000259332853602],
        "mean": [0.197000741959, 1.48192346096, 2.78933215141, 5.75520515442, 9.3796377182, 12.9818162918, 25.1439323425, 27.6399269104, 27.2154273987, 19.7804298401, 23.5805931091, 29.2332611084, 56.8916320801, 58.7125320435, 39.9461288452, 42.2325668335, 40.700214386, 37.0928611755, 29.5137481689, 23.458530426, 23.6243515015, 18.9266986847, 21.3690013885, 22.0364570618, 22.0668354034, 14.5378513336, 12.4215974808, 13.7457485199, 12.5683574677, 11.3551387787, 10.5789136887, 6.87638616562, 4.68802499771, 2.32063484192, 1.33067417145, 0.112706854939, 0.00273738941178, 0.000178299567779, 4.1719955334e-05, 4.46827143605e-05],
        "median": [0.0740855410695, 0.72408336401, 1.24410068989, 2.09047722816, 4.24756097794, 6.69325208664, 8.42210865021, 9.04082775116, 11.200917244, 8.67319297791, 9.69062232971, 9.191655159, 13.9113540649, 14.3430995941, 11.0337810516, 16.419801712, 12.7173957825, 13.6417694092, 12.255361557, 7.6239066124, 7.83306026459, 8.01657962799, 10.7033433914, 12.6929073334, 12.3576641083, 8.70273590088, 6.5900812149, 6.3032374382, 5.75757598877, 5.2306394577, 3.28049731255, 1.86098814011, 0.999147057533, 0.569014370441, 0.377484023571, 0.0275849606842, 0.000736090529244, 5.48589705431e-05, 2.68189105554e-05, 3.97550466005e-05],
        "min": [1.24093348728e-21, 3.93310123713e-21, 2.29047474839e-20, 6.63833056466e-20, 7.58395245493e-20, 1.82701656641e-19, 4.48325429655e-19, 1.37658539341e-18, 8.36410087033e-19, 4.89694283053e-19, 1.60160974609e-18, 1.93802689295e-18, 2.62373004905e-18, 4.59607232292e-18, 1.57503408737e-18, 2.72511778353e-18, 1.98665518681e-18, 3.29415828117e-18, 3.82518341901e-18, 1.29061359654e-17, 9.27534412622e-18, 7.09083292036e-18, 8.44700546081e-18, 1.38801419638e-17, 1.3472283192e-17, 2.06269049725e-17, 1.74906298277e-17, 1.33935496598e-17, 1.21658655654e-17, 1.78602339777e-17, 1.1712823707e-17, 2.09760546003e-17, 1.64506189522e-17, 1.41680884982e-17, 9.77760157672e-18, 6.47851784859e-18, 3.19294135949e-18, 1.18970730186e-18, 3.8947077944e-19, 3.77070120674e-20],
        "var": [0.0806428790092, 5.16501140594, 27.8801136017, 147.420913696, 264.615661621, 366.104553223, 3153.55541992, 3332.01123047, 2154.37084961, 1664.37561035, 2435.14550781, 4345.34472656, 15464.7197266, 19516.3300781, 8639.90722656, 6277.65625, 9481.99902344, 6569.99072266, 3157.46679688, 2203.62475586, 3125.03564453, 1141.39196777, 1367.01879883, 1042.34631348, 1087.19873047, 557.086547852, 434.285614014, 705.588439941, 847.240112305, 578.901916504, 1082.29284668, 417.427856445, 213.592849731, 32.6105194092, 6.13068246841, 0.0526736676693, 2.77659455605e-05, 1.01866831415e-07, 2.30299335158e-09, 7.60891072371e-10]
    },
    "gfcc": {
        "mean": [18.5430335999, 91.7967147827, -134.517578125, 51.5683555603, -79.9232177734, 27.1528224945, -40.3022003174, 8.84956455231, -22.2089576721, -0.962393224239, -2.85873126984, -6.73182535172, 1.14043533802],
        "cov": [[2016.33227539, -103.283203125, 607.199645996, 362.775024414, -65.5545349121, 119.462280273, -155.124191284, 47.0189247131, -137.771575928, 97.1749725342, -31.6166954041, 25.9906578064, -100.546913147], [-103.283203125, 722.770080566, 90.0261230469, 58.1029586792, 159.251708984, -78.4012680054, 138.133590698, -38.8476753235, 30.0054759979, -52.9080696106, 98.2789916992, -16.6575775146, 18.7591190338], [607.199645996, 90.0261230469, 1650.62854004, 747.595336914, -28.7873935699, 78.5099487305, -245.080215454, -57.0224647522, -180.857681274, 151.483688354, -34.2382888794, 88.574180603, -81.0779953003], [362.775024414, 58.1029586792, 747.595336914, 592.771606445, 46.5485610962, -10.3861112595, -149.56072998, -59.4357910156, 1.9754524231, 59.6213760376, -6.44156503677, 15.0042800903, -21.4775218964], [-65.5545349121, 159.251708984, -28.7873935699, 46.5485610962, 210.412704468, 21.0436973572, 31.7003860474, 36.614440918, 48.6491241455, 5.54387331009, -1.29126346111, -1.78318834305, 16.3983764648], [119.462280273, -78.4012680054, 78.5099487305, -10.3861112595, 21.0436973572, 197.136749268, 83.4348220825, 18.9223823547, -21.6241817474, 15.9716100693, -10.2181768417, -10.2731466293, -20.8185653687], [-155.124191284, 138.133590698, -245.080215454, -149.56072998, 31.7003860474, 83.4348220825, 243.97265625, 44.8770523071, 12.9557294846, -46.8796920776, 48.1847305298, -29.4193973541, 8.72737216949], [47.0189247131, -38.8476753235, -57.0224647522, -59.4357910156, 36.614440918, 18.9223823547, 44.8770523071, 122.505577087, 27.6102104187, 13.2194805145, -15.5015487671, 11.951426506, 4.30364131927], [-137.771575928, 30.0054759979, -180.857681274, 1.9754524231, 48.6491241455, -21.6241817474, 12.9557294846, 27.6102104187, 159.769927979, 5.51849079132, 7.4543094635, -12.8171453476, 32.7587127686], [97.1749725342, -52.9080696106, 151.483688354, 59.6213760376, 5.54387331009, 15.9716100693, -46.8796920776, 13.2194805145, 5.51849079132, 104.356552124, 14.2353696823, 23.2203369141, -18.5911979675], [-31.6166954041, 98.2789916992, -34.2382888794, -6.44156503677, -1.29126346111, -10.2181768417, 48.1847305298, -15.5015487671, 7.4543094635, 14.2353696823, 125.364082336, 26.3571434021, 1.28560447693], [25.9906578064, -16.6575775146, 88.574180603, 15.0042800903, -1.78318834305, -10.2731466293, -29.4193973541, 11.951426506, -12.8171453476, 23.2203369141, 26.3571434021, 80.6804504395, 22.5206661224], [-100.546913147, 18.7591190338, -81.0779953003, -21.4775218964, 16.3983764648, -20.8185653687, 8.72737216949, 4.30364131927, 32.7587127686, -18.5911979675, 1.28560447693, 22.5206661224, 74.7074127197]],
        "icov": [[0.000895530451089, -0.000858434708789, 0.000868415751029, -0.00139948667493, 0.00125713646412, -0.00167321949266, 0.00153255532496, -0.00178509217221, 0.00139325333294, -0.000563308538403, 0.000176658417331, -0.000331394985551, 0.000488288234919], [-0.000858434708789, 0.00530434772372, -0.00342064606957, 0.00357397086918, -0.00541679980233, 0.0060428082943, -0.00565490778536, 0.00489554274827, -0.00332583254203, 0.00262952875346, -0.00241165678017, 0.00192428915761, -0.000346465676557], [0.000868415751029, -0.00342064606957, 0.00511670159176, -0.00599239720032, 0.00429999129847, -0.00517821591347, 0.00420058425516, -0.00423923600465, 0.00518007948995, -0.00324207171798, 0.00218441826291, -0.00314624700695, 0.00105723924935], [-0.00139948667493, 0.00357397086918, -0.00599239720032, 0.00958771258593, -0.0056585855782, 0.00559732038528, -0.0034326785244, 0.00612223986536, -0.00657016504556, 0.00317483511753, -0.00253506051376, 0.00357459764928, -0.00104071118403], [0.00125713646412, -0.00541679980233, 0.00429999129847, -0.0056585855782, 0.0115848006681, -0.00715579092503, 0.00538866082206, -0.00708445301279, 0.00318961241283, -0.00321470852941, 0.00267790234648, -0.0022067441605, -0.000245832692599], [-0.00167321949266, 0.0060428082943, -0.00517821591347, 0.00559732038528, -0.00715579092503, 0.0152372438461, -0.0112867616117, 0.00752827478573, -0.00467298366129, 0.000936172553338, -6.35548858554e-05, 0.00180639559403, 0.000660363642965], [0.00153255532496, -0.00565490778536, 0.00420058425516, -0.0034326785244, 0.00538866082206, -0.0112867616117, 0.0162966325879, -0.00978091917932, 0.00493872072548, 0.00104030419607, -0.003447011346, 0.00237902766094, -0.00117846101057], [-0.00178509217221, 0.00489554274827, -0.00423923600465, 0.00612223986536, -0.00708445301279, 0.00752827478573, -0.00978091917932, 0.018006009981, -0.00703443866223, 0.00018502077728, 0.00232370337471, -0.00258285412565, 0.00115505349822], [0.00139325333294, -0.00332583254203, 0.00518007948995, -0.00657016504556, 0.00318961241283, -0.00467298366129, 0.00493872072548, -0.00703443866223, 0.0142084481195, -0.0047971024178, 0.000401598081226, 0.00120877218433, -0.00352620962076], [-0.000563308538403, 0.00262952875346, -0.00324207171798, 0.00317483511753, -0.00321470852941, 0.000936172553338, 0.00104030419607, 0.00018502077728, -0.0047971024178, 0.0164729263633, -0.00471043819562, -0.00080209976295, 0.00333579536527], [0.000176658417331, -0.00241165678017, 0.00218441826291, -0.00253506051376, 0.00267790234648, -6.35548858554e-05, -0.003447011346, 0.00232370337471, 0.000401598081226, -0.00471043819562, 0.0141928335652, -0.00808409973979, 0.00299294875003], [-0.000331394985551, 0.00192428915761, -0.00314624700695, 0.00357459764928, -0.0022067441605, 0.00180639559403, 0.00237902766094, -0.00258285412565, 0.00120877218433, -0.00080209976295, -0.00808409973979, 0.02296641469, -0.00997124426067], [0.000488288234919, -0.000346465676557, 0.00105723924935, -0.00104071118403, -0.000245832692599, 0.000660363642965, -0.00117846101057, 0.00115505349822, -0.00352620962076, 0.00333579536527, 0.00299294875003, -0.00997124426067, 0.0206177271903]]
    },
    "melbands": {
        "dmean": [0.000995802576654, 0.000989425927401, 0.00081114016939, 0.000591910385992, 0.000422382872785, 0.000354724383214, 0.000245645671384, 0.000135342241265, 0.000112705020001, 0.0001236427197, 0.000166560843354, 0.000128657266032, 7.47575832065e-05, 7.42639967939e-05, 5.69436087972e-05, 5.99802187935e-05, 4.38236747868e-05, 2.87647762889e-05, 2.6232086384e-05, 1.76414687303e-05, 1.65558067238e-05, 1.15352804642e-05, 1.15264892884e-05, 1.11591689347e-05, 1.00759762063e-05, 8.60603813635e-06, 7.69639791542e-06, 5.29888984602e-06, 4.48007176601e-06, 4.81311099065e-06, 5.03227465742e-06, 4.41589736511e-06, 3.67197753803e-06, 3.65086862075e-06, 4.00558019464e-06, 3.07455638904e-06, 2.34252456721e-06, 2.12299687519e-06, 1.69793781879e-06, 1.2004987866e-06],
        "dmean2": [0.00158723990899, 0.00150911416858, 0.00134329416323, 0.000999244628474, 0.000658654840663, 0.000546938215848, 0.000391003850382, 0.000217436259845, 0.000176054207259, 0.000192871928448, 0.000263172696577, 0.000198649097001, 0.000118218638818, 0.000116448274639, 9.10315939109e-05, 9.55722862273e-05, 7.04102276359e-05, 4.65094890387e-05, 4.32532433479e-05, 2.83905592369e-05, 2.57484389294e-05, 1.84111413546e-05, 1.83194551937e-05, 1.74794949999e-05, 1.54743956955e-05, 1.3250714801e-05, 1.2164621694e-05, 8.50088872539e-06, 6.96414645063e-06, 7.64097876527e-06, 7.97153461463e-06, 6.79600634612e-06, 5.69110170545e-06, 5.57368548471e-06, 5.96817062615e-06, 4.57156193079e-06, 3.3838989566e-06, 3.02284570353e-06, 2.43203703576e-06, 1.7367866576e-06],
        "dvar": [3.0442267871e-06, 4.63239257442e-06, 4.30664795203e-06, 1.11242707135e-06, 7.96283586624e-07, 5.37336688922e-07, 2.52201544981e-07, 1.32456236202e-07, 8.21182482014e-08, 9.71302114294e-08, 1.72961733824e-07, 1.01530893915e-07, 3.42994184166e-08, 3.20009618804e-08, 2.21260663125e-08, 3.93411916377e-08, 1.44495277965e-08, 5.55289147997e-09, 6.08836892013e-09, 2.45565590085e-09, 2.21182716587e-09, 6.34265862054e-10, 7.39258210203e-10, 5.61888424677e-10, 4.52532955553e-10, 2.18725385026e-10, 3.70930536286e-10, 1.71109043601e-10, 9.12059247571e-11, 1.31269300985e-10, 1.66554534053e-10, 2.03557282141e-10, 7.90559631647e-11, 8.4484176599e-11, 1.94062710346e-10, 1.14531294171e-10, 5.05159455932e-11, 4.59569153566e-11, 2.31825409563e-11, 6.53302108591e-12],
        "dvar2": [7.91739967099e-06, 1.09260108729e-05, 1.11324116006e-05, 2.99969406115e-06, 1.65414110143e-06, 1.09955897187e-06, 5.87622480452e-07, 3.19699580587e-07, 1.86622301612e-07, 2.14070169591e-07, 3.95588415358e-07, 2.20005645701e-07, 7.89534979617e-08, 7.49706003944e-08, 5.33230242183e-08, 9.61258734833e-08, 3.15305754839e-08, 1.28459642923e-08, 1.51789869562e-08, 5.16359222047e-09, 4.73522954181e-09, 1.43550260567e-09, 1.61077129412e-09, 1.24620103126e-09, 9.49851530763e-10, 4.61322480216e-10, 9.18555675966e-10, 3.88556131714e-10, 1.86719209538e-10, 3.2527774918e-10, 3.69476338413e-10, 4.19116075179e-10, 1.76725412082e-10, 1.64852381745e-10, 4.07923361756e-10, 2.44540165895e-10, 1.00823578653e-10, 8.81016856691e-11, 4.31325565542e-11, 1.27840047576e-11],
        "max": [0.0238030962646, 0.0385375916958, 0.0288774352521, 0.0167653914541, 0.0240218415856, 0.0149475159124, 0.0130030894652, 0.0100398808718, 0.00697908177972, 0.00878942478448, 0.0112238042057, 0.00691328337416, 0.00561178429052, 0.00373224075884, 0.00345639977604, 0.00575147150084, 0.00467437738553, 0.00170947657898, 0.00160018308088, 0.00182841182686, 0.00142725207843, 0.000730580068193, 0.000748844875488, 0.00059898669133, 0.000576006306801, 0.000400192337111, 0.00106476352084, 0.000525180075783, 0.000340802653227, 0.000309659168124, 0.000423299643444, 0.000915091251954, 0.000249322882155, 0.000296949292533, 0.000532334612217, 0.000370894791558, 0.000235634302953, 0.000200043825316, 0.000194179650862, 6.42820305075e-05],
        "mean": [0.0018423468573, 0.00167537492234, 0.00106517900713, 0.000805502582807, 0.000808303186204, 0.000635506061371, 0.000411418965086, 0.000208180528716, 0.000186856428627, 0.0001994134509, 0.000285262212856, 0.000238223976339, 0.000130169573822, 0.000122873752844, 8.86789275683e-05, 8.70842850418e-05, 6.74801558489e-05, 4.57814639958e-05, 3.87942782254e-05, 2.8300763006e-05, 2.73702935374e-05, 1.92831867025e-05, 1.95760239876e-05, 1.87838468264e-05, 1.76108660526e-05, 1.61549232871e-05, 1.35896007123e-05, 8.616226296e-06, 7.65279401094e-06, 7.43036798667e-06, 8.42627105158e-06, 7.38080734664e-06, 6.28408952252e-06, 6.24862786935e-06, 6.4234036472e-06, 4.92876915814e-06, 3.92588390241e-06, 3.43725037055e-06, 2.61596505879e-06, 1.71586282249e-06],
        "median": [0.000826003495604, 0.000881525222212, 0.00045346855768, 0.000409514905186, 0.000302545668092, 0.000214691608562, 0.0001655134256, 8.84981127456e-05, 7.14842462912e-05, 5.02210241393e-05, 6.5291991632e-05, 5.16513355251e-05, 3.04436198348e-05, 4.29297542723e-05, 2.99693110719e-05, 2.44188122451e-05, 2.19131507038e-05, 1.69843497133e-05, 1.27305738715e-05, 8.52315315569e-06, 8.89771672519e-06, 8.02159229352e-06, 8.29524287838e-06, 9.58459895628e-06, 9.12837003852e-06, 8.63530021888e-06, 7.17577177056e-06, 4.9250943448e-06, 3.84544091503e-06, 3.54759390575e-06, 3.46169235854e-06, 3.11531084662e-06, 2.96781558973e-06, 2.72604711427e-06, 2.00499812308e-06, 1.18725802167e-06, 1.06497179786e-06, 7.11266750386e-07, 5.19247464581e-07, 4.2739245032e-07],
        "min": [1.09213848023e-23, 9.33634551813e-24, 1.18008219278e-23, 8.20247787374e-24, 1.40886976244e-23, 3.01525988258e-23, 1.15895342118e-23, 6.40083513433e-24, 1.49605167201e-23, 1.17087926258e-23, 1.31095334921e-23, 1.97738067536e-23, 3.77596239779e-24, 7.7047902618e-24, 5.37398199376e-24, 4.5329722551e-24, 6.75633411798e-24, 5.86369422194e-24, 1.19302550697e-23, 1.71881005666e-23, 9.1767510684e-24, 7.46943282186e-24, 6.50878759377e-24, 7.60360701779e-24, 1.23057994034e-23, 8.0431256043e-24, 1.29187498488e-23, 1.48501913671e-23, 1.30648358444e-23, 8.07712077615e-24, 7.40854380403e-24, 6.74357587056e-24, 7.56367093446e-24, 1.12976130784e-23, 6.42213161776e-24, 9.21756594277e-24, 1.2575028164e-23, 1.10926646487e-23, 1.2604496852e-23, 1.10510041154e-23],
        "var": [6.59493798594e-06, 7.15971918908e-06, 4.39234554506e-06, 1.3342001921e-06, 2.75986758425e-06, 1.52931966113e-06, 4.93439358706e-07, 1.77474873908e-07, 1.68535308376e-07, 2.24345711786e-07, 4.06092368621e-07, 3.29949642719e-07, 9.19908629271e-08, 6.45415028089e-08, 3.45510287048e-08, 5.69696538832e-08, 2.89029440381e-08, 8.44143954737e-09, 7.39776684355e-09, 4.81272977026e-09, 4.52314363741e-09, 1.34593913792e-09, 1.53905899136e-09, 1.03939679086e-09, 8.74061989453e-10, 5.44785883072e-10, 6.09558736819e-10, 2.4315197078e-10, 1.97852706441e-10, 1.93148122496e-10, 3.23878729391e-10, 3.67949254398e-10, 1.56873916635e-10, 1.96791499762e-10, 4.06316064128e-10, 2.71877409475e-10, 1.32997710067e-10, 1.25666116402e-10, 6.79788308977e-11, 1.52265509229e-11]
    },
    "mfcc": {
        "mean": [-607.854797363, 99.3991470337, 5.93717908859, 19.652507782, -4.01553869247, 8.02286338806, 0.14293050766, 3.92590212822, -5.62388181686, 1.09971427917, 1.0005877018, -1.55105865002, 0.0832218453288],
        "cov": [[1385.81176758, -219.10760498, 250.115783691, 83.8472366333, 88.2568054199, 26.4503860474, 29.5799121857, -16.2805843353, -21.1235046387, 2.87267684937, 27.5966625214, 30.160533905, 0.102716103196], [-219.10760498, 673.911132812, -148.439865112, 57.6809463501, -26.7110557556, -2.24365091324, 93.3282165527, 72.4704742432, -30.6651535034, 21.1738471985, 26.3619537354, -21.2167472839, 33.5280036926], [250.115783691, -148.439865112, 1498.35656738, 590.449035645, 313.204406738, 195.624389648, 37.981086731, -124.457054138, -115.994300842, -80.3458023071, -20.3646183014, 50.7436065674, 14.7000408173], [83.8472366333, 57.6809463501, 590.449035645, 534.969909668, 250.680130005, 65.6637802124, -47.109210968, -63.2130699158, -43.0362129211, -23.5579605103, -16.2758769989, 32.3714332581, 20.0128688812], [88.2568054199, -26.7110557556, 313.204406738, 250.680130005, 274.46496582, 62.2159805298, -54.1749954224, -40.4981422424, 21.8196392059, -8.25491142273, -10.5251121521, 29.9220600128, 16.8508491516], [26.4503860474, -2.24365091324, 195.624389648, 65.6637802124, 62.2159805298, 158.003631592, 51.5992660522, -0.484332084656, 3.10281825066, 9.85529327393, 13.4360160828, 10.6844539642, 1.16156506538], [29.5799121857, 93.3282165527, 37.981086731, -47.109210968, -54.1749954224, 51.5992660522, 194.806182861, 62.7458572388, -22.9899959564, 18.5401992798, 24.5139923096, -14.1239299774, 4.51934528351], [-16.2805843353, 72.4704742432, -124.457054138, -63.2130699158, -40.4981422424, -0.484332084656, 62.7458572388, 116.780784607, 41.2636489868, 21.408372879, 9.52166748047, -2.86380076408, 3.45562291145], [-21.1235046387, -30.6651535034, -115.994300842, -43.0362129211, 21.8196392059, 3.10281825066, -22.9899959564, 41.2636489868, 147.336990356, 31.528055191, -0.0974858254194, 8.30860614777, -15.2742919922], [2.87267684937, 21.1738471985, -80.3458023071, -23.5579605103, -8.25491142273, 9.85529327393, 18.5401992798, 21.408372879, 31.528055191, 84.9498901367, 33.3325920105, -2.82061314583, -3.60838198662], [27.5966625214, 26.3619537354, -20.3646183014, -16.2758769989, -10.5251121521, 13.4360160828, 24.5139923096, 9.52166748047, -0.0974858254194, 33.3325920105, 77.6252593994, 22.7023563385, 3.0037047863], [30.160533905, -21.2167472839, 50.7436065674, 32.3714332581, 29.9220600128, 10.6844539642, -14.1239299774, -2.86380076408, 8.30860614777, -2.82061314583, 22.7023563385, 78.8995742798, 29.9888248444], [0.102716103196, 33.5280036926, 14.7000408173, 20.0128688812, 16.8508491516, 1.16156506538, 4.51934528351, 3.45562291145, -15.2742919922, -3.60838198662, 3.0037047863, 29.9888248444, 72.6733703613]],
