{
"lowlevel": {
    "average_loudness": 0.92717307806,
    "barkbands_crest": {
        "dmean": 2.70243358612,
        "dmean2": 4.26600408554,
        "dvar": 5.68961429596,
        "dvar2": 13.8494682312,
        "max": 24.8638725281,
        "mean": 9.83957958221,
        "median": 8.93058872223,
        "min": 2.45402002335,
        "var": 17.0888156891
    },
    "barkbands_flatness_db": {
        "dmean": 0.018553186208,
        "dmean2": 0.0286080483347,
        "dvar": 0.00027705199318,
        "dvar2": 0.00062774203252,
        "max": 0.298973947763,
        "mean": 0.145608395338,
        "median": 0.140612512827,
        "min": 0.0624946989119,
        "var": 0.00126478797756
    },
    "barkbands_kurtosis": {
        "dmean": 1.5178091526,
        "dmean2": 2.35959911346,
        "dvar": 4.4175195694,
        "dvar2": 10.4818181992,
        "max": 44.3231201172,
        "mean": 2.04727983475,
        "median": 1.07288312912,
        "min": -1.82381248474,
        "var": 11.3851232529
    },
    "barkbands_skewness": {
        "dmean": 0.395469814539,
        "dmean2": 0.597803652287,
        "dvar": 0.141852661967,
        "dvar2": 0.317664057016,
        "max": 6.0228934288,
        "mean": 1.1055727005,
        "median": 1.01105225086,
        "min": -2.29197072983,
        "var": 0.670011937618
    },
    "barkbands_spread": {
        "dmean": 5.47164106369,
        "dmean2": 8.18638896942,
        "dvar": 35.4436607361,
        "dvar2": 75.4180984497,
        "max": 88.5467834473,
        "mean": 23.1857967377,
        "median": 22.1050643921,
        "min": 1.72423005104,
        "var": 143.943344116
    },
    "dissonance": {
        "dmean": 0.0202076230198,
        "dmean2": 0.0341430455446,
        "dvar": 0.000373491959181,
        "dvar2": 0.00105590419844,
        "max": 0.499999970198,
        "mean": 0.462080568075,
        "median": 0.467147111893,
        "min": 0.300073057413,
        "var": 0.000745973025914
    },
    "dynamic_complexity": 2.16746640205,
    "erbbands_crest": {
        "dmean": 2.92459702492,
        "dmean2": 4.71965265274,
        "dvar": 7.78333568573,
        "dvar2": 19.0526161194,
        "max": 31.7534389496,
        "mean": 9.89018630981,
        "median": 8.4688205719,
        "min": 2.26539945602,
        "var": 28.8490085602
    },
    "erbbands_flatness_db": {
        "dmean": 0.0173435863107,
        "dmean2": 0.024589439854,
        "dvar": 0.000279048195807,
        "dvar2": 0.000522283662576,
        "max": 0.375888198614,
        "mean": 0.18231344223,
        "median": 0.171361640096,
        "min": 0.0898997038603,
        "var": 0.00268665305339
    },
    "erbbands_kurtosis": {
        "dmean": 1.02784836292,
        "dmean2": 1.62815380096,
        "dvar": 2.56578159332,
        "dvar2": 6.27213668823,
        "max": 33.2892341614,
        "mean": 0.820271134377,
        "median": -0.0986623764038,
        "min": -1.73089373112,
        "var": 7.11882734299
    },
    "erbbands_skewness": {
        "dmean": 0.365233212709,
        "dmean2": 0.567053079605,
        "dvar": 0.117884784937,
        "dvar2": 0.279750704765,
        "max": 5.21412467957,
        "mean": 0.717279016972,
        "median": 0.636867880821,
        "min": -1.71257162094,
        "var": 0.526084184647
    },
    "erbbands_spread": {
        "dmean": 7.42305994034,
        "dmean2": 10.9504108429,
        "dvar": 65.3018112183,
        "dvar2": 131.169952393,
        "max": 112.989990234,
        "mean": 37.0586242676,
        "median": 34.5949478149,
        "min": 2.90985560417,
        "var": 409.088562012
    },
    "hfc": {
        "dmean": 8.28886032104,
        "dmean2": 11.55809021,
        "dvar": 116.521331787,
        "dvar2": 238.829360962,
        "max": 212.7525177,
        "mean": 28.434589386,
        "median": 24.7984962463,
        "min": 1.28499927357e-16,
        "var": 351.705078125
    },
    "melbands_crest": {
        "dmean": 3.22161197662,
        "dmean2": 5.14358711243,
        "dvar": 8.07116127014,
        "dvar2": 20.3558998108,
        "max": 32.3660774231,
        "mean": 12.9226284027,
        "median": 12.0822105408,
        "min": 2.58123993874,
        "var": 22.6507015228
    },
    "melbands_flatness_db": {
        "dmean": 0.0212131682783,
        "dmean2": 0.0317794382572,
        "dvar": 0.000393819645979,
        "dvar2": 0.000879092083778,
        "max": 0.322501391172,
        "mean": 0.152617841959,
        "median": 0.150540202856,
        "min": 0.0077995872125,
        "var": 0.00174917432014
    },
    "melbands_kurtosis": {
        "dmean": 3.59798955917,
        "dmean2": 5.50301218033,
        "dvar": 25.6071968079,
        "dvar2": 60.0996246338,
        "max": 112.578018188,
        "mean": 7.94491243362,
        "median": 4.70577144623,
        "min": -1.44255256653,
        "var": 86.9337768555
    },
    "melbands_skewness": {
        "dmean": 0.53342884779,
        "dmean2": 0.796403765678,
        "dvar": 0.264762222767,
        "dvar2": 0.57256102562,
        "max": 8.81696224213,
        "mean": 1.9259005785,
        "median": 1.72233235836,
        "min": -1.4971858263,
        "var": 1.66660630703
    },
    "melbands_spread": {
        "dmean": 7.0268497467,
        "dmean2": 10.7397937775,
        "dvar": 75.180770874,
        "dvar2": 165.84614563,
        "max": 146.089996338,
        "mean": 26.7281646729,
        "median": 24.526922226,
        "min": 2.71135449409,
        "var": 216.433288574
    },
    "pitch_salience": {
        "dmean": 0.0660702511668,
        "dmean2": 0.103844814003,
        "dvar": 0.00346073042601,
        "dvar2": 0.00827566720545,
        "max": 0.963073015213,
        "mean": 0.573981165886,
        "median": 0.57191324234,
        "min": 0.149118945003,
        "var": 0.0128857884556
    },
    "silence_rate_20dB": {
        "dmean": 0,
        "dmean2": 0,
        "dvar": 0,
        "dvar2": 0,
        "max": 1,
        "mean": 1,
        "median": 1,
        "min": 1,
        "var": 0
    },
    "silence_rate_30dB": {
        "dmean": 0.00228774780408,
        "dmean2": 0.0045760772191,
        "dvar": 0.00228243670426,
        "dvar2": 0.00607974966988,
        "max": 1,
        "mean": 0.998475015163,
        "median": 1,
        "min": 0,
        "var": 0.0015224685194
    },
    "silence_rate_60dB": {
        "dmean": 0.00711743766442,
        "dmean2": 0.0142366848886,
        "dvar": 0.00706598255783,
        "dvar2": 0.0175954177976,
        "max": 1,
        "mean": 0.00800609961152,
        "median": 0,
        "min": 0,
        "var": 0.00794264953583
    },
    "spectral_centroid": {
        "dmean": 228.41734314,
        "dmean2": 355.287231445,
        "dvar": 64330.5703125,
        "dvar2": 138347.984375,
        "max": 10652.9980469,
        "mean": 1494.92492676,
        "median": 1459.68225098,
        "min": 390.248413086,
        "var": 235638.34375
    },
    "spectral_complexity": {
        "dmean": 3.91052365303,
        "dmean2": 5.85814142227,
        "dvar": 14.5627250671,
        "dvar2": 28.4095973969,
        "max": 51,
        "mean": 22.1005210876,
        "median": 22,
        "min": 0,
        "var": 57.5325813293
    },
    "spectral_decrease": {
        "dmean": 1.9416717123e-09,
        "dmean2": 2.77072365051e-09,
        "dvar": 4.8777186361e-18,
        "dvar2": 9.56512948304e-18,
        "max": 4.17962517914e-29,
        "mean": -6.90088253208e-09,
        "median": -6.23226537044e-09,
        "min": -4.02615469852e-08,
        "var": 1.91826922907e-17
    },
    "spectral_energy": {
        "dmean": 0.0079198917374,
        "dmean2": 0.0112525597215,
        "dvar": 8.08968106867e-05,
        "dvar2": 0.000157062793733,
        "max": 0.169688284397,
        "mean": 0.0286246668547,
        "median": 0.0259564127773,
        "min": 1.1497573831e-20,
        "var": 0.000318712554872
    },
    "spectral_energyband_high": {
        "dmean": 0.000633924442809,
        "dmean2": 0.000889641814865,
        "dvar": 1.22744415876e-06,
        "dvar2": 2.78249376606e-06,
        "max": 0.0181787647307,
        "mean": 0.00133723509498,
        "median": 0.00082250504056,
        "min": 8.549681458e-21,
        "var": 2.34083313444e-06
    },
    "spectral_energyband_low": {
        "dmean": 0.00254332646728,
        "dmean2": 0.00359143572859,
        "dvar": 1.81345494639e-05,
        "dvar2": 3.82817452191e-05,
        "max": 0.0726384818554,
        "mean": 0.00516447843984,
        "median": 0.00243701552972,
        "min": 5.95090413608e-23,
        "var": 5.14215389558e-05
    },
    "spectral_energyband_middle_high": {
        "dmean": 0.00350759970024,
        "dmean2": 0.00515520153567,
        "dvar": 2.85025598714e-05,
        "dvar2": 5.81995700486e-05,
        "max": 0.0948979407549,
        "mean": 0.0106688290834,
        "median": 0.0065394625999,
        "min": 1.32480507775e-21,
        "var": 0.000123727368191
    },
    "spectral_energyband_middle_low": {
        "dmean": 0.00513979140669,
        "dmean2": 0.00796070601791,
        "dvar": 5.41327572137e-05,
        "dvar2": 0.000125959748402,
        "max": 0.107449270785,
        "mean": 0.0124076930806,
        "median": 0.00876998994499,
        "min": 5.00464162511e-22,
        "var": 0.000130890693981
    },
    "spectral_entropy": {
        "dmean": 0.136032268405,
        "dmean2": 0.197940096259,
        "dvar": 0.0199257340282,
        "dvar2": 0.0404263660312,
        "max": 9.79876995087,
        "mean": 7.79161167145,
        "median": 7.79700183868,
        "min": 6.23142671585,
        "var": 0.0819533765316
    },
    "spectral_flux": {
        "dmean": 0.0248102750629,
        "dmean2": 0.037817530334,
        "dvar": 0.000628391862847,
        "dvar2": 0.00129732920323,
        "max": 0.317189395428,
        "mean": 0.0923773795366,
        "median": 0.0837211459875,
        "min": 1.07226741375e-10,
        "var": 0.00173882150557
    },
    "spectral_kurtosis": {
        "dmean": 1.01921403408,
        "dmean2": 1.70289468765,
        "dvar": 1.2616866827,
        "dvar2": 3.55540466309,
        "max": 18.2251758575,
        "mean": 2.48031258583,
        "median": 1.98252630234,
        "min": -1.25676071644,
        "var": 4.0793170929
    },
    "spectral_rms": {
        "dmean": 0.000731688574888,
        "dmean2": 0.00102179963142,
        "dvar": 5.25790994743e-07,
        "dvar2": 9.55812083703e-07,
        "max": 0.0128666060045,
        "mean": 0.00501946825534,
        "median": 0.00503222923726,
        "min": 3.34920069109e-12,
        "var": 2.73135219686e-06
    },
    "spectral_rolloff": {
        "dmean": 550.034912109,
        "dmean2": 903.966247559,
        "dvar": 856442.8125,
        "dvar2": 1891831.125,
        "max": 18733.8867188,
        "mean": 1783.03137207,
        "median": 1507.32421875,
        "min": 86.1328125,
        "var": 1843844.25
    },
    "spectral_skewness": {
        "dmean": 0.163246303797,
        "dmean2": 0.261149734259,
        "dvar": 0.0232172105461,
        "dvar2": 0.0554297864437,
        "max": 2.79697442055,
        "mean": 1.25888621807,
        "median": 1.2252368927,
        "min": 0.0519606173038,
        "var": 0.10862403363
    },
    "spectral_spread": {
        "dmean": 439321.15625,
        "dmean2": 633828.25,
        "dvar": 361763373056,
        "dvar2": 546905489408,
        "max": 42043288,
        "mean": 4923979.5,
        "median": 4922087.5,
        "min": 1975801.125,
        "var": 1.71660423987e+12
    },
    "spectral_strongpeak": {
        "dmean": 0.759511590004,
        "dmean2": 1.22326779366,
        "dvar": 1.01807487011,
        "dvar2": 2.27858638763,
        "max": 11.2886180878,
        "mean": 1.65306842327,
        "median": 0.954868674278,
        "min": 0,
        "var": 3.11893105507
    },
    "zerocrossingrate": {
        "dmean": 0.0107750790194,
        "dmean2": 0.012454864569,
        "dvar": 0.0001717164414,
        "dvar2": 0.000209679623367,
        "max": 0.7392578125,
        "mean": 0.0732901543379,
        "median": 0.06787109375,
        "min": 0.01416015625,
        "var": 0.000944769475609
    },
    "barkbands": {
        "dmean": [8.72686359799e-05, 0.00198839837685, 0.00112351204734, 0.000590421434026, 0.00175317691173, 0.00154119636863, 0.000965252460446, 0.000850324868225, 0.00137950724456, 0.00206664321013, 0.00150707107969, 0.000607980997302, 0.000389043212635, 0.000445996469352, 0.000343142513884, 0.000314599339617, 0.000214645900996, 0.000156620939379, 0.000109633983811, 0.000156507987413, 0.000139131603646, 0.000159081129823, 0.000157823174959, 0.000126459708554, 6.64742474328e-05, 1.64222115018e-07, 1.60087598733e-09],
        "dmean2": [0.000107171530544, 0.00256453733891, 0.00181955215521, 0.00100973807275, 0.00280324439518, 0.00254816026427, 0.00154006038792, 0.00135507620871, 0.00216347980313, 0.00323963467963, 0.00232340488583, 0.000954602961428, 0.000622911320534, 0.000697453797329, 0.000542192719877, 0.000491915736347, 0.000342019455275, 0.000249505479587, 0.000174026441528, 0.000251095625572, 0.000212362894672, 0.000236768741161, 0.000235425075516, 0.000185133278137, 9.41314865486e-05, 2.78675088339e-07, 3.03890601572e-09],
        "dvar": [2.23635971963e-08, 1.02299918581e-05, 1.04316686702e-05, 2.70106215794e-06, 1.07611094791e-05, 1.10120208774e-05, 4.77835283164e-06, 5.7327988543e-06, 1.21654748e-05, 1.9405148123e-05, 1.33886323965e-05, 1.75260845481e-06, 6.52968651593e-07, 8.73508327004e-07, 5.2781854265e-07, 5.50742811356e-07, 1.38694289831e-07, 5.91064051036e-08, 2.77581424513e-08, 5.5272558086e-08, 5.43434275357e-08, 7.749350317e-08, 7.91029322045e-08, 5.60302915176e-08, 1.67689702124e-08, 1.74085463926e-13, 7.33620635452e-16],
        "dvar2": [3.083569311e-08, 1.9905202862e-05, 2.64623668045e-05, 7.41542498872e-06, 2.77833332802e-05, 2.92216082016e-05, 1.1620715668e-05, 1.40483198265e-05, 2.71137068921e-05, 4.42819546151e-05, 2.88692135655e-05, 3.93436312152e-06, 1.47349885538e-06, 1.81655673259e-06, 1.21838729683e-06, 1.13977478122e-06, 3.12679503622e-07, 1.35543416491e-07, 6.3465293465e-08, 1.40420198136e-07, 1.19206738702e-07, 1.82539437787e-07, 1.80791417392e-07, 1.29717861341e-07, 3.80332814132e-08, 4.65531150955e-13, 2.19533681632e-15],
        "max": [0.0061775627546, 0.0686495006084, 0.048640307039, 0.0237829312682, 0.0590036809444, 0.0443287342787, 0.0355480350554, 0.0744073390961, 0.0704112872481, 0.0823283344507, 0.0757673084736, 0.0321087650955, 0.0203099511564, 0.0223533902317, 0.0188784301281, 0.0236616060138, 0.00819482654333, 0.00552610168234, 0.00840763561428, 0.00432624155656, 0.00694717140868, 0.00436463905498, 0.00507694343105, 0.00654323212802, 0.00268992967904, 9.4330025604e-06, 1.70355087903e-06],
        "mean": [0.000191702725715, 0.00363504281268, 0.00104135414585, 0.000598016078584, 0.00312496768311, 0.00232432666235, 0.00161163532175, 0.00134376937058, 0.00229721330106, 0.00365250580944, 0.00270276027732, 0.00102298508864, 0.000654911797028, 0.000783468305599, 0.000603015301749, 0.00055330892792, 0.000408200954553, 0.000318608625093, 0.000249392178375, 0.000320856343023, 0.000280543783447, 0.000296212994726, 0.000278395455098, 0.000224546223762, 0.000106779720227, 1.63244820328e-07, 1.18156839868e-09],
        "median": [2.65141297859e-05, 0.00156168406829, 0.000149468818563, 0.000119936332339, 0.00127208512276, 0.00100690755062, 0.000725258316379, 0.000442411750555, 0.000688198429998, 0.00105861318298, 0.000632400391623, 0.000442631717306, 0.000298705941532, 0.000344907981344, 0.000271558412351, 0.00024127701181, 0.000250657787547, 0.000219103181735, 0.000159142524353, 0.000203182047699, 0.000162277836353, 0.000170552419149, 0.000143929151818, 0.000105966042611, 4.65912635264e-05, 5.38209690149e-08, 4.01100874736e-10],
        "min": [2.32474666085e-24, 2.89154755998e-23, 2.30909999922e-23, 2.01285369923e-23, 8.75980431674e-23, 7.7035561678e-23, 1.27373104206e-22, 2.00561668929e-23, 1.38028242142e-22, 1.44518623639e-22, 6.01504736291e-23, 5.9573507074e-23, 9.19461561246e-23, 1.89698896491e-22, 6.76925392411e-23, 1.18799978458e-22, 1.38965345789e-22, 1.72667705092e-22, 2.25185936841e-22, 2.6206767065e-22, 3.22424390385e-22, 6.75194151958e-22, 7.48985841863e-22, 7.61762611737e-22, 1.78350237486e-21, 1.7519289555e-21, 2.54929835036e-21],
        "var": [1.40111836799e-07, 2.8928518077e-05, 8.43658654048e-06, 2.24809491556e-06, 2.40547797148e-05, 1.48927410919e-05, 8.14296254248e-06, 9.65165872913e-06, 2.73179412034e-05, 5.05454263475e-05, 3.96253417421e-05, 3.94355265598e-06, 1.43756165016e-06, 2.30530690715e-06, 1.11958183879e-06, 1.19837625334e-06, 3.43179067386e-07, 1.34046146627e-07, 1.02299900107e-07, 1.25968611542e-07, 1.19736895954e-07, 1.35299515591e-07, 1.35587242767e-07, 1.0177156895e-07, 2.62212775937e-08, 1.49702055223e-13, 3.70586708242e-16]
    },
    "erbbands": {
        "dmean": [0.0543902255595, 0.46209743619, 1.15135121346, 1.6816072464, 3.00345516205, 6.85726928711, 11.6696033478, 12.2247142792, 13.2685480118, 15.7566337585, 18.3814125061, 29.8390274048, 54.2250480652, 67.1396179199, 36.7888679504, 20.6098957062, 17.0942840576, 18.888710022, 19.5524368286, 16.0924549103, 14.1617584229, 11.1840620041, 8.86407279968, 6.3950586319, 5.60839796066, 7.2799744606, 5.32634210587, 5.99966287613, 5.92022609711, 5.09039115906, 4.52469348907, 3.06869912148, 1.82817268372, 0.926002264023, 0.395522207022, 0.0241712071002, 0.000646850152407, 4.84126612719e-05, 1.0498652955e-05, 1.0512038898e-05],
        "dmean2": [0.07369543612, 0.587079226971, 1.69935452938, 2.79931020737, 4.92744445801, 10.8477802277, 18.9793014526, 20.1956176758, 21.3166389465, 25.1294536591, 28.8599681854, 47.1871452332, 85.9372787476, 103.123153687, 56.1728858948, 32.1498603821, 26.8276748657, 29.7816963196, 29.5619449615, 24.8303146362, 21.7930965424, 17.6204795837, 13.9798545837, 10.1384429932, 8.89692974091, 11.7288999557, 8.25973415375, 9.18645572662, 8.95166397095, 7.74102926254, 6.69429111481, 4.47367811203, 2.70059847832, 1.33100628853, 0.572806954384, 0.0359264090657, 0.000935969466809, 6.81226738379e-05, 1.42885919558e-05, 1.47638183989e-05],
        "dvar": [0.00734232831746, 0.601297199726, 8.64154624939, 21.8559112549, 50.4085388184, 156.993133545, 720.107849121, 691.531005859, 775.134277344, 1588.34191895, 2654.48242188, 6116.17480469, 14459.7607422, 21521.1367188, 7115.96191406, 1700.8782959, 1088.15270996, 1327.42102051, 1832.94042969, 1335.49353027, 978.722290039, 340.780303955, 215.643127441, 100.878295898, 67.5778045654, 126.523956299, 85.5458984375, 103.401756287, 107.575843811, 86.9674911499, 59.1266174316, 31.2815284729, 11.8548812866, 3.62550568581, 0.543809175491, 0.00209337705746, 1.46017328007e-06, 8.28443180723e-09, 2.9547408964e-10, 1.54587564971e-10],
        "dvar2": [0.0146976811811, 1.08658123016, 21.2189807892, 56.857219696, 138.346374512, 399.314575195, 1858.15869141, 1821.77453613, 1929.59741211, 3856.60375977, 6281.92529297, 14380.3652344, 33824.1601562, 48170.9960938, 14696.5644531, 3972.96655273, 2407.64575195, 2952.8425293, 3633.21679688, 2928.4765625, 1978.79455566, 787.02935791, 491.450531006, 211.181015015, 168.966491699, 321.441192627, 189.135437012, 225.760681152, 252.592376709, 210.92678833, 130.153488159, 70.604095459, 27.8852806091, 8.29487037659, 1.22592389584, 0.00474173622206, 3.26373151438e-06, 1.8695450521e-08, 6.61120103107e-10, 2.95751756418e-10],
        "max": [2.21316599846, 14.0791091919, 52.7469596863, 60.0539665222, 173.526062012, 232.672485352, 479.782501221, 408.657775879, 656.111938477, 937.09588623, 1424.34069824, 1654.50012207, 3352.61914062, 2483.12182617, 3088.38989258, 1311.43481445, 1000.05230713, 1078.24987793, 1156.15136719, 1057.21374512, 1174.58959961, 525.407470703, 366.113830566, 571.837097168, 191.496826172, 173.055648804, 443.030944824, 213.275695801, 169.261077881, 158.29914856, 111.040542603, 185.712036133, 60.0854568481, 42.5950546265, 12.6093988419, 0.931828916073, 0.0217706579715, 0.0016559708165, 0.000368986977264, 0.000235318293562],
        "mean": [0.116553738713, 0.752794742584, 1.29912924767, 1.73889219761, 4.5001502037, 11.8272743225, 17.8508777618, 19.2077007294, 23.2735538483, 25.9342670441, 31.9302692413, 50.9995384216, 98.4982070923, 127.702865601, 73.4381484985, 39.5459518433, 31.7214870453, 35.3498916626, 37.8414993286, 31.0318508148, 27.9277191162, 22.9522075653, 18.7564239502, 14.4817838669, 13.355386734, 14.8018951416, 11.0484361649, 11.5015964508, 10.7790966034, 9.26693058014, 8.01605415344, 5.55662059784, 3.14986610413, 1.50968706608, 0.602172911167, 0.0358453243971, 0.00101422518492, 8.31244760775e-05, 2.88550327241e-05, 3.80345627491e-05],
        "median": [0.0435011275113, 0.276989579201, 0.285327792168, 0.436372548342, 1.37928116322, 5.00028562546, 6.45614862442, 8.60502910614, 11.7425537109, 10.284948349, 12.5468320847, 17.2302131653, 32.1838188171, 36.1938056946, 25.3964080811, 19.9260139465, 16.248588562, 18.755569458, 18.6915645599, 15.6953754425, 14.120139122, 14.4517240524, 12.7848682404, 10.3787269592, 8.31292915344, 9.26159381866, 6.91610908508, 6.31060361862, 6.35786962509, 4.97090530396, 4.21774816513, 2.71824550629, 1.46677041054, 0.66173684597, 0.256074517965, 0.0152470218018, 0.000448941631475, 3.98087358917e-05, 2.29415854847e-05, 3.47285968019e-05],
        "min": [2.80197486544e-22, 8.45128897038e-21, 3.29311490915e-20, 3.90517944859e-20, 2.09916196062e-19, 3.20610991974e-19, 1.45214994503e-19, 9.92001312688e-19, 2.14598320088e-18, 7.50826982328e-19, 6.45791381351e-19, 3.215686138e-18, 3.67617593064e-18, 5.49796885149e-18, 1.92438254875e-18, 2.33458782517e-18, 4.89936264401e-18, 8.8864550874e-18, 4.18325749847e-18, 5.63479817328e-18, 6.70467523192e-18, 7.90343033872e-18, 9.74688422467e-18, 1.06700690735e-17, 1.01783987076e-17, 1.37280557092e-17, 1.31634023708e-17, 1.3137998827e-17, 2.24950692249e-17, 2.59640099423e-17, 2.25760270458e-17, 1.70434278644e-17, 1.25077525475e-17, 1.73397636645e-17, 1.22758334376e-17, 6.92307159315e-18, 3.0156773814e-18, 1.3899358817e-18, 3.43159237539e-19, 3.85043107803e-20],
        "var": [0.0359900183976, 1.41828453541, 8.92473506927, 17.7140274048, 76.8804321289, 354.039733887, 1183.14831543, 1030.7824707, 1441.2980957, 2476.67089844, 5640.39648438, 13089.9921875, 36349.2304688, 61133.953125, 22882.1210938, 4254.39111328, 2830.16625977, 3305.87182617, 4824.51806641, 2821.5625, 2477.27001953, 936.924255371, 491.889221191, 316.925079346, 252.397628784, 267.171264648, 188.025283813, 227.687866211, 177.295059204, 150.043441772, 107.927017212, 60.6157951355, 20.5611839294, 5.52598905563, 0.830256938934, 0.00307267927565, 2.27232294492e-06, 1.33207285202e-08, 5.70551328405e-10, 5.46858169859e-10]
    },
    "gfcc": {
        "mean": [13.2721204758, 87.7389068604, -155.478866577, 38.0861358643, -88.5865097046, 28.4333095551, -40.6628227234, 10.0059967041, -16.156785965, -5.23625326157, -2.71749806404, -5.5327630043, 9.59919261932],
        "cov": [[2682.09594727, 60.9656982422, 701.24017334, 481.469116211, -114.354003906, 196.006835938, -166.905685425, -19.6294345856, -162.694290161, 56.3968048096, -34.3663978577, 15.9469280243, -46.1009712219], [60.9656982422, 615.97857666, 224.800094604, 133.799514771, 193.30166626, 37.0311012268, 129.843566895, 24.6225261688, 92.4757156372, -6.75024080276, 63.4635467529, -15.6515302658, 53.5870704651], [701.24017334, 224.800094604, 1108.09606934, 616.954772949, -23.4837627411, 100.145240784, -220.298934937, -63.6835594177, -56.6655197144, 95.051399231, 17.097492218, 61.0712127686, -49.0801048279], [481.469116211, 133.799514771, 616.954772949, 492.40512085, 74.6823425293, 75.6834945679, -102.707008362, 4.81604337692, -0.882490634918, 70.181022644, 18.2585964203, 49.2127189636, -12.5676927567], [-114.354003906, 193.30166626, -23.4837627411, 74.6823425293, 260.681732178, 121.200248718, 147.622299194, 84.9875717163, 80.9603042603, -3.9927084446, 16.1906032562, 7.94924783707, 40.5669975281], [196.006835938, 37.0311012268, 100.145240784, 75.6834945679, 121.200248718, 227.761322021, 144.165725708, 50.7419548035, -1.39977574348, 20.829284668, 27.2142620087, 23.7248687744, 6.53532934189], [-166.905685425, 129.843566895, -220.298934937, -102.707008362, 147.622299194, 144.165725708, 317.586578369, 112.364578247, 49.4795722961, -11.7745361328, 45.7896232605, -11.3557262421, 39.6250648499], [-19.6294345856, 24.6225261688, -63.6835594177, 4.81604337692, 84.9875717163, 50.7419548035, 112.364578247, 136.1534729, 80.9929885864, 13.2056713104, 2.99978947639, 9.06693744659, 20.8110141754], [-162.694290161, 92.4757156372, -56.6655197144, -0.882490634918, 80.9603042603, -1.39977574348, 49.4795722961, 80.9929885864, 139.655014038, 32.4227523804, 16.7563991547, 4.6368637085, 28.1668167114], [56.3968048096, -6.75024080276, 95.051399231, 70.181022644, -3.9927084446, 20.829284668, -11.7745361328, 13.2056713104, 32.4227523804, 86.1574630737, 44.7517738342, 23.0897464752, -2.57262992859], [-34.3663978577, 63.4635467529, 17.097492218, 18.2585964203, 16.1906032562, 27.2142620087, 45.7896232605, 2.99978947639, 16.7563991547, 44.7517738342, 96.5824584961, 45.4481506348, 20.6470985413], [15.9469280243, -15.6515302658, 61.0712127686, 49.2127189636, 7.94924783707, 23.7248687744, -11.3557262421, 9.06693744659, 4.6368637085, 23.0897464752, 45.4481506348, 76.871925354, 35.3949890137], [-46.1009712219, 53.5870704651, -49.0801048279, -12.5676927567, 40.5669975281, 6.53532934189, 39.6250648499, 20.8110141754, 28.1668167114, -2.57262992859, 20.6470985413, 35.3949890137, 80.2787246704]],
        "icov": [[0.000778009882197, -0.000994923640974, 0.000851603283081, -0.0011924863793, 0.00168437394314, -0.00202250760049, 0.00149046943989, -0.00157465646043, 0.00142184679862, -0.000471444567665, 0.000425166072091, 0.000592114171013, -0.000453520246083], [-0.000994923640974, 0.00706760492176, -0.00488566514105, 0.00313293724321, -0.00634507648647, 0.00619270280004, -0.005041629076, 0.00473773479462, -0.00503584789112, 0.00458460580558, -0.00605289451778, 0.00455468380824, -0.00236061518081], [0.000851603283081, -0.00488566514105, 0.00759064732119, -0.00745225278661, 0.00673720985651, -0.00686554750428, 0.00480405287817, -0.00245299912058, 0.00291162380017, -0.00253189005889, 0.00358033087105, -0.0022924374789, 0.00163058959879], [-0.0011924863793, 0.00313293724321, -0.00745225278661, 0.012071040459, -0.00855047814548, 0.0056728371419, -0.00164239213336, 0.00044300040463, -0.000511773105245, -0.00133456347976, -0.00188636372332, -0.000519704597536, -3.65400337614e-05], [0.00168437394314, -0.00634507648647, 0.00673720985651, -0.00855047814548, 0.0170011632144, -0.0114902183414, 0.00379782146774, -0.00431580282748, -0.000476773304399, 0.00089838844724, 0.00424095802009, -0.00100472941995, -0.000880167004652], [-0.00202250760049, 0.00619270280004, -0.00686554750428, 0.0056728371419, -0.0114902183414, 0.019411182031, -0.0126938382164, 0.00673641031608, -0.00193028687499, -0.00120387866627, 0.000226676696911, -0.00496538635343, 0.00291054230183], [0.00149046943989, -0.005041629076, 0.00480405287817, -0.00164239213336, 0.00379782146774, -0.0126938382164, 0.0184162966907, -0.0136221777648, 0.00727499136701, 0.000897398975212, -0.00718631083146, 0.0092754047364, -0.00430841278285], [-0.00157465646043, 0.00473773479462, -0.00245299912058, 0.00044300040463, -0.00431580282748, 0.00673641031608, -0.0136221777648, 0.0248933751136, -0.0143544636667, 0.000557055987883, 0.00665951613337, -0.00846580043435, 0.00348008982837], [0.00142184679862, -0.00503584789112, 0.00291162380017, -0.000511773105245, -0.000476773304399, -0.00193028687499, 0.00727499136701, -0.0143544636667, 0.0221031308174, -0.0103187821805, 0.00148635741789, 0.00243887072429, -0.00313710677437], [-0.000471444567665, 0.00458460580558, -0.00253189005889, -0.00133456347976, 0.00089838844724, -0.00120387866627, 0.000897398975212, 0.000557055987883, -0.0103187821805, 0.0272881519049, -0.0166536681354, 0.00658694840968, -0.000157233633217], [0.000425166072091, -0.00605289451778, 0.00358033087105, -0.00188636372332, 0.00424095802009, 0.000226676696911, -0.00718631083146, 0.00665951613337, 0.00148635741789, -0.0166536681354, 0.0336606986821, -0.0232336223125, 0.00636861100793], [0.000592114171013, 0.00455468380824, -0.0022924374789, -0.000519704597536, -0.00100472941995, -0.00496538635343, 0.0092754047364, -0.00846580043435, 0.00243887072429, 0.00658694840968, -0.0232336223125, 0.0398146621883, -0.0178783256561], [-0.000453520246083, -0.00236061518081, 0.00163058959879, -3.65400337614e-05, -0.000880167004652, 0.00291054230183, -0.00430841278285, 0.00348008982837, -0.00313710677437, -0.000157233633217, 0.00636861100793, -0.0178783256561, 0.0235356241465]]
    },
    "melbands": {
        "dmean": [0.000526410061866, 0.00052714481717, 0.000306917238049, 0.000334834912792, 0.00038694171235, 0.000279396830592, 0.000198670502868, 0.000176704372279, 0.000164207885973, 0.000197161149117, 0.000282973836875, 0.000283107394353, 0.000154662542627, 6.88974032528e-05, 5.32384838152e-05, 3.44365289493e-05, 4.04401725973e-05, 3.59494733857e-05, 2.59134485532e-05, 2.51379442489e-05, 1.60954150488e-05, 1.36083062898e-05, 9.01496514416e-06, 7.67438359617e-06, 5.64627453059e-06, 4.02881187256e-06, 5.79084826313e-06, 4.91335003971e-06, 3.79361176783e-06, 3.25827136294e-06, 3.65534401681e-06, 3.23520043821e-06, 3.51116887032e-06, 2.90839057016e-06, 2.89687341137e-06, 2.19401613322e-06, 1.90404614386e-06, 1.44740499763e-06, 9.78309117272e-07, 7.48381751237e-07],
        "dmean2": [0.000706227612682, 0.00072220840957, 0.000493829546031, 0.000533157843165, 0.000622256658971, 0.000462048279587, 0.000318341684761, 0.000282218417851, 0.000256329280091, 0.000311137584504, 0.00044961264939, 0.000436073110905, 0.000235174185946, 0.00010658957035, 8.50405849633e-05, 5.53720128664e-05, 6.41567457933e-05, 5.43947644474e-05, 4.08947344113e-05, 3.9336970076e-05, 2.50572684308e-05, 2.16766547965e-05, 1.42856006278e-05, 1.22184947031e-05, 9.06359855435e-06, 6.51223763271e-06, 9.46694763115e-06, 7.97094435256e-06, 6.03782291364e-06, 5.018529464e-06, 5.69022449781e-06, 4.96143093187e-06, 5.30986335434e-06, 4.59567081634e-06, 4.37059134129e-06, 3.22889968629e-06, 2.87805755761e-06, 2.20044785237e-06, 1.47870480305e-06, 1.0845703855e-06],
        "dvar": [7.02361546701e-07, 1.20273080029e-06, 6.04967340223e-07, 3.98337562046e-07, 7.04008641605e-07, 3.44941923913e-07, 1.70043151115e-07, 1.98832680098e-07, 1.93748576294e-07, 2.74738454209e-07, 3.93092534523e-07, 3.66040410427e-07, 1.24528625634e-07, 2.47604781123e-08, 1.311694664e-08, 4.44882397588e-09, 6.65345956108e-09, 6.97139146411e-09, 2.81069123531e-09, 3.93532584297e-09, 1.39126210552e-09, 5.78886105718e-10, 2.40589242972e-10, 1.50512602382e-10, 8.67613134115e-11, 4.14185526154e-11, 8.62667021151e-11, 5.60259200144e-11, 4.58389264046e-11, 2.80210629006e-11, 3.67494090714e-11, 3.0040303578e-11, 3.94413911253e-11, 3.32903288269e-11, 2.4351576311e-11, 1.41755236022e-11, 1.30941637741e-11, 7.87570616362e-12, 3.76134063132e-12, 2.35380465119e-12],
        "dvar2": [1.46084312291e-06, 2.54089400187e-06, 1.53470671194e-06, 1.05284470919e-06, 1.799802817e-06, 9.12720111046e-07, 4.18120976065e-07, 4.82259224555e-07, 4.33118970022e-07, 6.44141493922e-07, 9.12422990496e-07, 8.16436227069e-07, 2.58842646872e-07, 5.33025961147e-08, 2.97007627381e-08, 1.07232027702e-08, 1.47878393975e-08, 1.32663453556e-08, 6.65461641347e-09, 8.12962674956e-09, 2.84755574675e-09, 1.33862620988e-09, 5.82494164014e-10, 3.41341566124e-10, 1.8249625422e-10, 1.07002989802e-10, 2.2636632846e-10, 1.43265496688e-10, 1.01951717901e-10, 6.4020747037e-11, 8.26634941054e-11, 6.99692595529e-11, 9.46447920036e-11, 8.27737739462e-11, 5.45541216368e-11, 3.07004040245e-11, 3.10960771022e-11, 1.89453331495e-11, 9.0369491404e-12, 5.29385346323e-12],
        "max": [0.0197155587375, 0.0209914259613, 0.0105461077765, 0.0106898183003, 0.01649543643, 0.00797412917018, 0.00835566688329, 0.00972988829017, 0.0115696135908, 0.01060731709, 0.016427423805, 0.00998348556459, 0.00906063709408, 0.00536564690992, 0.0034278430976, 0.00141343253199, 0.00242845062166, 0.00249680504203, 0.00125786068384, 0.00242528808303, 0.00147143099457, 0.000551283126697, 0.000470586644951, 0.000233985178056, 0.000571778218728, 0.000154752706294, 0.000236278690863, 0.000115385824756, 0.000340625440003, 9.0896988695e-05, 0.000118865784316, 9.27317232708e-05, 0.000119636162708, 0.000118861164083, 7.61754781706e-05, 8.88274880708e-05, 0.000121651472, 5.32520934939e-05, 4.08099585911e-05, 3.40850747307e-05],
        "mean": [0.0010252854554, 0.000814186641946, 0.000355938827852, 0.000583007466048, 0.000635683652945, 0.000442280055722, 0.000344568747096, 0.000287643226329, 0.000279455765849, 0.000328258553054, 0.000502074952237, 0.000524178729393, 0.000290951516945, 0.000123944337247, 9.30131209316e-05, 5.85482048336e-05, 6.90878441674e-05, 6.4111649408e-05, 4.54356777482e-05, 4.27506311098e-05, 2.9278024158e-05, 2.52280988207e-05, 1.76062276296e-05, 1.50653286255e-05, 1.14150752779e-05, 8.8833812697e-06, 1.12856369014e-05, 9.30814439926e-06, 7.05152660885e-06, 6.33404852124e-06, 6.54763016428e-06, 5.71114651393e-06, 6.12021449342e-06, 4.89538388138e-06, 4.84950442114e-06, 3.84009263144e-06, 3.24781262862e-06, 2.38743336922e-06, 1.56256373884e-06, 1.17700210467e-06],
        "median": [0.000458026188426, 0.000244230235694, 9.91480992525e-05, 0.000236905092606, 0.000253222155152, 0.000204061419936, 0.000169239938259, 0.000101270095911, 9.89183899947e-05, 9.96624294203e-05, 0.000142409582622, 0.000138385556056, 7.99866902526e-05, 4.91590981255e-05, 4.26726801379e-05, 2.70619966614e-05, 3.27511406795e-05, 2.73472578556e-05, 2.08231595025e-05, 1.83630763786e-05, 1.38914183481e-05, 1.51325602928e-05, 1.12358811748e-05, 9.98222185444e-06, 7.72326256993e-06, 5.25052928424e-06, 6.42590384814e-06, 5.69765825276e-06, 4.32049000665e-06, 3.52814686266e-06, 3.42934436048e-06, 3.41682311955e-06, 3.23670042235e-06, 2.48515857493e-06, 2.53065945799e-06, 1.87691966858e-06, 1.56318196787e-06, 1.10989287805e-06, 6.89219291417e-07, 4.96774589465e-07],
        "min": [5.2397348282e-24, 1.53232980732e-23, 9.84534302887e-24, 2.45539078311e-23, 6.04352255947e-24, 2.15696407157e-23, 2.9632054758e-23, 6.30512816273e-24, 6.09429049188e-24, 2.17757590262e-23, 1.73833010421e-23, 2.25371549502e-23, 6.80374544724e-24, 7.4190735194e-24, 6.15185722201e-24, 1.26163692086e-23, 1.73447367879e-23, 7.4821161275e-24, 6.9157573849e-24, 6.12636005426e-24, 9.14451663409e-24, 8.4261294067e-24, 8.71946575658e-24, 8.22769696801e-24, 8.60442459305e-24, 9.10490319487e-24, 5.57087694253e-24, 1.01387700978e-23, 7.90470575898e-24, 7.72392881622e-24, 7.33706748399e-24, 1.24578547095e-23, 1.27234870532e-23, 1.48596908301e-23, 1.37083246731e-23, 1.21083798621e-23, 9.81254377015e-24, 8.02647985034e-24, 1.31079415708e-23, 1.43207173938e-23],
        "var": [2.33170362662e-06, 2.08467781704e-06, 5.97442635808e-07, 8.07895389698e-07, 1.32576894885e-06, 5.00546775584e-07, 3.12763120291e-07, 3.29176288005e-07, 4.86928399823e-07, 5.97361633936e-07, 1.00573777218e-06, 1.02070760022e-06, 3.72884244371e-07, 6.71880613368e-08, 3.60640761699e-08, 1.02570956173e-08, 1.6012382531e-08, 1.82456290077e-08, 5.80608583434e-09, 7.9895601246e-09, 3.31184546454e-09, 1.3959577938e-09, 5.11424791405e-10, 3.17825959995e-10, 2.61786009537e-10, 1.33025257476e-10, 2.1715784726e-10, 1.09050130037e-10, 8.98907129288e-11, 6.20957313346e-11, 7.60959351087e-11, 4.93212345964e-11, 6.70428643157e-11, 4.8073330039e-11, 4.11931148914e-11, 2.79909550399e-11, 2.22583809023e-11, 1.25864266926e-11, 5.54351616694e-12, 3.60358032477e-12]
    },
    "mfcc": {
        "mean": [-605.481262207, 95.1901245117, -6.82802581787, 2.6292951107, -11.2166318893, 2.23694586754, -5.45448160172, 5.29811000824, -0.873503386974, 0.861022830009, -5.26828479767, -1.52123844624, -0.680807709694],
        "cov": [[1897.93554688, -161.457199097, 576.67590332, 196.038269043, 137.058486938, 123.345588684, 88.2609176636, -27.9653339386, -44.1802864075, -5.78912353516, -42.7910194397, -14.0716619492, 17.4934921265], [-161.457199097, 516.25793457, -47.6151542664, 66.029258728, 48.2042160034, 50.3845558167, 77.7316741943, 80.4470825195, 73.7816848755, 62.5286331177, 39.7407035828, 22.9167232513, 3.51174759865], [576.67590332, -47.6151542664, 1129.57202148, 438.607696533, 283.244873047, 156.277786255, -37.5603141785, -109.734046936, -126.797859192, -61.1446151733, -33.543674469, 65.3732070923, 53.8821182251], [196.038269043, 66.029258728, 438.607696533, 353.013305664, 207.512161255, 63.343547821, -14.6076889038, -16.8147392273, 4.8800778389, -2.83029961586, -2.90788555145, 52.7533607483, 46.1690673828], [137.058486938, 48.2042160034, 283.244873047, 207.512161255, 252.955688477, 91.8805541992, -19.1969356537, 18.2638301849, 27.3324337006, 5.05806064606, -6.00587177277, 30.7229938507, 40.1810493469], [123.345588684, 50.3845558167, 156.277786255, 63.343547821, 91.8805541992, 175.891799927, 117.894493103, 49.7180595398, 13.0950784683, 25.7218399048, 18.827796936, 7.56117010117, 23.1022815704], [88.2609176636, 77.7316741943, -37.5603141785, -14.6076889038, -19.1969356537, 117.894493103, 218.663299561, 110.799079895, 43.4772377014, 47.2228088379, 36.293674469, -1.13679516315, 13.2112407684], [-27.9653339386, 80.4470825195, -109.734046936, -16.8147392273, 18.2638301849, 49.7180595398, 110.799079895, 153.366622925, 97.5742416382, 52.2361488342, 32.3543930054, 7.96504592896, 18.2646217346], [-44.1802864075, 73.7816848755, -126.797859192, 4.8800778389, 27.3324337006, 13.0950784683, 43.4772377014, 97.5742416382, 144.620025635, 72.440864563, 27.9847049713, 6.2893538475, 10.0225982666], [-5.78912353516, 62.5286331177, -61.1446151733, -2.83029961586, 5.05806064606, 25.7218399048, 47.2228088379, 52.2361488342, 72.440864563, 97.1910400391, 48.5418205261, 6.12628173828, 6.23195934296], [-42.7910194397, 39.7407035828, -33.543674469, -2.90788555145, -6.00587177277, 18.827796936, 36.293674469, 32.3543930054, 27.9847049713, 48.5418205261, 82.7274551392, 36.5513572693, 7.52255058289], [-14.0716619492, 22.9167232513, 65.3732070923, 52.7533607483, 30.7229938507, 7.56117010117, -1.13679516315, 7.96504592896, 6.2893538475, 6.12628173828, 36.5513572693, 76.9783477783, 41.0932044983], [17.4934921265, 3.51174759865, 53.8821182251, 46.1690673828, 40.1810493469, 23.1022815704, 13.2112407684, 18.2646217346, 10.0225982666, 6.23195934296, 7.52255058289, 41.0932044983, 77.9056015015]],
