{
"lowlevel": {
    "average_loudness": 0.255374729633,
    "barkbands_crest": {
        "dmean": 2.13489246368,
        "dmean2": 3.41510033607,
        "dvar": 4.38799762726,
        "dvar2": 10.6484937668,
        "max": 25.8184108734,
        "mean": 9.79555416107,
        "median": 8.62744140625,
        "min": 2.49080300331,
        "var": 20.6657733917
    },
    "barkbands_flatness_db": {
        "dmean": 0.0166458170861,
        "dmean2": 0.0257686655968,
        "dvar": 0.000238914217334,
        "dvar2": 0.000554450962227,
        "max": 0.355564028025,
        "mean": 0.148788198829,
        "median": 0.149724572897,
        "min": 0.033021401614,
        "var": 0.00292809517123
    },
    "barkbands_kurtosis": {
        "dmean": 2.11172485352,
        "dmean2": 3.29941916466,
        "dvar": 16.624168396,
        "dvar2": 39.5562667847,
        "max": 217.539916992,
        "mean": 4.54955148697,
        "median": 2.36150693893,
        "min": -1.87288665771,
        "var": 81.0659790039
    },
    "barkbands_skewness": {
        "dmean": 0.38470184803,
        "dmean2": 0.591730415821,
        "dvar": 0.163414493203,
        "dvar2": 0.359028995037,
        "max": 12.5955238342,
        "mean": 0.986250042915,
        "median": 1.01493787766,
        "min": -3.45750641823,
        "var": 2.37318253517
    },
    "barkbands_spread": {
        "dmean": 3.659907341,
        "dmean2": 5.77635765076,
        "dvar": 26.9427490234,
        "dvar2": 59.5211982727,
        "max": 104.949867249,
        "mean": 16.9621887207,
        "median": 13.4371910095,
        "min": 0.649416565895,
        "var": 157.18888855
    },
    "dissonance": {
        "dmean": 0.0231742784381,
        "dmean2": 0.0390641503036,
        "dvar": 0.000631362956483,
        "dvar2": 0.00174226867966,
        "max": 0.5,
        "mean": 0.447126716375,
        "median": 0.455936312675,
        "min": 0.224811255932,
        "var": 0.00206458498724
    },
    "dynamic_complexity": 6.86659002304,
    "erbbands_crest": {
        "dmean": 2.51661777496,
        "dmean2": 4.01349973679,
        "dvar": 6.41405773163,
        "dvar2": 15.9746284485,
        "max": 31.9800357819,
        "mean": 10.4484272003,
        "median": 9.54569625854,
        "min": 1.98128533363,
        "var": 29.9168224335
    },
    "erbbands_flatness_db": {
        "dmean": 0.0157253071666,
        "dmean2": 0.023777641356,
        "dvar": 0.000233094237046,
        "dvar2": 0.000501801667269,
        "max": 0.367127746344,
        "mean": 0.191909179091,
        "median": 0.202909439802,
        "min": 0.0409785881639,
        "var": 0.00323945702985
    },
    "erbbands_kurtosis": {
        "dmean": 1.12188363075,
        "dmean2": 1.76965296268,
        "dvar": 2.76169371605,
        "dvar2": 6.1967048645,
        "max": 57.571346283,
        "mean": 1.46075749397,
        "median": 0.395623087883,
        "min": -1.83359348774,
        "var": 11.4354410172
    },
    "erbbands_skewness": {
        "dmean": 0.325647622347,
        "dmean2": 0.500812649727,
        "dvar": 0.0995473265648,
        "dvar2": 0.218275874853,
        "max": 6.51987218857,
        "mean": 0.569367945194,
        "median": 0.469505637884,
        "min": -3.10253453255,
        "var": 0.878356218338
    },
    "erbbands_spread": {
        "dmean": 5.07968711853,
        "dmean2": 7.887591362,
        "dvar": 40.167755127,
        "dvar2": 86.9003372192,
        "max": 132.741241455,
        "mean": 28.0701713562,
        "median": 24.2303142548,
        "min": 2.3872628212,
        "var": 306.044586182
    },
    "hfc": {
        "dmean": 4.2705821991,
        "dmean2": 6.62037229538,
        "dvar": 133.053161621,
        "dvar2": 274.546051025,
        "max": 322.579803467,
        "mean": 14.2155752182,
        "median": 5.65471839905,
        "min": 1.04148338928e-16,
        "var": 474.350250244
    },
    "melbands_crest": {
        "dmean": 2.53557729721,
        "dmean2": 4.06852293015,
        "dvar": 6.3338599205,
        "dvar2": 15.7807226181,
        "max": 32.98670578,
        "mean": 11.8286743164,
        "median": 11.3460988998,
        "min": 1.4711714983,
        "var": 40.6453666687
    },
    "melbands_flatness_db": {
        "dmean": 0.0173753071576,
        "dmean2": 0.0264366883785,
        "dvar": 0.000346686108969,
        "dvar2": 0.000783344556112,
        "max": 0.433092147112,
        "mean": 0.179465964437,
        "median": 0.193220376968,
        "min": 0.00234292144887,
        "var": 0.00794042181224
    },
    "melbands_kurtosis": {
        "dmean": 3.41949772835,
        "dmean2": 5.27961206436,
        "dvar": 48.7793540955,
        "dvar2": 112.907333374,
        "max": 273.154907227,
        "mean": 8.02220630646,
        "median": 3.44134640694,
        "min": -1.82100141048,
        "var": 219.742095947
    },
    "melbands_skewness": {
        "dmean": 0.457992374897,
        "dmean2": 0.706542849541,
        "dvar": 0.247315481305,
        "dvar2": 0.570809781551,
        "max": 14.0325021744,
        "mean": 1.62516415119,
        "median": 1.4117307663,
        "min": -1.37888801098,
        "var": 2.31130766869
    },
    "melbands_spread": {
        "dmean": 5.62597990036,
        "dmean2": 8.88622570038,
        "dvar": 66.0249176025,
        "dvar2": 141.9506073,
        "max": 251.516220093,
        "mean": 31.9374046326,
        "median": 18.9181060791,
        "min": 0.732063889503,
        "var": 1377.2713623
    },
    "pitch_salience": {
        "dmean": 0.052295088768,
        "dmean2": 0.0841721221805,
        "dvar": 0.00252280174755,
        "dvar2": 0.00633981777355,
        "max": 0.919202804565,
        "mean": 0.592296540737,
        "median": 0.576988339424,
        "min": 0.0892044603825,
        "var": 0.020725119859
    },
    "silence_rate_20dB": {
        "dmean": 0,
        "dmean2": 0,
        "dvar": 0,
        "dvar2": 0,
        "max": 1,
        "mean": 1,
        "median": 1,
        "min": 1,
        "var": 0
    },
    "silence_rate_30dB": {
        "dmean": 0.00411210907623,
        "dmean2": 0.00822510849684,
        "dvar": 0.00409474922344,
        "dvar2": 0.0105386301875,
        "max": 1,
        "mean": 0.996970355511,
        "median": 1,
        "min": 0,
        "var": 0.003020565724
    },
    "silence_rate_60dB": {
        "dmean": 0.0240233745426,
        "dmean2": 0.0480519495904,
        "dvar": 0.0234482567757,
        "dvar2": 0.0550553500652,
        "max": 1,
        "mean": 0.352953910828,
        "median": 0,
        "min": 0,
        "var": 0.228404566646
    },
    "spectral_centroid": {
        "dmean": 183.011016846,
        "dmean2": 288.917694092,
        "dvar": 58110.40625,
        "dvar2": 127892.804688,
        "max": 11907.6826172,
        "mean": 2235.13256836,
        "median": 1143.01208496,
        "min": 220.882629395,
        "var": 9060299
    },
    "spectral_complexity": {
        "dmean": 1.74872851372,
        "dmean2": 2.83181810379,
        "dvar": 4.90894174576,
        "dvar2": 11.6867437363,
        "max": 56,
        "mean": 12.0061674118,
        "median": 10,
        "min": 0,
        "var": 118.563621521
    },
    "spectral_decrease": {
        "dmean": 1.02009889424e-09,
        "dmean2": 1.60362356727e-09,
        "dvar": 4.74741659652e-18,
        "dvar2": 1.13319996792e-17,
        "max": 2.56654504029e-28,
        "mean": -3.34039551575e-09,
        "median": -1.98498995019e-09,
        "min": -5.13546183356e-08,
        "var": 1.8199781693e-17
    },
    "spectral_energy": {
        "dmean": 0.00419177953154,
        "dmean2": 0.00657511781901,
        "dvar": 7.55783112254e-05,
        "dvar2": 0.000180548537173,
        "max": 0.201718166471,
        "mean": 0.0138968005776,
        "median": 0.00820865761489,
        "min": 9.78338822209e-21,
        "var": 0.000305618683342
    },
    "spectral_energyband_high": {
        "dmean": 0.00016121850058,
        "dmean2": 0.000242730238824,
        "dvar": 9.16922829219e-07,
        "dvar2": 1.73566218109e-06,
        "max": 0.0286177080125,
        "mean": 0.000351469760062,
        "median": 5.77087121201e-05,
        "min": 6.81337523009e-21,
        "var": 1.98503607862e-06
    },
    "spectral_energyband_low": {
        "dmean": 0.000610432005487,
        "dmean2": 0.0010306048207,
        "dvar": 5.97912958256e-06,
        "dvar2": 1.44603855006e-05,
        "max": 0.0522906184196,
        "mean": 0.000974911556114,
        "median": 0.000139423238579,
        "min": 8.36512363745e-24,
        "var": 8.08277945907e-06
    },
    "spectral_energyband_middle_high": {
        "dmean": 0.00181219622027,
        "dmean2": 0.00287097366527,
        "dvar": 1.47462606037e-05,
        "dvar2": 3.80220590159e-05,
        "max": 0.0811066925526,
        "mean": 0.00537140062079,
        "median": 0.00130019895732,
        "min": 1.1114790146e-21,
        "var": 7.11266911821e-05
    },
    "spectral_energyband_middle_low": {
        "dmean": 0.00285437190905,
        "dmean2": 0.00441526249051,
        "dvar": 5.29805256519e-05,
        "dvar2": 0.000128482017317,
        "max": 0.184489324689,
        "mean": 0.00770734623075,
        "median": 0.00373117160052,
        "min": 1.34743652525e-22,
        "var": 0.000136285292683
    },
    "spectral_entropy": {
        "dmean": 0.140010103583,
        "dmean2": 0.205729797482,
        "dvar": 0.0266954693943,
        "dvar2": 0.0542229376733,
        "max": 9.82877063751,
        "mean": 7.46960401535,
        "median": 7.19005823135,
        "min": 5.15512418747,
        "var": 0.907375335693
    },
    "spectral_flux": {
        "dmean": 0.0127243818715,
        "dmean2": 0.0207419283688,
        "dvar": 0.00037643063115,
        "dvar2": 0.000931631308049,
        "max": 0.377881616354,
        "mean": 0.0483985505998,
        "median": 0.0407817289233,
        "min": 6.25040297297e-11,
        "var": 0.00188082072418
    },
    "spectral_kurtosis": {
        "dmean": 1.91090512276,
        "dmean2": 3.19948244095,
        "dvar": 4.61391592026,
        "dvar2": 12.7981348038,
        "max": 35.6155967712,
        "mean": 6.04075336456,
        "median": 5.48954868317,
        "min": -1.43413031101,
        "var": 21.3258094788
    },
    "spectral_rms": {
        "dmean": 0.000439736526459,
        "dmean2": 0.000675959978253,
        "dvar": 3.91139479916e-07,
        "dvar2": 9.05749629965e-07,
        "max": 0.0140284784138,
        "mean": 0.00293508870527,
        "median": 0.00282991980202,
        "min": 3.08946097871e-12,
        "var": 4.9431532716e-06
    },
    "spectral_rolloff": {
        "dmean": 386.596496582,
        "dmean2": 662.309448242,
        "dvar": 679003.5,
        "dvar2": 1527087.125,
        "max": 19939.7460938,
        "mean": 3335.80053711,
        "median": 1291.9921875,
        "min": 172.265625,
        "var": 28614558
    },
    "spectral_skewness": {
        "dmean": 0.225875258446,
        "dmean2": 0.364871680737,
        "dvar": 0.0541228726506,
        "dvar2": 0.131656333804,
        "max": 4.48322820663,
        "mean": 1.75162100792,
        "median": 1.78776681423,
        "min": -0.134271726012,
        "var": 0.634290397167
    },
    "spectral_spread": {
        "dmean": 510047.90625,
        "dmean2": 782038.5,
        "dvar": 727850352640,
        "dvar2": 1.50276000973e+12,
        "max": 48966724,
        "mean": 7699991.5,
        "median": 3629081.25,
        "min": 1691627.125,
        "var": 1.23367466205e+14
    },
    "spectral_strongpeak": {
        "dmean": 0.500782489777,
        "dmean2": 0.826066970825,
        "dvar": 0.796386122704,
        "dvar2": 2.05333161354,
        "max": 16.9688587189,
        "mean": 1.15623235703,
        "median": 0.635769426823,
        "min": 0,
        "var": 2.24440836906
    },
    "zerocrossingrate": {
        "dmean": 0.00818369071931,
        "dmean2": 0.0105020105839,
        "dvar": 0.000201931281481,
        "dvar2": 0.000228894219617,
        "max": 0.84765625,
        "mean": 0.108071401715,
        "median": 0.0537109375,
        "min": 0.0078125,
        "var": 0.0197226256132
    },
    "barkbands": {
        "dmean": [1.70974926732e-05, 0.000140224961797, 0.000259062740952, 0.000499394431245, 0.000586003996432, 0.000677325821016, 0.0010262663709, 0.000844105379656, 0.0003581524943, 0.000634891504887, 0.000665628118441, 0.000317867990816, 0.000206801792956, 0.000246965209953, 0.000241223853664, 0.000199163783691, 0.000231210215134, 0.000209768288187, 0.000111351269879, 4.22303637606e-05, 2.94173787552e-05, 2.68419044005e-05, 3.26935041812e-05, 2.64436639554e-05, 4.7393325076e-05, 1.95709144464e-05, 6.42800079831e-09],
        "dmean2": [2.94464880426e-05, 0.000242877475102, 0.000450104911579, 0.000822909292765, 0.000918436038774, 0.0010771198431, 0.00161904923152, 0.00125344353728, 0.000551445176825, 0.00101010105573, 0.00101938727312, 0.000507840421051, 0.000330893060891, 0.000400913675549, 0.000388863729313, 0.000327994057443, 0.000373669696273, 0.000340675236657, 0.000179430746357, 6.91761742928e-05, 4.8008718295e-05, 4.30715153925e-05, 5.15748834005e-05, 3.92894908146e-05, 7.34613349778e-05, 2.92280274152e-05, 1.09491464784e-08],
        "dvar": [2.36625297134e-09, 1.5392141961e-07, 8.79138156051e-07, 6.95523021932e-06, 2.05808760256e-06, 7.1888284765e-06, 1.04707296487e-05, 7.57875477575e-06, 1.20689787764e-06, 4.49313210993e-06, 5.9482922552e-06, 1.40316376473e-06, 2.87169683588e-07, 5.79879895213e-07, 4.31236912846e-07, 3.49457963011e-07, 3.57178521426e-07, 3.44565052046e-07, 1.01531824725e-07, 1.41471812043e-08, 1.22108216871e-08, 1.47013112795e-08, 2.21420695112e-08, 5.53910730616e-08, 3.40180804415e-07, 4.65374121461e-08, 1.60679049954e-14],
        "dvar2": [6.56968701662e-09, 4.49656340606e-07, 2.41290945269e-06, 1.5705882106e-05, 5.20571893503e-06, 1.89499642147e-05, 2.52622703556e-05, 1.67163161677e-05, 2.50998323281e-06, 1.09758884719e-05, 1.40901702252e-05, 3.19886316902e-06, 7.25705262994e-07, 1.39638484598e-06, 1.04444495719e-06, 9.58192913458e-07, 8.86656664534e-07, 8.87764599611e-07, 2.46053957653e-07, 3.43654704693e-08, 2.86696764107e-08, 3.54086999721e-08, 5.22036884831e-08, 1.24560671111e-07, 6.84751228164e-07, 9.30690973178e-08, 3.96082973819e-14],
        "max": [0.00152082007844, 0.00641886005178, 0.0170665178448, 0.0603866577148, 0.0376739129424, 0.0642212331295, 0.150522828102, 0.0739819034934, 0.0327281542122, 0.0548391714692, 0.0714853778481, 0.0328916795552, 0.0130344619974, 0.0213247258216, 0.0235224664211, 0.0148657755926, 0.0169058516622, 0.0171342156827, 0.0112539259717, 0.00606528110802, 0.00641649775207, 0.00575480889529, 0.00619616918266, 0.0127109847963, 0.0237300954759, 0.0103530809283, 8.55669622979e-06],
        "mean": [1.7312619093e-05, 0.000205459073186, 0.000376324140234, 0.000720627198461, 0.00151449278928, 0.00121150014456, 0.00182186858729, 0.00158659904264, 0.000611662631854, 0.00108378590085, 0.00113775057252, 0.000578290957492, 0.000370506895706, 0.000462722266093, 0.000430773798143, 0.000354583142325, 0.000417688977905, 0.000374839350116, 0.00022341577278, 8.89538350748e-05, 5.97364123678e-05, 5.14363273396e-05, 6.3577441324e-05, 4.00317767344e-05, 6.6234228143e-05, 2.6612828151e-05, 5.30162935775e-09],
        "median": [3.94830658479e-06, 3.06905967591e-05, 3.51176204276e-05, 3.98828633479e-05, 0.000398990057874, 0.000173671840457, 0.000236284424318, 0.000197118148208, 0.000131152090034, 0.000124409707496, 8.59679712448e-05, 5.01215472468e-05, 5.11469479534e-05, 3.9510508941e-05, 6.67515996611e-05, 4.11257606174e-05, 4.70485792903e-05, 4.63220894744e-05, 2.55369031947e-05, 1.43725228554e-05, 6.16203624304e-06, 6.89110402163e-06, 1.09193370008e-05, 4.48820355814e-06, 2.75512638837e-06, 1.02712328953e-06, 7.28534788053e-10],
        "min": [3.1993067524e-26, 1.07384380977e-24, 1.03012076268e-25, 5.03516998205e-25, 4.92829727598e-24, 3.5047756844e-24, 1.7196341402e-24, 3.83197112763e-24, 7.88028183649e-24, 8.81839759157e-24, 6.929317115e-24, 1.21319013277e-23, 1.59476057491e-23, 1.92005147125e-23, 3.31174946728e-23, 3.34873852403e-23, 6.07701144039e-23, 5.34729553931e-23, 1.06670188123e-22, 1.53146086126e-22, 1.63169479005e-22, 2.51942230724e-22, 3.0471551067e-22, 4.99722961426e-22, 7.45814797729e-22, 1.11389421639e-21, 1.7682595122e-21],
        "var": [2.30621988173e-09, 2.27604829206e-07, 9.39792471399e-07, 8.89844704943e-06, 5.34389891982e-06, 1.16417586469e-05, 2.44402199314e-05, 2.01644579647e-05, 2.75744491773e-06, 1.10155806397e-05, 1.49223051267e-05, 3.87820637116e-06, 6.78222647821e-07, 1.7658305751e-06, 1.06009429146e-06, 7.59401530104e-07, 9.5898019481e-07, 7.71841428104e-07, 3.46364657844e-07, 4.09147844493e-08, 3.16700301539e-08, 2.48030502803e-08, 3.85378911005e-08, 7.30349754008e-08, 5.42998179753e-07, 8.7629551615e-08, 1.30101914417e-14]
    },
    "erbbands": {
        "dmean": [0.00284543726593, 0.0378220528364, 0.227438241243, 1.11909890175, 1.80470526218, 2.07663083076, 2.66649794579, 6.66432285309, 12.5133724213, 18.2776832581, 13.4989213943, 9.41440200806, 10.4699192047, 26.7792949677, 23.4657001495, 10.117310524, 9.33655834198, 11.3318710327, 13.3143091202, 9.75195217133, 11.4179697037, 10.3392724991, 11.6881465912, 7.48027992249, 3.77383303642, 1.93264114857, 1.3791372776, 1.06086659431, 0.928808450699, 1.07556271553, 0.902435481548, 0.591625154018, 0.415018320084, 0.401425033808, 0.434541612864, 0.157882735133, 0.0230379849672, 0.000571174314246, 2.24675331992e-05, 6.7921050686e-06],
        "dmean2": [0.00462847063318, 0.0665244311094, 0.395090699196, 1.85307657719, 2.88364672661, 3.23135757446, 4.22588968277, 10.8390741348, 19.426071167, 27.7588653564, 20.3772888184, 14.2314510345, 16.3246002197, 42.6646575928, 36.6644363403, 16.0353450775, 14.8495197296, 18.2175617218, 20.9311943054, 16.0198974609, 18.5706539154, 16.6075763702, 18.9646720886, 11.7762107849, 6.20547819138, 3.15178489685, 2.28616857529, 1.73919951916, 1.50409030914, 1.72396099567, 1.4117641449, 0.891581058502, 0.626064062119, 0.593046247959, 0.667088866234, 0.236529305577, 0.0347426272929, 0.000871622411069, 3.37114506692e-05, 1.04982900666e-05],
        "dvar": [8.4874802269e-05, 0.0110861649737, 0.583820700645, 33.000705719, 45.0206069946, 24.6486186981, 79.6852493286, 807.227111816, 1312.59545898, 3482.48364258, 1927.89916992, 829.541137695, 1192.42431641, 8780.11816406, 9059.0859375, 911.538879395, 567.575317383, 1181.48400879, 1336.93554688, 725.076477051, 1004.51812744, 745.109619141, 1321.5098877, 377.387268066, 147.741241455, 26.6025028229, 26.8574810028, 20.0149345398, 18.9653224945, 27.5420951843, 14.6851968765, 21.5912876129, 15.1721401215, 18.8323688507, 31.7506866455, 3.38254070282, 0.0528954528272, 3.48519133695e-05, 4.7929308522e-08, 6.97651769688e-10],
        "dvar2": [0.000218610977754, 0.0332582183182, 1.63237333298, 74.34425354, 114.742004395, 60.186290741, 201.056243896, 2217.20947266, 3193.69946289, 8243.28515625, 4324.88623047, 1790.63964844, 2864.08081055, 22034.7929688, 22961.8730469, 2245.77368164, 1407.3046875, 2849.31958008, 3073.21508789, 1953.67614746, 2715.46289062, 1880.46496582, 3378.32104492, 858.47265625, 380.955932617, 65.4176864624, 58.7719306946, 47.4179840088, 46.100528717, 72.5618743896, 32.8986740112, 44.6219863892, 34.2417144775, 36.8900604248, 68.2298431396, 7.31220579147, 0.113682352006, 7.54236461944e-05, 9.82418910667e-08, 1.42046729934e-09],
        "max": [0.151412084699, 1.81916546822, 14.2086362839, 131.573425293, 170.194061279, 119.32535553, 236.500030518, 644.071411133, 1064.81506348, 2764.57397461, 1142.12475586, 850.901123047, 1449.81970215, 2468.34082031, 3077.88769531, 939.884216309, 714.193969727, 1098.00695801, 1564.50390625, 773.110046387, 835.737243652, 750.560974121, 1188.81164551, 804.147399902, 630.6328125, 255.998962402, 278.159057617, 263.385101318, 241.825653076, 213.936523438, 153.775009155, 265.507263184, 195.957183838, 212.432678223, 244.526504517, 85.9588012695, 11.6047172546, 0.292795419693, 0.00968251470476, 0.000918411009479],
        "mean": [0.00367818097584, 0.0572516322136, 0.35810726881, 1.65622162819, 3.77094769478, 5.10555839539, 5.74059104919, 11.36444664, 24.0419120789, 34.1158332825, 24.8045845032, 16.9948387146, 19.2643661499, 48.4809913635, 45.2405014038, 21.4052467346, 17.7680721283, 22.6910190582, 25.4746437073, 18.8098449707, 21.6335849762, 20.1037216187, 22.1728172302, 15.623667717, 8.40676021576, 4.2597284317, 2.90536236763, 2.13136768341, 1.78290963173, 1.9635835886, 1.74435687065, 0.97500371933, 0.606186687946, 0.583371758461, 0.559295237064, 0.205029800534, 0.0301032010466, 0.00075092719635, 3.70545822079e-05, 2.00571339519e-05],
        "median": [0.000657993368804, 0.00928084272891, 0.0424652211368, 0.152807891369, 0.492069780827, 1.16228485107, 1.1491304636, 1.83256411552, 3.86791706085, 5.44816493988, 4.95738697052, 4.50044488907, 3.78731489182, 5.03337621689, 4.36124753952, 2.81872797012, 3.04617142677, 3.40554237366, 4.61114645004, 3.23531341553, 2.7804248333, 2.50602436066, 2.89190483093, 1.88910913467, 1.066598773, 0.754974424839, 0.377607315779, 0.224015966058, 0.222714275122, 0.320151776075, 0.30729457736, 0.145662873983, 0.0525212809443, 0.0275615155697, 0.0198879688978, 0.00792333111167, 0.00118174846284, 3.50532936864e-05, 7.16545946489e-06, 1.03156944533e-05],
        "min": [2.08588565297e-23, 1.04861898047e-22, 1.00933119565e-21, 3.13881842148e-21, 6.5839836675e-21, 1.6663490432e-20, 2.22561361016e-20, 4.06578884298e-20, 7.13029041786e-20, 6.95368864955e-20, 1.76148563808e-19, 2.11104389313e-19, 3.12998784839e-19, 3.84377259721e-19, 4.93670281763e-19, 8.54204137876e-19, 8.90309175747e-19, 1.42532018677e-18, 1.65736171938e-18, 2.02836370124e-18, 2.31352408446e-18, 4.09481700174e-18, 4.56708046964e-18, 4.74528164336e-18, 6.26459322576e-18, 7.22627051078e-18, 6.66880330389e-18, 8.10786719993e-18, 8.86968813638e-18, 1.051916486e-17, 8.987462112e-18, 9.53727583027e-18, 8.21117709535e-18, 7.48082872685e-18, 5.89008017239e-18, 3.55489429564e-18, 2.23647675989e-18, 8.40503803884e-19, 2.28241542428e-19, 2.46107170244e-20],
        "var": [0.000104265935079, 0.0167086813599, 0.70409488678, 43.5477790833, 67.5221099854, 70.6671829224, 158.046951294, 1121.91479492, 3856.64868164, 8078.29199219, 4383.99365234, 1895.31481934, 3022.6081543, 23646.4335938, 24765.4121094, 3826.75048828, 1377.77954102, 3784.30859375, 3490.49560547, 1759.77844238, 2340.12182617, 2032.96496582, 2899.78198242, 1316.87023926, 593.826049805, 83.7202224731, 76.4827270508, 43.1135063171, 32.2028083801, 38.2444763184, 27.1832256317, 31.3320541382, 20.9172515869, 34.6250762939, 44.417514801, 5.43774938583, 0.100030191243, 6.37172634015e-05, 9.09076121047e-08, 1.6653741719e-09]
    },
    "gfcc": {
        "mean": [-191.015792847, 82.3655090332, -126.377044678, 11.1372842789, -63.6221046448, 6.16306734085, -44.6611747742, 10.3678922653, -21.5257930756, -0.314875304699, -13.6116533279, 0.216087415814, -13.1407327652],
        "cov": [[114308.46875, 9248.98046875, -15319.2578125, 1621.7857666, -7045.64892578, 679.62487793, -4911.27001953, 900.295410156, -2346.26220703, -673.955932617, -1300.52172852, -111.811264038, -1466.8614502], [9248.98046875, 2163.00463867, -765.336608887, -46.2798461914, -589.6171875, -208.781066895, -443.58505249, -68.3653640747, -199.794189453, -219.769241333, -54.9486503601, -111.923126221, -169.952377319], [-15319.2578125, -765.336608887, 3084.34814453, -103.022422791, 884.259155273, -171.091812134, 490.057312012, -185.392211914, 170.282714844, 5.15024614334, 78.3001937866, 21.8841209412, 124.450546265], [1621.7857666, -46.2798461914, -103.022422791, 376.720916748, -15.8307580948, 30.758972168, -99.0246810913, -9.0260591507, -61.3411903381, -61.2391777039, -61.1427536011, 5.58746623993, -2.58605718613], [-7045.64892578, -589.6171875, 884.259155273, -15.8307580948, 658.567321777, -8.22213172913, 336.47265625, -38.1653175354, 141.669570923, 19.1892280579, 71.0381240845, -9.21177005768, 99.9670944214], [679.62487793, -208.781066895, -171.091812134, 30.758972168, -8.22213172913, 215.151412964, 51.5808486938, 31.4979972839, -36.3039627075, 39.3713722229, -26.2015285492, 6.56160736084, -2.06870961189], [-4911.27001953, -443.58505249, 490.057312012, -99.0246810913, 336.47265625, 51.5808486938, 401.793243408, -12.2948303223, 128.140808105, 35.0565109253, 94.8435287476, -9.41905212402, 71.0788040161], [900.295410156, -68.3653640747, -185.392211914, -9.0260591507, -38.1653175354, 31.4979972839, -12.2948303223, 157.36618042, 28.2739448547, 61.0581703186, -17.2746715546, 18.6155052185, -20.8954238892], [-2346.26220703, -199.794189453, 170.282714844, -61.3411903381, 141.669570923, -36.3039627075, 128.140808105, 28.2739448547, 198.205871582, 30.6389465332, 70.0115127563, 3.28100323677, 18.0068378448], [-673.955932617, -219.769241333, 5.15024614334, -61.2391777039, 19.1892280579, 39.3713722229, 35.0565109253, 61.0581703186, 30.6389465332, 177.712722778, -0.144032850862, 11.6492099762, 13.7782831192], [-1300.52172852, -54.9486503601, 78.3001937866, -61.1427536011, 71.0381240845, -26.2015285492, 94.8435287476, -17.2746715546, 70.0115127563, -0.144032850862, 127.535125732, 9.76997375488, 10.7820529938], [-111.811264038, -111.923126221, 21.8841209412, 5.58746623993, -9.21177005768, 6.56160736084, -9.41905212402, 18.6155052185, 3.28100323677, 11.6492099762, 9.76997375488, 88.8371429443, 14.2658443451], [-1466.8614502, -169.952377319, 124.450546265, -2.58605718613, 99.9670944214, -2.06870961189, 71.0788040161, -20.8954238892, 18.0068378448, 13.7782831192, 10.7820529938, 14.2658443451, 108.830528259]],
        "icov": [[0.000205338714295, -0.000398570147809, 0.000548320298549, -0.000447922153398, 0.000569460680708, -0.0004807653022, 0.000567922077607, -0.000483529671328, 0.000516451895237, 0.000106914529169, 0.000164112992934, -0.000213798266486, 0.000424361525802], [-0.000398570147809, 0.00176442763768, -0.00100966508035, 0.00123975507449, -0.000643908046186, 0.00168467476033, -0.000720067007933, 0.000942927610595, -0.000497870671097, 0.000653654395137, -0.000535058090463, 0.0014661939349, -0.000297421967844], [0.000548320298549, -0.00100966508035, 0.00212546484545, -0.00109391356818, 0.00079148367513, -0.000603552151006, 0.00108904216904, -0.000612309551798, 0.00152414955664, 0.00012453601812, 0.000984386075288, -0.0010990423616, 0.00156850891653], [-0.000447922153398, 0.00123975507449, -0.00109391356818, 0.00450331252068, -0.00181286083534, 0.000542641384527, 2.77977815131e-05, 0.001008310006, -0.000786331947893, 0.00132513989229, 0.000516649044584, 0.000514862651471, -0.00104868097696], [0.000569460680708, -0.000643908046186, 0.00079148367513, -0.00181286083534, 0.00575387571007, -0.00103428342845, -0.000224662639084, -0.00160297215916, 0.000702901976183, 0.000759564165492, 0.000277099286905, 0.000665062281769, -7.13431654731e-05], [-0.0004807653022, 0.00168467476033, -0.000603552151006, 0.000542641384527, -0.00103428342845, 0.00857104826719, -0.00400441233069, 0.000936336349696, 0.00114922435023, -0.00110572751146, 0.00120378320571, 0.000148962048115, 0.000573094701394], [0.000567922077607, -0.000720067007933, 0.00108904216904, 2.77977815131e-05, -0.000224662639084, -0.00400441233069, 0.00863130483776, -0.00176010036375, -5.7389261201e-05, 0.00102156761568, -0.00254799379036, 0.00133912684396, -0.000602343177889], [-0.000483529671328, 0.000942927610595, -0.000612309551798, 0.001008310006, -0.00160297215916, 0.000936336349696, -0.00176010036375, 0.0105361593887, -0.00331348530017, -0.00301595381461, 0.00200396124274, -0.00187746586744, 0.00131978839636], [0.000516451895237, -0.000497870671097, 0.00152414955664, -0.000786331947893, 0.000702901976183, 0.00114922435023, -5.7389261201e-05, -0.00331348530017, 0.0100412052125, -2.42710157181e-05, -0.00248511973768, -8.53981509863e-06, 0.00178835599218], [0.000106914529169, 0.000653654395137, 0.00012453601812, 0.00132513989229, 0.000759564165492, -0.00110572751146, 0.00102156761568, -0.00301595381461, -2.42710157181e-05, 0.00830582622439, 0.000141911004903, 0.000765552860685, -0.000776045082603], [0.000164112992934, -0.000535058090463, 0.000984386075288, 0.000516649044584, 0.000277099286905, 0.00120378320571, -0.00254799379036, 0.00200396124274, -0.00248511973768, 0.000141911004903, 0.0126490183175, -0.00307132629678, 0.00162292062305], [-0.000213798266486, 0.0014661939349, -0.0010990423616, 0.000514862651471, 0.000665062281769, 0.000148962048115, 0.00133912684396, -0.00187746586744, -8.53981509863e-06, 0.000765552860685, -0.00307132629678, 0.0143601074815, -0.00283973314799], [0.000424361525802, -0.000297421967844, 0.00156850891653, -0.00104868097696, -7.13431654731e-05, 0.000573094701394, -0.000602343177889, 0.00131978839636, 0.00178835599218, -0.000776045082603, 0.00162292062305, -0.00283973314799, 0.0133623341098]]
    },
    "melbands": {
        "dmean": [3.14656026603e-05, 9.30895112106e-05, 0.00020197746926, 0.00013959374337, 9.13625844987e-05, 0.000146378341014, 0.000200699854759, 0.000204003692488, 0.000101427947811, 5.59576619708e-05, 5.39295106137e-05, 0.000108874395664, 7.74334766902e-05, 4.54363798781e-05, 1.94965996343e-05, 2.15382242459e-05, 2.38024495047e-05, 2.31654248637e-05, 1.65851070051e-05, 1.42532371683e-05, 1.47263253893e-05, 1.15761740744e-05, 1.31136675918e-05, 9.68601580098e-06, 6.45537102173e-06, 3.65782511835e-06, 1.86261183899e-06, 1.36674918849e-06, 1.01480668491e-06, 7.97433528987e-07, 6.39603513264e-07, 5.70248289478e-07, 5.51724440356e-07, 6.86069085987e-07, 6.1449122768e-07, 4.15721558511e-07, 3.75351618231e-07, 3.21700241557e-07, 2.53661085026e-07, 3.95778954498e-07],
        "dmean2": [5.32574231329e-05, 0.000162773591001, 0.000331610906869, 0.000219793160795, 0.00014431848831, 0.000236463805777, 0.000313239404932, 0.000308883521939, 0.000153190849232, 8.50375581649e-05, 8.42079243739e-05, 0.000174292421434, 0.000118174182717, 7.15166825103e-05, 3.0563918699e-05, 3.42855855706e-05, 3.83761725971e-05, 3.60135491064e-05, 2.69644133368e-05, 2.36167688854e-05, 2.38081702264e-05, 1.86874731298e-05, 2.13245730265e-05, 1.55717352754e-05, 1.01285704659e-05, 5.95541359871e-06, 3.07686786982e-06, 2.24218479161e-06, 1.67946211604e-06, 1.32096283778e-06, 1.05889273527e-06, 9.41336509186e-07, 8.87329861143e-07, 1.10657970254e-06, 9.71744157141e-07, 6.42289819552e-07, 5.78806577778e-07, 4.99397572185e-07, 3.97319723788e-07, 5.82535847116e-07],
        "dvar": [8.44006819989e-09, 8.69829364092e-08, 9.42889073485e-07, 1.49435479102e-07, 7.68164483134e-08, 3.54337544195e-07, 3.40049609804e-07, 4.04453771807e-07, 1.04223182973e-07, 3.0013765695e-08, 3.28811147199e-08, 1.4844268037e-07, 8.08784790252e-08, 2.76029439306e-08, 2.86058310373e-09, 3.47549677926e-09, 5.97935034818e-09, 4.17092183014e-09, 1.99070249174e-09, 1.84034087969e-09, 1.59651480924e-09, 1.00699559802e-09, 1.33896305154e-09, 9.29049170928e-10, 3.24660659468e-10, 1.84596365971e-10, 2.11891892921e-11, 1.44333486135e-11, 1.78896966685e-11, 7.61111573072e-12, 7.73410155364e-12, 6.58139428372e-12, 6.11613667698e-12, 1.17573745878e-11, 6.8367022113e-12, 4.56121989137e-12, 1.25125985961e-11, 9.05881966662e-12, 6.24004060229e-12, 2.18459313139e-11],
        "dvar2": [2.37165025396e-08, 2.50934277801e-07, 2.13634689317e-06, 3.80485914775e-07, 1.95189642227e-07, 9.51057415932e-07, 8.26072493965e-07, 9.55280938797e-07, 2.35543168969e-07, 6.46761080247e-08, 7.82636817576e-08, 3.7296570099e-07, 1.9436701848e-07, 6.93546553521e-08, 6.10624084629e-09, 8.72127170481e-09, 1.42458258523e-08, 9.35639832278e-09, 5.1567012882e-09, 4.97192109705e-09, 4.25039470286e-09, 2.54891863172e-09, 3.38688588286e-09, 2.41888997721e-09, 7.28753224433e-10, 4.8505310879e-10, 5.65620432436e-11, 3.52386488045e-11, 4.19576144661e-11, 1.8699014559e-11, 1.87811172864e-11, 1.61943097821e-11, 1.48552992824e-11, 3.1682677315e-11, 1.66787191697e-11, 8.73258756973e-12, 2.84246567256e-11, 2.08106240573e-11, 1.441980476e-11, 4.35426104894e-11],
        "max": [0.00140090752393, 0.0050737913698, 0.0219541117549, 0.0107862092555, 0.00733857415617, 0.0151669476181, 0.016631025821, 0.0240699779242, 0.00747733563185, 0.0060128592886, 0.00753310602158, 0.0103558925912, 0.00840622652322, 0.0045566232875, 0.00176061049569, 0.00136294052936, 0.00252453959547, 0.00283779017627, 0.00104205019306, 0.00138298142701, 0.000943180115428, 0.000814486120362, 0.00106307200622, 0.000976395444013, 0.000792860228103, 0.000715111440513, 0.000120638957014, 0.000191348502995, 0.000217653971049, 0.000152134030941, 0.000165233417647, 0.000139512034366, 0.000114081965876, 0.00014887638099, 0.00011705810175, 0.000113965506898, 0.00019888477982, 0.000149055500515, 0.000120166419947, 0.000236717838561],
        "mean": [4.4984415581e-05, 0.000149037499796, 0.000335596530931, 0.000337639125064, 0.000208038763958, 0.000255639606621, 0.000379750388674, 0.000388514250517, 0.000180761591764, 9.74171489361e-05, 9.29283269215e-05, 0.000193225772819, 0.000144184741657, 8.8692533609e-05, 3.58294710168e-05, 3.74866212951e-05, 4.45942532679e-05, 4.18187628384e-05, 2.87422953988e-05, 2.52210556937e-05, 2.59747066593e-05, 2.03406743822e-05, 2.36787891481e-05, 1.68844635482e-05, 1.23507397802e-05, 7.12132577974e-06, 3.79080097446e-06, 2.61017748926e-06, 1.91774438463e-06, 1.45241790506e-06, 1.17254819543e-06, 1.02083777165e-06, 9.43936640851e-07, 1.16837338737e-06, 1.11228473543e-06, 7.20574917068e-07, 5.45719558431e-07, 4.34031250052e-07, 3.62568414403e-07, 5.44962745153e-07],
        "median": [8.19654633233e-06, 2.03159615921e-05, 3.58045181201e-05, 7.05532656866e-05, 4.27939958172e-05, 3.69891349692e-05, 5.55498481845e-05, 5.62563946005e-05, 3.4908302041e-05, 2.22598973778e-05, 1.46257043525e-05, 1.67664984474e-05, 1.23335848912e-05, 7.43772579881e-06, 4.65029143015e-06, 5.19378954777e-06, 4.36255231762e-06, 6.56012707623e-06, 4.35462834503e-06, 3.15401825901e-06, 2.79635469269e-06, 2.24002860705e-06, 2.63833635472e-06, 2.0462239263e-06, 1.31168769713e-06, 7.47553713154e-07, 5.61458364245e-07, 4.11929534039e-07, 2.32416937251e-07, 1.26537429423e-07, 1.11761515598e-07, 1.16977687981e-07, 1.23040777567e-07, 1.67573716681e-07, 1.79725432758e-07, 1.21932117736e-07, 5.75112153456e-08, 3.35222729575e-08, 2.18959108622e-08, 2.06270662773e-08],
        "min": [4.30876122255e-25, 3.18661102221e-25, 4.72058260685e-25, 1.27345796208e-24, 6.8274565353e-25, 8.83978992159e-25, 1.23870380744e-24, 7.9366151826e-25, 1.53012312671e-24, 1.23540636885e-24, 9.72466012936e-25, 1.17839361629e-24, 1.04952066426e-24, 1.50799676161e-24, 2.1479954725e-24, 1.66298189708e-24, 1.98860947926e-24, 2.10941918816e-24, 1.66335936702e-24, 2.13148441654e-24, 2.19029537753e-24, 3.47554089369e-24, 2.84318762548e-24, 2.55800237811e-24, 2.66124415465e-24, 4.07136122451e-24, 3.11939958005e-24, 4.33339281267e-24, 3.18273308061e-24, 3.3828390877e-24, 4.01900531509e-24, 4.03687025358e-24, 4.67503190464e-24, 4.90558873153e-24, 4.60775390234e-24, 4.85069781759e-24, 5.51890284179e-24, 4.59677650841e-24, 4.24603908919e-24, 4.52135864486e-24],
        "var": [1.1195726124e-08, 1.08552427491e-07, 1.25089059111e-06, 3.21451267382e-07, 1.65968401689e-07, 5.87461045143e-07, 9.45622730342e-07, 1.03593004042e-06, 2.26475307841e-07, 6.91255976903e-08, 7.9766984129e-08, 3.97747641045e-07, 2.24685180683e-07, 8.81251764895e-08, 8.87426754304e-09, 7.37655447836e-09, 1.90142159795e-08, 1.03430632947e-08, 4.41282521635e-09, 4.04432087819e-09, 3.74034136996e-09, 2.32260677357e-09, 3.40792016829e-09, 1.97896055099e-09, 1.06470143812e-09, 6.73836320075e-10, 6.16815765131e-11, 3.73663704145e-11, 4.07675559977e-11, 1.74798751862e-11, 1.45198696816e-11, 1.07578165126e-11, 9.75107061069e-12, 1.51444481955e-11, 1.08001628474e-11, 8.53642503906e-12, 1.50804525118e-11, 1.14332111487e-11, 8.8514985272e-12, 3.7349956461e-11]
    },
    "mfcc": {
        "mean": [-764.216552734, 111.830062866, -15.3155736923, 5.26312303543, -3.3792257309, -7.7516617775, -12.4421110153, 2.8102376461, -8.5327539444, 0.661755383015, -2.26768493652, -1.67607581615, 0.143781095743],
        "cov": [[29781.1542969, 4396.84033203, -2208.62646484, 227.683395386, -380.671722412, -340.766296387, -697.990844727, 551.179504395, -749.043518066, -51.7513923645, -254.663757324, -305.26739502, -135.016296387], [4396.84033203, 2893.66357422, 198.992889404, 124.113731384, -43.5559120178, -241.701873779, -239.466293335, 14.9884567261, -276.349487305, 14.8103961945, -85.6574249268, -110.707122803, -28.3821659088], [-2208.62646484, 198.992889404, 1003.03741455, 164.96875, 111.698478699, 1.57895278931, -9.88604354858, -41.8103408813, -60.575378418, -63.6170387268, -58.0623512268, -74.3367080688, -54.2237358093], [227.683395386, 124.113731384, 164.96875, 296.03237915, 112.001602173, -10.8746757507, -31.6149330139, 18.8345108032, -21.3743076324, -38.1763839722, -48.3702545166, -32.0419845581, -23.4049034119], [-380.671722412, -43.5559120178, 111.698478699, 112.001602173, 206.722686768, 6.57931041718, -1.93864047527, 4.30863285065, 24.7429904938, -29.8473949432, -18.6555042267, -5.36734724045, -9.97732830048], [-340.766296387, -241.701873779, 1.57895278931, -10.8746757507, 6.57931041718, 168.728485107, 83.0052566528, 1.68688523769, 32.2540664673, 5.52537059784, -11.4268398285, -15.7588663101, -16.1211643219], [-697.990844727, -239.466293335, -9.88604354858, -31.6149330139, -1.93864047527, 83.0052566528, 198.025009155, -11.2580022812, 62.7055664062, 11.4474449158, 6.59757661819, 11.8046255112, -15.8424654007], [551.179504395, 14.9884567261, -41.8103408813, 18.8345108032, 4.30863285065, 1.68688523769, -11.2580022812, 155.408477783, -20.8223514557, 2.21515369415, -2.65356135368, -6.21089506149, 12.6481323242], [-749.043518066, -276.349487305, -60.575378418, -21.3743076324, 24.7429904938, 32.2540664673, 62.7055664062, -20.8223514557, 182.437332153, 23.9408740997, 25.9010601044, 46.6531181335, 18.1280937195], [-51.7513923645, 14.8103961945, -63.6170387268, -38.1763839722, -29.8473949432, 5.52537059784, 11.4474449158, 2.21515369415, 23.9408740997, 105.129142761, 39.9732933044, 16.398557663, 9.92041110992], [-254.663757324, -85.6574249268, -58.0623512268, -48.3702545166, -18.6555042267, -11.4268398285, 6.59757661819, -2.65356135368, 25.9010601044, 39.9732933044, 119.299003601, 50.4995193481, 21.7604198456], [-305.26739502, -110.707122803, -74.3367080688, -32.0419845581, -5.36734724045, -15.7588663101, 11.8046255112, -6.21089506149, 46.6531181335, 16.398557663, 50.4995193481, 134.616104126, 57.319568634], [-135.016296387, -28.3821659088, -54.2237358093, -23.4049034119, -9.97732830048, -16.1211643219, -15.8424654007, 12.6481323242, 18.1280937195, 9.92041110992, 21.7604198456, 57.319568634, 109.773963928]],
