{
"lowlevel": {
    "average_loudness": 0.843660891056,
    "barkbands_crest": {
        "dmean": 2.46328234673,
        "dmean2": 3.96473240852,
        "dvar": 5.27718830109,
        "dvar2": 12.9448871613,
        "max": 26.0034732819,
        "mean": 9.2023191452,
        "median": 8.14519405365,
        "min": 1.72747552395,
        "var": 19.587387085
    },
    "barkbands_flatness_db": {
        "dmean": 0.0178064964712,
        "dmean2": 0.0278142355382,
        "dvar": 0.000305971392663,
        "dvar2": 0.000629155838396,
        "max": 0.358107954264,
        "mean": 0.158203303814,
        "median": 0.158139869571,
        "min": 0.0341962091625,
        "var": 0.00189883215353
    },
    "barkbands_kurtosis": {
        "dmean": 1.74513089657,
        "dmean2": 2.75506711006,
        "dvar": 20.08061409,
        "dvar2": 45.6236953735,
        "max": 126.817657471,
        "mean": 1.84538447857,
        "median": 0.369338274002,
        "min": -1.90379333496,
        "var": 38.3185043335
    },
    "barkbands_skewness": {
        "dmean": 0.441308259964,
        "dmean2": 0.684291958809,
        "dvar": 0.249169737101,
        "dvar2": 0.54910326004,
        "max": 9.70185565948,
        "mean": 0.745296657085,
        "median": 0.647010862827,
        "min": -2.37257456779,
        "var": 1.27230906487
    },
    "barkbands_spread": {
        "dmean": 3.82028031349,
        "dmean2": 5.95954275131,
        "dvar": 20.6444816589,
        "dvar2": 44.8904647827,
        "max": 92.6692581177,
        "mean": 17.3210391998,
        "median": 14.5922956467,
        "min": 1.10421824455,
        "var": 108.558425903
    },
    "dissonance": {
        "dmean": 0.019391272217,
        "dmean2": 0.0324352271855,
        "dvar": 0.000442602293333,
        "dvar2": 0.00120084208902,
        "max": 0.500000119209,
        "mean": 0.464397758245,
        "median": 0.47227460146,
        "min": 0.193856656551,
        "var": 0.00101422378793
    },
    "dynamic_complexity": 3.93511128426,
    "erbbands_crest": {
        "dmean": 2.8553545475,
        "dmean2": 4.64242887497,
        "dvar": 7.41920661926,
        "dvar2": 18.3466453552,
        "max": 31.1946620941,
        "mean": 10.0665559769,
        "median": 8.73624801636,
        "min": 2.35419678688,
        "var": 24.9239521027
    },
    "erbbands_flatness_db": {
        "dmean": 0.0158043708652,
        "dmean2": 0.0234620962292,
        "dvar": 0.000236683947151,
        "dvar2": 0.000439333351096,
        "max": 0.432272017002,
        "mean": 0.230444476008,
        "median": 0.233728632331,
        "min": 0.0669523254037,
        "var": 0.00232023536228
    },
    "erbbands_kurtosis": {
        "dmean": 0.932517468929,
        "dmean2": 1.50074136257,
        "dvar": 2.12524485588,
        "dvar2": 4.88789749146,
        "max": 40.0976409912,
        "mean": 0.454781711102,
        "median": -0.149084568024,
        "min": -1.90374314785,
        "var": 5.41087341309
    },
    "erbbands_skewness": {
        "dmean": 0.370271027088,
        "dmean2": 0.58390134573,
        "dvar": 0.131669312716,
        "dvar2": 0.308626234531,
        "max": 5.34131145477,
        "mean": 0.223718002439,
        "median": 0.146574452519,
        "min": -2.85751223564,
        "var": 0.603610515594
    },
    "erbbands_spread": {
        "dmean": 5.46930932999,
        "dmean2": 8.42877578735,
        "dvar": 36.0622787476,
        "dvar2": 79.2425994873,
        "max": 103.008216858,
        "mean": 26.4087219238,
        "median": 24.3516998291,
        "min": 1.2219824791,
        "var": 193.76071167
    },
    "hfc": {
        "dmean": 5.01792860031,
        "dmean2": 7.5936422348,
        "dvar": 39.3633270264,
        "dvar2": 81.7327651978,
        "max": 128.813568115,
        "mean": 18.8494586945,
        "median": 15.0002803802,
        "min": 1.20600921607e-16,
        "var": 268.156066895
    },
    "melbands_crest": {
        "dmean": 3.04073429108,
        "dmean2": 4.90467357635,
        "dvar": 8.01739501953,
        "dvar2": 19.6636543274,
        "max": 37.5464324951,
        "mean": 11.7054653168,
        "median": 10.6026544571,
        "min": 1.51971077919,
        "var": 31.0932979584
    },
    "melbands_flatness_db": {
        "dmean": 0.0203086659312,
        "dmean2": 0.0312723070383,
        "dvar": 0.000450185267255,
        "dvar2": 0.000934558047447,
        "max": 0.395315349102,
        "mean": 0.175605356693,
        "median": 0.172575175762,
        "min": 0.00536839058623,
        "var": 0.00285337166861
    },
    "melbands_kurtosis": {
        "dmean": 3.1309800148,
        "dmean2": 5.00203943253,
        "dvar": 59.8415985107,
        "dvar2": 141.79548645,
        "max": 286.516204834,
        "mean": 4.89536333084,
        "median": 1.96857070923,
        "min": -1.7829914093,
        "var": 121.217285156
    },
    "melbands_skewness": {
        "dmean": 0.513634204865,
        "dmean2": 0.793851137161,
        "dvar": 0.32988217473,
        "dvar2": 0.753357291222,
        "max": 12.4728240967,
        "mean": 1.36302530766,
        "median": 1.23617684841,
        "min": -2.09737300873,
        "var": 1.73527741432
    },
    "melbands_spread": {
        "dmean": 6.64872598648,
        "dmean2": 10.6089000702,
        "dvar": 67.6832275391,
        "dvar2": 157.344894409,
        "max": 191.640884399,
        "mean": 26.9477348328,
        "median": 24.1284103394,
        "min": 0.963969826698,
        "var": 314.416564941
    },
    "pitch_salience": {
        "dmean": 0.0656623393297,
        "dmean2": 0.105607621372,
        "dvar": 0.00374886998907,
        "dvar2": 0.00929920002818,
        "max": 0.918276786804,
        "mean": 0.614913105965,
        "median": 0.619051098824,
        "min": 0.0503956116736,
        "var": 0.0157808326185
    },
    "silence_rate_20dB": {
        "dmean": 0,
        "dmean2": 0,
        "dvar": 0,
        "dvar2": 0,
        "max": 1,
        "mean": 1,
        "median": 1,
        "min": 1,
        "var": 0
    },
    "silence_rate_30dB": {
        "dmean": 0.000438596500317,
        "dmean2": 0.000877289159689,
        "dvar": 0.000438447023043,
        "dvar2": 0.00109586038161,
        "max": 1,
        "mean": 0.999561429024,
        "median": 1,
        "min": 0,
        "var": 0.000438399001723
    },
    "silence_rate_60dB": {
        "dmean": 0.0271929819137,
        "dmean2": 0.0543919280171,
        "dvar": 0.0264482889324,
        "dvar2": 0.0575735345483,
        "max": 1,
        "mean": 0.123012825847,
        "median": 0,
        "min": 0,
        "var": 0.107884369791
    },
    "spectral_centroid": {
        "dmean": 232.748413086,
        "dmean2": 365.068267822,
        "dvar": 79969.7578125,
        "dvar2": 169769.34375,
        "max": 11426.7480469,
        "mean": 1610.80981445,
        "median": 1596.34729004,
        "min": 244.380569458,
        "var": 403977.25
    },
    "spectral_complexity": {
        "dmean": 3.66951751709,
        "dmean2": 5.87893390656,
        "dvar": 18.8883132935,
        "dvar2": 46.3552627563,
        "max": 60,
        "mean": 18.8286380768,
        "median": 18,
        "min": 0,
        "var": 111.837272644
    },
    "spectral_decrease": {
        "dmean": 1.18554899231e-09,
        "dmean2": 1.80016035412e-09,
        "dvar": 2.44074963255e-18,
        "dvar2": 5.37557631292e-18,
        "max": 9.13409440555e-30,
        "mean": -4.09985068117e-09,
        "median": -3.36477290475e-09,
        "min": -3.45725794659e-08,
        "var": 1.09340662475e-17
    },
    "spectral_energy": {
        "dmean": 0.00487114442512,
        "dmean2": 0.00737939309329,
        "dvar": 4.00216413254e-05,
        "dvar2": 8.73254612088e-05,
        "max": 0.142168611288,
        "mean": 0.0171834845096,
        "median": 0.0142865106463,
        "min": 1.09043859732e-20,
        "var": 0.000187764118891
    },
    "spectral_energyband_high": {
        "dmean": 0.00012769222667,
        "dmean2": 0.000203643605346,
        "dvar": 5.14091560433e-08,
        "dvar2": 1.26412032841e-07,
        "max": 0.00431038159877,
        "mean": 0.000251685036346,
        "median": 0.000149347921251,
        "min": 7.56799740108e-21,
        "var": 9.59148991342e-08
    },
    "spectral_energyband_low": {
        "dmean": 0.00033381182584,
        "dmean2": 0.000543814268894,
        "dvar": 5.26152575731e-07,
        "dvar2": 1.33328978791e-06,
        "max": 0.00884798076004,
        "mean": 0.000460234005004,
        "median": 0.000183968120837,
        "min": 1.20476049136e-22,
        "var": 6.17706007233e-07
    },
    "spectral_energyband_middle_high": {
        "dmean": 0.00258020428009,
        "dmean2": 0.00395441893488,
        "dvar": 1.57413796842e-05,
        "dvar2": 3.33255484293e-05,
        "max": 0.128665477037,
        "mean": 0.008450970985,
        "median": 0.00528718158603,
        "min": 1.52995727975e-21,
        "var": 9.07118810574e-05
    },
    "spectral_energyband_middle_low": {
        "dmean": 0.00335534592159,
        "dmean2": 0.00516203138977,
        "dvar": 2.71296485153e-05,
        "dvar2": 6.47030028631e-05,
        "max": 0.107290960848,
        "mean": 0.00850910041481,
        "median": 0.00550493085757,
        "min": 3.33410988741e-22,
        "var": 8.83005486685e-05
    },
    "spectral_entropy": {
        "dmean": 0.138595536351,
        "dmean2": 0.204599767923,
        "dvar": 0.0231532994658,
        "dvar2": 0.043166719377,
        "max": 9.79618358612,
        "mean": 7.4522652626,
        "median": 7.46376562119,
        "min": 5.47640371323,
        "var": 0.158057406545
    },
    "spectral_flux": {
        "dmean": 0.0178231820464,
        "dmean2": 0.0280447639525,
        "dvar": 0.000385660066968,
        "dvar2": 0.000914768723305,
        "max": 0.230423390865,
        "mean": 0.069358214736,
        "median": 0.0672520697117,
        "min": 1.04424066616e-10,
        "var": 0.00130550726317
    },
    "spectral_kurtosis": {
        "dmean": 2.55356526375,
        "dmean2": 4.42271518707,
        "dvar": 5.61316347122,
        "dvar2": 16.4263477325,
        "max": 29.790763855,
        "mean": 5.52759361267,
        "median": 4.98186969757,
        "min": -1.23987019062,
        "var": 11.6242208481
    },
    "spectral_rms": {
        "dmean": 0.000558133702725,
        "dmean2": 0.00082263693912,
        "dvar": 3.62941108278e-07,
        "dvar2": 7.15476801361e-07,
        "max": 0.0117771420628,
        "mean": 0.0037215242628,
        "median": 0.00373337091878,
        "min": 3.26165982244e-12,
        "var": 2.91464311886e-06
    },
    "spectral_rolloff": {
        "dmean": 393.119812012,
        "dmean2": 662.108703613,
        "dvar": 403417.65625,
        "dvar2": 863780.1875,
        "max": 19315.2832031,
        "mean": 1975.35314941,
        "median": 1873.38867188,
        "min": 21.533203125,
        "var": 1538351.5
    },
    "spectral_skewness": {
        "dmean": 0.306994587183,
        "dmean2": 0.507673680782,
        "dvar": 0.0778801888227,
        "dvar2": 0.200004592538,
        "max": 4.28129529953,
        "mean": 1.40985822678,
        "median": 1.36849558353,
        "min": -0.0459803529084,
        "var": 0.228308588266
    },
    "spectral_spread": {
        "dmean": 272738.0625,
        "dmean2": 412793.6875,
        "dvar": 304466984960,
        "dvar2": 393266135040,
        "max": 42027088,
        "mean": 3094719.25,
        "median": 2814718.75,
        "min": 1615587.25,
        "var": 1.41941774746e+12
    },
    "spectral_strongpeak": {
        "dmean": 0.765553832054,
        "dmean2": 1.25913739204,
        "dvar": 1.14338850975,
        "dvar2": 2.84279203415,
        "max": 15.1689367294,
        "mean": 1.71979892254,
        "median": 1.14161372185,
        "min": 0,
        "var": 3.67327713966
    },
    "zerocrossingrate": {
        "dmean": 0.00696571730077,
        "dmean2": 0.00854494888335,
        "dvar": 9.84450089163e-05,
        "dvar2": 0.00011498247477,
        "max": 0.54248046875,
        "mean": 0.0680757537484,
        "median": 0.0625,
        "min": 0.0009765625,
        "var": 0.00122709793504
    },
    "barkbands": {
        "dmean": [7.24026813259e-06, 0.000107434825622, 0.000164717886946, 0.000349521404132, 0.000660813238937, 0.00111631478649, 0.00115948240273, 0.000642093538772, 0.000734663626645, 0.00103917112574, 0.000599880819209, 0.000648449233267, 0.000391823414247, 0.000430252432125, 0.000423281657277, 0.000407839106629, 0.000417720002588, 0.000261716922978, 0.000200947659323, 0.000116366201837, 5.79255647608e-05, 2.14018800762e-05, 6.8699091571e-06, 1.44143677971e-06, 3.55036007704e-07, 1.15429671155e-07, 7.02153779564e-10],
        "dmean2": [1.28488254632e-05, 0.000176818852196, 0.000284720677882, 0.000591144082136, 0.00108537904453, 0.00173545337748, 0.00184037873987, 0.000987279461697, 0.0010902400827, 0.00167115265504, 0.000924679625314, 0.00101609819103, 0.000608645495959, 0.000686916522682, 0.000671690504532, 0.000649996101856, 0.000672206573654, 0.000418008829001, 0.000319783226587, 0.000190427002963, 9.39078308875e-05, 3.36007760779e-05, 1.03809670691e-05, 2.26096221922e-06, 6.08828486293e-07, 1.98130095441e-07, 1.2989758158e-09],
        "dvar": [1.25769242243e-10, 5.08718827064e-08, 1.56505464588e-07, 9.84079747468e-07, 2.16704006561e-06, 4.88163641421e-06, 1.12493098641e-05, 2.43214799411e-06, 4.23589699494e-06, 6.55323810861e-06, 4.31893431596e-06, 3.41422150996e-06, 8.92581113021e-07, 1.22640187783e-06, 1.02903436527e-06, 8.37367110762e-07, 8.42258600642e-07, 2.78376120377e-07, 1.61858949355e-07, 4.30661586392e-08, 1.20450822649e-08, 2.59700549954e-09, 3.71573355418e-10, 1.2793220476e-11, 8.65574972808e-14, 8.72172376909e-15, 1.20551038067e-18],
        "dvar2": [3.58592933125e-10, 1.2879240785e-07, 4.26080617899e-07, 2.67930818154e-06, 5.64101401324e-06, 1.14734721137e-05, 2.86498325295e-05, 5.29960288986e-06, 8.04930459708e-06, 1.60941017384e-05, 8.3119584815e-06, 8.60853469931e-06, 1.89773413695e-06, 2.8334700346e-06, 2.33912965086e-06, 1.91235290004e-06, 1.94884364646e-06, 6.10168569892e-07, 3.47144805346e-07, 1.07160822438e-07, 2.91204109715e-08, 5.65349500548e-09, 7.78222708497e-10, 2.92527252421e-11, 2.42217433177e-13, 2.53418620588e-14, 3.77087570307e-18],
        "max": [0.000213225124753, 0.0026292828843, 0.00496634282172, 0.01614622958, 0.0255565363914, 0.0477383844554, 0.0987817719579, 0.0557874105871, 0.0647995248437, 0.0489494539797, 0.120470538735, 0.0482600070536, 0.034321654588, 0.0328028947115, 0.0356821231544, 0.0308305509388, 0.0232423730195, 0.0129323406145, 0.0147619294003, 0.00413718726486, 0.00232724915259, 0.00199176487513, 0.000615726108663, 0.000130843618535, 8.58581370267e-06, 1.15259626909e-06, 1.52917110086e-08],
        "mean": [6.76239415043e-06, 0.000130972577608, 0.000165686607943, 0.000460445473436, 0.0010678806575, 0.00210980232805, 0.00201988522895, 0.00100257259328, 0.00126526481472, 0.00168173993006, 0.00101382471621, 0.00120220298413, 0.000731391599402, 0.000775419583078, 0.000785111333244, 0.000741073919926, 0.000772056984715, 0.000476039334899, 0.000407225801609, 0.000216074666241, 9.59440003498e-05, 3.71623900719e-05, 1.26067880046e-05, 3.98229803977e-06, 2.06657705348e-06, 2.98041868518e-07, 6.67610411398e-10],
        "median": [3.05669482259e-06, 4.78965375805e-05, 4.63862343167e-05, 7.37074369681e-05, 0.000453888089396, 0.000675530813169, 0.000440283620264, 0.000298059312627, 0.00034234818304, 0.000515178253409, 0.000224100484047, 0.000261574634351, 0.000196250650333, 0.000217432476347, 0.000200120251975, 0.000235044950387, 0.00027819830575, 0.000197344037588, 0.000212012193515, 0.000109591441287, 4.80203270854e-05, 1.89633701666e-05, 6.541240964e-06, 2.95585346066e-06, 2.02480987355e-06, 2.82002758922e-07, 3.01387359514e-10],
        "min": [9.30235949707e-23, 3.14734801473e-23, 2.49115253007e-23, 2.96664838034e-23, 8.08167550124e-23, 3.62140829592e-23, 9.84645847819e-24, 4.76397108076e-23, 8.78168416281e-23, 1.23973315653e-22, 7.17431885282e-23, 8.26120004843e-23, 1.15044621896e-22, 6.78211866776e-23, 1.58243515969e-22, 1.51926166378e-22, 1.23474149716e-22, 2.96303426143e-22, 2.98997973047e-22, 1.7621327514e-22, 4.20099178673e-22, 7.10800329237e-22, 9.33581767552e-22, 7.69228542805e-22, 9.50280476168e-22, 1.63556356588e-21, 2.28156749145e-21],
        "var": [1.10419881572e-10, 5.47553788977e-08, 1.29292317297e-07, 1.16612102374e-06, 3.44044633493e-06, 1.40553038364e-05, 2.82171931758e-05, 4.37883227278e-06, 1.13950118248e-05, 1.3468713405e-05, 1.23661875477e-05, 1.057796635e-05, 3.08130665871e-06, 3.48026696884e-06, 3.82419102607e-06, 2.19056187234e-06, 2.41448719862e-06, 7.18353476259e-07, 4.24633981311e-07, 1.02266582758e-07, 2.06439150219e-08, 4.42361258735e-09, 5.84722825714e-10, 1.93555935168e-11, 1.73653761726e-13, 1.23331249727e-14, 9.83283242622e-19]
    },
    "erbbands": {
        "dmean": [0.00112272694241, 0.0313491933048, 0.169549807906, 0.641325592995, 1.81183445454, 2.19179368019, 4.54340457916, 10.8831863403, 19.5102577209, 11.0066995621, 13.2235593796, 16.9337329865, 28.4744873047, 26.3359451294, 23.9745254517, 25.6427688599, 17.3216629028, 18.4999237061, 21.8722953796, 19.3088779449, 21.7637214661, 20.7636032104, 14.6027774811, 11.3986225128, 8.41906547546, 5.32995462418, 3.25288152695, 1.57584440708, 0.790894567966, 0.428974807262, 0.155269026756, 0.0510797053576, 0.0159664992243, 0.00535799236968, 0.00264164060354, 0.000871032709256, 2.06598051591e-05, 1.55755503783e-06, 2.75117236015e-06, 5.84947974858e-06],
        "dmean2": [0.00187665177509, 0.051183257252, 0.287262529135, 1.10507881641, 3.03667473793, 3.61055803299, 7.2355837822, 16.879119873, 31.2440166473, 16.9113578796, 20.1458244324, 24.8272151947, 45.1930046082, 41.0075340271, 36.5694313049, 40.3757972717, 26.5901489258, 28.9947738647, 34.5813560486, 30.4215965271, 34.6654052734, 33.462677002, 22.9575557709, 18.2767829895, 13.4836053848, 8.6943693161, 5.25326251984, 2.5326089859, 1.23820900917, 0.657265007496, 0.234633147717, 0.078072026372, 0.025712184608, 0.00909807998687, 0.00454810541123, 0.00148617371451, 3.51533672074e-05, 2.46769445766e-06, 4.14072655985e-06, 8.84198107087e-06],
        "dvar": [3.79262542083e-06, 0.00435289926827, 0.149646088481, 3.23033380508, 23.7378025055, 25.8340549469, 100.076499939, 499.633117676, 3459.89746094, 644.581787109, 1173.40905762, 2535.21411133, 5176.62402344, 5537.10742188, 4189.80175781, 6931.97070312, 1812.1529541, 2259.56738281, 2746.97119141, 2272.10229492, 2357.38256836, 2094.29663086, 799.599182129, 512.254516602, 204.486618042, 88.2768630981, 35.5499000549, 10.6033506393, 3.33877158165, 1.66625511646, 0.193928807974, 0.0162624828517, 0.00135836622212, 2.90706793749e-05, 4.26456563218e-06, 4.76712727959e-07, 2.7898178212e-10, 3.46822570663e-12, 1.16640455974e-11, 5.54107593143e-11],
        "dvar2": [9.97166080197e-06, 0.0107474541292, 0.390560001135, 8.9724187851, 64.8879547119, 65.657081604, 237.857666016, 1177.02856445, 9050.73535156, 1407.51403809, 2376.67285156, 4777.68994141, 12589.1865234, 10932.4902344, 8874.62988281, 18228.0449219, 3895.12060547, 5063.10839844, 6344.36230469, 5033.87890625, 5587.30126953, 4978.31640625, 1802.96533203, 1126.59460449, 484.234771729, 227.098709106, 85.8424301147, 25.0364818573, 7.27443981171, 3.63410568237, 0.409766584635, 0.0349605567753, 0.00321212923154, 7.49492028262e-05, 1.2287521713e-05, 1.38670361594e-06, 8.03806687877e-10, 8.4869377151e-12, 2.46180957564e-11, 1.19334334081e-10],
        "max": [0.0281600151211, 0.760294079781, 5.00504159927, 28.8959350586, 95.8133773804, 132.606719971, 271.993927002, 416.384857178, 1765.86865234, 787.312744141, 1677.50061035, 1805.14929199, 1739.42858887, 4457.45410156, 2375.94824219, 2483.41577148, 1581.90441895, 1932.02319336, 1332.79443359, 1864.31762695, 1488.16186523, 1316.27978516, 678.289306641, 586.573608398, 355.929199219, 128.228134155, 131.345916748, 95.6922454834, 71.9142837524, 38.1889801025, 13.0214519501, 4.03077745438, 1.25106430054, 0.195471450686, 0.0354241579771, 0.00931144598871, 0.00026862352388, 6.69346554787e-05, 7.65867225709e-05, 0.000167758858879],
        "mean": [0.00154086970724, 0.0384595654905, 0.191633060575, 0.827429711819, 2.5092382431, 3.45090794563, 8.22174835205, 20.27734375, 34.5032539368, 19.6045055389, 21.8248004913, 30.6615715027, 48.3106536865, 44.6034889221, 45.8343086243, 49.8087501526, 35.029296875, 37.8128547668, 42.4559516907, 39.3770294189, 43.3254470825, 41.2624320984, 30.0167980194, 22.8575363159, 17.0947093964, 10.1535053253, 5.8093662262, 2.70751523972, 1.4147837162, 0.73788613081, 0.303143560886, 0.120546236634, 0.0511876419187, 0.0252123847604, 0.0138044236228, 0.00325698056258, 8.73682147358e-05, 7.51592870074e-06, 1.05838907984e-05, 2.12194645428e-05],
        "median": [0.000713167712092, 0.0136882029474, 0.064000017941, 0.190177515149, 0.809808909893, 1.32043278217, 2.73946523666, 6.33557033539, 8.11815547943, 6.67206287384, 7.73179674149, 9.12271308899, 16.7196617126, 15.1872625351, 13.8294553757, 12.9304027557, 11.2447528839, 12.1494674683, 12.8865232468, 12.9913864136, 16.9026527405, 15.7859783173, 12.2917051315, 11.6067781448, 9.32029914856, 5.34183168411, 3.02717041969, 1.32924568653, 0.739530622959, 0.373296916485, 0.163889095187, 0.0779075697064, 0.0423264838755, 0.024164903909, 0.0135170938447, 0.00315553252585, 8.52691518958e-05, 6.60978048472e-06, 9.0767225629e-06, 1.78732443601e-05],
        "min": [2.00172518164e-21, 3.809205091e-21, 1.75909812341e-20, 9.1276168808e-20, 1.07552285066e-19, 3.25159011928e-19, 3.23757018338e-19, 2.95430063165e-19, 2.34716608866e-19, 2.44686823584e-19, 1.37831120236e-18, 1.86767931776e-18, 4.25691214176e-18, 2.48204228193e-18, 2.84020218138e-18, 3.64750915933e-18, 4.96477650044e-18, 4.37963472539e-18, 5.1836154033e-18, 9.31508105567e-18, 8.5423512613e-18, 7.70536028668e-18, 1.33071547807e-17, 1.74377183926e-17, 1.19555160172e-17, 9.39923427529e-18, 1.40861479867e-17, 1.89538114152e-17, 2.93401558843e-17, 2.11375202559e-17, 2.59484622555e-17, 1.77801496595e-17, 1.48439661961e-17, 1.10807931989e-17, 6.52285100711e-18, 5.27029648687e-18, 3.27085060625e-18, 1.2860705345e-18, 3.04507362261e-19, 3.35716744601e-20],
        "var": [5.07173717779e-06, 0.00478709442541, 0.139912754297, 3.43938446045, 25.0736885071, 44.9243164062, 287.659484863, 1393.1809082, 8444.18164062, 1519.12561035, 2292.21166992, 7213.85302734, 10570.0400391, 14900.2802734, 12791.625, 20875.5722656, 6237.74511719, 8374.61816406, 8242.0625, 8821.31640625, 6821.56640625, 5965.19433594, 2938.05664062, 1410.48303223, 574.054931641, 186.745895386, 67.3196029663, 18.4139041901, 5.76847028732, 2.46331691742, 0.303965985775, 0.0265538319945, 0.00198727962561, 5.49441720068e-05, 7.74999534769e-06, 7.50366950797e-07, 4.61868959745e-10, 1.40702250198e-11, 6.2964182479e-11, 2.76728112647e-10]
    },
    "gfcc": {
        "mean": [-56.7997665405, 109.434989929, -181.441146851, 25.105298996, -72.0079498291, -3.39385390282, -40.8918418884, 3.08303523064, -23.6998672485, -6.81691122055, -7.78296470642, -8.99094772339, 1.49443078041],
        "cov": [[4043.64331055, 1136.19543457, -1180.20776367, -234.254058838, 236.195831299, -585.653686523, 375.879333496, -316.538238525, 140.945297241, -176.28944397, 130.324829102, -132.620895386, 86.4378738403], [1136.19543457, 772.062438965, 109.438140869, -115.289367676, -4.65126419067, -214.90838623, 40.3745117188, -82.4351272583, -0.155463844538, -83.4175415039, 70.4793167114, -44.7460708618, 39.6557312012], [-1180.20776367, 109.438140869, 1063.98754883, 261.623474121, -257.037261963, 105.02469635, -208.757583618, 59.8172073364, -74.8025970459, -2.80588054657, -29.8298797607, 61.1872596741, -32.024559021], [-234.254058838, -115.289367676, 261.623474121, 408.300231934, -13.0706033707, -0.824001312256, -56.6443138123, 2.74307203293, 6.50280475616, -6.09508609772, -62.4818649292, 27.1145782471, -33.9499320984], [236.195831299, -4.65126419067, -257.037261963, -13.0706033707, 230.742706299, 3.56288075447, 39.1705513, 24.289100647, 1.92120730877, 4.69706583023, 6.63766002655, -31.4922294617, 10.2845439911], [-585.653686523, -214.90838623, 105.02469635, -0.824001312256, 3.56288075447, 288.690734863, 19.9624023438, 5.97677755356, -41.9500732422, 43.1878967285, -40.6323165894, -6.2672958374, -35.3163909912], [375.879333496, 40.3745117188, -208.757583618, -56.6443138123, 39.1705513, 19.9624023438, 169.346359253, -2.04119682312, 6.72714805603, -2.37975120544, 21.8785972595, -18.3664608002, 5.42980480194], [-316.538238525, -82.4351272583, 59.8172073364, 2.74307203293, 24.289100647, 5.97677755356, -2.04119682312, 168.253387451, 33.3789367676, 7.18535232544, -2.77510690689, 20.5100135803, 0.826979100704], [140.945297241, -0.155463844538, -74.8025970459, 6.50280475616, 1.92120730877, -41.9500732422, 6.72714805603, 33.3789367676, 101.600379944, 20.3778781891, 0.218767315149, 9.76739597321, 3.84673452377], [-176.28944397, -83.4175415039, -2.80588054657, -6.09508609772, 4.69706583023, 43.1878967285, -2.37975120544, 7.18535232544, 20.3778781891, 91.5874786377, 33.9568099976, 6.6956653595, -1.17577135563], [130.324829102, 70.4793167114, -29.8298797607, -62.4818649292, 6.63766002655, -40.6323165894, 21.8785972595, -2.77510690689, 0.218767315149, 33.9568099976, 101.34487915, 30.6224365234, 20.8290958405], [-132.620895386, -44.7460708618, 61.1872596741, 27.1145782471, -31.4922294617, -6.2672958374, -18.3664608002, 20.5100135803, 9.76739597321, 6.6956653595, 30.6224365234, 75.3970489502, 31.1815032959], [86.4378738403, 39.6557312012, -32.024559021, -33.9499320984, 10.2845439911, -35.3163909912, 5.42980480194, 0.826979100704, 3.84673452377, -1.17577135563, 20.8290958405, 31.1815032959, 71.2901535034]],
        "icov": [[0.0044284556061, -0.00701138423756, 0.00644156616181, -0.00404360378161, 0.00241848826408, 0.000378569937311, -0.00164276233409, 0.00251222122461, -0.0023857743945, 0.00279084034264, -0.00214523961768, 0.000791731232312, -0.000111412511615], [-0.00701138423756, 0.0156068559736, -0.0136879822239, 0.00876033306122, -0.00683245062828, 0.00281252036802, -0.000767212826759, -0.000249540898949, 0.000524545321241, -0.000784712203313, 0.00109642639291, 0.00212078238837, -0.00100615993142], [0.00644156616181, -0.0136879822239, 0.0151803838089, -0.00993076805025, 0.00937516801059, -0.00404053507373, 0.00339684565552, -0.00144371739589, 0.000629718240816, 0.00280890148133, -0.00453131319955, 0.00112310308032, -0.000857278413605], [-0.00404360378161, 0.00876033306122, -0.00993076805025, 0.0100714042783, -0.00702065834776, 0.00401122821495, -0.00245178630576, 0.00175852281973, 5.74120749661e-05, -0.00333947595209, 0.00697438139468, -0.0052349823527, 0.0037250618916], [0.00241848826408, -0.00683245062828, 0.00937516801059, -0.00702065834776, 0.0126622859389, -0.00490114605054, 0.0043920930475, -0.00490605598316, 0.00238812202588, 0.00133603124414, -0.00517665129155, 0.00567820575088, -0.00387391075492], [0.000378569937311, 0.00281252036802, -0.00404053507373, 0.00401122821495, -0.00490114605054, 0.0101725198328, -0.00659638084471, 0.00433343229815, 0.000508943689056, -0.00377154559828, 0.00637070089579, -0.00377637613565, 0.00397095875815], [-0.00164276233409, -0.000767212826759, 0.00339684565552, -0.00245178630576, 0.0043920930475, -0.00659638084471, 0.0137581434101, -0.00594691419974, 0.00280860881321, 0.000624585140031, -0.00471735885367, 0.00352878076956, -0.00240980391391], [0.00251222122461, -0.000249540898949, -0.00144371739589, 0.00175852281973, -0.00490605598316, 0.00433343229815, -0.00594691419974, 0.013062289916, -0.00719622010365, 0.00329699995928, 0.000517754524481, -0.00214037974365, 0.00166520103812], [-0.0023857743945, 0.000524545321241, 0.000629718240816, 5.74120749661e-05, 0.00238812202588, 0.000508943689056, 0.00280860881321, -0.00719622010365, 0.0184297971427, -0.0099877519533, 0.00681739905849, -0.00587637955323, 0.00210752966814], [0.00279084034264, -0.000784712203313, 0.00280890148133, -0.00333947595209, 0.00133603124414, -0.00377154559828, 0.000624585140031, 0.00329699995928, -0.0099877519533, 0.0243686009198, -0.0163264088333, 0.0103845726699, -0.00425392575562], [-0.00214523961768, 0.00109642639291, -0.00453131319955, 0.00697438139468, -0.00517665129155, 0.00637070089579, -0.00471735885367, 0.000517754524481, 0.00681739905849, -0.0163264088333, 0.0284633152187, -0.0186573211104, 0.00674020126462], [0.000791731232312, 0.00212078238837, 0.00112310308032, -0.0052349823527, 0.00567820575088, -0.00377637613565, 0.00352878076956, -0.00214037974365, -0.00587637955323, 0.0103845726699, -0.0186573211104, 0.0345082692802, -0.0162160303444], [-0.000111412511615, -0.00100615993142, -0.000857278413605, 0.0037250618916, -0.00387391075492, 0.00397095875815, -0.00240980391391, 0.00166520103812, 0.00210752966814, -0.00425392575562, 0.00674020126462, -0.0162160303444, 0.023740587756]]
    },
    "melbands": {
        "dmean": [1.95098837139e-05, 6.90008164383e-05, 0.000148722581798, 0.000140805044794, 0.000142670207424, 0.000248911266681, 0.000272835459327, 0.000121955679788, 0.000105805898784, 0.000111262357677, 0.000148243969306, 0.000114088586997, 8.08646946098e-05, 7.83435389167e-05, 5.15149331477e-05, 3.73078728444e-05, 3.69158842659e-05, 3.82772923331e-05, 3.01565214613e-05, 2.75592010439e-05, 2.81717893813e-05, 2.41333345912e-05, 1.82286621566e-05, 1.25821688925e-05, 9.95400660031e-06, 7.67596429796e-06, 5.07268032379e-06, 3.52888650923e-06, 2.38278676079e-06, 1.3949094182e-06, 8.47784917823e-07, 5.15543831625e-07, 3.23761753407e-07, 2.18213529024e-07, 1.01592263491e-07, 5.22524779001e-08, 2.59446348849e-08, 1.34203430591e-08, 7.46728456846e-09, 4.81209516678e-09],
        "dmean2": [3.21819534292e-05, 0.000113710200822, 0.000251480349107, 0.000233916682191, 0.000226097763516, 0.000387307140045, 0.00043654977344, 0.000187310521142, 0.000160349300131, 0.000164585639141, 0.000236126346863, 0.00017900376406, 0.00012422943837, 0.000121983925055, 7.9592144175e-05, 5.76926286158e-05, 5.80699124839e-05, 6.07708534517e-05, 4.73826548841e-05, 4.36019618064e-05, 4.50721418019e-05, 3.91159592255e-05, 2.89833806164e-05, 2.02877636184e-05, 1.60411855177e-05, 1.22697538245e-05, 8.28403699416e-06, 5.82781558478e-06, 3.78822437597e-06, 2.31234730563e-06, 1.36667199513e-06, 8.27020414818e-07, 4.9732534535e-07, 3.37957374086e-07, 1.57000727086e-07, 8.03679540695e-08, 4.10023694997e-08, 2.18045013156e-08, 1.25846240095e-08, 8.25270163318e-09],
        "dvar": [1.52168266876e-09, 2.27494805216e-08, 1.68994446881e-07, 1.17211655493e-07, 8.9876678544e-08, 2.61633772425e-07, 6.29621979442e-07, 7.68501635662e-08, 7.83040476904e-08, 1.02828131787e-07, 1.39986639169e-07, 9.86346719856e-08, 6.64109620629e-08, 4.67070861987e-08, 1.97771843347e-08, 7.84076181759e-09, 9.80280834284e-09, 9.48409706325e-09, 6.19227291665e-09, 3.96146182524e-09, 4.35163238777e-09, 2.68709632323e-09, 1.99314675875e-09, 6.53974097098e-10, 4.54374926573e-10, 2.43418174506e-10, 8.8381350849e-11, 3.93307816871e-11, 1.8486568179e-11, 7.73204070215e-12, 3.31454200024e-12, 1.42235138598e-12, 8.15111650052e-13, 4.2519744778e-13, 8.92597966568e-14, 1.72327718095e-14, 3.78610471357e-15, 1.03645249003e-15, 9.76225919615e-17, 1.67854500837e-17],
        "dvar2": [3.88182552769e-09, 5.65376652162e-08, 4.64335386141e-07, 3.10883450538e-07, 2.16668837538e-07, 6.25165000656e-07, 1.64481048159e-06, 1.68496924857e-07, 1.48118104448e-07, 2.03681281619e-07, 3.41047922348e-07, 2.0620935004e-07, 1.38531632388e-07, 1.13529452506e-07, 4.69227785516e-08, 1.70462932658e-08, 2.23133849175e-08, 2.14737134741e-08, 1.34670852248e-08, 9.0433784905e-09, 1.0518355964e-08, 6.38879837922e-09, 4.88150053712e-09, 1.46009082602e-09, 9.95490356814e-10, 5.3679688472e-10, 2.2015875234e-10, 1.02127112322e-10, 4.28400821761e-11, 1.96706730765e-11, 7.71548536865e-12, 3.30806215754e-12, 1.72263928382e-12, 9.41170101923e-13, 1.94434176875e-13, 3.76435129812e-14, 8.54600170198e-15, 2.52426999117e-15, 2.43168044913e-16, 4.7770454616e-17],
        "max": [0.000445606507128, 0.0019620032981, 0.00633983267471, 0.00715494062752, 0.0075398995541, 0.0114943347871, 0.0229358188808, 0.00718081230298, 0.0148666677997, 0.0106679676101, 0.00875044055283, 0.0163923725486, 0.0103837149218, 0.00529417814687, 0.00360272405669, 0.00293806358241, 0.00396828632802, 0.0028953042347, 0.0037965697702, 0.00207486888394, 0.00165927933995, 0.00125784438569, 0.00165172386914, 0.000860755390022, 0.000589353963733, 0.000624088628683, 0.000220358968363, 7.85583470133e-05, 0.000129329651827, 7.94274819782e-05, 5.6966127886e-05, 4.3968360842e-05, 3.05689973175e-05, 2.15906347876e-05, 1.00345760075e-05, 3.83639599022e-06, 2.20282527152e-06, 1.10654150376e-06, 3.04845627852e-07, 1.16539894179e-07],
        "mean": [2.51326182479e-05, 8.20430432213e-05, 0.000200403737836, 0.000210554964724, 0.000261325360043, 0.000468611717224, 0.000490329111926, 0.000208043362363, 0.000175379973371, 0.000194335822016, 0.00024497997947, 0.000184259959497, 0.000145512123709, 0.000147767306771, 9.33700503083e-05, 7.26919752196e-05, 6.86461062287e-05, 6.85466729919e-05, 5.70433185203e-05, 4.90728052682e-05, 5.14869352628e-05, 4.27531995228e-05, 3.60763151548e-05, 2.19325520447e-05, 1.81626055564e-05, 1.46290303746e-05, 9.07760204427e-06, 6.15887302047e-06, 4.18401623392e-06, 2.1590299184e-06, 1.35209609198e-06, 8.57025781897e-07, 5.4692594631e-07, 3.48478039314e-07, 1.83806648124e-07, 1.06133718702e-07, 5.96729847757e-08, 3.69433656999e-08, 2.60293830934e-08, 1.95691409743e-08],
        "median": [1.04388445834e-05, 2.84222187474e-05, 5.18492925039e-05, 8.38830674184e-05, 9.0207606263e-05, 0.000143864934216, 0.000117424795462, 6.6384425736e-05, 5.64450347156e-05, 5.34299579158e-05, 7.99125773483e-05, 5.37201594852e-05, 3.70534107788e-05, 3.38696008839e-05, 2.34131330217e-05, 1.95024349523e-05, 1.94267176994e-05, 1.8930510123e-05, 1.43606002894e-05, 1.5661424186e-05, 1.72812178789e-05, 1.54295903485e-05, 1.12505467769e-05, 9.27209111978e-06, 8.40187294671e-06, 7.4730724009e-06, 4.44526858701e-06, 3.09528900289e-06, 2.06990807783e-06, 1.0322005437e-06, 5.86348733123e-07, 4.32840295161e-07, 2.77351119848e-07, 1.6702985306e-07, 9.41775937235e-08, 6.09244423799e-08, 4.12227443292e-08, 2.99147657756e-08, 2.39133886026e-08, 1.89739477463e-08],
        "min": [1.7933353241e-23, 8.35576932484e-24, 1.53576592765e-23, 1.37257411442e-23, 1.38705002757e-23, 6.62408947583e-24, 3.62903547647e-24, 3.46546398448e-24, 1.13502285231e-23, 1.26922607831e-23, 2.20269433825e-23, 1.06344366481e-23, 1.09176172026e-23, 7.31540457468e-24, 9.81862115457e-24, 1.22234849234e-23, 7.57101444063e-24, 7.81894711225e-24, 1.12616386546e-23, 9.92635509953e-24, 1.10600665495e-23, 8.05812737213e-24, 6.3420456698e-24, 1.78406115975e-23, 1.33313753782e-23, 1.20520157504e-23, 4.45051775228e-24, 6.59226722134e-24, 7.78250962704e-24, 1.04580323613e-23, 1.01842558176e-23, 1.84306416893e-23, 1.16891736551e-23, 1.13588420953e-23, 1.41843296542e-23, 1.56493232413e-23, 9.34026457911e-24, 9.39132439006e-24, 1.12028700948e-23, 8.53285203198e-24],
        "var": [1.73547998195e-09, 2.36884609706e-08, 1.80611081646e-07, 1.53638353595e-07, 2.57196973052e-07, 7.35374385386e-07, 1.57003864842e-06, 1.6953811155e-07, 1.77859661221e-07, 2.75108106962e-07, 2.83637206167e-07, 2.51454281397e-07, 1.92361582663e-07, 1.47458919741e-07, 5.79012997548e-08, 3.07925951404e-08, 3.18258770449e-08, 2.59571262262e-08, 2.75602136668e-08, 9.89022908016e-09, 1.17190790405e-08, 6.31707530729e-09, 8.9091329869e-09, 1.74343717241e-09, 1.15707876613e-09, 5.63446400648e-10, 2.01464803173e-10, 7.52679724103e-11, 4.27390345337e-11, 1.14575068183e-11, 5.57259186712e-12, 2.20051299231e-12, 1.29644363821e-12, 5.95659209891e-13, 1.29195482437e-13, 2.74612248902e-14, 5.73231791692e-15, 1.39188434948e-15, 1.66574270094e-16, 2.70718876783e-17]
    },
    "mfcc": {
        "mean": [-675.599731445, 127.278755188, -48.8415336609, 18.1735610962, -15.2024431229, -9.43883705139, -8.9728345871, -2.95433688164, -6.86433410645, -4.34344100952, -6.53414964676, -3.85599470139, -1.46744978428],
        "cov": [[4432.98486328, 973.901855469, -1440.10437012, 268.023742676, -443.622711182, -29.3621921539, -84.8464508057, -46.1367492676, -49.2466964722, -11.317278862, -70.3578796387, -12.7301197052, 67.7060546875], [973.901855469, 802.997741699, -24.0430736542, -20.3179130554, -68.4474411011, -138.019454956, 9.57386875153, -46.3270072937, -71.3209152222, -21.715265274, -32.3082389832, -33.6441802979, 6.71530723572], [-1440.10437012, -24.0430736542, 1205.60644531, 125.499588013, 105.550674438, 14.910618782, -59.6445503235, 13.381354332, -62.7787094116, -59.8168983459, -8.75273609161, -19.3278675079, -60.7267684937], [268.023742676, -20.3179130554, 125.499588013, 380.900939941, 54.8287582397, -46.6611671448, -59.0765953064, 10.979724884, 2.95688414574, -35.7032279968, -28.0829620361, 19.2181816101, 10.5932712555], [-443.622711182, -68.4474411011, 105.550674438, 54.8287582397, 206.464492798, -8.24655246735, -0.179256916046, 9.46177005768, 18.1617355347, 7.75963640213, -4.65968561172, 1.93638443947, -2.89096283913], [-29.3621921539, -138.019454956, 14.910618782, -46.6611671448, -8.24655246735, 219.044387817, 46.2000923157, -14.297990799, 0.50820928812, 17.0626716614, 6.80278682709, -20.4549484253, -6.9573392868], [-84.8464508057, 9.57386875153, -59.6445503235, -59.0765953064, -0.179256916046, 46.2000923157, 156.957870483, 19.7086429596, -6.67398071289, 29.6113185883, -0.0486611761153, -7.75605487823, 14.1681556702], [-46.1367492676, -46.3270072937, 13.381354332, 10.979724884, 9.46177005768, -14.297990799, 19.7086429596, 99.1949920654, 43.0427093506, -2.14609670639, 5.81286048889, 9.69675922394, -1.95032382011], [-49.2466964722, -71.3209152222, -62.7787094116, 2.95688414574, 18.1617355347, 0.50820928812, -6.67398071289, 43.0427093506, 98.5578918457, 29.9616565704, 7.70949316025, 11.258559227, -1.47420477867], [-11.317278862, -21.715265274, -59.8168983459, -35.7032279968, 7.75963640213, 17.0626716614, 29.6113185883, -2.14609670639, 29.9616565704, 78.05027771, 26.6233768463, -1.86891174316, 5.84954595566], [-70.3578796387, -32.3082389832, -8.75273609161, -28.0829620361, -4.65968561172, 6.80278682709, -0.0486611761153, 5.81286048889, 7.70949316025, 26.6233768463, 70.4332122803, 29.9469051361, -1.49787569046], [-12.7301197052, -33.6441802979, -19.3278675079, 19.2181816101, 1.93638443947, -20.4549484253, -7.75605487823, 9.69675922394, 11.258559227, -1.86891174316, 29.9469051361, 77.0928192139, 34.6647529602], [67.7060546875, 6.71530723572, -60.7267684937, 10.5932712555, -2.89096283913, -6.9573392868, 14.1681556702, -1.95032382011, -1.47420477867, 5.84954595566, -1.49787569046, 34.6647529602, 83.0618362427]],
