{
"lowlevel": {
    "average_loudness": 0.834910869598,
    "barkbands_crest": {
        "dmean": 2.21872448921,
        "dmean2": 3.66446518898,
        "dvar": 4.03104448318,
        "dvar2": 10.1999607086,
        "max": 26.3626098633,
        "mean": 7.6853518486,
        "median": 6.85077285767,
        "min": 2.32646536827,
        "var": 11.601723671
    },
    "barkbands_flatness_db": {
        "dmean": 0.0181202106178,
        "dmean2": 0.0286243408918,
        "dvar": 0.000241091227508,
        "dvar2": 0.000576159683987,
        "max": 0.326539069414,
        "mean": 0.148537948728,
        "median": 0.1463727355,
        "min": 0.0152132678777,
        "var": 0.00108953122981
    },
    "barkbands_kurtosis": {
        "dmean": 1.60138821602,
        "dmean2": 2.53170752525,
        "dvar": 17.3467140198,
        "dvar2": 38.2001838684,
        "max": 195.698104858,
        "mean": 1.76755166054,
        "median": -0.0554398298264,
        "min": -1.94681668282,
        "var": 42.5345344543
    },
    "barkbands_skewness": {
        "dmean": 0.422142475843,
        "dmean2": 0.643768846989,
        "dvar": 0.210325971246,
        "dvar2": 0.445876985788,
        "max": 12.9065532684,
        "mean": 0.953793466091,
        "median": 0.761772453785,
        "min": -4.13509702682,
        "var": 1.12949037552
    },
    "barkbands_spread": {
        "dmean": 4.71924495697,
        "dmean2": 7.28960227966,
        "dvar": 31.0438117981,
        "dvar2": 66.4191894531,
        "max": 106.423110962,
        "mean": 22.9669284821,
        "median": 21.5511131287,
        "min": 0.991402745247,
        "var": 145.953475952
    },
    "dissonance": {
        "dmean": 0.0162283610553,
        "dmean2": 0.0274968482554,
        "dvar": 0.000243075322942,
        "dvar2": 0.000666631385684,
        "max": 0.500000119209,
        "mean": 0.470528781414,
        "median": 0.47539255023,
        "min": 0.256277740002,
        "var": 0.000496179272886
    },
    "dynamic_complexity": 3.12426233292,
    "erbbands_crest": {
        "dmean": 2.44648098946,
        "dmean2": 4.01740026474,
        "dvar": 5.12215614319,
        "dvar2": 13.0581378937,
        "max": 25.0834846497,
        "mean": 8.09509563446,
        "median": 7.24130058289,
        "min": 2.30452156067,
        "var": 12.020565033
    },
    "erbbands_flatness_db": {
        "dmean": 0.0156950317323,
        "dmean2": 0.0224827583879,
        "dvar": 0.000194017484318,
        "dvar2": 0.000362343766028,
        "max": 0.324915826321,
        "mean": 0.194024607539,
        "median": 0.195169851184,
        "min": 0.0610501803458,
        "var": 0.00134390115272
    },
    "erbbands_kurtosis": {
        "dmean": 0.693504452705,
        "dmean2": 1.09418129921,
        "dvar": 1.42445600033,
        "dvar2": 3.11559343338,
        "max": 39.2308273315,
        "mean": -0.0198430083692,
        "median": -0.438082456589,
        "min": -1.77885103226,
        "var": 3.28765773773
    },
    "erbbands_skewness": {
        "dmean": 0.33586999774,
        "dmean2": 0.511688172817,
        "dvar": 0.104782231152,
        "dvar2": 0.216649830341,
        "max": 5.05144453049,
        "mean": 0.175804689527,
        "median": 0.146329492331,
        "min": -5.63772583008,
        "var": 0.510880291462
    },
    "erbbands_spread": {
        "dmean": 6.481133461,
        "dmean2": 9.96464443207,
        "dvar": 53.8194923401,
        "dvar2": 118.579406738,
        "max": 147.742584229,
        "mean": 34.9965934753,
        "median": 33.0025100708,
        "min": 6.19734239578,
        "var": 200.100296021
    },
    "hfc": {
        "dmean": 5.54149723053,
        "dmean2": 7.76610088348,
        "dvar": 45.9027900696,
        "dvar2": 81.6171417236,
        "max": 114.289398193,
        "mean": 22.8397579193,
        "median": 19.7400779724,
        "min": 1.09426690913e-16,
        "var": 302.995452881
    },
    "melbands_crest": {
        "dmean": 2.9823589325,
        "dmean2": 4.91911077499,
        "dvar": 7.15827131271,
        "dvar2": 17.8842945099,
        "max": 33.8687820435,
        "mean": 10.618270874,
        "median": 9.56404781342,
        "min": 1.02474248409,
        "var": 21.1030235291
    },
    "melbands_flatness_db": {
        "dmean": 0.0203853435814,
        "dmean2": 0.0312902182341,
        "dvar": 0.000381535937777,
        "dvar2": 0.000890202994924,
        "max": 0.388418614864,
        "mean": 0.147189989686,
        "median": 0.138621255755,
        "min": 1.1619417819e-05,
        "var": 0.00236905086786
    },
    "melbands_kurtosis": {
        "dmean": 3.45779848099,
        "dmean2": 5.42900276184,
        "dvar": 77.2582855225,
        "dvar2": 175.28288269,
        "max": 375.920623779,
        "mean": 6.27477264404,
        "median": 2.70035719872,
        "min": -1.91048431396,
        "var": 173.91015625
    },
    "melbands_skewness": {
        "dmean": 0.50681746006,
        "dmean2": 0.782068192959,
        "dvar": 0.312226116657,
        "dvar2": 0.714761435986,
        "max": 15.9644203186,
        "mean": 1.77246439457,
        "median": 1.57391476631,
        "min": -2.20681118965,
        "var": 1.46822857857
    },
    "melbands_spread": {
        "dmean": 8.24961280823,
        "dmean2": 12.513048172,
        "dvar": 150.773498535,
        "dvar2": 266.235748291,
        "max": 260.079467773,
        "mean": 32.6205978394,
        "median": 29.749912262,
        "min": 0.799352169037,
        "var": 504.881286621
    },
    "pitch_salience": {
        "dmean": 0.0642460733652,
        "dmean2": 0.104269988835,
        "dvar": 0.00304877222516,
        "dvar2": 0.00770000275224,
        "max": 0.99763917923,
        "mean": 0.625679075718,
        "median": 0.631416082382,
        "min": 0.103392012417,
        "var": 0.00815196707845
    },
    "silence_rate_20dB": {
        "dmean": 0,
        "dmean2": 0,
        "dvar": 0,
        "dvar2": 0,
        "max": 1,
        "mean": 1,
        "median": 1,
        "min": 1,
        "var": 0
    },
    "silence_rate_30dB": {
        "dmean": 0,
        "dmean2": 0,
        "dvar": 0,
        "dvar2": 0,
        "max": 1,
        "mean": 1,
        "median": 1,
        "min": 1,
        "var": 0
    },
    "silence_rate_60dB": {
        "dmean": 0.0252247415483,
        "dmean2": 0.0503220595419,
        "dvar": 0.0245901215822,
        "dvar2": 0.0526211746037,
        "max": 1,
        "mean": 0.0574188344181,
        "median": 0,
        "min": 0,
        "var": 0.0541208982468
    },
    "spectral_centroid": {
        "dmean": 253.32723999,
        "dmean2": 385.524963379,
        "dvar": 77577.625,
        "dvar2": 152639.3125,
        "max": 11530.0947266,
        "mean": 1691.296875,
        "median": 1732.69799805,
        "min": 236.351470947,
        "var": 436683
    },
    "spectral_complexity": {
        "dmean": 3.35167050362,
        "dmean2": 5.22208786011,
        "dvar": 10.1562681198,
        "dvar2": 21.0235080719,
        "max": 53,
        "mean": 23.0211963654,
        "median": 24,
        "min": 0,
        "var": 121.975341797
    },
    "spectral_decrease": {
        "dmean": 1.27244681458e-09,
        "dmean2": 1.89413662532e-09,
        "dvar": 2.33528017534e-18,
        "dvar2": 5.0733327889e-18,
        "max": 8.1536537256e-29,
        "mean": -4.48156578514e-09,
        "median": -3.9261345286e-09,
        "min": -2.41085338359e-08,
        "var": 9.30726171734e-18
    },
    "spectral_energy": {
        "dmean": 0.00516948103905,
        "dmean2": 0.00765174720436,
        "dvar": 3.74459887098e-05,
        "dvar2": 8.02801368991e-05,
        "max": 0.096899330616,
        "mean": 0.0189861021936,
        "median": 0.0166837852448,
        "min": 1.0157844969e-20,
        "var": 0.000162898912095
    },
    "spectral_energyband_high": {
        "dmean": 0.000338908925187,
        "dmean2": 0.000484410702484,
        "dvar": 3.93224809159e-07,
        "dvar2": 6.43639452846e-07,
        "max": 0.0135981738567,
        "mean": 0.000835142622236,
        "median": 0.000503765419126,
        "min": 7.48694662574e-21,
        "var": 1.24954044622e-06
    },
    "spectral_energyband_low": {
        "dmean": 0.00108589814045,
        "dmean2": 0.00180052674841,
        "dvar": 3.91634466723e-06,
        "dvar2": 9.89785621641e-06,
        "max": 0.0288470983505,
        "mean": 0.00151912099682,
        "median": 0.00072930008173,
        "min": 8.05846721341e-23,
        "var": 5.22840036865e-06
    },
    "spectral_energyband_middle_high": {
        "dmean": 0.00226254900917,
        "dmean2": 0.00334376841784,
        "dvar": 9.15677537705e-06,
        "dvar2": 1.92776242329e-05,
        "max": 0.0580406412482,
        "mean": 0.00787114258856,
        "median": 0.00550386402756,
        "min": 1.26632153033e-21,
        "var": 5.69817857468e-05
    },
    "spectral_energyband_middle_low": {
        "dmean": 0.0036897752434,
        "dmean2": 0.00571271358058,
        "dvar": 2.45802257268e-05,
        "dvar2": 5.75812628085e-05,
        "max": 0.0752703100443,
        "mean": 0.0097046457231,
        "median": 0.00776431104168,
        "min": 2.14543786711e-22,
        "var": 6.2568942667e-05
    },
    "spectral_entropy": {
        "dmean": 0.127353459597,
        "dmean2": 0.182853028178,
        "dvar": 0.0180194973946,
        "dvar2": 0.0348671190441,
        "max": 9.81343364716,
        "mean": 7.6336517334,
        "median": 7.63065719604,
        "min": 6.01489400864,
        "var": 0.0970834121108
    },
    "spectral_flux": {
        "dmean": 0.0173092503101,
        "dmean2": 0.0267053954303,
        "dvar": 0.000302640284644,
        "dvar2": 0.000650935922749,
        "max": 0.242023348808,
        "mean": 0.0767030715942,
        "median": 0.0747556835413,
        "min": 6.62643134808e-11,
        "var": 0.00117273908108
    },
    "spectral_kurtosis": {
        "dmean": 1.48257100582,
        "dmean2": 2.54189562798,
        "dvar": 1.84729683399,
        "dvar2": 5.39466762543,
        "max": 15.6296195984,
        "mean": 3.46727633476,
        "median": 3.21073031425,
        "min": -1.28310513496,
        "var": 3.96799564362
    },
    "spectral_rms": {
        "dmean": 0.000581520143896,
        "dmean2": 0.000842188077513,
        "dvar": 3.37228698299e-07,
        "dvar2": 6.57159887396e-07,
        "max": 0.00972295925021,
        "mean": 0.00402544625103,
        "median": 0.00403445959091,
        "min": 3.14803001375e-12,
        "var": 2.31882654589e-06
    },
    "spectral_rolloff": {
        "dmean": 509.768981934,
        "dmean2": 841.489746094,
        "dvar": 755493.0625,
        "dvar2": 1419391.125,
        "max": 18927.6855469,
        "mean": 2218.02197266,
        "median": 2067.1875,
        "min": 107.666015625,
        "var": 2778532.75
    },
    "spectral_skewness": {
        "dmean": 0.203216180205,
        "dmean2": 0.33033323288,
        "dvar": 0.0315390154719,
        "dvar2": 0.0772352591157,
        "max": 3.22868514061,
        "mean": 1.27116513252,
        "median": 1.23689603806,
        "min": -0.461936354637,
        "var": 0.135241612792
    },
    "spectral_spread": {
        "dmean": 416747.84375,
        "dmean2": 573051.5,
        "dvar": 409957892096,
        "dvar2": 574174986240,
        "max": 41550560,
        "mean": 3913417.5,
        "median": 3543089,
        "min": 1829816.625,
        "var": 2.45787446477e+12
    },
    "spectral_strongpeak": {
        "dmean": 0.73529869318,
        "dmean2": 1.22831583023,
        "dvar": 1.0392292738,
        "dvar2": 2.55065131187,
        "max": 13.0287027359,
        "mean": 1.2866859436,
        "median": 0.787978410721,
        "min": 0,
        "var": 2.03905272484
    },
    "zerocrossingrate": {
        "dmean": 0.00992417056113,
        "dmean2": 0.0113173527643,
        "dvar": 0.000222397473408,
        "dvar2": 0.000209580204682,
        "max": 0.50634765625,
        "mean": 0.0770290195942,
        "median": 0.072265625,
        "min": 0.01025390625,
        "var": 0.00171442353167
    },
    "barkbands": {
        "dmean": [7.38761082175e-06, 0.000148888619151, 0.000510087644216, 0.000944770756178, 0.00124472915195, 0.00130654114764, 0.000800552195869, 0.000668769760523, 0.000808586191852, 0.000940386264119, 0.00060720188776, 0.000338351266691, 0.000428981700679, 0.000302509288304, 0.000572465127334, 0.000392682588426, 0.000372191978386, 0.0003568836255, 0.000205729767913, 0.00020918622613, 9.76377195911e-05, 4.94598098157e-05, 6.77482312312e-05, 7.35833746148e-05, 3.06965193886e-05, 3.67289686665e-07, 1.04786879174e-09],
        "dmean2": [1.28562724058e-05, 0.000261594279436, 0.000880332372617, 0.00153724139091, 0.00201303232461, 0.00214796722867, 0.00128816801589, 0.00104910263326, 0.00127247360069, 0.00151557126082, 0.000974354858045, 0.000535798899364, 0.000688471889589, 0.000487401150167, 0.000907539448235, 0.000632398296148, 0.000592659343965, 0.000573446101043, 0.000327496905811, 0.000319178303471, 0.000156687892741, 7.55355285946e-05, 9.61756522884e-05, 0.000102167599835, 4.15170907218e-05, 5.43008525256e-07, 1.87091453441e-09],
        "dvar": [1.72114655861e-10, 5.79880747864e-08, 8.737912367e-07, 3.74816113435e-06, 3.46753427038e-06, 6.45056661597e-06, 1.66557379089e-06, 1.64980758655e-06, 1.8427268742e-06, 3.0739711292e-06, 2.23400206778e-06, 4.33281513779e-07, 7.5077900874e-07, 3.99094375325e-07, 1.37933011501e-06, 6.17064813468e-07, 4.68328778425e-07, 3.20095125517e-07, 1.00667335801e-07, 1.10362584849e-07, 3.04791214489e-08, 8.7541813798e-09, 5.29456336551e-08, 7.02470188685e-08, 1.1047116999e-08, 2.97602914534e-12, 4.92988627036e-17],
        "dvar2": [4.73422134828e-10, 1.70427313151e-07, 2.44939838012e-06, 9.14518750506e-06, 9.07660341909e-06, 1.74520191649e-05, 4.30692216469e-06, 3.90194145439e-06, 4.30977524957e-06, 7.60044486015e-06, 5.54737425773e-06, 9.87417593024e-07, 1.85754049653e-06, 9.86772306533e-07, 3.38570634995e-06, 1.5137624132e-06, 1.10081271032e-06, 7.8209154708e-07, 2.28371405342e-07, 2.42659695004e-07, 7.20741084592e-08, 1.73923258018e-08, 9.00651713209e-08, 1.15180952776e-07, 1.62891886646e-08, 5.69479229398e-12, 1.25271646567e-16],
        "max": [0.00029275129782, 0.00329590169713, 0.0108606517315, 0.0304792225361, 0.035715367645, 0.0346554554999, 0.0294130854309, 0.0376304797828, 0.024442255497, 0.0282668210566, 0.0272318460047, 0.0171936545521, 0.0185758583248, 0.0134697277099, 0.0212381985039, 0.0133411306888, 0.0211902763695, 0.0122772688046, 0.00837712362409, 0.00549808843061, 0.00337175512686, 0.00215640012175, 0.00818272307515, 0.00746982544661, 0.00302064907737, 5.52769015485e-05, 4.02763504326e-07],
        "mean": [7.4459235293e-06, 0.000172746309545, 0.000620451639406, 0.00121512147598, 0.00222562206909, 0.00199411879294, 0.00133223994635, 0.00119477475528, 0.00136155437212, 0.00147790787742, 0.000957221898716, 0.000570513948333, 0.000731536420062, 0.000501524249557, 0.00102644844446, 0.000674709444866, 0.000692138099112, 0.000709681597073, 0.000450088147772, 0.000470207654871, 0.000194130203454, 0.000103381506051, 0.000125598104205, 0.000128564803163, 4.7953966714e-05, 4.02028462076e-07, 1.2071864619e-09],
        "median": [3.06029232888e-06, 8.61914086272e-05, 0.000303233246086, 0.000428896135418, 0.00147097790614, 0.00100650906097, 0.000734503963031, 0.000559481559321, 0.000641729217023, 0.000544797047041, 0.000248537253356, 0.00022991959122, 0.000289906398393, 0.000172002066392, 0.00031469197711, 0.000300089886878, 0.000385536928661, 0.000445650104666, 0.000298887549434, 0.000236897467403, 9.62585763773e-05, 5.02221810166e-05, 4.9448615755e-05, 4.34579415014e-05, 1.0573153304e-05, 1.18219345424e-09, 2.50055615103e-10],
        "min": [7.73079900584e-24, 1.80562877467e-23, 4.29179365278e-23, 1.28260870914e-23, 1.924337037e-23, 3.91552214712e-23, 2.34369296986e-23, 1.33658659547e-23, 6.12119648632e-23, 2.78800830399e-23, 5.41332319707e-23, 6.47005980869e-23, 5.0035219475e-23, 7.82384357189e-23, 1.14822945671e-22, 1.27569524261e-22, 1.37512062053e-22, 1.20404407944e-22, 1.84315419373e-22, 2.54218996892e-22, 2.59475107684e-22, 5.37571573648e-22, 4.66952947361e-22, 6.09614087558e-22, 1.04668558967e-21, 1.52276529168e-21, 2.02701517874e-21],
        "var": [1.60270616223e-10, 6.13442452391e-08, 8.88967861101e-07, 5.11694861416e-06, 6.54857421978e-06, 8.82553558768e-06, 3.12179827233e-06, 3.78192794415e-06, 3.96541645387e-06, 6.39572954242e-06, 4.87219585921e-06, 9.86355530586e-07, 1.50432356349e-06, 8.39783410811e-07, 3.57935505235e-06, 1.20361539757e-06, 1.18267519156e-06, 7.282458796e-07, 2.9014285019e-07, 3.54887532694e-07, 6.85913050802e-08, 2.19586109296e-08, 1.19761836004e-07, 1.71797012172e-07, 2.74059033245e-08, 4.62593765377e-12, 4.92555846139e-17]
    },
    "erbbands": {
        "dmean": [0.00291058374569, 0.0429428741336, 0.408145934343, 2.18806266785, 3.13718748093, 4.8683052063, 7.02998590469, 12.1216726303, 10.8636875153, 11.8446912766, 14.7512788773, 19.5523662567, 22.581035614, 31.8467960358, 17.3016719818, 13.2478923798, 19.048997879, 13.8959550858, 25.7421531677, 21.7384319305, 20.8417892456, 18.781829834, 19.8691101074, 12.5922107697, 8.9725522995, 10.2399845123, 5.60203123093, 2.6068406105, 1.82023859024, 1.78472459316, 1.97762465477, 1.79086887836, 1.09819793701, 0.493722498417, 0.140967816114, 0.00839227344841, 0.000257578241872, 1.97970894078e-05, 5.32545709575e-06, 6.57639566271e-06],
        "dmean2": [0.00490103941411, 0.0758369341493, 0.701882600784, 3.56410622597, 5.12955713272, 7.89592266083, 11.4475011826, 20.2280635834, 17.5380973816, 19.0410823822, 23.0502243042, 30.6337985992, 36.4634780884, 51.1261520386, 27.2667884827, 20.8982906342, 30.3447151184, 22.227602005, 40.2695884705, 34.9049720764, 33.1028671265, 29.5535831451, 31.8566951752, 19.9116897583, 14.0929889679, 15.6834754944, 8.77575874329, 4.22711896896, 2.81069803238, 2.61522197723, 2.81353783607, 2.50970816612, 1.54886233807, 0.669709444046, 0.190654158592, 0.0113091850653, 0.000341155158821, 2.57208539551e-05, 7.16570866643e-06, 9.54210736381e-06],
        "dvar": [2.72076649708e-05, 0.00466782879084, 0.531551659107, 19.0719203949, 31.7552108765, 63.7798652649, 153.898239136, 653.997009277, 277.720977783, 537.755737305, 747.021362305, 1094.51733398, 2099.61499023, 4175.12011719, 1264.03259277, 627.518737793, 1413.0567627, 785.164245605, 2768.71142578, 2116.90966797, 1787.83764648, 1348.81335449, 1059.39025879, 433.824890137, 173.404373169, 304.63494873, 99.5227355957, 20.7404632568, 11.8105735779, 20.173034668, 52.0791091919, 40.7944564819, 16.4174785614, 2.92931032181, 0.254703253508, 0.000940963975154, 7.9305749523e-07, 4.00290156577e-09, 1.13789568046e-10, 5.85418519217e-11],
        "dvar2": [7.38732051104e-05, 0.0138285104185, 1.49023091793, 45.6802444458, 81.3469772339, 166.516159058, 399.805114746, 1798.30749512, 706.561706543, 1347.22644043, 1819.32250977, 2590.96777344, 5210.54736328, 10637.9443359, 2933.97827148, 1474.81335449, 3470.4675293, 1989.31481934, 6538.43408203, 5215.93994141, 4261.44775391, 3165.69140625, 2606.51000977, 950.382995605, 416.940216064, 682.706970215, 227.980209351, 51.929901123, 24.9369449615, 36.7260856628, 92.0455322266, 65.9887924194, 28.1480808258, 4.51553058624, 0.402851194143, 0.00144334556535, 1.14201793622e-06, 5.40450262321e-09, 1.61711075086e-10, 1.18934681548e-10],
        "max": [0.0764861553907, 1.00939917564, 9.57736778259, 72.5970535278, 104.922637939, 167.410675049, 226.182861328, 364.862030029, 240.861206055, 681.330322266, 591.776794434, 644.569274902, 849.48449707, 1098.48242188, 747.125915527, 506.780944824, 776.823608398, 767.286743164, 1167.39172363, 833.238098145, 863.078796387, 1349.68457031, 766.67779541, 561.945800781, 256.806671143, 316.273193359, 221.006362915, 87.4605560303, 80.2558059692, 118.724945068, 261.124145508, 232.688247681, 114.038383484, 51.7747612, 13.2318153381, 0.835548758507, 0.0238208603114, 0.00143954181112, 0.00024419563124, 0.000115147769975],
        "mean": [0.00341496150941, 0.0522380657494, 0.532914280891, 2.91596055031, 4.82129669189, 8.19921588898, 12.0428524017, 17.2919235229, 18.6426010132, 21.7146873474, 26.100687027, 34.2686805725, 38.0575294495, 52.5290908813, 30.2764911652, 24.5931873322, 33.6933097839, 26.4619197845, 48.767616272, 41.6736450195, 39.8647003174, 37.9148521423, 40.2629623413, 28.6410179138, 21.5989608765, 22.8126411438, 12.1430168152, 5.30729532242, 3.77581071854, 3.54219150543, 3.56509566307, 3.07500839233, 1.85597705841, 0.797976911068, 0.204916536808, 0.0118005378172, 0.000398992415285, 3.74065275537e-05, 1.72867512447e-05, 2.53089110629e-05],
        "median": [0.00143188494258, 0.0281696021557, 0.270185172558, 1.09590053558, 2.62251472473, 4.85421419144, 6.07147979736, 8.279504776, 10.6672439575, 11.0657920837, 13.8158111572, 17.1649780273, 16.5179977417, 17.896736145, 11.7376461029, 11.5447483063, 14.5098628998, 11.8950605392, 16.9973335266, 17.8387184143, 21.0556583405, 21.9950752258, 25.8974304199, 19.4788131714, 14.4340515137, 11.4700107574, 6.21220970154, 2.874355793, 1.80545139313, 1.57549214363, 1.37567603588, 1.05003452301, 0.599807083607, 0.205687880516, 0.0294240023941, 0.00150167744141, 8.56573315104e-05, 1.44901187014e-05, 1.3596268218e-05, 2.26535521506e-05],
        "min": [5.68693739324e-22, 4.83220173043e-21, 4.16989533918e-20, 5.09966831967e-20, 6.20797434134e-20, 6.82492893992e-20, 9.86116258672e-20, 2.16348430054e-19, 2.32120037224e-19, 4.50520767001e-19, 5.55173435053e-19, 9.66288403347e-19, 6.00609535523e-19, 1.45728358301e-18, 1.80842650933e-18, 3.17922897968e-18, 2.9542257201e-18, 3.12023218364e-18, 5.14645183274e-18, 4.5148932312e-18, 5.72736464691e-18, 8.09134757592e-18, 5.54094377944e-18, 6.97395478135e-18, 1.05075404908e-17, 1.08797717665e-17, 1.29173508801e-17, 1.45731158307e-17, 2.27653041679e-17, 1.93733061367e-17, 1.48874527353e-17, 1.34171011462e-17, 1.04555397816e-17, 1.23073167589e-17, 5.76540502892e-18, 5.56481042166e-18, 3.14011140172e-18, 1.30917368901e-18, 2.97824699339e-19, 2.63493666614e-20],
        "var": [2.96476991934e-05, 0.00505000492558, 0.578483223915, 26.7670288086, 47.30128479, 111.917282104, 344.093261719, 747.891357422, 550.438598633, 1104.48706055, 1424.83410645, 2447.53637695, 4047.57446289, 9185.66796875, 2875.52514648, 1527.78295898, 2909.8425293, 1713.77746582, 7346.99267578, 4986.01611328, 3770.40991211, 3440.88647461, 2426.09375, 1174.46594238, 574.006774902, 881.330078125, 255.920806885, 41.9925460815, 29.6303520203, 44.2475624084, 112.76751709, 104.20350647, 36.6044921875, 6.98344993591, 0.595338046551, 0.00214163330384, 1.93123423742e-06, 1.08345510341e-08, 3.75263514707e-10, 2.85763412933e-10]
    },
    "gfcc": {
        "mean": [-20.3415699005, 104.865631104, -167.957748413, 41.8631362915, -84.0846939087, 4.92610263824, -49.0334625244, 2.79408097267, -20.0896835327, -19.8776035309, -3.7614865303, -20.8858394623, 1.98022735119],
        "cov": [[4798.2734375, 119.264656067, -1079.80285645, 71.7335128784, -258.158691406, 51.1763687134, 15.9119167328, -188.925064087, 27.3463764191, -166.490539551, 110.667434692, -208.415740967, 117.037277222], [119.264656067, 948.701538086, -28.7952232361, 33.658115387, 117.858200073, -226.840057373, 108.706672668, -93.5115661621, 71.6327209473, -124.832618713, 86.4433135986, -95.960357666, 37.2262763977], [-1079.80285645, -28.7952232361, 1257.62060547, 112.125770569, -33.5919952393, 98.7659606934, -259.779541016, 242.013259888, -167.825164795, 138.358108521, -149.814819336, 127.434135437, -90.8706665039], [71.7335128784, 33.658115387, 112.125770569, 197.699417114, 26.1852798462, -2.78459692001, 5.5642619133, -11.3551797867, 18.3125, -25.3497982025, -11.2232122421, 6.90692853928, -9.96112346649], [-258.158691406, 117.858200073, -33.5919952393, 26.1852798462, 182.345596313, -9.96052646637, 46.0901451111, 12.1704616547, -4.00127506256, 2.24910974503, -9.67384052277, -15.2125492096, 0.42029979825], [51.1763687134, -226.840057373, 98.7659606934, -2.78459692001, -9.96052646637, 204.573287964, 10.7439012527, 20.7145023346, -45.7541313171, 34.7158622742, -35.7787590027, 15.7300767899, -23.3372383118], [15.9119167328, 108.706672668, -259.779541016, 5.5642619133, 46.0901451111, 10.7439012527, 192.498428345, -75.4308700562, 58.177936554, -45.7768821716, 46.4521560669, -36.0651512146, 6.80097389221], [-188.925064087, -93.5115661621, 242.013259888, -11.3551797867, 12.1704616547, 20.7145023346, -75.4308700562, 188.553695679, -34.864616394, 68.0285263062, -50.0723609924, 29.8743572235, -11.8470525742], [27.3463764191, 71.6327209473, -167.825164795, 18.3125, -4.00127506256, -45.7541313171, 58.177936554, -34.864616394, 145.294494629, -35.9106712341, 38.6293678284, -17.9724578857, 14.4544563293], [-166.490539551, -124.832618713, 138.358108521, -25.3497982025, 2.24910974503, 34.7158622742, -45.7768821716, 68.0285263062, -35.9106712341, 124.419425964, -19.3130378723, 32.9772567749, -19.6293582916], [110.667434692, 86.4433135986, -149.814819336, -11.2232122421, -9.67384052277, -35.7787590027, 46.4521560669, -50.0723609924, 38.6293678284, -19.3130378723, 103.197341919, -10.3282880783, 18.3474807739], [-208.415740967, -95.960357666, 127.434135437, 6.90692853928, -15.2125492096, 15.7300767899, -36.0651512146, 29.8743572235, -17.9724578857, 32.9772567749, -10.3282880783, 85.9902191162, 0.576774716377], [117.037277222, 37.2262763977, -90.8706665039, -9.96112346649, 0.42029979825, -23.3372383118, 6.80097389221, -11.8470525742, 14.4544563293, -19.6293582916, 18.3474807739, 0.576774716377, 71.9222717285]],
        "icov": [[0.000582850712817, -0.000772446044721, 0.00122743705288, -0.00116974231787, 0.00141836993862, -0.00134611537214, 0.00130731251556, -0.000646646425594, 0.000709781423211, -0.000299510691548, 0.00017620640574, 0.000380817131372, -0.000107446598122], [-0.000772446044721, 0.00393110793084, -0.00326224649325, 0.00232261535712, -0.00349421054125, 0.00475018611178, -0.0035536843352, 0.00192816939671, -0.00119398860261, 0.00196887971833, -0.00184675049968, 0.0022964074742, -0.00113234319724], [0.00122743705288, -0.00326224649325, 0.0053869751282, -0.00406007189304, 0.00409488379955, -0.00475627789274, 0.00506277848035, -0.00324019952677, 0.00256452104077, -0.00167467398569, 0.00185376929585, -0.00209116982296, 0.00192673318088], [-0.00116974231787, 0.00232261535712, -0.00406007189304, 0.00890743453056, -0.00445605581626, 0.00349885853939, -0.00347047112882, 0.00270260567777, -0.00303375557996, 0.00266011664644, -0.000392959162127, -0.000467280187877, 0.000179663387826], [0.00141836993862, -0.00349421054125, 0.00409488379955, -0.00445605581626, 0.0109712416306, -0.00394828338176, 0.0017200462753, -0.00331626203842, 0.00305270217359, -0.00250639743172, 0.002547937911, 0.000269457930699, 5.31800360477e-05], [-0.00134611537214, 0.00475018611178, -0.00475627789274, 0.00349885853939, -0.00394828338176, 0.0123573867604, -0.00716330716386, 0.00266800425015, -0.000239952947595, 0.000962100515608, -0.000154361870955, 0.0014800359495, -0.000304984219838], [0.00130731251556, -0.0035536843352, 0.00506277848035, -0.00347047112882, 0.0017200462753, -0.00716330716386, 0.0136738196015, -0.000924166233744, -0.000262446759734, -0.000439486320829, -0.000747620768379, -0.000339924794389, 0.00197456823662], [-0.000646646425594, 0.00192816939671, -0.00324019952677, 0.00270260567777, -0.00331626203842, 0.00266800425015, -0.000924166233744, 0.00998118054122, -0.00199725548737, -0.00209274585359, 0.00125043210573, 0.000784928794019, -0.00154374237172], [0.000709781423211, -0.00119398860261, 0.00256452104077, -0.00303375557996, 0.00305270217359, -0.000239952947595, -0.000262446759734, -0.00199725548737, 0.0106207728386, 0.000207267876249, -0.000959247816354, 2.35615407291e-05, 4.97014298162e-05], [-0.000299510691548, 0.00196887971833, -0.00167467398569, 0.00266011664644, -0.00250639743172, 0.000962100515608, -0.000439486320829, -0.00209274585359, 0.000207267876249, 0.0132179269567, -0.0022976542823, -0.00165184424259, 0.00190974958241], [0.00017620640574, -0.00184675049968, 0.00185376929585, -0.000392959162127, 0.002547937911, -0.000154361870955, -0.000747620768379, 0.00125043210573, -0.000959247816354, -0.0022976542823, 0.014715927653, -0.00216351728886, -0.00100246188231], [0.000380817131372, 0.0022964074742, -0.00209116982296, -0.000467280187877, 0.000269457930699, 0.0014800359495, -0.000339924794389, 0.000784928794019, 2.35615407291e-05, -0.00165184424259, -0.00216351728886, 0.0180179756135, -0.00392315117642], [-0.000107446598122, -0.00113234319724, 0.00192673318088, 0.000179663387826, 5.31800360477e-05, -0.000304984219838, 0.00197456823662, -0.00154374237172, 4.97014298162e-05, 0.00190974958241, -0.00100246188231, -0.00392315117642, 0.0173822082579]]
    },
    "melbands": {
        "dmean": [3.28800379066e-05, 0.000156445981702, 0.000375564850401, 0.000283832661808, 0.00022916868329, 0.000261197914369, 0.000168561557075, 0.00013000171748, 0.000119966636703, 0.000127431572764, 0.000117015049909, 0.000135299356771, 6.75123956171e-05, 4.09378299082e-05, 3.63204053428e-05, 4.50471889053e-05, 2.63868350885e-05, 4.0702176193e-05, 4.27110753662e-05, 2.69906831818e-05, 2.64249683823e-05, 2.26263746299e-05, 1.93710238818e-05, 1.77221263584e-05, 1.09950642582e-05, 7.9618912423e-06, 7.12547580406e-06, 7.55919290896e-06, 4.65509447167e-06, 2.32931552091e-06, 1.45761271142e-06, 1.14146109809e-06, 1.00477757314e-06, 1.10877977022e-06, 1.16962598895e-06, 1.28955639411e-06, 1.08814299438e-06, 8.36864614939e-07, 6.49334538139e-07, 3.86284568776e-07],
        "dmean2": [5.71609416511e-05, 0.00027123541804, 0.000611085270066, 0.000461137940874, 0.000371068017557, 0.000432961736806, 0.000271130382316, 0.000207315970329, 0.000188127552974, 0.000200453359867, 0.000188955367776, 0.000217105087359, 0.000107652173028, 6.39870049781e-05, 5.72220196773e-05, 7.26232319721e-05, 4.25619182352e-05, 6.36605764157e-05, 6.77453208482e-05, 4.34172980022e-05, 4.19892676291e-05, 3.59844561899e-05, 3.1155974284e-05, 2.88680621452e-05, 1.74980650627e-05, 1.2904990399e-05, 1.1172079212e-05, 1.17224508358e-05, 7.33564093025e-06, 3.81958670914e-06, 2.39229325416e-06, 1.81870586857e-06, 1.53487746957e-06, 1.648442435e-06, 1.69281599938e-06, 1.87603359336e-06, 1.55490999987e-06, 1.21689822663e-06, 9.1414489134e-07, 5.33761010502e-07],
        "dvar": [3.05507419363e-09, 7.56812497116e-08, 5.34140156105e-07, 2.08745447594e-07, 1.35321030825e-07, 2.82120481643e-07, 6.55743477296e-08, 6.41703792326e-08, 4.87523301729e-08, 4.62924347744e-08, 5.61271598087e-08, 7.14749859299e-08, 2.36027570821e-08, 6.23100726571e-09, 5.49669731953e-09, 9.56934975704e-09, 3.05002645362e-09, 7.19327442056e-09, 9.90311210813e-09, 2.96513391618e-09, 3.25746696284e-09, 2.35717889652e-09, 1.05823849683e-09, 9.24239629274e-10, 3.60934365728e-10, 1.41726005931e-10, 1.44767961507e-10, 1.8874724006e-10, 7.37592140143e-11, 1.92958860695e-11, 7.23162892416e-12, 4.74069698428e-12, 4.40621801198e-12, 8.71855452417e-12, 1.63507072465e-11, 2.56725543601e-11, 1.49323262089e-11, 9.20722352526e-12, 6.51913722657e-12, 1.67538021217e-12],
        "dvar2": [8.82972273075e-09, 2.15566444695e-07, 1.29888405809e-06, 5.40324492704e-07, 3.55794753659e-07, 7.71133215949e-07, 1.66487950537e-07, 1.54990885903e-07, 1.18853243691e-07, 1.09211420352e-07, 1.3892504569e-07, 1.80474842182e-07, 5.65597240154e-08, 1.39507445596e-08, 1.29360584467e-08, 2.46061624409e-08, 7.72695951667e-09, 1.68865579298e-08, 2.45073774607e-08, 7.36915994892e-09, 7.68007080154e-09, 5.50277023947e-09, 2.56403698273e-09, 2.30677743573e-09, 7.89998566564e-10, 3.61230378942e-10, 3.33888805493e-10, 4.3685469131e-10, 1.72800176945e-10, 4.76446243569e-11, 1.86830498988e-11, 1.08228937964e-11, 9.08255068377e-12, 1.6426554561e-11, 2.99779367996e-11, 4.50424350595e-11, 2.65920688247e-11, 1.71892344109e-11, 1.19103442386e-11, 2.67945518204e-12],
        "max": [0.000745885132346, 0.0037749952171, 0.0110552087426, 0.00790682341903, 0.00656521040946, 0.00731084635481, 0.00364534952678, 0.00852167792618, 0.00415837857872, 0.00435323268175, 0.0041918028146, 0.00454930169508, 0.00290848780423, 0.00208050222136, 0.00208970787935, 0.00201510475017, 0.00133987504523, 0.00193034985568, 0.00237897806801, 0.000878434744664, 0.00118061620742, 0.00191490887664, 0.000798595603555, 0.000743343960494, 0.000515843217727, 0.000196901746676, 0.000192757346667, 0.00027653426514, 0.000198381749215, 0.00010077925981, 6.61711965222e-05, 4.76513960166e-05, 5.33154052391e-05, 7.70318147261e-05, 0.000133053967147, 0.000192907114979, 0.000135137175675, 8.72807140695e-05, 7.87106328062e-05, 3.33220123139e-05],
        "mean": [3.84670893254e-05, 0.000203452989808, 0.00053160765674, 0.000477198773297, 0.00041203017463, 0.000383319304092, 0.000289205665467, 0.000242472626269, 0.000207048098673, 0.00021488739003, 0.000190042119357, 0.000216808301047, 0.000110964923806, 6.95736453054e-05, 6.23200976406e-05, 7.51470579416e-05, 4.4012995204e-05, 7.19406889402e-05, 7.54338834668e-05, 4.56989982922e-05, 4.62971474917e-05, 4.05051541748e-05, 3.60757294402e-05, 3.38686877512e-05, 2.2067952159e-05, 1.64455777849e-05, 1.52032162077e-05, 1.50641135406e-05, 8.87494479684e-06, 4.28542307418e-06, 2.58121463048e-06, 2.17495357901e-06, 1.87984721833e-06, 2.00656859306e-06, 2.0130419216e-06, 2.11989799936e-06, 1.76445848865e-06, 1.33977096084e-06, 1.02035869531e-06, 5.78019296427e-07],
        "median": [1.84520285984e-05, 0.00010717468831, 0.000239612825681, 0.000288967130473, 0.000236355830566, 0.000186195538845, 0.000165555989952, 0.000122950150399, 0.000107432606455, 0.000101108074887, 7.42866686778e-05, 6.98508374626e-05, 3.47375607817e-05, 2.90171992674e-05, 2.56901748799e-05, 2.89626896119e-05, 1.69664890564e-05, 2.31799458561e-05, 2.20024230657e-05, 2.07318880712e-05, 2.2874239221e-05, 2.09829304367e-05, 2.07688790397e-05, 2.12389277294e-05, 1.36610187838e-05, 1.07369405669e-05, 7.90914873505e-06, 6.85186159899e-06, 3.95086681237e-06, 2.12556960832e-06, 1.31119031721e-06, 9.7371753327e-07, 8.43048837851e-07, 8.07342132703e-07, 7.57472207624e-07, 6.99994814113e-07, 5.62344666832e-07, 4.2947658585e-07, 2.87238009378e-07, 1.24642070887e-07],
        "min": [6.79127986722e-24, 1.67205931951e-23, 9.17817890664e-24, 5.60241639038e-24, 3.234093842e-24, 5.47169779965e-24, 4.68504886041e-24, 5.29881972114e-24, 6.68502345873e-24, 6.50911260446e-24, 2.87949731522e-24, 5.26691660841e-24, 5.86688398101e-24, 7.87512899706e-24, 5.87245452229e-24, 4.71787375711e-24, 6.45969165204e-24, 7.42223606277e-24, 5.39184693225e-24, 9.10944624483e-24, 5.04785900693e-24, 8.12868861352e-24, 6.51567277175e-24, 5.20332061438e-24, 5.29891201786e-24, 6.44873042976e-24, 5.67468906551e-24, 7.19716379131e-24, 9.53874277173e-24, 6.36793016826e-24, 9.1341588904e-24, 1.2661222262e-23, 7.8490500444e-24, 8.27460184858e-24, 7.43879030886e-24, 9.41589267409e-24, 6.46753766261e-24, 6.21786003066e-24, 1.00862453721e-23, 9.48757883113e-24],
        "var": [3.17232684566e-09, 8.06688476018e-08, 7.59167164688e-07, 3.674595348e-07, 3.18767092722e-07, 3.42861170566e-07, 1.31455607288e-07, 1.47712100329e-07, 8.95770853049e-08, 1.02040935701e-07, 1.08493502182e-07, 1.55897822651e-07, 5.10322664127e-08, 1.43969289823e-08, 1.15813447721e-08, 1.7303747768e-08, 6.1064997503e-09, 1.8383875755e-08, 2.65085180473e-08, 5.79132075629e-09, 6.38924024798e-09, 5.50376366704e-09, 2.23999441218e-09, 1.82320014641e-09, 8.81349437876e-10, 3.5957392619e-10, 4.03178240793e-10, 4.64678212575e-10, 1.69624286839e-10, 3.61004212635e-11, 1.20579475224e-11, 1.11666812949e-11, 9.08688835982e-12, 1.78297550335e-11, 3.36181672778e-11, 5.74886666049e-11, 3.48053773302e-11, 1.89227574582e-11, 1.28844140218e-11, 3.84324473288e-12]
    },
    "mfcc": {
        "mean": [-634.358093262, 108.566329956, -21.2795581818, 16.5913238525, -6.17092227936, -13.6527757645, -9.54923915863, -0.528286993504, -9.01632213593, -0.270079642534, -10.8346138, -3.81377768517, -7.45262813568],
        "cov": [[5197.31933594, -291.483734131, -941.577514648, -212.231842041, -340.931610107, 70.3560256958, -30.9812488556, -51.7373466492, -105.069145203, 84.8903274536, -173.09262085, -14.4622764587, -77.0560073853], [-291.483734131, 830.766967773, 8.29248809814, 187.145294189, 32.2309684753, -84.1606369019, 11.6996908188, -7.67392444611, -25.459602356, 15.1236953735, -4.31856060028, -17.0471630096, -11.0554628372], [-941.577514648, 8.29248809814, 974.717285156, 68.1770935059, 219.051101685, -62.8521995544, -4.58442401886, 0.571965694427, 32.4696044922, -85.6241455078, 62.5580329895, -13.6834192276, 37.7949485779], [-212.231842041, 187.145294189, 68.1770935059, 254.231887817, 56.7634544373, -20.004076004, -20.0961151123, 17.2782001495, 9.72536182404, -16.1520690918, 3.80492687225, 8.58686447144, 13.6260795593], [-340.931610107, 32.2309684753, 219.051101685, 56.7634544373, 199.227798462, -53.6647987366, 17.4306507111, -6.65722703934, 39.1954040527, -16.2231884003, 17.1915092468, -15.2367725372, 17.9427833557], [70.3560256958, -84.1606369019, -62.8521995544, -20.004076004, -53.6647987366, 198.52116394, 32.913192749, 30.4968357086, -13.3690872192, 4.47409725189, 2.18408060074, -2.19409441948, -23.4140911102], [-30.9812488556, 11.6996908188, -4.58442401886, -20.0961151123, 17.4306507111, 32.913192749, 141.456512451, -0.58444839716, 6.44575643539, 3.10134387016, 12.7269248962, -10.6507949829, -6.11603450775], [-51.7373466492, -7.67392444611, 0.571965694427, 17.2782001495, -6.65722703934, 30.4968357086, -0.58444839716, 95.8865814209, 14.1909599304, 10.4192428589, -8.57732868195, 8.36822509766, -3.45302295685], [-105.069145203, -25.459602356, 32.4696044922, 9.72536182404, 39.1954040527, -13.3690872192, 6.44575643539, 14.1909599304, 95.4460372925, 10.4338741302, 17.6308097839, -12.3691749573, 5.59915018082], [84.8903274536, 15.1236953735, -85.6241455078, -16.1520690918, -16.2231884003, 4.47409725189, 3.10134387016, 10.4192428589, 10.4338741302, 95.4048233032, -3.05918574333, 5.68077659607, -12.8713064194], [-173.09262085, -4.31856060028, 62.5580329895, 3.80492687225, 17.1915092468, 2.18408060074, 12.7269248962, -8.57732868195, 17.6308097839, -3.05918574333, 89.7207565308, 11.5707015991, 12.8368034363], [-14.4622764587, -17.0471630096, -13.6834192276, 8.58686447144, -15.2367725372, -2.19409441948, -10.6507949829, 8.36822509766, -12.3691749573, 5.68077659607, 11.5707015991, 76.8009719849, 18.663690567], [-77.0560073853, -11.0554628372, 37.7949485779, 13.6260795593, 17.9427833557, -23.4140911102, -6.11603450775, -3.45302295685, 5.59915018082, -12.8713064194, 12.8368034363, 18.663690567, 67.7362060547]],
