{
"lowlevel": {
    "average_loudness": 0.422422111034,
    "barkbands_crest": {
        "dmean": 2.32812476158,
        "dmean2": 3.76789140701,
        "dvar": 4.40658903122,
        "dvar2": 11.1698255539,
        "max": 26.4112377167,
        "mean": 9.56182193756,
        "median": 8.51848983765,
        "min": 2.80803346634,
        "var": 18.782781601
    },
    "barkbands_flatness_db": {
        "dmean": 0.0190229490399,
        "dmean2": 0.0318202264607,
        "dvar": 0.000288568553515,
        "dvar2": 0.000761277857237,
        "max": 0.439324259758,
        "mean": 0.205156520009,
        "median": 0.196893870831,
        "min": 0.0463851541281,
        "var": 0.00213418668136
    },
    "barkbands_kurtosis": {
        "dmean": 2.37956523895,
        "dmean2": 3.76043462753,
        "dvar": 19.7801399231,
        "dvar2": 45.4379959106,
        "max": 172.673782349,
        "mean": 4.15238904953,
        "median": 1.31764912605,
        "min": -1.91372454166,
        "var": 87.2484512329
    },
    "barkbands_skewness": {
        "dmean": 0.458777248859,
        "dmean2": 0.703477263451,
        "dvar": 0.223077788949,
        "dvar2": 0.510457396507,
        "max": 8.40930557251,
        "mean": 1.4019292593,
        "median": 1.26629400253,
        "min": -3.13090419769,
        "var": 1.37160730362
    },
    "barkbands_spread": {
        "dmean": 3.84666371346,
        "dmean2": 5.90475893021,
        "dvar": 27.16355896,
        "dvar2": 54.5163841248,
        "max": 90.3470993042,
        "mean": 17.4393501282,
        "median": 15.2935037613,
        "min": 0.289868026972,
        "var": 125.559638977
    },
    "dissonance": {
        "dmean": 0.020569883287,
        "dmean2": 0.0347644947469,
        "dvar": 0.000430592393968,
        "dvar2": 0.00120494025759,
        "max": 0.500000119209,
        "mean": 0.454926520586,
        "median": 0.463613569736,
        "min": 0.149626895785,
        "var": 0.00151317380369
    },
    "dynamic_complexity": 3.71904397011,
    "erbbands_crest": {
        "dmean": 2.4742128849,
        "dmean2": 3.99827980995,
        "dvar": 5.49232721329,
        "dvar2": 12.6519966125,
        "max": 29.0644721985,
        "mean": 9.63499450684,
        "median": 8.42621707916,
        "min": 2.4974386692,
        "var": 21.0754203796
    },
    "erbbands_flatness_db": {
        "dmean": 0.0138881281018,
        "dmean2": 0.021022669971,
        "dvar": 0.000176172834472,
        "dvar2": 0.000366822670912,
        "max": 0.478493750095,
        "mean": 0.240238875151,
        "median": 0.238499194384,
        "min": 0.0836603492498,
        "var": 0.00179727282375
    },
    "erbbands_kurtosis": {
        "dmean": 0.935317754745,
        "dmean2": 1.45625638962,
        "dvar": 3.06212878227,
        "dvar2": 6.61453485489,
        "max": 78.9166107178,
        "mean": 0.67431896925,
        "median": -0.269992113113,
        "min": -1.89568841457,
        "var": 17.6370582581
    },
    "erbbands_skewness": {
        "dmean": 0.345200389624,
        "dmean2": 0.523313581944,
        "dvar": 0.117424674332,
        "dvar2": 0.242906287313,
        "max": 6.54041385651,
        "mean": 0.485486716032,
        "median": 0.414842247963,
        "min": -3.87529087067,
        "var": 0.842414140701
    },
    "erbbands_spread": {
        "dmean": 5.95609378815,
        "dmean2": 9.11104011536,
        "dvar": 44.429309845,
        "dvar2": 99.4749984741,
        "max": 123.288520813,
        "mean": 32.7538986206,
        "median": 31.1484928131,
        "min": 0.905022144318,
        "var": 216.704177856
    },
    "hfc": {
        "dmean": 3.68766093254,
        "dmean2": 5.26466226578,
        "dvar": 48.2641029358,
        "dvar2": 90.0638275146,
        "max": 129.909408569,
        "mean": 13.9726266861,
        "median": 7.45166778564,
        "min": 1.11373384384e-16,
        "var": 277.042755127
    },
    "melbands_crest": {
        "dmean": 2.93761992455,
        "dmean2": 4.82013511658,
        "dvar": 7.12864112854,
        "dvar2": 18.4858818054,
        "max": 33.9131507874,
        "mean": 12.2889766693,
        "median": 11.1220741272,
        "min": 1.64059376717,
        "var": 27.5057792664
    },
    "melbands_flatness_db": {
        "dmean": 0.0204404518008,
        "dmean2": 0.032435093075,
        "dvar": 0.000421085453127,
        "dvar2": 0.000986384460703,
        "max": 0.487812101841,
        "mean": 0.228338062763,
        "median": 0.222382366657,
        "min": 0.00395899126306,
        "var": 0.00411703810096
    },
    "melbands_kurtosis": {
        "dmean": 4.46447467804,
        "dmean2": 7.06752490997,
        "dvar": 61.4755516052,
        "dvar2": 147.309753418,
        "max": 241.978973389,
        "mean": 9.63329792023,
        "median": 5.15120601654,
        "min": -1.86491000652,
        "var": 198.938964844
    },
    "melbands_skewness": {
        "dmean": 0.552076756954,
        "dmean2": 0.855691313744,
        "dvar": 0.3336763978,
        "dvar2": 0.781172811985,
        "max": 13.837635994,
        "mean": 2.16334438324,
        "median": 1.96135985851,
        "min": -1.13372564316,
        "var": 1.75658941269
    },
    "melbands_spread": {
        "dmean": 6.09996318817,
        "dmean2": 9.11302566528,
        "dvar": 101.886657715,
        "dvar2": 184.966110229,
        "max": 215.987121582,
        "mean": 23.6649456024,
        "median": 18.9969482422,
        "min": 0.580275774002,
        "var": 449.871643066
    },
    "pitch_salience": {
        "dmean": 0.0618151314557,
        "dmean2": 0.100046791136,
        "dvar": 0.00304409884848,
        "dvar2": 0.00761690922081,
        "max": 0.888376295567,
        "mean": 0.589327871799,
        "median": 0.601171851158,
        "min": 0.0847803354263,
        "var": 0.0136876096949
    },
    "silence_rate_20dB": {
        "dmean": 0,
        "dmean2": 0,
        "dvar": 0,
        "dvar2": 0,
        "max": 1,
        "mean": 1,
        "median": 1,
        "min": 1,
        "var": 0
    },
    "silence_rate_30dB": {
        "dmean": 0,
        "dmean2": 0,
        "dvar": 0,
        "dvar2": 0,
        "max": 1,
        "mean": 1,
        "median": 1,
        "min": 1,
        "var": 0
    },
    "silence_rate_60dB": {
        "dmean": 0.047846890986,
        "dmean2": 0.0957061573863,
        "dvar": 0.0455570928752,
        "dvar2": 0.0999938547611,
        "max": 1,
        "mean": 0.134471163154,
        "median": 0,
        "min": 0,
        "var": 0.116386815906
    },
    "spectral_centroid": {
        "dmean": 215.833831787,
        "dmean2": 322.92578125,
        "dvar": 82967.5546875,
        "dvar2": 161997.921875,
        "max": 11503.7089844,
        "mean": 1338.26000977,
        "median": 1171.05444336,
        "min": 224.530914307,
        "var": 622515.875
    },
    "spectral_complexity": {
        "dmean": 2.3719124794,
        "dmean2": 3.78737711906,
        "dvar": 6.04216384888,
        "dvar2": 13.1431188583,
        "max": 56,
        "mean": 15.5862426758,
        "median": 15,
        "min": 0,
        "var": 97.3512878418
    },
    "spectral_decrease": {
        "dmean": 9.74535674381e-10,
        "dmean2": 1.54712098688e-09,
        "dvar": 2.58499773046e-18,
        "dvar2": 6.10403209219e-18,
        "max": 8.66868711503e-29,
        "mean": -3.38382899479e-09,
        "median": -2.40158448683e-09,
        "min": -2.97116216075e-08,
        "var": 1.02098100642e-17
    },
    "spectral_energy": {
        "dmean": 0.0039498899132,
        "dmean2": 0.00621743453667,
        "dvar": 4.07194820582e-05,
        "dvar2": 9.56590010901e-05,
        "max": 0.115931436419,
        "mean": 0.0140386959538,
        "median": 0.00988920219243,
        "min": 1.03654559937e-20,
        "var": 0.00017505393771
    },
    "spectral_energyband_high": {
        "dmean": 0.000235238578171,
        "dmean2": 0.000326542474795,
        "dvar": 7.77253603701e-07,
        "dvar2": 1.31106139634e-06,
        "max": 0.01902035065,
        "mean": 0.000494310457725,
        "median": 0.000101964542409,
        "min": 7.1911487774e-21,
        "var": 1.74135595898e-06
    },
    "spectral_energyband_low": {
        "dmean": 0.000900756102055,
        "dmean2": 0.00153569015674,
        "dvar": 6.01230476605e-06,
        "dvar2": 1.48894496306e-05,
        "max": 0.0455336011946,
        "mean": 0.00119073980022,
        "median": 0.000412775203586,
        "min": 1.16475849081e-23,
        "var": 8.00634734333e-06
    },
    "spectral_energyband_middle_high": {
        "dmean": 0.00129381159786,
        "dmean2": 0.00192978675477,
        "dvar": 5.17765010954e-06,
        "dvar2": 1.21124739962e-05,
        "max": 0.0664619281888,
        "mean": 0.00453779706731,
        "median": 0.00205825734884,
        "min": 1.29097034128e-21,
        "var": 4.01725155825e-05
    },
    "spectral_energyband_middle_low": {
        "dmean": 0.00295505742542,
        "dmean2": 0.00474478490651,
        "dvar": 2.68172298092e-05,
        "dvar2": 6.32459050394e-05,
        "max": 0.101624339819,
        "mean": 0.00850343331695,
        "median": 0.006282790564,
        "min": 1.7728362686e-22,
        "var": 7.24544734112e-05
    },
    "spectral_entropy": {
        "dmean": 0.133628457785,
        "dmean2": 0.201288744807,
        "dvar": 0.0213541593403,
        "dvar2": 0.0444805473089,
        "max": 9.82047176361,
        "mean": 7.18231678009,
        "median": 7.22641849518,
        "min": 4.63303279877,
        "var": 0.248276278377
    },
    "spectral_flux": {
        "dmean": 0.0141156613827,
        "dmean2": 0.0225946884602,
        "dvar": 0.000275709462585,
        "dvar2": 0.000649861525744,
        "max": 0.256673663855,
        "mean": 0.0581297725439,
        "median": 0.0518954284489,
        "min": 6.60367802108e-11,
        "var": 0.00122162525076
    },
    "spectral_kurtosis": {
        "dmean": 3.04269480705,
        "dmean2": 5.37545537949,
        "dvar": 9.23621082306,
        "dvar2": 27.8054828644,
        "max": 43.1474456787,
        "mean": 4.59774303436,
        "median": 3.38196349144,
        "min": -1.61705231667,
        "var": 21.614528656
    },
    "spectral_rms": {
        "dmean": 0.00048679712927,
        "dmean2": 0.00075289158849,
        "dvar": 3.23475717323e-07,
        "dvar2": 7.25385348233e-07,
        "max": 0.0106350285932,
        "mean": 0.00334713980556,
        "median": 0.00310612330213,
        "min": 3.18003761345e-12,
        "var": 2.492914291e-06
    },
    "spectral_rolloff": {
        "dmean": 392.219390869,
        "dmean2": 642.671081543,
        "dvar": 534235.9375,
        "dvar2": 1001051.125,
        "max": 19272.2167969,
        "mean": 1609.70422363,
        "median": 1184.32617188,
        "min": 150.732421875,
        "var": 2336868.25
    },
    "spectral_skewness": {
        "dmean": 0.323019295931,
        "dmean2": 0.548913419247,
        "dvar": 0.0814676806331,
        "dvar2": 0.229124978185,
        "max": 5.31940317154,
        "mean": 1.25039350986,
        "median": 1.17027950287,
        "min": -0.678004384041,
        "var": 0.413628458977
    },
    "spectral_spread": {
        "dmean": 288424.59375,
        "dmean2": 437321.09375,
        "dvar": 464080633856,
        "dvar2": 880790929408,
        "max": 50709304,
        "mean": 3048260.75,
        "median": 2782268.25,
        "min": 1531242.625,
        "var": 3.22076855501e+12
    },
    "spectral_strongpeak": {
        "dmean": 0.514354348183,
        "dmean2": 0.86440461874,
        "dvar": 0.731884658337,
        "dvar2": 1.83019375801,
        "max": 12.0174970627,
        "mean": 1.05052614212,
        "median": 0.664192020893,
        "min": 0,
        "var": 1.4425034523
    },
    "zerocrossingrate": {
        "dmean": 0.00748163321987,
        "dmean2": 0.00844369083643,
        "dvar": 0.000143854864291,
        "dvar2": 0.000139605719596,
        "max": 0.61279296875,
        "mean": 0.0572790391743,
        "median": 0.04931640625,
        "min": 0.009765625,
        "var": 0.00154739327263
    },
    "barkbands": {
        "dmean": [2.24319919653e-05, 0.000211733335163, 0.000410052103689, 0.00072447542334, 0.00100721349008, 0.00115156930406, 0.000670452602208, 0.000458603026345, 0.000510769488756, 0.000512850703672, 0.000304720451823, 0.000338368874509, 0.000260739412624, 0.000231586847804, 0.000159215982421, 0.000145432437421, 0.00019266390882, 0.000146733931615, 0.00020840439538, 0.000124728147057, 7.0742360549e-05, 5.81310778216e-05, 5.53057179786e-05, 3.65844898624e-05, 6.32433716508e-10, 5.35332833618e-10, 5.60543056416e-10],
        "dmean2": [3.83230653824e-05, 0.000377370917704, 0.000716205046047, 0.00119110976811, 0.00167386676185, 0.00186320662033, 0.0010817728471, 0.000714826222975, 0.000765312113799, 0.000817107385956, 0.000481500115711, 0.000531266035978, 0.000404908438213, 0.000366117979866, 0.00025658775121, 0.000239312124904, 0.000307782000164, 0.000229298966588, 0.000326930225128, 0.000193682761164, 0.00010814840789, 8.28877455206e-05, 7.73298525019e-05, 5.12277365488e-05, 1.14490228409e-09, 9.86561721206e-10, 1.03307362664e-09],
        "dvar": [1.90733140393e-09, 2.29141605246e-07, 1.22236167499e-06, 6.33294166619e-06, 3.28674855155e-06, 5.32172089152e-06, 1.92360948859e-06, 8.00508701104e-07, 1.23286133658e-06, 1.77593597073e-06, 8.2929511791e-07, 8.36111667013e-07, 5.43460032532e-07, 4.10056827604e-07, 1.53356552346e-07, 1.84752565247e-07, 2.81249810996e-07, 1.51235539647e-07, 3.16061033345e-07, 1.05225858249e-07, 5.55402088764e-08, 7.33623508609e-08, 8.57649027353e-08, 4.16748058285e-08, 1.5218545424e-18, 9.43440330659e-19, 1.0452646097e-18],
        "dvar2": [5.10728792591e-09, 6.84299720888e-07, 3.34960236614e-06, 1.40536649269e-05, 9.58807231655e-06, 1.41430273288e-05, 4.91482660436e-06, 2.02558885576e-06, 2.59576700046e-06, 4.67148902317e-06, 1.96509404304e-06, 1.85526187124e-06, 1.1781980902e-06, 9.5067463235e-07, 3.99008285967e-07, 4.59884518023e-07, 6.96263271038e-07, 3.24881682445e-07, 7.11275333742e-07, 2.5933093184e-07, 1.14486972791e-07, 1.36486065117e-07, 1.62159096817e-07, 7.59160911912e-08, 4.54112602356e-18, 2.99546480954e-18, 3.31864675641e-18],
        "max": [0.000844752066769, 0.00536550534889, 0.016411524266, 0.0646598935127, 0.0347302816808, 0.043134201318, 0.0296533815563, 0.0155097721145, 0.041679803282, 0.0434002168477, 0.0229688342661, 0.0257270019501, 0.0190622061491, 0.0168090499938, 0.00913259293884, 0.018677983433, 0.0202066060156, 0.0151807013899, 0.0130355674773, 0.00731845572591, 0.00604425882921, 0.0077439583838, 0.00671304622665, 0.00642886757851, 2.86095875879e-08, 1.66544769087e-08, 1.74037424472e-08],
        "mean": [2.26084248425e-05, 0.000227206051932, 0.000447259255452, 0.0010005623335, 0.00205771997571, 0.00211426219903, 0.00116948364303, 0.000816113431938, 0.00100533280056, 0.000919305952266, 0.000504288182128, 0.000586399924941, 0.000499186979141, 0.000397803814849, 0.00029262327007, 0.000248289405135, 0.0003740186512, 0.000283960602246, 0.000430511281593, 0.000270036107395, 0.0001284746686, 9.86954182736e-05, 8.60214713612e-05, 5.85241105e-05, 6.32710772663e-10, 5.22323295726e-10, 5.08392883347e-10],
        "median": [7.14530597179e-06, 8.7262946181e-05, 0.000134792775498, 0.000281922635622, 0.00128319498617, 0.00101908948272, 0.000449909799499, 0.000336215744028, 0.000354802352376, 0.000230135337915, 0.000121528988529, 0.000140716379974, 9.0455650934e-05, 9.77689487627e-05, 9.86575250863e-05, 7.58909955039e-05, 0.000113373796921, 9.42616388784e-05, 9.01124876691e-05, 5.76694292249e-05, 2.35277293541e-05, 1.08048652692e-05, 1.11157405627e-05, 5.85053294344e-06, 2.48771003797e-10, 2.28322555307e-10, 1.974116981e-10],
        "min": [7.09244674627e-25, 6.71641854504e-24, 1.01254014692e-24, 3.19367162314e-24, 2.50088092052e-23, 7.35149180565e-24, 1.82988735191e-23, 7.56114973501e-24, 2.35256023976e-23, 3.08613682611e-23, 1.53790926273e-23, 2.19908230194e-23, 3.93698642126e-23, 5.76402046328e-23, 7.29246939049e-23, 4.31521966622e-23, 9.56802197531e-23, 1.35089741581e-22, 1.77203945598e-22, 2.46999038965e-22, 2.62664200956e-22, 3.95036954118e-22, 5.5306682131e-22, 6.64023932027e-22, 1.00111643995e-21, 1.40475129636e-21, 2.05008434937e-21],
        "var": [2.05544070653e-09, 1.99020774971e-07, 1.10496625894e-06, 9.4141378213e-06, 6.3263555603e-06, 9.51808215177e-06, 4.048863957e-06, 1.88140518276e-06, 3.76374032385e-06, 4.90680940857e-06, 1.99005239665e-06, 1.98468751478e-06, 2.02330511456e-06, 9.96072799353e-07, 3.50616602418e-07, 3.79374938575e-07, 7.37699622277e-07, 4.24206149319e-07, 1.05356195945e-06, 3.57042523547e-07, 1.14841832044e-07, 1.34672191621e-07, 1.43414268905e-07, 9.82447048159e-08, 1.40770537562e-18, 7.67774982501e-19, 8.52297589962e-19]
    },
    "erbbands": {
        "dmean": [0.00499885249883, 0.0554245635867, 0.35938501358, 1.60987567902, 2.77745437622, 3.87921357155, 5.34319210052, 10.7577648163, 10.8785066605, 8.31928539276, 11.2292165756, 11.4851589203, 13.791888237, 14.8650608063, 8.79015350342, 14.2367773056, 10.9534025192, 11.2892818451, 8.64978504181, 7.13469028473, 8.33702945709, 9.68815898895, 7.64081525803, 9.61005592346, 8.75970172882, 5.48016214371, 3.72923326492, 2.10084199905, 2.13601851463, 1.80051708221, 1.59359824657, 1.24419283867, 0.262181580067, 0.00703285448253, 0.000361335260095, 4.53939574072e-05, 1.01401647044e-05, 2.94941924039e-06, 2.74977423942e-06, 4.88323166792e-06],
        "dmean2": [0.00822750013322, 0.100982785225, 0.626178205013, 2.67335534096, 4.61771774292, 6.42968988419, 8.67275714874, 17.559671402, 17.7086639404, 13.0314617157, 17.5057296753, 17.2260227203, 21.3432788849, 23.7788352966, 13.6266107559, 22.0015964508, 16.8748435974, 17.650434494, 13.5151510239, 11.534321785, 13.525885582, 15.3655910492, 11.6939506531, 14.9924097061, 13.4526367188, 8.4715461731, 5.68007707596, 3.13749432564, 3.06101155281, 2.59120678902, 2.22573876381, 1.71900558472, 0.378082454205, 0.0100937411189, 0.00050752464449, 6.26022301731e-05, 1.38970726766e-05, 4.01420174967e-06, 4.04818229072e-06, 7.54381926527e-06],
        "dvar": [0.000166557889315, 0.0146263763309, 0.865269303322, 30.3856735229, 42.3007965088, 45.7152709961, 93.1723251343, 610.055297852, 582.620605469, 292.789703369, 469.717010498, 734.516418457, 1019.80670166, 2234.59326172, 474.084533691, 1605.80310059, 916.136901855, 833.999389648, 559.948791504, 293.908081055, 389.26272583, 917.762512207, 410.262664795, 765.907043457, 653.753356934, 207.40486145, 138.083862305, 67.3783798218, 92.2758636475, 82.7056503296, 73.3334732056, 42.3131217957, 3.16653370857, 0.00221115117893, 4.87405714011e-06, 6.12758483953e-08, 2.2593660276e-09, 1.60228455504e-10, 3.2052131782e-11, 6.09129968687e-11],
        "dvar2": [0.000430223153671, 0.0453060753644, 2.36352419853, 68.4111480713, 115.709686279, 127.341362, 236.105941772, 1650.93493652, 1495.19689941, 737.926208496, 1213.16015625, 1514.74743652, 2472.1640625, 6205.13134766, 1056.87878418, 3433.06933594, 2047.38134766, 1980.69750977, 1286.42871094, 753.143981934, 971.909667969, 2225.06787109, 874.111694336, 1764.36987305, 1447.25463867, 506.607574463, 309.801574707, 126.529632568, 173.140777588, 155.522491455, 138.719711304, 75.3176422119, 6.60751342773, 0.00451734941453, 9.30030091695e-06, 1.10176863188e-07, 3.90396293071e-09, 2.70485522869e-10, 5.96350399618e-11, 1.36558750419e-10],
        "max": [0.151921242476, 1.27722883224, 13.7840776443, 133.043899536, 122.274719238, 95.9181442261, 166.498382568, 502.497192383, 677.474609375, 520.53302002, 426.206420898, 1148.17138672, 759.673278809, 1556.35900879, 531.922424316, 1048.96472168, 792.713989258, 911.879394531, 876.427734375, 451.790710449, 621.615905762, 1334.37341309, 615.258422852, 980.48828125, 729.046569824, 416.545440674, 324.908996582, 192.864257812, 239.713027954, 251.45211792, 208.98298645, 183.766235352, 75.6100463867, 1.94830584526, 0.0855196118355, 0.00860838126391, 0.00145489047281, 0.000337981822668, 0.000116144088679, 0.000130193526275],
        "mean": [0.00523905083537, 0.0605345778167, 0.418888181448, 2.18996739388, 4.95858192444, 7.28404521942, 10.3003816605, 18.5557727814, 19.3528842926, 15.7650337219, 21.1881752014, 22.9947414398, 26.4347362518, 27.8621692657, 16.7748298645, 27.0534915924, 22.4082279205, 20.80169487, 16.4478168488, 14.1368484497, 16.2521362305, 20.0502319336, 16.497209549, 20.2047767639, 19.7405872345, 12.5597734451, 7.57944488525, 3.90781021118, 3.59724617004, 2.82701873779, 2.49158263206, 2.01491761208, 0.409234493971, 0.0111942542717, 0.000615708413534, 8.78928331076e-05, 2.30926179938e-05, 7.08208744982e-06, 9.42923907132e-06, 1.75970071723e-05],
        "median": [0.00157465320081, 0.0249763429165, 0.151796400547, 0.63532781601, 2.52877426147, 4.12344503403, 5.29623126984, 7.99086380005, 7.35816287994, 6.41944122314, 10.0015354156, 9.04524421692, 7.87321662903, 7.9010925293, 5.74265193939, 6.53158950806, 5.09718465805, 5.80651855469, 5.70345211029, 5.4725446701, 5.98469924927, 6.47112178802, 5.63773012161, 5.27925014496, 4.13367652893, 2.7738070488, 1.53464460373, 0.635811448097, 0.398405194283, 0.335793077946, 0.313387155533, 0.226207748055, 0.0322460308671, 0.000928859342821, 7.37189184292e-05, 1.83500706044e-05, 7.28622308088e-06, 2.18684476749e-06, 5.74795831199e-06, 1.19912674563e-05],
        "min": [6.74082022165e-23, 1.45921122403e-21, 2.14803901289e-21, 1.31706677889e-20, 4.1966640024e-20, 6.11044134607e-20, 1.04471263467e-19, 7.29526060504e-20, 2.54779357635e-19, 3.244626034e-19, 5.60963699341e-19, 5.06546743865e-19, 9.06954324418e-19, 7.81363285219e-19, 9.09005111952e-19, 1.84921581931e-18, 1.46172864483e-18, 2.30422884912e-18, 4.51293984418e-18, 3.92030670791e-18, 4.75726418171e-18, 5.78458321142e-18, 5.6992570497e-18, 5.39200618784e-18, 9.73617719882e-18, 1.13143459905e-17, 9.25631152751e-18, 1.09336170884e-17, 1.2930063819e-17, 1.33494824398e-17, 1.70292086297e-17, 1.22007816863e-17, 1.06135188709e-17, 1.11785121806e-17, 7.40712197118e-18, 4.61105587254e-18, 2.58398319344e-18, 1.07686663142e-18, 2.62577551161e-19, 3.03691704016e-20],
        "var": [0.000160982803209, 0.0123771904036, 0.812330901623, 44.0791702271, 70.5681991577, 88.5311431885, 211.631271362, 992.287109375, 1186.95495605, 635.448425293, 1074.37854004, 2205.29052734, 3008.36279297, 6703.63476562, 1203.09545898, 4244.26318359, 3207.99414062, 2309.37573242, 1331.3684082, 711.037414551, 925.559570312, 2558.16040039, 1441.25500488, 2658.96679688, 2333.34887695, 718.491943359, 335.388305664, 136.129882812, 170.068145752, 135.630477905, 123.260940552, 97.0034866333, 6.59435033798, 0.0047194166109, 1.11652743726e-05, 1.4555168093e-07, 5.4588586984e-09, 3.90537158168e-10, 1.16096215974e-10, 2.82653650485e-10]
    },
    "gfcc": {
        "mean": [-89.2405014038, 149.500228882, -178.848007202, 46.224647522, -77.3501739502, -12.5200090408, -25.3457736969, -22.7080974579, 2.01494789124, -32.1180038452, 8.07331562042, -18.9111919403, -3.81678771973],
        "cov": [[7758.43359375, -224.302734375, -1034.09509277, 476.479919434, -465.639892578, 111.362609863, -78.2638931274, -147.813140869, -276.428070068, -139.115142822, 107.57723999, -136.206771851, -18.0707530975], [-224.302734375, 1076.30725098, 211.753692627, -114.291488647, 283.199523926, -271.918060303, -11.7644987106, -107.370681763, -38.6797409058, -147.913391113, -1.85029864311, 1.88430845737, -12.6199588776], [-1034.09509277, 211.753692627, 827.506652832, 217.206878662, -9.82813549042, 19.3939723969, -149.583648682, -34.9618339539, 3.6593079567, -59.0049133301, -31.3224658966, 37.5697441101, 4.3050866127], [476.479919434, -114.291488647, 217.206878662, 428.294525146, -28.4127292633, 11.9291143417, -118.985412598, -47.5139694214, -44.9829368591, -52.1259117126, -26.7608509064, 36.1684570312, 7.33225774765], [-465.639892578, 283.199523926, -9.82813549042, -28.4127292633, 290.856506348, -69.0076065063, 37.3091697693, -8.28093719482, -12.2128629684, -28.3617248535, -9.41844463348, 6.74477434158, -9.27201843262], [111.362609863, -271.918060303, 19.3939723969, 11.9291143417, -69.0076065063, 320.644104004, 74.5876159668, 8.57849597931, 15.6819591522, 53.9158973694, -27.9604988098, -36.9053726196, -21.1031188965], [-78.2638931274, -11.7644987106, -149.583648682, -118.985412598, 37.3091697693, 74.5876159668, 206.439987183, 47.7021522522, 19.5411205292, 43.2997398376, -24.5506401062, -32.1507263184, -24.2160320282], [-147.813140869, -107.370681763, -34.9618339539, -47.5139694214, -8.28093719482, 8.57849597931, 47.7021522522, 143.852035522, 71.1899490356, 20.1230163574, 2.47767400742, -14.0901088715, 5.02376079559], [-276.428070068, -38.6797409058, 3.6593079567, -44.9829368591, -12.2128629684, 15.6819591522, 19.5411205292, 71.1899490356, 134.128936768, 40.9014091492, -29.8680286407, 8.36465835571, -16.0733566284], [-139.115142822, -147.913391113, -59.0049133301, -52.1259117126, -28.3617248535, 53.9158973694, 43.2997398376, 20.1230163574, 40.9014091492, 107.785865784, 32.2535018921, -15.4013557434, 0.950042366982], [107.57723999, -1.85029864311, -31.3224658966, -26.7608509064, -9.41844463348, -27.9604988098, -24.5506401062, 2.47767400742, -29.8680286407, 32.2535018921, 106.614151001, 20.5088729858, 18.8215408325], [-136.206771851, 1.88430845737, 37.5697441101, 36.1684570312, 6.74477434158, -36.9053726196, -32.1507263184, -14.0901088715, 8.36465835571, -15.4013557434, 20.5088729858, 98.8938293457, 19.5784988403], [-18.0707530975, -12.6199588776, 4.3050866127, 7.33225774765, -9.27201843262, -21.1031188965, -24.2160320282, 5.02376079559, -16.0733566284, 0.950042366982, 18.8215408325, 19.5784988403, 78.7698974609]],
        "icov": [[0.000375669536879, -0.000520225381479, 0.000873377081007, -0.000873040757142, 0.000924922234844, -0.00049582257634, 0.000241292087594, -0.000255350198131, 0.000351247756043, 0.000321493571391, -0.000442291580839, 0.000385095831007, 0.000180634509888], [-0.000520225381479, 0.00464818067849, -0.00271001178771, 0.00229531968944, -0.0036878651008, 0.00307122035883, -0.00354653177783, 0.00616249023005, -0.00582547765225, 0.00705603789538, -0.00420852936804, 0.00329307233915, -0.00162153830752], [0.000873377081007, -0.00271001178771, 0.00417321873829, -0.00292480830103, 0.00289623951539, -0.00245863385499, 0.00276805600151, -0.00279414374381, 0.00246909121051, -0.00168893311638, 0.00105214025825, -0.000759140879381, 0.000983248581178], [-0.000873040757142, 0.00229531968944, -0.00292480830103, 0.00580459507182, -0.00273700919934, 0.0013329568319, 0.000572491437197, 0.00135743059218, -2.87160273729e-05, 0.000613771961071, 0.00184266036376, -0.00144206930418, -0.000183772164746], [0.000924922234844, -0.0036878651008, 0.00289623951539, -0.00273700919934, 0.00774999009445, -0.00165626301896, 0.00105125061236, -0.00365112023428, 0.00403658347204, -0.00275665870868, 0.00172447017394, -0.00151832052507, 0.00156465964392], [-0.00049582257634, 0.00307122035883, -0.00245863385499, 0.0013329568319, -0.00165626301896, 0.00641328841448, -0.00388918374665, 0.00398507528007, -0.00311400089413, 0.00190985563677, -0.00110678607598, 0.00241028377786, -0.000531072728336], [0.000241292087594, -0.00354653177783, 0.00276805600151, 0.000572491437197, 0.00105125061236, -0.00388918374665, 0.0125692719594, -0.00920521840453, 0.00918787065893, -0.010709470138, 0.00886132288724, -0.00465610250831, 0.00385953299701], [-0.000255350198131, 0.00616249023005, -0.00279414374381, 0.00135743059218, -0.00365112023428, 0.00398507528007, -0.00920521840453, 0.0219651106745, -0.0185377355665, 0.0162991117686, -0.0130064366385, 0.00995735265315, -0.0059842960909], [0.000351247756043, -0.00582547765225, 0.00246909121051, -2.87160273729e-05, 0.00403658347204, -0.00311400089413, 0.00918787065893, -0.0185377355665, 0.0277875177562, -0.0214625298977, 0.0176745653152, -0.0122502110898, 0.00741340545937], [0.000321493571391, 0.00705603789538, -0.00168893311638, 0.000613771961071, -0.00275665870868, 0.00190985563677, -0.010709470138, 0.0162991117686, -0.0214625298977, 0.0347487740219, -0.0211578998715, 0.013258298859, -0.00594381149858], [-0.000442291580839, -0.00420852936804, 0.00105214025825, 0.00184266036376, 0.00172447017394, -0.00110678607598, 0.00886132288724, -0.0130064366385, 0.0176745653152, -0.0211578998715, 0.0258169658482, -0.0118626337498, 0.00309691298753], [0.000385095831007, 0.00329307233915, -0.000759140879381, -0.00144206930418, -0.00151832052507, 0.00241028377786, -0.00465610250831, 0.00995735265315, -0.0122502110898, 0.013258298859, -0.0118626337498, 0.018920706585, -0.00533571606502], [0.000180634509888, -0.00162153830752, 0.000983248581178, -0.000183772164746, 0.00156465964392, -0.000531072728336, 0.00385953299701, -0.0059842960909, 0.00741340545937, -0.00594381149858, 0.00309691298753, -0.00533571606502, 0.0162209589034]]
    },
    "melbands": {
        "dmean": [5.07135519001e-05, 0.000144828431075, 0.000297439488349, 0.00023784028599, 0.000172347499756, 0.000238348831772, 0.000158164926688, 8.88547947397e-05, 9.83996651485e-05, 6.92282410455e-05, 7.14867128409e-05, 6.28019697615e-05, 3.36237135343e-05, 3.5555287468e-05, 4.12998560932e-05, 1.92616807908e-05, 2.35599054577e-05, 1.57620652317e-05, 1.18236484923e-05, 1.0196531548e-05, 1.11416848085e-05, 1.18367252071e-05, 7.85704378359e-06, 7.12216342436e-06, 8.85501049197e-06, 7.42587008062e-06, 5.42071393284e-06, 3.7870381675e-06, 2.82043015432e-06, 1.79490177743e-06, 1.21271591524e-06, 1.33548167014e-06, 1.0944264659e-06, 1.02267631519e-06, 9.89563773146e-07, 8.83755092218e-07, 7.77508262217e-07, 2.60915697936e-07, 1.71884895206e-09, 5.45439648308e-12],
        "dmean2": [8.77747443155e-05, 0.000257908570347, 0.000490917998832, 0.000396678544348, 0.000280809821561, 0.000388865068089, 0.000255613907939, 0.000139286043122, 0.000152955704834, 0.0001035138921, 0.000110594250145, 0.000101001292933, 5.22021546203e-05, 5.58248830203e-05, 6.258936628e-05, 3.03261258523e-05, 3.68442488252e-05, 2.43697741098e-05, 1.92198931472e-05, 1.66862828337e-05, 1.80661882041e-05, 1.88315407286e-05, 1.21816474348e-05, 1.10937889986e-05, 1.39104822665e-05, 1.16177106975e-05, 8.39223775984e-06, 5.98431324761e-06, 4.37266680819e-06, 2.73241994364e-06, 1.8395259076e-06, 1.94168842427e-06, 1.62090248068e-06, 1.50736286741e-06, 1.41292639455e-06, 1.26345503304e-06, 1.11412236947e-06, 3.80875661676e-07, 2.62970933917e-09, 9.9711818663e-12],
        "dvar": [1.47764271929e-08, 1.26902094166e-07, 8.60097259192e-07, 2.20289607e-07, 8.37934592823e-08, 2.67828966116e-07, 1.10773676454e-07, 3.27061613348e-08, 3.58076128748e-08, 2.53094860625e-08, 2.81071788066e-08, 3.90677037387e-08, 8.48138625997e-09, 1.14051736944e-08, 1.72614864624e-08, 2.89225443595e-09, 4.14719369957e-09, 2.21337881356e-09, 7.25478344066e-10, 1.249689352e-09, 6.22731755051e-10, 1.37588718196e-09, 4.55893239826e-10, 3.50045575859e-10, 7.47246153843e-10, 4.70347760739e-10, 2.09720893429e-10, 1.03439139199e-10, 7.95586027613e-11, 3.81347418921e-11, 2.50326009921e-11, 3.28132417071e-11, 3.34249572465e-11, 2.64213165235e-11, 2.9556166542e-11, 1.99588106459e-11, 1.94389140201e-11, 3.65303230374e-12, 2.58033817244e-16, 9.84258028021e-23],
        "dvar2": [4.18299208604e-08, 3.6085850752e-07, 1.95662846636e-06, 6.52310802707e-07, 2.13667817661e-07, 7.19964361906e-07, 2.82851402744e-07, 8.22471548645e-08, 9.02038550521e-08, 5.21437399925e-08, 6.86339447498e-08, 1.09645938551e-07, 1.83786230679e-08, 2.45589486525e-08, 3.53927376295e-08, 6.81051526286e-09, 9.90268755885e-09, 4.93201124385e-09, 1.87237070293e-09, 3.10749403987e-09, 1.57256252464e-09, 3.38818662016e-09, 9.5770580355e-10, 7.76458952689e-10, 1.75025316462e-09, 1.10121334274e-09, 4.79144002252e-10, 2.61976801363e-10, 1.92374574604e-10, 8.23028659114e-11, 4.8319206275e-11, 6.51772108506e-11, 6.60812723985e-11, 5.18505065272e-11, 5.81886414053e-11, 3.89512866406e-11, 3.71047810532e-11, 8.34195906796e-12, 6.34530009661e-16, 3.09648781714e-22],
        "max": [0.0013798015425, 0.00519099924713, 0.0222047790885, 0.00911816582084, 0.00444831559435, 0.0100436294451, 0.00895392615348, 0.00506326649338, 0.00378663698211, 0.00616191001609, 0.00377462548204, 0.00687617389485, 0.00254816072993, 0.00384171959013, 0.00386586156674, 0.00183436763473, 0.00209519197233, 0.00172829185612, 0.000701100623701, 0.00167343195062, 0.00057595182443, 0.00136354530696, 0.00074184325058, 0.000662770413328, 0.000894230266567, 0.000483569310745, 0.000380754412618, 0.000250235316344, 0.000237638436374, 0.000197313798708, 0.000116456561955, 0.000146163481986, 0.000200186681468, 0.000118169758935, 0.000141341035487, 0.0001113195176, 0.000143594035762, 8.59971987666e-05, 6.37554990135e-07, 1.68247971111e-10],
        "mean": [5.47727140656e-05, 0.000167928141309, 0.000449767248938, 0.000451945379609, 0.000351227179635, 0.000422408484155, 0.000286870781565, 0.000166130863363, 0.000185159457033, 0.000136758986628, 0.000131013031933, 0.000114048249088, 5.90916351939e-05, 5.8483950852e-05, 8.14010199974e-05, 3.49196670868e-05, 4.01618199248e-05, 2.64656355284e-05, 2.17431497731e-05, 1.75643945113e-05, 1.97123699763e-05, 2.24067516683e-05, 1.52670745592e-05, 1.398378663e-05, 1.68380174728e-05, 1.47338423631e-05, 1.20307786347e-05, 7.5314364949e-06, 5.3095864132e-06, 3.00255396724e-06, 2.03629906537e-06, 2.15789941649e-06, 1.68575036241e-06, 1.50293328716e-06, 1.46009915625e-06, 1.34602100843e-06, 1.22079552511e-06, 3.75460018631e-07, 1.85010173848e-09, 5.25168363658e-12],
        "median": [2.04309562832e-05, 6.56174888718e-05, 0.000170919229276, 0.000267143070232, 0.000195959437406, 0.000190041420865, 0.000111847810331, 6.47264241707e-05, 8.08966360637e-05, 4.99240231875e-05, 3.51097405655e-05, 3.00514730043e-05, 1.7938498786e-05, 1.54980552907e-05, 1.35064437927e-05, 7.98546170699e-06, 9.49011518969e-06, 7.66271023167e-06, 7.49719220039e-06, 5.57384373678e-06, 6.41726910544e-06, 6.37919538349e-06, 4.72632927995e-06, 4.63897231384e-06, 3.78002096113e-06, 3.13015971187e-06, 2.20183210331e-06, 1.6571902961e-06, 9.88399051494e-07, 4.78134609239e-07, 2.42975829678e-07, 2.0486743324e-07, 1.91174535757e-07, 1.73018122496e-07, 1.70505160213e-07, 1.56326208867e-07, 1.25433842868e-07, 2.34149517553e-08, 1.12662257995e-11, 2.12655197271e-12],
        "min": [1.29713345279e-24, 1.71730364787e-24, 4.35074065283e-24, 3.04601737206e-24, 4.00960603741e-24, 1.60366557207e-24, 3.7767642749e-24, 3.63244453887e-24, 5.64779995269e-24, 2.55131993738e-24, 4.33068189216e-24, 2.6513362589e-24, 2.37992984775e-24, 3.45667212969e-24, 3.46464909117e-24, 4.0928139024e-24, 4.086949116e-24, 5.33748258296e-24, 5.05030802561e-24, 3.73465093548e-24, 4.02398894386e-24, 5.35214790162e-24, 5.5531370385e-24, 4.89063902852e-24, 3.4896966082e-24, 6.29224211984e-24, 7.04701516206e-24, 7.34393925134e-24, 5.32553844e-24, 7.23635124564e-24, 6.57206252141e-24, 6.51315867205e-24, 6.69295387741e-24, 7.77298728705e-24, 8.66837518005e-24, 6.55699567255e-24, 7.26735269036e-24, 6.74259058329e-24, 8.04236198694e-24, 9.41205013262e-24],
        "var": [1.3246390651e-08, 1.14640037907e-07, 1.30315368096e-06, 3.72381293801e-07, 1.99862583372e-07, 4.52493509329e-07, 2.36918694441e-07, 7.33327780722e-08, 8.43216199087e-08, 7.64504193285e-08, 7.92208680878e-08, 1.1644812048e-07, 2.06908108424e-08, 2.3986189035e-08, 6.53873897249e-08, 8.21893042513e-09, 1.07627045054e-08, 4.53857129656e-09, 1.84240023238e-09, 2.43983189208e-09, 1.39698863588e-09, 3.29442095826e-09, 1.3336258764e-09, 1.06416464529e-09, 2.31964958353e-09, 1.35631794684e-09, 9.15674702728e-10, 2.63721461335e-10, 1.76351058756e-10, 7.08020378437e-11, 4.62976774973e-11, 6.06063255137e-11, 5.1567524556e-11, 4.06324036917e-11, 4.5622294137e-11, 3.53717749535e-11, 4.4389103504e-11, 6.53619866564e-12, 2.97216184955e-16, 8.53625123362e-23]
    },
    "mfcc": {
        "mean": [-698.887084961, 144.594070435, -31.9829902649, 34.5345649719, -20.5738449097, 1.13430309296, -21.0623264313, 9.10928821564, -22.4599723816, 9.9323425293, -16.8671913147, 4.22251081467, -10.6291217804],
        "cov": [[6249.02001953, -212.220550537, -974.843383789, 462.38772583, -687.274414062, 430.651062012, -229.529983521, 321.884368896, -572.105773926, 281.811096191, -498.871490479, 143.263427734, -99.0017852783], [-212.220550537, 1040.62756348, 12.2681732178, -13.7144165039, 225.940124512, -219.903686523, 123.970054626, -91.2873001099, 13.5485773087, -142.953414917, 20.6823101044, -149.097488403, 59.2439231873], [-974.843383789, 12.2681732178, 791.010986328, 94.5405273438, 154.878265381, 49.7791557312, -82.4754104614, -4.90543937683, 33.4778327942, -88.3457794189, 13.6544799805, 3.59723734856, -25.6665000916], [462.38772583, -13.7144165039, 94.5405273438, 376.720733643, 89.1277770996, -8.17290115356, -68.014251709, 27.5803146362, -79.535484314, -54.9495124817, -103.900138855, -19.2651443481, 20.1159362793], [-687.274414062, 225.940124512, 154.878265381, 89.1277770996, 315.074645996, -85.6609649658, 14.4369668961, -33.7248382568, 25.1949234009, -89.4558868408, 5.83033370972, -48.0368270874, 36.6133308411], [430.651062012, -219.903686523, 49.7791557312, -8.17290115356, -85.6609649658, 303.459838867, -0.177809983492, 44.1245155334, -1.23452830315, 11.641916275, -2.77954435349, 45.8172721863, -34.8722229004], [-229.529983521, 123.970054626, -82.4754104614, -68.014251709, 14.4369668961, -0.177809983492, 200.991226196, -28.9485588074, 18.6682720184, 27.5563316345, 13.006734848, -16.8834342957, 4.14130973816], [321.884368896, -91.2873001099, -4.90543937683, 27.5803146362, -33.7248382568, 44.1245155334, -28.9485588074, 138.594863892, 12.2743835449, 10.43446064, -6.14528799057, 17.6625022888, -12.8026847839], [-572.105773926, 13.5485773087, 33.4778327942, -79.535484314, 25.1949234009, -1.23452830315, 18.6682720184, 12.2743835449, 205.812347412, 0.351929724216, 95.1850814819, -6.37577629089, -14.7999715805], [281.811096191, -142.953414917, -88.3457794189, -54.9495124817, -89.4558868408, 11.641916275, 27.5563316345, 10.43446064, 0.351929724216, 194.938354492, 3.45380592346, 25.7500972748, -38.1432647705], [-498.871490479, 20.6823101044, 13.6544799805, -103.900138855, 5.83033370972, -2.77954435349, 13.006734848, -6.14528799057, 95.1850814819, 3.45380592346, 185.822021484, 22.2806224823, -10.3135643005], [143.263427734, -149.097488403, 3.59723734856, -19.2651443481, -48.0368270874, 45.8172721863, -16.8834342957, 17.6625022888, -6.37577629089, 25.7500972748, 22.2806224823, 122.379776001, -4.0499753952], [-99.0017852783, 59.2439231873, -25.6665000916, 20.1159362793, 36.6133308411, -34.8722229004, 4.14130973816, -12.8026847839, -14.7999715805, -38.1432647705, -10.3135643005, -4.0499753952, 105.240333557]],
