{
"lowlevel": {
    "average_loudness": 0.76505792141,
    "barkbands_crest": {
        "dmean": 2.486566782,
        "dmean2": 4.08754205704,
        "dvar": 5.03481769562,
        "dvar2": 12.9052696228,
        "max": 26.1782512665,
        "mean": 8.73284339905,
        "median": 7.91745758057,
        "min": 2.410800457,
        "var": 13.8837909698
    },
    "barkbands_flatness_db": {
        "dmean": 0.0207186937332,
        "dmean2": 0.034870557487,
        "dvar": 0.000282153836451,
        "dvar2": 0.000789927551523,
        "max": 0.334782630205,
        "mean": 0.188825026155,
        "median": 0.185786440969,
        "min": 0.0431530028582,
        "var": 0.000972154375631
    },
    "barkbands_kurtosis": {
        "dmean": 1.64898538589,
        "dmean2": 2.63311004639,
        "dvar": 7.37224769592,
        "dvar2": 18.0183334351,
        "max": 67.5597610474,
        "mean": 2.18575716019,
        "median": 0.766107797623,
        "min": -1.86914288998,
        "var": 20.699005127
    },
    "barkbands_skewness": {
        "dmean": 0.432914495468,
        "dmean2": 0.67040938139,
        "dvar": 0.171812593937,
        "dvar2": 0.389838337898,
        "max": 7.30660247803,
        "mean": 0.91432595253,
        "median": 0.891119122505,
        "min": -4.12026929855,
        "var": 1.16673541069
    },
    "barkbands_spread": {
        "dmean": 4.39255046844,
        "dmean2": 6.89377737045,
        "dvar": 24.8048324585,
        "dvar2": 54.4482917786,
        "max": 84.7632904053,
        "mean": 18.633731842,
        "median": 16.8164482117,
        "min": 2.15261125565,
        "var": 97.7565078735
    },
    "dissonance": {
        "dmean": 0.0207107961178,
        "dmean2": 0.0351209640503,
        "dvar": 0.000386481551686,
        "dvar2": 0.0010803117184,
        "max": 0.500000119209,
        "mean": 0.460397690535,
        "median": 0.467649042606,
        "min": 0.283832192421,
        "var": 0.000931988935918
    },
    "dynamic_complexity": 4.39338970184,
    "erbbands_crest": {
        "dmean": 2.91314983368,
        "dmean2": 4.77399730682,
        "dvar": 7.10964870453,
        "dvar2": 18.1149215698,
        "max": 30.9969558716,
        "mean": 9.94447422028,
        "median": 8.93039321899,
        "min": 2.39523530006,
        "var": 19.8599777222
    },
    "erbbands_flatness_db": {
        "dmean": 0.0157673116773,
        "dmean2": 0.0238289758563,
        "dvar": 0.000188531994354,
        "dvar2": 0.000408906751545,
        "max": 0.35247284174,
        "mean": 0.232959419489,
        "median": 0.235864043236,
        "min": 0.0367439575493,
        "var": 0.00121508410666
    },
    "erbbands_kurtosis": {
        "dmean": 0.986018359661,
        "dmean2": 1.58208334446,
        "dvar": 1.49358487129,
        "dvar2": 3.40724277496,
        "max": 27.6087722778,
        "mean": 0.700559198856,
        "median": 0.173802852631,
        "min": -1.76419138908,
        "var": 4.07779359818
    },
    "erbbands_skewness": {
        "dmean": 0.365816533566,
        "dmean2": 0.565554559231,
        "dvar": 0.10678819567,
        "dvar2": 0.239378035069,
        "max": 4.38367033005,
        "mean": 0.340365976095,
        "median": 0.377603083849,
        "min": -4.42850208282,
        "var": 0.738863825798
    },
    "erbbands_spread": {
        "dmean": 6.05835771561,
        "dmean2": 9.32275772095,
        "dvar": 41.1633987427,
        "dvar2": 89.3771057129,
        "max": 126.074279785,
        "mean": 28.9068202972,
        "median": 25.6460361481,
        "min": 5.28414392471,
        "var": 191.846496582
    },
    "hfc": {
        "dmean": 5.16875553131,
        "dmean2": 7.57004261017,
        "dvar": 64.7490997314,
        "dvar2": 133.436645508,
        "max": 144.991775513,
        "mean": 17.4885787964,
        "median": 10.9308071136,
        "min": 1.24885584831e-16,
        "var": 345.002990723
    },
    "melbands_crest": {
        "dmean": 3.17014145851,
        "dmean2": 5.24068117142,
        "dvar": 8.43103790283,
        "dvar2": 21.9432315826,
        "max": 39.1028442383,
        "mean": 11.1222400665,
        "median": 10.115694046,
        "min": 1.94975817204,
        "var": 22.569065094
    },
    "melbands_flatness_db": {
        "dmean": 0.0202869586647,
        "dmean2": 0.0320214256644,
        "dvar": 0.000332841707859,
        "dvar2": 0.000807770935353,
        "max": 0.370020210743,
        "mean": 0.188666909933,
        "median": 0.184988588095,
        "min": 0.00660324748605,
        "var": 0.00234778900631
    },
    "melbands_kurtosis": {
        "dmean": 3.1600446701,
        "dmean2": 5.03236675262,
        "dvar": 31.84126091,
        "dvar2": 78.1901702881,
        "max": 184.678115845,
        "mean": 5.9019651413,
        "median": 3.07613587379,
        "min": -1.85700404644,
        "var": 89.8714141846
    },
    "melbands_skewness": {
        "dmean": 0.503095805645,
        "dmean2": 0.783006489277,
        "dvar": 0.244786843657,
        "dvar2": 0.576268494129,
        "max": 11.0271730423,
        "mean": 1.56922793388,
        "median": 1.41944718361,
        "min": -1.89571583271,
        "var": 1.48061335087
    },
    "melbands_spread": {
        "dmean": 7.22650623322,
        "dmean2": 11.2011032104,
        "dvar": 102.546394348,
        "dvar2": 204.024185181,
        "max": 211.775863647,
        "mean": 28.7126693726,
        "median": 23.8277206421,
        "min": 1.63929009438,
        "var": 426.973693848
    },
    "pitch_salience": {
        "dmean": 0.0664504989982,
        "dmean2": 0.107841350138,
        "dvar": 0.00320155220106,
        "dvar2": 0.00815898459405,
        "max": 0.864549458027,
        "mean": 0.603984057903,
        "median": 0.608851373196,
        "min": 0.0340639427304,
        "var": 0.0109823876992
    },
    "silence_rate_20dB": {
        "dmean": 0,
        "dmean2": 0,
        "dvar": 0,
        "dvar2": 0,
        "max": 1,
        "mean": 1,
        "median": 1,
        "min": 1,
        "var": 0
    },
    "silence_rate_30dB": {
        "dmean": 0.000234000239288,
        "dmean2": 0.000468055222882,
        "dvar": 0.000233895130805,
        "dvar2": 0.000467853940791,
        "max": 1,
        "mean": 0.999766051769,
        "median": 1,
        "min": 0,
        "var": 0.000233867787756
    },
    "silence_rate_60dB": {
        "dmean": 0.0538200549781,
        "dmean2": 0.107652701437,
        "dvar": 0.0509259216487,
        "dvar2": 0.113855466247,
        "max": 1,
        "mean": 0.167407587171,
        "median": 0,
        "min": 0,
        "var": 0.13938549161
    },
    "spectral_centroid": {
        "dmean": 228.577331543,
        "dmean2": 348.595581055,
        "dvar": 67418.8125,
        "dvar2": 132788.859375,
        "max": 10633.3603516,
        "mean": 1527.18432617,
        "median": 1458.49633789,
        "min": 289.467926025,
        "var": 473003.5
    },
    "spectral_complexity": {
        "dmean": 2.89715695381,
        "dmean2": 4.51813697815,
        "dvar": 8.4361333847,
        "dvar2": 18.0335426331,
        "max": 47,
        "mean": 17.3844165802,
        "median": 17,
        "min": 0,
        "var": 90.4407501221
    },
    "spectral_decrease": {
        "dmean": 1.055152965e-09,
        "dmean2": 1.63354252347e-09,
        "dvar": 2.71508925258e-18,
        "dvar2": 6.48560347772e-18,
        "max": 1.11402612998e-28,
        "mean": -3.33921801321e-09,
        "median": -2.47406894971e-09,
        "min": -5.25256957928e-08,
        "var": 8.87258823161e-18
    },
    "spectral_energy": {
        "dmean": 0.00438513793051,
        "dmean2": 0.00675171008334,
        "dvar": 4.39543036919e-05,
        "dvar2": 0.000104067046777,
        "max": 0.203448951244,
        "mean": 0.0141892433167,
        "median": 0.0104383248836,
        "min": 1.09070355361e-20,
        "var": 0.000157741378644
    },
    "spectral_energyband_high": {
        "dmean": 0.000288623326924,
        "dmean2": 0.000427236780524,
        "dvar": 8.22630340735e-07,
        "dvar2": 1.59270939548e-06,
        "max": 0.0232361424714,
        "mean": 0.000548078096472,
        "median": 0.000208151162951,
        "min": 8.05573427107e-21,
        "var": 1.57026011038e-06
    },
    "spectral_energyband_low": {
        "dmean": 0.000822583213449,
        "dmean2": 0.00139497686177,
        "dvar": 4.8093775149e-06,
        "dvar2": 1.20337845146e-05,
        "max": 0.0795205235481,
        "mean": 0.00106596737169,
        "median": 0.000450221210485,
        "min": 1.06484913095e-22,
        "var": 5.77714763494e-06
    },
    "spectral_energyband_middle_high": {
        "dmean": 0.00197653542273,
        "dmean2": 0.00295145134442,
        "dvar": 9.05017896002e-06,
        "dvar2": 2.06920758501e-05,
        "max": 0.0581420175731,
        "mean": 0.00633621681482,
        "median": 0.00329052470624,
        "min": 1.28814821348e-21,
        "var": 5.73696743231e-05
    },
    "spectral_energyband_middle_low": {
        "dmean": 0.00299855880439,
        "dmean2": 0.0047869682312,
        "dvar": 2.88993269351e-05,
        "dvar2": 7.05976272002e-05,
        "max": 0.176828056574,
        "mean": 0.00714516546577,
        "median": 0.00503128161654,
        "min": 3.78490060206e-22,
        "var": 6.04205270065e-05
    },
    "spectral_entropy": {
        "dmean": 0.135822117329,
        "dmean2": 0.202616021037,
        "dvar": 0.0162309724838,
        "dvar2": 0.0345007106662,
        "max": 9.81576442719,
        "mean": 7.39755678177,
        "median": 7.40282249451,
        "min": 5.96605539322,
        "var": 0.11231803149
    },
    "spectral_flux": {
        "dmean": 0.0165793951601,
        "dmean2": 0.0263769607991,
        "dvar": 0.000366969528841,
        "dvar2": 0.00086053123232,
        "max": 0.328680247068,
        "mean": 0.067590624094,
        "median": 0.0610770732164,
        "min": 1.04436750914e-10,
        "var": 0.00159692089073
    },
    "spectral_kurtosis": {
        "dmean": 2.26844930649,
        "dmean2": 4.00033664703,
        "dvar": 4.38781929016,
        "dvar2": 12.867193222,
        "max": 28.5989360809,
        "mean": 3.53322029114,
        "median": 2.96231913567,
        "min": -1.43979775906,
        "var": 7.80599832535
    },
    "spectral_rms": {
        "dmean": 0.000535652216058,
        "dmean2": 0.000805890595075,
        "dvar": 3.59212748435e-07,
        "dvar2": 7.95950143129e-07,
        "max": 0.0140885338187,
        "mean": 0.00334620033391,
        "median": 0.00319119589403,
        "min": 3.26205620675e-12,
        "var": 2.64610935119e-06
    },
    "spectral_rolloff": {
        "dmean": 397.607452393,
        "dmean2": 658.574951172,
        "dvar": 466363.71875,
        "dvar2": 872735.625,
        "max": 18884.6191406,
        "mean": 1799.3927002,
        "median": 1571.92382812,
        "min": 21.533203125,
        "var": 1624406.75
    },
    "spectral_skewness": {
        "dmean": 0.268914729357,
        "dmean2": 0.451405435801,
        "dvar": 0.053120598197,
        "dvar2": 0.142126455903,
        "max": 3.83619165421,
        "mean": 1.19382858276,
        "median": 1.14781355858,
        "min": -0.630687594414,
        "var": 0.206023439765
    },
    "spectral_spread": {
        "dmean": 299555.3125,
        "dmean2": 452992.59375,
        "dvar": 235151147008,
        "dvar2": 363111612416,
        "max": 39991796,
        "mean": 3202129.5,
        "median": 3043376,
        "min": 1649004,
        "var": 789762473984
    },
    "spectral_strongpeak": {
        "dmean": 0.740955531597,
        "dmean2": 1.22644007206,
        "dvar": 1.22856521606,
        "dvar2": 3.21722388268,
        "max": 12.0437908173,
        "mean": 1.33310747147,
        "median": 0.763602375984,
        "min": 0,
        "var": 2.34361982346
    },
    "zerocrossingrate": {
        "dmean": 0.00805849768221,
        "dmean2": 0.00930619705468,
        "dvar": 0.000153308923473,
        "dvar2": 0.00013309334463,
        "max": 0.82666015625,
        "mean": 0.0663066282868,
        "median": 0.06005859375,
        "min": 0.00244140625,
        "var": 0.00119405332953
    },
    "barkbands": {
        "dmean": [2.83623339783e-05, 0.000197605608264, 0.000351587630576, 0.000644585699774, 0.000710066757165, 0.000776006490923, 0.000381921388907, 0.000775645312387, 0.000862048415001, 0.000848075549584, 0.000284609326627, 0.000378190510673, 0.000277304032352, 0.000503885152284, 0.000365766958566, 0.000451403466286, 0.000384741346352, 0.000260995380813, 0.000154775509145, 0.000195129687199, 7.00526070432e-05, 7.00735981809e-05, 7.0541522291e-05, 3.59985970135e-05, 5.97404015146e-10, 5.52284828981e-10, 5.79247094734e-10],
        "dmean2": [4.8744106607e-05, 0.000338349491358, 0.000617842713837, 0.00106633128598, 0.00116595427971, 0.00129453151021, 0.000607987400144, 0.0012269691797, 0.00140439847019, 0.00138619588688, 0.000446153542725, 0.000605976500083, 0.000445346318884, 0.000809279095847, 0.000583558052313, 0.000708551611751, 0.000610924558714, 0.000416990224039, 0.00024854572257, 0.000302894943161, 0.000111288391054, 0.000103667553049, 0.000103881837276, 5.47196723346e-05, 1.10914322171e-09, 1.02704578175e-09, 1.07749043021e-09],
        "dvar": [2.10132466982e-09, 1.41114114172e-07, 9.22190338315e-07, 4.86348653794e-06, 3.03464616991e-06, 3.89314118365e-06, 5.67160213905e-07, 3.54925259671e-06, 4.36393020209e-06, 3.83218275601e-06, 4.79768914374e-07, 8.38397056668e-07, 6.36148399735e-07, 2.01740658667e-06, 1.06639390651e-06, 1.37838412684e-06, 7.68300878917e-07, 3.14122019063e-07, 1.1530855204e-07, 1.67352325775e-07, 4.81471289504e-08, 1.35020570724e-07, 8.40587404127e-08, 4.65948346573e-08, 9.58781842685e-19, 8.38299212455e-19, 9.270336168e-19],
        "dvar2": [5.64557778304e-09, 3.96868642838e-07, 2.49410118158e-06, 1.12605157483e-05, 7.04920148564e-06, 1.08921240098e-05, 1.39312692227e-06, 8.63233708515e-06, 1.0941103028e-05, 1.06708084786e-05, 1.13701491955e-06, 2.01845364245e-06, 1.56222643e-06, 5.22563414052e-06, 2.3264981337e-06, 3.20324193126e-06, 1.83815006949e-06, 7.53795120545e-07, 2.72007980584e-07, 3.89545363078e-07, 1.07573320918e-07, 2.61559506498e-07, 1.6937900682e-07, 1.17063450489e-07, 3.05268234008e-18, 2.66960879455e-18, 2.9512735125e-18],
        "max": [0.000688929867465, 0.00417936267331, 0.0201966837049, 0.0959140211344, 0.0902280434966, 0.0474231131375, 0.0171175468713, 0.0448013097048, 0.0363736450672, 0.0391884632409, 0.0175411179662, 0.0221776328981, 0.0244126096368, 0.0438461117446, 0.0215173959732, 0.0203620754182, 0.0195446517318, 0.0136268055066, 0.00775560783222, 0.00944748241454, 0.0069546084851, 0.0143185090274, 0.00815546698868, 0.00902360118926, 1.24005223867e-08, 1.1539205147e-08, 1.20885994548e-08],
        "mean": [3.01138934446e-05, 0.00023574649822, 0.000362959195627, 0.000818832835648, 0.00125746568665, 0.00112816388719, 0.000640178797767, 0.00121613894589, 0.00130749493837, 0.00137057492975, 0.000426161277574, 0.000583698623814, 0.000446090387413, 0.000817515538074, 0.000552613579202, 0.000734216009732, 0.000740638701245, 0.000475382839795, 0.000295433448628, 0.000375682953745, 0.00010994724289, 9.65782819549e-05, 0.0001138327425, 5.37892810826e-05, 5.03463215562e-10, 4.56529147819e-10, 4.79835726708e-10],
        "median": [1.1553247532e-05, 9.50741377892e-05, 0.000123142497614, 0.000227657990763, 0.000710187130608, 0.000598120153882, 0.00031296844827, 0.000345648237271, 0.000262385292444, 0.00035303804907, 0.00013396597933, 0.000167238496942, 8.31344368635e-05, 0.00016838213196, 0.00011847953283, 0.000120425713249, 0.000196634413442, 0.000159383489517, 0.000117907817184, 0.00012695993064, 3.24799839291e-05, 2.49303993769e-05, 3.42526400345e-05, 1.51252461364e-05, 1.68383362809e-10, 1.45086331838e-10, 1.51827411754e-10],
        "min": [4.84790327784e-24, 6.68824989983e-23, 3.32403676474e-23, 2.68727893111e-24, 6.46194148334e-23, 1.30149159374e-23, 1.27233444272e-22, 6.56809060675e-23, 9.77282919897e-23, 4.94447349993e-23, 4.45071094431e-23, 6.25936894486e-23, 8.62686737026e-23, 3.93098255868e-23, 1.46091422957e-22, 6.69030661799e-23, 1.43341163541e-22, 2.19024062269e-22, 3.24828283066e-22, 3.11260456098e-22, 4.01337516748e-22, 6.3424517754e-22, 7.52247964722e-22, 7.31933622587e-22, 9.84532942891e-22, 1.86128501937e-21, 2.72308948174e-21],
        "var": [2.36719044366e-09, 1.60101933488e-07, 9.30337762384e-07, 5.91762773183e-06, 9.60169381869e-06, 3.62667219633e-06, 1.14371380278e-06, 7.14406223778e-06, 9.16364751902e-06, 7.97503525973e-06, 8.95064999895e-07, 1.79645644494e-06, 1.36038147502e-06, 3.99841974286e-06, 2.08003689295e-06, 2.95598306366e-06, 2.31235480896e-06, 7.42153758893e-07, 2.86882027467e-07, 4.12296799368e-07, 7.87667389091e-08, 1.88404897017e-07, 1.46570997117e-07, 5.77175391925e-08, 7.79569905952e-19, 6.68390937963e-19, 7.36270568101e-19]
    },
    "erbbands": {
        "dmean": [0.00527676846832, 0.0508656241, 0.305579960346, 1.47959291935, 1.99525606632, 2.71172904968, 3.60578560829, 7.58012962341, 6.31727266312, 10.0596637726, 15.160533905, 21.5296382904, 30.4490776062, 10.9241600037, 13.2966985703, 15.0677099228, 12.3329973221, 22.0212745667, 16.2007598877, 23.9238948822, 19.0715026855, 18.41822052, 14.6767168045, 7.26319074631, 8.56763744354, 8.75806617737, 3.9160182476, 2.20416069031, 2.26360535622, 2.7701125145, 1.84709537029, 1.24400389194, 0.249507322907, 0.0071123028174, 0.00036355710472, 4.6933964768e-05, 1.0866775483e-05, 3.29835484081e-06, 3.18507341035e-06, 5.59006321055e-06],
        "dmean2": [0.00842815171927, 0.0886846929789, 0.535408616066, 2.46206927299, 3.28611969948, 4.44763565063, 5.95909976959, 12.7600498199, 10.0980854034, 16.1086902618, 24.0910892487, 35.0980453491, 49.7881851196, 17.5725135803, 20.9164714813, 24.2066192627, 19.6572551727, 35.4325828552, 25.3174762726, 38.137008667, 29.3697166443, 28.303686142, 23.1879177094, 11.6118164062, 13.351149559, 13.4366540909, 6.09910964966, 3.44286799431, 3.34360027313, 4.1099691391, 2.71604466438, 1.88173556328, 0.370216935873, 0.0104006296024, 0.000529936864041, 6.74629336572e-05, 1.55757770699e-05, 4.7300454753e-06, 4.71974908578e-06, 8.50130709296e-06],
        "dvar": [0.000118500254757, 0.00993110891432, 0.616454720497, 24.0567493439, 47.174118042, 52.5328445435, 39.7523956299, 460.16305542, 130.163208008, 557.304504395, 1465.84289551, 3111.7253418, 4192.95507812, 765.323669434, 1045.05212402, 1424.73510742, 1123.03881836, 3767.77246094, 1863.98791504, 4595.51367188, 2477.0234375, 1792.62084961, 992.479553223, 185.978225708, 411.53036499, 317.64453125, 95.2936935425, 83.6176834106, 152.666885376, 159.102676392, 59.1660652161, 50.9229507446, 1.9835050106, 0.00152417412028, 3.81553991247e-06, 5.22416669924e-08, 2.01206806771e-09, 1.46582121441e-10, 3.26311165588e-11, 6.72253017142e-11],
        "dvar2": [0.000282730790786, 0.028783492744, 1.67827630043, 56.1386642456, 111.065994263, 114.109268188, 104.719665527, 1298.64550781, 330.975646973, 1437.68188477, 3474.22973633, 7963.56835938, 11416.9296875, 2006.35778809, 2499.88061523, 3483.69287109, 2771.92895508, 9835.60351562, 4386.70703125, 11514.4755859, 5275.03857422, 4170.56591797, 2366.11499023, 452.349090576, 922.025085449, 715.071044922, 210.354217529, 173.986434937, 306.329162598, 318.557067871, 120.659416199, 129.161209106, 4.51358795166, 0.00335212587379, 8.65046786203e-06, 1.18811044558e-07, 4.49868720054e-09, 3.19075099675e-10, 7.13695075261e-11, 1.55188889517e-10],
        "max": [0.14982894063, 1.17616856098, 14.1700439453, 208.906036377, 418.099090576, 427.674438477, 122.161735535, 539.386962891, 263.445098877, 530.853088379, 1003.02056885, 1100.32495117, 926.130432129, 584.760559082, 885.493286133, 1056.60070801, 1268.02441406, 1949.30932617, 1459.97839355, 1325.39367676, 1233.95922852, 990.606079102, 675.772888184, 284.841064453, 524.467712402, 483.13671875, 287.911529541, 261.275482178, 545.392333984, 319.247375488, 279.845550537, 291.01965332, 56.2793540955, 1.55415165424, 0.078734844923, 0.00898977462202, 0.00167505803984, 0.000420353608206, 0.000148527193232, 0.000225981260883],
        "mean": [0.0061592720449, 0.0576502196491, 0.33324238658, 1.85029423237, 3.11928725243, 4.45927715302, 5.50399780273, 10.552947998, 10.8092575073, 16.5069274902, 24.3622303009, 33.4056777954, 50.0377235413, 18.4809341431, 22.4334030151, 25.0176563263, 21.7982559204, 37.2090797424, 29.720708847, 43.871421814, 37.9775314331, 38.4130096436, 29.3763942719, 15.4155244827, 17.344493866, 17.7090759277, 7.48596048355, 3.32552647591, 3.10003662109, 4.0953783989, 3.02763986588, 1.91857635975, 0.379551231861, 0.0111268209293, 0.000605124281719, 8.8872606284e-05, 2.41866600845e-05, 7.86935288488e-06, 1.00734578155e-05, 1.83194151759e-05],
        "median": [0.00200241990387, 0.0235746242106, 0.132243037224, 0.559479236603, 1.3837916851, 2.22909498215, 3.23647212982, 4.96615457535, 5.60313510895, 6.24651575089, 7.31247329712, 8.49000263214, 14.4067850113, 7.55162382126, 7.81385421753, 8.56845855713, 6.0441236496, 9.72078323364, 7.47085285187, 7.99262905121, 8.71671867371, 10.229932785, 9.40635108948, 6.94239521027, 6.34722757339, 6.2953414917, 2.58012342453, 1.00194215775, 0.772341489792, 1.13771736622, 0.914355516434, 0.575056374073, 0.100091964006, 0.00301429210231, 0.000184946518857, 3.48050016328e-05, 1.18143261716e-05, 3.86245574191e-06, 6.90493061484e-06, 1.33705088956e-05],
        "min": [2.08356880636e-21, 1.465081783e-20, 3.51738425272e-20, 2.62524879789e-20, 5.08024734674e-20, 3.21192499945e-19, 1.32175758767e-19, 1.78740741052e-19, 1.54719573745e-18, 2.1103648037e-18, 1.02724623782e-18, 2.74172984498e-18, 1.31807549657e-18, 2.2624171439e-18, 1.51413456914e-18, 2.89951496041e-18, 3.45237725283e-18, 2.64318450988e-18, 4.69769187477e-18, 6.38770417068e-18, 4.73314028633e-18, 9.78669311883e-18, 1.03932514271e-17, 1.20902372692e-17, 1.8347175352e-17, 1.60058555174e-17, 1.58609003869e-17, 1.74481656838e-17, 2.0519876073e-17, 2.65657689487e-17, 1.98545813238e-17, 1.48680288802e-17, 1.25140804792e-17, 1.0126972889e-17, 7.63768781359e-18, 5.81921230059e-18, 3.67765244804e-18, 1.53622659874e-18, 3.87169873168e-19, 4.05980373888e-20],
        "var": [0.000150560270413, 0.0098730744794, 0.600821197033, 29.0772151947, 73.1140975952, 204.085998535, 52.6463623047, 413.789978027, 261.840118408, 1047.14416504, 3122.70532227, 6062.92822266, 8374.56445312, 1393.65979004, 2184.74365234, 3327.08325195, 2495.39282227, 7032.48974609, 4264.59423828, 11713.3212891, 7175.67333984, 5875.77099609, 2777.83227539, 523.052490234, 1153.06323242, 865.495544434, 207.166229248, 125.103096008, 201.836593628, 235.696731567, 107.175964355, 63.725353241, 2.8848657608, 0.00236859242432, 5.78753042646e-06, 8.14730398702e-08, 3.37285532837e-09, 2.68435801365e-10, 1.02549711778e-10, 2.64609556488e-10]
    },
    "gfcc": {
        "mean": [-76.5270767212, 135.112686157, -184.79208374, 46.9418334961, -81.9431762695, -1.11169874668, -27.8985176086, -18.3294410706, 4.76181030273, -32.4770698547, 9.04108715057, -19.2145957947, -2.0241291523],
        "cov": [[8212.56835938, -424.322601318, -1183.18212891, 427.00604248, 177.70513916, 32.3172988892, 123.887756348, 152.18687439, -16.6646137238, -207.259063721, -137.981872559, -334.061462402, -104.952964783], [-424.322601318, 765.116149902, 287.499237061, -123.823677063, 37.9008369446, -111.284561157, 29.1980495453, -69.8547058105, -15.7854232788, -78.8524780273, 39.3244476318, -45.3685073853, -44.2081947327], [-1183.18212891, 287.499237061, 745.576660156, 132.86630249, -142.983840942, 27.7447223663, -73.7554626465, -46.9059181213, -27.0924758911, -15.8776512146, 9.3227853775, 37.946811676, -16.7984867096], [427.00604248, -123.823677063, 132.86630249, 363.850524902, 88.6555709839, 21.1017665863, -27.1872901917, 21.2659053802, 8.91459751129, -17.8321018219, -76.595664978, 4.52103328705, -14.853348732], [177.70513916, 37.9008369446, -142.983840942, 88.6555709839, 283.223236084, 0.0928161293268, 13.7809305191, 39.1453475952, 26.8006572723, -28.6261825562, -47.5448303223, -26.6486911774, -13.1466550827], [32.3172988892, -111.284561157, 27.7447223663, 21.1017665863, 0.0928161293268, 187.789855957, 43.7005805969, -11.7986450195, -15.968249321, 25.7480621338, 0.605913221836, -1.00536227226, -6.09473276138], [123.887756348, 29.1980495453, -73.7554626465, -27.1872901917, 13.7809305191, 43.7005805969, 150.785858154, 13.1217155457, -16.4787425995, 12.5196409225, 7.50093746185, -13.2765197754, -22.8926467896], [152.18687439, -69.8547058105, -46.9059181213, 21.2659053802, 39.1453475952, -11.7986450195, 13.1217155457, 118.327888489, 47.43384552, -2.47125601768, -1.75186872482, -6.0441699028, 13.8002548218], [-16.6646137238, -15.7854232788, -27.0924758911, 8.91459751129, 26.8006572723, -15.968249321, -16.4787425995, 47.43384552, 97.7661972046, 29.4328231812, -16.1746578217, 15.1482772827, 10.7194509506], [-207.259063721, -78.8524780273, -15.8776512146, -17.8321018219, -28.6261825562, 25.7480621338, 12.5196409225, -2.47125601768, 29.4328231812, 90.7694244385, 40.0997009277, 15.1395540237, 6.78002643585], [-137.981872559, 39.3244476318, 9.3227853775, -76.595664978, -47.5448303223, 0.605913221836, 7.50093746185, -1.75186872482, -16.1746578217, 40.0997009277, 101.30015564, 28.758687973, 2.54931163788], [-334.061462402, -45.3685073853, 37.946811676, 4.52103328705, -26.6486911774, -1.00536227226, -13.2765197754, -6.0441699028, 15.1482772827, 15.1395540237, 28.758687973, 91.8932876587, 34.4761962891], [-104.952964783, -44.2081947327, -16.7984867096, -14.853348732, -13.1466550827, -6.09473276138, -22.8926467896, 13.8002548218, 10.7194509506, 6.78002643585, 2.54931163788, 34.4761962891, 85.7164916992]],
        "icov": [[0.00039545429172, -0.000127835999592, 0.00102829188108, -0.00130424567033, 0.000849786621984, -0.000445100595243, -8.63287423272e-05, 0.000282932567643, -0.00103176455013, 0.0018386648735, -0.00143830548041, 0.00166070170235, -0.000217717199121], [-0.000127835999592, 0.00667706644163, -0.00458191661164, 0.00255022430792, -0.00396331725642, 0.00412470288575, -0.00564445648342, 0.00844586919993, -0.00887862220407, 0.00962897948921, -0.00883614271879, 0.00680595031008, -0.00247666123323], [0.00102829188108, -0.00458191661164, 0.00731423031539, -0.00577926263213, 0.00575410062447, -0.00416371785104, 0.00411589164287, -0.00423325924203, 0.0028572131414, -0.000717352493666, 0.00138860568404, -0.000725226593204, 0.00164500134997], [-0.00130424567033, 0.00255022430792, -0.00577926263213, 0.00965923257172, -0.00556696951389, 0.00263236742467, -0.000474908767501, -0.000509679550305, 0.0033160278108, -0.00557138118893, 0.00675411662087, -0.00561307836324, 0.00163085479289], [0.000849786621984, -0.00396331725642, 0.00575410062447, -0.00556696951389, 0.00898294802755, -0.00356031488627, 0.00268068839796, -0.00427673384547, 0.00101666839328, 0.000504583877046, 0.00173227943014, 0.000421641947469, 0.00130034750327], [-0.000445100595243, 0.00412470288575, -0.00416371785104, 0.00263236742467, -0.00356031488627, 0.00926397368312, -0.00500012561679, 0.0047379010357, -0.00235917861573, 0.00101872859523, -0.00246884487569, 0.00216498295777, -0.00134598638397], [-8.63287423272e-05, -0.00564445648342, 0.00411589164287, -0.000474908767501, 0.00268068839796, -0.00500012561679, 0.0137227112427, -0.0103135220706, 0.0118837617338, -0.0117833390832, 0.0101185496897, -0.0079757226631, 0.00544145377353], [0.000282932567643, 0.00844586919993, -0.00423325924203, -0.000509679550305, -0.00427673384547, 0.0047379010357, -0.0103135220706, 0.0255744196475, -0.0229880996048, 0.0207767337561, -0.0198092758656, 0.0154707022011, -0.0078084776178], [-0.00103176455013, -0.00887862220407, 0.0028572131414, 0.0033160278108, 0.00101666839328, -0.00235917861573, 0.0118837617338, -0.0229880996048, 0.0385107509792, -0.032159794122, 0.0283933654428, -0.0218802168965, 0.00783897191286], [0.0018386648735, 0.00962897948921, -0.000717352493666, -0.00557138118893, 0.000504583877046, 0.00101872859523, -0.0117833390832, 0.0207767337561, -0.032159794122, 0.0465532429516, -0.0338391326368, 0.0231227707118, -0.00818512309343], [-0.00143830548041, -0.00883614271879, 0.00138860568404, 0.00675411662087, 0.00173227943014, -0.00246884487569, 0.0101185496897, -0.0198092758656, 0.0283933654428, -0.0338391326368, 0.040912155062, -0.0252058897167, 0.00915317237377], [0.00166070170235, 0.00680595031008, -0.000725226593204, -0.00561307836324, 0.000421641947469, 0.00216498295777, -0.0079757226631, 0.0154707022011, -0.0218802168965, 0.0231227707118, -0.0252058897167, 0.0328824967146, -0.011542272754], [-0.000217717199121, -0.00247666123323, 0.00164500134997, 0.00163085479289, 0.00130034750327, -0.00134598638397, 0.00544145377353, -0.0078084776178, 0.00783897191286, -0.00818512309343, 0.00915317237377, -0.011542272754, 0.0175789240748]]
    },
    "melbands": {
        "dmean": [4.91886494274e-05, 0.000124734055134, 0.000258593267063, 0.000153074011905, 0.000128989995574, 0.00016470447008, 9.09211157705e-05, 0.000127380088088, 0.000128457744722, 0.000135975729791, 0.000153824468725, 4.94765699841e-05, 4.13087000197e-05, 4.11345426983e-05, 3.51731105184e-05, 2.79275936919e-05, 4.84201555082e-05, 3.20573162753e-05, 2.80413205473e-05, 3.63229773939e-05, 2.46875824814e-05, 2.4038095944e-05, 1.8441105567e-05, 1.05935432657e-05, 6.28215184406e-06, 5.61219121664e-06, 7.80732170824e-06, 6.083937933e-06, 3.10539167003e-06, 1.64581524587e-06, 1.24955909087e-06, 1.25604287859e-06, 1.54578322054e-06, 1.6193052943e-06, 1.18872333132e-06, 8.66557172685e-07, 7.77605464464e-07, 2.35534955095e-07, 5.02858243934e-09, 5.57566449608e-12],
        "dmean2": [8.2188671513e-05, 0.000219467998249, 0.000425818259828, 0.000251052813837, 0.000211704653339, 0.000275984348264, 0.000145177793456, 0.000201901799301, 0.000204469790333, 0.000222503964324, 0.000251587218372, 7.97083412181e-05, 6.43784514978e-05, 6.56328411424e-05, 5.6195891375e-05, 4.47307393188e-05, 7.82101487857e-05, 5.08431548951e-05, 4.30906220572e-05, 5.78919061809e-05, 3.84419072361e-05, 3.7417976273e-05, 2.91790511255e-05, 1.69041322806e-05, 1.02528083517e-05, 8.98438793229e-06, 1.20901922855e-05, 9.4621163953e-06, 4.88548676003e-06, 2.65731023319e-06, 1.96662654162e-06, 1.91394701687e-06, 2.31809553952e-06, 2.4397722882e-06, 1.78479240276e-06, 1.32571130962e-06, 1.20559582228e-06, 3.52923080982e-07, 7.67561658677e-09, 1.03475179813e-11],
        "dvar": [8.99481289451e-09, 9.17116338428e-08, 7.08525647042e-07, 2.04572629059e-07, 4.93161138593e-08, 1.93160047957e-07, 2.8281217368e-08, 9.69035980347e-08, 1.03833947662e-07, 1.23197594348e-07, 1.10673724407e-07, 1.90489846119e-08, 1.03410107144e-08, 8.49475334519e-09, 9.36395938567e-09, 7.12621739396e-09, 1.98365235349e-08, 8.59172732959e-09, 7.1077774777e-09, 9.22544707294e-09, 4.77829287249e-09, 3.37519523441e-09, 1.97917060518e-09, 4.43810183048e-10, 1.53297971539e-10, 1.86480164643e-10, 3.55228763071e-10, 1.60571111962e-10, 5.8377150336e-11, 3.26760667135e-11, 3.12858385032e-11, 4.72022525233e-11, 7.77256314866e-11, 5.01820390797e-11, 2.53978973269e-11, 1.36358381184e-11, 2.59088826782e-11, 1.57799186044e-12, 8.05011536862e-16, 8.31789137961e-23],
        "dvar2": [2.39303474814e-08, 2.54160738677e-07, 1.65568849297e-06, 4.69743156373e-07, 1.25227984427e-07, 5.43661485608e-07, 7.08230487589e-08, 2.49611161962e-07, 2.51037789667e-07, 3.1418414892e-07, 3.02848917499e-07, 5.00435213269e-08, 2.45520883624e-08, 1.99359195818e-08, 2.1777477599e-08, 1.74947416554e-08, 5.20545277993e-08, 2.05977173096e-08, 1.43545211273e-08, 2.31031496156e-08, 1.01011314868e-08, 7.92962850937e-09, 4.82814410674e-09, 1.07436082253e-09, 3.8851205586e-10, 4.41564812492e-10, 8.16031908712e-10, 3.68949010232e-10, 1.30713079249e-10, 7.31905092088e-11, 6.61269511371e-11, 9.97263591151e-11, 1.62008462201e-10, 1.04350680874e-10, 5.20472276389e-11, 3.08092128198e-11, 6.84151485464e-11, 3.48865467764e-12, 1.68296753944e-15, 2.65263554436e-22],
        "max": [0.00118690694217, 0.00525451404974, 0.0350005365908, 0.0234286803752, 0.00613549118862, 0.0108796907589, 0.00398236466572, 0.0079775294289, 0.00777800567448, 0.00657041789964, 0.0051330011338, 0.00309544522315, 0.00275151664391, 0.00274535804056, 0.00261940737255, 0.00263529783115, 0.0044934800826, 0.00323616457172, 0.00229819864035, 0.00194750924129, 0.00196499377489, 0.00143391324673, 0.000797515909653, 0.000512570666615, 0.000246009847615, 0.0003024013713, 0.000439165713033, 0.000335370015819, 0.000167572274222, 0.000191841754713, 0.000178200672963, 0.000341566919815, 0.000320086546708, 0.000201473972993, 0.000184291915502, 0.000101524761703, 0.000217566048377, 4.56145025964e-05, 1.12968757549e-06, 1.1539068312e-10],
        "mean": [6.02342115599e-05, 0.000139791154652, 0.000352227769326, 0.000269759475486, 0.000203910443815, 0.000235816638451, 0.000155269677634, 0.000203271512873, 0.000198892870685, 0.000208062905585, 0.000249666278251, 7.60654002079e-05, 6.57385389786e-05, 6.61967278575e-05, 5.56111699552e-05, 4.57432033727e-05, 7.60913972044e-05, 5.19873574376e-05, 4.51241612609e-05, 6.16188626736e-05, 4.35891124653e-05, 4.38984025095e-05, 3.17575941153e-05, 1.9742636141e-05, 1.16057999549e-05, 1.01910300145e-05, 1.45037365655e-05, 1.11773351819e-05, 5.51585935682e-06, 2.45336423177e-06, 1.69724944499e-06, 1.65331948665e-06, 2.03740592042e-06, 2.36001960729e-06, 1.83975862456e-06, 1.37430640734e-06, 1.11370979994e-06, 3.38775350883e-07, 6.35115426917e-09, 4.70553283838e-12],
        "median": [2.36090927501e-05, 5.87995054957e-05, 0.000126602666569, 0.000138025658089, 0.000122683530208, 0.000117699113616, 7.95632222435e-05, 6.81231613271e-05, 5.33709753654e-05, 4.62774805783e-05, 6.43668900011e-05, 2.54837723332e-05, 2.03285417228e-05, 2.21354821406e-05, 1.58923285198e-05, 8.97869176697e-06, 1.7204478354e-05, 1.09174525278e-05, 8.40026223159e-06, 1.04240862129e-05, 9.46016916714e-06, 1.04536065919e-05, 7.71060058469e-06, 7.29199518901e-06, 4.6943905545e-06, 3.65768937627e-06, 4.51668302048e-06, 3.65953064829e-06, 1.57879617291e-06, 7.05162847225e-07, 4.04581811608e-07, 3.74691836669e-07, 4.89996068609e-07, 6.41790279587e-07, 5.18559147622e-07, 4.42647717591e-07, 3.0291676012e-07, 8.32178415067e-08, 1.21339482906e-09, 1.60100242525e-12],
        "min": [1.91903620727e-23, 1.91936106019e-23, 4.31990486891e-24, 1.39429950152e-23, 7.76358485392e-24, 3.64354302295e-24, 2.4218689278e-23, 2.190097334e-23, 7.82168761504e-24, 1.69416982851e-23, 5.88790712414e-24, 9.09842822456e-24, 5.10928918334e-24, 6.48276386137e-24, 7.2790893629e-24, 8.39626313283e-24, 4.29447909307e-24, 5.77093167367e-24, 1.30981328743e-23, 3.6623167292e-24, 5.89360940519e-24, 9.82390415605e-24, 8.45603039045e-24, 1.04203547867e-23, 9.06929085817e-24, 1.52885519058e-23, 9.35856851869e-24, 1.11788532246e-23, 9.08125472266e-24, 9.89976259842e-24, 9.98406106361e-24, 1.25357152808e-23, 1.15504106552e-23, 1.55232474914e-23, 1.19987739502e-23, 9.36475476591e-24, 8.90669873699e-24, 8.69931824906e-24, 7.94699895869e-24, 9.39265598727e-24],
        "var": [1.09821467476e-08, 8.97886849316e-08, 8.87419275841e-07, 6.54183565985e-07, 8.25203869681e-08, 1.77916817279e-07, 5.77205412355e-08, 1.83375433949e-07, 2.15088675759e-07, 2.44542519567e-07, 2.24290843676e-07, 3.30761764644e-08, 2.09682351482e-08, 1.77259291689e-08, 2.11723421017e-08, 1.51529846448e-08, 3.4584850539e-08, 1.74506755712e-08, 1.60573865315e-08, 2.17350333287e-08, 1.27832153751e-08, 8.86162343505e-09, 4.22885149121e-09, 1.10084452665e-09, 3.45523776257e-10, 4.26095547734e-10, 8.72949268427e-10, 3.89137416734e-10, 1.29025151674e-10, 4.94899780878e-11, 4.36419095307e-11, 5.83392570364e-11, 9.82536829675e-11, 7.26835328035e-11, 4.41438760546e-11, 2.21888462465e-11, 2.81151456283e-11, 2.3630747966e-12, 1.22240078591e-15, 6.73330269276e-23]
    },
    "mfcc": {
        "mean": [-683.344543457, 129.874816895, -34.1068382263, 26.3875465393, -20.414812088, 5.18915891647, -24.0066070557, 14.7751598358, -22.6416988373, 14.9482002258, -19.6215515137, 6.77231216431, -9.78185939789],
        "cov": [[7367.19921875, -250.695480347, -1556.82958984, 604.595825195, -319.583282471, 318.317016602, -231.939102173, 514.656311035, -216.010681152, 585.862854004, -312.981750488, 121.682853699, -222.777816772], [-250.695480347, 738.956604004, 154.467285156, -92.1746444702, 34.2266845703, -129.333618164, 70.2232131958, -54.0716209412, -40.1331863403, -45.3627510071, 45.0234565735, -51.160987854, 29.4704322815], [-1556.82958984, 154.467285156, 925.484558105, -5.95267534256, 27.985748291, -6.20396900177, 19.0786724091, -91.1415710449, -16.1669788361, -155.302139282, 52.1943702698, -10.0479354858, 2.8801472187], [604.595825195, -92.1746444702, -5.95267534256, 345.641235352, 89.808555603, 30.6578598022, -47.5024261475, 73.8225784302, 26.7781887054, 23.873052597, -46.2660980225, 9.58104801178, 0.101371884346], [-319.583282471, 34.2266845703, 27.985748291, 89.808555603, 256.033233643, -17.5431690216, -18.350484848, 9.31402301788, 53.4643058777, -10.5359153748, -17.942358017, -19.3301868439, 21.8534107208], [318.317016602, -129.333618164, -6.20396900177, 30.6578598022, -17.5431690216, 209.223693848, 29.9301128387, 28.3451309204, 0.369153618813, 11.3257665634, 16.090713501, -0.797488510609, -41.8978385925], [-231.939102173, 70.2232131958, 19.0786724091, -47.5024261475, -18.350484848, 29.9301128387, 155.246398926, 0.325800031424, -18.9269752502, -0.138090997934, 24.1947002411, -6.26939821243, -3.47962236404], [514.656311035, -54.0716209412, -91.1415710449, 73.8225784302, 9.31402301788, 28.3451309204, 0.325800031424, 133.203964233, 13.1058311462, 45.274433136, -24.9722747803, 3.89867830276, -2.82122755051], [-216.010681152, -40.1331863403, -16.1669788361, 26.7781887054, 53.4643058777, 0.369153618813, -18.9269752502, 13.1058311462, 133.983535767, -6.20041418076, 4.74682760239, -7.62825155258, 7.40696668625], [585.862854004, -45.3627510071, -155.302139282, 23.873052597, -10.5359153748, 11.3257665634, -0.138090997934, 45.274433136, -6.20041418076, 160.147476196, -16.7635555267, 6.71609067917, -23.8336200714], [-312.981750488, 45.0234565735, 52.1943702698, -46.2660980225, -17.942358017, 16.090713501, 24.1947002411, -24.9722747803, 4.74682760239, -16.7635555267, 115.388465881, 13.2809400558, 13.1467676163], [121.682853699, -51.160987854, -10.0479354858, 9.58104801178, -19.3301868439, -0.797488510609, -6.26939821243, 3.89867830276, -7.62825155258, 6.71609067917, 13.2809400558, 87.4542999268, 19.3828678131], [-222.777816772, 29.4704322815, 2.8801472187, 0.101371884346, 21.8534107208, -41.8978385925, -3.47962236404, -2.82122755051, 7.40696668625, -23.8336200714, 13.1467676163, 19.3828678131, 105.145149231]],
