{
"lowlevel": {
    "average_loudness": 0.970960497856,
    "barkbands_crest": {
        "dmean": 2.23911261559,
        "dmean2": 3.6451625824,
        "dvar": 4.2373251915,
        "dvar2": 10.5723667145,
        "max": 26.9099349976,
        "mean": 9.05113983154,
        "median": 8.13830184937,
        "min": 2.36700034142,
        "var": 15.5926074982
    },
    "barkbands_flatness_db": {
        "dmean": 0.0161064062268,
        "dmean2": 0.0251355096698,
        "dvar": 0.00025366738555,
        "dvar2": 0.000543240981642,
        "max": 0.596856534481,
        "mean": 0.127753436565,
        "median": 0.123223274946,
        "min": 0.034495420754,
        "var": 0.00154105946422
    },
    "barkbands_kurtosis": {
        "dmean": 2.3757250309,
        "dmean2": 3.8733754158,
        "dvar": 1016.12634277,
        "dvar2": 2500.81713867,
        "max": 2641.95996094,
        "mean": 3.23889780045,
        "median": 0.722320079803,
        "min": -1.91448807716,
        "var": 1270.57348633
    },
    "barkbands_skewness": {
        "dmean": 0.411437898874,
        "dmean2": 0.62618046999,
        "dvar": 0.491289824247,
        "dvar2": 0.884741008282,
        "max": 50.7588844299,
        "mean": 0.97807508707,
        "median": 0.822785437107,
        "min": -5.99508285522,
        "var": 1.97843849659
    },
    "barkbands_spread": {
        "dmean": 5.53766298294,
        "dmean2": 8.443110466,
        "dvar": 55.932723999,
        "dvar2": 115.746902466,
        "max": 112.533401489,
        "mean": 24.5467071533,
        "median": 21.759563446,
        "min": 0.215324878693,
        "var": 211.548370361
    },
    "dissonance": {
        "dmean": 0.0194567833096,
        "dmean2": 0.0328484140337,
        "dvar": 0.000366572348867,
        "dvar2": 0.00102503597736,
        "max": 0.499988555908,
        "mean": 0.460010141134,
        "median": 0.466957300901,
        "min": 0.322737634182,
        "var": 0.000879388826434
    },
    "dynamic_complexity": 1.91155683994,
    "erbbands_crest": {
        "dmean": 2.72003078461,
        "dmean2": 4.39459466934,
        "dvar": 6.51013898849,
        "dvar2": 15.9523124695,
        "max": 32.0645675659,
        "mean": 10.7568416595,
        "median": 9.19267463684,
        "min": 1.97277879715,
        "var": 30.711271286
    },
    "erbbands_flatness_db": {
        "dmean": 0.0150187406689,
        "dmean2": 0.0222520325333,
        "dvar": 0.000198223409825,
        "dvar2": 0.000399617332732,
        "max": 0.315860271454,
        "mean": 0.174882754683,
        "median": 0.172573834658,
        "min": 0.0352017655969,
        "var": 0.00160152150784
    },
    "erbbands_kurtosis": {
        "dmean": 1.02772581577,
        "dmean2": 1.60050690174,
        "dvar": 3.15128326416,
        "dvar2": 6.53719520569,
        "max": 69.6603393555,
        "mean": 0.808679223061,
        "median": -0.0418884754181,
        "min": -1.82939565182,
        "var": 11.9215145111
    },
    "erbbands_skewness": {
        "dmean": 0.372177481651,
        "dmean2": 0.556784749031,
        "dvar": 0.151042461395,
        "dvar2": 0.292647898197,
        "max": 3.79668593407,
        "mean": 0.302257061005,
        "median": 0.353309988976,
        "min": -6.3367562294,
        "var": 0.99204570055
    },
    "erbbands_spread": {
        "dmean": 7.08204984665,
        "dmean2": 10.7599515915,
        "dvar": 72.0826568604,
        "dvar2": 159.885375977,
        "max": 133.205459595,
        "mean": 36.2699317932,
        "median": 33.9728126526,
        "min": 4.14658260345,
        "var": 326.040893555
    },
    "hfc": {
        "dmean": 9.7445640564,
        "dmean2": 13.786113739,
        "dvar": 555.298156738,
        "dvar2": 1017.35516357,
        "max": 966.993286133,
        "mean": 30.5831356049,
        "median": 23.1279220581,
        "min": 1.17811073011e-16,
        "var": 1784.13549805
    },
    "melbands_crest": {
        "dmean": 2.9134850502,
        "dmean2": 4.7761926651,
        "dvar": 7.29884672165,
        "dvar2": 18.3683643341,
        "max": 39.9882774353,
        "mean": 11.8224687576,
        "median": 10.8398189545,
        "min": 1.8224760294,
        "var": 24.0534553528
    },
    "melbands_flatness_db": {
        "dmean": 0.0196512416005,
        "dmean2": 0.0298245027661,
        "dvar": 0.000432396424003,
        "dvar2": 0.000911874289159,
        "max": 0.573895871639,
        "mean": 0.171004191041,
        "median": 0.167113304138,
        "min": 0.00543184299022,
        "var": 0.0036698335316
    },
    "melbands_kurtosis": {
        "dmean": 5.18668317795,
        "dmean2": 8.73569393158,
        "dvar": 5526.86328125,
        "dvar2": 16168.3193359,
        "max": 5277.93896484,
        "mean": 9.09467029572,
        "median": 3.65033388138,
        "min": -1.93748629093,
        "var": 4518.12353516
    },
    "melbands_skewness": {
        "dmean": 0.505245745182,
        "dmean2": 0.788829743862,
        "dvar": 1.00864851475,
        "dvar2": 2.3469748497,
        "max": 70.7077941895,
        "mean": 1.8602347374,
        "median": 1.64914643764,
        "min": -2.23871135712,
        "var": 2.93584918976
    },
    "melbands_spread": {
        "dmean": 8.5550737381,
        "dmean2": 13.0041618347,
        "dvar": 213.922821045,
        "dvar2": 397.439819336,
        "max": 313.84854126,
        "mean": 33.7902069092,
        "median": 27.624004364,
        "min": 0.178488373756,
        "var": 952.411315918
    },
    "pitch_salience": {
        "dmean": 0.0583467744291,
        "dmean2": 0.0941099524498,
        "dvar": 0.00272359279916,
        "dvar2": 0.00672190124169,
        "max": 0.902049124241,
        "mean": 0.575088441372,
        "median": 0.57881373167,
        "min": 0.00168944173492,
        "var": 0.0129558490589
    },
    "silence_rate_20dB": {
        "dmean": 0,
        "dmean2": 0,
        "dvar": 0,
        "dvar2": 0,
        "max": 1,
        "mean": 1,
        "median": 1,
        "min": 1,
        "var": 0
    },
    "silence_rate_30dB": {
        "dmean": 0,
        "dmean2": 0,
        "dvar": 0,
        "dvar2": 0,
        "max": 1,
        "mean": 1,
        "median": 1,
        "min": 1,
        "var": 0
    },
    "silence_rate_60dB": {
        "dmean": 0.00203252024949,
        "dmean2": 0.00406555691734,
        "dvar": 0.00202822848223,
        "dvar2": 0.00506542529911,
        "max": 1,
        "mean": 0.00406452454627,
        "median": 0,
        "min": 0,
        "var": 0.0040486366488
    },
    "spectral_centroid": {
        "dmean": 259.196777344,
        "dmean2": 387.859954834,
        "dvar": 110442.039062,
        "dvar2": 208276.515625,
        "max": 11287.1005859,
        "mean": 1680.10119629,
        "median": 1591.07763672,
        "min": 233.750686646,
        "var": 721267.5
    },
    "spectral_complexity": {
        "dmean": 3.18572163582,
        "dmean2": 4.94575023651,
        "dvar": 11.0614843369,
        "dvar2": 23.6360187531,
        "max": 57,
        "mean": 20.6736946106,
        "median": 19,
        "min": 0,
        "var": 100.433204651
    },
    "spectral_decrease": {
        "dmean": 1.41637557238e-09,
        "dmean2": 2.1937889283e-09,
        "dvar": 2.90097390022e-18,
        "dvar2": 6.74740283287e-18,
        "max": 1.0437284833e-28,
        "mean": -5.43341727166e-09,
        "median": -5.07784170267e-09,
        "min": -3.80567328762e-08,
        "var": 7.26740702982e-18
    },
    "spectral_energy": {
        "dmean": 0.00602175202221,
        "dmean2": 0.00923140253872,
        "dvar": 5.17516382388e-05,
        "dvar2": 0.000116187198728,
        "max": 0.148454144597,
        "mean": 0.0232809372246,
        "median": 0.0218252949417,
        "min": 1.07025401712e-20,
        "var": 0.000136374335852
    },
    "spectral_energyband_high": {
        "dmean": 0.0008846433484,
        "dmean2": 0.00123864330817,
        "dvar": 9.78629304882e-06,
        "dvar2": 1.8042341253e-05,
        "max": 0.116199687123,
        "mean": 0.00180560396984,
        "median": 0.000598993501626,
        "min": 7.37624659533e-21,
        "var": 2.8889902751e-05
    },
    "spectral_energyband_low": {
        "dmean": 0.00199533253908,
        "dmean2": 0.00335057172924,
        "dvar": 1.70065068232e-05,
        "dvar2": 4.77971698274e-05,
        "max": 0.102573424578,
        "mean": 0.00395759241655,
        "median": 0.00271085556597,
        "min": 3.66875130983e-23,
        "var": 2.29758352361e-05
    },
    "spectral_energyband_middle_high": {
        "dmean": 0.0025209246669,
        "dmean2": 0.0037872523535,
        "dvar": 1.22956607811e-05,
        "dvar2": 2.87610346277e-05,
        "max": 0.0525886826217,
        "mean": 0.00814913585782,
        "median": 0.00612537842244,
        "min": 1.29251039972e-21,
        "var": 5.67678725929e-05
    },
    "spectral_energyband_middle_low": {
        "dmean": 0.00370226055384,
        "dmean2": 0.0057869697921,
        "dvar": 2.10497310036e-05,
        "dvar2": 4.81184761156e-05,
        "max": 0.0748508423567,
        "mean": 0.0109889563173,
        "median": 0.00971680786461,
        "min": 2.89086724634e-22,
        "var": 5.36470251973e-05
    },
    "spectral_entropy": {
        "dmean": 0.142127528787,
        "dmean2": 0.202663779259,
        "dvar": 0.0238707903773,
        "dvar2": 0.0420920923352,
        "max": 9.80815315247,
        "mean": 7.49475240707,
        "median": 7.47874832153,
        "min": 6.01832866669,
        "var": 0.200985088944
    },
    "spectral_flux": {
        "dmean": 0.020058862865,
        "dmean2": 0.0320775695145,
        "dvar": 0.000412195746321,
        "dvar2": 0.000983575009741,
        "max": 0.330143839121,
        "mean": 0.0802719667554,
        "median": 0.0750333666801,
        "min": 6.60900639771e-11,
        "var": 0.00127591879573
    },
    "spectral_kurtosis": {
        "dmean": 1.34264540672,
        "dmean2": 2.26340031624,
        "dvar": 1.80348742008,
        "dvar2": 5.1456823349,
        "max": 23.1350917816,
        "mean": 3.65376448631,
        "median": 3.27228689194,
        "min": -1.36806130409,
        "var": 5.57129001617
    },
    "spectral_rms": {
        "dmean": 0.000596064375713,
        "dmean2": 0.000905327207875,
        "dvar": 3.60255256737e-07,
        "dvar2": 7.69205144024e-07,
        "max": 0.0120346713811,
        "mean": 0.00462122820318,
        "median": 0.00461443047971,
        "min": 3.23133143507e-12,
        "var": 1.35733421303e-06
    },
    "spectral_rolloff": {
        "dmean": 530.345703125,
        "dmean2": 863.994750977,
        "dvar": 973395.125,
        "dvar2": 1763306.875,
        "max": 19422.9492188,
        "mean": 2075.17431641,
        "median": 1571.92382812,
        "min": 21.533203125,
        "var": 3762829.25
    },
    "spectral_skewness": {
        "dmean": 0.19456872344,
        "dmean2": 0.308697372675,
        "dvar": 0.0324229970574,
        "dvar2": 0.0750589370728,
        "max": 3.56015443802,
        "mean": 1.3226801157,
        "median": 1.30981969833,
        "min": -0.555583119392,
        "var": 0.182793274522
    },
    "spectral_spread": {
        "dmean": 432246.125,
        "dmean2": 607479.75,
        "dvar": 443665809408,
        "dvar2": 734323998720,
        "max": 41108132,
        "mean": 4365605.5,
        "median": 3956684,
        "min": 2020080.375,
        "var": 3.26988123341e+12
    },
    "spectral_strongpeak": {
        "dmean": 0.853854775429,
        "dmean2": 1.43804788589,
        "dvar": 1.9328302145,
        "dvar2": 5.23536300659,
        "max": 19.6415958405,
        "mean": 1.7238202095,
        "median": 0.990052223206,
        "min": 0,
        "var": 3.72950649261
    },
    "zerocrossingrate": {
        "dmean": 0.0106544187292,
        "dmean2": 0.0118564069271,
        "dvar": 0.000306077592541,
        "dvar2": 0.000264279718976,
        "max": 0.8173828125,
        "mean": 0.0763758569956,
        "median": 0.0654296875,
        "min": 0,
        "var": 0.00274902698584
    },
    "barkbands": {
        "dmean": [0.000131214954308, 0.00117635307834, 0.000785379495937, 0.000717891787644, 0.00119897292461, 0.00101714360062, 0.000437797076302, 0.000611982599366, 0.000853866629768, 0.00142196321394, 0.000454801484011, 0.000277420738712, 0.000298400962492, 0.000554040365387, 0.000351972819772, 0.000314753415296, 0.000298823259072, 0.000304213346681, 0.000223324095714, 0.00031412721728, 0.000169285820448, 0.000168818762177, 0.000222747345106, 0.000194928390556, 0.0001242319413, 2.5954164812e-05, 1.53792157676e-07],
        "dmean2": [0.000214192215935, 0.00198912271298, 0.00135634525213, 0.00118713546544, 0.0019421344623, 0.001634754939, 0.0006937282742, 0.000953266920988, 0.00130057684146, 0.00224416377023, 0.000690280809067, 0.000433691777289, 0.000479347596411, 0.000875834084582, 0.000560829823371, 0.000500969938003, 0.000474620697787, 0.000477234250866, 0.000350021407939, 0.000484625488752, 0.000261671259068, 0.000255275605014, 0.00031832975219, 0.000286909868009, 0.000172907544766, 3.92527799704e-05, 2.50203555652e-07],
        "dvar": [4.48612560433e-08, 5.39230904906e-06, 5.77475748287e-06, 2.98350482808e-06, 3.19229366141e-06, 4.08904861615e-06, 1.1511970115e-06, 1.42133694681e-06, 4.53835536973e-06, 1.09310858534e-05, 2.06024333238e-06, 5.63649223295e-07, 6.65037532599e-07, 1.63063009495e-06, 8.68596771397e-07, 1.08042229385e-06, 3.8747575104e-07, 2.89788602004e-07, 1.51234132773e-07, 4.03273133998e-07, 4.39762601445e-07, 9.07493756586e-07, 7.52488347189e-07, 9.08311506009e-07, 4.35003641996e-07, 9.90438309145e-08, 6.28961197902e-14],
        "dvar2": [1.02747364394e-07, 1.48940125655e-05, 1.65056953847e-05, 7.32026046535e-06, 8.44675105327e-06, 1.02693275039e-05, 2.73048840427e-06, 3.38433710567e-06, 9.57416705205e-06, 2.66520910372e-05, 4.34449293607e-06, 1.23023733067e-06, 1.61779439622e-06, 4.00025510316e-06, 2.16859439206e-06, 2.59281750914e-06, 9.37975698889e-07, 6.74198133765e-07, 3.47733930539e-07, 8.71293934779e-07, 9.20558250073e-07, 2.00940849027e-06, 1.42656404023e-06, 1.92578158931e-06, 8.10695553355e-07, 2.617490793e-07, 1.61706653385e-13],
        "max": [0.00399511307478, 0.0452501997352, 0.0695903748274, 0.0398509539664, 0.03332073614, 0.0362684093416, 0.0232361592352, 0.0206403713673, 0.0633418858051, 0.0581778734922, 0.0331359282136, 0.0289218537509, 0.0183721594512, 0.0251572839916, 0.0209111869335, 0.0335354916751, 0.0143483020365, 0.0128614204004, 0.0110246548429, 0.0115471659228, 0.0272286571562, 0.0469792410731, 0.0233253762126, 0.043683949858, 0.0252473335713, 0.0208696909249, 5.94299945078e-06],
        "mean": [0.000164842072991, 0.00191929959692, 0.00120426737703, 0.00120005442295, 0.00286150956526, 0.00189073861111, 0.000790050602518, 0.00115049129818, 0.001472908305, 0.00282012764364, 0.000833833997604, 0.000486548349727, 0.000548716983758, 0.000943337683566, 0.00059148168657, 0.000571513315663, 0.000590127543546, 0.000588122697081, 0.000495583051816, 0.000644869636744, 0.000276096310699, 0.000267619412625, 0.000395154667785, 0.000332717230776, 0.000203350326046, 3.73505208699e-05, 2.50486692721e-07],
        "median": [7.79595284257e-05, 0.00122323771939, 0.000614581629634, 0.000572994234972, 0.0020720618777, 0.00101463065948, 0.000342918181559, 0.000509375473484, 0.000377069343813, 0.000476671033539, 0.000156562018674, 0.000190040940652, 0.000113856061944, 0.000205375748919, 0.000205385891604, 0.000121250777738, 0.000211718361243, 0.000350863265339, 0.000273343553999, 0.000335760239977, 7.62289928389e-05, 3.6666795495e-05, 9.89961117739e-05, 5.76274651394e-05, 1.32574386953e-05, 2.22641278924e-06, 1.18471938038e-07],
        "min": [4.85225779004e-24, 8.3974803452e-24, 4.55641483462e-24, 1.51285235826e-23, 1.86688161515e-23, 3.2860307085e-23, 1.22467026775e-23, 1.83929704256e-23, 4.21533536058e-23, 2.00049161776e-23, 2.98463251571e-23, 5.08555780184e-23, 4.48655489058e-23, 7.45851072709e-23, 1.08366882779e-22, 1.04807706458e-22, 7.37283664625e-23, 1.34504734956e-22, 2.38646806893e-22, 2.68905340272e-22, 3.48242457283e-22, 4.2995120572e-22, 5.10877277921e-22, 7.57083417013e-22, 1.01672099218e-21, 1.67481193289e-21, 2.13101476346e-21],
        "var": [7.16032388937e-08, 7.27230053599e-06, 5.01580507262e-06, 4.21154663854e-06, 7.60103193898e-06, 7.13828831067e-06, 2.15948739424e-06, 2.98022609968e-06, 1.15942457342e-05, 3.05711619148e-05, 7.49737046135e-06, 1.7935356027e-06, 2.19763364839e-06, 3.70957400264e-06, 1.53945597958e-06, 2.47675029641e-06, 1.14029671749e-06, 6.16821807853e-07, 4.21782488047e-07, 9.90015337266e-07, 8.22034337489e-07, 1.71155841144e-06, 1.86926661172e-06, 2.38769825955e-06, 1.29760144318e-06, 1.17976057368e-07, 1.26858010316e-13]
    },
    "erbbands": {
        "dmean": [0.0426854304969, 0.248227581382, 0.731892287731, 1.86037218571, 2.60876202583, 4.69206666946, 7.8831152916, 7.54033994675, 6.16290426254, 8.15451145172, 14.4466056824, 19.9383659363, 46.0251731873, 26.2553844452, 11.8634176254, 11.7423563004, 12.2927494049, 28.0324077606, 18.3438453674, 16.3047676086, 16.0066814423, 15.0269556046, 16.7715778351, 11.9259881973, 11.5458660126, 14.9489450455, 7.92895317078, 6.60924386978, 6.23158693314, 6.05529117584, 6.41886043549, 4.8431096077, 2.89490294456, 1.49932849407, 0.863630056381, 0.231573909521, 0.0179807487875, 0.000633997959085, 4.86317803734e-05, 1.12999123303e-05],
        "dmean2": [0.0689634606242, 0.428123623133, 1.25371479988, 3.09497356415, 4.27495718002, 7.70975875854, 12.3889284134, 12.2440576553, 9.79510211945, 12.6996183395, 22.338180542, 30.6417140961, 73.0025253296, 39.9513015747, 17.9713478088, 18.2279014587, 19.3168048859, 43.4801177979, 28.9540271759, 25.6972312927, 24.9540424347, 23.6031360626, 26.3479194641, 18.5913105011, 17.736082077, 22.9368362427, 12.3365192413, 10.0167617798, 9.5163974762, 8.70314025879, 9.21833992004, 7.16215753555, 4.20964860916, 2.17379784584, 1.17024075985, 0.338559776545, 0.0251781344414, 0.000918977020774, 7.21625401638e-05, 1.63692893693e-05],
        "dvar": [0.00800019595772, 0.258299142122, 4.67848396301, 21.5863513947, 19.0807247162, 64.7034606934, 182.342895508, 347.182556152, 261.730102539, 400.172241211, 800.229125977, 2945.33056641, 13455.6269531, 4284.96826172, 1146.52783203, 1085.9197998, 981.998901367, 4115.96972656, 1764.16992188, 2278.81518555, 2125.28930664, 1066.96582031, 1048.94714355, 369.094940186, 499.390106201, 1027.3190918, 422.632049561, 1231.7253418, 1465.38415527, 767.560913086, 531.288574219, 580.354858398, 214.792678833, 66.569480896, 22.1031112671, 5.38906145096, 0.0118786767125, 1.05959397843e-05, 2.94136537349e-08, 7.88742182678e-10],
        "dvar2": [0.0188005082309, 0.763751983643, 13.2707738876, 55.2622566223, 49.0441741943, 178.02015686, 436.280456543, 888.246948242, 653.985717773, 929.847106934, 1878.4387207, 6195.00976562, 33717.5429688, 10026.0742188, 2518.53564453, 2253.01318359, 2240.42700195, 9704.65625, 4066.26782227, 5362.49707031, 4778.62695312, 2616.42333984, 2424.29638672, 857.307495117, 1072.3503418, 2201.99462891, 910.349914551, 2604.3815918, 3344.20043945, 1521.9420166, 1014.47125244, 1296.05822754, 423.805603027, 135.401412964, 38.4047431946, 12.7899007797, 0.0240237805992, 2.0936195142e-05, 5.74818876942e-08, 1.44666556512e-09],
        "max": [2.12187457085, 9.71746253967, 63.3347473145, 91.4573364258, 72.0304260254, 186.432693481, 298.750915527, 417.486663818, 387.705474854, 584.473632812, 553.626220703, 1694.36157227, 2187.02758789, 1699.04528809, 1141.52990723, 1469.35791016, 788.01953125, 1208.91577148, 1116.98291016, 1733.04345703, 1366.65942383, 775.202575684, 848.831298828, 624.58392334, 626.729248047, 625.145263672, 587.016967773, 1624.47875977, 1872.90380859, 1002.86602783, 708.333679199, 1129.52331543, 594.91394043, 261.426025391, 232.466781616, 159.635940552, 5.60960674286, 0.169222056866, 0.0101541485637, 0.00144245754927],
        "mean": [0.0635251626372, 0.403491735458, 1.2035959959, 3.21459388733, 5.66641902924, 10.3613796234, 16.1013050079, 13.0457239151, 11.4122152328, 16.1424617767, 27.9616622925, 36.3876037598, 92.5585861206, 55.4485588074, 23.7183990479, 22.0175209045, 23.981388092, 50.9239692688, 33.3763275146, 30.5655727386, 33.2396583557, 31.9701690674, 34.2659835815, 27.5277824402, 26.1948204041, 30.6971702576, 14.7998228073, 10.1945800781, 9.5246181488, 10.4238328934, 11.305431366, 8.24048614502, 4.79836940765, 2.35611224174, 1.41803526878, 0.352101892233, 0.0285741854459, 0.00112295872532, 9.55547511694e-05, 3.78878539777e-05],
        "median": [0.0338666327298, 0.258550077677, 0.653686285019, 1.66532218456, 3.86524009705, 6.76904201508, 8.78867053986, 6.51980352402, 5.57427883148, 7.49827718735, 12.3803663254, 12.8191108704, 16.8654289246, 15.2362117767, 7.48024606705, 9.80146121979, 8.22008514404, 13.8372306824, 14.438621521, 10.993637085, 9.28962421417, 11.9385480881, 19.0244560242, 17.1231155396, 13.6932582855, 15.3674259186, 6.51755475998, 2.17514252663, 1.24482667446, 1.95707035065, 2.93468475342, 1.86127281189, 0.609766125679, 0.177680194378, 0.0906271412969, 0.0216627381742, 0.00226973625831, 0.000331495131832, 4.2800209485e-05, 2.96686557704e-05],
        "min": [4.19933808184e-22, 1.16881216301e-21, 4.72568082003e-21, 2.34340089822e-20, 7.71109657743e-20, 6.08227972362e-20, 1.28405443685e-19, 2.24149428239e-19, 3.88866549852e-19, 6.37979177453e-19, 5.31739873589e-19, 8.23677554358e-19, 9.98217781786e-19, 8.88289821076e-19, 1.12428465663e-18, 2.03828407833e-18, 2.44889363927e-18, 4.70452852253e-18, 5.42171727467e-18, 5.98846792958e-18, 5.17439854332e-18, 4.48109959445e-18, 6.26250294035e-18, 9.79101513753e-18, 1.22841449484e-17, 1.33207288146e-17, 1.0461504581e-17, 1.46865735779e-17, 1.76117108714e-17, 1.17555442769e-17, 1.51831400258e-17, 1.03241752285e-17, 1.26068041171e-17, 1.033672604e-17, 7.89199043084e-18, 5.91342941313e-18, 2.85912538546e-18, 1.17962159205e-18, 2.93870026379e-19, 2.83074485742e-20],
        "var": [0.0117134004831, 0.304547458887, 4.2829451561, 28.1317234039, 36.0024185181, 137.416381836, 454.304260254, 494.928100586, 422.962402344, 810.360473633, 1898.04150391, 6849.32470703, 37910.9726562, 15730.8867188, 3557.90551758, 3445.37182617, 3055.16723633, 9593.2734375, 3756.73022461, 4299.22460938, 6514.03417969, 3217.61645508, 2338.27661133, 1125.46020508, 1440.25585938, 2409.99511719, 899.624389648, 2049.21240234, 2373.45117188, 1926.44628906, 1375.00585938, 1287.43762207, 554.19152832, 154.88973999, 74.3408050537, 8.81562805176, 0.0307266749442, 2.8706053854e-05, 8.26496915352e-08, 2.51809306739e-09]
    },
    "gfcc": {
        "mean": [8.20249843597, 91.4661331177, -131.423995972, 41.76978302, -67.2149200439, 13.3968801498, -39.9062614441, 12.5457735062, -23.1996059418, -6.42499876022, -9.24807929993, -7.10103702545, -6.31075239182],
        "cov": [[3766.99780273, -571.34375, -604.286071777, 197.45664978, -392.174041748, 230.95149231, -199.759002686, 159.991134644, -189.778305054, 73.1988067627, -47.9617919922, -16.2961044312, -22.1298542023], [-571.34375, 1148.85070801, 87.2542572021, -126.833312988, 256.707366943, -239.618545532, 157.044448853, -78.762840271, 55.6807327271, -151.750213623, 75.8329620361, -95.2209014893, -10.2255811691], [-604.286071777, 87.2542572021, 1117.99291992, 186.17048645, -46.8914756775, 6.2330532074, -149.649383545, -33.9288864136, 19.9005584717, 5.61798191071, -48.3251686096, 86.407409668, -64.17527771], [197.45664978, -126.833312988, 186.17048645, 290.990325928, -25.6883621216, 15.5301513672, -71.7500839233, -14.2377796173, 29.6523017883, 13.4124097824, -31.0903930664, 17.3949737549, -0.903631091118], [-392.174041748, 256.707366943, -46.8914756775, -25.6883621216, 289.931182861, -66.0225753784, 30.4879016876, -8.05650520325, 43.2850418091, 1.53869068623, -25.192691803, -10.27389431, 18.2206420898], [230.95149231, -239.618545532, 6.2330532074, 15.5301513672, -66.0225753784, 220.228363037, 34.8423843384, 12.3890390396, -53.9867134094, 30.58959198, -7.10242557526, -3.04735708237, -1.60895204544], [-199.759002686, 157.044448853, -149.649383545, -71.7500839233, 30.4879016876, 34.8423843384, 268.978363037, -13.9577903748, -42.2931594849, -24.909444809, 27.6600246429, -60.8309173584, 6.88812303543], [159.991134644, -78.762840271, -33.9288864136, -14.2377796173, -8.05650520325, 12.3890390396, -13.9577903748, 108.841995239, 3.84501576424, 10.109826088, -7.00813150406, 8.65199661255, 2.783223629], [-189.778305054, 55.6807327271, 19.9005584717, 29.6523017883, 43.2850418091, -53.9867134094, -42.2931594849, 3.84501576424, 142.342315674, 0.181609734893, -9.85358047485, 16.3722877502, 2.72946166992], [73.1988067627, -151.750213623, 5.61798191071, 13.4124097824, 1.53869068623, 30.58959198, -24.909444809, 10.109826088, 0.181609734893, 124.576309204, -17.6415119171, 17.6689529419, 6.45648050308], [-47.9617919922, 75.8329620361, -48.3251686096, -31.0903930664, -25.192691803, -7.10242557526, 27.6600246429, -7.00813150406, -9.85358047485, -17.6415119171, 132.520980835, 4.50315713882, -23.933637619], [-16.2961044312, -95.2209014893, 86.407409668, 17.3949737549, -10.27389431, -3.04735708237, -60.8309173584, 8.65199661255, 16.3722877502, 17.6689529419, 4.50315713882, 116.569274902, 10.5214776993], [-22.1298542023, -10.2255811691, -64.17527771, -0.903631091118, 18.2206420898, -1.60895204544, 6.88812303543, 2.783223629, 2.72946166992, 6.45648050308, -23.933637619, 10.5214776993, 87.9276199341]],
        "icov": [[0.000640600919724, -0.000554019352421, 0.000737371796276, -0.000831315643154, 0.00099980214145, -0.000709298241418, 0.000859875581227, -0.000889681221452, 0.000921959115658, -0.000478176603792, 0.000672475027386, -0.000338079495123, 0.00059706857428], [-0.000554019352421, 0.00291893072426, -0.00136218138505, 0.00150773092173, -0.00249733240344, 0.00247913040221, -0.00175388366915, 0.0015921285376, -0.00120523804799, 0.00223165261559, -0.00194536021445, 0.00190045137424, -0.0010122085223], [0.000737371796276, -0.00136218138505, 0.00224934564903, -0.00176488491707, 0.00168116530403, -0.00140256679151, 0.0015854218509, -0.000877864367794, 0.00129710114561, -0.000912278424948, 0.00168948993087, -0.001687444048, 0.00186881329864], [-0.000831315643154, 0.00150773092173, -0.00176488491707, 0.00553674716502, -0.00151109253056, 0.00101203622762, -0.000702813151293, 0.00203160149977, -0.0022024246864, 0.00105219497345, -0.000792417733464, 0.00127269269433, -0.0013195888605], [0.00099980214145, -0.00249733240344, 0.00168116530403, -0.00151109253056, 0.00674999319017, -0.00122569571249, 0.00127431447618, -0.00167085556313, 0.00065099686617, -0.00236436864361, 0.00284292735159, -0.001484948094, 0.000809507677332], [-0.000709298241418, 0.00247913040221, -0.00140256679151, 0.00101203622762, -0.00122569571249, 0.00796473771334, -0.0027537078131, 0.000952657603193, 0.000388041080441, 0.000492083316203, -0.00124129757751, 0.0014046584256, -0.00087232637452], [0.000859875581227, -0.00175388366915, 0.0015854218509, -0.000702813151293, 0.00127431447618, -0.0027537078131, 0.00668836338446, -0.000937557371799, 0.00225683907047, -0.000650327012409, 0.00048958818661, 0.000948390865233, 0.000351107126335], [-0.000889681221452, 0.0015921285376, -0.000877864367794, 0.00203160149977, -0.00167085556313, 0.000952657603193, -0.000937557371799, 0.0112219480798, -0.00189462257549, 0.000867436116096, -0.000738310278393, 0.000316389574436, -0.000820406654384], [0.000921959115658, -0.00120523804799, 0.00129710114561, -0.0022024246864, 0.00065099686617, 0.000388041080441, 0.00225683907047, -0.00189462257549, 0.00992465671152, -0.000988683197647, 0.00140871538315, -0.00150025833864, 0.0010988105787], [-0.000478176603792, 0.00223165261559, -0.000912278424948, 0.00105219497345, -0.00236436864361, 0.000492083316203, -0.000650327012409, 0.000867436116096, -0.000988683197647, 0.0105789806694, -0.00062473322032, 0.000321101368172, -0.000947991677094], [0.000672475027386, -0.00194536021445, 0.00168948993087, -0.000792417733464, 0.00284292735159, -0.00124129757751, 0.00048958818661, -0.000738310278393, 0.00140871538315, -0.00062473322032, 0.010463276878, -0.00294605921954, 0.00374389602803], [-0.000338079495123, 0.00190045137424, -0.001687444048, 0.00127269269433, -0.001484948094, 0.0014046584256, 0.000948390865233, 0.000316389574436, -0.00150025833864, 0.000321101368172, -0.00294605921954, 0.0120736993849, -0.00305715575814], [0.00059706857428, -0.0010122085223, 0.00186881329864, -0.0013195888605, 0.000809507677332, -0.00087232637452, 0.000351107126335, -0.000820406654384, 0.0010988105787, -0.000947991677094, 0.00374389602803, -0.00305715575814, 0.0139911193401]]
    },
    "melbands": {
        "dmean": [0.000344523665262, 0.000339864694979, 0.000318053294905, 0.000243217495154, 0.000256229541264, 0.000174961489392, 9.36908618314e-05, 9.43702107179e-05, 0.000124733385746, 0.000130355067085, 0.000233239072259, 0.000110850138299, 4.74822554679e-05, 3.09716851916e-05, 2.75422535196e-05, 3.34357537213e-05, 5.96307145315e-05, 3.31790906785e-05, 2.6768691896e-05, 2.42224450631e-05, 1.9828119548e-05, 1.79405342351e-05, 1.6424106434e-05, 1.4860617739e-05, 1.04541813926e-05, 8.00346060714e-06, 1.1141180039e-05, 1.05081699076e-05, 5.98703854848e-06, 3.94705375584e-06, 4.0901295506e-06, 3.75638137484e-06, 3.24550455844e-06, 3.73156399291e-06, 3.93312939195e-06, 3.59522641702e-06, 2.90910656986e-06, 2.22731841859e-06, 1.6137341845e-06, 1.29474312871e-06],
        "dmean2": [0.000573072640691, 0.000585042056628, 0.000525508192368, 0.000400705845095, 0.000402736040996, 0.000282192107989, 0.000148146806168, 0.000147675193148, 0.000192379171494, 0.000198809357244, 0.000368915207218, 0.000167615231476, 7.13451590855e-05, 4.89680824103e-05, 4.36171976617e-05, 5.26283401996e-05, 9.30462192628e-05, 5.21588299307e-05, 4.22417251684e-05, 3.87769141525e-05, 3.1005260098e-05, 2.84848465526e-05, 2.64041391347e-05, 2.34441704379e-05, 1.65047204064e-05, 1.25037286125e-05, 1.7019427105e-05, 1.6382218746e-05, 9.43469149206e-06, 6.21104481979e-06, 6.20744594926e-06, 5.86149553783e-06, 4.94267624163e-06, 5.44593603991e-06, 5.72056205783e-06, 5.33184720553e-06, 4.41384463556e-06, 3.24933489537e-06, 2.35839638663e-06, 1.92090965356e-06],
        "dvar": [4.81973927435e-07, 7.94487050371e-07, 5.45986665657e-07, 1.46310384253e-07, 1.69598848743e-07, 1.5869602521e-07, 5.36110533744e-08, 4.915817442e-08, 6.61295160853e-08, 1.13660462375e-07, 3.44841140532e-07, 7.34427132443e-08, 1.88238100662e-08, 7.55264295549e-09, 5.80043790777e-09, 8.36844904484e-09, 2.02118393133e-08, 5.69234925862e-09, 5.48021628077e-09, 7.39498906555e-09, 3.20646176277e-09, 1.60551294481e-09, 1.30044197633e-09, 8.30751911707e-10, 3.10571152129e-10, 2.24154514394e-10, 5.75856307083e-10, 5.48914802501e-10, 2.12241335618e-10, 2.43779579856e-10, 5.3241472342e-10, 5.36628852466e-10, 3.26313087662e-10, 2.84580442544e-10, 1.92218269079e-10, 2.0195213557e-10, 2.6502960937e-10, 1.25378193938e-10, 6.9110328571e-11, 5.78100206594e-11],
        "dvar2": [1.24741814034e-06, 2.27186228585e-06, 1.38572124797e-06, 4.01045838316e-07, 4.12698909713e-07, 4.05649842605e-07, 1.33078060571e-07, 1.15334110262e-07, 1.50681444211e-07, 2.44388871806e-07, 8.61522494233e-07, 1.70137852251e-07, 3.93508159391e-08, 1.77853340944e-08, 1.25079182567e-08, 2.04129158021e-08, 4.85275464257e-08, 1.28942652111e-08, 1.34164617194e-08, 1.74531109565e-08, 7.17835080266e-09, 3.93967702905e-09, 3.11081449489e-09, 1.96017757581e-09, 7.31852356495e-10, 5.15279208191e-10, 1.21268284303e-09, 1.21757637306e-09, 4.84736695228e-10, 5.50389900322e-10, 1.14469567158e-09, 1.25771260073e-09, 7.45973949279e-10, 5.66843905148e-10, 3.90229293323e-10, 3.93889226791e-10, 6.3500005254e-10, 2.52897119912e-10, 1.43593720248e-10, 1.26416030422e-10],
        "max": [0.0153971929103, 0.0254198741168, 0.015702707693, 0.00648949481547, 0.00801974721253, 0.00847170036286, 0.00507812667638, 0.00586541788653, 0.00586007861421, 0.00910189654678, 0.0110038304701, 0.00651440862566, 0.00331065640785, 0.00322088925168, 0.00200663506985, 0.00244557880796, 0.00279977126047, 0.00230978312902, 0.00222304929048, 0.00347823393531, 0.00182113412302, 0.00101931393147, 0.00130337465089, 0.000846087408718, 0.000596247497015, 0.000333091069479, 0.000595927704126, 0.000583815854043, 0.0003652490268, 0.000494849227834, 0.00109010841697, 0.00108190346509, 0.000884767156094, 0.000448102073278, 0.000400451215683, 0.000580532709137, 0.000856768514495, 0.000470534025226, 0.00027925055474, 0.000250162556767],
        "mean": [0.000552611483727, 0.000605561013799, 0.000609581824392, 0.000560796528589, 0.00055637746118, 0.000311193114612, 0.000174154367414, 0.00018422192079, 0.000233166298131, 0.000230079182074, 0.000461319636088, 0.000223103619646, 8.93772012205e-05, 5.64254478377e-05, 4.57899113826e-05, 6.3033272454e-05, 0.000102306148619, 5.35317994945e-05, 4.36523150711e-05, 4.20593642048e-05, 3.78895892936e-05, 3.40049045917e-05, 3.1509607652e-05, 2.76360569842e-05, 2.19343528443e-05, 1.66308454936e-05, 2.26371612371e-05, 1.96092169062e-05, 1.03601441879e-05, 6.10929055256e-06, 5.76802176511e-06, 5.40512564839e-06, 5.0798121265e-06, 6.13702786723e-06, 6.60047635392e-06, 6.07397350905e-06, 4.61848185296e-06, 3.55126076101e-06, 2.41105999521e-06, 1.91128970073e-06],
        "median": [0.000338220590493, 0.000378911587177, 0.00036908139009, 0.00040172910667, 0.000337763223797, 0.000162957658176, 8.09320481494e-05, 8.91935851541e-05, 9.1502617579e-05, 6.25565444352e-05, 7.34173008823e-05, 5.20501926076e-05, 2.11951173696e-05, 2.17292472371e-05, 1.85928274732e-05, 1.17902709462e-05, 2.29533889069e-05, 1.83397642104e-05, 1.44545265357e-05, 1.03692727862e-05, 1.04156315501e-05, 1.12888783406e-05, 1.41178879858e-05, 1.59498868015e-05, 1.22572673718e-05, 8.73163753567e-06, 1.02644680737e-05, 9.19994181459e-06, 4.26458746006e-06, 1.56281885211e-06, 9.04300520688e-07, 6.1907996951e-07, 7.33447336643e-07, 1.13842543215e-06, 1.6312325215e-06, 1.55730788265e-06, 8.65856634391e-07, 4.25812004323e-07, 2.28940209013e-07, 1.0420185248e-07],
        "min": [5.52109863612e-24, 2.06663985291e-24, 6.84182218542e-24, 4.86261513929e-24, 4.33297037765e-24, 6.24838027022e-24, 5.82429259188e-24, 1.016169834e-23, 4.71566376328e-24, 5.43746833612e-24, 5.15367325888e-24, 2.64265168919e-24, 4.11082517459e-24, 3.96113053478e-24, 3.64973005903e-24, 6.41079529212e-24, 8.5694165238e-24, 7.88672367465e-24, 7.12908746178e-24, 7.47338264842e-24, 5.56264202354e-24, 4.38667168934e-24, 4.96908927339e-24, 5.82491342541e-24, 7.30083668034e-24, 1.17728276209e-23, 7.99076101741e-24, 8.09248778658e-24, 5.71191028403e-24, 8.03081542987e-24, 8.28821916552e-24, 9.97358814623e-24, 8.00231546309e-24, 5.97704485655e-24, 7.78260902351e-24, 6.56034478152e-24, 6.3146528693e-24, 7.39730332499e-24, 9.02948651461e-24, 6.99030079614e-24],
        "var": [6.77238972457e-07, 8.04219553174e-07, 7.39519634863e-07, 3.12067669483e-07, 4.26513480534e-07, 2.41826228375e-07, 9.30798549348e-08, 9.66446336292e-08, 1.58173833142e-07, 2.74744678563e-07, 9.72696739154e-07, 2.58919385487e-07, 6.243453754e-08, 2.32119994337e-08, 1.25139454354e-08, 3.22366204841e-08, 4.64464164907e-08, 1.14339417934e-08, 9.12992614843e-09, 1.38982922948e-08, 8.54876436307e-09, 4.05318845154e-09, 3.25849858207e-09, 1.48513457088e-09, 9.11892117372e-10, 5.72572766977e-10, 1.57541801826e-09, 1.08094388995e-09, 4.14841327956e-10, 4.15729339842e-10, 8.41240133109e-10, 7.98685617642e-10, 6.41928399325e-10, 6.54097220831e-10, 4.61262694706e-10, 4.87519580261e-10, 5.16456988287e-10, 3.18836845814e-10, 1.50688156397e-10, 1.19210780136e-10]
    },
    "mfcc": {
        "mean": [-626.355712891, 110.502532959, -3.62503433228, 24.9288330078, 1.77423524857, -3.28156399727, -1.42891955376, 7.95236587524, -9.32177734375, 11.9573917389, -8.67071437836, -2.30013465881, -6.2305355072],
        "cov": [[2920.48364258, -959.567260742, -408.349365234, -195.785568237, -164.225662231, -41.8434906006, 56.3178634644, -13.412689209, -12.5303707123, 40.604511261, -35.1353263855, 17.5112247467, -8.07889461517], [-959.567260742, 1249.49365234, -90.8564910889, 151.304504395, 67.297706604, -86.0296859741, 48.6763572693, 43.902797699, -62.3728294373, 65.5488357544, -26.980266571, -29.8031330109, -29.6770935059], [-408.349365234, -90.8564910889, 984.255554199, 112.112701416, 104.366920471, 67.354057312, -80.9996643066, 7.3586564064, -55.395614624, -74.9370346069, 25.9409599304, 4.88869285583, 26.6623020172], [-195.785568237, 151.304504395, 112.112701416, 274.480377197, 86.3793716431, -0.808427989483, -57.0905151367, -8.70802402496, 25.710149765, -17.1599884033, -22.1716899872, 10.6621303558, 33.0634613037], [-164.225662231, 67.297706604, 104.366920471, 86.3793716431, 262.652496338, -14.6308517456, -112.323036194, -7.09445667267, 27.123872757, -38.4448890686, -10.4213533401, 13.0651226044, 51.6941947937], [-41.8434906006, -86.0296859741, 67.354057312, -0.808427989483, -14.6308517456, 169.46836853, 45.0932159424, -17.3078231812, 42.5896911621, -29.462179184, 32.4772033691, -2.4700729847, -19.2961044312], [56.3178634644, 48.6763572693, -80.9996643066, -57.0905151367, -112.323036194, 45.0932159424, 246.580871582, 5.97681951523, -18.9290943146, 47.5216827393, 7.33781671524, -12.5754890442, -76.2085113525], [-13.412689209, 43.902797699, 7.3586564064, -8.70802402496, -7.09445667267, -17.3078231812, 5.97681951523, 125.733840942, -45.3716392517, 26.4934158325, -11.1037626266, -15.0649328232, 15.9382257462], [-12.5303707123, -62.3728294373, -55.395614624, 25.710149765, 27.123872757, 42.5896911621, -18.9290943146, -45.3716392517, 230.679580688, -70.3564605713, 15.366271019, 6.78559207916, -19.7772483826], [40.604511261, 65.5488357544, -74.9370346069, -17.1599884033, -38.4448890686, -29.462179184, 47.5216827393, 26.4934158325, -70.3564605713, 184.671783447, -13.7710180283, -33.3175354004, -47.4728660583], [-35.1353263855, -26.980266571, 25.9409599304, -22.1716899872, -10.4213533401, 32.4772033691, 7.33781671524, -11.1037626266, 15.366271019, -13.7710180283, 105.852073669, 8.5146074295, -8.27702617645], [17.5112247467, -29.8031330109, 4.88869285583, 10.6621303558, 13.0651226044, -2.4700729847, -12.5754890442, -15.0649328232, 6.78559207916, -33.3175354004, 8.5146074295, 96.8308410645, 42.8013038635], [-8.07889461517, -29.6770935059, 26.6623020172, 33.0634613037, 51.6941947937, -19.2961044312, -76.2085113525, 15.9382257462, -19.7772483826, -47.4728660583, -8.27702617645, 42.8013038635, 151.919921875]],
