{
"lowlevel": {
    "average_loudness": 0.283077001572,
    "barkbands_crest": {
        "dmean": 2.32882356644,
        "dmean2": 3.84640407562,
        "dvar": 4.25459575653,
        "dvar2": 10.9000272751,
        "max": 25.5839099884,
        "mean": 8.84546279907,
        "median": 7.9400100708,
        "min": 2.2363524437,
        "var": 14.9450407028
    },
    "barkbands_flatness_db": {
        "dmean": 0.0173412170261,
        "dmean2": 0.0273273214698,
        "dvar": 0.00024854548974,
        "dvar2": 0.000587446731515,
        "max": 0.330340236425,
        "mean": 0.138347744942,
        "median": 0.133340150118,
        "min": 0.0247482229024,
        "var": 0.00167986459564
    },
    "barkbands_kurtosis": {
        "dmean": 2.16156768799,
        "dmean2": 3.48546504974,
        "dvar": 24.0614471436,
        "dvar2": 62.2338142395,
        "max": 118.121055603,
        "mean": 3.19346690178,
        "median": 0.674875974655,
        "min": -1.94141888618,
        "var": 57.0403404236
    },
    "barkbands_skewness": {
        "dmean": 0.447007656097,
        "dmean2": 0.683779835701,
        "dvar": 0.243688672781,
        "dvar2": 0.543879389763,
        "max": 9.25315761566,
        "mean": 1.03752291203,
        "median": 0.84105527401,
        "min": -4.30597257614,
        "var": 1.6224424839
    },
    "barkbands_spread": {
        "dmean": 4.49107885361,
        "dmean2": 6.9843878746,
        "dvar": 34.3583984375,
        "dvar2": 70.8801651001,
        "max": 101.143043518,
        "mean": 20.3758468628,
        "median": 17.8278999329,
        "min": 1.12048888206,
        "var": 159.582778931
    },
    "dissonance": {
        "dmean": 0.0194790232927,
        "dmean2": 0.0328683070838,
        "dvar": 0.00040382676525,
        "dvar2": 0.00110960577149,
        "max": 0.500000059605,
        "mean": 0.461890935898,
        "median": 0.469855368137,
        "min": 0.154321596026,
        "var": 0.000979693140835
    },
    "dynamic_complexity": 5.08056974411,
    "erbbands_crest": {
        "dmean": 2.86158847809,
        "dmean2": 4.65888214111,
        "dvar": 6.44472169876,
        "dvar2": 15.7335910797,
        "max": 28.9911670685,
        "mean": 10.0097322464,
        "median": 9.06367683411,
        "min": 2.0083117485,
        "var": 18.6412944794
    },
    "erbbands_flatness_db": {
        "dmean": 0.0168630946428,
        "dmean2": 0.0247689895332,
        "dvar": 0.000233620186918,
        "dvar2": 0.000459931703517,
        "max": 0.339337617159,
        "mean": 0.181755140424,
        "median": 0.184244006872,
        "min": 0.0441591702402,
        "var": 0.00162994151469
    },
    "erbbands_kurtosis": {
        "dmean": 1.02879953384,
        "dmean2": 1.62877857685,
        "dvar": 2.72352981567,
        "dvar2": 5.70418167114,
        "max": 48.4804573059,
        "mean": 0.839582085609,
        "median": 0.125774860382,
        "min": -1.7734695673,
        "var": 7.96884870529
    },
    "erbbands_skewness": {
        "dmean": 0.363534420729,
        "dmean2": 0.55584615469,
        "dvar": 0.12308087945,
        "dvar2": 0.251080483198,
        "max": 6.02900886536,
        "mean": 0.284821122885,
        "median": 0.260342597961,
        "min": -5.36293745041,
        "var": 0.823986113071
    },
    "erbbands_spread": {
        "dmean": 6.3809928894,
        "dmean2": 9.84718894958,
        "dvar": 53.6358833313,
        "dvar2": 121.294265747,
        "max": 133.929534912,
        "mean": 30.657787323,
        "median": 27.1807861328,
        "min": 4.37181711197,
        "var": 236.457366943
    },
    "hfc": {
        "dmean": 3.46884202957,
        "dmean2": 5.16361808777,
        "dvar": 39.273059845,
        "dvar2": 87.1570663452,
        "max": 127.158058167,
        "mean": 12.8860168457,
        "median": 5.1684627533,
        "min": 1.15203349734e-16,
        "var": 314.502319336
    },
    "melbands_crest": {
        "dmean": 2.8605196476,
        "dmean2": 4.73714256287,
        "dvar": 6.77705621719,
        "dvar2": 17.7161941528,
        "max": 33.3792114258,
        "mean": 11.062502861,
        "median": 10.1238384247,
        "min": 1.02486169338,
        "var": 22.3856449127
    },
    "melbands_flatness_db": {
        "dmean": 0.0191108211875,
        "dmean2": 0.0296480823308,
        "dvar": 0.000363038474461,
        "dvar2": 0.000809899589512,
        "max": 0.396089702845,
        "mean": 0.171889260411,
        "median": 0.163190186024,
        "min": 1.20724971566e-05,
        "var": 0.00400992715731
    },
    "melbands_kurtosis": {
        "dmean": 3.90506410599,
        "dmean2": 6.21340465546,
        "dvar": 71.0612716675,
        "dvar2": 179.992523193,
        "max": 239.008148193,
        "mean": 7.35536336899,
        "median": 2.66325879097,
        "min": -1.8874809742,
        "var": 189.67098999
    },
    "melbands_skewness": {
        "dmean": 0.513679802418,
        "dmean2": 0.797368645668,
        "dvar": 0.320008784533,
        "dvar2": 0.738391578197,
        "max": 11.8056030273,
        "mean": 1.70742607117,
        "median": 1.45534920692,
        "min": -1.38034904003,
        "var": 2.03319168091
    },
    "melbands_spread": {
        "dmean": 7.1587843895,
        "dmean2": 10.9476461411,
        "dvar": 111.760017395,
        "dvar2": 200.069274902,
        "max": 208.542953491,
        "mean": 29.7680931091,
        "median": 26.1241569519,
        "min": 0.891332089901,
        "var": 532.769226074
    },
    "pitch_salience": {
        "dmean": 0.0613089948893,
        "dmean2": 0.1009779796,
        "dvar": 0.0029007520061,
        "dvar2": 0.00753398519009,
        "max": 0.997593462467,
        "mean": 0.604024648666,
        "median": 0.607152819633,
        "min": 0.145128920674,
        "var": 0.0101112769917
    },
    "silence_rate_20dB": {
        "dmean": 0,
        "dmean2": 0,
        "dvar": 0,
        "dvar2": 0,
        "max": 1,
        "mean": 1,
        "median": 1,
        "min": 1,
        "var": 0
    },
    "silence_rate_30dB": {
        "dmean": 0,
        "dmean2": 0,
        "dvar": 0,
        "dvar2": 0,
        "max": 1,
        "mean": 1,
        "median": 1,
        "min": 1,
        "var": 0
    },
    "silence_rate_60dB": {
        "dmean": 0.0706704929471,
        "dmean2": 0.14135864377,
        "dvar": 0.0656797885895,
        "dvar2": 0.146347135305,
        "max": 1,
        "mean": 0.309987515211,
        "median": 0,
        "min": 0,
        "var": 0.21387822926
    },
    "spectral_centroid": {
        "dmean": 226.75340271,
        "dmean2": 343.291137695,
        "dvar": 77280.265625,
        "dvar2": 139862.140625,
        "max": 11288.9882812,
        "mean": 1580.22509766,
        "median": 1515.03491211,
        "min": 256.881317139,
        "var": 699283.5625
    },
    "spectral_complexity": {
        "dmean": 2.23873138428,
        "dmean2": 3.57492518425,
        "dvar": 5.8267159462,
        "dvar2": 13.316991806,
        "max": 46,
        "mean": 13.4166040421,
        "median": 11,
        "min": 0,
        "var": 79.851234436
    },
    "spectral_decrease": {
        "dmean": 5.88564974535e-10,
        "dmean2": 9.2967705756e-10,
        "dvar": 9.92818463736e-19,
        "dvar2": 2.53291616435e-18,
        "max": 7.06635854028e-29,
        "mean": -2.12648965103e-09,
        "median": -1.25611776536e-09,
        "min": -1.82330737175e-08,
        "var": 5.17900800729e-18
    },
    "spectral_energy": {
        "dmean": 0.00249120313674,
        "dmean2": 0.00390646094456,
        "dvar": 1.7127404135e-05,
        "dvar2": 4.31156404375e-05,
        "max": 0.0728387832642,
        "mean": 0.00919466838241,
        "median": 0.00524714589119,
        "min": 1.03289461478e-20,
        "var": 0.000101118974271
    },
    "spectral_energyband_high": {
        "dmean": 0.000159315939527,
        "dmean2": 0.000221862195758,
        "dvar": 2.36226767925e-07,
        "dvar2": 4.15448852209e-07,
        "max": 0.0148631585762,
        "mean": 0.000367275672033,
        "median": 9.53035487328e-05,
        "min": 7.0532988052e-21,
        "var": 8.06963328159e-07
    },
    "spectral_energyband_low": {
        "dmean": 0.000353278534021,
        "dmean2": 0.000602896383498,
        "dvar": 6.50610957109e-07,
        "dvar2": 1.77785170763e-06,
        "max": 0.0137622216716,
        "mean": 0.000557229737751,
        "median": 0.000267161522061,
        "min": 2.62982275984e-23,
        "var": 8.78411015037e-07
    },
    "spectral_energyband_middle_high": {
        "dmean": 0.00139490829315,
        "dmean2": 0.0021580804605,
        "dvar": 7.07525487087e-06,
        "dvar2": 1.75372315425e-05,
        "max": 0.0580387860537,
        "mean": 0.00486278766766,
        "median": 0.00144826481119,
        "min": 1.50127353993e-21,
        "var": 5.87547656323e-05
    },
    "spectral_energyband_middle_low": {
        "dmean": 0.00143585167825,
        "dmean2": 0.0023459198419,
        "dvar": 8.97368045116e-06,
        "dvar2": 2.35587431234e-05,
        "max": 0.0620357431471,
        "mean": 0.00374045176432,
        "median": 0.00292112655006,
        "min": 2.6501654631e-22,
        "var": 1.49206589413e-05
    },
    "spectral_entropy": {
        "dmean": 0.143065854907,
        "dmean2": 0.215974211693,
        "dvar": 0.022074515,
        "dvar2": 0.0452197901905,
        "max": 9.81098365784,
        "mean": 7.45121240616,
        "median": 7.45673179626,
        "min": 5.8951587677,
        "var": 0.179502651095
    },
    "spectral_flux": {
        "dmean": 0.0121096801013,
        "dmean2": 0.019511602819,
        "dvar": 0.000224310730118,
        "dvar2": 0.000549847085495,
        "max": 0.249342739582,
        "mean": 0.0503407940269,
        "median": 0.0395554155111,
        "min": 6.50797193913e-11,
        "var": 0.0012601899216
    },
    "spectral_kurtosis": {
        "dmean": 1.54994034767,
        "dmean2": 2.6147313118,
        "dvar": 2.54838132858,
        "dvar2": 7.06618404388,
        "max": 26.6667976379,
        "mean": 5.47823238373,
        "median": 5.03494977951,
        "min": -1.23639523983,
        "var": 8.08285331726
    },
    "spectral_rms": {
        "dmean": 0.000371643982362,
        "dmean2": 0.000572101562284,
        "dvar": 1.86798757795e-07,
        "dvar2": 4.33817803014e-07,
        "max": 0.00842984113842,
        "mean": 0.00261137261987,
        "median": 0.00226255762391,
        "min": 3.17443228821e-12,
        "var": 2.15114437196e-06
    },
    "spectral_rolloff": {
        "dmean": 409.473236084,
        "dmean2": 674.147888184,
        "dvar": 587585.5625,
        "dvar2": 1148556.5,
        "max": 19035.3515625,
        "mean": 1955.32727051,
        "median": 1679.58984375,
        "min": 43.06640625,
        "var": 2134105.5
    },
    "spectral_skewness": {
        "dmean": 0.211410135031,
        "dmean2": 0.339011281729,
        "dvar": 0.0407836772501,
        "dvar2": 0.0951628610492,
        "max": 4.11103248596,
        "mean": 1.6631218195,
        "median": 1.62362623215,
        "min": -0.259662657976,
        "var": 0.252523928881
    },
    "spectral_spread": {
        "dmean": 458141.21875,
        "dmean2": 657112.625,
        "dvar": 507912650752,
        "dvar2": 1.07594763469e+12,
        "max": 41620484,
        "mean": 4124597.75,
        "median": 3788911.75,
        "min": 1851598.5,
        "var": 2.38329475891e+12
    },
    "spectral_strongpeak": {
        "dmean": 0.637038111687,
        "dmean2": 1.06062674522,
        "dvar": 1.30817198753,
        "dvar2": 3.42583537102,
        "max": 20.8547420502,
        "mean": 1.17060303688,
        "median": 0.486961483955,
        "min": 0,
        "var": 2.87845778465
    },
    "zerocrossingrate": {
        "dmean": 0.00920643936843,
        "dmean2": 0.0105821909383,
        "dvar": 0.000181135037565,
        "dvar2": 0.000180915871169,
        "max": 0.55810546875,
        "mean": 0.0729644596577,
        "median": 0.06787109375,
        "min": 0.01025390625,
        "var": 0.00159224704839
    },
    "barkbands": {
        "dmean": [1.18935167848e-05, 9.36737487791e-05, 0.000169890670804, 0.00032579730032, 0.000500571448356, 0.000435809517512, 0.000291667238344, 0.000231697791605, 0.000286198686808, 0.000450989697129, 0.000331353279762, 0.000309978000587, 0.00037040116149, 0.000202218187042, 0.000243904316449, 0.000136669463245, 0.000164629513165, 0.000269936776021, 0.000346404471202, 9.3919748906e-05, 4.97675682709e-05, 3.7499678001e-05, 3.3045787859e-05, 1.88911435544e-05, 1.51888789333e-05, 1.13879805212e-05, 2.14036144364e-09],
        "dmean2": [2.06307704502e-05, 0.000162557829753, 0.000295416946756, 0.000559361709747, 0.000828142394312, 0.000740603194572, 0.000476563058328, 0.000367080239812, 0.000441550888354, 0.000727939361241, 0.000522185640875, 0.000499403860886, 0.000595893361606, 0.000328655238263, 0.000387524982216, 0.000220377376536, 0.000258932734141, 0.000443786237156, 0.000575084006414, 0.000143871817272, 7.83775467426e-05, 5.70315751247e-05, 4.79504342366e-05, 2.78808038274e-05, 2.15323379962e-05, 1.66000972968e-05, 3.85500387168e-09],
        "dvar": [4.21340629053e-10, 3.81669345018e-08, 1.62127946624e-07, 1.19100059237e-06, 6.87605734129e-07, 1.48209323925e-06, 3.55282367082e-07, 2.47859958336e-07, 3.93676913291e-07, 1.18118532555e-06, 8.27373526135e-07, 1.07294988538e-06, 1.43326622037e-06, 5.78137189677e-07, 6.85152599544e-07, 1.88223765463e-07, 1.88682960811e-07, 6.04077456501e-07, 1.360879196e-06, 7.50172546304e-08, 3.43555015547e-08, 2.59540460235e-08, 2.34021104717e-08, 6.27188123659e-09, 3.3720102266e-09, 1.44109146838e-09, 1.24202690987e-16],
        "dvar2": [1.18103971047e-09, 1.10148917543e-07, 4.54589212495e-07, 3.23060589835e-06, 1.83168810963e-06, 4.22137782152e-06, 9.14892723358e-07, 6.13784550296e-07, 8.92766991001e-07, 3.07871664518e-06, 1.99206988327e-06, 2.74416083812e-06, 3.83332962883e-06, 1.41543932841e-06, 1.70787416209e-06, 4.4255841658e-07, 4.17539041564e-07, 1.51794438352e-06, 3.75892932425e-06, 1.43343385162e-07, 8.12506328884e-08, 5.71680160988e-08, 4.71158756454e-08, 1.33148487791e-08, 8.05767275125e-09, 3.21597104502e-09, 3.62286050057e-16],
        "max": [0.000402133708121, 0.0038511690218, 0.0102272331715, 0.0202855821699, 0.0161457043141, 0.0301362387836, 0.0146799515933, 0.0124742891639, 0.0192057210952, 0.0195946041495, 0.0271639600396, 0.0300709195435, 0.0373616889119, 0.0325630269945, 0.026153312996, 0.0122821424156, 0.0138449827209, 0.0158995762467, 0.0282045453787, 0.0174465794116, 0.00783658400178, 0.0043749473989, 0.00513025606051, 0.00297753768973, 0.00219637481496, 0.00124429387506, 2.35485416056e-07],
        "mean": [1.19234473459e-05, 0.000123041900224, 0.000239109940594, 0.000444710603915, 0.000992349116132, 0.000677457195707, 0.000485555443447, 0.0003909842344, 0.000479070615256, 0.000715771107934, 0.000519026769325, 0.000555172620807, 0.000657073629554, 0.000324978027493, 0.00045065532322, 0.000220364367124, 0.000293672375847, 0.000476193847135, 0.000668688910082, 0.000178437607246, 8.74232064234e-05, 6.84549086145e-05, 5.78393810429e-05, 3.45848493453e-05, 2.62667344941e-05, 1.58714083227e-05, 1.52778578677e-09],
        "median": [4.8096876526e-06, 6.29044589004e-05, 8.0056313891e-05, 0.000184307049494, 0.000695603433996, 0.000355300289812, 0.000212790793739, 0.000134896516101, 0.000148796942085, 0.000173578417161, 0.000104833045043, 6.11602081335e-05, 7.059010386e-05, 4.70725790365e-05, 6.31008879282e-05, 4.76493878523e-05, 6.63440441713e-05, 7.71661725594e-05, 6.5932617872e-05, 3.77400247089e-05, 1.92750649148e-05, 1.25423839563e-05, 9.45737065194e-06, 8.10114761407e-06, 5.49022070118e-06, 2.61892955677e-06, 1.56083368452e-10],
        "min": [1.23745123437e-23, 1.56651888118e-23, 2.66164982637e-24, 4.83202054959e-25, 2.50944242793e-23, 3.92561988225e-23, 2.06551505559e-23, 6.01122107198e-23, 2.91120502711e-23, 2.31711072394e-23, 3.86660614456e-23, 3.76739994375e-23, 5.84292106884e-23, 6.37981664549e-23, 1.1396007068e-22, 9.7190812656e-23, 1.29674230399e-22, 2.42864423323e-22, 2.64677803126e-22, 2.30440507777e-22, 3.6105431569e-22, 3.99371120014e-22, 4.83453847527e-22, 6.53547505796e-22, 9.81732524543e-22, 1.39531919575e-21, 2.51544372197e-21],
        "var": [4.11222722541e-10, 3.96872152919e-08, 2.97015617434e-07, 1.0353963944e-06, 1.18985087738e-06, 1.34894833081e-06, 6.86476198553e-07, 5.58395413464e-07, 9.58053078648e-07, 2.30086288866e-06, 1.7359739104e-06, 3.05667481371e-06, 3.60473995897e-06, 1.25218502944e-06, 2.36740834225e-06, 3.40636603369e-07, 4.9184478712e-07, 1.32191644298e-06, 3.35623826686e-06, 2.00976501219e-07, 7.19829316154e-08, 5.90595341521e-08, 5.35397255419e-08, 1.15388640864e-08, 5.31252597469e-09, 2.08938222279e-09, 7.92887226369e-17]
    },
    "erbbands": {
        "dmean": [0.00214684545062, 0.0248449463397, 0.153667360544, 0.655110359192, 1.41751122475, 1.88746953011, 2.47856092453, 4.04343366623, 4.01048946381, 4.85269880295, 4.39478349686, 6.93076896667, 10.7529592514, 14.4303398132, 10.5043020248, 14.4216957092, 17.6944637299, 11.7823886871, 11.9996194839, 8.81539821625, 7.12475681305, 7.52771568298, 9.61001491547, 20.7332038879, 9.95807361603, 3.80077290535, 2.36796474457, 1.77305972576, 1.39864265919, 1.16342198849, 0.914349019527, 0.502229809761, 0.272415488958, 0.163709923625, 0.119488798082, 0.0722344219685, 0.0161661561579, 0.000379380944651, 1.32597851916e-05, 3.89920433008e-06],
        "dmean2": [0.003570004832, 0.0437237732112, 0.266463130713, 1.1136162281, 2.41849946976, 3.11077642441, 4.07313394547, 6.98361206055, 6.60763502121, 7.7436914444, 6.97295856476, 10.7893505096, 17.3882064819, 23.4560241699, 16.7326316833, 23.1678504944, 28.0845069885, 19.0171146393, 18.5778903961, 13.8278312683, 11.4130601883, 11.7391262054, 15.3369598389, 33.8842086792, 15.5680198669, 5.84621477127, 3.66261482239, 2.7759308815, 2.13861775398, 1.7151157856, 1.33871018887, 0.732245266438, 0.408355474472, 0.238593921065, 0.169462427497, 0.104504868388, 0.0238632503897, 0.000552185287233, 1.88518843061e-05, 5.82507800573e-06],
        "dvar": [2.32288530242e-05, 0.00259848521091, 0.123308733106, 4.04518413544, 12.8970518112, 8.89773750305, 19.5537948608, 177.644058228, 76.8508529663, 115.131866455, 80.8327484131, 259.76852417, 855.687561035, 1602.12353516, 741.085327148, 2484.17211914, 3229.66625977, 1482.33398438, 1795.55358887, 958.976074219, 489.598419189, 486.158691406, 487.898406982, 4856.08007812, 1035.29345703, 97.3234329224, 59.9984779358, 57.5561523438, 36.9278030396, 30.9479522705, 17.9901733398, 4.65835952759, 1.30523121357, 0.448452562094, 0.167969673872, 0.0580290667713, 0.00274438876659, 1.41115151564e-06, 1.56936053042e-09, 4.59004674547e-11],
        "dvar2": [6.12156727584e-05, 0.00759211275727, 0.342371106148, 10.7723636627, 35.541809082, 23.3722610474, 50.7751960754, 516.364562988, 209.465255737, 288.301574707, 203.975250244, 599.416809082, 2338.97973633, 4240.37646484, 1902.63439941, 6289.45898438, 8414.30566406, 3659.07299805, 4094.07299805, 2129.31518555, 1128.08752441, 1053.03674316, 1196.40991211, 13149.3798828, 2493.82543945, 205.488327026, 132.681594849, 134.25680542, 83.4538650513, 67.1865463257, 37.9342422485, 8.9139547348, 3.05075597763, 1.10675323009, 0.381664037704, 0.128338426352, 0.00619428278878, 3.10872201226e-06, 3.39997652254e-09, 1.00853547735e-10],
        "max": [0.0771988555789, 1.01439332962, 10.2227430344, 36.1705360413, 70.6031036377, 57.3141059875, 70.9503936768, 329.722869873, 196.248199463, 256.862091064, 155.341430664, 543.460571289, 674.221069336, 1008.23144531, 891.899597168, 1390.0390625, 1521.78222656, 1463.75354004, 1474.49560547, 1062.99694824, 533.459411621, 956.279663086, 561.154296875, 1956.68725586, 866.371276855, 399.841369629, 250.657516479, 350.226196289, 186.416366577, 172.11100769, 146.705886841, 88.7110671997, 34.782409668, 27.4930171967, 15.5784368515, 7.71305513382, 1.75281012058, 0.0386049598455, 0.0013126572594, 0.000134836474899],
        "mean": [0.00261580944061, 0.0337866917253, 0.228964909911, 0.932139277458, 2.39467215538, 3.46062898636, 4.40160083771, 5.75854492188, 6.90088558197, 8.45729637146, 7.53267240524, 12.0350084305, 18.7189903259, 24.4997406006, 19.1649398804, 26.200466156, 32.0308418274, 21.2855491638, 22.1330699921, 16.2818775177, 13.3850479126, 15.0189609528, 21.2164764404, 43.966758728, 21.2468833923, 8.35424613953, 4.56337881088, 3.16766953468, 2.47451472282, 2.07199287415, 1.56003904343, 0.893658995628, 0.491761833429, 0.294662356377, 0.193229451776, 0.103310145438, 0.0218433756381, 0.000531918194611, 2.42420846917e-05, 1.36859698614e-05],
        "median": [0.00117303011939, 0.0170555971563, 0.0885761976242, 0.420040428638, 1.34562826157, 2.2629570961, 2.49313879013, 2.79729413986, 3.20480632782, 3.40907979012, 3.07438421249, 4.19962120056, 4.90483474731, 5.62800741196, 4.13123989105, 3.36639451981, 3.93934774399, 3.72948598862, 3.54200315475, 3.70738196373, 3.52626514435, 3.68349957466, 4.6129322052, 4.1767168045, 2.80250358582, 1.88071250916, 1.13714241982, 0.652012705803, 0.460743367672, 0.33188483119, 0.258884251118, 0.189408898354, 0.117326140404, 0.0660570263863, 0.0368037223816, 0.0176032409072, 0.00370486965403, 9.92260102066e-05, 7.52804089643e-06, 7.21429205441e-06],
        "min": [9.24316173391e-22, 1.82792637623e-21, 2.46084535868e-21, 3.40848293625e-21, 2.43486607133e-20, 7.84034484061e-20, 1.36721762467e-19, 4.35036773115e-19, 1.79644875311e-19, 8.27520842279e-19, 1.47476614865e-18, 8.59451978477e-19, 1.41132263644e-18, 2.6457605571e-18, 1.6152154196e-18, 1.81579648179e-18, 2.95946363454e-18, 2.48215043579e-18, 3.59235316968e-18, 8.55005396716e-18, 6.6651293812e-18, 8.25050126167e-18, 1.39155585289e-17, 1.37224606596e-17, 1.02606386585e-17, 1.07116009849e-17, 1.53342593063e-17, 1.46857745214e-17, 1.5568751775e-17, 1.33425407401e-17, 1.37421152981e-17, 1.22063535749e-17, 1.23769984537e-17, 1.00418270526e-17, 7.55775900536e-18, 4.5746466907e-18, 2.60550663977e-18, 1.14871853795e-18, 3.60094545659e-19, 3.40165522268e-20],
        "var": [2.39578585024e-05, 0.00314557226375, 0.270256191492, 3.68646383286, 13.9715538025, 17.4567337036, 36.9740333557, 137.225341797, 130.625991821, 240.988296509, 157.606002808, 617.160827637, 1795.58642578, 3377.10742188, 1992.52832031, 6343.36865234, 7835.78857422, 3459.69238281, 5450.92431641, 2446.07617188, 1120.87561035, 1301.46704102, 1709.24169922, 14053.0507812, 2856.41235352, 294.403259277, 131.146652222, 126.816711426, 79.1825866699, 66.9956741333, 38.159160614, 9.62530136108, 2.08162379265, 0.659401059151, 0.291014879942, 0.0875311791897, 0.00384014681913, 2.0931979634e-06, 2.66106736646e-09, 2.44974485142e-10]
    },
    "gfcc": {
        "mean": [-72.1904907227, 87.9334335327, -136.118011475, 24.26222229, -68.91746521, 4.68551206589, -47.2898330688, 11.1462221146, -36.8615379333, -2.2499396801, -17.5508842468, -0.459725618362, -13.1522140503],
        "cov": [[9089.47753906, -840.518249512, -1568.01611328, -32.0046463013, -68.2223052979, 146.08203125, -31.3684005737, 64.227722168, -268.655487061, -41.4131469727, 159.492904663, -66.7052154541, -238.216522217], [-840.518249512, 1230.7088623, 253.337921143, -203.454025269, 63.2774925232, -208.793914795, 17.6489219666, -85.5827026367, 34.2325134277, -197.705825806, 57.6638793945, -70.999130249, 21.4188728333], [-1568.01611328, 253.337921143, 1239.28479004, 117.092201233, -165.946228027, -77.1409072876, -98.7732925415, 12.7417678833, -61.361000061, 29.7888031006, -158.307128906, 52.8574142456, 17.4131755829], [-32.0046463013, -203.454025269, 117.092201233, 382.026855469, -31.0072746277, -13.4202232361, -21.2654571533, -37.0822677612, 29.9423465729, 20.8158607483, -36.125629425, -17.6451301575, 20.5140857697], [-68.2223052979, 63.2774925232, -165.946228027, -31.0072746277, 222.456298828, 17.4783649445, -6.06682538986, 23.0675678253, 12.0491666794, 13.0080842972, 4.38496494293, -15.7563123703, -9.27708816528], [146.08203125, -208.793914795, -77.1409072876, -13.4202232361, 17.4783649445, 167.93270874, 48.7913246155, 2.37276673317, -6.86205339432, 43.2915382385, -10.4601583481, 4.23620176315, -12.0981826782], [-31.3684005737, 17.6489219666, -98.7732925415, -21.2654571533, -6.06682538986, 48.7913246155, 149.903076172, 9.69267082214, -36.118019104, -12.232260704, 39.6942558289, -13.1577529907, -6.91194248199], [64.227722168, -85.5827026367, 12.7417678833, -37.0822677612, 23.0675678253, 2.37276673317, 9.69267082214, 121.328704834, 6.45899486542, 19.579788208, -10.0361709595, 14.7849464417, -8.59220314026], [-268.655487061, 34.2325134277, -61.361000061, 29.9423465729, 12.0491666794, -6.86205339432, -36.118019104, 6.45899486542, 155.723907471, 17.9268074036, -22.0119419098, -0.785143733025, 29.4689292908], [-41.4131469727, -197.705825806, 29.7888031006, 20.8158607483, 13.0080842972, 43.2915382385, -12.232260704, 19.579788208, 17.9268074036, 129.593475342, -27.2025814056, 11.2962026596, 5.44110155106], [159.492904663, 57.6638793945, -158.307128906, -36.125629425, 4.38496494293, -10.4601583481, 39.6942558289, -10.0361709595, -22.0119419098, -27.2025814056, 134.475494385, 11.9890155792, -22.3747806549], [-66.7052154541, -70.999130249, 52.8574142456, -17.6451301575, -15.7563123703, 4.23620176315, -13.1577529907, 14.7849464417, -0.785143733025, 11.2962026596, 11.9890155792, 81.8142623901, 13.8571863174], [-238.216522217, 21.4188728333, 17.4131755829, 20.5140857697, -9.27708816528, -12.0981826782, -6.91194248199, -8.59220314026, 29.4689292908, 5.44110155106, -22.3747806549, 13.8571863174, 83.9953689575]],
        "icov": [[0.000240069493884, -0.000294421653962, 0.000629504211247, -0.000370638968889, 0.000652387388982, -0.000410748965805, 0.000740709074307, -0.000586381473113, 0.000899747479707, -0.000271511642495, 0.000381408171961, -0.000282396940747, 0.000579920073505], [-0.000294421653962, 0.0038871713914, -0.0027030215133, 0.00303572323173, -0.0033460794948, 0.00374209787697, -0.0031798093114, 0.0037109721452, -0.00392181845382, 0.00396689632908, -0.00254259374924, 0.00361900730059, -0.00187529495452], [0.000629504211247, -0.0027030215133, 0.00399233354256, -0.00265141553245, 0.00388570385985, -0.00223501445726, 0.00352581287734, -0.00332632567734, 0.00469596404582, -0.00289392168634, 0.00371067598462, -0.00346578820609, 0.00245176628232], [-0.000370638968889, 0.00303572323173, -0.00265141553245, 0.00542176747695, -0.00267149717547, 0.00319812912494, -0.00287285028026, 0.00401578051969, -0.00401592673734, 0.00251328758895, -0.00186210114043, 0.00359006994404, -0.00210195221007], [0.000652387388982, -0.0033460794948, 0.00388570385985, -0.00267149717547, 0.00896802078933, -0.00376994931139, 0.00460422458127, -0.00487650278956, 0.00464813131839, -0.00379568315111, 0.00283292704262, -0.00220310944133, 0.00261113978922], [-0.000410748965805, 0.00374209787697, -0.00223501445726, 0.00319812912494, -0.00376994931139, 0.0119676664472, -0.00663628336042, 0.00492361327633, -0.00405394285917, 0.0009848063346, -0.000136109490995, 0.00160804763436, -0.000115009766887], [0.000740709074307, -0.0031798093114, 0.00352581287734, -0.00287285028026, 0.00460422458127, -0.00663628336042, 0.0133513025939, -0.00564404670149, 0.0066525680013, -0.00208562705666, -0.000342871964676, -0.000376835901989, 0.00072819594061], [-0.000586381473113, 0.0037109721452, -0.00332632567734, 0.00401578051969, -0.00487650278956, 0.00492361327633, -0.00564404670149, 0.013697726652, -0.00551936589181, 0.00229346449487, -0.00111537636258, 0.00105481233913, -0.000476474087918], [0.000899747479707, -0.00392181845382, 0.00469596404582, -0.00401592673734, 0.00464813131839, -0.00405394285917, 0.0066525680013, -0.00551936589181, 0.0136492401361, -0.00458197388798, 0.00391785334796, -0.00330417999066, 0.000568266201299], [-0.000271511642495, 0.00396689632908, -0.00289392168634, 0.00251328758895, -0.00379568315111, 0.0009848063346, -0.00208562705666, 0.00229346449487, -0.00458197388798, 0.013566063717, -0.00174804811832, 0.00281458441168, -0.00221109413542], [0.000381408171961, -0.00254259374924, 0.00371067598462, -0.00186210114043, 0.00283292704262, -0.000136109490995, -0.000342871964676, -0.00111537636258, 0.00391785334796, -0.00174804811832, 0.0135605456308, -0.0065501620993, 0.00499813817441], [-0.000282396940747, 0.00361900730059, -0.00346578820609, 0.00359006994404, -0.00220310944133, 0.00160804763436, -0.000376835901989, 0.00105481233913, -0.00330417999066, 0.00281458441168, -0.0065501620993, 0.0188930556178, -0.00570169044659], [0.000579920073505, -0.00187529495452, 0.00245176628232, -0.00210195221007, 0.00261113978922, -0.000115009766887, 0.00072819594061, -0.000476474087918, 0.000568266201299, -0.00221109413542, 0.00499813817441, -0.00570169044659, 0.0165323130786]]
    },
    "melbands": {
        "dmean": [2.20139427256e-05, 6.21690560365e-05, 0.000133615976665, 0.000114980502985, 8.38142223074e-05, 8.73981261975e-05, 6.21314029559e-05, 5.25886498508e-05, 3.68505352526e-05, 4.51368723589e-05, 5.48917123524e-05, 5.91893876845e-05, 3.7933132262e-05, 3.44317122654e-05, 3.91452776967e-05, 3.96819086745e-05, 2.21966711251e-05, 1.94273143279e-05, 1.73432636075e-05, 1.05917297333e-05, 9.01394741959e-06, 8.59467581904e-06, 9.80380264082e-06, 1.22586088764e-05, 2.03026884265e-05, 1.05927883851e-05, 4.51078585684e-06, 2.57013152805e-06, 1.80904817171e-06, 1.27415898987e-06, 1.06056688765e-06, 8.89725413344e-07, 6.96076938311e-07, 6.76616423334e-07, 5.87625947901e-07, 4.3105808345e-07, 2.87904953211e-07, 2.10656779132e-07, 1.61423642453e-07, 1.43644115269e-07],
        "dmean2": [3.75884083041e-05, 0.000108524567622, 0.000226552641834, 0.00019117067859, 0.000136957300128, 0.000149950559717, 0.000101941135654, 8.37394254631e-05, 5.84503504797e-05, 6.98922303854e-05, 8.84503897396e-05, 9.61954719969e-05, 5.96991922066e-05, 5.63114699617e-05, 6.01763313171e-05, 6.27917761449e-05, 3.58633915312e-05, 3.04281220451e-05, 2.761307951e-05, 1.71230549313e-05, 1.43945862874e-05, 1.3386912542e-05, 1.56453988893e-05, 1.97795179702e-05, 3.33897078235e-05, 1.69561553776e-05, 7.06545370122e-06, 4.02991054216e-06, 2.78477136817e-06, 2.04155207939e-06, 1.65245432981e-06, 1.40280064898e-06, 1.06615402728e-06, 1.01936791452e-06, 8.65839410835e-07, 6.60160253574e-07, 4.33025462598e-07, 3.24066689927e-07, 2.44928827442e-07, 2.14613478988e-07],
        "dvar": [2.23447971237e-09, 1.86327540064e-08, 1.61828026535e-07, 4.44655263721e-08, 1.86947310965e-08, 7.56110978273e-08, 1.76890715409e-08, 1.37937306022e-08, 5.88446003036e-09, 1.01871142633e-08, 2.22459526356e-08, 2.66374051705e-08, 1.0567454467e-08, 1.06492876739e-08, 1.48690917356e-08, 1.86152249171e-08, 6.72076794217e-09, 4.68225547223e-09, 4.59589433177e-09, 1.13041154215e-09, 8.01890220892e-10, 7.70321639809e-10, 5.97589755458e-10, 1.24614429886e-09, 5.07111064252e-09, 1.7742237679e-09, 1.74576547662e-10, 4.4314645703e-11, 3.82858744707e-11, 2.54961520646e-11, 2.17321750873e-11, 1.43540986389e-11, 1.04380479954e-11, 1.02280484429e-11, 7.37002386203e-12, 4.14622372893e-12, 1.6880440188e-12, 6.37689282889e-13, 8.3275275781e-13, 2.67232335436e-13],
        "dvar2": [6.29021412735e-09, 5.27192973721e-08, 4.35780890484e-07, 1.20336437703e-07, 4.81832422849e-08, 2.18850971123e-07, 4.76531134552e-08, 3.44017045961e-08, 1.45712819588e-08, 2.34297292678e-08, 6.05323080549e-08, 7.07029883529e-08, 2.62030717124e-08, 2.87295609525e-08, 3.3453996906e-08, 4.85367692704e-08, 1.65360347637e-08, 1.02905479693e-08, 1.13173728167e-08, 2.8016331477e-09, 1.82193538034e-09, 1.61597135673e-09, 1.35612343577e-09, 3.03794123191e-09, 1.38103537495e-08, 4.29365210053e-09, 3.65455637974e-10, 9.92083082352e-11, 8.30121804629e-11, 6.33112798298e-11, 4.95563139136e-11, 3.46772749404e-11, 2.41090775815e-11, 2.17224745136e-11, 1.55062230417e-11, 9.36514494426e-12, 3.63988353347e-12, 1.44041191735e-12, 2.26162990245e-12, 6.36346715339e-13],
        "max": [0.00091380928643, 0.00380746275187, 0.00757396360859, 0.00430040527135, 0.0020405293908, 0.00689486414194, 0.00319169531576, 0.00306137884036, 0.00162506499328, 0.00295109837316, 0.00345994066447, 0.0039208419621, 0.00277512823232, 0.00228800391778, 0.00291850231588, 0.00494217919186, 0.0034131675493, 0.00214113504626, 0.00201098178513, 0.000929992762394, 0.000780933129136, 0.0012288603466, 0.000804195122328, 0.000914962321986, 0.00200018682517, 0.0013757123379, 0.000663329672534, 0.000196916036657, 0.000281142565655, 0.000192845007405, 0.000215035150177, 0.000109030697786, 9.99090989353e-05, 9.89691325231e-05, 9.98857140075e-05, 6.10120441706e-05, 6.12277726759e-05, 2.20217280003e-05, 4.58611757495e-05, 1.70952662302e-05],
        "mean": [2.8862254112e-05, 9.31090980885e-05, 0.000206212047487, 0.00021402661514, 0.000156961221364, 0.000128549727378, 0.000106905965367, 9.22046383494e-05, 5.98501319473e-05, 7.70552433096e-05, 9.17993747862e-05, 9.73505157162e-05, 6.38388228253e-05, 6.2820072344e-05, 6.45499385428e-05, 6.6967215389e-05, 3.59618898074e-05, 3.25570545101e-05, 3.03081997117e-05, 1.70186904143e-05, 1.55148554768e-05, 1.47774362631e-05, 1.81109262485e-05, 2.23242277571e-05, 3.90517052438e-05, 1.91262461158e-05, 8.6540776465e-06, 4.78110996482e-06, 3.12771499011e-06, 2.0556567506e-06, 1.77754577635e-06, 1.46241620769e-06, 1.16942669592e-06, 1.1408002365e-06, 9.59579210758e-07, 6.81324138441e-07, 4.87468355459e-07, 3.57674082352e-07, 2.70381889322e-07, 2.42781112547e-07],
        "median": [1.5068839275e-05, 3.91779540223e-05, 0.000104228616692, 0.000141119060572, 9.76928931777e-05, 6.38241326669e-05, 4.88514560857e-05, 3.64710213034e-05, 2.29895413213e-05, 2.4266226319e-05, 2.13717594306e-05, 2.01198527066e-05, 1.35241280077e-05, 8.78221089806e-06, 7.0096402851e-06, 7.4794916145e-06, 5.14133625984e-06, 4.62811021862e-06, 4.35437505075e-06, 3.86964438803e-06, 3.54000076186e-06, 3.38906738762e-06, 3.88602211387e-06, 3.40791621056e-06, 3.1184990803e-06, 2.0667064291e-06, 1.34060769597e-06, 1.09379470814e-06, 6.9259118618e-07, 4.04001781362e-07, 3.27721693338e-07, 2.64843890818e-07, 1.83889056871e-07, 1.79196689487e-07, 1.53428175054e-07, 1.20604141784e-07, 1.06918207621e-07, 7.99681600938e-08, 6.13626482959e-08, 4.9720846107e-08],
        "min": [6.77887581835e-24, 1.57483635447e-24, 9.48584136499e-25, 4.99299806971e-24, 4.42288395477e-24, 8.81306015868e-24, 2.79514816572e-24, 1.03194326557e-23, 1.20516339418e-23, 4.32089922808e-24, 6.50082719837e-24, 9.15109257859e-24, 5.56626802269e-24, 3.54351822118e-24, 4.75639659612e-24, 4.54262278499e-24, 5.12122425441e-24, 5.57550637276e-24, 1.03705784525e-23, 8.81515142894e-24, 7.90100047931e-24, 8.34208495472e-24, 1.11524918597e-23, 1.16735147661e-23, 1.07486037537e-23, 7.92184612873e-24, 7.44547590503e-24, 6.84998768465e-24, 8.38748547753e-24, 1.07909379742e-23, 8.19459557557e-24, 8.70623813692e-24, 6.66889914183e-24, 7.51356722293e-24, 7.7743038959e-24, 7.13754878385e-24, 6.84244223009e-24, 8.1722637122e-24, 9.39964450603e-24, 8.19155924995e-24],
        "var": [2.23294827073e-09, 3.82587188597e-08, 1.51656578851e-07, 6.64532393557e-08, 3.73387969432e-08, 6.08604580066e-08, 3.13377306327e-08, 3.06358494129e-08, 1.10909299522e-08, 2.52993945793e-08, 4.61288323095e-08, 5.61362902829e-08, 2.55894843093e-08, 3.08757286405e-08, 3.18839568081e-08, 4.08965519227e-08, 1.46445229277e-08, 1.30282096222e-08, 1.28234178831e-08, 1.92414950639e-09, 1.81009818245e-09, 1.66370339727e-09, 1.6775484335e-09, 3.09162007106e-09, 1.26498376218e-08, 3.47550455082e-09, 4.7955184268e-10, 1.08796693876e-10, 7.64854429791e-11, 4.56699782159e-11, 4.61905826088e-11, 2.76980868796e-11, 2.01734653288e-11, 2.21944372603e-11, 1.55275965696e-11, 7.08580069619e-12, 2.83415066589e-12, 1.13742197085e-12, 7.78217442744e-13, 4.53436035464e-13]
    },
    "mfcc": {
        "mean": [-709.198303223, 117.888885498, -13.8238353729, 17.3530254364, -4.74893808365, -9.28677558899, -2.42937636375, 1.44601416588, -10.8185377121, -3.42428159714, -5.57998943329, -6.52601003647, -6.20599651337],
        "cov": [[9052.53125, -988.86730957, -1558.18139648, -330.046142578, -186.729766846, -40.9172363281, 205.685623169, 76.3145065308, -314.291168213, 16.7559013367, 154.633010864, -30.9911746979, 53.1118888855], [-988.86730957, 1378.27453613, 168.174331665, -34.5365028381, 33.4179878235, -169.095809937, -24.7704544067, 46.7352485657, -78.1546478271, -37.7003211975, -52.8601493835, -53.611579895, -54.9755592346], [-1558.18139648, 168.174331665, 1084.50805664, 226.252029419, -5.6720905304, -4.32663965225, -79.6934509277, -53.7814979553, 62.6971130371, -64.6363449097, -63.7058753967, -32.5220146179, -51.718536377], [-330.046142578, -34.5365028381, 226.252029419, 314.267456055, 45.5100250244, -0.640808522701, -42.2050323486, -31.3030433655, 24.1979789734, -15.8036394119, -32.8591423035, 4.08790397644, -11.0300827026], [-186.729766846, 33.4179878235, -5.6720905304, 45.5100250244, 179.929153442, -2.58740997314, -50.1794166565, -17.3163928986, 40.168132782, -4.11262845993, -3.78994631767, 20.6463508606, 4.0001077652], [-40.9172363281, -169.095809937, -4.32663965225, -0.640808522701, -2.58740997314, 172.312515259, 9.02180862427, -24.7094364166, 34.3173980713, 7.25079250336, 9.62857341766, 6.81079483032, 4.95825910568], [205.685623169, -24.7704544067, -79.6934509277, -42.2050323486, -50.1794166565, 9.02180862427, 215.450897217, 22.733127594, -59.7125701904, 13.6147880554, 28.3947181702, -31.5213222504, -0.364077866077], [76.3145065308, 46.7352485657, -53.7814979553, -31.3030433655, -17.3163928986, -24.7094364166, 22.733127594, 117.956329346, -33.1247673035, -2.91174292564, 11.8134098053, -8.0218667984, -3.94009494781], [-314.291168213, -78.1546478271, 62.6971130371, 24.1979789734, 40.168132782, 34.3173980713, -59.7125701904, -33.1247673035, 181.550689697, 20.5774974823, -23.3189201355, 21.6904621124, 9.35214614868], [16.7559013367, -37.7003211975, -64.6363449097, -15.8036394119, -4.11262845993, 7.25079250336, 13.6147880554, -2.91174292564, 20.5774974823, 91.1218795776, 10.8341970444, -3.68625855446, -0.749744057655], [154.633010864, -52.8601493835, -63.7058753967, -32.8591423035, -3.78994631767, 9.62857341766, 28.3947181702, 11.8134098053, -23.3189201355, 10.8341970444, 92.561088562, 15.3556013107, -1.66955661774], [-30.9911746979, -53.611579895, -32.5220146179, 4.08790397644, 20.6463508606, 6.81079483032, -31.5213222504, -8.0218667984, 21.6904621124, -3.68625855446, 15.3556013107, 90.2721710205, 24.9704875946], [53.1118888855, -54.9755592346, -51.718536377, -11.0300827026, 4.0001077652, 4.95825910568, -0.364077866077, -3.94009494781, 9.35214614868, -0.749744057655, -1.66955661774, 24.9704875946, 85.402885437]],
