{
"lowlevel": {
    "average_loudness": 0.810558438301,
    "barkbands_crest": {
        "dmean": 2.38321614265,
        "dmean2": 3.86612582207,
        "dvar": 4.68641519547,
        "dvar2": 11.3369922638,
        "max": 25.2611141205,
        "mean": 9.18648147583,
        "median": 8.1122045517,
        "min": 1.93331515789,
        "var": 18.377166748
    },
    "barkbands_flatness_db": {
        "dmean": 0.0187964905053,
        "dmean2": 0.0291772074997,
        "dvar": 0.000269805343123,
        "dvar2": 0.000630361377262,
        "max": 0.309930413961,
        "mean": 0.161923244596,
        "median": 0.158500954509,
        "min": 0.0214545764029,
        "var": 0.00133791856933
    },
    "barkbands_kurtosis": {
        "dmean": 2.0275323391,
        "dmean2": 3.26744651794,
        "dvar": 16.194190979,
        "dvar2": 43.429145813,
        "max": 121.87260437,
        "mean": 3.04337882996,
        "median": 0.635151386261,
        "min": -1.87616896629,
        "var": 50.8074226379
    },
    "barkbands_skewness": {
        "dmean": 0.4569221735,
        "dmean2": 0.698729932308,
        "dvar": 0.223135948181,
        "dvar2": 0.487967342138,
        "max": 8.88406276703,
        "mean": 1.16106069088,
        "median": 0.994289755821,
        "min": -3.38392949104,
        "var": 1.49544739723
    },
    "barkbands_spread": {
        "dmean": 4.68266916275,
        "dmean2": 7.27163934708,
        "dvar": 36.7967720032,
        "dvar2": 81.811416626,
        "max": 79.357383728,
        "mean": 20.2045173645,
        "median": 18.5993938446,
        "min": 1.27559328079,
        "var": 132.791320801
    },
    "dissonance": {
        "dmean": 0.0191323831677,
        "dmean2": 0.0322983562946,
        "dvar": 0.000325927423546,
        "dvar2": 0.000884766923264,
        "max": 0.500000059605,
        "mean": 0.462316721678,
        "median": 0.467894583941,
        "min": 0.197541087866,
        "var": 0.00069869379513
    },
    "dynamic_complexity": 3.38673424721,
    "erbbands_crest": {
        "dmean": 2.66825866699,
        "dmean2": 4.31598043442,
        "dvar": 6.2766122818,
        "dvar2": 14.8884544373,
        "max": 29.4801197052,
        "mean": 9.35927581787,
        "median": 8.30215454102,
        "min": 2.69255185127,
        "var": 18.4630584717
    },
    "erbbands_flatness_db": {
        "dmean": 0.0172457490116,
        "dmean2": 0.024465566501,
        "dvar": 0.000238477208768,
        "dvar2": 0.000453793851193,
        "max": 0.349597424269,
        "mean": 0.201826035976,
        "median": 0.201919138432,
        "min": 0.0923990309238,
        "var": 0.00138212379534
    },
    "erbbands_kurtosis": {
        "dmean": 0.904226601124,
        "dmean2": 1.4362641573,
        "dvar": 1.73803687096,
        "dvar2": 4.12551116943,
        "max": 19.1513061523,
        "mean": 0.523826897144,
        "median": -0.177278280258,
        "min": -1.74525630474,
        "var": 4.76991844177
    },
    "erbbands_skewness": {
        "dmean": 0.36543366313,
        "dmean2": 0.558157980442,
        "dvar": 0.12546081841,
        "dvar2": 0.259842246771,
        "max": 3.76046657562,
        "mean": 0.309190779924,
        "median": 0.323758006096,
        "min": -3.91514754295,
        "var": 0.763456285
    },
    "erbbands_spread": {
        "dmean": 6.73891353607,
        "dmean2": 10.3609056473,
        "dvar": 58.3075485229,
        "dvar2": 130.690551758,
        "max": 113.766357422,
        "mean": 32.9578170776,
        "median": 30.6149463654,
        "min": 3.39379048347,
        "var": 195.600204468
    },
    "hfc": {
        "dmean": 5.10504007339,
        "dmean2": 6.85974216461,
        "dvar": 49.8712081909,
        "dvar2": 79.1775970459,
        "max": 117.24495697,
        "mean": 19.3657875061,
        "median": 12.706193924,
        "min": 1.06667553879e-16,
        "var": 351.34197998
    },
    "melbands_crest": {
        "dmean": 2.97354316711,
        "dmean2": 4.82580900192,
        "dvar": 7.45134496689,
        "dvar2": 18.1788330078,
        "max": 32.2871704102,
        "mean": 11.6119117737,
        "median": 10.4321908951,
        "min": 2.0232527256,
        "var": 25.8196392059
    },
    "melbands_flatness_db": {
        "dmean": 0.0207733791322,
        "dmean2": 0.0307212974876,
        "dvar": 0.000408102321671,
        "dvar2": 0.000894332362805,
        "max": 0.365302443504,
        "mean": 0.16626060009,
        "median": 0.15675213933,
        "min": 0.00451628630981,
        "var": 0.0034126448445
    },
    "melbands_kurtosis": {
        "dmean": 4.02442836761,
        "dmean2": 6.37862491608,
        "dvar": 56.1787223816,
        "dvar2": 138.854553223,
        "max": 154.526473999,
        "mean": 7.94747781754,
        "median": 3.60272836685,
        "min": -1.84320569038,
        "var": 178.151901245
    },
    "melbands_skewness": {
        "dmean": 0.537257134914,
        "dmean2": 0.829820632935,
        "dvar": 0.32395902276,
        "dvar2": 0.7358045578,
        "max": 9.866355896,
        "mean": 1.91425061226,
        "median": 1.64104652405,
        "min": -1.82595467567,
        "var": 1.78720057011
    },
    "melbands_spread": {
        "dmean": 7.98647880554,
        "dmean2": 11.9535608292,
        "dvar": 171.635574341,
        "dvar2": 272.467926025,
        "max": 230.496963501,
        "mean": 30.2149772644,
        "median": 24.4012413025,
        "min": 1.21939480305,
        "var": 713.735290527
    },
    "pitch_salience": {
        "dmean": 0.0634553432465,
        "dmean2": 0.102143719792,
        "dvar": 0.00303918076679,
        "dvar2": 0.00759819569066,
        "max": 0.96772134304,
        "mean": 0.594190239906,
        "median": 0.60295599699,
        "min": 0.149020180106,
        "var": 0.00977742765099
    },
    "silence_rate_20dB": {
        "dmean": 0,
        "dmean2": 0,
        "dvar": 0,
        "dvar2": 0,
        "max": 1,
        "mean": 1,
        "median": 1,
        "min": 1,
        "var": 0
    },
    "silence_rate_30dB": {
        "dmean": 0,
        "dmean2": 0,
        "dvar": 0,
        "dvar2": 0,
        "max": 1,
        "mean": 1,
        "median": 1,
        "min": 1,
        "var": 0
    },
    "silence_rate_60dB": {
        "dmean": 0.0349723920226,
        "dmean2": 0.0699539780617,
        "dvar": 0.0337473079562,
        "dvar2": 0.0755743384361,
        "max": 1,
        "mean": 0.103588797152,
        "median": 0,
        "min": 0,
        "var": 0.0928674265742
    },
    "spectral_centroid": {
        "dmean": 247.751617432,
        "dmean2": 367.169799805,
        "dvar": 100948.453125,
        "dvar2": 177458.1875,
        "max": 11159.0136719,
        "mean": 1528.61437988,
        "median": 1465.07006836,
        "min": 252.033615112,
        "var": 654440.4375
    },
    "spectral_complexity": {
        "dmean": 3.02682089806,
        "dmean2": 4.58593034744,
        "dvar": 10.0482196808,
        "dvar2": 19.0529975891,
        "max": 49,
        "mean": 17.9892196655,
        "median": 17,
        "min": 0,
        "var": 88.7827835083
    },
    "spectral_decrease": {
        "dmean": 1.00350905363e-09,
        "dmean2": 1.47380341264e-09,
        "dvar": 1.46232597263e-18,
        "dvar2": 2.93345356056e-18,
        "max": 9.99198154276e-29,
        "mean": -3.65626640075e-09,
        "median": -3.04344038859e-09,
        "min": -1.77093220088e-08,
        "var": 7.53243735244e-18
    },
    "spectral_energy": {
        "dmean": 0.00414238404483,
        "dmean2": 0.0060328473337,
        "dvar": 2.40808512899e-05,
        "dvar2": 4.76781970065e-05,
        "max": 0.0704058632255,
        "mean": 0.0155561314896,
        "median": 0.0129496324807,
        "min": 1.01813574164e-20,
        "var": 0.000135298017995
    },
    "spectral_energyband_high": {
        "dmean": 0.000350852526026,
        "dmean2": 0.000470621278509,
        "dvar": 6.54754387597e-07,
        "dvar2": 9.47176147292e-07,
        "max": 0.0155659001321,
        "mean": 0.000798008928541,
        "median": 0.000293703313218,
        "min": 7.08286808872e-21,
        "var": 2.40265057982e-06
    },
    "spectral_energyband_low": {
        "dmean": 0.000613053271081,
        "dmean2": 0.000997112481855,
        "dvar": 1.47898992964e-06,
        "dvar2": 3.42462317349e-06,
        "max": 0.0197839643806,
        "mean": 0.000858966610394,
        "median": 0.000433103705291,
        "min": 8.00081978281e-23,
        "var": 1.88348110441e-06
    },
    "spectral_energyband_middle_high": {
        "dmean": 0.00167201331351,
        "dmean2": 0.00240706652403,
        "dvar": 6.32380715615e-06,
        "dvar2": 1.3429149476e-05,
        "max": 0.05438400805,
        "mean": 0.00588704831898,
        "median": 0.00297188805416,
        "min": 1.4424264854e-21,
        "var": 4.73138825328e-05
    },
    "spectral_energyband_middle_low": {
        "dmean": 0.00312477024272,
        "dmean2": 0.00475914776325,
        "dvar": 1.69212144101e-05,
        "dvar2": 3.66618260159e-05,
        "max": 0.062348421663,
        "mean": 0.00860030949116,
        "median": 0.00658271601424,
        "min": 2.7784087503e-22,
        "var": 5.47257950529e-05
    },
    "spectral_entropy": {
        "dmean": 0.146007433534,
        "dmean2": 0.210676938295,
        "dvar": 0.0231402609497,
        "dvar2": 0.0462453588843,
        "max": 9.80785942078,
        "mean": 7.47565841675,
        "median": 7.48588132858,
        "min": 6.12431335449,
        "var": 0.152919501066
    },
    "spectral_flux": {
        "dmean": 0.0155932661146,
        "dmean2": 0.0245137754828,
        "dvar": 0.000248151161941,
        "dvar2": 0.000565946043935,
        "max": 0.212191775441,
        "mean": 0.0654356703162,
        "median": 0.0642996877432,
        "min": 6.48147993609e-11,
        "var": 0.00108437484596
    },
    "spectral_kurtosis": {
        "dmean": 1.68714463711,
        "dmean2": 2.89149332047,
        "dvar": 2.60803079605,
        "dvar2": 7.31471729279,
        "max": 20.1714172363,
        "mean": 4.0119600296,
        "median": 3.34189176559,
        "min": -1.2416882515,
        "var": 8.06389331818
    },
    "spectral_rms": {
        "dmean": 0.000509073957801,
        "dmean2": 0.000730594387278,
        "dvar": 2.60283769649e-07,
        "dvar2": 4.78453955566e-07,
        "max": 0.00828786194324,
        "mean": 0.00360424513929,
        "median": 0.00355440401472,
        "min": 3.15167119833e-12,
        "var": 2.18614945879e-06
    },
    "spectral_rolloff": {
        "dmean": 481.689025879,
        "dmean2": 767.92578125,
        "dvar": 718267.875,
        "dvar2": 1306137.25,
        "max": 19207.6171875,
        "mean": 1993.82641602,
        "median": 1701.12304688,
        "min": 172.265625,
        "var": 2725926
    },
    "spectral_skewness": {
        "dmean": 0.233325466514,
        "dmean2": 0.37383928895,
        "dvar": 0.046050991863,
        "dvar2": 0.112797021866,
        "max": 3.56450271606,
        "mean": 1.41599059105,
        "median": 1.33397912979,
        "min": -0.193171977997,
        "var": 0.298684865236
    },
    "spectral_spread": {
        "dmean": 456775.75,
        "dmean2": 639343.9375,
        "dvar": 447766069248,
        "dvar2": 754547687424,
        "max": 41000540,
        "mean": 3984556.75,
        "median": 3651613.5,
        "min": 1788976.75,
        "var": 2.0569185321e+12
    },
    "spectral_strongpeak": {
        "dmean": 0.692719817162,
        "dmean2": 1.12952542305,
        "dvar": 1.1260535717,
        "dvar2": 2.76668024063,
        "max": 15.23092556,
        "mean": 1.37499058247,
        "median": 0.759626746178,
        "min": 0,
        "var": 2.81630277634
    },
    "zerocrossingrate": {
        "dmean": 0.0102754123509,
        "dmean2": 0.0114908209071,
        "dvar": 0.000237394604483,
        "dvar2": 0.000208819576073,
        "max": 0.53125,
        "mean": 0.0713599920273,
        "median": 0.064453125,
        "min": 0.01220703125,
        "var": 0.00194655242376
    },
    "barkbands": {
        "dmean": [4.73477939522e-06, 9.30058231461e-05, 0.000290303578367, 0.000530729885213, 0.00113012793008, 0.000727614213247, 0.000571425771341, 0.000837927975226, 0.00107236555777, 0.000640791549813, 0.000304823450278, 0.00032560544787, 0.000238229011302, 0.000368686422007, 0.000409398315242, 0.000302692002151, 0.000220232774154, 0.000252110679867, 0.00021031605138, 0.000188247911865, 8.43974557938e-05, 7.10248787072e-05, 7.20815442037e-05, 6.12571384409e-05, 2.79579380731e-05, 2.32336148542e-07, 9.47360967452e-10],
        "dmean2": [8.23605296318e-06, 0.000162111318787, 0.000494944106322, 0.00084341596812, 0.00179650145583, 0.0012130230898, 0.00089072418632, 0.00135238387156, 0.0016230243491, 0.001009442145, 0.000475955341244, 0.000502308655996, 0.000376328534912, 0.000589059025515, 0.000647131702863, 0.000464976561489, 0.000348204164766, 0.000398223928642, 0.00032550827018, 0.000279500760371, 0.000125584323541, 9.84662838164e-05, 9.954883717e-05, 8.60243308125e-05, 3.87709224015e-05, 3.50234643065e-07, 1.69796754435e-09],
        "dvar": [6.25735574467e-11, 2.30557688496e-08, 3.24310263977e-07, 1.41860004987e-06, 2.33715149989e-06, 2.18064133151e-06, 1.26221982555e-06, 3.99938789997e-06, 5.89551427765e-06, 2.88987757813e-06, 5.26715609794e-07, 6.54674238376e-07, 3.88454623135e-07, 8.21982666821e-07, 1.00901161204e-06, 4.12490351209e-07, 2.0260374356e-07, 2.60151296061e-07, 3.22344874348e-07, 1.1975178893e-07, 5.32353077176e-08, 4.66753746764e-08, 5.15792777378e-08, 4.61638514082e-08, 1.09369855394e-08, 1.49474248083e-12, 2.14716003073e-17],
        "dvar2": [1.6987075635e-10, 6.60464607449e-08, 8.73955116276e-07, 3.13231748805e-06, 5.69198482481e-06, 5.92584592596e-06, 2.87617172035e-06, 1.02910889836e-05, 1.29829222715e-05, 7.1050412771e-06, 1.32812579068e-06, 1.48093579355e-06, 9.5875691386e-07, 1.97846270567e-06, 2.47959860644e-06, 9.09080426936e-07, 4.85211444357e-07, 5.82335360377e-07, 7.66968639709e-07, 2.36919049712e-07, 1.00580656692e-07, 7.70281616269e-08, 8.43198932898e-08, 7.370351085e-08, 1.99153653568e-08, 2.88682294215e-12, 5.06406125229e-17],
        "max": [0.000198806097615, 0.0021434717346, 0.00801961123943, 0.0229814201593, 0.0211181640625, 0.0303549356759, 0.0224045384675, 0.0451358929276, 0.0434120520949, 0.0516477935016, 0.0153167778626, 0.0189987849444, 0.018099758774, 0.0263842046261, 0.0189001243562, 0.018502259627, 0.0128967873752, 0.0120308678597, 0.0150446305051, 0.00816357787699, 0.00591197097674, 0.00713962968439, 0.00627949181944, 0.00527607509866, 0.00276137678884, 5.44035101484e-05, 2.11882550616e-07],
        "mean": [4.74087437397e-06, 0.000117244926514, 0.00034325348679, 0.000704114732798, 0.00224168226123, 0.00115300528705, 0.0010016867891, 0.00133557920344, 0.00181266153231, 0.00113620667253, 0.000472587067634, 0.000565461581573, 0.000416281924117, 0.000591434014495, 0.000695244991221, 0.000600043742452, 0.000402905687224, 0.000491883489303, 0.000459087750642, 0.000428458239185, 0.000150516076246, 0.000131359673105, 0.000135676382342, 0.000119951182569, 4.47788697784e-05, 2.69830422894e-07, 8.16255174563e-10],
        "median": [2.07029302146e-06, 6.9048772275e-05, 0.000170629675267, 0.000321731960867, 0.00142482249066, 0.000627719680779, 0.000519569264725, 0.000361238897312, 0.000393106107367, 0.000299067789456, 0.000130046973936, 0.000162860160344, 0.000103434140328, 0.000152532709762, 0.000187863843166, 0.000167195306858, 0.000142547811265, 0.0001636188681, 0.000115335802548, 0.000136948103318, 4.18919735239e-05, 3.47512032022e-05, 3.55426491296e-05, 3.02961198031e-05, 5.84736017117e-06, 1.3009934241e-09, 2.04641845136e-10],
        "min": [4.89874023558e-24, 1.46361718258e-23, 1.20026977444e-23, 3.85133253526e-24, 9.93861163142e-24, 1.153217298e-23, 1.91115816895e-23, 6.06720305944e-23, 3.88910855966e-23, 3.62385376473e-23, 3.84280905095e-23, 5.13250291431e-23, 6.54121821779e-23, 7.88481305353e-23, 8.76732941869e-23, 1.03189967312e-22, 1.00860732427e-22, 1.45056942321e-22, 2.13880310514e-22, 2.68348997696e-22, 2.71739080105e-22, 5.58052927102e-22, 5.33940894974e-22, 6.55796251625e-22, 9.39233697192e-22, 1.51360026781e-21, 2.29357776621e-21],
        "var": [5.82181386433e-11, 2.34468142679e-08, 3.00584673596e-07, 1.87407908925e-06, 5.98281803832e-06, 2.88403884952e-06, 2.48617379839e-06, 9.28257941268e-06, 1.29259942696e-05, 7.09693267709e-06, 9.89177351585e-07, 1.65052506418e-06, 1.0330919622e-06, 1.72683030542e-06, 2.19823709813e-06, 1.82200062682e-06, 5.69784049276e-07, 7.53538813569e-07, 1.24868188323e-06, 4.76945103856e-07, 1.28066091065e-07, 1.27837580521e-07, 1.61588559422e-07, 1.52741520765e-07, 2.9804613888e-08, 2.79488129688e-12, 2.3593861209e-17]
    },
    "erbbands": {
        "dmean": [0.00172027177177, 0.0269801318645, 0.238045305014, 1.21395111084, 2.10882949829, 4.87714576721, 5.49220705032, 6.36169624329, 6.79106283188, 11.8328447342, 19.7892227173, 24.4258995056, 21.4901695251, 15.8924665451, 12.0747480392, 12.4353561401, 11.3420009613, 14.4838199615, 22.3129959106, 16.3866672516, 16.4525299072, 9.89376068115, 11.4083042145, 11.9487657547, 10.700501442, 9.61350250244, 4.3562541008, 2.92602753639, 2.5493953228, 2.25763511658, 2.09069347382, 1.58112609386, 0.906797766685, 0.463174670935, 0.115968510509, 0.00643274514005, 0.000209213641938, 1.68106944329e-05, 4.743485988e-06, 5.57186285732e-06],
        "dmean2": [0.00287428917363, 0.0472824275494, 0.403350025415, 1.91363036633, 3.38322806358, 7.73834943771, 8.97730541229, 10.7336530685, 10.6948032379, 18.4783306122, 31.2420768738, 36.7461509705, 33.0920219421, 24.7963790894, 18.4932880402, 19.2944831848, 17.5943164825, 22.8054122925, 35.3336257935, 25.5350780487, 25.1662158966, 15.338593483, 17.9275531769, 18.3858909607, 16.2168083191, 14.3864974976, 6.54978942871, 4.2356710434, 3.57427072525, 3.09685325623, 2.90957808495, 2.24140357971, 1.26250135899, 0.641609728336, 0.16324275732, 0.00894522573799, 0.000282897235593, 2.23106399062e-05, 6.3718380261e-06, 7.88753641245e-06],
        "dvar": [8.47582032293e-06, 0.00195697648451, 0.202429667115, 7.10176897049, 12.6730127335, 52.9699630737, 72.1231842041, 243.692214966, 141.964706421, 795.77734375, 2155.87573242, 3941.65771484, 2960.1003418, 1265.26574707, 716.54486084, 1046.18884277, 984.047668457, 1131.6114502, 3106.75048828, 1395.01184082, 1401.96594238, 338.185974121, 606.910705566, 880.544433594, 1018.00219727, 320.504394531, 89.4929428101, 94.9510803223, 64.8994140625, 53.4347953796, 41.827129364, 28.3934307098, 10.8581323624, 2.96459245682, 0.227536007762, 0.000660578312818, 6.30717352124e-07, 3.23740501074e-09, 1.00197912467e-10, 4.33285247958e-11],
        "dvar2": [2.24354607781e-05, 0.00562537508085, 0.54269105196, 15.1971635818, 31.5834121704, 123.705909729, 184.920532227, 679.692016602, 332.547302246, 1842.3782959, 5216.90234375, 8735.11523438, 7127.54052734, 2831.97241211, 1808.31188965, 2363.82080078, 2398.39916992, 2758.10180664, 7894.5, 3174.74511719, 3011.24511719, 779.456176758, 1360.8972168, 1903.7557373, 2555.97338867, 664.678894043, 185.034210205, 182.240432739, 111.620399475, 93.7551498413, 70.1743392944, 49.7119407654, 18.1908226013, 5.36911773682, 0.439880937338, 0.00111135432962, 1.03563434095e-06, 5.17155784863e-09, 1.52957660426e-10, 7.87476056585e-11],
        "max": [0.0311706904322, 0.635732412338, 5.80605316162, 47.5421104431, 78.4042129517, 113.460823059, 137.429733276, 341.284820557, 296.025909424, 605.008361816, 951.291259766, 1171.99890137, 1613.68054199, 893.534362793, 544.913024902, 890.368347168, 983.313354492, 619.058776855, 1158.70727539, 880.359741211, 1203.29675293, 494.016448975, 838.885437012, 907.042053223, 1027.17175293, 485.471099854, 233.313079834, 241.292327881, 298.428619385, 162.561523438, 179.922027588, 126.467964172, 92.9685516357, 43.2835884094, 18.1952075958, 0.943336904049, 0.0276627503335, 0.00177955429535, 0.000249347096542, 8.9394627139e-05],
        "mean": [0.00218558800407, 0.0348752774298, 0.307068258524, 1.64163327217, 3.55285406113, 8.93498897552, 9.51599121094, 9.66951560974, 12.4007711411, 20.4293327332, 32.6166191101, 41.0532951355, 39.4416503906, 29.75390625, 22.2150917053, 22.3122425079, 21.5222110748, 24.6285743713, 40.3620491028, 30.3379573822, 34.345199585, 21.10846138, 23.5144729614, 26.5031394958, 24.6580657959, 22.102519989, 8.78385543823, 5.11603879929, 4.55458593369, 4.17035961151, 3.90477728844, 3.00294184685, 1.68863618374, 0.766086518764, 0.174521535635, 0.00936631020159, 0.000334151118295, 3.27037159877e-05, 1.48825629367e-05, 2.10631424125e-05],
        "median": [0.0011752465507, 0.0216921120882, 0.164114698768, 0.713310360909, 2.15197324753, 5.13512229919, 5.34357833862, 4.87099742889, 6.66916894913, 8.22519016266, 9.21137619019, 9.2671880722, 11.7761602402, 10.6402215958, 8.16641807556, 7.39489126205, 5.69351196289, 7.89046621323, 10.0094184875, 11.020980835, 10.3097467422, 8.65756607056, 9.07541275024, 7.56011581421, 6.36220836639, 6.9657907486, 3.06616973877, 1.34252941608, 1.20824360847, 1.05774211884, 1.03145968914, 0.779800772667, 0.402534246445, 0.121649846435, 0.0154281063005, 0.00109459226951, 5.89815172134e-05, 1.02248141047e-05, 9.99253006739e-06, 1.72170330188e-05],
        "min": [5.1366325696e-22, 2.98551434861e-21, 2.01356892975e-20, 1.34606882976e-20, 3.25072965757e-20, 3.17972848045e-20, 8.4360324964e-20, 1.40707441776e-19, 2.92202068372e-19, 5.57084790955e-19, 1.21045019989e-18, 7.78743397424e-19, 6.62472977668e-19, 2.13314597816e-18, 1.64432907524e-18, 2.20674106444e-18, 3.4850736345e-18, 3.03720330927e-18, 3.83780330002e-18, 6.83922070805e-18, 5.35459239514e-18, 6.16893144228e-18, 7.59324505363e-18, 1.35107958942e-17, 1.256761809e-17, 1.45841123698e-17, 1.03559968667e-17, 1.51009199273e-17, 2.06227756869e-17, 1.59606500969e-17, 1.36019520248e-17, 1.3415323535e-17, 1.16450908497e-17, 9.2788521992e-18, 6.6950125216e-18, 4.24158696655e-18, 2.90847063811e-18, 1.21010795391e-18, 2.87339383744e-19, 3.35657904917e-20],
        "var": [9.51967467699e-06, 0.0019516882021, 0.197041675448, 9.82771015167, 20.8406047821, 129.048843384, 151.458938599, 269.256011963, 323.238769531, 1535.13513184, 4519.45800781, 8190.58203125, 7191.43017578, 3355.23803711, 1560.07128906, 2427.14282227, 2798.90551758, 2012.61364746, 7432.57324219, 2990.20117188, 5849.20751953, 1240.77319336, 1586.80688477, 3094.78417969, 3502.28735352, 1306.4810791, 227.331558228, 214.06729126, 167.325393677, 141.0105896, 133.363449097, 89.2127304077, 33.2394065857, 8.28067970276, 0.552118420601, 0.00171190034598, 1.71154442796e-06, 1.01588710777e-08, 3.87821830206e-10, 2.60447691192e-10]
    },
    "gfcc": {
        "mean": [-41.6301460266, 109.111610413, -162.392593384, 37.8944854736, -85.6250152588, 6.97729730606, -50.7958984375, -2.08092832565, -19.5807685852, -20.5194969177, -3.57531809807, -22.0318145752, 2.68823599815],
        "cov": [[4630.29638672, -658.769470215, -1202.78723145, 370.85824585, -376.571258545, -56.0594406128, 158.681228638, 36.4733352661, 114.064170837, -202.497055054, 112.470153809, -286.636627197, 9.15260124207], [-658.769470215, 969.246276855, 26.7936382294, -161.419204712, 197.773635864, -118.52935791, 114.11870575, -119.273162842, 106.037376404, -114.37374115, 46.7523345947, -50.9784317017, -1.06229877472], [-1202.78723145, 26.7936382294, 1175.14379883, 17.7473125458, 56.8004150391, 239.517211914, -249.986343384, 83.255241394, -172.597061157, 216.382751465, -211.01473999, 214.057891846, -32.5265884399], [370.85824585, -161.419204712, 17.7473125458, 351.024810791, -13.7978639603, -13.8588008881, 4.68238449097, -53.8508796692, 51.0245094299, -35.1267166138, -12.5870094299, 2.18804621696, 2.82213163376], [-376.571258545, 197.773635864, 56.8004150391, -13.7978639603, 242.355575562, 3.36254930496, -22.9232025146, 38.7168464661, -34.1880264282, 8.19993400574, -5.46838521957, 15.5310401917, 9.21623897552], [-56.0594406128, -118.52935791, 239.517211914, -13.8588008881, 3.36254930496, 209.769638062, -15.1069765091, 33.3147087097, -81.2283248901, 80.0905303955, -56.1066207886, 47.3969764709, -23.1152172089], [158.681228638, 114.11870575, -249.986343384, 4.68238449097, -22.9232025146, -15.1069765091, 224.787826538, -48.6506690979, 58.4799957275, -71.1228637695, 55.5561676025, -72.4100112915, -17.468252182], [36.4733352661, -119.273162842, 83.255241394, -53.8508796692, 38.7168464661, 33.3147087097, -48.6506690979, 180.716217041, -55.4652404785, 62.5340042114, -31.1535396576, 17.7755508423, 12.7081813812], [114.064170837, 106.037376404, -172.597061157, 51.0245094299, -34.1880264282, -81.2283248901, 58.4799957275, -55.4652404785, 186.767272949, -61.4397354126, 29.2234668732, -39.7336196899, 1.16768968105], [-202.497055054, -114.37374115, 216.382751465, -35.1267166138, 8.19993400574, 80.0905303955, -71.1228637695, 62.5340042114, -61.4397354126, 151.728149414, -33.1635131836, 52.3566894531, -14.6296567917], [112.470153809, 46.7523345947, -211.01473999, -12.5870094299, -5.46838521957, -56.1066207886, 55.5561676025, -31.1535396576, 29.2234668732, -33.1635131836, 118.918067932, -29.8396911621, 6.12940788269], [-286.636627197, -50.9784317017, 214.057891846, 2.18804621696, 15.5310401917, 47.3969764709, -72.4100112915, 17.7755508423, -39.7336196899, 52.3566894531, -29.8396911621, 124.369346619, 8.35309886932], [9.15260124207, -1.06229877472, -32.5265884399, 2.82213163376, 9.21623897552, -23.1152172089, -17.468252182, 12.7081813812, 1.16768968105, -14.6296567917, 6.12940788269, 8.35309886932, 67.6541137695]],
        "icov": [[0.000603888998739, -0.000457681569969, 0.0011045037536, -0.00111370254308, 0.00128255586606, -0.00104220339563, 0.000869900395628, -0.000997464987449, 0.000487379962578, 9.52969567152e-05, 0.000338138925144, 0.00038514501648, 0.00030376893119], [-0.000457681569969, 0.00371582829393, -0.00278427964076, 0.00320427911356, -0.00410178536549, 0.00260692508891, -0.00261188088916, 0.00294129294343, -0.00221088458784, 0.00168320245575, -0.0012665791437, 0.0011132726213, -0.000749993079808], [0.0011045037536, -0.00278427964076, 0.00542007898912, -0.00359198334627, 0.00388768664561, -0.00382435042411, 0.00365277915262, -0.00267212628387, 0.0023594412487, -0.00196806690656, 0.00352452206425, -0.00206289277412, 0.00164044683333], [-0.00111370254308, 0.00320427911356, -0.00359198334627, 0.00686577474698, -0.00454348139465, 0.0030942952726, -0.00286844116636, 0.00409834785387, -0.00298140360974, 0.00164848857094, -0.000896072539035, 0.000158108188771, -0.00117707718164], [0.00128255586606, -0.00410178536549, 0.00388768664561, -0.00454348139465, 0.0100459223613, -0.00358521658927, 0.0036671909038, -0.00505368690938, 0.00337806763127, -0.00086513441056, 0.00126541557256, -0.00067735905759, 0.000847014132887], [-0.00104220339563, 0.00260692508891, -0.00382435042411, 0.0030942952726, -0.00358521658927, 0.01107828971, -0.00504100136459, 0.00296752550639, 0.000494877924211, -0.00179489597213, 0.000850745302159, -0.000838415580802, 0.000258443906205], [0.000869900395628, -0.00261188088916, 0.00365277915262, -0.00286844116636, 0.0036671909038, -0.00504100136459, 0.00991107523441, -0.00228655827232, 0.000620644888841, 0.00116966944188, -0.00060291349655, 0.00164627027698, 0.00257734372281], [-0.000997464987449, 0.00294129294343, -0.00267212628387, 0.00409834785387, -0.00505368690938, 0.00296752550639, -0.00228655827232, 0.0106320697814, -0.000921412371099, -0.00193255825434, 0.000559249019716, 0.000919521960896, -0.00272589805536], [0.000487379962578, -0.00221088458784, 0.0023594412487, -0.00298140360974, 0.00337806763127, 0.000494877924211, 0.000620644888841, -0.000921412371099, 0.00914176553488, -0.000570490024984, 0.00158215058036, -0.000424089987064, 0.000828187097795], [9.52969567152e-05, 0.00168320245575, -0.00196806690656, 0.00164848857094, -0.00086513441056, -0.00179489597213, 0.00116966944188, -0.00193255825434, -0.000570490024984, 0.0131182074547, -0.00243511935696, -0.000425464182626, 0.0022878900636], [0.000338138925144, -0.0012665791437, 0.00352452206425, -0.000896072539035, 0.00126541557256, 0.000850745302159, -0.00060291349655, 0.000559249019716, 0.00158215058036, -0.00243511935696, 0.0141249485314, -0.00177787255961, -9.02556275832e-05], [0.00038514501648, 0.0011132726213, -0.00206289277412, 0.000158108188771, -0.00067735905759, -0.000838415580802, 0.00164627027698, 0.000919521960896, -0.000424089987064, -0.000425464182626, -0.00177787255961, 0.01395661477, -0.00262165628374], [0.00030376893119, -0.000749993079808, 0.00164044683333, -0.00117707718164, 0.000847014132887, 0.000258443906205, 0.00257734372281, -0.00272589805536, 0.000828187097795, 0.0022878900636, -9.02556275832e-05, -0.00262165628374, 0.0175287164748]]
    },
    "melbands": {
        "dmean": [1.99701844394e-05, 9.23274928937e-05, 0.000214493222302, 0.000240961308009, 0.000197113447939, 0.000139471536386, 0.00010779403965, 0.000140680553159, 0.000165124569321, 0.000151490297867, 0.000108824795461, 6.96054339642e-05, 4.602759509e-05, 4.16415168729e-05, 2.42853238888e-05, 2.55193572229e-05, 2.86716349365e-05, 3.82392863685e-05, 2.74215890386e-05, 1.9327057089e-05, 2.22756934818e-05, 1.0452740753e-05, 1.321981199e-05, 1.33113162519e-05, 1.03800803117e-05, 8.3762106442e-06, 7.51686820877e-06, 6.81371375322e-06, 3.34866581397e-06, 1.91855497178e-06, 1.82398287052e-06, 1.54649728756e-06, 1.43074680636e-06, 1.28326666982e-06, 1.2880570921e-06, 1.16891362723e-06, 9.65802428254e-07, 7.26460939404e-07, 5.03468697843e-07, 3.77333606139e-07],
        "dmean2": [3.44038562616e-05, 0.000158259630552, 0.0003398253466, 0.00038412772119, 0.000318570644595, 0.000233734055655, 0.000169015329448, 0.000221399255679, 0.000256781902863, 0.000228554490604, 0.000168237078469, 0.0001087536657, 7.10794120096e-05, 6.46561238682e-05, 3.78118056688e-05, 3.98707888962e-05, 4.54609580629e-05, 6.06277935731e-05, 4.33237473771e-05, 3.04580662487e-05, 3.42370221915e-05, 1.62897067639e-05, 2.15325671888e-05, 2.10077269003e-05, 1.60773306561e-05, 1.29408290377e-05, 1.13028563646e-05, 1.03336997199e-05, 5.14611156177e-06, 2.87243938146e-06, 2.72515444522e-06, 2.24008635996e-06, 2.03513900487e-06, 1.79164658221e-06, 1.83027873391e-06, 1.6998776573e-06, 1.40109057156e-06, 1.05467597677e-06, 7.13261044893e-07, 5.36648087746e-07],
        "dvar": [1.07589326337e-09, 2.95897155667e-08, 1.88677631741e-07, 1.26156805891e-07, 8.24803620958e-08, 1.04308440996e-07, 3.52519080593e-08, 1.06717692461e-07, 1.34189889422e-07, 1.29170430796e-07, 7.7437988466e-08, 2.73913833837e-08, 1.21499139638e-08, 1.15106155718e-08, 3.8413472403e-09, 3.74210706866e-09, 4.76500749969e-09, 9.62531743198e-09, 4.77518868891e-09, 1.9603756396e-09, 3.03257241541e-09, 3.97485683257e-10, 1.12260034602e-09, 7.32713056895e-10, 8.05734090559e-10, 6.25979157398e-10, 2.53159743169e-10, 1.76445524858e-10, 5.29613297662e-11, 3.5853819913e-11, 3.69655937804e-11, 2.47206578124e-11, 1.81763926826e-11, 1.86695537502e-11, 1.56493516063e-11, 1.52318383601e-11, 1.13238324967e-11, 7.31802899528e-12, 3.29764492622e-12, 2.20496255803e-12],
        "dvar2": [3.03144953584e-09, 8.12190066313e-08, 4.16206518139e-07, 3.07529688826e-07, 2.04507543344e-07, 2.88243768409e-07, 8.07544751069e-08, 2.57461152842e-07, 3.10653888391e-07, 2.89405278409e-07, 1.88985922023e-07, 6.12887376406e-08, 3.07191108107e-08, 2.6575724732e-08, 8.85865336642e-09, 8.67501270818e-09, 1.15664802181e-08, 2.35518520242e-08, 1.06246194065e-08, 4.74090189329e-09, 6.39835917582e-09, 8.98421226303e-10, 2.75371858649e-09, 1.69349645418e-09, 1.71932867943e-09, 1.55424029202e-09, 5.67913549521e-10, 3.63875457543e-10, 1.15212353546e-10, 7.03078567588e-11, 7.65156271676e-11, 4.50734900792e-11, 3.25526480771e-11, 3.38961948787e-11, 2.78104952262e-11, 2.93887032765e-11, 2.11777817505e-11, 1.36885607016e-11, 5.85104230691e-12, 4.1826672334e-12],
        "max": [0.000354257790605, 0.00219335616566, 0.00856512691826, 0.00526439305395, 0.00490355025977, 0.00694444356486, 0.00468137394637, 0.00665794545785, 0.00629428867251, 0.00653411261737, 0.00834137387574, 0.00440486148, 0.00224015465938, 0.00266892649233, 0.0019634636119, 0.00148692424409, 0.0010868612444, 0.00258713588119, 0.00190625572577, 0.00121652253438, 0.00176313030533, 0.000530533550773, 0.00128800212406, 0.000779069610871, 0.000943594786804, 0.000811368576251, 0.000297439517453, 0.00035833750735, 0.000139009018312, 0.000144136167364, 0.000146969308844, 0.000197039364139, 0.000106943945866, 0.000112354995508, 0.000125922204461, 0.000110075088742, 8.03314178484e-05, 7.63367643231e-05, 4.16093789681e-05, 3.87527688872e-05],
        "mean": [2.57482406596e-05, 0.000118918840599, 0.000312695046887, 0.00045328726992, 0.00036363027175, 0.000214616535231, 0.00019773634267, 0.00024081315496, 0.000273931160336, 0.000252689351328, 0.000194126114366, 0.000123842910398, 7.63006537454e-05, 7.12223190931e-05, 4.27126433351e-05, 4.39277719124e-05, 4.4991971663e-05, 6.57633063383e-05, 4.6654658945e-05, 3.44441032212e-05, 4.27713894169e-05, 1.97313966055e-05, 2.25881594815e-05, 2.42467776843e-05, 2.10111011256e-05, 1.77942638402e-05, 1.60572108143e-05, 1.43978440974e-05, 6.06917865298e-06, 3.15758893521e-06, 2.90508955914e-06, 2.5839196951e-06, 2.47145044341e-06, 2.24146447181e-06, 2.28591261475e-06, 2.06862864616e-06, 1.75512968781e-06, 1.29175180064e-06, 8.27716348795e-07, 5.89076194046e-07],
        "median": [1.51881940837e-05, 6.7358771048e-05, 0.0001623397402, 0.000272671459243, 0.000215957305045, 0.000109477958176, 0.000108238207758, 8.9148117695e-05, 6.85181003064e-05, 5.345223326e-05, 5.39777065569e-05, 3.90017376048e-05, 2.42681417149e-05, 1.9917210011e-05, 1.18215712064e-05, 1.26210743474e-05, 1.25989854496e-05, 1.30558009914e-05, 1.36694061439e-05, 1.07048517748e-05, 1.10568389573e-05, 7.39748566048e-06, 7.83165432949e-06, 7.63557636674e-06, 5.44847989659e-06, 4.34601179222e-06, 4.30960199083e-06, 4.16551165472e-06, 1.84493580946e-06, 8.35873322558e-07, 5.99603879436e-07, 6.03735713867e-07, 6.26304426987e-07, 5.12722124313e-07, 5.71732527987e-07, 5.28463885985e-07, 4.2175011572e-07, 2.88540320525e-07, 1.62692614936e-07, 7.5111152853e-08],
        "min": [4.98976807873e-24, 1.34399510377e-23, 4.57145920095e-24, 1.49381836735e-24, 3.47911009485e-24, 3.22416918295e-24, 3.94979065927e-24, 8.63602005003e-24, 8.46429765274e-24, 4.53754133747e-24, 3.35955191378e-24, 8.08575406989e-24, 5.31401042116e-24, 3.26301683544e-24, 6.63254448701e-24, 7.37480895628e-24, 5.37366763268e-24, 6.41393574739e-24, 9.24185023688e-24, 8.56871207101e-24, 5.45898925047e-24, 6.52248261351e-24, 5.07825933963e-24, 5.83090640171e-24, 1.12150366966e-23, 7.93347867164e-24, 8.82482207478e-24, 8.9518633904e-24, 6.07892782018e-24, 6.10860082313e-24, 1.01859155809e-23, 1.03038589637e-23, 9.40541581241e-24, 7.90937581554e-24, 7.16350940738e-24, 8.39623867814e-24, 7.49176547409e-24, 6.12019471186e-24, 9.83578913445e-24, 6.94271670633e-24],
        "var": [1.13113762801e-09, 2.79238125955e-08, 2.60845780531e-07, 2.87746161121e-07, 1.97062647089e-07, 1.24518123812e-07, 8.03222377499e-08, 2.31294720265e-07, 2.91748506243e-07, 2.74451480209e-07, 1.88451309668e-07, 6.80638834183e-08, 2.38174013845e-08, 2.71526587881e-08, 9.60795087934e-09, 8.8798168818e-09, 8.22248669152e-09, 2.30449810346e-08, 9.65662305674e-09, 5.64250557389e-09, 1.12779794392e-08, 1.1708831682e-09, 2.42436981601e-09, 1.91079174705e-09, 2.46301223861e-09, 2.08470907204e-09, 8.31613777841e-10, 6.31061647383e-10, 1.26583771243e-10, 7.5339214034e-11, 7.6485713596e-11, 5.92625115647e-11, 4.46742295934e-11, 4.72634015258e-11, 4.66545239941e-11, 4.16536874437e-11, 3.25874605078e-11, 1.99814834817e-11, 9.0310051104e-12, 5.59510250631e-12]
    },
    "mfcc": {
        "mean": [-658.390380859, 114.360748291, -15.1381559372, 11.7410078049, -5.90018415451, -10.162021637, -11.6074266434, -2.13536953926, -12.0736398697, 1.94280958176, -12.3115911484, -6.8567738533, -7.82086038589],
        "cov": [[5147.57421875, -1217.39355469, -935.494995117, 104.389076233, -487.193237305, -176.243728638, -22.5584278107, 138.315658569, -108.512313843, 355.859161377, -127.390396118, 9.61340141296, -81.904624939], [-1217.39355469, 1127.76208496, -13.1265745163, -54.0777664185, 99.9825057983, 11.3756303787, 17.8339958191, 22.2821445465, -3.92158937454, -11.7369003296, 13.749373436, -12.767449379, 2.99041986465], [-935.494995117, -13.1265745163, 855.256530762, -1.61958253384, 172.675521851, 161.953643799, -30.3188533783, -65.2303466797, 112.533935547, -198.412506104, 76.1297073364, 9.97047042847, 30.9689998627], [104.389076233, -54.0777664185, -1.61958253384, 271.443237305, 38.0859680176, 29.2391853333, -53.9021110535, 29.9368782043, -0.171143189073, 4.80989456177, -33.6585121155, 15.7671985626, -8.21657752991], [-487.193237305, 99.9825057983, 172.675521851, 38.0859680176, 301.182525635, -9.83721351624, 12.3992214203, -34.3090782166, 58.0613250732, -89.7540130615, 17.2741851807, -20.2800941467, 43.7007827759], [-176.243728638, 11.3756303787, 161.953643799, 29.2391853333, -9.83721351624, 228.022415161, -5.9173116684, 13.1499013901, 4.25614643097, -36.2920913696, 36.1780548096, -6.41781663895, -15.9635229111], [-22.5584278107, 17.8339958191, -30.3188533783, -53.9021110535, 12.3992214203, -5.9173116684, 203.794616699, -3.37821578979, -7.01011228561, 13.5986595154, 20.9477558136, -29.0490703583, -8.22139930725], [138.315658569, 22.2821445465, -65.2303466797, 29.9368782043, -34.3090782166, 13.1499013901, -3.37821578979, 105.257781982, 4.67370843887, 22.1864757538, -17.361623764, 3.59411120415, -1.88826024532], [-108.512313843, -3.92158937454, 112.533935547, -0.171143189073, 58.0613250732, 4.25614643097, -7.01011228561, 4.67370843887, 123.142463684, -23.4236888885, 15.2696914673, -3.00409960747, 15.7634000778], [355.859161377, -11.7369003296, -198.412506104, 4.80989456177, -89.7540130615, -36.2920913696, 13.5986595154, 22.1864757538, -23.4236888885, 175.410049438, -22.0167675018, 4.13029241562, -35.8679008484], [-127.390396118, 13.749373436, 76.1297073364, -33.6585121155, 17.2741851807, 36.1780548096, 20.9477558136, -17.361623764, 15.2696914673, -22.0167675018, 107.94229126, -3.70844531059, 5.96705436707], [9.61340141296, -12.767449379, 9.97047042847, 15.7671985626, -20.2800941467, -6.41781663895, -29.0490703583, 3.59411120415, -3.00409960747, 4.13029241562, -3.70844531059, 88.2429275513, 15.1365966797], [-81.904624939, 2.99041986465, 30.9689998627, -8.21657752991, 43.7007827759, -15.9635229111, -8.22139930725, -1.88826024532, 15.7634000778, -35.8679008484, 5.96705436707, 15.1365966797, 87.645980835]],
