{
"lowlevel": {
    "average_loudness": 0.123192667961,
    "barkbands_crest": {
        "dmean": 2.34101676941,
        "dmean2": 3.80561184883,
        "dvar": 5.47971105576,
        "dvar2": 13.8757019043,
        "max": 26.5936012268,
        "mean": 10.8333435059,
        "median": 9.88308238983,
        "min": 2.07108139992,
        "var": 21.5263938904
    },
    "barkbands_flatness_db": {
        "dmean": 0.0189239922911,
        "dmean2": 0.0292794648558,
        "dvar": 0.000357752287528,
        "dvar2": 0.000810435216408,
        "max": 0.462885588408,
        "mean": 0.180429637432,
        "median": 0.174186617136,
        "min": 0.015908209607,
        "var": 0.00475330464542
    },
    "barkbands_kurtosis": {
        "dmean": 3.97997665405,
        "dmean2": 6.07703256607,
        "dvar": 105.069320679,
        "dvar2": 209.449066162,
        "max": 663.339477539,
        "mean": 8.48655605316,
        "median": 3.01439476013,
        "min": -1.92695295811,
        "var": 374.287750244
    },
    "barkbands_skewness": {
        "dmean": 0.509498298168,
        "dmean2": 0.765614569187,
        "dvar": 0.398336321115,
        "dvar2": 0.811866104603,
        "max": 22.7188529968,
        "mean": 1.25674045086,
        "median": 1.04902696609,
        "min": -3.00111460686,
        "var": 4.11309289932
    },
    "barkbands_spread": {
        "dmean": 3.62626290321,
        "dmean2": 5.59450769424,
        "dvar": 29.3596687317,
        "dvar2": 60.8519248962,
        "max": 105.977958679,
        "mean": 15.4711227417,
        "median": 12.3824186325,
        "min": 0.268233954906,
        "var": 145.979354858
    },
    "dissonance": {
        "dmean": 0.0246099028736,
        "dmean2": 0.0410999767482,
        "dvar": 0.000666556879878,
        "dvar2": 0.00180268776603,
        "max": 0.500000059605,
        "mean": 0.447200864553,
        "median": 0.457821398973,
        "min": 0.20798112452,
        "var": 0.00208764802665
    },
    "dynamic_complexity": 5.06541585922,
    "erbbands_crest": {
        "dmean": 2.79570817947,
        "dmean2": 4.44021081924,
        "dvar": 8.07650852203,
        "dvar2": 19.5647163391,
        "max": 33.3524475098,
        "mean": 11.337187767,
        "median": 10.3162498474,
        "min": 2.58553290367,
        "var": 33.8661460876
    },
    "erbbands_flatness_db": {
        "dmean": 0.0172288250178,
        "dmean2": 0.0256596840918,
        "dvar": 0.000305684894556,
        "dvar2": 0.000622863939498,
        "max": 0.39046227932,
        "mean": 0.205506429076,
        "median": 0.210764020681,
        "min": 0.0653105005622,
        "var": 0.00343364221044
    },
    "erbbands_kurtosis": {
        "dmean": 1.62158668041,
        "dmean2": 2.52985024452,
        "dvar": 8.1176366806,
        "dvar2": 17.9767284393,
        "max": 89.2276229858,
        "mean": 2.47422146797,
        "median": 0.724226474762,
        "min": -1.85019505024,
        "var": 27.7230949402
    },
    "erbbands_skewness": {
        "dmean": 0.392727613449,
        "dmean2": 0.598435342312,
        "dvar": 0.179213181138,
        "dvar2": 0.377144873142,
        "max": 8.49425601959,
        "mean": 0.695540487766,
        "median": 0.55944699049,
        "min": -4.81962871552,
        "var": 1.35990965366
    },
    "erbbands_spread": {
        "dmean": 6.29752349854,
        "dmean2": 9.77219676971,
        "dvar": 81.6426010132,
        "dvar2": 179.811920166,
        "max": 163.166244507,
        "mean": 28.4830570221,
        "median": 25.0972690582,
        "min": 2.06664967537,
        "var": 336.386383057
    },
    "hfc": {
        "dmean": 3.87763118744,
        "dmean2": 5.4259352684,
        "dvar": 79.3784332275,
        "dvar2": 158.523544312,
        "max": 279.515228271,
        "mean": 13.3610982895,
        "median": 4.17991733551,
        "min": 1.03796654819e-16,
        "var": 508.077209473
    },
    "melbands_crest": {
        "dmean": 2.79220247269,
        "dmean2": 4.5070681572,
        "dvar": 7.86279392242,
        "dvar2": 19.9965801239,
        "max": 33.9470443726,
        "mean": 13.1636304855,
        "median": 12.9146327972,
        "min": 1.43926846981,
        "var": 42.7636184692
    },
    "melbands_flatness_db": {
        "dmean": 0.0197772737592,
        "dmean2": 0.0297035593539,
        "dvar": 0.000504996627569,
        "dvar2": 0.00108231476042,
        "max": 0.589675784111,
        "mean": 0.212715551257,
        "median": 0.208375185728,
        "min": 0.00267273536883,
        "var": 0.0127159310505
    },
    "melbands_kurtosis": {
        "dmean": 7.0714840889,
        "dmean2": 10.8143281937,
        "dvar": 287.503631592,
        "dvar2": 621.257263184,
        "max": 464.874053955,
        "mean": 15.5889863968,
        "median": 4.36098575592,
        "min": -1.90322887897,
        "var": 1033.71264648
    },
    "melbands_skewness": {
        "dmean": 0.616903662682,
        "dmean2": 0.93458211422,
        "dvar": 0.667734801769,
        "dvar2": 1.42997038364,
        "max": 14.0725011826,
        "mean": 2.00177001953,
        "median": 1.523416996,
        "min": -2.10383415222,
        "var": 4.67515850067
    },
    "melbands_spread": {
        "dmean": 5.80383300781,
        "dmean2": 9.15711021423,
        "dvar": 88.940032959,
        "dvar2": 186.499237061,
        "max": 290.04977417,
        "mean": 31.5699501038,
        "median": 17.5406990051,
        "min": 0.38102093339,
        "var": 1536.47924805
    },
    "pitch_salience": {
        "dmean": 0.0570248141885,
        "dmean2": 0.0918175578117,
        "dvar": 0.00322812050581,
        "dvar2": 0.00810060463846,
        "max": 0.941888749599,
        "mean": 0.569185614586,
        "median": 0.558932006359,
        "min": 0.0792827159166,
        "var": 0.0207805484533
    },
    "silence_rate_20dB": {
        "dmean": 0,
        "dmean2": 0,
        "dvar": 0,
        "dvar2": 0,
        "max": 1,
        "mean": 1,
        "median": 1,
        "min": 1,
        "var": 0
    },
    "silence_rate_30dB": {
        "dmean": 0.000929584028199,
        "dmean2": 0.00185938412324,
        "dvar": 0.000928761670366,
        "dvar2": 0.00185610447079,
        "max": 1,
        "mean": 0.999070525169,
        "median": 1,
        "min": 0,
        "var": 0.000928653927986
    },
    "silence_rate_60dB": {
        "dmean": 0.0371833592653,
        "dmean2": 0.0743753612041,
        "dvar": 0.0357991941273,
        "dvar2": 0.077681966126,
        "max": 1,
        "mean": 0.283490180969,
        "median": 0,
        "min": 0,
        "var": 0.203110083938
    },
    "spectral_centroid": {
        "dmean": 196.267608643,
        "dmean2": 306.680084229,
        "dvar": 81089.1875,
        "dvar2": 173095.078125,
        "max": 11959.8359375,
        "mean": 2223.63623047,
        "median": 1132.77539062,
        "min": 140.750320435,
        "var": 9735789
    },
    "spectral_complexity": {
        "dmean": 1.69021618366,
        "dmean2": 2.74212670326,
        "dvar": 4.50449132919,
        "dvar2": 10.4980106354,
        "max": 47,
        "mean": 9.76100826263,
        "median": 8,
        "min": 0,
        "var": 60.5952568054
    },
    "spectral_decrease": {
        "dmean": 1.01233466054e-09,
        "dmean2": 1.51144030625e-09,
        "dvar": 3.02523524658e-18,
        "dvar2": 6.67137459482e-18,
        "max": 1.42628639128e-22,
        "mean": -3.33102256889e-09,
        "median": -2.0048434024e-09,
        "min": -3.08631236123e-08,
        "var": 1.40132320157e-17
    },
    "spectral_energy": {
        "dmean": 0.00413125520572,
        "dmean2": 0.00613574869931,
        "dvar": 5.07770746481e-05,
        "dvar2": 0.000111027868115,
        "max": 0.13618093729,
        "mean": 0.0137839121744,
        "median": 0.00806130282581,
        "min": 9.68370326476e-21,
        "var": 0.000250806420809
    },
    "spectral_energyband_high": {
        "dmean": 0.000158551236382,
        "dmean2": 0.000226195799769,
        "dvar": 4.23668069516e-07,
        "dvar2": 6.78476510529e-07,
        "max": 0.045628849417,
        "mean": 0.000373201968614,
        "median": 6.09031121712e-05,
        "min": 6.68248116829e-21,
        "var": 1.74710726242e-06
    },
    "spectral_energyband_low": {
        "dmean": 0.00113547674846,
        "dmean2": 0.00187941465992,
        "dvar": 1.04995451693e-05,
        "dvar2": 2.60629421973e-05,
        "max": 0.068633928895,
        "mean": 0.00250033498742,
        "median": 0.000591037387494,
        "min": 9.11914213421e-24,
        "var": 2.53141824942e-05
    },
    "spectral_energyband_middle_high": {
        "dmean": 0.0017585803289,
        "dmean2": 0.00253387517296,
        "dvar": 1.9716027964e-05,
        "dvar2": 4.23689089075e-05,
        "max": 0.0953993424773,
        "mean": 0.00577939022332,
        "median": 0.000770279148128,
        "min": 1.10056511767e-21,
        "var": 0.000141174299642
    },
    "spectral_energyband_middle_low": {
        "dmean": 0.00220514601097,
        "dmean2": 0.00337799615227,
        "dvar": 2.14087212953e-05,
        "dvar2": 4.70494342153e-05,
        "max": 0.11243738234,
        "mean": 0.00556243117899,
        "median": 0.00335185509175,
        "min": 1.24931156875e-22,
        "var": 5.72267781536e-05
    },
    "spectral_entropy": {
        "dmean": 0.15540920198,
        "dmean2": 0.230584427714,
        "dvar": 0.0339115969837,
        "dvar2": 0.0715293735266,
        "max": 9.83382511139,
        "mean": 7.37774705887,
        "median": 7.22700309753,
        "min": 4.77733564377,
        "var": 1.01609897614
    },
    "spectral_flux": {
        "dmean": 0.0176160819829,
        "dmean2": 0.0282524097711,
        "dvar": 0.000633918098174,
        "dvar2": 0.00152700464241,
        "max": 0.343536883593,
        "mean": 0.0538782328367,
        "median": 0.0398269072175,
        "min": 6.21394671829e-11,
        "var": 0.00242471625097
    },
    "spectral_kurtosis": {
        "dmean": 2.44937396049,
        "dmean2": 4.16521263123,
        "dvar": 17.0792484283,
        "dvar2": 47.3667449951,
        "max": 91.1949462891,
        "mean": 5.90363693237,
        "median": 4.07129859924,
        "min": -1.31023621559,
        "var": 66.5198287964
    },
    "spectral_rms": {
        "dmean": 0.000480796967167,
        "dmean2": 0.000704043428414,
        "dvar": 4.24167666324e-07,
        "dvar2": 8.42049928451e-07,
        "max": 0.0115264672786,
        "mean": 0.00304279802367,
        "median": 0.00280440459028,
        "min": 3.07368106661e-12,
        "var": 4.18903391619e-06
    },
    "spectral_rolloff": {
        "dmean": 320.920959473,
        "dmean2": 537.445495605,
        "dvar": 518825.1875,
        "dvar2": 1030099.625,
        "max": 19896.6796875,
        "mean": 3189.18310547,
        "median": 1162.79296875,
        "min": 86.1328125,
        "var": 30497556
    },
    "spectral_skewness": {
        "dmean": 0.267706423998,
        "dmean2": 0.436546504498,
        "dvar": 0.103973068297,
        "dvar2": 0.267163604498,
        "max": 7.49223470688,
        "mean": 1.6105158329,
        "median": 1.55980944633,
        "min": -0.312919825315,
        "var": 0.954391121864
    },
    "spectral_spread": {
        "dmean": 474418.46875,
        "dmean2": 726725.1875,
        "dvar": 521141420032,
        "dvar2": 1.03570977587e+12,
        "max": 43545956,
        "mean": 7756483.5,
        "median": 3696481,
        "min": 758444.125,
        "var": 1.2969041304e+14
    },
    "spectral_strongpeak": {
        "dmean": 0.574646055698,
        "dmean2": 0.917295157909,
        "dvar": 1.36685574055,
        "dvar2": 3.2914147377,
        "max": 32.6996574402,
        "mean": 1.30470836163,
        "median": 0.482620835304,
        "min": 0,
        "var": 3.99481344223
    },
    "zerocrossingrate": {
        "dmean": 0.00769102526829,
        "dmean2": 0.00966428034008,
        "dvar": 0.000156079389853,
        "dvar2": 0.000180842442205,
        "max": 0.84228515625,
        "mean": 0.0995405614376,
        "median": 0.05029296875,
        "min": 0.00244140625,
        "var": 0.0205445028841
    },
    "barkbands": {
        "dmean": [7.53753192839e-05, 0.000732278102078, 0.000454854452983, 0.000355609867256, 0.000769382109866, 0.000753090484068, 0.000400983146392, 0.000278581603197, 0.00042805695557, 0.000435296533396, 0.000407428015023, 0.000430158746894, 0.000562198343687, 0.0006186660612, 0.000406471110182, 0.000181228591828, 6.34955285932e-05, 8.87051064637e-05, 0.000136677947012, 0.000117683252029, 4.41994743596e-05, 2.83160170511e-05, 3.00915944536e-05, 1.45585363498e-05, 7.39435745345e-06, 2.28446856454e-06, 1.54780099848e-08],
        "dmean2": [0.000106376566691, 0.00123005162459, 0.000745753117371, 0.000617878977209, 0.00121544278227, 0.00114143744577, 0.000593811972067, 0.000425500387792, 0.000651691807434, 0.000654528324958, 0.000579388113692, 0.000647455570288, 0.000806220050436, 0.000937938748393, 0.00062764523318, 0.000281648448436, 9.91310298559e-05, 0.000144043951877, 0.00020446513372, 0.000174478904228, 7.07730214344e-05, 4.40609001089e-05, 4.49235740234e-05, 2.14247193071e-05, 1.11720582936e-05, 3.48488242707e-06, 2.62131081286e-08],
        "dvar": [5.83612909111e-08, 5.79298011871e-06, 2.98291979561e-06, 8.92907792149e-07, 9.87737348623e-06, 3.93894288209e-06, 1.83203201232e-06, 1.3379782331e-06, 2.80060021396e-06, 2.46855211117e-06, 2.13007888306e-06, 3.13499162985e-06, 4.78418269267e-06, 7.47754938857e-06, 3.68890800928e-06, 1.64359187238e-06, 7.3760489272e-08, 1.40517670388e-07, 2.0313279947e-07, 2.92098150112e-07, 3.84967471234e-08, 1.21017889043e-08, 1.17970344604e-08, 8.02728195026e-09, 8.85907702752e-09, 6.67233657214e-10, 1.18250542821e-14],
        "dvar2": [1.32267388153e-07, 1.58859729709e-05, 7.31863974579e-06, 2.66168899543e-06, 2.31412395806e-05, 9.0076791821e-06, 3.69563599634e-06, 3.23540075442e-06, 6.1044074755e-06, 5.46519186173e-06, 3.76531465918e-06, 6.77617754263e-06, 8.79902290762e-06, 1.636351044e-05, 8.63058812683e-06, 3.01780232803e-06, 1.61596432235e-07, 3.72706296048e-07, 4.30994816725e-07, 4.49495104249e-07, 9.44462925645e-08, 2.59144172787e-08, 2.62122803463e-08, 1.72422129907e-08, 1.94704483647e-08, 1.22116916579e-09, 2.94188332278e-14],
        "max": [0.00379216694273, 0.0361809134483, 0.0332103595138, 0.0216820985079, 0.101267337799, 0.0382278189063, 0.0459413044155, 0.0392961725593, 0.0761150121689, 0.0416591204703, 0.0340353101492, 0.0616551376879, 0.0586848258972, 0.0747747942805, 0.0669015645981, 0.0791902914643, 0.0126442806795, 0.0138693582267, 0.016855943948, 0.0430413521826, 0.00993263162673, 0.00533564388752, 0.00341475941241, 0.00475023314357, 0.00744559196755, 0.0017356176395, 6.9305751822e-06],
        "mean": [0.000101470759546, 0.00112330040429, 0.000938745273743, 0.000628149311524, 0.00133767374791, 0.00143231486436, 0.000699723372236, 0.00045819580555, 0.000805223651696, 0.000759668648243, 0.000702429038938, 0.000886340683792, 0.00102305784822, 0.00100530614145, 0.000594297191128, 0.000273747864412, 0.000110906803457, 0.000144386722241, 0.00028039290919, 0.00025426337379, 7.47103840695e-05, 5.4089956393e-05, 5.5149273976e-05, 2.52645659202e-05, 1.19599271784e-05, 3.15409442919e-06, 1.97275440428e-08],
        "median": [1.36480775836e-06, 0.000135712994961, 0.000129845619085, 0.000159390037879, 0.000434471236076, 0.000258396641584, 0.000111595785711, 6.59311554045e-05, 8.72128366609e-05, 6.87060019118e-05, 5.59519867238e-05, 4.4751635869e-05, 4.7493733291e-05, 3.47176319337e-05, 2.77150684269e-05, 2.52002209891e-05, 1.56360492838e-05, 2.03831204999e-05, 2.34417166212e-05, 1.2302979485e-05, 7.15096393833e-06, 1.21756575027e-05, 1.01623500086e-05, 4.42999726147e-06, 1.74552621957e-06, 1.23134597629e-07, 4.45706138663e-09],
        "min": [1.65879575738e-25, 1.6034418314e-24, 2.834850549e-25, 2.93775203067e-25, 4.00734752864e-24, 5.64115182741e-24, 4.67844333362e-24, 2.93821657114e-24, 3.92876593842e-24, 9.49595653395e-24, 5.7460675668e-24, 6.25391689048e-24, 2.20133386873e-23, 1.84103947853e-23, 3.70956728862e-23, 3.11387191336e-23, 3.30015100316e-23, 6.33257018815e-23, 9.76320446484e-23, 1.37171122681e-22, 1.77890708969e-22, 2.78242297946e-22, 2.86761541338e-22, 4.97034624436e-22, 7.91385815476e-22, 1.12758571151e-21, 1.87937192123e-21],
        "var": [1.16088109792e-07, 9.53699782258e-06, 5.31051728103e-06, 1.59202841132e-06, 1.30340013129e-05, 1.07518753794e-05, 4.63074866275e-06, 2.29747161029e-06, 7.57581892685e-06, 5.78709659749e-06, 5.97676807956e-06, 1.48594945131e-05, 1.43225170177e-05, 1.47631844811e-05, 6.04164188189e-06, 2.9378736599e-06, 1.67631370118e-07, 1.94707368451e-07, 6.0662910073e-07, 1.49249240167e-06, 6.49656044516e-08, 2.08874784136e-08, 2.01846113157e-08, 1.45105083504e-08, 1.58287907226e-08, 9.73743752297e-10, 1.06426665915e-14]
    },
    "erbbands": {
        "dmean": [0.021495949477, 0.177792996168, 0.456325083971, 0.91823476553, 1.49814867973, 3.40940403938, 3.01188969612, 7.77051782608, 6.39996337891, 5.52766942978, 5.6657500267, 8.75725460052, 12.9022445679, 15.4123506546, 13.9444227219, 17.4695167542, 23.3368206024, 28.7249031067, 24.2988319397, 11.6338596344, 8.40040779114, 3.21350622177, 4.05267286301, 6.35368442535, 6.1526222229, 5.38564920425, 2.9927277565, 0.800373494625, 0.906131803989, 1.20485532284, 0.755750000477, 0.255896061659, 0.285822689533, 0.113022193313, 0.0395215712488, 0.0144755132496, 0.00371156586334, 0.000192249470274, 6.53771166981e-06, 5.19947798239e-06],
        "dmean2": [0.0343008078635, 0.298732310534, 0.739493370056, 1.58876311779, 2.45803618431, 5.37665843964, 4.61806917191, 11.7609653473, 9.18916225433, 8.59385490417, 8.49623298645, 13.2408285141, 19.3482227325, 22.2654933929, 19.4778518677, 25.0368328094, 32.4275550842, 42.6442337036, 37.1833114624, 18.0834445953, 12.8134908676, 4.91648483276, 6.48534822464, 9.84307861328, 9.13483047485, 7.92699193954, 4.56610012054, 1.24513530731, 1.41016066074, 1.80464184284, 1.13893175125, 0.380666077137, 0.417134672403, 0.164611399174, 0.0589797198772, 0.0218947343528, 0.00561329396442, 0.000302217260469, 9.78584375844e-06, 7.65725417295e-06],
        "dvar": [0.00516946148127, 0.345640331507, 2.87408399582, 6.67125988007, 20.7385940552, 254.701461792, 64.6598434448, 498.401184082, 408.502044678, 515.011779785, 519.157592773, 1408.18493652, 2979.63427734, 2858.66113281, 1884.60681152, 6291.68359375, 8683.35253906, 15821.3603516, 12019.8330078, 3782.86230469, 2933.79516602, 160.320755005, 256.165557861, 554.748779297, 430.101135254, 915.501831055, 173.311416626, 9.77848529816, 14.6758270264, 17.6480121613, 9.43735694885, 0.90085619688, 4.41414642334, 1.17428612709, 0.49847394228, 0.0264386106282, 0.0017019235529, 7.10859421815e-06, 2.69679856224e-09, 8.70106972584e-11],
        "dvar2": [0.0125228622928, 0.974016427994, 6.95312786102, 19.0091304779, 49.9149856567, 605.532348633, 146.407501221, 1136.97900391, 703.143066406, 1366.67895508, 1134.36962891, 2795.8371582, 7172.46777344, 5695.97900391, 3378.91967773, 12873.2431641, 15289.6240234, 36563.859375, 28431.9804688, 8838.93359375, 6004.76171875, 314.655853271, 648.852905273, 1237.03161621, 890.365478516, 1286.37353516, 354.188568115, 21.8544826508, 32.6927871704, 38.3193511963, 22.0771636963, 1.87668251991, 9.45909404755, 2.32790851593, 0.864380121231, 0.0504685789347, 0.00330085027963, 1.8906994228e-05, 6.21068707574e-09, 1.84777693146e-10],
        "max": [1.12900614738, 9.10363769531, 34.554359436, 63.8349113464, 115.778625488, 522.883911133, 194.399490356, 442.052307129, 558.798522949, 917.131530762, 858.77734375, 2038.78259277, 1810.83044434, 1287.16638184, 1448.99255371, 2951.08642578, 2731.99829102, 4334.20263672, 4130.27734375, 2130.66162109, 3279.49145508, 607.349121094, 480.194244385, 1010.99786377, 558.581665039, 2754.68286133, 619.451538086, 153.849227905, 215.327911377, 142.346725464, 99.7781066895, 26.3443641663, 116.945083618, 87.5686645508, 54.1877861023, 9.80526638031, 2.71316814423, 0.125927597284, 0.00286793825217, 0.000189422644326],
        "mean": [0.034230042249, 0.252845168114, 0.922356247902, 1.82440209389, 2.7202129364, 5.31011104584, 5.72466468811, 14.3880271912, 12.1626243591, 9.78132534027, 9.92186164856, 17.4072303772, 21.7565975189, 31.5277862549, 27.7168579102, 38.6481056213, 46.9711341858, 49.1235847473, 45.6208457947, 19.9636116028, 13.2977724075, 6.61912488937, 7.41765260696, 12.1803445816, 13.3652467728, 12.7690258026, 6.13710784912, 1.55197203159, 1.71867609024, 2.37028431892, 1.34005320072, 0.480183839798, 0.465142309666, 0.188596367836, 0.0637710615993, 0.0209820773453, 0.00471849739552, 0.000231937912758, 1.47147638927e-05, 1.73914231709e-05],
        "median": [0.00231619831175, 0.0388822779059, 0.16824606061, 0.52971124649, 0.89250510931, 1.40519738197, 1.70112764835, 2.35020971298, 2.46681904793, 1.95566737652, 1.82449042797, 2.43715929985, 3.18434143066, 2.76117086411, 3.36936187744, 2.31115579605, 2.73053884506, 2.64684081078, 2.25387835503, 1.4211357832, 1.52179956436, 0.940546691418, 1.25873684883, 1.31346166134, 0.901419818401, 0.598921656609, 0.362197399139, 0.27337116003, 0.403092771769, 0.446007758379, 0.261338979006, 0.108435049653, 0.0676741972566, 0.0285028982908, 0.00754218455404, 0.00154400442261, 7.18406081432e-05, 3.10448886012e-05, 6.37434777673e-06, 1.00811257653e-05],
        "min": [3.30216890936e-23, 3.82343185033e-22, 7.63052607576e-22, 3.07193917259e-21, 6.63395862431e-21, 1.05900516858e-20, 2.41940425623e-20, 5.10192012502e-20, 7.5310568397e-20, 1.10513927701e-19, 1.58535885238e-19, 1.52969399155e-19, 2.42581545527e-19, 5.05671948668e-19, 6.32245419941e-19, 5.21267870431e-19, 1.26181873631e-18, 1.32344420893e-18, 1.59605781322e-18, 2.59166749454e-18, 3.28565300331e-18, 3.25193153808e-18, 4.51338983044e-18, 5.25300758489e-18, 5.48663523632e-18, 6.53381073664e-18, 8.24501043677e-18, 8.44173218441e-18, 8.309656256e-18, 8.36383493176e-18, 8.79515750883e-18, 8.87287195456e-18, 8.53142916849e-18, 7.12351648073e-18, 5.77552723808e-18, 3.53518464959e-18, 2.06256989432e-18, 8.81190336674e-19, 2.32759499536e-19, 2.46376747113e-20],
        "var": [0.0106318676844, 0.462066948414, 5.00744962692, 11.2796592712, 33.0132141113, 303.734008789, 150.595291138, 1284.79040527, 1392.23754883, 949.334106445, 1011.19659424, 4160.35498047, 4797.70019531, 10472.8212891, 7007.66015625, 27257.7636719, 28119.0117188, 29862.7558594, 30410.6738281, 7438.22607422, 4577.88183594, 545.919921875, 405.349273682, 1181.68225098, 1459.02404785, 5404.82421875, 491.012084961, 17.3118743896, 22.9601325989, 34.3549118042, 13.8588762283, 1.96432590485, 7.37021207809, 2.28229308128, 0.931704103947, 0.0370847582817, 0.00255296844989, 7.7688773672e-06, 3.6996934405e-09, 4.25637552981e-10]
    },
    "gfcc": {
        "mean": [-199.435195923, 100.13936615, -121.544914246, 26.8965091705, -62.4698066711, 10.2434062958, -34.2318725586, -3.04708051682, -17.5151176453, -7.95481443405, -4.60872983932, -7.77665519714, -5.16545915604],
        "cov": [[111923.570312, 10093.5986328, -15189.3457031, 3324.8894043, -7313.76708984, 1595.6229248, -3781.51367188, -256.579742432, -2286.3034668, -460.410705566, -420.163482666, -923.78704834, -678.184570312], [10093.5986328, 3055.24755859, -466.877838135, 332.775939941, -323.275817871, -90.9837188721, -145.246749878, -190.112731934, -17.3343887329, -333.050140381, 113.794692993, -191.87600708, -15.5926008224], [-15189.3457031, -466.877838135, 3885.47949219, 124.640945435, 1061.31347656, -180.575637817, 450.984649658, 42.5675621033, 391.214050293, -109.202224731, 8.3090763092, 128.681488037, 61.549861908], [3324.8894043, 332.775939941, 124.640945435, 738.045043945, -116.011825562, 67.1191329956, -168.211639404, 11.5066614151, -5.04444169998, -53.2493743896, -43.8046112061, -44.042552948, -16.1525287628], [-7313.76708984, -323.275817871, 1061.31347656, -116.011825562, 960.753601074, -70.7218551636, 377.697174072, 57.1124687195, 174.123718262, 73.4192810059, 51.7795257568, 4.77235221863, 19.2332229614], [1595.6229248, -90.9837188721, -180.575637817, 67.1191329956, -70.7218551636, 322.145507812, 60.9746017456, 55.4268112183, -65.2595214844, 59.8340492249, -12.3114519119, -30.3854217529, -24.707862854], [-3781.51367188, -145.246749878, 450.984649658, -168.211639404, 377.697174072, 60.9746017456, 454.348083496, 24.0325546265, 62.6710586548, 62.1388130188, 90.287940979, -6.84291505814, 16.4367637634], [-256.579742432, -190.112731934, 42.5675621033, 11.5066614151, 57.1124687195, 55.4268112183, 24.0325546265, 183.841430664, 25.9515800476, 41.3775558472, -34.4833030701, 8.30690860748, -4.59430456161], [-2286.3034668, -17.3343887329, 391.214050293, -5.04444169998, 174.123718262, -65.2595214844, 62.6710586548, 25.9515800476, 207.855499268, -12.1184206009, 13.5803928375, 25.9788837433, 32.5982437134], [-460.410705566, -333.050140381, -109.202224731, -53.2493743896, 73.4192810059, 59.8340492249, 62.1388130188, 41.3775558472, -12.1184206009, 177.965866089, 16.1587810516, 22.7564754486, -17.0009250641], [-420.163482666, 113.794692993, 8.3090763092, -43.8046112061, 51.7795257568, -12.3114519119, 90.287940979, -34.4833030701, 13.5803928375, 16.1587810516, 157.202850342, 3.04209208488, 7.36538887024], [-923.78704834, -191.87600708, 128.681488037, -44.042552948, 4.77235221863, -30.3854217529, -6.84291505814, 8.30690860748, 25.9788837433, 22.7564754486, 3.04209208488, 123.804542542, 22.7414970398], [-678.184570312, -15.5926008224, 61.549861908, -16.1525287628, 19.2332229614, -24.707862854, 16.4367637634, -4.59430456161, 32.5982437134, -17.0009250641, 7.36538887024, 22.7414970398, 89.3176193237]],
        "icov": [[0.000236324834987, -0.000665833125822, 0.000547743518837, -0.000614949094597, 0.000578228675295, -0.00057556113461, 0.000502713839523, -0.000419469113695, 0.00064432277577, -0.000497501343489, 0.000274231104413, -0.000309925439069, 0.000518123968504], [-0.000665833125822, 0.0024019239936, -0.00145846093073, 0.00153505173512, -0.00157231348567, 0.00168998492882, -0.00147828017361, 0.00140738044865, -0.0019788434729, 0.00228348141536, -0.00123522197828, 0.00137945951428, -0.00129567692056], [0.000547743518837, -0.00145846093073, 0.00177463830914, -0.00166469893884, 0.000915746786632, -0.00127455603797, 0.000861370936036, -0.00086582894437, 0.00106211437378, -0.000473450578284, 0.000791453989223, -0.00126618763898, 0.00140694866423], [-0.000614949094597, 0.00153505173512, -0.00166469893884, 0.00338708003983, -0.00147657981142, 0.000851091404911, -0.000363678991562, 0.000917782133911, -0.00175798637792, 0.00114780967124, -0.000686308310833, 0.00134160881862, -0.00139897922054], [0.000578228675295, -0.00157231348567, 0.000915746786632, -0.00147657981142, 0.00372610939667, -0.000678973738104, -0.00011655381968, -0.00134072930086, 0.000935918360483, -0.00217901263386, 0.000794762687292, 0.000114309514174, 0.00132921000477], [-0.00057556113461, 0.00168998492882, -0.00127455603797, 0.000851091404911, -0.000678973738104, 0.00585550907999, -0.00273605645634, -8.56531987665e-05, -0.000555499980692, 0.000125419945107, -0.000173443026142, 0.0015382404672, -0.000928583322093], [0.000502713839523, -0.00147828017361, 0.000861370936036, -0.000363678991562, -0.00011655381968, -0.00273605645634, 0.00574275525287, -0.000973054382484, 0.00132890034001, -0.001625860692, -0.00138736178633, 0.000141738550155, 0.000344857893651], [-0.000419469113695, 0.00140738044865, -0.00086582894437, 0.000917782133911, -0.00134072930086, -8.56531987665e-05, -0.000973054382484, 0.0074947020039, -0.00239384779707, 0.000115718066809, 0.00101697572973, 0.000321100116707, -0.00061700848164], [0.00064432277577, -0.0019788434729, 0.00106211437378, -0.00175798637792, 0.000935918360483, -0.000555499980692, 0.00132890034001, -0.00239384779707, 0.00876629073173, -0.00129826541524, 0.000388532091165, -0.00147693092003, -0.000328409689246], [-0.000497501343489, 0.00228348141536, -0.000473450578284, 0.00114780967124, -0.00217901263386, 0.000125419945107, -0.001625860692, 0.000115718066809, -0.00129826541524, 0.0103462757543, -0.00192155770492, -0.000987810082734, 0.000817163381726], [0.000274231104413, -0.00123522197828, 0.000791453989223, -0.000686308310833, 0.000794762687292, -0.000173443026142, -0.00138736178633, 0.00101697572973, 0.000388532091165, -0.00192155770492, 0.00866936799139, -0.00116027705371, 0.00035853733425], [-0.000309925439069, 0.00137945951428, -0.00126618763898, 0.00134160881862, 0.000114309514174, 0.0015382404672, 0.000141738550155, 0.000321100116707, -0.00147693092003, -0.000987810082734, -0.00116027705371, 0.0111249182373, -0.00299178808928], [0.000518123968504, -0.00129567692056, 0.00140694866423, -0.00139897922054, 0.00132921000477, -0.000928583322093, 0.000344857893651, -0.00061700848164, -0.000328409689246, 0.000817163381726, 0.00035853733425, -0.00299178808928, 0.0140506410971]]
    },
    "melbands": {
        "dmean": [0.000198209891096, 0.000223276496399, 0.000160904353834, 0.000184578559129, 0.000109958156827, 0.000163223739946, 9.43411141634e-05, 6.19899728918e-05, 4.66584206151e-05, 6.10802671872e-05, 6.56025949866e-05, 6.20025821263e-05, 5.09917008458e-05, 4.98145345773e-05, 4.92917970405e-05, 5.8422152506e-05, 5.89279334235e-05, 4.55027256976e-05, 2.56689691014e-05, 1.23477611851e-05, 9.84866255749e-06, 3.76652383238e-06, 3.45420448866e-06, 4.48212358606e-06, 5.86001897318e-06, 6.1153250499e-06, 3.83455835617e-06, 4.21462527811e-06, 2.5547626592e-06, 8.43548434659e-07, 4.21253048444e-07, 5.04463628204e-07, 6.70244332923e-07, 7.40525763376e-07, 5.32405806553e-07, 2.2515799003e-07, 1.64142448966e-07, 2.13552610262e-07, 1.70767847862e-07, 8.50604564562e-08],
        "dmean2": [0.000331242801622, 0.000363396597095, 0.000275238999166, 0.00029397662729, 0.000169573788298, 0.000246814714046, 0.00013744381431, 9.56507283263e-05, 6.88805303071e-05, 9.23654806684e-05, 9.80682088993e-05, 8.98231373867e-05, 7.14108609827e-05, 7.17522561899e-05, 7.05997154e-05, 8.29828277347e-05, 8.69002760737e-05, 6.94101254339e-05, 4.02025543735e-05, 1.96002711164e-05, 1.54173285409e-05, 5.82192615184e-06, 5.56446639166e-06, 7.32140551918e-06, 9.15579767025e-06, 9.46326053963e-06, 5.79190873395e-06, 6.15444014329e-06, 3.97091071136e-06, 1.35734774176e-06, 6.71096302085e-07, 7.99560950782e-07, 1.02887406683e-06, 1.1187422615e-06, 8.16790247882e-07, 3.50784347347e-07, 2.51169325338e-07, 3.20529977671e-07, 2.52280614177e-07, 1.27587441057e-07],
        "dvar": [4.35459554637e-07, 5.37394100775e-07, 1.7193897861e-07, 7.08620348178e-07, 8.52061319279e-08, 2.05429827815e-07, 8.39680893705e-08, 6.37570423123e-08, 3.86067249281e-08, 5.96156226607e-08, 7.4692998453e-08, 4.76568793317e-08, 2.83213275054e-08, 4.54989610432e-08, 4.39604015412e-08, 4.90426330657e-08, 7.16599259931e-08, 4.44663470489e-08, 1.75465686425e-08, 1.11834967953e-08, 3.8448413342e-09, 2.91825091869e-10, 2.32265859323e-10, 4.35613795036e-10, 5.06161668135e-10, 4.58791726832e-10, 2.36908298534e-10, 7.75767450278e-10, 1.19239076946e-10, 2.0800413475e-11, 3.0780451972e-12, 4.57165034995e-12, 6.07811544151e-12, 6.12026618621e-12, 4.39349251424e-12, 9.24677435316e-13, 4.02044771173e-13, 1.7469903562e-12, 2.41866205883e-12, 8.90180561642e-13],
        "dvar2": [1.17172771752e-06, 1.29094200929e-06, 4.77766377571e-07, 1.69981160525e-06, 1.86486772691e-07, 4.66170462232e-07, 1.54938334163e-07, 1.6785052992e-07, 7.97892809601e-08, 1.24112119693e-07, 1.78975056997e-07, 9.55792884838e-08, 5.3643368858e-08, 9.18876494893e-08, 8.62535998181e-08, 9.35525790169e-08, 1.61746584126e-07, 1.03787336059e-07, 4.24984598624e-08, 2.14102851004e-08, 8.59791615682e-09, 5.96962423938e-10, 5.63318725e-10, 1.16719878207e-09, 1.11562148408e-09, 9.84733405929e-10, 4.86919726761e-10, 1.00677322035e-09, 2.56291599054e-10, 5.09623281075e-11, 7.17519836949e-12, 1.05208558879e-11, 1.3105061307e-11, 1.34862659235e-11, 1.02611599773e-11, 2.24646928663e-12, 8.82127053695e-13, 3.76023431142e-12, 4.61626787143e-12, 2.07322332045e-12],
        "max": [0.010326044634, 0.0162880141288, 0.0101807117462, 0.0268116202205, 0.00745587563142, 0.00858356710523, 0.00717107346281, 0.0106935445219, 0.00869579985738, 0.0109600052238, 0.00889035407454, 0.00548248877749, 0.00397528940812, 0.00841614976525, 0.00636473065242, 0.00527143664658, 0.00915133580565, 0.00631712237373, 0.00425950530916, 0.0061700399965, 0.00268023973331, 0.000685971230268, 0.000872662349138, 0.000895041623153, 0.000989230582491, 0.000570759701077, 0.00065103394445, 0.00264027179219, 0.000413161964389, 0.000252777361311, 9.1235677246e-05, 0.000120091463032, 0.000102685859019, 7.06076316419e-05, 6.59199286019e-05, 2.95960271615e-05, 2.38067259488e-05, 6.2750041252e-05, 9.62612539297e-05, 7.65917793615e-05],
        "mean": [0.00031523994403, 0.00043943192577, 0.000332328781951, 0.00029989410541, 0.000211117861909, 0.000311849085847, 0.000178006433998, 0.000107453270175, 7.98599576228e-05, 0.000116990944662, 0.000107151747216, 0.000125232356368, 9.07161957002e-05, 0.000102165446151, 0.000102845777292, 9.9037111795e-05, 9.00633312995e-05, 7.97055763542e-05, 3.78866207029e-05, 1.9779547074e-05, 1.43825773193e-05, 6.68964776196e-06, 5.86483247389e-06, 7.16158183423e-06, 9.97015649773e-06, 1.13881305879e-05, 7.70885617385e-06, 8.90312639967e-06, 4.69713950224e-06, 1.37838389946e-06, 6.99364022694e-07, 8.63386958372e-07, 1.25098972603e-06, 1.35919958666e-06, 8.85378767634e-07, 3.64938074426e-07, 2.76015555301e-07, 3.41003584481e-07, 2.64223103841e-07, 1.28108041508e-07],
        "median": [3.11010080623e-05, 8.64911344252e-05, 0.000119260184874, 8.95271950867e-05, 6.55527182971e-05, 5.1065821026e-05, 3.50943009835e-05, 1.80485549208e-05, 1.14523309094e-05, 1.38848645292e-05, 1.30350645122e-05, 7.71501345298e-06, 9.28453482629e-06, 6.6232341851e-06, 3.58129818778e-06, 5.11773487233e-06, 3.81778227165e-06, 2.9378659292e-06, 1.81960501777e-06, 1.60367471835e-06, 1.5498603716e-06, 8.28702695799e-07, 9.53133792336e-07, 9.87977273326e-07, 9.559649925e-07, 6.89331727699e-07, 4.56858032294e-07, 3.28861432308e-07, 2.19158280856e-07, 1.51182760533e-07, 1.2639870306e-07, 1.88727454997e-07, 2.54306002034e-07, 2.28052684292e-07, 1.54608770231e-07, 7.34609670872e-08, 5.51646870406e-08, 4.78794177639e-08, 3.18980362124e-08, 1.78283929841e-08],
        "min": [5.10960837618e-25, 4.85417324292e-25, 1.00452867278e-24, 8.39350468345e-25, 1.03758007117e-24, 1.1724020205e-24, 1.18103541286e-24, 9.39455142281e-25, 1.42329173723e-24, 6.59863855505e-25, 9.91281923247e-25, 1.5742772493e-24, 1.49481785411e-24, 1.10178831986e-24, 2.02151128989e-24, 2.338887387e-24, 1.77007134268e-24, 1.66768725516e-24, 2.87378655392e-24, 2.67796524483e-24, 3.32160730981e-24, 2.36723115933e-24, 3.27991147502e-24, 2.84624919465e-24, 3.28992192269e-24, 2.68775382537e-24, 3.42010527129e-24, 3.48735329688e-24, 4.44382268977e-24, 3.57320187375e-24, 4.20750796713e-24, 4.40252661025e-24, 4.07976850961e-24, 4.18640988222e-24, 3.63687635944e-24, 4.67143903764e-24, 4.66998319484e-24, 5.15601223146e-24, 5.30862644548e-24, 5.10271718314e-24],
        "var": [7.89573732618e-07, 9.81532025435e-07, 3.1866713357e-07, 8.64399794409e-07, 1.85776229955e-07, 5.76252489282e-07, 2.73574812582e-07, 1.15141986612e-07, 8.30735444879e-08, 1.66713547856e-07, 1.22487648468e-07, 1.75574129457e-07, 8.53700754533e-08, 2.1108088788e-07, 1.77886462893e-07, 1.20673746551e-07, 1.25280394059e-07, 1.13597494078e-07, 2.83771477427e-08, 2.23315428372e-08, 5.7345319604e-09, 7.90627840974e-10, 3.23631926813e-10, 5.71581171283e-10, 9.66388968848e-10, 1.23815646624e-09, 6.40944353147e-10, 4.03466637877e-09, 2.92809193558e-10, 2.99289100447e-11, 4.33091193117e-12, 6.68463982084e-12, 1.09824961625e-11, 1.16096203831e-11, 6.32649878665e-12, 1.25966121214e-12, 8.25000387016e-13, 3.01785267783e-12, 4.27984297308e-12, 1.42430706986e-12]
    },
    "mfcc": {
        "mean": [-765.555358887, 115.623596191, -3.0635612011, 12.9832181931, -3.45275115967, 3.58523416519, -4.83683252335, 1.67587602139, -10.7043352127, 1.51484775543, -2.84921264648, -7.62277364731, -0.481766223907],
        "cov": [[23897.0917969, 3538.90600586, -1778.36889648, 401.254638672, -761.797119141, 382.119354248, 27.9271945953, -93.0048065186, -767.758972168, 391.789581299, -64.5523300171, -327.997406006, 229.278274536], [3538.90600586, 3372.11987305, 535.315917969, 358.680480957, 206.721542358, 80.7769851685, 61.6683692932, 116.013206482, -95.7754211426, -21.6275787354, 6.7976102829, -85.7638626099, -65.4609832764], [-1778.36889648, 535.315917969, 1736.5324707, 457.179931641, 362.221679688, 71.741027832, -64.5567932129, 160.11505127, 71.8693389893, -114.752258301, -22.0756778717, -12.5296201706, -68.5002746582], [401.254638672, 358.680480957, 457.179931641, 598.389282227, 251.518264771, 65.7474746704, -16.5216522217, 50.5802078247, 31.2472476959, -16.7639045715, -27.0223751068, 35.8263206482, 19.4093761444], [-761.797119141, 206.721542358, 362.221679688, 251.518264771, 426.317016602, 17.6034812927, -13.5898656845, 54.7340545654, 95.0421447754, 3.22601056099, -11.3059616089, 39.299823761, -28.9771156311], [382.119354248, 80.7769851685, 71.741027832, 65.7474746704, 17.6034812927, 226.400497437, 113.357414246, 28.5713844299, 5.168841362, 58.1465187073, 34.3089866638, -10.9623670578, 22.6247177124], [27.9271945953, 61.6683692932, -64.5567932129, -16.5216522217, -13.5898656845, 113.357414246, 322.617584229, 32.2814941406, -1.40190887451, 112.489356995, 43.0329208374, 4.52013111115, 22.5434894562], [-93.0048065186, 116.013206482, 160.11505127, 50.5802078247, 54.7340545654, 28.5713844299, 32.2814941406, 144.313247681, 51.2210578918, 13.8737125397, 17.9982433319, -2.69059205055, -0.404175519943], [-767.758972168, -95.7754211426, 71.8693389893, 31.2472476959, 95.0421447754, 5.168841362, -1.40190887451, 51.2210578918, 188.792297363, 20.5776863098, 3.12169933319, 29.5224170685, -12.0536823273], [391.789581299, -21.6275787354, -114.752258301, -16.7639045715, 3.22601056099, 58.1465187073, 112.489356995, 13.8737125397, 20.5776863098, 198.347091675, 42.2326011658, -32.2070236206, 12.7800121307], [-64.5523300171, 6.7976102829, -22.0756778717, -27.0223751068, -11.3059616089, 34.3089866638, 43.0329208374, 17.9982433319, 3.12169933319, 42.2326011658, 107.831085205, 20.505613327, -3.50346398354], [-327.997406006, -85.7638626099, -12.5296201706, 35.8263206482, 39.299823761, -10.9623670578, 4.52013111115, -2.69059205055, 29.5224170685, -32.2070236206, 20.505613327, 142.659210205, 26.2422180176], [229.278274536, -65.4609832764, -68.5002746582, 19.4093761444, -28.9771156311, 22.6247177124, 22.5434894562, -0.404175519943, -12.0536823273, 12.7800121307, -3.50346398354, 26.2422180176, 110.744369507]],
