{
"lowlevel": {
    "average_loudness": 0.515066802502,
    "barkbands_crest": {
        "dmean": 2.08595824242,
        "dmean2": 3.3413541317,
        "dvar": 4.36845302582,
        "dvar2": 10.6437988281,
        "max": 26.1644859314,
        "mean": 9.50181388855,
        "median": 8.05348682404,
        "min": 2.37749505043,
        "var": 22.0071220398
    },
    "barkbands_flatness_db": {
        "dmean": 0.0173244290054,
        "dmean2": 0.0261035338044,
        "dvar": 0.000267421477474,
        "dvar2": 0.000558669038583,
        "max": 0.441777378321,
        "mean": 0.154969334602,
        "median": 0.140386804938,
        "min": 0.0161246061325,
        "var": 0.0042769885622
    },
    "barkbands_kurtosis": {
        "dmean": 2.46825265884,
        "dmean2": 3.79182958603,
        "dvar": 44.8736381531,
        "dvar2": 89.0653457642,
        "max": 288.690887451,
        "mean": 5.32618427277,
        "median": 1.26839113235,
        "min": -1.95096695423,
        "var": 206.451126099
    },
    "barkbands_skewness": {
        "dmean": 0.413720220327,
        "dmean2": 0.620614826679,
        "dvar": 0.229263022542,
        "dvar2": 0.486959159374,
        "max": 12.7827854156,
        "mean": 0.915119469166,
        "median": 0.811336457729,
        "min": -3.76741552353,
        "var": 2.76267886162
    },
    "barkbands_spread": {
        "dmean": 4.06496477127,
        "dmean2": 6.18705940247,
        "dvar": 31.8666191101,
        "dvar2": 61.5797424316,
        "max": 97.9745483398,
        "mean": 19.5726890564,
        "median": 19.2878093719,
        "min": 0.2232657969,
        "var": 150.805953979
    },
    "dissonance": {
        "dmean": 0.0191175378859,
        "dmean2": 0.031921453774,
        "dvar": 0.000387129926821,
        "dvar2": 0.00104436418042,
        "max": 0.499999970198,
        "mean": 0.45810970664,
        "median": 0.467433005571,
        "min": 0.249669745564,
        "var": 0.0014309193939
    },
    "dynamic_complexity": 3.80582475662,
    "erbbands_crest": {
        "dmean": 2.67397260666,
        "dmean2": 4.30645513535,
        "dvar": 7.43827486038,
        "dvar2": 17.9223499298,
        "max": 33.4506645203,
        "mean": 10.5555419922,
        "median": 9.12228870392,
        "min": 2.46578860283,
        "var": 35.6099586487
    },
    "erbbands_flatness_db": {
        "dmean": 0.0175421759486,
        "dmean2": 0.0253575723618,
        "dvar": 0.000284318201011,
        "dvar2": 0.000542646157555,
        "max": 0.389429777861,
        "mean": 0.188022151589,
        "median": 0.188306316733,
        "min": 0.0705567076802,
        "var": 0.0031730234623
    },
    "erbbands_kurtosis": {
        "dmean": 1.34481799603,
        "dmean2": 2.0556037426,
        "dvar": 7.33166790009,
        "dvar2": 15.0327425003,
        "max": 73.2804260254,
        "mean": 1.95178604126,
        "median": 0.281039953232,
        "min": -1.8849645853,
        "var": 30.8473415375
    },
    "erbbands_skewness": {
        "dmean": 0.355508893728,
        "dmean2": 0.541692376137,
        "dvar": 0.148981601,
        "dvar2": 0.309302210808,
        "max": 7.87618207932,
        "mean": 0.413838416338,
        "median": 0.231476604939,
        "min": -4.78388595581,
        "var": 1.39370775223
    },
    "erbbands_spread": {
        "dmean": 5.96418714523,
        "dmean2": 9.09625244141,
        "dvar": 62.2964744568,
        "dvar2": 135.25453186,
        "max": 143.745788574,
        "mean": 29.3379573822,
        "median": 27.5069637299,
        "min": 1.65361607075,
        "var": 265.991729736
    },
    "hfc": {
        "dmean": 4.79574775696,
        "dmean2": 6.7256603241,
        "dvar": 65.189125061,
        "dvar2": 124.49671936,
        "max": 227.558807373,
        "mean": 17.3862495422,
        "median": 10.6358261108,
        "min": 1.02986196489e-16,
        "var": 406.42779541
    },
    "melbands_crest": {
        "dmean": 2.43697190285,
        "dmean2": 3.97273635864,
        "dvar": 5.90305757523,
        "dvar2": 14.6339292526,
        "max": 32.0810165405,
        "mean": 11.0795526505,
        "median": 10.4335517883,
        "min": 1.47841930389,
        "var": 31.141500473
    },
    "melbands_flatness_db": {
        "dmean": 0.018273666501,
        "dmean2": 0.0269350986928,
        "dvar": 0.000390668748878,
        "dvar2": 0.000759372138418,
        "max": 0.549105346203,
        "mean": 0.185699731112,
        "median": 0.174339696765,
        "min": 0.00238843401894,
        "var": 0.0101676527411
    },
    "melbands_kurtosis": {
        "dmean": 3.99737262726,
        "dmean2": 6.17889690399,
        "dvar": 74.4078903198,
        "dvar2": 172.327011108,
        "max": 271.180450439,
        "mean": 9.21111869812,
        "median": 3.10530090332,
        "min": -1.84958159924,
        "var": 321.461334229
    },
    "melbands_skewness": {
        "dmean": 0.488204777241,
        "dmean2": 0.741614878178,
        "dvar": 0.31073898077,
        "dvar2": 0.698327183723,
        "max": 11.5882997513,
        "mean": 1.70018184185,
        "median": 1.48783767223,
        "min": -2.6662478447,
        "var": 2.4046189785
    },
    "melbands_spread": {
        "dmean": 6.29661178589,
        "dmean2": 9.70807933807,
        "dvar": 78.1001434326,
        "dvar2": 167.335647583,
        "max": 249.586090088,
        "mean": 35.2082977295,
        "median": 24.8232116699,
        "min": 0.45687481761,
        "var": 1295.35559082
    },
    "pitch_salience": {
        "dmean": 0.0538747757673,
        "dmean2": 0.0869265496731,
        "dvar": 0.00277628330514,
        "dvar2": 0.00688566686586,
        "max": 0.961136341095,
        "mean": 0.576981842518,
        "median": 0.566619694233,
        "min": 0.11428951472,
        "var": 0.0202466510236
    },
    "silence_rate_20dB": {
        "dmean": 0,
        "dmean2": 0,
        "dvar": 0,
        "dvar2": 0,
        "max": 1,
        "mean": 1,
        "median": 1,
        "min": 1,
        "var": 0
    },
    "silence_rate_30dB": {
        "dmean": 0.000210084035643,
        "dmean2": 0.000420212192694,
        "dvar": 0.000209998339415,
        "dvar2": 0.000420093827415,
        "max": 1,
        "mean": 0.999684929848,
        "median": 1,
        "min": 0,
        "var": 0.000314900244121
    },
    "silence_rate_60dB": {
        "dmean": 0.0163865555078,
        "dmean2": 0.0327765531838,
        "dvar": 0.016117727384,
        "dvar2": 0.0373697914183,
        "max": 1,
        "mean": 0.179708018899,
        "median": 0,
        "min": 0,
        "var": 0.147408545017
    },
    "spectral_centroid": {
        "dmean": 205.603057861,
        "dmean2": 318.910827637,
        "dvar": 69786.875,
        "dvar2": 148624.03125,
        "max": 11927.5664062,
        "mean": 2240.50390625,
        "median": 1501.31774902,
        "min": 188.479400635,
        "var": 8279315.5
    },
    "spectral_complexity": {
        "dmean": 2.20231103897,
        "dmean2": 3.49910712242,
        "dvar": 6.3185095787,
        "dvar2": 14.3817138672,
        "max": 56,
        "mean": 14.6287155151,
        "median": 15,
        "min": 0,
        "var": 89.228477478
    },
    "spectral_decrease": {
        "dmean": 1.22671073299e-09,
        "dmean2": 1.79874970474e-09,
        "dvar": 2.94670189204e-18,
        "dvar2": 6.24799047009e-18,
        "max": 2.83054549854e-28,
        "mean": -4.63322358257e-09,
        "median": -3.83750631272e-09,
        "min": -3.17817594464e-08,
        "var": 1.5934774233e-17
    },
    "spectral_energy": {
        "dmean": 0.00498751923442,
        "dmean2": 0.00728245452046,
        "dvar": 4.8169738875e-05,
        "dvar2": 0.000101368590549,
        "max": 0.127473160625,
        "mean": 0.0190638806671,
        "median": 0.0156114641577,
        "min": 9.54226507353e-21,
        "var": 0.000271992728813
    },
    "spectral_energyband_high": {
        "dmean": 0.000202502516913,
        "dmean2": 0.000292540265946,
        "dvar": 3.01924615087e-07,
        "dvar2": 6.05726711456e-07,
        "max": 0.0235380176455,
        "mean": 0.00044441249338,
        "median": 0.000185578959645,
        "min": 6.91813474661e-21,
        "var": 7.44833471344e-07
    },
    "spectral_energyband_low": {
        "dmean": 0.00147502718028,
        "dmean2": 0.00235828780569,
        "dvar": 9.73459736997e-06,
        "dvar2": 2.44988787017e-05,
        "max": 0.0852556973696,
        "mean": 0.00374382617883,
        "median": 0.00242765131406,
        "min": 1.12790448704e-23,
        "var": 2.32384063565e-05
    },
    "spectral_energyband_middle_high": {
        "dmean": 0.00197810120881,
        "dmean2": 0.00278279418126,
        "dvar": 1.48331009768e-05,
        "dvar2": 2.79950691038e-05,
        "max": 0.0916623026133,
        "mean": 0.00660016806796,
        "median": 0.00269476673566,
        "min": 8.83916801521e-22,
        "var": 0.000100327539258
    },
    "spectral_energyband_middle_low": {
        "dmean": 0.00308281206526,
        "dmean2": 0.00464457040653,
        "dvar": 2.55529830611e-05,
        "dvar2": 5.52641831746e-05,
        "max": 0.112751059234,
        "mean": 0.0088311880827,
        "median": 0.0058548534289,
        "min": 1.35740381434e-22,
        "var": 0.000100155382825
    },
    "spectral_entropy": {
        "dmean": 0.142978951335,
        "dmean2": 0.205382362008,
        "dvar": 0.0282834414393,
        "dvar2": 0.0520893856883,
        "max": 9.83207511902,
        "mean": 7.54735898972,
        "median": 7.46524143219,
        "min": 4.44880437851,
        "var": 0.867901265621
    },
    "spectral_flux": {
        "dmean": 0.0178554430604,
        "dmean2": 0.0281968954951,
        "dvar": 0.000488947203849,
        "dvar2": 0.00119238148909,
        "max": 0.344041377306,
        "mean": 0.065236069262,
        "median": 0.0586875900626,
        "min": 6.30525354151e-11,
        "var": 0.00218619313091
    },
    "spectral_kurtosis": {
        "dmean": 2.1388092041,
        "dmean2": 3.62725377083,
        "dvar": 20.5620613098,
        "dvar2": 59.0911254883,
        "max": 126.268844604,
        "mean": 5.89805984497,
        "median": 4.10171079636,
        "min": -1.26985502243,
        "var": 116.558937073
    },
    "spectral_rms": {
        "dmean": 0.00051129370695,
        "dmean2": 0.000739992770832,
        "dvar": 3.59732638344e-07,
        "dvar2": 7.20629543594e-07,
        "max": 0.0111518632621,
        "mean": 0.00377707486041,
        "median": 0.00390265253372,
        "min": 3.05115177915e-12,
        "var": 4.33267450717e-06
    },
    "spectral_rolloff": {
        "dmean": 338.809051514,
        "dmean2": 555.918334961,
        "dvar": 518542.90625,
        "dvar2": 981093.5625,
        "max": 19918.2128906,
        "mean": 3097.68017578,
        "median": 1571.92382812,
        "min": 129.19921875,
        "var": 26538450
    },
    "spectral_skewness": {
        "dmean": 0.235606938601,
        "dmean2": 0.381612300873,
        "dvar": 0.0909244790673,
        "dvar2": 0.228343889117,
        "max": 9.58432292938,
        "mean": 1.56597161293,
        "median": 1.47718799114,
        "min": -0.226368919015,
        "var": 1.1065403223
    },
    "spectral_spread": {
        "dmean": 517897.25,
        "dmean2": 773948.0625,
        "dvar": 578111143936,
        "dvar2": 1.15045787238e+12,
        "max": 43421840,
        "mean": 7222787.5,
        "median": 3689435.75,
        "min": 638139.9375,
        "var": 1.14463571182e+14
    },
    "spectral_strongpeak": {
        "dmean": 0.686306834221,
        "dmean2": 1.10373401642,
        "dvar": 1.49683773518,
        "dvar2": 3.51558232307,
        "max": 19.6074008942,
        "mean": 1.41519701481,
        "median": 0.511758625507,
        "min": 0,
        "var": 4.68863010406
    },
    "zerocrossingrate": {
        "dmean": 0.00817055627704,
        "dmean2": 0.0101137673482,
        "dvar": 0.000164199445862,
        "dvar2": 0.000183455995284,
        "max": 0.77978515625,
        "mean": 0.0987775400281,
        "median": 0.05908203125,
        "min": 0.0048828125,
        "var": 0.017664058134
    },
    "barkbands": {
        "dmean": [3.05062167172e-05, 0.0009975702269, 0.000617506797425, 0.000397842610255, 0.000971829693299, 0.00105565460399, 0.000897668069229, 0.000678399577737, 0.000506273645442, 0.00057166343322, 0.000385854917113, 0.000361072452506, 0.000278485298622, 0.000576163583901, 0.000688131141942, 0.000323316256981, 0.000164182696608, 0.000187908124644, 0.000155260291649, 9.59581448114e-05, 6.00405728619e-05, 4.25294201705e-05, 3.58541728929e-05, 3.39895304933e-05, 1.60526124091e-05, 4.53532265965e-06, 6.73371980398e-09],
        "dmean2": [5.04790150444e-05, 0.00161397142801, 0.000989190419205, 0.000653506896924, 0.00155561370775, 0.0015721450327, 0.00138511508703, 0.00101995642763, 0.000784280360676, 0.000857710256241, 0.000586071866564, 0.000549924443476, 0.000427404098446, 0.000864928530063, 0.00101389084011, 0.000501042930409, 0.000268295931164, 0.000300867366605, 0.000248226657277, 0.000149956293171, 9.24120467971e-05, 6.4098261646e-05, 5.10993377247e-05, 5.08184057253e-05, 2.31909161812e-05, 6.91832019584e-06, 1.19639969043e-08],
        "dvar": [4.89897145073e-09, 4.72699093734e-06, 2.25523945119e-06, 6.24027961749e-07, 4.40847043137e-06, 8.30745648273e-06, 6.44679676043e-06, 4.70143140774e-06, 2.24625978262e-06, 2.71146973319e-06, 1.42601425068e-06, 1.40117617775e-06, 8.245407912e-07, 5.25526002093e-06, 8.84078963281e-06, 1.69784902937e-06, 2.25332840387e-07, 2.2223538565e-07, 1.50467897697e-07, 1.08912907137e-07, 2.47622544691e-08, 1.86429733873e-08, 1.43033522804e-08, 3.21361248723e-08, 6.67776234309e-09, 1.52671028597e-10, 1.44300225845e-15],
        "dvar2": [1.27291563956e-08, 1.22171104522e-05, 5.80598862143e-06, 1.67017140029e-06, 1.07537380245e-05, 1.62174565048e-05, 1.47817590914e-05, 9.88166721072e-06, 5.21158517586e-06, 5.77411128688e-06, 3.12908628075e-06, 3.02860485135e-06, 1.77369076937e-06, 1.01263485703e-05, 1.42016315294e-05, 3.62119658348e-06, 5.6464739373e-07, 5.50608490357e-07, 3.35214622282e-07, 2.73208655699e-07, 5.19620684258e-08, 3.83075615673e-08, 2.47305891321e-08, 7.78180151428e-08, 1.36673365958e-08, 3.21932591696e-10, 4.05937448301e-15],
        "max": [0.00166023813654, 0.04809486866, 0.0399530678988, 0.0162012502551, 0.0802310109138, 0.0982733741403, 0.0518196038902, 0.0511371046305, 0.0396008267999, 0.0464397743344, 0.0324692465365, 0.0249297786504, 0.0291764214635, 0.0884721279144, 0.0888809710741, 0.0377325937152, 0.0174558646977, 0.0140959713608, 0.0150057384744, 0.0150799844414, 0.00671693822369, 0.00712362071499, 0.00462858239189, 0.00726905977353, 0.00301084876992, 0.000329224189045, 1.5095317849e-06],
        "mean": [5.3266838222e-05, 0.00203177053481, 0.00128003780264, 0.000796485226601, 0.00207730592228, 0.00222491077147, 0.00160847499501, 0.00102536054328, 0.000818835105747, 0.000989170162939, 0.000699403171893, 0.000586815469433, 0.000496674852911, 0.00108084920794, 0.00123638496734, 0.00057262449991, 0.000301610503811, 0.000365220563253, 0.000299370585708, 0.000184917618753, 0.000113296002382, 7.7626798884e-05, 6.44246465527e-05, 5.05636526213e-05, 2.33437931456e-05, 5.12853830514e-06, 5.53393375569e-09],
        "median": [9.1010970209e-06, 0.00122328684665, 0.000592787750065, 0.000442810822278, 0.00107281259261, 0.000468284677481, 0.000267649476882, 0.000243943504756, 0.000170604384039, 0.000188355144928, 0.000138006857014, 0.000113954287372, 0.000107577187009, 0.000123649893794, 0.000128166750073, 0.000112978334073, 0.000119148171507, 0.000100387456769, 0.000100795106846, 5.42685120308e-05, 4.19708485424e-05, 3.1484712963e-05, 2.23238785111e-05, 1.07784208012e-05, 4.70705253974e-06, 8.42028782699e-07, 7.86224974014e-10],
        "min": [1.57369085448e-25, 1.65041948438e-24, 1.85329939758e-25, 4.95363874231e-25, 3.40275861442e-24, 3.812938675e-24, 3.94463387553e-24, 5.94792366181e-24, 6.87733591451e-24, 6.74890383711e-24, 8.12371563438e-24, 1.52539871764e-23, 2.4550624592e-23, 1.94477153212e-23, 3.3935881064e-23, 4.1443214708e-23, 5.19649846639e-23, 6.81088621616e-23, 9.63597003607e-23, 1.38242055002e-22, 2.02678460416e-22, 2.43173227658e-22, 3.37541615902e-22, 4.91252387596e-22, 7.78162234785e-22, 1.09145663935e-21, 1.76688686898e-21],
        "var": [1.21150263155e-08, 8.12389771454e-06, 4.3954364628e-06, 1.24989833239e-06, 1.47798073158e-05, 2.86100421363e-05, 1.72052896232e-05, 8.66886512085e-06, 4.29796955359e-06, 6.16135821474e-06, 3.84431587008e-06, 2.89088620775e-06, 2.08521782952e-06, 1.95068932953e-05, 2.57530682575e-05, 4.1301791498e-06, 4.52653381444e-07, 5.62379113944e-07, 3.30719529984e-07, 2.00477742851e-07, 5.59834312241e-08, 3.51158035983e-08, 3.58685703361e-08, 5.14898950144e-08, 1.2498630575e-08, 2.28249905088e-10, 9.54734880564e-16]
    },
    "erbbands": {
        "dmean": [0.0227903518826, 0.253170162439, 0.657364368439, 0.979353785515, 2.41075730324, 3.29009413719, 5.67111825943, 10.2599506378, 13.2715921402, 12.7961969376, 11.8302717209, 13.1896724701, 12.7970142365, 17.3445301056, 15.7981042862, 13.0766220093, 12.7034244537, 19.1128787994, 39.738899231, 23.6906433105, 15.5043210983, 7.10685253143, 9.10964202881, 10.5660953522, 4.70378398895, 4.74290466309, 3.21173763275, 1.76002907753, 1.46608257294, 1.34304666519, 0.964715838432, 0.613360643387, 0.618820548058, 0.25651833415, 0.0755656808615, 0.0303745307028, 0.00687199598178, 0.000212410945096, 8.5948886408e-06, 6.31784314464e-06],
        "dmean2": [0.0366629697382, 0.410361677408, 1.07413887978, 1.59102964401, 4.01616573334, 5.2118434906, 8.75170993805, 15.1357221603, 20.2561855316, 19.863368988, 17.5966205597, 20.2950553894, 19.2066040039, 25.6267185211, 24.4750518799, 19.6478061676, 18.9900169373, 27.8558578491, 58.5563545227, 34.2885055542, 23.2036113739, 11.092508316, 14.4855766296, 16.7055530548, 7.42729997635, 7.42450809479, 4.8129401207, 2.62916898727, 2.16062831879, 1.97270810604, 1.3684681654, 0.900645852089, 0.93768119812, 0.370328187943, 0.110761284828, 0.0458985380828, 0.0107776978984, 0.000330165610649, 1.26227087094e-05, 9.15397595236e-06],
        "dvar": [0.00247121159919, 0.312939316034, 2.46470594406, 4.89689064026, 18.5675964355, 69.0676345825, 400.606719971, 875.36151123, 1396.71923828, 1515.30212402, 1833.88745117, 1463.44250488, 1504.94836426, 2922.8112793, 2238.25976562, 1626.31762695, 1694.03222656, 4684.09863281, 19698.8613281, 12933.8583984, 4118.47753906, 346.171264648, 528.999023438, 720.423706055, 168.038513184, 288.096740723, 70.5966720581, 32.8060455322, 21.5485019684, 15.9326028824, 12.591504097, 7.59239768982, 11.9822425842, 2.07243847847, 0.0826802775264, 0.00681890686974, 0.000423026591307, 4.46329408987e-07, 4.42973158155e-10, 7.62409579913e-11],
        "dvar2": [0.00642629386857, 0.809905707836, 6.3589682579, 13.0647058487, 49.8129043579, 167.69821167, 867.820678711, 1776.20605469, 3200.73022461, 3400.44360352, 3858.02539062, 3378.09301758, 3335.23876953, 6232.73876953, 5601.78759766, 3433.71582031, 3484.78027344, 8406.36425781, 36885.4882812, 22801.8984375, 7806.56201172, 760.57220459, 1288.53527832, 1701.00598145, 358.10369873, 736.508911133, 154.410720825, 63.7134475708, 43.0923347473, 30.8822746277, 21.9451065063, 17.0910415649, 29.1980209351, 4.29538106918, 0.168737828732, 0.0140854921192, 0.000928210851271, 9.59870931183e-07, 9.13843056782e-10, 1.60096144675e-10],
        "max": [0.927594602108, 13.0795211792, 36.3121833801, 52.263343811, 84.6461791992, 401.411865234, 668.641418457, 1147.95996094, 777.550598145, 962.560546875, 1100.45629883, 1245.6192627, 1216.48132324, 1515.99475098, 1463.81164551, 1016.3717041, 1342.78869629, 2737.71777344, 4540.61767578, 4607.77978516, 1820.05004883, 744.573059082, 734.945739746, 933.716369629, 541.596679688, 694.147094727, 278.290283203, 292.129119873, 252.161346436, 142.402236938, 134.090759277, 93.498336792, 133.928833008, 49.5161552429, 10.3075809479, 2.30134081841, 0.570252776146, 0.0170780885965, 0.000569677969906, 0.000151893604198],
        "mean": [0.0473615191877, 0.493781894445, 1.37017309666, 2.28764081001, 4.43262910843, 6.75797271729, 11.4647283554, 20.7389831543, 26.9199924469, 21.2273845673, 18.1860103607, 22.2809123993, 23.1233634949, 32.9342041016, 30.9875240326, 23.5049800873, 24.7917118073, 41.0645599365, 76.6755065918, 41.2750511169, 29.6446170807, 16.1107597351, 19.3522148132, 21.3877983093, 10.3286867142, 9.32389545441, 6.51712465286, 3.46996688843, 2.71543288231, 2.46239352226, 1.70644438267, 0.960518181324, 0.900048553944, 0.380390048027, 0.103772029281, 0.0368345826864, 0.0069854981266, 0.000226694726734, 1.89915190276e-05, 2.4015254894e-05],
        "median": [0.0219516977668, 0.305015623569, 0.764219403267, 1.34107065201, 2.64871311188, 2.99689912796, 3.51116085052, 4.45826244354, 4.78403139114, 5.471118927, 5.03619480133, 5.08294200897, 6.18520498276, 5.87008333206, 7.60770082474, 5.75288152695, 6.64044761658, 7.58105802536, 9.05861759186, 7.71004629135, 7.27867031097, 6.5728635788, 6.77903556824, 5.76212978363, 3.95965266228, 2.74261188507, 2.30383205414, 1.37531137466, 1.06074500084, 0.988842725754, 0.569672524929, 0.245808944106, 0.172791346908, 0.0706411078572, 0.0214439649135, 0.00755543028936, 0.000655090610962, 2.82198216155e-05, 1.19302421808e-05, 1.94447911781e-05],
        "min": [4.9824243359e-23, 2.1955760992e-22, 5.88437173355e-22, 2.52162273692e-21, 8.50850498872e-21, 9.9955988233e-21, 1.47873074778e-20, 4.69318595055e-20, 5.35432911906e-20, 1.08172172925e-19, 1.58875520428e-19, 2.59647134594e-19, 2.50064815885e-19, 4.4203373882e-19, 6.79933726423e-19, 1.07512190071e-18, 1.36584021386e-18, 1.2522750366e-18, 1.97438106729e-18, 1.8949452587e-18, 3.08611925518e-18, 3.50711138038e-18, 3.54158578676e-18, 5.08963403723e-18, 5.75475052904e-18, 6.8038612184e-18, 8.06621286582e-18, 8.1890103093e-18, 8.48255354764e-18, 1.07197693934e-17, 9.88221428161e-18, 8.75503428604e-18, 8.36156845688e-18, 6.9482551069e-18, 5.85454077096e-18, 3.67831667407e-18, 2.02563276445e-18, 8.79958354549e-19, 2.23671576339e-19, 2.40831018094e-20],
        "var": [0.00515966489911, 0.494043081999, 4.44932985306, 10.8395700455, 33.5555305481, 221.762527466, 1231.08044434, 2544.07275391, 4959.72167969, 2980.57885742, 2992.72460938, 3170.31079102, 3054.04370117, 7436.76269531, 6197.00976562, 3476.85498047, 4864.90917969, 21077.7148438, 68771.8125, 25334.4902344, 11112.6503906, 1182.13708496, 1412.20141602, 1752.85888672, 401.449127197, 549.399291992, 172.301971436, 72.6607513428, 44.2471427917, 33.2041435242, 30.7996444702, 13.4660253525, 19.2948074341, 3.93570423126, 0.154797673225, 0.0110841812566, 0.00055616395548, 6.32314936411e-07, 8.70518324092e-10, 4.30253666028e-10]
    },
    "gfcc": {
        "mean": [-138.794448853, 100.563423157, -125.332450867, 34.155632019, -57.9754638672, 13.6219844818, -36.2837677002, 4.71603488922, -16.9069957733, -1.78259074688, -8.80291557312, -5.08313131332, -4.12153863907],
        "cov": [[108449.179688, 9739.86328125, -13568.4423828, 4199.07519531, -5822.84667969, 1676.73046875, -3502.24462891, 952.028869629, -1771.35876465, 96.1181488037, -896.696960449, -511.477996826, -628.879638672], [9739.86328125, 2587.23632812, -518.701782227, 470.648956299, -348.74307251, -102.73034668, -232.437835693, -228.426712036, -83.6053848267, -212.112716675, 88.2713088989, -152.984939575, 36.1981010437], [-13568.4423828, -518.701782227, 3100.77514648, -224.401992798, 736.473266602, -271.460571289, 366.326324463, -262.356628418, 187.471511841, -70.5240631104, 135.637939453, 130.824523926, 72.7468719482], [4199.07519531, 470.648956299, -224.401992798, 597.351135254, -109.011978149, 61.6208953857, -112.279830933, 29.8977584839, -17.6231307983, -24.9722824097, 6.02595996857, -15.3148422241, 6.71128797531], [-5822.84667969, -348.74307251, 736.473266602, -109.011978149, 609.689208984, -66.4722290039, 284.744415283, -24.3368263245, 108.204673767, 4.91320753098, 38.1990699768, 11.9022302628, 35.1625480652], [1676.73046875, -102.73034668, -271.460571289, 61.6208953857, -66.4722290039, 246.651916504, 13.1879463196, 87.5661468506, -46.1100158691, 53.5612564087, -45.3975143433, -6.52801656723, -21.6519908905], [-3502.24462891, -232.437835693, 366.326324463, -112.279830933, 284.744415283, 13.1879463196, 315.764587402, 9.28484153748, 61.8892936707, 17.8551864624, 59.9337043762, -20.4720954895, -0.00881168153137], [952.028869629, -228.426712036, -262.356628418, 29.8977584839, -24.3368263245, 87.5661468506, 9.28484153748, 201.936752319, -5.29092264175, 55.6548194885, -44.1709785461, 27.5151138306, -38.3447532654], [-1771.35876465, -83.6053848267, 187.471511841, -17.6231307983, 108.204673767, -46.1100158691, 61.8892936707, -5.29092264175, 154.058883667, -2.67364120483, 41.6365203857, -12.8953418732, 34.2906761169], [96.1181488037, -212.112716675, -70.5240631104, -24.9722824097, 4.91320753098, 53.5612564087, 17.8551864624, 55.6548194885, -2.67364120483, 141.768325806, -1.21684491634, 22.1526069641, -42.887714386], [-896.696960449, 88.2713088989, 135.637939453, 6.02595996857, 38.1990699768, -45.3975143433, 59.9337043762, -44.1709785461, 41.6365203857, -1.21684491634, 150.504058838, 17.8719654083, 17.1856307983], [-511.477996826, -152.984939575, 130.824523926, -15.3148422241, 11.9022302628, -6.52801656723, -20.4720954895, 27.5151138306, -12.8953418732, 22.1526069641, 17.8719654083, 118.172691345, 7.29126358032], [-628.879638672, 36.1981010437, 72.7468719482, 6.71128797531, 35.1625480652, -21.6519908905, -0.00881168153137, -38.3447532654, 34.2906761169, -42.887714386, 17.1856307983, 7.29126358032, 96.3687286377]],
        "icov": [[0.000272565492196, -0.000749558559619, 0.000585072208196, -0.000795725442003, 0.000804390583653, -0.000570637581404, 0.000592247408349, -0.000463147880509, 0.00061229756102, -0.000637791701593, 0.000635992968455, -0.000383124686778, 0.000481916882563], [-0.000749558559619, 0.00274547026493, -0.00152527971659, 0.00173990312032, -0.00207069190219, 0.00175122055225, -0.00149382231757, 0.00182281457819, -0.00137833890039, 0.00238009705208, -0.00224813981913, 0.00166321056895, -0.00119354366325], [0.000585072208196, -0.00152527971659, 0.00189214653801, -0.00178831268568, 0.00128309126012, -0.00100658216979, 0.000891112664249, -3.60501217074e-05, 0.000924629217479, -0.00106611778028, 0.00153856887482, -0.00181148271076, 0.0014377880143], [-0.000795725442003, 0.00173990312032, -0.00178831268568, 0.00461235782132, -0.00265604746528, 0.000821880414151, -0.000661901372951, 0.000444938137662, -0.00195145141333, 0.00201320811175, -0.00244460091926, 0.00135636201594, -0.00156308570877], [0.000804390583653, -0.00207069190219, 0.00128309126012, -0.00265604746528, 0.0062709171325, -0.00076935114339, -0.00138678820804, -0.00127927714493, 0.00102247414179, -0.00230268831365, 0.00314105348662, -0.00153928529471, 0.000441049371148], [-0.000570637581404, 0.00175122055225, -0.00100658216979, 0.000821880414151, -0.00076935114339, 0.00746610248461, -0.00314638623968, -0.000416380964452, 0.000345765991369, -0.000490320438985, 3.46166707459e-05, 0.00132838624995, -0.00233472627588], [0.000592247408349, -0.00149382231757, 0.000891112664249, -0.000661901372951, -0.00138678820804, -0.00314638623968, 0.00917485542595, -0.00260230712593, 0.0014838767238, -0.00100761081558, -0.00228633102961, 0.00230265548453, 0.00182093738113], [-0.000463147880509, 0.00182281457819, -3.60501217074e-05, 0.000444938137662, -0.00127927714493, -0.000416380964452, -0.00260230712593, 0.0100596500561, -0.00316107249819, 0.000750192266423, 0.00137681711931, -0.00305843539536, 0.00210936157964], [0.00061229756102, -0.00137833890039, 0.000924629217479, -0.00195145141333, 0.00102247414179, 0.000345765991369, 0.0014838767238, -0.00316107249819, 0.0111681632698, -0.00247269612737, -0.00107469933573, 0.00250822026283, -0.00267417705618], [-0.000637791701593, 0.00238009705208, -0.00106611778028, 0.00201320811175, -0.00230268831365, -0.000490320438985, -0.00100761081558, 0.000750192266423, -0.00247269612737, 0.012044524774, -0.00278434879147, -0.00070050539216, 0.00342659163289], [0.000635992968455, -0.00224813981913, 0.00153856887482, -0.00244460091926, 0.00314105348662, 3.46166707459e-05, -0.00228633102961, 0.00137681711931, -0.00107469933573, -0.00278434879147, 0.0117222787812, -0.00462739542127, 0.000815825012978], [-0.000383124686778, 0.00166321056895, -0.00181148271076, 0.00135636201594, -0.00153928529471, 0.00132838624995, 0.00230265548453, -0.00305843539536, 0.00250822026283, -0.00070050539216, -0.00462739542127, 0.0138067221269, -0.00363219762221], [0.000481916882563, -0.00119354366325, 0.0014377880143, -0.00156308570877, 0.000441049371148, -0.00233472627588, 0.00182093738113, 0.00210936157964, -0.00267417705618, 0.00342659163289, 0.000815825012978, -0.00363219762221, 0.015753319487]]
    },
    "melbands": {
        "dmean": [0.000240638270043, 0.000330432492774, 0.000198656969587, 0.000194006686797, 0.00019161371165, 0.000226255127927, 0.000195719796466, 0.000145521393279, 9.23074694583e-05, 8.19021006464e-05, 6.51165828458e-05, 7.3750881711e-05, 5.06892101839e-05, 4.34089015471e-05, 2.90279876936e-05, 2.73074856523e-05, 4.31978696724e-05, 7.27455262677e-05, 5.09599849465e-05, 2.4754941478e-05, 1.868401705e-05, 8.27089115774e-06, 9.35586285777e-06, 9.39320125326e-06, 9.88835017779e-06, 4.39634504801e-06, 2.89111585516e-06, 3.50638924829e-06, 2.57350711763e-06, 1.39057931392e-06, 1.05712149434e-06, 9.3780346333e-07, 7.78086189257e-07, 7.98455801032e-07, 6.34305195035e-07, 3.75458256485e-07, 4.31495493558e-07, 4.8708164968e-07, 3.47184595739e-07, 1.82220659894e-07],
        "dmean2": [0.000385830557207, 0.000540822802577, 0.000321252009599, 0.000316534540616, 0.000296307523968, 0.000333654519636, 0.000299534498481, 0.000224150760914, 0.000137373252073, 0.000126587285195, 9.80341210379e-05, 0.000108934771561, 7.70862534409e-05, 6.46995176794e-05, 4.39030554844e-05, 4.24022182415e-05, 6.43276798655e-05, 0.00010632489284, 7.32980115572e-05, 3.87560285162e-05, 2.80071035377e-05, 1.28278443299e-05, 1.52560951392e-05, 1.49622401295e-05, 1.57045869855e-05, 6.86283101459e-06, 4.59643024442e-06, 5.58364854442e-06, 3.8975613279e-06, 2.15092950384e-06, 1.62246658419e-06, 1.42441467688e-06, 1.17592355764e-06, 1.20162962958e-06, 9.2175730515e-07, 5.44675458514e-07, 6.48043965157e-07, 7.3969050618e-07, 5.24436188698e-07, 2.66499455392e-07],
        "dvar": [2.71842822031e-07, 5.58816680041e-07, 1.48549077039e-07, 1.40935611626e-07, 3.55696926135e-07, 3.790348444e-07, 2.84935964601e-07, 1.85936954722e-07, 1.07881774625e-07, 5.64530360236e-08, 4.00041813009e-08, 5.57235395604e-08, 2.62739785484e-08, 1.88613249463e-08, 9.000126866e-09, 9.21198850534e-09, 2.79933320968e-08, 7.5261489485e-08, 7.85343132748e-08, 1.05162758501e-08, 6.9284977755e-09, 6.67853827796e-10, 4.10225381442e-10, 6.18338047431e-10, 6.47229436712e-10, 1.40627842704e-10, 1.30521107811e-10, 1.56148316499e-10, 5.10762473982e-11, 1.29061700563e-11, 1.44254894488e-11, 1.03430059656e-11, 5.46648273522e-12, 5.56030048393e-12, 5.54395765406e-12, 2.19144320746e-12, 4.8815617347e-12, 8.44087300056e-12, 3.63481228623e-12, 1.08346632447e-12],
        "dvar2": [6.93882782343e-07, 1.43691227095e-06, 3.93962920953e-07, 3.6158658645e-07, 7.89928719769e-07, 7.62590616432e-07, 6.52501796594e-07, 4.04907950724e-07, 2.27462479074e-07, 1.31004469495e-07, 8.77484538364e-08, 1.18950005401e-07, 6.05519190344e-08, 3.91133632149e-08, 1.91702884678e-08, 1.98359355608e-08, 5.03191408541e-08, 1.41164846923e-07, 1.29142549099e-07, 2.31799717199e-08, 1.31390205382e-08, 1.4907648449e-09, 1.02545938407e-09, 1.5093916117e-09, 1.54097501426e-09, 3.01468405794e-10, 3.13340242641e-10, 4.12146511364e-10, 1.14558876274e-10, 2.85000356648e-11, 2.83560761677e-11, 2.19220665926e-11, 1.15530788061e-11, 1.10831682373e-11, 1.02892833143e-11, 4.11512100437e-12, 1.19834680373e-11, 2.13611316136e-11, 7.95541497262e-12, 2.24307616752e-12],
        "max": [0.0109487930313, 0.0187320150435, 0.00871728826314, 0.0129502015188, 0.0186353623867, 0.0225374829024, 0.0105212144554, 0.0108139095828, 0.00840178225189, 0.00741264689714, 0.00637165643275, 0.00699650077149, 0.00475030299276, 0.00358521123417, 0.00284315878525, 0.00353609747253, 0.00639994163066, 0.00893360096961, 0.00913415197283, 0.00379643356428, 0.00271581299603, 0.00114879605826, 0.000463840813609, 0.000586516864132, 0.000833789061289, 0.000533836428076, 0.000729422434233, 0.000485902826767, 0.000221130627324, 0.000125062302686, 0.000181538765901, 0.0001819220779, 0.000102285732282, 7.63667630963e-05, 0.000100742763607, 5.84546542086e-05, 8.86601192178e-05, 0.000130496526253, 6.27859481028e-05, 3.98953052354e-05],
        "mean": [0.000502241076902, 0.000727937207557, 0.000466700323159, 0.000387404987123, 0.000405214435887, 0.000471764040412, 0.000388500018744, 0.000234209030168, 0.000138671734021, 0.000135622016387, 0.000113807662274, 0.000134384026751, 9.74775102804e-05, 7.51799016143e-05, 5.23212511325e-05, 4.85622113047e-05, 8.35663522594e-05, 0.000128104642499, 8.45423855935e-05, 4.0893577534e-05, 3.22216583299e-05, 1.57999002113e-05, 1.7705882783e-05, 1.73059797817e-05, 1.80565166374e-05, 8.43045745569e-06, 5.44691374671e-06, 6.3543889155e-06, 4.61819627162e-06, 2.66860365628e-06, 1.80933898264e-06, 1.61575121638e-06, 1.32549041609e-06, 1.38197208344e-06, 1.0738367564e-06, 6.15910607848e-07, 6.03648572906e-07, 6.82135578245e-07, 5.01089118643e-07, 2.58710485923e-07],
        "median": [0.000281584158074, 0.00045745895477, 0.000310327537591, 0.000221341790166, 0.000133120804094, 9.336185758e-05, 6.77919670125e-05, 5.78064682486e-05, 3.64975894627e-05, 2.749721898e-05, 2.62514695351e-05, 1.91640774574e-05, 2.13932307815e-05, 1.69339909917e-05, 1.15302782433e-05, 1.11001127152e-05, 1.17387280625e-05, 1.39025969474e-05, 9.31053273234e-06, 8.7546695795e-06, 7.34123113943e-06, 5.50123058929e-06, 6.21941626378e-06, 4.33651166531e-06, 4.07993638873e-06, 2.74520971288e-06, 1.93751498045e-06, 1.58578939136e-06, 1.37202164296e-06, 9.11899064704e-07, 6.2616248897e-07, 5.73617626287e-07, 5.2478986845e-07, 5.05129548856e-07, 3.45045862105e-07, 1.77661306111e-07, 1.30705529955e-07, 1.26038926851e-07, 8.64167475356e-08, 4.41731522471e-08],
        "min": [8.26710155631e-25, 2.72870832813e-25, 4.20998351126e-25, 6.2866889335e-25, 6.0872757435e-25, 1.08097028058e-24, 7.35502254984e-25, 1.28104976222e-24, 1.10210366701e-24, 1.32279371753e-24, 1.08924562869e-24, 1.61371674469e-24, 1.42575377212e-24, 1.54522912279e-24, 2.4137333264e-24, 2.50067684221e-24, 2.05096420065e-24, 2.29817013416e-24, 2.56996012893e-24, 2.53230562856e-24, 3.06984077418e-24, 2.92237742745e-24, 2.61906474813e-24, 2.97758250524e-24, 3.06812934045e-24, 3.50552115796e-24, 3.06299425039e-24, 3.08909371344e-24, 3.75133928793e-24, 3.929845889e-24, 3.86122800645e-24, 3.79701709535e-24, 4.10026745466e-24, 4.93390173828e-24, 4.56614070072e-24, 4.81645139355e-24, 4.68059495174e-24, 5.90846089502e-24, 4.72911936374e-24, 5.09073517485e-24],
        "var": [5.15334704687e-07, 1.03294291875e-06, 3.42450988455e-07, 3.53423189381e-07, 1.22137157632e-06, 1.25997632949e-06, 9.76839373834e-07, 3.79168881182e-07, 1.72209837501e-07, 1.21014181786e-07, 8.06911089057e-08, 1.36310760013e-07, 7.07085305862e-08, 4.56391440196e-08, 2.02655829895e-08, 2.11235775538e-08, 1.1330349281e-07, 2.20596461986e-07, 1.75031175331e-07, 2.06002503944e-08, 1.70040674874e-08, 1.73679004511e-09, 1.01911490358e-09, 1.43125356011e-09, 1.41862110947e-09, 3.22792875762e-10, 1.95876467823e-10, 2.8111740713e-10, 1.07402788052e-10, 3.98331714835e-11, 2.69218120019e-11, 1.94308336782e-11, 9.99968944454e-12, 1.12360988569e-11, 1.24499724766e-11, 5.14113881675e-12, 6.98013738823e-12, 1.18007253275e-11, 6.77639411598e-12, 1.94798972959e-12]
    },
    "mfcc": {
        "mean": [-711.489440918, 115.181221008, -8.29498577118, 18.7043685913, 1.36131548882, 4.88970851898, -4.76736068726, 2.38705587387, -3.04365086555, 1.8892660141, -1.36393690109, -2.64257788658, -0.98042589426],
        "cov": [[25097.6757812, 4143.81787109, -1421.8762207, 1195.53344727, -70.8838424683, 236.237686157, 57.9961280823, 344.732025146, -20.8711605072, 416.256164551, 162.751998901, 46.4721488953, 54.5190010071], [4143.81787109, 2648.95800781, 435.471008301, 481.512329102, 150.193450928, 122.311592102, -13.9773654938, -0.316825509071, -120.782035828, -44.5231704712, -43.0183906555, -76.1715698242, 7.2961602211], [-1421.8762207, 435.471008301, 1324.85668945, 255.117324829, 191.373123169, 84.3115844727, -54.454624176, -50.5381584167, -94.4382629395, -132.846572876, -71.6924819946, -25.1776561737, -3.14677906036], [1195.53344727, 481.512329102, 255.117324829, 507.210723877, 155.956008911, 67.049079895, 3.40727829933, 35.996421814, -20.9834804535, -23.3023815155, -4.84383535385, 17.7856349945, 27.2748908997], [-70.8838424683, 150.193450928, 191.373123169, 155.956008911, 205.383041382, 35.2130203247, -16.932472229, 18.6693077087, 22.93932724, -28.9461307526, -23.0620479584, -14.550819397, 3.82124423981], [236.237686157, 122.311592102, 84.3115844727, 67.049079895, 35.2130203247, 159.391799927, 62.7445297241, 4.79791498184, 12.9904546738, 20.7445774078, 14.8565540314, -11.0180149078, -11.9109010696], [57.9961280823, -13.9773654938, -54.454624176, 3.40727829933, -16.932472229, 62.7445297241, 178.721908569, 38.3888397217, 13.0741815567, 39.1426506042, 27.2382049561, 6.36057472229, 5.64555501938], [344.732025146, -0.316825509071, -50.5381584167, 35.996421814, 18.6693077087, 4.79791498184, 38.3888397217, 119.396217346, 34.9762077332, 10.4073162079, 8.51653194427, 10.8527669907, 14.4926223755], [-20.8711605072, -120.782035828, -94.4382629395, -20.9834804535, 22.93932724, 12.9904546738, 13.0741815567, 34.9762077332, 131.432601929, 41.0360984802, 13.0337295532, -15.9137887955, -22.7734088898], [416.256164551, -44.5231704712, -132.846572876, -23.3023815155, -28.9461307526, 20.7445774078, 39.1426506042, 10.4073162079, 41.0360984802, 122.082061768, 45.1234741211, -9.88807010651, -10.741850853], [162.751998901, -43.0183906555, -71.6924819946, -4.84383535385, -23.0620479584, 14.8565540314, 27.2382049561, 8.51653194427, 13.0337295532, 45.1234741211, 88.8393249512, 32.815952301, 4.551882267], [46.4721488953, -76.1715698242, -25.1776561737, 17.7856349945, -14.550819397, -11.0180149078, 6.36057472229, 10.8527669907, -15.9137887955, -9.88807010651, 32.815952301, 103.634796143, 49.278427124], [54.5190010071, 7.2961602211, -3.14677906036, 27.2748908997, 3.82124423981, -11.9109010696, 5.64555501938, 14.4926223755, -22.7734088898, -10.741850853, 4.551882267, 49.278427124, 92.7295074463]],
