{
"lowlevel": {
    "average_loudness": 0.41264078021,
    "barkbands_crest": {
        "dmean": 1.9125854969,
        "dmean2": 3.03810453415,
        "dvar": 3.41410017014,
        "dvar2": 8.30934238434,
        "max": 26.3100452423,
        "mean": 9.53887939453,
        "median": 8.28069114685,
        "min": 2.67962169647,
        "var": 19.20860672
    },
    "barkbands_flatness_db": {
        "dmean": 0.0147154927254,
        "dmean2": 0.0229906123132,
        "dvar": 0.000215915832086,
        "dvar2": 0.00048308991245,
        "max": 0.474834412336,
        "mean": 0.176498249173,
        "median": 0.168070942163,
        "min": 0.0435766391456,
        "var": 0.00468200258911
    },
    "barkbands_kurtosis": {
        "dmean": 1.909522295,
        "dmean2": 2.96204543114,
        "dvar": 19.6219043732,
        "dvar2": 46.0767059326,
        "max": 159.720199585,
        "mean": 4.7410068512,
        "median": 1.64339876175,
        "min": -1.88796842098,
        "var": 122.574638367
    },
    "barkbands_skewness": {
        "dmean": 0.35101261735,
        "dmean2": 0.535704672337,
        "dvar": 0.173513367772,
        "dvar2": 0.373439580202,
        "max": 9.26977539062,
        "mean": 0.926468610764,
        "median": 0.834206700325,
        "min": -5.48934602737,
        "var": 2.5793428421
    },
    "barkbands_spread": {
        "dmean": 2.92492294312,
        "dmean2": 4.56273412704,
        "dvar": 16.8863925934,
        "dvar2": 35.9899635315,
        "max": 93.2393188477,
        "mean": 16.5358123779,
        "median": 14.4971208572,
        "min": 0.310236006975,
        "var": 121.552940369
    },
    "dissonance": {
        "dmean": 0.0218245070428,
        "dmean2": 0.0367030501366,
        "dvar": 0.000528240867425,
        "dvar2": 0.00144386931788,
        "max": 0.5,
        "mean": 0.446260005236,
        "median": 0.458987653255,
        "min": 0.18141540885,
        "var": 0.00227031786926
    },
    "dynamic_complexity": 4.85065889359,
    "erbbands_crest": {
        "dmean": 2.24654603004,
        "dmean2": 3.60224938393,
        "dvar": 4.78263425827,
        "dvar2": 11.888458252,
        "max": 33.1418685913,
        "mean": 10.0925045013,
        "median": 9.43428230286,
        "min": 2.48518276215,
        "var": 22.6444339752
    },
    "erbbands_flatness_db": {
        "dmean": 0.012691299431,
        "dmean2": 0.0194982271641,
        "dvar": 0.000169397666468,
        "dvar2": 0.000367414701032,
        "max": 0.451307356358,
        "mean": 0.219848483801,
        "median": 0.227529764175,
        "min": 0.079462133348,
        "var": 0.00316297239624
    },
    "erbbands_kurtosis": {
        "dmean": 0.957832872868,
        "dmean2": 1.50494647026,
        "dvar": 2.64534854889,
        "dvar2": 6.14912033081,
        "max": 60.7030067444,
        "mean": 1.40824902058,
        "median": 0.366170287132,
        "min": -1.80560088158,
        "var": 12.4865074158
    },
    "erbbands_skewness": {
        "dmean": 0.293225318193,
        "dmean2": 0.452310830355,
        "dvar": 0.0919431373477,
        "dvar2": 0.19179032743,
        "max": 5.73444461823,
        "mean": 0.428946495056,
        "median": 0.444336652756,
        "min": -4.12634181976,
        "var": 1.02635896206
    },
    "erbbands_spread": {
        "dmean": 4.26313209534,
        "dmean2": 6.64614629745,
        "dvar": 29.0720367432,
        "dvar2": 66.0208892822,
        "max": 126.436225891,
        "mean": 25.3206996918,
        "median": 23.4902667999,
        "min": 1.0141222477,
        "var": 151.405471802
    },
    "hfc": {
        "dmean": 3.38617968559,
        "dmean2": 5.02769613266,
        "dvar": 52.6205558777,
        "dvar2": 99.0498352051,
        "max": 188.094284058,
        "mean": 15.0409784317,
        "median": 7.86429071426,
        "min": 1.03406814522e-16,
        "var": 347.675476074
    },
    "melbands_crest": {
        "dmean": 2.34716010094,
        "dmean2": 3.74021697044,
        "dvar": 5.29067802429,
        "dvar2": 13.2444114685,
        "max": 33.5205574036,
        "mean": 11.7323760986,
        "median": 10.9316825867,
        "min": 1.00164079666,
        "var": 37.9108657837
    },
    "melbands_flatness_db": {
        "dmean": 0.015222244896,
        "dmean2": 0.0225276816636,
        "dvar": 0.000308740418404,
        "dvar2": 0.000623411673587,
        "max": 0.52458101511,
        "mean": 0.199350386858,
        "median": 0.194638341665,
        "min": 2.71803202168e-07,
        "var": 0.0105861704797
    },
    "melbands_kurtosis": {
        "dmean": 2.76134514809,
        "dmean2": 4.27649450302,
        "dvar": 36.8828811646,
        "dvar2": 83.9538803101,
        "max": 177.442047119,
        "mean": 6.65384435654,
        "median": 2.55425930023,
        "min": -1.86973392963,
        "var": 199.310501099
    },
    "melbands_skewness": {
        "dmean": 0.397071957588,
        "dmean2": 0.611921489239,
        "dvar": 0.218116164207,
        "dvar2": 0.48048722744,
        "max": 10.8688440323,
        "mean": 1.50223922729,
        "median": 1.26831507683,
        "min": -3.21490597725,
        "var": 1.85937070847
    },
    "melbands_spread": {
        "dmean": 5.57003116608,
        "dmean2": 8.68523216248,
        "dvar": 85.6307830811,
        "dvar2": 182.597229004,
        "max": 192.880783081,
        "mean": 34.1426849365,
        "median": 21.0781040192,
        "min": 0.700013101101,
        "var": 1446.49560547
    },
    "pitch_salience": {
        "dmean": 0.0506474561989,
        "dmean2": 0.0814624279737,
        "dvar": 0.00228182529099,
        "dvar2": 0.00557118235156,
        "max": 0.997735619545,
        "mean": 0.599745929241,
        "median": 0.594497084618,
        "min": 0.117418922484,
        "var": 0.0160794574767
    },
    "silence_rate_20dB": {
        "dmean": 0,
        "dmean2": 0,
        "dvar": 0,
        "dvar2": 0,
        "max": 1,
        "mean": 1,
        "median": 1,
        "min": 1,
        "var": 0
    },
    "silence_rate_30dB": {
        "dmean": 0,
        "dmean2": 0,
        "dvar": 0,
        "dvar2": 0,
        "max": 1,
        "mean": 1,
        "median": 1,
        "min": 1,
        "var": 0
    },
    "silence_rate_60dB": {
        "dmean": 0.0205128211528,
        "dmean2": 0.0410303175449,
        "dvar": 0.0200943890959,
        "dvar2": 0.0441298186779,
        "max": 1,
        "mean": 0.264585226774,
        "median": 0,
        "min": 0,
        "var": 0.194565609097
    },
    "spectral_centroid": {
        "dmean": 174.261062622,
        "dmean2": 265.899291992,
        "dvar": 66757.4375,
        "dvar2": 131168.5,
        "max": 11907.9404297,
        "mean": 2228.29077148,
        "median": 1242.42822266,
        "min": 210.019760132,
        "var": 9163337
    },
    "spectral_complexity": {
        "dmean": 1.85071229935,
        "dmean2": 3.0184636116,
        "dvar": 4.57583045959,
        "dvar2": 11.2533092499,
        "max": 46,
        "mean": 13.3474245071,
        "median": 14,
        "min": 0,
        "var": 87.9309844971
    },
    "spectral_decrease": {
        "dmean": 8.33430269243e-10,
        "dmean2": 1.27916877091e-09,
        "dvar": 2.13648882181e-18,
        "dvar2": 4.80769821084e-18,
        "max": 2.58064260674e-28,
        "mean": -3.71330721727e-09,
        "median": -2.7912987477e-09,
        "min": -3.01617717469e-08,
        "var": 1.3242085445e-17
    },
    "spectral_energy": {
        "dmean": 0.00339380092919,
        "dmean2": 0.00520615326241,
        "dvar": 3.43379397236e-05,
        "dvar2": 7.66780649428e-05,
        "max": 0.118848390877,
        "mean": 0.0153791187331,
        "median": 0.0114451926202,
        "min": 9.85126226876e-21,
        "var": 0.000226452524657
    },
    "spectral_energyband_high": {
        "dmean": 0.000141418844578,
        "dmean2": 0.00020089460304,
        "dvar": 6.70069255193e-07,
        "dvar2": 1.10599671643e-06,
        "max": 0.0274703074247,
        "mean": 0.000301458465401,
        "median": 5.0918872148e-05,
        "min": 6.8423047411e-21,
        "var": 1.5439740082e-06
    },
    "spectral_energyband_low": {
        "dmean": 0.000610575312749,
        "dmean2": 0.00100802874658,
        "dvar": 9.61452133197e-06,
        "dvar2": 2.36234736803e-05,
        "max": 0.0980333536863,
        "mean": 0.00137719442137,
        "median": 0.000259240739979,
        "min": 7.18813054509e-24,
        "var": 1.8760394596e-05
    },
    "spectral_energyband_middle_high": {
        "dmean": 0.00143392791506,
        "dmean2": 0.00215650070459,
        "dvar": 7.30242300051e-06,
        "dvar2": 1.45699405039e-05,
        "max": 0.079980045557,
        "mean": 0.00573273235932,
        "median": 0.00254533346742,
        "min": 1.09876717113e-21,
        "var": 6.34540920146e-05
    },
    "spectral_energyband_middle_low": {
        "dmean": 0.00239770277403,
        "dmean2": 0.00362826418132,
        "dvar": 1.63063559739e-05,
        "dvar2": 3.68264045392e-05,
        "max": 0.0925549790263,
        "mean": 0.00835773348808,
        "median": 0.00641717016697,
        "min": 1.16242857435e-22,
        "var": 7.57300222176e-05
    },
    "spectral_entropy": {
        "dmean": 0.115424871445,
        "dmean2": 0.172556713223,
        "dvar": 0.0183838997036,
        "dvar2": 0.0360539853573,
        "max": 9.8281583786,
        "mean": 7.34253358841,
        "median": 7.19479084015,
        "min": 4.15274429321,
        "var": 0.9921002388
    },
    "spectral_flux": {
        "dmean": 0.0143591193482,
        "dmean2": 0.0231008753181,
        "dvar": 0.00038420574856,
        "dvar2": 0.000946884567384,
        "max": 0.281607240438,
        "mean": 0.0526503026485,
        "median": 0.0447846204042,
        "min": 6.2775298848e-11,
        "var": 0.00184942840133
    },
    "spectral_kurtosis": {
        "dmean": 3.01465463638,
        "dmean2": 5.22410488129,
        "dvar": 14.3056154251,
        "dvar2": 40.8800163269,
        "max": 77.3486938477,
        "mean": 6.95834350586,
        "median": 5.38175487518,
        "min": -1.29014194012,
        "var": 51.4584159851
    },
    "spectral_rms": {
        "dmean": 0.00037443137262,
        "dmean2": 0.000563514186069,
        "dvar": 2.67169781409e-07,
        "dvar2": 5.55631686439e-07,
        "max": 0.0107679916546,
        "mean": 0.00326532660984,
        "median": 0.00334156258032,
        "min": 3.10015923523e-12,
        "var": 4.34161756857e-06
    },
    "spectral_rolloff": {
        "dmean": 282.742279053,
        "dmean2": 471.494506836,
        "dvar": 351097.6875,
        "dvar2": 692384.375,
        "max": 19853.6132812,
        "mean": 3258.56103516,
        "median": 1356.59179688,
        "min": 129.19921875,
        "var": 28457760
    },
    "spectral_skewness": {
        "dmean": 0.29140818119,
        "dmean2": 0.491452455521,
        "dvar": 0.0938128083944,
        "dvar2": 0.252294152975,
        "max": 7.32739305496,
        "mean": 1.66809153557,
        "median": 1.6262087822,
        "min": -0.177135571837,
        "var": 0.874743640423
    },
    "spectral_spread": {
        "dmean": 368932.78125,
        "dmean2": 592399.8125,
        "dvar": 438191325184,
        "dvar2": 961528135680,
        "max": 43143376,
        "mean": 6843726,
        "median": 2997549.5,
        "min": 910786.3125,
        "var": 1.28707612115e+14
    },
    "spectral_strongpeak": {
        "dmean": 0.575412690639,
        "dmean2": 0.964318275452,
        "dvar": 1.29893445969,
        "dvar2": 3.37823033333,
        "max": 18.6223487854,
        "mean": 1.32613158226,
        "median": 0.735063254833,
        "min": 0,
        "var": 2.97939181328
    },
    "zerocrossingrate": {
        "dmean": 0.00682180374861,
        "dmean2": 0.00859033316374,
        "dvar": 0.000140724499943,
        "dvar2": 0.000159181130584,
        "max": 0.712890625,
        "mean": 0.0984712913632,
        "median": 0.05078125,
        "min": 0.00732421875,
        "var": 0.0194208845496
    },
    "barkbands": {
        "dmean": [4.23077508458e-05, 0.000420258467784, 0.000224540330237, 0.000273564422969, 0.000780815258622, 0.000677888281643, 0.000674962066114, 0.000920557649806, 0.000426465208875, 0.000541204295587, 0.000444345263531, 0.000294151483104, 0.000429550389526, 0.000196463166503, 0.000217248496483, 0.000289920688374, 0.000197302884771, 0.000144391990034, 0.000149367217091, 6.57496930216e-05, 3.1955911254e-05, 5.04859344801e-05, 5.18165179528e-05, 1.60132003657e-05, 5.1101860663e-06, 9.36567062126e-07, 2.99767477507e-09],
        "dmean2": [6.81353922118e-05, 0.000709663901944, 0.00036870277836, 0.000435242749518, 0.00118160818238, 0.00101025751792, 0.00102695054375, 0.00135858706199, 0.000649259716738, 0.000819214095827, 0.000675471150316, 0.000449593062513, 0.000666008971166, 0.000316975172609, 0.000346171873389, 0.000456932059024, 0.000312250427669, 0.000228512086323, 0.000228088407312, 0.000104146776721, 4.90594647999e-05, 7.38866438041e-05, 7.34723507776e-05, 2.39722412516e-05, 7.53331823944e-06, 1.44106263633e-06, 5.24477261621e-09],
        "dvar": [1.19713590152e-07, 7.27314363758e-06, 1.16287515084e-06, 4.92428284815e-07, 2.99875000564e-06, 2.08528695111e-06, 3.32244144374e-06, 5.8335972426e-06, 1.19675235055e-06, 1.78927882644e-06, 1.12090015136e-06, 7.05321326677e-07, 2.07343828151e-06, 3.77387380013e-07, 3.68278818996e-07, 1.08144001842e-06, 4.98216650158e-07, 1.40551179584e-07, 1.97120840539e-07, 4.17239149897e-08, 5.72582692371e-08, 7.45594732621e-08, 1.96087313498e-07, 9.93085347289e-09, 9.34713195733e-10, 4.22393127419e-11, 1.05899519989e-16],
        "dvar2": [2.87362837526e-07, 1.71302817762e-05, 3.2226669191e-06, 1.28204669636e-06, 6.40173948341e-06, 4.87725992571e-06, 7.88202578406e-06, 1.23844029076e-05, 2.65856579063e-06, 3.87029194826e-06, 2.35939819504e-06, 1.47658727201e-06, 4.70462737212e-06, 9.07556227503e-07, 8.67635833401e-07, 2.39100950239e-06, 1.15975012704e-06, 3.25632527165e-07, 4.1577706611e-07, 1.03591681011e-07, 1.35029083026e-07, 1.43251000395e-07, 3.72887683397e-07, 1.78778361004e-08, 1.77598258322e-09, 9.74206271209e-11, 3.05911110508e-16],
        "max": [0.016151053831, 0.0861966237426, 0.0466353520751, 0.0207814574242, 0.0837355405092, 0.0439927428961, 0.0603911168873, 0.0508030429482, 0.0325860418379, 0.0385462753475, 0.0285038724542, 0.0214599594474, 0.0439959950745, 0.0212672688067, 0.0163096375763, 0.0267022661865, 0.0291210096329, 0.0116079319268, 0.0116281230003, 0.00554365571588, 0.012962940149, 0.0118529070169, 0.0202187988907, 0.00341015052982, 0.000937415985391, 0.000234932391322, 3.96095515498e-07],
        "mean": [5.66122216696e-05, 0.000689272477757, 0.000449413433671, 0.000577057478949, 0.00188824860379, 0.00154772028327, 0.00144296581857, 0.0017438926734, 0.000811532663647, 0.0010950329015, 0.00078894541366, 0.00052133272402, 0.000855203426909, 0.000323136919178, 0.000401145924116, 0.000598112819716, 0.000459059432615, 0.00031295538065, 0.000424885656685, 0.000129673135234, 5.46250666957e-05, 9.06292334548e-05, 7.9415673099e-05, 2.87178154394e-05, 8.13464157545e-06, 1.39978021707e-06, 3.42611938819e-09],
        "median": [5.33123966306e-07, 4.65627636004e-05, 5.33798156539e-05, 0.000117165458505, 0.000827081908938, 0.0005832107272, 0.000311415991746, 0.000302988570184, 0.00019205341232, 0.000203215284273, 0.000169157196069, 0.000125542952446, 0.000120298223919, 7.33355118427e-05, 9.35918214964e-05, 8.04471492302e-05, 7.82624119893e-05, 8.00705092843e-05, 6.35775068076e-05, 1.96887012862e-05, 8.01093301561e-06, 1.28734181999e-05, 6.95893504599e-06, 1.52773100126e-06, 5.39933125765e-07, 1.94493203765e-08, 1.18040044406e-09],
        "min": [5.95764149139e-26, 1.46038230066e-24, 2.09765091187e-25, 1.19592102092e-25, 5.38281526374e-24, 4.60412829762e-24, 4.22174493432e-24, 2.49959708884e-24, 7.58324572896e-24, 6.20355127713e-24, 9.27909314908e-24, 1.54582279979e-23, 1.3355145335e-23, 2.28252232869e-23, 2.44786284126e-23, 2.99478736437e-23, 4.8271234983e-23, 6.03583037678e-23, 1.0468025809e-22, 1.34737896996e-22, 2.05984608024e-22, 2.60837123369e-22, 3.61133378486e-22, 4.52855586466e-22, 7.89025594134e-22, 1.20209608525e-21, 1.80759037513e-21],
        "var": [2.42163594066e-07, 1.02024578155e-05, 1.50182006564e-06, 1.43732347624e-06, 1.07447822302e-05, 6.76403988109e-06, 1.05207100205e-05, 1.65904893947e-05, 3.24884103975e-06, 5.40608925803e-06, 3.10911536872e-06, 1.80921165338e-06, 7.99672670837e-06, 7.11795166808e-07, 9.44116607116e-07, 2.836620979e-06, 2.61976401816e-06, 3.72251690806e-07, 1.26344207274e-06, 9.48149008195e-08, 6.88852495045e-08, 1.36134943318e-07, 3.37523147209e-07, 2.19389590939e-08, 1.75991510254e-09, 4.95834207026e-11, 8.19125593922e-17]
    },
    "erbbands": {
        "dmean": [0.0138447536156, 0.0951811298728, 0.24050194025, 0.519517481327, 1.62847423553, 3.12687849998, 3.62584042549, 6.90963697433, 7.50998926163, 15.3790884018, 15.2473144531, 10.6267185211, 12.6542272568, 16.8080596924, 17.2525138855, 9.65677642822, 20.0391159058, 11.2384824753, 10.5331993103, 10.3134870529, 13.9458217621, 7.45242214203, 8.31768131256, 5.82230997086, 7.49378490448, 2.66855835915, 1.18540155888, 1.42141747475, 1.82942378521, 1.95058119297, 1.25786697865, 0.395553529263, 0.262096852064, 0.0882065221667, 0.0214803833514, 0.00567925814539, 0.00149662978947, 0.000133521738462, 4.55216422779e-06, 4.26991073255e-06],
        "dmean2": [0.0231217741966, 0.15604262054, 0.397570222616, 0.834399163723, 2.48826932907, 4.6878194809, 5.52546930313, 10.3010854721, 11.3870658875, 23.661239624, 21.861951828, 16.1401882172, 19.6516189575, 25.0791969299, 27.1678142548, 14.767493248, 30.4949989319, 17.6683444977, 16.9144515991, 16.0260467529, 21.4486103058, 11.3263607025, 13.2495222092, 9.01108646393, 11.3524045944, 4.12825679779, 1.86611711979, 2.1446378231, 2.73611855507, 2.86301231384, 1.80753934383, 0.571831345558, 0.399193048477, 0.128689557314, 0.0317926928401, 0.00845393072814, 0.00235421955585, 0.00022133901075, 7.05960383129e-06, 6.5118601924e-06],
        "dvar": [0.0106378262863, 0.357648551464, 1.25189244747, 2.78514909744, 12.8053445816, 70.5612640381, 136.374267578, 208.948532104, 315.299713135, 1349.02404785, 1957.3203125, 777.737487793, 1085.3503418, 1778.42431641, 1691.3984375, 750.92578125, 4947.36523438, 1167.56018066, 803.727966309, 1162.07214355, 2306.86376953, 433.984802246, 437.430786133, 300.498138428, 563.67590332, 76.0291366577, 29.12059021, 145.487838745, 92.2561645508, 238.005966187, 108.60749054, 5.66324901581, 3.02372574806, 0.29896992445, 0.0135282371193, 0.000563293870073, 0.000277054408798, 4.86420958623e-06, 1.28601840288e-09, 5.5430916801e-11],
        "dvar2": [0.0277203805745, 0.858181297779, 3.35767769814, 7.58059406281, 30.4600028992, 136.327423096, 315.389312744, 481.526885986, 751.332641602, 3233.45532227, 3939.48291016, 1780.53527832, 2533.31665039, 3913.53955078, 4058.90356445, 1673.71044922, 10652.9912109, 2654.24780273, 2017.56530762, 2530.20141602, 4854.81103516, 889.754699707, 1029.45336914, 686.384765625, 1195.84362793, 188.236816406, 69.57837677, 327.292999268, 190.913421631, 416.348999023, 221.817611694, 9.94748687744, 6.04640865326, 0.552380979061, 0.0256189126521, 0.00110844406299, 0.000664766179398, 1.19123087643e-05, 3.09389314168e-09, 1.1980239023e-10],
        "max": [3.35172605515, 20.6805515289, 42.8598823547, 70.7810440063, 120.070472717, 400.737518311, 526.431091309, 308.262542725, 387.432952881, 868.907043457, 1156.37585449, 887.510925293, 897.649047852, 920.215026855, 1442.390625, 1059.29528809, 2402.32397461, 859.894714355, 664.9375, 1145.37768555, 1617.01074219, 1339.43115234, 694.529846191, 609.425170898, 682.464782715, 319.761230469, 213.277053833, 698.394104004, 457.676269531, 729.819885254, 504.841918945, 71.9995193481, 59.3231964111, 16.0437984467, 3.16071033478, 0.749648869038, 0.68947583437, 0.0766264200211, 0.00123505108058, 0.000139515599585],
        "mean": [0.0173245128244, 0.165103822947, 0.513379335403, 1.16322553158, 3.79613351822, 7.17542409897, 8.53127861023, 15.251739502, 17.3607826233, 32.3870315552, 29.8325901031, 21.7050037384, 26.471616745, 35.8175811768, 35.6467323303, 21.4309673309, 39.2037467957, 22.5404624939, 20.4399490356, 22.4391422272, 34.5892944336, 21.529340744, 19.1713256836, 16.0423622131, 21.1130332947, 6.21743011475, 2.36578893661, 2.38433384895, 3.19107413292, 3.2996981144, 1.94316089153, 0.692454397678, 0.456869512796, 0.1402810812, 0.0357424095273, 0.0103587582707, 0.00179183948785, 0.000124927930301, 1.25570768432e-05, 1.92016996152e-05],
        "median": [0.000543960253708, 0.0151201225817, 0.0842314362526, 0.360836207867, 1.3083281517, 2.4192097187, 2.89440917969, 5.73402929306, 5.57481765747, 10.012254715, 6.43515396118, 6.48254776001, 7.19277191162, 7.54376792908, 8.9552898407, 5.66115903854, 6.5136551857, 5.95391750336, 5.93606090546, 5.19628334045, 4.78824138641, 4.78248691559, 5.41181135178, 3.5407743454, 2.71092486382, 1.06380438805, 0.472037315369, 0.347072035074, 0.445500314236, 0.377701222897, 0.165013477206, 0.0502616763115, 0.0187868326902, 0.00775938527659, 0.00336313433945, 0.000523594615515, 2.50134999078e-05, 1.02947142295e-05, 6.98798521626e-06, 1.3636517906e-05],
        "min": [4.9704333346e-23, 3.32542181516e-22, 1.38850798137e-21, 2.64597023769e-21, 4.59217193046e-21, 1.70802440579e-20, 3.64574394298e-20, 4.99790830222e-20, 9.75623020237e-20, 9.36570854166e-20, 1.41171089434e-19, 1.89231316999e-19, 3.01076423875e-19, 4.94880188505e-19, 5.05455589239e-19, 9.71310320243e-19, 1.32819532758e-18, 1.62075194624e-18, 2.0804818701e-18, 2.51467807261e-18, 2.65937760435e-18, 3.82463789339e-18, 3.73324105315e-18, 5.38932157316e-18, 5.41523590098e-18, 6.712291911e-18, 8.21115889738e-18, 6.47335706875e-18, 8.95698298797e-18, 1.02841322423e-17, 1.07342012136e-17, 9.20095081065e-18, 8.2822434905e-18, 6.65676575802e-18, 5.5874855102e-18, 3.85209491306e-18, 2.15981490149e-18, 8.54597979245e-19, 2.31677728241e-19, 2.41873297977e-20],
        "var": [0.012387287803, 0.471084415913, 1.90857875347, 4.8501868248, 50.1557426453, 233.947784424, 479.725799561, 656.046264648, 968.285339355, 4081.06738281, 5739.2890625, 2174.44506836, 3233.95214844, 5875.80419922, 5944.68310547, 2551.13989258, 17334.0585938, 3086.3034668, 2233.98095703, 3107.01220703, 9112.98242188, 4099.86132812, 1256.1496582, 1391.06237793, 3132.21459961, 194.115737915, 50.6499710083, 172.212203979, 158.518096924, 450.260314941, 168.907852173, 11.7990894318, 6.21249628067, 0.574427306652, 0.0255932435393, 0.00119271723088, 0.000269864045549, 4.00443650506e-06, 1.26718857629e-09, 3.63888669197e-10]
    },
    "gfcc": {
        "mean": [-187.844985962, 114.310012817, -141.897842407, 19.1277332306, -65.6548919678, -3.54987430573, -36.6683502197, -3.37170314789, -14.3888120651, -13.3159370422, -4.50522041321, -6.75414466858, -7.03104925156],
        "cov": [[111734.195312, 11266.0068359, -16893.8984375, 2888.48193359, -7207.28710938, 251.927230835, -3864.61669922, 110.178230286, -1626.49621582, -1313.98718262, -449.895568848, -560.658508301, -644.278259277], [11266.0068359, 3124.9050293, -1402.79577637, 139.009658813, -524.189086914, -417.652526855, -233.98614502, -278.396240234, -18.0483951569, -365.783111572, 68.6060943604, -214.415420532, -104.257850647], [-16893.8984375, -1402.79577637, 3238.06005859, -258.035705566, 1045.31140137, -62.0457420349, 548.805480957, -70.7580871582, 258.535614014, 132.08605957, 49.5018424988, 94.9567260742, 54.9258460999], [2888.48193359, 139.009658813, -258.035705566, 525.606018066, -66.8417892456, 20.0074539185, -133.358413696, 15.7162914276, 14.4525213242, -62.7203292847, -34.083896637, 2.89964175224, 22.0575771332], [-7207.28710938, -524.189086914, 1045.31140137, -66.8417892456, 822.91809082, 3.32808446884, 306.589324951, 23.6391792297, 169.215393066, 138.649017334, 14.8743181229, 51.696056366, 90.3687133789], [251.927230835, -417.652526855, -62.0457420349, 20.0074539185, 3.32808446884, 377.828491211, 94.3710861206, 110.65675354, -38.9769363403, 145.770141602, -17.9777336121, 37.5492553711, 1.28115367889], [-3864.61669922, -233.98614502, 548.805480957, -133.358413696, 306.589324951, 94.3710861206, 416.466522217, 34.6074981689, 72.5251159668, 103.664955139, 72.8022918701, 28.4364738464, 15.3047704697], [110.178230286, -278.396240234, -70.7580871582, 15.7162914276, 23.6391792297, 110.65675354, 34.6074981689, 170.340362549, 3.54120802879, 75.9618225098, -6.80345058441, 34.0898475647, 13.5595111847], [-1626.49621582, -18.0483951569, 258.535614014, 14.4525213242, 169.215393066, -38.9769363403, 72.5251159668, 3.54120802879, 148.368927002, 29.9688606262, 11.0693387985, 2.07910180092, 32.8329353333], [-1313.98718262, -365.783111572, 132.08605957, -62.7203292847, 138.649017334, 145.770141602, 103.664955139, 75.9618225098, 29.9688606262, 238.580886841, -17.4569149017, 44.2116928101, 51.8967132568], [-449.895568848, 68.6060943604, 49.5018424988, -34.083896637, 14.8743181229, -17.9777336121, 72.8022918701, -6.80345058441, 11.0693387985, -17.4569149017, 125.0548172, 8.60089969635, -8.55223083496], [-560.658508301, -214.415420532, 94.9567260742, 2.89964175224, 51.696056366, 37.5492553711, 28.4364738464, 34.0898475647, 2.07910180092, 44.2116928101, 8.60089969635, 94.7250061035, 35.2614822388], [-644.278259277, -104.257850647, 54.9258460999, 22.0575771332, 90.3687133789, 1.28115367889, 15.3047704697, 13.5595111847, 32.8329353333, 51.8967132568, -8.55223083496, 35.2614822388, 113.883628845]],
        "icov": [[0.000332751718815, -0.000801620772108, 0.000849638308864, -0.000904597342014, 0.000975189090241, -0.000603316118941, 0.000669755390845, -0.000648202782031, 0.000518830027431, -0.000339986698236, 0.000434596004197, -0.00100157922134, 0.000482283561723], [-0.000801620772108, 0.00261333258823, -0.00169384037144, 0.00207994924858, -0.00228565139696, 0.00189398357179, -0.00195693573914, 0.0023293402046, -0.00166737521067, 0.00113131199032, -0.00124465837143, 0.0030537834391, -0.00102429871913], [0.000849638308864, -0.00169384037144, 0.00296826194972, -0.00221328740008, 0.00190194288734, -0.00126630498562, 0.00119567359798, -0.000848956289701, 0.000776740489528, -0.00058434373932, 0.00121456000488, -0.00278816907667, 0.00169537914917], [-0.000904597342014, 0.00207994924858, -0.00221328740008, 0.00486161746085, -0.0028493560385, 0.000839392479975, -0.0010080721695, 0.00146471592598, -0.00230692350306, 0.00204015034251, -0.000869746610988, 0.00231428374536, -0.00192145968322], [0.000975189090241, -0.00228565139696, 0.00190194288734, -0.0028493560385, 0.00572736188769, -0.00135722546838, 0.00083600054495, -0.00208068522625, 0.000289514340693, -0.00158578297123, 0.00172740104608, -0.00285201845691, 0.000316935154842], [-0.000603316118941, 0.00189398357179, -0.00126630498562, 0.000839392479975, -0.00135722546838, 0.00610090326518, -0.0027346292045, 2.71666121989e-05, 0.000527476251591, -0.00172223744448, -0.000248373922659, 0.00183886254672, 0.000186249846593], [0.000669755390845, -0.00195693573914, 0.00119567359798, -0.0010080721695, 0.00083600054495, -0.0027346292045, 0.00638566259295, -0.00186678371392, 0.000495122454595, -0.0013279580744, -0.00158001040109, -0.00198425748385, 0.00130569678731], [-0.000648202782031, 0.0023293402046, -0.000848956289701, 0.00146471592598, -0.00208068522625, 2.71666121989e-05, -0.00186678371392, 0.0102916061878, -0.00228973664343, -0.000250616983976, -0.000858929764945, 0.000539492815733, -0.000189824713743], [0.000518830027431, -0.00166737521067, 0.000776740489528, -0.00230692350306, 0.000289514340693, 0.000527476251591, 0.000495122454595, -0.00228973664343, 0.0112849660218, -0.00189868838061, 0.00016014619905, -0.000152394655743, -0.000877672282513], [-0.000339986698236, 0.00113131199032, -0.00058434373932, 0.00204015034251, -0.00158578297123, -0.00172223744448, -0.0013279580744, -0.000250616983976, -0.00189868838061, 0.0084130326286, 0.000781285925768, 0.000196485954802, -0.00280360737815], [0.000434596004197, -0.00124465837143, 0.00121456000488, -0.000869746610988, 0.00172740104608, -0.000248373922659, -0.00158001040109, -0.000858929764945, 0.00016014619905, 0.000781285925768, 0.010564413853, -0.00329299201258, 0.00125929876231], [-0.00100157922134, 0.0030537834391, -0.00278816907667, 0.00231428374536, -0.00285201845691, 0.00183886254672, -0.00198425748385, 0.000539492815733, -0.000152394655743, 0.000196485954802, -0.00329299201258, 0.0176761243492, -0.00529515231028], [0.000482283561723, -0.00102429871913, 0.00169537914917, -0.00192145968322, 0.000316935154842, 0.000186249846593, 0.00130569678731, -0.000189824713743, -0.000877672282513, -0.00280360737815, 0.00125929876231, -0.00529515231028, 0.0129843633622]]
    },
    "melbands": {
        "dmean": [0.00011549739429, 0.000118884890981, 0.000118886659038, 0.000167256250279, 0.000130333952256, 0.000143990924698, 0.000125777165522, 0.000185870434507, 0.000112278903543, 6.77066345816e-05, 6.50276997476e-05, 7.14570996934e-05, 5.51574157726e-05, 3.83007936762e-05, 3.1701169064e-05, 4.58223221358e-05, 2.19805388042e-05, 1.71749998117e-05, 1.49690167746e-05, 1.97315275727e-05, 1.77404108399e-05, 9.62371450441e-06, 8.83529264684e-06, 6.6714105742e-06, 5.09077335664e-06, 6.39616700937e-06, 3.98831343773e-06, 1.5740552044e-06, 8.02330703209e-07, 8.97070378869e-07, 8.76097601576e-07, 1.10778944418e-06, 1.0666271919e-06, 1.27632711155e-06, 8.94033064469e-07, 3.34903916155e-07, 2.44098572466e-07, 2.25111335794e-07, 1.20494249245e-07, 6.27060074976e-08],
        "dmean2": [0.000195474509383, 0.000189965154277, 0.000188802630873, 0.000250669749221, 0.000199090485694, 0.00021438060503, 0.000190726976143, 0.00028444029158, 0.000159495757543, 0.00010359960288, 0.000100758596091, 0.00010606298747, 8.40132051962e-05, 5.82728353038e-05, 4.89925441798e-05, 6.99857700965e-05, 3.45628650393e-05, 2.79030828096e-05, 2.35917013924e-05, 3.05292269331e-05, 2.67539016932e-05, 1.46124366438e-05, 1.42712769957e-05, 1.06507523014e-05, 8.01291389507e-06, 9.89751151792e-06, 6.09129801887e-06, 2.50659127232e-06, 1.2823270481e-06, 1.4042013845e-06, 1.34761023673e-06, 1.71071110344e-06, 1.56838098064e-06, 1.89256741123e-06, 1.32784225571e-06, 4.97211203765e-07, 3.63584376828e-07, 3.49762018459e-07, 1.74681204612e-07, 9.48704368398e-08],
        "dvar": [6.17891316779e-07, 3.49475328676e-07, 1.02295501847e-07, 1.73017511429e-07, 1.30230020545e-07, 8.70025544941e-08, 9.62152384432e-08, 1.95057154428e-07, 1.05961731833e-07, 3.19770379065e-08, 2.96625781715e-08, 3.29614593397e-08, 1.70479452777e-08, 1.0196690603e-08, 1.02320658613e-08, 2.7057414087e-08, 4.52983739407e-09, 2.23039431368e-09, 1.96748106696e-09, 4.81497375304e-09, 4.7227799449e-09, 9.75192704367e-10, 4.38495378896e-10, 3.83998305375e-10, 2.3105337088e-10, 4.23156260032e-10, 1.59614418904e-10, 2.8384850026e-11, 9.1161115115e-12, 5.7448667351e-11, 4.35772980201e-11, 3.90203702683e-11, 3.69508833253e-11, 1.44881037722e-10, 7.13095693605e-11, 4.44059502711e-12, 2.24658638047e-12, 2.38919886479e-12, 5.83816523771e-13, 1.52542380311e-13],
        "dvar2": [1.50484106598e-06, 8.80441461959e-07, 2.7313168971e-07, 3.54774499556e-07, 3.03578474359e-07, 2.02744715239e-07, 2.30785062172e-07, 4.60080684661e-07, 2.09132323903e-07, 7.28218836343e-08, 6.82941063701e-08, 7.1205789709e-08, 3.640591828e-08, 2.2216868345e-08, 2.2180518755e-08, 5.72842395741e-08, 1.02079917852e-08, 5.57243007293e-09, 4.20953005786e-09, 1.05554294194e-08, 9.27189969246e-09, 1.98913951976e-09, 1.07241593383e-09, 9.13534137226e-10, 5.41429845402e-10, 9.41031585988e-10, 3.5344049909e-10, 6.99983335184e-11, 2.29258070861e-11, 1.47197615208e-10, 9.14275738451e-11, 8.92188614654e-11, 7.31732521797e-11, 2.86287216156e-10, 1.58708879372e-10, 8.79937876036e-12, 4.15816599902e-12, 5.18304713384e-12, 1.08667957445e-12, 3.0372823397e-13],
        "max": [0.0267905797809, 0.0227769576013, 0.0119520854205, 0.0233029276133, 0.0147765679285, 0.00609539449215, 0.00866247713566, 0.00891321711242, 0.00938505213708, 0.00618273671716, 0.00461044861004, 0.00399805186316, 0.00401482312009, 0.00256638904102, 0.00336733250879, 0.00469774426892, 0.00202558841556, 0.000961487763561, 0.00140953098889, 0.00271273031831, 0.00268652057275, 0.00198370218277, 0.000443054712377, 0.000659430923406, 0.000537203450222, 0.000548475130927, 0.000292897399049, 0.000191787010408, 8.83765387698e-05, 0.000386240833905, 0.000363445607945, 0.000325435830746, 0.000264757400146, 0.000612105824985, 0.000428088416811, 0.000105041173811, 5.19345812791e-05, 5.86193928029e-05, 2.75532438536e-05, 1.17477175081e-05],
        "mean": [0.000178076064913, 0.000255401275354, 0.000279529253021, 0.000405514321756, 0.000308911781758, 0.000318786478601, 0.000285456655547, 0.000379453296773, 0.000218590488657, 0.000130964355776, 0.000130009604618, 0.000144185687532, 0.000110419146949, 7.315883704e-05, 6.27963745501e-05, 8.28670454212e-05, 3.73847797164e-05, 3.00223618979e-05, 2.86142567347e-05, 3.96848517994e-05, 4.12733570556e-05, 2.41897614615e-05, 1.94167896552e-05, 1.40136398841e-05, 1.22227129395e-05, 1.7911193936e-05, 9.46925956669e-06, 2.9362386158e-06, 1.43896397731e-06, 1.374794806e-06, 1.3555162468e-06, 1.775663236e-06, 1.85041676559e-06, 1.88614001218e-06, 1.29258580728e-06, 5.33206957698e-07, 3.99405053031e-07, 3.72267692228e-07, 1.88346234609e-07, 9.28858057136e-08],
        "median": [9.06975583348e-06, 3.57101016562e-05, 8.92197567737e-05, 0.000161864270922, 0.000120726617752, 0.000120836586575, 7.93020808487e-05, 0.000108475964225, 4.15118338424e-05, 3.37437741109e-05, 3.07465088554e-05, 2.6006349799e-05, 2.60439264821e-05, 1.82036601473e-05, 8.66745449457e-06, 1.2939579392e-05, 8.30475437397e-06, 8.19175329525e-06, 6.65922652843e-06, 6.3915103965e-06, 4.53132088296e-06, 3.9860956349e-06, 4.63842980025e-06, 3.44381760442e-06, 2.40182771449e-06, 1.87638318039e-06, 1.13759892884e-06, 4.1085831981e-07, 2.60924878148e-07, 1.67571272414e-07, 1.62770604106e-07, 2.45377350439e-07, 2.02921825121e-07, 1.75396067448e-07, 9.4182389887e-08, 4.37602878378e-08, 2.14667608134e-08, 1.3070716065e-08, 7.31797200615e-09, 4.70260363983e-09],
        "min": [5.83027274919e-25, 6.9048748515e-25, 8.28409263413e-25, 9.92842684548e-25, 1.17954702954e-24, 9.3876774861e-25, 1.43979707395e-24, 7.68209266279e-25, 9.1109016932e-25, 9.16759811253e-25, 1.24442709191e-24, 1.41276961465e-24, 1.49212773982e-24, 1.47698959766e-24, 2.05088353962e-24, 1.9882539002e-24, 2.44377571347e-24, 1.96704123325e-24, 2.08339387803e-24, 2.09051689758e-24, 2.79624034364e-24, 2.84654343977e-24, 3.04856282899e-24, 2.50182463482e-24, 3.13069942087e-24, 3.21058046221e-24, 3.32292746853e-24, 3.71724748062e-24, 4.30585486176e-24, 2.73009139851e-24, 3.16608870715e-24, 3.71582831985e-24, 5.48645186517e-24, 4.30366419502e-24, 4.87165942957e-24, 4.44909267505e-24, 4.90639534181e-24, 4.84806578318e-24, 5.13992065229e-24, 4.56106280308e-24],
        "var": [8.56907149682e-07, 5.78243771088e-07, 2.54562792179e-07, 6.3017029106e-07, 4.43450289822e-07, 2.74449320159e-07, 3.04715882748e-07, 5.79493075747e-07, 3.24163551113e-07, 8.56017905448e-08, 8.59421831478e-08, 1.04394686673e-07, 5.90977542458e-08, 3.06430614216e-08, 3.70085366797e-08, 8.32024227293e-08, 9.64888524635e-09, 5.25660004413e-09, 4.90472729098e-09, 1.43740424008e-08, 1.7596660129e-08, 7.68299823761e-09, 1.49489731704e-09, 8.46164915913e-10, 9.21032194956e-10, 2.71606737101e-09, 5.94586657687e-10, 5.59778577658e-11, 1.67238063675e-11, 5.59572561898e-11, 5.69502535408e-11, 5.45896175486e-11, 6.37641259238e-11, 2.34301023028e-10, 9.58787285676e-11, 7.34250334145e-12, 4.46408578506e-12, 4.53900415517e-12, 1.09072050437e-12, 2.65586408118e-13]
    },
    "mfcc": {
        "mean": [-749.93157959, 129.743743896, -22.4685535431, 12.2214727402, -9.94693565369, -6.60607242584, -14.8802976608, 3.6045525074, -13.4137563705, -3.55636501312, -2.30720996857, -6.89344263077, -0.37112185359],
        "cov": [[27122.6035156, 4486.11376953, -2623.1796875, 801.910400391, -619.781433105, 32.4911193848, -519.933532715, 710.932617188, -551.158752441, 151.485961914, -43.7525520325, -292.572753906, 175.340805054], [4486.11376953, 3458.16577148, -178.81678772, 362.535064697, -133.557113647, -132.172271729, -187.342590332, 34.4930114746, -229.532699585, -99.0018005371, 10.3594369888, -97.2977294922, -14.5951728821], [-2623.1796875, -178.81678772, 952.005065918, 44.1500740051, 59.7131004333, 3.54935383797, -9.12048149109, -51.3907546997, -27.4669952393, -68.9624938965, 6.3199877739, -11.1404857635, -38.4771118164], [801.910400391, 362.535064697, 44.1500740051, 459.615570068, 126.269500732, -2.67319226265, -98.4981460571, 38.90259552, 11.6501283646, -56.3067512512, -32.881942749, -21.0346126556, 32.5416183472], [-619.781433105, -133.557113647, 59.7131004333, 126.269500732, 320.400024414, 4.14956235886, -47.8842353821, -35.643032074, 75.3021011353, -25.4745788574, -32.6269836426, 15.5019979477, 10.1589307785], [32.4911193848, -132.172271729, 3.54935383797, -2.67319226265, 4.14956235886, 245.636474609, 112.090934753, 4.53448867798, 95.5760650635, 51.7487411499, 25.6725635529, 71.1665115356, 3.19690990448], [-519.933532715, -187.342590332, -9.12048149109, -98.4981460571, -47.8842353821, 112.090934753, 239.660629272, 29.3249816895, 44.694393158, 70.8201522827, 46.2192687988, 65.4199905396, -2.0150077343], [710.932617188, 34.4930114746, -51.3907546997, 38.90259552, -35.643032074, 4.53448867798, 29.3249816895, 189.540634155, -58.6057472229, 27.236158371, 28.5316295624, -24.7951183319, 10.0196990967], [-551.158752441, -229.532699585, -27.4669952393, 11.6501283646, 75.3021011353, 95.5760650635, 44.694393158, -58.6057472229, 250.27053833, 35.180973053, -3.49092626572, 78.1175918579, 37.5879707336], [151.485961914, -99.0018005371, -68.9624938965, -56.3067512512, -25.4745788574, 51.7487411499, 70.8201522827, 27.236158371, 35.180973053, 131.927322388, 39.9894485474, 29.0579013824, 7.97469568253], [-43.7525520325, 10.3594369888, 6.3199877739, -32.881942749, -32.6269836426, 25.6725635529, 46.2192687988, 28.5316295624, -3.49092626572, 39.9894485474, 95.510269165, 24.3297786713, 0.72137928009], [-292.572753906, -97.2977294922, -11.1404857635, -21.0346126556, 15.5019979477, 71.1665115356, 65.4199905396, -24.7951183319, 78.1175918579, 29.0579013824, 24.3297786713, 119.331855774, 23.9012413025], [175.340805054, -14.5951728821, -38.4771118164, 32.5416183472, 10.1589307785, 3.19690990448, -2.0150077343, 10.0196990967, 37.5879707336, 7.97469568253, 0.72137928009, 23.9012413025, 86.8285293579]],
