{
"lowlevel": {
    "average_loudness": 0.905600905418,
    "barkbands_crest": {
        "dmean": 1.98734557629,
        "dmean2": 3.19316625595,
        "dvar": 3.76301717758,
        "dvar2": 9.18253612518,
        "max": 25.6947193146,
        "mean": 9.08242988586,
        "median": 7.76327371597,
        "min": 2.50998902321,
        "var": 18.2694587708
    },
    "barkbands_flatness_db": {
        "dmean": 0.0170612558722,
        "dmean2": 0.0255337283015,
        "dvar": 0.000258999294601,
        "dvar2": 0.000566588423681,
        "max": 0.38331875205,
        "mean": 0.146165132523,
        "median": 0.135851830244,
        "min": 0.0297728758305,
        "var": 0.00306307082064
    },
    "barkbands_kurtosis": {
        "dmean": 1.83776545525,
        "dmean2": 2.80677294731,
        "dvar": 13.8379859924,
        "dvar2": 28.7858848572,
        "max": 155.081665039,
        "mean": 3.37779116631,
        "median": 0.823795557022,
        "min": -1.9454549551,
        "var": 66.0488739014
    },
    "barkbands_skewness": {
        "dmean": 0.392940700054,
        "dmean2": 0.591652035713,
        "dvar": 0.182495757937,
        "dvar2": 0.391027837992,
        "max": 10.5756006241,
        "mean": 0.898147106171,
        "median": 0.832458972931,
        "min": -3.22308635712,
        "var": 1.84559583664
    },
    "barkbands_spread": {
        "dmean": 4.49232673645,
        "dmean2": 6.90082836151,
        "dvar": 38.2501335144,
        "dvar2": 77.8290100098,
        "max": 102.765937805,
        "mean": 22.5237693787,
        "median": 21.7283935547,
        "min": 0.685562908649,
        "var": 174.724746704
    },
    "dissonance": {
        "dmean": 0.0170483049005,
        "dmean2": 0.0286750718951,
        "dvar": 0.000302851112792,
        "dvar2": 0.000819641514681,
        "max": 0.500000059605,
        "mean": 0.460577577353,
        "median": 0.469201475382,
        "min": 0.221191048622,
        "var": 0.00110666034743
    },
    "dynamic_complexity": 2.47136998177,
    "erbbands_crest": {
        "dmean": 2.39676237106,
        "dmean2": 3.82741689682,
        "dvar": 5.5244641304,
        "dvar2": 13.307926178,
        "max": 31.1094532013,
        "mean": 10.0948638916,
        "median": 8.95295715332,
        "min": 2.59801697731,
        "var": 26.7053775787
    },
    "erbbands_flatness_db": {
        "dmean": 0.0163215659559,
        "dmean2": 0.0234333071858,
        "dvar": 0.000232902282733,
        "dvar2": 0.000470816681627,
        "max": 0.345111995935,
        "mean": 0.181585028768,
        "median": 0.183565169573,
        "min": 0.070508107543,
        "var": 0.00222999905236
    },
    "erbbands_kurtosis": {
        "dmean": 1.04395031929,
        "dmean2": 1.62986695766,
        "dvar": 4.35274744034,
        "dvar2": 9.67338657379,
        "max": 58.3184585571,
        "mean": 1.11184167862,
        "median": -0.00108814239502,
        "min": -1.91673076153,
        "var": 18.9506778717
    },
    "erbbands_skewness": {
        "dmean": 0.338014394045,
        "dmean2": 0.510543704033,
        "dvar": 0.142663583159,
        "dvar2": 0.280787855387,
        "max": 7.01345348358,
        "mean": 0.228860080242,
        "median": 0.117579959333,
        "min": -4.277551651,
        "var": 1.21028029919
    },
    "erbbands_spread": {
        "dmean": 6.09617471695,
        "dmean2": 9.37733650208,
        "dvar": 58.0974884033,
        "dvar2": 132.004928589,
        "max": 154.320663452,
        "mean": 33.0994758606,
        "median": 30.5635795593,
        "min": 2.81135797501,
        "var": 264.213684082
    },
    "hfc": {
        "dmean": 5.35215520859,
        "dmean2": 7.75751543045,
        "dvar": 63.2446861267,
        "dvar2": 120.952560425,
        "max": 168.153594971,
        "mean": 20.9927043915,
        "median": 15.8802909851,
        "min": 1.04947296138e-16,
        "var": 335.490570068
    },
    "melbands_crest": {
        "dmean": 2.39866399765,
        "dmean2": 3.88622140884,
        "dvar": 5.33550262451,
        "dvar2": 13.4659576416,
        "max": 31.1922645569,
        "mean": 11.0366792679,
        "median": 10.3079166412,
        "min": 1.01393640041,
        "var": 26.9616374969
    },
    "melbands_flatness_db": {
        "dmean": 0.018557170406,
        "dmean2": 0.027404172346,
        "dvar": 0.000391974550439,
        "dvar2": 0.000820001470856,
        "max": 0.474243193865,
        "mean": 0.177581220865,
        "median": 0.169699147344,
        "min": 5.09092501488e-07,
        "var": 0.00691820587963
    },
    "melbands_kurtosis": {
        "dmean": 3.50545620918,
        "dmean2": 5.40444564819,
        "dvar": 42.0397338867,
        "dvar2": 97.9690856934,
        "max": 216.543701172,
        "mean": 7.75936841965,
        "median": 3.24416923523,
        "min": -1.89695000648,
        "var": 161.881256104
    },
    "melbands_skewness": {
        "dmean": 0.475314050913,
        "dmean2": 0.728157758713,
        "dvar": 0.258344858885,
        "dvar2": 0.588819503784,
        "max": 8.33913230896,
        "mean": 1.77719557285,
        "median": 1.63189089298,
        "min": -1.82213509083,
        "var": 1.76775527
    },
    "melbands_spread": {
        "dmean": 7.0406999588,
        "dmean2": 10.8699274063,
        "dvar": 111.598022461,
        "dvar2": 226.692169189,
        "max": 239.273178101,
        "mean": 36.2189750671,
        "median": 26.7289657593,
        "min": 0.913807868958,
        "var": 1146.20471191
    },
    "pitch_salience": {
        "dmean": 0.0547870695591,
        "dmean2": 0.086211964488,
        "dvar": 0.00255741947331,
        "dvar2": 0.00616160780191,
        "max": 0.997580349445,
        "mean": 0.579573154449,
        "median": 0.575719058514,
        "min": 0.171984344721,
        "var": 0.0159896835685
    },
    "silence_rate_20dB": {
        "dmean": 0,
        "dmean2": 0,
        "dvar": 0,
        "dvar2": 0,
        "max": 1,
        "mean": 1,
        "median": 1,
        "min": 1,
        "var": 0
    },
    "silence_rate_30dB": {
        "dmean": 0,
        "dmean2": 0,
        "dvar": 0,
        "dvar2": 0,
        "max": 1,
        "mean": 1,
        "median": 1,
        "min": 1,
        "var": 0
    },
    "silence_rate_60dB": {
        "dmean": 0.00831792969257,
        "dmean2": 0.0166377816349,
        "dvar": 0.00824826117605,
        "dvar2": 0.0193630568683,
        "max": 1,
        "mean": 0.110199838877,
        "median": 0,
        "min": 0,
        "var": 0.0980579778552
    },
    "spectral_centroid": {
        "dmean": 221.91065979,
        "dmean2": 337.073455811,
        "dvar": 82890.96875,
        "dvar2": 163897,
        "max": 12112.2734375,
        "mean": 2148.15356445,
        "median": 1551.8137207,
        "min": 239.050460815,
        "var": 6417926.5
    },
    "spectral_complexity": {
        "dmean": 2.81608128548,
        "dmean2": 4.40231084824,
        "dvar": 10.5604381561,
        "dvar2": 23.0806598663,
        "max": 49,
        "mean": 17.2430400848,
        "median": 17,
        "min": 0,
        "var": 90.4616470337
    },
    "spectral_decrease": {
        "dmean": 1.36067557222e-09,
        "dmean2": 2.02817296291e-09,
        "dvar": 2.81160013696e-18,
        "dvar2": 6.2152953292e-18,
        "max": 2.49088103057e-28,
        "mean": -5.44829692473e-09,
        "median": -5.22384624446e-09,
        "min": -2.5970690487e-08,
        "var": 1.30959019512e-17
    },
    "spectral_energy": {
        "dmean": 0.00548191042617,
        "dmean2": 0.00814914051443,
        "dvar": 4.44033321401e-05,
        "dvar2": 9.74724534899e-05,
        "max": 0.100873991847,
        "mean": 0.0224672239274,
        "median": 0.0214913114905,
        "min": 9.80855018391e-21,
        "var": 0.000216221014853
    },
    "spectral_energyband_high": {
        "dmean": 0.000318157573929,
        "dmean2": 0.000461356394226,
        "dvar": 6.06009166404e-07,
        "dvar2": 1.09291352146e-06,
        "max": 0.017750903964,
        "mean": 0.000740608607884,
        "median": 0.000303145905491,
        "min": 6.95654048396e-21,
        "var": 1.8657453893e-06
    },
    "spectral_energyband_low": {
        "dmean": 0.00220055575483,
        "dmean2": 0.00347845605575,
        "dvar": 1.7509682948e-05,
        "dvar2": 4.26716324e-05,
        "max": 0.0574725717306,
        "mean": 0.00471850112081,
        "median": 0.00291757122613,
        "min": 6.09784431026e-24,
        "var": 3.57975368388e-05
    },
    "spectral_energyband_middle_high": {
        "dmean": 0.00192072743084,
        "dmean2": 0.00281758187339,
        "dvar": 8.58251678437e-06,
        "dvar2": 1.78209629667e-05,
        "max": 0.0521750599146,
        "mean": 0.00669438811019,
        "median": 0.00358003773727,
        "min": 1.03178583733e-21,
        "var": 5.48688585695e-05
    },
    "spectral_energyband_middle_low": {
        "dmean": 0.0033991492819,
        "dmean2": 0.00517035461962,
        "dvar": 1.98329998966e-05,
        "dvar2": 4.49908402516e-05,
        "max": 0.0746055096388,
        "mean": 0.0110267288983,
        "median": 0.00899713672698,
        "min": 1.42433241437e-22,
        "var": 8.35876053316e-05
    },
    "spectral_entropy": {
        "dmean": 0.13740631938,
        "dmean2": 0.196996569633,
        "dvar": 0.0239309482276,
        "dvar2": 0.046100102365,
        "max": 9.82582187653,
        "mean": 7.54998922348,
        "median": 7.50159740448,
        "min": 5.10332345963,
        "var": 0.617895007133
    },
    "spectral_flux": {
        "dmean": 0.017872530967,
        "dmean2": 0.0282728560269,
        "dvar": 0.000373248272808,
        "dvar2": 0.000865586451255,
        "max": 0.257988065481,
        "mean": 0.0707393288612,
        "median": 0.0696580186486,
        "min": 6.28934196389e-11,
        "var": 0.00160332908854
    },
    "spectral_kurtosis": {
        "dmean": 1.6346462965,
        "dmean2": 2.80638813972,
        "dvar": 3.91273665428,
        "dvar2": 11.1373300552,
        "max": 35.8374023438,
        "mean": 4.46164035797,
        "median": 4.00161981583,
        "min": -1.58684468269,
        "var": 12.6455898285
    },
    "spectral_rms": {
        "dmean": 0.000537327083293,
        "dmean2": 0.000787967117503,
        "dvar": 3.44641790662e-07,
        "dvar2": 7.07246442744e-07,
        "max": 0.00992036517709,
        "mean": 0.00429411185905,
        "median": 0.00457898806781,
        "min": 3.09343132707e-12,
        "var": 3.47988429894e-06
    },
    "spectral_rolloff": {
        "dmean": 391.751953125,
        "dmean2": 642.514831543,
        "dvar": 573345,
        "dvar2": 1092632.625,
        "max": 19853.6132812,
        "mean": 2918.25927734,
        "median": 1636.5234375,
        "min": 86.1328125,
        "var": 20825318
    },
    "spectral_skewness": {
        "dmean": 0.209338620305,
        "dmean2": 0.342116445303,
        "dvar": 0.0486174412072,
        "dvar2": 0.118724569678,
        "max": 4.5656042099,
        "mean": 1.42354679108,
        "median": 1.42119467258,
        "min": -0.315845906734,
        "var": 0.402570426464
    },
    "spectral_spread": {
        "dmean": 473799.875,
        "dmean2": 705734.625,
        "dvar": 539160182784,
        "dvar2": 1.08384465715e+12,
        "max": 42905812,
        "mean": 6526186.5,
        "median": 3785740.25,
        "min": 1591304,
        "var": 8.89399562732e+13
    },
    "spectral_strongpeak": {
        "dmean": 0.71990519762,
        "dmean2": 1.20495402813,
        "dvar": 1.42820155621,
        "dvar2": 3.59313797951,
        "max": 12.1371173859,
        "mean": 1.41758286953,
        "median": 0.79321873188,
        "min": 0,
        "var": 3.15518403053
    },
    "zerocrossingrate": {
        "dmean": 0.00878201145679,
        "dmean2": 0.0104405302554,
        "dvar": 0.000187468453078,
        "dvar2": 0.000193714309717,
        "max": 0.8408203125,
        "mean": 0.0931680351496,
        "median": 0.0615234375,
        "min": 0.0068359375,
        "var": 0.0138738993555
    },
    "barkbands": {
        "dmean": [8.7534004706e-05, 0.00151445774827, 0.000946439569816, 0.000499754445627, 0.0012289439328, 0.00143682165071, 0.000891354808118, 0.000424507714342, 0.000476233573863, 0.000536371720955, 0.000342873419868, 0.000344909174601, 0.000304882385535, 0.000480633723782, 0.00043162991642, 0.000333587493515, 0.000320084101986, 0.00016645512369, 0.000250438810326, 0.000166287572938, 7.91437269072e-05, 7.80022455729e-05, 6.4021864091e-05, 5.2292849432e-05, 2.28158442042e-05, 8.01065289124e-06, 1.840442998e-08],
        "dmean2": [0.000149370840518, 0.0024466519244, 0.00152127759065, 0.000798494089395, 0.00193435919937, 0.00218988605775, 0.00137669069227, 0.000656195392366, 0.000737805501558, 0.000820665212814, 0.000527928583324, 0.000525834795553, 0.000469567807158, 0.00074990966823, 0.000668485823553, 0.00052824174054, 0.000509320234414, 0.000261028384557, 0.000385118095437, 0.000259674037807, 0.000123974634334, 0.000115208000352, 9.40733007155e-05, 7.73655556259e-05, 3.26021545334e-05, 1.14590839075e-05, 3.13691295162e-08],
        "dvar": [2.79178156148e-08, 1.09318189061e-05, 4.51935329693e-06, 7.11936138487e-07, 4.5198044063e-06, 6.43689281787e-06, 4.92664457852e-06, 1.41056557368e-06, 1.72199952431e-06, 1.67330654222e-06, 1.04504226783e-06, 1.03871786905e-06, 6.06135870385e-07, 1.43636441408e-06, 1.43660599861e-06, 8.83149482434e-07, 5.48214870832e-07, 1.30597314296e-07, 2.81328908613e-07, 1.44875997421e-07, 3.25765832088e-08, 9.01024392874e-08, 5.37647260046e-08, 7.12187713248e-08, 6.50970832794e-09, 7.54933393576e-10, 1.88261661441e-14],
        "dvar2": [7.53961231226e-08, 2.75989841612e-05, 1.14325293907e-05, 1.74796309693e-06, 1.08581716631e-05, 1.44177065522e-05, 1.07658925117e-05, 3.01639170175e-06, 3.99049986299e-06, 3.8256539483e-06, 2.20622359848e-06, 2.39800010604e-06, 1.38147117923e-06, 3.26422946273e-06, 3.2993602872e-06, 2.08366964216e-06, 1.26967552205e-06, 3.01070429032e-07, 6.45666887067e-07, 3.24562932974e-07, 7.48895843117e-08, 1.95156857785e-07, 1.03814976171e-07, 1.50476353156e-07, 1.13674669677e-08, 1.37149469559e-09, 4.54267123863e-14],
        "max": [0.00308062788099, 0.0459182336926, 0.032865896821, 0.0173042863607, 0.0489552021027, 0.0526486523449, 0.0498411022127, 0.035046402365, 0.0364804789424, 0.0285986308008, 0.0392946787179, 0.0260764621198, 0.020228639245, 0.0314981751144, 0.0334369204938, 0.0279636513442, 0.0177953802049, 0.00804853625596, 0.0174477603287, 0.0112319644541, 0.0058672465384, 0.0101961186156, 0.00814474001527, 0.00883984751999, 0.00325380521826, 0.000986615894362, 6.90231217959e-06],
        "mean": [0.000114922368084, 0.00258209533058, 0.00153631251305, 0.000945730193052, 0.0026529203169, 0.00357745611109, 0.00180962076411, 0.00071792647941, 0.000901774794329, 0.000997666385956, 0.000594241428189, 0.000646507600322, 0.000543860194739, 0.00090258999262, 0.000860555272084, 0.000657301221509, 0.000639494450297, 0.000329972244799, 0.000550883298274, 0.000383973267162, 0.000150096282596, 0.000125414459035, 0.000106126768515, 8.94180702744e-05, 3.95510978706e-05, 1.07787473098e-05, 1.52421542055e-08],
        "median": [3.94393355236e-05, 0.00136386265513, 0.000637918768916, 0.00045522628352, 0.00147607631516, 0.00170746084768, 0.000538322434295, 0.000254203594523, 0.000256503815763, 0.000241281843046, 0.000127150648041, 0.000128330881125, 0.000106109044282, 0.00016322954616, 0.000167020029039, 0.000163622113178, 0.000179598922841, 0.000140731644933, 0.000167345540831, 0.000106167353806, 5.93332733843e-05, 3.79944212909e-05, 3.05228459183e-05, 2.47960633715e-05, 1.2101791981e-05, 1.4385848317e-06, 7.39007022243e-10],
        "min": [1.22741086915e-25, 7.00975144366e-25, 7.13511524656e-25, 7.74916704037e-25, 5.93676995747e-24, 3.98936820532e-24, 6.81926076353e-24, 3.31929555292e-24, 1.35141465613e-23, 1.21048639091e-23, 1.10005619825e-23, 1.54574344038e-23, 2.07504638859e-23, 1.89356136428e-23, 3.85221921492e-23, 4.24033751811e-23, 6.49391559355e-23, 8.36839741021e-23, 8.82545332127e-23, 1.37658323176e-22, 1.9434256092e-22, 2.63049922384e-22, 3.3745510626e-22, 5.19355727739e-22, 8.19137563468e-22, 1.26261547442e-21, 1.88624947566e-21],
        "var": [4.25502868495e-08, 1.52583979798e-05, 7.33149863663e-06, 2.07931884688e-06, 1.44581645145e-05, 3.14240387524e-05, 1.67728903762e-05, 2.87624607154e-06, 4.75578281112e-06, 4.45196610599e-06, 2.5910860586e-06, 2.77680351246e-06, 1.75365494215e-06, 4.86013914269e-06, 5.38627591595e-06, 2.75044112641e-06, 1.88628484921e-06, 3.21274882253e-07, 8.84734163265e-07, 5.75568890326e-07, 6.95484274615e-08, 1.55898717935e-07, 1.1555470536e-07, 1.37904464736e-07, 1.8362888099e-08, 1.90085880369e-09, 2.28869725363e-14]
    },
    "erbbands": {
        "dmean": [0.0410139970481, 0.367443531752, 0.997466623783, 1.3431828022, 2.35267448425, 4.6640458107, 8.6056098938, 13.2692995071, 14.7281427383, 8.77235603333, 9.04629898071, 10.6725997925, 16.6790466309, 13.523062706, 11.517742157, 14.3601388931, 13.1179981232, 21.28099823, 22.4374694824, 18.7877025604, 17.7357444763, 15.2923355103, 7.86552429199, 12.8664884567, 9.43890380859, 7.46035814285, 4.75414609909, 1.99739968777, 2.57751011848, 2.75882315636, 1.6667034626, 1.06502532959, 0.925490617752, 0.345180094242, 0.124946154654, 0.0519250333309, 0.0126360720024, 0.000500143039972, 1.51953508976e-05, 7.20954903954e-06],
        "dmean2": [0.0670720338821, 0.590824842453, 1.59425115585, 2.11840462685, 3.71258759499, 7.44886159897, 13.036034584, 20.2036876678, 22.6927394867, 13.7761526108, 13.8536911011, 16.6214160919, 25.3440551758, 20.758523941, 17.1500720978, 22.3775863647, 19.9967670441, 32.89661026, 34.4144859314, 28.9813556671, 27.5588226318, 23.8881721497, 12.3064079285, 19.7261714935, 14.5182361603, 11.6525354385, 7.31157588959, 3.12369394302, 3.92596459389, 4.11622238159, 2.42555236816, 1.5411375761, 1.37424957752, 0.490002661943, 0.181507974863, 0.0760627910495, 0.0181793570518, 0.000713938032277, 2.09101835935e-05, 1.05568869913e-05],
        "dvar": [0.00705632939935, 0.655142426491, 4.8442492485, 5.11772203445, 15.4182939529, 89.3583679199, 234.422210693, 671.987426758, 1329.95007324, 525.065002441, 570.212036133, 1102.26660156, 1937.69287109, 1066.99707031, 988.564086914, 2068.00805664, 1107.99536133, 2668.97949219, 3943.17089844, 2627.59375, 2025.76916504, 1255.30505371, 263.226867676, 721.897460938, 514.755187988, 284.873779297, 112.626037598, 25.7750587463, 122.158905029, 90.3425064087, 42.9708824158, 20.3489685059, 27.9991836548, 2.08557343483, 0.164523184299, 0.0286394022405, 0.00216410076246, 5.73182296648e-06, 2.86821122408e-09, 8.18861228824e-11],
        "dvar2": [0.0186425987631, 1.63759088516, 12.2378511429, 12.4202861786, 36.4355888367, 218.82989502, 520.499023438, 1506.29248047, 2953.75683594, 1220.55078125, 1264.66967773, 2583.98291016, 4576.96386719, 2332.52392578, 2070.09716797, 5124.07275391, 2533.59448242, 5990.52734375, 9459.57226562, 5900.28710938, 4336.58154297, 2663.41943359, 605.995056152, 1599.33520508, 1231.0982666, 659.791015625, 256.290710449, 58.3674163818, 277.650390625, 185.793869019, 78.777885437, 36.9095840454, 61.5678138733, 3.73076534271, 0.33684694767, 0.0565543845296, 0.00370493764058, 1.00906145235e-05, 4.82632200871e-09, 1.69038213982e-10],
        "max": [1.35489737988, 11.6480493546, 37.6434288025, 31.6397380829, 114.624458313, 239.650650024, 358.148895264, 560.604919434, 898.238891602, 868.979492188, 684.921081543, 1142.60070801, 1140.21105957, 654.521118164, 1228.74230957, 1272.10900879, 1083.43286133, 1640.08093262, 1980.47973633, 1313.43005371, 1340.57373047, 1118.47460938, 456.292266846, 510.356414795, 1101.54528809, 593.493530273, 328.961395264, 146.607177734, 446.431335449, 244.56942749, 265.812469482, 157.297134399, 199.347137451, 84.444984436, 14.3748912811, 5.19949388504, 1.68288826942, 0.105685219169, 0.00215910561383, 0.000160324212629],
        "mean": [0.0672291144729, 0.609841525555, 1.69961214066, 2.68111419678, 4.50165271759, 9.28515529633, 20.5926647186, 31.2304420471, 31.7540206909, 16.5852012634, 16.7003517151, 20.9888401031, 31.8866710663, 26.777507782, 22.6697158813, 28.1232032776, 26.3385639191, 42.2382392883, 47.5014686584, 39.0850563049, 39.6990242004, 33.3851776123, 17.8525333405, 28.3066997528, 22.2955913544, 18.0184497833, 10.9023265839, 3.86572861671, 4.11657142639, 4.41515636444, 2.81409168243, 1.78721117973, 1.54809498787, 0.61891579628, 0.199233442545, 0.0722829923034, 0.0161381233484, 0.000645515217911, 3.20976105286e-05, 2.93217199214e-05],
        "median": [0.0317063555121, 0.311603009701, 0.801281034946, 1.43746876717, 2.44806027412, 4.61951780319, 10.1250829697, 13.5009012222, 10.7724990845, 6.62786197662, 6.76069927216, 6.6627702713, 9.1954908371, 8.02294254303, 7.04902458191, 6.32179498672, 6.80697250366, 8.43999576569, 11.2961959839, 10.0442848206, 11.547911644, 9.85780143738, 8.62440299988, 9.31168651581, 7.79630947113, 5.13918018341, 3.28016614914, 1.79359292984, 1.34395503998, 1.1545664072, 0.833366930485, 0.513998568058, 0.400345861912, 0.185084834695, 0.0576482079923, 0.0142672238871, 0.00114400405437, 4.21840595664e-05, 1.74549586518e-05, 2.75557104032e-05],
        "min": [4.46307712786e-23, 2.94640734547e-22, 7.29156175869e-22, 3.36753547644e-21, 8.61129510453e-21, 1.36314679746e-20, 2.7159693469e-20, 3.41779332256e-20, 9.14286737711e-20, 1.23451471921e-19, 1.75832619588e-19, 3.14844922719e-19, 4.64818428793e-19, 4.8528742664e-19, 7.21746827509e-19, 9.2065977659e-19, 1.15612604373e-18, 1.06641013789e-18, 1.97593244452e-18, 2.54578233839e-18, 2.90612599466e-18, 4.26238145997e-18, 4.45083098789e-18, 5.0850146471e-18, 5.24407858376e-18, 7.3068097783e-18, 6.99599914468e-18, 8.08746313576e-18, 8.34522584952e-18, 1.06858483708e-17, 9.17857557508e-18, 9.81931133193e-18, 8.9638080552e-18, 6.64427119487e-18, 5.81200300796e-18, 3.85971490086e-18, 2.15461689852e-18, 9.1724734637e-19, 2.22852021298e-19, 2.53570988932e-20],
        "var": [0.0100141381845, 0.91432929039, 7.96037340164, 12.4811487198, 38.6375350952, 255.256118774, 969.120849609, 2672.06982422, 4897.75927734, 1174.3515625, 1194.27197266, 3244.76269531, 5000.63964844, 3084.74267578, 2631.8737793, 4687.35595703, 3542.67993164, 8554.97265625, 15191.3867188, 7081.99365234, 8183.93798828, 4814.32421875, 748.669250488, 2301.88378906, 1409.03186035, 1110.13098145, 417.89453125, 44.1590156555, 186.112503052, 176.86340332, 93.4154434204, 43.813457489, 50.4713363647, 5.63029909134, 0.383172869682, 0.0654896348715, 0.00564750563353, 1.32128307087e-05, 7.7328232706e-09, 3.97407190489e-10]
    },
    "gfcc": {
        "mean": [-89.5796356201, 100.161911011, -126.950126648, 39.8527984619, -60.4290313721, 9.80993366241, -41.2903175354, 8.75959205627, -20.2254066467, 0.398263007402, -5.13082408905, -4.23884010315, 0.816786170006],
        "cov": [[87990.203125, 7460.515625, -10129.6376953, 3542.50585938, -4688.73193359, 1034.6003418, -3356.34350586, 876.139831543, -1806.55895996, 232.172973633, -529.608093262, -259.936553955, -138.670349121], [7460.515625, 1999.28137207, -753.09161377, 305.191711426, -354.406433105, -180.673538208, -213.392578125, -76.8036499023, -73.1339797974, -175.766983032, 175.168716431, -175.118804932, 167.950592041], [-10129.6376953, -753.09161377, 2262.18725586, -124.172195435, 483.78314209, -140.894989014, 341.575866699, -103.201568604, 179.254211426, -24.4862594604, 48.247718811, 109.62046051, -33.2677688599], [3542.50585938, 305.191711426, -124.172195435, 513.56817627, -130.898544312, 1.49115025997, -155.938156128, 36.3860778809, -7.64709091187, -33.6603279114, -14.6789302826, -10.0704565048, -3.04194283485], [-4688.73193359, -354.406433105, 483.78314209, -130.898544312, 481.796325684, -33.0144500732, 197.635406494, -26.26587677, 107.635452271, -4.86251544952, 9.96316814423, 3.38306975365, 2.97522449493], [1034.6003418, -180.673538208, -140.894989014, 1.49115025997, -33.0144500732, 254.279510498, 15.182267189, 25.4089126587, -31.5005378723, 52.1892471313, -57.0704269409, 13.556687355, -57.3382606506], [-3356.34350586, -213.392578125, 341.575866699, -155.938156128, 197.635406494, 15.182267189, 280.092956543, -18.2212104797, 30.6931648254, 0.742698252201, 67.3003082275, -17.5959968567, 0.231994882226], [876.139831543, -76.8036499023, -103.201568604, 36.3860778809, -26.26587677, 25.4089126587, -18.2212104797, 153.933303833, -10.1674108505, 21.4045619965, -17.3863372803, 17.9092617035, -4.03150224686], [-1806.55895996, -73.1339797974, 179.254211426, -7.64709091187, 107.635452271, -31.5005378723, 30.6931648254, -10.1674108505, 214.096832275, -46.6989402771, -11.8807582855, 19.0910301208, 7.66252803802], [232.172973633, -175.766983032, -24.4862594604, -33.6603279114, -4.86251544952, 52.1892471313, 0.742698252201, 21.4045619965, -46.6989402771, 136.580032349, -7.49104595184, 9.73076534271, -23.4167060852], [-529.608093262, 175.168716431, 48.247718811, -14.6789302826, 9.96316814423, -57.0704269409, 67.3003082275, -17.3863372803, -11.8807582855, -7.49104595184, 175.78678894, -42.2891159058, 54.1332740784], [-259.936553955, -175.118804932, 109.62046051, -10.0704565048, 3.38306975365, 13.556687355, -17.5959968567, 17.9092617035, 19.0910301208, 9.73076534271, -42.2891159058, 134.074020386, -35.9617614746], [-138.670349121, 167.950592041, -33.2677688599, -3.04194283485, 2.97522449493, -57.3382606506, 0.231994882226, -4.03150224686, 7.66252803802, -23.4167060852, 54.1332740784, -35.9617614746, 132.170806885]],
        "icov": [[0.000329132220941, -0.000847934221383, 0.000618599646259, -0.00102327228524, 0.000868018192705, -0.000904923130292, 0.00109451578464, -0.000911392970011, 0.00104798970278, -0.000757355475798, 0.00046406473848, -0.000506621378008, 0.000590264913626], [-0.000847934221383, 0.00321971531957, -0.00136122410186, 0.00226241233759, -0.0018631152343, 0.00269864406437, -0.00257607968524, 0.00285098864697, -0.00256822444499, 0.00290619558655, -0.00192613701802, 0.00191182130948, -0.00199450878426], [0.000618599646259, -0.00136122410186, 0.00193572277203, -0.00221279729158, 0.00135003658943, -0.00116791436449, 0.00134650140535, -0.00119718885981, 0.00179145601578, -0.00136424170341, 0.000752349384129, -0.00151062011719, 0.00117438402958], [-0.00102327228524, 0.00226241233759, -0.00221279729158, 0.00587204890326, -0.00266331643797, 0.00229435577057, -0.00179541832767, 0.00196905946359, -0.00337669556029, 0.00281637348235, -0.00169121637009, 0.00194264459424, -0.0013358022552], [0.000868018192705, -0.0018631152343, 0.00135003658943, -0.00266331643797, 0.00606572674587, -0.0017791610444, 0.000852612021845, -0.00216358783655, 0.00159166043159, -0.00216161599383, 0.00189797568601, -0.000799933099188, 0.00111056910828], [-0.000904923130292, 0.00269864406437, -0.00116791436449, 0.00229435577057, -0.0017791610444, 0.00805987603962, -0.00476734805852, 0.00253217248246, -0.00270634377375, 0.000768065918237, 0.000211176549783, 0.00145374832209, -0.000395561510231], [0.00109451578464, -0.00257607968524, 0.00134650140535, -0.00179541832767, 0.000852612021845, -0.00476734805852, 0.0114851845428, -0.00354540394619, 0.00375918787904, -0.00136255891994, -0.00169189297594, -0.000294344208669, 0.0026572404895], [-0.000911392970011, 0.00285098864697, -0.00119718885981, 0.00196905946359, -0.00216358783655, 0.00253217248246, -0.00354540394619, 0.0100105516613, -0.00290530384518, 0.00140107015613, -0.00110326474532, 0.000400215969421, -0.00239880988374], [0.00104798970278, -0.00256822444499, 0.00179145601578, -0.00337669556029, 0.00159166043159, -0.00270634377375, 0.00375918787904, -0.00290530384518, 0.0093108387664, -0.000377756950911, 0.00187545397785, -0.00224521639757, 0.00144533975981], [-0.000757355475798, 0.00290619558655, -0.00136424170341, 0.00281637348235, -0.00216161599383, 0.000768065918237, -0.00136255891994, 0.00140107015613, -0.000377756950911, 0.0117037110031, -0.0024501432199, 0.00147174508311, -0.000839708372951], [0.00046406473848, -0.00192613701802, 0.000752349384129, -0.00169121637009, 0.00189797568601, 0.000211176549783, -0.00169189297594, -0.00110326474532, 0.00187545397785, -0.0024501432199, 0.00961721222848, 7.79367182986e-05, -0.00135744723957], [-0.000506621378008, 0.00191182130948, -0.00151062011719, 0.00194264459424, -0.000799933099188, 0.00145374832209, -0.000294344208669, 0.000400215969421, -0.00224521639757, 0.00147174508311, 7.79367182986e-05, 0.0105311041698, 0.000589330273215], [0.000590264913626, -0.00199450878426, 0.00117438402958, -0.0013358022552, 0.00111056910828, -0.000395561510231, 0.0026572404895, -0.00239880988374, 0.00144533975981, -0.000839708372951, -0.00135744723957, 0.000589330273215, 0.0111938705668]]
    },
    "melbands": {
        "dmean": [0.00039346946869, 0.000482421426568, 0.000242684225668, 0.000232237551245, 0.000288181356154, 0.000293588818749, 0.000209897130844, 9.38017037697e-05, 7.40458272048e-05, 6.95067865308e-05, 8.44625028549e-05, 5.65452501178e-05, 4.37248563685e-05, 3.96316827391e-05, 3.23430467688e-05, 3.0512263038e-05, 4.47702295787e-05, 3.93276095565e-05, 3.15402648994e-05, 2.42501573666e-05, 2.34663057199e-05, 1.9490638806e-05, 8.81569303601e-06, 8.58289695316e-06, 1.19868209367e-05, 9.43068698689e-06, 5.80724508836e-06, 5.43803389519e-06, 4.12073268308e-06, 1.67222549408e-06, 1.1274305507e-06, 1.40312329222e-06, 1.86353554454e-06, 1.49510174197e-06, 1.03993716039e-06, 8.08369463812e-07, 6.72634712373e-07, 7.45477962028e-07, 5.01933072883e-07, 2.55086575862e-07],
        "dmean2": [0.000636697164737, 0.000771763385274, 0.000378515745979, 0.000372051668819, 0.000438497198047, 0.000449482933618, 0.000324368535075, 0.000147016267874, 0.000113184454676, 0.000108294079837, 0.000128191517433, 8.686864021e-05, 6.60307268845e-05, 5.99513587076e-05, 4.90220118081e-05, 4.76418172184e-05, 6.9365647505e-05, 6.05254135735e-05, 4.81483184558e-05, 3.82059770345e-05, 3.64620500477e-05, 3.06559450109e-05, 1.3903531908e-05, 1.3507591575e-05, 1.84984946827e-05, 1.44163122968e-05, 9.1999390861e-06, 8.60343880049e-06, 6.32681121715e-06, 2.67809264187e-06, 1.78868742751e-06, 2.21007758228e-06, 2.78746006188e-06, 2.28477938435e-06, 1.54207509695e-06, 1.19194794479e-06, 1.00270631265e-06, 1.13194823825e-06, 7.24665028429e-07, 3.7633520833e-07],
        "dvar": [7.23248263057e-07, 9.89846398625e-07, 1.53765185473e-07, 1.56046382926e-07, 2.50046610972e-07, 2.99802536574e-07, 2.55841655417e-07, 6.07634902394e-08, 3.59163507824e-08, 4.32008420148e-08, 4.93278378144e-08, 1.82144788141e-08, 1.70016569712e-08, 1.43713290157e-08, 7.09830949575e-09, 6.81389922264e-09, 1.32269235564e-08, 1.14583169619e-08, 7.64773400164e-09, 5.49419443274e-09, 3.60359875273e-09, 2.27386864893e-09, 3.51302181789e-10, 4.14287631978e-10, 6.81154188609e-10, 4.44033948499e-10, 2.27398683217e-10, 1.68976291293e-10, 1.05031386366e-10, 1.44126334131e-11, 1.13968253238e-11, 3.85234760758e-11, 5.42377809332e-11, 2.48579663797e-11, 1.650591816e-11, 1.36056192354e-11, 9.55750149162e-12, 1.85978940581e-11, 1.18674904973e-11, 1.07152633121e-12],
        "dvar2": [1.82432995643e-06, 2.47170146395e-06, 3.60620617812e-07, 3.93689958855e-07, 5.63820606203e-07, 6.77807179272e-07, 5.71460816445e-07, 1.39571142199e-07, 8.19776246885e-08, 1.016782889e-07, 1.16021162455e-07, 3.96046289097e-08, 3.53619604709e-08, 3.11608268078e-08, 1.55287214199e-08, 1.51243355617e-08, 2.94534121537e-08, 2.70356625975e-08, 1.65806923746e-08, 1.33231301547e-08, 7.66516894402e-09, 4.87604356891e-09, 8.17574064005e-10, 9.59260226807e-10, 1.51496548639e-09, 9.94999194148e-10, 5.60056667709e-10, 3.95428301214e-10, 2.37720038099e-10, 3.56391097189e-11, 2.67582969671e-11, 8.92729501434e-11, 1.23132254393e-10, 5.3864607219e-11, 3.23701308813e-11, 2.77151235989e-11, 1.90142641215e-11, 4.16336409792e-11, 2.75581779619e-11, 2.18340363151e-12],
        "max": [0.0125593394041, 0.0172292310745, 0.00630299374461, 0.00798912905157, 0.00939021352679, 0.0111359851435, 0.0116289993748, 0.00958663132042, 0.00497918063775, 0.00721000460908, 0.00562888104469, 0.00287856301293, 0.0058281137608, 0.00381923955865, 0.00239245849662, 0.00248949811794, 0.00377093721181, 0.00287982355803, 0.00237607164308, 0.00239570206031, 0.00200822553597, 0.00151964637917, 0.000476429908304, 0.000614744902123, 0.000505266885739, 0.000683695776388, 0.000829527387396, 0.000341308914358, 0.000275360711385, 7.89443511167e-05, 0.000110635170131, 0.00024052002118, 0.000215510517592, 0.000123630394228, 0.000176680186996, 0.000176947462023, 0.000107528110675, 0.000173210326466, 0.000244762923103, 4.03127487516e-05],
        "mean": [0.000674188777339, 0.000881918356754, 0.000517887528986, 0.000457241403637, 0.000692904286552, 0.000712410314009, 0.000448513426818, 0.000168784026755, 0.000134796806378, 0.000131980341394, 0.000158343333169, 0.000108265179733, 7.906085375e-05, 7.41132826079e-05, 6.08325535723e-05, 5.6558765209e-05, 8.35167811601e-05, 7.6397191151e-05, 6.25754328212e-05, 4.49822146038e-05, 4.79905902466e-05, 3.93431255361e-05, 1.68202150235e-05, 1.68617716554e-05, 2.39452838287e-05, 1.95055199583e-05, 1.22167912195e-05, 1.21020502775e-05, 8.67993276188e-06, 3.0899700505e-06, 1.8782063762e-06, 2.13251860259e-06, 2.78660900221e-06, 2.28489079745e-06, 1.67237521964e-06, 1.24232735743e-06, 1.05633989733e-06, 1.18428783935e-06, 8.13279200429e-07, 4.23472187094e-07],
        "median": [0.00035208297777, 0.000469652644824, 0.000301343621686, 0.000256393686868, 0.00035635518725, 0.000323438929627, 0.000148402221384, 6.2290506321e-05, 5.14583589393e-05, 3.81907593692e-05, 4.21236800321e-05, 2.9119919418e-05, 2.02024039027e-05, 1.52279117174e-05, 1.28880237753e-05, 1.13878913908e-05, 1.35098707688e-05, 1.52223456098e-05, 1.22577139336e-05, 1.08188332888e-05, 1.26391523736e-05, 1.02677558971e-05, 6.67148106004e-06, 7.04025978848e-06, 7.17890225133e-06, 5.69631038161e-06, 4.07621155318e-06, 2.78989978142e-06, 2.0197194317e-06, 1.2196926491e-06, 7.89313446603e-07, 6.93066226631e-07, 6.88679335781e-07, 5.7958754951e-07, 4.75389015264e-07, 3.33156492616e-07, 2.75507574088e-07, 2.75799322935e-07, 2.15634585743e-07, 1.24399193169e-07],
        "min": [4.34308456053e-25, 3.48714533343e-25, 9.31181470499e-25, 7.52737337345e-25, 1.22310043455e-24, 7.45689752626e-25, 1.41399609615e-24, 1.12178387305e-24, 1.06550338063e-24, 2.02301170333e-24, 1.88253174776e-24, 1.36493861139e-24, 1.34178869926e-24, 1.85338885934e-24, 1.60526597363e-24, 1.87815731683e-24, 1.25662652999e-24, 2.25858134685e-24, 2.62919155278e-24, 2.74433802924e-24, 3.04049869838e-24, 3.88247991924e-24, 2.17464260223e-24, 3.302012991e-24, 3.6220986281e-24, 3.00202891027e-24, 3.00586139376e-24, 3.87018907191e-24, 3.8035145482e-24, 4.06481604558e-24, 3.63265200929e-24, 4.17829644781e-24, 4.17103853305e-24, 4.97347100129e-24, 4.43496220409e-24, 3.98666320127e-24, 4.35581381731e-24, 5.0931475115e-24, 4.94984816705e-24, 5.76580447221e-24],
        "var": [1.02221008547e-06, 1.71579608832e-06, 4.24262225351e-07, 4.03078303179e-07, 1.02437809346e-06, 1.28389206111e-06, 9.05185402189e-07, 1.32406512421e-07, 7.69478774032e-08, 1.23085570181e-07, 1.27762760371e-07, 5.29333732402e-08, 4.0406849422e-08, 4.05109688018e-08, 2.20779572402e-08, 2.0211260221e-08, 4.2194439942e-08, 4.25832276107e-08, 2.68507207579e-08, 1.33881181696e-08, 1.32946844644e-08, 7.95026888767e-09, 8.80759742916e-10, 9.83098935592e-10, 1.95198901487e-09, 1.23814725139e-09, 5.13254327927e-10, 6.49391429519e-10, 3.61755264633e-10, 2.70949044451e-11, 1.61778038882e-11, 5.31677861459e-11, 8.93397300583e-11, 4.60392869661e-11, 3.37223131364e-11, 2.30604649959e-11, 1.86484144099e-11, 3.21727332275e-11, 1.68323861793e-11, 2.43987772694e-12]
    },
    "mfcc": {
        "mean": [-677.04119873, 114.618354797, -7.10264492035, 25.0465164185, 3.87039065361, -2.3734228611, -2.61829924583, -1.22260832787, -4.62871551514, 2.34425401688, -4.14908218384, -2.99396681786, 0.96738088131],
        "cov": [[20245.3964844, 3312.56689453, -558.03326416, 972.154663086, 272.744384766, 56.100112915, 51.5127601624, 21.4366798401, -175.282043457, 247.860122681, -117.712631226, -114.485923767, 97.6715927124], [3312.56689453, 2107.17089844, 40.3829116821, 346.355743408, 29.626241684, -117.998191833, 32.1144561768, -67.3329620361, -91.5868988037, -45.9241065979, -59.6027488708, -32.3640556335, -14.1164159775], [-558.03326416, 40.3829116821, 980.238220215, 233.836868286, 65.3762969971, 12.0177173615, -18.0444869995, 16.4118766785, -39.4472541809, -55.7966499329, 5.60906744003, 1.99352824688, -1.62457370758], [972.154663086, 346.355743408, 233.836868286, 452.543945312, 127.682403564, -51.6955375671, -21.3864345551, 5.67536973953, -23.3321495056, -4.79496574402, -43.0317077637, 4.08758592606, 23.1543369293], [272.744384766, 29.626241684, 65.3762969971, 127.682403564, 203.732467651, 9.9775352478, -53.7255935669, 25.4072723389, 30.2357540131, 15.9416370392, -20.3754386902, -0.0264458209276, 10.1692771912], [56.100112915, -117.998191833, 12.0177173615, -51.6955375671, 9.9775352478, 218.346893311, -15.2152729034, 30.6712799072, 13.0020484924, 8.97680282593, 37.0530166626, -11.2974967957, -3.70924329758], [51.5127601624, 32.1144561768, -18.0444869995, -21.3864345551, -53.7255935669, -15.2152729034, 295.757202148, -61.0166511536, -39.5441169739, 36.4213981628, 4.66797780991, 5.40190267563, -32.8599281311], [21.4366798401, -67.3329620361, 16.4118766785, 5.67536973953, 25.4072723389, 30.6712799072, -61.0166511536, 181.576950073, 20.9608860016, -0.587526500225, 17.4966468811, 8.03671169281, 25.8008594513], [-175.282043457, -91.5868988037, -39.4472541809, -23.3321495056, 30.2357540131, 13.0020484924, -39.5441169739, 20.9608860016, 128.438964844, 8.77823543549, -4.58728504181, -7.49701786041, -3.05189824104], [247.860122681, -45.9241065979, -55.7966499329, -4.79496574402, 15.9416370392, 8.97680282593, 36.4213981628, -0.587526500225, 8.77823543549, 128.690994263, 7.30046319962, -17.4040088654, -14.8140077591], [-117.712631226, -59.6027488708, 5.60906744003, -43.0317077637, -20.3754386902, 37.0530166626, 4.66797780991, 17.4966468811, -4.58728504181, 7.30046319962, 94.1306991577, 23.1936702728, -8.55365085602], [-114.485923767, -32.3640556335, 1.99352824688, 4.08758592606, -0.0264458209276, -11.2974967957, 5.40190267563, 8.03671169281, -7.49701786041, -17.4040088654, 23.1936702728, 82.6619338989, 21.8559265137], [97.6715927124, -14.1164159775, -1.62457370758, 23.1543369293, 10.1692771912, -3.70924329758, -32.8599281311, 25.8008594513, -3.05189824104, -14.8140077591, -8.55365085602, 21.8559265137, 89.2479858398]],
