{
"lowlevel": {
    "average_loudness": 0.556467831135,
    "barkbands_crest": {
        "dmean": 1.90133726597,
        "dmean2": 3.11849975586,
        "dvar": 3.43526268005,
        "dvar2": 9.22144889832,
        "max": 25.0885486603,
        "mean": 8.94824981689,
        "median": 8.12661647797,
        "min": 3.01699542999,
        "var": 11.4445228577
    },
    "barkbands_flatness_db": {
        "dmean": 0.016772095114,
        "dmean2": 0.0262113139033,
        "dvar": 0.000244741560891,
        "dvar2": 0.000558167812414,
        "max": 0.429160088301,
        "mean": 0.169655680656,
        "median": 0.16707020998,
        "min": 0.0480743795633,
        "var": 0.0031116779428
    },
    "barkbands_kurtosis": {
        "dmean": 2.00135326385,
        "dmean2": 3.17561030388,
        "dvar": 11.3608293533,
        "dvar2": 27.899356842,
        "max": 115.718132019,
        "mean": 4.07378339767,
        "median": 2.58811855316,
        "min": -1.91813182831,
        "var": 41.3080101013
    },
    "barkbands_skewness": {
        "dmean": 0.366056889296,
        "dmean2": 0.576977789402,
        "dvar": 0.14044778049,
        "dvar2": 0.340333342552,
        "max": 8.7179517746,
        "mean": 1.20547091961,
        "median": 1.35949397087,
        "min": -2.64476156235,
        "var": 1.81224691868
    },
    "barkbands_spread": {
        "dmean": 3.51661157608,
        "dmean2": 5.4977850914,
        "dvar": 17.0177764893,
        "dvar2": 36.5233650208,
        "max": 108.172119141,
        "mean": 17.6469230652,
        "median": 16.2874679565,
        "min": 0.599920511246,
        "var": 95.0186157227
    },
    "dissonance": {
        "dmean": 0.0198091659695,
        "dmean2": 0.0334456078708,
        "dvar": 0.000373946444597,
        "dvar2": 0.0010151611641,
        "max": 0.5,
        "mean": 0.453173041344,
        "median": 0.459055453539,
        "min": 0.263928294182,
        "var": 0.00117018958554
    },
    "dynamic_complexity": 2.86829972267,
    "erbbands_crest": {
        "dmean": 2.49783158302,
        "dmean2": 4.04774618149,
        "dvar": 5.77593946457,
        "dvar2": 14.3356313705,
        "max": 29.1872081757,
        "mean": 9.49099826813,
        "median": 8.67228794098,
        "min": 2.48685836792,
        "var": 19.8140220642
    },
    "erbbands_flatness_db": {
        "dmean": 0.0141970319673,
        "dmean2": 0.0212027933449,
        "dvar": 0.000177934009116,
        "dvar2": 0.000363936298527,
        "max": 0.320162445307,
        "mean": 0.185001775622,
        "median": 0.190367713571,
        "min": 0.0714442059398,
        "var": 0.00188659341075
    },
    "erbbands_kurtosis": {
        "dmean": 0.82322871685,
        "dmean2": 1.31190407276,
        "dvar": 1.62107241154,
        "dvar2": 3.93074464798,
        "max": 32.3149719238,
        "mean": 0.392389804125,
        "median": -0.0994162559509,
        "min": -1.83397912979,
        "var": 4.48639917374
    },
    "erbbands_skewness": {
        "dmean": 0.331070333719,
        "dmean2": 0.519826889038,
        "dvar": 0.0987230017781,
        "dvar2": 0.233110949397,
        "max": 4.44761800766,
        "mean": 0.311485767365,
        "median": 0.259043008089,
        "min": -4.37691545486,
        "var": 0.609323620796
    },
    "erbbands_spread": {
        "dmean": 5.83263635635,
        "dmean2": 9.1407995224,
        "dvar": 42.0354499817,
        "dvar2": 92.5822143555,
        "max": 135.368392944,
        "mean": 33.7090682983,
        "median": 33.3345451355,
        "min": 4.58459711075,
        "var": 195.461593628
    },
    "hfc": {
        "dmean": 3.49147129059,
        "dmean2": 5.43794631958,
        "dvar": 29.3439750671,
        "dvar2": 72.3133163452,
        "max": 121.940887451,
        "mean": 15.0916471481,
        "median": 11.7465190887,
        "min": 1.02620860591e-16,
        "var": 220.505218506
    },
    "melbands_crest": {
        "dmean": 2.50976610184,
        "dmean2": 4.11291313171,
        "dvar": 6.26137447357,
        "dvar2": 16.4450111389,
        "max": 33.0597877502,
        "mean": 11.7423772812,
        "median": 11.3003997803,
        "min": 1.19151890278,
        "var": 30.301240921
    },
    "melbands_flatness_db": {
        "dmean": 0.0174868945032,
        "dmean2": 0.0264138653874,
        "dvar": 0.00034173874883,
        "dvar2": 0.000736645713914,
        "max": 0.533328473568,
        "mean": 0.20864520967,
        "median": 0.215938135982,
        "min": 0.000185005963431,
        "var": 0.00859874486923
    },
    "melbands_kurtosis": {
        "dmean": 3.94102096558,
        "dmean2": 6.2403459549,
        "dvar": 53.2086677551,
        "dvar2": 130.117431641,
        "max": 256.92880249,
        "mean": 9.56893539429,
        "median": 6.24655246735,
        "min": -1.72658967972,
        "var": 169.278778076
    },
    "melbands_skewness": {
        "dmean": 0.469063997269,
        "dmean2": 0.740944206715,
        "dvar": 0.2575725317,
        "dvar2": 0.623810648918,
        "max": 12.7681379318,
        "mean": 2.1317551136,
        "median": 2.08828306198,
        "min": -0.700466752052,
        "var": 1.84067738056
    },
    "melbands_spread": {
        "dmean": 5.13796806335,
        "dmean2": 8.31980419159,
        "dvar": 48.6179199219,
        "dvar2": 127.470710754,
        "max": 212.730819702,
        "mean": 29.3430595398,
        "median": 17.5164718628,
        "min": 0.65719884634,
        "var": 1275.1973877
    },
    "pitch_salience": {
        "dmean": 0.0520285181701,
        "dmean2": 0.0842821970582,
        "dvar": 0.00234045507386,
        "dvar2": 0.00620695436373,
        "max": 0.992800712585,
        "mean": 0.570209681988,
        "median": 0.555829882622,
        "min": 0.162530198693,
        "var": 0.0146683361381
    },
    "silence_rate_20dB": {
        "dmean": 0,
        "dmean2": 0,
        "dvar": 0,
        "dvar2": 0,
        "max": 1,
        "mean": 1,
        "median": 1,
        "min": 1,
        "var": 0
    },
    "silence_rate_30dB": {
        "dmean": 0.00191326532513,
        "dmean2": 0.00382693740539,
        "dvar": 0.0019096955657,
        "dvar2": 0.00487540150061,
        "max": 1,
        "mean": 0.998299479485,
        "median": 1,
        "min": 0,
        "var": 0.00169758405536
    },
    "silence_rate_60dB": {
        "dmean": 0.00616496615112,
        "dmean2": 0.0123312426731,
        "dvar": 0.00612709438428,
        "dvar2": 0.014943568036,
        "max": 1,
        "mean": 0.130619615316,
        "median": 0,
        "min": 0,
        "var": 0.113580085337
    },
    "spectral_centroid": {
        "dmean": 190.883666992,
        "dmean2": 303.238342285,
        "dvar": 55122.3007812,
        "dvar2": 129822.328125,
        "max": 11975.1162109,
        "mean": 2007.51794434,
        "median": 1028.82727051,
        "min": 171.640258789,
        "var": 8831871
    },
    "spectral_complexity": {
        "dmean": 2.12053561211,
        "dmean2": 3.44296789169,
        "dvar": 5.43516731262,
        "dvar2": 13.0637054443,
        "max": 52,
        "mean": 14.5172710419,
        "median": 15,
        "min": 0,
        "var": 72.7075042725
    },
    "spectral_decrease": {
        "dmean": 1.60320401399e-09,
        "dmean2": 2.57042209739e-09,
        "dvar": 5.67828181731e-18,
        "dvar2": 1.49959705599e-17,
        "max": 2.32526453686e-28,
        "mean": -6.24401286231e-09,
        "median": -5.86032022909e-09,
        "min": -4.80967408123e-08,
        "var": 2.17878430361e-17
    },
    "spectral_energy": {
        "dmean": 0.00629619276151,
        "dmean2": 0.0100902467966,
        "dvar": 8.56748229126e-05,
        "dvar2": 0.000225757044973,
        "max": 0.190965548158,
        "mean": 0.0249352008104,
        "median": 0.0233536995947,
        "min": 9.77479572192e-21,
        "var": 0.000346677668858
    },
    "spectral_energyband_high": {
        "dmean": 0.000131160442834,
        "dmean2": 0.000201299742912,
        "dvar": 2.06169076478e-07,
        "dvar2": 5.12908854944e-07,
        "max": 0.0186131633818,
        "mean": 0.000337553647114,
        "median": 0.000127378880279,
        "min": 6.82625872969e-21,
        "var": 4.11655918242e-07
    },
    "spectral_energyband_low": {
        "dmean": 0.00241674785502,
        "dmean2": 0.0040669105947,
        "dvar": 4.66946185043e-05,
        "dvar2": 0.000128228828544,
        "max": 0.128405034542,
        "mean": 0.007544179447,
        "median": 0.00487417867407,
        "min": 9.67746632849e-24,
        "var": 9.11405659281e-05
    },
    "spectral_energyband_middle_high": {
        "dmean": 0.00142718921416,
        "dmean2": 0.00223800702952,
        "dvar": 5.71008149564e-06,
        "dvar2": 1.43186316564e-05,
        "max": 0.0525069572031,
        "mean": 0.0048740436323,
        "median": 0.00294412858784,
        "min": 1.05609769739e-21,
        "var": 3.65393207176e-05
    },
    "spectral_energyband_middle_low": {
        "dmean": 0.00447125500068,
        "dmean2": 0.00705007230863,
        "dvar": 3.89172710129e-05,
        "dvar2": 9.8086115031e-05,
        "max": 0.157406464219,
        "mean": 0.0130795035511,
        "median": 0.0114914802834,
        "min": 7.98858234136e-23,
        "var": 0.00012024139869
    },
    "spectral_entropy": {
        "dmean": 0.134809851646,
        "dmean2": 0.200399205089,
        "dvar": 0.0217157043517,
        "dvar2": 0.0435418896377,
        "max": 9.82955551147,
        "mean": 7.45167779922,
        "median": 7.28799772263,
        "min": 5.32981538773,
        "var": 0.753245890141
    },
    "spectral_flux": {
        "dmean": 0.0158849749714,
        "dmean2": 0.0264221727848,
        "dvar": 0.000404598220484,
        "dvar2": 0.00101723056287,
        "max": 0.35363176465,
        "mean": 0.0649904087186,
        "median": 0.0626476928592,
        "min": 6.28509883027e-11,
        "var": 0.00168802915141
    },
    "spectral_kurtosis": {
        "dmean": 2.13769888878,
        "dmean2": 3.70223212242,
        "dvar": 5.98397827148,
        "dvar2": 17.3536453247,
        "max": 41.5038452148,
        "mean": 5.0302734375,
        "median": 4.38290643692,
        "min": -1.28509604931,
        "var": 19.1161594391
    },
    "spectral_rms": {
        "dmean": 0.000556619721465,
        "dmean2": 0.00087971490575,
        "dvar": 4.46553826805e-07,
        "dvar2": 1.13711166705e-06,
        "max": 0.0136494636536,
        "mean": 0.00443291431293,
        "median": 0.00477326894179,
        "min": 3.08810399127e-12,
        "var": 4.67622612632e-06
    },
    "spectral_rolloff": {
        "dmean": 271.664123535,
        "dmean2": 466.76953125,
        "dvar": 244495.34375,
        "dvar2": 547283.9375,
        "max": 19789.0136719,
        "mean": 2764.65014648,
        "median": 904.39453125,
        "min": 86.1328125,
        "var": 27819878
    },
    "spectral_skewness": {
        "dmean": 0.23791217804,
        "dmean2": 0.397185206413,
        "dvar": 0.0565361753106,
        "dvar2": 0.151126608253,
        "max": 5.20130729675,
        "mean": 1.52262055874,
        "median": 1.54275536537,
        "min": -0.249081417918,
        "var": 0.519622087479
    },
    "spectral_spread": {
        "dmean": 416741,
        "dmean2": 632049.375,
        "dvar": 455113932800,
        "dvar2": 951447519232,
        "max": 43204360,
        "mean": 7062996.5,
        "median": 3427477.25,
        "min": 1491697,
        "var": 1.19450967736e+14
    },
    "spectral_strongpeak": {
        "dmean": 0.47736504674,
        "dmean2": 0.820850253105,
        "dvar": 0.779201447964,
        "dvar2": 1.96690440178,
        "max": 15.9479532242,
        "mean": 0.83125525713,
        "median": 0.53105866909,
        "min": 0,
        "var": 1.13098180294
    },
    "zerocrossingrate": {
        "dmean": 0.00653844280168,
        "dmean2": 0.00872822850943,
        "dvar": 9.44689309108e-05,
        "dvar2": 0.000130642234581,
        "max": 0.828125,
        "mean": 0.087451018393,
        "median": 0.0419921875,
        "min": 0.00244140625,
        "var": 0.0187197569758
    },
    "barkbands": {
        "dmean": [0.000164770448464, 0.00157084793318, 0.000942885992117, 0.000672648660839, 0.00242439541034, 0.00164560205303, 0.000710503489245, 0.000773208797909, 0.000460285053123, 0.000607482623309, 0.000213762177736, 0.000402299017878, 0.000181214709301, 0.000282176944893, 0.000301162159303, 0.000280674517853, 0.00021440051205, 0.000169143866515, 9.904725448e-05, 6.91034219926e-05, 4.27619415859e-05, 3.24879947584e-05, 3.62134924217e-05, 1.45698668348e-05, 6.89695116307e-06, 1.55993177486e-06, 2.15256212854e-09],
        "dmean2": [0.00028282176936, 0.00258953962475, 0.00162558932789, 0.00109864654951, 0.00387662183493, 0.00253726355731, 0.00108510430437, 0.00125715625472, 0.000725649704691, 0.000983753358014, 0.000333569740178, 0.00064884184394, 0.000284125708276, 0.000449491490144, 0.00050476344768, 0.000455657107523, 0.000356033910066, 0.000262003653916, 0.000159289091243, 0.000110524575575, 6.93573165336e-05, 5.29138560523e-05, 5.65861228097e-05, 2.24764553423e-05, 1.0192492482e-05, 2.41265342993e-06, 3.93453936098e-09],
        "dvar": [2.67284690381e-07, 1.71706069523e-05, 1.12116404125e-05, 4.19427215093e-06, 1.66718582477e-05, 7.97343363956e-06, 2.25139046961e-06, 2.43991166826e-06, 1.42126043556e-06, 1.75250022494e-06, 6.59626266497e-07, 1.49708932895e-06, 2.53695446872e-07, 7.35961918963e-07, 7.26935866169e-07, 6.59098702727e-07, 2.70798352631e-07, 1.66343738783e-07, 1.00342070652e-07, 2.68808708626e-08, 1.65595892554e-08, 4.65095233437e-08, 1.42061988839e-08, 4.99298646872e-09, 1.06863407012e-09, 3.71514242981e-11, 1.46385173622e-16],
        "dvar2": [7.84814744748e-07, 4.77505564049e-05, 3.26182343997e-05, 9.66329844232e-06, 4.4016931497e-05, 2.01273651328e-05, 5.44680733583e-06, 6.59376519252e-06, 3.62300465895e-06, 4.55104463981e-06, 1.48628350871e-06, 3.94037078877e-06, 5.95983408402e-07, 1.84869634268e-06, 1.98640464077e-06, 1.60596948717e-06, 7.27455869765e-07, 3.58588607696e-07, 2.26386035251e-07, 6.83317011863e-08, 4.27099031697e-08, 1.28995964133e-07, 3.45893269582e-08, 1.01022061827e-08, 2.18832574284e-09, 7.96333068931e-11, 3.63560146428e-16],
        "max": [0.0140348440036, 0.0768173709512, 0.0526540316641, 0.0985071957111, 0.128949999809, 0.0477259866893, 0.0303371399641, 0.0264765862375, 0.0257292520255, 0.0317398458719, 0.0303441826254, 0.0409563183784, 0.0140638202429, 0.0328291244805, 0.0185898058116, 0.0215132068843, 0.0207232665271, 0.0158338602632, 0.0164677463472, 0.00364987086505, 0.00325737148523, 0.0122024519369, 0.00365054677241, 0.00339768500999, 0.00130302528851, 0.000180557544809, 4.53025762681e-07],
        "mean": [0.000349350913893, 0.00432447995991, 0.00208754022606, 0.00134269206319, 0.00502039864659, 0.00312864873558, 0.00131746975239, 0.00129287037998, 0.000750027946196, 0.00104985688813, 0.000366495194612, 0.000737114925869, 0.000308668706566, 0.000481459283037, 0.000503806513734, 0.000505684234668, 0.000417820789153, 0.000342680199537, 0.00020796454919, 0.00014713445853, 8.02378272056e-05, 5.35393955943e-05, 7.77796667535e-05, 2.87116054096e-05, 1.07015275717e-05, 2.05566561817e-06, 1.72697700584e-09],
        "median": [4.40214389528e-05, 0.00290348404087, 0.000659236568026, 0.000625088461675, 0.0036014795769, 0.00154576299246, 0.000498492387123, 0.00039211899275, 0.00019317609258, 0.000279822153971, 6.412332732e-05, 0.000169275590451, 7.152256876e-05, 0.000109268650704, 0.000161045390996, 0.000126108207041, 0.000128648214741, 0.000102711455838, 6.22662337264e-05, 4.7833633289e-05, 2.4603368729e-05, 1.53747078002e-05, 2.15302334254e-05, 8.28502652439e-06, 1.85875887837e-06, 2.01715849357e-07, 3.27458393734e-10],
        "min": [8.6192853027e-26, 6.36081227631e-25, 2.16431828653e-25, 3.11764140631e-25, 4.35188568444e-24, 4.75248581819e-24, 5.31442299541e-24, 3.2669422073e-24, 7.96019660164e-24, 7.92000492738e-24, 8.31245691684e-24, 1.48602099006e-23, 1.35058319674e-23, 2.29943629536e-23, 2.18828326946e-23, 2.47829441286e-23, 4.98302166138e-23, 6.54118540117e-23, 1.15134160765e-22, 1.20403877829e-22, 2.23541521575e-22, 2.4785696622e-22, 3.40492738237e-22, 5.28983112444e-22, 7.78927366754e-22, 1.14419536088e-21, 1.67557055203e-21],
        "var": [7.1843396654e-07, 2.94045767077e-05, 1.58784478117e-05, 7.52581354391e-06, 3.19507817039e-05, 1.89673319255e-05, 5.14324710821e-06, 5.02927832713e-06, 2.95087124869e-06, 4.31913713328e-06, 1.83192446457e-06, 3.66031895283e-06, 6.19862703388e-07, 1.51906476731e-06, 1.42533531289e-06, 1.47068840306e-06, 7.43323084862e-07, 5.07346840095e-07, 2.43712293013e-07, 7.16811783263e-08, 3.07534122612e-08, 4.04044762092e-08, 2.63164547931e-08, 1.17517835463e-08, 2.15833750872e-09, 5.85710160927e-11, 1.23539133317e-16]
    },
    "erbbands": {
        "dmean": [0.0488852262497, 0.373126268387, 0.99395263195, 1.75636970997, 4.09993171692, 9.09346389771, 17.4088306427, 9.07468605042, 10.9041585922, 12.2173175812, 18.3496665955, 9.99481391907, 12.0625715256, 19.9924049377, 8.74060535431, 18.6164455414, 8.28596115112, 14.3062334061, 11.4976072311, 17.1778850555, 12.5162773132, 8.30592441559, 6.71941137314, 7.79093408585, 3.37150669098, 3.3743789196, 2.36605858803, 1.0708656311, 1.1030882597, 1.35094082355, 0.965021550655, 0.302250027657, 0.26711550355, 0.110276319087, 0.0344485864043, 0.0100738592446, 0.00244892807677, 7.35798384994e-05, 4.979734058e-06, 7.24604205971e-06],
        "dmean2": [0.0796369165182, 0.623944044113, 1.71948099136, 2.92307758331, 6.5662894249, 14.7867097855, 26.2802886963, 14.8748874664, 17.0213069916, 19.0303821564, 29.7746715546, 15.7636470795, 19.4090385437, 32.0801811218, 13.5934286118, 29.7158107758, 12.9513788223, 22.8089828491, 18.7157859802, 28.7934989929, 20.560836792, 13.6178455353, 10.6666316986, 12.3301763535, 5.49468564987, 5.45099830627, 3.80688786507, 1.73914706707, 1.81063652039, 2.14578914642, 1.51188445091, 0.461881220341, 0.414506465197, 0.164895102382, 0.051279194653, 0.01509846095, 0.00385581376031, 0.000113790003525, 7.65611912357e-06, 1.15746597658e-05],
        "dvar": [0.0207276791334, 1.01624178886, 12.0251674652, 35.7296867371, 60.6271591187, 354.706726074, 1007.246521, 393.628448486, 517.777832031, 1093.38183594, 1619.30285645, 709.68182373, 1089.26196289, 2223.33813477, 1056.85449219, 2858.82202148, 460.365112305, 1852.59460449, 517.572387695, 4072.32983398, 710.22277832, 381.206298828, 202.616699219, 600.890441895, 72.6918563843, 69.4505996704, 44.5332221985, 20.2129936218, 60.5096054077, 33.5923461914, 10.7050571442, 1.32379746437, 2.55995583534, 0.294316977262, 0.0261711776257, 0.00140472897328, 0.000135327194585, 1.5090355987e-07, 1.46000794787e-10, 1.10759755534e-10],
        "dvar2": [0.0593848600984, 2.88090991974, 35.051322937, 84.3649978638, 154.097839355, 952.854064941, 2290.94067383, 1155.48181152, 1302.74450684, 2654.37939453, 4368.40234375, 1879.15319824, 2948.48120117, 5582.06884766, 2377.81591797, 7445.62158203, 1096.93005371, 4733.19287109, 1347.50866699, 11413.6074219, 1827.91088867, 1033.20812988, 485.631591797, 1311.76916504, 189.614318848, 177.398040771, 109.306243896, 53.5859489441, 167.799163818, 88.8583297729, 25.9905471802, 2.76240062714, 5.23018026352, 0.592202842236, 0.0559380799532, 0.00287500093691, 0.00031053298153, 3.32540651016e-07, 3.18594400861e-10, 2.89408608189e-10],
        "max": [3.32083892822, 20.136926651, 65.1084365845, 280.005523682, 217.96925354, 673.384094238, 651.937744141, 505.151397705, 679.914916992, 877.521362305, 733.743041992, 751.284118652, 1027.0111084, 1260.71496582, 942.075744629, 2004.84594727, 631.736694336, 1651.49401855, 557.224121094, 1715.50073242, 640.223632812, 954.213867188, 362.863616943, 1133.65283203, 297.580078125, 204.212051392, 197.9790802, 175.147445679, 436.214080811, 275.146789551, 116.022132874, 63.1355056763, 78.4504241943, 24.566865921, 5.81783294678, 1.51980233192, 0.259334802628, 0.0129669373855, 0.000287941598799, 0.000228333970881],
        "mean": [0.121743932366, 0.971707165241, 2.39484024048, 4.01726436615, 8.5420999527, 17.1418647766, 33.702495575, 16.4579353333, 20.0717258453, 20.3767471313, 31.2186794281, 17.6861686707, 21.6853466034, 35.2438850403, 16.8071498871, 34.9066543579, 16.5754890442, 25.8725757599, 22.4034175873, 33.0003852844, 26.917470932, 19.2985534668, 16.1291065216, 17.0354309082, 7.95984983444, 7.38075017929, 5.25909423828, 1.93644607067, 1.77705395222, 2.60276842117, 2.04531741142, 0.663707315922, 0.47883990407, 0.174042627215, 0.0522183887661, 0.0151866162196, 0.00276906625368, 8.7494852778e-05, 1.65496603586e-05, 2.94193268928e-05],
        "median": [0.0718655660748, 0.615649998188, 0.967698514462, 2.01972603798, 4.966837883, 10.4267463684, 15.0165195465, 7.52731657028, 7.82721233368, 7.0524058342, 9.26419353485, 5.98444652557, 6.42518901825, 10.0990457535, 5.1802315712, 8.4414730072, 5.83165788651, 6.54455184937, 9.25014305115, 7.17863798141, 9.76094722748, 6.3737745285, 5.44559621811, 4.82734155655, 2.88071084023, 2.55735468864, 1.49424159527, 0.721099495888, 0.530441880226, 0.685348153114, 0.556434929371, 0.223557054996, 0.113673307002, 0.0328062623739, 0.00859390664846, 0.00223718909547, 0.000116498500574, 9.37229197007e-06, 1.34995052576e-05, 2.73290570476e-05],
        "min": [4.65612590641e-23, 1.09849903416e-22, 5.17802441684e-22, 3.20943977407e-21, 5.96872850503e-21, 1.34086938569e-20, 2.28732322256e-20, 3.63604040354e-20, 6.93172635805e-20, 8.62669181147e-20, 8.13136055104e-20, 2.37432759804e-19, 3.5259984987e-19, 4.6131268226e-19, 6.04865328075e-19, 8.13767206836e-19, 1.03059342417e-18, 1.32849269901e-18, 1.55790131573e-18, 2.46012902673e-18, 2.21877716273e-18, 3.69262813944e-18, 4.24046282809e-18, 5.61081986169e-18, 6.47413792725e-18, 7.21641134506e-18, 7.06394376019e-18, 7.5538704293e-18, 9.58598518782e-18, 9.78039331129e-18, 1.0058371492e-17, 9.73121825105e-18, 8.30776945702e-18, 7.0609353043e-18, 5.83713689087e-18, 3.8690827213e-18, 2.03470962411e-18, 8.37749861131e-19, 2.31040825019e-19, 2.43471404458e-20],
        "var": [0.0324898324907, 1.57290184498, 17.3710918427, 65.0921096802, 155.997253418, 571.454284668, 2664.41210938, 707.522338867, 1219.23657227, 2118.27050781, 3296.09936523, 1561.20751953, 2342.18652344, 5498.72998047, 2562.80859375, 7532.46533203, 1272.36279297, 3861.12744141, 1272.73962402, 10633.46875, 2250.50756836, 1442.41064453, 866.642456055, 1761.8190918, 222.897567749, 172.045410156, 122.909965515, 23.6829395294, 51.1283035278, 42.7361602783, 19.5559997559, 3.13000392914, 5.22167301178, 0.609582841396, 0.0457681044936, 0.0025958630722, 0.000175079840119, 2.05445260804e-07, 3.42841199874e-10, 4.86557960588e-10]
    },
    "gfcc": {
        "mean": [-134.823364258, 123.069717407, -122.480712891, 42.0310897827, -54.6742172241, 11.3199071884, -35.595539093, 1.30876266956, -11.4998941422, -8.62659645081, -1.84157168865, -6.66832208633, 2.04847955704],
        "cov": [[111205.835938, 12856.1191406, -13314.0166016, 4821.82568359, -6010.03125, 1244.68322754, -3869.54638672, 220.151519775, -1262.3782959, -925.89251709, -226.857254028, -658.711120605, 8.55018424988], [12856.1191406, 2837.98120117, -1196.65893555, 707.737060547, -478.361083984, -8.51812171936, -301.163879395, -169.541687012, -46.5592727661, -270.201049805, 215.165176392, -196.517944336, 140.412979126], [-13314.0166016, -1196.65893555, 2458.71533203, -329.680267334, 776.891662598, -136.558746338, 449.728790283, -51.0297698975, 148.049133301, 142.74319458, 44.8093490601, 120.756362915, -26.7504901886], [4821.82568359, 707.737060547, -329.680267334, 561.011962891, -172.678985596, -7.6020655632, -176.049804688, -9.16820335388, 33.459072113, -80.0688323975, 16.3214206696, -50.1189727783, 37.1812171936], [-6010.03125, -478.361083984, 776.891662598, -172.678985596, 511.342041016, -99.4769134521, 236.040130615, -26.879732132, 68.8602752686, 46.3939208984, 27.3028373718, 24.7557811737, 17.6362361908], [1244.68322754, -8.51812171936, -136.558746338, -7.6020655632, -99.4769134521, 191.250854492, 2.20493531227, 10.6779174805, -63.3001976013, 10.8810949326, -22.7968635559, -10.4460735321, -41.2101020813], [-3869.54638672, -301.163879395, 449.728790283, -176.049804688, 236.040130615, 2.20493531227, 303.73034668, -11.7844200134, 21.3959331512, 0.0740633606911, 57.2038955688, -2.94146728516, -5.93488931656], [220.151519775, -169.541687012, -51.0297698975, -9.16820335388, -26.879732132, 10.6779174805, -11.7844200134, 120.741897583, 1.1800122261, 25.3098831177, -57.6683654785, 19.7048130035, -16.7628612518], [-1262.3782959, -46.5592727661, 148.049133301, 33.459072113, 68.8602752686, -63.3001976013, 21.3959331512, 1.1800122261, 169.352432251, -22.1280899048, 17.8266181946, -24.8069667816, 28.7331962585], [-925.89251709, -270.201049805, 142.74319458, -80.0688323975, 46.3939208984, 10.8810949326, 0.0740633606911, 25.3098831177, -22.1280899048, 127.842750549, -38.1839523315, 31.8688755035, -34.413482666], [-226.857254028, 215.165176392, 44.8093490601, 16.3214206696, 27.3028373718, -22.7968635559, 57.2038955688, -57.6683654785, 17.8266181946, -38.1839523315, 134.243026733, -17.866153717, 27.3647823334], [-658.711120605, -196.517944336, 120.756362915, -50.1189727783, 24.7557811737, -10.4460735321, -2.94146728516, 19.7048130035, -24.8069667816, 31.8688755035, -17.866153717, 100.003646851, -6.71053504944], [8.55018424988, 140.412979126, -26.7504901886, 37.1812171936, 17.6362361908, -41.2101020813, -5.93488931656, -16.7628612518, 28.7331962585, -34.413482666, 27.3647823334, -6.71053504944, 103.485183716]],
        "icov": [[0.000463430624222, -0.00123528135009, 0.00102272129152, -0.00140520103741, 0.00145736325067, -0.00101229082793, 0.00101112003904, -0.00103451730683, 0.000960493285675, -0.000686209241394, 0.000614680000581, -0.000917937082704, 0.000929017842282], [-0.00123528135009, 0.00421789567918, -0.0025667573791, 0.00301837571897, -0.00366421998478, 0.00289663905278, -0.00243193143979, 0.00329388794489, -0.00196387944743, 0.00239727925509, -0.00268761813641, 0.00332544161938, -0.00292805070058], [0.00102272129152, -0.0025667573791, 0.00325242755935, -0.00333808199503, 0.00226483610459, -0.00218482362106, 0.00159083632752, -0.00167349306867, 0.00158258131705, -0.0020329982508, 0.00127938843798, -0.00289263459854, 0.0023610338103], [-0.00140520103741, 0.00301837571897, -0.00333808199503, 0.00743206823245, -0.00444513652474, 0.00274209864438, -0.00157882412896, 0.00232518976554, -0.00372218457051, 0.00287035410292, -0.00169195258059, 0.00298862112686, -0.0027476826217], [0.00145736325067, -0.00366421998478, 0.00226483610459, -0.00444513652474, 0.00994937401265, -0.00120023742784, 0.000484165240778, -0.0022183530964, 0.00285715353675, -0.00317820860073, 0.00277016591281, -0.00236394070089, 0.00179275718983], [-0.00101229082793, 0.00289663905278, -0.00218482362106, 0.00274209864438, -0.00120023742784, 0.00974282901734, -0.00415093870834, 0.0027072050143, -2.1259602363e-05, 0.000971992441919, -0.000310290663037, 0.00329301250167, -0.000487073615659], [0.00101112003904, -0.00243193143979, 0.00159083632752, -0.00157882412896, 0.000484165240778, -0.00415093870834, 0.0102858794853, -0.0041940533556, 0.00268733873963, 0.000895064673387, -0.00235646497458, -0.000125042570289, 0.00253621838056], [-0.00103451730683, 0.00329388794489, -0.00167349306867, 0.00232518976554, -0.0022183530964, 0.0027072050143, -0.0041940533556, 0.0142286289483, -0.00338386348449, 0.000307294860249, 0.00300645385869, 0.000223953160457, -0.00187016522978], [0.000960493285675, -0.00196387944743, 0.00158258131705, -0.00372218457051, 0.00285715353675, -2.1259602363e-05, 0.00268733873963, -0.00338386348449, 0.0104790963233, 2.06431559491e-05, 0.000193435043911, 0.0013935319148, 0.000578853243496], [-0.000686209241394, 0.00239727925509, -0.0020329982508, 0.00287035410292, -0.00317820860073, 0.000971992441919, 0.000895064673387, 0.000307294860249, 2.06431559491e-05, 0.0128440475091, -0.000500164926052, 0.000809895573184, 0.000727243255824], [0.000614680000581, -0.00268761813641, 0.00127938843798, -0.00169195258059, 0.00277016591281, -0.000310290663037, -0.00235646497458, 0.00300645385869, 0.000193435043911, -0.000500164926052, 0.0137164536864, -0.00232783099636, 0.000292638811516], [-0.000917937082704, 0.00332544161938, -0.00289263459854, 0.00298862112686, -0.00236394070089, 0.00329301250167, -0.000125042570289, 0.000223953160457, 0.0013935319148, 0.000809895573184, -0.00232783099636, 0.01583131589, -0.00298989983276], [0.000929017842282, -0.00292805070058, 0.0023610338103, -0.0027476826217, 0.00179275718983, -0.000487073615659, 0.00253621838056, -0.00187016522978, 0.000578853243496, 0.000727243255824, 0.000292638811516, -0.00298989983276, 0.0143097769469]]
    },
    "melbands": {
        "dmean": [0.000422715733293, 0.000495320069604, 0.000330315873725, 0.000456119829323, 0.000554418365937, 0.000234405408264, 0.000160951516591, 0.000130390544655, 0.000146972044604, 6.03989283263e-05, 6.18879203103e-05, 8.59559731907e-05, 3.10066170641e-05, 4.32149026892e-05, 3.29023241648e-05, 1.76570956683e-05, 2.99123512377e-05, 1.90792143258e-05, 2.06175518542e-05, 2.3455299015e-05, 1.66960471688e-05, 1.14466020023e-05, 6.68221946398e-06, 8.29618693388e-06, 6.84804672346e-06, 2.98165446111e-06, 2.04539946935e-06, 2.54368774222e-06, 1.76691787601e-06, 1.11514714263e-06, 5.64072990983e-07, 6.34716911918e-07, 7.35718515443e-07, 8.5659138449e-07, 6.99747431554e-07, 2.81232672705e-07, 1.89089817582e-07, 2.24005077598e-07, 1.27482707057e-07, 9.26424732484e-08],
        "dmean2": [0.0006954689743, 0.000854121753946, 0.00053954764735, 0.000740368734114, 0.000851635297295, 0.000376085110474, 0.000251945049968, 0.000204636889976, 0.000236854219111, 9.49089881033e-05, 9.938061703e-05, 0.000137877315865, 4.8137644626e-05, 6.96628994774e-05, 5.18452470715e-05, 2.79156811303e-05, 4.7730627557e-05, 3.09661045321e-05, 3.41808154189e-05, 3.83427650377e-05, 2.75182192127e-05, 1.89597158169e-05, 1.10307164505e-05, 1.2941456589e-05, 1.09163802335e-05, 4.85815962747e-06, 3.34784635925e-06, 4.11720111515e-06, 2.83464169115e-06, 1.81274776878e-06, 9.22534468373e-07, 1.06641800812e-06, 1.19730464121e-06, 1.36927769745e-06, 1.10838971068e-06, 4.45793489234e-07, 2.95104428005e-07, 3.54781008127e-07, 1.93301502804e-07, 1.42294524608e-07],
        "dvar": [1.31865590447e-06, 2.49691402132e-06, 8.26507516649e-07, 8.03530895155e-07, 9.19220553897e-07, 2.19105885435e-07, 1.05034985154e-07, 1.04929526401e-07, 1.0571934439e-07, 2.7679249115e-08, 2.75958509377e-08, 4.16798684455e-08, 1.49442413999e-08, 2.05567367573e-08, 8.61012949827e-09, 2.33529595661e-09, 8.73070060692e-09, 1.63565838651e-09, 4.52293402731e-09, 6.26678575699e-09, 1.39760880646e-09, 8.33977720216e-10, 2.73095879244e-10, 3.75012271236e-10, 5.55048340622e-10, 5.43352342286e-11, 2.85370269082e-11, 3.77636220905e-11, 2.34476275202e-11, 1.36621538735e-11, 7.39633788244e-12, 2.47332015979e-11, 1.55974209243e-11, 9.60511965103e-12, 5.31587924721e-12, 1.36787781622e-12, 4.23896893064e-13, 1.82869388035e-12, 5.77397342178e-13, 2.11065336758e-13],
        "dvar2": [3.68236919712e-06, 7.21596234143e-06, 1.98141788132e-06, 2.19947014557e-06, 2.16010175791e-06, 6.26356779776e-07, 2.6873615866e-07, 2.563857322e-07, 2.79809739823e-07, 7.14426136028e-08, 7.46342365687e-08, 1.04783183019e-07, 3.31603153825e-08, 5.27067314238e-08, 2.25756959793e-08, 5.73851055563e-09, 2.22653984139e-08, 4.19764312198e-09, 1.22731487195e-08, 1.64014828385e-08, 3.5480796079e-09, 2.25629293027e-09, 7.23136439618e-10, 8.2736228979e-10, 1.21631682504e-09, 1.38780223424e-10, 7.34860297613e-11, 9.72716282521e-11, 5.68105215648e-11, 3.51207084248e-11, 1.96416390097e-11, 7.01504757061e-11, 4.20982658456e-11, 2.48946765979e-11, 1.32311774384e-11, 3.30016916572e-12, 8.77696840988e-13, 3.8983117949e-12, 1.15511116297e-12, 4.67196268651e-13],
        "max": [0.0233244076371, 0.0299597028643, 0.0391642600298, 0.0329005345702, 0.0182130429894, 0.0105706853792, 0.00904694572091, 0.00842022988945, 0.00577195500955, 0.00465978868306, 0.00501284608617, 0.00548483012244, 0.00445900904015, 0.00579612003639, 0.00365053187124, 0.00141245662235, 0.00378065626137, 0.000944974424783, 0.00202306429856, 0.00209732796066, 0.00109017209616, 0.00139072688762, 0.000528786273208, 0.000661953992676, 0.00115878973156, 0.000176379267941, 0.00015152443666, 0.000135410751682, 0.00012829771731, 0.000100804383692, 0.000118672876852, 0.000293042801786, 0.000195965403691, 0.000120292934298, 8.44219248393e-05, 6.91536624799e-05, 2.70353975793e-05, 7.04635604052e-05, 4.14255919168e-05, 2.04144635063e-05],
        "mean": [0.00116854463704, 0.0013044946827, 0.000778261106461, 0.000908119021915, 0.00108423281927, 0.000433223816799, 0.000297216960462, 0.000214070867514, 0.000247349409619, 0.000102694772067, 0.000107403873699, 0.000147385813762, 5.42186389794e-05, 7.73445644882e-05, 6.14090749878e-05, 3.24093598465e-05, 5.0490067224e-05, 3.44763357134e-05, 3.70181187463e-05, 4.19018178945e-05, 3.23479180224e-05, 2.24904979405e-05, 1.39549110827e-05, 1.66254849319e-05, 1.37936576721e-05, 6.20905075266e-06, 4.36043683294e-06, 5.04745776198e-06, 3.78311005989e-06, 1.89358138414e-06, 8.59513249907e-07, 9.1360703891e-07, 1.1895648413e-06, 1.59848821113e-06, 1.39525957366e-06, 5.40719668152e-07, 3.622218685e-07, 3.8225687149e-07, 2.09010252661e-07, 1.29308702412e-07],
        "median": [0.000788390811067, 0.000705701415427, 0.000442838150775, 0.000560552813113, 0.000560777203646, 0.000203386691283, 0.000117754541861, 7.42697302485e-05, 6.36323529761e-05, 2.81945231109e-05, 2.86826543743e-05, 3.76457865059e-05, 1.14877966553e-05, 1.86988345376e-05, 1.7398622731e-05, 8.59150168253e-06, 1.09559723569e-05, 1.33156354423e-05, 9.85598762782e-06, 8.45628346724e-06, 1.15591246868e-05, 6.48084551358e-06, 3.82929965781e-06, 4.80561038785e-06, 3.36089669872e-06, 2.09774839277e-06, 1.47110733906e-06, 1.61134357768e-06, 9.10181597646e-07, 5.82274594763e-07, 2.93444145427e-07, 2.54728433902e-07, 2.96084920137e-07, 4.01307460152e-07, 3.48315268184e-07, 1.59961942359e-07, 1.14870594814e-07, 8.72211103342e-08, 3.89585999017e-08, 1.88003266288e-08],
        "min": [4.05237008847e-25, 2.18756404525e-25, 7.19704526496e-25, 8.52193814136e-25, 7.62476909904e-25, 8.09600650065e-25, 9.96853351998e-25, 9.61412198109e-25, 6.59574737983e-25, 1.47220486044e-24, 1.31115930107e-24, 1.54523996963e-24, 1.87348824635e-24, 2.27061522274e-24, 1.56397788132e-24, 1.88790901812e-24, 2.21600632658e-24, 1.81974985819e-24, 1.79610237205e-24, 2.66309541398e-24, 2.55610280105e-24, 3.01649070281e-24, 2.82076602919e-24, 3.33124087918e-24, 3.90533203637e-24, 3.47102308728e-24, 3.32111072187e-24, 3.74959117216e-24, 3.54992456059e-24, 3.51119780103e-24, 4.15224826072e-24, 4.19711314698e-24, 4.46376627675e-24, 4.47152156831e-24, 4.71632403986e-24, 5.09632307107e-24, 5.2610581329e-24, 5.4043906095e-24, 5.40909853138e-24, 5.74727767942e-24],
        "var": [2.28655039791e-06, 3.67973166249e-06, 1.63662593877e-06, 1.43820659559e-06, 2.28265798796e-06, 4.32513019177e-07, 2.49219965553e-07, 2.04592026876e-07, 2.16161907929e-07, 6.00477534363e-08, 5.93749511779e-08, 1.02423747705e-07, 3.79221383184e-08, 4.46132446541e-08, 1.97521625722e-08, 5.82676351613e-09, 1.75534022873e-08, 3.67490526898e-09, 1.02476827024e-08, 1.49238363889e-08, 3.78661724199e-09, 2.21629425923e-09, 9.9159114253e-10, 1.1695177049e-09, 1.47678247409e-09, 1.56932342121e-10, 7.62278434818e-11, 8.51820627923e-11, 7.03833519244e-11, 2.19827350767e-11, 7.3776254203e-12, 1.8306241939e-11, 1.6356513366e-11, 1.40341653229e-11, 9.27986854027e-12, 2.13165054185e-12, 9.83654238791e-13, 3.30883562737e-12, 1.33609161061e-12, 3.30306474446e-13]
    },
    "mfcc": {
        "mean": [-704.770629883, 131.73248291, -5.40493392944, 26.5878868103, 6.43056774139, 5.84740781784, -6.754342556, 5.38357400894, -6.51728963852, 4.32358407974, -6.24894380569, 0.030210968107, 0.901507079601],
        "cov": [[24323.28125, 5431.03808594, -559.934997559, 1333.0489502, 187.667739868, 221.1302948, -414.348693848, 383.330810547, -467.473327637, 333.005737305, -323.730834961, -9.30130672455, 35.8379974365], [5431.03808594, 2910.38818359, 146.984115601, 592.494689941, 179.740280151, 151.194046021, 20.7165241241, 65.3642120361, -172.215301514, 48.1194076538, -96.613822937, 22.8644962311, 51.1962013245], [-559.934997559, 146.984115601, 716.474121094, 182.155731201, 110.476417542, 75.5033493042, 13.8510532379, 9.55579090118, -13.3327217102, -21.1299362183, 28.4048347473, 27.3332195282, 14.4826564789], [1333.0489502, 592.494689941, 182.155731201, 501.992675781, 171.15071106, 25.287733078, -56.6144638062, 24.8627529144, 1.2327401638, 0.116183765233, -39.3244781494, 38.2478256226, 39.500038147], [187.667739868, 179.740280151, 110.476417542, 171.15071106, 185.768249512, 16.6613559723, -50.9532470703, -15.4662599564, 29.9284343719, -11.5067777634, -18.0883407593, 23.316078186, 6.65326738358], [221.1302948, 151.194046021, 75.5033493042, 25.287733078, 16.6613559723, 141.944839478, 53.6860733032, 3.00425028801, -25.199508667, 3.99208903313, 21.7776145935, -14.1258573532, -1.81401216984], [-414.348693848, 20.7165241241, 13.8510532379, -56.6144638062, -50.9532470703, 53.6860733032, 207.944671631, 10.8598470688, -25.0289382935, -11.0428781509, 21.3996906281, -17.7963199615, 20.1807765961], [383.330810547, 65.3642120361, 9.55579090118, 24.8627529144, -15.4662599564, 3.00425028801, 10.8598470688, 118.595542908, -8.46168231964, 25.7903232574, -15.3947143555, -5.28353643417, 4.54394388199], [-467.473327637, -172.215301514, -13.3327217102, 1.2327401638, 29.9284343719, -25.199508667, -25.0289382935, -8.46168231964, 141.020935059, -5.6451420784, 1.97831964493, 0.272611677647, -1.27678215504], [333.005737305, 48.1194076538, -21.1299362183, 0.116183765233, -11.5067777634, 3.99208903313, -11.0428781509, 25.7903232574, -5.6451420784, 111.861610413, 7.59090852737, -13.3431186676, -29.1380310059], [-323.730834961, -96.613822937, 28.4048347473, -39.3244781494, -18.0883407593, 21.7776145935, 21.3996906281, -15.3947143555, 1.97831964493, 7.59090852737, 90.4647369385, -1.70370185375, -3.23511958122], [-9.30130672455, 22.8644962311, 27.3332195282, 38.2478256226, 23.316078186, -14.1258573532, -17.7963199615, -5.28353643417, 0.272611677647, -13.3431186676, -1.70370185375, 76.7377243042, 19.2661361694], [35.8379974365, 51.1962013245, 14.4826564789, 39.500038147, 6.65326738358, -1.81401216984, 20.1807765961, 4.54394388199, -1.27678215504, -29.1380310059, -3.23511958122, 19.2661361694, 83.6687927246]],
