{
"lowlevel": {
    "average_loudness": 0.773516118526,
    "barkbands_crest": {
        "dmean": 2.15780067444,
        "dmean2": 3.5210955143,
        "dvar": 4.32418346405,
        "dvar2": 10.7818870544,
        "max": 26.1419563293,
        "mean": 10.1872396469,
        "median": 9.22772789001,
        "min": 2.37490653992,
        "var": 17.8419780731
    },
    "barkbands_flatness_db": {
        "dmean": 0.01726054959,
        "dmean2": 0.0266390312463,
        "dvar": 0.000266467832262,
        "dvar2": 0.000569130352233,
        "max": 0.36408418417,
        "mean": 0.161546975374,
        "median": 0.16265411675,
        "min": 0.0306699797511,
        "var": 0.00300283986144
    },
    "barkbands_kurtosis": {
        "dmean": 2.43102622032,
        "dmean2": 3.78452134132,
        "dvar": 18.8509998322,
        "dvar2": 39.561340332,
        "max": 139.588165283,
        "mean": 4.61572122574,
        "median": 2.63439536095,
        "min": -1.88249576092,
        "var": 72.150718689
    },
    "barkbands_skewness": {
        "dmean": 0.429368108511,
        "dmean2": 0.652310311794,
        "dvar": 0.219347655773,
        "dvar2": 0.467222005129,
        "max": 10.7750806808,
        "mean": 1.15440940857,
        "median": 1.28430843353,
        "min": -3.46317028999,
        "var": 2.53454375267
    },
    "barkbands_spread": {
        "dmean": 4.20630979538,
        "dmean2": 6.44332027435,
        "dvar": 34.7457199097,
        "dvar2": 72.7716140747,
        "max": 99.6165390015,
        "mean": 18.4509391785,
        "median": 17.1463241577,
        "min": 0.630391657352,
        "var": 125.969665527
    },
    "dissonance": {
        "dmean": 0.0183611288667,
        "dmean2": 0.0309583935887,
        "dvar": 0.000319864600897,
        "dvar2": 0.000884364650119,
        "max": 0.500000119209,
        "mean": 0.459189385176,
        "median": 0.465157985687,
        "min": 0.263445943594,
        "var": 0.00102951040026
    },
    "dynamic_complexity": 3.2604238987,
    "erbbands_crest": {
        "dmean": 2.42794322968,
        "dmean2": 3.91446852684,
        "dvar": 5.83508634567,
        "dvar2": 14.2692317963,
        "max": 31.1739501953,
        "mean": 9.82542228699,
        "median": 8.95491790771,
        "min": 2.41375303268,
        "var": 26.4469547272
    },
    "erbbands_flatness_db": {
        "dmean": 0.0147845409811,
        "dmean2": 0.022174179554,
        "dvar": 0.000219148074393,
        "dvar2": 0.000429143226938,
        "max": 0.340646952391,
        "mean": 0.184474170208,
        "median": 0.186520397663,
        "min": 0.069007307291,
        "var": 0.00270186993293
    },
    "erbbands_kurtosis": {
        "dmean": 0.897480010986,
        "dmean2": 1.43340682983,
        "dvar": 2.51974058151,
        "dvar2": 5.50381946564,
        "max": 54.3099098206,
        "mean": 0.526132047176,
        "median": -0.0612213611603,
        "min": -1.85809075832,
        "var": 7.27623176575
    },
    "erbbands_skewness": {
        "dmean": 0.355027794838,
        "dmean2": 0.54394286871,
        "dvar": 0.12493083626,
        "dvar2": 0.274437129498,
        "max": 6.24683237076,
        "mean": 0.322252810001,
        "median": 0.272872745991,
        "min": -3.83976173401,
        "var": 0.857216536999
    },
    "erbbands_spread": {
        "dmean": 6.01562643051,
        "dmean2": 9.28811264038,
        "dvar": 64.3943939209,
        "dvar2": 136.177642822,
        "max": 141.58883667,
        "mean": 34.6509933472,
        "median": 34.2589569092,
        "min": 3.13606882095,
        "var": 262.743774414
    },
    "hfc": {
        "dmean": 4.17133569717,
        "dmean2": 5.99785041809,
        "dvar": 40.0248069763,
        "dvar2": 80.1651916504,
        "max": 109.35295105,
        "mean": 16.622713089,
        "median": 12.7905960083,
        "min": 1.04481249346e-16,
        "var": 237.462203979
    },
    "melbands_crest": {
        "dmean": 2.53680753708,
        "dmean2": 4.13886737823,
        "dvar": 6.54706382751,
        "dvar2": 16.4615974426,
        "max": 34.3671607971,
        "mean": 12.3046703339,
        "median": 11.9515647888,
        "min": 1.53974306583,
        "var": 36.842338562
    },
    "melbands_flatness_db": {
        "dmean": 0.0186790842563,
        "dmean2": 0.0277119334787,
        "dvar": 0.000404343591072,
        "dvar2": 0.000801817339379,
        "max": 0.440862566233,
        "mean": 0.194283291698,
        "median": 0.204531550407,
        "min": 0.00267545739189,
        "var": 0.00819330755621
    },
    "melbands_kurtosis": {
        "dmean": 4.5093755722,
        "dmean2": 6.99927139282,
        "dvar": 60.8260536194,
        "dvar2": 131.527954102,
        "max": 215.290618896,
        "mean": 10.3165769577,
        "median": 6.00141716003,
        "min": -1.82241261005,
        "var": 227.352493286
    },
    "melbands_skewness": {
        "dmean": 0.505953073502,
        "dmean2": 0.775817036629,
        "dvar": 0.334015548229,
        "dvar2": 0.720327734947,
        "max": 11.505941391,
        "mean": 2.12264752388,
        "median": 2.07970762253,
        "min": -2.32982444763,
        "var": 2.44207954407
    },
    "melbands_spread": {
        "dmean": 6.40345287323,
        "dmean2": 9.97438240051,
        "dvar": 88.1932449341,
        "dvar2": 196.872436523,
        "max": 233.358139038,
        "mean": 33.5768623352,
        "median": 18.8163642883,
        "min": 0.794062554836,
        "var": 1573.65844727
    },
    "pitch_salience": {
        "dmean": 0.0563670918345,
        "dmean2": 0.0913447886705,
        "dvar": 0.00295553239994,
        "dvar2": 0.00745765026659,
        "max": 0.953413903713,
        "mean": 0.571855127811,
        "median": 0.562668442726,
        "min": 0.101447366178,
        "var": 0.0181311033666
    },
    "silence_rate_20dB": {
        "dmean": 0,
        "dmean2": 0,
        "dvar": 0,
        "dvar2": 0,
        "max": 1,
        "mean": 1,
        "median": 1,
        "min": 1,
        "var": 0
    },
    "silence_rate_30dB": {
        "dmean": 0,
        "dmean2": 0,
        "dvar": 0,
        "dvar2": 0,
        "max": 1,
        "mean": 1,
        "median": 1,
        "min": 1,
        "var": 0
    },
    "silence_rate_60dB": {
        "dmean": 0.0114241205156,
        "dmean2": 0.0228512082249,
        "dvar": 0.0112928673625,
        "dvar2": 0.025442102924,
        "max": 1,
        "mean": 0.178219109774,
        "median": 0,
        "min": 0,
        "var": 0.146441206336
    },
    "spectral_centroid": {
        "dmean": 222.779174805,
        "dmean2": 342.60836792,
        "dvar": 75414.6484375,
        "dvar2": 161156.46875,
        "max": 11872.1376953,
        "mean": 2291.34814453,
        "median": 1157.64746094,
        "min": 261.371246338,
        "var": 10420999
    },
    "spectral_complexity": {
        "dmean": 2.17240047455,
        "dmean2": 3.38145947456,
        "dvar": 6.05214357376,
        "dvar2": 12.8883705139,
        "max": 49,
        "mean": 13.852804184,
        "median": 14,
        "min": 0,
        "var": 76.050491333
    },
    "spectral_decrease": {
        "dmean": 1.54388346552e-09,
        "dmean2": 2.37943464931e-09,
        "dvar": 3.75516464811e-18,
        "dvar2": 8.57201726679e-18,
        "max": 2.53254322861e-28,
        "mean": -5.94077587124e-09,
        "median": -5.61356916506e-09,
        "min": -2.61009134306e-08,
        "var": 2.0614834753e-17
    },
    "spectral_energy": {
        "dmean": 0.00610776944086,
        "dmean2": 0.00937707722187,
        "dvar": 5.83624605497e-05,
        "dvar2": 0.000132124492666,
        "max": 0.102055057883,
        "mean": 0.0239296313375,
        "median": 0.022566376254,
        "min": 9.84008482917e-21,
        "var": 0.00033126474591
    },
    "spectral_energyband_high": {
        "dmean": 0.000165002871654,
        "dmean2": 0.000232579433941,
        "dvar": 2.82769775595e-07,
        "dvar2": 5.68884559016e-07,
        "max": 0.0135874757543,
        "mean": 0.000372583221179,
        "median": 0.000122431083582,
        "min": 6.67239465392e-21,
        "var": 8.28256986551e-07
    },
    "spectral_energyband_low": {
        "dmean": 0.00141065649223,
        "dmean2": 0.00224521895871,
        "dvar": 7.02810621078e-06,
        "dvar2": 1.68237565958e-05,
        "max": 0.0477064214647,
        "mean": 0.00487388670444,
        "median": 0.00375318853185,
        "min": 7.82208520093e-24,
        "var": 3.05288231175e-05
    },
    "spectral_energyband_middle_high": {
        "dmean": 0.00152553606313,
        "dmean2": 0.0021422081627,
        "dvar": 7.15615487934e-06,
        "dvar2": 1.33483754325e-05,
        "max": 0.0457986742258,
        "mean": 0.00508242333308,
        "median": 0.00267050834373,
        "min": 1.01458993177e-21,
        "var": 4.30515792686e-05
    },
    "spectral_energyband_middle_low": {
        "dmean": 0.00502163358033,
        "dmean2": 0.00792473182082,
        "dvar": 4.52977146779e-05,
        "dvar2": 0.000109106047603,
        "max": 0.0784831121564,
        "mean": 0.0141666857526,
        "median": 0.0111674806103,
        "min": 1.4763473781e-22,
        "var": 0.000169259204995
    },
    "spectral_entropy": {
        "dmean": 0.139250159264,
        "dmean2": 0.208188712597,
        "dvar": 0.0257144253701,
        "dvar2": 0.0492323637009,
        "max": 9.82786178589,
        "mean": 7.55024814606,
        "median": 7.29895973206,
        "min": 5.36603927612,
        "var": 0.850584924221
    },
    "spectral_flux": {
        "dmean": 0.0182848125696,
        "dmean2": 0.029331965372,
        "dvar": 0.000443261582404,
        "dvar2": 0.00106001179665,
        "max": 0.259102016687,
        "mean": 0.0654328018427,
        "median": 0.0630488395691,
        "min": 6.2577588944e-11,
        "var": 0.00179871765431
    },
    "spectral_kurtosis": {
        "dmean": 1.7330416441,
        "dmean2": 2.9295167923,
        "dvar": 3.76435518265,
        "dvar2": 10.6822681427,
        "max": 37.7912979126,
        "mean": 4.80579137802,
        "median": 4.70384502411,
        "min": -1.28260207176,
        "var": 13.7718343735
    },
    "spectral_rms": {
        "dmean": 0.000567649840377,
        "dmean2": 0.000858326558955,
        "dvar": 4.09606911944e-07,
        "dvar2": 8.7054343112e-07,
        "max": 0.00997827202082,
        "mean": 0.00424802396446,
        "median": 0.00469211861491,
        "min": 3.09840000878e-12,
        "var": 5.30016177436e-06
    },
    "spectral_rolloff": {
        "dmean": 360.061737061,
        "dmean2": 604.866455078,
        "dvar": 531995.125,
        "dvar2": 1149380.875,
        "max": 19853.6132812,
        "mean": 3352.93188477,
        "median": 1313.52539062,
        "min": 129.19921875,
        "var": 32600900
    },
    "spectral_skewness": {
        "dmean": 0.209854364395,
        "dmean2": 0.338896632195,
        "dvar": 0.0451176986098,
        "dvar2": 0.108795285225,
        "max": 4.71701288223,
        "mean": 1.52895450592,
        "median": 1.679510355,
        "min": -0.109925769269,
        "var": 0.507339417934
    },
    "spectral_spread": {
        "dmean": 491970.15625,
        "dmean2": 755532.3125,
        "dvar": 692939063296,
        "dvar2": 1.40941564314e+12,
        "max": 43687544,
        "mean": 8123461,
        "median": 3739955,
        "min": 1559367.875,
        "var": 1.3996591258e+14
    },
    "spectral_strongpeak": {
        "dmean": 0.524262726307,
        "dmean2": 0.86290872097,
        "dvar": 0.879819989204,
        "dvar2": 2.0259373188,
        "max": 12.4339466095,
        "mean": 1.17483627796,
        "median": 0.625603795052,
        "min": 0,
        "var": 2.39020466805
    },
    "zerocrossingrate": {
        "dmean": 0.00856092758477,
        "dmean2": 0.0106637021527,
        "dvar": 0.000175541223143,
        "dvar2": 0.000212694751099,
        "max": 0.75,
        "mean": 0.103312805295,
        "median": 0.04931640625,
        "min": 0.00390625,
        "var": 0.0219294950366
    },
    "barkbands": {
        "dmean": [3.78046315745e-05, 0.000952078960836, 0.000543130736332, 0.000568598799873, 0.00240885349922, 0.00220309803262, 0.000948702334426, 0.000597608974203, 0.000422695593443, 0.000354602962034, 0.000234947903664, 0.000279535684967, 0.000317922240356, 0.000326313718688, 0.000436846603407, 0.000319050071994, 0.000147889382788, 0.000167147023603, 0.000122384226415, 7.14111301932e-05, 3.06952970277e-05, 5.13151280757e-05, 4.28861385444e-05, 3.55660813511e-05, 1.43547504194e-05, 4.10106667914e-06, 1.96657996554e-08],
        "dmean2": [6.23254745733e-05, 0.00155230215751, 0.000894969911315, 0.000951073190663, 0.0039015726652, 0.0035002392251, 0.00151640258264, 0.000923056621104, 0.000639920937829, 0.000541003595572, 0.000359920173651, 0.000433278037235, 0.000481956056319, 0.00049733085325, 0.000639974779915, 0.000463645264972, 0.000229183133342, 0.000253200938459, 0.000189200902241, 0.000107827603642, 4.52402236988e-05, 7.40271352697e-05, 6.16617980995e-05, 5.60394219065e-05, 2.23477163672e-05, 6.20521359451e-06, 3.33388783247e-08],
        "dvar": [1.13600799878e-08, 3.62885020877e-06, 1.58914531312e-06, 1.53225778377e-06, 1.54174413183e-05, 1.68372789631e-05, 8.68369170348e-06, 3.46043520949e-06, 1.41106340834e-06, 9.6320547982e-07, 6.19531590473e-07, 7.08850109277e-07, 1.171388476e-06, 1.18639070479e-06, 1.58136458595e-06, 8.60917964474e-07, 1.3649810171e-07, 1.19323530612e-07, 1.31212203769e-07, 2.95708737497e-08, 1.19751080163e-08, 4.36089742095e-08, 2.29528218654e-08, 2.11122781479e-08, 4.91120655255e-09, 2.15105058765e-10, 4.13779829898e-15],
        "dvar2": [2.85589809579e-08, 9.0073199317e-06, 4.03115518566e-06, 3.8902489905e-06, 3.81351237593e-05, 4.09571875934e-05, 2.18713394133e-05, 7.6841461123e-06, 3.27668703903e-06, 2.129573204e-06, 1.44365299093e-06, 1.74002673248e-06, 2.48101900979e-06, 2.54236101682e-06, 3.09242318508e-06, 1.65050323631e-06, 3.15932680905e-07, 2.65795677024e-07, 3.3611573258e-07, 7.15296977205e-08, 2.52078589114e-08, 8.76033325881e-08, 4.99291381573e-08, 5.44251221868e-08, 1.21864163205e-08, 4.8715548262e-10, 1.10265766515e-14],
        "max": [0.00301310932264, 0.0309214182198, 0.0297652520239, 0.0218498278409, 0.0534535422921, 0.063292644918, 0.0542137697339, 0.0600296109915, 0.0341516882181, 0.0233538690954, 0.0275840237737, 0.0311192180961, 0.0276368428022, 0.0282251145691, 0.0274135041982, 0.0233123451471, 0.0105194281787, 0.0070498790592, 0.0160836093128, 0.0073882881552, 0.003813525429, 0.00707331346348, 0.00345115270466, 0.00469213724136, 0.00179010815918, 0.000414032896515, 2.97192491416e-06],
        "mean": [5.62028217246e-05, 0.00307943904772, 0.00131418055389, 0.000901581428479, 0.00467659812421, 0.00436301110312, 0.00195076817181, 0.00123030506074, 0.000793264305685, 0.000707825471181, 0.000443232682301, 0.00055543408962, 0.000552327022888, 0.000574694306124, 0.000770776707213, 0.000612088711932, 0.000288828829071, 0.000329599133693, 0.000250352255534, 0.000155762914801, 6.08359659964e-05, 9.67216546996e-05, 7.95685264166e-05, 5.96491627221e-05, 2.07809243875e-05, 5.74112118557e-06, 2.3348677658e-08],
        "median": [5.23051721757e-06, 0.00180082791485, 0.000481751194457, 0.000299711420666, 0.00262016244233, 0.00156518723816, 0.000388913496863, 0.000234581180848, 0.000172957632458, 0.000126197817735, 7.91517595644e-05, 0.000111454981379, 0.000121889133879, 0.00010114529141, 0.000149344210513, 0.000111775756523, 9.58937889664e-05, 0.000112495690701, 8.8510569185e-05, 4.71298117191e-05, 1.35248683364e-05, 1.70337225427e-05, 1.99748337764e-05, 1.42993885675e-05, 4.77605954075e-06, 6.64853644139e-07, 4.69862238006e-09],
        "min": [1.19318219447e-25, 1.31421465797e-24, 2.93370295555e-25, 2.95207355388e-25, 2.5726655274e-24, 6.11728420955e-24, 4.74495535199e-24, 3.83718155391e-24, 5.29467031278e-24, 8.17400078392e-24, 8.32168895601e-24, 1.32599235128e-23, 1.81460474959e-23, 1.5903494225e-23, 2.88098723682e-23, 3.7460820822e-23, 4.8112957931e-23, 6.49471202752e-23, 8.1434275329e-23, 1.53688910781e-22, 1.96538421514e-22, 2.87273530999e-22, 3.29080861812e-22, 4.05022797218e-22, 7.86552433155e-22, 1.2025697552e-21, 1.65967792042e-21],
        "var": [2.20799609707e-08, 1.49564184539e-05, 3.82902408091e-06, 2.6779507607e-06, 3.77775249945e-05, 4.67371137347e-05, 2.85687947326e-05, 1.53393266373e-05, 3.0776134281e-06, 2.91863966595e-06, 1.84237285339e-06, 2.13653788705e-06, 2.5970734896e-06, 3.27860971083e-06, 4.7086482482e-06, 2.59755870502e-06, 3.8631887378e-07, 3.25117383682e-07, 2.32600726235e-07, 7.1907258814e-08, 3.24818429931e-08, 1.32312308665e-07, 5.03250632278e-08, 2.38008510678e-08, 5.04639885435e-09, 3.3346556072e-10, 3.72639990222e-15]
    },
    "erbbands": {
        "dmean": [0.0245295818895, 0.233657628298, 0.580331206322, 1.23430371284, 3.71505403519, 9.69149971008, 17.6995410919, 17.3768901825, 15.071475029, 11.096663475, 12.3094263077, 9.38918876648, 10.4832115173, 10.2428131104, 8.68015766144, 11.2487630844, 12.9699440002, 14.8416185379, 21.8124313354, 17.1304855347, 12.8877038956, 7.71112394333, 9.02712345123, 6.9719824791, 5.0918431282, 3.14456439018, 1.23670101166, 1.42779910564, 1.82774341106, 1.83657991886, 1.06018567085, 0.626501917839, 0.660107910633, 0.237873375416, 0.0661820471287, 0.0261503774673, 0.00648118415847, 0.000254409416812, 9.03076488612e-06, 7.15095529813e-06],
        "dmean2": [0.0403198935091, 0.377579212189, 0.95779967308, 2.05351042747, 6.25764656067, 15.7237949371, 28.1454391479, 27.5151233673, 24.3322887421, 17.1229763031, 19.014509201, 14.0714492798, 15.9180059433, 15.2732534409, 12.9299926758, 17.416179657, 19.4166278839, 22.3895702362, 31.8967399597, 24.8637771606, 18.5038890839, 11.7845430374, 13.5135936737, 10.4783420563, 7.80251789093, 4.74134492874, 1.8508862257, 2.11947584152, 2.69029068947, 2.67367386818, 1.53057765961, 0.950770974159, 1.06969845295, 0.378434062004, 0.0997108742595, 0.0394022129476, 0.0101482830942, 0.000396900926717, 1.37095003083e-05, 1.0931151337e-05],
        "dvar": [0.00301791378297, 0.213080018759, 1.63852369785, 6.84291362762, 63.9933547974, 269.355041504, 1120.57250977, 1569.7734375, 2265.16748047, 1288.61987305, 1411.50097656, 708.957214355, 941.886108398, 855.160522461, 847.278747559, 1163.96337891, 2169.55297852, 2549.50512695, 4215.57128906, 2199.44262695, 1321.4173584, 388.019378662, 357.62890625, 262.626159668, 407.55480957, 51.5805130005, 15.0372896194, 28.7507648468, 55.9205360413, 51.593296051, 13.5471487045, 4.18398094177, 9.82686805725, 1.58470261097, 0.0717948526144, 0.00809589866549, 0.000692722795065, 2.03027980206e-06, 9.04469943386e-10, 8.08175540379e-11],
        "dvar2": [0.00780751509592, 0.522524416447, 4.15182113647, 17.353017807, 171.001342773, 665.479370117, 2784.38208008, 3760.42138672, 5942.32958984, 3029.84765625, 3021.7109375, 1650.29211426, 2008.60314941, 1843.21411133, 1945.24560547, 2966.85229492, 4636.92431641, 5511.97265625, 8004.84765625, 4321.32470703, 2430.06420898, 873.140686035, 784.859619141, 567.724243164, 1114.91516113, 122.469749451, 32.8992195129, 63.0022621155, 115.454864502, 113.564323425, 29.1291770935, 9.91571140289, 26.0985507965, 4.05194854736, 0.164810419083, 0.0184641424567, 0.00160239310935, 4.47081902166e-06, 1.9922659078e-09, 1.8224519116e-10],
        "max": [0.984678924084, 7.61188077927, 26.2320308685, 42.4554786682, 138.295135498, 253.631973267, 498.445037842, 765.859313965, 932.136474609, 1041.98034668, 1493.69433594, 799.889465332, 1024.84362793, 735.035644531, 1086.52429199, 1511.23657227, 1482.19921875, 1745.51879883, 1705.08850098, 1444.9276123, 1014.3215332, 726.170349121, 403.357177734, 409.820648193, 1105.2800293, 275.987365723, 120.069816589, 162.433685303, 219.330123901, 239.712036133, 89.9508666992, 45.7472686768, 115.716285706, 36.8627624512, 5.86279678345, 2.2247376442, 1.00863087177, 0.0761515498161, 0.00137372687459, 0.000122848636238],
        "mean": [0.0707738697529, 0.74838578701, 1.61413693428, 2.3706343174, 5.75714874268, 17.7751350403, 34.9209594727, 34.83543396, 31.6797218323, 22.8047084808, 26.2762451172, 18.6882667542, 21.8296222687, 21.3642272949, 18.9504470825, 23.5933265686, 24.6207294464, 29.0547485352, 42.0144996643, 34.0781135559, 28.0637626648, 16.6492290497, 19.3153610229, 14.962518692, 11.1089544296, 7.05879497528, 2.70909166336, 2.65150761604, 3.37594270706, 3.37485361099, 2.0155339241, 1.15502011776, 1.02319324017, 0.338605552912, 0.10036868602, 0.0385036580265, 0.00825286004692, 0.000340441329172, 2.36061296164e-05, 2.9185490348e-05],
        "median": [0.0235547497869, 0.425823152065, 0.921586215496, 1.15261495113, 3.0256485939, 8.98142433167, 14.6332969666, 11.957983017, 7.26168251038, 7.05103492737, 5.90989971161, 5.39534473419, 5.52812051773, 5.45230960846, 4.17951107025, 5.50049972534, 6.67462253571, 7.01138210297, 9.56629753113, 7.81841945648, 6.57847118378, 5.88154792786, 6.95205593109, 5.40932941437, 3.98471975327, 2.2800257206, 0.871050775051, 0.503180801868, 0.578175842762, 0.682319164276, 0.52230989933, 0.306224137545, 0.224572241306, 0.0781943053007, 0.0217275395989, 0.00663560349494, 0.000386936066207, 5.24540446349e-05, 1.65307665156e-05, 2.77144317806e-05],
        "min": [4.26536523473e-23, 2.9251598503e-22, 9.82368157106e-22, 1.02970657669e-21, 8.45243684504e-21, 1.29210070701e-20, 3.29825118376e-20, 3.00333964652e-20, 5.12757597183e-20, 1.01174748393e-19, 1.86207493647e-19, 1.87847314587e-19, 5.13972861212e-19, 5.11039265169e-19, 5.57945110491e-19, 7.15811910011e-19, 9.59865035697e-19, 1.17668468728e-18, 1.98123322468e-18, 2.66606473921e-18, 2.44439232917e-18, 3.43348072533e-18, 4.12674575979e-18, 5.13885335163e-18, 5.34342587046e-18, 6.25894771808e-18, 7.79172704162e-18, 8.86455796222e-18, 9.2479834731e-18, 1.02803760151e-17, 9.45695080253e-18, 8.91881852886e-18, 7.82511866858e-18, 7.64513326628e-18, 5.3774287839e-18, 3.79620025111e-18, 1.97582511784e-18, 9.06005134665e-19, 2.19707752693e-19, 2.57689346718e-20],
        "var": [0.00983981415629, 0.906615436077, 4.74750852585, 12.9383878708, 80.144859314, 660.567749023, 2918.06298828, 4631.48876953, 7355.64550781, 3134.6652832, 7178.00439453, 1562.39587402, 2621.66455078, 2606.54760742, 3341.27270508, 3477.29541016, 4940.68261719, 7693.33300781, 13666.8886719, 7173.85058594, 4872.02099609, 1204.7401123, 1054.54248047, 706.229064941, 479.203613281, 128.756011963, 39.9285163879, 72.7899551392, 164.963912964, 127.853370667, 30.2301273346, 6.71665048599, 9.39310264587, 1.48363435268, 0.0949163883924, 0.0121532240883, 0.00100449670572, 3.05667867906e-06, 1.63556701516e-09, 4.85084639124e-10]
    },
    "gfcc": {
        "mean": [-156.983032227, 98.9763793945, -119.666419983, 30.8459358215, -56.1211433411, 6.84648561478, -46.3851852417, 2.96154141426, -16.6166915894, -5.48900365829, -2.63144731522, -5.08843374252, -2.62936615944],
        "cov": [[132774.984375, 13130.8330078, -15089.5693359, 4501.26171875, -7208.06103516, 1062.2154541, -6139.24121094, 703.872619629, -2276.41479492, -540.24786377, -278.18927002, -613.941955566, -401.8956604], [13130.8330078, 2682.47021484, -1086.37084961, 524.942626953, -400.241668701, -31.8382911682, -480.220336914, -47.7564811707, -69.632484436, -168.503875732, 206.809951782, -184.419265747, 25.8582038879], [-15089.5693359, -1086.37084961, 2841.56079102, -38.5916175842, 1023.94110107, -115.941970825, 696.999572754, -87.5029144287, 359.940643311, 139.219909668, 65.2114562988, 141.118347168, 23.6120243073], [4501.26171875, 524.942626953, -38.5916175842, 650.093017578, -120.357475281, 19.9905433655, -247.456039429, 12.4815301895, 43.6040420532, 10.3798055649, -18.6710014343, 7.71201562881, 13.9211025238], [-7208.06103516, -400.241668701, 1023.94110107, -120.357475281, 710.612365723, -38.6215705872, 382.356323242, 54.8021392822, 169.523086548, 53.5007858276, 44.3191642761, 3.35781574249, 59.2994499207], [1062.2154541, -31.8382911682, -115.941970825, 19.9905433655, -38.6215705872, 260.663238525, 105.408943176, 83.7155303955, -18.4851531982, 84.4930038452, -3.08183264732, 37.9991416931, -36.905620575], [-6139.24121094, -480.220336914, 696.999572754, -247.456039429, 382.356323242, 105.408943176, 587.726013184, 34.5368232727, 107.642021179, 108.318435669, 70.353012085, 59.7702140808, -20.1107902527], [703.872619629, -47.7564811707, -87.5029144287, 12.4815301895, 54.8021392822, 83.7155303955, 34.5368232727, 232.78868103, 15.442401886, 62.0776977539, -3.91540384293, 20.0892047882, 10.8298177719], [-2276.41479492, -69.632484436, 359.940643311, 43.6040420532, 169.523086548, -18.4851531982, 107.642021179, 15.442401886, 219.240707397, 42.4466018677, 44.9739685059, 25.8598861694, 28.3302021027], [-540.24786377, -168.503875732, 139.219909668, 10.3798055649, 53.5007858276, 84.4930038452, 108.318435669, 62.0776977539, 42.4466018677, 159.535369873, 1.94246602058, 55.3543777466, -27.5415363312], [-278.18927002, 206.809951782, 65.2114562988, -18.6710014343, 44.3191642761, -3.08183264732, 70.353012085, -3.91540384293, 44.9739685059, 1.94246602058, 165.162338257, -7.33833551407, 7.33057594299], [-613.941955566, -184.419265747, 141.118347168, 7.71201562881, 3.35781574249, 37.9991416931, 59.7702140808, 20.0892047882, 25.8598861694, 55.3543777466, -7.33833551407, 121.638816833, -3.25945305824], [-401.8956604, 25.8582038879, 23.6120243073, 13.9211025238, 59.2994499207, -36.905620575, -20.1107902527, 10.8298177719, 28.3302021027, -27.5415363312, 7.33057594299, -3.25945305824, 95.8947601318]],
        "icov": [[0.000365856103599, -0.00106316502206, 0.000706719758455, -0.001024475554, 0.001041485928, -0.000686853425577, 0.00115321576595, -0.00100134464446, 0.00122430350166, -0.000841907283757, 0.00037018203875, -0.000574740814045, 0.000589930685237], [-0.00106316502206, 0.00385204795748, -0.00177375634667, 0.00235261907801, -0.00316088018008, 0.00194112199824, -0.00322205666453, 0.00306940334849, -0.00353976991028, 0.00279891537502, -0.00221550790593, 0.00224157166667, -0.00162473798264], [0.000706719758455, -0.00177375634667, 0.00259866332635, -0.00260020559654, 0.000567277835216, -0.000783433497418, 0.00174513377715, -0.00109959684778, 0.00195402721874, -0.00161206861958, 0.000469119811896, -0.00202241213992, 0.00187076092698], [-0.001024475554, 0.00235261907801, -0.00260020559654, 0.00564684998244, -0.00252469326369, 0.00104279327206, -0.00172804412432, 0.0025756417308, -0.00421245768666, 0.00172229122836, -0.000240633642534, 0.00126606994309, -0.00199765106663], [0.001041485928, -0.00316088018008, 0.000567277835216, -0.00252469326369, 0.00777608621866, -0.00140633038245, 0.00166623003315, -0.00453744223341, 0.00293203163892, -0.00255277752876, 0.00156963604968, 0.000734886329155, -0.00073829293251], [-0.000686853425577, 0.00194112199824, -0.000783433497418, 0.00104279327206, -0.00140633038245, 0.00777864130214, -0.00441824318841, 0.000436758477008, -0.00148600130342, -0.000239448199864, -0.000315962795867, 0.000430844898801, -6.40853468212e-05], [0.00115321576595, -0.00322205666453, 0.00174513377715, -0.00172804412432, 0.00166623003315, -0.00441824318841, 0.00858336873353, -0.00270397472195, 0.00339737720788, -0.00344057800248, -0.000279759813566, -0.00251362612471, 0.00284193921834], [-0.00100134464446, 0.00306940334849, -0.00109959684778, 0.0025756417308, -0.00453744223341, 0.000436758477008, -0.00270397472195, 0.0088111506775, -0.00356198917143, 0.000562269298825, -0.00110711588059, 0.000944905215874, -0.00238511082716], [0.00122430350166, -0.00353976991028, 0.00195402721874, -0.00421245768666, 0.00293203163892, -0.00148600130342, 0.00339737720788, -0.00356198917143, 0.0110390149057, -0.00419929018244, -0.000177301393705, -0.00232055224478, 0.000413071655203], [-0.000841907283757, 0.00279891537502, -0.00161206861958, 0.00172229122836, -0.00255277752876, -0.000239448199864, -0.00344057800248, 0.000562269298825, -0.00419929018244, 0.0126314982772, -0.00106377585325, -0.00138209480792, 0.00146790407598], [0.00037018203875, -0.00221550790593, 0.000469119811896, -0.000240633642534, 0.00156963604968, -0.000315962795867, -0.000279759813566, -0.00110711588059, -0.000177301393705, -0.00106377585325, 0.00893690343946, -0.00058062421158, 8.63523891894e-05], [-0.000574740814045, 0.00224157166667, -0.00202241213992, 0.00126606994309, 0.000734886329155, 0.000430844898801, -0.00251362612471, 0.000944905215874, -0.00232055224478, -0.00138209480792, -0.00058062421158, 0.0129198171198, -0.00284935324453], [0.000589930685237, -0.00162473798264, 0.00187076092698, -0.00199765106663, -0.00073829293251, -6.40853468212e-05, 0.00284193921834, -0.00238511082716, 0.000413071655203, 0.00146790407598, 8.63523891894e-05, -0.00284935324453, 0.0146613353863]]
    },
    "melbands": {
        "dmean": [0.000240374967689, 0.00029437005287, 0.000259483320406, 0.000458784343209, 0.000567788549233, 0.000390919653, 0.000218052475248, 0.000122303099488, 9.52810078161e-05, 6.10625429545e-05, 5.38338936167e-05, 4.33698660345e-05, 2.89494764729e-05, 3.09199131152e-05, 3.08838352794e-05, 3.10915784212e-05, 2.96169710055e-05, 3.58295365004e-05, 3.00904503092e-05, 2.6826031899e-05, 1.33076728162e-05, 9.07924641069e-06, 7.87208045949e-06, 8.58841940499e-06, 6.18221383775e-06, 4.0461509343e-06, 3.76015964321e-06, 1.89981676613e-06, 8.72835471455e-07, 7.93361493834e-07, 9.1027243343e-07, 1.08795939013e-06, 1.10324390334e-06, 1.0848882539e-06, 7.31087311578e-07, 3.53941743469e-07, 4.65149383899e-07, 5.65650111639e-07, 3.06952415485e-07, 1.79506557174e-07],
        "dmean2": [0.000393432797864, 0.000479160313262, 0.000434889196185, 0.000752722786274, 0.000906599394511, 0.000620340520982, 0.000351413589669, 0.000188608290046, 0.00014757977624, 9.15706114029e-05, 8.20129935164e-05, 6.48975619697e-05, 4.41756383225e-05, 4.7218058171e-05, 4.65107623313e-05, 4.67952922918e-05, 4.53595239378e-05, 5.32094891241e-05, 4.45497207693e-05, 3.91765461245e-05, 1.96396740648e-05, 1.40765059768e-05, 1.20022405099e-05, 1.30672451633e-05, 9.43822760746e-06, 6.30776685284e-06, 5.78126491746e-06, 2.93600328405e-06, 1.34796630391e-06, 1.21641335227e-06, 1.38668042382e-06, 1.60950082773e-06, 1.65585231571e-06, 1.61627497164e-06, 1.08174094748e-06, 5.26392909705e-07, 7.29793271148e-07, 9.24409732761e-07, 4.95796371069e-07, 2.86859375365e-07],
        "dvar": [2.51114073535e-07, 3.50053625198e-07, 2.76735818261e-07, 6.67328492909e-07, 1.00484055565e-06, 6.70801171054e-07, 4.29750599551e-07, 1.50146348687e-07, 7.88255221096e-08, 2.94849478166e-08, 2.4195998094e-08, 1.5557729327e-08, 1.01383950124e-08, 9.41790467834e-09, 9.33863653074e-09, 1.22762005006e-08, 1.12231068883e-08, 1.19804814958e-08, 8.05821898098e-09, 6.62007382246e-09, 1.43042089285e-09, 6.1454508149e-10, 2.72289246706e-10, 4.26201823833e-10, 2.27399959973e-10, 1.83855999869e-10, 1.49625103973e-10, 2.0449445956e-11, 7.37771215648e-12, 9.28600946137e-12, 1.22849022621e-11, 2.07877551978e-11, 2.08104661975e-11, 1.78021989511e-11, 6.78669013349e-12, 1.29227379665e-12, 2.5435610649e-12, 6.90894043365e-12, 2.1204292662e-12, 9.9338050806e-13],
        "dvar2": [6.35791025161e-07, 8.75468231243e-07, 7.06532830463e-07, 1.72873171778e-06, 2.4670437142e-06, 1.6170275785e-06, 1.11570034278e-06, 3.50129084836e-07, 1.71810469851e-07, 6.7390608649e-08, 5.16421145846e-08, 3.3880006356e-08, 2.41518662847e-08, 2.22200551292e-08, 2.03147827449e-08, 2.58724366375e-08, 2.44042013264e-08, 2.28126282309e-08, 1.59418842571e-08, 1.31911761514e-08, 2.79926748448e-09, 1.44450473805e-09, 6.16764361805e-10, 9.62752988443e-10, 4.94076723978e-10, 4.88107665397e-10, 3.93618776462e-10, 5.02303927619e-11, 1.73852928581e-11, 2.1998479427e-11, 2.83253837052e-11, 4.41451979138e-11, 4.58653809376e-11, 4.09987044314e-11, 1.51518780162e-11, 2.86475465745e-12, 6.35713096747e-12, 1.8366195717e-11, 5.58895768207e-12, 2.53734641804e-12],
        "max": [0.0078982077539, 0.0108380522579, 0.00871442910284, 0.0121909948066, 0.014518593438, 0.0152984699234, 0.0130355274305, 0.0124808931723, 0.0100263655186, 0.00454140454531, 0.00496822921559, 0.00318051292561, 0.00407063215971, 0.00380687857978, 0.00240384391509, 0.0033407791052, 0.00331372022629, 0.00337178888731, 0.00287811504677, 0.00235702958889, 0.00111704191659, 0.000773404317442, 0.000396594434278, 0.000505162170157, 0.000433461769717, 0.000676593335811, 0.000597005535383, 0.000182016723556, 8.77963029779e-05, 0.000117986011901, 0.000107310072053, 0.000134573419928, 0.000155072033522, 0.000129776948597, 7.31425825506e-05, 2.51754172496e-05, 3.85239472962e-05, 9.53212147579e-05, 4.17021074099e-05, 3.05772846332e-05],
        "mean": [0.000766277196817, 0.000929373200051, 0.00048425552086, 0.000792630075011, 0.0011742998613, 0.000784504576586, 0.000459684815723, 0.000251417164691, 0.000194611347979, 0.000117847659567, 0.00010934643069, 8.70965523063e-05, 5.83362598263e-05, 6.51957598166e-05, 5.58284773433e-05, 5.5124546634e-05, 5.24001552549e-05, 6.55205512885e-05, 5.23233065906e-05, 4.97377295687e-05, 2.71513072221e-05, 1.72236068465e-05, 1.60005838552e-05, 1.65947803907e-05, 1.18979751278e-05, 8.08921868156e-06, 7.64519700169e-06, 3.87082081943e-06, 1.68087944985e-06, 1.45583578615e-06, 1.52921950303e-06, 1.88491048903e-06, 1.94981043933e-06, 1.85987596524e-06, 1.29722354814e-06, 6.56177519431e-07, 7.67875746988e-07, 8.43798090955e-07, 4.31855028182e-07, 2.34951627931e-07],
        "median": [0.000383850740036, 0.000671890913509, 0.000265958253294, 0.000415720511228, 0.000556026818231, 0.000282140274066, 0.000104010410723, 6.9528396125e-05, 3.86448955396e-05, 2.64433729171e-05, 2.41167035711e-05, 1.91819526663e-05, 1.14003105409e-05, 1.20454651551e-05, 1.20622480608e-05, 1.19708402053e-05, 1.04464961623e-05, 1.24635826069e-05, 1.06145562313e-05, 8.25051210995e-06, 6.56206248095e-06, 5.49473134015e-06, 5.51463335796e-06, 5.28818691237e-06, 3.65978485206e-06, 2.78063907899e-06, 2.23126880883e-06, 1.17154252166e-06, 4.69514475299e-07, 2.96582669534e-07, 2.47878517712e-07, 2.89749948479e-07, 3.35204816793e-07, 3.74926855784e-07, 3.09759116135e-07, 2.00484606694e-07, 1.67419699437e-07, 1.70162394397e-07, 9.67860955825e-08, 4.72171777233e-08],
        "min": [4.85672767314e-25, 4.85588950843e-25, 1.5635864091e-25, 7.4061160846e-25, 1.14246366447e-24, 7.085980059e-25, 1.04203062718e-24, 9.9084597899e-25, 9.62490669574e-25, 8.55699314783e-25, 2.31165590855e-24, 1.67945469329e-24, 1.59007675272e-24, 1.5617135547e-24, 1.6037294698e-24, 1.66861495559e-24, 1.6301624238e-24, 2.01231238288e-24, 2.58803273505e-24, 2.62216852136e-24, 2.2098439424e-24, 2.87049207356e-24, 3.19861817544e-24, 3.22435456526e-24, 2.96927244725e-24, 2.43662528101e-24, 2.61849341562e-24, 3.33509919787e-24, 4.44573291646e-24, 4.23467594228e-24, 4.05001504285e-24, 4.12566128163e-24, 4.74077005045e-24, 4.6486839504e-24, 5.05159741876e-24, 5.05770438546e-24, 4.38883869025e-24, 4.30028116503e-24, 4.05133125727e-24, 5.24279718623e-24],
        "var": [9.66344828157e-07, 1.24690916437e-06, 4.85516579829e-07, 1.23437962429e-06, 2.81471898234e-06, 1.95636198441e-06, 1.42261831115e-06, 4.11904125031e-07, 3.5009389876e-07, 6.97677364769e-08, 6.81011869119e-08, 4.6557502742e-08, 3.24209992186e-08, 3.23600275465e-08, 2.25083365279e-08, 2.76628995266e-08, 3.18779811437e-08, 3.90115744153e-08, 2.29611742952e-08, 1.77810033364e-08, 5.08769559815e-09, 1.71831249229e-09, 7.27242266407e-10, 1.06500641639e-09, 5.75831826666e-10, 2.60492266646e-10, 2.32922597876e-10, 4.46637206386e-11, 1.54827019261e-11, 2.02403805522e-11, 2.72901128778e-11, 5.46687486946e-11, 5.54472960601e-11, 3.64186597546e-11, 1.38008241987e-11, 2.51105733429e-12, 3.45165541114e-12, 6.72119738337e-12, 1.93395625035e-12, 9.1301163678e-13]
    },
    "mfcc": {
        "mean": [-716.34942627, 114.775657654, -7.08348321915, 17.1689567566, 9.71513748169, -3.4643638134, -9.04987430573, -0.475557744503, -12.2393131256, 2.03360319138, -4.34340953827, -5.13320350647, -0.966469883919],
        "cov": [[28278.8828125, 6404.50244141, -187.997329712, 1267.66027832, 743.915771484, -216.004577637, -327.414093018, 81.6453170776, -727.237487793, 301.453826904, -201.346069336, -246.911560059, -44.690788269], [6404.50244141, 3025.87207031, 75.050567627, 457.723419189, 350.611114502, -50.5661048889, 0.0629158318043, 18.165271759, -250.932861328, 113.613204956, -41.7759590149, -21.8557434082, 4.33430480957], [-187.997329712, 75.050567627, 786.175598145, 354.533660889, 161.61555481, 167.217132568, -66.6659011841, 13.9530344009, -5.75778388977, -27.7065372467, 62.9463996887, 62.5514831543, 36.3479957581], [1267.66027832, 457.723419189, 354.533660889, 553.404052734, 268.812713623, 51.7882575989, -90.4756393433, 0.0268186312169, 9.39363098145, 34.0155410767, -23.1011447906, 19.9291496277, 21.0520477295], [743.915771484, 350.611114502, 161.61555481, 268.812713623, 386.845184326, -58.2160186768, -65.0459060669, -2.42618083954, 11.8204898834, 77.8280944824, -77.0006561279, -5.02712059021, 21.4426422119], [-216.004577637, -50.5661048889, 167.217132568, 51.7882575989, -58.2160186768, 255.410507202, 48.9365768433, 26.4251060486, 55.7478713989, -20.2496376038, 95.0063400269, 58.9515151978, 7.65976524353], [-327.414093018, 0.0629158318043, -66.6659011841, -90.4756393433, -65.0459060669, 48.9365768433, 288.328704834, 57.1836204529, 36.5978813171, 52.1252975464, 55.5892066956, 40.8610153198, 2.06911897659], [81.6453170776, 18.165271759, 13.9530344009, 0.0268186312169, -2.42618083954, 26.4251060486, 57.1836204529, 130.877838135, 44.033164978, 25.4268131256, 30.6201534271, 42.9225234985, 32.4466362], [-727.237487793, -250.932861328, -5.75778388977, 9.39363098145, 11.8204898834, 55.7478713989, 36.5978813171, 44.033164978, 202.688583374, 29.270116806, 19.0605373383, 53.5839004517, 21.5560207367], [301.453826904, 113.613204956, -27.7065372467, 34.0155410767, 77.8280944824, -20.2496376038, 52.1252975464, 25.4268131256, 29.270116806, 136.442626953, 20.8232116699, 19.8157863617, 5.66922903061], [-201.346069336, -41.7759590149, 62.9463996887, -23.1011447906, -77.0006561279, 95.0063400269, 55.5892066956, 30.6201534271, 19.0605373383, 20.8232116699, 153.611724854, 74.5102462769, 18.2765388489], [-246.911560059, -21.8557434082, 62.5514831543, 19.9291496277, -5.02712059021, 58.9515151978, 40.8610153198, 42.9225234985, 53.5839004517, 19.8157863617, 74.5102462769, 142.675216675, 49.8667144775], [-44.690788269, 4.33430480957, 36.3479957581, 21.0520477295, 21.4426422119, 7.65976524353, 2.06911897659, 32.4466362, 21.5560207367, 5.66922903061, 18.2765388489, 49.8667144775, 87.6084213257]],
