{
"lowlevel": {
    "average_loudness": 0.420457988977,
    "barkbands_crest": {
        "dmean": 2.26266407967,
        "dmean2": 3.55111241341,
        "dvar": 4.72005081177,
        "dvar2": 10.9645957947,
        "max": 26.9153671265,
        "mean": 12.1580944061,
        "median": 11.382598877,
        "min": 2.95612740517,
        "var": 27.9070510864
    },
    "barkbands_flatness_db": {
        "dmean": 0.0193297453225,
        "dmean2": 0.0296700950712,
        "dvar": 0.000423049583333,
        "dvar2": 0.000873096287251,
        "max": 0.881595551968,
        "mean": 0.222800955176,
        "median": 0.219615727663,
        "min": 0.0485715605319,
        "var": 0.00349155254662
    },
    "barkbands_kurtosis": {
        "dmean": 14.9486789703,
        "dmean2": 24.0093803406,
        "dvar": 207766.75,
        "dvar2": 560515.875,
        "max": 28699.3710938,
        "mean": 20.0198726654,
        "median": 2.29841351509,
        "min": -1.91052293777,
        "var": 233158.34375
    },
    "barkbands_skewness": {
        "dmean": 0.530225038528,
        "dmean2": 0.815750539303,
        "dvar": 3.99456143379,
        "dvar2": 10.0106239319,
        "max": 144.66835022,
        "mean": 1.36082613468,
        "median": 1.11872959137,
        "min": -2.70933151245,
        "var": 8.25776767731
    },
    "barkbands_spread": {
        "dmean": 2.17067313194,
        "dmean2": 3.31785964966,
        "dvar": 12.4992895126,
        "dvar2": 26.3456783295,
        "max": 84.4680557251,
        "mean": 8.75483131409,
        "median": 7.51170825958,
        "min": 0.00338764465414,
        "var": 47.1246986389
    },
    "dissonance": {
        "dmean": 0.034704528749,
        "dmean2": 0.059085290879,
        "dvar": 0.0012052974198,
        "dvar2": 0.00336235808209,
        "max": 0.500000059605,
        "mean": 0.420247346163,
        "median": 0.430453300476,
        "min": 0.176450267434,
        "var": 0.00313229882158
    },
    "dynamic_complexity": 4.64579439163,
    "erbbands_crest": {
        "dmean": 2.98594284058,
        "dmean2": 4.69410037994,
        "dvar": 8.2542924881,
        "dvar2": 19.0924949646,
        "max": 34.7581748962,
        "mean": 15.1488389969,
        "median": 13.8762245178,
        "min": 2.17876386642,
        "var": 50.8337249756
    },
    "erbbands_flatness_db": {
        "dmean": 0.0179434455931,
        "dmean2": 0.0263249706477,
        "dvar": 0.00034754772787,
        "dvar2": 0.00067204592051,
        "max": 0.464183211327,
        "mean": 0.264328211546,
        "median": 0.259409725666,
        "min": 0.0653775110841,
        "var": 0.00373048940673
    },
    "erbbands_kurtosis": {
        "dmean": 2.17641496658,
        "dmean2": 3.34006071091,
        "dvar": 14.9167804718,
        "dvar2": 31.1289176941,
        "max": 109.068740845,
        "mean": 4.00381135941,
        "median": 1.68158364296,
        "min": -1.79215085506,
        "var": 58.7233924866
    },
    "erbbands_skewness": {
        "dmean": 0.436559051275,
        "dmean2": 0.658633232117,
        "dvar": 0.190531849861,
        "dvar2": 0.414138227701,
        "max": 8.0439414978,
        "mean": 0.885811984539,
        "median": 0.645761549473,
        "min": -3.27996969223,
        "var": 1.73134839535
    },
    "erbbands_spread": {
        "dmean": 3.9540913105,
        "dmean2": 5.89853334427,
        "dvar": 39.7487716675,
        "dvar2": 80.9009475708,
        "max": 168.486083984,
        "mean": 16.5440654755,
        "median": 12.9266777039,
        "min": 1.00815486908,
        "var": 167.650756836
    },
    "hfc": {
        "dmean": 3.64059281349,
        "dmean2": 5.43047809601,
        "dvar": 27.8346595764,
        "dvar2": 63.2205276489,
        "max": 91.5192565918,
        "mean": 14.8479299545,
        "median": 8.93909645081,
        "min": 1.22230480649e-16,
        "var": 260.076202393
    },
    "melbands_crest": {
        "dmean": 2.79232764244,
        "dmean2": 4.39882802963,
        "dvar": 7.52231216431,
        "dvar2": 17.1104621887,
        "max": 39.9984855652,
        "mean": 14.4871292114,
        "median": 13.1957168579,
        "min": 2.36037802696,
        "var": 39.8979759216
    },
    "melbands_flatness_db": {
        "dmean": 0.0197602938861,
        "dmean2": 0.0293627548963,
        "dvar": 0.000480340677314,
        "dvar2": 0.000966802297626,
        "max": 0.890307247639,
        "mean": 0.26245445013,
        "median": 0.266672283411,
        "min": 0.00702118035406,
        "var": 0.00508639169857
    },
    "melbands_kurtosis": {
        "dmean": 103.689170837,
        "dmean2": 179.46031189,
        "dvar": 16752072,
        "dvar2": 37453216,
        "max": 303283.9375,
        "mean": 130.698028564,
        "median": 3.71338677406,
        "min": -1.84038925171,
        "var": 25063486
    },
    "melbands_skewness": {
        "dmean": 0.654465734959,
        "dmean2": 1.03253638744,
        "dvar": 39.920249939,
        "dvar2": 91.2860031128,
        "max": 436.276733398,
        "mean": 1.61229014397,
        "median": 1.2059867382,
        "min": -2.50269556046,
        "var": 79.6519546509
    },
    "melbands_spread": {
        "dmean": 3.04309153557,
        "dmean2": 4.66300630569,
        "dvar": 22.8134899139,
        "dvar2": 44.3014907837,
        "max": 182.188491821,
        "mean": 13.1412420273,
        "median": 12.3752288818,
        "min": 0.000905169523321,
        "var": 79.871131897
    },
    "pitch_salience": {
        "dmean": 0.0578044727445,
        "dmean2": 0.0905566960573,
        "dvar": 0.00300344498828,
        "dvar2": 0.00690851453692,
        "max": 0.924988150597,
        "mean": 0.531998097897,
        "median": 0.536468923092,
        "min": 0.00114059541374,
        "var": 0.0228208396584
    },
    "silence_rate_20dB": {
        "dmean": 0,
        "dmean2": 0,
        "dvar": 0,
        "dvar2": 0,
        "max": 1,
        "mean": 1,
        "median": 1,
        "min": 1,
        "var": 0
    },
    "silence_rate_30dB": {
        "dmean": 0.000233018756262,
        "dmean2": 0.000466091820272,
        "dvar": 0.000232927268371,
        "dvar2": 0.000465889082989,
        "max": 1,
        "mean": 0.999767005444,
        "median": 1,
        "min": 0,
        "var": 0.000232900129049
    },
    "silence_rate_60dB": {
        "dmean": 0.0354188494384,
        "dmean2": 0.0708459541202,
        "dvar": 0.0341618470848,
        "dvar2": 0.0786348953843,
        "max": 1,
        "mean": 0.148998141289,
        "median": 0,
        "min": 0,
        "var": 0.126807972789
    },
    "spectral_centroid": {
        "dmean": 103.118499756,
        "dmean2": 158.089035034,
        "dvar": 30752.2246094,
        "dvar2": 57978.2460938,
        "max": 11007.375,
        "mean": 873.092407227,
        "median": 791.144226074,
        "min": 232.688903809,
        "var": 202095.65625
    },
    "spectral_complexity": {
        "dmean": 1.75230109692,
        "dmean2": 2.93334889412,
        "dvar": 3.51575708389,
        "dvar2": 9.39540863037,
        "max": 43,
        "mean": 11.9028425217,
        "median": 11,
        "min": 0,
        "var": 44.4687004089
    },
    "spectral_decrease": {
        "dmean": 1.10370401707e-09,
        "dmean2": 1.6414124504e-09,
        "dvar": 2.20412510575e-18,
        "dvar2": 4.54940651508e-18,
        "max": 1.37894260865e-28,
        "mean": -4.69743177689e-09,
        "median": -3.08674796834e-09,
        "min": -2.65001780519e-08,
        "var": 2.07880000512e-17
    },
    "spectral_energy": {
        "dmean": 0.00446888618171,
        "dmean2": 0.00664593791589,
        "dvar": 3.59462428605e-05,
        "dvar2": 7.4478550232e-05,
        "max": 0.10684710741,
        "mean": 0.0190759021789,
        "median": 0.0125105939806,
        "min": 1.05662169289e-20,
        "var": 0.000344567553839
    },
    "spectral_energyband_high": {
        "dmean": 4.13700108766e-05,
        "dmean2": 6.27883564448e-05,
        "dvar": 2.6380835294e-08,
        "dvar2": 4.87001372562e-08,
        "max": 0.00855753198266,
        "mean": 8.76220219652e-05,
        "median": 2.24745726882e-05,
        "min": 7.66265545904e-21,
        "var": 9.08629402829e-08
    },
    "spectral_energyband_low": {
        "dmean": 0.000540355511475,
        "dmean2": 0.000900056737009,
        "dvar": 1.6830115328e-06,
        "dvar2": 4.5773790589e-06,
        "max": 0.0356140844524,
        "mean": 0.00102797767613,
        "median": 0.000279686384602,
        "min": 1.03764169698e-22,
        "var": 3.10477162202e-06
    },
    "spectral_energyband_middle_high": {
        "dmean": 0.00197397661395,
        "dmean2": 0.00297734607011,
        "dvar": 1.23188301586e-05,
        "dvar2": 2.85513197014e-05,
        "max": 0.0712411180139,
        "mean": 0.00651568034664,
        "median": 0.00271995179355,
        "min": 1.49279726106e-21,
        "var": 9.01875318959e-05
    },
    "spectral_energyband_middle_low": {
        "dmean": 0.00334135675803,
        "dmean2": 0.00490801408887,
        "dvar": 2.66321076197e-05,
        "dvar2": 5.3644504078e-05,
        "max": 0.103155612946,
        "mean": 0.0118488194421,
        "median": 0.0067311860621,
        "min": 2.61227312905e-22,
        "var": 0.000193627784029
    },
    "spectral_entropy": {
        "dmean": 0.165346994996,
        "dmean2": 0.241004407406,
        "dvar": 0.0324035361409,
        "dvar2": 0.0636574923992,
        "max": 9.81397628784,
        "mean": 6.7920126915,
        "median": 6.76968288422,
        "min": 4.61452150345,
        "var": 0.3564902246
    },
    "spectral_flux": {
        "dmean": 0.0164701398462,
        "dmean2": 0.0276379231364,
        "dvar": 0.000418604584411,
        "dvar2": 0.00109876284841,
        "max": 0.252299040556,
        "mean": 0.0535503439605,
        "median": 0.0481665357947,
        "min": 1.02792108159e-10,
        "var": 0.00113701529335
    },
    "spectral_kurtosis": {
        "dmean": 3.86197423935,
        "dmean2": 6.60839939117,
        "dvar": 14.6545534134,
        "dvar2": 41.7029418945,
        "max": 49.7690620422,
        "mean": 10.9241218567,
        "median": 9.55204296112,
        "min": -1.18128871918,
        "var": 46.6425895691
    },
    "spectral_rms": {
        "dmean": 0.000495213665999,
        "dmean2": 0.000735291279852,
        "dvar": 3.09118689756e-07,
        "dvar2": 6.28559973848e-07,
        "max": 0.0102098518983,
        "mean": 0.0038112802431,
        "median": 0.00349363102578,
        "min": 3.2106860573e-12,
        "var": 4.0847312448e-06
    },
    "spectral_rolloff": {
        "dmean": 176.03717041,
        "dmean2": 302.656341553,
        "dvar": 275439.1875,
        "dvar2": 537780.875,
        "max": 19056.8847656,
        "mean": 1048.30395508,
        "median": 904.39453125,
        "min": 21.533203125,
        "var": 595634.3125
    },
    "spectral_skewness": {
        "dmean": 0.359839826822,
        "dmean2": 0.595957756042,
        "dvar": 0.112597756088,
        "dvar2": 0.291110992432,
        "max": 5.769759655,
        "mean": 2.45474624634,
        "median": 2.39806890488,
        "min": -0.339038342237,
        "var": 0.624406933784
    },
    "spectral_spread": {
        "dmean": 372451.40625,
        "dmean2": 575631.1875,
        "dvar": 481056653312,
        "dvar2": 718962688000,
        "max": 40965644,
        "mean": 3133622.75,
        "median": 2775284.5,
        "min": 1328880.625,
        "var": 1.77374481613e+12
    },
    "spectral_strongpeak": {
        "dmean": 0.652020394802,
        "dmean2": 1.03533554077,
        "dvar": 0.762543320656,
        "dvar2": 1.74334251881,
        "max": 12.7416229248,
        "mean": 1.96290314198,
        "median": 1.16208457947,
        "min": 0,
        "var": 4.72500324249
    },
    "zerocrossingrate": {
        "dmean": 0.00436540413648,
        "dmean2": 0.00529274810106,
        "dvar": 6.87692881911e-05,
        "dvar2": 6.41228980385e-05,
        "max": 0.55908203125,
        "mean": 0.0414078868926,
        "median": 0.037109375,
        "min": 0,
        "var": 0.000502661452629
    },
    "barkbands": {
        "dmean": [4.12842109654e-06, 0.000148545208503, 0.000348197354469, 0.000287020608084, 0.000731279549655, 0.000457751419162, 0.000997386523522, 0.00146131764632, 0.000861743814312, 0.000535895465873, 0.00039582606405, 0.000778529560193, 0.000573002966121, 0.000143488694448, 0.000197558576474, 0.000106460523966, 8.90551746124e-05, 5.07631666551e-05, 3.86522806366e-05, 1.8048356651e-05, 1.27391667775e-05, 9.33423143579e-06, 8.60473301145e-06, 7.22292452338e-06, 3.56289615411e-06, 1.66309391147e-07, 1.657389892e-09],
        "dmean2": [7.18823912393e-06, 0.000255821185419, 0.000591448624618, 0.00047067477135, 0.00115886784624, 0.000682690064423, 0.00149514200166, 0.0021177791059, 0.00121961557306, 0.000817480380647, 0.000592572847381, 0.00115823617671, 0.000883461441845, 0.00023755444272, 0.000314995559165, 0.000174730768776, 0.000147000770085, 8.3891885879e-05, 6.18638950982e-05, 2.86845515802e-05, 2.07025914278e-05, 1.50219084389e-05, 1.3342969396e-05, 1.06008292278e-05, 5.20760977452e-06, 2.7065752306e-07, 3.08770498059e-09],
        "dvar": [5.18324405618e-09, 1.72272507371e-07, 7.81902258495e-07, 3.90040128195e-07, 2.19224693865e-06, 9.09099298951e-07, 5.29830595042e-06, 1.57043850777e-05, 6.85834447722e-06, 1.46400122958e-06, 1.24618463815e-06, 5.63146613786e-06, 4.6873010433e-06, 1.56193110001e-07, 2.41907741838e-07, 8.91446205742e-08, 6.73598137269e-08, 3.05656158162e-08, 1.15370770715e-08, 2.3681479e-09, 3.76781894573e-09, 2.05949679533e-09, 3.08430836427e-09, 2.92954904779e-09, 9.92584237025e-10, 8.13435907174e-13, 8.56605690108e-16],
        "dvar2": [1.46805101409e-08, 4.92325568757e-07, 2.16505895878e-06, 1.08771564555e-06, 5.47167746845e-06, 1.8420488459e-06, 1.12631105367e-05, 3.00684350805e-05, 1.23828340293e-05, 3.39278426509e-06, 2.56455518866e-06, 1.16223782243e-05, 1.05058525151e-05, 4.1178290644e-07, 5.92751803197e-07, 2.34616152284e-07, 1.79770779596e-07, 8.37050109226e-08, 2.72491238462e-08, 5.58955415286e-09, 8.43649861082e-09, 4.1481675872e-09, 5.60182522591e-09, 4.82986362016e-09, 1.74291636679e-09, 1.8504787546e-12, 2.43131045455e-15],
        "max": [0.00520282424986, 0.0137482993305, 0.0178168676794, 0.0224541481584, 0.0305703915656, 0.0269031971693, 0.0447339303792, 0.0813174396753, 0.0999113991857, 0.035249017179, 0.0316679961979, 0.0686439350247, 0.0571730881929, 0.00772990752012, 0.0109846368432, 0.00920874904841, 0.00604312308133, 0.00624007545412, 0.00320250447839, 0.00115431030281, 0.00513475667685, 0.00327322795056, 0.00326329586096, 0.00358411786146, 0.00235474831425, 3.60739213647e-05, 1.99637702281e-06],
        "mean": [4.19354091719e-06, 0.000231964033446, 0.000501974194776, 0.000592204742134, 0.00147222308442, 0.0010515244212, 0.00212937523611, 0.0034447631333, 0.00295167439617, 0.00118759134784, 0.000808972399682, 0.00196888158098, 0.00154530163854, 0.000243703252636, 0.000339476799127, 0.000186851844774, 0.000146378108184, 8.86566776899e-05, 7.31530526537e-05, 3.57359276677e-05, 2.33671526075e-05, 1.53086002683e-05, 1.3511029465e-05, 1.27713419715e-05, 6.08949267189e-06, 2.79120001778e-07, 1.14942033669e-09],
        "median": [7.99791848749e-07, 4.37800044892e-05, 8.21762077976e-05, 0.000201198476134, 0.000730482046492, 0.000400609395001, 0.000577017781325, 0.000380036595743, 0.000221311012865, 0.000286683498416, 0.000122075463878, 0.000134955073008, 8.40298598632e-05, 4.23285200668e-05, 8.62685410539e-05, 3.20864273817e-05, 3.6040233681e-05, 1.99295282073e-05, 2.2257296223e-05, 9.56506482908e-06, 6.41557380732e-06, 2.87274815491e-06, 1.98619613911e-06, 1.45223202708e-06, 8.51677782521e-07, 1.03689274056e-07, 1.77843295646e-10],
        "min": [2.29439626304e-23, 5.81556905244e-23, 1.53886173339e-23, 2.43678628752e-23, 5.47266320763e-23, 7.82849848232e-23, 1.69808573404e-23, 2.97512516408e-23, 5.52874364493e-23, 3.211917542e-23, 4.51565123621e-23, 3.21935902469e-23, 5.67187204322e-23, 1.27854006436e-22, 1.49509715032e-22, 1.88806764227e-22, 2.89574657192e-22, 1.63432807086e-22, 2.6681085777e-22, 2.97947134591e-22, 4.83413205413e-22, 3.84900179838e-22, 5.85182068203e-22, 7.97508890713e-22, 1.1288140626e-21, 1.43656079339e-21, 2.86929971346e-21],
        "var": [3.35690408804e-09, 2.21685667157e-07, 1.10467613013e-06, 1.54466022195e-06, 4.82150244352e-06, 3.48281969309e-06, 1.76300854946e-05, 7.19372255844e-05, 0.000104602266219, 5.87922158957e-06, 4.46006333732e-06, 4.05835489801e-05, 3.17311678373e-05, 3.61276050853e-07, 5.27719237198e-07, 1.93761067635e-07, 1.23354325865e-07, 5.54119026219e-08, 2.62753143687e-08, 5.7437388179e-09, 6.75529365779e-09, 4.64238203435e-09, 7.05445657445e-09, 1.15553246971e-08, 2.77590550546e-09, 1.66341365595e-12, 5.01073880772e-16]
    },
    "erbbands": {
        "dmean": [0.00220047309995, 0.0434558056295, 0.312509000301, 0.728222250938, 1.49163556099, 3.01892614365, 2.93282103539, 4.20130395889, 10.4221849442, 24.0808334351, 29.1530342102, 24.2411460876, 8.84966278076, 19.6762237549, 18.2796077728, 37.0663070679, 30.4559211731, 7.90645503998, 9.35266590118, 8.56625843048, 4.75445365906, 4.2036280632, 2.87889432907, 2.39019942284, 1.62665069103, 0.901320636272, 0.634725153446, 0.391242831945, 0.316485285759, 0.278769761324, 0.245741739869, 0.196531176567, 0.0978010222316, 0.0575556643307, 0.0166947785765, 0.00184355373494, 9.50129469857e-05, 5.54046846446e-06, 2.75914703707e-06, 5.24482493347e-06],
        "dmean2": [0.00383410579525, 0.0741284415126, 0.530328094959, 1.20193171501, 2.37971735001, 4.8660607338, 4.39401340485, 6.43261861801, 15.2713880539, 35.7117958069, 41.208694458, 33.5021018982, 13.3849458694, 29.9035243988, 26.1044921875, 55.4423103333, 46.1153182983, 12.8207616806, 15.0302066803, 13.6970682144, 7.96180486679, 6.89493322372, 4.77634429932, 3.77638030052, 2.625020504, 1.40605676174, 1.04592812061, 0.637170791626, 0.510528028011, 0.447904258966, 0.38035556674, 0.28435459733, 0.141372993588, 0.0848038047552, 0.0246172901243, 0.00281959888525, 0.000147000973811, 8.96343317436e-06, 4.1550606511e-06, 7.80757636676e-06],
        "dvar": [3.62566352123e-05, 0.0144292842597, 0.650614857674, 2.69706916809, 10.6582365036, 45.5167427063, 34.7335395813, 97.7502593994, 524.908630371, 4927.51464844, 6017.53955078, 5608.41357422, 387.7421875, 2113.33203125, 2410.26953125, 13032.296875, 11997.9472656, 398.298309326, 677.631591797, 502.671783447, 199.107009888, 182.563949585, 96.3245697021, 51.2168006897, 24.6869831085, 5.54425430298, 10.3414049149, 2.72049045563, 3.12270355225, 1.6441628933, 3.04254007339, 2.34045147896, 0.542358636856, 0.375548183918, 0.0127031439915, 0.000103705198853, 2.93593359402e-07, 5.47518919092e-09, 8.03423161333e-11, 4.92507076788e-11],
        "dvar2": [0.000105839884782, 0.0408589653671, 1.80172145367, 7.44848680496, 27.1348590851, 116.287216187, 76.055770874, 200.348800659, 1090.58215332, 10115.9960938, 11274.3417969, 9936.07226562, 871.827941895, 4927.07373047, 4963.07910156, 26960.3339844, 26225.015625, 1054.31982422, 1649.10473633, 1227.87634277, 568.200622559, 488.495880127, 266.339538574, 119.204246521, 59.2849617004, 12.6152381897, 27.3168468475, 4.97879934311, 5.64208936691, 3.8144364357, 5.43529748917, 4.07853794098, 0.933597147465, 0.689908862114, 0.0219091009349, 0.000206395779969, 6.53640313431e-07, 1.56653463534e-08, 2.17672144198e-10, 1.0368422787e-10],
        "max": [0.216559156775, 4.22993183136, 20.9450263977, 42.7471923828, 80.4130859375, 156.852203369, 196.744277954, 314.373382568, 554.583557129, 1413.67529297, 2292.47900391, 2942.81054688, 752.035095215, 1533.77331543, 2042.11474609, 3435.74121094, 3040.03735352, 399.311767578, 715.61706543, 660.356872559, 254.474121094, 350.360565186, 366.764556885, 245.111679077, 151.276138306, 66.8128433228, 241.649734497, 129.98765564, 143.34274292, 43.272819519, 116.51108551, 93.9555664062, 55.3453903198, 46.1104011536, 7.25961446762, 0.486339330673, 0.0216691605747, 0.00478414585814, 0.000551650882699, 0.00012321214308],
        "mean": [0.00317292590626, 0.0699311718345, 0.487624377012, 1.42193865776, 3.24734687805, 5.13196086884, 6.53458499908, 9.36278343201, 25.0772724152, 48.4019088745, 80.2802124023, 88.2188339233, 22.1008396149, 42.7750205994, 45.4361190796, 97.5221939087, 85.8217086792, 16.5459957123, 16.6453170776, 16.0899600983, 8.52340602875, 7.27671098709, 5.30075931549, 4.76432418823, 3.1628613472, 1.85739338398, 1.19812631607, 0.730286955833, 0.516999185085, 0.444851458073, 0.388292610645, 0.340766072273, 0.169371545315, 0.0949000269175, 0.028498949483, 0.00349248456769, 0.000172123458469, 9.96644848783e-06, 1.08805361378e-05, 2.24841332965e-05],
        "median": [0.000528420321643, 0.0141709297895, 0.0964880287647, 0.466490715742, 1.51226007938, 2.0516872406, 2.75169992447, 3.56116580963, 7.72239780426, 11.3049592972, 10.3689928055, 7.81265354156, 7.29217243195, 11.8427124023, 9.70235538483, 10.9474945068, 7.25457859039, 3.72501993179, 4.75236701965, 3.18104839325, 1.97946488857, 1.80761945248, 1.564265728, 1.3804295063, 0.94094979763, 0.545043706894, 0.375054240227, 0.169449999928, 0.101610675454, 0.0674352645874, 0.0577808693051, 0.0382866933942, 0.019553501159, 0.0111258868128, 0.00525405164808, 0.00116367998999, 5.77673454245e-05, 3.76070920538e-06, 7.19188574294e-06, 1.49533343574e-05],
        "min": [3.25112272992e-21, 7.25283350976e-21, 1.69270120806e-20, 5.26677625175e-20, 7.27611525127e-20, 1.82164893972e-19, 6.89811555407e-19, 4.42397853386e-19, 3.13567316414e-19, 1.94020834918e-19, 8.46989313477e-19, 1.42871090349e-18, 8.99757232703e-19, 1.84458526224e-18, 1.24144310647e-18, 1.62331889448e-18, 2.31738639753e-18, 4.44799210403e-18, 9.23689015391e-18, 9.52962523678e-18, 8.8512469718e-18, 1.35183488803e-17, 1.2138865563e-17, 1.36452400407e-17, 1.18807628781e-17, 1.56158845263e-17, 2.15475966989e-17, 1.38689576548e-17, 1.45353269116e-17, 1.37747318568e-17, 1.69685961431e-17, 1.8819235747e-17, 1.18925088428e-17, 1.02210961165e-17, 8.9604372942e-18, 5.58541755867e-18, 2.71145772289e-18, 1.20056425419e-18, 4.28329630816e-19, 4.28016109977e-20],
        "var": [3.90837776649e-05, 0.0195888914168, 0.941705822945, 7.50350284576, 28.972951889, 80.2342453003, 121.866470337, 327.182189941, 2323.85180664, 12801.7236328, 40798.7148438, 87491.328125, 1353.43579102, 7924.16210938, 13686.1044922, 93775.8359375, 88228.2578125, 1154.31054688, 1501.67822266, 1499.39440918, 339.718078613, 344.296356201, 143.903320312, 148.033035278, 55.301990509, 14.3153810501, 13.8286981583, 7.07133960724, 7.0967798233, 3.46463346481, 7.0487651825, 8.88274002075, 1.80893063545, 0.900841772556, 0.0382507704198, 0.000295098230708, 6.67850599712e-07, 4.04171984769e-09, 1.56957877251e-10, 4.74080330548e-10]
    },
    "gfcc": {
        "mean": [-94.3533172607, 135.559387207, -145.657989502, 3.39000296593, -78.3124847412, 7.20728254318, -41.3584480286, -0.746658921242, -24.8721733093, -9.30074501038, -4.23229169846, -16.6615962982, -4.04061174393],
        "cov": [[5342.21289062, 100.951019287, -1740.46386719, 158.731018066, 318.360931396, -214.434402466, 350.47644043, 80.8643112183, 271.335510254, -142.146652222, 47.5380210876, -218.201889038, -51.2827033997], [100.951019287, 858.908630371, 485.80758667, -30.6234016418, 152.886032104, -178.579147339, 71.0690994263, -30.068939209, -44.2399673462, -20.1671829224, 51.3605422974, -79.7840270996, -32.8340988159], [-1740.46386719, 485.80758667, 1519.88354492, 174.673339844, -190.721847534, 63.9690170288, -178.155212402, -25.0433368683, -172.640106201, 38.7241363525, -12.5175685883, 83.319229126, -22.6965866089], [158.731018066, -30.6234016418, 174.673339844, 515.985900879, 43.8650054932, -34.3815765381, -55.7068519592, 43.4296569824, 27.3316192627, -16.7912025452, -79.56640625, 66.1541442871, 58.1608467102], [318.360931396, 152.886032104, -190.721847534, 43.8650054932, 255.13218689, -44.8654174805, 80.6341629028, 39.3665924072, 51.8547401428, -8.44390106201, -3.50690126419, -49.7001914978, -5.32657957077], [-214.434402466, -178.579147339, 63.9690170288, -34.3815765381, -44.8654174805, 288.925140381, 39.5639076233, -36.5370063782, -64.6185150146, 57.1689796448, 15.7050695419, 20.3215866089, -15.6575679779], [350.47644043, 71.0690994263, -178.155212402, -55.7068519592, 80.6341629028, 39.5639076233, 218.727340698, 35.2588310242, 19.5277500153, 28.0237922668, 50.7525558472, -63.8627243042, -45.5730552673], [80.8643112183, -30.068939209, -25.0433368683, 43.4296569824, 39.3665924072, -36.5370063782, 35.2588310242, 156.679229736, 90.8832702637, -5.54410600662, -16.6102867126, -8.63348579407, -13.2952013016], [271.335510254, -44.2399673462, -172.640106201, 27.3316192627, 51.8547401428, -64.6185150146, 19.5277500153, 90.8832702637, 178.995529175, 14.3104829788, -20.2495422363, -15.3985185623, 5.23431873322], [-142.146652222, -20.1671829224, 38.7241363525, -16.7912025452, -8.44390106201, 57.1689796448, 28.0237922668, -5.54410600662, 14.3104829788, 101.701957703, 49.6626281738, 0.663069009781, -10.6279401779], [47.5380210876, 51.3605422974, -12.5175685883, -79.56640625, -3.50690126419, 15.7050695419, 50.7525558472, -16.6102867126, -20.2495422363, 49.6626281738, 129.143707275, 28.344291687, -11.9099664688], [-218.201889038, -79.7840270996, 83.319229126, 66.1541442871, -49.7001914978, 20.3215866089, -63.8627243042, -8.63348579407, -15.3985185623, 0.663069009781, 28.344291687, 130.550720215, 61.4717025757], [-51.2827033997, -32.8340988159, -22.6965866089, 58.1608467102, -5.32657957077, -15.6575679779, -45.5730552673, -13.2952013016, 5.23431873322, -10.6279401779, -11.9099664688, 61.4717025757, 98.9146575928]],
        "icov": [[0.000616226345301, -0.00105130625889, 0.00123416644055, -0.000959072960541, 0.000993870082311, -0.000767605088186, 0.000334290933097, -0.000277419108897, -0.000453339627711, 0.000962407269981, -0.000856813916471, 0.000617982412223, 0.000506543845404], [-0.00105130625889, 0.00611455459148, -0.00460205972195, 0.00236198725179, -0.00483802473173, 0.00409964518622, -0.00283434381709, 0.00285559077747, 0.000130672749947, 0.000210236670682, -0.000766115903389, 0.0013604456326, -0.00241582794115], [0.00123416644055, -0.00460205972195, 0.0049229231663, -0.00269087660126, 0.0042005139403, -0.00302375340834, 0.00268488726579, -0.00260327453725, 0.000733061577193, -4.42478994955e-05, -0.000243214002694, -0.000425394217018, 0.0026502343826], [-0.000959072960541, 0.00236198725179, -0.00269087660126, 0.00446888385341, -0.00299819209613, 0.00217665173113, -0.00140649778768, 0.000480038230307, 0.000699905445799, -0.00216094381176, 0.00361572741531, -0.00287175178528, -0.00140786392149], [0.000993870082311, -0.00483802473173, 0.0042005139403, -0.00299819209613, 0.00932523980737, -0.0028838540893, 0.000829855678603, -0.00257993559353, -0.000760013994295, 0.000848028168548, -0.000599596591201, 0.00138117012102, 0.000918100122362], [-0.000767605088186, 0.00409964518622, -0.00302375340834, 0.00217665173113, -0.0028838540893, 0.00804645475, -0.00379414181225, 0.00214377790689, 0.00245542661287, -0.00408651959151, 0.00283809495158, -0.00222991150804, -0.000193793443032], [0.000334290933097, -0.00283434381709, 0.00268488726579, -0.00140649778768, 0.000829855678603, -0.00379414181225, 0.0100468471646, -0.00370817584917, 0.000591662246734, -7.40383984521e-05, -0.00410160562024, 0.00369285256602, 0.00142202584539], [-0.000277419108897, 0.00285559077747, -0.00260327453725, 0.000480038230307, -0.00257993559353, 0.00214377790689, -0.00370817584917, 0.0121348863468, -0.00598821416497, 0.00241574691609, 0.000155630201334, -0.000965047103819, 0.00124239735305], [-0.000453339627711, 0.000130672749947, 0.000733061577193, 0.000699905445799, -0.000760013994295, 0.00245542661287, 0.000591662246734, -0.00598821416497, 0.0118197305128, -0.00628460245207, 0.00381960789673, -0.00140532676596, -0.00058698450448], [0.000962407269981, 0.000210236670682, -4.42478994955e-05, -0.00216094381176, 0.000848028168548, -0.00408651959151, -7.40383984521e-05, 0.00241574691609, -0.00628460245207, 0.0193859022111, -0.0107519775629, 0.00592982955277, -0.00104567885865], [-0.000856813916471, -0.000766115903389, -0.000243214002694, 0.00361572741531, -0.000599596591201, 0.00283809495158, -0.00410160562024, 0.000155630201334, 0.00381960789673, -0.0107519775629, 0.0195563957095, -0.0118946414441, 0.00405720854178], [0.000617982412223, 0.0013604456326, -0.000425394217018, -0.00287175178528, 0.00138117012102, -0.00222991150804, 0.00369285256602, -0.000965047103819, -0.00140532676596, 0.00592982955277, -0.0118946414441, 0.0210226196796, -0.0101294172928], [0.000506543845404, -0.00241582794115, 0.0026502343826, -0.00140786392149, 0.000918100122362, -0.000193793443032, 0.00142202584539, 0.00124239735305, -0.00058698450448, -0.00104567885865, 0.00405720854178, -0.0101294172928, 0.0185495465994]]
    },
    "melbands": {
        "dmean": [2.94955880236e-05, 0.000124847822008, 0.000131901106215, 0.00016643422714, 0.000107951724203, 9.26536449697e-05, 0.000170455023181, 0.000279172760202, 0.000242967667873, 0.000131318345666, 4.30173204222e-05, 8.40415232233e-05, 5.61840788578e-05, 8.90960218385e-05, 8.92802781891e-05, 4.43426906713e-05, 1.38793166116e-05, 1.52781158249e-05, 1.2345029063e-05, 9.71531335381e-06, 5.3607168411e-06, 4.44895658802e-06, 4.55430608781e-06, 2.4041951292e-06, 2.02663909477e-06, 1.45081833125e-06, 7.78661501499e-07, 6.01787235155e-07, 4.56678463934e-07, 3.15391275763e-07, 2.38297999999e-07, 1.92687039657e-07, 1.76417344733e-07, 1.52181229396e-07, 1.37284260404e-07, 1.56604329504e-07, 1.18147703176e-07, 6.79586094066e-08, 6.80974778788e-08, 4.46676970967e-08],
        "dmean2": [5.11687176186e-05, 0.000211211357964, 0.00021497347916, 0.000267680268735, 0.000164312121342, 0.000140207179356, 0.000251406279858, 0.000410202512285, 0.000340959057212, 0.000182833551662, 6.56990305288e-05, 0.000127960578538, 8.15437524579e-05, 0.000134518544655, 0.000131883309223, 6.78997021168e-05, 2.29057332035e-05, 2.47630996455e-05, 1.99529458769e-05, 1.55270190589e-05, 9.09820937522e-06, 7.27082760932e-06, 7.56756662668e-06, 3.92196398025e-06, 3.1891540857e-06, 2.35163315665e-06, 1.24026837511e-06, 9.38396681249e-07, 7.5335310612e-07, 5.25488360381e-07, 3.96529316049e-07, 3.11584045676e-07, 2.90979642159e-07, 2.46822452254e-07, 2.19185650963e-07, 2.33470473177e-07, 1.80452047971e-07, 1.02530613333e-07, 1.0436221487e-07, 6.51437446209e-08],
        "dvar": [6.5238228153e-09, 1.0252573901e-07, 7.65290479876e-08, 1.31270596171e-07, 4.35385487663e-08, 4.32710685061e-08, 1.36006747198e-07, 6.30370209365e-07, 3.78748438834e-07, 1.73045307861e-07, 1.05116493287e-08, 3.90746919265e-08, 2.31182610833e-08, 7.57748352953e-08, 5.98147238406e-08, 2.85631767127e-08, 1.44444423089e-09, 1.89823645691e-09, 9.95683535621e-10, 6.44142239548e-10, 2.86734941346e-10, 2.39258279855e-10, 2.19208401431e-10, 4.97637937802e-11, 4.16948350845e-11, 2.26651405977e-11, 5.7635402527e-12, 2.7337244881e-12, 3.75392165269e-12, 3.70907688244e-12, 1.23438011115e-12, 1.23189880605e-12, 6.88031554473e-13, 4.97951614838e-13, 8.08864260293e-13, 1.9912817055e-12, 1.19333373478e-12, 2.1429040454e-13, 6.49234192882e-13, 2.23086916236e-13],
        "dvar2": [1.88315123495e-08, 2.82830569631e-07, 2.08803825785e-07, 3.31608589477e-07, 9.99511371447e-08, 8.75870114214e-08, 2.85499027086e-07, 1.2670865317e-06, 6.91757747973e-07, 3.04692918007e-07, 2.39332198504e-08, 9.1208804065e-08, 4.77533674825e-08, 1.64287172311e-07, 1.23538669072e-07, 6.55842526953e-08, 3.79572639986e-09, 4.70732830493e-09, 2.60285193399e-09, 1.58569590791e-09, 8.17716283574e-10, 6.27613294668e-10, 5.69205682588e-10, 1.2909957825e-10, 9.5765492758e-11, 5.64638544254e-11, 1.32298616506e-11, 6.28067649971e-12, 9.64431919742e-12, 9.98115132211e-12, 2.92429036715e-12, 2.23704366663e-12, 1.5685177766e-12, 1.1949989609e-12, 1.52129133943e-12, 3.25664777263e-12, 2.26636851647e-12, 3.55554642803e-13, 1.44860534158e-12, 3.98887384711e-13],
        "max": [0.00290796114132, 0.00927520636469, 0.00758015923202, 0.00795045867562, 0.00537538481876, 0.00631813146174, 0.00810417626053, 0.0163549631834, 0.019567605108, 0.0160277672112, 0.00372999324463, 0.00640390813351, 0.00483478466049, 0.00815421249717, 0.00483960658312, 0.00527923554182, 0.000917372584809, 0.00120756716933, 0.000484601856442, 0.000832261750475, 0.000342663173797, 0.000487790472107, 0.00044380206964, 0.000146012287587, 0.000229147248319, 0.000131838183734, 0.000125126738567, 4.52624735772e-05, 0.000128441097331, 0.000153671426233, 8.89940201887e-05, 9.24254200072e-05, 4.07074294344e-05, 2.15337131522e-05, 6.12105213804e-05, 9.19610392884e-05, 7.32861226425e-05, 2.71959906968e-05, 6.41837905277e-05, 4.23666824645e-05],
        "mean": [4.52072163171e-05, 0.000201151851797, 0.000293174060062, 0.00031055288855, 0.000232733669691, 0.00020715505525, 0.000400133139919, 0.000558109139092, 0.000696504779626, 0.000462944881292, 9.2348382168e-05, 0.000176899484359, 0.000125481717987, 0.000227505472139, 0.000227267941227, 0.000116759219964, 2.37528947764e-05, 2.58118234342e-05, 2.13609873754e-05, 1.80457318493e-05, 8.43427278596e-06, 7.16296563041e-06, 7.3557421274e-06, 4.09070116802e-06, 3.80055689675e-06, 2.62261642092e-06, 1.52499967498e-06, 1.13575697469e-06, 7.97053132828e-07, 5.41235579021e-07, 3.93173650082e-07, 2.97980932373e-07, 2.70839251471e-07, 2.27652250828e-07, 2.05826637512e-07, 2.47951277288e-07, 1.95283718085e-07, 1.13222299092e-07, 1.08996268011e-07, 6.98306834579e-08],
        "median": [7.95836785983e-06, 4.00130738853e-05, 0.000121603137814, 0.000141822150908, 0.000101214398455, 7.62668787502e-05, 0.000118373936857, 0.000112951776828, 7.65655568102e-05, 3.63501749234e-05, 2.40695626417e-05, 3.96539326175e-05, 2.10888829315e-05, 1.8667011318e-05, 2.26116608246e-05, 7.34532113711e-06, 3.85608200304e-06, 6.00169460085e-06, 5.06801552547e-06, 2.70806663139e-06, 1.63018444255e-06, 1.51602716869e-06, 1.61617936101e-06, 8.15333521587e-07, 9.34224999583e-07, 7.49572052428e-07, 3.98221004616e-07, 3.03877754959e-07, 2.30535064816e-07, 1.40545097338e-07, 7.27152666968e-08, 5.52080372529e-08, 4.25559854023e-08, 3.11376666673e-08, 3.17735597832e-08, 2.74463367589e-08, 2.09654409389e-08, 1.31255522007e-08, 1.12215792214e-08, 8.72797212281e-09],
        "min": [2.26559510916e-23, 8.30280757024e-24, 9.18054075619e-24, 8.81484771749e-24, 2.05731184881e-23, 1.10237174167e-23, 4.85624508748e-24, 2.67295972517e-24, 6.1348572695e-24, 9.42949815813e-24, 4.24500725912e-24, 7.49371080508e-24, 5.39648425108e-24, 3.22823733864e-24, 3.72968781709e-24, 6.84319795884e-24, 8.42686541392e-24, 1.57988991575e-23, 1.22966896377e-23, 1.34249453256e-23, 9.54357296705e-24, 1.21506896279e-23, 1.79405776291e-23, 7.45371397947e-24, 1.13999930244e-23, 1.06763575054e-23, 8.06451162344e-24, 1.02485164269e-23, 1.11051822935e-23, 1.34325341675e-23, 6.96373274971e-24, 8.62314189575e-24, 6.96880828078e-24, 7.97171870402e-24, 8.68369328111e-24, 1.26398244099e-23, 1.09453480301e-23, 8.96037519957e-24, 6.54733685962e-24, 9.08975469891e-24],
        "var": [7.80196973693e-09, 1.52550299504e-07, 2.52590609762e-07, 2.49852917023e-07, 1.36681762797e-07, 1.59297883329e-07, 5.75965259486e-07, 1.68866597505e-06, 2.79503524325e-06, 2.61761397269e-06, 3.2657233362e-08, 1.50107069885e-07, 1.09076673027e-07, 4.97054543303e-07, 3.46829409636e-07, 1.7717330536e-07, 3.54099993771e-09, 4.04692146461e-09, 2.09142791974e-09, 1.95443328188e-09, 4.18619250375e-10, 4.55474075123e-10, 4.02122252163e-10, 9.7854696568e-11, 1.14776452231e-10, 4.4136094085e-11, 1.63349472837e-11, 6.09137523408e-12, 5.35432028576e-12, 4.87132686619e-12, 2.26356325177e-12, 2.7636792594e-12, 1.3931882991e-12, 9.54410378853e-13, 1.61930560107e-12, 5.14567945545e-12, 3.7383048046e-12, 7.01022085433e-13, 1.25852475143e-12, 5.05162264016e-13]
    },
    "mfcc": {
        "mean": [-728.588684082, 160.004302979, -12.7758302689, -2.74340701103, -13.2386646271, -8.12402629852, -4.84490060806, -5.87870931625, -11.001660347, -2.82810997963, -5.06863880157, -0.336771905422, -2.35263490677],
        "cov": [[5795.02734375, -453.997467041, -1900.71911621, 240.84552002, -168.915924072, -45.4444885254, -48.5220832825, 212.477050781, 228.342315674, 186.135696411, 125.439796448, 108.339889526, 82.9415206909], [-453.997467041, 1023.36877441, 336.156158447, 128.231582642, 55.9170837402, -81.927230835, 109.404327393, -64.668586731, -74.4115753174, 5.34175872803, 23.3164100647, 27.6040172577, 19.6250019073], [-1900.71911621, 336.156158447, 1401.50476074, 116.04196167, 110.497840881, 62.7705497742, 44.3945350647, -56.3532409668, -102.357391357, -122.323516846, -51.6844520569, -43.9579925537, -21.6709804535], [240.84552002, 128.231582642, 116.04196167, 473.533874512, 126.905395508, -49.8601760864, -48.5317802429, 33.481010437, 81.7590179443, -8.94675827026, 5.68961763382, -10.0884189606, -13.3634023666], [-168.915924072, 55.9170837402, 110.497840881, 126.905395508, 178.809356689, -5.17687702179, -47.862575531, 20.6641616821, 35.4331054688, -2.89508032799, -20.6643314362, -20.3337001801, -14.9963636398], [-45.4444885254, -81.927230835, 62.7705497742, -49.8601760864, -5.17687702179, 193.459640503, 81.0073699951, -17.9467411041, -11.2682695389, 1.64907813072, 4.20605993271, -22.0114173889, 1.41224014759], [-48.5220832825, 109.404327393, 44.3945350647, -48.5317802429, -47.862575531, 81.0073699951, 216.525314331, 2.71182250977, -45.9514846802, 20.8041248322, 35.1684837341, 22.5911769867, 27.8197917938], [212.477050781, -64.668586731, -56.3532409668, 33.481010437, 20.6641616821, -17.9467411041, 2.71182250977, 112.730628967, 52.8833236694, 7.19233083725, 3.84065747261, 14.6208276749, 6.60877990723], [228.342315674, -74.4115753174, -102.357391357, 81.7590179443, 35.4331054688, -11.2682695389, -45.9514846802, 52.8833236694, 134.907073975, 45.2539520264, 19.4911727905, 2.9892578125, -6.02252388], [186.135696411, 5.34175872803, -122.323516846, -8.94675827026, -2.89508032799, 1.64907813072, 20.8041248322, 7.19233083725, 45.2539520264, 137.984466553, 61.362991333, 21.6229820251, 9.43762111664], [125.439796448, 23.3164100647, -51.6844520569, 5.68961763382, -20.6643314362, 4.20605993271, 35.1684837341, 3.84065747261, 19.4911727905, 61.362991333, 124.154800415, 69.6545410156, 17.0654373169], [108.339889526, 27.6040172577, -43.9579925537, -10.0884189606, -20.3337001801, -22.0114173889, 22.5911769867, 14.6208276749, 2.9892578125, 21.6229820251, 69.6545410156, 136.828811646, 57.7693824768], [82.9415206909, 19.6250019073, -21.6709804535, -13.3634023666, -14.9963636398, 1.41224014759, 27.8197917938, 6.60877990723, -6.02252388, 9.43762111664, 17.0654373169, 57.7693824768, 95.4308166504]],
