{
"lowlevel": {
    "average_loudness": 0.877856254578,
    "barkbands_crest": {
        "dmean": 2.36890006065,
        "dmean2": 3.87764906883,
        "dvar": 5.13037014008,
        "dvar2": 13.0824670792,
        "max": 24.4657726288,
        "mean": 10.1017904282,
        "median": 9.23159408569,
        "min": 2.60733056068,
        "var": 17.235830307
    },
    "barkbands_flatness_db": {
        "dmean": 0.0208543483168,
        "dmean2": 0.0313027463853,
        "dvar": 0.0003859285207,
        "dvar2": 0.000843585701659,
        "max": 0.381185859442,
        "mean": 0.13799007237,
        "median": 0.135829091072,
        "min": 0.0377437956631,
        "var": 0.00199255696498
    },
    "barkbands_kurtosis": {
        "dmean": 3.14861059189,
        "dmean2": 4.98004579544,
        "dvar": 56.1133804321,
        "dvar2": 136.490692139,
        "max": 213.270050049,
        "mean": 4.84548711777,
        "median": 1.65257096291,
        "min": -1.94136738777,
        "var": 135.547836304
    },
    "barkbands_skewness": {
        "dmean": 0.561269104481,
        "dmean2": 0.855039715767,
        "dvar": 0.387197881937,
        "dvar2": 0.881747961044,
        "max": 12.4545640945,
        "mean": 1.2368696928,
        "median": 1.08556997776,
        "min": -2.2602853775,
        "var": 3.18822312355
    },
    "barkbands_spread": {
        "dmean": 5.89947605133,
        "dmean2": 9.18645191193,
        "dvar": 48.7227287292,
        "dvar2": 102.107215881,
        "max": 111.408073425,
        "mean": 25.4242553711,
        "median": 25.1841545105,
        "min": 0.866081237793,
        "var": 176.576416016
    },
    "dissonance": {
        "dmean": 0.0138512384146,
        "dmean2": 0.0234358925372,
        "dvar": 0.0002052225027,
        "dvar2": 0.000567533774301,
        "max": 0.500000119209,
        "mean": 0.473834514618,
        "median": 0.478779733181,
        "min": 0.307083636522,
        "var": 0.000449634913821
    },
    "dynamic_complexity": 2.97777938843,
    "erbbands_crest": {
        "dmean": 2.66520524025,
        "dmean2": 4.30989027023,
        "dvar": 7.39497900009,
        "dvar2": 18.0196170807,
        "max": 30.7992515564,
        "mean": 8.90807342529,
        "median": 7.75014448166,
        "min": 2.423838377,
        "var": 22.9123268127
    },
    "erbbands_flatness_db": {
        "dmean": 0.018917279318,
        "dmean2": 0.0271691959351,
        "dvar": 0.000299289298709,
        "dvar2": 0.000591318123043,
        "max": 0.299618303776,
        "mean": 0.149069830775,
        "median": 0.142658561468,
        "min": 0.0587887093425,
        "var": 0.0021028178744
    },
    "erbbands_kurtosis": {
        "dmean": 0.991616606712,
        "dmean2": 1.57034003735,
        "dvar": 2.16777157784,
        "dvar2": 5.09284543991,
        "max": 29.3435516357,
        "mean": 0.553366780281,
        "median": -0.00100231170654,
        "min": -1.87180066109,
        "var": 4.67604017258
    },
    "erbbands_skewness": {
        "dmean": 0.359742730856,
        "dmean2": 0.556968510151,
        "dvar": 0.128623887897,
        "dvar2": 0.278378844261,
        "max": 4.8881611824,
        "mean": -0.139994859695,
        "median": -0.171460449696,
        "min": -4.74959564209,
        "var": 0.61385935545
    },
    "erbbands_spread": {
        "dmean": 8.73668384552,
        "dmean2": 13.1044378281,
        "dvar": 94.7597961426,
        "dvar2": 197.77684021,
        "max": 174.335021973,
        "mean": 40.4793510437,
        "median": 37.0037841797,
        "min": 4.13915920258,
        "var": 476.613769531
    },
    "hfc": {
        "dmean": 7.27921915054,
        "dmean2": 10.4180517197,
        "dvar": 118.95475769,
        "dvar2": 237.68069458,
        "max": 157.702560425,
        "mean": 19.366065979,
        "median": 12.2602672577,
        "min": 1.05700851059e-16,
        "var": 399.821411133
    },
    "melbands_crest": {
        "dmean": 3.07775044441,
        "dmean2": 4.99331521988,
        "dvar": 8.77754402161,
        "dvar2": 22.5799999237,
        "max": 33.5277900696,
        "mean": 13.7532777786,
        "median": 13.638712883,
        "min": 1.51263451576,
        "var": 45.1479721069
    },
    "melbands_flatness_db": {
        "dmean": 0.0242094397545,
        "dmean2": 0.0362689346075,
        "dvar": 0.000630638154689,
        "dvar2": 0.00134171452373,
        "max": 0.493007272482,
        "mean": 0.179961889982,
        "median": 0.186229556799,
        "min": 0.0024938385468,
        "var": 0.00702910497785
    },
    "melbands_kurtosis": {
        "dmean": 8.60280990601,
        "dmean2": 13.4979743958,
        "dvar": 350.090118408,
        "dvar2": 899.499389648,
        "max": 533.010681152,
        "mean": 16.7176990509,
        "median": 5.57685899734,
        "min": -1.82998347282,
        "var": 1045.59008789
    },
    "melbands_skewness": {
        "dmean": 0.780336797237,
        "dmean2": 1.19371819496,
        "dvar": 0.81087064743,
        "dvar2": 1.87165284157,
        "max": 18.9712657928,
        "mean": 2.67994809151,
        "median": 2.28389644623,
        "min": -1.39966082573,
        "var": 5.25464010239
    },
    "melbands_spread": {
        "dmean": 8.30177974701,
        "dmean2": 12.9864645004,
        "dvar": 89.3868103027,
        "dvar2": 201.208358765,
        "max": 171.989746094,
        "mean": 37.152256012,
        "median": 25.7325000763,
        "min": 0.628290295601,
        "var": 1310.94421387
    },
    "pitch_salience": {
        "dmean": 0.0662161782384,
        "dmean2": 0.107316568494,
        "dvar": 0.00409939698875,
        "dvar2": 0.0104261338711,
        "max": 0.963630735874,
        "mean": 0.541089057922,
        "median": 0.517084360123,
        "min": 0.118548616767,
        "var": 0.0224658492953
    },
    "silence_rate_20dB": {
        "dmean": 0,
        "dmean2": 0,
        "dvar": 0,
        "dvar2": 0,
        "max": 1,
        "mean": 1,
        "median": 1,
        "min": 1,
        "var": 0
    },
    "silence_rate_30dB": {
        "dmean": 0.00109086942393,
        "dmean2": 0.00218197680078,
        "dvar": 0.0010894711595,
        "dvar2": 0.00261278147809,
        "max": 1,
        "mean": 0.999127388,
        "median": 1,
        "min": 0,
        "var": 0.000872008793522
    },
    "silence_rate_60dB": {
        "dmean": 0.00763608608395,
        "dmean2": 0.015273838304,
        "dvar": 0.00757775641978,
        "dvar2": 0.0194006543607,
        "max": 1,
        "mean": 0.142997384071,
        "median": 0,
        "min": 0,
        "var": 0.122548021376
    },
    "spectral_centroid": {
        "dmean": 285.287445068,
        "dmean2": 444.462585449,
        "dvar": 99832.8359375,
        "dvar2": 218999.78125,
        "max": 11822.2861328,
        "mean": 2559.91333008,
        "median": 1798.62145996,
        "min": 243.669723511,
        "var": 8132421
    },
    "spectral_complexity": {
        "dmean": 3.46132874489,
        "dmean2": 5.02858400345,
        "dvar": 17.7038002014,
        "dvar2": 32.9908370972,
        "max": 55,
        "mean": 15.9606237411,
        "median": 15,
        "min": 0,
        "var": 104.605369568
    },
    "spectral_decrease": {
        "dmean": 2.12149009471e-09,
        "dmean2": 3.33285976595e-09,
        "dvar": 9.79378288386e-18,
        "dvar2": 2.41952777626e-17,
        "max": 2.49459663091e-28,
        "mean": -6.06642691636e-09,
        "median": -5.49698286889e-09,
        "min": -5.53016334948e-08,
        "var": 2.14315498765e-17
    },
    "spectral_energy": {
        "dmean": 0.00849642418325,
        "dmean2": 0.0132646076381,
        "dvar": 0.000151695872773,
        "dvar2": 0.000369916087948,
        "max": 0.212000846863,
        "mean": 0.0246526747942,
        "median": 0.0222707986832,
        "min": 9.9584677842e-21,
        "var": 0.000347728113411
    },
    "spectral_energyband_high": {
        "dmean": 0.000427718885476,
        "dmean2": 0.000623531814199,
        "dvar": 8.47830563089e-07,
        "dvar2": 1.73053081198e-06,
        "max": 0.0253216996789,
        "mean": 0.000767135818023,
        "median": 0.000353758950951,
        "min": 6.90789515536e-21,
        "var": 1.78331060852e-06
    },
    "spectral_energyband_low": {
        "dmean": 0.00530113140121,
        "dmean2": 0.00867529399693,
        "dvar": 9.28614972509e-05,
        "dvar2": 0.000244484777795,
        "max": 0.200755447149,
        "mean": 0.0111263161525,
        "median": 0.00950701348484,
        "min": 5.92647058949e-24,
        "var": 0.000142398668686
    },
    "spectral_energyband_middle_high": {
        "dmean": 0.00244553294033,
        "dmean2": 0.00355086219497,
        "dvar": 1.7347803805e-05,
        "dvar2": 3.5337798181e-05,
        "max": 0.0591778568923,
        "mean": 0.00613043224439,
        "median": 0.00249967072159,
        "min": 1.07821861935e-21,
        "var": 6.3685074565e-05
    },
    "spectral_energyband_middle_low": {
        "dmean": 0.00347471120767,
        "dmean2": 0.00552087649703,
        "dvar": 2.99991443171e-05,
        "dvar2": 7.09633313818e-05,
        "max": 0.0877481326461,
        "mean": 0.00727690802887,
        "median": 0.00494321063161,
        "min": 1.16661420721e-22,
        "var": 6.34346724837e-05
    },
    "spectral_entropy": {
        "dmean": 0.149564608932,
        "dmean2": 0.217375174165,
        "dvar": 0.0241301562637,
        "dvar2": 0.0493546165526,
        "max": 9.8286190033,
        "mean": 7.84712123871,
        "median": 7.68422031403,
        "min": 6.25648832321,
        "var": 0.506030440331
    },
    "spectral_flux": {
        "dmean": 0.0231374129653,
        "dmean2": 0.0359025411308,
        "dvar": 0.000745962141082,
        "dvar2": 0.00167371798307,
        "max": 0.426189243793,
        "mean": 0.0794889554381,
        "median": 0.0749329701066,
        "min": 6.31390356665e-11,
        "var": 0.00258434610441
    },
    "spectral_kurtosis": {
        "dmean": 1.11663758755,
        "dmean2": 1.87025809288,
        "dvar": 1.39203178883,
        "dvar2": 3.91922974586,
        "max": 20.3681545258,
        "mean": 3.30756783485,
        "median": 3.40499377251,
        "min": -1.28201365471,
        "var": 5.1936378479
    },
    "spectral_rms": {
        "dmean": 0.000748140795622,
        "dmean2": 0.00114555645268,
        "dvar": 8.15116948161e-07,
        "dvar2": 1.88710862403e-06,
        "max": 0.0143815884367,
        "mean": 0.0043960660696,
        "median": 0.0046612881124,
        "min": 3.11698236666e-12,
        "var": 4.72593956147e-06
    },
    "spectral_rolloff": {
        "dmean": 452.453735352,
        "dmean2": 760.299987793,
        "dvar": 646183.8125,
        "dvar2": 1396692.25,
        "max": 19767.4804688,
        "mean": 3176.57983398,
        "median": 1528.85742188,
        "min": 64.599609375,
        "var": 28069014
    },
    "spectral_skewness": {
        "dmean": 0.172442167997,
        "dmean2": 0.276706188917,
        "dvar": 0.0286602936685,
        "dvar2": 0.0689601749182,
        "max": 2.80041766167,
        "mean": 1.26032614708,
        "median": 1.35413193703,
        "min": -0.305008381605,
        "var": 0.267095714808
    },
    "spectral_spread": {
        "dmean": 675002.75,
        "dmean2": 969031.4375,
        "dvar": 770402680832,
        "dvar2": 1.64977953997e+12,
        "max": 52912364,
        "mean": 8115186.5,
        "median": 4391628,
        "min": 1906071.875,
        "var": 1.1665678952e+14
    },
    "spectral_strongpeak": {
        "dmean": 0.591136693954,
        "dmean2": 1.0404150486,
        "dvar": 1.75905144215,
        "dvar2": 4.47121047974,
        "max": 15.8672142029,
        "mean": 0.778943181038,
        "median": 0.229776829481,
        "min": 0,
        "var": 2.28825616837
    },
    "zerocrossingrate": {
        "dmean": 0.0101868985221,
        "dmean2": 0.0127233332023,
        "dvar": 0.000144056350109,
        "dvar2": 0.000196267705178,
        "max": 0.7822265625,
        "mean": 0.104795873165,
        "median": 0.06201171875,
        "min": 0.0029296875,
        "var": 0.018052212894
    },
    "barkbands": {
        "dmean": [0.000370718742488, 0.00385809247382, 0.00163676147349, 0.00113261071965, 0.00153147242963, 0.000915793643799, 0.000510871526785, 0.000377274525817, 0.000385985069443, 0.00037905498175, 0.000327147339704, 0.000397765630623, 0.000588523282204, 0.000471320585348, 0.000545313872863, 0.000462290365249, 0.000337539211614, 0.000284775276668, 0.000253458303632, 0.000175169756403, 0.00012501126912, 9.29508023546e-05, 8.35811515572e-05, 6.00624225626e-05, 3.5931920138e-05, 2.5478841053e-05, 5.98746936475e-08],
        "dmean2": [0.000600280473009, 0.00635411636904, 0.00281868036836, 0.00192241976038, 0.00254212971777, 0.0014857747592, 0.000814696599264, 0.000595205056015, 0.000614196120296, 0.000598949380219, 0.00050370808458, 0.000627892208286, 0.000911644601729, 0.000737027672585, 0.000857215665746, 0.000717410584912, 0.000536237843335, 0.0004476334434, 0.000396120245568, 0.000272287608823, 0.000192699182662, 0.00014310113329, 0.000127039616928, 8.88709109859e-05, 5.33272359462e-05, 3.83398473787e-05, 1.04418532487e-07],
        "dvar": [4.30482202773e-07, 4.1520317609e-05, 1.5371140762e-05, 5.57764587938e-06, 8.09853008832e-06, 3.90747982237e-06, 2.40889994529e-06, 2.51836513598e-06, 1.69142992945e-06, 1.34432264076e-06, 1.16981323117e-06, 2.29480724556e-06, 3.35833215104e-06, 2.25716280511e-06, 3.1481329188e-06, 1.99748433261e-06, 6.35762035017e-07, 3.26224380842e-07, 3.58848780024e-07, 1.68740413642e-07, 8.51887662634e-08, 9.03361154769e-08, 5.67685773945e-08, 4.32241371584e-08, 7.96505261746e-09, 2.66921884595e-09, 4.78761012768e-14],
        "dvar2": [1.17086199225e-06, 0.000113943038741, 4.15529466409e-05, 1.44314462887e-05, 2.05646974791e-05, 9.65739945968e-06, 5.7191173255e-06, 5.8541445469e-06, 3.61911747859e-06, 3.11665212394e-06, 2.59481271314e-06, 5.25110090166e-06, 7.73566443968e-06, 5.12490942128e-06, 7.58461965233e-06, 4.56294219475e-06, 1.52808320308e-06, 7.49125490529e-07, 8.44929729737e-07, 4.00595098426e-07, 1.83064983617e-07, 1.99812745905e-07, 1.30504119511e-07, 8.87978117703e-08, 1.79130719147e-08, 5.85699089228e-09, 1.3239336385e-13],
        "max": [0.0103531247005, 0.136060968041, 0.0683062672615, 0.0543745532632, 0.0558270663023, 0.0676344335079, 0.054919116199, 0.0506563149393, 0.0583895221353, 0.0272209793329, 0.0249865539372, 0.0333558879793, 0.053706061095, 0.0491646230221, 0.0426381900907, 0.0283926371485, 0.0165070574731, 0.0108401421458, 0.0222267974168, 0.0137721663341, 0.00948377605528, 0.010352069512, 0.00884948950261, 0.0078042615205, 0.00355421612039, 0.00143350299913, 6.30887461739e-06],
        "mean": [0.000751886283979, 0.00777848390862, 0.00203397101723, 0.00146411429159, 0.00234626140445, 0.00158441113308, 0.000738235132303, 0.000461899733637, 0.000540920707863, 0.000556945393328, 0.00048776291078, 0.000501570699271, 0.000860586354975, 0.000648637651466, 0.000754657725338, 0.000772992498241, 0.000567184353713, 0.000475467299111, 0.000424680183642, 0.000285939080641, 0.000197045897949, 0.00012589081598, 0.000128104467876, 8.96972051123e-05, 4.63798678538e-05, 2.88460469164e-05, 4.44518306608e-08],
        "median": [0.000298807979561, 0.00647645164281, 0.00103820604272, 0.00043674412882, 0.00113948434591, 0.000679100281559, 0.000209679448744, 0.000111716552055, 0.00011969073239, 0.000104154030851, 7.37292793929e-05, 6.62349557388e-05, 9.43875129451e-05, 0.000118065530842, 0.000175951514393, 0.000168451602804, 0.000196492095711, 0.000177146750502, 0.000175104651134, 8.98081780178e-05, 7.3456998507e-05, 4.30392137787e-05, 4.85514538013e-05, 2.78099287243e-05, 1.25542392198e-05, 7.88857141742e-06, 1.50602752491e-09],
        "min": [1.07868273186e-25, 3.21981072645e-25, 2.6160451858e-25, 1.69839669808e-25, 1.92940724326e-24, 4.84169691467e-24, 2.07381513449e-24, 4.80057990656e-24, 1.32233503435e-23, 9.59635486136e-24, 6.95390906486e-24, 1.43148403801e-23, 1.72248946169e-23, 2.06994466735e-23, 3.10393826129e-23, 4.16036911042e-23, 5.10973102433e-23, 8.39504134506e-23, 8.0086055244e-23, 1.16347365728e-22, 1.98328820224e-22, 2.68760265596e-22, 3.0293563852e-22, 5.11256738949e-22, 7.32106995282e-22, 1.18496298564e-21, 1.82955509001e-21],
        "var": [1.03096499515e-06, 6.85908962623e-05, 1.36526205097e-05, 6.75349110679e-06, 1.34922202051e-05, 8.30799399409e-06, 4.00648877985e-06, 3.03038564198e-06, 2.83856070382e-06, 2.41864199779e-06, 2.19772459786e-06, 3.20567846757e-06, 6.08824439041e-06, 3.86084366255e-06, 4.46211379312e-06, 4.27443637818e-06, 1.37149856982e-06, 6.76946001477e-07, 6.25925281383e-07, 3.0653367844e-07, 1.54403068109e-07, 1.4597000586e-07, 8.58942712512e-08, 8.26654655839e-08, 1.58067265943e-08, 3.78725273364e-09, 3.4660340868e-14]
    },
    "erbbands": {
        "dmean": [0.13792283833, 0.848312735558, 2.02959489822, 2.560546875, 3.44841742516, 6.20712566376, 7.77383232117, 8.0364780426, 7.84085416794, 6.44350337982, 8.46248912811, 9.40088367462, 8.91548442841, 14.0404529572, 13.0526123047, 14.4664783478, 27.0936527252, 21.0891628265, 26.9036235809, 26.8652172089, 20.4172286987, 17.4815158844, 15.0602331161, 12.3520841599, 10.8203229904, 8.51280593872, 6.30406808853, 3.91214203835, 3.11237311363, 2.8055524826, 2.29944705963, 1.34644603729, 1.0233707428, 0.500760555267, 0.217643171549, 0.169353783131, 0.0334572158754, 0.00135612930171, 3.83321348636e-05, 1.18686803035e-05],
        "dmean2": [0.22049638629, 1.43366503716, 3.51150226593, 4.29648208618, 5.72603416443, 10.4145841599, 13.0351276398, 12.9695415497, 12.4496173859, 10.3188486099, 13.4174060822, 14.7013130188, 14.1135110855, 21.6053791046, 19.9487609863, 22.4167327881, 41.8838157654, 32.5031280518, 41.8412971497, 41.7103271484, 30.7833366394, 27.2952632904, 23.3650665283, 19.3122882843, 16.6164245605, 13.1562623978, 9.74941825867, 5.87742567062, 4.80612325668, 4.27979421616, 3.51165223122, 2.0415661335, 1.52450799942, 0.747350752354, 0.322519689798, 0.256703615189, 0.0498989522457, 0.00202540913597, 5.56675331609e-05, 1.79124654096e-05],
        "dvar": [0.0465448759496, 2.42491889, 22.3765411377, 31.6910896301, 35.0220985413, 156.48991394, 281.306060791, 380.705291748, 595.588989258, 350.178009033, 1513.50817871, 995.737426758, 778.498291016, 2123.98461914, 1897.29553223, 2805.26342773, 7579.27783203, 4459.05078125, 7509.76855469, 7189.05371094, 3340.18115234, 1636.49169922, 992.074707031, 828.285644531, 532.643798828, 413.158508301, 203.821029663, 123.475891113, 96.5671920776, 77.9615097046, 47.9054641724, 15.992650032, 15.5407333374, 2.66921925545, 0.191038712859, 0.111127234995, 0.00558116333559, 1.38938494274e-05, 7.1082837394e-09, 2.88303464435e-10],
        "dvar2": [0.125418305397, 6.72735500336, 61.5414657593, 78.6390838623, 90.1003417969, 404.048095703, 709.94744873, 937.474060059, 1433.16967773, 854.911071777, 3681.6862793, 2157.38598633, 1841.36523438, 4615.07519531, 4130.97753906, 6470.40673828, 17653.2617188, 10142.8037109, 18060.609375, 16669.5273438, 7293.88964844, 3677.75073242, 2229.49755859, 1916.58166504, 1182.37219238, 965.210876465, 463.471130371, 256.007232666, 214.314956665, 169.610153198, 110.406799316, 35.1261634827, 32.1779212952, 6.39619731903, 0.407009184361, 0.254609078169, 0.0118648698553, 3.15340694215e-05, 1.53499026823e-08, 6.63832488978e-10],
        "max": [2.54055476189, 34.4975280762, 81.0177841187, 122.011260986, 98.5702972412, 231.439163208, 414.809875488, 847.456665039, 893.610168457, 477.688995361, 1331.04541016, 1408.76599121, 781.739501953, 1215.46582031, 1372.73388672, 1532.92565918, 2946.38354492, 1513.21582031, 2603.00927734, 1798.47363281, 1667.10925293, 1062.59692383, 713.109375, 956.225646973, 492.575408936, 678.153503418, 385.688262939, 476.547912598, 357.780151367, 258.727844238, 322.556060791, 107.473594666, 168.282089233, 86.6916885376, 14.9243631363, 8.37375068665, 2.50268793106, 0.13524992764, 0.0024503977038, 0.000245398725383],
        "mean": [0.286752194166, 1.44858455658, 2.79672551155, 3.30842685699, 5.58200788498, 8.54230308533, 11.4184408188, 14.3061466217, 11.8766756058, 9.3655424118, 10.4761610031, 13.3906812668, 12.587937355, 22.3025016785, 21.0227451324, 21.0617580414, 42.0338897705, 33.0599365234, 39.4715118408, 42.8584136963, 37.6540985107, 32.0143623352, 26.8575878143, 22.3003005981, 19.2329483032, 14.6577396393, 10.5660076141, 5.8555521965, 4.33490419388, 3.99471616745, 3.52398967743, 2.05415081978, 1.48287606239, 0.664096772671, 0.270932942629, 0.195043802261, 0.0356469228864, 0.0014127693139, 5.3427171224e-05, 3.29041322402e-05],
        "median": [0.221513152122, 1.08371949196, 1.77229380608, 1.3981461525, 2.61561489105, 3.55708265305, 4.67973232269, 5.80479431152, 3.76822257042, 3.34444046021, 2.51077842712, 3.175801754, 3.6151497364, 3.35525012016, 3.95202970505, 4.14391708374, 5.71748590469, 6.83803510666, 10.2677097321, 10.7648677826, 9.12018489838, 11.2940711975, 10.7809476852, 9.06015491486, 7.60190963745, 4.99671077728, 3.52894115448, 2.24518990517, 1.53638529778, 1.28353452682, 1.36872196198, 0.792385101318, 0.392729461193, 0.165242522955, 0.0794404298067, 0.0627971589565, 0.00568724004552, 0.000150293781189, 2.23432598432e-05, 2.86976828647e-05],
        "min": [5.19952390573e-23, 1.48745668535e-22, 6.2464848899e-22, 3.02929312486e-21, 7.72381351e-21, 8.37374886589e-21, 2.07926161067e-20, 3.33982250254e-20, 6.21700805836e-20, 9.22482740488e-20, 1.90558967732e-19, 3.08210236273e-19, 2.68598831485e-19, 4.17553431989e-19, 7.32524215408e-19, 8.41631457854e-19, 1.22630745902e-18, 9.94398999091e-19, 1.69192349672e-18, 2.01625584503e-18, 2.92300833737e-18, 3.4532575798e-18, 4.33845353859e-18, 4.74334438636e-18, 6.19604352762e-18, 6.68840417568e-18, 7.92567405257e-18, 9.21039969479e-18, 8.91854721362e-18, 9.39910523511e-18, 9.47888101493e-18, 9.70152577578e-18, 7.75105126218e-18, 6.82212371197e-18, 5.54455318204e-18, 3.5892421434e-18, 2.0787578189e-18, 8.69863545751e-19, 2.18561823201e-19, 2.49263284333e-20],
        "var": [0.0984146893024, 3.03560018539, 19.9028644562, 33.8821563721, 61.7485733032, 224.210876465, 533.634277344, 828.613525391, 947.358947754, 508.741607666, 1680.8659668, 1698.41442871, 1102.62036133, 4836.19433594, 3561.82763672, 4266.63085938, 14370.4599609, 8543.95214844, 10779.6904297, 12746.2509766, 9055.04296875, 4254.65966797, 2110.98046875, 1613.66943359, 1155.3416748, 754.540771484, 375.968231201, 214.776000977, 163.145324707, 120.984893799, 69.0164337158, 26.785900116, 29.5433807373, 4.71613359451, 0.363737374544, 0.148984104395, 0.0080502089113, 1.74344768311e-05, 1.08010853594e-08, 6.77135236771e-10]
    },
    "gfcc": {
        "mean": [-112.845573425, 78.1138687134, -110.641281128, 47.5172805786, -45.603679657, 18.3359088898, -39.5004806519, 12.3750085831, -20.0222377777, 5.97468042374, -10.2307109833, 3.39465975761, -5.80559587479],
        "cov": [[119119.421875, 8954.78808594, -11963.5429688, 5742.34375, -4987.52587891, 2097.91845703, -4376.71582031, 1418.1619873, -2437.71582031, 698.538696289, -1175.74377441, 424.112518311, -750.274658203], [8954.78808594, 1408.68518066, -670.991516113, 619.610229492, -193.683151245, 78.0532531738, -241.011077881, 87.6132583618, -120.540283203, 16.9180641174, 11.3324012756, 5.78499031067, -31.8863048553], [-11963.5429688, -670.991516113, 2735.78442383, -111.325592041, 654.307312012, -198.10723877, 417.477813721, -66.2605133057, 298.889678955, 1.61086893082, 75.0040054321, 64.6901779175, -15.4128408432], [5742.34375, 619.610229492, -111.325592041, 672.723571777, -76.1599960327, 63.9611587524, -200.318740845, 80.2589645386, -39.6045341492, 39.8368415833, -22.4018173218, 42.0676231384, -12.1982059479], [-4987.52587891, -193.683151245, 654.307312012, -76.1599960327, 488.639892578, -49.6530342102, 241.106964111, -36.53647995, 130.869781494, -14.3501930237, 85.5950775146, -3.71216678619, 50.6887702942], [2097.91845703, 78.0532531738, -198.10723877, 63.9611587524, -49.6530342102, 236.787063599, 14.335735321, 32.6450500488, -73.4719543457, 26.7945480347, -0.716311812401, 17.3623485565, -28.393245697], [-4376.71582031, -241.011077881, 417.477813721, -200.318740845, 241.106964111, 14.335735321, 357.440368652, -30.9704742432, 59.9269332886, -27.1434993744, 95.8001556396, -18.6898002625, 17.4558639526], [1418.1619873, 87.6132583618, -66.2605133057, 80.2589645386, -36.53647995, 32.6450500488, -30.9704742432, 122.371879578, 18.8400554657, 28.5781116486, -22.6889648438, 20.4057178497, -6.89516830444], [-2437.71582031, -120.540283203, 298.889678955, -39.6045341492, 130.869781494, -73.4719543457, 59.9269332886, 18.8400554657, 184.180007935, 14.979016304, 29.4607791901, -6.63748693466, 42.2798156738], [698.538696289, 16.9180641174, 1.61086893082, 39.8368415833, -14.3501930237, 26.7945480347, -27.1434993744, 28.5781116486, 14.979016304, 85.4942703247, 1.16263115406, 13.8440246582, -9.17241954803], [-1175.74377441, 11.3324012756, 75.0040054321, -22.4018173218, 85.5950775146, -0.716311812401, 95.8001556396, -22.6889648438, 29.4607791901, 1.16263115406, 119.418579102, 9.7019739151, 21.968296051], [424.112518311, 5.78499031067, 64.6901779175, 42.0676231384, -3.71216678619, 17.3623485565, -18.6898002625, 20.4057178497, -6.63748693466, 13.8440246582, 9.7019739151, 79.839263916, 8.29813671112], [-750.274658203, -31.8863048553, -15.4128408432, -12.1982059479, 50.6887702942, -28.393245697, 17.4558639526, -6.89516830444, 42.2798156738, -9.17241954803, 21.968296051, 8.29813671112, 86.9824752808]],
        "icov": [[0.000352103408659, -0.000771492545027, 0.000699129945133, -0.00133180455305, 0.000875343801454, -0.000988564104773, 0.000989875989035, -0.00113400118425, 0.00126571638975, -0.000993597088382, 0.000839055981487, -0.000800716690719, 0.000714524823707], [-0.000771492545027, 0.00320095871575, -0.00124645419419, 0.00159449584316, -0.00196591997519, 0.00242112576962, -0.00202340236865, 0.0019990564324, -0.00236225244589, 0.00252422899939, -0.0028195832856, 0.00225296011195, -0.00106634397525], [0.000699129945133, -0.00124645419419, 0.00224701594561, -0.00311129144393, 0.00107431935612, -0.00138994783629, 0.00121426442638, -0.00168264354579, 0.0016537552001, -0.0020656445995, 0.00226828688756, -0.0028042437043, 0.00275145517662], [-0.00133180455305, 0.00159449584316, -0.00311129144393, 0.00835723523051, -0.00367042748258, 0.00288854702376, -0.00203845696524, 0.00337094836868, -0.004536670167, 0.00347426231019, -0.00333314016461, 0.00271472684108, -0.00336990901269], [0.000875343801454, -0.00196591997519, 0.00107431935612, -0.00367042748258, 0.00663010682911, -0.00255529000424, 0.000533662212547, -0.00216732430272, 0.00196421681903, -0.00237405649386, 0.00147831370123, -0.0015156744048, 9.4756258477e-05], [-0.000988564104773, 0.00242112576962, -0.00138994783629, 0.00288854702376, -0.00255529000424, 0.00898489076644, -0.00473486073315, 0.0021505204495, -0.00143977103289, 0.000850635464303, -0.00205700611696, 0.00100749335252, -0.00072501442628], [0.000989875989035, -0.00202340236865, 0.00121426442638, -0.00203845696524, 0.000533662212547, -0.00473486073315, 0.010073502548, -0.00480571342632, 0.00431799562648, -0.000956716656219, -0.00200770609081, 0.00020591095381, 0.00175438635051], [-0.00113400118425, 0.0019990564324, -0.00168264354579, 0.00337094836868, -0.00216732430272, 0.0021505204495, -0.00480571342632, 0.0156128145754, -0.00795021373779, 0.00101007672492, 0.000920759397559, -0.00107553042471, -0.000866021495312], [0.00126571638975, -0.00236225244589, 0.0016537552001, -0.004536670167, 0.00196421681903, -0.00143977103289, 0.00431799562648, -0.00795021373779, 0.0151183987036, -0.00586525350809, 0.00101465242915, 0.000267495954176, -0.00165189849213], [-0.000993597088382, 0.00252422899939, -0.0020656445995, 0.00347426231019, -0.00237405649386, 0.000850635464303, -0.000956716656219, 0.00101007672492, -0.00586525350809, 0.0173281747848, -0.00423237029463, 0.00117820524611, 4.4139502279e-05], [0.000839055981487, -0.0028195832856, 0.00226828688756, -0.00333314016461, 0.00147831370123, -0.00205700611696, -0.00200770609081, 0.000920759397559, 0.00101465242915, -0.00423237029463, 0.0156861431897, -0.00568675016984, 0.000722513941582], [-0.000800716690719, 0.00225296011195, -0.0028042437043, 0.00271472684108, -0.0015156744048, 0.00100749335252, 0.00020591095381, -0.00107553042471, 0.000267495954176, 0.00117820524611, -0.00568675016984, 0.0185663271695, -0.00545216118917], [0.000714524823707, -0.00106634397525, 0.00275145517662, -0.00336990901269, 9.4756258477e-05, -0.00072501442628, 0.00175438635051, -0.000866021495312, -0.00165189849213, 4.4139502279e-05, 0.000722513941582, -0.00545216118917, 0.0177164636552]]
    },
    "melbands": {
        "dmean": [0.0011005459819, 0.0010490360437, 0.000472178275231, 0.000296508922474, 0.000287438218947, 0.000174887987669, 0.000115373652079, 7.14710040484e-05, 7.11839456926e-05, 5.75220328756e-05, 4.45707555627e-05, 5.72527751501e-05, 4.39825562353e-05, 4.20163305535e-05, 5.08780867676e-05, 5.76120983169e-05, 4.12134613725e-05, 4.5678782044e-05, 3.89499437006e-05, 3.70070520148e-05, 2.49525983236e-05, 2.04491188924e-05, 1.7774389562e-05, 1.31795486595e-05, 1.09442371468e-05, 9.61246405495e-06, 6.78424794387e-06, 5.84933422942e-06, 4.60678302261e-06, 2.9500272376e-06, 2.29670354202e-06, 1.87844648281e-06, 1.73318414909e-06, 1.57860813488e-06, 1.39955386658e-06, 1.27375437842e-06, 6.9506586442e-07, 8.0464195662e-07, 5.83966311751e-07, 3.87902275634e-07],
        "dmean2": [0.00178436457645, 0.00179925758857, 0.00078426807886, 0.000489604193717, 0.000485528638819, 0.000282277935185, 0.000182543022675, 0.000114818314614, 0.000113089401566, 8.97015634109e-05, 7.07061917637e-05, 8.85253248271e-05, 6.77122734487e-05, 6.53401511954e-05, 7.82651404734e-05, 8.83276297827e-05, 6.42075974611e-05, 7.13693880243e-05, 6.07871770626e-05, 5.72358367208e-05, 3.87670661439e-05, 3.21360967064e-05, 2.81477077806e-05, 2.07185639738e-05, 1.72976324393e-05, 1.50571631821e-05, 1.0557368114e-05, 9.19096055441e-06, 7.22996810509e-06, 4.53042048321e-06, 3.53679820364e-06, 2.94312189908e-06, 2.71603744295e-06, 2.4615512757e-06, 2.15698992179e-06, 1.9911592517e-06, 1.04857554106e-06, 1.21459538605e-06, 8.89665727755e-07, 5.88275042901e-07],
        "dvar": [3.01998170471e-06, 5.18289971296e-06, 9.28038730308e-07, 2.77816269545e-07, 3.50638373448e-07, 1.63135979392e-07, 1.23940097296e-07, 5.09918223202e-08, 9.87852999401e-08, 3.70680268702e-08, 2.06038794914e-08, 3.59508369741e-08, 2.00261744965e-08, 2.66598672027e-08, 2.78836402856e-08, 3.699918949e-08, 1.90661459953e-08, 2.12975201919e-08, 1.71156315787e-08, 1.59223443319e-08, 5.50559597912e-09, 2.81063461394e-09, 1.24279375679e-09, 8.60210846998e-10, 7.48250961191e-10, 6.28808061176e-10, 2.64429173003e-10, 2.09244149785e-10, 1.12055364987e-10, 5.72504335605e-11, 4.86421736223e-11, 3.34946931302e-11, 3.88183304945e-11, 2.36474190923e-11, 1.73506573692e-11, 1.28449317155e-11, 5.38553663471e-12, 1.08745373817e-11, 6.4367552087e-12, 1.33131559162e-12],
        "dvar2": [8.22508900455e-06, 1.4208065295e-05, 2.31603712564e-06, 7.17654984328e-07, 8.84417488578e-07, 4.03392647286e-07, 2.94380299692e-07, 1.20775524692e-07, 2.39877124386e-07, 8.15968803636e-08, 4.89659619518e-08, 7.86714480228e-08, 4.47730670317e-08, 5.79725174532e-08, 6.2737804285e-08, 8.38825187088e-08, 4.35321680925e-08, 5.0446672617e-08, 4.0500431453e-08, 3.65604719832e-08, 1.23977876854e-08, 6.60792354168e-09, 2.95538438166e-09, 1.96428473487e-09, 1.73683523119e-09, 1.56979573784e-09, 6.33219920942e-10, 4.86001905387e-10, 2.63502247799e-10, 1.2619139067e-10, 1.03819647324e-10, 7.5850596637e-11, 8.86763232288e-11, 5.38247224569e-11, 4.01966203378e-11, 3.02730444879e-11, 1.18462488083e-11, 2.28404049146e-11, 1.53896981964e-11, 3.36055250467e-12],
        "max": [0.0306753441691, 0.0459706112742, 0.0217827372253, 0.00888634286821, 0.013704188168, 0.0165152493864, 0.013016433455, 0.00600932352245, 0.0110044330359, 0.00821343436837, 0.00388281885535, 0.00474855443463, 0.00328035885468, 0.00411019753665, 0.00381145742722, 0.00587818864733, 0.00381739926524, 0.00391237437725, 0.00317484582774, 0.00288242963143, 0.00188963045366, 0.00129108468536, 0.000715822563507, 0.000541256333236, 0.000906790432055, 0.000814318307675, 0.000490341684781, 0.000417513016146, 0.000282302760752, 0.000294586265227, 0.000316259101965, 0.00021138266311, 0.000176275265403, 0.00013882976782, 0.000181143215741, 0.000148056074977, 7.27021833882e-05, 0.000160369934747, 0.000112290341349, 5.78271028644e-05],
        "mean": [0.00229420280084, 0.00165168370586, 0.000681765319314, 0.000479317415738, 0.000428747414844, 0.000309335184284, 0.000174156404682, 0.000100105680758, 8.86054403963e-05, 8.02399445092e-05, 6.01031133556e-05, 8.86335037649e-05, 7.0182577474e-05, 5.60793705517e-05, 7.3033515946e-05, 8.39697822812e-05, 5.91691823502e-05, 6.23321393505e-05, 5.59858599445e-05, 5.75634840061e-05, 4.1166862502e-05, 3.34220057994e-05, 2.88301907858e-05, 2.14149767999e-05, 1.77815745701e-05, 1.52758420882e-05, 1.0893561921e-05, 9.34889976634e-06, 7.25708832761e-06, 4.43943918071e-06, 3.0450325994e-06, 2.50361745202e-06, 2.27362738769e-06, 2.19559728976e-06, 2.05494211514e-06, 1.85981139111e-06, 1.00193517483e-06, 1.13194937512e-06, 7.77885190928e-07, 4.85308532916e-07],
        "median": [0.00189025979489, 0.00118293031119, 0.000305681896862, 0.000247992342338, 0.0001872482826, 0.000127045961563, 5.38284439244e-05, 3.34607757395e-05, 1.91073031601e-05, 1.81297764357e-05, 1.51879321493e-05, 1.14826771096e-05, 1.19276683108e-05, 7.87741100794e-06, 1.02722642623e-05, 9.87927887763e-06, 9.74104841589e-06, 1.40070669659e-05, 1.36410690175e-05, 1.25786091303e-05, 9.3089438451e-06, 9.42578208196e-06, 1.09047268779e-05, 6.81228175381e-06, 6.37025959804e-06, 5.69921803617e-06, 3.81530844606e-06, 2.76399532595e-06, 2.01895659302e-06, 1.47082391777e-06, 1.05993512989e-06, 8.48365004913e-07, 6.84748556523e-07, 6.65206698613e-07, 7.13986537448e-07, 7.65471781961e-07, 3.33777961714e-07, 2.88617627575e-07, 1.77461046746e-07, 1.16441036369e-07],
        "min": [5.33973044211e-25, 4.03479821181e-25, 5.16923393467e-25, 5.45540604703e-25, 5.85809390116e-25, 8.84150865229e-25, 1.02837495187e-24, 8.63647088403e-25, 1.35846876867e-24, 1.74100319883e-24, 1.09885070046e-24, 1.1620920029e-24, 2.18431305085e-24, 1.66800477168e-24, 1.6364118785e-24, 1.54990844847e-24, 1.5224591458e-24, 2.2621594227e-24, 2.58502145576e-24, 2.72308611646e-24, 2.90875833557e-24, 2.48391058974e-24, 3.1974350813e-24, 3.66081355475e-24, 2.66563199622e-24, 2.9891884241e-24, 3.23196983401e-24, 3.86823427458e-24, 3.92667190715e-24, 4.69088564225e-24, 4.19883996351e-24, 4.25186877128e-24, 3.90218448136e-24, 4.04508663434e-24, 4.31819974606e-24, 4.38313325375e-24, 5.17732764755e-24, 4.77386947074e-24, 5.50476448222e-24, 5.2248241738e-24],
        "var": [5.83741802984e-06, 5.19196873938e-06, 1.13172529836e-06, 4.33414641066e-07, 6.6487842787e-07, 3.51796472842e-07, 2.08326369489e-07, 7.30679019512e-08, 1.17191959248e-07, 6.10980137594e-08, 2.88608976717e-08, 8.05551181315e-08, 3.89668919354e-08, 4.0060587736e-08, 4.77944404054e-08, 6.10369568221e-08, 3.48091546698e-08, 3.06105043535e-08, 2.57318504282e-08, 2.8178570588e-08, 1.30711708124e-08, 6.10430639369e-09, 2.59532062508e-09, 1.70245439968e-09, 1.32957911347e-09, 9.10374442498e-10, 4.58843602003e-10, 3.66251640127e-10, 1.97047961281e-10, 9.72983638103e-11, 7.66716135026e-11, 5.49700458763e-11, 5.63636116946e-11, 3.3715797515e-11, 2.44754320977e-11, 1.83576123053e-11, 8.6368525179e-12, 1.89807267126e-11, 1.01009148962e-11, 2.14622612217e-12]
    },
    "mfcc": {
        "mean": [-688.26184082, 96.2255325317, -3.42054128647, 30.528547287, 14.4076871872, 8.4981136322, -1.15512275696, 5.00243997574, -2.76704263687, 4.74842166901, -2.42922115326, 1.68289470673, 0.0658926814795],
        "cov": [[25605.4355469, 4660.10107422, -139.517532349, 1769.89013672, 728.791503906, 468.856536865, 142.167892456, 275.860717773, -195.617889404, 251.329055786, -172.7318573, 63.3882865906, 1.29024648666], [4660.10107422, 1611.43725586, 104.64389801, 540.243225098, 250.515319824, 126.125610352, 42.4535827637, 95.3956680298, -50.2011489868, 74.5176086426, -0.682160973549, 58.6277084351, 4.42954874039], [-139.517532349, 104.64389801, 1067.65161133, 366.895050049, 219.680984497, 79.992477417, -21.1556529999, 51.7874412537, 25.7751026154, -4.83009815216, 73.6164093018, 22.2003707886, 22.9597148895], [1769.89013672, 540.243225098, 366.895050049, 603.141479492, 272.328277588, 71.0419769287, -13.0000123978, 54.8830604553, 9.08268451691, 46.1591453552, -14.1358795166, 38.7201843262, 30.2583007812], [728.791503906, 250.515319824, 219.680984497, 272.328277588, 292.737579346, 59.7604446411, -27.2057380676, 31.9666194916, 30.8222084045, 37.9161376953, -7.61356210709, 17.7897338867, 21.4384346008], [468.856536865, 126.125610352, 79.992477417, 71.0419769287, 59.7604446411, 163.056488037, 88.60105896, 37.7823371887, -10.7366771698, 18.5736999512, 16.6168785095, 9.13408279419, -6.24016857147], [142.167892456, 42.4535827637, -21.1556529999, -13.0000123978, -27.2057380676, 88.60105896, 206.950912476, 56.7164649963, -26.2278289795, 8.92798709869, 19.8205566406, 20.4288864136, -9.02838230133], [275.860717773, 95.3956680298, 51.7874412537, 54.8830604553, 31.9666194916, 37.7823371887, 56.7164649963, 108.14200592, 12.7818212509, 9.98565578461, 12.2954587936, 13.1324911118, 10.0264158249], [-195.617889404, -50.2011489868, 25.7751026154, 9.08268451691, 30.8222084045, -10.7366771698, -26.2278289795, 12.7818212509, 104.308624268, 28.1515636444, 7.99400377274, 2.51706719398, 4.68839120865], [251.329055786, 74.5176086426, -4.83009815216, 46.1591453552, 37.9161376953, 18.5736999512, 8.92798709869, 9.98565578461, 28.1515636444, 84.7932281494, 17.3881950378, 10.7384815216, 7.63228845596], [-172.7318573, -0.682160973549, 73.6164093018, -14.1358795166, -7.61356210709, 16.6168785095, 19.8205566406, 12.2954587936, 7.99400377274, 17.3881950378, 85.5852890015, 20.5080223083, -4.60232305527], [63.3882865906, 58.6277084351, 22.2003707886, 38.7201843262, 17.7897338867, 9.13408279419, 20.4288864136, 13.1324911118, 2.51706719398, 10.7384815216, 20.5080223083, 79.2186355591, 23.9071750641], [1.29024648666, 4.42954874039, 22.9597148895, 30.2583007812, 21.4384346008, -6.24016857147, -9.02838230133, 10.0264158249, 4.68839120865, 7.63228845596, -4.60232305527, 23.9071750641, 72.837928772]],
