{
"lowlevel": {
    "average_loudness": 0.978670537472,
    "barkbands_crest": {
        "dmean": 2.44991564751,
        "dmean2": 4.06698083878,
        "dvar": 4.7845788002,
        "dvar2": 12.4832410812,
        "max": 26.921005249,
        "mean": 7.97480964661,
        "median": 7.26668357849,
        "min": 2.47769904137,
        "var": 10.5466480255
    },
    "barkbands_flatness_db": {
        "dmean": 0.0189167987555,
        "dmean2": 0.0298445317894,
        "dvar": 0.000339517922839,
        "dvar2": 0.000745545781683,
        "max": 0.727997481823,
        "mean": 0.140184029937,
        "median": 0.134939283133,
        "min": 0.0528980307281,
        "var": 0.00141295581125
    },
    "barkbands_kurtosis": {
        "dmean": 9.41255283356,
        "dmean2": 10.7471418381,
        "dvar": 89082.640625,
        "dvar2": 135414.0625,
        "max": 27091.6367188,
        "mean": 10.1523742676,
        "median": 0.294657111168,
        "min": -1.89866423607,
        "var": 153648.65625
    },
    "barkbands_skewness": {
        "dmean": 0.530414640903,
        "dmean2": 0.774835288525,
        "dvar": 2.70431876183,
        "dvar2": 3.23571109772,
        "max": 149.529418945,
        "mean": 1.16096949577,
        "median": 1.00683307648,
        "min": -7.53795671463,
        "var": 7.70168304443
    },
    "barkbands_spread": {
        "dmean": 5.57506084442,
        "dmean2": 8.44079303741,
        "dvar": 38.4856719971,
        "dvar2": 84.2130355835,
        "max": 88.9077224731,
        "mean": 23.3908596039,
        "median": 22.7077331543,
        "min": 0.0173778329045,
        "var": 126.601951599
    },
    "dissonance": {
        "dmean": 0.015432276763,
        "dmean2": 0.026143880561,
        "dvar": 0.000203080300707,
        "dvar2": 0.000553264399059,
        "max": 0.500000059605,
        "mean": 0.470804214478,
        "median": 0.475043833256,
        "min": 0.266973733902,
        "var": 0.000420692464104
    },
    "dynamic_complexity": 1.79670011997,
    "erbbands_crest": {
        "dmean": 2.59146237373,
        "dmean2": 4.26048231125,
        "dvar": 5.82445049286,
        "dvar2": 14.6303405762,
        "max": 27.2743663788,
        "mean": 8.18141078949,
        "median": 7.33451652527,
        "min": 2.13256144524,
        "var": 12.4633207321
    },
    "erbbands_flatness_db": {
        "dmean": 0.016505882144,
        "dmean2": 0.0239961892366,
        "dvar": 0.000235861705733,
        "dvar2": 0.000472435640404,
        "max": 0.318314492702,
        "mean": 0.181624367833,
        "median": 0.179768055677,
        "min": 0.0524638853967,
        "var": 0.00134893273935
    },
    "erbbands_kurtosis": {
        "dmean": 0.728392362595,
        "dmean2": 1.18037831783,
        "dvar": 1.22818374634,
        "dvar2": 3.12169718742,
        "max": 38.1714286804,
        "mean": -0.0762181058526,
        "median": -0.45823776722,
        "min": -1.80683171749,
        "var": 2.23765182495
    },
    "erbbands_skewness": {
        "dmean": 0.353511363268,
        "dmean2": 0.546934843063,
        "dvar": 0.112445130944,
        "dvar2": 0.246351704001,
        "max": 3.77376246452,
        "mean": 0.0895906537771,
        "median": 0.0690105333924,
        "min": -5.44417905807,
        "var": 0.465063005686
    },
    "erbbands_spread": {
        "dmean": 7.71464300156,
        "dmean2": 11.653468132,
        "dvar": 66.1409225464,
        "dvar2": 140.226333618,
        "max": 163.673690796,
        "mean": 37.5530586243,
        "median": 36.0001831055,
        "min": 4.11183977127,
        "var": 248.717544556
    },
    "hfc": {
        "dmean": 8.31036567688,
        "dmean2": 11.842300415,
        "dvar": 136.870498657,
        "dvar2": 286.503570557,
        "max": 251.27684021,
        "mean": 21.4868774414,
        "median": 17.2882156372,
        "min": 1.20668128377e-16,
        "var": 313.747680664
    },
    "melbands_crest": {
        "dmean": 3.25173735619,
        "dmean2": 5.42667341232,
        "dvar": 8.11382102966,
        "dvar2": 21.1639251709,
        "max": 39.9960327148,
        "mean": 11.3542232513,
        "median": 10.6934661865,
        "min": 1.99871456623,
        "var": 18.0737915039
    },
    "melbands_flatness_db": {
        "dmean": 0.0238400306553,
        "dmean2": 0.035445984453,
        "dvar": 0.000524828268681,
        "dvar2": 0.00106595840771,
        "max": 0.720822095871,
        "mean": 0.167820066214,
        "median": 0.162787884474,
        "min": 0.00648884987459,
        "var": 0.00345435226336
    },
    "melbands_kurtosis": {
        "dmean": 23.2330856323,
        "dmean2": 35.1962814331,
        "dvar": 828444.6875,
        "dvar2": 1983140.125,
        "max": 67574.5,
        "mean": 23.1676311493,
        "median": 4.41297149658,
        "min": -1.75217175484,
        "var": 766185.5
    },
    "melbands_skewness": {
        "dmean": 0.688541531563,
        "dmean2": 1.02968990803,
        "dvar": 8.69174098969,
        "dvar2": 15.9477424622,
        "max": 250.500259399,
        "mean": 2.17638087273,
        "median": 1.95571112633,
        "min": -3.24529027939,
        "var": 15.1688280106
    },
    "melbands_spread": {
        "dmean": 8.61767578125,
        "dmean2": 12.8877801895,
        "dvar": 123.118911743,
        "dvar2": 262.226837158,
        "max": 235.568511963,
        "mean": 29.3979263306,
        "median": 26.2714157104,
        "min": 0.013863991946,
        "var": 377.018493652
    },
    "pitch_salience": {
        "dmean": 0.0701258555055,
        "dmean2": 0.11553183198,
        "dvar": 0.00371540198103,
        "dvar2": 0.0094903325662,
        "max": 0.876475393772,
        "mean": 0.599368810654,
        "median": 0.605306386948,
        "min": 0.00133660982829,
        "var": 0.0093046175316
    },
    "silence_rate_20dB": {
        "dmean": 0,
        "dmean2": 0,
        "dvar": 0,
        "dvar2": 0,
        "max": 1,
        "mean": 1,
        "median": 1,
        "min": 1,
        "var": 0
    },
    "silence_rate_30dB": {
        "dmean": 0,
        "dmean2": 0,
        "dvar": 0,
        "dvar2": 0,
        "max": 1,
        "mean": 1,
        "median": 1,
        "min": 1,
        "var": 0
    },
    "silence_rate_60dB": {
        "dmean": 0.0049771880731,
        "dmean2": 0.00995575264096,
        "dvar": 0.00495148263872,
        "dvar2": 0.011792534031,
        "max": 1,
        "mean": 0.00746474973857,
        "median": 0,
        "min": 0,
        "var": 0.00741047598422
    },
    "spectral_centroid": {
        "dmean": 290.061737061,
        "dmean2": 424.786712646,
        "dvar": 111422.304688,
        "dvar2": 193925.515625,
        "max": 11334.1083984,
        "mean": 1589.39746094,
        "median": 1569.56982422,
        "min": 244.724380493,
        "var": 520850.96875
    },
    "spectral_complexity": {
        "dmean": 4.12304735184,
        "dmean2": 6.05862808228,
        "dvar": 17.9563865662,
        "dvar2": 32.8806533813,
        "max": 54,
        "mean": 21.1762504578,
        "median": 20,
        "min": 0,
        "var": 75.4689407349
    },
    "spectral_decrease": {
        "dmean": 2.06543804282e-09,
        "dmean2": 3.17815751494e-09,
        "dvar": 6.59797224162e-18,
        "dvar2": 1.53325950189e-17,
        "max": 6.00238877401e-29,
        "mean": -5.22565635208e-09,
        "median": -4.62772842269e-09,
        "min": -2.75599223443e-08,
        "var": 1.02523263205e-17
    },
    "spectral_energy": {
        "dmean": 0.00840137712657,
        "dmean2": 0.0128324646503,
        "dvar": 0.000106120074634,
        "dvar2": 0.000243396192673,
        "max": 0.108724273741,
        "mean": 0.0216718036681,
        "median": 0.0192017145455,
        "min": 1.11073772264e-20,
        "var": 0.000169406775967
    },
    "spectral_energyband_high": {
        "dmean": 0.000463969714474,
        "dmean2": 0.000679990567733,
        "dvar": 1.18351306355e-06,
        "dvar2": 2.67102564067e-06,
        "max": 0.035317979753,
        "mean": 0.000837885541841,
        "median": 0.000459752831375,
        "min": 7.77516010029e-21,
        "var": 1.92920538211e-06
    },
    "spectral_energyband_low": {
        "dmean": 0.00311247911304,
        "dmean2": 0.00522597553208,
        "dvar": 3.74970477424e-05,
        "dvar2": 0.000101140329207,
        "max": 0.0865418985486,
        "mean": 0.00500487349927,
        "median": 0.00321036833338,
        "min": 8.14803700494e-23,
        "var": 4.27147097071e-05
    },
    "spectral_energyband_middle_high": {
        "dmean": 0.0027690238785,
        "dmean2": 0.00400760676712,
        "dvar": 1.66432491824e-05,
        "dvar2": 3.4000735468e-05,
        "max": 0.0527072548866,
        "mean": 0.00657845893875,
        "median": 0.00442113541067,
        "min": 1.5052262758e-21,
        "var": 4.47177917522e-05
    },
    "spectral_energyband_middle_low": {
        "dmean": 0.00488383090124,
        "dmean2": 0.0077232751064,
        "dvar": 4.31119042332e-05,
        "dvar2": 9.96486051008e-05,
        "max": 0.0871972069144,
        "mean": 0.0102725885808,
        "median": 0.00803295709193,
        "min": 3.65819439455e-22,
        "var": 6.97319992469e-05
    },
    "spectral_entropy": {
        "dmean": 0.145530775189,
        "dmean2": 0.209479898214,
        "dvar": 0.0207673534751,
        "dvar2": 0.0382645502687,
        "max": 9.80500221252,
        "mean": 7.56864976883,
        "median": 7.59441137314,
        "min": 5.79212331772,
        "var": 0.113146923482
    },
    "spectral_flux": {
        "dmean": 0.0247157514095,
        "dmean2": 0.0381697453558,
        "dvar": 0.000690292625222,
        "dvar2": 0.00139893672895,
        "max": 0.294548511505,
        "mean": 0.0886496528983,
        "median": 0.0821816325188,
        "min": 1.0744320017e-10,
        "var": 0.00137530406937
    },
    "spectral_kurtosis": {
        "dmean": 1.70047330856,
        "dmean2": 2.87138104439,
        "dvar": 3.25166130066,
        "dvar2": 8.68633651733,
        "max": 40.0249977112,
        "mean": 3.85531425476,
        "median": 3.31394481659,
        "min": -1.32943153381,
        "var": 7.45688676834
    },
    "spectral_rms": {
        "dmean": 0.000853245670442,
        "dmean2": 0.00126839301083,
        "dvar": 8.14610871203e-07,
        "dvar2": 1.72521811237e-06,
        "max": 0.0102991489694,
        "mean": 0.00440469849855,
        "median": 0.00432820757851,
        "min": 3.29187870539e-12,
        "var": 1.74188426172e-06
    },
    "spectral_rolloff": {
        "dmean": 549.92767334,
        "dmean2": 893.306640625,
        "dvar": 743183.5625,
        "dvar2": 1498462.625,
        "max": 18927.6855469,
        "mean": 1899.44274902,
        "median": 1744.18945312,
        "min": 21.533203125,
        "var": 2095877.125
    },
    "spectral_skewness": {
        "dmean": 0.227452382445,
        "dmean2": 0.365278661251,
        "dvar": 0.0476642772555,
        "dvar2": 0.113199576735,
        "max": 4.86694335938,
        "mean": 1.34217190742,
        "median": 1.28764653206,
        "min": -0.284031003714,
        "var": 0.187039256096
    },
    "spectral_spread": {
        "dmean": 472659.21875,
        "dmean2": 664199.4375,
        "dvar": 717082394624,
        "dvar2": 1.18834121933e+12,
        "max": 41562292,
        "mean": 3902951.25,
        "median": 3616973,
        "min": 1318664.75,
        "var": 1.94492615885e+12
    },
    "spectral_strongpeak": {
        "dmean": 0.73792552948,
        "dmean2": 1.25514864922,
        "dvar": 1.17363190651,
        "dvar2": 2.97408056259,
        "max": 13.3164052963,
        "mean": 1.07372033596,
        "median": 0.591161668301,
        "min": 0,
        "var": 1.74774217606
    },
    "zerocrossingrate": {
        "dmean": 0.0103679941967,
        "dmean2": 0.0117612183094,
        "dvar": 0.000201035363716,
        "dvar2": 0.000217033841182,
        "max": 0.671875,
        "mean": 0.0678094699979,
        "median": 0.0625,
        "min": 0,
        "var": 0.00142749748193
    },
    "barkbands": {
        "dmean": [7.26146099623e-05, 0.00133954640478, 0.00164734374266, 0.00102606799919, 0.00174071430229, 0.00135089969262, 0.00167051330209, 0.000553856021725, 0.000662443519104, 0.000660209159832, 0.0003708814329, 0.000409951579059, 0.000420746393502, 0.00048504176084, 0.000614016200416, 0.000407114333939, 0.000335329968948, 0.000404903665185, 0.000358324963599, 0.000259739346802, 0.000121420525829, 7.98527034931e-05, 0.000107859981654, 6.43278253847e-05, 2.59847492998e-05, 1.79100209152e-06, 1.09042186391e-09],
        "dmean2": [0.000124220692669, 0.00225886958651, 0.00280768051744, 0.00172316702083, 0.00288454815745, 0.00222339201719, 0.00269239884801, 0.000901267398149, 0.00107311166357, 0.00105546228588, 0.000587111862842, 0.000645544670988, 0.000668462133035, 0.000762263603974, 0.000959900033195, 0.000643152510747, 0.000533960061148, 0.000629189016763, 0.00055788224563, 0.00039788914728, 0.000190539925825, 0.000120035190776, 0.000163559627254, 9.48665256146e-05, 3.87501022487e-05, 3.05195612782e-06, 2.04071959331e-09],
        "dvar": [1.35492950193e-08, 7.49300079406e-06, 1.12693087431e-05, 4.38599909103e-06, 8.99815677258e-06, 6.70818735671e-06, 1.3773583305e-05, 2.08925985135e-06, 2.23132406063e-06, 1.91222329704e-06, 9.05667377538e-07, 1.01745672509e-06, 9.14236466087e-07, 1.46037859849e-06, 1.76668356744e-06, 8.60405236836e-07, 5.67864333334e-07, 6.48540833481e-07, 4.66265845489e-07, 2.45254028641e-07, 8.09920237543e-08, 1.13706200011e-07, 3.14075862207e-07, 4.21894341684e-08, 1.04876898277e-08, 6.72836564242e-10, 5.73102492112e-17],
        "dvar2": [3.7621209259e-08, 2.04463212867e-05, 3.10244286084e-05, 1.11951794679e-05, 2.30451678362e-05, 1.65245146491e-05, 3.26724693878e-05, 5.2522950682e-06, 5.52013898414e-06, 4.7690809879e-06, 2.19687944991e-06, 2.23491042561e-06, 2.18418244913e-06, 3.27427756019e-06, 3.98919200961e-06, 2.07439825317e-06, 1.37137271849e-06, 1.52081543092e-06, 1.09053883079e-06, 5.53225333988e-07, 1.95293836214e-07, 2.37187649077e-07, 8.61508283378e-07, 8.32295370401e-08, 2.45386519993e-08, 1.99967709058e-09, 1.7137271174e-16],
        "max": [0.0023082040716, 0.0557883270085, 0.0456915907562, 0.0327967628837, 0.0512889996171, 0.0482217147946, 0.0852681547403, 0.0303476713598, 0.0265201032162, 0.025172740221, 0.0253392085433, 0.0202866606414, 0.0206642448902, 0.0283355098218, 0.0259456131607, 0.0187693201005, 0.0164198707789, 0.0169895961881, 0.0139758726582, 0.0069507160224, 0.0079603549093, 0.0134636536241, 0.0312115792185, 0.0116746816784, 0.00396463740617, 0.00155968579929, 4.28438085009e-07],
        "mean": [8.6217543867e-05, 0.00189844658598, 0.0021660963539, 0.00129309890326, 0.00266157509759, 0.00204686447978, 0.00235532061197, 0.000723259756342, 0.000933029747102, 0.000942620099522, 0.000494511914439, 0.000560269749258, 0.000603207561653, 0.000675126095302, 0.000882722553797, 0.00060644664336, 0.000508901255671, 0.000607604160905, 0.000601189909503, 0.000417758070398, 0.000181232127943, 0.000129365929752, 0.000153273329488, 0.000104193131847, 3.76738353225e-05, 1.80015251772e-06, 8.38953406745e-10],
        "median": [3.8150959881e-05, 0.00103056139778, 0.00111397495493, 0.000589091330767, 0.00162937282585, 0.00107877212577, 0.000906391534954, 0.000308657967253, 0.000401436118409, 0.000394115253584, 0.000174318513018, 0.000200529029826, 0.000207014614716, 0.000204794865567, 0.000294487632345, 0.000218828790821, 0.000217738517676, 0.000261348934146, 0.000272560748272, 0.000180562958121, 8.5160107119e-05, 4.84480369778e-05, 6.21287763352e-05, 3.71142523363e-05, 8.99816041056e-06, 3.56799375822e-07, 3.21103199585e-10],
        "min": [1.98432470236e-23, 3.2792307275e-23, 3.00790217692e-24, 2.48239080977e-23, 6.6894660078e-23, 2.76038397282e-23, 1.42111651245e-23, 3.89324534624e-23, 3.96732569613e-23, 7.54241665509e-24, 3.89553462059e-23, 6.10172739918e-23, 8.00768161051e-23, 1.16353159122e-22, 1.24286575474e-22, 1.01527477664e-22, 1.54209054108e-22, 2.22679277673e-22, 2.70405210977e-22, 2.57399734549e-22, 3.0358583661e-22, 3.61897652174e-22, 6.18525918624e-22, 9.82504775193e-22, 1.32501257973e-21, 1.53606591568e-21, 2.48276261569e-21],
        "var": [1.64421862792e-08, 8.282003364e-06, 1.10992732516e-05, 4.72767214887e-06, 1.21228504213e-05, 9.89595810097e-06, 2.0480096282e-05, 2.35114885072e-06, 2.85825149149e-06, 2.63187507699e-06, 1.18923503578e-06, 1.61252978614e-06, 1.5589494069e-06, 2.5051826924e-06, 2.87491661766e-06, 1.44817738601e-06, 8.57618147165e-07, 9.09615266664e-07, 8.13818644474e-07, 4.18854654072e-07, 1.00209504694e-07, 1.62703074125e-07, 2.49833192356e-07, 1.07593542964e-07, 1.64175268935e-08, 3.5483474492e-10, 2.96180124695e-17]
    },
    "erbbands": {
        "dmean": [0.028952235356, 0.358846783638, 1.61159300804, 3.05675697327, 3.48935699463, 7.61159133911, 7.13696813583, 13.3955383301, 24.506860733, 15.8523216248, 11.4708747864, 15.2918148041, 17.5116443634, 20.9138908386, 12.850151062, 16.9107131958, 19.6813030243, 19.1441860199, 33.1411361694, 23.4172039032, 19.2775554657, 17.0544147491, 21.397901535, 22.431722641, 12.5277109146, 12.5663089752, 7.79906654358, 3.03642964363, 2.71668124199, 3.15839123726, 3.02289009094, 1.33981144428, 1.19503188133, 0.426707148552, 0.123630277812, 0.0199389122427, 0.00050827144878, 2.72419074463e-05, 7.46575688026e-06, 1.05319677459e-05],
        "dmean2": [0.0472223386168, 0.613194406033, 2.75321888924, 5.11523675919, 5.82336807251, 12.7660551071, 11.61079216, 22.1280956268, 39.6979598999, 25.5533237457, 18.3554496765, 24.6383934021, 28.2689285278, 33.1302986145, 19.91314888, 26.614906311, 31.0080413818, 30.292181015, 50.8242759705, 36.7641563416, 30.0644340515, 26.4912586212, 33.0111618042, 34.648525238, 19.1038036346, 19.0291461945, 12.0249004364, 4.61261701584, 4.06315755844, 4.75262117386, 4.62364816666, 1.99501276016, 1.75973808765, 0.629455029964, 0.187900409102, 0.031881082803, 0.00080610247096, 4.07617335441e-05, 1.08468193503e-05, 1.5835998056e-05],
        "dvar": [0.003173597157, 0.580131649971, 11.2429037094, 38.7990646362, 30.7973003387, 215.567443848, 183.836364746, 807.444274902, 2978.86474609, 1387.26843262, 723.591064453, 1203.10217285, 1524.00732422, 2496.67504883, 948.972045898, 1714.26147461, 1945.08203125, 1863.13671875, 5173.41748047, 2619.99438477, 1973.66809082, 1545.34301758, 2036.26806641, 1981.93469238, 496.625366211, 634.738708496, 304.471832275, 71.9841995239, 118.933692932, 175.921051025, 253.250244141, 16.9570465088, 15.5003738403, 2.82131838799, 0.340971291065, 0.0570108443499, 3.858027776e-05, 3.99869719558e-08, 3.31999872039e-10, 1.65268868035e-10],
        "dvar2": [0.00799465924501, 1.60385632515, 30.6493015289, 102.116455078, 80.198677063, 561.121765137, 461.297851562, 1975.97705078, 7266.53857422, 3310.38208008, 1758.44458008, 2976.2734375, 3845.78320312, 6059.28759766, 2090.67016602, 3741.8449707, 4628.234375, 4391.37255859, 11455.5449219, 5942.765625, 4739.8828125, 3671.19042969, 4806.4609375, 4597.62890625, 1149.52783203, 1423.70422363, 749.367370605, 154.832000732, 245.411483765, 409.983673096, 699.819885254, 34.1283340454, 29.9338054657, 6.28834724426, 0.88065546751, 0.167834177613, 0.000113493413664, 1.13727701034e-07, 8.59715687529e-10, 3.75666608932e-10],
        "max": [1.29333877563, 15.4673652649, 42.0028305054, 80.6811828613, 107.468994141, 299.172363281, 236.294189453, 546.086242676, 1137.90527344, 604.188110352, 675.919616699, 636.098388672, 1053.21936035, 854.911560059, 739.258422852, 993.50189209, 969.564575195, 945.703063965, 1763.59375, 1007.25653076, 1053.11486816, 960.44128418, 913.929138184, 932.671447754, 433.74395752, 385.350067139, 536.348632812, 312.585754395, 372.641448975, 506.731292725, 889.194519043, 217.124755859, 184.725906372, 69.1641693115, 28.5238265991, 14.3841953278, 0.374861031771, 0.011862703599, 0.000916855817195, 0.000157277885592],
        "mean": [0.0439133644104, 0.480988174677, 2.14750552177, 4.13589191437, 5.19379663467, 10.4099054337, 11.2683477402, 19.6979103088, 35.0843200684, 22.2788848877, 15.6737852097, 22.3422641754, 25.5037345886, 30.2147331238, 20.230512619, 24.2780704498, 29.4753131866, 29.9635047913, 49.3883628845, 37.3898735046, 31.822385788, 28.3015575409, 33.6975021362, 36.5811233521, 23.3576393127, 20.3593540192, 11.8364629745, 4.95438766479, 4.39601612091, 4.66908311844, 4.2624001503, 2.17050695419, 1.83373367786, 0.634579539299, 0.174361392856, 0.0245544500649, 0.000652168469969, 4.24447207479e-05, 1.82358890015e-05, 2.79308824247e-05],
        "median": [0.0225667860359, 0.255505144596, 1.11611843109, 2.13931703568, 3.32277441025, 5.68776702881, 6.65556097031, 9.54873275757, 14.1535701752, 9.62771606445, 7.75964450836, 10.3191719055, 11.3964586258, 11.5405845642, 8.47843074799, 9.51534366608, 11.1128158569, 12.0595836639, 17.9379234314, 15.1211185455, 13.5070152283, 12.5045022964, 15.6168241501, 16.2832183838, 12.0346384048, 8.68827533722, 5.6077003479, 2.36812973022, 1.69268274307, 1.85259866714, 1.70440459251, 0.845968604088, 0.593043148518, 0.163161844015, 0.0394536703825, 0.00573827046901, 0.000170956045622, 1.66077916219e-05, 1.44907098729e-05, 2.45504761551e-05],
        "min": [1.72335568145e-21, 5.08983052494e-21, 3.97231274856e-21, 3.80572810515e-20, 9.12569627082e-20, 1.92120930297e-19, 3.36514573226e-19, 1.84947620025e-19, 2.22628372339e-19, 6.28880139017e-19, 5.71483885769e-19, 1.15353893297e-18, 9.46448993342e-19, 7.38627722654e-19, 1.8403418257e-18, 2.38262178975e-18, 4.24854851858e-18, 5.27358163467e-18, 7.49162674256e-18, 7.09310766705e-18, 8.30251024269e-18, 1.04275000132e-17, 1.24978867643e-17, 1.4151311621e-17, 8.85979671062e-18, 1.18548894957e-17, 1.07754527107e-17, 1.3963266998e-17, 1.21037153501e-17, 1.63635399948e-17, 1.70663506935e-17, 1.94957652633e-17, 1.60873973278e-17, 1.16336856834e-17, 9.95417651336e-18, 5.4729706262e-18, 2.83091190913e-18, 1.43334332172e-18, 3.13292020366e-19, 3.70441463598e-20],
        "var": [0.00448376359418, 0.56737858057, 10.8598690033, 41.5954093933, 40.1251411438, 258.157836914, 257.281066895, 1154.31384277, 4222.18261719, 1761.13806152, 842.346984863, 1531.34680176, 1959.25146484, 3442.03833008, 1679.08239746, 2740.43481445, 3419.19458008, 3395.17480469, 8517.22167969, 4543.27148438, 3786.95263672, 2490.47851562, 2792.66259766, 3265.67822266, 1038.0579834, 1064.98217773, 373.500274658, 104.109458923, 177.099899292, 205.96736145, 196.638381958, 40.0596656799, 37.7863731384, 5.09345960617, 0.363574385643, 0.0318649224937, 2.16754233406e-05, 2.82807040008e-08, 4.1103678794e-10, 2.79590628427e-10]
    },
    "gfcc": {
        "mean": [-7.27031707764, 109.718109131, -152.343139648, 49.3234138489, -73.3405532837, 14.5543804169, -45.1520805359, 6.55622148514, -17.3644371033, -7.92812585831, -0.191762626171, -13.8025283813, 1.5832375288],
        "cov": [[3046.0222168, -369.504730225, -414.05847168, 253.927505493, -191.815460205, 24.562330246, -137.459686279, 69.5638427734, -82.8157119751, 10.3450927734, 9.92096138, -53.4923095703, -85.6927871704], [-369.504730225, 1391.32641602, 566.791503906, 187.099014282, 338.057769775, -121.473991394, 137.281463623, -184.18107605, -12.6723165512, -134.507507324, 64.0970611572, -66.342590332, 62.6043624878], [-414.05847168, 566.791503906, 1034.33691406, 289.907592773, 103.512184143, 118.028877258, -8.34489250183, -63.8759346008, -43.3689117432, -14.3610687256, -55.4656867981, 29.3445472717, 0.928393125534], [253.927505493, 187.099014282, 289.907592773, 372.635192871, 104.002990723, 7.36970090866, 9.14101791382, -39.6882095337, 7.29596090317, -27.1675205231, 9.10429096222, -19.6226768494, -7.39046859741], [-191.815460205, 338.057769775, 103.512184143, 104.002990723, 270.423339844, 28.833114624, 46.8745422363, -25.9390792847, 3.35627365112, -32.3543777466, -15.7688684464, -29.2276172638, 24.9588985443], [24.562330246, -121.473991394, 118.028877258, 7.36970090866, 28.833114624, 211.06262207, 44.9906158447, 31.3245296478, -33.0474319458, 28.8817558289, -44.7284049988, 9.82731151581, -12.570602417], [-137.459686279, 137.281463623, -8.34489250183, 9.14101791382, 46.8745422363, 44.9906158447, 159.533630371, 4.50827789307, -9.90862083435, -20.5226783752, 33.5297622681, -15.7156572342, 6.63576507568], [69.5638427734, -184.18107605, -63.8759346008, -39.6882095337, -25.9390792847, 31.3245296478, 4.50827789307, 123.015617371, 31.6092185974, 21.0725326538, -16.0866641998, 14.1946783066, -7.38587808609], [-82.8157119751, -12.6723165512, -43.3689117432, 7.29596090317, 3.35627365112, -33.0474319458, -9.90862083435, 31.6092185974, 105.717002869, 15.8656015396, 7.98362255096, -0.840717673302, 7.60165309906], [10.3450927734, -134.507507324, -14.3610687256, -27.1675205231, -32.3543777466, 28.8817558289, -20.5226783752, 21.0725326538, 15.8656015396, 85.8253936768, 2.94335389137, 9.85647583008, -7.8919172287], [9.92096138, 64.0970611572, -55.4656867981, 9.10429096222, -15.7688684464, -44.7284049988, 33.5297622681, -16.0866641998, 7.98362255096, 2.94335389137, 121.449623108, 5.14875078201, 0.316442459822], [-53.4923095703, -66.342590332, 29.3445472717, -19.6226768494, -29.2276172638, 9.82731151581, -15.7156572342, 14.1946783066, -0.840717673302, 9.85647583008, 5.14875078201, 73.8114700317, 13.6273059845], [-85.6927871704, 62.6043624878, 0.928393125534, -7.39046859741, 24.9588985443, -12.570602417, 6.63576507568, -7.38587808609, 7.60165309906, -7.8919172287, 0.316442459822, 13.6273059845, 61.1345787048]],
        "icov": [[0.000828205491416, -0.00109482312109, 0.00142195587978, -0.00182910135482, 0.00174605054781, -0.00152958289254, 0.00178023509216, -0.00150240433868, 0.00133113190532, -0.000418683252065, 0.000186381512322, 0.000113413501822, 0.000391420064261], [-0.00109482312109, 0.00490353535861, -0.00420789048076, 0.00392851792276, -0.00554993376136, 0.00506049813703, -0.00480936141685, 0.00448448816314, -0.0024454202503, 0.00251154438592, -0.00161312834825, 0.00157400756143, -0.00136126601137], [0.00142195587978, -0.00420789048076, 0.00548879569396, -0.00526533927768, 0.00508632231504, -0.0053914161399, 0.00486804265529, -0.00357126723975, 0.00296523165889, -0.00201717833988, 0.00179633172229, -0.00192732887808, 0.00122856674716], [-0.00182910135482, 0.00392851792276, -0.00526533927768, 0.00875175464898, -0.00638195453212, 0.00478625064716, -0.00471632834524, 0.00480884267017, -0.00412493851036, 0.00260239699855, -0.00195849174634, 0.00131099473219, -0.00019956016331], [0.00174605054781, -0.00554993376136, 0.00508632231504, -0.00638195453212, 0.0117939878255, -0.0068916589953, 0.00505706295371, -0.00486326776445, 0.0027456425596, -0.00160831212997, 0.00238524563611, 0.000372578913812, -0.000730913539883], [-0.00152958289254, 0.00506049813703, -0.0053914161399, 0.00478625064716, -0.0068916589953, 0.0134042454883, -0.00858097337186, 0.00315682217479, -0.000423128309194, -0.00116155634169, 0.00152078771498, -7.12947439752e-05, 0.000127575476654], [0.00178023509216, -0.00480936141685, 0.00486804265529, -0.00471632834524, 0.00505706295371, -0.00858097337186, 0.0145572070032, -0.00600587623194, 0.00358004472218, 0.000595524848904, -0.00265450240113, 0.00132567761466, -8.48050876812e-06], [-0.00150240433868, 0.00448448816314, -0.00357126723975, 0.00480884267017, -0.00486326776445, 0.00315682217479, -0.00600587623194, 0.0155259063467, -0.00679134530947, 0.00142332643736, 0.000478319416288, -0.00134993216489, 0.000426194164902], [0.00133113190532, -0.0024454202503, 0.00296523165889, -0.00412493851036, 0.0027456425596, -0.000423128309194, 0.00358004472218, -0.00679134530947, 0.0145076839253, -0.0039531304501, 0.000278797233477, 0.000567451235838, -0.00103281228803], [-0.000418683252065, 0.00251154438592, -0.00201717833988, 0.00260239699855, -0.00160831212997, -0.00116155634169, 0.000595524848904, 0.00142332643736, -0.0039531304501, 0.0164705179632, -0.00319229601882, 0.000764519209042, 0.000175367415068], [0.000186381512322, -0.00161312834825, 0.00179633172229, -0.00195849174634, 0.00238524563611, 0.00152078771498, -0.00265450240113, 0.000478319416288, 0.000278797233477, -0.00319229601882, 0.0118916509673, -0.00314676435664, 0.00152706331573], [0.000113413501822, 0.00157400756143, -0.00192732887808, 0.00131099473219, 0.000372578913812, -7.12947439752e-05, 0.00132567761466, -0.00134993216489, 0.000567451235838, 0.000764519209042, -0.00314676435664, 0.0180376302451, -0.00571516389027], [0.000391420064261, -0.00136126601137, 0.00122856674716, -0.00019956016331, -0.000730913539883, 0.000127575476654, -8.48050876812e-06, 0.000426194164902, -0.00103281228803, 0.000175367415068, 0.00152706331573, -0.00571516389027, 0.0200513750315]]
    },
    "melbands": {
        "dmean": [0.000302752770949, 0.000706066610292, 0.000486287142849, 0.000406589038903, 0.000258721673163, 0.000291280681267, 0.000368439941667, 0.000160365816555, 9.20245875022e-05, 0.000100733966974, 8.9265529823e-05, 8.81492014742e-05, 4.45346013294e-05, 4.24443387601e-05, 4.63863943878e-05, 4.2327115807e-05, 3.88413318433e-05, 5.54438738618e-05, 4.52215826954e-05, 2.89761137537e-05, 2.3074560886e-05, 1.86103352462e-05, 2.19890989683e-05, 1.9218554371e-05, 2.03867821256e-05, 1.05794770207e-05, 8.48798026709e-06, 9.15467990126e-06, 6.17589012109e-06, 2.62471735368e-06, 1.70270016042e-06, 1.60214995049e-06, 1.66334200458e-06, 1.96435553335e-06, 1.99682131097e-06, 1.28467104332e-06, 6.77202535826e-07, 9.2825507636e-07, 6.60974308175e-07, 2.90875561859e-07],
        "dmean2": [0.000502548471559, 0.0012047928758, 0.000808567681815, 0.000678182579577, 0.000420255353674, 0.000479523587273, 0.000595257617533, 0.000258728396147, 0.000147529513924, 0.000162543350598, 0.000144033780089, 0.000139968338772, 6.97489813319e-05, 6.569847028e-05, 7.35391076887e-05, 6.72312962706e-05, 6.19763013674e-05, 8.57396444189e-05, 7.08228544681e-05, 4.59395669168e-05, 3.63966864825e-05, 2.94050860248e-05, 3.42660932802e-05, 2.99236944556e-05, 3.17916747008e-05, 1.65485707839e-05, 1.30522885229e-05, 1.41710252137e-05, 9.62536159932e-06, 4.17876981373e-06, 2.61540822066e-06, 2.43702015723e-06, 2.52894301411e-06, 3.0283479191e-06, 3.14048702421e-06, 1.95576399165e-06, 1.03058243894e-06, 1.3794692677e-06, 9.9592011793e-07, 4.38302265593e-07],
        "dvar": [3.4412650507e-07, 2.16674402509e-06, 8.85909344106e-07, 4.87278896344e-07, 2.30827879477e-07, 3.51044832314e-07, 6.63177274873e-07, 1.44440477357e-07, 4.12926262072e-08, 5.46267244772e-08, 3.96043411399e-08, 4.29647144529e-08, 1.25031318632e-08, 1.21884990989e-08, 1.28211317119e-08, 1.06479500772e-08, 8.61848636902e-09, 1.62812376914e-08, 1.09546931526e-08, 4.82305262395e-09, 3.19217452471e-09, 2.1660344629e-09, 2.3815875938e-09, 1.57033774872e-09, 1.83371351437e-09, 4.16326001451e-10, 2.61993232664e-10, 3.88008708496e-10, 2.02099795232e-10, 3.90175357301e-11, 2.97796960702e-11, 3.79272481477e-11, 6.21247706056e-11, 8.55377088604e-11, 1.99171831805e-10, 1.5769349368e-11, 4.17269257341e-12, 8.60566652661e-12, 6.30017609263e-12, 1.55300880662e-12],
        "dvar2": [9.11601489406e-07, 5.90683703194e-06, 2.2978126708e-06, 1.2738132682e-06, 5.75386650326e-07, 8.58803105075e-07, 1.59117507792e-06, 3.50649827396e-07, 1.00172599105e-07, 1.35094367693e-07, 9.98679254849e-08, 1.04457264172e-07, 2.86902590574e-08, 2.6145757559e-08, 3.07766221397e-08, 2.57803538517e-08, 2.03019183687e-08, 3.5972700374e-08, 2.50948719582e-08, 1.14353628788e-08, 7.6528676729e-09, 5.17621856488e-09, 5.75019365456e-09, 3.68000274698e-09, 4.31273683432e-09, 9.96910110018e-10, 6.18047613088e-10, 9.00995389408e-10, 4.98646068881e-10, 9.55042919748e-11, 6.62187596423e-11, 8.08534697527e-11, 1.37148722934e-10, 2.22857982068e-10, 5.72739800031e-10, 3.11105932682e-11, 8.19007969083e-12, 1.6438248332e-11, 1.38218603229e-11, 3.59705754766e-12],
        "max": [0.0103974696249, 0.0214156005532, 0.0151892704889, 0.0130575159565, 0.00837208144367, 0.0112961726263, 0.0183570403606, 0.00580217503011, 0.00460028788075, 0.00441645411775, 0.0051360768266, 0.00343214999884, 0.00355236511678, 0.00281206611544, 0.00276779546402, 0.00268167932518, 0.00218050018884, 0.00272916187532, 0.00200496707112, 0.00175742374267, 0.00143855775241, 0.00113519700244, 0.00121774454601, 0.000656817224808, 0.000924962805584, 0.000392715475755, 0.000404275459005, 0.00031884064083, 0.000360780890333, 0.000177111200173, 0.000206899348996, 0.000184805248864, 0.000364903506124, 0.000460467592347, 0.000830513483379, 0.000210416852497, 9.63555212365e-05, 0.000138960589538, 0.000131876120577, 5.9290574427e-05],
        "mean": [0.00046307084267, 0.000980586512014, 0.000705302285496, 0.000583911023568, 0.000412468827562, 0.000431048276369, 0.000533515005372, 0.000221307302127, 0.000122581783216, 0.000142962424434, 0.000125924227177, 0.000124293568661, 6.54176110402e-05, 6.07324691373e-05, 6.3550316554e-05, 6.13375232206e-05, 5.54637699679e-05, 7.82653296483e-05, 6.52417875244e-05, 4.25781108788e-05, 3.56973760063e-05, 2.80019703496e-05, 3.25073560816e-05, 2.80087497231e-05, 3.09727111016e-05, 1.76961184479e-05, 1.40971733344e-05, 1.352579784e-05, 8.65227684699e-06, 3.86033161703e-06, 2.53009352491e-06, 2.46845615948e-06, 2.44046395892e-06, 2.69829001809e-06, 2.62882349489e-06, 1.91213780454e-06, 1.05893798263e-06, 1.39085386763e-06, 9.35098285026e-07, 4.08554399201e-07],
        "median": [0.00025620724773, 0.000561627268326, 0.000419362564571, 0.000343668274581, 0.000250336539466, 0.000211506529013, 0.000218314729864, 9.47172302403e-05, 5.98313854425e-05, 6.16340548731e-05, 5.29311437276e-05, 4.50255029136e-05, 2.50311168202e-05, 2.4899318305e-05, 2.25589265028e-05, 2.09577665373e-05, 1.83903921425e-05, 2.57557621808e-05, 2.12828163058e-05, 1.54971621669e-05, 1.3746885088e-05, 1.1261416148e-05, 1.32623827085e-05, 1.235772379e-05, 1.20449331007e-05, 8.413066098e-06, 6.37502125755e-06, 5.0596663641e-06, 3.53289715349e-06, 1.83940733223e-06, 1.03311981547e-06, 8.9150802296e-07, 8.89179887054e-07, 1.02365288512e-06, 1.0117646525e-06, 7.00935117948e-07, 3.9084625314e-07, 4.49870810826e-07, 2.36090642147e-07, 9.03909693761e-08],
        "min": [1.7188551795e-23, 3.36565335845e-24, 1.08788951763e-23, 1.24398529036e-23, 1.22221241383e-23, 4.59908668757e-24, 3.33762710264e-24, 8.82962150453e-24, 3.54506281083e-24, 6.93601533295e-24, 4.17308326052e-24, 2.46321265453e-24, 5.37858894144e-24, 6.80660506803e-24, 7.34906684722e-24, 8.67697849709e-24, 9.49157520048e-24, 1.18210065118e-23, 9.49749560157e-24, 6.5511963616e-24, 8.34930539858e-24, 1.01565557557e-23, 7.81741041121e-24, 1.12269358745e-23, 1.16425898409e-23, 8.10375824233e-24, 6.37021825931e-24, 7.68010838179e-24, 5.28095596594e-24, 9.58268626845e-24, 7.3261449159e-24, 6.01829754873e-24, 8.11471788689e-24, 7.77749483827e-24, 8.82414523212e-24, 9.62291107487e-24, 1.07201684735e-23, 1.05376568256e-23, 1.17878569989e-23, 8.82905746898e-24],
        "var": [4.49485725085e-07, 2.11119572668e-06, 1.00283534721e-06, 6.18407625552e-07, 3.27059552774e-07, 5.09359040279e-07, 9.81471202977e-07, 1.77700940185e-07, 4.81862265644e-08, 6.98084789974e-08, 5.10646280816e-08, 5.95975784279e-08, 2.00175112042e-08, 1.88365074649e-08, 1.8566275628e-08, 1.7059177182e-08, 1.48984753423e-08, 2.56319037106e-08, 1.69691407592e-08, 7.60284724066e-09, 5.90245674559e-09, 3.28806959438e-09, 3.25342508489e-09, 2.09191974854e-09, 2.83727152883e-09, 7.43204831011e-10, 4.73959593794e-10, 5.78926906414e-10, 2.43259412613e-10, 4.62855066774e-11, 3.95324328828e-11, 5.45443343269e-11, 7.80870854089e-11, 7.7171519175e-11, 1.25006505147e-10, 3.24815209451e-11, 1.05196840822e-11, 2.12069754119e-11, 1.19481239139e-11, 2.43481298491e-12]
    },
    "mfcc": {
        "mean": [-627.58770752, 114.880622864, -12.77780056, 22.8025531769, 1.62991476059, -1.67146754265, -5.20738458633, 1.4502171278, -8.67260742188, 5.79690265656, -4.88863611221, -1.34960544109, -1.66526377201],
        "cov": [[2363.06811523, -731.214355469, -347.48550415, 15.6683330536, -80.4209899902, -109.797233582, -16.360118866, -3.80328083038, -111.458602905, 100.003036499, -15.440861702, 21.0126495361, -32.214389801], [-731.214355469, 1251.12036133, 277.954650879, 289.732208252, 167.946853638, 115.989189148, 110.123199463, 7.69989109039, 0.561429202557, -75.6771392822, -62.8995246887, -16.5054531097, -0.286021798849], [-347.48550415, 277.954650879, 839.083007812, 207.174026489, 148.899795532, 147.85357666, 44.056224823, 8.75145530701, 24.0948467255, -79.0562057495, -10.7736053467, 7.31509494781, 36.1124153137], [15.6683330536, 289.732208252, 207.174026489, 387.441772461, 141.904205322, 64.8345870972, 19.6817321777, 11.4428262711, -26.2355213165, -3.11301279068, -63.4099006653, 17.134929657, 17.8599128723], [-80.4209899902, 167.946853638, 148.899795532, 141.904205322, 228.459259033, 73.3212051392, 8.58786964417, 5.5638833046, 42.1826858521, -11.0461711884, -14.8127536774, -10.6478099823, 5.19419574738], [-109.797233582, 115.989189148, 147.85357666, 64.8345870972, 73.3212051392, 184.084182739, 78.4184417725, 8.32185840607, 36.1029090881, -27.4176864624, 11.4321165085, -16.2573280334, -9.76624965668], [-16.360118866, 110.123199463, 44.056224823, 19.6817321777, 8.58786964417, 78.4184417725, 174.262771606, 37.9182853699, -5.08815288544, 11.2662906647, -7.40326833725, -3.04222488403, -7.04749536514], [-3.80328083038, 7.69989109039, 8.75145530701, 11.4428262711, 5.5638833046, 8.32185840607, 37.9182853699, 99.8380966187, 23.7531929016, 4.63648319244, -0.431058704853, 3.36554884911, 8.48267364502], [-111.458602905, 0.561429202557, 24.0948467255, -26.2355213165, 42.1826858521, 36.1029090881, -5.08815288544, 23.7531929016, 137.295700073, -4.77064609528, 21.0796508789, -11.6946840286, -7.14471197128], [100.003036499, -75.6771392822, -79.0562057495, -3.11301279068, -11.0461711884, -27.4176864624, 11.2662906647, 4.63648319244, -4.77064609528, 107.888748169, 5.02304887772, 6.02864408493, -2.38438391685], [-15.440861702, -62.8995246887, -10.7736053467, -63.4099006653, -14.8127536774, 11.4321165085, -7.40326833725, -0.431058704853, 21.0796508789, 5.02304887772, 86.0536880493, 10.9754390717, -5.31461668015], [21.0126495361, -16.5054531097, 7.31509494781, 17.134929657, -10.6478099823, -16.2573280334, -3.04222488403, 3.36554884911, -11.6946840286, 6.02864408493, 10.9754390717, 74.1704788208, 22.0038928986], [-32.214389801, -0.286021798849, 36.1124153137, 17.8599128723, 5.19419574738, -9.76624965668, -7.04749536514, 8.48267364502, -7.14471197128, -2.38438391685, -5.31461668015, 22.0038928986, 67.6297454834]],
