{
"lowlevel": {
    "average_loudness": 0.756385862827,
    "barkbands_crest": {
        "dmean": 2.3148727417,
        "dmean2": 3.81792402267,
        "dvar": 4.6324505806,
        "dvar2": 12.0217313766,
        "max": 24.2145042419,
        "mean": 8.9384021759,
        "median": 8.08858013153,
        "min": 2.40864944458,
        "var": 11.9627876282
    },
    "barkbands_flatness_db": {
        "dmean": 0.0194947049022,
        "dmean2": 0.030769104138,
        "dvar": 0.000317826576065,
        "dvar2": 0.000790708290879,
        "max": 0.372874170542,
        "mean": 0.142874032259,
        "median": 0.14109402895,
        "min": 0.0384908989072,
        "var": 0.00190220191143
    },
    "barkbands_kurtosis": {
        "dmean": 2.18468284607,
        "dmean2": 3.4153342247,
        "dvar": 25.1627063751,
        "dvar2": 56.533946991,
        "max": 140.117233276,
        "mean": 2.81248497963,
        "median": 0.965536117554,
        "min": -1.89571392536,
        "var": 55.3993797302
    },
    "barkbands_skewness": {
        "dmean": 0.489814013243,
        "dmean2": 0.744266808033,
        "dvar": 0.324568539858,
        "dvar2": 0.695602655411,
        "max": 9.65930080414,
        "mean": 0.534063756466,
        "median": 0.449988543987,
        "min": -2.98291945457,
        "var": 2.256472826
    },
    "barkbands_spread": {
        "dmean": 4.50423717499,
        "dmean2": 7.05126905441,
        "dvar": 26.993396759,
        "dvar2": 59.0988006592,
        "max": 97.5172119141,
        "mean": 20.13098526,
        "median": 19.3676300049,
        "min": 1.40493130684,
        "var": 90.2015228271
    },
    "dissonance": {
        "dmean": 0.0186872091144,
        "dmean2": 0.031791202724,
        "dvar": 0.000404557853471,
        "dvar2": 0.00113348546438,
        "max": 0.500000119209,
        "mean": 0.465432584286,
        "median": 0.47213229537,
        "min": 0.0687798634171,
        "var": 0.000825308961794
    },
    "dynamic_complexity": 3.32323598862,
    "erbbands_crest": {
        "dmean": 2.75875854492,
        "dmean2": 4.39944505692,
        "dvar": 7.45102548599,
        "dvar2": 17.1775989532,
        "max": 33.9046173096,
        "mean": 10.5059337616,
        "median": 9.2796125412,
        "min": 2.58002662659,
        "var": 31.9827022552
    },
    "erbbands_flatness_db": {
        "dmean": 0.0223953835666,
        "dmean2": 0.0312718898058,
        "dvar": 0.000426841084845,
        "dvar2": 0.000800380134024,
        "max": 0.377751946449,
        "mean": 0.183427780867,
        "median": 0.186171784997,
        "min": 0.0685876384377,
        "var": 0.00285366293974
    },
    "erbbands_kurtosis": {
        "dmean": 1.09791052341,
        "dmean2": 1.73496067524,
        "dvar": 2.68084764481,
        "dvar2": 6.067486763,
        "max": 57.0538597107,
        "mean": 1.25774919987,
        "median": 0.445530414581,
        "min": -1.83537209034,
        "var": 8.25154018402
    },
    "erbbands_skewness": {
        "dmean": 0.369659155607,
        "dmean2": 0.564330935478,
        "dvar": 0.136536642909,
        "dvar2": 0.309814691544,
        "max": 4.18535041809,
        "mean": 0.00873695313931,
        "median": 0.0311173275113,
        "min": -4.89221715927,
        "var": 0.77171087265
    },
    "erbbands_spread": {
        "dmean": 6.3169965744,
        "dmean2": 9.60303401947,
        "dvar": 59.685508728,
        "dvar2": 130.321777344,
        "max": 157.754318237,
        "mean": 28.5641498566,
        "median": 25.9448432922,
        "min": 1.43140089512,
        "var": 282.4090271
    },
    "hfc": {
        "dmean": 5.80783176422,
        "dmean2": 8.61679077148,
        "dvar": 61.6070671082,
        "dvar2": 137.330001831,
        "max": 144.935256958,
        "mean": 19.9243488312,
        "median": 13.3938159943,
        "min": 1.03990003324e-16,
        "var": 383.59967041
    },
    "melbands_crest": {
        "dmean": 2.72967767715,
        "dmean2": 4.4728140831,
        "dvar": 6.55601215363,
        "dvar2": 16.8097133636,
        "max": 30.0854568481,
        "mean": 10.3823356628,
        "median": 9.85315513611,
        "min": 1.48450231552,
        "var": 24.7552108765
    },
    "melbands_flatness_db": {
        "dmean": 0.0195339675993,
        "dmean2": 0.0303827412426,
        "dvar": 0.000437918992247,
        "dvar2": 0.00100118585397,
        "max": 0.455021381378,
        "mean": 0.167001888156,
        "median": 0.165940567851,
        "min": 0.00283580948599,
        "var": 0.0059567973949
    },
    "melbands_kurtosis": {
        "dmean": 4.5056810379,
        "dmean2": 7.07016897202,
        "dvar": 147.465835571,
        "dvar2": 342.987823486,
        "max": 310.300476074,
        "mean": 6.6636557579,
        "median": 1.31238079071,
        "min": -1.84483897686,
        "var": 341.352996826
    },
    "melbands_skewness": {
        "dmean": 0.575113713741,
        "dmean2": 0.880560874939,
        "dvar": 0.523808240891,
        "dvar2": 1.17260277271,
        "max": 13.604347229,
        "mean": 1.3713811636,
        "median": 1.02103173733,
        "min": -2.11713790894,
        "var": 2.80599570274
    },
    "melbands_spread": {
        "dmean": 7.32488536835,
        "dmean2": 11.5448322296,
        "dvar": 69.8220748901,
        "dvar2": 163.050170898,
        "max": 188.475997925,
        "mean": 38.5716056824,
        "median": 28.3853054047,
        "min": 0.832796216011,
        "var": 1193.01171875
    },
    "pitch_salience": {
        "dmean": 0.0599489435554,
        "dmean2": 0.0980168730021,
        "dvar": 0.00322578451596,
        "dvar2": 0.00818097312003,
        "max": 0.982862353325,
        "mean": 0.59273314476,
        "median": 0.581720113754,
        "min": 0.206162676215,
        "var": 0.014441780746
    },
    "silence_rate_20dB": {
        "dmean": 0,
        "dmean2": 0,
        "dvar": 0,
        "dvar2": 0,
        "max": 1,
        "mean": 1,
        "median": 1,
        "min": 1,
        "var": 0
    },
    "silence_rate_30dB": {
        "dmean": 0.00021819768881,
        "dmean2": 0.000436442991486,
        "dvar": 0.000218105560634,
        "dvar2": 0.000436297326814,
        "max": 1,
        "mean": 0.999781847,
        "median": 1,
        "min": 0,
        "var": 0.000218081782805
    },
    "silence_rate_60dB": {
        "dmean": 0.0130918612704,
        "dmean2": 0.0261865798384,
        "dvar": 0.0129185626283,
        "dvar2": 0.0300835184753,
        "max": 1,
        "mean": 0.152721717954,
        "median": 0,
        "min": 0,
        "var": 0.129392296076
    },
    "spectral_centroid": {
        "dmean": 223.83732605,
        "dmean2": 350.13772583,
        "dvar": 67531.2890625,
        "dvar2": 149403.125,
        "max": 12112.9697266,
        "mean": 2374.50488281,
        "median": 1549.97216797,
        "min": 169.922332764,
        "var": 8377537.5
    },
    "spectral_complexity": {
        "dmean": 2.35304379463,
        "dmean2": 3.67921447754,
        "dvar": 6.69986200333,
        "dvar2": 14.4921865463,
        "max": 50,
        "mean": 15.8872041702,
        "median": 16,
        "min": 0,
        "var": 88.9697113037
    },
    "spectral_decrease": {
        "dmean": 1.57647439547e-09,
        "dmean2": 2.49140974518e-09,
        "dvar": 5.54424836599e-18,
        "dvar2": 1.37657503297e-17,
        "max": 2.13381530407e-28,
        "mean": -4.53437687398e-09,
        "median": -3.94445542895e-09,
        "min": -3.57834260001e-08,
        "var": 1.36401479168e-17
    },
    "spectral_energy": {
        "dmean": 0.00640464015305,
        "dmean2": 0.010072376579,
        "dvar": 8.6873100372e-05,
        "dvar2": 0.000214596962905,
        "max": 0.138471901417,
        "mean": 0.0189210027456,
        "median": 0.0163201466203,
        "min": 9.59990922247e-21,
        "var": 0.000234695326071
    },
    "spectral_energyband_high": {
        "dmean": 0.000189442100236,
        "dmean2": 0.0002777716727,
        "dvar": 1.76373660565e-07,
        "dvar2": 3.57590351996e-07,
        "max": 0.0104411952198,
        "mean": 0.000370626221411,
        "median": 0.000182820265763,
        "min": 6.73563883176e-21,
        "var": 4.25386929237e-07
    },
    "spectral_energyband_low": {
        "dmean": 0.00208181515336,
        "dmean2": 0.00345270079561,
        "dvar": 2.24316336244e-05,
        "dvar2": 5.64774672966e-05,
        "max": 0.0718679875135,
        "mean": 0.00311754387803,
        "median": 0.00138733780477,
        "min": 5.65405483081e-24,
        "var": 2.84795951302e-05
    },
    "spectral_energyband_middle_high": {
        "dmean": 0.00248120888136,
        "dmean2": 0.00373356346972,
        "dvar": 1.54629033204e-05,
        "dvar2": 3.75356685254e-05,
        "max": 0.0685357600451,
        "mean": 0.00836867280304,
        "median": 0.0039210896939,
        "min": 1.04469417658e-21,
        "var": 0.000101134777651
    },
    "spectral_energyband_middle_low": {
        "dmean": 0.00415897043422,
        "dmean2": 0.00677092932165,
        "dvar": 5.83502478548e-05,
        "dvar2": 0.000151499392814,
        "max": 0.12444858253,
        "mean": 0.00769670074806,
        "median": 0.00513189379126,
        "min": 1.29127025988e-22,
        "var": 7.92669598013e-05
    },
    "spectral_entropy": {
        "dmean": 0.147775784135,
        "dmean2": 0.217360794544,
        "dvar": 0.0248873122036,
        "dvar2": 0.0542742460966,
        "max": 9.82607555389,
        "mean": 7.62323999405,
        "median": 7.4210562706,
        "min": 5.55027294159,
        "var": 0.628993809223
    },
    "spectral_flux": {
        "dmean": 0.0217528752983,
        "dmean2": 0.034402243793,
        "dvar": 0.000696075789165,
        "dvar2": 0.00152207701467,
        "max": 0.288540691137,
        "mean": 0.0731397420168,
        "median": 0.0683305189013,
        "min": 6.3146522733e-11,
        "var": 0.00228822976351
    },
    "spectral_kurtosis": {
        "dmean": 1.82846271992,
        "dmean2": 3.00273418427,
        "dvar": 4.65476465225,
        "dvar2": 12.4387273788,
        "max": 77.4602966309,
        "mean": 5.3047580719,
        "median": 5.28638267517,
        "min": -1.29419374466,
        "var": 16.5457401276
    },
    "spectral_rms": {
        "dmean": 0.000654430710711,
        "dmean2": 0.0010032117134,
        "dvar": 6.79141408e-07,
        "dvar2": 1.5648444105e-06,
        "max": 0.0116230174899,
        "mean": 0.00380108971149,
        "median": 0.00399024970829,
        "min": 3.06035383667e-12,
        "var": 4.01116449211e-06
    },
    "spectral_rolloff": {
        "dmean": 346.140289307,
        "dmean2": 587.252441406,
        "dvar": 483356.375,
        "dvar2": 1029465.125,
        "max": 19789.0136719,
        "mean": 3316.98022461,
        "median": 1679.58984375,
        "min": 86.1328125,
        "var": 26681124
    },
    "spectral_skewness": {
        "dmean": 0.230104744434,
        "dmean2": 0.358983635902,
        "dvar": 0.0485265627503,
        "dvar2": 0.118538036942,
        "max": 6.4260187149,
        "mean": 1.60175979137,
        "median": 1.71376526356,
        "min": -0.326752632856,
        "var": 0.458305835724
    },
    "spectral_spread": {
        "dmean": 847352.75,
        "dmean2": 1185974.5,
        "dvar": 1.11417176883e+12,
        "dvar2": 2.32413305242e+12,
        "max": 42925472,
        "mean": 7623492,
        "median": 3718328.5,
        "min": 959547.4375,
        "var": 1.18982707249e+14
    },
    "spectral_strongpeak": {
        "dmean": 0.880376756191,
        "dmean2": 1.44716572762,
        "dvar": 1.75735270977,
        "dvar2": 4.293197155,
        "max": 20.7868328094,
        "mean": 1.82092893124,
        "median": 0.812546610832,
        "min": 0,
        "var": 5.22045135498
    },
    "zerocrossingrate": {
        "dmean": 0.00890391506255,
        "dmean2": 0.0112711722031,
        "dvar": 0.000142537857755,
        "dvar2": 0.000183172582183,
        "max": 0.73046875,
        "mean": 0.107488453388,
        "median": 0.06591796875,
        "min": 0.00927734375,
        "var": 0.0173649359494
    },
    "barkbands": {
        "dmean": [1.69468548847e-05, 0.000769385020249, 0.00114752794616, 0.00116744148545, 0.00173290609382, 0.000772974744905, 0.000507612072397, 0.000519275024999, 0.000812846177723, 0.00032262262539, 0.000635532836895, 0.000505672942381, 0.000669011089485, 0.000927699671593, 0.000505592557602, 0.000375719653675, 0.000219891269808, 0.000214992178371, 0.000156655281899, 0.000111980582005, 3.03899632854e-05, 2.50329921982e-05, 2.89894342131e-05, 3.630921492e-05, 4.04185448133e-05, 2.00766571652e-05, 2.97776758806e-09],
        "dmean2": [2.97901842714e-05, 0.00124654825777, 0.0019363919273, 0.00207155803218, 0.0029651937075, 0.00120161089581, 0.000815368723124, 0.000813351303805, 0.00127066893037, 0.000516411382705, 0.0010294894455, 0.000801382760983, 0.00103555666283, 0.00144792441279, 0.000803548784461, 0.000575982558075, 0.000345237873262, 0.000332760246238, 0.00023522520496, 0.00016751147632, 4.70979357488e-05, 3.75371200789e-05, 4.3645974074e-05, 5.39407446922e-05, 6.33118761471e-05, 3.16727164318e-05, 5.36955635511e-09],
        "dvar": [9.08255970433e-10, 2.45389878728e-06, 9.59373392106e-06, 1.24138732644e-05, 1.64746761584e-05, 2.63286278823e-06, 1.7891850348e-06, 3.00102465189e-06, 4.29253032053e-06, 6.52530673051e-07, 3.19286073136e-06, 1.61497769113e-06, 3.26110807691e-06, 6.28513180345e-06, 2.41953557634e-06, 1.68484541518e-06, 6.06811966009e-07, 2.37656635704e-07, 1.17953540268e-07, 6.38431529865e-08, 8.71629435295e-09, 1.04125641442e-08, 1.23337402513e-08, 2.34246240183e-08, 7.05765446085e-09, 1.71800518256e-09, 4.12839067462e-16],
        "dvar2": [2.58708832135e-09, 5.80857340537e-06, 2.48458418355e-05, 3.43889478245e-05, 4.40889562014e-05, 5.70865995542e-06, 4.14463056586e-06, 7.20644038665e-06, 1.03181928353e-05, 1.61001219112e-06, 8.43076759338e-06, 4.03912417823e-06, 7.58669739298e-06, 1.51245130837e-05, 5.40956034456e-06, 3.81538075089e-06, 1.3903782019e-06, 5.45974955912e-07, 2.43731221872e-07, 1.19748875704e-07, 1.81943242694e-08, 2.193282711e-08, 2.68571671569e-08, 5.1579672089e-08, 1.71306258068e-08, 4.25381374569e-09, 1.11942762578e-15],
        "max": [0.000880537438206, 0.0289431028068, 0.0549609549344, 0.0551891177893, 0.0682744681835, 0.0450870357454, 0.0424146689475, 0.0411298722029, 0.0600737668574, 0.0277957208455, 0.0366535559297, 0.023618446663, 0.0493730008602, 0.0389520339668, 0.0327289588749, 0.0500324256718, 0.0193908009678, 0.0127590466291, 0.0102401087061, 0.011349638924, 0.00434392876923, 0.00359585089609, 0.0043490906246, 0.00686092255637, 0.00184239400551, 0.000589906587265, 9.68857307271e-07],
        "mean": [1.83712782018e-05, 0.00109879882075, 0.00141705246642, 0.00113371817861, 0.00217977329157, 0.00126316188835, 0.000793159939349, 0.000742374744732, 0.00146489858162, 0.000529498618562, 0.00109347864054, 0.000904931861442, 0.00128347729333, 0.0016258462565, 0.000923716230318, 0.000658252451103, 0.000490032834932, 0.000430864049122, 0.000354350311682, 0.000249076227192, 6.01350075158e-05, 4.32609267591e-05, 4.83190124214e-05, 5.34786158823e-05, 4.31098123954e-05, 1.78824047907e-05, 2.27203567071e-09],
        "median": [9.03597901925e-06, 0.000467438308988, 0.000377258140361, 0.000282566645183, 0.000897212536074, 0.000518828688655, 0.000297975697322, 0.000174009444891, 0.000307788839564, 0.000157916176249, 0.000166979240021, 0.000171787745785, 0.000229266355745, 0.000229176992434, 0.000151605156134, 0.000133942405228, 9.16852150112e-05, 0.000131512497319, 9.59775497904e-05, 8.82406893652e-05, 2.4599768949e-05, 1.04502751128e-05, 1.51848407768e-05, 1.7132539142e-05, 1.13814257929e-05, 2.34967342294e-06, 3.00401675757e-10],
        "min": [1.7775224051e-25, 1.04811491413e-24, 7.98626695079e-26, 2.93630989433e-25, 2.37318133992e-24, 2.39510122068e-24, 4.1069629116e-24, 4.53351735799e-24, 1.01650722981e-23, 1.02094315245e-23, 8.12204482698e-24, 1.15531590466e-23, 2.60452809268e-23, 2.54740967221e-23, 2.31476970032e-23, 3.84148344909e-23, 4.20440869041e-23, 8.29684772611e-23, 1.06458104446e-22, 1.20214159937e-22, 1.96573749861e-22, 2.65455380165e-22, 3.93690008832e-22, 4.9266895459e-22, 7.71233486439e-22, 1.17250761664e-21, 1.76593427842e-21],
        "var": [8.71840433181e-10, 3.61032493856e-06, 9.64443097473e-06, 9.0772718977e-06, 1.67037760548e-05, 5.4641323004e-06, 2.65641756414e-06, 4.14280839323e-06, 1.01620671558e-05, 1.11072097297e-06, 6.92896128385e-06, 4.09569474868e-06, 9.28823101276e-06, 1.50592577484e-05, 6.73858176015e-06, 4.12409553974e-06, 2.58061004388e-06, 7.504308428e-07, 3.86732580182e-07, 2.02952321615e-07, 1.80000405692e-08, 1.98500824666e-08, 2.07642028016e-08, 3.83063145648e-08, 8.40369995814e-09, 1.61509694507e-09, 2.88265455453e-16]
    },
    "erbbands": {
        "dmean": [0.0134925721213, 0.210679844022, 1.0484110117, 2.84372806549, 3.92792654037, 7.32334423065, 5.68691921234, 6.98384475708, 6.29265832901, 9.92320251465, 11.8642559052, 17.8086891174, 13.0583543777, 12.7159042358, 25.0101261139, 18.0820789337, 26.6718959808, 35.006401062, 35.5198364258, 20.3934001923, 19.7327213287, 12.1700372696, 9.83294200897, 10.5824460983, 5.98978471756, 5.01979255676, 1.81498396397, 0.982079565525, 0.889211714268, 0.892579734325, 0.816043674946, 0.62049728632, 0.733694434166, 0.420271366835, 0.305113703012, 0.137211024761, 0.027647478506, 0.000743582670111, 2.60658707703e-05, 9.17237684916e-06],
        "dmean2": [0.0223518125713, 0.342222690582, 1.76929163933, 4.92569446564, 6.83345842361, 12.490776062, 9.36819458008, 10.8560724258, 10.0141353607, 15.4636182785, 18.8955249786, 27.3810119629, 20.6945037842, 20.2217445374, 39.7889404297, 28.1015357971, 41.3125572205, 53.6675720215, 54.5170021057, 31.6691684723, 30.3920249939, 18.8283939362, 15.1196651459, 15.97123909, 8.84125709534, 7.54547166824, 2.74629592896, 1.51100969315, 1.33929288387, 1.36322891712, 1.22258090973, 0.919831097126, 1.11660885811, 0.640321671963, 0.487109899521, 0.216853186488, 0.0439732223749, 0.00119132793043, 4.08699634136e-05, 1.43148599818e-05],
        "dvar": [0.000610544055235, 0.191158145666, 7.51041650772, 64.9839859009, 113.044242859, 319.943939209, 126.473022461, 283.861328125, 300.6434021, 693.993652344, 1477.15551758, 2432.16674805, 1351.12451172, 780.065490723, 4540.90087891, 1879.88830566, 4287.51367188, 10181.2529297, 9586.06738281, 3892.67236328, 4967.71289062, 1834.47375488, 550.065429688, 521.062744141, 192.565505981, 153.186660767, 18.5639591217, 13.6225318909, 11.6131782532, 14.5116739273, 10.7203674316, 5.16315746307, 13.3211526871, 1.19432544708, 0.398695021868, 0.0767266079783, 0.00370785198174, 3.15212355417e-06, 2.8424156362e-09, 1.77180270455e-10],
        "dvar2": [0.00157182686962, 0.456748604774, 19.7523841858, 175.276016235, 310.165924072, 852.476013184, 322.084503174, 618.424438477, 749.924377441, 1536.52709961, 3656.78271484, 5534.06298828, 3331.00244141, 1907.17626953, 11656.4287109, 4473.640625, 9835.97363281, 24636.8027344, 22100.0976562, 8577.68261719, 11215.2548828, 4149.29345703, 1199.34106445, 1094.72363281, 373.061248779, 282.906616211, 36.6007499695, 28.6302986145, 24.4807224274, 33.475353241, 23.3080215454, 11.5893478394, 31.1161212921, 2.59770202637, 1.02131175995, 0.193155065179, 0.0089709199965, 7.93351046013e-06, 6.98168989288e-09, 4.31881475027e-10],
        "max": [0.34804341197, 8.04476833344, 49.7272720337, 115.523239136, 221.820785522, 317.920288086, 179.552261353, 564.159912109, 543.87298584, 805.420166016, 1004.5401001, 1091.61975098, 1069.60327148, 674.308105469, 1608.07385254, 1191.23754883, 1588.19311523, 2227.33251953, 2363.69335938, 1635.30322266, 3490.52001953, 1260.85412598, 864.069458008, 641.716552734, 634.937988281, 641.730102539, 142.102249146, 159.383575439, 128.019638062, 161.114059448, 122.388816833, 92.1960525513, 195.2628479, 36.7922019958, 10.4811210632, 4.45866203308, 0.937801063061, 0.0397728942335, 0.000793014885858, 0.000176185101736],
        "mean": [0.0184001214802, 0.306610226631, 1.42554223537, 2.99270033836, 4.31259584427, 9.00540065765, 8.36809921265, 11.3138580322, 9.8199338913, 16.2183742523, 18.9758777618, 31.3885059357, 23.4811420441, 25.2140464783, 44.603225708, 36.0687904358, 58.4097900391, 67.2636795044, 72.0673294067, 38.5682182312, 38.1104774475, 28.7677650452, 22.9067058563, 23.4074459076, 15.2940187454, 11.707367897, 4.08405971527, 1.8860629797, 1.53099298477, 1.54916286469, 1.34480524063, 0.962588846684, 1.00969922543, 0.518262922764, 0.289528429508, 0.123979963362, 0.0239447653294, 0.000641813792754, 3.29042632075e-05, 2.5411027309e-05],
        "median": [0.00843807309866, 0.130214184523, 0.484033823013, 0.906289756298, 1.75253748894, 3.16890382767, 3.87083745003, 4.22456216812, 4.43494987488, 5.38337087631, 5.42093229294, 6.69447851181, 7.37382936478, 8.12901115417, 10.4128990173, 10.2683134079, 12.7972898483, 11.9776916504, 12.1721000671, 9.45446109772, 7.85511064529, 6.05744075775, 7.40825796127, 6.74079322815, 4.85670280457, 4.15021514893, 1.77973282337, 0.664870262146, 0.388708889484, 0.412609100342, 0.419597268105, 0.328590869904, 0.303014606237, 0.158695608377, 0.0600155778229, 0.0202347002923, 0.00200311793014, 5.40356086276e-05, 1.66005211213e-05, 2.18183085963e-05],
        "min": [2.44880127019e-23, 1.43343372351e-22, 8.07950935231e-22, 3.18415724907e-21, 5.63226875191e-21, 9.40664784275e-21, 2.65317454462e-20, 2.63199920562e-20, 6.38617618715e-20, 8.86497152668e-20, 2.04783643759e-19, 2.61605613941e-19, 4.51417585881e-19, 4.61667025755e-19, 6.41503328754e-19, 6.19718596745e-19, 1.12244511035e-18, 1.75568154436e-18, 2.19204227175e-18, 1.96719845123e-18, 2.67660488137e-18, 3.16113481737e-18, 4.16677261605e-18, 5.55992137065e-18, 4.67024105896e-18, 6.69500631774e-18, 8.21768369805e-18, 7.96634238738e-18, 1.00894569395e-17, 9.64235341066e-18, 1.07943016753e-17, 9.68863830184e-18, 8.82057925059e-18, 7.06460219596e-18, 5.50109393984e-18, 3.59413078082e-18, 2.03523322943e-18, 7.95256610787e-19, 2.09829083604e-19, 2.27016180979e-20],
        "var": [0.000860276981257, 0.279233515263, 7.85716342926, 52.8891143799, 85.5405654907, 351.014556885, 182.588531494, 545.282775879, 384.294342041, 1164.91723633, 2114.05297852, 5803.53710938, 2342.25708008, 1971.93481445, 9621.06445312, 4940.58886719, 16051.9169922, 26076.8007812, 31350.4277344, 9083.49121094, 14066.3896484, 8206.70507812, 2437.30200195, 1628.19360352, 653.207458496, 489.790924072, 52.0296592712, 25.6349048615, 22.6310443878, 23.4174175262, 17.6999607086, 8.04811859131, 19.1066436768, 1.84569013119, 0.373727232218, 0.0711735337973, 0.00350353331305, 2.78264565168e-06, 2.88038082275e-09, 4.31827268388e-10]
    },
    "gfcc": {
        "mean": [-128.9737854, 91.4132766724, -127.707008362, 23.698009491, -51.4071960449, 15.9773597717, -42.7624511719, 10.9709892273, -28.2672309875, 0.938658714294, -7.72350788116, -8.13740825653, -5.87915039062],
        "cov": [[114024.835938, 9595.59179688, -13840.4560547, 2561.95800781, -5550.42138672, 1707.0559082, -4716.62109375, 1334.85827637, -3308.25854492, 154.265991211, -876.213806152, -839.551940918, -766.926818848], [9595.59179688, 1806.01330566, -1246.80981445, 276.002807617, -349.904907227, 29.7864151001, -266.970092773, 14.8984661102, -223.213394165, -98.2988586426, 60.2502403259, -228.175323486, 8.18840122223], [-13840.4560547, -1246.80981445, 3142.60961914, -222.020523071, 756.534301758, -112.093444824, 373.91293335, -103.01524353, 210.80519104, 75.0763473511, -137.637268066, 228.633178711, -112.316444397], [2561.95800781, 276.002807617, -222.020523071, 360.557281494, -93.369758606, -27.0097770691, -152.423019409, 20.0007514954, 17.8237915039, -52.1803894043, -24.0385894775, -22.663860321, 31.9915714264], [-5550.42138672, -349.904907227, 756.534301758, -93.369758606, 577.602355957, -48.396697998, 236.178237915, -54.3172988892, 111.458374023, 15.2928619385, 31.9049682617, 22.5096969604, 22.4630508423], [1707.0559082, 29.7864151001, -112.093444824, -27.0097770691, -48.396697998, 261.625671387, -25.1226768494, 2.16221857071, -112.954048157, 58.4273147583, -20.1396350861, -1.52360355854, -60.5085983276], [-4716.62109375, -266.970092773, 373.91293335, -152.423019409, 236.178237915, -25.1226768494, 396.679534912, -57.9343032837, 132.80255127, -23.7567253113, 120.52116394, -30.015171051, 43.2420387268], [1334.85827637, 14.8984661102, -103.01524353, 20.0007514954, -54.3172988892, 2.16221857071, -57.9343032837, 157.722335815, -25.7934017181, 10.405330658, -40.5939369202, 2.95840144157, -20.534822464], [-3308.25854492, -223.213394165, 210.80519104, 17.8237915039, 111.458374023, -112.954048157, 132.80255127, -25.7934017181, 266.106658936, -35.7637710571, 57.5567054749, 12.371711731, 88.5411529541], [154.265991211, -98.2988586426, 75.0763473511, -52.1803894043, 15.2928619385, 58.4273147583, -23.7567253113, 10.405330658, -35.7637710571, 113.286773682, -22.525510788, 38.1577339172, -36.238861084], [-876.213806152, 60.2502403259, -137.637268066, -24.0385894775, 31.9049682617, -20.1396350861, 120.52116394, -40.5939369202, 57.5567054749, -22.525510788, 173.230072021, -35.057975769, 53.5205039978], [-839.551940918, -228.175323486, 228.633178711, -22.663860321, 22.5096969604, -1.52360355854, -30.015171051, 2.95840144157, 12.371711731, 38.1577339172, -35.057975769, 141.681488037, 7.4390630722], [-766.926818848, 8.18840122223, -112.316444397, 31.9915714264, 22.4630508423, -60.5085983276, 43.2420387268, -20.534822464, 88.5411529541, -36.238861084, 53.5205039978, 7.4390630722, 122.156471252]],
        "icov": [[0.000227855853154, -0.00048058090033, 0.000495323445648, -0.00063174276147, 0.000539358879905, -0.000482074276078, 0.000737783848308, -0.000707642291673, 0.000964525155723, -0.000389226392144, 0.000240814857534, -0.000187739060493, 0.000456875306554], [-0.00048058090033, 0.00211962964386, -0.00086719339015, 0.000837052881252, -0.00109195290133, 0.00118632533122, -0.00117197458167, 0.00167337665334, -0.00118384929374, 0.00109465140849, -0.000961009587627, 0.0016352860257, -0.00118696864229], [0.000495323445648, -0.00086719339015, 0.00185583310667, -0.00150901265442, 0.000505912641529, -0.000723499339074, 0.00109289796092, -0.00114615901839, 0.00184403755702, -0.00073290761793, 0.0012002135627, -0.00131455156952, 0.00223865755834], [-0.00063174276147, 0.000837052881252, -0.00150901265442, 0.0060461172834, -0.00160370301455, 0.000829910626635, 3.37217170454e-05, 0.00169031601399, -0.00405310094357, 0.00266567245126, -0.000572624674533, 0.000846309761982, -0.00208711670712], [0.000539358879905, -0.00109195290133, 0.000505912641529, -0.00160370301455, 0.00439999205992, -0.000969650689512, 0.000605586043093, -0.00151324714534, 0.00240017822944, -0.00176867225673, 0.000591242685914, 0.000225419717026, 4.92580547871e-05], [-0.000482074276078, 0.00118632533122, -0.000723499339074, 0.000829910626635, -0.000969650689512, 0.00653441110626, -0.00263947877102, 0.00205669575371, -7.65903969295e-05, -0.00147252634633, -0.000298382306937, 0.000282847235212, 0.000438642891822], [0.000737783848308, -0.00117197458167, 0.00109289796092, 3.37217170454e-05, 0.000605586043093, -0.00263947877102, 0.00894873868674, -0.00224520638585, 0.00152800092474, 0.000279472966213, -0.00251132645644, 0.00167652813252, 0.000716178037692], [-0.000707642291673, 0.00167337665334, -0.00114615901839, 0.00169031601399, -0.00151324714534, 0.00205669575371, -0.00224520638585, 0.00943402945995, -0.00304376496933, 0.000675995775964, 0.000754799169954, 0.000499296467751, -0.000328127702232], [0.000964525155723, -0.00118384929374, 0.00184403755702, -0.00405310094357, 0.00240017822944, -7.65903969295e-05, 0.00152800092474, -0.00304376496933, 0.0117727164179, -0.00187853549141, 0.000361729908036, -0.000143982470036, -0.00188010185957], [-0.000389226392144, 0.00109465140849, -0.00073290761793, 0.00266567245126, -0.00176867225673, -0.00147252634633, 0.000279472966213, 0.000675995775964, -0.00187853549141, 0.0136013599113, -0.0010939311469, -0.0024857246317, 0.00174875895027], [0.000240814857534, -0.000961009587627, 0.0012002135627, -0.000572624674533, 0.000591242685914, -0.000298382306937, -0.00251132645644, 0.000754799169954, 0.000361729908036, -0.0010939311469, 0.0101823331788, 6.53383540339e-05, -0.00146273314022], [-0.000187739060493, 0.0016352860257, -0.00131455156952, 0.000846309761982, 0.000225419717026, 0.000282847235212, 0.00167652813252, 0.000499296467751, -0.000143982470036, -0.0024857246317, 6.53383540339e-05, 0.0120837623253, -0.00452702818438], [0.000456875306554, -0.00118696864229, 0.00223865755834, -0.00208711670712, 4.92580547871e-05, 0.000438642891822, 0.000716178037692, -0.000328127702232, -0.00188010185957, 0.00174875895027, -0.00146273314022, -0.00452702818438, 0.0164366904646]]
    },
    "melbands": {
        "dmean": [0.000171255349414, 0.000441263167886, 0.000500959227793, 0.000402771867812, 0.00022761207947, 0.000152152657392, 9.99067124212e-05, 0.000111323162855, 0.000104223880044, 0.000114046342787, 6.63132086629e-05, 5.02870752825e-05, 9.40251266002e-05, 6.32485098322e-05, 5.4209089285e-05, 6.15643948549e-05, 7.13690023986e-05, 6.89684165991e-05, 3.62545033568e-05, 2.28199423873e-05, 2.5540801289e-05, 1.36861717692e-05, 1.01753194031e-05, 1.14139320431e-05, 9.34026320465e-06, 5.64043330087e-06, 4.66162509838e-06, 3.48781782122e-06, 1.47278319673e-06, 7.39766960578e-07, 5.61085414574e-07, 5.33397439995e-07, 5.52412188881e-07, 5.24340862285e-07, 4.81956249132e-07, 4.86747580908e-07, 3.56251774747e-07, 5.52972892365e-07, 4.85361283609e-07, 3.13197517698e-07],
        "dmean2": [0.000276974751614, 0.000736013636924, 0.000861577689648, 0.0006948117516, 0.000378004013328, 0.000236144740484, 0.000158618888236, 0.000172973348526, 0.000166856349097, 0.000175452572876, 0.000106006424176, 7.99155895947e-05, 0.000150674619363, 9.9862802017e-05, 8.45447357278e-05, 9.5900366432e-05, 0.000108410524263, 0.000105564118712, 5.67025199416e-05, 3.5461045627e-05, 3.98722440877e-05, 2.12343511521e-05, 1.5276891645e-05, 1.78935533768e-05, 1.4102748537e-05, 8.56089809531e-06, 7.02067609382e-06, 5.33031925443e-06, 2.26203883358e-06, 1.15831619496e-06, 8.75947137047e-07, 8.27067708542e-07, 8.59508702433e-07, 8.17183320123e-07, 7.292361488e-07, 7.56341250963e-07, 5.40374571756e-07, 8.52390598993e-07, 7.47419221625e-07, 4.8388704954e-07],
        "dvar": [1.12762094773e-07, 1.14922875127e-06, 2.00625527214e-06, 9.35357036269e-07, 2.27024784749e-07, 1.23456189272e-07, 6.90873704912e-08, 9.23691274579e-08, 1.04088378805e-07, 9.4847962373e-08, 3.42649038032e-08, 1.20048095908e-08, 7.36553005254e-08, 2.97598443666e-08, 1.87343207614e-08, 3.0222160774e-08, 4.12858405241e-08, 3.95397812269e-08, 1.36847679855e-08, 8.44188186022e-09, 9.74366809459e-09, 2.70709699102e-09, 1.20103338386e-09, 7.07650160692e-10, 4.39228792226e-10, 1.82553389072e-10, 1.26051655225e-10, 7.68793778638e-11, 1.19590986419e-11, 5.45729910914e-12, 5.53689472743e-12, 4.04635656578e-12, 6.28941300082e-12, 4.36559425762e-12, 3.52786203028e-12, 4.2376145995e-12, 1.51802301198e-12, 8.27248686219e-12, 3.48142695228e-12, 5.71106096442e-13],
        "dvar2": [2.69828888122e-07, 2.98118084174e-06, 5.39758366358e-06, 2.50841139859e-06, 5.87149884268e-07, 2.68273510073e-07, 1.6678660586e-07, 2.06515196055e-07, 2.58051642277e-07, 2.18541245545e-07, 8.48109849017e-08, 2.86703532026e-08, 1.94309947688e-07, 7.51743272076e-08, 4.17783923012e-08, 7.3562951286e-08, 9.63115098784e-08, 9.29681434059e-08, 3.12314156758e-08, 1.87353883518e-08, 2.19591793638e-08, 5.86552229009e-09, 2.43749664897e-09, 1.63776370243e-09, 9.06067720852e-10, 3.74163949823e-10, 2.51096421433e-10, 1.54347146175e-10, 2.48813417786e-11, 1.19339937238e-11, 1.24086322814e-11, 9.0196660904e-12, 1.43444570458e-11, 1.05035381434e-11, 7.70332582445e-12, 9.72720775455e-12, 3.58082964322e-12, 2.01965649066e-11, 7.34729638241e-12, 1.35004355785e-12],
        "max": [0.00575684662908, 0.0192937143147, 0.0221963431686, 0.0156778953969, 0.00831642001867, 0.0110613387078, 0.00876614358276, 0.00704639498144, 0.00982188433409, 0.00666218344122, 0.00548022054136, 0.00332345673814, 0.00557694025338, 0.00323427747935, 0.00349825201556, 0.00544327218086, 0.00405706837773, 0.00443638768047, 0.00332887843251, 0.00360907358117, 0.00478371838108, 0.00177500827704, 0.00101357384119, 0.000673919508699, 0.000626493478194, 0.000377348100301, 0.000471377017675, 0.000391712470446, 9.63002821663e-05, 9.45590509218e-05, 0.000118593641673, 5.74682999286e-05, 9.89701293292e-05, 7.47122830944e-05, 6.05026943958e-05, 8.8784028776e-05, 6.10824718024e-05, 0.000141612341395, 7.5501127867e-05, 2.76953724097e-05],
        "mean": [0.000240623805439, 0.00064518355066, 0.000554702244699, 0.000476221321151, 0.000332480267389, 0.000248390424531, 0.000158395807375, 0.00017940075486, 0.000167747712112, 0.000199705900741, 0.000114628906886, 9.46286672843e-05, 0.000162023527082, 0.000108928623376, 0.000113141111797, 0.000125172926346, 0.000124899001094, 0.000130763291963, 6.7039836722e-05, 3.78426520911e-05, 4.58385802631e-05, 2.90549851343e-05, 2.1611844204e-05, 2.28166190936e-05, 1.87432669918e-05, 1.2495061128e-05, 1.00853949334e-05, 7.20677735444e-06, 2.88182172881e-06, 1.36876656143e-06, 9.40575432651e-07, 8.37525249153e-07, 8.93369758614e-07, 8.48286674682e-07, 7.75547448484e-07, 7.14479938324e-07, 5.27862937361e-07, 7.45432316762e-07, 6.09821597664e-07, 3.71259687881e-07],
        "median": [0.000103766506072, 0.000263561669271, 0.000186949589988, 0.000186603181646, 0.000149909246829, 9.56333460636e-05, 7.00935561326e-05, 5.62767199881e-05, 3.99396085413e-05, 3.9601844037e-05, 3.16121513606e-05, 3.02709249809e-05, 3.13913042191e-05, 1.79752514669e-05, 2.18035620492e-05, 2.30732366617e-05, 1.73059052031e-05, 1.64102093549e-05, 1.16766805149e-05, 8.42917688715e-06, 8.00591351435e-06, 5.23446533407e-06, 4.74184162158e-06, 6.6506231633e-06, 4.80373728351e-06, 3.46364549841e-06, 3.26493909597e-06, 2.26683391702e-06, 1.05536867068e-06, 4.78441677387e-07, 2.80258547036e-07, 1.94636385231e-07, 1.89615946056e-07, 2.31719795352e-07, 2.29358164461e-07, 2.21269090162e-07, 1.72888462657e-07, 2.14200213122e-07, 1.7605285052e-07, 1.11308594342e-07],
        "min": [2.39894031088e-25, 6.27160098261e-25, 5.15350552733e-25, 7.34701166735e-25, 5.9414863596e-25, 5.81943380035e-25, 9.52008088651e-25, 1.03760413142e-24, 1.56896269338e-24, 1.36139090668e-24, 1.88580946482e-24, 1.47521623834e-24, 1.61477943893e-24, 1.47107984618e-24, 1.85273094935e-24, 1.9504980312e-24, 2.30323186016e-24, 2.80779597261e-24, 1.73949055805e-24, 1.85859218587e-24, 2.89111743357e-24, 2.57470532449e-24, 3.15233610056e-24, 3.37243440679e-24, 3.0077749731e-24, 3.23239700219e-24, 2.79037575446e-24, 4.15271368866e-24, 3.85686560565e-24, 4.23577167007e-24, 3.89027386498e-24, 4.00231814594e-24, 3.69179685566e-24, 4.33962244723e-24, 4.66957811477e-24, 4.89367929845e-24, 5.18588205521e-24, 5.06146567425e-24, 4.8430289063e-24, 5.56185276821e-24],
        "var": [1.66187788864e-07, 1.34018864628e-06, 1.65682138231e-06, 8.60169279804e-07, 3.12354956122e-07, 2.45266278398e-07, 9.37370359111e-08, 1.48895011876e-07, 1.65758251569e-07, 2.2033050584e-07, 5.90685651503e-08, 2.81968564053e-08, 1.5300396683e-07, 7.03512128553e-08, 6.86599292976e-08, 9.34815815867e-08, 9.79443299798e-08, 1.23571822996e-07, 3.74465685127e-08, 1.58214614743e-08, 2.58319392543e-08, 9.80637349102e-09, 5.2140247675e-09, 2.12119988241e-09, 1.22128118729e-09, 5.58559198893e-10, 3.44190009827e-10, 2.16893031313e-10, 2.99975565221e-11, 1.09604304799e-11, 8.68046780289e-12, 6.94792574168e-12, 1.06578383272e-11, 6.38789021679e-12, 5.83322973258e-12, 5.86312855905e-12, 2.28262222492e-12, 1.11332297548e-11, 5.36730338993e-12, 7.72864194518e-13]
    },
    "mfcc": {
        "mean": [-702.532531738, 115.078926086, -16.6988868713, 9.7073841095, 8.08794593811, -2.99159264565, 5.45607233047, -1.7978335619, -7.74080085754, 4.1750793457, -2.79610824585, -2.91904759407, -1.85428118706],
        "cov": [[24540.2617188, 5085.02685547, -1216.46459961, 493.862548828, 259.916870117, -315.51965332, 351.15335083, -53.9947814941, -508.407806396, 315.599914551, -160.840805054, -256.25402832, -74.0873565674], [5085.02685547, 2244.14550781, -148.939605713, 227.437683105, 161.718322754, -18.689912796, 214.583831787, -45.9499969482, -120.512290955, 45.3520507812, 8.06776714325, -33.056854248, -46.5124092102], [-1216.46459961, -148.939605713, 1032.93676758, 83.6470413208, 159.49597168, 77.9057388306, -53.5464744568, -3.09877276421, 40.7217407227, -120.438056946, 8.23882293701, 65.1708602905, -25.7585430145], [493.862548828, 227.437683105, 83.6470413208, 334.099700928, 137.534164429, -48.1673164368, -60.931137085, 10.6333723068, 32.2629737854, -14.3132362366, -65.5869674683, 41.604888916, 17.7060527802], [259.916870117, 161.718322754, 159.49597168, 137.534164429, 299.226989746, 21.2880916595, -10.0005321503, -3.78652000427, 30.8510837555, -17.0186882019, -33.7611732483, 20.4942588806, -0.171785980463], [-315.51965332, -18.689912796, 77.9057388306, -48.1673164368, 21.2880916595, 219.59147644, 61.6827278137, -18.8282241821, -1.05845582485, -30.3977203369, 50.8064422607, -20.5860443115, -14.2573080063], [351.15335083, 214.583831787, -53.5464744568, -60.931137085, -10.0005321503, 61.6827278137, 260.281005859, 6.10840129852, -62.8575286865, 57.0111694336, 48.6150360107, -36.5841255188, -23.7840576172], [-53.9947814941, -45.9499969482, -3.09877276421, 10.6333723068, -3.78652000427, -18.8282241821, 6.10840129852, 89.6659088135, 26.2144737244, 1.98821687698, -2.33976626396, 10.8524150848, 9.00580024719], [-508.407806396, -120.512290955, 40.7217407227, 32.2629737854, 30.8510837555, -1.05845582485, -62.8575286865, 26.2144737244, 123.026527405, -7.36121940613, -15.6095247269, 21.8999862671, 9.25504970551], [315.599914551, 45.3520507812, -120.438056946, -14.3132362366, -17.0186882019, -30.3977203369, 57.0111694336, 1.98821687698, -7.36121940613, 131.229400635, 13.4347524643, -23.1547966003, -5.02826738358], [-160.840805054, 8.06776714325, 8.23882293701, -65.5869674683, -33.7611732483, 50.8064422607, 48.6150360107, -2.33976626396, -15.6095247269, 13.4347524643, 105.380767822, -0.232763364911, -22.3055744171], [-256.25402832, -33.056854248, 65.1708602905, 41.604888916, 20.4942588806, -20.5860443115, -36.5841255188, 10.8524150848, 21.8999862671, -23.1547966003, -0.232763364911, 101.353927612, 25.59998703], [-74.0873565674, -46.5124092102, -25.7585430145, 17.7060527802, -0.171785980463, -14.2573080063, -23.7840576172, 9.00580024719, 9.25504970551, -5.02826738358, -22.3055744171, 25.59998703, 73.8218383789]],
