{
"lowlevel": {
    "average_loudness": 0.822532474995,
    "barkbands_crest": {
        "dmean": 2.63257813454,
        "dmean2": 4.32200670242,
        "dvar": 6.69294309616,
        "dvar2": 16.1281547546,
        "max": 25.5959758759,
        "mean": 9.59290027618,
        "median": 8.42489433289,
        "min": 2.73879790306,
        "var": 17.2158870697
    },
    "barkbands_flatness_db": {
        "dmean": 0.0207574032247,
        "dmean2": 0.0337340719998,
        "dvar": 0.000350389396772,
        "dvar2": 0.000871179625392,
        "max": 0.375004678965,
        "mean": 0.185426652431,
        "median": 0.188400954008,
        "min": 0.0545252934098,
        "var": 0.00270350789651
    },
    "barkbands_kurtosis": {
        "dmean": 2.39960575104,
        "dmean2": 3.81935429573,
        "dvar": 15.426987648,
        "dvar2": 36.6020584106,
        "max": 112.41280365,
        "mean": 3.91885900497,
        "median": 2.4949657917,
        "min": -1.88783740997,
        "var": 39.1728668213
    },
    "barkbands_skewness": {
        "dmean": 0.473993003368,
        "dmean2": 0.736283838749,
        "dvar": 0.236708179116,
        "dvar2": 0.534856140614,
        "max": 9.22066497803,
        "mean": 1.0083258152,
        "median": 1.12846064568,
        "min": -2.67119431496,
        "var": 2.09255337715
    },
    "barkbands_spread": {
        "dmean": 4.30770015717,
        "dmean2": 6.73323965073,
        "dvar": 25.2208976746,
        "dvar2": 53.3829269409,
        "max": 84.2374801636,
        "mean": 17.5053443909,
        "median": 15.5996570587,
        "min": 1.1328856945,
        "var": 100.366317749
    },
    "dissonance": {
        "dmean": 0.0207889229059,
        "dmean2": 0.0349314920604,
        "dvar": 0.000434847403085,
        "dvar2": 0.00118384009693,
        "max": 0.500000119209,
        "mean": 0.46290704608,
        "median": 0.469803154469,
        "min": 0.281322181225,
        "var": 0.000920951657463
    },
    "dynamic_complexity": 3.68902206421,
    "erbbands_crest": {
        "dmean": 2.91493797302,
        "dmean2": 4.71370887756,
        "dvar": 9.0498046875,
        "dvar2": 21.0141811371,
        "max": 32.5112724304,
        "mean": 9.79832553864,
        "median": 8.42331695557,
        "min": 2.53096461296,
        "var": 29.8355102539
    },
    "erbbands_flatness_db": {
        "dmean": 0.0165913999081,
        "dmean2": 0.0257600955665,
        "dvar": 0.000245730625466,
        "dvar2": 0.000546255672816,
        "max": 0.442929893732,
        "mean": 0.219415709376,
        "median": 0.225236147642,
        "min": 0.0812505707145,
        "var": 0.00281534763053
    },
    "erbbands_kurtosis": {
        "dmean": 1.14954078197,
        "dmean2": 1.82828962803,
        "dvar": 3.15406656265,
        "dvar2": 7.05989408493,
        "max": 40.6794433594,
        "mean": 0.827713429928,
        "median": 0.0855768918991,
        "min": -1.84967243671,
        "var": 7.85671901703
    },
    "erbbands_skewness": {
        "dmean": 0.408216327429,
        "dmean2": 0.628823816776,
        "dvar": 0.163216739893,
        "dvar2": 0.350795179605,
        "max": 5.50865077972,
        "mean": 0.387208908796,
        "median": 0.340431720018,
        "min": -3.46720743179,
        "var": 0.865278124809
    },
    "erbbands_spread": {
        "dmean": 6.56256103516,
        "dmean2": 10.2490329742,
        "dvar": 47.2064247131,
        "dvar2": 109.332328796,
        "max": 109.319526672,
        "mean": 31.9808273315,
        "median": 31.7867069244,
        "min": 1.88222157955,
        "var": 197.9271698
    },
    "hfc": {
        "dmean": 5.58891534805,
        "dmean2": 8.14493465424,
        "dvar": 75.4622192383,
        "dvar2": 152.586807251,
        "max": 140.881088257,
        "mean": 15.442237854,
        "median": 8.03053951263,
        "min": 1.02256292317e-16,
        "var": 313.344329834
    },
    "melbands_crest": {
        "dmean": 2.97198581696,
        "dmean2": 4.86966562271,
        "dvar": 8.18912887573,
        "dvar2": 20.1761493683,
        "max": 30.9691295624,
        "mean": 11.1380615234,
        "median": 10.6639251709,
        "min": 1.47496449947,
        "var": 28.6466770172
    },
    "melbands_flatness_db": {
        "dmean": 0.0228990484029,
        "dmean2": 0.0349818058312,
        "dvar": 0.000541542074643,
        "dvar2": 0.0011827305425,
        "max": 0.487763494253,
        "mean": 0.20156493783,
        "median": 0.211163520813,
        "min": 0.00276975473389,
        "var": 0.00759295141324
    },
    "melbands_kurtosis": {
        "dmean": 4.44741773605,
        "dmean2": 7.06866073608,
        "dvar": 59.2620811462,
        "dvar2": 145.090713501,
        "max": 229.260116577,
        "mean": 8.5140247345,
        "median": 4.88914871216,
        "min": -1.78624069691,
        "var": 155.429641724
    },
    "melbands_skewness": {
        "dmean": 0.572185635567,
        "dmean2": 0.892170786858,
        "dvar": 0.348694264889,
        "dvar2": 0.807898342609,
        "max": 12.0411529541,
        "mean": 1.84318780899,
        "median": 1.78723061085,
        "min": -2.02975606918,
        "var": 2.03702163696
    },
    "melbands_spread": {
        "dmean": 6.8232588768,
        "dmean2": 10.7538471222,
        "dvar": 69.2320709229,
        "dvar2": 160.374053955,
        "max": 181.777801514,
        "mean": 32.5299072266,
        "median": 19.2842712402,
        "min": 1.27775382996,
        "var": 1343.8326416
    },
    "pitch_salience": {
        "dmean": 0.0669011846185,
        "dmean2": 0.109324410558,
        "dvar": 0.0040535912849,
        "dvar2": 0.0101052010432,
        "max": 0.988899707794,
        "mean": 0.61353635788,
        "median": 0.621401667595,
        "min": 0.122190207243,
        "var": 0.0160926748067
    },
    "silence_rate_20dB": {
        "dmean": 0,
        "dmean2": 0,
        "dvar": 0,
        "dvar2": 0,
        "max": 1,
        "mean": 1,
        "median": 1,
        "min": 1,
        "var": 0
    },
    "silence_rate_30dB": {
        "dmean": 0.000444296339992,
        "dmean2": 0.000888691400178,
        "dvar": 0.000444128731033,
        "dvar2": 0.00133236614056,
        "max": 1,
        "mean": 0.999777853489,
        "median": 1,
        "min": 0,
        "var": 0.000222066781134
    },
    "silence_rate_60dB": {
        "dmean": 0.0206597801298,
        "dmean2": 0.0413241498172,
        "dvar": 0.0202333182096,
        "dvar2": 0.0493932887912,
        "max": 1,
        "mean": 0.186361610889,
        "median": 0,
        "min": 0,
        "var": 0.151628091931
    },
    "spectral_centroid": {
        "dmean": 233.292816162,
        "dmean2": 363.112365723,
        "dvar": 75487.578125,
        "dvar2": 161851.796875,
        "max": 11909.0244141,
        "mean": 2177.4909668,
        "median": 1141.91113281,
        "min": 231.489242554,
        "var": 9205281
    },
    "spectral_complexity": {
        "dmean": 2.5649228096,
        "dmean2": 4.00155544281,
        "dvar": 8.00993442535,
        "dvar2": 17.1608562469,
        "max": 48,
        "mean": 13.8450689316,
        "median": 14,
        "min": 0,
        "var": 71.3223800659
    },
    "spectral_decrease": {
        "dmean": 1.84345494425e-09,
        "dmean2": 2.83045276106e-09,
        "dvar": 6.66770728958e-18,
        "dvar2": 1.51138239448e-17,
        "max": 2.01522628811e-28,
        "mean": -4.76714046016e-09,
        "median": -3.71138941802e-09,
        "min": -2.98537301546e-08,
        "var": 1.91723078653e-17
    },
    "spectral_energy": {
        "dmean": 0.00738851586357,
        "dmean2": 0.0113112544641,
        "dvar": 0.000106277439045,
        "dvar2": 0.000238758279011,
        "max": 0.119839519262,
        "mean": 0.0193929914385,
        "median": 0.0149205103517,
        "min": 9.66235731975e-21,
        "var": 0.000318275560858
    },
    "spectral_energyband_high": {
        "dmean": 0.000162173804711,
        "dmean2": 0.00023354953737,
        "dvar": 1.51597419062e-07,
        "dvar2": 3.00394844999e-07,
        "max": 0.01045640558,
        "mean": 0.000338491547154,
        "median": 0.000112413938041,
        "min": 6.71936502256e-21,
        "var": 4.13610678152e-07
    },
    "spectral_energyband_low": {
        "dmean": 0.00174926698674,
        "dmean2": 0.00290385540575,
        "dvar": 1.4303322132e-05,
        "dvar2": 3.66914391634e-05,
        "max": 0.0662691220641,
        "mean": 0.00307811424136,
        "median": 0.00171331129968,
        "min": 1.00631088706e-23,
        "var": 1.91040799109e-05
    },
    "spectral_energyband_middle_high": {
        "dmean": 0.00229158531874,
        "dmean2": 0.00339483073913,
        "dvar": 2.22675316763e-05,
        "dvar2": 4.53488137282e-05,
        "max": 0.0978410691023,
        "mean": 0.00544480374083,
        "median": 0.00179888587445,
        "min": 1.12087446158e-21,
        "var": 7.94678853708e-05
    },
    "spectral_energyband_middle_low": {
        "dmean": 0.0054556443356,
        "dmean2": 0.00857630092651,
        "dvar": 7.34613568056e-05,
        "dvar2": 0.000169111328432,
        "max": 0.116667233407,
        "mean": 0.0113854119554,
        "median": 0.00774261215702,
        "min": 9.38170754454e-23,
        "var": 0.000165674253367
    },
    "spectral_entropy": {
        "dmean": 0.146477565169,
        "dmean2": 0.225535824895,
        "dvar": 0.0232038609684,
        "dvar2": 0.0513880513608,
        "max": 9.83252620697,
        "mean": 7.52265071869,
        "median": 7.32780456543,
        "min": 5.55206871033,
        "var": 0.705896735191
    },
    "spectral_flux": {
        "dmean": 0.0220728125423,
        "dmean2": 0.0353776961565,
        "dvar": 0.000717201502994,
        "dvar2": 0.00168856279925,
        "max": 0.307917386293,
        "mean": 0.0735916271806,
        "median": 0.0678319185972,
        "min": 6.23731899463e-11,
        "var": 0.00255072675645
    },
    "spectral_kurtosis": {
        "dmean": 2.67735219002,
        "dmean2": 4.7256603241,
        "dvar": 9.61912822723,
        "dvar2": 28.0984668732,
        "max": 45.3747825623,
        "mean": 3.73026013374,
        "median": 2.89312291145,
        "min": -1.27960121632,
        "var": 17.4335365295
    },
    "spectral_rms": {
        "dmean": 0.000728221260943,
        "dmean2": 0.00109360332135,
        "dvar": 7.45945271774e-07,
        "dvar2": 1.58588466093e-06,
        "max": 0.010812798515,
        "mean": 0.00376473553479,
        "median": 0.00381531054154,
        "min": 3.07029141694e-12,
        "var": 4.7468251978e-06
    },
    "spectral_rolloff": {
        "dmean": 342.40133667,
        "dmean2": 574.765991211,
        "dvar": 351406.8125,
        "dvar2": 744969.1875,
        "max": 19702.8808594,
        "mean": 3062.84106445,
        "median": 1184.32617188,
        "min": 107.666015625,
        "var": 29081094
    },
    "spectral_skewness": {
        "dmean": 0.293435811996,
        "dmean2": 0.49441203475,
        "dvar": 0.0863846093416,
        "dvar2": 0.237142130733,
        "max": 5.17352771759,
        "mean": 1.19411933422,
        "median": 1.21028161049,
        "min": -0.438836038113,
        "var": 0.405996501446
    },
    "spectral_spread": {
        "dmean": 388133.71875,
        "dmean2": 626465.5625,
        "dvar": 378844839936,
        "dvar2": 841479290880,
        "max": 43321132,
        "mean": 6900860.5,
        "median": 3041414.5,
        "min": 1205260.625,
        "var": 1.29725519364e+14
    },
    "spectral_strongpeak": {
        "dmean": 0.694482147694,
        "dmean2": 1.11468791962,
        "dvar": 1.37339699268,
        "dvar2": 3.23700976372,
        "max": 16.2890090942,
        "mean": 1.2525292635,
        "median": 0.490762412548,
        "min": 0,
        "var": 3.47264289856
    },
    "zerocrossingrate": {
        "dmean": 0.00747911492363,
        "dmean2": 0.00953309237957,
        "dvar": 0.000104493199615,
        "dvar2": 0.00014475248463,
        "max": 0.771484375,
        "mean": 0.0961767658591,
        "median": 0.048828125,
        "min": 0.00537109375,
        "var": 0.0195532813668
    },
    "barkbands": {
        "dmean": [6.39716890873e-05, 0.000899568374734, 0.000814078899566, 0.00062954419991, 0.00222863536328, 0.00169255281799, 0.00101654219907, 0.000585885543842, 0.00124383973889, 0.000790742866229, 0.000293136748951, 0.000332349707605, 0.000506819400471, 0.000628695765045, 0.000436970905866, 0.000266761519015, 0.00022374735272, 0.000185482305824, 0.000161591247888, 5.00659371028e-05, 6.85863997205e-05, 6.69783185003e-05, 3.60452831956e-05, 6.39530162516e-06, 1.53887526722e-07, 9.72451896786e-10, 7.90805143591e-10],
        "dmean2": [0.000103233054688, 0.00151072011795, 0.00139857910108, 0.00107799319085, 0.00370718771592, 0.00267232093029, 0.00167352077551, 0.000890849740244, 0.00186570291407, 0.00116135692224, 0.000455677771242, 0.000527079275344, 0.000796811887994, 0.000960662669968, 0.000681657285895, 0.000434033223428, 0.000347205146682, 0.000287762202788, 0.000247387040872, 7.7745760791e-05, 0.000103741105704, 0.000101554040157, 5.47898489458e-05, 9.85820224741e-06, 2.57063192066e-07, 1.67719305111e-09, 1.45870437951e-09],
        "dvar": [1.86500770383e-08, 4.19246453021e-06, 3.62331047654e-06, 1.60241518188e-06, 2.02161445486e-05, 1.5997873561e-05, 1.10299424705e-05, 5.13913710165e-06, 1.78642494575e-05, 9.44254588831e-06, 1.29547026972e-06, 1.76699995791e-06, 3.90163540942e-06, 4.94837013321e-06, 3.24659208673e-06, 7.23546804693e-07, 3.72377826352e-07, 2.99028471318e-07, 1.61322461167e-07, 1.57834509906e-08, 2.74557798718e-08, 3.20412425481e-08, 1.96912441908e-08, 5.35914868038e-10, 3.15470224813e-13, 2.67332345588e-18, 1.80787167793e-18],
        "dvar2": [4.12014173889e-08, 1.1006251043e-05, 1.00798488347e-05, 4.41676593255e-06, 5.15624196851e-05, 3.46654996974e-05, 2.61235127255e-05, 9.86220948107e-06, 3.70759553334e-05, 1.73347325472e-05, 3.05484923047e-06, 4.30308500654e-06, 8.76506055647e-06, 1.04108112282e-05, 7.47653757571e-06, 1.81362338481e-06, 7.95135917997e-07, 6.72072530961e-07, 3.51645098817e-07, 3.54918263668e-08, 6.09669612572e-08, 7.08266014726e-08, 4.41388401384e-08, 1.20834675599e-09, 7.89909424762e-13, 6.94479418322e-18, 5.71081152208e-18],
        "max": [0.00218920293264, 0.0311939008534, 0.0310342460871, 0.0186662301421, 0.0834451839328, 0.0736280679703, 0.0919724702835, 0.0867614001036, 0.105123281479, 0.0971606597304, 0.0276460312307, 0.0405611246824, 0.0450321286917, 0.0590804442763, 0.0667354986072, 0.0186975356191, 0.0242338944227, 0.0162599869072, 0.0150583796203, 0.00274838157929, 0.00348157272674, 0.00500531308353, 0.00542637938634, 0.000837720988784, 1.59745559358e-05, 2.94564337366e-08, 1.66229110476e-08],
        "mean": [7.79867332312e-05, 0.0013512102887, 0.00114701665007, 0.000834773178212, 0.00333437533118, 0.0026439530775, 0.00132040854078, 0.000749687955249, 0.00184627063572, 0.00122743693646, 0.000429244071711, 0.000453437882243, 0.000702071585692, 0.00102077925112, 0.000578997889534, 0.000375580159016, 0.000341933133313, 0.000298083643429, 0.000275419763057, 8.61026710481e-05, 0.000114256305096, 0.000115964488941, 5.837167555e-05, 9.45204646996e-06, 1.66825486758e-07, 1.02376529476e-09, 6.53088749747e-10],
        "median": [2.31934609474e-05, 0.000714828725904, 0.000462018302642, 0.000334368349286, 0.00182521995157, 0.00112403463572, 0.000468938203994, 0.000159963150509, 0.000243391739787, 0.000210532394703, 7.67471647123e-05, 9.40183308558e-05, 7.6605429058e-05, 0.000103231097455, 9.75532384473e-05, 0.000100627083157, 0.000101036624983, 7.71462800913e-05, 7.05958882463e-05, 2.62682569883e-05, 2.84289671981e-05, 2.74478861684e-05, 1.59698774951e-05, 2.45601449933e-06, 2.57698644646e-08, 2.78068235104e-10, 1.89420021335e-10],
        "min": [4.16412308254e-26, 1.76573655201e-24, 3.59436287032e-25, 5.36902972221e-25, 3.87471792236e-24, 3.07154510817e-24, 4.33215587877e-24, 2.96352756771e-24, 9.87736841504e-24, 6.81210579512e-24, 3.16476125147e-24, 1.77211133698e-23, 1.07528809575e-23, 2.47421300431e-23, 3.04055423419e-23, 3.93932712934e-23, 4.20880201456e-23, 7.33245517205e-23, 9.35943389911e-23, 1.193829656e-22, 2.06043842012e-22, 2.77332066057e-22, 3.57566439773e-22, 4.96635372465e-22, 8.3702751516e-22, 1.24951275984e-21, 1.84293639239e-21],
        "var": [2.67535984477e-08, 4.82207587993e-06, 3.60245303455e-06, 2.09017002817e-06, 2.73480090982e-05, 2.8752052458e-05, 1.54036624735e-05, 8.41844303068e-06, 3.83969018003e-05, 2.19532612391e-05, 2.45977230406e-06, 2.61579680227e-06, 6.84173664922e-06, 1.4377910702e-05, 4.3233649194e-06, 8.72208943292e-07, 6.86133205363e-07, 5.80192079269e-07, 3.84143106658e-07, 3.3005232325e-08, 5.73174929741e-08, 7.01620450627e-08, 3.47667601375e-08, 9.89810677865e-10, 3.90585106575e-13, 3.94698038753e-18, 1.45781525335e-18]
    },
    "erbbands": {
        "dmean": [0.0246878527105, 0.220507130027, 0.762987017632, 1.76571631432, 2.73610663414, 10.8466854095, 10.6541013718, 16.1095676422, 13.6775627136, 11.8548250198, 18.1910934448, 26.9297637939, 30.927947998, 12.5030879974, 10.8078546524, 12.5308408737, 18.5329475403, 28.4794883728, 27.2737541199, 16.297077179, 12.6926345825, 12.2078104019, 9.56823444366, 9.9864730835, 5.27028417587, 2.23731303215, 2.09784698486, 3.17684102058, 2.2899184227, 1.78080260754, 0.844449400902, 0.223661452532, 0.069697342813, 0.00535975350067, 0.000186224351637, 1.98897887458e-05, 6.43412658974e-06, 2.08958385883e-06, 3.99182408728e-06, 8.62062279339e-06],
        "dmean2": [0.0411003045738, 0.3733715415, 1.29832041264, 3.04732680321, 4.51226139069, 18.2423801422, 17.2762832642, 25.2668399811, 22.5808677673, 19.1913833618, 26.8655815125, 39.9990119934, 45.6617965698, 18.7787837982, 17.1942806244, 19.5803527832, 28.4389324188, 43.3236656189, 40.8362388611, 25.811384201, 20.3988742828, 18.7902297974, 14.6817932129, 15.1995601654, 8.08895778656, 3.42422652245, 3.1743221283, 4.85609340668, 3.43252706528, 2.74197387695, 1.28420376778, 0.341787397861, 0.108804613352, 0.00854978524148, 0.000290267693345, 2.92041077046e-05, 9.33595583774e-06, 3.01907721223e-06, 5.98814540353e-06, 1.31244514705e-05],
        "dvar": [0.00339299580082, 0.260298281908, 3.21451497078, 14.6699819565, 16.7656574249, 573.960693359, 441.640411377, 1695.44689941, 1481.7845459, 2374.56323242, 4469.23291016, 9347.32617188, 14485.9501953, 1593.39013672, 1486.63928223, 2600.73510742, 4721.92285156, 8948.24707031, 10100.2958984, 4162.38769531, 1511.28735352, 1257.15319824, 785.150634766, 749.676452637, 175.68145752, 27.1184635162, 28.1505279541, 65.4085235596, 33.1439743042, 39.5113868713, 9.71611213684, 0.572237253189, 0.0826564133167, 0.000487423443701, 5.48654725208e-07, 3.43092798616e-09, 1.80577552911e-10, 1.9901885695e-11, 3.00186993318e-11, 1.42455713892e-10],
        "dvar2": [0.00853529106826, 0.689647912979, 8.80003452301, 41.1572265625, 44.3917236328, 1480.79284668, 1033.57824707, 3676.4309082, 3619.90698242, 5419.06396484, 8440.82617188, 18942.4003906, 28282.6132812, 3517.11328125, 3780.98828125, 6185.73242188, 10376.3935547, 20060.6523438, 22187.3613281, 9864.97460938, 3691.94116211, 2689.34326172, 1724.47155762, 1683.31860352, 391.874511719, 60.0730476379, 59.6804199219, 151.616546631, 68.7066040039, 93.5692596436, 19.8416957855, 1.18152320385, 0.19663003087, 0.00117057038005, 1.27903763314e-06, 7.41559746942e-09, 3.57660068229e-10, 3.87453784334e-11, 6.40455327661e-11, 3.15049264454e-10],
        "max": [1.01673865318, 7.62650346756, 32.6635475159, 58.4095306396, 64.8115310669, 376.118591309, 332.599945068, 916.216796875, 1137.86621094, 1279.66760254, 2394.67797852, 2509.39550781, 3327.78100586, 1066.23693848, 1109.93933105, 1777.28320312, 1643.79882812, 2437.87304688, 3556.63745117, 4015.47973633, 1216.5982666, 1384.95092773, 1073.8848877, 904.061828613, 338.078521729, 116.997558594, 141.145095825, 192.011871338, 180.143203735, 213.17401123, 122.317550659, 29.7067546844, 12.7767467499, 0.859118878841, 0.027107289061, 0.00208927853964, 0.0003878462594, 0.000125562801259, 6.35297037661e-05, 0.000137928829645],
        "mean": [0.0364864096045, 0.314668029547, 1.14200854301, 2.48287343979, 4.3684887886, 14.6477518082, 16.4920139313, 24.3917961121, 19.1312389374, 15.7075538635, 26.3542804718, 40.6933441162, 47.0148086548, 20.8399391174, 16.9005241394, 18.8714885712, 29.1946296692, 47.8877449036, 42.0074768066, 24.7153739929, 19.9804439545, 19.6297950745, 16.8425712585, 17.0387115479, 9.30089759827, 4.09965658188, 3.55279374123, 5.4617972374, 4.13196134567, 2.93979239464, 1.41545760632, 0.358425587416, 0.101179867983, 0.00771761406213, 0.000310146453558, 4.53061693406e-05, 1.61827592819e-05, 5.19140303368e-06, 1.11263507279e-05, 2.31787817029e-05],
        "median": [0.0175912939012, 0.164311349392, 0.523430109024, 1.06066524982, 2.7932009697, 6.89539337158, 8.39580345154, 9.20556640625, 8.23133277893, 4.74203777313, 5.3090801239, 6.15121173859, 8.19728851318, 5.07942676544, 3.57297444344, 4.57530498505, 4.10985851288, 5.79902839661, 5.74561500549, 6.35288715363, 6.43726921082, 5.95214557648, 4.97581386566, 4.13225746155, 2.71106266975, 1.40880942345, 1.14135670662, 1.10033714771, 0.956774890423, 0.804675519466, 0.403164803982, 0.10571347177, 0.0236237868667, 0.00193001539446, 0.000103723752545, 2.26682059292e-05, 9.17072884477e-06, 2.48898822974e-06, 8.14196027932e-06, 1.75152235897e-05],
        "min": [3.2617798621e-23, 2.74224963833e-22, 1.23594889611e-21, 3.73228779535e-21, 6.60063108123e-21, 8.55444663226e-21, 2.24355373593e-20, 3.88645027006e-20, 7.33909148398e-20, 7.56638843785e-20, 1.75615368355e-19, 3.00824418132e-19, 2.61921002399e-19, 4.8075633804e-19, 5.59298584768e-19, 9.93062895607e-19, 8.75964209564e-19, 1.286074567e-18, 1.70507732282e-18, 2.27994882339e-18, 2.79753289667e-18, 3.46820597424e-18, 4.32571909306e-18, 4.75697797722e-18, 5.10014667564e-18, 6.91257591195e-18, 7.11691888816e-18, 8.13119948347e-18, 9.13556218323e-18, 9.04991424824e-18, 9.35581556493e-18, 9.77400003233e-18, 8.53922203704e-18, 7.31032364154e-18, 5.61529863111e-18, 3.7543544247e-18, 2.1039990285e-18, 8.80044588128e-19, 2.27161011904e-19, 2.39186479638e-20],
        "var": [0.00428184960037, 0.269105643034, 3.31582164764, 17.071975708, 27.8453731537, 692.191589355, 736.14654541, 2926.85668945, 2018.6763916, 3348.93969727, 9170.94921875, 19404.8828125, 30303.0078125, 3660.37255859, 2471.36914062, 4159.55175781, 9725.76367188, 24143.6757812, 17290.1367188, 5769.01171875, 2012.50439453, 2332.76977539, 1655.78735352, 1584.63903809, 410.673583984, 64.3435516357, 58.8671226501, 134.438278198, 77.9489059448, 63.0727462769, 20.1134967804, 1.14061427116, 0.140146747231, 0.000832001445815, 9.85610313364e-07, 7.72033281748e-09, 5.13848352757e-10, 5.94212595795e-11, 1.07118834636e-10, 4.55864013205e-10]
    },
    "gfcc": {
        "mean": [-176.937347412, 142.440917969, -151.86164856, 50.0788497925, -60.779083252, -3.48657083511, -19.5189380646, -22.7177200317, 8.83442020416, -23.627904892, 3.72437977791, -10.1366462708, 0.912474453449],
        "cov": [[111198.453125, 15730.9443359, -16822.1894531, 6020.84521484, -6850.79638672, -314.693115234, -2305.00415039, -2647.56787109, 979.402526855, -2723.16430664, 444.07611084, -1152.27124023, 36.259021759], [15730.9443359, 3297.43701172, -1944.31652832, 875.227905273, -764.80255127, -272.732421875, -226.928131104, -454.037780762, 133.457229614, -413.867401123, 76.8529663086, -157.366317749, -26.6127300262], [-16822.1894531, -1944.31652832, 3437.00927734, -589.283691406, 1108.19287109, -52.6144485474, 335.391815186, 355.741821289, -167.610122681, 396.890655518, -49.2491226196, 208.779418945, -19.3230438232], [6020.84521484, 875.227905273, -589.283691406, 655.797668457, -316.324493408, -57.2303581238, -180.012985229, -145.04486084, 58.237651825, -144.27381897, 35.1734962463, -50.4459228516, 3.9860188961], [-6850.79638672, -764.80255127, 1108.19287109, -316.324493408, 675.234069824, -11.6683683395, 155.066177368, 139.523666382, -62.7359199524, 180.923629761, -25.3308620453, 63.0554466248, -37.1999435425], [-314.693115234, -272.732421875, -52.6144485474, -57.2303581238, -11.6683683395, 224.889572144, 49.1648445129, 4.22751092911, -21.3237228394, 22.7952251434, 5.85150051117, -4.98779392242, 10.7248096466], [-2305.00415039, -226.928131104, 335.391815186, -180.012985229, 155.066177368, 49.1648445129, 215.523651123, 60.8483924866, -59.1559066772, 54.8793907166, -26.3924694061, 30.4046192169, -4.08305454254], [-2647.56787109, -454.037780762, 355.741821289, -145.04486084, 139.523666382, 4.22751092911, 60.8483924866, 195.892578125, 9.13539886475, 40.4694213867, -6.23143196106, 1.47624993324, 1.67274057865], [979.402526855, 133.457229614, -167.610122681, 58.237651825, -62.7359199524, -21.3237228394, -59.1559066772, 9.13539886475, 127.903167725, 2.36783671379, -25.1014862061, -9.79096126556, -6.07193231583], [-2723.16430664, -413.867401123, 396.890655518, -144.27381897, 180.923629761, 22.7952251434, 54.8793907166, 40.4694213867, 2.36783671379, 143.602081299, 3.5983543396, 29.8925457001, -0.98283135891], [444.07611084, 76.8529663086, -49.2491226196, 35.1734962463, -25.3308620453, 5.85150051117, -26.3924694061, -6.23143196106, -25.1014862061, 3.5983543396, 88.9029388428, 10.7999925613, -2.87992620468], [-1152.27124023, -157.366317749, 208.779418945, -50.4459228516, 63.0554466248, -4.98779392242, 30.4046192169, 1.47624993324, -9.79096126556, 29.8925457001, 10.7999925613, 90.7841033936, 19.3180122375], [36.259021759, -26.6127300262, -19.3230438232, 3.9860188961, -37.1999435425, 10.7248096466, -4.08305454254, 1.67274057865, -6.07193231583, -0.98283135891, -2.87992620468, 19.3180122375, 64.1555709839]],
        "icov": [[0.000337891950039, -0.000713539484423, 0.000779477821197, -0.00100496911909, 0.000779536261689, -0.000551251636352, 0.000435949943494, 4.10742359236e-05, 0.000176398723852, 0.000144526115037, 0.000228914868785, -0.000171708321432, 0.000461976509541], [-0.000713539484423, 0.00333836954087, -0.00159983115736, 0.00147562846541, -0.00202022329904, 0.00325451325625, -0.00396027229726, 0.00393885420635, -0.00411828095093, 0.00388403469697, -0.0042880945839, 0.00336995790713, -0.0023931497708], [0.000779477821197, -0.00159983115736, 0.00271562486887, -0.00265475409105, 0.00103656062856, -0.000942036567722, 0.00108484143857, -0.000947764259763, 0.00162295589689, -0.00100691639818, 0.00140770117287, -0.00168708071578, 0.0014403272653], [-0.00100496911909, 0.00147562846541, -0.00265475409105, 0.00604959158227, -0.00182038370986, 0.00110591831617, 0.000420436350396, 0.000214679428609, -0.000822357542347, 0.000394643750042, -0.000950608344283, 0.000670215056743, -0.00153086823411], [0.000779536261689, -0.00202022329904, 0.00103656062856, -0.00182038370986, 0.0059144673869, -0.00132580916397, 0.00150497315917, -0.00148797291331, 0.00238222256303, -0.00288759707473, 0.0023549858015, -0.00151844020002, 0.00367652578279], [-0.000551251636352, 0.00325451325625, -0.000942036567722, 0.00110591831617, -0.00132580916397, 0.00843394454569, -0.00546565232798, 0.00446457136422, -0.00387880182825, 0.00304894382134, -0.00512414611876, 0.00444058887661, -0.00322130625136], [0.000435949943494, -0.00396027229726, 0.00108484143857, 0.000420436350396, 0.00150497315917, -0.00546565232798, 0.0140204792842, -0.00866517890245, 0.0108162174001, -0.00843492150307, 0.0105402003974, -0.00787894427776, 0.00505607761443], [4.10742359236e-05, 0.00393885420635, -0.000947764259763, 0.000214679428609, -0.00148797291331, 0.00446457136422, -0.00866517890245, 0.0179141312838, -0.0130901923403, 0.0126441456378, -0.0119587415829, 0.0106863221154, -0.00611560046673], [0.000176398723852, -0.00411828095093, 0.00162295589689, -0.000822357542347, 0.00238222256303, -0.00387880182825, 0.0108162174001, -0.0130901923403, 0.0226402953267, -0.0152197824791, 0.0156436879188, -0.0103760557249, 0.00752749247476], [0.000144526115037, 0.00388403469697, -0.00100691639818, 0.000394643750042, -0.00288759707473, 0.00304894382134, -0.00843492150307, 0.0126441456378, -0.0152197824791, 0.0256203431636, -0.0140382340178, 0.00880146026611, -0.00617721211165], [0.000228914868785, -0.0042880945839, 0.00140770117287, -0.000950608344283, 0.0023549858015, -0.00512414611876, 0.0105402003974, -0.0119587415829, 0.0156436879188, -0.0140382340178, 0.0249417349696, -0.0118489582092, 0.00773263862357], [-0.000171708321432, 0.00336995790713, -0.00168708071578, 0.000670215056743, -0.00151844020002, 0.00444058887661, -0.00787894427776, 0.0106863221154, -0.0103760557249, 0.00880146026611, -0.0118489582092, 0.0221056491137, -0.00949303247035], [0.000461976509541, -0.0023931497708, 0.0014403272653, -0.00153086823411, 0.00367652578279, -0.00322130625136, 0.00505607761443, -0.00611560046673, 0.00752749247476, -0.00617721211165, 0.00773263862357, -0.00949303247035, 0.0218371413648]]
    },
    "melbands": {
        "dmean": [0.000231795551372, 0.00035170983756, 0.000290528027108, 0.000469581311336, 0.000412892608438, 0.000344007712556, 0.000206682103453, 0.000117289455375, 0.000175830296939, 0.000166436817381, 0.000154983557877, 5.47255913261e-05, 3.89861888834e-05, 3.26149529428e-05, 3.89867054764e-05, 5.18580709468e-05, 5.92423093622e-05, 5.11549005751e-05, 2.9609323974e-05, 2.13348685065e-05, 1.47583778016e-05, 1.38492532642e-05, 1.05479102785e-05, 8.94555159903e-06, 9.03705495148e-06, 5.41726330994e-06, 2.47671027864e-06, 1.44056718909e-06, 1.25214262425e-06, 1.78335119472e-06, 2.1072016807e-06, 1.45411240737e-06, 1.27176849674e-06, 9.9482792848e-07, 5.88359114317e-07, 2.44306818331e-07, 1.22069778286e-07, 6.38418740095e-08, 1.33083828402e-08, 1.31344102261e-09],
        "dmean2": [0.000387144071283, 0.000590293842833, 0.000493823201396, 0.00078452413436, 0.000674223119859, 0.000541050801985, 0.000340222381055, 0.000189102065633, 0.000259526277659, 0.000248260010267, 0.000227605938562, 8.29973214422e-05, 6.14170276094e-05, 5.21285182913e-05, 5.97664475208e-05, 8.01733258413e-05, 9.05156630324e-05, 7.67338133301e-05, 4.61111267214e-05, 3.44000436598e-05, 2.40877980104e-05, 2.16120824916e-05, 1.62536543939e-05, 1.36775688588e-05, 1.39474705065e-05, 8.48370200401e-06, 3.87740828955e-06, 2.22577705244e-06, 1.90858008864e-06, 2.78086827166e-06, 3.26345525536e-06, 2.22572703024e-06, 1.96004884856e-06, 1.57140641477e-06, 9.0198051339e-07, 3.82793984954e-07, 1.88970943782e-07, 1.01344163284e-07, 2.1920177673e-08, 2.2176680492e-09],
        "dvar": [2.87393021381e-07, 6.50106244393e-07, 3.39846764064e-07, 8.3662553152e-07, 6.54914117604e-07, 7.14449242878e-07, 3.70344451994e-07, 2.07229334137e-07, 4.16805562509e-07, 3.2516823012e-07, 3.63158363825e-07, 3.7096604899e-08, 2.23535980837e-08, 1.75197971686e-08, 3.14786348099e-08, 4.57602773452e-08, 4.35583267233e-08, 3.55170257649e-08, 1.36686848506e-08, 5.79407721801e-09, 2.21380846988e-09, 1.64249625012e-09, 9.04609220864e-10, 7.37367666925e-10, 6.52732146111e-10, 2.44504777536e-10, 3.91597101967e-11, 1.33077672146e-11, 1.1748035704e-11, 2.08758964976e-11, 3.4226746437e-11, 1.45963709869e-11, 1.51041072011e-11, 1.62257100117e-11, 5.11218237881e-12, 7.55615459525e-13, 1.81630914736e-13, 6.68126646131e-14, 3.88055566345e-15, 3.0806965486e-17],
        "dvar2": [7.53101915052e-07, 1.72147758803e-06, 9.36033814014e-07, 2.17412116399e-06, 1.57450028837e-06, 1.55051122874e-06, 8.9475349796e-07, 4.72548805419e-07, 8.06166951861e-07, 6.60087209781e-07, 6.97287362073e-07, 7.87168872307e-08, 5.43440670242e-08, 4.49867698649e-08, 6.58615633142e-08, 1.02184991135e-07, 9.65037187939e-08, 7.51158353296e-08, 3.12561034832e-08, 1.46023229064e-08, 5.43574163459e-09, 3.70079589196e-09, 2.10593387173e-09, 1.59581103887e-09, 1.48917156384e-09, 5.66669544622e-10, 9.38553193497e-11, 2.91377096062e-11, 2.49449991913e-11, 4.85932613592e-11, 8.43089417724e-11, 3.22355440951e-11, 3.42770430095e-11, 4.05163923245e-11, 1.07762982565e-11, 1.66129620911e-12, 4.06524098238e-13, 1.59200750456e-13, 9.99822190236e-15, 8.18495745517e-17],
        "max": [0.00862489361316, 0.0139880143106, 0.0089539475739, 0.0124980416149, 0.0159264933318, 0.0178348906338, 0.0181582830846, 0.0113115953282, 0.0188715886325, 0.0149322617799, 0.0160199478269, 0.00607398152351, 0.00403790548444, 0.00394512480125, 0.00589980371296, 0.00508794048801, 0.00578063121065, 0.00573195610195, 0.00583610264584, 0.00213062367402, 0.00163451849949, 0.00153481995221, 0.00112649274524, 0.000752434949391, 0.000865452399012, 0.000432212807937, 0.000165881559951, 0.000109620879812, 0.000110699256766, 8.84260443854e-05, 0.000167798265466, 0.00011838102364, 0.000118099087558, 0.000153482644237, 0.000100836630736, 4.00799945055e-05, 1.44742143675e-05, 1.11240669867e-05, 2.68319831775e-06, 2.42787962179e-07],
        "mean": [0.000350590678863, 0.000552854151465, 0.000443239230663, 0.000679646211211, 0.000637088203803, 0.000530610734131, 0.000285347894533, 0.000154124485562, 0.000256010476733, 0.000247947085882, 0.000232236037846, 8.56982078403e-05, 5.77543141844e-05, 4.62911411887e-05, 5.53121935809e-05, 7.2704780905e-05, 9.5801660791e-05, 7.61835690355e-05, 4.04569873353e-05, 2.94267720164e-05, 2.14870633499e-05, 2.05015203392e-05, 1.66516911122e-05, 1.41394539241e-05, 1.42127883009e-05, 8.59804913489e-06, 4.02698606194e-06, 2.38043662648e-06, 1.95318284568e-06, 2.74399212685e-06, 3.39628104484e-06, 2.41637667386e-06, 2.00496037905e-06, 1.49805748606e-06, 9.38410948947e-07, 3.55809817165e-07, 1.71709345409e-07, 8.69955130156e-08, 1.67744982349e-08, 1.36380384763e-09],
        "median": [0.000185396667803, 0.000279559433693, 0.000225676994887, 0.000363751430996, 0.000332919356879, 0.000212220271351, 0.000119051299407, 4.10827196902e-05, 4.12810841226e-05, 3.40608676197e-05, 3.58336401405e-05, 1.79390299309e-05, 1.02430867628e-05, 1.0092591765e-05, 8.78548053151e-06, 7.68031623011e-06, 9.76492719929e-06, 8.61018816067e-06, 7.29281782696e-06, 7.6892092693e-06, 6.7439027589e-06, 5.74313980906e-06, 4.67012432637e-06, 3.47176137439e-06, 3.09096799356e-06, 2.11100496017e-06, 1.13256658096e-06, 7.13096994787e-07, 5.79823336011e-07, 6.61599074192e-07, 5.94256789554e-07, 5.07876222855e-07, 4.92820277032e-07, 3.76761477128e-07, 2.43990029958e-07, 8.95537795031e-08, 4.11823535273e-08, 1.69504978942e-08, 3.3025497892e-09, 1.86092835586e-10],
        "min": [5.72248082294e-25, 7.0091445138e-25, 7.94183152533e-25, 8.86698392915e-25, 6.08999041109e-25, 6.90606997577e-25, 9.45278513483e-25, 9.40138394433e-25, 1.38487914153e-24, 1.63465508526e-24, 1.24553238465e-24, 1.88524069611e-24, 9.42035210479e-25, 1.6617646847e-24, 1.95971705417e-24, 1.6357590961e-24, 1.69651262707e-24, 2.33433368743e-24, 2.34967131279e-24, 2.82491050717e-24, 2.57029440874e-24, 2.46202206621e-24, 2.51412830115e-24, 3.22740094886e-24, 3.16963601743e-24, 3.40971281773e-24, 3.88290393198e-24, 3.83480629373e-24, 3.12621099953e-24, 4.38012493269e-24, 4.62215179715e-24, 4.17548415868e-24, 3.93339497422e-24, 4.40892230004e-24, 4.39414693528e-24, 4.28072688091e-24, 5.0486707448e-24, 5.03268921172e-24, 5.47466667767e-24, 5.84715456977e-24],
        "var": [3.41948833693e-07, 7.11721611424e-07, 4.31445528193e-07, 1.09324582809e-06, 1.03052536815e-06, 1.25714041133e-06, 5.13771453825e-07, 3.02185895862e-07, 9.1924039225e-07, 6.79679658333e-07, 7.77755815307e-07, 7.89801504197e-08, 3.93145889177e-08, 2.35807373627e-08, 5.41149809408e-08, 8.43318943566e-08, 1.20926756608e-07, 6.88228922741e-08, 2.04938359616e-08, 6.73623246072e-09, 2.74593525695e-09, 2.73610711865e-09, 1.63326496772e-09, 1.46113254829e-09, 1.26540311562e-09, 4.66186866888e-10, 8.26958362898e-11, 2.90158157917e-11, 2.33584089571e-11, 3.86024753829e-11, 6.21830989478e-11, 3.12799161573e-11, 2.64525727711e-11, 2.19306309224e-11, 1.02442845873e-11, 1.25374287775e-12, 3.12294108759e-13, 1.11148401951e-13, 5.52418921628e-15, 3.50715712346e-17]
    },
    "mfcc": {
        "mean": [-725.613769531, 134.558532715, -22.5731906891, 35.5620193481, -11.4986572266, 14.2629079819, -21.6319046021, 9.75523376465, -10.0364818573, 2.50898122787, -4.26185560226, -2.63050866127, -7.19560575485],
        "cov": [[23887.8398438, 6101.953125, -1305.89697266, 2058.35009766, -697.729980469, 968.587158203, -1306.63769531, 681.410888672, -748.235839844, 218.626724243, -250.745330811, -106.708686829, -576.244812012], [6101.953125, 3031.78564453, -85.6527938843, 754.388244629, -45.5613670349, 181.083557129, -237.326675415, 98.8531036377, -149.731185913, -28.6932697296, -15.303276062, -75.5149383545, -46.893081665], [-1305.89697266, -85.6527938843, 731.492919922, 180.57383728, 105.094055176, -15.7682542801, 72.4618911743, -30.9316711426, 14.9838628769, -58.1785392761, -11.4597387314, 15.242266655, 62.3205718994], [2058.35009766, 754.388244629, 180.57383728, 584.201538086, 80.3320007324, 61.4778213501, -124.036888123, 41.8684120178, -77.9795455933, -10.8737888336, -26.3046665192, -26.0339622498, -10.6086349487], [-697.729980469, -45.5613670349, 105.094055176, 80.3320007324, 248.285995483, -37.4462089539, 14.267285347, -30.520816803, -1.71302759647, 17.1492824554, 17.52983284, -11.4386539459, 39.6521453857], [968.587158203, 181.083557129, -15.7682542801, 61.4778213501, -37.4462089539, 237.925491333, -27.0563850403, 13.089012146, -19.3283462524, -22.1617584229, 11.5857954025, -10.7319335938, -41.3210334778], [-1306.63769531, -237.326675415, 72.4618911743, -124.036888123, 14.267285347, -27.0563850403, 275.897003174, -27.5540351868, 24.8592395782, -18.444311142, -1.19045209885, 12.7078552246, 28.0856208801], [681.410888672, 98.8531036377, -30.9316711426, 41.8684120178, -30.520816803, 13.089012146, -27.5540351868, 128.882965088, -12.5967111588, 20.2836799622, -7.84790325165, -7.89522314072, -24.5302219391], [-748.235839844, -149.731185913, 14.9838628769, -77.9795455933, -1.71302759647, -19.3283462524, 24.8592395782, -12.5967111588, 146.735748291, -4.74786329269, 22.7698745728, 4.43192911148, -0.958831012249], [218.626724243, -28.6932697296, -58.1785392761, -10.8737888336, 17.1492824554, -22.1617584229, -18.444311142, 20.2836799622, -4.74786329269, 123.544181824, 3.7639477253, -9.70902824402, -13.075797081], [-250.745330811, -15.303276062, -11.4597387314, -26.3046665192, 17.52983284, 11.5857954025, -1.19045209885, -7.84790325165, 22.7698745728, 3.7639477253, 91.7063064575, 0.434581935406, -5.74403381348], [-106.708686829, -75.5149383545, 15.242266655, -26.0339622498, -11.4386539459, -10.7319335938, 12.7078552246, -7.89522314072, 4.43192911148, -9.70902824402, 0.434581935406, 88.6834793091, 14.9620456696], [-576.244812012, -46.893081665, 62.3205718994, -10.6086349487, 39.6521453857, -41.3210334778, 28.0856208801, -24.5302219391, -0.958831012249, -13.075797081, -5.74403381348, 14.9620456696, 113.17754364]],
