{
"lowlevel": {
    "average_loudness": 0.733017385006,
    "barkbands_crest": {
        "dmean": 2.50864100456,
        "dmean2": 4.03751039505,
        "dvar": 5.16385936737,
        "dvar2": 12.6399688721,
        "max": 26.9302539825,
        "mean": 11.161277771,
        "median": 10.1279716492,
        "min": 2.8065507412,
        "var": 22.7770347595
    },
    "barkbands_flatness_db": {
        "dmean": 0.0203070286661,
        "dmean2": 0.0310889128596,
        "dvar": 0.000412607158069,
        "dvar2": 0.000903213804122,
        "max": 0.891227722168,
        "mean": 0.201625064015,
        "median": 0.19008564949,
        "min": 0.0567377358675,
        "var": 0.00446919864044
    },
    "barkbands_kurtosis": {
        "dmean": 19.8717269897,
        "dmean2": 25.5180473328,
        "dvar": 153696.84375,
        "dvar2": 251204.109375,
        "max": 44239.1328125,
        "mean": 62.5337867737,
        "median": 4.06927680969,
        "min": -1.9436994791,
        "var": 1592662.75
    },
    "barkbands_skewness": {
        "dmean": 0.595607697964,
        "dmean2": 0.88889169693,
        "dvar": 1.67083621025,
        "dvar2": 2.88243579865,
        "max": 170.716415405,
        "mean": 2.25370264053,
        "median": 1.74419665337,
        "min": -1.71018981934,
        "var": 37.1162490845
    },
    "barkbands_spread": {
        "dmean": 3.43920660019,
        "dmean2": 5.14881038666,
        "dvar": 33.8015289307,
        "dvar2": 61.1895942688,
        "max": 112.84312439,
        "mean": 13.3226499557,
        "median": 10.4548892975,
        "min": 0.00354650942609,
        "var": 131.507400513
    },
    "dissonance": {
        "dmean": 0.0240920186043,
        "dmean2": 0.040611192584,
        "dvar": 0.000481117109302,
        "dvar2": 0.00131883262657,
        "max": 0.499999970198,
        "mean": 0.441386789083,
        "median": 0.449599653482,
        "min": 0.211667254567,
        "var": 0.00143950001802
    },
    "dynamic_complexity": 3.52081847191,
    "erbbands_crest": {
        "dmean": 2.66075015068,
        "dmean2": 4.31970119476,
        "dvar": 5.84087228775,
        "dvar2": 14.7019605637,
        "max": 34.1228256226,
        "mean": 10.0468978882,
        "median": 9.01852035522,
        "min": 1.73426425457,
        "var": 19.1030578613
    },
    "erbbands_flatness_db": {
        "dmean": 0.0154519984499,
        "dmean2": 0.0232184324414,
        "dvar": 0.00021812421619,
        "dvar2": 0.00045211458928,
        "max": 0.423596084118,
        "mean": 0.211544424295,
        "median": 0.206261411309,
        "min": 0.0285410583019,
        "var": 0.00205824198201
    },
    "erbbands_kurtosis": {
        "dmean": 1.29971635342,
        "dmean2": 2.04230284691,
        "dvar": 5.31712579727,
        "dvar2": 11.8206367493,
        "max": 79.2980880737,
        "mean": 1.37385880947,
        "median": 0.148589491844,
        "min": -1.8591452837,
        "var": 16.5450515747
    },
    "erbbands_skewness": {
        "dmean": 0.387128263712,
        "dmean2": 0.591841638088,
        "dvar": 0.146153107285,
        "dvar2": 0.314932256937,
        "max": 7.9211230278,
        "mean": 0.819760262966,
        "median": 0.707909822464,
        "min": -2.07642579079,
        "var": 0.839007079601
    },
    "erbbands_spread": {
        "dmean": 6.47963905334,
        "dmean2": 10.0706281662,
        "dvar": 90.4279174805,
        "dvar2": 194.07321167,
        "max": 193.486633301,
        "mean": 30.8471412659,
        "median": 27.9805107117,
        "min": 2.03339195251,
        "var": 311.99206543
    },
    "hfc": {
        "dmean": 3.50945019722,
        "dmean2": 5.14153671265,
        "dvar": 37.8103141785,
        "dvar2": 82.7794647217,
        "max": 233.39352417,
        "mean": 14.3658847809,
        "median": 9.65915203094,
        "min": 1.13077310272e-16,
        "var": 192.804931641
    },
    "melbands_crest": {
        "dmean": 2.8157081604,
        "dmean2": 4.53132724762,
        "dvar": 6.11287403107,
        "dvar2": 15.5624475479,
        "max": 39.9988746643,
        "mean": 13.6634464264,
        "median": 12.829208374,
        "min": 3.55253434181,
        "var": 24.6806201935
    },
    "melbands_flatness_db": {
        "dmean": 0.0226783715189,
        "dmean2": 0.0332241505384,
        "dvar": 0.000495397951454,
        "dvar2": 0.00102783483453,
        "max": 0.903985023499,
        "mean": 0.254729866982,
        "median": 0.245217770338,
        "min": 0.0113660255447,
        "var": 0.00660252431408
    },
    "melbands_kurtosis": {
        "dmean": 119.40712738,
        "dmean2": 175.044525146,
        "dvar": 10358552,
        "dvar2": 22946712,
        "max": 254101.015625,
        "mean": 231.770050049,
        "median": 9.3296995163,
        "min": -1.5552585125,
        "var": 27409032
    },
    "melbands_skewness": {
        "dmean": 0.841543674469,
        "dmean2": 1.26826751232,
        "dvar": 21.0464763641,
        "dvar2": 41.7553749084,
        "max": 413.111846924,
        "mean": 3.29495167732,
        "median": 2.43286943436,
        "min": -1.03535580635,
        "var": 170.010238647
    },
    "melbands_spread": {
        "dmean": 4.16352558136,
        "dmean2": 6.27753925323,
        "dvar": 58.1853790283,
        "dvar2": 118.583061218,
        "max": 201.767211914,
        "mean": 14.2691822052,
        "median": 10.9327573776,
        "min": 0.00153983721975,
        "var": 164.048416138
    },
    "pitch_salience": {
        "dmean": 0.0668180510402,
        "dmean2": 0.106695979834,
        "dvar": 0.00324436323717,
        "dvar2": 0.00802161451429,
        "max": 0.89935785532,
        "mean": 0.558007121086,
        "median": 0.567413926125,
        "min": 0.000879608502146,
        "var": 0.0134921865538
    },
    "silence_rate_20dB": {
        "dmean": 0,
        "dmean2": 0,
        "dvar": 0,
        "dvar2": 0,
        "max": 1,
        "mean": 1,
        "median": 1,
        "min": 1,
        "var": 0
    },
    "silence_rate_30dB": {
        "dmean": 0.000252557132626,
        "dmean2": 0.000505178060848,
        "dvar": 0.000252501980867,
        "dvar2": 0.000504920317326,
        "max": 1,
        "mean": 0.99974745512,
        "median": 1,
        "min": 0,
        "var": 0.000252470083069
    },
    "silence_rate_60dB": {
        "dmean": 0.0189417861402,
        "dmean2": 0.0378883555532,
        "dvar": 0.0185854770243,
        "dvar2": 0.0402405485511,
        "max": 1,
        "mean": 0.090782828629,
        "median": 0,
        "min": 0,
        "var": 0.0825400277972
    },
    "spectral_centroid": {
        "dmean": 154.330184937,
        "dmean2": 228.722793579,
        "dvar": 51985.3242188,
        "dvar2": 96262.0234375,
        "max": 10646.359375,
        "mean": 859.149963379,
        "median": 702.746337891,
        "min": 180.576660156,
        "var": 290823.84375
    },
    "spectral_complexity": {
        "dmean": 2.15405988693,
        "dmean2": 3.4172770977,
        "dvar": 4.53468227386,
        "dvar2": 10.2505788803,
        "max": 44,
        "mean": 14.9476013184,
        "median": 12,
        "min": 0,
        "var": 82.3079605103
    },
    "spectral_decrease": {
        "dmean": 1.68226788055e-09,
        "dmean2": 2.54625742713e-09,
        "dvar": 3.70170934179e-18,
        "dvar2": 8.51779888636e-18,
        "max": -8.16727606884e-29,
        "mean": -6.42448449995e-09,
        "median": -5.4592663723e-09,
        "min": -2.72431215365e-08,
        "var": 2.36656207815e-17
    },
    "spectral_energy": {
        "dmean": 0.00656745303422,
        "dmean2": 0.00993493292481,
        "dvar": 5.60504522582e-05,
        "dvar2": 0.000128742176457,
        "max": 0.105190813541,
        "mean": 0.0255504939705,
        "median": 0.0219219326973,
        "min": 1.05647015081e-20,
        "var": 0.000369228480849
    },
    "spectral_energyband_high": {
        "dmean": 0.000132046654471,
        "dmean2": 0.000189682439668,
        "dvar": 2.95547380347e-07,
        "dvar2": 6.16220972915e-07,
        "max": 0.0220472104847,
        "mean": 0.0003006766201,
        "median": 8.15972744022e-05,
        "min": 7.60185768402e-21,
        "var": 6.17458795205e-07
    },
    "spectral_energyband_low": {
        "dmean": 0.00250578531995,
        "dmean2": 0.00386625016108,
        "dvar": 1.7855063561e-05,
        "dvar2": 4.28571365774e-05,
        "max": 0.0761938095093,
        "mean": 0.00653872359544,
        "median": 0.00313496100716,
        "min": 6.48086720309e-23,
        "var": 7.12690089131e-05
    },
    "spectral_energyband_middle_high": {
        "dmean": 0.00120027502999,
        "dmean2": 0.0018220350612,
        "dvar": 5.07498998559e-06,
        "dvar2": 1.18426860354e-05,
        "max": 0.0554545372725,
        "mean": 0.00390802929178,
        "median": 0.00154046865646,
        "min": 1.61887424786e-21,
        "var": 2.62283429038e-05
    },
    "spectral_energyband_middle_low": {
        "dmean": 0.00526736862957,
        "dmean2": 0.00803055427969,
        "dvar": 4.02781042794e-05,
        "dvar2": 9.41967082326e-05,
        "max": 0.0862431973219,
        "mean": 0.015651203692,
        "median": 0.0122897820547,
        "min": 5.40677337964e-22,
        "var": 0.000169907827512
    },
    "spectral_entropy": {
        "dmean": 0.166809380054,
        "dmean2": 0.244342520833,
        "dvar": 0.0310485046357,
        "dvar2": 0.0600140690804,
        "max": 9.79858398438,
        "mean": 7.04971933365,
        "median": 7.1466178894,
        "min": 4.70806312561,
        "var": 0.317979812622
    },
    "spectral_flux": {
        "dmean": 0.0167604163289,
        "dmean2": 0.028174046427,
        "dvar": 0.00028911899426,
        "dvar2": 0.000768162542954,
        "max": 0.256749719381,
        "mean": 0.0703092962503,
        "median": 0.0692282319069,
        "min": 1.02784732114e-10,
        "var": 0.00134291872382
    },
    "spectral_kurtosis": {
        "dmean": 3.23779392242,
        "dmean2": 5.54466676712,
        "dvar": 16.3421230316,
        "dvar2": 48.5873641968,
        "max": 68.9914169312,
        "mean": 8.05229187012,
        "median": 5.81610965729,
        "min": -1.52200448513,
        "var": 51.9796028137
    },
    "spectral_rms": {
        "dmean": 0.00062625692226,
        "dmean2": 0.000938255747315,
        "dvar": 3.6914727275e-07,
        "dvar2": 8.19615536329e-07,
        "max": 0.0101304091513,
        "mean": 0.00457355938852,
        "median": 0.00462463544682,
        "min": 3.21045577276e-12,
        "var": 4.00992848881e-06
    },
    "spectral_rolloff": {
        "dmean": 284.66015625,
        "dmean2": 482.550262451,
        "dvar": 679580.5,
        "dvar2": 1342612.5,
        "max": 18389.3554688,
        "mean": 988.175231934,
        "median": 581.396484375,
        "min": 21.533203125,
        "var": 1382778.5
    },
    "spectral_skewness": {
        "dmean": 0.318844884634,
        "dmean2": 0.521837472916,
        "dvar": 0.103490099311,
        "dvar2": 0.275531172752,
        "max": 6.58741950989,
        "mean": 2.0175383091,
        "median": 1.86480772495,
        "min": -0.154814407229,
        "var": 0.627248823643
    },
    "spectral_spread": {
        "dmean": 427406.84375,
        "dmean2": 628355.8125,
        "dvar": 767984926720,
        "dvar2": 1.14931217203e+12,
        "max": 40045304,
        "mean": 3556370.25,
        "median": 3255136.5,
        "min": 1089545,
        "var": 3.15196440576e+12
    },
    "spectral_strongpeak": {
        "dmean": 0.423489779234,
        "dmean2": 0.703221857548,
        "dvar": 0.410166233778,
        "dvar2": 1.05058836937,
        "max": 13.1277017593,
        "mean": 0.835337340832,
        "median": 0.606673836708,
        "min": 0,
        "var": 0.657348692417
    },
    "zerocrossingrate": {
        "dmean": 0.00679363915697,
        "dmean2": 0.00780349643901,
        "dvar": 0.000166273952345,
        "dvar2": 0.000150556166773,
        "max": 0.5703125,
        "mean": 0.039995290339,
        "median": 0.03369140625,
        "min": 0,
        "var": 0.000967087456957
    },
    "barkbands": {
        "dmean": [0.000140587115311, 0.00143504468724, 0.0013146630954, 0.000859308871441, 0.00326973269694, 0.00157833541743, 0.000672412337735, 0.00114303291775, 0.000511164485943, 0.000486072414787, 0.000307374226395, 0.00020224560285, 0.000333930860506, 0.000285170797724, 0.000237123516854, 0.000163108692504, 0.000162951313541, 0.000107324631244, 8.71414013091e-05, 6.56807314954e-05, 1.73327807715e-05, 2.11274800677e-05, 3.07511472784e-05, 3.46732049366e-05, 2.65088401648e-05, 2.18028162635e-06, 4.04589872716e-09],
        "dmean2": [0.000231851037825, 0.00228238874115, 0.00201046071015, 0.00138879672159, 0.00496694352478, 0.00247613340616, 0.0010276704561, 0.00176126405131, 0.000822524714749, 0.000786910357419, 0.000502601556946, 0.000330512702931, 0.000540683337022, 0.00045973752276, 0.000377054471755, 0.000259816501057, 0.00026723407791, 0.000170166997123, 0.000134364177939, 9.84999060165e-05, 2.69606316579e-05, 3.14014068863e-05, 4.59378570667e-05, 4.93693369208e-05, 3.95752758777e-05, 3.17819785778e-06, 7.50560591456e-09],
        "dvar": [1.11265542557e-07, 7.36853235139e-06, 5.53475183551e-06, 2.56770863416e-06, 2.41094276134e-05, 9.82329584076e-06, 1.76424100573e-06, 4.50501420346e-06, 1.73505804923e-06, 1.1075776456e-06, 4.46501786655e-07, 4.11008699075e-07, 1.74577087364e-06, 4.93893764997e-07, 3.84055510949e-07, 2.36674708276e-07, 2.41497161824e-07, 7.5454423154e-08, 4.20036236903e-08, 2.28711733996e-08, 3.19551207717e-09, 6.82315581813e-09, 1.01422017451e-08, 3.50636213398e-08, 1.02302138316e-07, 2.17353107734e-10, 1.36984302753e-14],
        "dvar2": [3.02973575117e-07, 1.91819508473e-05, 1.26476206788e-05, 6.2918616095e-06, 5.59901964152e-05, 2.47745374509e-05, 3.99903683501e-06, 1.00932029454e-05, 4.42590044258e-06, 2.8675917747e-06, 1.17271815725e-06, 1.10630196559e-06, 4.39152108811e-06, 1.20025936212e-06, 9.42646693147e-07, 5.54551945697e-07, 5.99639292886e-07, 1.86012528047e-07, 9.94676412347e-08, 4.84081859042e-08, 7.29556459689e-09, 1.46395473521e-08, 2.17405773384e-08, 7.10859993092e-08, 2.44727033305e-07, 3.78411940671e-10, 4.0164662503e-14],
        "max": [0.0121576152742, 0.0578887909651, 0.0329828411341, 0.0370490886271, 0.0830209851265, 0.0646388754249, 0.0337386131287, 0.046734161675, 0.0348571874201, 0.0179964266717, 0.0100639462471, 0.0177894346416, 0.0465598702431, 0.0152437649667, 0.0150485737249, 0.0155234383419, 0.0197990909219, 0.00634542992339, 0.00630310364068, 0.00296690268442, 0.00209049182013, 0.00330901402049, 0.00248074694537, 0.00646221684292, 0.0206804741174, 0.000527824100573, 7.58053465688e-06],
        "mean": [0.000315630779369, 0.00317834923044, 0.00242005870678, 0.00138285150751, 0.00680186832324, 0.00287966639735, 0.00129995460156, 0.00205825641751, 0.000817718217149, 0.000760092400014, 0.000498959212564, 0.000337174307788, 0.000518270768225, 0.000473807536764, 0.000390555971535, 0.000296929560136, 0.000319722457789, 0.000206837881706, 0.000206654629437, 0.000156415320816, 3.40471160598e-05, 4.00063945563e-05, 6.16860706941e-05, 5.77298851567e-05, 3.41123923135e-05, 3.15654529004e-06, 2.80886158777e-09],
        "median": [6.71722227708e-05, 0.00100459496025, 0.000806603697129, 0.000518726417795, 0.00388814229518, 0.00114840921015, 0.000549911055714, 0.000783295254223, 0.000207844015677, 0.000195364176761, 0.000154714434757, 7.98094406491e-05, 0.000113036257972, 0.000121893630421, 9.35015559662e-05, 7.05269485479e-05, 6.60060031805e-05, 4.40132134827e-05, 3.97662261094e-05, 3.017923882e-05, 8.26900031825e-06, 1.08657968667e-05, 1.47374157677e-05, 9.61768637353e-06, 2.11231508729e-06, 1.77387505573e-07, 3.50295903395e-10],
        "min": [4.81368959152e-24, 4.26808364941e-23, 1.45799323541e-23, 4.70296625815e-24, 1.21848165395e-23, 3.70365240955e-23, 2.12262199025e-22, 1.35407961759e-22, 1.27661284561e-22, 5.48732907849e-23, 4.03801741511e-23, 9.62786811902e-23, 6.90682621727e-23, 4.24715958722e-23, 1.44080698551e-22, 2.35330132724e-22, 2.34286892576e-22, 3.28248556759e-22, 2.22838842146e-22, 2.39697923028e-22, 3.84418583411e-22, 4.45211032045e-22, 5.99765872286e-22, 8.72761879181e-22, 1.22648307011e-21, 1.79727020647e-21, 2.44514649655e-21],
        "var": [3.45330505525e-07, 2.32799757214e-05, 1.37236502269e-05, 5.31499836143e-06, 6.99684751453e-05, 2.54112856055e-05, 5.10134350407e-06, 1.21683760881e-05, 3.24066013491e-06, 2.13186649489e-06, 8.77010165823e-07, 7.66744278735e-07, 2.24793257075e-06, 9.50520188781e-07, 6.99844576957e-07, 5.33120214641e-07, 6.63959383473e-07, 1.70739227201e-07, 1.73757527477e-07, 9.59313624094e-08, 6.53202247847e-09, 1.21759775595e-08, 2.00049825594e-08, 7.03131490809e-08, 1.1943339473e-07, 4.30923546846e-10, 7.32838675811e-15]
    },
    "erbbands": {
        "dmean": [0.0420516468585, 0.361613124609, 1.33464288712, 2.14591097832, 5.15389442444, 13.2946214676, 14.9189329147, 14.335152626, 9.2888917923, 23.1054477692, 12.1566848755, 13.1058225632, 16.420091629, 8.40934944153, 13.7011318207, 8.71175193787, 16.4659156799, 13.0318317413, 12.6061973572, 10.0250310898, 7.86733579636, 7.06384706497, 5.62077951431, 5.15265369415, 3.53795194626, 3.20171189308, 1.09834134579, 0.545801877975, 0.645230352879, 0.976847529411, 0.862153351307, 0.506736040115, 0.753225564957, 0.452549576759, 0.100068807602, 0.0184603966773, 0.00215634563938, 6.15525859757e-05, 6.71549742037e-06, 7.78210778662e-06],
        "dmean2": [0.0654325410724, 0.578539907932, 2.07536649704, 3.31557846069, 8.04490470886, 20.3802509308, 23.2009811401, 22.0807304382, 13.8574838638, 36.0197563171, 18.9620189667, 21.0002880096, 26.7363471985, 13.5173835754, 22.2899417877, 14.1068067551, 26.6705570221, 21.1111297607, 20.0029296875, 16.0876197815, 12.4378118515, 11.4372739792, 8.8576669693, 8.09500217438, 5.34681510925, 4.77834558487, 1.64600682259, 0.84003329277, 0.962398529053, 1.44073271751, 1.29324293137, 0.73393201828, 1.0961997509, 0.677668392658, 0.145042210817, 0.0271294992417, 0.00296177016571, 8.64599787747e-05, 9.86410668702e-06, 1.17282870633e-05],
        "dvar": [0.00587238557637, 0.498546361923, 5.76579618454, 14.1636343002, 80.4728927612, 464.142089844, 600.189025879, 932.146179199, 383.570465088, 1756.72119141, 498.413208008, 1200.8605957, 1370.31140137, 520.827209473, 976.48815918, 894.814697266, 4609.46826172, 991.66015625, 1058.72949219, 775.155090332, 479.526550293, 415.923095703, 228.8487854, 160.767349243, 72.5294723511, 58.9057617188, 9.41990089417, 4.45414304733, 6.54216861725, 14.0834341049, 7.59326171875, 4.16043567657, 20.7615432739, 27.183380127, 1.34300374985, 0.0162777025253, 0.000239843502641, 2.01238179898e-07, 1.47097389824e-09, 9.99744870223e-11],
        "dvar2": [0.0147340344265, 1.30830442905, 13.6873598099, 34.674747467, 197.447555542, 1057.7635498, 1492.15380859, 2312.2800293, 839.999572754, 4106.50878906, 1163.44970703, 2990.31640625, 3672.37890625, 1375.54492188, 2512.88354492, 2432.93041992, 11613, 2466.26000977, 2516.75073242, 1968.88696289, 1147.71875, 1040.77307129, 553.387329102, 391.31350708, 170.302963257, 125.500068665, 20.2147750854, 10.288725853, 13.2732543945, 32.076675415, 15.8675870895, 7.88906145096, 43.1489830017, 65.7936477661, 3.0930583477, 0.0292814783752, 0.000346818589605, 3.4105761415e-07, 3.59251606241e-09, 2.28742372266e-10],
        "max": [1.32902896404, 15.1690015793, 35.1679115295, 56.9544792175, 178.615432739, 393.139038086, 395.249023438, 696.116271973, 526.285400391, 1146.33190918, 429.804534912, 977.38494873, 605.280639648, 651.792724609, 700.01171875, 906.987854004, 2322.0847168, 724.267028809, 857.471679688, 693.207092285, 692.051086426, 596.157897949, 452.534973145, 418.579101562, 281.441192627, 205.810516357, 93.2894592285, 89.7493743896, 131.446151733, 125.29359436, 71.5049209595, 64.0182418823, 158.070983887, 328.064178467, 74.8025894165, 4.15297746658, 0.760035336018, 0.0176371540874, 0.00176091946196, 0.000352306669811],
        "mean": [0.0879876986146, 0.724076092243, 2.56557011604, 4.0742855072, 10.3693647385, 24.9759807587, 26.9474697113, 27.2422637939, 18.8480186462, 42.7433280945, 23.5427875519, 21.7827968597, 26.1374225616, 15.4338884354, 23.0190753937, 16.2051372528, 26.0529460907, 23.1024932861, 22.7485980988, 18.7654342651, 16.6301078796, 15.2251005173, 12.0501861572, 11.6146717072, 9.1520318985, 7.6558098793, 2.50075221062, 1.11639535427, 1.25382435322, 1.8537582159, 1.7080719471, 0.964543938637, 1.16106307507, 0.592290699482, 0.132495045662, 0.0276290830225, 0.00317547353916, 9.38505181693e-05, 1.88986596186e-05, 3.03732576867e-05],
        "median": [0.0259866565466, 0.222505658865, 0.897951126099, 1.67971658707, 4.54963254929, 12.7507705688, 14.2769021988, 10.0516242981, 8.2997303009, 18.1502151489, 11.1876411438, 6.07923793793, 7.44612455368, 4.19689178467, 7.4489774704, 4.30083417892, 6.12302494049, 6.69221878052, 6.70525026321, 4.54627990723, 4.33583450317, 3.3562734127, 2.61017179489, 2.70194816589, 1.6047475338, 1.44519793987, 0.585620880127, 0.298464000225, 0.36024710536, 0.46930539608, 0.394203841686, 0.20688135922, 0.154708951712, 0.0424248054624, 0.00889840722084, 0.00213417457417, 9.18683945201e-05, 6.98438452673e-06, 1.28266055981e-05, 2.61711975327e-05],
        "min": [2.51458544131e-21, 4.51745021772e-21, 9.58023944911e-21, 2.48814765033e-20, 2.17098269279e-20, 3.78661474e-20, 1.4377045281e-19, 4.16651908519e-19, 2.05180289787e-18, 4.15209967275e-18, 2.20358867912e-18, 2.70382636136e-18, 2.64473319878e-18, 1.64621504704e-18, 2.64532215138e-18, 3.39383147703e-18, 2.89433184669e-18, 3.00942327558e-18, 6.30078609987e-18, 1.02233824437e-17, 1.10285087668e-17, 1.18793558438e-17, 1.91352601001e-17, 1.23060089863e-17, 1.44794310089e-17, 9.85393876673e-18, 1.03682027438e-17, 1.72639839942e-17, 1.46446355208e-17, 2.12387340757e-17, 1.65310076729e-17, 1.88342556926e-17, 1.49753820344e-17, 1.63756780431e-17, 7.23660861407e-18, 5.47985814557e-18, 3.2235919167e-18, 1.41641806901e-18, 3.40966485133e-19, 3.69766083553e-20],
        "var": [0.0161307211965, 1.37469565868, 14.6388626099, 34.9736366272, 242.113830566, 1207.70654297, 1299.21813965, 2875.55688477, 1046.02233887, 4882.22949219, 1282.33032227, 2271.51000977, 2455.04760742, 1092.96911621, 1936.0501709, 1694.4552002, 5860.45263672, 2005.91418457, 1979.13708496, 1711.27807617, 1422.14941406, 1232.45825195, 584.057495117, 499.06539917, 331.281646729, 232.653747559, 27.1827106476, 8.19708251953, 12.3372077942, 22.4620113373, 15.7285070419, 8.95058441162, 39.4302406311, 33.4658508301, 1.57652807236, 0.0305684860796, 0.000598534359597, 4.49757664001e-07, 1.90714155579e-09, 5.37018318703e-10]
    },
    "gfcc": {
        "mean": [-60.4881248474, 140.652008057, -134.320281982, 31.2118415833, -69.4554901123, 5.81502580643, -48.2957954407, -2.82713794708, -14.6894874573, -11.6941576004, 1.59989571571, -13.4080057144, 0.0647184997797],
        "cov": [[10043.4931641, -711.518432617, -900.751403809, 830.388061523, -290.72958374, 461.307495117, 28.128742218, 370.139678955, -119.843002319, 61.0354995728, -38.6025848389, 28.7806396484, -291.347961426], [-711.518432617, 1725.35571289, 290.021118164, 74.2571868896, 548.017333984, -244.920852661, 333.548217773, -211.863861084, 149.415023804, -122.38028717, 163.269424438, -136.76210022, 75.285774231], [-900.751403809, 290.021118164, 1163.3190918, 283.240356445, 185.973388672, 194.967346191, -22.9912166595, -33.8526687622, 4.86865615845, 5.41546297073, -51.6578025818, 31.4832878113, -20.6027984619], [830.388061523, 74.2571868896, 283.240356445, 531.716552734, 176.265350342, 124.674087524, 81.4410552979, 27.7337036133, 55.5359573364, -9.42426586151, 21.7196598053, 4.00815486908, -30.3990249634], [-290.72958374, 548.017333984, 185.973388672, 176.265350342, 469.502105713, 23.4125480652, 216.749221802, 14.4894351959, 84.0595397949, 22.0296878815, 9.9008398056, -13.2879915237, 14.2283649445], [461.307495117, -244.920852661, 194.967346191, 124.674087524, 23.4125480652, 293.069854736, 47.2720375061, 111.945655823, -25.578371048, 68.0938262939, -39.2461738586, 19.3823871613, -40.2422523499], [28.128742218, 333.548217773, -22.9912166595, 81.4410552979, 216.749221802, 47.2720375061, 335.783355713, 58.323184967, 48.0384292603, 42.6262435913, 40.4110870361, -24.5563335419, -13.5697002411], [370.139678955, -211.863861084, -33.8526687622, 27.7337036133, 14.4894351959, 111.945655823, 58.323184967, 195.534912109, 24.5928840637, 71.1329803467, -22.6787052155, 25.0591487885, -28.3133850098], [-119.843002319, 149.415023804, 4.86865615845, 55.5359573364, 84.0595397949, -25.578371048, 48.0384292603, 24.5928840637, 132.640640259, 18.3199272156, 23.9117107391, -2.13805937767, 14.3404664993], [61.0354995728, -122.38028717, 5.41546297073, -9.42426586151, 22.0296878815, 68.0938262939, 42.6262435913, 71.1329803467, 18.3199272156, 131.200332642, -19.3495483398, 21.2536888123, -17.8052215576], [-38.6025848389, 163.269424438, -51.6578025818, 21.7196598053, 9.9008398056, -39.2461738586, 40.4110870361, -22.6787052155, 23.9117107391, -19.3495483398, 142.781021118, -19.2092914581, 15.9079561234], [28.7806396484, -136.76210022, 31.4832878113, 4.00815486908, -13.2879915237, 19.3823871613, -24.5563335419, 25.0591487885, -2.13805937767, 21.2536888123, -19.2092914581, 98.3223953247, 15.0752305984], [-291.347961426, 75.285774231, -20.6027984619, -30.3990249634, 14.2283649445, -40.2422523499, -13.5697002411, -28.3133850098, 14.3404664993, -17.8052215576, 15.9079561234, 15.0752305984, 87.7079086304]],
        "icov": [[0.000254044658504, -0.000460917537566, 0.000522091402672, -0.000715289614163, 0.000512002327014, -0.000523267604876, 0.000380028010113, -0.000448317994596, 0.00044337665895, -0.000173756619915, 0.000306461064611, -0.000460098846816, 0.000620905600954], [-0.000460917537566, 0.00336731853895, -0.00178879580926, 0.00206256005913, -0.0029711839743, 0.00236206431873, -0.00230900780298, 0.00229157484137, -0.00191197171807, 0.00166758499108, -0.00196466431953, 0.00274551473558, -0.00164293707348], [0.000522091402672, -0.00178879580926, 0.00261152163148, -0.00207234383561, 0.00115291995462, -0.00252487044781, 0.00182637467515, -0.000593743752688, 0.00114299822599, -0.000746552541386, 0.0013219723478, -0.00194262329023, 0.00166601093952], [-0.000715289614163, 0.00206256005913, -0.00207234383561, 0.00508795771748, -0.00283328350633, 0.000634651572909, -0.00151820632163, 0.00187357445247, -0.00273435376585, 0.00209540477954, -0.00196394464001, 0.00139007996768, -0.000759346294217], [0.000512002327014, -0.0029711839743, 0.00115291995462, -0.00283328350633, 0.0067030810751, -0.0016099383356, -0.000424905971158, -0.0018370389007, 0.000557800289243, -0.0016902203206, 0.00263861403801, -0.00213607610203, 0.000509372563101], [-0.000523267604876, 0.00236206431873, -0.00252487044781, 0.000634651572909, -0.0016099383356, 0.00849300529808, -0.00235670874827, -0.00142827839591, 0.000906130648218, -0.000810557336081, -0.000754883163609, 0.00236530322582, -0.00138892245013], [0.000380028010113, -0.00230900780298, 0.00182637467515, -0.00151820632163, -0.000424905971158, -0.00235670874827, 0.00683188484982, -0.00242344522849, 0.00135938776657, -0.00190256931819, -0.000146288613905, -0.00100935006049, 0.00200099218637], [-0.000448317994596, 0.00229157484137, -0.000593743752688, 0.00187357445247, -0.0018370389007, -0.00142827839591, -0.00242344522849, 0.01049126219, -0.00370289152488, -0.000919248152059, -0.000664756575134, 0.000140666321386, 0.000223346985877], [0.00044337665895, -0.00191197171807, 0.00114299822599, -0.00273435376585, 0.000557800289243, 0.000906130648218, 0.00135938776657, -0.00370289152488, 0.0116416811943, -0.00278055272065, -1.97696517716e-05, -0.000932297494728, -0.000529082550202], [-0.000173756619915, 0.00166758499108, -0.000746552541386, 0.00209540477954, -0.0016902203206, -0.000810557336081, -0.00190256931819, -0.000919248152059, -0.00278055272065, 0.0118115954101, -0.000368652399629, -0.000605673820246, 0.000876909471117], [0.000306461064611, -0.00196466431953, 0.0013219723478, -0.00196394464001, 0.00263861403801, -0.000754883163609, -0.000146288613905, -0.000664756575134, -1.97696517716e-05, -0.000368652399629, 0.00958412978798, -0.00051453744527, -0.00039885964361], [-0.000460098846816, 0.00274551473558, -0.00194262329023, 0.00139007996768, -0.00213607610203, 0.00236530322582, -0.00100935006049, 0.000140666321386, -0.000932297494728, -0.000605673820246, -0.00051453744527, 0.0144068477675, -0.00489197857678], [0.000620905600954, -0.00164293707348, 0.00166601093952, -0.000759346294217, 0.000509372563101, -0.00138892245013, 0.00200099218637, 0.000223346985877, -0.000529082550202, 0.000876909471117, -0.00039885964361, -0.00489197857678, 0.015841897577]]
    },
    "melbands": {
        "dmean": [0.000355188065441, 0.000595235032961, 0.000426300393883, 0.00058190774871, 0.000610743125435, 0.000309017428663, 0.000135505135404, 0.000274969206657, 8.54571262607e-05, 8.35305181681e-05, 8.18478511064e-05, 3.52734095941e-05, 4.36117552454e-05, 2.62260527961e-05, 3.17982994602e-05, 2.90508851322e-05, 2.75684269582e-05, 2.21243299166e-05, 1.64758803294e-05, 1.37990728035e-05, 1.03410357042e-05, 8.82125823409e-06, 7.2187317528e-06, 5.05641992277e-06, 4.65778839498e-06, 3.05054732053e-06, 2.6161480946e-06, 2.18521699935e-06, 9.08704123503e-07, 3.99165230647e-07, 3.33932405283e-07, 3.60034050573e-07, 4.98435667851e-07, 6.01990393534e-07, 5.49096057512e-07, 4.14653499092e-07, 2.89845161205e-07, 5.64172069062e-07, 4.76012843365e-07, 4.02066746119e-07],
        "dmean2": [0.000563946203329, 0.000928965338971, 0.000657782016788, 0.000897159974556, 0.000937598699238, 0.000476456189062, 0.000202620634809, 0.000426204991527, 0.000134881149279, 0.000133963301778, 0.000133425768581, 5.67614551983e-05, 7.14252746548e-05, 4.21687800554e-05, 5.16801264894e-05, 4.70035301987e-05, 4.46981648565e-05, 3.52646056854e-05, 2.63625643129e-05, 2.21623049583e-05, 1.65576675499e-05, 1.45663525473e-05, 1.17226391012e-05, 7.98171640781e-06, 7.39633060221e-06, 4.79160598843e-06, 4.00886210628e-06, 3.26718691213e-06, 1.38668167438e-06, 6.36720187686e-07, 5.154386713e-07, 5.54025120891e-07, 7.52747723709e-07, 9.01244277429e-07, 8.37442996726e-07, 6.30904025911e-07, 4.26305746259e-07, 8.18402497771e-07, 7.08436687091e-07, 6.03860087267e-07],
        "dvar": [4.29821426451e-07, 1.15751595331e-06, 4.81567553834e-07, 7.29113196485e-07, 9.50178559833e-07, 4.0528314571e-07, 8.05594808639e-08, 2.52135436085e-07, 2.48444198547e-08, 5.33129664859e-08, 3.46343398405e-08, 9.61295665292e-09, 8.76543992945e-09, 4.89769202972e-09, 1.02772768074e-08, 1.53325601104e-08, 4.68508609686e-09, 3.25460058903e-09, 1.93298665963e-09, 1.87769022553e-09, 9.57858237172e-10, 7.72548858219e-10, 4.38828723359e-10, 1.57799190381e-10, 1.42446832108e-10, 6.05927946706e-11, 3.74065362019e-11, 2.74484272117e-11, 7.14883534314e-12, 2.2077955783e-12, 1.54869389882e-12, 1.90331366119e-12, 4.32083232041e-12, 4.68400752213e-12, 2.85379792714e-12, 2.11456980398e-12, 1.5236234583e-12, 1.06705373704e-11, 1.17088673826e-11, 3.81937641236e-11],
        "dvar2": [1.1099123185e-06, 2.81739994534e-06, 1.15175737392e-06, 1.78072684776e-06, 2.23905590246e-06, 1.0057219697e-06, 1.79524676014e-07, 5.80857829391e-07, 5.86998396557e-08, 1.32893276827e-07, 9.26903567233e-08, 2.51018708042e-08, 2.275417188e-08, 1.27587114207e-08, 2.53502925318e-08, 4.03858386733e-08, 1.15265814671e-08, 7.66547536557e-09, 4.66065230853e-09, 4.47418635474e-09, 2.30655716749e-09, 1.97516070166e-09, 1.12410636355e-09, 3.82656573095e-10, 3.52561285721e-10, 1.55502083432e-10, 8.57145465716e-11, 5.83443987567e-11, 1.5926508376e-11, 5.37738386805e-12, 3.4977051637e-12, 3.84723546423e-12, 9.75689928157e-12, 1.08855953765e-11, 6.11508153142e-12, 4.48460496169e-12, 2.90724215535e-12, 2.2449882231e-11, 2.62461719025e-11, 9.22557794047e-11],
        "max": [0.0114989466965, 0.0175911039114, 0.0134916920215, 0.0144043825567, 0.0169923044741, 0.0133225349709, 0.00706713320687, 0.0118861030787, 0.00267684157006, 0.00669954577461, 0.00306720519438, 0.00273077143356, 0.00166262174025, 0.00165996537544, 0.00256596854888, 0.00547308474779, 0.00161906203721, 0.00144376442768, 0.000818667700514, 0.00150673161261, 0.00120488810353, 0.00088858359959, 0.000468264857773, 0.000308500777464, 0.000411464076024, 0.000212327984627, 0.000147618789924, 0.000149859653902, 7.93538056314e-05, 5.99737250013e-05, 4.73820691695e-05, 6.92209214321e-05, 7.29513194528e-05, 6.82613899698e-05, 3.99984237447e-05, 4.0522612835e-05, 3.93059781345e-05, 0.000122077210108, 0.000125215534354, 0.000430759857409],
        "mean": [0.000833809550386, 0.00125452131033, 0.000879472820088, 0.00120359787252, 0.00113775546197, 0.000582061766181, 0.000270543125225, 0.000503604474943, 0.000162614727742, 0.00013440202747, 0.000127418563352, 5.97528269282e-05, 7.27955557522e-05, 4.50288243883e-05, 5.22021073266e-05, 4.60324627056e-05, 4.48727187177e-05, 3.74569062842e-05, 2.77306571661e-05, 2.34631170315e-05, 1.97676890821e-05, 1.68723581737e-05, 1.33208195621e-05, 9.46591990214e-06, 9.51802758209e-06, 6.93469110047e-06, 6.08597292739e-06, 4.83569056087e-06, 1.81207610694e-06, 7.51311006297e-07, 5.97930863933e-07, 6.48992966035e-07, 8.85366659986e-07, 1.09471909582e-06, 1.04250193544e-06, 7.52157120587e-07, 5.13305508321e-07, 8.62446086103e-07, 6.55773533254e-07, 4.71555296144e-07],
        "median": [0.000271737866569, 0.000477498891996, 0.000420367287006, 0.000683629885316, 0.000603672815487, 0.000216672517126, 0.000115008122521, 0.000203646006412, 7.64035939937e-05, 3.35621625709e-05, 3.39371690643e-05, 1.40153788379e-05, 2.28596582019e-05, 1.2291206076e-05, 1.27863022499e-05, 1.02659487311e-05, 1.15874481708e-05, 1.0708341506e-05, 6.41471251583e-06, 5.46041064808e-06, 4.74740227219e-06, 3.57807425644e-06, 2.28290309678e-06, 2.08464211937e-06, 2.07054654311e-06, 1.12097382043e-06, 1.0788594409e-06, 8.67463711529e-07, 3.77007182806e-07, 1.70795289023e-07, 1.50809540855e-07, 1.76832486432e-07, 2.2002092237e-07, 2.59791193002e-07, 2.33938266092e-07, 1.54135335606e-07, 1.04775409682e-07, 1.16709458098e-07, 5.81423620361e-08, 2.0911773646e-08],
        "min": [1.56748996896e-23, 5.30502647874e-24, 3.99621275696e-24, 2.21607791571e-24, 4.71745763298e-24, 8.07011648017e-24, 3.5584650843e-23, 4.30712058908e-23, 1.51765147246e-23, 1.86162212172e-23, 1.30107491741e-23, 6.57243407489e-24, 6.97066525935e-24, 1.02092350981e-23, 8.14050101672e-24, 6.49711521339e-24, 4.87269480951e-24, 8.45941381487e-24, 1.13270683558e-23, 1.93603915744e-23, 1.10990378559e-23, 1.2164669032e-23, 1.47814105848e-23, 1.75488245704e-23, 8.66751216622e-24, 9.82802910972e-24, 1.04908505527e-23, 5.45114008446e-24, 6.4363938285e-24, 6.82198706682e-24, 1.10436850639e-23, 7.75284293498e-24, 9.41749090629e-24, 1.29715617198e-23, 1.07456889127e-23, 8.36341417587e-24, 1.17493274545e-23, 8.70589498243e-24, 1.24601384618e-23, 1.51813599083e-23],
        "var": [1.42393298574e-06, 3.37514438797e-06, 1.37589393034e-06, 2.09255176742e-06, 2.33326295529e-06, 1.20374227208e-06, 2.17084121346e-07, 6.93417973707e-07, 6.00859308975e-08, 9.89540822616e-08, 6.12343953321e-08, 1.93527380787e-08, 1.80634263103e-08, 9.73272840099e-09, 1.68829572544e-08, 1.76210210867e-08, 8.83767903304e-09, 5.7948557064e-09, 3.71150665757e-09, 3.72474162624e-09, 2.46233677892e-09, 1.88048909777e-09, 9.88834569782e-10, 3.42085859639e-10, 3.94721783037e-10, 2.19643511712e-10, 1.48729500937e-10, 1.01869936098e-10, 1.81728937454e-11, 3.98635031235e-12, 2.67969760964e-12, 3.46286411004e-12, 6.93661707935e-12, 7.39723386711e-12, 5.79845633314e-12, 3.98996287398e-12, 3.16496742009e-12, 1.97002206215e-11, 1.93813680383e-11, 3.99577142207e-11]
    },
    "mfcc": {
        "mean": [-689.151428223, 153.398406982, -2.57202410698, 16.2331142426, 4.94918632507, -3.23879981041, -11.6447668076, -1.94760429859, -14.7859792709, 2.49801301956, -5.98041439056, -3.10227894783, -0.146496623755],
        "cov": [[8149.49755859, -1249.53588867, -636.668395996, 340.766906738, -161.451873779, 168.025299072, 200.571136475, 461.810333252, -167.029876709, 546.580810547, 4.78909873962, 10.7268896103, -62.6614723206], [-1249.53588867, 1639.39758301, -6.2641415596, 329.754150391, 155.207977295, 123.991622925, 147.951599121, -18.1531238556, 96.4614334106, -83.8286590576, 60.6508750916, 69.6958999634, 75.0038452148], [-636.668395996, -6.2641415596, 944.655334473, 98.2210159302, 234.818344116, 145.663040161, 12.1853075027, 12.1449174881, -1.3343641758, -60.1595840454, -2.21794271469, -20.23985672, 32.3047180176], [340.766906738, 329.754150391, 98.2210159302, 495.34072876, 159.630142212, 163.263565063, 74.8484725952, 100.934928894, 42.3223686218, 47.1284713745, 11.4963922501, 44.8894271851, 59.4201889038], [-161.451873779, 155.207977295, 234.818344116, 159.630142212, 290.439544678, 93.5371551514, 13.8907642365, 40.7769470215, 43.5382118225, 11.0757169724, -13.0030946732, 9.30360412598, 25.9446048737], [168.025299072, 123.991622925, 145.663040161, 163.263565063, 93.5371551514, 232.979385376, 104.947593689, 60.2705039978, 72.5649642944, 24.5775222778, 40.4572677612, 13.946852684, 20.9080734253], [200.571136475, 147.951599121, 12.1853075027, 74.8484725952, 13.8907642365, 104.947593689, 239.928237915, 70.7889556885, 46.0147972107, 76.27734375, 50.7556762695, 26.3846206665, 13.7567434311], [461.810333252, -18.1531238556, 12.1449174881, 100.934928894, 40.7769470215, 60.2705039978, 70.7889556885, 154.029083252, 37.1962394714, 55.2271270752, 18.4542636871, 24.5519123077, 17.0482711792], [-167.029876709, 96.4614334106, -1.3343641758, 42.3223686218, 43.5382118225, 72.5649642944, 46.0147972107, 37.1962394714, 202.951141357, 2.87663531303, 59.0766830444, 34.174911499, 21.3336257935], [546.580810547, -83.8286590576, -60.1595840454, 47.1284713745, 11.0757169724, 24.5775222778, 76.27734375, 55.2271270752, 2.87663531303, 184.851928711, 26.9747180939, 7.64299917221, 5.34522676468], [4.78909873962, 60.6508750916, -2.21794271469, 11.4963922501, -13.0030946732, 40.4572677612, 50.7556762695, 18.4542636871, 59.0766830444, 26.9747180939, 114.735610962, 40.1963386536, 12.9994096756], [10.7268896103, 69.6958999634, -20.23985672, 44.8894271851, 9.30360412598, 13.946852684, 26.3846206665, 24.5519123077, 34.174911499, 7.64299917221, 40.1963386536, 96.5362167358, 40.9941940308], [-62.6614723206, 75.0038452148, 32.3047180176, 59.4201889038, 25.9446048737, 20.9080734253, 13.7567434311, 17.0482711792, 21.3336257935, 5.34522676468, 12.9994096756, 40.9941940308, 78.4409942627]],
