{
"lowlevel": {
    "average_loudness": 0.704040646553,
    "barkbands_crest": {
        "dmean": 2.01193118095,
        "dmean2": 3.16491556168,
        "dvar": 4.43365812302,
        "dvar2": 10.0969400406,
        "max": 26.7218647003,
        "mean": 10.3340864182,
        "median": 8.79022026062,
        "min": 2.93853497505,
        "var": 25.1634273529
    },
    "barkbands_flatness_db": {
        "dmean": 0.0163703858852,
        "dmean2": 0.0246332250535,
        "dvar": 0.000278206018265,
        "dvar2": 0.000560823711567,
        "max": 0.431926041842,
        "mean": 0.168366834521,
        "median": 0.157331958413,
        "min": 0.0518952831626,
        "var": 0.00435810023919
    },
    "barkbands_kurtosis": {
        "dmean": 2.75995755196,
        "dmean2": 4.21078920364,
        "dvar": 74.7333755493,
        "dvar2": 171.319717407,
        "max": 308.547943115,
        "mean": 5.90496873856,
        "median": 1.72401857376,
        "min": -1.89244735241,
        "var": 335.661621094
    },
    "barkbands_skewness": {
        "dmean": 0.420932322741,
        "dmean2": 0.633917570114,
        "dvar": 0.299914747477,
        "dvar2": 0.60980707407,
        "max": 15.0440387726,
        "mean": 1.17433714867,
        "median": 1.04375815392,
        "min": -2.23448991776,
        "var": 3.27723908424
    },
    "barkbands_spread": {
        "dmean": 3.78758192062,
        "dmean2": 5.79097652435,
        "dvar": 32.4553642273,
        "dvar2": 63.945602417,
        "max": 114.107055664,
        "mean": 17.5399112701,
        "median": 16.1774272919,
        "min": 0.287374526262,
        "var": 121.007911682
    },
    "dissonance": {
        "dmean": 0.0196971278638,
        "dmean2": 0.032854963094,
        "dvar": 0.000395842420403,
        "dvar2": 0.00108369020745,
        "max": 0.500000059605,
        "mean": 0.450308561325,
        "median": 0.458213418722,
        "min": 0.226148918271,
        "var": 0.00164545234293
    },
    "dynamic_complexity": 3.02424263954,
    "erbbands_crest": {
        "dmean": 2.4071958065,
        "dmean2": 3.81254816055,
        "dvar": 6.00897693634,
        "dvar2": 13.9563093185,
        "max": 31.8627624512,
        "mean": 10.4898900986,
        "median": 9.1862859726,
        "min": 2.48814725876,
        "var": 31.8325252533
    },
    "erbbands_flatness_db": {
        "dmean": 0.0149482702836,
        "dmean2": 0.0219146423042,
        "dvar": 0.000237669082708,
        "dvar2": 0.00045405846322,
        "max": 0.41831099987,
        "mean": 0.208083435893,
        "median": 0.211718156934,
        "min": 0.0768717378378,
        "var": 0.00376249151304
    },
    "erbbands_kurtosis": {
        "dmean": 1.0920343399,
        "dmean2": 1.68436086178,
        "dvar": 6.37996435165,
        "dvar2": 13.9052762985,
        "max": 70.9160614014,
        "mean": 1.33639037609,
        "median": 0.0262045860291,
        "min": -1.87938046455,
        "var": 33.4654464722
    },
    "erbbands_skewness": {
        "dmean": 0.349477857351,
        "dmean2": 0.526682972908,
        "dvar": 0.153093829751,
        "dvar2": 0.306285530329,
        "max": 7.13542795181,
        "mean": 0.50137168169,
        "median": 0.343871384859,
        "min": -3.38872456551,
        "var": 1.27767431736
    },
    "erbbands_spread": {
        "dmean": 5.29142570496,
        "dmean2": 8.11677837372,
        "dvar": 50.5907821655,
        "dvar2": 107.420425415,
        "max": 152.854904175,
        "mean": 29.7051963806,
        "median": 28.4564666748,
        "min": 1.85239577293,
        "var": 227.888793945
    },
    "hfc": {
        "dmean": 4.79345464706,
        "dmean2": 6.94692754745,
        "dvar": 59.0159187317,
        "dvar2": 116.809867859,
        "max": 163.92376709,
        "mean": 16.8734302521,
        "median": 13.4242744446,
        "min": 1.05179012589e-16,
        "var": 254.18208313
    },
    "melbands_crest": {
        "dmean": 2.38493824005,
        "dmean2": 3.72331976891,
        "dvar": 6.17947816849,
        "dvar2": 13.9623661041,
        "max": 34.5035362244,
        "mean": 12.4963760376,
        "median": 11.222905159,
        "min": 1.54725432396,
        "var": 46.8742027283
    },
    "melbands_flatness_db": {
        "dmean": 0.0178908742964,
        "dmean2": 0.025845663622,
        "dvar": 0.000433983717812,
        "dvar2": 0.000812694081105,
        "max": 0.500462293625,
        "mean": 0.19828030467,
        "median": 0.199318930507,
        "min": 0.00139883405063,
        "var": 0.00889401882887
    },
    "melbands_kurtosis": {
        "dmean": 4.11192464828,
        "dmean2": 6.26507711411,
        "dvar": 76.4202423096,
        "dvar2": 158.802398682,
        "max": 246.807678223,
        "mean": 10.2033557892,
        "median": 3.93500423431,
        "min": -1.81228113174,
        "var": 429.964691162
    },
    "melbands_skewness": {
        "dmean": 0.469690769911,
        "dmean2": 0.714843392372,
        "dvar": 0.303073018789,
        "dvar2": 0.628314614296,
        "max": 12.3087491989,
        "mean": 1.96288347244,
        "median": 1.69945347309,
        "min": -1.10820817947,
        "var": 2.70363116264
    },
    "melbands_spread": {
        "dmean": 5.92315864563,
        "dmean2": 9.13192749023,
        "dvar": 80.323425293,
        "dvar2": 167.308395386,
        "max": 172.404403687,
        "mean": 31.9455356598,
        "median": 20.7629318237,
        "min": 0.474509477615,
        "var": 1329.05212402
    },
    "pitch_salience": {
        "dmean": 0.0515449568629,
        "dmean2": 0.0806394964457,
        "dvar": 0.00264217634685,
        "dvar2": 0.00602702470496,
        "max": 0.972819268703,
        "mean": 0.557950079441,
        "median": 0.552710831165,
        "min": 0.0480556376278,
        "var": 0.0228157564998
    },
    "silence_rate_20dB": {
        "dmean": 0,
        "dmean2": 0,
        "dvar": 0,
        "dvar2": 0,
        "max": 1,
        "mean": 1,
        "median": 1,
        "min": 1,
        "var": 0
    },
    "silence_rate_30dB": {
        "dmean": 0.000222172850044,
        "dmean2": 0.000444395060185,
        "dvar": 0.000222077229409,
        "dvar2": 0.000666209904011,
        "max": 1,
        "mean": 0.999888896942,
        "median": 1,
        "min": 0,
        "var": 0.000111050176201
    },
    "silence_rate_60dB": {
        "dmean": 0.0171073097736,
        "dmean2": 0.0342184193432,
        "dvar": 0.0168125107884,
        "dvar2": 0.0368193872273,
        "max": 1,
        "mean": 0.176496729255,
        "median": 0,
        "min": 0,
        "var": 0.145324677229
    },
    "spectral_centroid": {
        "dmean": 211.378417969,
        "dmean2": 319.082763672,
        "dvar": 79977.2890625,
        "dvar2": 160206.46875,
        "max": 12164.9941406,
        "mean": 2147.41186523,
        "median": 1200.74414062,
        "min": 287.880310059,
        "var": 8877771
    },
    "spectral_complexity": {
        "dmean": 2.1557431221,
        "dmean2": 3.38073539734,
        "dvar": 6.60249042511,
        "dvar2": 13.6704015732,
        "max": 48,
        "mean": 14.5110521317,
        "median": 15,
        "min": 0,
        "var": 76.7876052856
    },
    "spectral_decrease": {
        "dmean": 1.34288213882e-09,
        "dmean2": 1.99220751007e-09,
        "dvar": 3.51128037066e-18,
        "dvar2": 7.47263963878e-18,
        "max": 2.69664160804e-28,
        "mean": -5.31844079887e-09,
        "median": -5.12520514917e-09,
        "min": -4.70734100588e-08,
        "var": 1.74222484608e-17
    },
    "spectral_energy": {
        "dmean": 0.00540395407006,
        "dmean2": 0.00801962148398,
        "dvar": 5.57365019631e-05,
        "dvar2": 0.000118262993055,
        "max": 0.185816124082,
        "mean": 0.0216034762561,
        "median": 0.0209096204489,
        "min": 9.65865439404e-21,
        "var": 0.000284394365735
    },
    "spectral_energyband_high": {
        "dmean": 0.000193123836652,
        "dmean2": 0.000273323559668,
        "dvar": 6.76081640449e-07,
        "dvar2": 1.2091309145e-06,
        "max": 0.0280860327184,
        "mean": 0.000349549023667,
        "median": 0.000106353538285,
        "min": 6.85112988582e-21,
        "var": 1.38539212458e-06
    },
    "spectral_energyband_low": {
        "dmean": 0.000972183013801,
        "dmean2": 0.00155606609769,
        "dvar": 6.93530819262e-06,
        "dvar2": 1.75653422048e-05,
        "max": 0.0602667033672,
        "mean": 0.00323928403668,
        "median": 0.0010334700346,
        "min": 1.05272067852e-23,
        "var": 2.13373150473e-05
    },
    "spectral_energyband_middle_high": {
        "dmean": 0.00177107576746,
        "dmean2": 0.00264608650468,
        "dvar": 9.1534875537e-06,
        "dvar2": 1.97422687052e-05,
        "max": 0.0600050203502,
        "mean": 0.00560467457399,
        "median": 0.00312259513885,
        "min": 1.07718312897e-21,
        "var": 4.62457428512e-05
    },
    "spectral_energyband_middle_low": {
        "dmean": 0.00420750211924,
        "dmean2": 0.00619385484606,
        "dvar": 3.94752605644e-05,
        "dvar2": 8.5085091996e-05,
        "max": 0.182797700167,
        "mean": 0.0129943424836,
        "median": 0.0105111924931,
        "min": 1.28712791972e-22,
        "var": 0.000144674995681
    },
    "spectral_entropy": {
        "dmean": 0.138448044658,
        "dmean2": 0.20167376101,
        "dvar": 0.0286181699485,
        "dvar2": 0.0530763827264,
        "max": 9.82939052582,
        "mean": 7.3751502037,
        "median": 7.24185562134,
        "min": 4.65081930161,
        "var": 0.940300703049
    },
    "spectral_flux": {
        "dmean": 0.0180786978453,
        "dmean2": 0.0294644478709,
        "dvar": 0.000474362284876,
        "dvar2": 0.00116300175432,
        "max": 0.304493993521,
        "mean": 0.0606668628752,
        "median": 0.0576272569597,
        "min": 6.23502638408e-11,
        "var": 0.00168217590544
    },
    "spectral_kurtosis": {
        "dmean": 2.66725564003,
        "dmean2": 4.63811588287,
        "dvar": 10.5728149414,
        "dvar2": 31.9199047089,
        "max": 41.563747406,
        "mean": 6.01569461823,
        "median": 5.04623985291,
        "min": -1.56346917152,
        "var": 29.1709251404
    },
    "spectral_rms": {
        "dmean": 0.000521855137777,
        "dmean2": 0.000760353694204,
        "dvar": 3.92483656242e-07,
        "dvar2": 7.80153868618e-07,
        "max": 0.0134641751647,
        "mean": 0.00406087748706,
        "median": 0.00451659504324,
        "min": 3.06970312884e-12,
        "var": 4.58587010144e-06
    },
    "spectral_rolloff": {
        "dmean": 356.84262085,
        "dmean2": 601.374938965,
        "dvar": 542851.1875,
        "dvar2": 1109005.25,
        "max": 19810.546875,
        "mean": 3083.2331543,
        "median": 1248.92578125,
        "min": 107.666015625,
        "var": 27873084
    },
    "spectral_skewness": {
        "dmean": 0.284463346004,
        "dmean2": 0.475787848234,
        "dvar": 0.0918852463365,
        "dvar2": 0.248573049903,
        "max": 5.08112859726,
        "mean": 1.5931622982,
        "median": 1.63271999359,
        "min": -0.173166707158,
        "var": 0.608231186867
    },
    "spectral_spread": {
        "dmean": 450231.125,
        "dmean2": 693910.25,
        "dvar": 600703238144,
        "dvar2": 1.18147173581e+12,
        "max": 43861356,
        "mean": 7013361.5,
        "median": 3226532.75,
        "min": 1541854.25,
        "var": 1.23598161314e+14
    },
    "spectral_strongpeak": {
        "dmean": 0.579901397228,
        "dmean2": 0.958636343479,
        "dvar": 0.857090473175,
        "dvar2": 2.15919542313,
        "max": 11.9188089371,
        "mean": 1.33434545994,
        "median": 0.914441585541,
        "min": 0,
        "var": 1.99383449554
    },
    "zerocrossingrate": {
        "dmean": 0.00789695419371,
        "dmean2": 0.00987753737718,
        "dvar": 0.000162701850059,
        "dvar2": 0.000201182207093,
        "max": 0.76171875,
        "mean": 0.0944235473871,
        "median": 0.04833984375,
        "min": 0.005859375,
        "var": 0.0187740884721
    },
    "barkbands": {
        "dmean": [4.74358421343e-05, 0.000558087893296, 0.000470046856208, 0.000317629892379, 0.000990062602796, 0.00247927615419, 0.000836256134789, 0.000542366527952, 0.000862844812218, 0.000565313559491, 0.000370176596334, 0.000369685614714, 0.000299920822727, 0.000303117907606, 0.000356047588866, 0.000274293532129, 0.000157851638505, 0.000223562470637, 0.000186963225133, 0.000102127123682, 4.80728522234e-05, 4.38040551671e-05, 4.5447381126e-05, 2.54146798397e-05, 1.52385628098e-05, 3.05461867356e-06, 8.50581205469e-09],
        "dmean2": [8.02570284577e-05, 0.000891031464562, 0.000753071450163, 0.0005153233069, 0.0015377283562, 0.00367235927843, 0.00126465887297, 0.000792532868218, 0.00129404012114, 0.000873881333973, 0.000574033765588, 0.000566911592614, 0.000475057429867, 0.000467317906441, 0.000560366839636, 0.000426621409133, 0.000247165211476, 0.000339898571838, 0.000283316214336, 0.000156792331836, 7.33634587959e-05, 6.32003939245e-05, 6.7100932938e-05, 3.79867087759e-05, 2.29970992223e-05, 4.64168488179e-06, 1.46932164213e-08],
        "dvar": [1.51919810065e-08, 2.29129022955e-06, 1.84355917554e-06, 5.48444916149e-07, 4.01428678742e-06, 2.07902285183e-05, 7.11523080099e-06, 4.82543009639e-06, 3.42121870744e-06, 2.62817752628e-06, 1.24010500713e-06, 1.06530364974e-06, 1.02237208921e-06, 7.192090834e-07, 1.10257894903e-06, 7.97808297648e-07, 2.28393801649e-07, 2.63461288341e-07, 2.11773226511e-07, 1.48350522977e-07, 5.41252163089e-08, 6.61360388676e-08, 5.74879983617e-08, 1.37900668662e-08, 9.04795349754e-09, 1.71365713286e-10, 1.72639693035e-15],
        "dvar2": [4.12559941765e-08, 5.80536288908e-06, 4.81923552798e-06, 1.38310360853e-06, 9.60106171988e-06, 4.49450235465e-05, 1.54838362505e-05, 1.11957206173e-05, 7.55818336984e-06, 6.02078489464e-06, 2.75508455161e-06, 2.41848192672e-06, 2.33779178416e-06, 1.59440969583e-06, 2.52895597441e-06, 1.82746828159e-06, 5.03578064581e-07, 5.98876283675e-07, 4.41283305008e-07, 3.43077118714e-07, 1.11941773184e-07, 1.26533095113e-07, 1.14495470882e-07, 3.03817344616e-08, 1.9830411091e-08, 3.86734144708e-10, 4.12495473841e-15],
        "max": [0.00307756778784, 0.0313930511475, 0.0467572361231, 0.0262369215488, 0.0393075048923, 0.0815132409334, 0.0740723386407, 0.070732280612, 0.0328815355897, 0.0528673827648, 0.0349392443895, 0.027773257345, 0.0348655357957, 0.021721161902, 0.029342494905, 0.0426537953317, 0.0150417322293, 0.0110498024151, 0.0120870163664, 0.0146354297176, 0.00964372605085, 0.00996924843639, 0.00686255563051, 0.00417047645897, 0.00327455834486, 0.000389320892282, 2.6514298952e-06],
        "mean": [9.57439697231e-05, 0.00158055813517, 0.00115561392158, 0.000775365624577, 0.00241716764867, 0.00521900970489, 0.00156055844855, 0.00101884931792, 0.00166356284171, 0.00106357969344, 0.000747573270928, 0.000688874220941, 0.000474152708193, 0.000511123507749, 0.000641591614112, 0.000477047840832, 0.000293745077215, 0.000418275303673, 0.000354800082278, 0.00017471089086, 7.54533830332e-05, 6.2173778133e-05, 6.72685564496e-05, 4.19760835939e-05, 2.11569295061e-05, 3.54164376404e-06, 9.00557761696e-09],
        "median": [1.70197890839e-05, 0.000311252922984, 0.000184940668987, 0.000202164810617, 0.00124648911878, 0.00193932023831, 0.000433806562796, 0.000349484849721, 0.000493273779284, 0.000165301855304, 0.000150104373461, 0.000192800303921, 0.000133936700877, 0.000149394356413, 0.000144744335557, 0.000116296010674, 8.25443057693e-05, 0.000105828745291, 0.000107539592136, 5.50164259039e-05, 1.94155600184e-05, 1.12355000965e-05, 1.34013416755e-05, 9.87740531855e-06, 2.22733092414e-06, 6.81456029383e-08, 2.64878474709e-09],
        "min": [8.35738656365e-26, 9.98225181112e-25, 3.52840275877e-25, 4.2028615764e-25, 4.21324850794e-24, 5.72680989438e-24, 4.71196716108e-24, 4.04729426159e-24, 6.95281097048e-24, 5.96660704349e-24, 3.59651429122e-24, 1.04379881946e-23, 1.61056871636e-23, 1.66061499882e-23, 2.58152001775e-23, 3.79862873818e-23, 3.75811000219e-23, 6.11206715684e-23, 1.05182200818e-22, 1.48163703757e-22, 1.8727643718e-22, 2.76193051884e-22, 3.39583919987e-22, 5.75802979045e-22, 7.63383651478e-22, 1.1839614226e-21, 1.76650538847e-21],
        "var": [4.4100467278e-08, 6.46733633403e-06, 5.41872486792e-06, 2.26804377235e-06, 1.33531902975e-05, 6.36035547359e-05, 1.6737560145e-05, 8.37753759697e-06, 8.99418500921e-06, 7.21223250366e-06, 4.5448059609e-06, 3.25165819959e-06, 1.75724380824e-06, 1.53030953243e-06, 2.47939419751e-06, 1.66770792021e-06, 5.11566838668e-07, 6.67988729219e-07, 4.63405143591e-07, 2.23829587753e-07, 9.88405446378e-08, 1.053883949e-07, 9.50095113694e-08, 2.79111525003e-08, 1.5066975223e-08, 2.14568626755e-10, 1.77312403228e-15]
    },
    "erbbands": {
        "dmean": [0.0155704449862, 0.14010822773, 0.499618142843, 0.795204102993, 1.61830699444, 3.53181028366, 11.1136837006, 23.7782688141, 15.8784246445, 8.38254070282, 11.9922227859, 17.737487793, 20.7423400879, 14.1288414001, 12.9575300217, 13.5589990616, 12.4846134186, 13.1459627151, 18.1399383545, 14.3454942703, 12.3144721985, 8.65926551819, 12.4155635834, 10.6161689758, 6.94410419464, 4.44140911102, 2.45009684563, 1.72211146355, 1.58214557171, 1.77224624157, 1.0741918087, 0.424505740404, 0.503827929497, 0.256102025509, 0.06049811095, 0.0175656937063, 0.00547655578703, 0.00022156702471, 8.27434541861e-06, 6.66703635943e-06],
        "dmean2": [0.0244946423918, 0.225152224302, 0.801800966263, 1.28002536297, 2.5779030323, 5.58835411072, 16.7441387177, 34.9433898926, 23.4940738678, 12.1082029343, 17.8229408264, 26.4780101776, 31.6103172302, 21.7828292847, 20.0482273102, 20.8174381256, 19.7044239044, 20.3044452667, 28.0623970032, 22.5597572327, 18.601474762, 13.124288559, 18.808588028, 16.0210609436, 10.4688606262, 6.73172140121, 3.74918794632, 2.57089114189, 2.26103019714, 2.5728161335, 1.5807839632, 0.630426108837, 0.763702690601, 0.387015491724, 0.0885214284062, 0.0261595509946, 0.00859881937504, 0.000342298677424, 1.22602023112e-05, 9.88561077975e-06],
        "dvar": [0.00193627621047, 0.150197535753, 2.26374101639, 3.53058981895, 12.1785507202, 57.7330665588, 501.34552002, 2390.55932617, 2059.21362305, 509.770385742, 2528.17675781, 1669.46850586, 2484.90039062, 1718.1619873, 1394.70568848, 1595.20251465, 1700.77099609, 1173.43029785, 2623.83081055, 2027.9831543, 1133.63354492, 568.90826416, 861.595458984, 547.445251465, 563.792663574, 239.910125732, 121.873168945, 88.5537872314, 84.7495498657, 104.197380066, 29.0029029846, 2.46017622948, 6.66665410995, 2.96917724609, 0.117714710534, 0.00529227778316, 0.000622434250545, 2.5212161745e-06, 9.67041557942e-10, 8.35650784681e-11],
        "dvar2": [0.00511266663671, 0.381991505623, 5.91531085968, 8.89928245544, 32.0991897583, 149.06690979, 1080.77722168, 5098.84521484, 4390.43896484, 996.857910156, 6142.81494141, 3653.88061523, 5688.00878906, 3953.68823242, 3209.41040039, 3692.45458984, 3782.52368164, 2696.68603516, 5822.5703125, 4382.65039062, 2341.1262207, 1189.13037109, 1954.60754395, 1200.6652832, 1148.30993652, 512.949523926, 258.131195068, 181.528778076, 160.729278564, 197.497009277, 59.1326179504, 5.21988964081, 14.1173496246, 6.72421360016, 0.240378260612, 0.0118589960039, 0.00141216081101, 5.59501677344e-06, 2.10388018118e-09, 1.77702394466e-10],
        "max": [1.19289779663, 7.54290914536, 40.211227417, 58.4274406433, 92.2873306274, 145.435653687, 430.678314209, 955.059936523, 1316.22790527, 983.204345703, 1773.29223633, 985.278259277, 948.944885254, 1216.32434082, 1444.72949219, 1295.88244629, 1706.25439453, 718.09161377, 2201.64916992, 2196.89038086, 879.389526367, 603.387268066, 618.199401855, 587.118774414, 1068.73376465, 557.093994141, 552.143676758, 338.032409668, 352.044494629, 370.860717773, 127.948295593, 42.0310668945, 94.099067688, 72.6158370972, 18.5665607452, 3.14513897896, 0.858670771122, 0.0886872187257, 0.00152122427244, 0.000209970981814],
        "mean": [0.0420121997595, 0.368360668421, 1.2596758604, 2.15214776993, 3.92625212669, 8.14086723328, 25.1168022156, 47.989074707, 31.2019882202, 17.8295936584, 23.380607605, 34.8085899353, 40.3545799255, 30.7332458496, 27.5079269409, 26.7288532257, 22.1157588959, 24.1882724762, 36.0706672668, 27.359910965, 23.6821670532, 17.9981021881, 24.3181991577, 21.0210056305, 13.4899377823, 7.84530496597, 4.13437891006, 2.58984184265, 2.25095820427, 2.53328609467, 1.62299883366, 0.724193513393, 0.805954873562, 0.363344550133, 0.083674646914, 0.0227925665677, 0.00580678088591, 0.000235268074903, 1.91372873815e-05, 2.64398368017e-05],
        "median": [0.0098984092474, 0.0684721171856, 0.247190445662, 0.636988162994, 1.92605233192, 4.1703248024, 9.27962398529, 16.5722427368, 11.0239496231, 7.0747833252, 9.7850227356, 10.9695768356, 10.0094385147, 7.16484022141, 7.66124629974, 8.2652349472, 7.5181760788, 8.42210006714, 10.671216011, 8.116314888, 6.96567678452, 5.3897986412, 6.35617542267, 7.1274433136, 4.51516914368, 2.57030916214, 1.31498932838, 0.593811392784, 0.410068869591, 0.47707977891, 0.334835976362, 0.195352777839, 0.15719473362, 0.0444472581148, 0.00870261434466, 0.00114377296995, 6.36043259874e-05, 1.88128360605e-05, 1.3201265574e-05, 2.57251449511e-05],
        "min": [4.51164192954e-23, 2.42538604837e-22, 1.08266158495e-21, 1.85254368323e-21, 5.02388750879e-21, 1.35849164469e-20, 3.05999828731e-20, 3.38978324219e-20, 4.09759296818e-20, 8.61669455829e-20, 1.66462563178e-19, 2.82331813261e-19, 3.64573651128e-19, 4.0986840711e-19, 5.91613894662e-19, 5.73475426491e-19, 8.24401027201e-19, 1.56147308162e-18, 1.29098253977e-18, 2.49313725549e-18, 3.12776945339e-18, 2.9955946769e-18, 3.80274324976e-18, 4.75797845217e-18, 5.73767586684e-18, 7.33273113716e-18, 6.8710340744e-18, 7.41037361817e-18, 8.3633510311e-18, 9.94886022356e-18, 8.84571644223e-18, 9.80151040514e-18, 8.57040261023e-18, 7.51301432448e-18, 5.67408925238e-18, 2.91273930366e-18, 2.17536672419e-18, 8.62268528463e-19, 2.34657672247e-19, 2.46958584663e-20],
        "var": [0.00515045551583, 0.37224406004, 5.49535942078, 13.2695274353, 34.6952552795, 153.559860229, 1995.15783691, 6885.765625, 5136.98535156, 1462.55371094, 3643.31274414, 4268.22314453, 6654.41943359, 5177.84228516, 6535.50537109, 4722.46582031, 3266.45678711, 2552.15136719, 8649.16308594, 4295.89746094, 2944.32348633, 1634.51098633, 2276.0793457, 1239.14575195, 976.250366211, 418.806243896, 212.014038086, 152.024490356, 137.220550537, 176.567764282, 47.3527832031, 5.133061409, 13.7010784149, 4.66628789902, 0.197715848684, 0.00717197312042, 0.000768953119405, 3.20155550071e-06, 1.50320866865e-09, 4.26511381768e-10]
    },
    "gfcc": {
        "mean": [-148.673812866, 113.833267212, -137.084640503, 25.2480983734, -61.8963890076, 0.193777963519, -38.884513855, 2.01674938202, -13.5029602051, -8.37418556213, 2.01211810112, -8.51972198486, 1.04805397987],
        "cov": [[112493.953125, 12003.3144531, -14481.9902344, 3613.48925781, -6475.29589844, 800.216430664, -4154.63525391, 714.864440918, -1760.79199219, -796.341247559, 73.6537017822, -871.024108887, 69.6335830688], [12003.3144531, 2712.59985352, -1529.21862793, 305.474029541, -537.574035645, -280.97442627, -293.865112305, -206.769958496, -40.6788673401, -281.588287354, 250.417770386, -275.807922363, 99.7069473267], [-14481.9902344, -1529.21862793, 2711.6027832, -199.851867676, 937.452331543, 74.8987808228, 552.463256836, -54.0325469971, 159.625686646, 153.734344482, -66.9785232544, 187.505477905, -58.7562484741], [3613.48925781, 305.474029541, -199.851867676, 490.620239258, -127.516746521, 109.324577332, -98.5823669434, 61.7388420105, -37.0445289612, -47.4771156311, -16.2526531219, -14.2528829575, -6.94007396698], [-6475.29589844, -537.574035645, 937.452331543, -127.516746521, 650.264526367, 72.4562454224, 323.352081299, 14.7108802795, 87.8665008545, 62.5460510254, -28.4204883575, 37.097278595, -9.23241615295], [800.216430664, -280.97442627, 74.8987808228, 109.324577332, 72.4562454224, 480.02154541, 72.6205825806, 157.418075562, -118.845352173, 117.004806519, -97.8112487793, 18.9847545624, -27.5588855743], [-4154.63525391, -293.865112305, 552.463256836, -98.5823669434, 323.352081299, 72.6205825806, 389.958251953, 11.3345994949, 56.897567749, 70.9596481323, 6.94511270523, 3.79640364647, -18.9054374695], [714.864440918, -206.769958496, -54.0325469971, 61.7388420105, 14.7108802795, 157.418075562, 11.3345994949, 223.562667847, -18.1150302887, 53.9005966187, -58.0591964722, 25.3996429443, -17.264787674], [-1760.79199219, -40.6788673401, 159.625686646, -37.0445289612, 87.8665008545, -118.845352173, 56.897567749, -18.1150302887, 180.61050415, -17.7534313202, 35.6573219299, 11.9942111969, 12.5455970764], [-796.341247559, -281.588287354, 153.734344482, -47.4771156311, 62.5460510254, 117.004806519, 70.9596481323, 53.9005966187, -17.7534313202, 158.142669678, -38.9568710327, 45.3903617859, -30.8500270844], [73.6537017822, 250.417770386, -66.9785232544, -16.2526531219, -28.4204883575, -97.8112487793, 6.94511270523, -58.0591964722, 35.6573219299, -38.9568710327, 187.968353271, -40.1226234436, 54.3927650452], [-871.024108887, -275.807922363, 187.505477905, -14.2528829575, 37.097278595, 18.9847545624, 3.79640364647, 25.3996429443, 11.9942111969, 45.3903617859, -40.1226234436, 152.831222534, -5.29368019104], [69.6335830688, 99.7069473267, -58.7562484741, -6.94007396698, -9.23241615295, -27.5588855743, -18.9054374695, -17.264787674, 12.5455970764, -30.8500270844, 54.3927650452, -5.29368019104, 94.9038772583]],
        "icov": [[0.000365935149603, -0.00108919781633, 0.000737179187126, -0.000970312335994, 0.00103355548345, -0.000586367386859, 0.00108464516234, -0.000974837515969, 0.0010085250251, -0.000722323195077, 0.000327049579937, -0.00067465682514, 0.000637067540083], [-0.00108919781633, 0.00409326748922, -0.00177361280657, 0.00241828709841, -0.00313002709299, 0.00189119612332, -0.00339159602299, 0.00351851689629, -0.00292882882059, 0.00258183549158, -0.0015075536212, 0.00260397582315, -0.00197761785239], [0.000737179187126, -0.00177361280657, 0.00258274632506, -0.00227641128004, 0.00100621441379, -0.00110150652472, 0.00175312987994, -0.00117440347094, 0.00194581970572, -0.00143112405203, 0.000413819157984, -0.00189969013445, 0.00160307111219], [-0.000970312335994, 0.00241828709841, -0.00227641128004, 0.00542786391452, -0.00226028356701, 0.000494691659696, -0.00236455723643, 0.00176731403917, -0.00300293113105, 0.00307678873651, -0.000785863143392, 0.00146156561095, -0.00113786489237], [0.00103355548345, -0.00313002709299, 0.00100621441379, -0.00226028356701, 0.0070294146426, -0.00209212093614, 0.00132719264366, -0.00320718460716, 0.00204505072907, -0.00154726777691, 0.00156581983902, -0.00140516285319, 0.000995897105895], [-0.000586367386859, 0.00189119612332, -0.00110150652472, 0.000494691659696, -0.00209212093614, 0.00536068622023, -0.00247067445889, -0.000214939238504, 0.000937065749895, -0.000978257739916, 0.000399596407078, 0.00166172580793, -0.00195878650993], [0.00108464516234, -0.00339159602299, 0.00175312987994, -0.00236455723643, 0.00132719264366, -0.00247067445889, 0.00836786348373, -0.0029696370475, 0.00211006915197, -0.00332058686763, 8.22953952593e-05, -0.00110245996621, 0.0027512323577], [-0.000974837515969, 0.00351851689629, -0.00117440347094, 0.00176731403917, -0.00320718460716, -0.000214939238504, -0.0029696370475, 0.00959347561002, -0.0037876109127, 0.00127830985002, -0.000334180949721, 0.0014581886353, -0.00161082949489], [0.0010085250251, -0.00292882882059, 0.00194581970572, -0.00300293113105, 0.00204505072907, 0.000937065749895, 0.00211006915197, -0.0037876109127, 0.0108078280464, -0.00188897189219, 0.000164384196978, -0.00244144978933, 0.00125136668794], [-0.000722323195077, 0.00258183549158, -0.00143112405203, 0.00307678873651, -0.00154726777691, -0.000978257739916, -0.00332058686763, 0.00127830985002, -0.00188897189219, 0.0118839908391, -0.00127709028311, -0.000726019556168, 0.00109716726001], [0.000327049579937, -0.0015075536212, 0.000413819157984, -0.000785863143392, 0.00156581983902, 0.000399596407078, 8.22953952593e-05, -0.000334180949721, 0.000164384196978, -0.00127709028311, 0.00847207475454, 0.000655799871311, -0.00348935299553], [-0.00067465682514, 0.00260397582315, -0.00189969013445, 0.00146156561095, -0.00140516285319, 0.00166172580793, -0.00110245996621, 0.0014581886353, -0.00244144978933, -0.000726019556168, 0.000655799871311, 0.0102722458541, -0.00263463403098], [0.000637067540083, -0.00197761785239, 0.00160307111219, -0.00113786489237, 0.000995897105895, -0.00195878650993, 0.0027512323577, -0.00161082949489, 0.00125136668794, 0.00109716726001, -0.00348935299553, -0.00263463403098, 0.0148837631568]]
    },
    "melbands": {
        "dmean": [0.000139483294333, 0.000228156917728, 0.000148465042002, 0.000170254308614, 0.000338374491548, 0.000507263641339, 0.000224807925406, 9.88982355921e-05, 9.82968995231e-05, 0.000124442842207, 0.000107324180135, 6.11253417446e-05, 4.23779929406e-05, 4.18505405833e-05, 3.59966397809e-05, 3.04229070025e-05, 2.54730693996e-05, 3.10154428007e-05, 2.55098275375e-05, 2.03265335585e-05, 1.38908571898e-05, 1.03323536678e-05, 8.68349070515e-06, 1.24999887703e-05, 9.40198151511e-06, 6.40905000182e-06, 4.45043860964e-06, 2.91188121082e-06, 1.85026942745e-06, 1.17791398679e-06, 9.9289809441e-07, 9.28785311771e-07, 8.80437085016e-07, 1.12687700948e-06, 7.52666380777e-07, 3.18977242841e-07, 2.73526353567e-07, 3.62397543086e-07, 3.63393468206e-07, 1.8962167303e-07],
        "dmean2": [0.000221937996685, 0.000365979241906, 0.000237984102569, 0.000270365475444, 0.000509824894834, 0.000746600038838, 0.00033232595888, 0.000142234363011, 0.000145945246913, 0.000186086108442, 0.000164085126016, 9.4169343356e-05, 6.53406823403e-05, 6.4216539613e-05, 5.62047825952e-05, 4.83066687593e-05, 3.93657464883e-05, 4.82930372527e-05, 4.04062739108e-05, 3.15900251735e-05, 2.11027600017e-05, 1.59386854648e-05, 1.34520432766e-05, 1.89624006453e-05, 1.44231453305e-05, 9.76947649178e-06, 6.90519482305e-06, 4.4723233259e-06, 2.88741739496e-06, 1.80915799319e-06, 1.51911524426e-06, 1.35770881116e-06, 1.28515432607e-06, 1.63898403116e-06, 1.11876931896e-06, 4.87480576794e-07, 4.16862803831e-07, 5.52016047095e-07, 5.66699668525e-07, 2.88680212179e-07],
        "dvar": [1.41774393114e-07, 4.55752200423e-07, 1.05433663578e-07, 1.38109840009e-07, 4.21548094209e-07, 9.97527649815e-07, 3.96993925733e-07, 7.97494053018e-08, 1.34466617396e-07, 8.35608560124e-08, 6.61930528167e-08, 3.38742189854e-08, 1.56452095723e-08, 1.53995483032e-08, 1.68967932979e-08, 1.21373178175e-08, 4.76481076817e-09, 8.48190673253e-09, 6.49905063099e-09, 4.92080154402e-09, 1.70862779481e-09, 9.67823265974e-10, 4.74268901929e-10, 1.01030273036e-09, 4.70287309096e-10, 3.57192803113e-10, 3.84589637914e-10, 1.05879860435e-10, 7.27741200635e-11, 3.16187423466e-11, 3.11724361601e-11, 2.92019949888e-11, 3.01084018828e-11, 4.01648020398e-11, 1.54801796381e-11, 1.7808465206e-12, 1.11545169802e-12, 2.7156766419e-12, 6.55471423666e-12, 1.57331439543e-12],
        "dvar2": [3.65623350262e-07, 1.18260470572e-06, 2.68253927516e-07, 3.71951500711e-07, 9.1424897164e-07, 2.13357088796e-06, 8.42593237849e-07, 1.54168446898e-07, 3.22400609321e-07, 1.83039475132e-07, 1.51523124714e-07, 7.78238771204e-08, 3.54073961262e-08, 3.48200543954e-08, 4.04294269174e-08, 2.69659139462e-08, 1.08339870408e-08, 1.86566992966e-08, 1.58368429481e-08, 1.05103730164e-08, 3.44184436507e-09, 2.10507766774e-09, 1.08886311079e-09, 2.28106111777e-09, 1.04141095747e-09, 7.43194950026e-10, 8.97563579016e-10, 2.24709806318e-10, 1.58877480616e-10, 6.8180905366e-11, 6.5103804292e-11, 5.78082547109e-11, 6.06834513195e-11, 7.84932049913e-11, 3.29130611654e-11, 4.07283798701e-12, 2.54345741517e-12, 5.62557986306e-12, 1.54534995911e-11, 3.53061937325e-12],
        "max": [0.00859057623893, 0.0169672258198, 0.0104213263839, 0.00877841282636, 0.0129152555019, 0.0184742528945, 0.017546063289, 0.00908634159714, 0.013032999821, 0.00649644015357, 0.0057166442275, 0.0051380568184, 0.00433128513396, 0.00369190890342, 0.00427259271964, 0.00459394184873, 0.00156398687977, 0.00415440276265, 0.00244800979272, 0.00413509365171, 0.0013134671608, 0.000814008002635, 0.000511971360538, 0.000891551026143, 0.000535150291398, 0.000531046011019, 0.00103059702087, 0.000455322122434, 0.000452429725556, 0.00019457367307, 0.000199021262233, 0.00022349334904, 0.000198501846171, 0.000211744845728, 0.000101713325421, 3.52131573891e-05, 3.58322286047e-05, 5.83520268265e-05, 0.000124933489133, 4.06349172408e-05],
        "mean": [0.0004063587985, 0.000615062599536, 0.000415494781919, 0.000405873201089, 0.000788043951616, 0.00105019309558, 0.000437121139839, 0.000202637995244, 0.000187525569345, 0.000237975560594, 0.000204876501812, 0.000127525010612, 8.78580467543e-05, 8.08332624729e-05, 6.2076440372e-05, 4.87410034111e-05, 4.28758867201e-05, 5.7139670389e-05, 4.52270287497e-05, 3.61905003956e-05, 2.40984791162e-05, 1.90094669961e-05, 1.72882919287e-05, 2.18274708459e-05, 1.70506064023e-05, 1.16558412628e-05, 7.32435455575e-06, 4.72733609058e-06, 2.87096190732e-06, 1.78225843683e-06, 1.37195468142e-06, 1.27064038224e-06, 1.19880394323e-06, 1.5483177549e-06, 1.06920208509e-06, 4.82574762373e-07, 4.39458318624e-07, 5.7934630604e-07, 5.02448074258e-07, 2.45406255317e-07],
        "median": [8.80191655597e-05, 0.000131144639454, 0.000172060666955, 0.000217298002099, 0.000323412765283, 0.000392440095311, 0.000152595661348, 7.37030422897e-05, 6.96727292961e-05, 6.27454865025e-05, 4.39702744188e-05, 2.32527290791e-05, 2.17147571675e-05, 2.0091791157e-05, 1.37998940772e-05, 1.20594786495e-05, 1.24610796775e-05, 1.51304966494e-05, 1.06069192043e-05, 7.9077681221e-06, 6.76301579006e-06, 4.9577788559e-06, 4.57785836261e-06, 5.32697731614e-06, 5.25409495822e-06, 3.3610688206e-06, 2.0272382244e-06, 1.42382100421e-06, 8.24711605674e-07, 4.107098448e-07, 2.64464404154e-07, 2.18915346295e-07, 1.95053161178e-07, 2.77911340163e-07, 2.07091090942e-07, 1.03090933123e-07, 1.09756292943e-07, 1.2215265599e-07, 6.01826926072e-08, 2.34555876943e-08],
        "min": [8.01424451909e-25, 3.62784829011e-25, 5.23116937649e-25, 6.64137558763e-25, 1.1018173105e-24, 8.42637750345e-25, 7.50982319046e-25, 1.3071042602e-24, 9.9464345678e-25, 1.1581091428e-24, 1.44572644834e-24, 1.6382563339e-24, 1.63160574343e-24, 1.21733021285e-24, 1.46772373607e-24, 2.24363282713e-24, 2.42588119269e-24, 1.46918608697e-24, 2.74090273722e-24, 2.48421903436e-24, 1.97273759784e-24, 2.1006070202e-24, 2.97009660968e-24, 2.38553095739e-24, 3.55589426549e-24, 2.17325953185e-24, 3.65194754703e-24, 4.01338704773e-24, 4.02449736472e-24, 2.80149041018e-24, 3.73361437225e-24, 3.96955320267e-24, 4.63909455724e-24, 3.95992042215e-24, 4.48758632621e-24, 4.3881930076e-24, 5.50829857907e-24, 5.46085885082e-24, 4.77385172137e-24, 4.29491375543e-24],
        "var": [4.27781486678e-07, 1.08132780952e-06, 4.07352843013e-07, 3.2259529803e-07, 1.74079514181e-06, 2.88786895908e-06, 9.73821101979e-07, 2.24585519959e-07, 2.05909103101e-07, 2.17584855022e-07, 1.79976993309e-07, 9.91781377024e-08, 6.47631424044e-08, 5.11644913104e-08, 3.96917485546e-08, 2.30113563759e-08, 9.86494796962e-09, 2.75389897553e-08, 1.25076828894e-08, 1.21847385515e-08, 3.82759024475e-09, 2.45666109677e-09, 1.24817811642e-09, 2.27639862516e-09, 9.858622807e-10, 6.98334445826e-10, 4.88297458023e-10, 1.83170964507e-10, 1.11886805376e-10, 5.50861474491e-11, 4.98273887428e-11, 4.44600155303e-11, 4.54270926431e-11, 6.61782989519e-11, 2.30480339675e-11, 2.83986462818e-12, 2.08077652331e-12, 5.9250000739e-12, 9.58423011094e-12, 2.33423089885e-12]
    },
    "mfcc": {
        "mean": [-714.739318848, 127.878860474, -17.7935199738, 15.494017601, -1.77407920361, -9.24631690979, -7.86552667618, -1.19132626057, -11.0288906097, 2.69430589676, -4.19602870941, -4.59633970261, -1.20621263981],
        "cov": [[25130.171875, 5268.20605469, -620.322875977, 1084.62670898, 229.758285522, -84.6881790161, 100.02897644, 345.313415527, -347.022735596, 306.220062256, -182.445907593, -205.648239136, -87.3629379272], [5268.20605469, 2975.99560547, -238.772994995, 371.12689209, 8.62203216553, -151.51864624, -57.3749046326, -86.343170166, -238.320541382, 54.769405365, -63.2285041809, -86.0682373047, -3.30094766617], [-620.322875977, -238.772994995, 629.999572754, 93.5864486694, 74.2463302612, 101.208106995, 31.8370857239, 13.4145393372, -2.74021482468, -35.8977813721, 12.7138748169, 1.75882744789, 18.696434021], [1084.62670898, 371.12689209, 93.5864486694, 386.110137939, 44.3459625244, -6.75291109085, -52.8487319946, 45.2556037903, -38.7692947388, -11.8692150116, -20.5851669312, 13.7733764648, -0.606984853745], [229.758285522, 8.62203216553, 74.2463302612, 44.3459625244, 219.494735718, 20.7719306946, 20.8410778046, 41.3507156372, 17.9986076355, 6.78596591949, -18.2920856476, 1.64477658272, -7.45667362213], [-84.6881790161, -151.51864624, 101.208106995, -6.75291109085, 20.7719306946, 289.045562744, 125.796653748, 49.874874115, 75.9341964722, 13.9520788193, 36.8885688782, 0.446990311146, 9.50771713257], [100.02897644, -57.3749046326, 31.8370857239, -52.8487319946, 20.8410778046, 125.796653748, 297.429870605, 26.4485740662, 48.8768310547, 72.3364868164, 46.8045349121, -23.0260715485, 8.33160018921], [345.313415527, -86.343170166, 13.4145393372, 45.2556037903, 41.3507156372, 49.874874115, 26.4485740662, 159.633056641, 62.5059165955, 9.20577907562, 11.2426519394, 22.9997787476, 2.50302481651], [-347.022735596, -238.320541382, -2.74021482468, -38.7692947388, 17.9986076355, 75.9341964722, 48.8768310547, 62.5059165955, 171.947357178, 20.0179862976, 36.612827301, 30.5813560486, 2.86299133301], [306.220062256, 54.769405365, -35.8977813721, -11.8692150116, 6.78596591949, 13.9520788193, 72.3364868164, 9.20577907562, 20.0179862976, 137.594100952, 32.6438522339, -22.6028137207, 4.09343481064], [-182.445907593, -63.2285041809, 12.7138748169, -20.5851669312, -18.2920856476, 36.8885688782, 46.8045349121, 11.2426519394, 36.612827301, 32.6438522339, 95.6220397949, 20.6240253448, 9.00202465057], [-205.648239136, -86.0682373047, 1.75882744789, 13.7733764648, 1.64477658272, 0.446990311146, -23.0260715485, 22.9997787476, 30.5813560486, -22.6028137207, 20.6240253448, 101.62171936, 33.7154693604], [-87.3629379272, -3.30094766617, 18.696434021, -0.606984853745, -7.45667362213, 9.50771713257, 8.33160018921, 2.50302481651, 2.86299133301, 4.09343481064, 9.00202465057, 33.7154693604, 86.4862594604]],
