{
"lowlevel": {
    "average_loudness": 0.854129314423,
    "barkbands_crest": {
        "dmean": 2.26335835457,
        "dmean2": 3.6311378479,
        "dvar": 4.37122917175,
        "dvar2": 10.5850114822,
        "max": 26.8855361938,
        "mean": 9.87157154083,
        "median": 9.14536094666,
        "min": 2.46668314934,
        "var": 15.2871961594
    },
    "barkbands_flatness_db": {
        "dmean": 0.0225567109883,
        "dmean2": 0.0341548137367,
        "dvar": 0.000507153454237,
        "dvar2": 0.00105574645568,
        "max": 0.502801060677,
        "mean": 0.210395365953,
        "median": 0.205815196037,
        "min": 0.0325361415744,
        "var": 0.00259026209824
    },
    "barkbands_kurtosis": {
        "dmean": 3.15713787079,
        "dmean2": 4.95854377747,
        "dvar": 315.768310547,
        "dvar2": 813.498474121,
        "max": 1460.25244141,
        "mean": 4.53567314148,
        "median": 1.65477156639,
        "min": -1.93084585667,
        "var": 286.830200195
    },
    "barkbands_skewness": {
        "dmean": 0.514540076256,
        "dmean2": 0.773450493813,
        "dvar": 0.510048627853,
        "dvar2": 1.1062746048,
        "max": 37.646446228,
        "mean": 1.43196165562,
        "median": 1.31734776497,
        "min": -4.33452701569,
        "var": 1.53905439377
    },
    "barkbands_spread": {
        "dmean": 5.08717870712,
        "dmean2": 7.68151903152,
        "dvar": 47.8528785706,
        "dvar2": 104.631111145,
        "max": 121.746765137,
        "mean": 18.3805980682,
        "median": 15.7602214813,
        "min": 0.379308819771,
        "var": 146.499389648
    },
    "dissonance": {
        "dmean": 0.0203619264066,
        "dmean2": 0.0331083349884,
        "dvar": 0.000418935553171,
        "dvar2": 0.00101710809395,
        "max": 0.500000119209,
        "mean": 0.453971028328,
        "median": 0.459232449532,
        "min": 0.192600250244,
        "var": 0.00109395652544
    },
    "dynamic_complexity": 3.37014818192,
    "erbbands_crest": {
        "dmean": 2.67639946938,
        "dmean2": 4.33303689957,
        "dvar": 6.36169433594,
        "dvar2": 15.5745096207,
        "max": 29.6762294769,
        "mean": 9.87872123718,
        "median": 8.96945858002,
        "min": 2.59651112556,
        "var": 16.8607749939
    },
    "erbbands_flatness_db": {
        "dmean": 0.017910823226,
        "dmean2": 0.0265620481223,
        "dvar": 0.000343023188179,
        "dvar2": 0.000704685517121,
        "max": 0.390558362007,
        "mean": 0.234644010663,
        "median": 0.234199613333,
        "min": 0.0401947386563,
        "var": 0.00134190730751
    },
    "erbbands_kurtosis": {
        "dmean": 1.30270504951,
        "dmean2": 2.05808997154,
        "dvar": 7.68287658691,
        "dvar2": 16.6836643219,
        "max": 81.8984069824,
        "mean": 0.569602310658,
        "median": -0.42628455162,
        "min": -1.91285550594,
        "var": 13.1420631409
    },
    "erbbands_skewness": {
        "dmean": 0.453290998936,
        "dmean2": 0.672972261906,
        "dvar": 0.250396728516,
        "dvar2": 0.512919187546,
        "max": 7.14263868332,
        "mean": 0.393433511257,
        "median": 0.31642472744,
        "min": -3.64963316917,
        "var": 0.903619408607
    },
    "erbbands_spread": {
        "dmean": 7.98381090164,
        "dmean2": 12.3504066467,
        "dvar": 98.4571990967,
        "dvar2": 225.099349976,
        "max": 163.363433838,
        "mean": 35.0543327332,
        "median": 33.1105003357,
        "min": 2.17352509499,
        "var": 293.099456787
    },
    "hfc": {
        "dmean": 4.75411176682,
        "dmean2": 6.70738267899,
        "dvar": 60.0221862793,
        "dvar2": 114.196426392,
        "max": 198.848083496,
        "mean": 14.1760492325,
        "median": 10.6194171906,
        "min": 1.20469446212e-16,
        "var": 193.33656311
    },
    "melbands_crest": {
        "dmean": 2.75553750992,
        "dmean2": 4.42314338684,
        "dvar": 6.71962213516,
        "dvar2": 16.4053421021,
        "max": 39.925239563,
        "mean": 13.0959234238,
        "median": 12.4470796585,
        "min": 1.86715435982,
        "var": 23.417224884
    },
    "melbands_flatness_db": {
        "dmean": 0.0268854759634,
        "dmean2": 0.037712585181,
        "dvar": 0.000870484509505,
        "dvar2": 0.00156037963461,
        "max": 0.586962640285,
        "mean": 0.244041293859,
        "median": 0.242748856544,
        "min": 0.0049630170688,
        "var": 0.00610478268936
    },
    "melbands_kurtosis": {
        "dmean": 6.22626781464,
        "dmean2": 9.71906661987,
        "dvar": 774.307067871,
        "dvar2": 1933.00305176,
        "max": 2209.73022461,
        "mean": 11.7697982788,
        "median": 6.4114689827,
        "min": -1.80542993546,
        "var": 818.832763672
    },
    "melbands_skewness": {
        "dmean": 0.643192887306,
        "dmean2": 0.980442523956,
        "dvar": 0.80713737011,
        "dvar2": 1.81140708923,
        "max": 44.8505516052,
        "mean": 2.3106982708,
        "median": 2.13787841797,
        "min": -2.14884877205,
        "var": 2.37517523766
    },
    "melbands_spread": {
        "dmean": 6.84695291519,
        "dmean2": 10.3520727158,
        "dvar": 130.160095215,
        "dvar2": 275.367462158,
        "max": 175.322067261,
        "mean": 21.686290741,
        "median": 17.3099746704,
        "min": 0.386284440756,
        "var": 337.084716797
    },
    "pitch_salience": {
        "dmean": 0.0592378415167,
        "dmean2": 0.0948161706328,
        "dvar": 0.00313840713352,
        "dvar2": 0.00751187419519,
        "max": 0.962096571922,
        "mean": 0.55109757185,
        "median": 0.524003267288,
        "min": 0.00587387615815,
        "var": 0.0176762659103
    },
    "silence_rate_20dB": {
        "dmean": 0,
        "dmean2": 0,
        "dvar": 0,
        "dvar2": 0,
        "max": 1,
        "mean": 1,
        "median": 1,
        "min": 1,
        "var": 0
    },
    "silence_rate_30dB": {
        "dmean": 0.00189933518413,
        "dmean2": 0.00379899842665,
        "dvar": 0.00189591362141,
        "dvar2": 0.00482133589685,
        "max": 1,
        "mean": 0.998187184334,
        "median": 1,
        "min": 0,
        "var": 0.00180990493391
    },
    "silence_rate_60dB": {
        "dmean": 0.0360873676836,
        "dmean2": 0.0721809715033,
        "dvar": 0.0347923859954,
        "dvar2": 0.0786960497499,
        "max": 1,
        "mean": 0.0883114635944,
        "median": 0,
        "min": 0,
        "var": 0.0805237814784
    },
    "spectral_centroid": {
        "dmean": 275.107452393,
        "dmean2": 403.392059326,
        "dvar": 129647.023438,
        "dvar2": 232967.234375,
        "max": 10782.1347656,
        "mean": 1324.79321289,
        "median": 1131.12536621,
        "min": 139.166229248,
        "var": 578146.5625
    },
    "spectral_complexity": {
        "dmean": 2.80842614174,
        "dmean2": 4.28233480453,
        "dvar": 9.0193529129,
        "dvar2": 17.5565948486,
        "max": 52,
        "mean": 14.6455459595,
        "median": 14,
        "min": 0,
        "var": 57.2083625793
    },
    "spectral_decrease": {
        "dmean": 1.60333168964e-09,
        "dmean2": 2.31775620918e-09,
        "dvar": 5.64220516208e-18,
        "dvar2": 1.14446707776e-17,
        "max": 6.09726790716e-29,
        "mean": -5.07666131355e-09,
        "median": -4.37751834781e-09,
        "min": -6.11772037473e-08,
        "var": 1.65658485203e-17
    },
    "spectral_energy": {
        "dmean": 0.00639860518277,
        "dmean2": 0.00923253502697,
        "dvar": 8.86729831109e-05,
        "dvar2": 0.000180093498784,
        "max": 0.239707410336,
        "mean": 0.020446261391,
        "median": 0.0176074020565,
        "min": 1.06968137226e-20,
        "var": 0.000263234804152
    },
    "spectral_energyband_high": {
        "dmean": 0.000243327696808,
        "dmean2": 0.000358382443665,
        "dvar": 4.04407387578e-07,
        "dvar2": 7.57842371968e-07,
        "max": 0.0217191800475,
        "mean": 0.000444499426521,
        "median": 0.000122368830489,
        "min": 7.77047085863e-21,
        "var": 9.74933641373e-07
    },
    "spectral_energyband_low": {
        "dmean": 0.00160133687314,
        "dmean2": 0.00249685300514,
        "dvar": 5.38376798431e-06,
        "dvar2": 1.23134359455e-05,
        "max": 0.0403901822865,
        "mean": 0.00509424414486,
        "median": 0.00433241855353,
        "min": 1.04272505355e-22,
        "var": 2.09971949516e-05
    },
    "spectral_energyband_middle_high": {
        "dmean": 0.00126901746262,
        "dmean2": 0.00184003182221,
        "dvar": 4.03231797463e-06,
        "dvar2": 8.02796148491e-06,
        "max": 0.0535007342696,
        "mean": 0.00365830096416,
        "median": 0.00250789965503,
        "min": 1.39229703807e-21,
        "var": 1.6398524167e-05
    },
    "spectral_energyband_middle_low": {
        "dmean": 0.00504609243944,
        "dmean2": 0.00735997408628,
        "dvar": 7.21728647477e-05,
        "dvar2": 0.000148135746713,
        "max": 0.231448695064,
        "mean": 0.0117851132527,
        "median": 0.0078594237566,
        "min": 2.77671364599e-22,
        "var": 0.00017627820489
    },
    "spectral_entropy": {
        "dmean": 0.18524633348,
        "dmean2": 0.26333335042,
        "dvar": 0.0423782356083,
        "dvar2": 0.0780648812652,
        "max": 9.80223846436,
        "mean": 7.11037778854,
        "median": 7.08338880539,
        "min": 4.82537603378,
        "var": 0.219406187534
    },
    "spectral_flux": {
        "dmean": 0.0200237371027,
        "dmean2": 0.0324300304055,
        "dvar": 0.000520891626365,
        "dvar2": 0.00120292208157,
        "max": 0.365734755993,
        "mean": 0.0665875524282,
        "median": 0.0593583136797,
        "min": 1.03425400189e-10,
        "var": 0.00142073037568
    },
    "spectral_kurtosis": {
        "dmean": 3.57001399994,
        "dmean2": 6.20521116257,
        "dvar": 14.1503171921,
        "dvar2": 39.6540794373,
        "max": 58.2347145081,
        "mean": 5.15820503235,
        "median": 3.83692479134,
        "min": -1.50473725796,
        "var": 24.9274787903
    },
    "spectral_rms": {
        "dmean": 0.000680220429786,
        "dmean2": 0.000963793485425,
        "dvar": 6.11209259205e-07,
        "dvar2": 1.12619397896e-06,
        "max": 0.0152925113216,
        "mean": 0.00411502365023,
        "median": 0.00414462946355,
        "min": 3.23046689225e-12,
        "var": 3.01410545944e-06
    },
    "spectral_rolloff": {
        "dmean": 433.462615967,
        "dmean2": 699.171325684,
        "dvar": 581306.25,
        "dvar2": 1138668.375,
        "max": 19078.4179688,
        "mean": 1365.02197266,
        "median": 904.39453125,
        "min": 21.533203125,
        "var": 1600917.25
    },
    "spectral_skewness": {
        "dmean": 0.401818960905,
        "dmean2": 0.663031041622,
        "dvar": 0.143844053149,
        "dvar2": 0.359563231468,
        "max": 5.78687620163,
        "mean": 1.28906953335,
        "median": 1.20827591419,
        "min": -0.488908737898,
        "var": 0.462023586035
    },
    "spectral_spread": {
        "dmean": 346796.28125,
        "dmean2": 529733.125,
        "dvar": 267103633408,
        "dvar2": 422700974080,
        "max": 38736988,
        "mean": 2928964.5,
        "median": 2753868.5,
        "min": 1105765.875,
        "var": 913217617920
    },
    "spectral_strongpeak": {
        "dmean": 0.457565516233,
        "dmean2": 0.742965817451,
        "dvar": 0.500106394291,
        "dvar2": 1.24944877625,
        "max": 13.51425457,
        "mean": 0.888902842999,
        "median": 0.522906303406,
        "min": 0,
        "var": 0.916435301304
    },
    "zerocrossingrate": {
        "dmean": 0.00876014400274,
        "dmean2": 0.00995748862624,
        "dvar": 0.000201600210858,
        "dvar2": 0.000219611349166,
        "max": 0.8330078125,
        "mean": 0.0491693839431,
        "median": 0.04150390625,
        "min": 0,
        "var": 0.00112397503108
    },
    "barkbands": {
        "dmean": [6.77892603562e-05, 0.00100126781035, 0.000726824975573, 0.000369703950128, 0.00125926197506, 0.00234371656552, 0.00108500313945, 0.00105817744043, 0.000612170028035, 0.000305651861709, 0.00022317651019, 0.000179764814675, 0.000171620180481, 0.000189742262592, 0.000280838983599, 0.000191520244698, 0.00016374833649, 0.000155936693773, 0.000198324487428, 0.000272224948276, 4.77053654322e-05, 2.88322407869e-05, 3.30095426762e-05, 1.27837583932e-05, 1.40059887599e-06, 1.79428893965e-09, 8.31907653875e-10],
        "dmean2": [0.000116430812341, 0.00157357996795, 0.00118640274741, 0.000594607612584, 0.00192791363224, 0.00354921584949, 0.00165170442779, 0.00156912696548, 0.000944368483033, 0.000464081618702, 0.00034250767203, 0.000284485286102, 0.000268245436018, 0.000297302583931, 0.000440758391051, 0.000293484161375, 0.000259440508671, 0.000241536778049, 0.000294245604891, 0.000402372388635, 7.25881036487e-05, 4.22595112468e-05, 4.92454491905e-05, 1.8949562218e-05, 2.14126248466e-06, 3.03594394069e-09, 1.5513395013e-09],
        "dvar": [3.62122740682e-08, 2.44232569457e-06, 1.53972121097e-06, 8.67574840413e-07, 4.83265876028e-06, 3.13137570629e-05, 9.78831303655e-06, 9.29441921471e-06, 4.43713588538e-06, 8.62180286276e-07, 3.48009535855e-07, 3.25936838408e-07, 3.15633997161e-07, 1.91397163007e-07, 3.26996627109e-07, 1.91274779127e-07, 1.0012522722e-07, 1.43945882769e-07, 3.87626727161e-07, 3.81545049777e-07, 1.99878744667e-08, 1.4762513878e-08, 3.67125245759e-08, 4.00002519996e-09, 9.91613041679e-11, 1.01490693647e-16, 1.86924289591e-18],
        "dvar2": [9.70633919906e-08, 6.00928115091e-06, 3.9792116695e-06, 1.94193535208e-06, 1.08897884274e-05, 7.13716144674e-05, 2.1894056772e-05, 1.93253472389e-05, 1.09690854515e-05, 1.92675656763e-06, 7.6962089679e-07, 7.5359935181e-07, 7.07712217718e-07, 4.40339391616e-07, 7.5116224707e-07, 4.10839504639e-07, 2.31483639368e-07, 3.43278202308e-07, 7.90216517998e-07, 7.76219962972e-07, 4.02236786101e-08, 2.84395955674e-08, 6.99436242257e-08, 8.34682811757e-09, 2.05488751015e-10, 2.73950704523e-16, 6.0652013391e-18],
        "max": [0.00706214271486, 0.0277707576752, 0.0180880986154, 0.0307532995939, 0.0568577498198, 0.21056124568, 0.0747328847647, 0.0735604390502, 0.0582775473595, 0.0377940349281, 0.0282958131284, 0.0243161898106, 0.0197903551161, 0.00963520631194, 0.011750084348, 0.010994461365, 0.00908681936562, 0.0103110158816, 0.0189633630216, 0.0104752294719, 0.00545139610767, 0.00376255461015, 0.00812346488237, 0.00222197175026, 0.000434568297351, 5.25646726146e-07, 2.06954027249e-08],
        "mean": [0.000103272701381, 0.00309076090343, 0.00150808820035, 0.000625746964943, 0.0023973993957, 0.00431782007217, 0.00162468384951, 0.00173523975536, 0.000843288435135, 0.000571354816202, 0.000395640527131, 0.000280944688711, 0.000261312205112, 0.000299158738926, 0.000456447916804, 0.000315579149174, 0.000303343957057, 0.000261211913312, 0.000327217130689, 0.000543585279956, 7.77152818046e-05, 4.20815595135e-05, 4.47441525466e-05, 1.77596975846e-05, 1.86578745343e-06, 1.97325999984e-09, 6.78776368446e-10],
        "median": [2.24331997742e-05, 0.00269700912759, 0.000780302041676, 0.000187107609236, 0.00126263150014, 0.00137052708305, 0.000372998736566, 0.000295171688776, 0.00015725864796, 0.00011118951079, 9.56259755185e-05, 9.13814874366e-05, 7.70989572629e-05, 0.000103200276499, 0.000161477102665, 0.000110611486889, 0.000142942124512, 8.36178078316e-05, 8.3704610006e-05, 0.000105930288555, 3.06801121042e-05, 8.75143450685e-06, 4.86149474455e-06, 2.08784013012e-06, 1.1599173888e-07, 5.68917857269e-10, 2.54131771182e-10],
        "min": [1.33085520545e-23, 4.31848807472e-23, 1.82630844776e-23, 3.19717026069e-23, 7.01627404144e-23, 4.51273623739e-23, 2.39805731915e-23, 2.43216750692e-23, 6.75933636481e-23, 3.96270265568e-23, 8.50825866217e-23, 9.34403280988e-23, 5.13163769167e-23, 1.61446632032e-22, 1.33800919567e-22, 1.0297179994e-22, 9.75020719256e-23, 1.93301996588e-22, 2.53379472184e-22, 3.22866531145e-22, 4.61162531611e-22, 6.72927432722e-22, 8.202542371e-22, 6.93048308297e-22, 1.30698868576e-21, 1.57734214747e-21, 2.21905921355e-21],
        "var": [6.09181540767e-08, 9.34007039177e-06, 3.67411394109e-06, 2.28282283388e-06, 1.19063543025e-05, 6.44017200102e-05, 1.592749868e-05, 1.87496352737e-05, 5.67129382034e-06, 2.95402264783e-06, 1.2705924064e-06, 4.93476363772e-07, 5.53186453089e-07, 3.37948819151e-07, 6.6434688506e-07, 3.76429795779e-07, 2.04850181262e-07, 2.65387569698e-07, 7.32109413093e-07, 1.23669929053e-06, 3.59108689452e-08, 2.63324118066e-08, 5.84658614855e-08, 6.3136180728e-09, 1.61941918209e-10, 1.06368266699e-16, 1.38794072207e-18]
    },
    "erbbands": {
        "dmean": [0.0318210497499, 0.228254809976, 0.722773194313, 1.09074699879, 1.46316683292, 4.53822946548, 17.5379295349, 16.0308589935, 14.7384405136, 20.9555892944, 19.9883079529, 13.1519670486, 10.1843643188, 8.62345790863, 7.64639520645, 7.52280282974, 7.22240591049, 9.50867080688, 11.8752670288, 11.9252099991, 9.88383197784, 8.24106693268, 8.25596809387, 8.8343667984, 11.1905355453, 13.5133152008, 3.82101726532, 1.27374172211, 1.06111562252, 1.00138759613, 0.924345850945, 0.407474756241, 0.153431594372, 0.0330307856202, 0.00141775782686, 7.62508570915e-05, 9.42994211073e-06, 2.47672846854e-06, 3.59445425602e-06, 7.48631873648e-06],
        "dmean2": [0.0520110167563, 0.353181570768, 1.17980504036, 1.76604604721, 2.27821159363, 7.0418138504, 26.473361969, 24.4597740173, 22.4264736176, 30.9643764496, 29.7570133209, 20.0930728912, 15.2869710922, 12.8604421616, 11.8886785507, 11.8962097168, 11.1720943451, 14.681930542, 18.5014686584, 18.5755939484, 15.1475906372, 12.821015358, 12.6400318146, 13.4171009064, 16.4789276123, 19.9275684357, 5.71978139877, 1.9161324501, 1.56448686123, 1.47773873806, 1.3822491169, 0.594873487949, 0.224904194474, 0.0490782633424, 0.00219424022362, 0.000115219743748, 1.36862536237e-05, 3.6153696783e-06, 5.15561259817e-06, 1.07857013063e-05],
        "dvar": [0.00292136752978, 0.124238416553, 1.35455739498, 5.67034578323, 16.3715744019, 70.8686523438, 1225.60412598, 2864.80273438, 1908.89660645, 3863.11108398, 3294.35888672, 2294.22558594, 1127.38586426, 583.169677734, 354.94744873, 530.727416992, 583.154663086, 422.994567871, 707.416137695, 631.086791992, 495.595611572, 255.36907959, 365.40447998, 690.418762207, 1011.55285645, 1040.84790039, 98.1047439575, 19.9875583649, 21.1551418304, 20.4168815613, 34.7158317566, 4.81824874878, 0.804151952267, 0.0527718178928, 0.000180443545105, 3.53036597289e-07, 1.45526757311e-09, 5.61759284923e-11, 2.78191705783e-11, 1.17162182733e-10],
        "dvar2": [0.00772407557815, 0.297005474567, 3.55706763268, 13.1688461304, 36.2474250793, 160.222213745, 2675.59179688, 6893.59277344, 4331.23583984, 8568.40917969, 7087.52490234, 5720.95214844, 2670.18041992, 1220.01428223, 821.667907715, 1241.60522461, 1307.35693359, 937.010009766, 1574.56420898, 1414.27783203, 1046.94433594, 566.945800781, 860.324890137, 1489.5135498, 2032.12817383, 2093.65917969, 204.817108154, 39.9634819031, 42.6384162903, 38.2277030945, 67.3179092407, 9.8184261322, 1.65539348125, 0.106506049633, 0.000421385950176, 7.99937254214e-07, 2.86994761289e-09, 1.03485733871e-10, 5.61601876115e-11, 2.38876696201e-10],
        "max": [0.812622189522, 6.8712553978, 18.4970569611, 48.1076812744, 224.546356201, 282.9894104, 557.811523438, 2594.93261719, 1254.82385254, 1732.1427002, 1877.35620117, 1708.58496094, 1101.7154541, 934.157653809, 565.03894043, 746.123291016, 1034.46801758, 505.834716797, 656.156311035, 671.016601562, 455.53515625, 464.00201416, 419.427398682, 948.446655273, 1035.26147461, 569.489929199, 249.486587524, 194.081329346, 168.153671265, 160.757141113, 287.132598877, 70.7630691528, 38.0733985901, 9.87594509125, 0.834985971451, 0.0312784910202, 0.00157245842274, 0.000212351471419, 0.000114490510896, 0.000268484116532],
        "mean": [0.0975057035685, 0.668424248695, 1.56541013718, 2.25911045074, 2.50738620758, 8.71388244629, 34.3036308289, 26.6827735901, 23.1154155731, 34.1799240112, 31.2289562225, 19.0696125031, 18.8587398529, 16.4609375, 13.19576931, 12.44830513, 11.9518842697, 16.1170120239, 20.2008018494, 20.8450737, 17.619884491, 16.126947403, 14.9998884201, 15.3674345016, 19.8073329926, 26.74700737, 7.1659784317, 2.11296701431, 1.56610643864, 1.40446066856, 1.23293089867, 0.544991612434, 0.22444370389, 0.0468522422016, 0.00176771404222, 0.000114225156722, 2.03464242077e-05, 5.48623302166e-06, 1.16109249575e-05, 2.42159494519e-05],
        "median": [0.0776500105858, 0.49593514204, 0.947728991508, 0.872805953026, 1.2346354723, 4.53197240829, 9.45531654358, 9.23598861694, 6.25905799866, 7.44908571243, 6.87817001343, 4.49610948563, 4.78548383713, 3.80932092667, 4.66229248047, 4.23225212097, 4.48881816864, 6.62286233902, 8.17270278931, 9.09384918213, 7.81983280182, 7.80653762817, 5.8168926239, 4.29311037064, 5.24930381775, 4.94282054901, 2.33201360703, 0.884267449379, 0.382884293795, 0.210190057755, 0.133937492967, 0.0606499910355, 0.02557823807, 0.0039359643124, 0.000150127292727, 2.74638659903e-05, 1.10236032924e-05, 2.91889500659e-06, 9.88238753052e-06, 2.09332210943e-05],
        "min": [2.46205765488e-21, 5.1484141378e-21, 1.48690077192e-20, 1.00609344595e-19, 1.39990470055e-19, 2.57091327447e-19, 3.12512738681e-19, 3.47646511416e-19, 3.65910478396e-19, 2.98976341547e-19, 6.92099381885e-19, 1.63726081691e-18, 1.46532956883e-18, 2.19249846185e-18, 4.0436624983e-18, 3.07362200369e-18, 2.07469367376e-18, 3.95644871041e-18, 9.97280296639e-18, 7.78145924867e-18, 4.78181945179e-18, 6.17373694804e-18, 9.35241254389e-18, 1.33694952476e-17, 1.40518034476e-17, 1.38175053663e-17, 1.73823254157e-17, 2.05824407059e-17, 2.25325041107e-17, 2.08715767259e-17, 2.64884358332e-17, 1.6843812639e-17, 1.20330790889e-17, 1.32310574731e-17, 8.67604101908e-18, 5.41318366588e-18, 3.57301865004e-18, 1.08489400567e-18, 3.35933401298e-19, 3.41846799175e-20],
        "var": [0.0101505508646, 0.48495927453, 3.29099178314, 14.2603549957, 26.066783905, 171.199676514, 3713.80810547, 4015.15429688, 2973.87939453, 6876.21533203, 5326.51171875, 2822.89819336, 2846.30297852, 1894.625, 738.289306641, 878.652038574, 1003.38641357, 862.614379883, 1472.20715332, 1227.7869873, 968.505065918, 572.757385254, 749.955810547, 1295.97961426, 2054.68945312, 3312.27929688, 212.747390747, 34.2544174194, 35.6770629883, 35.9933815002, 52.9674606323, 7.4036283493, 1.35954284668, 0.0899310261011, 0.000219517140067, 4.74201328871e-07, 2.6405451159e-09, 1.1554983359e-10, 8.52985945765e-11, 3.5684497024e-10]
    },
    "gfcc": {
        "mean": [-77.2716064453, 157.896652222, -160.992584229, 57.9744186401, -59.6824188232, -9.46786689758, -22.8148441315, -11.7377758026, 3.05058097839, -15.8618450165, 12.1928005219, -18.6686687469, 7.88941383362],
        "cov": [[5108.05859375, -33.4162979126, -923.589294434, 128.817352295, -54.843914032, -196.083953857, -52.9852523804, 99.9333953857, -27.9402217865, 188.109512329, 122.378753662, -102.348464966, 153.445755005], [-33.4162979126, 1629.47143555, 537.265930176, -208.528594971, 479.183013916, -321.366973877, 254.079421997, -119.236846924, 108.360412598, 10.0509557724, 19.2373104095, 75.9887771606, 41.0383911133], [-923.589294434, 537.265930176, 1217.30664062, 358.059356689, 108.148376465, -64.9746856689, -38.6647186279, 1.28884601593, 24.670923233, -30.5932025909, 11.0312128067, 3.92710328102, -23.0979137421], [128.817352295, -208.528594971, 358.059356689, 593.343383789, 78.2094039917, -11.3487071991, -80.5912246704, 28.4210853577, 10.0701293945, 26.0735015869, 5.43592786789, -23.9590530396, 15.1171598434], [-54.843914032, 479.183013916, 108.148376465, 78.2094039917, 457.460510254, -46.2449111938, 93.4980697632, -14.8804311752, 78.7906188965, 76.4972991943, -7.80605983734, 62.4328384399, 79.4912796021], [-196.083953857, -321.366973877, -64.9746856689, -11.3487071991, -46.2449111938, 422.024749756, 10.7171382904, 12.0156574249, 37.4284820557, 5.65913963318, -33.319858551, 23.3923358917, -5.57728052139], [-52.9852523804, 254.079421997, -38.6647186279, -80.5912246704, 93.4980697632, 10.7171382904, 242.102722168, 27.0518112183, 15.9968624115, -2.00888299942, 0.46638160944, 37.4835472107, -3.88916373253], [99.9333953857, -119.236846924, 1.28884601593, 28.4210853577, -14.8804311752, 12.0156574249, 27.0518112183, 176.762771606, -3.92731165886, 14.3558578491, 22.1087112427, -33.228717804, 35.4726257324], [-27.9402217865, 108.360412598, 24.670923233, 10.0701293945, 78.7906188965, 37.4284820557, 15.9968624115, -3.92731165886, 151.161468506, 45.3720283508, -29.4242477417, 42.3125762939, -0.887168228626], [188.109512329, 10.0509557724, -30.5932025909, 26.0735015869, 76.4972991943, 5.65913963318, -2.00888299942, 14.3558578491, 45.3720283508, 135.634124756, 38.5394744873, 2.35397982597, 42.8708496094], [122.378753662, 19.2373104095, 11.0312128067, 5.43592786789, -7.80605983734, -33.319858551, 0.46638160944, 22.1087112427, -29.4242477417, 38.5394744873, 94.7708206177, 18.2218856812, 14.3389558792], [-102.348464966, 75.9887771606, 3.92710328102, -23.9590530396, 62.4328384399, 23.3923358917, 37.4835472107, -33.228717804, 42.3125762939, 2.35397982597, 18.2218856812, 146.994567871, 43.6534996033], [153.445755005, 41.0383911133, -23.0979137421, 15.1171598434, 79.4912796021, -5.57728052139, -3.88916373253, 35.4726257324, -0.887168228626, 42.8708496094, 14.3389558792, 43.6534996033, 134.7862854]],
        "icov": [[0.000379456119845, -0.000694934220519, 0.000741326774005, -0.000755805231165, 0.000647153938189, -0.000195703425561, 0.000486910808831, -0.000548047653865, 0.000376921263523, -0.00060173071688, 0.000105326653284, -0.000117485877126, -1.93561481865e-05], [-0.000694934220519, 0.00505356909707, -0.00339879724197, 0.00393593637273, -0.00403401860967, 0.00245850533247, -0.00398045033216, 0.00448290724307, -0.00426301732659, 0.00391262304038, -0.00362617871724, 0.00336091429926, -0.00256050168537], [0.000741326774005, -0.00339879724197, 0.0036192422267, -0.00347545673139, 0.00253762002103, -0.00141646072734, 0.00270948116668, -0.00294471462257, 0.00232832226902, -0.00200795033015, 0.00155862933025, -0.00190674606711, 0.00160457426682], [-0.000755805231165, 0.00393593637273, -0.00347545673139, 0.00550089078024, -0.00366104417481, 0.00170963827986, -0.00220170477405, 0.00293514295481, -0.00293369870633, 0.00267117656767, -0.00234616431408, 0.00249973218888, -0.00158551475033], [0.000647153938189, -0.00403401860967, 0.00253762002103, -0.00366104417481, 0.00678712083027, -0.00139245844912, 0.00154204247519, -0.00266229431145, 0.00229586847126, -0.00455888686702, 0.00369049678557, -0.00283358222805, 1.19879259728e-05], [-0.000195703425561, 0.00245850533247, -0.00141646072734, 0.00170963827986, -0.00139245844912, 0.00392474187538, -0.00209069973789, 0.00172675237991, -0.00230747461319, 0.00107268220745, -0.000455975619843, 0.000819340173621, -0.00106460379902], [0.000486910808831, -0.00398045033216, 0.00270948116668, -0.00220170477405, 0.00154204247519, -0.00209069973789, 0.00870357546955, -0.00549358688295, 0.00420768978074, -0.00304893846624, 0.00342514924705, -0.00465544732288, 0.00421068817377], [-0.000548047653865, 0.00448290724307, -0.00294471462257, 0.00293514295481, -0.00266229431145, 0.00172675237991, -0.00549358688295, 0.0120553933084, -0.00620924634859, 0.0052835312672, -0.00691481400281, 0.00737112527713, -0.00663752947003], [0.000376921263523, -0.00426301732659, 0.00232832226902, -0.00293369870633, 0.00229586847126, -0.00230747461319, 0.00420768978074, -0.00620924634859, 0.0160352997482, -0.0100953457877, 0.0108445743099, -0.00903338659555, 0.00699145207182], [-0.00060173071688, 0.00391262304038, -0.00200795033015, 0.00267117656767, -0.00455888686702, 0.00107268220745, -0.00304893846624, 0.0052835312672, -0.0100953457877, 0.0176881104708, -0.0119640789926, 0.00793534331024, -0.00688506709412], [0.000105326653284, -0.00362617871724, 0.00155862933025, -0.00234616431408, 0.00369049678557, -0.000455975619843, 0.00342514924705, -0.00691481400281, 0.0108445743099, -0.0119640789926, 0.0220686290413, -0.00984151940793, 0.00595407793298], [-0.000117485877126, 0.00336091429926, -0.00190674606711, 0.00249973218888, -0.00283358222805, 0.000819340173621, -0.00465544732288, 0.00737112527713, -0.00903338659555, 0.00793534331024, -0.00984151940793, 0.0155697502196, -0.00844492204487], [-1.93561481865e-05, -0.00256050168537, 0.00160457426682, -0.00158551475033, 1.19879259728e-05, -0.00106460379902, 0.00421068817377, -0.00663752947003, 0.00699145207182, -0.00688506709412, 0.00595407793298, -0.00844492204487, 0.0148283801973]]
    },
    "melbands": {
        "dmean": [0.000275746249827, 0.000331518327584, 0.00018835926312, 0.000180069138878, 0.000512382772285, 0.000384817220038, 0.000221338763367, 0.00023685747874, 0.000159872535733, 7.81530688982e-05, 5.07505101268e-05, 3.59359328286e-05, 2.65659200522e-05, 1.95077900571e-05, 2.07318062166e-05, 1.64570392371e-05, 1.89369675354e-05, 1.82820531336e-05, 2.16808657569e-05, 1.47994633153e-05, 1.1783102309e-05, 9.95890513877e-06, 7.1554495662e-06, 8.36933213577e-06, 7.62506488172e-06, 7.83428458817e-06, 1.06690285975e-05, 9.52846858127e-06, 3.15174224852e-06, 1.0904860801e-06, 7.00549662724e-07, 6.70720567086e-07, 5.10473796567e-07, 6.08800291957e-07, 5.91151547269e-07, 4.13237899011e-07, 2.0785137167e-07, 1.22416196291e-07, 6.53993268429e-08, 1.54635557692e-08],
        "dmean2": [0.000439871451817, 0.000529628945515, 0.000299075181829, 0.000281201180769, 0.000770056794863, 0.000582610198762, 0.000335912191076, 0.000347242079442, 0.000238903274294, 0.000119700373034, 7.63958742027e-05, 5.34416976734e-05, 4.10401444242e-05, 3.10100294882e-05, 3.25891342072e-05, 2.54490314546e-05, 2.94859801215e-05, 2.85025453195e-05, 3.40660699294e-05, 2.28252956731e-05, 1.82597887033e-05, 1.56825863087e-05, 1.13537098514e-05, 1.28787060021e-05, 1.16844094009e-05, 1.16740702651e-05, 1.60457020684e-05, 1.42180469993e-05, 4.84608017359e-06, 1.67542759755e-06, 1.07078153633e-06, 1.00786462554e-06, 7.6003061622e-07, 9.13730218599e-07, 8.91195838904e-07, 6.16513204932e-07, 3.13579647582e-07, 1.82421729278e-07, 9.93675755012e-08, 2.44496014545e-08],
        "dvar": [1.9887576741e-07, 2.55240280467e-07, 1.54486173187e-07, 1.2557835305e-07, 9.28966755964e-07, 1.26131146772e-06, 4.13687843093e-07, 4.65900683366e-07, 2.12767162111e-07, 7.99337556145e-08, 2.83158261283e-08, 1.02240882427e-08, 4.54100668179e-09, 4.25706669915e-09, 3.68522501404e-09, 3.05824365832e-09, 1.68310387849e-09, 1.95063454278e-09, 2.33502328584e-09, 1.02633312959e-09, 7.34710514649e-10, 4.03564737184e-10, 2.37376479584e-10, 4.55033677405e-10, 5.48413647827e-10, 7.59249108029e-10, 6.48238629442e-10, 5.74399472431e-10, 7.46036010746e-11, 9.98500154087e-12, 7.44585209461e-12, 9.38395108147e-12, 4.56546259131e-12, 8.15811220661e-12, 1.44698177051e-11, 8.05808371418e-12, 1.12218459351e-12, 5.37299534292e-13, 2.05384916973e-13, 1.52493577661e-14],
        "dvar2": [5.01304612044e-07, 6.31620707736e-07, 3.49035161662e-07, 2.82416806385e-07, 2.02610817723e-06, 2.98870622828e-06, 9.2826587661e-07, 1.00042859685e-06, 4.73622151276e-07, 1.9696639697e-07, 6.67599380222e-08, 2.16312532331e-08, 1.0308053966e-08, 1.04949773316e-08, 8.36745073229e-09, 6.93942414642e-09, 3.80181441884e-09, 4.37310543333e-09, 5.4104831726e-09, 2.17439022343e-09, 1.58399759975e-09, 9.08400299426e-10, 5.76637904093e-10, 1.08706854629e-09, 1.18937992788e-09, 1.59171686942e-09, 1.38305955577e-09, 1.19467857829e-09, 1.6856402385e-10, 2.05962850941e-11, 1.57879750939e-11, 2.03902780077e-11, 9.21097052797e-12, 1.58323250343e-11, 2.8713835129e-11, 1.78058904426e-11, 2.40953351022e-12, 1.16120090973e-12, 4.03172964849e-13, 3.53318042141e-14],
        "max": [0.0067627960816, 0.00856699142605, 0.0103508448228, 0.0142055759206, 0.0148218153045, 0.0505482405424, 0.0178294144571, 0.0177343133837, 0.0134199382737, 0.00981568451971, 0.00538608338684, 0.0040597114712, 0.00302489334717, 0.00260788458399, 0.00183572038077, 0.00184084521607, 0.000924752326682, 0.0010219035903, 0.00132411019877, 0.000866826565471, 0.000614103511907, 0.000624110456556, 0.000445046141976, 0.000560484011658, 0.000894840399269, 0.00103256874718, 0.000539402361028, 0.000491654791404, 0.000188746242202, 0.000110282919195, 0.000105330931547, 0.000117393276014, 8.07471878943e-05, 9.33329502004e-05, 0.000155911926413, 0.000126312908833, 3.43800093106e-05, 2.86955182673e-05, 1.95496068045e-05, 5.40240898772e-06],
        "mean": [0.000875129248016, 0.000857865205035, 0.000391550187487, 0.000325430650264, 0.00104048219509, 0.000667677319143, 0.000341081584338, 0.000386603176594, 0.000243677539402, 0.000111182213004, 9.30056776269e-05, 6.63188984618e-05, 4.63780270366e-05, 3.10454597638e-05, 3.25401597365e-05, 2.55335871771e-05, 3.03613505821e-05, 2.8885428037e-05, 3.45867629221e-05, 2.49735130637e-05, 1.94011026906e-05, 1.81620453077e-05, 1.23281643027e-05, 1.36904454848e-05, 1.21109287647e-05, 1.21978691823e-05, 1.83500214916e-05, 1.79151084012e-05, 5.16719637744e-06, 1.69969905528e-06, 1.00348074739e-06, 9.26825009628e-07, 7.20557864042e-07, 8.1136352037e-07, 7.66280038533e-07, 5.06687001689e-07, 2.74185907756e-07, 1.73910649437e-07, 9.24160303839e-08, 1.87923863137e-08],
        "median": [0.00075697642751, 0.00062687654281, 0.000178324291483, 0.000182967603905, 0.000347522611264, 0.000233652535826, 7.9974604887e-05, 7.22597760614e-05, 4.88723162562e-05, 2.25883704843e-05, 2.00386566576e-05, 1.23567388073e-05, 1.35342670546e-05, 9.9349363154e-06, 9.97261849989e-06, 6.76767422192e-06, 1.08537706183e-05, 1.00974348243e-05, 1.21293869597e-05, 9.91291017272e-06, 7.80129630584e-06, 8.01838177722e-06, 5.08113862452e-06, 3.97305666411e-06, 2.82888390757e-06, 2.93129733109e-06, 3.85652992918e-06, 2.90861726171e-06, 1.51913411628e-06, 6.48264290248e-07, 3.34081562414e-07, 2.06225848842e-07, 1.307042794e-07, 9.39539717137e-08, 8.0594446672e-08, 4.30753352987e-08, 3.03694633885e-08, 1.92305034119e-08, 8.00844901505e-09, 9.84608505838e-10],
        "min": [1.68959443526e-23, 6.99959594418e-24, 1.51354529368e-23, 1.62783609271e-23, 1.06672311736e-23, 7.82106125948e-24, 5.41114404771e-24, 3.94539788732e-24, 6.93411417816e-24, 9.86157857516e-24, 7.11761742421e-24, 8.2257137717e-24, 1.26357294329e-23, 1.23251769827e-23, 6.09717456735e-24, 3.26178522635e-24, 8.02945306709e-24, 1.86430929751e-23, 9.22852085416e-24, 1.02289771311e-23, 4.73054720198e-24, 6.06063058592e-24, 7.90180748402e-24, 8.36000314132e-24, 1.17627396676e-23, 7.92587799682e-24, 1.26945027258e-23, 8.28424725087e-24, 1.00537040709e-23, 1.07778050178e-23, 1.26525242816e-23, 1.29999196916e-23, 1.25256131281e-23, 1.02195668094e-23, 1.5466326444e-23, 1.29698065043e-23, 9.58764662582e-24, 6.91479339687e-24, 1.0611002746e-23, 1.11482722427e-23],
        "var": [7.60528109822e-07, 7.73946737809e-07, 3.81196741728e-07, 2.37548704263e-07, 2.8850495255e-06, 1.95924121726e-06, 6.55391261262e-07, 9.12361429073e-07, 3.30337087462e-07, 1.04945044654e-07, 7.55560520815e-08, 3.47091777542e-08, 1.29756640987e-08, 5.64752822285e-09, 6.50634524035e-09, 5.60831292518e-09, 3.25943827484e-09, 3.63721763819e-09, 4.33103908293e-09, 2.16778239803e-09, 1.33988808937e-09, 8.28006052611e-10, 4.4930528742e-10, 8.18742462716e-10, 9.92744664252e-10, 1.23245014194e-09, 1.56914137239e-09, 1.74017755761e-09, 1.30584265623e-10, 1.76688785131e-11, 1.12662891169e-11, 1.42322143654e-11, 7.62137662008e-12, 1.35882988889e-11, 2.13009332395e-11, 1.046805264e-11, 1.63076269068e-12, 8.561836678e-13, 3.5041056428e-13, 2.05064626711e-14]
    },
    "mfcc": {
        "mean": [-693.154724121, 152.289932251, -23.6555461884, 46.5598335266, -3.10076642036, 1.41609036922, -7.70333480835, -1.32934200764, -7.49738454819, 9.71902751923, -8.07727718353, 3.22609519958, 1.699852705],
        "cov": [[4667.49511719, -458.126251221, -1053.93432617, 76.3416824341, -243.387207031, -79.5705718994, -49.2506790161, -133.926605225, -68.8666610718, 225.210250854, -129.706573486, 90.5906906128, 29.7086086273], [-458.126251221, 1878.74060059, 86.8765869141, 184.031921387, 123.469642639, -35.4647750854, 92.6683807373, -51.7050247192, 126.675842285, -106.75415802, 56.5548820496, -17.4822540283, 140.682846069], [-1053.93432617, 86.8765869141, 1069.47131348, 250.109542847, 169.640197754, 10.0442333221, -2.29272198677, 46.6267089844, -52.462638855, -19.9537963867, 51.434677124, -35.4339027405, -8.88007640839], [76.3416824341, 184.031921387, 250.109542847, 677.200073242, 198.400009155, -49.6977043152, 27.2537994385, -49.8952064514, -2.90708327293, 34.4777259827, -37.003692627, 18.707654953, 15.0997219086], [-243.387207031, 123.469642639, 169.640197754, 198.400009155, 350.009063721, 68.3345184326, 7.97662115097, -41.0729484558, 78.8453979492, -8.98493671417, 14.679646492, 23.720954895, 14.4309186935], [-79.5705718994, -35.4647750854, 10.0442333221, -49.6977043152, 68.3345184326, 344.742370605, -28.6838436127, 52.7147979736, 77.3438415527, -52.097743988, 55.8259849548, 27.9487361908, 9.10562324524], [-49.2506790161, 92.6683807373, -2.29272198677, 27.2537994385, 7.97662115097, -28.6838436127, 221.145233154, 12.8690862656, 22.8690032959, 28.4010295868, -5.26644086838, 8.58379173279, -7.69190120697], [-133.926605225, -51.7050247192, 46.6267089844, -49.8952064514, -41.0729484558, 52.7147979736, 12.8690862656, 183.491394043, 27.6487236023, -15.3730678558, 19.2559986115, -9.94408798218, -0.426002889872], [-68.8666610718, 126.675842285, -52.462638855, -2.90708327293, 78.8453979492, 77.3438415527, 22.8690032959, 27.6487236023, 189.962142944, -7.58407783508, 21.4160385132, 35.0849075317, 15.1036577225], [225.210250854, -106.75415802, -19.9537963867, 34.4777259827, -8.98493671417, -52.097743988, 28.4010295868, -15.3730678558, -7.58407783508, 165.064697266, 9.42130279541, -13.0024986267, -12.2219390869], [-129.706573486, 56.5548820496, 51.434677124, -37.003692627, 14.679646492, 55.8259849548, -5.26644086838, 19.2559986115, 21.4160385132, 9.42130279541, 122.460472107, 19.6036930084, 3.01718950272], [90.5906906128, -17.4822540283, -35.4339027405, 18.707654953, 23.720954895, 27.9487361908, 8.58379173279, -9.94408798218, 35.0849075317, -13.0024986267, 19.6036930084, 108.088371277, 19.5485210419], [29.7086086273, 140.682846069, -8.88007640839, 15.0997219086, 14.4309186935, 9.10562324524, -7.69190120697, -0.426002889872, 15.1036577225, -12.2219390869, 3.01718950272, 19.5485210419, 109.863342285]],
