{
"lowlevel": {
    "average_loudness": 0.878594756126,
    "barkbands_crest": {
        "dmean": 2.55411028862,
        "dmean2": 4.10329532623,
        "dvar": 5.65688848495,
        "dvar2": 13.7026758194,
        "max": 25.100522995,
        "mean": 9.20430088043,
        "median": 8.1243429184,
        "min": 2.3792693615,
        "var": 15.1328601837
    },
    "barkbands_flatness_db": {
        "dmean": 0.0199164096266,
        "dmean2": 0.0304422359914,
        "dvar": 0.000322266016155,
        "dvar2": 0.000690347049385,
        "max": 0.287691801786,
        "mean": 0.112677939236,
        "median": 0.108400151134,
        "min": 0.0315797887743,
        "var": 0.00129818194546
    },
    "barkbands_kurtosis": {
        "dmean": 1.71907329559,
        "dmean2": 2.66161251068,
        "dvar": 8.57765674591,
        "dvar2": 19.0351715088,
        "max": 77.1479797363,
        "mean": 1.90278875828,
        "median": 0.832493424416,
        "min": -1.89934659004,
        "var": 16.757818222
    },
    "barkbands_skewness": {
        "dmean": 0.464373797178,
        "dmean2": 0.701237440109,
        "dvar": 0.208297029138,
        "dvar2": 0.466376394033,
        "max": 7.96858358383,
        "mean": 0.74518096447,
        "median": 0.891522288322,
        "min": -3.50419783592,
        "var": 1.75636696815
    },
    "barkbands_spread": {
        "dmean": 6.50739383698,
        "dmean2": 10.016002655,
        "dvar": 42.7942123413,
        "dvar2": 95.2414474487,
        "max": 115.8983078,
        "mean": 27.9070854187,
        "median": 26.4340553284,
        "min": 2.50888514519,
        "var": 143.5625
    },
    "dissonance": {
        "dmean": 0.0137833124027,
        "dmean2": 0.0232999511063,
        "dvar": 0.000188621328562,
        "dvar2": 0.000524164235685,
        "max": 0.500000119209,
        "mean": 0.475607156754,
        "median": 0.480437099934,
        "min": 0.295257478952,
        "var": 0.000387719279388
    },
    "dynamic_complexity": 2.70443463326,
    "erbbands_crest": {
        "dmean": 2.63338041306,
        "dmean2": 4.25381803513,
        "dvar": 7.06635904312,
        "dvar2": 16.7819671631,
        "max": 30.6868076324,
        "mean": 8.2060251236,
        "median": 7.00689697266,
        "min": 2.17945027351,
        "var": 20.7637996674
    },
    "erbbands_flatness_db": {
        "dmean": 0.0177333727479,
        "dmean2": 0.0261726640165,
        "dvar": 0.000291692413157,
        "dvar2": 0.000579048413783,
        "max": 0.323681652546,
        "mean": 0.150143057108,
        "median": 0.142314389348,
        "min": 0.0642156749964,
        "var": 0.00199164776132
    },
    "erbbands_kurtosis": {
        "dmean": 0.780573129654,
        "dmean2": 1.2489284277,
        "dvar": 1.15561330318,
        "dvar2": 2.61800789833,
        "max": 21.5338783264,
        "mean": 0.151056006551,
        "median": -0.249825000763,
        "min": -1.80998551846,
        "var": 2.97731208801
    },
    "erbbands_skewness": {
        "dmean": 0.34818777442,
        "dmean2": 0.535226941109,
        "dvar": 0.107964590192,
        "dvar2": 0.239735767245,
        "max": 4.27877998352,
        "mean": 0.065217345953,
        "median": 0.0445974469185,
        "min": -2.9054005146,
        "var": 0.492346704006
    },
    "erbbands_spread": {
        "dmean": 8.85214996338,
        "dmean2": 13.4894170761,
        "dvar": 81.9984741211,
        "dvar2": 181.921707153,
        "max": 124.370040894,
        "mean": 41.5604934692,
        "median": 38.5746841431,
        "min": 3.51518368721,
        "var": 349.704864502
    },
    "hfc": {
        "dmean": 8.08852386475,
        "dmean2": 11.2711200714,
        "dvar": 117.104705811,
        "dvar2": 229.14263916,
        "max": 211.558273315,
        "mean": 20.6471920013,
        "median": 15.1938028336,
        "min": 1.05956608687e-16,
        "var": 383.548034668
    },
    "melbands_crest": {
        "dmean": 3.55097913742,
        "dmean2": 5.86418485641,
        "dvar": 10.8953084946,
        "dvar2": 28.5826187134,
        "max": 31.3380393982,
        "mean": 12.2069988251,
        "median": 11.7385253906,
        "min": 1.40547657013,
        "var": 36.9004173279
    },
    "melbands_flatness_db": {
        "dmean": 0.0229582916945,
        "dmean2": 0.0341100022197,
        "dvar": 0.000505597156007,
        "dvar2": 0.00105112825986,
        "max": 0.380544185638,
        "mean": 0.133360937238,
        "median": 0.137475937605,
        "min": 0.00300208479166,
        "var": 0.00379159767181
    },
    "melbands_kurtosis": {
        "dmean": 4.71111440659,
        "dmean2": 7.24834108353,
        "dvar": 66.6349639893,
        "dvar2": 151.594177246,
        "max": 220.578155518,
        "mean": 7.867436409,
        "median": 4.21035718918,
        "min": -1.76181089878,
        "var": 152.534042358
    },
    "melbands_skewness": {
        "dmean": 0.647315204144,
        "dmean2": 0.993494272232,
        "dvar": 0.443231463432,
        "dvar2": 1.02501821518,
        "max": 12.3870105743,
        "mean": 1.95676326752,
        "median": 1.86962902546,
        "min": -1.97933232784,
        "var": 2.28587961197
    },
    "melbands_spread": {
        "dmean": 9.41406059265,
        "dmean2": 14.7514371872,
        "dvar": 95.3003158569,
        "dvar2": 232.481414795,
        "max": 205.506713867,
        "mean": 42.7636756897,
        "median": 31.2810096741,
        "min": 1.66683399677,
        "var": 1284.83239746
    },
    "pitch_salience": {
        "dmean": 0.0722668096423,
        "dmean2": 0.113539814949,
        "dvar": 0.00448523834348,
        "dvar2": 0.0110055115074,
        "max": 0.943682670593,
        "mean": 0.604509830475,
        "median": 0.603142738342,
        "min": 0.176504179835,
        "var": 0.0157268308103
    },
    "silence_rate_20dB": {
        "dmean": 0,
        "dmean2": 0,
        "dvar": 0,
        "dvar2": 0,
        "max": 1,
        "mean": 1,
        "median": 1,
        "min": 1,
        "var": 0
    },
    "silence_rate_30dB": {
        "dmean": 0,
        "dmean2": 0,
        "dvar": 0,
        "dvar2": 0,
        "max": 1,
        "mean": 1,
        "median": 1,
        "min": 1,
        "var": 0
    },
    "silence_rate_60dB": {
        "dmean": 0.00963538791984,
        "dmean2": 0.0192728862166,
        "dvar": 0.00954144820571,
        "dvar2": 0.0250306874514,
        "max": 1,
        "mean": 0.148346841335,
        "median": 0,
        "min": 0,
        "var": 0.126364722848
    },
    "spectral_centroid": {
        "dmean": 287.018951416,
        "dmean2": 440.358337402,
        "dvar": 85544.5234375,
        "dvar2": 186266.359375,
        "max": 12051.8164062,
        "mean": 2693.25317383,
        "median": 1722.04321289,
        "min": 404.719390869,
        "var": 9086073
    },
    "spectral_complexity": {
        "dmean": 4.46337461472,
        "dmean2": 6.30946111679,
        "dvar": 22.4178981781,
        "dvar2": 40.9025993347,
        "max": 56,
        "mean": 18.240530014,
        "median": 18,
        "min": 0,
        "var": 117.304290771
    },
    "spectral_decrease": {
        "dmean": 1.76194014934e-09,
        "dmean2": 2.67473576621e-09,
        "dvar": 4.35532967745e-18,
        "dvar2": 9.79331966272e-18,
        "max": 1.07793043281e-26,
        "mean": -4.70294425625e-09,
        "median": -4.07170519523e-09,
        "min": -2.38201067759e-08,
        "var": 1.36964640273e-17
    },
    "spectral_energy": {
        "dmean": 0.00724258180708,
        "dmean2": 0.0108975563198,
        "dvar": 7.33014603611e-05,
        "dvar2": 0.000161210002261,
        "max": 0.0940997451544,
        "mean": 0.0196227654815,
        "median": 0.0169127844274,
        "min": 9.90241498859e-21,
        "var": 0.000237413871218
    },
    "spectral_energyband_high": {
        "dmean": 0.000520339875948,
        "dmean2": 0.000735878827982,
        "dvar": 6.72125679557e-07,
        "dvar2": 1.39714632041e-06,
        "max": 0.0181773230433,
        "mean": 0.000947426597122,
        "median": 0.0006090386305,
        "min": 6.84837530976e-21,
        "var": 1.25486599245e-06
    },
    "spectral_energyband_low": {
        "dmean": 0.00229285191745,
        "dmean2": 0.00372497551143,
        "dvar": 1.56139540195e-05,
        "dvar2": 4.22134507971e-05,
        "max": 0.0546947941184,
        "mean": 0.00350114400499,
        "median": 0.00194908841513,
        "min": 8.91492655623e-24,
        "var": 2.23438582907e-05
    },
    "spectral_energyband_middle_high": {
        "dmean": 0.00258165528066,
        "dmean2": 0.0037767298054,
        "dvar": 1.86832730833e-05,
        "dvar2": 3.87108557334e-05,
        "max": 0.083998337388,
        "mean": 0.00614411057904,
        "median": 0.00307121220976,
        "min": 1.05537674163e-21,
        "var": 6.75664050505e-05
    },
    "spectral_energyband_middle_low": {
        "dmean": 0.00459556141868,
        "dmean2": 0.00701230019331,
        "dvar": 4.15526010329e-05,
        "dvar2": 9.34765994316e-05,
        "max": 0.0813074707985,
        "mean": 0.00929819233716,
        "median": 0.00652349973097,
        "min": 1.09249763283e-22,
        "var": 9.43707273109e-05
    },
    "spectral_entropy": {
        "dmean": 0.133996725082,
        "dmean2": 0.191472828388,
        "dvar": 0.0196708999574,
        "dvar2": 0.0378970317543,
        "max": 9.83336448669,
        "mean": 8.04091453552,
        "median": 7.88791751862,
        "min": 6.29205131531,
        "var": 0.464515089989
    },
    "spectral_flux": {
        "dmean": 0.0210305545479,
        "dmean2": 0.0329315923154,
        "dvar": 0.000539985718206,
        "dvar2": 0.00123032717966,
        "max": 0.283270388842,
        "mean": 0.0793854817748,
        "median": 0.0780002176762,
        "min": 6.21600895756e-11,
        "var": 0.00219858367927
    },
    "spectral_kurtosis": {
        "dmean": 0.961502373219,
        "dmean2": 1.58798766136,
        "dvar": 1.2576675415,
        "dvar2": 3.2962911129,
        "max": 13.755355835,
        "mean": 2.45191478729,
        "median": 2.28402996063,
        "min": -1.27670776844,
        "var": 4.56690740585
    },
    "spectral_rms": {
        "dmean": 0.000749621423893,
        "dmean2": 0.00110650516581,
        "dvar": 6.35306776076e-07,
        "dvar2": 1.31218837396e-06,
        "max": 0.00958147272468,
        "mean": 0.00387616548687,
        "median": 0.00406205328181,
        "min": 3.10819751013e-12,
        "var": 4.11950668422e-06
    },
    "spectral_rolloff": {
        "dmean": 614.649230957,
        "dmean2": 984.389648438,
        "dvar": 676661.1875,
        "dvar2": 1491586.5,
        "max": 21404.0039062,
        "mean": 3814.85913086,
        "median": 1959.52148438,
        "min": 64.599609375,
        "var": 29844472
    },
    "spectral_skewness": {
        "dmean": 0.156612992287,
        "dmean2": 0.250688433647,
        "dvar": 0.0248705167323,
        "dvar2": 0.0599776096642,
        "max": 2.81353020668,
        "mean": 1.13194620609,
        "median": 1.20503902435,
        "min": -0.248795807362,
        "var": 0.243750736117
    },
    "spectral_spread": {
        "dmean": 655983.8125,
        "dmean2": 960081.1875,
        "dvar": 557710770176,
        "dvar2": 1.16306044518e+12,
        "max": 43314472,
        "mean": 8810000,
        "median": 4862536,
        "min": 2032497.125,
        "var": 1.29456748364e+14
    },
    "spectral_strongpeak": {
        "dmean": 0.647799491882,
        "dmean2": 1.0651062727,
        "dvar": 1.3274204731,
        "dvar2": 3.30949449539,
        "max": 18.7223701477,
        "mean": 1.08068823814,
        "median": 0.539434194565,
        "min": 0,
        "var": 2.73229265213
    },
    "zerocrossingrate": {
        "dmean": 0.0119607253,
        "dmean2": 0.0148744517937,
        "dvar": 0.000162027659826,
        "dvar2": 0.000222036120249,
        "max": 0.7880859375,
        "mean": 0.124662145972,
        "median": 0.078125,
        "min": 0.01220703125,
        "var": 0.0188872255385
    },
    "barkbands": {
        "dmean": [0.000198543886654, 0.00154152419418, 0.000892499345355, 0.000440700765466, 0.00170311552938, 0.00201684446074, 0.000642943545245, 0.000711330736522, 0.000684786413331, 0.000585609930567, 0.000392628659029, 0.000485876080347, 0.000441153213615, 0.000618002261035, 0.000555202190299, 0.000433864915976, 0.000268411706202, 0.000238436565269, 0.000210310274269, 0.000170350424014, 0.000117306924949, 0.000140534655657, 0.000127112769405, 6.87151332386e-05, 5.76624988753e-05, 1.11187364382e-05, 2.19273026403e-08],
        "dmean2": [0.000346095970599, 0.00248072459362, 0.00147609156556, 0.000754885957576, 0.00266726175323, 0.00320500624366, 0.00102669559419, 0.00114873168059, 0.0010875306325, 0.000944936065935, 0.000666453212034, 0.000762392941397, 0.000685470411554, 0.000988518586382, 0.000875871104654, 0.000677397765685, 0.000421762379119, 0.00037328506005, 0.000325079774484, 0.000259454362094, 0.00018019991694, 0.000211810722249, 0.000191525774426, 9.94179936242e-05, 8.46872062539e-05, 1.66175414051e-05, 3.87760046294e-08],
        "dvar": [8.24483876727e-08, 6.16361694483e-06, 5.33870388608e-06, 9.61041223491e-07, 7.31227783035e-06, 1.59180854098e-05, 3.63780031876e-06, 4.50227980764e-06, 3.40862493431e-06, 1.85771762062e-06, 8.36395884107e-07, 1.40778865898e-06, 1.6575513655e-06, 4.58824752059e-06, 3.97054736823e-06, 1.7182026113e-06, 6.89009993948e-07, 2.89394307629e-07, 2.71226753057e-07, 1.09049572927e-07, 4.50528077067e-08, 7.87851206496e-08, 5.94162301581e-08, 1.48478642714e-08, 9.08697117552e-09, 5.3961479729e-10, 7.19782679369e-15],
        "dvar2": [2.50845914707e-07, 1.5560832253e-05, 1.37878087116e-05, 2.5319066026e-06, 1.71906431206e-05, 3.68464316125e-05, 8.60734235175e-06, 1.08473495857e-05, 8.0485970102e-06, 4.37346670878e-06, 2.02467572308e-06, 3.19294917972e-06, 3.5248012864e-06, 1.125154904e-05, 9.24837240746e-06, 3.77525748263e-06, 1.54227768689e-06, 6.32127125755e-07, 6.50604590646e-07, 2.33185957654e-07, 1.01789161988e-07, 1.85121919571e-07, 1.33903952815e-07, 3.34539436153e-08, 2.16370317219e-08, 1.2489899115e-09, 1.98091834548e-14],
        "max": [0.00273792166263, 0.0297436341643, 0.0293148364872, 0.0133578209206, 0.0347408764064, 0.0745614022017, 0.0388430841267, 0.051437523216, 0.0339888073504, 0.0288147479296, 0.0265816114843, 0.0321516171098, 0.0323368050158, 0.0733715295792, 0.0528328903019, 0.0443406179547, 0.0459367521107, 0.0171687789261, 0.0206190142781, 0.010449077934, 0.00628148531541, 0.00604994315654, 0.00477488897741, 0.00305365608074, 0.00336743262596, 0.00104696827475, 3.30839498019e-06],
        "mean": [0.000276161765214, 0.00225640740246, 0.000787269615103, 0.000446247024229, 0.00285894679837, 0.00312932743691, 0.000857357284985, 0.000900349463336, 0.000930858484935, 0.000786501448601, 0.00045213161502, 0.000706848455593, 0.000662884383928, 0.000892200972885, 0.000750338775106, 0.000661663711071, 0.000433619396063, 0.000386264320696, 0.000349172303686, 0.000300576095469, 0.000202096649446, 0.000222060902161, 0.00017973856302, 0.000105829290987, 7.4036361184e-05, 1.38403511301e-05, 1.57141002433e-08],
        "median": [0.000124220066937, 0.00108627649024, 0.000201455462957, 0.000173488879227, 0.00126270879991, 0.00110300758388, 0.000220346060814, 0.000238941109274, 0.000226219868637, 0.000213052349864, 0.000119056610856, 0.000221751397476, 0.000164152676007, 0.000214716215851, 0.000178258502274, 0.000245493167313, 0.000161002244567, 0.000156615773449, 0.000171803869307, 0.000160803290782, 0.000127077306388, 0.000130608241307, 8.90569208423e-05, 5.22851987625e-05, 3.85581515729e-05, 4.8202691687e-06, 8.08379696515e-10],
        "min": [3.21718431267e-26, 1.08393748226e-24, 2.89251233687e-25, 2.65473634801e-25, 3.55614670098e-24, 2.46975960839e-24, 4.04280327645e-24, 2.26124217468e-24, 7.01268630205e-24, 6.67701573168e-24, 1.03132464085e-23, 9.72410536293e-24, 1.05026314014e-23, 2.44577803966e-23, 3.24251493216e-23, 2.9069628487e-23, 5.2494379751e-23, 7.28470636809e-23, 1.04052924344e-22, 1.50860686664e-22, 2.17845339994e-22, 2.80848366211e-22, 3.20230877441e-22, 4.97955408128e-22, 8.23496720478e-22, 1.09786607741e-21, 1.68964029648e-21],
        "var": [1.26501504383e-07, 1.03511220004e-05, 4.30126101492e-06, 8.35320179249e-07, 1.55089510372e-05, 3.34602700605e-05, 4.59223065263e-06, 6.12319036009e-06, 6.38701612843e-06, 3.47164996128e-06, 1.14284648589e-06, 2.73993691735e-06, 3.71617034034e-06, 7.85200245446e-06, 6.42254963168e-06, 3.05487969854e-06, 1.46752972796e-06, 5.49042056264e-07, 4.51014926739e-07, 2.23965969326e-07, 7.15687704655e-08, 1.05381730009e-07, 7.79098598969e-08, 2.24153886563e-08, 1.16306200226e-08, 7.15181358579e-10, 5.43949905057e-15]
    },
    "erbbands": {
        "dmean": [0.0534393787384, 0.357500225306, 1.06386888027, 0.98565864563, 2.52980804443, 5.47239971161, 15.2413673401, 17.5224227905, 12.499464035, 8.12818813324, 16.2413158417, 15.3913183212, 17.0363960266, 17.1685752869, 15.7940654755, 17.2486133575, 17.756565094, 24.4642047882, 29.7029666901, 25.6412143707, 21.8132286072, 15.0441617966, 12.1547632217, 12.4872045517, 8.57417011261, 7.72826910019, 5.54605770111, 4.1916642189, 4.82081079483, 5.18459224701, 3.59151053429, 1.68254697323, 1.04613626003, 0.86776059866, 0.292471408844, 0.0809843242168, 0.0150122912601, 0.000529230572283, 2.05115738936e-05, 1.01489731605e-05],
        "dmean2": [0.086232021451, 0.573796391487, 1.73725497723, 1.53424847126, 4.18936300278, 8.86610984802, 23.959936142, 28.0652523041, 19.6410102844, 13.069231987, 26.0428237915, 24.4874000549, 26.8155002594, 28.2551345825, 26.0713100433, 27.1050891876, 27.300699234, 38.0669822693, 45.8942222595, 40.5155258179, 33.5013656616, 23.2997436523, 18.7244815826, 19.2168388367, 13.0085935593, 11.6603479385, 8.51109218597, 6.36515045166, 7.2966542244, 7.82064962387, 5.40052604675, 2.48343777657, 1.52478682995, 1.28448092937, 0.432111531496, 0.120812043548, 0.0221423935145, 0.000777034030762, 2.87657967419e-05, 1.48197141243e-05],
        "dvar": [0.00691906176507, 0.421016305685, 7.66804885864, 3.5582485199, 23.008014679, 83.3724441528, 753.724304199, 1598.54663086, 1137.40710449, 662.77734375, 2256.56201172, 2125.55126953, 1883.78430176, 1642.80041504, 1072.42150879, 1847.55761719, 2332.22827148, 8088.46337891, 10346.1953125, 7323.89794922, 4548.734375, 1994.66552734, 697.367492676, 1061.45849609, 311.515075684, 228.689620972, 104.291313171, 63.966091156, 86.8181915283, 102.523353577, 48.0192985535, 8.22486591339, 4.1105132103, 1.85917460918, 0.290059030056, 0.0313125662506, 0.000774590240326, 1.27178066123e-06, 1.11100917355e-09, 1.40533126802e-10],
        "dvar2": [0.0179331917316, 1.13981723785, 19.6784934998, 7.79597568512, 58.6464500427, 208.989028931, 1731.55725098, 3774.88623047, 2606.20214844, 1581.89196777, 5532.58251953, 5080.01269531, 4384.84472656, 3861.82250977, 2630.71240234, 4205.78027344, 4982.85595703, 19032.3007812, 23390.7324219, 17502.0390625, 9582.02148438, 4385.93945312, 1547.98291016, 2381.2421875, 709.359191895, 486.186004639, 223.934356689, 147.88053894, 200.058303833, 245.051849365, 107.752029419, 18.3579368591, 9.57403182983, 4.48584890366, 0.670832633972, 0.0749819129705, 0.00157618441153, 2.41041470872e-06, 2.15871054365e-09, 2.90546031678e-10],
        "max": [0.84471732378, 7.27416086197, 38.7189064026, 26.3634586334, 89.8950119019, 143.018478394, 562.403137207, 833.488525391, 823.249938965, 765.616394043, 1026.86303711, 1014.99853516, 954.104309082, 1068.35668945, 672.707092285, 1191.22558594, 1401.84899902, 3289.56665039, 3535.81298828, 2424.41552734, 3031.33276367, 2531.41064453, 665.437805176, 1032.03552246, 721.917114258, 415.380340576, 350.299194336, 203.148849487, 199.934616089, 230.571914673, 160.789291382, 77.2375335693, 50.1394348145, 38.7640266418, 21.0620002747, 8.99204921722, 0.921678602695, 0.062680862844, 0.00127301504835, 0.000120402182802],
        "mean": [0.0725426003337, 0.473545521498, 0.990011751652, 1.25619506836, 3.48329782486, 8.30951690674, 23.6299057007, 26.5470123291, 18.4651355743, 10.7636737823, 20.8926792145, 20.5744075775, 24.569021225, 21.99451828, 21.8888530731, 27.488445282, 29.0079040527, 37.1642990112, 46.4374275208, 38.6938018799, 35.5427627563, 25.8951091766, 21.2004642487, 20.9322834015, 15.3437128067, 13.6197462082, 10.0713996887, 7.16274309158, 7.74270343781, 7.2330827713, 4.97500944138, 2.53518509865, 1.58746314049, 1.1214966774, 0.370832592249, 0.103270865977, 0.0180355738848, 0.000631229660939, 3.45187036146e-05, 2.71198241535e-05],
        "median": [0.0371156819165, 0.166033625603, 0.279002904892, 0.561591863632, 1.42680597305, 3.90149736404, 9.9822769165, 7.98199462891, 5.35595226288, 4.03270435333, 5.76093578339, 5.37322282791, 7.65331840515, 6.93581676483, 8.14166259766, 8.72101974487, 8.25051021576, 9.44624710083, 12.2650032043, 11.191906929, 14.6353683472, 10.3799095154, 8.87251663208, 9.14507675171, 8.34457969666, 7.2911028862, 6.41706371307, 4.24142169952, 4.22687721252, 4.26729011536, 2.35037517548, 1.20862174034, 0.808842301369, 0.612004041672, 0.161095947027, 0.0402256883681, 0.00470569636673, 0.000132538989419, 2.14627107198e-05, 2.35199586314e-05],
        "min": [4.37805464613e-23, 2.25218046636e-22, 7.05560374317e-22, 2.33555556671e-21, 5.14853732631e-21, 1.38519213014e-20, 9.57869817899e-21, 3.27420284616e-20, 7.74036326148e-20, 8.44120625263e-20, 1.59437822299e-19, 1.84470155866e-19, 2.94277025089e-19, 4.58514743838e-19, 7.36593840624e-19, 6.53823873786e-19, 7.97319650934e-19, 1.30947178422e-18, 1.68385693479e-18, 2.61545493421e-18, 2.49635622884e-18, 3.32721944948e-18, 4.24192693778e-18, 4.73315103968e-18, 5.92757461519e-18, 5.79389188845e-18, 6.68365078229e-18, 8.47078607624e-18, 9.89968102742e-18, 1.07235553991e-17, 9.32844581282e-18, 8.60567276437e-18, 7.65303945857e-18, 7.22781651134e-18, 5.67059193275e-18, 3.73747456353e-18, 2.14271190835e-18, 8.85099695646e-19, 2.1836689292e-19, 2.38605304479e-20],
        "var": [0.0103850830346, 0.585445463657, 6.49679470062, 4.41782712936, 31.5140075684, 134.746429443, 1458.62902832, 3141.64648438, 1738.95410156, 758.019897461, 3068.61987305, 3533.9140625, 3231.9128418, 2471.25585938, 1823.76379395, 4015.23095703, 5269.58300781, 13079.2011719, 21770.1601562, 12806.3896484, 8681.00878906, 4263.85107422, 1480.37890625, 1807.44750977, 609.433898926, 452.423339844, 194.131835938, 95.7685928345, 125.467979431, 120.603363037, 62.8574066162, 12.6374425888, 5.54541301727, 2.34847354889, 0.379089921713, 0.037449080497, 0.00131633330602, 2.56482735495e-06, 2.22360219126e-09, 4.40459391182e-10]
    },
    "gfcc": {
        "mean": [-121.072616577, 70.075340271, -121.873138428, 39.5983085632, -63.2151031494, 18.7944774628, -42.7177505493, 8.51806735992, -20.5303421021, 4.77791023254, -8.46743583679, 3.56648397446, 0.681725800037],
        "cov": [[135949.109375, 9208.77832031, -15388.2050781, 5388.18066406, -8363.2109375, 2386.02832031, -5708.05664062, 986.315795898, -2848.70117188, 664.045776367, -1133.36291504, 502.827880859, -21.0341682434], [9208.77832031, 1124.99157715, -1027.99060059, 436.180908203, -454.937072754, 151.048873901, -314.115753174, 74.414024353, -124.507598877, 44.1225624084, 28.3582134247, -16.2251987457, 54.8263511658], [-15388.2050781, -1027.99060059, 2688.52246094, -303.347137451, 952.940307617, -287.742950439, 571.387390137, -156.468383789, 262.437438965, -29.0892677307, 79.4942626953, 21.0218334198, -60.4179573059], [5388.18066406, 436.180908203, -303.347137451, 547.121765137, -223.773590088, 87.2451858521, -247.541503906, 33.5684623718, -72.1127700806, 43.13073349, -30.4141292572, 35.1177139282, 2.65781927109], [-8363.2109375, -454.937072754, 952.940307617, -223.773590088, 745.510620117, -83.3883590698, 388.979003906, -32.5628547668, 211.210830688, -20.1229839325, 95.9789886475, -55.3102264404, 11.3287620544], [2386.02832031, 151.048873901, -287.742950439, 87.2451858521, -83.3883590698, 211.391723633, -15.8812408447, 17.3827362061, -66.5094680786, 23.3319816589, -25.9778347015, -6.99351358414, -13.6094169617], [-5708.05664062, -314.115753174, 571.387390137, -247.541503906, 388.979003906, -15.8812408447, 379.543823242, -10.218091011, 126.785079956, -24.8840370178, 81.8352890015, -51.9133338928, -2.2882745266], [986.315795898, 74.414024353, -156.468383789, 33.5684623718, -32.5628547668, 17.3827362061, -10.218091011, 115.695404053, 25.9850978851, 3.01760411263, -10.7518424988, -1.93452894688, 0.66085678339], [-2848.70117188, -124.507598877, 262.437438965, -72.1127700806, 211.210830688, -66.5094680786, 126.785079956, 25.9850978851, 161.505233765, 9.03164577484, 51.8052902222, -20.7654838562, 18.4324092865], [664.045776367, 44.1225624084, -29.0892677307, 43.13073349, -20.1229839325, 23.3319816589, -24.8840370178, 3.01760411263, 9.03164577484, 74.4471664429, 28.808057785, 13.0337581635, -2.73322153091], [-1133.36291504, 28.3582134247, 79.4942626953, -30.4141292572, 95.9789886475, -25.9778347015, 81.8352890015, -10.7518424988, 51.8052902222, 28.808057785, 125.429489136, 5.52296495438, 32.0190963745], [502.827880859, -16.2251987457, 21.0218334198, 35.1177139282, -55.3102264404, -6.99351358414, -51.9133338928, -1.93452894688, -20.7654838562, 13.0337581635, 5.52296495438, 84.7077255249, 16.7600402832], [-21.0341682434, 54.8263511658, -60.4179573059, 2.65781927109, 11.3287620544, -13.6094169617, -2.2882745266, 0.66085678339, 18.4324092865, -2.73322153091, 32.0190963745, 16.7600402832, 70.9578781128]],
        "icov": [[0.000370134599507, -0.000821266206913, 0.000741588009987, -0.00106306700036, 0.00106358772609, -0.000858582439832, 0.00119585706852, -0.00105679349508, 0.00151130720042, -0.00118818029296, 0.00045930565102, -0.000354351534043, 0.000567546230741], [-0.000821266206913, 0.00421230634674, -0.00137325120158, 0.00109750265256, -0.00176614511292, 0.00124960788526, -0.00193890521768, 0.00160115992185, -0.00290205446072, 0.00304864533246, -0.00317831058055, 0.00291655818, -0.00264772237279], [0.000741588009987, -0.00137325120158, 0.00280904839747, -0.00287320767529, 0.00116980832536, -0.000149814644828, 0.000694219197612, -0.000886308203917, 0.00314304139465, -0.00306310248561, 0.00199698726647, -0.00236137141474, 0.00231763371266], [-0.00106306700036, 0.00109750265256, -0.00287320767529, 0.00700809806585, -0.00334208435379, 0.000670093111694, -0.000335059914505, 0.00226256716996, -0.00499701313674, 0.00342588126659, -0.00166682526469, 0.000644031330012, -0.00121179153211], [0.00106358772609, -0.00176614511292, 0.00116980832536, -0.00334208435379, 0.00775587931275, -0.00345799489878, 0.00177724007517, -0.00278864358552, 0.00168137694709, -0.00263874186203, 0.000252333382377, 0.00103224255145, 8.68537244969e-05], [-0.000858582439832, 0.00124960788526, -0.000149814644828, 0.000670093111694, -0.00345799489878, 0.0116847893223, -0.00836496148258, 0.00282654445618, 0.000816034444142, -0.00229845475405, 0.00333406496793, -0.000827536685392, -0.000485113763716], [0.00119585706852, -0.00193890521768, 0.000694219197612, -0.000335059914505, 0.00177724007517, -0.00836496148258, 0.0162716396153, -0.00579324550927, 0.00256833410822, 0.00106651103124, -0.00550337787718, 0.00318503426388, 0.00225180620328], [-0.00105679349508, 0.00160115992185, -0.000886308203917, 0.00226256716996, -0.00278864358552, 0.00282654445618, -0.00579324550927, 0.0151700321585, -0.00914596114308, 0.00329334358685, 0.00202565523796, -0.00186981377192, 0.000299654202536], [0.00151130720042, -0.00290205446072, 0.00314304139465, -0.00499701313674, 0.00168137694709, 0.000816034444142, 0.00256833410822, -0.00914596114308, 0.0212953556329, -0.00946300569922, 0.00113047624473, 0.00110707455315, -0.00105817918666], [-0.00118818029296, 0.00304864533246, -0.00306310248561, 0.00342588126659, -0.00263874186203, -0.00229845475405, 0.00106651103124, 0.00329334358685, -0.00946300569922, 0.0243194364011, -0.00980488676578, -0.000100992474472, 0.0023830968421], [0.00045930565102, -0.00317831058055, 0.00199698726647, -0.00166682526469, 0.000252333382377, 0.00333406496793, -0.00550337787718, 0.00202565523796, 0.00113047624473, -0.00980488676578, 0.0181921161711, -0.00483694206923, -0.00298035494052], [-0.000354351534043, 0.00291655818, -0.00236137141474, 0.000644031330012, 0.00103224255145, -0.000827536685392, 0.00318503426388, -0.00186981377192, 0.00110707455315, -0.000100992474472, -0.00483694206923, 0.0193429142237, -0.00727426912636], [0.000567546230741, -0.00264772237279, 0.00231763371266, -0.00121179153211, 8.68537244969e-05, -0.000485113763716, 0.00225180620328, 0.000299654202536, -0.00105817918666, 0.0023830968421, -0.00298035494052, -0.00727426912636, 0.0217182729393]]
    },
    "melbands": {
        "dmean": [0.000435444235336, 0.000507557531819, 0.000193057392607, 0.000256788131082, 0.000486894219648, 0.000383331003832, 0.000177060326678, 0.00010641044355, 0.000126181388623, 9.98620889732e-05, 8.75911209732e-05, 7.35002904548e-05, 5.32663398189e-05, 5.33794918738e-05, 5.10017744091e-05, 4.01764082198e-05, 4.96735046909e-05, 5.24818096892e-05, 4.29476313002e-05, 3.1532268622e-05, 2.54088226939e-05, 1.70835628523e-05, 1.18126690722e-05, 1.21255279737e-05, 1.10588007374e-05, 7.51378684072e-06, 6.69281280352e-06, 5.21107540408e-06, 4.14758187617e-06, 2.79147729998e-06, 2.5324559374e-06, 2.96238818009e-06, 2.86476256406e-06, 2.92957884085e-06, 2.39801261159e-06, 1.34046797484e-06, 9.4020464303e-07, 8.11743973372e-07, 6.04698641382e-07, 8.45645729441e-07],
        "dmean2": [0.000697271549143, 0.000826059200335, 0.000299842562526, 0.000421876931796, 0.000762007781304, 0.000612108618952, 0.000277885497781, 0.000170865576365, 0.000202143521165, 0.000158846465638, 0.000138231873279, 0.000120754113595, 8.93619217095e-05, 8.40291977511e-05, 7.85905867815e-05, 6.2110615545e-05, 7.79366600909e-05, 8.26912582852e-05, 6.8938737968e-05, 4.94412961416e-05, 3.96469367843e-05, 2.6935202186e-05, 1.86616543942e-05, 1.87664682016e-05, 1.71815609065e-05, 1.16862474897e-05, 1.04878545244e-05, 8.02025806479e-06, 6.48865307085e-06, 4.42967166236e-06, 3.91704270442e-06, 4.62267689727e-06, 4.34338653577e-06, 4.48468881586e-06, 3.67331904272e-06, 2.03557465284e-06, 1.41250711749e-06, 1.20418997085e-06, 9.10288804334e-07, 1.27810881168e-06],
        "dvar": [4.43174030806e-07, 1.45148044339e-06, 1.31638230982e-07, 2.02991515152e-07, 6.81767460264e-07, 6.98131714216e-07, 2.20370523607e-07, 9.99582212557e-08, 1.26220825791e-07, 8.92138416475e-08, 4.87253259962e-08, 2.96926252474e-08, 1.37036959558e-08, 1.73264034231e-08, 2.11740722733e-08, 1.48482435236e-08, 3.3670023214e-08, 3.72701194351e-08, 2.74074345441e-08, 9.71216529422e-09, 6.87392365251e-09, 3.3777289854e-09, 8.67171168206e-10, 8.55259918442e-10, 9.17602993589e-10, 3.4047153985e-10, 2.03410802091e-10, 1.16348000678e-10, 6.47284448263e-11, 2.87869901527e-11, 2.58456953756e-11, 3.37060553079e-11, 3.255124989e-11, 3.20637891238e-11, 2.27056151658e-11, 6.03802251253e-12, 2.44354666709e-12, 2.61971802758e-12, 1.32018961735e-12, 1.89626287762e-12],
        "dvar2": [1.07464154553e-06, 3.87639602195e-06, 2.97036280017e-07, 5.14379053129e-07, 1.56833527853e-06, 1.63588242685e-06, 5.05457080635e-07, 2.33965224083e-07, 3.08702055918e-07, 2.13602504573e-07, 1.1361040464e-07, 6.90420378646e-08, 3.35649836813e-08, 4.11329317274e-08, 4.5169379348e-08, 3.28496128077e-08, 7.9052462354e-08, 8.39768290462e-08, 6.40580779532e-08, 2.22624212398e-08, 1.41972433809e-08, 7.29790272658e-09, 2.03079619787e-09, 1.91110749448e-09, 2.09855088862e-09, 8.53624615438e-10, 4.68124095043e-10, 2.53355891822e-10, 1.40516417946e-10, 6.93574087052e-11, 6.1342604607e-11, 8.02989549853e-11, 7.72808275706e-11, 7.69163691072e-11, 5.16802989292e-11, 1.36581518664e-11, 5.51134918952e-12, 6.19594349785e-12, 3.20384647631e-12, 4.74473758894e-12],
        "max": [0.00837171077728, 0.0167971048504, 0.00483779096976, 0.00951113924384, 0.0147483348846, 0.0168464966118, 0.0108677167445, 0.010058760643, 0.00861834269017, 0.00652106711641, 0.0046632392332, 0.00423712283373, 0.00297574349679, 0.00340463221073, 0.00494202505797, 0.00406256457791, 0.00585123710334, 0.00681566353887, 0.00578174833208, 0.00244494760409, 0.00357120274566, 0.00377641082741, 0.000734977889806, 0.00100241147447, 0.000873160024639, 0.00093130429741, 0.000442691263743, 0.000308712304104, 0.000348343281075, 0.000150771753397, 0.000152406078996, 0.000135303649586, 0.00012984026398, 0.000114725924504, 0.0001096756896, 6.56094853184e-05, 3.56415621354e-05, 3.81785066565e-05, 3.60993908544e-05, 5.00554560858e-05],
        "mean": [0.000651344598737, 0.000565058900975, 0.000268500560196, 0.000378463737434, 0.000771201157477, 0.00059234641958, 0.000257440638961, 0.000137652998092, 0.000162196418387, 0.000132612549351, 0.000125657534227, 9.37499717111e-05, 6.69498476782e-05, 7.60990005801e-05, 7.92942882981e-05, 6.00104758632e-05, 6.92967150826e-05, 7.93870858615e-05, 5.83431246923e-05, 4.62517964479e-05, 3.86548199458e-05, 2.68781495834e-05, 1.92994430108e-05, 1.90434075193e-05, 1.70624789462e-05, 1.22416067825e-05, 1.05850594991e-05, 8.61992884893e-06, 7.06317086951e-06, 4.41721249445e-06, 4.00784801968e-06, 4.52607355328e-06, 4.07762172472e-06, 3.92020456275e-06, 3.14333237839e-06, 1.95154757421e-06, 1.36336439027e-06, 1.17715171655e-06, 8.83349684955e-07, 1.00355237009e-06],
        "median": [0.000348473375197, 0.000191095270566, 0.00012889764912, 0.000179153241334, 0.000331030809321, 0.000187512283446, 7.30614556232e-05, 4.42133496108e-05, 4.15830618294e-05, 3.13935088343e-05, 3.6659745092e-05, 2.66017250397e-05, 2.09501777135e-05, 2.57580759353e-05, 1.54091867444e-05, 1.6657902961e-05, 1.62148244272e-05, 1.87346158782e-05, 1.40553329402e-05, 1.46994607348e-05, 1.5284287656e-05, 9.82432902674e-06, 7.76007436798e-06, 7.29762086848e-06, 7.09962614565e-06, 6.03237731411e-06, 5.33352249477e-06, 4.26492442784e-06, 4.27740633313e-06, 2.66916845248e-06, 2.13330395127e-06, 2.37154381466e-06, 2.30804835155e-06, 2.19009757529e-06, 1.38497568969e-06, 9.32385603392e-07, 6.37121445379e-07, 5.68788834698e-07, 4.74451098853e-07, 5.06806372869e-07],
        "min": [5.99881978412e-25, 7.15007993793e-25, 8.13775055456e-25, 7.12319506524e-25, 4.40908904551e-25, 7.85742833886e-25, 9.14066147085e-25, 9.8027524286e-25, 7.51794747171e-25, 1.01569519611e-24, 1.23182740553e-24, 1.4814561281e-24, 2.16636390146e-24, 1.60855719994e-24, 1.620919735e-24, 2.47173550775e-24, 1.98682428703e-24, 2.03475527841e-24, 2.14412098216e-24, 2.62806111511e-24, 2.26692670637e-24, 2.58870070302e-24, 3.42578664753e-24, 3.10090848321e-24, 2.75929877631e-24, 2.98860545589e-24, 3.51191803104e-24, 1.95221814241e-24, 2.83011205876e-24, 4.63420993051e-24, 4.43570136675e-24, 4.68241209284e-24, 3.9359165681e-24, 5.04247029808e-24, 4.84866689519e-24, 4.69582075607e-24, 5.09504945514e-24, 4.93599616399e-24, 5.1061049463e-24, 5.19143287497e-24],
        "var": [7.79321510436e-07, 1.38023528962e-06, 1.73468365006e-07, 3.02645958072e-07, 1.38544305628e-06, 1.40876159094e-06, 3.33856831958e-07, 1.26687126567e-07, 1.83102912388e-07, 1.512246115e-07, 8.59754152316e-08, 4.88278004696e-08, 2.0611652829e-08, 3.20950483967e-08, 5.66987239381e-08, 3.45026798243e-08, 5.14527478401e-08, 8.27561663641e-08, 4.74189931765e-08, 1.57651331989e-08, 1.24504158094e-08, 6.7419376748e-09, 1.56360968617e-09, 1.54077972603e-09, 1.43615896953e-09, 5.36153288433e-10, 3.27270238687e-10, 2.15059553499e-10, 1.15258677602e-10, 4.02956452927e-11, 3.59817904638e-11, 4.63640965898e-11, 4.00776946352e-11, 3.68888149194e-11, 2.8092193502e-11, 8.56416326744e-12, 3.67807910864e-12, 3.35531255558e-12, 1.67700022705e-12, 2.09549283307e-12]
    },
    "mfcc": {
        "mean": [-678.579772949, 84.3317947388, -4.28855276108, 16.3919792175, 2.36167669296, 4.48721122742, -4.38228368759, -0.152956485748, -3.15202736855, -0.733074724674, -2.16131925583, -3.34074544907, 2.65262913704],
        "cov": [[30015.015625, 4924.57470703, 45.7686347961, 1151.92041016, 117.718559265, 302.913391113, -263.711273193, -97.1264953613, -351.048919678, -84.5719985962, -178.112564087, -226.93687439, 145.184158325], [4924.57470703, 1300.64123535, -61.0808258057, 208.304794312, 61.4223022461, 45.9151268005, 14.8373756409, -7.06869459152, -26.173500061, 11.7084741592, 18.1427249908, -23.6376857758, 62.1926383972], [45.7686347961, -61.0808258057, 707.027404785, 234.933319092, 76.9920349121, 61.1159820557, -23.6296863556, -29.8101863861, -37.0421409607, -59.8238792419, -4.36853504181, -0.76732391119, 10.9411468506], [1151.92041016, 208.304794312, 234.933319092, 359.348632812, 161.458282471, 28.2862262726, -32.887966156, -10.099814415, -3.56949782372, -4.82029008865, 4.30469417572, 26.5577373505, 35.1155967712], [117.718559265, 61.4223022461, 76.9920349121, 161.458282471, 208.796112061, 42.4534721375, 5.01929616928, 4.6602678299, 32.0657196045, 13.7819929123, 12.3440465927, 11.9442329407, 24.0356311798], [302.913391113, 45.9151268005, 61.1159820557, 28.2862262726, 42.4534721375, 167.28729248, 69.5093536377, 2.82786464691, 1.56342840195, 5.51838874817, 15.8919506073, -7.35535860062, 6.68850469589], [-263.711273193, 14.8373756409, -23.6296863556, -32.887966156, 5.01929616928, 69.5093536377, 153.82951355, 33.0461769104, 5.14372634888, 33.424446106, 25.6231899261, -4.54388189316, 5.71336364746], [-97.1264953613, -7.06869459152, -29.8101863861, -10.099814415, 4.6602678299, 2.82786464691, 33.0461769104, 86.6223907471, 42.7878417969, 9.03374195099, 8.00265216827, 6.07458782196, 2.01574540138], [-351.048919678, -26.173500061, -37.0421409607, -3.56949782372, 32.0657196045, 1.56342840195, 5.14372634888, 42.7878417969, 88.4223251343, 31.1897449493, 12.375664711, 4.3528342247, 3.07131075859], [-84.5719985962, 11.7084741592, -59.8238792419, -4.82029008865, 13.7819929123, 5.51838874817, 33.424446106, 9.03374195099, 31.1897449493, 87.9300384521, 34.5455551147, 3.19208478928, -5.60758447647], [-178.112564087, 18.1427249908, -4.36853504181, 4.30469417572, 12.3440465927, 15.8919506073, 25.6231899261, 8.00265216827, 12.375664711, 34.5455551147, 76.7324066162, 30.3546237946, 8.91655921936], [-226.93687439, -23.6376857758, -0.76732391119, 26.5577373505, 11.9442329407, -7.35535860062, -4.54388189316, 6.07458782196, 4.3528342247, 3.19208478928, 30.3546237946, 71.1092300415, 24.8756999969], [145.184158325, 62.1926383972, 10.9411468506, 35.1155967712, 24.0356311798, 6.68850469589, 5.71336364746, 2.01574540138, 3.07131075859, -5.60758447647, 8.91655921936, 24.8756999969, 72.8108291626]],
