{
"lowlevel": {
    "average_loudness": 0.963797688484,
    "barkbands_crest": {
        "dmean": 2.46916723251,
        "dmean2": 4.05702495575,
        "dvar": 4.90367507935,
        "dvar2": 12.9207859039,
        "max": 24.9390087128,
        "mean": 9.12661170959,
        "median": 8.40586948395,
        "min": 2.46176528931,
        "var": 13.2481489182
    },
    "barkbands_flatness_db": {
        "dmean": 0.0186259448528,
        "dmean2": 0.0297807585448,
        "dvar": 0.000276313483482,
        "dvar2": 0.000658993201796,
        "max": 0.319627642632,
        "mean": 0.159633010626,
        "median": 0.15331619978,
        "min": 0.0492082722485,
        "var": 0.00133255962282
    },
    "barkbands_kurtosis": {
        "dmean": 1.83772730827,
        "dmean2": 2.92260503769,
        "dvar": 9.05876064301,
        "dvar2": 21.2291812897,
        "max": 60.2476882935,
        "mean": 2.41589212418,
        "median": 1.03604650497,
        "min": -1.92859709263,
        "var": 24.5220966339
    },
    "barkbands_skewness": {
        "dmean": 0.450872689486,
        "dmean2": 0.69348102808,
        "dvar": 0.214822903275,
        "dvar2": 0.46355766058,
        "max": 6.75530862808,
        "mean": 1.19305193424,
        "median": 1.06723201275,
        "min": -4.47965860367,
        "var": 0.982186317444
    },
    "barkbands_spread": {
        "dmean": 4.61259365082,
        "dmean2": 7.09032011032,
        "dvar": 32.7505073547,
        "dvar2": 68.2968902588,
        "max": 108.199272156,
        "mean": 20.8303985596,
        "median": 18.8413124084,
        "min": 2.16859817505,
        "var": 134.863479614
    },
    "dissonance": {
        "dmean": 0.0184829998761,
        "dmean2": 0.0313679911196,
        "dvar": 0.000304609973682,
        "dvar2": 0.00084842677461,
        "max": 0.5,
        "mean": 0.466121971607,
        "median": 0.472012370825,
        "min": 0.278242111206,
        "var": 0.000640578393359
    },
    "dynamic_complexity": 2.21216535568,
    "erbbands_crest": {
        "dmean": 2.53201246262,
        "dmean2": 4.19432163239,
        "dvar": 5.50166893005,
        "dvar2": 14.1063070297,
        "max": 28.9660167694,
        "mean": 8.96784114838,
        "median": 7.9443602562,
        "min": 2.52417778969,
        "var": 16.9627799988
    },
    "erbbands_flatness_db": {
        "dmean": 0.0150196906179,
        "dmean2": 0.0224045719951,
        "dvar": 0.000189742233488,
        "dvar2": 0.000388490705518,
        "max": 0.337475031614,
        "mean": 0.193451285362,
        "median": 0.19086304307,
        "min": 0.0916803181171,
        "var": 0.00153804128058
    },
    "erbbands_kurtosis": {
        "dmean": 0.824302315712,
        "dmean2": 1.31184959412,
        "dvar": 1.28182208538,
        "dvar2": 3.08927464485,
        "max": 34.9752006531,
        "mean": 0.480977982283,
        "median": -0.0247724056244,
        "min": -1.80345392227,
        "var": 3.53172230721
    },
    "erbbands_skewness": {
        "dmean": 0.340155810118,
        "dmean2": 0.519890248775,
        "dvar": 0.101690210402,
        "dvar2": 0.221281692386,
        "max": 4.94378948212,
        "mean": 0.368245065212,
        "median": 0.395879983902,
        "min": -4.13920688629,
        "var": 0.527194440365
    },
    "erbbands_spread": {
        "dmean": 6.42215776443,
        "dmean2": 9.8771572113,
        "dvar": 45.9333457947,
        "dvar2": 102.496154785,
        "max": 120.55342865,
        "mean": 33.7169685364,
        "median": 31.590341568,
        "min": 4.80734920502,
        "var": 225.92817688
    },
    "hfc": {
        "dmean": 7.31194925308,
        "dmean2": 10.4380121231,
        "dvar": 146.144348145,
        "dvar2": 285.399078369,
        "max": 395.202484131,
        "mean": 24.3692359924,
        "median": 21.1890010834,
        "min": 1.2447501208e-16,
        "var": 483.842956543
    },
    "melbands_crest": {
        "dmean": 3.20992040634,
        "dmean2": 5.28665971756,
        "dvar": 7.92484760284,
        "dvar2": 20.6877174377,
        "max": 31.3340034485,
        "mean": 12.8107070923,
        "median": 11.9297580719,
        "min": 1.96782171726,
        "var": 23.0320072174
    },
    "melbands_flatness_db": {
        "dmean": 0.0221588704735,
        "dmean2": 0.0339568890631,
        "dvar": 0.000450517050922,
        "dvar2": 0.000979369971901,
        "max": 0.386169105768,
        "mean": 0.175985753536,
        "median": 0.168945834041,
        "min": 0.00691435160115,
        "var": 0.00279306760058
    },
    "melbands_kurtosis": {
        "dmean": 4.11319446564,
        "dmean2": 6.5778875351,
        "dvar": 53.7295303345,
        "dvar2": 126.443054199,
        "max": 192.499771118,
        "mean": 7.85419368744,
        "median": 4.30399036407,
        "min": -1.87113261223,
        "var": 148.198287964
    },
    "melbands_skewness": {
        "dmean": 0.574754476547,
        "dmean2": 0.895484745502,
        "dvar": 0.351468771696,
        "dvar2": 0.812167108059,
        "max": 11.5399856567,
        "mean": 2.01679301262,
        "median": 1.81396245956,
        "min": -1.53717935085,
        "var": 1.66797983646
    },
    "melbands_spread": {
        "dmean": 6.94936180115,
        "dmean2": 10.4053859711,
        "dvar": 96.9704360962,
        "dvar2": 173.538818359,
        "max": 224.322265625,
        "mean": 26.3419246674,
        "median": 22.3668861389,
        "min": 1.58903288841,
        "var": 373.70199585
    },
    "pitch_salience": {
        "dmean": 0.066972412169,
        "dmean2": 0.108187615871,
        "dvar": 0.00326634268276,
        "dvar2": 0.00842447951436,
        "max": 0.875356078148,
        "mean": 0.597406506538,
        "median": 0.59992390871,
        "min": 0.20380282402,
        "var": 0.0115854116157
    },
    "silence_rate_20dB": {
        "dmean": 0,
        "dmean2": 0,
        "dvar": 0,
        "dvar2": 0,
        "max": 1,
        "mean": 1,
        "median": 1,
        "min": 1,
        "var": 0
    },
    "silence_rate_30dB": {
        "dmean": 0.000473260763101,
        "dmean2": 0.000946633517742,
        "dvar": 0.000473050662549,
        "dvar2": 0.000945792591665,
        "max": 1,
        "mean": 0.999526798725,
        "median": 1,
        "min": 0,
        "var": 0.000472994754091
    },
    "silence_rate_60dB": {
        "dmean": 0.0111216278747,
        "dmean2": 0.0222458876669,
        "dvar": 0.0109970793128,
        "dvar2": 0.025774622336,
        "max": 1,
        "mean": 0.0272092744708,
        "median": 0,
        "min": 0,
        "var": 0.0264689028263
    },
    "spectral_centroid": {
        "dmean": 243.142349243,
        "dmean2": 363.843536377,
        "dvar": 82553.453125,
        "dvar2": 148310.703125,
        "max": 10760.5996094,
        "mean": 1377.18066406,
        "median": 1329.78723145,
        "min": 252.69317627,
        "var": 373238.9375
    },
    "spectral_complexity": {
        "dmean": 3.86417412758,
        "dmean2": 5.78866386414,
        "dvar": 15.2061481476,
        "dvar2": 30.2772960663,
        "max": 52,
        "mean": 21.8502311707,
        "median": 21,
        "min": 0,
        "var": 73.4910812378
    },
    "spectral_decrease": {
        "dmean": 2.15827578032e-09,
        "dmean2": 3.3943048372e-09,
        "dvar": 7.96308164141e-18,
        "dvar2": 1.90465135465e-17,
        "max": 1.14245405966e-28,
        "mean": -6.62240529081e-09,
        "median": -6.28247320833e-09,
        "min": -4.83910866933e-08,
        "var": 1.67255489724e-17
    },
    "spectral_energy": {
        "dmean": 0.00865535531193,
        "dmean2": 0.0135374655947,
        "dvar": 0.000124406215036,
        "dvar2": 0.000296519050607,
        "max": 0.190190732479,
        "mean": 0.0272048953921,
        "median": 0.0259738191962,
        "min": 1.08590574449e-20,
        "var": 0.000269945798209
    },
    "spectral_energyband_high": {
        "dmean": 0.000425294041634,
        "dmean2": 0.000573242024984,
        "dvar": 2.10238454201e-06,
        "dvar2": 3.75656622964e-06,
        "max": 0.0586554370821,
        "mean": 0.000976417504717,
        "median": 0.000445406796644,
        "min": 7.8148881957e-21,
        "var": 5.8551654547e-06
    },
    "spectral_energyband_low": {
        "dmean": 0.00263728620484,
        "dmean2": 0.0042340233922,
        "dvar": 1.76248286152e-05,
        "dvar2": 4.47164929938e-05,
        "max": 0.0577257089317,
        "mean": 0.00567122222856,
        "median": 0.00226424005814,
        "min": 3.83404543738e-23,
        "var": 4.90957863803e-05
    },
    "spectral_energyband_middle_high": {
        "dmean": 0.00247723516077,
        "dmean2": 0.00372992665507,
        "dvar": 1.16335531857e-05,
        "dvar2": 2.60515862465e-05,
        "max": 0.0563727803528,
        "mean": 0.00765373045579,
        "median": 0.00515675963834,
        "min": 1.55090871857e-21,
        "var": 5.25718642166e-05
    },
    "spectral_energyband_middle_low": {
        "dmean": 0.00615683663636,
        "dmean2": 0.0096179144457,
        "dvar": 8.20349887363e-05,
        "dvar2": 0.00019669336325,
        "max": 0.151749759912,
        "mean": 0.0136158009991,
        "median": 0.0100162401795,
        "min": 3.32334856248e-22,
        "var": 0.000151732208906
    },
    "spectral_entropy": {
        "dmean": 0.125340625644,
        "dmean2": 0.190754488111,
        "dvar": 0.0154995899647,
        "dvar2": 0.0309452358633,
        "max": 9.801030159,
        "mean": 7.61799526215,
        "median": 7.6723985672,
        "min": 6.19682741165,
        "var": 0.10997261107
    },
    "spectral_flux": {
        "dmean": 0.0243423804641,
        "dmean2": 0.0382744632661,
        "dvar": 0.000667074637022,
        "dvar2": 0.00142854230944,
        "max": 0.356364786625,
        "mean": 0.0918416008353,
        "median": 0.0865249633789,
        "min": 1.04206802909e-10,
        "var": 0.00174125283957
    },
    "spectral_kurtosis": {
        "dmean": 1.54068231583,
        "dmean2": 2.64508676529,
        "dvar": 2.76586341858,
        "dvar2": 8.13502883911,
        "max": 25.1425247192,
        "mean": 3.49957799911,
        "median": 2.91635704041,
        "min": -1.17386996746,
        "var": 6.72695541382
    },
    "spectral_rms": {
        "dmean": 0.000794002902694,
        "dmean2": 0.00120926171076,
        "dvar": 7.58230783049e-07,
        "dvar2": 1.66416702996e-06,
        "max": 0.0136217446998,
        "mean": 0.00489565404132,
        "median": 0.0050339163281,
        "min": 3.2548735842e-12,
        "var": 2.57386113844e-06
    },
    "spectral_rolloff": {
        "dmean": 409.173492432,
        "dmean2": 659.931274414,
        "dvar": 582501.8125,
        "dvar2": 1098835.625,
        "max": 19250.6835938,
        "mean": 1611.15307617,
        "median": 1378.125,
        "min": 107.666015625,
        "var": 1820673.75
    },
    "spectral_skewness": {
        "dmean": 0.209130391479,
        "dmean2": 0.33773830533,
        "dvar": 0.0398306176066,
        "dvar2": 0.095735989511,
        "max": 3.7658932209,
        "mean": 1.34455609322,
        "median": 1.30620181561,
        "min": -0.616569817066,
        "var": 0.183732166886
    },
    "spectral_spread": {
        "dmean": 358496.59375,
        "dmean2": 509555,
        "dvar": 249081921536,
        "dvar2": 327165771776,
        "max": 39999972,
        "mean": 3936620.75,
        "median": 3801044.5,
        "min": 1468734.25,
        "var": 1.28707094118e+12
    },
    "spectral_strongpeak": {
        "dmean": 0.663607597351,
        "dmean2": 1.10440981388,
        "dvar": 0.996199846268,
        "dvar2": 2.60979533195,
        "max": 20.1850757599,
        "mean": 1.22218883038,
        "median": 0.665921211243,
        "min": 0,
        "var": 2.02263307571
    },
    "zerocrossingrate": {
        "dmean": 0.00894833728671,
        "dmean2": 0.0102115552872,
        "dvar": 0.000177910202183,
        "dvar2": 0.00016187413712,
        "max": 0.60595703125,
        "mean": 0.0611449666321,
        "median": 0.05615234375,
        "min": 0.00732421875,
        "var": 0.00127037486527
    },
    "barkbands": {
        "dmean": [4.52733838756e-05, 0.00148963578977, 0.00138026988134, 0.00112477631774, 0.00294179609045, 0.00133917632047, 0.00134142662864, 0.0010069910204, 0.00122832681518, 0.000792283914052, 0.000722349039279, 0.000532432517502, 0.000549255579244, 0.000415624905145, 0.000420354743255, 0.00034400264849, 0.000258046929957, 0.000217549328227, 0.000192563878954, 0.000128491956275, 9.97828392428e-05, 0.000124180223793, 0.000112297842861, 8.6468848167e-05, 2.23300157813e-05, 4.34340172717e-08, 1.0654833682e-09],
        "dmean2": [7.22049007891e-05, 0.00240437546745, 0.00229442003183, 0.00188305263873, 0.0049942843616, 0.00207607564516, 0.00216426770203, 0.001582311932, 0.00199962570332, 0.00128072686493, 0.00116806046572, 0.000871116295457, 0.000884998356923, 0.000661599158775, 0.00066587299807, 0.000529295124579, 0.000404227030231, 0.000341916223988, 0.000293188379146, 0.000200908791157, 0.000153938264702, 0.000178584567038, 0.000159460396389, 0.000118079435197, 3.04019795294e-05, 7.39624042012e-08, 1.97535232616e-09],
        "dvar": [9.84041825802e-09, 7.31652380637e-06, 6.10085771768e-06, 5.48894786334e-06, 3.98640368076e-05, 7.76762499299e-06, 8.46280454425e-06, 7.00047985447e-06, 6.98784651831e-06, 2.85849364445e-06, 2.74522881227e-06, 1.53570442762e-06, 1.57647014021e-06, 8.10499386716e-07, 7.75722014623e-07, 5.53830091121e-07, 2.76224568552e-07, 2.16656843577e-07, 1.67494377479e-07, 4.96245284864e-08, 1.03460664036e-07, 3.51674970034e-07, 1.94013281885e-07, 2.99792191072e-07, 1.28752946082e-08, 4.39702731148e-14, 2.43334429811e-18],
        "dvar2": [2.7734843755e-08, 1.91692633962e-05, 1.62883043231e-05, 1.38968925967e-05, 0.000106272636913, 1.71681876964e-05, 2.15220479731e-05, 1.6066187527e-05, 1.76933444891e-05, 7.21557353245e-06, 6.79416370986e-06, 3.79969173991e-06, 3.78665595235e-06, 1.87889497738e-06, 1.80819267825e-06, 1.20784511637e-06, 6.30516183264e-07, 5.06845367454e-07, 3.47559421243e-07, 1.18364255286e-07, 2.42587447019e-07, 7.07600122496e-07, 3.65496646282e-07, 5.82829443374e-07, 2.23776979169e-08, 1.20193026538e-13, 7.81205583235e-18],
        "max": [0.0047741997987, 0.034619063139, 0.0294469501823, 0.0449021421373, 0.123444400728, 0.0582746975124, 0.0547865219414, 0.054046522826, 0.0535474121571, 0.0395254418254, 0.0337598100305, 0.0289853643626, 0.0519618168473, 0.0251265019178, 0.0213128086179, 0.0171134360135, 0.012047839351, 0.0123517075554, 0.0169096533209, 0.0045880926773, 0.0145038263872, 0.0387096628547, 0.017383813858, 0.026401527226, 0.00525524327531, 8.77718503034e-06, 1.79265580158e-08],
        "mean": [6.54089672025e-05, 0.00267837289721, 0.00237380503677, 0.00132694514468, 0.00398927461356, 0.00224941689521, 0.00220186193474, 0.00152798672207, 0.00199058931321, 0.00129535119049, 0.00119451608043, 0.000858199200593, 0.000916930439416, 0.000752066494897, 0.000728503975552, 0.000661843921989, 0.000486586330226, 0.000409304135246, 0.000392542220652, 0.000263910362264, 0.00018787450972, 0.000234780833125, 0.00022404747142, 0.000156707101269, 3.79588345822e-05, 4.02591169291e-08, 8.81780537476e-10],
        "median": [2.1655285309e-05, 0.00053441466298, 0.000620051519945, 0.000502118258737, 0.00165022257715, 0.000946448883042, 0.000949892099015, 0.00040857293061, 0.000717248592991, 0.000426998332841, 0.000346312182955, 0.000291801407002, 0.000327982328599, 0.000259203428868, 0.000295413163258, 0.000200957641937, 0.000187818877748, 0.000207762524951, 0.000189757163753, 0.000137852097396, 8.25424722279e-05, 8.10032506706e-05, 7.71443446865e-05, 3.50879672624e-05, 8.33340254758e-06, 5.52248557995e-09, 3.6637137768e-10],
        "min": [1.98024498986e-24, 1.21941582304e-23, 1.58499100591e-23, 1.3532994026e-23, 2.79532924874e-23, 5.66185982061e-23, 2.48423374661e-23, 1.11386553972e-22, 8.60360607098e-23, 2.39107590014e-23, 1.45520066781e-23, 1.00351576355e-22, 4.93195901053e-23, 7.59233309105e-23, 1.58171306797e-22, 1.81839860257e-22, 1.59165233672e-22, 3.34987801784e-22, 2.79411099507e-22, 3.57357221239e-22, 3.05989451612e-22, 5.60685526337e-22, 5.8401738134e-22, 9.31317118288e-22, 1.18605370891e-21, 1.62474327203e-21, 2.59636726982e-21],
        "var": [1.20553078631e-08, 1.59146402439e-05, 1.21827624753e-05, 5.93117692915e-06, 4.72753345093e-05, 1.61700154422e-05, 1.4046002434e-05, 1.5366682419e-05, 1.56860405696e-05, 6.2090443862e-06, 6.7700980253e-06, 2.94922892863e-06, 3.41919917446e-06, 2.67476548288e-06, 1.57311728799e-06, 1.51314031882e-06, 6.9338642561e-07, 3.98828490233e-07, 6.8991698754e-07, 1.23151636444e-07, 1.5902622863e-07, 5.93204447341e-07, 4.80137373415e-07, 8.09517530342e-07, 3.49434934321e-08, 3.90073749397e-14, 1.93618538212e-18]
    },
    "erbbands": {
        "dmean": [0.0353296175599, 0.383112341166, 1.46408128738, 2.27227592468, 7.87630701065, 10.3395366669, 10.1309709549, 11.022274971, 17.2658672333, 19.096698761, 22.5419216156, 29.6705780029, 22.0498352051, 25.6560935974, 27.3698444366, 19.8116416931, 25.1952152252, 20.4262695312, 19.9009056091, 21.0585021973, 15.6245231628, 13.069940567, 11.2685070038, 9.83113765717, 8.79712295532, 6.29356575012, 4.41875553131, 3.80419278145, 4.44999456406, 4.09007263184, 3.06116104126, 2.35173249245, 1.08859229088, 0.364578455687, 0.10178142786, 0.00623307283968, 0.000182010277058, 1.68099577422e-05, 6.99199790688e-06, 1.0701217434e-05],
        "dmean2": [0.0550263002515, 0.620866119862, 2.4076526165, 3.69824576378, 13.5808334351, 17.4861450195, 16.0697727203, 17.2272396088, 27.7362289429, 30.3945121765, 35.2869262695, 48.5121688843, 34.8268127441, 40.9083328247, 43.299030304, 32.1407470703, 40.4637947083, 32.3479537964, 31.426525116, 32.1657371521, 23.4396266937, 20.0290184021, 17.4618415833, 14.9155073166, 13.3018684387, 9.72235012054, 6.8059630394, 5.86746263504, 6.47568178177, 5.8772187233, 4.30712985992, 3.27103304863, 1.51466059685, 0.498864024878, 0.137721970677, 0.00870227627456, 0.000243769696681, 2.18665754801e-05, 9.97166807792e-06, 1.63931108546e-05],
        "dvar": [0.00414605485275, 0.488197028637, 6.85574054718, 17.8514556885, 342.665985107, 497.171661377, 508.558105469, 760.784118652, 1465.60571289, 2207.92431641, 2960.046875, 4701.29882812, 2156.27539062, 2823.515625, 3887.29858398, 2107.96533203, 3695.29858398, 1962.89587402, 2052.18334961, 1820.1842041, 1056.30493164, 651.452148438, 646.111572266, 442.232116699, 395.81137085, 120.151634216, 82.009475708, 340.711181641, 570.68572998, 215.342895508, 161.180130005, 202.299514771, 52.5584793091, 4.35213661194, 0.179095908999, 0.000552845129278, 5.2105923487e-07, 5.06236741415e-09, 2.60575061528e-10, 1.98275354468e-10],
        "dvar2": [0.0101139713079, 1.26356816292, 18.139333725, 42.8015365601, 928.813598633, 1282.5279541, 1153.5279541, 1668.52697754, 3702.90673828, 5193.20019531, 6906.61181641, 12151.5390625, 4993.19824219, 7152.80810547, 9218.29980469, 5281.75, 8908.20898438, 4534.15869141, 4719.71044922, 4031.18017578, 2248.66894531, 1411.52929688, 1527.86071777, 940.093688965, 811.133605957, 285.614837646, 180.51651001, 837.199951172, 1279.39233398, 360.064941406, 306.499084473, 385.779418945, 105.028297424, 7.74053192139, 0.285798490047, 0.000965373532381, 8.31359443509e-07, 8.02209143558e-09, 4.62481164476e-10, 4.54423138008e-10],
        "max": [0.89550358057, 8.98375701904, 31.4611587524, 69.9796066284, 240.01701355, 721.879943848, 552.127685547, 702.568908691, 864.536132812, 1249.8581543, 1327.09753418, 1533.01367188, 1158.84216309, 1345.13000488, 1294.88598633, 1176.73937988, 2883.46435547, 1401.890625, 1390.89233398, 1067.35839844, 850.372253418, 681.612243652, 751.03515625, 863.468933105, 1199.8338623, 245.768386841, 240.733184814, 935.130737305, 1560.89050293, 816.827209473, 458.309204102, 702.391845703, 336.423675537, 98.9665374756, 19.615858078, 1.00040459633, 0.0326056107879, 0.00317888148129, 0.000737530761398, 0.000333582691383],
        "mean": [0.0627251490951, 0.674604833126, 2.66276240349, 3.48673534393, 9.02491283417, 14.1929416656, 16.7053546906, 17.6721820831, 28.8592662811, 32.6206665039, 36.0413017273, 47.528968811, 38.8195228577, 44.8650016785, 48.7236480713, 34.8377761841, 44.7916717529, 39.8660392761, 36.8866424561, 40.3159637451, 33.937877655, 27.0009765625, 22.1544342041, 20.0666713715, 19.0793590546, 13.2949495316, 9.09377098083, 6.6631565094, 7.86227703094, 8.4855594635, 6.00789785385, 4.33397054672, 1.93952596188, 0.641002178192, 0.164933979511, 0.0093645369634, 0.000313177646603, 3.43151623383e-05, 2.10726120713e-05, 3.44496693288e-05],
        "median": [0.0108645902947, 0.138940557837, 0.705724477768, 1.63659441471, 3.44560933113, 5.37852048874, 7.15879249573, 7.30609750748, 13.1802148819, 11.9225091934, 13.1375551224, 17.5079555511, 14.2256383896, 17.2722091675, 15.9809675217, 13.5181474686, 16.9258842468, 13.9206790924, 17.2062015533, 15.21180439, 11.3240613937, 11.4621982574, 11.7025051117, 10.8607568741, 9.16979885101, 6.96326398849, 4.47994709015, 2.71540379524, 2.74740099907, 2.93951106071, 2.00038599968, 1.07613432407, 0.412221312523, 0.142660021782, 0.0357177443802, 0.00201741047204, 8.66376867634e-05, 1.34136944325e-05, 1.7450798623e-05, 3.26778063027e-05],
        "min": [6.16812134084e-22, 1.97325106425e-21, 1.2948794361e-20, 4.21466842854e-20, 6.84900054198e-20, 1.04669340912e-19, 3.36962207185e-19, 3.65296891327e-19, 1.79389173104e-19, 1.11506748646e-18, 2.51062778274e-18, 1.43807241668e-18, 2.00841624077e-18, 5.34123808114e-19, 1.33379254859e-18, 3.6418446265e-18, 2.48536217132e-18, 3.53036508176e-18, 5.13737517988e-18, 1.2248502563e-17, 8.62584439079e-18, 7.81967995606e-18, 1.36047669205e-17, 1.93740224751e-17, 1.54594233135e-17, 1.7286493233e-17, 1.44677809972e-17, 1.53250627122e-17, 1.7879328615e-17, 1.40312546269e-17, 1.66615301561e-17, 1.61936817647e-17, 1.89005161684e-17, 1.26785752701e-17, 8.87819155308e-18, 5.22360296847e-18, 3.27700483001e-18, 1.35846362395e-18, 3.69580963117e-19, 3.82972603644e-20],
        "var": [0.0100463144481, 1.01060307026, 14.7028961182, 25.1030673981, 298.396759033, 745.636169434, 1043.29455566, 1328.82336426, 2379.91162109, 4902.21728516, 6190.93115234, 10131.1953125, 6268.08398438, 6580.79248047, 10153.8720703, 3902.18579102, 8161.13867188, 6755.59521484, 3520.09838867, 4765.15722656, 3760.20898438, 1865.22314453, 1169.84069824, 903.84588623, 2482.33105469, 325.358398438, 189.578460693, 415.186981201, 797.892822266, 524.123474121, 405.22946167, 505.960296631, 142.925949097, 11.611325264, 0.53659683466, 0.00142435904127, 1.59446256021e-06, 1.6691554805e-08, 8.4401180489e-10, 4.9543563696e-10]
    },
    "gfcc": {
        "mean": [-5.88346529007, 117.573310852, -158.086624146, 44.2752227783, -79.6998443604, 17.8884372711, -40.8505363464, -1.77540016174, -13.8529996872, -15.6996679306, -1.82168400288, -16.338262558, 0.456126630306],
        "cov": [[2833.9543457, -316.743927002, 102.694755554, 431.851715088, -26.3187274933, 211.733383179, 0.710927784443, 145.571411133, 72.1212463379, 179.533416748, 37.0326156616, 53.177116394, -19.6945476532], [-316.743927002, 852.191345215, 202.056762695, -34.0908126831, 259.056152344, -108.331192017, 102.825660706, 0.341932445765, 56.8086242676, -71.4429244995, 64.4900741577, -66.8382568359, 7.17013025284], [102.694755554, 202.056762695, 772.538330078, 278.586669922, 80.0429077148, 163.654953003, -39.5266036987, 101.94821167, 19.8531932831, 62.2627334595, 5.49004459381, 16.3318424225, -7.72443628311], [431.851715088, -34.0908126831, 278.586669922, 389.682220459, 146.473571777, 109.011856079, 7.19848394394, 87.3733901978, 83.0160140991, 63.1123123169, 15.2748041153, 34.469543457, 24.4407730103], [-26.3187274933, 259.056152344, 80.0429077148, 146.473571777, 295.343048096, 32.7206459045, 43.5356636047, 65.2410888672, 59.3484649658, -4.02947854996, 17.1631908417, -14.2331094742, 14.8080739975], [211.733383179, -108.331192017, 163.654953003, 109.011856079, 32.7206459045, 351.580108643, 168.613632202, 60.8817062378, 13.647400856, 91.0259170532, -4.61026525497, 35.2769927979, -4.5061211586], [0.710927784443, 102.825660706, -39.5266036987, 7.19848394394, 43.5356636047, 168.613632202, 330.144256592, 48.9602775574, 14.5403738022, 34.2077445984, 25.2336044312, 1.49314200878, -5.02035713196], [145.571411133, 0.341932445765, 101.94821167, 87.3733901978, 65.2410888672, 60.8817062378, 48.9602775574, 174.998825073, 87.8936233521, 50.4536209106, -2.22093009949, -0.76517355442, 6.71270275116], [72.1212463379, 56.8086242676, 19.8531932831, 83.0160140991, 59.3484649658, 13.647400856, 14.5403738022, 87.8936233521, 192.81338501, 48.2436485291, 10.778336525, -3.17775130272, 14.8606510162], [179.533416748, -71.4429244995, 62.2627334595, 63.1123123169, -4.02947854996, 91.0259170532, 34.2077445984, 50.4536209106, 48.2436485291, 118.738090515, 26.4118690491, 15.7835330963, -2.71624183655], [37.0326156616, 64.4900741577, 5.49004459381, 15.2748041153, 17.1631908417, -4.61026525497, 25.2336044312, -2.22093009949, 10.778336525, 26.4118690491, 91.2895355225, 20.387676239, 1.97549331188], [53.177116394, -66.8382568359, 16.3318424225, 34.469543457, -14.2331094742, 35.2769927979, 1.49314200878, -0.76517355442, -3.17775130272, 15.7835330963, 20.387676239, 76.9662780762, 26.5203304291], [-19.6945476532, 7.17013025284, -7.72443628311, 24.4407730103, 14.8080739975, -4.5061211586, -5.02035713196, 6.71270275116, 14.8606510162, -2.71624183655, 1.97549331188, 26.5203304291, 62.9593162537]],
        "icov": [[0.000576232851017, -0.000516698637512, 0.000701586657669, -0.00130746222567, 0.000953590264544, -0.00055345648434, 0.000567088194657, -0.000710934982635, 0.000519417575561, -0.000446082209237, 1.06948641587e-06, -8.70127769304e-05, 0.000584625755437], [-0.000516698637512, 0.00545025290921, -0.00395534792915, 0.00474990019575, -0.00571250123903, 0.00344714499079, -0.00368522363715, 0.00329627492465, -0.00286103598773, 0.00180150684901, -0.00248121819459, 0.00222248234786, -0.00227181706578], [0.000701586657669, -0.00395534792915, 0.00517641333863, -0.0053274249658, 0.00460678339005, -0.0036632430274, 0.00371489860117, -0.00362901785411, 0.00290474365465, -0.00112486863509, 0.00106706528459, -0.000948506116401, 0.00234246510081], [-0.00130746222567, 0.00474990019575, -0.0053274249658, 0.0105263534933, -0.0076513569802, 0.00305193522945, -0.00326374801807, 0.00352333649062, -0.00397421512753, 0.000728764338419, -0.00133176031522, -0.000112212750537, -0.00324919587001], [0.000953590264544, -0.00571250123903, 0.00460678339005, -0.0076513569802, 0.0113726947457, -0.00422133272514, 0.00371138681658, -0.00491436058655, 0.00269035692327, 0.000187223631656, 0.000735318695661, 5.44685281056e-05, 0.00165427988395], [-0.00055345648434, 0.00344714499079, -0.0036632430274, 0.00305193522945, -0.00422133272514, 0.00847658514977, -0.00553920399398, 0.00265847146511, -0.00125221535563, -0.00262162415311, 0.00156521529425, -0.0014779305784, -0.000569602416363], [0.000567088194657, -0.00368522363715, 0.00371489860117, -0.00326374801807, 0.00371138681658, -0.00553920399398, 0.00758190313354, -0.00370088964701, 0.00223497534171, -0.000235972140217, -0.000674419803545, -0.000100986777397, 0.00157562841196], [-0.000710934982635, 0.00329627492465, -0.00362901785411, 0.00352333649062, -0.00491436058655, 0.00265847146511, -0.00370088964701, 0.0116075156257, -0.0050890063867, -0.00126841687597, 0.000707204104401, 0.00114170194138, -0.00195399508812], [0.000519417575561, -0.00286103598773, 0.00290474365465, -0.00397421512753, 0.00269035692327, -0.00125221535563, 0.00223497534171, -0.0050890063867, 0.0094790617004, -0.00341077125631, 0.000812777667306, 0.000212227183511, -0.00011356009054], [-0.000446082209237, 0.00180150684901, -0.00112486863509, 0.000728764338419, 0.000187223631656, -0.00262162415311, -0.000235972140217, -0.00126841687597, -0.00341077125631, 0.0155043415725, -0.0056077176705, 0.0010683540022, 0.000319028709782], [1.06948641587e-06, -0.00248121819459, 0.00106706528459, -0.00133176031522, 0.000735318695661, 0.00156521529425, -0.000674419803545, 0.000707204104401, 0.000812777667306, -0.0056077176705, 0.0158685352653, -0.0062008635141, 0.00242101121694], [-8.70127769304e-05, 0.00222248234786, -0.000948506116401, -0.000112212750537, 5.44685281056e-05, -0.0014779305784, -0.000100986777397, 0.00114170194138, 0.000212227183511, 0.0010683540022, -0.0062008635141, 0.0204817727208, -0.0090384716168], [0.000584625755437, -0.00227181706578, 0.00234246510081, -0.00324919587001, 0.00165427988395, -0.000569602416363, 0.00157562841196, -0.00195399508812, -0.00011356009054, 0.000319028709782, 0.00242101121694, -0.0090384716168, 0.0215496048331]]
    },
    "melbands": {
        "dmean": [0.0003615465248, 0.000644739193376, 0.000522836635355, 0.000707350263838, 0.000347232271452, 0.000247499498073, 0.000269697571639, 0.000208840923733, 0.000194080188521, 0.000180957067641, 0.000111942084914, 0.000108006199298, 0.00010210081382, 6.59658326185e-05, 5.18729139003e-05, 5.36695188202e-05, 3.92686670239e-05, 3.48181092704e-05, 3.06892579829e-05, 2.67747091129e-05, 1.92755705939e-05, 1.53361088451e-05, 1.2683291061e-05, 1.04857354017e-05, 8.36856816022e-06, 7.61484761824e-06, 5.34676701136e-06, 4.31137777923e-06, 3.18221350426e-06, 2.43224144469e-06, 2.345070925e-06, 2.63812739831e-06, 2.60923184214e-06, 2.34861772697e-06, 1.92647939912e-06, 1.65792528151e-06, 1.47516027482e-06, 9.14385111628e-07, 4.46983108304e-07, 2.68956085847e-07],
        "dmean2": [0.000574580742978, 0.00104551471304, 0.00085704063531, 0.00120270776097, 0.000561608176213, 0.00038458275958, 0.000433030363638, 0.000329571746988, 0.000306390109472, 0.000295434263535, 0.000177269583219, 0.000172874395503, 0.000163269083714, 0.000106324914668, 8.40636857902e-05, 8.52279263199e-05, 6.26966866548e-05, 5.53763893549e-05, 4.73506224807e-05, 4.13626803493e-05, 2.96799462376e-05, 2.37132135226e-05, 1.99213973247e-05, 1.65337132785e-05, 1.28939491333e-05, 1.15708089652e-05, 8.37979314383e-06, 6.76525951349e-06, 5.00149099025e-06, 3.81716199627e-06, 3.6602802993e-06, 3.95947881771e-06, 3.86253259421e-06, 3.4635920656e-06, 2.79910545942e-06, 2.3635125217e-06, 2.06146842174e-06, 1.32104173645e-06, 6.4146428258e-07, 3.7605289549e-07],
        "dvar": [4.28582069389e-07, 1.21972800571e-06, 1.07127016236e-06, 2.50881043939e-06, 5.14807425134e-07, 3.29260927856e-07, 3.44357175663e-07, 2.71093568927e-07, 1.91315990605e-07, 1.73820311034e-07, 5.77425574022e-08, 5.17892253526e-08, 5.70484317564e-08, 2.40039152999e-08, 1.5043921664e-08, 1.481377776e-08, 8.30531554641e-09, 6.95706781073e-09, 4.64178073756e-09, 3.73638897599e-09, 1.83307147239e-09, 9.74562319733e-10, 7.44435624256e-10, 5.55108792266e-10, 3.50313666964e-10, 2.84320400556e-10, 1.24110277611e-10, 5.96374338802e-11, 3.5870105497e-11, 6.63932520073e-11, 1.38978620279e-10, 2.42349557089e-10, 1.0068821471e-10, 6.82147394127e-11, 5.89109733218e-11, 8.28872526171e-11, 9.31752175415e-11, 4.26622522032e-11, 6.10785814287e-12, 2.62438985474e-12],
        "dvar2": [1.10940686682e-06, 3.20141634802e-06, 2.65005860456e-06, 6.64195158606e-06, 1.21450921142e-06, 7.29183568637e-07, 8.72708312727e-07, 6.23933260613e-07, 4.52711105936e-07, 4.45750430345e-07, 1.35557712611e-07, 1.3114788544e-07, 1.41563759826e-07, 5.78704550946e-08, 3.55042750755e-08, 3.59297231967e-08, 1.92347666683e-08, 1.56419659447e-08, 1.00625916488e-08, 8.25909296509e-09, 4.06766664796e-09, 2.14424478173e-09, 1.76724845868e-09, 1.33720190476e-09, 7.5922262921e-10, 5.69475688827e-10, 2.84362894343e-10, 1.45008602348e-10, 8.15685852196e-11, 1.64343483267e-10, 3.31361771355e-10, 5.72361880113e-10, 1.78673825735e-10, 1.27241953085e-10, 1.17179113635e-10, 1.74144074161e-10, 1.87498253035e-10, 9.25352780512e-11, 1.08429766901e-11, 5.06600143779e-12],
        "max": [0.00904164090753, 0.0152660394087, 0.0157249439508, 0.0330922491848, 0.0178676191717, 0.0140566620976, 0.0127303153276, 0.0134616652504, 0.00942335836589, 0.00928040593863, 0.00556829990819, 0.00611982867122, 0.00524841761217, 0.00283534126356, 0.00365333515219, 0.00472524296492, 0.00280206184834, 0.00237735174596, 0.00230725342408, 0.00149738846812, 0.00102306343615, 0.000837573723402, 0.00058378954418, 0.000641961989459, 0.000775969936512, 0.000783603463788, 0.000518515531439, 0.000190387392649, 0.000125664679217, 0.000353640760295, 0.0005529881455, 0.000958469812758, 0.00062378088478, 0.000401643745136, 0.000292279117275, 0.000428085098974, 0.000458225986222, 0.000316211895552, 0.000120154385513, 8.21380817797e-05],
        "mean": [0.000654201023281, 0.00122744648252, 0.000748788181227, 0.000915070064366, 0.000573034223635, 0.000401355267968, 0.000450694322353, 0.000351842259988, 0.000302016298519, 0.000289284915198, 0.000188671328942, 0.000180100774742, 0.000174047832843, 0.000106478692032, 8.66292830324e-05, 9.1912188509e-05, 7.16319700587e-05, 5.78521758143e-05, 5.49282121938e-05, 4.9439855502e-05, 3.799802289e-05, 2.88683659164e-05, 2.22323833441e-05, 1.90689424926e-05, 1.57426802616e-05, 1.51138001456e-05, 1.07910655061e-05, 8.38846881379e-06, 6.12421308688e-06, 4.15409022025e-06, 3.72005774807e-06, 4.22311222792e-06, 5.01224076288e-06, 4.56408497485e-06, 3.5247753658e-06, 2.98515715258e-06, 2.53373559644e-06, 1.51531094161e-06, 7.82596430327e-07, 4.46020010259e-07],
        "median": [0.000122641868074, 0.000331593386363, 0.000365769432392, 0.0003357976384, 0.000269853102509, 0.000166640777024, 0.000204831318115, 0.000117943323858, 0.000109332155262, 0.000101214347524, 6.16556862951e-05, 6.4049505454e-05, 5.31345649506e-05, 3.50629925379e-05, 3.59728146577e-05, 3.23159219988e-05, 2.26279353228e-05, 2.36453834077e-05, 2.13304010686e-05, 1.53494238475e-05, 1.21030980154e-05, 1.08631229523e-05, 1.02215271909e-05, 9.40595418797e-06, 7.91251932242e-06, 6.82158133714e-06, 5.04412582814e-06, 3.90358036384e-06, 2.76647938335e-06, 1.70490898199e-06, 1.33688831738e-06, 1.40143481531e-06, 1.6362110955e-06, 1.54844860845e-06, 1.15882187401e-06, 8.33425133351e-07, 5.36542074769e-07, 2.88854494102e-07, 1.72177195168e-07, 9.08811870204e-08],
        "min": [4.18863131453e-24, 5.20920591116e-24, 7.38952278989e-24, 6.71775724199e-24, 1.01678727543e-23, 8.87592448422e-24, 3.12278813207e-24, 1.46257525509e-23, 1.88523257084e-23, 1.05062246629e-23, 9.99055812202e-24, 1.9516649537e-24, 2.92169920429e-24, 9.67520071997e-24, 8.90424932388e-24, 4.45172076516e-24, 7.11021869778e-24, 7.39303164319e-24, 1.31232746602e-23, 1.68921909524e-23, 8.91377876362e-24, 7.71161627521e-24, 1.00388600753e-23, 1.63572691058e-23, 1.61067631699e-23, 9.10641859667e-24, 1.20671003487e-23, 1.14736702664e-23, 9.18674751379e-24, 7.81148212151e-24, 9.62642939451e-24, 1.16214957003e-23, 8.3187835813e-24, 7.3792336771e-24, 9.74976148615e-24, 9.12510197835e-24, 1.10475362829e-23, 1.49429866531e-23, 1.05722010447e-23, 9.98498166429e-24],
        "var": [9.88813440017e-07, 2.82853875433e-06, 1.27939688355e-06, 3.03405704472e-06, 9.81336938821e-07, 6.01449414717e-07, 5.65396987895e-07, 6.23797177468e-07, 3.82845342983e-07, 3.84007563525e-07, 1.60451762099e-07, 1.17930220256e-07, 1.41686285815e-07, 4.78900226142e-08, 2.75268892125e-08, 3.30992655506e-08, 2.86849957121e-08, 1.16935767736e-08, 1.18793810344e-08, 9.18468945343e-09, 5.4248836534e-09, 2.69819300236e-09, 1.25949128904e-09, 9.86940418279e-10, 6.55821841278e-10, 1.25619858959e-09, 5.56687362874e-10, 1.48627346541e-10, 8.49240469614e-11, 8.93940824143e-11, 1.73342257215e-10, 2.9218749642e-10, 2.22434751174e-10, 1.51158710548e-10, 1.3431239454e-10, 1.71926944903e-10, 2.22997467714e-10, 1.01913484596e-10, 1.64661166646e-11, 6.13734844196e-12]
    },
    "mfcc": {
        "mean": [-622.852050781, 120.125083923, -13.0063343048, 14.6642456055, -6.27088785172, 4.36096906662, -9.16482543945, 5.50428581238, -9.48462963104, 2.57782864571, -4.95835924149, -3.33174920082, -2.3817884922],
        "cov": [[2585.74511719, -613.815979004, 67.0830078125, 168.843444824, 48.5992431641, 125.868400574, 28.4558258057, 33.7557258606, 50.3954849243, 129.066055298, 87.3605804443, 72.6435623169, 98.6268844604], [-613.815979004, 914.796875, -34.181137085, 83.265586853, 84.7239151001, -65.8670272827, 62.3943748474, 27.5488128662, -17.4452400208, 9.14776229858, 12.6321878433, -22.8530826569, -0.823850810528], [67.0830078125, -34.181137085, 698.059570312, 103.825126648, 146.670120239, 105.996452332, 53.4929924011, 26.0492248535, 49.4259147644, 29.7666511536, 32.1095352173, 66.2500991821, 28.0001869202], [168.843444824, 83.265586853, 103.825126648, 316.297149658, 187.20010376, -7.56828737259, -3.3925549984, 34.9225997925, 38.4348869324, 43.7062911987, -6.87098932266, 23.4305725098, 58.8022384644], [48.5992431641, 84.7239151001, 146.670120239, 187.20010376, 361.845184326, -12.6767196655, -51.9570159912, 13.948843956, 41.1198654175, 47.1042900085, -18.9002780914, 25.1501064301, 48.8806190491], [125.868400574, -65.8670272827, 105.996452332, -7.56828737259, -12.6767196655, 259.711486816, 134.651199341, 62.2584457397, 57.3406028748, 17.239692688, 64.7136230469, 22.2518787384, 0.636522531509], [28.4558258057, 62.3943748474, 53.4929924011, -3.3925549984, -51.9570159912, 134.651199341, 251.858459473, 70.2889938354, 34.2780799866, 11.3977155685, 52.331829071, 18.1575698853, -2.64752197266], [33.7557258606, 27.5488128662, 26.0492248535, 34.9225997925, 13.948843956, 62.2584457397, 70.2889938354, 133.866592407, 70.2161712646, 42.3371047974, 38.4465675354, 10.2524881363, 11.2129182816], [50.3954849243, -17.4452400208, 49.4259147644, 38.4348869324, 41.1198654175, 57.3406028748, 34.2780799866, 70.2161712646, 165.744140625, 70.8030776978, 44.4908409119, 38.3129310608, 7.06583356857], [129.066055298, 9.14776229858, 29.7666511536, 43.7062911987, 47.1042900085, 17.239692688, 11.3977155685, 42.3371047974, 70.8030776978, 142.549362183, 47.9706878662, 32.3443565369, 26.5520591736], [87.3605804443, 12.6321878433, 32.1095352173, -6.87098932266, -18.9002780914, 64.7136230469, 52.331829071, 38.4465675354, 44.4908409119, 47.9706878662, 119.428703308, 39.0697669983, 8.99378585815], [72.6435623169, -22.8530826569, 66.2500991821, 23.4305725098, 25.1501064301, 22.2518787384, 18.1575698853, 10.2524881363, 38.3129310608, 32.3443565369, 39.0697669983, 89.8737106323, 30.060382843], [98.6268844604, -0.823850810528, 28.0001869202, 58.8022384644, 48.8806190491, 0.636522531509, -2.64752197266, 11.2129182816, 7.06583356857, 26.5520591736, 8.99378585815, 30.060382843, 82.2899169922]],
