{
"lowlevel": {
    "average_loudness": 0.955517947674,
    "barkbands_crest": {
        "dmean": 2.42444944382,
        "dmean2": 4.0072760582,
        "dvar": 4.64935398102,
        "dvar2": 12.127366066,
        "max": 24.0669002533,
        "mean": 7.93791151047,
        "median": 7.28618144989,
        "min": 2.31683969498,
        "var": 10.4725894928
    },
    "barkbands_flatness_db": {
        "dmean": 0.017391834408,
        "dmean2": 0.027673792094,
        "dvar": 0.000227879092563,
        "dvar2": 0.000552083714865,
        "max": 0.306205451488,
        "mean": 0.143393591046,
        "median": 0.138959243894,
        "min": 0.0419670343399,
        "var": 0.00110478582792
    },
    "barkbands_kurtosis": {
        "dmean": 1.29832994938,
        "dmean2": 2.04503011703,
        "dvar": 3.7666695118,
        "dvar2": 8.20910644531,
        "max": 44.0080299377,
        "mean": 0.909403562546,
        "median": 0.0637292861938,
        "min": -1.89635717869,
        "var": 9.01078510284
    },
    "barkbands_skewness": {
        "dmean": 0.429754525423,
        "dmean2": 0.648456037045,
        "dvar": 0.183814823627,
        "dvar2": 0.376558691263,
        "max": 5.30775499344,
        "mean": 0.811072826385,
        "median": 0.749881207943,
        "min": -5.8734664917,
        "var": 0.786435842514
    },
    "barkbands_spread": {
        "dmean": 5.57730960846,
        "dmean2": 8.58366203308,
        "dvar": 42.0961837769,
        "dvar2": 86.9134902954,
        "max": 98.3201828003,
        "mean": 25.3144035339,
        "median": 23.3017616272,
        "min": 2.72330641747,
        "var": 160.228225708
    },
    "dissonance": {
        "dmean": 0.0137999663129,
        "dmean2": 0.023304251954,
        "dvar": 0.000170706523932,
        "dvar2": 0.000460540089989,
        "max": 0.500000059605,
        "mean": 0.476509660482,
        "median": 0.480629563332,
        "min": 0.353349268436,
        "var": 0.00030953870737
    },
    "dynamic_complexity": 1.81797611713,
    "erbbands_crest": {
        "dmean": 2.62031888962,
        "dmean2": 4.24718523026,
        "dvar": 5.7612786293,
        "dvar2": 14.6824655533,
        "max": 27.1664161682,
        "mean": 8.42585659027,
        "median": 7.55585575104,
        "min": 2.50418972969,
        "var": 13.9486865997
    },
    "erbbands_flatness_db": {
        "dmean": 0.0154911614954,
        "dmean2": 0.0227992385626,
        "dvar": 0.000200961032533,
        "dvar2": 0.000403697718866,
        "max": 0.360679537058,
        "mean": 0.189977690578,
        "median": 0.188697546721,
        "min": 0.095564045012,
        "var": 0.00134187226649
    },
    "erbbands_kurtosis": {
        "dmean": 0.775699734688,
        "dmean2": 1.22660660744,
        "dvar": 1.25146210194,
        "dvar2": 2.76470088959,
        "max": 25.3008327484,
        "mean": 0.149785190821,
        "median": -0.307327389717,
        "min": -1.78284990788,
        "var": 2.84675049782
    },
    "erbbands_skewness": {
        "dmean": 0.361011981964,
        "dmean2": 0.544477581978,
        "dvar": 0.112529978156,
        "dvar2": 0.228367805481,
        "max": 3.56029319763,
        "mean": 0.051289819181,
        "median": 0.0457550361753,
        "min": -4.14191007614,
        "var": 0.548790931702
    },
    "erbbands_spread": {
        "dmean": 6.68399763107,
        "dmean2": 10.1002511978,
        "dvar": 49.8841018677,
        "dvar2": 106.284111023,
        "max": 132.086959839,
        "mean": 34.4783210754,
        "median": 33.1291732788,
        "min": 4.64147806168,
        "var": 216.824996948
    },
    "hfc": {
        "dmean": 9.75500965118,
        "dmean2": 14.1680240631,
        "dvar": 275.641082764,
        "dvar2": 539.526733398,
        "max": 398.644836426,
        "mean": 30.9283275604,
        "median": 25.9988994598,
        "min": 1.13448390112e-16,
        "var": 730.944641113
    },
    "melbands_crest": {
        "dmean": 2.99388623238,
        "dmean2": 4.96949052811,
        "dvar": 6.67774868011,
        "dvar2": 17.660036087,
        "max": 31.5605792999,
        "mean": 10.628988266,
        "median": 10.0005474091,
        "min": 1.59004127979,
        "var": 14.7907438278
    },
    "melbands_flatness_db": {
        "dmean": 0.0210940875113,
        "dmean2": 0.032133538276,
        "dvar": 0.000385819090297,
        "dvar2": 0.000839962274767,
        "max": 0.377780258656,
        "mean": 0.151778236032,
        "median": 0.146286264062,
        "min": 0.00584685010836,
        "var": 0.00229031359777
    },
    "melbands_kurtosis": {
        "dmean": 3.05084562302,
        "dmean2": 4.79920196533,
        "dvar": 18.3629760742,
        "dvar2": 42.5936164856,
        "max": 73.0289611816,
        "mean": 5.12258434296,
        "median": 2.89908361435,
        "min": -1.8569214344,
        "var": 47.8604316711
    },
    "melbands_skewness": {
        "dmean": 0.530568659306,
        "dmean2": 0.809181332588,
        "dvar": 0.273855596781,
        "dvar2": 0.611464440823,
        "max": 7.48811626434,
        "mean": 1.72639024258,
        "median": 1.58017897606,
        "min": -2.88858914375,
        "var": 1.24822068214
    },
    "melbands_spread": {
        "dmean": 9.70546913147,
        "dmean2": 14.6175842285,
        "dvar": 200.347396851,
        "dvar2": 390.162506104,
        "max": 224.343521118,
        "mean": 34.2953147888,
        "median": 30.0332450867,
        "min": 2.79075264931,
        "var": 588.275085449
    },
    "pitch_salience": {
        "dmean": 0.0643443539739,
        "dmean2": 0.105518750846,
        "dvar": 0.00305983703583,
        "dvar2": 0.00810014642775,
        "max": 0.866944909096,
        "mean": 0.637351036072,
        "median": 0.643597960472,
        "min": 0.294816821814,
        "var": 0.00772078474984
    },
    "silence_rate_20dB": {
        "dmean": 0,
        "dmean2": 0,
        "dvar": 0,
        "dvar2": 0,
        "max": 1,
        "mean": 1,
        "median": 1,
        "min": 1,
        "var": 0
    },
    "silence_rate_30dB": {
        "dmean": 0.000272516685072,
        "dmean2": 0.00054510764312,
        "dvar": 0.000272485922324,
        "dvar2": 0.000817538180854,
        "max": 1,
        "mean": 0.999863743782,
        "median": 1,
        "min": 0,
        "var": 0.000136203248985
    },
    "silence_rate_60dB": {
        "dmean": 0.00626788381487,
        "dmean2": 0.0125374766067,
        "dvar": 0.00622834358364,
        "dvar2": 0.0142881022766,
        "max": 1,
        "mean": 0.00871934648603,
        "median": 0,
        "min": 0,
        "var": 0.00864357501268
    },
    "spectral_centroid": {
        "dmean": 263.377380371,
        "dmean2": 395.366455078,
        "dvar": 89177.78125,
        "dvar2": 156045.9375,
        "max": 10774.4941406,
        "mean": 1674.33532715,
        "median": 1628.62231445,
        "min": 334.058685303,
        "var": 361361.75
    },
    "spectral_complexity": {
        "dmean": 4.52895498276,
        "dmean2": 6.69501209259,
        "dvar": 16.4210472107,
        "dvar2": 31.1949634552,
        "max": 55,
        "mean": 28.5044956207,
        "median": 30,
        "min": 0,
        "var": 86.9292373657
    },
    "spectral_decrease": {
        "dmean": 1.96053551171e-09,
        "dmean2": 3.02270852792e-09,
        "dvar": 4.66282952067e-18,
        "dvar2": 1.06138985468e-17,
        "max": -5.55944595166e-29,
        "mean": -6.41451292083e-09,
        "median": -6.09995787215e-09,
        "min": -3.09401002596e-08,
        "var": 1.1432023186e-17
    },
    "spectral_energy": {
        "dmean": 0.00801143329591,
        "dmean2": 0.0123273218051,
        "dvar": 7.46195000829e-05,
        "dvar2": 0.000168273691088,
        "max": 0.122736886144,
        "mean": 0.027015183121,
        "median": 0.0259816348553,
        "min": 1.04999301965e-20,
        "var": 0.000192495877855
    },
    "spectral_energyband_high": {
        "dmean": 0.000706227263436,
        "dmean2": 0.000995405600406,
        "dvar": 5.34954369869e-06,
        "dvar2": 9.87455496215e-06,
        "max": 0.0680887699127,
        "mean": 0.00142444565427,
        "median": 0.000555221165996,
        "min": 7.87707456787e-21,
        "var": 1.25051165014e-05
    },
    "spectral_energyband_low": {
        "dmean": 0.00273602153175,
        "dmean2": 0.00453398143873,
        "dvar": 2.68507992587e-05,
        "dvar2": 7.06603022991e-05,
        "max": 0.0907032266259,
        "mean": 0.00436849007383,
        "median": 0.00277437223122,
        "min": 8.0203475612e-23,
        "var": 3.24290995195e-05
    },
    "spectral_energyband_middle_high": {
        "dmean": 0.00319739873521,
        "dmean2": 0.00471357861534,
        "dvar": 1.62958913279e-05,
        "dvar2": 3.50436275767e-05,
        "max": 0.0498527213931,
        "mean": 0.00955714378506,
        "median": 0.00674371840432,
        "min": 1.39593221009e-21,
        "var": 6.43766834401e-05
    },
    "spectral_energyband_middle_low": {
        "dmean": 0.005029394757,
        "dmean2": 0.0078633967787,
        "dvar": 3.78560616809e-05,
        "dvar2": 9.0826957603e-05,
        "max": 0.102668784559,
        "mean": 0.0126218376681,
        "median": 0.0105028031394,
        "min": 3.30299266947e-22,
        "var": 8.48601412144e-05
    },
    "spectral_entropy": {
        "dmean": 0.108480982482,
        "dmean2": 0.1580388695,
        "dvar": 0.0122011089697,
        "dvar2": 0.0216408222914,
        "max": 9.80398654938,
        "mean": 7.75506925583,
        "median": 7.75344944,
        "min": 6.62724161148,
        "var": 0.0730129554868
    },
    "spectral_flux": {
        "dmean": 0.0220743119717,
        "dmean2": 0.0343009419739,
        "dvar": 0.000477007270092,
        "dvar2": 0.000997604453005,
        "max": 0.290083408356,
        "mean": 0.0981796458364,
        "median": 0.096155628562,
        "min": 1.02469165097e-10,
        "var": 0.00131612620316
    },
    "spectral_kurtosis": {
        "dmean": 1.4707146883,
        "dmean2": 2.50731086731,
        "dvar": 2.20214486122,
        "dvar2": 6.5685210228,
        "max": 28.8903598785,
        "mean": 3.3011944294,
        "median": 2.96849989891,
        "min": -1.16062653065,
        "var": 4.30898857117
    },
    "spectral_rms": {
        "dmean": 0.00075193180237,
        "dmean2": 0.00113744044211,
        "dvar": 5.40282087513e-07,
        "dvar2": 1.12343889214e-06,
        "max": 0.0109427282587,
        "mean": 0.00495046656579,
        "median": 0.00503467302769,
        "min": 3.20059907397e-12,
        "var": 1.84917303159e-06
    },
    "spectral_rolloff": {
        "dmean": 554.075439453,
        "dmean2": 901.332458496,
        "dvar": 822112,
        "dvar2": 1509237.875,
        "max": 18604.6875,
        "mean": 2124.75390625,
        "median": 1851.85546875,
        "min": 107.666015625,
        "var": 2356130.25
    },
    "spectral_skewness": {
        "dmean": 0.202092021704,
        "dmean2": 0.324101209641,
        "dvar": 0.0348419360816,
        "dvar2": 0.0852765589952,
        "max": 3.55003333092,
        "mean": 1.19847488403,
        "median": 1.20432758331,
        "min": -0.953889906406,
        "var": 0.123121187091
    },
    "spectral_spread": {
        "dmean": 364443.78125,
        "dmean2": 508963.78125,
        "dvar": 307372326912,
        "dvar2": 351545262080,
        "max": 39697044,
        "mean": 3718279,
        "median": 3470529,
        "min": 1654250.125,
        "var": 1.40375307059e+12
    },
    "spectral_strongpeak": {
        "dmean": 0.807682454586,
        "dmean2": 1.35276424885,
        "dvar": 1.39323616028,
        "dvar2": 3.59245228767,
        "max": 24.2503738403,
        "mean": 1.31983327866,
        "median": 0.805132985115,
        "min": 0,
        "var": 2.03035902977
    },
    "zerocrossingrate": {
        "dmean": 0.0107485745102,
        "dmean2": 0.0120197832584,
        "dvar": 0.000262272282271,
        "dvar2": 0.000250727782259,
        "max": 0.580078125,
        "mean": 0.0742434933782,
        "median": 0.06640625,
        "min": 0.013671875,
        "var": 0.00163436366711
    },
    "barkbands": {
        "dmean": [2.88659230137e-05, 0.00159063271713, 0.00129452766851, 0.000899436359759, 0.00197740690783, 0.00126698473468, 0.000851879303809, 0.00125347543508, 0.00135086546652, 0.00113300455268, 0.000753471569624, 0.000651021546219, 0.000528085336555, 0.00077958899783, 0.000602400337812, 0.000491262762807, 0.000409514876083, 0.000319755054079, 0.000256205676123, 0.000165542456671, 0.000136109170853, 0.000181165785762, 0.00021255754109, 0.000187184268725, 3.45544722222e-05, 7.29560554191e-08, 1.03590336309e-09],
        "dmean2": [4.9073194532e-05, 0.00278103793971, 0.00220587849617, 0.00151121232193, 0.00323662534356, 0.00204836833291, 0.00140074407682, 0.00199684174731, 0.00213073333725, 0.00181867007632, 0.00120102451183, 0.00104168301914, 0.000840441090986, 0.00123011437245, 0.000951813650317, 0.000771694409195, 0.000658175675198, 0.00051641423488, 0.000406214152463, 0.000262962770648, 0.000209015212022, 0.000270106800599, 0.000307313661324, 0.000278261402855, 4.91005885124e-05, 1.222765178e-07, 1.91868143595e-09],
        "dvar": [2.65311395076e-09, 1.74267279363e-05, 5.04116542288e-06, 2.06054869523e-06, 9.76306546363e-06, 5.86792793911e-06, 4.7675953283e-06, 6.56372867525e-06, 7.05026877768e-06, 5.95358960709e-06, 2.44191210186e-06, 2.23254005505e-06, 1.55551572334e-06, 2.06434447136e-06, 1.35479706387e-06, 9.04780051769e-07, 3.47628798636e-07, 1.97965718485e-07, 2.72395851653e-07, 8.05055861974e-08, 1.54316083467e-07, 6.69486553306e-07, 7.48170691622e-07, 7.47257729472e-07, 1.77792873757e-08, 4.62087067557e-14, 2.02644029952e-18],
        "dvar2": [7.14331038765e-09, 4.89983249281e-05, 1.41415484904e-05, 5.60606849831e-06, 2.43556296482e-05, 1.44258274304e-05, 1.22001865748e-05, 1.52477505253e-05, 1.67895213963e-05, 1.4917950466e-05, 5.75818557991e-06, 5.6306944316e-06, 3.73953889721e-06, 4.99328416481e-06, 3.17543708661e-06, 2.18326658796e-06, 8.1519641526e-07, 4.72060236234e-07, 6.89585874625e-07, 1.9195286427e-07, 3.21905702094e-07, 1.43925990415e-06, 1.44475291108e-06, 1.55879490649e-06, 3.62017154032e-08, 1.25044709288e-13, 6.36620036989e-18],
        "max": [0.000653717317618, 0.0653335750103, 0.0616724416614, 0.0262791980058, 0.0465981960297, 0.04533097893, 0.052222751081, 0.0396088846028, 0.0391812622547, 0.0375836864114, 0.0229497086257, 0.030097046867, 0.0284240357578, 0.0199006050825, 0.0197004172951, 0.0245704557747, 0.0126077253371, 0.0135667417198, 0.0213024597615, 0.00676376093179, 0.0160149261355, 0.0377746447921, 0.0179503932595, 0.0202249418944, 0.00347972125746, 4.89564172312e-06, 2.22288374374e-08],
        "mean": [3.28530695697e-05, 0.00185705942567, 0.00183612701949, 0.00131537218112, 0.0035550033208, 0.00216052634642, 0.00115146802273, 0.00171167566441, 0.00209825439379, 0.0016658421373, 0.00115480145905, 0.000997429946437, 0.000812220212538, 0.00125413609203, 0.00100306083914, 0.000832726131193, 0.000795025145635, 0.000656325137243, 0.000527257681824, 0.00035501839011, 0.000266650633421, 0.000310268456815, 0.000331275718054, 0.000275886734016, 5.88076109125e-05, 7.37531138384e-08, 8.630423598e-10],
        "median": [1.47606615428e-05, 0.000965663930401, 0.00110155192669, 0.000805491989013, 0.00224608089775, 0.00113220303319, 0.000471666862722, 0.000567779701669, 0.000636152341031, 0.000529199838638, 0.000348026776919, 0.000299276958685, 0.0002758030314, 0.000507489719894, 0.000407616433222, 0.0004223693104, 0.000579852145165, 0.000516738975421, 0.000377986812964, 0.000239896718995, 0.000139555952046, 0.000110181441414, 7.93203507783e-05, 3.79998818971e-05, 1.21606863104e-05, 1.02829815773e-08, 3.7972489042e-10],
        "min": [1.13025158489e-23, 5.96052760803e-23, 9.94991995249e-24, 1.60985179957e-23, 4.65923401838e-23, 4.81777234113e-23, 4.5981433677e-23, 5.276619282e-23, 8.56904954571e-23, 6.23660052587e-23, 4.5775635644e-23, 5.03865875885e-23, 1.17949889325e-22, 1.26152187339e-22, 5.97740860032e-23, 5.79950027135e-23, 1.41305725701e-22, 3.03168459772e-22, 1.93532306107e-22, 3.88933543605e-22, 4.97344716191e-22, 6.65056191231e-22, 8.00904804382e-22, 1.00829015169e-21, 1.11236990993e-21, 1.47439208853e-21, 2.33402176867e-21],
        "var": [2.87753620931e-09, 1.3363484868e-05, 6.22429797659e-06, 2.93296898235e-06, 1.70260718733e-05, 9.79474498308e-06, 5.81543326916e-06, 1.0424158063e-05, 1.52993306983e-05, 1.0498998563e-05, 4.97553173773e-06, 4.15906652051e-06, 2.89349532068e-06, 3.6708333937e-06, 2.52417657975e-06, 1.59533476563e-06, 6.68354402933e-07, 3.64605426739e-07, 3.74252209667e-07, 1.629489077e-07, 3.33233003857e-07, 1.45198362134e-06, 1.39133510402e-06, 1.33832668325e-06, 3.42754518101e-08, 4.7522919031e-14, 1.66525002389e-18]
    },
    "erbbands": {
        "dmean": [0.0287327188998, 0.416476666927, 1.27485644817, 2.23124170303, 4.8314781189, 7.13342428207, 10.6137676239, 10.7902889252, 11.1316375732, 18.0596351624, 26.0011425018, 29.745672226, 35.9823646545, 27.7925548553, 31.1296577454, 23.5155086517, 23.5376567841, 35.9306221008, 33.9905853271, 26.3464355469, 23.6077747345, 19.9282684326, 17.331703186, 14.726770401, 11.3043832779, 7.81568574905, 5.59114599228, 5.78661727905, 6.38373470306, 6.24009799957, 6.1723575592, 5.3377699852, 2.30226421356, 0.609509885311, 0.166376173496, 0.0103660812601, 0.000305552006466, 2.9201115467e-05, 9.23526840779e-06, 1.08869280666e-05],
        "dmean2": [0.0496934652328, 0.727469563484, 2.13422727585, 3.75083971024, 8.32578372955, 11.6465196609, 16.9387950897, 17.4492378235, 18.3413600922, 29.0172309875, 41.115398407, 47.2558250427, 56.8423194885, 44.2606201172, 49.5724525452, 37.4455833435, 36.8885231018, 56.3135147095, 53.0351371765, 40.5048713684, 36.7173919678, 31.4862957001, 27.7662067413, 23.5341968536, 17.737739563, 12.3668317795, 8.6873664856, 8.83006954193, 9.44097709656, 9.23006916046, 8.96396541595, 7.85064744949, 3.41022253036, 0.868920087814, 0.242246821523, 0.0154507188126, 0.000437968468759, 4.04920283472e-05, 1.33034645842e-05, 1.64951889019e-05],
        "dvar": [0.00626432243735, 1.11548495293, 5.02092933655, 13.4207038879, 70.8480682373, 141.985855103, 408.872711182, 480.132049561, 676.419921875, 1823.0916748, 3064.8918457, 3682.51196289, 6031.83203125, 4578.94042969, 4336.61523438, 3136.44628906, 2988.3371582, 4435.44580078, 4178.14746094, 2598.24462891, 1577.53039551, 848.668579102, 582.102661133, 536.816101074, 608.765441895, 179.033493042, 161.802307129, 451.951751709, 868.231018066, 674.067443848, 650.004089355, 616.330993652, 132.428787231, 6.32516384125, 0.367096453905, 0.00109053344931, 9.72956058831e-07, 9.50916412279e-09, 4.8463166813e-10, 1.72697411926e-10],
        "dvar2": [0.0170943513513, 3.13814997673, 13.6491956711, 36.8238639832, 194.20552063, 355.47076416, 990.969970703, 1131.54846191, 1712.57543945, 4405.50732422, 7243.86816406, 8917.52246094, 14964.8505859, 11269.4013672, 10888.9443359, 8028.84326172, 6902.96923828, 11112.3085938, 9702.90429688, 5523.97851562, 3627.73681641, 1979.30517578, 1403.83215332, 1328.87487793, 1497.53564453, 431.845703125, 371.381835938, 961.569274902, 1858.61291504, 1351.17126465, 1295.71643066, 1260.72851562, 300.236328125, 12.9749193192, 0.808840930462, 0.00243054772727, 2.02925639314e-06, 1.84684108007e-08, 9.24270049385e-10, 3.62880198113e-10],
        "max": [1.22811627388, 16.5527706146, 50.7026481628, 72.7940444946, 189.266586304, 226.100128174, 588.002258301, 523.683837891, 619.579528809, 993.15032959, 879.94909668, 1053.4519043, 1344.43457031, 1584.88830566, 1539.03955078, 1451.39526367, 1161.33032227, 1090.43347168, 1154.10168457, 1267.54199219, 837.256530762, 680.896484375, 595.741943359, 675.145935059, 851.233520508, 376.470184326, 379.254852295, 916.276062012, 1373.7578125, 915.358032227, 556.37677002, 725.136413574, 320.278869629, 61.9085731506, 17.0292663574, 1.0304363966, 0.0265684574842, 0.00196321750991, 0.000454908411484, 0.000206840166356],
        "mean": [0.0342013649642, 0.492650747299, 1.8988558054, 3.58842110634, 6.54955291748, 12.4602689743, 17.5120983124, 18.6469573975, 16.9084072113, 25.4802837372, 37.9584274292, 47.7588043213, 56.7271080017, 44.8469276428, 52.5255851746, 39.2511138916, 39.302570343, 60.7796592712, 59.0453796387, 48.7343711853, 45.0456962585, 41.8860359192, 37.1926765442, 30.8790302277, 23.5569801331, 17.1483516693, 11.6725111008, 10.5986061096, 10.7215662003, 10.421628952, 9.42731189728, 7.69417715073, 3.33353829384, 0.982274055481, 0.282269448042, 0.0171939171851, 0.000541881134268, 5.56157974643e-05, 2.57614428847e-05, 3.64060178981e-05],
        "median": [0.0162950865924, 0.255041539669, 1.11615383625, 2.38287401199, 4.07779502869, 7.26342058182, 9.57657814026, 9.38495540619, 8.34258651733, 9.49278640747, 13.1955862045, 15.9021453857, 18.9365921021, 14.9288835526, 16.9310932159, 13.3031759262, 14.5167140961, 26.683555603, 25.478302002, 23.9890556335, 27.343536377, 31.5030021667, 29.2306480408, 23.2869262695, 16.3169403076, 11.6829042435, 7.01882743835, 4.96929931641, 3.78057670593, 3.29232931137, 2.10844612122, 1.07464265823, 0.480762720108, 0.177256524563, 0.0652365982533, 0.00392376771197, 0.000137425231514, 1.74295782926e-05, 1.91209492186e-05, 3.38717145496e-05],
        "min": [1.38645679155e-21, 1.38214497124e-20, 1.35728867851e-20, 4.59096452142e-20, 1.42222280896e-19, 1.37696478497e-19, 6.36768159187e-20, 5.1099144379e-19, 8.06676511228e-19, 5.75158066954e-19, 1.70793564543e-18, 1.68365406874e-18, 2.32495489334e-18, 1.61689273509e-18, 1.48767161377e-18, 2.53137285212e-18, 5.3198814151e-18, 4.68145514652e-18, 6.29499252686e-18, 3.06759371818e-18, 4.12418398144e-18, 8.75233436852e-18, 1.39945526231e-17, 1.20789247471e-17, 1.37912448634e-17, 1.74779342596e-17, 1.67162415362e-17, 2.20550538068e-17, 2.5237876059e-17, 2.61864123393e-17, 2.21418813013e-17, 2.1545485734e-17, 1.41401810786e-17, 1.02926331774e-17, 9.53817993868e-18, 5.0485268831e-18, 2.98639808285e-18, 1.14104178488e-18, 3.2030524534e-19, 3.58815698583e-20],
        "var": [0.00494858343154, 0.873932898045, 6.59594631195, 19.3598670959, 73.381111145, 250.491912842, 655.90625, 833.960205078, 898.299377441, 2634.14819336, 5168.6328125, 7738.22851562, 11650.0898438, 8554.03808594, 9963.37011719, 6013.81542969, 6027.43066406, 7838.87402344, 7736.36669922, 5481.94726562, 3000.97973633, 1670.31726074, 1127.86584473, 942.595581055, 880.332214355, 371.603759766, 322.608398438, 934.63269043, 1864.38366699, 1381.24865723, 1163.69226074, 1088.40686035, 204.031539917, 11.7783575058, 0.628049492836, 0.00190466525964, 1.92256607079e-06, 2.03953423039e-08, 1.11695630522e-09, 4.70340932868e-10]
    },
    "gfcc": {
        "mean": [10.2586669922, 110.824241638, -163.784469604, 50.9838256836, -72.7403869629, 14.2718276978, -42.6134986877, 1.9511500597, -16.0490131378, -15.1109848022, -6.09932613373, -15.6575832367, 1.48140776157],
        "cov": [[2333.54077148, -464.315155029, 173.899612427, 178.71105957, -167.88420105, 328.47869873, -126.302246094, 180.169570923, 12.7935581207, 156.565444946, -44.1217460632, 15.2693538666, -36.9333229065], [-464.315155029, 1095.99230957, -7.31251239777, 34.5858764648, 341.800476074, -346.254699707, 108.208984375, -133.365280151, 68.2806091309, -66.9677429199, 83.1349945068, -45.58177948, 41.2173309326], [173.899612427, -7.31251239777, 585.497131348, 296.569793701, -5.52679157257, 35.0573883057, -143.560394287, 52.6887893677, 4.20576477051, 61.5824737549, 4.57268333435, 31.1787052155, -7.01007413864], [178.71105957, 34.5858764648, 296.569793701, 354.814178467, 85.0223388672, -19.2104892731, -50.1121826172, 18.4895095825, 55.7173919678, 43.6808433533, 1.64769637585, 7.38865327835, 2.4743206501], [-167.88420105, 341.800476074, -5.52679157257, 85.0223388672, 287.264709473, -40.000995636, 47.4272575378, -20.8420085907, 26.3180084229, 3.91197013855, 31.5869827271, -11.3094024658, 19.4820671082], [328.47869873, -346.254699707, 35.0573883057, -19.2104892731, -40.000995636, 346.540496826, 51.4171333313, 76.6599960327, -30.448600769, 34.1692771912, -5.92134904861, 23.4967784882, -16.9164943695], [-126.302246094, 108.208984375, -143.560394287, -50.1121826172, 47.4272575378, 51.4171333313, 217.302001953, 15.9921541214, 7.54644489288, -37.5832138062, 7.61125659943, -4.98144245148, 5.16319417953], [180.169570923, -133.365280151, 52.6887893677, 18.4895095825, -20.8420085907, 76.6599960327, 15.9921541214, 155.760116577, 31.5390758514, 36.5828323364, -25.3059806824, 0.98593968153, -6.26936817169], [12.7935581207, 68.2806091309, 4.20576477051, 55.7173919678, 26.3180084229, -30.448600769, 7.54644489288, 31.5390758514, 144.837081909, 35.4118690491, 3.20640063286, -25.6279792786, -4.09777927399], [156.565444946, -66.9677429199, 61.5824737549, 43.6808433533, 3.91197013855, 34.1692771912, -37.5832138062, 36.5828323364, 35.4118690491, 103.360404968, 16.3243694305, 6.51652669907, -9.79539299011], [-44.1217460632, 83.1349945068, 4.57268333435, 1.64769637585, 31.5869827271, -5.92134904861, 7.61125659943, -25.3059806824, 3.20640063286, 16.3243694305, 83.9985351562, 22.5699882507, 0.0816451981664], [15.2693538666, -45.58177948, 31.1787052155, 7.38865327835, -11.3094024658, 23.4967784882, -4.98144245148, 0.98593968153, -25.6279792786, 6.51652669907, 22.5699882507, 62.8878517151, 17.4725589752], [-36.9333229065, 41.2173309326, -7.01007413864, 2.4743206501, 19.4820671082, -16.9164943695, 5.16319417953, -6.26936817169, -4.09777927399, -9.79539299011, 0.0816451981664, 17.4725589752, 52.8272857666]],
        "icov": [[0.000756530615035, -0.000739777693525, 0.000867563998327, -0.00118110422045, 0.00118228059728, -0.00130014901515, 0.00104008126073, -0.000814456667285, 0.000521581037901, -0.000811870675534, 0.000395461713197, -0.000104561491753, 0.000149787432747], [-0.000739777693525, 0.00502179702744, -0.00344222667627, 0.0036875247024, -0.00540274381638, 0.00506663927808, -0.00399992754683, 0.00255202688277, -0.00197504321113, 0.00186773948371, -0.00258912402205, 0.00215552817099, -0.00127193308435], [0.000867563998327, -0.00344222667627, 0.00662892637774, -0.00626565609127, 0.00447612768039, -0.0042140618898, 0.00497152796015, -0.00325791235082, 0.00254864501767, -0.00145001942292, 0.000901979161426, -0.00188410759438, 0.00114326039329], [-0.00118110422045, 0.0036875247024, -0.00626565609127, 0.0097193242982, -0.0060929399915, 0.00465019606054, -0.00405911263078, 0.00322197796777, -0.00383129017428, 0.00116109824739, -0.000332865980454, 0.000342501734849, -0.000668995257001], [0.00118228059728, -0.00540274381638, 0.00447612768039, -0.0060929399915, 0.0107046868652, -0.00548968184739, 0.00351537181996, -0.00279308343306, 0.00260239839554, -0.0027779431548, 0.000746148289181, -0.000123709251056, -0.000732903426979], [-0.00130014901515, 0.00506663927808, -0.0042140618898, 0.00465019606054, -0.00548968184739, 0.00950328912586, -0.00589142553508, 0.00156830635387, -0.000986871309578, 0.000794514722656, -0.0021467669867, 0.000786456861533, 4.48413220511e-06], [0.00104008126073, -0.00399992754683, 0.00497152796015, -0.00405911263078, 0.00351537181996, -0.00589142553508, 0.0105937160552, -0.00395117606968, 0.00103899254464, 0.00139102246612, 0.00053425761871, -0.00155747856479, 0.000863365305122], [-0.000814456667285, 0.00255202688277, -0.00325791235082, 0.00322197796777, -0.00279308343306, 0.00156830635387, -0.00395117606968, 0.010954009369, -0.00336401723325, -0.00151651538908, 0.00248050340451, -0.000288342882413, -0.000375986506697], [0.000521581037901, -0.00197504321113, 0.00254864501767, -0.00383129017428, 0.00260239839554, -0.000986871309578, 0.00103899254464, -0.00336401723325, 0.0108624324203, -0.00408529536799, -0.000639341946226, 0.0038277155254, -0.000533181650098], [-0.000811870675534, 0.00186773948371, -0.00145001942292, 0.00116109824739, -0.0027779431548, 0.000794514722656, 0.00139102246612, -0.00151651538908, -0.00408529536799, 0.0156526975334, -0.00441455934197, -0.000647689157631, 0.00149781838991], [0.000395461713197, -0.00258912402205, 0.000901979161426, -0.000332865980454, 0.000746148289181, -0.0021467669867, 0.00053425761871, 0.00248050340451, -0.000639341946226, -0.00441455934197, 0.0181397199631, -0.00878843013197, 0.00372198945843], [-0.000104561491753, 0.00215552817099, -0.00188410759438, 0.000342501734849, -0.000123709251056, 0.000786456861533, -0.00155747856479, -0.000288342882413, 0.0038277155254, -0.000647689157631, -0.00878843013197, 0.0254620499909, -0.00983663927764], [0.000149787432747, -0.00127193308435, 0.00114326039329, -0.000668995257001, -0.000732903426979, 4.48413220511e-06, 0.000863365305122, -0.000375986506697, -0.000533181650098, 0.00149781838991, 0.00372198945843, -0.00983663927764, 0.0238365661353]]
    },
    "melbands": {
        "dmean": [0.000355384283466, 0.000611232360825, 0.000423305376898, 0.000409258558648, 0.000366738298908, 0.000236565698287, 0.000170478844666, 0.000214824001887, 0.00021424399165, 0.000193514773855, 0.000182549207238, 0.000119079748401, 0.000102247024188, 8.05388990557e-05, 5.52489655092e-05, 5.22046902915e-05, 7.58372189011e-05, 5.99917038926e-05, 4.30507316196e-05, 3.85174316762e-05, 2.8375083275e-05, 2.37245494645e-05, 1.96153650904e-05, 1.48949329741e-05, 1.28806814246e-05, 9.82033907349e-06, 7.05209095031e-06, 5.53588870389e-06, 3.85635348721e-06, 3.66691324416e-06, 3.60202602678e-06, 3.82968210033e-06, 3.80617143492e-06, 3.55391421181e-06, 3.55661882168e-06, 3.98079555453e-06, 3.11572921419e-06, 1.8875148271e-06, 9.01900591543e-07, 4.12001497807e-07],
        "dmean2": [0.000621398736257, 0.00101286685094, 0.000712143955752, 0.000689199543558, 0.000582614622544, 0.000383755454095, 0.00028016831493, 0.000344109284924, 0.000339596881531, 0.000306621979689, 0.000288805546006, 0.000190188628039, 0.000161840958754, 0.00012843029981, 8.67685448611e-05, 8.3349776105e-05, 0.000119881617138, 9.41589460126e-05, 6.72370151733e-05, 6.03576845606e-05, 4.49441613455e-05, 3.80374003726e-05, 3.20332073898e-05, 2.41476009251e-05, 2.09016307053e-05, 1.56374935614e-05, 1.1226751667e-05, 8.89647526492e-06, 6.13241172687e-06, 5.74047453483e-06, 5.61666320209e-06, 5.87915610595e-06, 5.70303109271e-06, 5.28209875483e-06, 5.23334119862e-06, 5.80677169637e-06, 4.71374869448e-06, 2.88860906039e-06, 1.31977651563e-06, 5.98242593242e-07],
        "dvar": [9.40803261074e-07, 1.29447141717e-06, 4.04110039653e-07, 5.09929634518e-07, 3.94161929762e-07, 2.12882113715e-07, 1.66697304849e-07, 2.34399180954e-07, 2.04967065542e-07, 1.49774209035e-07, 1.55873209451e-07, 8.483373648e-08, 4.40485337094e-08, 3.53991325142e-08, 1.6351336285e-08, 1.58260462513e-08, 2.08336974339e-08, 1.37866402738e-08, 7.56341123065e-09, 6.33662633476e-09, 2.10918194021e-09, 1.27168087172e-09, 7.71495589635e-10, 4.27649748946e-10, 4.1764328107e-10, 5.95292759531e-10, 1.56013882369e-10, 1.02432048954e-10, 6.7560894379e-11, 1.10344067217e-10, 2.08769973531e-10, 3.36905503495e-10, 2.75690636986e-10, 2.10324202499e-10, 2.13294076845e-10, 3.3481784012e-10, 2.23646004494e-10, 1.05614246515e-10, 1.87945024127e-11, 2.83439222613e-12],
        "dvar2": [2.62648723037e-06, 3.41517989e-06, 1.09847655949e-06, 1.33681942316e-06, 9.57164502324e-07, 5.08797086241e-07, 4.25679616001e-07, 5.59484817586e-07, 4.91986838824e-07, 3.6221521782e-07, 3.85779031831e-07, 2.08544065572e-07, 1.06514704612e-07, 8.85675248696e-08, 3.78160009973e-08, 3.98395627599e-08, 5.23248964157e-08, 3.16130943645e-08, 1.70679008704e-08, 1.50078829364e-08, 4.92336260649e-09, 3.02453795342e-09, 1.85500237393e-09, 9.98887306203e-10, 1.05165975928e-09, 1.5406924625e-09, 3.61012802985e-10, 2.49528203655e-10, 1.63126720465e-10, 2.50408777047e-10, 4.65309069053e-10, 7.59198426348e-10, 5.74241598716e-10, 4.26722573943e-10, 4.3670300709e-10, 6.86400880578e-10, 4.7545323234e-10, 2.58214144511e-10, 4.11434671055e-11, 5.9237124754e-12],
        "max": [0.015241201967, 0.0204124767333, 0.0110587393865, 0.0127777922899, 0.0162329729646, 0.0102565633133, 0.0100794918835, 0.0101931588724, 0.00712170358747, 0.00627052458003, 0.00669229170308, 0.00675093382597, 0.00384572101757, 0.00350662413985, 0.00351069681346, 0.00354208890349, 0.0024779997766, 0.00210866052657, 0.00172869162634, 0.0019462343771, 0.000813053396996, 0.000670405337587, 0.000682974758092, 0.000599052815232, 0.000570245145354, 0.00102543574758, 0.000257427047472, 0.000339653430274, 0.000236063497141, 0.000344944826793, 0.000617666228209, 0.000845989328809, 0.000670132809319, 0.000438930321252, 0.000336996745318, 0.000468694139272, 0.000395872892113, 0.000342300249031, 0.000168577505974, 4.34624089394e-05],
        "mean": [0.00041572903865, 0.000910784525331, 0.000710732478183, 0.000656213436741, 0.00065368169453, 0.000411796267144, 0.000253092381172, 0.000301342632156, 0.000314167671604, 0.000302732922137, 0.000279073487036, 0.000179635200766, 0.000166711688507, 0.000126917409943, 8.61397857079e-05, 8.2241880591e-05, 0.00012017350673, 9.67360974755e-05, 7.16748763807e-05, 6.33225063211e-05, 5.09540404892e-05, 4.48593636975e-05, 3.79573939426e-05, 2.99210369121e-05, 2.45594947046e-05, 1.86910619959e-05, 1.37332926897e-05, 1.09356315079e-05, 7.45347597331e-06, 6.42308259557e-06, 6.03956641498e-06, 5.99925806455e-06, 6.10564666204e-06, 5.59447698834e-06, 5.31046134711e-06, 5.48040497961e-06, 4.3880559133e-06, 2.59769922195e-06, 1.29761360768e-06, 6.54557652524e-07],
        "median": [0.00021525680495, 0.000534832361154, 0.000492062652484, 0.000422774464823, 0.000376615294954, 0.000213456543861, 0.000119372722111, 0.00010552429012, 0.000102521415101, 9.5632407465e-05, 8.56259721331e-05, 5.29684220965e-05, 5.21349902556e-05, 3.90654458897e-05, 2.81236243609e-05, 2.8250295145e-05, 4.80135131511e-05, 3.84164377465e-05, 3.00054216495e-05, 2.96364341921e-05, 3.16007717629e-05, 3.22184132528e-05, 2.79941305052e-05, 2.33110367844e-05, 1.77101246663e-05, 1.23025274661e-05, 9.27574365051e-06, 7.00726559444e-06, 4.44453053206e-06, 3.14799490297e-06, 2.56388079833e-06, 2.02654155146e-06, 2.03392210096e-06, 1.62594119502e-06, 1.22713061046e-06, 8.39768517835e-07, 5.5730731674e-07, 3.55171692945e-07, 1.99343674012e-07, 1.23808064245e-07],
        "min": [1.47802982909e-23, 1.22352144962e-23, 9.52359112032e-24, 1.22954945134e-23, 2.08886995322e-24, 1.14017577063e-23, 1.20147759937e-23, 7.72991863707e-24, 1.54424791788e-23, 1.03028910314e-23, 1.1128318795e-23, 6.1419550455e-24, 5.67615319135e-24, 4.5208604792e-24, 7.79048974396e-24, 1.32781114898e-23, 8.2800071235e-24, 1.25488450817e-23, 3.82734327513e-24, 4.26700464546e-24, 4.99763381081e-24, 8.85682773942e-24, 9.39303700709e-24, 1.62829568308e-23, 8.59309497273e-24, 8.23914491747e-24, 1.49553512589e-23, 9.86268061385e-24, 1.10751637695e-23, 8.03009125556e-24, 1.48204749768e-23, 1.40712732647e-23, 1.3282006885e-23, 1.6104182017e-23, 1.29084102489e-23, 1.23221020029e-23, 1.29937326555e-23, 9.68881172603e-24, 9.62998005744e-24, 8.2421670436e-24],
        "var": [7.09822870704e-07, 1.59816340783e-06, 6.16271393028e-07, 6.51231744087e-07, 7.32134481041e-07, 3.71777957753e-07, 2.17638728373e-07, 3.54705292693e-07, 3.57625111747e-07, 3.17193439514e-07, 2.99650309898e-07, 1.54071301495e-07, 1.00752586718e-07, 6.64039347953e-08, 3.2345937484e-08, 2.97833864238e-08, 3.51575195623e-08, 2.41388633526e-08, 1.41379938867e-08, 1.14429292708e-08, 3.68066399581e-09, 2.21405782597e-09, 1.52157220157e-09, 8.0067502628e-10, 6.95323187916e-10, 6.9471484121e-10, 2.92054908035e-10, 1.93019294992e-10, 1.19171436608e-10, 2.00839261888e-10, 4.03801769799e-10, 6.52378762123e-10, 5.64256252833e-10, 4.0100725518e-10, 3.68990560329e-10, 5.52115186903e-10, 3.82727793902e-10, 1.42759262745e-10, 2.78253583369e-11, 5.14271047622e-12]
    },
    "mfcc": {
        "mean": [-604.936218262, 112.903663635, -22.7266464233, 24.0011959076, -1.48844301701, 2.2626888752, -8.72994041443, 5.63164615631, -5.25906324387, 1.47732162476, -5.26901483536, -4.35921287537, -6.64557218552],
        "cov": [[1914.55895996, -579.58770752, 239.435775757, -169.483291626, 56.6779098511, 81.7351989746, 15.7955026627, 30.7254161835, 68.3172683716, 134.032989502, 82.2259521484, 26.202589035, 36.9198455811], [-579.58770752, 1061.10095215, -296.151275635, 283.913360596, 49.7611045837, -49.1323776245, 7.90537643433, -44.9733886719, -30.8182373047, -65.8694915771, -9.00856685638, 1.6464189291, 13.868396759], [239.435775757, -296.151275635, 621.106201172, 108.239448547, 138.883743286, 8.8274641037, -39.7091217041, -18.5155773163, 3.08682274818, 4.07321071625, 4.24649190903, 58.8958816528, 6.44633436203], [-169.483291626, 283.913360596, 108.239448547, 476.046966553, 146.416366577, -27.0416679382, -68.3191680908, -52.4128570557, 23.2515697479, -15.1133203506, -5.96657800674, 34.0957565308, 17.3781642914], [56.6779098511, 49.7611045837, 138.883743286, 146.416366577, 265.785430908, 28.0977668762, -16.0596485138, -35.309387207, 13.1251354218, 14.8187904358, 17.2061004639, 30.8273677826, 11.8167285919], [81.7351989746, -49.1323776245, 8.8274641037, -27.0416679382, 28.0977668762, 170.615600586, 69.9306335449, 34.4966011047, 0.94068479538, 14.5535392761, 17.5288257599, -0.200459957123, 10.0491609573], [15.7955026627, 7.90537643433, -39.7091217041, -68.3191680908, -16.0596485138, 69.9306335449, 181.317718506, 68.5517578125, 3.44456291199, -13.4851522446, 0.21504727006, 2.64882922173, 2.61108112335], [30.7254161835, -44.9733886719, -18.5155773163, -52.4128570557, -35.309387207, 34.4966011047, 68.5517578125, 121.285255432, 44.4768218994, 21.2909183502, 6.54009389877, -0.844218492508, 0.122174091637], [68.3172683716, -30.8182373047, 3.08682274818, 23.2515697479, 13.1251354218, 0.94068479538, 3.44456291199, 44.4768218994, 112.73790741, 55.8033752441, 18.2317047119, 2.08440160751, -2.99876213074], [134.032989502, -65.8694915771, 4.07321071625, -15.1133203506, 14.8187904358, 14.5535392761, -13.4851522446, 21.2909183502, 55.8033752441, 119.610397339, 44.5408096313, 1.7343763113, -2.1053237915], [82.2259521484, -9.00856685638, 4.24649190903, -5.96657800674, 17.2061004639, 17.5288257599, 0.21504727006, 6.54009389877, 18.2317047119, 44.5408096313, 85.8970794678, 33.5217170715, 9.44081497192], [26.202589035, 1.6464189291, 58.8958816528, 34.0957565308, 30.8273677826, -0.200459957123, 2.64882922173, -0.844218492508, 2.08440160751, 1.7343763113, 33.5217170715, 82.2277450562, 27.0709934235], [36.9198455811, 13.868396759, 6.44633436203, 17.3781642914, 11.8167285919, 10.0491609573, 2.61108112335, 0.122174091637, -2.99876213074, -2.1053237915, 9.44081497192, 27.0709934235, 62.8918037415]],
