{
"lowlevel": {
    "average_loudness": 0.751026272774,
    "barkbands_crest": {
        "dmean": 2.72177147865,
        "dmean2": 4.40487909317,
        "dvar": 6.10073566437,
        "dvar2": 15.9304628372,
        "max": 24.6488399506,
        "mean": 9.48720359802,
        "median": 8.78365039825,
        "min": 2.11797690392,
        "var": 17.6521148682
    },
    "barkbands_flatness_db": {
        "dmean": 0.0222694762051,
        "dmean2": 0.035355694592,
        "dvar": 0.000522626563907,
        "dvar2": 0.00127402343787,
        "max": 0.34382250905,
        "mean": 0.11655241251,
        "median": 0.106740102172,
        "min": 0.0310073178262,
        "var": 0.00197333446704
    },
    "barkbands_kurtosis": {
        "dmean": 2.67727899551,
        "dmean2": 4.3200006485,
        "dvar": 35.8545875549,
        "dvar2": 84.1978378296,
        "max": 141.177368164,
        "mean": 2.46299934387,
        "median": -0.512846946716,
        "min": -1.95498132706,
        "var": 87.4858093262
    },
    "barkbands_skewness": {
        "dmean": 0.656691193581,
        "dmean2": 0.992351710796,
        "dvar": 0.58471852541,
        "dvar2": 1.29651284218,
        "max": 10.8585548401,
        "mean": 0.86895442009,
        "median": 0.61569327116,
        "min": -7.97590494156,
        "var": 2.66304636002
    },
    "barkbands_spread": {
        "dmean": 10.8210515976,
        "dmean2": 16.6352367401,
        "dvar": 126.343765259,
        "dvar2": 291.343811035,
        "max": 116.647766113,
        "mean": 46.8860206604,
        "median": 46.2510261536,
        "min": 1.36208856106,
        "var": 441.573455811
    },
    "dissonance": {
        "dmean": 0.0102104237303,
        "dmean2": 0.0173817146569,
        "dvar": 0.000103658239823,
        "dvar2": 0.000284394191112,
        "max": 0.499999910593,
        "mean": 0.483368486166,
        "median": 0.486524701118,
        "min": 0.385101854801,
        "var": 0.000156740148668
    },
    "dynamic_complexity": 2.4088537693,
    "erbbands_crest": {
        "dmean": 2.28711819649,
        "dmean2": 3.73633599281,
        "dvar": 5.13964176178,
        "dvar2": 12.8369655609,
        "max": 28.8907375336,
        "mean": 7.24256944656,
        "median": 6.25995874405,
        "min": 2.34164643288,
        "var": 12.9412069321
    },
    "erbbands_flatness_db": {
        "dmean": 0.0162470620126,
        "dmean2": 0.0234183203429,
        "dvar": 0.000286359601887,
        "dvar2": 0.000540051143616,
        "max": 0.355448365211,
        "mean": 0.124899931252,
        "median": 0.11726667732,
        "min": 0.0507097765803,
        "var": 0.00143391999882
    },
    "erbbands_kurtosis": {
        "dmean": 1.18017292023,
        "dmean2": 1.76980960369,
        "dvar": 7.77928686142,
        "dvar2": 15.0012283325,
        "max": 78.7576141357,
        "mean": 0.996995329857,
        "median": -0.0477328300476,
        "min": -1.82092750072,
        "var": 20.3340015411
    },
    "erbbands_skewness": {
        "dmean": 0.356163024902,
        "dmean2": 0.530121564865,
        "dvar": 0.152119383216,
        "dvar2": 0.2826859653,
        "max": 2.55791068077,
        "mean": -0.457985639572,
        "median": -0.366977423429,
        "min": -7.28064441681,
        "var": 0.7634755373
    },
    "erbbands_spread": {
        "dmean": 11.4287672043,
        "dmean2": 17.5374107361,
        "dvar": 158.191162109,
        "dvar2": 352.377960205,
        "max": 171.316314697,
        "mean": 50.8681869507,
        "median": 46.2845458984,
        "min": 2.88130021095,
        "var": 684.479553223
    },
    "hfc": {
        "dmean": 26.6365242004,
        "dmean2": 38.0052871704,
        "dvar": 5918.04833984,
        "dvar2": 11904.4443359,
        "max": 1802.72338867,
        "mean": 63.8311195374,
        "median": 33.8808097839,
        "min": 1.15666200301e-16,
        "var": 15350.1367188
    },
    "melbands_crest": {
        "dmean": 3.40832233429,
        "dmean2": 5.5302362442,
        "dvar": 9.57750606537,
        "dvar2": 23.9171028137,
        "max": 30.4524402618,
        "mean": 14.9454097748,
        "median": 14.8230438232,
        "min": 2.64485692978,
        "var": 29.4571399689
    },
    "melbands_flatness_db": {
        "dmean": 0.0297629795969,
        "dmean2": 0.0460821315646,
        "dvar": 0.00100715609733,
        "dvar2": 0.00235488149337,
        "max": 0.42568013072,
        "mean": 0.143642351031,
        "median": 0.132509276271,
        "min": 0.00564521690831,
        "var": 0.00437428662553
    },
    "melbands_kurtosis": {
        "dmean": 11.5879850388,
        "dmean2": 18.9072475433,
        "dvar": 568.841247559,
        "dvar2": 1436.19812012,
        "max": 515.343261719,
        "mean": 18.8612747192,
        "median": 5.22863388062,
        "min": -1.9362527132,
        "var": 1464.78625488
    },
    "melbands_skewness": {
        "dmean": 1.07580256462,
        "dmean2": 1.66252052784,
        "dvar": 1.6977032423,
        "dvar2": 4.02231740952,
        "max": 18.2864780426,
        "mean": 3.03676223755,
        "median": 2.33658528328,
        "min": -4.65166950226,
        "var": 6.76580381393
    },
    "melbands_spread": {
        "dmean": 17.7989845276,
        "dmean2": 27.0600204468,
        "dvar": 579.622802734,
        "dvar2": 1171.62487793,
        "max": 318.076080322,
        "mean": 54.2387924194,
        "median": 45.313999176,
        "min": 0.89824450016,
        "var": 1992.42053223
    },
    "pitch_salience": {
        "dmean": 0.077572517097,
        "dmean2": 0.12576366961,
        "dvar": 0.00494190352038,
        "dvar2": 0.0130291096866,
        "max": 0.896286725998,
        "mean": 0.532840788364,
        "median": 0.541585505009,
        "min": 0.092370800674,
        "var": 0.0141597948968
    },
    "silence_rate_20dB": {
        "dmean": 0,
        "dmean2": 0,
        "dvar": 0,
        "dvar2": 0,
        "max": 1,
        "mean": 1,
        "median": 1,
        "min": 1,
        "var": 0
    },
    "silence_rate_30dB": {
        "dmean": 0.0100257070735,
        "dmean2": 0.0200539920479,
        "dvar": 0.00992403551936,
        "dvar2": 0.0255625005811,
        "max": 1,
        "mean": 0.989718556404,
        "median": 1,
        "min": 0,
        "var": 0.0101767405868
    },
    "silence_rate_60dB": {
        "dmean": 0.00745501276106,
        "dmean2": 0.014911942184,
        "dvar": 0.00739998742938,
        "dvar2": 0.0182887036353,
        "max": 1,
        "mean": 0.0154221821576,
        "median": 0,
        "min": 0,
        "var": 0.015183063224
    },
    "spectral_centroid": {
        "dmean": 355.980163574,
        "dmean2": 536.342468262,
        "dvar": 172237.25,
        "dvar2": 333473.6875,
        "max": 11111.5839844,
        "mean": 2387.91894531,
        "median": 2379.09960938,
        "min": 293.915100098,
        "var": 809954.8125
    },
    "spectral_complexity": {
        "dmean": 4.50077104568,
        "dmean2": 6.77773475647,
        "dvar": 19.1346092224,
        "dvar2": 37.933429718,
        "max": 58,
        "mean": 22.2377586365,
        "median": 22,
        "min": 0,
        "var": 107.227783203
    },
    "spectral_decrease": {
        "dmean": 2.95685653739e-09,
        "dmean2": 4.88862816894e-09,
        "dvar": 2.27302565254e-17,
        "dvar2": 6.2293449919e-17,
        "max": 3.49472641865e-19,
        "mean": -6.47653219943e-09,
        "median": -5.50665513188e-09,
        "min": -5.53818857441e-08,
        "var": 2.4535897504e-17
    },
    "spectral_energy": {
        "dmean": 0.0129760783166,
        "dmean2": 0.0209573302418,
        "dvar": 0.00039052797365,
        "dvar2": 0.00102789036464,
        "max": 0.217130973935,
        "mean": 0.0302337091416,
        "median": 0.0249163433909,
        "min": 1.08170336002e-20,
        "var": 0.000557915482204
    },
    "spectral_energyband_high": {
        "dmean": 0.00288392580114,
        "dmean2": 0.00410209875554,
        "dvar": 9.01142702787e-05,
        "dvar2": 0.000179905502591,
        "max": 0.214101657271,
        "mean": 0.00614828057587,
        "median": 0.00238036015071,
        "min": 7.86856527043e-21,
        "var": 0.000228517194046
    },
    "spectral_energyband_low": {
        "dmean": 0.00930718146265,
        "dmean2": 0.0159217752516,
        "dvar": 0.000310944276862,
        "dvar2": 0.000864067522343,
        "max": 0.201691821218,
        "mean": 0.0136507442221,
        "median": 0.00939384661615,
        "min": 4.49705778467e-23,
        "var": 0.000285251706373
    },
    "spectral_energyband_middle_high": {
        "dmean": 0.00219953828491,
        "dmean2": 0.00319707859308,
        "dvar": 1.06250645331e-05,
        "dvar2": 2.22485214181e-05,
        "max": 0.0582295060158,
        "mean": 0.00655673490837,
        "median": 0.00376510992646,
        "min": 1.6014967907e-21,
        "var": 4.42758391728e-05
    },
    "spectral_energyband_middle_low": {
        "dmean": 0.00254410156049,
        "dmean2": 0.0042282724753,
        "dvar": 1.37946808536e-05,
        "dvar2": 3.65222294931e-05,
        "max": 0.0605309531093,
        "mean": 0.00465056998655,
        "median": 0.00340562011115,
        "min": 4.22913556704e-22,
        "var": 1.83101637958e-05
    },
    "spectral_entropy": {
        "dmean": 0.117171600461,
        "dmean2": 0.170257076621,
        "dvar": 0.012782943435,
        "dvar2": 0.0257982555777,
        "max": 9.79638671875,
        "mean": 8.12319946289,
        "median": 8.13872623444,
        "min": 6.94984197617,
        "var": 0.0845491290092
    },
    "spectral_flux": {
        "dmean": 0.03060734272,
        "dmean2": 0.0466079674661,
        "dvar": 0.00143449194729,
        "dvar2": 0.00280407862738,
        "max": 0.406129360199,
        "mean": 0.10564725101,
        "median": 0.0945809930563,
        "min": 1.04004971302e-10,
        "var": 0.00302906590514
    },
    "spectral_kurtosis": {
        "dmean": 0.536771178246,
        "dmean2": 0.845678687096,
        "dvar": 0.278549432755,
        "dvar2": 0.686141371727,
        "max": 9.00782299042,
        "mean": 1.57828474045,
        "median": 1.47737836838,
        "min": -1.26915717125,
        "var": 1.53414559364
    },
    "spectral_rms": {
        "dmean": 0.00106163008604,
        "dmean2": 0.00164511916228,
        "dvar": 1.73427736172e-06,
        "dvar2": 4.38194956587e-06,
        "max": 0.0145545555279,
        "mean": 0.00508689181879,
        "median": 0.00493037793785,
        "min": 3.24856938225e-12,
        "var": 3.61980778507e-06
    },
    "spectral_rolloff": {
        "dmean": 1174.83251953,
        "dmean2": 1868.90063477,
        "dvar": 2482116,
        "dvar2": 5581887,
        "max": 18303.2226562,
        "mean": 3929.97412109,
        "median": 3294.58007812,
        "min": 86.1328125,
        "var": 8808830
    },
    "spectral_skewness": {
        "dmean": 0.125487595797,
        "dmean2": 0.186576902866,
        "dvar": 0.0146425887942,
        "dvar2": 0.0274155791849,
        "max": 2.07255411148,
        "mean": 1.02447187901,
        "median": 1.05944025517,
        "min": -0.561908185482,
        "var": 0.10600810498
    },
    "spectral_spread": {
        "dmean": 670200.9375,
        "dmean2": 947232.6875,
        "dvar": 604094201856,
        "dvar2": 1.03254373171e+12,
        "max": 42022240,
        "mean": 6352015.5,
        "median": 6180952,
        "min": 2210217,
        "var": 2.9993247703e+12
    },
    "spectral_strongpeak": {
        "dmean": 0.758935987949,
        "dmean2": 1.32687699795,
        "dvar": 4.52205133438,
        "dvar2": 11.4325056076,
        "max": 46.6467208862,
        "mean": 1.00297963619,
        "median": 0.361361891031,
        "min": 0,
        "var": 5.57039499283
    },
    "zerocrossingrate": {
        "dmean": 0.0198372099549,
        "dmean2": 0.0216553583741,
        "dvar": 0.000441972108092,
        "dvar2": 0.000460719020339,
        "max": 0.87158203125,
        "mean": 0.130797997117,
        "median": 0.1181640625,
        "min": 0.0068359375,
        "var": 0.00614247843623
    },
    "barkbands": {
        "dmean": [8.58382045408e-05, 0.00590708246455, 0.00378742534667, 0.00109674432315, 0.00120535679162, 0.000371865957277, 0.00023489954765, 0.000218345739995, 0.000306612841086, 0.000502707727719, 0.000358310819138, 0.000340574973961, 0.00030116160633, 0.000474385247799, 0.000475630775327, 0.000499034125824, 0.000300214713207, 0.000360090169124, 0.000418502866523, 0.000303231092403, 0.000293537596008, 0.000380567711545, 0.000772903498728, 0.00102802098263, 0.000626658147667, 0.000216867527342, 8.4304865311e-08],
        "dmean2": [0.000149313738802, 0.0100213838741, 0.00685110734776, 0.00193952827249, 0.00203032814898, 0.000612711766735, 0.00039160126471, 0.000349582842318, 0.000508439086843, 0.000787720724475, 0.000563759356737, 0.000535840343218, 0.000474820379168, 0.000760104507208, 0.00076216168236, 0.000764317112043, 0.000482546369312, 0.000575411599129, 0.000674753682688, 0.000474905391457, 0.00045514878002, 0.000570841890294, 0.00114335725084, 0.0015373917995, 0.000895172066521, 0.00034654722549, 1.50739239757e-07],
        "dvar": [1.96841689615e-08, 0.000112673187687, 7.1889749961e-05, 4.19721527578e-06, 5.93736467636e-06, 7.42628515127e-07, 3.14446339189e-07, 2.87000375465e-07, 7.0572207278e-07, 1.55468558205e-06, 6.56885390526e-07, 7.14387397238e-07, 6.69994335567e-07, 1.33568210003e-06, 1.39117821618e-06, 1.92783409148e-06, 5.59834177238e-07, 7.75703199452e-07, 8.08194442925e-07, 3.31525313868e-07, 4.27378580525e-07, 2.31119111049e-06, 1.13571431939e-05, 1.74374654307e-05, 6.91508466844e-06, 3.02273946318e-07, 1.34815742554e-13],
        "dvar2": [5.29571195784e-08, 0.00031900475733, 0.000204892188776, 1.16605215226e-05, 1.59265637194e-05, 1.83336294413e-06, 7.99990175437e-07, 6.94796995049e-07, 1.81024165613e-06, 3.61550200978e-06, 1.49196307575e-06, 1.62446281138e-06, 1.45995898038e-06, 3.08783478431e-06, 3.19596210829e-06, 4.19726029577e-06, 1.2296255818e-06, 1.79162771019e-06, 2.05673109122e-06, 7.31495447326e-07, 9.39660083077e-07, 4.94129744766e-06, 2.5366052796e-05, 3.71029491362e-05, 1.42126527862e-05, 7.92418290985e-07, 3.83466695897e-13],
        "max": [0.00194673170336, 0.13100707531, 0.101755544543, 0.0296857990324, 0.053302090615, 0.0229539517313, 0.0111466031522, 0.0125336199999, 0.0177106503397, 0.0187872964889, 0.0158673655242, 0.0201667435467, 0.0197360347956, 0.0210453756154, 0.0298773981631, 0.034007679671, 0.033085051924, 0.0267907753587, 0.0317478701472, 0.0176747962832, 0.0169085692614, 0.0438686721027, 0.123086966574, 0.116175346076, 0.0829518213868, 0.00846198480576, 1.73477928911e-05],
        "mean": [8.32394871395e-05, 0.00876922439784, 0.00415573827922, 0.00121893291362, 0.00171764637344, 0.000492528022733, 0.000311259966111, 0.000296789599815, 0.000418681564042, 0.000696505652741, 0.000550595286768, 0.00052525231149, 0.000479006470414, 0.000688648433425, 0.000717683578841, 0.000764874741435, 0.000540622044355, 0.000628537440207, 0.000777237408329, 0.000575233483687, 0.000557792896871, 0.000669461442158, 0.00142434833106, 0.00193697877694, 0.000992221641354, 0.000244557391852, 5.96930647134e-08],
        "median": [3.74257615476e-05, 0.00570435263216, 0.00193148700055, 0.000608150614426, 0.00091618380975, 0.000228778037126, 0.000103976621176, 8.59885039972e-05, 0.000150878840941, 0.000176504487172, 0.000142311706441, 0.000132008848595, 0.000132988527184, 0.000205608492251, 0.000231573780184, 0.000221681519179, 0.000265008828137, 0.000331342482241, 0.000419742544182, 0.000357183191227, 0.000299485283904, 0.00023020876688, 0.000469724240247, 0.000525044510141, 0.000212013736018, 5.53545214643e-05, 1.58642188275e-09],
        "min": [2.45688401791e-24, 3.4745681493e-23, 4.20409219941e-24, 1.6593345198e-23, 4.4111139134e-23, 2.62208466544e-23, 7.70875065909e-23, 9.13033670155e-23, 1.41197632824e-22, 4.51371316274e-23, 9.69345717013e-23, 8.11117763692e-23, 2.73935066916e-22, 1.05716316449e-22, 1.74875657346e-22, 1.51154206029e-22, 1.69009876981e-22, 2.08350155755e-22, 1.40609319293e-22, 2.77565770834e-22, 5.04395996724e-22, 5.463281064e-22, 7.45896990724e-22, 7.82155562283e-22, 1.33941685169e-21, 1.8150156136e-21, 2.19314640761e-21],
        "var": [1.76899579429e-08, 0.000121096432849, 4.95473250339e-05, 3.54506050826e-06, 6.94807977197e-06, 8.9392534619e-07, 3.93547367139e-07, 4.02497335017e-07, 8.61849855482e-07, 2.55858890341e-06, 1.40534484672e-06, 1.50022697198e-06, 1.56586349931e-06, 2.07587913792e-06, 2.35655215874e-06, 3.73316879632e-06, 1.41480961702e-06, 1.49060042531e-06, 1.37858069138e-06, 6.91030891176e-07, 8.98915914149e-07, 4.60205455965e-06, 1.94970234588e-05, 4.02347141062e-05, 1.48466679093e-05, 2.90341063192e-07, 8.63949957039e-14]
    },
    "erbbands": {
        "dmean": [0.0991010293365, 1.58348739147, 4.3900847435, 3.93951034546, 3.68547391891, 4.6210193634, 3.22206449509, 3.44852972031, 3.31747174263, 3.60344362259, 4.65594148636, 6.60794496536, 13.1001243591, 13.9630784988, 13.9884157181, 12.8441152573, 13.2950439453, 19.2263717651, 26.0252285004, 22.1010551453, 22.9210109711, 14.4069919586, 16.3452033997, 25.80991745, 14.3974628448, 14.1804609299, 13.0339460373, 11.0107717514, 11.8409795761, 19.7430000305, 23.2627410889, 21.1927452087, 17.8507881165, 9.40134429932, 3.26168107986, 1.2626748085, 0.395233273506, 0.0243079662323, 0.000507377786562, 4.97631990584e-05],
        "dmean2": [0.170043572783, 2.69699573517, 7.84856700897, 7.03258466721, 6.28789567947, 7.74875688553, 5.20034313202, 5.78209543228, 5.53951263428, 5.94474220276, 7.35657310486, 10.8450527191, 20.6704044342, 21.5822181702, 21.805929184, 19.9624996185, 20.3948516846, 30.4356880188, 40.5008201599, 34.2799606323, 34.2135848999, 22.3236484528, 25.8319625854, 41.0796546936, 22.5052871704, 22.3319206238, 20.3033180237, 17.0154571533, 17.7102966309, 29.9782409668, 34.673122406, 31.5205345154, 27.0975837708, 13.7717227936, 4.65410089493, 1.94686377048, 0.642378747463, 0.0388471372426, 0.00079541146988, 7.5406198448e-05],
        "dvar": [0.0363443158567, 8.09566879272, 87.8516159058, 69.9891433716, 45.5385665894, 97.3304443359, 47.8847084045, 77.5935745239, 72.0803985596, 65.3709716797, 147.007614136, 310.143829346, 1176.4699707, 1030.8939209, 998.192565918, 1188.20727539, 1368.00830078, 1884.62817383, 4162.85839844, 2478.7277832, 4351.72167969, 1127.19165039, 1621.23474121, 3286.56713867, 677.680541992, 790.132751465, 703.907897949, 880.235778809, 2136.50073242, 6729.87744141, 11535.9326172, 6904.05419922, 6045.65039062, 2324.6784668, 110.012191772, 9.53723621368, 1.09143984318, 0.00395769812167, 1.55270129198e-06, 1.02170893967e-08],
        "dvar2": [0.100271202624, 23.0399208069, 250.445922852, 197.507659912, 124.021987915, 258.533477783, 112.545066833, 202.224182129, 179.076675415, 167.835372925, 340.671508789, 828.212280273, 2818.32080078, 2315.06982422, 2344.43286133, 2846.03979492, 2865.06884766, 4327.96728516, 9077.734375, 5666.69970703, 8967.39941406, 2420.23510742, 3841.12036133, 7848.37207031, 1607.14453125, 1653.70446777, 1583.70214844, 1925.02722168, 4508.86328125, 13949.6816406, 27163.2363281, 14722.4169922, 13546.8300781, 5108.22998047, 212.688369751, 23.1066055298, 2.91689944267, 0.0104028079659, 4.00677436119e-06, 2.29045351574e-08],
        "max": [2.83763122559, 34.2450942993, 102.963882446, 111.074684143, 160.560165405, 152.778259277, 163.56098938, 245.305374146, 175.880645752, 213.288131714, 274.838348389, 419.085845947, 541.464233398, 662.810180664, 753.578063965, 925.52142334, 1037.88867188, 914.405822754, 1647.85192871, 1188.52307129, 2015.96447754, 1404.71008301, 1461.4128418, 2220.98193359, 636.872924805, 1015.11083984, 723.801757812, 878.122680664, 1346.69055176, 2322.98217773, 4582.51318359, 2074.18701172, 2112.90112305, 1475.01049805, 490.063018799, 86.7262420654, 15.3418874741, 0.67500692606, 0.0166514348239, 0.00224113138393],
        "mean": [0.135266795754, 2.32917094231, 5.43637609482, 4.38405990601, 4.62441682816, 6.05383348465, 4.82470560074, 4.39262199402, 4.35875940323, 5.23950147629, 6.59616184235, 9.62929534912, 18.6033229828, 21.8431720734, 23.4280891418, 21.8444595337, 22.9531993866, 30.5234241486, 41.0129165649, 38.5460891724, 39.4968528748, 29.0584144592, 31.6237773895, 46.9193763733, 30.1791267395, 27.3173351288, 24.7370891571, 20.5851726532, 21.0744113922, 34.9136314392, 42.3437690735, 40.9444770813, 30.8432559967, 14.7046289444, 5.04181814194, 1.57252287865, 0.41748598218, 0.0268388688564, 0.00062790204538, 9.29205780267e-05],
        "median": [0.0786497741938, 1.45368480682, 2.63291358948, 2.38981986046, 2.49735379219, 2.8273203373, 2.57629108429, 1.92556381226, 1.56342899799, 1.92240405083, 2.16524887085, 4.07117319107, 5.17269086838, 6.35640525818, 7.47744750977, 6.23788499832, 6.99166679382, 11.398563385, 13.326757431, 13.598195076, 13.5276031494, 14.772559166, 18.0656089783, 23.1413440704, 18.9109897614, 17.1432266235, 13.7306852341, 10.3855381012, 7.44876813889, 11.7139110565, 13.8468589783, 12.1077470779, 7.31559038162, 2.8809709549, 1.14442718029, 0.372278362513, 0.0843114256859, 0.00570507859811, 0.000158759372425, 4.97125220136e-05],
        "min": [1.01128787362e-21, 7.74013659461e-21, 6.8711098519e-21, 2.80998327028e-20, 6.81785072957e-20, 1.95301853343e-19, 1.39597985779e-19, 2.61354151035e-19, 7.01840467573e-19, 1.17348908178e-18, 3.29654511082e-18, 2.81356882682e-18, 2.25201596808e-18, 2.02543548187e-18, 4.12979805625e-18, 3.44651357627e-18, 1.05012415105e-17, 7.24325666466e-18, 7.32038215779e-18, 8.2912076468e-18, 9.34234492866e-18, 1.05279751607e-17, 1.18509322636e-17, 7.56147883657e-18, 1.10985535939e-17, 1.11948986285e-17, 1.31799600451e-17, 2.36317477354e-17, 2.0442609132e-17, 1.98173995553e-17, 2.21353267221e-17, 1.54876119744e-17, 1.46443360815e-17, 1.34794829721e-17, 1.02496975405e-17, 7.71369413135e-18, 2.89586523275e-18, 1.39619722535e-18, 2.94337848714e-19, 3.05413079795e-20],
        "var": [0.0347683802247, 8.72173213959, 67.6142044067, 49.67237854, 47.634475708, 113.933746338, 72.1687927246, 78.42603302, 83.7049484253, 90.5261535645, 215.120803833, 387.845306396, 1794.26696777, 2168.92553711, 2415.78637695, 2574.76586914, 3372.05908203, 3017.14282227, 7499.24707031, 5098.87939453, 9470.08886719, 3187.13745117, 3381.63378906, 6496.31494141, 1371.74755859, 1656.82580566, 1471.85095215, 1760.86547852, 4308.41503906, 13192.8847656, 17969.5839844, 15274.1630859, 12506.8896484, 4322.07470703, 262.58493042, 12.59461689, 0.908714234829, 0.00352805224247, 1.63331117164e-06, 2.1007645401e-08]
    },
    "gfcc": {
        "mean": [38.7926635742, 36.7867698669, -106.367744446, 60.166305542, -54.7984848022, 37.5547714233, -42.7478141785, 18.485616684, -27.8286743164, 0.397312998772, -17.1897277832, -0.772215664387, -12.3358974457],
        "cov": [[5706.06884766, -112.499778748, -80.611946106, 34.9921073914, -96.473236084, 142.114212036, -123.238845825, 92.5196990967, -144.929336548, 117.370475769, -80.1225662231, 86.3586807251, -84.4127197266], [-112.499778748, 1031.57739258, -219.608825684, 43.1924552917, 151.40512085, -16.1440620422, 130.810913086, -28.0041427612, 47.1308822632, -68.94165802, 95.3215713501, -75.424621582, 42.7551879883], [-80.611946106, -219.608825684, 893.675415039, 208.121917725, 50.6442909241, 17.2009925842, -78.6846313477, 35.3115653992, 9.78239440918, 53.6116447449, -96.1444396973, 29.275182724, -63.2942733765], [34.9921073914, 43.1924552917, 208.121917725, 324.635406494, 59.8025169373, 14.0255079269, -31.5824489594, -0.54749751091, 55.8887863159, -39.0576171875, 5.37053155899, -31.7359714508, 32.4453811646], [-96.473236084, 151.40512085, 50.6442909241, 59.8025169373, 290.110473633, 45.0102844238, 76.7194976807, 14.7209243774, -41.1364631653, 7.70216178894, -29.6563034058, 9.9293088913, 6.36372756958], [142.114212036, -16.1440620422, 17.2009925842, 14.0255079269, 45.0102844238, 176.891586304, 72.05443573, -18.8031864166, -11.4845066071, -6.28017759323, 30.9282455444, -7.58443260193, 4.00909662247], [-123.238845825, 130.810913086, -78.6846313477, -31.5824489594, 76.7194976807, 72.05443573, 171.719619751, 10.3349695206, -19.2685661316, 10.3524217606, 13.768081665, 2.5107023716, -3.03137183189], [92.5196990967, -28.0041427612, 35.3115653992, -0.54749751091, 14.7209243774, -18.8031864166, 10.3349695206, 113.792739868, 36.8125, -2.12828469276, -29.8711662292, -5.47634887695, 0.725206553936], [-144.929336548, 47.1308822632, 9.78239440918, 55.8887863159, -41.1364631653, -11.4845066071, -19.2685661316, 36.8125, 118.989379883, 0.525856256485, 21.8338985443, -26.5039749146, 7.25169801712], [117.370475769, -68.94165802, 53.6116447449, -39.0576171875, 7.70216178894, -6.28017759323, 10.3524217606, -2.12828469276, 0.525856256485, 109.566970825, 13.7609939575, 23.0673713684, -43.3561630249], [-80.1225662231, 95.3215713501, -96.1444396973, 5.37053155899, -29.6563034058, 30.9282455444, 13.768081665, -29.8711662292, 21.8338985443, 13.7609939575, 116.302947998, 0.636392891407, 11.4679288864], [86.3586807251, -75.424621582, 29.275182724, -31.7359714508, 9.9293088913, -7.58443260193, 2.5107023716, -5.47634887695, -26.5039749146, 23.0673713684, 0.636392891407, 79.3725585938, 5.73891401291], [-84.4127197266, 42.7551879883, -63.2942733765, 32.4453811646, 6.36372756958, 4.00909662247, -3.03137183189, 0.725206553936, 7.25169801712, -43.3561630249, 11.4679288864, 5.73891401291, 85.919052124]],
        "icov": [[0.000333051837515, -0.000388506421586, 0.000404216727475, -0.000662012607791, 0.000631364469882, -0.00112490379252, 0.000979651114903, -0.00102453643922, 0.00105503527448, -0.00101879076101, 0.000876006030012, -0.000824827817269, 0.000452274747659], [-0.000388506421586, 0.0023039970547, -0.000637447810732, 0.001255877316, -0.00210829614662, 0.00299873319454, -0.00279109645635, 0.00226537999697, -0.00234845932573, 0.002795021981, -0.00299492664635, 0.00262528890744, -0.000740408373531], [0.000404216727475, -0.000637447810732, 0.0025376107078, -0.00252233049832, 0.00105524575338, -0.00251961546019, 0.00234623951837, -0.00197467207909, 0.00162329257, -0.00250576622784, 0.00297328224406, -0.00247444608249, 0.00204205117188], [-0.000662012607791, 0.001255877316, -0.00252233049832, 0.00701803993434, -0.00329860858619, 0.00309113692492, -0.0019827967044, 0.00371898221783, -0.00498644448817, 0.00439979648218, -0.00368638173677, 0.00397415086627, -0.00291730556637], [0.000631364469882, -0.00210829614662, 0.00105524575338, -0.00329860858619, 0.00713707320392, -0.00399217288941, 0.00115355860908, -0.00370470574126, 0.00495281908661, -0.00439773732796, 0.00455060601234, -0.00309723662212, 0.000384373008274], [-0.00112490379252, 0.00299873319454, -0.00251961546019, 0.00309113692492, -0.00399217288941, 0.0133239030838, -0.00823199003935, 0.00580019922927, -0.00432810001075, 0.00625932682306, -0.00730080716312, 0.00562254758552, -0.00216350052506], [0.000979651114903, -0.00279109645635, 0.00234623951837, -0.0019827967044, 0.00115355860908, -0.00823199003935, 0.0132951345295, -0.00577518064529, 0.00481008319184, -0.00530342571437, 0.00393864279613, -0.00417781854048, 0.00231622904539], [-0.00102453643922, 0.00226537999697, -0.00197467207909, 0.00371898221783, -0.00370470574126, 0.00580019922927, -0.00577518064529, 0.0158519409597, -0.00926850084215, 0.00476542674005, -0.000717113900464, 0.00346722453833, -0.002275649691], [0.00105503527448, -0.00234845932573, 0.00162329257, -0.00498644448817, 0.00495281908661, -0.00432810001075, 0.00481008319184, -0.00926850084215, 0.0175348203629, -0.00640114722773, 0.00110287370626, -0.000127623905428, 0.000518323620781], [-0.00101879076101, 0.002795021981, -0.00250576622784, 0.00439979648218, -0.00439773732796, 0.00625932682306, -0.00530342571437, 0.00476542674005, -0.00640114722773, 0.0190171711147, -0.00775041803718, 0.000123974459711, 0.00506995106116], [0.000876006030012, -0.00299492664635, 0.00297328224406, -0.00368638173677, 0.00455060601234, -0.00730080716312, 0.00393864279613, -0.000717113900464, 0.00110287370626, -0.00775041803718, 0.0174649301916, -0.0053374171257, 0.000103366852272], [-0.000824827817269, 0.00262528890744, -0.00247444608249, 0.00397415086627, -0.00309723662212, 0.00562254758552, -0.00417781854048, 0.00346722453833, -0.000127623905428, 0.000123974459711, -0.0053374171257, 0.020202120766, -0.00621364731342], [0.000452274747659, -0.000740408373531, 0.00204205117188, -0.00291730556637, 0.000384373008274, -0.00216350052506, 0.00231622904539, -0.002275649691, 0.000518323620781, 0.00506995106116, 0.000103366852272, -0.00621364731342, 0.0181469134986]]
    },
    "melbands": {
        "dmean": [0.00129879510496, 0.00224245083518, 0.000665928411763, 0.000299029023154, 0.000128975356347, 7.44475983083e-05, 4.97724649904e-05, 4.07357401855e-05, 3.75356830773e-05, 4.53105276392e-05, 6.8272012868e-05, 6.074436169e-05, 4.70914965263e-05, 3.88674852729e-05, 3.32620620611e-05, 3.09595452563e-05, 4.1099054215e-05, 4.6735181968e-05, 3.57013959729e-05, 3.70389170712e-05, 2.78643456113e-05, 1.81780123967e-05, 1.34549463837e-05, 1.87094938155e-05, 2.40209683398e-05, 1.33360117616e-05, 9.65845265455e-06, 1.04780938273e-05, 9.16484077607e-06, 7.83528048487e-06, 6.67358608553e-06, 6.62934689899e-06, 9.08413312573e-06, 1.26552567963e-05, 1.50099403982e-05, 1.28387437144e-05, 1.43537308759e-05, 1.4437745449e-05, 1.00145934994e-05, 7.49776017983e-06],
        "dmean2": [0.00221556681208, 0.00389921548776, 0.00117973610759, 0.0005039559328, 0.000208841840504, 0.000123972859001, 8.329708362e-05, 6.69524233672e-05, 5.94716366322e-05, 7.46982332203e-05, 0.000107427658804, 9.4158887805e-05, 7.30195824872e-05, 5.94965385972e-05, 5.09484343638e-05, 4.84497068101e-05, 6.58352728351e-05, 7.31412146706e-05, 5.63134126423e-05, 5.7698762248e-05, 4.2293639126e-05, 2.86134163616e-05, 2.1847876269e-05, 2.9919692679e-05, 3.87477266486e-05, 2.12177474168e-05, 1.55172656378e-05, 1.67229354702e-05, 1.44512359839e-05, 1.24621165014e-05, 1.0581902643e-05, 1.02403600977e-05, 1.39070380101e-05, 1.93367886823e-05, 2.28229746426e-05, 1.98918751266e-05, 2.13676412386e-05, 2.23632414418e-05, 1.53391956701e-05, 1.11463023131e-05],
        "dvar": [5.68963559999e-06, 1.95839929802e-05, 1.80712504516e-06, 3.87991093476e-07, 6.92677986081e-08, 3.38620331775e-08, 1.48332102157e-08, 7.94645860225e-09, 8.77833450375e-09, 1.52778039109e-08, 3.22061168845e-08, 2.01637462283e-08, 1.13587939055e-08, 8.98806451488e-09, 8.35495495011e-09, 7.20478476879e-09, 9.28221854934e-09, 1.3580092606e-08, 8.09570899207e-09, 1.15819522861e-08, 7.3644979004e-09, 2.47483078475e-09, 6.69095612249e-10, 2.80741119241e-09, 3.17177573095e-09, 6.28923746415e-10, 3.68913261051e-10, 4.35286473532e-10, 3.67339131335e-10, 2.93588209299e-10, 4.08008238306e-10, 6.49302944744e-10, 1.32584310197e-09, 2.84075207801e-09, 4.74166528264e-09, 3.05190828165e-09, 3.05043368343e-09, 4.10792111438e-09, 1.96784277762e-09, 1.78134462736e-09],
        "dvar2": [1.60131712619e-05, 5.54124781047e-05, 5.05199841427e-06, 1.04299522263e-06, 1.67023983977e-07, 8.70448246815e-08, 3.71893520423e-08, 2.01837817571e-08, 2.02395309401e-08, 4.00845934223e-08, 7.68842980392e-08, 4.54249686754e-08, 2.61294417214e-08, 2.03170724689e-08, 1.85558555188e-08, 1.56330361989e-08, 2.14049737934e-08, 2.94914581644e-08, 1.93156299844e-08, 2.61755115361e-08, 1.48069760897e-08, 5.32096811057e-09, 1.61979263336e-09, 6.29407992392e-09, 7.81856179799e-09, 1.48591960958e-09, 9.26006382684e-10, 9.08987218828e-10, 8.55687465329e-10, 6.86214141066e-10, 9.25670817775e-10, 1.49253176485e-09, 2.80777801009e-09, 6.06405414771e-09, 1.12927436291e-08, 7.36825578329e-09, 6.46451425723e-09, 9.56476498004e-09, 4.34619584766e-09, 4.00176780602e-09],
        "max": [0.0290805250406, 0.0500797778368, 0.0176558177918, 0.0140984151512, 0.00623231148347, 0.00529051432386, 0.00241929572076, 0.00191635743249, 0.00200955499895, 0.00257143937051, 0.00281299510971, 0.00290800374933, 0.00228424789384, 0.00223075272515, 0.00219560367987, 0.00202043890022, 0.00205490761437, 0.00252554332837, 0.00171794719063, 0.00268330797553, 0.00318378559314, 0.00215184758417, 0.000813500315417, 0.00176919624209, 0.00226638908498, 0.00045512849465, 0.00068622501567, 0.000812384067103, 0.000461410090793, 0.000368992856238, 0.000628381734714, 0.000748427410144, 0.00116538011935, 0.00162661750801, 0.00284526729956, 0.00208808318712, 0.00141242728569, 0.00164837960619, 0.00141836481635, 0.00153815466911],
        "mean": [0.00187811453361, 0.00312486547045, 0.000792152888607, 0.000389253691537, 0.000198936351808, 9.57905722316e-05, 6.62726015435e-05, 5.93668046349e-05, 5.22068839928e-05, 6.30519207334e-05, 9.45888459682e-05, 8.92470634426e-05, 7.6430507761e-05, 5.99378654442e-05, 5.418179353e-05, 4.74628832308e-05, 5.92786964262e-05, 6.76046256558e-05, 5.19731183886e-05, 5.59196014365e-05, 4.40964431618e-05, 3.17882258969e-05, 2.45906139753e-05, 3.1139330531e-05, 4.0059821913e-05, 2.46071922447e-05, 1.80670449481e-05, 1.81650229933e-05, 1.58441725944e-05, 1.37325787364e-05, 1.1262278349e-05, 1.06923389467e-05, 1.49762681758e-05, 2.11992883123e-05, 2.5066859962e-05, 2.30636978813e-05, 2.59678545262e-05, 2.35488387261e-05, 1.60155777849e-05, 1.10380451588e-05],
        "median": [0.001253755996, 0.00180294376332, 0.000457563844975, 0.000201593851671, 0.00010797707364, 4.22949597123e-05, 2.37089698203e-05, 2.07300417969e-05, 1.73933221959e-05, 2.33581977227e-05, 2.41550569626e-05, 2.29321813094e-05, 2.17706183321e-05, 1.71956653503e-05, 1.23467179947e-05, 1.37618699227e-05, 1.95057309611e-05, 1.892725777e-05, 1.68779442902e-05, 1.63326621987e-05, 1.44201321746e-05, 1.45367712321e-05, 1.48163790072e-05, 1.59013543453e-05, 1.80759525392e-05, 1.40138708957e-05, 1.1724813703e-05, 1.0791081877e-05, 8.4562725533e-06, 6.92610592523e-06, 5.32045351065e-06, 3.65266828339e-06, 4.82047516925e-06, 6.94749769536e-06, 8.07163996797e-06, 7.10898029865e-06, 7.19216041034e-06, 5.44416070625e-06, 3.4794709336e-06, 1.89053241684e-06],
        "min": [9.81744732954e-24, 5.84573067584e-24, 6.13481348772e-24, 9.33930374653e-24, 6.62300952525e-24, 6.07042547735e-24, 1.2905863017e-23, 1.15281584668e-23, 3.11826997068e-23, 1.6661458604e-23, 1.06256660925e-23, 7.26883180455e-24, 1.35470815041e-23, 8.77272096743e-24, 1.22035362088e-23, 3.0135827643e-23, 1.14065453031e-23, 1.07495921964e-23, 1.49844302496e-23, 7.65652696276e-24, 1.21901090073e-23, 1.01494299752e-23, 1.02864164602e-23, 1.03842091801e-23, 5.24930607756e-24, 6.53517932978e-24, 1.07091962072e-23, 6.41452897079e-24, 8.10631099622e-24, 9.38730908805e-24, 1.49714219333e-23, 1.00498686292e-23, 1.26129274085e-23, 1.03622938353e-23, 1.41022691874e-23, 9.52554118448e-24, 9.45600703999e-24, 1.04452843691e-23, 9.34099664203e-24, 1.2240297127e-23],
        "var": [5.6740382206e-06, 1.74817796506e-05, 1.37269410061e-06, 4.01882346068e-07, 1.10690194788e-07, 3.59356100432e-08, 1.78161627673e-08, 1.1520154608e-08, 1.30606370163e-08, 1.89966389286e-08, 4.89376859036e-08, 4.03981310626e-08, 2.66892001832e-08, 1.74307679401e-08, 1.93541112026e-08, 1.470828348e-08, 1.39392630771e-08, 2.30108572197e-08, 1.20612195786e-08, 2.05844301604e-08, 1.5518178742e-08, 5.67947289198e-09, 1.40306932739e-09, 4.74251660165e-09, 5.4727986587e-09, 1.19829446366e-09, 6.24979290542e-10, 8.74248673455e-10, 6.71631084082e-10, 5.60090418489e-10, 7.26736171242e-10, 1.1347730533e-09, 2.61874788521e-09, 5.04682118319e-09, 6.83256606848e-09, 4.99378449703e-09, 6.74504763154e-09, 7.83978748586e-09, 3.6813374571e-09, 3.10844816553e-09]
    },
    "mfcc": {
        "mean": [-599.888061523, 58.417098999, 15.1933078766, 25.7528858185, 20.9339160919, 13.6358127594, 8.88416004181, 13.1912698746, -0.323619455099, 9.91785144806, -4.87486839294, -1.0699698925, -4.67077636719],
        "cov": [[2807.31982422, -196.9584198, -111.275993347, -108.140098572, -46.3118667603, 28.3824176788, 74.2262649536, -3.71817064285, -4.95014572144, 8.66559314728, 10.8717346191, 2.88161444664, 95.168182373], [-196.9584198, 829.811157227, -211.674438477, 62.0757827759, -1.0465246439, 42.4318084717, 109.431137085, 39.7889595032, -6.07534074783, 56.8672294617, -0.910667061806, 6.97754478455, -11.4572324753], [-111.275993347, -211.674438477, 699.262634277, 139.313873291, 130.331481934, 26.3223934174, -83.0519866943, -5.48665618896, 31.9443016052, -18.7695522308, 59.2663078308, 34.3059997559, -16.6895275116], [-108.140098572, 62.0757827759, 139.313873291, 295.457855225, 130.436630249, 15.6002588272, -8.81381034851, 13.3295202255, 53.8062095642, -2.56367778778, -4.42058706284, 22.3300323486, -8.20917606354], [-46.3118667603, -1.0465246439, 130.331481934, 130.436630249, 220.517150879, 27.7580242157, 8.02137756348, 22.9461193085, 40.2117385864, 7.79159975052, -12.0486822128, -3.83861994743, -10.1190662384], [28.3824176788, 42.4318084717, 26.3223934174, 15.6002588272, 27.7580242157, 192.520202637, 95.4088287354, 19.2091503143, -15.8180236816, 5.36472463608, 15.365603447, -5.98555660248, 1.54845798016], [74.2262649536, 109.431137085, -83.0519866943, -8.81381034851, 8.02137756348, 95.4088287354, 176.406997681, 39.2004089355, 3.58305740356, 7.93760633469, -2.53103518486, -8.98915576935, -1.22706675529], [-3.71817064285, 39.7889595032, -5.48665618896, 13.3295202255, 22.9461193085, 19.2091503143, 39.2004089355, 100.577766418, 40.1316452026, 14.9163970947, -11.5659818649, -14.4912986755, -4.32609653473], [-4.95014572144, -6.07534074783, 31.9443016052, 53.8062095642, 40.2117385864, -15.8180236816, 3.58305740356, 40.1316452026, 107.798400879, 22.1707782745, -5.19640922546, -9.32836341858, -8.35387802124], [8.66559314728, 56.8672294617, -18.7695522308, -2.56367778778, 7.79159975052, 5.36472463608, 7.93760633469, 14.9163970947, 22.1707782745, 80.7063598633, 22.1625328064, 2.93743753433, -5.85956430435], [10.8717346191, -0.910667061806, 59.2663078308, -4.42058706284, -12.0486822128, 15.365603447, -2.53103518486, -11.5659818649, -5.19640922546, 22.1625328064, 88.5957107544, 34.3492393494, 11.9125289917], [2.88161444664, 6.97754478455, 34.3059997559, 22.3300323486, -3.83861994743, -5.98555660248, -8.98915576935, -14.4912986755, -9.32836341858, 2.93743753433, 34.3492393494, 77.8347320557, 30.9838352203], [95.168182373, -11.4572324753, -16.6895275116, -8.20917606354, -10.1190662384, 1.54845798016, -1.22706675529, -4.32609653473, -8.35387802124, -5.85956430435, 11.9125289917, 30.9838352203, 74.5190963745]],
