{
"lowlevel": {
    "average_loudness": 0.964164435863,
    "barkbands_crest": {
        "dmean": 2.54542279243,
        "dmean2": 4.15487957001,
        "dvar": 5.0206952095,
        "dvar2": 12.9909324646,
        "max": 23.9549369812,
        "mean": 8.97994709015,
        "median": 8.26986122131,
        "min": 2.34517884254,
        "var": 13.2970438004
    },
    "barkbands_flatness_db": {
        "dmean": 0.0195453669876,
        "dmean2": 0.030821505934,
        "dvar": 0.000303150358377,
        "dvar2": 0.000716855633073,
        "max": 0.300709396601,
        "mean": 0.154645547271,
        "median": 0.151242658496,
        "min": 0.0386677160859,
        "var": 0.0011446318822
    },
    "barkbands_kurtosis": {
        "dmean": 1.86104333401,
        "dmean2": 2.93711066246,
        "dvar": 9.6558637619,
        "dvar2": 22.6418170929,
        "max": 72.8594818115,
        "mean": 2.27197551727,
        "median": 0.689193248749,
        "min": -1.89242863655,
        "var": 22.1993026733
    },
    "barkbands_skewness": {
        "dmean": 0.462216377258,
        "dmean2": 0.696166694164,
        "dvar": 0.218414828181,
        "dvar2": 0.487306088209,
        "max": 7.12321329117,
        "mean": 1.00679314137,
        "median": 0.879070878029,
        "min": -3.41551995277,
        "var": 1.13755857944
    },
    "barkbands_spread": {
        "dmean": 4.97784280777,
        "dmean2": 7.69059705734,
        "dvar": 34.2633514404,
        "dvar2": 73.0068206787,
        "max": 95.0466537476,
        "mean": 20.6339378357,
        "median": 18.8315353394,
        "min": 2.16854143143,
        "var": 119.588638306
    },
    "dissonance": {
        "dmean": 0.0185674671084,
        "dmean2": 0.0314150862396,
        "dvar": 0.000320343970088,
        "dvar2": 0.000862693821546,
        "max": 0.500000059605,
        "mean": 0.466477245092,
        "median": 0.472891330719,
        "min": 0.267825603485,
        "var": 0.000663706159685
    },
    "dynamic_complexity": 2.4938788414,
    "erbbands_crest": {
        "dmean": 2.76284360886,
        "dmean2": 4.46976995468,
        "dvar": 6.65526723862,
        "dvar2": 16.2953586578,
        "max": 30.66522789,
        "mean": 9.67864227295,
        "median": 8.63015556335,
        "min": 2.41530990601,
        "var": 20.1733131409
    },
    "erbbands_flatness_db": {
        "dmean": 0.0179424285889,
        "dmean2": 0.0262460242957,
        "dvar": 0.000267103401711,
        "dvar2": 0.000527688942384,
        "max": 0.379279583693,
        "mean": 0.194874316454,
        "median": 0.196107506752,
        "min": 0.0793979540467,
        "var": 0.00166930945124
    },
    "erbbands_kurtosis": {
        "dmean": 0.918396949768,
        "dmean2": 1.43774402142,
        "dvar": 1.34266233444,
        "dvar2": 3.12985277176,
        "max": 18.241607666,
        "mean": 0.629520475864,
        "median": 0.0253946781158,
        "min": -1.75339865685,
        "var": 3.87933731079
    },
    "erbbands_skewness": {
        "dmean": 0.365095436573,
        "dmean2": 0.554495930672,
        "dvar": 0.113973587751,
        "dvar2": 0.246147349477,
        "max": 3.55505180359,
        "mean": 0.345957756042,
        "median": 0.346816420555,
        "min": -2.90224552155,
        "var": 0.571033656597
    },
    "erbbands_spread": {
        "dmean": 6.85884618759,
        "dmean2": 10.3709430695,
        "dvar": 68.181098938,
        "dvar2": 147.197784424,
        "max": 126.08429718,
        "mean": 31.4929180145,
        "median": 28.928850174,
        "min": 4.39743471146,
        "var": 252.641555786
    },
    "hfc": {
        "dmean": 6.824426651,
        "dmean2": 9.81958961487,
        "dvar": 113.058029175,
        "dvar2": 220.845916748,
        "max": 275.20199585,
        "mean": 21.4947986603,
        "median": 16.931470871,
        "min": 1.15528358923e-16,
        "var": 348.566192627
    },
    "melbands_crest": {
        "dmean": 3.31059551239,
        "dmean2": 5.42700719833,
        "dvar": 8.65587329865,
        "dvar2": 23.300245285,
        "max": 32.4693183899,
        "mean": 12.3674640656,
        "median": 11.5392026901,
        "min": 2.99038267136,
        "var": 23.5970306396
    },
    "melbands_flatness_db": {
        "dmean": 0.0228053890169,
        "dmean2": 0.0345909781754,
        "dvar": 0.000483442010591,
        "dvar2": 0.00105219800025,
        "max": 0.366997301579,
        "mean": 0.171399310231,
        "median": 0.166601881385,
        "min": 0.00971603859216,
        "var": 0.00259839766659
    },
    "melbands_kurtosis": {
        "dmean": 4.13139009476,
        "dmean2": 6.51709222794,
        "dvar": 68.6342086792,
        "dvar2": 166.145401001,
        "max": 276.697814941,
        "mean": 7.15395307541,
        "median": 3.30939555168,
        "min": -1.78010797501,
        "var": 141.032348633
    },
    "melbands_skewness": {
        "dmean": 0.5756508708,
        "dmean2": 0.882005751133,
        "dvar": 0.40592738986,
        "dvar2": 0.92789709568,
        "max": 13.9232931137,
        "mean": 1.78092455864,
        "median": 1.52420115471,
        "min": -2.27288532257,
        "var": 1.89863038063
    },
    "melbands_spread": {
        "dmean": 7.18493509293,
        "dmean2": 10.7520456314,
        "dvar": 83.2661972046,
        "dvar2": 161.128601074,
        "max": 215.55607605,
        "mean": 27.8642272949,
        "median": 24.2283782959,
        "min": 1.59891021252,
        "var": 361.724884033
    },
    "pitch_salience": {
        "dmean": 0.0675156861544,
        "dmean2": 0.110062710941,
        "dvar": 0.00354360044003,
        "dvar2": 0.00921677239239,
        "max": 0.851381480694,
        "mean": 0.591377496719,
        "median": 0.594252586365,
        "min": 0.160847768188,
        "var": 0.0104079842567
    },
    "silence_rate_20dB": {
        "dmean": 0,
        "dmean2": 0,
        "dvar": 0,
        "dvar2": 0,
        "max": 1,
        "mean": 1,
        "median": 1,
        "min": 1,
        "var": 0
    },
    "silence_rate_30dB": {
        "dmean": 0,
        "dmean2": 0,
        "dvar": 0,
        "dvar2": 0,
        "max": 1,
        "mean": 1,
        "median": 1,
        "min": 1,
        "var": 0
    },
    "silence_rate_60dB": {
        "dmean": 0.0145302303135,
        "dmean2": 0.0290640387684,
        "dvar": 0.014319899492,
        "dvar2": 0.0341283753514,
        "max": 1,
        "mean": 0.0247475989163,
        "median": 0,
        "min": 0,
        "var": 0.0241346210241
    },
    "spectral_centroid": {
        "dmean": 233.629302979,
        "dmean2": 343.362121582,
        "dvar": 71641.3125,
        "dvar2": 131069.890625,
        "max": 10795.6894531,
        "mean": 1436.14489746,
        "median": 1377.22253418,
        "min": 223.348678589,
        "var": 388572.9375
    },
    "spectral_complexity": {
        "dmean": 3.90001225471,
        "dmean2": 5.70911312103,
        "dvar": 17.0521850586,
        "dvar2": 30.7712898254,
        "max": 55,
        "mean": 20.0269641876,
        "median": 19,
        "min": 0,
        "var": 84.0071182251
    },
    "spectral_decrease": {
        "dmean": 1.8251729017e-09,
        "dmean2": 2.84067724898e-09,
        "dvar": 6.86439057332e-18,
        "dvar2": 1.68114119744e-17,
        "max": -6.4399546407e-29,
        "mean": -5.29447730102e-09,
        "median": -4.85938134176e-09,
        "min": -4.58589823893e-08,
        "var": 1.24252743686e-17
    },
    "spectral_energy": {
        "dmean": 0.00739300064743,
        "dmean2": 0.0114503540099,
        "dvar": 0.000110162727651,
        "dvar2": 0.000266087357886,
        "max": 0.180892154574,
        "mean": 0.0219322498888,
        "median": 0.0202860496938,
        "min": 1.07218117023e-20,
        "var": 0.000207322256756
    },
    "spectral_energyband_high": {
        "dmean": 0.00031779249548,
        "dmean2": 0.000449984712759,
        "dvar": 7.87176986705e-07,
        "dvar2": 1.39320945891e-06,
        "max": 0.044097840786,
        "mean": 0.000680691795424,
        "median": 0.000364757201169,
        "min": 7.88417184215e-21,
        "var": 2.02977525987e-06
    },
    "spectral_energyband_low": {
        "dmean": 0.00258743949234,
        "dmean2": 0.00431232526898,
        "dvar": 3.06101719616e-05,
        "dvar2": 8.21561261546e-05,
        "max": 0.108050584793,
        "mean": 0.00412597088143,
        "median": 0.00234565138817,
        "min": 2.24707697806e-22,
        "var": 3.90980312659e-05
    },
    "spectral_energyband_middle_high": {
        "dmean": 0.00277058850043,
        "dmean2": 0.00404374441132,
        "dvar": 1.91175840882e-05,
        "dvar2": 3.93797818106e-05,
        "max": 0.0674374178052,
        "mean": 0.00767841143534,
        "median": 0.00459084101021,
        "min": 1.61649004515e-21,
        "var": 6.41219230602e-05
    },
    "spectral_energyband_middle_low": {
        "dmean": 0.0046052467078,
        "dmean2": 0.00724838441238,
        "dvar": 5.16556683579e-05,
        "dvar2": 0.000129213978653,
        "max": 0.120536766946,
        "mean": 0.0104166911915,
        "median": 0.00751892616972,
        "min": 2.93376158961e-22,
        "var": 8.99176957319e-05
    },
    "spectral_entropy": {
        "dmean": 0.143749728799,
        "dmean2": 0.211650982499,
        "dvar": 0.0221083164215,
        "dvar2": 0.043649006635,
        "max": 9.81142902374,
        "mean": 7.60664415359,
        "median": 7.61605358124,
        "min": 6.33399200439,
        "var": 0.0963516831398
    },
    "spectral_flux": {
        "dmean": 0.0242430288345,
        "dmean2": 0.0376936905086,
        "dvar": 0.000709837535396,
        "dvar2": 0.00155285187066,
        "max": 0.363903045654,
        "mean": 0.0859313234687,
        "median": 0.0790765732527,
        "min": 1.03546178576e-10,
        "var": 0.00169057224412
    },
    "spectral_kurtosis": {
        "dmean": 1.54627811909,
        "dmean2": 2.59806489944,
        "dvar": 2.2045314312,
        "dvar2": 6.16022491455,
        "max": 19.7464904785,
        "mean": 3.67672133446,
        "median": 3.29736042023,
        "min": -1.34819364548,
        "var": 4.94031524658
    },
    "spectral_rms": {
        "dmean": 0.000743683835026,
        "dmean2": 0.00112094229553,
        "dvar": 7.54077404963e-07,
        "dvar2": 1.65152948739e-06,
        "max": 0.013284583576,
        "mean": 0.00437905406579,
        "median": 0.00444873794913,
        "min": 3.23423926529e-12,
        "var": 2.22117523663e-06
    },
    "spectral_rolloff": {
        "dmean": 407.524536133,
        "dmean2": 655.302368164,
        "dvar": 606622,
        "dvar2": 1221401.875,
        "max": 18195.5566406,
        "mean": 1669.64038086,
        "median": 1550.390625,
        "min": 43.06640625,
        "var": 1607844.125
    },
    "spectral_skewness": {
        "dmean": 0.21581082046,
        "dmean2": 0.340964525938,
        "dvar": 0.0374309271574,
        "dvar2": 0.0896543934941,
        "max": 3.33814692497,
        "mean": 1.37594425678,
        "median": 1.35722637177,
        "min": -0.519461989403,
        "var": 0.158097222447
    },
    "spectral_spread": {
        "dmean": 501366.90625,
        "dmean2": 723832.875,
        "dvar": 511929319424,
        "dvar2": 795452440576,
        "max": 41321600,
        "mean": 3933004.25,
        "median": 3641562,
        "min": 1345012.375,
        "var": 1.6941818839e+12
    },
    "spectral_strongpeak": {
        "dmean": 0.743522107601,
        "dmean2": 1.24066317081,
        "dvar": 1.22252345085,
        "dvar2": 3.07651925087,
        "max": 11.8400478363,
        "mean": 1.41285920143,
        "median": 0.866129875183,
        "min": 0,
        "var": 2.67792367935
    },
    "zerocrossingrate": {
        "dmean": 0.00918571185321,
        "dmean2": 0.0105672003701,
        "dvar": 0.000164004901308,
        "dvar2": 0.000162985335919,
        "max": 0.5634765625,
        "mean": 0.0622839964926,
        "median": 0.05810546875,
        "min": 0.00634765625,
        "var": 0.00103462394327
    },
    "barkbands": {
        "dmean": [9.9368597148e-05, 0.00119629653636, 0.00125087669585, 0.00128453061916, 0.0012946597999, 0.00106065487489, 0.000649274443276, 0.00115820765495, 0.00106133276131, 0.000929355446715, 0.000592086289544, 0.000486441800604, 0.00035596973612, 0.000525353185367, 0.000548224779777, 0.000494206615258, 0.000327518151607, 0.000291673786705, 0.000178024391062, 0.000117000614409, 0.000108356573037, 6.99678494129e-05, 6.06335997873e-05, 4.97753753734e-05, 3.11576404783e-05, 5.98513807404e-08, 8.62238391797e-10],
        "dmean2": [0.000160221170518, 0.00199400470592, 0.00209101499058, 0.00228774920106, 0.00211479328573, 0.00161034008488, 0.00105597916991, 0.0018242620863, 0.00170040386729, 0.0014502920676, 0.000921989791095, 0.000791249040049, 0.000567389011849, 0.000835452752654, 0.000857767881826, 0.000753799511585, 0.000501050439198, 0.000450627936516, 0.000271800352493, 0.000177391120815, 0.000159858260304, 0.000103895152279, 8.9789784397e-05, 7.32341504772e-05, 4.81222195958e-05, 1.03973619048e-07, 1.60772939406e-09],
        "dvar": [3.60828025237e-08, 6.65979223413e-06, 8.5894125732e-06, 1.8033764718e-05, 6.37206312604e-06, 5.26913072463e-06, 3.69465146832e-06, 5.11086636834e-06, 4.92700428367e-06, 4.94270989293e-06, 2.08401729651e-06, 1.57586543992e-06, 5.50168522295e-07, 1.78952564056e-06, 1.42774308642e-06, 1.4068798464e-06, 6.02381419412e-07, 4.97031408031e-07, 2.30668590007e-07, 8.35854976344e-08, 9.61068664651e-08, 5.68815679003e-08, 7.2215712521e-08, 4.58878979259e-08, 1.54238382066e-08, 5.77247939119e-14, 1.63010828955e-18],
        "dvar2": [9.09173252239e-08, 1.81326595339e-05, 2.20911515498e-05, 5.0712711527e-05, 1.56648329721e-05, 1.08757594717e-05, 9.32789134822e-06, 1.18979078252e-05, 1.21118255265e-05, 1.09993470687e-05, 4.65517177872e-06, 3.82499911211e-06, 1.22737492347e-06, 4.25185498898e-06, 3.35276422447e-06, 3.00490660265e-06, 1.29047703012e-06, 1.10402504561e-06, 5.24376389421e-07, 1.62093215295e-07, 1.88026447745e-07, 1.07191965526e-07, 1.55267755986e-07, 8.99444927427e-08, 3.51989655201e-08, 1.58827676488e-13, 5.21113859741e-18],
        "max": [0.00281852949411, 0.0427872538567, 0.0564965605736, 0.085026435554, 0.0400827676058, 0.0576825626194, 0.0482650250196, 0.0478551238775, 0.0379302613437, 0.0500287674367, 0.0331120118499, 0.0309232510626, 0.0184425860643, 0.0290359072387, 0.0235953964293, 0.0208233203739, 0.0184775516391, 0.0308555383235, 0.0253638532013, 0.0201274976134, 0.0162910614163, 0.0127554377541, 0.0111318025738, 0.00873144622892, 0.00511626852676, 6.03965645496e-06, 1.52752814842e-08],
        "mean": [0.000129069885588, 0.00175075081643, 0.00154000485782, 0.00126550090499, 0.00215588253923, 0.00205944548361, 0.000935106247198, 0.00187340716366, 0.00165538757574, 0.00157446833327, 0.000939526536968, 0.000769705220591, 0.000551005534362, 0.000713369692676, 0.00087090570014, 0.00084144808352, 0.000618907099124, 0.000560681568459, 0.000340123078786, 0.00023130828049, 0.000216176937101, 0.000123786725453, 0.000102992758912, 7.72365601733e-05, 3.60058293154e-05, 4.79097259642e-08, 7.03162084115e-10],
        "median": [3.67863431165e-05, 0.000774067186285, 0.000633111805655, 0.000473286956549, 0.000836320919916, 0.000684016325977, 0.000314059318043, 0.000679043820128, 0.000605321896728, 0.000485396245494, 0.000250800570939, 0.000224846822675, 0.00020196379046, 0.000188442209037, 0.000259052729234, 0.000181228126166, 0.000189140904695, 0.000201247021323, 0.000144309480675, 0.000109803513624, 8.70736403158e-05, 5.16259824508e-05, 4.24393474532e-05, 2.56873936451e-05, 9.7754127637e-06, 6.25037888113e-09, 2.71680067332e-10],
        "min": [1.38681289599e-23, 5.29723884388e-23, 1.40718421912e-22, 2.14988104728e-23, 6.88469709116e-23, 4.07419268296e-23, 5.18140945054e-23, 4.62516406251e-23, 5.28321289699e-23, 3.94893861061e-23, 1.33665487927e-22, 4.79880244517e-23, 5.47295287736e-23, 1.050561724e-22, 1.66236810019e-22, 1.36241402772e-22, 1.98713796968e-22, 3.45879863048e-22, 2.5167646664e-22, 2.50999106491e-22, 4.61371952094e-22, 5.19835001759e-22, 6.57134109233e-22, 1.02323261612e-21, 9.46191829029e-22, 1.76545626657e-21, 2.52993311518e-21],
        "var": [6.05914891594e-08, 8.6416312115e-06, 9.21983792068e-06, 1.20529921332e-05, 1.20214808703e-05, 1.4931257283e-05, 4.93857442052e-06, 1.04249120341e-05, 9.59221961239e-06, 1.14290196507e-05, 5.07672984895e-06, 3.03300703308e-06, 1.14868373657e-06, 2.61963555204e-06, 2.69723295787e-06, 3.69429358216e-06, 1.72929514974e-06, 1.13050737127e-06, 4.06862000091e-07, 1.85175423439e-07, 2.24434444362e-07, 1.11755710464e-07, 1.63120347452e-07, 1.04918221666e-07, 1.91557383289e-08, 4.22018411157e-14, 1.28320662842e-18]
    },
    "erbbands": {
        "dmean": [0.0355354659259, 0.28824570775, 1.17640852928, 3.20805811882, 3.76601195335, 4.5089468956, 7.78278493881, 8.51216125488, 8.68251514435, 12.8241491318, 26.3474254608, 25.9434165955, 23.825094223, 28.8064594269, 23.9148311615, 18.2587890625, 15.8510599136, 19.8419895172, 33.4431915283, 21.7664108276, 24.2699966431, 15.7333526611, 15.3882293701, 11.7841300964, 6.1488237381, 5.5948843956, 4.83111190796, 3.71577572823, 2.57032775879, 2.09041810036, 1.76074063778, 1.23770272732, 0.734812676907, 0.436956048012, 0.173747837543, 0.011010190472, 0.000292127748253, 2.16810567508e-05, 6.45131513011e-06, 9.19181456993e-06],
        "dmean2": [0.0605785064399, 0.473756223917, 1.96676325798, 5.57424688339, 6.58265018463, 7.3283367157, 11.4356222153, 13.2026500702, 13.9090471268, 20.2342510223, 40.8219947815, 41.6993522644, 36.7253494263, 44.5610618591, 37.2223205566, 28.9257717133, 25.0144252777, 30.8850765228, 51.6767272949, 33.2727355957, 36.2607498169, 23.3187255859, 23.3359470367, 17.9410171509, 9.30726051331, 8.49353122711, 7.20507001877, 5.44300889969, 3.8190972805, 3.17847847939, 2.64917778969, 1.81839931011, 1.07849788666, 0.669752657413, 0.275233745575, 0.0177387446165, 0.000462019903352, 3.31172959704e-05, 9.69578195509e-06, 1.40948850458e-05],
        "dvar": [0.00519473757595, 0.417582035065, 7.01765441895, 102.810974121, 98.6669540405, 95.8964691162, 359.055969238, 390.078552246, 725.130065918, 811.373657227, 2875.81396484, 3027.60766602, 4516.89648438, 4792.74121094, 3193.3815918, 2343.68383789, 1133.50305176, 2248.29541016, 5930.31689453, 2459.43115234, 3685.7199707, 1320.69140625, 1671.4185791, 848.386962891, 264.927215576, 185.727783203, 156.189498901, 127.909194946, 72.735534668, 69.7638931274, 71.1517333984, 34.4135360718, 8.32715320587, 3.44142794609, 0.43179577589, 0.00136952032335, 9.67980099631e-07, 5.0776098881e-09, 1.65952349085e-10, 1.69725664079e-10],
        "dvar2": [0.0150469178334, 1.10213971138, 18.3718700409, 281.151184082, 275.864074707, 233.153610229, 654.857055664, 845.049621582, 1804.64111328, 1932.69396973, 6711.67919922, 7455.51611328, 10438.0751953, 10729.0625, 7286.20996094, 5646.15380859, 2489.94628906, 5301.79882812, 14042.8525391, 5447.06005859, 7809.43701172, 2673.04418945, 3785.5090332, 1901.0255127, 524.974853516, 372.42666626, 312.411651611, 246.055862427, 130.042510986, 145.542175293, 164.675292969, 71.2492294312, 15.2896766663, 7.7651515007, 1.01431334019, 0.00332026928663, 2.28175213124e-06, 1.14474794088e-08, 3.57744139867e-10, 3.95260157937e-10],
        "max": [0.863112092018, 11.9697446823, 53.1732025146, 210.807022095, 207.818954468, 197.874908447, 532.401794434, 587.982543945, 809.557922363, 647.600585938, 1294.04650879, 1154.44445801, 1998.59667969, 1435.17358398, 1362.40795898, 1232.01965332, 966.770202637, 889.239807129, 1639.52819824, 982.113525391, 1245.88500977, 972.913452148, 2016.01525879, 1285.00866699, 701.011291504, 922.028564453, 574.299499512, 613.470031738, 464.631988525, 419.924591064, 369.884429932, 204.529922485, 127.874908447, 80.9113769531, 23.6195964813, 0.933939993382, 0.0287610068917, 0.0023995351512, 0.000451286643511, 0.000233852231759],
        "mean": [0.0471866205335, 0.413851261139, 1.54968392849, 3.46255493164, 4.50102806091, 7.2130947113, 16.1517162323, 15.5551891327, 13.9571619034, 20.857334137, 43.0150032043, 42.6791534424, 40.7104110718, 49.3476409912, 41.5912628174, 31.150390625, 26.1880741119, 31.008769989, 53.140789032, 38.213104248, 44.9951667786, 33.725944519, 31.4517345428, 23.8963794708, 12.8289794922, 11.2439985275, 9.92086315155, 7.23017644882, 4.62294197083, 3.52697682381, 2.89499926567, 1.95712995529, 1.0931507349, 0.542688906193, 0.180695980787, 0.0108379051089, 0.000320565595757, 2.9464965337e-05, 1.67908838193e-05, 2.77661656582e-05],
        "median": [0.0183913912624, 0.181411504745, 0.706644654274, 1.43662309647, 2.09261417389, 2.39446163177, 4.41037988663, 5.59617042542, 5.11688899994, 8.05612945557, 17.1961555481, 17.1508159637, 15.2237052917, 15.0788536072, 12.437166214, 10.7623443604, 10.5079193115, 10.824005127, 16.0111618042, 14.0254735947, 10.8459062576, 10.5435276031, 11.6203584671, 9.46279239655, 6.44329738617, 5.41327857971, 4.35915660858, 2.81535744667, 1.98425269127, 1.47896027565, 1.15389859676, 0.678649663925, 0.339873254299, 0.157679587603, 0.0403835847974, 0.00213241996244, 8.57000559336e-05, 1.23048157548e-05, 1.40771480801e-05, 2.54722654063e-05],
        "min": [1.45231397963e-21, 1.41040756789e-20, 1.34231767878e-19, 1.36414865535e-19, 1.30995759773e-19, 2.76064911995e-19, 1.76091966559e-19, 4.1822238846e-19, 7.02100822671e-19, 1.23619774742e-18, 5.89434739037e-19, 1.26786883871e-18, 1.17165584275e-18, 3.4950829335e-18, 3.65749736523e-18, 2.16475379013e-18, 2.2019510683e-18, 3.586861104e-18, 6.45904808493e-18, 9.0053945605e-18, 1.04246148072e-17, 1.1894767873e-17, 1.86177874894e-17, 1.23002774519e-17, 1.24519931296e-17, 1.15359758008e-17, 1.77347093197e-17, 1.68324753015e-17, 2.00560378533e-17, 1.33015340884e-17, 1.92164015551e-17, 2.41699279856e-17, 1.50440280991e-17, 8.8959990973e-18, 8.58083335775e-18, 5.68654121573e-18, 3.49627490076e-18, 1.52127768732e-18, 3.80277959401e-19, 3.31072513202e-20],
        "var": [0.00653451029211, 0.517451047897, 7.81403779984, 75.9019470215, 78.4019012451, 177.60496521, 1332.9395752, 972.937927246, 1052.78808594, 1549.24853516, 5544.40966797, 6146.22509766, 7609.79443359, 12777.6376953, 8155.53515625, 4494.08935547, 2432.97460938, 3665.43603516, 9987.01074219, 4446.65234375, 10110.6308594, 4422.25048828, 3584.14379883, 1700.27636719, 557.282287598, 413.003570557, 402.996887207, 268.170898438, 147.66229248, 132.377044678, 147.106307983, 72.4670715332, 21.2908878326, 4.70616960526, 0.465486168861, 0.00138500053436, 1.077918796e-06, 6.74555344915e-09, 2.9572483351e-10, 3.38454653193e-10]
    },
    "gfcc": {
        "mean": [-15.3904390335, 114.348640442, -157.709381104, 44.2572212219, -76.1445159912, 19.4009132385, -37.5017433167, 7.20450496674, -13.1059656143, -11.4587163925, -4.77867507935, -17.0955619812, 4.23069906235],
        "cov": [[2562.04956055, -339.505065918, -274.757659912, 196.452056885, 41.9130058289, 43.0417861938, -75.9243469238, 101.745162964, -19.5219364166, 66.2411346436, -55.6442527771, 28.529340744, -3.25478005409], [-339.505065918, 778.560424805, 229.794311523, -2.59658241272, 164.483703613, -54.5681228638, 107.988098145, -82.3866195679, 31.6455593109, -58.7683105469, 63.9934425354, -74.2268981934, 23.39868927], [-274.757659912, 229.794311523, 949.114807129, 207.262207031, -39.1281738281, 135.954315186, -95.6344604492, 16.0967330933, -113.260719299, 38.8881950378, -28.6695098877, -0.926382124424, -39.8763465881], [196.452056885, -2.59658241272, 207.262207031, 351.952545166, 99.219909668, 8.25000572205, 18.6144981384, 46.0240249634, 46.7831840515, 18.8592777252, -21.5331764221, 20.7778549194, -6.69047498703], [41.9130058289, 164.483703613, -39.1281738281, 99.219909668, 248.821899414, 56.2423057556, 76.1122741699, 27.75066185, 40.4659080505, -5.67203950882, -9.77920722961, -22.2899456024, 3.0743689537], [43.0417861938, -54.5681228638, 135.954315186, 8.25000572205, 56.2423057556, 293.390136719, 106.882530212, 26.9880867004, -39.2533493042, 39.325088501, -4.34331226349, -10.5114269257, -38.7528457642], [-75.9243469238, 107.988098145, -95.6344604492, 18.6144981384, 76.1122741699, 106.882530212, 244.013290405, 23.5427303314, 36.9229888916, 5.97266674042, 42.1273345947, -19.392578125, -4.1068649292], [101.745162964, -82.3866195679, 16.0967330933, 46.0240249634, 27.75066185, 26.9880867004, 23.5427303314, 138.932479858, 55.6748466492, 15.8837060928, -7.1045999527, 13.1455068588, -3.02818846703], [-19.5219364166, 31.6455593109, -113.260719299, 46.7831840515, 40.4659080505, -39.2533493042, 36.9229888916, 55.6748466492, 161.407409668, 10.4777069092, 23.1023921967, 2.34559130669, 6.23808479309], [66.2411346436, -58.7683105469, 38.8881950378, 18.8592777252, -5.67203950882, 39.325088501, 5.97266674042, 15.8837060928, 10.4777069092, 93.9657821655, 25.4722652435, 10.2146492004, -1.62025380135], [-55.6442527771, 63.9934425354, -28.6695098877, -21.5331764221, -9.77920722961, -4.34331226349, 42.1273345947, -7.1045999527, 23.1023921967, 25.4722652435, 102.031639099, 18.7203369141, 14.5024843216], [28.529340744, -74.2268981934, -0.926382124424, 20.7778549194, -22.2899456024, -10.5114269257, -19.392578125, 13.1455068588, 2.34559130669, 10.2146492004, 18.7203369141, 74.7553863525, 31.1689395905], [-3.25478005409, 23.39868927, -39.8763465881, -6.69047498703, 3.0743689537, -38.7528457642, -4.1068649292, -3.02818846703, 6.23808479309, -1.62025380135, 14.5024843216, 31.1689395905, 84.2444000244]],
        "icov": [[0.000584826862905, -0.000501218426507, 0.000875131285284, -0.00100050657056, 0.000616898119915, -0.000702960882336, 0.000873306416906, -0.0008949401672, 0.000862682238221, -0.000618574908003, 0.000223873517825, 2.24213345064e-05, 3.849994755e-05], [-0.000501218426507, 0.00590633042157, -0.00446704635397, 0.00388453574851, -0.00542687531561, 0.00421769078821, -0.0042221089825, 0.00459897099063, -0.00347223761491, 0.0033700147178, -0.00307845580392, 0.00310539314523, -0.00166514760349], [0.000875131285284, -0.00446704635397, 0.00567041710019, -0.00509840901941, 0.00496788881719, -0.00467238016427, 0.00486796721816, -0.00442353403196, 0.00441256118938, -0.00281375227496, 0.00149173522368, -0.000971213798039, 0.00102303142194], [-0.00100050657056, 0.00388453574851, -0.00509840901941, 0.00835313927382, -0.00590724218637, 0.00464633340016, -0.00466170394793, 0.00370679772459, -0.00457693170756, 0.00159012165386, 4.92228036819e-06, -0.00128885544837, 0.000236920270254], [0.000616898119915, -0.00542687531561, 0.00496788881719, -0.00590724218637, 0.0109153101221, -0.00550976675004, 0.00357959698886, -0.00472797825933, 0.00281826546416, -0.00224866741337, 0.00286497198977, -8.37511615828e-05, -0.000228943841648], [-0.000702960882336, 0.00421769078821, -0.00467238016427, 0.00464633340016, -0.00550976675004, 0.00959377922118, -0.00673516653478, 0.00291334628128, -0.00128378462978, -1.48746153172e-07, -0.000432781991549, 8.13672595541e-05, 0.00148885545786], [0.000873306416906, -0.0042221089825, 0.00486796721816, -0.00466170394793, 0.00357959698886, -0.00673516653478, 0.0107806613669, -0.0044644610025, 0.00253979023546, -0.00117696053348, -0.00166542548686, 0.00104481761809, -3.39234429703e-05], [-0.0008949401672, 0.00459897099063, -0.00442353403196, 0.00370679772459, -0.00472797825933, 0.00291334628128, -0.0044644610025, 0.0136449402198, -0.00706483563408, 0.0019215134671, -7.32791522751e-05, -0.000524129543919, -0.000559238018468], [0.000862682238221, -0.00347223761491, 0.00441256118938, -0.00457693170756, 0.00281826546416, -0.00128378462978, 0.00253979023546, -0.00706483563408, 0.0124873518944, -0.00315055204555, -0.000567502051126, -0.000153926332132, 0.00106875842903], [-0.000618574908003, 0.0033700147178, -0.00281375227496, 0.00159012165386, -0.00224866741337, -1.48746153172e-07, -0.00117696053348, 0.0019215134671, -0.00315055204555, 0.0153518915176, -0.00576994428411, 0.00173468445428, -0.00119177740999], [0.000223873517825, -0.00307845580392, 0.00149173522368, 4.92228036819e-06, 0.00286497198977, -0.000432781991549, -0.00166542548686, -7.32791522751e-05, -0.000567502051126, -0.00576994428411, 0.0158206243068, -0.0061901002191, 0.000680509663653], [2.24213345064e-05, 0.00310539314523, -0.000971213798039, -0.00128885544837, -8.37511615828e-05, 8.13672595541e-05, 0.00104481761809, -0.000524129543919, -0.000153926332132, 0.00173468445428, -0.0061901002191, 0.021952483803, -0.00836280174553], [3.849994755e-05, -0.00166514760349, 0.00102303142194, 0.000236920270254, -0.000228943841648, 0.00148885545786, -3.39234429703e-05, -0.000559238018468, 0.00106875842903, -0.00119177740999, 0.000680509663653, -0.00836280174553, 0.0163836218417]]
    },
    "melbands": {
        "dmean": [0.00031521989149, 0.000513927603606, 0.000549226009753, 0.0002838895889, 0.000247684365604, 0.000191274404642, 0.000133557317895, 0.000161367861438, 0.000212095270399, 0.000165145247593, 0.000121408076666, 0.000121588491311, 8.02159993327e-05, 6.12363073742e-05, 3.87446416426e-05, 3.61961247108e-05, 4.12864319514e-05, 5.89688243053e-05, 3.65946616512e-05, 3.48115136148e-05, 2.93213106488e-05, 1.88628182514e-05, 1.69506984093e-05, 1.30390953927e-05, 1.0667648894e-05, 5.30132001586e-06, 4.21682170781e-06, 3.91244111597e-06, 3.28114538206e-06, 3.05255093735e-06, 2.04190064323e-06, 1.57654255872e-06, 1.33577600536e-06, 1.16320097732e-06, 1.10286703148e-06, 9.14777217531e-07, 7.15319742994e-07, 5.58681904295e-07, 4.40586148898e-07, 3.58394913746e-07],
        "dmean2": [0.000529380515218, 0.00084836629685, 0.00094850466121, 0.000477983732708, 0.000370401714463, 0.000294331926852, 0.000214564512135, 0.000254539685557, 0.000328625639668, 0.000265505863354, 0.000187077384908, 0.000189180485904, 0.000124050784507, 9.78047901299e-05, 6.12611765973e-05, 5.69975672988e-05, 6.50279471301e-05, 9.19427984627e-05, 5.71289492655e-05, 5.30425495526e-05, 4.42058262706e-05, 2.83068256977e-05, 2.62519643002e-05, 2.03428444365e-05, 1.64639877767e-05, 8.16750161903e-06, 6.51593109069e-06, 6.06650155532e-06, 4.99749103255e-06, 4.61312083644e-06, 3.06038737108e-06, 2.37682615989e-06, 2.04418688554e-06, 1.78553682417e-06, 1.69139673289e-06, 1.36798712447e-06, 1.07456730802e-06, 8.37089487504e-07, 6.75362798574e-07, 5.59322415938e-07],
        "dvar": [4.29461749718e-07, 1.20373385926e-06, 2.86011163553e-06, 3.55126559271e-07, 3.09730950221e-07, 1.77002036139e-07, 1.636478828e-07, 1.13631287491e-07, 1.81605514626e-07, 1.29280351757e-07, 1.16479782264e-07, 8.61390390128e-08, 3.85413052584e-08, 2.23650005182e-08, 9.45374534211e-09, 6.64825616781e-09, 1.06034629965e-08, 2.10008188617e-08, 6.62092602965e-09, 7.59522222893e-09, 5.6977458307e-09, 2.1910167014e-09, 1.87347093394e-09, 1.04126640643e-09, 7.43452022167e-10, 2.62516564042e-10, 1.63672200792e-10, 8.59266963138e-11, 6.11081810153e-11, 9.12199968339e-11, 3.74599865016e-11, 2.50990842693e-11, 2.42748269402e-11, 2.26623129984e-11, 3.16816538282e-11, 1.51464379233e-11, 1.31367902667e-11, 5.70087510185e-12, 2.78301275254e-12, 3.12627896661e-12],
        "dvar2": [1.19732874282e-06, 3.17386206916e-06, 7.84402163845e-06, 9.42497820233e-07, 5.84561291816e-07, 3.81718763265e-07, 4.09996317785e-07, 2.68703814754e-07, 4.24522369258e-07, 3.17854357945e-07, 2.64783636794e-07, 1.92918079733e-07, 8.88438194124e-08, 5.22756842258e-08, 2.20384119842e-08, 1.44148391001e-08, 2.48096636568e-08, 4.99760908212e-08, 1.51408627858e-08, 1.61493556305e-08, 1.22293224436e-08, 4.54675097572e-09, 4.39651870465e-09, 2.29795404927e-09, 1.73778835766e-09, 6.08820271975e-10, 3.11962095045e-10, 1.86595905394e-10, 1.2970953478e-10, 1.99981517457e-10, 7.05005914758e-11, 4.66055943837e-11, 4.90299398304e-11, 4.79772332973e-11, 7.80747619333e-11, 2.97943093808e-11, 2.86383763926e-11, 1.13842659258e-11, 5.86807252095e-12, 7.43792093888e-12],
        "max": [0.00899439305067, 0.0239487551153, 0.0333024226129, 0.00876681040972, 0.0142403421924, 0.011376587674, 0.0114800883457, 0.00695760501549, 0.00976375676692, 0.00719954213127, 0.00995682831854, 0.00585556961596, 0.00480818981305, 0.00332989846356, 0.00289213680662, 0.00225037639029, 0.00177153095137, 0.00333156902343, 0.00150159129407, 0.00198773201555, 0.00146681722254, 0.00124143948779, 0.0014478599187, 0.00140636146534, 0.00117081520148, 0.00077474093996, 0.000823015056085, 0.000547808769625, 0.000279875326669, 0.000481967901578, 0.000301874912111, 0.000240284469328, 0.000261122884694, 0.000228087723372, 0.000237570071477, 0.000181000141311, 0.000129313237267, 0.000106982828584, 7.73615684011e-05, 9.21086684684e-05],
        "mean": [0.000461770396214, 0.000735803565476, 0.000628704961855, 0.000391003792174, 0.000526484567672, 0.000355770607712, 0.000208460609429, 0.000261861947365, 0.000342924002325, 0.000260390981566, 0.000199133704882, 0.000201059971005, 0.000133271794766, 9.99199110083e-05, 6.0102698626e-05, 5.49968099222e-05, 5.8544883359e-05, 8.72495147632e-05, 5.82341235713e-05, 5.76101665501e-05, 5.05875541421e-05, 3.59861187462e-05, 3.20023791573e-05, 2.43726044573e-05, 1.94821386685e-05, 9.72299130808e-06, 7.97881057224e-06, 7.30981537345e-06, 6.25770735496e-06, 5.5258010434e-06, 3.70219504475e-06, 2.66217489298e-06, 2.1757414288e-06, 1.86681052128e-06, 1.7198782416e-06, 1.43835950439e-06, 1.09085090116e-06, 8.0459739138e-07, 5.89538160511e-07, 4.1244680915e-07],
        "median": [0.000201456685318, 0.000368990178686, 0.000286013062578, 0.000160597483045, 0.000153518092702, 0.000124860001961, 7.14431298547e-05, 9.73434071057e-05, 0.000134931178764, 9.32039692998e-05, 6.82653335389e-05, 5.60488952033e-05, 3.78383920179e-05, 2.97607093671e-05, 2.14673200389e-05, 1.95536704268e-05, 1.7097707314e-05, 2.38747852563e-05, 1.83161082532e-05, 1.35386799229e-05, 1.15772254503e-05, 1.02648573375e-05, 1.04843293229e-05, 9.11310598894e-06, 7.04747162672e-06, 4.57080068372e-06, 3.85951761928e-06, 3.29259160026e-06, 2.70713098871e-06, 1.97000895241e-06, 1.3569517705e-06, 1.04924640709e-06, 8.69126211001e-07, 7.53336564685e-07, 6.56596625959e-07, 5.22766526956e-07, 3.56251376843e-07, 2.38078428083e-07, 1.74301447942e-07, 1.11698604144e-07],
        "min": [1.37888721047e-23, 5.33157575028e-23, 2.19706439574e-23, 1.75529156031e-23, 7.08821894486e-24, 8.50805024512e-24, 1.07867325567e-23, 1.34377248722e-23, 4.51372247129e-24, 8.10688923127e-24, 5.62883179223e-24, 1.31356968529e-23, 1.58247169972e-23, 5.46879597482e-24, 6.31282862846e-24, 4.45877752038e-24, 7.01250407518e-24, 1.03278087808e-23, 1.4088047603e-23, 8.09561562007e-24, 1.3743283833e-23, 8.3283177542e-24, 2.65100556841e-23, 9.19685124426e-24, 1.00030024028e-23, 9.99693448472e-24, 9.23693484458e-24, 6.74012144866e-24, 1.03392022988e-23, 1.26328429909e-23, 8.37917009473e-24, 1.10363257805e-23, 9.74707147046e-24, 6.49106780569e-24, 9.32174764708e-24, 1.75484506504e-23, 1.29673137038e-23, 9.79273862827e-24, 9.82476559216e-24, 6.88430786719e-24],
        "var": [5.8227720956e-07, 1.47682044371e-06, 2.14702072299e-06, 4.1282672214e-07, 1.15194734462e-06, 4.58614636045e-07, 2.35877294585e-07, 2.34389673892e-07, 3.51344596083e-07, 2.58975489942e-07, 1.99115831379e-07, 2.29252378858e-07, 9.77063336904e-08, 4.74436703257e-08, 1.53900128197e-08, 1.3114955344e-08, 1.68625966523e-08, 3.09718011238e-08, 1.19628387196e-08, 1.77879737606e-08, 1.4166897877e-08, 6.51114806516e-09, 4.81534145891e-09, 2.21610996221e-09, 1.3253359521e-09, 4.06341654768e-10, 3.00468955272e-10, 1.76440348443e-10, 1.51236079216e-10, 1.77683645575e-10, 7.65171953576e-11, 4.87697729423e-11, 4.40796912859e-11, 4.2637379738e-11, 5.46904847798e-11, 4.01716472587e-11, 2.38742602077e-11, 1.31489003713e-11, 5.43815339982e-12, 3.43573737169e-12]
    },
    "mfcc": {
        "mean": [-633.626647949, 118.123283386, -14.9875326157, 15.9352884293, -4.67150354385, 1.13353228569, -4.61919975281, 4.92303180695, 0.765766620636, 4.28834676743, -2.47688746452, -1.11222171783, -4.96593904495],
        "cov": [[2440.42016602, -505.324829102, -434.937866211, 82.634475708, 32.7388954163, -19.4221324921, -35.5717697144, 20.3244552612, 62.2117118835, 30.5865802765, -2.25920200348, 18.3366966248, 25.3283729553], [-505.324829102, 763.066650391, 96.7633972168, 32.2984046936, 49.6043548584, 40.6725654602, 74.3946304321, -19.2287788391, -30.5105934143, 11.333978653, -1.07805788517, -17.9391860962, -18.5851898193], [-434.937866211, 96.7633972168, 868.269042969, 87.4699630737, 116.743476868, 64.0887756348, 65.1256790161, -38.9161262512, -35.5979804993, -40.944355011, 0.170676410198, 31.2819843292, 1.8196849823], [82.634475708, 32.2984046936, 87.4699630737, 365.632385254, 101.826622009, -6.11320209503, -33.5307884216, 18.9594421387, 52.7896881104, -12.1842918396, -7.79266834259, 50.2075691223, 24.4246635437], [32.7388954163, 49.6043548584, 116.743476868, 101.826622009, 220.60635376, 20.5474662781, -7.18382978439, 12.8945016861, 40.8695831299, 0.185655340552, -6.72438573837, 12.9861125946, 17.1399021149], [-19.4221324921, 40.6725654602, 64.0887756348, -6.11320209503, 20.5474662781, 219.093994141, 119.201225281, 33.7174835205, 17.397485733, 30.7574424744, 36.1063766479, -14.5746774673, 2.08473110199], [-35.5717697144, 74.3946304321, 65.1256790161, -33.5307884216, -7.18382978439, 119.201225281, 209.996398926, 39.7258911133, 6.66897296906, 29.9970817566, 27.3680706024, -10.506313324, -1.16526889801], [20.3244552612, -19.2287788391, -38.9161262512, 18.9594421387, 12.8945016861, 33.7174835205, 39.7258911133, 138.632217407, 51.7649688721, 36.0620346069, 31.3218021393, 2.883934021, 24.9441699982], [62.2117118835, -30.5105934143, -35.5979804993, 52.7896881104, 40.8695831299, 17.397485733, 6.66897296906, 51.7649688721, 111.623687744, 36.7872505188, 16.0645141602, 5.52963590622, 8.13055992126], [30.5865802765, 11.333978653, -40.944355011, -12.1842918396, 0.185655340552, 30.7574424744, 29.9970817566, 36.0620346069, 36.7872505188, 106.122528076, 42.9370346069, 6.83326196671, 9.91879940033], [-2.25920200348, -1.07805788517, 0.170676410198, -7.79266834259, -6.72438573837, 36.1063766479, 27.3680706024, 31.3218021393, 16.0645141602, 42.9370346069, 92.6434020996, 21.8635578156, 15.0212650299], [18.3366966248, -17.9391860962, 31.2819843292, 50.2075691223, 12.9861125946, -14.5746774673, -10.506313324, 2.883934021, 5.52963590622, 6.83326196671, 21.8635578156, 95.3709945679, 33.7031822205], [25.3283729553, -18.5851898193, 1.8196849823, 24.4246635437, 17.1399021149, 2.08473110199, -1.16526889801, 24.9441699982, 8.13055992126, 9.91879940033, 15.0212650299, 33.7031822205, 73.2097473145]],
