{
"lowlevel": {
    "average_loudness": 0.968365967274,
    "barkbands_crest": {
        "dmean": 2.69457006454,
        "dmean2": 4.52949333191,
        "dvar": 5.75803852081,
        "dvar2": 14.9223098755,
        "max": 24.4544849396,
        "mean": 8.96572494507,
        "median": 7.97683906555,
        "min": 2.04552912712,
        "var": 15.8152952194
    },
    "barkbands_flatness_db": {
        "dmean": 0.0191204901785,
        "dmean2": 0.0298702903092,
        "dvar": 0.000289442890789,
        "dvar2": 0.000644874817226,
        "max": 0.331450015306,
        "mean": 0.14821369946,
        "median": 0.141537263989,
        "min": 0.0425456762314,
        "var": 0.00158918590751
    },
    "barkbands_kurtosis": {
        "dmean": 2.01173329353,
        "dmean2": 3.11848187447,
        "dvar": 15.8240556717,
        "dvar2": 35.1457328796,
        "max": 84.3503189087,
        "mean": 2.23829817772,
        "median": 0.190417408943,
        "min": -1.9639339447,
        "var": 40.7944908142
    },
    "barkbands_skewness": {
        "dmean": 0.493688434362,
        "dmean2": 0.73905813694,
        "dvar": 0.266641736031,
        "dvar2": 0.535455822945,
        "max": 7.83189487457,
        "mean": 0.977353334427,
        "median": 0.769112348557,
        "min": -5.23562335968,
        "var": 1.57334518433
    },
    "barkbands_spread": {
        "dmean": 5.87324666977,
        "dmean2": 8.90053844452,
        "dvar": 42.6918716431,
        "dvar2": 95.0864257812,
        "max": 105.255561829,
        "mean": 26.0468654633,
        "median": 24.282201767,
        "min": 1.32521510124,
        "var": 187.184570312
    },
    "dissonance": {
        "dmean": 0.0149380052462,
        "dmean2": 0.0253642778844,
        "dvar": 0.000213371575228,
        "dvar2": 0.000591075280681,
        "max": 0.5,
        "mean": 0.474996209145,
        "median": 0.479956805706,
        "min": 0.335230022669,
        "var": 0.000380169600248
    },
    "dynamic_complexity": 1.93095970154,
    "erbbands_crest": {
        "dmean": 2.50965380669,
        "dmean2": 4.11533737183,
        "dvar": 5.11142396927,
        "dvar2": 13.2878761292,
        "max": 26.9152355194,
        "mean": 8.24000740051,
        "median": 7.55021286011,
        "min": 2.4133617878,
        "var": 12.0766458511
    },
    "erbbands_flatness_db": {
        "dmean": 0.0158996414393,
        "dmean2": 0.0238753482699,
        "dvar": 0.000220818503294,
        "dvar2": 0.000465580727905,
        "max": 0.351598083973,
        "mean": 0.179986774921,
        "median": 0.178718179464,
        "min": 0.0879146829247,
        "var": 0.00147987168748
    },
    "erbbands_kurtosis": {
        "dmean": 0.9032523036,
        "dmean2": 1.42130589485,
        "dvar": 2.27500247955,
        "dvar2": 4.89796209335,
        "max": 45.6607551575,
        "mean": 0.516775727272,
        "median": -0.0174605846405,
        "min": -1.77172911167,
        "var": 5.61467838287
    },
    "erbbands_skewness": {
        "dmean": 0.352829605341,
        "dmean2": 0.539112925529,
        "dvar": 0.117797777057,
        "dvar2": 0.250336289406,
        "max": 3.45214080811,
        "mean": -0.0157391484827,
        "median": 0.0685938298702,
        "min": -5.50630092621,
        "var": 0.676021099091
    },
    "erbbands_spread": {
        "dmean": 7.3567276001,
        "dmean2": 11.330994606,
        "dvar": 56.7162475586,
        "dvar2": 127.807182312,
        "max": 115.287528992,
        "mean": 35.1706962585,
        "median": 32.2329101562,
        "min": 5.45922374725,
        "var": 259.708099365
    },
    "hfc": {
        "dmean": 8.108253479,
        "dmean2": 11.3721094131,
        "dvar": 232.495727539,
        "dvar2": 442.020385742,
        "max": 398.038787842,
        "mean": 26.0169143677,
        "median": 21.0097541809,
        "min": 1.1102741113e-16,
        "var": 726.694152832
    },
    "melbands_crest": {
        "dmean": 3.56530833244,
        "dmean2": 5.63623666763,
        "dvar": 8.47631645203,
        "dvar2": 20.4821166992,
        "max": 31.2110347748,
        "mean": 12.8988924026,
        "median": 11.8805904388,
        "min": 2.32772922516,
        "var": 28.3101139069
    },
    "melbands_flatness_db": {
        "dmean": 0.0233127176762,
        "dmean2": 0.0345580503345,
        "dvar": 0.00046056768042,
        "dvar2": 0.000891683332156,
        "max": 0.417754501104,
        "mean": 0.160787388682,
        "median": 0.149213939905,
        "min": 0.00577253289521,
        "var": 0.00355612137355
    },
    "melbands_kurtosis": {
        "dmean": 5.17633056641,
        "dmean2": 7.89593982697,
        "dvar": 99.8718948364,
        "dvar2": 219.613265991,
        "max": 196.734085083,
        "mean": 8.88538265228,
        "median": 3.29403495789,
        "min": -1.92326927185,
        "var": 270.860534668
    },
    "melbands_skewness": {
        "dmean": 0.653900027275,
        "dmean2": 0.981962144375,
        "dvar": 0.47194442153,
        "dvar2": 0.956905782223,
        "max": 11.6808786392,
        "mean": 2.05995941162,
        "median": 1.72239494324,
        "min": -1.82744860649,
        "var": 2.79434657097
    },
    "melbands_spread": {
        "dmean": 9.52469730377,
        "dmean2": 14.6495695114,
        "dvar": 200.183670044,
        "dvar2": 415.188873291,
        "max": 249.551727295,
        "mean": 34.8719367981,
        "median": 31.0260829926,
        "min": 1.08753538132,
        "var": 672.876220703
    },
    "pitch_salience": {
        "dmean": 0.0753204673529,
        "dmean2": 0.11968242377,
        "dvar": 0.00417895708233,
        "dvar2": 0.00960489362478,
        "max": 0.871025145054,
        "mean": 0.573636293411,
        "median": 0.584698081017,
        "min": 0.104577660561,
        "var": 0.0140403676778
    },
    "silence_rate_20dB": {
        "dmean": 0,
        "dmean2": 0,
        "dvar": 0,
        "dvar2": 0,
        "max": 1,
        "mean": 1,
        "median": 1,
        "min": 1,
        "var": 0
    },
    "silence_rate_30dB": {
        "dmean": 0.000490496633574,
        "dmean2": 0.000981113524176,
        "dvar": 0.000490254140459,
        "dvar2": 0.00147069978993,
        "max": 1,
        "mean": 0.999754786491,
        "median": 1,
        "min": 0,
        "var": 0.000245210278081
    },
    "silence_rate_60dB": {
        "dmean": 0.00907418783754,
        "dmean2": 0.018150601536,
        "dvar": 0.0089920759201,
        "dvar2": 0.0212541613728,
        "max": 1,
        "mean": 0.0115252574906,
        "median": 0,
        "min": 0,
        "var": 0.0113928904757
    },
    "spectral_centroid": {
        "dmean": 277.688812256,
        "dmean2": 412.704071045,
        "dvar": 106456.273438,
        "dvar2": 187452.625,
        "max": 11478.9296875,
        "mean": 1695.96704102,
        "median": 1703.59655762,
        "min": 200.013961792,
        "var": 535942.875
    },
    "spectral_complexity": {
        "dmean": 4.20257520676,
        "dmean2": 6.34584236145,
        "dvar": 14.7748241425,
        "dvar2": 29.7756233215,
        "max": 52,
        "mean": 22.4727802277,
        "median": 22,
        "min": 0,
        "var": 70.4732208252
    },
    "spectral_decrease": {
        "dmean": 1.98355154524e-09,
        "dmean2": 3.09606207338e-09,
        "dvar": 5.89121258265e-18,
        "dvar2": 1.24726652003e-17,
        "max": 2.89529111048e-30,
        "mean": -5.84486103961e-09,
        "median": -5.17931830757e-09,
        "min": -3.2392939886e-08,
        "var": 1.46139669725e-17
    },
    "spectral_energy": {
        "dmean": 0.00804218649864,
        "dmean2": 0.0124562513083,
        "dvar": 9.0705412731e-05,
        "dvar2": 0.000191171697224,
        "max": 0.12396325171,
        "mean": 0.0244196150452,
        "median": 0.0222105532885,
        "min": 1.04148671106e-20,
        "var": 0.000229935147217
    },
    "spectral_energyband_high": {
        "dmean": 0.000532691192348,
        "dmean2": 0.000742687378079,
        "dvar": 4.42567716163e-06,
        "dvar2": 8.49072421261e-06,
        "max": 0.0554152913392,
        "mean": 0.00114457902964,
        "median": 0.00048544612946,
        "min": 7.44952074199e-21,
        "var": 1.17445188152e-05
    },
    "spectral_energyband_low": {
        "dmean": 0.00405486254022,
        "dmean2": 0.00599997211248,
        "dvar": 5.22126465512e-05,
        "dvar2": 0.000109254520794,
        "max": 0.115804322064,
        "mean": 0.00713652512059,
        "median": 0.00318595627323,
        "min": 1.12934816561e-22,
        "var": 0.000122295081383
    },
    "spectral_energyband_middle_high": {
        "dmean": 0.00241799256764,
        "dmean2": 0.00356901204214,
        "dvar": 9.50296816882e-06,
        "dvar2": 2.06672775676e-05,
        "max": 0.0432553142309,
        "mean": 0.00782746542245,
        "median": 0.00554870534688,
        "min": 1.41852518642e-21,
        "var": 4.54783075838e-05
    },
    "spectral_energyband_middle_low": {
        "dmean": 0.00513463886455,
        "dmean2": 0.00802550371736,
        "dvar": 6.03132502874e-05,
        "dvar2": 0.000128500818391,
        "max": 0.103641033173,
        "mean": 0.00938932504505,
        "median": 0.00625269813463,
        "min": 3.3164356166e-22,
        "var": 9.0823356004e-05
    },
    "spectral_entropy": {
        "dmean": 0.124493695796,
        "dmean2": 0.184343442321,
        "dvar": 0.0155252711847,
        "dvar2": 0.0311812609434,
        "max": 9.81769943237,
        "mean": 7.72224378586,
        "median": 7.7243680954,
        "min": 6.06426239014,
        "var": 0.0933720394969
    },
    "spectral_flux": {
        "dmean": 0.0244282204658,
        "dmean2": 0.0370996557176,
        "dvar": 0.000566789298318,
        "dvar2": 0.00112808367703,
        "max": 0.304164648056,
        "mean": 0.099350169301,
        "median": 0.0950122773647,
        "min": 1.02053254736e-10,
        "var": 0.0017412599409
    },
    "spectral_kurtosis": {
        "dmean": 1.33867657185,
        "dmean2": 2.2878370285,
        "dvar": 2.05933666229,
        "dvar2": 6.04840564728,
        "max": 21.5847797394,
        "mean": 3.39724445343,
        "median": 3.07865357399,
        "min": -1.16611588001,
        "var": 4.32715463638
    },
    "spectral_rms": {
        "dmean": 0.000785726297181,
        "dmean2": 0.00119111617096,
        "dvar": 6.54058851524e-07,
        "dvar2": 1.26661279864e-06,
        "max": 0.010997261852,
        "mean": 0.00465278187767,
        "median": 0.00465497933328,
        "min": 3.18760816354e-12,
        "var": 2.17566321226e-06
    },
    "spectral_rolloff": {
        "dmean": 499.848724365,
        "dmean2": 798.133422852,
        "dvar": 641637.1875,
        "dvar2": 1223089.75,
        "max": 18927.6855469,
        "mean": 1991.83068848,
        "median": 1722.65625,
        "min": 86.1328125,
        "var": 2163352.25
    },
    "spectral_skewness": {
        "dmean": 0.188557624817,
        "dmean2": 0.302180796862,
        "dvar": 0.0329466573894,
        "dvar2": 0.0785135701299,
        "max": 3.16094303131,
        "mean": 1.30328536034,
        "median": 1.30822408199,
        "min": -0.800008058548,
        "var": 0.13012714684
    },
    "spectral_spread": {
        "dmean": 434180.9375,
        "dmean2": 625749.1875,
        "dvar": 420738859008,
        "dvar2": 546011086848,
        "max": 39523708,
        "mean": 4081528.25,
        "median": 3826950,
        "min": 1681745.25,
        "var": 1.58210313421e+12
    },
    "spectral_strongpeak": {
        "dmean": 0.694505274296,
        "dmean2": 1.1778639555,
        "dvar": 1.23960149288,
        "dvar2": 3.10662341118,
        "max": 13.0628881454,
        "mean": 1.12698960304,
        "median": 0.564910531044,
        "min": 0,
        "var": 2.11800122261
    },
    "zerocrossingrate": {
        "dmean": 0.0109638450667,
        "dmean2": 0.0120713971555,
        "dvar": 0.000207029879675,
        "dvar2": 0.000224967181566,
        "max": 0.5888671875,
        "mean": 0.0723835676908,
        "median": 0.068359375,
        "min": 0.005859375,
        "var": 0.00156886433251
    },
    "barkbands": {
        "dmean": [2.39913151745e-05, 0.00237647956237, 0.00259224860929, 0.00174063094892, 0.00275291665457, 0.00110320060048, 0.000323808577377, 0.000893426826224, 0.000784237810876, 0.00062843732303, 0.000523636466824, 0.000514873536304, 0.000409942527767, 0.000432338332757, 0.000414608162828, 0.000498862063978, 0.000361124635674, 0.000326804351062, 0.000349667010596, 0.000142151038744, 0.000110454697278, 0.000134929621709, 0.00018224415544, 0.000118746836961, 4.04337115469e-05, 7.78387629907e-08, 9.77957603787e-10],
        "dmean2": [4.11594228353e-05, 0.0037217955105, 0.00414788722992, 0.00299665424973, 0.00477567873895, 0.00178921641782, 0.000531639903784, 0.00146406982094, 0.0012879538117, 0.0010355435079, 0.000856094993651, 0.000840705470182, 0.000647006265353, 0.000685917970259, 0.000642946281005, 0.000778295623604, 0.000561218475923, 0.000503465591464, 0.000524796603713, 0.000219935667701, 0.000166054451256, 0.000204826297704, 0.000267911003903, 0.000175939872861, 5.69374278712e-05, 1.30481168981e-07, 1.81186998738e-09],
        "dvar": [2.57491006295e-09, 2.83709250652e-05, 3.29217546096e-05, 1.77784240805e-05, 3.9231385017e-05, 5.15525380251e-06, 6.02091404289e-07, 3.66426252185e-06, 3.07255777443e-06, 1.78009190677e-06, 1.61102832408e-06, 1.10588075586e-06, 7.22121853869e-07, 7.46793602957e-07, 8.12959399354e-07, 1.23304130284e-06, 4.45179608732e-07, 3.21595393871e-07, 3.698933142e-07, 7.03349769537e-08, 1.2749671896e-07, 3.87161094295e-07, 8.41336088797e-07, 3.02714767031e-07, 9.98691795928e-09, 4.54461941441e-14, 1.85943729014e-18],
        "dvar2": [7.62249285913e-09, 6.42071099719e-05, 7.71478371462e-05, 4.75565466331e-05, 0.000104385260784, 1.26688337332e-05, 1.39908388519e-06, 9.3001026471e-06, 8.03504644864e-06, 4.60027558802e-06, 4.32496744907e-06, 2.90057801067e-06, 1.6737056967e-06, 1.78119728389e-06, 1.83380609542e-06, 2.7402379601e-06, 1.02602427887e-06, 7.12797316282e-07, 7.98784924427e-07, 1.61301045409e-07, 2.62536531181e-07, 8.96818448837e-07, 1.77809852175e-06, 5.87468207414e-07, 1.96204421599e-08, 1.12984525436e-13, 5.68056731735e-18],
        "max": [0.00122639862821, 0.084843814373, 0.0847834274173, 0.0497702099383, 0.0880424231291, 0.0593131706119, 0.024059323594, 0.035461936146, 0.0311830732971, 0.0200944803655, 0.0271307621151, 0.0209143236279, 0.015562155284, 0.0142995920032, 0.0200668927282, 0.02305367589, 0.0157152228057, 0.0107537545264, 0.0102110654116, 0.00670664012432, 0.0126300612465, 0.0228921510279, 0.0345322601497, 0.0212326887995, 0.00301596010104, 6.08724894846e-06, 2.32204602213e-08],
        "mean": [2.55083232332e-05, 0.00319492421113, 0.00299012335017, 0.00168360758107, 0.00297238328494, 0.00158732081763, 0.000450269290013, 0.00122977048159, 0.00117418367881, 0.000990887288935, 0.000831823796034, 0.000857695122249, 0.000681507459376, 0.000755590153858, 0.00066048518056, 0.000920935242902, 0.000700273260009, 0.000685304927174, 0.000723123957869, 0.000266923540039, 0.000209867066587, 0.000232491482166, 0.000323630723869, 0.000207482269616, 6.34677198832e-05, 7.65633458855e-08, 8.14050327147e-10],
        "median": [1.01208988781e-05, 0.000885351677425, 0.00110074249096, 0.000518042827025, 0.00116079184227, 0.000656554941088, 0.000193116313312, 0.000440071919002, 0.000429622770753, 0.000368613982573, 0.000253250502283, 0.000323846121319, 0.000204814437893, 0.000252925179666, 0.00024008975015, 0.000239651621087, 0.000298522121739, 0.000327450688928, 0.000360118167009, 0.000134307629196, 8.68734059623e-05, 9.15122873266e-05, 9.4346672995e-05, 6.13906158833e-05, 1.89218080777e-05, 1.50122065889e-08, 3.32611105325e-10],
        "min": [1.15068095241e-23, 4.72357919361e-23, 1.80474367273e-23, 2.31196735084e-23, 3.27511382021e-23, 7.17931896878e-23, 7.25152372298e-23, 3.04041823457e-23, 2.91190174906e-23, 2.10323286205e-23, 4.19465300536e-23, 4.16932425942e-23, 1.12924088053e-22, 1.15456533507e-22, 1.01223829324e-22, 1.48475827619e-22, 1.24304776073e-22, 1.67783507507e-22, 2.21508709063e-22, 2.56340136581e-22, 4.61735055302e-22, 5.25533278555e-22, 5.0776464736e-22, 7.28744958456e-22, 1.099041619e-21, 1.39653835819e-21, 2.26480658273e-21],
        "var": [2.25295715417e-09, 4.2989038775e-05, 3.76339085051e-05, 1.49498700921e-05, 3.27509696945e-05, 7.30923056835e-06, 1.04041350824e-06, 5.51742004973e-06, 4.80240942125e-06, 3.30522425429e-06, 3.35952108799e-06, 2.32792876886e-06, 1.72094166828e-06, 1.74014849108e-06, 1.42864371355e-06, 3.74945352632e-06, 1.25588280753e-06, 8.02486852081e-07, 9.53806761572e-07, 1.50558165046e-07, 2.30632551279e-07, 5.7504604456e-07, 2.0472793949e-06, 8.06779894447e-07, 2.30329071371e-08, 4.65334083657e-14, 1.58871348336e-18]
    },
    "erbbands": {
        "dmean": [0.0342470556498, 0.653944134712, 2.58732485771, 4.3069524765, 6.4599442482, 10.6529026031, 10.2993011475, 7.58733272552, 4.68355131149, 8.66649436951, 22.5166015625, 16.9918365479, 15.3642282486, 22.1045017242, 17.380689621, 20.6244373322, 16.7423229218, 20.3737373352, 18.5905036926, 23.4793624878, 23.2784843445, 17.8633918762, 17.7361278534, 16.4254760742, 15.1950721741, 5.56308984756, 5.03783512115, 3.99734640121, 4.59497022629, 5.63391828537, 5.20951938629, 3.44066619873, 1.50330901146, 0.587229311466, 0.225423008204, 0.0131653370336, 0.000368043547496, 3.0360000892e-05, 8.78038645169e-06, 1.0647826457e-05],
        "dmean2": [0.0473374314606, 1.01351737976, 3.98020458221, 6.74625396729, 10.7841777802, 18.9076309204, 17.0173130035, 12.308681488, 7.59595346451, 14.0657672882, 36.9546966553, 27.8617172241, 24.6875610352, 36.3257484436, 28.2549438477, 33.6511383057, 25.9840488434, 31.8827705383, 29.0586872101, 35.9969215393, 35.4508705139, 27.2584991455, 26.8627948761, 25.0674247742, 22.4946079254, 8.2910490036, 7.56524658203, 6.00377178192, 7.03183698654, 8.67330551147, 7.65211439133, 5.1048951149, 2.18981313705, 0.821666836739, 0.329389154911, 0.0195092149079, 0.000528631149791, 4.19758252974e-05, 1.24717671497e-05, 1.60522522492e-05],
        "dvar": [0.00492894463241, 2.10229539871, 29.5373306274, 96.3228302002, 255.84552002, 632.643676758, 363.718353271, 343.511169434, 139.431640625, 381.018554688, 2380.95507812, 1617.58886719, 1191.38037109, 2417.00073242, 1503.29187012, 1955.98803711, 1192.1340332, 1644.7286377, 1619.43676758, 2776.45678711, 2791.06274414, 1086.41174316, 976.875183105, 889.890380859, 726.05279541, 124.436637878, 185.653778076, 240.679229736, 408.281494141, 849.230285645, 766.450500488, 274.518798828, 46.1675415039, 2.67973971367, 0.27963784337, 0.0010261440184, 7.58416604185e-07, 5.73019454109e-09, 3.09942460586e-10, 1.74193479086e-10],
        "dvar2": [0.00790301058441, 4.72957515717, 65.4325866699, 234.518569946, 645.331176758, 1743.02355957, 875.817443848, 878.904602051, 341.964660645, 935.659118652, 6098.66552734, 4234.35400391, 3003.68261719, 6386.86083984, 4188.96533203, 5143.27050781, 2726.7734375, 3861.94482422, 3630.61474609, 6199.45556641, 6029.58740234, 2388.64477539, 2143.7800293, 1939.43444824, 1568.09069824, 268.365386963, 395.164703369, 507.48449707, 931.463500977, 2009.10290527, 1654.72851562, 564.379394531, 91.9695587158, 4.96980810165, 0.619186878204, 0.0023206260521, 1.62660796832e-06, 1.10859454949e-08, 5.72388192399e-10, 3.50461687448e-10],
        "max": [1.25336480141, 23.2600955963, 83.8454742432, 134.638397217, 329.605407715, 341.86831665, 363.48638916, 688.855285645, 339.389526367, 424.034698486, 884.43347168, 853.772888184, 655.519165039, 950.778991699, 983.185852051, 959.910583496, 800.952453613, 724.466125488, 877.666687012, 1275.75256348, 1257.45129395, 954.903381348, 658.336669922, 597.328857422, 488.651550293, 298.074523926, 353.884063721, 584.164367676, 700.093383789, 1058.47424316, 1199.73413086, 432.243652344, 338.971191406, 62.2670059204, 7.9318318367, 0.48707139492, 0.0170789789408, 0.00235675508156, 0.000596536207013, 0.000284432579065],
        "mean": [0.0525440573692, 0.876167356968, 3.27996134758, 4.91444253922, 7.15527868271, 10.468413353, 14.1858739853, 10.7790002823, 6.82309293747, 12.0824489594, 32.4821014404, 26.481294632, 25.8187618256, 37.0010719299, 30.4031887054, 36.3559455872, 31.2927474976, 40.1694869995, 33.6468582153, 44.1580085754, 46.8793640137, 39.0352325439, 39.0567550659, 36.1896629333, 31.5856380463, 12.002532959, 9.78064441681, 7.4413728714, 7.9427652359, 9.43871212006, 9.04352474213, 6.02301311493, 2.53744506836, 0.957506835461, 0.327206611633, 0.0186806730926, 0.000569955212995, 5.42253110325e-05, 2.33443370234e-05, 3.26588415192e-05],
        "median": [0.0125768445432, 0.25893470645, 1.29625797272, 1.81569552422, 2.24290394783, 3.69129920006, 5.6846780777, 4.33422756195, 3.22320890427, 4.97649002075, 12.0548973083, 10.6502132416, 11.5796308517, 11.1378774643, 12.9412956238, 14.3570213318, 11.1374607086, 13.5657348633, 13.961233139, 13.9247550964, 14.1772155762, 17.497215271, 19.2159957886, 18.5917186737, 15.9011077881, 6.47049665451, 4.19885540009, 3.26357841492, 3.2451467514, 3.10264205933, 2.50106668472, 1.78538250923, 0.71166908741, 0.288532972336, 0.0931190922856, 0.00540105393156, 0.000179169888725, 2.1000223569e-05, 1.80291517609e-05, 2.93949451589e-05],
        "min": [5.961383743e-22, 9.92089649761e-21, 1.48718818487e-20, 6.40853138944e-20, 4.1749427565e-20, 9.12000100305e-20, 1.87714190208e-19, 8.56374194514e-19, 7.6926235664e-19, 1.21602498362e-18, 6.34096339959e-19, 6.14181553122e-19, 7.42498152439e-19, 7.59459749394e-19, 1.63794582585e-18, 2.02892184136e-18, 5.28423075788e-18, 5.67237947005e-18, 5.66766081825e-18, 5.33208936017e-18, 7.27394920129e-18, 7.28212174574e-18, 9.77688192959e-18, 8.07725820854e-18, 1.12459116841e-17, 1.32029440856e-17, 2.10991010252e-17, 1.62699709783e-17, 2.03128096047e-17, 1.59216468767e-17, 1.35704860743e-17, 1.15710300608e-17, 1.44968448152e-17, 1.1430548323e-17, 6.45955804177e-18, 5.10320600313e-18, 2.69363404864e-18, 1.18757420985e-18, 3.10447449637e-19, 3.26393772863e-20],
        "var": [0.0117680374533, 3.15513157845, 40.1403770447, 101.968421936, 240.609176636, 487.571533203, 570.204101562, 429.24017334, 177.409881592, 554.576660156, 3738.24365234, 2445.86865234, 2127.85375977, 5322.37988281, 2692.53588867, 4088.35571289, 3042.75512695, 4802.60107422, 3114.53222656, 6759.8671875, 8307.81445312, 3366.09326172, 2548.79394531, 2150.01855469, 1948.37390137, 296.524780273, 375.407470703, 381.756622314, 595.103515625, 1456.65783691, 1772.59606934, 688.234619141, 113.63483429, 7.29560565948, 0.455889195204, 0.00152490613982, 1.41643204188e-06, 1.50220369477e-08, 9.43576883294e-10, 4.95984586735e-10]
    },
    "gfcc": {
        "mean": [0.845817565918, 103.374107361, -153.40397644, 54.15102005, -69.6241531372, 25.3201236725, -41.9605522156, 8.16819763184, -17.6317882538, -16.6091403961, -3.7188038826, -14.925359726, -1.25764131546],
        "cov": [[2250.99902344, -545.334594727, -67.1754608154, 203.603469849, -130.351913452, 108.577178955, -160.546142578, 135.980377197, -94.9961242676, 58.6785774231, -59.4995689392, -16.593378067, -70.1637802124], [-545.334594727, 984.733093262, 109.87285614, -102.242233276, 210.002090454, -153.920501709, 128.917419434, -129.030014038, 39.6961631775, -125.593917847, 106.416908264, -58.413444519, 11.0582065582], [-67.1754608154, 109.87285614, 717.630859375, 213.964355469, -12.7333011627, 104.635612488, -97.9252929688, -42.1392936707, -31.856836319, 45.0891609192, -7.56052160263, 41.9722213745, 19.3502941132], [203.603469849, -102.242233276, 213.964355469, 328.472747803, 75.3818511963, -6.61603450775, -68.7382125854, 1.22249424458, 56.4277839661, 32.2540054321, -8.47280597687, 30.5553779602, 62.1940727234], [-130.351913452, 210.002090454, -12.7333011627, 75.3818511963, 242.265518188, 21.57954216, 51.2566490173, 16.3360233307, 50.2642059326, -26.7970085144, 29.190164566, -8.84812641144, 33.2048377991], [108.577178955, -153.920501709, 104.635612488, -6.61603450775, 21.57954216, 309.270385742, 105.703994751, 47.8747749329, -29.6172294617, 49.1280632019, 0.812947690487, 15.6299495697, -30.1938552856], [-160.546142578, 128.917419434, -97.9252929688, -68.7382125854, 51.2566490173, 105.703994751, 244.279449463, 21.4737682343, 21.1371383667, -17.7852687836, 51.350151062, -17.2569503784, -25.8382892609], [135.980377197, -129.030014038, -42.1392936707, 1.22249424458, 16.3360233307, 47.8747749329, 21.4737682343, 146.734893799, 37.335357666, 35.9045906067, -6.20264148712, 5.57836055756, -11.8562679291], [-94.9961242676, 39.6961631775, -31.856836319, 56.4277839661, 50.2642059326, -29.6172294617, 21.1371383667, 37.335357666, 139.893539429, 35.1433906555, 15.2869281769, 3.99626016617, 36.7298240662], [58.6785774231, -125.593917847, 45.0891609192, 32.2540054321, -26.7970085144, 49.1280632019, -17.7852687836, 35.9045906067, 35.1433906555, 109.112434387, 8.55211162567, 24.2381877899, 17.8717041016], [-59.4995689392, 106.416908264, -7.56052160263, -8.47280597687, 29.190164566, 0.812947690487, 51.350151062, -6.20264148712, 15.2869281769, 8.55211162567, 90.2631149292, 28.705915451, 3.43314433098], [-16.593378067, -58.413444519, 41.9722213745, 30.5553779602, -8.84812641144, 15.6299495697, -17.2569503784, 5.57836055756, 3.99626016617, 24.2381877899, 28.705915451, 78.7742233276, 41.9085197449], [-70.1637802124, 11.0582065582, 19.3502941132, 62.1940727234, 33.2048377991, -30.1938552856, -25.8382892609, -11.8562679291, 36.7298240662, 17.8717041016, 3.43314433098, 41.9085197449, 97.4687805176]],
        "icov": [[0.000781324924901, -0.00042583773029, 0.000804716488346, -0.00146188144572, 0.00104013131931, -0.000922899052966, 0.000973423593678, -0.00103635934647, 0.00093792565167, -8.07865362731e-05, -0.000325633736793, 0.000489927071612, 0.000337742181728], [-0.00042583773029, 0.00490912981331, -0.00341524276882, 0.00464508542791, -0.00468214554712, 0.00383980711922, -0.00278192176484, 0.00300264265388, -0.00207803281955, 0.00212362851016, -0.00337455258705, 0.00293008703738, -0.00148441642523], [0.000804716488346, -0.00341524276882, 0.00490991258994, -0.00541080022231, 0.00404707994312, -0.00421786587685, 0.00335590029135, -0.00184962654021, 0.00233258237131, -0.00147434673272, 0.00137587683275, -0.0016812637914, 0.00148964719847], [-0.00146188144572, 0.00464508542791, -0.00541080022231, 0.0110745383427, -0.00695899128914, 0.00480355974287, -0.00292508583516, 0.00396366836503, -0.00457520037889, 0.00128595565911, -0.00122363725677, 0.000864262750838, -0.00284642144106], [0.00104013131931, -0.00468214554712, 0.00404707994312, -0.00695899128914, 0.0116150816903, -0.00591197656468, 0.00348057900555, -0.00472685648128, 0.00122194678988, 0.0017059246311, -0.000943044840824, 0.00167783384677, -0.00198513851501], [-0.000922899052966, 0.00383980711922, -0.00421786587685, 0.00480355974287, -0.00591197656468, 0.0100390175357, -0.00676784850657, 0.00214950414374, 0.000275073718512, -0.00258317496628, 0.00147369282786, -0.00171060743742, 0.00131712749135], [0.000973423593678, -0.00278192176484, 0.00335590029135, -0.00292508583516, 0.00348057900555, -0.00676784850657, 0.0104252127931, -0.00276364176534, -0.000308446848067, 0.00210686097853, -0.00421265186742, 0.00252159032971, 0.000155882793479], [-0.00103635934647, 0.00300264265388, -0.00184962654021, 0.00396366836503, -0.00472685648128, 0.00214950414374, -0.00276364176534, 0.0119777964428, -0.0046183411032, -0.00148603052367, 0.00141820579302, -0.00219420529902, 0.00265820161439], [0.00093792565167, -0.00207803281955, 0.00233258237131, -0.00457520037889, 0.00122194678988, 0.000275073718512, -0.000308446848067, -0.0046183411032, 0.0135734193027, -0.00521755358204, 1.72102609213e-05, 0.00179034832399, -0.00253605074249], [-8.07865362731e-05, 0.00212362851016, -0.00147434673272, 0.00128595565911, 0.0017059246311, -0.00258317496628, 0.00210686097853, -0.00148603052367, -0.00521755358204, 0.0165081974119, -0.00567056937143, 0.00233256304637, -0.00369451451115], [-0.000325633736793, -0.00337455258705, 0.00137587683275, -0.00122363725677, -0.000943044840824, 0.00147369282786, -0.00421265186742, 0.00141820579302, 1.72102609213e-05, -0.00567056937143, 0.0224709101021, -0.0143724130467, 0.00691109988838], [0.000489927071612, 0.00293008703738, -0.0016812637914, 0.000864262750838, 0.00167783384677, -0.00171060743742, 0.00252159032971, -0.00219420529902, 0.00179034832399, 0.00233256304637, -0.0143724130467, 0.028512198478, -0.0137528805062], [0.000337742181728, -0.00148441642523, 0.00148964719847, -0.00284642144106, -0.00198513851501, 0.00131712749135, 0.000155882793479, 0.00265820161439, -0.00253605074249, -0.00369451451115, 0.00691109988838, -0.0137528805062, 0.020943723619]]
    },
    "melbands": {
        "dmean": [0.000475358043332, 0.00108888978139, 0.000733482127544, 0.000648546032608, 0.00036335553159, 0.000176218949491, 6.90683082212e-05, 0.000112386602268, 0.000193875399418, 0.000100860539533, 7.85468291724e-05, 9.16856297408e-05, 6.44417741569e-05, 5.5216398323e-05, 5.15070387337e-05, 3.86907850043e-05, 4.16511247749e-05, 3.29646063619e-05, 3.21662228089e-05, 3.81546124117e-05, 2.84417237708e-05, 2.06714139495e-05, 1.91578274098e-05, 1.55418365466e-05, 1.44158639159e-05, 1.4504345927e-05, 7.57673615226e-06, 3.42530893249e-06, 3.56408099833e-06, 2.86295107799e-06, 2.39865789808e-06, 2.70761893262e-06, 2.87913803731e-06, 3.46526439898e-06, 3.2413217923e-06, 2.7262506137e-06, 2.00122417482e-06, 1.24196969864e-06, 6.5493151169e-07, 4.6822512445e-07],
        "dmean2": [0.000720838899724, 0.0016699709231, 0.00111975520849, 0.00112668855581, 0.00060793152079, 0.000284672423732, 0.000112133355287, 0.000182310308446, 0.00031877271249, 0.000165040546563, 0.000126647690195, 0.000150909356307, 0.000104393664515, 8.99013393791e-05, 8.26444374979e-05, 6.01462706982e-05, 6.53951647109e-05, 5.21155670867e-05, 4.99911075167e-05, 5.98834412813e-05, 4.35809088231e-05, 3.21106781485e-05, 2.98892409774e-05, 2.37261010625e-05, 2.26049342018e-05, 2.18218119699e-05, 1.15832208394e-05, 5.25422365172e-06, 5.39038001079e-06, 4.40242592958e-06, 3.68826908925e-06, 4.19743764724e-06, 4.4702373998e-06, 5.40459041076e-06, 4.82717859995e-06, 4.10642633142e-06, 3.07308619085e-06, 1.85409487585e-06, 9.57938596002e-07, 6.74324610372e-07],
        "dvar": [1.06960419544e-06, 4.75971546621e-06, 2.42447413257e-06, 2.5188858217e-06, 4.04955727618e-07, 1.59367758101e-07, 2.83686976132e-08, 6.20768076942e-08, 1.69595082866e-07, 5.67566154075e-08, 3.13455501555e-08, 4.13585716785e-08, 2.48205473952e-08, 1.26579067228e-08, 1.41988554248e-08, 7.13786096895e-09, 6.92639412492e-09, 5.58276047613e-09, 5.75462388852e-09, 8.15394241016e-09, 4.39845271316e-09, 1.69189684485e-09, 1.1257658139e-09, 7.80453479621e-10, 7.07171932124e-10, 7.25974946825e-10, 1.80401055205e-10, 6.42189634803e-11, 8.60855969842e-11, 8.25502097235e-11, 1.00245652057e-10, 1.21552254373e-10, 2.12634423957e-10, 3.29362259688e-10, 2.94369972842e-10, 1.95059732255e-10, 9.8075429722e-11, 3.22777256312e-11, 6.55475283426e-12, 1.34408771005e-12],
        "dvar2": [2.19233834287e-06, 9.8424125099e-06, 5.53172048967e-06, 6.69993278279e-06, 1.00020304217e-06, 4.01222706614e-07, 6.77806681892e-08, 1.54173221745e-07, 4.37425057953e-07, 1.47603984146e-07, 7.89343630458e-08, 1.0924856042e-07, 6.92585473416e-08, 3.29794858089e-08, 3.56090019693e-08, 1.62168607432e-08, 1.62093733991e-08, 1.25974342069e-08, 1.31033477402e-08, 1.85512671891e-08, 9.75077796284e-09, 3.92339272182e-09, 2.66037325503e-09, 1.69537794914e-09, 1.61073976379e-09, 1.58016577601e-09, 4.1050712829e-10, 1.47591716626e-10, 1.97780236633e-10, 1.8027411508e-10, 2.19620682751e-10, 2.76123707232e-10, 5.22579646223e-10, 7.90151555297e-10, 6.34743202443e-10, 4.2851619475e-10, 2.07758296678e-10, 6.60357810101e-11, 1.31774417766e-11, 2.5994163419e-12],
        "max": [0.0166415087879, 0.0359346047044, 0.0206376798451, 0.0216781422496, 0.00998735334724, 0.0136891072616, 0.00524264527485, 0.005567450542, 0.00750352814794, 0.00492987828329, 0.00337330275215, 0.00380537379533, 0.00392829952762, 0.00228421040811, 0.00315324426629, 0.00156371761113, 0.00145636126399, 0.00178438285366, 0.00219520856626, 0.00216581532732, 0.001579145086, 0.00114986032713, 0.000678146956488, 0.000517011387274, 0.00052522943588, 0.000571419484913, 0.000345101987477, 0.000261153298197, 0.000273916608421, 0.000260376662482, 0.000390087050619, 0.00033911774517, 0.000609922513831, 0.000627730216365, 0.000724636192899, 0.000500839902088, 0.000281956658, 0.000262053799815, 0.000123938982142, 3.62761420547e-05],
        "mean": [0.000696750648785, 0.00157024641521, 0.000913186522666, 0.000648710643873, 0.000489837257192, 0.000254744285485, 0.000100064804428, 0.000153636661707, 0.000278765946859, 0.00015485806216, 0.000126579237985, 0.000148900493514, 0.000105647697637, 9.39478559303e-05, 8.46757538966e-05, 6.80588491377e-05, 7.52452615416e-05, 5.31950354343e-05, 5.20631765539e-05, 6.68117645546e-05, 5.176997729e-05, 4.03863632528e-05, 3.76434909413e-05, 3.19407299685e-05, 2.87820366793e-05, 2.78754232568e-05, 1.45817193697e-05, 6.30439944871e-06, 6.36786353425e-06, 4.97252904097e-06, 4.0961126615e-06, 4.40588200945e-06, 4.65217635792e-06, 5.51177345187e-06, 5.36816833119e-06, 4.63307060272e-06, 3.28514147441e-06, 1.96686846721e-06, 1.06524919374e-06, 7.10907954726e-07],
        "median": [0.000180272356374, 0.000643254024908, 0.000359362747986, 0.000214006693568, 0.000206471711863, 0.000106102626887, 4.54309192719e-05, 5.99417544436e-05, 0.000103381258668, 5.86075111642e-05, 5.09743476869e-05, 4.22422672273e-05, 3.6353161704e-05, 3.69920308003e-05, 3.05528519675e-05, 1.95151533262e-05, 2.37625354202e-05, 1.92190091184e-05, 1.79427333933e-05, 1.71924075403e-05, 1.55092529894e-05, 1.6452255295e-05, 1.8600921976e-05, 1.4641755115e-05, 1.42426952152e-05, 1.27385865198e-05, 6.82361587678e-06, 3.02634907712e-06, 2.53230427916e-06, 1.95487973542e-06, 1.70430325852e-06, 1.81364771379e-06, 1.65845449374e-06, 1.67875487023e-06, 1.41576856549e-06, 1.29672037019e-06, 9.52216339556e-07, 5.12843143952e-07, 3.256490686e-07, 2.07227472515e-07],
        "min": [1.05961200962e-23, 9.51077686377e-24, 1.3333582611e-23, 3.04048134344e-24, 8.79173567069e-24, 1.71224673393e-23, 1.3628659188e-23, 1.17184593273e-23, 4.71342260945e-24, 3.56739033546e-24, 3.22535996848e-24, 2.71048504957e-24, 5.56231227969e-24, 4.54030826709e-24, 8.23964505529e-24, 1.32310732918e-23, 1.04983952184e-23, 8.91703597029e-24, 6.04156894543e-24, 9.87411673039e-24, 7.94988618961e-24, 5.92634082187e-24, 7.39949951375e-24, 9.95092732787e-24, 5.28692093767e-24, 8.69456062894e-24, 8.65239995786e-24, 8.15078145203e-24, 1.15350507446e-23, 1.12860767765e-23, 8.16424178566e-24, 1.07691299145e-23, 8.0180421941e-24, 9.44197399334e-24, 8.18918951179e-24, 5.76549287216e-24, 7.4818053163e-24, 9.39656242647e-24, 1.13720799701e-23, 8.98157504753e-24],
        "var": [1.99489136321e-06, 8.01100486569e-06, 3.02714852296e-06, 1.99812211576e-06, 5.88229283949e-07, 2.08875604812e-07, 4.15819343402e-08, 8.91489264632e-08, 2.69792678864e-07, 8.81003501263e-08, 5.57004327106e-08, 8.96109000337e-08, 4.63754936675e-08, 2.74329021721e-08, 2.77490457279e-08, 1.84199375752e-08, 1.83691710731e-08, 1.00344283993e-08, 9.81683712098e-09, 2.32058265937e-08, 1.09139968174e-08, 4.51621939845e-09, 2.59799226576e-09, 1.88209603458e-09, 1.50330758952e-09, 1.70898029062e-09, 4.63740906786e-10, 1.15848580728e-10, 1.63347585458e-10, 1.36987726718e-10, 1.41837555589e-10, 1.71415104333e-10, 2.89919643848e-10, 5.67091096304e-10, 6.81045997375e-10, 4.24401513932e-10, 2.26847457485e-10, 7.57576362753e-11, 1.53109001172e-11, 3.1553917465e-12]
    },
    "mfcc": {
        "mean": [-617.408081055, 105.665176392, -12.415356636, 20.0243377686, 6.08920669556, 4.48696279526, -1.45466339588, 12.81690979, -5.98830032349, 3.19171142578, -2.40541291237, -3.0914182663, -4.46126794815],
        "cov": [[1855.52880859, -691.567932129, -73.6680450439, 14.0334300995, 33.0992355347, -73.1959991455, 1.13024485111, -1.94216501713, -13.0093727112, 64.828414917, 36.2345657349, -32.6273727417, -35.2122688293], [-691.567932129, 1020.62255859, -60.9715995789, 40.1757850647, 7.52054023743, -3.14060354233, 70.0382003784, 34.2382659912, -64.6076202393, -47.7875480652, 19.7481307983, 1.84796869755, -6.28299236298], [-73.6680450439, -60.9715995789, 686.625244141, 82.7139816284, 102.301101685, 110.293052673, 1.93533861637, -58.2854919434, 0.555148422718, -56.2286567688, -36.8874282837, 47.9346656799, 41.3531341553], [14.0334300995, 40.1757850647, 82.7139816284, 327.908874512, 136.371536255, -24.2409362793, -82.6150131226, -32.9789581299, 20.9947605133, -5.76601219177, -66.3739395142, 6.2206158638, 46.0259666443], [33.0992355347, 7.52054023743, 102.301101685, 136.371536255, 252.091079712, 24.562204361, -30.0537204742, -5.13153409958, 34.8813858032, 8.70220375061, -37.092464447, -1.75431346893, 33.1881561279], [-73.1959991455, -3.14060354233, 110.293052673, -24.2409362793, 24.562204361, 203.461883545, 92.3787078857, 25.7837543488, 24.8984279633, 10.532084465, 14.7633867264, 19.4033412933, -2.02336764336], [1.13024485111, 70.0382003784, 1.93533861637, -82.6150131226, -30.0537204742, 92.3787078857, 191.320114136, 81.6137542725, -8.61890411377, 13.3329057693, 51.1342010498, 10.6722764969, -15.7187805176], [-1.94216501713, 34.2382659912, -58.2854919434, -32.9789581299, -5.13153409958, 25.7837543488, 81.6137542725, 129.702316284, 18.1139278412, 23.5550441742, 39.0852165222, 7.46104001999, 0.843000233173], [-13.0093727112, -64.6076202393, 0.555148422718, 20.9947605133, 34.8813858032, 24.8984279633, -8.61890411377, 18.1139278412, 120.336273193, 46.2448310852, -7.2504119873, 25.6098308563, 21.5899429321], [64.828414917, -47.7875480652, -56.2286567688, -5.76601219177, 8.70220375061, 10.532084465, 13.3329057693, 23.5550441742, 46.2448310852, 97.1510696411, 37.5191955566, 12.0357780457, 3.35801625252], [36.2345657349, 19.7481307983, -36.8874282837, -66.3739395142, -37.092464447, 14.7633867264, 51.1342010498, 39.0852165222, -7.2504119873, 37.5191955566, 101.305511475, 27.8617515564, -11.0815782547], [-32.6273727417, 1.84796869755, 47.9346656799, 6.2206158638, -1.75431346893, 19.4033412933, 10.6722764969, 7.46104001999, 25.6098308563, 12.0357780457, 27.8617515564, 83.2275009155, 32.373626709], [-35.2122688293, -6.28299236298, 41.3531341553, 46.0259666443, 33.1881561279, -2.02336764336, -15.7187805176, 0.843000233173, 21.5899429321, 3.35801625252, -11.0815782547, 32.373626709, 78.4552536011]],
