{
"lowlevel": {
    "average_loudness": 0.955024242401,
    "barkbands_crest": {
        "dmean": 2.66931390762,
        "dmean2": 4.27284669876,
        "dvar": 5.77148008347,
        "dvar2": 14.1068506241,
        "max": 25.7160243988,
        "mean": 9.72835826874,
        "median": 8.71986675262,
        "min": 2.46338510513,
        "var": 19.8666267395
    },
    "barkbands_flatness_db": {
        "dmean": 0.019087523222,
        "dmean2": 0.0299634598196,
        "dvar": 0.000270846066996,
        "dvar2": 0.000642177939881,
        "max": 0.372495502234,
        "mean": 0.15728443861,
        "median": 0.152872040868,
        "min": 0.0453136712313,
        "var": 0.00152261706535
    },
    "barkbands_kurtosis": {
        "dmean": 1.90901744366,
        "dmean2": 2.97027873993,
        "dvar": 11.5724468231,
        "dvar2": 24.8079319,
        "max": 114.378044128,
        "mean": 2.60462021828,
        "median": 0.793613910675,
        "min": -1.88579642773,
        "var": 37.344379425
    },
    "barkbands_skewness": {
        "dmean": 0.44892680645,
        "dmean2": 0.676164209843,
        "dvar": 0.20881959796,
        "dvar2": 0.431739598513,
        "max": 8.58158016205,
        "mean": 1.0206707716,
        "median": 0.853454828262,
        "min": -3.1722869873,
        "var": 1.38600206375
    },
    "barkbands_spread": {
        "dmean": 4.93202877045,
        "dmean2": 7.5553150177,
        "dvar": 31.7572307587,
        "dvar2": 66.7524414062,
        "max": 86.214515686,
        "mean": 20.9967384338,
        "median": 18.7164859772,
        "min": 1.04934322834,
        "var": 137.05871582
    },
    "dissonance": {
        "dmean": 0.0181401502341,
        "dmean2": 0.0308061875403,
        "dvar": 0.000307055335725,
        "dvar2": 0.000828865682706,
        "max": 0.500000119209,
        "mean": 0.467438459396,
        "median": 0.473525047302,
        "min": 0.303191423416,
        "var": 0.000613829761278
    },
    "dynamic_complexity": 2.11354780197,
    "erbbands_crest": {
        "dmean": 2.84379887581,
        "dmean2": 4.58954906464,
        "dvar": 6.88050508499,
        "dvar2": 16.8798065186,
        "max": 32.1202049255,
        "mean": 9.98027801514,
        "median": 9.00058746338,
        "min": 2.64183115959,
        "var": 21.6847190857
    },
    "erbbands_flatness_db": {
        "dmean": 0.0163691360503,
        "dmean2": 0.0239974092692,
        "dvar": 0.000228264994803,
        "dvar2": 0.000470562983537,
        "max": 0.358508586884,
        "mean": 0.197332799435,
        "median": 0.197307959199,
        "min": 0.0608358643949,
        "var": 0.00159758748487
    },
    "erbbands_kurtosis": {
        "dmean": 0.960964262486,
        "dmean2": 1.52080667019,
        "dvar": 1.57260477543,
        "dvar2": 3.76362490654,
        "max": 22.6148452759,
        "mean": 0.703880190849,
        "median": 0.0488793849945,
        "min": -1.83134317398,
        "var": 4.57530641556
    },
    "erbbands_skewness": {
        "dmean": 0.363001465797,
        "dmean2": 0.552928805351,
        "dvar": 0.111806571484,
        "dvar2": 0.241156801581,
        "max": 3.63242173195,
        "mean": 0.39641559124,
        "median": 0.407341569662,
        "min": -3.63540911674,
        "var": 0.644875407219
    },
    "erbbands_spread": {
        "dmean": 6.44849538803,
        "dmean2": 9.86681079865,
        "dvar": 50.5401191711,
        "dvar2": 117.424911499,
        "max": 117.2006073,
        "mean": 32.159034729,
        "median": 29.4229621887,
        "min": 2.7217476368,
        "var": 258.574401855
    },
    "hfc": {
        "dmean": 6.60681056976,
        "dmean2": 9.78563785553,
        "dvar": 108.843215942,
        "dvar2": 214.404327393,
        "max": 317.992584229,
        "mean": 22.9100608826,
        "median": 19.2488422394,
        "min": 1.14181457423e-16,
        "var": 333.844696045
    },
    "melbands_crest": {
        "dmean": 3.12584757805,
        "dmean2": 4.99878501892,
        "dvar": 7.68275690079,
        "dvar2": 18.2984981537,
        "max": 33.226360321,
        "mean": 12.2562828064,
        "median": 11.210187912,
        "min": 2.80198764801,
        "var": 27.1203403473
    },
    "melbands_flatness_db": {
        "dmean": 0.0218744315207,
        "dmean2": 0.0327293984592,
        "dvar": 0.000428993196692,
        "dvar2": 0.000925076194108,
        "max": 0.423345088959,
        "mean": 0.167378231883,
        "median": 0.162402793765,
        "min": 0.00876692123711,
        "var": 0.002733459929
    },
    "melbands_kurtosis": {
        "dmean": 4.01701688766,
        "dmean2": 6.21094226837,
        "dvar": 55.3862419128,
        "dvar2": 121.002204895,
        "max": 207.278594971,
        "mean": 7.66849470139,
        "median": 3.32564783096,
        "min": -1.78187000751,
        "var": 181.627044678
    },
    "melbands_skewness": {
        "dmean": 0.552958726883,
        "dmean2": 0.828476309776,
        "dvar": 0.343825519085,
        "dvar2": 0.738837659359,
        "max": 10.9467172623,
        "mean": 1.79350197315,
        "median": 1.53433978558,
        "min": -1.79966247082,
        "var": 2.26111292839
    },
    "melbands_spread": {
        "dmean": 7.73693609238,
        "dmean2": 11.751791954,
        "dvar": 123.929771423,
        "dvar2": 237.307998657,
        "max": 223.479598999,
        "mean": 28.918006897,
        "median": 25.3458976746,
        "min": 0.858943581581,
        "var": 422.613128662
    },
    "pitch_salience": {
        "dmean": 0.0678423941135,
        "dmean2": 0.108960226178,
        "dvar": 0.00369113939814,
        "dvar2": 0.00891433097422,
        "max": 0.875493884087,
        "mean": 0.585363864899,
        "median": 0.594219267368,
        "min": 0.110825553536,
        "var": 0.0127469403669
    },
    "silence_rate_20dB": {
        "dmean": 0,
        "dmean2": 0,
        "dvar": 0,
        "dvar2": 0,
        "max": 1,
        "mean": 1,
        "median": 1,
        "min": 1,
        "var": 0
    },
    "silence_rate_30dB": {
        "dmean": 0.000490917998832,
        "dmean2": 0.000981956603937,
        "dvar": 0.000490674457978,
        "dvar2": 0.000980981974863,
        "max": 1,
        "mean": 0.99950915575,
        "median": 1,
        "min": 0,
        "var": 0.000490614329465
    },
    "silence_rate_60dB": {
        "dmean": 0.0103092780337,
        "dmean2": 0.0206210874021,
        "dvar": 0.0102034816518,
        "dvar2": 0.023634230718,
        "max": 1,
        "mean": 0.0218431707472,
        "median": 0,
        "min": 0,
        "var": 0.0213650446385
    },
    "spectral_centroid": {
        "dmean": 247.425460815,
        "dmean2": 369.305969238,
        "dvar": 85028.578125,
        "dvar2": 153508.9375,
        "max": 10644.2617188,
        "mean": 1528.05725098,
        "median": 1479.17016602,
        "min": 219.582550049,
        "var": 458217.1875
    },
    "spectral_complexity": {
        "dmean": 3.73073148727,
        "dmean2": 5.8058180809,
        "dvar": 12.9966487885,
        "dvar2": 28.2918987274,
        "max": 55,
        "mean": 21.1014842987,
        "median": 21,
        "min": 0,
        "var": 67.553352356
    },
    "spectral_decrease": {
        "dmean": 1.66939584378e-09,
        "dmean2": 2.52822962565e-09,
        "dvar": 3.92353188512e-18,
        "dvar2": 8.46104106144e-18,
        "max": 4.67951985643e-29,
        "mean": -5.63185809099e-09,
        "median": -5.22561727223e-09,
        "min": -3.82099969443e-08,
        "var": 1.22078185117e-17
    },
    "spectral_energy": {
        "dmean": 0.00676563894376,
        "dmean2": 0.0102225812152,
        "dvar": 6.1104845372e-05,
        "dvar2": 0.000132271510665,
        "max": 0.149152353406,
        "mean": 0.0233339741826,
        "median": 0.0220367796719,
        "min": 1.01799752816e-20,
        "var": 0.000195735367015
    },
    "spectral_energyband_high": {
        "dmean": 0.00043017489952,
        "dmean2": 0.000630970927887,
        "dvar": 1.78023776698e-06,
        "dvar2": 3.13522309625e-06,
        "max": 0.0503856614232,
        "mean": 0.000858595303725,
        "median": 0.000391310808482,
        "min": 7.47105651849e-21,
        "var": 3.85730891139e-06
    },
    "spectral_energyband_low": {
        "dmean": 0.00210705003701,
        "dmean2": 0.00322151905857,
        "dvar": 2.27895889111e-05,
        "dvar2": 5.0462946092e-05,
        "max": 0.0646265298128,
        "mean": 0.00340922339819,
        "median": 0.00164664862677,
        "min": 2.91203774868e-23,
        "var": 3.2144231227e-05
    },
    "spectral_energyband_middle_high": {
        "dmean": 0.0025419651065,
        "dmean2": 0.00389151345007,
        "dvar": 1.22534893308e-05,
        "dvar2": 2.90353636956e-05,
        "max": 0.0573152787983,
        "mean": 0.00822987314314,
        "median": 0.00484821852297,
        "min": 1.25296597636e-21,
        "var": 6.39231147943e-05
    },
    "spectral_energyband_middle_low": {
        "dmean": 0.00421515433118,
        "dmean2": 0.0065167513676,
        "dvar": 3.36693992722e-05,
        "dvar2": 7.44636854506e-05,
        "max": 0.139926359057,
        "mean": 0.0114413620904,
        "median": 0.00775155471638,
        "min": 4.6334448301e-22,
        "var": 0.000123777208501
    },
    "spectral_entropy": {
        "dmean": 0.129720747471,
        "dmean2": 0.190549448133,
        "dvar": 0.0162451714277,
        "dvar2": 0.0310911759734,
        "max": 9.79786205292,
        "mean": 7.59382534027,
        "median": 7.61159467697,
        "min": 5.76744270325,
        "var": 0.113554112613
    },
    "spectral_flux": {
        "dmean": 0.0227716919035,
        "dmean2": 0.0357475057244,
        "dvar": 0.000516804866493,
        "dvar2": 0.00112220551819,
        "max": 0.305504232645,
        "mean": 0.085997402668,
        "median": 0.0815878510475,
        "min": 1.0089586111e-10,
        "var": 0.00136460911017
    },
    "spectral_kurtosis": {
        "dmean": 1.49267399311,
        "dmean2": 2.57695937157,
        "dvar": 2.10069203377,
        "dvar2": 6.39100885391,
        "max": 23.824213028,
        "mean": 3.64147877693,
        "median": 3.35031700134,
        "min": -1.24156296253,
        "var": 4.4105796814
    },
    "spectral_rms": {
        "dmean": 0.000676678610034,
        "dmean2": 0.00100722559728,
        "dvar": 4.5199175247e-07,
        "dvar2": 9.40706001984e-07,
        "max": 0.0120629388839,
        "mean": 0.00454972265288,
        "median": 0.00463673332706,
        "min": 3.15145739366e-12,
        "var": 2.06476852327e-06
    },
    "spectral_rolloff": {
        "dmean": 464.817260742,
        "dmean2": 756.653076172,
        "dvar": 616050,
        "dvar2": 1217329.75,
        "max": 18992.2851562,
        "mean": 1758.0456543,
        "median": 1485.79101562,
        "min": 86.1328125,
        "var": 1723177.25
    },
    "spectral_skewness": {
        "dmean": 0.207376047969,
        "dmean2": 0.336247861385,
        "dvar": 0.0344335511327,
        "dvar2": 0.0880220159888,
        "max": 3.72821784019,
        "mean": 1.33807122707,
        "median": 1.34218204021,
        "min": -0.378346443176,
        "var": 0.159662112594
    },
    "spectral_spread": {
        "dmean": 384847.9375,
        "dmean2": 569185.5625,
        "dvar": 306264276992,
        "dvar2": 485465161728,
        "max": 41774592,
        "mean": 3888208.25,
        "median": 3666549.5,
        "min": 1697795,
        "var": 1.18842182861e+12
    },
    "spectral_strongpeak": {
        "dmean": 0.771493256092,
        "dmean2": 1.26509809494,
        "dvar": 1.07667601109,
        "dvar2": 2.70000982285,
        "max": 11.4614248276,
        "mean": 1.59712505341,
        "median": 1.0370131731,
        "min": 0,
        "var": 2.65544486046
    },
    "zerocrossingrate": {
        "dmean": 0.00913735572249,
        "dmean2": 0.0106956185773,
        "dvar": 0.000160508730914,
        "dvar2": 0.000176304107299,
        "max": 0.58642578125,
        "mean": 0.0652790516615,
        "median": 0.06005859375,
        "min": 0.00732421875,
        "var": 0.00105345249176
    },
    "barkbands": {
        "dmean": [2.67519590125e-05, 0.00157063337974, 0.000751447223593, 0.000582152919378, 0.00189517019317, 0.00102815963328, 0.00109646632336, 0.000576431746595, 0.00101506686769, 0.00101451796945, 0.000583281915169, 0.000692924833857, 0.000493038794957, 0.000474830390885, 0.000336025637807, 0.000366599793779, 0.000273896730505, 0.000262658490101, 0.000193899104488, 0.000207098186365, 0.000117455951113, 8.12350481283e-05, 8.20733694127e-05, 7.21249743947e-05, 2.58332347585e-05, 5.24330090457e-08, 9.55216572507e-10],
        "dmean2": [4.05564096582e-05, 0.00245933188125, 0.00132902199402, 0.000995685928501, 0.00297629344277, 0.00160959991626, 0.00171939225402, 0.000909787137061, 0.00160742481239, 0.00163444364443, 0.000921873492189, 0.00108303653542, 0.000775826338213, 0.00074532040162, 0.0005364731187, 0.000588345516007, 0.000442901131464, 0.000417740055127, 0.000301318010315, 0.000316624791594, 0.000182428004337, 0.000120673052152, 0.000124885671539, 0.00011244884081, 4.04360216635e-05, 9.00265106907e-08, 1.77352621478e-09],
        "dvar": [3.88566823162e-09, 1.6332272935e-05, 4.10945494878e-06, 1.6141591459e-06, 1.52016009451e-05, 4.4798680392e-06, 4.27688655691e-06, 1.69749171164e-06, 5.84544932281e-06, 6.23606047156e-06, 2.41761995312e-06, 2.76563173429e-06, 1.40709755669e-06, 1.30171690671e-06, 6.59507918499e-07, 7.20487889794e-07, 5.69975554754e-07, 3.13345623226e-07, 1.33993140139e-07, 1.76835214916e-07, 2.02941393468e-07, 1.25230997128e-07, 1.3635960272e-07, 1.0486715496e-07, 9.92518067733e-09, 3.03778439307e-14, 1.88122688183e-18],
        "dvar2": [8.94737262058e-09, 3.80115598091e-05, 1.1555823221e-05, 4.21323102273e-06, 3.3142609027e-05, 9.77896525001e-06, 9.84359485301e-06, 3.78723461836e-06, 1.42082080856e-05, 1.52053853526e-05, 5.40665678272e-06, 6.36341292193e-06, 3.25673181578e-06, 3.07030268232e-06, 1.60637739555e-06, 1.69037321029e-06, 1.37886161156e-06, 7.18962724022e-07, 2.99805606119e-07, 3.74683338578e-07, 4.42746738827e-07, 2.30522431366e-07, 2.56549583355e-07, 2.04809026627e-07, 2.2232081065e-08, 7.51857953609e-14, 6.00012993544e-18],
        "max": [0.00135183951352, 0.0525736883283, 0.036599367857, 0.0310156047344, 0.11744286865, 0.0878167152405, 0.0349742844701, 0.0369895808399, 0.065548941493, 0.0465336479247, 0.0425395220518, 0.0336061529815, 0.0252125803381, 0.0170711241663, 0.0200695153326, 0.0216764472425, 0.0183883663267, 0.0126458117738, 0.00907279364765, 0.00893769133836, 0.0288409423083, 0.0143427867442, 0.0148150585592, 0.0127624981105, 0.00343782734126, 3.83795213565e-06, 1.82807013971e-08],
        "mean": [3.3078409615e-05, 0.00198152847588, 0.000968649575952, 0.000895318633411, 0.00381631101482, 0.00194834405556, 0.00184841547161, 0.000878849125002, 0.00173309491947, 0.00173249607906, 0.000971296743955, 0.00138606666587, 0.00082061678404, 0.000750779814553, 0.000503144983668, 0.000593083736021, 0.000491113227326, 0.000497822300531, 0.000414370646467, 0.000450687046396, 0.000204297117307, 0.000133947338327, 0.000136602306156, 0.000108545995317, 3.54876938218e-05, 4.79056367908e-08, 7.82400866317e-10],
        "median": [6.73780141369e-06, 0.000643536099233, 0.00043978181202, 0.000433194334619, 0.00112735317089, 0.000896656652912, 0.000725287769455, 0.000311761570629, 0.000570045900531, 0.000479246722534, 0.000225446987315, 0.000309593684506, 0.000239357716055, 0.000212225219002, 0.000217902706936, 0.000234583189012, 0.000180273491424, 0.000223292125156, 0.000201433736947, 0.000175812790985, 9.04240587261e-05, 4.31574117101e-05, 4.38100214524e-05, 3.4186992707e-05, 9.39269830269e-06, 9.23842335965e-09, 3.12953135628e-10],
        "min": [8.04249707937e-25, 1.98063898644e-23, 2.82309533822e-24, 1.27424607357e-23, 2.94221704256e-23, 1.42412365022e-22, 6.90957082214e-23, 4.48560447096e-23, 1.42676336814e-22, 3.89859098328e-23, 1.51205526164e-22, 7.33722241628e-23, 1.44294322085e-22, 4.33293148681e-23, 3.60124311792e-23, 1.11120171422e-22, 4.5402299332e-23, 2.42884037561e-22, 3.4038883579e-22, 1.42405498777e-22, 3.81370222925e-22, 5.81040863995e-22, 5.85456213145e-22, 8.51410481568e-22, 1.15639213497e-21, 1.64463619835e-21, 2.37605288355e-21],
        "var": [5.51084733402e-09, 1.9189548766e-05, 3.20476578963e-06, 2.68831126959e-06, 5.4932461353e-05, 1.22993178593e-05, 9.58773853199e-06, 3.10187101604e-06, 1.34111642183e-05, 1.48243680087e-05, 6.63055834593e-06, 1.16489391075e-05, 3.24982056554e-06, 2.39672999669e-06, 8.87930639237e-07, 1.44630178056e-06, 1.50005973865e-06, 8.82966105564e-07, 3.95351065663e-07, 6.03148919254e-07, 3.01753715348e-07, 2.55849727182e-07, 2.67269030019e-07, 1.69472897937e-07, 1.40608511501e-08, 2.85416120263e-14, 1.48844999073e-18]
    },
    "erbbands": {
        "dmean": [0.0340882018209, 0.404015690088, 0.853369653225, 1.39046835899, 3.75315976143, 7.64493560791, 8.44941806793, 9.03809738159, 15.2965116501, 13.5781784058, 11.9039592743, 22.5920944214, 26.2860031128, 29.5341777802, 25.2919960022, 23.4825973511, 20.5826683044, 21.6344871521, 18.7929000854, 16.3327865601, 18.5686302185, 14.859705925, 12.9352283478, 12.079832077, 8.55082798004, 10.9562072754, 5.95409727097, 3.82921433449, 2.95954418182, 2.58334827423, 2.43241286278, 1.95573508739, 0.919572174549, 0.403139382601, 0.125261977315, 0.00800253078341, 0.00022202465334, 1.84638847713e-05, 6.15789986114e-06, 8.59645479068e-06],
        "dmean2": [0.0484951101243, 0.655718147755, 1.47604572773, 2.40858888626, 6.09731721878, 11.8352575302, 12.999215126, 14.1485805511, 24.1921691895, 20.6101074219, 18.7095069885, 35.9263343811, 41.0804786682, 46.3692436218, 39.1218566895, 36.1664657593, 32.0119094849, 33.1901283264, 29.02759552, 26.0103874207, 29.7888908386, 23.7370433807, 20.6784114838, 18.588432312, 12.9037790298, 16.6827926636, 9.24893379211, 5.80198431015, 4.42065143585, 3.74321579933, 3.7165248394, 3.08097171783, 1.40909135342, 0.628593087196, 0.195481881499, 0.0125142373145, 0.000341923470842, 2.79421765299e-05, 9.15175132832e-06, 1.2908077224e-05],
        "dvar": [0.00722636189312, 1.14864265919, 5.41464042664, 9.87422657013, 82.2636184692, 295.413818359, 417.474029541, 311.600616455, 898.620849609, 918.273864746, 594.703857422, 3597.6706543, 3527.57177734, 5353.546875, 3694.31665039, 3120.57055664, 2420.98974609, 3139.92578125, 2242.69970703, 1685.75634766, 2004.03845215, 1964.53710938, 903.204650879, 641.612182617, 285.514526367, 565.802734375, 234.679641724, 342.881500244, 167.619003296, 142.55809021, 115.33669281, 75.4959716797, 16.8899097443, 3.09247016907, 0.155326008797, 0.000656663614791, 5.1413348956e-07, 3.84405707266e-09, 1.76099981819e-10, 1.07450839892e-10],
        "dvar2": [0.0130973160267, 2.82597398758, 14.691860199, 26.8491516113, 198.335281372, 641.581848145, 852.536437988, 680.495422363, 2093.39160156, 1919.70007324, 1393.99279785, 8771.23632812, 8093.22021484, 12790.9433594, 8381.49511719, 7462.93310547, 5622.00097656, 7357.015625, 5204.73193359, 3694.7644043, 4774.48339844, 4724.66308594, 2130.74560547, 1437.22192383, 627.601135254, 1232.56726074, 506.963500977, 717.738769531, 318.21774292, 256.422576904, 229.982330322, 160.2447052, 32.4635238647, 6.55925321579, 0.366522401571, 0.00159352028277, 1.19484593597e-06, 8.26907431417e-09, 3.62218199879e-10, 2.30665833656e-10],
        "max": [1.40512609482, 13.9123945236, 41.6725502014, 60.0527267456, 340.284790039, 394.857055664, 793.778564453, 615.27722168, 566.05670166, 809.721618652, 515.66394043, 1900.1418457, 1306.50585938, 1830.86791992, 1884.67932129, 1210.73742676, 1097.18200684, 1129.79345703, 1486.1072998, 1391.99121094, 910.472106934, 1216.12219238, 674.462219238, 615.437988281, 533.115478516, 521.471191406, 735.01159668, 1205.28430176, 558.247192383, 507.990844727, 355.360900879, 292.077545166, 164.810516357, 71.5006408691, 8.34133052826, 0.592982530594, 0.0169531274587, 0.00164537446108, 0.000413235131418, 0.000222025046241],
        "mean": [0.0457627922297, 0.478914380074, 1.09283220768, 2.31176137924, 6.60126256943, 13.9119958878, 16.0014858246, 17.3072547913, 26.2481117249, 22.7816333771, 20.622461319, 37.7674980164, 47.5792655945, 51.9237594604, 51.9858589172, 48.3127326965, 38.7234230042, 37.1299247742, 33.0020675659, 27.9824714661, 31.9018421173, 28.4255619049, 26.170747757, 24.8286914825, 19.953950882, 22.8281345367, 11.7966938019, 6.44651460648, 4.8483672142, 4.36528348923, 3.87597370148, 2.86632156372, 1.39725852013, 0.565551400185, 0.169068068266, 0.0102771194652, 0.000314588512992, 3.09127935907e-05, 1.81277464435e-05, 2.96948655887e-05],
        "median": [0.00861962512136, 0.169044405222, 0.510232150555, 1.31048774719, 2.24593520164, 3.40741801262, 5.85289716721, 8.21331310272, 11.1992874146, 8.93375968933, 9.14051246643, 12.9074077606, 15.9701528549, 17.0415782928, 14.7066907883, 13.2761363983, 12.8251914978, 11.2964677811, 13.9223623276, 13.2249679565, 12.9972763062, 10.6954727173, 12.0046434402, 13.0687932968, 10.1649093628, 8.61133289337, 5.347676754, 2.62682318687, 1.62577533722, 1.25234186649, 1.25705707073, 0.935687124729, 0.415002912283, 0.144020229578, 0.0476609319448, 0.00290132057853, 0.000103564409073, 1.36487769851e-05, 1.55274410645e-05, 2.81027205347e-05],
        "min": [3.78275035655e-22, 5.00849459848e-21, 4.74909269709e-21, 2.63883927842e-20, 6.99232573897e-20, 1.21553583554e-19, 4.22892443403e-19, 1.24202575182e-18, 1.07451061424e-18, 1.10616909103e-18, 1.06847726225e-18, 2.36066283282e-18, 3.3687153785e-18, 2.69574770191e-18, 6.04362929591e-18, 3.31006517114e-18, 6.68287157815e-18, 2.47173767945e-18, 2.6267234089e-18, 3.82172745841e-18, 4.21570820749e-18, 3.91760472244e-18, 1.31346305475e-17, 1.33313167264e-17, 1.51697628609e-17, 9.01954513923e-18, 1.11281641783e-17, 1.9197536874e-17, 1.85142889968e-17, 1.86837005493e-17, 1.72300977132e-17, 1.50830395911e-17, 1.61835388761e-17, 1.43422166345e-17, 8.25529890923e-18, 6.94611684502e-18, 2.97448233933e-18, 8.84572574801e-19, 3.85999283355e-19, 3.45847833024e-20],
        "var": [0.0119777284563, 1.14349555969, 4.29541158676, 12.2112674713, 255.89894104, 944.252258301, 1265.5078125, 941.000488281, 1967.97253418, 1956.32263184, 1254.79187012, 7118.11523438, 8995.68359375, 11676.7597656, 13228.8535156, 10953.8652344, 6437.08984375, 6169.828125, 4023.08740234, 3016.34985352, 3935.34448242, 5249.52294922, 2537.13110352, 1499.17419434, 851.203552246, 1646.00036621, 478.142059326, 528.328735352, 328.922668457, 311.71194458, 203.750930786, 110.91293335, 28.7056427002, 4.56986999512, 0.207514852285, 0.000765476492234, 6.76730451232e-07, 5.88346837915e-09, 3.27646548781e-10, 3.17735171507e-10]
    },
    "gfcc": {
        "mean": [-8.70375919342, 111.233657837, -159.00958252, 43.5389938354, -78.2196960449, 16.101606369, -41.3098335266, 4.81136274338, -19.0206813812, -12.5348110199, 0.558261156082, -15.4816856384, 4.4348988533],
        "cov": [[2002.04602051, -158.211029053, 85.0298614502, 300.872009277, 74.6165237427, 121.420967102, 34.5036773682, 118.682067871, -83.1476287842, 118.368469238, 30.9835910797, 21.2264537811, 46.0446586609], [-158.211029053, 716.213806152, 124.264648438, -23.2218132019, 182.526306152, -87.7918701172, 107.232391357, -52.0329170227, 36.3199310303, -80.0245361328, 92.4641036987, -57.1142845154, 32.4680252075], [85.0298614502, 124.264648438, 673.744262695, 223.665130615, -44.9571800232, 54.2718734741, -188.998458862, -5.97846603394, 9.18602275848, -45.6311149597, -32.8185691833, 34.070690155, -17.9579391479], [300.872009277, -23.2218132019, 223.665130615, 387.529602051, 91.8432312012, -13.464466095, -30.4833755493, 27.2714767456, 29.1652011871, 2.04713630676, -1.39543533325, 24.9442768097, 30.5837669373], [74.6165237427, 182.526306152, -44.9571800232, 91.8432312012, 242.80645752, 41.0819015503, 101.159896851, 22.1950645447, -9.99867343903, 14.5106277466, 46.6809959412, -5.94367790222, 27.2023849487], [121.420967102, -87.7918701172, 54.2718734741, -13.464466095, 41.0819015503, 286.586151123, 105.282356262, 16.7002334595, -27.7822990417, 65.8074798584, -6.71751260757, 34.414932251, -27.1788291931], [34.5036773682, 107.232391357, -188.998458862, -30.4833755493, 101.159896851, 105.282356262, 311.14151001, 34.6089935303, -19.2573604584, 59.0383262634, 60.0558586121, -7.63200187683, 16.2003002167], [118.682067871, -52.0329170227, -5.97846603394, 27.2714767456, 22.1950645447, 16.7002334595, 34.6089935303, 139.178527832, 43.778377533, 29.8458385468, -7.56006336212, 12.6105470657, 10.4615545273], [-83.1476287842, 36.3199310303, 9.18602275848, 29.1652011871, -9.99867343903, -27.7822990417, -19.2573604584, 43.778377533, 147.909439087, 14.3504447937, -13.5341968536, 9.70273685455, 3.82033348083], [118.368469238, -80.0245361328, -45.6311149597, 2.04713630676, 14.5106277466, 65.8074798584, 59.0383262634, 29.8458385468, 14.3504447937, 150.367095947, 35.1715660095, 23.7618980408, -4.19780349731], [30.9835910797, 92.4641036987, -32.8185691833, -1.39543533325, 46.6809959412, -6.71751260757, 60.0558586121, -7.56006336212, -13.5341968536, 35.1715660095, 109.307312012, 10.2354860306, 11.4874458313], [21.2264537811, -57.1142845154, 34.070690155, 24.9442768097, -5.94367790222, 34.414932251, -7.63200187683, 12.6105470657, 9.70273685455, 23.7618980408, 10.2354860306, 91.8651428223, 22.0822792053], [46.0446586609, 32.4680252075, -17.9579391479, 30.5837669373, 27.2023849487, -27.1788291931, 16.2003002167, 10.4615545273, 3.82033348083, -4.19780349731, 11.4874458313, 22.0822792053, 73.5250473022]],
        "icov": [[0.000748462218326, -0.000465398799861, 0.000537250656635, -0.00105579919182, 0.000709127692971, -0.000730447121896, 0.000650056288578, -0.000967464526184, 0.00103141448926, -0.000600192230195, -0.000107442676381, 0.000282720400719, -0.000386741245165], [-0.000465398799861, 0.00622697547078, -0.00455057481304, 0.00457061035559, -0.00597878359258, 0.00401444640011, -0.00445285392925, 0.0037805493921, -0.00433661509305, 0.00268827355467, -0.00239806505851, 0.00195606821217, -0.00116581062321], [0.000537250656635, -0.00455057481304, 0.00615741685033, -0.00526892999187, 0.00524857500568, -0.00466320849955, 0.00514613464475, -0.00319959642366, 0.00338445464149, -0.000997487455606, 0.000648938526865, -0.00128330965526, 0.00107562239282], [-0.00105579919182, 0.00457061035559, -0.00526892999187, 0.00830376707017, -0.00668249931186, 0.00452897790819, -0.00398454768583, 0.00333914812654, -0.00430748704821, 0.00154683645815, -0.00041528310976, 0.000268739531748, -0.00125247694086], [0.000709127692971, -0.00597878359258, 0.00524857500568, -0.00668249931186, 0.0121402144432, -0.00544948410243, 0.00361505849287, -0.00452271243557, 0.00463593984023, -0.00174840225372, -0.000254052109085, -0.000113338675874, -0.000668283493724], [-0.000730447121896, 0.00401444640011, -0.00466320849955, 0.00452897790819, -0.00544948410243, 0.00933094415814, -0.00597405107692, 0.00309273367748, -0.00204511545599, -0.000394149479689, 0.00167550041806, -0.002061013598, 0.00244447379373], [0.000650056288578, -0.00445285392925, 0.00514613464475, -0.00398454768583, 0.00361505849287, -0.00597405107692, 0.00966384727508, -0.00422223517671, 0.00362784811296, -0.00213219411671, -0.00126511557028, 0.000635765609331, -0.000904292333871], [-0.000967464526184, 0.0037805493921, -0.00319959642366, 0.00333914812654, -0.00452271243557, 0.00309273367748, -0.00422223517671, 0.0118086915463, -0.00567066948861, 0.000507991935592, 0.00064638472395, 5.77134196647e-05, -0.000962067802902], [0.00103141448926, -0.00433661509305, 0.00338445464149, -0.00430748704821, 0.00463593984023, -0.00204511545599, 0.00362784811296, -0.00567066948861, 0.0117600867525, -0.00328529835679, 0.00244068331085, -0.00172129820567, 0.00076084304601], [-0.000600192230195, 0.00268827355467, -0.000997487455606, 0.00154683645815, -0.00174840225372, -0.000394149479689, -0.00213219411671, 0.000507991935592, -0.00328529835679, 0.0107592726126, -0.00435565412045, -0.000606966146734, 0.000848181429319], [-0.000107442676381, -0.00239806505851, 0.000648938526865, -0.00041528310976, -0.000254052109085, 0.00167550041806, -0.00126511557028, 0.00064638472395, 0.00244068331085, -0.00435565412045, 0.0142853269354, -0.00333552411757, 0.000751985819079], [0.000282720400719, 0.00195606821217, -0.00128330965526, 0.000268739531748, -0.000113338675874, -0.002061013598, 0.000635765609331, 5.77134196647e-05, -0.00172129820567, -0.000606966146734, -0.00333552411757, 0.0155011722818, -0.00641393475235], [-0.000386741245165, -0.00116581062321, 0.00107562239282, -0.00125247694086, -0.000668283493724, 0.00244447379373, -0.000904292333871, -0.000962067802902, 0.00076084304601, 0.000848181429319, 0.000751985819079, -0.00641393475235, 0.01844625175]]
    },
    "melbands": {
        "dmean": [0.000372840353521, 0.000465695455205, 0.000287221482722, 0.000406071601901, 0.000306538189761, 0.000199391201022, 0.000229350524023, 0.000142242512084, 0.000101767393062, 0.000149047002196, 0.000138227798743, 0.000131047258037, 8.5866318841e-05, 8.38713021949e-05, 5.50965814909e-05, 4.44323923148e-05, 4.23114543082e-05, 3.42499079125e-05, 2.31039557548e-05, 2.41179441218e-05, 2.32049605984e-05, 1.67952803167e-05, 1.48120043377e-05, 1.3593602489e-05, 1.06864908958e-05, 7.85035808804e-06, 6.78871447235e-06, 7.99994177214e-06, 4.66742130811e-06, 2.65728522209e-06, 2.18038644562e-06, 1.8278352627e-06, 1.49024583607e-06, 1.49732920818e-06, 1.50335540638e-06, 1.25247072447e-06, 1.26847646698e-06, 7.00677560417e-07, 5.03180160649e-07, 2.96044760262e-07],
        "dmean2": [0.000566451868508, 0.000769780483097, 0.000489537662361, 0.000633941614069, 0.000474865169963, 0.000312395073706, 0.000361259677447, 0.000216934233322, 0.000159266026458, 0.000237121392274, 0.000216809683479, 0.000206109587452, 0.000132864195621, 0.000128369327285, 8.67511698743e-05, 6.81125675328e-05, 6.56561460346e-05, 5.27797565155e-05, 3.70100024156e-05, 3.79403718398e-05, 3.72640970454e-05, 2.6963862183e-05, 2.38980665017e-05, 2.15487489186e-05, 1.66714089573e-05, 1.20278791655e-05, 1.052886455e-05, 1.22757355712e-05, 7.41341773391e-06, 4.16465854869e-06, 3.28407463712e-06, 2.80499011751e-06, 2.24248788072e-06, 2.1938435566e-06, 2.30703790294e-06, 1.95841903405e-06, 2.02820137929e-06, 1.09147993044e-06, 7.8136014281e-07, 4.70144215114e-07],
        "dvar": [8.97996130789e-07, 1.46549064084e-06, 4.01784149062e-07, 8.12460598354e-07, 4.57940643628e-07, 1.45991037925e-07, 1.93564915207e-07, 9.83338352967e-08, 4.65011531503e-08, 1.44765053278e-07, 9.80070780088e-08, 1.08748785976e-07, 4.7212726173e-08, 4.01052382415e-08, 2.36625901096e-08, 1.25401653506e-08, 1.24437393723e-08, 8.17103895656e-09, 2.77854161901e-09, 3.56497920073e-09, 3.72794195513e-09, 2.88822565864e-09, 1.5172997303e-09, 9.63016444366e-10, 5.71910740987e-10, 2.63736199546e-10, 2.11472506173e-10, 3.43958139748e-10, 1.10778261564e-10, 2.13745632305e-10, 9.33979144024e-11, 6.44542058614e-11, 4.45786255132e-11, 5.07061337363e-11, 4.51403116275e-11, 3.19991394493e-11, 3.23442939099e-11, 1.03978648608e-11, 5.47462639458e-12, 1.54288788776e-12],
        "dvar2": [1.9016187025e-06, 3.71829401047e-06, 1.07099140223e-06, 1.82453038633e-06, 9.26472239371e-07, 3.18538241117e-07, 4.44715084313e-07, 2.01744583705e-07, 1.06040673131e-07, 3.57246335625e-07, 2.28023324667e-07, 2.61011308567e-07, 1.0603865519e-07, 8.88652351705e-08, 5.7737100434e-08, 2.78518594854e-08, 2.93726998279e-08, 1.85874338143e-08, 6.56190346504e-09, 7.70803243455e-09, 8.84545148239e-09, 7.05456759675e-09, 3.6218983368e-09, 2.18447526734e-09, 1.31053434771e-09, 5.56848567257e-10, 5.05323449751e-10, 7.59294238595e-10, 2.56002108401e-10, 5.27485388702e-10, 1.75935779834e-10, 1.27594254606e-10, 8.64309596116e-11, 9.46668438084e-11, 9.00457416964e-11, 7.11962364064e-11, 6.83728421103e-11, 2.08633717941e-11, 1.06332486219e-11, 3.53632878189e-12],
        "max": [0.0142339160666, 0.0185024198145, 0.0149302538484, 0.0320417843759, 0.0252503529191, 0.0122521566227, 0.00795321725309, 0.00961674004793, 0.0052347634919, 0.0103586371988, 0.0070103276521, 0.00775030301884, 0.00652304245159, 0.00505398120731, 0.00384246651083, 0.00263636442833, 0.00197338312864, 0.0027619455941, 0.00129782094155, 0.00193328270689, 0.00131374970078, 0.00139365694486, 0.00106292916462, 0.00085962441517, 0.000543573230971, 0.000577703351155, 0.000471151899546, 0.000372042879462, 0.000300696381601, 0.000954658957198, 0.000592927273829, 0.000384984130505, 0.000233869359363, 0.00032080951496, 0.000249970762525, 0.000236915206187, 0.000231222657021, 0.000137566326885, 9.29714879021e-05, 5.010932e-05],
        "mean": [0.000490222591907, 0.000621491170023, 0.000493614992592, 0.000758208509069, 0.000603007385507, 0.000383180973586, 0.000396435643779, 0.000235413652263, 0.000172367101186, 0.000247119663982, 0.000244037626544, 0.000220203583012, 0.000158991504577, 0.000172162370291, 9.84731887002e-05, 7.67842502682e-05, 6.62763341097e-05, 5.63735120522e-05, 3.54525654984e-05, 3.82778089261e-05, 3.63898288924e-05, 2.86179492832e-05, 2.5022558475e-05, 2.50833018072e-05, 1.9355024051e-05, 1.61673651746e-05, 1.37252445711e-05, 1.53484124894e-05, 8.4462644736e-06, 4.32693695984e-06, 3.41197778653e-06, 2.78192601399e-06, 2.42290502683e-06, 2.41561610892e-06, 2.28744397646e-06, 1.92425522982e-06, 1.7182181864e-06, 1.03444835986e-06, 6.98487667705e-07, 3.96309616235e-07],
        "median": [0.000135665846756, 0.000292870972771, 0.000259972090134, 0.000208322540857, 0.000212821367313, 0.00018195984012, 0.000168416969245, 9.04198241187e-05, 7.27407896193e-05, 7.79321417212e-05, 7.64378492022e-05, 6.30234426353e-05, 4.18820782215e-05, 3.72433460143e-05, 2.67381765298e-05, 2.25485400733e-05, 1.77769470611e-05, 1.89882975974e-05, 1.59260980581e-05, 1.52113925651e-05, 1.38531131597e-05, 9.48552951741e-06, 1.05705985334e-05, 1.10008468255e-05, 9.60596389632e-06, 7.42465999792e-06, 6.22480683887e-06, 5.15667443324e-06, 3.48275170836e-06, 1.79099777142e-06, 1.26790575905e-06, 9.05173976662e-07, 7.12173800821e-07, 6.73451779676e-07, 7.12998883046e-07, 6.61794956613e-07, 5.14669295626e-07, 3.02949700881e-07, 1.75769812927e-07, 9.52475147642e-08],
        "min": [4.8451931462e-24, 4.17741923449e-24, 5.92193818916e-24, 6.10300188286e-24, 1.15617639414e-23, 2.83065002245e-23, 1.74679947266e-23, 1.17027452181e-23, 7.33103900896e-24, 1.92256888417e-23, 1.61533375177e-23, 8.78582473593e-24, 2.11179168733e-23, 1.11206715774e-23, 8.86407973773e-24, 1.44937177458e-23, 3.55541976566e-24, 4.55979234259e-24, 2.96162148255e-24, 8.04891347676e-24, 4.37123170928e-24, 2.73353260699e-24, 8.84109548639e-24, 1.22482346454e-23, 1.08105522117e-23, 1.19896996832e-23, 7.13070462663e-24, 5.99633605556e-24, 5.69794823487e-24, 8.54246587983e-24, 1.23060707715e-23, 1.16282862149e-23, 8.73520984253e-24, 1.01886379399e-23, 8.75316273901e-24, 1.12675921878e-23, 8.60575619026e-24, 1.02195510322e-23, 1.18436578638e-23, 1.23799294515e-23],
        "var": [1.2333335917e-06, 1.374869953e-06, 7.15430530818e-07, 2.65842459157e-06, 1.63280355991e-06, 4.41363624759e-07, 4.34839307673e-07, 2.07717150147e-07, 1.0328498945e-07, 2.96683168699e-07, 2.51147667996e-07, 2.36618234339e-07, 1.46682126001e-07, 2.04047097441e-07, 6.4816639167e-08, 2.9063041751e-08, 2.21532943101e-08, 1.56986832422e-08, 4.29812896385e-09, 7.4294024266e-09, 6.60235111027e-09, 6.66361232859e-09, 3.17481085865e-09, 2.90181190188e-09, 1.09097497702e-09, 7.50292328267e-10, 4.76745420919e-10, 8.98346785849e-10, 2.45293507728e-10, 2.31215269153e-10, 1.6876289255e-10, 1.16536461037e-10, 8.92782167639e-11, 1.05247206783e-10, 7.7766869333e-11, 4.62452229288e-11, 4.56599202892e-11, 1.68072604445e-11, 8.6808416358e-12, 2.04716170231e-12]
    },
    "mfcc": {
        "mean": [-626.930664062, 115.93863678, -15.3193597794, 16.2328987122, -5.08894014359, -2.66020035744, -2.39105510712, 3.28959822655, -7.84536075592, 3.18872570992, -8.26149082184, -0.0568505227566, -3.1722676754],
        "cov": [[1764.17785645, -329.226348877, -22.0124073029, 186.680343628, 54.2959861755, 62.6451530457, 185.839538574, 0.472406685352, 61.5783309937, 79.6746749878, 14.3418550491, -3.85779643059, 73.9367752075], [-329.226348877, 733.051330566, -45.0634422302, 18.5956039429, 27.2318954468, -8.40571880341, 77.1299133301, 23.3867301941, -45.8109169006, 26.0017795563, 7.91027402878, -3.22974681854, -24.6749992371], [-22.0124073029, -45.0634422302, 682.554382324, 82.4642181396, 174.801742554, 28.2553043365, -125.743545532, 12.3122882843, -29.1027793884, -51.9587936401, -22.5955734253, 6.35264921188, -39.3956260681], [186.680343628, 18.5956039429, 82.4642181396, 378.986785889, 126.973312378, -30.8853225708, 12.9912748337, 2.24436378479, 15.2950868607, 9.84529590607, -54.3715591431, 33.4473724365, 29.6922988892], [54.2959861755, 27.2318954468, 174.801742554, 126.973312378, 255.647445679, -10.1416959763, -51.8875579834, 17.0294799805, -0.355702608824, -11.9913291931, -40.8168334961, 15.4411907196, -3.28282165527], [62.6451530457, -8.40571880341, 28.2553043365, -30.8853225708, -10.1416959763, 234.293502808, 109.352302551, 29.620218277, 25.6970558167, -0.781105875969, 58.2018241882, 1.85933041573, 17.4426269531], [185.839538574, 77.1299133301, -125.743545532, 12.9912748337, -51.8875579834, 109.352302551, 298.891143799, 33.3912010193, -3.04132390022, 47.6998519897, 31.803483963, -7.1936674118, 23.5323486328], [0.472406685352, 23.3867301941, 12.3122882843, 2.24436378479, 17.0294799805, 29.620218277, 33.3912010193, 121.70513916, 45.7257194519, 2.36800312996, 9.62542247772, 8.84377479553, 6.0673995018], [61.5783309937, -45.8109169006, -29.1027793884, 15.2950868607, -0.355702608824, 25.6970558167, -3.04132390022, 45.7257194519, 128.392715454, 27.1249961853, 23.9740390778, 17.7689304352, 17.0098285675], [79.6746749878, 26.0017795563, -51.9587936401, 9.84529590607, -11.9913291931, -0.781105875969, 47.6998519897, 2.36800312996, 27.1249961853, 113.188835144, 29.6911697388, -2.46343803406, 8.04407310486], [14.3418550491, 7.91027402878, -22.5955734253, -54.3715591431, -40.8168334961, 58.2018241882, 31.803483963, 9.62542247772, 23.9740390778, 29.6911697388, 114.239372253, 30.9806556702, 11.1996278763], [-3.85779643059, -3.22974681854, 6.35264921188, 33.4473724365, 15.4411907196, 1.85933041573, -7.1936674118, 8.84377479553, 17.7689304352, -2.46343803406, 30.9806556702, 90.0721054077, 36.351600647], [73.9367752075, -24.6749992371, -39.3956260681, 29.6922988892, -3.28282165527, 17.4426269531, 23.5323486328, 6.0673995018, 17.0098285675, 8.04407310486, 11.1996278763, 36.351600647, 81.8903045654]],
