{
"lowlevel": {
    "average_loudness": 0.94686037302,
    "barkbands_crest": {
        "dmean": 2.49855566025,
        "dmean2": 4.03578996658,
        "dvar": 5.36226081848,
        "dvar2": 12.9146375656,
        "max": 24.7512931824,
        "mean": 8.23981189728,
        "median": 7.40142726898,
        "min": 2.08316445351,
        "var": 13.2292966843
    },
    "barkbands_flatness_db": {
        "dmean": 0.018410962075,
        "dmean2": 0.0279713720083,
        "dvar": 0.000289328687359,
        "dvar2": 0.000619367056061,
        "max": 0.29309540987,
        "mean": 0.0999998152256,
        "median": 0.091180190444,
        "min": 0.0156380459666,
        "var": 0.0021246613469
    },
    "barkbands_kurtosis": {
        "dmean": 1.26905965805,
        "dmean2": 2.00756287575,
        "dvar": 3.95121908188,
        "dvar2": 9.12843227386,
        "max": 51.0225906372,
        "mean": 1.17705798149,
        "median": 0.29444038868,
        "min": -1.90731489658,
        "var": 12.1058292389
    },
    "barkbands_skewness": {
        "dmean": 0.407274752855,
        "dmean2": 0.609622895718,
        "dvar": 0.173736736178,
        "dvar2": 0.36174595356,
        "max": 6.34826612473,
        "mean": 0.794121265411,
        "median": 0.734548866749,
        "min": -4.47243309021,
        "var": 0.778255164623
    },
    "barkbands_spread": {
        "dmean": 7.11206579208,
        "dmean2": 10.7217226028,
        "dvar": 70.4169235229,
        "dvar2": 143.72744751,
        "max": 105.995651245,
        "mean": 29.0957317352,
        "median": 26.4144210815,
        "min": 1.59470045567,
        "var": 269.996948242
    },
    "dissonance": {
        "dmean": 0.0163203086704,
        "dmean2": 0.027403222397,
        "dvar": 0.000274817401078,
        "dvar2": 0.0007281290018,
        "max": 0.500000119209,
        "mean": 0.471114754677,
        "median": 0.478645563126,
        "min": 0.213631153107,
        "var": 0.000668220687658
    },
    "dynamic_complexity": 2.55783677101,
    "erbbands_crest": {
        "dmean": 2.44687128067,
        "dmean2": 3.92666482925,
        "dvar": 5.54929828644,
        "dvar2": 13.5214996338,
        "max": 29.98736763,
        "mean": 8.47150802612,
        "median": 7.52860164642,
        "min": 2.25898385048,
        "var": 16.9843387604
    },
    "erbbands_flatness_db": {
        "dmean": 0.0189417507499,
        "dmean2": 0.0261203665286,
        "dvar": 0.000344961357769,
        "dvar2": 0.000609986600466,
        "max": 0.341403692961,
        "mean": 0.15295702219,
        "median": 0.14815326035,
        "min": 0.0453243739903,
        "var": 0.00304693682119
    },
    "erbbands_kurtosis": {
        "dmean": 0.944948554039,
        "dmean2": 1.4655367136,
        "dvar": 1.9840284586,
        "dvar2": 4.2700252533,
        "max": 31.0051727295,
        "mean": 0.872670531273,
        "median": 0.308129310608,
        "min": -1.69372963905,
        "var": 4.65848493576
    },
    "erbbands_skewness": {
        "dmean": 0.342583537102,
        "dmean2": 0.510710060596,
        "dvar": 0.121595323086,
        "dvar2": 0.233049109578,
        "max": 4.0451374054,
        "mean": 0.291043609381,
        "median": 0.30386865139,
        "min": -5.20085668564,
        "var": 0.621840715408
    },
    "erbbands_spread": {
        "dmean": 7.32558631897,
        "dmean2": 10.842247963,
        "dvar": 68.0596313477,
        "dvar2": 147.904785156,
        "max": 127.508590698,
        "mean": 32.8239402771,
        "median": 29.6016139984,
        "min": 2.8310918808,
        "var": 282.546142578
    },
    "hfc": {
        "dmean": 12.9539031982,
        "dmean2": 18.7420692444,
        "dvar": 446.800872803,
        "dvar2": 945.103637695,
        "max": 317.178344727,
        "mean": 34.0057830811,
        "median": 27.3778266907,
        "min": 1.22459179544e-16,
        "var": 969.981018066
    },
    "melbands_crest": {
        "dmean": 3.01984977722,
        "dmean2": 4.8690161705,
        "dvar": 7.17708778381,
        "dvar2": 17.7470016479,
        "max": 31.8752346039,
        "mean": 11.5431118011,
        "median": 10.5994873047,
        "min": 1.99176836014,
        "var": 20.806646347
    },
    "melbands_flatness_db": {
        "dmean": 0.0224399697036,
        "dmean2": 0.0338854044676,
        "dvar": 0.000451564555988,
        "dvar2": 0.000964490580373,
        "max": 0.374360233545,
        "mean": 0.153581380844,
        "median": 0.144100889564,
        "min": 0.00598455406725,
        "var": 0.00283557362854
    },
    "melbands_kurtosis": {
        "dmean": 3.12222027779,
        "dmean2": 4.93590545654,
        "dvar": 34.8932228088,
        "dvar2": 91.5158691406,
        "max": 248.374206543,
        "mean": 5.37496566772,
        "median": 2.80260467529,
        "min": -1.9453792572,
        "var": 76.2369918823
    },
    "melbands_skewness": {
        "dmean": 0.542471170425,
        "dmean2": 0.82764095068,
        "dvar": 0.318666040897,
        "dvar2": 0.741954982281,
        "max": 13.8299713135,
        "mean": 1.65649294853,
        "median": 1.49067258835,
        "min": -1.80687904358,
        "var": 1.46598351002
    },
    "melbands_spread": {
        "dmean": 9.27910709381,
        "dmean2": 13.9578762054,
        "dvar": 187.754135132,
        "dvar2": 338.931365967,
        "max": 256.254058838,
        "mean": 34.8759346008,
        "median": 31.3161315918,
        "min": 1.94161427021,
        "var": 593.478271484
    },
    "pitch_salience": {
        "dmean": 0.0678496584296,
        "dmean2": 0.10779324919,
        "dvar": 0.00351033289917,
        "dvar2": 0.00843197107315,
        "max": 0.900759875774,
        "mean": 0.595313847065,
        "median": 0.598622739315,
        "min": 0.13665124774,
        "var": 0.0112796379253
    },
    "silence_rate_20dB": {
        "dmean": 0,
        "dmean2": 0,
        "dvar": 0,
        "dvar2": 0,
        "max": 1,
        "mean": 1,
        "median": 1,
        "min": 1,
        "var": 0
    },
    "silence_rate_30dB": {
        "dmean": 0,
        "dmean2": 0,
        "dvar": 0,
        "dvar2": 0,
        "max": 1,
        "mean": 1,
        "median": 1,
        "min": 1,
        "var": 0
    },
    "silence_rate_60dB": {
        "dmean": 0.00829957518727,
        "dmean2": 0.0166007913649,
        "dvar": 0.00823048688471,
        "dvar2": 0.0196840371937,
        "max": 1,
        "mean": 0.0290456432849,
        "median": 0,
        "min": 0,
        "var": 0.0282078906894
    },
    "spectral_centroid": {
        "dmean": 253.695983887,
        "dmean2": 374.742645264,
        "dvar": 99952.40625,
        "dvar2": 174057.453125,
        "max": 7347.62548828,
        "mean": 1682.96228027,
        "median": 1643.76708984,
        "min": 284.885864258,
        "var": 441640.375
    },
    "spectral_complexity": {
        "dmean": 4.20057296753,
        "dmean2": 6.49575090408,
        "dvar": 18.756275177,
        "dvar2": 40.051864624,
        "max": 62,
        "mean": 24.8489437103,
        "median": 25,
        "min": 0,
        "var": 91.4720687866
    },
    "spectral_decrease": {
        "dmean": 1.77148717917e-09,
        "dmean2": 2.83026313497e-09,
        "dvar": 4.21821125603e-18,
        "dvar2": 1.02421486903e-17,
        "max": 5.80945573257e-29,
        "mean": -5.98452887246e-09,
        "median": -5.83632653317e-09,
        "min": -2.63478696638e-08,
        "var": 1.20665261369e-17
    },
    "spectral_energy": {
        "dmean": 0.00748927565292,
        "dmean2": 0.0119072375819,
        "dvar": 7.46310397517e-05,
        "dvar2": 0.000178998103365,
        "max": 0.104369930923,
        "mean": 0.0256715007126,
        "median": 0.0254441052675,
        "min": 1.08881444757e-20,
        "var": 0.000217436478124
    },
    "spectral_energyband_high": {
        "dmean": 0.00111545727123,
        "dmean2": 0.00159113435075,
        "dvar": 6.94608615959e-06,
        "dvar2": 1.40657903103e-05,
        "max": 0.0513188764453,
        "mean": 0.00191319128498,
        "median": 0.000804450246505,
        "min": 7.84297437023e-21,
        "var": 1.36647840918e-05
    },
    "spectral_energyband_low": {
        "dmean": 0.00298815686256,
        "dmean2": 0.00492658792064,
        "dvar": 2.28415919992e-05,
        "dvar2": 6.23350206297e-05,
        "max": 0.0598888397217,
        "mean": 0.00546591961756,
        "median": 0.00366449961439,
        "min": 7.52821132123e-23,
        "var": 3.77090691472e-05
    },
    "spectral_energyband_middle_high": {
        "dmean": 0.0028637596406,
        "dmean2": 0.00436529237777,
        "dvar": 1.45629983308e-05,
        "dvar2": 3.32076488121e-05,
        "max": 0.0553631186485,
        "mean": 0.00940536893904,
        "median": 0.00606906879693,
        "min": 1.62385984879e-21,
        "var": 7.39295719541e-05
    },
    "spectral_energyband_middle_low": {
        "dmean": 0.00406616693363,
        "dmean2": 0.0063238888979,
        "dvar": 3.61595484719e-05,
        "dvar2": 8.30853095977e-05,
        "max": 0.0925643891096,
        "mean": 0.00957971438766,
        "median": 0.00689180148765,
        "min": 2.72173572069e-22,
        "var": 8.05938325357e-05
    },
    "spectral_entropy": {
        "dmean": 0.135772615671,
        "dmean2": 0.190382272005,
        "dvar": 0.0215917043388,
        "dvar2": 0.0387036167085,
        "max": 9.70821666718,
        "mean": 7.78993558884,
        "median": 7.82664775848,
        "min": 5.89187002182,
        "var": 0.174803674221
    },
    "spectral_flux": {
        "dmean": 0.0222403500229,
        "dmean2": 0.0354202650487,
        "dvar": 0.000536110368557,
        "dvar2": 0.00122073828243,
        "max": 0.263065576553,
        "mean": 0.0916977375746,
        "median": 0.0908805280924,
        "min": 3.75356648874e-05,
        "var": 0.00173168221954
    },
    "spectral_kurtosis": {
        "dmean": 1.37855517864,
        "dmean2": 2.24925994873,
        "dvar": 4.51040649414,
        "dvar2": 11.809056282,
        "max": 47.4628982544,
        "mean": 4.33872747421,
        "median": 3.80553150177,
        "min": -1.31202292442,
        "var": 10.8687000275
    },
    "spectral_rms": {
        "dmean": 0.000712674693204,
        "dmean2": 0.00111109181307,
        "dvar": 5.73113709379e-07,
        "dvar2": 1.27324187815e-06,
        "max": 0.0100908037275,
        "mean": 0.00475775357336,
        "median": 0.00498232059181,
        "min": 3.25922990853e-12,
        "var": 2.40917665906e-06
    },
    "spectral_rolloff": {
        "dmean": 754.221984863,
        "dmean2": 1215.05078125,
        "dvar": 1895506,
        "dvar2": 4073364,
        "max": 18970.7519531,
        "mean": 2238.52807617,
        "median": 1722.65625,
        "min": 86.1328125,
        "var": 3380470
    },
    "spectral_skewness": {
        "dmean": 0.206377714872,
        "dmean2": 0.310521751642,
        "dvar": 0.0594748929143,
        "dvar2": 0.125856995583,
        "max": 5.08649730682,
        "mean": 1.52117240429,
        "median": 1.5387377739,
        "min": -0.875614643097,
        "var": 0.256783425808
    },
    "spectral_spread": {
        "dmean": 636364.625,
        "dmean2": 833426.0625,
        "dvar": 715254398976,
        "dvar2": 1.06244675994e+12,
        "max": 47841316,
        "mean": 4806911,
        "median": 4498790,
        "min": 1313335.125,
        "var": 3.18031292006e+12
    },
    "spectral_strongpeak": {
        "dmean": 0.782154023647,
        "dmean2": 1.31134259701,
        "dvar": 1.44948196411,
        "dvar2": 3.59452438354,
        "max": 16.7961578369,
        "mean": 1.31041967869,
        "median": 0.574788331985,
        "min": 0,
        "var": 2.74734354019
    },
    "zerocrossingrate": {
        "dmean": 0.0165063273162,
        "dmean2": 0.018205460161,
        "dvar": 0.000389306893339,
        "dvar2": 0.00045427569421,
        "max": 0.51513671875,
        "mean": 0.0858124643564,
        "median": 0.0751953125,
        "min": 0.01025390625,
        "var": 0.00203333608806
    },
    "barkbands": {
        "dmean": [5.81550302741e-05, 0.00214163260534, 0.00113468186464, 0.000647656270303, 0.00121433415916, 0.00113354180939, 0.000889080169145, 0.000972404552158, 0.00121315137949, 0.000932904076762, 0.000926292792428, 0.000799316447228, 0.000475189503049, 0.000602718733717, 0.000518674554769, 0.000367779284716, 0.000288071372779, 0.000229179742746, 0.000252818223089, 0.000234464052483, 0.000219902896788, 0.000213103601709, 0.000212337108678, 0.000158224807819, 0.00012164524378, 0.000205308926525, 2.66103907052e-05],
        "dmean2": [9.49283057707e-05, 0.00351049657911, 0.00188862835057, 0.00106852978934, 0.00200038054027, 0.00182482833043, 0.00142235809471, 0.00156529515516, 0.00194895011373, 0.00151949631982, 0.00146813679021, 0.00128008739557, 0.000763730960898, 0.000971266475972, 0.000832609308418, 0.000578574778046, 0.000452683132607, 0.000366663152818, 0.000398795556976, 0.000367181375623, 0.00034874828998, 0.000326305133058, 0.000318758480716, 0.000227515760344, 0.000174968736246, 0.000298181490507, 3.84355516871e-05],
        "dvar": [2.73891682667e-08, 1.7249109078e-05, 4.06537083109e-06, 1.53388225499e-06, 4.48612354376e-06, 6.95208882462e-06, 4.8360875553e-06, 6.56044994685e-06, 7.47543890611e-06, 4.70359009341e-06, 3.78531649403e-06, 2.51176015809e-06, 9.34426111598e-07, 1.6165353145e-06, 1.27672183226e-06, 7.86818247889e-07, 5.32628632754e-07, 3.10945978299e-07, 5.18361446211e-07, 2.47419706056e-07, 5.83060000281e-07, 8.31270483559e-07, 6.34773016372e-07, 2.16765883465e-07, 9.24722556306e-08, 2.30567252402e-07, 5.14959808129e-09],
        "dvar2": [7.17173449516e-08, 4.55186491308e-05, 1.07625392047e-05, 4.06493381888e-06, 1.09316124508e-05, 1.63690347108e-05, 1.11994149847e-05, 1.55330726557e-05, 1.69233444467e-05, 1.1813319361e-05, 8.82711810846e-06, 6.24756785328e-06, 2.16829312194e-06, 3.89032766179e-06, 3.05665730593e-06, 1.74681747467e-06, 1.09651421099e-06, 7.32449336738e-07, 1.20415040783e-06, 5.57949419999e-07, 1.2653650856e-06, 1.85895942195e-06, 1.36073811063e-06, 3.97430142129e-07, 2.01420363055e-07, 4.84496638364e-07, 1.10777476081e-08],
        "max": [0.00461938465014, 0.054405413568, 0.0310083571821, 0.0211690180004, 0.0460830628872, 0.0768577009439, 0.0495464242995, 0.0622743740678, 0.0598094426095, 0.0504987239838, 0.0396785624325, 0.0408755503595, 0.0210719928145, 0.0309118237346, 0.0248314104974, 0.0263118576258, 0.0256140008569, 0.0204137898982, 0.0243091285229, 0.0164862349629, 0.0199729166925, 0.027025802061, 0.0231524072587, 0.0123610114679, 0.0157536752522, 0.00467945309356, 0.0008305181982],
        "mean": [9.6676281828e-05, 0.0029814937152, 0.00187771231867, 0.000965647981502, 0.00190766365267, 0.00176242552698, 0.00131593667902, 0.00134997523855, 0.0019097722834, 0.00148809293751, 0.00159924663603, 0.00148646079469, 0.000809416815173, 0.00101241096854, 0.000904576387256, 0.000657920434605, 0.0005369586288, 0.000442356453277, 0.000461944408016, 0.000432602653746, 0.000332214112859, 0.000309490453219, 0.000332488911226, 0.000267021852778, 0.000180087285116, 0.000222838512855, 2.8064032449e-05],
        "median": [2.78948318737e-05, 0.00142593448982, 0.000978580326773, 0.000533932005055, 0.00102300127037, 0.00065975234611, 0.00046419876162, 0.000478618370835, 0.000740122690331, 0.000510269310325, 0.00050771702081, 0.000592956726905, 0.000400330434786, 0.000448624137789, 0.000430871645221, 0.00028290390037, 0.000238832726609, 0.00024769702577, 0.000255948107224, 0.000267137424089, 0.000128339306684, 9.22736653592e-05, 0.000103513899376, 8.50342912599e-05, 4.06463150284e-05, 2.16748230741e-05, 9.94059064396e-07],
        "min": [1.30355919818e-23, 3.43603071636e-23, 2.88448441498e-23, 1.3617968545e-23, 3.2343858783e-23, 4.51189436503e-23, 4.85417290765e-23, 2.52998168377e-23, 5.32787567709e-23, 1.4797807532e-22, 8.54527327802e-23, 1.49054321408e-22, 1.96838702995e-23, 5.75369900719e-23, 1.10350091717e-22, 1.53812932337e-22, 9.70438825792e-23, 3.36138604694e-22, 2.9937299121e-22, 4.51827113794e-22, 3.31784950778e-22, 4.08970206701e-22, 5.60766760077e-22, 8.09722325549e-22, 1.46063617188e-21, 1.94109381209e-21, 2.40508680188e-21],
        "var": [6.0479770525e-08, 2.38633820118e-05, 5.97705957261e-06, 1.87980106148e-06, 7.5842053775e-06, 1.19045344036e-05, 7.21418564353e-06, 8.6462159743e-06, 1.33249004648e-05, 9.16878161661e-06, 1.04012060547e-05, 7.36741185392e-06, 1.88595254258e-06, 3.03355955111e-06, 2.31988406085e-06, 2.10452185456e-06, 1.60225101808e-06, 5.40677945082e-07, 8.69280029292e-07, 4.43930190386e-07, 9.25596282286e-07, 1.27813098061e-06, 1.104697958e-06, 5.33748732323e-07, 1.67136306573e-07, 2.87451911163e-07, 6.16271433884e-09]
    },
    "erbbands": {
        "dmean": [0.056034617126, 0.519377529621, 1.16842103004, 1.71148228645, 3.42543745041, 4.07606744766, 6.02981138229, 10.731215477, 11.5534286499, 16.8256034851, 21.3151607513, 24.6829986572, 30.139333725, 29.9468364716, 34.1356697083, 24.5027103424, 19.5212669373, 27.5437602997, 25.6105175018, 23.0970592499, 18.4869785309, 15.0478973389, 11.3416910172, 12.7762069702, 11.652677536, 10.9861469269, 9.27727603912, 8.54794025421, 7.20586156845, 7.39186763763, 5.8384013176, 3.78095316887, 2.56332397461, 1.44694209099, 0.878109276295, 0.609633088112, 0.439611464739, 0.0921108797193, 0.00413280306384, 0.00011366554827],
        "dmean2": [0.0891757458448, 0.862119197845, 1.95141005516, 2.79215288162, 5.67594242096, 6.71111059189, 9.60026931763, 17.4620037079, 18.3545455933, 26.7470607758, 34.1231994629, 39.197769165, 48.4751243591, 47.2875289917, 53.6199684143, 39.0010757446, 31.2581806183, 44.003993988, 40.2130355835, 36.5911827087, 28.6016311646, 23.2638111115, 17.9038391113, 20.2013645172, 18.3049583435, 17.2340736389, 14.6877222061, 13.3608169556, 10.9759569168, 11.1506137848, 8.75124835968, 5.47635889053, 3.78112721443, 2.11452507973, 1.25259399414, 0.88249707222, 0.631332576275, 0.136353120208, 0.00585851352662, 0.00015949603403],
        "dvar": [0.0126774022356, 0.978077292442, 3.93313455582, 8.73376178741, 50.6177177429, 60.0776672363, 198.116867065, 705.173522949, 874.055114746, 1932.54223633, 3175.89575195, 4009.72167969, 4572.77099609, 3849.76831055, 4742.06591797, 2209.3034668, 1649.1887207, 3606.74511719, 3102.97607422, 2627.21875, 2131.28808594, 1265.80114746, 742.273986816, 1017.7376709, 1354.89428711, 548.421020508, 695.40447998, 1009.19958496, 809.505065918, 1023.16619873, 450.643859863, 137.658355713, 53.0128326416, 19.2295780182, 3.46309423447, 1.73599278927, 1.1455578804, 0.0618140436709, 0.00011676162103, 8.38192519836e-08],
        "dvar2": [0.0320702008903, 2.65603423119, 10.4547195435, 22.528799057, 128.738876343, 138.769241333, 434.210174561, 1675.72253418, 2028.01623535, 4673.19628906, 7316.48925781, 8615.29492188, 11589.0566406, 9118.94726562, 11230.9521484, 5313.32275391, 3916.07739258, 8732.64355469, 6957.93066406, 6147.19824219, 4556.93652344, 2549.68725586, 1736.81604004, 2416.4375, 3150.53881836, 1227.12145996, 1577.23059082, 2118.19091797, 1738.20593262, 2184.69042969, 984.227966309, 261.897857666, 104.276596069, 43.5537719727, 7.21374607086, 3.7321293354, 2.35923886299, 0.137176394463, 0.000241873392952, 1.66645804711e-07],
        "max": [1.42135369778, 14.357208252, 35.5935440063, 40.9850311279, 147.93371582, 285.662353516, 370.812530518, 875.901550293, 810.754699707, 1186.85534668, 1513.75561523, 1828.06298828, 1425.36730957, 1221.86523438, 1732.10083008, 1097.42956543, 885.892944336, 1810.48217773, 1545.16174316, 1376.64379883, 1678.64221191, 1487.44116211, 938.912414551, 987.594421387, 1499.98937988, 775.307250977, 682.502563477, 770.276611328, 763.615966797, 978.135192871, 572.975585938, 293.533477783, 182.464263916, 259.649291992, 58.147857666, 16.192779541, 10.4651165009, 2.77764511108, 0.120950475335, 0.00483869947493],
        "mean": [0.076182872057, 0.71053558588, 2.00052165985, 3.01008582115, 4.71302509308, 6.32175111771, 9.35333251953, 16.1283149719, 17.7270832062, 25.196056366, 31.4279670715, 39.3862037659, 50.0202636719, 55.2683753967, 66.8279724121, 49.7600097656, 37.4852905273, 49.5071144104, 47.8829307556, 43.9945602417, 36.8478546143, 30.3519706726, 24.1360721588, 24.8959217072, 21.7554683685, 20.2753429413, 14.9196691513, 12.728053093, 10.5621442795, 10.7805519104, 9.3478975296, 6.58484745026, 3.96698355675, 2.19492292404, 1.20956325531, 0.744998931885, 0.467339485884, 0.0914240404963, 0.00445973407477, 0.000151939864736],
        "median": [0.0307991672307, 0.339005529881, 1.08630883694, 1.93021178246, 2.28472852707, 2.9990901947, 3.77435970306, 5.67239093781, 6.89228963852, 8.82052612305, 12.2013206482, 15.9508628845, 19.9735832214, 20.4192867279, 25.8876285553, 22.622674942, 19.8930969238, 24.8409194946, 22.151714325, 23.9041252136, 16.6277732849, 14.761138916, 13.778842926, 14.4576206207, 12.6996536255, 12.5553874969, 7.52510166168, 4.20576000214, 3.24996376038, 3.07222270966, 3.04344153404, 2.34030485153, 1.08038377762, 0.501891374588, 0.253195762634, 0.122050017118, 0.0317244157195, 0.00364819215611, 0.000200664013391, 4.68580255983e-05],
        "min": [7.4372331921e-22, 9.03967368764e-21, 3.63647014972e-20, 3.34366630745e-20, 5.98156402169e-20, 1.10180392969e-19, 1.38003246182e-19, 5.28445626799e-19, 8.82056394775e-19, 5.22482068173e-19, 6.26016594832e-19, 1.20878591249e-18, 3.33041298703e-18, 5.00772247707e-18, 3.16366578325e-18, 7.11974619149e-18, 1.41822938776e-18, 2.42091301428e-18, 4.87210497488e-18, 7.75353197683e-18, 6.71292842648e-18, 6.23711635376e-18, 1.27225283392e-17, 1.61478046736e-17, 1.85506899068e-17, 2.2570564345e-17, 1.62491839295e-17, 1.30445323808e-17, 1.3779513788e-17, 1.6240319862e-17, 1.74205990627e-17, 1.58009215206e-17, 1.41568107177e-17, 1.69434134565e-17, 1.01953410209e-17, 7.29239119304e-18, 3.66979960889e-18, 1.09024824238e-18, 3.25050160129e-19, 3.84164034532e-20],
        "var": [0.0176726728678, 1.30124056339, 6.11686086655, 12.5020647049, 60.1420402527, 128.850357056, 337.809265137, 1157.20849609, 1280.25146484, 2741.25170898, 4349.60498047, 6866.55664062, 7607.65625, 10174.5634766, 14341.7382812, 6623.59082031, 3442.31225586, 6508.76806641, 6605.65039062, 4673.95019531, 6953.51171875, 4042.42724609, 1539.50292969, 1681.82885742, 2267.79492188, 1003.9699707, 1042.75927734, 1692.07861328, 1333.59887695, 1651.6114502, 791.096435547, 317.764251709, 118.108970642, 34.7152824402, 5.8355679512, 2.28525924683, 1.44167494774, 0.0687163025141, 0.000146795413457, 1.13500384202e-07]
    },
    "gfcc": {
        "mean": [28.7741394043, 73.0772247314, -127.581642151, 22.263299942, -56.1802825928, 18.015838623, -33.1542510986, 9.14993190765, -23.1301383972, 2.49512076378, -16.4090557098, 0.251686185598, -13.732213974],
        "cov": [[4343.09912109, -1567.41271973, 753.209899902, 104.051048279, 261.780609131, 410.528625488, -42.4730873108, 342.645294189, -306.199920654, 228.965026855, -152.902526855, 96.7303848267, -103.866416931], [-1567.41271973, 1592.90124512, -456.336029053, -38.2958908081, -72.9476852417, -323.313293457, 37.4242553711, -188.335891724, 225.065414429, -139.251785278, 183.926315308, -124.116577148, 62.6953010559], [753.209899902, -456.336029053, 1005.39355469, 106.271453857, 199.108306885, 142.128692627, -97.9371261597, 53.2726821899, -130.972167969, 140.916366577, -100.36265564, 100.062843323, -39.1257553101], [104.051048279, -38.2958908081, 106.271453857, 471.532592773, -24.7496509552, 65.0754089355, -12.5540504456, -41.0730361938, 78.2321624756, 17.9011993408, 59.3701400757, 11.8794746399, 22.1528530121], [261.780609131, -72.9476852417, 199.108306885, -24.7496509552, 307.75567627, 118.125320435, 29.0236721039, 71.3408050537, -59.0526504517, 70.0409393311, -39.7220306396, 37.8834342957, -7.2990527153], [410.528625488, -323.313293457, 142.128692627, 65.0754089355, 118.125320435, 397.312133789, 91.6187515259, 108.236274719, -57.0701637268, 77.5451278687, -11.1298913956, 41.9453201294, 4.9550614357], [-42.4730873108, 37.4242553711, -97.9371261597, -12.5540504456, 29.0236721039, 91.6187515259, 191.355239868, 20.8319606781, 13.9875831604, -2.7177863121, 5.25241279602, -10.0190057755, -0.823559761047], [342.645294189, -188.335891724, 53.2726821899, -41.0730361938, 71.3408050537, 108.236274719, 20.8319606781, 194.620880127, -10.9489803314, 41.0282287598, -18.0406990051, 23.9814662933, 2.03495287895], [-306.199920654, 225.065414429, -130.972167969, 78.2321624756, -59.0526504517, -57.0701637268, 13.9875831604, -10.9489803314, 183.913269043, 9.337890625, 61.3756103516, -5.84883546829, 18.7843151093], [228.965026855, -139.251785278, 140.916366577, 17.9011993408, 70.0409393311, 77.5451278687, -2.7177863121, 41.0282287598, 9.337890625, 142.649856567, 9.79297351837, 40.7253189087, -10.8835067749], [-152.902526855, 183.926315308, -100.36265564, 59.3701400757, -39.7220306396, -11.1298913956, 5.25241279602, -18.0406990051, 61.3756103516, 9.79297351837, 115.030197144, 6.11564826965, 22.9550304413], [96.7303848267, -124.116577148, 100.062843323, 11.8794746399, 37.8834342957, 41.9453201294, -10.0190057755, 23.9814662933, -5.84883546829, 40.7253189087, 6.11564826965, 91.424156189, 19.2133255005], [-103.866416931, 62.6953010559, -39.1257553101, 22.1528530121, -7.2990527153, 4.9550614357, -0.823559761047, 2.03495287895, 18.7843151093, -10.8835067749, 22.9550304413, 19.2133255005, 66.6156539917]],
        "icov": [[0.000428412895417, 0.000343795574736, -0.000108872329292, -0.000126224796986, -0.000133049019496, 9.20761085581e-05, -1.0502432815e-05, -0.000442205026047, 0.00034282534034, -0.00017060621758, -0.000344403582858, 0.000354354619049, 0.000206327575142], [0.000343795574736, 0.00181904167403, -0.000184896533028, 0.000443381111836, -0.00110886793118, 0.000757743022405, -0.000340712227626, 0.000600264873356, -0.00109848729335, 0.000885475019459, -0.00245561706834, 0.00206180894747, -0.000926470209379], [-0.000108872329292, -0.000184896533028, 0.0018338020891, -0.000649561407045, -0.000431897555245, -0.000164893979672, 0.00084940972738, 0.000127164414153, 0.000818593020085, -0.00114109681454, 0.00148868001997, -0.00144160666969, 0.000754438224249], [-0.000126224796986, 0.000443381111836, -0.000649561407045, 0.00312090548687, -0.000130578016979, -0.000800719426479, 0.000270464777714, 0.00137026817538, -0.00209644949064, 0.000929563888349, -0.00179835350718, 0.000898691592738, -0.000923198240343], [-0.000133049019496, -0.00110886793118, -0.000431897555245, -0.000130578016979, 0.00528361881152, -0.000837816973217, -0.000596252328251, -0.00124113529455, 0.00157165073324, -0.00199285917915, 0.00223482749425, -0.00162898434792, 0.000228674281971], [9.20761085581e-05, 0.000757743022405, -0.000164893979672, -0.000800719426479, -0.000837816973217, 0.0047694966197, -0.00232371827587, -0.00148140941747, 0.00132962525822, -0.00115398026537, -0.00118669704534, 0.000419533578679, -0.00110574089922], [-1.0502432815e-05, -0.000340712227626, 0.00084940972738, 0.000270464777714, -0.000596252328251, -0.00232371827587, 0.00699211796746, 0.000153690692969, -0.000881485524587, 0.000523310736753, 0.000629059271887, 8.1947138824e-05, 0.00099615030922], [-0.000442205026047, 0.000600264873356, 0.000127164414153, 0.00137026817538, -0.00124113529455, -0.00148140941747, 0.000153690692969, 0.00783903338015, -0.00221137702465, 0.000163708566106, -8.32068180898e-05, 0.000178429530933, -0.00127125368454], [0.00034282534034, -0.00109848729335, 0.000818593020085, -0.00209644949064, 0.00157165073324, 0.00132962525822, -0.000881485524587, -0.00221137702465, 0.0100245932117, -0.0033410966862, -0.00064095610287, -0.00109110784251, 3.92509064113e-05], [-0.00017060621758, 0.000885475019459, -0.00114109681454, 0.000929563888349, -0.00199285917915, -0.00115398026537, 0.000523310736753, 0.000163708566106, -0.0033410966862, 0.0119260093197, -0.00353611423634, -0.00192515680101, 0.00245457375422], [-0.000344403582858, -0.00245561706834, 0.00148868001997, -0.00179835350718, 0.00223482749425, -0.00118669704534, 0.000629059271887, -8.32068180898e-05, -0.00064095610287, -0.00353611423634, 0.0160997696221, -0.00394271826372, -0.00121766608208], [0.000354354619049, 0.00206180894747, -0.00144160666969, 0.000898691592738, -0.00162898434792, 0.000419533578679, 8.1947138824e-05, 0.000178429530933, -0.00109110784251, -0.00192515680101, -0.00394271826372, 0.0176847409457, -0.00649654213339], [0.000206327575142, -0.000926470209379, 0.000754438224249, -0.000923198240343, 0.000228674281971, -0.00110574089922, 0.00099615030922, -0.00127125368454, 3.92509064113e-05, 0.00245457375422, -0.00121766608208, -0.00649654213339, 0.0197969917208]]
    },
    "melbands": {
        "dmean": [0.000567536742892, 0.000597795646172, 0.000321401224937, 0.000267754745437, 0.000198914756766, 0.000232963284361, 0.000177032197826, 0.000192388455616, 0.000177127323695, 0.000165457473486, 0.000156585796503, 0.000126452287077, 0.000121410754218, 0.000100484670838, 5.13022314408e-05, 5.03523515363e-05, 5.49327960471e-05, 4.50352054031e-05, 4.07917541452e-05, 2.79034957202e-05, 2.25863095693e-05, 1.85278677236e-05, 1.06853121906e-05, 1.22694282254e-05, 1.12056732178e-05, 9.92621971818e-06, 8.23249411042e-06, 7.9433521023e-06, 6.21782146482e-06, 5.66899097976e-06, 4.93799007018e-06, 4.13877523897e-06, 4.52697668152e-06, 4.17208866565e-06, 3.55926613338e-06, 3.08605058308e-06, 2.15800218939e-06, 1.91143840311e-06, 1.56490204972e-06, 1.15753266527e-06],
        "dmean2": [0.000926391221583, 0.00100492569618, 0.000514016952366, 0.000446318415925, 0.000316830642987, 0.000376985262847, 0.000280357664451, 0.000307975831674, 0.000284457171801, 0.000263744150288, 0.000252892059507, 0.000200452122954, 0.00018971710233, 0.000160096256877, 8.20126369945e-05, 8.08761324151e-05, 8.8211367256e-05, 7.09893065505e-05, 6.53847309877e-05, 4.39823161287e-05, 3.53753785021e-05, 2.90079024126e-05, 1.70819348568e-05, 1.95262982743e-05, 1.78155405592e-05, 1.5799942048e-05, 1.28333467728e-05, 1.27544071802e-05, 1.00494971775e-05, 9.05503566173e-06, 7.78875164542e-06, 6.42600298306e-06, 6.9956945481e-06, 6.31908460491e-06, 5.3968415159e-06, 4.68143161925e-06, 3.14674912261e-06, 2.92119716505e-06, 2.32949400925e-06, 1.71945669081e-06],
        "dvar": [1.29188811115e-06, 9.37782374422e-07, 3.2820238971e-07, 2.43896209895e-07, 1.81258499765e-07, 3.11929994723e-07, 1.9212161817e-07, 2.40101371674e-07, 2.07855606504e-07, 1.5726216418e-07, 1.22137507219e-07, 7.09158598511e-08, 6.29978700317e-08, 4.13926031229e-08, 1.34322730716e-08, 1.05807167472e-08, 1.62186033492e-08, 1.07986215525e-08, 8.32441848786e-09, 4.47932579917e-09, 3.43011952175e-09, 2.31035302001e-09, 7.03564262405e-10, 1.05205422152e-09, 7.73555663969e-10, 1.01941111108e-09, 4.63583588184e-10, 2.64038568787e-10, 2.32383598475e-10, 4.5615117239e-10, 3.67446406635e-10, 2.54567339431e-10, 4.64111166165e-10, 3.15663772898e-10, 1.80890621926e-10, 1.0897125563e-10, 4.80958120552e-11, 3.17516533899e-11, 2.33473552991e-11, 1.26099269915e-11],
        "dvar2": [3.38258269039e-06, 2.53572875408e-06, 8.06447133073e-07, 6.10133554346e-07, 3.95629882632e-07, 7.40215000405e-07, 4.44568939884e-07, 5.85216412219e-07, 4.86174826619e-07, 3.3874869132e-07, 3.10471733656e-07, 1.67849293575e-07, 1.46524115507e-07, 1.0348160373e-07, 3.2878631373e-08, 2.39708679572e-08, 3.96702262151e-08, 2.4042410729e-08, 2.03641672414e-08, 1.01142054731e-08, 7.17592252286e-09, 4.82771111976e-09, 1.6201263664e-09, 2.54519738618e-09, 1.85002424491e-09, 2.44967623964e-09, 1.05659025973e-09, 6.01998784155e-10, 5.39884081885e-10, 1.03390351835e-09, 7.94266374893e-10, 5.63260160735e-10, 1.10666587005e-09, 6.8057948166e-10, 4.12523931681e-10, 2.35796104864e-10, 9.10449354796e-11, 6.5959918083e-11, 5.22348726772e-11, 2.91013272508e-11],
        "max": [0.0133307445794, 0.0156462080777, 0.00972573366016, 0.010900804773, 0.00969176832587, 0.0175634194165, 0.0111898873001, 0.0130668869242, 0.0103611862287, 0.0103958528489, 0.00748225720599, 0.00613470375538, 0.00623465282843, 0.00608002673835, 0.00272762146778, 0.00289048533887, 0.00390227511525, 0.00265388120897, 0.0023547867313, 0.00215039704926, 0.00196870323271, 0.00176483765244, 0.00100325839594, 0.00116872240324, 0.000889745948371, 0.00134515354875, 0.000787818920799, 0.000455175701063, 0.000399301439757, 0.000594322395045, 0.000515886582434, 0.000516732106917, 0.00079954508692, 0.000568146177102, 0.000415931630414, 0.000312483869493, 0.000187382815056, 0.000164178971318, 0.000177490001079, 0.000220188434469],
        "mean": [0.000771895807702, 0.00104176765308, 0.000576170103159, 0.000395134382416, 0.000321678060573, 0.000358610734111, 0.0002738708572, 0.000284616893623, 0.000255522289081, 0.000260914704995, 0.000253169680946, 0.00022211180476, 0.000222732138354, 0.000184619726497, 9.00729719433e-05, 8.78710052348e-05, 9.09987065825e-05, 7.66357770772e-05, 7.15720670996e-05, 4.83377589262e-05, 4.14995156461e-05, 3.35065778927e-05, 2.07383909583e-05, 2.2399082809e-05, 2.00061967917e-05, 1.70174498635e-05, 1.42355775097e-05, 1.36445187309e-05, 9.6758158179e-06, 8.14926625026e-06, 6.96726829119e-06, 5.77264927415e-06, 6.18465537627e-06, 5.85307816436e-06, 5.42187763131e-06, 4.92713115818e-06, 3.67502934751e-06, 2.8296765322e-06, 2.31063586398e-06, 1.69377005932e-06],
        "median": [0.000350924849045, 0.000617095618509, 0.000377186835976, 0.000203268515179, 0.000141239783261, 0.000133300884045, 0.000107660031063, 0.000102788231743, 9.28157242015e-05, 9.89079562714e-05, 9.45266656345e-05, 7.71092163632e-05, 7.77730165282e-05, 7.00893870089e-05, 3.81126301363e-05, 4.46521662525e-05, 4.21327094955e-05, 3.01985346596e-05, 3.33080388373e-05, 2.20146212087e-05, 1.6523667e-05, 1.46943220898e-05, 1.17166255222e-05, 1.17902054626e-05, 1.08277563413e-05, 9.33046612772e-06, 8.08061849966e-06, 7.9063429439e-06, 4.89086414746e-06, 2.85631949737e-06, 2.13160933527e-06, 1.75040395334e-06, 1.70400232946e-06, 1.61369257512e-06, 1.69872180322e-06, 1.65191249835e-06, 1.20306981444e-06, 7.51237507757e-07, 5.17890271112e-07, 3.7434352862e-07],
        "min": [8.85670704371e-24, 1.64451277002e-23, 6.09928674243e-24, 7.50406618219e-24, 4.719737441e-24, 1.22915391648e-23, 1.15720664648e-23, 5.52189183576e-24, 5.77899264883e-24, 7.6849046561e-24, 1.63259245065e-23, 1.99519725668e-23, 9.58207884555e-24, 1.76190284578e-23, 9.56590167497e-24, 2.29899350773e-24, 4.37399627232e-24, 7.13831397892e-24, 9.48411336518e-24, 1.15026411831e-23, 7.08088806047e-24, 5.79356567076e-24, 9.00063471586e-24, 1.4279695049e-23, 1.27032843254e-23, 1.13537547313e-23, 1.4864064275e-23, 1.56045632735e-23, 1.01007178143e-23, 8.76914032778e-24, 6.65307459207e-24, 7.09153373838e-24, 9.4635532834e-24, 8.61377496136e-24, 1.03127857137e-23, 8.92846262051e-24, 9.71942189574e-24, 1.00675754011e-23, 1.00935084145e-23, 1.58772787994e-23],
        "var": [1.72713998836e-06, 1.52476241055e-06, 4.86525664201e-07, 3.62854876812e-07, 3.40981330282e-07, 5.23668688857e-07, 2.86377286329e-07, 3.3195431115e-07, 2.86374074676e-07, 2.85479757167e-07, 2.0668485945e-07, 1.79253149213e-07, 1.78767706416e-07, 1.23006046238e-07, 3.32702860817e-08, 2.30956676006e-08, 2.74662639299e-08, 2.29392131956e-08, 1.53226746846e-08, 9.08190944671e-09, 1.10128723918e-08, 6.3718261778e-09, 1.5088779115e-09, 1.58587143417e-09, 1.23067611657e-09, 1.58719759558e-09, 7.97771959604e-10, 4.61460564205e-10, 3.37950140095e-10, 6.82153167286e-10, 5.77150605086e-10, 3.93553828415e-10, 6.24111651248e-10, 4.98280583461e-10, 2.91912743977e-10, 1.91777704828e-10, 1.13134654423e-10, 6.355901222e-11, 4.33509270148e-11, 2.12173906916e-11]
    },
    "mfcc": {
        "mean": [-612.480773926, 109.150848389, -12.8312082291, 11.1077013016, -1.91220676899, 6.98282051086, 0.890560567379, 6.29520368576, -2.84287977219, 7.09458684921, -4.27991533279, -0.400591552258, -0.43256175518],
        "cov": [[3727.47583008, -1183.42407227, 261.041137695, -89.9270248413, 245.807189941, 35.5232315063, 359.92489624, 68.8905334473, 138.601669312, 63.5030021667, 68.6087036133, 10.6304550171, -7.60585260391], [-1183.42407227, 1250.95092773, -261.367340088, 31.8412952423, -96.6837234497, -126.313842773, -148.708816528, -68.6646728516, -97.3782272339, 19.5182952881, -27.5102329254, -12.4564447403, 50.1597099304], [261.041137695, -261.367340088, 658.035888672, 110.070770264, 197.347869873, 95.3255386353, 50.8959884644, -39.3751182556, 31.7361602783, -47.958946228, 20.177192688, 32.6208763123, -13.5498733521], [-89.9270248413, 31.8412952423, 110.070770264, 361.189056396, 18.5590019226, 51.1679840088, -117.280578613, -28.2013568878, -52.2072181702, 14.0276956558, -28.3060932159, 31.8855133057, 39.3162345886], [245.807189941, -96.6837234497, 197.347869873, 18.5590019226, 321.281402588, 32.0013046265, 105.837059021, -12.8246679306, 66.2702560425, -22.7817420959, 25.171207428, 16.1010112762, 16.0918197632], [35.5232315063, -126.313842773, 95.3255386353, 51.1679840088, 32.0013046265, 278.039215088, 77.2884750366, 35.2484397888, 20.2544898987, 26.7659225464, 38.5106201172, 17.3795471191, 10.3561792374], [359.92489624, -148.708816528, 50.8959884644, -117.280578613, 105.837059021, 77.2884750366, 292.112823486, 54.7827606201, 84.2253112793, -5.34684181213, 36.9324493408, -15.9630270004, -22.7140350342], [68.8905334473, -68.6646728516, -39.3751182556, -28.2013568878, -12.8246679306, 35.2484397888, 54.7827606201, 131.394454956, 44.2484703064, 25.7455196381, 13.2907495499, 6.87674665451, -3.08433532715], [138.601669312, -97.3782272339, 31.7361602783, -52.2072181702, 66.2702560425, 20.2544898987, 84.2253112793, 44.2484703064, 133.812683105, 10.2237300873, 29.9946708679, 8.44005775452, -7.73010873795], [63.5030021667, 19.5182952881, -47.958946228, 14.0276956558, -22.7817420959, 26.7659225464, -5.34684181213, 25.7455196381, 10.2237300873, 117.44619751, 26.1224937439, 19.2933483124, 20.1107387543], [68.6087036133, -27.5102329254, 20.177192688, -28.3060932159, 25.171207428, 38.5106201172, 36.9324493408, 13.2907495499, 29.9946708679, 26.1224937439, 94.5268478394, 32.3566398621, 7.37892532349], [10.6304550171, -12.4564447403, 32.6208763123, 31.8855133057, 16.1010112762, 17.3795471191, -15.9630270004, 6.87674665451, 8.44005775452, 19.2933483124, 32.3566398621, 87.0544052124, 32.4710083008], [-7.60585260391, 50.1597099304, -13.5498733521, 39.3162345886, 16.0918197632, 10.3561792374, -22.7140350342, -3.08433532715, -7.73010873795, 20.1107387543, 7.37892532349, 32.4710083008, 78.5030059814]],
