{
"lowlevel": {
    "average_loudness": 0.95125412941,
    "barkbands_crest": {
        "dmean": 2.70631170273,
        "dmean2": 4.51364660263,
        "dvar": 5.83772563934,
        "dvar2": 14.6292467117,
        "max": 24.1642227173,
        "mean": 8.59512424469,
        "median": 7.89880466461,
        "min": 2.05306172371,
        "var": 12.8956232071
    },
    "barkbands_flatness_db": {
        "dmean": 0.0205487888306,
        "dmean2": 0.0318855829537,
        "dvar": 0.000330944196321,
        "dvar2": 0.000750553153921,
        "max": 0.286449730396,
        "mean": 0.113739810884,
        "median": 0.110122464597,
        "min": 0.0292293000966,
        "var": 0.0014814089518
    },
    "barkbands_kurtosis": {
        "dmean": 1.63709962368,
        "dmean2": 2.65289235115,
        "dvar": 7.94047117233,
        "dvar2": 20.4289150238,
        "max": 53.0146255493,
        "mean": 1.43316805363,
        "median": 0.245168328285,
        "min": -1.95618748665,
        "var": 15.0600271225
    },
    "barkbands_skewness": {
        "dmean": 0.48830088973,
        "dmean2": 0.755144059658,
        "dvar": 0.237674355507,
        "dvar2": 0.535517215729,
        "max": 6.39564418793,
        "mean": 0.94803404808,
        "median": 0.8546641469,
        "min": -4.2822675705,
        "var": 0.928234994411
    },
    "barkbands_spread": {
        "dmean": 7.09985494614,
        "dmean2": 10.9164733887,
        "dvar": 66.7404556274,
        "dvar2": 143.026763916,
        "max": 116.558944702,
        "mean": 29.5304317474,
        "median": 26.9126663208,
        "min": 2.73855376244,
        "var": 255.338531494
    },
    "dissonance": {
        "dmean": 0.016175782308,
        "dmean2": 0.0274105090648,
        "dvar": 0.000272052013315,
        "dvar2": 0.000701894983649,
        "max": 0.500000119209,
        "mean": 0.474205881357,
        "median": 0.480122566223,
        "min": 0.0634039640427,
        "var": 0.000480823073303
    },
    "dynamic_complexity": 1.91271328926,
    "erbbands_crest": {
        "dmean": 2.8408741951,
        "dmean2": 4.57625722885,
        "dvar": 7.2206029892,
        "dvar2": 17.3768081665,
        "max": 30.0845832825,
        "mean": 9.17138195038,
        "median": 8.04382705688,
        "min": 2.2957367897,
        "var": 21.2667675018
    },
    "erbbands_flatness_db": {
        "dmean": 0.0194234866649,
        "dmean2": 0.0277700442821,
        "dvar": 0.000297214399325,
        "dvar2": 0.000566213100683,
        "max": 0.332271099091,
        "mean": 0.154162347317,
        "median": 0.149806857109,
        "min": 0.052702140063,
        "var": 0.00211341679096
    },
    "erbbands_kurtosis": {
        "dmean": 0.967155456543,
        "dmean2": 1.52309560776,
        "dvar": 2.55661845207,
        "dvar2": 5.63764667511,
        "max": 57.0166511536,
        "mean": 0.528451859951,
        "median": -0.0861681699753,
        "min": -1.84208297729,
        "var": 5.24873352051
    },
    "erbbands_skewness": {
        "dmean": 0.390569090843,
        "dmean2": 0.593162834644,
        "dvar": 0.144495487213,
        "dvar2": 0.304576903582,
        "max": 3.60182929039,
        "mean": 0.171998158097,
        "median": 0.216632992029,
        "min": -6.60231590271,
        "var": 0.653719604015
    },
    "erbbands_spread": {
        "dmean": 8.41278839111,
        "dmean2": 13.0438013077,
        "dvar": 88.3484268188,
        "dvar2": 206.256469727,
        "max": 131.235610962,
        "mean": 37.3982467651,
        "median": 34.5907592773,
        "min": 4.87039327621,
        "var": 318.802185059
    },
    "hfc": {
        "dmean": 12.9756069183,
        "dmean2": 18.0925674438,
        "dvar": 470.01852417,
        "dvar2": 895.240356445,
        "max": 359.807861328,
        "mean": 34.2339401245,
        "median": 25.9269142151,
        "min": 1.08283401575e-16,
        "var": 1216.43457031
    },
    "melbands_crest": {
        "dmean": 3.62031626701,
        "dmean2": 5.98476362228,
        "dvar": 10.4620428085,
        "dvar2": 27.7573432922,
        "max": 31.9791584015,
        "mean": 12.1534252167,
        "median": 11.3421201706,
        "min": 1.38392496109,
        "var": 22.3285427094
    },
    "melbands_flatness_db": {
        "dmean": 0.025042720139,
        "dmean2": 0.0393143445253,
        "dvar": 0.00053012301214,
        "dvar2": 0.00126175885089,
        "max": 0.375460624695,
        "mean": 0.152833372355,
        "median": 0.148471236229,
        "min": 0.00140789116267,
        "var": 0.00207646004856
    },
    "melbands_kurtosis": {
        "dmean": 4.81252765656,
        "dmean2": 7.82286977768,
        "dvar": 72.4497375488,
        "dvar2": 188.226150513,
        "max": 184.552474976,
        "mean": 7.55231618881,
        "median": 3.74684619904,
        "min": -1.91117560863,
        "var": 136.848632812
    },
    "melbands_skewness": {
        "dmean": 0.672538816929,
        "dmean2": 1.06005644798,
        "dvar": 0.50821018219,
        "dvar2": 1.23402607441,
        "max": 12.0390815735,
        "mean": 2.00984668732,
        "median": 1.77927029133,
        "min": -1.02904474735,
        "var": 1.87870407104
    },
    "melbands_spread": {
        "dmean": 10.7103691101,
        "dmean2": 16.3947429657,
        "dvar": 234.130828857,
        "dvar2": 454.40713501,
        "max": 274.797821045,
        "mean": 35.2014770508,
        "median": 30.3434562683,
        "min": 1.61328518391,
        "var": 677.46673584
    },
    "pitch_salience": {
        "dmean": 0.0729290172458,
        "dmean2": 0.118429392576,
        "dvar": 0.0041710017249,
        "dvar2": 0.0107819149271,
        "max": 0.988558351994,
        "mean": 0.593946933746,
        "median": 0.59832406044,
        "min": 0.170017942786,
        "var": 0.0123178092763
    },
    "silence_rate_20dB": {
        "dmean": 0,
        "dmean2": 0,
        "dvar": 0,
        "dvar2": 0,
        "max": 1,
        "mean": 1,
        "median": 1,
        "min": 1,
        "var": 0
    },
    "silence_rate_30dB": {
        "dmean": 0,
        "dmean2": 0,
        "dvar": 0,
        "dvar2": 0,
        "max": 1,
        "mean": 1,
        "median": 1,
        "min": 1,
        "var": 0
    },
    "silence_rate_60dB": {
        "dmean": 0.0030491380021,
        "dmean2": 0.00609899125993,
        "dvar": 0.00303976656869,
        "dvar2": 0.00700052967295,
        "max": 1,
        "mean": 0.00480769248679,
        "median": 0,
        "min": 0,
        "var": 0.00478435261175
    },
    "spectral_centroid": {
        "dmean": 308.544586182,
        "dmean2": 462.671112061,
        "dvar": 121462.210938,
        "dvar2": 244587.46875,
        "max": 11430.2138672,
        "mean": 1764.61865234,
        "median": 1735.37719727,
        "min": 241.403137207,
        "var": 471042.65625
    },
    "spectral_complexity": {
        "dmean": 4.99495697021,
        "dmean2": 7.40323734283,
        "dvar": 25.0339794159,
        "dvar2": 46.282749176,
        "max": 60,
        "mean": 24.4140472412,
        "median": 24,
        "min": 0,
        "var": 90.8371200562
    },
    "spectral_decrease": {
        "dmean": 2.26450325158e-09,
        "dmean2": 3.50541906613e-09,
        "dvar": 7.6605560488e-18,
        "dvar2": 1.76666257379e-17,
        "max": 6.61516310812e-29,
        "mean": -6.61133769952e-09,
        "median": -5.82758241663e-09,
        "min": -3.56867388973e-08,
        "var": 1.63177787089e-17
    },
    "spectral_energy": {
        "dmean": 0.00938322674483,
        "dmean2": 0.0143765229732,
        "dvar": 0.000126004597405,
        "dvar2": 0.000284386711428,
        "max": 0.138697370887,
        "mean": 0.0280578285456,
        "median": 0.025132054463,
        "min": 1.0453358474e-20,
        "var": 0.000281408487353
    },
    "spectral_energyband_high": {
        "dmean": 0.00108954962343,
        "dmean2": 0.00150598399341,
        "dvar": 6.98941630617e-06,
        "dvar2": 1.34338288262e-05,
        "max": 0.0481484830379,
        "mean": 0.00201401882805,
        "median": 0.000789363286458,
        "min": 7.4400897521e-21,
        "var": 1.66707559401e-05
    },
    "spectral_energyband_low": {
        "dmean": 0.00514224963263,
        "dmean2": 0.00847660843283,
        "dvar": 8.42114241095e-05,
        "dvar2": 0.00021749388543,
        "max": 0.101829841733,
        "mean": 0.00818155705929,
        "median": 0.00504811480641,
        "min": 5.2997228091e-23,
        "var": 0.000107134590507
    },
    "spectral_energyband_middle_high": {
        "dmean": 0.00338631263003,
        "dmean2": 0.0051807439886,
        "dvar": 1.79479466169e-05,
        "dvar2": 4.07188781537e-05,
        "max": 0.0530024841428,
        "mean": 0.00926869362593,
        "median": 0.00647389143705,
        "min": 1.44569855422e-21,
        "var": 6.49502544547e-05
    },
    "spectral_energyband_middle_low": {
        "dmean": 0.00410854956135,
        "dmean2": 0.00667935051024,
        "dvar": 3.12878037221e-05,
        "dvar2": 7.84970543464e-05,
        "max": 0.0734856203198,
        "mean": 0.00955002848059,
        "median": 0.00688267592341,
        "min": 2.35768537439e-22,
        "var": 6.68639622745e-05
    },
    "spectral_entropy": {
        "dmean": 0.147470742464,
        "dmean2": 0.209933713078,
        "dvar": 0.0204874835908,
        "dvar2": 0.0383567400277,
        "max": 9.80517196655,
        "mean": 7.82447147369,
        "median": 7.81335544586,
        "min": 6.51441574097,
        "var": 0.104848794639
    },
    "spectral_flux": {
        "dmean": 0.0256564747542,
        "dmean2": 0.0390875823796,
        "dvar": 0.00065819080919,
        "dvar2": 0.00134451966733,
        "max": 0.300099551678,
        "mean": 0.100160054862,
        "median": 0.0913494825363,
        "min": 6.77907036062e-11,
        "var": 0.00186344108079
    },
    "spectral_kurtosis": {
        "dmean": 1.03065443039,
        "dmean2": 1.69515097141,
        "dvar": 0.977976083755,
        "dvar2": 2.70994520187,
        "max": 18.3563671112,
        "mean": 3.24226713181,
        "median": 3.07736182213,
        "min": -1.35882997513,
        "var": 3.17939472198
    },
    "spectral_rms": {
        "dmean": 0.000835015962366,
        "dmean2": 0.00125630421098,
        "dvar": 7.17356272162e-07,
        "dvar2": 1.51762628775e-06,
        "max": 0.011632476002,
        "mean": 0.00500890845433,
        "median": 0.00495167449117,
        "min": 3.19349321293e-12,
        "var": 2.28443445849e-06
    },
    "spectral_rolloff": {
        "dmean": 660.413696289,
        "dmean2": 1075.46337891,
        "dvar": 1068803.5,
        "dvar2": 2066104.375,
        "max": 19143.0175781,
        "mean": 2133.4284668,
        "median": 1744.18945312,
        "min": 64.599609375,
        "var": 3102428.25
    },
    "spectral_skewness": {
        "dmean": 0.180438831449,
        "dmean2": 0.276495307684,
        "dvar": 0.0290076546371,
        "dvar2": 0.0643008053303,
        "max": 2.73975849152,
        "mean": 1.34046959877,
        "median": 1.36985969543,
        "min": -0.49326094985,
        "var": 0.127289548516
    },
    "spectral_spread": {
        "dmean": 659353.6875,
        "dmean2": 936007.75,
        "dvar": 842927964160,
        "dvar2": 1.88894766694e+12,
        "max": 41776196,
        "mean": 4884299.5,
        "median": 4543882,
        "min": 2010389.75,
        "var": 3.00805993267e+12
    },
    "spectral_strongpeak": {
        "dmean": 0.85289400816,
        "dmean2": 1.45349550247,
        "dvar": 1.99771034718,
        "dvar2": 5.08368682861,
        "max": 19.8817939758,
        "mean": 1.38621449471,
        "median": 0.621760427952,
        "min": 0,
        "var": 3.27597284317
    },
    "zerocrossingrate": {
        "dmean": 0.0131667582318,
        "dmean2": 0.0147070819512,
        "dvar": 0.000287211092655,
        "dvar2": 0.000287035538349,
        "max": 0.56591796875,
        "mean": 0.0814811885357,
        "median": 0.07421875,
        "min": 0.005859375,
        "var": 0.00190476118587
    },
    "barkbands": {
        "dmean": [0.000201862902031, 0.00320582836866, 0.0024789061863, 0.00102232629433, 0.00127219466958, 0.00123550451826, 0.000993497786112, 0.000609205046203, 0.000789466022979, 0.000939237477724, 0.000765014323406, 0.000769276346546, 0.00063376390608, 0.000613862182945, 0.000640125246719, 0.000441045354819, 0.000384849845432, 0.000344632251654, 0.000357493321644, 0.000213447172428, 0.000201792325242, 0.000211838967516, 0.000254509446677, 0.000259594904492, 0.000173685039044, 8.87571295607e-05, 1.05001038264e-06],
        "dmean2": [0.000355284311809, 0.00532067101449, 0.00421930663288, 0.00184073066339, 0.00206785881892, 0.00200298218988, 0.00159739656374, 0.000983940903097, 0.00128613458946, 0.00152780278586, 0.00124447362032, 0.00122865533922, 0.00100202183239, 0.000971994770225, 0.00105009053368, 0.000682273705024, 0.000605396518949, 0.000535867642611, 0.000553246121854, 0.000335906690452, 0.000309113791445, 0.000321158237057, 0.000381721998565, 0.000371132569853, 0.000246116222115, 0.000124165424495, 1.66795280165e-06],
        "dvar": [6.37967616512e-08, 3.10501673084e-05, 3.96784816985e-05, 6.10457891526e-06, 5.32583271706e-06, 7.91823367763e-06, 5.96078143644e-06, 2.04045386454e-06, 2.40229428528e-06, 3.6540234305e-06, 3.03917363453e-06, 2.80320978163e-06, 2.30063142226e-06, 2.60359615822e-06, 2.69344423032e-06, 1.33007392833e-06, 1.00557838323e-06, 5.21600384218e-07, 4.10494010339e-07, 1.96317230916e-07, 2.36406080489e-07, 3.52445823637e-07, 6.22387005933e-07, 9.70355586105e-07, 3.12279297532e-07, 4.11997689298e-08, 1.95503457173e-11],
        "dvar2": [1.8591913431e-07, 8.64125831868e-05, 0.000105643579445, 1.78515219886e-05, 1.24315556604e-05, 1.98349480343e-05, 1.49425477503e-05, 4.91182436235e-06, 5.48630532649e-06, 9.10760081752e-06, 7.60959255786e-06, 6.69300925438e-06, 5.25714358446e-06, 5.76886259296e-06, 6.75341289025e-06, 2.84420502794e-06, 2.29304441746e-06, 1.19242224628e-06, 9.44803389302e-07, 4.61201466351e-07, 5.39501513686e-07, 8.06085438398e-07, 1.36928440497e-06, 1.81995199e-06, 5.63727894587e-07, 8.16208398646e-08, 4.52105609894e-11],
        "max": [0.00285002076998, 0.0576450824738, 0.0710592269897, 0.0333141684532, 0.0517378672957, 0.0541546717286, 0.0458477176726, 0.0300192795694, 0.0526918172836, 0.0348012521863, 0.0355156771839, 0.0320897437632, 0.0326735116541, 0.0367502085865, 0.0377868227661, 0.0281618703157, 0.0330803878605, 0.0160073339939, 0.0113163320348, 0.0116629675031, 0.0134604796767, 0.0119154388085, 0.0195150133222, 0.0234628822654, 0.0173590146005, 0.00230218679644, 9.73360001808e-05],
        "mean": [0.000282050255919, 0.00447315443307, 0.00267034443095, 0.00130997237284, 0.00231490517035, 0.00201347493567, 0.00145484879613, 0.000904314452782, 0.00119544647168, 0.00153204146773, 0.00119377824012, 0.00132010236848, 0.000967049156316, 0.000925835163798, 0.000851495948154, 0.000632119073998, 0.000612628471572, 0.000562155852094, 0.000638145254925, 0.000372170296032, 0.000358022953151, 0.00033042774885, 0.000406816921895, 0.000399848184315, 0.000239221204538, 9.65797225945e-05, 8.8993499503e-07],
        "median": [0.000213914754568, 0.00243732985109, 0.00121107394807, 0.000822254049126, 0.00120516587049, 0.000909309834242, 0.000452629552456, 0.000363956321962, 0.000558394182008, 0.000574364559725, 0.000296831189189, 0.000340623635566, 0.000334237323841, 0.000280544511043, 0.000344367465004, 0.000251718680374, 0.000280609383481, 0.000265768147074, 0.000365018553566, 0.000208754543564, 0.00013635661162, 0.000117495394079, 0.000129975975142, 7.76810775278e-05, 3.83231890737e-05, 7.96759741206e-06, 3.55186702272e-09],
        "min": [9.87059998847e-24, 1.65513888419e-23, 1.75039005196e-23, 8.55381601054e-24, 6.68513673916e-23, 1.77593967896e-23, 2.72283924244e-23, 9.53417132278e-24, 7.61673098112e-23, 3.94219732086e-23, 4.95582205291e-23, 7.29695390696e-23, 5.29253881061e-23, 6.04280012065e-23, 6.68307307903e-23, 1.05626947974e-22, 1.75168091239e-22, 1.94340377353e-22, 2.57822210585e-22, 1.88478370899e-22, 3.27272464451e-22, 4.13505286004e-22, 5.77264126147e-22, 6.56622725418e-22, 9.89443519984e-22, 1.68091824641e-21, 2.03977326839e-21],
        "var": [9.65033066791e-08, 4.01568540838e-05, 3.10387622449e-05, 4.28068051406e-06, 1.44808063851e-05, 1.36587013913e-05, 1.02671874629e-05, 3.26742610923e-06, 5.27684051121e-06, 7.91198726802e-06, 6.76908712194e-06, 8.66161735757e-06, 4.65278071715e-06, 4.77851244796e-06, 3.25851851812e-06, 2.16089119931e-06, 1.77420315595e-06, 9.93099547486e-07, 7.63503635426e-07, 3.39892181955e-07, 4.29124554557e-07, 5.50666129584e-07, 1.11990880214e-06, 2.1937355541e-06, 7.99397128048e-07, 5.64409425863e-08, 1.85109358397e-11]
    },
    "erbbands": {
        "dmean": [0.0932941734791, 0.75909525156, 2.56904816628, 3.155564785, 3.66274833679, 4.43408966064, 6.70057964325, 11.9253759384, 14.148891449, 11.9948301315, 13.8828344345, 18.1500282288, 23.463766098, 31.4555568695, 29.2932243347, 27.3266181946, 27.1828784943, 27.8819561005, 32.4612960815, 25.2046794891, 23.8270378113, 19.3817539215, 17.2755413055, 20.289686203, 14.1066503525, 9.75920772552, 7.68267250061, 8.45631694794, 7.45645999908, 7.40076541901, 7.35553836823, 6.28658485413, 3.83346438408, 2.36557555199, 0.990741372108, 0.441291570663, 0.172075092793, 0.0139989685267, 0.00037487980444, 2.72410179605e-05],
        "dmean2": [0.149540543556, 1.27966451645, 4.28172159195, 5.56335783005, 6.27034378052, 7.19973468781, 10.6529474258, 19.3656654358, 22.7810935974, 19.4256439209, 22.2217350006, 29.7801647186, 38.6632423401, 51.1696891785, 46.4469108582, 43.4487380981, 42.4011650085, 43.9484977722, 51.9011268616, 40.4827079773, 36.0816192627, 29.8079566956, 26.6145591736, 31.1445655823, 21.8068733215, 15.3087444305, 11.7685699463, 12.9948234558, 11.2046108246, 11.3121910095, 10.9639530182, 9.25045490265, 5.4414305687, 3.33786153793, 1.44953405857, 0.632327318192, 0.24164056778, 0.0198024716228, 0.000537723768502, 3.90964305552e-05],
        "dvar": [0.0298104211688, 1.82927525043, 38.5902137756, 63.5654449463, 52.4528465271, 77.7447052002, 281.997711182, 860.75012207, 1132.89221191, 1060.77270508, 1171.20129395, 1409.30126953, 2318.01367188, 4466.88476562, 4087.07080078, 3209.05297852, 4100.92431641, 5573.21923828, 5388.84423828, 5421.20703125, 4201.375, 2008.06384277, 1441.43737793, 1432.43713379, 718.467773438, 461.690216064, 368.000671387, 450.828277588, 414.177612305, 527.513183594, 523.655517578, 603.008178711, 209.491851807, 81.2836990356, 5.67880296707, 1.02971422672, 0.156418353319, 0.00129533314612, 1.15878026463e-06, 2.77790368486e-09],
        "dvar2": [0.0708947256207, 5.29691314697, 99.2355041504, 180.024414062, 144.790420532, 181.979370117, 584.674865723, 2185.2824707, 2798.63061523, 2641.14575195, 2907.97729492, 3203.05029297, 5869.89208984, 10937.1142578, 9900.07910156, 7525.91308594, 9249.33203125, 12494.4277344, 13006.6181641, 13712.5849609, 8528.03613281, 4326.62890625, 3306.37158203, 3169.73461914, 1671.5065918, 1075.63500977, 815.523376465, 1059.35339355, 958.410766602, 1234.58911133, 1132.07629395, 1165.59472656, 393.74395752, 142.848602295, 11.5927648544, 2.19662499428, 0.301832258701, 0.00251201004721, 2.34214144257e-06, 5.36143751617e-09],
        "max": [1.92819821835, 12.2403450012, 68.0717391968, 91.5088195801, 94.0615386963, 242.356414795, 463.865020752, 658.432434082, 776.239624023, 807.160400391, 771.246826172, 1249.17358398, 1182.58728027, 1212.5357666, 1188.28564453, 1322.15039062, 1486.52441406, 1900.21105957, 1456.13012695, 2424.14672852, 1919.93688965, 1136.81176758, 1086.16052246, 710.434814453, 713.320068359, 629.350585938, 776.25378418, 540.50189209, 433.390625, 552.152709961, 582.688598633, 694.895141602, 327.154571533, 292.791717529, 50.0074501038, 12.4155597687, 4.6399846077, 0.478238970041, 0.0228679664433, 0.000931485905312],
        "mean": [0.120453581214, 1.03536975384, 3.01916027069, 4.09773874283, 5.57675552368, 7.78594303131, 11.5958909988, 18.4262390137, 21.9344177246, 17.4451026917, 21.7620124817, 27.9677524567, 37.29529953, 57.3396987915, 54.5252685547, 48.1786499023, 45.1603813171, 44.9207115173, 50.3701133728, 36.5252571106, 37.3028106689, 33.5540122986, 30.3308048248, 35.8779296875, 26.4509162903, 17.5670661926, 14.0118923187, 14.6563997269, 11.8112678528, 11.7391519547, 11.5968618393, 9.70759963989, 5.7383556366, 3.44217181206, 1.22699677944, 0.491753429174, 0.182436719537, 0.0142839504406, 0.00039777441998, 5.5905769841e-05],
        "median": [0.0634609237313, 0.532130360603, 1.41901791096, 2.60548830032, 3.11062526703, 3.83193469048, 5.0663766861, 8.1775302887, 7.29000854492, 7.2890920639, 9.36256599426, 14.1678771973, 17.1083850861, 18.4288272858, 14.6640415192, 16.0710945129, 17.3322868347, 17.184967041, 20.5324630737, 16.6702518463, 15.6625728607, 15.8389120102, 15.2368631363, 19.644985199, 16.6816253662, 10.1584215164, 6.14068889618, 5.24659633636, 4.26120376587, 3.99016571045, 3.53732204437, 2.08560872078, 1.06125342846, 0.518730044365, 0.194670960307, 0.0504919886589, 0.0139019340277, 0.000648690387607, 3.78096592613e-05, 3.63329818356e-05],
        "min": [6.00420639459e-22, 9.20613853525e-22, 1.34875837845e-20, 3.05504231221e-20, 7.67726101297e-20, 1.02838447711e-19, 1.96456700876e-19, 1.35899351068e-19, 1.9073118932e-19, 2.1850769457e-19, 4.74183922784e-19, 1.73673145691e-18, 1.42102804997e-18, 1.3696399714e-18, 2.43625390592e-18, 3.09115285601e-18, 2.60448279697e-18, 2.78284837284e-18, 4.74718994903e-18, 5.25747187865e-18, 8.75565136277e-18, 9.97081359702e-18, 1.12779368087e-17, 1.34698057861e-17, 1.20954460255e-17, 7.78545039513e-18, 1.25125063545e-17, 1.73522127327e-17, 1.50358009607e-17, 1.25772125579e-17, 1.76436218451e-17, 1.24862632223e-17, 1.04906800684e-17, 1.24497150742e-17, 6.81646331503e-18, 5.94268679139e-18, 3.20454670348e-18, 1.17535551143e-18, 2.53557069033e-19, 3.34603281948e-20],
        "var": [0.0366606302559, 2.21671032906, 34.0532455444, 45.3225746155, 71.3189239502, 201.711395264, 781.19909668, 1272.87365723, 2036.88342285, 1421.66662598, 1880.62768555, 2740.01269531, 3926.07568359, 12728.7822266, 12530.5478516, 8529.171875, 8975.51855469, 9854.72265625, 9612.34472656, 5771.14160156, 7725.49365234, 4271.16894531, 2701.56420898, 2789.21020508, 1244.81787109, 787.053588867, 661.092102051, 788.975708008, 639.240966797, 847.243408203, 945.450744629, 1322.21813965, 462.992919922, 211.972900391, 11.7643184662, 1.39169025421, 0.213162183762, 0.00168668490369, 1.41116981922e-06, 4.5664947379e-09]
    },
    "gfcc": {
        "mean": [31.1455211639, 76.9817352295, -130.945724487, 38.4760894775, -64.4755706787, 23.1293621063, -39.2238006592, 12.5651006699, -25.2243022919, 0.954214513302, -14.3849048615, 0.543475687504, -11.2645702362],
        "cov": [[3124.44750977, -559.834228516, 601.806518555, 227.674438477, 211.038589478, 207.256408691, -20.2683544159, 83.8836746216, -136.560134888, 252.825119019, -93.5976257324, 185.818847656, -134.476974487], [-559.834228516, 985.248168945, -78.2842025757, 113.179168701, 82.3863067627, -130.349655151, 39.0692634583, -69.5360412598, 63.6429367065, -96.4732971191, 155.903427124, -77.7790756226, 83.5447463989], [601.806518555, -78.2842025757, 1138.20446777, 388.087799072, 200.518661499, 153.989929199, -76.4198226929, 71.5131835938, -7.362885952, 148.07421875, -20.8893718719, 113.675231934, -44.7398147583], [227.674438477, 113.179168701, 388.087799072, 471.410614014, 118.14541626, 65.200592041, -26.0511226654, -5.51984214783, 55.0079460144, 17.5319919586, 58.4972038269, 13.6305875778, 38.5570831299], [211.038589478, 82.3863067627, 200.518661499, 118.14541626, 308.629119873, 63.9320831299, 40.4913024902, 32.2072792053, -5.14244937897, 66.1712493896, -20.0054397583, 52.5137519836, -21.9429092407], [207.256408691, -130.349655151, 153.989929199, 65.200592041, 63.9320831299, 262.837310791, 91.7795562744, -31.9181900024, -37.0021057129, 36.3440475464, 7.47234630585, 22.1259498596, -4.09396743774], [-20.2683544159, 39.0692634583, -76.4198226929, -26.0511226654, 40.4913024902, 91.7795562744, 196.172561646, -7.59893369675, -52.0103569031, 10.045747757, 7.34739542007, 7.68040704727, -7.97247266769], [83.8836746216, -69.5360412598, 71.5131835938, -5.51984214783, 32.2072792053, -31.9181900024, -7.59893369675, 141.172180176, 40.5710983276, 18.1371593475, -17.8160190582, 18.3105392456, -13.8876371384], [-136.560134888, 63.6429367065, -7.362885952, 55.0079460144, -5.14244937897, -37.0021057129, -52.0103569031, 40.5710983276, 132.673080444, 9.98506355286, 16.6673851013, -19.4327316284, 18.5216026306], [252.825119019, -96.4732971191, 148.07421875, 17.5319919586, 66.1712493896, 36.3440475464, 10.045747757, 18.1371593475, 9.98506355286, 143.254714966, -4.03675937653, 38.7729377747, -30.2069396973], [-93.5976257324, 155.903427124, -20.8893718719, 58.4972038269, -20.0054397583, 7.47234630585, 7.34739542007, -17.8160190582, 16.6673851013, -4.03675937653, 127.028060913, -2.50552964211, 25.1625537872], [185.818847656, -77.7790756226, 113.675231934, 13.6305875778, 52.5137519836, 22.1259498596, 7.68040704727, 18.3105392456, -19.4327316284, 38.7729377747, -2.50552964211, 98.2351760864, 3.73966836929], [-134.476974487, 83.5447463989, -44.7398147583, 38.5570831299, -21.9429092407, -4.09396743774, -7.97247266769, -13.8876371384, 18.5216026306, -30.2069396973, 25.1625537872, 3.73966836929, 83.4436264038]],
        "icov": [[0.000525243231095, -6.29400965408e-05, 0.000202385999728, -0.000521751411725, 0.000172311032657, -0.000440947856987, 0.000534889113624, -0.000518028624356, 0.000862254935782, -0.000773563457187, 0.000400174147217, -0.00068325077882, 0.000686184619553], [-6.29400965408e-05, 0.00281826849096, -0.00106087140739, 0.000957318232395, -0.00217552972026, 0.00272622751072, -0.00224172323942, 0.0022799919825, -0.00182420527562, 0.00205288827419, -0.00339273642749, 0.00256870151497, -0.00215130089782], [0.000202385999728, -0.00106087140739, 0.00257808482274, -0.00228387839161, 0.000890694733243, -0.0021871724166, 0.00247870758176, -0.00217927643098, 0.0021565805655, -0.00222636642866, 0.00193695141934, -0.00238414946944, 0.00206508417614], [-0.000521751411725, 0.000957318232395, -0.00228387839161, 0.00519300904125, -0.00218723691069, 0.00134312501177, -0.00166388018988, 0.00245516258292, -0.00336676812731, 0.00254119024612, -0.00310281151906, 0.0025798836723, -0.00319578917697], [0.000172311032657, -0.00217552972026, 0.000890694733243, -0.00218723691069, 0.00633842684329, -0.00250274804421, 0.000990159576759, -0.00256064301357, 0.00170786993112, -0.00287717790343, 0.00374078145251, -0.00373719376512, 0.00277533545159], [-0.000440947856987, 0.00272622751072, -0.0021871724166, 0.00134312501177, -0.00250274804421, 0.00866188388318, -0.00548957195133, 0.00427168887109, -0.00241333968006, 0.00210872548632, -0.0035904222168, 0.00307140429504, -0.00303609366529], [0.000534889113624, -0.00224172323942, 0.00247870758176, -0.00166388018988, 0.000990159576759, -0.00548957195133, 0.010273180902, -0.00393881648779, 0.00541980285197, -0.00319109833799, 0.00227702595294, -0.00249482342042, 0.00258830655366], [-0.000518028624356, 0.0022799919825, -0.00217927643098, 0.00245516258292, -0.00256064301357, 0.00427168887109, -0.00393881648779, 0.0120495241135, -0.00660261744633, 0.00321138789877, -0.00222374661826, 0.000842434877995, -0.000994313508272], [0.000862254935782, -0.00182420527562, 0.0021565805655, -0.00336676812731, 0.00170786993112, -0.00241333968006, 0.00541980285197, -0.00660261744633, 0.0145908342674, -0.00537909287959, 0.00189219648018, 0.000395174662117, -9.65673680184e-05], [-0.000773563457187, 0.00205288827419, -0.00222636642866, 0.00254119024612, -0.00287717790343, 0.00210872548632, -0.00319109833799, 0.00321138789877, -0.00537909287959, 0.0128458729014, -0.00362804508768, -0.000233024809859, 0.000855196209159], [0.000400174147217, -0.00339273642749, 0.00193695141934, -0.00310281151906, 0.00374078145251, -0.0035904222168, 0.00227702595294, -0.00222374661826, 0.00189219648018, -0.00362804508768, 0.0136954523623, -0.00410975562409, 0.00148995372001], [-0.00068325077882, 0.00256870151497, -0.00238414946944, 0.0025798836723, -0.00373719376512, 0.00307140429504, -0.00249482342042, 0.000842434877995, 0.000395174662117, -0.000233024809859, -0.00410975562409, 0.0175747852772, -0.00679397024214], [0.000686184619553, -0.00215130089782, 0.00206508417614, -0.00319578917697, 0.00277533545159, -0.00303609366529, 0.00258830655366, -0.000994313508272, -9.65673680184e-05, 0.000855196209159, 0.00148995372001, -0.00679397024214, 0.0186766944826]]
    },
    "melbands": {
        "dmean": [0.000837964005768, 0.00115259527229, 0.000539080065209, 0.000280995969661, 0.000223644659854, 0.000257542269537, 0.000215609979932, 0.000127376566525, 0.000114243870485, 0.000120149627037, 0.000121441051306, 0.000131889406475, 9.73226269707e-05, 9.04484259081e-05, 6.7326851422e-05, 6.01360807195e-05, 5.67074021092e-05, 5.62783061469e-05, 4.54143919342e-05, 3.03424731101e-05, 3.07550471916e-05, 2.3506980142e-05, 1.7781763745e-05, 1.6294850866e-05, 1.82432067959e-05, 1.24286725622e-05, 8.72749387781e-06, 6.65131483402e-06, 5.27485372004e-06, 4.92887511427e-06, 5.21614401805e-06, 4.47163165518e-06, 4.14878059019e-06, 4.42810824097e-06, 4.54611608802e-06, 4.0187446757e-06, 4.07774359701e-06, 2.94456140182e-06, 2.37282119997e-06, 1.95292545868e-06],
        "dmean2": [0.0013629704481, 0.00193279760424, 0.000935035874136, 0.000467791454867, 0.000352966191713, 0.000417547940742, 0.000347680062987, 0.000206494034501, 0.000183734257007, 0.000197133354959, 0.000200304144528, 0.000214430547203, 0.000155468951561, 0.000142224365845, 0.000106372193841, 9.51783003984e-05, 8.92683747225e-05, 9.05925116967e-05, 7.42201227695e-05, 4.83601615997e-05, 4.68770267616e-05, 3.6708162952e-05, 2.77731687675e-05, 2.55655486399e-05, 2.83947065327e-05, 1.93990726984e-05, 1.37826691571e-05, 1.06209909063e-05, 8.286638149e-06, 7.59066733735e-06, 8.13094447949e-06, 6.86254861648e-06, 6.45507998343e-06, 6.8377057687e-06, 6.92825551596e-06, 6.07366291661e-06, 6.03318630965e-06, 4.28025578003e-06, 3.37362598657e-06, 2.81702614302e-06],
        "dvar": [2.22119206228e-06, 6.19282809566e-06, 1.67924895322e-06, 2.80933733166e-07, 2.62464169509e-07, 3.73929935904e-07, 2.55345611322e-07, 1.0483881141e-07, 7.93961447698e-08, 6.13006889694e-08, 6.28324485774e-08, 7.84817899557e-08, 4.5995896869e-08, 3.99768715909e-08, 3.03374392274e-08, 2.27899370486e-08, 2.54903298469e-08, 1.76755889925e-08, 1.73346474952e-08, 6.46626752143e-09, 8.02064104022e-09, 3.97127664087e-09, 1.68350655638e-09, 1.51087797828e-09, 1.24528809486e-09, 5.45294198684e-10, 2.97732116739e-10, 2.61479643493e-10, 1.97516239475e-10, 1.29470573151e-10, 2.01404920519e-10, 1.37644035059e-10, 1.80880851963e-10, 1.90023344282e-10, 1.86905671495e-10, 2.32047964177e-10, 2.68555788718e-10, 1.3741636995e-10, 8.91458573626e-11, 5.64178113949e-11],
        "dvar2": [5.63673029319e-06, 1.59368137247e-05, 4.69520227853e-06, 7.24413268927e-07, 5.37129039913e-07, 9.54799588726e-07, 6.35885157863e-07, 2.56821294897e-07, 1.98859268608e-07, 1.39320647463e-07, 1.58463137723e-07, 1.92346163885e-07, 1.13734991203e-07, 9.36576043387e-08, 7.32510656576e-08, 5.18458591614e-08, 5.7235265416e-08, 4.19253503026e-08, 4.41366445614e-08, 1.50353010042e-08, 1.62157522965e-08, 8.79086137218e-09, 3.93415655608e-09, 3.57486706903e-09, 2.82804735185e-09, 1.26494992259e-09, 7.08050396092e-10, 6.25612228689e-10, 4.4801568011e-10, 2.83056855732e-10, 4.85896101132e-10, 3.18624099327e-10, 4.28672042307e-10, 4.58340254639e-10, 4.28909519012e-10, 4.74479844303e-10, 5.40066269483e-10, 2.7911314926e-10, 1.61983967906e-10, 1.06591499516e-10],
        "max": [0.0164919123054, 0.0267920680344, 0.0151216648519, 0.0120085589588, 0.0151499062777, 0.0128789963201, 0.0107892295346, 0.00801235996187, 0.007027619984, 0.00865524914116, 0.00603957101703, 0.00533150415868, 0.00380538008176, 0.00435032183304, 0.00573460943997, 0.0031545648817, 0.0041759791784, 0.00271600810811, 0.00376579165459, 0.00175227958243, 0.00243568653241, 0.00176451238804, 0.000933584873565, 0.00123269844335, 0.000635040050838, 0.000537218584213, 0.000380290031899, 0.000594002427533, 0.000574676785618, 0.000266992865363, 0.000416942959419, 0.000218425411731, 0.000299194885883, 0.000337450619554, 0.00039602254401, 0.000476508052088, 0.000510976708028, 0.000293715827866, 0.000308986665914, 0.000240887980908],
        "mean": [0.0011740392074, 0.00154580897652, 0.000743774697185, 0.000491553219035, 0.000396570045268, 0.000404741003877, 0.000330448441673, 0.000185682249139, 0.000175176741323, 0.000179690192454, 0.000185940749361, 0.000232812788454, 0.000167083999258, 0.000159969422384, 0.000110107102955, 8.93860851647e-05, 8.41117653181e-05, 8.37718034745e-05, 5.90628987993e-05, 4.27705235779e-05, 4.41115698777e-05, 3.60424965038e-05, 2.9444365282e-05, 2.56780676864e-05, 3.00780247926e-05, 2.13911771425e-05, 1.4921386537e-05, 1.08527838165e-05, 8.8801189122e-06, 8.23965183372e-06, 8.47930823511e-06, 6.71746920489e-06, 6.17472551312e-06, 6.73355680192e-06, 6.88277987138e-06, 6.06887715549e-06, 5.93717913944e-06, 4.18856780016e-06, 3.40419705935e-06, 2.70281861958e-06],
        "median": [0.000649452616926, 0.000815149745904, 0.000473897671327, 0.000257475476246, 0.000184134114534, 0.000181190916919, 0.000108605177957, 7.78748944867e-05, 7.41907279007e-05, 8.46074108267e-05, 7.9520221334e-05, 7.04676494934e-05, 4.31494627264e-05, 4.02073419536e-05, 3.45406442648e-05, 3.25748260366e-05, 2.66604984063e-05, 2.85968380922e-05, 2.3806176614e-05, 1.78593454621e-05, 1.68492442754e-05, 1.59790324687e-05, 1.32317727548e-05, 1.2459438949e-05, 1.49333945956e-05, 1.26744471345e-05, 8.79028175405e-06, 5.51441598873e-06, 3.57779208571e-06, 3.06602782985e-06, 2.76854166259e-06, 2.31837111642e-06, 2.04429920814e-06, 2.16645594264e-06, 2.07374432648e-06, 1.53214489274e-06, 1.06786740162e-06, 7.28671807337e-07, 5.62680725125e-07, 3.62738205695e-07],
        "min": [5.70427213831e-24, 4.78066550744e-24, 6.82762268912e-24, 1.13812717774e-23, 6.18013551888e-24, 2.9340247615e-24, 3.51617472448e-24, 2.33731558165e-24, 5.77498957416e-24, 1.0832362638e-23, 7.29439089788e-24, 5.04323904304e-24, 6.55921158283e-24, 8.6905824034e-24, 7.48847276867e-24, 6.16894552694e-24, 4.23446807743e-24, 7.03251905406e-24, 5.02703031802e-24, 9.06493397939e-24, 1.10320083448e-23, 1.03349321948e-23, 9.06064494265e-24, 8.6614773803e-24, 1.01281141647e-23, 8.75358399073e-24, 4.52521301924e-24, 5.21933804063e-24, 5.98326502479e-24, 8.38218433225e-24, 8.80380918685e-24, 8.19489060955e-24, 7.74109600724e-24, 6.64053170368e-24, 9.91413248867e-24, 1.10674092668e-23, 6.43136641795e-24, 6.39723122329e-24, 8.79793690627e-24, 8.63280544184e-24],
        "var": [2.95291761176e-06, 6.29985561318e-06, 1.29855880004e-06, 6.06660478297e-07, 7.78931450895e-07, 5.66010328384e-07, 4.61869774426e-07, 1.49020863205e-07, 1.3353211159e-07, 1.16416835283e-07, 1.06296710101e-07, 2.17969073901e-07, 1.11306519557e-07, 1.34787953243e-07, 8.03820086048e-08, 4.13989518222e-08, 4.41267040685e-08, 3.232442225e-08, 1.79314483262e-08, 8.76061978516e-09, 1.39841453972e-08, 7.06250258276e-09, 3.58518637e-09, 2.23367502272e-09, 2.30729213513e-09, 9.85585280056e-10, 4.52917703342e-10, 4.21514823046e-10, 3.28250232551e-10, 2.58932791874e-10, 3.19424653394e-10, 2.05236924677e-10, 2.62692506636e-10, 2.93623930725e-10, 2.99688274197e-10, 4.55860599269e-10, 5.61458601833e-10, 2.67621202976e-10, 2.02381555958e-10, 1.38733052824e-10]
    },
    "mfcc": {
        "mean": [-603.278320312, 99.6747283936, -5.52704286575, 16.479473114, 1.38767254353, 5.88130950928, 0.591919004917, 7.93912506104, -3.67570495605, 3.75996613503, -1.68504977226, -2.51497077942, -1.71894001961],
        "cov": [[1936.68920898, -411.50604248, 204.107650757, 111.757675171, 131.067733765, 166.363708496, 128.92350769, -10.5899219513, 19.0779819489, 9.72553730011, 29.6419715881, 20.9012470245, 77.4073562622], [-411.50604248, 755.242431641, -118.324768066, 101.036529541, 19.160615921, -48.5962600708, 20.4704055786, -4.92771148682, -45.8843345642, 5.87517404556, -5.62352895737, 2.58705425262, 18.6589756012], [204.107650757, -118.324768066, 852.703918457, 245.679840088, 271.066467285, 137.016113281, 41.4318161011, 0.000653319351841, 8.62823581696, 15.7096738815, 15.0229768753, 58.4596824646, 65.4367904663], [111.757675171, 101.036529541, 245.679840088, 394.080169678, 202.128189087, 43.7582702637, 9.04435253143, 7.43580627441, 13.3102140427, 16.6153926849, 7.42750549316, 35.2204627991, 47.0573692322], [131.067733765, 19.160615921, 271.066467285, 202.128189087, 333.10458374, 59.5756797791, -7.19088792801, 15.9158735275, 33.5187644958, 24.5728778839, 11.0951881409, 39.9891853333, 47.5499649048], [166.363708496, -48.5962600708, 137.016113281, 43.7582702637, 59.5756797791, 293.347808838, 135.047470093, 14.3228960037, 8.88837146759, 4.85888051987, 12.0458927155, 5.02900457382, 18.0807685852], [128.92350769, 20.4704055786, 41.4318161011, 9.04435253143, -7.19088792801, 135.047470093, 209.290115356, 46.2547302246, -6.78135919571, 6.08047056198, 11.8730316162, -8.89226818085, 12.195482254], [-10.5899219513, -4.92771148682, 0.000653319351841, 7.43580627441, 15.9158735275, 14.3228960037, 46.2547302246, 107.275192261, 19.4509334564, 1.77928614616, -1.98308134079, -7.875893116, -0.54042494297], [19.0779819489, -45.8843345642, 8.62823581696, 13.3102140427, 33.5187644958, 8.88837146759, -6.78135919571, 19.4509334564, 118.458778381, 12.9863300323, 10.8794631958, 15.915391922, -0.30242523551], [9.72553730011, 5.87517404556, 15.7096738815, 16.6153926849, 24.5728778839, 4.85888051987, 6.08047056198, 1.77928614616, 12.9863300323, 89.5824203491, 26.2949829102, 2.31929802895, 6.03855323792], [29.6419715881, -5.62352895737, 15.0229768753, 7.42750549316, 11.0951881409, 12.0458927155, 11.8730316162, -1.98308134079, 10.8794631958, 26.2949829102, 77.9313964844, 26.3763484955, 7.10633611679], [20.9012470245, 2.58705425262, 58.4596824646, 35.2204627991, 39.9891853333, 5.02900457382, -8.89226818085, -7.875893116, 15.915391922, 2.31929802895, 26.3763484955, 89.4616622925, 34.043838501], [77.4073562622, 18.6589756012, 65.4367904663, 47.0573692322, 47.5499649048, 18.0807685852, 12.195482254, -0.54042494297, -0.30242523551, 6.03855323792, 7.10633611679, 34.043838501, 79.4912643433]],
