{
"lowlevel": {
    "average_loudness": 0.956746101379,
    "barkbands_crest": {
        "dmean": 2.53443145752,
        "dmean2": 4.0776424408,
        "dvar": 5.14116716385,
        "dvar2": 12.3924331665,
        "max": 25.458656311,
        "mean": 10.6509437561,
        "median": 9.96058368683,
        "min": 2.51477599144,
        "var": 20.8662471771
    },
    "barkbands_flatness_db": {
        "dmean": 0.0190337579697,
        "dmean2": 0.0290374550968,
        "dvar": 0.000293070537737,
        "dvar2": 0.000633741321508,
        "max": 0.368714541197,
        "mean": 0.176849603653,
        "median": 0.173135504127,
        "min": 0.0678150728345,
        "var": 0.00199027615599
    },
    "barkbands_kurtosis": {
        "dmean": 1.92868220806,
        "dmean2": 2.98764371872,
        "dvar": 16.3698558807,
        "dvar2": 35.2126197815,
        "max": 124.823471069,
        "mean": 3.01464986801,
        "median": 1.16632080078,
        "min": -1.89662206173,
        "var": 53.7161712646
    },
    "barkbands_skewness": {
        "dmean": 0.441687941551,
        "dmean2": 0.669079184532,
        "dvar": 0.215567737818,
        "dvar2": 0.457927912474,
        "max": 9.19019126892,
        "mean": 0.444922447205,
        "median": 0.266863197088,
        "min": -6.07466650009,
        "var": 1.94321775436
    },
    "barkbands_spread": {
        "dmean": 4.02626562119,
        "dmean2": 6.05163621902,
        "dvar": 26.3725681305,
        "dvar2": 52.0391540527,
        "max": 89.1691818237,
        "mean": 16.4874839783,
        "median": 13.6639633179,
        "min": 0.922230839729,
        "var": 123.015647888
    },
    "dissonance": {
        "dmean": 0.0226446148008,
        "dmean2": 0.0385220609605,
        "dvar": 0.00047721597366,
        "dvar2": 0.00132118887268,
        "max": 0.499999880791,
        "mean": 0.460415333509,
        "median": 0.469212591648,
        "min": 0.255014389753,
        "var": 0.00105337030254
    },
    "dynamic_complexity": 2.35907578468,
    "erbbands_crest": {
        "dmean": 3.18656563759,
        "dmean2": 5.03320455551,
        "dvar": 8.0204000473,
        "dvar2": 18.700548172,
        "max": 32.7578468323,
        "mean": 13.4365243912,
        "median": 12.2418165207,
        "min": 2.16171884537,
        "var": 38.8618049622
    },
    "erbbands_flatness_db": {
        "dmean": 0.0177935510874,
        "dmean2": 0.0254159383476,
        "dvar": 0.00026286180946,
        "dvar2": 0.000501778209582,
        "max": 0.38389223814,
        "mean": 0.232471957803,
        "median": 0.234282031655,
        "min": 0.0665866285563,
        "var": 0.00279525504448
    },
    "erbbands_kurtosis": {
        "dmean": 1.48311567307,
        "dmean2": 2.29785776138,
        "dvar": 3.94531178474,
        "dvar2": 9.34635066986,
        "max": 52.720539093,
        "mean": 2.37241792679,
        "median": 1.29558753967,
        "min": -1.82776367664,
        "var": 14.15321064
    },
    "erbbands_skewness": {
        "dmean": 0.383534669876,
        "dmean2": 0.577250063419,
        "dvar": 0.12693554163,
        "dvar2": 0.276684194803,
        "max": 6.09192562103,
        "mean": 0.345345586538,
        "median": 0.364929646254,
        "min": -3.56098866463,
        "var": 0.937277019024
    },
    "erbbands_spread": {
        "dmean": 4.9297876358,
        "dmean2": 7.30827713013,
        "dvar": 37.9309883118,
        "dvar2": 80.2519454956,
        "max": 111.845848083,
        "mean": 21.5343170166,
        "median": 16.9388389587,
        "min": 1.75517034531,
        "var": 242.482910156
    },
    "hfc": {
        "dmean": 7.09963607788,
        "dmean2": 10.0782880783,
        "dvar": 111.252159119,
        "dvar2": 177.543899536,
        "max": 338.35546875,
        "mean": 27.635766983,
        "median": 22.3657722473,
        "min": 1.169561256e-16,
        "var": 588.928405762
    },
    "melbands_crest": {
        "dmean": 3.06333589554,
        "dmean2": 4.90721511841,
        "dvar": 7.56368780136,
        "dvar2": 18.2628097534,
        "max": 32.8059463501,
        "mean": 12.5975389481,
        "median": 11.6423997879,
        "min": 1.88217079639,
        "var": 25.5571117401
    },
    "melbands_flatness_db": {
        "dmean": 0.0201504416764,
        "dmean2": 0.0299714449793,
        "dvar": 0.000418554380303,
        "dvar2": 0.000832490681205,
        "max": 0.453955382109,
        "mean": 0.180148199201,
        "median": 0.174125626683,
        "min": 0.00531993946061,
        "var": 0.00313410675153
    },
    "melbands_kurtosis": {
        "dmean": 3.08164048195,
        "dmean2": 4.81529140472,
        "dvar": 54.8264045715,
        "dvar2": 124.18170166,
        "max": 287.408050537,
        "mean": 5.44768953323,
        "median": 1.43538570404,
        "min": -1.87035965919,
        "var": 183.822937012
    },
    "melbands_skewness": {
        "dmean": 0.495738565922,
        "dmean2": 0.750473737717,
        "dvar": 0.302654474974,
        "dvar2": 0.672795534134,
        "max": 13.5786714554,
        "mean": 0.970988333225,
        "median": 0.729816257954,
        "min": -3.14338445663,
        "var": 2.57671904564
    },
    "melbands_spread": {
        "dmean": 6.81606054306,
        "dmean2": 10.3188610077,
        "dvar": 94.3827514648,
        "dvar2": 174.377319336,
        "max": 231.10295105,
        "mean": 28.0434913635,
        "median": 25.1752910614,
        "min": 0.976117014885,
        "var": 408.09072876
    },
    "pitch_salience": {
        "dmean": 0.0644978359342,
        "dmean2": 0.103457055986,
        "dvar": 0.00317771034315,
        "dvar2": 0.00766501529142,
        "max": 0.844804286957,
        "mean": 0.575172483921,
        "median": 0.584348261356,
        "min": 0.117373809218,
        "var": 0.0122491167858
    },
    "silence_rate_20dB": {
        "dmean": 0,
        "dmean2": 0,
        "dvar": 0,
        "dvar2": 0,
        "max": 1,
        "mean": 1,
        "median": 1,
        "min": 1,
        "var": 0
    },
    "silence_rate_30dB": {
        "dmean": 0.000248942000326,
        "dmean2": 0.00049794599181,
        "dvar": 0.000248927914072,
        "dvar2": 0.000497690052725,
        "max": 1,
        "mean": 0.999626636505,
        "median": 1,
        "min": 0,
        "var": 0.000373309943825
    },
    "silence_rate_60dB": {
        "dmean": 0.00871296972036,
        "dmean2": 0.0174281094223,
        "dvar": 0.00863742921501,
        "dvar2": 0.0218561924994,
        "max": 1,
        "mean": 0.0121966395527,
        "median": 0,
        "min": 0,
        "var": 0.0120445014909
    },
    "spectral_centroid": {
        "dmean": 186.401489258,
        "dmean2": 276.727874756,
        "dvar": 66711.3203125,
        "dvar2": 112438.265625,
        "max": 11408.1503906,
        "mean": 1504.69360352,
        "median": 1540.1229248,
        "min": 235.774871826,
        "var": 388805.46875
    },
    "spectral_complexity": {
        "dmean": 3.06547164917,
        "dmean2": 4.81289672852,
        "dvar": 9.69267463684,
        "dvar2": 19.4431419373,
        "max": 54,
        "mean": 19.0812702179,
        "median": 19,
        "min": 0,
        "var": 54.6386604309
    },
    "spectral_decrease": {
        "dmean": 1.3906292784e-09,
        "dmean2": 2.084992623e-09,
        "dvar": 2.60949406392e-18,
        "dvar2": 5.27684279424e-18,
        "max": 1.1637493078e-28,
        "mean": -5.38936806294e-09,
        "median": -5.11911091294e-09,
        "min": -2.88975616769e-08,
        "var": 9.9747650388e-18
    },
    "spectral_energy": {
        "dmean": 0.00578398955986,
        "dmean2": 0.0086328573525,
        "dvar": 4.29987412645e-05,
        "dvar2": 8.58412022353e-05,
        "max": 0.117352575064,
        "mean": 0.0228473953903,
        "median": 0.0218119937927,
        "min": 1.02341257233e-20,
        "var": 0.000175977969775
    },
    "spectral_energyband_high": {
        "dmean": 0.000324465858284,
        "dmean2": 0.000428292667493,
        "dvar": 1.70430939761e-06,
        "dvar2": 2.49053255175e-06,
        "max": 0.0480671934783,
        "mean": 0.00070763216354,
        "median": 0.000211363483686,
        "min": 7.4647016065e-21,
        "var": 6.57510554447e-06
    },
    "spectral_energyband_low": {
        "dmean": 0.00114096316975,
        "dmean2": 0.00182292144746,
        "dvar": 7.52636560719e-06,
        "dvar2": 1.76141838892e-05,
        "max": 0.0457501150668,
        "mean": 0.00198836135678,
        "median": 0.000869507610332,
        "min": 6.50082853944e-23,
        "var": 1.11801309686e-05
    },
    "spectral_energyband_middle_high": {
        "dmean": 0.00347393681295,
        "dmean2": 0.00520613742992,
        "dvar": 2.02815808734e-05,
        "dvar2": 3.96237119276e-05,
        "max": 0.0610231161118,
        "mean": 0.0129571277648,
        "median": 0.00833543948829,
        "min": 1.41027024298e-21,
        "var": 0.00013246499293
    },
    "spectral_energyband_middle_low": {
        "dmean": 0.00294531183317,
        "dmean2": 0.00451832683757,
        "dvar": 2.3395903554e-05,
        "dvar2": 4.9283473345e-05,
        "max": 0.0882126539946,
        "mean": 0.00790939107537,
        "median": 0.00464178295806,
        "min": 3.09077898854e-22,
        "var": 8.38508058223e-05
    },
    "spectral_entropy": {
        "dmean": 0.141314953566,
        "dmean2": 0.201096504927,
        "dvar": 0.0212383382022,
        "dvar2": 0.0388738662004,
        "max": 9.80987167358,
        "mean": 7.42598485947,
        "median": 7.44413280487,
        "min": 5.621114254,
        "var": 0.165071442723
    },
    "spectral_flux": {
        "dmean": 0.0249099414796,
        "dmean2": 0.0401743426919,
        "dvar": 0.000633444054984,
        "dvar2": 0.00155881687533,
        "max": 0.274537712336,
        "mean": 0.0818865448236,
        "median": 0.0724035650492,
        "min": 1.01163855071e-10,
        "var": 0.00152355618775
    },
    "spectral_kurtosis": {
        "dmean": 2.17581248283,
        "dmean2": 3.73234319687,
        "dvar": 5.50660419464,
        "dvar2": 16.2818431854,
        "max": 44.240398407,
        "mean": 5.36648225784,
        "median": 4.64921236038,
        "min": -1.16457438469,
        "var": 13.8452892303
    },
    "spectral_rms": {
        "dmean": 0.000598939252086,
        "dmean2": 0.000883683911525,
        "dvar": 3.63733448694e-07,
        "dvar2": 6.82207712543e-07,
        "max": 0.0107000144199,
        "mean": 0.00451335031539,
        "median": 0.00461302418262,
        "min": 3.15982808495e-12,
        "var": 1.91985418496e-06
    },
    "spectral_rolloff": {
        "dmean": 305.245422363,
        "dmean2": 488.983581543,
        "dvar": 503676.96875,
        "dvar2": 908387.8125,
        "max": 18949.21875,
        "mean": 1736.4654541,
        "median": 1614.99023438,
        "min": 86.1328125,
        "var": 1533622.125
    },
    "spectral_skewness": {
        "dmean": 0.246099501848,
        "dmean2": 0.404239088297,
        "dvar": 0.0516294129193,
        "dvar2": 0.139123186469,
        "max": 5.24202775955,
        "mean": 1.56305253506,
        "median": 1.54118192196,
        "min": -0.70273733139,
        "var": 0.238081663847
    },
    "spectral_spread": {
        "dmean": 346210.90625,
        "dmean2": 498882.25,
        "dvar": 341293563904,
        "dvar2": 404007714816,
        "max": 39197612,
        "mean": 3486882.25,
        "median": 3177795,
        "min": 1629978.375,
        "var": 1.5997066281e+12
    },
    "spectral_strongpeak": {
        "dmean": 1.11651289463,
        "dmean2": 1.79736030102,
        "dvar": 1.84045922756,
        "dvar2": 4.29016113281,
        "max": 16.7372455597,
        "mean": 2.92241239548,
        "median": 1.7931394577,
        "min": 0,
        "var": 7.97335958481
    },
    "zerocrossingrate": {
        "dmean": 0.00744947977364,
        "dmean2": 0.00856385659426,
        "dvar": 0.000160503957886,
        "dvar2": 0.000165470919455,
        "max": 0.58154296875,
        "mean": 0.0661055669188,
        "median": 0.0634765625,
        "min": 0.00390625,
        "var": 0.00111916637979
    },
    "barkbands": {
        "dmean": [1.19925553008e-05, 0.000673417176586, 0.000509388977662, 0.000346053420799, 0.000925884582102, 0.00105768686626, 0.000542654481251, 0.000331324030412, 0.000670721346978, 0.00132018444128, 0.000764859549236, 0.00103215919808, 0.000619427068159, 0.000730009458493, 0.000995959388092, 0.000474783068057, 0.000345392618328, 0.00024850590853, 0.000152468608576, 0.000123293153592, 7.72337953094e-05, 8.48652198329e-05, 7.77771056164e-05, 6.34355310467e-05, 1.6227390006e-05, 3.29152136658e-08, 9.35606814245e-10],
        "dmean2": [2.00509784918e-05, 0.00109074939974, 0.000867015565746, 0.000574013218284, 0.0014339631889, 0.00162875838578, 0.000839644053485, 0.00051712396089, 0.00106107862666, 0.00204843794927, 0.00118459458463, 0.00157786067575, 0.000983590492979, 0.00106367107946, 0.00153456465341, 0.000709423446096, 0.0005279869074, 0.000384623301215, 0.000237144820858, 0.000186625416973, 0.000115526236186, 0.000120966375107, 0.000105782659375, 8.70807562023e-05, 2.21988520934e-05, 5.58264758865e-08, 1.72975178625e-09],
        "dvar": [6.5782496117e-10, 3.72791009795e-06, 1.73325258856e-06, 8.82386757439e-07, 7.20633488527e-06, 8.82953827386e-06, 2.46350555244e-06, 5.89387354921e-07, 2.51754863712e-06, 5.18701654073e-06, 4.22124867328e-06, 5.79722973271e-06, 2.71510430139e-06, 3.22106893691e-06, 5.15465399076e-06, 2.34297908719e-06, 1.22508276945e-06, 4.28304304023e-07, 9.70645714915e-08, 9.60417381179e-08, 9.82350201184e-08, 2.29164598409e-07, 1.75909221412e-07, 1.16290287622e-07, 5.20081622213e-09, 1.84686538659e-14, 3.62191619118e-18],
        "dvar2": [1.84653248247e-09, 8.54361042002e-06, 4.67268955617e-06, 2.14099964069e-06, 1.52152142618e-05, 1.88673984667e-05, 6.07629590377e-06, 1.43182330703e-06, 5.82417533224e-06, 1.15097773232e-05, 9.29167617869e-06, 1.17310291898e-05, 6.11185259913e-06, 6.39316795059e-06, 1.11227582238e-05, 4.54368682767e-06, 2.49237928074e-06, 9.20373224744e-07, 2.13399374616e-07, 2.08122628464e-07, 1.80346518164e-07, 4.01730062549e-07, 3.3017877854e-07, 2.02782004521e-07, 7.85713272222e-09, 4.79514194465e-14, 1.05093139661e-17],
        "max": [0.000755745510105, 0.0408249348402, 0.026281312108, 0.0324255004525, 0.0734831094742, 0.0725199356675, 0.0437029153109, 0.0217827428132, 0.0374331660569, 0.0396115630865, 0.0479832850397, 0.0585632845759, 0.0499104559422, 0.0459979660809, 0.0362240448594, 0.0351808033884, 0.0367315374315, 0.0189022868872, 0.00748708285391, 0.0144561203197, 0.0147996367887, 0.0221937298775, 0.0221028625965, 0.015596290119, 0.00526801636443, 6.35255446468e-06, 9.72810880739e-08],
        "mean": [1.29594909595e-05, 0.000968707783613, 0.000757534464356, 0.000508865865413, 0.00197185995057, 0.00193123647477, 0.000873697339557, 0.000569348863792, 0.00118466746062, 0.00236193952151, 0.00145327649079, 0.00226722890511, 0.00135727354791, 0.00124099373352, 0.00222588027827, 0.000900456099771, 0.000663427927066, 0.000459856033558, 0.000312580348691, 0.000246519339271, 0.000135576236062, 0.000142517892527, 0.000150421314174, 0.000122199082398, 2.83042718365e-05, 3.11893728622e-08, 7.82466647031e-10],
        "median": [4.63327796751e-06, 0.000328317342792, 0.000311817624606, 0.00022339168936, 0.000607248744927, 0.000505925039761, 0.000355816504452, 0.000289337942377, 0.000339648220688, 0.00118599587586, 0.000255536200712, 0.000474402419059, 0.000242583904765, 0.000265269831289, 0.000331037823344, 0.000174864340806, 0.000217816777877, 0.000209246325539, 0.000173029184225, 0.000118901749374, 4.98622575833e-05, 2.38669599639e-05, 2.38231514231e-05, 1.86213328561e-05, 5.23822973264e-06, 5.42788258784e-09, 3.25496907205e-10],
        "min": [1.69463304763e-23, 4.67630780827e-23, 1.55017462986e-23, 2.23176461202e-24, 3.62586693776e-23, 5.06815363701e-23, 2.81632083743e-23, 4.69365959274e-23, 6.74606204459e-23, 3.66316712126e-23, 2.76342361166e-23, 5.66122999406e-23, 2.7957429274e-23, 4.04090527711e-23, 7.9933432747e-23, 8.49071755108e-23, 1.38766704302e-22, 1.85414195329e-22, 3.57320895772e-22, 2.02190830781e-22, 3.3680548877e-22, 4.65767863711e-22, 6.59841328399e-22, 7.07968104017e-22, 1.02606090335e-21, 1.79276393005e-21, 2.24613463638e-21],
        "var": [6.89887702521e-10, 4.96797156302e-06, 1.93110281543e-06, 1.17283047985e-06, 2.56673083641e-05, 2.21321934077e-05, 3.38913105224e-06, 9.43497525441e-07, 7.24367419025e-06, 1.24075450003e-05, 1.38114746733e-05, 2.87397087959e-05, 1.3090802895e-05, 8.04641240393e-06, 2.1759475203e-05, 8.13252700027e-06, 3.74154092242e-06, 9.8986095054e-07, 2.18731983637e-07, 1.95436399508e-07, 2.20027601472e-07, 5.57931059575e-07, 5.98012093178e-07, 4.63198716716e-07, 1.98781808791e-08, 1.91469036399e-14, 2.68035469789e-18]
    },
    "erbbands": {
        "dmean": [0.0118727106601, 0.17928044498, 0.543542921543, 0.87979221344, 1.75062274933, 3.30310249329, 7.33361625671, 8.18233966827, 8.96671485901, 6.26141214371, 8.13226318359, 14.196059227, 33.3867797852, 36.4891967773, 31.1341075897, 45.8119277954, 31.3694953918, 28.2787342072, 49.3192443848, 30.9465656281, 21.1560001373, 16.6416358948, 12.7232980728, 10.2095441818, 6.07868623734, 6.17809963226, 3.89262580872, 2.80263710022, 3.0378806591, 2.84199953079, 2.160394907, 1.65023696423, 0.850106239319, 0.254013508558, 0.0863559991121, 0.0048142420128, 0.000140012343763, 1.2781897567e-05, 5.0764815569e-06, 7.49210676076e-06],
        "dmean2": [0.0191531702876, 0.291675686836, 0.915722191334, 1.45624566078, 2.85339832306, 5.09904670715, 10.90928936, 12.9530687332, 13.7009143829, 9.73276138306, 12.6793642044, 22.4741516113, 51.8193130493, 56.290512085, 46.5178604126, 69.1364059448, 47.0845336914, 41.6465454102, 74.5007324219, 45.6830482483, 32.0783843994, 24.7205276489, 19.3590621948, 15.7935791016, 9.1669254303, 9.28612422943, 5.94987392426, 3.98686599731, 4.31672430038, 4.13225793839, 2.88214492798, 2.26710700989, 1.15816771984, 0.353164583445, 0.118819095194, 0.0069006937556, 0.000192925290321, 1.70229795913e-05, 7.06386117599e-06, 1.09656293716e-05],
        "dvar": [0.00126602849923, 0.256751418114, 1.89928376675, 5.65312337875, 18.0954303741, 130.700561523, 598.268676758, 658.407897949, 521.749694824, 474.91494751, 308.074188232, 1320.32519531, 4127.60253906, 5426.75537109, 5824.69189453, 11198.7207031, 6134.50488281, 5195.67138672, 13911.6542969, 6447.94873047, 4649.1171875, 3033.46557617, 1398.37597656, 537.14239502, 133.538742065, 254.495727539, 173.997955322, 186.382659912, 314.833404541, 288.168212891, 114.745704651, 68.3581008911, 25.0000133514, 1.52738022804, 0.13495336473, 0.000317713798722, 2.96769769648e-07, 2.5794084646e-09, 1.24791108003e-10, 7.80759831787e-11],
        "dvar2": [0.00279433443211, 0.601337432861, 5.09980201721, 13.823925972, 47.705619812, 275.094726562, 1140.45568848, 1537.41430664, 1164.55834961, 1255.74572754, 748.791870117, 3096.76953125, 8844.65136719, 12303.3828125, 12454.5302734, 22962.046875, 12702.2373047, 10774.4287109, 31627.3964844, 12729.0615234, 9540.72851562, 5431.54101562, 2999.25292969, 1221.49108887, 275.164215088, 551.447570801, 365.13482666, 307.36114502, 587.454101562, 569.832214355, 196.950454712, 118.078140259, 44.5592002869, 2.4210050106, 0.208681389689, 0.000497082190122, 4.28532302976e-07, 3.56887563946e-09, 1.78634593229e-10, 1.42984193929e-10],
        "max": [0.738292813301, 10.5638227463, 24.2560653687, 72.5170135498, 128.390762329, 358.30380249, 782.75982666, 798.257873535, 476.116119385, 712.20501709, 439.398712158, 1094.75402832, 1421.48657227, 1662.56030273, 2079.85864258, 2732.82348633, 2535.72363281, 2551.46923828, 2172.47729492, 1870.2310791, 1673.96923828, 2058.61230469, 1234.00915527, 661.797546387, 372.659759521, 715.430847168, 605.898010254, 608.992553711, 908.59942627, 783.991699219, 502.764190674, 419.177001953, 268.495788574, 76.1847686768, 29.9971504211, 1.31656885147, 0.040872361511, 0.0034413242247, 0.000607955851592, 0.000245789880864],
        "mean": [0.0155604742467, 0.262438088655, 0.860314548016, 1.37978506088, 3.07772827148, 7.02454137802, 14.4000434875, 14.1885766983, 15.1646652222, 10.5551729202, 14.7799482346, 26.2325782776, 61.1381149292, 67.750617981, 69.4927520752, 105.256736755, 70.3895721436, 61.195941925, 123.344726562, 71.3572540283, 47.1125335693, 36.3654785156, 25.8955631256, 20.7310638428, 13.7101306915, 12.3772363663, 7.34909629822, 4.79351234436, 4.91944789886, 4.98413896561, 4.21464395523, 3.21742630005, 1.55374705791, 0.46032628417, 0.142713859677, 0.00782715063542, 0.000258173095062, 2.84596753772e-05, 1.81306349987e-05, 2.9719692975e-05],
        "median": [0.00484886206686, 0.0912353992462, 0.349715381861, 0.654448628426, 1.38236188889, 1.76627492905, 2.59823942184, 4.02561807632, 5.73751831055, 4.94424772263, 7.80446338654, 9.11844062805, 26.5836200714, 30.8694705963, 21.0497989655, 28.0776290894, 19.6041507721, 21.1757583618, 19.6154842377, 18.1833934784, 12.5198926926, 11.9034147263, 11.612569809, 11.3396177292, 7.87824106216, 6.01679229736, 3.1915743351, 1.41264367104, 0.889854431152, 0.695171296597, 0.697593331337, 0.55013692379, 0.197202846408, 0.0750813931227, 0.0301272049546, 0.00181918265298, 6.82429745211e-05, 1.0473680959e-05, 1.50726600623e-05, 2.79865034827e-05],
        "min": [8.79751514967e-22, 1.07811481788e-20, 1.16178906438e-20, 8.51880597229e-21, 2.67003238857e-20, 8.4079090018e-20, 1.11207389398e-19, 5.10072808021e-19, 4.91613031881e-19, 6.75375806152e-19, 1.87749464291e-18, 1.75453134972e-18, 1.10345707599e-18, 1.17112406901e-18, 2.29087546569e-18, 2.44408151605e-18, 1.45401104971e-18, 2.18883860123e-18, 2.20037115333e-18, 5.06302860001e-18, 6.0653506452e-18, 8.28042700187e-18, 9.73952976185e-18, 1.29605859564e-17, 1.4117663568e-17, 9.16981159649e-18, 1.2615606146e-17, 1.52371499567e-17, 1.47346824023e-17, 1.81712059115e-17, 1.86698800156e-17, 1.13040037513e-17, 1.42951781818e-17, 9.88173699839e-18, 7.87431937142e-18, 5.82979235421e-18, 3.33263582813e-18, 1.3857332872e-18, 2.86164735575e-19, 3.23570663593e-20],
        "var": [0.00163401803002, 0.341297388077, 2.39478540421, 7.12720870972, 37.4017066956, 503.838867188, 1981.95935059, 1372.43811035, 1039.64709473, 498.795501709, 590.266784668, 3495.0612793, 11178.4970703, 12377.2578125, 25075.4804688, 58010.9609375, 29453.7636719, 16499.5117188, 73443.1875, 26497.9667969, 19014.7539062, 11508.6748047, 3421.67700195, 1033.55444336, 397.646362305, 501.056030273, 360.153839111, 420.694641113, 673.163818359, 801.184265137, 431.949859619, 265.165496826, 93.6011657715, 6.26082324982, 0.411842912436, 0.000991097069345, 1.09491929834e-06, 1.13407834235e-08, 6.20482942804e-10, 3.72949754412e-10]
    },
    "gfcc": {
        "mean": [-24.2413043976, 113.418479919, -170.100631714, 32.323600769, -70.8035583496, 20.3898353577, -36.8477287292, 1.6094288826, -19.7506713867, -15.5963315964, 0.673674285412, -15.9206800461, 4.39053106308],
        "cov": [[2562.99975586, -667.297973633, -274.619293213, 297.923034668, 95.6892623901, 253.988250732, -144.290603638, 173.6612854, -108.882415771, 105.117492676, -67.2462615967, 29.7670211792, -4.83426380157], [-667.297973633, 852.416259766, 257.77746582, -69.1415023804, 150.099105835, -113.13432312, 121.953384399, -71.9568252563, 40.5997505188, -79.7323226929, 100.530792236, -20.7549438477, 18.8481025696], [-274.619293213, 257.77746582, 1103.73400879, 398.145629883, -271.57723999, 69.9240570068, -74.7757415771, -20.6237735748, -40.9990158081, -22.6147155762, -5.8692035675, 112.419013977, 21.3525753021], [297.923034668, -69.1415023804, 398.145629883, 398.492828369, -23.8844051361, 67.6135635376, -60.4734039307, 29.7336521149, 10.2600164413, 25.810092926, -29.5203037262, 61.5001144409, 9.70753288269], [95.6892623901, 150.099105835, -271.57723999, -23.8844051361, 471.368804932, 82.3464355469, 61.0866203308, 44.2676124573, 11.864315033, 51.0443572998, 32.2878990173, -45.2577323914, -10.2225074768], [253.988250732, -113.13432312, 69.9240570068, 67.6135635376, 82.3464355469, 252.329101562, 66.4362030029, 27.6144447327, -49.4171028137, 58.1938705444, -4.01055860519, -10.0475645065, -23.9257335663], [-144.290603638, 121.953384399, -74.7757415771, -60.4734039307, 61.0866203308, 66.4362030029, 198.043533325, 7.44783687592, -16.3166255951, 0.6473980546, 43.5728111267, -24.9786758423, -17.7648563385], [173.6612854, -71.9568252563, -20.6237735748, 29.7336521149, 44.2676124573, 27.6144447327, 7.44783687592, 157.651702881, 29.2393550873, 24.2962532043, -33.0005378723, 24.4701347351, 1.28546822071], [-108.882415771, 40.5997505188, -40.9990158081, 10.2600164413, 11.864315033, -49.4171028137, -16.3166255951, 29.2393550873, 140.336196899, 4.43518543243, -11.7997570038, -1.81715023518, 9.17684745789], [105.117492676, -79.7323226929, -22.6147155762, 25.810092926, 51.0443572998, 58.1938705444, 0.6473980546, 24.2962532043, 4.43518543243, 119.483108521, 16.2018795013, -4.49212837219, -13.9190206528], [-67.2462615967, 100.530792236, -5.8692035675, -29.5203037262, 32.2878990173, -4.01055860519, 43.5728111267, -33.0005378723, -11.7997570038, 16.2018795013, 116.742111206, 9.49845695496, 0.739894151688], [29.7670211792, -20.7549438477, 112.419013977, 61.5001144409, -45.2577323914, -10.0475645065, -24.9786758423, 24.4701347351, -1.81715023518, -4.49212837219, 9.49845695496, 89.1584091187, 28.5691547394], [-4.83426380157, 18.8481025696, 21.3525753021, 9.70753288269, -10.2225074768, -23.9257335663, -17.7648563385, 1.28546822071, 9.17684745789, -13.9190206528, 0.739894151688, 28.5691547394, 59.2304649353]],
        "icov": [[0.000836535997223, -0.0002534109517, 0.00104253122117, -0.0013145969715, 0.000588716880884, -0.0011233848054, 0.00116363412235, -0.000979537144303, 0.000995418289676, 6.60709920339e-05, -0.000412272987887, 0.000152916967636, -0.0002006804134], [-0.0002534109517, 0.00434636604041, -0.00348231662065, 0.0026722040493, -0.00345294107683, 0.00352807971649, -0.00333894323558, 0.00148032663856, -0.00190773478243, 0.00155027699657, -0.00116075633559, 0.0013569672592, -0.000770848419052], [0.00104253122117, -0.00348231662065, 0.00556130707264, -0.00506099127233, 0.00413726503029, -0.00432571722195, 0.00380530091934, -0.0018666239921, 0.00272476696409, -0.000488257763209, -0.00017381858197, -0.00156294577755, 0.000385504594306], [-0.0013145969715, 0.0026722040493, -0.00506099127233, 0.00815579108894, -0.00353446789086, 0.00269668037072, -0.00258780294098, 0.00217691296712, -0.00330834952183, -6.36508921161e-05, 0.00117809337098, -0.0012847710168, 0.000288661394734], [0.000588716880884, -0.00345294107683, 0.00413726503029, -0.00353446789086, 0.00606764899567, -0.00420171767473, 0.00301013072021, -0.00247447402216, 0.00180356076453, -0.00132137932815, -0.000690395885613, 0.000480936781969, -0.000272200093605], [-0.0011233848054, 0.00352807971649, -0.00432571722195, 0.00269668037072, -0.00420171767473, 0.010398526676, -0.00614077597857, 0.0017950219335, -0.000288547103992, -0.00170369702391, 0.00120211706962, 0.00122486357577, 0.000536091916729], [0.00116363412235, -0.00333894323558, 0.00380530091934, -0.00258780294098, 0.00301013072021, -0.00614077597857, 0.0108823860064, -0.0034009560477, 0.00239077070728, 0.000827984360512, -0.0029199947603, 0.000682699959725, 0.00111786962952], [-0.000979537144303, 0.00148032663856, -0.0018666239921, 0.00217691296712, -0.00247447402216, 0.0017950219335, -0.0034009560477, 0.0102011095732, -0.00334046897478, -0.00126272335183, 0.00368345808238, -0.0041224360466, 0.000984924263321], [0.000995418289676, -0.00190773478243, 0.00272476696409, -0.00330834952183, 0.00180356076453, -0.000288547103992, 0.00239077070728, -0.00334046897478, 0.0103734666482, -0.00141528260428, 0.000339986319887, 0.00103078689426, -0.0012087012874], [6.60709920339e-05, 0.00155027699657, -0.000488257763209, -6.36508921161e-05, -0.00132137932815, -0.00170369702391, 0.000827984360512, -0.00126272335183, -0.00141528260428, 0.0116680916399, -0.00356394378468, 0.00117285433225, 0.00149806367699], [-0.000412272987887, -0.00116075633559, -0.00017381858197, 0.00117809337098, -0.000690395885613, 0.00120211706962, -0.0029199947603, 0.00368345808238, 0.000339986319887, -0.00356394378468, 0.0128755653277, -0.00455918069929, 0.000764042488299], [0.000152916967636, 0.0013569672592, -0.00156294577755, -0.0012847710168, 0.000480936781969, 0.00122486357577, 0.000682699959725, -0.0041224360466, 0.00103078689426, 0.00117285433225, -0.00455918069929, 0.0191141720861, -0.00781995337456], [-0.0002006804134, -0.000770848419052, 0.000385504594306, 0.000288661394734, -0.000272200093605, 0.000536091916729, 0.00111786962952, 0.000984924263321, -0.0012087012874, 0.00149806367699, 0.000764042488299, -0.00781995337456, 0.021710947156]]
    },
    "melbands": {
        "dmean": [0.000149176834384, 0.000265747134108, 0.00016678503016, 0.000167680263985, 0.000232446196605, 0.00018880382413, 0.000131651919219, 6.57228301861e-05, 7.13578556315e-05, 9.69437751337e-05, 0.00017157442926, 0.000154126639245, 0.000106453437184, 0.000120552038425, 0.000103350568679, 5.67020724702e-05, 5.80727319175e-05, 8.47457849886e-05, 6.14619420958e-05, 3.81862919312e-05, 2.59814114543e-05, 1.94668846234e-05, 1.70200564753e-05, 1.14660078907e-05, 8.96008350537e-06, 5.07749837197e-06, 4.15624799643e-06, 4.42175405624e-06, 2.92160666504e-06, 1.80882773293e-06, 1.72932186615e-06, 1.84112241186e-06, 1.69054931121e-06, 1.66075767538e-06, 1.32692593979e-06, 1.18858156384e-06, 9.93560774987e-07, 7.13049701062e-07, 3.5177666291e-07, 1.85019956689e-07],
        "dmean2": [0.000241519242991, 0.000435613677837, 0.000273797806585, 0.000265002890956, 0.000346599146724, 0.000294971949188, 0.000202284689294, 0.000102577505459, 0.000112630339572, 0.000153188782861, 0.000266662071226, 0.000238505206653, 0.000161750940606, 0.000181669616723, 0.000153264496475, 8.37255720398e-05, 8.56900005601e-05, 0.000126579223434, 8.89185103006e-05, 5.57485036552e-05, 3.98406518798e-05, 2.90125790343e-05, 2.5889454264e-05, 1.79385115189e-05, 1.39968906296e-05, 7.84792973718e-06, 6.35082960798e-06, 6.73765543979e-06, 4.53508073406e-06, 2.72764054898e-06, 2.52966560765e-06, 2.68178769147e-06, 2.41652332988e-06, 2.43239196607e-06, 1.84668806469e-06, 1.70422208612e-06, 1.41242378504e-06, 1.00856300378e-06, 4.86829833335e-07, 2.63332708528e-07],
        "dvar": [1.96767928173e-07, 4.33233424246e-07, 1.65738171631e-07, 2.30230597253e-07, 5.38648407655e-07, 3.00692505562e-07, 1.13722741446e-07, 4.53807160739e-08, 2.34215491446e-08, 6.04241492397e-08, 1.0680147966e-07, 9.83702790336e-08, 7.68823440467e-08, 7.07395670929e-08, 5.76747503089e-08, 2.24227569845e-08, 2.59983714557e-08, 4.27722710583e-08, 2.1486785684e-08, 1.51543257942e-08, 8.17061795999e-09, 4.45350911704e-09, 4.17548973175e-09, 8.82306172567e-10, 4.56066656662e-10, 1.03175544497e-10, 7.94222951295e-11, 1.48404247224e-10, 8.46013190059e-11, 4.78769281165e-11, 8.7470433674e-11, 1.21369941875e-10, 9.19532366916e-11, 1.07572520336e-10, 4.52801997286e-11, 4.02081562489e-11, 2.63420726204e-11, 1.85455886759e-11, 4.19404354995e-12, 6.78021278445e-13],
        "dvar2": [4.34853376419e-07, 1.10423388833e-06, 4.07636150612e-07, 5.30020884071e-07, 1.04348976038e-06, 6.91033449129e-07, 2.61393637402e-07, 1.17631650198e-07, 5.75536347469e-08, 1.41167660672e-07, 2.28536435998e-07, 2.2605996719e-07, 1.66305724747e-07, 1.42706213069e-07, 1.13638407129e-07, 4.36035243467e-08, 5.3396782107e-08, 9.33095805067e-08, 4.23195345434e-08, 2.79077134735e-08, 1.74855330215e-08, 7.70308261622e-09, 9.7961097012e-09, 1.9529817763e-09, 1.0433759412e-09, 2.12739270644e-10, 1.74430261901e-10, 3.3329003446e-10, 1.84827944616e-10, 9.13796885382e-11, 1.52567944389e-10, 2.45998832415e-10, 1.74997197289e-10, 2.3826568496e-10, 8.77517503106e-11, 8.22142562362e-11, 4.70826502785e-11, 3.62851623747e-11, 7.35530126389e-12, 1.16834634415e-12],
        "max": [0.00932586472481, 0.0120046064258, 0.0107332505286, 0.0138837993145, 0.0211012009531, 0.0158693566918, 0.00658915843815, 0.00674419524148, 0.00365999899805, 0.00649245548993, 0.00719637051225, 0.00710477819666, 0.00793077610433, 0.00819323863834, 0.00747076747939, 0.00399711262435, 0.00584699679166, 0.00426771538332, 0.00255066365935, 0.00361154484563, 0.00221713562496, 0.00218189088628, 0.00227316957898, 0.000783411320299, 0.000615447526798, 0.000400608201744, 0.000250406563282, 0.000547675357666, 0.000413593486883, 0.000230460209423, 0.000415451911977, 0.000570931530092, 0.000401804747526, 0.000549650227185, 0.000328650290612, 0.000359666941222, 0.000245307252044, 0.000191815095604, 0.000134933710797, 5.44529939361e-05],
        "mean": [0.000209727557376, 0.000431378866779, 0.000282667955616, 0.000342207844369, 0.000474983593449, 0.000335829623509, 0.000221950787818, 0.000110603090434, 0.000124797399621, 0.00017504641437, 0.000307320646243, 0.000273614452453, 0.000217644774239, 0.00026670601801, 0.000219078501686, 0.000108726511826, 0.000111164823466, 0.000195843633264, 0.00012296566274, 7.52366759116e-05, 5.04571835336e-05, 3.81802492484e-05, 2.94604433293e-05, 2.07436623896e-05, 1.64216380654e-05, 1.07196165118e-05, 8.32299429021e-06, 8.07581091067e-06, 5.14115708938e-06, 2.98274744637e-06, 2.72403030976e-06, 2.78392576547e-06, 2.7419800972e-06, 2.76918240161e-06, 2.47343359661e-06, 2.20609535972e-06, 1.86656961887e-06, 1.21931032027e-06, 6.14398402377e-07, 3.09419760924e-07],
        "median": [7.0161644544e-05, 0.000176118774107, 0.000140322677908, 0.00012260802032, 8.76878402778e-05, 9.25381027628e-05, 8.77771744854e-05, 5.28322671016e-05, 6.10981005593e-05, 5.47458002984e-05, 0.00013236279483, 0.000110253458843, 4.63069736725e-05, 6.05004934187e-05, 5.08166849613e-05, 2.6543135391e-05, 2.33042337641e-05, 2.22594298975e-05, 2.39664914261e-05, 1.42969283843e-05, 1.2066596355e-05, 1.15302327686e-05, 1.03916727312e-05, 9.64668106462e-06, 8.22288984637e-06, 5.69087615077e-06, 4.43596809419e-06, 3.57485191671e-06, 2.14298233914e-06, 1.0019855381e-06, 6.81137066749e-07, 5.0013238706e-07, 4.04316921276e-07, 3.66694564491e-07, 3.82969773227e-07, 4.0289592107e-07, 2.95523477689e-07, 1.43150003851e-07, 7.79879343327e-08, 5.39636424435e-08],
        "min": [1.04885384014e-23, 9.4560007291e-24, 1.58360779748e-24, 6.44488749386e-24, 4.92701064384e-24, 1.08589937933e-23, 7.83391495907e-24, 7.32680124817e-24, 1.71550378283e-23, 1.09127925294e-23, 5.50225077694e-24, 4.91708874581e-24, 6.87190697376e-24, 6.11334897692e-24, 5.02849878259e-24, 3.26775966442e-24, 4.07651327509e-24, 2.58735766733e-24, 7.3314760379e-24, 6.19224058947e-24, 6.93677421714e-24, 9.04610939161e-24, 9.2343213484e-24, 6.61757111817e-24, 1.02172980454e-23, 1.17888083651e-23, 8.12408876558e-24, 5.80849249681e-24, 8.089190348e-24, 7.02073583872e-24, 8.77662898436e-24, 7.39646239927e-24, 1.06303440377e-23, 1.03390808143e-23, 1.13681017446e-23, 8.74912298231e-24, 5.7951114437e-24, 1.07628221827e-23, 9.34964334641e-24, 8.02784694629e-24],
        "var": [2.62619749947e-07, 5.91452987919e-07, 2.36413697507e-07, 8.4007933765e-07, 1.87826265119e-06, 6.79292611494e-07, 2.11541518524e-07, 5.01009935761e-08, 4.56855708819e-08, 1.64075757425e-07, 2.85711593051e-07, 2.23877364647e-07, 2.95064523925e-07, 3.55852449729e-07, 2.45907386898e-07, 7.23413293713e-08, 7.77395783302e-08, 2.02023912266e-07, 7.04389151451e-08, 5.44788534285e-08, 2.82326499956e-08, 1.6935468139e-08, 6.66025545826e-09, 1.92865701187e-09, 8.06782363139e-10, 3.10237890933e-10, 1.724763804e-10, 2.55222981638e-10, 1.64909044753e-10, 1.08904378571e-10, 1.72143757582e-10, 2.28103147482e-10, 2.17937751179e-10, 2.77584705222e-10, 1.58438082098e-10, 1.10240247486e-10, 1.00113861645e-10, 6.0956927006e-11, 1.52765005507e-11, 2.4074483726e-12]
    },
    "mfcc": {
        "mean": [-643.159362793, 122.560791016, -28.8552150726, 8.05000591278, -5.49911165237, 1.50464093685, 0.307898908854, 6.46160554886, -8.37798595428, 3.73782396317, -9.7538394928, -1.63460469246, -3.74921321869],
        "cov": [[2409.58129883, -850.254638672, -362.892272949, -2.23678064346, 179.446624756, 56.6090583801, 79.3163375854, 30.7667865753, 75.8564682007, 80.0456466675, -18.8736724854, -22.745595932, 32.8668365479], [-850.254638672, 924.524291992, -56.0241508484, 39.2045059204, 23.0204639435, -23.0201663971, 75.5016937256, 32.3268280029, -47.2823448181, 9.35144042969, 4.47411680222, 6.10983610153, 18.5085773468], [-362.892272949, -56.0241508484, 1293.80395508, 233.808181763, -16.9791412354, 76.8109130859, -71.9918060303, 10.2654676437, -31.841966629, -152.749450684, -43.0405235291, 46.3897323608, 2.54595279694], [-2.23678064346, 39.2045059204, 233.808181763, 275.951660156, 108.104377747, 21.0896492004, -20.4995250702, 18.5796546936, 12.2988710403, -28.0554656982, -18.847158432, 30.3849163055, 39.5008163452], [179.446624756, 23.0204639435, -16.9791412354, 108.104377747, 277.208129883, 54.210609436, 28.1069831848, 14.4113445282, 35.6201896667, 29.6647186279, -12.3860034943, 16.0658454895, 42.7262420654], [56.6090583801, -23.0201663971, 76.8109130859, 21.0896492004, 54.210609436, 199.01914978, 99.0101776123, 2.36626243591, -0.863832473755, 32.7810897827, 31.29712677, -4.76215314865, -2.42046713829], [79.3163375854, 75.5016937256, -71.9918060303, -20.4995250702, 28.1069831848, 99.0101776123, 238.641342163, 31.7860946655, -17.4636058807, 43.005317688, 24.4005317688, 1.57091569901, 30.0578575134], [30.7667865753, 32.3268280029, 10.2654676437, 18.5796546936, 14.4113445282, 2.36626243591, 31.7860946655, 117.938430786, 40.794670105, 1.43121337891, -2.18760681152, 9.49201393127, 12.6138477325], [75.8564682007, -47.2823448181, -31.841966629, 12.2988710403, 35.6201896667, -0.863832473755, -17.4636058807, 40.794670105, 132.850631714, 14.1932592392, 26.2149295807, 5.91462087631, 14.6230278015], [80.0456466675, 9.35144042969, -152.749450684, -28.0554656982, 29.6647186279, 32.7810897827, 43.005317688, 1.43121337891, 14.1932592392, 130.810333252, 24.5133705139, -7.87257480621, -11.6271934509], [-18.8736724854, 4.47411680222, -43.0405235291, -18.847158432, -12.3860034943, 31.29712677, 24.4005317688, -2.18760681152, 26.2149295807, 24.5133705139, 102.193115234, 13.4268884659, 0.772755682468], [-22.745595932, 6.10983610153, 46.3897323608, 30.3849163055, 16.0658454895, -4.76215314865, 1.57091569901, 9.49201393127, 5.91462087631, -7.87257480621, 13.4268884659, 91.5552062988, 41.1414527893], [32.8668365479, 18.5085773468, 2.54595279694, 39.5008163452, 42.7262420654, -2.42046713829, 30.0578575134, 12.6138477325, 14.6230278015, -11.6271934509, 0.772755682468, 41.1414527893, 103.187896729]],
