{
"lowlevel": {
    "average_loudness": 0.937374413013,
    "barkbands_crest": {
        "dmean": 2.63285923004,
        "dmean2": 4.29917478561,
        "dvar": 5.69604158401,
        "dvar2": 14.1809329987,
        "max": 24.2132549286,
        "mean": 9.25276374817,
        "median": 8.5408782959,
        "min": 2.38238406181,
        "var": 13.2183256149
    },
    "barkbands_flatness_db": {
        "dmean": 0.0193607266992,
        "dmean2": 0.031317781657,
        "dvar": 0.000305370544083,
        "dvar2": 0.000779820024036,
        "max": 0.281895816326,
        "mean": 0.15850995481,
        "median": 0.155499726534,
        "min": 0.0555570609868,
        "var": 0.00108844181523
    },
    "barkbands_kurtosis": {
        "dmean": 1.38494586945,
        "dmean2": 2.29164767265,
        "dvar": 5.21840190887,
        "dvar2": 13.6167993546,
        "max": 48.0279998779,
        "mean": 1.00867724419,
        "median": 0.214018106461,
        "min": -1.80949497223,
        "var": 7.99383878708
    },
    "barkbands_skewness": {
        "dmean": 0.449870437384,
        "dmean2": 0.6970718503,
        "dvar": 0.207721605897,
        "dvar2": 0.490796089172,
        "max": 6.43689441681,
        "mean": 0.581264615059,
        "median": 0.590760886669,
        "min": -2.35787701607,
        "var": 1.09025061131
    },
    "barkbands_spread": {
        "dmean": 5.14350175858,
        "dmean2": 8.2020778656,
        "dvar": 28.3236694336,
        "dvar2": 65.0669784546,
        "max": 108.269187927,
        "mean": 22.9687576294,
        "median": 22.2715873718,
        "min": 3.39860630035,
        "var": 95.1938781738
    },
    "dissonance": {
        "dmean": 0.0174843911082,
        "dmean2": 0.0301350876689,
        "dvar": 0.000289889780106,
        "dvar2": 0.000811014790088,
        "max": 0.5,
        "mean": 0.472390562296,
        "median": 0.477742552757,
        "min": 0.134649842978,
        "var": 0.000487619487103
    },
    "dynamic_complexity": 2.08020663261,
    "erbbands_crest": {
        "dmean": 3.00796556473,
        "dmean2": 4.95119094849,
        "dvar": 7.32420682907,
        "dvar2": 18.5059738159,
        "max": 31.2996768951,
        "mean": 10.4324264526,
        "median": 9.29675483704,
        "min": 2.68607640266,
        "var": 23.2093219757
    },
    "erbbands_flatness_db": {
        "dmean": 0.017733246088,
        "dmean2": 0.0261934716254,
        "dvar": 0.000265224982286,
        "dvar2": 0.000527544121724,
        "max": 0.349964916706,
        "mean": 0.204608038068,
        "median": 0.201569095254,
        "min": 0.0804751291871,
        "var": 0.00223004422151
    },
    "erbbands_kurtosis": {
        "dmean": 0.977711081505,
        "dmean2": 1.56822907925,
        "dvar": 1.44681704044,
        "dvar2": 3.59744882584,
        "max": 25.8532943726,
        "mean": 0.857642710209,
        "median": 0.308391094208,
        "min": -1.72418928146,
        "var": 3.98535060883
    },
    "erbbands_skewness": {
        "dmean": 0.363843619823,
        "dmean2": 0.573212146759,
        "dvar": 0.0967246741056,
        "dvar2": 0.232130408287,
        "max": 4.02601146698,
        "mean": 0.0337710529566,
        "median": 0.0759499073029,
        "min": -3.52339601517,
        "var": 0.572055459023
    },
    "erbbands_spread": {
        "dmean": 5.71324491501,
        "dmean2": 8.71518421173,
        "dvar": 37.9439315796,
        "dvar2": 81.0981826782,
        "max": 124.319786072,
        "mean": 26.2510757446,
        "median": 23.7370052338,
        "min": 3.10258793831,
        "var": 190.997406006
    },
    "hfc": {
        "dmean": 6.78611421585,
        "dmean2": 9.79669570923,
        "dvar": 60.4779701233,
        "dvar2": 122.052108765,
        "max": 109.060523987,
        "mean": 24.7085552216,
        "median": 20.997209549,
        "min": 1.16810038886e-16,
        "var": 295.572753906
    },
    "melbands_crest": {
        "dmean": 3.20113801956,
        "dmean2": 5.1678609848,
        "dvar": 8.5527715683,
        "dvar2": 20.0715885162,
        "max": 29.4856948853,
        "mean": 12.4215612411,
        "median": 11.6345815659,
        "min": 2.0658686161,
        "var": 20.4211616516
    },
    "melbands_flatness_db": {
        "dmean": 0.0228749644011,
        "dmean2": 0.0366951152682,
        "dvar": 0.000516208994668,
        "dvar2": 0.00130306882784,
        "max": 0.348058879375,
        "mean": 0.174533128738,
        "median": 0.171992480755,
        "min": 0.0102772098035,
        "var": 0.00179701589514
    },
    "melbands_kurtosis": {
        "dmean": 3.20283699036,
        "dmean2": 5.23723936081,
        "dvar": 38.4300689697,
        "dvar2": 100.063491821,
        "max": 123.398956299,
        "mean": 4.35185289383,
        "median": 1.81801795959,
        "min": -1.76072025299,
        "var": 63.8619270325
    },
    "melbands_skewness": {
        "dmean": 0.582854628563,
        "dmean2": 0.917141437531,
        "dvar": 0.405225366354,
        "dvar2": 0.986919343472,
        "max": 9.11445903778,
        "mean": 1.421048522,
        "median": 1.25977516174,
        "min": -1.71408307552,
        "var": 1.69889235497
    },
    "melbands_spread": {
        "dmean": 7.82917451859,
        "dmean2": 12.1650838852,
        "dvar": 69.3229598999,
        "dvar2": 150.924209595,
        "max": 151.002166748,
        "mean": 33.4086265564,
        "median": 30.1799030304,
        "min": 2.35326290131,
        "var": 320.758483887
    },
    "pitch_salience": {
        "dmean": 0.074016712606,
        "dmean2": 0.120909273624,
        "dvar": 0.00424461858347,
        "dvar2": 0.0111921634525,
        "max": 0.932930588722,
        "mean": 0.559205532074,
        "median": 0.55998557806,
        "min": 0.182717323303,
        "var": 0.0103974202648
    },
    "silence_rate_20dB": {
        "dmean": 0,
        "dmean2": 0,
        "dvar": 0,
        "dvar2": 0,
        "max": 1,
        "mean": 1,
        "median": 1,
        "min": 1,
        "var": 0
    },
    "silence_rate_30dB": {
        "dmean": 0,
        "dmean2": 0,
        "dvar": 0,
        "dvar2": 0,
        "max": 1,
        "mean": 1,
        "median": 1,
        "min": 1,
        "var": 0
    },
    "silence_rate_60dB": {
        "dmean": 0.00341880344786,
        "dmean2": 0.0068384418264,
        "dvar": 0.00340694095939,
        "dvar2": 0.00874485075474,
        "max": 1,
        "mean": 0.00634843111038,
        "median": 0,
        "min": 0,
        "var": 0.00630814302713
    },
    "spectral_centroid": {
        "dmean": 220.372207642,
        "dmean2": 334.158966064,
        "dvar": 56057.1796875,
        "dvar2": 107659.585938,
        "max": 10868.8603516,
        "mean": 1634.11230469,
        "median": 1635.60388184,
        "min": 339.664428711,
        "var": 305634.125
    },
    "spectral_complexity": {
        "dmean": 3.65054941177,
        "dmean2": 5.58505296707,
        "dvar": 12.7622613907,
        "dvar2": 25.4378032684,
        "max": 54,
        "mean": 21.5043334961,
        "median": 21,
        "min": 0,
        "var": 57.447227478
    },
    "spectral_decrease": {
        "dmean": 1.74878844739e-09,
        "dmean2": 2.6869617642e-09,
        "dvar": 3.98522508315e-18,
        "dvar2": 8.49357324776e-18,
        "max": 6.8533536977e-29,
        "mean": -5.78272230101e-09,
        "median": -5.47460476952e-09,
        "min": -2.79340284237e-08,
        "var": 9.80653800891e-18
    },
    "spectral_energy": {
        "dmean": 0.00708875991404,
        "dmean2": 0.010818682611,
        "dvar": 6.2856808654e-05,
        "dvar2": 0.000132584798848,
        "max": 0.112444810569,
        "mean": 0.0240664333105,
        "median": 0.0230557080358,
        "min": 1.03363544226e-20,
        "var": 0.000164575045346
    },
    "spectral_energyband_high": {
        "dmean": 0.00019986233383,
        "dmean2": 0.000301422405755,
        "dvar": 1.35254040856e-07,
        "dvar2": 2.83787585431e-07,
        "max": 0.0101975966245,
        "mean": 0.000456006149761,
        "median": 0.000291853852104,
        "min": 7.63423647357e-21,
        "var": 3.30028001372e-07
    },
    "spectral_energyband_low": {
        "dmean": 0.0031865069177,
        "dmean2": 0.00543521344662,
        "dvar": 2.90350726573e-05,
        "dvar2": 8.4378370957e-05,
        "max": 0.0697872713208,
        "mean": 0.00601362390444,
        "median": 0.00431911181659,
        "min": 1.46518212484e-23,
        "var": 4.22718985646e-05
    },
    "spectral_energyband_middle_high": {
        "dmean": 0.00327799096704,
        "dmean2": 0.00487165618688,
        "dvar": 1.5856943719e-05,
        "dvar2": 3.31255578203e-05,
        "max": 0.0666113421321,
        "mean": 0.0106136733666,
        "median": 0.00776136480272,
        "min": 1.49667275167e-21,
        "var": 7.81617636676e-05
    },
    "spectral_energyband_middle_low": {
        "dmean": 0.00402878131717,
        "dmean2": 0.00630043260753,
        "dvar": 4.53065877082e-05,
        "dvar2": 0.000104941042082,
        "max": 0.0917378216982,
        "mean": 0.00789887178689,
        "median": 0.00494915759191,
        "min": 1.76522925134e-22,
        "var": 7.20084499335e-05
    },
    "spectral_entropy": {
        "dmean": 0.12479262054,
        "dmean2": 0.189739540219,
        "dvar": 0.0138585744426,
        "dvar2": 0.0293989367783,
        "max": 9.80112361908,
        "mean": 7.55011987686,
        "median": 7.57216119766,
        "min": 6.56333875656,
        "var": 0.0890593528748
    },
    "spectral_flux": {
        "dmean": 0.0246464181691,
        "dmean2": 0.0391940996051,
        "dvar": 0.000582826673053,
        "dvar2": 0.00128929072525,
        "max": 0.272098004818,
        "mean": 0.0910126790404,
        "median": 0.0832041278481,
        "min": 1.01667861629e-10,
        "var": 0.00165091082454
    },
    "spectral_kurtosis": {
        "dmean": 1.88472485542,
        "dmean2": 3.28209519386,
        "dvar": 3.43524456024,
        "dvar2": 10.5346822739,
        "max": 22.196182251,
        "mean": 4.79759168625,
        "median": 4.21110630035,
        "min": -1.53202986717,
        "var": 7.49585676193
    },
    "spectral_rms": {
        "dmean": 0.000709859712515,
        "dmean2": 0.0010667887982,
        "dvar": 5.06426090396e-07,
        "dvar2": 1.02024227999e-06,
        "max": 0.0104738846421,
        "mean": 0.00466324435547,
        "median": 0.00474271783605,
        "min": 3.17557048365e-12,
        "var": 1.73361968336e-06
    },
    "spectral_rolloff": {
        "dmean": 384.37411499,
        "dmean2": 639.416931152,
        "dvar": 361002.53125,
        "dvar2": 709509,
        "max": 18927.6855469,
        "mean": 1737.3013916,
        "median": 1679.58984375,
        "min": 86.1328125,
        "var": 899025.5625
    },
    "spectral_skewness": {
        "dmean": 0.224782824516,
        "dmean2": 0.380246013403,
        "dvar": 0.0382415428758,
        "dvar2": 0.106593057513,
        "max": 2.92857933044,
        "mean": 1.47102046013,
        "median": 1.43746089935,
        "min": -0.427471548319,
        "var": 0.12125775218
    },
    "spectral_spread": {
        "dmean": 407993.84375,
        "dmean2": 590650,
        "dvar": 396706447360,
        "dvar2": 528241164288,
        "max": 41305632,
        "mean": 3511086.75,
        "median": 3317370.25,
        "min": 1647298,
        "var": 1.42996432486e+12
    },
    "spectral_strongpeak": {
        "dmean": 0.980130553246,
        "dmean2": 1.61849033833,
        "dvar": 1.88038623333,
        "dvar2": 4.55324172974,
        "max": 15.0563259125,
        "mean": 1.90232348442,
        "median": 0.75211507082,
        "min": 0,
        "var": 5.86451768875
    },
    "zerocrossingrate": {
        "dmean": 0.00743636256084,
        "dmean2": 0.00920847523957,
        "dvar": 9.87196399365e-05,
        "dvar2": 0.000116862960567,
        "max": 0.5595703125,
        "mean": 0.0623222365975,
        "median": 0.06201171875,
        "min": 0.01025390625,
        "var": 0.000553069054149
    },
    "barkbands": {
        "dmean": [3.81739373552e-05, 0.00187330250628, 0.00146797846537, 0.00115374859888, 0.00108357775025, 0.0008821747615, 0.000594461685978, 0.000687708496116, 0.000882739841472, 0.00108072604053, 0.000795085623395, 0.000751103798393, 0.000402391713578, 0.000744016724639, 0.000502189970575, 0.000820992921945, 0.000421806704253, 0.000356412201654, 0.000245694245677, 0.000137696246384, 5.87034628552e-05, 3.48535686499e-05, 3.3275820897e-05, 3.8530331949e-05, 2.14416922972e-05, 4.28498054816e-08, 1.24164856175e-09],
        "dmean2": [6.4512816607e-05, 0.00316408509389, 0.00257678772323, 0.00190035777632, 0.00187605328392, 0.00142383296043, 0.00097223604098, 0.00108941458166, 0.00140318914782, 0.00175578019116, 0.00127355416771, 0.00118194252718, 0.000639725825749, 0.00118978996761, 0.000800424430054, 0.00127404648811, 0.000659126148093, 0.000550554308575, 0.000376320793293, 0.000210313810385, 9.15323835216e-05, 5.384087126e-05, 5.1304254157e-05, 6.1962986365e-05, 3.24690590787e-05, 7.27618427732e-08, 2.34620167738e-09],
        "dvar": [3.0043803001e-09, 1.02693020381e-05, 1.39162921187e-05, 1.10392838906e-05, 7.38987910154e-06, 4.77910452901e-06, 2.38827442445e-06, 4.00021372116e-06, 5.54073767489e-06, 5.09396613779e-06, 2.75798424809e-06, 2.56949260802e-06, 1.22172127703e-06, 3.29784506903e-06, 1.4257039993e-06, 2.59902753896e-06, 9.47016417285e-07, 3.71477739236e-07, 2.00732714006e-07, 5.36229549652e-08, 1.23999832624e-08, 1.15059544115e-08, 6.97941393568e-09, 1.32878836823e-08, 9.25958243414e-09, 3.73993845333e-14, 3.393369629e-16],
        "dvar2": [7.9184534485e-09, 2.74597259704e-05, 4.00316494051e-05, 2.49647400778e-05, 2.03126364795e-05, 1.15656348498e-05, 6.12025496594e-06, 9.48786873778e-06, 1.24223461171e-05, 1.24350854094e-05, 6.51644768368e-06, 5.57719249628e-06, 2.77696608464e-06, 7.8417642726e-06, 3.42506177731e-06, 5.80554524277e-06, 2.22201720135e-06, 8.25948802685e-07, 4.38644207179e-07, 1.17306001357e-07, 2.75022102869e-08, 2.59429615568e-08, 1.47894017033e-08, 3.40636425733e-08, 1.58733648448e-08, 7.62575698659e-14, 1.01643254868e-15],
        "max": [0.000819986278657, 0.0419971235096, 0.0465412065387, 0.0412305518985, 0.0683738440275, 0.0776579082012, 0.0438463240862, 0.061016112566, 0.0584421008825, 0.0504735819995, 0.0388750433922, 0.039562728256, 0.035537134856, 0.0544220022857, 0.0292226374149, 0.0290130190551, 0.0255419630557, 0.0115877063945, 0.0130320955068, 0.004624417983, 0.00310270488262, 0.0036350088194, 0.004329665564, 0.0049511352554, 0.00757385930046, 1.15532393465e-05, 1.17965794288e-06],
        "mean": [5.04253075633e-05, 0.00341823790222, 0.00198975275271, 0.00115767167881, 0.0014190498041, 0.00146740418859, 0.000861581880599, 0.0010215541115, 0.00131996464916, 0.00166274397634, 0.00126424396876, 0.00126892747357, 0.000626306806225, 0.00150252203457, 0.000770423328504, 0.00159656954929, 0.000789128826, 0.000732480897568, 0.000523628143128, 0.000297981692711, 0.000117193660117, 6.12104486208e-05, 6.12560397713e-05, 5.6887507526e-05, 2.92123240797e-05, 3.7475487602e-08, 9.35548083447e-10],
        "median": [2.9600749258e-05, 0.00217398884706, 0.00107609014958, 0.000305884459522, 0.000642497907393, 0.000565918802749, 0.000329473492457, 0.000379220582545, 0.000348628207576, 0.000586240726989, 0.000457085319795, 0.000418276293203, 0.000212997198105, 0.00037790479837, 0.000236291030888, 0.000346271612216, 0.000270764343441, 0.000297215650789, 0.000257712497842, 0.000149153260281, 6.9186091423e-05, 3.09804818244e-05, 2.88525425276e-05, 2.25346066145e-05, 8.98283906281e-06, 5.11498488009e-09, 3.40514144659e-10],
        "min": [1.80310473532e-23, 5.44132823253e-24, 3.91115264656e-24, 2.37871381866e-24, 2.606038288e-23, 3.4148308684e-23, 4.62959556754e-23, 5.12971555319e-24, 5.34357527128e-23, 2.42397439756e-23, 8.06236607955e-23, 8.34690189717e-23, 8.50099672422e-23, 1.24828781662e-22, 2.14998877412e-22, 1.33197687099e-22, 7.32614807134e-23, 1.23712335222e-22, 3.97220293912e-22, 3.65492914149e-22, 3.88090737236e-22, 5.36656747433e-22, 6.16759526528e-22, 5.91407278839e-22, 1.57820063008e-21, 1.39114936536e-21, 2.72246990407e-21],
        "var": [3.8582874673e-09, 1.6914704247e-05, 1.13336245704e-05, 1.05434255602e-05, 7.33004617359e-06, 9.55533505476e-06, 3.40081714967e-06, 5.5654732023e-06, 1.00138822745e-05, 9.4647939477e-06, 5.57634530196e-06, 6.04778279012e-06, 2.79571645478e-06, 1.19401838674e-05, 2.82231371784e-06, 9.49571949604e-06, 2.76066839433e-06, 1.14455565381e-06, 6.73544263918e-07, 1.74837339273e-07, 2.44750175682e-08, 1.6207556186e-08, 1.35322641981e-08, 2.10579464976e-08, 2.19754543451e-08, 6.58774928055e-14, 1.71003842126e-16]
    },
    "erbbands": {
        "dmean": [0.0394331775606, 0.476983010769, 1.46000826359, 2.36508226395, 4.25404214859, 3.53419947624, 5.57145452499, 7.49897384644, 8.45004653931, 10.7494344711, 14.5478124619, 18.3840503693, 33.8640594482, 25.3869075775, 34.5541954041, 24.6249256134, 17.8594303131, 32.3081321716, 28.4084777832, 31.3220500946, 39.6707954407, 21.3907203674, 19.0237674713, 15.5690069199, 8.58617019653, 6.1472363472, 3.32245516777, 1.68348228931, 1.32031106949, 1.12607085705, 0.930151283741, 0.916547000408, 0.520547568798, 0.287807434797, 0.1297301054, 0.00803855620325, 0.000213078616071, 1.59163610078e-05, 5.40510109204e-06, 8.62086835696e-06],
        "dmean2": [0.0638696104288, 0.816681265831, 2.5649061203, 3.85145759583, 7.46433019638, 6.03085708618, 9.21639347076, 12.1464948654, 13.9570837021, 17.3870925903, 23.0061321259, 29.1094703674, 55.0377082825, 40.4802055359, 54.7077255249, 37.9312477112, 28.0080871582, 50.4445648193, 43.8700904846, 48.5405731201, 60.2303390503, 32.7966194153, 28.9161567688, 23.8412265778, 12.8540897369, 9.32367038727, 5.12398195267, 2.60829114914, 2.0529794693, 1.73889052868, 1.45703756809, 1.49119472504, 0.816829442978, 0.435051351786, 0.200279012322, 0.0131058292463, 0.000336837954819, 2.44081420533e-05, 7.9936144175e-06, 1.29647323774e-05],
        "dvar": [0.00439247163013, 0.683071017265, 9.6954240799, 40.1761360168, 165.400787354, 92.3921356201, 177.852737427, 486.493835449, 460.057342529, 935.559509277, 2121.66796875, 2730.92895508, 5832.24414062, 2771.31079102, 4384.54003906, 3153.72119141, 2185.17333984, 7671.75146484, 3733.26342773, 4094.27172852, 7077.39160156, 2431.73681641, 1045.16882324, 867.969970703, 216.126022339, 122.267547607, 32.8055076599, 15.3675813675, 15.6959972382, 12.3120317459, 4.53794527054, 5.81701755524, 3.75333809853, 1.99740993977, 0.252306520939, 0.00125367043074, 7.44911687889e-07, 3.30516702896e-09, 9.55675955039e-11, 8.9236416867e-11],
        "dvar2": [0.00979244709015, 1.88680255413, 28.4093723297, 77.7859573364, 447.19354248, 253.561141968, 422.751556396, 1204.56945801, 1188.30627441, 2334.73876953, 5091.99658203, 6157.05175781, 14463.6699219, 6348.87548828, 10126.8740234, 6496.875, 4935.96728516, 17687.0917969, 8457.88867188, 9438.20410156, 15461.8730469, 5784.01757812, 2254.45727539, 1997.5682373, 424.994842529, 260.366333008, 71.7192840576, 34.8907279968, 36.131942749, 26.1892528534, 9.85972309113, 15.0536003113, 9.08479595184, 3.73403549194, 0.400018513203, 0.0020898852963, 1.20620666166e-06, 5.66898883392e-09, 1.97315538908e-10, 1.8602179519e-10],
        "max": [0.835765242577, 10.4946432114, 37.091796875, 95.0197296143, 161.720031738, 385.03515625, 435.335754395, 886.211364746, 620.811889648, 945.314697266, 1624.6418457, 1375.28149414, 1846.65441895, 1186.95922852, 1872.07092285, 2047.93530273, 1745.47473145, 3230.24584961, 1390.05786133, 1311.11450195, 2000.08642578, 1791.94445801, 786.730957031, 658.963806152, 388.875427246, 308.808319092, 128.38243103, 156.113586426, 136.249893188, 158.176834106, 96.6396255493, 99.4887542725, 91.4809265137, 103.580062866, 38.9189758301, 2.67617917061, 0.0681696906686, 0.00444411113858, 0.000586533453315, 0.000162460652064],
        "mean": [0.0795264393091, 0.840890049934, 2.27996921539, 3.14719009399, 3.92329955101, 4.80913305283, 9.00213050842, 12.344078064, 12.8803653717, 16.4058570862, 22.4066867828, 29.3530406952, 53.3845100403, 42.4592552185, 62.5457801819, 45.4232063293, 31.847076416, 62.9473190308, 55.8417015076, 57.334815979, 82.5106430054, 45.7135620117, 42.580821991, 33.071559906, 20.6508255005, 13.805847168, 7.17205095291, 3.30399346352, 2.26661682129, 1.98361718655, 1.71945047379, 1.39894068241, 0.779902338982, 0.417813062668, 0.156825259328, 0.00900060683489, 0.000268201634753, 2.52316749538e-05, 1.72081927303e-05, 3.02031912724e-05],
        "median": [0.0421627983451, 0.53612190485, 1.35116398335, 1.19647991657, 1.24732100964, 2.14099097252, 3.57024550438, 4.46061420441, 5.20334386826, 6.71557950974, 8.45308208466, 9.13831138611, 18.6483192444, 18.2199554443, 26.6591644287, 18.9080104828, 12.9938306808, 20.2105503082, 19.3330345154, 21.6958236694, 20.0310382843, 17.0554237366, 17.5514698029, 17.202955246, 10.4236803055, 7.26866149902, 4.33705282211, 1.86368691921, 1.16278672218, 0.933543682098, 0.804638564587, 0.595990896225, 0.284422546625, 0.140279754996, 0.041356202215, 0.00205603055656, 8.2613179984e-05, 1.28664078147e-05, 1.5732835891e-05, 2.89728632197e-05],
        "min": [2.23318090923e-22, 1.09674738429e-21, 3.35145170068e-21, 8.16790448578e-21, 1.15038358467e-20, 1.36456017771e-19, 1.96517899316e-19, 3.28896058839e-19, 6.88780578171e-19, 2.70352971371e-19, 3.73190236473e-19, 1.22757666428e-18, 8.3717476381e-19, 1.9141703837e-18, 2.88542600663e-18, 4.0828894709e-18, 4.3274367336e-18, 4.97596784054e-18, 7.66894614175e-18, 1.28339239251e-17, 7.56967288772e-18, 5.03665270541e-18, 6.52140468181e-18, 1.8081570966e-17, 1.73177672776e-17, 1.5784549962e-17, 1.57904345248e-17, 1.77651429488e-17, 1.83181131883e-17, 2.15473485448e-17, 1.49455902975e-17, 1.25284204823e-17, 1.18660142477e-17, 1.41812472873e-17, 1.139217376e-17, 5.79742519043e-18, 2.59857279829e-18, 1.67375064886e-18, 2.97620204782e-19, 3.60114533703e-20],
        "var": [0.00972621701658, 1.0485907793, 10.167840004, 48.6409339905, 117.130104065, 98.3146209717, 376.681304932, 886.049194336, 725.576538086, 1364.2689209, 2850.93530273, 5060.2734375, 10838.1171875, 5786.97851562, 10271.9287109, 8051.05517578, 5498.27783203, 22549.1738281, 12178.7265625, 8552.94335938, 29233.4101562, 7773.28613281, 3775.74511719, 2283.4855957, 925.313720703, 385.65322876, 78.6497802734, 24.3673152924, 20.9984321594, 19.7258090973, 9.45200824738, 8.97979545593, 6.56176042557, 4.15311002731, 0.691339373589, 0.00306332786568, 1.97421013581e-06, 8.71729977092e-09, 2.3625928991e-10, 2.59206767161e-10]
    },
    "gfcc": {
        "mean": [-8.86000728607, 116.747467041, -163.595184326, 45.8379173279, -60.5785598755, 24.2376232147, -35.2106781006, 12.1459112167, -14.5318403244, -11.4245710373, 2.45082259178, -14.5462818146, 6.53002882004],
        "cov": [[1882.23266602, -156.439559937, 56.4662780762, 276.923339844, 65.6315155029, 42.7169494629, -131.778564453, 104.311973572, -64.6681671143, 29.4232692719, -46.1294937134, 24.2449741364, 19.6476612091], [-156.439559937, 588.900146484, 281.638244629, 56.7563667297, 91.4426956177, -23.618642807, 88.629196167, -43.0235900879, 46.4133834839, 8.59331703186, 106.716705322, -13.6362962723, 35.8267822266], [56.4662780762, 281.638244629, 840.926574707, 238.852478027, -83.9096374512, 161.521942139, -75.2323074341, 4.92577457428, -32.8701553345, 88.6007156372, 12.3210506439, 70.7341690063, -13.9184408188], [276.923339844, 56.7563667297, 238.852478027, 344.750854492, 130.909118652, 28.8280162811, -17.1425170898, 20.1052474976, 7.68377590179, 32.3527374268, 8.63872528076, 45.0554199219, 13.9278535843], [65.6315155029, 91.4426956177, -83.9096374512, 130.909118652, 316.397613525, 13.9886903763, 42.2345275879, 21.3576946259, 3.32388305664, 17.7119960785, 45.4975891113, -12.1162576675, 23.0007152557], [42.7169494629, -23.618642807, 161.521942139, 28.8280162811, 13.9886903763, 223.525512695, 51.4713592529, -25.2221736908, -38.6875724792, 51.6294059753, 4.14723443985, 11.8565940857, -21.1503448486], [-131.778564453, 88.629196167, -75.2323074341, -17.1425170898, 42.2345275879, 51.4713592529, 180.991821289, -1.43036556244, 6.50024366379, -0.986191809177, 37.9284172058, -13.9199333191, 12.8487253189], [104.311973572, -43.0235900879, 4.92577457428, 20.1052474976, 21.3576946259, -25.2221736908, -1.43036556244, 151.404602051, 53.1492538452, -1.46811318398, -14.1119413376, 18.3112678528, 30.8532962799], [-64.6681671143, 46.4133834839, -32.8701553345, 7.68377590179, 3.32388305664, -38.6875724792, 6.50024366379, 53.1492538452, 133.212188721, 4.96120166779, 4.76124382019, 11.7888536453, 22.0603504181], [29.4232692719, 8.59331703186, 88.6007156372, 32.3527374268, 17.7119960785, 51.6294059753, -0.986191809177, -1.46811318398, 4.96120166779, 109.689872742, 47.1048851013, 7.51024866104, -5.68396425247], [-46.1294937134, 106.716705322, 12.3210506439, 8.63872528076, 45.4975891113, 4.14723443985, 37.9284172058, -14.1119413376, 4.76124382019, 47.1048851013, 140.5493927, 2.95854973793, 7.47562217712], [24.2449741364, -13.6362962723, 70.7341690063, 45.0554199219, -12.1162576675, 11.8565940857, -13.9199333191, 18.3112678528, 11.7888536453, 7.51024866104, 2.95854973793, 94.6707382202, 41.4719200134], [19.6476612091, 35.8267822266, -13.9184408188, 13.9278535843, 23.0007152557, -21.1503448486, 12.8487253189, 30.8532962799, 22.0603504181, -5.68396425247, 7.47562217712, 41.4719200134, 90.9914245605]],
        "icov": [[0.000860589789227, -0.000749509199522, 0.00109757983591, -0.0014359873021, 0.000881061307155, -0.00108924880624, 0.00134316261392, -0.00133858807385, 0.00117642281111, -0.00042813384789, 0.000200140697416, 0.000175762950676, -0.000123215490021], [-0.000749509199522, 0.00733829615638, -0.00630767457187, 0.00418741442263, -0.00465368758887, 0.00533336075023, -0.00561309605837, 0.00538393063471, -0.00473488494754, 0.00289527932182, -0.00284644286148, 0.00236827996559, -0.00246698781848], [0.00109757983591, -0.00630767457187, 0.00809410493821, -0.00613151583821, 0.00577306421474, -0.00657691666856, 0.00632491754368, -0.00555924745277, 0.00486578606069, -0.00310585973784, 0.00169834238477, -0.00195446726866, 0.00180462177377], [-0.0014359873021, 0.00418741442263, -0.00613151583821, 0.00925773754716, -0.00630049966276, 0.00491247372702, -0.00450932933018, 0.00439006043598, -0.00405589211732, 0.00146792049054, -0.000451685395092, -0.00134779070504, -8.45290414873e-05], [0.000881061307155, -0.00465368758887, 0.00577306421474, -0.00630049966276, 0.00857153441757, -0.0049183848314, 0.00399240292609, -0.00470853829756, 0.00392095465213, -0.00204537017271, 7.23902630853e-05, 0.000769091711845, -0.000222441696678], [-0.00108924880624, 0.00533336075023, -0.00657691666856, 0.00491247372702, -0.0049183848314, 0.01197798457, -0.00792184565216, 0.00525793246925, -0.00240559922531, -0.00101319770329, 0.000178300979314, -0.000526588701177, 0.000485809112433], [0.00134316261392, -0.00561309605837, 0.00632491754368, -0.00450932933018, 0.00399240292609, -0.00792184565216, 0.0127730546519, -0.00515763228759, 0.00352523708716, -0.000553847756237, -0.00052111648256, 0.000429975130828, -0.000370037363609], [-0.00133858807385, 0.00538393063471, -0.00555924745277, 0.00439006043598, -0.00470853829756, 0.00525793246925, -0.00515763228759, 0.0131661798805, -0.0071060587652, 0.00185141363181, -0.000455313362181, 0.000744442921132, -0.00314026721753], [0.00117642281111, -0.00473488494754, 0.00486578606069, -0.00405589211732, 0.00392095465213, -0.00240559922531, 0.00352523708716, -0.0071060587652, 0.0131513848901, -0.00339993531816, 0.00164014159236, -0.00165527639911, 0.000555650563911], [-0.00042813384789, 0.00289527932182, -0.00310585973784, 0.00146792049054, -0.00204537017271, -0.00101319770329, -0.000553847756237, 0.00185141363181, -0.00339993531816, 0.0144857885316, -0.00587583752349, 0.00118195149116, -0.000342149607604], [0.000200140697416, -0.00284644286148, 0.00169834238477, -0.000451685395092, 7.23902630853e-05, 0.000178300979314, -0.00052111648256, -0.000455313362181, 0.00164014159236, -0.00587583752349, 0.0111957686022, -0.00199044891633, 0.000880278996192], [0.000175762950676, 0.00236827996559, -0.00195446726866, -0.00134779070504, 0.000769091711845, -0.000526588701177, 0.000429975130828, 0.000744442921132, -0.00165527639911, 0.00118195149116, -0.00199044891633, 0.0170937851071, -0.00884534884244], [-0.000123215490021, -0.00246698781848, 0.00180462177377, -8.45290414873e-05, -0.000222441696678, 0.000485809112433, -0.000370037363609, -0.00314026721753, 0.000555650563911, -0.000342149607604, 0.000880278996192, -0.00884534884244, 0.0173662938178]]
    },
    "melbands": {
        "dmean": [0.000443691533292, 0.000715739792213, 0.000464709708467, 0.000263581780018, 0.000181851908565, 0.000168848506291, 0.000124513346236, 0.000125936552649, 0.000120188757137, 0.000125302613014, 0.000173462467501, 0.000108960819489, 0.000111131397716, 9.22394465306e-05, 5.24664865225e-05, 4.05774408136e-05, 7.01718599885e-05, 5.41894005437e-05, 3.83723236155e-05, 5.94265075051e-05, 4.64454351459e-05, 2.5122810257e-05, 2.19848807319e-05, 1.66157824424e-05, 1.40980664582e-05, 7.63471325627e-06, 5.95702522332e-06, 4.17282353737e-06, 2.5389572329e-06, 1.51770825596e-06, 9.42199392284e-07, 8.18406704184e-07, 6.51911477689e-07, 6.79530216985e-07, 5.86193550589e-07, 5.64806384773e-07, 5.8243483636e-07, 3.9291541043e-07, 3.06327905264e-07, 2.35287089367e-07],
        "dmean2": [0.000734165892936, 0.0012595463777, 0.000743382901419, 0.000462282972876, 0.000300698331557, 0.000274032150628, 0.000204926211154, 0.000202198236366, 0.000190820850548, 0.00019830983365, 0.000282643537503, 0.000174018423422, 0.000175952678546, 0.00014340695634, 8.02585418569e-05, 6.36649783701e-05, 0.000110147513624, 8.41992950882e-05, 6.0802736698e-05, 9.12319737836e-05, 7.04253543518e-05, 3.88132757507e-05, 3.44278705597e-05, 2.51178662438e-05, 2.2049071049e-05, 1.16381615953e-05, 9.19543708733e-06, 6.43462635708e-06, 3.95414053855e-06, 2.43172621595e-06, 1.48713309045e-06, 1.30273042487e-06, 1.01162436295e-06, 1.06192396743e-06, 9.24934511204e-07, 9.08900005925e-07, 9.55653945311e-07, 6.19172340066e-07, 4.85288239815e-07, 3.54668429736e-07],
        "dvar": [5.70356633034e-07, 1.65344238212e-06, 1.54766701144e-06, 5.3499815067e-07, 1.71147405581e-07, 2.0577523685e-07, 9.55166967742e-08, 1.24948002167e-07, 1.47769270598e-07, 1.2180548481e-07, 1.51386089442e-07, 5.07283601792e-08, 4.75734651673e-08, 3.44443940037e-08, 2.14521218567e-08, 1.35841284887e-08, 3.61818237593e-08, 1.54417243436e-08, 1.00869179676e-08, 1.45121710204e-08, 1.10444666745e-08, 4.3581009912e-09, 1.79715420323e-09, 1.03096331472e-09, 7.93410559474e-10, 2.17554890769e-10, 1.08326347892e-10, 6.21528870037e-11, 2.01105208875e-11, 9.95702999218e-12, 5.41915904512e-12, 5.56259812518e-12, 4.4070541487e-12, 4.47019591482e-12, 1.82527127093e-12, 1.70817331634e-12, 2.83694834118e-12, 2.75182394233e-12, 1.31129536483e-12, 1.37773830972e-12],
        "dvar2": [1.43086947446e-06, 5.02392731505e-06, 3.06996889776e-06, 1.4826663346e-06, 4.23468350164e-07, 5.09151618644e-07, 2.46586211006e-07, 3.06114003479e-07, 3.54873861852e-07, 2.69882377779e-07, 3.76279245984e-07, 1.15257307698e-07, 1.11379520717e-07, 7.60377076858e-08, 4.36580940288e-08, 2.95520052873e-08, 8.31064710383e-08, 3.47167343762e-08, 2.50848337657e-08, 3.19829318585e-08, 2.31138788109e-08, 1.04889084085e-08, 4.27864188524e-09, 2.12716066983e-09, 1.8582015926e-09, 4.54631304825e-10, 2.38281727682e-10, 1.33520319801e-10, 4.52847308263e-11, 2.40169516219e-11, 1.23402928501e-11, 1.29716350508e-11, 9.83686049283e-12, 9.94606046828e-12, 4.20487516334e-12, 4.08160137633e-12, 7.59567669179e-12, 7.07440052719e-12, 2.61878539687e-12, 2.55541269568e-12],
        "max": [0.0100993271917, 0.013716198504, 0.0158258341253, 0.0153259364888, 0.011546920985, 0.0179693214595, 0.00809845793992, 0.0114166783169, 0.0121229840443, 0.0101772891358, 0.00938458833843, 0.00442703394219, 0.00543513009325, 0.00400124769658, 0.00381178292446, 0.00414965162054, 0.00691579561681, 0.0031403331086, 0.0030243685469, 0.0018766336143, 0.00255911308341, 0.00198050658219, 0.000935094547458, 0.000830350094475, 0.000609916867688, 0.000561180815566, 0.000214208572288, 0.0002023029665, 0.000112707421067, 9.28968147491e-05, 8.92027965165e-05, 7.70242550061e-05, 6.64098843117e-05, 0.000104020633444, 5.54332546017e-05, 6.62865350023e-05, 7.73274077801e-05, 8.29343480291e-05, 6.7030225182e-05, 8.844860713e-05],
        "mean": [0.000850555137731, 0.00119600747712, 0.00059727684129, 0.000292190379696, 0.000303800450638, 0.000281901651761, 0.000189838930964, 0.000190198465134, 0.000181164243259, 0.000192805207917, 0.00026912643807, 0.000169989958522, 0.000191582395928, 0.000160794646945, 8.54800018715e-05, 6.3398918428e-05, 0.000130946646095, 0.000101533187262, 5.79716579523e-05, 0.000106969942863, 8.83781831362e-05, 4.51475934824e-05, 4.50354928034e-05, 3.18913371302e-05, 2.69395823125e-05, 1.62030682986e-05, 1.25960968944e-05, 8.33101603348e-06, 4.99208681504e-06, 2.82101996163e-06, 1.59823264312e-06, 1.30383409669e-06, 1.08847859792e-06, 1.10874680104e-06, 1.01767034266e-06, 9.18921614357e-07, 8.2336879359e-07, 5.71092925838e-07, 4.29431793236e-07, 3.28597451471e-07],
        "median": [0.000507546006702, 0.000788767705671, 0.000226983174798, 0.000119478798297, 0.000128608662635, 0.000104425394966, 7.68943355069e-05, 7.59267859394e-05, 6.29774294794e-05, 5.23008493474e-05, 8.86737252586e-05, 6.36906261207e-05, 7.83363284427e-05, 5.84163535677e-05, 2.87119510176e-05, 2.16510725295e-05, 3.59399091394e-05, 2.65378839686e-05, 1.77197271114e-05, 2.66925599135e-05, 2.00224767468e-05, 1.49993420564e-05, 1.49246170622e-05, 1.3923534425e-05, 1.25162068798e-05, 7.81041580922e-06, 5.72871431359e-06, 4.11175778936e-06, 2.78475840787e-06, 1.48808385347e-06, 8.33454919302e-07, 6.32767921616e-07, 4.94830089792e-07, 5.03781450334e-07, 4.62974071525e-07, 4.12325732668e-07, 3.30304288809e-07, 2.04306431328e-07, 1.39639254826e-07, 1.03461822221e-07],
        "min": [2.24865333514e-24, 1.72550622357e-24, 1.27061293523e-24, 4.68098267688e-24, 7.58448266286e-24, 7.24744657427e-24, 1.01441864167e-23, 2.1765979912e-24, 3.72212264101e-24, 8.14299460604e-24, 3.69295648119e-24, 6.93078124084e-24, 9.2945571894e-24, 8.98517383098e-24, 1.08604878959e-23, 9.008511492e-24, 8.33168934571e-24, 1.22055982912e-23, 1.76414447293e-23, 1.18046920794e-23, 8.20081416609e-24, 4.37633721705e-24, 7.15387978231e-24, 3.95282264616e-24, 1.6614776971e-23, 1.36790295345e-23, 1.13018894934e-23, 1.05121726741e-23, 1.04652259839e-23, 7.31128356531e-24, 1.1822156671e-23, 1.05283246011e-23, 1.01472961064e-23, 1.33128513464e-23, 7.8481862417e-24, 8.00978360928e-24, 7.7940482955e-24, 6.71463098623e-24, 1.40601550591e-23, 1.00740764038e-23],
        "var": [1.08944686872e-06, 2.04263005799e-06, 1.81456675818e-06, 4.05765376854e-07, 3.59137743544e-07, 3.95703750655e-07, 1.4794821368e-07, 1.81785409836e-07, 2.02558922524e-07, 2.32184987681e-07, 2.83888084596e-07, 1.02452410999e-07, 1.05687661289e-07, 8.05747149002e-08, 4.66277541022e-08, 2.75164850905e-08, 1.072525464e-07, 5.15096587606e-08, 1.563631713e-08, 3.96632380273e-08, 4.14786285319e-08, 1.1070747874e-08, 5.47789458238e-09, 2.90120527602e-09, 1.89181781352e-09, 8.13909828423e-10, 3.54791002133e-10, 1.6358671362e-10, 4.52248065386e-11, 1.8683155717e-11, 7.52866605863e-12, 7.24447325046e-12, 6.19400104124e-12, 6.69714847815e-12, 3.43135958016e-12, 3.00037729037e-12, 3.87766728449e-12, 4.03643871799e-12, 2.71303856117e-12, 2.93215603707e-12]
    },
    "mfcc": {
        "mean": [-627.831237793, 121.949523926, -26.05742836, 17.4871082306, 6.08981752396, 1.58604085445, 5.06198501587, 9.76876354218, -0.788375020027, 6.25663614273, -4.73685741425, 1.41323947906, 0.575370192528],
        "cov": [[1548.70153809, -334.528717041, -79.0937576294, 163.119689941, 144.27947998, -44.0364341736, 3.85500049591, 10.0362825394, 48.875202179, -2.63644480705, -86.686050415, -1.45687007904, 47.4567756653], [-334.528717041, 547.680114746, 145.175827026, 46.7558860779, 19.1127738953, 25.7317428589, 56.852848053, -12.4110765457, -30.5939903259, 28.0005168915, 23.0169143677, 22.5532207489, 22.7704906464], [-79.0937576294, 145.175827026, 826.823486328, 63.3166847229, 74.0849533081, 134.94770813, -15.4334888458, -14.3206977844, -37.763420105, -21.9331569672, 31.6229000092, 27.5808238983, 28.5932216644], [163.119689941, 46.7558860779, 63.3166847229, 345.444549561, 156.192382812, 9.33467102051, 23.4838829041, 20.0004558563, 21.7451553345, -5.53854703903, -20.5081100464, 33.8561477661, 62.4532470703], [144.27947998, 19.1127738953, 74.0849533081, 156.192382812, 252.396652222, 19.5366230011, 28.0467281342, -1.49968850613, 18.0947704315, 5.16519737244, -9.87417602539, 34.2461929321, 52.1614379883], [-44.0364341736, 25.7317428589, 134.94770813, 9.33467102051, 19.5366230011, 248.183670044, 84.1028289795, -7.62556695938, -15.6226930618, -12.5641098022, 46.6220855713, -7.89699459076, -3.93645238876], [3.85500049591, 56.852848053, -15.4334888458, 23.4838829041, 28.0467281342, 84.1028289795, 202.822036743, 0.886787474155, -30.5270214081, 33.4658660889, 17.1199626923, 3.1520524025, 13.0165681839], [10.0362825394, -12.4110765457, -14.3206977844, 20.0004558563, -1.49968850613, -7.62556695938, 0.886787474155, 113.161582947, 56.2204017639, -7.14813232422, -13.3505716324, 0.0542015656829, 12.2341461182], [48.875202179, -30.5939903259, -37.763420105, 21.7451553345, 18.0947704315, -15.6226930618, -30.5270214081, 56.2204017639, 141.078308105, -1.92452216148, -8.67231750488, 2.24971938133, 10.3805046082], [-2.63644480705, 28.0005168915, -21.9331569672, -5.53854703903, 5.16519737244, -12.5641098022, 33.4658660889, -7.14813232422, -1.92452216148, 109.534164429, 18.109746933, 7.2011680603, 0.261039882898], [-86.686050415, 23.0169143677, 31.6229000092, -20.5081100464, -9.87417602539, 46.6220855713, 17.1199626923, -13.3505716324, -8.67231750488, 18.109746933, 99.2444152832, 22.6853237152, -6.82991504669], [-1.45687007904, 22.5532207489, 27.5808238983, 33.8561477661, 34.2461929321, -7.89699459076, 3.1520524025, 0.0542015656829, 2.24971938133, 7.2011680603, 22.6853237152, 88.0900344849, 41.8414535522], [47.4567756653, 22.7704906464, 28.5932216644, 62.4532470703, 52.1614379883, -3.93645238876, 13.0165681839, 12.2341461182, 10.3805046082, 0.261039882898, -6.82991504669, 41.8414535522, 100.379699707]],
