{
"lowlevel": {
    "average_loudness": 0.943110525608,
    "barkbands_crest": {
        "dmean": 2.76220226288,
        "dmean2": 4.5589594841,
        "dvar": 5.48923635483,
        "dvar2": 14.4651002884,
        "max": 24.1497383118,
        "mean": 9.09907627106,
        "median": 8.44290351868,
        "min": 2.20172953606,
        "var": 13.2637109756
    },
    "barkbands_flatness_db": {
        "dmean": 0.0201275404543,
        "dmean2": 0.0327834002674,
        "dvar": 0.000323372078128,
        "dvar2": 0.000834006234072,
        "max": 0.313085079193,
        "mean": 0.171364441514,
        "median": 0.169535830617,
        "min": 0.0257451348007,
        "var": 0.0010092575103
    },
    "barkbands_kurtosis": {
        "dmean": 2.15086555481,
        "dmean2": 3.44463992119,
        "dvar": 14.616235733,
        "dvar2": 36.7190513611,
        "max": 89.0284194946,
        "mean": 2.2273004055,
        "median": 0.518332958221,
        "min": -1.92352819443,
        "var": 26.6693687439
    },
    "barkbands_skewness": {
        "dmean": 0.526434898376,
        "dmean2": 0.806558012962,
        "dvar": 0.292439937592,
        "dvar2": 0.680581510067,
        "max": 8.5035610199,
        "mean": 1.23048472404,
        "median": 1.02110731602,
        "min": -2.33730340004,
        "var": 1.07220256329
    },
    "barkbands_spread": {
        "dmean": 6.22861337662,
        "dmean2": 9.62014865875,
        "dvar": 39.8603248596,
        "dvar2": 82.0447311401,
        "max": 102.185806274,
        "mean": 26.6162910461,
        "median": 24.2543239594,
        "min": 3.03725123405,
        "var": 188.065063477
    },
    "dissonance": {
        "dmean": 0.0171785969287,
        "dmean2": 0.029419451952,
        "dvar": 0.000250001583481,
        "dvar2": 0.000683969294187,
        "max": 0.500000059605,
        "mean": 0.471373826265,
        "median": 0.47617995739,
        "min": 0.137922078371,
        "var": 0.000447504455224
    },
    "dynamic_complexity": 2.56919670105,
    "erbbands_crest": {
        "dmean": 2.79275107384,
        "dmean2": 4.66646099091,
        "dvar": 6.38568544388,
        "dvar2": 17.2750377655,
        "max": 28.4986763,
        "mean": 8.3442363739,
        "median": 7.53920650482,
        "min": 2.0918264389,
        "var": 14.5846223831
    },
    "erbbands_flatness_db": {
        "dmean": 0.0151908947155,
        "dmean2": 0.0228972863406,
        "dvar": 0.000167870501173,
        "dvar2": 0.000373862625565,
        "max": 0.328629910946,
        "mean": 0.198013469577,
        "median": 0.196696698666,
        "min": 0.0464520044625,
        "var": 0.00117825285997
    },
    "erbbands_kurtosis": {
        "dmean": 0.721254050732,
        "dmean2": 1.18598902225,
        "dvar": 0.768602252007,
        "dvar2": 2.01000761986,
        "max": 17.5686035156,
        "mean": -0.0506993234158,
        "median": -0.364928245544,
        "min": -1.74435591698,
        "var": 1.41479289532
    },
    "erbbands_skewness": {
        "dmean": 0.378160595894,
        "dmean2": 0.603882074356,
        "dvar": 0.101464532316,
        "dvar2": 0.25259912014,
        "max": 2.75308942795,
        "mean": 0.192700490355,
        "median": 0.247797131538,
        "min": -3.50068807602,
        "var": 0.454363584518
    },
    "erbbands_spread": {
        "dmean": 8.49656581879,
        "dmean2": 12.9163818359,
        "dvar": 63.4632225037,
        "dvar2": 139.065078735,
        "max": 135.91947937,
        "mean": 41.1250114441,
        "median": 38.0792884827,
        "min": 7.22619485855,
        "var": 293.077880859
    },
    "hfc": {
        "dmean": 7.03581809998,
        "dmean2": 10.0360307693,
        "dvar": 85.7692489624,
        "dvar2": 172.805725098,
        "max": 148.409698486,
        "mean": 22.4267883301,
        "median": 17.8258037567,
        "min": 1.26597822229e-16,
        "var": 346.711639404
    },
    "melbands_crest": {
        "dmean": 3.57011198997,
        "dmean2": 5.93010139465,
        "dvar": 9.4918050766,
        "dvar2": 24.7253856659,
        "max": 32.7628707886,
        "mean": 12.8503055573,
        "median": 12.2573919296,
        "min": 2.02950716019,
        "var": 21.6085224152
    },
    "melbands_flatness_db": {
        "dmean": 0.0254225842655,
        "dmean2": 0.0388662628829,
        "dvar": 0.000518313725479,
        "dvar2": 0.00115276419092,
        "max": 0.406749248505,
        "mean": 0.19667609036,
        "median": 0.194011867046,
        "min": 0.00533174397424,
        "var": 0.00289853056893
    },
    "melbands_kurtosis": {
        "dmean": 6.22414541245,
        "dmean2": 9.98746871948,
        "dvar": 114.627052307,
        "dvar2": 291.471008301,
        "max": 151.122268677,
        "mean": 10.1288948059,
        "median": 4.82048654556,
        "min": -1.80087804794,
        "var": 212.804733276
    },
    "melbands_skewness": {
        "dmean": 0.754899144173,
        "dmean2": 1.17875850201,
        "dvar": 0.660028636456,
        "dvar2": 1.56347298622,
        "max": 10.1542654037,
        "mean": 2.36672568321,
        "median": 1.95576572418,
        "min": -0.786058068275,
        "var": 2.15749573708
    },
    "melbands_spread": {
        "dmean": 9.00008106232,
        "dmean2": 13.7689008713,
        "dvar": 118.893768311,
        "dvar2": 243.315231323,
        "max": 216.685195923,
        "mean": 30.0840091705,
        "median": 25.8010292053,
        "min": 1.91838574409,
        "var": 431.061950684
    },
    "pitch_salience": {
        "dmean": 0.0723637789488,
        "dmean2": 0.119258284569,
        "dvar": 0.00403112452477,
        "dvar2": 0.0103643713519,
        "max": 0.943643391132,
        "mean": 0.56258225441,
        "median": 0.559490919113,
        "min": 0.179718866944,
        "var": 0.0112437866628
    },
    "silence_rate_20dB": {
        "dmean": 0,
        "dmean2": 0,
        "dvar": 0,
        "dvar2": 0,
        "max": 1,
        "mean": 1,
        "median": 1,
        "min": 1,
        "var": 0
    },
    "silence_rate_30dB": {
        "dmean": 0,
        "dmean2": 0,
        "dvar": 0,
        "dvar2": 0,
        "max": 1,
        "mean": 1,
        "median": 1,
        "min": 1,
        "var": 0
    },
    "silence_rate_60dB": {
        "dmean": 0.0164932757616,
        "dmean2": 0.0329907387495,
        "dvar": 0.016222903505,
        "dvar2": 0.0385010950267,
        "max": 1,
        "mean": 0.0276544466615,
        "median": 0,
        "min": 0,
        "var": 0.0268878545612
    },
    "spectral_centroid": {
        "dmean": 290.890411377,
        "dmean2": 442.113922119,
        "dvar": 78923.7578125,
        "dvar2": 153352.140625,
        "max": 11351.8984375,
        "mean": 1551.57849121,
        "median": 1494.60473633,
        "min": 317.348754883,
        "var": 352295.5
    },
    "spectral_complexity": {
        "dmean": 4.04135990143,
        "dmean2": 5.86752939224,
        "dvar": 17.5445861816,
        "dvar2": 30.3897228241,
        "max": 54,
        "mean": 19.8523406982,
        "median": 19,
        "min": 0,
        "var": 80.1003723145
    },
    "spectral_decrease": {
        "dmean": 2.27254615126e-09,
        "dmean2": 3.67034935778e-09,
        "dvar": 7.64125709793e-18,
        "dvar2": 1.90004594387e-17,
        "max": 1.28279055618e-28,
        "mean": -6.03774674701e-09,
        "median": -5.36305888588e-09,
        "min": -3.00334015435e-08,
        "var": 1.63939984393e-17
    },
    "spectral_energy": {
        "dmean": 0.00904610194266,
        "dmean2": 0.0145120825619,
        "dvar": 0.000118305579235,
        "dvar2": 0.000291471806122,
        "max": 0.122750230134,
        "mean": 0.0248220339417,
        "median": 0.022168898955,
        "min": 1.09986352876e-20,
        "var": 0.000267963099759
    },
    "spectral_energyband_high": {
        "dmean": 0.000443272292614,
        "dmean2": 0.000585106259678,
        "dvar": 6.63155503844e-07,
        "dvar2": 1.16982027976e-06,
        "max": 0.0189214255661,
        "mean": 0.00114689650945,
        "median": 0.000571672280785,
        "min": 7.51328958175e-21,
        "var": 2.51512028626e-06
    },
    "spectral_energyband_low": {
        "dmean": 0.00402293214574,
        "dmean2": 0.0066589335911,
        "dvar": 3.1365230825e-05,
        "dvar2": 8.27131516417e-05,
        "max": 0.0557697303593,
        "mean": 0.00782961398363,
        "median": 0.00568945985287,
        "min": 1.07799067011e-22,
        "var": 6.18200574536e-05
    },
    "spectral_energyband_middle_high": {
        "dmean": 0.00207922398113,
        "dmean2": 0.0030606794171,
        "dvar": 9.00118266145e-06,
        "dvar2": 1.9135650291e-05,
        "max": 0.039480984211,
        "mean": 0.00560884084553,
        "median": 0.00393543811515,
        "min": 1.54762342214e-21,
        "var": 2.88432493107e-05
    },
    "spectral_energyband_middle_low": {
        "dmean": 0.00691428501159,
        "dmean2": 0.0116995507851,
        "dvar": 0.000102920501377,
        "dvar2": 0.000277413753793,
        "max": 0.0837053656578,
        "mean": 0.0112872980535,
        "median": 0.00806478131562,
        "min": 2.07257627577e-22,
        "var": 0.000112525631266
    },
    "spectral_entropy": {
        "dmean": 0.126845240593,
        "dmean2": 0.191304624081,
        "dvar": 0.0126579692587,
        "dvar2": 0.0278893690556,
        "max": 9.79019737244,
        "mean": 7.67864513397,
        "median": 7.67035293579,
        "min": 6.46139097214,
        "var": 0.0686629638076
    },
    "spectral_flux": {
        "dmean": 0.0237287152559,
        "dmean2": 0.0365423038602,
        "dvar": 0.000725225603674,
        "dvar2": 0.00128172326367,
        "max": 0.290621221066,
        "mean": 0.0921412408352,
        "median": 0.0842471793294,
        "min": 1.04874380014e-10,
        "var": 0.00185611762572
    },
    "spectral_kurtosis": {
        "dmean": 1.34330391884,
        "dmean2": 2.36005854607,
        "dvar": 1.57335281372,
        "dvar2": 4.73991060257,
        "max": 10.821852684,
        "mean": 1.5234619379,
        "median": 1.20517539978,
        "min": -1.29614508152,
        "var": 2.54829502106
    },
    "spectral_rms": {
        "dmean": 0.000860412255861,
        "dmean2": 0.00134429347236,
        "dvar": 8.24256062515e-07,
        "dvar2": 1.90309935988e-06,
        "max": 0.0109433233738,
        "mean": 0.00462809018791,
        "median": 0.00465061236173,
        "min": 3.27572517722e-12,
        "var": 2.79745017906e-06
    },
    "spectral_rolloff": {
        "dmean": 545.332763672,
        "dmean2": 883.802734375,
        "dvar": 735743.75,
        "dvar2": 1405336.875,
        "max": 19896.6796875,
        "mean": 1795.68518066,
        "median": 1507.32421875,
        "min": 43.06640625,
        "var": 2224356.5
    },
    "spectral_skewness": {
        "dmean": 0.19266295433,
        "dmean2": 0.313327401876,
        "dvar": 0.0242890398949,
        "dvar2": 0.0648596957326,
        "max": 2.33616733551,
        "mean": 0.884814321995,
        "median": 0.875674247742,
        "min": -0.134063571692,
        "var": 0.0882574096322
    },
    "spectral_spread": {
        "dmean": 307103.25,
        "dmean2": 428441.625,
        "dvar": 293167562752,
        "dvar2": 295948746752,
        "max": 40805360,
        "mean": 3781734,
        "median": 3613832.5,
        "min": 2029967,
        "var": 980506968064
    },
    "spectral_strongpeak": {
        "dmean": 0.647891640663,
        "dmean2": 1.1248165369,
        "dvar": 1.08882629871,
        "dvar2": 2.85690069199,
        "max": 17.570394516,
        "mean": 0.879465401173,
        "median": 0.413144111633,
        "min": 0,
        "var": 1.37387824059
    },
    "zerocrossingrate": {
        "dmean": 0.0103055099025,
        "dmean2": 0.0116794696078,
        "dvar": 0.000172523199581,
        "dvar2": 0.000175682958798,
        "max": 0.52001953125,
        "mean": 0.0679128393531,
        "median": 0.0625,
        "min": 0.0068359375,
        "var": 0.00126429845113
    },
    "barkbands": {
        "dmean": [0.000180688584805, 0.00232367357239, 0.00180724973325, 0.0025122850202, 0.00245238817297, 0.000724659010302, 0.000491958460771, 0.00185039814096, 0.0013522664085, 0.000449995277449, 0.000298134080367, 0.000401277560741, 0.000394113856601, 0.00042012296035, 0.000404763355618, 0.000329440052155, 0.000360516802175, 0.000320969265886, 0.000171511099325, 9.43956110859e-05, 0.000141208860441, 0.000131550899823, 0.000147345359437, 9.21289392863e-05, 6.43420321467e-07, 8.93801255231e-10, 9.2409380148e-10],
        "dmean2": [0.000307141890517, 0.00378751684912, 0.00296767824329, 0.00452644331381, 0.00423046108335, 0.00119162839837, 0.000811013509519, 0.0030256670434, 0.00223720795475, 0.000737793452572, 0.000497946341056, 0.000660738383885, 0.00063831632724, 0.000681595818605, 0.000644268409815, 0.000516889442224, 0.000555193284526, 0.000496116932482, 0.00026649836218, 0.000146284248331, 0.000208466430195, 0.000191687169718, 0.000209118676139, 0.00012975386926, 1.01104149053e-06, 1.65090574544e-09, 1.70936986787e-09],
        "dvar": [9.44005904557e-08, 1.22833862406e-05, 1.03970414784e-05, 4.05772188969e-05, 1.99668920686e-05, 1.38383256854e-06, 1.5766066781e-06, 1.05526833067e-05, 8.88306203706e-06, 5.84051349506e-07, 5.37298433301e-07, 6.92122739565e-07, 9.12228642846e-07, 8.75545595136e-07, 1.20216975574e-06, 7.52341748012e-07, 4.8529994956e-07, 4.73346005947e-07, 1.58998759048e-07, 2.71731597223e-08, 5.09349220579e-08, 4.71899959109e-08, 1.52692265942e-07, 1.06013956724e-07, 1.87938727081e-11, 1.6808908719e-18, 1.83753168636e-18],
        "dvar2": [2.57404565218e-07, 3.48955727532e-05, 2.56091370829e-05, 0.000112824323878, 5.46702794963e-05, 3.51429412149e-06, 4.09075119023e-06, 2.73379719147e-05, 2.33571900026e-05, 1.49759171109e-06, 1.37216579787e-06, 1.79157109415e-06, 2.38513939621e-06, 2.1749053758e-06, 2.99745556731e-06, 1.79902440323e-06, 1.11078213649e-06, 1.07700441276e-06, 3.72289974848e-07, 6.47712425916e-08, 1.07245291758e-07, 1.01167707101e-07, 3.33037149858e-07, 2.24220272571e-07, 4.26002046139e-11, 5.34955238367e-18, 5.83278757521e-18],
        "max": [0.00448764162138, 0.0363717861474, 0.0374638363719, 0.055398657918, 0.0469523482025, 0.0181244742125, 0.0286880470812, 0.0404735952616, 0.0486493930221, 0.0167217850685, 0.0306041371077, 0.0226917229593, 0.0243483725935, 0.0151059888303, 0.0296817068011, 0.0258852373809, 0.0133100021631, 0.0166464243084, 0.0109648406506, 0.0043409653008, 0.0048641031608, 0.00463022105396, 0.0122832413763, 0.00796584039927, 0.000124116864754, 1.67692562059e-08, 1.75604970565e-08],
        "mean": [0.000256975821685, 0.00438295537606, 0.00228557223454, 0.00199999776669, 0.00281622866169, 0.0010280412389, 0.000589250295889, 0.00269008358009, 0.00189633527771, 0.000670184555929, 0.000422111566877, 0.000600504223257, 0.000594219542108, 0.000625117565505, 0.000610641378444, 0.000563874607906, 0.000647259992547, 0.000598146347329, 0.000315911485814, 0.000185699405847, 0.000296300888294, 0.000287728355033, 0.00029155696393, 0.000166609301232, 7.13227109372e-07, 1.07924280623e-09, 1.19126208897e-09],
        "median": [6.88707950758e-05, 0.00259314267896, 0.000999294221401, 0.00059715466341, 0.00146934983786, 0.000506226788275, 0.000213327206438, 0.000760528550018, 0.000473112042528, 0.000329297967255, 0.000196113425773, 0.000225104449783, 0.000182450472494, 0.000233402635786, 0.000185219978448, 0.000173209264176, 0.000247120304266, 0.00020709882665, 0.000143167868373, 0.000108163367258, 0.00016238084936, 0.000143605051562, 0.000113659989438, 3.2085859857e-05, 9.86381865076e-10, 6.4928057375e-10, 7.3204309281e-10],
        "min": [1.57723082341e-22, 1.97425347296e-23, 1.67683161245e-23, 1.0989874495e-23, 5.15669222956e-23, 1.46567468959e-23, 4.77405303868e-23, 2.8327016919e-23, 4.99741711072e-23, 7.93600318431e-23, 3.135560224e-23, 7.43431857193e-23, 1.22054641849e-22, 9.62708746227e-23, 1.10025169376e-22, 9.51246597274e-23, 1.94959715205e-22, 1.80609262488e-22, 3.72723802533e-22, 4.85963056294e-22, 4.34416789532e-22, 5.53323699664e-22, 4.16952721755e-22, 8.82523256644e-22, 1.21826245791e-21, 1.61987449825e-21, 2.3292277158e-21],
        "var": [1.69382246895e-07, 2.55423910858e-05, 1.17527461043e-05, 2.6130108381e-05, 1.73010666913e-05, 2.11156907426e-06, 1.86968668459e-06, 1.96830460482e-05, 1.41100636029e-05, 9.8320572306e-07, 7.00762370798e-07, 1.13860482998e-06, 1.54420422405e-06, 1.38017912832e-06, 1.74826197963e-06, 1.72608940829e-06, 1.08534595711e-06, 1.25805740936e-06, 3.58250304089e-07, 6.02460730192e-08, 1.39993773018e-07, 1.45537569551e-07, 3.64760751381e-07, 2.7006345249e-07, 3.08612475852e-11, 1.36238838916e-18, 1.49052001021e-18]
    },
    "erbbands": {
        "dmean": [0.0687211900949, 0.545348167419, 1.73733818531, 5.1464972496, 9.06323623657, 7.89807224274, 7.75048017502, 5.55331087112, 5.76240158081, 17.0251331329, 45.2859649658, 29.0328712463, 15.7994213104, 12.3118219376, 11.738861084, 15.7898855209, 17.5396518707, 21.0743427277, 17.0354366302, 19.3531837463, 16.8840885162, 19.2672386169, 17.2936439514, 12.1891050339, 5.7311668396, 4.38637447357, 5.14956855774, 5.87502908707, 4.71800708771, 4.44840478897, 4.23149442673, 3.24530005455, 0.66159838438, 0.0386783741415, 0.00131342292298, 0.000122519151773, 2.42346632149e-05, 6.61215290165e-06, 5.85076486459e-06, 1.07950982056e-05],
        "dmean2": [0.111299805343, 0.890806436539, 2.80410909653, 8.94451332092, 16.4070549011, 13.3366546631, 12.8235721588, 9.15087985992, 9.29266929626, 27.7479286194, 74.2973861694, 47.9784088135, 25.8218021393, 20.1416606903, 19.4879646301, 25.8773345947, 28.3225898743, 33.6538047791, 27.0432491302, 30.238073349, 26.0273685455, 29.265707016, 26.3729724884, 18.8035259247, 8.85493087769, 6.76710891724, 7.69775056839, 8.74073410034, 6.89640378952, 6.43219423294, 5.99483919144, 4.5672454834, 0.893566727638, 0.0509426817298, 0.00169427983928, 0.000157841481268, 3.1587711419e-05, 8.64027060743e-06, 8.76575631992e-06, 1.70238199644e-05],
        "dvar": [0.0114580364898, 0.661448419094, 7.99384498596, 142.879928589, 463.651947021, 203.667831421, 175.038360596, 96.106262207, 165.668334961, 1379.50231934, 6264.296875, 4770.73388672, 1018.11126709, 565.717651367, 722.415649414, 1019.70495605, 1796.93591309, 1841.8470459, 2124.59301758, 2182.04418945, 1892.92443848, 1397.63464355, 1237.33764648, 854.43170166, 101.832633972, 66.1463546753, 65.1198501587, 102.349143982, 60.6574325562, 67.3031311035, 154.462310791, 128.749282837, 5.45776414871, 0.0199995152652, 2.01948623726e-05, 1.51103819235e-07, 4.60080595843e-09, 2.88097629086e-10, 5.78030540099e-11, 1.59177462877e-10],
        "dvar2": [0.0315329283476, 1.87900924683, 19.0163955688, 380.525054932, 1306.98706055, 529.119995117, 452.290222168, 241.768600464, 401.725952148, 3515.07788086, 16727.796875, 12964.8271484, 2445.52807617, 1459.48547363, 1849.74377441, 2664.99780273, 4695.57861328, 4566.31396484, 5362.50292969, 5315.51513672, 4459.53125, 3105.94946289, 2822.63330078, 1946.96923828, 226.769607544, 158.929763794, 140.824569702, 220.306015015, 129.391174316, 143.429016113, 342.934112549, 267.378631592, 10.6049547195, 0.0368920229375, 3.56293057848e-05, 2.64382777004e-07, 8.12078759793e-09, 5.10318509672e-10, 1.20502857692e-10, 3.82942177968e-10],
        "max": [1.20074975491, 8.03218173981, 32.240688324, 121.855651855, 211.701583862, 221.598434448, 249.920440674, 187.210494995, 354.180267334, 671.179992676, 1232.59411621, 1281.90722656, 764.496276855, 514.017211914, 999.274108887, 602.304748535, 966.879455566, 677.462097168, 1067.69018555, 933.167419434, 1711.66442871, 627.811279297, 657.212036133, 651.58392334, 278.944061279, 260.330627441, 182.404769897, 222.598144531, 145.527816772, 243.818862915, 423.574951172, 281.532775879, 62.4629516602, 4.1419095993, 0.112138822675, 0.00939640309662, 0.00162131944671, 0.000393313006498, 0.000146345191752, 0.000153657616465],
        "mean": [0.128120675683, 0.968800365925, 2.56502127647, 4.89885520935, 7.78951883316, 9.4896402359, 10.3880290985, 7.90184545517, 7.60577297211, 24.3031520844, 66.4478759766, 42.4182167053, 24.6040363312, 18.8158397675, 18.359664917, 24.9718513489, 28.7760066986, 33.8076400757, 26.8578281403, 33.6331100464, 31.5390033722, 37.1903419495, 33.6417579651, 23.2658882141, 11.4176959991, 8.88790893555, 10.8326559067, 12.0958404541, 10.2857313156, 9.33531570435, 8.13872146606, 5.9450712204, 1.229372859, 0.0657272189856, 0.00251789554022, 0.000272657169262, 6.08519330854e-05, 1.72935033333e-05, 1.79860198841e-05, 3.14220851578e-05],
        "median": [0.0710790902376, 0.582358539104, 1.22376787663, 1.91179180145, 2.99747538567, 4.48204040527, 5.362159729, 3.73254871368, 3.40569782257, 8.03394699097, 19.3535232544, 12.8076133728, 11.6931085587, 8.64599704742, 9.09400939941, 9.86310100555, 10.0488052368, 13.7559299469, 10.9748706818, 10.0570983887, 11.4147253036, 14.3870840073, 12.3771409988, 8.70143699646, 6.595744133, 5.19269037247, 5.94645547867, 6.48637628555, 5.12629413605, 4.62825250626, 2.91767811775, 1.30288553238, 0.169541046023, 0.00542021403089, 0.000403563433792, 8.0435500422e-05, 2.71926510322e-05, 8.21519824967e-06, 1.52263546624e-05, 2.84786056e-05],
        "min": [1.83840911335e-21, 1.66316294381e-21, 1.64786721106e-20, 2.75700946063e-20, 1.3790797824e-19, 1.68972332554e-19, 8.10306321927e-20, 1.63750897109e-19, 8.42143534352e-19, 3.15269731663e-19, 6.9513994272e-19, 1.2850038851e-18, 1.97479196926e-18, 2.22641079902e-18, 1.66276134762e-18, 3.35211262283e-18, 5.53811937124e-18, 4.88669271857e-18, 4.89481397782e-18, 5.09005217703e-18, 5.72481279472e-18, 1.17154003746e-17, 1.00293978367e-17, 1.93311463953e-17, 1.44356235237e-17, 2.06325281463e-17, 2.09289417014e-17, 1.55428229715e-17, 1.78001541954e-17, 1.87638857835e-17, 1.20226979722e-17, 1.67760963253e-17, 1.54488436734e-17, 1.13766078752e-17, 9.15563289361e-18, 5.89949969161e-18, 3.07258678716e-18, 1.13993243228e-18, 2.99950501815e-19, 3.93610210945e-20],
        "var": [0.0245495419949, 1.2519094944, 11.5936031342, 105.927536011, 296.384643555, 225.814865112, 217.889526367, 149.03302002, 201.872802734, 2294.11132812, 11190.7255859, 7194.84228516, 1730.14086914, 866.530090332, 1119.55395508, 1734.96118164, 3113.20605469, 3320.43847656, 2680.62255859, 4368.56445312, 4356.91162109, 3445.97753906, 3299.21972656, 2129.27099609, 233.457946777, 141.184570312, 181.911376953, 267.103515625, 189.714141846, 186.667816162, 346.344482422, 325.359802246, 15.4394016266, 0.0574986897409, 6.54405230307e-05, 5.07585923515e-07, 1.56811985619e-08, 9.97912752432e-10, 2.03290995149e-10, 4.1541217688e-10]
    },
    "gfcc": {
        "mean": [-22.4823455811, 135.017501831, -168.941940308, 69.1036682129, -74.7972946167, 13.4781494141, -15.6244258881, -18.3972587585, 13.5116767883, -27.7113761902, 1.47913205624, -15.3952484131, -6.47704267502],
        "cov": [[2678.83129883, -263.817901611, 109.576332092, 264.079681396, -75.6918487549, 167.922958374, -224.580307007, 181.283950806, 95.8603210449, -3.16803789139, 7.84760856628, -60.1275367737, 27.0105648041], [-263.817901611, 682.548706055, 85.5978012085, 15.6832904816, 242.759918213, -110.759925842, 233.952590942, -94.9859008789, 78.9277572632, -10.8835134506, 3.60370254517, 5.38513994217, -65.8958816528], [109.576332092, 85.5978012085, 664.918395996, 293.808929443, 23.6327724457, 159.767486572, -87.6625595093, 58.29845047, -21.4086227417, 1.86814570427, 36.5268592834, -44.7619667053, 33.2712860107], [264.079681396, 15.6832904816, 293.808929443, 316.342651367, 102.102554321, 35.9930534363, -48.6228179932, 38.3314743042, 20.4498062134, 0.666105687618, -8.83769702911, -1.57965159416, 38.1379623413], [-75.6918487549, 242.759918213, 23.6327724457, 102.102554321, 239.215270996, -16.9436569214, 119.257019043, 3.14711999893, 71.2427902222, 7.65582132339, -13.8882236481, 10.2940683365, -15.3334197998], [167.922958374, -110.759925842, 159.767486572, 35.9930534363, -16.9436569214, 228.39630127, 4.2487950325, 84.4949264526, -31.971036911, 7.81645059586, 46.9674377441, -28.53282547, 14.9687461853], [-224.580307007, 233.952590942, -87.6625595093, -48.6228179932, 119.257019043, 4.2487950325, 278.710601807, -10.5591993332, 28.1043815613, 7.81099939346, 4.44952630997, 30.9615249634, -60.9798469543], [181.283950806, -94.9859008789, 58.29845047, 38.3314743042, 3.14711999893, 84.4949264526, -10.5591993332, 150.370895386, 63.5836982727, 24.3037014008, 18.8176651001, -17.4521579742, 28.8842124939], [95.8603210449, 78.9277572632, -21.4086227417, 20.4498062134, 71.2427902222, -31.971036911, 28.1043815613, 63.5836982727, 154.39453125, 55.7924308777, -18.9458446503, 5.16187572479, 0.166154310107], [-3.16803789139, -10.8835134506, 1.86814570427, 0.666105687618, 7.65582132339, 7.81645059586, 7.81099939346, 24.3037014008, 55.7924308777, 72.0203704834, 21.8647632599, 5.87769508362, 5.52161407471], [7.84760856628, 3.60370254517, 36.5268592834, -8.83769702911, -13.8882236481, 46.9674377441, 4.44952630997, 18.8176651001, -18.9458446503, 21.8647632599, 74.5966415405, 16.4799499512, 2.6606259346], [-60.1275367737, 5.38513994217, -44.7619667053, -1.57965159416, 10.2940683365, -28.53282547, 30.9615249634, -17.4521579742, 5.16187572479, 5.87769508362, 16.4799499512, 73.098197937, 19.5754756927], [27.0105648041, -65.8958816528, 33.2712860107, 38.1379623413, -15.3334197998, 14.9687461853, -60.9798469543, 28.8842124939, 0.166154310107, 5.52161407471, 2.6606259346, 19.5754756927, 93.6498565674]],
        "icov": [[0.000620483711828, -0.000534272519872, 0.000873327197041, -0.00139178754762, 0.00102916161995, -0.00105569453444, 0.000735800014809, -0.000360866368283, -0.000657017691992, 0.00046255424968, -4.27437116741e-05, -4.59550574305e-05, 0.000613999727648], [-0.000534272519872, 0.00980088207871, -0.00536698801443, 0.00486118718982, -0.00632952013984, 0.00629046885297, -0.00765691604465, 0.00948491320014, -0.00945840775967, 0.00958796124905, -0.0111456969753, 0.00824150536209, -0.00493008922786], [0.000873327197041, -0.00536698801443, 0.00717315496877, -0.00750247063115, 0.00539325596765, -0.00604439713061, 0.00437611760572, -0.00345027842559, 0.00265911454335, -0.00317680439912, 0.00309457955882, -0.00180887163151, 0.00271415594034], [-0.00139178754762, 0.00486118718982, -0.00750247063115, 0.013247506693, -0.00927626527846, 0.00562400743365, -0.00200818525627, 0.0014067866141, 0.000498422363307, 0.000823678914458, -0.000277949526208, -0.000348674075212, -0.00303546362557], [0.00102916161995, -0.00632952013984, 0.00539325596765, -0.00927626527846, 0.0145491976291, -0.00543223740533, 0.000716455979273, -0.0022535410244, -0.00167777342722, -0.000935364805628, 0.0032543099951, -0.00162548071239, 0.00182849355042], [-0.00105569453444, 0.00629046885297, -0.00604439713061, 0.00562400743365, -0.00543223740533, 0.0139919780195, -0.00658508762717, 1.83361898962e-05, 0.000192964798771, 0.00286483275704, -0.00814855098724, 0.00682534556836, -0.0041960189119], [0.000735800014809, -0.00765691604465, 0.00437611760572, -0.00200818525627, 0.000716455979273, -0.00658508762717, 0.0135233532637, -0.00890094228089, 0.0086663402617, -0.00872923433781, 0.0105923395604, -0.0114187262952, 0.00896920356899], [-0.000360866368283, 0.00948491320014, -0.00345027842559, 0.0014067866141, -0.0022535410244, 1.83361898962e-05, -0.00890094228089, 0.0258934255689, -0.0216501858085, 0.0157777797431, -0.0178951416165, 0.0141907464713, -0.0100727435201], [-0.000657017691992, -0.00945840775967, 0.00265911454335, 0.000498422363307, -0.00167777342722, 0.000192964798771, 0.0086663402617, -0.0216501858085, 0.0333746299148, -0.0273601897061, 0.0231599323452, -0.0143317244947, 0.00829322170466], [0.00046255424968, 0.00958796124905, -0.00317680439912, 0.000823678914458, -0.000935364805628, 0.00286483275704, -0.00872923433781, 0.0157777797431, -0.0273601897061, 0.0392835475504, -0.0253679193556, 0.0131069459021, -0.00804174132645], [-4.27437116741e-05, -0.0111456969753, 0.00309457955882, -0.000277949526208, 0.0032543099951, -0.00814855098724, 0.0105923395604, -0.0178951416165, 0.0231599323452, -0.0253679193556, 0.039606243372, -0.0209652166814, 0.0101470397785], [-4.59550574305e-05, 0.00824150536209, -0.00180887163151, -0.000348674075212, -0.00162548071239, 0.00682534556836, -0.0114187262952, 0.0141907464713, -0.0143317244947, 0.0131069459021, -0.0209652166814, 0.031273715198, -0.0132610509172], [0.000613999727648, -0.00493008922786, 0.00271415594034, -0.00303546362557, 0.00182849355042, -0.0041960189119, 0.00896920356899, -0.0100727435201, 0.00829322170466, -0.00804174132645, 0.0101470397785, -0.0132610509172, 0.0201639961451]]
    },
    "melbands": {
        "dmean": [0.000622080580797, 0.000797007873189, 0.000998951378278, 0.000580843421631, 0.000294349389151, 0.00012657706975, 9.02762258193e-05, 0.000225017502089, 0.000387617299566, 0.000168796876096, 7.88896650192e-05, 5.15328247275e-05, 3.88239277527e-05, 4.07331826864e-05, 4.51945707027e-05, 3.98892952944e-05, 4.23371748184e-05, 2.75022866845e-05, 3.38562167599e-05, 2.56931471085e-05, 1.98478010134e-05, 2.26396241487e-05, 1.96599812625e-05, 1.43694214785e-05, 1.06325969682e-05, 5.32362309968e-06, 3.54142912329e-06, 3.09780648422e-06, 3.24114762407e-06, 3.79371181225e-06, 3.64202946912e-06, 2.96253188026e-06, 2.66169581664e-06, 2.60812862507e-06, 2.55409281635e-06, 2.65829930868e-06, 1.87386558537e-06, 5.84544636695e-07, 1.03332915558e-07, 3.92949361938e-09],
        "dmean2": [0.00101151235867, 0.00130126730073, 0.00173698645085, 0.00102026073728, 0.000483817770146, 0.000207761404454, 0.000145588754094, 0.000364156992873, 0.000636158627458, 0.000278934137896, 0.000128627958475, 8.4471415903e-05, 6.44876199658e-05, 6.73263566568e-05, 7.41295516491e-05, 6.42279046588e-05, 6.8232184276e-05, 4.4243362936e-05, 5.40699184057e-05, 4.06856452173e-05, 3.10957439069e-05, 3.45984954038e-05, 3.07030859403e-05, 2.21783975576e-05, 1.66537665791e-05, 8.34149341244e-06, 5.56797840545e-06, 4.87639317726e-06, 4.99925681652e-06, 5.77372202315e-06, 5.54826965526e-06, 4.47766615252e-06, 3.97958501708e-06, 3.85522935176e-06, 3.73199623027e-06, 3.79924654226e-06, 2.70264945357e-06, 8.20743764507e-07, 1.44295029259e-07, 6.22534646055e-09],
        "dvar": [8.95171069715e-07, 1.42106785006e-06, 5.3967041822e-06, 1.34873539537e-06, 2.50306214866e-07, 4.60981581796e-08, 4.31771702836e-08, 2.28067619901e-07, 4.77047251479e-07, 1.85770915095e-07, 2.57103867085e-08, 9.37233934906e-09, 8.8904723583e-09, 7.86980258738e-09, 1.13681037917e-08, 9.79072467544e-09, 8.4281817081e-09, 5.74065461834e-09, 8.72188721246e-09, 4.49979520312e-09, 2.49553688825e-09, 2.02111372083e-09, 1.56489032843e-09, 1.11345133114e-09, 7.01108615608e-10, 1.29903407475e-10, 4.03343539124e-11, 3.80713585657e-11, 2.73823585334e-11, 4.21633214454e-11, 4.10049598443e-11, 2.48234002798e-11, 2.18386003725e-11, 2.36324761843e-11, 5.05421954289e-11, 8.48532702435e-11, 4.85940870876e-11, 4.33553366819e-12, 1.61930771526e-13, 1.18579763352e-15],
        "dvar2": [2.51754499914e-06, 3.53638120032e-06, 1.43621609823e-05, 3.75084118787e-06, 6.39241932276e-07, 1.15425756064e-07, 1.06805650546e-07, 5.72673059196e-07, 1.27840439745e-06, 5.03460228174e-07, 6.15697004491e-08, 2.41191386863e-08, 2.28253274059e-08, 2.02008667571e-08, 2.91507564754e-08, 2.58400927322e-08, 2.09785220306e-08, 1.44689771275e-08, 2.16416360388e-08, 1.0979072762e-08, 5.82634784863e-09, 4.52566650821e-09, 3.7110587936e-09, 2.58247911944e-09, 1.61179780633e-09, 2.99160973771e-10, 9.73808186866e-11, 9.45666531194e-11, 6.27286972366e-11, 9.4019195207e-11, 9.29371926639e-11, 5.64259229618e-11, 4.88249995989e-11, 5.05815181406e-11, 1.1751363771e-10, 1.79990328197e-10, 1.10836111122e-10, 9.08615977596e-12, 3.27674004466e-13, 2.71799870818e-15],
        "max": [0.010032562539, 0.0132379783317, 0.0199042782187, 0.012736318633, 0.00855465326458, 0.00369803444482, 0.00586293172091, 0.00745751522481, 0.0108798323199, 0.00857061054558, 0.00378838507459, 0.00186307681724, 0.00385992485099, 0.00324398372322, 0.0018719562795, 0.00319665228017, 0.0015597816091, 0.00159915466793, 0.00249256030656, 0.00151691702195, 0.00196905457415, 0.000858212297317, 0.000796173058916, 0.000939116172958, 0.00065742211882, 0.000396018789615, 0.000129574997118, 0.00022188317962, 0.000122771816677, 0.000141444703331, 0.00013074814342, 9.50864414335e-05, 0.000138480376336, 0.000142162258271, 0.000262645655312, 0.000279318745015, 0.000177242647624, 5.57719395147e-05, 1.17545741887e-05, 1.34579966016e-06],
        "mean": [0.00118219212163, 0.00135312532075, 0.000968559470493, 0.000604970206041, 0.000397567724576, 0.000180850212928, 0.000114819107694, 0.000324096967233, 0.000565303897019, 0.000241006244323, 0.000117447132652, 7.52791238483e-05, 5.7724511862e-05, 6.15520766587e-05, 6.66865889798e-05, 6.25529282843e-05, 6.35155593045e-05, 3.93957452616e-05, 5.06535398017e-05, 4.3454583647e-05, 3.43526153301e-05, 4.00204298785e-05, 3.44157815562e-05, 2.59798234765e-05, 1.86311972357e-05, 9.42118276726e-06, 6.27866666036e-06, 5.75352169108e-06, 6.36152208244e-06, 7.25655127098e-06, 6.92405637892e-06, 5.91967045693e-06, 5.25646737515e-06, 5.13072154718e-06, 4.62103616883e-06, 4.68494772576e-06, 3.19653781844e-06, 1.00367515188e-06, 1.45780376215e-07, 4.36965796879e-09],
        "median": [0.000711310072802, 0.000827603100333, 0.000393221445847, 0.000286911759758, 0.000210810147109, 8.65904221428e-05, 4.644609362e-05, 9.39594610827e-05, 0.000153139219037, 6.5366664785e-05, 5.17632906849e-05, 3.26603876601e-05, 2.7447944376e-05, 2.59894750343e-05, 2.17300021177e-05, 1.96676664928e-05, 2.36210744333e-05, 1.49915522343e-05, 1.39798194141e-05, 1.28160118038e-05, 1.26582526718e-05, 1.4124376321e-05, 1.23325444292e-05, 8.70647909323e-06, 6.41448286842e-06, 4.70800114272e-06, 3.67384495803e-06, 3.15561442221e-06, 3.46622755387e-06, 3.77920537176e-06, 3.58374882126e-06, 2.8061112971e-06, 2.53211442214e-06, 2.47708589995e-06, 1.73430748873e-06, 1.19825472211e-06, 6.00469377332e-07, 1.29233569623e-07, 4.63305886711e-11, 8.61301394789e-12],
        "min": [1.94847476075e-23, 6.15348740307e-24, 7.96709045709e-24, 1.21038912436e-23, 3.75017019607e-24, 4.91955551386e-24, 1.1024662472e-23, 3.39921662895e-24, 5.64112618943e-24, 7.95923576905e-24, 1.03665229186e-23, 1.01047583598e-23, 4.72194782925e-24, 5.70470482852e-24, 1.67938389302e-23, 9.56048298941e-24, 8.91870362225e-24, 6.88855036114e-24, 8.77444936168e-24, 6.26105450395e-24, 6.76129920852e-24, 1.10192587748e-23, 1.33896974426e-23, 6.83822261311e-24, 1.69252410689e-23, 1.25616688046e-23, 1.09497995721e-23, 1.47165441303e-23, 1.3732706786e-23, 1.19798901979e-23, 8.60452872269e-24, 8.89783746244e-24, 1.25188470681e-23, 8.98636658867e-24, 5.82753283805e-24, 9.43322315932e-24, 1.0155584668e-23, 1.11059687878e-23, 9.2548325208e-24, 9.87193395226e-24],
        "var": [1.87807108887e-06, 2.42920054916e-06, 4.01140368922e-06, 1.02793433143e-06, 3.11152007271e-07, 7.30419245087e-08, 5.22234877565e-08, 4.19904182536e-07, 8.55564849189e-07, 2.78564840528e-07, 4.31149835833e-08, 1.43167424582e-08, 1.21535395081e-08, 1.2441642383e-08, 1.68076521589e-08, 1.77540133706e-08, 1.43894363092e-08, 6.93194923684e-09, 1.32493562788e-08, 1.01048946988e-08, 5.18245890646e-09, 4.62912197463e-09, 3.42257089336e-09, 2.75601030886e-09, 1.63524604968e-09, 2.86583368148e-10, 7.02686867027e-11, 7.68078448066e-11, 6.96529153799e-11, 9.48980477533e-11, 9.87127810048e-11, 6.9092676025e-11, 5.69681454787e-11, 6.17233347766e-11, 1.03220855474e-10, 1.84783258139e-10, 1.08318888581e-10, 1.06815676096e-11, 3.52357547436e-13, 1.94800700737e-15]
    },
    "mfcc": {
        "mean": [-633.379516602, 125.408233643, -23.5335025787, 43.1591491699, -21.4677181244, 30.1974563599, -25.108291626, 26.3275718689, -12.2432546616, 15.6087846756, -8.17113208771, 10.7538175583, -13.2190198898],
        "cov": [[2215.63305664, -297.720703125, 6.41730356216, 100.569290161, 76.2331542969, 46.1360969543, -217.539505005, 151.064605713, -51.3637809753, 130.751724243, -41.3016967773, 192.119934082, -221.650939941], [-297.720703125, 642.214294434, -135.674301147, 130.869674683, -46.9903182983, 81.7619171143, 62.6368217468, 24.8446006775, 43.9680099487, -43.6505889893, 131.011764526, -20.879032135, 68.8779525757], [6.41730356216, -135.674301147, 694.633544922, 54.4769630432, 218.633590698, 25.4459514618, 79.3293762207, -5.57122564316, -28.6521568298, 47.8010635376, -67.2083053589, 63.3923912048, -35.2739601135], [100.569290161, 130.869674683, 54.4769630432, 354.082092285, 98.8106613159, 67.3841934204, -47.2030029297, 29.3905696869, 49.1970787048, -10.4005765915, 12.7752847672, -10.2565526962, 15.9155435562], [76.2331542969, -46.9903182983, 218.633590698, 98.8106613159, 255.300125122, 7.29391384125, -5.30881214142, 0.854735136032, 47.600894928, 44.5585327148, -21.0009021759, 36.4811515808, -25.1555175781], [46.1360969543, 81.7619171143, 25.4459514618, 67.3841934204, 7.29391384125, 129.014282227, 53.8305587769, 39.2801513672, -0.436640888453, 2.78080368042, 26.9806098938, 4.53538894653, 0.935906410217], [-217.539505005, 62.6368217468, 79.3293762207, -47.2030029297, -5.30881214142, 53.8305587769, 216.960144043, 42.8427238464, -8.63098335266, -9.30339622498, 33.1537971497, -7.09085035324, 11.7338056564], [151.064605713, 24.8446006775, -5.57122564316, 29.3905696869, 0.854735136032, 39.2801513672, 42.8427238464, 120.678359985, 25.2516365051, 24.1394538879, 25.3239116669, 30.4811592102, -11.4986934662], [-51.3637809753, 43.9680099487, -28.6521568298, 49.1970787048, 47.600894928, -0.436640888453, -8.63098335266, 25.2516365051, 136.457733154, 33.0691947937, 39.8613433838, 3.37651276588, 24.4743652344], [130.751724243, -43.6505889893, 47.8010635376, -10.4005765915, 44.5585327148, 2.78080368042, -9.30339622498, 24.1394538879, 33.0691947937, 107.839981079, 14.4965515137, 32.8234138489, -25.1008224487], [-41.3016967773, 131.011764526, -67.2083053589, 12.7752847672, -21.0009021759, 26.9806098938, 33.1537971497, 25.3239116669, 39.8613433838, 14.4965515137, 146.037612915, 23.533531189, 26.7518978119], [192.119934082, -20.879032135, 63.3923912048, -10.2565526962, 36.4811515808, 4.53538894653, -7.09085035324, 30.4811592102, 3.37651276588, 32.8234138489, 23.533531189, 115.334594727, -7.948325634], [-221.650939941, 68.8779525757, -35.2739601135, 15.9155435562, -25.1555175781, 0.935906410217, 11.7338056564, -11.4986934662, 24.4743652344, -25.1008224487, 26.7518978119, -7.948325634, 107.781242371]],
