{
"lowlevel": {
    "average_loudness": 0.970422446728,
    "barkbands_crest": {
        "dmean": 2.63398337364,
        "dmean2": 4.30006551743,
        "dvar": 5.37665557861,
        "dvar2": 13.9511194229,
        "max": 25.7655658722,
        "mean": 9.72476387024,
        "median": 9.01716899872,
        "min": 2.56574821472,
        "var": 15.5477590561
    },
    "barkbands_flatness_db": {
        "dmean": 0.0220116563141,
        "dmean2": 0.0338631644845,
        "dvar": 0.000392905378249,
        "dvar2": 0.000877339683939,
        "max": 0.39038208127,
        "mean": 0.166797190905,
        "median": 0.161643758416,
        "min": 0.049128241837,
        "var": 0.00183745590039
    },
    "barkbands_kurtosis": {
        "dmean": 2.49520850182,
        "dmean2": 3.80209946632,
        "dvar": 16.2915477753,
        "dvar2": 35.9078559875,
        "max": 95.5391159058,
        "mean": 3.37261128426,
        "median": 1.52323150635,
        "min": -1.93903899193,
        "var": 38.2938423157
    },
    "barkbands_skewness": {
        "dmean": 0.5392370224,
        "dmean2": 0.782752335072,
        "dvar": 0.300765782595,
        "dvar2": 0.606650948524,
        "max": 8.42057323456,
        "mean": 1.36846125126,
        "median": 1.30960798264,
        "min": -4.70752811432,
        "var": 1.3042961359
    },
    "barkbands_spread": {
        "dmean": 5.48871994019,
        "dmean2": 8.14757156372,
        "dvar": 49.3242683411,
        "dvar2": 95.1148757935,
        "max": 102.519714355,
        "mean": 21.1470832825,
        "median": 18.1891002655,
        "min": 0.722076892853,
        "var": 198.7890625
    },
    "dissonance": {
        "dmean": 0.0183867197484,
        "dmean2": 0.0307507012039,
        "dvar": 0.000346179003827,
        "dvar2": 0.000924698018935,
        "max": 0.500000119209,
        "mean": 0.462583780289,
        "median": 0.469788581133,
        "min": 0.20802372694,
        "var": 0.000913367548492
    },
    "dynamic_complexity": 2.34555864334,
    "erbbands_crest": {
        "dmean": 2.59674119949,
        "dmean2": 4.17427539825,
        "dvar": 5.90544748306,
        "dvar2": 14.1899900436,
        "max": 33.6105270386,
        "mean": 9.07335758209,
        "median": 7.84750652313,
        "min": 2.23300600052,
        "var": 23.6160297394
    },
    "erbbands_flatness_db": {
        "dmean": 0.0187257099897,
        "dmean2": 0.0266741495579,
        "dvar": 0.000313768628985,
        "dvar2": 0.000608026282862,
        "max": 0.43462896347,
        "mean": 0.189237758517,
        "median": 0.185701787472,
        "min": 0.0627081245184,
        "var": 0.00217846035957
    },
    "erbbands_kurtosis": {
        "dmean": 1.02470445633,
        "dmean2": 1.58379030228,
        "dvar": 4.04083108902,
        "dvar2": 8.27945899963,
        "max": 89.4566574097,
        "mean": 0.618510305882,
        "median": -0.289639949799,
        "min": -1.81981945038,
        "var": 15.2738323212
    },
    "erbbands_skewness": {
        "dmean": 0.3902810812,
        "dmean2": 0.574312150478,
        "dvar": 0.148299649358,
        "dvar2": 0.296185523272,
        "max": 5.39886951447,
        "mean": 0.282912373543,
        "median": 0.297412872314,
        "min": -4.62056446075,
        "var": 0.774987280369
    },
    "erbbands_spread": {
        "dmean": 7.7075009346,
        "dmean2": 11.4233474731,
        "dvar": 71.7791366577,
        "dvar2": 150.16192627,
        "max": 135.922485352,
        "mean": 36.7946968079,
        "median": 34.4885368347,
        "min": 0.982444703579,
        "var": 310.853973389
    },
    "hfc": {
        "dmean": 7.61166286469,
        "dmean2": 10.428560257,
        "dvar": 151.941421509,
        "dvar2": 286.875854492,
        "max": 375.749389648,
        "mean": 19.9303283691,
        "median": 14.3516941071,
        "min": 1.15350640823e-16,
        "var": 467.987030029
    },
    "melbands_crest": {
        "dmean": 3.48626184464,
        "dmean2": 5.58596467972,
        "dvar": 9.03607845306,
        "dvar2": 21.93957901,
        "max": 33.1814537048,
        "mean": 13.5950737,
        "median": 12.6455106735,
        "min": 1.95662033558,
        "var": 28.2555656433
    },
    "melbands_flatness_db": {
        "dmean": 0.026672936976,
        "dmean2": 0.0390386879444,
        "dvar": 0.000656791380607,
        "dvar2": 0.00128642795607,
        "max": 0.414107143879,
        "mean": 0.188465774059,
        "median": 0.18318964541,
        "min": 0.00677137728781,
        "var": 0.00382397463545
    },
    "melbands_kurtosis": {
        "dmean": 5.90866851807,
        "dmean2": 8.9493637085,
        "dvar": 96.9530334473,
        "dvar2": 218.623352051,
        "max": 275.949066162,
        "mean": 10.7313833237,
        "median": 6.27559757233,
        "min": -1.89566409588,
        "var": 212.259292603
    },
    "melbands_skewness": {
        "dmean": 0.696270763874,
        "dmean2": 1.0230036974,
        "dvar": 0.531046926975,
        "dvar2": 1.11298692226,
        "max": 12.9240245819,
        "mean": 2.35799527168,
        "median": 2.13483428955,
        "min": -1.98307883739,
        "var": 2.23207259178
    },
    "melbands_spread": {
        "dmean": 8.41112136841,
        "dmean2": 12.3752374649,
        "dvar": 212.594726562,
        "dvar2": 390.904266357,
        "max": 225.520141602,
        "mean": 25.9971866608,
        "median": 19.484369278,
        "min": 0.980100929737,
        "var": 682.717529297
    },
    "pitch_salience": {
        "dmean": 0.0752967372537,
        "dmean2": 0.11783695966,
        "dvar": 0.00468801194802,
        "dvar2": 0.0107758017257,
        "max": 0.910838365555,
        "mean": 0.57186871767,
        "median": 0.58264529705,
        "min": 0.150198921561,
        "var": 0.0157078299671
    },
    "silence_rate_20dB": {
        "dmean": 0,
        "dmean2": 0,
        "dvar": 0,
        "dvar2": 0,
        "max": 1,
        "mean": 1,
        "median": 1,
        "min": 1,
        "var": 0
    },
    "silence_rate_30dB": {
        "dmean": 0.00206718337722,
        "dmean2": 0.0041349013336,
        "dvar": 0.00206257938407,
        "dvar2": 0.00592582765967,
        "max": 1,
        "mean": 0.998837351799,
        "median": 1,
        "min": 0,
        "var": 0.00116112350952
    },
    "silence_rate_60dB": {
        "dmean": 0.0232558138669,
        "dmean2": 0.046517636627,
        "dvar": 0.0227138847113,
        "dvar2": 0.0554683022201,
        "max": 1,
        "mean": 0.0326831154525,
        "median": 0,
        "min": 0,
        "var": 0.0316148065031
    },
    "spectral_centroid": {
        "dmean": 271.777130127,
        "dmean2": 390.490539551,
        "dvar": 120528.40625,
        "dvar2": 194781.03125,
        "max": 11207.4248047,
        "mean": 1356.8605957,
        "median": 1207.53796387,
        "min": 194.057601929,
        "var": 537172.6875
    },
    "spectral_complexity": {
        "dmean": 4.03695106506,
        "dmean2": 5.93461704254,
        "dvar": 20.2859363556,
        "dvar2": 39.1754493713,
        "max": 55,
        "mean": 18.4438705444,
        "median": 18,
        "min": 0,
        "var": 75.6953125
    },
    "spectral_decrease": {
        "dmean": 2.39776576372e-09,
        "dmean2": 3.37147287865e-09,
        "dvar": 1.03766623199e-17,
        "dvar2": 1.99109917329e-17,
        "max": -5.48680649454e-29,
        "mean": -6.08446226735e-09,
        "median": -4.89195750575e-09,
        "min": -3.64858614432e-08,
        "var": 2.40957067236e-17
    },
    "spectral_energy": {
        "dmean": 0.00958852190524,
        "dmean2": 0.013453098014,
        "dvar": 0.000160793570103,
        "dvar2": 0.000309570372337,
        "max": 0.141455993056,
        "mean": 0.0247719287872,
        "median": 0.0200730040669,
        "min": 1.06697259809e-20,
        "var": 0.000376193929696
    },
    "spectral_energyband_high": {
        "dmean": 0.000445553363534,
        "dmean2": 0.000606296409387,
        "dvar": 2.07060566026e-06,
        "dvar2": 3.53101108885e-06,
        "max": 0.0608020350337,
        "mean": 0.000828989490401,
        "median": 0.00019103413797,
        "min": 7.69590424226e-21,
        "var": 7.49209311834e-06
    },
    "spectral_energyband_low": {
        "dmean": 0.00460861017928,
        "dmean2": 0.00701457029209,
        "dvar": 8.95719567779e-05,
        "dvar2": 0.000196440567379,
        "max": 0.115753948689,
        "mean": 0.00718277040869,
        "median": 0.002696901327,
        "min": 5.52918540703e-23,
        "var": 0.000134843401611
    },
    "spectral_energyband_middle_high": {
        "dmean": 0.00218317401595,
        "dmean2": 0.00307883741334,
        "dvar": 1.2145128494e-05,
        "dvar2": 2.37247768382e-05,
        "max": 0.0584224052727,
        "mean": 0.00562163768336,
        "median": 0.00320317479782,
        "min": 1.59291600354e-21,
        "var": 4.20857031713e-05
    },
    "spectral_energyband_middle_low": {
        "dmean": 0.00666132383049,
        "dmean2": 0.0103378435597,
        "dvar": 0.000121633878734,
        "dvar2": 0.000286770169623,
        "max": 0.108853012323,
        "mean": 0.0125709790736,
        "median": 0.00854052696377,
        "min": 3.29956459552e-22,
        "var": 0.000168072685483
    },
    "spectral_entropy": {
        "dmean": 0.160787478089,
        "dmean2": 0.231482326984,
        "dvar": 0.0282568261027,
        "dvar2": 0.0559241734445,
        "max": 9.79291343689,
        "mean": 7.58654499054,
        "median": 7.59040784836,
        "min": 5.55946302414,
        "var": 0.165963768959
    },
    "spectral_flux": {
        "dmean": 0.0290921684355,
        "dmean2": 0.0412492118776,
        "dvar": 0.000989652820863,
        "dvar2": 0.00162172177806,
        "max": 0.344577789307,
        "mean": 0.0896807312965,
        "median": 0.0734402611852,
        "min": 1.03294366116e-10,
        "var": 0.00286127510481
    },
    "spectral_kurtosis": {
        "dmean": 1.7783601284,
        "dmean2": 3.00848555565,
        "dvar": 3.733720541,
        "dvar2": 10.8905076981,
        "max": 26.4035968781,
        "mean": 4.04056835175,
        "median": 3.52686023712,
        "min": -1.24366879463,
        "var": 8.79487037659
    },
    "spectral_rms": {
        "dmean": 0.000911160896067,
        "dmean2": 0.00125149625819,
        "dvar": 9.99161329673e-07,
        "dvar2": 1.77906247245e-06,
        "max": 0.0117475893348,
        "mean": 0.00456568272784,
        "median": 0.00442531565204,
        "min": 3.22637402905e-12,
        "var": 3.32221247845e-06
    },
    "spectral_rolloff": {
        "dmean": 506.05657959,
        "dmean2": 796.847473145,
        "dvar": 858660.4375,
        "dvar2": 1534919.5,
        "max": 18432.421875,
        "mean": 1620.74951172,
        "median": 1184.32617188,
        "min": 86.1328125,
        "var": 2696560
    },
    "spectral_skewness": {
        "dmean": 0.23540738225,
        "dmean2": 0.372493326664,
        "dvar": 0.0511596947908,
        "dvar2": 0.123316541314,
        "max": 3.97721385956,
        "mean": 1.41320109367,
        "median": 1.42862153053,
        "min": -0.350342452526,
        "var": 0.237082794309
    },
    "spectral_spread": {
        "dmean": 528777.9375,
        "dmean2": 746920.5625,
        "dvar": 462752514048,
        "dvar2": 696275828736,
        "max": 39902516,
        "mean": 4027992.75,
        "median": 3726254.5,
        "min": 1634159.375,
        "var": 1.9707419689e+12
    },
    "spectral_strongpeak": {
        "dmean": 0.527052998543,
        "dmean2": 0.877609491348,
        "dvar": 0.763406097889,
        "dvar2": 1.91019451618,
        "max": 13.7110471725,
        "mean": 0.981071472168,
        "median": 0.538083672523,
        "min": 0,
        "var": 1.43355214596
    },
    "zerocrossingrate": {
        "dmean": 0.0112845962867,
        "dmean2": 0.0124440742657,
        "dvar": 0.000248309283052,
        "dvar2": 0.000236244028201,
        "max": 0.56787109375,
        "mean": 0.0610323809087,
        "median": 0.05126953125,
        "min": 0.00439453125,
        "var": 0.00190247176215
    },
    "barkbands": {
        "dmean": [1.63374552358e-05, 0.00215467833914, 0.0027326894924, 0.00192020332906, 0.00305569847114, 0.00125459569972, 0.00123467226513, 0.000983892241493, 0.000698818417732, 0.000879446568433, 0.000338539131917, 0.000300741288811, 0.000305837922497, 0.000372399488697, 0.000383636157494, 0.000240641238634, 0.000288722309051, 0.000219494817429, 0.000193491694517, 0.000104123129859, 0.000100324694358, 0.000115827075206, 0.000107343104901, 0.000106194893306, 3.19119535561e-05, 5.73006744276e-08, 9.51360101809e-10],
        "dmean2": [2.73791665677e-05, 0.00329282297753, 0.00446290709078, 0.00346302706748, 0.00529004586861, 0.00191605451982, 0.00189692142885, 0.00157244806178, 0.00111252185889, 0.00132988882251, 0.000531141762622, 0.00047379420721, 0.000486352393636, 0.000578302366193, 0.000595284160227, 0.000384906568797, 0.000452818872873, 0.000332678755512, 0.000288551178528, 0.000162902317243, 0.000152353852172, 0.000168495011167, 0.000151309737703, 0.000150712978211, 4.73316540592e-05, 9.99210101327e-08, 1.76287262565e-09],
        "dvar": [7.00793534314e-10, 1.7270564058e-05, 4.96943393955e-05, 3.42544080922e-05, 5.16203181178e-05, 5.5088503359e-06, 6.82480003888e-06, 7.33180968382e-06, 2.96264761346e-06, 3.86983219869e-06, 6.56324402826e-07, 5.6854378272e-07, 6.69219048177e-07, 8.31918669064e-07, 7.31338218429e-07, 2.95381568094e-07, 5.19455738868e-07, 2.39851459582e-07, 2.53090860269e-07, 1.00202719011e-07, 1.62530710668e-07, 2.4888987582e-07, 1.75834983906e-07, 2.00561757424e-07, 5.87505866179e-09, 2.70458907548e-14, 1.98974346562e-18],
        "dvar2": [2.00470018363e-09, 4.14796486439e-05, 0.000122396537336, 9.69149477896e-05, 0.000143432247569, 1.20912936836e-05, 1.58921830007e-05, 1.84553100553e-05, 6.93699666954e-06, 8.63419609232e-06, 1.39950736866e-06, 1.29400621063e-06, 1.54494671278e-06, 1.83888369065e-06, 1.57484601004e-06, 7.07703350145e-07, 1.32766297156e-06, 5.44815122794e-07, 5.20163666806e-07, 2.34899161455e-07, 3.68807661744e-07, 4.96983886933e-07, 3.11857547786e-07, 3.59472807077e-07, 1.10054818592e-08, 7.29016253289e-14, 6.26338306052e-18],
        "max": [0.000376515381504, 0.0473877228796, 0.0780361965299, 0.0692503675818, 0.081591643393, 0.0472549796104, 0.0562465488911, 0.0471301302314, 0.0337880402803, 0.0441421195865, 0.023502336815, 0.0234251599759, 0.0213774684817, 0.022645117715, 0.0160239487886, 0.0126086333767, 0.0184936150908, 0.0118756461889, 0.0145323732868, 0.0107163526118, 0.0177915599197, 0.0241368226707, 0.0199154950678, 0.0138548500836, 0.00240611517802, 3.41284294336e-06, 1.6627696553e-08],
        "mean": [2.01258189918e-05, 0.00335200084373, 0.00292331678793, 0.00155200238805, 0.00360787031241, 0.00208349199966, 0.00198895833455, 0.00132700230461, 0.00105424330104, 0.00173459027428, 0.000525060866494, 0.000471760198707, 0.000477775174659, 0.000546334427781, 0.00061685568653, 0.000376750365831, 0.000467592151836, 0.000377445889171, 0.000345802603988, 0.000168686747202, 0.000155943562277, 0.000187174533494, 0.000192273233552, 0.000176553920028, 4.22416997026e-05, 4.95133463119e-08, 7.87583942508e-10],
        "median": [8.71550400916e-06, 0.000776556378696, 0.00052060582675, 0.000413993460825, 0.00167930370662, 0.000848705880344, 0.000880576204509, 0.000440123403678, 0.000300684943795, 0.000399483455112, 0.000190603735973, 0.000183516545803, 0.000153487198986, 0.000195424014237, 0.000217799170059, 0.000149704384967, 0.000188399237231, 0.000164353201399, 0.000125506441691, 6.86051862431e-05, 3.7087873352e-05, 3.55557713192e-05, 3.64366969734e-05, 2.40778972511e-05, 6.27300551059e-06, 5.88993787076e-09, 3.03990416173e-10],
        "min": [2.1551127728e-23, 2.63154642091e-23, 1.30376161988e-23, 9.51732874802e-25, 8.28354122036e-23, 6.78565213352e-23, 3.97324467727e-23, 3.12815029574e-23, 7.50914676196e-23, 8.25414132105e-23, 5.63220748581e-23, 4.45890815575e-23, 4.97689946967e-23, 4.51472763786e-23, 1.7806974884e-22, 1.32848429977e-22, 3.1307370022e-22, 2.763276e-22, 2.27324393605e-22, 3.99185781878e-22, 3.19864467328e-22, 6.70447254036e-22, 9.2729925406e-22, 8.53624138864e-22, 1.08330499252e-21, 1.74439062594e-21, 2.0176653721e-21],
        "var": [9.21779153007e-10, 3.00058964058e-05, 4.36919472122e-05, 2.11035167013e-05, 4.03276899306e-05, 1.26421482491e-05, 1.06674642666e-05, 8.54637073644e-06, 5.49795231564e-06, 1.95406628336e-05, 1.25723965994e-06, 1.07658195247e-06, 1.26230781916e-06, 1.28425017465e-06, 1.53203188802e-06, 5.10455549829e-07, 7.34976879357e-07, 4.0910123289e-07, 5.3521529253e-07, 1.78892221925e-07, 3.8802824065e-07, 5.90344541251e-07, 6.12567646385e-07, 5.08941582211e-07, 1.31147661619e-08, 2.22960857405e-14, 1.64304125842e-18]
    },
    "erbbands": {
        "dmean": [0.0301267486066, 0.608368933201, 2.7791903019, 5.17450904846, 7.60331487656, 11.5302257538, 9.33952331543, 10.6758975983, 17.8634681702, 20.7108879089, 16.9653682709, 15.7909154892, 29.2775764465, 16.9825305939, 12.077334404, 12.7623872757, 13.920129776, 18.1334095001, 18.0972290039, 17.0392951965, 11.7151727676, 15.32401371, 12.4112472534, 9.84475135803, 8.7156867981, 4.71461343765, 3.88716697693, 4.27701663971, 4.43810892105, 3.21723532677, 3.17661857605, 2.80106663704, 1.38294911385, 0.512316584587, 0.154365450144, 0.00956604350358, 0.000272151024546, 2.34766066569e-05, 8.19507840788e-06, 1.18612933875e-05],
        "dmean2": [0.0430751368403, 0.923754096031, 4.40309047699, 8.98637008667, 13.2725219727, 20.2375183105, 15.5957527161, 16.3428459167, 27.3726463318, 32.6639099121, 27.0102138519, 25.1109237671, 43.8071327209, 25.9757823944, 18.8114395142, 19.8587055206, 21.5543670654, 27.76795578, 27.7131061554, 26.7601070404, 18.1349830627, 23.6023864746, 18.7800102234, 14.6450023651, 12.9008026123, 7.3523349762, 6.08494567871, 6.33717870712, 6.5384349823, 4.57601451874, 4.51621770859, 3.98250341415, 1.97448766232, 0.742530941963, 0.237795844674, 0.0150320278481, 0.000412773311837, 3.39154576068e-05, 1.12479683594e-05, 1.65504243341e-05],
        "dvar": [0.00298907235265, 1.40448784828, 45.9640235901, 223.90032959, 347.471893311, 798.845581055, 469.395690918, 494.121459961, 1467.96252441, 2575.51025391, 2493.1875, 1664.52172852, 4680.63330078, 1646.16394043, 659.179443359, 1025.93334961, 1332.29272461, 2079.20678711, 1876.48217773, 1409.34460449, 644.56072998, 1497.93640137, 837.907958984, 494.177246094, 669.655761719, 234.303939819, 259.430633545, 324.270568848, 422.088256836, 147.765823364, 160.188430786, 142.74987793, 35.9326820374, 2.15903830528, 0.111786067486, 0.000420213676989, 3.2854256915e-07, 2.79542811121e-09, 1.87636753357e-10, 2.38001229835e-10],
        "dvar2": [0.00700519280508, 3.34024834633, 111.581375122, 608.39440918, 945.693664551, 2254.39892578, 1225.57922363, 1060.31152344, 3301.60375977, 6367.33398438, 6301.86181641, 4191.53759766, 10275.8798828, 3531.09814453, 1556.53173828, 2281.4597168, 2959.39160156, 4444.80761719, 4099.00927734, 3146.13354492, 1507.96594238, 3740.04345703, 1968.73657227, 1067.77331543, 1416.4395752, 570.432250977, 651.257324219, 701.147766113, 905.613342285, 258.874298096, 300.540130615, 271.980895996, 65.0601272583, 3.59856104851, 0.247874289751, 0.000987111125141, 7.02777015249e-07, 4.98590146947e-09, 3.28372967706e-10, 4.57524740316e-10],
        "max": [0.681040108204, 13.0923557281, 79.4532318115, 162.428649902, 185.191070557, 293.962524414, 397.863189697, 607.778747559, 1007.67803955, 1163.24133301, 1051.27124023, 988.224914551, 1593.75085449, 1571.67810059, 582.064575195, 1169.61816406, 915.91192627, 1308.27502441, 963.62902832, 948.18963623, 645.922302246, 1003.94366455, 643.178161621, 665.280822754, 880.719055176, 612.847412109, 790.548034668, 634.258911133, 999.387023926, 693.272827148, 518.365905762, 397.927764893, 209.559234619, 53.0011901855, 7.69012880325, 0.394326627254, 0.0132841132581, 0.00158245151397, 0.000379451841582, 0.000210133410292],
        "mean": [0.0528959669173, 0.919192314148, 3.3033080101, 4.64795827866, 7.97786998749, 12.9931602478, 12.0323638916, 18.0728855133, 30.2614078522, 31.5091743469, 24.3675994873, 24.703289032, 59.1533851624, 30.9728279114, 20.3529148102, 21.2613258362, 23.3098735809, 28.9348125458, 30.4011955261, 28.2526245117, 20.4328613281, 26.0118560791, 22.1725883484, 17.8041667938, 15.5440473557, 7.92385196686, 6.00173091888, 6.70988321304, 6.91130971909, 5.67949819565, 5.53386688232, 4.72398138046, 2.17221403122, 0.717179954052, 0.190049394965, 0.0112450513989, 0.000359601486707, 3.65371161024e-05, 1.97328863578e-05, 3.12466545438e-05],
        "median": [0.0155054731295, 0.220063209534, 0.644280672073, 1.3455196619, 2.95635342598, 5.06173753738, 4.37253761292, 7.14490032196, 13.1971063614, 11.7732725143, 9.37673091888, 7.92057609558, 14.4440765381, 9.54727840424, 9.03566551208, 8.90023803711, 8.13921737671, 10.9274053574, 10.481546402, 11.2634248734, 9.12085437775, 10.5129499435, 9.74261283875, 7.66678619385, 5.42198133469, 3.35464644432, 1.90983343124, 1.36393928528, 1.27708184719, 1.10983264446, 1.04474794865, 0.69041967392, 0.274916559458, 0.101215027273, 0.0300938822329, 0.00178324163426, 6.94426344126e-05, 9.79856213235e-06, 1.38567957038e-05, 2.5484325306e-05],
        "min": [1.40999650194e-21, 3.91217009412e-21, 1.20987725776e-20, 1.28807854128e-20, 1.13708861118e-19, 3.89281380929e-19, 2.05344898729e-19, 7.95680075562e-19, 2.67775735076e-19, 1.25431631155e-18, 5.18463056071e-19, 1.94615332209e-18, 2.77879994413e-18, 1.99091992325e-18, 2.16853834823e-18, 1.6209371313e-18, 2.33531326256e-18, 2.9463625412e-18, 7.83311254202e-18, 7.9484049758e-18, 6.61962658929e-18, 1.80613596349e-17, 1.36076885224e-17, 1.84044609181e-17, 9.1917244381e-18, 1.84969115865e-17, 1.60353511237e-17, 1.4353911314e-17, 2.39861102555e-17, 1.83528183781e-17, 2.62470264802e-17, 1.93974928978e-17, 1.55754453205e-17, 1.03843600627e-17, 7.96906546596e-18, 5.84865289936e-18, 3.24097470368e-18, 1.19723733377e-18, 3.33783533036e-19, 2.9842249889e-20],
        "var": [0.00710823806003, 2.32705545425, 45.8876647949, 153.986907959, 266.488037109, 609.276000977, 537.197814941, 1176.52148438, 2764.55151367, 3505.80078125, 2901.30834961, 2620.74584961, 24245.9550781, 5683.14501953, 1225.56787109, 2048.29003906, 2753.02807617, 3516.01318359, 3712.82592773, 2864.078125, 1185.1151123, 2229.82739258, 1366.73022461, 931.529602051, 1353.36279297, 412.039398193, 522.863220215, 749.50592041, 856.107116699, 545.211730957, 488.124694824, 342.737915039, 84.8722915649, 5.43587732315, 0.180854439735, 0.000608403934166, 6.19691832071e-07, 7.40847250214e-09, 5.48552481217e-10, 5.87859483314e-10]
    },
    "gfcc": {
        "mean": [-20.0940551758, 117.670333862, -149.728591919, 45.5631637573, -75.7942123413, 16.2858200073, -45.2894020081, 4.00074911118, -11.8098297119, -14.2360801697, 0.210195288062, -14.8640594482, 0.951919019222],
        "cov": [[2628.04174805, -371.741455078, 94.614440918, 121.153182983, -64.1136627197, 127.476715088, -182.571655273, 108.757423401, -182.47819519, 50.8398742676, -100.838691711, -37.8057899475, -85.8656997681], [-371.741455078, 1235.58422852, 77.7634963989, -81.7113952637, 462.880279541, -162.977035522, 188.270889282, -5.68718194962, 146.777801514, -121.458694458, 172.875396729, -55.8137359619, -16.1528358459], [94.614440918, 77.7634963989, 839.800537109, 410.6434021, 59.3911132812, 241.418075562, 24.2480945587, 17.4768428802, 6.77812719345, 108.35144043, 2.53498601913, 52.8579750061, 12.6945819855], [121.153182983, -81.7113952637, 410.6434021, 483.314727783, 108.294639587, 120.388092041, 9.56239509583, -1.08222687244, 52.6279640198, 84.741394043, 13.8957233429, 30.3177547455, -2.65917229652], [-64.1136627197, 462.880279541, 59.3911132812, 108.294639587, 393.328430176, 6.66644048691, 79.8586883545, 60.9172935486, 90.8910827637, -15.1585149765, 80.916847229, -28.2234611511, -16.5141716003], [127.476715088, -162.977035522, 241.418075562, 120.388092041, 6.66644048691, 305.121917725, 100.967079163, 52.6619338989, -11.7337083817, 64.3086700439, -22.7303161621, 19.5869808197, -0.48426258564], [-182.571655273, 188.270889282, 24.2480945587, 9.56239509583, 79.8586883545, 100.967079163, 274.53112793, 53.4407463074, 59.9686050415, -30.4398784637, 34.4491462708, -4.1071562767, -5.89445352554], [108.757423401, -5.68718194962, 17.4768428802, -1.08222687244, 60.9172935486, 52.6619338989, 53.4407463074, 154.518127441, 39.3645820618, 19.9739055634, 6.66725301743, 4.71927165985, 1.98678064346], [-182.47819519, 146.777801514, 6.77812719345, 52.6279640198, 90.8910827637, -11.7337083817, 59.9686050415, 39.3645820618, 181.262298584, 10.912024498, 56.210521698, -0.340161442757, 4.52453565598], [50.8398742676, -121.458694458, 108.35144043, 84.741394043, -15.1585149765, 64.3086700439, -30.4398784637, 19.9739055634, 10.912024498, 130.88482666, 11.0148859024, 24.9744739532, 3.69804334641], [-100.838691711, 172.875396729, 2.53498601913, 13.8957233429, 80.916847229, -22.7303161621, 34.4491462708, 6.66725301743, 56.210521698, 11.0148859024, 122.749824524, 21.3295650482, -8.97591590881], [-37.8057899475, -55.8137359619, 52.8579750061, 30.3177547455, -28.2234611511, 19.5869808197, -4.1071562767, 4.71927165985, -0.340161442757, 24.9744739532, 21.3295650482, 76.6464004517, 34.5343322754], [-85.8656997681, -16.1528358459, 12.6945819855, -2.65917229652, -16.5141716003, -0.48426258564, -5.89445352554, 1.98678064346, 4.52453565598, 3.69804334641, -8.97591590881, 34.5343322754, 71.2824783325]],
        "icov": [[0.000521844020113, -0.000198621259187, 0.000224532326683, -0.000409002590459, 0.000280173437204, -0.00039562486927, 0.000572223158088, -0.000738840957638, 0.000533632992301, 7.86935488577e-05, 0.000154909983394, 5.80320192967e-05, 0.000611921248492], [-0.000198621259187, 0.00453978357837, -0.00295342155732, 0.00350082991645, -0.00495709944516, 0.00350779504515, -0.00281700096093, 0.0025775921531, -0.00102298322599, 0.00113332842011, -0.00230236258358, 0.00155520171393, -0.00102056423202], [0.000224532326683, -0.00295342155732, 0.00439673475921, -0.00408569118008, 0.00325099239126, -0.00361738493666, 0.00215901434422, -0.00177718722261, 0.00110376195516, -0.000843623362016, 0.00122883962467, -0.00135502917692, 0.000407361454563], [-0.000409002590459, 0.00350082991645, -0.00408569118008, 0.00710068503395, -0.00503785582259, 0.00272738444619, -0.00225905119441, 0.00343348877504, -0.00223864987493, -0.00049946346553, -0.000594980258029, -0.000242326976149, 7.25060526747e-05], [0.000280173437204, -0.00495709944516, 0.00325099239126, -0.00503785582259, 0.00946183130145, -0.00377898709849, 0.00285529019311, -0.00441583991051, 0.000750467414036, -0.000108643915155, -0.000284735637251, 0.00111120427027, 0.000356655771611], [-0.00039562486927, 0.00350779504515, -0.00361738493666, 0.00272738444619, -0.00377898709849, 0.00899670366198, -0.00510135432705, 0.00120216351934, 0.000110066699563, -0.00167318957392, 2.65607195615e-05, 0.000422706565587, -0.000327067216858], [0.000572223158088, -0.00281700096093, 0.00215901434422, -0.00225905119441, 0.00285529019311, -0.00510135432705, 0.00781203759834, -0.00301481038332, -0.000407297542552, 0.00206890399568, -2.02939354494e-05, -0.000589309376664, 0.00114050181583], [-0.000738840957638, 0.0025775921531, -0.00177718722261, 0.00343348877504, -0.00441583991051, 0.00120216351934, -0.00301481038332, 0.0105532361194, -0.00275311758742, -0.00111816229764, 0.000243495131144, -0.000715398055036, -0.000809612800367], [0.000533632992301, -0.00102298322599, 0.00110376195516, -0.00223864987493, 0.000750467414036, 0.000110066699563, -0.000407297542552, -0.00275311758742, 0.00868351757526, -0.00106581556611, -0.00235659186728, 0.0016376839485, -0.0012374529615], [7.86935488577e-05, 0.00113332842011, -0.000843623362016, -0.00049946346553, -0.000108643915155, -0.00167318957392, 0.00206890399568, -0.00111816229764, -0.00106581556611, 0.0116310846061, -0.00258062640205, -0.000985379330814, 0.000265605311142], [0.000154909983394, -0.00230236258358, 0.00122883962467, -0.000594980258029, -0.000284735637251, 2.65607195615e-05, -2.02939354494e-05, 0.000243495131144, -0.00235659186728, -0.00258062640205, 0.0148557908833, -0.008086389862, 0.00542132463306], [5.80320192967e-05, 0.00155520171393, -0.00135502917692, -0.000242326976149, 0.00111120427027, 0.000422706565587, -0.000589309376664, -0.000715398055036, 0.0016376839485, -0.000985379330814, -0.008086389862, 0.0233001112938, -0.0114732030779], [0.000611921248492, -0.00102056423202, 0.000407361454563, 7.25060526747e-05, 0.000356655771611, -0.000327067216858, 0.00114050181583, -0.000809612800367, -0.0012374529615, 0.000265605311142, 0.00542132463306, -0.0114732030779, 0.0209678411484]]
    },
    "melbands": {
        "dmean": [0.000427439488703, 0.00119296624325, 0.000901919614989, 0.000697255076375, 0.000367966364138, 0.000249541248195, 0.000262794143055, 0.000227830736549, 0.000128438856336, 0.000104554957943, 0.000148388906382, 7.26528305677e-05, 4.49279177701e-05, 3.15957659041e-05, 3.60344056389e-05, 3.02346434182e-05, 3.67098327843e-05, 2.99907715089e-05, 2.71076223726e-05, 2.02137216547e-05, 1.39607864185e-05, 1.64884168043e-05, 1.62233536685e-05, 9.27286328078e-06, 8.34794991533e-06, 7.93115032138e-06, 4.61467834612e-06, 3.01713930639e-06, 2.56696012002e-06, 2.47669436249e-06, 2.67690711553e-06, 2.73972796094e-06, 2.10849862015e-06, 1.81823895673e-06, 1.94644508156e-06, 1.85403337127e-06, 1.72239413132e-06, 1.07782000214e-06, 6.79715299157e-07, 3.64828508737e-07],
        "dmean2": [0.000628677487839, 0.00183080357965, 0.00151983252726, 0.00121270748787, 0.000624023494311, 0.000380847719498, 0.000402878067689, 0.00036144364276, 0.000204031472094, 0.000166215206264, 0.000221873982809, 0.000111112189188, 7.00167729519e-05, 4.95142230648e-05, 5.56328632229e-05, 4.73764739581e-05, 5.66338567296e-05, 4.62630705442e-05, 4.15969770984e-05, 3.22364539898e-05, 2.19799712795e-05, 2.57175815932e-05, 2.55021604971e-05, 1.41245182022e-05, 1.27128496388e-05, 1.18098532766e-05, 7.10401445758e-06, 4.82129235024e-06, 4.10144139096e-06, 3.81117456527e-06, 4.00619137508e-06, 4.12074405176e-06, 3.10376321977e-06, 2.65429389401e-06, 2.82059590972e-06, 2.67562586487e-06, 2.53678513218e-06, 1.58274679052e-06, 9.96032781586e-07, 5.49500157376e-07],
        "dvar": [6.09121684647e-07, 7.06323817212e-06, 5.96435756961e-06, 2.79462233266e-06, 7.2147992114e-07, 2.39444489125e-07, 2.92938693747e-07, 3.28975971797e-07, 1.35854122618e-07, 7.06831855268e-08, 1.1950255896e-07, 3.04553324781e-08, 9.18641251957e-09, 5.83759796058e-09, 1.03655866113e-08, 6.31944496732e-09, 9.12714082091e-09, 5.70359937058e-09, 4.12637568559e-09, 1.99070604445e-09, 9.66201230135e-10, 1.61294999579e-09, 1.81566472968e-09, 4.55076976102e-10, 3.64548308207e-10, 5.66791558132e-10, 2.04035663365e-10, 1.11002040892e-10, 1.18008963712e-10, 1.04257776024e-10, 1.48797654753e-10, 1.71386599357e-10, 8.53806816914e-11, 4.90035373391e-11, 6.51128595486e-11, 5.81263023824e-11, 5.7435455697e-11, 2.48988329954e-11, 6.830901296e-12, 8.33905861031e-13],
        "dvar2": [1.43456657042e-06, 1.66914796864e-05, 1.58013299369e-05, 7.72483326728e-06, 1.94170161194e-06, 5.11671089498e-07, 6.65795994337e-07, 8.18715818696e-07, 3.41498605394e-07, 1.7509866268e-07, 2.62825210484e-07, 6.52674430057e-08, 2.11815667228e-08, 1.40017153427e-08, 2.31693118025e-08, 1.41154510302e-08, 1.97473486452e-08, 1.28468515825e-08, 8.67442828678e-09, 4.81040540734e-09, 2.29366148297e-09, 4.00396427125e-09, 4.56249127367e-09, 1.03151442943e-09, 8.20520040801e-10, 1.21016563437e-09, 4.6217732419e-10, 2.71353356451e-10, 2.98086749728e-10, 2.46143883054e-10, 3.31817767707e-10, 3.75681125098e-10, 1.77256251344e-10, 8.61425930587e-11, 1.32546612575e-10, 1.05870895384e-10, 1.17389570287e-10, 5.00293487193e-11, 1.14042915736e-11, 1.63425252064e-12],
        "max": [0.010206415318, 0.0321551710367, 0.0274701155722, 0.0192341394722, 0.0151672326028, 0.0116542074829, 0.0132163073868, 0.0119392070919, 0.00732124876231, 0.00609466107562, 0.0081549026072, 0.00668878015131, 0.0019221988041, 0.0021424156148, 0.00286469864659, 0.00198747566901, 0.00281019858085, 0.00172547623515, 0.00178090622649, 0.00105134327896, 0.00069881149102, 0.000982766738161, 0.00106365652755, 0.000667126791086, 0.00056067405967, 0.000866017420776, 0.000437622657046, 0.000463898584712, 0.000530518707819, 0.000375787349185, 0.00039930571802, 0.000540054810699, 0.000532141304575, 0.00039135638508, 0.000414325448219, 0.000256230589002, 0.000254608632531, 0.000177430250915, 9.36092546908e-05, 2.70338350674e-05],
        "mean": [0.000717392191291, 0.00160397950094, 0.000881821091752, 0.000784518895671, 0.000463886972284, 0.000427913153544, 0.000450499472208, 0.000334090203978, 0.000182390765985, 0.000158978757099, 0.000295631820336, 0.000125694248709, 7.14823181625e-05, 4.98520967085e-05, 5.76676466153e-05, 4.70146005682e-05, 5.46983392269e-05, 4.66799610876e-05, 4.30231084465e-05, 3.16047116939e-05, 2.24848736252e-05, 2.65397338808e-05, 2.60484193859e-05, 1.60105482792e-05, 1.40686497616e-05, 1.3235608094e-05, 7.89746081864e-06, 4.60473893327e-06, 3.68987980437e-06, 3.63207459486e-06, 3.99010150431e-06, 4.0606046241e-06, 3.31880505655e-06, 3.15331112688e-06, 3.23257540913e-06, 3.09383017338e-06, 2.78000402432e-06, 1.6369400555e-06, 9.7560928225e-07, 4.68510819474e-07],
        "median": [0.000184591088328, 0.000423262128606, 0.000316367862979, 0.000340069644153, 0.000173189371708, 0.000168116152054, 0.000206486307434, 0.000114386777568, 6.38441124465e-05, 4.66046258225e-05, 6.89492735546e-05, 3.44717045664e-05, 2.84726429527e-05, 2.1834486688e-05, 2.0583778678e-05, 1.5703124518e-05, 1.93067207874e-05, 1.52926550072e-05, 1.53072724061e-05, 1.26808054119e-05, 9.54910774453e-06, 1.03200081867e-05, 1.00960332929e-05, 7.21534979675e-06, 5.83478004046e-06, 4.16145348936e-06, 2.85580676973e-06, 1.81778341357e-06, 1.20452341434e-06, 8.39217250359e-07, 7.38808296319e-07, 7.15844862498e-07, 6.54836128433e-07, 5.87566887589e-07, 5.9211589587e-07, 5.37846688076e-07, 3.62317933877e-07, 1.97039497607e-07, 1.22020381355e-07, 6.84736463086e-08],
        "min": [1.13744765296e-23, 5.81211612938e-24, 3.30852484056e-24, 2.03961059896e-23, 9.51276873756e-24, 1.59559534752e-23, 4.69392512332e-24, 1.26110791074e-23, 4.36418047607e-24, 1.23441356768e-23, 1.40117095332e-23, 8.21445278228e-24, 7.30074911678e-24, 5.38157675212e-24, 4.30274398878e-24, 5.28383491381e-24, 5.22414930329e-24, 1.02822528524e-23, 1.33412724271e-23, 1.05771203813e-23, 6.86242802112e-24, 1.93176873782e-23, 1.60404830766e-23, 1.16267029711e-23, 1.61387688345e-23, 5.0793779444e-24, 9.32108973709e-24, 1.29444982687e-23, 9.33264023846e-24, 1.11790023193e-23, 7.5390971284e-24, 1.45589044778e-23, 1.18609962377e-23, 1.02155720178e-23, 1.47118630296e-23, 1.69307047195e-23, 9.8761283257e-24, 9.49645509404e-24, 1.15008536243e-23, 8.13963326972e-24],
        "var": [1.300057761e-06, 8.55841517478e-06, 4.4433131734e-06, 2.15246109292e-06, 7.22517313534e-07, 5.98417841502e-07, 5.42868178854e-07, 4.31790823541e-07, 1.68686597135e-07, 1.17582722226e-07, 6.21744732143e-07, 1.03987048305e-07, 1.74653091989e-08, 9.70585301019e-09, 2.040990843e-08, 1.12629692239e-08, 1.45278313823e-08, 9.8030241702e-09, 8.46011793953e-09, 3.69364050457e-09, 1.58643498338e-09, 2.45969711266e-09, 2.46740650134e-09, 7.41302963458e-10, 6.35466290699e-10, 1.1260067323e-09, 3.54618584497e-10, 1.92965740609e-10, 2.100037505e-10, 2.13830689266e-10, 2.96074609274e-10, 3.09241493524e-10, 1.98158517373e-10, 1.90074539441e-10, 2.00378380555e-10, 1.39813771671e-10, 1.25943380724e-10, 5.13059178475e-11, 1.65413099884e-11, 1.72653579801e-12]
    },
    "mfcc": {
        "mean": [-640.113952637, 121.66633606, -8.08692646027, 17.4370098114, 2.09816169739, -0.38185530901, -10.1126289368, 6.02321910858, -8.3149356842, 2.83765816689, -3.23323893547, -0.765427231789, -3.70396161079],
        "cov": [[2343.72485352, -461.553741455, -2.5881383419, -71.9732589722, 53.2136116028, -71.6858215332, 32.4563865662, -48.9503898621, -37.1709480286, 15.8454732895, 0.625792860985, -76.8494567871, -45.5210456848], [-461.553741455, 1309.08752441, -291.808685303, 114.575378418, 163.57800293, -72.9176483154, 88.5214233398, 130.948242188, -46.2759399414, 42.4574775696, 71.6201324463, 20.9216175079, 36.8079910278], [-2.5881383419, -291.808685303, 852.927490234, 166.733932495, 96.3484039307, 242.512680054, 79.6637496948, -16.4270591736, 90.9598617554, -40.6039390564, 0.298631042242, 112.458656311, 38.4762077332], [-71.9732589722, 114.575378418, 166.733932495, 380.028015137, 178.513809204, 81.662399292, 6.71574258804, 22.8246307373, 14.2656488419, 19.2536907196, 25.4055366516, 45.8850250244, 66.8248214722], [53.2136116028, 163.57800293, 96.3484039307, 178.513809204, 333.338989258, 49.0102729797, 19.7115192413, 16.5130577087, 13.0325574875, 45.095905304, 32.4273376465, 33.2254905701, 46.4437904358], [-71.6858215332, -72.9176483154, 242.512680054, 81.662399292, 49.0102729797, 246.797729492, 88.2439956665, 27.8715629578, 58.2136192322, 8.2897195816, 30.3294887543, 59.6915206909, 15.6429853439], [32.4563865662, 88.5214233398, 79.6637496948, 6.71574258804, 19.7115192413, 88.2439956665, 202.918640137, 77.9785995483, 38.1828117371, 16.7154026031, 38.4312782288, 28.8389511108, 5.52825880051], [-48.9503898621, 130.948242188, -16.4270591736, 22.8246307373, 16.5130577087, 27.8715629578, 77.9785995483, 172.395721436, 49.6940803528, 49.9134140015, 34.8347358704, 23.5231266022, 5.62544059753], [-37.1709480286, -46.2759399414, 90.9598617554, 14.2656488419, 13.0325574875, 58.2136192322, 38.1828117371, 49.6940803528, 141.393188477, 35.8999214172, 11.6368904114, 15.0168905258, 8.75639247894], [15.8454732895, 42.4574775696, -40.6039390564, 19.2536907196, 45.095905304, 8.2897195816, 16.7154026031, 49.9134140015, 35.8999214172, 116.163879395, 48.3451957703, 14.7016401291, 8.71235370636], [0.625792860985, 71.6201324463, 0.298631042242, 25.4055366516, 32.4273376465, 30.3294887543, 38.4312782288, 34.8347358704, 11.6368904114, 48.3451957703, 99.9484481812, 45.1415176392, 19.2414131165], [-76.8494567871, 20.9216175079, 112.458656311, 45.8850250244, 33.2254905701, 59.6915206909, 28.8389511108, 23.5231266022, 15.0168905258, 14.7016401291, 45.1415176392, 96.3700332642, 41.3063201904], [-45.5210456848, 36.8079910278, 38.4762077332, 66.8248214722, 46.4437904358, 15.6429853439, 5.52825880051, 5.62544059753, 8.75639247894, 8.71235370636, 19.2414131165, 41.3063201904, 79.5832901001]],
