{
"lowlevel": {
    "average_loudness": 0.744187951088,
    "barkbands_crest": {
        "dmean": 2.34577918053,
        "dmean2": 3.78849840164,
        "dvar": 4.74473381042,
        "dvar2": 11.6059827805,
        "max": 25.748085022,
        "mean": 9.76323223114,
        "median": 8.89061355591,
        "min": 1.92686748505,
        "var": 17.4890022278
    },
    "barkbands_flatness_db": {
        "dmean": 0.016882032156,
        "dmean2": 0.0254211686552,
        "dvar": 0.000275893515209,
        "dvar2": 0.000617755635176,
        "max": 0.362470328808,
        "mean": 0.126052543521,
        "median": 0.120437867939,
        "min": 0.0152075933293,
        "var": 0.00259386422113
    },
    "barkbands_kurtosis": {
        "dmean": 1.88127779961,
        "dmean2": 2.93650603294,
        "dvar": 24.1992111206,
        "dvar2": 62.7151565552,
        "max": 167.134216309,
        "mean": 3.03607439995,
        "median": 0.588748693466,
        "min": -1.94884967804,
        "var": 79.4256057739
    },
    "barkbands_skewness": {
        "dmean": 0.419443100691,
        "dmean2": 0.619147717953,
        "dvar": 0.254097819328,
        "dvar2": 0.529011249542,
        "max": 11.980591774,
        "mean": 0.479096591473,
        "median": 0.291391521692,
        "min": -5.74305677414,
        "var": 2.05622935295
    },
    "barkbands_spread": {
        "dmean": 5.57318067551,
        "dmean2": 8.36758136749,
        "dvar": 66.7896499634,
        "dvar2": 142.144805908,
        "max": 114.385177612,
        "mean": 23.4918022156,
        "median": 19.2223472595,
        "min": 0.703483104706,
        "var": 258.560424805
    },
    "dissonance": {
        "dmean": 0.0208036508411,
        "dmean2": 0.0356749780476,
        "dvar": 0.000518001499586,
        "dvar2": 0.0014632291859,
        "max": 0.5,
        "mean": 0.46296453476,
        "median": 0.475441157818,
        "min": 0.194504290819,
        "var": 0.00146779429633
    },
    "dynamic_complexity": 5.28705406189,
    "erbbands_crest": {
        "dmean": 2.81249713898,
        "dmean2": 4.52241802216,
        "dvar": 6.83809709549,
        "dvar2": 16.7801704407,
        "max": 32.3036499023,
        "mean": 11.2744464874,
        "median": 10.0424575806,
        "min": 2.59572052956,
        "var": 27.6459541321
    },
    "erbbands_flatness_db": {
        "dmean": 0.0188505742699,
        "dmean2": 0.026716709137,
        "dvar": 0.000370188325178,
        "dvar2": 0.000680728233419,
        "max": 0.470842450857,
        "mean": 0.188728868961,
        "median": 0.194363936782,
        "min": 0.0300792381167,
        "var": 0.00346822710708
    },
    "erbbands_kurtosis": {
        "dmean": 1.27854752541,
        "dmean2": 1.96136951447,
        "dvar": 7.06272315979,
        "dvar2": 15.4821615219,
        "max": 79.0972976685,
        "mean": 1.67657959461,
        "median": 0.353479623795,
        "min": -1.78140187263,
        "var": 24.4446125031
    },
    "erbbands_skewness": {
        "dmean": 0.3660158813,
        "dmean2": 0.552237331867,
        "dvar": 0.150821700692,
        "dvar2": 0.307285606861,
        "max": 4.76409244537,
        "mean": 0.161073431373,
        "median": 0.188245564699,
        "min": -6.78573036194,
        "var": 1.05615758896
    },
    "erbbands_spread": {
        "dmean": 5.59708499908,
        "dmean2": 8.4075050354,
        "dvar": 67.9879989624,
        "dvar2": 147.494491577,
        "max": 160.725982666,
        "mean": 26.0876216888,
        "median": 21.0737037659,
        "min": 0.646862030029,
        "var": 342.625213623
    },
    "hfc": {
        "dmean": 5.3247051239,
        "dmean2": 7.36519765854,
        "dvar": 90.1078262329,
        "dvar2": 160.432189941,
        "max": 418.739257812,
        "mean": 20.7104187012,
        "median": 12.3215885162,
        "min": 6.81736651131e-07,
        "var": 529.117919922
    },
    "melbands_crest": {
        "dmean": 2.90986084938,
        "dmean2": 4.65727806091,
        "dvar": 7.23108386993,
        "dvar2": 17.7233886719,
        "max": 32.076385498,
        "mean": 12.3442792892,
        "median": 11.4791784286,
        "min": 2.63759994507,
        "var": 25.7310009003
    },
    "melbands_flatness_db": {
        "dmean": 0.0175937321037,
        "dmean2": 0.0265801865608,
        "dvar": 0.00034566866816,
        "dvar2": 0.000763846852351,
        "max": 0.459030985832,
        "mean": 0.162904322147,
        "median": 0.143178805709,
        "min": 0.0216651353985,
        "var": 0.0052921064198
    },
    "melbands_kurtosis": {
        "dmean": 3.1739885807,
        "dmean2": 4.95321321487,
        "dvar": 95.8935546875,
        "dvar2": 238.457778931,
        "max": 392.823944092,
        "mean": 5.74500608444,
        "median": 1.16821575165,
        "min": -1.93754303455,
        "var": 351.627685547
    },
    "melbands_skewness": {
        "dmean": 0.468845069408,
        "dmean2": 0.698823809624,
        "dvar": 0.361312657595,
        "dvar2": 0.771216452122,
        "max": 13.9257249832,
        "mean": 1.08877933025,
        "median": 0.718472838402,
        "min": -5.08589553833,
        "var": 2.76741719246
    },
    "melbands_spread": {
        "dmean": 8.86026763916,
        "dmean2": 13.4350614548,
        "dvar": 220.791320801,
        "dvar2": 442.066009521,
        "max": 308.602111816,
        "mean": 39.920589447,
        "median": 34.0100440979,
        "min": 0.888173997402,
        "var": 1024.72753906
    },
    "pitch_salience": {
        "dmean": 0.0567863881588,
        "dmean2": 0.0909641310573,
        "dvar": 0.00282444944605,
        "dvar2": 0.00700999330729,
        "max": 0.884657025337,
        "mean": 0.553119421005,
        "median": 0.555754899979,
        "min": 0.115210615098,
        "var": 0.0122996708378
    },
    "silence_rate_20dB": {
        "dmean": 0,
        "dmean2": 0,
        "dvar": 0,
        "dvar2": 0,
        "max": 1,
        "mean": 1,
        "median": 1,
        "min": 1,
        "var": 0
    },
    "silence_rate_30dB": {
        "dmean": 0,
        "dmean2": 0,
        "dvar": 0,
        "dvar2": 0,
        "max": 1,
        "mean": 1,
        "median": 1,
        "min": 1,
        "var": 0
    },
    "silence_rate_60dB": {
        "dmean": 0.0505633428693,
        "dmean2": 0.101140581071,
        "dvar": 0.0480110682547,
        "dvar2": 0.102187819779,
        "max": 1,
        "mean": 0.311856031418,
        "median": 0,
        "min": 0,
        "var": 0.214613094926
    },
    "spectral_centroid": {
        "dmean": 215.103485107,
        "dmean2": 317.899261475,
        "dvar": 87388.1328125,
        "dvar2": 162504.03125,
        "max": 7450.40429688,
        "mean": 2016.07751465,
        "median": 2117.54980469,
        "min": 233.120132446,
        "var": 740390.6875
    },
    "spectral_complexity": {
        "dmean": 2.18741416931,
        "dmean2": 3.52837705612,
        "dvar": 7.19103860855,
        "dvar2": 17.0623512268,
        "max": 48,
        "mean": 13.1802444458,
        "median": 12,
        "min": 0,
        "var": 74.6413879395
    },
    "spectral_decrease": {
        "dmean": 5.53115719892e-10,
        "dmean2": 8.28963175881e-10,
        "dvar": 5.60771017957e-19,
        "dvar2": 1.21336156545e-18,
        "max": -8.7347526446e-17,
        "mean": -2.41061259842e-09,
        "median": -1.59799995458e-09,
        "min": -1.20986998198e-08,
        "var": 4.71603460485e-18
    },
    "spectral_energy": {
        "dmean": 0.0025054239668,
        "dmean2": 0.00369696668349,
        "dvar": 1.1512731362e-05,
        "dvar2": 2.39738783421e-05,
        "max": 0.0642918869853,
        "mean": 0.0109767252579,
        "median": 0.00734084984288,
        "min": 3.91505522446e-10,
        "var": 9.8927259387e-05
    },
    "spectral_energyband_high": {
        "dmean": 0.000329518748913,
        "dmean2": 0.000461825897219,
        "dvar": 1.0407990203e-06,
        "dvar2": 1.7236786789e-06,
        "max": 0.0606693588197,
        "mean": 0.000729451305233,
        "median": 0.000247079995461,
        "min": 2.42334832756e-11,
        "var": 3.36029529535e-06
    },
    "spectral_energyband_low": {
        "dmean": 0.000325360742863,
        "dmean2": 0.000511649588589,
        "dvar": 8.54269273987e-07,
        "dvar2": 1.9875851649e-06,
        "max": 0.0147628253326,
        "mean": 0.000761615578085,
        "median": 0.00037666989374,
        "min": 3.37892094946e-13,
        "var": 1.41610541959e-06
    },
    "spectral_energyband_middle_high": {
        "dmean": 0.00196790276095,
        "dmean2": 0.00287626800127,
        "dvar": 9.03086856852e-06,
        "dvar2": 1.87137993635e-05,
        "max": 0.045309137553,
        "mean": 0.00799987558275,
        "median": 0.00348878046498,
        "min": 1.90614662943e-10,
        "var": 8.02169306553e-05
    },
    "spectral_energyband_middle_low": {
        "dmean": 0.00070070970105,
        "dmean2": 0.00110925524496,
        "dvar": 1.63144613907e-06,
        "dvar2": 4.1387620513e-06,
        "max": 0.0260580070317,
        "mean": 0.00168815848883,
        "median": 0.00107868493069,
        "min": 1.8748924635e-10,
        "var": 3.59633349944e-06
    },
    "spectral_entropy": {
        "dmean": 0.15524430573,
        "dmean2": 0.220088809729,
        "dvar": 0.0251017101109,
        "dvar2": 0.0470295846462,
        "max": 8.91987228394,
        "mean": 7.42249250412,
        "median": 7.43021297455,
        "min": 5.35478639603,
        "var": 0.317627459764
    },
    "spectral_flux": {
        "dmean": 0.0170051455498,
        "dmean2": 0.0271756313741,
        "dvar": 0.000393907306716,
        "dvar2": 0.00100782793015,
        "max": 0.204883769155,
        "mean": 0.0599107444286,
        "median": 0.0499187931418,
        "min": 3.90253699152e-05,
        "var": 0.00189703376964
    },
    "spectral_kurtosis": {
        "dmean": 1.65907144547,
        "dmean2": 2.7305996418,
        "dvar": 4.33777189255,
        "dvar2": 11.4614620209,
        "max": 59.6786346436,
        "mean": 6.77010440826,
        "median": 5.37308120728,
        "min": -1.22385036945,
        "var": 37.6766624451
    },
    "spectral_rms": {
        "dmean": 0.000358030170901,
        "dmean2": 0.000517164065968,
        "dvar": 1.61804791787e-07,
        "dvar2": 3.07668500454e-07,
        "max": 0.00791983492672,
        "mean": 0.00287841097452,
        "median": 0.00267615471967,
        "min": 6.18026376742e-07,
        "var": 2.42373471337e-06
    },
    "spectral_rolloff": {
        "dmean": 528.640869141,
        "dmean2": 863.042724609,
        "dvar": 1243849.625,
        "dvar2": 2584986.5,
        "max": 14922.5097656,
        "mean": 2652.37426758,
        "median": 2605.51757812,
        "min": 64.599609375,
        "var": 3571442
    },
    "spectral_skewness": {
        "dmean": 0.202679812908,
        "dmean2": 0.32197663188,
        "dvar": 0.0400075539947,
        "dvar2": 0.0948884561658,
        "max": 6.2128944397,
        "mean": 1.79113852978,
        "median": 1.66465353966,
        "min": -0.553173243999,
        "var": 0.576273560524
    },
    "spectral_spread": {
        "dmean": 590841.6875,
        "dmean2": 832369.875,
        "dvar": 736727859200,
        "dvar2": 1.23682265498e+12,
        "max": 17024070,
        "mean": 4321828,
        "median": 3811189.5,
        "min": 964356,
        "var": 3.49429773107e+12
    },
    "spectral_strongpeak": {
        "dmean": 0.831753075123,
        "dmean2": 1.34227061272,
        "dvar": 1.49160313606,
        "dvar2": 3.69513726234,
        "max": 16.5020275116,
        "mean": 1.87549638748,
        "median": 1.08819544315,
        "min": 0,
        "var": 4.42639446259
    },
    "zerocrossingrate": {
        "dmean": 0.0123192053288,
        "dmean2": 0.0138109046966,
        "dvar": 0.000293493067147,
        "dvar2": 0.000322540116031,
        "max": 0.40234375,
        "mean": 0.0946895331144,
        "median": 0.0888671875,
        "min": 0.00634765625,
        "var": 0.0024142600596
    },
    "barkbands": {
        "dmean": [1.13244959721e-05, 0.000270725227892, 7.95639643911e-05, 3.82079051633e-05, 0.000141778713441, 0.000107887302875, 0.000144726916915, 0.000193531799596, 0.000214535233681, 0.00061491841916, 0.000596033758484, 0.000333758653142, 0.000417179893702, 0.000523581868038, 0.00045069414773, 0.000227106313105, 0.000283667148324, 0.000376974436222, 0.000362111197319, 0.000179580005351, 4.15113645431e-05, 5.52993842575e-05, 6.92863322911e-05, 6.52430462651e-05, 4.20453397965e-05, 3.50842856278e-05, 1.03627462522e-05],
        "dmean2": [1.86937704711e-05, 0.000428808270954, 0.00013279178529, 6.45666950732e-05, 0.000235886094742, 0.000172578103957, 0.000234837978496, 0.000300050887745, 0.000343877676642, 0.000949819164816, 0.000903644657228, 0.000520298781339, 0.000595195509959, 0.00077323440928, 0.000701298762579, 0.000351245049387, 0.000426570913987, 0.000576012418605, 0.000552572251763, 0.000264449976385, 6.58520802972e-05, 8.10475103208e-05, 9.82657438726e-05, 9.67110172496e-05, 5.96226200287e-05, 5.14026469318e-05, 1.54630233737e-05],
        "dvar": [1.11100950662e-09, 6.3298597297e-07, 8.92937137564e-08, 1.14358869041e-08, 1.14781613547e-07, 7.6468950283e-08, 1.53257317947e-07, 3.87927002521e-07, 5.27498855263e-07, 2.46812146543e-06, 2.95101835945e-06, 9.79633227871e-07, 1.53231121658e-06, 2.11425458474e-06, 1.66499864918e-06, 5.72009355437e-07, 4.05196459496e-07, 6.90683179982e-07, 5.38996403066e-07, 1.57651356858e-07, 1.90901641162e-08, 8.70308198841e-08, 1.54009015318e-07, 9.99682967517e-08, 2.90435853145e-08, 1.06802930944e-08, 9.75228231503e-10],
        "dvar2": [3.02840708066e-09, 1.50614403083e-06, 2.51317743505e-07, 3.15896677705e-08, 3.18473809102e-07, 1.76099433702e-07, 3.7831293298e-07, 9.18544060369e-07, 1.32604009195e-06, 5.85807401876e-06, 6.059390671e-06, 2.16724197344e-06, 2.96801044897e-06, 4.16111379309e-06, 3.73305215362e-06, 1.30782950691e-06, 8.33820081425e-07, 1.54423639742e-06, 1.17948468414e-06, 3.21080676713e-07, 4.43988632526e-08, 1.74825032673e-07, 2.43851985715e-07, 2.11816853835e-07, 5.74617970983e-08, 2.10411617019e-08, 1.97906158128e-09],
        "max": [0.00060647749342, 0.0115842036903, 0.00575891276821, 0.00256626866758, 0.00777930114418, 0.0136254848912, 0.0108699360862, 0.0235623158514, 0.0209848489612, 0.0285350717604, 0.0301330778748, 0.0191011354327, 0.0313615351915, 0.0282260291278, 0.0225979108363, 0.0174745563418, 0.0162518117577, 0.0178652498871, 0.0121317356825, 0.0104144308716, 0.00638897810131, 0.0163564886898, 0.0328658223152, 0.0123737771064, 0.00832900498062, 0.00130316789728, 0.000356743403245],
        "mean": [1.62332380569e-05, 0.000588531140238, 0.000130806205561, 5.96734025748e-05, 0.000251620542258, 0.00019861846522, 0.000224342002184, 0.000338984915288, 0.000336351251462, 0.00111106678378, 0.00108983647078, 0.000592333904933, 0.000784415868111, 0.000869608717039, 0.000819030043203, 0.00043328065658, 0.000612071249634, 0.000734495348297, 0.000840885273647, 0.00040081620682, 6.92178800819e-05, 0.000108711326902, 0.00013234859216, 0.000115410075523, 6.73618778819e-05, 3.96730356442e-05, 1.09903112389e-05],
        "median": [3.67986763194e-06, 0.000247886986472, 4.46776102763e-05, 2.34797844314e-05, 0.000130043074023, 0.000105853410787, 8.57699851622e-05, 9.71437330008e-05, 6.98170551914e-05, 0.000123395497212, 0.000109336273454, 9.71851986833e-05, 7.99550034571e-05, 8.95890843822e-05, 0.000115155344247, 7.68865065766e-05, 0.000139319032314, 0.000172309562913, 0.000213530875044, 7.14261768735e-05, 1.84883556358e-05, 2.58511554421e-05, 3.81376776204e-05, 2.67622926913e-05, 1.23616146084e-05, 3.03478987007e-06, 1.51117819769e-06],
        "min": [3.62327789299e-13, 1.42361288231e-13, 8.16469796232e-15, 8.40809491259e-14, 3.85903358964e-13, 3.47641132461e-13, 5.61301439356e-12, 1.20872018991e-11, 7.13050712225e-12, 5.12974948977e-12, 6.12858418528e-12, 1.29907178764e-11, 1.51019526745e-11, 6.15157993988e-11, 1.08790485301e-11, 1.12044514292e-11, 1.5371232065e-11, 1.35742693128e-11, 8.36735628701e-12, 5.40004109137e-12, 3.06745102409e-12, 3.81143163905e-12, 3.69586566212e-12, 2.76145491022e-12, 1.86667543402e-12, 1.97842415194e-12, 5.22144610535e-12],
        "var": [1.37598821226e-09, 1.00446345641e-06, 8.50158059507e-08, 1.38855211773e-08, 1.71261376636e-07, 1.72839150991e-07, 2.30491423281e-07, 6.73744864343e-07, 8.66899313223e-07, 6.16221404925e-06, 8.56202404975e-06, 2.33574746744e-06, 4.43018598162e-06, 5.3496878536e-06, 4.00512089982e-06, 1.63086326666e-06, 1.31460490138e-06, 1.90896616914e-06, 1.87116620509e-06, 4.85656130422e-07, 4.66052547665e-08, 2.37391517999e-07, 3.92229054569e-07, 2.29916352623e-07, 6.44771560587e-08, 1.44489025189e-08, 1.12987796896e-09]
    },
    "erbbands": {
        "dmean": [0.00853706151247, 0.0623628012836, 0.102444976568, 0.100903280079, 0.311674594879, 0.548372149467, 0.715876281261, 0.863723993301, 1.74867451191, 2.55704307556, 4.64983177185, 4.50396060944, 11.600687027, 25.3733634949, 14.8978309631, 12.5073709488, 16.8474502563, 22.9817752838, 25.7199611664, 13.7274665833, 12.1993808746, 13.651974678, 15.2966957092, 21.8972911835, 12.3609972, 8.29082202911, 2.64256095886, 1.13979327679, 1.70460128784, 2.48743534088, 1.93344855309, 1.57766830921, 0.956503093243, 0.543745934963, 0.255210638046, 0.145934432745, 0.0678662881255, 0.0150096202269, 0.00204296642914, 6.788061728e-05],
        "dmean2": [0.0131305139512, 0.0999523326755, 0.169432833791, 0.169520303607, 0.531349003315, 0.909061908722, 1.13803577423, 1.38758552074, 2.82778072357, 4.02745723724, 7.181620121, 7.29152822495, 17.5936946869, 39.6859016418, 21.0417385101, 18.9042320251, 23.6218986511, 33.9381065369, 36.591217041, 19.7816486359, 18.5135059357, 20.1782226562, 23.1416282654, 32.5920906067, 18.3013534546, 12.2097148895, 3.87727952003, 1.74706435204, 2.51340556145, 3.72706270218, 2.7647356987, 2.29263973236, 1.44074094296, 0.776854395866, 0.362682759762, 0.212847426534, 0.100045785308, 0.0219670683146, 0.00304789817892, 0.00010289993952],
        "dvar": [0.000622923427727, 0.0353316515684, 0.132268041372, 0.100559145212, 0.697920203209, 1.83854985237, 2.70710253716, 8.71822929382, 21.8925075531, 59.4115180969, 261.776611328, 237.741607666, 1022.35375977, 3940.375, 1901.35913086, 997.756164551, 2347.95410156, 3580.54272461, 5073.01464844, 1637.7355957, 1372.71582031, 1040.35925293, 1332.60107422, 2142.13525391, 654.78112793, 390.72052002, 38.8348236084, 33.6281051636, 72.9897994995, 212.884597778, 145.903671265, 62.2749214172, 22.7767658234, 5.90326166153, 0.849529862404, 0.185808777809, 0.0407609902322, 0.00198992807418, 3.84429949918e-05, 4.39193428292e-08],
        "dvar2": [0.00147154903971, 0.0873230546713, 0.367358416319, 0.277340441942, 1.92304229736, 5.09915065765, 6.01572656631, 21.0727291107, 54.9555130005, 146.53086853, 631.674499512, 597.450866699, 2504.29199219, 9532.35546875, 3580.92553711, 2221.00146484, 4426.35839844, 7654.96875, 10526.09375, 3494.78051758, 2883.96923828, 2197.20166016, 2815.9675293, 4848.11376953, 1384.64440918, 780.134399414, 80.3477630615, 72.7715682983, 143.500869751, 422.547576904, 237.578598022, 128.358703613, 49.3256568909, 11.3113250732, 1.74813258648, 0.376561909914, 0.081842020154, 0.00388669688255, 7.84555159044e-05, 9.3690928793e-08],
        "max": [0.394875645638, 3.02176380157, 5.74324464798, 7.4362487793, 20.2689189911, 30.6624126434, 94.5818481445, 145.078994751, 136.783081055, 253.609375, 631.65032959, 411.253356934, 735.828063965, 1106.18493652, 1040.54248047, 619.36895752, 1366.45275879, 1158.59619141, 1532.94763184, 1156.80249023, 1158.70910645, 904.200378418, 937.620544434, 1087.65136719, 518.142578125, 700.56439209, 156.739593506, 286.774963379, 471.506530762, 1003.93054199, 1013.26367188, 377.007232666, 255.425018311, 124.28163147, 34.5317268372, 8.16051387787, 2.6125228405, 0.703442215919, 0.078745149076, 0.00312573090196],
        "mean": [0.0157917197794, 0.133811831474, 0.19256529212, 0.167092710733, 0.490065962076, 0.915063977242, 1.32320129871, 1.53771483898, 2.89200210571, 4.35219573975, 8.23218917847, 7.64050197601, 22.054359436, 52.6432342529, 31.230424881, 25.3997001648, 35.0752182007, 43.8956336975, 49.7006988525, 27.8922748566, 28.114074707, 32.3686561584, 35.5899162292, 51.8564682007, 33.4091758728, 19.0604534149, 5.9384188652, 2.15613985062, 3.30092406273, 4.75100231171, 3.62096238136, 2.7839076519, 1.69392812252, 0.929320812225, 0.377388268709, 0.182576045394, 0.0720738172531, 0.0161711145192, 0.00210466654971, 8.02411741461e-05],
        "median": [0.00446468405426, 0.0617604516447, 0.0857407003641, 0.079920142889, 0.19906514883, 0.43568021059, 0.714815914631, 0.679839730263, 1.26614284515, 1.57502269745, 2.44664859772, 2.29006934166, 3.83586549759, 7.45169734955, 5.32680225372, 5.88461589813, 5.91894388199, 7.89473628998, 7.83773756027, 6.18837404251, 6.86623573303, 7.85542392731, 10.0653438568, 14.4182262421, 8.38913631439, 3.83433127403, 1.42541205883, 0.700775623322, 0.830675542355, 1.17633879185, 1.05414485931, 0.71514749527, 0.34672126174, 0.187712833285, 0.0515989288688, 0.0174599085003, 0.00500792451203, 0.0020674134139, 0.000244190101512, 2.44560014835e-05],
        "min": [9.14248798195e-12, 1.5960384056e-11, 1.45319086625e-11, 1.37549333035e-10, 7.80303766046e-10, 1.33724209483e-09, 2.44729414511e-09, 3.62579588575e-09, 3.31620775285e-08, 2.11052693544e-07, 1.99775527676e-07, 1.36249170168e-07, 2.2265886912e-07, 5.55849396733e-07, 3.47685983115e-07, 5.03194200974e-07, 7.39952497497e-07, 2.26078964261e-06, 1.92711740965e-06, 4.01063800837e-07, 6.15962449046e-07, 8.83457801137e-07, 8.97761083252e-07, 4.31719854532e-07, 3.99224092007e-07, 2.45324969228e-07, 1.05916505788e-07, 1.40019324135e-07, 1.28840923708e-07, 1.10211239246e-07, 1.17529523891e-07, 7.81001787686e-08, 3.13840686772e-08, 2.65271786759e-08, 1.12904761096e-08, 7.40082395367e-09, 3.51447315694e-09, 5.63973889811e-09, 5.59391422073e-10, 3.14755894959e-11],
        "var": [0.00103842676617, 0.0492699220777, 0.127430573106, 0.106119818985, 0.922380506992, 2.70353484154, 6.52407646179, 16.5856513977, 32.9635353088, 90.5998535156, 434.248352051, 369.057830811, 2701.53833008, 12403.9492188, 7560.81835938, 3053.10400391, 7727.71582031, 9032.75683594, 14439.5009766, 4379.62695312, 4774.5625, 3533.17114258, 3773.34301758, 8139.43896484, 2986.16455078, 1155.03503418, 124.559631348, 95.23462677, 209.448822021, 486.868682861, 319.489959717, 131.073287964, 55.0163917542, 13.995762825, 1.71119892597, 0.292461574078, 0.0508633889258, 0.00245495140553, 4.43644894403e-05, 4.87854343589e-08]
    },
    "gfcc": {
        "mean": [-53.5767631531, 50.270275116, -134.225753784, 12.8256044388, -48.2164649963, 10.6974420547, -32.5818977356, 13.2348394394, -20.982673645, -3.14439892769, -6.27406072617, 2.23175048828, -14.7338628769],
        "cov": [[7630.10986328, -1645.33044434, -1830.6015625, 1349.44104004, 254.455535889, 806.373291016, 19.6586494446, 654.052734375, -169.303421021, 21.3462257385, 374.860595703, 41.6765708923, 289.059906006], [-1645.33044434, 1376.90930176, 304.046844482, -364.940551758, 142.263656616, -258.518035889, 57.4071922302, -98.9317092896, 73.144744873, -71.7132720947, 25.0953578949, -6.27753448486, -76.6198501587], [-1830.6015625, 304.046844482, 1892.2244873, 22.7015647888, 0.303198575974, -95.2611312866, -53.4713134766, -121.050109863, 142.534240723, 140.08921814, -177.168258667, 134.98538208, -74.3926391602], [1349.44104004, -364.940551758, 22.7015647888, 1006.48522949, 107.745780945, 289.796417236, 0.764606416225, 160.935409546, 123.807868958, 40.2102775574, 162.895294189, 54.1415672302, 127.348396301], [254.455535889, 142.263656616, 0.303198575974, 107.745780945, 320.48815918, 39.9891624451, 26.1817951202, 65.6236572266, 26.7163276672, 34.1521263123, 56.8491287231, 22.2877979279, 4.77716302872], [806.373291016, -258.518035889, -95.2611312866, 289.796417236, 39.9891624451, 338.472900391, 94.5334243774, 72.5792922974, -12.8199768066, 43.3134803772, 78.3419113159, 4.24067544937, 65.1697463989], [19.6586494446, 57.4071922302, -53.4713134766, 0.764606416225, 26.1817951202, 94.5334243774, 233.629699707, 48.1439056396, -40.3458061218, 10.1498622894, 43.8623390198, -3.42573833466, -0.261533141136], [654.052734375, -98.9317092896, -121.050109863, 160.935409546, 65.6236572266, 72.5792922974, 48.1439056396, 228.314315796, 69.6646881104, 2.21869707108, 49.9346504211, 34.7763824463, 35.0641174316], [-169.303421021, 73.144744873, 142.534240723, 123.807868958, 26.7163276672, -12.8199768066, -40.3458061218, 69.6646881104, 190.708847046, 42.7177505493, -1.72981905937, 23.4064178467, 14.2830352783], [21.3462257385, -71.7132720947, 140.08921814, 40.2102775574, 34.1521263123, 43.3134803772, 10.1498622894, 2.21869707108, 42.7177505493, 146.107849121, 36.1307373047, -10.089925766, 7.79046010971], [374.860595703, 25.0953578949, -177.168258667, 162.895294189, 56.8491287231, 78.3419113159, 43.8623390198, 49.9346504211, -1.72981905937, 36.1307373047, 191.384216309, 21.7709693909, 14.3228797913], [41.6765708923, -6.27753448486, 134.98538208, 54.1415672302, 22.2877979279, 4.24067544937, -3.42573833466, 34.7763824463, 23.4064178467, -10.089925766, 21.7709693909, 111.416908264, 12.8439006805], [289.059906006, -76.6198501587, -74.3926391602, 127.348396301, 4.77716302872, 65.1697463989, -0.261533141136, 35.0641174316, 14.2830352783, 7.79046010971, 14.3228797913, 12.8439006805, 124.412971497]],
        "icov": [[0.000482612696942, 9.35406933422e-05, 0.000408020307077, -0.000456598208984, -9.59920507739e-05, -0.000475685694255, 0.000603236490861, -0.00110545766074, 0.00107078952715, -0.000583525805268, 0.000338474404998, -0.000405712635256, 0.000129867563373], [9.35406933422e-05, 0.00164648739155, -0.000446592312073, 0.00068450946128, -0.00104590679985, 0.000724878278561, -0.000825002382044, 0.000734100991394, -0.0014946636511, 0.00212207832374, -0.00188336893916, 0.00113448372576, -0.000580801221076], [0.000408020307077, -0.000446592312073, 0.00148873613216, -0.000946503889281, 0.000240880588535, -0.000484976626467, 0.000530256482307, -0.0005241081235, 0.00106097641401, -0.00247510476038, 0.0022544011008, -0.00237980112433, 0.00104894535616], [-0.000456598208984, 0.00068450946128, -0.000946503889281, 0.0027482311707, -0.000603441207204, -0.000595166231506, -0.000326914218022, 0.00105270231143, -0.00280156801455, 0.00254797074012, -0.00273412908427, 0.00135435850825, -0.00152204488404], [-9.59920507739e-05, -0.00104590679985, 0.000240880588535, -0.000603441207204, 0.00419942568988, -0.000302737083985, 0.000331709976308, -0.0011580735445, 0.000942460959777, -0.00200153538026, 0.000617616868112, -0.00106149446219, 0.000720649433788], [-0.000475685694255, 0.000724878278561, -0.000484976626467, -0.000595166231506, -0.000302737083985, 0.00612593302503, -0.00276435003616, 0.00105553155299, -0.000507321266923, 8.03772418294e-05, -0.00118673453107, 0.0010325164767, -0.0015464721946], [0.000603236490861, -0.000825002382044, 0.000530256482307, -0.000326914218022, 0.000331709976308, -0.00276435003616, 0.00697153154761, -0.00348741491325, 0.00359730818309, -0.001837749267, 0.000413310393924, -0.000518649991136, 0.0008829307626], [-0.00110545766074, 0.000734100991394, -0.0005241081235, 0.00105270231143, -0.0011580735445, 0.00105553155299, -0.00348741491325, 0.0100683998317, -0.00632101204246, 0.00308353034779, -0.00174840202089, -0.000422182667535, -0.000946379266679], [0.00107078952715, -0.0014946636511, 0.00106097641401, -0.00280156801455, 0.000942460959777, -0.000507321266923, 0.00359730818309, -0.00632101204246, 0.0123306978494, -0.00609690137208, 0.00369259086438, -0.00246315891854, 0.000907686247956], [-0.000583525805268, 0.00212207832374, -0.00247510476038, 0.00254797074012, -0.00200153538026, 8.03772418294e-05, -0.001837749267, 0.00308353034779, -0.00609690137208, 0.014088138938, -0.00659752963111, 0.00558338221163, -0.00226269289851], [0.000338474404998, -0.00188336893916, 0.0022544011008, -0.00273412908427, 0.000617616868112, -0.00118673453107, 0.000413310393924, -0.00174840202089, 0.00369259086438, -0.00659752963111, 0.0115576637909, -0.00507214805111, 0.00247419136576], [-0.000405712635256, 0.00113448372576, -0.00237980112433, 0.00135435850825, -0.00106149446219, 0.0010325164767, -0.000518649991136, -0.000422182667535, -0.00246315891854, 0.00558338221163, -0.00507214805111, 0.0140048861504, -0.00247893179767], [0.000129867563373, -0.000580801221076, 0.00104894535616, -0.00152204488404, 0.000720649433788, -0.0015464721946, 0.0008829307626, -0.000946379266679, 0.000907686247956, -0.00226269289851, 0.00247419136576, -0.00247893179767, 0.0106230350211]]
    },
    "melbands": {
        "dmean": [7.54635984777e-05, 6.26064211247e-05, 2.15338041016e-05, 3.30634138663e-05, 2.30468722293e-05, 2.00219528779e-05, 2.78023617284e-05, 2.96300040645e-05, 3.83903097827e-05, 3.02617772832e-05, 6.09675007581e-05, 0.000103153455711, 6.33329837001e-05, 3.64708248526e-05, 3.16304249282e-05, 4.66678320663e-05, 4.73635955132e-05, 4.72034480481e-05, 3.24949833157e-05, 1.61587686307e-05, 1.58867333084e-05, 1.71439151018e-05, 1.41203363455e-05, 1.86271408893e-05, 2.07055709325e-05, 1.10135206342e-05, 8.65686524776e-06, 6.05055993219e-06, 2.37710469264e-06, 9.59507246989e-07, 6.48732338959e-07, 8.99687961464e-07, 1.41064629133e-06, 1.46008073898e-06, 1.21440712064e-06, 1.04668663425e-06, 1.00436545836e-06, 6.99816098404e-07, 6.4220182594e-07, 4.38872149289e-07],
        "dmean2": [0.000117036703159, 0.000100502227724, 3.63115286746e-05, 5.57424573344e-05, 3.65191262972e-05, 3.18829042953e-05, 4.49763683719e-05, 4.66914643766e-05, 5.91574425926e-05, 4.8895868531e-05, 9.22295002965e-05, 0.000161025687703, 9.00894374354e-05, 5.45207985851e-05, 4.632319542e-05, 6.49482972221e-05, 7.10749372956e-05, 6.62302045384e-05, 4.8659494496e-05, 2.45988885581e-05, 2.42430451181e-05, 2.52723566518e-05, 2.1399673642e-05, 2.83110184682e-05, 3.116937296e-05, 1.68184578797e-05, 1.29382360683e-05, 9.12278392207e-06, 3.59011232831e-06, 1.56283033448e-06, 1.01799457752e-06, 1.34631261517e-06, 2.08948131331e-06, 2.2429640012e-06, 1.79533844857e-06, 1.53754331222e-06, 1.50474238581e-06, 1.07638993541e-06, 9.69473376244e-07, 6.3538965378e-07],
        "dvar": [4.85280828855e-08, 3.93624155492e-08, 3.3087026452e-09, 7.80296005587e-09, 2.1624129154e-09, 3.60543062072e-09, 5.11731323982e-09, 7.57036744403e-09, 1.79529706656e-08, 1.09915037072e-08, 2.7630235877e-08, 6.54096723451e-08, 3.33869110136e-08, 1.1104354769e-08, 7.64025909206e-09, 2.04772447887e-08, 1.68249698618e-08, 1.83210211446e-08, 7.88776510774e-09, 3.60813112721e-09, 2.13880291255e-09, 1.83324344594e-09, 1.08916442532e-09, 1.94079152749e-09, 1.97746397035e-09, 5.55558654636e-10, 3.68708008569e-10, 2.24229787515e-10, 3.32188408725e-11, 1.60622331408e-11, 1.3438268727e-11, 2.30750505509e-11, 5.4507409003e-11, 7.04139455077e-11, 7.70083996571e-11, 2.56932513459e-11, 2.6948084389e-11, 1.28028455892e-11, 9.01498667383e-12, 3.87102199254e-12],
        "dvar2": [1.14742555013e-07, 1.02995741713e-07, 9.09681574512e-09, 2.17973106231e-08, 4.75250416798e-09, 8.48489367655e-09, 1.26076287188e-08, 1.82661139547e-08, 4.38847216344e-08, 2.76552984957e-08, 6.65036665737e-08, 1.58395479843e-07, 6.0618617681e-08, 2.24754472811e-08, 1.56715262989e-08, 3.88555640995e-08, 3.5317253122e-08, 3.60035627978e-08, 1.60902260404e-08, 8.78854233832e-09, 4.61890259373e-09, 3.85832965577e-09, 2.27979368717e-09, 4.15985335067e-09, 4.48098003147e-09, 1.21356091842e-09, 7.82528375431e-10, 4.42089975738e-10, 6.78786124531e-11, 4.20246441812e-11, 2.984086242e-11, 4.52267459594e-11, 1.1164776742e-10, 1.42541589643e-10, 1.37769518016e-10, 4.50362871995e-11, 5.9400817598e-11, 2.72678216812e-11, 1.95494315181e-11, 7.90529360722e-12],
        "max": [0.00321718421765, 0.00333874952048, 0.00111807940993, 0.00216815527529, 0.00244888220914, 0.00296274921857, 0.00195277412422, 0.00232671457343, 0.00456597236916, 0.00303052784875, 0.00375949568115, 0.00483399536461, 0.00352698983625, 0.00231928192079, 0.00304260849953, 0.00431852694601, 0.00268236920238, 0.00273856124841, 0.00234931288287, 0.00162843894213, 0.00139808421955, 0.00129074277356, 0.000991796492599, 0.00100112042855, 0.000953500624746, 0.000644075451419, 0.000451278028777, 0.000524352362845, 0.000157984250109, 0.000201174974791, 0.000160955431056, 0.000274990190519, 0.00046869867947, 0.000550086435396, 0.000718648370821, 0.000338335405104, 0.000186848235899, 0.000181516094017, 0.00013596752251, 0.000101410201751],
        "mean": [0.000156882961164, 0.000131503344164, 3.66340755136e-05, 5.32581616426e-05, 4.41813717771e-05, 3.61395541404e-05, 4.59600450995e-05, 5.1155428082e-05, 6.66539999656e-05, 4.84420161229e-05, 0.0001096263004, 0.00021033998928, 0.000122587574879, 6.96431598044e-05, 6.03095140832e-05, 8.5680061602e-05, 8.13234510133e-05, 8.06987663964e-05, 5.70098782191e-05, 2.94348028547e-05, 3.33805983246e-05, 3.47814784618e-05, 3.07020527544e-05, 3.4820590372e-05, 4.4068263378e-05, 2.68755720754e-05, 1.80045244633e-05, 1.17345125545e-05, 4.43425324193e-06, 1.51278504745e-06, 1.08897086193e-06, 1.56227804382e-06, 2.66961887974e-06, 2.59204512076e-06, 2.10513940146e-06, 1.87143427866e-06, 1.64477683029e-06, 1.19569756407e-06, 1.03793513517e-06, 6.92026105753e-07],
        "median": [5.70749689359e-05, 6.7955974373e-05, 1.82419007615e-05, 2.39921155298e-05, 2.50541143032e-05, 1.67832677107e-05, 1.98338148039e-05, 1.80679762707e-05, 1.76532103069e-05, 1.1066330444e-05, 1.56564910867e-05, 2.50073881034e-05, 1.41678192449e-05, 1.15010934678e-05, 1.00380084405e-05, 9.15126656764e-06, 1.03363345261e-05, 8.80875086295e-06, 8.280630027e-06, 5.47189711142e-06, 7.03372188582e-06, 7.64238757256e-06, 5.97480857323e-06, 8.02747217676e-06, 1.10749351734e-05, 6.11478117207e-06, 3.23036874761e-06, 1.97043345906e-06, 8.55224755014e-07, 3.53074568693e-07, 2.71895885362e-07, 3.74236890366e-07, 5.48871696537e-07, 6.083680546e-07, 5.7104091411e-07, 5.17498392583e-07, 3.59056144816e-07, 2.20834252218e-07, 1.95146995452e-07, 1.29457276898e-07],
        "min": [7.80821669258e-14, 1.08542579628e-14, 4.12901795545e-14, 7.85407302346e-14, 8.08684513126e-14, 6.67895778831e-14, 6.77006953102e-13, 2.47480334836e-12, 1.02407622313e-12, 9.29819155698e-13, 9.73925150596e-13, 2.27791353488e-12, 9.36795129317e-13, 1.57851509641e-12, 8.39143912777e-13, 1.96833478336e-12, 4.9638184188e-12, 4.03448845512e-12, 6.96826656706e-13, 4.95082165368e-13, 7.48680251909e-13, 6.60609967337e-13, 1.35838801145e-12, 5.20946729764e-13, 3.16261638189e-13, 3.84760365929e-13, 2.40120016969e-13, 1.40424483023e-13, 5.33532229898e-14, 8.8917873173e-14, 7.58000026678e-14, 5.76604803943e-14, 9.41499753594e-14, 5.3407809181e-14, 8.58204905253e-14, 4.0170625615e-14, 4.85549439739e-14, 2.16553188684e-14, 1.88385700946e-14, 2.32221638024e-14],
        "var": [8.07974842587e-08, 4.48267876152e-08, 3.88607945823e-09, 1.05940962669e-08, 5.64205970832e-09, 7.38700789427e-09, 8.26978485691e-09, 1.29029054108e-08, 3.0560766362e-08, 1.6870052022e-08, 7.13884844572e-08, 2.02408358518e-07, 1.1610271855e-07, 3.51938105325e-08, 2.24727116915e-08, 5.54455326096e-08, 3.98617494568e-08, 4.8454136703e-08, 2.04036130214e-08, 8.48747738758e-09, 6.57385568203e-09, 5.11524600455e-09, 3.99077393354e-09, 4.29864810414e-09, 6.65752164508e-09, 2.2044195358e-09, 1.07171249653e-09, 5.71910241387e-10, 8.52839951437e-11, 2.8990570361e-11, 3.60381793851e-11, 5.55464285679e-11, 1.38982839126e-10, 1.50727957893e-10, 1.36699443432e-10, 6.54029677638e-11, 5.11089018329e-11, 3.07488236262e-11, 2.06163194155e-11, 7.8615655652e-12]
    },
    "mfcc": {
        "mean": [-698.92199707, 93.3318557739, -22.8369789124, 6.91625356674, 5.36958169937, -5.57157850266, 2.88022470474, 11.5642576218, -10.1298570633, 7.12155056, 0.263137966394, -3.5169210434, 2.71514487267],
        "cov": [[9281.74707031, -2535.76538086, -1832.67468262, 361.160095215, 440.571594238, 98.403465271, 665.145446777, 559.126525879, -98.0288467407, 442.2371521, 60.5286903381, -143.358566284, 177.540405273], [-2535.76538086, 1721.02111816, 210.17376709, -191.628433228, -91.6972579956, -173.411575317, -140.062576294, -99.1704864502, -9.07572364807, -148.886474609, 1.61633706093, 53.0629463196, -32.9687347412], [-1832.67468262, 210.17376709, 1386.91247559, 227.701599121, 90.4013214111, 193.775177002, -166.531097412, -90.8151931763, 136.714401245, -100.905403137, 44.5570144653, 96.5706100464, -10.7160253525], [361.160095215, -191.628433228, 227.701599121, 478.621948242, 241.005737305, 91.5687255859, 24.3214092255, 94.7206344604, 22.9264030457, 67.7378387451, 39.2526054382, 37.983543396, 74.3839492798], [440.571594238, -91.6972579956, 90.4013214111, 241.005737305, 365.602203369, 58.5350379944, -14.3776569366, 68.2305221558, 32.3789100647, 49.950958252, 37.3037834167, 31.3912677765, 56.466999054], [98.403465271, -173.411575317, 193.775177002, 91.5687255859, 58.5350379944, 244.265426636, 88.597442627, 1.30094599724, 22.9408874512, 30.2217941284, 29.7177028656, 2.26564025879, 5.84034633636], [665.145446777, -140.062576294, -166.531097412, 24.3214092255, -14.3776569366, 88.597442627, 320.871948242, 69.4038619995, -46.0310516357, 76.013458252, 11.6353816986, -5.58006238937, 44.1922302246], [559.126525879, -99.1704864502, -90.8151931763, 94.7206344604, 68.2305221558, 1.30094599724, 69.4038619995, 242.35295105, 21.4572753906, 20.931476593, 45.4298973083, 4.01007223129, 25.8038349152], [-98.0288467407, -9.07572364807, 136.714401245, 22.9264030457, 32.3789100647, 22.9408874512, -46.0310516357, 21.4572753906, 186.485916138, 28.7436122894, 1.03041446209, 7.49787473679, -24.7519340515], [442.2371521, -148.886474609, -100.905403137, 67.7378387451, 49.950958252, 30.2217941284, 76.013458252, 20.931476593, 28.7436122894, 174.369781494, 38.6187438965, -10.5699625015, 20.8852710724], [60.5286903381, 1.61633706093, 44.5570144653, 39.2526054382, 37.3037834167, 29.7177028656, 11.6353816986, 45.4298973083, 1.03041446209, 38.6187438965, 145.469589233, 43.0473442078, 2.58569407463], [-143.358566284, 53.0629463196, 96.5706100464, 37.983543396, 31.3912677765, 2.26564025879, -5.58006238937, 4.01007223129, 7.49787473679, -10.5699625015, 43.0473442078, 132.313766479, 55.3608551025], [177.540405273, -32.9687347412, -10.7160253525, 74.3839492798, 56.466999054, 5.84034633636, 44.1922302246, 25.8038349152, -24.7519340515, 20.8852710724, 2.58569407463, 55.3608551025, 125.82787323]],
