{
"lowlevel": {
    "average_loudness": 0.946559369564,
    "barkbands_crest": {
        "dmean": 2.36869525909,
        "dmean2": 3.92354059219,
        "dvar": 4.36084651947,
        "dvar2": 11.6964902878,
        "max": 23.6169395447,
        "mean": 8.08618068695,
        "median": 7.45836496353,
        "min": 2.01128149033,
        "var": 10.0248155594
    },
    "barkbands_flatness_db": {
        "dmean": 0.0176846273243,
        "dmean2": 0.0283671692014,
        "dvar": 0.000240811292315,
        "dvar2": 0.000604076718446,
        "max": 0.299834132195,
        "mean": 0.144229620695,
        "median": 0.140937551856,
        "min": 0.0640952736139,
        "var": 0.00110255088657
    },
    "barkbands_kurtosis": {
        "dmean": 1.32434046268,
        "dmean2": 2.16972875595,
        "dvar": 3.93214774132,
        "dvar2": 10.328373909,
        "max": 33.2648010254,
        "mean": 1.06951320171,
        "median": 0.327881574631,
        "min": -1.86522734165,
        "var": 7.80074167252
    },
    "barkbands_skewness": {
        "dmean": 0.438923329115,
        "dmean2": 0.686908602715,
        "dvar": 0.192731097341,
        "dvar2": 0.461719542742,
        "max": 4.6305141449,
        "mean": 0.8623726964,
        "median": 0.818588793278,
        "min": -4.07150840759,
        "var": 0.70630222559
    },
    "barkbands_spread": {
        "dmean": 5.07108592987,
        "dmean2": 7.79019069672,
        "dvar": 31.8859634399,
        "dvar2": 68.0127029419,
        "max": 99.5033874512,
        "mean": 24.5477199554,
        "median": 22.764333725,
        "min": 2.20922589302,
        "var": 139.03503418
    },
    "dissonance": {
        "dmean": 0.0161573849618,
        "dmean2": 0.0271322075278,
        "dvar": 0.000247569900239,
        "dvar2": 0.000685730774421,
        "max": 0.500000119209,
        "mean": 0.471258193254,
        "median": 0.47684559226,
        "min": 0.287823110819,
        "var": 0.000483140844153
    },
    "dynamic_complexity": 2.00023889542,
    "erbbands_crest": {
        "dmean": 2.40548372269,
        "dmean2": 3.88544464111,
        "dvar": 5.00037765503,
        "dvar2": 12.3667812347,
        "max": 30.1091575623,
        "mean": 8.88949108124,
        "median": 7.96383094788,
        "min": 2.53994083405,
        "var": 16.5321826935
    },
    "erbbands_flatness_db": {
        "dmean": 0.0165223162621,
        "dmean2": 0.0239410307258,
        "dvar": 0.000239083063207,
        "dvar2": 0.000452845153632,
        "max": 0.359408438206,
        "mean": 0.186844199896,
        "median": 0.182618245482,
        "min": 0.0869452729821,
        "var": 0.00201576831751
    },
    "erbbands_kurtosis": {
        "dmean": 0.87510317564,
        "dmean2": 1.37659299374,
        "dvar": 1.30341398716,
        "dvar2": 3.0206925869,
        "max": 22.2062301636,
        "mean": 0.568993508816,
        "median": -0.0137815475464,
        "min": -1.70790326595,
        "var": 3.71883177757
    },
    "erbbands_skewness": {
        "dmean": 0.335094541311,
        "dmean2": 0.507532536983,
        "dvar": 0.09542825073,
        "dvar2": 0.202123939991,
        "max": 3.74042129517,
        "mean": 0.142691254616,
        "median": 0.222244307399,
        "min": -3.60645723343,
        "var": 0.743786454201
    },
    "erbbands_spread": {
        "dmean": 7.04035568237,
        "dmean2": 10.7802734375,
        "dvar": 56.0740623474,
        "dvar2": 127.836830139,
        "max": 115.107147217,
        "mean": 33.5740852356,
        "median": 30.5155353546,
        "min": 4.11105060577,
        "var": 258.371185303
    },
    "hfc": {
        "dmean": 7.34629678726,
        "dmean2": 10.6194620132,
        "dvar": 143.84928894,
        "dvar2": 286.55166626,
        "max": 452.761627197,
        "mean": 25.099357605,
        "median": 21.6873340607,
        "min": 1.12293791561e-16,
        "var": 406.769989014
    },
    "melbands_crest": {
        "dmean": 3.42893099785,
        "dmean2": 5.75912284851,
        "dvar": 10.1034374237,
        "dvar2": 27.5009212494,
        "max": 29.2627696991,
        "mean": 10.924279213,
        "median": 10.0560932159,
        "min": 1.85515022278,
        "var": 18.3273582458
    },
    "melbands_flatness_db": {
        "dmean": 0.0215488635004,
        "dmean2": 0.0337538830936,
        "dvar": 0.000415085814893,
        "dvar2": 0.000992074492387,
        "max": 0.349839538336,
        "mean": 0.151712059975,
        "median": 0.149359241128,
        "min": 0.00715582352132,
        "var": 0.00183522002771
    },
    "melbands_kurtosis": {
        "dmean": 3.54029893875,
        "dmean2": 5.87081861496,
        "dvar": 39.7279434204,
        "dvar2": 107.813484192,
        "max": 96.7540588379,
        "mean": 5.43223190308,
        "median": 3.14525318146,
        "min": -1.85018718243,
        "var": 57.4000511169
    },
    "melbands_skewness": {
        "dmean": 0.586279332638,
        "dmean2": 0.930192530155,
        "dvar": 0.424872040749,
        "dvar2": 1.07779145241,
        "max": 8.37871074677,
        "mean": 1.72560286522,
        "median": 1.56566810608,
        "min": -1.68613135815,
        "var": 1.24227678776
    },
    "melbands_spread": {
        "dmean": 8.43034744263,
        "dmean2": 12.9752445221,
        "dvar": 118.865638733,
        "dvar2": 231.966094971,
        "max": 200.896270752,
        "mean": 32.4005470276,
        "median": 27.8214530945,
        "min": 2.97680926323,
        "var": 416.53427124
    },
    "pitch_salience": {
        "dmean": 0.06738974154,
        "dmean2": 0.111846797168,
        "dvar": 0.00372347212397,
        "dvar2": 0.0102236829698,
        "max": 0.849563360214,
        "mean": 0.623326182365,
        "median": 0.630129516125,
        "min": 0.223713368177,
        "var": 0.00807430874556
    },
    "silence_rate_20dB": {
        "dmean": 0,
        "dmean2": 0,
        "dvar": 0,
        "dvar2": 0,
        "max": 1,
        "mean": 1,
        "median": 1,
        "min": 1,
        "var": 0
    },
    "silence_rate_30dB": {
        "dmean": 0.000483910000185,
        "dmean2": 0.000967937055975,
        "dvar": 0.000483679963509,
        "dvar2": 0.00120900094043,
        "max": 1,
        "mean": 0.999637126923,
        "median": 1,
        "min": 0,
        "var": 0.000362857856089
    },
    "silence_rate_60dB": {
        "dmean": 0.00338736991398,
        "dmean2": 0.00677555939183,
        "dvar": 0.00337586528622,
        "dvar2": 0.00745547609404,
        "max": 1,
        "mean": 0.0066529577598,
        "median": 0,
        "min": 0,
        "var": 0.00661010434851
    },
    "spectral_centroid": {
        "dmean": 244.401107788,
        "dmean2": 370.676483154,
        "dvar": 69997.0625,
        "dvar2": 130969.257812,
        "max": 11084.2607422,
        "mean": 1585.03149414,
        "median": 1531.30712891,
        "min": 316.608459473,
        "var": 332311.375
    },
    "spectral_complexity": {
        "dmean": 3.93999505043,
        "dmean2": 6.03557157516,
        "dvar": 15.1451473236,
        "dvar2": 31.0408630371,
        "max": 51,
        "mean": 23.1331806183,
        "median": 23,
        "min": 0,
        "var": 66.4443588257
    },
    "spectral_decrease": {
        "dmean": 2.14709805491e-09,
        "dmean2": 3.48863227195e-09,
        "dvar": 1.23397529923e-17,
        "dvar2": 3.24827407628e-17,
        "max": -7.66616655105e-29,
        "mean": -5.50677681233e-09,
        "median": -4.7990558194e-09,
        "min": -4.02270252664e-08,
        "var": 1.47940408831e-17
    },
    "spectral_energy": {
        "dmean": 0.00861812848598,
        "dmean2": 0.0138968704268,
        "dvar": 0.000187151221326,
        "dvar2": 0.000489982543513,
        "max": 0.157267764211,
        "mean": 0.0230604503304,
        "median": 0.0203376617283,
        "min": 1.04747165359e-20,
        "var": 0.000239587228862
    },
    "spectral_energyband_high": {
        "dmean": 0.000418550625909,
        "dmean2": 0.000583113345783,
        "dvar": 2.04476896215e-06,
        "dvar2": 3.71194232685e-06,
        "max": 0.0492006875575,
        "mean": 0.000903913460206,
        "median": 0.000455240457086,
        "min": 7.92191195759e-21,
        "var": 4.64844015369e-06
    },
    "spectral_energyband_low": {
        "dmean": 0.00408807629719,
        "dmean2": 0.00727809919044,
        "dvar": 0.000118921161629,
        "dvar2": 0.000331485003699,
        "max": 0.117986619473,
        "mean": 0.00423811748624,
        "median": 0.00192125653848,
        "min": 8.26862291401e-23,
        "var": 8.38079868117e-05
    },
    "spectral_energyband_middle_high": {
        "dmean": 0.00252539408393,
        "dmean2": 0.00374260218814,
        "dvar": 1.03316542663e-05,
        "dvar2": 2.15279651457e-05,
        "max": 0.0518836900592,
        "mean": 0.0082927653566,
        "median": 0.0062616141513,
        "min": 1.44843445005e-21,
        "var": 4.70058730571e-05
    },
    "spectral_energyband_middle_low": {
        "dmean": 0.00452404236421,
        "dmean2": 0.00729594565928,
        "dvar": 3.60670492228e-05,
        "dvar2": 8.83500979398e-05,
        "max": 0.0933735892177,
        "mean": 0.0103797325864,
        "median": 0.00827353354543,
        "min": 1.96628250683e-22,
        "var": 6.40338694211e-05
    },
    "spectral_entropy": {
        "dmean": 0.124345697463,
        "dmean2": 0.177001968026,
        "dvar": 0.0142645025626,
        "dvar2": 0.025796579197,
        "max": 9.80339622498,
        "mean": 7.69427585602,
        "median": 7.69105243683,
        "min": 6.42625904083,
        "var": 0.0895154029131
    },
    "spectral_flux": {
        "dmean": 0.0249532051384,
        "dmean2": 0.0394096896052,
        "dvar": 0.000984192476608,
        "dvar2": 0.00182756455615,
        "max": 0.324218302965,
        "mean": 0.0898600742221,
        "median": 0.0796784162521,
        "min": 1.02346062181e-10,
        "var": 0.00186559883878
    },
    "spectral_kurtosis": {
        "dmean": 1.44638693333,
        "dmean2": 2.42669630051,
        "dvar": 2.46536254883,
        "dvar2": 7.22834348679,
        "max": 20.8752555847,
        "mean": 3.66203331947,
        "median": 3.22671699524,
        "min": -1.23987841606,
        "var": 5.8800406456
    },
    "spectral_rms": {
        "dmean": 0.000803300295956,
        "dmean2": 0.00124830682762,
        "dvar": 1.03986292288e-06,
        "dvar2": 2.55540658145e-06,
        "max": 0.012386765331,
        "mean": 0.00451679946855,
        "median": 0.00445439340547,
        "min": 3.19675384254e-12,
        "var": 2.09647441807e-06
    },
    "spectral_rolloff": {
        "dmean": 511.009368896,
        "dmean2": 827.985839844,
        "dvar": 761533.125,
        "dvar2": 1511761.75,
        "max": 17807.9589844,
        "mean": 1995.76086426,
        "median": 1722.65625,
        "min": 129.19921875,
        "var": 1893300.875
    },
    "spectral_skewness": {
        "dmean": 0.19243337214,
        "dmean2": 0.308906316757,
        "dvar": 0.0329199619591,
        "dvar2": 0.0835686251521,
        "max": 3.31166028976,
        "mean": 1.38133168221,
        "median": 1.3737500906,
        "min": -0.646287083626,
        "var": 0.135171726346
    },
    "spectral_spread": {
        "dmean": 478065.6875,
        "dmean2": 680556.8125,
        "dvar": 423819771904,
        "dvar2": 606953406464,
        "max": 40679284,
        "mean": 4145798,
        "median": 3931998.5,
        "min": 1699575.75,
        "var": 1.93670466765e+12
    },
    "spectral_strongpeak": {
        "dmean": 0.785950601101,
        "dmean2": 1.31675899029,
        "dvar": 1.32104384899,
        "dvar2": 3.31750440598,
        "max": 13.2016468048,
        "mean": 1.42807686329,
        "median": 0.785837292671,
        "min": 0,
        "var": 2.70943260193
    },
    "zerocrossingrate": {
        "dmean": 0.0101808942854,
        "dmean2": 0.0118564609438,
        "dvar": 0.000188617181266,
        "dvar2": 0.000189560989384,
        "max": 0.60693359375,
        "mean": 0.0735455974936,
        "median": 0.06787109375,
        "min": 0.01025390625,
        "var": 0.00114842283074
    },
    "barkbands": {
        "dmean": [2.12454560824e-05, 0.00140442524571, 0.0025950812269, 0.00104343809653, 0.00179717468563, 0.000977620948106, 0.000908212270588, 0.000684140541125, 0.00113926024642, 0.000840825319756, 0.000695606227964, 0.000396400253521, 0.000411315646488, 0.000398486823542, 0.000341095757904, 0.000452699925518, 0.000451955856988, 0.000280783482594, 0.000265255890554, 0.000121439683426, 8.2274840679e-05, 0.000108684842417, 0.000111718160042, 9.14710835787e-05, 5.01212380186e-05, 7.89907304011e-08, 9.51055678655e-10],
        "dmean2": [3.68421060557e-05, 0.00235919514671, 0.00479171611369, 0.00187378062401, 0.00296129123308, 0.0015701915836, 0.0014587744372, 0.0010911229765, 0.00184795726091, 0.00131925940514, 0.00107917562127, 0.000629477319308, 0.000661727972329, 0.000643858802505, 0.000549155985937, 0.000696464499924, 0.000706925638951, 0.000439811614342, 0.000407956977142, 0.000188578327652, 0.000123288846225, 0.000159616218298, 0.000164962169947, 0.000134929156047, 7.49425962567e-05, 1.34249560801e-07, 1.7646395456e-09],
        "dvar": [1.97695682047e-09, 1.01283276308e-05, 5.6946384575e-05, 4.91452510687e-06, 9.02674037206e-06, 4.08964206144e-06, 4.71364091936e-06, 2.70833106697e-06, 6.2460458139e-06, 3.03839669868e-06, 2.38001871367e-06, 9.0480466497e-07, 7.11225652594e-07, 6.25492020845e-07, 5.86460032537e-07, 8.53050096339e-07, 6.6713863589e-07, 2.31207152979e-07, 2.84275472495e-07, 5.32444417445e-08, 4.70369592165e-08, 3.35820232067e-07, 2.52801186207e-07, 2.11434226571e-07, 8.41475653601e-08, 1.13529784261e-13, 1.82334305731e-18],
        "dvar2": [5.7963456257e-09, 2.71652843367e-05, 0.000161763513461, 1.40576685226e-05, 2.22478920477e-05, 1.03230213426e-05, 1.16491783047e-05, 6.491973636e-06, 1.53489691002e-05, 7.38435664971e-06, 5.65934897168e-06, 2.08386813938e-06, 1.63920628893e-06, 1.53852238327e-06, 1.44809985159e-06, 1.73520379576e-06, 1.51684650973e-06, 5.22366121913e-07, 6.19570926119e-07, 1.14273248641e-07, 9.27637415771e-08, 6.33184413346e-07, 5.30378088115e-07, 4.88751027206e-07, 1.93959152739e-07, 2.79734921208e-13, 5.80259176054e-18],
        "max": [0.000849071599077, 0.044883903116, 0.0787641406059, 0.0339289754629, 0.0762198492885, 0.0438322871923, 0.0544859208167, 0.0452317930758, 0.0491852462292, 0.0334822237492, 0.0311742927879, 0.0356969051063, 0.0229637511075, 0.0175836272538, 0.0165646504611, 0.0269542578608, 0.017621351406, 0.0144382305443, 0.0154503239319, 0.00653748679906, 0.00801875069737, 0.0272378865629, 0.0189018305391, 0.028677880764, 0.0154063403606, 1.3000594663e-05, 1.85441422218e-08],
        "mean": [2.39355558733e-05, 0.00166909769177, 0.00198876066133, 0.00113136100117, 0.0027618445456, 0.00169272266794, 0.001396732172, 0.00112740683835, 0.00182279653382, 0.00147948449012, 0.00121885014232, 0.000660942809191, 0.000735173467547, 0.000661861908156, 0.000579325947911, 0.000990806263871, 0.000945049920119, 0.00056780083105, 0.000564833113458, 0.000259189022472, 0.000157775371918, 0.000186982113519, 0.000202577430173, 0.000158995142556, 7.60388211347e-05, 7.6326827525e-08, 7.69911523424e-10],
        "median": [1.10163191493e-05, 0.000752356718294, 0.000527234165929, 0.000491013168357, 0.00154733506497, 0.000859209510963, 0.000641738297418, 0.000426640704973, 0.000764747150242, 0.000631471630186, 0.000383942271583, 0.000253200385487, 0.000290140334982, 0.000323264684994, 0.000245300965616, 0.000289404706564, 0.000371241243556, 0.000308091955958, 0.000260243832599, 0.000133749999804, 7.42443298805e-05, 7.31393301976e-05, 8.3227379946e-05, 6.2652710767e-05, 2.59121970885e-05, 1.08042277347e-08, 3.03535335755e-10],
        "min": [8.97602856651e-23, 2.9398949516e-23, 6.03790113666e-24, 1.72860550029e-23, 6.20245294609e-23, 3.7701316113e-23, 2.34987495723e-23, 1.49646187968e-23, 2.8508745228e-23, 7.34673860315e-23, 1.40279057942e-22, 4.8836769366e-23, 1.19698913859e-22, 1.09905653794e-22, 1.60232997928e-22, 1.79738031883e-22, 1.49448979053e-22, 1.1930885054e-22, 2.49189749875e-22, 3.28519773449e-22, 4.09295368855e-22, 3.97739276035e-22, 7.35319741759e-22, 1.22916746911e-21, 1.14870759477e-21, 1.81201647803e-21, 2.14525777964e-21],
        "var": [1.77260561784e-09, 9.5581772257e-06, 3.41927261616e-05, 4.18392255597e-06, 1.4281793483e-05, 6.90494744049e-06, 6.69217843097e-06, 6.94344316798e-06, 1.04066739368e-05, 6.43409657641e-06, 6.52229391562e-06, 2.29565898735e-06, 1.8471414478e-06, 1.09254324343e-06, 1.10787971153e-06, 3.74442402062e-06, 2.38030179389e-06, 5.22584855389e-07, 7.53545123189e-07, 1.60228111667e-07, 1.10499932759e-07, 6.43877342554e-07, 5.11388066116e-07, 2.63822300894e-07, 9.49543732531e-08, 1.23222124778e-13, 1.43519010584e-18]
    },
    "erbbands": {
        "dmean": [0.0182649940252, 0.419963538647, 2.58341288567, 3.320084095, 4.48153972626, 7.65463161469, 5.92345428467, 8.7015542984, 11.1735429764, 14.3123779297, 16.4532375336, 25.7224750519, 24.7938690186, 27.9069538116, 23.4682769775, 14.784734726, 18.0075397491, 20.3938350677, 15.8886079788, 18.4136867523, 24.7734546661, 22.1232814789, 15.2814121246, 14.9700832367, 10.0832252502, 5.69988298416, 3.79261732101, 3.18474793434, 3.61363649368, 4.04047489166, 3.15838837624, 2.1713078022, 1.41065788269, 0.805530309677, 0.240353673697, 0.0138045931235, 0.000388134154491, 3.09171227855e-05, 8.60222826304e-06, 1.09584389065e-05],
        "dmean2": [0.0298232454807, 0.714144945145, 4.75373268127, 6.05889797211, 7.59923696518, 12.5623188019, 9.5579662323, 14.0951156616, 17.9533939362, 22.9712619781, 26.0235671997, 41.5566596985, 39.357383728, 43.349105835, 36.591594696, 23.2765598297, 28.7229423523, 32.2578277588, 25.5222454071, 28.511264801, 37.681854248, 34.2118606567, 23.584148407, 23.1688995361, 15.4907798767, 8.79116153717, 5.87606430054, 4.70472049713, 5.24641990662, 6.01789712906, 4.66768789291, 3.19435477257, 2.14347910881, 1.21937716007, 0.361355185509, 0.0209358353168, 0.000577035883907, 4.49647559435e-05, 1.28871579363e-05, 1.73252119566e-05],
        "dvar": [0.00108202092815, 1.00690078735, 56.1887969971, 68.4867019653, 59.7393074036, 193.956481934, 163.230773926, 402.622314453, 765.206848145, 1233.95336914, 1665.71289062, 3502.8190918, 3682.12133789, 3346.43969727, 2497.18164062, 955.644775391, 1513.3861084, 1788.20336914, 1159.22119141, 1627.86804199, 2319.7956543, 1618.99511719, 668.845336914, 973.091491699, 360.529510498, 129.523468018, 80.2575454712, 118.269142151, 418.672515869, 419.726348877, 167.57824707, 53.9821662903, 109.21282959, 24.4800605774, 1.92046928406, 0.00798260141164, 5.6516287259e-06, 2.9674707136e-08, 7.48706430187e-10, 3.03594621665e-10],
        "dvar2": [0.00275414437056, 2.73332667351, 159.385040283, 195.562728882, 158.701019287, 474.115753174, 383.853607178, 1005.37390137, 1796.50158691, 3090.796875, 4074.15405273, 8634.74121094, 9116.54394531, 7658.17675781, 5852.53076172, 2182.51513672, 3565.13500977, 4296.21923828, 2865.60766602, 3483.05322266, 4992.50048828, 3640.90136719, 1475.78845215, 2139.55395508, 781.91796875, 283.786224365, 180.529754639, 229.807601929, 800.057006836, 837.736633301, 335.362213135, 108.029930115, 274.257873535, 57.0765609741, 4.65143442154, 0.0197184886783, 1.37139022627e-05, 7.00699800404e-08, 1.73389691493e-09, 7.66144980791e-10],
        "max": [0.50476616621, 13.6538133621, 76.963508606, 105.134216309, 132.992416382, 449.616516113, 540.534301758, 501.920227051, 847.787780762, 762.646606445, 1194.86779785, 1229.21398926, 1447.25305176, 1386.76403809, 1147.00378418, 806.916442871, 1247.75585938, 1045.95935059, 995.089050293, 1274.9083252, 978.313598633, 858.795043945, 550.314086914, 1015.60168457, 579.176696777, 313.342834473, 361.116973877, 432.089111328, 1036.30236816, 778.918029785, 526.029724121, 292.285491943, 715.723327637, 282.93548584, 72.3121185303, 4.62902116776, 0.120312012732, 0.00888042431325, 0.00151738442946, 0.000494764652103],
        "mean": [0.0262836925685, 0.470075964928, 2.07879495621, 3.25047230721, 5.99101495743, 11.0503435135, 10.2034568787, 14.4489173889, 17.3163394928, 23.3287220001, 28.955499649, 41.6333503723, 42.9624481201, 53.4780158997, 44.2705612183, 27.2028503418, 34.0853767395, 37.1407623291, 29.3118247986, 36.0758628845, 60.4968681335, 51.8471946716, 33.754989624, 31.8927669525, 22.106426239, 12.4383811951, 7.33019304276, 5.98127985001, 6.14373445511, 6.96082258224, 5.7127866745, 3.98662519455, 2.24776554108, 1.18578863144, 0.364468306303, 0.0199511274695, 0.000604630273301, 5.45964649064e-05, 2.19926296268e-05, 3.06692854792e-05],
        "median": [0.0131230670959, 0.197289302945, 0.651719450951, 1.45048797131, 3.24019598961, 5.65857076645, 5.73312807083, 6.77343320847, 7.84391832352, 11.1097574234, 12.3011102676, 18.1040534973, 19.3255348206, 21.5865535736, 17.6850967407, 11.9390163422, 14.3950767517, 17.9938011169, 14.83548069, 14.2693748474, 18.4126644135, 20.9964504242, 18.4407844543, 15.8883485794, 11.9129667282, 6.61918878555, 3.70196437836, 2.59582924843, 2.31911683083, 2.69745874405, 2.37350869179, 1.66084182262, 0.807189881802, 0.412840306759, 0.106594510376, 0.00548093346879, 0.00019507187244, 2.2654170607e-05, 1.71805004356e-05, 2.74355406873e-05],
        "min": [1.71374172632e-21, 4.1230534905e-21, 6.47785736426e-21, 3.27860435174e-20, 1.31983943337e-19, 2.33378230634e-19, 1.5257047838e-19, 4.09913669399e-19, 3.9455522602e-19, 3.0990037306e-19, 4.14532956133e-19, 6.46668813186e-19, 1.18702775366e-18, 3.9887430823e-18, 5.21076181664e-18, 2.03977713933e-18, 4.28743055687e-18, 6.00794968736e-18, 4.97032812312e-18, 1.49062892922e-17, 6.19810031222e-18, 8.67336012671e-18, 6.85592065743e-18, 1.01038341657e-17, 1.13934492725e-17, 1.66015711422e-17, 1.75842137335e-17, 1.6159434833e-17, 1.39370552987e-17, 1.53023350977e-17, 2.25632239443e-17, 2.67466419158e-17, 1.77247434477e-17, 1.27532498271e-17, 8.88392639626e-18, 6.38731043271e-18, 3.43624144062e-18, 1.40382651893e-18, 3.03739144116e-19, 2.72714694805e-20],
        "var": [0.00150200398639, 0.871322989464, 34.331199646, 45.6826400757, 73.7227783203, 300.460296631, 262.406890869, 649.109191895, 1192.75280762, 1707.0111084, 4080.20947266, 5692.43310547, 6008.82421875, 9205.89355469, 6978.58251953, 2335.66455078, 3831.16601562, 3758.40014648, 2168.96362305, 4327.86914062, 12451.7822266, 6715.11132812, 1730.96643066, 2319.63183594, 903.449157715, 368.891693115, 164.413269043, 252.165679932, 745.25012207, 851.76965332, 346.242095947, 107.186004639, 100.37953949, 26.149980545, 2.07096338272, 0.00802993774414, 5.95045185037e-06, 3.346054811e-08, 9.61790092013e-10, 4.40039116256e-10]
    },
    "gfcc": {
        "mean": [1.93059015274, 105.35030365, -157.590087891, 43.6735610962, -77.7759399414, 20.0276584625, -46.2330169678, 9.05609416962, -17.3932590485, -17.2213191986, -3.01576685905, -14.3860502243, 1.36784636974],
        "cov": [[2259.12109375, -321.629699707, 226.115753174, 363.042541504, 28.047082901, 154.05418396, -191.574569702, 123.633018494, -108.52104187, 92.9415969849, -15.1383905411, 68.6120071411, -22.7689094543], [-321.629699707, 850.590759277, 72.4128112793, 42.367389679, 246.846069336, -86.5301208496, 155.21963501, -77.4349441528, 59.9640731812, -122.178230286, 85.3523788452, -50.045627594, 19.1376857758], [226.115753174, 72.4128112793, 775.609741211, 351.139129639, 13.5327892303, 189.830184937, -106.785247803, 23.7970600128, -71.2009811401, 64.34324646, -17.5459251404, 58.42918396, -6.23698234558], [363.042541504, 42.367389679, 351.139129639, 508.579589844, 170.015533447, 27.6779155731, -59.9949951172, -0.738172531128, -0.707982778549, -4.68171930313, -0.504644393921, 53.0218391418, 13.1831264496], [28.047082901, 246.846069336, 13.5327892303, 170.015533447, 288.561431885, -21.6120872498, -3.6792550087, 9.3811788559, 31.0823822021, -45.6099281311, 25.7908287048, 3.02967858315, 23.013168335], [154.05418396, -86.5301208496, 189.830184937, 27.6779155731, -21.6120872498, 256.991088867, 60.8532371521, 6.57996273041, -60.13022995, 52.8739013672, -12.7976846695, 16.7574958801, -9.06948280334], [-191.574569702, 155.21963501, -106.785247803, -59.9949951172, -3.6792550087, 60.8532371521, 271.394470215, -15.961689949, -6.05290651321, -44.4111976624, 23.6150283813, -26.7351989746, -13.7063798904], [123.633018494, -77.4349441528, 23.7970600128, -0.738172531128, 9.3811788559, 6.57996273041, -15.961689949, 120.984336853, 18.2721652985, 15.754693985, -7.67411375046, 7.98247241974, -0.542906284332], [-108.52104187, 59.9640731812, -71.2009811401, -0.707982778549, 31.0823822021, -60.13022995, -6.05290651321, 18.2721652985, 119.001831055, 3.7298874855, 0.151537179947, -11.7655210495, 6.60305500031], [92.9415969849, -122.178230286, 64.34324646, -4.68171930313, -45.6099281311, 52.8739013672, -44.4111976624, 15.754693985, 3.7298874855, 113.096763611, -0.0697363093495, 5.14341449738, -0.0122809102759], [-15.1383905411, 85.3523788452, -17.5459251404, -0.504644393921, 25.7908287048, -12.7976846695, 23.6150283813, -7.67411375046, 0.151537179947, -0.0697363093495, 77.3841323853, 19.6144752502, 2.15521931648], [68.6120071411, -50.045627594, 58.42918396, 53.0218391418, 3.02967858315, 16.7574958801, -26.7351989746, 7.98247241974, -11.7655210495, 5.14341449738, 19.6144752502, 74.1446609497, 21.7916412354], [-22.7689094543, 19.1376857758, -6.23698234558, 13.1831264496, 23.013168335, -9.06948280334, -13.7063798904, -0.542906284332, 6.60305500031, -0.0122809102759, 2.15521931648, 21.7916412354, 58.9837036133]],
        "icov": [[0.000782426446676, -0.000622309104074, 0.0010444780346, -0.00133617245592, 0.000918062636629, -0.00105846847873, 0.00112840300426, -0.00134537299164, 0.0010873589199, -0.000492419640068, 0.000158607697813, -0.000274431717116, 0.000615679193288], [-0.000622309104074, 0.00564866699278, -0.00467655388638, 0.00404039304703, -0.00547384889796, 0.0037835794501, -0.00426545040682, 0.0044477917254, -0.00334451557137, 0.00311480253004, -0.00402426347136, 0.00359110627323, -0.00250795390457], [0.0010444780346, -0.00467655388638, 0.0072156121023, -0.00615067360923, 0.00575424544513, -0.00568411778659, 0.00527876149863, -0.00487317144871, 0.00391410430893, -0.00255119078793, 0.00257502729073, -0.00256125815213, 0.00253439997323], [-0.00133617245592, 0.00404039304703, -0.00615067360923, 0.00846640672535, -0.007000900805, 0.00479983910918, -0.00445149559528, 0.00516364118084, -0.00366075336933, 0.00191037834156, -0.000944144325331, -0.000273100595223, -0.00134115177207], [0.000918062636629, -0.00547384889796, 0.00575424544513, -0.007000900805, 0.0114005906507, -0.00537778949365, 0.00542091345415, -0.0057392497547, 0.00239871931262, -0.000243403716013, 0.000702648540027, -0.000584842462558, 0.000157317510457], [-0.00105846847873, 0.0037835794501, -0.00568411778659, 0.00479983910918, -0.00537778949365, 0.0109720434994, -0.00687104044482, 0.00391826732084, -0.000158176524565, -0.00213254312985, 0.000560929300264, -0.000319591548759, -0.000970490102191], [0.00112840300426, -0.00426545040682, 0.00527876149863, -0.00445149559528, 0.00542091345415, -0.00687104044482, 0.00975500512868, -0.00423491559923, 0.00244163372554, 0.00100653676782, -0.000360116100637, 0.000202381925192, 0.00209422269836], [-0.00134537299164, 0.0044477917254, -0.00487317144871, 0.00516364118084, -0.0057392497547, 0.00391826732084, -0.00423491559923, 0.0136389639229, -0.0051070228219, 0.00133236125112, -0.00111591268796, 0.00049940374447, -0.00122042372823], [0.0010873589199, -0.00334451557137, 0.00391410430893, -0.00366075336933, 0.00239871931262, -0.000158176524565, 0.00244163372554, -0.0051070228219, 0.0135917318985, -0.00457681016997, 0.00286885607056, -0.000946650165133, 0.00101953814737], [-0.000492419640068, 0.00311480253004, -0.00255119078793, 0.00191037834156, -0.000243403716013, -0.00213254312985, 0.00100653676782, 0.00133236125112, -0.00457681016997, 0.0151963140815, -0.00556647498161, 0.00442941300571, -0.00280176312663], [0.000158607697813, -0.00402426347136, 0.00257502729073, -0.000944144325331, 0.000702648540027, 0.000560929300264, -0.000360116100637, -0.00111591268796, 0.00286885607056, -0.00556647498161, 0.0202725306153, -0.0101550798863, 0.00425713462755], [-0.000274431717116, 0.00359110627323, -0.00256125815213, -0.000273100595223, -0.000584842462558, -0.000319591548759, 0.000202381925192, 0.00049940374447, -0.000946650165133, 0.00442941300571, -0.0101550798863, 0.0235019084066, -0.00945508852601], [0.000615679193288, -0.00250795390457, 0.00253439997323, -0.00134115177207, 0.000157317510457, -0.000970490102191, 0.00209422269836, -0.00122042372823, 0.00101953814737, -0.00280176312663, 0.00425713462755, -0.00945508852601, 0.0220607053488]]
    },
    "melbands": {
        "dmean": [0.00027171432157, 0.00107246253174, 0.000587931252085, 0.000443665892817, 0.000220495552639, 0.000192728810362, 0.000176102781552, 0.000151448504766, 0.000142917153426, 0.000166048033861, 0.00012520418386, 0.000116358642117, 9.48395027081e-05, 4.84686934215e-05, 3.63051294698e-05, 4.22179764428e-05, 3.95023998863e-05, 2.70269501925e-05, 2.49443255598e-05, 2.81256488961e-05, 3.27226443915e-05, 2.61267214228e-05, 1.96718992811e-05, 1.27877156046e-05, 1.33442481456e-05, 9.46100590227e-06, 5.49301694264e-06, 3.81287077289e-06, 2.73932027994e-06, 2.01499301511e-06, 1.92958191292e-06, 2.04450975616e-06, 2.5048061616e-06, 2.26172437578e-06, 1.94042763724e-06, 1.75026968918e-06, 1.21849802781e-06, 1.01098976302e-06, 9.51882896061e-07, 6.24342362698e-07],
        "dmean2": [0.000446680816822, 0.00194131489843, 0.00105504551902, 0.000735017412808, 0.000354437390342, 0.000310592469759, 0.000283153611235, 0.000241736444877, 0.000227800919674, 0.000268878939096, 0.000198755398742, 0.000180669914698, 0.000147181592183, 7.6798191003e-05, 5.79647130508e-05, 6.73822214594e-05, 6.28855923424e-05, 4.38338611275e-05, 3.96203104174e-05, 4.28725179518e-05, 5.00996575283e-05, 4.09584972658e-05, 3.08035523631e-05, 2.01016046049e-05, 2.08686833503e-05, 1.4631465092e-05, 8.69941868586e-06, 5.9589870034e-06, 4.36841355622e-06, 3.07301820612e-06, 2.93051834888e-06, 3.04734203382e-06, 3.71697410628e-06, 3.48728849531e-06, 2.92706340588e-06, 2.65300468527e-06, 1.80785730208e-06, 1.53629764554e-06, 1.4739900962e-06, 9.56661324381e-07],
        "dvar": [3.11964129196e-07, 9.10419930733e-06, 1.81568066182e-06, 5.74137288822e-07, 1.74580492285e-07, 1.86972542338e-07, 1.79511332021e-07, 1.245501835e-07, 1.17647168452e-07, 1.4665002368e-07, 9.25485750258e-08, 5.83877159954e-08, 4.36669544968e-08, 1.58989799104e-08, 4.5211892008e-09, 8.12377187742e-09, 6.51030607202e-09, 3.24688431697e-09, 3.57589691191e-09, 3.6921263824e-09, 4.34906644031e-09, 2.42432718345e-09, 1.29185639963e-09, 5.27240251458e-10, 8.21834045261e-10, 3.74225955779e-10, 9.8373462154e-11, 6.5900077062e-11, 4.7484152027e-11, 2.25328887493e-11, 5.25983354094e-11, 1.52597184888e-10, 1.56043594712e-10, 1.41651870789e-10, 6.85170531423e-11, 3.5537763704e-11, 1.8207600358e-11, 4.05285145721e-11, 6.06950184556e-11, 1.33847941411e-11],
        "dvar2": [8.0312230466e-07, 2.56514249486e-05, 5.13412123837e-06, 1.4500889165e-06, 4.04197123771e-07, 4.69425486926e-07, 4.30576307053e-07, 3.0836375231e-07, 2.90014639859e-07, 3.58483617902e-07, 2.27844935807e-07, 1.34352660552e-07, 1.04603365969e-07, 3.72639341606e-08, 1.01823021126e-08, 1.87096951265e-08, 1.57702864101e-08, 7.9922886087e-09, 8.71277361369e-09, 7.58467244566e-09, 9.23708931566e-09, 5.64797142388e-09, 2.9243012456e-09, 1.21750820536e-09, 1.8437050775e-09, 8.34141200556e-10, 2.19324891582e-10, 1.46020584513e-10, 1.17127349486e-10, 4.46960767009e-11, 1.06666807331e-10, 3.12429165872e-10, 2.95282354124e-10, 3.14556297676e-10, 1.3815015798e-10, 7.56067430885e-11, 3.7865058311e-11, 1.01503798422e-10, 1.4795209502e-10, 3.25363659626e-11],
        "max": [0.00737623730674, 0.0312769412994, 0.0172996930778, 0.0201912522316, 0.0176446437836, 0.0102568054572, 0.0128058930859, 0.0074291434139, 0.00843889545649, 0.00738999806345, 0.0069843409583, 0.00529616838321, 0.00501842424273, 0.00489318696782, 0.00128997268621, 0.00244769686833, 0.00179641577415, 0.001485352288, 0.00147984724026, 0.00162588129751, 0.00152077968232, 0.00113676209003, 0.000687738414854, 0.000756659545004, 0.000878871243913, 0.00054576509865, 0.00026420186623, 0.000232638194575, 0.000315819022944, 0.000118791416753, 0.000326869863784, 0.000608842354268, 0.000549601041712, 0.000423126708483, 0.000301902618958, 0.000292729469948, 0.000139246243634, 0.000435633206507, 0.000506032723933, 0.000181430237717],
        "mean": [0.000358738499926, 0.000953044276685, 0.000631468952633, 0.000649872526992, 0.000382391066523, 0.000324583728798, 0.000274652033113, 0.000248022959568, 0.000244530820055, 0.000263217400061, 0.000209741832805, 0.000213654260733, 0.000170148603502, 8.22789734229e-05, 6.46660919301e-05, 7.5897660281e-05, 6.72316673445e-05, 4.54381406598e-05, 4.29861029261e-05, 5.44983704458e-05, 7.50854160287e-05, 5.65011941944e-05, 3.86143401556e-05, 2.54687329289e-05, 2.62356552412e-05, 1.94625372387e-05, 1.11256531454e-05, 7.55567907618e-06, 4.81309052702e-06, 3.60438548341e-06, 3.36469179274e-06, 3.26052395394e-06, 4.01325542043e-06, 3.7363561205e-06, 3.31566980094e-06, 3.04957984554e-06, 2.14373835661e-06, 1.58163004471e-06, 1.34759181947e-06, 8.81113408013e-07],
        "median": [0.000170991304913, 0.000358308345312, 0.000304003915517, 0.000346448796336, 0.00023526645964, 0.000156305031851, 0.000127684892504, 0.000115798044135, 0.000103744590888, 0.000108802661998, 9.01800231077e-05, 7.96257154434e-05, 5.96538338868e-05, 3.04726672766e-05, 2.76183836831e-05, 3.16442601616e-05, 3.10393625114e-05, 2.1434529117e-05, 1.71949595824e-05, 1.81662289833e-05, 2.14600440813e-05, 2.06521308428e-05, 1.82028106792e-05, 1.37552751767e-05, 1.18596472021e-05, 8.73698354553e-06, 6.31265311313e-06, 3.47727086591e-06, 2.24810469263e-06, 1.6511216927e-06, 1.32849595502e-06, 1.16258627259e-06, 1.50422340539e-06, 1.41976443047e-06, 1.33439243655e-06, 1.2635607618e-06, 8.69892062383e-07, 5.65204572922e-07, 4.38510937784e-07, 2.94710844173e-07],
        "min": [1.68057649294e-23, 4.28982718031e-24, 8.83129862281e-24, 1.30985446597e-23, 7.12628306126e-24, 8.31006351285e-24, 6.40071917178e-24, 3.55898660024e-24, 3.69448963236e-24, 4.06065677646e-24, 6.34511512758e-24, 1.54867958067e-23, 1.82802564017e-23, 8.77277776542e-24, 3.81320925429e-24, 1.44751337606e-23, 1.03003161894e-23, 6.38602624299e-24, 1.78585976261e-23, 1.72373412643e-23, 5.48654100645e-24, 9.99961424522e-24, 5.26110704227e-24, 6.70363505407e-24, 8.33728394725e-24, 9.49780720163e-24, 7.38709783146e-24, 1.27175406197e-23, 9.54460874142e-24, 1.11539780737e-23, 9.467871508e-24, 8.00514747374e-24, 7.08952529852e-24, 9.53686449391e-24, 1.42668113727e-23, 1.33205222298e-23, 1.69225400092e-23, 1.38860566128e-23, 8.67548439453e-24, 1.17592402807e-23],
        "var": [3.57130915063e-07, 5.90350055063e-06, 1.32772390771e-06, 8.92156720056e-07, 2.84901773284e-07, 2.99502403323e-07, 2.72136958301e-07, 1.93873731291e-07, 2.50299535764e-07, 2.40180924038e-07, 1.51345503241e-07, 1.57627169983e-07, 1.19256057474e-07, 3.86591665347e-08, 1.19817418209e-08, 2.02638386071e-08, 1.30233237527e-08, 5.75340486364e-09, 7.0317769385e-09, 1.07066284727e-08, 2.14132729326e-08, 9.66125135449e-09, 3.04282243846e-09, 1.14744747037e-09, 1.85433235433e-09, 9.45582834255e-10, 2.38182668033e-10, 1.80311501841e-10, 8.17421408339e-11, 5.2834559644e-11, 1.02019469261e-10, 2.38989661394e-10, 3.02555869247e-10, 2.61092814036e-10, 1.35816136115e-10, 6.58614968119e-11, 3.34945265967e-11, 3.90247521798e-11, 5.63691177069e-11, 1.36491313044e-11]
    },
    "mfcc": {
        "mean": [-615.59375, 110.236366272, -13.3534011841, 11.9747810364, 1.18703019619, -4.59596395493, -6.18492698669, 9.12565612793, -6.4382019043, 1.4745798111, -4.89674329758, -3.20547652245, -4.05102348328],
        "cov": [[1867.20507812, -456.896881104, 111.726074219, 149.925811768, 197.946884155, 19.4671592712, 47.3838920593, -4.41876745224, -6.84855175018, -15.870803833, -3.22599506378, 38.9937744141, 61.1444473267], [-456.896881104, 783.942260742, -126.447875977, 48.5390586853, 23.2325077057, 3.50528335571, 61.5772476196, 59.2635955811, -17.5888767242, 13.339017868, 12.8889799118, -8.87836265564, -10.4744281769], [111.726074219, -126.447875977, 783.749694824, 130.731491089, 148.193710327, 149.163040161, 66.6025314331, -17.026966095, 9.62183666229, -43.4532966614, 3.49295830727, 20.7733421326, 22.7598247528], [149.925811768, 48.5390586853, 130.731491089, 457.206115723, 225.838546753, 38.4036712646, -12.0064554214, 52.3908157349, -1.53795695305, -27.695268631, -24.4159469604, -9.65623855591, 53.9000091553], [197.946884155, 23.2325077057, 148.193710327, 225.838546753, 387.216430664, 13.3948812485, -35.9158058167, -3.33728647232, 15.0357666016, -27.5371341705, -26.2524394989, 5.75216674805, 61.2203140259], [19.4671592712, 3.50528335571, 149.163040161, 38.4036712646, 13.3948812485, 222.216247559, 94.8905029297, 18.798707962, 14.8325634003, -9.55250644684, 15.2627840042, 9.45490074158, -20.5575332642], [47.3838920593, 61.5772476196, 66.6025314331, -12.0064554214, -35.9158058167, 94.8905029297, 201.51625061, 56.7551727295, -2.26237177849, -4.25456666946, 13.6988391876, 14.2788591385, -15.9539718628], [-4.41876745224, 59.2635955811, -17.026966095, 52.3908157349, -3.33728647232, 18.798707962, 56.7551727295, 132.515869141, 14.9887132645, -4.16363477707, 10.6067056656, -8.5930814743, 2.78277254105], [-6.84855175018, -17.5888767242, 9.62183666229, -1.53795695305, 15.0357666016, 14.8325634003, -2.26237177849, 14.9887132645, 92.4199676514, 29.5869483948, 5.19504547119, -1.71850144863, -0.454946666956], [-15.870803833, 13.339017868, -43.4532966614, -27.695268631, -27.5371341705, -9.55250644684, -4.25456666946, -4.16363477707, 29.5869483948, 85.2551956177, 20.7691268921, 0.532836437225, -8.17624092102], [-3.22599506378, 12.8889799118, 3.49295830727, -24.4159469604, -26.2524394989, 15.2627840042, 13.6988391876, 10.6067056656, 5.19504547119, 20.7691268921, 76.2456741333, 13.495847702, -8.92244720459], [38.9937744141, -8.87836265564, 20.7733421326, -9.65623855591, 5.75216674805, 9.45490074158, 14.2788591385, -8.5930814743, -1.71850144863, 0.532836437225, 13.495847702, 67.370010376, 19.8434181213], [61.1444473267, -10.4744281769, 22.7598247528, 53.9000091553, 61.2203140259, -20.5575332642, -15.9539718628, 2.78277254105, -0.454946666956, -8.17624092102, -8.92244720459, 19.8434181213, 76.2907562256]],
