{
"lowlevel": {
    "average_loudness": 0.958901286125,
    "barkbands_crest": {
        "dmean": 2.43926882744,
        "dmean2": 3.92486548424,
        "dvar": 4.96499538422,
        "dvar2": 12.0353221893,
        "max": 25.368598938,
        "mean": 9.84436130524,
        "median": 8.95576381683,
        "min": 2.99888443947,
        "var": 17.066696167
    },
    "barkbands_flatness_db": {
        "dmean": 0.0172279942781,
        "dmean2": 0.0269401650876,
        "dvar": 0.000234370061662,
        "dvar2": 0.000538374297321,
        "max": 0.321491748095,
        "mean": 0.173606663942,
        "median": 0.169172391295,
        "min": 0.0421853661537,
        "var": 0.00136477570049
    },
    "barkbands_kurtosis": {
        "dmean": 1.57657814026,
        "dmean2": 2.46570181847,
        "dvar": 8.32811641693,
        "dvar2": 18.0853118896,
        "max": 74.1967773438,
        "mean": 2.26309990883,
        "median": 0.495273113251,
        "min": -1.89384460449,
        "var": 27.0545787811
    },
    "barkbands_skewness": {
        "dmean": 0.399159342051,
        "dmean2": 0.600937604904,
        "dvar": 0.180443674326,
        "dvar2": 0.356734454632,
        "max": 7.27929830551,
        "mean": 0.84015750885,
        "median": 0.632340192795,
        "min": -6.66889381409,
        "var": 1.3411231041
    },
    "barkbands_spread": {
        "dmean": 4.58353281021,
        "dmean2": 6.98865795135,
        "dvar": 32.7275009155,
        "dvar2": 66.639503479,
        "max": 97.6745452881,
        "mean": 20.8881053925,
        "median": 18.8112354279,
        "min": 1.49458086491,
        "var": 143.964248657
    },
    "dissonance": {
        "dmean": 0.0174125917256,
        "dmean2": 0.0295049827546,
        "dvar": 0.000298017403111,
        "dvar2": 0.00078215211397,
        "max": 0.500000059605,
        "mean": 0.467721670866,
        "median": 0.473854452372,
        "min": 0.0707200318575,
        "var": 0.000685407605488
    },
    "dynamic_complexity": 2.49114751816,
    "erbbands_crest": {
        "dmean": 2.94231820107,
        "dmean2": 4.72315168381,
        "dvar": 7.0653295517,
        "dvar2": 17.5997200012,
        "max": 31.5938606262,
        "mean": 10.908955574,
        "median": 9.72806072235,
        "min": 2.73636984825,
        "var": 25.5942440033
    },
    "erbbands_flatness_db": {
        "dmean": 0.0152282128111,
        "dmean2": 0.0223036278039,
        "dvar": 0.000200000897166,
        "dvar2": 0.000399373180699,
        "max": 0.36628806591,
        "mean": 0.217702165246,
        "median": 0.217454388738,
        "min": 0.0935033410788,
        "var": 0.00217300979421
    },
    "erbbands_kurtosis": {
        "dmean": 0.932771503925,
        "dmean2": 1.47894132137,
        "dvar": 2.07257390022,
        "dvar2": 4.8284945488,
        "max": 52.450012207,
        "mean": 0.560752749443,
        "median": -0.171161174774,
        "min": -1.77215158939,
        "var": 7.05566215515
    },
    "erbbands_skewness": {
        "dmean": 0.369450926781,
        "dmean2": 0.563298881054,
        "dvar": 0.117045678198,
        "dvar2": 0.252633333206,
        "max": 5.31346893311,
        "mean": 0.312106251717,
        "median": 0.352408230305,
        "min": -5.053627491,
        "var": 0.775458812714
    },
    "erbbands_spread": {
        "dmean": 5.67611026764,
        "dmean2": 8.58810997009,
        "dvar": 41.702583313,
        "dvar2": 89.1597595215,
        "max": 131.153518677,
        "mean": 30.2498722076,
        "median": 26.4567508698,
        "min": 3.13161230087,
        "var": 246.569595337
    },
    "hfc": {
        "dmean": 5.57144641876,
        "dmean2": 7.85939502716,
        "dvar": 81.3048324585,
        "dvar2": 136.936584473,
        "max": 406.54574585,
        "mean": 21.3780231476,
        "median": 17.4967422485,
        "min": 1.18905492519e-16,
        "var": 420.344360352
    },
    "melbands_crest": {
        "dmean": 3.03722500801,
        "dmean2": 4.91780805588,
        "dvar": 8.10674571991,
        "dvar2": 20.2323532104,
        "max": 31.1802215576,
        "mean": 12.6928482056,
        "median": 11.690114975,
        "min": 1.99513089657,
        "var": 27.7174110413
    },
    "melbands_flatness_db": {
        "dmean": 0.0187008045614,
        "dmean2": 0.0278383754194,
        "dvar": 0.000346982094925,
        "dvar2": 0.000667639833409,
        "max": 0.394169688225,
        "mean": 0.186057209969,
        "median": 0.178160920739,
        "min": 0.00624339934438,
        "var": 0.00267968466505
    },
    "melbands_kurtosis": {
        "dmean": 3.32643890381,
        "dmean2": 5.18652248383,
        "dvar": 49.7008552551,
        "dvar2": 106.772315979,
        "max": 184.943984985,
        "mean": 6.70410728455,
        "median": 2.35673332214,
        "min": -1.88279247284,
        "var": 148.716049194
    },
    "melbands_skewness": {
        "dmean": 0.474011898041,
        "dmean2": 0.719311118126,
        "dvar": 0.2938118577,
        "dvar2": 0.612695455551,
        "max": 10.4564037323,
        "mean": 1.59186244011,
        "median": 1.22654676437,
        "min": -2.45821166039,
        "var": 2.06176328659
    },
    "melbands_spread": {
        "dmean": 7.59354543686,
        "dmean2": 11.4157972336,
        "dvar": 123.834281921,
        "dvar2": 228.679580688,
        "max": 250.805526733,
        "mean": 31.4220466614,
        "median": 26.6612453461,
        "min": 1.38089692593,
        "var": 564.301635742
    },
    "pitch_salience": {
        "dmean": 0.0623321011662,
        "dmean2": 0.100013248622,
        "dvar": 0.00307611189783,
        "dvar2": 0.00750592630357,
        "max": 0.964076638222,
        "mean": 0.571749866009,
        "median": 0.578302323818,
        "min": 0.110476180911,
        "var": 0.0126292817295
    },
    "silence_rate_20dB": {
        "dmean": 0,
        "dmean2": 0,
        "dvar": 0,
        "dvar2": 0,
        "max": 1,
        "mean": 1,
        "median": 1,
        "min": 1,
        "var": 0
    },
    "silence_rate_30dB": {
        "dmean": 0.00100730289705,
        "dmean2": 0.0020148595795,
        "dvar": 0.00100625876803,
        "dvar2": 0.00276619731449,
        "max": 1,
        "mean": 0.999370515347,
        "median": 1,
        "min": 0,
        "var": 0.000629136746284
    },
    "silence_rate_60dB": {
        "dmean": 0.0153613695875,
        "dmean2": 0.0307266078889,
        "dvar": 0.0151258334517,
        "dvar2": 0.034317124635,
        "max": 1,
        "mean": 0.0527508482337,
        "median": 0,
        "min": 0,
        "var": 0.0499648489058
    },
    "spectral_centroid": {
        "dmean": 241.626724243,
        "dmean2": 355.550567627,
        "dvar": 87985.9453125,
        "dvar2": 148335.265625,
        "max": 10941.7119141,
        "mean": 1707.88244629,
        "median": 1622.32214355,
        "min": 291.2706604,
        "var": 638323.1875
    },
    "spectral_complexity": {
        "dmean": 2.99395608902,
        "dmean2": 4.60974693298,
        "dvar": 9.98084259033,
        "dvar2": 19.9473686218,
        "max": 56,
        "mean": 18.0604305267,
        "median": 18,
        "min": 0,
        "var": 69.0536499023
    },
    "spectral_decrease": {
        "dmean": 1.22078847031e-09,
        "dmean2": 1.85974358136e-09,
        "dvar": 3.15937912652e-18,
        "dvar2": 6.51819273949e-18,
        "max": 1.13095744185e-22,
        "mean": -4.49231007948e-09,
        "median": -4.23759249912e-09,
        "min": -3.26165050524e-08,
        "var": 8.60043505673e-18
    },
    "spectral_energy": {
        "dmean": 0.00501990132034,
        "dmean2": 0.00759759685025,
        "dvar": 5.0051654398e-05,
        "dvar2": 0.00010224631842,
        "max": 0.125039219856,
        "mean": 0.0188940931112,
        "median": 0.0179590210319,
        "min": 1.0740083185e-20,
        "var": 0.000143782701343
    },
    "spectral_energyband_high": {
        "dmean": 0.000368515728042,
        "dmean2": 0.000517329899594,
        "dvar": 9.10739515803e-07,
        "dvar2": 1.46049785599e-06,
        "max": 0.05544205755,
        "mean": 0.000858388200868,
        "median": 0.000269852112979,
        "min": 7.4709927028e-21,
        "var": 4.46715921498e-06
    },
    "spectral_energyband_low": {
        "dmean": 0.0014387780102,
        "dmean2": 0.00229459116235,
        "dvar": 2.22891139856e-05,
        "dvar2": 4.96074680996e-05,
        "max": 0.109701111913,
        "mean": 0.00318565126508,
        "median": 0.00160619709641,
        "min": 5.06835242995e-23,
        "var": 3.98059710278e-05
    },
    "spectral_energyband_middle_high": {
        "dmean": 0.00226861634292,
        "dmean2": 0.00337657076307,
        "dvar": 1.26552786242e-05,
        "dvar2": 2.58471609413e-05,
        "max": 0.0956999063492,
        "mean": 0.0078581655398,
        "median": 0.00530895916745,
        "min": 1.58674143146e-21,
        "var": 6.19331622147e-05
    },
    "spectral_energyband_middle_low": {
        "dmean": 0.00289900880307,
        "dmean2": 0.00455813668668,
        "dvar": 2.23711267608e-05,
        "dvar2": 5.1104267186e-05,
        "max": 0.082306176424,
        "mean": 0.00757598271593,
        "median": 0.00513784820214,
        "min": 4.84535937497e-22,
        "var": 5.95547171542e-05
    },
    "spectral_entropy": {
        "dmean": 0.119932763278,
        "dmean2": 0.174671322107,
        "dvar": 0.014487282373,
        "dvar2": 0.0269681885839,
        "max": 9.79600143433,
        "mean": 7.42644166946,
        "median": 7.43279027939,
        "min": 5.91030454636,
        "var": 0.11446800828
    },
    "spectral_flux": {
        "dmean": 0.0200222264975,
        "dmean2": 0.0321461707354,
        "dvar": 0.000508943398017,
        "dvar2": 0.00111496006139,
        "max": 0.300747901201,
        "mean": 0.0737770497799,
        "median": 0.0680967643857,
        "min": 1.03634371917e-10,
        "var": 0.00149621802848
    },
    "spectral_kurtosis": {
        "dmean": 2.03590416908,
        "dmean2": 3.5797958374,
        "dvar": 3.8766977787,
        "dvar2": 12.0312623978,
        "max": 21.8067131042,
        "mean": 4.44786214828,
        "median": 3.99464321136,
        "min": -1.23793792725,
        "var": 7.22593355179
    },
    "spectral_rms": {
        "dmean": 0.00054764986271,
        "dmean2": 0.000818505650386,
        "dvar": 4.00945452839e-07,
        "dvar2": 7.61868534482e-07,
        "max": 0.0110448850319,
        "mean": 0.00407338514924,
        "median": 0.00418580882251,
        "min": 3.23699400617e-12,
        "var": 1.84081864063e-06
    },
    "spectral_rolloff": {
        "dmean": 428.664306641,
        "dmean2": 701.871459961,
        "dvar": 623824.75,
        "dvar2": 1175300.75,
        "max": 19315.2832031,
        "mean": 1938.26477051,
        "median": 1636.5234375,
        "min": 86.1328125,
        "var": 2112865.5
    },
    "spectral_skewness": {
        "dmean": 0.253902256489,
        "dmean2": 0.423230975866,
        "dvar": 0.0535081811249,
        "dvar2": 0.148636355996,
        "max": 3.31801772118,
        "mean": 1.25001072884,
        "median": 1.26209795475,
        "min": -0.619431197643,
        "var": 0.228401377797
    },
    "spectral_spread": {
        "dmean": 316950.59375,
        "dmean2": 444054.46875,
        "dvar": 340033503232,
        "dvar2": 321664745472,
        "max": 41856680,
        "mean": 3406545.5,
        "median": 3089453.25,
        "min": 1420737.625,
        "var": 1.75402595123e+12
    },
    "spectral_strongpeak": {
        "dmean": 0.782779932022,
        "dmean2": 1.28938210011,
        "dvar": 1.34298181534,
        "dvar2": 3.30755400658,
        "max": 17.4114665985,
        "mean": 1.66151809692,
        "median": 1.06056511402,
        "min": 0,
        "var": 3.22486329079
    },
    "zerocrossingrate": {
        "dmean": 0.00840302370489,
        "dmean2": 0.00951444357634,
        "dvar": 0.000169757244294,
        "dvar2": 0.000162009702763,
        "max": 0.56494140625,
        "mean": 0.0650237798691,
        "median": 0.06103515625,
        "min": 0.00537109375,
        "var": 0.00124963512644
    },
    "barkbands": {
        "dmean": [2.18711538764e-05, 0.000839232816361, 0.000784483563621, 0.00045249419054, 0.000879910192452, 0.000989756081253, 0.000423211371526, 0.000351564114681, 0.00096318568103, 0.000955947965849, 0.000623246771283, 0.0003529964888, 0.000330879818648, 0.000361945159966, 0.000359875120921, 0.000339181191521, 0.000251943070907, 0.00028830501833, 0.000253603328019, 0.000309481460135, 0.000104203754745, 4.03626145271e-05, 3.9932630898e-05, 4.24355566793e-05, 1.62127544172e-05, 2.27570495781e-08, 7.86758214133e-10],
        "dmean2": [3.63579129044e-05, 0.00131930457428, 0.00133856327739, 0.000809460529126, 0.00142349780072, 0.00153432798106, 0.000673708098475, 0.000546432565898, 0.00152839871589, 0.0015046603512, 0.000991218257695, 0.000549818621948, 0.000509563076776, 0.000563228211831, 0.000570091244299, 0.000525880488567, 0.00038592715282, 0.000443931494374, 0.000394438888179, 0.000459415576188, 0.00016021047486, 5.94749508309e-05, 5.43284222658e-05, 5.52191231691e-05, 2.14141946344e-05, 3.87226783971e-08, 1.46657430644e-09],
        "dvar": [2.81426171256e-09, 8.64965477376e-06, 1.12824263852e-05, 2.85801138489e-06, 4.38213783127e-06, 4.81926417706e-06, 1.94245558305e-06, 1.2874982076e-06, 5.96121253693e-06, 5.64883293919e-06, 2.20404035645e-06, 9.92868763205e-07, 8.80221421085e-07, 1.10313658297e-06, 8.81568610112e-07, 8.19088029402e-07, 4.76411571526e-07, 3.92565340235e-07, 4.73727652661e-07, 4.1701491682e-07, 8.94339464708e-08, 6.27317149338e-08, 8.3692448527e-08, 7.47742632257e-08, 1.24740076046e-08, 2.84286957582e-14, 1.47109398372e-18],
        "dvar2": [7.79099185166e-09, 1.8489339709e-05, 2.92440199701e-05, 8.37408788357e-06, 1.08214289867e-05, 1.09759948828e-05, 4.75730030303e-06, 2.77266076409e-06, 1.40509673656e-05, 1.22606752484e-05, 5.51474749955e-06, 2.19214825847e-06, 1.82191513431e-06, 2.35083189182e-06, 1.97770123123e-06, 1.86384318113e-06, 9.78565026344e-07, 8.84409473656e-07, 1.1663995565e-06, 8.35860362258e-07, 1.95840101469e-07, 1.25933141248e-07, 1.27197537836e-07, 1.17748172102e-07, 2.36821922073e-08, 5.7439892686e-14, 4.74321410542e-18],
        "max": [0.00106776610482, 0.0909348800778, 0.0784697830677, 0.0415275655687, 0.044845148921, 0.0575980730355, 0.0400091260672, 0.0414996370673, 0.0599434487522, 0.0885982885957, 0.0272732675076, 0.0289307255298, 0.0308203175664, 0.0281810257584, 0.0236969646066, 0.0301683656871, 0.0189527794719, 0.0168934389949, 0.0326861850917, 0.0145768700168, 0.0096007315442, 0.0149155845866, 0.0230159126222, 0.0141292149201, 0.0059466464445, 1.2266495105e-05, 1.5080525273e-08],
        "mean": [2.84621892206e-05, 0.00185125658754, 0.000997921568342, 0.000581481552217, 0.00166897149757, 0.00194234587252, 0.000734060013201, 0.0005315534072, 0.00171351875179, 0.00198186608031, 0.00107185624074, 0.000572572113015, 0.000593280710746, 0.000631539383903, 0.000582097156439, 0.000582817418035, 0.000514786748681, 0.000581506290473, 0.0005486679147, 0.000736364338081, 0.000192272986169, 6.92363755661e-05, 7.78788671596e-05, 8.07528413134e-05, 2.69799093076e-05, 2.50297969018e-08, 6.37850106067e-10],
        "median": [1.02723897726e-05, 0.000797822431196, 0.000395666749682, 0.000271976925433, 0.000680585857481, 0.000675998628139, 0.000250697135925, 0.000136196438689, 0.000382078986149, 0.000398851581849, 0.000235427665757, 0.000147648475831, 0.000153400163981, 0.000134881891427, 0.000168210419361, 0.000153701446834, 0.000149694242282, 0.000213026287383, 0.000201409871806, 0.000174510787474, 5.74961413804e-05, 1.43288962136e-05, 9.89400632534e-06, 9.87819657894e-06, 3.9739506974e-06, 2.77022782491e-09, 2.40633374338e-10],
        "min": [1.23994687473e-23, 1.70843984897e-23, 1.6144256151e-23, 9.87297288208e-24, 5.42634255745e-23, 9.56356648892e-23, 7.53757857116e-23, 1.01855751085e-22, 1.37030276299e-22, 4.21020902687e-23, 5.50655772083e-23, 7.7449669477e-23, 2.27287361319e-23, 1.04852349674e-22, 1.90073990386e-22, 1.14940201956e-22, 3.16422206504e-22, 2.69142427684e-22, 2.90390680156e-22, 2.61395434941e-22, 4.28483545783e-22, 4.73704132583e-22, 6.73898602538e-22, 8.08391283699e-22, 1.03400686574e-21, 1.92672296259e-21, 2.19737662058e-21],
        "var": [3.41814798688e-09, 1.6652233171e-05, 8.94481308933e-06, 1.91190656551e-06, 9.53268317971e-06, 1.29373520394e-05, 3.81289805773e-06, 2.27847590395e-06, 1.38154127853e-05, 1.80948591151e-05, 5.1565684771e-06, 2.01707234737e-06, 2.29688339459e-06, 2.89917602458e-06, 1.88740420981e-06, 1.67788311956e-06, 1.59897979302e-06, 1.07417542949e-06, 8.9249613211e-07, 1.55930911205e-06, 2.11065838585e-07, 1.96852553813e-07, 5.16458612765e-07, 2.85338074946e-07, 3.29766827178e-08, 6.2069036163e-14, 1.11216687425e-18]
    },
    "erbbands": {
        "dmean": [0.0187161248177, 0.223001033068, 0.849019706249, 1.15606212616, 1.85208380222, 3.0691344738, 7.2307343483, 8.00864219666, 6.44475460052, 5.56883239746, 8.80574226379, 23.9118862152, 22.8516578674, 28.6377468109, 26.2732772827, 11.7002058029, 15.1518316269, 17.3528804779, 19.5890884399, 15.5753297806, 14.726061821, 12.1084032059, 12.2586193085, 14.7167110443, 11.8750982285, 15.4239711761, 7.07887554169, 2.21042752266, 1.50248587132, 1.34154593945, 1.15113794804, 1.0121127367, 0.647602140903, 0.29000839591, 0.0556771568954, 0.00317938160151, 9.67826781562e-05, 9.45562533161e-06, 4.17288856625e-06, 6.40809730612e-06],
        "dmean2": [0.0269103031605, 0.35783842206, 1.44686675072, 2.01045680046, 3.23154306412, 4.93215179443, 11.263209343, 12.5744409561, 10.1356105804, 8.91473388672, 13.3966388702, 37.801738739, 35.9306983948, 44.1334342957, 42.1890220642, 17.9665184021, 23.1688404083, 26.1887187958, 30.4045505524, 23.9683265686, 22.4093589783, 17.9869842529, 18.3682937622, 22.6475849152, 17.7980632782, 22.7348842621, 10.4043312073, 3.30397725105, 2.22007322311, 1.89305067062, 1.56494903564, 1.37923240662, 0.823861300945, 0.390375822783, 0.0748203396797, 0.00451664766297, 0.000128237952595, 1.18039097288e-05, 5.71878172195e-06, 9.47787521e-06],
        "dvar": [0.00485103437677, 0.624703168869, 13.2921476364, 19.5886878967, 34.0886917114, 65.4933547974, 293.401916504, 396.597442627, 454.116424561, 359.459869385, 769.742675781, 3667.03344727, 3954.98852539, 4245.13867188, 4037.27758789, 1341.72033691, 2019.19042969, 2478.61328125, 2709.13012695, 2074.08544922, 1468.63623047, 1126.23913574, 898.321594238, 1521.54382324, 773.035827637, 1015.81915283, 287.713989258, 107.733695984, 93.3550872803, 105.876045227, 68.3312225342, 48.869342804, 16.7847747803, 4.31706190109, 0.132659211755, 0.000523035821971, 3.65417122339e-07, 2.55192422749e-09, 1.08111346264e-10, 8.06880257054e-11],
        "dvar2": [0.00884180422872, 1.40155422688, 34.1729927063, 54.5502090454, 94.6053161621, 158.611694336, 670.985290527, 889.245300293, 1143.37133789, 893.028320312, 1513.27612305, 8713.984375, 7998.25732422, 9746.04882812, 10672.7285156, 2882.84570312, 4261.94238281, 5250.04931641, 6073.67578125, 4491.77832031, 3116.90332031, 2178.85571289, 1776.36828613, 3793.83959961, 1680.43188477, 2029.79748535, 564.521606445, 259.754089355, 206.850494385, 204.812072754, 105.629844666, 83.9470977783, 25.9940814972, 8.92223930359, 0.201383635402, 0.00115220260341, 6.49331468594e-07, 3.59864404942e-09, 1.50858089909e-10, 1.53496104716e-10],
        "max": [2.13465809822, 21.8661136627, 79.893196106, 98.5180892944, 118.307441711, 185.953414917, 361.245788574, 745.253723145, 661.923217773, 470.670898438, 1112.15539551, 1323.49743652, 2801.94921875, 1185.90209961, 1278.59997559, 1411.5402832, 1637.14245605, 1298.32324219, 1920.93383789, 1341.82397461, 1013.18725586, 1206.78186035, 942.695251465, 1850.64709473, 851.694763184, 791.724914551, 523.959594727, 480.49017334, 466.183013916, 743.347045898, 690.982543945, 455.993591309, 203.353210449, 85.8017578125, 26.3279438019, 1.83170926571, 0.0486938692629, 0.00376244960353, 0.000706596591044, 0.000300328683807],
        "mean": [0.0398795865476, 0.462992578745, 1.18337774277, 1.65067720413, 2.81264543533, 5.80684423447, 13.9592990875, 15.2892370224, 11.8761177063, 9.05032920837, 15.6572780609, 44.036655426, 41.9136734009, 62.179977417, 50.5074081421, 23.372926712, 28.1670799255, 33.1878242493, 36.0019111633, 28.0291404724, 29.6620235443, 27.1575069427, 27.2874393463, 33.4558944702, 29.6438503265, 37.76720047, 16.1814880371, 4.09402418137, 2.5360751152, 2.392111063, 2.18921256065, 1.89577817917, 1.17794048786, 0.472343027592, 0.100467920303, 0.0052939793095, 0.00018678829656, 2.18340828724e-05, 1.47234413816e-05, 2.44404727709e-05],
        "median": [0.015804098919, 0.198590785265, 0.49070468545, 0.863608121872, 1.31389701366, 2.22834396362, 4.02876853943, 5.91357183456, 4.4909658432, 3.61986160278, 4.52939653397, 10.4662303925, 15.1036291122, 13.2146615982, 13.5975351334, 7.57941436768, 8.55104827881, 8.72125434875, 13.1007480621, 9.13218975067, 8.79990291595, 8.50964641571, 11.4409255981, 11.7636013031, 10.3468341827, 8.40077018738, 4.49093961716, 1.47180724144, 0.601610600948, 0.360934019089, 0.273524105549, 0.235052108765, 0.142464891076, 0.0657181367278, 0.0162720438093, 0.000879507628269, 4.43919743702e-05, 8.45654176374e-06, 1.21847733681e-05, 2.30778605328e-05],
        "min": [1.09996300854e-21, 1.83818070972e-21, 1.29663646789e-20, 3.80316126031e-20, 1.0797836063e-19, 1.2908340867e-19, 3.17271844787e-19, 9.8724399019e-19, 1.09144961882e-18, 1.65528880477e-18, 2.2903762622e-18, 2.8432135324e-18, 2.18074691369e-18, 1.84060941862e-18, 2.77159582138e-18, 2.77730853748e-18, 1.31259811334e-18, 4.55471039717e-18, 8.04560862394e-18, 8.88455753507e-18, 7.51557527566e-18, 1.82593105729e-17, 1.63611494428e-17, 1.38254090771e-17, 1.28975481763e-17, 1.1116892188e-17, 1.71514576524e-17, 1.59189618484e-17, 1.80639966867e-17, 1.86793363444e-17, 1.87904796402e-17, 1.86481615615e-17, 1.13855571423e-17, 9.5587568836e-18, 8.24187624943e-18, 5.03605548101e-18, 4.33560472856e-18, 1.25397241121e-18, 2.84055735206e-19, 3.6638869865e-20],
        "var": [0.0100654670969, 1.0471984148, 11.258898735, 14.5631494522, 36.5634460449, 148.134857178, 794.400878906, 973.447998047, 887.796264648, 527.944213867, 1678.29736328, 9721.984375, 9073.97265625, 18021.3046875, 10349.9462891, 3258.14648438, 4821.11621094, 7097.59960938, 6298.34375, 4082.56323242, 3771.52685547, 4103.50488281, 2864.93652344, 2990.0324707, 2528.37255859, 4049.75366211, 1024.41931152, 158.827713013, 225.100982666, 419.651123047, 409.647735596, 190.679611206, 56.3194084167, 10.0743761063, 0.486877143383, 0.00130629271735, 1.29562829443e-06, 1.16875122913e-08, 5.39771283226e-10, 2.880553851e-10]
    },
    "gfcc": {
        "mean": [-36.2302207947, 121.608802795, -163.36706543, 47.1690864563, -64.1767349243, 11.4880313873, -30.0685176849, 9.07500457764, -21.4038085938, -11.0322208405, 2.93210101128, -18.5701141357, 12.3227052689],
        "cov": [[2735.34082031, -237.071807861, -196.42791748, 271.675994873, 29.1663341522, -39.8933181763, -41.9157676697, 62.6940841675, -99.7065658569, 78.9285507202, 49.1635131836, -42.4589538574, 21.5503578186], [-237.071807861, 887.265380859, 245.870285034, -17.1596546173, 166.366638184, -134.470840454, 59.2598876953, -89.382232666, 19.1594829559, -29.9849243164, 73.105506897, -41.8137245178, 11.4309263229], [-196.42791748, 245.870285034, 1168.15124512, 308.066131592, -182.746124268, 120.150932312, -319.599914551, -37.0436706543, 71.104927063, 67.5367584229, -5.96851730347, 80.5753936768, -20.0337085724], [271.675994873, -17.1596546173, 308.066131592, 417.322814941, 62.7072143555, -70.2587814331, -108.691520691, -18.9460525513, 28.7338924408, 29.8570556641, 16.1501502991, 25.8731060028, 57.9882888794], [29.1663341522, 166.366638184, -182.746124268, 62.7072143555, 308.891143799, -79.3984069824, 124.283866882, 29.0885982513, -66.1457519531, 3.8910343647, 25.7595043182, -35.9711532593, 65.4132156372], [-39.8933181763, -134.470840454, 120.150932312, -70.2587814331, -79.3984069824, 311.863983154, 29.0736522675, -20.4983844757, 1.27010202408, 10.2515077591, -8.26084041595, 20.5438575745, -88.4494857788], [-41.9157676697, 59.2598876953, -319.599914551, -108.691520691, 124.283866882, 29.0736522675, 283.58291626, 17.3790969849, -66.3702774048, -22.1135883331, 14.1630945206, -57.7444763184, -19.4017868042], [62.6940841675, -89.382232666, -37.0436706543, -18.9460525513, 29.0885982513, -20.4983844757, 17.3790969849, 161.815185547, -7.60071849823, -14.7519426346, -29.2340526581, -0.227353110909, 28.6394195557], [-99.7065658569, 19.1594829559, 71.104927063, 28.7338924408, -66.1457519531, 1.27010202408, -66.3702774048, -7.60071849823, 154.665878296, -2.57926917076, -13.0380802155, 32.1659317017, -17.1157741547], [78.9285507202, -29.9849243164, 67.5367584229, 29.8570556641, 3.8910343647, 10.2515077591, -22.1135883331, -14.7519426346, -2.57926917076, 132.144485474, 34.5369415283, -15.1383495331, 5.03960180283], [49.1635131836, 73.105506897, -5.96851730347, 16.1501502991, 25.7595043182, -8.26084041595, 14.1630945206, -29.2340526581, -13.0380802155, 34.5369415283, 125.296234131, 2.20736193657, -3.04838299751], [-42.4589538574, -41.8137245178, 80.5753936768, 25.8731060028, -35.9711532593, 20.5438575745, -57.7444763184, -0.227353110909, 32.1659317017, -15.1383495331, 2.20736193657, 98.5068359375, 14.4485874176], [21.5503578186, 11.4309263229, -20.0337085724, 57.9882888794, 65.4132156372, -88.4494857788, -19.4017868042, 28.6394195557, -17.1157741547, 5.03960180283, -3.04838299751, 14.4485874176, 124.936149597]],
        "icov": [[0.000520317815244, -0.000354701245669, 0.000640587240923, -0.000928496243432, 0.000577979080845, -0.000412426423281, 0.000492768653203, -0.000613101234194, 0.000695836672094, -0.000472771207569, 1.5172185158e-05, 4.73770851386e-05, 0.000208137804293], [-0.000354701245669, 0.00386220077053, -0.00317660020664, 0.00333081744611, -0.00352762616239, 0.00284393317997, -0.00215405109338, 0.00295860087499, -0.00258558546193, 0.00239351321943, -0.00180459150579, 0.00134751969017, -0.00015053153038], [0.000640587240923, -0.00317660020664, 0.00458100112155, -0.00432757101953, 0.00354394130409, -0.00328965298831, 0.00340685574338, -0.00282868323848, 0.0027375400532, -0.00252226786688, 0.00140062987339, -0.00110634241719, 0.00055526586948], [-0.000928496243432, 0.00333081744611, -0.00432757101953, 0.00761284586042, -0.0049088485539, 0.00334388599731, -0.00169068994001, 0.0035671570804, -0.00350400130264, 0.00227548973635, -0.00154872005805, 0.000788027013186, -0.00121551274788], [0.000577979080845, -0.00352762616239, 0.00354394130409, -0.0049088485539, 0.00908817909658, -0.00218641525134, -0.000235624145716, -0.00339838396758, 0.00368335912935, -0.00252529932186, 0.00089988426771, -0.000576206541155, -0.00179897597991], [-0.000412426423281, 0.00284393317997, -0.00328965298831, 0.00334388599731, -0.00218641525134, 0.00711552146822, -0.00329820695333, 0.00245103659108, -0.00151454808656, 0.000935004965868, -0.00055164314108, -0.00111501198262, 0.00270986650139], [0.000492768653203, -0.00215405109338, 0.00340685574338, -0.00169068994001, -0.000235624145716, -0.00329820695333, 0.00882224366069, -0.00224001170136, 0.00277090654708, -0.00052478822181, 0.000193356405362, 0.00153690960724, 0.00134274957236], [-0.000613101234194, 0.00295860087499, -0.00282868323848, 0.0035671570804, -0.00339838396758, 0.00245103659108, -0.00224001170136, 0.00944945402443, -0.00237210351042, 0.00228911964223, 0.000304870714899, 0.0007034134469, -0.00176486081909], [0.000695836672094, -0.00258558546193, 0.0027375400532, -0.00350400130264, 0.00368335912935, -0.00151454808656, 0.00277090654708, -0.00237210351042, 0.0102173704654, -0.00208126241341, 0.00182946550194, -0.00282884575427, 0.0020106730517], [-0.000472771207569, 0.00239351321943, -0.00252226786688, 0.00227548973635, -0.00252529932186, 0.000935004965868, -0.00052478822181, 0.00228911964223, -0.00208126241341, 0.0107217244804, -0.00371825927868, 0.00347867049277, -0.00143079680856], [1.5172185158e-05, -0.00180459150579, 0.00140062987339, -0.00154872005805, 0.00089988426771, -0.00055164314108, 0.000193356405362, 0.000304870714899, 0.00182946550194, -0.00371825927868, 0.0104097705334, -0.00251131108962, 0.00114939524792], [4.73770851386e-05, 0.00134751969017, -0.00110634241719, 0.000788027013186, -0.000576206541155, -0.00111501198262, 0.00153690960724, 0.0007034134469, -0.00282884575427, 0.00347867049277, -0.00251131108962, 0.0143705392256, -0.00333594880067], [0.000208137804293, -0.00015053153038, 0.00055526586948, -0.00121551274788, -0.00179897597991, 0.00270986650139, 0.00134274957236, -0.00176486081909, 0.0020106730517, -0.00143079680856, 0.00114939524792, -0.00333594880067, 0.012855627574]]
    },
    "melbands": {
        "dmean": [0.000195625034394, 0.000376935262466, 0.000215448410017, 0.00016403569316, 0.000226477422984, 0.000178425965714, 9.47580701904e-05, 6.20533610345e-05, 8.31780052977e-05, 0.000156302485266, 0.00011838512728, 0.000124129699543, 8.45636241138e-05, 4.85074997414e-05, 2.89706549665e-05, 3.47254645021e-05, 3.58671568392e-05, 3.37679448421e-05, 2.30144669331e-05, 2.61866061919e-05, 1.80374026968e-05, 1.48025328599e-05, 1.3023511201e-05, 1.32833711177e-05, 1.33346247821e-05, 9.5077775768e-06, 9.68846416072e-06, 1.12962934509e-05, 6.16336637904e-06, 1.9629048893e-06, 1.19665162401e-06, 9.2231528015e-07, 7.52628977807e-07, 8.05605282039e-07, 6.7949139293e-07, 7.35722892387e-07, 6.29648468475e-07, 5.54849009404e-07, 3.36413336299e-07, 2.22825434548e-07],
        "dmean2": [0.000295553851174, 0.000629710208159, 0.00037061990588, 0.000271808996331, 0.000355894531822, 0.000279375875834, 0.000149797706399, 9.9683078588e-05, 0.000125951031805, 0.000247445597779, 0.000185571538168, 0.000192428458831, 0.000134783767862, 7.4659146776e-05, 4.43893950433e-05, 5.39313041372e-05, 5.47789204575e-05, 5.2762341511e-05, 3.58207144018e-05, 4.03083759011e-05, 2.75269358099e-05, 2.26736392506e-05, 1.97436802409e-05, 2.03976305784e-05, 2.07363264053e-05, 1.4675149032e-05, 1.46389520523e-05, 1.67497728398e-05, 9.21949776966e-06, 2.98336226479e-06, 1.83995609859e-06, 1.40387658121e-06, 1.11370297873e-06, 1.14548470265e-06, 9.51275069383e-07, 1.12296129373e-06, 8.68327560966e-07, 7.28836596409e-07, 4.5271733029e-07, 3.13723006684e-07],
        "dvar": [4.87162651552e-07, 2.20137644646e-06, 6.19358843323e-07, 1.93003344862e-07, 2.67643798679e-07, 1.79779519272e-07, 9.39351920692e-08, 4.19014476449e-08, 6.22307254616e-08, 1.57439984605e-07, 1.07526574311e-07, 8.53363317788e-08, 4.1873999379e-08, 1.46330165762e-08, 9.15423115089e-09, 9.58448964639e-09, 1.20801653125e-08, 8.94688856334e-09, 4.1191317024e-09, 5.93598237231e-09, 2.4293502765e-09, 1.89256388339e-09, 1.49171830444e-09, 1.1133047817e-09, 1.29189758891e-09, 6.87307433189e-10, 4.24515034236e-10, 5.7918708718e-10, 2.27763918836e-10, 4.82749569486e-11, 3.73581998669e-11, 3.53210516391e-11, 2.42793424254e-11, 4.8006425224e-11, 2.37246802065e-11, 4.10013759056e-11, 1.9148748559e-11, 1.40505220306e-11, 5.01575603967e-12, 3.01661018214e-12],
        "dvar2": [9.26545396851e-07, 5.44367458133e-06, 1.7089796529e-06, 4.9676071967e-07, 6.25562279311e-07, 4.07521980605e-07, 2.33690911955e-07, 1.03715464661e-07, 1.21618953131e-07, 3.77772011007e-07, 2.16687752186e-07, 1.97955841941e-07, 1.07247657866e-07, 3.50188535947e-08, 1.87901143534e-08, 2.1508624215e-08, 2.58477008686e-08, 2.03651566721e-08, 9.03230024107e-09, 1.36209141743e-08, 5.14352826997e-09, 3.62923557873e-09, 3.08392000825e-09, 2.48198839259e-09, 3.24456861378e-09, 1.61134550147e-09, 9.03642494166e-10, 1.14185749744e-09, 4.72154759734e-10, 1.15198794948e-10, 8.93221954734e-11, 8.06791369823e-11, 4.61064728063e-11, 1.00381730705e-10, 3.62674612564e-11, 1.06732650496e-10, 3.2482513207e-11, 2.39263539537e-11, 9.76482002896e-12, 6.82942634736e-12],
        "max": [0.0241131354123, 0.031097561121, 0.017878651619, 0.0107121402398, 0.00985458865762, 0.0143407806754, 0.00955154653639, 0.00667087174952, 0.00881831161678, 0.00977838784456, 0.0147332483903, 0.0050673992373, 0.00417508883402, 0.00260399957187, 0.00290634483099, 0.00360969058238, 0.00302038900554, 0.00358067802154, 0.00152754352894, 0.00310175959021, 0.00142459920608, 0.00127580051776, 0.00130267231725, 0.00122987199575, 0.00166639557574, 0.00100712920539, 0.000740498828236, 0.000512428989168, 0.000444283126853, 0.000239968576352, 0.000269024807494, 0.000235953950323, 0.000350564369, 0.00050504860701, 0.000391669658711, 0.000432920787716, 0.000254026526818, 0.000204773197765, 0.000125175851281, 7.65540535212e-05],
        "mean": [0.000447470432846, 0.000637995952275, 0.000314922130201, 0.000293876451906, 0.000452921551187, 0.000345202483004, 0.000173045613337, 9.71889021457e-05, 0.000147463026224, 0.000275015889201, 0.000207196426345, 0.000260394328507, 0.00015724512923, 8.5930172645e-05, 5.26055373484e-05, 6.0535618104e-05, 6.28503621556e-05, 5.84445333516e-05, 3.67877473764e-05, 4.26225160481e-05, 3.2730797102e-05, 2.86916874757e-05, 2.58872478298e-05, 2.57202391367e-05, 2.71776098089e-05, 2.04631687666e-05, 2.17291399167e-05, 2.59859443759e-05, 1.26265758809e-05, 3.5591078813e-06, 1.84802036074e-06, 1.41060809256e-06, 1.2983302895e-06, 1.35023071834e-06, 1.2426022522e-06, 1.21831442357e-06, 1.15146724511e-06, 9.29963391627e-07, 5.55933070245e-07, 3.35713622235e-07],
        "median": [0.000183691707207, 0.000301103544189, 0.000173054431798, 0.000120510885608, 0.000149666477228, 0.000131863809656, 6.33152667433e-05, 3.48349858541e-05, 3.52156639565e-05, 6.22738152742e-05, 6.22511070105e-05, 4.46532394562e-05, 3.80637866328e-05, 2.25946860155e-05, 1.43792276504e-05, 1.5528561562e-05, 1.2487343156e-05, 1.84799955605e-05, 1.13836995297e-05, 1.08304921014e-05, 8.84497148945e-06, 7.79359015723e-06, 8.72085456649e-06, 9.95678055915e-06, 8.28024622024e-06, 6.91231525707e-06, 6.01995770921e-06, 5.24920915268e-06, 2.90767002298e-06, 1.13320470518e-06, 5.76523859763e-07, 3.13347669589e-07, 2.24021079021e-07, 1.72779166974e-07, 1.44530361013e-07, 1.52478776272e-07, 1.31089493038e-07, 9.79813918889e-08, 7.6377006053e-08, 4.41688321473e-08],
        "min": [7.65644571008e-24, 5.19523676225e-24, 7.66178077638e-24, 8.91461890048e-24, 9.99926162439e-24, 2.1715127177e-23, 1.6878082964e-23, 1.78747771633e-23, 1.95108604812e-23, 1.86086134427e-23, 1.04449080824e-23, 7.02790342891e-24, 7.44373252243e-24, 9.84623601941e-24, 4.97139826926e-24, 2.04197493342e-24, 9.45207693496e-24, 1.14694711598e-23, 1.51423680914e-23, 1.0119622077e-23, 7.71405227769e-24, 2.01854343739e-23, 1.69225258097e-23, 1.12530140383e-23, 1.10292717863e-23, 1.2872209422e-23, 6.57498643435e-24, 7.50380270264e-24, 9.85574968193e-24, 1.27035833037e-23, 7.7975129726e-24, 1.06008934935e-23, 9.44314229634e-24, 1.17823688935e-23, 1.20510178414e-23, 9.69560697387e-24, 1.15331819331e-23, 8.612081277e-24, 6.98307956341e-24, 8.27449693008e-24],
        "var": [1.05014362362e-06, 2.37056883634e-06, 4.79803532016e-07, 3.28528500404e-07, 7.34235413802e-07, 4.51690567616e-07, 1.87856088019e-07, 6.00841829623e-08, 1.52789283447e-07, 3.66012841369e-07, 2.4618691441e-07, 3.46962536923e-07, 1.04766264997e-07, 3.20410258325e-08, 2.16988773616e-08, 2.31107097903e-08, 3.30385567793e-08, 1.87628348414e-08, 7.6495547674e-09, 1.10579900792e-08, 6.06552186255e-09, 5.45506395611e-09, 4.25043511498e-09, 2.59494803423e-09, 2.28791963153e-09, 1.59437207881e-09, 1.4083461064e-09, 2.13198636523e-09, 7.03545555147e-10, 9.00136215565e-11, 5.1565762077e-11, 7.14927075873e-11, 9.10082287309e-11, 1.63062355285e-10, 1.38431849317e-10, 1.11669541669e-10, 6.60040841427e-11, 3.82216133743e-11, 1.37462324509e-11, 5.49916622655e-12]
    },
    "mfcc": {
        "mean": [-656.12121582, 126.69644165, -27.1753787994, 27.5477962494, -1.94377565384, -4.55211210251, 10.6803598404, 1.46011066437, -1.02490437031, 6.0330581665, -9.24034118652, -2.08412289619, -3.47168517113],
        "cov": [[2552.31079102, -437.045898438, -340.643981934, 166.495330811, -9.20021152496, -47.0811538696, 90.6700134277, -31.8338546753, -66.8022460938, 111.041107178, -103.05847168, 56.6005897522, 38.1002159119], [-437.045898438, 915.771362305, -14.4791660309, 80.0018615723, 20.593038559, 0.509570717812, 79.2194061279, -30.1908359528, -24.8721466064, -27.362247467, 55.894443512, -12.2861785889, -21.3196086884], [-340.643981934, -14.4791660309, 1289.74060059, 32.0453948975, 231.436065674, 133.830062866, -257.216461182, -62.7802124023, -47.9976615906, -124.676208496, 79.2998123169, 133.011062622, -24.5584011078], [166.495330811, 80.0018615723, 32.0453948975, 510.912139893, 171.754989624, -84.202545166, 29.551071167, -97.6541900635, 38.4881782532, -3.06767344475, -120.485702515, 71.7141113281, 8.23936653137], [-9.20021152496, 20.593038559, 231.436065674, 171.754989624, 255.085235596, -26.0394039154, -35.8973999023, -41.7326583862, 28.1187801361, -33.1184196472, -56.4110031128, 59.2033729553, 16.7956352234], [-47.0811538696, 0.509570717812, 133.830062866, -84.202545166, -26.0394039154, 251.067443848, 6.78551530838, 22.962720871, -38.9668235779, 3.12082743645, 65.7545623779, -19.1190414429, 15.8308429718], [90.6700134277, 79.2194061279, -257.216461182, 29.551071167, -35.8973999023, 6.78551530838, 320.289611816, -6.636074543, -10.9485282898, 73.7873382568, -5.93914270401, -69.8100662231, 3.62153434753], [-31.8338546753, -30.1908359528, -62.7802124023, -97.6541900635, -41.7326583862, 22.962720871, -6.636074543, 205.465240479, 11.0526533127, -0.22885812819, 31.3851146698, -53.774520874, 4.32943630219], [-66.8022460938, -24.8721466064, -47.9976615906, 38.4881782532, 28.1187801361, -38.9668235779, -10.9485282898, 11.0526533127, 144.007553101, -5.57136297226, -22.3907928467, -8.98942661285, -13.1012811661], [111.041107178, -27.362247467, -124.676208496, -3.06767344475, -33.1184196472, 3.12082743645, 73.7873382568, -0.22885812819, -5.57136297226, 123.514411926, 8.97714614868, -26.8356781006, -0.27786141634], [-103.05847168, 55.894443512, 79.2998123169, -120.485702515, -56.4110031128, 65.7545623779, -5.93914270401, 31.3851146698, -22.3907928467, 8.97714614868, 153.163970947, -20.6900138855, -2.95256972313], [56.6005897522, -12.2861785889, 133.011062622, 71.7141113281, 59.2033729553, -19.1190414429, -69.8100662231, -53.774520874, -8.98942661285, -26.8356781006, -20.6900138855, 165.763381958, 22.3323612213], [38.1002159119, -21.3196086884, -24.5584011078, 8.23936653137, 16.7956352234, 15.8308429718, 3.62153434753, 4.32943630219, -13.1012811661, -0.27786141634, -2.95256972313, 22.3323612213, 80.6377944946]],
