{
"lowlevel": {
    "average_loudness": 0.89540874958,
    "barkbands_crest": {
        "dmean": 2.3633620739,
        "dmean2": 3.85953307152,
        "dvar": 4.39027786255,
        "dvar2": 11.2448158264,
        "max": 24.3544464111,
        "mean": 10.284324646,
        "median": 9.73243808746,
        "min": 2.63732028008,
        "var": 14.8237323761
    },
    "barkbands_flatness_db": {
        "dmean": 0.0183510147035,
        "dmean2": 0.0286897104234,
        "dvar": 0.000246390845859,
        "dvar2": 0.000593092059717,
        "max": 0.38907289505,
        "mean": 0.182386308908,
        "median": 0.178108617663,
        "min": 0.0460423417389,
        "var": 0.0029584618751
    },
    "barkbands_kurtosis": {
        "dmean": 1.42523992062,
        "dmean2": 2.28155899048,
        "dvar": 6.15582370758,
        "dvar2": 15.4577932358,
        "max": 57.8945846558,
        "mean": 2.08087992668,
        "median": 0.8399477005,
        "min": -1.88733553886,
        "var": 17.1048431396
    },
    "barkbands_skewness": {
        "dmean": 0.355039089918,
        "dmean2": 0.550079703331,
        "dvar": 0.146752789617,
        "dvar2": 0.3383654356,
        "max": 6.90107774734,
        "mean": 0.964890301228,
        "median": 0.884768486023,
        "min": -2.68481278419,
        "var": 0.986574888229
    },
    "barkbands_spread": {
        "dmean": 3.86851596832,
        "dmean2": 5.9078874588,
        "dvar": 24.6137065887,
        "dvar2": 48.6557998657,
        "max": 99.3555603027,
        "mean": 19.8338565826,
        "median": 16.9140472412,
        "min": 1.65395379066,
        "var": 157.471603394
    },
    "dissonance": {
        "dmean": 0.0227574817836,
        "dmean2": 0.0389928370714,
        "dvar": 0.000484172836877,
        "dvar2": 0.00135430786759,
        "max": 0.500000119209,
        "mean": 0.459605842829,
        "median": 0.467990905046,
        "min": 0.23607942462,
        "var": 0.00111554609612
    },
    "dynamic_complexity": 2.38109230995,
    "erbbands_crest": {
        "dmean": 2.71544623375,
        "dmean2": 4.38315343857,
        "dvar": 6.00600004196,
        "dvar2": 14.7474737167,
        "max": 30.8945732117,
        "mean": 11.0671710968,
        "median": 10.0638828278,
        "min": 2.48225450516,
        "var": 22.4722480774
    },
    "erbbands_flatness_db": {
        "dmean": 0.0155295515433,
        "dmean2": 0.0230524279177,
        "dvar": 0.000191871833522,
        "dvar2": 0.000381519115763,
        "max": 0.412291169167,
        "mean": 0.228533446789,
        "median": 0.225757628679,
        "min": 0.0764912068844,
        "var": 0.00387238990515
    },
    "erbbands_kurtosis": {
        "dmean": 0.942586541176,
        "dmean2": 1.49581480026,
        "dvar": 1.37786209583,
        "dvar2": 3.35139346123,
        "max": 25.7602310181,
        "mean": 1.05517268181,
        "median": 0.317556858063,
        "min": -1.728946805,
        "var": 5.81322956085
    },
    "erbbands_skewness": {
        "dmean": 0.324440062046,
        "dmean2": 0.50784188509,
        "dvar": 0.0827498063445,
        "dvar2": 0.189441993833,
        "max": 4.4631729126,
        "mean": 0.581790566444,
        "median": 0.607147693634,
        "min": -3.68933939934,
        "var": 0.673234462738
    },
    "erbbands_spread": {
        "dmean": 4.74424314499,
        "dmean2": 7.2510304451,
        "dvar": 33.6533164978,
        "dvar2": 69.9751663208,
        "max": 136.926605225,
        "mean": 26.363494873,
        "median": 23.5106887817,
        "min": 2.39829134941,
        "var": 199.966156006
    },
    "hfc": {
        "dmean": 4.60675382614,
        "dmean2": 6.84358644485,
        "dvar": 30.9272098541,
        "dvar2": 60.8062973022,
        "max": 178.205825806,
        "mean": 24.254983902,
        "median": 21.4531650543,
        "min": 1.16737670509e-16,
        "var": 269.11920166
    },
    "melbands_crest": {
        "dmean": 2.98821544647,
        "dmean2": 4.8433470726,
        "dvar": 6.8967499733,
        "dvar2": 17.4506111145,
        "max": 31.4752254486,
        "mean": 13.5176706314,
        "median": 12.806930542,
        "min": 1.82976651192,
        "var": 22.8289794922
    },
    "melbands_flatness_db": {
        "dmean": 0.0184941329062,
        "dmean2": 0.0282124485821,
        "dvar": 0.000327168847434,
        "dvar2": 0.000713930523489,
        "max": 0.492509394884,
        "mean": 0.194251656532,
        "median": 0.18921405077,
        "min": 0.00555927772075,
        "var": 0.00310621038079
    },
    "melbands_kurtosis": {
        "dmean": 2.95012259483,
        "dmean2": 4.71502637863,
        "dvar": 36.0151557922,
        "dvar2": 89.4509353638,
        "max": 150.289199829,
        "mean": 6.01545763016,
        "median": 3.17658185959,
        "min": -1.76622271538,
        "var": 100.013725281
    },
    "melbands_skewness": {
        "dmean": 0.451405972242,
        "dmean2": 0.704483389854,
        "dvar": 0.261491596699,
        "dvar2": 0.615574836731,
        "max": 10.0224647522,
        "mean": 1.62549471855,
        "median": 1.43741905689,
        "min": -1.30322694778,
        "var": 1.54943728447
    },
    "melbands_spread": {
        "dmean": 5.68516111374,
        "dmean2": 8.6286239624,
        "dvar": 64.892906189,
        "dvar2": 122.345993042,
        "max": 208.724182129,
        "mean": 27.6120738983,
        "median": 22.5959281921,
        "min": 1.3614628315,
        "var": 388.828063965
    },
    "pitch_salience": {
        "dmean": 0.0592003837228,
        "dmean2": 0.0969256982207,
        "dvar": 0.00274773035198,
        "dvar2": 0.00710096117109,
        "max": 0.873495519161,
        "mean": 0.540113449097,
        "median": 0.535645365715,
        "min": 0.170896440744,
        "var": 0.0123103577644
    },
    "silence_rate_20dB": {
        "dmean": 0,
        "dmean2": 0,
        "dvar": 0,
        "dvar2": 0,
        "max": 1,
        "mean": 1,
        "median": 1,
        "min": 1,
        "var": 0
    },
    "silence_rate_30dB": {
        "dmean": 0,
        "dmean2": 0,
        "dvar": 0,
        "dvar2": 0,
        "max": 1,
        "mean": 1,
        "median": 1,
        "min": 1,
        "var": 0
    },
    "silence_rate_60dB": {
        "dmean": 0.00703451316804,
        "dmean2": 0.0140705723315,
        "dvar": 0.00698513025418,
        "dvar2": 0.016071466729,
        "max": 1,
        "mean": 0.0183536652476,
        "median": 0,
        "min": 0,
        "var": 0.0180157348514
    },
    "spectral_centroid": {
        "dmean": 192.557876587,
        "dmean2": 288.675994873,
        "dvar": 53071.96875,
        "dvar2": 93308.5078125,
        "max": 10994.2890625,
        "mean": 1569.6003418,
        "median": 1509.36791992,
        "min": 204.068344116,
        "var": 451179.1875
    },
    "spectral_complexity": {
        "dmean": 2.77181792259,
        "dmean2": 4.5181927681,
        "dvar": 6.52841091156,
        "dvar2": 15.7947435379,
        "max": 48,
        "mean": 19.1507854462,
        "median": 19,
        "min": 0,
        "var": 48.8578300476
    },
    "spectral_decrease": {
        "dmean": 1.20636289846e-09,
        "dmean2": 1.90414395362e-09,
        "dvar": 2.12159543488e-18,
        "dvar2": 5.18800525081e-18,
        "max": 1.46518101573e-30,
        "mean": -5.57044721461e-09,
        "median": -5.3223949692e-09,
        "min": -2.63591886096e-08,
        "var": 9.29424685758e-18
    },
    "spectral_energy": {
        "dmean": 0.00486647430807,
        "dmean2": 0.00766090769321,
        "dvar": 3.23314270645e-05,
        "dvar2": 7.87674071034e-05,
        "max": 0.100599266589,
        "mean": 0.0232241619378,
        "median": 0.0223511550575,
        "min": 1.05829172531e-20,
        "var": 0.000156624373631
    },
    "spectral_energyband_high": {
        "dmean": 0.000234387873206,
        "dmean2": 0.000337256526109,
        "dvar": 3.44382073081e-07,
        "dvar2": 6.43941405087e-07,
        "max": 0.021742651239,
        "mean": 0.000640734855551,
        "median": 0.00029229404754,
        "min": 7.60523668451e-21,
        "var": 1.20178015095e-06
    },
    "spectral_energyband_low": {
        "dmean": 0.0016711197095,
        "dmean2": 0.00272456649691,
        "dvar": 2.15821219172e-05,
        "dvar2": 5.56355735171e-05,
        "max": 0.0960035175085,
        "mean": 0.003951407969,
        "median": 0.00175824132748,
        "min": 3.66506164961e-23,
        "var": 3.72597860405e-05
    },
    "spectral_energyband_middle_high": {
        "dmean": 0.00252698571421,
        "dmean2": 0.00395584385842,
        "dvar": 9.09826758289e-06,
        "dvar2": 2.20002111746e-05,
        "max": 0.0548712238669,
        "mean": 0.0103856045753,
        "median": 0.00779032427818,
        "min": 1.5393939242e-21,
        "var": 7.8173186921e-05
    },
    "spectral_energyband_middle_low": {
        "dmean": 0.00296021159738,
        "dmean2": 0.00458139600232,
        "dvar": 1.44324558278e-05,
        "dvar2": 3.31706760335e-05,
        "max": 0.0666673108935,
        "mean": 0.00887880288064,
        "median": 0.00600140541792,
        "min": 3.05784171072e-22,
        "var": 6.50356159895e-05
    },
    "spectral_entropy": {
        "dmean": 0.124031215906,
        "dmean2": 0.179186910391,
        "dvar": 0.0137914000079,
        "dvar2": 0.0244016628712,
        "max": 9.80227184296,
        "mean": 7.34276247025,
        "median": 7.35620355606,
        "min": 5.69156885147,
        "var": 0.163899928331
    },
    "spectral_flux": {
        "dmean": 0.0201568007469,
        "dmean2": 0.0323283262551,
        "dvar": 0.000449091719929,
        "dvar2": 0.00112382986117,
        "max": 0.273253202438,
        "mean": 0.0808387547731,
        "median": 0.0742434710264,
        "min": 1.02873307095e-10,
        "var": 0.00140856520738
    },
    "spectral_kurtosis": {
        "dmean": 2.24926519394,
        "dmean2": 3.9367210865,
        "dvar": 6.19456100464,
        "dvar2": 19.2115840912,
        "max": 40.9984512329,
        "mean": 4.74249601364,
        "median": 3.85240507126,
        "min": -1.24192130566,
        "var": 13.690826416
    },
    "spectral_rms": {
        "dmean": 0.000493806379382,
        "dmean2": 0.000768621102907,
        "dvar": 2.46300629669e-07,
        "dvar2": 5.66946027902e-07,
        "max": 0.00990684702992,
        "mean": 0.00456138607115,
        "median": 0.00466969003901,
        "min": 3.21322222302e-12,
        "var": 1.8513071609e-06
    },
    "spectral_rolloff": {
        "dmean": 390.410247803,
        "dmean2": 648.418884277,
        "dvar": 508849.71875,
        "dvar2": 975269.875,
        "max": 18970.7519531,
        "mean": 1756.95031738,
        "median": 1421.19140625,
        "min": 86.1328125,
        "var": 1617557
    },
    "spectral_skewness": {
        "dmean": 0.25569319725,
        "dmean2": 0.429791718721,
        "dvar": 0.0573748461902,
        "dvar2": 0.16412165761,
        "max": 4.87477111816,
        "mean": 1.43983471394,
        "median": 1.38484120369,
        "min": -0.158980101347,
        "var": 0.238827332854
    },
    "spectral_spread": {
        "dmean": 353649.1875,
        "dmean2": 496538.3125,
        "dvar": 383448383488,
        "dvar2": 465230528512,
        "max": 40506636,
        "mean": 3572962.5,
        "median": 3237160.75,
        "min": 1289022.625,
        "var": 2.20135974502e+12
    },
    "spectral_strongpeak": {
        "dmean": 0.750956594944,
        "dmean2": 1.26044368744,
        "dvar": 0.994281113148,
        "dvar2": 2.54095888138,
        "max": 14.7469654083,
        "mean": 1.94540095329,
        "median": 1.32743740082,
        "min": 4.73520467281e-09,
        "var": 3.54692769051
    },
    "zerocrossingrate": {
        "dmean": 0.00722466269508,
        "dmean2": 0.00836556684226,
        "dvar": 0.000116679962957,
        "dvar2": 0.000111167908472,
        "max": 0.4912109375,
        "mean": 0.0636084675789,
        "median": 0.06005859375,
        "min": 0.005859375,
        "var": 0.000906749512069
    },
    "barkbands": {
        "dmean": [5.65258669667e-05, 0.00116699037608, 0.000686271174345, 0.000320044520777, 0.000626306340564, 0.000836316728964, 0.000542523339391, 0.000590204144828, 0.0012926509371, 0.00128151173703, 0.000972989946604, 0.000804153445642, 0.000460916373413, 0.000438993243733, 0.000245871109655, 0.000197600238607, 0.000151740459842, 0.000278206804069, 0.000279432337265, 0.00020562041027, 4.90846141474e-05, 4.134676783e-05, 4.93259358336e-05, 4.42064956587e-05, 2.08210258279e-05, 3.09663505504e-06, 2.27006546893e-09],
        "dmean2": [9.56341973506e-05, 0.00190819962882, 0.00116430176422, 0.000513192440849, 0.000979943200946, 0.00131510710344, 0.000846516049933, 0.000921172846574, 0.00205490458757, 0.0020563963335, 0.00156013900414, 0.00128933030646, 0.000719541742001, 0.000698134244885, 0.000388077110983, 0.000312399090035, 0.000236768071773, 0.00043581268983, 0.000432242202805, 0.000311588431941, 7.79601250542e-05, 6.33847230347e-05, 7.42713382351e-05, 6.2505772803e-05, 2.93646153295e-05, 4.70518443763e-06, 4.10737799328e-09],
        "dvar": [2.91524280271e-08, 1.25772257888e-05, 3.78211097996e-06, 9.45932924878e-07, 2.15620184463e-06, 4.12334884459e-06, 2.03021340894e-06, 2.60088177129e-06, 5.34558830623e-06, 5.34091986992e-06, 4.25454481956e-06, 2.91134142572e-06, 1.27722512389e-06, 8.56750261846e-07, 2.70691458581e-07, 2.08581425909e-07, 1.41116203167e-07, 2.6043758794e-07, 3.03730615769e-07, 1.79663871336e-07, 1.52978518742e-08, 2.01998471283e-08, 4.54270256967e-08, 2.59169592454e-08, 7.06370961723e-09, 3.04231945192e-10, 3.63076199448e-16],
        "dvar2": [7.81151996421e-08, 3.24931461364e-05, 1.04082437247e-05, 2.09234190152e-06, 4.68059897685e-06, 1.04076880234e-05, 4.30315685662e-06, 5.78138769924e-06, 1.24641628645e-05, 1.24988700918e-05, 1.01488994915e-05, 7.06464015821e-06, 2.74769718089e-06, 1.88455771877e-06, 6.21920833055e-07, 4.76215376466e-07, 2.8246327588e-07, 5.93190918607e-07, 6.74938974043e-07, 3.78533854928e-07, 3.73706221524e-08, 3.76569992966e-08, 1.05216663826e-07, 4.53162876113e-08, 1.17021379253e-08, 5.53208756582e-10, 1.06310078182e-15],
        "max": [0.00320929568261, 0.0691154897213, 0.0335692241788, 0.024001609534, 0.0323802903295, 0.0557560697198, 0.0387723781168, 0.0489351898432, 0.0393680334091, 0.0456737503409, 0.0495148785412, 0.0446510501206, 0.0339173227549, 0.024245262146, 0.00987222790718, 0.0147445406765, 0.0134320696816, 0.00881200935692, 0.0138921551406, 0.0102095035836, 0.00460359174758, 0.00977214425802, 0.00850384123623, 0.00826851930469, 0.00450743502006, 0.0012358619133, 1.10085159122e-06],
        "mean": [8.47411938594e-05, 0.00246808002703, 0.00117950735148, 0.000484627555124, 0.00143716856837, 0.00149892945774, 0.000995364738628, 0.00108510267455, 0.00252287439071, 0.00261546554975, 0.0020831618458, 0.00174024922308, 0.000845383037813, 0.000827993906569, 0.000408616178902, 0.000368076609448, 0.000338020938216, 0.000603386259172, 0.000683173129801, 0.000517278560437, 0.000108961474325, 9.21745740925e-05, 0.000100435718196, 9.38015364227e-05, 3.78846489184e-05, 3.68216706192e-06, 1.78257386629e-09],
        "median": [2.65056405624e-06, 0.000514510436915, 0.000392333837226, 8.31319848658e-05, 0.00043255800847, 0.000478028203361, 0.000316177989589, 0.000255645514699, 0.000985953374766, 0.000883967033587, 0.000483393960167, 0.000472043466289, 0.000287778442726, 0.000343248044373, 0.000188357502338, 0.000162078620633, 0.000128054525703, 0.00025899746106, 0.000206280834391, 0.000118057570944, 4.36170412286e-05, 3.84264239983e-05, 3.80935525754e-05, 2.59788466792e-05, 5.13285021952e-06, 3.12525791912e-08, 4.32436086939e-10],
        "min": [5.86739240187e-24, 7.65681489699e-24, 1.87673843216e-23, 6.78288559833e-24, 1.6786841734e-23, 7.22033973585e-23, 3.27913480201e-23, 7.82992284957e-23, 6.69216832972e-23, 6.43505584152e-23, 7.67077868164e-23, 1.28069598966e-22, 9.65132884235e-23, 7.68397790231e-23, 5.37836277502e-23, 1.66140505879e-22, 1.53162709003e-22, 2.71549450565e-22, 3.48235439577e-22, 2.69772052282e-22, 4.68765636125e-22, 4.80476724336e-22, 5.7547496437e-22, 1.1232605828e-21, 1.24557769445e-21, 1.51125574796e-21, 2.41228706984e-21],
        "var": [4.25747508359e-08, 2.01417042263e-05, 5.22992968399e-06, 1.71722842879e-06, 8.70932126418e-06, 1.09211696326e-05, 6.78308197166e-06, 9.03963427845e-06, 1.72510426637e-05, 1.89420716197e-05, 2.07427619898e-05, 1.41896671266e-05, 4.70821760246e-06, 2.39095174948e-06, 4.89209526222e-07, 6.04911235769e-07, 7.40786163078e-07, 8.87004887318e-07, 1.27812973005e-06, 8.3998406808e-07, 4.38639240485e-08, 4.42758576469e-08, 8.75517756072e-08, 9.21546430277e-08, 1.97303844374e-08, 5.61659663223e-10, 2.28171829507e-16]
    },
    "erbbands": {
        "dmean": [0.031908582896, 0.28778859973, 0.798603832722, 0.821272969246, 1.26620805264, 1.99707567692, 5.73785638809, 6.77493476868, 7.9844660759, 8.13161754608, 13.6628980637, 26.8178501129, 42.4045715332, 33.8384780884, 39.3633766174, 25.9144573212, 18.6457042694, 17.8373775482, 14.6999511719, 11.6386117935, 9.47059440613, 8.21499061584, 12.053976059, 15.5703678131, 11.5312833786, 9.31172275543, 2.921626091, 1.62295413017, 1.39310705662, 1.5165772438, 1.40088319778, 1.15227985382, 0.629589259624, 0.275916665792, 0.138231307268, 0.0255691241473, 0.00405900366604, 0.000110666187538, 6.30268277746e-06, 6.01996953264e-06],
        "dmean2": [0.0509570986032, 0.481049895287, 1.34873127937, 1.3565955162, 2.0482313633, 3.14214587212, 8.83931732178, 10.5878753662, 12.7599172592, 12.6686544418, 21.086139679, 42.6517105103, 65.4396896362, 51.9704399109, 61.5276527405, 39.9494018555, 28.3367671967, 27.300907135, 23.5849952698, 18.0593891144, 14.9081668854, 12.6198759079, 18.7266635895, 23.4506855011, 17.453496933, 14.0570259094, 4.5299949646, 2.57091379166, 2.12708258629, 2.26874566078, 2.07405543327, 1.68050408363, 0.902951538563, 0.388760596514, 0.203056663275, 0.0378463603556, 0.00621154764667, 0.000161155548994, 8.97024892765e-06, 9.33896535571e-06],
        "dvar": [0.0103918621317, 0.823825776577, 5.23807096481, 5.45379495621, 10.7920608521, 26.7178382874, 217.156951904, 313.765869141, 399.175292969, 625.859802246, 1200.54370117, 2750.20849609, 6569.73046875, 3498.26538086, 6184.44970703, 2781.18432617, 1688.74865723, 1600.26989746, 787.398803711, 680.080200195, 525.062683105, 400.677581787, 504.777984619, 884.08215332, 557.244995117, 394.242034912, 46.7848091125, 18.0562610626, 22.8274860382, 38.4038124084, 34.6022109985, 21.4749298096, 5.15502309799, 1.10942459106, 0.410181760788, 0.0172038078308, 0.000733353605028, 5.48752268514e-07, 5.70908487152e-10, 4.82537690361e-11],
        "dvar2": [0.0252220742404, 2.27212643623, 14.5608377457, 13.768778801, 25.3426876068, 62.5064506531, 521.765808105, 708.529052734, 913.163208008, 1291.0604248, 2602.30761719, 6688.45361328, 14931.8574219, 7720.95507812, 13925.4570312, 6250.13085938, 3684.71679688, 3336.27758789, 1931.64294434, 1445.5904541, 1207.41760254, 814.473754883, 1120.88769531, 1908.34960938, 1193.43225098, 830.803710938, 110.140129089, 42.2914390564, 44.3133544922, 79.1885299683, 77.9045562744, 44.624622345, 8.99546146393, 1.86406743526, 0.764061450958, 0.0291627775878, 0.00144423451275, 1.05788637939e-06, 9.54701206979e-10, 1.10192591163e-10],
        "max": [2.34659004211, 16.3980941772, 42.2084999084, 60.9889030457, 93.0670776367, 172.037109375, 329.510070801, 525.091186523, 606.088867188, 819.83215332, 1044.92102051, 949.276062012, 1496.10644531, 1425.88598633, 1719.58178711, 1227.62524414, 1739.6385498, 1415.96252441, 510.871734619, 639.32623291, 1011.22979736, 638.279846191, 583.720092773, 837.35345459, 591.683959961, 486.918640137, 227.920928955, 139.645187378, 328.962890625, 313.6121521, 233.470916748, 250.532958984, 113.347953796, 49.9700202942, 32.5223312378, 8.7647228241, 1.90130710602, 0.0535995066166, 0.00180984416511, 0.000207340257475],
        "mean": [0.0704177692533, 0.553807556629, 1.47059047222, 1.36566603184, 2.55264210701, 4.21234226227, 11.3348073959, 12.2726144791, 15.909327507, 15.0713043213, 26.6564273834, 51.3402824402, 90.0360717773, 71.3927688599, 92.8820648193, 59.5427932739, 39.9701385498, 36.2197685242, 30.8353214264, 22.6324596405, 20.1672725677, 20.7114295959, 29.4754428864, 39.2608528137, 30.5023727417, 24.6875629425, 7.22367429733, 3.64115214348, 3.12649989128, 3.23605036736, 2.8545999527, 2.32041978836, 1.29552161694, 0.52841168642, 0.220778509974, 0.0348893031478, 0.00474225357175, 0.000145779413288, 2.15024301724e-05, 2.98734503303e-05],
        "median": [0.00371542922221, 0.168917387724, 0.624154746532, 0.491002947092, 0.772894024849, 1.39304590225, 2.95884752274, 4.00919532776, 5.21892023087, 4.6523566246, 9.48656368256, 21.3688163757, 29.3953437805, 32.1362686157, 28.9432601929, 20.9333934784, 16.7309703827, 15.8954677582, 15.7955532074, 11.2477798462, 9.11651515961, 8.73794269562, 13.4737291336, 14.8186941147, 8.68140792847, 5.57502555847, 2.63609051704, 1.68103480339, 1.37316894531, 1.28423917294, 1.05271553993, 0.680504620075, 0.33445957303, 0.0950211137533, 0.0173266045749, 0.00175765040331, 0.00013466954988, 1.63617787621e-05, 1.67094185599e-05, 2.91190845019e-05],
        "min": [2.66762188208e-22, 1.82366364958e-21, 1.70304241974e-20, 2.64315014957e-20, 1.40336797007e-20, 8.39323236204e-20, 2.03823028574e-19, 6.43008797469e-19, 5.74501285547e-19, 7.94042154552e-19, 1.99789574415e-18, 2.0764880353e-18, 1.96403572616e-18, 1.7402178164e-18, 3.35674607504e-18, 5.3595008849e-18, 5.34524153191e-18, 4.03709509782e-18, 2.80408147878e-18, 4.68383122283e-18, 9.32829443877e-18, 9.57254350287e-18, 1.57928482379e-17, 1.67116953515e-17, 1.52148557848e-17, 1.37772357326e-17, 1.25231687126e-17, 2.32767747561e-17, 1.57473830827e-17, 2.00341887046e-17, 1.60459224919e-17, 2.09327152993e-17, 1.86833432073e-17, 1.44776658055e-17, 8.95202486737e-18, 6.62181117329e-18, 2.35324488388e-18, 1.33246213197e-18, 3.23093722884e-19, 3.28860128181e-20],
        "var": [0.0198701322079, 1.06122946739, 6.97841024399, 8.45446395874, 42.3199653625, 78.0468292236, 670.588745117, 846.549377441, 1909.80395508, 1749.48400879, 3566.1159668, 6625.35595703, 22598.1445312, 11934.8671875, 31038.0136719, 12368.5234375, 8112.05517578, 5466.12451172, 2286.51928711, 1628.65563965, 2085.41625977, 2449.51049805, 2194.75341797, 3584.3605957, 2297.96728516, 1972.17785645, 170.449737549, 41.4210586548, 48.3186912537, 73.8564300537, 70.5253753662, 58.6136398315, 18.4705848694, 3.43043851852, 0.882023990154, 0.0356798805296, 0.00117037247401, 9.35497837418e-07, 1.33540245528e-09, 2.60006294273e-10]
    },
    "gfcc": {
        "mean": [-27.8420944214, 105.535743713, -173.94682312, 26.9039783478, -75.7995834351, 15.2719068527, -28.061542511, 5.86550235748, -16.9613170624, -16.5182781219, 1.78865075111, -12.8914060593, -0.805057346821],
        "cov": [[3361.71411133, -670.166931152, 904.387145996, 819.09967041, 97.9726028442, 552.340332031, -127.286437988, 572.488098145, -315.172058105, 505.868774414, 101.609161377, 137.728546143, -38.9073257446], [-670.166931152, 1438.04187012, 498.623199463, 324.84967041, 497.010498047, -126.932418823, 185.064498901, -141.158691406, 129.498458862, -59.0548553467, 120.284034729, -101.03666687, 47.8337936401], [904.387145996, 498.623199463, 2071.96313477, 750.546264648, 357.284576416, 435.85256958, -371.701660156, 298.320098877, -245.846115112, 436.955535889, -44.8717193604, 155.634780884, 6.17453861237], [819.09967041, 324.84967041, 750.546264648, 808.942077637, 403.345092773, 225.822570801, 75.5270004272, 198.635955811, -27.9173698425, 225.899124146, 85.2011566162, 32.3227272034, 25.9956264496], [97.9726028442, 497.010498047, 357.284576416, 403.345092773, 522.28302002, 68.1633300781, 160.968170166, 114.440727234, 11.335694313, 122.045158386, 10.8882360458, 13.7556467056, -5.63900661469], [552.340332031, -126.932418823, 435.85256958, 225.822570801, 68.1633300781, 427.361206055, 35.0946884155, 117.127075195, -7.73779249191, 138.668930054, 24.9995479584, 67.5515670776, -46.7034606934], [-127.286437988, 185.064498901, -371.701660156, 75.5270004272, 160.968170166, 35.0946884155, 454.054107666, 9.79056167603, 138.175369263, -52.8841056824, 83.7747192383, -24.9231262207, -41.1040649414], [572.488098145, -141.158691406, 298.320098877, 198.635955811, 114.440727234, 117.127075195, 9.79056167603, 314.326812744, -36.783241272, 161.657974243, 5.91910505295, 34.5675468445, 12.1674795151], [-315.172058105, 129.498458862, -245.846115112, -27.9173698425, 11.335694313, -7.73779249191, 138.175369263, -36.783241272, 250.99269104, -79.1024627686, 32.2100372314, -20.7763938904, -3.82187652588], [505.868774414, -59.0548553467, 436.955535889, 225.899124146, 122.045158386, 138.668930054, -52.8841056824, 161.657974243, -79.1024627686, 281.424682617, 34.255947113, 77.2978286743, 3.37984228134], [101.609161377, 120.284034729, -44.8717193604, 85.2011566162, 10.8882360458, 24.9995479584, 83.7747192383, 5.91910505295, 32.2100372314, 34.255947113, 207.935958862, -5.96247291565, 34.5530586243], [137.728546143, -101.03666687, 155.634780884, 32.3227272034, 13.7556467056, 67.5515670776, -24.9231262207, 34.5675468445, -20.7763938904, 77.2978286743, -5.96247291565, 166.466705322, 8.22881793976], [-38.9073257446, 47.8337936401, 6.17453861237, 25.9956264496, -5.63900661469, -46.7034606934, -41.1040649414, 12.1674795151, -3.82187652588, 3.37984228134, 34.5530586243, 8.22881793976, 140.974716187]],
        "icov": [[0.000899551378097, -0.000308816408506, 0.000686317216605, -0.00121778994799, 0.000939224730246, -0.000834663049318, 0.000536397914402, -0.00128995801788, 0.00107487780042, -0.00053478643531, 6.51080554235e-05, -0.000373669812689, 0.000624151318334], [-0.000308816408506, 0.00461123604327, -0.00357811152935, 0.00195880956016, -0.00436414638534, 0.00308295246214, -0.00236917380244, 0.00366574176587, -0.00262896949425, 0.00226010801271, -0.00301562785171, 0.0026040582452, -0.0015530543169], [0.000686317216605, -0.00357811152935, 0.00454586325213, -0.0029420752544, 0.00313098845072, -0.00359165389091, 0.00349926762283, -0.00346084684134, 0.00287375692278, -0.00246063806117, 0.00248903594911, -0.00246930541471, 0.00167223019525], [-0.00121778994799, 0.00195880956016, -0.0029420752544, 0.00545264175162, -0.00421211030334, 0.00162084214389, -0.00198239460588, 0.00250533176586, -0.0023796223104, 0.00106730672996, -0.00207145698369, 0.00199380237609, -0.0020018608775], [0.000939224730246, -0.00436414638534, 0.00313098845072, -0.00421211030334, 0.00876334961504, -0.00230619055219, 0.000492719002068, -0.00418806215748, 0.00298119243234, -0.00323471915908, 0.00390514661558, -0.00245593022555, 0.00181580136996], [-0.000834663049318, 0.00308295246214, -0.00359165389091, 0.00162084214389, -0.00230619055219, 0.00647255312651, -0.00300202192739, 0.00277491193265, -0.00288197840564, 0.00119518092833, -0.00203262083232, 0.00116364087444, -0.000157269489137], [0.000536397914402, -0.00236917380244, 0.00349926762283, -0.00198239460588, 0.000492719002068, -0.00300202192739, 0.00648765964434, -0.00295479642227, 0.000734786153771, -0.000437522510765, -2.51798828685e-05, -0.00183463050053, 0.00247968407348], [-0.00128995801788, 0.00366574176587, -0.00346084684134, 0.00250533176586, -0.00418806215748, 0.00277491193265, -0.00295479642227, 0.00908160954714, -0.00312238419428, -0.000310891948175, -0.0013822352048, 0.00277199130505, -0.00270402384922], [0.00107487780042, -0.00262896949425, 0.00287375692278, -0.0023796223104, 0.00298119243234, -0.00288197840564, 0.000734786153771, -0.00312238419428, 0.00772089324892, -0.000453708053101, 0.00120227201842, -0.00186931819189, 0.00118445744738], [-0.00053478643531, 0.00226010801271, -0.00246063806117, 0.00106730672996, -0.00323471915908, 0.00119518092833, -0.000437522510765, -0.000310891948175, -0.000453708053101, 0.00936025660485, -0.00326107884757, -0.00081971148029, -0.000227246870054], [6.51080554235e-05, -0.00301562785171, 0.00248903594911, -0.00207145698369, 0.00390514661558, -0.00203262083232, -2.51798828685e-05, -0.0013822352048, 0.00120227201842, -0.00326107884757, 0.00848564133048, -0.00100591150112, -0.00100141519215], [-0.000373669812689, 0.0026040582452, -0.00246930541471, 0.00199380237609, -0.00245593022555, 0.00116364087444, -0.00183463050053, 0.00277199130505, -0.00186931819189, -0.00081971148029, -0.00100591150112, 0.00891085807234, -0.00203772704117], [0.000624151318334, -0.0015530543169, 0.00167223019525, -0.0020018608775, 0.00181580136996, -0.000157269489137, 0.00247968407348, -0.00270402384922, 0.00118445744738, -0.000227246870054, -0.00100141519215, -0.00203772704117, 0.00946745928377]]
    },
    "melbands": {
        "dmean": [0.000298255268717, 0.000392684538383, 0.000153130516992, 0.000106356688775, 0.000177474110387, 0.000155283734784, 0.000115424874821, 9.87975727185e-05, 0.000120497534226, 0.000184273187188, 0.000216072046896, 0.00014851463493, 0.000141898766742, 9.80771146715e-05, 6.0335820308e-05, 3.66443346138e-05, 3.72769027308e-05, 2.92815620924e-05, 1.83174161066e-05, 1.41146620081e-05, 1.23003619592e-05, 9.79029118753e-06, 1.00995857792e-05, 1.46707025124e-05, 1.47200216816e-05, 1.05445915324e-05, 9.62276862992e-06, 6.36174081592e-06, 2.46018407779e-06, 1.10971109279e-06, 9.89198611023e-07, 8.49145976645e-07, 9.10388109787e-07, 9.01584257917e-07, 8.63017760366e-07, 8.32082321267e-07, 7.26344751456e-07, 5.28131067767e-07, 3.26206418322e-07, 2.21995364313e-07],
        "dmean2": [0.000482127536088, 0.000662267964799, 0.000251049059443, 0.000168891172507, 0.00027398072416, 0.000242201174842, 0.000182872870937, 0.000154265580932, 0.000187714511412, 0.000290351250442, 0.000334742740961, 0.00022751254437, 0.000223093869863, 0.000155915360665, 9.4375849585e-05, 5.41810877621e-05, 5.69076728425e-05, 4.70726445201e-05, 2.84294364974e-05, 2.19989124162e-05, 1.94098811335e-05, 1.49300594785e-05, 1.58547754836e-05, 2.30386413023e-05, 2.24216200877e-05, 1.60040144692e-05, 1.4801576981e-05, 9.72211637418e-06, 3.87939735447e-06, 1.7908027985e-06, 1.5799406583e-06, 1.33157573146e-06, 1.41233726936e-06, 1.3835167465e-06, 1.31199760744e-06, 1.25610461055e-06, 1.0769557548e-06, 7.86510099715e-07, 4.55108079223e-07, 3.21655107882e-07],
        "dvar": [8.34766808566e-07, 1.33133744384e-06, 1.6489967436e-07, 6.52975771231e-08, 1.98465201606e-07, 1.4960902206e-07, 8.31704127791e-08, 8.01785020599e-08, 7.56146150138e-08, 1.19169264678e-07, 1.63488195426e-07, 6.71907542937e-08, 8.96652423421e-08, 4.7619924004e-08, 2.40495534598e-08, 7.32520089031e-09, 7.19747683675e-09, 3.32144733939e-09, 1.69606284572e-09, 1.13591247519e-09, 1.11236375666e-09, 8.0317952289e-10, 4.9597809193e-10, 8.60002014047e-10, 8.76312855613e-10, 5.422885474e-10, 4.58725307739e-10, 2.06654235391e-10, 3.73733786974e-11, 8.36768935392e-12, 6.60525063464e-12, 6.7836704136e-12, 1.23327051696e-11, 1.39239071661e-11, 1.17533873259e-11, 1.65592071305e-11, 7.37283151198e-12, 3.65110936276e-12, 1.38837086359e-12, 7.14246478802e-13],
        "dvar2": [2.0683726234e-06, 3.71907685803e-06, 4.05087689614e-07, 1.51349880184e-07, 4.63774483705e-07, 3.51275133426e-07, 1.89556814689e-07, 1.71784577674e-07, 1.64981472039e-07, 2.80683934761e-07, 3.73119718233e-07, 1.45246730199e-07, 2.13384254266e-07, 1.19739198112e-07, 5.73244882673e-08, 1.29252599734e-08, 1.41697995559e-08, 8.05466893183e-09, 3.69168584591e-09, 2.38569319855e-09, 2.51390352979e-09, 1.60453161868e-09, 1.00090780109e-09, 1.98744110058e-09, 1.91325866261e-09, 1.14443299282e-09, 1.04541075796e-09, 4.47672954262e-10, 8.75568506586e-11, 2.05906802025e-11, 1.55597860985e-11, 1.40748185676e-11, 2.37705254785e-11, 3.09932704501e-11, 2.56295280138e-11, 4.39594957657e-11, 1.47142471818e-11, 7.12298839703e-12, 2.24306163921e-12, 1.32141194688e-12],
        "max": [0.0186986476183, 0.0220839884132, 0.00874725915492, 0.00708448980004, 0.0108146052808, 0.0110270939767, 0.0086685474962, 0.00875340215862, 0.0068361889571, 0.00585100660101, 0.00734556373209, 0.00656458316371, 0.00774169992656, 0.00569744128734, 0.00518221501261, 0.00327374995686, 0.00293903890997, 0.00112785899546, 0.0008275937289, 0.000847846560646, 0.00138407899067, 0.000827807059977, 0.000765266595408, 0.000666784297209, 0.000827629410196, 0.000646570813842, 0.000567393901292, 0.000337359873811, 0.000161507879966, 9.00307277334e-05, 8.23844675324e-05, 0.000154753390234, 0.000250020617386, 0.000158457871294, 0.000106899235107, 0.000217775726924, 0.000126862636534, 8.6734406068e-05, 4.77667890664e-05, 3.90966197301e-05],
        "mean": [0.000652789778542, 0.000765252334531, 0.000278779538348, 0.000227680880926, 0.000371477828594, 0.000287309288979, 0.000224158793571, 0.000184872638783, 0.000226720265346, 0.000351003109245, 0.000457963178633, 0.000289930816507, 0.000314479490044, 0.00021878464031, 0.000128159299493, 6.53792594676e-05, 6.91679233569e-05, 5.6185759604e-05, 3.16491059493e-05, 2.55337145063e-05, 2.25299536396e-05, 2.05402157007e-05, 2.16727130464e-05, 3.09038623527e-05, 3.24174834532e-05, 2.45068658842e-05, 2.14632054849e-05, 1.49544594024e-05, 5.08130233356e-06, 2.15905788536e-06, 1.98226121029e-06, 1.72170359747e-06, 1.82230871815e-06, 1.77693539172e-06, 1.66074005392e-06, 1.52901236561e-06, 1.389352974e-06, 1.00506736089e-06, 6.07088736615e-07, 3.7960430177e-07],
        "median": [8.16851825221e-05, 0.000376819836674, 0.000107539533929, 8.45362374093e-05, 0.000101229845313, 9.58528908086e-05, 7.34287677915e-05, 4.80629969388e-05, 8.4789840912e-05, 0.000134318644996, 0.000143549463246, 0.000117288218462, 8.82646345417e-05, 5.72918870603e-05, 3.69111075997e-05, 2.57423034782e-05, 2.63659458142e-05, 2.39853452513e-05, 1.35168093038e-05, 1.1670922504e-05, 8.97343579709e-06, 7.11538814357e-06, 9.59285807767e-06, 1.21896282508e-05, 1.08506674223e-05, 6.88962063577e-06, 4.87762872581e-06, 2.99566158901e-06, 1.48473350237e-06, 8.9373463652e-07, 8.55943028455e-07, 7.37266134365e-07, 6.94857192229e-07, 6.78902665641e-07, 5.9955738152e-07, 4.79434163481e-07, 3.78514414479e-07, 2.44945198347e-07, 1.25680671204e-07, 5.30072767901e-08],
        "min": [2.77180557432e-24, 6.92850222168e-24, 4.19255392538e-24, 3.04225746377e-24, 6.40965499368e-24, 1.43715358134e-23, 9.0265850842e-24, 1.02807208845e-23, 1.50822363801e-23, 1.20839133411e-23, 9.25938345936e-24, 6.61315941356e-24, 1.19866207591e-23, 1.02178778582e-23, 1.80588247234e-23, 7.76296402039e-24, 7.73444512095e-24, 4.67232966161e-24, 4.48347596647e-24, 8.29912437868e-24, 1.07100560656e-23, 8.39449292895e-24, 1.34192118845e-23, 1.3819580882e-23, 1.36579559043e-23, 1.25365049306e-23, 8.87468912804e-24, 9.03913270576e-24, 6.5992557401e-24, 1.28548292385e-23, 1.24980684718e-23, 8.76981480386e-24, 9.36321964259e-24, 1.14514772425e-23, 9.17286435072e-24, 8.96842789169e-24, 1.4001070955e-23, 1.23339286056e-23, 1.20917940616e-23, 1.29444690809e-23],
        "var": [1.51067911247e-06, 1.65967401244e-06, 3.19420507822e-07, 2.12140562894e-07, 7.06535502104e-07, 4.28987902978e-07, 3.5378928942e-07, 2.67049557579e-07, 2.04008600235e-07, 3.30516343183e-07, 5.88587511174e-07, 2.19948248059e-07, 4.22620047402e-07, 2.43225116492e-07, 1.45460333556e-07, 2.29598970947e-08, 2.24068603671e-08, 1.05486748225e-08, 3.57407214935e-09, 2.55203502775e-09, 3.65796504198e-09, 3.473175747e-09, 1.82863246767e-09, 2.88873147625e-09, 3.00772873274e-09, 2.03317629399e-09, 1.46891865338e-09, 9.47311118438e-10, 1.24686386216e-10, 1.61011464578e-11, 1.34398906934e-11, 1.38987875029e-11, 2.334280165e-11, 2.45821904499e-11, 2.36134566761e-11, 2.79541060438e-11, 2.1046390325e-11, 1.16531038291e-11, 4.53700445269e-12, 1.8934569624e-12]
    },
    "mfcc": {
        "mean": [-646.520629883, 117.917709351, -32.1686897278, 4.44936943054, -15.3233995438, -4.31944942474, 1.97745525837, 11.5915126801, -10.1554422379, 7.61094284058, -5.45114707947, -4.25768995285, -4.79254484177],
        "cov": [[2843.28149414, -914.812866211, 352.654541016, 328.17666626, 140.349945068, 102.782951355, 352.90045166, 111.798561096, 11.2014112473, 207.203369141, 187.002212524, 44.1387710571, 235.827072144], [-914.812866211, 1192.74621582, 217.140991211, 368.500213623, 306.787231445, 82.0061798096, 103.026306152, -38.0454864502, 28.5461082458, 27.2067890167, -10.0134124756, 0.288996577263, 30.888759613], [352.654541016, 217.140991211, 1621.20471191, 380.960662842, 692.306274414, 229.725784302, 224.42124939, -124.367706299, 27.4112529755, 67.926574707, 2.89693880081, 112.317367554, 165.328460693], [328.17666626, 368.500213623, 380.960662842, 778.68548584, 415.862915039, 142.404724121, 298.715179443, 2.16203403473, 117.386070251, 98.5615615845, 69.2711868286, 69.8945388794, 155.467575073], [140.349945068, 306.787231445, 692.306274414, 415.862915039, 615.370605469, 104.489784241, 190.427185059, -70.4055633545, 98.7838668823, 55.8255195618, 9.74748134613, 73.398109436, 118.36832428], [102.782951355, 82.0061798096, 229.725784302, 142.404724121, 104.489784241, 369.942474365, 98.4260025024, 109.942939758, 42.6677742004, 43.7857017517, 88.07006073, 31.88879776, 70.1432418823], [352.90045166, 103.026306152, 224.42124939, 298.715179443, 190.427185059, 98.4260025024, 367.289031982, 22.0144481659, 44.1162147522, 98.6795272827, 92.345451355, 28.0544662476, 120.333602905], [111.798561096, -38.0454864502, -124.367706299, 2.16203403473, -70.4055633545, 109.942939758, 22.0144481659, 246.914703369, 47.6932296753, 59.9890289307, 69.6263427734, -9.10694885254, 26.0884532928], [11.2014112473, 28.5461082458, 27.4112529755, 117.386070251, 98.7838668823, 42.6677742004, 44.1162147522, 47.6932296753, 195.280380249, 27.1882629395, 51.9696578979, 22.1636066437, 22.8278827667], [207.203369141, 27.2067890167, 67.926574707, 98.5615615845, 55.8255195618, 43.7857017517, 98.6795272827, 59.9890289307, 27.1882629395, 185.140533447, 60.0378227234, 8.55907440186, 47.7368049622], [187.002212524, -10.0134124756, 2.89693880081, 69.2711868286, 9.74748134613, 88.07006073, 92.345451355, 69.6263427734, 51.9696578979, 60.0378227234, 174.246078491, 32.4862861633, 61.8619194031], [44.1387710571, 0.288996577263, 112.317367554, 69.8945388794, 73.398109436, 31.88879776, 28.0544662476, -9.10694885254, 22.1636066437, 8.55907440186, 32.4862861633, 154.02381897, 56.6828689575], [235.827072144, 30.888759613, 165.328460693, 155.467575073, 118.36832428, 70.1432418823, 120.333602905, 26.0884532928, 22.8278827667, 47.7368049622, 61.8619194031, 56.6828689575, 165.371704102]],
