{
"lowlevel": {
    "average_loudness": 0.946168243885,
    "barkbands_crest": {
        "dmean": 2.75621438026,
        "dmean2": 4.11267709732,
        "dvar": 6.44142961502,
        "dvar2": 13.1076869965,
        "max": 26.6406040192,
        "mean": 10.6444253922,
        "median": 9.01438903809,
        "min": 1.99775087833,
        "var": 29.917175293
    },
    "barkbands_flatness_db": {
        "dmean": 0.022619837895,
        "dmean2": 0.0310452599078,
        "dvar": 0.000434331042925,
        "dvar2": 0.000847836141475,
        "max": 0.390908032656,
        "mean": 0.137309864163,
        "median": 0.129848003387,
        "min": 0.0262558497488,
        "var": 0.00289586186409
    },
    "barkbands_kurtosis": {
        "dmean": 2.59482717514,
        "dmean2": 3.83121991158,
        "dvar": 49.9131088257,
        "dvar2": 101.082893372,
        "max": 287.037353516,
        "mean": 3.40424561501,
        "median": 0.99238717556,
        "min": -1.90270376205,
        "var": 107.954444885
    },
    "barkbands_skewness": {
        "dmean": 0.534008324146,
        "dmean2": 0.780638754368,
        "dvar": 0.376671165228,
        "dvar2": 0.752770543098,
        "max": 15.8040828705,
        "mean": 1.41627430916,
        "median": 1.19305896759,
        "min": -5.13884162903,
        "var": 1.67043352127
    },
    "barkbands_spread": {
        "dmean": 6.7336640358,
        "dmean2": 9.99950695038,
        "dvar": 65.0528869629,
        "dvar2": 129.515792847,
        "max": 114.844688416,
        "mean": 28.1388816833,
        "median": 24.499917984,
        "min": 0.837708175182,
        "var": 275.531066895
    },
    "dissonance": {
        "dmean": 0.0174005981535,
        "dmean2": 0.0293037574738,
        "dvar": 0.000328042806359,
        "dvar2": 0.000869734562002,
        "max": 0.499999940395,
        "mean": 0.469817221165,
        "median": 0.47775554657,
        "min": 0.190827473998,
        "var": 0.000780378992204
    },
    "dynamic_complexity": 2.91463780403,
    "erbbands_crest": {
        "dmean": 2.64610481262,
        "dmean2": 4.35444259644,
        "dvar": 6.37635564804,
        "dvar2": 15.9855203629,
        "max": 29.5949764252,
        "mean": 8.36542701721,
        "median": 7.29251384735,
        "min": 2.24083399773,
        "var": 17.991607666
    },
    "erbbands_flatness_db": {
        "dmean": 0.0169476829469,
        "dmean2": 0.0241654030979,
        "dvar": 0.000257048552157,
        "dvar2": 0.000460441428004,
        "max": 0.410003125668,
        "mean": 0.154467567801,
        "median": 0.143921911716,
        "min": 0.0580095499754,
        "var": 0.00278709433042
    },
    "erbbands_kurtosis": {
        "dmean": 0.822475135326,
        "dmean2": 1.29165768623,
        "dvar": 1.85828733444,
        "dvar2": 4.31163692474,
        "max": 37.5713424683,
        "mean": 0.523076951504,
        "median": -0.0188108682632,
        "min": -1.8373721838,
        "var": 4.02951145172
    },
    "erbbands_skewness": {
        "dmean": 0.330730199814,
        "dmean2": 0.500330269337,
        "dvar": 0.111180372536,
        "dvar2": 0.234797179699,
        "max": 4.84833717346,
        "mean": 0.265788286924,
        "median": 0.236883684993,
        "min": -4.09882831573,
        "var": 0.527924120426
    },
    "erbbands_spread": {
        "dmean": 8.20853328705,
        "dmean2": 12.5017156601,
        "dvar": 80.1931381226,
        "dvar2": 172.993942261,
        "max": 149.08102417,
        "mean": 40.9849281311,
        "median": 37.0888977051,
        "min": 3.45570611954,
        "var": 419.80090332
    },
    "hfc": {
        "dmean": 8.96655082703,
        "dmean2": 12.7672014236,
        "dvar": 168.535476685,
        "dvar2": 337.614776611,
        "max": 299.589996338,
        "mean": 33.1828918457,
        "median": 28.3848991394,
        "min": 1.18154333113e-16,
        "var": 696.816833496
    },
    "melbands_crest": {
        "dmean": 3.77978014946,
        "dmean2": 5.75623703003,
        "dvar": 11.3599863052,
        "dvar2": 25.4916419983,
        "max": 35.6215400696,
        "mean": 15.9979896545,
        "median": 14.3628444672,
        "min": 1.85636436939,
        "var": 54.1163215637
    },
    "melbands_flatness_db": {
        "dmean": 0.0265332851559,
        "dmean2": 0.0364916399121,
        "dvar": 0.000699748576153,
        "dvar2": 0.00139821751509,
        "max": 0.515135169029,
        "mean": 0.17353309691,
        "median": 0.165892407298,
        "min": 0.00465069757774,
        "var": 0.00471330713481
    },
    "melbands_kurtosis": {
        "dmean": 7.79208135605,
        "dmean2": 11.4214363098,
        "dvar": 323.331054688,
        "dvar2": 574.779418945,
        "max": 602.088012695,
        "mean": 14.9252023697,
        "median": 6.44239473343,
        "min": -1.90532791615,
        "var": 992.986083984
    },
    "melbands_skewness": {
        "dmean": 0.78155362606,
        "dmean2": 1.14523649216,
        "dvar": 0.787332653999,
        "dvar2": 1.54074132442,
        "max": 20.235994339,
        "mean": 2.7407810688,
        "median": 2.26507711411,
        "min": -2.32755327225,
        "var": 4.23223495483
    },
    "melbands_spread": {
        "dmean": 8.91118240356,
        "dmean2": 13.471282959,
        "dvar": 176.912536621,
        "dvar2": 361.763214111,
        "max": 293.665649414,
        "mean": 29.0282974243,
        "median": 24.2956314087,
        "min": 0.619403541088,
        "var": 506.033996582
    },
    "pitch_salience": {
        "dmean": 0.0773916319013,
        "dmean2": 0.117115706205,
        "dvar": 0.00524951796979,
        "dvar2": 0.0110517581925,
        "max": 0.886696755886,
        "mean": 0.527085840702,
        "median": 0.55669593811,
        "min": 0.0397489853203,
        "var": 0.0248978212476
    },
    "silence_rate_20dB": {
        "dmean": 0,
        "dmean2": 0,
        "dvar": 0,
        "dvar2": 0,
        "max": 1,
        "mean": 1,
        "median": 1,
        "min": 1,
        "var": 0
    },
    "silence_rate_30dB": {
        "dmean": 0.0342655032873,
        "dmean2": 0.0685385838151,
        "dvar": 0.0330884307623,
        "dvar2": 0.0802031308413,
        "max": 1,
        "mean": 0.966290891171,
        "median": 1,
        "min": 0,
        "var": 0.0325690023601
    },
    "silence_rate_60dB": {
        "dmean": 0.00950591359288,
        "dmean2": 0.0190139282495,
        "dvar": 0.00941579043865,
        "dvar2": 0.0219686869532,
        "max": 1,
        "mean": 0.0699602141976,
        "median": 0,
        "min": 0,
        "var": 0.0650612339377
    },
    "spectral_centroid": {
        "dmean": 272.286865234,
        "dmean2": 413.720794678,
        "dvar": 123548.820312,
        "dvar2": 230312.09375,
        "max": 11314.5205078,
        "mean": 1622.36853027,
        "median": 1577.96984863,
        "min": 217.646331787,
        "var": 449124.71875
    },
    "spectral_complexity": {
        "dmean": 4.25577545166,
        "dmean2": 6.63807201385,
        "dvar": 17.1114273071,
        "dvar2": 38.8586502075,
        "max": 62,
        "mean": 24.9557914734,
        "median": 26,
        "min": 0,
        "var": 132.920379639
    },
    "spectral_decrease": {
        "dmean": 2.59831733906e-09,
        "dmean2": 3.64900620831e-09,
        "dvar": 9.72976903062e-18,
        "dvar2": 1.85135544604e-17,
        "max": 1.17495304414e-28,
        "mean": -9.86226034172e-09,
        "median": -8.39471248071e-09,
        "min": -4.57371278628e-08,
        "var": 5.89680184205e-17
    },
    "spectral_energy": {
        "dmean": 0.0101071400568,
        "dmean2": 0.0142019465566,
        "dvar": 0.000139183437568,
        "dvar2": 0.000268625473836,
        "max": 0.175028920174,
        "mean": 0.0402322746813,
        "median": 0.0354652106762,
        "min": 1.0273492735e-20,
        "var": 0.000883410102688
    },
    "spectral_energyband_high": {
        "dmean": 0.000765524338931,
        "dmean2": 0.00106380227953,
        "dvar": 1.98423276743e-06,
        "dvar2": 3.65933215107e-06,
        "max": 0.0338181033731,
        "mean": 0.0019885993097,
        "median": 0.00118483148981,
        "min": 7.59015113965e-21,
        "var": 6.84681708663e-06
    },
    "spectral_energyband_low": {
        "dmean": 0.00828751269728,
        "dmean2": 0.0112770143896,
        "dvar": 0.000162003649166,
        "dvar2": 0.000290573952952,
        "max": 0.164729297161,
        "mean": 0.020806401968,
        "median": 0.00892073102295,
        "min": 6.52633146587e-23,
        "var": 0.000742059142794
    },
    "spectral_energyband_middle_high": {
        "dmean": 0.00257427035831,
        "dmean2": 0.00397326890379,
        "dvar": 1.10419869088e-05,
        "dvar2": 2.54056685662e-05,
        "max": 0.0502542331815,
        "mean": 0.00801656488329,
        "median": 0.00600925507024,
        "min": 1.35387009614e-21,
        "var": 5.0260383432e-05
    },
    "spectral_energyband_middle_low": {
        "dmean": 0.00477677257732,
        "dmean2": 0.00760103436187,
        "dvar": 5.29435528733e-05,
        "dvar2": 0.000134431538754,
        "max": 0.120023742318,
        "mean": 0.0104671362787,
        "median": 0.00740453694016,
        "min": 2.49423025511e-22,
        "var": 9.90559419733e-05
    },
    "spectral_entropy": {
        "dmean": 0.128061965108,
        "dmean2": 0.184949800372,
        "dvar": 0.0195396654308,
        "dvar2": 0.0361155569553,
        "max": 9.81301593781,
        "mean": 7.87474107742,
        "median": 7.9261636734,
        "min": 5.28033065796,
        "var": 0.159079313278
    },
    "spectral_flux": {
        "dmean": 0.0255660749972,
        "dmean2": 0.0374042056501,
        "dvar": 0.000713669403922,
        "dvar2": 0.00135812093504,
        "max": 0.344353199005,
        "mean": 0.106720544398,
        "median": 0.101534321904,
        "min": 1.01358241245e-10,
        "var": 0.00302750896662
    },
    "spectral_kurtosis": {
        "dmean": 1.07991039753,
        "dmean2": 1.79318833351,
        "dvar": 2.91063737869,
        "dvar2": 7.87825345993,
        "max": 53.3836326599,
        "mean": 2.65510249138,
        "median": 2.04155158997,
        "min": -1.21411526203,
        "var": 8.73548316956
    },
    "spectral_rms": {
        "dmean": 0.000761167088058,
        "dmean2": 0.00106420519296,
        "dvar": 5.73917247948e-07,
        "dvar2": 1.06001778022e-06,
        "max": 0.0130675137043,
        "mean": 0.00575732626021,
        "median": 0.00588219380006,
        "min": 3.16589940028e-12,
        "var": 6.10422557656e-06
    },
    "spectral_rolloff": {
        "dmean": 672.781860352,
        "dmean2": 1066.68127441,
        "dvar": 1311326.125,
        "dvar2": 2525734.25,
        "max": 19013.8183594,
        "mean": 1931.75195312,
        "median": 1356.59179688,
        "min": 64.599609375,
        "var": 3882638.25
    },
    "spectral_skewness": {
        "dmean": 0.17528629303,
        "dmean2": 0.275460004807,
        "dvar": 0.036326367408,
        "dvar2": 0.0826722308993,
        "max": 4.98035955429,
        "mean": 1.2693721056,
        "median": 1.21910321712,
        "min": -0.646677613258,
        "var": 0.165598765016
    },
    "spectral_spread": {
        "dmean": 576984.875,
        "dmean2": 802137.375,
        "dvar": 608607666176,
        "dvar2": 852114014208,
        "max": 40880072,
        "mean": 5171490,
        "median": 4951272,
        "min": 971281.6875,
        "var": 3.37480305869e+12
    },
    "spectral_strongpeak": {
        "dmean": 0.52509868145,
        "dmean2": 0.876654267311,
        "dvar": 0.841990888119,
        "dvar2": 2.07820415497,
        "max": 14.2895174026,
        "mean": 0.96275895834,
        "median": 0.539579033852,
        "min": 0,
        "var": 1.57669842243
    },
    "zerocrossingrate": {
        "dmean": 0.0138343833387,
        "dmean2": 0.0150814997032,
        "dvar": 0.000302665430354,
        "dvar2": 0.000294596247841,
        "max": 0.51611328125,
        "mean": 0.0749212726951,
        "median": 0.0654296875,
        "min": 0.0029296875,
        "var": 0.00230092532001
    },
    "barkbands": {
        "dmean": [0.000316960184136, 0.00692306132987, 0.00366575364023, 0.0017100389814, 0.00157870957628, 0.000913152936846, 0.000688481901307, 0.00102865928784, 0.00135027233046, 0.000861985201482, 0.000706946302671, 0.000750088016503, 0.00064433546504, 0.00047292310046, 0.000458469527075, 0.000315502635203, 0.000297469086945, 0.000229269411648, 0.000206400130992, 0.000142673961818, 0.000147647515405, 0.000155602872837, 0.00017244805349, 0.000222418471822, 0.000160036870511, 4.66501260235e-05, 3.66648222894e-08],
        "dmean2": [0.000412834138842, 0.00934219546616, 0.00594752607867, 0.00306196184829, 0.00267790537328, 0.00148245354649, 0.0010974931065, 0.00162800203543, 0.00212148041464, 0.0013811023673, 0.00111507321708, 0.00122563156765, 0.00102865160443, 0.000769957026932, 0.000742648495361, 0.000502862385474, 0.000484992779093, 0.000373434973881, 0.000336467317538, 0.000230792502407, 0.000233836355619, 0.000240936336922, 0.000264701142441, 0.000318976817653, 0.000236990541453, 7.24785786588e-05, 6.33870342881e-08],
        "dvar": [3.6175251239e-07, 0.000166310768691, 7.85088486737e-05, 2.18472123379e-05, 9.03746149561e-06, 3.11519556817e-06, 2.94023493552e-06, 4.82622181153e-06, 7.5880248005e-06, 2.68614894594e-06, 2.66887968792e-06, 2.01294665203e-06, 1.77806884949e-06, 9.21196431136e-07, 9.72950829237e-07, 4.05851807272e-07, 2.82762584902e-07, 2.31911187143e-07, 1.19247147268e-07, 5.82819517092e-08, 5.64481830168e-08, 7.01747424614e-08, 9.2145370445e-08, 2.242217505e-07, 1.44997144957e-07, 1.71290626128e-08, 7.90769698529e-14],
        "dvar2": [5.47477270629e-07, 0.000277990096947, 0.000200806884095, 6.10169372521e-05, 2.44656093855e-05, 7.56297595217e-06, 6.3286220211e-06, 1.10421133286e-05, 1.79896069312e-05, 6.2404055825e-06, 6.00505973125e-06, 4.93033485327e-06, 4.38871347797e-06, 2.21279674406e-06, 2.24620589506e-06, 9.48378783505e-07, 6.98216865658e-07, 6.06404682912e-07, 2.83055697992e-07, 1.462277055e-07, 1.3155373324e-07, 1.59122691912e-07, 2.0294974945e-07, 4.10211725921e-07, 2.80525171092e-07, 3.91594312532e-08, 2.09209656977e-13],
        "max": [0.00828679744154, 0.152761444449, 0.101269997656, 0.0585394725204, 0.044961694628, 0.0372092165053, 0.10736592859, 0.0526539683342, 0.051264796406, 0.0346999578178, 0.0456761829555, 0.042174372822, 0.0239501930773, 0.0200905054808, 0.0248186811805, 0.0166594143957, 0.0199787784368, 0.0162175800651, 0.012804091908, 0.00649928161874, 0.00466392748058, 0.00507679674774, 0.00703443633392, 0.0130753125995, 0.00919575523585, 0.00387376477011, 1.54529370775e-05],
        "mean": [0.000514375336934, 0.0146878138185, 0.00469088833779, 0.0016078366898, 0.00222231680527, 0.00141421263106, 0.00101665977854, 0.00154878606554, 0.00231526000425, 0.00139971228782, 0.00107752077747, 0.00125944393221, 0.000989141175523, 0.000705983431544, 0.000730353815015, 0.000580686028115, 0.000519744004123, 0.000407318701036, 0.000416305265389, 0.000289611867629, 0.000341254286468, 0.000349672249286, 0.00037819868885, 0.000448198901722, 0.000264852540568, 5.59981490369e-05, 2.79839476036e-08],
        "median": [5.72363423998e-05, 0.00347348582, 0.00117104058154, 0.000440805539256, 0.00115815154277, 0.000617347366642, 0.000409466330893, 0.000512023514602, 0.000685482053086, 0.000486819248181, 0.000345388631104, 0.000486419303343, 0.000360065314453, 0.000330904382281, 0.000344832020346, 0.000285730988253, 0.000311697018333, 0.000254800892435, 0.000249261851422, 0.000184531323612, 0.000214178551687, 0.000230867852224, 0.000222930859309, 0.000179110327736, 6.61547092022e-05, 8.87381429493e-06, 1.48697720803e-09],
        "min": [2.28351850224e-23, 3.72508197381e-23, 8.50773075645e-24, 4.2364248469e-24, 7.11679385343e-24, 2.43173079352e-23, 6.80438158468e-23, 2.64195260066e-23, 6.19029880835e-23, 4.49925492006e-23, 5.29078785494e-23, 4.48124617223e-23, 9.16596544656e-23, 9.32426016907e-23, 9.58210345801e-23, 7.76919823035e-23, 8.7576687125e-23, 2.23728147132e-22, 2.54777712362e-22, 2.71264047e-22, 3.73772066147e-22, 3.37433447295e-22, 6.23261305487e-22, 1.03799827473e-21, 9.11676324527e-22, 1.82106780495e-21, 2.29765873931e-21],
        "var": [1.12335089852e-06, 0.000600813131314, 8.30975404824e-05, 1.61200132425e-05, 1.07121941255e-05, 5.98256019657e-06, 5.79389279665e-06, 9.44933253777e-06, 2.13005641854e-05, 6.35835158391e-06, 5.84194367548e-06, 5.27479596713e-06, 3.49342894879e-06, 1.45169792631e-06, 1.74172407696e-06, 1.12238569727e-06, 5.02134923863e-07, 3.49846118297e-07, 3.33209214887e-07, 1.264081817e-07, 1.57957131819e-07, 1.66669181567e-07, 2.42804361505e-07, 6.83542452862e-07, 3.51468088411e-07, 3.11573487011e-08, 7.07458112817e-14]
    },
    "erbbands": {
        "dmean": [0.227125421166, 1.7168418169, 4.00341367722, 4.8766078949, 5.39045667648, 5.34901046753, 7.41189432144, 7.10470724106, 8.49951076508, 11.9102230072, 26.3716602325, 29.5470180511, 25.5998401642, 30.6051864624, 25.4209976196, 30.9635486603, 27.3673820496, 24.1286334991, 22.979341507, 19.7136421204, 15.9994268417, 14.6889696121, 12.1865587234, 10.7504272461, 9.27258682251, 6.6155462265, 6.11427640915, 5.90243148804, 5.61121559143, 5.77259635925, 4.68795204163, 4.69433832169, 3.81288480759, 2.21279907227, 0.947433173656, 0.355369955301, 0.0569123998284, 0.00155137374531, 5.62343775528e-05, 1.49041097757e-05],
        "dmean2": [0.250324368477, 2.22156643867, 6.03317165375, 8.35237503052, 9.43006801605, 9.06187343597, 11.9589443207, 11.4930648804, 13.6474647522, 18.9640197754, 41.5868492126, 46.607131958, 40.137424469, 48.3161239624, 40.0626182556, 50.5126686096, 43.5176429749, 38.2827301025, 37.0350036621, 31.4738636017, 25.7206993103, 23.9065608978, 19.7015419006, 17.2334327698, 15.101234436, 10.6906986237, 9.7617559433, 9.32008743286, 8.76398468018, 9.01951122284, 7.08685016632, 6.94797611237, 5.50756788254, 3.27649569511, 1.42895066738, 0.545686602592, 0.0896588638425, 0.00236469949596, 8.40649590828e-05, 2.13092498598e-05],
        "dvar": [0.152612298727, 10.8039522171, 79.2789840698, 159.69569397, 168.302612305, 103.063560486, 225.06930542, 244.299743652, 536.393859863, 757.003173828, 3164.99609375, 4216.33691406, 3318.71777344, 3829.00097656, 3374.77758789, 3983.18237305, 3387.921875, 2452.2253418, 2302.02734375, 1839.64733887, 909.735717773, 712.651672363, 580.863464355, 392.266387939, 213.437515259, 134.05317688, 97.2120819092, 99.2561798096, 89.8273391724, 101.164840698, 69.5540313721, 86.9594955444, 78.5910186768, 28.9494915009, 5.21172523499, 0.844263553619, 0.0340803563595, 2.82942964986e-05, 2.47548044285e-08, 3.91091992125e-10],
        "dvar2": [0.185382023454, 18.911523819, 188.40802002, 429.587432861, 469.916137695, 277.141662598, 550.262145996, 607.733764648, 1141.30090332, 1757.38378906, 7255.06005859, 9985.5625, 7464.37841797, 8916.99804688, 7572.28466797, 9859.9375, 8267.34472656, 5676.87792969, 5528.62402344, 4398.00048828, 2116.48754883, 1799.7244873, 1476.94433594, 905.102294922, 532.28125, 341.431060791, 232.196029663, 231.809494019, 207.963851929, 236.53213501, 147.348602295, 174.721176147, 145.73085022, 57.2785072327, 10.6229066849, 1.87492835522, 0.0824371278286, 6.12009534962e-05, 5.21807947962e-08, 7.92257481841e-10],
        "max": [5.84367656708, 39.2597351074, 101.999565125, 135.659225464, 203.92137146, 158.428451538, 357.857910156, 316.974609375, 1380.2734375, 1011.07995605, 1445.30615234, 1456.09020996, 1658.03356934, 1370.05969238, 2129.42944336, 2098.18579102, 1309.29699707, 938.454040527, 1449.29663086, 1129.16162109, 1102.75354004, 1046.06738281, 722.467224121, 966.877685547, 310.185791016, 298.472351074, 174.605545044, 204.787719727, 200.067077637, 187.335235596, 188.440689087, 240.0703125, 281.431030273, 151.668457031, 43.6320610046, 26.1748847961, 5.87082529068, 0.217449620366, 0.00569475442171, 0.000512812577654],
        "mean": [0.468503326178, 3.08231759071, 5.75647783279, 5.58630466461, 6.02060508728, 7.34027719498, 11.427614212, 10.6206502914, 12.6905384064, 18.2692604065, 42.1160316467, 49.2721977234, 47.2142219543, 52.4270896912, 44.377872467, 54.4155502319, 46.2114334106, 40.7115516663, 37.7782592773, 36.720703125, 31.0671825409, 27.5981769562, 22.8624401093, 22.0219573975, 19.2133159637, 13.6940069199, 13.4627838135, 13.4434013367, 12.4389181137, 12.27409935, 10.4093666077, 9.37573814392, 7.29165458679, 3.76962065697, 1.42825508118, 0.445316642523, 0.0663652047515, 0.00193548435345, 0.00010118058708, 5.85513262195e-05],
        "median": [0.0680583119392, 0.816011428833, 1.8134303093, 1.93213415146, 2.31272649765, 3.56303834915, 4.6905040741, 4.39940357208, 5.38789367676, 8.26130962372, 14.7527675629, 16.7245254517, 15.1597423553, 18.7347068787, 17.6584186554, 22.6305484772, 19.2052726746, 19.1941738129, 19.1853790283, 17.276222229, 17.023147583, 17.4006652832, 15.233338356, 13.6920509338, 11.5015125275, 8.76197910309, 8.24921798706, 8.76756381989, 8.23958969116, 7.40197849274, 6.16117048264, 4.37412929535, 2.51185750961, 1.01111912727, 0.322877526283, 0.0785223543644, 0.0094405207783, 0.000312210177071, 4.6937904699e-05, 5.29397148057e-05],
        "min": [6.60263501512e-22, 8.31097280442e-21, 1.335104163e-20, 1.38943546974e-20, 1.19487774291e-20, 3.71235880104e-20, 6.92512571526e-20, 2.68498406588e-19, 8.47753524965e-19, 5.79574280847e-19, 8.86949374894e-19, 1.12142809178e-18, 1.5039645903e-18, 1.93187390997e-18, 2.79594119437e-18, 2.41717353752e-18, 3.22767901611e-18, 4.22829169256e-18, 6.47012692846e-18, 4.31368320156e-18, 4.05710873275e-18, 6.05526359122e-18, 1.10767714468e-17, 1.12932123531e-17, 1.40371424985e-17, 1.24810246875e-17, 1.5034039066e-17, 1.37850592068e-17, 1.25648693688e-17, 1.60009817692e-17, 1.65541339885e-17, 2.05032348535e-17, 1.72057124288e-17, 8.96852050315e-18, 6.97020020855e-18, 5.59521427225e-18, 3.62739667633e-18, 1.21915948116e-18, 3.09678378463e-19, 3.57411785675e-20],
        "var": [0.746872186661, 29.2560272217, 105.652046204, 133.298171997, 148.236236572, 127.129806519, 404.074249268, 415.725280762, 869.545654297, 1276.54394531, 6601.58300781, 8826.24609375, 11559.9785156, 9477.18457031, 7414.04589844, 10340.5742188, 6939.7109375, 4720.47509766, 3792.75585938, 4746.69921875, 2365.20410156, 1274.48657227, 869.656066895, 1508.91296387, 552.956787109, 285.106414795, 259.42098999, 246.013427734, 206.569229126, 233.888656616, 193.494857788, 239.555953979, 222.785247803, 71.0582809448, 10.9719724655, 1.53048670292, 0.0589776001871, 5.83611545153e-05, 5.55633690169e-08, 1.87382154238e-09]
    },
    "gfcc": {
        "mean": [20.3970050812, 83.6657409668, -133.759338379, 42.4874839783, -70.1300582886, 32.9873733521, -37.0092086792, 12.7048101425, -17.7812099457, -2.20813798904, -11.1889190674, -4.94555807114, -6.17137956619],
        "cov": [[6782.09375, -1076.00756836, 1043.71411133, 623.801696777, 278.242523193, 879.039672852, -68.7450714111, 672.75604248, -205.084655762, 533.645385742, -154.473571777, 312.744506836, -169.393600464], [-1076.00756836, 1528.46057129, -261.253814697, -40.3806228638, 206.193618774, -222.921417236, 291.98223877, -239.146209717, 252.579727173, -215.096298218, 223.383926392, -114.024925232, 84.6366882324], [1043.71411133, -261.253814697, 1275.0135498, 387.937896729, 250.108840942, 326.241668701, -119.716201782, 257.053070068, -129.473022461, 295.425231934, -90.9767608643, 199.2371521, -87.8256225586], [623.801696777, -40.3806228638, 387.937896729, 437.083648682, 172.207626343, 147.223999023, -0.0148921459913, 97.0959091187, 46.2251777649, 104.470291138, 30.8760261536, 54.9690246582, 31.817035675], [278.242523193, 206.193618774, 250.108840942, 172.207626343, 354.299499512, 114.342178345, 106.848510742, 86.1811218262, 44.9059371948, 96.1629943848, 28.0521259308, 76.7084350586, 10.9401636124], [879.039672852, -222.921417236, 326.241668701, 147.223999023, 114.342178345, 376.483886719, 102.953689575, 176.033798218, -6.06958866119, 113.301872253, 13.5715255737, 76.1782531738, -9.31595420837], [-68.7450714111, 291.98223877, -119.716201782, -0.0148921459913, 106.848510742, 102.953689575, 341.067443848, 43.1557922363, 86.4348602295, -40.2261276245, 81.4932250977, 6.50152015686, 26.6358737946], [672.75604248, -239.146209717, 257.053070068, 97.0959091187, 86.1811218262, 176.033798218, 43.1557922363, 233.152587891, 6.72542905807, 127.504257202, -16.7655792236, 77.9060745239, -12.4865322113], [-205.084655762, 252.579727173, -129.473022461, 46.2251777649, 44.9059371948, -6.06958866119, 86.4348602295, 6.72542905807, 218.173294067, -7.49630641937, 102.521202087, -30.5989894867, 66.2447128296], [533.645385742, -215.096298218, 295.425231934, 104.470291138, 96.1629943848, 113.301872253, -40.2261276245, 127.504257202, -7.49630641937, 203.911849976, -9.50677680969, 88.563911438, -10.2999296188], [-154.473571777, 223.383926392, -90.9767608643, 30.8760261536, 28.0521259308, 13.5715255737, 81.4932250977, -16.7655792236, 102.521202087, -9.50677680969, 158.554626465, 8.2491645813, 62.8587379456], [312.744506836, -114.024925232, 199.2371521, 54.9690246582, 76.7084350586, 76.1782531738, 6.50152015686, 77.9060745239, -30.5989894867, 88.563911438, 8.2491645813, 133.754364014, 6.75461959839], [-169.393600464, 84.6366882324, -87.8256225586, 31.817035675, 10.9401636124, -9.31595420837, 26.6358737946, -12.4865322113, 66.2447128296, -10.2999296188, 62.8587379456, 6.75461959839, 117.49785614]],
        "icov": [[0.000324134831317, -0.000252174038906, 0.000381573161576, -0.000476024317322, 0.000243785863859, -0.000718846509699, 0.000383882288588, -0.000619530095719, 0.000367736211047, -0.00045609776862, 0.000321549072396, -0.000389430118958, 0.000433560519014], [-0.000252174038906, 0.00259553547949, -0.00150333205238, 0.00118164788, -0.00200001639314, 0.00214459467679, -0.00186369998846, 0.0021885316819, -0.00172091508284, 0.00205394602381, -0.00234654848464, 0.00170657865237, -0.000357990182238], [0.000381573161576, -0.00150333205238, 0.00316726299934, -0.00214646500535, 0.000726858153939, -0.00242258794606, 0.00199878262356, -0.00185665779281, 0.0017196603585, -0.00225255871192, 0.00178915064316, -0.00237281317823, 0.00168373261113], [-0.000476024317322, 0.00118164788, -0.00214646500535, 0.00505646225065, -0.00214339001104, 0.00100921024568, -0.0005263464991, 0.00136500189546, -0.00177393539343, 0.00138215254992, -0.00169798766728, 0.00201204535551, -0.00205310294405], [0.000243785863859, -0.00200001639314, 0.000726858153939, -0.00214339001104, 0.00629488099366, -0.00145954545587, -0.000411629356677, -0.00113659445196, 0.000521335052326, -0.00289559783414, 0.00242569623515, -0.00271184789017, 0.000496967928484], [-0.000718846509699, 0.00214459467679, -0.00242258794606, 0.00100921024568, -0.00145954545587, 0.00794262159616, -0.00362626812421, -0.000138955278089, -0.000729640130885, 0.00155566912144, -0.00301400455646, 0.00231625512242, -0.00106530508492], [0.000383882288588, -0.00186369998846, 0.00199878262356, -0.0005263464991, -0.000411629356677, -0.00362626812421, 0.00680214678869, -0.00311434478499, 0.00051210046513, 0.000848564784974, 0.000140022399137, -0.0019784187898, 0.0012348004384], [-0.000619530095719, 0.0021885316819, -0.00185665779281, 0.00136500189546, -0.00113659445196, -0.000138955278089, -0.00311434478499, 0.011992319487, -0.00361743872054, -0.00154010404367, 0.000533109006938, -0.000398630101699, -0.000509591365699], [0.000367736211047, -0.00172091508284, 0.0017196603585, -0.00177393539343, 0.000521335052326, -0.000729640130885, 0.00051210046513, -0.00361743872054, 0.0101495040581, -0.00273167039268, -0.00273557123728, 0.00242490344681, -0.00170901592355], [-0.00045609776862, 0.00205394602381, -0.00225255871192, 0.00138215254992, -0.00289559783414, 0.00155566912144, 0.000848564784974, -0.00154010404367, -0.00273167039268, 0.0130483554676, -0.00245164497755, -0.001875599497, -5.4787749832e-05], [0.000321549072396, -0.00234654848464, 0.00178915064316, -0.00169798766728, 0.00242569623515, -0.00301400455646, 0.000140022399137, 0.000533109006938, -0.00273557123728, -0.00245164497755, 0.0138727985322, -0.00445194076747, -0.00232726079412], [-0.000389430118958, 0.00170657865237, -0.00237281317823, 0.00201204535551, -0.00271184789017, 0.00231625512242, -0.0019784187898, -0.000398630101699, 0.00242490344681, -0.001875599497, -0.00445194076747, 0.0153516409919, -0.00329928006977], [0.000433560519014, -0.000357990182238, 0.00168373261113, -0.00205310294405, 0.000496967928484, -0.00106530508492, 0.0012348004384, -0.000509591365699, -0.00170901592355, -5.4787749832e-05, -0.00232726079412, -0.00329928006977, 0.0131368245929]]
    },
    "melbands": {
        "dmean": [0.0018581537297, 0.00190440588631, 0.00082352978643, 0.000376249168767, 0.00023847752891, 0.000159826173331, 0.000133911147714, 0.000140528863994, 0.000221901500481, 0.000190999024198, 0.000130420405185, 0.000127404317027, 9.3775219284e-05, 8.78938153619e-05, 7.00072923792e-05, 6.24819440418e-05, 4.53215870948e-05, 3.96815848944e-05, 3.1904251955e-05, 2.41506186285e-05, 2.09666068258e-05, 1.71435494849e-05, 1.47114024003e-05, 1.09859165605e-05, 9.42613860389e-06, 8.22166384751e-06, 5.80906225878e-06, 4.6614841267e-06, 4.33180002801e-06, 3.95132019548e-06, 3.6755286601e-06, 3.4461343148e-06, 3.32134845848e-06, 3.52442680196e-06, 2.80226936411e-06, 3.09442566504e-06, 3.00703595713e-06, 2.93045809485e-06, 2.48207561526e-06, 1.77416075076e-06],
        "dmean2": [0.00237355730496, 0.00264371233061, 0.00139050674625, 0.000647908134852, 0.000382926431485, 0.000257913750829, 0.00021324204863, 0.000224269169848, 0.000348501926055, 0.000301847758237, 0.000204562646104, 0.000202123934287, 0.000146442267578, 0.000141717275255, 0.000112845220428, 9.97622773866e-05, 7.27348015062e-05, 6.48555578664e-05, 5.10215904796e-05, 3.86411193176e-05, 3.42905368598e-05, 2.81983993773e-05, 2.40163826675e-05, 1.79920261871e-05, 1.51725807882e-05, 1.34564616019e-05, 9.48066644924e-06, 7.66827815823e-06, 7.00574901202e-06, 6.35111746305e-06, 5.89185174249e-06, 5.46917226529e-06, 5.26455869476e-06, 5.65815071241e-06, 4.33941340816e-06, 4.74147236673e-06, 4.52153972219e-06, 4.35210313299e-06, 3.67126131096e-06, 2.693241413e-06],
        "dvar": [1.12056177386e-05, 1.33727671709e-05, 4.04522006647e-06, 6.04737977028e-07, 2.06782701184e-07, 1.10977630641e-07, 1.25438830878e-07, 9.52082004346e-08, 2.15627636635e-07, 1.70066144278e-07, 8.37594384961e-08, 6.61205845631e-08, 4.76907935365e-08, 2.57833328021e-08, 2.0436939252e-08, 1.83046449109e-08, 9.439592219e-09, 6.89345958094e-09, 5.34135713437e-09, 2.69932454167e-09, 1.70188385606e-09, 9.2267327112e-10, 9.08696895507e-10, 4.04502820128e-10, 3.22911447581e-10, 1.78861273015e-10, 9.38629243774e-11, 7.038494787e-11, 5.06047946602e-11, 4.25029976492e-11, 4.117963609e-11, 3.36935514211e-11, 3.42295670974e-11, 3.79466423561e-11, 2.38063978253e-11, 3.62251097175e-11, 3.87168665184e-11, 4.34051510012e-11, 4.24639837182e-11, 1.82831857293e-11],
        "dvar2": [1.571359644e-05, 2.63447491307e-05, 1.06262041299e-05, 1.66303789229e-06, 5.03166575072e-07, 2.73378702786e-07, 2.66506418711e-07, 2.18042018219e-07, 4.95661765854e-07, 4.00611071427e-07, 1.88720619576e-07, 1.54127079099e-07, 1.0895352176e-07, 6.02365162194e-08, 4.93332059648e-08, 4.52929995731e-08, 2.18854072642e-08, 1.67215201685e-08, 1.19725847014e-08, 6.51884191072e-09, 4.0892804698e-09, 2.26666574399e-09, 2.36673636245e-09, 1.06029396374e-09, 7.31780136487e-10, 4.24199286808e-10, 2.42217967905e-10, 1.83380186036e-10, 1.25242025084e-10, 1.029028876e-10, 1.00003318126e-10, 8.20267256896e-11, 7.9625792071e-11, 9.26155471759e-11, 5.33681016046e-11, 7.77159031573e-11, 8.34672470029e-11, 8.58000823167e-11, 8.3154490238e-11, 3.89416207613e-11],
        "max": [0.0436097607017, 0.0475352741778, 0.0239227917045, 0.0125100649893, 0.0113694453612, 0.00672125024721, 0.0227320250124, 0.00888430420309, 0.0109788132831, 0.00800085626543, 0.00806589704007, 0.00544212758541, 0.00682386662811, 0.00327645568177, 0.00370027124882, 0.00257589970715, 0.002107122913, 0.00206575379707, 0.00163700245321, 0.00136616500095, 0.00143551279325, 0.000973841641098, 0.000834870734252, 0.000555874896236, 0.000945841427892, 0.000363039784133, 0.00020728346135, 0.000199496149435, 0.00011273570999, 0.000124363898067, 0.000124272904941, 0.000115127513709, 0.000137581024319, 0.000116740469821, 0.000117634532216, 0.000150928040966, 0.000177684996743, 0.00022991654987, 0.000202262293897, 0.000116339237138],
        "mean": [0.00412534503266, 0.00345058692619, 0.00100136187393, 0.00047543796245, 0.000383658334613, 0.00024172810663, 0.000201222195756, 0.000213651524973, 0.000351149996277, 0.000320788472891, 0.000230839694268, 0.000210396232433, 0.000151064465172, 0.000144886231283, 0.00011472983897, 9.85740989563e-05, 7.04626218067e-05, 5.88385410083e-05, 5.28089440195e-05, 4.33502173109e-05, 3.5692442907e-05, 2.9075285056e-05, 2.44833099714e-05, 1.87776749954e-05, 1.76366647793e-05, 1.55928810273e-05, 1.09909233288e-05, 8.5775855041e-06, 8.39708081912e-06, 8.19982778921e-06, 7.59215299695e-06, 7.04332251189e-06, 6.67839231028e-06, 6.89210310156e-06, 5.91573325437e-06, 5.88108196098e-06, 5.64512674828e-06, 5.41030203749e-06, 4.15281601818e-06, 2.85490227725e-06],
        "median": [0.000845332629979, 0.00133180106059, 0.000382933299989, 0.000221905764192, 0.000175100110937, 0.000101625984826, 8.43938905746e-05, 9.49150708038e-05, 0.000118554264191, 9.52322589001e-05, 6.94249611115e-05, 7.07243016222e-05, 5.30559227627e-05, 5.68069444853e-05, 4.62872994831e-05, 3.63223807653e-05, 3.1604875403e-05, 2.89566487481e-05, 2.38438478846e-05, 2.01466446015e-05, 1.91495637409e-05, 1.70065777638e-05, 1.47922146425e-05, 1.15469347293e-05, 1.00423230833e-05, 9.0015691967e-06, 6.27395183983e-06, 5.13785880685e-06, 4.78505262436e-06, 4.8810206863e-06, 4.80358949062e-06, 4.58053546026e-06, 4.12288864027e-06, 4.00322733185e-06, 3.56015652869e-06, 2.94557185043e-06, 2.47340449278e-06, 1.81132566013e-06, 1.19025798995e-06, 6.92234152666e-07],
        "min": [9.09281942353e-24, 9.3317456702e-24, 2.35319732382e-24, 1.37539476547e-24, 2.98055670807e-24, 7.36582461943e-24, 1.34490434485e-23, 5.47432786191e-24, 7.94025577567e-24, 7.52365912049e-24, 7.48087130499e-24, 6.76382435228e-24, 8.8958668879e-24, 8.76791364908e-24, 4.07393093891e-24, 6.77770751535e-24, 7.89274347221e-24, 9.47862683758e-24, 6.26765016998e-24, 5.7785039495e-24, 4.10186332027e-24, 5.21021999186e-24, 7.7585266778e-24, 1.22869645604e-23, 8.14178449341e-24, 9.54647913062e-24, 8.05830249925e-24, 8.56222526779e-24, 9.0828458551e-24, 8.78081941349e-24, 7.79540198081e-24, 6.06261890983e-24, 8.39441798717e-24, 9.59189621952e-24, 8.88891307902e-24, 9.93076483199e-24, 1.43551038407e-23, 1.30674217304e-23, 9.29836344327e-24, 7.22619781693e-24],
        "var": [5.02578841406e-05, 2.85888927465e-05, 3.68577093468e-06, 6.21054482508e-07, 3.82474610205e-07, 1.98434790377e-07, 2.19654040734e-07, 1.56281942054e-07, 4.51870192819e-07, 4.0600272655e-07, 2.85268356492e-07, 1.62850184893e-07, 1.06075212614e-07, 6.68565292017e-08, 4.38738148034e-08, 3.54817331072e-08, 1.61889346373e-08, 1.02005657254e-08, 1.07435340624e-08, 7.37659933137e-09, 3.36691763358e-09, 1.6756532828e-09, 1.25890498026e-09, 6.95651869442e-10, 1.28518540254e-09, 4.28397484153e-10, 2.02476993505e-10, 1.28301091973e-10, 1.14286448361e-10, 1.08781816888e-10, 8.50981299316e-11, 6.80697651023e-11, 7.24348567238e-11, 7.86850376522e-11, 6.05599251302e-11, 8.56841403385e-11, 9.55576590078e-11, 1.16319467947e-10, 9.89951939867e-11, 4.06723023316e-11]
    },
    "mfcc": {
        "mean": [-608.411010742, 98.549446106, 0.393962562084, 10.2295761108, 1.68723535538, 10.3712625504, 0.200895100832, 10.5731725693, 1.36388015747, 4.93670129776, 0.640701830387, 1.87028098106, -2.05597186089],
        "cov": [[5904.53076172, -919.771728516, 542.457092285, 135.357543945, 401.072021484, 325.258117676, 350.262512207, 263.952819824, 226.179885864, 188.23374939, 243.297698975, 143.444885254, 118.930679321], [-919.771728516, 1230.65441895, -214.123596191, 107.406433105, -55.3631744385, 46.2000312805, -0.0361972041428, 74.0864486694, -55.9094238281, -3.43224024773, 34.6340446472, 16.7729473114, 16.0778408051], [542.457092285, -214.123596191, 873.59185791, 179.805801392, 312.674255371, 134.478424072, 118.27155304, 27.5646476746, 60.3940200806, 23.4043369293, 68.24168396, 50.795337677, 103.851219177], [135.357543945, 107.406433105, 179.805801392, 363.213470459, 186.604370117, 78.6696777344, 42.6349105835, 10.9955415726, 51.9244804382, 11.8880243301, 28.6642913818, 39.4866752625, 69.0944900513], [401.072021484, -55.3631744385, 312.674255371, 186.604370117, 369.286682129, 103.054756165, 54.3215255737, -1.26437056065, 65.4512252808, 39.8248329163, 47.2365188599, 39.9321746826, 82.6968231201], [325.258117676, 46.2000312805, 134.478424072, 78.6696777344, 103.054756165, 209.384246826, 122.280738831, 88.1924972534, 53.1408309937, 37.8138961792, 58.4332771301, 44.0440864563, 40.4866600037], [350.262512207, -0.0361972041428, 118.27155304, 42.6349105835, 54.3215255737, 122.280738831, 239.055206299, 116.476844788, 64.5908203125, 27.2729873657, 52.3633422852, 44.0431938171, 39.2991142273], [263.952819824, 74.0864486694, 27.5646476746, 10.9955415726, -1.26437056065, 88.1924972534, 116.476844788, 199.383987427, 59.820224762, 41.7752342224, 64.1547241211, 34.8086051941, 20.0315093994], [226.179885864, -55.9094238281, 60.3940200806, 51.9244804382, 65.4512252808, 53.1408309937, 64.5908203125, 59.820224762, 132.568908691, 59.3402442932, 38.8913764954, 28.4563808441, 32.3409233093], [188.23374939, -3.43224024773, 23.4043369293, 11.8880243301, 39.8248329163, 37.8138961792, 27.2729873657, 41.7752342224, 59.3402442932, 115.589424133, 52.5037384033, 27.578666687, 18.3971309662], [243.297698975, 34.6340446472, 68.24168396, 28.6642913818, 47.2365188599, 58.4332771301, 52.3633422852, 64.1547241211, 38.8913764954, 52.5037384033, 123.160926819, 50.2272567749, 27.353521347], [143.444885254, 16.7729473114, 50.795337677, 39.4866752625, 39.9321746826, 44.0440864563, 44.0431938171, 34.8086051941, 28.4563808441, 27.578666687, 50.2272567749, 91.5078964233, 46.6934776306], [118.930679321, 16.0778408051, 103.851219177, 69.0944900513, 82.6968231201, 40.4866600037, 39.2991142273, 20.0315093994, 32.3409233093, 18.3971309662, 27.353521347, 46.6934776306, 107.204284668]],
