{
"lowlevel": {
    "average_loudness": 0.724971055984,
    "barkbands_crest": {
        "dmean": 2.29132509232,
        "dmean2": 3.69820737839,
        "dvar": 4.77145767212,
        "dvar2": 11.9759864807,
        "max": 26.1846637726,
        "mean": 12.143740654,
        "median": 11.4312019348,
        "min": 2.39616155624,
        "var": 22.4081230164
    },
    "barkbands_flatness_db": {
        "dmean": 0.0189168266952,
        "dmean2": 0.0292526446283,
        "dvar": 0.000318274309393,
        "dvar2": 0.00075291225221,
        "max": 0.457385510206,
        "mean": 0.193453997374,
        "median": 0.183119773865,
        "min": 0.0601998455822,
        "var": 0.00436056824401
    },
    "barkbands_kurtosis": {
        "dmean": 3.31256747246,
        "dmean2": 5.14718389511,
        "dvar": 52.0017089844,
        "dvar2": 122.88368988,
        "max": 294.110076904,
        "mean": 7.50965833664,
        "median": 3.50096726418,
        "min": -1.94867861271,
        "var": 178.931747437
    },
    "barkbands_skewness": {
        "dmean": 0.472795009613,
        "dmean2": 0.714998364449,
        "dvar": 0.311545670033,
        "dvar2": 0.673355162144,
        "max": 15.0548648834,
        "mean": 1.84757828712,
        "median": 1.67085695267,
        "min": -4.62322378159,
        "var": 2.18108606339
    },
    "barkbands_spread": {
        "dmean": 3.93394184113,
        "dmean2": 5.91994714737,
        "dvar": 42.2511444092,
        "dvar2": 79.2294540405,
        "max": 119.013938904,
        "mean": 16.8990840912,
        "median": 13.2309551239,
        "min": 0.615314364433,
        "var": 214.628341675
    },
    "dissonance": {
        "dmean": 0.0266273487359,
        "dmean2": 0.0449947565794,
        "dvar": 0.000633987656329,
        "dvar2": 0.00173077895306,
        "max": 0.5,
        "mean": 0.439136683941,
        "median": 0.448132455349,
        "min": 0.194193527102,
        "var": 0.00182897364721
    },
    "dynamic_complexity": 4.75032281876,
    "erbbands_crest": {
        "dmean": 2.60268378258,
        "dmean2": 4.0843205452,
        "dvar": 6.3629360199,
        "dvar2": 15.1198806763,
        "max": 33.0653495789,
        "mean": 11.8239955902,
        "median": 10.6305389404,
        "min": 2.61310982704,
        "var": 31.8263225555
    },
    "erbbands_flatness_db": {
        "dmean": 0.0155818797648,
        "dmean2": 0.0227851755917,
        "dvar": 0.000225830008276,
        "dvar2": 0.00044729775982,
        "max": 0.446175992489,
        "mean": 0.203096389771,
        "median": 0.195728749037,
        "min": 0.0623839087784,
        "var": 0.00374336657114
    },
    "erbbands_kurtosis": {
        "dmean": 1.39527070522,
        "dmean2": 2.14377498627,
        "dvar": 7.87247514725,
        "dvar2": 18.6236553192,
        "max": 89.8958282471,
        "mean": 2.38833594322,
        "median": 0.664566040039,
        "min": -1.83314609528,
        "var": 40.0890731812
    },
    "erbbands_skewness": {
        "dmean": 0.362362414598,
        "dmean2": 0.543022751808,
        "dvar": 0.147132709622,
        "dvar2": 0.30248555541,
        "max": 8.7739276886,
        "mean": 0.906002402306,
        "median": 0.829575419426,
        "min": -7.28158807755,
        "var": 1.2415522337
    },
    "erbbands_spread": {
        "dmean": 6.41761732101,
        "dmean2": 9.62610530853,
        "dvar": 70.1300811768,
        "dvar2": 151.014205933,
        "max": 147.597900391,
        "mean": 33.6691894531,
        "median": 29.3057556152,
        "min": 1.71687316895,
        "var": 409.033050537
    },
    "hfc": {
        "dmean": 4.74842309952,
        "dmean2": 6.52153253555,
        "dvar": 120.75327301,
        "dvar2": 187.568054199,
        "max": 429.125061035,
        "mean": 20.5988273621,
        "median": 11.9419460297,
        "min": 1.17388403571e-16,
        "var": 696.485351562
    },
    "melbands_crest": {
        "dmean": 2.6682806015,
        "dmean2": 4.32330179214,
        "dvar": 6.21647071838,
        "dvar2": 15.6238431931,
        "max": 33.9210739136,
        "mean": 15.1014862061,
        "median": 14.2112522125,
        "min": 1.77967405319,
        "var": 30.5130176544
    },
    "melbands_flatness_db": {
        "dmean": 0.0198847353458,
        "dmean2": 0.0299126338214,
        "dvar": 0.000404213409638,
        "dvar2": 0.000917373225093,
        "max": 0.555647492409,
        "mean": 0.233062013984,
        "median": 0.211935400963,
        "min": 0.00370042724535,
        "var": 0.00739237293601
    },
    "melbands_kurtosis": {
        "dmean": 6.97964334488,
        "dmean2": 10.8470077515,
        "dvar": 212.746017456,
        "dvar2": 519.344665527,
        "max": 454.988830566,
        "mean": 17.6189060211,
        "median": 9.72400856018,
        "min": -1.92243778706,
        "var": 790.198303223
    },
    "melbands_skewness": {
        "dmean": 0.606679439545,
        "dmean2": 0.930300891399,
        "dvar": 0.511194646358,
        "dvar2": 1.20206344128,
        "max": 16.9190940857,
        "mean": 2.68509340286,
        "median": 2.47144937515,
        "min": -1.4208445549,
        "var": 3.64667391777
    },
    "melbands_spread": {
        "dmean": 4.91996097565,
        "dmean2": 7.27601528168,
        "dvar": 107.516685486,
        "dvar2": 184.026855469,
        "max": 287.039367676,
        "mean": 19.3136978149,
        "median": 13.8038921356,
        "min": 0.52832531929,
        "var": 481.471588135
    },
    "pitch_salience": {
        "dmean": 0.0604324229062,
        "dmean2": 0.0980398282409,
        "dvar": 0.00321261654608,
        "dvar2": 0.00814822129905,
        "max": 0.922467648983,
        "mean": 0.508731842041,
        "median": 0.510658025742,
        "min": 0.0975048094988,
        "var": 0.0143130188808
    },
    "silence_rate_20dB": {
        "dmean": 0,
        "dmean2": 0,
        "dvar": 0,
        "dvar2": 0,
        "max": 1,
        "mean": 1,
        "median": 1,
        "min": 1,
        "var": 0
    },
    "silence_rate_30dB": {
        "dmean": 0,
        "dmean2": 0,
        "dvar": 0,
        "dvar2": 0,
        "max": 1,
        "mean": 1,
        "median": 1,
        "min": 1,
        "var": 0
    },
    "silence_rate_60dB": {
        "dmean": 0.016801148653,
        "dmean2": 0.0336060151458,
        "dvar": 0.0165183767676,
        "dvar2": 0.0380037724972,
        "max": 1,
        "mean": 0.140251994133,
        "median": 0,
        "min": 0,
        "var": 0.120571769774
    },
    "spectral_centroid": {
        "dmean": 159.184936523,
        "dmean2": 233.911376953,
        "dvar": 86449.171875,
        "dvar2": 132398.8125,
        "max": 11219.2861328,
        "mean": 1010.34161377,
        "median": 916.71081543,
        "min": 158.314239502,
        "var": 439226.6875
    },
    "spectral_complexity": {
        "dmean": 2.02984404564,
        "dmean2": 3.35087323189,
        "dvar": 4.29745435715,
        "dvar2": 10.3088912964,
        "max": 43,
        "mean": 13.1563882828,
        "median": 13,
        "min": 0,
        "var": 53.745891571
    },
    "spectral_decrease": {
        "dmean": 1.22363408295e-09,
        "dmean2": 1.86795912072e-09,
        "dvar": 2.60842121066e-18,
        "dvar2": 5.80280848186e-18,
        "max": 9.57687563034e-29,
        "mean": -5.53232437639e-09,
        "median": -4.59226789928e-09,
        "min": -2.3728849996e-08,
        "var": 1.91549718141e-17
    },
    "spectral_energy": {
        "dmean": 0.00492732366547,
        "dmean2": 0.00747717078775,
        "dvar": 4.09978893003e-05,
        "dvar2": 9.01490930119e-05,
        "max": 0.0911796316504,
        "mean": 0.0227486379445,
        "median": 0.0190095454454,
        "min": 1.02860151509e-20,
        "var": 0.00032420954085
    },
    "spectral_energyband_high": {
        "dmean": 0.000328453519614,
        "dmean2": 0.000441219948698,
        "dvar": 1.49980701281e-06,
        "dvar2": 2.20800575335e-06,
        "max": 0.0513747781515,
        "mean": 0.000908470072318,
        "median": 0.000314282253385,
        "min": 7.2937385604e-21,
        "var": 5.86819987802e-06
    },
    "spectral_energyband_low": {
        "dmean": 0.00182056438643,
        "dmean2": 0.00306475162506,
        "dvar": 1.49975667227e-05,
        "dvar2": 4.07348779845e-05,
        "max": 0.0833078846335,
        "mean": 0.00445057917386,
        "median": 0.00278053991497,
        "min": 4.90728028597e-23,
        "var": 2.97676779155e-05
    },
    "spectral_energyband_middle_high": {
        "dmean": 0.00176149955951,
        "dmean2": 0.00255113793537,
        "dvar": 1.20383301692e-05,
        "dvar2": 2.30392179219e-05,
        "max": 0.082562841475,
        "mean": 0.00663911132142,
        "median": 0.00202980288304,
        "min": 1.48641851916e-21,
        "var": 0.000119571370305
    },
    "spectral_energyband_middle_low": {
        "dmean": 0.00327501026914,
        "dmean2": 0.00491477036849,
        "dvar": 2.29160887102e-05,
        "dvar2": 4.85499222123e-05,
        "max": 0.0791383907199,
        "mean": 0.011371133849,
        "median": 0.00765264127403,
        "min": 2.51520663456e-22,
        "var": 0.000133151304908
    },
    "spectral_entropy": {
        "dmean": 0.149397879839,
        "dmean2": 0.215558573604,
        "dvar": 0.0234789960086,
        "dvar2": 0.0433720164001,
        "max": 9.81582832336,
        "mean": 7.21371555328,
        "median": 7.28634643555,
        "min": 4.84914684296,
        "var": 0.337815731764
    },
    "spectral_flux": {
        "dmean": 0.0171651784331,
        "dmean2": 0.027472646907,
        "dvar": 0.00042497983668,
        "dvar2": 0.00102457986213,
        "max": 0.261040121317,
        "mean": 0.0630048587918,
        "median": 0.0581756308675,
        "min": 1.03496225479e-10,
        "var": 0.00168910622597
    },
    "spectral_kurtosis": {
        "dmean": 2.73044157028,
        "dmean2": 4.73313617706,
        "dvar": 26.112279892,
        "dvar2": 82.2871170044,
        "max": 91.9476394653,
        "mean": 6.00663661957,
        "median": 3.19980621338,
        "min": -1.46602284908,
        "var": 78.7469711304
    },
    "spectral_rms": {
        "dmean": 0.000492206658237,
        "dmean2": 0.000743870332371,
        "dvar": 3.077866495e-07,
        "dvar2": 6.5079518663e-07,
        "max": 0.00943163502961,
        "mean": 0.00425716349855,
        "median": 0.00430649518967,
        "min": 3.16782841278e-12,
        "var": 4.07027346228e-06
    },
    "spectral_rolloff": {
        "dmean": 323.182220459,
        "dmean2": 537.729858398,
        "dvar": 791950.4375,
        "dvar2": 1475888.75,
        "max": 19379.8828125,
        "mean": 1244.88122559,
        "median": 861.328125,
        "min": 64.599609375,
        "var": 2459381.25
    },
    "spectral_skewness": {
        "dmean": 0.282218903303,
        "dmean2": 0.464921206236,
        "dvar": 0.128964647651,
        "dvar2": 0.38644066453,
        "max": 7.88690423965,
        "mean": 1.74205100536,
        "median": 1.55516111851,
        "min": -1.08215916157,
        "var": 0.686064898968
    },
    "spectral_spread": {
        "dmean": 476220.65625,
        "dmean2": 668526.75,
        "dvar": 587669110784,
        "dvar2": 724164542464,
        "max": 41816844,
        "mean": 4639840.5,
        "median": 4512790,
        "min": 822163.1875,
        "var": 4.69643087053e+12
    },
    "spectral_strongpeak": {
        "dmean": 0.573666095734,
        "dmean2": 0.928612828255,
        "dvar": 1.28132796288,
        "dvar2": 3.08454656601,
        "max": 29.3062019348,
        "mean": 1.58731734753,
        "median": 0.794335126877,
        "min": 0,
        "var": 4.18239593506
    },
    "zerocrossingrate": {
        "dmean": 0.00827913824469,
        "dmean2": 0.00938686449081,
        "dvar": 0.000221937676542,
        "dvar2": 0.000200248236069,
        "max": 0.55908203125,
        "mean": 0.0551246739924,
        "median": 0.0498046875,
        "min": 0.00439453125,
        "var": 0.00193298188969
    },
    "barkbands": {
        "dmean": [7.14870184311e-05, 0.00112541799899, 0.000830418604892, 0.000580062915105, 0.00126024486963, 0.00130224309396, 0.000600204104558, 0.000308844610117, 0.000942300946917, 0.000656119489577, 0.000787177530583, 0.000295221165288, 0.000326366774971, 0.000320251710946, 0.000265943381237, 0.000179154420039, 0.000152773616719, 0.000123504782096, 5.51220873604e-05, 7.25704230717e-05, 4.3707266741e-05, 4.70061568194e-05, 0.000103252496046, 0.000123870515381, 6.55707990518e-05, 1.20985978356e-05, 7.96740717846e-09],
        "dmean2": [0.000123697405797, 0.0019202940166, 0.0013854324352, 0.000987563515082, 0.00200755288824, 0.00192604050972, 0.000904898275621, 0.000480587914353, 0.00140333920717, 0.000979544711299, 0.00117661349941, 0.000452746549854, 0.000484962627525, 0.000474303204101, 0.000393730559153, 0.000286447088001, 0.000230911871768, 0.000193597938051, 8.78015416674e-05, 0.000109962718852, 6.76794879837e-05, 7.18180526746e-05, 0.00015119453019, 0.000170348939719, 9.37760560191e-05, 1.76464163815e-05, 1.42839544637e-08],
        "dvar": [3.50063373844e-08, 7.0924843385e-06, 2.99492330669e-06, 1.5283292214e-06, 7.13237386663e-06, 8.98555754247e-06, 1.96540236175e-06, 9.36011929298e-07, 7.66180437495e-06, 5.28367490915e-06, 5.4558854572e-06, 1.75104048594e-06, 1.21994469282e-06, 1.08378708319e-06, 1.19914886909e-06, 6.75533726735e-07, 3.30444407837e-07, 1.6353099852e-07, 1.65087907789e-08, 5.58793722405e-08, 1.93502796009e-08, 3.20218411787e-08, 1.3604054061e-07, 3.35198052426e-07, 2.24404246296e-07, 4.79027040257e-09, 3.20771478769e-14],
        "dvar2": [9.53213614707e-08, 1.94567201106e-05, 7.76128399593e-06, 4.29374131272e-06, 1.62027372426e-05, 1.83426091098e-05, 4.17028149968e-06, 1.95537995751e-06, 1.60292438522e-05, 1.00928318716e-05, 1.05964645627e-05, 3.36483003593e-06, 2.48363380706e-06, 2.30607133744e-06, 2.04697062145e-06, 1.49894663082e-06, 6.93288541243e-07, 3.69988725879e-07, 3.90060357347e-08, 1.11722471274e-07, 4.28469242308e-08, 7.25266033896e-08, 2.67157275857e-07, 5.39881796158e-07, 4.64188843807e-07, 9.60993595811e-09, 8.74837786306e-14],
        "max": [0.00667352229357, 0.0541813001037, 0.0298827067018, 0.0335619859397, 0.0684926733375, 0.0711072385311, 0.042782150209, 0.0340326838195, 0.0587198697031, 0.0783208310604, 0.0740444883704, 0.0527894571424, 0.0315166600049, 0.0248899944127, 0.0392897650599, 0.0328377559781, 0.0212220158428, 0.0140251237899, 0.00384534965269, 0.0116069223732, 0.00451026717201, 0.00598827656358, 0.0137309180573, 0.0344021730125, 0.0262327510864, 0.00331044266932, 1.31425076688e-05],
        "mean": [9.01951570995e-05, 0.00217271479778, 0.0017493708292, 0.00098550436087, 0.00283068534918, 0.00320392148569, 0.00129533768632, 0.000487226294354, 0.00221813330427, 0.00168505765032, 0.00172055326402, 0.000710863096174, 0.000617205922026, 0.000578171282541, 0.000523179071024, 0.000274045858532, 0.000299646431813, 0.000229260811466, 0.0001099256624, 0.000154570108862, 8.26778414194e-05, 8.72147356858e-05, 0.000243897753535, 0.000274498393992, 0.000109660504677, 1.51340855155e-05, 5.43558931199e-09],
        "median": [1.67426514963e-05, 0.000792259117588, 0.000708768551704, 0.0003306340368, 0.00124281900935, 0.000565539754461, 0.000387033796869, 0.000145694823004, 0.000355689378921, 0.000115008646389, 0.000238917331444, 7.75050139055e-05, 0.000104692488094, 0.000116768816952, 0.000107144900539, 7.27481965441e-05, 6.76924973959e-05, 6.37661287328e-05, 4.51899322798e-05, 3.42731327692e-05, 3.05578978441e-05, 3.5214201489e-05, 7.44091739762e-05, 5.66642265767e-05, 1.27434041133e-05, 1.0269208417e-07, 3.54781343193e-10],
        "min": [3.71243464023e-24, 1.25876120732e-23, 1.77408364702e-23, 2.92223582692e-24, 2.57457125758e-23, 2.35985136556e-23, 2.49019579956e-23, 4.54205914387e-23, 4.24662568616e-23, 2.89315273415e-23, 7.96444572202e-23, 4.88931571435e-23, 5.51707670768e-23, 1.06939726117e-22, 8.70671902653e-23, 1.98022754815e-22, 1.6485364024e-22, 1.32529641819e-22, 2.93991319006e-22, 3.58773232875e-22, 2.92287707617e-22, 4.15941768106e-22, 4.89201500704e-22, 8.97490358775e-22, 9.81160303775e-22, 1.66447520446e-21, 2.33593462384e-21],
        "var": [5.32819477428e-08, 1.1212676327e-05, 7.22424601918e-06, 3.36428206538e-06, 2.60097185674e-05, 4.32233027823e-05, 6.63105493004e-06, 1.82350322575e-06, 3.51198941644e-05, 3.84162522096e-05, 2.70502860076e-05, 1.03264701465e-05, 4.35468064097e-06, 2.87161356027e-06, 4.21584809374e-06, 9.6727944765e-07, 1.01680825537e-06, 4.57434452983e-07, 3.49694104784e-08, 1.6018159954e-07, 4.04916455921e-08, 5.74560488076e-08, 3.91839762415e-07, 1.06495110686e-06, 4.89610897603e-07, 9.28627308383e-09, 2.10849404342e-14]
    },
    "erbbands": {
        "dmean": [0.032030235976, 0.269812375307, 0.870652139187, 1.34047949314, 2.13762784004, 5.79618120193, 7.88064479828, 11.6117763519, 7.29391908646, 10.2867851257, 7.72120141983, 22.3022480011, 18.9151573181, 23.5553627014, 25.7163467407, 9.92716121674, 13.6965742111, 13.3374176025, 12.294342041, 15.2994070053, 7.07179689407, 8.34052753448, 6.17994642258, 4.03978013992, 2.18934416771, 3.68990540504, 2.31286525726, 1.43799865246, 1.58068072796, 2.21714758873, 3.2284784317, 2.80557799339, 2.03100562096, 1.00508594513, 0.271955609322, 0.0895518064499, 0.0147693185136, 0.000389813038055, 1.66865847859e-05, 7.21541164239e-06],
        "dmean2": [0.055266559124, 0.460633188486, 1.4590947628, 2.27341222763, 3.61716389656, 9.29279232025, 11.889550209, 17.1942424774, 11.2003822327, 15.1664409637, 11.796877861, 32.5747909546, 27.4166717529, 34.7994842529, 37.2024497986, 14.6279773712, 20.4578914642, 19.6592884064, 18.258808136, 22.4842319489, 11.1148691177, 12.2722644806, 9.49326896667, 6.2768073082, 3.46023797989, 5.6517701149, 3.51027750969, 2.23352241516, 2.43019533157, 3.30537247658, 4.75344657898, 3.8810942173, 2.91414380074, 1.45709884167, 0.374372273684, 0.128380104899, 0.0221518371254, 0.000575859041419, 2.33940827457e-05, 1.05330291262e-05],
        "dvar": [0.00636602612212, 0.390595167875, 3.45159482956, 7.53609037399, 14.9863872528, 186.400177002, 340.2706604, 913.364807129, 336.053131104, 643.955871582, 469.261810303, 4987.65234375, 3593.60351562, 6509.109375, 5155.44042969, 1377.23144531, 2280.92480469, 2021.7734375, 1730.47949219, 4006.53686523, 433.485839844, 1258.04272461, 509.81539917, 119.50113678, 21.3386001587, 144.600982666, 53.6321868896, 26.1426372528, 38.6760940552, 70.0154571533, 145.105484009, 130.988006592, 117.322937012, 49.8920669556, 2.38495588303, 0.277234554291, 0.00620170030743, 5.38469885214e-06, 6.47895426198e-09, 1.78742867729e-10],
        "dvar2": [0.0172987766564, 1.0849891901, 9.10985469818, 20.7054805756, 41.1908073425, 435.77557373, 664.180358887, 1877.51623535, 716.739257812, 1324.91479492, 986.915893555, 9826.796875, 6840.44873047, 12777.9707031, 9788.82421875, 2667.36938477, 4751.78222656, 4391.31494141, 3700.86499023, 6498.8984375, 977.392211914, 2487.22314453, 1111.73071289, 267.743041992, 51.515499115, 297.37600708, 116.66859436, 58.2237739563, 87.6887283325, 153.708129883, 295.785369873, 197.289871216, 230.499298096, 105.122871399, 4.03312397003, 0.539632856846, 0.0122920991853, 9.6358189694e-06, 1.10304414491e-08, 3.09668707343e-10],
        "max": [1.40587973595, 12.75573349, 31.4963417053, 99.4923706055, 104.38835907, 401.181518555, 611.208435059, 855.393188477, 752.605773926, 803.353149414, 723.450195312, 1597.9362793, 2207.06713867, 2400.99658203, 2433.63720703, 1493.45556641, 1396.21142578, 1459.86157227, 1366.6126709, 2981.80786133, 618.761779785, 1451.7454834, 978.715881348, 259.976165771, 123.470703125, 523.228027344, 189.112731934, 228.598007202, 236.620376587, 323.682830811, 523.6875, 730.118530273, 439.02520752, 387.444824219, 91.5443344116, 27.4662399292, 3.65015411377, 0.139516606927, 0.00485071213916, 0.00058406253811],
        "mean": [0.0577851831913, 0.518006622791, 1.90260493755, 2.66799855232, 4.50789165497, 12.0081090927, 18.7168235779, 27.3976650238, 16.0128250122, 21.876367569, 15.4602966309, 50.7963523865, 54.4537582397, 55.4725990295, 61.3067398071, 23.7515773773, 28.3822402954, 26.8367347717, 25.5931758881, 30.3178882599, 14.475479126, 17.3246574402, 12.9143371582, 8.30321407318, 5.16083145142, 8.10931682587, 4.6029009819, 2.71129989624, 2.92131257057, 4.52498340607, 7.63927793503, 6.5270447731, 4.05971384048, 1.7605099678, 0.443328648806, 0.123380452394, 0.0176342390478, 0.000498302339111, 3.73583206965e-05, 3.13695745717e-05],
        "median": [0.0140336835757, 0.221362456679, 0.88590323925, 1.35306572914, 2.03829622269, 5.10236263275, 4.78285312653, 5.2018699646, 5.15267848969, 6.39502334595, 5.08072471619, 8.85966205597, 6.22259235382, 8.45683479309, 10.148267746, 4.51784944534, 5.63304805756, 5.53411912918, 6.92585706711, 5.50153636932, 4.48275279999, 4.16610050201, 3.76945328712, 3.212413311, 2.19351100922, 1.73839783669, 1.3829574585, 1.17618596554, 1.23491609097, 1.60051333904, 2.15862560272, 1.56306791306, 0.706257224083, 0.25091868639, 0.0357365868986, 0.00394485518336, 0.000307346112095, 2.87601505988e-05, 1.55644556799e-05, 2.4445436793e-05],
        "min": [7.30730414069e-22, 1.41842330345e-21, 1.38775784406e-20, 1.66433214422e-20, 4.23454435081e-20, 9.42038841133e-20, 1.8290354041e-19, 2.02075014994e-19, 3.40131782346e-19, 5.4876986804e-19, 8.49528447765e-19, 9.14220795906e-19, 7.79829227074e-19, 1.8439510215e-18, 2.79412305139e-18, 2.13942324503e-18, 2.54790095474e-18, 5.00088127982e-18, 5.99621282165e-18, 5.24868804773e-18, 1.15009686901e-17, 9.64930007345e-18, 8.65560055896e-18, 1.27684840125e-17, 1.16467931874e-17, 1.68913010779e-17, 1.38490308738e-17, 1.37801457539e-17, 1.22753478826e-17, 1.33130889744e-17, 1.57263214099e-17, 1.97111415882e-17, 1.36850067486e-17, 1.0741819547e-17, 6.91537715909e-18, 4.68887082071e-18, 3.36709348411e-18, 1.42466051023e-18, 3.31778576479e-19, 3.28726551437e-20],
        "var": [0.0102639133111, 0.609858334064, 7.70737743378, 15.5221252441, 54.3724861145, 589.819335938, 1675.5234375, 3467.34033203, 976.314880371, 2636.99755859, 1279.56970215, 19920.7246094, 32377.0859375, 24943.7089844, 28955.6992188, 6443.46582031, 9263.44824219, 5355.90625, 6277.32666016, 16560.8183594, 1296.48620605, 3919.82128906, 1631.0078125, 263.729156494, 62.9647903442, 473.57598877, 123.637886047, 41.7767105103, 66.7160339355, 148.129333496, 400.337188721, 505.511322021, 296.626800537, 112.75440979, 6.41911840439, 0.592515587807, 0.0116156889126, 1.02476606116e-05, 1.65353952752e-08, 9.60235557734e-10]
    },
    "gfcc": {
        "mean": [-56.1861991882, 119.049514771, -131.222198486, 33.4133148193, -75.676864624, 20.0625038147, -40.788936615, 0.128662258387, -13.3644933701, -15.4489583969, -3.68206071854, -11.4362001419, -1.02132618427],
        "cov": [[11640.140625, -3505.73681641, 14.8500833511, 706.260559082, -862.522766113, 1283.30578613, -1125.97717285, 907.311340332, -637.926635742, 526.79119873, -17.8721580505, 507.082580566, -15.6828956604], [-3505.73681641, 2651.42407227, 68.0350265503, -48.9688682556, 851.483703613, -585.172241211, 644.112976074, -484.229675293, 326.895782471, -219.98739624, 157.008483887, -261.011749268, 45.8858032227], [14.8500833511, 68.0350265503, 1642.28942871, 382.608734131, 148.286224365, 193.61630249, -223.570281982, 209.08404541, -183.326705933, 283.196838379, -71.0767211914, 181.110412598, -76.7912597656], [706.260559082, -48.9688682556, 382.608734131, 568.899597168, 155.25579834, 123.826873779, -60.6809043884, 122.55670166, 5.45412540436, 85.4277572632, 47.2355041504, 47.3159599304, 14.7808513641], [-862.522766113, 851.483703613, 148.286224365, 155.25579834, 585.790710449, -113.877319336, 228.052139282, -77.7428283691, 76.4401550293, 25.9555492401, 18.843624115, -46.0333023071, -13.377166748], [1283.30578613, -585.172241211, 193.61630249, 123.826873779, -113.877319336, 458.865783691, -80.2003097534, 183.091934204, -124.992759705, 86.6865539551, 12.0285024643, 25.7061443329, 9.64552497864], [-1125.97717285, 644.112976074, -223.570281982, -60.6809043884, 228.052139282, -80.2003097534, 436.062469482, -107.919578552, 113.963973999, -111.135925293, 29.223236084, -119.737609863, 6.38612985611], [907.311340332, -484.229675293, 209.08404541, 122.55670166, -77.7428283691, 183.091934204, -107.919578552, 277.462188721, -54.3942260742, 119.551673889, -23.7448272705, 87.0789260864, -13.7353630066], [-637.926635742, 326.895782471, -183.326705933, 5.45412540436, 76.4401550293, -124.992759705, 113.963973999, -54.3942260742, 215.573623657, -55.3423805237, 44.5734519958, -50.4047737122, 23.5488586426], [526.79119873, -219.98739624, 283.196838379, 85.4277572632, 25.9555492401, 86.6865539551, -111.135925293, 119.551673889, -55.3423805237, 225.229873657, 0.823762714863, 86.9442596436, -38.112701416], [-17.8721580505, 157.008483887, -71.0767211914, 47.2355041504, 18.843624115, 12.0285024643, 29.223236084, -23.7448272705, 44.5734519958, 0.823762714863, 153.177322388, -16.5347137451, 35.7123832703], [507.082580566, -261.011749268, 181.110412598, 47.3159599304, -46.0333023071, 25.7061443329, -119.737609863, 87.0789260864, -50.4047737122, 86.9442596436, -16.5347137451, 166.617294312, 1.4958384037], [-15.6828956604, 45.8858032227, -76.7912597656, 14.7808513641, -13.377166748, 9.64552497864, 6.38612985611, -13.7353630066, 23.5488586426, -38.112701416, 35.7123832703, 1.4958384037, 111.900985718]],
        "icov": [[0.000259947672021, -0.000165522360476, 0.000396097369958, -0.000365783605957, 0.000199005822651, -0.000586951326113, 0.000475341134006, -0.000302287604427, 0.000402783654863, -0.000202926239581, 0.000156192603754, -0.000490867358167, 0.000237427040702], [-0.000165522360476, 0.00322289182805, -0.0017381994985, 0.0011901903199, -0.00295217521489, 0.00253700744361, -0.00196959800087, 0.00189415505156, -0.00129657541402, 0.0012762764236, -0.00273881386966, 0.00217378302477, -0.00136893999297], [0.000396097369958, -0.0017381994985, 0.00232792063616, -0.00151014525909, 0.00138067291118, -0.00202689110301, 0.00167246174533, -0.00121469120495, 0.00157579977531, -0.00150104798377, 0.00189329765271, -0.0020623668097, 0.00124095845968], [-0.000365783605957, 0.0011901903199, -0.00151014525909, 0.0036047634203, -0.00219467189163, 0.000934241979849, -0.000452738080639, -2.47529223998e-05, -0.00159461901058, 0.00119755149353, -0.00196732999757, 0.00123921025079, -0.00101712730248], [0.000199005822651, -0.00295217521489, 0.00138067291118, -0.00219467189163, 0.00582318892702, -0.0016686192248, 2.59307398665e-05, -0.00091566570336, 0.00122571364045, -0.00262469844893, 0.00283215101808, -0.00173341925256, 0.00116932019591], [-0.000586951326113, 0.00253700744361, -0.00202689110301, 0.000934241979849, -0.0016686192248, 0.00684429239482, -0.00280642206781, -0.000389110384276, 0.000567229406442, 0.000672287656926, -0.00296172732487, 0.003915742971, -0.00231147743762], [0.000475341134006, -0.00196959800087, 0.00167246174533, -0.000452738080639, 2.59307398665e-05, -0.00280642206781, 0.00610648142174, -0.00162424740847, 8.68675051606e-05, 0.000517548935022, 0.0013358485885, -0.000668953463901, 0.00151953403838], [-0.000302287604427, 0.00189415505156, -0.00121469120495, -2.47529223998e-05, -0.00091566570336, -0.000389110384276, -0.00162424740847, 0.00850269570947, -0.0020912180189, -0.00138749822509, -6.0701615439e-05, -0.000498610723298, -0.000595390796661], [0.000402783654863, -0.00129657541402, 0.00157579977531, -0.00159461901058, 0.00122571364045, 0.000567229406442, 8.68675051606e-05, -0.0020912180189, 0.00835586339235, -0.000655990734231, -0.000360498263035, -0.000274851045106, -0.000147019003634], [-0.000202926239581, 0.0012762764236, -0.00150104798377, 0.00119755149353, -0.00262469844893, 0.000672287656926, 0.000517548935022, -0.00138749822509, -0.000655990734231, 0.0092446487397, -0.00286845560186, -0.00114761269651, 0.00190588354599], [0.000156192603754, -0.00273881386966, 0.00189329765271, -0.00196732999757, 0.00283215101808, -0.00296172732487, 0.0013358485885, -6.0701615439e-05, -0.000360498263035, -0.00286845560186, 0.0106576783583, -0.00157899095211, -0.00106706644874], [-0.000490867358167, 0.00217378302477, -0.0020623668097, 0.00123921025079, -0.00173341925256, 0.003915742971, -0.000668953463901, -0.000498610723298, -0.000274851045106, -0.00114761269651, -0.00157899095211, 0.0118744364008, -0.00309474859387], [0.000237427040702, -0.00136893999297, 0.00124095845968, -0.00101712730248, 0.00116932019591, -0.00231147743762, 0.00151953403838, -0.000595390796661, -0.000147019003634, 0.00190588354599, -0.00106706644874, -0.00309474859387, 0.0117582539096]]
    },
    "melbands": {
        "dmean": [0.000294864061289, 0.000400125252781, 0.000245034345426, 0.000260612694547, 0.000272644130746, 0.000251910561929, 0.000112210662337, 0.000102591715404, 8.03841176094e-05, 0.000140039279358, 9.53676935751e-05, 9.87431485555e-05, 0.000109841406811, 3.59913792636e-05, 3.0261466236e-05, 2.90103889711e-05, 2.62560479314e-05, 2.35980623984e-05, 1.87739442481e-05, 1.67794496519e-05, 8.61965509102e-06, 1.02341391539e-05, 6.03481521466e-06, 6.88102227286e-06, 3.29186377712e-06, 1.9614235498e-06, 1.85188662272e-06, 2.85236001218e-06, 1.87191676559e-06, 1.00837348782e-06, 8.71551776527e-07, 9.17402644518e-07, 1.0566632227e-06, 1.45308558785e-06, 2.02967521545e-06, 2.01116404241e-06, 1.90705111436e-06, 1.7121625433e-06, 1.2677455743e-06, 7.76319780016e-07],
        "dmean2": [0.000506020092871, 0.000675635761581, 0.000415881746449, 0.00042484360165, 0.00041281839367, 0.000373520131689, 0.000172151107108, 0.000152377033373, 0.000121633180242, 0.000205188087421, 0.000139577052323, 0.000146320424392, 0.000157931819558, 5.35927138117e-05, 4.47040692961e-05, 4.362710024e-05, 3.85839521186e-05, 3.52878851118e-05, 2.71192711807e-05, 2.58106865658e-05, 1.37970755532e-05, 1.50967644004e-05, 9.4365223049e-06, 1.06939869511e-05, 5.16675163453e-06, 3.12577049044e-06, 2.9491868645e-06, 4.37808876086e-06, 2.87484294859e-06, 1.58320710852e-06, 1.38482380407e-06, 1.43228351135e-06, 1.66459346929e-06, 2.19313483285e-06, 3.04668651552e-06, 2.98766531159e-06, 2.65620451501e-06, 2.52009522228e-06, 1.86945862879e-06, 1.12957923193e-06],
        "dvar": [5.21608683357e-07, 7.43168300232e-07, 2.22391435045e-07, 2.81653910861e-07, 3.51127937392e-07, 3.84047467605e-07, 7.34398568625e-08, 6.43180015913e-08, 5.28088648366e-08, 1.89462937783e-07, 9.46178317918e-08, 1.1430731206e-07, 9.40549753636e-08, 2.60891397375e-08, 1.43087932614e-08, 8.26601453952e-09, 8.28185431345e-09, 6.83843115468e-09, 5.4922413284e-09, 5.33084687504e-09, 7.87986009776e-10, 2.06292916083e-09, 4.47025805261e-10, 5.55193613305e-10, 8.66903007712e-11, 1.7449607731e-11, 2.78509281609e-11, 9.75325445407e-11, 3.88664829487e-11, 1.21934025377e-11, 1.15430789926e-11, 1.20234152495e-11, 2.08940659913e-11, 2.9131901752e-11, 5.46192605033e-11, 5.27525037541e-11, 8.39608660375e-11, 9.2853995326e-11, 1.13691209225e-10, 2.52678867413e-11],
        "dvar2": [1.42433145811e-06, 2.01478223971e-06, 6.13169163444e-07, 6.99719123531e-07, 6.9935515512e-07, 7.91341335571e-07, 1.57168656756e-07, 1.31651674451e-07, 1.13272044189e-07, 3.79474556667e-07, 1.83848854363e-07, 2.2079603923e-07, 1.69701763753e-07, 4.88032867452e-08, 2.72159645931e-08, 1.69929315064e-08, 1.7844854483e-08, 1.48874024219e-08, 8.74465388989e-09, 1.05417248264e-08, 1.80767667501e-09, 4.04213196248e-09, 1.00878483345e-09, 1.2042872255e-09, 1.96350602444e-10, 4.21642477877e-11, 6.65488289475e-11, 2.02487637768e-10, 8.6387966225e-11, 2.79697012079e-11, 2.66951859923e-11, 2.73800097178e-11, 5.22247418921e-11, 6.35655278414e-11, 1.14531772955e-10, 1.17381854237e-10, 1.36496938752e-10, 1.99316924077e-10, 2.66086680467e-10, 5.33752868292e-11],
        "max": [0.0140901086852, 0.0169537588954, 0.0140206906945, 0.0140509949997, 0.0157897565514, 0.0167952701449, 0.0101671600714, 0.00732776522636, 0.00745584769174, 0.00965114217252, 0.0118621569127, 0.00976020190865, 0.0112120201811, 0.00688725756481, 0.005899945274, 0.00224952702411, 0.00248390808702, 0.00201929267496, 0.00323835923336, 0.00278217322193, 0.00089387659682, 0.00190822524019, 0.000766692624893, 0.000910430389922, 0.000235955361859, 0.000127740961034, 0.000292946933769, 0.000348825706169, 0.000205768883461, 0.000133785390062, 0.000165832796483, 0.000130897460622, 0.00019107288972, 0.000233961545746, 0.000317107711453, 0.000301106541883, 0.000694973219652, 0.000426645128755, 0.000582206412219, 0.000209929101402],
        "mean": [0.000561520690098, 0.00089765584562, 0.000521414622199, 0.000568750605453, 0.000667722721118, 0.000609038979746, 0.000248299649684, 0.000209190839087, 0.000160607916769, 0.00031691294862, 0.000272728415439, 0.000228461329243, 0.000249567034189, 8.60024083522e-05, 6.02523177804e-05, 5.6320172007e-05, 4.97166292917e-05, 4.44966499344e-05, 3.75322015316e-05, 2.90239313472e-05, 1.53371001943e-05, 1.9307317416e-05, 1.14555332402e-05, 1.27709172375e-05, 5.95265055381e-06, 4.03257990911e-06, 3.79416292162e-06, 5.82665961701e-06, 3.26062991007e-06, 1.68792632849e-06, 1.49569405039e-06, 1.55827626713e-06, 1.83206964266e-06, 2.77740218735e-06, 4.42056807515e-06, 4.39443829237e-06, 3.90252853322e-06, 3.14567046189e-06, 2.08831988857e-06, 1.23926611195e-06],
        "median": [0.000174730390427, 0.000470220169518, 0.000282131892163, 0.000288728362648, 0.000212934406591, 0.000113037727715, 7.84823641879e-05, 5.82096035942e-05, 3.75748313672e-05, 4.85982600367e-05, 2.1647036192e-05, 2.8238446248e-05, 3.73117800336e-05, 8.50247943163e-06, 1.09379816422e-05, 1.00129564089e-05, 9.22666185943e-06, 9.53688686423e-06, 6.68843722451e-06, 5.3553771977e-06, 4.05300306738e-06, 3.92577112507e-06, 2.93879793389e-06, 2.98963186651e-06, 2.16208763959e-06, 1.63074878401e-06, 1.19643459584e-06, 9.93212438516e-07, 7.81259814175e-07, 5.72288399781e-07, 6.19395052581e-07, 6.17471130226e-07, 6.44366764391e-07, 9.10131461751e-07, 1.23306449495e-06, 1.11145470783e-06, 7.87805333857e-07, 4.78458900943e-07, 3.04787647565e-07, 1.37050818694e-07],
        "min": [4.6045542825e-24, 5.68941630975e-24, 3.18999829233e-24, 5.9554099518e-24, 5.58972835159e-24, 4.38179652895e-24, 4.9201479484e-24, 6.70462428564e-24, 7.13151478678e-24, 5.85447322682e-24, 3.77528358298e-24, 6.68905532682e-24, 1.06730916213e-23, 6.05911597298e-24, 7.14210287785e-24, 7.08147576184e-24, 9.31145537885e-24, 1.06854562271e-23, 5.5868142994e-24, 9.07169451735e-24, 1.204898968e-23, 1.05526191504e-23, 7.75947962177e-24, 4.23033957388e-24, 1.11905843751e-23, 1.18792709894e-23, 6.31593595156e-24, 1.22458073204e-23, 1.04609692904e-23, 6.33917973813e-24, 6.49550357056e-24, 5.59057124946e-24, 7.68815476303e-24, 7.63789406817e-24, 8.61963067586e-24, 1.15550357467e-23, 1.13882752845e-23, 9.11478762201e-24, 1.02308980074e-23, 8.55158747848e-24],
        "var": [8.1909331584e-07, 1.5069354049e-06, 5.30958800482e-07, 9.39336075589e-07, 1.66913707744e-06, 1.58410011863e-06, 2.17807766489e-07, 2.3876421551e-07, 1.73235136458e-07, 7.64373339734e-07, 8.97557413282e-07, 4.68221401206e-07, 5.19357740814e-07, 1.64745969755e-07, 5.43320730628e-08, 2.79358722821e-08, 2.12800781441e-08, 2.11749977552e-08, 2.13330828558e-08, 1.5102871842e-08, 2.01500038877e-09, 6.17888806786e-09, 1.16705112241e-09, 1.76868575341e-09, 1.49526627191e-10, 4.37751120075e-11, 6.03233851759e-11, 3.10283992944e-10, 8.020407255e-11, 1.91297915009e-11, 1.5778928511e-11, 1.98062451856e-11, 3.12086675947e-11, 5.91004190031e-11, 1.36666469808e-10, 1.41335318449e-10, 2.73945283125e-10, 1.90059940008e-10, 1.81247475362e-10, 5.67602284618e-11]
    },
    "mfcc": {
        "mean": [-684.984313965, 127.564750671, 10.4359712601, 6.44782876968, 2.33673000336, 1.68156957626, -6.7992143631, 6.13263273239, -7.62850475311, 4.28683137894, -7.73992776871, -3.0717010498, -4.92364788055],
        "cov": [[10712.2412109, -2994.58374023, -228.710021973, -283.639801025, 58.4563446045, 102.852920532, -87.9639587402, 265.313446045, -397.632293701, 199.065093994, -306.706115723, 224.576751709, 55.170955658], [-2994.58374023, 2089.47167969, -110.190605164, 391.346099854, 158.446090698, 91.125617981, 170.01512146, -94.9756469727, 105.460494995, -3.1296005249, 122.149154663, -46.2290496826, 24.7766952515], [-228.710021973, -110.190605164, 1248.4420166, 159.439956665, 329.916564941, 56.736114502, 90.2162094116, -30.2687492371, 3.9166405201, -42.2084655762, 73.1233444214, 6.21886777878, 64.4087295532], [-283.639801025, 391.346099854, 159.439956665, 574.90637207, 225.162643433, 92.2992019653, 55.9639015198, 22.8296470642, 56.1445579529, -11.5401325226, 67.6362609863, 82.5503540039, 71.5643615723], [58.4563446045, 158.446090698, 329.916564941, 225.162643433, 393.184417725, 72.6452865601, 78.8391189575, -27.6752853394, 11.6063976288, 4.23964738846, 41.7036972046, 40.4291419983, 67.2428131104], [102.852920532, 91.125617981, 56.736114502, 92.2992019653, 72.6452865601, 209.296081543, 112.230659485, 31.500667572, 18.3059482574, 46.0063705444, 19.4233703613, 0.693673729897, 19.524887085], [-87.9639587402, 170.01512146, 90.2162094116, 55.9639015198, 78.8391189575, 112.230659485, 276.28112793, 33.7632255554, 25.7324752808, 62.2223739624, 26.2402839661, -12.9586868286, 30.9871120453], [265.313446045, -94.9756469727, -30.2687492371, 22.8296470642, -27.6752853394, 31.500667572, 33.7632255554, 165.536621094, 40.4779281616, 29.2495861053, -10.863699913, 14.1087770462, -4.76860380173], [-397.632293701, 105.460494995, 3.9166405201, 56.1445579529, 11.6063976288, 18.3059482574, 25.7324752808, 40.4779281616, 160.112640381, 11.2781629562, 14.7097053528, 5.14053440094, 10.3371095657], [199.065093994, -3.1296005249, -42.2084655762, -11.5401325226, 4.23964738846, 46.0063705444, 62.2223739624, 29.2495861053, 11.2781629562, 151.390197754, 15.9314622879, 5.48103904724, 11.7624759674], [-306.706115723, 122.149154663, 73.1233444214, 67.6362609863, 41.7036972046, 19.4233703613, 26.2402839661, -10.863699913, 14.7097053528, 15.9314622879, 126.930793762, 27.4430122375, 16.0289154053], [224.576751709, -46.2290496826, 6.21886777878, 82.5503540039, 40.4291419983, 0.693673729897, -12.9586868286, 14.1087770462, 5.14053440094, 5.48103904724, 27.4430122375, 133.147735596, 47.7832069397], [55.170955658, 24.7766952515, 64.4087295532, 71.5643615723, 67.2428131104, 19.524887085, 30.9871120453, -4.76860380173, 10.3371095657, 11.7624759674, 16.0289154053, 47.7832069397, 122.951141357]],
