{
"lowlevel": {
    "average_loudness": 0.442972749472,
    "barkbands_crest": {
        "dmean": 2.62523627281,
        "dmean2": 4.21636629105,
        "dvar": 5.86038303375,
        "dvar2": 13.9801092148,
        "max": 26.5476894379,
        "mean": 12.6635694504,
        "median": 11.7776107788,
        "min": 2.33217811584,
        "var": 30.3821811676
    },
    "barkbands_flatness_db": {
        "dmean": 0.0228231474757,
        "dmean2": 0.0348020941019,
        "dvar": 0.000555669597816,
        "dvar2": 0.00115551042836,
        "max": 0.551567673683,
        "mean": 0.193077653646,
        "median": 0.183411434293,
        "min": 0.0362336561084,
        "var": 0.00507878884673
    },
    "barkbands_kurtosis": {
        "dmean": 5.35357141495,
        "dmean2": 8.38568973541,
        "dvar": 125.680953979,
        "dvar2": 276.853424072,
        "max": 307.034484863,
        "mean": 11.6107282639,
        "median": 3.86717653275,
        "min": -1.93743956089,
        "var": 463.502838135
    },
    "barkbands_skewness": {
        "dmean": 0.610727787018,
        "dmean2": 0.924262464046,
        "dvar": 0.567548632622,
        "dvar2": 1.16045820713,
        "max": 15.318145752,
        "mean": 2.11638689041,
        "median": 1.63576757908,
        "min": -7.60249662399,
        "var": 4.18284034729
    },
    "barkbands_spread": {
        "dmean": 4.22996997833,
        "dmean2": 6.37560224533,
        "dvar": 46.4339904785,
        "dvar2": 88.1360244751,
        "max": 105.028503418,
        "mean": 16.2028751373,
        "median": 11.4751224518,
        "min": 0.422887265682,
        "var": 225.646652222
    },
    "dissonance": {
        "dmean": 0.0255847126245,
        "dmean2": 0.0432238988578,
        "dvar": 0.0006077408907,
        "dvar2": 0.00163186283316,
        "max": 0.500000119209,
        "mean": 0.443959593773,
        "median": 0.453435719013,
        "min": 0.175376981497,
        "var": 0.001666661934
    },
    "dynamic_complexity": 4.08775138855,
    "erbbands_crest": {
        "dmean": 3.0581741333,
        "dmean2": 4.77579879761,
        "dvar": 8.05453014374,
        "dvar2": 18.3628158569,
        "max": 34.3969764709,
        "mean": 13.2211771011,
        "median": 12.0550413132,
        "min": 2.14956068993,
        "var": 42.0343208313
    },
    "erbbands_flatness_db": {
        "dmean": 0.0187201034278,
        "dmean2": 0.0272745899856,
        "dvar": 0.00034523618524,
        "dvar2": 0.000689498207066,
        "max": 0.459429770708,
        "mean": 0.20746140182,
        "median": 0.207115650177,
        "min": 0.0668171942234,
        "var": 0.00328303221613
    },
    "erbbands_kurtosis": {
        "dmean": 2.00650048256,
        "dmean2": 3.14543819427,
        "dvar": 14.3615531921,
        "dvar2": 33.1695785522,
        "max": 128.460037231,
        "mean": 3.19285011292,
        "median": 1.26114988327,
        "min": -1.87843286991,
        "var": 38.017780304
    },
    "erbbands_skewness": {
        "dmean": 0.441784083843,
        "dmean2": 0.660281658173,
        "dvar": 0.224046066403,
        "dvar2": 0.4374332726,
        "max": 9.64074325562,
        "mean": 1.06619989872,
        "median": 1.00906538963,
        "min": -6.7091088295,
        "var": 1.59637176991
    },
    "erbbands_spread": {
        "dmean": 6.81403017044,
        "dmean2": 10.3899908066,
        "dvar": 87.2504425049,
        "dvar2": 192.149307251,
        "max": 181.089782715,
        "mean": 29.7336845398,
        "median": 25.6383895874,
        "min": 1.06265974045,
        "var": 339.687866211
    },
    "hfc": {
        "dmean": 4.15738582611,
        "dmean2": 5.72724485397,
        "dvar": 58.3215179443,
        "dvar2": 96.2699356079,
        "max": 232.031921387,
        "mean": 16.1180038452,
        "median": 9.30560493469,
        "min": 1.16100106163e-16,
        "var": 347.397003174
    },
    "melbands_crest": {
        "dmean": 3.22960281372,
        "dmean2": 5.16263055801,
        "dvar": 9.16315364838,
        "dvar2": 21.7696971893,
        "max": 34.8853416443,
        "mean": 16.1717987061,
        "median": 14.9829368591,
        "min": 1.68586337566,
        "var": 47.7503089905
    },
    "melbands_flatness_db": {
        "dmean": 0.0242181140929,
        "dmean2": 0.0359528958797,
        "dvar": 0.000738113129046,
        "dvar2": 0.00143584050238,
        "max": 0.688724219799,
        "mean": 0.225123643875,
        "median": 0.220370396972,
        "min": 0.00479761091992,
        "var": 0.00709269708022
    },
    "melbands_kurtosis": {
        "dmean": 10.6490850449,
        "dmean2": 16.5702037811,
        "dvar": 604.481445312,
        "dvar2": 1307.53039551,
        "max": 683.10534668,
        "mean": 24.1602897644,
        "median": 8.40712070465,
        "min": -1.90514945984,
        "var": 2093.67895508
    },
    "melbands_skewness": {
        "dmean": 0.752380609512,
        "dmean2": 1.14842104912,
        "dvar": 0.920808196068,
        "dvar2": 1.96768927574,
        "max": 21.5848178864,
        "mean": 2.8969476223,
        "median": 2.31091380119,
        "min": -4.07371044159,
        "var": 6.25691747665
    },
    "melbands_spread": {
        "dmean": 5.88200473785,
        "dmean2": 8.65317821503,
        "dvar": 139.195709229,
        "dvar2": 243.84979248,
        "max": 251.252410889,
        "mean": 20.5211334229,
        "median": 13.4474334717,
        "min": 0.327318161726,
        "var": 608.056152344
    },
    "pitch_salience": {
        "dmean": 0.0671997368336,
        "dmean2": 0.106633335352,
        "dvar": 0.00409229751676,
        "dvar2": 0.0095763169229,
        "max": 0.890261054039,
        "mean": 0.496111810207,
        "median": 0.506815493107,
        "min": 0.0542023032904,
        "var": 0.02247184515
    },
    "silence_rate_20dB": {
        "dmean": 0,
        "dmean2": 0,
        "dvar": 0,
        "dvar2": 0,
        "max": 1,
        "mean": 1,
        "median": 1,
        "min": 1,
        "var": 0
    },
    "silence_rate_30dB": {
        "dmean": 0.000219490786549,
        "dmean2": 0.000439029739937,
        "dvar": 0.00021943912725,
        "dvar2": 0.000438840274001,
        "max": 1,
        "mean": 0.999780535698,
        "median": 1,
        "min": 0,
        "var": 0.000219415058382
    },
    "silence_rate_60dB": {
        "dmean": 0.0188762079924,
        "dmean2": 0.0377565585077,
        "dvar": 0.0185171067715,
        "dvar2": 0.0405060090125,
        "max": 1,
        "mean": 0.124547347426,
        "median": 0,
        "min": 0,
        "var": 0.109028220177
    },
    "spectral_centroid": {
        "dmean": 183.201217651,
        "dmean2": 269.039886475,
        "dvar": 86759.3125,
        "dvar2": 139732.875,
        "max": 11083.9228516,
        "mean": 1098.74658203,
        "median": 887.246582031,
        "min": 142.768997192,
        "var": 574174.4375
    },
    "spectral_complexity": {
        "dmean": 2.12818264961,
        "dmean2": 3.4920425415,
        "dvar": 4.88039827347,
        "dvar2": 12.082028389,
        "max": 44,
        "mean": 12.3147153854,
        "median": 11,
        "min": 0,
        "var": 52.2125511169
    },
    "spectral_decrease": {
        "dmean": 1.37865630023e-09,
        "dmean2": 2.10231809739e-09,
        "dvar": 4.06924016361e-18,
        "dvar2": 9.2125710439e-18,
        "max": 1.49291517053e-28,
        "mean": -4.98778440772e-09,
        "median": -3.67474783936e-09,
        "min": -3.29254916664e-08,
        "var": 1.82070840434e-17
    },
    "spectral_energy": {
        "dmean": 0.0054923160933,
        "dmean2": 0.00833046156913,
        "dvar": 6.16416000412e-05,
        "dvar2": 0.000139414318255,
        "max": 0.126221895218,
        "mean": 0.0202869940549,
        "median": 0.0151945650578,
        "min": 1.07230322784e-20,
        "var": 0.000289657415124
    },
    "spectral_energyband_high": {
        "dmean": 0.000247303512879,
        "dmean2": 0.00031589079299,
        "dvar": 6.47554429634e-07,
        "dvar2": 8.98324174159e-07,
        "max": 0.0277778767049,
        "mean": 0.000597598555032,
        "median": 0.000144694276969,
        "min": 7.71470402194e-21,
        "var": 2.55319559983e-06
    },
    "spectral_energyband_low": {
        "dmean": 0.00147482228931,
        "dmean2": 0.00244263769127,
        "dvar": 2.68175190286e-05,
        "dvar2": 6.93026668159e-05,
        "max": 0.116461805999,
        "mean": 0.00291339959949,
        "median": 0.00114989175927,
        "min": 5.61677736651e-23,
        "var": 3.05302019115e-05
    },
    "spectral_energyband_middle_high": {
        "dmean": 0.00146295432933,
        "dmean2": 0.00217469129711,
        "dvar": 1.009027892e-05,
        "dvar2": 2.29124561884e-05,
        "max": 0.104274407029,
        "mean": 0.00531341787428,
        "median": 0.00137633981649,
        "min": 1.62870994234e-21,
        "var": 8.98034486454e-05
    },
    "spectral_energyband_middle_low": {
        "dmean": 0.00397842377424,
        "dmean2": 0.00601345999166,
        "dvar": 3.85573111998e-05,
        "dvar2": 8.03309449111e-05,
        "max": 0.0938844829798,
        "mean": 0.0119014931843,
        "median": 0.00631511723623,
        "min": 3.26135671711e-22,
        "var": 0.00019600133237
    },
    "spectral_entropy": {
        "dmean": 0.184908986092,
        "dmean2": 0.269104748964,
        "dvar": 0.0483883358538,
        "dvar2": 0.0916981399059,
        "max": 9.78911018372,
        "mean": 7.22301769257,
        "median": 7.26671886444,
        "min": 4.52293586731,
        "var": 0.357882410288
    },
    "spectral_flux": {
        "dmean": 0.0205902773887,
        "dmean2": 0.0336254127324,
        "dvar": 0.000599576742388,
        "dvar2": 0.00148598873056,
        "max": 0.32912543416,
        "mean": 0.0635799765587,
        "median": 0.0550700575113,
        "min": 1.03552076636e-10,
        "var": 0.00155460915994
    },
    "spectral_kurtosis": {
        "dmean": 2.17209649086,
        "dmean2": 3.66470384598,
        "dvar": 14.2600364685,
        "dvar2": 31.7104225159,
        "max": 134.97315979,
        "mean": 5.13032054901,
        "median": 4.03186511993,
        "min": -1.53392624855,
        "var": 39.692440033
    },
    "spectral_rms": {
        "dmean": 0.00057762907818,
        "dmean2": 0.000864511064719,
        "dvar": 4.71515022582e-07,
        "dvar2": 9.73384089775e-07,
        "max": 0.0110969953239,
        "mean": 0.00401922641322,
        "median": 0.0038501904346,
        "min": 3.23442336282e-12,
        "var": 3.63798494618e-06
    },
    "spectral_rolloff": {
        "dmean": 369.019134521,
        "dmean2": 595.749267578,
        "dvar": 861511.6875,
        "dvar2": 1554375.75,
        "max": 19229.1503906,
        "mean": 1370.67590332,
        "median": 839.794921875,
        "min": 86.1328125,
        "var": 2915104
    },
    "spectral_skewness": {
        "dmean": 0.261898130178,
        "dmean2": 0.420702248812,
        "dvar": 0.0999424681067,
        "dvar2": 0.218500524759,
        "max": 9.60252285004,
        "mean": 1.68396627903,
        "median": 1.63746988773,
        "min": -0.914789199829,
        "var": 0.465881615877
    },
    "spectral_spread": {
        "dmean": 516574.40625,
        "dmean2": 735280.25,
        "dvar": 611678486528,
        "dvar2": 919598006272,
        "max": 39242336,
        "mean": 4428667,
        "median": 4022218.75,
        "min": 634745.875,
        "var": 3.19950081229e+12
    },
    "spectral_strongpeak": {
        "dmean": 0.587730586529,
        "dmean2": 0.944263994694,
        "dvar": 1.09152317047,
        "dvar2": 2.64760613441,
        "max": 19.0535430908,
        "mean": 1.52247095108,
        "median": 0.901480138302,
        "min": 1.62674829163e-09,
        "var": 3.38671922684
    },
    "zerocrossingrate": {
        "dmean": 0.00933945085853,
        "dmean2": 0.0100904488936,
        "dvar": 0.000268444680842,
        "dvar2": 0.000219047971768,
        "max": 0.51318359375,
        "mean": 0.0556462742388,
        "median": 0.04345703125,
        "min": 0.00341796875,
        "var": 0.00220303051174
    },
    "barkbands": {
        "dmean": [3.81431018468e-05, 0.00102713867091, 0.00051640975289, 0.000339328602422, 0.00197827350348, 0.00145677186083, 0.000668833148666, 0.000529246637598, 0.00053324183682, 0.000912927556783, 0.000406061735703, 0.00031026371289, 0.000189317433978, 0.000196756853256, 0.000185887911357, 0.00013547053095, 0.000107558560558, 0.000149254250573, 0.000117841431347, 7.21116739442e-05, 5.46442170162e-05, 4.60396840936e-05, 5.51807534066e-05, 6.89120424795e-05, 3.7091987906e-05, 1.10826795208e-05, 7.28057036881e-09],
        "dmean2": [6.22361330898e-05, 0.00171310734004, 0.000876343226992, 0.000567152688745, 0.00303058652207, 0.00210199202411, 0.00106598087586, 0.000830144796055, 0.00080846605124, 0.00137475330848, 0.000617289391812, 0.00048777583288, 0.000303916633129, 0.000312207266688, 0.0003012472298, 0.000216453525354, 0.000163003598573, 0.000228768025408, 0.000182357965969, 0.000107953463157, 8.38839332573e-05, 6.83730831952e-05, 7.51078769099e-05, 9.45753417909e-05, 5.10344179929e-05, 1.52398988575e-05, 1.35414763847e-08],
        "dvar": [2.71512003991e-08, 1.66818244907e-05, 2.29886063607e-06, 1.11456893137e-06, 1.85824774235e-05, 1.35479122036e-05, 3.1240217595e-06, 2.38049756263e-06, 3.85599469155e-06, 8.35195169202e-06, 2.70042278316e-06, 9.88834017335e-07, 3.95522306462e-07, 5.4119266224e-07, 4.36258858372e-07, 2.14252523278e-07, 1.6998686192e-07, 6.9432581995e-07, 1.88503662457e-07, 4.29383320011e-08, 2.89496195904e-08, 4.07136759861e-08, 7.82987825687e-08, 1.41238032825e-07, 3.33277050402e-08, 5.25493515369e-09, 2.50267048161e-14],
        "dvar2": [6.48356319743e-08, 4.31938969996e-05, 6.31209604762e-06, 3.10528344016e-06, 4.00399731006e-05, 2.48912183451e-05, 6.85890518071e-06, 5.65724030821e-06, 8.9921959443e-06, 1.88030007848e-05, 5.60283569939e-06, 2.24307291319e-06, 9.65993990576e-07, 1.27160205921e-06, 9.28596193717e-07, 4.8127003538e-07, 3.08229346047e-07, 1.58156785801e-06, 4.390322772e-07, 8.94501965831e-08, 6.2652311783e-08, 8.35951325939e-08, 1.14232655335e-07, 2.38232686911e-07, 6.33884269519e-08, 1.02669241997e-08, 7.70662830427e-14],
        "max": [0.00296908477321, 0.0929453521967, 0.028841054067, 0.0274159330875, 0.0926376059651, 0.0701179280877, 0.0582274980843, 0.0368282683194, 0.0866827517748, 0.104586541653, 0.0503291152418, 0.0591924190521, 0.0160714853555, 0.0326630547643, 0.0213709454983, 0.0140653662384, 0.0195774566382, 0.0522242300212, 0.0138400392607, 0.00541617255658, 0.00536260427907, 0.00793804787099, 0.0201652292162, 0.0151225766167, 0.00690170563757, 0.00568585190922, 1.04585096778e-05],
        "mean": [4.04828278988e-05, 0.00164497818332, 0.000922846898902, 0.000537318526767, 0.00468916771933, 0.00288406293839, 0.00127529550809, 0.00104221526999, 0.00123923365027, 0.00207521673292, 0.000704344303813, 0.00063644797774, 0.000320900551742, 0.000413908303017, 0.000296540471027, 0.000226769901928, 0.000196074674022, 0.000261308159679, 0.000227116208407, 0.000145247235196, 0.000106538514956, 8.35964819998e-05, 0.000108861844637, 0.000129499429022, 6.38918718323e-05, 1.51281847138e-05, 4.83085882408e-09],
        "median": [2.32357797358e-06, 0.000318188744131, 0.000229991739616, 0.000177362089744, 0.000927210785449, 0.000491459621117, 0.000329752627295, 0.000204824755201, 0.00016203559062, 0.000201522969292, 8.22802976472e-05, 0.000116666400572, 7.26450816728e-05, 7.11986140232e-05, 9.08054062165e-05, 6.72884707456e-05, 4.29237297794e-05, 3.87585678254e-05, 3.5040131479e-05, 2.83482149825e-05, 1.95393186004e-05, 1.94634558284e-05, 2.17382330447e-05, 2.62027770077e-05, 8.7645912572e-06, 2.77478932276e-07, 3.49924977883e-10],
        "min": [1.52849294565e-23, 2.24641332516e-23, 8.21377515076e-24, 3.45708352066e-24, 2.49242906478e-23, 1.952815389e-23, 4.70076502068e-23, 3.53851258319e-23, 8.01807879724e-23, 6.98580570893e-23, 2.01884083796e-23, 6.61981337641e-23, 8.75498027453e-23, 1.1093792562e-22, 1.63726970162e-22, 9.36751877675e-23, 1.32886939011e-22, 1.36406899479e-22, 2.70857726836e-22, 3.14744444509e-22, 3.75975070666e-22, 4.78205612722e-22, 6.29221256911e-22, 7.31329191051e-22, 8.50901470646e-22, 1.73025868138e-21, 2.46035179681e-21],
        "var": [2.90793664703e-08, 1.61390616995e-05, 3.21289053318e-06, 1.27101191083e-06, 8.939478721e-05, 4.52946733276e-05, 9.89406908047e-06, 7.2509446909e-06, 2.07619741559e-05, 4.15307113144e-05, 8.54726567923e-06, 6.16420220467e-06, 8.88254533038e-07, 3.12814358949e-06, 7.50622348278e-07, 4.42279770141e-07, 5.77704327043e-07, 1.31356580368e-06, 4.22695592306e-07, 1.25217979985e-07, 7.64869980685e-08, 1.00304596629e-07, 2.80108736206e-07, 3.2993486343e-07, 7.94652237346e-08, 8.80593642449e-09, 1.32009161564e-14]
    },
    "erbbands": {
        "dmean": [0.0275542382151, 0.242923885584, 0.569588065147, 0.862694382668, 2.02904725075, 7.42419958115, 16.3169403076, 8.90343761444, 9.6978597641, 8.23044872284, 12.3037490845, 12.085723877, 17.1686763763, 29.9302463531, 12.0995035172, 11.4897327423, 8.76898574829, 5.68356180191, 12.4851427078, 6.51070356369, 7.31164598465, 5.8334646225, 5.98062801361, 8.41925525665, 3.80383777618, 3.61967134476, 2.93281459808, 1.48820853233, 1.41048061848, 2.05192494392, 1.42282319069, 1.40695297718, 1.20639908314, 0.553319811821, 0.202786713839, 0.0820805504918, 0.0133082773536, 0.000331776682287, 1.43591687447e-05, 7.37275831852e-06],
        "dmean2": [0.0448531098664, 0.414958953857, 0.975598692894, 1.45323812962, 3.23072624207, 11.2677106857, 23.6442623138, 12.8399372101, 15.4204616547, 12.6422958374, 18.9303264618, 18.0286254883, 24.260559082, 44.0123023987, 18.4214115143, 17.74518013, 14.1182851791, 9.02056121826, 19.357427597, 10.4370279312, 11.5267057419, 8.72381019592, 9.26158618927, 12.4275245667, 5.82219314575, 5.38974666595, 4.42690372467, 2.28991889954, 2.10155367851, 2.88089561462, 1.94502198696, 1.9795820713, 1.68650949001, 0.773912549019, 0.282351374626, 0.112822964787, 0.0189463719726, 0.000463777483674, 1.90631326404e-05, 1.07698006104e-05],
        "dvar": [0.0153289176524, 0.894981563091, 3.19486188889, 6.93079996109, 35.9970245361, 320.782623291, 1751.31469727, 666.454101562, 706.695129395, 683.747741699, 1095.39819336, 1797.19970703, 3597.29174805, 9784.96386719, 1708.95507812, 1282.18554688, 908.238830566, 331.030517578, 1776.70690918, 339.535827637, 758.637573242, 556.71081543, 2347.57568359, 1260.87133789, 121.269424438, 113.831100464, 94.1110839844, 20.8871574402, 28.8265209198, 127.53768158, 45.8246116638, 54.1493263245, 49.9288902283, 9.71367359161, 0.80833786726, 0.306973218918, 0.0050570894964, 2.92612048725e-06, 3.5124891884e-09, 1.22703083805e-10],
        "dvar2": [0.0364899486303, 2.45230078697, 8.84782314301, 19.3764743805, 91.0304946899, 681.470336914, 3317.65112305, 1321.37878418, 1556.11413574, 1599.84008789, 2640.49829102, 4121.10791016, 6881.43408203, 22121.3886719, 3503.41113281, 2790.0078125, 2209.72607422, 755.217346191, 3793.77905273, 788.708312988, 1627.32995605, 1026.21240234, 5728.61474609, 2698.58422852, 266.93850708, 230.908355713, 200.08303833, 45.1153945923, 56.6499938965, 220.150939941, 83.2915878296, 103.742805481, 92.9021987915, 18.7518100739, 1.47200012207, 0.615168750286, 0.00954273063689, 5.09484061695e-06, 5.46113643196e-09, 2.40080233471e-10],
        "max": [2.58680176735, 22.3253765106, 32.4073371887, 76.5533294678, 144.655807495, 438.213378906, 686.75390625, 668.539550781, 1018.34863281, 860.253479004, 999.38671875, 1790.51464844, 3486.54931641, 2446.59936523, 2012.60949707, 1787.84020996, 824.051147461, 581.109924316, 1422.02246094, 480.526916504, 893.909423828, 1024.60595703, 3673.32299805, 1034.12585449, 510.934631348, 251.633529663, 320.872802734, 187.07711792, 228.698989868, 758.143127441, 308.946502686, 247.691970825, 308.92376709, 112.712409973, 40.3469924927, 44.0493431091, 4.03360652924, 0.0868056714535, 0.00365564296953, 0.000372012291336],
        "mean": [0.0405096970499, 0.395200967789, 1.03607678413, 1.62093341351, 3.81842851639, 16.5457382202, 37.2276382446, 18.0066280365, 18.9434604645, 16.3082790375, 26.0302772522, 28.1402549744, 38.9339637756, 67.4485397339, 29.6987476349, 23.9306697845, 16.3924179077, 11.5533847809, 26.7824459076, 12.0306606293, 12.892080307, 11.6847848892, 11.6881828308, 15.7429962158, 8.82397842407, 7.40700101852, 6.16624307632, 2.9150762558, 2.66277289391, 3.75239992142, 2.88148593903, 2.60978770256, 2.12649178505, 0.949677169323, 0.33952486515, 0.118877492845, 0.0169847868383, 0.000448702921858, 3.06123074552e-05, 2.67219711532e-05],
        "median": [0.00470888847485, 0.0953973457217, 0.304359257221, 0.657271146774, 1.2854449749, 3.14306712151, 5.15581607819, 4.25792503357, 5.30601501465, 5.39127779007, 5.57263898849, 4.74388456345, 5.93361759186, 7.07230854034, 5.38069152832, 4.87055492401, 4.01845216751, 3.27194881439, 5.60284233093, 4.55789470673, 3.88061141968, 2.62894320488, 2.2689306736, 2.09684419632, 1.69269502163, 1.44000411034, 1.00320863724, 0.662470281124, 0.628452599049, 0.754683971405, 0.575890183449, 0.522921979427, 0.402234435081, 0.143387943506, 0.038121432066, 0.00583837460726, 0.000354742398486, 2.14419251279e-05, 1.36847411341e-05, 2.03158851946e-05],
        "min": [8.9459280325e-22, 4.32206393703e-21, 1.04572803118e-20, 1.67493766596e-20, 2.92890825479e-20, 1.22952733711e-19, 2.29168269057e-19, 1.96760379558e-19, 4.83681455481e-19, 7.93633165438e-19, 9.94352987169e-19, 1.47638607848e-18, 1.23954255562e-18, 2.24081201348e-18, 1.5387668704e-18, 2.75075748739e-18, 3.89130203332e-18, 5.0397930966e-18, 7.27231634676e-18, 6.56006296774e-18, 7.41760317673e-18, 7.4554318005e-18, 6.57182258092e-18, 1.02099316598e-17, 1.74206917069e-17, 1.73832022272e-17, 1.49350205836e-17, 1.51217069761e-17, 1.56236203194e-17, 2.03517251438e-17, 1.68471097809e-17, 1.52782128567e-17, 1.02355899752e-17, 7.305210011e-18, 7.52224483294e-18, 4.75581206615e-18, 3.74971766377e-18, 1.26570379685e-18, 3.11527695818e-19, 3.76452158595e-20],
        "var": [0.0153223387897, 0.825011253357, 3.98831129074, 8.52964305878, 85.8226165771, 1357.44372559, 7851.63964844, 2056.84326172, 2420.25463867, 1667.2557373, 4670.59960938, 8705.80273438, 21799.1855469, 43272.3359375, 11339.453125, 5734.37109375, 2175.07910156, 1024.41540527, 9253.35839844, 770.979614258, 1582.26794434, 1991.90673828, 2869.66333008, 3137.06811523, 472.197021484, 328.172698975, 268.999267578, 51.7314453125, 79.6344680786, 432.903167725, 141.629928589, 121.49671936, 99.7141113281, 20.1640968323, 2.19509506226, 0.525807380676, 0.00853742100298, 5.61675051358e-06, 8.26669488418e-09, 5.36472088974e-10]
    },
    "gfcc": {
        "mean": [-58.0141563416, 107.501907349, -136.103851318, 29.5768852234, -79.4142608643, 13.6946353912, -45.0152664185, 1.02814531326, -21.1100082397, -9.47398090363, -5.08609437943, -10.3977823257, 1.76642918587],
        "cov": [[6719.22949219, -1439.20568848, 292.245239258, 496.91506958, 100.076683044, 628.882019043, -107.102058411, 819.055603027, -251.874893188, 395.538513184, -110.576370239, 351.128875732, -121.600143433], [-1439.20568848, 1910.06213379, -57.6293678284, 105.632446289, 479.795043945, -335.919158936, 338.709472656, -356.884277344, 278.647705078, -209.928329468, 222.104415894, -170.177200317, 122.508575439], [292.245239258, -57.6293678284, 1544.49316406, 315.488037109, 159.898590088, 215.880065918, -310.245056152, 78.4278182983, -206.181488037, 257.506011963, -110.431060791, 175.552871704, -43.4171180725], [496.91506958, 105.632446289, 315.488037109, 595.88873291, 288.344390869, 104.060112, 38.7712593079, 58.8246269226, 26.7095279694, 65.8326339722, 31.1385574341, 51.2353134155, 2.48394727707], [100.076683044, 479.795043945, 159.898590088, 288.344390869, 525.33984375, 79.9606246948, 215.335662842, 41.1123924255, 45.8515129089, 89.2808380127, 2.37731170654, 25.717010498, -67.0304946899], [628.882019043, -335.919158936, 215.880065918, 104.060112, 79.9606246948, 380.521057129, 62.2577095032, 147.866699219, -50.4171028137, 140.396087646, -68.8613128662, 40.9691848755, -81.9198455811], [-107.102058411, 338.709472656, -310.245056152, 38.7712593079, 215.335662842, 62.2577095032, 429.14050293, 15.0583105087, 127.287521362, 5.6346487999, 11.9622707367, -53.9953231812, -74.768989563], [819.055603027, -356.884277344, 78.4278182983, 58.8246269226, 41.1123924255, 147.866699219, 15.0583105087, 325.851654053, -38.8956642151, 129.284851074, -55.9050827026, 87.7266540527, -53.6577262878], [-251.874893188, 278.647705078, -206.181488037, 26.7095279694, 45.8515129089, -50.4171028137, 127.287521362, -38.8956642151, 223.399017334, -37.7473258972, 44.7084350586, -65.7838821411, -7.03372049332], [395.538513184, -209.928329468, 257.506011963, 65.8326339722, 89.2808380127, 140.396087646, 5.6346487999, 129.284851074, -37.7473258972, 242.207092285, -43.9692955017, 67.1348342896, -91.540397644], [-110.576370239, 222.104415894, -110.431060791, 31.1385574341, 2.37731170654, -68.8613128662, 11.9622707367, -55.9050827026, 44.7084350586, -43.9692955017, 179.331848145, -16.5250759125, 81.6620254517], [351.128875732, -170.177200317, 175.552871704, 51.2353134155, 25.717010498, 40.9691848755, -53.9953231812, 87.7266540527, -65.7838821411, 67.1348342896, -16.5250759125, 160.574920654, -5.28141403198], [-121.600143433, 122.508575439, -43.4171180725, 2.48394727707, -67.0304946899, -81.9198455811, -74.768989563, -53.6577262878, -7.03372049332, -91.540397644, 81.6620254517, -5.28141403198, 182.623168945]],
        "icov": [[0.00025642325636, 1.95873926714e-05, 0.000108595930215, -0.000200743699679, 4.0349754272e-05, -0.000219049499719, 0.000114164955448, -0.000445832731202, 0.000139382158522, -4.12311273976e-05, -7.20586758689e-05, -0.000195346277906, 2.97204605886e-05], [1.95873926714e-05, 0.00257259584032, -0.00113410793711, 0.000991009059362, -0.00255327299237, 0.00162915082183, -0.00148453877773, 0.00102610315662, -0.0015911628725, 0.00132966577075, -0.00161692674737, 0.00112883688416, -0.00114761618897], [0.000108595930215, -0.00113410793711, 0.00188157055527, -0.000965041865129, 0.000706017774064, -0.00123742432334, 0.00178035942372, -6.83991383994e-05, 0.00111051870044, -0.00161482160911, 0.00123951677233, -0.00108056224417, 0.000354252260877], [-0.000200743699679, 0.000991009059362, -0.000965041865129, 0.00332900625654, -0.002525561722, 0.000244572729571, -0.000270295713563, 0.000429169624113, -0.00147163507063, 0.00100384047255, -0.00119937921409, 0.000323760817992, -0.000882840948179], [4.0349754272e-05, -0.00255327299237, 0.000706017774064, -0.002525561722, 0.0063690985553, -0.00115406198893, -0.000697903393302, -0.000972947396804, 0.00185273587704, -0.00193612021394, 0.00148720713332, -0.00141526351217, 0.00158524268772], [-0.000219049499719, 0.00162915082183, -0.00123742432334, 0.000244572729571, -0.00115406198893, 0.00547074666247, -0.00225624232553, -0.000101366786112, -0.000237611617194, -0.000308572838549, -0.000418430368882, 0.00154181919061, -0.000391463428969], [0.000114164955448, -0.00148453877773, 0.00178035942372, -0.000270295713563, -0.000697903393302, -0.00225624232553, 0.00595571054146, -0.000743172131479, -0.000544924463611, -0.000638065102976, 0.00069345254451, -0.000413318630308, 0.00178773130756], [-0.000445832731202, 0.00102610315662, -6.83991383994e-05, 0.000429169624113, -0.000972947396804, -0.000101366786112, -0.000743172131479, 0.00613392936066, -0.000930361275095, -0.00130324927159, 0.000454309512861, -0.0012362904381, -0.000839888816699], [0.000139382158522, -0.0015911628725, 0.00111051870044, -0.00147163507063, 0.00185273587704, -0.000237611617194, -0.000544924463611, -0.000930361275095, 0.00771091738716, -0.000975076691248, -8.12578073237e-05, 0.000957426265813, 0.00139347556978], [-4.12311273976e-05, 0.00132966577075, -0.00161482160911, 0.00100384047255, -0.00193612021394, -0.000308572838549, -0.000638065102976, -0.00130324927159, -0.000975076691248, 0.00895541906357, -0.00206035445444, -0.000441072304966, 0.00254972930998], [-7.20586758689e-05, -0.00161692674737, 0.00123951677233, -0.00119937921409, 0.00148720713332, -0.000418430368882, 0.00069345254451, 0.000454309512861, -8.12578073237e-05, -0.00206035445444, 0.00924456026405, -0.000996584771201, -0.00307525671087], [-0.000195346277906, 0.00112883688416, -0.00108056224417, 0.000323760817992, -0.00141526351217, 0.00154181919061, -0.000413318630308, -0.0012362904381, 0.000957426265813, -0.000441072304966, -0.000996584771201, 0.00974121317267, -0.000965796178207], [2.97204605886e-05, -0.00114761618897, 0.000354252260877, -0.000882840948179, 0.00158524268772, -0.000391463428969, 0.00178773130756, -0.000839888816699, 0.00139347556978, 0.00254972930998, -0.00307525671087, -0.000965796178207, 0.00993196666241]]
    },
    "melbands": {
        "dmean": [0.00026657152921, 0.000301356863929, 0.000162612559507, 0.000308318209136, 0.000517299689818, 0.000211162128835, 0.000144236328197, 9.45743959164e-05, 0.000100065553852, 7.59444083087e-05, 9.42899278016e-05, 0.000128690749989, 4.89598023705e-05, 3.93412374251e-05, 2.34346589423e-05, 1.47096225191e-05, 1.16624723887e-05, 2.31532721955e-05, 1.11941944851e-05, 7.95485811977e-06, 9.63448201219e-06, 6.58235512674e-06, 6.02459203947e-06, 7.92152786744e-06, 7.66087941884e-06, 3.95017468691e-06, 2.04546495297e-06, 2.79612095255e-06, 2.27806094699e-06, 1.21957236843e-06, 8.43269845063e-07, 7.99578117494e-07, 1.06404866074e-06, 1.28221927298e-06, 8.61168189203e-07, 8.60294733229e-07, 9.47138914853e-07, 9.34429920108e-07, 7.24928327145e-07, 4.34624496393e-07],
        "dmean2": [0.000436780246673, 0.000514345592819, 0.000265798036708, 0.00047961511882, 0.000761926639825, 0.000304007844534, 0.00022972348961, 0.000145816418808, 0.000154712586664, 0.000113197034807, 0.000132295244839, 0.000190326405573, 7.2107060987e-05, 6.15327298874e-05, 3.69282097381e-05, 2.38322973019e-05, 1.84497475857e-05, 3.55154334102e-05, 1.80779861694e-05, 1.27813573272e-05, 1.51835656652e-05, 9.86281611404e-06, 9.09280970518e-06, 1.2171392882e-05, 1.13634469017e-05, 6.03703392699e-06, 3.21607421938e-06, 4.20597689299e-06, 3.50714344677e-06, 1.88619628716e-06, 1.32186471546e-06, 1.23522318063e-06, 1.63090044225e-06, 1.81074585726e-06, 1.23763959436e-06, 1.24350435726e-06, 1.35065192808e-06, 1.34817719299e-06, 1.03675620267e-06, 6.40802682028e-07],
        "dvar": [1.23742745473e-06, 1.05130777683e-06, 2.04462949682e-07, 5.38598044386e-07, 1.54294548338e-06, 3.14042381433e-07, 1.51236605461e-07, 9.00100474155e-08, 7.81759865731e-08, 8.24139547717e-08, 1.01059235647e-07, 1.75001702019e-07, 3.20672093324e-08, 1.7780449113e-08, 4.59436488853e-09, 2.77925860104e-09, 1.67253000338e-09, 6.5878711375e-09, 1.70445590975e-09, 4.86274742695e-10, 1.61823210387e-09, 7.49314388315e-10, 1.15716614069e-09, 2.1194490607e-09, 1.12903164595e-09, 1.69000854977e-10, 2.78894789207e-11, 7.74512329271e-11, 6.41126110534e-11, 1.6424283808e-11, 7.08775356115e-12, 7.79507274701e-12, 2.85996452215e-11, 6.5004328309e-11, 1.71072322974e-11, 1.95901541516e-11, 2.60719883183e-11, 2.70832627158e-11, 2.59629245186e-11, 6.40134820151e-12],
        "dvar2": [3.0831413369e-06, 2.9337459182e-06, 5.4136341987e-07, 1.21117807339e-06, 3.03982665173e-06, 6.14287444023e-07, 3.32511490342e-07, 2.11295727581e-07, 1.9829334974e-07, 1.90249636489e-07, 1.8975967464e-07, 4.03485756806e-07, 6.20197226908e-08, 3.99111179661e-08, 1.01625836635e-08, 6.73906841442e-09, 3.73011088683e-09, 1.43851899281e-08, 3.98118027434e-09, 1.13106901622e-09, 3.46834383436e-09, 1.38493183588e-09, 2.28067831287e-09, 4.79159911748e-09, 2.40687714204e-09, 3.77168268839e-10, 6.35123689752e-11, 1.61755164818e-10, 1.38147854267e-10, 3.62902589923e-11, 1.63606732329e-11, 1.62768132306e-11, 6.21840356985e-11, 9.54468379333e-11, 3.36295227776e-11, 3.71011485423e-11, 5.12321816915e-11, 5.22209706033e-11, 4.92677426633e-11, 1.44116350798e-11],
        "max": [0.023931581527, 0.0219342373312, 0.0117146475241, 0.0143496645615, 0.0225647576153, 0.0136000746861, 0.0139335179701, 0.0099557377398, 0.0112603986636, 0.0136898960918, 0.0177573412657, 0.0103329494596, 0.00757007999346, 0.00856139417738, 0.00262691313401, 0.00178712781053, 0.00139716058038, 0.0032584911678, 0.00143136037514, 0.000630737282336, 0.00140939326957, 0.00115267955698, 0.00182531273458, 0.00278680212796, 0.00101302575786, 0.00050987949362, 0.000173136984813, 0.000221907175728, 0.000288589188131, 0.00017505971482, 0.000112561763672, 0.000110264816612, 0.000196690089069, 0.000656212214381, 0.000184096847079, 0.000201034228667, 0.000183940705028, 0.000200978087378, 0.000290898198728, 9.22796025407e-05],
        "mean": [0.000418911542511, 0.000551039644051, 0.000305575289531, 0.000647985551041, 0.00125426857267, 0.000424592115451, 0.0002780915529, 0.000187251076568, 0.000215046311496, 0.000171613428392, 0.000202593466383, 0.000292548269499, 0.00010157370707, 8.20117493276e-05, 4.46820049547e-05, 2.50035591307e-05, 2.08885667234e-05, 5.01636059198e-05, 1.78684713319e-05, 1.36922863021e-05, 1.50747118823e-05, 1.10644923552e-05, 1.04632663351e-05, 1.34110950967e-05, 1.2841644093e-05, 8.32233490655e-06, 4.06652270613e-06, 5.09792334924e-06, 4.42769032816e-06, 2.22895437219e-06, 1.47085540902e-06, 1.39224334816e-06, 1.79391793154e-06, 2.21518075705e-06, 1.65398398622e-06, 1.52944903675e-06, 1.63936238096e-06, 1.59356454787e-06, 1.16646356219e-06, 6.76696174651e-07],
        "median": [6.50879810564e-05, 0.000190255566849, 0.000131866545416, 0.000158585418831, 0.000186487755855, 9.01445528143e-05, 7.38354210625e-05, 5.52491474082e-05, 3.99567215936e-05, 2.29938468692e-05, 2.62291050603e-05, 2.82473229163e-05, 1.47746395669e-05, 1.38917921504e-05, 8.91900981514e-06, 7.05967067915e-06, 4.93463403473e-06, 8.71681459103e-06, 6.09024755249e-06, 4.52997028333e-06, 4.04582397096e-06, 2.2612318844e-06, 2.06818049264e-06, 1.76537798779e-06, 1.54748306613e-06, 1.3403940784e-06, 9.14857992029e-07, 8.89230989287e-07, 6.47549484256e-07, 4.28572803912e-07, 3.39329403687e-07, 3.08583310016e-07, 3.8178851014e-07, 4.0317058847e-07, 3.19087746448e-07, 2.83555152691e-07, 3.04007585328e-07, 2.86946004735e-07, 1.83384074148e-07, 7.87923681855e-08],
        "min": [9.61058985639e-24, 5.96212394696e-24, 2.39831701216e-24, 5.29969851219e-24, 1.12982307565e-23, 4.74590159064e-24, 8.00896477166e-24, 7.95948347138e-24, 8.64498703194e-24, 1.04053025318e-23, 5.254042004e-24, 1.02027467172e-23, 3.35359009749e-24, 7.11411961496e-24, 4.87676335963e-24, 1.05284997282e-23, 8.4963553822e-24, 1.16070366687e-23, 1.07915556523e-23, 6.36648260849e-24, 9.29009144782e-24, 7.72122696762e-24, 5.60713653961e-24, 6.62061927671e-24, 7.96009010541e-24, 1.04773917968e-23, 1.05847675989e-23, 1.15030648014e-23, 8.04786192517e-24, 1.11613192132e-23, 8.17176988528e-24, 7.58882691987e-24, 9.59118151154e-24, 1.17300926591e-23, 9.41618534149e-24, 9.10817775649e-24, 9.1620451234e-24, 7.8277760435e-24, 5.40320061282e-24, 6.05133346572e-24],
        "var": [1.21440029943e-06, 1.12181567147e-06, 2.84602833744e-07, 2.24677091865e-06, 7.77763852966e-06, 1.0455953543e-06, 4.94743630952e-07, 2.21815227519e-07, 3.74067468556e-07, 3.8521554302e-07, 5.9985882217e-07, 8.12831785879e-07, 1.6619205212e-07, 1.17524656673e-07, 1.42458063124e-08, 5.2232271841e-09, 4.73892702857e-09, 4.10201579371e-08, 2.60043853118e-09, 1.23330445856e-09, 2.96697555413e-09, 2.04846872798e-09, 2.37954167481e-09, 3.69893027319e-09, 2.48307152617e-09, 5.93178228758e-10, 7.52641629576e-11, 1.98965524612e-10, 1.62201585496e-10, 3.57542953577e-11, 1.47158726177e-11, 1.96273726438e-11, 6.32186664129e-11, 2.13255996195e-10, 4.63862802336e-11, 4.59480821446e-11, 5.27410753959e-11, 5.36490400715e-11, 4.24769559804e-11, 1.15714356499e-11]
    },
    "mfcc": {
        "mean": [-688.864074707, 122.275360107, 1.87366092205, 7.92917299271, -4.48000383377, -2.65469455719, -5.31854581833, -1.56177890301, -8.12620925903, 0.53383654356, -9.13129997253, -4.03026580811, -3.47366929054],
        "cov": [[6129.41015625, -1195.66650391, -290.278167725, 183.989318848, 127.604492188, 10.740281105, 240.450180054, 415.402740479, 141.871963501, 244.828765869, -4.76724910736, 155.131164551, 237.004821777], [-1195.66650391, 1517.35302734, -98.5076675415, 272.995178223, 104.132957458, 91.7361679077, 47.6776618958, -30.1603507996, -1.08579313755, -4.82466554642, 35.7983322144, 28.9978981018, 0.692817986012], [-290.278167725, -98.5076675415, 1159.7545166, 123.962135315, 330.694061279, 128.406585693, 19.4065742493, -137.397232056, -36.8579521179, -88.0717315674, 5.89509439468, -18.1244544983, 29.4970397949], [183.989318848, 272.995178223, 123.962135315, 561.291564941, 257.005462646, 131.494949341, 115.844711304, 57.782623291, 48.675907135, 13.9186267853, 44.2366256714, 82.9271621704, 46.4111061096], [127.604492188, 104.132957458, 330.694061279, 257.005462646, 390.352294922, 84.8882141113, 74.5985794067, 2.2901031971, 23.2384853363, -28.1695346832, 11.2264871597, 44.4763870239, 47.1698684692], [10.740281105, 91.7361679077, 128.406585693, 131.494949341, 84.8882141113, 347.981811523, 122.613502502, 57.3932685852, 52.0183143616, 77.5599136353, 90.3545532227, 51.9670257568, 24.1004886627], [240.450180054, 47.6776618958, 19.4065742493, 115.844711304, 74.5985794067, 122.613502502, 264.393188477, 63.7311592102, 43.9513778687, 58.5353775024, 47.2323913574, 37.7418441772, 42.9585914612], [415.402740479, -30.1603507996, -137.397232056, 57.782623291, 2.2901031971, 57.3932685852, 63.7311592102, 199.337356567, 81.3832244873, 47.3880767822, 25.3844528198, 57.9370536804, 30.6372337341], [141.871963501, -1.08579313755, -36.8579521179, 48.675907135, 23.2384853363, 52.0183143616, 43.9513778687, 81.3832244873, 157.993865967, 62.4456977844, 35.2602996826, 34.2643318176, 29.1960849762], [244.828765869, -4.82466554642, -88.0717315674, 13.9186267853, -28.1695346832, 77.5599136353, 58.5353775024, 47.3880767822, 62.4456977844, 169.84437561, 73.4930953979, 30.4785919189, 13.1235837936], [-4.76724910736, 35.7983322144, 5.89509439468, 44.2366256714, 11.2264871597, 90.3545532227, 47.2323913574, 25.3844528198, 35.2602996826, 73.4930953979, 162.127838135, 67.837059021, 13.6380901337], [155.131164551, 28.9978981018, -18.1244544983, 82.9271621704, 44.4763870239, 51.9670257568, 37.7418441772, 57.9370536804, 34.2643318176, 30.4785919189, 67.837059021, 151.937438965, 56.4508285522], [237.004821777, 0.692817986012, 29.4970397949, 46.4111061096, 47.1698684692, 24.1004886627, 42.9585914612, 30.6372337341, 29.1960849762, 13.1235837936, 13.6380901337, 56.4508285522, 129.413192749]],
