{
"lowlevel": {
    "average_loudness": 0.909057378769,
    "barkbands_crest": {
        "dmean": 3.27342271805,
        "dmean2": 5.03438186646,
        "dvar": 10.0863466263,
        "dvar2": 19.9526576996,
        "max": 26.0216121674,
        "mean": 12.0092735291,
        "median": 10.642621994,
        "min": 1.99406170845,
        "var": 38.6086997986
    },
    "barkbands_flatness_db": {
        "dmean": 0.0299472194165,
        "dmean2": 0.0420875512064,
        "dvar": 0.000868606788572,
        "dvar2": 0.00158429285511,
        "max": 0.451763659716,
        "mean": 0.161627277732,
        "median": 0.152012750506,
        "min": 0.029972217977,
        "var": 0.00487911980599
    },
    "barkbands_kurtosis": {
        "dmean": 7.08759784698,
        "dmean2": 9.83819103241,
        "dvar": 445.202178955,
        "dvar2": 846.612060547,
        "max": 522.071594238,
        "mean": 10.0180940628,
        "median": 0.951962947845,
        "min": -1.95735621452,
        "var": 1281.56982422
    },
    "barkbands_skewness": {
        "dmean": 0.864256441593,
        "dmean2": 1.18423211575,
        "dvar": 1.22928869724,
        "dvar2": 2.17940282822,
        "max": 19.9428462982,
        "mean": 1.69944858551,
        "median": 1.09865164757,
        "min": -3.45056343079,
        "var": 6.06579685211
    },
    "barkbands_spread": {
        "dmean": 8.90109634399,
        "dmean2": 13.0718698502,
        "dvar": 125.61038208,
        "dvar2": 267.52041626,
        "max": 117.330528259,
        "mean": 27.0933380127,
        "median": 22.2709293365,
        "min": 0.353811830282,
        "var": 406.932342529
    },
    "dissonance": {
        "dmean": 0.0215696562082,
        "dmean2": 0.0366801060736,
        "dvar": 0.000460777228,
        "dvar2": 0.001235736534,
        "max": 0.5,
        "mean": 0.466110646725,
        "median": 0.474866122007,
        "min": 0.253282815218,
        "var": 0.000899152015336
    },
    "dynamic_complexity": 3.12742996216,
    "erbbands_crest": {
        "dmean": 3.17991638184,
        "dmean2": 5.0950293541,
        "dvar": 8.65803909302,
        "dvar2": 21.0171432495,
        "max": 30.9207382202,
        "mean": 9.94355010986,
        "median": 8.8583650589,
        "min": 2.34649586678,
        "var": 26.7011566162
    },
    "erbbands_flatness_db": {
        "dmean": 0.0216799527407,
        "dmean2": 0.0308378972113,
        "dvar": 0.000371618312784,
        "dvar2": 0.00070573517587,
        "max": 0.401244521141,
        "mean": 0.171846330166,
        "median": 0.163865059614,
        "min": 0.0572838447988,
        "var": 0.00398989440873
    },
    "erbbands_kurtosis": {
        "dmean": 1.16814935207,
        "dmean2": 1.82567071915,
        "dvar": 2.65942502022,
        "dvar2": 5.90404701233,
        "max": 35.9271202087,
        "mean": 0.745838820934,
        "median": -0.0611290931702,
        "min": -1.80465340614,
        "var": 6.42742300034
    },
    "erbbands_skewness": {
        "dmean": 0.458422482014,
        "dmean2": 0.692877352238,
        "dvar": 0.184697240591,
        "dvar2": 0.406138956547,
        "max": 5.64466953278,
        "mean": 0.365824341774,
        "median": 0.353524416685,
        "min": -4.41446971893,
        "var": 0.797613918781
    },
    "erbbands_spread": {
        "dmean": 10.9934883118,
        "dmean2": 16.2524852753,
        "dvar": 152.547195435,
        "dvar2": 335.099884033,
        "max": 178.091644287,
        "mean": 42.3623886108,
        "median": 36.7833175659,
        "min": 3.74793100357,
        "var": 622.222900391
    },
    "hfc": {
        "dmean": 15.7371387482,
        "dmean2": 22.3802871704,
        "dvar": 823.95526123,
        "dvar2": 1714.54199219,
        "max": 344.167907715,
        "mean": 35.3330612183,
        "median": 22.6745529175,
        "min": 1.13376074674e-16,
        "var": 1663.60571289
    },
    "melbands_crest": {
        "dmean": 4.34644412994,
        "dmean2": 6.61187267303,
        "dvar": 17.849445343,
        "dvar2": 35.5571174622,
        "max": 34.1855812073,
        "mean": 17.0501899719,
        "median": 15.8066616058,
        "min": 2.03339719772,
        "var": 66.2269668579
    },
    "melbands_flatness_db": {
        "dmean": 0.0361978635192,
        "dmean2": 0.0497643239796,
        "dvar": 0.00143970642239,
        "dvar2": 0.00244809431024,
        "max": 0.560151338577,
        "mean": 0.184537515044,
        "median": 0.169149309397,
        "min": 0.00640565948561,
        "var": 0.00847219116986
    },
    "melbands_kurtosis": {
        "dmean": 17.7324333191,
        "dmean2": 24.8718223572,
        "dvar": 1859.27905273,
        "dvar2": 3258.84594727,
        "max": 910.353881836,
        "mean": 29.2001132965,
        "median": 5.95895385742,
        "min": -1.90344429016,
        "var": 5858.00683594
    },
    "melbands_skewness": {
        "dmean": 1.17791116238,
        "dmean2": 1.66197884083,
        "dvar": 2.42703938484,
        "dvar2": 4.43943071365,
        "max": 25.6923923492,
        "mean": 3.1327290535,
        "median": 2.06629180908,
        "min": -1.25299227238,
        "var": 10.8877840042
    },
    "melbands_spread": {
        "dmean": 13.3808946609,
        "dmean2": 19.7550735474,
        "dvar": 424.33795166,
        "dvar2": 823.290527344,
        "max": 270.33895874,
        "mean": 32.6045875549,
        "median": 24.3684692383,
        "min": 0.321908712387,
        "var": 1028.99487305
    },
    "pitch_salience": {
        "dmean": 0.0936802998185,
        "dmean2": 0.143886610866,
        "dvar": 0.00947359483689,
        "dvar2": 0.0195329897106,
        "max": 0.866377830505,
        "mean": 0.504075407982,
        "median": 0.527583122253,
        "min": 0.0275491047651,
        "var": 0.0330009534955
    },
    "silence_rate_20dB": {
        "dmean": 0,
        "dmean2": 0,
        "dvar": 0,
        "dvar2": 0,
        "max": 1,
        "mean": 1,
        "median": 1,
        "min": 1,
        "var": 0
    },
    "silence_rate_30dB": {
        "dmean": 0.031391620636,
        "dmean2": 0.0627901852131,
        "dvar": 0.0304079893976,
        "dvar2": 0.0685834363103,
        "max": 1,
        "mean": 0.964080452919,
        "median": 1,
        "min": 0,
        "var": 0.0346275940537
    },
    "silence_rate_60dB": {
        "dmean": 0.0444346182048,
        "dmean2": 0.0888790637255,
        "dvar": 0.0424619279802,
        "dvar2": 0.102413959801,
        "max": 1,
        "mean": 0.0775862038136,
        "median": 0,
        "min": 0,
        "var": 0.0715631470084
    },
    "spectral_centroid": {
        "dmean": 370.909851074,
        "dmean2": 545.278564453,
        "dvar": 185994.359375,
        "dvar2": 342796.78125,
        "max": 11423.0488281,
        "mean": 1723.12805176,
        "median": 1660.71606445,
        "min": 132.849685669,
        "var": 661743.5
    },
    "spectral_complexity": {
        "dmean": 4.55045890808,
        "dmean2": 6.94428491592,
        "dvar": 23.2117099762,
        "dvar2": 49.2319793701,
        "max": 50,
        "mean": 16.646440506,
        "median": 16,
        "min": 0,
        "var": 75.5794525146
    },
    "spectral_decrease": {
        "dmean": 2.56685694922e-09,
        "dmean2": 3.51812690091e-09,
        "dvar": 1.34406104464e-17,
        "dvar2": 2.43271171174e-17,
        "max": 6.11252909641e-29,
        "mean": -8.1787829842e-09,
        "median": -5.77182879269e-09,
        "min": -4.83210875757e-08,
        "var": 6.48117979852e-17
    },
    "spectral_energy": {
        "dmean": 0.010421520099,
        "dmean2": 0.0143229747191,
        "dvar": 0.000198492503841,
        "dvar2": 0.000362860155292,
        "max": 0.183842673898,
        "mean": 0.0340733788908,
        "median": 0.0265357233584,
        "min": 1.04041428432e-20,
        "var": 0.000962336780503
    },
    "spectral_energyband_high": {
        "dmean": 0.0013966942206,
        "dmean2": 0.00196536025032,
        "dvar": 9.30490841711e-06,
        "dvar2": 1.87663645193e-05,
        "max": 0.0392053835094,
        "mean": 0.00232983403839,
        "median": 0.000776321743615,
        "min": 7.45155234281e-21,
        "var": 1.74899123522e-05
    },
    "spectral_energyband_low": {
        "dmean": 0.00695909000933,
        "dmean2": 0.00977868400514,
        "dvar": 0.000210613186937,
        "dvar2": 0.000400657067075,
        "max": 0.181597203016,
        "mean": 0.017211843282,
        "median": 0.00105591432657,
        "min": 6.26327285971e-23,
        "var": 0.000813898339402
    },
    "spectral_energyband_middle_high": {
        "dmean": 0.00274936202914,
        "dmean2": 0.00407405709848,
        "dvar": 1.65461024153e-05,
        "dvar2": 3.60363046639e-05,
        "max": 0.115690365434,
        "mean": 0.00731777492911,
        "median": 0.00338026834652,
        "min": 1.49331445089e-21,
        "var": 9.63222919381e-05
    },
    "spectral_energyband_middle_low": {
        "dmean": 0.00464733410627,
        "dmean2": 0.00751301273704,
        "dvar": 6.11575887888e-05,
        "dvar2": 0.000156152091222,
        "max": 0.107671275735,
        "mean": 0.00775105739012,
        "median": 0.00408673053607,
        "min": 2.5993784718e-22,
        "var": 9.89197797026e-05
    },
    "spectral_entropy": {
        "dmean": 0.195473819971,
        "dmean2": 0.27421310544,
        "dvar": 0.036992803216,
        "dvar2": 0.0675273612142,
        "max": 9.80473613739,
        "mean": 7.76938343048,
        "median": 7.78412342072,
        "min": 5.55789279938,
        "var": 0.255505502224
    },
    "spectral_flux": {
        "dmean": 0.0364465452731,
        "dmean2": 0.0554963126779,
        "dvar": 0.00181150261778,
        "dvar2": 0.00353099871427,
        "max": 0.423430144787,
        "mean": 0.101079069078,
        "median": 0.0889918282628,
        "min": 1.02000699553e-10,
        "var": 0.00398729229346
    },
    "spectral_kurtosis": {
        "dmean": 1.26167654991,
        "dmean2": 2.06441617012,
        "dvar": 2.83451080322,
        "dvar2": 7.55749177933,
        "max": 39.0374069214,
        "mean": 2.56402993202,
        "median": 2.0808391571,
        "min": -1.57086086273,
        "var": 7.00552415848
    },
    "spectral_rms": {
        "dmean": 0.000914652715437,
        "dmean2": 0.00123585225083,
        "dvar": 1.10111568574e-06,
        "dvar2": 1.76696050858e-06,
        "max": 0.0133924866095,
        "mean": 0.00513425469398,
        "median": 0.00508807506412,
        "min": 3.18596646461e-12,
        "var": 6.88178397468e-06
    },
    "spectral_rolloff": {
        "dmean": 1074.44238281,
        "dmean2": 1662.12304688,
        "dvar": 3416607.5,
        "dvar2": 6066337,
        "max": 18863.0859375,
        "mean": 2674.5637207,
        "median": 1679.58984375,
        "min": 64.599609375,
        "var": 8827401
    },
    "spectral_skewness": {
        "dmean": 0.214001342654,
        "dmean2": 0.331582725048,
        "dvar": 0.046679969877,
        "dvar2": 0.10634008795,
        "max": 4.73450040817,
        "mean": 1.24449944496,
        "median": 1.23174357414,
        "min": -0.535713732243,
        "var": 0.183062180877
    },
    "spectral_spread": {
        "dmean": 769876.3125,
        "dmean2": 1060238.25,
        "dvar": 1.04177487053e+12,
        "dvar2": 1.57361871258e+12,
        "max": 40629616,
        "mean": 5694623.5,
        "median": 5241981,
        "min": 1468115.875,
        "var": 6.56549557043e+12
    },
    "spectral_strongpeak": {
        "dmean": 0.755520939827,
        "dmean2": 1.24379646778,
        "dvar": 1.84722423553,
        "dvar2": 4.41815233231,
        "max": 19.7858524323,
        "mean": 1.36744117737,
        "median": 0.625239849091,
        "min": 2.50837706162e-09,
        "var": 3.39764928818
    },
    "zerocrossingrate": {
        "dmean": 0.021823046729,
        "dmean2": 0.0231197346002,
        "dvar": 0.000818496395368,
        "dvar2": 0.000819978129584,
        "max": 0.51171875,
        "mean": 0.0912648290396,
        "median": 0.07373046875,
        "min": 0.00244140625,
        "var": 0.0050250031054
    },
    "barkbands": {
        "dmean": [0.000218885979848, 0.00556896533817, 0.00288966181688, 0.000932409195229, 0.00102804647759, 0.00123834237456, 0.000800463021733, 0.000893669377547, 0.00117298029363, 0.000739675422665, 0.000654002011288, 0.000953502079938, 0.000356666801963, 0.000595793593675, 0.000521068810485, 0.00033607732621, 0.000285875168629, 0.000246344454354, 0.000171998239239, 0.000234004473896, 0.00015423282457, 0.000167647653143, 0.000264122587396, 0.000325756322127, 0.000379539123969, 0.000208341443795, 1.85325674806e-07],
        "dmean2": [0.000312196381856, 0.00734845036641, 0.00492603331804, 0.00175312056672, 0.00172889768146, 0.00198847032152, 0.0013038655743, 0.00145196763333, 0.00185989856254, 0.00120361847803, 0.00101913756225, 0.00145531713497, 0.000558226252906, 0.000918377831113, 0.000831308425404, 0.000532608712092, 0.000444982055342, 0.000389739900129, 0.000271720346063, 0.000355863274308, 0.000240760433371, 0.000256273051491, 0.000391769863199, 0.000469000544399, 0.000541320478078, 0.000304810120724, 3.33781684958e-07],
        "dvar": [2.49280617481e-07, 0.000166009092936, 5.99506711296e-05, 1.28587043946e-05, 5.04589525008e-06, 9.1808851721e-06, 6.83019106873e-06, 7.01712997397e-06, 9.2682948889e-06, 5.91286061535e-06, 3.79813263862e-06, 6.33711533737e-06, 1.25600877254e-06, 2.77304457086e-06, 1.94757421923e-06, 7.95801668119e-07, 6.04407262017e-07, 4.21874574386e-07, 1.05821804652e-07, 2.79187958085e-07, 8.75841692505e-08, 1.28636756358e-07, 4.07545911685e-07, 6.00592159117e-07, 1.03135869267e-06, 3.27669397393e-07, 1.02464271876e-12],
        "dvar2": [4.47726932862e-07, 0.000263098656433, 0.000165838195244, 3.74014089175e-05, 1.36472817758e-05, 2.00826889341e-05, 1.6366595446e-05, 1.76167086465e-05, 2.12439972529e-05, 1.48241742863e-05, 7.42610973248e-06, 1.40679385368e-05, 2.55694817497e-06, 5.94672565057e-06, 4.34670118921e-06, 1.78031234555e-06, 1.38234770475e-06, 9.24001085423e-07, 2.44569093866e-07, 5.85054351632e-07, 2.0324635841e-07, 2.87675760546e-07, 8.12851453702e-07, 1.12020200049e-06, 2.15445857066e-06, 7.26150801711e-07, 2.84094015673e-12],
        "max": [0.00583127466962, 0.16425769031, 0.0857524201274, 0.0373293198645, 0.039411380887, 0.0633976012468, 0.0808139964938, 0.0747051239014, 0.0662181377411, 0.0915111079812, 0.0560238212347, 0.0557522214949, 0.0260489713401, 0.0430858880281, 0.0402721017599, 0.0238835886121, 0.0174581874162, 0.0191828366369, 0.00807528290898, 0.0136647131294, 0.00593194691464, 0.0110593745485, 0.0163513422012, 0.0187428910285, 0.0140681937337, 0.00668328441679, 3.13513010042e-05],
        "mean": [0.000425237900345, 0.0134355388582, 0.00299226981588, 0.000649562804028, 0.00119599909522, 0.00175322266296, 0.00100771407597, 0.00108972401358, 0.00164227990899, 0.00110706838313, 0.000919272599276, 0.00158453267068, 0.000544926151633, 0.000928479072172, 0.000725321937352, 0.00048359594075, 0.000396382820327, 0.000365421379684, 0.000275846308796, 0.000406355800806, 0.000234106890275, 0.00025928489049, 0.000441152253188, 0.000505356234498, 0.000481289753225, 0.000223345778068, 1.27213994006e-07],
        "median": [1.12594443635e-05, 0.000382510072086, 0.000125356542412, 6.87226420268e-05, 0.000368636159692, 0.00037336506648, 0.000164439043147, 0.000236524530919, 0.000365532265278, 0.000191567844013, 0.000140458490932, 0.000213314895518, 0.000120970289572, 0.000162074371474, 0.000198699039174, 0.00014930072939, 0.000125844977447, 0.000144893128891, 0.000115368849947, 0.00011681640899, 9.31094982661e-05, 9.48042943492e-05, 0.000151143234689, 0.000133208639454, 3.74897717847e-05, 5.20800176673e-06, 1.3572312163e-09],
        "min": [1.84682139509e-24, 1.06156065383e-23, 1.10098389868e-23, 2.54541259194e-23, 5.66414057526e-23, 3.96576974688e-23, 9.04120583222e-24, 8.60992058698e-24, 1.71048157876e-23, 2.97486610216e-23, 4.51064480936e-23, 4.97921682746e-23, 9.99280022249e-23, 9.56394324889e-23, 1.89333862152e-22, 1.27463741169e-22, 1.36004959071e-22, 1.78816856916e-22, 2.35614980931e-22, 2.24128737011e-22, 2.70367471871e-22, 4.99480976766e-22, 5.6221170082e-22, 8.78004964301e-22, 1.37463150152e-21, 1.60090649556e-21, 2.04993369587e-21],
        "var": [8.61623334458e-07, 0.000673090864439, 5.00204478158e-05, 7.451125839e-06, 5.27104430148e-06, 2.03204162972e-05, 1.23462787087e-05, 9.83226982498e-06, 1.5416459064e-05, 1.57187860168e-05, 9.54703045863e-06, 1.99173646251e-05, 3.02110652228e-06, 7.31337240722e-06, 3.76041134587e-06, 1.58592445132e-06, 1.03955153463e-06, 8.21184130473e-07, 2.35322971776e-07, 7.62247054809e-07, 1.4833344153e-07, 2.30392714684e-07, 9.11768097467e-07, 1.19835806345e-06, 1.62807396009e-06, 4.12112996173e-07, 6.7552381874e-13]
    },
    "erbbands": {
        "dmean": [0.215309262276, 1.24540913105, 3.33134031296, 3.12269711494, 2.99855852127, 3.36944961548, 6.53675556183, 11.5305833817, 10.9737634659, 13.8847999573, 19.4785556793, 24.473482132, 28.5212726593, 20.5013923645, 33.8026237488, 31.7062225342, 15.3051509857, 22.3959293365, 30.5503616333, 19.8560314178, 18.2103538513, 13.9973087311, 12.6626443863, 8.42609500885, 9.82433795929, 11.5583667755, 6.49072360992, 5.83587789536, 5.75468635559, 7.22207260132, 7.68925189972, 6.48487281799, 5.82097625732, 4.33278274536, 2.66001915932, 1.37042856216, 0.313423871994, 0.0086990557611, 0.000266680173809, 3.294227281e-05],
        "dmean2": [0.242200434208, 1.84088981152, 5.61802196503, 5.68026781082, 5.37097883224, 5.59528923035, 10.5009288788, 18.7078514099, 17.8859004974, 22.3185157776, 31.5174655914, 38.9562110901, 45.2491493225, 31.9905929565, 50.2289352417, 47.5714645386, 22.9839172363, 34.029548645, 47.0932312012, 32.2190818787, 27.8937397003, 21.6973247528, 19.5398387909, 13.3708372116, 15.247469902, 17.7153720856, 10.1411094666, 8.98241424561, 8.81689739227, 10.9207601547, 11.3948907852, 9.46400642395, 8.42192363739, 6.24384069443, 3.79242086411, 2.01170134544, 0.462307453156, 0.0128672327846, 0.000387114094337, 4.61042836832e-05],
        "dvar": [0.26268813014, 8.70026493073, 72.9876022339, 118.5051651, 95.6018676758, 46.3572387695, 223.483078003, 993.69329834, 1070.80334473, 2097.21972656, 2893.9465332, 4481.50585938, 7029.10742188, 5107.44677734, 6620.05371094, 7258.53222656, 2122.28710938, 3385.2800293, 8316.91699219, 1998.23547363, 2172.08300781, 1502.61437988, 1309.40356445, 229.063064575, 402.606872559, 834.456359863, 145.795181274, 147.996353149, 150.424346924, 273.976013184, 367.736114502, 260.977142334, 191.174240112, 132.82951355, 50.6254920959, 14.6514348984, 0.738411903381, 0.000605008739512, 5.21212598414e-07, 4.43920411541e-09],
        "dvar2": [0.283089786768, 19.7025661469, 200.792709351, 341.710357666, 273.819824219, 121.060424805, 503.891876221, 2200.74438477, 2452.88183594, 4786.97802734, 7040.86669922, 10388.2666016, 16366.3251953, 12980.6123047, 12745.9941406, 15222.9775391, 4164.75585938, 6825.31884766, 18426.8828125, 4788.42138672, 4514.88134766, 3314.88452148, 2692.02514648, 559.45513916, 900.454284668, 1735.98706055, 337.297821045, 331.320037842, 343.117614746, 568.195678711, 719.624511719, 499.759124756, 375.599609375, 277.325897217, 107.939231873, 32.8402175903, 1.61854505539, 0.00132972514257, 1.12576981337e-06, 9.51620737766e-09],
        "max": [6.97189331055, 44.1020774841, 89.6867294312, 115.045562744, 121.616950989, 132.194015503, 383.520904541, 800.729309082, 881.599731445, 1786.55883789, 1138.35742188, 1285.14794922, 2223.76928711, 3650.33618164, 1746.08361816, 2076.05151367, 1418.48266602, 1213.9185791, 2639.80810547, 945.037658691, 1442.58007812, 964.559082031, 1367.90759277, 363.429992676, 504.840545654, 837.643615723, 360.166168213, 278.94128418, 337.404937744, 448.917205811, 583.881652832, 518.912109375, 344.568786621, 185.831161499, 119.568061829, 41.1406555176, 13.7164831161, 0.37177965045, 0.0100808078423, 0.000848074618261],
        "mean": [0.514431238174, 2.50496840477, 3.73783969879, 2.67971801758, 2.69978308678, 4.004986763, 8.61168193817, 15.7509717941, 14.9176111221, 17.5114822388, 25.3961277008, 34.9061050415, 43.2780570984, 33.2199783325, 54.6127281189, 53.1934509277, 27.1078262329, 37.9952926636, 51.3327865601, 28.0828552246, 29.1543922424, 21.7326774597, 19.9434528351, 14.101521492, 16.9586277008, 20.3476390839, 10.8701953888, 8.85451889038, 8.76132774353, 11.379275322, 12.8939247131, 10.2715997696, 8.62088012695, 5.66079759598, 3.22895908356, 1.49065518379, 0.329271882772, 0.00925896223634, 0.000314116070513, 6.92404064466e-05],
        "median": [0.00841577444226, 0.108482643962, 0.293519794941, 0.236556008458, 0.585214138031, 1.27779340744, 2.14602017403, 3.09439134598, 2.75921106339, 3.62398004532, 6.99793815613, 8.78881454468, 9.77591133118, 7.40180969238, 10.4101791382, 9.25304508209, 7.21143054962, 9.02028465271, 10.5148744583, 11.4202098846, 9.56007766724, 7.48764610291, 7.80739307404, 7.67737483978, 6.51052761078, 5.71294879913, 4.28149795532, 3.28347539902, 3.30433440208, 4.02499103546, 4.37481641769, 3.26591157913, 1.81704413891, 0.594092965126, 0.181561127305, 0.0444774702191, 0.00587436463684, 0.000210104335565, 4.23575402237e-05, 4.6913537517e-05],
        "min": [4.65978394909e-22, 2.39384776803e-21, 9.61688338869e-21, 5.98708997592e-20, 2.26457985931e-19, 1.03362750973e-19, 1.55351614696e-19, 2.07861763764e-19, 1.56261035156e-19, 3.66499353444e-19, 2.88243414605e-19, 3.91134756639e-19, 9.53044517957e-19, 1.29802722346e-18, 1.70680571671e-18, 2.57528642327e-18, 4.86767583629e-18, 4.00586365303e-18, 1.04246884263e-17, 8.88312237671e-18, 5.59711885561e-18, 6.27022798009e-18, 9.92399931025e-18, 8.30934689045e-18, 1.29679503454e-17, 9.49176104424e-18, 1.1648833842e-17, 1.16712537453e-17, 1.89926343101e-17, 1.44463685998e-17, 1.44079410973e-17, 1.37809712802e-17, 1.1761274157e-17, 1.25517808899e-17, 9.30857031707e-18, 6.30516850275e-18, 3.02655232491e-18, 1.33653930521e-18, 2.49639670899e-19, 3.04373804904e-20],
        "var": [1.25933611393, 21.5805587769, 64.9925918579, 74.1750030518, 68.3475418091, 52.4846916199, 458.240814209, 2080.44921875, 2461.75219727, 3055.04443359, 4623.12402344, 7158.54150391, 14048.0205078, 13950.0791016, 18826.328125, 21970.7910156, 6485.11328125, 9872.6640625, 20852.7734375, 3002.86743164, 5237.25341797, 2784.19628906, 2760.94677734, 430.659759521, 1019.14910889, 2064.35449219, 305.495941162, 259.909545898, 252.872436523, 553.887512207, 838.81439209, 493.374725342, 369.805999756, 215.489151001, 77.1649856567, 18.2547550201, 0.921748101711, 0.00074718153337, 6.78108733609e-07, 7.11643100004e-09]
    },
    "gfcc": {
        "mean": [-5.8803858757, 67.5163803101, -136.506515503, 34.8919830322, -73.5748977661, 26.6060314178, -39.1964607239, 11.3761615753, -17.5008125305, -1.23289847374, -9.30337333679, -3.5982606411, -4.04698610306],
        "cov": [[5045.68847656, -1736.88586426, 1213.89294434, 69.8690872192, 79.9216766357, 620.572814941, -306.3934021, 600.72454834, -379.358032227, 582.115844727, -201.26411438, 302.492797852, -349.797943115], [-1736.88586426, 2307.87573242, -381.770050049, 397.992706299, 359.472381592, -243.014282227, 463.328674316, -312.174194336, 438.173095703, -350.634490967, 336.596588135, -185.23223877, 315.374725342], [1213.89294434, -381.770050049, 2284.84570312, 475.152435303, 441.324951172, 534.343994141, -141.609970093, 447.769287109, -168.42729187, 423.233306885, -157.402359009, 356.687744141, -151.574035645], [69.8690872192, 397.992706299, 475.152435303, 654.855224609, 335.995391846, 152.954528809, 155.246383667, 97.582244873, 198.745834351, 38.3713035583, 152.135513306, 38.105846405, 100.150268555], [79.9216766357, 359.472381592, 441.324951172, 335.995391846, 533.230163574, 215.155380249, 226.864181519, 132.34274292, 92.7675247192, 135.439559937, 44.3642539978, 64.6011428833, 36.9848709106], [620.572814941, -243.014282227, 534.343994141, 152.954528809, 215.155380249, 512.724243164, 136.680404663, 183.24017334, -8.97995567322, 185.164428711, 52.4363594055, 40.8349456787, -30.170135498], [-306.3934021, 463.328674316, -141.609970093, 155.246383667, 226.864181519, 136.680404663, 390.499084473, 3.10695648193, 159.768997192, -14.8984956741, 150.544921875, -63.7005348206, 88.8609008789], [600.72454834, -312.174194336, 447.769287109, 97.582244873, 132.34274292, 183.24017334, 3.10695648193, 350.604522705, 23.0450077057, 179.960479736, -50.2366790771, 108.656471252, -29.3382987976], [-379.358032227, 438.173095703, -168.42729187, 198.745834351, 92.7675247192, -8.97995567322, 159.768997192, 23.0450077057, 332.754516602, -72.9347457886, 166.610015869, -36.3547782898, 124.830192566], [582.115844727, -350.634490967, 423.233306885, 38.3713035583, 135.439559937, 185.164428711, -14.8984956741, 179.960479736, -72.9347457886, 288.186737061, -23.0598773956, 117.943161011, -72.6436767578], [-201.26411438, 336.596588135, -157.402359009, 152.135513306, 44.3642539978, 52.4363594055, 150.544921875, -50.2366790771, 166.610015869, -23.0598773956, 270.596954346, -21.8286342621, 111.290290833], [302.492797852, -185.23223877, 356.687744141, 38.105846405, 64.6011428833, 40.8349456787, -63.7005348206, 108.656471252, -36.3547782898, 117.943161011, -21.8286342621, 191.904922485, -8.9223985672], [-349.797943115, 315.374725342, -151.574035645, 100.150268555, 36.9848709106, -30.170135498, 88.8609008789, -29.3382987976, 124.830192566, -72.6436767578, 111.290290833, -8.9223985672, 170.472763062]],
        "icov": [[0.000361921207514, 8.17746476969e-05, 7.92245991761e-05, -0.000183857773663, 4.94420091854e-05, -0.000266362912953, 0.000188775375136, -0.000377333082724, 0.000254065234913, -0.000102382691693, -0.000165794655913, -0.000174322049133, 0.000418043666286], [8.17746476969e-05, 0.00148716033436, -0.00060038024094, 0.000327282847138, -0.00115608214401, 0.00119887723122, -0.000829129538033, 0.000742528471164, -0.000594393350184, 0.000920692342333, -0.000907338166144, 0.000976323673967, -0.000815545790829], [7.92245991761e-05, -0.00060038024094, 0.00162707595155, -0.00114618102089, 0.000200043374207, -0.00156034564134, 0.00105803832412, -0.000710376538336, 0.00069017946953, -0.000420944736106, 0.000908387417439, -0.00194265414029, 0.00102053966839], [-0.000183857773663, 0.000327282847138, -0.00114618102089, 0.00383247178979, -0.00206425529905, 0.000817536842078, 0.000184774849913, 0.000177273890586, -0.00135105231311, 0.00097653636476, -0.00178499519825, 0.00134735752363, -0.00108536693733], [4.94420091854e-05, -0.00115608214401, 0.000200043374207, -0.00206425529905, 0.00578228477389, -0.00123339344282, -0.00211630947888, -0.000143316065078, 0.000148274135427, -0.00251758145168, 0.00266510830261, -0.00157177075744, 0.00023296767904], [-0.000266362912953, 0.00119887723122, -0.00156034564134, 0.000817536842078, -0.00123339344282, 0.0054693245329, -0.00226858560927, -0.000226500123972, 0.000115960196126, -0.000250896584475, -0.00220684078522, 0.00282682618126, -0.000856218801346], [0.000188775375136, -0.000829129538033, 0.00105803832412, 0.000184774849913, -0.00211630947888, -0.00226858560927, 0.0066860858351, -0.000898519239854, -0.000250783457886, 3.60735066351e-05, -0.00131759792566, 0.000614813296124, 0.000262612156803], [-0.000377333082724, 0.000742528471164, -0.000710376538336, 0.000177273890586, -0.000143316065078, -0.000226500123972, -0.000898519239854, 0.00692913820967, -0.00307187787257, -0.00222885538824, 0.0024311307352, -0.00053596048383, -0.00154738419224], [0.000254065234913, -0.000594393350184, 0.00069017946953, -0.00135105231311, 0.000148274135427, 0.000115960196126, -0.000250783457886, -0.00307187787257, 0.0072557576932, 0.00123985216487, -0.00255028996617, -0.000108388820081, -0.000506763055455], [-0.000102382691693, 0.000920692342333, -0.000420944736106, 0.00097653636476, -0.00251758145168, -0.000250896584475, 3.60735066351e-05, -0.00222885538824, 0.00123985216487, 0.00948881916702, -0.00302923796698, -0.0020236573182, 0.00224532117136], [-0.000165794655913, -0.000907338166144, 0.000908387417439, -0.00178499519825, 0.00266510830261, -0.00220684078522, -0.00131759792566, 0.0024311307352, -0.00255028996617, -0.00302923796698, 0.00957514345646, -0.00183549325448, -0.00243926281109], [-0.000174322049133, 0.000976323673967, -0.00194265414029, 0.00134735752363, -0.00157177075744, 0.00282682618126, 0.000614813296124, -0.00053596048383, -0.000108388820081, -0.0020236573182, -0.00183549325448, 0.0110692735761, -0.0032595100347], [0.000418043666286, -0.000815545790829, 0.00102053966839, -0.00108536693733, 0.00023296767904, -0.000856218801346, 0.000262612156803, -0.00154738419224, -0.000506763055455, 0.00224532117136, -0.00243926281109, -0.0032595100347, 0.0119220791385]]
    },
    "melbands": {
        "dmean": [0.00167310843244, 0.0015990298707, 0.000544544018339, 0.000215945590753, 0.000210237427382, 0.000250195007538, 0.000169471502886, 0.000160143972607, 0.000153599568876, 0.000168135797139, 0.000142734279507, 8.41421788209e-05, 0.000106148392661, 0.00012592341227, 4.33403438365e-05, 3.59787190973e-05, 4.6668745199e-05, 5.67596980545e-05, 3.34846045007e-05, 2.34299895965e-05, 2.37176227529e-05, 1.69689974427e-05, 1.32495779326e-05, 1.25599308376e-05, 6.84720816935e-06, 7.46939758756e-06, 8.73159478942e-06, 8.12133748695e-06, 4.71391376777e-06, 3.49478295902e-06, 3.63615026799e-06, 3.26229746861e-06, 3.83088308809e-06, 4.47926504421e-06, 4.75343676953e-06, 4.23387473347e-06, 4.07006837122e-06, 4.27044187745e-06, 4.04011916544e-06, 3.61520005754e-06],
        "dmean2": [0.00200302852318, 0.00261380011216, 0.000980634707958, 0.000371331290808, 0.000336842873367, 0.000403585843742, 0.00027533021057, 0.000261045614025, 0.000248076656135, 0.000267783383606, 0.000226362681133, 0.000132479748572, 0.000158004375407, 0.000192357867491, 6.52497983538e-05, 5.43079113413e-05, 7.0804162533e-05, 8.80195511854e-05, 5.41112749488e-05, 3.82338257623e-05, 3.64434527e-05, 2.6311383408e-05, 2.06232125493e-05, 2.00267677428e-05, 1.10488163045e-05, 1.17991130537e-05, 1.33534913402e-05, 1.26594923131e-05, 7.47422882341e-06, 5.48903381059e-06, 5.66170683669e-06, 5.09835399498e-06, 5.95691244598e-06, 6.85409349899e-06, 7.16554859537e-06, 6.39410427539e-06, 6.02216323387e-06, 6.25416032562e-06, 5.96144627707e-06, 5.21789843333e-06],
        "dvar": [1.48222643475e-05, 1.49145389514e-05, 3.43108285961e-06, 2.90614110554e-07, 2.00361810698e-07, 4.30980378496e-07, 2.44808660455e-07, 2.44680194328e-07, 1.75592205665e-07, 2.02864057997e-07, 1.75070880459e-07, 9.61241042319e-08, 7.57866160939e-08, 1.19405683563e-07, 1.93414280147e-08, 1.11581535123e-08, 1.68425913216e-08, 3.10002263859e-08, 6.46954445571e-09, 4.22934087752e-09, 3.5593379355e-09, 2.49654141804e-09, 1.75974002037e-09, 1.05302500053e-09, 1.74619860238e-10, 2.33832286867e-10, 4.78918349422e-10, 4.67058114406e-10, 9.2136208385e-11, 4.628912878e-11, 6.14913814312e-11, 4.93129773127e-11, 7.99020363762e-11, 1.05729487665e-10, 1.52101803375e-10, 1.00659661162e-10, 1.12602684121e-10, 1.0669078121e-10, 1.06825756574e-10, 9.51140347039e-11],
        "dvar2": [1.82259791472e-05, 4.03728627134e-05, 9.87462317426e-06, 8.07018977866e-07, 4.58651243207e-07, 9.44806288317e-07, 5.65773575545e-07, 5.57330281481e-07, 4.24124067422e-07, 4.68666968345e-07, 4.08805476582e-07, 2.46681764793e-07, 1.39726125781e-07, 2.63799790901e-07, 3.81536189309e-08, 2.16419220322e-08, 3.3232275598e-08, 6.93126409601e-08, 1.52077355153e-08, 1.01144630449e-08, 7.45549222358e-09, 5.55401236113e-09, 3.82079168304e-09, 2.26600116449e-09, 4.36586156116e-10, 5.20072263033e-10, 1.00114416757e-09, 1.05543296325e-09, 2.13867340504e-10, 1.08551126421e-10, 1.43364750627e-10, 1.18225498835e-10, 1.88560583814e-10, 2.23920396114e-10, 2.99264835135e-10, 2.04893602085e-10, 2.17450391027e-10, 2.11952885798e-10, 2.2762255969e-10, 1.97826074966e-10],
        "max": [0.0518291294575, 0.0445024967194, 0.0190249197185, 0.00939711276442, 0.0116805126891, 0.0154987163842, 0.0119583411142, 0.0161921214312, 0.00913335662335, 0.00839744787663, 0.0108125731349, 0.0157869048417, 0.00732138426974, 0.00817883107811, 0.00408410886303, 0.00317352823913, 0.00274188327603, 0.00452623981982, 0.00174502760638, 0.00150503928307, 0.00148331490345, 0.00143975345418, 0.0012333978666, 0.00125028705224, 0.000322707375744, 0.000500664813444, 0.000565186957829, 0.000623367377557, 0.000258364161709, 0.000139499155921, 0.000172156433109, 0.000155822082888, 0.000289579154924, 0.000249141885433, 0.000396146875573, 0.000266254093731, 0.000319355283864, 0.000301118911011, 0.000141623269883, 0.00017304442008],
        "mean": [0.00407656095922, 0.00240302272141, 0.000483568524942, 0.000230741570704, 0.000278274412267, 0.000347549241269, 0.000229053985095, 0.000201505681616, 0.000200175520149, 0.000236481006141, 0.000213937775698, 0.000129773485241, 0.000161065196153, 0.000208320445381, 6.59588695271e-05, 5.68373507122e-05, 7.18906740076e-05, 9.09508307814e-05, 4.4914897444e-05, 3.08506896545e-05, 3.50208865711e-05, 2.26160191232e-05, 1.94830554392e-05, 1.75050372491e-05, 1.01899140645e-05, 1.16592018458e-05, 1.40261181514e-05, 1.30421549329e-05, 7.15790247341e-06, 5.02746661368e-06, 5.15739111506e-06, 4.69093583888e-06, 5.47913668925e-06, 6.71902080285e-06, 7.68265999795e-06, 6.66214054945e-06, 6.08811888014e-06, 6.1982641455e-06, 5.41150575373e-06, 4.5398119255e-06],
        "median": [8.87467249413e-05, 0.000182651143405, 4.89824087708e-05, 6.49575667921e-05, 7.63391290093e-05, 6.93358888384e-05, 4.00733297283e-05, 4.12172521465e-05, 5.25141731487e-05, 5.16465806868e-05, 4.21531076427e-05, 2.16840962821e-05, 2.8419715818e-05, 2.81923385046e-05, 1.35704631248e-05, 1.3366498024e-05, 1.41200471262e-05, 1.37215920404e-05, 1.42792487168e-05, 1.03043603303e-05, 1.00717816167e-05, 7.01286717231e-06, 6.20615264779e-06, 6.72756596032e-06, 5.08259745402e-06, 4.28903604188e-06, 3.90118657378e-06, 3.27936936628e-06, 2.58307295553e-06, 1.88746344065e-06, 1.73342232301e-06, 1.68396786648e-06, 1.86312468031e-06, 2.20850643018e-06, 2.48204310083e-06, 2.18136892727e-06, 1.74550143583e-06, 1.30687999444e-06, 7.55001906327e-07, 3.44528075402e-07],
        "min": [3.63952693208e-24, 4.68627120038e-24, 1.47126597792e-23, 1.41518175409e-23, 4.54219916668e-24, 5.56148200358e-24, 2.23805735546e-24, 3.44526007341e-24, 2.61482540962e-24, 2.50441722619e-24, 4.74502989934e-24, 4.92500614828e-24, 5.79872797652e-24, 5.51540266596e-24, 8.45594992664e-24, 9.55976749257e-24, 6.62107208287e-24, 1.5569307502e-23, 1.43040676956e-23, 1.06484105301e-23, 5.64959421682e-24, 6.21529228841e-24, 7.81731969221e-24, 7.44017870405e-24, 5.285223309e-24, 1.01996606933e-23, 7.83932102285e-24, 5.74025326749e-24, 7.91263459994e-24, 6.55822077353e-24, 6.11061360173e-24, 1.14622420384e-23, 8.75394686675e-24, 8.09109071392e-24, 8.28493908188e-24, 8.30620913847e-24, 7.86634976405e-24, 7.68955262455e-24, 8.92158296455e-24, 1.0848832476e-23],
        "var": [6.97888899595e-05, 1.76377852767e-05, 2.19925846068e-06, 2.56879729932e-07, 3.95192358837e-07, 9.38375819715e-07, 5.54511814244e-07, 3.59439525255e-07, 2.81884183551e-07, 3.32156275817e-07, 3.59578450571e-07, 2.57884209987e-07, 2.11994361621e-07, 3.59893334689e-07, 4.44771259822e-08, 2.82702217191e-08, 4.31007691759e-08, 7.77830138077e-08, 1.05326192212e-08, 6.40725295042e-09, 8.14988876385e-09, 4.06054745383e-09, 3.6733796005e-09, 2.04384065228e-09, 2.72479233621e-10, 5.3637400077e-10, 1.14943865537e-09, 9.40017730322e-10, 1.80881642997e-10, 7.72860872522e-11, 9.94422807987e-11, 7.54301343608e-11, 1.23135834862e-10, 2.08011136094e-10, 3.39783007286e-10, 1.97629967946e-10, 1.97682537006e-10, 2.02085154166e-10, 1.71356984158e-10, 1.54249932272e-10]
    },
    "mfcc": {
        "mean": [-637.623046875, 87.9870223999, -1.98529624939, 7.00628614426, -2.03408050537, 4.76814413071, -3.39650988579, 7.10626363754, -1.60359489918, 6.59264945984, -3.46447825432, 0.553743839264, 0.148867219687],
        "cov": [[3837.02807617, -1166.34680176, 416.39956665, -224.686279297, 181.767333984, -19.6555843353, 180.712921143, 1.96954917908, -33.324508667, 150.388946533, 74.5167999268, 114.450149536, 128.172302246], [-1166.34680176, 1478.22155762, -159.772293091, 386.486022949, 43.8938560486, 148.97744751, 35.4498786926, 108.880447388, 58.5935134888, 33.2522621155, -14.5074243546, -11.0197649002, 0.782928884029], [416.39956665, -159.772293091, 1457.2487793, 220.32975769, 570.464111328, 211.959869385, 218.455215454, 112.336746216, 125.904167175, -13.88560009, 154.399719238, 132.263549805, 117.525115967], [-224.686279297, 386.486022949, 220.32975769, 604.758422852, 276.281219482, 136.186233521, 80.9195251465, 111.006072998, 121.225570679, 29.6317634583, 49.7461090088, 90.316116333, 87.2682952881], [181.767333984, 43.8938560486, 570.464111328, 276.281219482, 484.441650391, 167.362442017, 145.762573242, 114.957794189, 139.397216797, 53.5701904297, 105.560043335, 94.8733062744, 101.478439331], [-19.6555843353, 148.97744751, 211.959869385, 136.186233521, 167.362442017, 344.201477051, 220.561355591, 90.0889587402, 52.7989387512, 110.608650208, 69.9404067993, 48.0189781189, 69.4783554077], [180.712921143, 35.4498786926, 218.455215454, 80.9195251465, 145.762573242, 220.561355591, 340.330841064, 75.3115310669, 69.984413147, 124.222740173, 82.2801971436, 34.0581512451, 84.7702102661], [1.96954917908, 108.880447388, 112.336746216, 111.006072998, 114.957794189, 90.0889587402, 75.3115310669, 198.017440796, 96.7360610962, 85.6629714966, 56.9364395142, 56.2876052856, 30.6528720856], [-33.324508667, 58.5935134888, 125.904167175, 121.225570679, 139.397216797, 52.7989387512, 69.984413147, 96.7360610962, 196.554519653, 61.7502059937, 61.7710342407, 38.6110534668, 32.570514679], [150.388946533, 33.2522621155, -13.88560009, 29.6317634583, 53.5701904297, 110.608650208, 124.222740173, 85.6629714966, 61.7502059937, 223.870422363, 70.2987976074, 46.97057724, 46.3939590454], [74.5167999268, -14.5074243546, 154.399719238, 49.7461090088, 105.560043335, 69.9404067993, 82.2801971436, 56.9364395142, 61.7710342407, 70.2987976074, 140.19859314, 60.8702964783, 43.1926345825], [114.450149536, -11.0197649002, 132.263549805, 90.316116333, 94.8733062744, 48.0189781189, 34.0581512451, 56.2876052856, 38.6110534668, 46.97057724, 60.8702964783, 142.499572754, 79.9547119141], [128.172302246, 0.782928884029, 117.525115967, 87.2682952881, 101.478439331, 69.4783554077, 84.7702102661, 30.6528720856, 32.570514679, 46.3939590454, 43.1926345825, 79.9547119141, 140.132995605]],
