{
"lowlevel": {
    "average_loudness": 0.80867010355,
    "barkbands_crest": {
        "dmean": 2.90508008003,
        "dmean2": 4.77416181564,
        "dvar": 7.06243515015,
        "dvar2": 17.7098064423,
        "max": 26.1816253662,
        "mean": 11.3558340073,
        "median": 10.6706724167,
        "min": 2.470900774,
        "var": 21.6488952637
    },
    "barkbands_flatness_db": {
        "dmean": 0.0226017441601,
        "dmean2": 0.035249684006,
        "dvar": 0.00042370671872,
        "dvar2": 0.00102037156466,
        "max": 0.550380766392,
        "mean": 0.170224189758,
        "median": 0.162242084742,
        "min": 0.0282166190445,
        "var": 0.00480153365061
    },
    "barkbands_kurtosis": {
        "dmean": 3.56834483147,
        "dmean2": 5.85210895538,
        "dvar": 114.985862732,
        "dvar2": 353.677520752,
        "max": 618.718261719,
        "mean": 6.56344461441,
        "median": 2.04349160194,
        "min": -1.91567122936,
        "var": 460.163970947
    },
    "barkbands_skewness": {
        "dmean": 0.551927864552,
        "dmean2": 0.863717556,
        "dvar": 0.368898957968,
        "dvar2": 0.866036057472,
        "max": 18.7844848633,
        "mean": 1.47085773945,
        "median": 1.22698068619,
        "min": -4.84853744507,
        "var": 2.44196987152
    },
    "barkbands_spread": {
        "dmean": 5.32313251495,
        "dmean2": 8.24328327179,
        "dvar": 51.2492637634,
        "dvar2": 106.847702026,
        "max": 109.364112854,
        "mean": 20.8614711761,
        "median": 16.4138374329,
        "min": 0.213313907385,
        "var": 270.12020874
    },
    "dissonance": {
        "dmean": 0.0240667629987,
        "dmean2": 0.0407917909324,
        "dvar": 0.000585282919928,
        "dvar2": 0.00161959475372,
        "max": 0.5,
        "mean": 0.453043729067,
        "median": 0.463216662407,
        "min": 0.179563015699,
        "var": 0.00151409744285
    },
    "dynamic_complexity": 4.22224903107,
    "erbbands_crest": {
        "dmean": 3.07209658623,
        "dmean2": 4.91429567337,
        "dvar": 8.11563587189,
        "dvar2": 19.433971405,
        "max": 32.6819572449,
        "mean": 11.5512180328,
        "median": 10.1317367554,
        "min": 2.33329558372,
        "var": 33.5619697571
    },
    "erbbands_flatness_db": {
        "dmean": 0.018328152597,
        "dmean2": 0.0270178765059,
        "dvar": 0.000288956420263,
        "dvar2": 0.000597294536419,
        "max": 0.403053700924,
        "mean": 0.192226395011,
        "median": 0.192498445511,
        "min": 0.0577712804079,
        "var": 0.00341721298173
    },
    "erbbands_kurtosis": {
        "dmean": 1.54930746555,
        "dmean2": 2.48151135445,
        "dvar": 6.706782341,
        "dvar2": 17.603143692,
        "max": 67.6729278564,
        "mean": 2.19156885147,
        "median": 0.760956764221,
        "min": -1.7620639801,
        "var": 19.3689975739
    },
    "erbbands_skewness": {
        "dmean": 0.417370259762,
        "dmean2": 0.637440979481,
        "dvar": 0.169364348054,
        "dvar2": 0.372970938683,
        "max": 7.39119243622,
        "mean": 0.758094549179,
        "median": 0.66975492239,
        "min": -3.55200624466,
        "var": 1.14485251904
    },
    "erbbands_spread": {
        "dmean": 6.9696598053,
        "dmean2": 10.6280145645,
        "dvar": 68.3468475342,
        "dvar2": 152.370773315,
        "max": 176.579101562,
        "mean": 31.6294078827,
        "median": 27.3131790161,
        "min": 1.89751946926,
        "var": 386.091003418
    },
    "hfc": {
        "dmean": 5.91557073593,
        "dmean2": 8.39590072632,
        "dvar": 100.792396545,
        "dvar2": 187.221710205,
        "max": 247.838684082,
        "mean": 22.5706272125,
        "median": 14.0432691574,
        "min": 1.19141536778e-16,
        "var": 589.389526367
    },
    "melbands_crest": {
        "dmean": 3.64847326279,
        "dmean2": 5.92543697357,
        "dvar": 10.3514537811,
        "dvar2": 25.8844394684,
        "max": 35.8183288574,
        "mean": 15.1842155457,
        "median": 14.4607524872,
        "min": 1.91029012203,
        "var": 32.6295661926
    },
    "melbands_flatness_db": {
        "dmean": 0.0257132928818,
        "dmean2": 0.0401460081339,
        "dvar": 0.000626690103672,
        "dvar2": 0.00141006102785,
        "max": 0.666863501072,
        "mean": 0.207757040858,
        "median": 0.192930445075,
        "min": 0.00498727429658,
        "var": 0.00749553693458
    },
    "melbands_kurtosis": {
        "dmean": 6.86992740631,
        "dmean2": 11.1248989105,
        "dvar": 210.029251099,
        "dvar2": 549.041259766,
        "max": 693.087280273,
        "mean": 13.8437414169,
        "median": 6.02383756638,
        "min": -1.86679172516,
        "var": 764.755737305
    },
    "melbands_skewness": {
        "dmean": 0.707161724567,
        "dmean2": 1.1055021286,
        "dvar": 0.665784835815,
        "dvar2": 1.53364098072,
        "max": 18.6421985626,
        "mean": 2.24179720879,
        "median": 1.95878565311,
        "min": -2.32788038254,
        "var": 3.34256672859
    },
    "melbands_spread": {
        "dmean": 7.44496870041,
        "dmean2": 11.6324729919,
        "dvar": 153.214797974,
        "dvar2": 295.562805176,
        "max": 229.919067383,
        "mean": 25.0075511932,
        "median": 18.8586883545,
        "min": 0.304110050201,
        "var": 589.69317627
    },
    "pitch_salience": {
        "dmean": 0.0732041522861,
        "dmean2": 0.119662173092,
        "dvar": 0.00439753057435,
        "dvar2": 0.0111966384575,
        "max": 0.901043951511,
        "mean": 0.527468264103,
        "median": 0.531514883041,
        "min": 0.0755097195506,
        "var": 0.0159709528089
    },
    "silence_rate_20dB": {
        "dmean": 0,
        "dmean2": 0,
        "dvar": 0,
        "dvar2": 0,
        "max": 1,
        "mean": 1,
        "median": 1,
        "min": 1,
        "var": 0
    },
    "silence_rate_30dB": {
        "dmean": 0.0011053388007,
        "dmean2": 0.00221092184074,
        "dvar": 0.00110408500768,
        "dvar2": 0.0030903716106,
        "max": 1,
        "mean": 0.999336898327,
        "median": 1,
        "min": 0,
        "var": 0.000662713602651
    },
    "silence_rate_60dB": {
        "dmean": 0.0254227928817,
        "dmean2": 0.0508512035012,
        "dvar": 0.0247773565352,
        "dvar2": 0.0546751730144,
        "max": 1,
        "mean": 0.111516356468,
        "median": 0,
        "min": 0,
        "var": 0.0990712717175
    },
    "spectral_centroid": {
        "dmean": 209.437484741,
        "dmean2": 318.826690674,
        "dvar": 97756.6640625,
        "dvar2": 159565.984375,
        "max": 11046.6777344,
        "mean": 1294.49243164,
        "median": 1215.12646484,
        "min": 108.549850464,
        "var": 577908.75
    },
    "spectral_complexity": {
        "dmean": 2.8608379364,
        "dmean2": 4.62745952606,
        "dvar": 9.48715305328,
        "dvar2": 21.7565784454,
        "max": 53,
        "mean": 16.3061447144,
        "median": 15,
        "min": 0,
        "var": 83.9488067627
    },
    "spectral_decrease": {
        "dmean": 1.80412018658e-09,
        "dmean2": 2.77383671587e-09,
        "dvar": 6.79110443899e-18,
        "dvar2": 1.61701799092e-17,
        "max": 7.94899658562e-29,
        "mean": -5.78389336425e-09,
        "median": -4.27216750865e-09,
        "min": -5.06749167073e-08,
        "var": 2.42529157077e-17
    },
    "spectral_energy": {
        "dmean": 0.00713301915675,
        "dmean2": 0.0109274024144,
        "dvar": 0.000101304569398,
        "dvar2": 0.000239547051024,
        "max": 0.192867308855,
        "mean": 0.0238770376891,
        "median": 0.0180247351527,
        "min": 1.05064757478e-20,
        "var": 0.00039586314233
    },
    "spectral_energyband_high": {
        "dmean": 0.000385192513932,
        "dmean2": 0.000531670055352,
        "dvar": 1.27521582272e-06,
        "dvar2": 2.12250256482e-06,
        "max": 0.0317406095564,
        "mean": 0.000993067282252,
        "median": 0.000370997586288,
        "min": 7.70798721843e-21,
        "var": 4.9057130127e-06
    },
    "spectral_energyband_low": {
        "dmean": 0.00370889855549,
        "dmean2": 0.00596445333213,
        "dvar": 8.27276162454e-05,
        "dvar2": 0.000201171555091,
        "max": 0.190753594041,
        "mean": 0.00608966266736,
        "median": 0.00318266032264,
        "min": 4.034189862e-23,
        "var": 0.000123548146803
    },
    "spectral_energyband_middle_high": {
        "dmean": 0.00245407409966,
        "dmean2": 0.00353544997051,
        "dvar": 2.28832323046e-05,
        "dvar2": 4.68083380838e-05,
        "max": 0.102292299271,
        "mean": 0.00770969362929,
        "median": 0.00292346510105,
        "min": 1.44361414389e-21,
        "var": 0.000133239955176
    },
    "spectral_energyband_middle_low": {
        "dmean": 0.00370606128126,
        "dmean2": 0.00582698220387,
        "dvar": 2.91683172691e-05,
        "dvar2": 6.93381298333e-05,
        "max": 0.0883136019111,
        "mean": 0.00971872266382,
        "median": 0.00517161330208,
        "min": 2.52929758359e-22,
        "var": 0.000119717275084
    },
    "spectral_entropy": {
        "dmean": 0.152378454804,
        "dmean2": 0.227325871587,
        "dvar": 0.0235532354563,
        "dvar2": 0.0489516407251,
        "max": 9.80109405518,
        "mean": 7.43791770935,
        "median": 7.52654218674,
        "min": 5.0206618309,
        "var": 0.353525102139
    },
    "spectral_flux": {
        "dmean": 0.0219107717276,
        "dmean2": 0.0348927862942,
        "dvar": 0.000629328889772,
        "dvar2": 0.00152744736988,
        "max": 0.310726046562,
        "mean": 0.0795487314463,
        "median": 0.0705420970917,
        "min": 1.04078717866e-10,
        "var": 0.00234031747095
    },
    "spectral_kurtosis": {
        "dmean": 1.84270679951,
        "dmean2": 3.13158988953,
        "dvar": 7.36473941803,
        "dvar2": 21.1854667664,
        "max": 57.4743385315,
        "mean": 4.39481830597,
        "median": 3.03154206276,
        "min": -1.23683512211,
        "var": 23.6986637115
    },
    "spectral_rms": {
        "dmean": 0.000673596921843,
        "dmean2": 0.0010217676172,
        "dvar": 5.40197561349e-07,
        "dvar2": 1.17175761716e-06,
        "max": 0.0137172602117,
        "mean": 0.00437354343012,
        "median": 0.00419346010312,
        "min": 3.20159653996e-12,
        "var": 4.16673447035e-06
    },
    "spectral_rolloff": {
        "dmean": 442.69128418,
        "dmean2": 729.280822754,
        "dvar": 851106.9375,
        "dvar2": 1682498.625,
        "max": 19466.015625,
        "mean": 1530.32910156,
        "median": 1055.12695312,
        "min": 43.06640625,
        "var": 2691595
    },
    "spectral_skewness": {
        "dmean": 0.234345078468,
        "dmean2": 0.375767737627,
        "dvar": 0.0576965250075,
        "dvar2": 0.150388240814,
        "max": 5.82237243652,
        "mean": 1.54862523079,
        "median": 1.45242273808,
        "min": -0.373639911413,
        "var": 0.390040874481
    },
    "spectral_spread": {
        "dmean": 454618.71875,
        "dmean2": 665103.3125,
        "dvar": 474145685504,
        "dvar2": 688597041152,
        "max": 41594252,
        "mean": 4424654.5,
        "median": 4220125.5,
        "min": 1103891.625,
        "var": 2.78702876262e+12
    },
    "spectral_strongpeak": {
        "dmean": 0.69441062212,
        "dmean2": 1.15084695816,
        "dvar": 1.41676032543,
        "dvar2": 3.43063664436,
        "max": 14.5821170807,
        "mean": 1.42953002453,
        "median": 0.581037521362,
        "min": 0,
        "var": 3.65418171883
    },
    "zerocrossingrate": {
        "dmean": 0.00969432853162,
        "dmean2": 0.0113320006058,
        "dvar": 0.000220841233386,
        "dvar2": 0.000213106934098,
        "max": 0.52099609375,
        "mean": 0.0620859749615,
        "median": 0.0537109375,
        "min": 0.0029296875,
        "var": 0.00195977836847
    },
    "barkbands": {
        "dmean": [0.000235870873439, 0.00321898190305, 0.000675421848428, 0.000454120803624, 0.0011113344226, 0.00116505892947, 0.000905020453501, 0.000538031104952, 0.00093195104273, 0.0013233802747, 0.000799114524852, 0.000383953185519, 0.000382613623515, 0.000378379481845, 0.000536170380656, 0.000330198003212, 0.000186999692232, 0.000181112627615, 0.000118795782328, 9.55849100137e-05, 7.72399289417e-05, 0.000101381468994, 0.000118840041978, 9.81381890597e-05, 4.92044964631e-05, 2.05488522624e-05, 1.61182480696e-08],
        "dmean2": [0.00036554975668, 0.00526636792347, 0.00116716581397, 0.000755700806621, 0.00181186711416, 0.00185889157001, 0.00142998946831, 0.000841924687847, 0.0014306321973, 0.00197167927399, 0.00121341377962, 0.000608528556768, 0.000610588991549, 0.000606661371421, 0.000838076230139, 0.000504814146552, 0.000297292252071, 0.000282547494862, 0.000192784384126, 0.00015775951033, 0.000122383979033, 0.000154123743414, 0.000176387213287, 0.000139065421536, 6.91537206876e-05, 3.22321029671e-05, 2.857267134e-08],
        "dvar": [2.82372354832e-07, 7.26564467186e-05, 2.8713222946e-06, 1.36773542181e-06, 5.36218067282e-06, 8.68071492732e-06, 5.22184382135e-06, 2.74609874396e-06, 8.74018496688e-06, 1.55966572493e-05, 8.6231266323e-06, 1.21032064726e-06, 2.02869500754e-06, 2.1307789666e-06, 3.04836703435e-06, 1.46324919115e-06, 2.45365754381e-07, 2.04165019113e-07, 1.03451050393e-07, 5.34469641877e-08, 3.65421293225e-08, 1.08026149803e-07, 1.11916619971e-07, 1.42906003475e-07, 3.88824119568e-08, 6.35844710217e-09, 6.30599173275e-15],
        "dvar2": [5.53648021651e-07, 0.000181769137271, 7.99409735919e-06, 3.31829028255e-06, 1.32462955662e-05, 2.08880883292e-05, 1.23435838759e-05, 6.5897265813e-06, 1.90662467503e-05, 3.1338280678e-05, 1.99959522433e-05, 2.81700567939e-06, 4.59011198473e-06, 4.67855261377e-06, 6.95033486409e-06, 3.13001919494e-06, 5.61441879654e-07, 4.41640594318e-07, 2.64815810169e-07, 1.38466290878e-07, 8.27292865324e-08, 2.37284069726e-07, 2.1443128162e-07, 2.43709195047e-07, 7.13329271207e-08, 1.50709791313e-08, 1.76685296033e-14],
        "max": [0.0109101841226, 0.158406302333, 0.0403554141521, 0.05387160182, 0.0647905394435, 0.0648704096675, 0.0576278455555, 0.0580966062844, 0.0728638470173, 0.0698853507638, 0.0972771644592, 0.029348153621, 0.0449924357235, 0.0636789575219, 0.038382653147, 0.035339422524, 0.0240052863955, 0.0128142619506, 0.0153521550819, 0.00620170868933, 0.00528514292091, 0.0148830683902, 0.00969629641622, 0.0133073581383, 0.00801370572299, 0.0024069857318, 1.89600109479e-06],
        "mean": [0.000424446130637, 0.00460756476969, 0.000834877369925, 0.000577559287194, 0.0019321825821, 0.0024301155936, 0.0015913406387, 0.000818793952931, 0.00158533034846, 0.00252198195085, 0.0014787997352, 0.000592779600993, 0.000613699667156, 0.000540952256415, 0.00080082542263, 0.000539054395631, 0.000351362017682, 0.000338183745043, 0.000210170488572, 0.000168756276253, 0.000142145072459, 0.000194742286112, 0.000251151999692, 0.000208080862649, 9.23979096115e-05, 2.96945254377e-05, 1.18834524443e-08],
        "median": [0.000106274361315, 0.00196476653218, 0.000346192391589, 0.000207781980862, 0.000641810125671, 0.000453964166809, 0.00035324547207, 0.000230696430663, 0.000275960774161, 0.000376199022867, 0.000202864204766, 0.000172984990058, 0.000145389305544, 0.00010793756519, 0.000158749317052, 9.28948575165e-05, 0.000114302456495, 0.000114305788884, 8.03301591077e-05, 5.87757531321e-05, 5.7272191043e-05, 6.52909438941e-05, 9.12610048545e-05, 4.35654947069e-05, 1.06345360109e-05, 9.12245297968e-07, 5.12800468755e-10],
        "min": [4.15575017205e-23, 4.65971853675e-24, 6.02994547443e-24, 9.44781393062e-24, 2.83803628488e-23, 3.98814373542e-23, 3.66156731134e-23, 5.2139095732e-23, 4.69932645394e-23, 4.18190595977e-23, 4.48895113447e-23, 3.9409692222e-23, 5.14023028019e-23, 1.00889213461e-22, 1.81765618979e-22, 1.30008492853e-22, 1.02734352807e-22, 1.2797872219e-22, 1.88994412149e-22, 4.08501787406e-22, 4.91219470008e-22, 3.29331303062e-22, 4.84456672753e-22, 8.20889718202e-22, 1.0540597352e-21, 1.41993246378e-21, 2.39464546418e-21],
        "var": [8.17738055048e-07, 9.42972546909e-05, 2.92162098958e-06, 2.33403216043e-06, 1.40957181429e-05, 3.42608873325e-05, 1.51752265083e-05, 4.88742125526e-06, 2.36737560044e-05, 5.14855601068e-05, 2.70216496574e-05, 2.22600351663e-06, 4.03114700021e-06, 3.07205232275e-06, 5.24442839378e-06, 3.24964889842e-06, 7.18009914635e-07, 5.26638984866e-07, 1.7516599371e-07, 9.88820403336e-08, 7.71744126382e-08, 2.3519618253e-07, 3.19276409755e-07, 4.81684992337e-07, 1.2548458983e-07, 1.03705311005e-08, 4.5604685867e-15]
    },
    "erbbands": {
        "dmean": [0.116684764624, 0.677423536777, 0.955513238907, 0.977947115898, 2.25040793419, 4.13809251785, 7.34992074966, 9.97688770294, 13.5923614502, 11.6106681824, 10.8961591721, 21.0274047852, 32.8229217529, 38.5592842102, 26.3515930176, 15.8344755173, 17.1940822601, 17.1449432373, 24.017375946, 21.1080760956, 14.4973831177, 8.54578208923, 9.70644378662, 7.36253452301, 5.12192773819, 4.54563045502, 3.21358752251, 3.06412696838, 3.5865111351, 3.55513644218, 3.46097540855, 2.61156177521, 1.40931558609, 0.685377717018, 0.303896874189, 0.142222762108, 0.0289203748107, 0.000751119980123, 2.61816821876e-05, 9.71628196567e-06],
        "dmean2": [0.191712677479, 1.1203353405, 1.64318323135, 1.64816939831, 3.74380040169, 6.70975732803, 12.0100727081, 15.6408252716, 21.2550239563, 18.4060535431, 16.7235584259, 32.177822113, 48.8744125366, 55.6945228577, 39.4099159241, 24.6412715912, 27.0778961182, 27.1409664154, 36.4054031372, 32.0494842529, 21.7320709229, 13.2982568741, 15.0048351288, 11.8695869446, 8.32253074646, 7.48071241379, 5.14787006378, 4.82845783234, 5.51658678055, 5.29295492172, 5.15217685699, 3.73049116135, 1.99625635147, 0.969788610935, 0.443470925093, 0.219408705831, 0.0455831289291, 0.00116973754484, 3.87098007195e-05, 1.43607858263e-05],
        "dvar": [0.10957608372, 3.3295135498, 6.63618516922, 4.88556718826, 27.7483444214, 88.5734481812, 462.44052124, 752.904785156, 1202.19165039, 920.801574707, 1126.12219238, 5007.37890625, 11060.7441406, 15472.5732422, 11324.9560547, 1755.81286621, 4618.57519531, 4284.06396484, 7324.24609375, 4976.88769531, 3112.27246094, 381.638458252, 742.025634766, 430.489227295, 157.096130371, 133.53704834, 60.4749488831, 65.44165802, 150.272338867, 98.7530288696, 102.9272995, 97.8470916748, 29.4723453522, 8.6324262619, 1.55479323864, 0.328238993883, 0.0161946881562, 1.1426312085e-05, 8.31353119679e-09, 1.9322726752e-10],
        "dvar2": [0.281419694424, 8.62625980377, 18.3437404633, 11.7919206619, 73.4636154175, 215.021148682, 1166.8482666, 1664.1574707, 2848.78662109, 2209.75097656, 2607.78637695, 10864.3369141, 23401.2363281, 29703.9414062, 27034.5410156, 3942.68017578, 10416.4697266, 10410.546875, 15501.6035156, 11213.5703125, 6399.14892578, 819.723144531, 1558.45349121, 1141.89318848, 378.60168457, 352.69744873, 139.628875732, 146.620239258, 338.648468018, 194.288589478, 201.65725708, 180.678619385, 50.7140808105, 16.222120285, 3.32368016243, 0.769493997097, 0.0401999242604, 2.85343558062e-05, 1.92467801696e-08, 4.19830004095e-10],
        "max": [4.67735767365, 43.4240188599, 76.1194152832, 100.318031311, 132.698638916, 336.762695312, 774.938537598, 642.61517334, 888.135681152, 704.549255371, 980.505432129, 1980.3737793, 2611.22924805, 2683.28759766, 4312.10400391, 1424.69433594, 2319.1184082, 3198.98266602, 2083.62426758, 2634.66723633, 2057.09814453, 605.626586914, 866.000915527, 919.72454834, 494.550689697, 385.573852539, 190.69833374, 216.983108521, 538.188537598, 365.883087158, 287.84286499, 418.094085693, 201.194335938, 147.320251465, 64.9814605713, 16.0384674072, 3.81756901741, 0.109381221235, 0.0032179155387, 0.000380587647669],
        "mean": [0.162201479077, 0.888298094273, 1.26467680931, 1.37177789211, 3.30498290062, 6.8691277504, 14.3378858566, 20.7876319885, 26.0437889099, 18.9837207794, 17.8118286133, 38.0158615112, 62.4633979797, 79.6043319702, 51.8460464478, 27.8513355255, 29.5585041046, 27.8737773895, 40.4917373657, 35.4213447571, 28.0614738464, 18.6653499603, 19.1546783447, 13.6992406845, 9.7271528244, 8.17942523956, 5.91336536407, 5.70098257065, 6.71404314041, 7.34451436996, 7.1784901619, 5.31444835663, 2.84738349915, 1.27464389801, 0.532442510128, 0.216084197164, 0.0397707931697, 0.00107033853419, 5.37405649084e-05, 3.37833771482e-05],
        "median": [0.0613150596619, 0.345003277063, 0.56813955307, 0.648132681847, 1.19198918343, 2.09259867668, 3.21244883537, 3.90091609955, 5.28978443146, 6.12432575226, 5.92088508606, 7.8598651886, 11.2654886246, 12.6677055359, 9.3406085968, 9.14857292175, 8.17028331757, 7.64551734924, 9.18912124634, 6.84691667557, 6.33124828339, 6.39780378342, 6.5318031311, 5.03128910065, 3.9713549614, 2.8892159462, 2.53343844414, 2.0802693367, 2.15187883377, 2.80014777184, 2.56857347488, 1.27837371826, 0.519836902618, 0.16286252439, 0.0493602752686, 0.0108766965568, 0.00108810316306, 4.91066057293e-05, 2.07004522963e-05, 2.62623743765e-05],
        "min": [3.05054682994e-22, 1.32361307737e-21, 5.17487018491e-21, 1.62659719865e-20, 5.84705928421e-20, 1.13966618352e-19, 4.08836550995e-19, 2.03692256489e-19, 1.85690686709e-19, 8.6729127254e-19, 1.05263375499e-18, 9.94379353551e-19, 1.42009261209e-18, 9.37483079285e-19, 1.87358973003e-18, 1.93961053024e-18, 1.93601084701e-18, 4.52955293961e-18, 7.71842477727e-18, 8.32427750051e-18, 6.02046906594e-18, 5.28604600573e-18, 5.94952633429e-18, 9.22705001334e-18, 1.45347081805e-17, 1.75890825185e-17, 1.96973342894e-17, 1.68203918471e-17, 1.33763194876e-17, 1.20177836922e-17, 1.41405020247e-17, 1.69183995148e-17, 1.30825727629e-17, 1.18669903209e-17, 6.28865094669e-18, 5.84635664598e-18, 2.49915975073e-18, 1.21007765842e-18, 3.44881892863e-19, 3.42549676513e-20],
        "var": [0.137157738209, 3.97064733505, 7.19687461853, 8.36986541748, 51.5524635315, 201.115478516, 1780.02978516, 2788.86791992, 4261.90234375, 1887.63415527, 2112.92504883, 14456.4775391, 31980.9726562, 56643.1875, 35581.8710938, 4079.76293945, 8936.56542969, 6057.35791016, 16016.859375, 9336.25976562, 8766.86230469, 1639.00268555, 2013.17773438, 652.37701416, 342.517883301, 237.362792969, 122.279510498, 141.98097229, 306.619018555, 255.903656006, 288.027801514, 286.408599854, 97.5279312134, 25.2503547668, 4.21925258636, 0.574467658997, 0.0216081161052, 1.51778140207e-05, 1.6643666001e-08, 9.05156505304e-10]
    },
    "gfcc": {
        "mean": [-34.5258674622, 104.203475952, -134.893112183, 36.2138366699, -74.3403167725, 21.4080028534, -35.2920150757, 4.62702703476, -13.9072685242, -7.55155563354, -5.80374383926, -2.66094326973, -3.4024503231],
        "cov": [[9029.67578125, -2917.66455078, -292.876342773, 225.02671814, 48.2432403564, 1221.12658691, -377.523925781, 1168.7421875, -118.638122559, 823.166564941, -119.730049133, 792.866027832, -80.5855255127], [-2917.66455078, 2176.2980957, 45.2706222534, -74.3950500488, 247.223617554, -540.046325684, 299.440643311, -482.243011475, 270.637145996, -390.434753418, 210.82421875, -307.410949707, 95.2945861816], [-292.876342773, 45.2706222534, 1353.20422363, 350.26550293, 178.725463867, 55.1695518494, -23.5156478882, 173.019500732, -187.055206299, 267.761779785, -52.2216567993, 183.714752197, -65.385635376], [225.02671814, -74.3950500488, 350.26550293, 478.335906982, 114.632125854, 54.481212616, 5.15372276306, 77.2851409912, 41.3710403442, 50.0957107544, 25.4847068787, 63.480178833, 36.9751625061], [48.2432403564, 247.223617554, 178.725463867, 114.632125854, 585.592895508, 109.655815125, 185.352645874, 189.359527588, 59.4855003357, 154.545318604, -39.9418830872, 108.225990295, -8.97405052185], [1221.12658691, -540.046325684, 55.1695518494, 54.481212616, 109.655815125, 441.306671143, 63.7655296326, 254.305511475, -42.5720443726, 179.093063354, -21.0995178223, 106.286125183, -2.42256760597], [-377.523925781, 299.440643311, -23.5156478882, 5.15372276306, 185.352645874, 63.7655296326, 312.746398926, 35.0982398987, 61.7120246887, -7.95201444626, 41.7099456787, -20.0839977264, 13.5626363754], [1168.7421875, -482.243011475, 173.019500732, 77.2851409912, 189.359527588, 254.305511475, 35.0982398987, 385.193878174, -12.3044538498, 238.535018921, -60.2170066833, 180.022033691, -19.3911476135], [-118.638122559, 270.637145996, -187.055206299, 41.3710403442, 59.4855003357, -42.5720443726, 61.7120246887, -12.3044538498, 228.626678467, -62.8675613403, 47.7772254944, -50.035900116, 40.0392456055], [823.166564941, -390.434753418, 267.761779785, 50.0957107544, 154.545318604, 179.093063354, -7.95201444626, 238.535018921, -62.8675613403, 323.828521729, -26.7197246552, 173.20451355, -52.5001296997], [-119.730049133, 210.82421875, -52.2216567993, 25.4847068787, -39.9418830872, -21.0995178223, 41.7099456787, -60.2170066833, 47.7772254944, -26.7197246552, 178.165740967, 1.2000014782, 47.1815719604], [792.866027832, -307.410949707, 183.714752197, 63.480178833, 108.225990295, 106.286125183, -20.0839977264, 180.022033691, -50.035900116, 173.20451355, 1.2000014782, 239.179260254, 4.97586965561], [-80.5855255127, 95.2945861816, -65.385635376, 36.9751625061, -8.97405052185, -2.42256760597, 13.5626363754, -19.3911476135, 40.0392456055, -52.5001296997, 47.1815719604, 4.97586965561, 126.511482239]],
        "icov": [[0.000410936714616, -0.000119522781461, 0.00043921553879, -0.000326548295561, 0.000346276967321, -0.000794720603153, 0.000588583468925, -0.000675866205711, 3.30575835505e-06, -0.0001408567623, 7.07987055648e-05, -0.000919330632314, 0.000467138481326], [-0.000119522781461, 0.00290335388854, -0.00161071994808, 0.00170087011065, -0.00239823595621, 0.00217258185148, -0.00134021346457, 0.00180130032822, -0.00203138543293, 0.0015832685167, -0.00251807644963, 0.00202989624813, -0.00114221172407], [0.00043921553879, -0.00161071994808, 0.00259913573973, -0.00223186472431, 0.00146933656652, -0.0013274513185, 0.00102022779174, -0.00159148906823, 0.00220624543726, -0.00181229866575, 0.00148666684981, -0.0019819852896, 0.0012873596279], [-0.000326548295561, 0.00170087011065, -0.00223186472431, 0.00433610752225, -0.00196301029064, 0.00118534453213, -0.000546751020011, 0.00126409472432, -0.00235161860473, 0.00169026735239, -0.00193580181804, 0.00152458820958, -0.00166650139727], [0.000346276967321, -0.00239823595621, 0.00146933656652, -0.00196301029064, 0.00514410296455, -0.00194103037938, -0.000435047491919, -0.00209068320692, 0.000706655089743, -0.0023810362909, 0.00328436377458, -0.0029330549296, 0.00109282683115], [-0.000794720603153, 0.00217258185148, -0.0013274513185, 0.00118534453213, -0.00194103037938, 0.00712187308818, -0.00279831909575, -0.000295599835226, -1.80587485374e-05, 0.000118989890325, -0.00211288547143, 0.00379984965548, -0.00222822604701], [0.000588583468925, -0.00134021346457, 0.00102022779174, -0.000546751020011, -0.000435047491919, -0.00279831909575, 0.00623724795878, -0.00210338458419, 0.000414747162722, 0.000320050865412, -0.000634893600363, -0.000933197734412, 0.00127104925923], [-0.000675866205711, 0.00180130032822, -0.00159148906823, 0.00126409472432, -0.00209068320692, -0.000295599835226, -0.00210338458419, 0.0101826712489, -0.00300839543343, -0.00177935045213, 0.00114840595052, -0.000635454256553, -0.00153662450612], [3.30575835505e-06, -0.00203138543293, 0.00220624543726, -0.00235161860473, 0.000706655089743, -1.80587485374e-05, 0.000414747162722, -0.00300839543343, 0.00849015451968, -0.000690945249517, 7.94816514826e-05, 0.00057370000286, -0.0001219466576], [-0.0001408567623, 0.0015832685167, -0.00181229866575, 0.00169026735239, -0.0023810362909, 0.000118989890325, 0.000320050865412, -0.00177935045213, -0.000690945249517, 0.0096878092736, -0.00286562764086, -0.0013550062431, 0.00217431271449], [7.07987055648e-05, -0.00251807644963, 0.00148666684981, -0.00193580181804, 0.00328436377458, -0.00211288547143, -0.000634893600363, 0.00114840595052, 7.94816514826e-05, -0.00286562764086, 0.0102636087686, -0.00349903875031, -0.00119189033285], [-0.000919330632314, 0.00202989624813, -0.0019819852896, 0.00152458820958, -0.0029330549296, 0.00379984965548, -0.000933197734412, -0.000635454256553, 0.00057370000286, -0.0013550062431, -0.00349903875031, 0.0121881784871, -0.00363551848568], [0.000467138481326, -0.00114221172407, 0.0012873596279, -0.00166650139727, 0.00109282683115, -0.00222822604701, 0.00127104925923, -0.00153662450612, -0.0001219466576, 0.00217431271449, -0.00119189033285, -0.00363551848568, 0.011406221427]]
    },
    "melbands": {
        "dmean": [0.000939281482715, 0.00061600364279, 0.00020221187151, 0.000219725276111, 0.000237633808865, 0.000222646689508, 0.000202750801691, 0.000125917911646, 9.33271294343e-05, 0.000142157397931, 0.000169979801285, 0.000162916054251, 9.9241216958e-05, 4.94885898661e-05, 3.90132699977e-05, 3.76824173145e-05, 3.44576837961e-05, 4.01619909098e-05, 3.51899507223e-05, 2.63911297225e-05, 1.77587498911e-05, 1.02370731838e-05, 1.02627464003e-05, 8.59061128722e-06, 6.47692013445e-06, 4.11347582485e-06, 3.91164167013e-06, 3.05731623484e-06, 2.12326676774e-06, 2.00803719963e-06, 1.93192067854e-06, 2.10495136344e-06, 2.18185573431e-06, 2.13491898648e-06, 2.16987359636e-06, 1.94994777303e-06, 1.63353172411e-06, 1.12286477361e-06, 7.8669955883e-07, 5.68471477891e-07],
        "dmean2": [0.00153739040252, 0.00102670060005, 0.000336057477398, 0.000359073048458, 0.000386857776903, 0.000350485788658, 0.000318156846333, 0.000200035196031, 0.00014435488265, 0.000216366330278, 0.000253231293755, 0.000235779298237, 0.00015018763952, 7.61358242016e-05, 6.05768618698e-05, 5.91923271713e-05, 5.5115633586e-05, 6.0964612203e-05, 5.46951559954e-05, 4.01808756578e-05, 2.64536010945e-05, 1.61521020345e-05, 1.62856522365e-05, 1.34848260132e-05, 1.04993523564e-05, 6.68338770993e-06, 6.42356371827e-06, 5.03519368067e-06, 3.4357954064e-06, 3.2538580399e-06, 3.08072458211e-06, 3.30792977365e-06, 3.36411267199e-06, 3.26648660121e-06, 3.32132367475e-06, 2.89850277113e-06, 2.36549135479e-06, 1.62335152254e-06, 1.175346938e-06, 8.39298593291e-07],
        "dvar": [6.4849696173e-06, 2.74499097941e-06, 2.02870126031e-07, 2.17433765215e-07, 4.03358058065e-07, 3.34801057988e-07, 2.55628918922e-07, 1.1484724638e-07, 8.72497238902e-08, 2.19716540073e-07, 2.87284137812e-07, 2.82688375819e-07, 1.60110900538e-07, 1.98145713171e-08, 1.57984949567e-08, 2.26748024801e-08, 2.00559870933e-08, 2.08220640729e-08, 1.2869922017e-08, 9.76674563447e-09, 5.34934807561e-09, 6.71134203767e-10, 7.2548383967e-10, 4.3088876911e-10, 3.80445674963e-10, 1.23127633089e-10, 9.33404950554e-11, 5.98707472488e-11, 2.67167590134e-11, 2.54676904565e-11, 2.65548520673e-11, 4.92368715244e-11, 6.0931815149e-11, 3.02036728961e-11, 3.82369552687e-11, 4.40369546384e-11, 4.04593719638e-11, 1.80218340251e-11, 1.06905213848e-11, 6.48500437378e-12],
        "dvar2": [1.6177766156e-05, 7.34850027584e-06, 5.01463148339e-07, 5.53408710857e-07, 1.01685759546e-06, 7.67186975281e-07, 6.07201059211e-07, 2.75701609098e-07, 1.97950555503e-07, 4.66361882445e-07, 6.01266492595e-07, 5.43377893791e-07, 3.89203790974e-07, 4.38312390827e-08, 3.49737518945e-08, 4.94620131519e-08, 4.95089587105e-08, 4.30435811438e-08, 2.8854392653e-08, 2.09997761402e-08, 1.09723519159e-08, 1.44651790546e-09, 1.60321533826e-09, 9.92981585846e-10, 1.01878749881e-09, 2.91711571565e-10, 2.36335145898e-10, 1.58705368292e-10, 6.19412091063e-11, 6.14025705281e-11, 6.12992920312e-11, 1.11212310194e-10, 1.44314241113e-10, 6.10502759457e-11, 8.00416330438e-11, 8.82818471104e-11, 7.58502427534e-11, 3.27125687649e-11, 2.1561441868e-11, 1.34798144868e-11],
        "max": [0.0340339243412, 0.0479710325599, 0.0180133767426, 0.011476050131, 0.0207523386925, 0.013186247088, 0.0134528446943, 0.00820467062294, 0.00763115566224, 0.0136995399371, 0.0127898519859, 0.010978858918, 0.0157506112009, 0.00405116239563, 0.00396101875231, 0.00512460945174, 0.00701117189601, 0.00436002435163, 0.00230529299006, 0.00370301119983, 0.00324601703323, 0.000939475430641, 0.000707813713234, 0.000495267275255, 0.000886104535311, 0.000625626824331, 0.000276312232018, 0.000237976171775, 0.000136688133352, 0.000131973603857, 0.000142133721965, 0.000254296057392, 0.000377295567887, 0.000168090627994, 0.000178941219929, 0.000218663713895, 0.000269897747785, 0.000136192145874, 0.000118872449093, 0.000136031929287],
        "mean": [0.00135527073871, 0.000862612389028, 0.00029207082116, 0.00035361861228, 0.000470712780952, 0.000470968720037, 0.000383174832677, 0.000198720197659, 0.000147483253386, 0.000249425327638, 0.000313803553581, 0.000326523528202, 0.000186509234481, 8.37342886371e-05, 6.33867166471e-05, 5.90717281739e-05, 5.03506234963e-05, 6.32194205537e-05, 5.31818113814e-05, 4.23128549301e-05, 3.11699077429e-05, 1.95203556359e-05, 1.8483167878e-05, 1.52626380441e-05, 1.07581290649e-05, 7.03406931279e-06, 6.5602689574e-06, 5.04625540998e-06, 3.58862621397e-06, 3.44527848029e-06, 3.29855129166e-06, 3.68715723198e-06, 3.94907965529e-06, 4.16786269852e-06, 4.24001609645e-06, 3.74273872694e-06, 3.0633661936e-06, 2.13903490476e-06, 1.39518715514e-06, 9.69943812379e-07],
        "median": [0.000582226086408, 0.00039827459841, 0.000136823902722, 0.000121748053061, 0.000116596507723, 8.60655636643e-05, 7.867255772e-05, 5.93025688431e-05, 4.34799221694e-05, 4.51550586149e-05, 4.94806554343e-05, 4.50812731287e-05, 2.72229826805e-05, 2.27899327001e-05, 1.80567185453e-05, 1.45127014548e-05, 1.08471558633e-05, 1.27465600599e-05, 1.05868166429e-05, 6.36919867247e-06, 6.7891692197e-06, 6.2411959334e-06, 5.51759694645e-06, 5.15202827955e-06, 3.40566248269e-06, 2.58223371929e-06, 2.28283533943e-06, 1.60150329975e-06, 1.45943749885e-06, 1.28064925775e-06, 1.07584082798e-06, 1.11913050205e-06, 1.27326711663e-06, 1.56798591888e-06, 1.56504484039e-06, 1.00562533589e-06, 6.35410970062e-07, 3.62614173355e-07, 2.09132863915e-07, 8.92967477739e-08],
        "min": [4.50324994835e-24, 3.81794163086e-24, 4.69811279143e-24, 5.90799625595e-24, 1.14376698101e-23, 5.6455347386e-24, 3.83143115234e-24, 9.68804416437e-24, 7.21775069436e-24, 6.02835946958e-24, 7.30912760845e-24, 3.65314464346e-24, 6.86125656268e-24, 4.57271270093e-24, 3.96270470672e-24, 5.50310669103e-24, 9.06017714813e-24, 1.10226122226e-23, 1.33815311545e-23, 8.10175453564e-24, 6.88669417143e-24, 6.0565296925e-24, 3.91218881536e-24, 6.62834380269e-24, 7.36147957357e-24, 9.08534023328e-24, 1.351884975e-23, 1.01016321041e-23, 1.28084576279e-23, 1.01080968192e-23, 8.93476719686e-24, 8.45635066798e-24, 4.40527421278e-24, 8.09984943655e-24, 8.26411788715e-24, 9.27370996226e-24, 9.80376848144e-24, 9.53315684766e-24, 7.52907386174e-24, 1.09710317634e-23],
        "var": [8.43338330014e-06, 3.31178898705e-06, 3.56890240027e-07, 4.71644938216e-07, 1.54780514094e-06, 1.33629487209e-06, 8.85631777692e-07, 2.28194181773e-07, 1.74402032371e-07, 6.40976111299e-07, 8.45028068852e-07, 1.04160972114e-06, 4.69731901376e-07, 4.61916656036e-08, 3.25443458848e-08, 3.82924945086e-08, 2.61343764407e-08, 4.58914257706e-08, 2.28179199979e-08, 1.82179906716e-08, 1.37559155178e-08, 2.31370878012e-09, 1.87337367841e-09, 9.76344005643e-10, 5.14867981583e-10, 2.43313647008e-10, 1.73246195168e-10, 9.90858090022e-11, 4.98021797413e-11, 4.68077347715e-11, 5.33182525908e-11, 9.93312654352e-11, 1.07627622092e-10, 7.57286455766e-11, 9.48758155372e-11, 1.1530994215e-10, 1.11126309543e-10, 5.54527916641e-11, 2.79177306273e-11, 1.61223343703e-11]
    },
    "mfcc": {
        "mean": [-664.347595215, 117.690666199, 1.32183229923, 12.2464828491, -5.1811208725, 6.90770578384, -6.64582633972, 10.5385551453, -5.53421974182, 3.57536625862, -4.04168462753, -0.191240742803, -1.77698814869],
        "cov": [[8481.50585938, -2442.35253906, -679.684631348, -533.558532715, 274.293212891, 134.280197144, 42.0678749084, 470.858856201, 164.149398804, 358.506988525, 140.866607666, 192.452713013, 217.328262329], [-2442.35253906, 1756.8157959, -12.3643779755, 211.266693115, 11.960776329, -23.0568618774, 3.4320473671, -71.2927627563, -32.7845535278, -42.4751167297, 3.83886623383, -22.3195114136, -17.3548908234], [-679.684631348, -12.3643779755, 1007.83001709, 302.993225098, 107.535919189, 31.1207962036, 94.9202880859, -70.2030792236, -38.9386177063, -104.220848083, 39.8179512024, 42.025226593, 38.2565803528], [-533.558532715, 211.266693115, 302.993225098, 475.294677734, 175.371368408, 37.6273117065, 31.6872997284, 21.0860977173, 55.9053535461, -40.7851600647, 33.3659553528, 55.9596824646, 61.8967323303], [274.293212891, 11.960776329, 107.535919189, 175.371368408, 350.312561035, 69.6475601196, 80.6725616455, 59.1391220093, 119.633399963, 36.2358016968, 58.8019866943, 51.2795677185, 73.5267028809], [134.280197144, -23.0568618774, 31.1207962036, 37.6273117065, 69.6475601196, 180.379135132, 109.283958435, 54.0967826843, 51.7971343994, 54.5666236877, 37.0586700439, 17.2398719788, 24.1021957397], [42.0678749084, 3.4320473671, 94.9202880859, 31.6872997284, 80.6725616455, 109.283958435, 314.681854248, 62.4907302856, 75.1405105591, 49.4646263123, 69.7723464966, 29.7172412872, 66.2215805054], [470.858856201, -71.2927627563, -70.2030792236, 21.0860977173, 59.1391220093, 54.0967826843, 62.4907302856, 195.552230835, 83.438583374, 70.3569259644, 21.0674057007, 21.8520565033, 32.2967720032], [164.149398804, -32.7845535278, -38.9386177063, 55.9053535461, 119.633399963, 51.7971343994, 75.1405105591, 83.438583374, 202.403076172, 82.2966995239, 39.1310844421, 20.3178501129, 36.203086853], [358.506988525, -42.4751167297, -104.220848083, -40.7851600647, 36.2358016968, 54.5666236877, 49.4646263123, 70.3569259644, 82.2966995239, 164.735458374, 53.0450363159, 2.06369662285, -0.799733638763], [140.866607666, 3.83886623383, 39.8179512024, 33.3659553528, 58.8019866943, 37.0586700439, 69.7723464966, 21.0674057007, 39.1310844421, 53.0450363159, 129.93371582, 47.0364074707, 38.197593689], [192.452713013, -22.3195114136, 42.025226593, 55.9596824646, 51.2795677185, 17.2398719788, 29.7172412872, 21.8520565033, 20.3178501129, 2.06369662285, 47.0364074707, 122.611000061, 69.3099060059], [217.328262329, -17.3548908234, 38.2565803528, 61.8967323303, 73.5267028809, 24.1021957397, 66.2215805054, 32.2967720032, 36.203086853, -0.799733638763, 38.197593689, 69.3099060059, 134.024658203]],
