{
"lowlevel": {
    "average_loudness": 0.903043627739,
    "barkbands_crest": {
        "dmean": 2.94066429138,
        "dmean2": 4.52667856216,
        "dvar": 8.41090869904,
        "dvar2": 17.4069824219,
        "max": 26.6760559082,
        "mean": 12.4304704666,
        "median": 10.6352653503,
        "min": 2.01441717148,
        "var": 40.7159767151
    },
    "barkbands_flatness_db": {
        "dmean": 0.0254198629409,
        "dmean2": 0.0371667072177,
        "dvar": 0.000646549742669,
        "dvar2": 0.00124049314763,
        "max": 0.453898280859,
        "mean": 0.148411467671,
        "median": 0.138543307781,
        "min": 0.0259336866438,
        "var": 0.00480070430785
    },
    "barkbands_kurtosis": {
        "dmean": 4.96378946304,
        "dmean2": 7.53960990906,
        "dvar": 296.13848877,
        "dvar2": 666.41784668,
        "max": 513.047912598,
        "mean": 7.95862340927,
        "median": 1.41178131104,
        "min": -1.81450212002,
        "var": 873.327758789
    },
    "barkbands_skewness": {
        "dmean": 0.656679391861,
        "dmean2": 0.968489348888,
        "dvar": 0.743922829628,
        "dvar2": 1.39201951027,
        "max": 20.0707187653,
        "mean": 1.81925475597,
        "median": 1.35945510864,
        "min": -2.66158533096,
        "var": 4.27522087097
    },
    "barkbands_spread": {
        "dmean": 6.95435094833,
        "dmean2": 10.7242984772,
        "dvar": 62.0112609863,
        "dvar2": 142.287948608,
        "max": 111.068344116,
        "mean": 27.742729187,
        "median": 25.3742256165,
        "min": 0.328619390726,
        "var": 296.597686768
    },
    "dissonance": {
        "dmean": 0.0180823281407,
        "dmean2": 0.0306069068611,
        "dvar": 0.000334406737238,
        "dvar2": 0.000902927073184,
        "max": 0.500000119209,
        "mean": 0.469302177429,
        "median": 0.476835608482,
        "min": 0.283023118973,
        "var": 0.000692433095537
    },
    "dynamic_complexity": 2.74374914169,
    "erbbands_crest": {
        "dmean": 2.81560826302,
        "dmean2": 4.57350969315,
        "dvar": 7.69773387909,
        "dvar2": 18.7724590302,
        "max": 30.971818924,
        "mean": 8.84970664978,
        "median": 7.69295454025,
        "min": 2.11418151855,
        "var": 24.2023963928
    },
    "erbbands_flatness_db": {
        "dmean": 0.0171906929463,
        "dmean2": 0.0251407902688,
        "dvar": 0.000290088792099,
        "dvar2": 0.00056542706443,
        "max": 0.407665580511,
        "mean": 0.152789786458,
        "median": 0.134441643953,
        "min": 0.0465067252517,
        "var": 0.00438772467896
    },
    "erbbands_kurtosis": {
        "dmean": 0.921778440475,
        "dmean2": 1.44676446915,
        "dvar": 1.59482657909,
        "dvar2": 3.77534580231,
        "max": 23.7790412903,
        "mean": 0.56102180481,
        "median": -0.0974576473236,
        "min": -1.80360758305,
        "var": 4.38050985336
    },
    "erbbands_skewness": {
        "dmean": 0.34371432662,
        "dmean2": 0.530840158463,
        "dvar": 0.0953484922647,
        "dvar2": 0.222389116883,
        "max": 3.71939587593,
        "mean": 0.237714260817,
        "median": 0.144477471709,
        "min": -2.90601944923,
        "var": 0.652110815048
    },
    "erbbands_spread": {
        "dmean": 8.65636348724,
        "dmean2": 13.1218719482,
        "dvar": 77.2418823242,
        "dvar2": 168.253082275,
        "max": 163.75743103,
        "mean": 43.633605957,
        "median": 40.5622787476,
        "min": 3.02848553658,
        "var": 516.15411377
    },
    "hfc": {
        "dmean": 9.69793510437,
        "dmean2": 14.0500249863,
        "dvar": 151.685882568,
        "dvar2": 330.17956543,
        "max": 232.367797852,
        "mean": 34.7906799316,
        "median": 29.8303852081,
        "min": 1.14673093875e-16,
        "var": 674.379760742
    },
    "melbands_crest": {
        "dmean": 3.61062431335,
        "dmean2": 5.69802856445,
        "dvar": 12.2195167542,
        "dvar2": 28.025100708,
        "max": 35.8194656372,
        "mean": 16.7219982147,
        "median": 15.1073226929,
        "min": 1.58134329319,
        "var": 57.5905189514
    },
    "melbands_flatness_db": {
        "dmean": 0.0297042094171,
        "dmean2": 0.0435378029943,
        "dvar": 0.000973083544523,
        "dvar2": 0.00192502618302,
        "max": 0.560874164104,
        "mean": 0.183545663953,
        "median": 0.175198271871,
        "min": 0.00447376677766,
        "var": 0.00690072961152
    },
    "melbands_kurtosis": {
        "dmean": 12.572060585,
        "dmean2": 19.123210907,
        "dvar": 802.222595215,
        "dvar2": 1592.2467041,
        "max": 786.8203125,
        "mean": 26.3707542419,
        "median": 8.67464637756,
        "min": -1.86484086514,
        "var": 3094.00048828
    },
    "melbands_skewness": {
        "dmean": 0.958236098289,
        "dmean2": 1.42914879322,
        "dvar": 1.36074793339,
        "dvar2": 2.58886194229,
        "max": 22.3858127594,
        "mean": 3.40178728104,
        "median": 2.59398412704,
        "min": -2.12803292274,
        "var": 8.2992181778
    },
    "melbands_spread": {
        "dmean": 8.5280790329,
        "dmean2": 13.3081817627,
        "dvar": 114.716423035,
        "dvar2": 253.241256714,
        "max": 210.181167603,
        "mean": 27.3285427094,
        "median": 22.0881023407,
        "min": 0.346650332212,
        "var": 454.236663818
    },
    "pitch_salience": {
        "dmean": 0.0833004191518,
        "dmean2": 0.131540209055,
        "dvar": 0.00697916839272,
        "dvar2": 0.0159003473818,
        "max": 0.89660269022,
        "mean": 0.490967422724,
        "median": 0.525204777718,
        "min": 0.0285504702479,
        "var": 0.0323443636298
    },
    "silence_rate_20dB": {
        "dmean": 0,
        "dmean2": 0,
        "dvar": 0,
        "dvar2": 0,
        "max": 1,
        "mean": 1,
        "median": 1,
        "min": 1,
        "var": 0
    },
    "silence_rate_30dB": {
        "dmean": 0.0219202097505,
        "dmean2": 0.0438452251256,
        "dvar": 0.0214359164238,
        "dvar2": 0.0467460751534,
        "max": 1,
        "mean": 0.965260267258,
        "median": 1,
        "min": 0,
        "var": 0.0335367247462
    },
    "silence_rate_60dB": {
        "dmean": 0.0155633492395,
        "dmean2": 0.031130110845,
        "dvar": 0.0153226107359,
        "dvar2": 0.0341130979359,
        "max": 1,
        "mean": 0.0634520575404,
        "median": 0,
        "min": 0,
        "var": 0.0594280548394
    },
    "spectral_centroid": {
        "dmean": 259.409820557,
        "dmean2": 402.647521973,
        "dvar": 73957.1484375,
        "dvar2": 157921.546875,
        "max": 11234.3779297,
        "mean": 1735.31335449,
        "median": 1757.08129883,
        "min": 154.118286133,
        "var": 402190.15625
    },
    "spectral_complexity": {
        "dmean": 4.86913633347,
        "dmean2": 7.291680336,
        "dvar": 26.297088623,
        "dvar2": 52.4930267334,
        "max": 57,
        "mean": 22.9381923676,
        "median": 23,
        "min": 0,
        "var": 136.991897583
    },
    "spectral_decrease": {
        "dmean": 2.56003351851e-09,
        "dmean2": 3.92000387706e-09,
        "dvar": 9.84239711564e-18,
        "dvar2": 2.11934657895e-17,
        "max": -7.66742261848e-29,
        "mean": -1.00529211622e-08,
        "median": -8.81958861498e-09,
        "min": -5.01988779433e-08,
        "var": 5.69188273454e-17
    },
    "spectral_energy": {
        "dmean": 0.0100024798885,
        "dmean2": 0.0152275655419,
        "dvar": 0.000140774034662,
        "dvar2": 0.00030256275204,
        "max": 0.190991565585,
        "mean": 0.0410976707935,
        "median": 0.0376593060791,
        "min": 1.06905743251e-20,
        "var": 0.000839757500216
    },
    "spectral_energyband_high": {
        "dmean": 0.000790217658505,
        "dmean2": 0.00115262623876,
        "dvar": 1.46806587509e-06,
        "dvar2": 3.32511444867e-06,
        "max": 0.0218365136534,
        "mean": 0.0021362551488,
        "median": 0.00131040206179,
        "min": 7.7994682243e-21,
        "var": 5.39607435712e-06
    },
    "spectral_energyband_low": {
        "dmean": 0.00785601884127,
        "dmean2": 0.0121755683795,
        "dvar": 0.000176312139956,
        "dvar2": 0.00037627061829,
        "max": 0.188156813383,
        "mean": 0.0224662665278,
        "median": 0.0101037351415,
        "min": 4.89140935119e-23,
        "var": 0.00088412425248
    },
    "spectral_energyband_middle_high": {
        "dmean": 0.00300581846386,
        "dmean2": 0.00453867716715,
        "dvar": 1.7901073079e-05,
        "dvar2": 4.26447913924e-05,
        "max": 0.0865609124303,
        "mean": 0.00838362891227,
        "median": 0.00600102217868,
        "min": 1.50156535536e-21,
        "var": 6.73330650898e-05
    },
    "spectral_energyband_middle_low": {
        "dmean": 0.00393853383139,
        "dmean2": 0.00620252173394,
        "dvar": 2.89428080578e-05,
        "dvar2": 7.00212913216e-05,
        "max": 0.0858426839113,
        "mean": 0.00902740284801,
        "median": 0.00662767607719,
        "min": 3.80022949473e-22,
        "var": 7.61756600696e-05
    },
    "spectral_entropy": {
        "dmean": 0.138003692031,
        "dmean2": 0.199528336525,
        "dvar": 0.0220360141248,
        "dvar2": 0.0458649024367,
        "max": 9.79727172852,
        "mean": 7.87914466858,
        "median": 7.99407911301,
        "min": 6.28880882263,
        "var": 0.190414577723
    },
    "spectral_flux": {
        "dmean": 0.027399815619,
        "dmean2": 0.041919644922,
        "dvar": 0.000875900033861,
        "dvar2": 0.00198946823366,
        "max": 0.372583478689,
        "mean": 0.0987371876836,
        "median": 0.0939172506332,
        "min": 1.03395236817e-10,
        "var": 0.00227972818539
    },
    "spectral_kurtosis": {
        "dmean": 1.00061905384,
        "dmean2": 1.6808321476,
        "dvar": 1.9772837162,
        "dvar2": 5.57282924652,
        "max": 27.2392997742,
        "mean": 2.49811458588,
        "median": 1.80697393417,
        "min": -1.22757101059,
        "var": 4.62085771561
    },
    "spectral_rms": {
        "dmean": 0.000769646663684,
        "dmean2": 0.00115231529344,
        "dvar": 6.11885184298e-07,
        "dvar2": 1.2305575865e-06,
        "max": 0.0136503931135,
        "mean": 0.00586308725178,
        "median": 0.00606141751632,
        "min": 3.22952450373e-12,
        "var": 5.71935470361e-06
    },
    "spectral_rolloff": {
        "dmean": 738.252075195,
        "dmean2": 1213.22351074,
        "dvar": 1285872.75,
        "dvar2": 2989756.5,
        "max": 18410.8886719,
        "mean": 1959.82141113,
        "median": 1464.2578125,
        "min": 64.599609375,
        "var": 3821216
    },
    "spectral_skewness": {
        "dmean": 0.15874235332,
        "dmean2": 0.25720384717,
        "dvar": 0.0272460523993,
        "dvar2": 0.0712395310402,
        "max": 3.70282578468,
        "mean": 1.25503635406,
        "median": 1.19600641727,
        "min": -0.00941609870642,
        "var": 0.113082714379
    },
    "spectral_spread": {
        "dmean": 549646.9375,
        "dmean2": 817870.5,
        "dvar": 469146697728,
        "dvar2": 792618401792,
        "max": 41451360,
        "mean": 5534414.5,
        "median": 5640092.5,
        "min": 1723850.625,
        "var": 3.2884481065e+12
    },
    "spectral_strongpeak": {
        "dmean": 0.634495556355,
        "dmean2": 1.04853320122,
        "dvar": 1.33327257633,
        "dvar2": 3.19503378868,
        "max": 16.7375087738,
        "mean": 1.2402408123,
        "median": 0.561593770981,
        "min": 0,
        "var": 3.24106454849
    },
    "zerocrossingrate": {
        "dmean": 0.0130019597709,
        "dmean2": 0.0152870621532,
        "dvar": 0.00020540409605,
        "dvar2": 0.00023375354067,
        "max": 0.51025390625,
        "mean": 0.0778076276183,
        "median": 0.06787109375,
        "min": 0.00244140625,
        "var": 0.00232704286464
    },
    "barkbands": {
        "dmean": [0.000294329685858, 0.00706777023152, 0.00210112566128, 0.0010925027309, 0.00105653551873, 0.000699981872458, 0.000567135168239, 0.000774007348809, 0.00151284621097, 0.00137182662729, 0.000545676273759, 0.00052830966888, 0.000415410293499, 0.000636782904621, 0.000611573108472, 0.000451927917311, 0.000310566480039, 0.000311240495648, 0.000179216774995, 0.000159046787303, 0.000188109377632, 0.000176757777808, 0.000171669365955, 0.000172855201527, 0.000157790404046, 6.58249045955e-05, 9.10327528914e-08],
        "dmean2": [0.00041674321983, 0.0107347341254, 0.00350299291313, 0.00190029840451, 0.0017211411614, 0.00112397188786, 0.000912100484129, 0.00123562128283, 0.00242195790634, 0.00220605079085, 0.000862464599777, 0.000838945794385, 0.000667518994305, 0.00100657145958, 0.000975879782345, 0.000700303295162, 0.000484411924845, 0.000487713259645, 0.000290473893983, 0.000257154315477, 0.000300902611343, 0.000279214204056, 0.000270875258138, 0.000267245544819, 0.000242189969867, 0.000100483150163, 1.628885542e-07],
        "dvar": [3.66031258636e-07, 0.000166972298757, 2.46788040386e-05, 7.26346343072e-06, 3.98508473154e-06, 1.55912005084e-06, 1.06828190383e-06, 3.47581226379e-06, 8.71643260325e-06, 1.05728895505e-05, 1.80177437414e-06, 2.18734408008e-06, 1.56806311224e-06, 1.79383221166e-06, 1.99015789804e-06, 1.52226527916e-06, 7.08842321728e-07, 4.0909043264e-07, 8.02717678994e-08, 5.41111262464e-08, 8.3926416039e-08, 7.07308700498e-08, 6.8534689035e-08, 7.84297355949e-08, 7.21319679542e-08, 1.85110078377e-08, 1.0892580105e-13],
        "dvar2": [6.92336072916e-07, 0.000340590166161, 6.56763950246e-05, 1.92796051124e-05, 9.91009892459e-06, 3.78074696528e-06, 2.52131962952e-06, 8.3199756773e-06, 2.21055088332e-05, 2.7875892556e-05, 3.97145413444e-06, 5.10965583089e-06, 3.68040514331e-06, 4.01500619773e-06, 4.88102477902e-06, 3.35465347234e-06, 1.41247471674e-06, 8.48160993883e-07, 2.00086233804e-07, 1.35115570288e-07, 2.11634642255e-07, 1.71157424234e-07, 1.69395818261e-07, 1.87100951621e-07, 1.69868727085e-07, 4.31508517806e-08, 3.12516288889e-13],
        "max": [0.00791897345334, 0.181948691607, 0.0775848552585, 0.0455933026969, 0.041859831661, 0.0210852175951, 0.0191339664161, 0.0801160112023, 0.0611462444067, 0.0736677497625, 0.0289629325271, 0.0403645820916, 0.0433335788548, 0.0356822162867, 0.0388562195003, 0.0365462899208, 0.0295835379511, 0.0227289907634, 0.00738552026451, 0.00423051090911, 0.00750329066068, 0.00443925103173, 0.00429553352296, 0.0041545717977, 0.00527959689498, 0.00339946174063, 9.45453848544e-06],
        "mean": [0.000427096325438, 0.0188338756561, 0.00254051107913, 0.00120448123198, 0.00164533185307, 0.00111908628605, 0.00080470868852, 0.00121755024884, 0.00252990447916, 0.00217726570554, 0.000786790216807, 0.000786929565948, 0.000594706682023, 0.000999312382191, 0.000946772226598, 0.000740031187888, 0.000532955105882, 0.000592085067183, 0.000329413393047, 0.000320582301356, 0.000406320818001, 0.000379752455046, 0.000369280489394, 0.000394027912989, 0.000312128133373, 0.000106665633211, 6.78400269294e-08],
        "median": [5.98877086304e-05, 0.00481462664902, 0.000449849729193, 0.000236541149206, 0.000621791463345, 0.00040854481631, 0.000305412017042, 0.000326719135046, 0.000733821419999, 0.000537926214747, 0.000262512854533, 0.000290886207949, 0.000264262402197, 0.000358308898285, 0.000310511997668, 0.000249321892625, 0.000213661071029, 0.000300504674669, 0.000220847112359, 0.000213743376662, 0.000283129746094, 0.000225126306759, 0.000208373588976, 0.000193753905478, 0.000119379255921, 2.66621882474e-05, 2.25004037624e-09],
        "min": [3.18276049353e-24, 1.3373180273e-23, 3.2079016089e-23, 1.04677487611e-23, 8.31881150697e-23, 5.84073182205e-23, 9.56460526096e-23, 4.91155938307e-23, 6.88919738485e-23, 7.8825651155e-23, 8.88419253537e-23, 1.48643507893e-22, 8.6825085698e-23, 8.44142068648e-23, 4.40151631609e-23, 1.33558480523e-22, 1.79383044475e-22, 2.22174229988e-22, 2.36789739969e-22, 3.84618916216e-22, 6.85493015065e-22, 5.02611227325e-22, 8.55071906884e-22, 8.32389820831e-22, 1.05259904248e-21, 1.59908815224e-21, 2.34559684464e-21],
        "var": [8.12353846413e-07, 0.000797358166892, 3.10837604047e-05, 7.46024124965e-06, 7.43968939787e-06, 3.29160093315e-06, 2.04715115615e-06, 9.3084972832e-06, 2.25947514991e-05, 2.35916395468e-05, 3.40580481861e-06, 4.33775858255e-06, 2.11785254578e-06, 4.01188117394e-06, 3.4533404687e-06, 3.47812647306e-06, 2.09283984987e-06, 1.10774203677e-06, 1.51675379811e-07, 1.21319857271e-07, 1.94398907638e-07, 1.90161955516e-07, 1.83877801874e-07, 2.38905442984e-07, 2.01726095383e-07, 4.35860521009e-08, 7.66268152446e-14]
    },
    "erbbands": {
        "dmean": [0.211081400514, 1.70103538036, 2.757584095, 2.94983625412, 3.57088565826, 3.49497175217, 4.84043169022, 5.86784029007, 7.64608287811, 9.919298172, 19.8389568329, 32.997543335, 38.3408927917, 33.371887207, 21.6863861084, 17.5366783142, 18.0255203247, 22.0630111694, 33.8867530823, 27.0946960449, 23.2416706085, 16.5049648285, 15.4242315292, 12.1779632568, 8.06168270111, 7.584897995, 7.38705253601, 7.78840398788, 6.63977193832, 5.40255737305, 4.85693359375, 3.8375275135, 2.9571814537, 2.04851198196, 1.03543138504, 0.438870579004, 0.0946515128016, 0.00271089957096, 8.31657816889e-05, 1.56700825755e-05],
        "dmean2": [0.272593557835, 2.62159872055, 4.44829416275, 5.05204296112, 5.99899816513, 5.68776130676, 7.76396131516, 9.47663402557, 12.3177776337, 16.1260318756, 31.2396526337, 52.6866798401, 61.6370315552, 53.3183746338, 33.2627944946, 27.9557514191, 28.9185752869, 34.6857032776, 53.2890205383, 42.4216194153, 35.569103241, 25.3861083984, 23.8792285919, 19.3561458588, 13.0300416946, 12.2699394226, 11.918885231, 12.3926868439, 10.6526908875, 8.55057525635, 7.74294519424, 5.97206449509, 4.63197183609, 3.20762181282, 1.61350023746, 0.658331930637, 0.146267428994, 0.00417035119608, 0.000124393365695, 2.29098568525e-05],
        "dvar": [0.124286189675, 11.1054544449, 39.0077781677, 48.6690406799, 74.9820022583, 41.9577636719, 72.8819046021, 123.624465942, 220.587158203, 419.720703125, 1806.92626953, 4792.44091797, 7178.85449219, 9034.03027344, 3347.08959961, 2543.19287109, 2863.25268555, 2413.79589844, 5308.23583984, 3354.52734375, 4195.55273438, 1762.16259766, 1073.72668457, 447.480010986, 163.146987915, 128.546859741, 124.881195068, 151.807739258, 104.914848328, 68.3447341919, 53.129940033, 36.4136199951, 24.138792038, 11.9910345078, 3.49791884422, 0.704964160919, 0.0500750429928, 3.97196490667e-05, 2.90724528895e-08, 3.36717653759e-10],
        "dvar2": [0.195934996009, 23.2153682709, 97.8418197632, 133.589675903, 190.712966919, 105.074554443, 177.533233643, 310.653198242, 519.047302246, 984.814453125, 4139.37304688, 11979.9707031, 18646.0839844, 24128.3320312, 6692.85449219, 6130, 6805.61914062, 5414.7265625, 12388.3056641, 7820.54394531, 8778.41894531, 3358.63452148, 2149.19335938, 1015.69451904, 421.494628906, 321.881713867, 317.800628662, 383.546203613, 261.561798096, 166.105926514, 131.065567017, 86.1994552612, 59.2567558289, 28.7534217834, 8.45149898529, 1.58807766438, 0.122649088502, 9.86988452496e-05, 6.75148399409e-08, 6.84723333588e-10],
        "max": [5.2000784874, 45.2337799072, 81.3174057007, 110.920578003, 190.282669067, 159.233673096, 193.34274292, 224.408630371, 336.538024902, 732.923339844, 1177.95776367, 1828.5715332, 1904.80627441, 3110.68139648, 1887.85546875, 1749.92102051, 1932.54333496, 1270.85998535, 2104.6171875, 1299.13110352, 1957.71398926, 1815.61218262, 1019.08282471, 507.93951416, 213.536376953, 233.360565186, 230.504928589, 342.582458496, 196.745681763, 143.806106567, 101.846229553, 84.5860671997, 91.158821106, 51.9392967224, 47.5117416382, 18.8218841553, 6.27322721481, 0.157308533788, 0.00430563930422, 0.000453265762189],
        "mean": [0.589241087437, 3.98199534416, 3.85198545456, 3.72365498543, 4.57926797867, 5.32609653473, 8.0352306366, 9.10918617249, 11.163895607, 15.1788339615, 33.5476493835, 54.8962593079, 65.1990509033, 53.9655227661, 36.4336242676, 28.2402324677, 28.0651226044, 37.5341682434, 54.6665496826, 46.2042541504, 41.5548553467, 31.6358108521, 30.6613388062, 24.5912761688, 15.6375722885, 15.4290790558, 15.4834318161, 16.3671131134, 13.885931015, 11.5901355743, 10.3903055191, 8.53903198242, 6.38234996796, 3.99009680748, 1.92807602882, 0.762144982815, 0.142382621765, 0.00420788489282, 0.000165696488693, 6.43341700197e-05],
        "median": [0.109294310212, 1.09650421143, 1.25116634369, 0.954857766628, 1.37395346165, 2.03535270691, 3.26616287231, 3.41186451912, 4.25643920898, 5.91772317886, 12.7574958801, 17.7232379913, 17.4979438782, 18.4727134705, 13.3939447403, 12.4008150101, 13.7516279221, 16.1023445129, 21.313337326, 18.099407196, 14.4876670837, 13.392001152, 15.8804254532, 14.890666008, 10.7847070694, 10.2528238297, 10.6706943512, 10.8026885986, 8.29428863525, 6.60008907318, 5.91007852554, 4.37756919861, 2.99652028084, 1.64683187008, 0.635365128517, 0.212028756738, 0.0303054545075, 0.000860061321873, 6.50139627396e-05, 6.14785385551e-05],
        "min": [3.3777206426e-22, 3.82615946628e-21, 3.59898335833e-20, 2.70641977291e-20, 1.60520265678e-19, 2.02159620061e-19, 3.72246836984e-19, 6.39019563869e-19, 7.25509827211e-19, 1.84000619716e-18, 1.16352765586e-18, 1.87863449779e-18, 2.25588758694e-18, 2.71273447617e-18, 3.95460368406e-18, 5.76531527983e-18, 4.09737712574e-18, 3.824125455e-18, 4.40431738127e-18, 5.23855673958e-18, 5.53944906407e-18, 1.09636462262e-17, 1.31926043279e-17, 1.38419526893e-17, 1.27401803734e-17, 1.61672583072e-17, 2.35764904162e-17, 2.89512321038e-17, 2.09790159069e-17, 2.26994820979e-17, 1.98418344706e-17, 1.8263446476e-17, 1.444461994e-17, 9.78620177355e-18, 8.54660296965e-18, 5.09355404616e-18, 3.41651773251e-18, 1.14971570418e-18, 3.58825857395e-19, 3.36586738273e-20],
        "var": [0.849913537502, 40.1873512268, 53.6328277588, 54.2553672791, 95.621055603, 82.4463424683, 156.343185425, 229.728500366, 451.327301025, 926.514099121, 4547.99023438, 11409.0302734, 17904.375, 17293.3652344, 8588.95214844, 4153.02490234, 4016.03857422, 5252.7578125, 9324.63476562, 7066.28417969, 11300.1591797, 6299.00537109, 3017.62792969, 1245.07727051, 287.337280273, 288.4972229, 279.229736328, 334.23425293, 253.654815674, 182.379852295, 145.075073242, 109.81427002, 67.0344543457, 30.3562469482, 9.1822347641, 1.86008799076, 0.105043746531, 7.98393157311e-05, 7.49162865077e-08, 1.9436370291e-09]
    },
    "gfcc": {
        "mean": [19.2718772888, 67.5043334961, -131.374526978, 39.4631996155, -69.4142379761, 30.328037262, -36.0524024963, 17.8075199127, -17.9189319611, 2.19261789322, -15.4140481949, -3.33171010017, -4.53505802155],
        "cov": [[5966.75048828, -1054.11108398, 948.712524414, 476.478851318, 268.670593262, 534.390319824, -317.181915283, 486.879608154, -314.132720947, 562.453125, -275.04901123, 325.662414551, -76.6456222534], [-1054.11108398, 1558.92749023, -129.138793945, 218.179931641, 233.085098267, -96.6080627441, 337.756286621, -232.629989624, 273.445037842, -236.352722168, 263.480865479, -191.719619751, 156.756912231], [948.712524414, -129.138793945, 1920.72314453, 802.304138184, 531.124572754, 495.028015137, -23.5306510925, 370.029998779, -168.594619751, 486.92755127, -71.901512146, 304.795623779, -68.3905105591], [476.478851318, 218.179931641, 802.304138184, 766.646911621, 428.326934814, 276.237060547, 100.605262756, 168.275848389, 76.3129348755, 172.0965271, 75.66040802, 109.074874878, 56.620426178], [268.670593262, 233.085098267, 531.124572754, 428.326934814, 497.072814941, 289.788024902, 181.577575684, 166.926727295, 104.888015747, 164.800140381, 66.4451904297, 89.0841674805, 57.8732070923], [534.390319824, -96.6080627441, 495.028015137, 276.237060547, 289.788024902, 423.530548096, 177.940048218, 180.43586731, 6.4816942215, 181.210296631, 18.0508613586, 86.5166549683, 22.3907775879], [-317.181915283, 337.756286621, -23.5306510925, 100.605262756, 181.577575684, 177.940048218, 359.215637207, 42.9567565918, 153.080001831, -29.1539039612, 116.820037842, -33.4709358215, 58.6503105164], [486.879608154, -232.629989624, 370.029998779, 168.275848389, 166.926727295, 180.43586731, 42.9567565918, 266.188720703, 29.8624362946, 176.203125, -26.8845996857, 98.8705291748, -0.54350310564], [-314.132720947, 273.445037842, -168.594619751, 76.3129348755, 104.888015747, 6.4816942215, 153.080001831, 29.8624362946, 244.088943481, -25.1328735352, 106.57043457, -52.1171188354, 71.7808303833], [562.453125, -236.352722168, 486.92755127, 172.0965271, 164.800140381, 181.210296631, -29.1539039612, 176.203125, -25.1328735352, 273.225524902, -15.4292440414, 121.573059082, -15.5799064636], [-275.04901123, 263.480865479, -71.901512146, 75.66040802, 66.4451904297, 18.0508613586, 116.820037842, -26.8845996857, 106.57043457, -15.4292440414, 158.092346191, -5.91577482224, 57.0676689148], [325.662414551, -191.719619751, 304.795623779, 109.074874878, 89.0841674805, 86.5166549683, -33.4709358215, 98.8705291748, -52.1171188354, 121.573059082, -5.91577482224, 155.617874146, -5.0041437149], [-76.6456222534, 156.756912231, -68.3905105591, 56.620426178, 57.8732070923, 22.3907775879, 58.6503105164, -0.54350310564, 71.7808303833, -15.5799064636, 57.0676689148, -5.0041437149, 111.700180054]],
        "icov": [[0.000292691896902, -0.000165032863151, 0.000347392517142, -0.000321117200656, 0.000163964126841, -0.000471628591185, 0.00035300932359, -0.000365727813914, 0.000334530224791, -0.000487851473736, 0.000433268491179, -0.000281262386125, 0.000113385882287], [-0.000165032863151, 0.00258621852845, -0.00147001200821, 0.000547434843611, -0.0017070050817, 0.00216809450649, -0.00162429327611, 0.00196241517551, -0.000642623868771, 0.00154785183258, -0.00221729837358, 0.00263839471154, -0.00172809651121], [0.000347392517142, -0.00147001200821, 0.00324707315303, -0.00228131725453, 0.000639266858343, -0.00162791553885, 0.000796233362053, -0.00152888242155, 0.00218439335003, -0.00310869491659, 0.00210835970938, -0.00231253309175, 0.00199731276371], [-0.000321117200656, 0.000547434843611, -0.00228131725453, 0.00453985109925, -0.00233651464805, 0.000140197895234, 0.000867516733706, 0.000387738167774, -0.00171146390494, 0.00267509557307, -0.00239900196902, 0.00103923317511, -0.00121260446031], [0.000163964126841, -0.0017070050817, 0.000639266858343, -0.00233651464805, 0.00735786790028, -0.00286439317279, -0.000450450286735, -0.000867588678375, -0.00140897615347, -0.00220381701365, 0.00248619774356, -0.00287252059206, 0.000277282408206], [-0.000471628591185, 0.00216809450649, -0.00162791553885, 0.000140197895234, -0.00286439317279, 0.00955509580672, -0.00588306458667, 0.00052318588132, 0.00226248498075, -0.00132529181428, -0.0012853735825, 0.00313812377863, -0.0026152569335], [0.00035300932359, -0.00162429327611, 0.000796233362053, 0.000867516733706, -0.000450450286735, -0.00588306458667, 0.00935799349099, -0.00257497467101, -0.00207179738209, 0.00281345355324, -0.00226544355974, -0.00064665672835, 0.00190827262122], [-0.000365727813914, 0.00196241517551, -0.00152888242155, 0.000387738167774, -0.000867588678375, 0.00052318588132, -0.00257497467101, 0.0114122340456, -0.00460835220292, -0.00223245401867, 0.00260338303633, -0.00142961426172, -0.00112945528235], [0.000334530224791, -0.000642623868771, 0.00218439335003, -0.00171146390494, -0.00140897615347, 0.00226248498075, -0.00207179738209, -0.00460835220292, 0.0119639700279, -0.00261097960174, -0.00304587767459, 0.0033375385683, -0.00166855752468], [-0.000487851473736, 0.00154785183258, -0.00310869491659, 0.00267509557307, -0.00220381701365, -0.00132529181428, 0.00281345355324, -0.00223245401867, -0.00261097960174, 0.013506192714, -0.00442586978897, -0.000432009488577, -4.34170433437e-05], [0.000433268491179, -0.00221729837358, 0.00210835970938, -0.00239900196902, 0.00248619774356, -0.0012853735825, -0.00226544355974, 0.00260338303633, -0.00304587767459, -0.00442586978897, 0.0158346295357, -0.00592663465068, -0.000927775574382], [-0.000281262386125, 0.00263839471154, -0.00231253309175, 0.00103923317511, -0.00287252059206, 0.00313812377863, -0.00064665672835, -0.00142961426172, 0.0033375385683, -0.000432009488577, -0.00592663465068, 0.015864815563, -0.00311286561191], [0.000113385882287, -0.00172809651121, 0.00199731276371, -0.00121260446031, 0.000277282408206, -0.0026152569335, 0.00190827262122, -0.00112945528235, -0.00166855752468, -4.34170433437e-05, -0.000927775574382, -0.00311286561191, 0.0140669029206]]
    },
    "melbands": {
        "dmean": [0.00190580124035, 0.00165691587608, 0.000513457169291, 0.000249495758908, 0.000159908202477, 0.000131895867526, 0.000113180714834, 0.000125190708786, 0.000182227915502, 0.000210567406612, 0.000200534879696, 0.000151468892, 7.56465087761e-05, 6.04250562901e-05, 4.84834054078e-05, 3.72171234631e-05, 4.56449961348e-05, 6.19752900093e-05, 4.63266806037e-05, 3.20542458212e-05, 2.81381326204e-05, 1.81814630196e-05, 1.65503752214e-05, 1.60590698215e-05, 1.02802259789e-05, 6.72113947076e-06, 5.90279069002e-06, 5.28453801962e-06, 4.89749527333e-06, 5.17945591127e-06, 4.7294452088e-06, 4.20731112172e-06, 3.37355118063e-06, 3.29531508214e-06, 3.04034506371e-06, 2.7983394375e-06, 2.3989211968e-06, 2.3041827717e-06, 2.00653607862e-06, 1.78126094852e-06],
        "dmean2": [0.00266368291341, 0.00264112977311, 0.000872765667737, 0.000409715546994, 0.000255781138549, 0.000211429505725, 0.000182817981113, 0.000202512950636, 0.000286578491796, 0.000337952136761, 0.000322305189911, 0.000242190857534, 0.000117352341476, 9.43931663642e-05, 7.88286197348e-05, 5.95380297455e-05, 7.24880519556e-05, 9.77653180598e-05, 7.38806411391e-05, 4.97578512295e-05, 4.34966896137e-05, 2.84113866655e-05, 2.53866419371e-05, 2.51087694778e-05, 1.65770707099e-05, 1.09027969302e-05, 9.64214632404e-06, 8.62907927512e-06, 7.98856308393e-06, 8.38376763568e-06, 7.59103568271e-06, 6.82661675455e-06, 5.3890307754e-06, 5.33190859642e-06, 4.94875985169e-06, 4.49107301392e-06, 3.7782876916e-06, 3.69615327145e-06, 3.15670740747e-06, 2.8451045182e-06],
        "dvar": [1.01452324088e-05, 1.17708486869e-05, 1.45992430589e-06, 2.58965684452e-07, 7.52590523234e-08, 5.84287036531e-08, 4.42910277343e-08, 7.29797164922e-08, 1.24956443415e-07, 1.99538121137e-07, 1.90913993947e-07, 1.81272994837e-07, 3.51752120764e-08, 3.11822212495e-08, 2.45954776545e-08, 9.60858859145e-09, 1.02866701823e-08, 1.80463146648e-08, 1.28595667448e-08, 7.52970663598e-09, 6.73088118575e-09, 2.27151697452e-09, 2.07764538906e-09, 1.21673460196e-09, 3.35946631624e-10, 1.13435240368e-10, 8.5193789523e-11, 6.51677739549e-11, 5.41494626916e-11, 7.16295286973e-11, 6.03262301224e-11, 4.18977283423e-11, 2.69733541058e-11, 2.66464957738e-11, 2.08514698563e-11, 1.99123634248e-11, 1.43474277597e-11, 1.57642024434e-11, 1.07991202786e-11, 9.46933850776e-12],
        "dvar2": [1.82910061994e-05, 2.73284640571e-05, 3.90784907722e-06, 6.439296385e-07, 1.82491902478e-07, 1.43661054608e-07, 1.05583758625e-07, 1.74110397211e-07, 2.84991699573e-07, 5.03349610881e-07, 4.94399671425e-07, 4.83756309677e-07, 7.52477617993e-08, 7.01135647319e-08, 6.14200459381e-08, 2.11280912765e-08, 2.32290098268e-08, 4.05050997188e-08, 3.11841539258e-08, 1.71868048682e-08, 1.3970982593e-08, 4.3028767216e-09, 3.97144273023e-09, 2.38800756946e-09, 7.91037457759e-10, 2.92081386855e-10, 2.20543985852e-10, 1.62925894998e-10, 1.40000289139e-10, 1.78355913372e-10, 1.56567536713e-10, 1.06514110032e-10, 6.66725771814e-11, 6.73355399217e-11, 5.31052736508e-11, 4.91266020919e-11, 3.4426520662e-11, 4.04445366087e-11, 2.63019692831e-11, 2.32805632411e-11],
        "max": [0.0517640225589, 0.0459890365601, 0.0171333607286, 0.0118519123644, 0.00568216526881, 0.00453132065013, 0.00453745853156, 0.0125393560156, 0.00923907570541, 0.0101830475032, 0.00942621659487, 0.0133006051183, 0.00464972667396, 0.00544699467719, 0.00656410679221, 0.00240789633244, 0.00211642705835, 0.00457822205499, 0.00289679807611, 0.00217585545033, 0.00184057839215, 0.00265688239597, 0.00205189967528, 0.00127106544096, 0.000492377090268, 0.000228133954806, 0.000142793302075, 0.000163284756127, 0.000135098191095, 0.000348309957189, 0.000227820710279, 0.000104445272882, 9.85548103927e-05, 9.10652015591e-05, 6.39231293462e-05, 5.9308429627e-05, 5.73243523831e-05, 7.53855492803e-05, 5.90383824601e-05, 5.2815201343e-05],
        "mean": [0.00536830723286, 0.0032168792095, 0.000669443397783, 0.000364777341019, 0.000275071186479, 0.000210977726965, 0.000162897325936, 0.000193149477127, 0.000301295978716, 0.000348840490915, 0.000332050753059, 0.000235961648286, 0.000117376825074, 9.25459171413e-05, 7.08555890014e-05, 5.54407452e-05, 7.25586869521e-05, 9.35146599659e-05, 7.3799812526e-05, 4.97805012856e-05, 4.62946627522e-05, 3.07852751575e-05, 2.98838294839e-05, 2.86380527541e-05, 1.90390765056e-05, 1.18476564239e-05, 1.0615730389e-05, 9.96079961624e-06, 9.35428033699e-06, 9.79515971267e-06, 9.29136240302e-06, 8.03092916613e-06, 6.85656641508e-06, 6.33071113043e-06, 6.00557314101e-06, 5.6583667174e-06, 5.07138975081e-06, 4.62029629489e-06, 3.88633952753e-06, 3.19623131873e-06],
        "median": [0.0012509849621, 0.00133614963852, 0.000190017541172, 0.000123373029055, 0.000116311653983, 7.96873209765e-05, 6.30477225059e-05, 6.16691322648e-05, 0.000114988055429, 9.78948155534e-05, 8.13288934296e-05, 7.11615939508e-05, 4.13809975726e-05, 3.10739633278e-05, 3.12883712468e-05, 2.42192036239e-05, 2.75704642263e-05, 3.14158096444e-05, 2.25521271204e-05, 1.84049567906e-05, 1.4860277588e-05, 1.25730557556e-05, 1.28796309582e-05, 1.43192255564e-05, 1.10259343273e-05, 7.78670164436e-06, 6.80598577674e-06, 6.2987282945e-06, 6.11377936366e-06, 6.45708769298e-06, 5.83780183661e-06, 4.61405534224e-06, 3.85768680644e-06, 3.44635895999e-06, 3.39402458849e-06, 2.96984285342e-06, 2.48466449193e-06, 2.1010432647e-06, 1.77228957909e-06, 1.21049004065e-06],
        "min": [3.26194615398e-24, 1.35970400652e-23, 9.14722400472e-24, 1.25488979354e-23, 1.41594205823e-23, 1.31282436951e-23, 1.42205399475e-23, 1.73704441871e-23, 8.94346912151e-24, 1.16780120621e-23, 1.11807796229e-23, 1.11352986363e-23, 1.27121392891e-23, 1.61744695236e-23, 1.00395321847e-23, 1.07793283082e-23, 6.76938345507e-24, 8.1149679558e-24, 3.13523576551e-24, 1.14725958378e-23, 4.74359969452e-24, 1.12028629951e-23, 8.21460897674e-24, 1.45983948548e-23, 1.10776234378e-23, 6.8082340658e-24, 1.2918198435e-23, 9.8672276081e-24, 1.38734143279e-23, 1.48577486546e-23, 1.74932856073e-23, 1.27606818449e-23, 8.22783265209e-24, 1.55724298134e-23, 1.12137950295e-23, 1.28278202188e-23, 9.74029042212e-24, 1.04098968577e-23, 8.71885833368e-24, 7.7960299141e-24],
        "var": [6.48956629448e-05, 2.56230741797e-05, 1.67162590969e-06, 4.58456838714e-07, 1.65404230756e-07, 1.16170419062e-07, 8.72861036783e-08, 1.90495697439e-07, 3.1417800983e-07, 5.06197466166e-07, 4.74291624641e-07, 3.51570776047e-07, 7.80270354994e-08, 7.03931419821e-08, 3.5677548027e-08, 1.53588413099e-08, 2.18793037021e-08, 3.49066766603e-08, 2.53488146029e-08, 1.38917890524e-08, 1.67274496476e-08, 7.67588304029e-09, 6.50039266858e-09, 2.90284662974e-09, 8.42977077031e-10, 1.85759865823e-10, 1.50689932754e-10, 1.36070835155e-10, 1.1110939252e-10, 1.40462641518e-10, 1.17949275347e-10, 8.95080537466e-11, 6.95239560367e-11, 5.77277531333e-11, 4.90393108066e-11, 4.99391257514e-11, 4.08888270464e-11, 3.72200881227e-11, 2.70214337017e-11, 2.13845885444e-11]
    },
    "mfcc": {
        "mean": [-613.253540039, 88.1553115845, -0.734640359879, 10.8352365494, -0.243060275912, 6.7377948761, 0.310330986977, 9.25667667389, 6.27424240112, 6.90796756744, 1.87717723846, -0.36544623971, -4.94526910782],
        "cov": [[5268.66650391, -850.621032715, 278.633026123, 66.4111404419, 336.267944336, 94.3605651855, 144.095016479, -52.5814094543, 132.977645874, 94.3427352905, -0.837405979633, -11.1568317413, 55.5169067383], [-850.621032715, 1058.80371094, -67.038192749, 163.363433838, -20.4629859924, 112.584098816, 55.3520126343, 58.551738739, -2.32017636299, 18.0363502502, 24.2555007935, 38.0513648987, -6.9335641861], [278.633026123, -67.038192749, 1160.37109375, 503.650634766, 505.011627197, 288.810180664, 287.459716797, 41.4693489075, 122.032348633, 58.7095794678, 96.6892166138, 93.8745651245, 172.559494019], [66.4111404419, 163.363433838, 503.650634766, 571.365844727, 392.455993652, 207.860473633, 158.586181641, 88.4527130127, 118.414649963, 41.9327201843, 61.2006607056, 128.514755249, 128.977539062], [336.267944336, -20.4629859924, 505.011627197, 392.455993652, 500.8230896, 223.665435791, 189.053115845, 63.9386901855, 158.524841309, 68.9956283569, 80.1493225098, 107.806884766, 135.79119873], [94.3605651855, 112.584098816, 288.810180664, 207.860473633, 223.665435791, 338.50567627, 235.404678345, 116.987327576, 98.8583755493, 102.577026367, 78.2696151733, 55.008769989, 70.3315124512], [144.095016479, 55.3520126343, 287.459716797, 158.586181641, 189.053115845, 235.404678345, 288.987579346, 121.835708618, 107.411148071, 83.568397522, 83.7339401245, 54.1825065613, 68.9690170288], [-52.5814094543, 58.551738739, 41.4693489075, 88.4527130127, 63.9386901855, 116.987327576, 121.835708618, 185.350341797, 91.5713195801, 66.9126815796, 58.366355896, 41.5624542236, 41.8316993713], [132.977645874, -2.32017636299, 122.032348633, 118.414649963, 158.524841309, 98.8583755493, 107.411148071, 91.5713195801, 180.6690979, 99.0496826172, 60.5855522156, 53.05443573, 51.2294960022], [94.3427352905, 18.0363502502, 58.7095794678, 41.9327201843, 68.9956283569, 102.577026367, 83.568397522, 66.9126815796, 99.0496826172, 162.193389893, 73.6353225708, 27.9264354706, 24.4119300842], [-0.837405979633, 24.2555007935, 96.6892166138, 61.2006607056, 80.1493225098, 78.2696151733, 83.7339401245, 58.366355896, 60.5855522156, 73.6353225708, 119.066635132, 60.2053794861, 40.0903396606], [-11.1568317413, 38.0513648987, 93.8745651245, 128.514755249, 107.806884766, 55.008769989, 54.1825065613, 41.5624542236, 53.05443573, 27.9264354706, 60.2053794861, 123.067611694, 69.9224014282], [55.5169067383, -6.9335641861, 172.559494019, 128.977539062, 135.79119873, 70.3315124512, 68.9690170288, 41.8316993713, 51.2294960022, 24.4119300842, 40.0903396606, 69.9224014282, 118.755630493]],
