{
"lowlevel": {
    "average_loudness": 0.822329640388,
    "barkbands_crest": {
        "dmean": 2.14433121681,
        "dmean2": 3.41763544083,
        "dvar": 4.29116916656,
        "dvar2": 11.171628952,
        "max": 26.6646575928,
        "mean": 12.3775835037,
        "median": 11.2341308594,
        "min": 2.94254350662,
        "var": 27.7070827484
    },
    "barkbands_flatness_db": {
        "dmean": 0.0188450478017,
        "dmean2": 0.029399767518,
        "dvar": 0.000295258534607,
        "dvar2": 0.000698787276633,
        "max": 0.498917251825,
        "mean": 0.20853702724,
        "median": 0.196872055531,
        "min": 0.0524946525693,
        "var": 0.00523984478787
    },
    "barkbands_kurtosis": {
        "dmean": 4.22934627533,
        "dmean2": 6.65193939209,
        "dvar": 189.989059448,
        "dvar2": 488.334899902,
        "max": 566.493286133,
        "mean": 11.512140274,
        "median": 2.91287851334,
        "min": -1.88787293434,
        "var": 1173.45788574
    },
    "barkbands_skewness": {
        "dmean": 0.47829580307,
        "dmean2": 0.742194533348,
        "dvar": 0.367827028036,
        "dvar2": 0.888854861259,
        "max": 20.5065326691,
        "mean": 1.99364769459,
        "median": 1.54970443249,
        "min": -3.14240837097,
        "var": 4.37701749802
    },
    "barkbands_spread": {
        "dmean": 3.36352610588,
        "dmean2": 5.18953514099,
        "dvar": 27.8851337433,
        "dvar2": 58.05418396,
        "max": 99.2834625244,
        "mean": 16.9763221741,
        "median": 13.2182092667,
        "min": 0.196207538247,
        "var": 196.891555786
    },
    "dissonance": {
        "dmean": 0.0236212257296,
        "dmean2": 0.0400610491633,
        "dvar": 0.000490729580633,
        "dvar2": 0.00133998168167,
        "max": 0.500000059605,
        "mean": 0.444090157747,
        "median": 0.45428481698,
        "min": 0.167113512754,
        "var": 0.00181161006913
    },
    "dynamic_complexity": 3.9397084713,
    "erbbands_crest": {
        "dmean": 2.55770421028,
        "dmean2": 4.10834217072,
        "dvar": 5.72595214844,
        "dvar2": 14.1931915283,
        "max": 33.4347305298,
        "mean": 12.3908882141,
        "median": 10.9216709137,
        "min": 2.28085589409,
        "var": 36.4902610779
    },
    "erbbands_flatness_db": {
        "dmean": 0.0152116967365,
        "dmean2": 0.0228520166129,
        "dvar": 0.000202738170628,
        "dvar2": 0.000434747518739,
        "max": 0.494356781244,
        "mean": 0.219480589032,
        "median": 0.213372185826,
        "min": 0.0717574879527,
        "var": 0.00374116934836
    },
    "erbbands_kurtosis": {
        "dmean": 1.34617745876,
        "dmean2": 2.08860659599,
        "dvar": 7.76409196854,
        "dvar2": 17.2242565155,
        "max": 104.13697052,
        "mean": 2.40779328346,
        "median": 0.582406520844,
        "min": -1.7152338028,
        "var": 38.9056129456
    },
    "erbbands_skewness": {
        "dmean": 0.34358432889,
        "dmean2": 0.529500484467,
        "dvar": 0.116089597344,
        "dvar2": 0.269275963306,
        "max": 7.25169181824,
        "mean": 0.834531068802,
        "median": 0.741448283195,
        "min": -3.30488109589,
        "var": 1.2909822464
    },
    "erbbands_spread": {
        "dmean": 5.3388261795,
        "dmean2": 8.29673194885,
        "dvar": 38.8015556335,
        "dvar2": 89.2589416504,
        "max": 155.65335083,
        "mean": 29.9907741547,
        "median": 27.5277996063,
        "min": 0.654730021954,
        "var": 283.375915527
    },
    "hfc": {
        "dmean": 3.96099877357,
        "dmean2": 5.88403129578,
        "dvar": 53.4216079712,
        "dvar2": 104.147842407,
        "max": 303.712738037,
        "mean": 19.5767974854,
        "median": 12.7207937241,
        "min": 1.1953291894e-16,
        "var": 368.902099609
    },
    "melbands_crest": {
        "dmean": 2.61500048637,
        "dmean2": 4.18720006943,
        "dvar": 6.44742202759,
        "dvar2": 16.5487136841,
        "max": 34.9317512512,
        "mean": 16.4218673706,
        "median": 15.2992649078,
        "min": 1.69923520088,
        "var": 39.3563804626
    },
    "melbands_flatness_db": {
        "dmean": 0.0193673893809,
        "dmean2": 0.0293656662107,
        "dvar": 0.00037680141395,
        "dvar2": 0.000829442287795,
        "max": 0.62398225069,
        "mean": 0.244694635272,
        "median": 0.224684536457,
        "min": 0.00534308562055,
        "var": 0.00810968875885
    },
    "melbands_kurtosis": {
        "dmean": 6.694211483,
        "dmean2": 10.4413204193,
        "dvar": 203.079223633,
        "dvar2": 504.200622559,
        "max": 643.921020508,
        "mean": 18.6089839935,
        "median": 7.57800769806,
        "min": -1.78792572021,
        "var": 1347.24414062
    },
    "melbands_skewness": {
        "dmean": 0.577957570553,
        "dmean2": 0.900602996349,
        "dvar": 0.423710644245,
        "dvar2": 1.02045702934,
        "max": 17.0309658051,
        "mean": 2.66583323479,
        "median": 2.20045638084,
        "min": -2.64395332336,
        "var": 3.9017636776
    },
    "melbands_spread": {
        "dmean": 4.36902141571,
        "dmean2": 6.68412256241,
        "dvar": 61.7769203186,
        "dvar2": 117.027435303,
        "max": 197.528152466,
        "mean": 19.815738678,
        "median": 14.8620414734,
        "min": 0.306877791882,
        "var": 351.751922607
    },
    "pitch_salience": {
        "dmean": 0.0568118132651,
        "dmean2": 0.0916574671865,
        "dvar": 0.00292635359801,
        "dvar2": 0.00751318968832,
        "max": 0.853227674961,
        "mean": 0.485873103142,
        "median": 0.484060287476,
        "min": 0.0708370059729,
        "var": 0.0180786065757
    },
    "silence_rate_20dB": {
        "dmean": 0,
        "dmean2": 0,
        "dvar": 0,
        "dvar2": 0,
        "max": 1,
        "mean": 1,
        "median": 1,
        "min": 1,
        "var": 0
    },
    "silence_rate_30dB": {
        "dmean": 0,
        "dmean2": 0,
        "dvar": 0,
        "dvar2": 0,
        "max": 1,
        "mean": 1,
        "median": 1,
        "min": 1,
        "var": 0
    },
    "silence_rate_60dB": {
        "dmean": 0.0152306351811,
        "dmean2": 0.0303557831794,
        "dvar": 0.0149961076677,
        "dvar2": 0.0346517860889,
        "max": 1,
        "mean": 0.090829975903,
        "median": 0,
        "min": 0,
        "var": 0.0825714617968
    },
    "spectral_centroid": {
        "dmean": 161.112945557,
        "dmean2": 243.877166748,
        "dvar": 51671.0546875,
        "dvar2": 92438.328125,
        "max": 11139.4658203,
        "mean": 1141.21582031,
        "median": 1030.66088867,
        "min": 111.427398682,
        "var": 475319.25
    },
    "spectral_complexity": {
        "dmean": 2.07223677635,
        "dmean2": 3.42606902122,
        "dvar": 4.32221698761,
        "dvar2": 10.5103521347,
        "max": 41,
        "mean": 14.9278802872,
        "median": 16,
        "min": 0,
        "var": 62.4436721802
    },
    "spectral_decrease": {
        "dmean": 1.20411114413e-09,
        "dmean2": 1.90513738119e-09,
        "dvar": 2.15992140099e-18,
        "dvar2": 5.49449221137e-18,
        "max": 1.14943266681e-28,
        "mean": -6.09553429953e-09,
        "median": -5.87395021512e-09,
        "min": -2.20728821887e-08,
        "var": 1.74123322196e-17
    },
    "spectral_energy": {
        "dmean": 0.00480194622651,
        "dmean2": 0.00756942620501,
        "dvar": 3.36591874657e-05,
        "dvar2": 8.57064878801e-05,
        "max": 0.0856483206153,
        "mean": 0.0247816685587,
        "median": 0.0239699166268,
        "min": 1.04081648473e-20,
        "var": 0.000286415946903
    },
    "spectral_energyband_high": {
        "dmean": 0.000199189191335,
        "dmean2": 0.000276418490103,
        "dvar": 6.91642242145e-07,
        "dvar2": 1.08412655209e-06,
        "max": 0.0342144593596,
        "mean": 0.000521750596818,
        "median": 0.000187317986274,
        "min": 7.73031059366e-21,
        "var": 1.99094438358e-06
    },
    "spectral_energyband_low": {
        "dmean": 0.00145142315887,
        "dmean2": 0.00236125499941,
        "dvar": 1.09268503365e-05,
        "dvar2": 2.92838176392e-05,
        "max": 0.0765477493405,
        "mean": 0.0061190710403,
        "median": 0.00184549484402,
        "min": 5.69132156661e-23,
        "var": 6.86026905896e-05
    },
    "spectral_energyband_middle_high": {
        "dmean": 0.00158422836103,
        "dmean2": 0.00235493201762,
        "dvar": 7.29035355107e-06,
        "dvar2": 1.54257122631e-05,
        "max": 0.053338252008,
        "mean": 0.00612562894821,
        "median": 0.00286875828169,
        "min": 1.37919200108e-21,
        "var": 5.7379817008e-05
    },
    "spectral_energyband_middle_low": {
        "dmean": 0.0038825084921,
        "dmean2": 0.00614144885913,
        "dvar": 2.55762461165e-05,
        "dvar2": 6.38463679934e-05,
        "max": 0.0831491351128,
        "mean": 0.0133190723136,
        "median": 0.00996249914169,
        "min": 1.83017118406e-22,
        "var": 0.000137248309329
    },
    "spectral_entropy": {
        "dmean": 0.137738525867,
        "dmean2": 0.207001373172,
        "dvar": 0.0193543620408,
        "dvar2": 0.0391540788114,
        "max": 9.81338691711,
        "mean": 7.06834554672,
        "median": 7.14039421082,
        "min": 4.57646846771,
        "var": 0.352807730436
    },
    "spectral_flux": {
        "dmean": 0.0160457845777,
        "dmean2": 0.0263714678586,
        "dvar": 0.000302887056023,
        "dvar2": 0.000762563780881,
        "max": 0.266306579113,
        "mean": 0.061869930476,
        "median": 0.0576784200966,
        "min": 1.02020412951e-10,
        "var": 0.00125161593314
    },
    "spectral_kurtosis": {
        "dmean": 2.79680967331,
        "dmean2": 4.79791927338,
        "dvar": 18.1166591644,
        "dvar2": 52.1453323364,
        "max": 88.4494400024,
        "mean": 6.2693977356,
        "median": 4.13809537888,
        "min": -1.20931601524,
        "var": 51.8480072021
    },
    "spectral_rms": {
        "dmean": 0.000470479833893,
        "dmean2": 0.0007336626295,
        "dvar": 2.43818277568e-07,
        "dvar2": 5.86115845636e-07,
        "max": 0.00914108008146,
        "mean": 0.00452848756686,
        "median": 0.00483583332971,
        "min": 3.18658250828e-12,
        "var": 3.67001098311e-06
    },
    "spectral_rolloff": {
        "dmean": 297.056304932,
        "dmean2": 503.268096924,
        "dvar": 547828.75,
        "dvar2": 1172654.875,
        "max": 19272.2167969,
        "mean": 1233.58789062,
        "median": 882.861328125,
        "min": 86.1328125,
        "var": 1504891.375
    },
    "spectral_skewness": {
        "dmean": 0.284051686525,
        "dmean2": 0.471930503845,
        "dvar": 0.0988528728485,
        "dvar2": 0.278467923403,
        "max": 7.21398925781,
        "mean": 1.74499976635,
        "median": 1.56579244137,
        "min": -0.22878561914,
        "var": 0.56999874115
    },
    "spectral_spread": {
        "dmean": 373581.96875,
        "dmean2": 560381.875,
        "dvar": 364176965632,
        "dvar2": 555759566848,
        "max": 41551236,
        "mean": 3721239.5,
        "median": 3467224.25,
        "min": 958322.5625,
        "var": 1.9756342313e+12
    },
    "spectral_strongpeak": {
        "dmean": 0.555091619492,
        "dmean2": 0.942915976048,
        "dvar": 1.159719944,
        "dvar2": 2.91353487968,
        "max": 15.6308050156,
        "mean": 1.42832446098,
        "median": 0.68046271801,
        "min": 0,
        "var": 3.13154888153
    },
    "zerocrossingrate": {
        "dmean": 0.00640210462734,
        "dmean2": 0.00765795633197,
        "dvar": 0.000113555499411,
        "dvar2": 0.000118897187349,
        "max": 0.5048828125,
        "mean": 0.0487118028104,
        "median": 0.0458984375,
        "min": 0.00244140625,
        "var": 0.00103582558222
    },
    "barkbands": {
        "dmean": [5.48477510165e-05, 0.000970509601757, 0.000571111799218, 0.000503888586536, 0.00144708773587, 0.000948238535784, 0.000375590258045, 0.000595585792325, 0.00108197226655, 0.00104902067687, 0.000401027966291, 0.000264128408162, 0.000201720293262, 0.000382089725463, 0.000264551053988, 0.000193336090888, 0.000195999324205, 0.000101063000329, 0.000151482818183, 0.000145874582813, 2.80233980448e-05, 5.33757374797e-05, 7.50019898987e-05, 4.83929106849e-05, 2.25103940465e-05, 4.47038519269e-06, 3.22018256504e-09],
        "dmean2": [9.02692045202e-05, 0.00160050753038, 0.000924565538298, 0.000827290816233, 0.00230218167417, 0.0015075141564, 0.00059492920991, 0.000915830023587, 0.00166051811539, 0.00161734572612, 0.000628482492175, 0.000404195918236, 0.000320990307955, 0.000599946768489, 0.000412693800172, 0.0002998203272, 0.000304787274217, 0.00016231063637, 0.000231212747167, 0.000224171046284, 4.17702140112e-05, 7.9600547906e-05, 0.000108415842988, 7.22587283235e-05, 3.34810792992e-05, 6.88483441991e-06, 5.5769833196e-09],
        "dvar": [1.46528890355e-07, 6.23353844276e-06, 1.76830826604e-06, 1.50874404881e-06, 8.1426669567e-06, 4.1390358092e-06, 1.28163992485e-06, 2.60351498582e-06, 6.77838306729e-06, 9.45367264649e-06, 1.30096657358e-06, 8.04628257356e-07, 4.19546154262e-07, 1.23212839753e-06, 1.06441098069e-06, 3.59612954526e-07, 1.98562233322e-07, 4.82008459812e-08, 1.28917704956e-07, 1.25854157318e-07, 1.40603351184e-08, 2.99483140509e-08, 9.44996401131e-08, 9.2230862947e-08, 1.78259060846e-08, 8.0052459106e-10, 1.66012454316e-15],
        "dvar2": [3.10863327968e-07, 1.72068885149e-05, 4.37832431999e-06, 3.9477304199e-06, 2.07851571759e-05, 1.0400892279e-05, 3.29129966303e-06, 5.65486789128e-06, 1.60336421686e-05, 2.19621051656e-05, 3.03442789118e-06, 1.73143007487e-06, 9.61007913247e-07, 3.00011288346e-06, 2.29133593166e-06, 7.67092558362e-07, 4.36084974353e-07, 1.13413257452e-07, 2.80058003455e-07, 2.76226074902e-07, 2.34644481623e-08, 5.6510220503e-08, 1.66232410947e-07, 1.86853284845e-07, 3.56079290498e-08, 1.45368139748e-09, 4.22720559118e-15],
        "max": [0.0127810267732, 0.0586658343673, 0.0380879864097, 0.0392999351025, 0.0794381275773, 0.0461733341217, 0.0313536562026, 0.0373470857739, 0.0787533894181, 0.0664555430412, 0.0334397517145, 0.0282593574375, 0.0207766126841, 0.0247084014118, 0.0466335788369, 0.0163987856358, 0.00863790139556, 0.00473317923024, 0.0101882284507, 0.00753127736971, 0.00482917390764, 0.00666692852974, 0.0119481645525, 0.0126988189295, 0.00910544674844, 0.00189009972382, 2.63728225036e-06],
        "mean": [5.89463088545e-05, 0.00405728397891, 0.00166627764702, 0.000911097275093, 0.00370262772776, 0.00228231260553, 0.000720935524441, 0.00126039830502, 0.00234039197676, 0.00257907551713, 0.000790366728324, 0.000465963879833, 0.000363810599083, 0.000765797274653, 0.000529140466824, 0.000421531614847, 0.000429729756434, 0.000232960184803, 0.000367730710423, 0.000365456275176, 5.37442028872e-05, 0.000126397993881, 0.000165951772942, 8.15738385427e-05, 3.61453276128e-05, 5.97416510573e-06, 2.39835529214e-09],
        "median": [3.24291841025e-06, 0.000360138015822, 0.000300839019474, 0.000262248009676, 0.00116431643255, 0.000955744413659, 0.000263968773652, 0.000291600736091, 0.000587502436247, 0.000235937448451, 0.000200909242267, 0.000111648601887, 0.000118796764582, 9.8868207715e-05, 0.000116296207125, 0.000118260155432, 0.000136537026265, 7.33682973078e-05, 8.50917131174e-05, 4.78323745483e-05, 1.5058039935e-05, 3.12293341267e-05, 4.86101162096e-05, 1.03428928924e-05, 3.901879154e-06, 6.42017781161e-08, 3.29641702823e-10],
        "min": [1.67389164618e-24, 1.65853429929e-23, 2.06139846384e-23, 2.50340022671e-23, 2.83208606485e-23, 1.57080854901e-23, 2.07070512926e-23, 2.11429395412e-23, 6.14271408746e-23, 8.97179017464e-23, 3.25783618866e-23, 1.47902218455e-22, 3.96983806034e-23, 9.61632171973e-23, 1.27677225862e-22, 1.55769105434e-22, 1.32899219998e-22, 2.24154132021e-22, 2.1327974124e-22, 3.27202640795e-22, 4.4609975643e-22, 4.55037133967e-22, 7.86361591925e-22, 7.21539843736e-22, 1.07088758981e-21, 1.91262090639e-21, 2.27711190408e-21],
        "var": [1.65604518543e-07, 4.46792109869e-05, 1.29321970235e-05, 3.08111930281e-06, 4.89002050017e-05, 1.61826665135e-05, 2.26161864703e-06, 9.56173789746e-06, 2.632151336e-05, 5.07068289153e-05, 3.99082227887e-06, 1.88307990356e-06, 1.00577699413e-06, 3.76972957383e-06, 3.22076107295e-06, 1.60872991728e-06, 6.66390576498e-07, 1.76848772071e-07, 6.00896271408e-07, 5.63460048397e-07, 3.65215271358e-08, 9.22621623545e-08, 2.44873234578e-07, 1.60448863085e-07, 2.75729803434e-08, 1.23391885598e-09, 1.19820740735e-15]
    },
    "erbbands": {
        "dmean": [0.0240349899977, 0.23955117166, 0.625277459621, 1.10969102383, 3.81848144531, 4.99049425125, 5.43921756744, 9.08992767334, 5.95355129242, 6.37417936325, 15.077747345, 25.6316795349, 40.4010772705, 11.3990116119, 16.8565711975, 10.1834487915, 9.0728225708, 19.3288784027, 12.7668151855, 12.5661344528, 8.47903251648, 9.86117744446, 5.60055065155, 4.625685215, 8.99896144867, 6.01425981522, 1.336602211, 1.18078672886, 1.79492783546, 2.20957136154, 2.20487785339, 1.2379142046, 0.723949968815, 0.351922482252, 0.108022555709, 0.0315779261291, 0.00674272095785, 0.000174266198883, 7.94963671069e-06, 5.99829991188e-06],
        "dmean2": [0.0400016196072, 0.397789210081, 1.0147536993, 1.81141495705, 6.22718858719, 7.79356145859, 8.49108505249, 14.4277420044, 9.44959640503, 10.0028562546, 23.0009174347, 39.8021965027, 63.1882820129, 17.6307945251, 25.9183521271, 15.7019081116, 14.3833999634, 30.4395847321, 19.7180480957, 19.694229126, 13.2098875046, 15.2136516571, 8.98202228546, 7.24346065521, 13.4714279175, 9.09289264679, 1.97591376305, 1.75104498863, 2.71279168129, 3.16483187675, 3.19773745537, 1.84239947796, 1.07209539413, 0.532778024673, 0.160071864724, 0.047435618937, 0.0103942668065, 0.000269131414825, 1.16472901937e-05, 9.26987922867e-06],
        "dvar": [0.00469936197624, 0.372448444366, 2.2131960392, 6.31886577606, 63.263584137, 129.144714355, 209.985656738, 378.938140869, 354.120666504, 320.224151611, 1713.91845703, 4110.90625, 14367.1191406, 649.411987305, 2376.4609375, 1248.93713379, 837.410766602, 3264.58105469, 1431.01660156, 2720.95092773, 460.723358154, 580.837036133, 121.101013184, 157.981445312, 427.40612793, 224.412414551, 32.568069458, 21.4692840576, 33.6537971497, 51.2518882751, 89.5252838135, 55.0996513367, 21.2524108887, 3.96788764, 0.494517505169, 0.0401203893125, 0.00158569007181, 1.55451937189e-06, 1.59325252991e-09, 7.00911273466e-11],
        "dvar2": [0.0121233062819, 1.03384292126, 5.6101899147, 17.2248134613, 167.809814453, 301.718688965, 523.270751953, 930.95123291, 940.885864258, 718.116760254, 3765.12597656, 10033.5830078, 34820.2148438, 1423.22216797, 5432.19873047, 2813.68603516, 1984.89526367, 8137.44824219, 3060.64379883, 6367.62939453, 975.441711426, 1268.33752441, 292.980010986, 358.573974609, 890.973388672, 468.707855225, 55.8532600403, 39.5272521973, 67.2019195557, 80.7975311279, 165.763214111, 113.514610291, 43.3368988037, 7.95563745499, 0.970854103565, 0.0706432014704, 0.00314448680729, 3.04585205413e-06, 2.85049761573e-09, 1.55424478843e-10],
        "max": [1.71511983871, 15.2507505417, 40.3934822083, 83.1260757446, 191.960494995, 348.672698975, 472.745269775, 520.195739746, 623.58404541, 639.817321777, 1020.28308105, 2316.65771484, 2587.47753906, 959.970825195, 1465.44042969, 1393.12634277, 1117.66931152, 934.521972656, 1440.06750488, 2028.22399902, 877.711364746, 608.12097168, 237.075805664, 506.801483154, 624.45501709, 329.017272949, 220.908050537, 178.068115234, 214.580612183, 349.183990479, 352.924835205, 316.904022217, 209.902481079, 120.661621094, 51.6885948181, 13.5111589432, 2.40611934662, 0.0888571888208, 0.00304909120314, 0.000426007609349],
        "mean": [0.0850264579058, 1.02298820019, 2.11251091957, 2.44718980789, 9.3823261261, 11.7205371857, 12.6921625137, 21.0539169312, 12.3950176239, 14.3277578354, 33.3969497681, 58.0124130249, 106.063087463, 26.2672233582, 35.0927848816, 20.0362110138, 18.2778072357, 40.0852127075, 28.0740337372, 28.8702106476, 22.717086792, 23.3270397186, 14.4736843109, 12.2779865265, 24.1633968353, 16.8401279449, 2.92884731293, 2.35926127434, 4.12449741364, 5.16235351562, 4.74712181091, 2.2592318058, 1.14710319042, 0.570096313953, 0.164551451802, 0.0442522913218, 0.00898841489106, 0.000246998446528, 2.41278230533e-05, 3.10251343763e-05],
        "median": [0.00402324041352, 0.108712948859, 0.559423446655, 1.2684623003, 2.14457988739, 3.7391140461, 4.7695350647, 8.38032150269, 5.46229362488, 4.65834283829, 8.9378862381, 18.3154907227, 9.42512226105, 9.03532314301, 9.29291915894, 5.96194553375, 7.18066120148, 5.94240617752, 8.10600566864, 5.9311375618, 8.44823932648, 8.0093421936, 5.09677267075, 3.97825908661, 4.71403121948, 2.37629342079, 0.793142914772, 0.754275143147, 1.00385987759, 1.54361701012, 1.2977616787, 0.409325122833, 0.122609272599, 0.0582139790058, 0.0150064220652, 0.00180657720193, 0.000177523790626, 1.63634140335e-05, 1.59299888765e-05, 2.9463075407e-05],
        "min": [5.93019735773e-22, 3.10524086629e-21, 1.81050109769e-20, 7.53613236824e-20, 8.80462676229e-20, 8.40452531611e-20, 1.37194069672e-19, 8.50298242722e-20, 2.2531756236e-19, 3.70565385594e-19, 5.38518618709e-19, 1.87635954431e-18, 1.91331756049e-18, 2.39750442333e-18, 2.34991734307e-18, 5.92238943352e-18, 2.74882994976e-18, 4.26913001299e-18, 4.57414996874e-18, 7.84442175536e-18, 1.06565306084e-17, 7.94424425732e-18, 1.27192981989e-17, 1.02865476096e-17, 9.86876184331e-18, 1.39096292983e-17, 1.74342128012e-17, 1.71670566244e-17, 1.51978208273e-17, 1.98503560852e-17, 2.14815909948e-17, 1.67195816915e-17, 1.14239540391e-17, 1.13966248189e-17, 8.54732923422e-18, 7.19991570928e-18, 3.23883768257e-18, 1.33314424578e-18, 2.8746713145e-19, 3.7393785265e-20],
        "var": [0.0205392129719, 2.90248155594, 15.8788738251, 12.4361362457, 327.348846436, 717.973876953, 750.339599609, 1413.81018066, 562.094116211, 1279.48498535, 6038.30126953, 15534.6582031, 81479.9375, 2278.69995117, 7642.32958984, 2754.49243164, 2112.15283203, 9413.67675781, 5516.10449219, 10721.7705078, 2889.83325195, 1904.78076172, 530.360961914, 854.035705566, 1990.94091797, 1198.57641602, 92.4991455078, 51.283164978, 100.988334656, 177.722381592, 213.262466431, 100.211410522, 34.6550064087, 6.41676092148, 0.754457712173, 0.0644807890058, 0.00234181946144, 2.14779174712e-06, 2.80408918307e-09, 4.89627616229e-10]
    },
    "gfcc": {
        "mean": [-55.8933944702, 119.497756958, -145.292358398, 29.9246883392, -76.2088088989, 7.12378835678, -38.2218742371, -1.91868448257, -14.3393716812, -17.3105163574, -7.83242321014, -11.3628330231, -4.8892121315],
        "cov": [[10106.9941406, -1864.12011719, -208.852584839, 1353.42456055, 355.324371338, 1201.08996582, -266.721252441, 1129.79882812, -12.1211214066, 356.125427246, 107.827354431, 358.139587402, -200.696578979], [-1864.12011719, 1839.9440918, 356.529937744, 73.1706848145, 553.526855469, -314.173553467, 393.010559082, -378.223388672, 231.642181396, -116.067573547, 221.491836548, -64.6039962769, 131.05380249], [-208.852584839, 356.529937744, 1672.9510498, 451.445281982, 351.485931396, 163.949157715, -120.173370361, 129.52494812, -254.715866089, 188.402206421, -118.911552429, 184.655822754, -46.717010498], [1353.42456055, 73.1706848145, 451.445281982, 769.504699707, 401.955963135, 302.604980469, 65.4053726196, 195.331665039, 85.8147201538, 131.423934937, 76.0894012451, 66.1259536743, 41.1448020935], [355.324371338, 553.526855469, 351.485931396, 401.955963135, 687.189208984, 156.390853882, 228.714508057, 105.045791626, 95.8194656372, 199.404541016, 62.5268173218, 91.5049819946, 57.1715698242], [1201.08996582, -314.173553467, 163.949157715, 302.604980469, 156.390853882, 433.285949707, 76.0787734985, 255.382507324, 14.7593727112, 138.716064453, 14.7914171219, 43.0280914307, -0.0509900376201], [-266.721252441, 393.010559082, -120.173370361, 65.4053726196, 228.714508057, 76.0787734985, 439.144042969, 26.0940952301, 139.082061768, 23.146692276, 100.806137085, -7.17670249939, 28.3770866394], [1129.79882812, -378.223388672, 129.52494812, 195.331665039, 105.045791626, 255.382507324, 26.0940952301, 374.313110352, -1.18133044243, 181.151046753, 9.28730869293, 73.1249465942, -21.5886478424], [-12.1211214066, 231.642181396, -254.715866089, 85.8147201538, 95.8194656372, 14.7593727112, 139.082061768, -1.18133044243, 305.248931885, 20.5269088745, 122.293571472, -34.7559547424, 59.0023918152], [356.125427246, -116.067573547, 188.402206421, 131.423934937, 199.404541016, 138.716064453, 23.146692276, 181.151046753, 20.5269088745, 292.557983398, 27.0631561279, 86.1500930786, 14.0599594116], [107.827354431, 221.491836548, -118.911552429, 76.0894012451, 62.5268173218, 14.7914171219, 100.806137085, 9.28730869293, 122.293571472, 27.0631561279, 213.907608032, 18.5040245056, 68.7469177246], [358.139587402, -64.6039962769, 184.655822754, 66.1259536743, 91.5049819946, 43.0280914307, -7.17670249939, 73.1249465942, -34.7559547424, 86.1500930786, 18.5040245056, 198.443603516, 12.4835004807], [-200.696578979, 131.05380249, -46.717010498, 41.1448020935, 57.1715698242, -0.0509900376201, 28.3770866394, -21.5886478424, 59.0023918152, 14.0599594116, 68.7469177246, 12.4835004807, 165.239929199]],
        "icov": [[0.000331005925545, -0.000150307678268, 0.00045040436089, -0.000544770096894, 1.76526336872e-05, -0.000560194253922, 0.000539814529475, -0.000647900393233, 0.000264386209892, 0.000241725865635, -6.95342896506e-05, -0.00059966975823, 0.000559857871849], [-0.000150307678268, 0.00438280915841, -0.00233344966546, 0.00174845941365, -0.00397000694647, 0.00270460359752, -0.00203084247187, 0.00256310799159, -0.00194823439233, 0.0024131052196, -0.00369626493193, 0.00252288416959, -0.000858111248817], [0.00045040436089, -0.00233344966546, 0.00273192953318, -0.00210935948417, 0.00169975182507, -0.00187817914411, 0.00175760488492, -0.00175383361056, 0.00214976724237, -0.00130043481477, 0.00208681984805, -0.00240950519219, 0.00123254850041], [-0.000544770096894, 0.00174845941365, -0.00210935948417, 0.00452780816704, -0.00290992273949, 0.000244334194576, -0.000607005611528, 0.00127593858633, -0.00200099521317, 0.00160181627143, -0.00210524210706, 0.00202865130268, -0.00119353760965], [1.76526336872e-05, -0.00397000694647, 0.00169975182507, -0.00290992273949, 0.00712092174217, -0.00184458284639, -7.60932889534e-05, -0.0014246966457, 0.00144997099414, -0.00419218465686, 0.00413587829098, -0.00261278194375, 5.34647224413e-05], [-0.000560194253922, 0.00270460359752, -0.00187817914411, 0.000244334194576, -0.00184458284639, 0.00724266376346, -0.00281404191628, -7.06073697074e-05, -0.00104361574631, 0.000457893096609, -0.00146914960351, 0.00261544203386, -0.00155549065676], [0.000539814529475, -0.00203084247187, 0.00175760488492, -0.000607005611528, -7.60932889534e-05, -0.00281404191628, 0.00535491341725, -0.00215822109021, 0.000297704915283, 0.00034478129237, 0.000213299572351, -0.00165492168162, 0.00163890968543], [-0.000647900393233, 0.00256310799159, -0.00175383361056, 0.00127593858633, -0.0014246966457, -7.06073697074e-05, -0.00215822109021, 0.00834908988327, -0.0012619770132, -0.00179827108514, -0.00170565966982, 0.00147688121069, -0.000477275258163], [0.000264386209892, -0.00194823439233, 0.00214976724237, -0.00200099521317, 0.00144997099414, -0.00104361574631, 0.000297704915283, -0.0012619770132, 0.00670913653448, -0.00161515653599, -0.000281812797766, -0.000518624379765, 0.000152538355906], [0.000241725865635, 0.0024131052196, -0.00130043481477, 0.00160181627143, -0.00419218465686, 0.000457893096609, 0.00034478129237, -0.00179827108514, -0.00161515653599, 0.00833925977349, -0.00287640793249, -9.03734035091e-05, -0.000159647315741], [-6.95342896506e-05, -0.00369626493193, 0.00208681984805, -0.00210524210706, 0.00413587829098, -0.00146914960351, 0.000213299572351, -0.00170565966982, -0.000281812797766, -0.00287640793249, 0.0105980392545, -0.00296056922525, -0.00156981230248], [-0.00059966975823, 0.00252288416959, -0.00240950519219, 0.00202865130268, -0.00261278194375, 0.00261544203386, -0.00165492168162, 0.00147688121069, -0.000518624379765, -9.03734035091e-05, -0.00296056922525, 0.00887894351035, -0.00177984952461], [0.000559857871849, -0.000858111248817, 0.00123254850041, -0.00119353760965, 5.34647224413e-05, -0.00155549065676, 0.00163890968543, -0.000477275258163, 0.000152538355906, -0.000159647315741, -0.00156981230248, -0.00177984952461, 0.0084419362247]]
    },
    "melbands": {
        "dmean": [0.000242535112193, 0.000314800592605, 0.000255262741121, 0.000336274504662, 0.000189036902157, 0.000192833598703, 8.82156164153e-05, 7.92563369032e-05, 0.000133787325467, 0.000169802966411, 0.000200993163162, 4.50943371106e-05, 5.49191754544e-05, 3.60084341082e-05, 2.13363964576e-05, 2.14242627408e-05, 4.20549949922e-05, 2.22149374167e-05, 1.78128539119e-05, 1.78640457307e-05, 1.07715313789e-05, 1.24220268845e-05, 8.23700247565e-06, 3.28828014062e-06, 4.11696464653e-06, 6.5091749093e-06, 7.83330597187e-06, 3.36501443599e-06, 9.30760279516e-07, 7.04326339473e-07, 7.58639600917e-07, 1.02808996871e-06, 1.19873880067e-06, 1.3577395066e-06, 1.44097498378e-06, 1.05042806808e-06, 7.21747028365e-07, 5.52005360532e-07, 4.36837297002e-07, 2.75239671055e-07],
        "dmean2": [0.000398454372771, 0.000514867715538, 0.000415666989284, 0.000539430649951, 0.000295206787996, 0.000306661240757, 0.000139780691825, 0.000123979305499, 0.000203162824619, 0.000263249705313, 0.000313443713821, 6.88757718308e-05, 8.53049350553e-05, 5.43844580534e-05, 3.40742190019e-05, 3.34181022481e-05, 6.64748222334e-05, 3.39194593835e-05, 2.76244900306e-05, 2.78151674138e-05, 1.67891412275e-05, 1.91307190107e-05, 1.29878571897e-05, 5.29617682332e-06, 6.51885284242e-06, 9.85985934676e-06, 1.17120680443e-05, 5.10934978593e-06, 1.38610153044e-06, 1.08471397198e-06, 1.15618843211e-06, 1.58045793341e-06, 1.79359312824e-06, 1.98184147848e-06, 2.12012514567e-06, 1.57247779953e-06, 1.11277120141e-06, 8.27937697068e-07, 6.66350445044e-07, 4.24072055694e-07],
        "dvar": [4.0465732809e-07, 5.59834802516e-07, 2.48942455983e-07, 5.33981562967e-07, 1.96382814011e-07, 1.71452242625e-07, 7.54924514013e-08, 4.89006914961e-08, 1.33543892389e-07, 1.7889064452e-07, 3.5471737192e-07, 1.06347437523e-08, 2.5938522441e-08, 1.26583863391e-08, 4.58312277019e-09, 4.47056525132e-09, 1.63136242293e-08, 4.33278080081e-09, 7.35742267111e-09, 3.93055765713e-09, 8.29722346385e-10, 9.57820711633e-10, 3.34970051696e-10, 3.87223274279e-11, 1.47379122795e-10, 2.60816424014e-10, 3.53772316997e-10, 8.37288294253e-11, 1.84790360097e-11, 9.0648070647e-12, 8.60699705951e-12, 1.13293142229e-11, 1.39420575779e-11, 2.00226484698e-11, 3.46606181256e-11, 3.42569132783e-11, 2.08817789449e-11, 1.32792865246e-11, 6.12307687192e-12, 2.74692139694e-12],
        "dvar2": [1.08463746074e-06, 1.48521223764e-06, 6.51420236863e-07, 1.37347365126e-06, 4.88464024784e-07, 4.27551043458e-07, 1.99744604856e-07, 1.09084794531e-07, 2.97606163713e-07, 4.46681752919e-07, 8.53864435157e-07, 2.29131220664e-08, 5.91303468411e-08, 2.63223203234e-08, 1.12531743923e-08, 9.75281011506e-09, 4.12747880318e-08, 9.08385011655e-09, 1.50658330256e-08, 8.72192540413e-09, 1.74470671244e-09, 2.095053242e-09, 7.39447392206e-10, 9.26356699682e-11, 3.33780530992e-10, 5.48594947247e-10, 7.45555506221e-10, 1.69006406092e-10, 3.22892060312e-11, 1.71172954283e-11, 1.76298507043e-11, 2.43121633936e-11, 2.57689095756e-11, 3.36704657211e-11, 6.7552519134e-11, 6.72345026875e-11, 4.60656408852e-11, 2.82751478481e-11, 1.21703497974e-11, 5.9947186104e-12],
        "max": [0.0153619544581, 0.0168865863234, 0.0136539693922, 0.0226539410651, 0.0132991811261, 0.0102689731866, 0.00863010715693, 0.00811738613993, 0.00947551429272, 0.0148506211117, 0.012798525393, 0.00401349086314, 0.0054794610478, 0.00319616124034, 0.00247133499943, 0.00256418669596, 0.002133770613, 0.00246833520941, 0.00520844571292, 0.00170847435948, 0.00137389230076, 0.000742547912523, 0.000486430479214, 0.000162426847965, 0.000535091734491, 0.000518821179867, 0.000432857283158, 0.000275490427157, 0.000203969466384, 0.000117083480291, 9.13364128792e-05, 0.000115594280942, 0.000159548653755, 0.000223913128139, 0.000228921271628, 0.000308451795718, 0.000181330178748, 0.000159240647918, 0.000100053774077, 0.000117521522043],
        "mean": [0.000992946908809, 0.00123569741845, 0.000595175428316, 0.000875085766893, 0.00043878791621, 0.000450933061074, 0.000178402420715, 0.000173718581209, 0.000290231604595, 0.000376606796635, 0.000517238222528, 9.04357584659e-05, 0.000111144930997, 6.92817920935e-05, 3.7580888602e-05, 3.79464836442e-05, 8.33626181702e-05, 4.47515449196e-05, 3.459434447e-05, 3.83097103622e-05, 2.47416610364e-05, 2.63880119746e-05, 1.87168861885e-05, 7.66484663473e-06, 9.45599913393e-06, 1.55622929014e-05, 2.03392864933e-05, 8.23033042252e-06, 1.6424299929e-06, 1.24671896629e-06, 1.37502274811e-06, 2.18464015234e-06, 2.74163903669e-06, 2.93258744932e-06, 2.95375957649e-06, 1.992308853e-06, 1.14888325697e-06, 8.07292622085e-07, 6.66058213028e-07, 4.20032961301e-07],
        "median": [6.83171383571e-05, 0.000333249598043, 0.000305902009131, 0.000227200434892, 0.00017957748787, 0.000188798279851, 7.44819262763e-05, 4.90974234708e-05, 6.97678333381e-05, 0.000103682054032, 3.70391353499e-05, 3.11345793307e-05, 2.70992240985e-05, 1.7469514205e-05, 1.22689889395e-05, 1.19193864521e-05, 9.18887326407e-06, 1.21971934277e-05, 7.37946766094e-06, 8.31039051263e-06, 8.71198426466e-06, 7.68805330154e-06, 5.3740623116e-06, 3.19030073115e-06, 2.65220910478e-06, 3.30136458615e-06, 2.63796869149e-06, 1.03590889466e-06, 3.90132271377e-07, 3.22170592426e-07, 3.95672685727e-07, 4.90758850447e-07, 6.45755335427e-07, 8.92281036613e-07, 8.03779926173e-07, 4.10798008943e-07, 1.31603755449e-07, 6.14887909478e-08, 5.02183823414e-08, 3.38669714495e-08],
        "min": [4.20878276635e-24, 7.9675361635e-24, 1.23408540154e-23, 6.6424178701e-24, 4.37057182713e-24, 2.11048612253e-24, 3.81646724983e-24, 4.37877716383e-24, 4.80574260676e-24, 1.09583626573e-23, 9.6725225372e-24, 1.06378547824e-23, 5.56910713309e-24, 1.46710915426e-23, 1.07172023565e-23, 5.27828133304e-24, 8.20439638346e-24, 6.78159107758e-24, 1.04563773311e-23, 7.70623229953e-24, 1.49129673402e-23, 6.71811696257e-24, 1.26260161886e-23, 9.42701009083e-24, 8.14622025828e-24, 7.98345143226e-24, 7.28398030052e-24, 9.72348058509e-24, 1.1078484085e-23, 1.27150706962e-23, 8.22626755205e-24, 7.36351010154e-24, 1.08817066765e-23, 1.16211927777e-23, 1.36963513423e-23, 1.0921318538e-23, 1.03845901999e-23, 7.80894041167e-24, 8.25717512232e-24, 9.98078176883e-24],
        "var": [2.68058693109e-06, 3.68500218428e-06, 6.87849933456e-07, 3.59526416105e-06, 6.90767024025e-07, 6.23138816991e-07, 1.22241033296e-07, 2.02159782248e-07, 4.62318041627e-07, 6.83178257077e-07, 2.00008548745e-06, 3.26376117243e-08, 8.26040604807e-08, 3.3251843945e-08, 8.65857430199e-09, 1.09298676776e-08, 4.70962184806e-08, 1.70531322397e-08, 1.8103607502e-08, 1.57188821959e-08, 3.87372001143e-09, 3.00799873898e-09, 1.23782695205e-09, 1.37361816366e-10, 7.1782718658e-10, 1.11298403827e-09, 1.56280366426e-09, 3.67266134171e-10, 5.12606311565e-11, 1.98553829628e-11, 1.8542702096e-11, 3.29196357673e-11, 4.33644266329e-11, 6.42043015975e-11, 8.08915712192e-11, 6.20020562669e-11, 3.36998866313e-11, 1.99080509022e-11, 1.02325734691e-11, 3.7600309151e-12]
    },
    "mfcc": {
        "mean": [-684.83190918, 133.17225647, -9.13823604584, 12.8326358795, -8.60594844818, -2.28218770027, -13.7897052765, 7.55233430862, -11.4481182098, 3.66601800919, -7.04749631882, -10.4451904297, -0.779860496521],
        "cov": [[9871.61425781, -1762.68554688, -780.842468262, 491.799438477, 539.182739258, 417.987365723, 158.68536377, 952.60333252, 11.6068668365, 667.461425781, 367.070251465, -97.3762359619, 545.66784668], [-1762.68554688, 1554.61486816, 155.831298828, 331.331115723, 152.53565979, 133.796066284, 142.754760742, -73.7268676758, -1.98772537708, -86.721244812, -17.7620830536, 89.301322937, 17.3861808777], [-780.842468262, 155.831298828, 1097.17211914, 257.941955566, 325.033691406, 52.9782180786, 147.810073853, -47.5595588684, 23.4760017395, -89.2446517944, -23.8346138, 6.61295366287, 55.1784515381], [491.799438477, 331.331115723, 257.941955566, 623.048095703, 367.660308838, 255.028015137, 188.003677368, 121.762771606, 97.2192993164, 69.1145477295, 60.8288803101, 58.5067672729, 135.773178101], [539.182739258, 152.53565979, 325.033691406, 367.660308838, 562.006591797, 178.564849854, 185.257141113, 31.5565261841, 158.273727417, 60.2383384705, 101.515365601, 52.7789039612, 170.46975708], [417.987365723, 133.796066284, 52.9782180786, 255.028015137, 178.564849854, 331.004577637, 157.531661987, 122.57144928, 107.053031921, 107.627540588, 49.0000610352, 92.0793685913, 22.3921012878], [158.68536377, 142.754760742, 147.810073853, 188.003677368, 185.257141113, 157.531661987, 365.939331055, 91.2934646606, 131.517562866, 90.0585861206, 71.2560424805, 100.748161316, 36.3242225647], [952.60333252, -73.7268676758, -47.5595588684, 121.762771606, 31.5565261841, 122.57144928, 91.2934646606, 313.933380127, 13.9791784286, 131.388412476, 55.3556098938, 7.90979862213, 61.7613945007], [11.6068668365, -1.98772537708, 23.4760017395, 97.2192993164, 158.273727417, 107.053031921, 131.517562866, 13.9791784286, 250.527633667, 70.8679428101, 78.0754089355, 80.718536377, 15.9933080673], [667.461425781, -86.721244812, -89.2446517944, 69.1145477295, 60.2383384705, 107.627540588, 90.0585861206, 131.388412476, 70.8679428101, 265.461181641, 101.57585144, 71.385887146, 21.1672992706], [367.070251465, -17.7620830536, -23.8346138, 60.8288803101, 101.515365601, 49.0000610352, 71.2560424805, 55.3556098938, 78.0754089355, 101.57585144, 192.941665649, 54.9230384827, 81.7924118042], [-97.3762359619, 89.301322937, 6.61295366287, 58.5067672729, 52.7789039612, 92.0793685913, 100.748161316, 7.90979862213, 80.718536377, 71.385887146, 54.9230384827, 203.286834717, 12.4648790359], [545.66784668, 17.3861808777, 55.1784515381, 135.773178101, 170.46975708, 22.3921012878, 36.3242225647, 61.7613945007, 15.9933080673, 21.1672992706, 81.7924118042, 12.4648790359, 237.661880493]],
