{
"lowlevel": {
    "average_loudness": 0.854820430279,
    "barkbands_crest": {
        "dmean": 2.28218388557,
        "dmean2": 3.59038376808,
        "dvar": 4.75052976608,
        "dvar2": 11.7373342514,
        "max": 26.1105651855,
        "mean": 12.5710754395,
        "median": 11.6907100677,
        "min": 2.74292421341,
        "var": 25.6985721588
    },
    "barkbands_flatness_db": {
        "dmean": 0.0206398181617,
        "dmean2": 0.0311935469508,
        "dvar": 0.000351077585947,
        "dvar2": 0.000803136324976,
        "max": 0.452000498772,
        "mean": 0.203047171235,
        "median": 0.195494532585,
        "min": 0.0415517762303,
        "var": 0.00381148420274
    },
    "barkbands_kurtosis": {
        "dmean": 3.37013912201,
        "dmean2": 5.26870584488,
        "dvar": 56.9772338867,
        "dvar2": 127.925231934,
        "max": 392.9921875,
        "mean": 7.00694990158,
        "median": 2.29203820229,
        "min": -1.96755921841,
        "var": 257.637115479
    },
    "barkbands_skewness": {
        "dmean": 0.540024280548,
        "dmean2": 0.796313643456,
        "dvar": 0.356645107269,
        "dvar2": 0.763037860394,
        "max": 16.5034656525,
        "mean": 1.63423359394,
        "median": 1.38198804855,
        "min": -1.99865627289,
        "var": 2.87406754494
    },
    "barkbands_spread": {
        "dmean": 4.0714635849,
        "dmean2": 6.04128313065,
        "dvar": 37.508972168,
        "dvar2": 67.4421081543,
        "max": 119.292831421,
        "mean": 16.5222473145,
        "median": 14.4814109802,
        "min": 0.350295454264,
        "var": 160.904067993
    },
    "dissonance": {
        "dmean": 0.0268046353012,
        "dmean2": 0.0454575419426,
        "dvar": 0.000642100756522,
        "dvar2": 0.0017767266836,
        "max": 0.499999970198,
        "mean": 0.446408361197,
        "median": 0.455587118864,
        "min": 0.198037356138,
        "var": 0.00147299305536
    },
    "dynamic_complexity": 4.13079977036,
    "erbbands_crest": {
        "dmean": 2.86978816986,
        "dmean2": 4.55999612808,
        "dvar": 7.52090644836,
        "dvar2": 18.1290149689,
        "max": 31.4214763641,
        "mean": 11.5874414444,
        "median": 10.2391471863,
        "min": 2.43739795685,
        "var": 32.5155639648
    },
    "erbbands_flatness_db": {
        "dmean": 0.0184651389718,
        "dmean2": 0.0258825719357,
        "dvar": 0.000302360160276,
        "dvar2": 0.000528264965396,
        "max": 0.4313583076,
        "mean": 0.206323519349,
        "median": 0.201216503978,
        "min": 0.0639744028449,
        "var": 0.00344539806247
    },
    "erbbands_kurtosis": {
        "dmean": 1.30913007259,
        "dmean2": 2.00931286812,
        "dvar": 3.42518210411,
        "dvar2": 8.18532657623,
        "max": 34.920085907,
        "mean": 2.00687813759,
        "median": 0.68403506279,
        "min": -1.90343022346,
        "var": 14.555015564
    },
    "erbbands_skewness": {
        "dmean": 0.361588597298,
        "dmean2": 0.558734953403,
        "dvar": 0.11452203244,
        "dvar2": 0.272693663836,
        "max": 4.88809537888,
        "mean": 0.507636249065,
        "median": 0.429265320301,
        "min": -4.08642101288,
        "var": 0.837943375111
    },
    "erbbands_spread": {
        "dmean": 6.36340999603,
        "dmean2": 9.28539657593,
        "dvar": 73.622428894,
        "dvar2": 138.265472412,
        "max": 159.878540039,
        "mean": 28.0882396698,
        "median": 25.4508514404,
        "min": 1.45490837097,
        "var": 333.038299561
    },
    "hfc": {
        "dmean": 4.84786844254,
        "dmean2": 6.44267892838,
        "dvar": 64.1436386108,
        "dvar2": 102.286468506,
        "max": 295.503509521,
        "mean": 17.9061870575,
        "median": 9.60563087463,
        "min": 1.21701071822e-16,
        "var": 414.233306885
    },
    "melbands_crest": {
        "dmean": 2.73061656952,
        "dmean2": 4.2835187912,
        "dvar": 6.65005254745,
        "dvar2": 15.6487083435,
        "max": 35.2811088562,
        "mean": 16.4540615082,
        "median": 16.2785453796,
        "min": 2.40093636513,
        "var": 29.470369339
    },
    "melbands_flatness_db": {
        "dmean": 0.0223661959171,
        "dmean2": 0.0328648425639,
        "dvar": 0.000488570949528,
        "dvar2": 0.00103585643228,
        "max": 0.604358673096,
        "mean": 0.249649122357,
        "median": 0.236117362976,
        "min": 0.0088249836117,
        "var": 0.00671839946881
    },
    "melbands_kurtosis": {
        "dmean": 6.86230230331,
        "dmean2": 10.5416612625,
        "dvar": 225.698471069,
        "dvar2": 518.097961426,
        "max": 462.168212891,
        "mean": 15.0706825256,
        "median": 6.59711027145,
        "min": -1.78719103336,
        "var": 672.741882324
    },
    "melbands_skewness": {
        "dmean": 0.690427303314,
        "dmean2": 1.01893484592,
        "dvar": 0.644381761551,
        "dvar2": 1.36168920994,
        "max": 18.0653991699,
        "mean": 2.47560453415,
        "median": 2.16169762611,
        "min": -1.88695085049,
        "var": 4.20651435852
    },
    "melbands_spread": {
        "dmean": 4.84447860718,
        "dmean2": 7.02921581268,
        "dvar": 51.043888092,
        "dvar2": 91.6714782715,
        "max": 201.187469482,
        "mean": 18.9611110687,
        "median": 15.5826063156,
        "min": 0.481218725443,
        "var": 237.194107056
    },
    "pitch_salience": {
        "dmean": 0.0616374537349,
        "dmean2": 0.0991239622235,
        "dvar": 0.00348239811137,
        "dvar2": 0.0087307151407,
        "max": 0.894566774368,
        "mean": 0.464718401432,
        "median": 0.466291755438,
        "min": 0.0582631416619,
        "var": 0.020119253546
    },
    "silence_rate_20dB": {
        "dmean": 0,
        "dmean2": 0,
        "dvar": 0,
        "dvar2": 0,
        "max": 1,
        "mean": 1,
        "median": 1,
        "min": 1,
        "var": 0
    },
    "silence_rate_30dB": {
        "dmean": 0,
        "dmean2": 0,
        "dvar": 0,
        "dvar2": 0,
        "max": 1,
        "mean": 1,
        "median": 1,
        "min": 1,
        "var": 0
    },
    "silence_rate_60dB": {
        "dmean": 0.0161379463971,
        "dmean2": 0.0322794616222,
        "dvar": 0.0158767011017,
        "dvar2": 0.0387514717877,
        "max": 1,
        "mean": 0.0978116691113,
        "median": 0,
        "min": 0,
        "var": 0.0882487148046
    },
    "spectral_centroid": {
        "dmean": 170.339889526,
        "dmean2": 245.084594727,
        "dvar": 63870.5351562,
        "dvar2": 97383.0390625,
        "max": 11230.6552734,
        "mean": 1102.31896973,
        "median": 1058.71411133,
        "min": 145.966140747,
        "var": 312853.5625
    },
    "spectral_complexity": {
        "dmean": 2.08245825768,
        "dmean2": 3.37165594101,
        "dvar": 4.21735811234,
        "dvar2": 9.93582057953,
        "max": 42,
        "mean": 13.4631967545,
        "median": 13,
        "min": 0,
        "var": 44.1033859253
    },
    "spectral_decrease": {
        "dmean": 1.59616198037e-09,
        "dmean2": 2.39979525141e-09,
        "dvar": 5.52663769075e-18,
        "dvar2": 1.22661537701e-17,
        "max": -1.68675141293e-29,
        "mean": -6.9147843007e-09,
        "median": -5.87469450863e-09,
        "min": -3.23466871066e-08,
        "var": 2.89465204831e-17
    },
    "spectral_energy": {
        "dmean": 0.00632085185498,
        "dmean2": 0.00943216960877,
        "dvar": 8.29659329611e-05,
        "dvar2": 0.000181899929885,
        "max": 0.124537751079,
        "mean": 0.0277220755816,
        "median": 0.023592505604,
        "min": 1.11023163997e-20,
        "var": 0.000462526833871
    },
    "spectral_energyband_high": {
        "dmean": 0.000204983443837,
        "dmean2": 0.000281728483969,
        "dvar": 4.86955627821e-07,
        "dvar2": 7.93413107658e-07,
        "max": 0.0302036534995,
        "mean": 0.000408949155826,
        "median": 0.000110361790576,
        "min": 8.12216802181e-21,
        "var": 1.37231450026e-06
    },
    "spectral_energyband_low": {
        "dmean": 0.00415147328749,
        "dmean2": 0.00652602082118,
        "dvar": 7.08213628968e-05,
        "dvar2": 0.000165724370163,
        "max": 0.118029370904,
        "mean": 0.0131297605112,
        "median": 0.00675974553451,
        "min": 3.20822030871e-23,
        "var": 0.00023143600265
    },
    "spectral_energyband_middle_high": {
        "dmean": 0.00250743073411,
        "dmean2": 0.00325642852113,
        "dvar": 2.16704502236e-05,
        "dvar2": 3.25904074998e-05,
        "max": 0.0853670537472,
        "mean": 0.00804745126516,
        "median": 0.00250840000808,
        "min": 1.63512675151e-21,
        "var": 0.000170752769918
    },
    "spectral_energyband_middle_low": {
        "dmean": 0.00227798195556,
        "dmean2": 0.00353964301758,
        "dvar": 1.10704331746e-05,
        "dvar2": 2.60136457655e-05,
        "max": 0.0695658996701,
        "mean": 0.00640759896487,
        "median": 0.0045970492065,
        "min": 2.83356035121e-22,
        "var": 3.97215990233e-05
    },
    "spectral_entropy": {
        "dmean": 0.155319094658,
        "dmean2": 0.216361939907,
        "dvar": 0.0220976714045,
        "dvar2": 0.0374030098319,
        "max": 9.80362892151,
        "mean": 7.22870349884,
        "median": 7.24668741226,
        "min": 5.34796380997,
        "var": 0.249740675092
    },
    "spectral_flux": {
        "dmean": 0.020171340555,
        "dmean2": 0.0321466736495,
        "dvar": 0.000595016404986,
        "dvar2": 0.001395779429,
        "max": 0.282364010811,
        "mean": 0.0667283535004,
        "median": 0.0563080981374,
        "min": 1.05822912932e-10,
        "var": 0.00188932346646
    },
    "spectral_kurtosis": {
        "dmean": 2.60980415344,
        "dmean2": 4.41889476776,
        "dvar": 9.94711685181,
        "dvar2": 28.5463943481,
        "max": 128.039779663,
        "mean": 6.18395090103,
        "median": 4.83900976181,
        "min": -1.52601325512,
        "var": 37.5307159424
    },
    "spectral_rms": {
        "dmean": 0.000571162323467,
        "dmean2": 0.000847921648528,
        "dvar": 4.79253799313e-07,
        "dvar2": 9.56211351877e-07,
        "max": 0.011022714898,
        "mean": 0.00472806720063,
        "median": 0.00479761138558,
        "min": 3.29112865433e-12,
        "var": 4.69139922643e-06
    },
    "spectral_rolloff": {
        "dmean": 298.809051514,
        "dmean2": 490.946289062,
        "dvar": 590120.875,
        "dvar2": 1135207.375,
        "max": 18604.6875,
        "mean": 1089.39001465,
        "median": 882.861328125,
        "min": 64.599609375,
        "var": 1398614.875
    },
    "spectral_skewness": {
        "dmean": 0.281936436892,
        "dmean2": 0.461362302303,
        "dvar": 0.0709911137819,
        "dvar2": 0.184550136328,
        "max": 8.69705963135,
        "mean": 1.78829920292,
        "median": 1.70259857178,
        "min": -0.632106542587,
        "var": 0.408044278622
    },
    "spectral_spread": {
        "dmean": 504782.25,
        "dmean2": 695373.9375,
        "dvar": 771747545088,
        "dvar2": 1.02322529894e+12,
        "max": 40631244,
        "mean": 3761705.75,
        "median": 3364196,
        "min": 589057.625,
        "var": 3.11632907469e+12
    },
    "spectral_strongpeak": {
        "dmean": 0.568957924843,
        "dmean2": 0.928883910179,
        "dvar": 1.33585226536,
        "dvar2": 3.07404947281,
        "max": 13.8692789078,
        "mean": 1.35183382034,
        "median": 0.475460469723,
        "min": 8.86788531496e-10,
        "var": 4.26219511032
    },
    "zerocrossingrate": {
        "dmean": 0.00726382434368,
        "dmean2": 0.00826504826546,
        "dvar": 0.000152140681166,
        "dvar2": 0.000144613601151,
        "max": 0.50341796875,
        "mean": 0.0434949696064,
        "median": 0.0400390625,
        "min": 0.00244140625,
        "var": 0.000998930074275
    },
    "barkbands": {
        "dmean": [0.000142243938171, 0.00338175869547, 0.00113982532639, 0.000217713037273, 0.000656770949718, 0.000619844300672, 0.000370457419194, 0.000493420637213, 0.000889980932698, 0.000868415110745, 0.00071110506542, 0.00080786953913, 0.000404901191359, 0.000418626907049, 0.000347307970515, 0.000223080860451, 0.000162850570632, 0.000153377884999, 8.91649542609e-05, 6.5208565502e-05, 3.28777241521e-05, 2.84550405922e-05, 5.06489122927e-05, 6.7622444476e-05, 2.84547186311e-05, 5.15790861755e-06, 3.16807180489e-09],
        "dmean2": [0.000223936513066, 0.00541406916454, 0.00181783107109, 0.00036987112253, 0.00107760110404, 0.000968456151895, 0.000582670560107, 0.000789759331383, 0.00135704036802, 0.00130854907911, 0.00098495092243, 0.00107791624032, 0.000599710037932, 0.000628526147921, 0.000503841729369, 0.000341602426488, 0.000237026368268, 0.000224653558689, 0.000132818269776, 9.49940658757e-05, 5.06831092935e-05, 4.23940800829e-05, 7.54337743274e-05, 9.7052725323e-05, 4.02126279369e-05, 7.65672848502e-06, 5.67318725331e-09],
        "dvar": [1.25173968968e-07, 5.21583970112e-05, 6.44788906357e-06, 5.45558350495e-07, 1.63473362136e-06, 1.42056160257e-06, 8.04543788036e-07, 2.17563592741e-06, 4.62043817606e-06, 6.47155911793e-06, 6.44369856673e-06, 6.05979494139e-06, 1.89245668025e-06, 2.00933618544e-06, 1.34839513066e-06, 5.70253291698e-07, 3.51647429397e-07, 1.7334025415e-07, 6.96795439126e-08, 2.83413861268e-08, 1.78352905778e-08, 1.44720075923e-08, 2.94043047688e-08, 1.10132731379e-07, 2.51446152788e-08, 1.90287208213e-09, 2.27593369532e-15],
        "dvar2": [2.43438137204e-07, 0.000126903119963, 1.52666543727e-05, 1.58241425652e-06, 4.38183406004e-06, 3.19670220961e-06, 1.81876714578e-06, 5.44949489267e-06, 9.64147420746e-06, 1.33390085466e-05, 1.03176662378e-05, 9.47385615291e-06, 3.84234272133e-06, 4.08998585044e-06, 2.55994655163e-06, 1.3449191556e-06, 6.5069576749e-07, 3.14918594313e-07, 1.44235187349e-07, 5.88823887426e-08, 4.13165004431e-08, 2.9832396109e-08, 6.19805859969e-08, 1.90526705524e-07, 4.18105869926e-08, 3.87502341326e-09, 6.31045136122e-15],
        "max": [0.00693978043273, 0.101539805532, 0.0458591282368, 0.0310999006033, 0.0270506199449, 0.0317421816289, 0.0289139468223, 0.0452672354877, 0.0640810206532, 0.0771215930581, 0.066151574254, 0.0787374079227, 0.035868216306, 0.0357028283179, 0.0279614515603, 0.0274186171591, 0.0181191768497, 0.0135795734823, 0.00995093118399, 0.00334108434618, 0.00459247361869, 0.0035563306883, 0.00366434454918, 0.0139782037586, 0.00907302740961, 0.00342805264518, 2.76009768641e-06],
        "mean": [0.000232141377637, 0.0101579446346, 0.0026090638712, 0.000323363346979, 0.00131928198971, 0.00132026453502, 0.000688308093231, 0.000800766458269, 0.00157283141743, 0.00207417225465, 0.00122473039664, 0.00181503593922, 0.000702954188455, 0.000624089094345, 0.000622731924523, 0.000403140613344, 0.000317542726407, 0.000290466938168, 0.000164893906913, 0.000121094373753, 4.97204491694e-05, 4.71330058645e-05, 8.64974135766e-05, 0.000109234955744, 3.91226130887e-05, 5.58087458558e-06, 2.43778686126e-09],
        "median": [5.3175692301e-05, 0.00429563457146, 0.0014057472581, 8.73075114214e-05, 0.000645437976345, 0.000514418119565, 0.000237494212342, 0.000218587258132, 0.000308324379148, 0.000238279812038, 0.000139208961627, 0.000202718016226, 0.000131294931634, 0.000104723498225, 0.000115945382277, 8.79768049344e-05, 5.43137721252e-05, 5.91784882999e-05, 3.90361165046e-05, 2.6992023777e-05, 1.6721591237e-05, 1.50116284203e-05, 2.02985556825e-05, 1.56200221682e-05, 3.21966876982e-06, 3.50490694245e-08, 4.13076073347e-10],
        "min": [5.8133689391e-25, 4.73443391966e-24, 3.21458215637e-24, 1.44320919319e-23, 2.22111660697e-23, 4.91627393138e-23, 1.4365974344e-23, 4.759413358e-23, 7.63004821538e-23, 5.62303587338e-23, 4.9322710839e-23, 2.2253824512e-23, 6.15628691265e-23, 6.01542538506e-23, 1.10128907741e-22, 8.06818282432e-23, 1.95925053761e-22, 1.2297791203e-22, 2.55306514225e-22, 1.88845311127e-22, 3.06251883547e-22, 6.46761333014e-22, 4.54917530032e-22, 9.6256842996e-22, 1.18590749827e-21, 1.65682661107e-21, 2.2865784369e-21],
        "var": [2.3047411446e-07, 0.000170971485204, 1.43065344673e-05, 7.14318161954e-07, 4.06700428357e-06, 4.81987854073e-06, 2.08226219911e-06, 3.86917281503e-06, 1.4242981706e-05, 4.69143342343e-05, 2.00362264877e-05, 3.52701899828e-05, 5.98456335865e-06, 3.95721781388e-06, 4.37655535279e-06, 1.25834139908e-06, 1.38894631618e-06, 5.99623490416e-07, 1.54156424514e-07, 7.10454557407e-08, 2.62499515458e-08, 2.69000270947e-08, 6.27695868616e-08, 2.6564131872e-07, 5.76027723298e-08, 2.93207613744e-09, 1.48644626068e-15]
    },
    "erbbands": {
        "dmean": [0.0948850736022, 0.795452773571, 1.57294917107, 0.663676023483, 1.34373795986, 2.7002799511, 3.45820450783, 5.64748096466, 4.64758777618, 7.07939910889, 11.9633932114, 18.3311061859, 22.6222305298, 30.6020126343, 34.1036148071, 27.1158065796, 17.5830764771, 21.1416492462, 17.810464859, 12.114074707, 13.2419528961, 7.63287448883, 6.62292051315, 6.68362951279, 2.80010318756, 3.31237506866, 1.66279578209, 1.08014953136, 0.981503605843, 1.25690484047, 1.50555384159, 1.40541350842, 1.12062811852, 0.433863610029, 0.156958401203, 0.038188830018, 0.00714643625543, 0.000177585447091, 9.643096746e-06, 7.86481541581e-06],
        "dmean2": [0.146936833858, 1.29474163055, 2.49299764633, 1.09851062298, 2.29476380348, 4.4094824791, 5.41318035126, 8.75632858276, 7.41311168671, 11.047662735, 19.0076198578, 27.9391765594, 33.7524337769, 43.7826652527, 44.4859466553, 34.9781951904, 25.0468235016, 30.969285965, 25.4740180969, 18.4657421112, 19.8163204193, 10.6607866287, 9.30927848816, 9.67784690857, 4.02559900284, 4.72577142715, 2.46777701378, 1.67319619656, 1.44722497463, 1.92935883999, 2.24095845222, 2.04784989357, 1.60596287251, 0.615622401237, 0.218602627516, 0.0542018078268, 0.0108544044197, 0.0002629236551, 1.34548763526e-05, 1.14806844067e-05],
        "dvar": [0.0492765791714, 2.93940067291, 12.4676628113, 2.52682089806, 14.5829973221, 29.6919498444, 39.0140266418, 143.816680908, 122.392616272, 337.10369873, 1228.3692627, 2440.29150391, 3382.80126953, 9849.24023438, 9782.06347656, 5884.23632812, 3844.03637695, 5446.76855469, 3621.80273438, 1571.3392334, 2275.80029297, 744.034057617, 340.855438232, 323.588317871, 43.1979560852, 76.7108840942, 34.6870002747, 21.9980201721, 18.1010608673, 23.853559494, 25.8223285675, 34.7490005493, 37.0876083374, 5.56329250336, 0.920632243156, 0.0777736902237, 0.00488212052733, 3.00748251902e-06, 3.17360471236e-09, 1.41303621581e-10],
        "dvar2": [0.11061989516, 7.38873434067, 29.0159454346, 6.94727230072, 42.1946907043, 76.5021362305, 91.9971237183, 324.21295166, 296.117034912, 762.466430664, 3027.3581543, 5243.24804688, 6827.49658203, 18817.703125, 14372.203125, 8455.93652344, 7725.36523438, 10782.1494141, 6586.00390625, 3631.49951172, 5336.23193359, 1253.86828613, 607.182983398, 608.661682129, 82.276512146, 152.689483643, 77.4267196655, 51.7928352356, 37.2443885803, 53.4099388123, 54.5121154785, 62.8586807251, 66.8333282471, 9.69838809967, 1.5021944046, 0.13649469614, 0.0108335185796, 6.19691491011e-06, 5.8565827743e-09, 2.85675511025e-10],
        "max": [3.45612764359, 25.7514533997, 64.7592163086, 57.0184783936, 113.157455444, 115.163917542, 133.482086182, 301.749145508, 343.696990967, 623.405212402, 763.732788086, 1470.49475098, 1978.52734375, 2854.47216797, 2868.1328125, 2249.47094727, 1848.91552734, 2143.23510742, 1748.2298584, 1050.34472656, 1867.27514648, 1208.75427246, 835.569824219, 741.825439453, 223.510864258, 177.626358032, 183.111282349, 168.967697144, 146.890869141, 138.351852417, 109.842475891, 245.739883423, 223.289611816, 119.735366821, 64.4923934937, 21.3892421722, 5.60421276093, 0.141257375479, 0.00469070393592, 0.000551978300791],
        "mean": [0.258930981159, 2.32733678818, 4.02555608749, 1.42312848568, 2.20796489716, 5.2120513916, 7.28196763992, 11.7784433365, 8.93455314636, 13.4381370544, 20.3569698334, 32.203540802, 49.5097312927, 70.3271789551, 71.0432662964, 61.2009162903, 35.3459434509, 36.0091972351, 34.6735496521, 21.6400508881, 25.2996101379, 16.9947013855, 14.5919208527, 13.4299812317, 6.04365682602, 6.23638916016, 2.83190965652, 1.69014418125, 1.60647284985, 2.0916852951, 2.53868532181, 2.32926130295, 1.70248842239, 0.618449747562, 0.203571110964, 0.0447519086301, 0.00720263412222, 0.000198147885385, 2.4103324904e-05, 3.37496567226e-05],
        "median": [0.0848015397787, 1.00677800179, 2.40586948395, 0.823184370995, 0.951091766357, 2.00750899315, 3.00004601479, 3.92608428001, 3.65200948715, 4.73196172714, 6.48659133911, 7.4842467308, 10.5083494186, 10.9295043945, 12.4164981842, 9.80399894714, 7.25218439102, 6.42703104019, 6.1519651413, 6.08987522125, 5.39589357376, 3.32444286346, 3.32966947556, 2.91381835938, 1.8096370697, 1.36984324455, 0.874269843102, 0.623456597328, 0.531114935875, 0.570883870125, 0.572522044182, 0.421394467354, 0.17358648777, 0.0552777424455, 0.0117996362969, 0.00123020634055, 0.00010457909957, 1.08744279714e-05, 1.50575306179e-05, 2.87220354949e-05],
        "min": [1.48437533155e-22, 1.66556138389e-21, 3.79650455664e-21, 2.35145314605e-20, 4.0365050337e-20, 7.66974788656e-20, 1.14154517598e-19, 3.84278695982e-19, 3.00004992337e-19, 3.99780861992e-19, 7.99721421541e-19, 1.43576251482e-18, 8.42750684922e-19, 2.54991389876e-18, 2.26941343752e-18, 1.08547499665e-18, 2.8434439022e-18, 2.75051243513e-18, 5.38594833062e-18, 6.05298677659e-18, 4.78143936229e-18, 1.01029896143e-17, 7.53467570318e-18, 1.31496695182e-17, 9.87060149299e-18, 9.6024295384e-18, 1.50757686736e-17, 1.11604275309e-17, 2.24588122443e-17, 1.8455837106e-17, 1.41629781763e-17, 1.53816848795e-17, 1.66051793041e-17, 1.1907953132e-17, 9.34404892072e-18, 5.10724429888e-18, 3.3454966255e-18, 1.17524570321e-18, 2.90861105202e-19, 3.28439752409e-20],
        "var": [0.143313527107, 9.9566822052, 29.7537536621, 4.40915346146, 18.5067272186, 89.8193511963, 137.796936035, 482.556152344, 267.087402344, 922.14630127, 2370.19580078, 6134.28369141, 15906.2548828, 56286.1328125, 41897.921875, 33332.4648438, 14412.8408203, 12615.0839844, 13919.6845703, 2855.16088867, 5211.89941406, 3756.43847656, 1598.64782715, 926.502807617, 128.075820923, 203.892669678, 59.7634620667, 32.2640342712, 32.894241333, 42.6935424805, 54.9130134583, 81.0428085327, 84.4600601196, 12.5781421661, 2.00070166588, 0.149901688099, 0.00598235474899, 4.25435018769e-06, 5.81248027487e-09, 7.42274131049e-10]
    },
    "gfcc": {
        "mean": [-55.4135475159, 129.733169556, -137.969772339, 34.266998291, -61.5276527405, 27.4281578064, -27.7521476746, 9.02900695801, -7.89526510239, -10.3875675201, 3.49480891228, -9.52086830139, 2.05142521858],
        "cov": [[8061.765625, -966.075256348, -123.967254639, 747.566589355, 98.1388549805, 880.60748291, -170.509490967, 496.341430664, -217.270904541, 163.705154419, 225.89793396, 296.972717285, 135.094192505], [-966.075256348, 1559.41259766, 373.634094238, 178.580810547, 500.267059326, -249.581604004, 273.219573975, -185.060043335, 166.585189819, -102.004882812, 193.472091675, -113.02355957, 58.7343254089], [-123.967254639, 373.634094238, 1543.8260498, 372.309570312, 327.77166748, 219.116333008, 4.08571147919, 153.276092529, -55.8792495728, 334.423706055, -36.1583633423, 166.201904297, -32.046836853], [747.566589355, 178.580810547, 372.309570312, 536.510437012, 210.906600952, 102.165756226, -6.91843700409, 55.9354858398, 53.8175239563, 42.7125701904, 61.5855102539, 40.9750709534, 72.0118179321], [98.1388549805, 500.267059326, 327.77166748, 210.906600952, 497.548126221, 50.4332580566, 110.824913025, 43.2973403931, 20.9173564911, 53.6856307983, 65.6182785034, 42.7112922668, 40.1561584473], [880.60748291, -249.581604004, 219.116333008, 102.165756226, 50.4332580566, 397.100341797, 42.262512207, 69.4664916992, -74.6272201538, 91.9849014282, 49.6788101196, 48.2016296387, 9.37611198425], [-170.509490967, 273.219573975, 4.08571147919, -6.91843700409, 110.824913025, 42.262512207, 267.987640381, -30.7169685364, 43.6790885925, -19.3762397766, 72.5901489258, -47.4981880188, -1.51853227615], [496.341430664, -185.060043335, 153.276092529, 55.9354858398, 43.2973403931, 69.4664916992, -30.7169685364, 242.031173706, 1.58517730236, 60.2255706787, -31.6426086426, 59.2764091492, 18.5513973236], [-217.270904541, 166.585189819, -55.8792495728, 53.8175239563, 20.9173564911, -74.6272201538, 43.6790885925, 1.58517730236, 194.218475342, -51.7673568726, 23.7247219086, -49.1521530151, 32.1166687012], [163.705154419, -102.004882812, 334.423706055, 42.7125701904, 53.6856307983, 91.9849014282, -19.3762397766, 60.2255706787, -51.7673568726, 259.274414062, -1.69335484505, 80.0159835815, -40.8968505859], [225.89793396, 193.472091675, -36.1583633423, 61.5855102539, 65.6182785034, 49.6788101196, 72.5901489258, -31.6426086426, 23.7247219086, -1.69335484505, 204.338912964, -6.03358602524, 34.585144043], [296.972717285, -113.02355957, 166.201904297, 40.9750709534, 42.7112922668, 48.2016296387, -47.4981880188, 59.2764091492, -49.1521530151, 80.0159835815, -6.03358602524, 141.101394653, 7.51896333694], [135.094192505, 58.7343254089, -32.046836853, 72.0118179321, 40.1561584473, 9.37611198425, -1.51853227615, 18.5513973236, 32.1166687012, -40.8968505859, 34.585144043, 7.51896333694, 111.563011169]],
        "icov": [[0.000283835805021, -0.000204268260859, 0.00038057504571, -0.000486452307086, 0.000206067532417, -0.000662907201331, 0.000210330181289, -0.000571609649342, 0.000245209812419, -0.000106408944703, -5.2172003052e-05, -0.000460354465758, 0.000204210547963], [-0.000204268260859, 0.003193795681, -0.00166536297183, 0.000738128030207, -0.00251210434362, 0.00285495817661, -0.00136418198235, 0.00214656093158, -0.000695868162438, 0.00137977197301, -0.002080994891, 0.00209318613634, -0.000889977207407], [0.00038057504571, -0.00166536297183, 0.00239108339883, -0.00146949733607, 0.000922009756323, -0.00217610434629, 0.000695345399436, -0.00165129161905, 0.000554347469006, -0.00185976014473, 0.00144378608093, -0.00187768461183, 0.00102399161551], [-0.000486452307086, 0.000738128030207, -0.00146949733607, 0.00393922813237, -0.00149960373528, 0.000836525170598, 0.000385286402889, 0.00124471518211, -0.00146628462244, 0.000689979002345, -0.000784988224041, 0.00112954736687, -0.00165436021052], [0.000206067532417, -0.00251210434362, 0.000922009756323, -0.00149960373528, 0.0050793942064, -0.00187263521366, -0.00035003258381, -0.00201395899057, 0.000856195460074, -0.0011046967702, 0.00121039000805, -0.00229455647059, 9.30292007979e-05], [-0.000662907201331, 0.00285495817661, -0.00217610434629, 0.000836525170598, -0.00187263521366, 0.00694622006267, -0.00240007182583, 0.00180449686013, 0.000681635283399, 0.000651922775432, -0.00230654911138, 0.00248027290218, -0.0015172084095], [0.000210330181289, -0.00136418198235, 0.000695345399436, 0.000385286402889, -0.00035003258381, -0.00240007182583, 0.00608341302723, -0.000736390298698, -0.000792875012849, -0.000223143957555, -0.000617000798229, 0.000574237608816, 0.00124652974773], [-0.000571609649342, 0.00214656093158, -0.00165129161905, 0.00124471518211, -0.00201395899057, 0.00180449686013, -0.000736390298698, 0.00742303486913, -0.00180194352288, 0.000364394683857, 7.73904539528e-05, 0.000397050345782, -0.00178524851799], [0.000245209812419, -0.000695868162438, 0.000554347469006, -0.00146628462244, 0.000856195460074, 0.000681635283399, -0.000792875012849, -0.00180194352288, 0.00748867355287, -8.08289041743e-05, -0.000146535880049, 0.00140619894955, -0.00113631121349], [-0.000106408944703, 0.00137977197301, -0.00185976014473, 0.000689979002345, -0.0011046967702, 0.000651922775432, -0.000223143957555, 0.000364394683857, -8.08289041743e-05, 0.00728711299598, -0.00169598590583, -0.00113670388237, 0.0019990215078], [-5.2172003052e-05, -0.002080994891, 0.00144378608093, -0.000784988224041, 0.00121039000805, -0.00230654911138, -0.000617000798229, 7.73904539528e-05, -0.000146535880049, -0.00169598590583, 0.0079656932503, -0.00153695221525, -0.0011282612104], [-0.000460354465758, 0.00209318613634, -0.00187768461183, 0.00112954736687, -0.00229455647059, 0.00248027290218, 0.000574237608816, 0.000397050345782, 0.00140619894955, -0.00113670388237, -0.00153695221525, 0.012689627707, -0.00245404825546], [0.000204210547963, -0.000889977207407, 0.00102399161551, -0.00165436021052, 9.30292007979e-05, -0.0015172084095, 0.00124652974773, -0.00178524851799, -0.00113631121349, 0.0019990215078, -0.0011282612104, -0.00245404825546, 0.0125297484919]]
    },
    "melbands": {
        "dmean": [0.000879162515048, 0.000880850013345, 0.000129361986183, 0.000147499624291, 0.000117642070109, 0.000121883997053, 7.3982453614e-05, 8.15417661215e-05, 0.00010064367234, 0.000126415063278, 0.000115793292935, 0.000126838524011, 0.000114455426228, 0.000109783388325, 3.86486753996e-05, 4.44674260507e-05, 3.85694474971e-05, 2.9181026548e-05, 2.3542859708e-05, 1.33909970828e-05, 1.75489440153e-05, 8.93350988918e-06, 8.10385699879e-06, 7.20765137885e-06, 5.85904717809e-06, 2.72394527201e-06, 2.00756517188e-06, 2.49122626883e-06, 1.23565394006e-06, 8.06659159025e-07, 6.01245574217e-07, 5.6665186321e-07, 6.41830524728e-07, 7.90049909938e-07, 9.08977312974e-07, 8.91150648386e-07, 9.61046907832e-07, 9.40673999139e-07, 5.15323847594e-07, 3.4819748862e-07],
        "dmean2": [0.00139987980947, 0.00140324526001, 0.000213508013985, 0.000245502335019, 0.00018412231293, 0.00018963131879, 0.000116702074592, 0.000127836654428, 0.000158831506269, 0.000192317718756, 0.000173553708009, 0.000183457697858, 0.000151952219312, 0.000143512996146, 5.55732476641e-05, 6.48412969895e-05, 5.70177144255e-05, 4.26078659075e-05, 3.46392735082e-05, 2.07295306609e-05, 2.64559057541e-05, 1.28161655084e-05, 1.13055921247e-05, 1.07809073597e-05, 8.64742287376e-06, 4.03366993851e-06, 3.00916326523e-06, 3.61538968718e-06, 1.85276053344e-06, 1.26933775846e-06, 9.5851282822e-07, 8.58563396378e-07, 9.87616317616e-07, 1.22419487525e-06, 1.37714050652e-06, 1.33263699809e-06, 1.41940813592e-06, 1.37211270612e-06, 7.54304437578e-07, 5.21414335708e-07],
        "dvar": [3.74566479877e-06, 3.57449562216e-06, 1.04579335414e-07, 1.05166833464e-07, 3.89679009061e-08, 6.3032324249e-08, 2.83860757122e-08, 4.53673436596e-08, 8.12756795199e-08, 1.06794956878e-07, 8.6927052223e-08, 1.79148699431e-07, 1.320751295e-07, 1.05222099478e-07, 1.38466127453e-08, 2.23420322243e-08, 1.92016944567e-08, 1.06879278761e-08, 7.93836729684e-09, 1.68357205954e-09, 3.80246412135e-09, 1.26415644619e-09, 8.80425232719e-10, 3.33430560939e-10, 2.95248825388e-10, 4.24444333846e-11, 3.33221991666e-11, 4.90305990253e-11, 1.86373208533e-11, 1.3438312095e-11, 6.8673031671e-12, 6.21217964222e-12, 7.90183109917e-12, 8.4090538352e-12, 8.84903088305e-12, 1.0202553212e-11, 1.97123584816e-11, 2.75204234401e-11, 8.90349079186e-12, 4.02791558787e-12],
        "dvar2": [8.88303839019e-06, 8.47100636747e-06, 2.91727189961e-07, 2.85571672975e-07, 9.291359504e-08, 1.42096013178e-07, 6.74321967153e-08, 1.08289050615e-07, 1.96641664729e-07, 2.29365909377e-07, 1.76290626541e-07, 3.44113487927e-07, 1.89820568153e-07, 1.58544338547e-07, 2.55355292467e-08, 4.77556838518e-08, 3.8321871898e-08, 2.00833891739e-08, 1.62645328317e-08, 3.85269460779e-09, 8.85004425299e-09, 2.33053554233e-09, 1.46885614782e-09, 6.59671817171e-10, 5.70605396266e-10, 8.68271288201e-11, 7.20268705789e-11, 1.01083717785e-10, 4.12359243973e-11, 3.23999507779e-11, 1.66062025242e-11, 1.3672602113e-11, 1.78672406731e-11, 1.92259784482e-11, 1.94966993938e-11, 2.13749972583e-11, 3.75374523132e-11, 5.35426113168e-11, 1.58674393069e-11, 7.88661583956e-12],
        "max": [0.0261212438345, 0.0304566808045, 0.0116883963346, 0.00736437924206, 0.0039704288356, 0.00643861433491, 0.00588951259851, 0.00639726035297, 0.00611680932343, 0.00822429731488, 0.00957763567567, 0.0123576885089, 0.0105363922194, 0.0102213798091, 0.00362924602814, 0.00371351651847, 0.0044371522963, 0.0026774154976, 0.0026633781381, 0.000951320340391, 0.00214190944098, 0.00151817582082, 0.0010819878662, 0.000607767549809, 0.000718241266441, 0.000146788632264, 0.000193933141418, 0.000147794082295, 0.000116302006063, 0.000150618696352, 8.80837615114e-05, 8.65752954269e-05, 9.5914969279e-05, 7.6465345046e-05, 6.89761000103e-05, 7.48005768401e-05, 0.000202092283871, 0.000193579442566, 0.000127937790239, 0.000104874292447],
        "mean": [0.00257981172763, 0.00254715816118, 0.000282062974293, 0.000268559990218, 0.000256379280472, 0.000255617167568, 0.000143463956192, 0.000148955150507, 0.000164616169059, 0.000221821901505, 0.000250813580351, 0.000289811025141, 0.000215241627302, 0.000246057286859, 7.7136704931e-05, 7.64682845329e-05, 6.09875751252e-05, 5.24040260643e-05, 3.95825627493e-05, 2.31053381867e-05, 3.07411501126e-05, 1.68889819179e-05, 1.54942790687e-05, 1.35519576361e-05, 1.085081567e-05, 5.22372965861e-06, 3.57720750799e-06, 4.34076991951e-06, 1.94112362806e-06, 1.11648830625e-06, 9.0048928314e-07, 8.61359580995e-07, 9.86326313068e-07, 1.24422922454e-06, 1.45589262956e-06, 1.43122258578e-06, 1.46189415773e-06, 1.36298649522e-06, 7.26959910935e-07, 4.6351286187e-07],
        "median": [0.000995437731035, 0.00140912900679, 0.000165214572917, 0.000117308845802, 0.000108944426756, 8.97374702618e-05, 5.80515188631e-05, 5.20756220794e-05, 4.49841973023e-05, 4.33579843957e-05, 4.606913717e-05, 3.29717149725e-05, 3.24069296767e-05, 2.74353660643e-05, 1.56975402206e-05, 1.44748901221e-05, 9.8045602499e-06, 8.33052217786e-06, 7.82237384556e-06, 6.10575352766e-06, 5.9161484387e-06, 2.92718459605e-06, 2.45779961006e-06, 2.86422255158e-06, 2.07118182516e-06, 1.35702896387e-06, 9.28337328787e-07, 8.00614088803e-07, 4.93616198582e-07, 3.59603745892e-07, 3.02739977087e-07, 2.7823068649e-07, 2.70804122238e-07, 3.16827538427e-07, 3.28407281813e-07, 2.92567847282e-07, 2.2037073677e-07, 1.19741415006e-07, 6.01491478847e-08, 3.27587912352e-08],
        "min": [1.24862107091e-24, 1.90938122032e-24, 4.90814306314e-24, 3.5978506216e-24, 3.98387221139e-24, 9.64878176826e-24, 4.45437764869e-24, 5.8886695582e-24, 6.63818563134e-24, 7.80245518617e-24, 4.2737454619e-24, 1.04436790371e-23, 6.95513179926e-24, 3.14739230927e-24, 4.72810607191e-24, 5.49412038202e-24, 4.88229643001e-24, 8.98131156799e-24, 6.19950954828e-24, 7.10342739425e-24, 5.38798388039e-24, 9.38044284274e-24, 1.09360315828e-23, 5.13661138079e-24, 1.09037048517e-23, 6.30080126066e-24, 6.19170337519e-24, 6.39045569697e-24, 6.56902777351e-24, 8.28593777979e-24, 5.62650425813e-24, 1.12549309703e-23, 1.3589861431e-23, 8.37523210109e-24, 6.70956018833e-24, 1.10019456446e-23, 8.65398556828e-24, 1.01716979408e-23, 1.21039385752e-23, 7.91948664576e-24],
        "var": [1.16208220788e-05, 1.03777447293e-05, 1.78012911078e-07, 2.16922273921e-07, 1.42427623473e-07, 2.13054335063e-07, 6.68978685781e-08, 1.02924296641e-07, 1.61763139772e-07, 2.96219525353e-07, 4.34875602195e-07, 1.0933986232e-06, 4.97495307172e-07, 6.74481213991e-07, 6.52679830182e-08, 5.36812905239e-08, 4.22205204131e-08, 3.52157982775e-08, 1.75384080592e-08, 3.51422313472e-09, 8.39533509378e-09, 4.44083925188e-09, 3.36476246865e-09, 1.04386888022e-09, 7.38507976994e-10, 1.14789983074e-10, 6.52406184631e-11, 1.19798268527e-10, 3.25858888484e-11, 1.72636436396e-11, 9.81000090189e-12, 1.0120962228e-11, 1.2789748427e-11, 1.45756635928e-11, 1.72931460818e-11, 2.12938573024e-11, 4.13320627723e-11, 5.72951269762e-11, 1.80170635355e-11, 8.04517563679e-12]
    },
    "mfcc": {
        "mean": [-683.947875977, 141.374221802, -4.76378393173, 10.1287279129, 3.29165554047, 7.70770025253, 2.8935239315, 14.2268981934, -2.32014393806, 9.78742599487, -2.13617420197, 4.11446762085, 1.81047034264],
        "cov": [[6938.82421875, -1154.46923828, -271.937561035, -78.0364074707, 354.854827881, 151.592559814, 287.655090332, 399.791534424, -143.833206177, 151.527420044, -81.9353027344, -43.0483207703, 82.8068695068], [-1154.46923828, 1406.74304199, 129.444900513, 391.846069336, 161.562225342, 99.7907562256, 141.515914917, -4.33891201019, -4.21464538574, 36.7445716858, 53.7184791565, 54.0670318604, 76.9262084961], [-271.937561035, 129.444900513, 1018.81085205, 224.912704468, 257.327667236, 200.524658203, 139.124298096, -29.780002594, 102.720252991, 0.0873790085316, 73.1466217041, 121.650604248, 83.5526885986], [-78.0364074707, 391.846069336, 224.912704468, 523.307373047, 259.42388916, 75.0845947266, 67.8225097656, 17.6565532684, 76.351272583, -7.39363002777, 31.138841629, 70.513168335, 65.0003814697], [354.854827881, 161.562225342, 257.327667236, 259.42388916, 420.13848877, 82.6932678223, 103.3099823, 56.031452179, 67.2947769165, 2.1704621315, 12.0641231537, 38.2792930603, 71.868057251], [151.592559814, 99.7907562256, 200.524658203, 75.0845947266, 82.6932678223, 311.629058838, 145.802963257, 12.7530212402, -23.1605625153, 54.3798828125, 21.4466457367, 12.4160985947, 44.3746986389], [287.655090332, 141.515914917, 139.124298096, 67.8225097656, 103.3099823, 145.802963257, 286.824737549, 57.4002227783, -31.4775753021, 59.6431465149, 25.9688835144, 9.30784606934, 65.9629745483], [399.791534424, -4.33891201019, -29.780002594, 17.6565532684, 56.031452179, 12.7530212402, 57.4002227783, 175.752349854, 22.5041904449, 33.3132858276, -4.9400639534, -12.9323444366, -2.6498363018], [-143.833206177, -4.21464538574, 102.720252991, 76.351272583, 67.2947769165, -23.1605625153, -31.4775753021, 22.5041904449, 192.614501953, -1.69361960888, 13.5116405487, 11.9816637039, -3.7667195797], [151.527420044, 36.7445716858, 0.0873790085316, -7.39363002777, 2.1704621315, 54.3798828125, 59.6431465149, 33.3132858276, -1.69361960888, 150.412719727, 28.0428066254, -4.14295434952, 12.5461845398], [-81.9353027344, 53.7184791565, 73.1466217041, 31.138841629, 12.0641231537, 21.4466457367, 25.9688835144, -4.9400639534, 13.5116405487, 28.0428066254, 102.938209534, 36.7932929993, 19.7596969604], [-43.0483207703, 54.0670318604, 121.650604248, 70.513168335, 38.2792930603, 12.4160985947, 9.30784606934, -12.9323444366, 11.9816637039, -4.14295434952, 36.7932929993, 122.037513733, 39.7767410278], [82.8068695068, 76.9262084961, 83.5526885986, 65.0003814697, 71.868057251, 44.3746986389, 65.9629745483, -2.6498363018, -3.7667195797, 12.5461845398, 19.7596969604, 39.7767410278, 122.709976196]],
