{
"lowlevel": {
    "average_loudness": 0.928669810295,
    "barkbands_crest": {
        "dmean": 3.09661126137,
        "dmean2": 4.7843708992,
        "dvar": 7.83746385574,
        "dvar2": 17.1549434662,
        "max": 26.279083252,
        "mean": 12.3319606781,
        "median": 11.728345871,
        "min": 2.33277606964,
        "var": 26.2258110046
    },
    "barkbands_flatness_db": {
        "dmean": 0.0248581133783,
        "dmean2": 0.0375282838941,
        "dvar": 0.000521493784618,
        "dvar2": 0.00116716371849,
        "max": 0.500527858734,
        "mean": 0.158512443304,
        "median": 0.147752285004,
        "min": 0.0308750234544,
        "var": 0.00429383805022
    },
    "barkbands_kurtosis": {
        "dmean": 3.67916345596,
        "dmean2": 5.88655614853,
        "dvar": 129.728713989,
        "dvar2": 342.557037354,
        "max": 555.645812988,
        "mean": 5.27899980545,
        "median": 1.15033721924,
        "min": -1.93596851826,
        "var": 380.052093506
    },
    "barkbands_skewness": {
        "dmean": 0.627363741398,
        "dmean2": 0.937865495682,
        "dvar": 0.505478739738,
        "dvar2": 1.13555169106,
        "max": 19.6000385284,
        "mean": 1.58730125427,
        "median": 1.27311861515,
        "min": -4.6313123703,
        "var": 2.35597610474
    },
    "barkbands_spread": {
        "dmean": 7.36674785614,
        "dmean2": 11.3265953064,
        "dvar": 75.2404556274,
        "dvar2": 161.252197266,
        "max": 118.622253418,
        "mean": 29.6921730042,
        "median": 26.8563632965,
        "min": 0.202245205641,
        "var": 371.792266846
    },
    "dissonance": {
        "dmean": 0.0226382836699,
        "dmean2": 0.0384593307972,
        "dvar": 0.000542321649846,
        "dvar2": 0.00153817201499,
        "max": 0.499999970198,
        "mean": 0.461781084538,
        "median": 0.471310913563,
        "min": 0.280719280243,
        "var": 0.0010668488685
    },
    "dynamic_complexity": 2.57397031784,
    "erbbands_crest": {
        "dmean": 3.11624193192,
        "dmean2": 4.9923415184,
        "dvar": 8.68924331665,
        "dvar2": 20.6524085999,
        "max": 33.0289535522,
        "mean": 11.3538341522,
        "median": 9.77604389191,
        "min": 2.22207665443,
        "var": 41.0637702942
    },
    "erbbands_flatness_db": {
        "dmean": 0.0177095271647,
        "dmean2": 0.0261363647878,
        "dvar": 0.000276763603324,
        "dvar2": 0.000578347477131,
        "max": 0.427578866482,
        "mean": 0.163075387478,
        "median": 0.144741594791,
        "min": 0.0552912242711,
        "var": 0.00475064106286
    },
    "erbbands_kurtosis": {
        "dmean": 1.41638922691,
        "dmean2": 2.23916983604,
        "dvar": 6.39476394653,
        "dvar2": 15.9118089676,
        "max": 60.0431251526,
        "mean": 1.85305929184,
        "median": 0.414771556854,
        "min": -1.71344065666,
        "var": 18.9140148163
    },
    "erbbands_skewness": {
        "dmean": 0.37470510602,
        "dmean2": 0.573321461678,
        "dvar": 0.127385988832,
        "dvar2": 0.288659363985,
        "max": 6.04796695709,
        "mean": 0.558688700199,
        "median": 0.458495348692,
        "min": -4.58229637146,
        "var": 0.966495454311
    },
    "erbbands_spread": {
        "dmean": 9.22223472595,
        "dmean2": 13.8366270065,
        "dvar": 98.9313354492,
        "dvar2": 215.365280151,
        "max": 154.226989746,
        "mean": 41.0363426208,
        "median": 37.6386299133,
        "min": 1.76079106331,
        "var": 592.819763184
    },
    "hfc": {
        "dmean": 10.4928312302,
        "dmean2": 15.0105571747,
        "dvar": 210.517227173,
        "dvar2": 401.28793335,
        "max": 307.681243896,
        "mean": 41.3651847839,
        "median": 33.1707496643,
        "min": 1.16011075059e-16,
        "var": 1149.9185791
    },
    "melbands_crest": {
        "dmean": 3.6642510891,
        "dmean2": 5.60134410858,
        "dvar": 11.2165803909,
        "dvar2": 24.6001911163,
        "max": 35.8418922424,
        "mean": 17.1945171356,
        "median": 16.5950832367,
        "min": 1.73252618313,
        "var": 41.2061500549
    },
    "melbands_flatness_db": {
        "dmean": 0.0298915654421,
        "dmean2": 0.0438079610467,
        "dvar": 0.000829599623103,
        "dvar2": 0.00171618012246,
        "max": 0.617886781693,
        "mean": 0.197132781148,
        "median": 0.190870955586,
        "min": 0.00624929647893,
        "var": 0.00624601915479
    },
    "melbands_kurtosis": {
        "dmean": 11.3073749542,
        "dmean2": 17.709148407,
        "dvar": 482.30947876,
        "dvar2": 1168.00683594,
        "max": 659.291687012,
        "mean": 19.5844554901,
        "median": 8.27040100098,
        "min": -1.85361146927,
        "var": 1240.64294434
    },
    "melbands_skewness": {
        "dmean": 0.990659534931,
        "dmean2": 1.47024953365,
        "dvar": 1.24922657013,
        "dvar2": 2.710272789,
        "max": 19.183139801,
        "mean": 3.0402033329,
        "median": 2.5132791996,
        "min": -2.31353783607,
        "var": 5.24568271637
    },
    "melbands_spread": {
        "dmean": 8.79436302185,
        "dmean2": 13.2830219269,
        "dvar": 140.039352417,
        "dvar2": 276.744995117,
        "max": 267.848175049,
        "mean": 28.0439453125,
        "median": 24.577375412,
        "min": 0.308868348598,
        "var": 515.868286133
    },
    "pitch_salience": {
        "dmean": 0.076785646379,
        "dmean2": 0.120436854661,
        "dvar": 0.0055216322653,
        "dvar2": 0.0128269195557,
        "max": 0.831284046173,
        "mean": 0.46742194891,
        "median": 0.462603330612,
        "min": 0.0368569158018,
        "var": 0.0178473610431
    },
    "silence_rate_20dB": {
        "dmean": 0,
        "dmean2": 0,
        "dvar": 0,
        "dvar2": 0,
        "max": 1,
        "mean": 1,
        "median": 1,
        "min": 1,
        "var": 0
    },
    "silence_rate_30dB": {
        "dmean": 0.0525621287525,
        "dmean2": 0.105135820806,
        "dvar": 0.0498064979911,
        "dvar2": 0.108374558389,
        "max": 1,
        "mean": 0.943265557289,
        "median": 1,
        "min": 0,
        "var": 0.0535082034767
    },
    "silence_rate_60dB": {
        "dmean": 0.00769738294184,
        "dmean2": 0.0152864838019,
        "dvar": 0.00763960368931,
        "dvar2": 0.0185685791075,
        "max": 1,
        "mean": 0.0168224293739,
        "median": 0,
        "min": 0,
        "var": 0.0165389142931
    },
    "spectral_centroid": {
        "dmean": 249.215530396,
        "dmean2": 392.341583252,
        "dvar": 90569.78125,
        "dvar2": 185565.515625,
        "max": 11330.7744141,
        "mean": 1586.0123291,
        "median": 1494.51000977,
        "min": 113.874725342,
        "var": 492123.59375
    },
    "spectral_complexity": {
        "dmean": 3.8616669178,
        "dmean2": 5.99593114853,
        "dvar": 15.918390274,
        "dvar2": 34.0765686035,
        "max": 54,
        "mean": 19.8316650391,
        "median": 19,
        "min": 0,
        "var": 74.9364700317
    },
    "spectral_decrease": {
        "dmean": 3.83437015472e-09,
        "dmean2": 5.80247183635e-09,
        "dvar": 2.67631739475e-17,
        "dvar2": 6.15871898772e-17,
        "max": -7.2965974466e-29,
        "mean": -1.11732276764e-08,
        "median": -9.65335544834e-09,
        "min": -5.65629107996e-08,
        "var": 6.88507951849e-17
    },
    "spectral_energy": {
        "dmean": 0.0149167999625,
        "dmean2": 0.0224636625499,
        "dvar": 0.000381941092201,
        "dvar2": 0.00087949965382,
        "max": 0.217002511024,
        "mean": 0.0459224954247,
        "median": 0.0408012866974,
        "min": 1.0797926859e-20,
        "var": 0.00103898497764
    },
    "spectral_energyband_high": {
        "dmean": 0.000924314197619,
        "dmean2": 0.00129540741909,
        "dvar": 2.7778482945e-06,
        "dvar2": 5.22327127328e-06,
        "max": 0.0341744720936,
        "mean": 0.00264046480879,
        "median": 0.00147132342681,
        "min": 7.55130030805e-21,
        "var": 1.15806251415e-05
    },
    "spectral_energyband_low": {
        "dmean": 0.0120549285784,
        "dmean2": 0.0184017904103,
        "dvar": 0.000429854000686,
        "dvar2": 0.000986375031061,
        "max": 0.212860107422,
        "mean": 0.0236432533711,
        "median": 0.0134357530624,
        "min": 8.19065316431e-23,
        "var": 0.000860765867401
    },
    "spectral_energyband_middle_high": {
        "dmean": 0.00320180761628,
        "dmean2": 0.00482392543927,
        "dvar": 2.00780486921e-05,
        "dvar2": 4.47429592896e-05,
        "max": 0.158482789993,
        "mean": 0.0108853364363,
        "median": 0.00622851261869,
        "min": 1.80981503861e-21,
        "var": 0.000157558737556
    },
    "spectral_energyband_middle_low": {
        "dmean": 0.00431858189404,
        "dmean2": 0.0070295506157,
        "dvar": 4.23577512265e-05,
        "dvar2": 0.000109967419121,
        "max": 0.136725366116,
        "mean": 0.0100982487202,
        "median": 0.00643256865442,
        "min": 2.92248277193e-22,
        "var": 0.000144369914779
    },
    "spectral_entropy": {
        "dmean": 0.140439197421,
        "dmean2": 0.209466516972,
        "dvar": 0.0184068642557,
        "dvar2": 0.0395241230726,
        "max": 9.80751228333,
        "mean": 7.81341409683,
        "median": 7.89380741119,
        "min": 5.4937787056,
        "var": 0.255144625902
    },
    "spectral_flux": {
        "dmean": 0.0338741913438,
        "dmean2": 0.0530344992876,
        "dvar": 0.00144447525963,
        "dvar2": 0.00322594749741,
        "max": 0.386340916157,
        "mean": 0.109280511737,
        "median": 0.0971630886197,
        "min": 1.03913072591e-10,
        "var": 0.00314993783832
    },
    "spectral_kurtosis": {
        "dmean": 1.05506074429,
        "dmean2": 1.77588260174,
        "dvar": 4.99889802933,
        "dvar2": 14.6791372299,
        "max": 56.1533050537,
        "mean": 2.4052593708,
        "median": 1.30679035187,
        "min": -1.21728873253,
        "var": 15.783080101
    },
    "spectral_rms": {
        "dmean": 0.00103265314829,
        "dmean2": 0.0015089509543,
        "dvar": 1.21099844819e-06,
        "dvar2": 2.61219088316e-06,
        "max": 0.0145502490923,
        "mean": 0.00627449294552,
        "median": 0.0063092103228,
        "min": 3.24569906542e-12,
        "var": 5.43317173651e-06
    },
    "spectral_rolloff": {
        "dmean": 755.460571289,
        "dmean2": 1225.7244873,
        "dvar": 1670476,
        "dvar2": 3514274.5,
        "max": 19013.8183594,
        "mean": 1972.41210938,
        "median": 1335.05859375,
        "min": 64.599609375,
        "var": 4811522.5
    },
    "spectral_skewness": {
        "dmean": 0.166834801435,
        "dmean2": 0.267548710108,
        "dvar": 0.0360746346414,
        "dvar2": 0.0978910326958,
        "max": 5.73034286499,
        "mean": 1.25704264641,
        "median": 1.1614536047,
        "min": -0.616223335266,
        "var": 0.266624569893
    },
    "spectral_spread": {
        "dmean": 555516.375,
        "dmean2": 806669.5625,
        "dvar": 475296727040,
        "dvar2": 766577803264,
        "max": 39632436,
        "mean": 6077724.5,
        "median": 6267359,
        "min": 1070983.375,
        "var": 4.16172081152e+12
    },
    "spectral_strongpeak": {
        "dmean": 0.774016261101,
        "dmean2": 1.31284141541,
        "dvar": 1.76539623737,
        "dvar2": 4.12186288834,
        "max": 13.8306350708,
        "mean": 1.5071388483,
        "median": 0.574092268944,
        "min": 0,
        "var": 4.28735733032
    },
    "zerocrossingrate": {
        "dmean": 0.0138903502375,
        "dmean2": 0.0153473783284,
        "dvar": 0.000259450520389,
        "dvar2": 0.000255634833593,
        "max": 0.48681640625,
        "mean": 0.0798504427075,
        "median": 0.0673828125,
        "min": 0.00341796875,
        "var": 0.00261848163791
    },
    "barkbands": {
        "dmean": [0.000366969034076, 0.0103332726285, 0.00356480176561, 0.00135897111613, 0.000959584722295, 0.00068716838723, 0.000869059469551, 0.000713453337085, 0.00114548089914, 0.0011790972203, 0.00126415968407, 0.000825960130896, 0.000872290635016, 0.000602999469265, 0.000521955953445, 0.000216364380321, 0.000154171633767, 0.000152357999468, 0.000135495894938, 0.000172914631548, 0.000163861419423, 0.000195716318558, 0.000221405702177, 0.000243165006395, 0.000209099205676, 8.82957829162e-05, 7.87205678421e-08],
        "dmean2": [0.000514270504937, 0.0156569741666, 0.00612620543689, 0.00240989727899, 0.00161854678299, 0.00108222686686, 0.00137205480132, 0.00113561295439, 0.00185763754416, 0.00180990900844, 0.00190224742983, 0.00125940318685, 0.00135263474658, 0.000944219355006, 0.000806098221801, 0.000344421918271, 0.000251260702498, 0.000254415266681, 0.00021710585861, 0.000275903730653, 0.000260584492935, 0.00029941185494, 0.000342826067936, 0.000360589910997, 0.000304615765344, 0.000129017033032, 1.41203187809e-07],
        "dvar": [4.91267201141e-07, 0.000365557119949, 7.51879342715e-05, 1.01962932604e-05, 4.86701947011e-06, 2.50622019848e-06, 5.60333000976e-06, 6.9422812885e-06, 9.8531409094e-06, 1.20860186144e-05, 8.4145767687e-06, 5.32530566488e-06, 4.14956457462e-06, 2.14265241993e-06, 1.59374474151e-06, 2.79472061493e-07, 1.07116420622e-07, 9.0565876576e-08, 4.87411355721e-08, 1.02756743559e-07, 9.8272522564e-08, 1.21119455798e-07, 1.30958909494e-07, 2.35346874433e-07, 2.35612446886e-07, 5.21734726533e-08, 2.14001383346e-13],
        "dvar2": [1.01955538412e-06, 0.000799041881692, 0.000201633942197, 2.95335248666e-05, 1.30466241899e-05, 5.75336980546e-06, 1.25412025227e-05, 1.6268579202e-05, 2.57846568275e-05, 2.6075696951e-05, 1.76770809048e-05, 1.11599629236e-05, 8.95270659385e-06, 4.48949958809e-06, 3.56830810233e-06, 6.49800711017e-07, 2.48002976377e-07, 2.47436645395e-07, 1.21810543874e-07, 2.36333121961e-07, 2.31309343235e-07, 2.62175149146e-07, 2.965408612e-07, 4.86620876927e-07, 4.5337921506e-07, 1.05329988287e-07, 5.95149526449e-13],
        "max": [0.00991353113204, 0.194946140051, 0.0864707008004, 0.0396852008998, 0.0513847433031, 0.0382056757808, 0.0623457953334, 0.109704881907, 0.112322933972, 0.147123917937, 0.0732642114162, 0.0672224164009, 0.0531837567687, 0.0358356572688, 0.0258305408061, 0.0148405246437, 0.0105151990429, 0.00798952672631, 0.00592657644302, 0.00724374735728, 0.00769285112619, 0.00971730705351, 0.00727746915072, 0.0121574392542, 0.0139683997259, 0.005801751744, 1.47280188685e-05],
        "mean": [0.000520761881489, 0.0179868321866, 0.00423227436841, 0.00170482986141, 0.0014370494755, 0.00114007748198, 0.00139769737143, 0.00123263709247, 0.00228787702508, 0.00238824565895, 0.0026262558531, 0.00161930848844, 0.00151555426419, 0.000981801655143, 0.0008967804024, 0.00038591073826, 0.000263424444711, 0.000255262042629, 0.000260924600298, 0.000326117209624, 0.000335584772984, 0.00043516367441, 0.000499052403029, 0.000552542507648, 0.000444640201749, 0.000195716405869, 5.27354053759e-08],
        "median": [8.41246801428e-05, 0.00812810659409, 0.00136794324499, 0.000531655794475, 0.000488603895064, 0.000375712814275, 0.000244752649451, 0.000350415881258, 0.000413015164668, 0.000398718228098, 0.000479692884255, 0.000295433448628, 0.000391930341721, 0.000281729910057, 0.000249032105785, 0.000141189579153, 0.000146787468111, 0.000149122672155, 0.00015384911967, 0.000182349991519, 0.000183451687917, 0.00025939923944, 0.000305489520542, 0.000266810122412, 0.000133036504849, 1.46056099766e-05, 1.40064637666e-09],
        "min": [2.20228949483e-23, 4.57847517207e-23, 1.01196315433e-23, 8.96097552271e-24, 1.37915084779e-23, 5.13041117074e-23, 6.3170643382e-23, 4.65205349087e-23, 8.84447812195e-23, 8.15617236969e-23, 8.11267394829e-23, 2.22703612454e-22, 4.86260172865e-23, 1.45480175663e-22, 2.44804263844e-22, 1.88763951168e-22, 1.72040832041e-22, 8.77216482049e-23, 3.16350742017e-22, 4.11976789114e-22, 4.05043799851e-22, 6.51884006406e-22, 7.41007971622e-22, 7.99042284852e-22, 1.1210512674e-21, 1.5759567815e-21, 2.39787381117e-21],
        "var": [1.04740956886e-06, 0.000655447540339, 6.44873434794e-05, 9.8237533166e-06, 9.40824793361e-06, 5.26943131263e-06, 1.28139872686e-05, 2.67281993729e-05, 4.03219382861e-05, 5.84788358537e-05, 3.94368071284e-05, 2.3738210075e-05, 1.27285375129e-05, 4.77757339468e-06, 3.87734417018e-06, 8.78180344444e-07, 1.89395237271e-07, 1.35183910288e-07, 1.15828242997e-07, 2.10663927191e-07, 2.22734271915e-07, 3.13657409379e-07, 3.80554041612e-07, 7.42997315228e-07, 7.15293936082e-07, 2.2964313473e-07, 1.43713559391e-13]
    },
    "erbbands": {
        "dmean": [0.338697075844, 2.32119417191, 4.27429151535, 4.16495037079, 3.79564094543, 3.13463878632, 4.0592751503, 6.14797067642, 10.1130599976, 15.6883964539, 13.4398374557, 25.1033630371, 36.1104545593, 37.5301208496, 46.3853759766, 24.3005447388, 36.9698104858, 31.5023784637, 28.8980503082, 15.5759067535, 10.7042560577, 7.65597772598, 8.75865840912, 6.62811422348, 6.86909294128, 7.9966840744, 7.01923036575, 6.48193788528, 6.56543684006, 7.44227647781, 6.25413703918, 5.44678258896, 4.03152036667, 2.5827331543, 1.42398118973, 0.605696618557, 0.138422042131, 0.00352468201891, 0.000110308392323, 2.29389825108e-05],
        "dmean2": [0.461374282837, 3.67683506012, 7.18498039246, 7.31303691864, 6.60501813889, 5.21207952499, 6.57394456863, 9.66481208801, 15.9568071365, 24.8452854156, 21.6417331696, 40.4583587646, 56.8096847534, 57.2034225464, 70.0432510376, 36.7134552002, 56.4053573608, 48.8296852112, 44.7280197144, 23.9871578217, 17.2324066162, 12.3493041992, 14.6141862869, 10.8241577148, 10.9028491974, 12.7489776611, 11.1851997375, 10.3062934875, 10.0953826904, 11.517991066, 9.65850639343, 8.20677757263, 6.00850391388, 3.776512146, 2.11609172821, 0.882008075714, 0.209362030029, 0.00539122242481, 0.00016217432858, 3.36142329616e-05],
        "dvar": [0.428586959839, 19.512096405, 96.1566314697, 99.7383804321, 77.7077865601, 58.4395675659, 137.366241455, 193.449081421, 876.056274414, 2203.90649414, 2945.20239258, 5156.17724609, 15435.8583984, 7392.89208984, 12383.9853516, 3219.20776367, 7552.87548828, 4993.99316406, 4482.42626953, 1457.11291504, 658.866088867, 224.955490112, 317.972503662, 133.492355347, 150.825927734, 230.111190796, 184.899703979, 153.034088135, 150.616073608, 153.555877686, 108.784103394, 110.328193665, 69.8439025879, 34.3130149841, 11.7553224564, 2.42959284782, 0.143349021673, 9.79193646344e-05, 7.6922219705e-08, 9.07695696384e-10],
        "dvar2": [0.759886980057, 48.0598220825, 259.845184326, 279.35446167, 220.843978882, 146.415756226, 318.629272461, 450.182159424, 1941.89660645, 5166.35205078, 7419.24023438, 13791.3867188, 35771.2578125, 16407.8242188, 25958.6699219, 7289.13183594, 15439.8007812, 10598.6972656, 10407.6083984, 3134.85791016, 1606.21826172, 539.756408691, 890.201049805, 346.741455078, 357.290466309, 523.184082031, 444.480377197, 345.505584717, 337.293457031, 343.414733887, 246.135742188, 244.474624634, 142.991897583, 66.4202651978, 23.9858188629, 4.83242940903, 0.32298335433, 0.000217373075429, 1.55402688051e-07, 1.84025839012e-09],
        "max": [6.97467088699, 48.6070480347, 100.110404968, 121.731529236, 251.508636475, 193.463973999, 368.121612549, 283.23840332, 731.986083984, 1537.0814209, 3050.86083984, 1828.77429199, 4944.85449219, 2180.56933594, 4039.35449219, 1570.47253418, 1985.6217041, 1877.22741699, 1530.93347168, 1103.28173828, 994.696044922, 634.526123047, 545.847167969, 294.069458008, 314.397491455, 314.768676758, 363.525665283, 261.167358398, 290.164428711, 251.164260864, 218.829345703, 274.657989502, 226.698562622, 183.326278687, 111.960372925, 49.9953765869, 8.47944450378, 0.330976545811, 0.00798782613128, 0.000766451586969],
        "mean": [0.529457747936, 3.87959694862, 5.97271490097, 5.19007253647, 5.19584035873, 4.65235757828, 6.50782060623, 10.3410673141, 17.0175247192, 25.2891178131, 25.9182739258, 49.2576599121, 80.0010223389, 85.3054428101, 111.079711914, 52.6759872437, 68.3202133179, 57.9012374878, 54.6804008484, 27.9524269104, 21.4754333496, 14.8705644608, 15.2638540268, 12.846326828, 13.5284357071, 15.4490156174, 13.8284788132, 13.1871261597, 14.3453874588, 16.9342136383, 13.921292305, 11.944434166, 8.82079982758, 5.41425085068, 2.90708565712, 1.29407453537, 0.296090781689, 0.00756809441373, 0.000277864484815, 8.02690628916e-05],
        "median": [0.161907181144, 1.72291219234, 2.71255064011, 2.19348978996, 1.89216589928, 1.39945602417, 2.24464392662, 3.43439173698, 3.57544207573, 7.67297458649, 7.96797466278, 9.82559108734, 13.4305229187, 19.3086051941, 23.5507621765, 15.512512207, 21.0066452026, 21.4811134338, 18.6495056152, 11.2518434525, 9.03522872925, 8.62204551697, 9.00274276733, 7.84639835358, 7.72199726105, 8.69772148132, 7.75669574738, 7.14152002335, 8.38770389557, 10.1218605042, 8.50820350647, 6.24011945724, 3.86014413834, 1.95398950577, 0.663134217262, 0.148596689105, 0.0126575464383, 0.000407365063438, 5.88049915677e-05, 6.43216117169e-05],
        "min": [2.66951519874e-21, 5.29716003352e-21, 7.55975871449e-21, 2.611196421e-20, 5.13053443498e-20, 3.50219256379e-20, 1.22208620126e-19, 5.25238595866e-19, 8.13466371587e-19, 1.20559516668e-18, 1.12018980241e-18, 2.05952359492e-18, 2.0568534559e-18, 3.33772629762e-18, 3.6854833669e-18, 9.36192181221e-18, 3.27609369056e-18, 7.58292928422e-18, 1.17127145192e-17, 8.94022430875e-18, 1.27663862824e-17, 8.06692920423e-18, 4.49582382295e-18, 1.07926729567e-17, 1.82282449779e-17, 1.94691714066e-17, 1.58159563554e-17, 1.74450786457e-17, 1.85366096384e-17, 2.98369704863e-17, 1.89715345871e-17, 1.97287489547e-17, 1.15696767933e-17, 1.30845513789e-17, 7.57522823271e-18, 6.00795382327e-18, 2.95367274986e-18, 1.20466748362e-18, 2.89511482484e-19, 3.59543811392e-20],
        "var": [0.872851073742, 29.4710559845, 93.1724319458, 80.7142562866, 122.398635864, 113.932502747, 276.578155518, 393.347320557, 2090.07958984, 4472.4921875, 16343.1757812, 16269.9208984, 74815.65625, 36493.2304688, 72441.1875, 15340.2753906, 25416.8476562, 12062.1748047, 13005.5195312, 2966.76733398, 2491.11474609, 487.197021484, 486.468505859, 264.488586426, 345.12802124, 492.477783203, 377.168395996, 347.855743408, 353.097137451, 451.474334717, 308.541900635, 316.832092285, 209.893157959, 102.63874054, 34.0745887756, 8.98170948029, 0.612195491791, 0.000392827612814, 3.6215004684e-07, 4.5241606017e-09]
    },
    "gfcc": {
        "mean": [25.2450199127, 72.3656845093, -123.709342957, 40.0205154419, -69.1576385498, 43.62915802, -30.7247657776, 13.0810575485, -17.5471439362, 2.84940814972, -8.94797992706, -3.60235238075, -6.97567462921],
        "cov": [[4550.16064453, -1609.09179688, 1104.34301758, 345.371582031, 115.093086243, 579.026855469, -397.985473633, 568.681945801, -453.857574463, 627.688720703, -212.003585815, 414.982879639, -244.05682373], [-1609.09179688, 1773.1887207, -160.62322998, 102.819046021, 237.773757935, -190.565002441, 289.251495361, -320.599456787, 300.62979126, -311.826751709, 217.546173096, -217.372955322, 136.397644043], [1104.34301758, -160.62322998, 2013.45544434, 757.608825684, 490.23059082, 482.545898438, -174.503036499, 352.018707275, -289.63293457, 466.755828857, -121.683456421, 314.056976318, -121.510925293], [345.371582031, 102.819046021, 757.608825684, 745.765869141, 246.566314697, 283.308990479, -44.4770202637, 115.152816772, 12.9104671478, 153.179473877, 52.0533332825, 46.6213684082, 48.4575424194], [115.093086243, 237.773757935, 490.23059082, 246.566314697, 412.154876709, 195.191177368, 55.9503288269, 60.6507873535, -13.0163478851, 120.251663208, -6.78574419022, 77.9893798828, -11.725528717], [579.026855469, -190.565002441, 482.545898438, 283.308990479, 195.191177368, 469.70123291, 52.7758331299, 166.237838745, -65.4253540039, 165.549407959, 23.5922412872, 98.551940918, -10.2728900909], [-397.985473633, 289.251495361, -174.503036499, -44.4770202637, 55.9503288269, 52.7758331299, 272.443725586, -30.1838817596, 82.7566146851, -95.7438964844, 76.7651443481, -31.2502346039, 30.0289134979], [568.681945801, -320.599456787, 352.018707275, 115.152816772, 60.6507873535, 166.237838745, -30.1838817596, 259.120361328, -32.1196975708, 164.727340698, -38.0015487671, 106.211608887, -26.3961086273], [-453.857574463, 300.62979126, -289.63293457, 12.9104671478, -13.0163478851, -65.4253540039, 82.7566146851, -32.1196975708, 261.874938965, -56.7089538574, 76.7410430908, -112.45098877, 75.8791885376], [627.688720703, -311.826751709, 466.755828857, 153.179473877, 120.251663208, 165.549407959, -95.7438964844, 164.727340698, -56.7089538574, 283.365325928, -19.2379074097, 120.263336182, -53.9337806702], [-212.003585815, 217.546173096, -121.683456421, 52.0533332825, -6.78574419022, 23.5922412872, 76.7651443481, -38.0015487671, 76.7410430908, -19.2379074097, 174.090499878, -2.04464912415, 44.1671943665], [414.982879639, -217.372955322, 314.056976318, 46.6213684082, 77.9893798828, 98.551940918, -31.2502346039, 106.211608887, -112.45098877, 120.263336182, -2.04464912415, 195.877929688, -18.36510849], [-244.05682373, 136.397644043, -121.510925293, 48.4575424194, -11.725528717, -10.2728900909, 30.0289134979, -26.3961086273, 75.8791885376, -53.9337806702, 44.1671943665, -18.36510849, 126.210235596]],
        "icov": [[0.000489025085699, 3.04717905237e-05, 0.000259715889115, -0.000244419963565, 9.21031605685e-05, -0.000330920796841, 0.000357336539309, -0.000477641064208, 0.000396723131416, -0.000450958439615, 0.000247191579547, -0.000362147664418, 0.000482881034259], [3.04717905237e-05, 0.00239809602499, -0.00144237407949, 0.000762406096328, -0.00185107917059, 0.00102209439501, -0.000628775858786, 0.00138643954415, -0.00160258391406, 0.00237869960256, -0.0026560460683, 0.00162302667741, -0.000717700109817], [0.000259715889115, -0.00144237407949, 0.0030438778922, -0.00219932035543, 0.000306325906422, -0.000683466962073, 0.00055759906536, -0.00163009471726, 0.00231710774824, -0.00274404580705, 0.00267004664056, -0.00212710560299, 0.00152561569121], [-0.000244419963565, 0.000762406096328, -0.00219932035543, 0.00403400091454, -0.00121052446775, -0.000559701235034, 0.000854189740494, 0.000511634338181, -0.00143949477933, 0.00170780334156, -0.00279759475961, 0.00243369163945, -0.00228870566934], [9.21031605685e-05, -0.00185107917059, 0.000306325906422, -0.00121052446775, 0.00616689957678, -0.00169371243101, -0.00121671077795, 0.000802595692221, -0.000142467033584, -0.00301324925385, 0.00363919651136, -0.00278963567689, 0.000949243549258], [-0.000330920796841, 0.00102209439501, -0.000683466962073, -0.000559701235034, -0.00169371243101, 0.00523871788755, -0.00234985770658, -0.00101254659239, 0.00116934918333, -0.000261238747044, -0.00212872866541, 0.00195948244072, -0.00135584094096], [0.000357336539309, -0.000628775858786, 0.00055759906536, 0.000854189740494, -0.00121671077795, -0.00234985770658, 0.00738089950755, -0.00166805041954, -0.00105312769301, 0.00289869727567, -0.00158618728165, -0.0010691168718, 0.00144148967229], [-0.000477641064208, 0.00138643954415, -0.00163009471726, 0.000511634338181, 0.000802595692221, -0.00101254659239, -0.00166805041954, 0.0101198852062, -0.00416506826878, -0.00105648126919, 0.00130534847267, -0.00228944700211, -0.000419606541982], [0.000396723131416, -0.00160258391406, 0.00231710774824, -0.00143949477933, -0.000142467033584, 0.00116934918333, -0.00105312769301, -0.00416506826878, 0.0110337110236, -0.00449207145721, -0.000633260875475, 0.0043764533475, -0.00295075401664], [-0.000450958439615, 0.00237869960256, -0.00274404580705, 0.00170780334156, -0.00301324925385, -0.000261238747044, 0.00289869727567, -0.00105648126919, -0.00449207145721, 0.0131614170969, -0.004594582133, -0.000574920733925, 0.00189705437515], [0.000247191579547, -0.0026560460683, 0.00267004664056, -0.00279759475961, 0.00363919651136, -0.00212872866541, -0.00158618728165, 0.00130534847267, -0.000633260875475, -0.004594582133, 0.0129699092358, -0.00575264869258, 0.000849837088026], [-0.000362147664418, 0.00162302667741, -0.00212710560299, 0.00243369163945, -0.00278963567689, 0.00195948244072, -0.0010691168718, -0.00228944700211, 0.0043764533475, -0.000574920733925, -0.00575264869258, 0.0140768243, -0.00457614241168], [0.000482881034259, -0.000717700109817, 0.00152561569121, -0.00228870566934, 0.000949243549258, -0.00135584094096, 0.00144148967229, -0.000419606541982, -0.00295075401664, 0.00189705437515, 0.000849837088026, -0.00457614241168, 0.0131487473845]]
    },
    "melbands": {
        "dmean": [0.00289895711467, 0.00240619736724, 0.000713478890248, 0.00023518508533, 0.000136819478939, 0.000135759837576, 0.00016219940153, 0.000171276595211, 0.000108754109533, 0.000175687746378, 0.000183012991329, 0.00015360978432, 0.000156657712068, 0.000107160500193, 5.99955565121e-05, 9.41900434555e-05, 5.97186044615e-05, 5.01011199958e-05, 3.65197884094e-05, 1.61132775247e-05, 1.30120733957e-05, 8.99301176105e-06, 8.81904634298e-06, 7.16409476809e-06, 5.87418753639e-06, 5.10542122356e-06, 5.79936431677e-06, 5.89155706621e-06, 4.98264353155e-06, 4.31745456808e-06, 4.01096031055e-06, 3.87875979868e-06, 4.46181957159e-06, 4.41426254838e-06, 3.8384855543e-06, 3.71563783119e-06, 3.56092891707e-06, 3.13527948492e-06, 2.73317277788e-06, 2.18141303776e-06],
        "dmean2": [0.00420746486634, 0.00392176024616, 0.0012438702397, 0.000401520665037, 0.000221443871851, 0.000213255276321, 0.000255642109551, 0.000270805117907, 0.000175972221768, 0.000284272944555, 0.000287904695142, 0.000235289873672, 0.00023225651239, 0.000161387491971, 9.11991301109e-05, 0.00014563962759, 9.31340255192e-05, 7.83477589721e-05, 5.54538200959e-05, 2.52314948739e-05, 2.11571787077e-05, 1.46440179378e-05, 1.44627183545e-05, 1.19761143651e-05, 9.68124186329e-06, 8.24165272206e-06, 9.27691871766e-06, 9.49394598138e-06, 8.08507775218e-06, 6.95047992849e-06, 6.47648630547e-06, 6.08410346103e-06, 7.03571367922e-06, 6.96295228408e-06, 6.06047797191e-06, 5.72146518607e-06, 5.47426088815e-06, 4.81262713947e-06, 4.14170381191e-06, 3.23304107042e-06],
        "dvar": [2.95430745609e-05, 2.33351602219e-05, 2.60851652456e-06, 3.04651450733e-07, 1.26355388375e-07, 9.31447274866e-08, 2.02142217631e-07, 2.62119868921e-07, 1.89859903799e-07, 2.4853954983e-07, 3.88746315139e-07, 1.29596216425e-07, 1.25097159298e-07, 7.54438502781e-08, 2.65356217e-08, 5.02608550335e-08, 2.15192255126e-08, 1.48459022853e-08, 9.1537204483e-09, 1.75722558726e-09, 1.15362341901e-09, 3.88316462319e-10, 2.95139329642e-10, 2.21086121632e-10, 1.0948196516e-10, 8.53802722967e-11, 1.2047093878e-10, 1.43669631747e-10, 1.02984273886e-10, 7.20628903772e-11, 5.90405641043e-11, 5.45682943276e-11, 6.51553810904e-11, 5.23909422789e-11, 3.97616418957e-11, 4.39514605266e-11, 5.13414900871e-11, 4.17979505174e-11, 3.62636899676e-11, 2.51830101911e-11],
        "dvar2": [5.78593680984e-05, 6.2738028646e-05, 7.30572628527e-06, 8.30177725675e-07, 3.02417333842e-07, 2.17961002136e-07, 4.49187069762e-07, 5.99695283654e-07, 4.7402158998e-07, 6.68252312153e-07, 8.95526738987e-07, 2.84593255628e-07, 2.53199573308e-07, 1.60816256312e-07, 5.40193347831e-08, 1.11094976774e-07, 4.52936994577e-08, 3.43233530486e-08, 1.99389766919e-08, 3.85480403153e-09, 2.85140933087e-09, 9.27965260189e-10, 7.7051409697e-10, 5.86773241107e-10, 2.85474865969e-10, 2.09644454574e-10, 2.85112516929e-10, 3.27391197485e-10, 2.53265769468e-10, 1.77966655301e-10, 1.36764127801e-10, 1.30319199876e-10, 1.48051487736e-10, 1.22250570778e-10, 9.32446550528e-11, 1.00777948486e-10, 1.17338833094e-10, 9.13703279704e-11, 7.53535081555e-11, 5.06726743899e-11],
        "max": [0.0592477582395, 0.0555338785052, 0.0196046512574, 0.0136309126392, 0.0104191256687, 0.00631552701816, 0.0113874133676, 0.0192108694464, 0.0249939449131, 0.0134393367916, 0.0256685763597, 0.0083373868838, 0.0113281533122, 0.00909334793687, 0.00598313380033, 0.00670460704714, 0.00431816093624, 0.00307418243028, 0.002413143171, 0.00136744836345, 0.00134751014411, 0.000844202120788, 0.00043475854909, 0.00037283974234, 0.000239652261371, 0.000237189145992, 0.000290901429253, 0.00029395063757, 0.000279773579678, 0.000206388882361, 0.000177330774022, 0.000215187843423, 0.000199731308385, 0.000143112192745, 0.000149970306666, 0.000160458235769, 0.000178826332558, 0.000143962926813, 0.00016348650388, 0.00016940565547],
        "mean": [0.00487379310653, 0.0039592301473, 0.000935935880989, 0.000345373642631, 0.000223306225962, 0.00022686405282, 0.000272288394626, 0.000277638609987, 0.000206736745895, 0.000342471234035, 0.000396647374146, 0.000331113056745, 0.000358117657015, 0.000232735066675, 0.000106155108369, 0.000160645067808, 9.97802053462e-05, 8.74987381394e-05, 5.91559764871e-05, 2.64941900241e-05, 2.38788961724e-05, 1.53063301696e-05, 1.4599008864e-05, 1.17399031296e-05, 1.03197680801e-05, 9.16722274269e-06, 1.03756929093e-05, 1.02950707515e-05, 8.78890841705e-06, 7.98097426014e-06, 7.45716670281e-06, 7.62750551075e-06, 9.25163112697e-06, 9.36298602028e-06, 7.8818811744e-06, 7.64288870414e-06, 7.24510573491e-06, 6.41308042759e-06, 5.33174716111e-06, 4.29784722655e-06],
        "median": [0.00203255168162, 0.00212436239235, 0.000433097593486, 0.000120514181617, 8.35220052977e-05, 7.48953971197e-05, 5.34991850145e-05, 8.7787360826e-05, 5.44385256944e-05, 6.1186037783e-05, 5.90408308199e-05, 6.34987882222e-05, 7.15223795851e-05, 4.28754174209e-05, 2.77236467809e-05, 3.91633839172e-05, 2.95472127618e-05, 2.645575114e-05, 1.64014218171e-05, 1.0607317563e-05, 9.27879227675e-06, 8.21257162897e-06, 8.26614086691e-06, 6.56653946862e-06, 5.81408949074e-06, 4.99896577821e-06, 5.37455434824e-06, 5.48137495571e-06, 4.58174463347e-06, 4.20641981691e-06, 3.88013495467e-06, 4.34212051914e-06, 5.15730562256e-06, 5.43127134733e-06, 4.67728204967e-06, 4.16475859311e-06, 3.49213883055e-06, 2.79499499811e-06, 2.07275024877e-06, 1.44380078382e-06],
        "min": [1.94931947301e-23, 5.0289535609e-24, 5.45424188554e-24, 3.13740671072e-24, 3.6452288187e-24, 1.20979061559e-23, 1.21155458746e-23, 1.23365570901e-23, 1.08031566407e-23, 1.24215465974e-23, 1.00776554657e-23, 1.32941521875e-23, 1.16998832307e-23, 1.93368046334e-23, 1.79225710901e-23, 6.6300769301e-24, 1.44177062644e-23, 1.68964949775e-23, 1.68411311415e-23, 9.06462632363e-24, 1.71382335133e-23, 9.14467203969e-24, 4.58653472728e-24, 4.81358546188e-24, 8.565354679e-24, 1.48309194952e-23, 1.32233629653e-23, 1.26184415462e-23, 9.29549593388e-24, 1.01825313676e-23, 9.92120699326e-24, 9.65310788146e-24, 1.4389760078e-23, 1.66186550113e-23, 9.28088938536e-24, 1.26267876946e-23, 1.17277260764e-23, 8.64677222417e-24, 7.46394866085e-24, 1.2609731733e-23],
        "var": [5.66737471672e-05, 2.91835513053e-05, 2.34559684031e-06, 5.71268969907e-07, 2.57267970483e-07, 1.90008151435e-07, 4.98267752391e-07, 5.90002002809e-07, 1.17228660201e-06, 8.56262147408e-07, 1.92054358195e-06, 6.17255864199e-07, 6.90645492796e-07, 4.41896787606e-07, 1.09915113455e-07, 1.37739220918e-07, 4.96621659352e-08, 3.99760189396e-08, 1.84575270623e-08, 4.04148403632e-09, 3.79881859303e-09, 7.04433289478e-10, 5.04147223968e-10, 3.20655862973e-10, 2.00838859432e-10, 1.91930624172e-10, 2.44416070716e-10, 2.63992105953e-10, 1.80605530531e-10, 1.37993116933e-10, 1.20252557911e-10, 1.09061704112e-10, 1.54339929725e-10, 1.43497297378e-10, 9.9798440345e-11, 1.1788865717e-10, 1.31596969433e-10, 1.11972313366e-10, 9.55124590529e-11, 6.95620505642e-11]
    },
    "mfcc": {
        "mean": [-609.602600098, 90.5917892456, 10.1557035446, 5.08986616135, 0.408374994993, 18.3534221649, 6.11340475082, 12.0092496872, 2.20748543739, 8.91171073914, 2.20517039299, 2.67621183395, 0.325799435377],
        "cov": [[3740.39550781, -1296.65246582, 429.224334717, -85.8014144897, 278.08404541, -8.37735366821, 175.579849243, -62.763004303, 53.5097007751, -6.99060535431, 67.0387878418, 78.5176696777, 190.390991211], [-1296.65246582, 1347.00854492, -164.668029785, 147.623168945, -20.3973464966, 74.7150192261, -30.5187416077, 66.2422714233, -46.1846542358, 8.86626911163, -7.88755464554, -32.077507019, -47.0000534058], [429.224334717, -164.668029785, 1338.77539062, 486.07421875, 614.233154297, 275.567749023, 315.113250732, 16.3475055695, 130.364730835, -29.7418289185, 118.848419189, 127.818214417, 189.581192017], [-85.8014144897, 147.623168945, 486.07421875, 482.067077637, 318.02835083, 152.050689697, 94.1957778931, 6.04942798615, 58.8703956604, 6.00593996048, 31.9750518799, 71.0924911499, 65.7584457397], [278.08404541, -20.3973464966, 614.233154297, 318.02835083, 532.648498535, 221.108322144, 177.401687622, 3.75187802315, 116.688217163, 9.08191490173, 73.0733413696, 79.6788482666, 126.711349487], [-8.37735366821, 74.7150192261, 275.567749023, 152.050689697, 221.108322144, 287.82901001, 172.87562561, 59.6129722595, 55.4685440063, 23.5351734161, 56.6239776611, 41.6040496826, 49.0835838318], [175.579849243, -30.5187416077, 315.113250732, 94.1957778931, 177.401687622, 172.87562561, 275.105529785, 91.7023010254, 36.4074897766, -17.4199619293, 64.5401916504, 39.7286300659, 69.4459838867], [-62.763004303, 66.2422714233, 16.3475055695, 6.04942798615, 3.75187802315, 59.6129722595, 91.7023010254, 159.810165405, 37.3165626526, 15.8243093491, 21.1013393402, 7.52619934082, 16.6969146729], [53.5097007751, -46.1846542358, 130.364730835, 58.8703956604, 116.688217163, 55.4685440063, 36.4074897766, 37.3165626526, 161.351852417, 59.6831359863, 23.6671829224, 13.81361866, 30.2236366272], [-6.99060535431, 8.86626911163, -29.7418289185, 6.00593996048, 9.08191490173, 23.5351734161, -17.4199619293, 15.8243093491, 59.6831359863, 132.434204102, 45.7325248718, 11.9741659164, -8.36021518707], [67.0387878418, -7.88755464554, 118.848419189, 31.9750518799, 73.0733413696, 56.6239776611, 64.5401916504, 21.1013393402, 23.6671829224, 45.7325248718, 119.453460693, 56.2556381226, 26.6503887177], [78.5176696777, -32.077507019, 127.818214417, 71.0924911499, 79.6788482666, 41.6040496826, 39.7286300659, 7.52619934082, 13.81361866, 11.9741659164, 56.2556381226, 124.486778259, 66.1008224487], [190.390991211, -47.0000534058, 189.581192017, 65.7584457397, 126.711349487, 49.0835838318, 69.4459838867, 16.6969146729, 30.2236366272, -8.36021518707, 26.6503887177, 66.1008224487, 159.683303833]],
