{
"lowlevel": {
    "average_loudness": 0.88987994194,
    "barkbands_crest": {
        "dmean": 3.13806080818,
        "dmean2": 4.9551858902,
        "dvar": 8.70312976837,
        "dvar2": 18.032617569,
        "max": 26.4120388031,
        "mean": 10.5141868591,
        "median": 9.07763195038,
        "min": 2.03285527229,
        "var": 28.4619350433
    },
    "barkbands_flatness_db": {
        "dmean": 0.023793399334,
        "dmean2": 0.0354672819376,
        "dvar": 0.000461610790808,
        "dvar2": 0.000955999887083,
        "max": 0.42427572608,
        "mean": 0.138482153416,
        "median": 0.125363141298,
        "min": 0.0155630856752,
        "var": 0.00404286198318
    },
    "barkbands_kurtosis": {
        "dmean": 2.94843578339,
        "dmean2": 4.56180143356,
        "dvar": 57.2318611145,
        "dvar2": 140.968658447,
        "max": 278.638793945,
        "mean": 3.93943285942,
        "median": 1.30922198296,
        "min": -1.84734535217,
        "var": 113.222953796
    },
    "barkbands_skewness": {
        "dmean": 0.564050078392,
        "dmean2": 0.840484976768,
        "dvar": 0.399074971676,
        "dvar2": 0.794383943081,
        "max": 13.7615690231,
        "mean": 1.3499237299,
        "median": 1.07151079178,
        "min": -3.08940386772,
        "var": 1.64999246597
    },
    "barkbands_spread": {
        "dmean": 6.86214351654,
        "dmean2": 10.2704925537,
        "dvar": 53.6680259705,
        "dvar2": 108.605804443,
        "max": 98.0795288086,
        "mean": 26.0438690186,
        "median": 22.9111862183,
        "min": 0.406687527895,
        "var": 262.753265381
    },
    "dissonance": {
        "dmean": 0.0222332719713,
        "dmean2": 0.0380851328373,
        "dvar": 0.000494994397741,
        "dvar2": 0.00137142348103,
        "max": 0.500000119209,
        "mean": 0.463621199131,
        "median": 0.473363637924,
        "min": 0.259650617838,
        "var": 0.00099165935535
    },
    "dynamic_complexity": 2.86283445358,
    "erbbands_crest": {
        "dmean": 2.90399861336,
        "dmean2": 4.68365001678,
        "dvar": 7.05723810196,
        "dvar2": 17.7520637512,
        "max": 33.4179649353,
        "mean": 10.0707874298,
        "median": 8.58520507812,
        "min": 2.00508999825,
        "var": 32.9204063416
    },
    "erbbands_flatness_db": {
        "dmean": 0.0188574753702,
        "dmean2": 0.0265471618623,
        "dvar": 0.000304363085888,
        "dvar2": 0.000572853838094,
        "max": 0.453561604023,
        "mean": 0.160046368837,
        "median": 0.145915850997,
        "min": 0.0567688532174,
        "var": 0.00433293543756
    },
    "erbbands_kurtosis": {
        "dmean": 1.20308423042,
        "dmean2": 1.88269460201,
        "dvar": 4.223092556,
        "dvar2": 10.1286411285,
        "max": 90.7270050049,
        "mean": 1.28719687462,
        "median": 0.296673059464,
        "min": -1.72284531593,
        "var": 14.7491350174
    },
    "erbbands_skewness": {
        "dmean": 0.381789237261,
        "dmean2": 0.588535666466,
        "dvar": 0.126219585538,
        "dvar2": 0.293343961239,
        "max": 8.20523548126,
        "mean": 0.648417234421,
        "median": 0.565941035748,
        "min": -3.66848182678,
        "var": 0.825161457062
    },
    "erbbands_spread": {
        "dmean": 8.68381500244,
        "dmean2": 12.7321691513,
        "dvar": 85.2237548828,
        "dvar2": 169.202056885,
        "max": 143.84727478,
        "mean": 38.4048538208,
        "median": 32.9462966919,
        "min": 1.3148380518,
        "var": 486.87689209
    },
    "hfc": {
        "dmean": 8.61475086212,
        "dmean2": 12.0656137466,
        "dvar": 116.453163147,
        "dvar2": 235.621185303,
        "max": 238.063873291,
        "mean": 29.8068389893,
        "median": 26.442855835,
        "min": 1.20052176606e-16,
        "var": 526.846008301
    },
    "melbands_crest": {
        "dmean": 3.85939955711,
        "dmean2": 6.12822389603,
        "dvar": 11.5041332245,
        "dvar2": 25.6683673859,
        "max": 34.8723258972,
        "mean": 14.4747829437,
        "median": 13.2997226715,
        "min": 2.53914070129,
        "var": 36.4702682495
    },
    "melbands_flatness_db": {
        "dmean": 0.0283675249666,
        "dmean2": 0.0412987731397,
        "dvar": 0.000700308708474,
        "dvar2": 0.00134400767274,
        "max": 0.541674494743,
        "mean": 0.174378588796,
        "median": 0.158050656319,
        "min": 0.00725984340534,
        "var": 0.00558576080948
    },
    "melbands_kurtosis": {
        "dmean": 8.71560382843,
        "dmean2": 13.0942726135,
        "dvar": 452.986236572,
        "dvar2": 949.162841797,
        "max": 596.71673584,
        "mean": 13.986084938,
        "median": 5.60796117783,
        "min": -1.69383978844,
        "var": 864.363586426
    },
    "melbands_skewness": {
        "dmean": 0.853229343891,
        "dmean2": 1.2403036356,
        "dvar": 1.05186104774,
        "dvar2": 1.90952575207,
        "max": 18.0809192657,
        "mean": 2.38198804855,
        "median": 1.91553497314,
        "min": -1.99644303322,
        "var": 4.18411445618
    },
    "melbands_spread": {
        "dmean": 8.31374549866,
        "dmean2": 12.8480710983,
        "dvar": 89.8809967041,
        "dvar2": 193.453933716,
        "max": 145.451980591,
        "mean": 27.0203037262,
        "median": 24.6336154938,
        "min": 0.462965428829,
        "var": 289.768768311
    },
    "pitch_salience": {
        "dmean": 0.0837646871805,
        "dmean2": 0.132069885731,
        "dvar": 0.00605938397348,
        "dvar2": 0.013102773577,
        "max": 0.86978083849,
        "mean": 0.532145678997,
        "median": 0.548545002937,
        "min": 0.0662772506475,
        "var": 0.019497198984
    },
    "silence_rate_20dB": {
        "dmean": 0,
        "dmean2": 0,
        "dvar": 0,
        "dvar2": 0,
        "max": 1,
        "mean": 1,
        "median": 1,
        "min": 1,
        "var": 0
    },
    "silence_rate_30dB": {
        "dmean": 0.0179064888507,
        "dmean2": 0.0358169339597,
        "dvar": 0.0175856910646,
        "dvar2": 0.0427136979997,
        "max": 1,
        "mean": 0.984969079494,
        "median": 1,
        "min": 0,
        "var": 0.0148064037785
    },
    "silence_rate_60dB": {
        "dmean": 0.0117165911943,
        "dmean2": 0.0234357733279,
        "dvar": 0.0115793738514,
        "dvar2": 0.0259818546474,
        "max": 1,
        "mean": 0.0326038897038,
        "median": 0,
        "min": 0,
        "var": 0.0315443538129
    },
    "spectral_centroid": {
        "dmean": 251.332214355,
        "dmean2": 390.868988037,
        "dvar": 83775.9765625,
        "dvar2": 160460.890625,
        "max": 11073.8037109,
        "mean": 1522.89697266,
        "median": 1506.27978516,
        "min": 122.138977051,
        "var": 331372.59375
    },
    "spectral_complexity": {
        "dmean": 4.04863500595,
        "dmean2": 6.08136177063,
        "dvar": 17.1854152679,
        "dvar2": 33.9792480469,
        "max": 57,
        "mean": 19.6969490051,
        "median": 19,
        "min": 0,
        "var": 80.7052307129
    },
    "spectral_decrease": {
        "dmean": 2.63880051143e-09,
        "dmean2": 3.96583610396e-09,
        "dvar": 1.40696556596e-17,
        "dvar2": 2.6374835811e-17,
        "max": 2.93202641861e-29,
        "mean": -7.57530305151e-09,
        "median": -6.07429129218e-09,
        "min": -4.84781423893e-08,
        "var": 4.07298538927e-17
    },
    "spectral_energy": {
        "dmean": 0.0104533396661,
        "dmean2": 0.0156589969993,
        "dvar": 0.000210151367355,
        "dvar2": 0.000395014649257,
        "max": 0.186322882771,
        "mean": 0.031294491142,
        "median": 0.0259371213615,
        "min": 1.07784226833e-20,
        "var": 0.000632763956673
    },
    "spectral_energyband_high": {
        "dmean": 0.000624380307272,
        "dmean2": 0.000870757212397,
        "dvar": 1.0529664678e-06,
        "dvar2": 2.15056411434e-06,
        "max": 0.0183801911771,
        "mean": 0.00144318048842,
        "median": 0.000816281070001,
        "min": 7.97749219397e-21,
        "var": 2.95141717288e-06
    },
    "spectral_energyband_low": {
        "dmean": 0.00716588879004,
        "dmean2": 0.0109804682434,
        "dvar": 0.000208341210964,
        "dvar2": 0.000384447979741,
        "max": 0.176392823458,
        "mean": 0.0119363963604,
        "median": 0.00435446994379,
        "min": 1.11337761347e-23,
        "var": 0.000453676242614
    },
    "spectral_energyband_middle_high": {
        "dmean": 0.00337896333076,
        "dmean2": 0.00494373263791,
        "dvar": 2.79544437944e-05,
        "dvar2": 6.71896123094e-05,
        "max": 0.118006527424,
        "mean": 0.0100696356967,
        "median": 0.005659526214,
        "min": 1.28146210613e-21,
        "var": 0.000139146111906
    },
    "spectral_energyband_middle_low": {
        "dmean": 0.00439536431804,
        "dmean2": 0.00707850931212,
        "dvar": 4.19074822275e-05,
        "dvar2": 0.000104998398456,
        "max": 0.132439747453,
        "mean": 0.00915476400405,
        "median": 0.00602947082371,
        "min": 3.40504627949e-22,
        "var": 0.00010264552111
    },
    "spectral_entropy": {
        "dmean": 0.148812770844,
        "dmean2": 0.211779296398,
        "dvar": 0.0187339130789,
        "dvar2": 0.0371093228459,
        "max": 9.8126039505,
        "mean": 7.76109695435,
        "median": 7.8645067215,
        "min": 5.43997859955,
        "var": 0.264264911413
    },
    "spectral_flux": {
        "dmean": 0.0298954024911,
        "dmean2": 0.0464168824255,
        "dvar": 0.00116261350922,
        "dvar2": 0.0024267998524,
        "max": 0.408148914576,
        "mean": 0.102920494974,
        "median": 0.0949447900057,
        "min": 1.03819182418e-10,
        "var": 0.0028357799165
    },
    "spectral_kurtosis": {
        "dmean": 1.28762960434,
        "dmean2": 2.11358118057,
        "dvar": 5.96872138977,
        "dvar2": 17.9249668121,
        "max": 72.2766342163,
        "mean": 3.22701048851,
        "median": 2.27418851852,
        "min": -1.20897948742,
        "var": 16.4625892639
    },
    "spectral_rms": {
        "dmean": 0.000895135162864,
        "dmean2": 0.00131371163297,
        "dvar": 1.03260981632e-06,
        "dvar2": 1.81615030215e-06,
        "max": 0.0134825231507,
        "mean": 0.00510110426694,
        "median": 0.00503035867587,
        "min": 3.24276651538e-12,
        "var": 4.50999777968e-06
    },
    "spectral_rolloff": {
        "dmean": 702.632202148,
        "dmean2": 1118.44775391,
        "dvar": 1295190.875,
        "dvar2": 2651330.25,
        "max": 18690.8203125,
        "mean": 1866.72631836,
        "median": 1378.125,
        "min": 64.599609375,
        "var": 3023933
    },
    "spectral_skewness": {
        "dmean": 0.187045380473,
        "dmean2": 0.292758703232,
        "dvar": 0.0439507029951,
        "dvar2": 0.11757209152,
        "max": 6.35214567184,
        "mean": 1.42008078098,
        "median": 1.35469794273,
        "min": -0.008698948659,
        "var": 0.220779314637
    },
    "spectral_spread": {
        "dmean": 625664.6875,
        "dmean2": 870960.0625,
        "dvar": 577010270208,
        "dvar2": 810098294784,
        "max": 40687396,
        "mean": 5551091,
        "median": 5520949,
        "min": 1024326.8125,
        "var": 3.70058330112e+12
    },
    "spectral_strongpeak": {
        "dmean": 0.735475599766,
        "dmean2": 1.21584820747,
        "dvar": 1.10399341583,
        "dvar2": 2.72655367851,
        "max": 27.2707080841,
        "mean": 1.48993909359,
        "median": 0.593763828278,
        "min": 0,
        "var": 4.4080286026
    },
    "zerocrossingrate": {
        "dmean": 0.0134764974937,
        "dmean2": 0.0153825329617,
        "dvar": 0.000242229740252,
        "dvar2": 0.000276099424809,
        "max": 0.51025390625,
        "mean": 0.0784927234054,
        "median": 0.072265625,
        "min": 0.00244140625,
        "var": 0.00169524759986
    },
    "barkbands": {
        "dmean": [0.000114911985293, 0.00585048692301, 0.00267762783915, 0.00111622456461, 0.00125298358034, 0.000817990978248, 0.000554978905711, 0.000860420288518, 0.00130571064074, 0.0020460113883, 0.000827428593766, 0.000571467215195, 0.000596522877458, 0.000453462649602, 0.000328822148731, 0.000211915074033, 0.000290678290185, 0.000251196499448, 0.000203339528525, 0.000113037182018, 0.000121707940707, 0.000117505980597, 0.000123872305267, 0.000138611212606, 0.000136533315526, 6.2718805566e-05, 4.00305140147e-08],
        "dmean2": [0.000188886406249, 0.00886721443385, 0.00466434052214, 0.00197536312044, 0.00214081909508, 0.00135760195553, 0.000921106839087, 0.00139857875183, 0.0020106676966, 0.00318788411096, 0.00128540210426, 0.000895089877304, 0.000943891413044, 0.000714681460522, 0.000516545667779, 0.000349455018295, 0.000450642575743, 0.000393456459278, 0.000316036690492, 0.000177641617483, 0.000188418882317, 0.000176346322405, 0.000187144149095, 0.000209711623029, 0.000199207861442, 9.26058492041e-05, 7.08369753966e-08],
        "dvar": [4.97383645381e-08, 0.000184919510502, 4.66842575406e-05, 7.99993267719e-06, 5.88186958339e-06, 2.73335808743e-06, 1.68957114965e-06, 6.10683082414e-06, 1.0299616406e-05, 2.2194804842e-05, 4.14587293562e-06, 1.71030148977e-06, 1.72353156813e-06, 9.18422017548e-07, 5.85561224398e-07, 9.40704865116e-07, 1.77370020538e-06, 1.04094806375e-06, 2.40966073761e-07, 3.97724093659e-08, 4.62864520046e-08, 3.99264337148e-08, 3.98476593944e-08, 5.21536023257e-08, 5.63736790582e-08, 1.80291142016e-08, 2.79042536148e-14],
        "dvar2": [1.23386385553e-07, 0.000328663008986, 0.000131373395561, 2.27217624342e-05, 1.59806786542e-05, 7.26618827684e-06, 4.12319195675e-06, 1.60003291967e-05, 2.10082544072e-05, 5.69151961827e-05, 1.01768200693e-05, 3.88677790397e-06, 3.98745896746e-06, 2.10106600207e-06, 1.2961338598e-06, 2.62367257164e-06, 3.88577655031e-06, 2.05561718758e-06, 6.21800154477e-07, 9.36519626293e-08, 1.05667062655e-07, 8.40234051225e-08, 8.91655389523e-08, 1.19636439422e-07, 1.23374888972e-07, 3.62089629391e-08, 7.44885856013e-14],
        "max": [0.00242561358027, 0.145738899708, 0.100081242621, 0.0402806922793, 0.0314806587994, 0.0415528491139, 0.0321103185415, 0.0897851288319, 0.131671100855, 0.133150652051, 0.0616609342396, 0.0423764772713, 0.0376789160073, 0.0224564857781, 0.0239244159311, 0.0440569967031, 0.0785145163536, 0.0548453181982, 0.0140798687935, 0.00411045877263, 0.00752966897562, 0.00402311654761, 0.00292954710312, 0.00377784157172, 0.00418743677437, 0.00219637085684, 5.00687428939e-06],
        "mean": [0.000128545289044, 0.00833154842257, 0.00288532068953, 0.00108104804531, 0.00161896436475, 0.00112426106352, 0.000679334043525, 0.00111055467278, 0.0023774462752, 0.00425807572901, 0.00131707452238, 0.000877258018591, 0.000929907488171, 0.000726294645574, 0.000542590918485, 0.00032592198113, 0.000480869290186, 0.000540541426744, 0.000419291754952, 0.000204385039979, 0.000239396002144, 0.000224556119065, 0.000250354700256, 0.00028126037796, 0.00024869441404, 9.09576774575e-05, 2.90369577272e-08],
        "median": [3.3515796531e-05, 0.00187838682905, 0.00111223908607, 0.000386182480725, 0.000825384398922, 0.00048798462376, 0.000272634148132, 0.000304797082208, 0.000455526576843, 0.000620011356659, 0.000308944901917, 0.000301017862512, 0.000280539883533, 0.00021136214491, 0.000177452107891, 0.000152236752911, 0.000195323635126, 0.000197590183234, 0.000175797147676, 0.000114790076623, 0.000146855221828, 0.000121183446026, 0.000141488591908, 0.000148628110765, 0.000100757417385, 1.91805156646e-05, 1.27425381358e-09],
        "min": [4.53125766593e-24, 3.75170058622e-24, 3.31614957563e-24, 5.58908976868e-24, 3.9903528615e-23, 3.52773453442e-23, 1.61017097269e-23, 9.65590202679e-24, 1.0110245203e-22, 4.33730934929e-23, 3.50168224525e-23, 2.90531980921e-23, 1.06660014972e-22, 8.31851110874e-23, 1.34041679915e-22, 6.17559191672e-23, 1.35356351324e-22, 2.60216132064e-22, 1.82297841344e-22, 3.01259996983e-22, 3.67423061146e-22, 5.4033382375e-22, 5.42540715775e-22, 8.63308069119e-22, 1.06406365268e-21, 1.72163285972e-21, 2.39769387515e-21],
        "var": [6.52585327998e-08, 0.00035197896068, 3.38813260896e-05, 5.69636767977e-06, 6.31052716926e-06, 3.62541481991e-06, 2.09647919291e-06, 7.02963097865e-06, 4.12354202126e-05, 9.61416517384e-05, 9.77645049716e-06, 3.22450910062e-06, 3.78953882318e-06, 2.16071475734e-06, 1.4613891608e-06, 7.10273582172e-07, 2.12459258364e-06, 6.19008278591e-06, 8.98344524103e-07, 7.62551124467e-08, 8.97368863662e-08, 8.75038779213e-08, 9.57540677859e-08, 1.34589001277e-07, 1.40217721878e-07, 3.5153949085e-08, 2.09678533759e-14]
    },
    "erbbands": {
        "dmean": [0.166779950261, 1.41956150532, 3.1075387001, 3.29148054123, 3.82835173607, 4.23111724854, 5.74934673309, 6.88612699509, 7.41342449188, 10.797996521, 20.3950977325, 30.1103019714, 51.9779968262, 51.9014167786, 24.710313797, 21.2660713196, 25.7541389465, 20.8108348846, 19.7970333099, 12.2085514069, 10.8947410583, 16.5584564209, 13.2476320267, 11.3583641052, 7.57598257065, 5.19897413254, 5.09044504166, 4.78680706024, 4.32023906708, 3.80941367149, 3.54269790649, 2.98934674263, 2.37452507019, 1.69450175762, 0.915420770645, 0.405925631523, 0.0964458584785, 0.00239115953445, 7.83251525718e-05, 1.69842005562e-05],
        "dmean2": [0.219657570124, 2.24416923523, 5.28735160828, 5.84601020813, 6.60162258148, 7.29324436188, 9.71490955353, 11.526725769, 12.3645496368, 17.7424793243, 32.3190803528, 45.8247528076, 80.1456604004, 78.7510757446, 38.0415840149, 32.7702255249, 39.8288002014, 32.2824020386, 30.4968013763, 19.2531261444, 17.5593090057, 25.2714080811, 19.9740848541, 17.3034172058, 11.7749967575, 8.17191791534, 8.02557468414, 7.37921190262, 6.53278303146, 5.77048492432, 5.37503814697, 4.60584449768, 3.571434021, 2.5356426239, 1.34771430492, 0.597039043903, 0.144456133246, 0.00356928235851, 0.00011369126878, 2.45718947554e-05],
        "dvar": [0.158608004451, 10.4221286774, 50.7879943848, 85.2357711792, 60.8281822205, 72.7397766113, 113.331718445, 242.245407104, 263.816802979, 753.428710938, 2863.18017578, 6498.82568359, 16280.5400391, 11273.1669922, 3731.45605469, 2264.51123047, 3194.16088867, 1955.54211426, 1725.86535645, 1274.56274414, 2228.57421875, 6388.53515625, 2823.60766602, 945.515991211, 151.456329346, 90.3978042603, 69.4454421997, 90.3712692261, 56.1137123108, 40.1544494629, 31.9617938995, 24.5849514008, 15.2934417725, 8.45683479309, 2.82934999466, 0.692039310932, 0.0467059612274, 2.66116367129e-05, 2.54359591167e-08, 5.15364972919e-10],
        "dvar2": [0.22220851481, 21.5430240631, 138.327545166, 243.956192017, 169.551559448, 198.10458374, 299.953582764, 657.560546875, 664.872802734, 1861.21289062, 7040.53320312, 12668.6367188, 38407.6132812, 28176.328125, 9065.92578125, 4978.58349609, 7421.34326172, 4455.27636719, 3749.36279297, 3288.40625, 5957.95849609, 14118.3095703, 5031.27441406, 2357.10888672, 345.439056396, 213.163757324, 160.723480225, 211.674682617, 118.818786621, 87.1002502441, 71.8786315918, 57.4580421448, 35.2608985901, 19.4236221313, 6.0909576416, 1.41447782516, 0.0960127264261, 5.46152550669e-05, 5.07735293809e-08, 9.73934044524e-10],
        "max": [4.37484169006, 36.2563323975, 100.65839386, 134.600723267, 173.091522217, 127.326034546, 161.2396698, 476.456726074, 419.080566406, 717.64239502, 1775.79833984, 3809.34057617, 4703.4609375, 3075.22143555, 2434.81713867, 1471.81945801, 1854.92541504, 1220.42773438, 1374.55493164, 1205.98278809, 2623.69921875, 5068.27294922, 3661.3972168, 1213.30444336, 334.470825195, 214.178359985, 190.441223145, 404.421264648, 137.257614136, 104.433280945, 90.502746582, 72.9154434204, 70.2687835693, 54.1214179993, 29.2301921844, 12.2020730972, 3.52410411835, 0.111774116755, 0.00290588801727, 0.000274520163657],
        "mean": [0.216521933675, 1.94563603401, 3.70769834518, 3.44352149963, 4.51831579208, 5.23787546158, 7.70008802414, 9.06772613525, 9.45712661743, 14.0846319199, 29.5571842194, 54.5725097656, 113.064216614, 103.197341919, 43.5050582886, 36.9344406128, 43.8640213013, 36.0873832703, 36.5906448364, 21.531463623, 18.8723068237, 29.0059337616, 29.4946289062, 26.427444458, 15.5611047745, 9.74110126495, 9.913397789, 8.99186992645, 8.09710216522, 7.44428825378, 7.18530988693, 5.97561311722, 4.65658426285, 3.13248872757, 1.55383527279, 0.623826444149, 0.128325223923, 0.00335022248328, 0.000133899782668, 4.999466546e-05],
        "median": [0.0346583165228, 0.472213506699, 1.54663228989, 1.4868234396, 2.08676791191, 2.47125601768, 3.29859447479, 3.82625007629, 4.0981297493, 5.05142736435, 9.72946929932, 12.3848114014, 18.6489200592, 23.931022644, 16.7113323212, 13.9980144501, 15.5030002594, 13.6893005371, 12.4384975433, 9.45266628265, 10.0080089569, 12.3954935074, 11.6118478775, 10.2374982834, 8.49416351318, 5.62882518768, 5.77575016022, 5.41422462463, 4.32464027405, 4.08910369873, 4.02256965637, 3.30747652054, 2.28858137131, 1.41945064068, 0.535598695278, 0.155428990722, 0.0218575838953, 0.000645519059617, 4.96969223605e-05, 4.15536960645e-05],
        "min": [1.72021457617e-22, 7.86891302556e-22, 3.35000857747e-21, 1.12309542941e-20, 7.64054065612e-20, 1.05861224164e-19, 1.12002348741e-19, 3.03298101754e-19, 3.26662438541e-19, 2.64954583898e-19, 5.55383642326e-19, 2.08227623164e-18, 1.42229890958e-18, 1.66541876874e-18, 1.8358616087e-18, 2.29071375188e-18, 4.68446856549e-18, 4.57702566214e-18, 5.27140077299e-18, 4.42928706884e-18, 4.14013574596e-18, 7.46057024646e-18, 8.98440154373e-18, 1.44413161806e-17, 1.09207883443e-17, 1.46326480194e-17, 1.45216552705e-17, 1.24782139278e-17, 1.70845089623e-17, 2.03044104127e-17, 1.61063711967e-17, 1.80949415134e-17, 1.22312037348e-17, 8.95326398393e-18, 8.84908058578e-18, 5.73654138863e-18, 3.59043866015e-18, 1.22855015246e-18, 3.19173455467e-19, 3.38169238182e-20],
        "var": [0.307428598404, 17.9947891235, 45.2468070984, 55.246673584, 61.4161148071, 72.548034668, 153.028320312, 294.741760254, 336.770141602, 919.559997559, 4176.53417969, 21141.1835938, 84009.984375, 44225.6835938, 8416.86425781, 5190.9140625, 7639.89941406, 4592.78955078, 5504.97851562, 1754.50537109, 1975.00683594, 7691.08056641, 14823.3310547, 5622.85742188, 545.427246094, 176.76348877, 147.299728394, 144.568832397, 116.008430481, 91.5757217407, 77.811416626, 56.7529983521, 40.3716888428, 20.3561954498, 6.45355415344, 1.41199088097, 0.0830480605364, 5.09499695909e-05, 5.28345118767e-08, 1.53497481392e-09]
    },
    "gfcc": {
        "mean": [14.8922138214, 76.054977417, -128.478805542, 33.0755767822, -70.4191360474, 31.9182491302, -36.22108078, 16.6187171936, -24.7718601227, -1.82219004631, -14.8822507858, -1.79339003563, -7.72558498383],
        "cov": [[4850.51513672, -1474.01831055, 841.273803711, 296.01574707, 193.54473877, 687.316101074, -259.854064941, 683.925170898, -474.978546143, 407.978210449, -337.351959229, 219.904571533, -218.560089111], [-1474.01831055, 1801.26452637, 39.1727371216, 211.689788818, 278.775085449, -300.26675415, 309.870605469, -345.104125977, 307.795501709, -229.876846313, 220.844512939, -110.085098267, 169.853820801], [841.273803711, 39.1727371216, 1543.1685791, 530.182556152, 355.063842773, 316.715087891, -45.9602470398, 199.603515625, -170.837844849, 362.281585693, -101.545684814, 197.233200073, -90.973777771], [296.01574707, 211.689788818, 530.182556152, 492.641479492, 214.257217407, 113.759078979, -14.874001503, 34.2764930725, 18.2721862793, 87.3632202148, 23.0655517578, 22.4248828888, 23.7863712311], [193.54473877, 278.775085449, 355.063842773, 214.257217407, 357.714660645, 111.192893982, 75.9940414429, 50.6438026428, 10.1669750214, 56.0486946106, -4.22011709213, 58.0792999268, 5.17276000977], [687.316101074, -300.26675415, 316.715087891, 113.759078979, 111.192893982, 350.793365479, 20.8411064148, 167.269271851, -105.798988342, 114.02281189, -60.780632019, 50.561920166, -24.3589916229], [-259.854064941, 309.870605469, -45.9602470398, -14.874001503, 75.9940414429, 20.8411064148, 252.840133667, -15.3342266083, 58.9798126221, -78.2532958984, 41.2740287781, -7.07593536377, 42.9902610779], [683.925170898, -345.104125977, 199.603515625, 34.2764930725, 50.6438026428, 167.269271851, -15.3342266083, 267.217468262, -65.3001022339, 106.473251343, -50.8737373352, 60.9411888123, -47.276348114], [-474.978546143, 307.795501709, -170.837844849, 18.2721862793, 10.1669750214, -105.798988342, 58.9798126221, -65.3001022339, 198.273712158, -53.2323875427, 58.5944976807, -61.2879219055, 53.8062744141], [407.978210449, -229.876846313, 362.281585693, 87.3632202148, 56.0486946106, 114.02281189, -78.2532958984, 106.473251343, -53.2323875427, 223.444137573, -20.5812683105, 70.8670654297, -58.7988777161], [-337.351959229, 220.844512939, -101.545684814, 23.0655517578, -4.22011709213, -60.780632019, 41.2740287781, -50.8737373352, 58.5944976807, -20.5812683105, 139.723907471, -1.82704925537, 28.9388580322], [219.904571533, -110.085098267, 197.233200073, 22.4248828888, 58.0792999268, 50.561920166, -7.07593536377, 60.9411888123, -61.2879219055, 70.8670654297, -1.82704925537, 127.098831177, -10.3531446457], [-218.560089111, 169.853820801, -90.973777771, 23.7863712311, 5.17276000977, -24.3589916229, 42.9902610779, -47.276348114, 53.8062744141, -58.7988777161, 28.9388580322, -10.3531446457, 115.314750671]],
        "icov": [[0.000488139863592, -5.84857807553e-05, 0.000309492781525, -0.000483604555484, 1.11051640488e-05, -0.000279470637906, 0.000146903432324, -0.000772940926254, 0.000666712527163, -0.000329833274009, 0.000749882950913, -0.000270181044471, 0.000232350299484], [-5.84857807553e-05, 0.00260253227316, -0.00149748777039, 0.000698164512869, -0.00196524267085, 0.0015219936613, -0.00129936379381, 0.00156376336236, -0.00139489246067, 0.0018469489878, -0.00275708129629, 0.00218219077215, -0.00125405332074], [0.000309492781525, -0.00149748777039, 0.00342946103774, -0.00282598123886, 0.000743110489566, -0.000803469738457, -0.000220293964958, -0.000903270498384, 0.00218609184958, -0.00382917257957, 0.00366587145254, -0.00289592659101, 0.00143706309609], [-0.000483604555484, 0.000698164512869, -0.00282598123886, 0.00586537830532, -0.00214156717993, -0.00030720725772, 0.00148600363173, 0.000958572316449, -0.00214863056317, 0.00227784644812, -0.00386855658144, 0.0029821281787, -0.00211152108386], [1.11051640488e-05, -0.00196524267085, 0.000743110489566, -0.00214156717993, 0.00645784940571, -0.0018732532626, -0.000507928663865, -0.000925644300878, -0.000241131725488, -0.00102049752604, 0.00278453645296, -0.00366116291843, 0.00163291057106], [-0.000279470637906, 0.0015219936613, -0.000803469738457, -0.00030720725772, -0.0018732532626, 0.00713993888348, -0.00265652220696, -0.00121556466911, 0.00207323837094, -0.00117669079918, -0.000734533008654, 0.0030055262614, -0.00237093959004], [0.000146903432324, -0.00129936379381, -0.000220293964958, 0.00148600363173, -0.000507928663865, -0.00265652220696, 0.00730938417837, -0.00120510743, -0.00133226218168, 0.0028173206374, -0.000831174664199, -0.00124255847186, 0.000109799490019], [-0.000772940926254, 0.00156376336236, -0.000903270498384, 0.000958572316449, -0.000925644300878, -0.00121556466911, -0.00120510743, 0.00847485940903, -0.00248457025737, 9.17058277992e-05, -0.00132709334139, -0.000525493349414, 0.000521772832144], [0.000666712527163, -0.00139489246067, 0.00218609184958, -0.00214863056317, -0.000241131725488, 0.00207323837094, -0.00133226218168, -0.00248457025737, 0.0115644559264, -0.00424003973603, 0.00115606910549, 0.00280692172237, -0.00218317937106], [-0.000329833274009, 0.0018469489878, -0.00382917257957, 0.00227784644812, -0.00102049752604, -0.00117669079918, 0.0028173206374, 9.17058277992e-05, -0.00424003973603, 0.0133365020156, -0.00487381173298, -0.000638618366793, 0.00189256924205], [0.000749882950913, -0.00275708129629, 0.00366587145254, -0.00386855658144, 0.00278453645296, -0.000734533008654, -0.000831174664199, -0.00132709334139, 0.00115606910549, -0.00487381173298, 0.0145731978118, -0.00547640491277, 0.00148463458754], [-0.000270181044471, 0.00218219077215, -0.00289592659101, 0.0029821281787, -0.00366116291843, 0.0030055262614, -0.00124255847186, -0.000525493349414, 0.00280692172237, -0.000638618366793, -0.00547640491277, 0.01612643525, -0.00439238734543], [0.000232350299484, -0.00125405332074, 0.00143706309609, -0.00211152108386, 0.00163291057106, -0.00237093959004, 0.000109799490019, 0.000521772832144, -0.00218317937106, 0.00189256924205, 0.00148463458754, -0.00439238734543, 0.0133444042876]]
    },
    "melbands": {
        "dmean": [0.0015592679847, 0.00160938338377, 0.00056647148449, 0.000295692618238, 0.000189473095816, 0.000153109591338, 0.00011222705507, 0.000133986221044, 0.000177739289938, 0.00019381356833, 0.000274425343378, 0.000234050545259, 9.7527197795e-05, 6.24685053481e-05, 6.13900920143e-05, 5.82480352023e-05, 4.09738204326e-05, 3.6432469642e-05, 2.31980993703e-05, 1.53273431351e-05, 1.36562848638e-05, 1.90127957467e-05, 1.54419885803e-05, 1.14809099614e-05, 1.03017364381e-05, 7.72057501308e-06, 4.53518123322e-06, 3.62483956451e-06, 3.411424359e-06, 3.20300500789e-06, 2.86130648419e-06, 2.59856096818e-06, 2.41150246438e-06, 2.22733547162e-06, 2.19531079892e-06, 2.00248291549e-06, 1.94623839889e-06, 1.73953947069e-06, 1.64898244748e-06, 1.46439731452e-06],
        "dmean2": [0.00221513421275, 0.00266758631915, 0.000995801645331, 0.000506136682816, 0.000320877094055, 0.000254859303823, 0.000186944947927, 0.000219514768105, 0.000281680288026, 0.000292923592497, 0.000424501107773, 0.000355436000973, 0.000149867977598, 9.54291244852e-05, 9.45390202105e-05, 9.14615011425e-05, 6.40348298475e-05, 5.70478041482e-05, 3.64699844795e-05, 2.50340308412e-05, 2.24152990995e-05, 2.95785048365e-05, 2.3031994715e-05, 1.74737906491e-05, 1.59344108397e-05, 1.21847479022e-05, 7.23551875126e-06, 5.77579521632e-06, 5.45285593034e-06, 5.05611342305e-06, 4.46298099632e-06, 3.98075280827e-06, 3.69264648725e-06, 3.45232479049e-06, 3.39093503499e-06, 3.11385520035e-06, 3.04860714095e-06, 2.66945130534e-06, 2.51975916399e-06, 2.21863683691e-06],
        "dvar": [1.37283986987e-05, 1.09889697342e-05, 2.20160927711e-06, 3.67139818991e-07, 1.14458742928e-07, 1.0870545708e-07, 6.12626109842e-08, 1.24205783436e-07, 1.95937062131e-07, 2.65489290996e-07, 4.51938404922e-07, 2.42183347154e-07, 6.39621973164e-08, 2.385968223e-08, 1.7586479828e-08, 1.77597332396e-08, 8.36959390682e-09, 6.00680616358e-09, 3.20136672727e-09, 4.41200231904e-09, 3.82813469813e-09, 9.81111725196e-09, 5.10959186073e-09, 2.17459628082e-09, 9.41646871588e-10, 2.58572080414e-10, 5.86138013126e-11, 4.54138358863e-11, 2.99406402449e-11, 3.80598087768e-11, 2.77013776501e-11, 2.03579132718e-11, 1.6446271428e-11, 1.39663246246e-11, 1.2619847875e-11, 1.00460100308e-11, 1.08008636757e-11, 8.15296875151e-12, 7.67907265553e-12, 6.60798152308e-12],
        "dvar2": [2.06575205084e-05, 2.75794809568e-05, 6.28594898444e-06, 9.89651084637e-07, 3.05305519532e-07, 2.92693783877e-07, 1.52137374698e-07, 3.12336879915e-07, 4.57366581941e-07, 5.11374310008e-07, 1.09091502054e-06, 6.07216065873e-07, 1.60564553653e-07, 5.30645714036e-08, 3.83133809123e-08, 4.19142409669e-08, 1.90488744778e-08, 1.33196804697e-08, 7.37536698381e-09, 1.22668719627e-08, 1.06519815191e-08, 2.26998384534e-08, 8.11274158963e-09, 4.1432328679e-09, 2.42940489947e-09, 6.13183948062e-10, 1.41307951451e-10, 1.1005008016e-10, 7.13333975222e-11, 9.33975188855e-11, 6.4190139315e-11, 4.39875219582e-11, 3.67835414905e-11, 3.19128820592e-11, 2.90686814897e-11, 2.37679043114e-11, 2.6068295092e-11, 1.9194713527e-11, 1.8297904858e-11, 1.55950495573e-11],
        "max": [0.0402458310127, 0.0452459417284, 0.0211092885584, 0.00870134308934, 0.00459978263825, 0.00975632388145, 0.00630711112171, 0.010916410014, 0.0139518128708, 0.0254620220512, 0.024177942425, 0.0130735579878, 0.00965550541878, 0.00607277266681, 0.0031181871891, 0.00485861115158, 0.00234398897737, 0.00268708122894, 0.00138358830009, 0.00235300743952, 0.0032816848252, 0.00667089689523, 0.00532680284232, 0.0037215850316, 0.00104048277717, 0.000548115291167, 0.00018127412477, 0.000159693096066, 0.000114669797767, 0.000236312509514, 0.000179352078703, 8.15019884612e-05, 9.33007686399e-05, 6.01572501182e-05, 5.61013912375e-05, 4.6452114475e-05, 5.1844293921e-05, 5.24385759491e-05, 4.41847951151e-05, 4.61347262899e-05],
        "mean": [0.00218367087655, 0.00221143942326, 0.00063477671938, 0.000369958666852, 0.000256362080108, 0.000206585857086, 0.000141879616422, 0.0001737846178, 0.000256485014688, 0.000352898030542, 0.000584870111197, 0.000451766856713, 0.000160065232194, 9.49195818976e-05, 0.000102185797004, 9.05620181584e-05, 6.42439044896e-05, 6.26618711976e-05, 3.72156828234e-05, 2.34218732658e-05, 2.0887433493e-05, 3.02159114653e-05, 2.69931042567e-05, 2.62898120127e-05, 2.13429175346e-05, 1.42067292472e-05, 7.59909562476e-06, 6.11038058196e-06, 6.18401691099e-06, 5.72548697164e-06, 4.98436975249e-06, 4.53161555924e-06, 4.34471940025e-06, 4.08961614085e-06, 4.2251490413e-06, 3.78591266781e-06, 3.62190439773e-06, 3.27145244228e-06, 3.01583941109e-06, 2.526494427e-06],
        "median": [0.000426331418566, 0.000833642552607, 0.000300558109302, 0.000173711800016, 0.00011930250912, 9.18252917472e-05, 5.98406622885e-05, 5.52008714294e-05, 7.66989978729e-05, 6.34870375507e-05, 8.12849975773e-05, 8.90595692908e-05, 4.53242828371e-05, 3.26985536958e-05, 3.23315325659e-05, 2.58099244093e-05, 2.00625254365e-05, 1.84040873137e-05, 1.29655363708e-05, 1.00333591035e-05, 9.93769390334e-06, 1.16045575851e-05, 1.01429559436e-05, 8.82367385202e-06, 7.58182341087e-06, 6.25015036348e-06, 4.24373411079e-06, 3.13464852297e-06, 3.42363296113e-06, 3.30783223035e-06, 2.82690939457e-06, 2.38444454226e-06, 2.20933748096e-06, 2.20457241085e-06, 2.32673255596e-06, 2.14272972698e-06, 1.90553998891e-06, 1.61078833116e-06, 1.38522636917e-06, 1.09043503471e-06],
        "min": [1.64492526539e-24, 1.35257735822e-24, 2.74581674901e-24, 9.91349745564e-24, 3.52659084388e-24, 7.10238767558e-24, 4.86515251039e-24, 2.68661766845e-24, 7.22918996634e-24, 1.39092017917e-23, 7.11318402593e-24, 6.77562097825e-24, 6.06552152353e-24, 5.92232512543e-24, 7.27411401717e-24, 1.18930129464e-23, 7.64302797494e-24, 7.13026286452e-24, 9.70598286135e-24, 5.31563192475e-24, 4.66538137475e-24, 8.52659084298e-24, 5.84201474655e-24, 1.20580284483e-23, 1.16484684323e-23, 7.80441235007e-24, 8.89371093105e-24, 1.02255589968e-23, 7.87174715036e-24, 9.33683618962e-24, 6.40082014598e-24, 8.60960583148e-24, 1.07559417378e-23, 1.05639748031e-23, 8.78964440043e-24, 1.18931012988e-23, 1.00734350599e-23, 7.82763878171e-24, 9.65421701989e-24, 6.15930525225e-24],
        "var": [2.73762834695e-05, 1.48334502228e-05, 1.52205450377e-06, 4.00840605153e-07, 1.45468334267e-07, 1.36134360673e-07, 7.91217473761e-08, 1.50007991806e-07, 3.26075991097e-07, 1.03217257674e-06, 2.27695909416e-06, 8.95293226222e-07, 1.43864312463e-07, 4.24970174606e-08, 4.39971685751e-08, 4.27488764387e-08, 1.82359958245e-08, 1.83235062678e-08, 6.9639010114e-09, 3.55574747424e-09, 2.9540101476e-09, 9.99810545466e-09, 1.40732847598e-08, 2.21967795255e-08, 3.9035930044e-09, 8.20149559377e-10, 1.14367661175e-10, 8.36524460812e-11, 6.08604971974e-11, 6.03334118776e-11, 4.52220899616e-11, 3.82506908092e-11, 3.8853645995e-11, 2.89088891714e-11, 2.86135993371e-11, 2.16684309384e-11, 2.30025564568e-11, 2.01839725489e-11, 1.84835566991e-11, 1.42073852683e-11]
    },
    "mfcc": {
        "mean": [-620.170288086, 98.1627731323, 2.38544607162, 5.64211559296, -0.994776666164, 5.76525020599, 4.23037195206, 11.3160247803, 1.76261591911, 2.41806340218, -0.118877731264, -0.966985344887, -5.39390325546],
        "cov": [[3895.93017578, -1158.3807373, 271.288360596, -98.2406997681, 328.157104492, 20.5554962158, 306.113739014, 145.648345947, 155.191970825, 82.3152999878, 90.2299880981, 12.3291664124, -58.2839889526], [-1158.3807373, 1275.18334961, 27.1123447418, 311.688171387, 32.401222229, 104.53074646, -8.01907444, 37.7244720459, 6.1508102417, -31.6191101074, 12.1880321503, 15.0196752548, 22.3511600494], [271.288360596, 27.1123447418, 971.256774902, 361.726715088, 341.815887451, 210.816558838, 212.479736328, -31.9553508759, 94.4398040771, 15.1253643036, 68.9732666016, 74.547744751, 146.930999756], [-98.2406997681, 311.688171387, 361.726715088, 439.497680664, 236.04006958, 123.508026123, 53.9071578979, -0.733954489231, 50.4493751526, -0.785698831081, 34.558052063, 35.7564506531, 71.3276596069], [328.157104492, 32.401222229, 341.815887451, 236.04006958, 386.248443604, 130.067306519, 112.459747314, 15.8785333633, 75.5027236938, 19.365354538, 56.1385688782, 45.0806732178, 45.2246513367], [20.5554962158, 104.53074646, 210.816558838, 123.508026123, 130.067306519, 223.888000488, 108.626113892, 22.1407413483, 53.0317306519, 26.8043956757, -2.6108109951, 15.2859477997, 35.4155807495], [306.113739014, -8.01907444, 212.479736328, 53.9071578979, 112.459747314, 108.626113892, 253.195587158, 93.0253829956, 48.500377655, 3.07849287987, 41.7791404724, 23.2607383728, 24.6117191315], [145.648345947, 37.7244720459, -31.9553508759, -0.733954489231, 15.8785333633, 22.1407413483, 93.0253829956, 163.112487793, 58.407081604, 2.54960274696, 24.4608058929, 2.95436930656, -30.0680065155], [155.191970825, 6.1508102417, 94.4398040771, 50.4493751526, 75.5027236938, 53.0317306519, 48.500377655, 58.407081604, 131.606842041, 49.911605835, 9.45319747925, -2.22246193886, -1.45227968693], [82.3152999878, -31.6191101074, 15.1253643036, -0.785698831081, 19.365354538, 26.8043956757, 3.07849287987, 2.54960274696, 49.911605835, 106.357696533, 23.2926082611, -3.90720295906, -3.12760353088], [90.2299880981, 12.1880321503, 68.9732666016, 34.558052063, 56.1385688782, -2.6108109951, 41.7791404724, 24.4608058929, 9.45319747925, 23.2926082611, 115.148483276, 50.6796340942, 15.171790123], [12.3291664124, 15.0196752548, 74.547744751, 35.7564506531, 45.0806732178, 15.2859477997, 23.2607383728, 2.95436930656, -2.22246193886, -3.90720295906, 50.6796340942, 98.7906341553, 45.306640625], [-58.2839889526, 22.3511600494, 146.930999756, 71.3276596069, 45.2246513367, 35.4155807495, 24.6117191315, -30.0680065155, -1.45227968693, -3.12760353088, 15.171790123, 45.306640625, 111.999450684]],
