{
"lowlevel": {
    "average_loudness": 0.94979763031,
    "barkbands_crest": {
        "dmean": 3.11417961121,
        "dmean2": 4.94454526901,
        "dvar": 7.76768445969,
        "dvar2": 18.4887104034,
        "max": 26.3325595856,
        "mean": 11.441242218,
        "median": 10.8336486816,
        "min": 1.86075210571,
        "var": 28.2629432678
    },
    "barkbands_flatness_db": {
        "dmean": 0.0243338625878,
        "dmean2": 0.0378460623324,
        "dvar": 0.000495678454172,
        "dvar2": 0.0011574580567,
        "max": 0.551730275154,
        "mean": 0.133442223072,
        "median": 0.119751736522,
        "min": 0.030577911064,
        "var": 0.00426350813359
    },
    "barkbands_kurtosis": {
        "dmean": 2.91961717606,
        "dmean2": 4.73783826828,
        "dvar": 103.159217834,
        "dvar2": 292.911132812,
        "max": 549.347473145,
        "mean": 3.52090787888,
        "median": 0.21000957489,
        "min": -1.95062041283,
        "var": 393.030761719
    },
    "barkbands_skewness": {
        "dmean": 0.596808433533,
        "dmean2": 0.920975327492,
        "dvar": 0.423785239458,
        "dvar2": 1.01117408276,
        "max": 19.8957252502,
        "mean": 1.24664711952,
        "median": 0.968596637249,
        "min": -4.37524414062,
        "var": 1.92748081684
    },
    "barkbands_spread": {
        "dmean": 8.53837108612,
        "dmean2": 13.140045166,
        "dvar": 81.9978713989,
        "dvar2": 178.900177002,
        "max": 115.721595764,
        "mean": 36.1177368164,
        "median": 34.3598365784,
        "min": 0.202837094665,
        "var": 408.123291016
    },
    "dissonance": {
        "dmean": 0.0162685848773,
        "dmean2": 0.0279692038894,
        "dvar": 0.000368885637727,
        "dvar2": 0.00105838326272,
        "max": 0.500000119209,
        "mean": 0.476303756237,
        "median": 0.484512418509,
        "min": 0.221138700843,
        "var": 0.000669232744258
    },
    "dynamic_complexity": 3.10236620903,
    "erbbands_crest": {
        "dmean": 2.71926259995,
        "dmean2": 4.41930961609,
        "dvar": 7.53737068176,
        "dvar2": 19.037481308,
        "max": 30.9825267792,
        "mean": 8.48232078552,
        "median": 6.91478681564,
        "min": 2.25882267952,
        "var": 25.5489406586
    },
    "erbbands_flatness_db": {
        "dmean": 0.017020508647,
        "dmean2": 0.0249659549445,
        "dvar": 0.000259355059825,
        "dvar2": 0.000553459045477,
        "max": 0.426963806152,
        "mean": 0.150576904416,
        "median": 0.130962491035,
        "min": 0.0585283041,
        "var": 0.0037802583538
    },
    "erbbands_kurtosis": {
        "dmean": 1.04869329929,
        "dmean2": 1.68680417538,
        "dvar": 4.38693141937,
        "dvar2": 11.6236343384,
        "max": 72.4872665405,
        "mean": 0.764090418816,
        "median": -0.060818195343,
        "min": -1.79621839523,
        "var": 10.1751995087
    },
    "erbbands_skewness": {
        "dmean": 0.360581159592,
        "dmean2": 0.55377048254,
        "dvar": 0.119519010186,
        "dvar2": 0.278982162476,
        "max": 7.68533802032,
        "mean": 0.186312705278,
        "median": 0.045132085681,
        "min": -4.24094200134,
        "var": 0.792335987091
    },
    "erbbands_spread": {
        "dmean": 8.50283527374,
        "dmean2": 13.1219978333,
        "dvar": 81.5813522339,
        "dvar2": 185.959152222,
        "max": 171.974822998,
        "mean": 41.1784744263,
        "median": 40.4093933105,
        "min": 1.54142594337,
        "var": 385.104248047
    },
    "hfc": {
        "dmean": 12.7971506119,
        "dmean2": 18.8649044037,
        "dvar": 266.97454834,
        "dvar2": 545.384399414,
        "max": 297.63671875,
        "mean": 41.9240875244,
        "median": 34.8825454712,
        "min": 1.14812973425e-16,
        "var": 1213.23986816
    },
    "melbands_crest": {
        "dmean": 4.12513494492,
        "dmean2": 6.5739235878,
        "dvar": 13.1189231873,
        "dvar2": 32.1508216858,
        "max": 35.2701530457,
        "mean": 17.122543335,
        "median": 16.9738540649,
        "min": 2.20472216606,
        "var": 45.0521316528
    },
    "melbands_flatness_db": {
        "dmean": 0.0308071710169,
        "dmean2": 0.0468783266842,
        "dvar": 0.000822564586997,
        "dvar2": 0.00184553209692,
        "max": 0.673676431179,
        "mean": 0.166452929378,
        "median": 0.154639452696,
        "min": 0.00815124250948,
        "var": 0.00692407600582
    },
    "melbands_kurtosis": {
        "dmean": 9.3437204361,
        "dmean2": 14.8064880371,
        "dvar": 375.001678467,
        "dvar2": 910.729736328,
        "max": 676.231689453,
        "mean": 15.3223209381,
        "median": 6.09303188324,
        "min": -1.87996864319,
        "var": 978.002929688
    },
    "melbands_skewness": {
        "dmean": 0.932707726955,
        "dmean2": 1.43851089478,
        "dvar": 1.12859594822,
        "dvar2": 2.56477618217,
        "max": 17.7404937744,
        "mean": 2.77330303192,
        "median": 2.29406166077,
        "min": -1.60448753834,
        "var": 4.31313371658
    },
    "melbands_spread": {
        "dmean": 11.5855932236,
        "dmean2": 18.0825500488,
        "dvar": 191.376235962,
        "dvar2": 414.834899902,
        "max": 204.771636963,
        "mean": 35.9161834717,
        "median": 30.8787994385,
        "min": 0.302471995354,
        "var": 655.890319824
    },
    "pitch_salience": {
        "dmean": 0.0841756090522,
        "dmean2": 0.133931770921,
        "dvar": 0.00623477529734,
        "dvar2": 0.0151329571381,
        "max": 0.961517870426,
        "mean": 0.503528416157,
        "median": 0.510209798813,
        "min": 0.059691645205,
        "var": 0.021847859025
    },
    "silence_rate_20dB": {
        "dmean": 0,
        "dmean2": 0,
        "dvar": 0,
        "dvar2": 0,
        "max": 1,
        "mean": 1,
        "median": 1,
        "min": 1,
        "var": 0
    },
    "silence_rate_30dB": {
        "dmean": 0.0069891884923,
        "dmean2": 0.0139799043536,
        "dvar": 0.00694088451564,
        "dvar2": 0.0201211199164,
        "max": 1,
        "mean": 0.995632231236,
        "median": 1,
        "min": 0,
        "var": 0.00434868503362
    },
    "silence_rate_60dB": {
        "dmean": 0.0165993236005,
        "dmean2": 0.0332022719085,
        "dvar": 0.0163230523467,
        "dvar2": 0.0388683304191,
        "max": 1,
        "mean": 0.0677003711462,
        "median": 0,
        "min": 0,
        "var": 0.0631116256118
    },
    "spectral_centroid": {
        "dmean": 303.322814941,
        "dmean2": 472.229248047,
        "dvar": 102743.445312,
        "dvar2": 218915.15625,
        "max": 10815.5712891,
        "mean": 2040.68615723,
        "median": 2065.66796875,
        "min": 102.868400574,
        "var": 552017.9375
    },
    "spectral_complexity": {
        "dmean": 4.94070100784,
        "dmean2": 7.36631727219,
        "dvar": 24.7205219269,
        "dvar2": 48.5435028076,
        "max": 61,
        "mean": 26.3160076141,
        "median": 27,
        "min": 0,
        "var": 182.065963745
    },
    "spectral_decrease": {
        "dmean": 3.09089442929e-09,
        "dmean2": 4.73447636651e-09,
        "dvar": 1.56694229643e-17,
        "dvar2": 3.7183786855e-17,
        "max": -9.46429960841e-29,
        "mean": -8.74984618093e-09,
        "median": -7.9847239931e-09,
        "min": -5.52143291088e-08,
        "var": 4.15282254589e-17
    },
    "spectral_energy": {
        "dmean": 0.01225764025,
        "dmean2": 0.0186350475997,
        "dvar": 0.00023024949769,
        "dvar2": 0.000537845247891,
        "max": 0.210069611669,
        "mean": 0.0368268378079,
        "median": 0.0348973311484,
        "min": 1.07710871099e-20,
        "var": 0.000665431027301
    },
    "spectral_energyband_high": {
        "dmean": 0.00118653476238,
        "dmean2": 0.00173600891139,
        "dvar": 2.89393938147e-06,
        "dvar2": 5.7764250414e-06,
        "max": 0.0331795625389,
        "mean": 0.00324711459689,
        "median": 0.00207468215376,
        "min": 7.34493490109e-21,
        "var": 1.30607004394e-05
    },
    "spectral_energyband_low": {
        "dmean": 0.00962098687887,
        "dmean2": 0.0151112526655,
        "dvar": 0.00022808284848,
        "dvar2": 0.000567676208448,
        "max": 0.20910564065,
        "mean": 0.0192137025297,
        "median": 0.0132755963132,
        "min": 2.83418695921e-23,
        "var": 0.000444868928753
    },
    "spectral_energyband_middle_high": {
        "dmean": 0.00326730543748,
        "dmean2": 0.00508981058374,
        "dvar": 2.7651545679e-05,
        "dvar2": 6.52445523883e-05,
        "max": 0.123459592462,
        "mean": 0.00889689289033,
        "median": 0.00582859665155,
        "min": 2.05645743672e-21,
        "var": 0.000110035718535
    },
    "spectral_energyband_middle_low": {
        "dmean": 0.00327633577399,
        "dmean2": 0.00537173217162,
        "dvar": 2.24190152949e-05,
        "dvar2": 5.73551369598e-05,
        "max": 0.0643879845738,
        "mean": 0.00628585135564,
        "median": 0.00424212263897,
        "min": 2.56285307593e-22,
        "var": 4.19608259108e-05
    },
    "spectral_entropy": {
        "dmean": 0.127356722951,
        "dmean2": 0.186963945627,
        "dvar": 0.0156976766884,
        "dvar2": 0.0341411866248,
        "max": 9.7926607132,
        "mean": 7.96494436264,
        "median": 8.10358428955,
        "min": 5.09265851974,
        "var": 0.248620122671
    },
    "spectral_flux": {
        "dmean": 0.0278087444603,
        "dmean2": 0.042205773294,
        "dvar": 0.000889227085281,
        "dvar2": 0.00188502727542,
        "max": 0.32986292243,
        "mean": 0.103445708752,
        "median": 0.098089851439,
        "min": 1.0378384957e-10,
        "var": 0.00272317836061
    },
    "spectral_kurtosis": {
        "dmean": 1.02354454994,
        "dmean2": 1.72353291512,
        "dvar": 4.20145988464,
        "dvar2": 12.0740995407,
        "max": 54.3100013733,
        "mean": 2.46037387848,
        "median": 1.51138949394,
        "min": -1.2790312767,
        "var": 14.4961624146
    },
    "spectral_rms": {
        "dmean": 0.000957562937401,
        "dmean2": 0.00142723508179,
        "dvar": 1.01002649444e-06,
        "dvar2": 2.14726992454e-06,
        "max": 0.0143159339204,
        "mean": 0.00553283607587,
        "median": 0.00583491008729,
        "min": 3.24166279757e-12,
        "var": 5.31628938916e-06
    },
    "spectral_rolloff": {
        "dmean": 905.258972168,
        "dmean2": 1455.98791504,
        "dvar": 1541804.375,
        "dvar2": 3210098,
        "max": 18497.0214844,
        "mean": 2520.04125977,
        "median": 1808.7890625,
        "min": 64.599609375,
        "var": 4718891
    },
    "spectral_skewness": {
        "dmean": 0.160507082939,
        "dmean2": 0.260943800211,
        "dvar": 0.0336791649461,
        "dvar2": 0.0918423458934,
        "max": 5.52097797394,
        "mean": 1.17877197266,
        "median": 1.08325886726,
        "min": -0.533819913864,
        "var": 0.229359403253
    },
    "spectral_spread": {
        "dmean": 547930.4375,
        "dmean2": 778307.6875,
        "dvar": 363074125824,
        "dvar2": 576861962240,
        "max": 39181296,
        "mean": 5410904.5,
        "median": 5554662,
        "min": 1275166.25,
        "var": 2.49329641062e+12
    },
    "spectral_strongpeak": {
        "dmean": 0.538860559464,
        "dmean2": 0.926077544689,
        "dvar": 1.05116248131,
        "dvar2": 2.69862222672,
        "max": 14.164891243,
        "mean": 0.851601779461,
        "median": 0.393034338951,
        "min": 0,
        "var": 1.79540705681
    },
    "zerocrossingrate": {
        "dmean": 0.015424397774,
        "dmean2": 0.0181410666555,
        "dvar": 0.000299801991787,
        "dvar2": 0.000355160620529,
        "max": 0.54345703125,
        "mean": 0.0904506072402,
        "median": 0.0810546875,
        "min": 0.00244140625,
        "var": 0.0023963151034
    },
    "barkbands": {
        "dmean": [0.000273813086096, 0.00716681033373, 0.00399138731882, 0.000747720245272, 0.000790247926489, 0.000625870889053, 0.000319262879202, 0.000499512883835, 0.00130381865893, 0.00108719593845, 0.001017572009, 0.000792586186435, 0.00050516135525, 0.000571242300794, 0.000493818894029, 0.000333177798893, 0.000318898906698, 0.000304392946418, 0.000268539763056, 0.000285705522401, 0.000247413263423, 0.000259882537648, 0.000293884862913, 0.000309143972117, 0.000213765786611, 7.64674186939e-05, 6.89252388497e-08],
        "dmean2": [0.000419042538851, 0.011233875528, 0.00679270690307, 0.00132866075728, 0.00133756024297, 0.00102085911203, 0.000536661129445, 0.000818134692963, 0.00210757763125, 0.00178811035585, 0.0016232727794, 0.00128173723351, 0.000812972488347, 0.000923001207411, 0.000801470712759, 0.00055731536122, 0.000516367901582, 0.00049568049144, 0.000446219317382, 0.000461852032458, 0.000399886572268, 0.000404537364375, 0.000451861938927, 0.000465680321213, 0.00031944992952, 0.000118259275041, 1.22617322518e-07],
        "dvar": [1.73358841948e-07, 0.000115368020488, 0.000111400186142, 2.93806829177e-06, 3.37106121151e-06, 1.49698473706e-06, 4.27837761663e-07, 2.94834080705e-06, 8.84405835677e-06, 9.88563078863e-06, 1.17807812785e-05, 6.53643473925e-06, 1.24946961932e-06, 1.50540904542e-06, 8.09212451713e-07, 3.45486853348e-07, 3.3840220226e-07, 2.94682706681e-07, 1.71103508251e-07, 1.67886511804e-07, 1.25913174998e-07, 1.41463175396e-07, 1.8825613779e-07, 2.80650510831e-07, 1.40851284414e-07, 2.74309428505e-08, 1.10776703565e-13],
        "dvar2": [4.05982689244e-07, 0.000294967845548, 0.000288211303996, 8.35153241496e-06, 8.58968360262e-06, 3.63139929505e-06, 1.10034079626e-06, 7.2423272286e-06, 2.2128368073e-05, 2.60563519987e-05, 2.73831628874e-05, 1.46257179949e-05, 3.02583293887e-06, 3.73136163034e-06, 2.0651500563e-06, 9.14939505492e-07, 8.23571213004e-07, 7.45541626657e-07, 4.48897282013e-07, 4.29390979662e-07, 3.18425151136e-07, 3.33608625169e-07, 4.27358457955e-07, 5.96712084189e-07, 3.00357868355e-07, 6.28808152214e-08, 2.82726966838e-13],
        "max": [0.00826560799032, 0.170231714845, 0.0889568477869, 0.0419239327312, 0.0308911688626, 0.026057081297, 0.0157906860113, 0.0581132248044, 0.0585875622928, 0.0638653412461, 0.1120737046, 0.105198800564, 0.0267744548619, 0.0443336553872, 0.0214279182255, 0.0120486058295, 0.0158052071929, 0.0136164622381, 0.00766506651416, 0.00596424704418, 0.00605561723933, 0.00740896863863, 0.00824487395585, 0.0134882079437, 0.00837894808501, 0.00352880381979, 1.94996755454e-05],
        "mean": [0.000467698875582, 0.0141528984532, 0.00410326663405, 0.000782288843766, 0.000994823407382, 0.000888775859494, 0.000408681109548, 0.000646034721285, 0.00194720609579, 0.00165301095694, 0.00148985232227, 0.00124432903249, 0.00074280082481, 0.000868975068443, 0.000809709366877, 0.000511212856509, 0.000540272623766, 0.000546285649762, 0.000495202664752, 0.000586177338846, 0.000528523756657, 0.000569083029404, 0.000701690616552, 0.000689268345013, 0.000365186599083, 9.33242044994e-05, 4.83807944818e-08],
        "median": [0.000163939635968, 0.00847845897079, 0.00108138448559, 0.000300961313769, 0.00040982637438, 0.00037952081766, 0.000197222994757, 0.000178553076694, 0.000623371626716, 0.000295391539112, 0.00030421448173, 0.000351954280632, 0.000275365367997, 0.000341744191246, 0.00042367412243, 0.000301560561638, 0.000288563926006, 0.000294250145089, 0.000349543697666, 0.000385672406992, 0.000329570873873, 0.000339920254191, 0.000445638957899, 0.000365744286682, 0.000139033043524, 2.56277089647e-05, 2.0221624375e-09],
        "min": [3.19487680538e-24, 1.00419729204e-23, 1.46507941515e-23, 5.96245092981e-24, 3.17569147151e-23, 1.19854363634e-22, 4.46355454648e-23, 5.26167659984e-24, 4.27326835882e-23, 8.05269969356e-23, 9.71382682088e-23, 1.02198444884e-22, 2.05437428857e-22, 1.00578010989e-22, 1.97495429699e-22, 1.81396280614e-22, 1.34170093849e-22, 2.25320737393e-22, 4.53881888193e-22, 4.71850700731e-22, 4.46675460808e-22, 4.56222015669e-22, 6.10205594397e-22, 7.78834167571e-22, 1.23043166604e-21, 1.7694960422e-21, 2.09110693398e-21],
        "var": [4.81472454794e-07, 0.000265339651378, 9.17301149457e-05, 2.18000809582e-06, 4.1827588575e-06, 2.3745112685e-06, 5.40384917258e-07, 4.09771291743e-06, 1.70566090674e-05, 2.01758739422e-05, 2.33697082876e-05, 1.96935889107e-05, 2.45739693128e-06, 2.96947450806e-06, 1.57833255798e-06, 5.01558872656e-07, 6.78776871155e-07, 6.7170026341e-07, 3.09996693204e-07, 4.38850776163e-07, 3.67383336197e-07, 4.74476109957e-07, 6.41024939796e-07, 9.6870166999e-07, 3.56641180588e-07, 3.72154573824e-08, 8.40203354482e-14]
    },
    "erbbands": {
        "dmean": [0.228995770216, 1.61435329914, 4.5152182579, 3.21631288528, 2.10039830208, 2.88409638405, 4.21057796478, 5.61022138596, 4.06579399109, 6.657538414, 12.8129367828, 29.8369216919, 35.8845596313, 31.8328018188, 40.0633583069, 28.4901943207, 22.3702869415, 27.2537822723, 26.6133079529, 19.4970760345, 18.5566768646, 16.3721656799, 16.2204437256, 13.3723316193, 13.6647787094, 13.2749528885, 10.9100427628, 9.33544158936, 9.05446910858, 9.6324634552, 8.74959468842, 6.97661018372, 5.09637069702, 2.88323140144, 1.30458211899, 0.541655421257, 0.109131343663, 0.00301588908769, 9.94476940832e-05, 2.11866954487e-05],
        "dmean2": [0.336897313595, 2.56802654266, 7.47341489792, 5.51265287399, 3.62549781799, 4.90402698517, 6.91127586365, 9.239569664, 6.86556816101, 11.0145616531, 20.9075775146, 48.5494537354, 57.2427406311, 52.8709335327, 63.0756416321, 45.8835487366, 35.6474952698, 44.0942382812, 42.8184280396, 31.9512195587, 30.805103302, 26.3989200592, 26.1651535034, 22.0453548431, 22.4547290802, 21.5184574127, 17.7859363556, 15.031826973, 14.1599903107, 14.7854671478, 13.7203826904, 10.7034597397, 7.71507167816, 4.34550237656, 1.96448862553, 0.833536446095, 0.169434130192, 0.00460664601997, 0.00014797662152, 3.09080896841e-05],
        "dvar": [0.11383356154, 6.75663995743, 127.407241821, 59.2092399597, 22.005569458, 51.2898597717, 94.3505935669, 142.602416992, 72.1845932007, 314.58013916, 1554.58288574, 6488.52734375, 8607.71875, 10485.6660156, 15333.8242188, 5821.01416016, 2764.47924805, 3643.36694336, 2637.2109375, 1068.00805664, 1138.52563477, 893.923583984, 853.145385742, 454.464630127, 434.755004883, 361.076263428, 257.568328857, 186.70111084, 171.949798584, 197.964538574, 169.273986816, 138.897384644, 82.9899902344, 27.492609024, 5.35103273392, 1.22409451008, 0.0701471716166, 5.31862679054e-05, 4.50649828565e-08, 6.67981281399e-10],
        "dvar2": [0.252252161503, 17.3061943054, 318.462738037, 161.421905518, 58.7326889038, 130.648132324, 214.726852417, 361.711181641, 185.024398804, 812.244812012, 3748.82739258, 16611.21875, 22049.25, 28509.1367188, 34823.6171875, 13732.8427734, 6620.55810547, 9566.328125, 6443.8828125, 2699.73803711, 2960.32788086, 2141.54663086, 2111.97241211, 1187.59069824, 1114.734375, 928.017150879, 664.005432129, 459.987884521, 406.593048096, 465.089508057, 391.502044678, 304.209350586, 183.163146973, 59.8189239502, 11.7132291794, 2.79992818832, 0.163856714964, 0.000117759089335, 9.78074439217e-08, 1.3756070727e-09],
        "max": [3.57622146606, 47.3480033875, 93.9473571777, 125.725608826, 92.3693466187, 144.072875977, 405.15737915, 266.422912598, 227.028671265, 547.64831543, 1148.49719238, 1736.80957031, 1666.32189941, 3178.04980469, 4109.09716797, 2802.81103516, 1486.34655762, 1329.81677246, 1613.61340332, 601.91229248, 574.741088867, 1037.07165527, 761.86517334, 562.145568848, 393.798095703, 273.892272949, 255.618286133, 237.509140015, 309.207183838, 278.903839111, 244.926925659, 271.806762695, 286.651641846, 111.919410706, 45.0534362793, 21.3126850128, 5.16943311691, 0.268023133278, 0.00640123337507, 0.000498900422826],
        "mean": [0.453224271536, 2.96754860878, 5.14403390884, 3.65978717804, 2.392141819, 3.51920437813, 5.67932891846, 7.72291564941, 5.38586807251, 9.12484073639, 17.7968482971, 44.2364387512, 54.8804893494, 53.0583000183, 65.3037719727, 46.7859191895, 36.2163276672, 43.5863876343, 44.952999115, 33.6701316833, 30.5589313507, 30.0623970032, 30.4824123383, 25.8288078308, 26.5390071869, 27.5044536591, 22.932466507, 19.9772491455, 19.5232334137, 21.4341640472, 19.9179668427, 15.625670433, 10.6489591599, 5.11292886734, 2.025598526, 0.711735486984, 0.12294524163, 0.00350965675898, 0.000155447472935, 6.2676052039e-05],
        "median": [0.243039995432, 1.56455039978, 1.83779978752, 1.44431471825, 1.11027109623, 1.28962850571, 2.0930314064, 3.27071785927, 2.8445930481, 3.83348035812, 5.97580528259, 13.2860546112, 15.9786710739, 12.8889484406, 17.398475647, 16.7936820984, 14.6633329391, 17.8836135864, 23.4361743927, 20.701461792, 17.9444313049, 16.6507072449, 16.6331539154, 18.3164405823, 17.8929405212, 18.3421077728, 14.53495121, 12.1501522064, 11.6385383606, 13.0352897644, 12.7544574738, 9.14934444427, 5.11278247833, 2.04100894928, 0.692054152489, 0.195502996445, 0.0312973707914, 0.000947849475779, 7.03390396666e-05, 5.70385454921e-05],
        "min": [1.10825566583e-22, 3.07651835237e-21, 1.88497126351e-20, 1.33800244554e-20, 7.88906900987e-20, 1.09519475659e-19, 5.76678114727e-19, 8.63542490004e-19, 6.39664661349e-19, 4.97031736977e-19, 2.91071390023e-19, 1.05221189287e-18, 1.49270542139e-18, 3.68623444689e-18, 3.46202466032e-18, 6.41788426892e-18, 8.59138652801e-18, 4.54199621756e-18, 9.6379958232e-18, 1.25737971291e-17, 6.21799814185e-18, 7.77676334434e-18, 1.24256846502e-17, 1.64504700597e-17, 2.50520400083e-17, 2.43495634905e-17, 1.65044932255e-17, 1.81802751198e-17, 1.51985603268e-17, 1.50803380193e-17, 1.82837206728e-17, 1.56702104402e-17, 1.45250930331e-17, 1.27918617909e-17, 9.6372232365e-18, 6.14910185504e-18, 3.27553058736e-18, 1.25077153244e-18, 3.04639969653e-19, 2.79217853071e-20],
        "var": [0.306575238705, 13.7008218765, 118.413734436, 47.6435699463, 18.5148735046, 67.3518676758, 171.093551636, 194.85546875, 86.7640304565, 427.515136719, 2246.19848633, 11611.8193359, 16079.8808594, 24309.7714844, 38822.5234375, 15532.1005859, 5770.92822266, 6633.08984375, 5445.10644531, 1981.09436035, 1763.59802246, 1975.26318359, 2076.63549805, 880.903564453, 884.72467041, 918.88470459, 701.520385742, 530.786682129, 563.605773926, 652.343444824, 522.71685791, 431.519805908, 266.405944824, 72.7008132935, 11.6610422134, 1.80387794971, 0.0857003927231, 6.83294492774e-05, 6.98591122728e-08, 2.18442464117e-09]
    },
    "gfcc": {
        "mean": [21.901424408, 63.342502594, -131.003555298, 48.2398262024, -66.1439208984, 39.3437004089, -32.1438484192, 18.1572914124, -17.9676418304, 1.6354547739, -11.0146493912, -1.56962656975, -5.24945449829],
        "cov": [[9069.953125, -2406.12695312, 1114.3269043, 848.729125977, 211.907485962, 1278.13439941, -291.575378418, 939.488891602, -378.965545654, 854.953918457, -299.179168701, 553.238769531, -98.5135498047], [-2406.12695312, 1652.43554688, -7.80456018448, -72.0699234009, 214.226409912, -375.085113525, 299.295166016, -249.440048218, 239.832565308, -238.665420532, 168.122558594, -176.341217041, 60.0959587097], [1114.3269043, -7.80456018448, 1585.49511719, 680.25390625, 473.555267334, 297.429351807, 12.843960762, 315.715454102, -102.627105713, 348.187164307, -119.441612244, 236.510971069, -58.5780944824], [848.729125977, -72.0699234009, 680.25390625, 599.242675781, 266.350830078, 195.64125061, 4.88325548172, 174.056289673, -0.12554346025, 159.213531494, -10.4513263702, 108.558547974, 21.717206955], [211.907485962, 214.226409912, 473.555267334, 266.350830078, 355.439483643, 136.447418213, 124.936157227, 92.4873886108, 9.55860233307, 109.621932983, 1.25556206703, 71.0996170044, -3.32279968262], [1278.13439941, -375.085113525, 297.429351807, 195.64125061, 136.447418213, 416.309539795, 72.6599960327, 178.710189819, -73.5558166504, 185.296966553, -22.8736438751, 83.2081298828, 7.22965288162], [-291.575378418, 299.295166016, 12.843960762, 4.88325548172, 124.936157227, 72.6599960327, 257.671295166, 18.3787269592, 51.8149261475, -12.7707204819, 55.064994812, -26.511302948, 19.5955543518], [939.488891602, -249.440048218, 315.715454102, 174.056289673, 92.4873886108, 178.710189819, 18.3787269592, 246.67590332, 1.64886617661, 138.991943359, -33.154094696, 96.9493408203, -0.415005147457], [-378.965545654, 239.832565308, -102.627105713, -0.12554346025, 9.55860233307, -73.5558166504, 51.8149261475, 1.64886617661, 159.977035522, -37.9753417969, 57.1424713135, -27.5586128235, 30.2074737549], [854.953918457, -238.665420532, 348.187164307, 159.213531494, 109.621932983, 185.296966553, -12.7707204819, 138.991943359, -37.9753417969, 219.581008911, -16.1141109467, 104.981384277, -15.6092863083], [-299.179168701, 168.122558594, -119.441612244, -10.4513263702, 1.25556206703, -22.8736438751, 55.064994812, -33.154094696, 57.1424713135, -16.1141109467, 125.441642761, -2.28918027878, 45.7744560242], [553.238769531, -176.341217041, 236.510971069, 108.558547974, 71.0996170044, 83.2081298828, -26.511302948, 96.9493408203, -27.5586128235, 104.981384277, -2.28918027878, 147.791442871, 11.9204711914], [-98.5135498047, 60.0959587097, -58.5780944824, 21.717206955, -3.32279968262, 7.22965288162, 19.5955543518, -0.415005147457, 30.2074737549, -15.6092863083, 45.7744560242, 11.9204711914, 92.4111938477]],
        "icov": [[0.000393057562178, -0.0001065975448, 0.00043002970051, -0.000428659870522, 0.000209392630495, -0.000767787918448, 0.000420027994551, -0.000811228295788, 0.00038090403541, -0.000494542939123, 0.000494297302794, -0.000640456506517, 0.000466276833322], [-0.0001065975448, 0.00287135946564, -0.0016004005447, 0.00113574264105, -0.00183551921509, 0.00212654308416, -0.00195424025878, 0.00193543778732, -0.00216943118721, 0.00125436414964, -0.00203218054958, 0.00240782625042, -0.00145453447476], [0.00043002970051, -0.0016004005447, 0.00358436093666, -0.00261156680062, -0.000209326375625, -0.000844059337396, 0.00105230545159, -0.00242652092129, 0.00253848754801, -0.00273273140192, 0.00288584269583, -0.00266927224584, 0.00183295249008], [-0.000428659870522, 0.00113574264105, -0.00261156680062, 0.0052874609828, -0.00252625276335, 0.000259444204858, 0.000823221052997, 0.000713521847501, -0.00216003344394, 0.00200810236856, -0.00254074367695, 0.00232689385302, -0.00237243366428], [0.000209392630495, -0.00183551921509, -0.000209326375625, -0.00252625276335, 0.00863322801888, -0.00191957480274, -0.00231711543165, 0.000250921497354, 0.000412536697695, -0.00172813562676, 0.002072064206, -0.00324442074634, 0.00179632904474], [-0.000767787918448, 0.00212654308416, -0.000844059337396, 0.000259444204858, -0.00191957480274, 0.00904310960323, -0.00437027402222, 0.000172842570464, 0.00134820165113, -0.00249589513987, -0.00151270930655, 0.00376907573082, -0.00324560026638], [0.000420027994551, -0.00195424025878, 0.00105230545159, 0.000823221052997, -0.00231711543165, -0.00437027402222, 0.00937019940466, -0.0031873320695, 0.000364683801308, 0.00136782391928, -0.00149532093201, 0.000123660298414, 0.00128611689433], [-0.000811228295788, 0.00193543778732, -0.00242652092129, 0.000713521847501, 0.000250921497354, 0.000172842570464, -0.0031873320695, 0.0124636879191, -0.0057264235802, -0.000338256184477, 0.00111865473446, -0.000932081777137, -0.00172106362879], [0.00038090403541, -0.00216943118721, 0.00253848754801, -0.00216003344394, 0.000412536697695, 0.00134820165113, 0.000364683801308, -0.0057264235802, 0.0126145491377, -0.00197357498109, -0.00135444104671, 0.000112295696454, -6.0496822698e-05], [-0.000494542939123, 0.00125436414964, -0.00273273140192, 0.00200810236856, -0.00172813562676, -0.00249589513987, 0.00136782391928, -0.000338256184477, -0.00197357498109, 0.0142978960648, -0.0043554874137, -0.00178232439794, 0.00174201279879], [0.000494297302794, -0.00203218054958, 0.00288584269583, -0.00254074367695, 0.002072064206, -0.00151270930655, -0.00149532093201, 0.00111865473446, -0.00135444104671, -0.0043554874137, 0.0160700455308, -0.00485523277894, -0.00283688143827], [-0.000640456506517, 0.00240782625042, -0.00266927224584, 0.00232689385302, -0.00324442074634, 0.00376907573082, 0.000123660298414, -0.000932081777137, 0.000112295696454, -0.00178232439794, -0.00485523277894, 0.0162836425006, -0.00496265059337], [0.000466276833322, -0.00145453447476, 0.00183295249008, -0.00237243366428, 0.00179632904474, -0.00324560026638, 0.00128611689433, -0.00172106362879, -6.0496822698e-05, 0.00174201279879, -0.00283688143827, -0.00496265059337, 0.0163810197264]]
    },
    "melbands": {
        "dmean": [0.0019866602961, 0.00212874333374, 0.000525839976035, 0.000164224751643, 0.00014529870532, 0.000120961340144, 6.33678719169e-05, 7.86439850344e-05, 0.000115751325211, 0.000198941314011, 0.000179962749826, 0.000128888466861, 0.000146765189129, 0.00010325943731, 5.20198736922e-05, 5.18752276548e-05, 5.35384533578e-05, 4.58984723082e-05, 3.39969337801e-05, 2.2629103114e-05, 2.33004284382e-05, 1.85166663869e-05, 1.84443852049e-05, 1.52298425746e-05, 1.14475333248e-05, 1.09216389319e-05, 1.06976076495e-05, 9.36730612011e-06, 7.83435189078e-06, 6.51723848932e-06, 5.87019258091e-06, 5.32515196028e-06, 6.05595232628e-06, 5.58509054827e-06, 5.50477943762e-06, 4.89896410727e-06, 4.47330921816e-06, 3.92139418182e-06, 3.2585860481e-06, 2.31296417041e-06],
        "dmean2": [0.00304229836911, 0.0033920626156, 0.000893022457603, 0.00028151582228, 0.000239727829467, 0.00019847007934, 0.000106751824205, 0.000129862659378, 0.000189019745449, 0.000323432817822, 0.000288488343358, 0.000214419313124, 0.000232354112086, 0.000164062395925, 8.46244074637e-05, 8.3624443505e-05, 8.71053925948e-05, 7.41243420634e-05, 5.50781733182e-05, 3.78104014089e-05, 3.88148800994e-05, 3.02857242787e-05, 2.99885778077e-05, 2.51533510891e-05, 1.89765287359e-05, 1.81981595233e-05, 1.73432890733e-05, 1.53565888468e-05, 1.29511017803e-05, 1.06664047053e-05, 9.57520842348e-06, 8.44597070682e-06, 9.67337382463e-06, 8.65255151439e-06, 8.84376004251e-06, 7.57831230658e-06, 7.00455711922e-06, 6.0313668655e-06, 5.02318334838e-06, 3.52986717189e-06],
        "dvar": [8.33021658764e-06, 1.96338733076e-05, 1.4679051219e-06, 1.50802335952e-07, 1.07435042196e-07, 6.07405894471e-08, 1.63205626791e-08, 5.5905758245e-08, 1.06319063775e-07, 2.63762359509e-07, 2.19402494395e-07, 1.81736837135e-07, 2.45243313657e-07, 1.10987862456e-07, 1.36340911894e-08, 1.19502319151e-08, 1.56381201322e-08, 8.53977777382e-09, 4.06015754351e-09, 1.51104506685e-09, 1.8988337569e-09, 1.16933140948e-09, 1.47300316389e-09, 6.89839518841e-10, 3.66762509252e-10, 3.07028125146e-10, 3.01216523946e-10, 1.91019963736e-10, 1.46296516568e-10, 1.09272667304e-10, 7.93668880616e-11, 6.1335603263e-11, 8.37740779525e-11, 6.87578952108e-11, 6.66530441951e-11, 6.74492892094e-11, 5.87593168566e-11, 5.08519060194e-11, 3.55093281168e-11, 1.78860086464e-11],
        "dvar2": [2.02221508516e-05, 4.76970599266e-05, 3.94273320126e-06, 3.97505829142e-07, 2.49953103548e-07, 1.52234349571e-07, 4.17089012217e-08, 1.40733362741e-07, 2.54927073229e-07, 6.67738788707e-07, 5.59959971724e-07, 4.97340522543e-07, 5.74629041239e-07, 2.45162340207e-07, 3.29674456623e-08, 2.95113515847e-08, 4.09327398643e-08, 1.97946725677e-08, 1.01521200335e-08, 4.06715594536e-09, 4.93840035531e-09, 2.8862432444e-09, 3.58260532352e-09, 1.76885628367e-09, 9.63373270046e-10, 8.0702206029e-10, 7.46877282243e-10, 4.99727370595e-10, 3.83883785871e-10, 2.90041157758e-10, 2.01967484403e-10, 1.49822834694e-10, 2.11047943011e-10, 1.65136140873e-10, 1.64089700161e-10, 1.5070626691e-10, 1.33978550476e-10, 1.15836368275e-10, 8.16290091077e-11, 3.95112241536e-11],
        "max": [0.0310020241886, 0.0550220832229, 0.0197708886117, 0.00747078377753, 0.011361383833, 0.00525566888973, 0.00341732474044, 0.00862626451999, 0.00837740674615, 0.0116503397003, 0.00863678753376, 0.0118257692084, 0.0174471102655, 0.0134546225891, 0.00363130145706, 0.00276226480491, 0.00300756143406, 0.00386758521199, 0.00187757075764, 0.00114863121416, 0.000894820666872, 0.00100345083047, 0.00109909765888, 0.000597787962761, 0.000514541985467, 0.000327252346324, 0.000298561266391, 0.000202581315534, 0.000195180051378, 0.000174277098267, 0.000153590124683, 0.000149423023686, 0.00018734652258, 0.000162465934409, 0.000164483542903, 0.000204768992262, 0.000174265733222, 0.000233121550991, 0.000132957618916, 8.61284061102e-05],
        "mean": [0.00399818643928, 0.00317916460335, 0.000619253900368, 0.000196933149709, 0.000198729452677, 0.000168707279954, 8.41579239932e-05, 0.000106657920696, 0.000155802525114, 0.000294924044283, 0.000268627016339, 0.000206627868465, 0.000224332878133, 0.000163551841979, 7.95952873887e-05, 7.75395019446e-05, 8.11055433587e-05, 7.2508919402e-05, 5.54506659682e-05, 3.52061215381e-05, 3.58123033948e-05, 3.03073902614e-05, 3.12024931191e-05, 2.55801642197e-05, 2.00388039957e-05, 1.91324725165e-05, 1.97719091375e-05, 1.77470283234e-05, 1.49057232193e-05, 1.21345401567e-05, 1.14771537483e-05, 1.07182422653e-05, 1.15429720609e-05, 1.19464602903e-05, 1.15992979772e-05, 1.04974069473e-05, 9.21555783862e-06, 7.87385852163e-06, 5.88426155446e-06, 3.7573490772e-06],
        "median": [0.00235798931681, 0.00169481511693, 0.000265311799012, 8.51992881508e-05, 7.66252487665e-05, 7.26094076526e-05, 4.43703320343e-05, 4.05225364375e-05, 4.96192878927e-05, 8.6890613602e-05, 7.08847510396e-05, 4.26425758633e-05, 4.99124653288e-05, 4.46145932074e-05, 3.20740000461e-05, 2.98666946037e-05, 2.90585685434e-05, 3.40550031979e-05, 2.95448717225e-05, 2.16398566408e-05, 1.97306653718e-05, 1.58398725034e-05, 1.47892860696e-05, 1.41969321703e-05, 1.34007068482e-05, 1.25145597849e-05, 1.17056533782e-05, 1.1324341358e-05, 9.14441261557e-06, 6.69233713779e-06, 6.8228573582e-06, 6.07839638178e-06, 6.59928991809e-06, 7.33443084755e-06, 7.34603236197e-06, 6.47062870485e-06, 5.10498421136e-06, 3.80166761715e-06, 2.44323609877e-06, 1.39435155688e-06],
        "min": [2.03045993079e-24, 7.81735597981e-24, 4.33269033203e-24, 6.8344029486e-24, 1.687280864e-23, 2.11917510986e-23, 9.45650402236e-24, 4.28999678541e-24, 3.07470607382e-24, 6.47481017129e-24, 7.46352109824e-24, 1.4673630097e-23, 1.3271582877e-23, 1.01374179902e-23, 2.42106176532e-23, 1.51469277075e-23, 7.04378635437e-24, 1.43056122852e-23, 1.575945769e-23, 1.61286177724e-23, 5.68060867774e-24, 8.16166536594e-24, 8.02882355609e-24, 1.29097528902e-23, 1.22803854605e-23, 2.09108408857e-23, 1.73089130365e-23, 1.5117223939e-23, 9.07851737531e-24, 1.16304989698e-23, 9.52871556076e-24, 8.31435176073e-24, 9.67150254005e-24, 7.80277467483e-24, 1.05882811854e-23, 1.10402669296e-23, 9.14801838765e-24, 9.17071864906e-24, 1.19098133171e-23, 1.04518966012e-23],
        "var": [2.13356834138e-05, 2.45134906436e-05, 1.22526216728e-06, 1.4988584951e-07, 1.90002012346e-07, 8.65695710672e-08, 1.98825702569e-08, 7.58660831934e-08, 1.55757177822e-07, 4.8808237807e-07, 4.11805672229e-07, 4.17171918343e-07, 4.96739232858e-07, 3.59342834599e-07, 2.75142593154e-08, 2.29579359967e-08, 2.81490137866e-08, 1.78908976523e-08, 7.82259768073e-09, 2.21026819069e-09, 2.83964030068e-09, 2.20208096202e-09, 3.39091044133e-09, 1.28094068685e-09, 6.39873376507e-10, 5.45216538583e-10, 6.82990275447e-10, 4.17594459012e-10, 3.28717636444e-10, 2.40653524886e-10, 1.91951135542e-10, 1.83216691818e-10, 2.1146273621e-10, 2.06901301647e-10, 1.78071030144e-10, 1.85829129862e-10, 1.64131000457e-10, 1.50848333824e-10, 9.17613693363e-11, 4.24248171316e-11]
    },
    "mfcc": {
        "mean": [-607.99798584, 78.6843414307, 1.87095808983, 12.2396001816, 3.85920214653, 13.5762233734, 5.89646053314, 13.976647377, 3.7635474205, 10.2065162659, 0.0226522833109, 1.66432321072, -0.198605805635],
        "cov": [[7940.72363281, -2048.81933594, 463.082275391, 31.9273090363, 488.308349609, 405.656555176, 387.270690918, 195.02116394, 279.967315674, 275.047943115, 98.8785095215, 192.613967896, 130.716781616], [-2048.81933594, 1303.53137207, -43.2967376709, 131.852874756, -63.7372703552, -42.9170875549, -8.88570404053, 8.40865802765, -13.5228452682, -19.0110378265, 23.111623764, 16.8202190399, 8.82828235626], [463.082275391, -43.2967376709, 923.32019043, 477.034332275, 430.651672363, 198.065597534, 204.980102539, 56.6600379944, 157.472564697, 21.8161735535, 87.1037063599, 111.442657471, 83.0583877563], [31.9273090363, 131.852874756, 477.034332275, 488.519226074, 309.036437988, 112.481254578, 104.654129028, 60.5369033813, 103.970565796, 11.6489267349, 55.0443878174, 87.9099884033, 56.4638786316], [488.308349609, -63.7372703552, 430.651672363, 309.036437988, 367.24597168, 141.082580566, 121.70350647, 45.2730674744, 106.776924133, 24.0665245056, 50.9431877136, 78.4867782593, 62.7646255493], [405.656555176, -42.9170875549, 198.065597534, 112.481254578, 141.082580566, 248.217285156, 178.660751343, 45.2253303528, 62.4278640747, 68.5943450928, 31.0802288055, 28.9576931, 41.619140625], [387.270690918, -8.88570404053, 204.980102539, 104.654129028, 121.70350647, 178.660751343, 262.620819092, 74.0874786377, 70.6038970947, 76.5524673462, 34.0411643982, 29.3268566132, 45.1922111511], [195.02116394, 8.40865802765, 56.6600379944, 60.5369033813, 45.2730674744, 45.2253303528, 74.0874786377, 129.66078186, 65.5661849976, 41.3973922729, 24.2089233398, 25.552438736, 18.0549411774], [279.967315674, -13.5228452682, 157.472564697, 103.970565796, 106.776924133, 62.4278640747, 70.6038970947, 65.5661849976, 129.326705933, 52.852771759, 32.8730735779, 32.3635063171, 26.7547531128], [275.047943115, -19.0110378265, 21.8161735535, 11.6489267349, 24.0665245056, 68.5943450928, 76.5524673462, 41.3973922729, 52.852771759, 113.331542969, 32.0905609131, 16.7243995667, 14.6856842041], [98.8785095215, 23.111623764, 87.1037063599, 55.0443878174, 50.9431877136, 31.0802288055, 34.0411643982, 24.2089233398, 32.8730735779, 32.0905609131, 83.8967285156, 45.8408508301, 20.3586502075], [192.613967896, 16.8202190399, 111.442657471, 87.9099884033, 78.4867782593, 28.9576931, 29.3268566132, 25.552438736, 32.3635063171, 16.7243995667, 45.8408508301, 101.820083618, 48.6712875366], [130.716781616, 8.82828235626, 83.0583877563, 56.4638786316, 62.7646255493, 41.619140625, 45.1922111511, 18.0549411774, 26.7547531128, 14.6856842041, 20.3586502075, 48.6712875366, 86.709312439]],
