{
"lowlevel": {
    "average_loudness": 0.90103250742,
    "barkbands_crest": {
        "dmean": 2.58332014084,
        "dmean2": 4.16883850098,
        "dvar": 5.64175653458,
        "dvar2": 14.4589548111,
        "max": 25.7097034454,
        "mean": 10.7705593109,
        "median": 9.69085693359,
        "min": 2.2364628315,
        "var": 23.4601993561
    },
    "barkbands_flatness_db": {
        "dmean": 0.0203415919095,
        "dmean2": 0.031602229923,
        "dvar": 0.000369645393221,
        "dvar2": 0.000900859769899,
        "max": 0.445043027401,
        "mean": 0.14858533442,
        "median": 0.133353248239,
        "min": 0.0368213318288,
        "var": 0.00457262760028
    },
    "barkbands_kurtosis": {
        "dmean": 3.11230063438,
        "dmean2": 5.01254463196,
        "dvar": 77.1533279419,
        "dvar2": 223.282669067,
        "max": 345.135192871,
        "mean": 4.73885583878,
        "median": 0.76335477829,
        "min": -1.94996130466,
        "var": 226.268951416
    },
    "barkbands_skewness": {
        "dmean": 0.526292979717,
        "dmean2": 0.810433387756,
        "dvar": 0.363915205002,
        "dvar2": 0.86433672905,
        "max": 15.2314519882,
        "mean": 1.52230727673,
        "median": 1.19463706017,
        "min": -2.3792886734,
        "var": 2.11553835869
    },
    "barkbands_spread": {
        "dmean": 6.51598787308,
        "dmean2": 9.96553897858,
        "dvar": 61.405582428,
        "dvar2": 127.621620178,
        "max": 108.611213684,
        "mean": 32.8118057251,
        "median": 31.9110450745,
        "min": 0.345768511295,
        "var": 444.006713867
    },
    "dissonance": {
        "dmean": 0.0149859767407,
        "dmean2": 0.0254308190197,
        "dvar": 0.000254034268437,
        "dvar2": 0.000681155361235,
        "max": 0.500000119209,
        "mean": 0.47268050909,
        "median": 0.47946703434,
        "min": 0.00601301342249,
        "var": 0.00060190691147
    },
    "dynamic_complexity": 2.96876788139,
    "erbbands_crest": {
        "dmean": 2.18902134895,
        "dmean2": 3.56327605247,
        "dvar": 4.41616821289,
        "dvar2": 11.1495809555,
        "max": 27.7719707489,
        "mean": 8.11693954468,
        "median": 7.11604404449,
        "min": 1.89283502102,
        "var": 17.33543396
    },
    "erbbands_flatness_db": {
        "dmean": 0.0143347680569,
        "dmean2": 0.0215156394988,
        "dvar": 0.000190924285562,
        "dvar2": 0.000396362913307,
        "max": 0.373637288809,
        "mean": 0.156559437513,
        "median": 0.140685215592,
        "min": 0.0437167659402,
        "var": 0.00348889059387
    },
    "erbbands_kurtosis": {
        "dmean": 0.865075588226,
        "dmean2": 1.36391186714,
        "dvar": 1.94881403446,
        "dvar2": 4.2438120842,
        "max": 34.9022598267,
        "mean": 0.566264808178,
        "median": -0.208383798599,
        "min": -1.75229895115,
        "var": 7.0153427124
    },
    "erbbands_skewness": {
        "dmean": 0.321612417698,
        "dmean2": 0.49662232399,
        "dvar": 0.0979503691196,
        "dvar2": 0.213477700949,
        "max": 4.35078239441,
        "mean": 0.0396269261837,
        "median": 0.0114575391635,
        "min": -4.93854951859,
        "var": 0.882221162319
    },
    "erbbands_spread": {
        "dmean": 7.8482966423,
        "dmean2": 12.3158197403,
        "dvar": 70.6857757568,
        "dvar2": 158.645309448,
        "max": 154.220932007,
        "mean": 44.6018486023,
        "median": 41.7912521362,
        "min": 3.36192727089,
        "var": 473.263183594
    },
    "hfc": {
        "dmean": 7.77629709244,
        "dmean2": 11.3067417145,
        "dvar": 178.198822021,
        "dvar2": 338.253936768,
        "max": 449.3175354,
        "mean": 30.944486618,
        "median": 23.2863197327,
        "min": 1.16967057619e-16,
        "var": 925.709716797
    },
    "melbands_crest": {
        "dmean": 3.32460665703,
        "dmean2": 5.41038417816,
        "dvar": 8.66060256958,
        "dvar2": 22.0913925171,
        "max": 33.3040771484,
        "mean": 15.2789735794,
        "median": 14.4016599655,
        "min": 1.90845727921,
        "var": 31.7958221436
    },
    "melbands_flatness_db": {
        "dmean": 0.025225488469,
        "dmean2": 0.0385415293276,
        "dvar": 0.000564241956454,
        "dvar2": 0.00131402770057,
        "max": 0.562951803207,
        "mean": 0.184384971857,
        "median": 0.16584700346,
        "min": 0.00521782506257,
        "var": 0.00736708100885
    },
    "melbands_kurtosis": {
        "dmean": 8.29151821136,
        "dmean2": 12.8884248734,
        "dvar": 250.272781372,
        "dvar2": 552.119995117,
        "max": 406.700714111,
        "mean": 17.9052124023,
        "median": 7.56665945053,
        "min": -1.85573673248,
        "var": 896.993164062
    },
    "melbands_skewness": {
        "dmean": 0.737435162067,
        "dmean2": 1.13528347015,
        "dvar": 0.667064487934,
        "dvar2": 1.52154624462,
        "max": 16.2160453796,
        "mean": 3.03175115585,
        "median": 2.50700259209,
        "min": -0.786962330341,
        "var": 4.04693078995
    },
    "melbands_spread": {
        "dmean": 8.76055240631,
        "dmean2": 13.5932264328,
        "dvar": 148.463760376,
        "dvar2": 305.516143799,
        "max": 247.524414062,
        "mean": 31.6742572784,
        "median": 25.6587409973,
        "min": 0.380404263735,
        "var": 667.356811523
    },
    "pitch_salience": {
        "dmean": 0.0715803951025,
        "dmean2": 0.116375587881,
        "dvar": 0.00423463853076,
        "dvar2": 0.0106927054003,
        "max": 0.976855516434,
        "mean": 0.518909811974,
        "median": 0.527518630028,
        "min": 0.102146543562,
        "var": 0.0149469841272
    },
    "silence_rate_20dB": {
        "dmean": 0,
        "dmean2": 0,
        "dvar": 0,
        "dvar2": 0,
        "max": 1,
        "mean": 1,
        "median": 1,
        "min": 1,
        "var": 0
    },
    "silence_rate_30dB": {
        "dmean": 0.000656383344904,
        "dmean2": 0.0013129102299,
        "dvar": 0.000655955809634,
        "dvar2": 0.00153001816943,
        "max": 1,
        "mean": 0.99945306778,
        "median": 1,
        "min": 0,
        "var": 0.000546639843378
    },
    "silence_rate_60dB": {
        "dmean": 0.0142216384411,
        "dmean2": 0.0283369794488,
        "dvar": 0.0140227656811,
        "dvar2": 0.0332271307707,
        "max": 1,
        "mean": 0.0446291826665,
        "median": 0,
        "min": 0,
        "var": 0.0426424778998
    },
    "spectral_centroid": {
        "dmean": 258.455505371,
        "dmean2": 400.389373779,
        "dvar": 98247.4296875,
        "dvar2": 189827.578125,
        "max": 11192.6533203,
        "mean": 1763.38586426,
        "median": 1819.78417969,
        "min": 139.915420532,
        "var": 661831.1875
    },
    "spectral_complexity": {
        "dmean": 3.49611639977,
        "dmean2": 5.59190368652,
        "dvar": 12.3564271927,
        "dvar2": 29.2166023254,
        "max": 54,
        "mean": 20.9815139771,
        "median": 21,
        "min": 0,
        "var": 130.361190796
    },
    "spectral_decrease": {
        "dmean": 1.75916348155e-09,
        "dmean2": 2.76427525314e-09,
        "dvar": 4.69714800351e-18,
        "dvar2": 1.19099772429e-17,
        "max": -6.0104812909e-29,
        "mean": -6.60766907856e-09,
        "median": -5.79568038006e-09,
        "min": -5.20703657969e-08,
        "var": 1.96206165963e-17
    },
    "spectral_energy": {
        "dmean": 0.00694156577811,
        "dmean2": 0.0108855385333,
        "dvar": 6.9478257501e-05,
        "dvar2": 0.0001758391154,
        "max": 0.198139429092,
        "mean": 0.0277456045151,
        "median": 0.0248977765441,
        "min": 1.08361177232e-20,
        "var": 0.000324013468344
    },
    "spectral_energyband_high": {
        "dmean": 0.000775615684688,
        "dmean2": 0.00111839454621,
        "dvar": 2.84985435428e-06,
        "dvar2": 5.11596908837e-06,
        "max": 0.0479875542223,
        "mean": 0.00214091525413,
        "median": 0.00117430556566,
        "min": 7.58102549572e-21,
        "var": 1.09846032501e-05
    },
    "spectral_energyband_low": {
        "dmean": 0.00529376231134,
        "dmean2": 0.00843221135437,
        "dvar": 6.36841214146e-05,
        "dvar2": 0.000164227851201,
        "max": 0.193378150463,
        "mean": 0.0128151886165,
        "median": 0.00835052784532,
        "min": 7.12448808715e-23,
        "var": 0.000200923677767
    },
    "spectral_energyband_middle_high": {
        "dmean": 0.00159461458679,
        "dmean2": 0.0023813827429,
        "dvar": 6.63199352857e-06,
        "dvar2": 1.33460916913e-05,
        "max": 0.0799490511417,
        "mean": 0.00598771963269,
        "median": 0.00351556460373,
        "min": 1.76598779474e-21,
        "var": 5.25567484146e-05
    },
    "spectral_energyband_middle_low": {
        "dmean": 0.00292626488954,
        "dmean2": 0.00467989360914,
        "dvar": 1.68331098394e-05,
        "dvar2": 4.21920885856e-05,
        "max": 0.0855786949396,
        "mean": 0.00746016670018,
        "median": 0.0054823635146,
        "min": 3.9796351448e-22,
        "var": 4.36118280049e-05
    },
    "spectral_entropy": {
        "dmean": 0.127777844667,
        "dmean2": 0.188491791487,
        "dvar": 0.0164381805807,
        "dvar2": 0.0331711918116,
        "max": 9.77548217773,
        "mean": 7.78317642212,
        "median": 7.8893456459,
        "min": 5.73690843582,
        "var": 0.255246371031
    },
    "spectral_flux": {
        "dmean": 0.0183588359505,
        "dmean2": 0.0289602372795,
        "dvar": 0.000345410022419,
        "dvar2": 0.000835251063108,
        "max": 0.263790667057,
        "mean": 0.0825669690967,
        "median": 0.0789049714804,
        "min": 1.04096675724e-10,
        "var": 0.00145827536471
    },
    "spectral_kurtosis": {
        "dmean": 1.33896589279,
        "dmean2": 2.28679275513,
        "dvar": 4.83770704269,
        "dvar2": 14.735127449,
        "max": 42.4154281616,
        "mean": 2.76347088814,
        "median": 1.80479216576,
        "min": -1.31159901619,
        "var": 12.2422170639
    },
    "spectral_rms": {
        "dmean": 0.000637371093035,
        "dmean2": 0.000995570793748,
        "dvar": 4.23454338261e-07,
        "dvar2": 1.05073615941e-06,
        "max": 0.0139034800231,
        "mean": 0.00489672319964,
        "median": 0.00492854090407,
        "min": 3.25143384439e-12,
        "var": 3.0910384794e-06
    },
    "spectral_rolloff": {
        "dmean": 649.994812012,
        "dmean2": 1053.67407227,
        "dvar": 1088754.25,
        "dvar2": 2326159.75,
        "max": 18776.953125,
        "mean": 2127.33764648,
        "median": 1701.12304688,
        "min": 64.599609375,
        "var": 3789282.5
    },
    "spectral_skewness": {
        "dmean": 0.195382416248,
        "dmean2": 0.319168031216,
        "dvar": 0.045171327889,
        "dvar2": 0.125552907586,
        "max": 4.71961450577,
        "mean": 1.19614839554,
        "median": 1.13316917419,
        "min": -0.542398154736,
        "var": 0.237113982439
    },
    "spectral_spread": {
        "dmean": 488942.96875,
        "dmean2": 722658.375,
        "dvar": 412446785536,
        "dvar2": 620087934976,
        "max": 40437340,
        "mean": 5005969,
        "median": 4989582,
        "min": 1373182.375,
        "var": 3.19005759898e+12
    },
    "spectral_strongpeak": {
        "dmean": 0.465403407812,
        "dmean2": 0.814247012138,
        "dvar": 1.21196436882,
        "dvar2": 3.1160159111,
        "max": 17.4626426697,
        "mean": 0.824173748493,
        "median": 0.331445813179,
        "min": 1.84243709178e-09,
        "var": 2.14557027817
    },
    "zerocrossingrate": {
        "dmean": 0.0116600980982,
        "dmean2": 0.0137826194987,
        "dvar": 0.000189529149793,
        "dvar2": 0.000212678321986,
        "max": 0.48974609375,
        "mean": 0.0784526765347,
        "median": 0.07373046875,
        "min": 0.00244140625,
        "var": 0.00217573484406
    },
    "barkbands": {
        "dmean": [0.000188978112419, 0.00422970950603, 0.00168873299845, 0.000814804399852, 0.00120365887415, 0.00056704756571, 0.000576479535084, 0.000385525228921, 0.000831388693769, 0.000431895110523, 0.000290333089652, 0.000266805174761, 0.000309405149892, 0.000317700847518, 0.000304137123749, 0.000312318908982, 0.000431177671999, 0.000341356149875, 0.000228346179938, 0.000140573611134, 0.000173087566509, 0.000182985444553, 0.000221577793127, 0.000230894162087, 0.000102855556179, 4.42496420874e-05, 3.42987824808e-08],
        "dmean2": [0.00031359679997, 0.00667522381991, 0.00282503128983, 0.00140846404247, 0.0019981986843, 0.000925978296436, 0.000889120681677, 0.000616266159341, 0.00133060908411, 0.000687570485752, 0.000481255323393, 0.000430137763033, 0.000493670464493, 0.000504069670569, 0.000496336375363, 0.000494844047353, 0.000686586427037, 0.000544710143004, 0.000359970028512, 0.000226361429668, 0.000283522065729, 0.000287297909381, 0.000339983176673, 0.000342598243151, 0.000155320696649, 6.51279769954e-05, 6.26303489071e-08],
        "dvar": [8.53928128208e-08, 4.35404253949e-05, 1.22063593153e-05, 3.09279198518e-06, 4.47884758614e-06, 1.60369449986e-06, 2.12240706787e-06, 8.91589081675e-07, 5.64791116631e-06, 2.08978849514e-06, 4.52945641882e-07, 3.50796597104e-07, 5.2142485174e-07, 1.02336150576e-06, 5.0478661251e-07, 5.57282362479e-07, 8.6824417167e-07, 5.26561109382e-07, 1.86828060578e-07, 9.71908846736e-08, 1.40466198673e-07, 1.46949119539e-07, 2.75004964578e-07, 3.92455007159e-07, 7.42699697298e-08, 3.56872256191e-08, 1.16156081064e-13],
        "dvar2": [2.23112991193e-07, 0.000109024782432, 3.17888043355e-05, 8.35016362544e-06, 1.18598645713e-05, 4.10554321206e-06, 5.03096362081e-06, 2.24605241783e-06, 1.48879325934e-05, 4.87909392177e-06, 1.18597790788e-06, 8.26664802389e-07, 1.19288631595e-06, 2.40372492044e-06, 1.23381619233e-06, 1.25011047203e-06, 1.97609551833e-06, 1.23117183648e-06, 4.13484428918e-07, 2.25589971592e-07, 3.25446535498e-07, 3.07546258682e-07, 5.7736326653e-07, 7.33322735869e-07, 1.56247850214e-07, 7.12800627412e-08, 3.34148643e-13],
        "max": [0.0044913161546, 0.173639938235, 0.0491584576666, 0.0369956530631, 0.0483928695321, 0.0434661731124, 0.0683666095138, 0.0284976959229, 0.0699205026031, 0.0645587071776, 0.0183264873922, 0.0199623592198, 0.0235108733177, 0.0525312386453, 0.0146630993113, 0.0185484550893, 0.0220162607729, 0.0246241986752, 0.00918820220977, 0.0139878382906, 0.00990450195968, 0.0121312849224, 0.0124344145879, 0.0237379521132, 0.0113359829411, 0.00764699093997, 1.13489904834e-05],
        "mean": [0.000282460649032, 0.00970477517694, 0.00229233526625, 0.000997405732051, 0.00207287818193, 0.000927818473428, 0.00104284530971, 0.000612225790974, 0.00156457570847, 0.000807570118923, 0.000451562402304, 0.000472060171887, 0.000588577648159, 0.000549159303773, 0.000472647167044, 0.000540412263945, 0.000892780837603, 0.000662977108732, 0.000511712743901, 0.000279954227153, 0.000356604636181, 0.000407304003602, 0.000481430237414, 0.000492497172672, 0.000208461744478, 7.25949721527e-05, 2.37142216974e-08],
        "median": [0.000121310600662, 0.00564882485196, 0.00116475019604, 0.000382574740797, 0.0010820653988, 0.0004478621413, 0.000494753709063, 0.00024922582088, 0.000345218286384, 0.000185025099199, 0.000163862481713, 0.000183677882887, 0.000185298616998, 0.000160049603437, 0.000196928565856, 0.000193711399334, 0.000282822467852, 0.000272923178272, 0.000226971023949, 0.000158030336024, 0.000196339940885, 0.000228993274504, 0.000231791404076, 0.000214851708733, 5.20546818734e-05, 4.22360290031e-06, 7.88790421868e-10],
        "min": [3.44495147102e-23, 2.29417064882e-23, 1.98172477459e-23, 1.72031977866e-23, 9.26336326263e-23, 1.78250063511e-23, 2.64515963578e-23, 8.49707513889e-23, 1.15656058518e-22, 1.04415913956e-22, 1.11986025151e-22, 1.60663362573e-22, 5.79976217317e-23, 8.62281010085e-23, 8.18396362383e-23, 2.15313992634e-22, 2.80045671841e-22, 2.1068202859e-22, 2.47916717701e-22, 4.19546117759e-22, 3.30022648137e-22, 5.45384553027e-22, 6.38795882599e-22, 8.51533569113e-22, 1.35361907429e-21, 1.68219991188e-21, 2.24656175723e-21],
        "var": [1.77776598775e-07, 0.000157743241289, 1.38553514262e-05, 3.31437331624e-06, 8.3637660282e-06, 2.27322402679e-06, 3.99910459237e-06, 1.71717852027e-06, 1.46301435962e-05, 9.20679030969e-06, 8.39422568788e-07, 1.1658536323e-06, 2.36974096879e-06, 3.46406204699e-06, 8.16641659185e-07, 1.2758447383e-06, 3.41607255905e-06, 1.415703764e-06, 6.36190804926e-07, 2.29047003586e-07, 3.41947696825e-07, 4.60399803615e-07, 7.47289959691e-07, 1.06125355614e-06, 1.95010485982e-07, 8.1807577601e-08, 7.21482538968e-14]
    },
    "erbbands": {
        "dmean": [0.141899108887, 0.923143088818, 1.92016839981, 2.02050876617, 2.80597496033, 5.18269252777, 4.99488162994, 4.46829938889, 7.03233957291, 7.957239151, 10.4022817612, 18.060043335, 15.8703746796, 11.8160715103, 9.78679943085, 10.8182601929, 13.2047204971, 13.6374101639, 16.2955379486, 15.4044179916, 15.8686618805, 20.4661216736, 18.5774326324, 10.9145593643, 11.1375789642, 6.51972913742, 5.80430984497, 7.86495923996, 6.61183023453, 6.631772995, 6.42973899841, 5.83184862137, 3.27392315865, 1.39459824562, 0.647721290588, 0.292332500219, 0.0669015347958, 0.00169555819593, 5.57681378268e-05, 1.20038048408e-05],
        "dmean2": [0.218129605055, 1.48481285572, 3.17694735527, 3.32837557793, 4.8348493576, 8.57405757904, 8.07904911041, 7.37092971802, 10.9619474411, 12.4501619339, 16.5610046387, 28.9073295593, 25.2287464142, 19.1763534546, 16.0455055237, 17.2181491852, 20.8398189545, 21.4700660706, 25.8023757935, 24.663728714, 24.4953098297, 31.8290996552, 29.2825527191, 17.1329421997, 17.4737529755, 10.4504213333, 9.48041915894, 12.890501976, 10.5249547958, 10.3470287323, 9.78211688995, 8.76323127747, 4.94200468063, 2.13123893738, 0.961231887341, 0.424528717995, 0.100752107799, 0.00253971107304, 8.06575044408e-05, 1.78581249202e-05],
        "dvar": [0.0464861318469, 2.33385586739, 15.9577627182, 13.7302703857, 34.4377746582, 100.766403198, 85.5966339111, 142.550216675, 573.935119629, 259.009277344, 783.929138184, 3222.6640625, 2544.9909668, 804.866455078, 527.552856445, 676.474975586, 1062.41223145, 1292.68017578, 2085.58911133, 1303.41943359, 1206.13000488, 2051.42431641, 1551.72131348, 461.769500732, 506.359649658, 177.765625, 158.603652954, 349.37109375, 186.258529663, 250.235061646, 227.855148315, 255.957748413, 73.1735458374, 12.5642709732, 3.66710305214, 1.29556918144, 0.0932290032506, 6.40548678348e-05, 5.30948121025e-08, 4.85338880196e-10],
        "dvar2": [0.103661358356, 6.09317111969, 41.3255577087, 34.2822418213, 95.6055526733, 263.726409912, 209.256210327, 366.672119141, 1352.92980957, 599.342407227, 2046.94152832, 8473.83398438, 6121.54882812, 1971.54553223, 1278.92077637, 1568.08105469, 2388.59936523, 2892.95410156, 4856.33496094, 2986.84472656, 2616.88012695, 4516.38134766, 3753.79418945, 1035.62316895, 1094.36621094, 397.863830566, 366.715820312, 830.31652832, 402.557281494, 547.003723145, 471.679992676, 492.412139893, 140.898147583, 26.8646240234, 7.28234577179, 2.46142196655, 0.1980022192, 0.000136888673296, 1.06801955724e-07, 9.67267932417e-10],
        "max": [3.55207085609, 47.5475921631, 67.5944366455, 67.2618026733, 114.412902832, 221.775939941, 205.494110107, 461.21987915, 1258.13623047, 325.430999756, 752.670959473, 1708.95605469, 2194.23339844, 816.429138184, 831.590576172, 851.534545898, 1306.68933105, 1058.29101562, 2344.55419922, 872.470458984, 865.402893066, 987.753479004, 1054.20410156, 996.567382812, 463.992126465, 590.48425293, 626.29309082, 476.85836792, 436.182342529, 367.71887207, 351.839202881, 391.657226562, 382.568695068, 169.138458252, 69.0523757935, 43.032535553, 11.9480552673, 0.373584598303, 0.00987165421247, 0.000952932867222],
        "mean": [0.314982175827, 2.02444958687, 2.97676753998, 3.0539791584, 3.91624903679, 8.66841125488, 8.67641448975, 7.10001516342, 12.6495428085, 14.6133489609, 17.7614116669, 33.4548530579, 32.1958274841, 22.6087436676, 17.5475254059, 21.3382663727, 27.7608261108, 25.1337909698, 29.5221710205, 27.1673107147, 33.4307327271, 45.2021713257, 40.1756248474, 26.6040897369, 24.5879764557, 13.9213342667, 12.3135452271, 15.2353439331, 14.413356781, 14.2510566711, 13.8304414749, 12.2088947296, 6.74467182159, 2.7849214077, 1.24387907982, 0.507818937302, 0.101096853614, 0.00263586081564, 0.000114100199426, 4.61596901005e-05],
        "median": [0.178364619613, 1.14342498779, 1.68863296509, 1.71072506905, 1.9803352356, 3.65142297745, 4.32095146179, 3.48282456398, 5.68175125122, 7.04125118256, 6.83921003342, 7.80026531219, 7.46654605865, 8.6212348938, 8.08218955994, 8.39033508301, 9.26104736328, 9.23470973969, 10.4221134186, 11.0755834579, 12.5556755066, 15.9474620819, 17.1154441833, 12.1053886414, 11.7819509506, 8.15642261505, 6.96078205109, 8.23435306549, 8.27719020844, 7.14292621613, 6.62651443481, 5.43834781647, 2.81330919266, 0.834110856056, 0.214730739594, 0.0443926900625, 0.00491072423756, 0.000188073972822, 3.43556821463e-05, 3.80547207897e-05],
        "min": [8.68327799318e-22, 4.89710794353e-21, 2.26268067201e-20, 3.70670618478e-20, 9.58638805063e-20, 4.34712570013e-19, 2.62524172162e-19, 1.86767171804e-19, 2.55781590345e-19, 8.31570666859e-19, 2.41700686063e-18, 2.33133038791e-18, 3.21012707069e-18, 3.28215175458e-18, 5.74975394455e-18, 7.61964535006e-18, 3.37170005294e-18, 3.9737715268e-18, 3.84164472679e-18, 6.06140954317e-18, 1.40204152521e-17, 1.70889029457e-17, 1.23483631152e-17, 1.14888207156e-17, 1.36820107004e-17, 1.98358969681e-17, 1.49092324008e-17, 1.27864892529e-17, 1.63643771016e-17, 2.41517051967e-17, 1.58592145928e-17, 1.43950205361e-17, 1.75404840032e-17, 1.29882394314e-17, 1.04155108574e-17, 5.6284276418e-18, 3.24431072309e-18, 1.34072732065e-18, 3.03056254822e-19, 3.3082771944e-20],
        "var": [0.195244044065, 7.36777353287, 20.360874176, 18.2795372009, 42.3468322754, 204.336212158, 185.950454712, 175.102310181, 1033.86608887, 555.810180664, 1580.45959473, 7651.15380859, 10648.6474609, 2504.9140625, 1025.37756348, 2357.44018555, 5811.66113281, 3077.25439453, 6582.73095703, 2485.62060547, 4433.91503906, 7860.73144531, 4050.24194336, 2004.3918457, 1507.46716309, 478.531768799, 413.415435791, 728.772521973, 545.359741211, 668.493835449, 623.08972168, 673.236877441, 188.411834717, 29.9575958252, 9.78814506531, 3.23959803581, 0.189713910222, 0.000129188541905, 1.24374352595e-07, 1.94252169905e-09]
    },
    "gfcc": {
        "mean": [2.30281949043, 89.1701889038, -129.660766602, 55.9867706299, -67.8842926025, 25.1922950745, -37.1624069214, 11.6335048676, -11.7143363953, -4.59655952454, -6.07053136826, -3.29305148125, -5.2574930191],
        "cov": [[7175.05664062, -3001.42358398, 1107.1385498, 687.137145996, -65.1416397095, 1270.82666016, -638.422119141, 1158.86767578, -518.174682617, 768.548156738, -335.456787109, 592.359436035, -158.175125122], [-3001.42358398, 2254.57299805, -238.401077271, -49.8802108765, 324.724304199, -662.901428223, 431.706176758, -536.512756348, 368.00378418, -337.462646484, 257.984039307, -287.994049072, 100.509140015], [1107.1385498, -238.401077271, 1513.04272461, 677.075195312, 334.445678711, 357.661682129, -25.1857852936, 317.189971924, -107.009117126, 360.760528564, -49.4215431213, 219.125976562, -23.6651439667], [687.137145996, -49.8802108765, 677.075195312, 786.774536133, 202.320663452, 203.16394043, -16.8247413635, 134.306838989, 86.1684112549, 102.759902954, 66.2984085083, 62.2534103394, 57.3713607788], [-65.1416397095, 324.724304199, 334.445678711, 202.320663452, 368.011199951, -36.5565872192, 74.2595214844, 51.1696395874, 37.7105789185, 75.1204986572, 26.4124107361, 67.3918914795, -7.3868765831], [1270.82666016, -662.901428223, 357.661682129, 203.16394043, -36.5565872192, 455.910705566, -65.7544937134, 247.150497437, -113.792510986, 153.575927734, -45.359916687, 85.3110809326, -18.7642936707], [-638.422119141, 431.706176758, -25.1857852936, -16.8247413635, 74.2595214844, -65.7544937134, 267.650878906, -77.013053894, 67.1454849243, -54.1987991333, 56.1927680969, -58.1787338257, -0.892668843269], [1158.86767578, -536.512756348, 317.189971924, 134.306838989, 51.1696395874, 247.150497437, -77.013053894, 330.74017334, -72.6343612671, 175.223175049, -70.4923248291, 120.996238708, -30.7884979248], [-518.174682617, 368.00378418, -107.009117126, 86.1684112549, 37.7105789185, -113.792510986, 67.1454849243, -72.6343612671, 224.251037598, -80.7802505493, 69.3798980713, -75.1727523804, 42.3609733582], [768.548156738, -337.462646484, 360.760528564, 102.759902954, 75.1204986572, 153.575927734, -54.1987991333, 175.223175049, -80.7802505493, 239.869049072, -33.7155914307, 118.261497498, -39.9379615784], [-335.456787109, 257.984039307, -49.4215431213, 66.2984085083, 26.4124107361, -45.359916687, 56.1927680969, -70.4923248291, 69.3798980713, -33.7155914307, 124.127731323, -29.1404418945, 29.7320861816], [592.359436035, -287.994049072, 219.125976562, 62.2534103394, 67.3918914795, 85.3110809326, -58.1787338257, 120.996238708, -75.1727523804, 118.261497498, -29.1404418945, 154.901473999, -9.36130142212], [-158.175125122, 100.509140015, -23.6651439667, 57.3713607788, -7.3868765831, -18.7642936707, -0.892668843269, -30.7884979248, 42.3609733582, -39.9379615784, 29.7320861816, -9.36130142212, 80.2782287598]],
        "icov": [[0.000705913407728, -0.000137560098665, 0.000534155871719, -0.000695460708812, 0.000327465764713, -0.000977490097284, 0.000688720087055, -0.00106284406502, 0.000329657079419, -0.000605178123806, 0.000628776557278, -0.00115940161049, 0.00077617977513], [-0.000137560098665, 0.00321660935879, -0.00134148681536, 0.00121382949874, -0.00252951611765, 0.00254684104584, -0.00192887743469, 0.00157963042147, -0.00101415312383, 0.00118074077182, -0.00277444859967, 0.00361677608453, -0.00204240833409], [0.000534155871719, -0.00134148681536, 0.00291699822992, -0.00237832730636, 0.000458905793494, -0.00197490141727, 0.000698815274518, -0.000997108989395, 0.0012613433646, -0.00272154109553, 0.00263648340479, -0.00251914467663, 0.00120782840531], [-0.000695460708812, 0.00121382949874, -0.00237832730636, 0.00436262693256, -0.00195837859064, 0.00059305515606, -0.000336969678756, 0.00132524396759, -0.00221449253149, 0.00192437635269, -0.0031343488954, 0.00259701395407, -0.0026563804131], [0.000327465764713, -0.00252951611765, 0.000458905793494, -0.00195837859064, 0.00694541027769, -0.000470629311167, 0.00025002102484, -0.0023185715545, 0.000398752774345, -0.00123264954891, 0.00186375353951, -0.00501487310976, 0.00289098266512], [-0.000977490097284, 0.00254684104584, -0.00197490141727, 0.00059305515606, -0.000470629311167, 0.00839345529675, -0.00284328917041, -0.00085111008957, 0.000965154089499, 0.00110573624261, -0.00349653931335, 0.00501443725079, -0.00263958028518], [0.000688720087055, -0.00192887743469, 0.000698815274518, -0.000336969678756, 0.00025002102484, -0.00284328917041, 0.00694582797587, -0.00136520038359, 2.35351726587e-05, -0.000283295608824, 0.000221117443289, -0.00150709110312, 0.00271987495944], [-0.00106284406502, 0.00157963042147, -0.000997108989395, 0.00132524396759, -0.0023185715545, -0.00085111008957, -0.00136520038359, 0.0104237087071, -0.00265584047884, -0.00132863502949, 0.00102623971179, 0.000540620763786, -0.00131924555171], [0.000329657079419, -0.00101415312383, 0.0012613433646, -0.00221449253149, 0.000398752774345, 0.000965154089499, 2.35351726587e-05, -0.00265584047884, 0.00882462132722, -0.000425685604569, -0.000927180110011, 0.00169785623439, -0.00120927207172], [-0.000605178123806, 0.00118074077182, -0.00272154109553, 0.00192437635269, -0.00123264954891, 0.00110573624261, -0.000283295608824, -0.00132863502949, -0.000425685604569, 0.0120966676623, -0.00351058202796, -0.00152772641741, 0.00214875675738], [0.000628776557278, -0.00277444859967, 0.00263648340479, -0.0031343488954, 0.00186375353951, -0.00349653931335, 0.000221117443289, 0.00102623971179, -0.000927180110011, -0.00351058202796, 0.0155844083056, -0.0044787414372, -7.14166671969e-05], [-0.00115940161049, 0.00361677608453, -0.00251914467663, 0.00259701395407, -0.00501487310976, 0.00501443725079, -0.00150709110312, 0.000540620763786, 0.00169785623439, -0.00152772641741, -0.0044787414372, 0.0193353239447, -0.00625251699239], [0.00077617977513, -0.00204240833409, 0.00120782840531, -0.0026563804131, 0.00289098266512, -0.00263958028518, 0.00271987495944, -0.00131924555171, -0.00120927207172, 0.00214875675738, -7.14166671969e-05, -0.00625251699239, 0.0189753454179]]
    },
    "melbands": {
        "dmean": [0.00120882340707, 0.001007054816, 0.000354734307621, 0.000279391329968, 0.000182526462595, 0.000100270088296, 0.000109579690616, 8.0544159573e-05, 9.58250893746e-05, 0.000116738083307, 8.02638969617e-05, 5.09820201842e-05, 3.98214506276e-05, 2.81884258584e-05, 3.25551554852e-05, 2.84020916297e-05, 2.6397903639e-05, 2.87925286102e-05, 2.05859432754e-05, 2.2586882551e-05, 2.09617210203e-05, 2.240887261e-05, 2.46862000495e-05, 1.66748286574e-05, 9.23066363612e-06, 9.48686192714e-06, 6.98044595993e-06, 4.21249524152e-06, 3.77380865757e-06, 4.54648261439e-06, 4.97407427247e-06, 3.99228565584e-06, 3.90079685531e-06, 4.02026716984e-06, 3.98897600462e-06, 3.84452914659e-06, 3.85841985917e-06, 2.64419327323e-06, 1.76824767095e-06, 1.09049494768e-06],
        "dmean2": [0.00188653741498, 0.00165260443464, 0.00057994236704, 0.000468772661407, 0.000294883153401, 0.000164692799444, 0.000169798047864, 0.00012631714344, 0.000151574058691, 0.000188382575288, 0.000127623803564, 8.2526319602e-05, 6.5570253355e-05, 4.55943663837e-05, 5.22557857039e-05, 4.48654827778e-05, 4.16342300014e-05, 4.53454995295e-05, 3.38876197929e-05, 3.56954660674e-05, 3.28159876517e-05, 3.52438182745e-05, 3.90064778912e-05, 2.7002839488e-05, 1.47567207023e-05, 1.50428331835e-05, 1.10760311145e-05, 6.81248229739e-06, 6.24206859356e-06, 7.45170655136e-06, 8.18237731437e-06, 6.40219195702e-06, 6.11880614088e-06, 6.40003008812e-06, 6.22723928245e-06, 5.92844116909e-06, 5.87975364397e-06, 4.05625951316e-06, 2.76828882306e-06, 1.71507531377e-06],
        "dvar": [3.39639609592e-06, 3.50114578396e-06, 4.24206461958e-07, 2.73663090411e-07, 9.70345652718e-08, 6.83766643306e-08, 1.04795532252e-07, 2.56357228778e-08, 7.61608589528e-08, 1.1938053035e-07, 6.69089601502e-08, 1.70994880477e-08, 8.61163140797e-09, 3.8347045539e-09, 6.96052460114e-09, 4.50863835155e-09, 5.59585400239e-09, 8.54075121737e-09, 2.75624456592e-09, 3.34217298281e-09, 2.40719200129e-09, 2.71843569877e-09, 2.64660782179e-09, 1.59211943629e-09, 3.54154344739e-10, 3.441381069e-10, 2.54445881032e-10, 8.41871988788e-11, 8.42492811626e-11, 9.79360481601e-11, 1.48851431181e-10, 7.5859880877e-11, 6.5512373304e-11, 9.61737287031e-11, 8.56927931392e-11, 9.07484226653e-11, 1.30309610324e-10, 5.5136711169e-11, 2.09885043373e-11, 9.03320994394e-12],
        "dvar2": [8.14027771412e-06, 9.2324689831e-06, 1.05526714833e-06, 7.37386073979e-07, 2.40015765485e-07, 1.70848181824e-07, 2.45215517225e-07, 5.98715459432e-08, 1.99004503543e-07, 3.1891221397e-07, 1.60392374937e-07, 4.0950052238e-08, 2.16874482817e-08, 8.65105231895e-09, 1.68121445654e-08, 9.96954696575e-09, 1.242248171e-08, 1.98774046112e-08, 6.92468482555e-09, 7.15691550468e-09, 5.1857087513e-09, 6.13855810627e-09, 5.94099036633e-09, 4.00520061561e-09, 8.15698730783e-10, 7.5792649934e-10, 5.72462743875e-10, 1.91931789906e-10, 2.06613157139e-10, 2.27430491107e-10, 3.58669149936e-10, 1.72344402638e-10, 1.44355971621e-10, 2.20324564149e-10, 1.88240756316e-10, 1.93655758096e-10, 2.62761035152e-10, 1.06461159333e-10, 5.02497696231e-11, 2.00315493359e-11],
        "max": [0.0340609177947, 0.0459343716502, 0.012368275784, 0.0129787186161, 0.00594281964004, 0.00946821365505, 0.0161465946585, 0.00361034506932, 0.00707721058279, 0.00918651465327, 0.0113584455103, 0.0044012600556, 0.00290164398029, 0.00280159292743, 0.00311553804204, 0.00212949700654, 0.0024302196689, 0.00529122306034, 0.00115098210517, 0.00186323898379, 0.00114298565313, 0.00119589956012, 0.00104206101969, 0.0012287403224, 0.000803516188171, 0.000472473038826, 0.000410066248151, 0.000533505924977, 0.000574272300582, 0.000388796179323, 0.000372880516807, 0.000355430325726, 0.000224008399528, 0.00024288953864, 0.000204194817343, 0.000203951305593, 0.00032328767702, 0.000389767345041, 0.000196492110263, 0.000168183352798],
        "mean": [0.00278088846244, 0.0019666084554, 0.000553031452, 0.000447139842436, 0.000331587390974, 0.000160281051649, 0.000200647642487, 0.000147175349412, 0.000159406728926, 0.00021732665482, 0.000159836243256, 9.33293413254e-05, 6.46582629997e-05, 4.87306278956e-05, 6.39900608803e-05, 5.5194755987e-05, 4.49718136224e-05, 5.07601798745e-05, 3.23131098412e-05, 3.67817920051e-05, 4.15971153416e-05, 4.56818161183e-05, 4.76830173284e-05, 3.13119708153e-05, 1.98008874577e-05, 2.00989870791e-05, 1.33379326144e-05, 8.08438289823e-06, 7.14276211511e-06, 8.48349100124e-06, 8.85854024091e-06, 8.01541864348e-06, 7.97625125415e-06, 7.91327238403e-06, 7.9810151874e-06, 7.70825135987e-06, 7.44515773476e-06, 5.11629605171e-06, 3.31368460138e-06, 1.98526299755e-06],
        "median": [0.00162867782637, 0.00123623828404, 0.000323337269947, 0.00021959116566, 0.000176075307536, 7.69430625951e-05, 9.54404240474e-05, 7.13247281965e-05, 4.99723100802e-05, 4.71075691166e-05, 3.34297146765e-05, 3.06312431348e-05, 2.53638390859e-05, 2.05868964258e-05, 2.01928851311e-05, 1.89216207218e-05, 1.46583006426e-05, 1.47235941768e-05, 1.42026801768e-05, 1.30075077323e-05, 1.36724866024e-05, 1.47902337631e-05, 1.57822214533e-05, 1.23373592942e-05, 8.28303018352e-06, 8.77047295944e-06, 6.73252361594e-06, 4.38378810941e-06, 3.78459571948e-06, 4.3595346142e-06, 4.5389351726e-06, 4.38797042079e-06, 4.28111434303e-06, 3.68400219486e-06, 3.71496389562e-06, 3.48639377989e-06, 3.14673866342e-06, 2.0982120077e-06, 1.13955661618e-06, 5.03228022808e-07],
        "min": [9.71434794239e-24, 1.01890268483e-23, 8.19759561359e-24, 1.75959495432e-23, 1.35546656128e-23, 4.04742639579e-24, 4.08135964206e-24, 1.07886991869e-23, 2.14857090709e-23, 1.43676877499e-23, 1.53978501619e-23, 1.25198662764e-23, 1.55499015237e-23, 2.02584292512e-23, 1.25783603125e-23, 5.30542564236e-24, 8.30226877825e-24, 6.16127267134e-24, 6.89925283704e-24, 9.59103714999e-24, 1.82159879038e-23, 1.93019795799e-23, 1.28929596192e-23, 8.43030879177e-24, 9.24600122296e-24, 9.84393648988e-24, 1.21125955348e-23, 1.27549673365e-23, 1.04974588405e-23, 6.60137817037e-24, 8.14224439932e-24, 7.68119069896e-24, 1.3108972612e-23, 1.40520850121e-23, 9.47660104278e-24, 8.35018576735e-24, 8.92087220088e-24, 1.29400830142e-23, 1.01683863027e-23, 1.10019109347e-23],
        "var": [1.34524434543e-05, 6.27790177532e-06, 6.00023895458e-07, 4.47544664439e-07, 2.22254570303e-07, 9.34904633709e-08, 1.99801604595e-07, 5.43545830567e-08, 1.61236258123e-07, 2.88924724146e-07, 2.83867649387e-07, 5.6173252716e-08, 1.6294611882e-08, 1.14674394425e-08, 2.62953570029e-08, 1.7255809226e-08, 1.36739775058e-08, 2.99167908224e-08, 3.84892784311e-09, 6.36936681175e-09, 8.98309782116e-09, 9.71381908244e-09, 8.33760083196e-09, 3.82684195444e-09, 1.31102606549e-09, 1.04772401865e-09, 5.48256329225e-10, 2.10067380157e-10, 1.77524356326e-10, 2.26587387742e-10, 2.79317013963e-10, 1.90301177594e-10, 1.81465814597e-10, 2.24897905854e-10, 2.08605202556e-10, 2.2663193544e-10, 2.99707592077e-10, 1.29002045157e-10, 3.987064498e-11, 1.84812096182e-11]
    },
    "mfcc": {
        "mean": [-625.237915039, 96.8847045898, 5.5207285881, 24.4575405121, 5.6371884346, 7.9018907547, -3.84199523926, 12.4528284073, -1.39009022713, 4.72160482407, 1.28302407265, 4.58255529404, -2.17763566971],
        "cov": [[6160.35205078, -2522.19165039, 602.630615234, -190.069458008, 507.184783936, 146.917556763, 222.137573242, 295.50668335, 156.841125488, 171.722351074, 153.841262817, 102.947280884, 6.01470041275], [-2522.19165039, 1759.88183594, -301.533813477, 226.771743774, -119.275215149, -63.7427101135, -27.9155330658, -115.464637756, -44.0656433105, -49.831111908, 9.68924808502, -19.9323139191, 34.9681854248], [602.630615234, -301.533813477, 1027.60534668, 423.68560791, 363.474090576, 241.762145996, 211.307556152, 47.0419998169, 143.167709351, 44.9450645447, 73.4824295044, 134.2552948, 112.921417236], [-190.069458008, 226.771743774, 423.68560791, 621.315795898, 306.761901855, 134.32749939, 68.6711959839, 39.7745704651, 89.0237350464, 19.1606063843, 40.8296737671, 122.094230652, 119.114784241], [507.184783936, -119.275215149, 363.474090576, 306.761901855, 401.530853271, 93.4362106323, 66.4546890259, 43.6953773499, 80.7137527466, 20.1380176544, 46.8674964905, 83.4915161133, 82.626121521], [146.917556763, -63.7427101135, 241.762145996, 134.32749939, 93.4362106323, 189.433746338, 91.7746582031, 37.4167022705, 31.857503891, 30.2546253204, 29.9831867218, 39.5960502625, 27.1261386871], [222.137573242, -27.9155330658, 211.307556152, 68.6711959839, 66.4546890259, 91.7746582031, 233.802734375, 41.3690414429, 34.7901573181, 11.8245067596, 63.9059448242, 23.2407112122, 38.906539917], [295.50668335, -115.464637756, 47.0419998169, 39.7745704651, 43.6953773499, 37.4167022705, 41.3690414429, 135.89352417, 46.9931297302, 27.2763385773, 18.7363910675, 23.1750965118, 1.80954647064], [156.841125488, -44.0656433105, 143.167709351, 89.0237350464, 80.7137527466, 31.857503891, 34.7901573181, 46.9931297302, 123.72480011, 37.4748916626, 26.4326858521, 29.387922287, 29.815536499], [171.722351074, -49.831111908, 44.9450645447, 19.1606063843, 20.1380176544, 30.2546253204, 11.8245067596, 27.2763385773, 37.4748916626, 92.0898513794, 41.8333396912, 13.7776155472, 0.592251181602], [153.841262817, 9.68924808502, 73.4824295044, 40.8296737671, 46.8674964905, 29.9831867218, 63.9059448242, 18.7363910675, 26.4326858521, 41.8333396912, 105.789024353, 36.8400382996, 15.6265106201], [102.947280884, -19.9323139191, 134.2552948, 122.094230652, 83.4915161133, 39.5960502625, 23.2407112122, 23.1750965118, 29.387922287, 13.7776155472, 36.8400382996, 98.6634521484, 46.76978302], [6.01470041275, 34.9681854248, 112.921417236, 119.114784241, 82.626121521, 27.1261386871, 38.906539917, 1.80954647064, 29.815536499, 0.592251181602, 15.6265106201, 46.76978302, 96.2167510986]],
