{
"lowlevel": {
    "average_loudness": 0.920908629894,
    "barkbands_crest": {
        "dmean": 3.08835434914,
        "dmean2": 4.78842782974,
        "dvar": 7.55163764954,
        "dvar2": 16.6872119904,
        "max": 26.2738647461,
        "mean": 13.0416221619,
        "median": 12.3295516968,
        "min": 2.17049336433,
        "var": 32.0655212402
    },
    "barkbands_flatness_db": {
        "dmean": 0.0259279049933,
        "dmean2": 0.0389101170003,
        "dvar": 0.000521282374393,
        "dvar2": 0.00117244548164,
        "max": 0.487980693579,
        "mean": 0.155218020082,
        "median": 0.144762590528,
        "min": 0.0365753136575,
        "var": 0.00354266446084
    },
    "barkbands_kurtosis": {
        "dmean": 4.34212350845,
        "dmean2": 6.60401964188,
        "dvar": 152.360107422,
        "dvar2": 324.100280762,
        "max": 565.37890625,
        "mean": 6.40764331818,
        "median": 1.97657823563,
        "min": -1.91923594475,
        "var": 503.03994751
    },
    "barkbands_skewness": {
        "dmean": 0.683746933937,
        "dmean2": 1.0229293108,
        "dvar": 0.575774669647,
        "dvar2": 1.18118786812,
        "max": 20.1972255707,
        "mean": 1.88541579247,
        "median": 1.58976745605,
        "min": -5.83666276932,
        "var": 2.88065719604
    },
    "barkbands_spread": {
        "dmean": 7.90329551697,
        "dmean2": 12.3334255219,
        "dvar": 77.8225097656,
        "dvar2": 178.401992798,
        "max": 110.701560974,
        "mean": 28.3643531799,
        "median": 25.6954116821,
        "min": 0.232008293271,
        "var": 306.96975708
    },
    "dissonance": {
        "dmean": 0.0144867897034,
        "dmean2": 0.0248537901789,
        "dvar": 0.000251868274063,
        "dvar2": 0.000725571124349,
        "max": 0.5,
        "mean": 0.476735949516,
        "median": 0.484078556299,
        "min": 0.288097590208,
        "var": 0.000519266002811
    },
    "dynamic_complexity": 2.27505540848,
    "erbbands_crest": {
        "dmean": 2.29423475266,
        "dmean2": 3.85200500488,
        "dvar": 5.5069642067,
        "dvar2": 14.4886541367,
        "max": 32.23620224,
        "mean": 7.27781534195,
        "median": 6.168446064,
        "min": 2.20242238045,
        "var": 15.43268013
    },
    "erbbands_flatness_db": {
        "dmean": 0.0143137080595,
        "dmean2": 0.0217012539506,
        "dvar": 0.000182254239917,
        "dvar2": 0.000394460541429,
        "max": 0.438239783049,
        "mean": 0.151069149375,
        "median": 0.130920022726,
        "min": 0.055096346885,
        "var": 0.00395975960419
    },
    "erbbands_kurtosis": {
        "dmean": 0.851578533649,
        "dmean2": 1.38116240501,
        "dvar": 1.85634768009,
        "dvar2": 4.58748865128,
        "max": 38.8695716858,
        "mean": 0.423230469227,
        "median": -0.0602252483368,
        "min": -1.70965778828,
        "var": 4.88909482956
    },
    "erbbands_skewness": {
        "dmean": 0.341381877661,
        "dmean2": 0.53751295805,
        "dvar": 0.0993671342731,
        "dvar2": 0.22873955965,
        "max": 5.86471796036,
        "mean": 0.0384156145155,
        "median": -0.0200929548591,
        "min": -3.60305452347,
        "var": 0.751720607281
    },
    "erbbands_spread": {
        "dmean": 9.23620033264,
        "dmean2": 14.6166744232,
        "dvar": 88.5843734741,
        "dvar2": 211.216186523,
        "max": 170.718063354,
        "mean": 47.2593345642,
        "median": 46.4771766663,
        "min": 2.25915908813,
        "var": 479.541320801
    },
    "hfc": {
        "dmean": 9.50782108307,
        "dmean2": 13.7624769211,
        "dvar": 160.030731201,
        "dvar2": 307.905792236,
        "max": 244.525512695,
        "mean": 34.9272537231,
        "median": 29.4035282135,
        "min": 1.18099024509e-16,
        "var": 689.31439209
    },
    "melbands_crest": {
        "dmean": 3.55686473846,
        "dmean2": 5.81768417358,
        "dvar": 10.0327205658,
        "dvar2": 25.4274177551,
        "max": 34.1008796692,
        "mean": 17.6563014984,
        "median": 17.8550243378,
        "min": 2.01056265831,
        "var": 38.6025848389
    },
    "melbands_flatness_db": {
        "dmean": 0.0306010358036,
        "dmean2": 0.0454992949963,
        "dvar": 0.000783031398896,
        "dvar2": 0.00168630923145,
        "max": 0.603205144405,
        "mean": 0.191656202078,
        "median": 0.186098501086,
        "min": 0.00439625186846,
        "var": 0.00534274335951
    },
    "melbands_kurtosis": {
        "dmean": 14.0477437973,
        "dmean2": 21.460981369,
        "dvar": 743.534729004,
        "dvar2": 1579.31652832,
        "max": 784.295776367,
        "mean": 27.5698413849,
        "median": 12.2472734451,
        "min": -1.82444894314,
        "var": 2430.02587891
    },
    "melbands_skewness": {
        "dmean": 1.06687808037,
        "dmean2": 1.61818671227,
        "dvar": 1.30360555649,
        "dvar2": 2.84266924858,
        "max": 21.8894138336,
        "mean": 3.82453894615,
        "median": 3.18909096718,
        "min": -2.40628290176,
        "var": 7.19841051102
    },
    "melbands_spread": {
        "dmean": 9.09831523895,
        "dmean2": 14.055305481,
        "dvar": 173.956863403,
        "dvar2": 331.133361816,
        "max": 270.627227783,
        "mean": 25.2954692841,
        "median": 19.1945171356,
        "min": 0.332514256239,
        "var": 631.709899902
    },
    "pitch_salience": {
        "dmean": 0.0858380496502,
        "dmean2": 0.137016966939,
        "dvar": 0.00613198429346,
        "dvar2": 0.01440426521,
        "max": 0.978674352169,
        "mean": 0.469044148922,
        "median": 0.478034794331,
        "min": 0.0570732355118,
        "var": 0.0266316980124
    },
    "silence_rate_20dB": {
        "dmean": 0,
        "dmean2": 0,
        "dvar": 0,
        "dvar2": 0,
        "max": 1,
        "mean": 1,
        "median": 1,
        "min": 1,
        "var": 0
    },
    "silence_rate_30dB": {
        "dmean": 0.0724191069603,
        "dmean2": 0.144854158163,
        "dvar": 0.0671778693795,
        "dvar2": 0.143913179636,
        "max": 1,
        "mean": 0.910751640797,
        "median": 1,
        "min": 0,
        "var": 0.0812923908234
    },
    "silence_rate_60dB": {
        "dmean": 0.0123266568407,
        "dmean2": 0.0245459545404,
        "dvar": 0.0121753225103,
        "dvar2": 0.0263598728925,
        "max": 1,
        "mean": 0.0238802693784,
        "median": 0,
        "min": 0,
        "var": 0.0233070999384
    },
    "spectral_centroid": {
        "dmean": 318.431091309,
        "dmean2": 499.778686523,
        "dvar": 115930.570312,
        "dvar2": 252309.421875,
        "max": 11180.6728516,
        "mean": 1786.7310791,
        "median": 1724.25097656,
        "min": 140.598236084,
        "var": 542940.9375
    },
    "spectral_complexity": {
        "dmean": 4.76381254196,
        "dmean2": 7.26527261734,
        "dvar": 21.4612426758,
        "dvar2": 43.6432952881,
        "max": 59,
        "mean": 26.8446140289,
        "median": 28,
        "min": 0,
        "var": 135.067581177
    },
    "spectral_decrease": {
        "dmean": 4.07517708467e-09,
        "dmean2": 6.29800211982e-09,
        "dvar": 2.78159895788e-17,
        "dvar2": 6.60793827908e-17,
        "max": 8.15441085681e-29,
        "mean": -1.23062493529e-08,
        "median": -1.0456100874e-08,
        "min": -7.40872749816e-08,
        "var": 8.85386797629e-17
    },
    "spectral_energy": {
        "dmean": 0.0157662238926,
        "dmean2": 0.0242292899638,
        "dvar": 0.000398590666009,
        "dvar2": 0.000945258245338,
        "max": 0.281911402941,
        "mean": 0.0496147572994,
        "median": 0.0429205074906,
        "min": 1.04041719237e-20,
        "var": 0.00132286571898
    },
    "spectral_energyband_high": {
        "dmean": 0.000846994284075,
        "dmean2": 0.00124199327547,
        "dvar": 2.05047376767e-06,
        "dvar2": 4.0152440306e-06,
        "max": 0.0257993284613,
        "mean": 0.00234986329451,
        "median": 0.00142112269532,
        "min": 7.64518449978e-21,
        "var": 8.04879891803e-06
    },
    "spectral_energyband_low": {
        "dmean": 0.0135639412329,
        "dmean2": 0.0212776977569,
        "dvar": 0.000438582734205,
        "dvar2": 0.00104967027437,
        "max": 0.278151124716,
        "mean": 0.0316063426435,
        "median": 0.0222721099854,
        "min": 3.20957336293e-23,
        "var": 0.00120042869821
    },
    "spectral_energyband_middle_high": {
        "dmean": 0.00235268729739,
        "dmean2": 0.00365227391012,
        "dvar": 1.04041882878e-05,
        "dvar2": 2.58675918303e-05,
        "max": 0.0592708438635,
        "mean": 0.0071600228548,
        "median": 0.00511699263006,
        "min": 1.43710201508e-21,
        "var": 4.87222678203e-05
    },
    "spectral_energyband_middle_low": {
        "dmean": 0.00480374507606,
        "dmean2": 0.00794978439808,
        "dvar": 4.41544907517e-05,
        "dvar2": 0.000117529743875,
        "max": 0.145045369864,
        "mean": 0.00962229818106,
        "median": 0.0066779917106,
        "min": 2.20325089539e-22,
        "var": 9.88941974356e-05
    },
    "spectral_entropy": {
        "dmean": 0.114489838481,
        "dmean2": 0.173752218485,
        "dvar": 0.0130919888616,
        "dvar2": 0.0280285403132,
        "max": 9.8141078949,
        "mean": 7.91952705383,
        "median": 8.00367164612,
        "min": 5.33060455322,
        "var": 0.176129922271
    },
    "spectral_flux": {
        "dmean": 0.031130053103,
        "dmean2": 0.047008279711,
        "dvar": 0.00120267679449,
        "dvar2": 0.00247143139131,
        "max": 0.3882201612,
        "mean": 0.112341709435,
        "median": 0.099916793406,
        "min": 6.78479841754e-11,
        "var": 0.00330212782137
    },
    "spectral_kurtosis": {
        "dmean": 1.08801400661,
        "dmean2": 1.8640652895,
        "dvar": 4.74192905426,
        "dvar2": 13.9130706787,
        "max": 64.6778030396,
        "mean": 2.44789528847,
        "median": 1.59625577927,
        "min": -1.30109572411,
        "var": 14.5573368073
    },
    "spectral_rms": {
        "dmean": 0.00105091149453,
        "dmean2": 0.00158261158504,
        "dvar": 1.15772513709e-06,
        "dvar2": 2.59564444605e-06,
        "max": 0.0165841951966,
        "mean": 0.0064604645595,
        "median": 0.00647098664194,
        "min": 3.18597101825e-12,
        "var": 6.66697314955e-06
    },
    "spectral_rolloff": {
        "dmean": 700.904663086,
        "dmean2": 1137.10913086,
        "dvar": 1155898.625,
        "dvar2": 2427177,
        "max": 19035.3515625,
        "mean": 1672.03381348,
        "median": 1162.79296875,
        "min": 64.599609375,
        "var": 3414287.5
    },
    "spectral_skewness": {
        "dmean": 0.164449125528,
        "dmean2": 0.268748104572,
        "dvar": 0.0341287404299,
        "dvar2": 0.0932096242905,
        "max": 6.0168466568,
        "mean": 1.14643621445,
        "median": 1.07759284973,
        "min": -0.20660418272,
        "var": 0.228169873357
    },
    "spectral_spread": {
        "dmean": 452249.59375,
        "dmean2": 662907.5,
        "dvar": 375457316864,
        "dvar2": 614879068160,
        "max": 41224904,
        "mean": 5078765.5,
        "median": 5083412.5,
        "min": 995947.75,
        "var": 2.5955032105e+12
    },
    "spectral_strongpeak": {
        "dmean": 0.419879257679,
        "dmean2": 0.709060132504,
        "dvar": 0.559983730316,
        "dvar2": 1.44710814953,
        "max": 11.5992422104,
        "mean": 0.85439646244,
        "median": 0.568645775318,
        "min": 0,
        "var": 1.02239155769
    },
    "zerocrossingrate": {
        "dmean": 0.0131470505148,
        "dmean2": 0.0152334077284,
        "dvar": 0.00025304389419,
        "dvar2": 0.000263616966549,
        "max": 0.53173828125,
        "mean": 0.0700423792005,
        "median": 0.06103515625,
        "min": 0.00244140625,
        "var": 0.00214401213452
    },
    "barkbands": {
        "dmean": [0.000238982771407, 0.0118417833, 0.00508592603728, 0.00148581678513, 0.00145633157808, 0.000772210187279, 0.00060178746935, 0.000788945122622, 0.00158160924911, 0.000935025629587, 0.000688804488163, 0.000446005025879, 0.000462157069705, 0.000389632419683, 0.000389394845115, 0.000265385810053, 0.000274045974948, 0.00029955629725, 0.000223277296755, 0.000221987560508, 0.00021321058739, 0.000210568119655, 0.000202386887395, 0.000215224703425, 0.000123289370094, 3.29531212628e-05, 3.08718277608e-08],
        "dmean2": [0.000398215197492, 0.018667794764, 0.00869578402489, 0.00265054125339, 0.00240903999656, 0.00125484715682, 0.000999898300506, 0.00128530256916, 0.00263351597823, 0.00155902723782, 0.00114848371595, 0.000739127397537, 0.000754441833124, 0.000644716259558, 0.000633646559436, 0.000434705201769, 0.000450050923973, 0.000488683872391, 0.000370621011825, 0.000371922593331, 0.000352785631549, 0.00033505979809, 0.000306135741994, 0.000316956255119, 0.000173154781805, 5.06946016685e-05, 5.49373453396e-08],
        "dvar": [2.1524232352e-07, 0.000397155614337, 0.000138293034979, 1.27015882754e-05, 6.47978049528e-06, 2.7667069844e-06, 2.38674056163e-06, 5.03672254126e-06, 1.67560392583e-05, 5.19247669217e-06, 2.36657115238e-06, 8.40982522732e-07, 1.20538413739e-06, 6.67294216328e-07, 5.16622947089e-07, 1.8264871926e-07, 1.84344756349e-07, 1.67834002696e-07, 9.68445590388e-08, 1.31346595822e-07, 1.27050739707e-07, 1.21053673752e-07, 1.1186057236e-07, 1.89562783248e-07, 1.0996548383e-07, 1.25364874037e-08, 4.15107401577e-14],
        "dvar2": [5.59161321689e-07, 0.000936164928135, 0.000359151425073, 3.5951830796e-05, 1.67442958627e-05, 7.0007154136e-06, 6.19857883066e-06, 1.2467335182e-05, 4.49313520221e-05, 1.34185111165e-05, 6.369494713e-06, 2.20108017857e-06, 3.23401536662e-06, 1.74202205017e-06, 1.33208902753e-06, 4.65961136342e-07, 4.7598001629e-07, 4.34546706174e-07, 2.56434361745e-07, 3.53210225512e-07, 3.32732412289e-07, 2.92466125984e-07, 2.32202481243e-07, 3.77639366889e-07, 2.00173417397e-07, 2.81048730955e-08, 1.1724443031e-13],
        "max": [0.00555810844526, 0.236880004406, 0.137530565262, 0.0459635108709, 0.0453110076487, 0.0345834977925, 0.0339655987918, 0.0876357480884, 0.138411879539, 0.0670569166541, 0.0340243577957, 0.0220650341362, 0.0353268906474, 0.0204205419868, 0.0204935539514, 0.00935341604054, 0.0115393353626, 0.00844537932426, 0.00590876443312, 0.00539700780064, 0.00472245225683, 0.00991956610233, 0.00902625825256, 0.0132715022191, 0.0146882226691, 0.00314124347642, 7.74134423409e-06],
        "mean": [0.000278200488538, 0.0243390072137, 0.00613625766709, 0.00143861130346, 0.00212428229861, 0.00115845177788, 0.000792009697761, 0.0010217234958, 0.00255543063395, 0.00143123767339, 0.00106476561632, 0.000697471899912, 0.000737896945793, 0.000618112855591, 0.000664987077471, 0.000472889078083, 0.000504414609168, 0.000585113244597, 0.000437148788478, 0.00042183129699, 0.000420012540417, 0.000458096561488, 0.000493240077049, 0.000490599137265, 0.000230941703194, 4.18567942688e-05, 2.39078392639e-08],
        "median": [6.71121524647e-05, 0.014150666073, 0.00201932038181, 0.000460792594822, 0.00101351807825, 0.000444195669843, 0.000279797968687, 0.000291566626402, 0.000515592750162, 0.000372227834305, 0.000360768288374, 0.000295516918413, 0.000268009898718, 0.000245581351919, 0.000315158074955, 0.000298065773677, 0.00034790369682, 0.000441368436441, 0.000324140739394, 0.000276671315078, 0.000259358930634, 0.000255472870776, 0.000314539123792, 0.000270773103694, 7.40332106943e-05, 5.03388446305e-06, 1.58659518856e-09],
        "min": [4.41553847645e-25, 1.69746679378e-23, 1.08204090287e-23, 5.77971563985e-24, 4.01704318136e-23, 2.35231774391e-23, 1.59393463754e-23, 1.99939888763e-23, 3.74403041275e-23, 4.2160226162e-23, 2.62123458893e-23, 5.24545643634e-23, 4.12099990254e-23, 8.59542589893e-23, 8.58139301006e-23, 1.81442892828e-22, 1.42531817496e-22, 1.88251343041e-22, 2.55023609772e-22, 2.9423219295e-22, 3.39072031302e-22, 6.43333309552e-22, 3.88814141619e-22, 9.97717446568e-22, 1.19093146939e-21, 1.71786127156e-21, 2.3278589096e-21],
        "var": [2.83329796957e-07, 0.000902940228116, 0.000127869221615, 9.52100344875e-06, 1.17088384286e-05, 5.51353014089e-06, 3.30384000335e-06, 7.05993898009e-06, 4.43756071036e-05, 1.08724825623e-05, 4.2713008952e-06, 1.406293336e-06, 2.46124841397e-06, 1.39800260968e-06, 1.23174379496e-06, 3.80455759341e-07, 3.71613765537e-07, 3.27119522581e-07, 1.75744446551e-07, 2.14072798599e-07, 2.35182980646e-07, 3.37492537028e-07, 3.93628624806e-07, 6.12096016539e-07, 3.33248721063e-07, 2.2663288135e-08, 3.51045452744e-14]
    },
    "erbbands": {
        "dmean": [0.305670499802, 2.96477007866, 6.18277263641, 4.97306966782, 3.86719441414, 5.74515151978, 6.68218994141, 6.2591676712, 6.05796384811, 13.257686615, 17.7838287354, 34.7456436157, 34.9258499146, 26.5055675507, 24.3033084869, 16.6512641907, 18.6659965515, 19.9702568054, 19.6955013275, 15.9128932953, 13.1561155319, 14.2963924408, 16.5569152832, 12.5533761978, 10.7581663132, 9.81992912292, 9.48717212677, 8.33232212067, 7.70692014694, 6.64165306091, 5.97926807404, 5.1283326149, 3.35067009926, 1.75432217121, 0.697770416737, 0.241376504302, 0.0424063876271, 0.0011623906903, 4.47014608653e-05, 2.02914052352e-05],
        "dmean2": [0.428669244051, 4.70523023605, 10.263053894, 8.56218910217, 6.6605091095, 9.43384552002, 10.8639431, 10.2083778381, 10.046538353, 21.708732605, 29.0269908905, 57.6816444397, 58.2017402649, 43.3500518799, 40.6920890808, 27.4944820404, 30.5657062531, 32.6158065796, 31.7945823669, 25.6858863831, 21.405834198, 23.2858467102, 27.0915679932, 20.8026924133, 17.5673923492, 16.4846744537, 15.90928936, 13.7457017899, 12.3951396942, 10.3833150864, 9.11003494263, 7.72893571854, 4.96115255356, 2.49022555351, 0.992595016956, 0.36093172431, 0.0656759142876, 0.00176817749161, 6.45835971227e-05, 3.01267300529e-05],
        "dvar": [0.290761739016, 24.9051761627, 173.910766602, 143.448303223, 56.7769165039, 125.790115356, 204.337219238, 238.121612549, 232.686767578, 1245.47314453, 2389.9140625, 8366.93359375, 7841.90966797, 3273.88183594, 2937.93994141, 1105.28674316, 1869.78845215, 1661.35827637, 1593.43859863, 743.742980957, 370.989837646, 454.880157471, 553.755859375, 337.433532715, 220.386138916, 265.0440979, 269.544494629, 201.118286133, 158.007965088, 123.507347107, 97.5530853271, 91.7445449829, 54.172744751, 23.2822132111, 3.5797252655, 0.623282194138, 0.0218436736614, 1.69474060385e-05, 1.64939564229e-08, 6.13169792718e-10],
        "dvar2": [0.557205379009, 61.6957778931, 451.134887695, 387.910003662, 158.364639282, 316.144744873, 522.959228516, 617.679199219, 611.350524902, 3232.78515625, 6046.6796875, 22911.1796875, 20599.0527344, 8338.87109375, 8140.84130859, 2921.16479492, 5022.72460938, 4316.94287109, 4195.79931641, 1824.89489746, 926.732727051, 1160.26928711, 1436.60070801, 898.350341797, 566.429260254, 706.867492676, 726.093200684, 526.645263672, 392.112762451, 270.0234375, 204.1822052, 191.361175537, 109.145179749, 43.8506965637, 6.76775455475, 1.34505331516, 0.0500740855932, 3.81950485462e-05, 3.43227455346e-08, 1.33576272265e-09],
        "max": [6.23966217041, 64.743637085, 148.93927002, 156.46836853, 146.030731201, 222.237762451, 294.368499756, 396.336151123, 443.075531006, 857.61529541, 1486.02587891, 2147.9050293, 3532.90014648, 1342.12634277, 1339.67285156, 862.980895996, 1497.09118652, 1146.46191406, 1191.01281738, 954.471984863, 351.789550781, 510.392181396, 368.702911377, 425.74822998, 280.241851807, 240.046890259, 229.016662598, 213.207931519, 254.406341553, 340.521392822, 254.304626465, 215.245513916, 254.103713989, 232.712844849, 61.0613250732, 24.8317375183, 4.03332233429, 0.160542950034, 0.00415933178738, 0.00044091430027],
        "mean": [0.564724028111, 5.82315063477, 9.09638023376, 5.49866437912, 4.83200740814, 8.18367290497, 9.61688804626, 9.22866344452, 8.51131820679, 17.4329547882, 25.4316711426, 55.7303581238, 57.9976348877, 44.3239555359, 39.6373977661, 28.1578292847, 31.9919528961, 34.7482032776, 35.4784431458, 29.3505115509, 26.0177192688, 28.0943031311, 32.7218818665, 25.0589733124, 22.6801929474, 19.0031356812, 18.0264854431, 16.2845401764, 16.2600917816, 15.1307449341, 14.333158493, 11.6387710571, 7.1599650383, 3.35764908791, 1.20092141628, 0.338169753551, 0.0503275357187, 0.00148768769577, 9.12961841095e-05, 6.79575605318e-05],
        "median": [0.21564553678, 3.25592589378, 4.41412830353, 2.29153776169, 2.39795184135, 3.33653259277, 3.63107252121, 3.51331853867, 3.7815592289, 5.89526224136, 8.49604988098, 12.2959718704, 13.606127739, 14.9713010788, 15.0234460831, 12.8853216171, 12.9697322845, 13.9257535934, 15.6825428009, 17.5006446838, 17.8179969788, 20.2611351013, 24.1903133392, 19.6664390564, 16.5554389954, 12.7544870377, 11.5322761536, 9.6185541153, 8.93467712402, 9.18200206757, 9.0965423584, 6.9328660965, 3.53847193718, 1.1513543129, 0.33007106185, 0.0561128556728, 0.00500345882028, 0.000198184803594, 4.59075054096e-05, 5.99279228481e-05],
        "min": [9.58672643535e-22, 2.14735743707e-21, 7.89120368515e-21, 1.95238616031e-20, 1.12663421146e-19, 1.03241717647e-19, 1.17616165064e-19, 2.42707147733e-19, 2.83034787535e-19, 5.25254467394e-19, 4.82165543611e-19, 9.03167905164e-19, 8.92313434371e-19, 1.53262029807e-18, 1.56506159791e-18, 2.53763874526e-18, 1.99482421574e-18, 3.84272337031e-18, 3.81081735972e-18, 5.97106404949e-18, 1.0012123824e-17, 8.87298941421e-18, 9.66772221287e-18, 1.1440601049e-17, 1.41439397873e-17, 1.08353703655e-17, 1.16371772128e-17, 1.5057785767e-17, 2.12222682184e-17, 1.65752568726e-17, 1.29503653127e-17, 1.47337625775e-17, 1.8153199844e-17, 1.23745756417e-17, 8.09459177828e-18, 5.82062677944e-18, 3.30779373318e-18, 1.11664264515e-18, 3.0210233463e-19, 3.61254330426e-20],
        "var": [0.726842105389, 51.0375022888, 194.243804932, 113.470108032, 69.7199249268, 232.741470337, 352.954620361, 421.342163086, 306.991119385, 1529.61108398, 3413.85888672, 17191.9609375, 24343.7480469, 6680.81054688, 5519.59277344, 1961.60388184, 3746.65698242, 3956.51806641, 3643.29638672, 1650.38061523, 852.625427246, 944.687255859, 1096.9798584, 555.372619629, 484.979187012, 426.980773926, 437.934448242, 380.206726074, 419.383270264, 402.672576904, 327.686187744, 267.427734375, 169.751556396, 65.8661422729, 10.3629322052, 1.26501965523, 0.0356153100729, 3.0109378713e-05, 3.80600582162e-08, 2.40151210029e-09]
    },
    "gfcc": {
        "mean": [25.5424919128, 80.1450500488, -132.789733887, 55.2769737244, -68.8060455322, 33.9614334106, -32.8982543945, 14.3540010452, -14.5685367584, -6.6134057045, -8.31443023682, -5.95752954483, -3.97787833214],
        "cov": [[4504.18994141, -915.787231445, 948.281188965, 858.57800293, 270.170440674, 696.847351074, -142.137878418, 691.156555176, -178.979660034, 503.361450195, -118.489189148, 201.962936401, -106.99030304], [-915.787231445, 1433.9876709, -135.34854126, -110.053108215, 219.738723755, -205.185791016, 263.733917236, -234.016571045, 217.040985107, -195.01071167, 168.192596436, -114.373374939, 82.7038497925], [948.281188965, -135.34854126, 1901.34619141, 941.775024414, 522.417419434, 438.327026367, -89.4185256958, 419.887176514, -170.595046997, 465.510498047, -83.1389694214, 302.920806885, -33.6726608276], [858.57800293, -110.053108215, 941.775024414, 870.207397461, 359.841064453, 301.07989502, -24.3465976715, 251.811630249, -20.4510974884, 227.384872437, 21.7680034637, 139.850189209, 31.8167743683], [270.170440674, 219.738723755, 522.417419434, 359.841064453, 461.615875244, 208.435501099, 134.953811646, 132.703155518, 18.5119724274, 136.204055786, 0.66988670826, 79.9616622925, -2.23071050644], [696.847351074, -205.185791016, 438.327026367, 301.07989502, 208.435501099, 380.762451172, 89.1389312744, 219.741287231, -44.916053772, 161.101455688, -18.7961406708, 57.1604232788, -10.2733688354], [-142.137878418, 263.733917236, -89.4185256958, -24.3465976715, 134.953811646, 89.1389312744, 276.305145264, 11.6218738556, 86.0927124023, -35.3598022461, 46.0789794922, -35.5281181335, 10.68272686], [691.156555176, -234.016571045, 419.887176514, 251.811630249, 132.703155518, 219.741287231, 11.6218738556, 270.00793457, -23.3433895111, 164.582443237, -29.5641231537, 80.5750808716, -18.7211933136], [-178.979660034, 217.040985107, -170.595046997, -20.4510974884, 18.5119724274, -44.916053772, 86.0927124023, -23.3433895111, 160.119812012, -46.0944824219, 71.5141067505, -48.4057922363, 37.56690979], [503.361450195, -195.01071167, 465.510498047, 227.384872437, 136.204055786, 161.101455688, -35.3598022461, 164.582443237, -46.0944824219, 226.275817871, -17.5427341461, 103.757827759, -25.1144351959], [-118.489189148, 168.192596436, -83.1389694214, 21.7680034637, 0.66988670826, -18.7961406708, 46.0789794922, -29.5641231537, 71.5141067505, -17.5427341461, 123.507926941, -3.43341517448, 48.961139679], [201.962936401, -114.373374939, 302.920806885, 139.850189209, 79.9616622925, 57.1604232788, -35.5281181335, 80.5750808716, -48.4057922363, 103.757827759, -3.43341517448, 131.907409668, 10.8895082474], [-106.99030304, 82.7038497925, -33.6726608276, 31.8167743683, -2.23071050644, -10.2733688354, 10.68272686, -18.7211933136, 37.56690979, -25.1144351959, 48.961139679, 10.8895082474, 87.8416595459]],
        "icov": [[0.000516971980687, -0.000254778191447, 0.000554869475309, -0.000564248301089, 0.000272751087323, -0.000574163044803, 0.000435382156866, -0.00100003508851, 0.000334188720444, -0.000618221645709, 0.000342608633218, -0.0002991995716, 0.000486767239636], [-0.000254778191447, 0.00236986577511, -0.00155468191952, 0.00121890788432, -0.00184672034811, 0.00175633386243, -0.00127888761926, 0.00139340001624, -0.00092648610007, 0.00173295452259, -0.00240015750751, 0.00220360560343, -0.00101170758717], [0.000554869475309, -0.00155468191952, 0.00350843369961, -0.00253670639358, 0.000545000832062, -0.00121095904615, 0.00112659321167, -0.00192223885097, 0.00177696405444, -0.00321558862925, 0.00241583795287, -0.00273479986936, 0.00104200060014], [-0.000564248301089, 0.00121890788432, -0.00253670639358, 0.00456765573472, -0.0023286906071, 1.13407577373e-05, 0.000779707159381, 0.00076363957487, -0.00158305815421, 0.00240671518259, -0.00282238936052, 0.00164812186267, -0.0017176407855], [0.000272751087323, -0.00184672034811, 0.000545000832062, -0.0023286906071, 0.00676112668589, -0.00214687245898, -0.00183349417057, 0.000263076362899, -0.000718391966075, -0.00228516291827, 0.00334788952023, -0.00312697910704, 0.00149844563566], [-0.000574163044803, 0.00175633386243, -0.00121095904615, 1.13407577373e-05, -0.00214687245898, 0.00989189837128, -0.00453357771039, -0.00285011576489, 0.00364905456081, -0.00131297321059, -0.00212464225478, 0.00528490357101, -0.00318184331991], [0.000435382156866, -0.00127888761926, 0.00112659321167, 0.000779707159381, -0.00183349417057, -0.00453357771039, 0.00877883471549, -0.00128878792748, -0.00262938858941, 0.0018445556052, -0.00059134629555, -0.00156950671226, 0.00214079162106], [-0.00100003508851, 0.00139340001624, -0.00192223885097, 0.00076363957487, 0.000263076362899, -0.00285011576489, -0.00128878792748, 0.0129852471873, -0.00463389465585, -0.00129467167426, 0.0012666489929, -0.00152083893772, 0.000148305145558], [0.000334188720444, -0.00092648610007, 0.00177696405444, -0.00158305815421, -0.000718391966075, 0.00364905456081, -0.00262938858941, -0.00463389465585, 0.0146398805082, -0.00276998267509, -0.00398603780195, 0.0049686236307, -0.00317255104892], [-0.000618221645709, 0.00173295452259, -0.00321558862925, 0.00240671518259, -0.00228516291827, -0.00131297321059, 0.0018445556052, -0.00129467167426, -0.00276998267509, 0.0161618236452, -0.00429320242256, -0.00360149983317, 0.00344400876202], [0.000342608633218, -0.00240015750751, 0.00241583795287, -0.00282238936052, 0.00334788952023, -0.00212464225478, -0.00059134629555, 0.0012666489929, -0.00398603780195, -0.00429320242256, 0.0170141849667, -0.0045454907231, -0.00363879255019], [-0.0002991995716, 0.00220360560343, -0.00273479986936, 0.00164812186267, -0.00312697910704, 0.00528490357101, -0.00156950671226, -0.00152083893772, 0.0049686236307, -0.00360149983317, -0.0045454907231, 0.0196889769286, -0.00674084853381], [0.000486767239636, -0.00101170758717, 0.00104200060014, -0.0017176407855, 0.00149844563566, -0.00318184331991, 0.00214079162106, 0.000148305145558, -0.00317255104892, 0.00344400876202, -0.00363879255019, -0.00674084853381, 0.0185935776681]]
    },
    "melbands": {
        "dmean": [0.00303713488393, 0.00321030407213, 0.000814711733256, 0.000325467903167, 0.000234746476053, 0.000138125760714, 0.000101816636743, 0.000152834574692, 0.00014947586169, 0.000241836896748, 0.000178436297574, 0.000110736466013, 8.80398292793e-05, 5.35224353371e-05, 4.15179820266e-05, 4.83369585709e-05, 3.86888968933e-05, 3.33046773449e-05, 2.85677397187e-05, 2.05739215744e-05, 1.59856699611e-05, 1.56783335115e-05, 1.69989834831e-05, 1.51371232278e-05, 1.07900787043e-05, 8.60068757902e-06, 8.11177778814e-06, 6.88313184583e-06, 7.04305875843e-06, 5.2773743846e-06, 5.20915455127e-06, 4.67450172437e-06, 4.44999432148e-06, 3.85440716855e-06, 3.73153375222e-06, 3.46046385857e-06, 3.40754650097e-06, 2.67159339273e-06, 2.03765353035e-06, 1.42661394875e-06],
        "dmean2": [0.00459988694638, 0.00515905022621, 0.00138692185283, 0.000542244350072, 0.000383053760743, 0.000224393632379, 0.000168328362633, 0.000248125899816, 0.000246117531788, 0.000401258061174, 0.00029732537223, 0.000181077906745, 0.000146673250129, 8.89481889317e-05, 6.89130829414e-05, 7.86751916166e-05, 6.35719334241e-05, 5.43828973605e-05, 4.66393721581e-05, 3.37891979143e-05, 2.61648110609e-05, 2.58038162428e-05, 2.79130745184e-05, 2.49407112278e-05, 1.80989227374e-05, 1.42533863254e-05, 1.34617830554e-05, 1.16537166832e-05, 1.19833621284e-05, 8.74914803717e-06, 8.66576465341e-06, 7.62779063734e-06, 7.1911640589e-06, 6.07518813922e-06, 5.82603479415e-06, 5.28745613337e-06, 5.25206678503e-06, 4.08659116147e-06, 3.00793203678e-06, 2.06567460737e-06],
        "dvar": [2.71681328741e-05, 3.27712041326e-05, 3.40796464116e-06, 3.4426551565e-07, 2.26776464274e-07, 1.02869996965e-07, 6.18409714548e-08, 1.62496220923e-07, 1.5231164241e-07, 4.22814935064e-07, 2.02397018256e-07, 5.63725954805e-08, 3.8031000571e-08, 1.20152998662e-08, 8.00013033597e-09, 1.70518195119e-08, 6.57848797658e-09, 4.94455365541e-09, 2.7932471891e-09, 1.34966038345e-09, 5.55256007839e-10, 5.40145983496e-10, 6.6950839317e-10, 4.71901795418e-10, 2.6430391209e-10, 1.41074513182e-10, 1.47382661631e-10, 1.34843997079e-10, 1.73600564479e-10, 7.07496769503e-11, 7.8155426575e-11, 5.74787127616e-11, 6.11397321659e-11, 4.20334773932e-11, 3.79227448055e-11, 3.80631255681e-11, 4.25065885268e-11, 3.25412405355e-11, 2.59725851937e-11, 1.75985857831e-11],
        "dvar2": [5.89876217418e-05, 8.27479598229e-05, 9.08995116333e-06, 8.8991288294e-07, 5.83280211686e-07, 2.64455792376e-07, 1.61185880643e-07, 4.12081277545e-07, 3.91360430285e-07, 1.14438319088e-06, 5.31959642558e-07, 1.43323433122e-07, 1.04609398477e-07, 3.15647632476e-08, 2.13911945934e-08, 4.57971296441e-08, 1.71997136533e-08, 1.3066205895e-08, 7.20254300646e-09, 3.40416028699e-09, 1.3798090448e-09, 1.38994915577e-09, 1.7469750091e-09, 1.21272825115e-09, 7.15804304718e-10, 3.72039149488e-10, 3.87169935001e-10, 3.63169133655e-10, 4.78860395781e-10, 1.85190696111e-10, 2.06061154251e-10, 1.46526665801e-10, 1.4999393394e-10, 9.34546329212e-11, 8.52364775983e-11, 8.05920469249e-11, 9.45150624432e-11, 7.03536603974e-11, 5.29689486717e-11, 3.44201854519e-11],
        "max": [0.060373224318, 0.0683414116502, 0.0232605729252, 0.0122491642833, 0.00851338542998, 0.00792746897787, 0.00641029188409, 0.0123918838799, 0.00990410801023, 0.015261458233, 0.0174513552338, 0.00552453892305, 0.00389891909435, 0.00218724319711, 0.00219910102896, 0.00478941015899, 0.0024199092295, 0.00246545323171, 0.00134994857945, 0.000960224831942, 0.000471235223813, 0.000477351102745, 0.000643816660158, 0.000614602526184, 0.000352046568878, 0.000180917442776, 0.000231488549616, 0.000162830154295, 0.000193059488083, 0.000114407135698, 0.000125628663227, 0.000145954894833, 0.000264151138254, 0.000201472459594, 0.000157627917361, 0.000195187152713, 0.000149264364154, 0.000171876599779, 0.000155707311933, 0.000226721691433],
        "mean": [0.00609028991312, 0.00606112321839, 0.000953240785748, 0.000461852236185, 0.000352334987838, 0.000205685573746, 0.000140587828355, 0.000199699716177, 0.000212089536944, 0.000382732541766, 0.000286762428004, 0.000175937704626, 0.000139361422043, 8.49926436786e-05, 6.29074274912e-05, 7.88236284279e-05, 6.18304038653e-05, 5.54814942006e-05, 4.80400558445e-05, 3.47584136762e-05, 2.9089365853e-05, 2.81155244011e-05, 3.07092595904e-05, 2.81822922261e-05, 1.92581392184e-05, 1.63883178175e-05, 1.53881210281e-05, 1.19364185593e-05, 1.17265281006e-05, 9.88901410892e-06, 9.24433606997e-06, 9.20143520489e-06, 8.77794172993e-06, 8.19761862658e-06, 8.34726233734e-06, 7.57235466153e-06, 7.03166733729e-06, 5.40220980838e-06, 3.74498335987e-06, 2.51609617408e-06],
        "median": [0.00326913897879, 0.0038229979109, 0.000428041705163, 0.000220076326514, 0.00014269692474, 8.00215857453e-05, 5.69892836211e-05, 6.45988329779e-05, 6.30541180726e-05, 7.53368294681e-05, 6.37156990706e-05, 5.58483916393e-05, 4.91514038004e-05, 3.59683544957e-05, 2.75175352726e-05, 2.68822586804e-05, 2.37864769588e-05, 2.24717023229e-05, 2.40226945607e-05, 2.08737837966e-05, 1.93960950128e-05, 1.95362117665e-05, 2.08814581129e-05, 2.07782322832e-05, 1.42720318763e-05, 1.16951678137e-05, 1.02725316538e-05, 7.5264674706e-06, 7.08252764525e-06, 5.9949925344e-06, 5.20485673405e-06, 4.91390255775e-06, 4.9065715757e-06, 4.96359007229e-06, 5.25470341017e-06, 4.6574496082e-06, 4.02312025471e-06, 2.70364716926e-06, 1.44816704051e-06, 7.71207794514e-07],
        "min": [6.40892016975e-24, 3.68788844431e-24, 5.39702738181e-24, 5.72573822684e-24, 6.44504408275e-24, 4.89808035344e-24, 4.33693677028e-24, 5.47322503437e-24, 4.99661499696e-24, 5.80603203964e-24, 4.45615731889e-24, 6.35300176448e-24, 3.91270946356e-24, 7.32850282115e-24, 5.42408964959e-24, 4.11162468512e-24, 7.81840832025e-24, 6.00697384487e-24, 6.38595485108e-24, 1.04478174014e-23, 1.26164488836e-23, 8.18917452343e-24, 9.84052151102e-24, 7.87269930547e-24, 8.28438214608e-24, 7.99287910894e-24, 1.20013929684e-23, 5.36324717456e-24, 6.15776105703e-24, 8.36065000726e-24, 8.72425650886e-24, 1.17476179929e-23, 1.17512830407e-23, 7.48880566797e-24, 7.38700474588e-24, 6.74611679154e-24, 9.79870636101e-24, 1.3662687492e-23, 1.16072898931e-23, 9.20593971075e-24],
        "var": [6.4774423663e-05, 5.53119498363e-05, 2.89087097372e-06, 6.21743993179e-07, 3.95263640485e-07, 1.91337491628e-07, 8.64892086838e-08, 2.0802247036e-07, 2.30392231515e-07, 9.28891836338e-07, 6.11349548763e-07, 1.12022490839e-07, 7.08793379545e-08, 2.13528803528e-08, 1.21100294237e-08, 3.48433175645e-08, 1.47855994115e-08, 9.75407221659e-09, 6.22601881162e-09, 2.5668389636e-09, 1.15951215296e-09, 1.01396557817e-09, 1.37876132733e-09, 8.60978788264e-10, 3.79292180996e-10, 2.68979949425e-10, 2.76232980934e-10, 1.93751861777e-10, 2.19543189184e-10, 1.39870198756e-10, 1.38202865818e-10, 1.41352568539e-10, 1.4083921529e-10, 1.27392429938e-10, 1.13899500942e-10, 1.04124625588e-10, 1.08973233215e-10, 9.19178066994e-11, 6.9147479409e-11, 4.39876433889e-11]
    },
    "mfcc": {
        "mean": [-600.424865723, 88.7900314331, 3.23266530037, 19.4274711609, 3.42570924759, 11.6150388718, 2.23882365227, 16.4429893494, 1.83257567883, 8.00055217743, -0.882009148598, 2.05512738228, -3.57133793831],
        "cov": [[3728.67578125, -991.081420898, 433.210083008, 222.547058105, 423.952941895, 126.499572754, 301.025512695, 137.933135986, 219.251434326, 188.301193237, 195.452194214, 164.865814209, 83.200088501], [-991.081420898, 1280.03540039, -245.043579102, -1.05353105068, -101.753738403, 29.583114624, -22.2738952637, 29.6633358002, -39.9939498901, 11.6256046295, -2.79654955864, -21.6718616486, -22.2526836395], [433.210083008, -245.043579102, 1252.55383301, 602.276123047, 602.665893555, 217.35005188, 278.447113037, 30.6698570251, 192.470489502, -23.1351585388, 130.49281311, 166.00692749, 177.392166138], [222.547058105, -1.05353105068, 602.276123047, 608.056213379, 440.743408203, 185.646499634, 162.519805908, 58.5817604065, 128.864303589, -3.68637108803, 77.7672195435, 122.692230225, 123.627586365], [423.952941895, -101.753738403, 602.665893555, 440.743408203, 527.382446289, 198.145675659, 205.307312012, 53.5434951782, 152.057250977, 22.8746528625, 90.6228790283, 109.820495605, 118.421981812], [126.499572754, 29.583114624, 217.35005188, 185.646499634, 198.145675659, 235.1822052, 183.613647461, 72.6854400635, 99.7577819824, 42.4942703247, 67.5177078247, 46.0279312134, 45.3226928711], [301.025512695, -22.2738952637, 278.447113037, 162.519805908, 205.307312012, 183.613647461, 273.865722656, 100.901306152, 118.235870361, 50.7242088318, 85.6785583496, 58.0350952148, 56.5500946045], [137.933135986, 29.6633358002, 30.6698570251, 58.5817604065, 53.5434951782, 72.6854400635, 100.901306152, 137.576812744, 73.7046508789, 48.9440422058, 35.3300895691, 30.0451107025, 19.2210998535], [219.251434326, -39.9939498901, 192.470489502, 128.864303589, 152.057250977, 99.7577819824, 118.235870361, 73.7046508789, 147.866699219, 52.4323730469, 59.2143325806, 40.2985153198, 42.2505226135], [188.301193237, 11.6256046295, -23.1351585388, -3.68637108803, 22.8746528625, 42.4942703247, 50.7242088318, 48.9440422058, 52.4323730469, 112.132720947, 50.3788566589, 17.289270401, -1.12336778641], [195.452194214, -2.79654955864, 130.49281311, 77.7672195435, 90.6228790283, 67.5177078247, 85.6785583496, 35.3300895691, 59.2143325806, 50.3788566589, 104.052940369, 55.7947349548, 33.3225402832], [164.865814209, -21.6718616486, 166.00692749, 122.692230225, 109.820495605, 46.0279312134, 58.0350952148, 30.0451107025, 40.2985153198, 17.289270401, 55.7947349548, 97.1791305542, 56.1888999939], [83.200088501, -22.2526836395, 177.392166138, 123.627586365, 118.421981812, 45.3226928711, 56.5500946045, 19.2210998535, 42.2505226135, -1.12336778641, 33.3225402832, 56.1888999939, 92.2609558105]],
