{
"lowlevel": {
    "average_loudness": 0.928959310055,
    "barkbands_crest": {
        "dmean": 2.30189466476,
        "dmean2": 3.85384845734,
        "dvar": 4.1300907135,
        "dvar2": 11.441526413,
        "max": 26.1484050751,
        "mean": 9.66739082336,
        "median": 8.98632335663,
        "min": 2.76220202446,
        "var": 13.6189661026
    },
    "barkbands_flatness_db": {
        "dmean": 0.0199365094304,
        "dmean2": 0.0313052162528,
        "dvar": 0.000319145125104,
        "dvar2": 0.000811711128335,
        "max": 0.376328974962,
        "mean": 0.136226072907,
        "median": 0.128600746393,
        "min": 0.0408253893256,
        "var": 0.00179273297545
    },
    "barkbands_kurtosis": {
        "dmean": 1.97627580166,
        "dmean2": 3.2355287075,
        "dvar": 12.7063369751,
        "dvar2": 31.9199638367,
        "max": 91.827835083,
        "mean": 2.35885238647,
        "median": 0.811108231544,
        "min": -1.84395897388,
        "var": 32.4018287659
    },
    "barkbands_skewness": {
        "dmean": 0.461959898472,
        "dmean2": 0.739046096802,
        "dvar": 0.232140466571,
        "dvar2": 0.596636533737,
        "max": 7.23311948776,
        "mean": 1.35180807114,
        "median": 1.25277233124,
        "min": -2.22256398201,
        "var": 0.83697706461
    },
    "barkbands_spread": {
        "dmean": 6.19733285904,
        "dmean2": 9.63303565979,
        "dvar": 44.871963501,
        "dvar2": 101.229042053,
        "max": 99.9541091919,
        "mean": 29.2461204529,
        "median": 28.0052566528,
        "min": 0.567634224892,
        "var": 195.520812988
    },
    "dissonance": {
        "dmean": 0.0171248484403,
        "dmean2": 0.0292286779732,
        "dvar": 0.000307613343466,
        "dvar2": 0.000856507045683,
        "max": 0.500000059605,
        "mean": 0.47147449851,
        "median": 0.476820349693,
        "min": 0.247678086162,
        "var": 0.000498378649354
    },
    "dynamic_complexity": 2.53119492531,
    "erbbands_crest": {
        "dmean": 2.42573714256,
        "dmean2": 3.94344735146,
        "dvar": 5.20796060562,
        "dvar2": 12.636762619,
        "max": 28.5533390045,
        "mean": 8.23525619507,
        "median": 7.05575847626,
        "min": 2.07465553284,
        "var": 17.8211097717
    },
    "erbbands_flatness_db": {
        "dmean": 0.0159094892442,
        "dmean2": 0.022387932986,
        "dvar": 0.000201938586542,
        "dvar2": 0.000371991336579,
        "max": 0.433813035488,
        "mean": 0.151529937983,
        "median": 0.143379986286,
        "min": 0.0486612543464,
        "var": 0.0028968823608
    },
    "erbbands_kurtosis": {
        "dmean": 0.798412740231,
        "dmean2": 1.25234913826,
        "dvar": 2.30243444443,
        "dvar2": 5.31805276871,
        "max": 57.6082687378,
        "mean": 0.514360070229,
        "median": -0.161869287491,
        "min": -1.70836019516,
        "var": 10.7723550797
    },
    "erbbands_skewness": {
        "dmean": 0.315823942423,
        "dmean2": 0.499446719885,
        "dvar": 0.0809977352619,
        "dvar2": 0.19158166647,
        "max": 5.46293783188,
        "mean": 0.166762679815,
        "median": 0.11526876688,
        "min": -2.86738729477,
        "var": 0.568523108959
    },
    "erbbands_spread": {
        "dmean": 7.4406337738,
        "dmean2": 11.2803440094,
        "dvar": 53.6323852539,
        "dvar2": 117.815757751,
        "max": 156.348220825,
        "mean": 41.7412757874,
        "median": 39.3068008423,
        "min": 1.20351374149,
        "var": 389.350891113
    },
    "hfc": {
        "dmean": 5.92351484299,
        "dmean2": 8.48108100891,
        "dvar": 46.9835853577,
        "dvar2": 92.4731216431,
        "max": 146.624771118,
        "mean": 27.9375858307,
        "median": 24.6567344666,
        "min": 1.1819974202e-16,
        "var": 346.725128174
    },
    "melbands_crest": {
        "dmean": 3.32956337929,
        "dmean2": 5.63844919205,
        "dvar": 9.11725521088,
        "dvar2": 26.2213840485,
        "max": 34.4414367676,
        "mean": 14.7733135223,
        "median": 14.0945568085,
        "min": 1.71617150307,
        "var": 24.4066925049
    },
    "melbands_flatness_db": {
        "dmean": 0.0238730795681,
        "dmean2": 0.0379647538066,
        "dvar": 0.000516984146088,
        "dvar2": 0.0013144123368,
        "max": 0.403991281986,
        "mean": 0.175824537873,
        "median": 0.17093449831,
        "min": 0.00667495001107,
        "var": 0.00233072927222
    },
    "melbands_kurtosis": {
        "dmean": 5.99665307999,
        "dmean2": 9.90248680115,
        "dvar": 114.227836609,
        "dvar2": 301.13092041,
        "max": 293.478485107,
        "mean": 11.9566431046,
        "median": 7.54523181915,
        "min": -1.75826501846,
        "var": 276.886962891
    },
    "melbands_skewness": {
        "dmean": 0.684210717678,
        "dmean2": 1.10334646702,
        "dvar": 0.538093626499,
        "dvar2": 1.3795081377,
        "max": 15.3108482361,
        "mean": 2.66394925117,
        "median": 2.45822620392,
        "min": -1.36186254025,
        "var": 2.25270724297
    },
    "melbands_spread": {
        "dmean": 7.08346939087,
        "dmean2": 11.2366523743,
        "dvar": 62.7355003357,
        "dvar2": 144.98085022,
        "max": 187.136489868,
        "mean": 26.6651439667,
        "median": 24.070148468,
        "min": 1.15780365467,
        "var": 217.236129761
    },
    "pitch_salience": {
        "dmean": 0.0701610893011,
        "dmean2": 0.118417099118,
        "dvar": 0.0038846086245,
        "dvar2": 0.0111323967576,
        "max": 0.842912435532,
        "mean": 0.516872644424,
        "median": 0.511958479881,
        "min": 0.0925063937902,
        "var": 0.0111752105877
    },
    "silence_rate_20dB": {
        "dmean": 0,
        "dmean2": 0,
        "dvar": 0,
        "dvar2": 0,
        "max": 1,
        "mean": 1,
        "median": 1,
        "min": 1,
        "var": 0
    },
    "silence_rate_30dB": {
        "dmean": 0.0008842710522,
        "dmean2": 0.00176873756573,
        "dvar": 0.000883564469405,
        "dvar2": 0.00265028537251,
        "max": 1,
        "mean": 0.99955791235,
        "median": 1,
        "min": 0,
        "var": 0.000441912416136
    },
    "silence_rate_60dB": {
        "dmean": 0.0134851336479,
        "dmean2": 0.0269732475281,
        "dvar": 0.0133044915274,
        "dvar2": 0.0319986008108,
        "max": 1,
        "mean": 0.0442086644471,
        "median": 0,
        "min": 0,
        "var": 0.0422532372177
    },
    "spectral_centroid": {
        "dmean": 259.698577881,
        "dmean2": 404.358459473,
        "dvar": 81445.2421875,
        "dvar2": 158750.109375,
        "max": 11273.0087891,
        "mean": 1606.36523438,
        "median": 1574.69311523,
        "min": 288.587005615,
        "var": 289680.8125
    },
    "spectral_complexity": {
        "dmean": 3.48049068451,
        "dmean2": 5.46340942383,
        "dvar": 9.87078857422,
        "dvar2": 21.9323616028,
        "max": 54,
        "mean": 24.0119361877,
        "median": 24,
        "min": 0,
        "var": 103.036766052
    },
    "spectral_decrease": {
        "dmean": 2.45211406735e-09,
        "dmean2": 4.13838829871e-09,
        "dvar": 1.22502379879e-17,
        "dvar2": 3.34546151168e-17,
        "max": 5.02661787232e-29,
        "mean": -8.56923598747e-09,
        "median": -8.34548341544e-09,
        "min": -3.6239388379e-08,
        "var": 2.61175495533e-17
    },
    "spectral_energy": {
        "dmean": 0.00951102562249,
        "dmean2": 0.0159992985427,
        "dvar": 0.000178467598744,
        "dvar2": 0.000485460448544,
        "max": 0.139419078827,
        "mean": 0.0348764620721,
        "median": 0.0340143963695,
        "min": 1.05313485195e-20,
        "var": 0.000413784000557
    },
    "spectral_energyband_high": {
        "dmean": 0.000445792567916,
        "dmean2": 0.000619936734438,
        "dvar": 4.61338316882e-07,
        "dvar2": 8.62725585193e-07,
        "max": 0.0190256368369,
        "mean": 0.00134157028515,
        "median": 0.00102423829958,
        "min": 7.39739866988e-21,
        "var": 1.8991130446e-06
    },
    "spectral_energyband_low": {
        "dmean": 0.00752627989277,
        "dmean2": 0.0129954218864,
        "dvar": 0.000152751323185,
        "dvar2": 0.000432198197814,
        "max": 0.121127545834,
        "mean": 0.0163482949138,
        "median": 0.0153585709631,
        "min": 4.95365047661e-23,
        "var": 0.000184645978152
    },
    "spectral_energyband_middle_high": {
        "dmean": 0.0022356598638,
        "dmean2": 0.00333966687322,
        "dvar": 9.6137428045e-06,
        "dvar2": 1.95705270016e-05,
        "max": 0.0811955183744,
        "mean": 0.00831688288599,
        "median": 0.00552800530568,
        "min": 1.55282914681e-21,
        "var": 6.96005809004e-05
    },
    "spectral_energyband_middle_low": {
        "dmean": 0.00401943968609,
        "dmean2": 0.00658441055566,
        "dvar": 2.61533932644e-05,
        "dvar2": 6.81401870679e-05,
        "max": 0.0602694265544,
        "mean": 0.00996694620699,
        "median": 0.00805008411407,
        "min": 2.55416273176e-22,
        "var": 6.3535560912e-05
    },
    "spectral_entropy": {
        "dmean": 0.125213727355,
        "dmean2": 0.180248916149,
        "dvar": 0.0135486647487,
        "dvar2": 0.026171810925,
        "max": 9.81185531616,
        "mean": 7.77972841263,
        "median": 7.80114078522,
        "min": 6.26980447769,
        "var": 0.096981048584
    },
    "spectral_flux": {
        "dmean": 0.0219324417412,
        "dmean2": 0.0344631746411,
        "dvar": 0.000659512588754,
        "dvar2": 0.00143317657057,
        "max": 0.333100169897,
        "mean": 0.0965253785253,
        "median": 0.0908144563437,
        "min": 1.06352114615e-10,
        "var": 0.00209863344207
    },
    "spectral_kurtosis": {
        "dmean": 1.08538401127,
        "dmean2": 1.84499835968,
        "dvar": 1.52879953384,
        "dvar2": 4.48362779617,
        "max": 20.6526737213,
        "mean": 2.64511156082,
        "median": 2.33678221703,
        "min": -1.23303198814,
        "var": 3.33129239082
    },
    "spectral_rms": {
        "dmean": 0.000743661599699,
        "dmean2": 0.00123141461518,
        "dvar": 7.74488682964e-07,
        "dvar2": 2.0484246761e-06,
        "max": 0.0116627020761,
        "mean": 0.00552013143897,
        "median": 0.00576062267646,
        "min": 3.20538409183e-12,
        "var": 3.55382121597e-06
    },
    "spectral_rolloff": {
        "dmean": 558.173278809,
        "dmean2": 925.295715332,
        "dvar": 862745.3125,
        "dvar2": 1835589,
        "max": 19078.4179688,
        "mean": 1683.49304199,
        "median": 1421.19140625,
        "min": 64.599609375,
        "var": 2378971.25
    },
    "spectral_skewness": {
        "dmean": 0.1748290658,
        "dmean2": 0.283171117306,
        "dvar": 0.0261799376458,
        "dvar2": 0.0658844783902,
        "max": 3.25987267494,
        "mean": 1.2472294569,
        "median": 1.22390007973,
        "min": -0.0183975119144,
        "var": 0.0955951064825
    },
    "spectral_spread": {
        "dmean": 525250.125,
        "dmean2": 730317.5625,
        "dvar": 529218600960,
        "dvar2": 784602431488,
        "max": 41341696,
        "mean": 4938535,
        "median": 4508072,
        "min": 1817296.375,
        "var": 3.58989902643e+12
    },
    "spectral_strongpeak": {
        "dmean": 0.472241252661,
        "dmean2": 0.829789102077,
        "dvar": 0.956804692745,
        "dvar2": 2.48488879204,
        "max": 11.8853025436,
        "mean": 0.778784751892,
        "median": 0.415252387524,
        "min": 0,
        "var": 1.38834536076
    },
    "zerocrossingrate": {
        "dmean": 0.0104569476098,
        "dmean2": 0.012742003426,
        "dvar": 0.00015113785048,
        "dvar2": 0.000188881385839,
        "max": 0.51318359375,
        "mean": 0.0698242709041,
        "median": 0.0634765625,
        "min": 0.0078125,
        "var": 0.00122338638175
    },
    "barkbands": {
        "dmean": [0.000117771349323, 0.0041087763384, 0.00439057638869, 0.00129170110449, 0.00153034762479, 0.00117789930664, 0.00102234166116, 0.000715830654372, 0.000814875646029, 0.000754904060159, 0.000776706554461, 0.000503288465552, 0.000555924838409, 0.000544467999134, 0.000478692440083, 0.000370978203136, 0.000257411797065, 0.000244886730798, 0.000202902912861, 0.00017949884932, 0.000121157616377, 0.000102134930785, 0.000102416735899, 9.57291631494e-05, 6.86833445798e-05, 3.19966929965e-05, 1.35287159253e-08],
        "dmean2": [0.000205179720069, 0.00702730892226, 0.00768390763551, 0.00226050056517, 0.00258926977403, 0.00193723139819, 0.0016555065522, 0.00112173939124, 0.00130152876955, 0.00117035233416, 0.00120171206072, 0.00078287452925, 0.000885334797204, 0.000871623749845, 0.000776648055762, 0.000595437188167, 0.000419184070779, 0.000396716728574, 0.000322572217556, 0.00028813740937, 0.000189868791495, 0.000155630637892, 0.000154642853886, 0.000139619078254, 0.000101373632788, 4.8303641961e-05, 2.49018317078e-08],
        "dvar": [3.37118670757e-08, 3.07639566017e-05, 7.26709113223e-05, 4.8865053941e-06, 6.68628445055e-06, 5.1437041293e-06, 3.60413127964e-06, 3.20449180435e-06, 3.13576879307e-06, 3.47127047462e-06, 3.47681589119e-06, 1.55695636295e-06, 1.76498815563e-06, 1.35903985665e-06, 8.43778082071e-07, 8.17897557681e-07, 1.97717582751e-07, 1.26135986989e-07, 9.28220345031e-08, 7.79923894356e-08, 3.57315421695e-08, 3.43099273437e-08, 3.50875524191e-08, 3.08853707054e-08, 1.59578092962e-08, 4.80746153997e-09, 9.39086285676e-15],
        "dvar2": [9.33739983111e-08, 8.86527923285e-05, 0.000202452414669, 1.35350237542e-05, 1.81837222044e-05, 1.29741083583e-05, 9.05569595488e-06, 7.12463770469e-06, 7.15149917596e-06, 7.09260348231e-06, 7.28131499272e-06, 3.33384582518e-06, 3.96167615691e-06, 3.21304423778e-06, 2.06503636946e-06, 1.88804744994e-06, 4.97909184105e-07, 3.21400932535e-07, 2.23469825755e-07, 1.84623900168e-07, 8.21599996925e-08, 7.3861478711e-08, 7.08265091021e-08, 6.01556067181e-08, 3.49727002913e-08, 1.02414343672e-08, 2.75883543712e-14],
        "max": [0.00493596075103, 0.0599793642759, 0.0849742144346, 0.0406101830304, 0.0359280779958, 0.0357348918915, 0.0411651656032, 0.0496270433068, 0.0393395237625, 0.058114040643, 0.0732476115227, 0.0446872785687, 0.027038179338, 0.030548715964, 0.0183747056872, 0.0260067041963, 0.011165285483, 0.00709285773337, 0.00689766509458, 0.00686474330723, 0.00535058835521, 0.00498351361603, 0.00649083545431, 0.00741696637124, 0.00319384480827, 0.00122098345309, 3.90207151213e-06],
        "mean": [0.000155625602929, 0.00932914204895, 0.00592646142468, 0.00157760002185, 0.00233254395425, 0.00180146971252, 0.00156870449428, 0.00111097795889, 0.00130099174567, 0.00121501565445, 0.00129234406631, 0.000881187792402, 0.000954255054239, 0.000909354712348, 0.000863394758198, 0.000672464317176, 0.000492877326906, 0.000515083200298, 0.000440768897533, 0.000417212722823, 0.000276922510238, 0.000230941121117, 0.000240347639192, 0.000199064001208, 0.000127959938254, 4.36049049313e-05, 9.18388920468e-09],
        "median": [6.47600245429e-05, 0.00887660123408, 0.00344155193307, 0.000801495043561, 0.00130329211242, 0.000744867895264, 0.000698592455592, 0.000390234112274, 0.000552152981982, 0.000396469753468, 0.000349584006472, 0.000286371912807, 0.00028640855453, 0.000411712069763, 0.000351823284291, 0.000322145817336, 0.000301091233268, 0.000340708938893, 0.000279946776573, 0.000250623590546, 0.000185250115464, 0.000151457003085, 0.000152995984536, 0.000118866490084, 5.52067576791e-05, 5.33963248017e-06, 8.32874325063e-10],
        "min": [9.55106130315e-26, 1.94455948631e-23, 7.59780652355e-24, 4.38115124073e-24, 6.87444568593e-23, 7.45192326521e-24, 3.66472307051e-23, 1.70934151698e-23, 4.43741390489e-23, 6.10900890088e-23, 5.33544432416e-23, 5.00089914276e-23, 9.81767436371e-23, 1.26563480482e-22, 1.01041015542e-22, 1.56142280818e-22, 1.88208429008e-22, 1.55492373028e-22, 2.71375572999e-22, 1.79773562178e-22, 3.82096782751e-22, 5.91312211634e-22, 6.16130760211e-22, 6.86930685666e-22, 1.31412503706e-21, 1.46275794266e-21, 2.31889765166e-21],
        "var": [6.51706884014e-08, 5.47050440218e-05, 6.83996404405e-05, 5.22447362528e-06, 1.00624829429e-05, 9.36060678214e-06, 6.1488690335e-06, 7.11980692358e-06, 6.00935527473e-06, 8.96969049791e-06, 9.98363248073e-06, 4.49181197837e-06, 5.04909394294e-06, 2.68678195425e-06, 2.09004747376e-06, 2.02179012376e-06, 4.5322343567e-07, 3.25044169358e-07, 2.82209668967e-07, 2.68030419193e-07, 1.02108856481e-07, 8.4685311208e-08, 1.11379847567e-07, 9.7313460401e-08, 4.41351595271e-08, 9.74676961363e-09, 5.6920525117e-15]
    },
    "erbbands": {
        "dmean": [0.0785328671336, 1.13072407246, 4.7967042923, 4.11446332932, 4.4630484581, 5.57094669342, 6.7711930275, 10.4954614639, 11.6726636887, 16.7198543549, 16.2822265625, 17.6672782898, 19.1541004181, 27.2290229797, 24.0729255676, 17.721622467, 22.5016460419, 25.2617988586, 21.2377414703, 24.2611980438, 18.6178817749, 13.5793170929, 12.3673057556, 12.1414794922, 8.52524471283, 8.16221618652, 6.28016614914, 3.87764406204, 3.91848897934, 3.11638617516, 2.95986461639, 2.2497677803, 1.50184750557, 0.902913451195, 0.446054160595, 0.189243674278, 0.0587366856635, 0.00143884634599, 4.45897421741e-05, 1.24173411677e-05],
        "dmean2": [0.132363811135, 1.95493733883, 8.44978427887, 6.93338012695, 7.68935441971, 9.41203308105, 11.1675205231, 17.3747749329, 19.1390419006, 26.8768100739, 25.4008598328, 28.1449813843, 29.8922386169, 42.143283844, 36.8441162109, 27.2427940369, 35.5450553894, 39.9926223755, 33.9963569641, 38.8895301819, 29.4099559784, 22.0757522583, 19.9981632233, 19.318567276, 13.5590658188, 13.0193414688, 9.87069511414, 6.06377744675, 5.98397016525, 4.73579359055, 4.47855424881, 3.3456659317, 2.19840121269, 1.34850299358, 0.666956424713, 0.286125689745, 0.090309008956, 0.00220738654025, 6.62586608087e-05, 2.0070516257e-05],
        "dvar": [0.0107921892777, 2.61517596245, 84.1414108276, 51.8130912781, 68.473197937, 86.7944335938, 176.899414062, 479.432067871, 546.077392578, 1162.3795166, 1742.2253418, 1711.24035645, 2253.02294922, 4024.32983398, 3718.53222656, 1866.31896973, 2937.83935547, 3369.0703125, 1410.79699707, 2999.15258789, 1961.29785156, 519.817138672, 352.46194458, 309.692962646, 202.310623169, 175.267150879, 99.336730957, 49.0952758789, 52.3514900208, 29.804151535, 29.0607528687, 16.0200424194, 8.50168609619, 2.67734718323, 0.731773376465, 0.155025199056, 0.0177670624107, 1.05543022073e-05, 8.25921642189e-09, 2.4306878732e-10],
        "dvar2": [0.0292594954371, 7.57381534576, 239.012069702, 134.704177856, 190.390289307, 225.158721924, 450.630554199, 1201.08374023, 1395.1517334, 2866.04907227, 3897.61230469, 3832.38696289, 4898.18261719, 7877.66162109, 7879.36572266, 3785.42919922, 6702.94042969, 7783.11035156, 3433.84350586, 6972.25390625, 4277.09814453, 1306.2088623, 917.114318848, 761.26763916, 480.522705078, 412.166625977, 239.250579834, 114.872039795, 115.412338257, 58.0951576233, 61.6340637207, 33.2122421265, 15.9517345428, 5.75778484344, 1.63673686981, 0.335229516029, 0.038772366941, 2.31689537031e-05, 1.75115459911e-08, 6.11365458258e-10],
        "max": [1.92388510704, 18.177696228, 84.9543914795, 101.966255188, 108.259994507, 172.222106934, 309.846496582, 421.854980469, 514.899963379, 1058.22253418, 1352.46899414, 1189.3659668, 1414.15881348, 2661.21777344, 1945.36706543, 1444.5279541, 1500.5592041, 1769.8392334, 761.784423828, 1413.36682129, 1331.30078125, 736.66217041, 385.901947021, 365.00592041, 367.445373535, 412.447845459, 244.056182861, 247.564315796, 188.745330811, 187.105209351, 174.296508789, 149.295959473, 129.582519531, 45.737613678, 18.843996048, 8.56097316742, 2.2151927948, 0.0739137083292, 0.00190201599617, 0.000182910953299],
        "mean": [0.184731662273, 2.39113402367, 7.04159975052, 6.10503149033, 6.01879739761, 8.24793338776, 11.0209236145, 15.4049320221, 17.8847923279, 26.8944683075, 26.8325881958, 28.6746883392, 32.9965400696, 49.3953781128, 44.5788955688, 34.3429145813, 42.7619171143, 46.118686676, 42.6595687866, 45.7309417725, 37.3185920715, 28.8073501587, 27.4121952057, 27.2348918915, 19.8674983978, 19.4414806366, 14.6278409958, 8.98426437378, 8.66070079803, 7.29207181931, 6.81195783615, 4.7396903038, 2.98650050163, 1.67652881145, 0.76908737421, 0.279941260815, 0.0728364884853, 0.0018587866798, 8.20778732304e-05, 4.82884533994e-05],
        "median": [0.150674939156, 2.17344284058, 4.46821117401, 3.8565826416, 3.07532262802, 4.37297058105, 5.1640625, 6.685795784, 8.82156944275, 11.8785552979, 10.6327857971, 12.6909885406, 13.1672315598, 18.6954460144, 16.1547355652, 12.636932373, 14.4415245056, 19.5410766602, 21.8013381958, 21.0213165283, 19.7695598602, 18.1087150574, 18.3042602539, 18.2971363068, 12.52693367, 11.4982481003, 9.61867046356, 6.07499885559, 5.50666236877, 5.00311136246, 4.29981136322, 2.92314529419, 1.64261186123, 0.788147091866, 0.268707990646, 0.0518373176455, 0.00569853000343, 0.000194854132133, 3.87223954021e-05, 4.67788122478e-05],
        "min": [5.49249794758e-22, 1.70209394893e-21, 6.08728715516e-21, 1.66401872032e-20, 4.83142851042e-20, 2.21209214752e-19, 1.91566628814e-19, 7.55035922854e-20, 5.3392859349e-19, 8.01901145853e-19, 3.25938293613e-19, 8.34937550446e-19, 1.50562039909e-18, 2.62847930654e-18, 2.18919904519e-18, 2.43778377646e-18, 3.14535221128e-18, 7.20615099674e-18, 6.73351529757e-18, 5.02076546097e-18, 8.47000769928e-18, 9.36199377693e-18, 9.5238606151e-18, 1.17134192771e-17, 1.24712498942e-17, 7.86944231453e-18, 1.17399188352e-17, 1.77203047966e-17, 1.88740993283e-17, 2.04088320389e-17, 1.66135090128e-17, 1.29051871892e-17, 1.33574010398e-17, 1.45926786522e-17, 9.52666062147e-18, 4.67027083746e-18, 2.97764630517e-18, 1.20804020917e-18, 2.87448183844e-19, 3.57652960523e-20],
        "var": [0.0313967615366, 3.99826741219, 78.7805709839, 60.4796981812, 78.6551742554, 142.474777222, 381.371917725, 769.609680176, 841.23614502, 2078.61474609, 3455.35791016, 3214.21484375, 5347.49902344, 12039.1582031, 11000.1611328, 5832.86816406, 9406.04882812, 7664.28564453, 3636.73779297, 6614.828125, 5547.77636719, 1450.11010742, 880.881408691, 892.785339355, 635.921447754, 621.62097168, 287.016174316, 126.797370911, 123.311836243, 92.3167648315, 87.943107605, 45.4630699158, 27.858291626, 7.49873828888, 1.91997969151, 0.351318955421, 0.0305908676237, 1.99636651814e-05, 1.70887179962e-08, 6.84039713761e-10]
    },
    "gfcc": {
        "mean": [23.8093891144, 92.7618865967, -132.2265625, 49.5222434998, -64.4227981567, 27.7829208374, -36.2889213562, 12.8747186661, -16.3761405945, -0.489337474108, -9.48670578003, -6.34134626389, -6.05572605133],
        "cov": [[4953.92041016, -366.175994873, 984.147583008, 744.951660156, 409.696350098, 426.394958496, -303.88494873, 383.711273193, -281.985839844, 489.421356201, -110.521507263, 206.236160278, -174.448455811], [-366.175994873, 1232.16064453, -433.098968506, 207.340515137, 149.355545044, -133.687057495, 252.423294067, -224.770767212, 300.251220703, -254.535949707, 224.496429443, -183.239501953, 146.489013672], [984.147583008, -433.098968506, 1320.1842041, 247.547393799, 233.139968872, 141.309234619, -227.303970337, 293.638122559, -230.502700806, 396.826873779, -176.902938843, 253.911773682, -170.382202148], [744.951660156, 207.340515137, 247.547393799, 505.633575439, 196.40524292, 42.7629776001, -16.6191444397, 41.1444854736, 55.4642829895, 39.6289291382, 50.3433876038, -14.8860702515, 24.0040359497], [409.696350098, 149.355545044, 233.139968872, 196.40524292, 286.813262939, 46.3789138794, 23.8196716309, 62.5532150269, 1.93337392807, 90.1516418457, -5.89274263382, 50.2228164673, -34.3510360718], [426.394958496, -133.687057495, 141.309234619, 42.7629776001, 46.3789138794, 219.102676392, 20.5275802612, 61.3645057678, -71.4057617188, 65.3523025513, 1.20747089386, 24.0908164978, -8.6098947525], [-303.88494873, 252.423294067, -227.303970337, -16.6191444397, 23.8196716309, 20.5275802612, 222.944274902, -47.2553634644, 70.7490844727, -96.7813262939, 64.0998535156, -46.4329032898, 43.971622467], [383.711273193, -224.770767212, 293.638122559, 41.1444854736, 62.5532150269, 61.3645057678, -47.2553634644, 173.919082642, -51.2990608215, 123.780838013, -63.2023391724, 73.9244766235, -45.8691101074], [-281.985839844, 300.251220703, -230.502700806, 55.4642829895, 1.93337392807, -71.4057617188, 70.7490844727, -51.2990608215, 210.815612793, -81.825088501, 65.0076370239, -79.551322937, 58.3813018799], [489.421356201, -254.535949707, 396.826873779, 39.6289291382, 90.1516418457, 65.3523025513, -96.7813262939, 123.780838013, -81.825088501, 238.583557129, -56.9610214233, 101.842247009, -81.895324707], [-110.521507263, 224.496429443, -176.902938843, 50.3433876038, -5.89274263382, 1.20747089386, 64.0998535156, -63.2023391724, 65.0076370239, -56.9610214233, 151.257888794, -32.5101585388, 55.436794281], [206.236160278, -183.239501953, 253.911773682, -14.8860702515, 50.2228164673, 24.0908164978, -46.4329032898, 73.9244766235, -79.551322937, 101.842247009, -32.5101585388, 139.074203491, -31.5194168091], [-174.448455811, 146.489013672, -170.382202148, 24.0040359497, -34.3510360718, -8.6098947525, 43.971622467, -45.8691101074, 58.3813018799, -81.895324707, 55.436794281, -31.5194168091, 110.944816589]],
        "icov": [[0.000524425355252, -0.00056189741008, 0.000618156744167, -0.000989423831925, 0.000465185963549, -0.000948681612499, 0.000738939328585, -0.000824946037028, 0.000668039196171, -0.00074830360245, 0.000628505833447, -0.000832600460853, 0.000711892091203], [-0.00056189741008, 0.00393364112824, -0.00192862725817, 0.00153371039778, -0.00330321840011, 0.00246622506529, -0.00231840903871, 0.0032021345105, -0.00257165776566, 0.00232631107792, -0.00327740306966, 0.00354134337977, -0.00224550883286], [0.000618156744167, -0.00192862725817, 0.00386822992004, -0.00272173574194, 0.0016411843244, -0.00192273152061, 0.00194929435384, -0.00279102358036, 0.00215882016346, -0.00310763646848, 0.00295904278755, -0.0041950084269, 0.00238006724976], [-0.000989423831925, 0.00153371039778, -0.00272173574194, 0.0060845259577, -0.00398127408698, 0.00179307733197, -0.000396260526031, 0.00140052090865, -0.00222834129818, 0.00261943391524, -0.00348863727413, 0.00460800435394, -0.00327611668035], [0.000465185963549, -0.00330321840011, 0.0016411843244, -0.00398127408698, 0.00940331071615, -0.00230955542065, -0.000385211285902, -0.00231179781258, 0.00132407760248, -0.00354506191798, 0.00364680681378, -0.00530155142769, 0.00376190315001], [-0.000948681612499, 0.00246622506529, -0.00192273152061, 0.00179307733197, -0.00230955542065, 0.00922900624573, -0.00396580947563, 0.000485126161948, 0.00129611708689, 0.000177327674464, -0.00355462892912, 0.00495816254988, -0.00368166621774], [0.000738939328585, -0.00231840903871, 0.00194929435384, -0.000396260526031, -0.000385211285902, -0.00396580947563, 0.00932199694216, -0.00283156824298, 0.000242165086092, 0.0012224256061, 0.00040238481597, -0.0025493321009, 0.00185962161049], [-0.000824946037028, 0.0032021345105, -0.00279102358036, 0.00140052090865, -0.00231179781258, 0.000485126161948, -0.00283156824298, 0.0147157069296, -0.00401680311188, -0.000746787467506, 0.000511729915161, 0.000559506705031, -0.0021205432713], [0.000668039196171, -0.00257165776566, 0.00215882016346, -0.00222834129818, 0.00132407760248, 0.00129611708689, 0.000242165086092, -0.00401680311188, 0.0110541265458, -0.00298756314442, 0.000594831828494, 0.0013943654485, -0.000925944477785], [-0.00074830360245, 0.00232631107792, -0.00310763646848, 0.00261943391524, -0.00354506191798, 0.000177327674464, 0.0012224256061, -0.000746787467506, -0.00298756314442, 0.0140653811395, -0.00378827285022, -0.000182652278454, 0.00233107525855], [0.000628505833447, -0.00327740306966, 0.00295904278755, -0.00348863727413, 0.00364680681378, -0.00355462892912, 0.00040238481597, 0.000511729915161, 0.000594831828494, -0.00378827285022, 0.0139484945685, -0.00551869021729, -0.000126855127746], [-0.000832600460853, 0.00354134337977, -0.0041950084269, 0.00460800435394, -0.00530155142769, 0.00495816254988, -0.0025493321009, 0.000559506705031, 0.0013943654485, -0.000182652278454, -0.00551869021729, 0.0194245185703, -0.00603197794408], [0.000711892091203, -0.00224550883286, 0.00238006724976, -0.00327611668035, 0.00376190315001, -0.00368166621774, 0.00185962161049, -0.0021205432713, -0.000925944477785, 0.00233107525855, -0.000126855127746, -0.00603197794408, 0.0172847248614]]
    },
    "melbands": {
        "dmean": [0.000887855305336, 0.00209732400253, 0.000695124093909, 0.000368266628357, 0.000226105112233, 0.000230300676776, 0.000187659519725, 0.000177378140506, 0.000140576434205, 0.000110486369522, 0.00010007419769, 0.000113753230835, 9.55700088525e-05, 5.87773211009e-05, 4.91389073431e-05, 5.80559135415e-05, 4.83354124299e-05, 3.83883016184e-05, 3.92509500671e-05, 2.80697349808e-05, 2.34154485952e-05, 1.6410371245e-05, 1.10538603622e-05, 1.32622653837e-05, 1.09191705633e-05, 7.34646255296e-06, 6.73510885463e-06, 5.99208306085e-06, 4.87408351546e-06, 2.98274267152e-06, 2.35491279454e-06, 2.49715048994e-06, 1.98897942028e-06, 1.92442075786e-06, 1.9058061298e-06, 1.58107241077e-06, 1.43601846503e-06, 1.15384489163e-06, 9.5153041002e-07, 7.59847068821e-07],
        "dmean2": [0.00150791520718, 0.00368480407633, 0.00116998248268, 0.000627668690868, 0.000371164584067, 0.000380078854505, 0.000305293971905, 0.000282875320408, 0.00021930510411, 0.000175721361302, 0.000156612019055, 0.000175998255145, 0.000146501944982, 9.06924833544e-05, 7.78832036303e-05, 9.10405287868e-05, 7.67094097682e-05, 6.17108526058e-05, 6.29130227026e-05, 4.47380043624e-05, 3.73044640583e-05, 2.67476007139e-05, 1.80468759936e-05, 2.14677838812e-05, 1.74651722773e-05, 1.16981373139e-05, 1.09276024887e-05, 9.62527701631e-06, 7.74658474256e-06, 4.75178012493e-06, 3.728030606e-06, 3.90808963857e-06, 3.05768617181e-06, 2.98167719848e-06, 2.9590489703e-06, 2.42228998104e-06, 2.17525530388e-06, 1.73571902451e-06, 1.4392447838e-06, 1.16512217119e-06],
        "dvar": [1.30335945414e-06, 1.40253923746e-05, 1.39229268825e-06, 4.43498919367e-07, 1.55042130245e-07, 2.11266268479e-07, 1.22591075069e-07, 1.26354194663e-07, 1.22893140997e-07, 6.2117074151e-08, 6.23018365786e-08, 6.88104151436e-08, 5.55060957197e-08, 2.33334152e-08, 1.45436125365e-08, 1.98578113952e-08, 1.2772352953e-08, 5.21923793073e-09, 6.21179196969e-09, 5.93940496785e-09, 3.15593884359e-09, 8.48461967351e-10, 3.22389670515e-10, 4.00957267388e-10, 2.70448219375e-10, 1.68229291608e-10, 1.28193761162e-10, 1.05256865723e-10, 6.47391723563e-11, 2.50339401986e-11, 2.14725095343e-11, 2.39778127908e-11, 1.01363483579e-11, 1.21976959783e-11, 1.26619157867e-11, 8.34108129788e-12, 6.64497710329e-12, 4.97066320396e-12, 3.63593139971e-12, 1.94466209628e-12],
        "dvar2": [3.68179667021e-06, 4.01623728976e-05, 3.61482148037e-06, 1.21919583762e-06, 3.94919339897e-07, 5.30399574927e-07, 3.13057654466e-07, 3.04407564045e-07, 2.73851384236e-07, 1.39332158255e-07, 1.33108173372e-07, 1.34115211381e-07, 1.1821317969e-07, 4.92690261922e-08, 3.181311925e-08, 4.46761774242e-08, 2.9077428465e-08, 1.2452673559e-08, 1.49398537985e-08, 1.38078162237e-08, 6.84207712709e-09, 2.14992268432e-09, 8.30335744606e-10, 1.0148976104e-09, 6.67320920744e-10, 4.02323174775e-10, 3.22474158487e-10, 2.48326165186e-10, 1.59629531815e-10, 6.04760339029e-11, 5.20822274197e-11, 5.5555116063e-11, 2.17285564541e-11, 2.48613421516e-11, 2.81631089977e-11, 1.87570618759e-11, 1.46079866953e-11, 9.8454413025e-12, 7.40254819248e-12, 4.46587688704e-12],
        "max": [0.0147744491696, 0.0367881916463, 0.0166292153299, 0.00835370458663, 0.00985544454306, 0.00847926177084, 0.00723200151697, 0.00976583827287, 0.0101301996037, 0.00692175375298, 0.00731185218319, 0.0102029824629, 0.00737134832889, 0.00512520689517, 0.00332142668776, 0.00358034251258, 0.00335911125876, 0.00172186898999, 0.00157715927344, 0.00215856567957, 0.0015853124205, 0.000940452388022, 0.000414446170907, 0.000540751847439, 0.000312153570121, 0.00033972269739, 0.000283437315375, 0.000380002195016, 0.000172343919985, 0.000157085654791, 0.000142061413499, 0.000125270031276, 9.2577029136e-05, 0.00013025572116, 0.0001201037594, 0.000106791587314, 9.53051712713e-05, 0.000101981764601, 6.51577283861e-05, 3.43216815963e-05],
        "mean": [0.00215789442882, 0.00364022492431, 0.00107728037983, 0.000522413873114, 0.000383060687454, 0.000345651409589, 0.000292175507639, 0.000287878297968, 0.000223619761528, 0.000175394583493, 0.000165277859196, 0.000198798763449, 0.000166978934431, 0.000103492304333, 8.29159616842e-05, 0.000103537502582, 8.16541505628e-05, 6.80685479892e-05, 6.96541246725e-05, 4.90458369313e-05, 4.17855117121e-05, 3.11078838422e-05, 2.15009786189e-05, 2.6669988074e-05, 2.18942132051e-05, 1.50710920934e-05, 1.37810338856e-05, 1.27645507746e-05, 1.02396061266e-05, 6.13507972957e-06, 4.85796954308e-06, 5.03631372339e-06, 4.18444869865e-06, 4.08189180234e-06, 4.10118855143e-06, 3.29954241352e-06, 2.75492288893e-06, 2.1725361421e-06, 1.72501802354e-06, 1.30067542159e-06],
        "median": [0.00201057060622, 0.00291918916628, 0.000718276773114, 0.000272989971563, 0.000198244772037, 0.000150833278894, 0.000141789205372, 0.000123122154037, 8.47329793032e-05, 7.39059469197e-05, 5.90637646383e-05, 7.25822319509e-05, 5.3355081036e-05, 3.36127268383e-05, 2.70049113169e-05, 3.01656837109e-05, 3.48650864908e-05, 3.2589341572e-05, 2.60441702267e-05, 2.26773227041e-05, 2.06303157029e-05, 1.82665153261e-05, 1.31713914016e-05, 1.66015852301e-05, 1.33001121867e-05, 9.03693216969e-06, 7.58523356126e-06, 6.92755656928e-06, 6.22955030849e-06, 3.88693524656e-06, 3.02087210002e-06, 3.02592843582e-06, 2.75915408565e-06, 2.66008419203e-06, 2.49667550634e-06, 2.02465116672e-06, 1.62269930115e-06, 1.18578759611e-06, 8.56968824792e-07, 5.49210881218e-07],
        "min": [5.06986625403e-24, 2.81472296022e-24, 3.57423922584e-24, 7.02731809412e-24, 8.63748575359e-24, 1.36520307701e-24, 7.47178126078e-24, 8.45777535077e-24, 2.26238405084e-24, 5.64380989423e-24, 7.85472510975e-24, 1.09877508814e-23, 7.41528856477e-24, 4.45798984277e-24, 6.63288448606e-24, 1.02423790891e-23, 1.50176476046e-23, 1.16086632999e-23, 7.01413228408e-24, 7.77231281098e-24, 8.76844928563e-24, 1.11280111392e-23, 8.17582226375e-24, 6.43509773003e-24, 9.60220189838e-24, 9.59436535415e-24, 7.32005727629e-24, 4.73390696058e-24, 6.20939200327e-24, 8.93757238624e-24, 1.02257262353e-23, 1.05774816796e-23, 1.14997760403e-23, 1.0446503948e-23, 8.74271743176e-24, 7.28616307864e-24, 7.81142453466e-24, 7.80046646783e-24, 1.32260419369e-23, 1.09404286934e-23],
        "var": [2.95456402455e-06, 1.40768315759e-05, 1.67736402545e-06, 5.78194203626e-07, 3.54793513679e-07, 3.53568736955e-07, 2.01540686362e-07, 2.53747003853e-07, 2.33849874576e-07, 1.19874144389e-07, 1.51595941134e-07, 2.02150772566e-07, 1.66086778108e-07, 6.99535434023e-08, 3.52529383463e-08, 6.24530116511e-08, 2.71481219727e-08, 1.15807941015e-08, 1.55200474694e-08, 1.10513402873e-08, 7.51973150415e-09, 2.02040228992e-09, 7.26114612881e-10, 9.790508404e-10, 6.92166379768e-10, 4.32820973506e-10, 3.59433288688e-10, 3.2091151958e-10, 1.63447491652e-10, 5.84676404514e-11, 4.68980965174e-11, 4.87830921492e-11, 2.64354319685e-11, 3.50828706364e-11, 3.48252988946e-11, 2.13128091564e-11, 1.66784433486e-11, 1.52045598334e-11, 9.9604048967e-12, 4.77943162477e-12]
    },
    "mfcc": {
        "mean": [-605.834106445, 105.453964233, -0.423140138388, 21.1319046021, 4.81709527969, 9.78732776642, 0.589114010334, 8.45889091492, 1.15322303772, 7.958735466, 0.0541329979897, 1.65496218204, -0.265707612038],
        "cov": [[4139.76660156, -264.766204834, 359.065460205, 478.172973633, 519.05645752, 277.836456299, 242.895706177, 28.0645923615, -11.9755439758, 105.470535278, 94.0496826172, 95.9767990112, 95.6793365479], [-264.766204834, 760.182495117, -180.14402771, 138.628356934, -19.0335941315, 70.4202880859, -25.3440570831, 56.916759491, 2.56135964394, 18.1113872528, 15.5983877182, 30.8202896118, 18.3626918793], [359.065460205, -180.14402771, 737.437683105, 184.939682007, 271.070892334, 29.8374176025, 89.0598449707, -48.3453674316, 32.5595932007, -10.426484108, 70.0975341797, 39.6952209473, 62.5660018921], [478.172973633, 138.628356934, 184.939682007, 472.192993164, 235.548446655, 75.6329879761, 17.0915470123, 23.8940849304, 31.3545036316, 40.7101325989, 35.2421417236, 54.7259597778, 49.2337303162], [519.05645752, -19.0335941315, 271.070892334, 235.548446655, 320.787750244, 67.2238235474, 49.1502723694, -11.9738903046, 23.337474823, 28.7977085114, 47.9624099731, 39.1051673889, 48.958480835], [277.836456299, 70.4202880859, 29.8374176025, 75.6329879761, 67.2238235474, 159.564559937, 76.66847229, 25.1137924194, 5.31342935562, 19.8115386963, 25.1666564941, 17.5977859497, 7.65644884109], [242.895706177, -25.3440570831, 89.0598449707, 17.0915470123, 49.1502723694, 76.66847229, 196.27281189, 36.5121650696, -3.34846663475, -3.57517695427, 30.061580658, 1.76864850521, 14.0832920074], [28.0645923615, 56.916759491, -48.3453674316, 23.8940849304, -11.9738903046, 25.1137924194, 36.5121650696, 107.514961243, 27.5760879517, 11.1037578583, -10.0041255951, 4.09155893326, -3.95402216911], [-11.9755439758, 2.56135964394, 32.5595932007, 31.3545036316, 23.337474823, 5.31342935562, -3.34846663475, 27.5760879517, 106.290756226, 29.0392055511, 9.83291149139, -3.12480211258, 2.05830526352], [105.470535278, 18.1113872528, -10.426484108, 40.7101325989, 28.7977085114, 19.8115386963, -3.57517695427, 11.1037578583, 29.0392055511, 99.6633834839, 17.154083252, 3.14339900017, 1.69808137417], [94.0496826172, 15.5983877182, 70.0975341797, 35.2421417236, 47.9624099731, 25.1666564941, 30.061580658, -10.0041255951, 9.83291149139, 17.154083252, 100.255577087, 33.5811805725, 12.078379631], [95.9767990112, 30.8202896118, 39.6952209473, 54.7259597778, 39.1051673889, 17.5977859497, 1.76864850521, 4.09155893326, -3.12480211258, 3.14339900017, 33.5811805725, 76.6174468994, 28.2687606812], [95.6793365479, 18.3626918793, 62.5660018921, 49.2337303162, 48.958480835, 7.65644884109, 14.0832920074, -3.95402216911, 2.05830526352, 1.69808137417, 12.078379631, 28.2687606812, 78.5705184937]],
