{
"lowlevel": {
    "average_loudness": 0.930154979229,
    "barkbands_crest": {
        "dmean": 3.01323413849,
        "dmean2": 4.94154071808,
        "dvar": 6.90364646912,
        "dvar2": 17.5871238708,
        "max": 26.2616405487,
        "mean": 10.2723989487,
        "median": 9.33880805969,
        "min": 2.44691944122,
        "var": 19.5126838684
    },
    "barkbands_flatness_db": {
        "dmean": 0.0239131357521,
        "dmean2": 0.0379078797996,
        "dvar": 0.000500141817611,
        "dvar2": 0.00117251242045,
        "max": 0.555387556553,
        "mean": 0.156762450933,
        "median": 0.146279484034,
        "min": 0.0466299392283,
        "var": 0.00360267865472
    },
    "barkbands_kurtosis": {
        "dmean": 3.20973467827,
        "dmean2": 5.32925128937,
        "dvar": 143.043579102,
        "dvar2": 431.225860596,
        "max": 646.825378418,
        "mean": 3.75927734375,
        "median": 0.201418399811,
        "min": -1.9512437582,
        "var": 476.694061279
    },
    "barkbands_skewness": {
        "dmean": 0.5961150527,
        "dmean2": 0.937396645546,
        "dvar": 0.461205333471,
        "dvar2": 1.14841651917,
        "max": 18.8165893555,
        "mean": 1.10585272312,
        "median": 0.81125575304,
        "min": -2.28963279724,
        "var": 2.20731139183
    },
    "barkbands_spread": {
        "dmean": 6.20080518723,
        "dmean2": 9.70002746582,
        "dvar": 62.4762191772,
        "dvar2": 131.584335327,
        "max": 119.51159668,
        "mean": 26.2730064392,
        "median": 25.0615196228,
        "min": 0.198975369334,
        "var": 247.574935913
    },
    "dissonance": {
        "dmean": 0.0189053211361,
        "dmean2": 0.032161578536,
        "dvar": 0.000373679766199,
        "dvar2": 0.0010129440343,
        "max": 0.500000059605,
        "mean": 0.470299899578,
        "median": 0.477851271629,
        "min": 0.189720973372,
        "var": 0.000688342261128
    },
    "dynamic_complexity": 2.95397782326,
    "erbbands_crest": {
        "dmean": 2.77307057381,
        "dmean2": 4.48976135254,
        "dvar": 6.46315288544,
        "dvar2": 15.8713693619,
        "max": 30.0100154877,
        "mean": 9.52046203613,
        "median": 8.614112854,
        "min": 2.3079366684,
        "var": 19.9191837311
    },
    "erbbands_flatness_db": {
        "dmean": 0.0179253686219,
        "dmean2": 0.0261252243072,
        "dvar": 0.00026398722548,
        "dvar2": 0.000508438446559,
        "max": 0.470685124397,
        "mean": 0.184940546751,
        "median": 0.173353284597,
        "min": 0.0564520098269,
        "var": 0.00377300567925
    },
    "erbbands_kurtosis": {
        "dmean": 1.05677676201,
        "dmean2": 1.66029000282,
        "dvar": 3.22154664993,
        "dvar2": 8.1663980484,
        "max": 76.9705657959,
        "mean": 1.2229642868,
        "median": 0.456316709518,
        "min": -1.72818446159,
        "var": 9.29022407532
    },
    "erbbands_skewness": {
        "dmean": 0.36151856184,
        "dmean2": 0.562340557575,
        "dvar": 0.12103048712,
        "dvar2": 0.276271849871,
        "max": 7.87116003036,
        "mean": 0.20795956254,
        "median": 0.142191231251,
        "min": -4.27635765076,
        "var": 0.765030264854
    },
    "erbbands_spread": {
        "dmean": 7.25297737122,
        "dmean2": 10.9531564713,
        "dvar": 69.7893066406,
        "dvar2": 158.787353516,
        "max": 166.864746094,
        "mean": 31.9627532959,
        "median": 27.4944229126,
        "min": 3.20479083061,
        "var": 360.264282227
    },
    "hfc": {
        "dmean": 7.44145822525,
        "dmean2": 10.4131584167,
        "dvar": 138.039154053,
        "dvar2": 252.578689575,
        "max": 252.705947876,
        "mean": 28.6886749268,
        "median": 24.8786373138,
        "min": 1.21048657929e-16,
        "var": 568.298034668
    },
    "melbands_crest": {
        "dmean": 3.41456341743,
        "dmean2": 5.68614912033,
        "dvar": 8.82988452911,
        "dvar2": 23.0566577911,
        "max": 32.2313346863,
        "mean": 14.0768699646,
        "median": 13.3627262115,
        "min": 2.8765733242,
        "var": 25.5938625336
    },
    "melbands_flatness_db": {
        "dmean": 0.0287867672741,
        "dmean2": 0.045206617564,
        "dvar": 0.000795112398919,
        "dvar2": 0.00181419414002,
        "max": 0.683865725994,
        "mean": 0.185479730368,
        "median": 0.17357468605,
        "min": 0.00864252541214,
        "var": 0.00499495118856
    },
    "melbands_kurtosis": {
        "dmean": 7.4596824646,
        "dmean2": 12.305480957,
        "dvar": 277.33807373,
        "dvar2": 744.406738281,
        "max": 693.198608398,
        "mean": 11.4397344589,
        "median": 3.42317318916,
        "min": -1.72270536423,
        "var": 853.609924316
    },
    "melbands_skewness": {
        "dmean": 0.823591411114,
        "dmean2": 1.2996070385,
        "dvar": 0.87279945612,
        "dvar2": 2.16346335411,
        "max": 18.4454059601,
        "mean": 2.18915700912,
        "median": 1.75326991081,
        "min": -1.50650441647,
        "var": 3.62432742119
    },
    "melbands_spread": {
        "dmean": 8.73011112213,
        "dmean2": 13.6365909576,
        "dvar": 125.45640564,
        "dvar2": 272.52520752,
        "max": 226.016143799,
        "mean": 30.6426486969,
        "median": 28.7904167175,
        "min": 0.301650226116,
        "var": 394.089691162
    },
    "pitch_salience": {
        "dmean": 0.0790439993143,
        "dmean2": 0.130660608411,
        "dvar": 0.00486999284476,
        "dvar2": 0.0128706861287,
        "max": 0.946019172668,
        "mean": 0.524170458317,
        "median": 0.52445936203,
        "min": 0.074432849884,
        "var": 0.0158045869321
    },
    "silence_rate_20dB": {
        "dmean": 0,
        "dmean2": 0,
        "dvar": 0,
        "dvar2": 0,
        "max": 1,
        "mean": 1,
        "median": 1,
        "min": 1,
        "var": 0
    },
    "silence_rate_30dB": {
        "dmean": 0.000880960258655,
        "dmean2": 0.00176211458165,
        "dvar": 0.000880193256307,
        "dvar2": 0.00241983821616,
        "max": 1,
        "mean": 0.999229252338,
        "median": 1,
        "min": 0,
        "var": 0.000770155224018
    },
    "silence_rate_60dB": {
        "dmean": 0.00880960281938,
        "dmean2": 0.0176211446524,
        "dvar": 0.00873228441924,
        "dvar2": 0.0203936900944,
        "max": 1,
        "mean": 0.0554943829775,
        "median": 0,
        "min": 0,
        "var": 0.0524170771241
    },
    "spectral_centroid": {
        "dmean": 245.723297119,
        "dmean2": 378.581604004,
        "dvar": 86319.09375,
        "dvar2": 170885.109375,
        "max": 10934.5986328,
        "mean": 1640.40283203,
        "median": 1633.15551758,
        "min": 106.011428833,
        "var": 347402.34375
    },
    "spectral_complexity": {
        "dmean": 3.71258664131,
        "dmean2": 5.70616722107,
        "dvar": 12.3598213196,
        "dvar2": 25.8872756958,
        "max": 54,
        "mean": 22.519159317,
        "median": 22,
        "min": 0,
        "var": 104.535369873
    },
    "spectral_decrease": {
        "dmean": 2.53379672799e-09,
        "dmean2": 4.17234868877e-09,
        "dvar": 9.89656090215e-18,
        "dvar2": 2.61000182874e-17,
        "max": -6.6263720204e-29,
        "mean": -7.56015694492e-09,
        "median": -7.07393921218e-09,
        "min": -5.85379069662e-08,
        "var": 2.57987921955e-17
    },
    "spectral_energy": {
        "dmean": 0.0099273910746,
        "dmean2": 0.0162596013397,
        "dvar": 0.000145648475154,
        "dvar2": 0.000381253717933,
        "max": 0.222758948803,
        "mean": 0.0311360247433,
        "median": 0.0295255165547,
        "min": 1.12295632735e-20,
        "var": 0.000410932756495
    },
    "spectral_energyband_high": {
        "dmean": 0.000482873379951,
        "dmean2": 0.000654689618386,
        "dvar": 1.77314382199e-06,
        "dvar2": 3.17835542774e-06,
        "max": 0.0291781723499,
        "mean": 0.00117466028314,
        "median": 0.000600630359259,
        "min": 8.00242716579e-21,
        "var": 4.85113787363e-06
    },
    "spectral_energyband_low": {
        "dmean": 0.0074578425847,
        "dmean2": 0.0126348379999,
        "dvar": 0.000132811415824,
        "dvar2": 0.000363358994946,
        "max": 0.220174223185,
        "mean": 0.0125001724809,
        "median": 0.00835727341473,
        "min": 1.51441086341e-22,
        "var": 0.0002162548044
    },
    "spectral_energyband_middle_high": {
        "dmean": 0.00295930006541,
        "dmean2": 0.00425921240821,
        "dvar": 1.39453568408e-05,
        "dvar2": 2.79713513009e-05,
        "max": 0.0636121556163,
        "mean": 0.0101689668372,
        "median": 0.006761290133,
        "min": 1.6173033923e-21,
        "var": 9.29877714952e-05
    },
    "spectral_energyband_middle_low": {
        "dmean": 0.0035974511411,
        "dmean2": 0.00573527533561,
        "dvar": 2.83646895696e-05,
        "dvar2": 6.97859868524e-05,
        "max": 0.088611535728,
        "mean": 0.00812038034201,
        "median": 0.00534101575613,
        "min": 4.39778317385e-22,
        "var": 7.22456970834e-05
    },
    "spectral_entropy": {
        "dmean": 0.135712966323,
        "dmean2": 0.194503948092,
        "dvar": 0.019960263744,
        "dvar2": 0.038456261158,
        "max": 9.81772708893,
        "mean": 7.65635824203,
        "median": 7.69185352325,
        "min": 5.04514312744,
        "var": 0.156822130084
    },
    "spectral_flux": {
        "dmean": 0.0255791265517,
        "dmean2": 0.0412700735033,
        "dvar": 0.000666978012305,
        "dvar2": 0.00164782290813,
        "max": 0.294520556927,
        "mean": 0.0995772108436,
        "median": 0.0966276526451,
        "min": 1.05969635844e-10,
        "var": 0.00219964981079
    },
    "spectral_kurtosis": {
        "dmean": 1.63502514362,
        "dmean2": 2.80240035057,
        "dvar": 7.54922008514,
        "dvar2": 22.569852829,
        "max": 80.3319778442,
        "mean": 3.71949744225,
        "median": 3.08447980881,
        "min": -1.4934104681,
        "var": 15.4918432236
    },
    "spectral_rms": {
        "dmean": 0.000841524335556,
        "dmean2": 0.00135719683021,
        "dvar": 7.8963245187e-07,
        "dvar2": 1.99679629986e-06,
        "max": 0.0147419748828,
        "mean": 0.00515435356647,
        "median": 0.00536706484854,
        "min": 3.30993522521e-12,
        "var": 3.80926599064e-06
    },
    "spectral_rolloff": {
        "dmean": 527.32421875,
        "dmean2": 865.986877441,
        "dvar": 993396.25,
        "dvar2": 2099936.25,
        "max": 18453.9550781,
        "mean": 1788.05566406,
        "median": 1571.92382812,
        "min": 64.599609375,
        "var": 2230912.75
    },
    "spectral_skewness": {
        "dmean": 0.214217334986,
        "dmean2": 0.351280510426,
        "dvar": 0.0581598244607,
        "dvar2": 0.158244729042,
        "max": 6.90342187881,
        "mean": 1.35997354984,
        "median": 1.34259343147,
        "min": -0.273432075977,
        "var": 0.189767748117
    },
    "spectral_spread": {
        "dmean": 467330.46875,
        "dmean2": 659700.875,
        "dvar": 472139104256,
        "dvar2": 658007785472,
        "max": 39866588,
        "mean": 4182927.5,
        "median": 3899195.75,
        "min": 752554.4375,
        "var": 2.46946018099e+12
    },
    "spectral_strongpeak": {
        "dmean": 0.792051911354,
        "dmean2": 1.36122524738,
        "dvar": 1.5998249054,
        "dvar2": 3.96856594086,
        "max": 11.749297142,
        "mean": 1.26328599453,
        "median": 0.47410851717,
        "min": 0,
        "var": 2.82670855522
    },
    "zerocrossingrate": {
        "dmean": 0.0103177847341,
        "dmean2": 0.0120861977339,
        "dvar": 0.000201709757675,
        "dvar2": 0.000219961613766,
        "max": 0.515625,
        "mean": 0.0672939419746,
        "median": 0.0625,
        "min": 0.00244140625,
        "var": 0.00127274845727
    },
    "barkbands": {
        "dmean": [0.000150485910126, 0.00614207331091, 0.00212578312494, 0.000948049710132, 0.00105214281939, 0.000834038015455, 0.000375122588594, 0.000667975982651, 0.0013829683885, 0.000836656254251, 0.00099825009238, 0.000955268274993, 0.000673618167639, 0.000815559003968, 0.000553627498448, 0.000322448002407, 0.000265786977252, 0.000281844200799, 0.000179622104042, 0.000174749176949, 9.8325079307e-05, 7.74626169004e-05, 0.000119950615044, 0.000150030682562, 7.40731629776e-05, 1.72200016095e-05, 1.28756871831e-08],
        "dmean2": [0.000231887621339, 0.0102170519531, 0.003664359916, 0.00164035265334, 0.00178883841727, 0.00132907018997, 0.000612776319031, 0.00107171759009, 0.0021568199154, 0.00132295081858, 0.00153151666746, 0.00147053075489, 0.0010405612411, 0.00124604068696, 0.000872977252584, 0.000511004123837, 0.000420060532633, 0.000445826764917, 0.00028263227432, 0.000266952323727, 0.000151443804498, 0.000118337564345, 0.000174505679752, 0.000215157066123, 0.000104115897557, 2.58445579675e-05, 2.33137367189e-08],
        "dvar": [1.14084578229e-07, 9.84918224276e-05, 1.84204145626e-05, 4.59236707684e-06, 7.70424958318e-06, 3.62973560186e-06, 9.28121266952e-07, 3.25640507981e-06, 8.32455953059e-06, 3.42343059856e-06, 5.54192683921e-06, 4.58555359728e-06, 2.20823494601e-06, 2.29880652114e-06, 1.37775668918e-06, 5.56270435936e-07, 2.82281234831e-07, 2.17604963382e-07, 8.32668476392e-08, 9.11510724677e-08, 4.06724183222e-08, 5.70690907864e-08, 9.70617222151e-08, 3.6247476487e-07, 1.31761467514e-07, 6.72785649414e-09, 1.08344475562e-14],
        "dvar2": [2.38105457129e-07, 0.000261841225438, 5.05747811985e-05, 1.23821228044e-05, 2.04363732337e-05, 8.1596781456e-06, 2.18928448703e-06, 7.18055525795e-06, 1.87911082321e-05, 8.25786173664e-06, 1.22482224469e-05, 9.93029425445e-06, 4.99563611811e-06, 4.7781622925e-06, 3.03301908389e-06, 1.20209108445e-06, 6.2971338366e-07, 5.07088145696e-07, 1.98644201532e-07, 2.09550861996e-07, 8.71646506084e-08, 1.25957512864e-07, 1.95894401145e-07, 7.05993841166e-07, 2.45856568881e-07, 1.22778462952e-08, 3.00951144973e-14],
        "max": [0.00487293628976, 0.185290545225, 0.0532201677561, 0.0283830091357, 0.0522953048348, 0.0598708167672, 0.0216384101659, 0.0820134282112, 0.0680253654718, 0.0435001701117, 0.0487061329186, 0.0456194169819, 0.0428993292153, 0.0268005467951, 0.020521838218, 0.0211409050971, 0.0172877628356, 0.0082281883806, 0.00628245901316, 0.00763127906248, 0.00660809734836, 0.00883731711656, 0.00822743121535, 0.0158491525799, 0.013432350941, 0.00271066231653, 4.7858097787e-06],
        "mean": [0.000195844462723, 0.00880054943264, 0.0028720763512, 0.00105430535041, 0.00134472036734, 0.0014270208776, 0.00050997879589, 0.00110501225572, 0.00227258470841, 0.00131390755996, 0.00165299302898, 0.0017226501368, 0.00113458919805, 0.00144293822814, 0.000899345439393, 0.00056564057013, 0.000521944428328, 0.000552692450583, 0.00037648587022, 0.000386003375752, 0.000194675361854, 0.000148735896801, 0.00024508786737, 0.000258369051153, 0.000113473957754, 2.43374161073e-05, 8.95742058304e-09],
        "median": [2.8215448765e-05, 0.00484568905085, 0.00141312088817, 0.000448206439614, 0.000532495498192, 0.000495643122122, 0.000188326812349, 0.000253299891483, 0.000630526628811, 0.000387143925764, 0.000363202067092, 0.000435004330939, 0.00032576097874, 0.000524919538293, 0.000348090019543, 0.000252868660027, 0.000293145596515, 0.000314446253469, 0.000206815398997, 0.000184474920388, 0.00010291581566, 7.73228966864e-05, 0.000107253261376, 6.72611640766e-05, 1.85177668754e-05, 9.58728833211e-07, 6.78553713218e-10],
        "min": [2.16132947005e-23, 1.16227888011e-22, 1.65035112958e-23, 1.55769846963e-23, 3.35736077373e-23, 8.63387497945e-23, 9.52082852943e-23, 1.10281517616e-22, 8.4684079336e-23, 3.33918352521e-23, 6.35885124698e-23, 2.66777454244e-23, 1.12011104617e-22, 2.41861598097e-22, 1.70644548238e-22, 1.06143430986e-22, 2.5407977872e-22, 2.0678876652e-22, 2.23624168954e-22, 3.9657229201e-22, 4.197269373e-22, 4.88535071011e-22, 6.40280607175e-22, 1.04776086389e-21, 1.3152338347e-21, 1.7524509921e-21, 2.35960721626e-21],
        "var": [2.17348812726e-07, 0.00014578034461, 1.91173021449e-05, 3.98230622523e-06, 8.67303242558e-06, 1.0732190276e-05, 1.47943615048e-06, 1.37376027851e-05, 1.92315037566e-05, 6.73574550092e-06, 1.33485164042e-05, 1.32397808557e-05, 6.30735075902e-06, 6.19654110778e-06, 2.83023064185e-06, 1.52745212745e-06, 7.72721421072e-07, 5.13745135322e-07, 2.29803688967e-07, 2.82837163468e-07, 9.08488431151e-08, 9.80241097182e-08, 2.53155633345e-07, 7.88550210018e-07, 2.42170330012e-07, 1.17275735789e-08, 6.98511225667e-15]
    },
    "erbbands": {
        "dmean": [0.136549308896, 1.53650569916, 2.80928254128, 2.58573102951, 2.7327837944, 4.14841461182, 6.31413507462, 6.4401473999, 4.91110134125, 7.67247056961, 19.0244522095, 30.2890586853, 27.206609726, 30.6621417999, 36.0153770447, 33.6364517212, 27.6897411346, 35.5935211182, 29.5511436462, 23.0860366821, 16.5301856995, 14.9332084656, 14.5553770065, 11.4681596756, 7.90310382843, 8.03320789337, 5.07607460022, 3.09622120857, 2.73502278328, 3.0714328289, 3.60916948318, 3.55978703499, 2.23462319374, 1.08606112003, 0.402032196522, 0.13035543263, 0.0230705048889, 0.000626511755399, 2.52791796811e-05, 1.29518266476e-05],
        "dmean2": [0.218970343471, 2.59104681015, 4.84628725052, 4.41170072556, 4.76572847366, 7.03433036804, 10.1368989944, 10.3055276871, 7.97285747528, 12.4502029419, 29.8561439514, 46.8145027161, 42.90417099, 47.1957969666, 53.205078125, 50.5482749939, 42.2566413879, 53.7223587036, 45.675239563, 36.1825866699, 25.9423160553, 23.4047622681, 22.7840747833, 17.9939403534, 12.3220586777, 12.0965299606, 7.74424409866, 4.80891895294, 4.158162117, 4.61044549942, 5.32452297211, 5.1132440567, 3.24336385727, 1.5623562336, 0.567724645138, 0.18869112432, 0.03551203385, 0.000934631098062, 3.60637859558e-05, 2.03275194508e-05],
        "dvar": [0.0584359690547, 6.27510976791, 26.9705467224, 27.5976428986, 46.6736602783, 144.011566162, 262.445495605, 205.334289551, 126.30381012, 457.158508301, 2186.3034668, 4572.41064453, 4495, 4308.08398438, 7261.24560547, 5773.25878906, 3835.85205078, 5068.84912109, 3123.43432617, 2555.51855469, 1465.61413574, 899.519470215, 573.800292969, 348.498474121, 169.473617554, 199.240142822, 94.4676208496, 53.0433235168, 66.8527450562, 78.1891708374, 95.1959838867, 165.042556763, 98.8545761108, 31.1882705688, 3.15640044212, 0.370455741882, 0.0125354975462, 8.54986592458e-06, 9.91723236865e-09, 3.26146831764e-10],
        "dvar2": [0.143579363823, 17.067035675, 75.4057998657, 73.9469070435, 128.352676392, 385.032928467, 609.239746094, 456.7237854, 298.049255371, 1093.73144531, 4631.3203125, 10111.5927734, 11243.1347656, 10171.2714844, 15602.3662109, 11914.5107422, 8729.84375, 10484.6855469, 6853.32226562, 5758.06738281, 3007.62646484, 2084.34887695, 1349.04394531, 811.457336426, 423.68939209, 450.080596924, 209.207519531, 117.065628052, 144.370956421, 166.439956665, 193.59588623, 330.578704834, 194.972229004, 61.504901886, 5.74052190781, 0.66682100296, 0.0252479612827, 1.69364957401e-05, 1.76468439861e-08, 7.06124159144e-10],
        "max": [3.00523376465, 50.5539016724, 81.7928543091, 70.0713195801, 136.438735962, 197.91708374, 450.398681641, 485.91506958, 259.839447021, 536.40222168, 2259.15014648, 1440.2980957, 1770.62011719, 1412.87731934, 2087.35107422, 1988.79138184, 1968.61303711, 1436.81494141, 1155.16552734, 912.772705078, 1289.90710449, 959.952209473, 447.352020264, 398.220794678, 423.841125488, 312.598999023, 232.342437744, 291.86932373, 358.337982178, 295.601898193, 312.510528564, 432.831604004, 285.701416016, 208.870391846, 57.5422821045, 19.8952941895, 3.46393799782, 0.0832781642675, 0.00294495816343, 0.000391282490455],
        "mean": [0.201921761036, 2.11766028404, 3.89432787895, 3.49371743202, 3.04854369164, 4.96370649338, 10.2694501877, 10.5024347305, 7.34929418564, 11.5104522705, 33.9062957764, 48.573261261, 45.2671470642, 54.86328125, 67.0106048584, 63.5804595947, 53.0556411743, 68.6899185181, 56.3005256653, 39.7695388794, 32.4874610901, 30.9495773315, 30.516336441, 24.4345588684, 18.2632045746, 17.9369373322, 10.4845094681, 6.24268436432, 5.19601345062, 6.15031814575, 7.13385248184, 6.30386257172, 3.63386702538, 1.6179844141, 0.622568190098, 0.191262990236, 0.0313777439296, 0.000882041233126, 5.38110180059e-05, 4.25580219598e-05],
        "median": [0.0894803851843, 1.12430524826, 2.12205457687, 1.99263858795, 1.33854913712, 1.7088675499, 3.21915030479, 3.74602890015, 2.94772744179, 4.35731983185, 8.86089515686, 13.5849657059, 15.2135362625, 19.0717201233, 17.9481086731, 19.6628379822, 18.5161590576, 24.723110199, 27.0857963562, 18.1250915527, 15.9049987793, 17.9561901093, 18.1814613342, 14.1920042038, 10.7825489044, 8.30062484741, 5.5556473732, 3.43836116791, 2.6722869873, 3.12284493446, 2.851085186, 1.87593626976, 0.785388350487, 0.245804607868, 0.101637668908, 0.0142167434096, 0.0011485699797, 5.55813712708e-05, 2.71150129265e-05, 3.97864678234e-05],
        "min": [3.70673890041e-21, 2.4187121387e-20, 2.78945852821e-20, 3.18038602441e-20, 9.93407597277e-20, 1.01860804238e-19, 2.33793759645e-19, 9.42010031983e-19, 7.42692333088e-19, 3.42234894224e-18, 1.1253825321e-18, 1.16396802613e-18, 2.27657309931e-18, 1.89333928754e-18, 1.83152780268e-18, 1.45757164866e-18, 4.63446797901e-18, 7.38536546671e-18, 1.2366718253e-17, 9.804853042e-18, 5.98178389664e-18, 1.65387699358e-17, 1.16051578785e-17, 8.52788387238e-18, 1.54287249866e-17, 2.14195193616e-17, 1.78784005183e-17, 1.53264242515e-17, 1.57355957589e-17, 1.36315096697e-17, 2.03010520594e-17, 2.06507608614e-17, 1.88240118879e-17, 1.62618464103e-17, 8.60362301081e-18, 4.78033259464e-18, 3.64771347295e-18, 1.52119393528e-18, 3.29026727526e-19, 3.32859287949e-20],
        "var": [0.101727083325, 8.58041858673, 30.8476066589, 27.0489578247, 39.3505897522, 142.292877197, 665.367370605, 520.784606934, 229.684371948, 793.899169922, 8970.96386719, 10009.0654297, 8356.1171875, 9665.90917969, 19674.1191406, 15600.0703125, 11627.7333984, 14828.5527344, 7801.67724609, 4861.77929688, 4684.43603516, 2498.12475586, 1524.49755859, 902.448059082, 507.491790771, 621.915039062, 225.430847168, 103.763336182, 121.270751953, 155.477523804, 237.688369751, 348.761871338, 206.061676025, 54.9705429077, 6.01506996155, 0.672977924347, 0.0195181090385, 1.35323070936e-05, 1.91941005312e-08, 9.95537208226e-10]
    },
    "gfcc": {
        "mean": [-2.28192353249, 95.4447555542, -151.591262817, 42.4667167664, -62.2672653198, 29.5298633575, -32.2309532166, 9.04671287537, -15.3687543869, -7.86609077454, -5.82720088959, -8.67752456665, -5.02844572067],
        "cov": [[6763.57958984, -877.522277832, 1013.48681641, 671.074645996, 318.741821289, 980.267272949, -101.793540955, 751.921264648, -386.454101562, 626.370422363, 12.7356052399, 381.41809082, -53.3224716187], [-877.522277832, 1173.25061035, -53.5935668945, 184.516387939, 302.829559326, -146.193817139, 296.556030273, -222.31602478, 191.393569946, -168.13949585, 198.214492798, -101.900482178, 124.512031555], [1013.48681641, -53.5935668945, 1990.8404541, 825.584289551, 494.952636719, 523.007202148, -65.5635452271, 411.058288574, -249.740921021, 427.254730225, -47.5563468933, 309.589447021, 32.0365066528], [671.074645996, 184.516387939, 825.584289551, 765.593994141, 351.234283447, 235.218566895, 14.5757732391, 130.189926147, -16.5687522888, 128.580718994, 72.7164993286, 91.4384918213, 98.4641342163], [318.741821289, 302.829559326, 494.952636719, 351.234283447, 553.672485352, 199.776290894, 130.259216309, 82.3206176758, -51.3124465942, 158.015533447, 23.9786548615, 128.759979248, 24.4895572662], [980.267272949, -146.193817139, 523.007202148, 235.218566895, 199.776290894, 451.686828613, 73.2733078003, 192.090637207, -111.659103394, 171.67199707, 39.9947395325, 100.072006226, 21.4409980774], [-101.793540955, 296.556030273, -65.5635452271, 14.5757732391, 130.259216309, 73.2733078003, 299.370147705, -23.044757843, 34.6786193848, -26.9771671295, 74.2806167603, -29.02186203, 10.3325595856], [751.921264648, -222.31602478, 411.058288574, 130.189926147, 82.3206176758, 192.090637207, -23.044757843, 290.955841064, -59.3475036621, 160.203109741, -23.7566165924, 93.0923156738, 3.57345151901], [-386.454101562, 191.393569946, -249.740921021, -16.5687522888, -51.3124465942, -111.659103394, 34.6786193848, -59.3475036621, 217.542037964, -107.053184509, 55.1826896667, -87.4383163452, 41.2952423096], [626.370422363, -168.13949585, 427.254730225, 128.580718994, 158.015533447, 171.67199707, -26.9771671295, 160.203109741, -107.053184509, 251.654602051, -35.3989067078, 129.675689697, -27.3503246307], [12.7356052399, 198.214492798, -47.5563468933, 72.7164993286, 23.9786548615, 39.9947395325, 74.2806167603, -23.7566165924, 55.1826896667, -35.3989067078, 177.308654785, -19.3910560608, 64.1268768311], [381.41809082, -101.900482178, 309.589447021, 91.4384918213, 128.759979248, 100.072006226, -29.02186203, 93.0923156738, -87.4383163452, 129.675689697, -19.3910560608, 166.996170044, -3.4931833744], [-53.3224716187, 124.512031555, 32.0365066528, 98.4641342163, 24.4895572662, 21.4409980774, 10.3325595856, 3.57345151901, 41.2952423096, -27.3503246307, 64.1268768311, -3.4931833744, 115.289199829]],
        "icov": [[0.00036114489194, -0.000252037891187, 0.00050916481996, -0.000575640005991, 0.000371054949937, -0.000754161388613, 0.000320275052218, -0.000732898246497, 0.000342848070432, -0.000393866328523, 7.12616892997e-05, -0.000471679202747, 0.000574657635298], [-0.000252037891187, 0.00349826621823, -0.0015035585966, 0.00108961563092, -0.00250572897494, 0.00254409364425, -0.00227295211516, 0.00219699181616, -0.00121416174807, 0.00112200225703, -0.00209454633296, 0.00189072219655, -0.00228934176266], [0.00050916481996, -0.0015035585966, 0.00284547987394, -0.00252600130625, 0.00132995739114, -0.00220825569704, 0.00130178709514, -0.00230374792591, 0.00142835988663, -0.00149747601245, 0.00134939001873, -0.00206266972236, 0.00162897002883], [-0.000575640005991, 0.00108961563092, -0.00252600130625, 0.00469410326332, -0.00252506881952, 0.00141708261799, -0.000211327089346, 0.00177550502121, -0.00147230515722, 0.00124837039039, -0.00146868242882, 0.00219400180504, -0.00280650495552], [0.000371054949937, -0.00250572897494, 0.00132995739114, -0.00252506881952, 0.00583573058248, -0.00239699007943, -0.000237584186834, -0.000966338324361, 0.000611114315689, -0.00242052134126, 0.00217227940448, -0.00353548140265, 0.0018136841245], [-0.000754161388613, 0.00254409364425, -0.00220825569704, 0.00141708261799, -0.00239699007943, 0.00750429742038, -0.0030630081892, 0.000741528871004, 0.000390995730413, 0.000350278132828, -0.00270830048248, 0.002558008302, -0.00280100945383], [0.000320275052218, -0.00227295211516, 0.00130178709514, -0.000211327089346, -0.000237584186834, -0.0030630081892, 0.00667599868029, -0.00166889664251, 0.000526897667442, 9.21647879295e-05, -0.000426818849519, -9.85083388514e-05, 0.00256273639388], [-0.000732898246497, 0.00219699181616, -0.00230374792591, 0.00177550502121, -0.000966338324361, 0.000741528871004, -0.00166889664251, 0.00916602369398, -0.00259056966752, -0.00158606120385, -0.000184956530575, 0.00100587424822, -0.00297011667863], [0.000342848070432, -0.00121416174807, 0.00142835988663, -0.00147230515722, 0.000611114315689, 0.000390995730413, 0.000526897667442, -0.00259056966752, 0.00836676172912, 0.000400748685934, -0.000666443433147, 0.00144980847836, -0.000326247361954], [-0.000393866328523, 0.00112200225703, -0.00149747601245, 0.00124837039039, -0.00242052134126, 0.000350278132828, 9.21647879295e-05, -0.00158606120385, 0.000400748685934, 0.0113862836733, -0.000749441212974, -0.00245731347241, 0.00134598126169], [7.12616892997e-05, -0.00209454633296, 0.00134939001873, -0.00146868242882, 0.00217227940448, -0.00270830048248, -0.000426818849519, -0.000184956530575, -0.000666443433147, -0.000749441212974, 0.0101283676922, -0.00180172396358, -0.00236666062847], [-0.000471679202747, 0.00189072219655, -0.00206266972236, 0.00219400180504, -0.00353548140265, 0.002558008302, -9.85083388514e-05, 0.00100587424822, 0.00144980847836, -0.00245731347241, -0.00180172396358, 0.0138525897637, -0.00298821530305], [0.000574657635298, -0.00228934176266, 0.00162897002883, -0.00280650495552, 0.0018136841245, -0.00280100945383, 0.00256273639388, -0.00297011667863, -0.000326247361954, 0.00134598126169, -0.00236666062847, -0.00298821530305, 0.0150164458901]]
    },
    "melbands": {
        "dmean": [0.00149494560901, 0.00164361356292, 0.00044100091327, 0.000237679225393, 0.000202943949262, 0.000144792560604, 7.620202814e-05, 9.43881386775e-05, 0.000178364105523, 0.000193133048015, 0.000137735827593, 0.000124915444758, 0.000129249427118, 0.000108970336441, 8.67428534548e-05, 6.18801059318e-05, 7.43793498259e-05, 5.55447404622e-05, 4.5075561502e-05, 2.38258071477e-05, 2.05478718271e-05, 1.70424773387e-05, 1.45196772792e-05, 1.44543246279e-05, 1.00737288449e-05, 6.23354890195e-06, 6.84763199388e-06, 5.86625446886e-06, 3.79505263481e-06, 2.58554541688e-06, 1.75946820491e-06, 1.65499136529e-06, 1.66023210113e-06, 1.88063427231e-06, 2.12499821828e-06, 2.40450458477e-06, 2.25776602747e-06, 1.74343438175e-06, 1.28560918711e-06, 8.56666645177e-07],
        "dmean2": [0.00244951550849, 0.00282497983426, 0.000754463020712, 0.000407999177696, 0.000326748413499, 0.000231360871112, 0.000123271835037, 0.000152529930347, 0.000279315398075, 0.000299140985589, 0.000217662774958, 0.000192093750229, 0.000191640399862, 0.000165331541211, 0.000133665729663, 9.53653725446e-05, 0.000112403911771, 8.61298540258e-05, 7.08399384166e-05, 3.78863260266e-05, 3.24953107338e-05, 2.7194231734e-05, 2.29019424296e-05, 2.28973985941e-05, 1.5969542801e-05, 9.97753340926e-06, 1.07450241558e-05, 8.94475215318e-06, 5.89624414715e-06, 4.07267589253e-06, 2.79603182207e-06, 2.59427906713e-06, 2.53990106103e-06, 2.8547774491e-06, 3.23103586197e-06, 3.59104683412e-06, 3.30156876771e-06, 2.60781143879e-06, 1.88014359992e-06, 1.25824612951e-06],
        "dvar": [6.12416215517e-06, 7.26844564269e-06, 8.40411587433e-07, 4.52456362154e-07, 2.36358005168e-07, 1.00567831396e-07, 3.08902450286e-08, 6.47007425414e-08, 1.78728470246e-07, 1.75404537117e-07, 1.14798737627e-07, 6.85253809252e-08, 9.42168369988e-08, 6.56172503e-08, 4.47631798295e-08, 2.09342854163e-08, 2.30862866601e-08, 1.20829071193e-08, 1.09490514433e-08, 3.23493321019e-09, 2.62432786613e-09, 1.34835120846e-09, 6.93012702779e-10, 6.90943080528e-10, 2.91247609363e-10, 1.10835840506e-10, 1.52689194621e-10, 1.19907306306e-10, 5.24027939097e-11, 2.80203291125e-11, 2.03137194565e-11, 2.35283563466e-11, 2.67500206014e-11, 2.47699725314e-11, 3.0241645993e-11, 5.48749864993e-11, 7.55932677565e-11, 6.06698025152e-11, 4.12427800245e-11, 2.06946508541e-11],
        "dvar2": [1.55858197104e-05, 2.05632622965e-05, 2.25565145229e-06, 1.23898780657e-06, 5.45477746527e-07, 2.21955914981e-07, 7.27920550503e-08, 1.57058138939e-07, 3.88268745155e-07, 3.92781799974e-07, 2.85431127622e-07, 1.59863503768e-07, 1.98283615305e-07, 1.422764484e-07, 1.03409895758e-07, 4.80323265606e-08, 4.75516337417e-08, 2.62604835655e-08, 2.40636133242e-08, 7.17307413467e-09, 5.44262634961e-09, 3.08605896393e-09, 1.57089052877e-09, 1.65245572781e-09, 6.87092271967e-10, 2.81114936884e-10, 3.76362468968e-10, 2.74117339938e-10, 1.21703827571e-10, 6.19955545234e-11, 4.64716633231e-11, 5.45101533356e-11, 5.8973353978e-11, 5.27969577779e-11, 6.32044416804e-11, 1.18326071163e-10, 1.51527235204e-10, 1.24398130685e-10, 8.34769961489e-11, 4.28136415209e-11],
        "max": [0.0362758636475, 0.0538865439594, 0.0117513164878, 0.0103784482926, 0.0156149752438, 0.0104067921638, 0.00385660096072, 0.00566524127498, 0.0171935930848, 0.00996836740524, 0.00872177351266, 0.00529936002567, 0.00674090860412, 0.00694045890123, 0.00535359838977, 0.00581767084077, 0.00329934596084, 0.00232123630121, 0.00223636860028, 0.0017156394897, 0.00156949623488, 0.00131860119291, 0.000686525017954, 0.000543397502042, 0.000359922647476, 0.000346515211277, 0.000371671631001, 0.000258763757301, 0.000159766786965, 0.000174625994987, 0.000177531983354, 0.000203831106774, 0.000198624198674, 0.000160763433087, 0.000178799091373, 0.000196782930288, 0.000290069699986, 0.000263884197921, 0.000205454693059, 0.000199029556825],
        "mean": [0.0021877954714, 0.00241328496486, 0.000598614860792, 0.000271700933808, 0.000332533905748, 0.000242833673838, 0.000112190275104, 0.000147440179717, 0.000310446164804, 0.000305296474835, 0.000221261390834, 0.000213827806874, 0.000226583331823, 0.000197629444301, 0.000149053419591, 0.000106299616164, 0.00013234312064, 9.47769731283e-05, 7.06309365341e-05, 3.87294021493e-05, 3.66645545e-05, 3.15697179758e-05, 2.82403216261e-05, 2.70179280051e-05, 1.92436855286e-05, 1.28081610455e-05, 1.38263876579e-05, 1.16244445962e-05, 7.02067336533e-06, 4.71183466288e-06, 3.19801620208e-06, 2.87484181172e-06, 2.94616938845e-06, 3.61859451914e-06, 4.0245904529e-06, 4.28982775702e-06, 3.68567066289e-06, 2.72832926385e-06, 1.87923012618e-06, 1.18282707717e-06],
        "median": [0.00117561221123, 0.00144126475789, 0.000351788650732, 0.00010655735241, 0.000115171511425, 8.61021690071e-05, 4.2896681407e-05, 4.64112854388e-05, 7.35820940463e-05, 8.22483270895e-05, 6.43022722215e-05, 6.65998959448e-05, 5.40293112863e-05, 4.65502525913e-05, 4.18047638959e-05, 3.22629784932e-05, 4.29819338024e-05, 3.92384827137e-05, 2.58792697423e-05, 1.69676568476e-05, 1.65200781339e-05, 1.73888092831e-05, 1.52262255142e-05, 1.41423497553e-05, 1.02501544461e-05, 7.360532436e-06, 6.93291531206e-06, 4.69693895866e-06, 3.42057228409e-06, 2.28524686463e-06, 1.69980557985e-06, 1.41694010836e-06, 1.41789473673e-06, 1.79351764018e-06, 1.65114283845e-06, 1.39502287766e-06, 9.79438027571e-07, 5.86081796428e-07, 2.65247024345e-07, 1.42226582511e-07],
        "min": [3.42358375346e-23, 2.12951644524e-23, 7.99789468658e-24, 7.14925626854e-24, 7.95062377455e-24, 2.00502946123e-23, 1.22847431281e-23, 3.66958529358e-23, 6.86721246251e-24, 9.93298153114e-24, 1.12302443571e-23, 7.03324322837e-24, 7.87219364563e-24, 3.31026940645e-24, 5.84085906532e-24, 1.16496864336e-23, 1.50050305633e-23, 2.36876912255e-23, 1.2590511137e-23, 1.0323622296e-23, 6.0023775468e-24, 1.74100055615e-23, 1.06011317295e-23, 1.07785741572e-23, 5.50784261747e-24, 1.16870815959e-23, 1.13139306662e-23, 1.45785581584e-23, 1.15418049716e-23, 8.96702056383e-24, 8.83986170794e-24, 7.50051394153e-24, 1.15500817002e-23, 6.01463052881e-24, 1.15743801938e-23, 1.47492597697e-23, 1.07081202009e-23, 1.23427401819e-23, 1.51011153993e-23, 1.27434815217e-23],
        "var": [9.64413902693e-06, 9.72850921244e-06, 7.94248990132e-07, 3.95756075022e-07, 5.86276712511e-07, 2.78868697023e-07, 5.54196653013e-08, 1.63157977795e-07, 6.11864038547e-07, 3.85094921285e-07, 2.13797662241e-07, 1.52551876909e-07, 2.40248056116e-07, 2.08081019082e-07, 1.222642112e-07, 5.92774256347e-08, 6.28575733685e-08, 2.85465731054e-08, 2.08479953301e-08, 6.97327973143e-09, 7.28523241733e-09, 2.99130764603e-09, 2.0767569886e-09, 1.42260181413e-09, 6.75391242932e-10, 2.63263993938e-10, 4.06410294307e-10, 3.12782078016e-10, 1.10592257574e-10, 5.88759457854e-11, 3.36317952654e-11, 3.77816701536e-11, 4.54141099726e-11, 5.16310223742e-11, 7.1583836081e-11, 1.18502707647e-10, 1.50735618432e-10, 1.21032850409e-10, 7.43672831649e-11, 3.26231368308e-11]
    },
    "mfcc": {
        "mean": [-626.790100098, 107.610321045, -18.4081268311, 13.3235931396, 1.34712803364, 11.443614006, 1.71570026875, 13.8244447708, -3.92856097221, 9.89900398254, -3.07827877998, 1.60297036171, -4.53623104095],
        "cov": [[5749.74169922, -659.030395508, 288.603637695, 136.39541626, 355.250854492, 235.422973633, 483.778594971, 189.457519531, 53.1130714417, 283.051422119, 31.7371120453, 223.072067261, 134.82749939], [-659.030395508, 844.61932373, -137.719512939, 187.444625854, 11.7787618637, 142.312316895, 91.4681549072, 60.7004241943, -8.93147659302, 24.5875015259, 6.19501924515, 32.7090148926, 2.7135682106], [288.603637695, -137.719512939, 1359.17858887, 476.12399292, 553.659667969, 231.998428345, 320.789520264, 81.3915252686, 140.011795044, 44.5693855286, 35.4973144531, 126.797348022, 140.517929077], [136.39541626, 187.444625854, 476.12399292, 641.674255371, 381.279663086, 230.758758545, 186.34437561, 66.2566223145, 79.9567947388, 46.3734359741, -10.9530086517, 77.2237167358, 102.994338989], [355.250854492, 11.7787618637, 553.659667969, 381.279663086, 553.842407227, 196.500305176, 210.571365356, 54.6027412415, 100.292709351, 35.3771133423, 15.9088020325, 77.7694396973, 110.582397461], [235.422973633, 142.312316895, 231.998428345, 230.758758545, 196.500305176, 343.89465332, 233.393814087, 84.3619689941, 35.0210266113, 52.7722587585, 13.4938898087, 61.093120575, 42.4711532593], [483.778594971, 91.4681549072, 320.789520264, 186.34437561, 210.571365356, 233.393814087, 394.65322876, 104.433441162, 47.7518386841, 68.3912658691, 35.7851753235, 85.5005874634, 67.1206054688], [189.457519531, 60.7004241943, 81.3915252686, 66.2566223145, 54.6027412415, 84.3619689941, 104.433441162, 146.575195312, 35.117389679, 55.6721839905, 10.2959394455, 43.2131195068, 16.1773395538], [53.1130714417, -8.93147659302, 140.011795044, 79.9567947388, 100.292709351, 35.0210266113, 47.7518386841, 35.117389679, 137.024414062, 28.5506401062, 27.0482559204, 18.642118454, 27.0891265869], [283.051422119, 24.5875015259, 44.5693855286, 46.3734359741, 35.3771133423, 52.7722587585, 68.3912658691, 55.6721839905, 28.5506401062, 134.074691772, 20.3403453827, 38.3992042542, -1.62336683273], [31.7371120453, 6.19501924515, 35.4973144531, -10.9530086517, 15.9088020325, 13.4938898087, 35.7851753235, 10.2959394455, 27.0482559204, 20.3403453827, 90.3907394409, 21.7055072784, 10.9720563889], [223.072067261, 32.7090148926, 126.797348022, 77.2237167358, 77.7694396973, 61.093120575, 85.5005874634, 43.2131195068, 18.642118454, 38.3992042542, 21.7055072784, 119.791915894, 36.4121551514], [134.82749939, 2.7135682106, 140.517929077, 102.994338989, 110.582397461, 42.4711532593, 67.1206054688, 16.1773395538, 27.0891265869, -1.62336683273, 10.9720563889, 36.4121551514, 103.775947571]],
