{
"lowlevel": {
    "average_loudness": 0.95828962326,
    "barkbands_crest": {
        "dmean": 2.6915974617,
        "dmean2": 4.39169311523,
        "dvar": 7.03192615509,
        "dvar2": 17.4056167603,
        "max": 26.058713913,
        "mean": 8.85691642761,
        "median": 8.03455066681,
        "min": 2.3661673069,
        "var": 15.1600828171
    },
    "barkbands_flatness_db": {
        "dmean": 0.0203204117715,
        "dmean2": 0.0316732637584,
        "dvar": 0.000395119102905,
        "dvar2": 0.000891128031071,
        "max": 0.381482750177,
        "mean": 0.113145418465,
        "median": 0.10316503793,
        "min": 0.0277806483209,
        "var": 0.00205136020668
    },
    "barkbands_kurtosis": {
        "dmean": 2.50797843933,
        "dmean2": 3.87387752533,
        "dvar": 30.9705982208,
        "dvar2": 68.8668670654,
        "max": 232.22996521,
        "mean": 2.78611302376,
        "median": 0.430859804153,
        "min": -1.96228981018,
        "var": 60.0373077393
    },
    "barkbands_skewness": {
        "dmean": 0.570019304752,
        "dmean2": 0.861006855965,
        "dvar": 0.431769907475,
        "dvar2": 0.956306934357,
        "max": 14.204873085,
        "mean": 1.38078022003,
        "median": 1.13427424431,
        "min": -3.09804677963,
        "var": 1.52048408985
    },
    "barkbands_spread": {
        "dmean": 10.0702352524,
        "dmean2": 15.4534635544,
        "dvar": 122.672599792,
        "dvar2": 271.953796387,
        "max": 118.97958374,
        "mean": 40.6496315002,
        "median": 38.4226379395,
        "min": 0.852893948555,
        "var": 440.568756104
    },
    "dissonance": {
        "dmean": 0.0166221093386,
        "dmean2": 0.0281440094113,
        "dvar": 0.000248720025411,
        "dvar2": 0.000666381034534,
        "max": 0.500000119209,
        "mean": 0.469520032406,
        "median": 0.474421143532,
        "min": 0.296648800373,
        "var": 0.000486108649056
    },
    "dynamic_complexity": 2.14498734474,
    "erbbands_crest": {
        "dmean": 2.31940197945,
        "dmean2": 3.80599093437,
        "dvar": 5.26404523849,
        "dvar2": 13.0784854889,
        "max": 33.03647995,
        "mean": 7.39526033401,
        "median": 6.4054017067,
        "min": 2.13381314278,
        "var": 15.8449459076
    },
    "erbbands_flatness_db": {
        "dmean": 0.0137017304078,
        "dmean2": 0.0200560782105,
        "dvar": 0.000152976746904,
        "dvar2": 0.000309828232275,
        "max": 0.454298168421,
        "mean": 0.120775341988,
        "median": 0.109892018139,
        "min": 0.0528753176332,
        "var": 0.00207145977765
    },
    "erbbands_kurtosis": {
        "dmean": 0.765086650848,
        "dmean2": 1.20348680019,
        "dvar": 1.59806501865,
        "dvar2": 3.37706708908,
        "max": 76.8913955688,
        "mean": -0.00937375519425,
        "median": -0.586537599564,
        "min": -1.78554749489,
        "var": 6.1037530899
    },
    "erbbands_skewness": {
        "dmean": 0.368077427149,
        "dmean2": 0.551354050636,
        "dvar": 0.125789821148,
        "dvar2": 0.263807713985,
        "max": 7.67532730103,
        "mean": 0.0972353890538,
        "median": 0.135183215141,
        "min": -3.93670773506,
        "var": 0.700168728828
    },
    "erbbands_spread": {
        "dmean": 11.5544157028,
        "dmean2": 17.7957401276,
        "dvar": 127.680786133,
        "dvar2": 299.527679443,
        "max": 149.249023438,
        "mean": 61.9952583313,
        "median": 61.3138465881,
        "min": 1.78397965431,
        "var": 679.971069336
    },
    "hfc": {
        "dmean": 16.0914955139,
        "dmean2": 22.3375015259,
        "dvar": 586.141235352,
        "dvar2": 1088.6463623,
        "max": 494.996704102,
        "mean": 52.3806343079,
        "median": 42.5357170105,
        "min": 1.13902201248e-16,
        "var": 2295.28540039
    },
    "melbands_crest": {
        "dmean": 3.41363334656,
        "dmean2": 5.53249168396,
        "dvar": 9.48031044006,
        "dvar2": 23.0614242554,
        "max": 33.1456642151,
        "mean": 13.303612709,
        "median": 12.5254011154,
        "min": 1.20562529564,
        "var": 24.4309158325
    },
    "melbands_flatness_db": {
        "dmean": 0.0273088719696,
        "dmean2": 0.0423416122794,
        "dvar": 0.000823305279482,
        "dvar2": 0.00186449207831,
        "max": 0.520924508572,
        "mean": 0.153568089008,
        "median": 0.143529102206,
        "min": 0.000179837326868,
        "var": 0.00344244902954
    },
    "melbands_kurtosis": {
        "dmean": 10.3423690796,
        "dmean2": 16.2159347534,
        "dvar": 471.25567627,
        "dvar2": 1111.27185059,
        "max": 676.884643555,
        "mean": 19.6021709442,
        "median": 9.32178497314,
        "min": -1.89443337917,
        "var": 940.202514648
    },
    "melbands_skewness": {
        "dmean": 0.879960596561,
        "dmean2": 1.36117613316,
        "dvar": 1.17820811272,
        "dvar2": 2.761469841,
        "max": 20.2370491028,
        "mean": 3.31123733521,
        "median": 2.80344510078,
        "min": -0.305405199528,
        "var": 4.21886730194
    },
    "melbands_spread": {
        "dmean": 12.9249019623,
        "dmean2": 19.932062149,
        "dvar": 338.451202393,
        "dvar2": 720.216247559,
        "max": 298.054107666,
        "mean": 36.4451065063,
        "median": 30.9524593353,
        "min": 0.68388235569,
        "var": 948.366271973
    },
    "pitch_salience": {
        "dmean": 0.073661275208,
        "dmean2": 0.119968600571,
        "dvar": 0.00529309548438,
        "dvar2": 0.0133989322931,
        "max": 0.995297431946,
        "mean": 0.576473355293,
        "median": 0.586604714394,
        "min": 0.111859478056,
        "var": 0.0122830262408
    },
    "silence_rate_20dB": {
        "dmean": 0,
        "dmean2": 0,
        "dvar": 0,
        "dvar2": 0,
        "max": 1,
        "mean": 1,
        "median": 1,
        "min": 1,
        "var": 0
    },
    "silence_rate_30dB": {
        "dmean": 0.00438703410327,
        "dmean2": 0.00877513736486,
        "dvar": 0.0043676616624,
        "dvar2": 0.0118664093316,
        "max": 1,
        "mean": 0.995735347271,
        "median": 1,
        "min": 0,
        "var": 0.00424643279985
    },
    "silence_rate_60dB": {
        "dmean": 0.00426517194137,
        "dmean2": 0.00853138323873,
        "dvar": 0.00424783444032,
        "dvar2": 0.0099209472537,
        "max": 1,
        "mean": 0.0163275245577,
        "median": 0,
        "min": 0,
        "var": 0.0160611309111
    },
    "spectral_centroid": {
        "dmean": 364.823669434,
        "dmean2": 569.885009766,
        "dvar": 159388.578125,
        "dvar2": 365357.6875,
        "max": 11191.4140625,
        "mean": 1761.23913574,
        "median": 1707.2635498,
        "min": 228.990097046,
        "var": 525403.625
    },
    "spectral_complexity": {
        "dmean": 4.63368272781,
        "dmean2": 7.17818403244,
        "dvar": 22.2956542969,
        "dvar2": 48.8330039978,
        "max": 54,
        "mean": 22.4169616699,
        "median": 22,
        "min": 0,
        "var": 95.9835128784
    },
    "spectral_decrease": {
        "dmean": 2.49297027466e-09,
        "dmean2": 3.80125131372e-09,
        "dvar": 1.10466025155e-17,
        "dvar2": 2.34192433817e-17,
        "max": -4.45267871183e-29,
        "mean": -8.1767828064e-09,
        "median": -7.63053975561e-09,
        "min": -4.63381155669e-08,
        "var": 2.5300885715e-17
    },
    "spectral_energy": {
        "dmean": 0.00997098069638,
        "dmean2": 0.0150156011805,
        "dvar": 0.000158023874974,
        "dvar2": 0.000328774243826,
        "max": 0.19052568078,
        "mean": 0.0356123074889,
        "median": 0.0337109267712,
        "min": 1.04993291981e-20,
        "var": 0.000405590631999
    },
    "spectral_energyband_high": {
        "dmean": 0.00171676359605,
        "dmean2": 0.00244431244209,
        "dvar": 7.67054825701e-06,
        "dvar2": 1.47351265696e-05,
        "max": 0.0496280603111,
        "mean": 0.00437950948253,
        "median": 0.00287351128645,
        "min": 7.49662964723e-21,
        "var": 2.66741226369e-05
    },
    "spectral_energyband_low": {
        "dmean": 0.00657439790666,
        "dmean2": 0.0101916594431,
        "dvar": 0.000161444273544,
        "dvar2": 0.000359273020877,
        "max": 0.143281236291,
        "mean": 0.0129235647619,
        "median": 0.00960767827928,
        "min": 1.39953428782e-22,
        "var": 0.000238981141592
    },
    "spectral_energyband_middle_high": {
        "dmean": 0.00238860049285,
        "dmean2": 0.00341179408133,
        "dvar": 2.01497423404e-05,
        "dvar2": 4.14789683418e-05,
        "max": 0.186348378658,
        "mean": 0.00720672402531,
        "median": 0.0038715635892,
        "min": 1.54099890904e-21,
        "var": 0.000105346829514
    },
    "spectral_energyband_middle_low": {
        "dmean": 0.00476318085566,
        "dmean2": 0.00763466348872,
        "dvar": 3.01532127196e-05,
        "dvar2": 7.23531120457e-05,
        "max": 0.114041388035,
        "mean": 0.0125109637156,
        "median": 0.0104998033494,
        "min": 2.11259133985e-22,
        "var": 7.98856053734e-05
    },
    "spectral_entropy": {
        "dmean": 0.140529423952,
        "dmean2": 0.198647871614,
        "dvar": 0.0172261595726,
        "dvar2": 0.0313959009945,
        "max": 9.81268310547,
        "mean": 8.06080341339,
        "median": 8.10116767883,
        "min": 5.51061344147,
        "var": 0.129208505154
    },
    "spectral_flux": {
        "dmean": 0.0249427836388,
        "dmean2": 0.0384757779539,
        "dvar": 0.000780376663897,
        "dvar2": 0.00175296224188,
        "max": 0.423797279596,
        "mean": 0.108142122626,
        "median": 0.103069864213,
        "min": 1.02466236884e-10,
        "var": 0.00221353862435
    },
    "spectral_kurtosis": {
        "dmean": 0.596427321434,
        "dmean2": 0.948732733727,
        "dvar": 2.02730631828,
        "dvar2": 5.19252252579,
        "max": 80.5208435059,
        "mean": 1.27966380119,
        "median": 0.944841623306,
        "min": -1.4762018919,
        "var": 7.02241563797
    },
    "spectral_rms": {
        "dmean": 0.000799193279818,
        "dmean2": 0.00118702580221,
        "dvar": 7.17183468169e-07,
        "dvar2": 1.37585129778e-06,
        "max": 0.0136337345466,
        "mean": 0.00564779760316,
        "median": 0.00573486788198,
        "min": 3.20050735046e-12,
        "var": 2.84590146293e-06
    },
    "spectral_rolloff": {
        "dmean": 1302.29272461,
        "dmean2": 2099.98681641,
        "dvar": 3108736.5,
        "dvar2": 6565869,
        "max": 18475.4882812,
        "mean": 3137.12524414,
        "median": 2088.72070312,
        "min": 64.599609375,
        "var": 8247496.5
    },
    "spectral_skewness": {
        "dmean": 0.150423407555,
        "dmean2": 0.231177896261,
        "dvar": 0.0259572267532,
        "dvar2": 0.0588810071349,
        "max": 6.77856588364,
        "mean": 1.06979882717,
        "median": 1.06891262531,
        "min": -0.327132225037,
        "var": 0.143678963184
    },
    "spectral_spread": {
        "dmean": 711609,
        "dmean2": 1004401.1875,
        "dvar": 702185406464,
        "dvar2": 1.11745263206e+12,
        "max": 41749816,
        "mean": 7382834,
        "median": 7311355.5,
        "min": 733956.125,
        "var": 4.0568881152e+12
    },
    "spectral_strongpeak": {
        "dmean": 0.608697593212,
        "dmean2": 1.03013777733,
        "dvar": 1.43592679501,
        "dvar2": 3.59535813332,
        "max": 22.2675380707,
        "mean": 0.989800333977,
        "median": 0.422910153866,
        "min": 0,
        "var": 2.47781586647
    },
    "zerocrossingrate": {
        "dmean": 0.0203018728644,
        "dmean2": 0.0228087157011,
        "dvar": 0.000489287485834,
        "dvar2": 0.000520662753843,
        "max": 0.693359375,
        "mean": 0.114000074565,
        "median": 0.10302734375,
        "min": 0.00732421875,
        "var": 0.00378054869361
    },
    "barkbands": {
        "dmean": [0.000298922823276, 0.00527240196243, 0.00210290681571, 0.0016951833386, 0.00222141831182, 0.000863815366756, 0.00114681362174, 0.000685371283907, 0.00105195178185, 0.000684324768372, 0.00086431496311, 0.000539885775652, 0.000373755290639, 0.000500003632624, 0.000416472088546, 0.000297008431517, 0.000236197927734, 0.000251306104474, 0.000219413937884, 0.000246360141318, 0.000238438195083, 0.000282280729152, 0.000390450499253, 0.000522345188074, 0.000446924124844, 0.000165319157531, 2.52045822435e-07],
        "dmean2": [0.000498191453516, 0.00837833061814, 0.00358333694749, 0.00287453853525, 0.00365491909906, 0.001389453304, 0.00185672799125, 0.00111782422755, 0.00166302220896, 0.00107283331454, 0.00135560811032, 0.000854221463669, 0.000594442186411, 0.000788586097769, 0.00065738480771, 0.000460378912976, 0.000368912966223, 0.000395322567783, 0.000346713146428, 0.000392280577216, 0.000395827955799, 0.000455295812571, 0.000619155354798, 0.000759864749853, 0.000622948224191, 0.00023918345687, 4.47513514246e-07],
        "dvar": [3.56419718628e-07, 0.00013891114213, 1.2958890693e-05, 5.73620582145e-06, 8.92982006917e-06, 2.53039524978e-06, 7.72467137722e-06, 2.44254033532e-06, 5.33751062903e-06, 6.72157921144e-06, 1.33605590236e-05, 4.77907815366e-06, 2.39670930569e-06, 1.51076233124e-06, 1.24560710901e-06, 8.27601866149e-07, 2.12156280099e-07, 1.68518894839e-07, 1.23169584754e-07, 1.46843333937e-07, 1.85740603342e-07, 2.07291861898e-07, 3.81800248306e-07, 1.08772633212e-06, 9.68413928604e-07, 1.49351620848e-07, 1.28915378806e-12],
        "dvar2": [8.68245933816e-07, 0.000324533233652, 3.73753537133e-05, 1.51639287651e-05, 2.26033098443e-05, 6.00409839535e-06, 1.8449180061e-05, 6.14917280473e-06, 1.27961739054e-05, 1.16044411698e-05, 2.90603911708e-05, 9.98242921924e-06, 5.96732206759e-06, 3.5266125451e-06, 3.0031303595e-06, 1.85612805126e-06, 4.70191423574e-07, 3.97272629016e-07, 2.83607789697e-07, 3.33510740802e-07, 4.86914245812e-07, 4.9717505135e-07, 8.90885644367e-07, 2.06834283745e-06, 1.70723023984e-06, 3.03703842519e-07, 3.76316556042e-12],
        "max": [0.00656152842566, 0.119684994221, 0.0400395691395, 0.038953255862, 0.0412425175309, 0.0344279259443, 0.10162897408, 0.0444587022066, 0.0569033920765, 0.181464105844, 0.161076784134, 0.111041978002, 0.0628785118461, 0.0270444955677, 0.0274363569915, 0.0380100086331, 0.0100355008617, 0.00813343469054, 0.00825533643365, 0.0102902445942, 0.00696530053392, 0.00976282637566, 0.0159792341292, 0.0206881109625, 0.0261744204909, 0.0109966462478, 4.56709858554e-05],
        "mean": [0.000351996481186, 0.00798014272004, 0.00332804908976, 0.00255661876872, 0.00397958979011, 0.00139634043444, 0.00172883330379, 0.000970940454863, 0.0016049197875, 0.00107181165367, 0.00149318296462, 0.000933014205657, 0.000505049829371, 0.000771974679083, 0.00057817803463, 0.000457403191831, 0.000407418614486, 0.000469988706755, 0.000420069263782, 0.000465942925075, 0.000417904870119, 0.000550553028006, 0.000808961864095, 0.00114354107063, 0.000941653910559, 0.00027794050402, 1.87328765833e-07],
        "median": [0.00011901090329, 0.0045523410663, 0.00197837641463, 0.00152122485451, 0.00262018456124, 0.000736967311241, 0.000634949770756, 0.000366258027498, 0.000483467854792, 0.00023280386813, 0.000324058433762, 0.000181746858289, 0.000145256883116, 0.000212780796573, 0.000198213994736, 0.000172917789314, 0.000197041343199, 0.0002532833023, 0.000245707924478, 0.000272113655228, 0.000250628945651, 0.000346703687683, 0.00056284799939, 0.000656381656881, 0.00046336860396, 9.71823683358e-05, 7.24373583338e-09],
        "min": [6.1767404982e-23, 9.02837816504e-24, 7.45986504349e-23, 2.78096693155e-23, 1.04261726359e-23, 3.59458513188e-23, 4.01235229888e-23, 2.2227112104e-23, 6.76326678539e-23, 6.359135868e-23, 7.87836395786e-23, 8.92314838013e-23, 8.03447322012e-23, 1.59445083656e-22, 1.31896722938e-22, 1.93318329164e-22, 1.90484475735e-22, 2.22227216198e-22, 2.44741710329e-22, 2.43965218763e-22, 3.37279764568e-22, 6.42959856488e-22, 6.3211926682e-22, 8.97088077579e-22, 1.39871435211e-21, 1.77892723405e-21, 1.87495813718e-21],
        "var": [3.85454654861e-07, 0.000161112635396, 1.59106075444e-05, 1.05432791315e-05, 1.88088342838e-05, 5.08647690367e-06, 1.40001602631e-05, 3.80508367925e-06, 9.1754609457e-06, 1.65901565197e-05, 3.02071894112e-05, 1.70227758645e-05, 2.71155818155e-06, 3.20383560393e-06, 1.65622452641e-06, 1.29312309127e-06, 4.68817603405e-07, 4.02691455292e-07, 3.17930556548e-07, 3.64910277995e-07, 2.50840457738e-07, 3.88951633568e-07, 7.71797829202e-07, 3.24845268551e-06, 3.22376490658e-06, 3.66082616665e-07, 8.6963812887e-13]
    },
    "erbbands": {
        "dmean": [0.179638192058, 1.16817188263, 2.42651081085, 3.59253358841, 7.5999622345, 7.88642883301, 7.26585769653, 6.69779157639, 12.8462162018, 18.5252323151, 15.7271165848, 21.3610076904, 22.2393875122, 25.7618427277, 30.0112037659, 17.8910484314, 14.752746582, 21.406873703, 21.5230865479, 18.4691143036, 14.9733695984, 13.1805858612, 12.3261184692, 11.7885217667, 10.2845821381, 11.4272537231, 9.39097976685, 10.4950199127, 9.6555185318, 12.1578903198, 10.8743505478, 10.6610565186, 9.25920963287, 6.35247659683, 2.60234642029, 1.13956534863, 0.229507520795, 0.00702974991873, 0.000210753627471, 2.74420617643e-05],
        "dmean2": [0.289648592472, 1.90560317039, 4.14745187759, 6.02047777176, 12.6453943253, 13.0369586945, 11.8512048721, 10.7766609192, 20.523267746, 30.2984714508, 25.3000564575, 33.710357666, 35.0742416382, 39.1163024902, 45.578994751, 27.5945835114, 22.9129676819, 33.4874916077, 33.4142189026, 28.3357448578, 23.023683548, 20.1415672302, 19.2394924164, 18.2791252136, 16.0239028931, 18.2470397949, 15.1944208145, 17.8331298828, 15.6279888153, 19.6078300476, 17.0588665009, 16.0374698639, 13.3652572632, 9.03823661804, 3.71375846863, 1.64043152332, 0.337454527617, 0.0102466056123, 0.00029667178751, 3.71870446543e-05],
        "dvar": [0.197882428765, 6.6465382576, 20.5981407166, 20.8138408661, 136.311050415, 138.552047729, 151.061248779, 208.173492432, 1342.84204102, 1987.8651123, 1228.57666016, 2604.58398438, 3982.82373047, 10814.2099609, 12447.9599609, 3459.13256836, 2911.09814453, 3957.4453125, 3008.15649414, 2497.94555664, 1912.89453125, 705.537902832, 448.354736328, 346.01071167, 280.479736328, 335.324737549, 234.925460815, 431.878479004, 225.206604004, 405.171905518, 301.820129395, 432.678833008, 376.32232666, 225.574005127, 28.4989547729, 6.87291955948, 0.296796143055, 0.000297094200505, 2.28009938041e-07, 2.03453298653e-09],
        "dvar2": [0.456981062889, 16.9240531921, 59.6926078796, 55.2717170715, 356.36114502, 340.634338379, 371.903076172, 478.806945801, 3163.02905273, 4838.52246094, 3171.69262695, 6293.25878906, 7936.06396484, 20069.6015625, 22638.5078125, 6787.53808594, 6971.328125, 9438.8359375, 7071.61474609, 5461.41210938, 4558.25146484, 1530.06689453, 1039.06787109, 782.87322998, 608.938415527, 781.717773438, 596.476623535, 1161.59606934, 541.469970703, 982.133483887, 685.930480957, 898.59161377, 705.39654541, 404.82043457, 58.1188163757, 13.8144340515, 0.6362195611, 0.000654690375086, 4.56923515912e-07, 3.75241260286e-09],
        "max": [5.18704128265, 26.6394710541, 51.6942825317, 71.3845672607, 175.887634277, 247.350524902, 289.121063232, 376.748352051, 1642.24157715, 1278.71130371, 1019.70727539, 1108.80090332, 3631.25610352, 6841.15332031, 6225.63330078, 3479.06689453, 2319.50390625, 1792.34765625, 1576.85644531, 1633.89770508, 2141.03808594, 643.183288574, 464.497802734, 345.458068848, 545.96887207, 460.101318359, 323.488800049, 269.124969482, 228.5287323, 636.771728516, 479.00213623, 460.056427002, 400.357666016, 417.269256592, 125.950523376, 69.994102478, 16.2787456512, 0.442646682262, 0.0111834099516, 0.00101565162186],
        "mean": [0.250261992216, 1.70043706894, 3.92594742775, 6.5240240097, 11.8719043732, 12.94348526, 12.0348939896, 11.0425930023, 20.4685497284, 26.4480876923, 24.8732910156, 32.847946167, 36.0779876709, 43.189201355, 55.6099243164, 33.5422554016, 23.0056495667, 34.7058830261, 35.1254653931, 29.8400306702, 25.6432495117, 24.619474411, 24.2177753448, 23.8139400482, 21.395483017, 21.6695919037, 17.3626194, 17.2016620636, 18.7689647675, 23.457736969, 22.8867855072, 22.3129138947, 19.6197319031, 12.8888473511, 5.17040348053, 2.01457977295, 0.358100175858, 0.0108537850901, 0.000396465300582, 8.6293919594e-05],
        "median": [0.107331633568, 1.0323112011, 2.52395796776, 4.39792203903, 7.54040002823, 7.66698789597, 6.47147846222, 5.54481220245, 7.30302000046, 10.9517583847, 11.0108184814, 10.0364656448, 10.5819330215, 11.9380760193, 12.005191803, 8.2506313324, 7.61107730865, 10.103477478, 11.4494409561, 11.6568670273, 11.2036409378, 12.3223991394, 13.3900709152, 14.3865385056, 12.7802562714, 12.8391027451, 10.4879198074, 9.77362823486, 11.7399559021, 15.6145029068, 15.998591423, 13.1836299896, 10.8357782364, 6.30778646469, 2.5892329216, 0.788702607155, 0.111292459071, 0.00321819912642, 0.000163733755471, 6.74682305544e-05],
        "min": [7.97169667902e-22, 1.91579452537e-21, 5.42357447609e-20, 1.33558442859e-19, 3.92838283412e-20, 3.69232939799e-20, 6.8084434888e-20, 3.46769234678e-19, 7.81226903815e-19, 2.88677761975e-19, 6.27257262354e-19, 1.48401733662e-18, 1.4088539159e-18, 2.39521520098e-18, 4.3294120409e-18, 3.66489442786e-18, 3.3296631478e-18, 7.79785396841e-18, 7.11558795455e-18, 7.23543898069e-18, 1.20755771472e-17, 1.04206807362e-17, 1.11158234707e-17, 1.40338387391e-17, 9.61649988062e-18, 1.33297880966e-17, 1.53365903012e-17, 1.31752575233e-17, 2.20704625272e-17, 1.8328214718e-17, 2.16870742395e-17, 1.80953799192e-17, 1.44066010647e-17, 1.61563610298e-17, 1.01865869685e-17, 5.62003630807e-18, 3.83706338697e-18, 1.1329175271e-18, 2.79542560236e-19, 2.57104116435e-20],
        "var": [0.21633580327, 6.91307258606, 22.4136753082, 47.5710716248, 210.189666748, 283.428833008, 339.700256348, 401.662689209, 2838.97119141, 2839.51977539, 1990.83947754, 4296.57861328, 9021.87011719, 24221.1445312, 41602.046875, 15146.9775391, 4069.65478516, 7002.70556641, 6182.09716797, 4448.65478516, 3057.96875, 1664.16699219, 1145.70605469, 836.043945312, 852.182373047, 783.800964355, 412.299194336, 488.385192871, 438.040405273, 730.19744873, 629.534606934, 1057.17028809, 1151.06689453, 705.884460449, 78.0539932251, 17.660982132, 0.644025862217, 0.000627510307822, 5.98081896896e-07, 7.10895076139e-09]
    },
    "gfcc": {
        "mean": [51.9044265747, 54.4793891907, -102.425773621, 46.7201728821, -75.9306564331, 32.5646896362, -48.708568573, 17.991027832, -27.6527328491, 0.634057402611, -18.3954963684, -2.55592942238, -10.6338596344],
        "cov": [[3693.72094727, -840.782531738, 673.684936523, 188.629516602, 120.121421814, 296.923278809, -173.150466919, 360.005065918, -244.079193115, 360.178070068, -141.813720703, 244.034896851, -111.442260742], [-840.782531738, 980.146911621, -262.147125244, 59.007358551, 125.471382141, -51.3226470947, 140.452651978, -69.7933273315, 136.058441162, -140.524932861, 136.501190186, -118.352218628, 75.4557266235], [673.684936523, -262.147125244, 1373.03051758, 490.473571777, 253.879882812, 172.202407837, -117.076637268, 169.420410156, -114.795440674, 259.565155029, -119.905586243, 204.481338501, -48.8028945923], [188.629516602, 59.007358551, 490.473571777, 530.133972168, 158.54486084, 55.2566680908, -23.7213897705, 72.6249389648, 32.0449829102, 51.2895812988, -4.78558731079, 46.8064155579, 32.6722984314], [120.121421814, 125.471382141, 253.879882812, 158.54486084, 261.596069336, 102.950210571, 54.1188659668, 79.615562439, 4.38154602051, 60.1076164246, -4.16552639008, 34.6198234558, -6.23812866211], [296.923278809, -51.3226470947, 172.202407837, 55.2566680908, 102.950210571, 226.813827515, 91.2345275879, 59.4274139404, -35.2017669678, 56.4263343811, 14.0338516235, 12.1661300659, 0.47602725029], [-173.150466919, 140.452651978, -117.076637268, -23.7213897705, 54.1188659668, 91.2345275879, 187.097335815, 23.7272186279, 16.0810661316, -21.3252639771, 44.3747444153, -30.1582641602, 10.0908107758], [360.005065918, -69.7933273315, 169.420410156, 72.6249389648, 79.615562439, 59.4274139404, 23.7272186279, 158.804138184, 23.0043582916, 57.8545761108, -17.9972190857, 47.2237930298, -2.81998586655], [-244.079193115, 136.058441162, -114.795440674, 32.0449829102, 4.38154602051, -35.2017669678, 16.0810661316, 23.0043582916, 149.665679932, -22.002281189, 26.5711650848, -26.8405056, 32.1725578308], [360.178070068, -140.524932861, 259.565155029, 51.2895812988, 60.1076164246, 56.4263343811, -21.3252639771, 57.8545761108, -22.002281189, 152.512985229, -11.319103241, 60.299987793, -27.3353538513], [-141.813720703, 136.501190186, -119.905586243, -4.78558731079, -4.16552639008, 14.0338516235, 44.3747444153, -17.9972190857, 26.5711650848, -11.319103241, 106.411079407, -9.13684177399, 21.2091026306], [244.034896851, -118.352218628, 204.481338501, 46.8064155579, 34.6198234558, 12.1661300659, -30.1582641602, 47.2237930298, -26.8405056, 60.299987793, -9.13684177399, 116.800888062, 5.95466995239], [-111.442260742, 75.4557266235, -48.8028945923, 32.6722984314, -6.23812866211, 0.47602725029, 10.0908107758, -2.81998586655, 32.1725578308, -27.3353538513, 21.2091026306, 5.95466995239, 73.7977676392]],
        "icov": [[0.000730621337425, -0.000164402881637, 0.000726308266167, -0.000578943756409, 0.000497167173307, -0.00123095477466, 0.00125411013141, -0.00161222286988, 0.00121965620201, -0.00116706767585, 0.000714622437954, -0.000874440302141, 0.000726083759218], [-0.000164402881637, 0.00267736124806, -0.000948712229729, 0.000652493268717, -0.00244963751175, 0.00219002482481, -0.00161080434918, 0.00124526792206, -0.00129808287602, 0.00192334596068, -0.00306359725073, 0.00260069128126, -0.00190645130351], [0.000726308266167, -0.000948712229729, 0.00360028329305, -0.00261276005767, 0.000768959405832, -0.00293407822028, 0.00264411070384, -0.00195656367578, 0.00242155976593, -0.00349172973074, 0.00337167480029, -0.00367410201579, 0.00223046867177], [-0.000578943756409, 0.000652493268717, -0.00261276005767, 0.00450114347041, -0.00211785081774, 0.00190434954129, -0.000923445448279, 0.00114910234697, -0.00218414748088, 0.00242829765193, -0.00249882857315, 0.00256530335173, -0.00292034493759], [0.000497167173307, -0.00244963751175, 0.000768959405832, -0.00211785081774, 0.00877648685127, -0.00384803116322, 0.000320718769217, -0.00283499644138, 0.00106800883077, -0.00268717086874, 0.00335322436877, -0.00325571116991, 0.00315414997749], [-0.00123095477466, 0.00219002482481, -0.00293407822028, 0.00190434954129, -0.00384803116322, 0.0120131857693, -0.00690255127847, 0.00173085625283, -0.000153225744725, 0.00118397036567, -0.00458997115493, 0.00581694766879, -0.00491920020431], [0.00125411013141, -0.00161080434918, 0.00264411070384, -0.000923445448279, 0.000320718769217, -0.00690255127847, 0.012284190394, -0.0046749394387, 0.00242748879828, -0.00121553638019, 0.000311028037686, -0.00174094887916, 0.00245409761555], [-0.00161222286988, 0.00124526792206, -0.00195656367578, 0.00114910234697, -0.00283499644138, 0.00173085625283, -0.0046749394387, 0.01411952544, -0.00636562658474, 0.0015922539169, 1.11638419185e-05, -0.000886001507752, -0.00114932982251], [0.00121965620201, -0.00129808287602, 0.00242155976593, -0.00218414748088, 0.00106800883077, -0.000153225744725, 0.00242748879828, -0.00636562658474, 0.0126792835072, -0.00382548081689, 0.000776263477746, 0.000722075346857, -0.00197243271396], [-0.00116706767585, 0.00192334596068, -0.00349172973074, 0.00242829765193, -0.00268717086874, 0.00118397036567, -0.00121553638019, 0.0015922539169, -0.00382548081689, 0.015491980128, -0.00509082665667, -0.000122277473565, 0.00175819522701], [0.000714622437954, -0.00306359725073, 0.00337167480029, -0.00249882857315, 0.00335322436877, -0.00458997115493, 0.000311028037686, 1.11638419185e-05, 0.000776263477746, -0.00509082665667, 0.0171084217727, -0.00585244083777, 0.00114979047794], [-0.000874440302141, 0.00260069128126, -0.00367410201579, 0.00256530335173, -0.00325571116991, 0.00581694766879, -0.00174094887916, -0.000886001507752, 0.000722075346857, -0.000122277473565, -0.00585244083777, 0.0188674330711, -0.00785410124809], [0.000726083759218, -0.00190645130351, 0.00223046867177, -0.00292034493759, 0.00315414997749, -0.00491920020431, 0.00245409761555, -0.00114932982251, -0.00197243271396, 0.00175819522701, 0.00114979047794, -0.00785410124809, 0.0210975371301]]
    },
    "melbands": {
        "dmean": [0.00150569831021, 0.00127835397143, 0.000724188226741, 0.00053560588276, 0.000263506197371, 0.000158611117513, 0.000199435264221, 0.00018973366241, 0.000140789561556, 0.00013822998153, 0.000115249415103, 0.000106366125692, 0.000117183517432, 6.64598483127e-05, 3.78466320399e-05, 3.92237234337e-05, 4.30232721556e-05, 3.97421063099e-05, 2.99675484712e-05, 2.09312929655e-05, 1.89636248251e-05, 1.59176706802e-05, 1.0499502423e-05, 1.3632043192e-05, 1.02615576907e-05, 8.85700410436e-06, 8.32117802929e-06, 8.26811265142e-06, 6.71856150802e-06, 5.28077998752e-06, 7.14255020284e-06, 5.69055691813e-06, 6.04649585512e-06, 7.7148906712e-06, 6.75107366988e-06, 6.33553918306e-06, 7.28829172658e-06, 7.18672163202e-06, 6.55532721794e-06, 5.28724285687e-06],
        "dmean2": [0.00240154075436, 0.00214521284215, 0.00121457700152, 0.000883181870449, 0.000431112130173, 0.000252643338172, 0.00032104755519, 0.000309360795654, 0.000226068485063, 0.000218794535613, 0.000182517062058, 0.000161210031365, 0.000178193877218, 0.00010162518447, 5.87645954511e-05, 6.23963424005e-05, 6.7505374318e-05, 6.20746068307e-05, 4.75935303257e-05, 3.22186606354e-05, 2.98372433463e-05, 2.47070147452e-05, 1.66846039065e-05, 2.15938925976e-05, 1.6168682123e-05, 1.40221309266e-05, 1.32785553433e-05, 1.32839531943e-05, 1.0984972505e-05, 8.66510708875e-06, 1.23242753034e-05, 9.3795824796e-06, 9.68496351561e-06, 1.26282920974e-05, 1.07665473479e-05, 9.91139222606e-06, 1.10477112685e-05, 1.06289089672e-05, 9.73068836174e-06, 7.66750508774e-06],
        "dvar": [1.24697180581e-05, 6.46484522804e-06, 9.34297247568e-07, 5.41711813185e-07, 1.65987245282e-07, 1.06281262902e-07, 2.69348134907e-07, 1.8906884236e-07, 9.60146593343e-08, 1.07237646318e-07, 1.1308369352e-07, 1.83763489758e-07, 2.0979167914e-07, 7.4364443492e-08, 1.35489139907e-08, 2.75346536682e-08, 1.50043089064e-08, 1.09874003229e-08, 7.33805372022e-09, 4.01166744268e-09, 3.61510910096e-09, 1.13452824912e-09, 3.28804511396e-10, 5.49370882119e-10, 2.90519663881e-10, 2.25558238753e-10, 2.37376202028e-10, 2.02975553032e-10, 1.32889269033e-10, 7.32668994918e-11, 2.16927129038e-10, 8.04195599002e-11, 8.90758161676e-11, 1.63396962627e-10, 1.12117280737e-10, 1.1180880527e-10, 2.39716746453e-10, 2.56694276946e-10, 2.13336376342e-10, 1.64868910191e-10],
        "dvar2": [2.8533006116e-05, 1.77510173671e-05, 2.48293486038e-06, 1.36258972816e-06, 4.0543611135e-07, 2.42362716563e-07, 6.25806535481e-07, 4.5380036795e-07, 2.41060405415e-07, 2.57963478134e-07, 2.21682526558e-07, 3.26074427903e-07, 4.29725218964e-07, 1.42606964459e-07, 2.94762276809e-08, 7.08828835627e-08, 3.47304194293e-08, 2.61060115747e-08, 1.78960739561e-08, 7.87063481056e-09, 8.77331007842e-09, 2.4735631321e-09, 7.77705067012e-10, 1.31199262565e-09, 6.69543420706e-10, 5.07158481877e-10, 5.09523645498e-10, 4.81107043093e-10, 3.34747757291e-10, 1.870658628e-10, 5.96652671714e-10, 1.9569644516e-10, 2.12217715623e-10, 4.07484351816e-10, 2.56311305513e-10, 2.63530169908e-10, 4.9464193852e-10, 5.06835240444e-10, 4.33011654311e-10, 3.10131281767e-10],
        "max": [0.0368668176234, 0.0314998067915, 0.0150062991306, 0.0112511673942, 0.00875858031213, 0.00876000802964, 0.0217792801559, 0.0118299806491, 0.00953774619848, 0.00697323633358, 0.020040076226, 0.0288389883935, 0.0218451842666, 0.0169093720615, 0.00468740379438, 0.00680077821016, 0.00300590298139, 0.00252519524656, 0.00287626357749, 0.00362516287714, 0.00345669430681, 0.000902545056306, 0.000351165741449, 0.000453106855275, 0.000347017135937, 0.000486990989884, 0.00062379881274, 0.000437781680375, 0.00025686059962, 0.000137298382469, 0.000194069143618, 0.00014635642583, 0.000231545374845, 0.000387114909245, 0.000310874922434, 0.000231863450608, 0.000337027129717, 0.000362066115486, 0.000308337621391, 0.000367760716472],
        "mean": [0.00221735890955, 0.00214860890992, 0.00130258686841, 0.000927164277527, 0.000452989130281, 0.000264254485955, 0.000315638113534, 0.000271833996521, 0.000216256143176, 0.000208521698369, 0.000180958522833, 0.000169423408806, 0.000208692654269, 0.000117941068311, 5.82202810619e-05, 5.38912318007e-05, 6.4911066147e-05, 6.06937828707e-05, 4.31338303315e-05, 3.21798106597e-05, 2.96798170893e-05, 2.67847608484e-05, 1.86701618077e-05, 2.41809266299e-05, 1.86192028195e-05, 1.63287786563e-05, 1.5437066395e-05, 1.40811280289e-05, 1.1350607565e-05, 8.95344783203e-06, 1.04095879578e-05, 1.01966725197e-05, 1.13111673272e-05, 1.37972965604e-05, 1.32687118821e-05, 1.2483903447e-05, 1.42717135532e-05, 1.42962462633e-05, 1.26964778246e-05, 1.01408413684e-05],
        "median": [0.00112597190309, 0.00152387854178, 0.000949758221395, 0.000606636109296, 0.000258402375039, 0.000134749119752, 0.000117994728498, 0.000107742285763, 8.54044337757e-05, 5.89231567574e-05, 4.80525741295e-05, 4.30803083873e-05, 4.38814058725e-05, 1.97371955437e-05, 1.71602860064e-05, 1.54612098413e-05, 1.74114793481e-05, 1.63751374203e-05, 1.4734961951e-05, 1.1689375242e-05, 1.20516306197e-05, 1.23417194118e-05, 9.40999234444e-06, 1.27613811856e-05, 1.03722104541e-05, 9.30736860028e-06, 8.361138498e-06, 7.75397347752e-06, 6.46836679152e-06, 5.07866525368e-06, 5.63832008993e-06, 6.03542366662e-06, 7.19968056728e-06, 8.93170818017e-06, 9.18561454455e-06, 8.1044554463e-06, 7.76165325078e-06, 7.56636472943e-06, 6.54941823086e-06, 4.82744098917e-06],
        "min": [8.5887593932e-24, 2.05190531171e-23, 1.93419006748e-23, 2.64886534933e-24, 1.8236823298e-24, 8.48857563595e-24, 1.08823196214e-23, 3.47639365233e-24, 5.57993069914e-24, 9.82378898236e-24, 7.23522396341e-24, 9.52823198902e-24, 1.24974168727e-23, 1.21576671026e-23, 6.67140850837e-24, 8.39226124145e-24, 1.60304061674e-23, 1.14669412829e-23, 9.73717994357e-24, 9.96968407361e-24, 1.53389727394e-23, 1.02405047555e-23, 1.06485059823e-23, 1.14857895365e-23, 1.14611478884e-23, 7.774893175e-24, 5.70163024314e-24, 9.67535770329e-24, 9.70091364118e-24, 8.36178991127e-24, 7.43855996148e-24, 1.35587172024e-23, 1.13545191375e-23, 9.1029050102e-24, 1.33604149258e-23, 9.94341973863e-24, 1.19098456604e-23, 9.90608374085e-24, 9.36396511615e-24, 1.55670245385e-23],
        "var": [1.4218193428e-05, 6.94130903867e-06, 1.7165951931e-06, 1.08290043954e-06, 4.09775680055e-07, 2.12626758866e-07, 5.73655199787e-07, 2.83669720602e-07, 1.58925274718e-07, 1.77402654344e-07, 2.52643332033e-07, 4.11907819853e-07, 5.75006197323e-07, 3.35403655072e-07, 3.18248218889e-08, 3.1509802767e-08, 2.61828194681e-08, 2.42241764425e-08, 9.84942261084e-09, 7.63890817268e-09, 5.48556045032e-09, 2.46473041976e-09, 7.25758730891e-10, 1.21500332018e-09, 6.15617778976e-10, 5.8893312449e-10, 6.08008865477e-10, 4.34236285818e-10, 2.24280469197e-10, 1.17730075688e-10, 2.13258619097e-10, 1.42352227228e-10, 1.69694466812e-10, 2.71896061221e-10, 2.2414287093e-10, 2.19269435942e-10, 5.6274590543e-10, 7.00060287517e-10, 5.85318571389e-10, 4.72574479549e-10]
    },
    "mfcc": {
        "mean": [-588.535095215, 75.4656677246, 28.8643493652, 13.176281929, 7.73154401779, 3.64024496078, 0.217526644468, 7.01176309586, -0.556747555733, 3.6581633091, -2.24203562737, -3.3635058403, -3.08117628098],
        "cov": [[2627.38842773, -485.960723877, 126.31060791, 33.200969696, 142.555099487, -6.06151485443, 146.220413208, 15.6604175568, 29.1722011566, 86.5187911987, 40.3570289612, -0.835895061493, 96.2405395508], [-485.960723877, 637.870483398, -150.522766113, -22.3463153839, 9.65042877197, 7.05200004578, 41.4477005005, 47.5997467041, -13.9327039719, 52.5112190247, 14.2534132004, -8.41333293915, 3.34130573273], [126.31060791, -150.522766113, 867.672973633, 360.696014404, 318.915893555, 139.165969849, 87.152961731, -17.3952064514, 86.3948974609, -59.941608429, 43.7683677673, 65.7980194092, 50.5661201477], [33.200969696, -22.3463153839, 360.696014404, 446.208312988, 238.002471924, 61.7649307251, 14.185049057, 29.8738822937, 68.3500747681, -15.4378957748, 10.4462156296, 55.6644935608, 38.6730499268], [142.555099487, 9.65042877197, 318.915893555, 238.002471924, 302.508331299, 76.6431732178, 44.3963546753, 29.8008499146, 66.0444793701, 14.882642746, 22.9689235687, 36.4570198059, 45.8394889832], [-6.06151485443, 7.05200004578, 139.165969849, 61.7649307251, 76.6431732178, 171.422531128, 111.187561035, 12.5965776443, 22.6062736511, 20.6640415192, 30.528591156, 5.19990968704, 4.77088403702], [146.220413208, 41.4477005005, 87.152961731, 14.185049057, 44.3963546753, 111.187561035, 228.315734863, 56.0247993469, 5.84717178345, 47.6234207153, 34.8366966248, -13.0511980057, 24.4048786163], [15.6604175568, 47.5997467041, -17.3952064514, 29.8738822937, 29.8008499146, 12.5965776443, 56.0247993469, 120.893218994, 48.3694419861, 27.6865406036, 6.46060037613, 11.7353343964, 16.4849853516], [29.1722011566, -13.9327039719, 86.3948974609, 68.3500747681, 66.0444793701, 22.6062736511, 5.84717178345, 48.3694419861, 113.23462677, 32.7649993896, 7.72667646408, 16.2847862244, 10.6590795517], [86.5187911987, 52.5112190247, -59.941608429, -15.4378957748, 14.882642746, 20.6640415192, 47.6234207153, 27.6865406036, 32.7649993896, 119.494163513, 37.0411911011, -18.2309932709, -0.757928073406], [40.3570289612, 14.2534132004, 43.7683677673, 10.4462156296, 22.9689235687, 30.528591156, 34.8366966248, 6.46060037613, 7.72667646408, 37.0411911011, 82.2275772095, 26.3567295074, -1.04018509388], [-0.835895061493, -8.41333293915, 65.7980194092, 55.6644935608, 36.4570198059, 5.19990968704, -13.0511980057, 11.7353343964, 16.2847862244, -18.2309932709, 26.3567295074, 89.5970001221, 33.9226951599], [96.2405395508, 3.34130573273, 50.5661201477, 38.6730499268, 45.8394889832, 4.77088403702, 24.4048786163, 16.4849853516, 10.6590795517, -0.757928073406, -1.04018509388, 33.9226951599, 83.577293396]],
