{
"lowlevel": {
    "average_loudness": 0.877644836903,
    "barkbands_crest": {
        "dmean": 3.28599238396,
        "dmean2": 5.37289524078,
        "dvar": 9.04762935638,
        "dvar2": 23.018913269,
        "max": 25.4954872131,
        "mean": 10.7240533829,
        "median": 9.58427047729,
        "min": 2.21802425385,
        "var": 23.9079246521
    },
    "barkbands_flatness_db": {
        "dmean": 0.0281047038734,
        "dmean2": 0.0429438464344,
        "dvar": 0.0007202855777,
        "dvar2": 0.00161168607883,
        "max": 0.440138697624,
        "mean": 0.160271495581,
        "median": 0.154402539134,
        "min": 0.0277094822377,
        "var": 0.0038447282277
    },
    "barkbands_kurtosis": {
        "dmean": 6.37969970703,
        "dmean2": 10.2477560043,
        "dvar": 347.31149292,
        "dvar2": 847.017883301,
        "max": 546.824890137,
        "mean": 7.65043354034,
        "median": 1.19588708878,
        "min": -1.96708142757,
        "var": 516.226867676
    },
    "barkbands_skewness": {
        "dmean": 0.8274102211,
        "dmean2": 1.26396858692,
        "dvar": 1.11893975735,
        "dvar2": 2.51207542419,
        "max": 20.4803714752,
        "mean": 1.73560357094,
        "median": 1.27639532089,
        "min": -4.44841003418,
        "var": 3.62830448151
    },
    "barkbands_spread": {
        "dmean": 7.60205888748,
        "dmean2": 11.6329479218,
        "dvar": 90.3087081909,
        "dvar2": 194.977783203,
        "max": 123.428398132,
        "mean": 24.848777771,
        "median": 20.9312038422,
        "min": 0.303178340197,
        "var": 308.471954346
    },
    "dissonance": {
        "dmean": 0.0178703777492,
        "dmean2": 0.0300007443875,
        "dvar": 0.000353420386091,
        "dvar2": 0.000935720803682,
        "max": 0.5,
        "mean": 0.468839973211,
        "median": 0.477175980806,
        "min": 0.14065335691,
        "var": 0.000830735603813
    },
    "dynamic_complexity": 3.15333747864,
    "erbbands_crest": {
        "dmean": 2.91038417816,
        "dmean2": 4.74858093262,
        "dvar": 7.29482364655,
        "dvar2": 18.2484741211,
        "max": 30.8285884857,
        "mean": 8.87673473358,
        "median": 7.88067150116,
        "min": 2.18324899673,
        "var": 20.0135822296
    },
    "erbbands_flatness_db": {
        "dmean": 0.0224428363144,
        "dmean2": 0.0317669846117,
        "dvar": 0.000448974256869,
        "dvar2": 0.000781070091762,
        "max": 0.455602437258,
        "mean": 0.166368037462,
        "median": 0.159118413925,
        "min": 0.0488011203706,
        "var": 0.00356081034988
    },
    "erbbands_kurtosis": {
        "dmean": 1.2125916481,
        "dmean2": 1.90294265747,
        "dvar": 3.89781093597,
        "dvar2": 8.84280204773,
        "max": 50.5529975891,
        "mean": 0.759858012199,
        "median": -0.103284597397,
        "min": -1.7334843874,
        "var": 8.02291202545
    },
    "erbbands_skewness": {
        "dmean": 0.430234849453,
        "dmean2": 0.646433770657,
        "dvar": 0.165567487478,
        "dvar2": 0.338278561831,
        "max": 5.87418842316,
        "mean": 0.132101982832,
        "median": 0.143015652895,
        "min": -4.71099948883,
        "var": 0.926545023918
    },
    "erbbands_spread": {
        "dmean": 10.3792867661,
        "dmean2": 15.8346376419,
        "dvar": 144.200912476,
        "dvar2": 296.327789307,
        "max": 147.752456665,
        "mean": 41.0986328125,
        "median": 36.3732032776,
        "min": 1.31162703037,
        "var": 533.147766113
    },
    "hfc": {
        "dmean": 8.18505096436,
        "dmean2": 11.4839859009,
        "dvar": 172.883117676,
        "dvar2": 309.627868652,
        "max": 336.941986084,
        "mean": 21.726316452,
        "median": 14.2544393539,
        "min": 1.12426868378e-16,
        "var": 560.806274414
    },
    "melbands_crest": {
        "dmean": 4.32978439331,
        "dmean2": 7.05211448669,
        "dvar": 15.1653633118,
        "dvar2": 37.8532600403,
        "max": 36.9430046082,
        "mean": 15.7906808853,
        "median": 14.8083410263,
        "min": 2.28481531143,
        "var": 43.9929771423
    },
    "melbands_flatness_db": {
        "dmean": 0.0341107696295,
        "dmean2": 0.0514012202621,
        "dvar": 0.0011195638217,
        "dvar2": 0.00238238926977,
        "max": 0.528833568096,
        "mean": 0.203233137727,
        "median": 0.193793073297,
        "min": 0.00836659502238,
        "var": 0.00719721103087
    },
    "melbands_kurtosis": {
        "dmean": 16.9389476776,
        "dmean2": 27.4771499634,
        "dvar": 1863.02416992,
        "dvar2": 4609.07568359,
        "max": 1274.42175293,
        "mean": 24.577085495,
        "median": 6.80276298523,
        "min": -1.78697991371,
        "var": 2983.08959961
    },
    "melbands_skewness": {
        "dmean": 1.17400085926,
        "dmean2": 1.82295167446,
        "dvar": 2.32450509071,
        "dvar2": 5.19332695007,
        "max": 25.2678661346,
        "mean": 3.15155243874,
        "median": 2.30669236183,
        "min": -1.58991956711,
        "var": 7.47842788696
    },
    "melbands_spread": {
        "dmean": 10.0836553574,
        "dmean2": 15.4209384918,
        "dvar": 207.601577759,
        "dvar2": 447.559997559,
        "max": 275.936676025,
        "mean": 27.0018825531,
        "median": 21.2213401794,
        "min": 0.259386152029,
        "var": 614.797546387
    },
    "pitch_salience": {
        "dmean": 0.0940220281482,
        "dmean2": 0.151122942567,
        "dvar": 0.00742020830512,
        "dvar2": 0.0188929457217,
        "max": 0.895362377167,
        "mean": 0.541530787945,
        "median": 0.550682127476,
        "min": 0.0537071116269,
        "var": 0.0215352959931
    },
    "silence_rate_20dB": {
        "dmean": 0,
        "dmean2": 0,
        "dvar": 0,
        "dvar2": 0,
        "max": 1,
        "mean": 1,
        "median": 1,
        "min": 1,
        "var": 0
    },
    "silence_rate_30dB": {
        "dmean": 0,
        "dmean2": 0,
        "dvar": 0,
        "dvar2": 0,
        "max": 1,
        "mean": 1,
        "median": 1,
        "min": 1,
        "var": 0
    },
    "silence_rate_60dB": {
        "dmean": 0.0297297295183,
        "dmean2": 0.0594667643309,
        "dvar": 0.0288467016071,
        "dvar2": 0.064534150064,
        "max": 1,
        "mean": 0.0655939057469,
        "median": 0,
        "min": 0,
        "var": 0.0612914226949
    },
    "spectral_centroid": {
        "dmean": 321.149963379,
        "dmean2": 483.906280518,
        "dvar": 127969.835938,
        "dvar2": 249855.203125,
        "max": 10758.2851562,
        "mean": 1537.55358887,
        "median": 1441.29125977,
        "min": 174.496871948,
        "var": 612831.25
    },
    "spectral_complexity": {
        "dmean": 4.55749368668,
        "dmean2": 6.56984901428,
        "dvar": 21.5755310059,
        "dvar2": 38.9466056824,
        "max": 59,
        "mean": 18.1137447357,
        "median": 17,
        "min": 0,
        "var": 115.829620361
    },
    "spectral_decrease": {
        "dmean": 2.63743049622e-09,
        "dmean2": 4.28035384914e-09,
        "dvar": 1.00223717646e-17,
        "dvar2": 2.68849068096e-17,
        "max": -3.06407536022e-30,
        "mean": -6.59366161671e-09,
        "median": -5.68674529688e-09,
        "min": -3.01338545228e-08,
        "var": 2.41458917713e-17
    },
    "spectral_energy": {
        "dmean": 0.0104212928563,
        "dmean2": 0.0167963821441,
        "dvar": 0.000148471401189,
        "dvar2": 0.000395238370402,
        "max": 0.117228381336,
        "mean": 0.0268567185849,
        "median": 0.0235544387251,
        "min": 1.02090098058e-20,
        "var": 0.00037595469621
    },
    "spectral_energyband_high": {
        "dmean": 0.000525893934537,
        "dmean2": 0.000720857933629,
        "dvar": 1.96152609533e-06,
        "dvar2": 3.33324010171e-06,
        "max": 0.0402290076017,
        "mean": 0.0010333082173,
        "median": 0.000415439775679,
        "min": 7.46733662911e-21,
        "var": 5.09964138473e-06
    },
    "spectral_energyband_low": {
        "dmean": 0.00720541924238,
        "dmean2": 0.011954116635,
        "dvar": 0.000118908101285,
        "dvar2": 0.000322575302562,
        "max": 0.106414169073,
        "mean": 0.0124705638736,
        "median": 0.00736324070022,
        "min": 1.59825832105e-22,
        "var": 0.000219790905248
    },
    "spectral_energyband_middle_high": {
        "dmean": 0.00233965786174,
        "dmean2": 0.00348476343788,
        "dvar": 1.11086355901e-05,
        "dvar2": 2.25215644605e-05,
        "max": 0.0555865317583,
        "mean": 0.00548138888553,
        "median": 0.00301917153411,
        "min": 1.34861287463e-21,
        "var": 3.92827823816e-05
    },
    "spectral_energyband_middle_low": {
        "dmean": 0.00455861818045,
        "dmean2": 0.00746392644942,
        "dvar": 4.81995739392e-05,
        "dvar2": 0.000126105398522,
        "max": 0.101341217756,
        "mean": 0.00862264540046,
        "median": 0.00534987263381,
        "min": 3.01054968878e-22,
        "var": 9.50380999711e-05
    },
    "spectral_entropy": {
        "dmean": 0.171778216958,
        "dmean2": 0.247204005718,
        "dvar": 0.0297466535121,
        "dvar2": 0.0568604916334,
        "max": 9.81140899658,
        "mean": 7.68212032318,
        "median": 7.73098325729,
        "min": 4.95826244354,
        "var": 0.208236575127
    },
    "spectral_flux": {
        "dmean": 0.0282473471016,
        "dmean2": 0.0446066968143,
        "dvar": 0.000873365963344,
        "dvar2": 0.00198286352679,
        "max": 0.304878801107,
        "mean": 0.0958680361509,
        "median": 0.0916419401765,
        "min": 1.01039641931e-10,
        "var": 0.00242083519697
    },
    "spectral_kurtosis": {
        "dmean": 1.75906085968,
        "dmean2": 2.95903849602,
        "dvar": 6.29817438126,
        "dvar2": 18.3449707031,
        "max": 82.4037094116,
        "mean": 3.76179862022,
        "median": 2.80495262146,
        "min": -1.33776962757,
        "var": 17.5772514343
    },
    "spectral_rms": {
        "dmean": 0.000974483496975,
        "dmean2": 0.00152404571418,
        "dvar": 9.80950972007e-07,
        "dvar2": 2.40406507146e-06,
        "max": 0.0106943519786,
        "mean": 0.00473262649029,
        "median": 0.00479373987764,
        "min": 3.1559483759e-12,
        "var": 3.80396750188e-06
    },
    "spectral_rolloff": {
        "dmean": 692.928405762,
        "dmean2": 1123.58337402,
        "dvar": 1513181.625,
        "dvar2": 3211918.75,
        "max": 18776.953125,
        "mean": 1771.34887695,
        "median": 1227.39257812,
        "min": 43.06640625,
        "var": 3733936.25
    },
    "spectral_skewness": {
        "dmean": 0.25063508749,
        "dmean2": 0.398773938417,
        "dvar": 0.0620992220938,
        "dvar2": 0.159568354487,
        "max": 7.44990110397,
        "mean": 1.35480201244,
        "median": 1.28557729721,
        "min": -0.431886583567,
        "var": 0.284447520971
    },
    "spectral_spread": {
        "dmean": 714300.375,
        "dmean2": 985295.375,
        "dvar": 834845671424,
        "dvar2": 1.29463641702e+12,
        "max": 42183024,
        "mean": 4665366.5,
        "median": 4263768,
        "min": 951011.875,
        "var": 4.03072011469e+12
    },
    "spectral_strongpeak": {
        "dmean": 0.497318714857,
        "dmean2": 0.845432519913,
        "dvar": 0.819418430328,
        "dvar2": 2.09699726105,
        "max": 12.4341039658,
        "mean": 0.768244564533,
        "median": 0.346829921007,
        "min": 0,
        "var": 1.23673522472
    },
    "zerocrossingrate": {
        "dmean": 0.0138214789331,
        "dmean2": 0.015552168712,
        "dvar": 0.00032791972626,
        "dvar2": 0.000352334900526,
        "max": 0.83447265625,
        "mean": 0.0664210617542,
        "median": 0.05615234375,
        "min": 0.00244140625,
        "var": 0.00237291585654
    },
    "barkbands": {
        "dmean": [0.000477319175843, 0.00557983200997, 0.00228604208678, 0.00110649003182, 0.00143309577834, 0.000749541330151, 0.00102672725916, 0.0013859992614, 0.000755238113925, 0.000535769795533, 0.000364946288755, 0.000566705421079, 0.000406678300351, 0.00039865958388, 0.000360128673492, 0.000344767380739, 0.000377140124328, 0.000215075080632, 0.000212984479731, 0.000255548104178, 9.36002033995e-05, 9.65865765465e-05, 0.000110068955109, 0.000133986817673, 8.4832245193e-05, 3.1756797398e-05, 3.44582780087e-08],
        "dmean2": [0.000828416727018, 0.0093431128189, 0.00383443175815, 0.00197986024432, 0.0025018597953, 0.00121500145178, 0.00165022385772, 0.00217676023021, 0.00120617484208, 0.000858911254909, 0.000586024369113, 0.000935335527174, 0.000654098810628, 0.000628723937552, 0.000564663147088, 0.000529987970367, 0.000571529089939, 0.000329751317622, 0.000323854532326, 0.000380696263164, 0.000142354212585, 0.000144563717186, 0.000160922500072, 0.000192233157577, 0.000122770536109, 4.67178979306e-05, 6.03740133442e-08],
        "dvar": [8.79355354755e-07, 8.89410002856e-05, 1.59125938808e-05, 7.68643712945e-06, 8.5869069153e-06, 2.19039452531e-06, 6.19591264694e-06, 1.27239327412e-05, 3.85342082154e-06, 2.20008951146e-06, 1.31806996251e-06, 2.32597608374e-06, 1.12109398742e-06, 1.35532525292e-06, 8.32633077152e-07, 8.44532678457e-07, 6.42944712581e-07, 1.99657023359e-07, 2.22158590191e-07, 4.61828790321e-07, 5.54919132867e-08, 6.43061071059e-08, 1.49251462744e-07, 5.00533019476e-07, 1.76902901217e-07, 1.30034196744e-08, 3.19568929153e-14],
        "dvar2": [2.5420899874e-06, 0.000246820156462, 4.23160636274e-05, 2.21651243919e-05, 2.40127883444e-05, 5.02582406625e-06, 1.44346877278e-05, 2.93803386739e-05, 9.2646378107e-06, 5.49338847122e-06, 3.05764183395e-06, 5.9798003349e-06, 2.68402186521e-06, 3.06873585032e-06, 1.79657899935e-06, 1.8276668925e-06, 1.36758353619e-06, 4.25829227879e-07, 4.67933290338e-07, 9.30207988858e-07, 1.23077427361e-07, 1.31968491246e-07, 2.99709654428e-07, 9.43872692005e-07, 3.74426178951e-07, 2.56086742922e-08, 8.05374647181e-14],
        "max": [0.00825137086213, 0.0969346240163, 0.0487134084105, 0.0348318293691, 0.0368408858776, 0.0317476689816, 0.0539966858923, 0.0863420516253, 0.0515264645219, 0.0417581014335, 0.0318907275796, 0.0482437461615, 0.0216709505767, 0.0270166508853, 0.0306690130383, 0.0251570548862, 0.0156000629067, 0.0105035025626, 0.0124999610707, 0.0127404546365, 0.00709615275264, 0.00717990240082, 0.0105746928602, 0.0360163338482, 0.0192469079047, 0.0044749067165, 8.28269912745e-06],
        "mean": [0.000601945037488, 0.00800688099116, 0.00325944880024, 0.00110275333282, 0.00161808915436, 0.0011215840932, 0.00133301026653, 0.00207600882277, 0.00108943250962, 0.000748403486796, 0.000489466532599, 0.000762230949476, 0.00052629649872, 0.000556546496227, 0.000504398718476, 0.000520520203281, 0.000602671410888, 0.000337250647135, 0.000331576768076, 0.000382795697078, 0.000164326513186, 0.000179179231054, 0.000182552015758, 0.000198194320546, 0.000119705342513, 4.13996131101e-05, 2.59860559737e-08],
        "median": [3.44586733263e-05, 0.00347901508212, 0.00116306252312, 0.00034600761137, 0.000762851559557, 0.000442141608801, 0.000340806582244, 0.000280302279862, 0.00022969636484, 0.000210521524423, 0.00012136749865, 0.000175339228008, 0.00014133923105, 0.000125451610074, 0.000143492958159, 0.000135019043228, 0.000172125481186, 0.000123534453451, 0.000114544694952, 0.000104430058855, 6.70105218887e-05, 8.07983306004e-05, 6.43541061436e-05, 4.24617137469e-05, 1.75287550519e-05, 2.74609715234e-06, 9.20425624606e-10],
        "min": [2.58405163017e-23, 1.02898025668e-22, 3.53515897771e-23, 6.28658835374e-24, 7.2817957869e-23, 3.62843736213e-23, 7.55063579686e-23, 3.2400754587e-23, 7.16850337022e-23, 3.85155751839e-23, 1.69964676356e-22, 2.54203074524e-23, 1.38093812261e-22, 7.92835123353e-23, 7.14752598103e-23, 2.15617394849e-22, 1.00982343224e-22, 1.29309599956e-22, 2.17178885057e-22, 2.85436860863e-22, 4.0793683678e-22, 4.47498703427e-22, 7.6071944732e-22, 7.95909762373e-22, 1.31994438191e-21, 1.56842461136e-21, 2.24773204816e-21],
        "var": [1.41014697874e-06, 0.000124814294395, 2.70650652965e-05, 5.70299562241e-06, 7.10083077138e-06, 4.69334236186e-06, 1.00103552541e-05, 3.42165440088e-05, 7.19166655472e-06, 3.2527291296e-06, 1.85049816537e-06, 3.59624982593e-06, 1.54263705099e-06, 2.4361290798e-06, 1.52786424223e-06, 1.69418274254e-06, 1.36213668611e-06, 4.00573640036e-07, 3.97945939312e-07, 8.024728686e-07, 1.10017325028e-07, 1.33174083317e-07, 2.62718771182e-07, 8.50809954045e-07, 2.94172906479e-07, 2.22872795774e-08, 2.56382287227e-14]
    },
    "erbbands": {
        "dmean": [0.224777027965, 1.11823260784, 2.49925661087, 3.256305933, 4.07165050507, 5.29869604111, 4.67408323288, 6.86007785797, 11.855840683, 20.3274250031, 30.6404781342, 17.052740097, 16.674074173, 14.6327972412, 15.0431814194, 23.3483295441, 17.5469455719, 19.5769424438, 17.8005809784, 17.2252559662, 19.1546611786, 19.8128242493, 12.3329219818, 8.81032276154, 13.0747270584, 12.3281974792, 4.4475851059, 3.63000059128, 3.43318796158, 3.19463801384, 3.20380163193, 3.32000303268, 1.96409463882, 1.13078510761, 0.524233698845, 0.216346979141, 0.0460257045925, 0.00130289839581, 4.35961592302e-05, 1.45084668475e-05],
        "dmean2": [0.362254589796, 1.94247031212, 4.17845439911, 5.78005456924, 7.27826929092, 9.24203395844, 7.68576002121, 11.1103830338, 18.9884166718, 32.6547088623, 47.9933547974, 26.7709598541, 26.2498664856, 23.3016014099, 24.1519069672, 38.0216827393, 27.8840694427, 30.0414352417, 27.0524864197, 26.3162155151, 28.7361030579, 29.4304866791, 18.4576225281, 13.4402608871, 19.5657939911, 18.2712516785, 6.74873876572, 5.41820859909, 5.14915657043, 4.77652740479, 4.61909818649, 4.73536300659, 2.86968803406, 1.68243908882, 0.737558186054, 0.312711417675, 0.0681923180819, 0.00190888158977, 6.1787708546e-05, 2.22524249693e-05],
        "dvar": [0.183379888535, 3.20636773109, 17.7989292145, 54.3223495483, 99.6472244263, 112.965644836, 97.0712814331, 204.942504883, 769.833618164, 2874.65087891, 7644.54248047, 1983.62365723, 2595.47290039, 1243.63745117, 1938.38623047, 4350.52294922, 1969.03186035, 2999.56225586, 2112.86962891, 2390.65527344, 2441.31054688, 1854.73925781, 622.154296875, 277.359344482, 1004.07696533, 1165.05334473, 104.692893982, 86.1841125488, 82.8097305298, 68.6570739746, 139.458236694, 349.461151123, 89.4309997559, 32.7251930237, 5.48424768448, 0.614445507526, 0.0285255163908, 2.76422269962e-05, 2.38146871112e-08, 4.0980457916e-10],
        "dvar2": [0.484870672226, 9.47109127045, 46.5814781189, 160.360687256, 286.531982422, 311.772033691, 246.449645996, 453.03717041, 1821.60595703, 7171.52685547, 17622.5898438, 4624.38574219, 6069.00634766, 2998.72290039, 4611.90820312, 11145.9658203, 4669.42675781, 6615.71533203, 4161.95410156, 5345.4453125, 5179.69287109, 3891.8894043, 1235.0703125, 581.673217773, 2056.55078125, 2369.19384766, 236.259033203, 183.640731812, 171.881668091, 137.383087158, 276.221923828, 678.102050781, 180.902572632, 74.2664031982, 10.5049295425, 1.14667129517, 0.0597696304321, 5.96922800469e-05, 4.71204764096e-08, 8.61511362249e-10],
        "max": [4.03377962112, 16.8234672546, 49.3297805786, 89.7982635498, 194.910217285, 125.986846924, 274.286712646, 328.188659668, 654.702331543, 1390.90356445, 2467.82861328, 1508.08496094, 1435.46435547, 690.186889648, 1218.26745605, 1874.91894531, 1065.90869141, 1492.20983887, 1711.36535645, 1692.35522461, 1252.95007324, 888.465454102, 599.219055176, 447.884490967, 640.870422363, 787.695373535, 298.762237549, 281.881378174, 260.167755127, 216.953430176, 294.192474365, 1021.89837646, 281.973266602, 272.171875, 113.604217529, 29.714427948, 7.13448381424, 0.2996481359, 0.00788553338498, 0.000645030813757],
        "mean": [0.280568361282, 1.60701417923, 3.77684354782, 3.82956719398, 4.26660013199, 5.7645816803, 6.52764987946, 9.89558315277, 15.9753293991, 26.740196228, 49.4471549988, 26.2610378265, 24.6616191864, 22.075592041, 21.0933170319, 32.8217544556, 25.0949459076, 28.9525566101, 26.5964698792, 26.2675895691, 31.3049678802, 32.9817237854, 20.7298069, 14.8771934509, 20.2547950745, 18.3664531708, 7.78764772415, 6.48347711563, 6.34008836746, 5.69337797165, 5.19363641739, 4.78742027283, 2.80689835548, 1.56984400749, 0.720187067986, 0.291160106659, 0.0561606101692, 0.00164618203416, 7.10253225407e-05, 3.81089339498e-05],
        "median": [0.0610175840557, 0.79882723093, 1.59845292568, 1.78828465939, 1.73699045181, 2.48374629021, 2.79089665413, 3.89336848259, 5.06704473495, 6.43437385559, 6.71590280533, 5.7181801796, 6.35368013382, 6.75464248657, 6.80091142654, 7.76376914978, 7.2883439064, 7.31396961212, 7.23372793198, 7.75578117371, 8.69246101379, 9.73477649689, 8.00683498383, 6.02168893814, 6.10464286804, 5.05833005905, 3.14291214943, 2.82372188568, 2.85234475136, 2.41453051567, 1.6942845583, 1.09426403046, 0.565400838852, 0.250285863876, 0.0902729406953, 0.0252666007727, 0.00282252836041, 9.64180435403e-05, 2.4304516046e-05, 3.26890694851e-05],
        "min": [4.17745879113e-21, 1.81580733207e-20, 3.49740073235e-20, 4.09198849641e-20, 7.26280022835e-20, 3.77471594076e-19, 1.13294572878e-19, 4.01169232951e-19, 1.18759726751e-18, 7.6600610846e-19, 6.80894961994e-19, 1.9040074359e-18, 1.3256087338e-18, 4.18486843272e-18, 4.13927506453e-18, 1.56978676376e-18, 6.11953469764e-18, 3.99724691259e-18, 4.30620879754e-18, 6.46458523195e-18, 9.87735376833e-18, 6.23420674595e-18, 7.04541987755e-18, 8.48422031657e-18, 1.38699990752e-17, 1.24529187447e-17, 1.47022536136e-17, 1.64572942998e-17, 1.62468264647e-17, 1.81546970409e-17, 2.18265468169e-17, 1.87135336453e-17, 1.2715007613e-17, 1.34143309183e-17, 9.80321357003e-18, 4.69307124387e-18, 3.40595484288e-18, 1.259937831e-18, 3.0709209488e-19, 3.28274025481e-20],
        "var": [0.2357596457, 4.40422582626, 31.5577392578, 43.5524597168, 72.9592819214, 97.067276001, 165.654129028, 411.680267334, 1274.34350586, 4133.06005859, 22914.9277344, 4055.62109375, 4191.73925781, 2235.95703125, 2604.89453125, 6973.28857422, 2973.90283203, 6104.62695312, 4109.30175781, 4474.58837891, 4700.38378906, 4046.59106445, 1405.97143555, 619.469726562, 1786.17736816, 1917.81750488, 212.655731201, 175.398773193, 168.900161743, 145.260421753, 246.011825562, 549.661682129, 146.912353516, 51.0221633911, 10.1440629959, 1.17502510548, 0.0426846109331, 3.90599379898e-05, 4.13603835625e-08, 1.08726039283e-09]
    },
    "gfcc": {
        "mean": [-17.0730667114, 94.6271820068, -129.823440552, 45.815246582, -64.2870254517, 20.8623065948, -36.5861701965, 10.9030456543, -15.3875904083, -0.733116805553, -8.93279075623, -4.92661333084, -7.27535915375],
        "cov": [[5359.4453125, -1236.53442383, 263.64642334, 242.965240479, -45.430644989, 375.337799072, -200.229034424, 536.812683105, -239.819396973, 447.311004639, -192.459884644, 270.766693115, -214.17326355], [-1236.53442383, 2279.23754883, -270.43548584, 16.9543800354, 419.731933594, -309.757843018, 376.89440918, -362.910461426, 393.189331055, -340.8956604, 300.208221436, -269.424591064, 176.228637695], [263.64642334, -270.43548584, 1934.70007324, 443.42565918, 428.400512695, 461.234863281, 3.1275908947, 345.776153564, -184.051757812, 411.822387695, -178.834991455, 274.204437256, -100.356689453], [242.965240479, 16.9543800354, 443.42565918, 638.864746094, 279.227294922, 68.4789810181, 0.121108591557, 62.4700164795, 67.4097061157, 47.4930229187, 42.0448417664, 44.6370277405, 74.4337463379], [-45.430644989, 419.731933594, 428.400512695, 279.227294922, 520.377990723, 102.128952026, 89.3570022583, 41.160358429, 68.7556381226, 74.0433044434, 9.34227848053, 40.6796646118, 29.7960624695], [375.337799072, -309.757843018, 461.234863281, 68.4789810181, 102.128952026, 420.791168213, 78.3067703247, 181.311630249, -69.853767395, 153.604263306, -60.387008667, 72.044303894, -42.2941436768], [-200.229034424, 376.89440918, 3.1275908947, 0.121108591557, 89.3570022583, 78.3067703247, 306.950714111, 22.7305374146, 97.6445922852, -42.6685447693, 73.4776306152, -31.8938407898, 1.71164977551], [536.812683105, -362.910461426, 345.776153564, 62.4700164795, 41.160358429, 181.311630249, 22.7305374146, 307.55670166, -41.2385978699, 165.946624756, -44.9764251709, 105.679588318, -44.1643333435], [-239.819396973, 393.189331055, -184.051757812, 67.4097061157, 68.7556381226, -69.853767395, 97.6445922852, -41.2385978699, 249.195648193, -49.7652359009, 93.0087127686, -76.614654541, 61.6348266602], [447.311004639, -340.8956604, 411.822387695, 47.4930229187, 74.0433044434, 153.604263306, -42.6685447693, 165.946624756, -49.7652359009, 275.30368042, -57.6565208435, 122.956008911, -62.1648597717], [-192.459884644, 300.208221436, -178.834991455, 42.0448417664, 9.34227848053, -60.387008667, 73.4776306152, -44.9764251709, 93.0087127686, -57.6565208435, 161.76373291, -36.7984085083, 57.1584625244], [270.766693115, -269.424591064, 274.204437256, 44.6370277405, 40.6796646118, 72.044303894, -31.8938407898, 105.679588318, -76.614654541, 122.956008911, -36.7984085083, 181.239364624, -16.2034912109], [-214.17326355, 176.228637695, -100.356689453, 74.4337463379, 29.7960624695, -42.2941436768, 1.71164977551, -44.1643333435, 61.6348266602, -62.1648597717, 57.1584625244, -16.2034912109, 127.850372314]],
        "icov": [[0.000314072764013, -0.000200487818802, 0.000345339707565, -0.000415679474827, 0.000190830731299, -0.00028064585058, 0.000249437551247, -0.000495007494465, 0.000256485189311, -0.000401259138016, 0.000335827877279, -0.000292752723908, 0.000497921486385], [-0.000200487818802, 0.00219033728354, -0.00109247327782, 0.00151568558067, -0.00188906560652, 0.00144131365232, -0.00144240749069, 0.00141623185482, -0.00125304725952, 0.00136098777875, -0.00221208389848, 0.00159606931265, -0.00121231237426], [0.000345339707565, -0.00109247327782, 0.00205313158222, -0.00164291262627, 0.000441999960458, -0.00131488428451, 0.000550107855815, -0.00111307948828, 0.001332681044, -0.00180191674735, 0.0019213714404, -0.00139189383481, 0.00116861483548], [-0.000415679474827, 0.00151568558067, -0.00164291262627, 0.00397853367031, -0.00225148396567, 0.00109793269075, -0.000264982110821, 0.00089467788348, -0.0016560627846, 0.00187173357699, -0.0025907671079, 0.0011903437553, -0.00217333738692], [0.000190830731299, -0.00188906560652, 0.000441999960458, -0.00225148396567, 0.00479232985526, -0.00132651941385, 0.000355037860572, -0.000568026676774, 0.000334866257617, -0.00170023809187, 0.00236041634344, -0.00153545569628, 0.000586619717069], [-0.00028064585058, 0.00144131365232, -0.00131488428451, 0.00109793269075, -0.00132651941385, 0.00543027371168, -0.00270665460266, -0.000231281723245, 0.000429962878115, -0.000431176478742, -0.000704067992046, 0.00224138307385, -0.00188438268378], [0.000249437551247, -0.00144240749069, 0.000550107855815, -0.000264982110821, 0.000355037860572, -0.00270665460266, 0.00656626001, -0.00178992282599, -0.00125872192439, 0.00144532544073, -0.000984196434729, -0.00154510163702, 0.00286155892536], [-0.000495007494465, 0.00141623185482, -0.00111307948828, 0.00089467788348, -0.000568026676774, -0.000231281723245, -0.00178992282599, 0.00731215206906, -0.00141875480767, -0.000850735232234, -0.00117128621787, -0.000384865386877, -0.000825045804959], [0.000256485189311, -0.00125304725952, 0.001332681044, -0.0016560627846, 0.000334866257617, 0.000429962878115, -0.00125872192439, -0.00141875480767, 0.0083352746442, -0.00306070363149, -6.48002314847e-05, 0.0019606705755, -0.0014710087562], [-0.000401259138016, 0.00136098777875, -0.00180191674735, 0.00187173357699, -0.00170023809187, -0.000431176478742, 0.00144532544073, -0.000850735232234, -0.00306070363149, 0.0102593228221, -0.00228803278878, -0.00234140618704, 0.00207818229683], [0.000335827877279, -0.00221208389848, 0.0019213714404, -0.0025907671079, 0.00236041634344, -0.000704067992046, -0.000984196434729, -0.00117128621787, -6.48002314847e-05, -0.00228803278878, 0.0125207919627, -0.00186273432337, -0.00146128656343], [-0.000292752723908, 0.00159606931265, -0.00139189383481, 0.0011903437553, -0.00153545569628, 0.00224138307385, -0.00154510163702, -0.000384865386877, 0.0019606705755, -0.00234140618704, -0.00186273432337, 0.0112896924838, -0.00330902892165], [0.000497921486385, -0.00121231237426, 0.00116861483548, -0.00217333738692, 0.000586619717069, -0.00188438268378, 0.00286155892536, -0.000825045804959, -0.0014710087562, 0.00207818229683, -0.00146128656343, -0.00330902892165, 0.0133795700967]]
    },
    "melbands": {
        "dmean": [0.00171405437868, 0.00126185442787, 0.000564289744943, 0.000347053981386, 0.000171928259078, 0.000152836641064, 0.000187151075806, 0.000231481550145, 0.000243141097599, 0.000102912294096, 8.45207323437e-05, 6.17730547674e-05, 4.9088292144e-05, 6.09370690654e-05, 5.47267154616e-05, 3.82192374673e-05, 3.84114282497e-05, 3.07320624415e-05, 2.65025500994e-05, 2.32862112171e-05, 2.41729103436e-05, 2.25912262977e-05, 1.6478172256e-05, 9.53347353061e-06, 7.2226634984e-06, 9.09447771846e-06, 1.12741554403e-05, 7.72978000896e-06, 2.98427789858e-06, 2.40885083258e-06, 2.26806696446e-06, 2.11283372664e-06, 1.85965654964e-06, 1.90115508758e-06, 1.88499029719e-06, 2.09596305467e-06, 2.1063699478e-06, 1.47450248278e-06, 1.25827875763e-06, 8.79950903254e-07],
        "dmean2": [0.00281509920023, 0.0021411802154, 0.000998037518002, 0.000614885648247, 0.000284526002361, 0.000247519405093, 0.000298356753774, 0.000371351925423, 0.000380223704269, 0.00016279052943, 0.000133462104714, 9.90286862361e-05, 7.88801407907e-05, 9.99895346467e-05, 8.94387048902e-05, 6.10085662629e-05, 5.94752345933e-05, 4.735452967e-05, 4.14387359342e-05, 3.61062557204e-05, 3.68040491594e-05, 3.40109108947e-05, 2.51450655924e-05, 1.47912005559e-05, 1.12481775432e-05, 1.3799413864e-05, 1.67693633557e-05, 1.1613154129e-05, 4.68929101771e-06, 3.7308877836e-06, 3.47500167663e-06, 3.2272369026e-06, 2.8123397442e-06, 2.89284594146e-06, 2.82368318949e-06, 3.1142124044e-06, 3.03421666104e-06, 2.18840659727e-06, 1.93749019672e-06, 1.31293643335e-06],
        "dvar": [9.36875312618e-06, 3.81428844776e-06, 1.6422304725e-06, 5.72795613607e-07, 1.11622242116e-07, 9.4483311841e-08, 1.83628699801e-07, 3.33974014666e-07, 4.82433165416e-07, 7.8812327331e-08, 6.67447750402e-08, 2.26272955928e-08, 2.56246792674e-08, 2.50277167879e-08, 2.46645370794e-08, 1.19852101577e-08, 1.23219026094e-08, 7.46699679866e-09, 4.6310906221e-09, 4.58174653772e-09, 3.97518995499e-09, 2.68624034128e-09, 1.35660838119e-09, 3.7215400206e-10, 2.05920044904e-10, 4.94807139706e-10, 9.57404155955e-10, 4.89896401223e-10, 5.37234597087e-11, 3.35010873209e-11, 3.74149287941e-11, 3.3051540671e-11, 2.23956374279e-11, 2.74202275469e-11, 4.4948125083e-11, 1.06097158836e-10, 1.7264212282e-10, 5.29173579955e-11, 4.52518612859e-11, 1.91788581544e-11],
        "dvar2": [2.55068680417e-05, 1.0449043657e-05, 4.8159004109e-06, 1.62112996804e-06, 2.85948658529e-07, 2.10343401363e-07, 4.26551366672e-07, 8.24733092486e-07, 1.13664100354e-06, 1.85134638286e-07, 1.56394918349e-07, 5.55581678441e-08, 5.96715779011e-08, 6.50254605716e-08, 6.1706501242e-08, 2.85462764538e-08, 2.72972666693e-08, 1.53121426649e-08, 1.01973220978e-08, 9.79343361962e-09, 8.60507043399e-09, 5.68966340708e-09, 2.88963253325e-09, 8.12148071017e-10, 4.50600279311e-10, 1.06533981636e-09, 1.91069271516e-09, 1.02943753522e-09, 1.2754705625e-10, 7.57609808222e-11, 8.20464945983e-11, 7.25314877603e-11, 4.45312085817e-11, 5.92730378668e-11, 9.17729781058e-11, 2.2219337481e-10, 3.50151907469e-10, 1.08970554802e-10, 1.07430578322e-10, 4.23736878918e-11],
        "max": [0.031170591712, 0.0210522376001, 0.0158765800297, 0.00957823172212, 0.00989024434239, 0.00708418805152, 0.00997332576662, 0.0139637580141, 0.0207986775786, 0.00872379541397, 0.00720926374197, 0.00289412727579, 0.00516677461565, 0.00323450588621, 0.00612276466563, 0.00243054656312, 0.00266291527078, 0.00301202759147, 0.00166290497873, 0.00226664263755, 0.00149972306099, 0.00113674369641, 0.000694981368724, 0.000360869948054, 0.000391724694055, 0.000686500046868, 0.000647359061986, 0.000549806572963, 0.000222464601393, 0.000150006599142, 0.000168709535501, 0.000176420246135, 0.000174320011865, 0.000135081572807, 0.000180480667041, 0.000401015538955, 0.000797040760517, 0.000253540027188, 0.000256030529272, 0.000210808953852],
        "mean": [0.00235385843553, 0.00204110937193, 0.000684272439685, 0.000373841670807, 0.000233257931541, 0.000223645794904, 0.000253656384302, 0.000311989191687, 0.000389927095966, 0.000150174630107, 0.000120556047477, 8.84303954081e-05, 6.72134119668e-05, 8.15307721496e-05, 7.41672702134e-05, 5.14882995049e-05, 5.35516192031e-05, 4.23100136686e-05, 3.74191149604e-05, 3.40774859069e-05, 3.72570320906e-05, 3.56880664185e-05, 2.51366363955e-05, 1.48560293383e-05, 1.12386087494e-05, 1.34804749905e-05, 1.62600535987e-05, 1.10093624244e-05, 4.78890387967e-06, 3.88728130929e-06, 3.78041204385e-06, 3.63830622518e-06, 3.28649321091e-06, 3.10980840368e-06, 2.93522020911e-06, 3.03058777718e-06, 2.90150956062e-06, 2.04067259801e-06, 1.63628078553e-06, 1.20459480968e-06],
        "median": [0.000798139779363, 0.00106346188113, 0.00034337292891, 0.000160454132129, 0.000106843006506, 8.78858481883e-05, 7.70230981288e-05, 6.87280989951e-05, 4.94730629725e-05, 3.33823008987e-05, 2.95248810289e-05, 2.56372568401e-05, 1.87017067219e-05, 2.05025644391e-05, 1.69451941474e-05, 1.32490868054e-05, 1.23255913422e-05, 9.98369614535e-06, 1.09233624244e-05, 8.9770564955e-06, 9.82718847808e-06, 9.29910493142e-06, 8.14834675111e-06, 5.43999294678e-06, 4.2870242396e-06, 4.23275469075e-06, 3.88913986171e-06, 2.95499921776e-06, 1.80520180493e-06, 1.46343006691e-06, 1.61674290666e-06, 1.60893318935e-06, 1.39136000143e-06, 1.27236626213e-06, 9.90902663034e-07, 7.61244564274e-07, 5.97321559326e-07, 4.09127721923e-07, 2.67574762347e-07, 1.77313566496e-07],
        "min": [3.32490514282e-23, 2.12867914827e-23, 6.45314528982e-24, 1.78221790736e-23, 6.96728814581e-24, 9.44070866045e-24, 1.75673359804e-23, 8.25596658741e-24, 4.81383710851e-24, 1.23697570901e-23, 5.79761016062e-24, 1.56884081437e-23, 2.03849167865e-23, 2.33681445776e-24, 1.03997726169e-23, 1.31965677269e-23, 6.31977494316e-24, 6.63985091672e-24, 5.55087221884e-24, 1.54501926607e-23, 9.94045756593e-24, 5.26317385784e-24, 8.38266869285e-24, 4.87565658778e-24, 6.9592575418e-24, 8.74426044369e-24, 1.14480385978e-23, 7.1162274513e-24, 9.74036615277e-24, 9.27200917815e-24, 8.72233168825e-24, 8.78750343193e-24, 9.77370025918e-24, 1.06686653227e-23, 1.28206802388e-23, 1.13695919029e-23, 1.18299561388e-23, 1.00493456144e-23, 6.88576016012e-24, 1.27818974701e-23],
        "var": [1.28044257508e-05, 6.59025636196e-06, 1.30349394567e-06, 4.43075037992e-07, 1.64587447671e-07, 1.95831930228e-07, 3.1994787264e-07, 5.28662894794e-07, 1.43631802985e-06, 1.46231613485e-07, 1.05728986455e-07, 3.82875704474e-08, 3.45002071356e-08, 3.81425060425e-08, 3.61870711174e-08, 1.72887570926e-08, 2.35616148814e-08, 1.31170629913e-08, 8.7357472367e-09, 9.32111099416e-09, 6.9519656698e-09, 5.50733325611e-09, 2.52862730754e-09, 7.64336871573e-10, 4.21412349461e-10, 8.05308930651e-10, 1.6794147184e-09, 7.53324069791e-10, 9.5833771474e-11, 6.35865596288e-11, 6.73925082406e-11, 5.98238472649e-11, 4.79084202865e-11, 4.92252107132e-11, 7.54592222041e-11, 1.611152739e-10, 2.45018838552e-10, 8.13561093493e-11, 6.13052109077e-11, 3.06955953711e-11]
    },
    "mfcc": {
        "mean": [-648.616882324, 110.562026978, -1.4517621994, 22.6516647339, 3.0808327198, 7.06828641891, -2.70662999153, 7.52231454849, -0.685213804245, 4.98547887802, 0.658665835857, 3.16693067551, 2.00638055801],
        "cov": [[4774.55908203, -1060.09558105, -279.254852295, -47.7672958374, -54.2894592285, -89.8669967651, -19.6205806732, 77.712677002, -1.09450733662, 89.7064971924, 59.6966896057, 134.681228638, 104.156784058], [-1060.09558105, 1827.70300293, -180.299026489, 172.519973755, 78.7029724121, 101.439552307, 61.5088195801, 39.2598724365, 31.4006175995, 8.3677110672, 88.0002059937, -10.2047271729, -5.10988664627], [-279.254852295, -180.299026489, 1199.07141113, 234.388412476, 353.084655762, 224.011444092, 258.083343506, 59.0432891846, 159.027130127, 46.1807670593, 87.3694915771, 57.9163703918, 108.192481995], [-47.7672958374, 172.519973755, 234.388412476, 609.464660645, 308.904815674, 106.904891968, 30.5760612488, 48.835735321, 51.1778793335, 27.1632041931, -17.6417198181, 36.9058952332, 95.0840301514], [-54.2894592285, 78.7029724121, 353.084655762, 308.904815674, 493.742950439, 163.100509644, 103.367172241, 11.6677856445, 115.437469482, 26.827249527, 27.4668979645, 23.0679111481, 71.9009933472], [-89.8669967651, 101.439552307, 224.011444092, 106.904891968, 163.100509644, 285.485687256, 121.838813782, 50.5841217041, 72.404548645, 50.9224319458, 43.0726089478, 22.7100715637, 18.9696464539], [-19.6205806732, 61.5088195801, 258.083343506, 30.5760612488, 103.367172241, 121.838813782, 271.729614258, 96.6125106812, 70.5917739868, 20.9713897705, 78.7114181519, 24.564409256, 38.5360832214], [77.712677002, 39.2598724365, 59.0432891846, 48.835735321, 11.6677856445, 50.5841217041, 96.6125106812, 181.208007812, 57.3161125183, 37.0709228516, 42.1644630432, 26.6061973572, 18.4195690155], [-1.09450733662, 31.4006175995, 159.027130127, 51.1778793335, 115.437469482, 72.404548645, 70.5917739868, 57.3161125183, 155.982070923, 54.4980812073, 53.1472702026, 22.3283557892, 29.0778541565], [89.7064971924, 8.3677110672, 46.1807670593, 27.1632041931, 26.827249527, 50.9224319458, 20.9713897705, 37.0709228516, 54.4980812073, 139.903701782, 60.4537315369, 25.2739925385, 9.29767799377], [59.6966896057, 88.0002059937, 87.3694915771, -17.6417198181, 27.4668979645, 43.0726089478, 78.7114181519, 42.1644630432, 53.1472702026, 60.4537315369, 153.710128784, 45.6723518372, 21.1277809143], [134.681228638, -10.2047271729, 57.9163703918, 36.9058952332, 23.0679111481, 22.7100715637, 24.564409256, 26.6061973572, 22.3283557892, 25.2739925385, 45.6723518372, 117.743873596, 51.5126914978], [104.156784058, -5.10988664627, 108.192481995, 95.0840301514, 71.9009933472, 18.9696464539, 38.5360832214, 18.4195690155, 29.0778541565, 9.29767799377, 21.1277809143, 51.5126914978, 127.379638672]],
