{
"lowlevel": {
    "average_loudness": 0.548020422459,
    "barkbands_crest": {
        "dmean": 2.49120640755,
        "dmean2": 4.00069475174,
        "dvar": 5.42538785934,
        "dvar2": 13.8801803589,
        "max": 26.0873165131,
        "mean": 10.1975259781,
        "median": 9.39378452301,
        "min": 2.16223096848,
        "var": 17.8964138031
    },
    "barkbands_flatness_db": {
        "dmean": 0.0198906213045,
        "dmean2": 0.0301573015749,
        "dvar": 0.00033633003477,
        "dvar2": 0.000789250887465,
        "max": 0.500635504723,
        "mean": 0.152270615101,
        "median": 0.144221514463,
        "min": 0.0348659604788,
        "var": 0.00399614917114
    },
    "barkbands_kurtosis": {
        "dmean": 2.47784900665,
        "dmean2": 3.98467636108,
        "dvar": 92.6777420044,
        "dvar2": 290.611297607,
        "max": 562.200866699,
        "mean": 3.78049707413,
        "median": 1.2955365181,
        "min": -1.91589045525,
        "var": 290.154632568
    },
    "barkbands_skewness": {
        "dmean": 0.473172754049,
        "dmean2": 0.725409328938,
        "dvar": 0.303505569696,
        "dvar2": 0.735187768936,
        "max": 18.5016517639,
        "mean": 1.28583288193,
        "median": 1.13174521923,
        "min": -3.93656945229,
        "var": 1.53107953072
    },
    "barkbands_spread": {
        "dmean": 5.75167274475,
        "dmean2": 8.63230037689,
        "dvar": 58.7355194092,
        "dvar2": 121.096420288,
        "max": 104.886787415,
        "mean": 24.8437919617,
        "median": 21.7062950134,
        "min": 0.247370675206,
        "var": 267.311767578
    },
    "dissonance": {
        "dmean": 0.0237975362688,
        "dmean2": 0.0405710674822,
        "dvar": 0.000628691690508,
        "dvar2": 0.00176231807563,
        "max": 0.5,
        "mean": 0.4549690485,
        "median": 0.465461969376,
        "min": 0.224452406168,
        "var": 0.00138697493821
    },
    "dynamic_complexity": 3.3745970726,
    "erbbands_crest": {
        "dmean": 2.75125813484,
        "dmean2": 4.34854698181,
        "dvar": 7.26991510391,
        "dvar2": 17.4521465302,
        "max": 32.4042167664,
        "mean": 10.2267332077,
        "median": 8.77827548981,
        "min": 1.97748458385,
        "var": 30.2142219543
    },
    "erbbands_flatness_db": {
        "dmean": 0.016848353669,
        "dmean2": 0.0235410686582,
        "dvar": 0.000259805121459,
        "dvar2": 0.000462610536488,
        "max": 0.47138568759,
        "mean": 0.175078511238,
        "median": 0.165284395218,
        "min": 0.0588818266988,
        "var": 0.00395156955346
    },
    "erbbands_kurtosis": {
        "dmean": 1.09760344028,
        "dmean2": 1.63387918472,
        "dvar": 3.34182739258,
        "dvar2": 7.07165956497,
        "max": 72.4184875488,
        "mean": 1.4914522171,
        "median": 0.184272885323,
        "min": -1.72256100178,
        "var": 14.6340036392
    },
    "erbbands_skewness": {
        "dmean": 0.352117329836,
        "dmean2": 0.53495901823,
        "dvar": 0.125445976853,
        "dvar2": 0.269053816795,
        "max": 7.05453395844,
        "mean": 0.57295280695,
        "median": 0.478631854057,
        "min": -4.03274488449,
        "var": 0.78114771843
    },
    "erbbands_spread": {
        "dmean": 7.69721746445,
        "dmean2": 11.3709859848,
        "dvar": 79.8227615356,
        "dvar2": 166.900939941,
        "max": 164.438766479,
        "mean": 37.6721916199,
        "median": 34.4066467285,
        "min": 1.44378185272,
        "var": 464.537017822
    },
    "hfc": {
        "dmean": 7.45020103455,
        "dmean2": 10.3065109253,
        "dvar": 159.340957642,
        "dvar2": 315.266998291,
        "max": 333.317993164,
        "mean": 27.7873535156,
        "median": 19.0507659912,
        "min": 1.11490327871e-16,
        "var": 683.31628418
    },
    "melbands_crest": {
        "dmean": 3.14097070694,
        "dmean2": 5.09949970245,
        "dvar": 8.18037700653,
        "dvar2": 20.9108562469,
        "max": 33.2899551392,
        "mean": 14.0395259857,
        "median": 13.2615947723,
        "min": 2.094435215,
        "var": 25.0925540924
    },
    "melbands_flatness_db": {
        "dmean": 0.022321369499,
        "dmean2": 0.033682461828,
        "dvar": 0.000505246338435,
        "dvar2": 0.00111801573075,
        "max": 0.619913220406,
        "mean": 0.183105245233,
        "median": 0.16999129951,
        "min": 0.00481472583488,
        "var": 0.00531654339284
    },
    "melbands_kurtosis": {
        "dmean": 5.578561306,
        "dmean2": 8.91686534882,
        "dvar": 116.338096619,
        "dvar2": 287.399841309,
        "max": 557.940612793,
        "mean": 11.4481687546,
        "median": 5.93924474716,
        "min": -1.90535140038,
        "var": 525.047241211
    },
    "melbands_skewness": {
        "dmean": 0.647872805595,
        "dmean2": 0.98779374361,
        "dvar": 0.545334875584,
        "dvar2": 1.28207373619,
        "max": 16.8164463043,
        "mean": 2.2572247982,
        "median": 2.02087330818,
        "min": -1.73267233372,
        "var": 2.68793916702
    },
    "melbands_spread": {
        "dmean": 7.0773768425,
        "dmean2": 10.9290924072,
        "dvar": 130.951553345,
        "dvar2": 261.935028076,
        "max": 251.283447266,
        "mean": 26.82188797,
        "median": 23.6636962891,
        "min": 0.336583197117,
        "var": 458.693328857
    },
    "pitch_salience": {
        "dmean": 0.0676552355289,
        "dmean2": 0.109641045332,
        "dvar": 0.00385089358315,
        "dvar2": 0.00965073518455,
        "max": 0.858583450317,
        "mean": 0.540928721428,
        "median": 0.544046401978,
        "min": 0.0943827182055,
        "var": 0.0131335845217
    },
    "silence_rate_20dB": {
        "dmean": 0,
        "dmean2": 0,
        "dvar": 0,
        "dvar2": 0,
        "max": 1,
        "mean": 1,
        "median": 1,
        "min": 1,
        "var": 0
    },
    "silence_rate_30dB": {
        "dmean": 0.0011053388007,
        "dmean2": 0.00221092184074,
        "dvar": 0.00110408547334,
        "dvar2": 0.00242712395266,
        "max": 1,
        "mean": 0.997126460075,
        "median": 1,
        "min": 0,
        "var": 0.00286532659084
    },
    "silence_rate_60dB": {
        "dmean": 0.0161379463971,
        "dmean2": 0.0322794616222,
        "dvar": 0.0158765763044,
        "dvar2": 0.0372035317123,
        "max": 1,
        "mean": 0.0405614487827,
        "median": 0,
        "min": 0,
        "var": 0.038918633014
    },
    "spectral_centroid": {
        "dmean": 213.067764282,
        "dmean2": 326.210327148,
        "dvar": 88933.234375,
        "dvar2": 161344.75,
        "max": 10843.3076172,
        "mean": 1353.41052246,
        "median": 1324.53149414,
        "min": 117.206207275,
        "var": 369673.15625
    },
    "spectral_complexity": {
        "dmean": 2.85796403885,
        "dmean2": 4.55206727982,
        "dvar": 8.46086883545,
        "dvar2": 19.6571044922,
        "max": 51,
        "mean": 16.9542446136,
        "median": 16,
        "min": 0,
        "var": 63.0764884949
    },
    "spectral_decrease": {
        "dmean": 1.78166870146e-09,
        "dmean2": 2.7363149524e-09,
        "dvar": 6.73369686371e-18,
        "dvar2": 1.6245792489e-17,
        "max": -4.03240318215e-29,
        "mean": -6.33177243969e-09,
        "median": -5.09671771454e-09,
        "min": -4.74532804162e-08,
        "var": 2.44109270571e-17
    },
    "spectral_energy": {
        "dmean": 0.00718478159979,
        "dmean2": 0.0109373200685,
        "dvar": 0.000103212638351,
        "dvar2": 0.00024483827292,
        "max": 0.180543497205,
        "mean": 0.0264179129153,
        "median": 0.0214677415788,
        "min": 1.04629687941e-20,
        "var": 0.000408467516536
    },
    "spectral_energyband_high": {
        "dmean": 0.000558526953682,
        "dmean2": 0.000766770215705,
        "dvar": 1.80442441433e-06,
        "dvar2": 3.67801953871e-06,
        "max": 0.0427248291671,
        "mean": 0.00134439126123,
        "median": 0.00063532195054,
        "min": 7.48377442041e-21,
        "var": 4.7490311772e-06
    },
    "spectral_energyband_low": {
        "dmean": 0.00369466654956,
        "dmean2": 0.00605591759086,
        "dvar": 6.98013755027e-05,
        "dvar2": 0.000182649193448,
        "max": 0.177618056536,
        "mean": 0.00677965488285,
        "median": 0.00321946339682,
        "min": 2.49729128786e-23,
        "var": 0.000106180850707
    },
    "spectral_energyband_middle_high": {
        "dmean": 0.00241124536842,
        "dmean2": 0.00328162871301,
        "dvar": 1.78017435246e-05,
        "dvar2": 3.0685288948e-05,
        "max": 0.143432661891,
        "mean": 0.00900101475418,
        "median": 0.00425592530519,
        "min": 1.66241270554e-21,
        "var": 0.000161764241057
    },
    "spectral_energyband_middle_low": {
        "dmean": 0.00399987725541,
        "dmean2": 0.00623859697953,
        "dvar": 3.55974261765e-05,
        "dvar2": 8.26317991596e-05,
        "max": 0.104726813734,
        "mean": 0.0101636825129,
        "median": 0.0066151926294,
        "min": 3.49658065022e-22,
        "var": 0.000116215553135
    },
    "spectral_entropy": {
        "dmean": 0.144682079554,
        "dmean2": 0.206312000751,
        "dvar": 0.0210193451494,
        "dvar2": 0.0389475524426,
        "max": 9.79272937775,
        "mean": 7.58102178574,
        "median": 7.65187358856,
        "min": 5.34576702118,
        "var": 0.25714430213
    },
    "spectral_flux": {
        "dmean": 0.023248411715,
        "dmean2": 0.0365365259349,
        "dvar": 0.000669355271384,
        "dvar2": 0.00154481583741,
        "max": 0.399654746056,
        "mean": 0.0814605653286,
        "median": 0.0726041197777,
        "min": 1.02288656711e-10,
        "var": 0.0020561341662
    },
    "spectral_kurtosis": {
        "dmean": 1.3998349905,
        "dmean2": 2.37082076073,
        "dvar": 6.87621164322,
        "dvar2": 19.8765087128,
        "max": 59.5757522583,
        "mean": 3.25775122643,
        "median": 2.30396652222,
        "min": -1.32425546646,
        "var": 19.5669174194
    },
    "spectral_rms": {
        "dmean": 0.000666426785756,
        "dmean2": 0.000989030115306,
        "dvar": 6.13798704308e-07,
        "dvar2": 1.3124540601e-06,
        "max": 0.0132717741653,
        "mean": 0.00469076680019,
        "median": 0.00457647629082,
        "min": 3.19496078899e-12,
        "var": 3.77037667931e-06
    },
    "spectral_rolloff": {
        "dmean": 593.729492188,
        "dmean2": 976.588989258,
        "dvar": 1436198.625,
        "dvar2": 3144066.5,
        "max": 18755.4199219,
        "mean": 1824.2253418,
        "median": 1464.2578125,
        "min": 64.599609375,
        "var": 3072212.25
    },
    "spectral_skewness": {
        "dmean": 0.191483587027,
        "dmean2": 0.307928621769,
        "dvar": 0.0507347509265,
        "dvar2": 0.132139921188,
        "max": 5.80812692642,
        "mean": 1.42071378231,
        "median": 1.35616934299,
        "min": -0.409004718065,
        "var": 0.265538305044
    },
    "spectral_spread": {
        "dmean": 556361.875,
        "dmean2": 789137.375,
        "dvar": 657823563776,
        "dvar2": 1.00757045248e+12,
        "max": 41778988,
        "mean": 5182613.5,
        "median": 5039086,
        "min": 917095.75,
        "var": 3.41986849587e+12
    },
    "spectral_strongpeak": {
        "dmean": 0.681751251221,
        "dmean2": 1.10454583168,
        "dvar": 1.20166409016,
        "dvar2": 2.77789592743,
        "max": 13.5929260254,
        "mean": 1.63202619553,
        "median": 0.575670003891,
        "min": 5.49561840479e-10,
        "var": 4.55493545532
    },
    "zerocrossingrate": {
        "dmean": 0.0116810239851,
        "dmean2": 0.0131874801591,
        "dvar": 0.000259855412878,
        "dvar2": 0.000266416056547,
        "max": 0.49267578125,
        "mean": 0.0740691050887,
        "median": 0.064453125,
        "min": 0.0029296875,
        "var": 0.00194867141545
    },
    "barkbands": {
        "dmean": [5.7611046941e-05, 0.00225252378732, 0.00165522308089, 0.00103278050665, 0.00115706142969, 0.00102653296199, 0.000511355232447, 0.000647588341963, 0.00114072603174, 0.001205871813, 0.000587669259403, 0.000947058142629, 0.00031629516161, 0.000434818299254, 0.00046030228259, 0.000280898384517, 0.000194627660676, 0.000159198854817, 7.16079521226e-05, 7.86504751886e-05, 7.36003275961e-05, 0.000111965535325, 0.000148529346916, 0.000148802268086, 8.05044692243e-05, 0.000102946876723, 7.03056954876e-08],
        "dmean2": [9.46944783209e-05, 0.00365147576667, 0.00282684061676, 0.00174043956213, 0.00187937391456, 0.00159480201546, 0.000807568780147, 0.00102554168552, 0.00176902918611, 0.00183009472676, 0.000864175381139, 0.00126071111299, 0.00049357424723, 0.000650854082778, 0.00068405183265, 0.000425567326602, 0.000299382692901, 0.000246349780355, 0.000114787908387, 0.000125541337184, 0.000113419890113, 0.000171978375874, 0.000224534640438, 0.000221282534767, 0.000117950330605, 0.000151681044372, 1.2202097821e-07],
        "dvar": [1.65630229532e-08, 3.74478040612e-05, 1.56254500325e-05, 7.80367554398e-06, 4.34103321822e-06, 5.14108387506e-06, 2.14202964344e-06, 5.68506629861e-06, 8.32416753838e-06, 1.42271801451e-05, 3.66794711226e-06, 5.96179415879e-06, 4.85853604459e-07, 1.11290421501e-06, 1.10320240765e-06, 5.2241693993e-07, 3.22651118267e-07, 9.09581387987e-08, 2.18547722142e-08, 2.68015618587e-08, 2.29569057097e-08, 7.15830310583e-08, 1.24569098148e-07, 2.37101502876e-07, 4.73122625522e-08, 1.30611113036e-07, 1.12487310319e-13],
        "dvar2": [4.19726511325e-08, 9.94016518234e-05, 4.29794308729e-05, 2.04844727705e-05, 1.069571681e-05, 1.13901160148e-05, 4.66250094178e-06, 1.21758030218e-05, 1.93743508135e-05, 3.00685733237e-05, 6.69345035931e-06, 9.09051777853e-06, 9.68796030065e-07, 2.31280591834e-06, 2.31981289289e-06, 1.09215091015e-06, 6.17496709765e-07, 2.04466658715e-07, 4.88593414616e-08, 6.58743672943e-08, 4.94902216985e-08, 1.64055506957e-07, 2.75227876045e-07, 5.20791786585e-07, 1.00283131133e-07, 2.90706566375e-07, 2.99872350258e-13],
        "max": [0.00210055266507, 0.156324207783, 0.0497544929385, 0.0824749022722, 0.0450120456517, 0.0601362623274, 0.0425407662988, 0.104012280703, 0.0795876458287, 0.138005882502, 0.0463974587619, 0.0590784884989, 0.0199453085661, 0.0276984572411, 0.0228923074901, 0.0173265580088, 0.0194147918373, 0.00722634000704, 0.00771428504959, 0.00494696758687, 0.00591701967642, 0.00749561982229, 0.0141017762944, 0.0238406006247, 0.00454870145768, 0.00499565573409, 6.65147490508e-06],
        "mean": [7.16084032319e-05, 0.00371963041835, 0.00241634924896, 0.00121731159743, 0.00219760136679, 0.00188850262202, 0.000764913740568, 0.00124399550259, 0.00195955391973, 0.00256538833492, 0.000939139979891, 0.00239366153255, 0.000584380526561, 0.000840202963445, 0.000872289820109, 0.000497145403642, 0.000360122765414, 0.000316178688081, 0.00014140503481, 0.00016092704027, 0.000156153007993, 0.000239398999838, 0.000318304548273, 0.000296139274724, 0.000128659710754, 0.000128945306642, 5.29979438113e-08],
        "median": [1.26049944811e-05, 0.00136295519769, 0.00085478083929, 0.000443004944827, 0.00128097529523, 0.000611023511738, 0.000240829162067, 0.000195383341634, 0.000495178508572, 0.000285483314656, 0.000192974272068, 0.000343045190675, 0.000224211151362, 0.000214547442738, 0.000247888878221, 0.000166524987435, 0.000139501265949, 0.000145994621562, 7.75688749854e-05, 8.07857213658e-05, 8.26308532851e-05, 0.000111899367766, 0.000144936348079, 0.0001079213107, 2.60763299593e-05, 3.05428670799e-06, 7.08479330758e-10],
        "min": [1.83613213261e-24, 1.5002780732e-23, 3.11789305293e-24, 2.22003113436e-23, 2.14326944626e-23, 1.26405152943e-22, 2.66098434331e-23, 4.20407894655e-23, 4.59828378494e-23, 8.48241747218e-23, 2.62096432519e-23, 8.4501618964e-23, 3.80079652795e-23, 1.25151558301e-22, 1.38238445174e-22, 1.07436834705e-22, 1.08489402344e-22, 2.02145013739e-22, 2.32104007167e-22, 3.06635964145e-22, 3.55570432356e-22, 5.13834509196e-22, 6.42245615514e-22, 7.47430990708e-22, 1.17777897453e-21, 1.65086671014e-21, 1.94029975102e-21],
        "var": [2.48532590064e-08, 5.02772309119e-05, 1.74570777745e-05, 7.74766976974e-06, 9.93717912934e-06, 1.21944403872e-05, 3.83010137739e-06, 3.12045995088e-05, 2.3032680474e-05, 7.42025004001e-05, 8.03905822977e-06, 3.93630252802e-05, 1.48248193454e-06, 3.59016257789e-06, 3.28440341946e-06, 1.21883851989e-06, 7.82152028478e-07, 2.62159574049e-07, 6.83620768882e-08, 6.4726208393e-08, 5.61328477033e-08, 1.49045803255e-07, 2.9705577731e-07, 5.49222761492e-07, 8.80411619164e-08, 1.71344950672e-07, 8.55683931914e-14]
    },
    "erbbands": {
        "dmean": [0.0532169938087, 0.56731659174, 1.81281816959, 2.53881072998, 3.64462184906, 4.22650814056, 5.14551591873, 9.8992395401, 8.01269340515, 8.78775691986, 15.537776947, 21.2205028534, 44.1049499512, 25.5351333618, 29.1026306152, 29.8275356293, 13.033744812, 20.7785568237, 18.1416397095, 18.8148384094, 15.7353925705, 9.41059780121, 8.63984394073, 4.59546375275, 3.79268932343, 3.3750474453, 2.93910384178, 3.20368432999, 3.67492365837, 4.88420629501, 3.99107694626, 3.43698072433, 2.34052562714, 0.976972997189, 0.655458450317, 0.752061605453, 0.0728492587805, 0.00209285342135, 7.68579193391e-05, 1.47421087604e-05],
        "dmean2": [0.0855949297547, 0.932722747326, 3.03852367401, 4.270216465, 6.06446790695, 6.76711845398, 8.15968227386, 15.4080190659, 12.4155263901, 13.8646907806, 24.4398212433, 32.6295661926, 66.917930603, 37.384765625, 40.0959739685, 38.8854141235, 20.0378742218, 30.9910068512, 26.8519363403, 27.7471084595, 23.3490581512, 14.0858325958, 13.3286399841, 7.10920572281, 6.04435634613, 5.40617275238, 4.58982944489, 4.92720746994, 5.60948419571, 7.36705636978, 6.0758395195, 5.1076335907, 3.51521611214, 1.43932080269, 0.9535805583, 1.11168479919, 0.103125669062, 0.0029411483556, 0.000107143780042, 2.11855040106e-05],
        "dvar": [0.0213455744088, 2.3868021965, 18.9706745148, 42.968170166, 54.6114654541, 76.71118927, 167.093017578, 532.736572266, 507.239257812, 751.803344727, 3545.98999023, 2946.36254883, 17055.7480469, 6238.26025391, 6808.57080078, 6714.69628906, 704.552978516, 2668.81542969, 1744.86279297, 2310.80834961, 1651.53344727, 442.850036621, 294.574249268, 77.1357498169, 68.9571075439, 60.1220169067, 33.9411354065, 48.694190979, 80.4295730591, 118.993392944, 104.557922363, 127.452262878, 50.1390762329, 6.03295183182, 3.90340423584, 7.02623510361, 0.0580609031022, 4.65607263322e-05, 5.79992800454e-08, 7.58179907745e-10],
        "dvar2": [0.0549510866404, 6.32503080368, 50.5646934509, 112.612960815, 141.917922974, 178.886169434, 358.217987061, 1215.48010254, 1064.33703613, 1617.43066406, 7490.79443359, 6659.25732422, 38223, 11879.8583984, 11863.5205078, 10154.6103516, 1461.37976074, 5404.58056641, 3488.01977539, 4748.52148438, 3145.73193359, 802.727478027, 670.284851074, 172.659362793, 159.969039917, 151.913772583, 73.5526885986, 112.526443481, 186.280380249, 267.612030029, 232.973022461, 280.955230713, 109.783798218, 12.6567058563, 8.55083656311, 15.6496257782, 0.119703300297, 9.38660377869e-05, 1.18499677626e-07, 1.5951132637e-09],
        "max": [2.30459141731, 42.4579315186, 64.6415481567, 155.835357666, 176.352401733, 231.997360229, 628.409118652, 553.815979004, 747.937561035, 707.602600098, 2359.15087891, 1737.5690918, 2934.74291992, 4329.2734375, 2355.72705078, 2175.75537109, 875.438537598, 1215.1229248, 1324.93945312, 1052.70263672, 1068.96936035, 1023.5022583, 444.769714355, 290.285705566, 435.01071167, 332.948272705, 208.783584595, 282.55770874, 300.0184021, 348.659362793, 400.138092041, 572.903259277, 280.511444092, 67.6028442383, 38.5526657104, 38.2127113342, 4.52378940582, 0.113081365824, 0.00344811333343, 0.000363123981515],
        "mean": [0.0787530615926, 0.932262420654, 2.84201693535, 3.43430805206, 5.62733507156, 7.09847974777, 9.92888832092, 17.9062957764, 13.0265903473, 14.899810791, 30.0686473846, 37.4902229309, 85.4361801147, 58.1491012573, 68.4995727539, 74.334602356, 27.6428146362, 44.0975761414, 38.2177848816, 38.6473274231, 31.5669555664, 20.5617103577, 18.2258968353, 9.96219539642, 7.98995542526, 7.09362697601, 6.26949739456, 6.60815095901, 7.80212831497, 10.4128923416, 8.39476394653, 6.7897105217, 4.44650316238, 1.69663190842, 0.917441189289, 0.970658898354, 0.0871422737837, 0.00256689125672, 0.000115105656732, 4.33138302469e-05],
        "median": [0.0219331718981, 0.345173478127, 1.03162717819, 1.52638196945, 2.76640796661, 3.67448091507, 4.40970754623, 5.14429950714, 4.43428897858, 4.43098735809, 5.54112815857, 11.2044610977, 15.5185108185, 11.8656921387, 14.0672369003, 12.9101104736, 12.4202804565, 13.6285572052, 13.9188671112, 12.2162733078, 11.4251022339, 9.02920341492, 8.58980369568, 5.24697160721, 4.33805418015, 3.66235113144, 3.34771585464, 3.42595887184, 3.72992992401, 4.52164745331, 3.83002376556, 2.47437572479, 1.58612799644, 0.462747633457, 0.112304002047, 0.0292216278613, 0.0024781357497, 9.48972010519e-05, 2.88582523353e-05, 3.18375605275e-05],
        "min": [2.83533371053e-22, 3.85503687461e-21, 5.58559322792e-21, 3.42889240617e-20, 5.09699096868e-20, 8.69645544886e-20, 4.67371625151e-19, 1.09253374241e-18, 3.97823468319e-19, 6.72294454973e-19, 1.41370419282e-18, 9.36809857664e-19, 2.18483918297e-18, 1.34859132674e-18, 1.77490584218e-18, 4.30054178317e-18, 2.23573002259e-18, 8.18924853731e-18, 4.92196618143e-18, 6.74177965907e-18, 6.40788406891e-18, 6.74877760705e-18, 9.94319072764e-18, 1.3374938096e-17, 1.42469188105e-17, 1.37763779463e-17, 1.78599610081e-17, 1.39152408916e-17, 1.68200758641e-17, 2.27366555946e-17, 1.75535203696e-17, 1.47278267294e-17, 1.19132735577e-17, 1.17294343209e-17, 8.19291625615e-18, 5.40899813198e-18, 3.05208160016e-18, 1.06766362672e-18, 2.52253018797e-19, 3.00120804086e-20],
        "var": [0.0275580529124, 3.14083886147, 23.3567695618, 44.5311775208, 77.7815933228, 146.121948242, 491.25, 1306.88391113, 908.838989258, 1795.76281738, 17425.1503906, 9137.05664062, 49435.8984375, 47250.609375, 32820.0546875, 39084.0703125, 2290.49975586, 8859.1953125, 6010.61572266, 7117.19042969, 4645.39111328, 1970.28930664, 901.834289551, 224.030929565, 227.437347412, 146.371627808, 83.5177307129, 105.381225586, 162.982498169, 281.657806396, 240.210601807, 304.384216309, 107.5728302, 13.3191537857, 5.8580622673, 9.3498249054, 0.0832728073001, 6.88641230226e-05, 8.85213040647e-08, 1.74816461307e-09]
    },
    "gfcc": {
        "mean": [-5.3087053299, 89.9424667358, -135.647918701, 36.5881919861, -73.066696167, 29.4923610687, -42.3485946655, 2.77357816696, -18.6041622162, -9.60051727295, -13.0869932175, -4.68452215195, -4.88833093643],
        "cov": [[5853.55078125, -1801.96765137, 685.395690918, 69.3301696777, 40.6422348022, 830.701049805, -431.487792969, 668.159851074, -348.08581543, 610.621765137, -316.746337891, 441.85723877, -189.183776855], [-1801.96765137, 1784.42297363, -78.990776062, 189.085800171, 347.757446289, -254.095840454, 400.656158447, -308.474365234, 316.356964111, -262.792022705, 294.548797607, -195.958084106, 164.769760132], [685.395690918, -78.990776062, 1554.13500977, 461.318756104, 370.296386719, 177.03515625, -143.773757935, 246.941421509, -267.110076904, 380.742523193, -144.636764526, 244.746688843, -139.343170166], [69.3301696777, 189.085800171, 461.318756104, 510.457611084, 198.573486328, 55.0226745605, -19.3177871704, 72.8135604858, 16.6438694, 40.2592964172, 52.6357154846, 11.1091394424, 8.30791950226], [40.6422348022, 347.757446289, 370.296386719, 198.573486328, 386.227752686, 84.9563598633, 113.944068909, 49.1779899597, -0.95875865221, 104.304840088, 3.16225981712, 78.7891769409, -1.12728142738], [830.701049805, -254.095840454, 177.03515625, 55.0226745605, 84.9563598633, 434.554840088, 37.3883361816, 91.5089645386, -58.1141204834, 97.3047866821, -19.634519577, 41.9715538025, -8.05981063843], [-431.487792969, 400.656158447, -143.773757935, -19.3177871704, 113.944068909, 37.3883361816, 331.504730225, -44.7684135437, 113.458366394, -59.1398239136, 77.3637771606, -42.7723808289, 38.7457427979], [668.159851074, -308.474365234, 246.941421509, 72.8135604858, 49.1779899597, 91.5089645386, -44.7684135437, 278.241027832, -18.1735706329, 148.761306763, -69.4335784912, 101.263442993, -48.2339897156], [-348.08581543, 316.356964111, -267.110076904, 16.6438694, -0.95875865221, -58.1141204834, 113.458366394, -18.1735706329, 264.150726318, -95.8367919922, 102.621055603, -82.4115829468, 62.7743606567], [610.621765137, -262.792022705, 380.742523193, 40.2592964172, 104.304840088, 97.3047866821, -59.1398239136, 148.761306763, -95.8367919922, 272.707366943, -63.91381073, 142.6065979, -69.5047454834], [-316.746337891, 294.548797607, -144.636764526, 52.6357154846, 3.16225981712, -19.634519577, 77.3637771606, -69.4335784912, 102.621055603, -63.91381073, 180.576065063, -32.9822883606, 62.9582748413], [441.85723877, -195.958084106, 244.746688843, 11.1091394424, 78.7891769409, 41.9715538025, -42.7723808289, 101.263442993, -82.4115829468, 142.6065979, -32.9822883606, 199.492950439, -2.19533371925], [-189.183776855, 164.769760132, -139.343170166, 8.30791950226, -1.12728142738, -8.05981063843, 38.7457427979, -48.2339897156, 62.7743606567, -69.5047454834, 62.9582748413, -2.19533371925, 124.681770325]],
        "icov": [[0.000413942907471, -4.1386929297e-06, 0.00021630046831, -0.000122024313896, 7.80328409746e-05, -0.000699300842825, 0.000423731777119, -0.000437038339442, -8.23413529361e-07, -0.000277880288195, 0.000234092745814, -0.00051065266598, 0.000256487925071], [-4.1386929297e-06, 0.00312941754237, -0.00130687782075, 0.000967027328443, -0.00307109998539, 0.00180617778096, -0.00140091299545, 0.00142657547258, -0.00130384706426, 0.00128398777451, -0.00276899244636, 0.00250721420161, -0.00177607336082], [0.00021630046831, -0.00130687782075, 0.00259430892766, -0.00194783951156, 0.000635784410406, -0.00110309349839, 0.000946236134041, -0.000781917828135, 0.00147568108514, -0.00188969145529, 0.0018806521548, -0.00196694117039, 0.00164167035837], [-0.000122024313896, 0.000967027328443, -0.00194783951156, 0.00462072761729, -0.00261470116675, 0.000704278296325, 0.000614120101091, -0.000796403677668, -0.000718679162674, 0.00183898035903, -0.00310992216691, 0.00263168639503, -0.00142124085687], [7.80328409746e-05, -0.00307109998539, 0.000635784410406, -0.00261470116675, 0.00835576467216, -0.00213020714, -0.000963737431448, -0.00031818205025, 0.000496520311572, -0.00252329325303, 0.00389948813245, -0.00405109068379, 0.00147894525435], [-0.000699300842825, 0.00180617778096, -0.00110309349839, 0.000704278296325, -0.00213020714, 0.00506202271208, -0.00215316656977, 0.000577706086915, 0.000355697033228, 0.000298853527056, -0.00221721595153, 0.00319929933175, -0.00236371415667], [0.000423731777119, -0.00140091299545, 0.000946236134041, 0.000614120101091, -0.000963737431448, -0.00215316656977, 0.00604864675552, -0.00114070088603, -0.000675820629112, 5.93966215092e-05, 9.59212557063e-05, -0.00109113077633, 0.00134773913305], [-0.000437038339442, 0.00142657547258, -0.000781917828135, -0.000796403677668, -0.00031818205025, 0.000577706086915, -0.00114070088603, 0.00811938662082, -0.00327902450226, -0.00133834430017, 0.00121498957742, -0.00118120247498, 0.000431340828072], [-8.23413529361e-07, -0.00130384706426, 0.00147568108514, -0.000718679162674, 0.000496520311572, 0.000355697033228, -0.000675820629112, -0.00327902450226, 0.00828109495342, -0.000597601698246, -0.00156775931828, 0.00177402596455, -0.00129170203581], [-0.000277880288195, 0.00128398777451, -0.00188969145529, 0.00183898035903, -0.00252329325303, 0.000298853527056, 5.93966215092e-05, -0.00133834430017, -0.000597601698246, 0.0107068624347, -0.00229750946164, -0.00253460463136, 0.00249240454286], [0.000234092745814, -0.00276899244636, 0.0018806521548, -0.00310992216691, 0.00389948813245, -0.00221721595153, 9.59212557063e-05, 0.00121498957742, -0.00156775931828, -0.00229750946164, 0.0124005256221, -0.00399922812358, -0.000167863880051], [-0.00051065266598, 0.00250721420161, -0.00196694117039, 0.00263168639503, -0.00405109068379, 0.00319929933175, -0.00109113077633, -0.00118120247498, 0.00177402596455, -0.00253460463136, -0.00399922812358, 0.0139781571925, -0.00645003281534], [0.000256487925071, -0.00177607336082, 0.00164167035837, -0.00142124085687, 0.00147894525435, -0.00236371415667, 0.00134773913305, 0.000431340828072, -0.00129170203581, 0.00249240454286, -0.000167863880051, -0.00645003281534, 0.014305700548]]
    },
    "melbands": {
        "dmean": [0.000548319367226, 0.000846596260089, 0.000469158549095, 0.000264198257355, 0.000178260059329, 0.000212261511479, 0.000119516938867, 0.000107770974864, 0.000124810670968, 0.000156690584845, 0.000226209609536, 0.000110319451778, 8.49638818181e-05, 0.000127712322865, 3.45638291037e-05, 3.87186810258e-05, 4.00915050704e-05, 2.93240991596e-05, 3.84693084925e-05, 1.65138681041e-05, 2.12750674109e-05, 1.13852011054e-05, 8.97234167496e-06, 7.44210137782e-06, 3.82203234039e-06, 2.9365780847e-06, 3.24446796185e-06, 2.36473329096e-06, 2.09509539673e-06, 1.7996059114e-06, 2.13200542021e-06, 2.19728531192e-06, 2.53111738857e-06, 3.07525306198e-06, 2.46577110374e-06, 2.28715566664e-06, 2.23993947657e-06, 1.89415652585e-06, 1.2428579339e-06, 7.51260813558e-07],
        "dmean2": [0.000889730406925, 0.00139956281055, 0.000779668451287, 0.000431828957517, 0.00028257354279, 0.000329689704813, 0.000185233351658, 0.000168815706274, 0.000192212581169, 0.000242893453105, 0.000343287363648, 0.000161909076269, 0.000120845325, 0.000168668382685, 5.06693977513e-05, 5.99828308623e-05, 6.04556953476e-05, 4.38657407358e-05, 5.78725375817e-05, 2.49731856456e-05, 3.16341138387e-05, 1.72176496562e-05, 1.35495256472e-05, 1.15476068459e-05, 6.01566807745e-06, 4.71943030789e-06, 5.21378069607e-06, 3.80036021852e-06, 3.30644138558e-06, 2.86230078927e-06, 3.32217541654e-06, 3.42517660101e-06, 3.93881100536e-06, 4.71397697765e-06, 3.83914039048e-06, 3.48749404111e-06, 3.40562314705e-06, 2.90075263365e-06, 1.86938393654e-06, 1.13276325919e-06],
        "dvar": [2.26327438213e-06, 4.1472594603e-06, 1.27951591367e-06, 2.30237105825e-07, 1.58937524475e-07, 2.34194658333e-07, 1.05584682331e-07, 1.21012789123e-07, 2.13962877638e-07, 1.5559453459e-07, 4.34502595681e-07, 1.33701576033e-07, 6.94838107052e-08, 1.10030377698e-07, 1.22371401901e-08, 6.29105700867e-09, 1.14850999822e-08, 5.97603033725e-09, 9.4006287199e-09, 1.89872606526e-09, 3.74773678757e-09, 8.03322075527e-10, 3.8079869813e-10, 2.19018400638e-10, 5.83352463557e-11, 4.40912167887e-11, 5.25952129071e-11, 3.14029913184e-11, 1.67255514993e-11, 1.4838401341e-11, 1.99863198908e-11, 2.82858337447e-11, 3.5206407234e-11, 4.75754054208e-11, 4.52958955066e-11, 3.25088289621e-11, 6.88126777781e-11, 3.91909178721e-11, 9.35778537992e-12, 3.84848836826e-12],
        "dvar2": [6.10303322901e-06, 1.06210627564e-05, 3.3305254874e-06, 5.83116730013e-07, 3.52913787083e-07, 5.26158828507e-07, 2.24865289056e-07, 2.48932366276e-07, 4.40144646063e-07, 3.56996451956e-07, 9.64747300713e-07, 2.56200706872e-07, 1.26521712218e-07, 1.66784516864e-07, 2.15660644898e-08, 1.24673462665e-08, 2.37090613808e-08, 1.20548540039e-08, 2.03381222974e-08, 4.17814183251e-09, 6.90709578421e-09, 1.48317891302e-09, 7.50118023252e-10, 4.86716944526e-10, 1.32987690304e-10, 9.84723344533e-11, 1.28869748206e-10, 7.99624255698e-11, 3.78371847742e-11, 3.35273128704e-11, 4.748363161e-11, 6.76171479919e-11, 8.07689401472e-11, 1.10183834279e-10, 1.08506169327e-10, 6.94909824128e-11, 1.60235921753e-10, 9.11775585588e-11, 2.00884118368e-11, 8.43024348246e-12],
        "max": [0.0312076434493, 0.0418970473111, 0.0285730045289, 0.00905400142074, 0.0162083879113, 0.0107406657189, 0.0102433888242, 0.0137550486252, 0.0167732257396, 0.011412575841, 0.0163898803294, 0.0196750871837, 0.00699658831581, 0.00873615313321, 0.00517430854961, 0.00261694774963, 0.00257662381046, 0.00279005407356, 0.00231404369697, 0.00127907516435, 0.00171929236967, 0.00130906736013, 0.000611903320532, 0.000466980738565, 0.00025713260402, 0.000377146468963, 0.000305965659209, 0.000218582630623, 0.000118065698189, 0.000167527017766, 0.000148525607074, 0.000181365932804, 0.000172491418198, 0.000266054179519, 0.000301588501316, 0.000173640379217, 0.00047280365834, 0.00027828902239, 0.000109058433736, 4.02683617722e-05],
        "mean": [0.000871700292919, 0.00144869578071, 0.000685503473505, 0.000445770740043, 0.000351764785592, 0.000387818930903, 0.000197496905457, 0.000189115802641, 0.000228088640142, 0.000273145793471, 0.000439643044956, 0.000248282885877, 0.000168294849573, 0.00032802761416, 6.26386754448e-05, 7.57224479457e-05, 7.8005141404e-05, 5.57090861548e-05, 7.23130506231e-05, 3.00858264382e-05, 3.93805785279e-05, 2.13294206333e-05, 1.74632514245e-05, 1.47824821397e-05, 7.26488997316e-06, 5.58216515856e-06, 5.95905976297e-06, 4.40846815764e-06, 4.05556465921e-06, 3.44742056768e-06, 4.01422630603e-06, 4.25789630754e-06, 4.98434383189e-06, 6.13903785052e-06, 4.80534345115e-06, 4.48192258773e-06, 4.0347617869e-06, 3.40419546774e-06, 2.13692692341e-06, 1.17439196856e-06],
        "median": [0.000305667519569, 0.000602908665314, 0.000345232547261, 0.000244451337494, 0.000163494099979, 0.000115712726256, 6.60626683384e-05, 4.78530564578e-05, 3.86604879168e-05, 7.03689293005e-05, 7.46666628402e-05, 3.60536723747e-05, 3.63072831533e-05, 4.06930048484e-05, 1.698887354e-05, 2.81806933344e-05, 2.03398321901e-05, 1.62334672495e-05, 1.81735413207e-05, 1.02865051304e-05, 1.22470592032e-05, 8.38377764012e-06, 7.05035245119e-06, 6.4956211645e-06, 3.55861288881e-06, 3.06351512336e-06, 2.7002497518e-06, 2.06324102692e-06, 2.0068282538e-06, 1.74246019924e-06, 1.93153800865e-06, 1.98111274585e-06, 2.13640282709e-06, 2.56521320807e-06, 2.16314674617e-06, 1.72819272848e-06, 1.32528725771e-06, 1.18493699119e-06, 6.62800175633e-07, 2.3490555634e-07],
        "min": [3.78307555657e-24, 3.74891156849e-24, 1.03030693139e-23, 3.89536398998e-24, 1.42936405321e-23, 2.4488902537e-23, 6.52381697174e-24, 7.55799744683e-24, 1.2645926249e-23, 5.77787680508e-24, 1.16666209106e-23, 5.65969124198e-24, 3.63545009892e-24, 9.8858581361e-24, 8.13402525755e-24, 4.18286671347e-24, 1.50773833078e-23, 7.60400854799e-24, 1.17563254396e-23, 7.44051160336e-24, 6.89476895165e-24, 7.32887437463e-24, 5.13805894055e-24, 9.56315959446e-24, 1.07102075269e-23, 8.06157390543e-24, 9.24432883784e-24, 9.04575992623e-24, 1.00127803337e-23, 6.03401639113e-24, 6.81577084288e-24, 8.75546069083e-24, 1.10439193556e-23, 1.32935337205e-23, 9.49244215861e-24, 8.48163602657e-24, 9.01616817595e-24, 7.22209889567e-24, 9.09408870072e-24, 9.97667495895e-24],
        "var": [2.89855779556e-06, 5.73609167986e-06, 1.39269570809e-06, 3.86419316101e-07, 5.29405497218e-07, 5.76401646413e-07, 1.92433901702e-07, 3.94067512843e-07, 9.50232617924e-07, 4.75343426842e-07, 1.31309616336e-06, 1.03557670172e-06, 2.21414836687e-07, 7.7575072055e-07, 4.57841089485e-08, 2.10727790773e-08, 3.3096270613e-08, 2.18096918303e-08, 2.92108275346e-08, 4.14143253025e-09, 1.01092583193e-08, 2.67588395886e-09, 1.31491417754e-09, 6.35364150181e-10, 1.42745773535e-10, 1.08289086032e-10, 1.47954690166e-10, 6.23052304194e-11, 3.71520661457e-11, 3.21500361056e-11, 3.9893862519e-11, 5.06762479202e-11, 7.29136820365e-11, 1.02112464317e-10, 8.39072838987e-11, 8.60275253811e-11, 1.37469632899e-10, 7.2992854816e-11, 2.00631785491e-11, 7.43209313536e-12]
    },
    "mfcc": {
        "mean": [-635.830566406, 104.780967712, 1.26459085941, 6.66544532776, 0.883714258671, 11.6436367035, -6.87638425827, 9.52063083649, -3.9011888504, 0.832576751709, -6.47366428375, -2.32222795486, -5.67489147186],
        "cov": [[4931.16162109, -1398.63806152, 180.211181641, -405.472564697, 266.781982422, 118.291061401, 77.3159484863, 123.50340271, 104.038230896, 133.791183472, 73.801109314, 43.6297073364, 120.510513306], [-1398.63806152, 1265.02099609, -36.4805641174, 304.388580322, 48.3460197449, 99.8669433594, 102.417060852, 18.4337463379, 31.6317119598, -0.403709948063, 45.6248931885, 31.3191242218, 33.7022666931], [180.211181641, -36.4805641174, 910.826171875, 322.927062988, 381.089782715, 128.424331665, 171.97769165, -30.5679187775, 34.7654151917, -22.8620090485, 59.4296531677, 55.8736152649, 79.2625045776], [-405.472564697, 304.388580322, 322.927062988, 533.477966309, 241.242950439, 27.1414394379, 77.6195297241, 15.2308692932, 37.2929420471, -2.92242264748, 42.2551422119, 63.1612701416, 44.4846382141], [266.781982422, 48.3460197449, 381.089782715, 241.242950439, 393.28692627, 109.437431335, 99.0269699097, 16.9794445038, 47.1977577209, 0.550088047981, 36.6111946106, 51.1216125488, 61.5568275452], [118.291061401, 99.8669433594, 128.424331665, 27.1414394379, 109.437431335, 280.562866211, 152.364608765, 38.8201026917, 35.874584198, 19.1558742523, 36.5610427856, 12.4767274857, 34.8211669922], [77.3159484863, 102.417060852, 171.97769165, 77.6195297241, 99.0269699097, 152.364608765, 245.437683105, 39.7917823792, 38.8668670654, 6.61191082001, 46.6750259399, 14.880988121, 47.1568527222], [123.50340271, 18.4337463379, -30.5679187775, 15.2308692932, 16.9794445038, 38.8201026917, 39.7917823792, 154.488525391, 57.4705429077, 49.0514183044, 25.3378124237, 16.5180282593, 0.833051204681], [104.038230896, 31.6317119598, 34.7654151917, 37.2929420471, 47.1977577209, 35.874584198, 38.8668670654, 57.4705429077, 134.323562622, 46.8380737305, 37.581199646, 10.0666894913, 22.2767753601], [133.791183472, -0.403709948063, -22.8620090485, -2.92242264748, 0.550088047981, 19.1558742523, 6.61191082001, 49.0514183044, 46.8380737305, 129.806671143, 48.6917686462, 14.2966852188, -4.50784015656], [73.801109314, 45.6248931885, 59.4296531677, 42.2551422119, 36.6111946106, 36.5610427856, 46.6750259399, 25.3378124237, 37.581199646, 48.6917686462, 115.917320251, 48.1801719666, 22.9245147705], [43.6297073364, 31.3191242218, 55.8736152649, 63.1612701416, 51.1216125488, 12.4767274857, 14.880988121, 16.5180282593, 10.0666894913, 14.2966852188, 48.1801719666, 121.674781799, 41.6635780334], [120.510513306, 33.7022666931, 79.2625045776, 44.4846382141, 61.5568275452, 34.8211669922, 47.1568527222, 0.833051204681, 22.2767753601, -4.50784015656, 22.9245147705, 41.6635780334, 108.669868469]],
