{
"lowlevel": {
    "average_loudness": 0.696821391582,
    "barkbands_crest": {
        "dmean": 3.11979341507,
        "dmean2": 5.08512306213,
        "dvar": 8.7078742981,
        "dvar2": 21.5415668488,
        "max": 26.4909992218,
        "mean": 12.0280017853,
        "median": 11.041434288,
        "min": 2.12566995621,
        "var": 25.1872425079
    },
    "barkbands_flatness_db": {
        "dmean": 0.0261747129261,
        "dmean2": 0.0404496490955,
        "dvar": 0.000640760641545,
        "dvar2": 0.00152436259668,
        "max": 0.436469554901,
        "mean": 0.194603323936,
        "median": 0.190208718181,
        "min": 0.0148722119629,
        "var": 0.00400298833847
    },
    "barkbands_kurtosis": {
        "dmean": 5.0912976265,
        "dmean2": 8.12803077698,
        "dvar": 200.937393188,
        "dvar2": 514.666259766,
        "max": 631.499511719,
        "mean": 7.4766793251,
        "median": 2.43395900726,
        "min": -1.93145120144,
        "var": 295.977172852
    },
    "barkbands_skewness": {
        "dmean": 0.720061659813,
        "dmean2": 1.0951063633,
        "dvar": 0.89460849762,
        "dvar2": 2.03511381149,
        "max": 21.8667049408,
        "mean": 1.71478796005,
        "median": 1.42802608013,
        "min": -6.72616863251,
        "var": 2.79793334007
    },
    "barkbands_spread": {
        "dmean": 5.48314332962,
        "dmean2": 8.57463645935,
        "dvar": 63.3369140625,
        "dvar2": 134.966827393,
        "max": 101.840713501,
        "mean": 19.3253593445,
        "median": 13.8207798004,
        "min": 0.327731430531,
        "var": 270.00213623
    },
    "dissonance": {
        "dmean": 0.0252934526652,
        "dmean2": 0.0424502193928,
        "dvar": 0.000695959373843,
        "dvar2": 0.00191811448894,
        "max": 0.500000178814,
        "mean": 0.444797694683,
        "median": 0.459869414568,
        "min": 0.182447046041,
        "var": 0.00230774283409
    },
    "dynamic_complexity": 3.85892510414,
    "erbbands_crest": {
        "dmean": 3.43013262749,
        "dmean2": 5.5212597847,
        "dvar": 10.3023166656,
        "dvar2": 24.7452888489,
        "max": 32.2113304138,
        "mean": 12.4023742676,
        "median": 11.3514633179,
        "min": 2.36888885498,
        "var": 37.198009491
    },
    "erbbands_flatness_db": {
        "dmean": 0.0217013955116,
        "dmean2": 0.0309617947787,
        "dvar": 0.000399825687055,
        "dvar2": 0.000771922699641,
        "max": 0.411674439907,
        "mean": 0.218230783939,
        "median": 0.220392599702,
        "min": 0.0617979131639,
        "var": 0.00439443206415
    },
    "erbbands_kurtosis": {
        "dmean": 1.95947086811,
        "dmean2": 3.0766711235,
        "dvar": 16.8939285278,
        "dvar2": 38.1862487793,
        "max": 161.572280884,
        "mean": 2.54221630096,
        "median": 0.77256155014,
        "min": -1.93528783321,
        "var": 44.4698371887
    },
    "erbbands_skewness": {
        "dmean": 0.489990234375,
        "dmean2": 0.747424721718,
        "dvar": 0.286030203104,
        "dvar2": 0.595676422119,
        "max": 10.689825058,
        "mean": 0.712049484253,
        "median": 0.614926159382,
        "min": -6.1822924614,
        "var": 1.76388370991
    },
    "erbbands_spread": {
        "dmean": 8.41636562347,
        "dmean2": 12.7511405945,
        "dvar": 118.61050415,
        "dvar2": 254.566360474,
        "max": 152.201812744,
        "mean": 33.352897644,
        "median": 25.8582611084,
        "min": 1.37530744076,
        "var": 559.07989502
    },
    "hfc": {
        "dmean": 6.29485702515,
        "dmean2": 9.01010894775,
        "dvar": 81.5414047241,
        "dvar2": 163.411727905,
        "max": 342.666870117,
        "mean": 21.1299133301,
        "median": 15.3056640625,
        "min": 1.17569086286e-16,
        "var": 415.571899414
    },
    "melbands_crest": {
        "dmean": 3.7071480751,
        "dmean2": 6.03218507767,
        "dvar": 10.8227291107,
        "dvar2": 26.3930130005,
        "max": 34.2765731812,
        "mean": 15.8201847076,
        "median": 14.9894590378,
        "min": 1.85035836697,
        "var": 33.1473999023
    },
    "melbands_flatness_db": {
        "dmean": 0.028406938538,
        "dmean2": 0.0431126952171,
        "dvar": 0.000920200836845,
        "dvar2": 0.00204687938094,
        "max": 0.506567239761,
        "mean": 0.217859476805,
        "median": 0.208378523588,
        "min": 0.00602219859138,
        "var": 0.00551818450913
    },
    "melbands_kurtosis": {
        "dmean": 11.7901105881,
        "dmean2": 18.9038352966,
        "dvar": 793.953613281,
        "dvar2": 1984.70532227,
        "max": 473.058654785,
        "mean": 18.3625736237,
        "median": 7.74237823486,
        "min": -1.93169653416,
        "var": 1164.48352051
    },
    "melbands_skewness": {
        "dmean": 0.949450612068,
        "dmean2": 1.44828295708,
        "dvar": 1.68182110786,
        "dvar2": 3.78928279877,
        "max": 16.7890586853,
        "mean": 2.67400455475,
        "median": 2.17007398605,
        "min": -2.80820679665,
        "var": 4.81094408035
    },
    "melbands_spread": {
        "dmean": 7.63376140594,
        "dmean2": 11.5897073746,
        "dvar": 173.242370605,
        "dvar2": 327.933197021,
        "max": 229.646865845,
        "mean": 23.6001644135,
        "median": 15.7009620667,
        "min": 0.26377967,
        "var": 646.060791016
    },
    "pitch_salience": {
        "dmean": 0.0810790807009,
        "dmean2": 0.129932925105,
        "dvar": 0.00617507379502,
        "dvar2": 0.0150285270065,
        "max": 0.877831816673,
        "mean": 0.521977841854,
        "median": 0.52910131216,
        "min": 0.0490985438228,
        "var": 0.0183356739581
    },
    "silence_rate_20dB": {
        "dmean": 0,
        "dmean2": 0,
        "dvar": 0,
        "dvar2": 0,
        "max": 1,
        "mean": 1,
        "median": 1,
        "min": 1,
        "var": 0
    },
    "silence_rate_30dB": {
        "dmean": 0.0272587388754,
        "dmean2": 0.0545234680176,
        "dvar": 0.0265174154192,
        "dvar2": 0.073759354651,
        "max": 1,
        "mean": 0.983844399452,
        "median": 1,
        "min": 0,
        "var": 0.0158937573433
    },
    "silence_rate_60dB": {
        "dmean": 0.0320949666202,
        "dmean2": 0.0640870630741,
        "dvar": 0.0310708899051,
        "dvar2": 0.0705379098654,
        "max": 1,
        "mean": 0.120013184845,
        "median": 0,
        "min": 0,
        "var": 0.105610199273
    },
    "spectral_centroid": {
        "dmean": 245.601867676,
        "dmean2": 371.575408936,
        "dvar": 111580.4375,
        "dvar2": 216681.328125,
        "max": 10579.9648438,
        "mean": 1372.65466309,
        "median": 1276.74829102,
        "min": 203.500671387,
        "var": 627493.8125
    },
    "spectral_complexity": {
        "dmean": 3.07891845703,
        "dmean2": 4.84082651138,
        "dvar": 13.039973259,
        "dvar2": 30.3536224365,
        "max": 50,
        "mean": 14.9710960388,
        "median": 13,
        "min": 0,
        "var": 100.793266296
    },
    "spectral_decrease": {
        "dmean": 2.52815723911e-09,
        "dmean2": 3.99769284343e-09,
        "dvar": 3.15060555263e-17,
        "dvar2": 7.75402481104e-17,
        "max": 4.90949364646e-29,
        "mean": -5.88227599962e-09,
        "median": -4.41477299162e-09,
        "min": -6.25424902978e-08,
        "var": 4.14249139091e-17
    },
    "spectral_energy": {
        "dmean": 0.00993717089295,
        "dmean2": 0.0156085537747,
        "dvar": 0.000456405075965,
        "dvar2": 0.00111683469731,
        "max": 0.238430902362,
        "mean": 0.024117583409,
        "median": 0.0183264650404,
        "min": 1.04785769814e-20,
        "var": 0.000639384787064
    },
    "spectral_energyband_high": {
        "dmean": 0.000385182211176,
        "dmean2": 0.00056771870004,
        "dvar": 8.5383288706e-07,
        "dvar2": 1.64401569691e-06,
        "max": 0.035621073097,
        "mean": 0.000900698360056,
        "median": 0.000319064594805,
        "min": 7.49944965457e-21,
        "var": 2.88516298497e-06
    },
    "spectral_energyband_low": {
        "dmean": 0.00613308278844,
        "dmean2": 0.0102343875915,
        "dvar": 0.000458986993181,
        "dvar2": 0.00116028694902,
        "max": 0.232394069433,
        "mean": 0.00749333994463,
        "median": 0.000773924519308,
        "min": 9.92305671431e-23,
        "var": 0.000416249153204
    },
    "spectral_energyband_middle_high": {
        "dmean": 0.00229393457994,
        "dmean2": 0.00328483292833,
        "dvar": 1.53621422214e-05,
        "dvar2": 2.92040022032e-05,
        "max": 0.0730675905943,
        "mean": 0.00647020153701,
        "median": 0.00249767000787,
        "min": 1.53325509699e-21,
        "var": 8.04582232377e-05
    },
    "spectral_energyband_middle_low": {
        "dmean": 0.00434066029266,
        "dmean2": 0.00672456575558,
        "dvar": 4.34450885223e-05,
        "dvar2": 0.000100709097751,
        "max": 0.0981854423881,
        "mean": 0.0100525701419,
        "median": 0.00637055840343,
        "min": 2.51719986519e-22,
        "var": 0.000117944509839
    },
    "spectral_entropy": {
        "dmean": 0.176072105765,
        "dmean2": 0.257600665092,
        "dvar": 0.0344878174365,
        "dvar2": 0.0656712725759,
        "max": 9.80223846436,
        "mean": 7.32384300232,
        "median": 7.44255781174,
        "min": 4.62277555466,
        "var": 0.363516896963
    },
    "spectral_flux": {
        "dmean": 0.0303311012685,
        "dmean2": 0.047783896327,
        "dvar": 0.00153919996228,
        "dvar2": 0.00322209205478,
        "max": 0.407494932413,
        "mean": 0.0892187654972,
        "median": 0.074792817235,
        "min": 1.02364922094e-10,
        "var": 0.00416907342151
    },
    "spectral_kurtosis": {
        "dmean": 2.10486292839,
        "dmean2": 3.55249357224,
        "dvar": 6.4134349823,
        "dvar2": 17.5012779236,
        "max": 37.7665939331,
        "mean": 4.25178432465,
        "median": 3.06093025208,
        "min": -1.33065116405,
        "var": 18.3587799072
    },
    "spectral_rms": {
        "dmean": 0.000836536346469,
        "dmean2": 0.00125862180721,
        "dvar": 1.55688178438e-06,
        "dvar2": 3.37899359693e-06,
        "max": 0.0152517380193,
        "mean": 0.00430034007877,
        "median": 0.00422841310501,
        "min": 3.197342998e-12,
        "var": 5.03648288941e-06
    },
    "spectral_rolloff": {
        "dmean": 488.499572754,
        "dmean2": 814.051086426,
        "dvar": 980522.3125,
        "dvar2": 1894585.5,
        "max": 19078.4179688,
        "mean": 1614.21264648,
        "median": 1162.79296875,
        "min": 64.599609375,
        "var": 2858307
    },
    "spectral_skewness": {
        "dmean": 0.267253398895,
        "dmean2": 0.426842391491,
        "dvar": 0.0676895752549,
        "dvar2": 0.159664943814,
        "max": 4.73774242401,
        "mean": 1.39927721024,
        "median": 1.33655059338,
        "min": -0.516000568867,
        "var": 0.452734231949
    },
    "spectral_spread": {
        "dmean": 486764.375,
        "dmean2": 689644.1875,
        "dvar": 486312738816,
        "dvar2": 691801292800,
        "max": 42014092,
        "mean": 4040720.5,
        "median": 3648763.75,
        "min": 1403161.375,
        "var": 2.53773139149e+12
    },
    "spectral_strongpeak": {
        "dmean": 0.70112913847,
        "dmean2": 1.13337743282,
        "dvar": 1.3091609478,
        "dvar2": 3.09416127205,
        "max": 19.322101593,
        "mean": 1.41310346127,
        "median": 0.737823843956,
        "min": 0,
        "var": 3.01925492287
    },
    "zerocrossingrate": {
        "dmean": 0.0103990808129,
        "dmean2": 0.011799315922,
        "dvar": 0.000268052215688,
        "dvar2": 0.0002569189528,
        "max": 0.58251953125,
        "mean": 0.0616997741163,
        "median": 0.05419921875,
        "min": 0.00634765625,
        "var": 0.0019481414929
    },
    "barkbands": {
        "dmean": [0.000125611215481, 0.0046906946227, 0.0019706946332, 0.000618753198069, 0.0011350660352, 0.00100547133479, 0.00107260642108, 0.00132244848646, 0.00103478634264, 0.000968370120972, 0.000525436189491, 0.000318400270771, 0.000333406147547, 0.000654065050185, 0.000548839278053, 0.000267389084911, 0.000158292532433, 0.000216554908548, 0.000175071560079, 0.000152770240675, 9.02742249309e-05, 9.81328994385e-05, 0.000103454338387, 7.24834171706e-05, 3.19809187204e-05, 1.08413150883e-05, 8.52066595058e-09],
        "dmean2": [0.000210946047446, 0.00799030996859, 0.00347697758116, 0.00102318578865, 0.00189240579493, 0.00154289929196, 0.00169007200748, 0.00211262376979, 0.00156761368271, 0.00149061065167, 0.000821661262307, 0.000487548677484, 0.000517259933986, 0.00101360166445, 0.000878373277374, 0.000428874947829, 0.000257642503129, 0.000345310487319, 0.000280888343696, 0.000242522568442, 0.00014512562484, 0.000152900669491, 0.000157892965944, 0.000106694627902, 4.79292102682e-05, 1.74190336111e-05, 1.54680019904e-08],
        "dvar": [1.2961625373e-07, 0.000319644750562, 4.37472117483e-05, 2.01239731723e-06, 1.04267683128e-05, 5.69228222957e-06, 1.02147068901e-05, 1.71908886841e-05, 9.93187495624e-06, 7.87592762208e-06, 2.56861244452e-06, 8.90273042842e-07, 1.27800069549e-06, 3.99105192628e-06, 3.06510901282e-06, 6.27870747394e-07, 1.20147547022e-07, 1.90374194631e-07, 1.08295537871e-07, 1.33029431026e-07, 6.11573440779e-08, 6.67687771738e-08, 7.33370839612e-08, 7.17021819696e-08, 1.95218810006e-08, 3.45262107793e-09, 4.21639279209e-15],
        "dvar2": [3.33448042511e-07, 0.000834074569866, 0.000124152313219, 5.27027805219e-06, 2.81264437945e-05, 1.17967538245e-05, 2.2965048629e-05, 3.97603726014e-05, 2.10049893212e-05, 1.69320737768e-05, 5.73704801354e-06, 1.92932679965e-06, 2.74719218396e-06, 8.78236733115e-06, 6.96065126249e-06, 1.44221462506e-06, 2.94848092608e-07, 4.63988698129e-07, 2.75671681038e-07, 3.0854829447e-07, 1.28631100438e-07, 1.40594380582e-07, 1.52032924916e-07, 1.32835396016e-07, 3.53602587211e-08, 7.31696436773e-09, 1.24678201519e-14],
        "max": [0.00529511878267, 0.181853592396, 0.0895534157753, 0.0251877773553, 0.0620183832943, 0.0542568638921, 0.065702535212, 0.097362741828, 0.0692102238536, 0.0609230808914, 0.0331165753305, 0.0340976268053, 0.0282338876277, 0.0554886423051, 0.0444839224219, 0.019672608003, 0.00787367019802, 0.0102381166071, 0.00679659331217, 0.0159357879311, 0.0104300575331, 0.00892191659659, 0.00794536434114, 0.0161274187267, 0.0106347138062, 0.0036832690239, 2.15356112676e-06],
        "mean": [0.000135796493851, 0.00454441132024, 0.00225752382539, 0.000971119327005, 0.00149896251969, 0.00188256066758, 0.00159430352505, 0.00216961978003, 0.00151850527618, 0.00159304088447, 0.000765645178035, 0.000508303986862, 0.000471747218398, 0.000967795669567, 0.000796221022028, 0.000381464022212, 0.000277542887488, 0.000379891716875, 0.000341065664543, 0.000320281949826, 0.000176607587491, 0.000177115303813, 0.000190552702406, 0.000129839871079, 5.34104765393e-05, 1.43156303238e-05, 5.71860603316e-09],
        "median": [1.84252246527e-06, 5.36203151569e-05, 0.000378723547328, 0.000223263690714, 0.000365285552107, 0.000626237073448, 0.000278830528259, 0.000175027205842, 0.000156593348947, 0.000126198283397, 8.91160743777e-05, 7.78085232014e-05, 7.94063234935e-05, 9.20608144952e-05, 9.49328386923e-05, 8.89268849278e-05, 9.89951367956e-05, 0.000138512332342, 0.000124098005472, 7.38307644497e-05, 3.58979341399e-05, 6.05535533396e-05, 5.45160655747e-05, 2.43095382757e-05, 1.73271803305e-06, 1.0214691315e-07, 3.89781346088e-10],
        "min": [1.37143058165e-23, 7.04240742551e-23, 2.02292540195e-23, 8.98454116454e-24, 2.68324946905e-23, 1.83944408623e-23, 1.0586861709e-22, 3.65687201124e-23, 3.05196368724e-23, 6.97654258863e-23, 5.50599037207e-23, 1.32303295537e-22, 5.30326763446e-23, 1.0638870993e-22, 1.60076323841e-22, 1.52980690393e-22, 2.21014086965e-22, 1.11327686016e-22, 2.86655265997e-22, 2.61462961435e-22, 4.27762741486e-22, 5.72952830906e-22, 6.04315062733e-22, 7.93655917347e-22, 1.23069076583e-21, 1.69077726592e-21, 2.2907595764e-21],
        "var": [1.44501754562e-07, 0.000251424760791, 3.46257038473e-05, 3.88050102629e-06, 1.04831378849e-05, 1.49216930367e-05, 1.8259659555e-05, 4.58062859252e-05, 2.05694232136e-05, 2.28670141951e-05, 5.66557355342e-06, 2.6527297905e-06, 2.21289724323e-06, 9.73062014964e-06, 6.3081688495e-06, 1.19816445476e-06, 2.67780933427e-07, 4.05443273621e-07, 2.53668105188e-07, 6.14443763425e-07, 1.49193539301e-07, 1.47327568811e-07, 1.89912739756e-07, 1.87707385635e-07, 6.01667409228e-08, 9.00091468026e-09, 2.41275746839e-15]
    },
    "erbbands": {
        "dmean": [0.103714697063, 1.18222796917, 2.49942111969, 1.93796885014, 2.63213038445, 4.08543348312, 5.79778003693, 9.3188085556, 13.7165699005, 21.0247898102, 27.0335865021, 24.3489322662, 25.9435482025, 29.6519126892, 16.5536155701, 12.2680912018, 14.9861803055, 24.8253746033, 36.7313613892, 16.9727554321, 11.9240312576, 8.1678943634, 10.446937561, 10.2197628021, 7.92381477356, 7.46211147308, 4.25105142593, 3.49830341339, 3.26609921455, 3.41003370285, 2.92918753624, 1.87278223038, 1.05445301533, 0.445799827576, 0.201460704207, 0.0738156586885, 0.0161038637161, 0.000438600342022, 1.78044356289e-05, 1.21940975077e-05],
        "dmean2": [0.174311682582, 2.05118250847, 4.4211935997, 3.2297809124, 4.42842769623, 6.85270833969, 8.8235168457, 14.4249324799, 21.7954940796, 32.127784729, 41.7955474854, 36.8302612305, 39.7178268433, 45.8106002808, 24.2126960754, 18.0965957642, 22.476228714, 36.2486038208, 54.862903595, 25.6540699005, 19.1812992096, 12.959643364, 16.7504558563, 16.0345726013, 12.4752635956, 11.7447652817, 6.77302026749, 5.62801218033, 5.10296869278, 5.17950773239, 4.46047687531, 2.75977325439, 1.58194160461, 0.668184876442, 0.303905904293, 0.117375090718, 0.025642875582, 0.000689721142408, 2.68927869911e-05, 1.86953147931e-05],
        "dvar": [0.121686056256, 22.2085800171, 83.659538269, 21.650428772, 56.2625007629, 145.352111816, 228.710678101, 552.643371582, 1785.89819336, 4126.72167969, 7507.30078125, 5856.39550781, 6087.77197266, 8147.94970703, 2214.20678711, 1350.06835938, 2533.01806641, 6184.46728516, 12694.8876953, 2652.10791016, 1126.14526367, 315.127105713, 461.151794434, 445.778411865, 207.328369141, 449.270385742, 161.10307312, 85.6502609253, 78.9488449097, 68.9160614014, 63.0682296753, 44.445766449, 16.3144207001, 3.3666408062, 0.966855466366, 0.14497821033, 0.00821611564606, 5.10045492774e-06, 5.19106668762e-09, 5.96633298322e-10],
        "dvar2": [0.312026262283, 59.275062561, 233.628448486, 57.811000824, 154.053787231, 396.248474121, 457.750427246, 1173.76257324, 4184.81738281, 9350.59765625, 16075.1171875, 12474.1220703, 13311.1347656, 17740.6386719, 4384.98242188, 2789.77368164, 5376.41748047, 13091.1923828, 28764.84375, 5502.85205078, 2594.43359375, 732.376708984, 1116.02819824, 977.551513672, 502.886230469, 1012.41253662, 320.20211792, 193.310638428, 168.26965332, 141.519714355, 131.527999878, 89.0728607178, 32.7510910034, 6.54956626892, 1.88169133663, 0.307492762804, 0.0168412271887, 1.09951506602e-05, 1.01845838429e-08, 1.38929623361e-09],
        "max": [3.54958868027, 48.8485336304, 105.791954041, 66.4939346313, 183.63092041, 193.806518555, 441.475830078, 582.786132812, 978.021911621, 1742.07128906, 2166.30297852, 2061.66479492, 1761.58935547, 2267.14160156, 1294.03417969, 1762.04284668, 1333.47143555, 2161.15014648, 2972.33789062, 1833.13061523, 864.650268555, 518.917419434, 520.856506348, 485.770568848, 258.426300049, 1098.90124512, 667.246154785, 356.476806641, 309.007171631, 242.733764648, 274.139434814, 324.896453857, 252.510375977, 120.358001709, 77.6553115845, 23.3212032318, 5.98200416565, 0.142050758004, 0.00505502102897, 0.000618786609266],
        "mean": [0.111467689276, 1.07933032513, 2.6735033989, 3.12883210182, 3.74209046364, 5.12480783463, 9.26379203796, 17.8968257904, 22.2365474701, 34.133354187, 41.9006156921, 36.4353752136, 41.2765464783, 48.3663520813, 29.2200832367, 21.5373954773, 23.3061065674, 39.6299324036, 55.9344062805, 26.8303050995, 19.2789058685, 15.9138708115, 19.2807846069, 19.8869895935, 16.8064613342, 15.6365022659, 8.51503372192, 6.99086046219, 6.12368965149, 6.24901294708, 5.24536371231, 3.26920747757, 1.83702731133, 0.747958779335, 0.308033138514, 0.102043814957, 0.0201622396708, 0.000553159974515, 3.48740431946e-05, 3.17969861499e-05],
        "median": [0.000569400610402, 0.0240330286324, 0.354671657085, 0.774086475372, 0.720282256603, 1.33857178688, 2.91006350517, 5.57949733734, 5.17569160461, 4.86580896378, 5.63126373291, 5.19887304306, 4.41655874252, 5.77997493744, 4.92422628403, 4.34116601944, 4.85855770111, 5.51062917709, 7.23382139206, 5.54614067078, 5.95179271698, 5.83388137817, 7.70320796967, 7.49946260452, 6.05254745483, 3.6069290638, 1.77565121651, 1.70071005821, 1.98384594917, 2.22832465172, 1.41641020775, 0.668854117393, 0.302529484034, 0.0495714880526, 0.00670480867848, 0.00150472065434, 0.000158232651302, 1.59636292665e-05, 1.4836597984e-05, 2.46378876909e-05],
        "min": [1.67523329821e-21, 1.69865949341e-20, 2.96654820384e-20, 2.69225979792e-20, 4.80968206137e-20, 7.83200388736e-20, 1.75224926181e-19, 1.6051209727e-19, 9.34988095763e-19, 1.81199620726e-18, 7.116226021e-19, 7.3587765731e-19, 1.89364348321e-18, 1.96038393055e-18, 3.76334711873e-18, 3.97049961389e-18, 2.74075542621e-18, 4.02583510174e-18, 5.8694122376e-18, 1.1596014224e-17, 8.48445689022e-18, 1.0165883465e-17, 7.26488164741e-18, 1.01376319383e-17, 1.72818295887e-17, 1.22020530629e-17, 1.47513798702e-17, 2.01339896998e-17, 2.22336057051e-17, 1.71191347428e-17, 1.59213193132e-17, 1.51068723189e-17, 1.42795692837e-17, 1.28992223898e-17, 9.16721094065e-18, 6.07033771711e-18, 2.96379516581e-18, 1.4372396526e-18, 3.13755008865e-19, 3.54862744607e-20],
        "var": [0.111488111317, 16.1581516266, 61.5335083008, 35.5381393433, 64.1582489014, 133.960144043, 576.211853027, 1411.09179688, 3502.64770508, 9662.16210938, 18780.0683594, 11881.7890625, 15002.3974609, 21439.2539062, 7463.63964844, 4676.18652344, 4668.28173828, 14805.1943359, 24902.9921875, 6560.19042969, 2333.32275391, 843.757873535, 969.863037109, 1070.36767578, 619.115905762, 1851.75842285, 455.615631104, 242.726776123, 178.024230957, 166.719268799, 161.841522217, 110.62437439, 37.5116577148, 9.53629207611, 2.62765979767, 0.386292904615, 0.0208157878369, 1.23043964777e-05, 1.50726631176e-08, 1.0982432741e-09]
    },
    "gfcc": {
        "mean": [-54.3735046387, 102.527381897, -151.173751831, 38.8961257935, -80.8348770142, 8.43045806885, -39.1693115234, -3.51460456848, -10.6020879745, -12.1706905365, -3.39389681816, -11.685218811, -8.19916629791],
        "cov": [[8330.06640625, -1923.65795898, 297.590179443, 1231.59326172, 616.45501709, 919.26739502, 89.0837402344, 774.03314209, -438.339538574, 299.302215576, -397.132324219, 190.920288086, -136.738815308], [-1923.65795898, 1939.4609375, 119.679954529, 13.6251249313, 366.274902344, -375.243530273, 287.384979248, -288.873382568, 286.009552002, -188.375915527, 247.942245483, -105.804328918, 88.5893325806], [297.590179443, 119.679954529, 1853.5612793, 735.420227051, 371.417724609, 204.023605347, -142.735626221, 233.161407471, -244.208343506, 360.654449463, -180.272216797, 299.790863037, -50.3337173462], [1231.59326172, 13.6251249313, 735.420227051, 1078.46166992, 474.951293945, 172.604217529, 81.4758758545, 149.985565186, -75.7135848999, 115.473388672, -79.054145813, 83.133934021, 79.2198562622], [616.45501709, 366.274902344, 371.417724609, 474.951293945, 636.167480469, 142.251968384, 147.689453125, 154.404251099, -41.0587806702, 78.5531082153, -87.943649292, 58.3810653687, 32.4951705933], [919.26739502, -375.243530273, 204.023605347, 172.604217529, 142.251968384, 456.058044434, 75.8180236816, 153.445297241, -139.790496826, 41.960395813, -95.611038208, 23.1696224213, 0.445376813412], [89.0837402344, 287.384979248, -142.735626221, 81.4758758545, 147.689453125, 75.8180236816, 333.319671631, 11.2466783524, 33.1178436279, -76.667175293, 39.2672996521, -56.433681488, 41.6915740967], [774.03314209, -288.873382568, 233.161407471, 149.985565186, 154.404251099, 153.445297241, 11.2466783524, 281.740753174, -60.6404075623, 113.648345947, -121.467628479, 54.6804466248, -18.4113616943], [-438.339538574, 286.009552002, -244.208343506, -75.7135848999, -41.0587806702, -139.790496826, 33.1178436279, -60.6404075623, 273.805969238, -62.9387245178, 95.7205123901, -87.3813858032, 1.42289304733], [299.302215576, -188.375915527, 360.654449463, 115.473388672, 78.5531082153, 41.960395813, -76.667175293, 113.648345947, -62.9387245178, 256.709991455, -35.1814804077, 86.4093170166, -61.6678237915], [-397.132324219, 247.942245483, -180.272216797, -79.054145813, -87.943649292, -95.611038208, 39.2672996521, -121.467628479, 95.7205123901, -35.1814804077, 238.209472656, -43.8965148926, 3.32278704643], [190.920288086, -105.804328918, 299.790863037, 83.133934021, 58.3810653687, 23.1696224213, -56.433681488, 54.6804466248, -87.3813858032, 86.4093170166, -43.8965148926, 173.299835205, 10.6088218689], [-136.738815308, 88.5893325806, -50.3337173462, 79.2198562622, 32.4951705933, 0.445376813412, 41.6915740967, -18.4113616943, 1.42289304733, -61.6678237915, 3.32278704643, 10.6088218689, 148.737518311]],
        "icov": [[0.000286933209281, 9.40240061027e-05, 0.000282250752207, -0.000419521384174, -1.65678393387e-05, -0.00025588736753, 2.28689332289e-05, -0.000448056060122, 0.000170442232047, 5.42085617781e-05, -1.5315186829e-05, -0.000333553500241, 0.00051423482364], [9.40240061027e-05, 0.00286554079503, -0.0017051101895, 0.00141320575494, -0.00292286626063, 0.00197689142078, -0.00169091927819, 0.00191824033391, -0.00130364787765, 0.00162949389778, -0.00158958649263, 0.00167096382938, -0.00100154848769], [0.000282250752207, -0.0017051101895, 0.00266729504801, -0.00206352863461, 0.00177069881465, -0.00169607729185, 0.00134562049061, -0.00158119155094, 0.00121112260967, -0.00176244031172, 0.00125346367713, -0.00270874239504, 0.00174496835098], [-0.000419521384174, 0.00141320575494, -0.00206352863461, 0.00332827982493, -0.00254375208169, 0.00134500476997, -0.000973524758592, 0.00168808037415, -0.00104546768125, 0.000742377189454, -0.001051758416, 0.00211327150464, -0.00247428263538], [-1.65678393387e-05, -0.00292286626063, 0.00177069881465, -0.00254375208169, 0.00591305177659, -0.00214521074668, 0.000493722094689, -0.00263172760606, 0.00107051315717, -0.00197838409804, 0.00224557006732, -0.00230239867233, 0.00121368968394], [-0.00025588736753, 0.00197689142078, -0.00169607729185, 0.00134500476997, -0.00214521074668, 0.00510923005641, -0.00195068749599, 0.000403288810048, 0.00046261085663, 0.0014766745735, -0.00105219252873, 0.00235808175057, -0.00118982477579], [2.28689332289e-05, -0.00169091927819, 0.00134562049061, -0.000973524758592, 0.000493722094689, -0.00195068749599, 0.00546644534916, -0.00175472884439, 0.000809141318314, 0.000156393332873, -0.000252293684753, -0.000238074804656, 0.000230256060604], [-0.000448056060122, 0.00191824033391, -0.00158119155094, 0.00168808037415, -0.00263172760606, 0.000403288810048, -0.00175472884439, 0.00888228509575, -0.00215511675924, -0.00138267932925, 0.00151918258052, 0.00112773373257, -0.00149054522626], [0.000170442232047, -0.00130364787765, 0.00121112260967, -0.00104546768125, 0.00107051315717, 0.00046261085663, 0.000809141318314, -0.00215511675924, 0.00648912554607, -0.000254470505752, -0.000904637563508, 0.0010553576285, 0.000948353495914], [5.42085617781e-05, 0.00162949389778, -0.00176244031172, 0.000742377189454, -0.00197838409804, 0.0014766745735, 0.000156393332873, -0.00138267932925, -0.000254470505752, 0.00841051340103, -0.00232467171736, -0.000441303476691, 0.001873197034], [-1.5315186829e-05, -0.00158958649263, 0.00125346367713, -0.001051758416, 0.00224557006732, -0.00105219252873, -0.000252293684753, 0.00151918258052, -0.000904637563508, -0.00232467171736, 0.00743019534275, -0.00124989938922, 0.00065636303043], [-0.000333553500241, 0.00167096382938, -0.00270874239504, 0.00211327150464, -0.00230239867233, 0.00235808175057, -0.000238074804656, 0.00112773373257, 0.0010553576285, -0.000441303476691, -0.00124989938922, 0.0115147596225, -0.0036282625515], [0.00051423482364, -0.00100154848769, 0.00174496835098, -0.00247428263538, 0.00121368968394, -0.00118982477579, 0.000230256060604, -0.00149054522626, 0.000948353495914, 0.001873197034, 0.00065636303043, -0.0036282625515, 0.010201937519]]
    },
    "melbands": {
        "dmean": [0.00112819415517, 0.00139979412779, 0.000332293158863, 0.000255985331023, 0.000185385390068, 0.00020240660524, 0.000209305013414, 0.000248248165008, 0.000218368426431, 0.00015155771689, 0.000135730530019, 0.000127016130136, 6.26694745733e-05, 3.76496136596e-05, 3.78362274205e-05, 3.20764120261e-05, 5.45187285752e-05, 6.84375045239e-05, 3.414184539e-05, 2.12492159335e-05, 1.40555739563e-05, 9.58451801125e-06, 1.00396200651e-05, 1.09059483293e-05, 9.35609295993e-06, 6.57266537019e-06, 6.09476728641e-06, 5.32234935235e-06, 3.25985024574e-06, 2.03576519198e-06, 2.3335323931e-06, 1.95758752852e-06, 2.07745438274e-06, 2.00967929231e-06, 1.9015608359e-06, 1.43630848015e-06, 1.12610757697e-06, 8.63235527504e-07, 5.28662383203e-07, 3.56172421334e-07],
        "dmean2": [0.00190262799151, 0.00243112188764, 0.000554470170755, 0.000433443841757, 0.000285269954475, 0.000312083226163, 0.000333139672875, 0.000385333056329, 0.000332645518938, 0.000229243698413, 0.000208990619285, 0.000196555964067, 9.3810063845e-05, 5.71639975533e-05, 5.61268316233e-05, 4.92953768116e-05, 8.1656864495e-05, 0.00010447933164, 5.29738645128e-05, 3.36440680258e-05, 2.28892276937e-05, 1.53291020979e-05, 1.64345128724e-05, 1.75785771717e-05, 1.46953670992e-05, 1.05257677205e-05, 9.59649969445e-06, 8.39775293571e-06, 5.1798210734e-06, 3.38361428476e-06, 3.78366075893e-06, 3.0827034152e-06, 3.30843045049e-06, 3.07935829369e-06, 2.92886943498e-06, 2.21904906539e-06, 1.67593441347e-06, 1.32799038965e-06, 8.14512645775e-07, 5.47759839264e-07],
        "dvar": [1.6789575966e-05, 2.81103348243e-05, 6.05427203482e-07, 6.53747918022e-07, 1.95633063527e-07, 2.40151308617e-07, 4.00960260549e-07, 5.77278740366e-07, 4.70950624276e-07, 2.2737462757e-07, 1.65380996009e-07, 1.502275353e-07, 3.26982387833e-08, 1.24677299596e-08, 1.56570951759e-08, 1.17430722923e-08, 3.24506359561e-08, 4.52754989055e-08, 1.26782397913e-08, 4.63942662066e-09, 1.57701451897e-09, 5.01744423786e-10, 4.66578109481e-10, 5.56182100375e-10, 4.17374301787e-10, 1.51281320804e-10, 1.54288914977e-10, 2.67357830319e-10, 1.36630831649e-10, 2.68984712976e-11, 4.49240505906e-11, 3.00513641749e-11, 3.03626117304e-11, 2.3608771188e-11, 2.63933718631e-11, 2.01268585132e-11, 1.81644439073e-11, 1.04240375012e-11, 4.83472593557e-12, 2.18611673902e-12],
        "dvar2": [4.31882581324e-05, 7.58637834224e-05, 1.62876528975e-06, 1.80390134119e-06, 3.96843660155e-07, 5.05960031205e-07, 9.27876897094e-07, 1.31943568249e-06, 9.73366468315e-07, 4.70523019658e-07, 3.60059260629e-07, 3.2567899666e-07, 6.76428584256e-08, 2.68420823346e-08, 3.20112043539e-08, 2.56657433084e-08, 6.89304684443e-08, 1.03037272936e-07, 2.63769130981e-08, 1.03402761908e-08, 3.74409658832e-09, 1.16682030704e-09, 1.0888298041e-09, 1.35639144361e-09, 9.35770905208e-10, 3.79730608069e-10, 3.48031048425e-10, 6.1671351359e-10, 2.55457321963e-10, 6.69308011791e-11, 1.04850857163e-10, 6.44397868399e-11, 7.09883818395e-11, 4.88476516181e-11, 5.73842640073e-11, 4.36842680085e-11, 3.74050582175e-11, 2.11253497334e-11, 1.03953868083e-11, 4.34810737762e-12],
        "max": [0.0417177528143, 0.0554687082767, 0.010702543892, 0.0167602766305, 0.0118430806324, 0.0123412292451, 0.0137708764523, 0.0197931136936, 0.0158442519605, 0.0136988963932, 0.00904149655253, 0.0100356088951, 0.0043671396561, 0.00317131122574, 0.00284902472049, 0.00264456216246, 0.00487734889612, 0.0048816408962, 0.00345074012876, 0.00176172680221, 0.000939753546845, 0.00067847565515, 0.000807796022855, 0.000429674168117, 0.000476144050481, 0.000191338054719, 0.0003856869007, 0.000808231823612, 0.000603406922892, 0.000164734810824, 0.000242758906097, 0.000202298993827, 0.000187396944966, 0.000119096876006, 0.000193556930753, 0.000184095406439, 0.000225216441322, 0.000191780898604, 0.00014385371469, 9.67370942817e-05],
        "mean": [0.00114455947187, 0.00146178575233, 0.000559226202313, 0.000327469082549, 0.0003037918068, 0.000387028616387, 0.00033509847708, 0.000410103210015, 0.000323395681335, 0.000223613940761, 0.000206930490094, 0.000202607872779, 9.93316716631e-05, 6.27291592536e-05, 5.44185495528e-05, 4.44730831077e-05, 7.97908214736e-05, 9.69940811046e-05, 4.95600979775e-05, 2.91586129606e-05, 2.02527644433e-05, 1.5870851712e-05, 1.69617869687e-05, 1.7979173208e-05, 1.59447918122e-05, 1.23346853798e-05, 1.1403647477e-05, 1.01214845927e-05, 5.92318474446e-06, 3.62986088476e-06, 4.28541216024e-06, 3.45362172993e-06, 3.36867583428e-06, 3.55495058102e-06, 3.24390771311e-06, 2.34612662098e-06, 1.85741623682e-06, 1.43033696531e-06, 8.37120524011e-07, 5.53578615836e-07],
        "median": [9.36085598369e-06, 0.000142077071359, 0.000134957939736, 6.70902009006e-05, 0.000107447725895, 0.000123686288134, 7.13806366548e-05, 4.68970938527e-05, 3.99198688683e-05, 2.39956298174e-05, 1.7640999431e-05, 1.88527810678e-05, 1.32866871354e-05, 1.02414069261e-05, 8.51605909702e-06, 7.93005892774e-06, 7.2937045843e-06, 1.04522714537e-05, 6.39301060801e-06, 5.55155611437e-06, 6.07549827691e-06, 5.26321036887e-06, 6.15915132585e-06, 6.10419374425e-06, 5.26544863533e-06, 4.25494499723e-06, 3.29057411363e-06, 1.92758307094e-06, 8.89746672783e-07, 7.84293661127e-07, 9.9782118923e-07, 9.95010736915e-07, 1.14245870009e-06, 1.13096859877e-06, 8.62817330471e-07, 5.15017006819e-07, 3.3509985542e-07, 2.34416432932e-07, 8.20374026489e-08, 1.35031763548e-08],
        "min": [1.81749892248e-23, 1.83545623659e-23, 5.12791813362e-24, 4.14863724993e-24, 5.82088826264e-24, 4.05195090751e-24, 1.62109669623e-23, 1.73887962472e-23, 4.64769747984e-24, 4.70196598252e-24, 9.81644310961e-24, 8.05805558579e-24, 9.37115637216e-24, 1.74523721253e-23, 5.02125033416e-24, 6.91694304284e-24, 7.32319220953e-24, 1.02768688767e-23, 1.12394850738e-23, 1.56711289344e-23, 9.5258433182e-24, 1.03645681212e-23, 9.91229444276e-24, 5.0320478678e-24, 7.78091297257e-24, 1.31834473924e-23, 1.23127563677e-23, 6.44794590759e-24, 7.68887341531e-24, 1.14321422617e-23, 1.13368462867e-23, 1.45203970216e-23, 8.06220972732e-24, 1.0668062633e-23, 8.28645132824e-24, 1.07992407352e-23, 8.33691712693e-24, 1.01036018897e-23, 1.02534617959e-23, 1.09552782111e-23],
        "var": [1.40663751154e-05, 2.11358965316e-05, 9.94251763586e-07, 5.91755167534e-07, 4.99288887568e-07, 6.48367688427e-07, 7.8167255424e-07, 1.4320213495e-06, 1.12473696845e-06, 4.85757368551e-07, 4.01877571221e-07, 4.04916789876e-07, 8.96393146377e-08, 3.724746378e-08, 3.00665661257e-08, 1.91297999663e-08, 7.5169594993e-08, 8.67928520165e-08, 2.90782189438e-08, 8.684231112e-09, 2.75875366995e-09, 1.063058086e-09, 9.78687353381e-10, 1.04559050307e-09, 8.35112423658e-10, 3.53296281119e-10, 4.55541659949e-10, 9.67063318313e-10, 3.49299700275e-10, 5.02692470983e-11, 1.28123123222e-10, 6.7655984981e-11, 5.40786512793e-11, 5.68314874327e-11, 6.26389218272e-11, 4.46294633194e-11, 4.23096245539e-11, 2.28049506362e-11, 1.01160408175e-11, 6.06226310471e-12]
    },
    "mfcc": {
        "mean": [-679.098388672, 111.278831482, -9.3882188797, 18.4624862671, -10.9815406799, 1.4976016283, -15.6305141449, 4.91717815399, -13.7632236481, 4.50543165207, -3.89417457581, -1.83039307594, -4.31387042999],
        "cov": [[7844.95410156, -1994.93432617, -367.210144043, 632.240661621, 441.443359375, 451.130554199, 575.212890625, 589.352416992, 305.519500732, 386.155334473, 78.4009552002, -180.432846069, -131.411605835], [-1994.93432617, 1679.95507812, -34.1721038818, 146.060272217, 37.510848999, -34.9344329834, -48.6350822449, -52.0380172729, -40.2332267761, -68.2675247192, 21.9535999298, 104.459243774, 81.4550018311], [-367.210144043, -34.1721038818, 1248.55297852, 433.402709961, 364.890441895, 174.625518799, 123.918289185, -65.7549133301, 47.9720077515, -93.144317627, 35.80128479, 91.8494415283, 105.235816956], [632.240661621, 146.060272217, 433.402709961, 1006.07330322, 431.253387451, 225.699981689, 199.496063232, 49.2835655212, 178.248687744, -13.1969537735, 22.1715316772, 109.940879822, 81.7451019287], [441.443359375, 37.510848999, 364.890441895, 431.253387451, 535.325073242, 164.988830566, 179.140304565, 56.559967041, 183.862991333, -15.8778610229, 57.3212585449, 14.171585083, 53.4921455383], [451.130554199, -34.9344329834, 174.625518799, 225.699981689, 164.988830566, 287.118133545, 191.26335144, 89.6499938965, 90.4291305542, 14.1906118393, 21.2183418274, -9.19526672363, -15.9315643311], [575.212890625, -48.6350822449, 123.918289185, 199.496063232, 179.140304565, 191.26335144, 411.828765869, 112.098266602, 144.826400757, 15.8371667862, 37.0507583618, -19.5226306915, -3.47428512573], [589.352416992, -52.0380172729, -65.7549133301, 49.2835655212, 56.559967041, 89.6499938965, 112.098266602, 210.79524231, 86.3776168823, 47.6943702698, 6.77175426483, -35.0162963867, -34.9765281677], [305.519500732, -40.2332267761, 47.9720077515, 178.248687744, 183.862991333, 90.4291305542, 144.826400757, 86.3776168823, 315.563781738, -2.42729616165, 24.7643051147, -13.4329719543, -17.5554771423], [386.155334473, -68.2675247192, -93.144317627, -13.1969537735, -15.8778610229, 14.1906118393, 15.8371667862, 47.6943702698, -2.42729616165, 173.954467773, 43.8856315613, 4.75849437714, -6.83948326111], [78.4009552002, 21.9535999298, 35.80128479, 22.1715316772, 57.3212585449, 21.2183418274, 37.0507583618, 6.77175426483, 24.7643051147, 43.8856315613, 128.10395813, 40.4134483337, 19.0624656677], [-180.432846069, 104.459243774, 91.8494415283, 109.940879822, 14.171585083, -9.19526672363, -19.5226306915, -35.0162963867, -13.4329719543, 4.75849437714, 40.4134483337, 147.483230591, 69.7350234985], [-131.411605835, 81.4550018311, 105.235816956, 81.7451019287, 53.4921455383, -15.9315643311, -3.47428512573, -34.9765281677, -17.5554771423, -6.83948326111, 19.0624656677, 69.7350234985, 138.325057983]],
