{
"lowlevel": {
    "average_loudness": 0.942712306976,
    "barkbands_crest": {
        "dmean": 2.96927976608,
        "dmean2": 4.54659032822,
        "dvar": 7.30558824539,
        "dvar2": 16.0596446991,
        "max": 26.1825675964,
        "mean": 11.57259655,
        "median": 10.3062400818,
        "min": 2.05290532112,
        "var": 33.0934371948
    },
    "barkbands_flatness_db": {
        "dmean": 0.0230903644115,
        "dmean2": 0.0344780534506,
        "dvar": 0.000540786189958,
        "dvar2": 0.00101623451337,
        "max": 0.381191581488,
        "mean": 0.133134126663,
        "median": 0.115084171295,
        "min": 0.0264262445271,
        "var": 0.00391176901758
    },
    "barkbands_kurtosis": {
        "dmean": 3.30553770065,
        "dmean2": 5.03268480301,
        "dvar": 108.410224915,
        "dvar2": 248.744125366,
        "max": 476.918273926,
        "mean": 4.24186468124,
        "median": 0.8580930233,
        "min": -1.93457901478,
        "var": 175.876342773
    },
    "barkbands_skewness": {
        "dmean": 0.602749526501,
        "dmean2": 0.890735983849,
        "dvar": 0.537583589554,
        "dvar2": 1.07155537605,
        "max": 20.5772857666,
        "mean": 1.55264401436,
        "median": 1.24044859409,
        "min": -4.18872880936,
        "var": 2.1389644146
    },
    "barkbands_spread": {
        "dmean": 8.616106987,
        "dmean2": 12.8304901123,
        "dvar": 101.667442322,
        "dvar2": 206.70425415,
        "max": 116.716262817,
        "mean": 35.626373291,
        "median": 33.127822876,
        "min": 0.665337324142,
        "var": 467.131439209
    },
    "dissonance": {
        "dmean": 0.0168257895857,
        "dmean2": 0.0285261571407,
        "dvar": 0.000309863622533,
        "dvar2": 0.000861727283336,
        "max": 0.500000119209,
        "mean": 0.473421931267,
        "median": 0.48011380434,
        "min": 0.286533087492,
        "var": 0.000554432452191
    },
    "dynamic_complexity": 2.45971083641,
    "erbbands_crest": {
        "dmean": 2.35857224464,
        "dmean2": 3.86414837837,
        "dvar": 5.69176435471,
        "dvar2": 14.0363025665,
        "max": 29.534734726,
        "mean": 7.71774768829,
        "median": 6.30743265152,
        "min": 2.00498509407,
        "var": 21.2967834473
    },
    "erbbands_flatness_db": {
        "dmean": 0.0151464799419,
        "dmean2": 0.021955166012,
        "dvar": 0.000203626186703,
        "dvar2": 0.000383510254323,
        "max": 0.419610083103,
        "mean": 0.141218811274,
        "median": 0.122711032629,
        "min": 0.0522758513689,
        "var": 0.00408619502559
    },
    "erbbands_kurtosis": {
        "dmean": 0.85967451334,
        "dmean2": 1.36457479,
        "dvar": 1.62412714958,
        "dvar2": 3.99553370476,
        "max": 25.12159729,
        "mean": 0.483562618494,
        "median": -0.261549949646,
        "min": -1.82221508026,
        "var": 5.05191230774
    },
    "erbbands_skewness": {
        "dmean": 0.338908910751,
        "dmean2": 0.51448237896,
        "dvar": 0.0987464636564,
        "dvar2": 0.219711720943,
        "max": 4.33271694183,
        "mean": 0.264265567064,
        "median": 0.179312437773,
        "min": -4.61557722092,
        "var": 0.755095303059
    },
    "erbbands_spread": {
        "dmean": 9.42550182343,
        "dmean2": 14.1964864731,
        "dvar": 96.9413604736,
        "dvar2": 208.780548096,
        "max": 173.512115479,
        "mean": 47.8770065308,
        "median": 47.3503417969,
        "min": 3.54532074928,
        "var": 503.521728516
    },
    "hfc": {
        "dmean": 16.3861808777,
        "dmean2": 24.906867981,
        "dvar": 751.728881836,
        "dvar2": 1819.39990234,
        "max": 362.46307373,
        "mean": 47.4111480713,
        "median": 39.2905273438,
        "min": 1.28602616867e-16,
        "var": 1661.21630859
    },
    "melbands_crest": {
        "dmean": 3.60514187813,
        "dmean2": 5.61464929581,
        "dvar": 10.9083213806,
        "dvar2": 24.6500015259,
        "max": 37.4881515503,
        "mean": 17.9326496124,
        "median": 16.5666561127,
        "min": 1.81535804272,
        "var": 64.4203720093
    },
    "melbands_flatness_db": {
        "dmean": 0.0287040900439,
        "dmean2": 0.0426585152745,
        "dvar": 0.000872044707648,
        "dvar2": 0.00163945590612,
        "max": 0.472367376089,
        "mean": 0.167689979076,
        "median": 0.155651628971,
        "min": 0.00652948673815,
        "var": 0.00501043582335
    },
    "melbands_kurtosis": {
        "dmean": 11.7020206451,
        "dmean2": 17.7057247162,
        "dvar": 759.627929688,
        "dvar2": 1604.04711914,
        "max": 734.081848145,
        "mean": 20.8395786285,
        "median": 8.50928878784,
        "min": -1.79264056683,
        "var": 1765.99853516
    },
    "melbands_skewness": {
        "dmean": 0.952996611595,
        "dmean2": 1.43132519722,
        "dvar": 1.38359963894,
        "dvar2": 2.83674192429,
        "max": 22.9991493225,
        "mean": 3.25071668625,
        "median": 2.60554409027,
        "min": -2.214823246,
        "var": 5.92102575302
    },
    "melbands_spread": {
        "dmean": 10.8208093643,
        "dmean2": 16.6464481354,
        "dvar": 205.866592407,
        "dvar2": 444.583953857,
        "max": 250.479873657,
        "mean": 32.2918243408,
        "median": 27.1763267517,
        "min": 0.480474025011,
        "var": 619.548339844
    },
    "pitch_salience": {
        "dmean": 0.083020336926,
        "dmean2": 0.131895855069,
        "dvar": 0.00730278016999,
        "dvar2": 0.0165683086962,
        "max": 0.954408109188,
        "mean": 0.507504284382,
        "median": 0.528833985329,
        "min": 0.0422234162688,
        "var": 0.0284212436527
    },
    "silence_rate_20dB": {
        "dmean": 0,
        "dmean2": 0,
        "dvar": 0,
        "dvar2": 0,
        "max": 1,
        "mean": 1,
        "median": 1,
        "min": 1,
        "var": 0
    },
    "silence_rate_30dB": {
        "dmean": 0.0592244416475,
        "dmean2": 0.11846280098,
        "dvar": 0.0557185858488,
        "dvar2": 0.108427688479,
        "max": 1,
        "mean": 0.917635977268,
        "median": 1,
        "min": 0,
        "var": 0.0755747258663
    },
    "silence_rate_60dB": {
        "dmean": 0.0124559346586,
        "dmean2": 0.0247972737998,
        "dvar": 0.0122987963259,
        "dvar2": 0.0286447182298,
        "max": 1,
        "mean": 0.0337210670114,
        "median": 0,
        "min": 0,
        "var": 0.0325893908739
    },
    "spectral_centroid": {
        "dmean": 305.723144531,
        "dmean2": 458.563018799,
        "dvar": 110894.148438,
        "dvar2": 209389.328125,
        "max": 10718.0263672,
        "mean": 1860.22436523,
        "median": 1805.69970703,
        "min": 210.792907715,
        "var": 517956.71875
    },
    "spectral_complexity": {
        "dmean": 4.94970607758,
        "dmean2": 7.64390659332,
        "dvar": 22.1056118011,
        "dvar2": 48.0461006165,
        "max": 63,
        "mean": 25.8281040192,
        "median": 26,
        "min": 0,
        "var": 118.355163574
    },
    "spectral_decrease": {
        "dmean": 3.14578962879e-09,
        "dmean2": 4.41587122424e-09,
        "dvar": 1.58939826483e-17,
        "dvar2": 2.59570086856e-17,
        "max": 1.38681099544e-28,
        "mean": -1.10450377733e-08,
        "median": -8.91577300877e-09,
        "min": -5.25684455965e-08,
        "var": 7.59491959807e-17
    },
    "spectral_energy": {
        "dmean": 0.0124567942694,
        "dmean2": 0.0175653193146,
        "dvar": 0.000224699426326,
        "dvar2": 0.000370950670913,
        "max": 0.201433047652,
        "mean": 0.0459868647158,
        "median": 0.0391070097685,
        "min": 1.11412205457e-20,
        "var": 0.00114152848255
    },
    "spectral_energyband_high": {
        "dmean": 0.00163977942429,
        "dmean2": 0.00250592804514,
        "dvar": 1.00486777228e-05,
        "dvar2": 2.39244072873e-05,
        "max": 0.0477194301784,
        "mean": 0.00374058634043,
        "median": 0.00244450103492,
        "min": 8.48624058243e-21,
        "var": 2.00940066861e-05
    },
    "spectral_energyband_low": {
        "dmean": 0.00986200850457,
        "dmean2": 0.0141497720033,
        "dvar": 0.000269751995802,
        "dvar2": 0.000482520321384,
        "max": 0.190095961094,
        "mean": 0.0250165872276,
        "median": 0.0138457203284,
        "min": 4.54132329442e-23,
        "var": 0.0009842349682
    },
    "spectral_energyband_middle_high": {
        "dmean": 0.00262273754925,
        "dmean2": 0.0040279137902,
        "dvar": 1.13589758257e-05,
        "dvar2": 2.49864460784e-05,
        "max": 0.0822179764509,
        "mean": 0.00784266367555,
        "median": 0.00544801959768,
        "min": 1.38151693194e-21,
        "var": 5.30236175109e-05
    },
    "spectral_energyband_middle_low": {
        "dmean": 0.00512123387307,
        "dmean2": 0.00848649814725,
        "dvar": 6.3884552219e-05,
        "dvar2": 0.000168520593434,
        "max": 0.167174831033,
        "mean": 0.0105687631294,
        "median": 0.00740349804983,
        "min": 2.63524475861e-22,
        "var": 0.000121134384244
    },
    "spectral_entropy": {
        "dmean": 0.127644360065,
        "dmean2": 0.18678638339,
        "dvar": 0.016758358106,
        "dvar2": 0.0325805582106,
        "max": 9.80839824677,
        "mean": 8.05465507507,
        "median": 8.13538074493,
        "min": 6.22331857681,
        "var": 0.150778904557
    },
    "spectral_flux": {
        "dmean": 0.0312760360539,
        "dmean2": 0.0448313131928,
        "dvar": 0.0013940957142,
        "dvar2": 0.00225246232003,
        "max": 0.42918741703,
        "mean": 0.113704614341,
        "median": 0.102848380804,
        "min": 1.05551976881e-10,
        "var": 0.00384083460085
    },
    "spectral_kurtosis": {
        "dmean": 0.805667638779,
        "dmean2": 1.35033047199,
        "dvar": 1.79815769196,
        "dvar2": 5.40165472031,
        "max": 28.4769210815,
        "mean": 1.8488471508,
        "median": 1.2618021965,
        "min": -1.42612195015,
        "var": 4.73776197433
    },
    "spectral_rms": {
        "dmean": 0.000884370703716,
        "dmean2": 0.00127404392697,
        "dvar": 8.27422923066e-07,
        "dvar2": 1.44371904298e-06,
        "max": 0.0140185607597,
        "mean": 0.00622234446928,
        "median": 0.00617682607844,
        "min": 3.29688988783e-12,
        "var": 6.14761165707e-06
    },
    "spectral_rolloff": {
        "dmean": 1050.78344727,
        "dmean2": 1681.94506836,
        "dvar": 2488355,
        "dvar2": 5246796,
        "max": 19078.4179688,
        "mean": 2478.14404297,
        "median": 1571.92382812,
        "min": 43.06640625,
        "var": 5900876.5
    },
    "spectral_skewness": {
        "dmean": 0.152480870485,
        "dmean2": 0.242518603802,
        "dvar": 0.0244991388172,
        "dvar2": 0.0625273659825,
        "max": 3.5714173317,
        "mean": 1.15056300163,
        "median": 1.09289348125,
        "min": -0.395160675049,
        "var": 0.133846580982
    },
    "spectral_spread": {
        "dmean": 636523,
        "dmean2": 928998.25,
        "dvar": 590565933056,
        "dvar2": 994495234048,
        "max": 40608168,
        "mean": 6165321,
        "median": 6307765,
        "min": 1159515.875,
        "var": 3.5436363776e+12
    },
    "spectral_strongpeak": {
        "dmean": 0.456047415733,
        "dmean2": 0.782571673393,
        "dvar": 0.772958815098,
        "dvar2": 2.03306412697,
        "max": 16.3416442871,
        "mean": 0.863672614098,
        "median": 0.491860181093,
        "min": 0,
        "var": 1.35933828354
    },
    "zerocrossingrate": {
        "dmean": 0.0165491774678,
        "dmean2": 0.019078547135,
        "dvar": 0.000366484280676,
        "dvar2": 0.000429459352745,
        "max": 0.50634765625,
        "mean": 0.0896480605006,
        "median": 0.08056640625,
        "min": 0.00390625,
        "var": 0.00268902909011
    },
    "barkbands": {
        "dmean": [0.000549958669581, 0.00880635809153, 0.00370805943385, 0.00143291300628, 0.00146854051854, 0.000835410435684, 0.000568514980841, 0.000934490410145, 0.00172709859908, 0.00112333032303, 0.000743815326132, 0.000677038508002, 0.000478482048493, 0.000523250433616, 0.00036703699152, 0.000301636522636, 0.000267577270279, 0.000298579165246, 0.000233023238252, 0.00017471065803, 0.000248788652243, 0.000292842567433, 0.000402619276429, 0.000434484827565, 0.000361825164873, 0.000173763997736, 1.07507645453e-07],
        "dmean2": [0.000740058603697, 0.013038742356, 0.00651483191177, 0.00263423309661, 0.00250382581726, 0.00134185981005, 0.000934145879, 0.00150247977581, 0.00279367086478, 0.00184490298852, 0.00120557553601, 0.00109678762965, 0.000784162664786, 0.000838955456857, 0.000596827594563, 0.000492904917337, 0.000423154473538, 0.000472371670185, 0.000371345115127, 0.000279663014226, 0.000403424608521, 0.000463285803562, 0.000632011215203, 0.000683590245899, 0.000570375297684, 0.000288570852717, 1.95036577111e-07],
        "dvar": [7.13884389825e-07, 0.00026938089286, 0.000120353965031, 1.82733147085e-05, 9.49309742282e-06, 8.66376103659e-06, 1.57306658366e-06, 4.10014899899e-06, 1.45685144162e-05, 6.43784642307e-06, 2.60151750808e-06, 2.0150630462e-06, 9.73890792011e-07, 1.17446836612e-06, 4.97546579936e-07, 3.98929870471e-07, 5.70474185224e-07, 3.061891789e-07, 1.54282346898e-07, 8.71895977639e-08, 3.12760505494e-07, 2.47920638685e-07, 4.97171072311e-07, 7.47525291445e-07, 5.81607309869e-07, 2.0442567461e-07, 1.96851459829e-13],
        "dvar2": [1.29547765937e-06, 0.000524449220393, 0.000329929898726, 5.24714523635e-05, 2.65234702965e-05, 1.73054704646e-05, 3.80546089218e-06, 9.60891156865e-06, 3.72932445316e-05, 1.7196751287e-05, 6.44131841909e-06, 4.59628881799e-06, 2.17962792703e-06, 2.74949479717e-06, 1.19616436223e-06, 9.35684454362e-07, 1.15450086469e-06, 6.6859593062e-07, 3.60489423201e-07, 1.82400015092e-07, 7.64991114011e-07, 5.99351949404e-07, 1.19943229038e-06, 1.75614536602e-06, 1.38573682307e-06, 5.31183502517e-07, 5.64080303734e-13],
        "max": [0.0115751158446, 0.170955896378, 0.15309509635, 0.058834951371, 0.0538605600595, 0.15370118618, 0.0331396311522, 0.0441094525158, 0.0934611260891, 0.0740654915571, 0.0297269448638, 0.0380394272506, 0.0320181623101, 0.0351053960621, 0.0172985438257, 0.0195341650397, 0.0438229478896, 0.0221172180027, 0.0143953571096, 0.0178442336619, 0.0251175519079, 0.0138150081038, 0.0121886236593, 0.0152029534802, 0.0116444863379, 0.00478753494099, 1.19633550639e-05],
        "mean": [0.00135128025431, 0.0194199029356, 0.00350089860149, 0.00129987695254, 0.00210306490771, 0.00127976178192, 0.000792592414655, 0.00128785485867, 0.00299795065075, 0.00178357900586, 0.00118986843154, 0.00103976856917, 0.000723598524928, 0.000828361778986, 0.000570573029108, 0.000473343883641, 0.000456774985651, 0.000540273438673, 0.000454296095995, 0.000345850654412, 0.000472824758617, 0.000642787548713, 0.000793196202721, 0.00083783530863, 0.000600574247073, 0.000199995105504, 7.51399440446e-08],
        "median": [0.000165855090017, 0.00845894683152, 0.000591986754443, 0.000312590156682, 0.000956258154474, 0.000447522324976, 0.000335232703947, 0.000456369656604, 0.00060601788573, 0.000543940754142, 0.000360160716809, 0.000396286835894, 0.000356442440534, 0.000352886796463, 0.000308327464154, 0.000256341445493, 0.000247724237852, 0.000311121169943, 0.000303170963889, 0.000228048142162, 0.000312631484121, 0.000464151060442, 0.000523656432051, 0.000452010630397, 0.00024475241662, 4.91368555231e-05, 2.20537965667e-09],
        "min": [2.25844471614e-23, 8.84792781069e-24, 1.77962239721e-23, 2.95576651747e-23, 6.72689840439e-23, 3.99233290237e-23, 2.86030803705e-23, 1.6920028276e-23, 6.82537664435e-23, 3.80196246437e-23, 2.19577460816e-23, 1.65087824644e-22, 9.1842424071e-23, 1.65151059734e-22, 9.13541444142e-23, 1.19199722678e-22, 1.07996837595e-22, 1.95712679784e-22, 2.61345225522e-22, 3.09871757982e-22, 5.0177521147e-22, 8.45951766052e-22, 5.20808191059e-22, 7.45446393375e-22, 1.32081750578e-21, 1.51705429213e-21, 2.96432612529e-21],
        "var": [4.44676015832e-06, 0.000772734871134, 8.71324082254e-05, 1.23606951092e-05, 1.18941879919e-05, 2.21041846089e-05, 2.41950169766e-06, 7.23457515051e-06, 4.3463674956e-05, 1.48731687659e-05, 6.10725328443e-06, 4.3703571464e-06, 1.62377830293e-06, 2.38500615524e-06, 7.7874631188e-07, 7.01721717178e-07, 1.14853219202e-06, 6.94432628734e-07, 3.30555565142e-07, 2.72907271892e-07, 4.73578722904e-07, 4.92940102959e-07, 9.14292968446e-07, 1.51217761868e-06, 1.01240254935e-06, 2.05972995104e-07, 1.26746581438e-13]
    },
    "erbbands": {
        "dmean": [0.31872984767, 2.0859644413, 4.27716159821, 4.52799415588, 4.36331033707, 5.00266933441, 6.20561885834, 7.48300027847, 7.80600690842, 13.1349277496, 22.1520233154, 37.9509849548, 39.622882843, 25.2891845703, 27.7192173004, 25.4792156219, 21.0008087158, 23.984828949, 20.7905960083, 15.8001394272, 14.4723405838, 14.0266723633, 16.0743808746, 13.3453931808, 10.0351676941, 8.21123695374, 8.90782356262, 10.4649524689, 10.3426818848, 12.0800256729, 11.9299726486, 10.4784889221, 6.66903877258, 4.34028673172, 2.45899271965, 1.2346123457, 0.220587685704, 0.00549367070198, 0.000190925769857, 2.94031888188e-05],
        "dmean2": [0.44188067317, 3.0506234169, 7.20335292816, 8.06704998016, 7.83267879486, 8.49647712708, 10.2187509537, 11.9622716904, 12.5862226486, 21.5287799835, 35.1707763672, 60.3250083923, 64.3140258789, 41.5375022888, 44.2449302673, 41.2647895813, 33.9956855774, 38.508102417, 33.4244384766, 25.6798057556, 23.3535442352, 21.6784954071, 25.2730293274, 21.1308631897, 16.1845741272, 13.1745243073, 14.3187322617, 16.9058036804, 16.4698295593, 19.0590324402, 18.9202709198, 16.666469574, 10.422999382, 6.80996465683, 3.90497469902, 2.04895687103, 0.36432108283, 0.00895328540355, 0.000308156450046, 4.45905425295e-05],
        "dvar": [0.284078478813, 18.2150440216, 139.4974823, 179.526260376, 138.093063354, 112.534034729, 209.456924438, 906.34576416, 341.269439697, 824.799438477, 2245.14038086, 8121.05761719, 8203.07617188, 2940.74658203, 3631.73095703, 3098.2578125, 1784.09594727, 2132.85205078, 1768.49890137, 914.927246094, 1037.46447754, 2035.47119141, 1018.30279541, 695.047119141, 238.479217529, 186.921768188, 500.451751709, 514.117370605, 324.026519775, 422.526611328, 450.670623779, 419.63180542, 173.888565063, 75.0598678589, 28.8055973053, 10.5463581085, 0.303284019232, 0.000174438479007, 2.13787643588e-07, 2.5537079118e-09],
        "dvar2": [0.440994799137, 39.3687057495, 364.924255371, 501.650238037, 397.658966064, 308.819519043, 499.203430176, 1667.89147949, 823.030883789, 2026.7166748, 5125.48193359, 19999.6015625, 22536.9511719, 7469.89208984, 8737.2734375, 7132.30322266, 3816.30688477, 5151.58544922, 4095.4621582, 2212.39916992, 2277.13085938, 3951.55761719, 2112.17211914, 1638.35595703, 583.136169434, 396.900482178, 1000.94335938, 1337.34594727, 797.090698242, 1024.08618164, 1092.07678223, 1025.67773438, 403.361572266, 173.964324951, 70.3874359131, 27.600446701, 0.772800803185, 0.00043689267477, 5.40629912393e-07, 6.4440399683e-09],
        "max": [5.3656039238, 43.3864364624, 120.703392029, 167.3934021, 179.122634888, 217.960464478, 419.187652588, 1864.37475586, 465.623809814, 1025.70263672, 809.676147461, 2332.83227539, 2726.64526367, 980.538085938, 1360.6027832, 1736.44787598, 1752.55419922, 967.40222168, 1347.56896973, 836.11114502, 871.477172852, 3068.72119141, 1546.02050781, 1414.51135254, 293.23425293, 790.140258789, 1501.84777832, 1022.63311768, 541.213989258, 449.71862793, 397.896942139, 375.288665771, 277.151672363, 149.564331055, 77.4471130371, 33.9425544739, 7.21602582932, 0.271457761526, 0.00635134195909, 0.000641078455374],
        "mean": [0.764485180378, 3.49746370316, 4.51010370255, 4.5155005455, 4.85111665726, 7.04509449005, 9.25714969635, 11.5369997025, 11.6588945389, 18.7009124756, 33.8822937012, 65.6847915649, 70.7339630127, 43.8749198914, 47.9228515625, 41.7536506653, 34.8354682922, 41.5584869385, 34.6024093628, 27.4628143311, 25.7534618378, 26.0902462006, 29.9728393555, 26.305683136, 20.1971321106, 16.3428096771, 17.4883861542, 20.113904953, 22.2270469666, 24.0726222992, 22.8821468353, 19.2620830536, 12.6559467316, 7.61689090729, 3.70365810394, 1.45867872238, 0.257775187492, 0.00686615146697, 0.000279624044197, 8.49657153594e-05],
        "median": [0.222896501422, 1.22902619839, 1.18607759476, 1.22683298588, 1.54204022884, 3.0331029892, 3.90888309479, 3.74820184708, 4.85558843613, 7.67689228058, 12.1858682632, 14.9346475601, 19.6222457886, 15.7606220245, 17.0390052795, 17.429567337, 18.2344608307, 19.8396949768, 18.7472038269, 16.7463912964, 14.6425075531, 14.5884780884, 17.2383804321, 16.7608528137, 14.4807825089, 10.7691059113, 11.1401882172, 13.7159023285, 15.9350214005, 16.7456417084, 14.8951263428, 11.2361755371, 6.42601966858, 3.35336136818, 1.35457921028, 0.39944294095, 0.0559989027679, 0.00160227029119, 0.000106470899482, 7.23119301256e-05],
        "min": [3.50978252146e-22, 2.02459846233e-21, 1.33772658404e-20, 6.91393809747e-20, 1.65423753576e-19, 2.74307411687e-19, 2.60822532395e-19, 3.23216455807e-19, 1.54702006497e-19, 6.31306156356e-19, 6.48467207235e-19, 1.55289201334e-18, 1.39283659732e-18, 1.12196699995e-18, 1.14626853238e-18, 8.02564875576e-18, 4.95091378056e-18, 8.77401808109e-18, 4.40856329936e-18, 5.50360608736e-18, 6.18576415415e-18, 7.14339280367e-18, 8.97171259313e-18, 1.15656848197e-17, 1.49869327845e-17, 1.48821703599e-17, 1.63995091165e-17, 2.47946379452e-17, 2.96483170584e-17, 2.11001366553e-17, 1.58616663561e-17, 1.29836833206e-17, 1.41759798012e-17, 1.35006761666e-17, 9.39533742742e-18, 5.40000998745e-18, 2.82455089022e-18, 1.304020147e-18, 4.43746467977e-19, 4.85444384162e-20],
        "var": [1.2621165514, 33.3204689026, 116.919219971, 126.128982544, 126.903961182, 144.312728882, 336.799194336, 2727.05151367, 548.735656738, 1555.72570801, 4493.48779297, 23411.6894531, 23628.6621094, 6324.92431641, 9153.76855469, 6995.87548828, 3309.39501953, 4698.95800781, 3000.16040039, 1610.36523438, 2153.08911133, 4276.40185547, 2535.58740234, 1519.22180176, 469.303527832, 586.362365723, 1043.69921875, 690.383056641, 612.688598633, 769.559020996, 798.49395752, 739.61126709, 373.342071533, 151.258850098, 43.6747436523, 10.3609056473, 0.339983463287, 0.000223973329412, 2.64707040287e-07, 4.92535612295e-09]
    },
    "gfcc": {
        "mean": [40.4747657776, 58.7304039001, -125.327812195, 40.8708992004, -72.3505935669, 38.4272384644, -36.8950614929, 18.3008041382, -18.3457546234, 2.47588682175, -12.6424264908, 0.280262231827, -8.2571554184],
        "cov": [[4829.81591797, -1203.41833496, 1707.59741211, 649.636291504, 266.391113281, 578.417602539, -230.912094116, 599.444274902, -304.716827393, 731.309875488, -113.08984375, 495.672332764, -206.607925415], [-1203.41833496, 1093.98718262, -420.688446045, -88.5589599609, 36.0892677307, -157.627258301, 182.982147217, -205.971099854, 167.301528931, -301.17364502, 100.468666077, -186.816238403, 59.7791748047], [1707.59741211, -420.688446045, 1701.22790527, 686.47668457, 379.849945068, 420.085449219, -155.800125122, 347.137542725, -174.79876709, 477.137207031, -75.7839279175, 330.328094482, -107.695373535], [649.636291504, -88.5589599609, 686.47668457, 664.51965332, 303.034545898, 225.797821045, -29.8075618744, 144.493377686, 23.0359382629, 191.244506836, 53.715297699, 136.593002319, 26.8430919647], [266.391113281, 36.0892677307, 379.849945068, 303.034545898, 322.761322021, 192.879684448, 73.4367904663, 130.318511963, 45.9631080627, 138.332870483, 43.4793586731, 96.7913513184, 15.04774189], [578.417602539, -157.627258301, 420.085449219, 225.797821045, 192.879684448, 373.140991211, 129.134750366, 183.591659546, 13.2507019043, 180.421325684, 51.5466766357, 100.184684753, 1.77890384197], [-230.912094116, 182.982147217, -155.800125122, -29.8075618744, 73.4367904663, 129.134750366, 311.907196045, 68.5377807617, 123.278160095, -27.7764987946, 93.8333053589, -28.5622653961, 33.7398681641], [599.444274902, -205.971099854, 347.137542725, 144.493377686, 130.318511963, 183.591659546, 68.5377807617, 251.198562622, 42.0656738281, 183.075668335, 25.678735733, 111.982116699, -7.66056013107], [-304.716827393, 167.301528931, -174.79876709, 23.0359382629, 45.9631080627, 13.2507019043, 123.278160095, 42.0656738281, 214.273620605, -20.4184818268, 96.0475463867, -30.9377422333, 58.5284080505], [731.309875488, -301.17364502, 477.137207031, 191.244506836, 138.332870483, 180.421325684, -27.7764987946, 183.075668335, -20.4184818268, 284.732513428, 24.4008960724, 155.993911743, -17.3595409393], [-113.08984375, 100.468666077, -75.7839279175, 53.715297699, 43.4793586731, 51.5466766357, 93.8333053589, 25.678735733, 96.0475463867, 24.4008960724, 147.918533325, 33.9379653931, 57.1985855103], [495.672332764, -186.816238403, 330.328094482, 136.593002319, 96.7913513184, 100.184684753, -28.5622653961, 111.982116699, -30.9377422333, 155.993911743, 33.9379653931, 175.82434082, 17.9110832214], [-206.607925415, 59.7791748047, -107.695373535, 26.8430919647, 15.04774189, 1.77890384197, 33.7398681641, -7.66056013107, 58.5284080505, -17.3595409393, 57.1985855103, 17.9110832214, 110.329620361]],
        "icov": [[0.000520201807376, 2.57121773757e-05, 7.94202205725e-05, -0.000358902732842, 0.000491258746479, -0.000349430658389, 0.000172656102222, -0.000670024193823, 0.000329952104948, -0.000356973323505, 0.000261233130004, -0.000673824222758, 0.000707130355295], [2.57121773757e-05, 0.00245335325599, -0.00116546859499, 0.000790812890045, -0.00176139175892, 0.00116595474537, -0.000916436605621, 0.00133154843934, -0.000803839415312, 0.00229946174659, -0.00216854154132, 0.00169352220837, -0.000379491015337], [7.94202205725e-05, -0.00116546859499, 0.00324541167356, -0.0021481376607, 0.000755411281716, -0.00158964528237, 0.000967818836216, -0.00132251123432, 0.00107285392005, -0.00225511309691, 0.00277718086727, -0.00296401022933, 0.00212301174179], [-0.000358902732842, 0.000790812890045, -0.0021481376607, 0.00485791452229, -0.00345929781906, 0.000196389853954, 0.00107196124736, 0.00108082266524, -0.00109411682934, 0.0017802559305, -0.00287848128937, 0.00239982432686, -0.00220024469309], [0.000491258746479, -0.00176139175892, 0.000755411281716, -0.00345929781906, 0.00908266380429, -0.00221561314538, -0.00103936868254, -0.00105800910387, -0.000566783302929, -0.00274998764507, 0.00334834563546, -0.00365120847709, 0.00121949939057], [-0.000349430658389, 0.00116595474537, -0.00158964528237, 0.000196389853954, -0.00221561314538, 0.00802431441844, -0.00383391557261, -0.000691557128448, 0.00156344927382, -0.000787850294728, -0.00245845108293, 0.00315283238888, -0.00177897978574], [0.000172656102222, -0.000916436605621, 0.000967818836216, 0.00107196124736, -0.00103936868254, -0.00383391557261, 0.00819292943925, -0.00326205953024, -0.000932420953177, 0.00201247865334, -0.00231221178547, 0.000457661022665, 0.000911091803573], [-0.000670024193823, 0.00133154843934, -0.00132251123432, 0.00108082266524, -0.00105800910387, -0.000691557128448, -0.00326205953024, 0.0134301381186, -0.00517087290064, -0.00286089861766, 0.00203474028967, -0.00193370180205, 0.000107424195448], [0.000329952104948, -0.000803839415312, 0.00107285392005, -0.00109411682934, -0.000566783302929, 0.00156344927382, -0.000932420953177, -0.00517087290064, 0.0112783806399, -0.00127717433497, -0.0042552659288, 0.00378099014051, -0.00224666087888], [-0.000356973323505, 0.00229946174659, -0.00225511309691, 0.0017802559305, -0.00274998764507, -0.000787850294728, 0.00201247865334, -0.00286089861766, -0.00127717433497, 0.0148819843307, -0.00480317650363, -0.00217640888877, 0.000887446512934], [0.000261233130004, -0.00216854154132, 0.00277718086727, -0.00287848128937, 0.00334834563546, -0.00245845108293, -0.00231221178547, 0.00203474028967, -0.0042552659288, -0.00480317650363, 0.0175788737833, -0.00793307833374, -0.000817288644612], [-0.000673824222758, 0.00169352220837, -0.00296401022933, 0.00239982432686, -0.00365120847709, 0.00315283238888, 0.000457661022665, -0.00193370180205, 0.00378099014051, -0.00217640888877, -0.00793307833374, 0.0194379705936, -0.00687463162467], [0.000707130355295, -0.000379491015337, 0.00212301174179, -0.00220024469309, 0.00121949939057, -0.00177897978574, 0.000911091803573, 0.000107424195448, -0.00224666087888, 0.000887446512934, -0.000817288644612, -0.00687463162467, 0.0156636089087]]
    },
    "melbands": {
        "dmean": [0.0025158636272, 0.00223771599121, 0.000765790755395, 0.000318047153996, 0.000225549854804, 0.00016582745593, 0.00011509446631, 0.000158450711751, 0.000205603413633, 0.00024596467847, 0.000201514179935, 0.000107798681711, 9.56938529271e-05, 7.18268929631e-05, 7.19621966709e-05, 4.34758112533e-05, 5.03377923451e-05, 3.81298814318e-05, 2.77432500297e-05, 2.22841390496e-05, 1.74620072357e-05, 1.605709258e-05, 1.53588043759e-05, 1.47826858665e-05, 1.17820854939e-05, 8.79769777384e-06, 6.63176342641e-06, 5.87220029047e-06, 6.07622951065e-06, 6.06922412771e-06, 6.57680266158e-06, 6.31584407529e-06, 6.44520423521e-06, 7.34206287234e-06, 7.36691890779e-06, 6.67555195832e-06, 6.70211284159e-06, 4.81657662021e-06, 4.67659583592e-06, 3.51756170858e-06],
        "dmean2": [0.00363004789688, 0.00342332548462, 0.00135300203692, 0.000555108417757, 0.000370130583178, 0.000264777394477, 0.000186057659448, 0.000259389169514, 0.000327226676745, 0.000391179695725, 0.000327435700456, 0.00017787780962, 0.000153929082444, 0.000114263522846, 0.00011756827007, 7.05186539562e-05, 8.12301877886e-05, 6.18501217104e-05, 4.54549590359e-05, 3.67026295862e-05, 2.85409005301e-05, 2.53647813224e-05, 2.44803886744e-05, 2.35949519265e-05, 1.88263929886e-05, 1.42998414958e-05, 1.07592895802e-05, 9.53358903644e-06, 9.85114456853e-06, 9.86669601843e-06, 1.07432661025e-05, 1.02281719592e-05, 1.02713111119e-05, 1.17318204502e-05, 1.17705994853e-05, 1.07379164547e-05, 1.07789128378e-05, 7.57428460929e-06, 7.44398539609e-06, 5.54778353035e-06],
        "dvar": [1.90629889403e-05, 2.64704613073e-05, 4.77634011986e-06, 5.63059415981e-07, 2.36351425542e-07, 3.87012988767e-07, 6.81172522832e-08, 1.23722003309e-07, 2.08217386444e-07, 3.37722411814e-07, 2.10629210073e-07, 5.39823901136e-08, 4.24336015215e-08, 2.46251925518e-08, 2.57216452582e-08, 8.92986307122e-09, 1.0131383732e-08, 7.17930781491e-09, 3.06235214964e-09, 2.322922521e-09, 1.85663473484e-09, 2.84586221255e-09, 1.12032028099e-09, 8.97594942817e-10, 5.91614535139e-10, 1.97315552786e-10, 1.15203721562e-10, 1.08703358814e-10, 2.52360854436e-10, 1.64617056098e-10, 1.9560723874e-10, 1.29024513296e-10, 1.04857962591e-10, 1.58700386166e-10, 1.69061986632e-10, 1.45399678408e-10, 1.8182676198e-10, 8.78879261035e-11, 9.04778890698e-11, 4.69617573995e-11],
        "dvar2": [3.2081919926e-05, 6.24927997706e-05, 1.32834775286e-05, 1.59669002642e-06, 5.74392743147e-07, 7.3452417837e-07, 1.63589433555e-07, 3.02528320617e-07, 4.84284839786e-07, 8.29705072647e-07, 5.77565856474e-07, 1.37558387792e-07, 1.02744529329e-07, 5.50579741798e-08, 6.248084361e-08, 1.9170458998e-08, 2.4944574406e-08, 1.61648276986e-08, 7.31601002002e-09, 5.67005375984e-09, 4.12039558029e-09, 5.4240896219e-09, 2.40177655542e-09, 2.00394367766e-09, 1.41175682256e-09, 4.86866214011e-10, 2.93026880538e-10, 2.2560882329e-10, 4.98644181501e-10, 4.06156719368e-10, 5.13211972919e-10, 3.27758403751e-10, 2.5076501986e-10, 3.91826987522e-10, 4.12558848195e-10, 3.62858659786e-10, 4.47099995915e-10, 2.05177944079e-10, 2.18776705085e-10, 1.0837052089e-10],
        "max": [0.0474486015737, 0.0460146665573, 0.0250382944942, 0.0144666638225, 0.0128775928169, 0.036425691098, 0.00728323124349, 0.0119790956378, 0.00842025689781, 0.0168463196605, 0.013833087869, 0.00446422537789, 0.00431347545236, 0.00517903733999, 0.00552198663354, 0.00380310672335, 0.0020524864085, 0.00290371919982, 0.00131918443367, 0.00196538958699, 0.00127739994787, 0.00369432964362, 0.00117275991943, 0.00113833020441, 0.00129473418929, 0.00027994660195, 0.000220427871682, 0.000668002059683, 0.00111349276267, 0.000508815806825, 0.000597611127887, 0.000359345460311, 0.000230619130889, 0.000276801234577, 0.000260744098341, 0.000214518382563, 0.000262773421127, 0.000199311063625, 0.000173016771441, 0.000127357605379],
        "mean": [0.00601366674528, 0.0031594671309, 0.000797979359049, 0.000412641937146, 0.000347892782884, 0.000257951964159, 0.000171041421709, 0.00022112687293, 0.000312686170219, 0.000427702063462, 0.000349051959347, 0.000174110260559, 0.000158990122145, 0.000116220304335, 0.000102270896605, 6.80400771671e-05, 8.06956595625e-05, 5.79087936785e-05, 4.2612762627e-05, 3.44758409483e-05, 2.86544618575e-05, 2.68845960818e-05, 2.67862615146e-05, 2.55873837887e-05, 2.10686848732e-05, 1.5852814613e-05, 1.19364722195e-05, 1.06079469333e-05, 1.08763033495e-05, 1.09322627395e-05, 1.17905356092e-05, 1.24327743833e-05, 1.27598032122e-05, 1.35716063596e-05, 1.34000692924e-05, 1.22017854665e-05, 1.15668035505e-05, 8.96155688679e-06, 7.8164612205e-06, 5.92806736677e-06],
        "median": [0.00230875238776, 0.00118128908798, 0.000242042486207, 0.000175683031557, 0.000150590814883, 8.73056706041e-05, 7.19341915101e-05, 8.34459933685e-05, 9.60035977187e-05, 8.68197603268e-05, 8.9786517492e-05, 5.83972032473e-05, 5.12289625476e-05, 4.64593831566e-05, 4.05692771892e-05, 3.3107582567e-05, 3.48734829458e-05, 2.87276016024e-05, 2.26537467825e-05, 1.92737297766e-05, 1.53496002895e-05, 1.42120834425e-05, 1.4661331079e-05, 1.43876277434e-05, 1.25897759062e-05, 1.04271557575e-05, 8.08520599094e-06, 6.38992241875e-06, 6.40833422949e-06, 6.88045383868e-06, 7.85991778685e-06, 8.51236472954e-06, 8.98852613318e-06, 9.0103230832e-06, 8.6267136794e-06, 7.42783913665e-06, 6.39139852865e-06, 4.59257353214e-06, 3.46037768395e-06, 2.46760782829e-06],
        "min": [3.56734339824e-24, 5.61686635002e-24, 1.45043326581e-23, 1.66194927815e-23, 9.5209058378e-24, 7.00671935816e-24, 3.43953964856e-24, 5.92113236774e-24, 6.85077260125e-24, 9.52119456089e-24, 6.76431344604e-24, 4.48284211673e-24, 2.6759222923e-24, 1.43649141149e-23, 1.60390568161e-23, 1.33843947196e-23, 1.60576644671e-23, 6.63401334602e-24, 7.59609863969e-24, 7.79407906108e-24, 6.54915321186e-24, 6.14265752613e-24, 8.7604612801e-24, 8.64644169145e-24, 9.21763220709e-24, 1.01434969523e-23, 1.01302922096e-23, 1.00386265724e-23, 1.10891108303e-23, 8.57104709929e-24, 1.69065198219e-23, 1.60743472975e-23, 1.74620877362e-23, 9.08863372756e-24, 9.65408606898e-24, 8.36216698678e-24, 7.40116558799e-24, 1.08157997145e-23, 8.82194983222e-24, 1.25261937297e-23],
        "var": [7.22345212125e-05, 3.32640411216e-05, 3.5119912809e-06, 5.80895118674e-07, 4.08075436553e-07, 1.10536052489e-06, 1.10232214467e-07, 2.40156737163e-07, 4.62000002699e-07, 1.02351759779e-06, 5.95925371272e-07, 1.06933562449e-07, 1.01168197375e-07, 5.7997038283e-08, 4.23584971543e-08, 1.60386726122e-08, 2.0992979799e-08, 1.14539346896e-08, 4.68498617678e-09, 3.46965900455e-09, 3.4902518653e-09, 5.47794654082e-09, 2.64362864932e-09, 1.80630943536e-09, 1.19213428018e-09, 3.40351496986e-10, 1.99446015259e-10, 3.47714884663e-10, 5.38055711097e-10, 2.48987636065e-10, 2.49901932481e-10, 2.16411291665e-10, 2.03630598494e-10, 2.67080885186e-10, 2.87548734823e-10, 2.51013099195e-10, 3.05351216534e-10, 1.89933291317e-10, 1.61717000902e-10, 9.56186171908e-11]
    },
    "mfcc": {
        "mean": [-592.421020508, 79.0547943115, 7.29274225235, 5.87344884872, 1.50738918781, 11.2670621872, 1.22326290607, 13.4867458344, 2.07189321518, 6.85253000259, 3.86774921417, 0.905276596546, -2.46405339241],
        "cov": [[3584.34887695, -862.180053711, 944.023864746, 284.716796875, 442.914978027, 163.15838623, 275.098907471, 20.8553447723, 77.8019714355, 76.9348220825, 186.808792114, 159.167053223, 174.864776611], [-862.180053711, 839.657958984, -282.852294922, -78.818862915, -160.176742554, -36.56042099, -55.9203872681, 65.8301086426, -44.7995872498, -2.49111127853, -24.7620773315, -68.2831192017, -66.1988067627], [944.023864746, -282.852294922, 1107.50610352, 399.687408447, 497.118225098, 226.687469482, 211.666290283, 12.8517065048, 96.6762084961, -2.75576424599, 104.819770813, 142.779830933, 157.173568726], [284.716796875, -78.818862915, 399.687408447, 458.683319092, 332.521942139, 131.072875977, 79.5810623169, 22.5392036438, 58.5842933655, 6.81198215485, 37.4372787476, 86.0547561646, 96.732093811], [442.914978027, -160.176742554, 497.118225098, 332.521942139, 459.51159668, 174.213973999, 112.521850586, 21.6208953857, 85.2993087769, 14.8425216675, 70.6481704712, 99.6600036621, 119.969169617], [163.15838623, -36.56042099, 226.687469482, 131.072875977, 174.213973999, 229.212387085, 157.329055786, 72.5841064453, 62.4317207336, 53.8726081848, 59.7973861694, 63.7641067505, 60.2275047302], [275.098907471, -55.9203872681, 211.666290283, 79.5810623169, 112.521850586, 157.329055786, 241.920166016, 98.8503036499, 68.3587036133, 64.1927642822, 79.7616500854, 58.9457244873, 64.4356460571], [20.8553447723, 65.8301086426, 12.8517065048, 22.5392036438, 21.6208953857, 72.5841064453, 98.8503036499, 171.318984985, 64.4883804321, 74.1312179565, 67.2077941895, 38.9360771179, 21.6168518066], [77.8019714355, -44.7995872498, 96.6762084961, 58.5842933655, 85.2993087769, 62.4317207336, 68.3587036133, 64.4883804321, 126.666702271, 68.8299942017, 46.5044937134, 44.9204139709, 39.4216003418], [76.9348220825, -2.49111127853, -2.75576424599, 6.81198215485, 14.8425216675, 53.8726081848, 64.1927642822, 74.1312179565, 68.8299942017, 132.994277954, 79.9956359863, 39.5035514832, 18.1058864594], [186.808792114, -24.7620773315, 104.819770813, 37.4372787476, 70.6481704712, 59.7973861694, 79.7616500854, 67.2077941895, 46.5044937134, 79.9956359863, 129.522033691, 68.4004745483, 42.5088691711], [159.167053223, -68.2831192017, 142.779830933, 86.0547561646, 99.6600036621, 63.7641067505, 58.9457244873, 38.9360771179, 44.9204139709, 39.5035514832, 68.4004745483, 119.397109985, 77.6383972168], [174.864776611, -66.1988067627, 157.173568726, 96.732093811, 119.969169617, 60.2275047302, 64.4356460571, 21.6168518066, 39.4216003418, 18.1058864594, 42.5088691711, 77.6383972168, 116.411857605]],
