{
"lowlevel": {
    "average_loudness": 0.926943123341,
    "barkbands_crest": {
        "dmean": 2.8262488842,
        "dmean2": 4.50833654404,
        "dvar": 6.33437919617,
        "dvar2": 15.1006708145,
        "max": 25.8229408264,
        "mean": 10.8945598602,
        "median": 9.86374282837,
        "min": 2.08263301849,
        "var": 23.9075069427
    },
    "barkbands_flatness_db": {
        "dmean": 0.0212257876992,
        "dmean2": 0.0317228883505,
        "dvar": 0.000361209793482,
        "dvar2": 0.000753452070057,
        "max": 0.393503159285,
        "mean": 0.15612514317,
        "median": 0.150646239519,
        "min": 0.0331158563495,
        "var": 0.00293087540194
    },
    "barkbands_kurtosis": {
        "dmean": 2.4408249855,
        "dmean2": 3.81884455681,
        "dvar": 50.7567825317,
        "dvar2": 105.562797546,
        "max": 281.473114014,
        "mean": 3.85222053528,
        "median": 1.47925138474,
        "min": -1.91055345535,
        "var": 113.500686646
    },
    "barkbands_skewness": {
        "dmean": 0.477411597967,
        "dmean2": 0.715277016163,
        "dvar": 0.295190215111,
        "dvar2": 0.601112484932,
        "max": 14.541888237,
        "mean": 1.2134219408,
        "median": 1.01979005337,
        "min": -4.02163267136,
        "var": 1.53802764416
    },
    "barkbands_spread": {
        "dmean": 4.88925647736,
        "dmean2": 7.10898208618,
        "dvar": 41.6467857361,
        "dvar2": 76.0511779785,
        "max": 107.658157349,
        "mean": 20.1420192719,
        "median": 16.6736812592,
        "min": 0.697651088238,
        "var": 197.586853027
    },
    "dissonance": {
        "dmean": 0.0250507555902,
        "dmean2": 0.0422796271741,
        "dvar": 0.000546039780602,
        "dvar2": 0.00150025589392,
        "max": 0.500000178814,
        "mean": 0.452461540699,
        "median": 0.460848033428,
        "min": 0.100613370538,
        "var": 0.00126179168001
    },
    "dynamic_complexity": 2.56651139259,
    "erbbands_crest": {
        "dmean": 3.11333394051,
        "dmean2": 4.92545938492,
        "dvar": 8.22902393341,
        "dvar2": 18.9868984222,
        "max": 31.4042739868,
        "mean": 11.5763034821,
        "median": 10.2151203156,
        "min": 2.17826151848,
        "var": 32.8487548828
    },
    "erbbands_flatness_db": {
        "dmean": 0.0186937972903,
        "dmean2": 0.0260467678308,
        "dvar": 0.000286667025648,
        "dvar2": 0.000507487158757,
        "max": 0.422157466412,
        "mean": 0.193474918604,
        "median": 0.19083532691,
        "min": 0.0546533353627,
        "var": 0.00303619913757
    },
    "erbbands_kurtosis": {
        "dmean": 1.34308111668,
        "dmean2": 2.09513688087,
        "dvar": 4.00051736832,
        "dvar2": 9.34757423401,
        "max": 55.5373802185,
        "mean": 1.81406998634,
        "median": 0.672894239426,
        "min": -1.8239171505,
        "var": 13.9818639755
    },
    "erbbands_skewness": {
        "dmean": 0.382244467735,
        "dmean2": 0.569143772125,
        "dvar": 0.130085766315,
        "dvar2": 0.269431650639,
        "max": 6.13997983932,
        "mean": 0.727065503597,
        "median": 0.694101214409,
        "min": -6.61877632141,
        "var": 0.906891226768
    },
    "erbbands_spread": {
        "dmean": 6.60971784592,
        "dmean2": 9.74409008026,
        "dvar": 61.1856994629,
        "dvar2": 115.297859192,
        "max": 166.158660889,
        "mean": 30.4951477051,
        "median": 26.1357917786,
        "min": 1.99472212791,
        "var": 341.296417236
    },
    "hfc": {
        "dmean": 6.62249755859,
        "dmean2": 9.29293441772,
        "dvar": 72.7373428345,
        "dvar2": 124.9737854,
        "max": 275.437316895,
        "mean": 27.4533843994,
        "median": 24.5988616943,
        "min": 1.15846062453e-16,
        "var": 419.589172363
    },
    "melbands_crest": {
        "dmean": 3.49386000633,
        "dmean2": 5.58893251419,
        "dvar": 9.18217277527,
        "dvar2": 21.9924850464,
        "max": 34.0751914978,
        "mean": 13.8175191879,
        "median": 12.7813272476,
        "min": 3.39500999451,
        "var": 33.2245941162
    },
    "melbands_flatness_db": {
        "dmean": 0.0214382410049,
        "dmean2": 0.0315535701811,
        "dvar": 0.000413975561969,
        "dvar2": 0.000827349838801,
        "max": 0.47756305337,
        "mean": 0.177462771535,
        "median": 0.169423758984,
        "min": 0.0118769593537,
        "var": 0.00377225643024
    },
    "melbands_kurtosis": {
        "dmean": 4.88197755814,
        "dmean2": 7.55491352081,
        "dvar": 176.266983032,
        "dvar2": 366.732269287,
        "max": 495.607025146,
        "mean": 9.56859874725,
        "median": 4.41802978516,
        "min": -1.84044671059,
        "var": 479.390380859
    },
    "melbands_skewness": {
        "dmean": 0.583136320114,
        "dmean2": 0.879310965538,
        "dvar": 0.455954521894,
        "dvar2": 0.952604413033,
        "max": 19.4567146301,
        "mean": 1.86202836037,
        "median": 1.58839273453,
        "min": -1.33087086678,
        "var": 2.53367614746
    },
    "melbands_spread": {
        "dmean": 6.88152170181,
        "dmean2": 10.1640195847,
        "dvar": 117.228805542,
        "dvar2": 203.524475098,
        "max": 291.208221436,
        "mean": 26.1556015015,
        "median": 21.7262477875,
        "min": 0.498588144779,
        "var": 507.981048584
    },
    "pitch_salience": {
        "dmean": 0.0695294737816,
        "dmean2": 0.110336348414,
        "dvar": 0.0036591575481,
        "dvar2": 0.00873086228967,
        "max": 0.964035212994,
        "mean": 0.547266304493,
        "median": 0.557577967644,
        "min": 0.0694902762771,
        "var": 0.0149994483218
    },
    "silence_rate_20dB": {
        "dmean": 0,
        "dmean2": 0,
        "dvar": 0,
        "dvar2": 0,
        "max": 1,
        "mean": 1,
        "median": 1,
        "min": 1,
        "var": 0
    },
    "silence_rate_30dB": {
        "dmean": 0.000501693226397,
        "dmean2": 0.00100351229776,
        "dvar": 0.000501429254655,
        "dvar2": 0.00150421215221,
        "max": 1,
        "mean": 0.999749183655,
        "median": 1,
        "min": 0,
        "var": 0.000250796234468
    },
    "silence_rate_60dB": {
        "dmean": 0.0147999497131,
        "dmean2": 0.029478173703,
        "dvar": 0.0145824551582,
        "dvar2": 0.0336267948151,
        "max": 1,
        "mean": 0.0317281149328,
        "median": 0,
        "min": 0,
        "var": 0.0307217799127
    },
    "spectral_centroid": {
        "dmean": 210.450927734,
        "dmean2": 311.661315918,
        "dvar": 67469.1640625,
        "dvar2": 110739.6875,
        "max": 10605.7910156,
        "mean": 1387.85681152,
        "median": 1322.96899414,
        "min": 157.718338013,
        "var": 363569.25
    },
    "spectral_complexity": {
        "dmean": 2.86491918564,
        "dmean2": 4.50526857376,
        "dvar": 6.90653991699,
        "dvar2": 15.238193512,
        "max": 53,
        "mean": 18.5405063629,
        "median": 18,
        "min": 0,
        "var": 58.0499610901
    },
    "spectral_decrease": {
        "dmean": 1.70215042061e-09,
        "dmean2": 2.55588350484e-09,
        "dvar": 4.20922352508e-18,
        "dvar2": 8.72788952705e-18,
        "max": -4.83113688574e-29,
        "mean": -6.62638877102e-09,
        "median": -6.28441743089e-09,
        "min": -3.9826879572e-08,
        "var": 1.83672741865e-17
    },
    "spectral_energy": {
        "dmean": 0.00683395843953,
        "dmean2": 0.010261842981,
        "dvar": 6.42632803647e-05,
        "dvar2": 0.000132948945975,
        "max": 0.151492968202,
        "mean": 0.0274996012449,
        "median": 0.0265222135931,
        "min": 1.06899151656e-20,
        "var": 0.000292175420327
    },
    "spectral_energyband_high": {
        "dmean": 0.000357340846676,
        "dmean2": 0.000466938276077,
        "dvar": 6.62511070004e-07,
        "dvar2": 9.90534772427e-07,
        "max": 0.0282106511295,
        "mean": 0.000941650185268,
        "median": 0.000457511254353,
        "min": 7.56935610986e-21,
        "var": 3.00349961435e-06
    },
    "spectral_energyband_low": {
        "dmean": 0.00263831880875,
        "dmean2": 0.00382363284007,
        "dvar": 4.35260044469e-05,
        "dvar2": 9.03034597286e-05,
        "max": 0.149523243308,
        "mean": 0.00499367248267,
        "median": 0.00123166735284,
        "min": 4.19111038881e-23,
        "var": 0.000112566172902
    },
    "spectral_energyband_middle_high": {
        "dmean": 0.00286344997585,
        "dmean2": 0.00409687170759,
        "dvar": 1.69181330421e-05,
        "dvar2": 3.19121936627e-05,
        "max": 0.105511456728,
        "mean": 0.00962412822992,
        "median": 0.00555280223489,
        "min": 1.5431101785e-21,
        "var": 0.00011589708447
    },
    "spectral_energyband_middle_low": {
        "dmean": 0.00438446830958,
        "dmean2": 0.00677092559636,
        "dvar": 2.82298769889e-05,
        "dvar2": 6.28870475339e-05,
        "max": 0.0837028026581,
        "mean": 0.0125211635605,
        "median": 0.00926976744086,
        "min": 5.25032698979e-22,
        "var": 0.000119699558127
    },
    "spectral_entropy": {
        "dmean": 0.151186078787,
        "dmean2": 0.210072696209,
        "dvar": 0.0212408136576,
        "dvar2": 0.0343416184187,
        "max": 9.78959083557,
        "mean": 7.48593664169,
        "median": 7.49083185196,
        "min": 5.91918420792,
        "var": 0.205648243427
    },
    "spectral_flux": {
        "dmean": 0.0237940903753,
        "dmean2": 0.0384772717953,
        "dvar": 0.000608170113992,
        "dvar2": 0.0015331110917,
        "max": 0.289815545082,
        "mean": 0.0896136090159,
        "median": 0.0844227448106,
        "min": 1.03392044926e-10,
        "var": 0.00177903694566
    },
    "spectral_kurtosis": {
        "dmean": 1.34990775585,
        "dmean2": 2.2339553833,
        "dvar": 2.35988879204,
        "dvar2": 7.20795536041,
        "max": 34.3135375977,
        "mean": 3.7917599678,
        "median": 3.5037317276,
        "min": -1.59760034084,
        "var": 6.11774587631
    },
    "spectral_rms": {
        "dmean": 0.000643236096948,
        "dmean2": 0.000954612100031,
        "dvar": 4.4088147888e-07,
        "dvar2": 8.44712644721e-07,
        "max": 0.0121572203934,
        "mean": 0.00489219976589,
        "median": 0.00508678006008,
        "min": 3.22942497397e-12,
        "var": 2.89511535811e-06
    },
    "spectral_rolloff": {
        "dmean": 454.892181396,
        "dmean2": 719.423522949,
        "dvar": 983684.5,
        "dvar2": 1765765.875,
        "max": 18927.6855469,
        "mean": 1786.26928711,
        "median": 1335.05859375,
        "min": 64.599609375,
        "var": 3169655
    },
    "spectral_skewness": {
        "dmean": 0.191505640745,
        "dmean2": 0.298182398081,
        "dvar": 0.03173481673,
        "dvar2": 0.0762260779738,
        "max": 4.04818105698,
        "mean": 1.53725647926,
        "median": 1.55914545059,
        "min": -0.804173111916,
        "var": 0.164511114359
    },
    "spectral_spread": {
        "dmean": 510322.65625,
        "dmean2": 683347.625,
        "dvar": 556254560256,
        "dvar2": 653809614848,
        "max": 40586756,
        "mean": 4705694.5,
        "median": 4294619.5,
        "min": 1499726.625,
        "var": 3.50301690266e+12
    },
    "spectral_strongpeak": {
        "dmean": 0.892857313156,
        "dmean2": 1.44792556763,
        "dvar": 1.51155805588,
        "dvar2": 3.58071780205,
        "max": 14.7061347961,
        "mean": 2.02867531776,
        "median": 1.17850363255,
        "min": 0,
        "var": 4.68191480637
    },
    "zerocrossingrate": {
        "dmean": 0.0105032827705,
        "dmean2": 0.0113615430892,
        "dvar": 0.000250011216849,
        "dvar2": 0.000195309054106,
        "max": 0.48828125,
        "mean": 0.0703384056687,
        "median": 0.060546875,
        "min": 0.00390625,
        "var": 0.00213670451194
    },
    "barkbands": {
        "dmean": [0.000102861253254, 0.00213070260361, 0.000897310033906, 0.000448252598289, 0.00116090406664, 0.00147185148671, 0.00111574528273, 0.000766292330809, 0.001733547193, 0.00111145561095, 0.000983442529105, 0.000771480496041, 0.000636866490822, 0.000569750671275, 0.000466346304165, 0.000359176337952, 0.000257065636106, 0.000251446763286, 0.000125333244796, 0.000126434271806, 5.97592188569e-05, 5.96306854277e-05, 8.65890615387e-05, 0.000116085619084, 7.6811760664e-05, 2.57078681898e-05, 2.3432463081e-08],
        "dmean2": [0.000157431568368, 0.00307192513719, 0.00141824188177, 0.000771011342295, 0.00187626690604, 0.00234494521283, 0.00176888739225, 0.0012164915679, 0.00266891671345, 0.00171967130154, 0.00147396605462, 0.00117580418009, 0.000980001175776, 0.000884769775439, 0.000736155780032, 0.000544807408005, 0.000388827320421, 0.000397575699026, 0.00019798426365, 0.00019555707695, 9.21108949115e-05, 9.0145804279e-05, 0.00012729120499, 0.000165294477483, 0.00010386856593, 3.76830830646e-05, 4.21286792118e-08],
        "dvar": [8.622553338e-08, 3.86861138395e-05, 6.19598131379e-06, 1.89705076536e-06, 6.38752908344e-06, 8.08702134236e-06, 5.09931896886e-06, 3.3747960515e-06, 1.28342853714e-05, 6.73035583532e-06, 7.7385438999e-06, 3.89504748455e-06, 3.57680187335e-06, 1.89569993836e-06, 1.87017099051e-06, 1.46660329392e-06, 6.09588369116e-07, 3.6106118273e-07, 5.23140961661e-08, 4.98704224583e-08, 2.07729371482e-08, 2.0462859851e-08, 7.46535633311e-08, 1.33558003768e-07, 7.17410699735e-08, 7.44905959138e-09, 3.71276394232e-14],
        "dvar2": [1.76894118908e-07, 7.90548656369e-05, 1.42392382259e-05, 5.11610505782e-06, 1.40165193443e-05, 2.00597205549e-05, 1.18462749015e-05, 7.62187801229e-06, 2.86302893073e-05, 1.3704324374e-05, 1.5283414541e-05, 8.09335233498e-06, 7.65042022977e-06, 4.13745283367e-06, 4.18314994022e-06, 3.02503553939e-06, 1.36019718866e-06, 8.36738138332e-07, 1.26369513964e-07, 1.08256656972e-07, 4.44010090916e-08, 4.05698976635e-08, 1.7827065335e-07, 2.67232451279e-07, 1.17851655546e-07, 1.49121763826e-08, 1.05963245719e-13],
        "max": [0.00461800210178, 0.132124483585, 0.044946487993, 0.0208969563246, 0.0809720754623, 0.0460593029857, 0.0560346283019, 0.041223231703, 0.0809075459838, 0.0544047951698, 0.0972620695829, 0.0465968511999, 0.0459004454315, 0.022000849247, 0.0331035964191, 0.0373462736607, 0.0272987242788, 0.0122468294576, 0.00569657469168, 0.0042492239736, 0.00505704851821, 0.00374009879306, 0.0159936156124, 0.0136858243495, 0.0107051152736, 0.00273651862517, 8.33216108731e-06],
        "mean": [0.000115756076411, 0.00350344483741, 0.00113761704415, 0.000489155238029, 0.00204688007943, 0.00260551599786, 0.00184144591913, 0.00116992241237, 0.00363835250027, 0.00197822903283, 0.00215173559263, 0.00138913805131, 0.00102552946191, 0.000824453833047, 0.000695316120982, 0.000652226270176, 0.000470861996291, 0.000412166060414, 0.000244678085437, 0.000255201099208, 0.000117447816592, 0.000126035767607, 0.000192416613572, 0.00024349213345, 0.000137643699418, 3.49785550497e-05, 1.67230975734e-08],
        "median": [1.52382281158e-05, 0.000541513436474, 0.000203684583539, 0.000118021154776, 0.000735402689315, 0.00091168016661, 0.000718793016858, 0.000430050626164, 0.00101588550024, 0.000511504709721, 0.000474337721244, 0.00035610148916, 0.000289822462946, 0.000241610687226, 0.000220012443606, 0.00015392905334, 0.000144798104884, 0.000175138324266, 0.000146093952935, 0.000143854034832, 5.52235651412e-05, 5.45060829609e-05, 9.53797716647e-05, 9.28954032133e-05, 2.51933252002e-05, 2.83626695818e-06, 8.27540536097e-10],
        "min": [4.17782944216e-24, 3.98093054907e-24, 2.70466956698e-23, 1.92860335455e-23, 7.16292328372e-23, 2.39650288451e-22, 1.20633695099e-22, 1.40548239371e-23, 4.87338861267e-23, 9.02235742084e-23, 5.82281079555e-23, 9.08139324663e-23, 1.3948396188e-22, 1.22315963067e-22, 9.31103759812e-23, 1.98902820663e-22, 1.44344607234e-22, 1.86768335027e-22, 2.23792972566e-22, 3.89303841225e-22, 5.58954424723e-22, 4.98569533187e-22, 5.05462637642e-22, 7.61458225024e-22, 1.36126080143e-21, 1.49375166916e-21, 2.37582710524e-21],
        "var": [1.22360845012e-07, 8.2582118921e-05, 8.27408166515e-06, 1.7282322915e-06, 2.16138832911e-05, 2.04846091947e-05, 1.1611269656e-05, 5.90753234064e-06, 5.18611377629e-05, 2.11866554309e-05, 4.28752355219e-05, 1.27164230435e-05, 7.97574193712e-06, 3.44116415363e-06, 3.47794161826e-06, 4.27076838605e-06, 1.57151964686e-06, 6.27023382549e-07, 1.01981122214e-07, 1.23022303455e-07, 4.66455958303e-08, 5.88170152582e-08, 1.4822121841e-07, 4.00744994522e-07, 2.44113948611e-07, 1.56405857155e-08, 2.44817102653e-14]
    },
    "erbbands": {
        "dmean": [0.0619803331792, 0.509987056255, 1.0318570137, 1.19718015194, 1.9612351656, 4.99833917618, 7.25315093994, 14.0151472092, 14.7166442871, 17.1472511292, 17.8013858795, 38.2790107727, 41.3202438354, 32.6034088135, 33.1726341248, 28.8997020721, 26.9414653778, 28.5860538483, 22.9650859833, 21.1737232208, 16.8295650482, 13.0290384293, 13.0584402084, 8.54060459137, 5.75732040405, 5.47182655334, 2.78063869476, 2.15077996254, 2.16848659515, 2.13908696175, 2.66813421249, 2.67198681831, 1.84736835957, 1.06697916985, 0.459636032581, 0.178225442767, 0.0347679555416, 0.000990409520455, 3.32925555995e-05, 1.00684492281e-05],
        "dmean2": [0.0835566073656, 0.745106935501, 1.5806312561, 1.96685540676, 3.32951807976, 8.14579963684, 11.3627233505, 22.4472255707, 23.2938404083, 27.4160881042, 27.8645076752, 57.9514656067, 63.2388763428, 48.8529548645, 48.6118774414, 43.6128387451, 40.3626556396, 43.5665130615, 35.0872993469, 33.1324005127, 24.9295692444, 19.1811523438, 20.0885467529, 13.3887071609, 8.97804737091, 8.39907455444, 4.36946821213, 3.29955363274, 3.26993608475, 3.24554562569, 3.91052126884, 3.93931794167, 2.63278532028, 1.46819984913, 0.622472047806, 0.254775822163, 0.0525287352502, 0.00148282025475, 4.73494364996e-05, 1.45622962009e-05],
        "dvar": [0.0342015065253, 2.24595594406, 7.64856243134, 12.4959392548, 22.1519832611, 142.985656738, 347.367248535, 833.66809082, 885.554260254, 1418.96740723, 2026.81140137, 6718.61865234, 8146.671875, 7452.79150391, 7862.36914062, 5644.97900391, 5727.65283203, 4595.42919922, 3779.00073242, 5375.78369141, 2418.69580078, 1556.26672363, 1089.73217773, 358.730804443, 95.1608581543, 96.5516891479, 49.5585708618, 25.9090709686, 29.6443080902, 24.9600124359, 96.3199386597, 98.9483947754, 30.6194400787, 13.8419923782, 2.6412498951, 0.370634406805, 0.012225673534, 1.14311396828e-05, 9.83925385611e-09, 1.64578101147e-10],
        "dvar2": [0.0565914288163, 4.86849355698, 16.8246574402, 31.6277923584, 60.1276817322, 320.402282715, 760.195129395, 2094.42700195, 2078.02050781, 3221.65209961, 4709.56201172, 14647.9882812, 18988.5136719, 14630.8867188, 14766.09375, 10834.21875, 11752.4902344, 9650.14453125, 8108.21826172, 11601.7246094, 4600.92529297, 3267.46459961, 2456.37182617, 880.11340332, 218.996078491, 207.142364502, 114.545509338, 53.4776573181, 60.3158950806, 51.5254745483, 245.263778687, 227.133758545, 58.7222366333, 24.674539566, 4.42959165573, 0.680606126785, 0.0260954648256, 2.53791622526e-05, 1.89915319027e-08, 3.02378649897e-10],
        "max": [3.53020334244, 32.2705612183, 51.9598808289, 63.7319793701, 67.8575592041, 345.647857666, 493.450775146, 530.098693848, 516.391113281, 931.771728516, 966.135986328, 2452.72900391, 1945.2857666, 2783.09082031, 3476.85644531, 1823.42541504, 2148.35205078, 1404.59802246, 1404.17797852, 2284.32299805, 1864.62097168, 1300.56433105, 839.213134766, 481.129455566, 239.278656006, 176.571746826, 197.790267944, 195.097595215, 153.587005615, 114.954376221, 610.139709473, 456.772613525, 216.277374268, 133.738082886, 60.1120834351, 20.7164230347, 2.92113304138, 0.0969983711839, 0.00300554535352, 0.00041507097194],
        "mean": [0.0944488197565, 0.795225739479, 1.48114347458, 1.47780489922, 2.67661714554, 8.52567863464, 13.6259899139, 23.9169406891, 24.7967472076, 29.0763149261, 30.5643444061, 80.7665176392, 80.253578186, 73.1822738647, 73.8029174805, 56.7291641235, 48.8534851074, 44.9236373901, 38.2652778625, 34.9075660706, 35.2055435181, 26.9571819305, 23.401889801, 16.5333919525, 13.3326969147, 11.2838716507, 5.42642498016, 4.40570688248, 4.48319482803, 4.64424943924, 5.81999158859, 5.48704004288, 3.71389532089, 1.94304823875, 0.763127207756, 0.259464085102, 0.0447393879294, 0.00128412700724, 6.40611615381e-05, 3.92509500671e-05],
        "median": [0.0119916591793, 0.128354489803, 0.317163676023, 0.426373302937, 1.0714700222, 2.67416739464, 4.49588775635, 8.23726081848, 10.6008224487, 12.1222381592, 13.5608901978, 22.478597641, 25.559879303, 22.0522041321, 22.7921180725, 17.5789299011, 17.1569824219, 15.4934740067, 13.6914978027, 11.1921901703, 9.26295852661, 8.78232765198, 10.06848526, 9.71441650391, 7.67112445831, 6.70931911469, 2.93004417419, 1.99090075493, 1.9005767107, 2.27326130867, 2.80514478683, 2.19640398026, 1.29876041412, 0.444833338261, 0.0987017229199, 0.023381665349, 0.00368401268497, 0.000118603056762, 2.69965439657e-05, 3.75723830075e-05],
        "min": [1.60740898133e-22, 1.08881192322e-21, 2.05527030329e-20, 5.95243046202e-20, 8.98849285659e-20, 2.85626706285e-19, 1.29920833397e-18, 1.94030019207e-18, 1.63337978887e-18, 1.14752253818e-18, 3.80820512334e-19, 7.91950524975e-19, 1.72644815433e-18, 4.1833716494e-18, 3.09622657509e-18, 3.18318765929e-18, 6.14886362703e-18, 4.61331862511e-18, 7.3497487239e-18, 7.89304756767e-18, 9.11229441978e-18, 7.89381519128e-18, 9.99705342041e-18, 8.89670881827e-18, 1.45902947177e-17, 2.36013885526e-17, 2.00152363424e-17, 1.92423435934e-17, 1.94485200155e-17, 1.59797894019e-17, 1.59756171029e-17, 1.54310973406e-17, 1.20375375924e-17, 1.82144343704e-17, 8.4844453097e-18, 5.53041542461e-18, 2.68436941899e-18, 1.21816407269e-18, 3.08973801527e-19, 3.67691378867e-20],
        "var": [0.0752226039767, 4.33707618713, 12.8268537521, 13.3639268875, 26.3946552277, 423.520111084, 1108.49609375, 1849.87548828, 1798.16699219, 3064.65429688, 3328.07128906, 30065.7480469, 23963.21875, 34459.6953125, 36640.3242188, 19808.8632812, 14998.1572266, 8635.34472656, 7745.18701172, 10725.8798828, 11484.2148438, 5047.73925781, 2063.27587891, 604.924560547, 287.216339111, 226.961151123, 85.5351867676, 70.416557312, 76.514465332, 69.2637786865, 158.794509888, 213.647003174, 97.4822158813, 43.6392211914, 8.36489963531, 0.916275978088, 0.0229760371149, 2.02629507839e-05, 2.42906619263e-08, 7.40735195404e-10]
    },
    "gfcc": {
        "mean": [-0.45176795125, 87.7959060669, -147.829193115, 22.8561420441, -81.2267608643, 20.4733791351, -42.5586280823, 11.4028024673, -18.7096710205, -5.23008728027, -3.69249296188, -5.48562717438, -3.96473360062],
        "cov": [[3530.29150391, -692.876342773, 758.764038086, 102.714996338, 139.844284058, 481.053009033, -185.582489014, 516.870361328, -296.719329834, 383.930450439, -71.8696060181, 285.62322998, -160.620559692], [-692.876342773, 1515.23168945, 61.5595436096, 292.652252197, 343.501586914, -160.079803467, 360.224151611, -162.135025024, 202.350891113, -171.072097778, 191.221908569, -132.227630615, 108.52166748], [758.764038086, 61.5595436096, 1422.70422363, 355.342254639, 256.543762207, 262.024719238, -48.0024147034, 224.372787476, -145.651123047, 314.149841309, -139.534332275, 233.669662476, -101.303359985], [102.714996338, 292.652252197, 355.342254639, 455.056945801, 194.73878479, 62.3459968567, 63.6562004089, 24.1602745056, 95.1330490112, 37.7798423767, 24.6485424042, 9.06496429443, 44.0559616089], [139.844284058, 343.501586914, 256.543762207, 194.73878479, 372.984680176, 82.8293838501, 119.535301208, 76.5334701538, 51.1874732971, 82.7412338257, -3.1731338501, 46.3779563904, -25.3110179901], [481.053009033, -160.079803467, 262.024719238, 62.3459968567, 82.8293838501, 313.367889404, 112.404197693, 130.605911255, -46.6266555786, 94.5450057983, 0.218027219176, 52.6300811768, -37.9017677307], [-185.582489014, 360.224151611, -48.0024147034, 63.6562004089, 119.535301208, 112.404197693, 382.794921875, 22.4822063446, 41.5393867493, -41.8490791321, 79.9412078857, -30.7632846832, 8.59588336945], [516.870361328, -162.135025024, 224.372787476, 24.1602745056, 76.5334701538, 130.605911255, 22.4822063446, 245.134979248, -19.0745334625, 96.2661437988, 1.240254879, 74.8620605469, -20.0785331726], [-296.719329834, 202.350891113, -145.651123047, 95.1330490112, 51.1874732971, -46.6266555786, 41.5393867493, -19.0745334625, 205.459014893, -44.199672699, 59.4091720581, -53.450717926, 66.161781311], [383.930450439, -171.072097778, 314.149841309, 37.7798423767, 82.7412338257, 94.5450057983, -41.8490791321, 96.2661437988, -44.199672699, 239.136825562, -46.7023658752, 107.912094116, -62.2041854858], [-71.8696060181, 191.221908569, -139.534332275, 24.6485424042, -3.1731338501, 0.218027219176, 79.9412078857, 1.240254879, 59.4091720581, -46.7023658752, 214.225128174, -30.5590496063, 56.2796936035], [285.62322998, -132.227630615, 233.669662476, 9.06496429443, 46.3779563904, 52.6300811768, -30.7632846832, 74.8620605469, -53.450717926, 107.912094116, -30.5590496063, 167.980041504, -15.5668020248], [-160.620559692, 108.52166748, -101.303359985, 44.0559616089, -25.3110179901, -37.9017677307, 8.59588336945, -20.0785331726, 66.161781311, -62.2041854858, 56.2796936035, -15.5668020248, 120.324943542]],
        "icov": [[0.00064827821916, -0.000361153535778, 0.000411875284044, -0.000478751957417, 0.000290173862595, -0.000928043155, 0.000847047194839, -0.00122196937446, 0.000875303172506, -0.000354818970663, 4.98161607538e-05, -0.000464309443487, 0.000469357270049], [-0.000361153535778, 0.0030468266923, -0.00166312907822, 0.000761626579333, -0.00269384519197, 0.00294552580453, -0.00272124074399, 0.00245498470031, -0.00116567441728, 0.00134614587296, -0.00177265552338, 0.00181206257548, -0.00154347042553], [0.000411875284044, -0.00166312907822, 0.00279791536741, -0.00206492026336, 0.00129121169448, -0.00224921526387, 0.00195705355145, -0.00219443393871, 0.0020153883379, -0.00160597497597, 0.00143197749276, -0.0020473334007, 0.00134551280644], [-0.000478751957417, 0.000761626579333, -0.00206492026336, 0.00498963845894, -0.00215058028698, 0.000768755562603, -0.00103148294147, 0.00210967077874, -0.00255924556404, 0.000678762851749, -0.000703220779542, 0.00164197722916, -0.00237643276341], [0.000290173862595, -0.00269384519197, 0.00129121169448, -0.00215058028698, 0.00697642657906, -0.00225947704166, 0.00101665966213, -0.00278138439171, -0.000222566231969, -0.00181651825551, 0.0018979688175, -0.0023764311336, 0.00289861182682], [-0.000928043155, 0.00294552580453, -0.00224921526387, 0.000768755562603, -0.00225947704166, 0.00884638074785, -0.00488358130679, 0.00125631212723, -0.000860776111949, 0.000413069064962, -0.00167681998573, 0.00240605510771, -0.00141832185909], [0.000847047194839, -0.00272124074399, 0.00195705355145, -0.00103148294147, 0.00101665966213, -0.00488358130679, 0.00683576241136, -0.00274952035397, 0.00155073346104, -0.000217549648369, 0.000356255943188, -0.00163954426534, 0.00199486641213], [-0.00122196937446, 0.00245498470031, -0.00219443393871, 0.00210967077874, -0.00278138439171, 0.00125631212723, -0.00274952035397, 0.00969532504678, -0.00278607802466, 0.00064243725501, -0.00179811497219, 0.000682874873746, -0.00204694550484], [0.000875303172506, -0.00116567441728, 0.0020153883379, -0.00255924556404, -0.000222566231969, -0.000860776111949, 0.00155073346104, -0.00278607802466, 0.00972768478096, -0.00184122554492, -1.70041730598e-05, 0.000854591431562, -0.00222225720063], [-0.000354818970663, 0.00134614587296, -0.00160597497597, 0.000678762851749, -0.00181651825551, 0.000413069064962, -0.000217549648369, 0.00064243725501, -0.00184122554492, 0.00911188498139, -0.000879857223481, -0.00247107655741, 0.00239720405079], [4.98161607538e-05, -0.00177265552338, 0.00143197749276, -0.000703220779542, 0.0018979688175, -0.00167681998573, 0.000356255943188, -0.00179811497219, -1.70041730598e-05, -0.000879857223481, 0.0072138174437, -0.000809863151517, -0.0012505032355], [-0.000464309443487, 0.00181206257548, -0.0020473334007, 0.00164197722916, -0.0023764311336, 0.00240605510771, -0.00163954426534, 0.000682874873746, 0.000854591431562, -0.00247107655741, -0.000809863151517, 0.0115709118545, -0.00396151980385], [0.000469357270049, -0.00154347042553, 0.00134551280644, -0.00237643276341, 0.00289861182682, -0.00141832185909, 0.00199486641213, -0.00204694550484, -0.00222225720063, 0.00239720405079, -0.0012505032355, -0.00396151980385, 0.0145448343828]]
    },
    "melbands": {
        "dmean": [0.000563398818485, 0.000555003294721, 0.000207069053431, 0.000240705994656, 0.000245183531661, 0.000302928034216, 0.000229115001275, 0.000179373717401, 0.000160698735272, 0.000259136169916, 0.000210326776141, 0.000133926398121, 0.000125363498228, 9.08937872737e-05, 6.98011863278e-05, 6.18110207142e-05, 5.59770887776e-05, 3.96664254367e-05, 3.48183129972e-05, 2.7198353564e-05, 2.09736754186e-05, 1.54971567099e-05, 1.34444835567e-05, 1.28787287395e-05, 7.28193617761e-06, 4.20404012402e-06, 5.69588246435e-06, 3.6185456338e-06, 2.13157227336e-06, 1.34991262257e-06, 1.3887500927e-06, 1.34725928547e-06, 1.28603198846e-06, 1.29474358346e-06, 1.58606917466e-06, 1.8557761905e-06, 1.75976845185e-06, 1.45565229559e-06, 1.19020648981e-06, 8.74177771948e-07],
        "dmean2": [0.000798236462288, 0.000820767250843, 0.000331087328959, 0.00040027272189, 0.000384653307265, 0.000483485986479, 0.000361875660019, 0.000287305738311, 0.000252944941167, 0.000394564936869, 0.000321061466821, 0.00019973074086, 0.000184389544302, 0.000135694528581, 0.000107153078716, 9.31078320718e-05, 8.60223226482e-05, 6.11313298577e-05, 5.47527451999e-05, 4.21451077273e-05, 3.15900397254e-05, 2.30084533541e-05, 2.06998029171e-05, 2.00930317078e-05, 1.16255005196e-05, 6.71573479849e-06, 8.83404663909e-06, 5.63348248761e-06, 3.43166607308e-06, 2.09603308576e-06, 2.19321623263e-06, 2.05530068342e-06, 1.9923131731e-06, 1.99277724278e-06, 2.38819256992e-06, 2.79721257357e-06, 2.62876460511e-06, 2.1563273549e-06, 1.73824366811e-06, 1.22162032312e-06],
        "dvar": [2.77273693428e-06, 2.015741984e-06, 2.96776079267e-07, 2.70684267889e-07, 3.55689934395e-07, 3.57588021416e-07, 1.94877259219e-07, 1.50407174715e-07, 1.73195985553e-07, 2.95392879934e-07, 2.06883854048e-07, 1.24297571347e-07, 1.20309394447e-07, 5.64598963138e-08, 3.74823976301e-08, 3.29071241367e-08, 1.86753847942e-08, 1.20675700543e-08, 1.21668479736e-08, 1.04373638621e-08, 4.48690862243e-09, 2.77752465472e-09, 1.4347485422e-09, 1.07877562439e-09, 2.93325336242e-10, 5.58462998068e-11, 1.21766235983e-10, 4.80905211486e-11, 2.94289280445e-11, 1.1485672656e-11, 1.14313810154e-11, 1.10928427902e-11, 1.02432862539e-11, 8.59807624404e-12, 3.02297492594e-11, 4.76965758556e-11, 4.20302195825e-11, 2.05318453211e-11, 1.57229628622e-11, 1.07697817678e-11],
        "dvar2": [5.20757657796e-06, 4.34098001278e-06, 7.07052095095e-07, 6.53041126952e-07, 7.65123047586e-07, 8.9694219696e-07, 4.5498782697e-07, 3.33875476599e-07, 3.93007155708e-07, 6.50743515962e-07, 4.75834241342e-07, 2.44593849175e-07, 2.35378848856e-07, 1.11411736725e-07, 7.60124265753e-08, 6.66687896e-08, 3.89325300887e-08, 2.58131667152e-08, 2.61261057233e-08, 2.30801244783e-08, 8.5874836131e-09, 6.02144378803e-09, 3.16683324009e-09, 2.44288167472e-09, 7.38025696112e-10, 1.30341237803e-10, 2.71446920497e-10, 1.04337288809e-10, 7.15117201566e-11, 2.41252781641e-11, 2.56858371378e-11, 2.32452303933e-11, 2.23284585266e-11, 1.90425713392e-11, 7.84967230105e-11, 1.2463655108e-10, 9.58073134716e-11, 4.26859797509e-11, 3.23677334935e-11, 2.07396200907e-11],
        "max": [0.0314663052559, 0.0295915156603, 0.00961633771658, 0.0138767017052, 0.0162309426814, 0.0107924863696, 0.0074603324756, 0.00886844750494, 0.00819332152605, 0.0138707300648, 0.00991291087121, 0.010274913162, 0.0110127450898, 0.00628510583192, 0.00623198645189, 0.00596975861117, 0.00233791628852, 0.00206639943644, 0.00328113883734, 0.00329911871813, 0.0026859017089, 0.00197834311984, 0.000888893846422, 0.000843914807774, 0.00042786161066, 0.00016396297724, 0.000266959745204, 0.000157168251462, 0.000129036081489, 0.000137920069392, 0.00011055880168, 8.86251655174e-05, 8.23427471914e-05, 6.79403165122e-05, 0.00032951918547, 0.000292827287922, 0.000241852190811, 0.000195236396394, 0.000114883019705, 0.000126774233649],
        "mean": [0.000923283339944, 0.000901886262, 0.000283308239887, 0.000382833939511, 0.000478636909975, 0.000525620474946, 0.000388627231587, 0.000304706336465, 0.000263118447037, 0.000547906092834, 0.000392219866626, 0.000284500449197, 0.000277142506093, 0.000165743316757, 0.000123572215671, 0.000100660923636, 8.07608666946e-05, 6.07063630014e-05, 5.19231361977e-05, 4.27736849815e-05, 4.06462531828e-05, 2.82287637674e-05, 2.22929174925e-05, 2.01523034775e-05, 1.2671870536e-05, 8.47548380989e-06, 1.116855492e-05, 6.4540108724e-06, 3.6439548694e-06, 2.40034432863e-06, 2.61137415691e-06, 2.57153214989e-06, 2.42129453909e-06, 2.61651621258e-06, 3.25849032379e-06, 3.55776796823e-06, 3.28404939864e-06, 2.74146805168e-06, 2.10220491681e-06, 1.4763550098e-06],
        "median": [0.00013491968275, 0.000204226817004, 8.97677527973e-05, 0.000144036515849, 0.000166039681062, 0.000184726159205, 0.000171833002241, 0.000124330836115, 9.98063915176e-05, 0.000141043623444, 0.000110911438242, 7.17150251148e-05, 6.92071480444e-05, 4.58077483927e-05, 3.33361058438e-05, 3.00090250676e-05, 2.30029108934e-05, 1.79328417289e-05, 1.62578689924e-05, 1.09991042336e-05, 9.40154677664e-06, 8.43041016196e-06, 7.65802815295e-06, 8.28944030218e-06, 6.85592340233e-06, 5.00968644701e-06, 5.30256147613e-06, 3.41231498169e-06, 1.71611281985e-06, 1.04577884485e-06, 1.08699396151e-06, 1.03373395177e-06, 1.00185184237e-06, 1.28669114474e-06, 1.57954025326e-06, 1.52971529133e-06, 1.1722970612e-06, 9.41922849051e-07, 5.96248696638e-07, 2.71988909617e-07],
        "min": [1.12075440957e-24, 7.86076068453e-24, 1.13309116861e-23, 1.06367637877e-23, 3.89777782546e-23, 4.33263897718e-23, 2.62196381195e-23, 1.03475705353e-23, 2.85197750812e-24, 6.23639234547e-24, 8.37310533209e-24, 1.66790091814e-23, 9.30365906653e-24, 1.19740045067e-23, 8.15470524618e-24, 1.36665465996e-23, 8.67259164159e-24, 1.34037975424e-23, 6.55595595388e-24, 1.6471778577e-23, 8.99977722406e-24, 8.25247114474e-24, 9.25611205319e-24, 8.30115806209e-24, 6.89232111627e-24, 8.46134810181e-24, 1.24424111795e-23, 1.52313784228e-23, 1.41175383791e-23, 9.28275346368e-24, 1.13517817902e-23, 8.79359738243e-24, 1.20846469818e-23, 7.62999441507e-24, 9.56932690902e-24, 8.79969685495e-24, 9.90409975567e-24, 7.82502134122e-24, 9.57362462323e-24, 1.81418980876e-23],
        "var": [6.11316136201e-06, 4.30452564615e-06, 3.89608459272e-07, 6.14509872321e-07, 1.26513577925e-06, 8.25442498353e-07, 4.23049840492e-07, 3.25185766314e-07, 3.01073043829e-07, 1.39480823691e-06, 6.2246908783e-07, 5.43873909464e-07, 6.652443858e-07, 1.84187641139e-07, 1.18998023879e-07, 7.91033443193e-08, 3.38272947431e-08, 2.36574546619e-08, 2.33324950472e-08, 2.13235740176e-08, 1.99238545662e-08, 7.62037810631e-09, 2.81239076472e-09, 1.79898840269e-09, 4.35971675428e-10, 1.20657733804e-10, 3.15797055173e-10, 9.92536400291e-11, 4.37285901933e-11, 2.51212783214e-11, 2.77235161911e-11, 2.66211323818e-11, 2.47205884235e-11, 2.10588924771e-11, 4.50132396634e-11, 8.19411413722e-11, 8.76571107367e-11, 5.52820046684e-11, 4.02293996726e-11, 3.04997971323e-11]
    },
    "mfcc": {
        "mean": [-628.919555664, 107.26436615, -8.22675323486, -2.2808971405, -6.96641254425, -5.9448928833, -4.90858793259, 5.51851844788, -8.63355255127, 5.77888774872, -4.41761255264, -0.725380897522, -1.71950638294],
        "cov": [[2788.02661133, -454.97354126, 226.671127319, -104.481651306, 219.828079224, -5.26376342773, 212.784545898, 121.953720093, 10.2481813431, 55.0449485779, 74.1020431519, 100.83732605, 121.574287415], [-454.97354126, 1082.6932373, 39.7917251587, 332.186553955, 87.53931427, 116.155059814, 144.857879639, 68.3928756714, 35.9804458618, 22.2189788818, 65.1084747314, -8.85271644592, 43.5043716431], [226.671127319, 39.7917251587, 929.545837402, 233.535003662, 257.187652588, 153.247894287, 144.123931885, 21.1067485809, 81.3533401489, -22.8390235901, 84.504699707, 44.1046562195, 85.8715667725], [-104.481651306, 332.186553955, 233.535003662, 452.242218018, 184.893859863, 121.93952179, 50.4821243286, 21.5805015564, 91.9561691284, 7.22178792953, 39.9111938477, 43.6113815308, 62.1970825195], [219.828079224, 87.53931427, 257.187652588, 184.893859863, 356.779876709, 44.983581543, 23.4321327209, 15.910235405, 65.6394729614, 26.699886322, 34.0320777893, 51.870464325, 79.6499786377], [-5.26376342773, 116.155059814, 153.247894287, 121.93952179, 44.983581543, 260.726470947, 101.496063232, 35.1574821472, 75.8837356567, 12.0698003769, 67.3000946045, 17.9782009125, 13.4829759598], [212.784545898, 144.857879639, 144.123931885, 50.4821243286, 23.4321327209, 101.496063232, 301.923034668, 120.153083801, 15.323390007, 67.459487915, 73.6565093994, 13.1548042297, 39.993144989], [121.953720093, 68.3928756714, 21.1067485809, 21.5805015564, 15.910235405, 35.1574821472, 120.153083801, 179.055633545, 47.4572677612, 42.5680541992, 22.1503505707, 16.3597373962, 29.2458820343], [10.2481813431, 35.9804458618, 81.3533401489, 91.9561691284, 65.6394729614, 75.8837356567, 15.323390007, 47.4572677612, 167.213409424, 16.9038105011, 27.7197227478, 27.0058364868, 21.4202136993], [55.0449485779, 22.2189788818, -22.8390235901, 7.22178792953, 26.699886322, 12.0698003769, 67.459487915, 42.5680541992, 16.9038105011, 145.31161499, 42.0069465637, -2.91971111298, 0.166952863336], [74.1020431519, 65.1084747314, 84.504699707, 39.9111938477, 34.0320777893, 67.3000946045, 73.6565093994, 22.1503505707, 27.7197227478, 42.0069465637, 118.301506042, 32.1642799377, 13.0974721909], [100.83732605, -8.85271644592, 44.1046562195, 43.6113815308, 51.870464325, 17.9782009125, 13.1548042297, 16.3597373962, 27.0058364868, -2.91971111298, 32.1642799377, 114.692848206, 60.7705078125], [121.574287415, 43.5043716431, 85.8715667725, 62.1970825195, 79.6499786377, 13.4829759598, 39.993144989, 29.2458820343, 21.4202136993, 0.166952863336, 13.0974721909, 60.7705078125, 134.95892334]],
