{
"lowlevel": {
    "average_loudness": 0.950211763382,
    "barkbands_crest": {
        "dmean": 2.89375305176,
        "dmean2": 4.6294426918,
        "dvar": 6.38765001297,
        "dvar2": 15.6252317429,
        "max": 25.7512569427,
        "mean": 9.41811275482,
        "median": 8.33103561401,
        "min": 1.98944926262,
        "var": 21.1862945557
    },
    "barkbands_flatness_db": {
        "dmean": 0.0218288488686,
        "dmean2": 0.0339656881988,
        "dvar": 0.000356832519174,
        "dvar2": 0.000849447736982,
        "max": 0.41418543458,
        "mean": 0.139931097627,
        "median": 0.120993763208,
        "min": 0.0342548564076,
        "var": 0.00427428632975
    },
    "barkbands_kurtosis": {
        "dmean": 2.17501211166,
        "dmean2": 3.55974674225,
        "dvar": 46.3372917175,
        "dvar2": 128.191711426,
        "max": 319.041107178,
        "mean": 2.78129243851,
        "median": 0.647057533264,
        "min": -1.77730846405,
        "var": 112.746917725
    },
    "barkbands_skewness": {
        "dmean": 0.478309482336,
        "dmean2": 0.752821087837,
        "dvar": 0.257301658392,
        "dvar2": 0.614907264709,
        "max": 14.5583610535,
        "mean": 1.17839467525,
        "median": 0.941587567329,
        "min": -1.73659360409,
        "var": 1.309679389
    },
    "barkbands_spread": {
        "dmean": 5.76047563553,
        "dmean2": 8.95024108887,
        "dvar": 35.4863357544,
        "dvar2": 79.1601486206,
        "max": 102.856071472,
        "mean": 26.2401847839,
        "median": 24.2932872772,
        "min": 0.507261812687,
        "var": 239.144104004
    },
    "dissonance": {
        "dmean": 0.0167158208787,
        "dmean2": 0.0289464779198,
        "dvar": 0.000276944891084,
        "dvar2": 0.000755352491979,
        "max": 0.500000178814,
        "mean": 0.475801497698,
        "median": 0.482149422169,
        "min": 0,
        "var": 0.000510063953698
    },
    "dynamic_complexity": 2.43355846405,
    "erbbands_crest": {
        "dmean": 2.7578458786,
        "dmean2": 4.58906507492,
        "dvar": 6.57278394699,
        "dvar2": 17.6284065247,
        "max": 30.0607185364,
        "mean": 8.469830513,
        "median": 7.47437763214,
        "min": 2.22669768333,
        "var": 17.6352615356
    },
    "erbbands_flatness_db": {
        "dmean": 0.0173855442554,
        "dmean2": 0.026091273874,
        "dvar": 0.000215878448216,
        "dvar2": 0.000464384880615,
        "max": 0.402273625135,
        "mean": 0.17424762249,
        "median": 0.159156829119,
        "min": 0.0642722323537,
        "var": 0.0039404835552
    },
    "erbbands_kurtosis": {
        "dmean": 0.832512795925,
        "dmean2": 1.35504043102,
        "dvar": 1.41442656517,
        "dvar2": 3.72918248177,
        "max": 27.2859859467,
        "mean": 0.473086208105,
        "median": -0.0771400928497,
        "min": -1.61440956593,
        "var": 3.52863407135
    },
    "erbbands_skewness": {
        "dmean": 0.332162588835,
        "dmean2": 0.531019687653,
        "dvar": 0.0745621994138,
        "dvar2": 0.195681542158,
        "max": 3.28053712845,
        "mean": 0.558346569538,
        "median": 0.51050645113,
        "min": -1.97206783295,
        "var": 0.378501564264
    },
    "erbbands_spread": {
        "dmean": 6.70409440994,
        "dmean2": 10.2434473038,
        "dvar": 42.3555526733,
        "dvar2": 90.8735198975,
        "max": 120.17035675,
        "mean": 35.5658760071,
        "median": 34.9093132019,
        "min": 3.41993165016,
        "var": 241.992980957
    },
    "hfc": {
        "dmean": 8.19492149353,
        "dmean2": 11.9027090073,
        "dvar": 123.562393188,
        "dvar2": 252.464111328,
        "max": 218.111663818,
        "mean": 34.755027771,
        "median": 31.3965625763,
        "min": 1.23480899802e-16,
        "var": 664.119567871
    },
    "melbands_crest": {
        "dmean": 3.70619559288,
        "dmean2": 6.001953125,
        "dvar": 9.82952880859,
        "dvar2": 23.7649726868,
        "max": 31.4524650574,
        "mean": 13.0785455704,
        "median": 11.9110870361,
        "min": 1.9614764452,
        "var": 30.5780487061
    },
    "melbands_flatness_db": {
        "dmean": 0.0259867589921,
        "dmean2": 0.0396994873881,
        "dvar": 0.000569551193621,
        "dvar2": 0.00120236806106,
        "max": 0.510575592518,
        "mean": 0.161347165704,
        "median": 0.150513350964,
        "min": 0.00585464714095,
        "var": 0.0061084292829
    },
    "melbands_kurtosis": {
        "dmean": 5.49446392059,
        "dmean2": 8.78130054474,
        "dvar": 124.40032959,
        "dvar2": 308.00302124,
        "max": 458.996185303,
        "mean": 9.70739841461,
        "median": 4.33413124084,
        "min": -1.50460743904,
        "var": 382.959503174
    },
    "melbands_skewness": {
        "dmean": 0.672616660595,
        "dmean2": 1.04434680939,
        "dvar": 0.557722330093,
        "dvar2": 1.23516082764,
        "max": 15.9764709473,
        "mean": 2.14260339737,
        "median": 1.76684486866,
        "min": -1.1813160181,
        "var": 2.3091776371
    },
    "melbands_spread": {
        "dmean": 8.35389518738,
        "dmean2": 13.1918392181,
        "dvar": 86.3453521729,
        "dvar2": 197.310409546,
        "max": 152.608184814,
        "mean": 30.9757270813,
        "median": 27.3085746765,
        "min": 0.416488677263,
        "var": 425.530883789
    },
    "pitch_salience": {
        "dmean": 0.076413616538,
        "dmean2": 0.120206356049,
        "dvar": 0.00456048268825,
        "dvar2": 0.0107332533225,
        "max": 0.920336663723,
        "mean": 0.571890294552,
        "median": 0.592002868652,
        "min": 0.0808355361223,
        "var": 0.0184731706977
    },
    "silence_rate_20dB": {
        "dmean": 0,
        "dmean2": 0,
        "dvar": 0,
        "dvar2": 0,
        "max": 1,
        "mean": 1,
        "median": 1,
        "min": 1,
        "var": 0
    },
    "silence_rate_30dB": {
        "dmean": 0.00943603273481,
        "dmean2": 0.018874136731,
        "dvar": 0.00934734940529,
        "dvar2": 0.0257577430457,
        "max": 1,
        "mean": 0.993417441845,
        "median": 1,
        "min": 0,
        "var": 0.00653874594718
    },
    "silence_rate_60dB": {
        "dmean": 0.00329163926654,
        "dmean2": 0.00658400077373,
        "dvar": 0.00328137096949,
        "dvar2": 0.00895655993372,
        "max": 1,
        "mean": 0.00570488208905,
        "median": 0,
        "min": 0,
        "var": 0.00567240733653
    },
    "spectral_centroid": {
        "dmean": 235.122970581,
        "dmean2": 371.107208252,
        "dvar": 57752.3046875,
        "dvar2": 114788.515625,
        "max": 10708.7900391,
        "mean": 1683.3449707,
        "median": 1643.39709473,
        "min": 167.714279175,
        "var": 431382.53125
    },
    "spectral_complexity": {
        "dmean": 3.97717785835,
        "dmean2": 6.23877954483,
        "dvar": 12.5341567993,
        "dvar2": 28.4001598358,
        "max": 58,
        "mean": 27.1361484528,
        "median": 28,
        "min": 0,
        "var": 127.075630188
    },
    "spectral_decrease": {
        "dmean": 2.50580067807e-09,
        "dmean2": 3.81979692321e-09,
        "dvar": 1.09137548276e-17,
        "dvar2": 2.39317049323e-17,
        "max": 2.17911570414e-29,
        "mean": -7.55980256173e-09,
        "median": -6.17959905469e-09,
        "min": -6.41290114345e-08,
        "var": 3.09863511824e-17
    },
    "spectral_energy": {
        "dmean": 0.00991553999484,
        "dmean2": 0.0150736756623,
        "dvar": 0.000159158982569,
        "dvar2": 0.000348300411133,
        "max": 0.244037985802,
        "mean": 0.0316848829389,
        "median": 0.0267171058804,
        "min": 1.11178333063e-20,
        "var": 0.000480356742628
    },
    "spectral_energyband_high": {
        "dmean": 0.000618909951299,
        "dmean2": 0.000893702323083,
        "dvar": 1.31511546897e-06,
        "dvar2": 2.72151510217e-06,
        "max": 0.0211848001927,
        "mean": 0.0020039321389,
        "median": 0.00117383233737,
        "min": 7.98231956832e-21,
        "var": 5.51649918634e-06
    },
    "spectral_energyband_low": {
        "dmean": 0.0066499914974,
        "dmean2": 0.0100052291527,
        "dvar": 0.000165029705386,
        "dvar2": 0.000368790642824,
        "max": 0.242396920919,
        "mean": 0.0110299978405,
        "median": 0.00412852922454,
        "min": 7.73276232286e-23,
        "var": 0.000349538779119
    },
    "spectral_energyband_middle_high": {
        "dmean": 0.0034574966412,
        "dmean2": 0.00528033915907,
        "dvar": 1.92402658286e-05,
        "dvar2": 4.56007546745e-05,
        "max": 0.0622236132622,
        "mean": 0.0107896709815,
        "median": 0.00775495264679,
        "min": 1.71398467023e-21,
        "var": 9.36706419452e-05
    },
    "spectral_energyband_middle_low": {
        "dmean": 0.00462247850373,
        "dmean2": 0.00770498020574,
        "dvar": 5.02474103996e-05,
        "dvar2": 0.000134107118356,
        "max": 0.07643751055,
        "mean": 0.009107937105,
        "median": 0.00679311715066,
        "min": 3.22759321793e-22,
        "var": 6.51771115372e-05
    },
    "spectral_entropy": {
        "dmean": 0.112338811159,
        "dmean2": 0.169681280851,
        "dvar": 0.0106110777706,
        "dvar2": 0.0230695735663,
        "max": 9.80531978607,
        "mean": 7.84933137894,
        "median": 7.9116268158,
        "min": 6.1487531662,
        "var": 0.174047797918
    },
    "spectral_flux": {
        "dmean": 0.0232689511031,
        "dmean2": 0.0368017740548,
        "dvar": 0.000708855397534,
        "dvar2": 0.00147040793672,
        "max": 0.409408837557,
        "mean": 0.106040306389,
        "median": 0.100421927869,
        "min": 1.0544113499e-10,
        "var": 0.00213350658305
    },
    "spectral_kurtosis": {
        "dmean": 1.20804035664,
        "dmean2": 2.09144425392,
        "dvar": 3.00381159782,
        "dvar2": 9.3360376358,
        "max": 30.5335655212,
        "mean": 2.73508381844,
        "median": 2.11762809753,
        "min": -1.19275248051,
        "var": 5.41089391708
    },
    "spectral_rms": {
        "dmean": 0.00083118659677,
        "dmean2": 0.00125604961067,
        "dvar": 7.18880755812e-07,
        "dvar2": 1.474851274e-06,
        "max": 0.015430030413,
        "mean": 0.00525962235406,
        "median": 0.00510543538257,
        "min": 3.29342781345e-12,
        "var": 3.24832626575e-06
    },
    "spectral_rolloff": {
        "dmean": 646.194152832,
        "dmean2": 1018.09295654,
        "dvar": 889333.75,
        "dvar2": 1671949.25,
        "max": 18863.0859375,
        "mean": 2226.50610352,
        "median": 1593.45703125,
        "min": 64.599609375,
        "var": 3937275.25
    },
    "spectral_skewness": {
        "dmean": 0.17315082252,
        "dmean2": 0.288835883141,
        "dvar": 0.0304347742349,
        "dvar2": 0.0894747152925,
        "max": 4.06118679047,
        "mean": 1.2778840065,
        "median": 1.23152971268,
        "min": 0.0716118961573,
        "var": 0.0995710864663
    },
    "spectral_spread": {
        "dmean": 426366.375,
        "dmean2": 619638.8125,
        "dvar": 328163491840,
        "dvar2": 462902460416,
        "max": 40488132,
        "mean": 4744930.5,
        "median": 4714204.5,
        "min": 1695270,
        "var": 2.46544072704e+12
    },
    "spectral_strongpeak": {
        "dmean": 0.679597496986,
        "dmean2": 1.15678441525,
        "dvar": 0.869556069374,
        "dvar2": 2.21377062798,
        "max": 18.1840648651,
        "mean": 1.09103405476,
        "median": 0.608431398869,
        "min": 0,
        "var": 1.57954609394
    },
    "zerocrossingrate": {
        "dmean": 0.0114565007389,
        "dmean2": 0.013249819167,
        "dvar": 0.000183333919267,
        "dvar2": 0.000189152924577,
        "max": 0.53564453125,
        "mean": 0.0816560536623,
        "median": 0.0693359375,
        "min": 0.00341796875,
        "var": 0.00229127961211
    },
    "barkbands": {
        "dmean": [0.000108029482362, 0.00522993085906, 0.00229731597938, 0.0013489384437, 0.00101460760925, 0.000663472630549, 0.000601273030043, 0.000685517268721, 0.00158761302009, 0.00218868348747, 0.00118873384781, 0.000864404661115, 0.000462831609184, 0.000539088330697, 0.000442390766693, 0.000337592413416, 0.00029258581344, 0.000249849865213, 0.00018776494835, 0.000180111615919, 0.000162438023835, 0.000154322842718, 0.000146692895214, 0.000148774692207, 0.000120285127196, 3.20212093357e-05, 2.09084216607e-08],
        "dmean2": [0.000187148310943, 0.00816969759762, 0.00375136733055, 0.00246872287244, 0.00178369460627, 0.00109443126712, 0.000971353962086, 0.0011328823166, 0.00267708231695, 0.00360343046486, 0.0019466264639, 0.00142138986848, 0.000763025134802, 0.000866054731887, 0.000709923508111, 0.000549667573068, 0.000466994824819, 0.000410059874412, 0.00030560218147, 0.000281903136056, 0.000255395250861, 0.000249948556302, 0.000229357756325, 0.000228056625929, 0.000179152964847, 4.90502243338e-05, 3.69802393152e-08],
        "dvar": [4.57789077757e-08, 0.000112583416922, 3.8684476749e-05, 2.31582471315e-05, 5.72912949792e-06, 1.24965708892e-06, 1.44447153616e-06, 1.22166295569e-06, 7.21401283954e-06, 1.28052961372e-05, 4.26171664003e-06, 3.42993985214e-06, 7.46176112898e-07, 9.49935042627e-07, 5.80053153953e-07, 3.65995191487e-07, 2.19023149839e-07, 1.67410675544e-07, 1.26515885768e-07, 1.11232616007e-07, 6.18700468635e-08, 7.0911170269e-08, 6.5644684355e-08, 8.5404586514e-08, 7.92799568217e-08, 1.34438860044e-08, 1.30808187429e-14],
        "dvar2": [1.29894715428e-07, 0.000264601403615, 8.79840372363e-05, 6.58737553749e-05, 1.61748012033e-05, 3.35248637384e-06, 3.46415299646e-06, 3.17998774335e-06, 1.96101664187e-05, 3.36082302965e-05, 1.12021498353e-05, 8.5423089331e-06, 1.86785598544e-06, 2.35849188357e-06, 1.385394512e-06, 9.07996309252e-07, 5.09759672696e-07, 3.93837240154e-07, 3.17931380778e-07, 2.55922714132e-07, 1.45386522377e-07, 1.77570100846e-07, 1.51698515083e-07, 1.90171448367e-07, 1.67421433162e-07, 3.31722525004e-08, 3.50253036481e-14],
        "max": [0.0033025178127, 0.202417820692, 0.0673843994737, 0.0640459656715, 0.0312139652669, 0.0324685126543, 0.0307125113904, 0.0197571348399, 0.0382886230946, 0.0471599884331, 0.0369049459696, 0.0466942638159, 0.021751999855, 0.0199995301664, 0.0206233821809, 0.0147597212344, 0.00906591489911, 0.0154273444787, 0.0199458282441, 0.0177197735757, 0.00448898272589, 0.0042092865333, 0.00411537475884, 0.00618977937847, 0.00582224316895, 0.00437442306429, 2.78435186374e-06],
        "mean": [0.000121222663438, 0.007952099666, 0.00241330848075, 0.00105115585029, 0.00115641730372, 0.00110225775279, 0.000914901262149, 0.000954159360845, 0.00254267710261, 0.00343755492941, 0.0019369822694, 0.00141762790736, 0.000763081246987, 0.000909048132598, 0.000776634900831, 0.000584227323998, 0.00054345454555, 0.000503744115122, 0.000395995390136, 0.000411042157793, 0.000382592988899, 0.000373994873371, 0.000371192727471, 0.000369795132428, 0.000258321233559, 4.12990812038e-05, 1.54871919733e-08],
        "median": [3.82996404369e-05, 0.0026350535918, 0.000565200578421, 0.000193281302927, 0.000517709355336, 0.000472046609502, 0.000327437155647, 0.000501746078953, 0.00109374383464, 0.00139210582711, 0.000817006570287, 0.000600345840212, 0.000375431613065, 0.000424090219894, 0.000405360508012, 0.000322723353747, 0.000349157402525, 0.000338127138093, 0.0002625528723, 0.00025297110551, 0.000232470105402, 0.00021936975827, 0.000205731892493, 0.000143525525345, 6.11346113146e-05, 4.11340533901e-06, 8.92477869385e-10],
        "min": [2.25437308947e-23, 3.41195121055e-23, 1.74455153463e-23, 9.17207627867e-24, 1.18163569656e-23, 5.34474152324e-23, 8.26043579999e-23, 3.59705647532e-23, 1.1445192861e-22, 6.11659584952e-23, 1.10622772533e-22, 1.2408596499e-22, 6.53929402827e-23, 6.77180036712e-23, 2.68019089755e-22, 1.8170594323e-22, 1.29049881703e-22, 2.29870685146e-22, 3.28285185149e-22, 4.27108883081e-22, 4.70406315346e-22, 4.55322638506e-22, 6.11669417315e-22, 8.02391598929e-22, 1.17697622967e-21, 1.73475546622e-21, 2.68438950558e-21],
        "var": [5.03707369148e-08, 0.000217073538806, 3.95229653805e-05, 1.41143045767e-05, 4.29883357356e-06, 4.97412293043e-06, 3.84483928428e-06, 1.83311419732e-06, 1.4525624465e-05, 2.52456429735e-05, 8.7685739345e-06, 7.20379512131e-06, 1.63678146237e-06, 1.87325883871e-06, 1.29005354665e-06, 6.82049460465e-07, 4.50821488585e-07, 3.81343483014e-07, 3.33395945518e-07, 5.229777571e-07, 1.8810833069e-07, 1.92296781165e-07, 2.09856395372e-07, 2.85206851913e-07, 2.25404335197e-07, 1.83533224174e-08, 9.83651060724e-15]
    },
    "erbbands": {
        "dmean": [0.124422580004, 1.31062150002, 2.95469903946, 3.27397847176, 3.86771941185, 3.34012126923, 3.76408171654, 5.94280433655, 9.00193595886, 9.68518257141, 17.4825191498, 32.6991767883, 68.3433609009, 50.6025390625, 42.4314422607, 31.7561264038, 20.1194496155, 25.8732624054, 21.1789512634, 21.5011920929, 16.8819236755, 14.2382287979, 12.8290100098, 11.7120676041, 8.12235736847, 8.39268684387, 7.22373008728, 5.84440279007, 5.75803899765, 5.18847370148, 4.16746616364, 3.16521978378, 2.60876178741, 1.56570339203, 0.794331133366, 0.24827362597, 0.0375147946179, 0.00106661126483, 4.05143546232e-05, 1.41086447911e-05],
        "dmean2": [0.185062274337, 2.05543494225, 4.74438858032, 5.72902584076, 6.87376213074, 5.86744308472, 6.29138565063, 9.87050437927, 14.5415945053, 15.8313846588, 28.9374866486, 54.6024551392, 113.299354553, 83.3626785278, 69.5810775757, 51.6750640869, 32.8682899475, 41.5104789734, 33.7455215454, 34.2360534668, 26.9817810059, 22.5948219299, 20.8147926331, 18.9999141693, 13.0668087006, 13.2059240341, 11.4942483902, 9.24189853668, 9.3779964447, 8.31346988678, 6.56579685211, 4.97510004044, 3.99099111557, 2.37891125679, 1.20227277279, 0.375846832991, 0.0592533275485, 0.0016507593682, 6.02641630394e-05, 2.11853748624e-05],
        "dvar": [0.0617951415479, 7.7232708931, 62.0566711426, 116.7890625, 145.408691406, 48.6521682739, 39.8520278931, 115.42754364, 364.9402771, 269.917266846, 922.90057373, 3222.43017578, 12846.4287109, 8650.50488281, 5328.63085938, 5143.33837891, 1335.9564209, 2269.33007812, 1463.76843262, 1603.95751953, 895.422119141, 479.62399292, 486.522979736, 393.459136963, 274.602416992, 218.98928833, 133.572540283, 81.4583435059, 94.3780059814, 90.8004608154, 53.2300338745, 33.3903541565, 29.5796718597, 11.3450632095, 4.29317474365, 0.572676837444, 0.0754632800817, 6.43720268272e-05, 3.7037381162e-08, 4.00521060762e-10],
        "dvar2": [0.128375902772, 18.6783351898, 143.367538452, 321.087219238, 405.303283691, 137.538208008, 106.767982483, 307.872283936, 898.813354492, 640.395019531, 2445.36376953, 8676.4375, 33680.4570312, 22786.203125, 13896.1240234, 12932.6679688, 3347.69677734, 5465.75292969, 3473.78833008, 3646.54785156, 2211.02075195, 1089.734375, 1137.79553223, 968.095581055, 571.226135254, 514.442749023, 323.682067871, 190.811187744, 235.182785034, 223.14390564, 124.971733093, 76.2166442871, 66.6016921997, 24.4925556183, 9.36020469666, 1.30237555504, 0.213908210397, 0.000182768781087, 9.95350575295e-08, 9.07183272947e-10],
        "max": [3.83291816711, 55.3402404785, 100.686981201, 149.91809082, 117.071838379, 102.798355103, 131.586212158, 266.06942749, 446.714904785, 808.815856934, 498.315338135, 835.153930664, 1625.6027832, 1785.42150879, 1523.84472656, 2244.44189453, 956.859985352, 1176.51098633, 724.228942871, 1527.64807129, 932.271728516, 474.383178711, 918.957397461, 1004.10430908, 1246.55310059, 809.171813965, 213.366439819, 141.296066284, 147.959411621, 164.372543335, 130.027679443, 94.4091796875, 129.540634155, 65.9039611816, 37.327507019, 22.9688282013, 17.1103858948, 0.511582791805, 0.011162542738, 0.000688803789672],
        "mean": [0.185682892799, 1.91274166107, 3.38512182236, 2.99816012383, 3.53029227257, 3.8666882515, 5.86380290985, 9.56575489044, 13.3260803223, 14.9804582596, 26.0102767944, 53.7212104797, 108.93963623, 89.3730545044, 75.6730499268, 54.9786682129, 36.9438972473, 46.4954490662, 39.898109436, 40.4711456299, 32.3337554932, 29.0359153748, 26.9398021698, 25.2482585907, 18.5042705536, 19.0102825165, 16.4016418457, 14.3185033798, 13.5353727341, 12.4087085724, 10.3676576614, 7.97761487961, 6.02228593826, 3.55384135246, 1.43961691856, 0.362095922232, 0.0439773052931, 0.00131440453697, 7.95437663328e-05, 4.81103234051e-05],
        "median": [0.0588792562485, 0.582946717739, 0.932401120663, 0.816622793674, 1.00562810898, 1.74485635757, 2.68892025948, 3.88434839249, 5.0501127243, 7.27264070511, 14.0200338364, 23.7675647736, 48.7331771851, 35.2620048523, 36.0927047729, 25.7766952515, 19.6444950104, 22.7101478577, 21.5836772919, 22.7656936646, 20.0545291901, 19.6155204773, 18.5670013428, 16.7926120758, 12.3136777878, 12.0454740524, 10.6104450226, 8.47731781006, 7.84817028046, 7.15038633347, 5.61546468735, 3.63763594627, 2.00890684128, 0.926669478416, 0.289870470762, 0.0481760986149, 0.00363120064139, 0.000153698289068, 3.47453642462e-05, 4.14570276916e-05],
        "min": [2.12918834221e-21, 3.63769516866e-21, 1.20798193171e-20, 3.42824875626e-20, 3.70646707788e-20, 4.29118425079e-20, 1.98126494189e-19, 5.53530344164e-19, 1.00142362365e-18, 1.17218554853e-18, 8.11170273303e-19, 2.99505080564e-18, 1.95900005739e-18, 3.69889279181e-18, 4.55345142827e-18, 4.39022842749e-18, 3.09916285947e-18, 3.5453941263e-18, 1.40836846428e-17, 9.70088884671e-18, 8.27817458907e-18, 7.62070000535e-18, 1.34531951722e-17, 1.45818889083e-17, 1.45711587214e-17, 2.22536764155e-17, 1.93893021554e-17, 1.74342657407e-17, 1.72854973076e-17, 2.05899415797e-17, 1.50308196791e-17, 1.52891150971e-17, 1.51318366298e-17, 1.18896956015e-17, 8.94964506875e-18, 5.71379144024e-18, 3.13918909533e-18, 1.56640256108e-18, 3.85608931654e-19, 3.75440768737e-20],
        "var": [0.122688435018, 13.6220827103, 67.6667098999, 80.6406860352, 95.7605743408, 41.2766151428, 106.00881958, 365.3515625, 692.063720703, 1112.3380127, 1351.09729004, 6271.6640625, 25091.5878906, 19170.3378906, 12377.0185547, 10240.2509766, 3362.39916992, 4587.18798828, 3249.97094727, 3634.24047852, 1840.2454834, 1159.9239502, 1095.31323242, 938.753173828, 1088.64538574, 852.619018555, 350.017883301, 266.386138916, 255.423553467, 231.934173584, 164.539230347, 112.139251709, 90.1931228638, 37.0980987549, 9.10084724426, 1.00861811638, 0.0552808456123, 4.53737811767e-05, 3.76908388944e-08, 1.15450771165e-09]
    },
    "gfcc": {
        "mean": [17.6047000885, 82.0338439941, -152.699935913, 36.04429245, -75.8020553589, 30.3792819977, -30.0419750214, 14.1200046539, -15.3721952438, -5.7268280983, -9.43944358826, -4.58016490936, -1.26580715179],
        "cov": [[4019.97631836, -1821.63171387, 763.119873047, 245.860656738, -107.855888367, 941.986633301, -314.164489746, 756.217773438, -381.009063721, 620.577209473, -307.002838135, 304.617736816, 5.83455038071], [-1821.63171387, 2189.078125, 307.437469482, 409.176116943, 507.505096436, -422.233673096, 304.346923828, -402.585784912, 350.161437988, -254.137008667, 269.249847412, -189.077880859, 61.1368293762], [763.119873047, 307.437469482, 1940.6697998, 827.739074707, 496.540313721, 504.749053955, -167.871490479, 425.817016602, -194.501251221, 481.042236328, -68.6835327148, 208.409866333, 27.4995384216], [245.860656738, 409.176116943, 827.739074707, 611.866516113, 348.288146973, 199.739074707, 4.47439956665, 167.240478516, 25.0752925873, 163.24786377, 28.0348339081, 52.417339325, 49.1386070251], [-107.855888367, 507.505096436, 496.540313721, 348.288146973, 397.178985596, 102.415519714, 103.343299866, 51.4539871216, 66.9895629883, 79.3561782837, 36.3156776428, 21.651594162, 11.4728298187], [941.986633301, -422.233673096, 504.749053955, 199.739074707, 102.415519714, 528.782836914, -8.29777145386, 301.488006592, -120.723846436, 228.227600098, -58.9875793457, 94.4752655029, 32.4708824158], [-314.164489746, 304.346923828, -167.871490479, 4.47439956665, 103.343299866, -8.29777145386, 247.205474854, -41.8879508972, 125.092140198, -91.1737518311, 66.4163131714, -49.1914138794, 6.07503795624], [756.217773438, -402.585784912, 425.817016602, 167.240478516, 51.4539871216, 301.488006592, -41.8879508972, 327.480865479, -66.8826217651, 216.534057617, -62.8312606812, 105.799736023, 19.8559417725], [-381.009063721, 350.161437988, -194.501251221, 25.0752925873, 66.9895629883, -120.723846436, 125.092140198, -66.8826217651, 201.842056274, -69.8968429565, 82.4016036987, -52.3203430176, 23.7820453644], [620.577209473, -254.137008667, 481.042236328, 163.24786377, 79.3561782837, 228.227600098, -91.1737518311, 216.534057617, -69.8968429565, 275.326477051, -25.7851295471, 115.68522644, 11.4657773972], [-307.002838135, 269.249847412, -68.6835327148, 28.0348339081, 36.3156776428, -58.9875793457, 66.4163131714, -62.8312606812, 82.4016036987, -25.7851295471, 126.030418396, -15.7860965729, 29.6125125885], [304.617736816, -189.077880859, 208.409866333, 52.417339325, 21.651594162, 94.4752655029, -49.1914138794, 105.799736023, -52.3203430176, 115.68522644, -15.7860965729, 118.469192505, 20.2763671875], [5.83455038071, 61.1368293762, 27.4995384216, 49.1386070251, 11.4728298187, 32.4708824158, 6.07503795624, 19.8559417725, 23.7820453644, 11.4657773972, 29.6125125885, 20.2763671875, 77.199180603]],
        "icov": [[0.000787439988926, -5.33884167453e-06, 0.000619843020104, -0.00076073029777, 0.000404514867114, -0.000860703235958, 0.00025316546089, -0.000381548074074, 0.000291721808026, -0.00107514031697, 0.001031638938, -0.000479024718516, 0.000388161890442], [-5.33884167453e-06, 0.00329816224985, -0.00237202784047, 0.000606788729783, -0.00203624274582, 0.00179875758477, -0.00149866251741, 0.00270449393429, -0.00198601582088, 0.00148238358088, -0.00232935766689, 0.0029026621487, -0.00266167591326], [0.000619843020104, -0.00237202784047, 0.00489192362875, -0.00347050069831, 0.000416264607338, -0.00174924498424, 0.0017157078255, -0.00260998564772, 0.00393191864714, -0.00387179013342, 0.00256535294466, -0.00267182127573, 0.00258977501653], [-0.00076073029777, 0.000606788729783, -0.00347050069831, 0.0078097707592, -0.0039383796975, 0.000867003400344, 0.00131060893182, -0.00103976693936, -0.00270450348035, 0.00341908773407, -0.00293403351679, 0.0026687332429, -0.00302307796665], [0.000404514867114, -0.00203624274582, 0.000416264607338, -0.0039383796975, 0.00976446829736, -0.00217316788621, -0.00289937085472, 0.00144286942668, -0.000848611234687, -0.00281805242412, 0.00356011535041, -0.00357361906208, 0.00351351476274], [-0.000860703235958, 0.00179875758477, -0.00174924498424, 0.000867003400344, -0.00217316788621, 0.00783928018063, -0.00383157632314, -0.00185552763287, 0.00297439610586, -0.000665813684464, -0.00212243385613, 0.00446793762967, -0.00466054538265], [0.00025316546089, -0.00149866251741, 0.0017157078255, 0.00131060893182, -0.00289937085472, -0.00383157632314, 0.0112944412977, -0.00346585200168, -0.0034640992526, 0.00432830909267, -0.00208385917358, -0.00190218072385, 0.00349070434459], [-0.000381548074074, 0.00270449393429, -0.00260998564772, -0.00103976693936, 0.00144286942668, -0.00185552763287, -0.00346585200168, 0.0143147613853, -0.00460636755452, -0.00325563969091, 0.00255156680942, -0.000791059457697, -0.00223285006359], [0.000291721808026, -0.00198601582088, 0.00393191864714, -0.00270450348035, -0.000848611234687, 0.00297439610586, -0.0034640992526, -0.00460636755452, 0.0156343095005, -0.00456779170781, -0.0015458316775, 0.00231084250845, -0.00194785592612], [-0.00107514031697, 0.00148238358088, -0.00387179013342, 0.00341908773407, -0.00281805242412, -0.000665813684464, 0.00432830909267, -0.00325563969091, -0.00456779170781, 0.0173253715038, -0.00639438582584, -0.00388411432505, 0.00161270936951], [0.001031638938, -0.00232935766689, 0.00256535294466, -0.00293403351679, 0.00356011535041, -0.00212243385613, -0.00208385917358, 0.00255156680942, -0.0015458316775, -0.00639438582584, 0.0175103098154, -0.00348726590164, -0.00178302917629], [-0.000479024718516, 0.0029026621487, -0.00267182127573, 0.0026687332429, -0.00357361906208, 0.00446793762967, -0.00190218072385, -0.000791059457697, 0.00231084250845, -0.00388411432505, -0.00348726590164, 0.0205851849169, -0.00820853468031], [0.000388161890442, -0.00266167591326, 0.00258977501653, -0.00302307796665, 0.00351351476274, -0.00466054538265, 0.00349070434459, -0.00223285006359, -0.00194785592612, 0.00161270936951, -0.00178302917629, -0.00820853468031, 0.0209719501436]]
    },
    "melbands": {
        "dmean": [0.0012777717784, 0.001574426773, 0.000582734355703, 0.000246882467763, 0.00013208494056, 0.000135764115839, 0.000131384993438, 0.000110275410407, 0.000160534895258, 0.00022739583801, 0.000349521811586, 0.00021765002748, 0.000153694360051, 0.000105464256194, 6.53877941659e-05, 4.50995030405e-05, 5.31592013431e-05, 3.80717574444e-05, 3.37876081176e-05, 2.74660797004e-05, 2.13008697756e-05, 1.72152613231e-05, 1.32367040351e-05, 1.2652728401e-05, 1.04475529952e-05, 7.00635200701e-06, 6.56754582451e-06, 5.95755909671e-06, 5.07597997057e-06, 4.6539480536e-06, 3.60355670637e-06, 3.58049783244e-06, 3.29592012349e-06, 3.05171124637e-06, 2.63552442448e-06, 2.31604099099e-06, 2.01828606805e-06, 2.02430487661e-06, 1.75200921149e-06, 1.31832564421e-06],
        "dmean2": [0.001923281583, 0.00247126002796, 0.00100389751606, 0.000435564987129, 0.000220799091039, 0.000224378993153, 0.00021175823349, 0.000180594011908, 0.000267430819804, 0.000383259553928, 0.000579152314458, 0.000360285193892, 0.000251409452176, 0.000173888227437, 0.000106746621896, 7.34881614335e-05, 8.59500141814e-05, 6.11461218796e-05, 5.42896632396e-05, 4.4500338845e-05, 3.41392187693e-05, 2.73921286862e-05, 2.17931319639e-05, 2.076693454e-05, 1.71308147401e-05, 1.13861642603e-05, 1.05109038486e-05, 9.50650337472e-06, 8.1716261775e-06, 7.48048205423e-06, 5.78663639317e-06, 5.90421086599e-06, 5.38432050234e-06, 4.92884009873e-06, 4.2222995944e-06, 3.68400628759e-06, 3.19493710776e-06, 3.13854593514e-06, 2.74210651696e-06, 2.02451656151e-06],
        "dvar": [6.15112821833e-06, 1.40670799738e-05, 3.51211861016e-06, 4.14548452454e-07, 4.4606036198e-08, 5.63788695729e-08, 7.26074489421e-08, 3.28712310704e-08, 8.09531996993e-08, 1.56670125762e-07, 3.31685498622e-07, 1.62420789707e-07, 6.93103388016e-08, 5.30914405772e-08, 1.75822041371e-08, 7.36201632989e-09, 9.87685400133e-09, 5.12327424929e-09, 3.5788154662e-09, 2.54040033454e-09, 1.46018008795e-09, 7.49537820699e-10, 5.1005993873e-10, 5.14747522384e-10, 3.64520580387e-10, 2.30761201814e-10, 2.39382402789e-10, 9.68843963389e-11, 6.5980713948e-11, 5.54933425601e-11, 3.50029241702e-11, 3.40823931577e-11, 3.56999568796e-11, 3.0462309758e-11, 1.98290307785e-11, 1.76330512691e-11, 1.37883931703e-11, 1.71058375797e-11, 1.43585750928e-11, 8.00551118452e-12],
        "dvar2": [1.32055156428e-05, 3.32162671839e-05, 9.47211356106e-06, 1.16204432743e-06, 1.18781763092e-07, 1.49328712951e-07, 1.76312141775e-07, 7.95107411022e-08, 2.13788069914e-07, 4.24292267098e-07, 8.69670202519e-07, 4.27130203207e-07, 1.83203155757e-07, 1.30637360485e-07, 4.48725465674e-08, 1.79840657921e-08, 2.40405828578e-08, 1.22253931423e-08, 8.52521342409e-09, 6.03863004045e-09, 3.54560936167e-09, 1.69877678591e-09, 1.25283550201e-09, 1.18053622433e-09, 9.12574904532e-10, 5.02250740997e-10, 5.30391341957e-10, 2.38024322474e-10, 1.65011296294e-10, 1.37757361074e-10, 8.60589308149e-11, 8.66242147457e-11, 9.22881493448e-11, 7.43973910255e-11, 4.81135895014e-11, 4.048091376e-11, 3.17422130247e-11, 3.94881800869e-11, 3.31510097151e-11, 1.78765786896e-11],
        "max": [0.0441681034863, 0.0639098808169, 0.0256618466228, 0.00799498613924, 0.00393393123522, 0.00602493155748, 0.00672248797491, 0.00739009073004, 0.00464230636135, 0.00571839464828, 0.00795140210539, 0.00739685213193, 0.0044401078485, 0.00663876952603, 0.00301834382117, 0.00196521752514, 0.00231245532632, 0.00139585847501, 0.00136070139706, 0.00139243935701, 0.00105846731458, 0.000630196649581, 0.00065984390676, 0.000938903249335, 0.000983307603747, 0.00126673129853, 0.000996729824692, 0.000387077510823, 0.000134246263769, 0.000131086460897, 0.000105841594632, 9.05293200049e-05, 9.24187334022e-05, 8.32513178466e-05, 6.89095977577e-05, 0.000148245453602, 6.26424662187e-05, 0.000105192862975, 8.4655934188e-05, 5.02558432345e-05],
        "mean": [0.00199905666523, 0.00210974598303, 0.000555953825824, 0.000259697932051, 0.000204423471587, 0.00022051668202, 0.000198818001081, 0.000164547978784, 0.000229601326282, 0.000368113513105, 0.000550206808839, 0.00036429904867, 0.000261245819274, 0.000174733242602, 0.000105596438516, 7.50037797843e-05, 8.87058849912e-05, 6.38918136247e-05, 5.86879250477e-05, 4.69179358333e-05, 3.66959866369e-05, 3.15821271215e-05, 2.44272741838e-05, 2.43087088165e-05, 2.02765331778e-05, 1.33967250804e-05, 1.37047400131e-05, 1.2246409824e-05, 1.02842677734e-05, 9.49302284425e-06, 7.86436339695e-06, 7.6467067629e-06, 7.13667759555e-06, 6.80116318108e-06, 6.05471223025e-06, 5.34492437509e-06, 4.6966915761e-06, 4.34756202594e-06, 3.74895876121e-06, 2.74029935099e-06],
        "median": [0.000661946949549, 0.000678969256114, 0.000158434122568, 0.000102932834125, 9.49047171162e-05, 9.21598548302e-05, 7.54454595153e-05, 8.18756743683e-05, 0.000116060000437, 0.000153022701852, 0.000237416941673, 0.000130185522721, 0.000115130816994, 7.27839724277e-05, 5.00027599628e-05, 3.5625325836e-05, 4.0562797949e-05, 3.10966679535e-05, 3.04652930936e-05, 2.51806286542e-05, 2.11890364881e-05, 1.98390225705e-05, 1.61974385264e-05, 1.59362643899e-05, 1.25537317217e-05, 8.63007062435e-06, 7.67598248785e-06, 7.50647268433e-06, 6.34019716017e-06, 5.5669656831e-06, 4.39533732788e-06, 4.34676803707e-06, 3.99790360461e-06, 3.80607980333e-06, 3.26958434016e-06, 2.60002275354e-06, 2.00974977815e-06, 1.45941498886e-06, 1.0459252735e-06, 6.66927633119e-07],
        "min": [1.55251028923e-23, 6.01561976039e-24, 6.18377256208e-24, 2.58723499946e-24, 5.80742714016e-24, 1.1600206711e-23, 1.64689639213e-23, 1.2311296975e-23, 7.61706814028e-24, 1.861501426e-23, 8.92764693833e-24, 1.40473755125e-23, 1.27050687288e-23, 1.88129252617e-23, 3.87915408166e-24, 8.73190767078e-24, 4.95885695859e-24, 2.13329603561e-23, 1.51539406809e-23, 1.35014537893e-23, 8.70879167967e-24, 6.63961583617e-24, 1.21193158408e-23, 1.12242348147e-23, 1.2056379729e-23, 1.36478916169e-23, 8.72128013666e-24, 1.70124559529e-23, 1.20489439261e-23, 1.05237499967e-23, 9.47298017122e-24, 9.73362928064e-24, 9.31397500058e-24, 1.21228286385e-23, 7.90776496157e-24, 8.69004597798e-24, 9.37934553722e-24, 9.73794750523e-24, 1.12986275535e-23, 9.89597369949e-24],
        "var": [1.34133306346e-05, 1.90538139577e-05, 2.54801511801e-06, 2.93401654972e-07, 1.07467577948e-07, 1.87316430811e-07, 1.50846261704e-07, 1.06464739247e-07, 1.17495872587e-07, 3.15863815104e-07, 6.508615229e-07, 3.46355250258e-07, 1.5148897603e-07, 1.08763906326e-07, 3.78534288359e-08, 1.5811544074e-08, 1.88754931685e-08, 1.03508615013e-08, 7.69030528147e-09, 4.92693397192e-09, 2.84813062024e-09, 1.63595070823e-09, 9.62346424771e-10, 1.09230480216e-09, 7.10721370645e-10, 6.26691198935e-10, 1.39614986239e-09, 2.6409274767e-10, 1.50830056778e-10, 1.29850755148e-10, 9.36984170807e-11, 8.45649036907e-11, 7.83077838684e-11, 7.39797320626e-11, 5.60037016761e-11, 5.96929450314e-11, 4.21550641616e-11, 4.76003993166e-11, 4.07485226117e-11, 2.34600672222e-11]
    },
    "mfcc": {
        "mean": [-604.89831543, 96.3290939331, -14.2060680389, 4.93175411224, -9.88196277618, 6.43270635605, -0.102441966534, 13.9483804703, 3.44277977943, 5.7366437912, -2.16653943062, 0.106744319201, -2.21339535713],
        "cov": [[3441.12866211, -1665.99902344, 342.923400879, -524.236694336, 167.239273071, 41.398853302, 266.495056152, 29.4335842133, 317.369720459, 76.5756988525, 77.013092041, 13.901099205, 78.3006973267], [-1665.99902344, 1583.17297363, 63.9126014709, 599.763122559, 135.390182495, 145.778198242, -48.1326751709, 7.35587406158, -97.0545272827, 12.3426609039, 26.5921363831, 46.342666626, 5.0081949234], [342.923400879, 63.9126014709, 1358.09680176, 456.054168701, 708.702636719, 219.502471924, 368.081298828, -47.1608428955, 248.554641724, -6.97368240356, 153.080230713, 133.526123047, 161.131362915], [-524.236694336, 599.763122559, 456.054168701, 624.505859375, 364.680603027, 126.163131714, 79.2199249268, 8.91017627716, 77.7070922852, 8.86385154724, 64.1195449829, 93.9600524902, 89.4831008911], [167.239273071, 135.390182495, 708.702636719, 364.680603027, 541.538879395, 184.400421143, 223.763977051, -8.71656513214, 175.386672974, 11.8480672836, 106.301818848, 89.0722351074, 113.808921814], [41.398853302, 145.778198242, 219.502471924, 126.163131714, 184.400421143, 198.052886963, 146.696472168, 50.4821777344, 71.6797027588, 41.2363777161, 49.6719017029, 34.9532241821, 30.7098426819], [266.495056152, -48.1326751709, 368.081298828, 79.2199249268, 223.763977051, 146.696472168, 257.32019043, 59.1156959534, 115.369689941, 34.1171188354, 72.3037033081, 45.3983154297, 56.6681098938], [29.4335842133, 7.35587406158, -47.1608428955, 8.91017627716, -8.71656513214, 50.4821777344, 59.1156959534, 138.547103882, 54.5390357971, 46.1663970947, 12.797999382, 12.8481035233, -4.35254240036], [317.369720459, -97.0545272827, 248.554641724, 77.7070922852, 175.386672974, 71.6797027588, 115.369689941, 54.5390357971, 174.248535156, 49.3968811035, 59.3145217896, 40.4622840881, 53.0986595154], [76.5756988525, 12.3426609039, -6.97368240356, 8.86385154724, 11.8480672836, 41.2363777161, 34.1171188354, 46.1663970947, 49.3968811035, 93.9384384155, 35.5381164551, 21.1372509003, 7.83830595016], [77.013092041, 26.5921363831, 153.080230713, 64.1195449829, 106.301818848, 49.6719017029, 72.3037033081, 12.797999382, 59.3145217896, 35.5381164551, 95.0428771973, 48.9124565125, 37.5710067749], [13.901099205, 46.342666626, 133.526123047, 93.9600524902, 89.0722351074, 34.9532241821, 45.3983154297, 12.8481035233, 40.4622840881, 21.1372509003, 48.9124565125, 86.4806594849, 49.8465499878], [78.3006973267, 5.0081949234, 161.131362915, 89.4831008911, 113.808921814, 30.7098426819, 56.6681098938, -4.35254240036, 53.0986595154, 7.83830595016, 37.5710067749, 49.8465499878, 97.4372253418]],
