{
"lowlevel": {
    "average_loudness": 0.544572293758,
    "barkbands_crest": {
        "dmean": 2.39134740829,
        "dmean2": 3.88001680374,
        "dvar": 4.85724973679,
        "dvar2": 12.4905595779,
        "max": 26.0972862244,
        "mean": 10.3979949951,
        "median": 9.61808204651,
        "min": 2.84997105598,
        "var": 17.3749294281
    },
    "barkbands_flatness_db": {
        "dmean": 0.0172379426658,
        "dmean2": 0.0267729796469,
        "dvar": 0.000268355972366,
        "dvar2": 0.000637724704575,
        "max": 0.413221418858,
        "mean": 0.162857294083,
        "median": 0.156480669975,
        "min": 0.0210453402251,
        "var": 0.0042528132908
    },
    "barkbands_kurtosis": {
        "dmean": 2.19517850876,
        "dmean2": 3.48028802872,
        "dvar": 10.4816942215,
        "dvar2": 24.7052783966,
        "max": 73.6150054932,
        "mean": 4.27511453629,
        "median": 2.18384671211,
        "min": -1.89908313751,
        "var": 44.015914917
    },
    "barkbands_skewness": {
        "dmean": 0.42754766345,
        "dmean2": 0.662873804569,
        "dvar": 0.179776281118,
        "dvar2": 0.419162750244,
        "max": 6.60665607452,
        "mean": 1.38749039173,
        "median": 1.29917109013,
        "min": -2.6556789875,
        "var": 1.14661026001
    },
    "barkbands_spread": {
        "dmean": 3.74815177917,
        "dmean2": 5.75177669525,
        "dvar": 32.4257316589,
        "dvar2": 65.8901367188,
        "max": 103.953300476,
        "mean": 16.2048816681,
        "median": 12.4712743759,
        "min": 0.416511923075,
        "var": 192.442474365
    },
    "dissonance": {
        "dmean": 0.0247943531722,
        "dmean2": 0.0418210104108,
        "dvar": 0.000565811584238,
        "dvar2": 0.00153458211571,
        "max": 0.5,
        "mean": 0.444953024387,
        "median": 0.453901201487,
        "min": 0.189092591405,
        "var": 0.00173536408693
    },
    "dynamic_complexity": 4.07824373245,
    "erbbands_crest": {
        "dmean": 2.68367409706,
        "dmean2": 4.25843381882,
        "dvar": 6.26477098465,
        "dvar2": 15.4576673508,
        "max": 30.6525592804,
        "mean": 10.7566318512,
        "median": 9.81311130524,
        "min": 2.15116596222,
        "var": 21.549943924
    },
    "erbbands_flatness_db": {
        "dmean": 0.0158320143819,
        "dmean2": 0.023788979277,
        "dvar": 0.000236165098613,
        "dvar2": 0.000500719994307,
        "max": 0.471677213907,
        "mean": 0.203956380486,
        "median": 0.19737547636,
        "min": 0.0527228452265,
        "var": 0.00463277474046
    },
    "erbbands_kurtosis": {
        "dmean": 1.17154288292,
        "dmean2": 1.82717382908,
        "dvar": 3.01220560074,
        "dvar2": 6.73297405243,
        "max": 56.8538551331,
        "mean": 1.53699588776,
        "median": 0.513964295387,
        "min": -1.8658657074,
        "var": 11.5651979446
    },
    "erbbands_skewness": {
        "dmean": 0.362842738628,
        "dmean2": 0.549530267715,
        "dvar": 0.116285823286,
        "dvar2": 0.252840518951,
        "max": 5.50571107864,
        "mean": 0.732615947723,
        "median": 0.712189078331,
        "min": -3.12818479538,
        "var": 0.809724032879
    },
    "erbbands_spread": {
        "dmean": 5.50548124313,
        "dmean2": 8.40760421753,
        "dvar": 47.5379829407,
        "dvar2": 104.023712158,
        "max": 118.155677795,
        "mean": 27.2373600006,
        "median": 24.2277927399,
        "min": 1.17259061337,
        "var": 250.858596802
    },
    "hfc": {
        "dmean": 5.24852180481,
        "dmean2": 7.31024742126,
        "dvar": 105.270011902,
        "dvar2": 169.132232666,
        "max": 292.531158447,
        "mean": 19.6203994751,
        "median": 9.72486782074,
        "min": 1.25005016477e-16,
        "var": 680.27734375
    },
    "melbands_crest": {
        "dmean": 2.84446001053,
        "dmean2": 4.61094713211,
        "dvar": 6.93331193924,
        "dvar2": 17.5441322327,
        "max": 32.12707901,
        "mean": 13.0281391144,
        "median": 12.1936912537,
        "min": 2.05747199059,
        "var": 23.6512775421
    },
    "melbands_flatness_db": {
        "dmean": 0.0195748936385,
        "dmean2": 0.0300339497626,
        "dvar": 0.000389961933251,
        "dvar2": 0.000887065194547,
        "max": 0.505649983883,
        "mean": 0.218721747398,
        "median": 0.208071857691,
        "min": 0.0072195995599,
        "var": 0.00529665732756
    },
    "melbands_kurtosis": {
        "dmean": 3.74652051926,
        "dmean2": 5.92818164825,
        "dvar": 28.556558609,
        "dvar2": 68.3959732056,
        "max": 108.308013916,
        "mean": 8.33564472198,
        "median": 5.29335641861,
        "min": -1.84035670757,
        "var": 95.0699691772
    },
    "melbands_skewness": {
        "dmean": 0.500609636307,
        "dmean2": 0.776869893074,
        "dvar": 0.259782075882,
        "dvar2": 0.613881289959,
        "max": 8.81877994537,
        "mean": 1.92009305954,
        "median": 1.78962814808,
        "min": -2.0926091671,
        "var": 1.41799414158
    },
    "melbands_spread": {
        "dmean": 5.21088838577,
        "dmean2": 7.88162374496,
        "dvar": 85.8205947876,
        "dvar2": 153.923980713,
        "max": 250.474517822,
        "mean": 20.36627388,
        "median": 15.4681615829,
        "min": 0.66853415966,
        "var": 397.734680176
    },
    "pitch_salience": {
        "dmean": 0.0615364126861,
        "dmean2": 0.0998973324895,
        "dvar": 0.00313903507777,
        "dvar2": 0.00799200776964,
        "max": 0.992310762405,
        "mean": 0.569898307323,
        "median": 0.572010874748,
        "min": 0.118484742939,
        "var": 0.0116360280663
    },
    "silence_rate_20dB": {
        "dmean": 0,
        "dmean2": 0,
        "dvar": 0,
        "dvar2": 0,
        "max": 1,
        "mean": 1,
        "median": 1,
        "min": 1,
        "var": 0
    },
    "silence_rate_30dB": {
        "dmean": 0,
        "dmean2": 0,
        "dvar": 0,
        "dvar2": 0,
        "max": 1,
        "mean": 1,
        "median": 1,
        "min": 1,
        "var": 0
    },
    "silence_rate_60dB": {
        "dmean": 0.0227507762611,
        "dmean2": 0.0455067791045,
        "dvar": 0.0222342591733,
        "dvar2": 0.051483809948,
        "max": 1,
        "mean": 0.121553309262,
        "median": 0,
        "min": 0,
        "var": 0.106774024665
    },
    "spectral_centroid": {
        "dmean": 171.535797119,
        "dmean2": 259.787872314,
        "dvar": 70614.9921875,
        "dvar2": 122338.1875,
        "max": 10981.5693359,
        "mean": 1104.96325684,
        "median": 999.895629883,
        "min": 220.162536621,
        "var": 397221.8125
    },
    "spectral_complexity": {
        "dmean": 2.49431228638,
        "dmean2": 3.98414158821,
        "dvar": 9.96840381622,
        "dvar2": 20.963596344,
        "max": 53,
        "mean": 15.282169342,
        "median": 14,
        "min": 0,
        "var": 69.9663848877
    },
    "spectral_decrease": {
        "dmean": 1.3043396363e-09,
        "dmean2": 2.00228345015e-09,
        "dvar": 3.50315497551e-18,
        "dvar2": 8.29730396791e-18,
        "max": 1.07594640237e-28,
        "mean": -5.15529485767e-09,
        "median": -3.64942920328e-09,
        "min": -2.9848440164e-08,
        "var": 2.19165424132e-17
    },
    "spectral_energy": {
        "dmean": 0.00524543458596,
        "dmean2": 0.00801013037562,
        "dvar": 5.56103404961e-05,
        "dvar2": 0.000130550935864,
        "max": 0.115007452667,
        "mean": 0.0212368890643,
        "median": 0.0150144994259,
        "min": 1.09322249629e-20,
        "var": 0.000370934925741
    },
    "spectral_energyband_high": {
        "dmean": 0.000357274810085,
        "dmean2": 0.000461368123069,
        "dvar": 1.61256548381e-06,
        "dvar2": 2.15029444917e-06,
        "max": 0.0341126099229,
        "mean": 0.000898232567124,
        "median": 0.000106092782516,
        "min": 8.17319068688e-21,
        "var": 8.26755785965e-06
    },
    "spectral_energyband_low": {
        "dmean": 0.00148523272946,
        "dmean2": 0.0023939141538,
        "dvar": 1.30006319523e-05,
        "dvar2": 3.29571739712e-05,
        "max": 0.0672093778849,
        "mean": 0.00389328738675,
        "median": 0.00104712625034,
        "min": 6.49705715322e-23,
        "var": 4.30903637607e-05
    },
    "spectral_energyband_middle_high": {
        "dmean": 0.00181299319956,
        "dmean2": 0.00271937251091,
        "dvar": 1.06293691715e-05,
        "dvar2": 2.35122242884e-05,
        "max": 0.0737112015486,
        "mean": 0.00560487154871,
        "median": 0.00274831661955,
        "min": 1.49178428793e-21,
        "var": 5.87127105973e-05
    },
    "spectral_energyband_middle_low": {
        "dmean": 0.00414357939735,
        "dmean2": 0.00645113736391,
        "dvar": 4.11192522733e-05,
        "dvar2": 0.000101302786788,
        "max": 0.105417974293,
        "mean": 0.0114162303507,
        "median": 0.00799948163331,
        "min": 2.43280411767e-22,
        "var": 0.000124699261505
    },
    "spectral_entropy": {
        "dmean": 0.143724277616,
        "dmean2": 0.216844916344,
        "dvar": 0.0215717926621,
        "dvar2": 0.0447236336768,
        "max": 9.78729915619,
        "mean": 7.22247362137,
        "median": 7.27279806137,
        "min": 5.08160400391,
        "var": 0.385914564133
    },
    "spectral_flux": {
        "dmean": 0.0169415716082,
        "dmean2": 0.0270301550627,
        "dvar": 0.000417876144638,
        "dvar2": 0.00101172330324,
        "max": 0.286136716604,
        "mean": 0.0653445348144,
        "median": 0.0550828799605,
        "min": 1.04557279501e-10,
        "var": 0.00206915102899
    },
    "spectral_kurtosis": {
        "dmean": 3.12067914009,
        "dmean2": 5.35347700119,
        "dvar": 29.8642845154,
        "dvar2": 86.6390838623,
        "max": 123.108413696,
        "mean": 8.76037693024,
        "median": 5.47826147079,
        "min": -1.22100973129,
        "var": 130.314529419
    },
    "spectral_rms": {
        "dmean": 0.000517694395967,
        "dmean2": 0.000780128117185,
        "dvar": 3.42211620818e-07,
        "dvar2": 7.57663201512e-07,
        "max": 0.0105925630778,
        "mean": 0.00406833877787,
        "median": 0.00382730877027,
        "min": 3.26582077353e-12,
        "var": 4.16754119215e-06
    },
    "spectral_rolloff": {
        "dmean": 325.412567139,
        "dmean2": 541.908691406,
        "dvar": 585399.875,
        "dvar2": 1136935.625,
        "max": 18669.2871094,
        "mean": 1360.47338867,
        "median": 990.52734375,
        "min": 86.1328125,
        "var": 1817421.25
    },
    "spectral_skewness": {
        "dmean": 0.290919691324,
        "dmean2": 0.481932967901,
        "dvar": 0.12824177742,
        "dvar2": 0.362920194864,
        "max": 8.83691310883,
        "mean": 1.99480617046,
        "median": 1.78534150124,
        "min": -0.111707054079,
        "var": 0.912873446941
    },
    "spectral_spread": {
        "dmean": 395150.9375,
        "dmean2": 589312.8125,
        "dvar": 431017918464,
        "dvar2": 666730102784,
        "max": 40942728,
        "mean": 3865332.5,
        "median": 3499377.75,
        "min": 732978.8125,
        "var": 2.93328991027e+12
    },
    "spectral_strongpeak": {
        "dmean": 0.575863420963,
        "dmean2": 0.940277218819,
        "dvar": 0.780057132244,
        "dvar2": 1.91929459572,
        "max": 12.8413486481,
        "mean": 1.27229690552,
        "median": 0.789578318596,
        "min": 0,
        "var": 1.96830189228
    },
    "zerocrossingrate": {
        "dmean": 0.00750655960292,
        "dmean2": 0.00882312189788,
        "dvar": 0.00017480943643,
        "dvar2": 0.000175543871592,
        "max": 0.705078125,
        "mean": 0.0541417747736,
        "median": 0.04638671875,
        "min": 0.0078125,
        "var": 0.00144662696403
    },
    "barkbands": {
        "dmean": [6.37635530438e-05, 0.000958529359195, 0.000590292271227, 0.000734582426958, 0.00117796228733, 0.00101475673728, 0.00122013408691, 0.000885809829924, 0.00123138562776, 0.000519690103829, 0.000659117940813, 0.000539328961167, 0.000453897169791, 0.00037088667159, 0.000208260884392, 0.000191200699192, 0.000144483099575, 9.67573650996e-05, 0.000100939476397, 5.69435833313e-05, 7.97818502178e-05, 9.69298926066e-05, 0.000102966492705, 9.29229354369e-05, 3.25793334923e-05, 1.8395452571e-05, 1.55102884491e-06],
        "dmean2": [0.000100735509477, 0.00154522573575, 0.0010027741082, 0.00124455371406, 0.00194246624596, 0.00159907632042, 0.0018839747645, 0.0013853518758, 0.00187815143727, 0.000787477300037, 0.00104432145599, 0.00083977234317, 0.000714835245162, 0.000576539430767, 0.000326347071677, 0.000302037980873, 0.000229123907047, 0.000154675304657, 0.000160203300766, 9.08031288418e-05, 0.000116148330562, 0.000134524016175, 0.000142311080708, 0.000127728199004, 4.74250446132e-05, 2.88503470074e-05, 2.21629807129e-06],
        "dvar": [5.52832375433e-08, 1.01757350421e-05, 2.52960262515e-06, 3.5376112919e-06, 7.64551532484e-06, 4.14595797338e-06, 7.93572235125e-06, 8.06557181932e-06, 1.33611138153e-05, 1.68751830643e-06, 3.69255758415e-06, 3.40686824529e-06, 1.90212972484e-06, 1.63055642588e-06, 6.36026413758e-07, 2.45418732447e-07, 1.26462694539e-07, 5.65029196764e-08, 6.41662225576e-08, 2.32607515471e-08, 9.08040291847e-08, 1.76691401066e-07, 1.99920066279e-07, 1.93513614022e-07, 1.97519582912e-08, 6.77853684294e-09, 1.12095090155e-10],
        "dvar2": [1.24650512134e-07, 2.58798627328e-05, 7.28085433366e-06, 9.85295355349e-06, 1.9744524252e-05, 9.6790599855e-06, 1.85895114555e-05, 2.0353410946e-05, 3.13063101203e-05, 3.55291081178e-06, 9.12821724341e-06, 7.08012976247e-06, 4.40630083176e-06, 3.41156123795e-06, 1.29582383579e-06, 5.73350860122e-07, 2.96206223993e-07, 1.31875509624e-07, 1.51770805701e-07, 5.22848928597e-08, 1.57972351644e-07, 3.41343110222e-07, 3.23827407556e-07, 3.34288102977e-07, 3.56613263364e-08, 1.7158882315e-08, 2.05858011193e-10],
        "max": [0.00560223171487, 0.0653596967459, 0.0299080125988, 0.042568936944, 0.0881882607937, 0.0517896264791, 0.0622472055256, 0.0585497356951, 0.084853194654, 0.0408447831869, 0.0490819700062, 0.0528635717928, 0.0440224781632, 0.0369481220841, 0.0325893871486, 0.0152497692034, 0.0108623607084, 0.0116436211392, 0.0083847232163, 0.00462443009019, 0.0119061199948, 0.0130333639681, 0.0158347990364, 0.0151550555602, 0.00694777444005, 0.00162702426314, 0.000813557358924],
        "mean": [0.000112337307655, 0.00215124012902, 0.00114337855484, 0.00108654773794, 0.0021703382954, 0.00201064790599, 0.00222252099775, 0.00143810303416, 0.00227652885951, 0.000995473703369, 0.00110809283797, 0.000845686998218, 0.000743607699405, 0.000649406283628, 0.000337078556186, 0.000359678990208, 0.000250843499089, 0.000179876020411, 0.000200130918529, 0.000113456801046, 0.000155311034177, 0.000192925523152, 0.000214637198951, 0.000184354677913, 6.71017405693e-05, 2.50212797255e-05, 2.56395014731e-06],
        "median": [2.91949254461e-06, 0.000283493718598, 0.000291275617201, 0.00032935370109, 0.00099768396467, 0.000931585091166, 0.000590838026255, 0.000334474025294, 0.000486070348416, 0.000345751526766, 0.000195902626729, 0.000169347797055, 0.000153823071741, 0.000154254885274, 8.53140518302e-05, 0.000119874239317, 8.54833197081e-05, 7.10077147232e-05, 6.15422904957e-05, 3.46353335772e-05, 2.49323638855e-05, 1.98230500246e-05, 1.34292167786e-05, 6.93158381182e-06, 2.96945654554e-06, 8.95941639101e-07, 1.28671885591e-07],
        "min": [3.24103629128e-23, 3.38590397009e-23, 1.29740418985e-23, 4.8848270958e-24, 1.31183545348e-23, 3.84453697188e-23, 4.01918541204e-23, 3.47786842779e-23, 7.79158105413e-23, 6.08750960131e-23, 3.63584697484e-23, 2.29266379827e-22, 7.27224047252e-23, 1.90571944632e-22, 1.197538312e-22, 6.87753738959e-23, 1.2382548943e-22, 2.05776550694e-22, 2.62651882104e-22, 2.13014759707e-22, 5.33612425915e-22, 5.4964414948e-22, 6.84060696097e-22, 6.25757791506e-22, 1.20591886733e-21, 1.8738823581e-21, 2.80445287318e-21],
        "var": [1.32184638346e-07, 2.54797851085e-05, 4.16594048147e-06, 4.65948915007e-06, 1.46936181409e-05, 1.06602165033e-05, 2.0222421881e-05, 1.4809559616e-05, 3.22519917972e-05, 4.94502546644e-06, 9.30712667468e-06, 7.22133836462e-06, 4.13153475165e-06, 4.0386917135e-06, 1.45233423154e-06, 6.92464595886e-07, 2.41787290634e-07, 1.21707103062e-07, 1.72769418327e-07, 5.4234877922e-08, 2.55684653894e-07, 5.26435940174e-07, 7.21740377685e-07, 7.37868049328e-07, 7.34178939865e-08, 7.69496466546e-09, 2.02702701846e-10]
    },
    "erbbands": {
        "dmean": [0.0352717377245, 0.200341135263, 0.5681899786, 1.48436307907, 3.52672052383, 4.07463550568, 5.78755426407, 8.92014408112, 14.8970079422, 17.2353858948, 22.7917137146, 25.7571697235, 19.340921402, 21.9005947113, 19.1986598969, 17.6324653625, 18.6013393402, 17.1525611877, 12.2232971191, 9.23659992218, 10.4189195633, 8.011967659, 5.27004289627, 5.37201833725, 3.41270160675, 2.5353372097, 2.82961010933, 3.36117315292, 3.38697052002, 3.31431031227, 2.96031546593, 2.3989238739, 1.26934683323, 0.469414949417, 0.202773451805, 0.0858228206635, 0.0387089475989, 0.00261693168432, 0.000356776174158, 1.70436378539e-05],
        "dmean2": [0.0561105832458, 0.326041311026, 0.968374729156, 2.50806975365, 5.96674489975, 6.74036741257, 9.29437446594, 13.8314981461, 23.0666542053, 26.8946609497, 35.6928825378, 39.0563316345, 28.8683013916, 34.0110816956, 30.0874347687, 26.7436637878, 29.198551178, 26.299779892, 18.5143222809, 14.3495721817, 16.4304714203, 12.7953147888, 8.30979347229, 8.56580352783, 5.35088253021, 4.03331661224, 4.27061271667, 4.73656415939, 4.70445346832, 4.80147457123, 4.06599092484, 3.24945116043, 1.82525706291, 0.667346715927, 0.305657327175, 0.131619468331, 0.0623119994998, 0.00385163608007, 0.000506657699589, 2.47603238677e-05],
        "dvar": [0.0166828017682, 0.401692807674, 2.27512788773, 14.1179418564, 84.8915252686, 100.427658081, 164.936187744, 354.963500977, 1068.38806152, 2303.04174805, 5148.00878906, 6523.859375, 2230.8671875, 3359.47753906, 2996.72265625, 3507.96606445, 3127.80224609, 3791.21044922, 1759.51220703, 661.228637695, 743.743713379, 353.103210449, 166.322921753, 174.116256714, 66.8304672241, 50.5357704163, 87.1923370361, 204.376205444, 231.848846436, 191.748703003, 164.551361084, 149.957794189, 33.7682266235, 4.83134126663, 0.713435292244, 0.11850233376, 0.0369646660984, 9.01292078197e-05, 6.72918577038e-06, 8.61036486555e-09],
        "dvar2": [0.0411993414164, 1.02966856956, 6.58384370804, 38.9809646606, 230.818405151, 260.377593994, 391.59552002, 808.613342285, 2500.13525391, 5481.90039062, 12988.7216797, 14730.4521484, 4691.29882812, 7673.85498047, 7013.52490234, 7220.20654297, 7301.43164062, 8081.13085938, 3593.58129883, 1538.72717285, 1824.49145508, 831.575195312, 389.844024658, 404.583496094, 146.473083496, 111.33253479, 177.979095459, 331.322265625, 439.511291504, 379.85647583, 266.895721436, 253.184524536, 61.2533378601, 8.91436862946, 1.39993536472, 0.273529261351, 0.0969633534551, 0.000189858372323, 1.26383465613e-05, 1.64201630071e-08],
        "max": [2.376060009, 12.65995121, 28.2487373352, 75.0641784668, 273.072692871, 234.815933228, 379.477630615, 464.394683838, 643.504943848, 1301.3371582, 1365.12927246, 1722.27416992, 1188.79821777, 1401.90112305, 1407.52966309, 1867.87548828, 1484.37011719, 1811.81860352, 2014.54199219, 1128.28491211, 832.713134766, 495.222412109, 609.462097168, 405.324188232, 278.111755371, 250.915725708, 355.410766602, 501.621643066, 563.633789062, 426.795196533, 503.144256592, 479.332305908, 290.719238281, 112.951065063, 32.892993927, 9.00837230682, 3.61022758484, 0.436088502407, 0.200071826577, 0.00700018135831],
        "mean": [0.0763087794185, 0.431452125311, 1.23623490334, 2.58775281906, 5.6704826355, 7.0300359726, 11.7398796082, 17.7585391998, 28.5275650024, 30.7388744354, 39.350730896, 46.2809028625, 39.045173645, 42.303855896, 36.1526527405, 30.9331378937, 33.2065696716, 32.3626480103, 24.2954921722, 17.5769176483, 20.3294448853, 15.1785974503, 10.6677951813, 11.1745214462, 7.24612903595, 5.18590116501, 5.62014722824, 6.48438692093, 6.68090057373, 6.72103595734, 6.12208747864, 4.7812628746, 2.47195410728, 0.973143279552, 0.379943728447, 0.134614005685, 0.045335765928, 0.00431167567149, 0.000584323192015, 4.70155209769e-05],
        "median": [0.00526407919824, 0.0695904791355, 0.32949090004, 0.93792116642, 2.32819247246, 3.08717441559, 5.26191520691, 8.63655567169, 9.77946853638, 8.26616001129, 10.0601997375, 10.5927391052, 13.9749383926, 12.5045490265, 9.17246437073, 7.25206184387, 7.86328268051, 7.15486049652, 6.80178642273, 6.5390291214, 7.04136371613, 6.05114126205, 4.7667131424, 3.89565563202, 2.58279585838, 1.65430593491, 1.21372234821, 0.77294242382, 0.679792284966, 0.574284076691, 0.351763755083, 0.169981390238, 0.0982404649258, 0.0418329611421, 0.0159782730043, 0.00538496114314, 0.00140938535333, 0.000206422817428, 3.73868169845e-05, 2.00158428925e-05],
        "min": [1.41884830384e-21, 6.30432513073e-21, 9.72964894726e-21, 2.53365744742e-20, 1.46346845769e-20, 3.7742920107e-20, 2.27272319395e-19, 3.00774322006e-19, 5.74660259321e-19, 6.70280476976e-19, 8.98337687375e-19, 1.85395473704e-18, 2.20682502327e-18, 1.06118152924e-18, 2.53963845439e-18, 1.00606023981e-17, 5.1409924407e-18, 1.00534696197e-17, 6.24411430174e-18, 5.00549322532e-18, 4.95911982582e-18, 8.11912926397e-18, 1.30915294745e-17, 7.86102409743e-18, 1.56959142506e-17, 1.08855918093e-17, 1.58823491801e-17, 2.17715856283e-17, 2.08404631543e-17, 1.92117097866e-17, 2.06995082692e-17, 1.2698598004e-17, 1.1473058789e-17, 1.07932718355e-17, 9.50934938561e-18, 7.18519851182e-18, 3.75331010917e-18, 1.56242392573e-18, 4.02657098229e-19, 3.75658452948e-20],
        "var": [0.0473167523742, 0.830044031143, 4.06288480759, 20.6420345306, 118.348625183, 178.63494873, 595.110778809, 841.322998047, 2726.41992188, 5361.13134766, 10276.8574219, 14567.1464844, 6528.56152344, 9553.86621094, 8688.22851562, 7858.47998047, 6893.63574219, 9415.95703125, 7008.97119141, 1880.55114746, 2060.86621094, 733.047973633, 361.157470703, 465.926605225, 180.90637207, 119.086845398, 241.484573364, 564.006164551, 683.08416748, 598.369995117, 609.08416748, 578.465087891, 112.378501892, 17.4183216095, 2.17428016663, 0.215595543385, 0.0324737802148, 0.000188793172128, 1.10661048893e-05, 1.49001699867e-08]
    },
    "gfcc": {
        "mean": [-46.8532600403, 106.792221069, -135.670120239, 8.65980148315, -68.2556686401, 1.92424321175, -38.4632263184, -0.297483175993, -20.3606052399, -5.93541526794, -14.4284200668, -2.79179167747, -9.25263786316],
        "cov": [[11575.9296875, -2564.12719727, 1432.9954834, 1723.32275391, 226.365585327, 1476.44384766, 10.6275281906, 948.766052246, 50.3713569641, 667.289855957, -30.6669178009, 485.740264893, -322.822906494], [-2564.12719727, 1898.26257324, 91.4481430054, -417.696960449, 341.559692383, -499.37298584, 100.15688324, -287.227722168, 19.384311676, -109.931793213, 82.5326156616, -91.9598617554, 104.360542297], [1432.9954834, 91.4481430054, 1572.53820801, 604.274169922, 179.201095581, 362.340423584, -44.6797714233, 82.4918518066, -41.917098999, 212.826293945, -17.6531543732, 156.927963257, -45.7196769714], [1723.32275391, -417.696960449, 604.274169922, 689.769714355, 109.399688721, 306.769592285, -35.1832504272, 143.584884644, -2.03438591957, 138.724777222, -7.96489810944, 95.6672210693, -44.9832458496], [226.365585327, 341.559692383, 179.201095581, 109.399688721, 442.941650391, -20.3892936707, 81.5947799683, 59.8118095398, -16.7543830872, 88.0513381958, 37.1546287537, 44.0828437805, 2.73935842514], [1476.44384766, -499.37298584, 362.340423584, 306.769592285, -20.3892936707, 546.754516602, 82.6116333008, 183.65953064, 28.7937316895, 71.5012283325, -13.9592123032, 44.0055961609, -47.2682723999], [10.6275281906, 100.15688324, -44.6797714233, -35.1832504272, 81.5947799683, 82.6116333008, 253.423355103, 86.8981399536, 3.87365627289, -11.5830821991, 26.8276729584, 0.588346123695, -10.5775175095], [948.766052246, -287.227722168, 82.4918518066, 143.584884644, 59.8118095398, 183.65953064, 86.8981399536, 212.254821777, 33.6540794373, 61.450176239, 2.34914541245, 41.0900344849, -33.3020401001], [50.3713569641, 19.384311676, -41.917098999, -2.03438591957, -16.7543830872, 28.7937316895, 3.87365627289, 33.6540794373, 118.424354553, 31.0332241058, 12.2823629379, -9.09448814392, 7.02084875107], [667.289855957, -109.931793213, 212.826293945, 138.724777222, 88.0513381958, 71.5012283325, -11.5830821991, 61.450176239, 31.0332241058, 155.463668823, 38.521572113, 55.4919204712, -25.3706417084], [-30.6669178009, 82.5326156616, -17.6531543732, -7.96489810944, 37.1546287537, -13.9592123032, 26.8276729584, 2.34914541245, 12.2823629379, 38.521572113, 89.8617248535, 32.4465293884, 5.81758737564], [485.740264893, -91.9598617554, 156.927963257, 95.6672210693, 44.0828437805, 44.0055961609, 0.588346123695, 41.0900344849, -9.09448814392, 55.4919204712, 32.4465293884, 117.738189697, 15.0704574585], [-322.822906494, 104.360542297, -45.7196769714, -44.9832458496, 2.73935842514, -47.2682723999, -10.5775175095, -33.3020401001, 7.02084875107, -25.3706417084, 5.81758737564, 15.0704574585, 92.5610809326]],
        "icov": [[0.000274414749583, -1.44278628795e-05, 0.000145436570165, -0.000300524377963, 6.05129571341e-05, -0.000353390583768, 0.000215801075683, -0.000570536358282, 0.000215105959796, -0.0005853640032, 0.000411769346101, -0.000663079787046, 0.000441574724391], [-1.44278628795e-05, 0.00228692707606, -0.00135943992063, 0.000987148261629, -0.00201203208417, 0.00141855317634, -0.00115734431893, 0.00203523598611, -0.00225705467165, 0.00254605174996, -0.00230011693202, 0.00172380241565, -0.000703607453033], [0.000145436570165, -0.00135943992063, 0.00212942343205, -0.00138836191036, 0.00097526947502, -0.00157306459732, 0.000692709581926, -0.000492130580824, 0.00180550722871, -0.00289257359691, 0.00251480331644, -0.00226947804913, 0.000768633501139], [-0.000300524377963, 0.000987148261629, -0.00138836191036, 0.00371002405882, -0.00135737354867, 3.27209490933e-05, 0.0003344208817, 0.000479097361676, -0.000918533361983, 0.00125945277978, -0.0012098060688, 0.000898016383871, -0.000431694526924], [6.05129571341e-05, -0.00201203208417, 0.00097526947502, -0.00135737354867, 0.00502588506788, -0.000269290496362, -0.000291226024274, -0.00262100878172, 0.00299908849411, -0.0041962666437, 0.00179074634798, -0.00113300478552, -0.000266649381956], [-0.000353390583768, 0.00141855317634, -0.00157306459732, 3.27209490933e-05, -0.000269290496362, 0.0049709524028, -0.00198530685157, -0.000251050834777, -0.00194377801381, 0.00231599831022, -0.00175962189678, 0.00232842704281, -0.000849969917908], [0.000215801075683, -0.00115734431893, 0.000692709581926, 0.0003344208817, -0.000291226024274, -0.00198530685157, 0.00690737692639, -0.00416721403599, 0.00157276750542, 0.000658838485833, -0.00114270672202, -0.000733250752091, 0.00109952839557], [-0.000570536358282, 0.00203523598611, -0.000492130580824, 0.000479097361676, -0.00262100878172, -0.000251050834777, -0.00416721403599, 0.0130209196359, -0.0045611304231, 0.00143302464858, -8.53712117532e-05, -0.000326886860421, 0.000660440418869], [0.000215105959796, -0.00225705467165, 0.00180550722871, -0.000918533361983, 0.00299908849411, -0.00194377801381, 0.00157276750542, -0.0045611304231, 0.0132759977132, -0.00667608575895, 0.00136656069662, 0.000912348448765, -0.0018735883059], [-0.0005853640032, 0.00254605174996, -0.00289257359691, 0.00125945277978, -0.0041962666437, 0.00231599831022, 0.000658838485833, 0.00143302464858, -0.00667608575895, 0.0178938787431, -0.00819976907223, 0.000490075035486, 0.00201551825739], [0.000411769346101, -0.00230011693202, 0.00251480331644, -0.0012098060688, 0.00179074634798, -0.00175962189678, -0.00114270672202, -8.53712117532e-05, 0.00136656069662, -0.00819976907223, 0.0189664587379, -0.00725270994008, 0.00120839138981], [-0.000663079787046, 0.00172380241565, -0.00226947804913, 0.000898016383871, -0.00113300478552, 0.00232842704281, -0.000733250752091, -0.000326886860421, 0.000912348448765, 0.000490075035486, -0.00725270994008, 0.0171734299511, -0.00619467766955], [0.000441574724391, -0.000703607453033, 0.000768633501139, -0.000431694526924, -0.000266649381956, -0.000849969917908, 0.00109952839557, 0.000660440418869, -0.0018735883059, 0.00201551825739, 0.00120839138981, -0.00619467766955, 0.0148712173104]]
    },
    "melbands": {
        "dmean": [0.000284560897853, 0.000254476384725, 0.000307717418764, 0.000276216684142, 0.000187619560165, 0.000201634407858, 0.000231777929002, 0.000189513317309, 0.000200303955353, 0.000162179334438, 0.000100456207292, 8.95425837371e-05, 7.57564775995e-05, 5.91668867855e-05, 4.96611792187e-05, 4.25987927883e-05, 3.30905604642e-05, 2.29816741921e-05, 1.61054158525e-05, 1.16937835628e-05, 1.31259166665e-05, 9.42445240071e-06, 5.70676002098e-06, 4.78761285194e-06, 4.82511859445e-06, 3.67235497833e-06, 2.23231950258e-06, 1.71591989329e-06, 1.84680766324e-06, 1.9163151137e-06, 2.11169754039e-06, 1.97429289983e-06, 2.15740737985e-06, 1.8777943751e-06, 1.78826485353e-06, 1.80802578598e-06, 1.45481703839e-06, 1.04267121515e-06, 6.20488947334e-07, 3.4891525047e-07],
        "dmean2": [0.000457211455796, 0.00042489473708, 0.000514954153914, 0.000462146505015, 0.000301181251416, 0.000313699420076, 0.000358346733265, 0.000295774400001, 0.000315253535518, 0.000244762049988, 0.000150054896949, 0.00013831310207, 0.000118383046356, 8.98843936739e-05, 7.73676583776e-05, 6.72126625432e-05, 5.08940684085e-05, 3.55437296093e-05, 2.50875727943e-05, 1.84079290193e-05, 2.0833360395e-05, 1.51740941874e-05, 9.07095727598e-06, 7.62039871915e-06, 7.75548596721e-06, 5.79206971452e-06, 3.6107867345e-06, 2.7431167382e-06, 2.93055722977e-06, 2.86524732473e-06, 3.03583306049e-06, 2.81039660877e-06, 3.22846676681e-06, 2.77057188214e-06, 2.57503120338e-06, 2.52635868492e-06, 2.07600305657e-06, 1.5430066469e-06, 9.21089281292e-07, 5.00810187987e-07],
        "dvar": [1.01676573649e-06, 4.10070583712e-07, 5.75884030241e-07, 4.7891091981e-07, 1.56790335382e-07, 1.65198912327e-07, 2.55976914332e-07, 2.61106208654e-07, 4.00211291662e-07, 2.31994988553e-07, 6.0479386832e-08, 5.15514422261e-08, 4.42572840598e-08, 5.25994323652e-08, 2.71046012301e-08, 1.98062686252e-08, 1.42630343092e-08, 6.80318512636e-09, 3.08411274297e-09, 1.09464626252e-09, 1.31320199159e-09, 5.54603307723e-10, 2.11739861755e-10, 1.52056991998e-10, 1.47918649551e-10, 8.70557237409e-11, 3.66701218002e-11, 2.34088356338e-11, 3.25490502606e-11, 6.11747874579e-11, 8.67491078971e-11, 8.37999808434e-11, 9.6043714648e-11, 6.1430638354e-11, 5.79412490209e-11, 9.16812251117e-11, 5.86333481767e-11, 2.18979383237e-11, 9.48119013855e-12, 2.55057541927e-12],
        "dvar2": [2.60032902588e-06, 1.11301210381e-06, 1.60210026934e-06, 1.26992529204e-06, 3.6928943814e-07, 3.80764561214e-07, 5.9861383761e-07, 6.34679793166e-07, 1.01094997262e-06, 5.11845655637e-07, 1.27909203229e-07, 1.1531552957e-07, 1.06858252025e-07, 1.05112775373e-07, 6.15304855955e-08, 4.62663649614e-08, 3.02898683913e-08, 1.4173986429e-08, 6.75817179996e-09, 2.48637932465e-09, 3.21652815494e-09, 1.31405919479e-09, 5.28003141209e-10, 3.40553057976e-10, 3.5277678001e-10, 2.04332370468e-10, 8.72675612329e-11, 5.27594877509e-11, 7.43510530921e-11, 1.17658841003e-10, 1.49514123304e-10, 1.67152389152e-10, 2.14502152152e-10, 1.21212262449e-10, 1.03759174863e-10, 1.70923525333e-10, 1.11043181594e-10, 4.18618022191e-11, 1.93461930503e-11, 4.67905315188e-12],
        "max": [0.0200425386429, 0.0131498724222, 0.0178346149623, 0.0234463140368, 0.0138725750148, 0.00900066178292, 0.0100012244657, 0.013344341889, 0.0135514494032, 0.00931516848505, 0.00575701519847, 0.00588205642998, 0.00652854843065, 0.00813073385507, 0.00663340184838, 0.00414420804009, 0.00338200479746, 0.00414450326934, 0.00276736565866, 0.00099856115412, 0.0011335730087, 0.000713632674888, 0.000491177779622, 0.000655504467431, 0.000368526001694, 0.000300608342513, 0.000168593687704, 0.000174580709427, 0.000185247816262, 0.000330455513904, 0.000337727135047, 0.000349635025486, 0.000294451252557, 0.000209568039281, 0.000309512979584, 0.000475601496873, 0.000254997226875, 0.000198847134016, 0.000183534619282, 8.70203512022e-05],
        "mean": [0.000626297260169, 0.00061865686439, 0.000542749534361, 0.000475158303743, 0.000388152344385, 0.000406554609071, 0.000438547780504, 0.000331126037054, 0.000338489102433, 0.000294273544569, 0.000193427200429, 0.000170073952177, 0.000134752670419, 9.38893426792e-05, 8.42787703732e-05, 6.92574030836e-05, 5.87042122788e-05, 4.26168444392e-05, 2.61413952103e-05, 2.18495606532e-05, 2.34960625676e-05, 1.60770778166e-05, 1.05694916783e-05, 8.66422033141e-06, 9.29074121814e-06, 7.05888351149e-06, 3.98208385377e-06, 3.19873947774e-06, 3.45620605913e-06, 3.53349764737e-06, 3.79247558158e-06, 3.61080606126e-06, 3.98478550778e-06, 3.62887476513e-06, 3.48155504071e-06, 3.4715910715e-06, 2.70449208983e-06, 1.89253910321e-06, 1.14978320198e-06, 6.98536950949e-07],
        "median": [6.71370071359e-05, 0.000148736100527, 0.000233251223108, 0.000210806902032, 0.000183876836672, 0.000201539573027, 0.000147971324623, 8.07266042102e-05, 7.28851009626e-05, 6.35292672087e-05, 6.53447059449e-05, 5.1630755479e-05, 3.03300075757e-05, 1.712602716e-05, 1.75206550921e-05, 1.43387487697e-05, 1.22229903354e-05, 1.01740879472e-05, 6.82416066411e-06, 7.84354051575e-06, 6.57834698359e-06, 5.27524161953e-06, 3.9421765905e-06, 3.47663490174e-06, 2.73201749224e-06, 2.18196191781e-06, 1.17872627925e-06, 9.48361048358e-07, 7.89714817984e-07, 4.50652805739e-07, 3.95177039536e-07, 3.59648851145e-07, 3.65980895367e-07, 2.86762912083e-07, 2.02303567676e-07, 1.36708450782e-07, 7.92572691921e-08, 6.73760496284e-08, 4.97713656955e-08, 2.7964908611e-08],
        "min": [1.28796531135e-23, 6.55857063335e-24, 3.77570483471e-24, 1.54379783329e-24, 6.68694117959e-24, 7.30688724348e-24, 8.4555389301e-24, 7.34425164026e-24, 8.22180181047e-24, 1.17719851174e-23, 1.1082068669e-23, 3.98833282538e-24, 6.83493385199e-24, 1.70980994259e-23, 2.27282628153e-23, 1.06174832383e-23, 1.91683449648e-23, 9.6763382574e-24, 8.59360852118e-24, 3.77532065945e-24, 6.46580492963e-24, 8.75028497443e-24, 8.83877465761e-24, 1.05040639728e-23, 5.03498716354e-24, 1.32033984735e-23, 8.37370171094e-24, 6.58089736912e-24, 7.19538727656e-24, 1.43981314699e-23, 1.14325430031e-23, 1.13949103936e-23, 1.16573762497e-23, 1.00709067607e-23, 1.24151315806e-23, 1.02059668474e-23, 6.65356605241e-24, 7.81494127658e-24, 8.14892762891e-24, 9.68737836577e-24],
        "var": [2.61833451987e-06, 9.60502120506e-07, 8.53567541981e-07, 7.5038911973e-07, 5.89148328345e-07, 3.99455984734e-07, 6.4937728439e-07, 5.80199639444e-07, 8.40414713821e-07, 5.76960928811e-07, 1.71028290197e-07, 1.48235344e-07, 1.20040141383e-07, 1.18230282453e-07, 6.49241940209e-08, 4.1294800468e-08, 3.57247067484e-08, 2.6194074465e-08, 8.13571077174e-09, 2.97112179304e-09, 3.21300985817e-09, 1.06500130936e-09, 3.99770855308e-10, 3.17834147889e-10, 3.73630626438e-10, 2.28767463306e-10, 7.21113169178e-11, 5.13436793081e-11, 7.89044524163e-11, 1.515681608e-10, 2.17432155614e-10, 2.18037907174e-10, 2.3493543222e-10, 1.80128897909e-10, 1.87061199863e-10, 2.9266100654e-10, 1.97368552057e-10, 6.55128104543e-11, 2.67852580393e-11, 9.18525672189e-12]
    },
    "mfcc": {
        "mean": [-684.353210449, 138.05670166, -11.9862279892, 4.56062412262, -10.2660160065, -4.00547981262, -10.2583713531, -0.0453927926719, -6.6144862175, -2.72059750557, -4.88648176193, -4.82674884796, -3.88652706146],
        "cov": [[10103.6894531, -2510.26782227, 779.397277832, 692.959960938, 522.024963379, 750.658996582, 385.988586426, 634.828674316, 320.2940979, 336.487091064, 471.634155273, 517.325866699, 231.646270752], [-2510.26782227, 1927.50402832, -186.551727295, 62.4951820374, 48.1273193359, -175.817199707, 0.958368241787, -189.601852417, -86.8584136963, -81.805847168, -105.875221252, -84.3964614868, 24.9940032959], [779.397277832, -186.551727295, 1351.13293457, 233.215179443, 306.81741333, 320.376159668, 95.3641281128, 61.3271369934, 74.8313140869, -4.96851921082, 76.8423461914, 96.924446106, 41.3332023621], [692.959960938, 62.4951820374, 233.215179443, 531.198730469, 232.205993652, 105.440948486, 80.0956497192, -4.2403049469, 3.4616382122, 7.00942182541, 16.196149826, 72.3362884521, 87.7479019165], [522.024963379, 48.1273193359, 306.81741333, 232.205993652, 350.436920166, 148.636306763, 81.3336639404, 8.13410568237, 47.0795288086, 41.0000648499, 30.7514247894, 48.413646698, 65.8342666626], [750.658996582, -175.817199707, 320.376159668, 105.440948486, 148.636306763, 241.933044434, 103.642593384, 78.6207809448, 47.4408378601, 42.4899253845, 61.2084693909, 59.6003913879, 21.1565532684], [385.988586426, 0.958368241787, 95.3641281128, 80.0956497192, 81.3336639404, 103.642593384, 249.924682617, 119.058578491, 47.8894577026, 60.1276550293, 41.009853363, 45.8336029053, 21.9731369019], [634.828674316, -189.601852417, 61.3271369934, -4.2403049469, 8.13410568237, 78.6207809448, 119.058578491, 199.374710083, 74.3366928101, 54.4772071838, 54.076210022, 37.3340110779, 7.44545221329], [320.2940979, -86.8584136963, 74.8313140869, 3.4616382122, 47.0795288086, 47.4408378601, 47.8894577026, 74.3366928101, 122.202201843, 53.9328041077, 21.7785205841, 15.4820127487, 8.72015476227], [336.487091064, -81.805847168, -4.96851921082, 7.00942182541, 41.0000648499, 42.4899253845, 60.1276550293, 54.4772071838, 53.9328041077, 137.479934692, 57.0820388794, 30.3711967468, 2.97617077827], [471.634155273, -105.875221252, 76.8423461914, 16.196149826, 30.7514247894, 61.2084693909, 41.009853363, 54.076210022, 21.7785205841, 57.0820388794, 122.477203369, 63.4977722168, 3.65457749367], [517.325866699, -84.3964614868, 96.924446106, 72.3362884521, 48.413646698, 59.6003913879, 45.8336029053, 37.3340110779, 15.4820127487, 30.3711967468, 63.4977722168, 123.953338623, 44.1271133423], [231.646270752, 24.9940032959, 41.3332023621, 87.7479019165, 65.8342666626, 21.1565532684, 21.9731369019, 7.44545221329, 8.72015476227, 2.97617077827, 3.65457749367, 44.1271133423, 110.828292847]],
