{
"lowlevel": {
    "average_loudness": 0.787212193012,
    "barkbands_crest": {
        "dmean": 3.041203022,
        "dmean2": 4.88845682144,
        "dvar": 7.91108608246,
        "dvar2": 17.9908103943,
        "max": 25.4326992035,
        "mean": 10.0170440674,
        "median": 9.33989906311,
        "min": 2.09062480927,
        "var": 19.6341323853
    },
    "barkbands_flatness_db": {
        "dmean": 0.0215529873967,
        "dmean2": 0.0345294289291,
        "dvar": 0.000381189631298,
        "dvar2": 0.000937539967708,
        "max": 0.508499801159,
        "mean": 0.137313172221,
        "median": 0.121143199503,
        "min": 0.0435262657702,
        "var": 0.00370356650092
    },
    "barkbands_kurtosis": {
        "dmean": 2.14880204201,
        "dmean2": 3.50074577332,
        "dvar": 104.788711548,
        "dvar2": 313.847961426,
        "max": 634.204833984,
        "mean": 2.42164587975,
        "median": -0.00108599662781,
        "min": -1.8974404335,
        "var": 310.712310791
    },
    "barkbands_skewness": {
        "dmean": 0.494042485952,
        "dmean2": 0.78270149231,
        "dvar": 0.306978881359,
        "dvar2": 0.746687710285,
        "max": 19.4368305206,
        "mean": 1.05888772011,
        "median": 0.837606489658,
        "min": -1.86031830311,
        "var": 1.37517929077
    },
    "barkbands_spread": {
        "dmean": 6.60429811478,
        "dmean2": 10.6599187851,
        "dvar": 53.0058631897,
        "dvar2": 126.345123291,
        "max": 99.8740997314,
        "mean": 32.2125892639,
        "median": 32.5812149048,
        "min": 0.223504424095,
        "var": 259.118255615
    },
    "dissonance": {
        "dmean": 0.0138782951981,
        "dmean2": 0.0236403588206,
        "dvar": 0.000238330030697,
        "dvar2": 0.000663720478769,
        "max": 0.500000119209,
        "mean": 0.476792156696,
        "median": 0.485618025064,
        "min": 0.294294595718,
        "var": 0.00061812333297
    },
    "dynamic_complexity": 2.35936665535,
    "erbbands_crest": {
        "dmean": 2.51482415199,
        "dmean2": 4.04503154755,
        "dvar": 6.01385879517,
        "dvar2": 14.3405838013,
        "max": 30.4372768402,
        "mean": 9.21423816681,
        "median": 7.54383611679,
        "min": 2.54600405693,
        "var": 27.5502185822
    },
    "erbbands_flatness_db": {
        "dmean": 0.0145103195682,
        "dmean2": 0.0223057754338,
        "dvar": 0.000158127513714,
        "dvar2": 0.000346692104358,
        "max": 0.38908290863,
        "mean": 0.168679028749,
        "median": 0.157792299986,
        "min": 0.075633071363,
        "var": 0.00207303185016
    },
    "erbbands_kurtosis": {
        "dmean": 0.867799818516,
        "dmean2": 1.40751218796,
        "dvar": 2.05044555664,
        "dvar2": 5.40908956528,
        "max": 50.0587272644,
        "mean": 0.671748161316,
        "median": 0.115988969803,
        "min": -1.81114757061,
        "var": 5.17168235779
    },
    "erbbands_skewness": {
        "dmean": 0.322580337524,
        "dmean2": 0.504880428314,
        "dvar": 0.0902052596211,
        "dvar2": 0.213683724403,
        "max": 6.75799274445,
        "mean": 0.0846127048135,
        "median": -0.012322217226,
        "min": -3.23833489418,
        "var": 0.792047023773
    },
    "erbbands_spread": {
        "dmean": 7.06634950638,
        "dmean2": 11.3270196915,
        "dvar": 53.7935371399,
        "dvar2": 135.159179688,
        "max": 167.861938477,
        "mean": 36.63879776,
        "median": 34.5683326721,
        "min": 2.99606800079,
        "var": 249.849182129
    },
    "hfc": {
        "dmean": 8.66190338135,
        "dmean2": 13.4409093857,
        "dvar": 139.994522095,
        "dvar2": 305.499511719,
        "max": 234.41809082,
        "mean": 34.738861084,
        "median": 32.6315422058,
        "min": 1.19870130697e-16,
        "var": 603.483093262
    },
    "melbands_crest": {
        "dmean": 3.85666298866,
        "dmean2": 6.02163410187,
        "dvar": 10.7945365906,
        "dvar2": 24.0936050415,
        "max": 34.379650116,
        "mean": 14.5948371887,
        "median": 13.8468675613,
        "min": 1.78720247746,
        "var": 30.3289432526
    },
    "melbands_flatness_db": {
        "dmean": 0.0276869107038,
        "dmean2": 0.0437122695148,
        "dvar": 0.000714806083124,
        "dvar2": 0.00163216656074,
        "max": 0.632098734379,
        "mean": 0.166305467486,
        "median": 0.146178647876,
        "min": 0.00711094494909,
        "var": 0.00691180350259
    },
    "melbands_kurtosis": {
        "dmean": 5.68994474411,
        "dmean2": 9.27262973785,
        "dvar": 128.684387207,
        "dvar2": 312.623748779,
        "max": 569.967163086,
        "mean": 9.94137477875,
        "median": 4.322473526,
        "min": -1.74341928959,
        "var": 543.689453125
    },
    "melbands_skewness": {
        "dmean": 0.735103189945,
        "dmean2": 1.17429745197,
        "dvar": 0.63555008173,
        "dvar2": 1.50419437885,
        "max": 16.8001308441,
        "mean": 2.2934949398,
        "median": 1.95091605186,
        "min": -1.57405471802,
        "var": 2.44623827934
    },
    "melbands_spread": {
        "dmean": 10.4793834686,
        "dmean2": 16.7547893524,
        "dvar": 169.818374634,
        "dvar2": 362.042266846,
        "max": 212.591949463,
        "mean": 36.2853889465,
        "median": 33.7469787598,
        "min": 0.300644010305,
        "var": 568.986877441
    },
    "pitch_salience": {
        "dmean": 0.0774600878358,
        "dmean2": 0.126322492957,
        "dvar": 0.00536620616913,
        "dvar2": 0.0126371234655,
        "max": 0.868407189846,
        "mean": 0.551547467709,
        "median": 0.557307958603,
        "min": 0.0913258194923,
        "var": 0.014240254648
    },
    "silence_rate_20dB": {
        "dmean": 0,
        "dmean2": 0,
        "dvar": 0,
        "dvar2": 0,
        "max": 1,
        "mean": 1,
        "median": 1,
        "min": 1,
        "var": 0
    },
    "silence_rate_30dB": {
        "dmean": 0.001742160297,
        "dmean2": 0.00348469987512,
        "dvar": 0.00173911172897,
        "dvar2": 0.00456147128716,
        "max": 1,
        "mean": 0.998258054256,
        "median": 1,
        "min": 0,
        "var": 0.00173892290331
    },
    "silence_rate_60dB": {
        "dmean": 0.00239547039382,
        "dmean2": 0.0046825655736,
        "dvar": 0.0023897155188,
        "dvar2": 0.00574896018952,
        "max": 1,
        "mean": 0.0427871532738,
        "median": 0,
        "min": 0,
        "var": 0.0409568175673
    },
    "spectral_centroid": {
        "dmean": 261.618652344,
        "dmean2": 423.969665527,
        "dvar": 74775.5078125,
        "dvar2": 169801.078125,
        "max": 10959.7626953,
        "mean": 1932.19189453,
        "median": 2038.99389648,
        "min": 107.388664246,
        "var": 493593.53125
    },
    "spectral_complexity": {
        "dmean": 4.59516572952,
        "dmean2": 7.13274526596,
        "dvar": 18.5410881042,
        "dvar2": 40.3757095337,
        "max": 60,
        "mean": 31.1530761719,
        "median": 35,
        "min": 0,
        "var": 167.960083008
    },
    "spectral_decrease": {
        "dmean": 2.63933275235e-09,
        "dmean2": 4.22962287416e-09,
        "dvar": 9.48657296744e-18,
        "dvar2": 2.41888141733e-17,
        "max": 8.66018022228e-30,
        "mean": -8.07334910036e-09,
        "median": -7.34577421113e-09,
        "min": -6.19508284672e-08,
        "var": 2.29060439861e-17
    },
    "spectral_energy": {
        "dmean": 0.0103258034214,
        "dmean2": 0.0165027510375,
        "dvar": 0.000140171003295,
        "dvar2": 0.00035728153307,
        "max": 0.235741019249,
        "mean": 0.0336216278374,
        "median": 0.0314026884735,
        "min": 1.08398933504e-20,
        "var": 0.000361580925528
    },
    "spectral_energyband_high": {
        "dmean": 0.000846665527206,
        "dmean2": 0.00133383146022,
        "dvar": 2.22566904995e-06,
        "dvar2": 4.53063603345e-06,
        "max": 0.0286656431854,
        "mean": 0.00216033076867,
        "median": 0.00161315815058,
        "min": 7.97124875749e-21,
        "var": 6.9281022661e-06
    },
    "spectral_energyband_low": {
        "dmean": 0.00760866701603,
        "dmean2": 0.0122624952346,
        "dvar": 0.000121827790281,
        "dvar2": 0.000305243505863,
        "max": 0.231713578105,
        "mean": 0.0131679773331,
        "median": 0.00818012095988,
        "min": 4.87355806e-23,
        "var": 0.000208124707569
    },
    "spectral_energyband_middle_high": {
        "dmean": 0.00264494284056,
        "dmean2": 0.00415902165696,
        "dvar": 1.80702627404e-05,
        "dvar2": 4.911679207e-05,
        "max": 0.145155191422,
        "mean": 0.0102819949389,
        "median": 0.00734844058752,
        "min": 1.65268394274e-21,
        "var": 9.79270844255e-05
    },
    "spectral_energyband_middle_low": {
        "dmean": 0.00416155811399,
        "dmean2": 0.00679798936471,
        "dvar": 3.8294474507e-05,
        "dvar2": 9.97213865048e-05,
        "max": 0.108940809965,
        "mean": 0.00913132261485,
        "median": 0.00623026490211,
        "min": 2.16452779615e-22,
        "var": 8.41352084535e-05
    },
    "spectral_entropy": {
        "dmean": 0.10073722899,
        "dmean2": 0.157103836536,
        "dvar": 0.01096938923,
        "dvar2": 0.025262856856,
        "max": 9.80464076996,
        "mean": 7.81578159332,
        "median": 7.949426651,
        "min": 5.28365850449,
        "var": 0.234369918704
    },
    "spectral_flux": {
        "dmean": 0.0261374209076,
        "dmean2": 0.0408960804343,
        "dvar": 0.000684636528604,
        "dvar2": 0.00148628931493,
        "max": 0.314447432756,
        "mean": 0.105017863214,
        "median": 0.0994193777442,
        "min": 1.04114807054e-10,
        "var": 0.00190434837714
    },
    "spectral_kurtosis": {
        "dmean": 1.51135897636,
        "dmean2": 2.59783768654,
        "dvar": 10.629734993,
        "dvar2": 29.8092765808,
        "max": 77.1293487549,
        "mean": 3.09039306641,
        "median": 1.87024927139,
        "min": -1.1942820549,
        "var": 31.5599899292
    },
    "spectral_rms": {
        "dmean": 0.000836277205963,
        "dmean2": 0.00131079752464,
        "dvar": 6.94954110259e-07,
        "dvar2": 1.67095811321e-06,
        "max": 0.0151654621586,
        "mean": 0.0054567665793,
        "median": 0.00553504936397,
        "min": 3.2520002316e-12,
        "var": 3.02518515127e-06
    },
    "spectral_rolloff": {
        "dmean": 687.984985352,
        "dmean2": 1132.95056152,
        "dvar": 854090.3125,
        "dvar2": 1888652.5,
        "max": 18841.5527344,
        "mean": 2136.08642578,
        "median": 2002.58789062,
        "min": 64.599609375,
        "var": 2369092
    },
    "spectral_skewness": {
        "dmean": 0.203029319644,
        "dmean2": 0.33795529604,
        "dvar": 0.0616284534335,
        "dvar2": 0.168667316437,
        "max": 7.19314861298,
        "mean": 1.09153282642,
        "median": 0.948717236519,
        "min": -0.0142177361995,
        "var": 0.413524359465
    },
    "spectral_spread": {
        "dmean": 353739.71875,
        "dmean2": 529612.5,
        "dvar": 316740239360,
        "dvar2": 417012514816,
        "max": 41135008,
        "mean": 4128635.5,
        "median": 4105629.25,
        "min": 928781.1875,
        "var": 1.25277136486e+12
    },
    "spectral_strongpeak": {
        "dmean": 0.679012715816,
        "dmean2": 1.15912246704,
        "dvar": 1.46882975101,
        "dvar2": 3.60980629921,
        "max": 13.8237257004,
        "mean": 1.27045285702,
        "median": 0.402033865452,
        "min": 0,
        "var": 3.36905837059
    },
    "zerocrossingrate": {
        "dmean": 0.0113389287144,
        "dmean2": 0.0132101802155,
        "dvar": 0.000165749399457,
        "dvar2": 0.000180917209946,
        "max": 0.51025390625,
        "mean": 0.0770471692085,
        "median": 0.07470703125,
        "min": 0.00341796875,
        "var": 0.00137099495623
    },
    "barkbands": {
        "dmean": [0.000313372263918, 0.00623330660164, 0.00242061750032, 0.00111096072942, 0.00212554680184, 0.000666525564156, 0.000486861390527, 0.000450355204521, 0.000968228210695, 0.00113619095646, 0.000767057703342, 0.000544417183846, 0.000454155349871, 0.000397103169234, 0.000403824960813, 0.00051406386774, 0.000350755726686, 0.000278326304397, 0.000303233944578, 0.000248068332439, 0.000260919216089, 0.00027069056523, 0.000243175963988, 0.00015089759836, 4.25384496339e-05, 8.16211741039e-06, 8.8873157722e-09],
        "dmean2": [0.000471048959298, 0.00992545764893, 0.00414618197829, 0.00188499502838, 0.00359480315819, 0.00109786191024, 0.000802227004897, 0.000747234385926, 0.00153809622861, 0.00180797255598, 0.00122099707369, 0.000885907444172, 0.000730344909243, 0.000635564967524, 0.00064865645254, 0.000834034231957, 0.000570850330405, 0.000462730822619, 0.000506098207552, 0.000408234394854, 0.000439808209194, 0.00046615418978, 0.000376761250664, 0.000225509516895, 6.24230451649e-05, 1.33899575303e-05, 1.55621613374e-08],
        "dvar": [2.50378462852e-07, 9.50760950218e-05, 1.40298980114e-05, 3.92078618461e-06, 1.63430049724e-05, 2.35892457567e-06, 2.29620536629e-06, 2.58338718595e-06, 6.1735613599e-06, 1.54301360453e-05, 3.41329678122e-06, 1.61927425779e-06, 8.99798351384e-07, 6.57651185065e-07, 1.00205727449e-06, 8.77425236467e-07, 3.98890961151e-07, 1.27755527046e-07, 1.28818911094e-07, 1.36430770681e-07, 1.40570293183e-07, 2.19432081394e-07, 3.4415543837e-07, 1.51299374807e-07, 1.60007331829e-08, 8.62486582154e-10, 5.38844117506e-15],
        "dvar2": [5.35306753591e-07, 0.000231607977184, 3.75881463697e-05, 1.08817230284e-05, 4.33183013229e-05, 5.72564340473e-06, 5.38763879376e-06, 6.73565546094e-06, 1.46031152326e-05, 4.27619888796e-05, 7.97406391939e-06, 3.92621359424e-06, 2.1899127205e-06, 1.57487977503e-06, 2.29277611652e-06, 2.00008980755e-06, 9.64486844168e-07, 3.2455122323e-07, 3.4420216366e-07, 3.31695190425e-07, 3.69476168771e-07, 5.75993624352e-07, 6.89995999892e-07, 3.0416057939e-07, 3.08884722244e-08, 1.59762447716e-09, 1.22657562072e-14],
        "max": [0.00680960342288, 0.202643439174, 0.0624602474272, 0.0465817339718, 0.0462405793369, 0.0428593270481, 0.040329195559, 0.0376908034086, 0.0868598148227, 0.144790917635, 0.0449197813869, 0.0356819815934, 0.0280544329435, 0.0211912356317, 0.0401909537613, 0.0174466725439, 0.0158455818892, 0.010477470234, 0.00491494452581, 0.0124524440616, 0.00537296012044, 0.00942141283303, 0.0144164729863, 0.0106100840494, 0.00442787352949, 0.00220944453031, 5.55154701942e-06],
        "mean": [0.000370020978153, 0.00898392125964, 0.00307845696807, 0.00159759819508, 0.0028421159368, 0.000952380825765, 0.000677948992234, 0.000544482260011, 0.00183685019147, 0.00261833635159, 0.0016341417795, 0.000991230132058, 0.000764358614106, 0.000677400152199, 0.00065026973607, 0.00097855576314, 0.000696903269272, 0.000575311249122, 0.000715864880476, 0.000531870056875, 0.000548214826267, 0.000466512865387, 0.000495590560604, 0.000308705231873, 7.54147331463e-05, 9.10201561055e-06, 7.02668989661e-09],
        "median": [9.51952024479e-05, 0.00423033675179, 0.00169177062344, 0.000968464184552, 0.001549669425, 0.000417996838223, 0.000239387940383, 0.00018124563212, 0.000507782795466, 0.000384714046959, 0.0003896158305, 0.000320739782182, 0.000351310300175, 0.000321401865222, 0.000284889858449, 0.000595900812186, 0.000512548722327, 0.000498723122291, 0.000659837736748, 0.000441206881078, 0.000458509166492, 0.000299524195725, 0.000298311875667, 0.000148793551489, 3.1319406844e-05, 2.36325399783e-06, 9.99193949802e-10],
        "min": [6.55980717281e-24, 2.37268281927e-23, 1.28827533368e-23, 2.56996399435e-23, 4.68051811669e-23, 5.26805414583e-23, 3.72823394644e-23, 1.94511090008e-23, 1.44352110879e-23, 3.42382830034e-23, 8.4533186022e-23, 1.53620664846e-22, 5.70694795451e-23, 4.75183650678e-23, 8.31111474889e-23, 2.18162449456e-22, 2.32926542966e-22, 2.01835742399e-22, 4.10645065688e-22, 4.07880518423e-22, 5.26988013795e-22, 4.73883866652e-22, 6.08494485674e-22, 1.01018170131e-21, 1.06164592653e-21, 1.74599268253e-21, 2.44595146284e-21],
        "var": [3.77964909148e-07, 0.000146485021105, 1.79185353772e-05, 5.5881660046e-06, 1.8127324438e-05, 3.93511118091e-06, 4.60391129309e-06, 2.95132531392e-06, 2.17156866711e-05, 5.37149644515e-05, 1.91219496628e-05, 4.90839011036e-06, 1.69779934822e-06, 1.52970937961e-06, 1.95245934265e-06, 2.4597020456e-06, 9.58179157351e-07, 2.86067461275e-07, 3.25526514189e-07, 3.04446473365e-07, 2.61852306949e-07, 3.35313956157e-07, 8.71898919286e-07, 4.21492018177e-07, 4.04392324072e-08, 1.43490497262e-09, 6.37595496013e-15]
    },
    "erbbands": {
        "dmean": [0.19939404726, 1.51551127434, 2.99924731255, 2.82889294624, 6.72040605545, 6.75957727432, 4.62023353577, 5.93396568298, 5.84896802902, 9.17437458038, 10.3675127029, 22.4108066559, 30.8461971283, 29.6631412506, 29.038646698, 19.8121604919, 19.8363494873, 16.7909145355, 18.3623313904, 22.2789115906, 26.2364063263, 18.5753002167, 14.2274837494, 14.6477565765, 15.3837041855, 11.2221250534, 10.0474891663, 11.1763763428, 10.1913499832, 7.79975795746, 7.12067079544, 4.70145654678, 1.67595303059, 0.648649692535, 0.238554999232, 0.06006321311, 0.0105401398614, 0.000301626743749, 1.47744303831e-05, 1.27100274767e-05],
        "dmean2": [0.284987419844, 2.52816510201, 5.1931271553, 4.75381803513, 11.4629554749, 11.4990739822, 7.73450946808, 9.78315544128, 9.71245479584, 15.1376371384, 16.7445373535, 35.6922836304, 49.0077667236, 45.3754882812, 46.0649528503, 32.5604324341, 31.9031906128, 26.6843719482, 29.8960094452, 35.0438842773, 42.7570648193, 30.1385059357, 23.6878795624, 24.2948646545, 25.5021476746, 18.4355983734, 16.7396965027, 19.0965061188, 17.5126724243, 12.6880559921, 11.081363678, 7.14831829071, 2.45300364494, 0.952024757862, 0.362948298454, 0.0959223583341, 0.0171568300575, 0.000488678691909, 2.26022239076e-05, 1.98342549993e-05],
        "dvar": [0.0870481282473, 6.53386926651, 23.7429828644, 19.9548339844, 167.216140747, 156.512054443, 80.3818359375, 232.231918335, 382.441864014, 1306.81213379, 836.729187012, 4182.11083984, 14301.4492188, 5416.17236328, 4656.27636719, 1875.59338379, 1471.74755859, 1577.73876953, 1561.17895508, 2517.51318359, 2023.8828125, 1144.48986816, 337.610076904, 313.585205078, 372.555786133, 297.688476562, 198.397613525, 297.640838623, 309.960296631, 234.464157104, 325.960662842, 154.038360596, 17.3590450287, 3.94864916801, 0.551297843456, 0.0339024104178, 0.00263348617591, 3.41063787346e-06, 2.32694619129e-09, 2.06097874877e-10],
        "dvar2": [0.168799474835, 17.3273639679, 64.2520523071, 54.8586158752, 456.063110352, 412.856414795, 191.852172852, 559.175842285, 962.286499023, 3378.3293457, 1935.49084473, 10236.9208984, 40471.671875, 11631.1240234, 10993.1992188, 4750.20214844, 3472.46655273, 3805.73876953, 3872.71435547, 5511.25634766, 4730.37353516, 2760.62866211, 873.984924316, 819.536193848, 960.024414062, 717.488220215, 518.862304688, 796.106933594, 823.270202637, 526.236083984, 672.377197266, 314.714233398, 34.035697937, 7.92838764191, 1.17953670025, 0.0601512119174, 0.0049834381789, 6.60284013065e-06, 4.14478629196e-09, 5.03058039669e-10],
        "max": [3.22601747513, 55.3846092224, 87.7699966431, 94.2141113281, 198.636749268, 227.976959229, 238.047546387, 493.26473999, 623.969360352, 1033.62719727, 826.645019531, 2605.1184082, 4817.453125, 2390.46948242, 1972.14587402, 1302.41394043, 853.124328613, 1123.50952148, 1126.41699219, 1723.15368652, 979.389526367, 1079.25109863, 349.85748291, 613.124084473, 480.784912109, 457.171325684, 280.050537109, 242.869216919, 431.740203857, 356.263275146, 415.573760986, 284.521697998, 123.730819702, 75.1488723755, 35.2368431091, 13.451335907, 4.18852043152, 0.151032492518, 0.00368214189075, 0.000308264832711],
        "mean": [0.284825474024, 1.89359629154, 3.79254817963, 4.44692850113, 8.60427188873, 9.09790229797, 6.75441980362, 8.21821212769, 7.98736047745, 12.8622398376, 15.4803876877, 42.0576820374, 68.2390136719, 72.5539321899, 66.422996521, 39.4727058411, 37.0244369507, 31.5522823334, 33.2024497986, 45.3056793213, 52.9977111816, 40.3551521301, 31.3931484222, 33.9648704529, 35.7960472107, 24.6537132263, 22.7063369751, 20.6399230957, 17.098279953, 14.7063484192, 14.0862102509, 9.56481742859, 3.46472978592, 1.19307172298, 0.366814553738, 0.0769934877753, 0.0115424934775, 0.000375235220417, 4.09354433941e-05, 4.57198293589e-05],
        "median": [0.10037279129, 0.919455587864, 2.1240272522, 3.14235687256, 4.76783752441, 4.86411619186, 3.61814785004, 3.40766596794, 3.54802584648, 3.79610061646, 6.18382930756, 11.7280340195, 13.1097784042, 17.1092243195, 18.6381244659, 16.2504043579, 18.6360378265, 14.9496955872, 18.460067749, 21.3130073547, 35.6794281006, 30.3036785126, 27.4845905304, 31.5843315125, 31.6282100677, 20.5825328827, 19.7413482666, 15.7380342484, 11.0353336334, 9.24040126801, 8.11874198914, 4.84762716293, 1.6418453455, 0.487136751413, 0.146040946245, 0.0257366728038, 0.00278155971318, 0.000122088051285, 3.30421098624e-05, 4.40808471467e-05],
        "min": [8.88977628218e-22, 4.46712669799e-21, 1.815093081e-20, 4.15366062719e-20, 1.61818073285e-19, 9.66125306594e-20, 1.97030389405e-19, 5.01730484748e-19, 5.72943549358e-19, 5.6433006594e-19, 4.15654096055e-19, 3.97924177559e-19, 1.20406043645e-18, 1.11479885956e-18, 5.38971572472e-18, 4.87949583365e-18, 2.72167815975e-18, 2.6961745271e-18, 3.01806627901e-18, 7.74331216036e-18, 1.07787126295e-17, 1.23263460489e-17, 1.15112993487e-17, 1.73220719255e-17, 1.98486570563e-17, 2.12588296015e-17, 1.56603669909e-17, 2.64424660979e-17, 1.60906845436e-17, 1.52773608606e-17, 1.83189089361e-17, 1.97907444872e-17, 1.72152647105e-17, 1.33573745701e-17, 6.25590534778e-18, 5.65261233496e-18, 3.47291986976e-18, 1.26739796615e-18, 3.37223053421e-19, 3.90987208298e-20],
        "var": [0.168189868331, 7.57123708725, 26.8945045471, 29.8099899292, 170.717544556, 197.093215942, 133.112731934, 346.318481445, 532.348510742, 2304.58642578, 1501.05712891, 13160.6816406, 39424.7617188, 30131.1503906, 28336.6367188, 5050.62695312, 3174.79467773, 4029.50756836, 2654.36230469, 9577.59960938, 5469.98193359, 3119.74194336, 737.376403809, 770.050354004, 964.458435059, 624.479614258, 412.557067871, 456.019775391, 439.902526855, 511.400115967, 783.110229492, 401.583984375, 51.0889587402, 9.74599933624, 1.13072097301, 0.0683655366302, 0.0039815348573, 4.93478182761e-06, 4.60079530029e-09, 6.47517095498e-10]
    },
    "gfcc": {
        "mean": [19.3366756439, 92.9566268921, -145.120620728, 61.3541297913, -65.1091384888, 28.4599456787, -28.9598865509, 6.2778263092, -17.8125514984, -11.7754640579, -10.1650400162, -6.3809633255, -2.19465017319],
        "cov": [[4949.99267578, -1792.63830566, -6.51435089111, 644.308654785, -102.067024231, 845.165649414, -266.463653564, 582.305114746, -250.692260742, 242.63319397, -185.699264526, 255.36177063, -71.440284729], [-1792.63830566, 1717.41455078, 199.960403442, -109.085327148, 386.167114258, -446.937011719, 361.550018311, -353.842071533, 193.281860352, -142.845169067, 183.150650024, -108.893684387, 104.766441345], [-6.51435089111, 199.960403442, 977.796936035, 281.070465088, 314.67199707, 104.45022583, 21.6171264648, 127.010360718, -106.587593079, 187.771850586, -54.7094764709, 126.319824219, -27.0096912384], [644.308654785, -109.085327148, 281.070465088, 583.565734863, 185.654418945, 168.452163696, 22.2178535461, 70.8100509644, 14.5634021759, 45.0756721497, 33.134803772, 56.1568717957, 23.6224651337], [-102.067024231, 386.167114258, 314.67199707, 185.654418945, 368.090118408, 28.9399776459, 122.098884583, -2.83932137489, -3.91182994843, 57.5893554688, 25.9471588135, 52.356803894, 26.2949390411], [845.165649414, -446.937011719, 104.45022583, 168.452163696, 28.9399776459, 335.194091797, -7.53366947174, 174.038314819, -72.7860336304, 66.9634780884, -31.3209342957, 60.806552887, -13.9815597534], [-266.463653564, 361.550018311, 21.6171264648, 22.2178535461, 122.098884583, -7.53366947174, 268.868286133, -7.11584424973, 50.2431945801, -54.9073028564, 37.5765953064, 3.24050927162, 23.9689826965], [582.305114746, -353.842071533, 127.010360718, 70.8100509644, -2.83932137489, 174.038314819, -7.11584424973, 241.347366333, -23.5571212769, 91.3265228271, -62.5662956238, 47.4856910706, -11.5411615372], [-250.692260742, 193.281860352, -106.587593079, 14.5634021759, -3.91182994843, -72.7860336304, 50.2431945801, -23.5571212769, 178.113876343, -34.7207527161, 54.5054359436, -61.3169631958, 33.1445274353], [242.63319397, -142.845169067, 187.771850586, 45.0756721497, 57.5893554688, 66.9634780884, -54.9073028564, 91.3265228271, -34.7207527161, 150.560745239, -15.3930778503, 58.0180358887, -31.654510498], [-185.699264526, 183.150650024, -54.7094764709, 33.134803772, 25.9471588135, -31.3209342957, 37.5765953064, -62.5662956238, 54.5054359436, -15.3930778503, 125.736305237, -4.01178789139, 31.6943759918], [255.36177063, -108.893684387, 126.319824219, 56.1568717957, 52.356803894, 60.806552887, 3.24050927162, 47.4856910706, -61.3169631958, 58.0180358887, -4.01178789139, 119.49079895, -0.442516773939], [-71.440284729, 104.766441345, -27.0096912384, 23.6224651337, 26.2949390411, -13.9815597534, 23.9689826965, -11.5411615372, 33.1445274353, -31.654510498, 31.6943759918, -0.442516773939, 82.4459075928]],
        "icov": [[0.000567716895603, -0.000291856034892, 0.000570927571971, -0.000645967316814, 0.000259999273112, -0.000967414176557, 0.000611585914157, -0.000761659874115, 0.000283740431769, -0.000175153676537, 0.000579517043661, -0.000863534573, 0.000294786383165], [-0.000291856034892, 0.00527010625228, -0.00234556314535, 0.00202362076379, -0.00379099603742, 0.004217853304, -0.00434637023136, 0.00365542108193, -0.00139598490205, 0.00091277260799, -0.00326276407577, 0.00385690853, -0.00241168704815], [0.000570927571971, -0.00234556314535, 0.00346591719426, -0.00198710127734, 0.000526069896296, -0.00181228981819, 0.00207455130294, -0.00253614620306, 0.00167968124151, -0.00210809707642, 0.00245554908179, -0.0024716691114, 0.00130493636243], [-0.000645967316814, 0.00202362076379, -0.00198710127734, 0.00415785145015, -0.002660414204, 0.000738772156183, -0.00108307856135, 0.001882177894, -0.002070766408, 0.00189809687436, -0.00246693263762, 0.00137199740857, -0.000904411135707], [0.000259999273112, -0.00379099603742, 0.000526069896296, -0.002660414204, 0.00879203435034, -0.00337516702712, 8.03765396995e-06, -0.000139888565172, 0.00126744317822, -0.00419093109667, 0.00315665872768, -0.00260728155263, -0.000767265504692], [-0.000967414176557, 0.004217853304, -0.00181228981819, 0.000738772156183, -0.00337516702712, 0.0109048206359, -0.0040482818149, -0.00114158785436, 0.00156841392163, 0.00132405629847, -0.00453457189724, 0.00397743703797, -0.00141814420931], [0.000611585914157, -0.00434637023136, 0.00207455130294, -0.00108307856135, 8.03765396995e-06, -0.0040482818149, 0.0103932004422, -0.00564358243719, -0.00044460609206, 0.00454022921622, 0.00106170412619, -0.00531661557034, 0.0040275529027], [-0.000761659874115, 0.00365542108193, -0.00253614620306, 0.001882177894, -0.000139888565172, -0.00114158785436, -0.00564358243719, 0.014545366168, -0.00384681439027, -0.00564815243706, 0.00290790386498, 0.00261844461784, -0.00487321335822], [0.000283740431769, -0.00139598490205, 0.00167968124151, -0.002070766408, 0.00126744317822, 0.00156841392163, -0.00044460609206, -0.00384681439027, 0.0110254203901, -0.00183002790436, -0.00240328558721, 0.00396601716056, -0.00157396041322], [-0.000175153676537, 0.00091277260799, -0.00210809707642, 0.00189809687436, -0.00419093109667, 0.00132405629847, 0.00454022921622, -0.00564815243706, -0.00183002790436, 0.0178809184581, -0.00470801210031, -0.00392915215343, 0.00629418622702], [0.000579517043661, -0.00326276407577, 0.00245554908179, -0.00246693263762, 0.00315665872768, -0.00453457189724, 0.00106170412619, 0.00290790386498, -0.00240328558721, -0.00470801210031, 0.0155508639291, -0.00434230780229, -0.0023607572075], [-0.000863534573, 0.00385690853, -0.0024716691114, 0.00137199740857, -0.00260728155263, 0.00397743703797, -0.00531661557034, 0.00261844461784, 0.00396601716056, -0.00392915215343, -0.00434230780229, 0.0176987554878, -0.00477258721367], [0.000294786383165, -0.00241168704815, 0.00130493636243, -0.000904411135707, -0.000767265504692, -0.00141814420931, 0.0040275529027, -0.00487321335822, -0.00157396041322, 0.00629418622702, -0.0023607572075, -0.00477258721367, 0.0182182565331]]
    },
    "melbands": {
        "dmean": [0.00167090527248, 0.00166457728483, 0.000553167366888, 0.000534402090125, 0.000172364714672, 0.000129614898469, 9.1434631031e-05, 9.92449786281e-05, 9.82226119959e-05, 0.000143807235872, 0.0001609101746, 0.000129551321152, 0.000108821230242, 6.49849898764e-05, 5.43430724065e-05, 4.07576335419e-05, 3.3817737858e-05, 3.36889861501e-05, 2.9677641578e-05, 3.25226246787e-05, 3.44321633747e-05, 2.19197099796e-05, 1.57621434482e-05, 1.39649109769e-05, 1.29804548124e-05, 1.30991174956e-05, 1.04761538751e-05, 7.64104788686e-06, 6.96727920513e-06, 6.71881252856e-06, 6.97202540323e-06, 6.15066710452e-06, 5.36248444405e-06, 4.38044571638e-06, 4.4815592446e-06, 4.17387400375e-06, 2.66410734184e-06, 1.38726875321e-06, 8.24974449642e-07, 5.30912188879e-07],
        "dmean2": [0.00255817500874, 0.00286630098708, 0.00093004014343, 0.000908014655579, 0.000289482093649, 0.000213561273995, 0.000150702573592, 0.000165078803548, 0.000157634916832, 0.000227198470384, 0.00025611143792, 0.000197422865313, 0.00017281367036, 0.000104706668935, 8.95479897736e-05, 6.5580206865e-05, 5.36620245839e-05, 5.48556490685e-05, 4.72109823022e-05, 5.18386623298e-05, 5.60475527891e-05, 3.5610220948e-05, 2.63984748017e-05, 2.33483806369e-05, 2.1709860448e-05, 2.19731446123e-05, 1.7260259483e-05, 1.27053863253e-05, 1.16847568279e-05, 1.12975276352e-05, 1.20301610878e-05, 1.05811295725e-05, 9.22929120861e-06, 7.01185899743e-06, 7.09716505298e-06, 6.41768247078e-06, 4.09920903621e-06, 2.08608548746e-06, 1.25295719045e-06, 8.01343389867e-07],
        "dvar": [6.31388866168e-06, 7.64991818869e-06, 7.18940896149e-07, 1.10180542379e-06, 1.05329988287e-07, 1.06156505808e-07, 8.23182944032e-08, 1.53539929215e-07, 7.05450275973e-08, 1.60252682235e-07, 3.86304094491e-07, 1.12724436008e-07, 6.97566946428e-08, 2.65690758283e-08, 8.94839136123e-09, 1.04388977462e-08, 6.29817620279e-09, 5.18840881369e-09, 6.33413721474e-09, 4.84608575491e-09, 3.75197650726e-09, 1.79182158e-09, 5.506670675e-10, 3.19999249321e-10, 2.55254789527e-10, 2.42999648181e-10, 2.54525650556e-10, 1.46953407776e-10, 9.4362559433e-11, 9.38827557362e-11, 1.23162674504e-10, 1.04710677629e-10, 9.60060295152e-11, 8.88581846992e-11, 1.34698224796e-10, 1.14288592479e-10, 4.82495328413e-11, 1.17092785121e-11, 4.26342815218e-12, 3.28931239885e-12],
        "dvar2": [1.37103716042e-05, 2.07107714232e-05, 1.9953051833e-06, 2.95939162243e-06, 2.50987710615e-07, 2.58388524799e-07, 2.00050180865e-07, 4.03577956831e-07, 1.60203100563e-07, 3.84830883604e-07, 1.09880966193e-06, 2.49390978979e-07, 1.63872357462e-07, 6.3557536123e-08, 2.33101715708e-08, 2.57530423653e-08, 1.51225236777e-08, 1.28273347499e-08, 1.33503545996e-08, 1.01273016639e-08, 8.76972006125e-09, 4.20211510033e-09, 1.39601807891e-09, 8.25780444025e-10, 6.7320199415e-10, 6.55834386798e-10, 5.84750248223e-10, 3.5933453435e-10, 2.49256060236e-10, 2.47407067056e-10, 3.35193456324e-10, 2.79405526493e-10, 2.53106674508e-10, 1.94955884769e-10, 2.99522157077e-10, 2.37486613708e-10, 1.04801771428e-10, 2.48063809077e-11, 8.33708102554e-12, 7.38857933169e-12],
        "max": [0.0396920964122, 0.0567990317941, 0.0190155804157, 0.0124732647091, 0.00939806457609, 0.00981675181538, 0.00936002936214, 0.0108929825947, 0.00745913712308, 0.0147207155824, 0.0244417469949, 0.0104659758508, 0.00730014359578, 0.00492243515328, 0.00200206553563, 0.00334228761494, 0.00219290656969, 0.00197168136947, 0.00448744697496, 0.00183840631507, 0.00133275333792, 0.00134574994445, 0.000604531203862, 0.000494636653457, 0.000532814767212, 0.000201605493203, 0.00082580151502, 0.000324118911522, 0.00018301793898, 0.000142739896546, 0.000167623409652, 0.000238704902586, 0.000188430203707, 0.000237376560108, 0.000296944956062, 0.000246250245254, 0.000166161320521, 9.34349227464e-05, 5.89632400079e-05, 6.8585970439e-05],
        "mean": [0.00251417187974, 0.00220183096826, 0.000898738391697, 0.000708384322934, 0.000257422419963, 0.000182170202606, 0.000126144674141, 0.000135712340125, 0.000147803933942, 0.000270648917649, 0.00035297794966, 0.000305685447529, 0.000240218985709, 0.000120173033793, 9.77674499154e-05, 6.70257286401e-05, 5.78634026169e-05, 5.51958619326e-05, 5.1095175877e-05, 6.19699203526e-05, 6.23801533948e-05, 4.26768347097e-05, 3.06389229081e-05, 2.74923131656e-05, 2.696249976e-05, 2.86037993646e-05, 2.12577760976e-05, 1.49910420078e-05, 1.43920115079e-05, 1.3127805687e-05, 1.13424584924e-05, 9.70396013145e-06, 8.73078897712e-06, 7.93028266344e-06, 8.05616127764e-06, 7.9397823356e-06, 4.99788529851e-06, 2.63164861281e-06, 1.48094113683e-06, 8.24706830826e-07],
        "median": [0.00109409017023, 0.00131661549676, 0.000648690504022, 0.000383449951187, 0.000146919424878, 7.77552995714e-05, 5.24153110746e-05, 3.96170071326e-05, 5.51019729755e-05, 7.10570748197e-05, 5.95825040364e-05, 6.13435986452e-05, 5.92512005824e-05, 3.49465408362e-05, 4.60771298094e-05, 3.11479998345e-05, 2.45720075327e-05, 2.83529316221e-05, 2.18589757424e-05, 3.23589447362e-05, 4.07554034609e-05, 2.95451973216e-05, 2.47964671871e-05, 2.31529902521e-05, 2.40862173086e-05, 2.53343769145e-05, 1.70885359694e-05, 1.18575035231e-05, 1.20965360111e-05, 1.07080459202e-05, 7.97712255007e-06, 6.09467952017e-06, 5.33759111931e-06, 4.7918601922e-06, 4.47478896604e-06, 4.26273027188e-06, 2.31176363741e-06, 1.20944991977e-06, 6.50208221487e-07, 2.67307854074e-07],
        "min": [7.07804816121e-24, 8.04419056652e-24, 1.19616777662e-23, 9.17404843094e-24, 6.50479161885e-24, 1.08799333172e-23, 9.23689382381e-24, 6.02662870875e-24, 2.88192404858e-24, 2.39252835084e-24, 5.94403615527e-24, 3.30489982748e-24, 1.58760418655e-23, 1.78826152853e-23, 7.39106027979e-24, 6.57328998898e-24, 4.93053330222e-24, 3.98016456513e-24, 7.40238674467e-24, 1.59458323897e-23, 1.10306530818e-23, 1.14996032798e-23, 1.330235003e-23, 1.00286979691e-23, 1.39045979995e-23, 1.72521087404e-23, 1.06537960835e-23, 1.57509711244e-23, 9.01155412851e-24, 1.25181962578e-23, 1.63013167795e-23, 8.87620689642e-24, 8.4733159106e-24, 8.27790559805e-24, 9.65753654658e-24, 1.14571759737e-23, 1.31513912406e-23, 1.13889615935e-23, 1.33181319813e-23, 1.09710641067e-23],
        "var": [1.13867790787e-05, 8.49219941301e-06, 1.09103484647e-06, 1.19112110042e-06, 1.67556493125e-07, 1.60925580417e-07, 1.3262612697e-07, 2.42989841581e-07, 1.5596015146e-07, 5.41184874692e-07, 1.07179096176e-06, 6.20063758561e-07, 4.30943487117e-07, 8.28253163832e-08, 2.33230039726e-08, 1.614901457e-08, 1.57129225187e-08, 8.55869242145e-09, 1.48272496503e-08, 1.5531027131e-08, 8.75683436874e-09, 4.5770596202e-09, 1.11769349331e-09, 7.20184467617e-10, 5.53428580741e-10, 5.7322674385e-10, 6.35894337186e-10, 2.69819083742e-10, 1.82363762979e-10, 1.6419415827e-10, 1.64829802585e-10, 1.44186496076e-10, 1.42946807169e-10, 1.87974122379e-10, 2.78508605067e-10, 2.73234268544e-10, 1.16310683307e-10, 2.97904548252e-11, 1.14362182918e-11, 6.27323193392e-12]
    },
    "mfcc": {
        "mean": [-602.50579834, 96.0785140991, -8.52865886688, 28.9682502747, -0.250055700541, 15.5147094727, 2.8058283329, 16.4086647034, -0.0560876876116, 5.24811935425, -7.5874505043, 0.600533723831, -4.33999490738],
        "cov": [[5013.35351562, -2031.34753418, -79.9206085205, -77.8120956421, 173.78604126, 228.924835205, 89.1747436523, 347.00994873, 82.2283935547, 119.699501038, 12.7380399704, 52.2831115723, 74.4805374146], [-2031.34753418, 1668.84667969, 16.690788269, 217.731445312, -12.9013223648, -13.6776065826, 76.4261550903, -124.483055115, -5.31349945068, -46.1347007751, 10.2592840195, -3.05729699135, -19.5308151245], [-79.9206085205, 16.690788269, 548.902954102, 224.844100952, 214.747070312, 85.0277328491, 111.174041748, 20.0095176697, 56.6084938049, -2.75007152557, 57.4352874756, 15.9895811081, 56.1998138428], [-77.8120956421, 217.731445312, 224.844100952, 466.120635986, 197.257797241, 144.58555603, 104.692405701, 46.2877197266, 44.5960617065, 4.44673299789, 15.1879606247, 45.5492362976, 48.1237182617], [173.78604126, -12.9013223648, 214.747070312, 197.257797241, 294.621063232, 105.045509338, 88.5963897705, -3.24070715904, 41.8157730103, 17.5428905487, 20.0115070343, 27.0355243683, 52.9968223572], [228.924835205, -13.6776065826, 85.0277328491, 144.58555603, 105.045509338, 184.048568726, 103.762702942, 71.9206695557, 8.42897987366, 2.2707157135, 13.706161499, 26.1430854797, 25.6613063812], [89.1747436523, 76.4261550903, 111.174041748, 104.692405701, 88.5963897705, 103.762702942, 213.133331299, 79.7282333374, 41.0658340454, -8.50845432281, 22.0192527771, 19.6604328156, 34.5497398376], [347.00994873, -124.483055115, 20.0095176697, 46.2877197266, -3.24070715904, 71.9206695557, 79.7282333374, 164.601913452, 58.1657981873, 33.2503852844, 6.80871486664, 11.4104537964, 8.11930084229], [82.2283935547, -5.31349945068, 56.6084938049, 44.5960617065, 41.8157730103, 8.42897987366, 41.0658340454, 58.1657981873, 120.248893738, 49.5181427002, 24.9455795288, -11.630490303, 4.10377979279], [119.699501038, -46.1347007751, -2.75007152557, 4.44673299789, 17.5428905487, 2.2707157135, -8.50845432281, 33.2503852844, 49.5181427002, 111.999847412, 26.3047409058, 7.22156047821, -13.5856027603], [12.7380399704, 10.2592840195, 57.4352874756, 15.1879606247, 20.0115070343, 13.706161499, 22.0192527771, 6.80871486664, 24.9455795288, 26.3047409058, 83.0757446289, 23.9203834534, 10.4130907059], [52.2831115723, -3.05729699135, 15.9895811081, 45.5492362976, 27.0355243683, 26.1430854797, 19.6604328156, 11.4104537964, -11.630490303, 7.22156047821, 23.9203834534, 88.6755981445, 36.4507713318], [74.4805374146, -19.5308151245, 56.1998138428, 48.1237182617, 52.9968223572, 25.6613063812, 34.5497398376, 8.11930084229, 4.10377979279, -13.5856027603, 10.4130907059, 36.4507713318, 82.7886962891]],
