{
"lowlevel": {
    "average_loudness": 0.882130503654,
    "barkbands_crest": {
        "dmean": 2.75655865669,
        "dmean2": 4.32515764236,
        "dvar": 6.23789215088,
        "dvar2": 14.9462919235,
        "max": 26.4831295013,
        "mean": 13.1568536758,
        "median": 12.6512908936,
        "min": 1.99186873436,
        "var": 27.6552238464
    },
    "barkbands_flatness_db": {
        "dmean": 0.022937361151,
        "dmean2": 0.03570131585,
        "dvar": 0.000463705509901,
        "dvar2": 0.00106045312714,
        "max": 0.438228309155,
        "mean": 0.168733552098,
        "median": 0.161382809281,
        "min": 0.0357859134674,
        "var": 0.00366781908087
    },
    "barkbands_kurtosis": {
        "dmean": 3.47451353073,
        "dmean2": 5.64343166351,
        "dvar": 66.4831924438,
        "dvar2": 175.735839844,
        "max": 202.788360596,
        "mean": 5.57237195969,
        "median": 1.87394762039,
        "min": -1.90607202053,
        "var": 147.78918457
    },
    "barkbands_skewness": {
        "dmean": 0.5483071208,
        "dmean2": 0.872390508652,
        "dvar": 0.414230376482,
        "dvar2": 0.972287237644,
        "max": 12.8009414673,
        "mean": 1.60718178749,
        "median": 1.26720011234,
        "min": -2.19762301445,
        "var": 2.00471496582
    },
    "barkbands_spread": {
        "dmean": 5.47619247437,
        "dmean2": 8.56565856934,
        "dvar": 50.4145889282,
        "dvar2": 115.81892395,
        "max": 118.169471741,
        "mean": 22.0268707275,
        "median": 19.5986022949,
        "min": 0.250546365976,
        "var": 212.320739746
    },
    "dissonance": {
        "dmean": 0.0229918397963,
        "dmean2": 0.0393882654607,
        "dvar": 0.000518106040545,
        "dvar2": 0.00145202653948,
        "max": 0.500000119209,
        "mean": 0.46308144927,
        "median": 0.473001629114,
        "min": 0.213695511222,
        "var": 0.00108818314038
    },
    "dynamic_complexity": 3.2195212841,
    "erbbands_crest": {
        "dmean": 3.12974476814,
        "dmean2": 5.04320049286,
        "dvar": 8.60472583771,
        "dvar2": 20.4312553406,
        "max": 32.9048347473,
        "mean": 11.8485155106,
        "median": 10.0944395065,
        "min": 2.20866894722,
        "var": 45.1804885864
    },
    "erbbands_flatness_db": {
        "dmean": 0.018287204206,
        "dmean2": 0.0274196732789,
        "dvar": 0.000268567819148,
        "dvar2": 0.00056170753669,
        "max": 0.418828547001,
        "mean": 0.184569269419,
        "median": 0.173773914576,
        "min": 0.0478320792317,
        "var": 0.00479551125318
    },
    "erbbands_kurtosis": {
        "dmean": 1.54316794872,
        "dmean2": 2.48326158524,
        "dvar": 7.36964607239,
        "dvar2": 19.3987426758,
        "max": 77.8026657104,
        "mean": 1.99348020554,
        "median": 0.574072122574,
        "min": -1.89801812172,
        "var": 20.8453025818
    },
    "erbbands_skewness": {
        "dmean": 0.41123136878,
        "dmean2": 0.643454253674,
        "dvar": 0.147985517979,
        "dvar2": 0.360961437225,
        "max": 6.6931180954,
        "mean": 0.780583024025,
        "median": 0.663511693478,
        "min": -3.75201678276,
        "var": 1.00389099121
    },
    "erbbands_spread": {
        "dmean": 7.32107639313,
        "dmean2": 11.3801202774,
        "dvar": 72.1516799927,
        "dvar2": 164.602828979,
        "max": 161.848999023,
        "mean": 33.2713890076,
        "median": 28.9471359253,
        "min": 1.70083463192,
        "var": 408.919677734
    },
    "hfc": {
        "dmean": 6.2440366745,
        "dmean2": 9.46346759796,
        "dvar": 69.3224716187,
        "dvar2": 154.176040649,
        "max": 102.075935364,
        "mean": 25.0684661865,
        "median": 19.0404682159,
        "min": 1.17404933948e-16,
        "var": 432.932525635
    },
    "melbands_crest": {
        "dmean": 3.55989551544,
        "dmean2": 5.59944343567,
        "dvar": 10.3242635727,
        "dvar2": 26.5798282623,
        "max": 39.4686012268,
        "mean": 18.0272045135,
        "median": 16.8670444489,
        "min": 2.41714406013,
        "var": 53.7887802124
    },
    "melbands_flatness_db": {
        "dmean": 0.0249065402895,
        "dmean2": 0.0387048535049,
        "dvar": 0.000664641382173,
        "dvar2": 0.00153580028564,
        "max": 0.524904847145,
        "mean": 0.200599789619,
        "median": 0.194070994854,
        "min": 0.00639519654214,
        "var": 0.00472597917542
    },
    "melbands_kurtosis": {
        "dmean": 8.9473400116,
        "dmean2": 14.6589994431,
        "dvar": 382.970336914,
        "dvar2": 950.487182617,
        "max": 457.497589111,
        "mean": 16.7087459564,
        "median": 6.45273590088,
        "min": -1.82529950142,
        "var": 952.927856445
    },
    "melbands_skewness": {
        "dmean": 0.800236105919,
        "dmean2": 1.26936066151,
        "dvar": 1.01352310181,
        "dvar2": 2.39499330521,
        "max": 17.8542518616,
        "mean": 2.61926937103,
        "median": 2.04802942276,
        "min": -2.1288728714,
        "var": 5.06543445587
    },
    "melbands_spread": {
        "dmean": 6.34603309631,
        "dmean2": 10.1419868469,
        "dvar": 64.8461151123,
        "dvar2": 158.826385498,
        "max": 131.992431641,
        "mean": 23.1523361206,
        "median": 19.960319519,
        "min": 0.404463768005,
        "var": 255.13973999
    },
    "pitch_salience": {
        "dmean": 0.0734223127365,
        "dmean2": 0.119263954461,
        "dvar": 0.00503092166036,
        "dvar2": 0.0125390551984,
        "max": 0.880972087383,
        "mean": 0.48862439394,
        "median": 0.496361553669,
        "min": 0.0235501825809,
        "var": 0.0227580424398
    },
    "silence_rate_20dB": {
        "dmean": 0,
        "dmean2": 0,
        "dvar": 0,
        "dvar2": 0,
        "max": 1,
        "mean": 1,
        "median": 1,
        "min": 1,
        "var": 0
    },
    "silence_rate_30dB": {
        "dmean": 0,
        "dmean2": 0,
        "dvar": 0,
        "dvar2": 0,
        "max": 1,
        "mean": 1,
        "median": 1,
        "min": 1,
        "var": 0
    },
    "silence_rate_60dB": {
        "dmean": 0.0156551059335,
        "dmean2": 0.0313139818609,
        "dvar": 0.0154091548175,
        "dvar2": 0.0358721390367,
        "max": 1,
        "mean": 0.0422636978328,
        "median": 0,
        "min": 0,
        "var": 0.0404800362885
    },
    "spectral_centroid": {
        "dmean": 232.032958984,
        "dmean2": 367.9269104,
        "dvar": 67846.1875,
        "dvar2": 155033.828125,
        "max": 11823.2373047,
        "mean": 1505.1776123,
        "median": 1464.62304688,
        "min": 211.181716919,
        "var": 405760.4375
    },
    "spectral_complexity": {
        "dmean": 3.57755303383,
        "dmean2": 5.73286771774,
        "dvar": 15.3524341583,
        "dvar2": 35.0682754517,
        "max": 56,
        "mean": 17.9348583221,
        "median": 17,
        "min": 0,
        "var": 79.5968399048
    },
    "spectral_decrease": {
        "dmean": 1.95591454144e-09,
        "dmean2": 3.11442027723e-09,
        "dvar": 6.39082388236e-18,
        "dvar2": 1.66319385969e-17,
        "max": 5.77014088202e-29,
        "mean": -7.48904405157e-09,
        "median": -6.0753686526e-09,
        "min": -2.86616277378e-08,
        "var": 3.20058215088e-17
    },
    "spectral_energy": {
        "dmean": 0.00769326742738,
        "dmean2": 0.0122045464814,
        "dvar": 9.4771530712e-05,
        "dvar2": 0.000243198519456,
        "max": 0.110657051206,
        "mean": 0.0305391978472,
        "median": 0.0253895781934,
        "min": 1.04311974653e-20,
        "var": 0.000508803292178
    },
    "spectral_energyband_high": {
        "dmean": 0.000418059527874,
        "dmean2": 0.000632027164102,
        "dvar": 5.95756375787e-07,
        "dvar2": 1.36678568197e-06,
        "max": 0.0105998273939,
        "mean": 0.00109341344796,
        "median": 0.0005583371385,
        "min": 7.44402370677e-21,
        "var": 1.78457855782e-06
    },
    "spectral_energyband_low": {
        "dmean": 0.00492829596624,
        "dmean2": 0.00803723651916,
        "dvar": 9.11759925657e-05,
        "dvar2": 0.000250487471931,
        "max": 0.105876281857,
        "mean": 0.0133279785514,
        "median": 0.00432068388909,
        "min": 9.78864806893e-23,
        "var": 0.000322356499964
    },
    "spectral_energyband_middle_high": {
        "dmean": 0.00337721663527,
        "dmean2": 0.00519915483892,
        "dvar": 3.23838976328e-05,
        "dvar2": 7.56496519898e-05,
        "max": 0.0909032151103,
        "mean": 0.0106494538486,
        "median": 0.00457036402076,
        "min": 1.46397660023e-21,
        "var": 0.000193804400624
    },
    "spectral_energyband_middle_low": {
        "dmean": 0.00254753325135,
        "dmean2": 0.0041126026772,
        "dvar": 1.29060317704e-05,
        "dvar2": 3.23187559843e-05,
        "max": 0.0571197643876,
        "mean": 0.00592560134828,
        "median": 0.00375028001145,
        "min": 4.61265777727e-22,
        "var": 4.12015615439e-05
    },
    "spectral_entropy": {
        "dmean": 0.148823320866,
        "dmean2": 0.222217202187,
        "dvar": 0.019960289821,
        "dvar2": 0.0423065163195,
        "max": 9.80829238892,
        "mean": 7.65625619888,
        "median": 7.71390962601,
        "min": 4.6542840004,
        "var": 0.259605109692
    },
    "spectral_flux": {
        "dmean": 0.0228025056422,
        "dmean2": 0.0356634221971,
        "dvar": 0.00064583751373,
        "dvar2": 0.00135818193667,
        "max": 0.287628680468,
        "mean": 0.0829408913851,
        "median": 0.0751536116004,
        "min": 1.02133232427e-10,
        "var": 0.00195022707339
    },
    "spectral_kurtosis": {
        "dmean": 1.31116902828,
        "dmean2": 2.21860980988,
        "dvar": 4.56007480621,
        "dvar2": 13.4630203247,
        "max": 62.3980484009,
        "mean": 3.5820877552,
        "median": 2.60027313232,
        "min": -1.33970558643,
        "var": 17.8476352692
    },
    "spectral_rms": {
        "dmean": 0.000669994857162,
        "dmean2": 0.00104208756238,
        "dvar": 5.01845192957e-07,
        "dvar2": 1.18880154787e-06,
        "max": 0.0103902881965,
        "mean": 0.00503135239705,
        "median": 0.00497697899118,
        "min": 3.19010638218e-12,
        "var": 4.47982620244e-06
    },
    "spectral_rolloff": {
        "dmean": 469.537536621,
        "dmean2": 791.883239746,
        "dvar": 786999.75,
        "dvar2": 1817364.125,
        "max": 18776.953125,
        "mean": 1413.1151123,
        "median": 1055.12695312,
        "min": 21.533203125,
        "var": 1615136.5
    },
    "spectral_skewness": {
        "dmean": 0.182424470782,
        "dmean2": 0.298622041941,
        "dvar": 0.035595446825,
        "dvar2": 0.093601077795,
        "max": 6.53029966354,
        "mean": 1.45329499245,
        "median": 1.34817624092,
        "min": -0.0470262356102,
        "var": 0.281298696995
    },
    "spectral_spread": {
        "dmean": 503979.3125,
        "dmean2": 734764.75,
        "dvar": 550035259392,
        "dvar2": 947889176576,
        "max": 40966848,
        "mean": 4989439,
        "median": 4950017.5,
        "min": 1285938.25,
        "var": 3.036643328e+12
    },
    "spectral_strongpeak": {
        "dmean": 0.69470000267,
        "dmean2": 1.16054368019,
        "dvar": 1.55413997173,
        "dvar2": 3.8438270092,
        "max": 13.9597949982,
        "mean": 1.53527271748,
        "median": 0.563845813274,
        "min": 0,
        "var": 4.33900785446
    },
    "zerocrossingrate": {
        "dmean": 0.00961274281144,
        "dmean2": 0.0116205997765,
        "dvar": 0.000145394791616,
        "dvar2": 0.000169166130945,
        "max": 0.50390625,
        "mean": 0.0622043870389,
        "median": 0.05859375,
        "min": 0,
        "var": 0.00102649105247
    },
    "barkbands": {
        "dmean": [0.000269744166872, 0.00362966465764, 0.00184935203288, 0.000457314861706, 0.000675629242323, 0.000567500828765, 0.000479169248138, 0.000590034236666, 0.00069110665936, 0.00194671249483, 0.00144500692841, 0.000376434123609, 0.000291737960652, 0.000353395065758, 0.000321608386002, 0.000246835814323, 0.00015542381152, 0.000194806460058, 0.000151738655404, 0.000136154500069, 0.000113936250273, 8.1714373664e-05, 8.73845492606e-05, 9.95916125248e-05, 6.96958086337e-05, 2.47378975473e-05, 3.09648697794e-08],
        "dmean2": [0.000337697594659, 0.00552089931443, 0.00328263477422, 0.000820471148472, 0.00112684594933, 0.000903821084648, 0.000757506524678, 0.000905604101717, 0.0011157693807, 0.00310159171931, 0.00228800205514, 0.00057372066658, 0.000464698212454, 0.000559817475732, 0.000510126526933, 0.000394573260564, 0.000253299745964, 0.000315719546052, 0.000241697460297, 0.000215548032429, 0.000177115027327, 0.000133556677611, 0.000139846641105, 0.000155713714776, 0.000107140738692, 3.81048048439e-05, 5.45305667288e-08],
        "dvar": [3.05523428779e-07, 4.46408012067e-05, 3.85527018807e-05, 1.77826291292e-06, 1.91006188288e-06, 1.46597301409e-06, 1.14375586691e-06, 3.27860811922e-06, 4.01849547416e-06, 2.24530231208e-05, 1.61489188031e-05, 1.0980057823e-06, 6.71871191571e-07, 7.51722438963e-07, 4.71275683367e-07, 3.99938954843e-07, 1.44176581784e-07, 1.24007470959e-07, 1.10267656339e-07, 7.33695415533e-08, 7.16109909149e-08, 2.75748757161e-08, 2.66809490057e-08, 3.16171728798e-08, 2.32882904072e-08, 3.94475563326e-09, 1.29153262927e-14],
        "dvar2": [4.83881308355e-07, 0.000103997903352, 0.000108489155537, 5.06084415974e-06, 5.00485430166e-06, 3.67014990843e-06, 2.58049544755e-06, 6.80615994497e-06, 1.01661271401e-05, 5.38679742021e-05, 3.75197851099e-05, 1.96060159396e-06, 1.34654624162e-06, 1.66351401276e-06, 1.0691389889e-06, 8.36365302348e-07, 3.28445366904e-07, 2.9500043297e-07, 2.55624655665e-07, 1.77640274046e-07, 1.51110768343e-07, 7.04325415768e-08, 6.55160192764e-08, 7.45987378536e-08, 5.14901437043e-08, 9.34227006866e-09, 3.62345617649e-14],
        "max": [0.00868925638497, 0.0877610370517, 0.0653097331524, 0.0203504841775, 0.0265784617513, 0.0283721014857, 0.0283986311406, 0.0426672920585, 0.0485603362322, 0.0800583511591, 0.0819011852145, 0.033562451601, 0.0310039706528, 0.0180762596428, 0.0140908621252, 0.0179003663361, 0.0122109567747, 0.00940953288227, 0.00785251986235, 0.00916461274028, 0.00932437740266, 0.001947274548, 0.00264907022938, 0.00320569030009, 0.00554952956736, 0.00192383350804, 3.0698372484e-06],
        "mean": [0.000636981450953, 0.0103732589632, 0.00205890717916, 0.000426291167969, 0.0011699401075, 0.00100679893512, 0.000815955572762, 0.000925973756239, 0.00119569175877, 0.00395626015961, 0.0029633268714, 0.000716580601875, 0.000492604216561, 0.000565923633985, 0.00056326581398, 0.000455619301647, 0.000277592771454, 0.00039122113958, 0.000296738435281, 0.000294769852189, 0.000235111787333, 0.000150812935317, 0.00018227120745, 0.000218847359065, 0.000131418812089, 3.69911649614e-05, 2.4216253891e-08],
        "median": [2.0495879653e-05, 0.00225647422485, 0.000226369447773, 0.000108779153379, 0.000366857129848, 0.000267578143394, 0.000242021851591, 0.00018397065287, 0.000208724959521, 0.000430896092439, 0.000356089236448, 0.00017464812845, 0.000172616608324, 0.000205304837436, 0.000229542099987, 0.000178363115992, 0.000125763268443, 0.00018308837025, 0.000128622210468, 0.000118866235425, 8.65952897584e-05, 6.888002099e-05, 8.93781980267e-05, 0.000112541871204, 4.34760913777e-05, 4.19853267886e-06, 9.02399321934e-10],
        "min": [4.21583439399e-24, 1.69712726804e-23, 5.87269583485e-23, 2.75683851636e-23, 2.57780464066e-23, 1.01773154193e-22, 6.06760758731e-23, 6.72674252548e-23, 1.45360824163e-22, 7.11415842692e-23, 9.95372131542e-23, 1.29699398218e-22, 5.78906711256e-23, 6.83864654696e-23, 6.96818066304e-23, 2.03287662983e-22, 1.41402862877e-22, 1.9628474909e-22, 3.37006402177e-22, 2.53688200788e-22, 4.45248190549e-22, 3.83138811209e-22, 5.8459601397e-22, 6.11371694898e-22, 1.09945844048e-21, 1.92398979306e-21, 2.43675412724e-21],
        "var": [1.63858055657e-06, 0.000235029277974, 3.3791486203e-05, 1.22787344026e-06, 4.44456418336e-06, 4.00718727178e-06, 3.04874879475e-06, 8.0067975432e-06, 1.04754217318e-05, 8.53734381963e-05, 7.84816365922e-05, 5.16368800163e-06, 1.88504782273e-06, 1.71828753537e-06, 1.05599974631e-06, 1.34944195906e-06, 3.70840041342e-07, 4.24109913411e-07, 2.82223481918e-07, 2.28220713439e-07, 1.85620251614e-07, 4.60089921717e-08, 5.68888474106e-08, 7.92785428416e-08, 5.38068931633e-08, 6.53305320952e-09, 1.00218032996e-14]
    },
    "erbbands": {
        "dmean": [0.146360442042, 0.774265050888, 2.07038068771, 1.83368945122, 1.25278973579, 2.76257133484, 4.31492328644, 4.79864835739, 5.92709445953, 8.81175899506, 13.3226795197, 14.1797933578, 30.9675979614, 75.9350280762, 43.9761352539, 14.6565160751, 12.1839237213, 14.469997406, 20.0783977509, 10.9219026566, 13.467795372, 8.00687789917, 8.63823127747, 8.7800245285, 6.98016691208, 6.9847779274, 5.75989055634, 3.26634907722, 2.87797999382, 2.91622614861, 2.44239187241, 2.29448509216, 1.59526145458, 0.925433695316, 0.441549062729, 0.172480627894, 0.0342258140445, 0.000979380100034, 3.21552324749e-05, 1.01346004158e-05],
        "dmean2": [0.169212535024, 1.25993037224, 3.57462239265, 3.27297067642, 2.17617177963, 4.55589437485, 7.05293989182, 7.5902428627, 9.46935367584, 13.7004756927, 20.2456512451, 22.3453865051, 49.7027587891, 117.149971008, 66.3655929565, 22.179101944, 19.2568206787, 22.8922557831, 31.2750873566, 17.3801326752, 21.0686130524, 12.9283304214, 13.8826656342, 14.2073698044, 11.0101518631, 10.9577655792, 8.93571472168, 5.24440717697, 4.69029903412, 4.7551202774, 3.8971452713, 3.65132570267, 2.48697662354, 1.43649327755, 0.676538169384, 0.264331221581, 0.0539655163884, 0.00151614949573, 4.85423079226e-05, 1.56756977958e-05],
        "dvar": [0.0728150010109, 2.43763232231, 42.7698478699, 34.7426338196, 6.17042827606, 39.8414726257, 101.885566711, 130.963592529, 167.614440918, 535.666931152, 1875.5604248, 1717.6418457, 5940.52929688, 35769.3164062, 14728.9257812, 1525.60754395, 1003.74572754, 1582.34899902, 2001.16137695, 644.037780762, 1286.02441406, 258.295654297, 236.305603027, 306.063873291, 226.906600952, 208.216506958, 198.796447754, 44.7366027832, 33.3695716858, 35.8601455688, 19.9716720581, 16.240858078, 8.53899860382, 4.11138677597, 0.944261074066, 0.179068490863, 0.00830442365259, 6.02050567977e-06, 5.6091060685e-09, 1.58391702532e-10],
        "dvar2": [0.106780923903, 6.19986152649, 119.067649841, 98.7472229004, 17.5518894196, 102.3907547, 259.532531738, 325.432006836, 398.535919189, 1220.64794922, 3736.84472656, 4073.59643555, 15387.6865234, 80904.921875, 32161.7363281, 2845.55615234, 2161.75439453, 3471.99584961, 4464.97705078, 1385.3951416, 2602.87915039, 574.516662598, 548.686523438, 768.57623291, 519.361938477, 500.471282959, 421.797790527, 104.339241028, 84.9966659546, 91.2642745972, 49.0403366089, 39.5459671021, 19.8635654449, 9.21121120453, 2.11722302437, 0.420180261135, 0.0201676506549, 1.4047300283e-05, 1.28282540146e-08, 3.69910102549e-10],
        "max": [4.73363828659, 18.4900550842, 70.5089035034, 66.8779220581, 40.8376464844, 128.846084595, 222.776321411, 286.557434082, 429.900024414, 802.308349609, 1189.48168945, 1302.72436523, 1674.46594238, 3599.1862793, 3178.78344727, 1694.91345215, 1235.75976562, 1340.03417969, 924.770507812, 1008.73284912, 1115.41125488, 562.848876953, 454.461425781, 442.863861084, 370.853118896, 431.168762207, 435.660064697, 211.797897339, 78.3601150513, 92.0067367554, 73.5844955444, 49.7611999512, 66.6459960938, 84.561416626, 26.2927494049, 11.2199230194, 2.63818144798, 0.0561886280775, 0.00192787020933, 0.000214567626244],
        "mean": [0.426710009575, 1.80059945583, 2.63311171532, 1.85090243816, 1.69480717182, 4.73924922943, 7.14456510544, 8.45666790009, 10.3401937485, 15.2957210541, 21.7227783203, 24.9190349579, 60.1654701233, 161.297103882, 101.261283875, 31.3968276978, 22.704744339, 25.1372451782, 37.7352676392, 20.5832099915, 26.6949367523, 16.4389820099, 18.150352478, 18.7040042877, 15.2148504257, 15.3925600052, 11.9690656662, 6.69284248352, 5.34444665909, 5.31291818619, 5.21092700958, 4.96371555328, 3.30644154549, 1.77229893208, 0.770154953003, 0.27245759964, 0.0475478842854, 0.00145533075556, 6.8439199822e-05, 4.22982120654e-05],
        "median": [0.041188005358, 0.436578989029, 0.52178299427, 0.437824040651, 0.736244261265, 1.21021556854, 1.71551692486, 2.34742832184, 3.58429956436, 4.22503900528, 4.94537067413, 5.79570484161, 12.6887559891, 21.7923240662, 19.1162376404, 10.2108688354, 9.07518005371, 11.1865549088, 13.7978839874, 11.2908859253, 9.75524616241, 7.90582990646, 9.44979286194, 8.72848796844, 6.49994277954, 5.93536996841, 4.1669459343, 3.04594564438, 2.51069021225, 2.27670836449, 2.59850382805, 2.60725617409, 1.57732641697, 0.674795925617, 0.198877409101, 0.0421387292445, 0.00400897255167, 0.000130012864247, 3.04041495838e-05, 3.67452157661e-05],
        "min": [5.35323736586e-22, 4.50490397194e-21, 5.33176712162e-20, 9.41187620583e-20, 5.64051228526e-20, 1.38499438227e-19, 3.62243198999e-19, 8.28138797895e-19, 7.97658071202e-19, 1.70917145326e-18, 1.07925387466e-18, 4.17209014661e-18, 2.57953957919e-18, 3.65687036233e-18, 4.63480215998e-18, 3.62111382599e-18, 2.86469437894e-18, 3.15738975715e-18, 3.2217828727e-18, 5.05310574138e-18, 1.17172069371e-17, 9.01945249501e-18, 1.03718431657e-17, 1.43531321099e-17, 1.66103194044e-17, 1.1652520586e-17, 1.61817008807e-17, 1.84489781243e-17, 1.28197386048e-17, 1.78901133958e-17, 1.47820947407e-17, 9.86278380902e-18, 1.19730249492e-17, 1.09077453604e-17, 8.85690323283e-18, 7.09603175051e-18, 3.28954385412e-18, 1.46259708107e-18, 3.57709034321e-19, 3.47366194124e-20],
        "var": [0.559597909451, 6.87227296829, 42.0698814392, 24.3151187897, 6.97434806824, 95.2992019653, 205.347686768, 357.476715088, 449.268615723, 1523.02453613, 4584.02929688, 4069.0065918, 16894.6738281, 127663.117188, 84882.765625, 9177.87597656, 3065.03393555, 3273.01806641, 5213.09716797, 1207.31115723, 5156.36230469, 949.914367676, 776.230041504, 917.057189941, 688.189880371, 667.275878906, 546.441955566, 94.6741104126, 55.971206665, 61.8090324402, 44.4090690613, 38.2042503357, 20.9951839447, 9.34370517731, 2.02944612503, 0.313682019711, 0.0126150771976, 1.0372133147e-05, 1.15004095136e-08, 9.58136459062e-10]
    },
    "gfcc": {
        "mean": [-11.0837631226, 78.2503662109, -140.389450073, 32.9829521179, -71.7215576172, 31.044128418, -34.9270591736, 15.6140356064, -20.5163497925, -3.83632183075, -6.47381448746, -3.56306433678, 0.53113079071],
        "cov": [[5615.11230469, -1603.1204834, 805.800720215, 810.098266602, 605.585205078, 922.326293945, 167.417495728, 890.946777344, -126.815177917, 827.218139648, -177.062164307, 462.213409424, -161.226516724], [-1603.1204834, 1298.73754883, 106.806114197, -18.7885017395, -42.4682502747, -275.456390381, -35.9087142944, -320.548278809, 114.447509766, -246.890945435, 166.389831543, -187.72543335, 145.044525146], [805.800720215, 106.806114197, 2076.23022461, 743.040344238, 497.688171387, 480.884338379, -136.730117798, 337.4269104, -146.278045654, 542.802368164, -110.49747467, 250.153930664, -41.6625289917], [810.098266602, -18.7885017395, 743.040344238, 669.559509277, 409.082824707, 297.049987793, 72.4060897827, 242.977630615, 67.7267379761, 260.467010498, 13.0156517029, 139.142593384, 26.1185970306], [605.585205078, -42.4682502747, 497.688171387, 409.082824707, 473.915710449, 338.880645752, 212.486114502, 263.886871338, 70.785446167, 260.115905762, 28.0798416138, 143.326950073, 23.2759037018], [922.326293945, -275.456390381, 480.884338379, 297.049987793, 338.880645752, 497.429656982, 225.861816406, 288.643188477, 11.7465438843, 270.690704346, -9.217628479, 140.440719604, 17.537563324], [167.417495728, -35.9087142944, -136.730117798, 72.4060897827, 212.486114502, 225.861816406, 382.631164551, 129.594741821, 109.699249268, 46.4470481873, 67.622253418, 49.5996856689, 44.2942504883], [890.946777344, -320.548278809, 337.4269104, 242.977630615, 263.886871338, 288.643188477, 129.594741821, 357.79107666, 62.4640617371, 267.104309082, 2.30278635025, 132.791427612, -4.82259321213], [-126.815177917, 114.447509766, -146.278045654, 67.7267379761, 70.785446167, 11.7465438843, 109.699249268, 62.4640617371, 221.658279419, 25.8672847748, 91.2997970581, -11.4750261307, 41.826877594], [827.218139648, -246.890945435, 542.802368164, 260.467010498, 260.115905762, 270.690704346, 46.4470481873, 267.104309082, 25.8672847748, 386.185638428, 12.2660989761, 155.55430603, -44.6142501831], [-177.062164307, 166.389831543, -110.49747467, 13.0156517029, 28.0798416138, -9.217628479, 67.622253418, 2.30278635025, 91.2997970581, 12.2660989761, 179.659317017, 6.32227420807, 64.680809021], [462.213409424, -187.72543335, 250.153930664, 139.142593384, 143.326950073, 140.440719604, 49.5996856689, 132.791427612, -11.4750261307, 155.55430603, 6.32227420807, 182.445098877, 11.0344343185], [-161.226516724, 145.044525146, -41.6625289917, 26.1185970306, 23.2759037018, 17.537563324, 44.2942504883, -4.82259321213, 41.826877594, -44.6142501831, 64.680809021, 11.0344343185, 148.04057312]],
        "icov": [[0.000534349819645, 1.21957164083e-05, 0.000507621909492, -0.000767401710618, 0.000514960614964, -0.000620288716163, 0.000276459933957, -0.0007913254085, 0.000720678421203, -0.000631821574643, 0.000278504478047, -0.000318366655847, 0.000240286753979], [1.21957164083e-05, 0.00293278926983, -0.00167576619424, 0.000842023757286, -0.00184653513134, 0.00165670039132, -0.000709779676981, 0.0024188796524, -0.00161294837017, 0.00119125994388, -0.00195317319594, 0.0022972302977, -0.00159822544083], [0.000507621909492, -0.00167576619424, 0.00291672116145, -0.00218398752622, 0.00109400821384, -0.00215046829544, 0.00169319822453, -0.00163609010633, 0.0024668420665, -0.00259061553515, 0.00180666462984, -0.0015628420515, 0.000773127074353], [-0.000767401710618, 0.000842023757286, -0.00218398752622, 0.00591599661857, -0.00458865519613, 0.000849254953209, 0.000862155167852, 0.00156170583796, -0.0031880850438, 0.00246714125387, -0.00117660977412, 0.00065810472006, -0.000796069973148], [0.000514960614964, -0.00184653513134, 0.00109400821384, -0.00458865519613, 0.0106294229627, -0.00210898509249, -0.00301132886671, -0.00308700022288, 0.00184716098011, -0.00309473881498, 0.00167230179068, -0.00222085788846, 0.000846844865009], [-0.000620288716163, 0.00165670039132, -0.00215046829544, 0.000849254953209, -0.00210898509249, 0.0090738562867, -0.00468784198165, 9.25075437408e-05, 0.000464642449515, -0.000971093366388, -0.000176157787791, 0.00249626417644, -0.00292448070832], [0.000276459933957, -0.000709779676981, 0.00169319822453, 0.000862155167852, -0.00301132886671, -0.00468784198165, 0.00798445846885, -0.00097821385134, -0.00136924209073, 0.00199599098414, -0.000723862904124, -0.00173954817001, 0.00136316893622], [-0.0007913254085, 0.0024188796524, -0.00163609010633, 0.00156170583796, -0.00308700022288, 9.25075437408e-05, -0.00097821385134, 0.0116130942479, -0.00421661045402, -0.00180779909715, -0.00046614947496, 0.00112988485489, -0.00205632089637], [0.000720678421203, -0.00161294837017, 0.0024668420665, -0.0031880850438, 0.00184716098011, 0.000464642449515, -0.00136924209073, -0.00421661045402, 0.0103835714981, -0.00337010412477, -0.000773636915255, 0.000756616878789, -0.000119020747661], [-0.000631821574643, 0.00119125994388, -0.00259061553515, 0.00246714125387, -0.00309473881498, -0.000971093366388, 0.00199599098414, -0.00180779909715, -0.00337010412477, 0.0120627749711, -0.00407069176435, -0.00211561005563, 0.00344962906092], [0.000278504478047, -0.00195317319594, 0.00180666462984, -0.00117660977412, 0.00167230179068, -0.000176157787791, -0.000723862904124, -0.00046614947496, -0.000773636915255, -0.00407069176435, 0.010515043512, -0.00172334280796, -0.0025815658737], [-0.000318366655847, 0.0022972302977, -0.0015628420515, 0.00065810472006, -0.00222085788846, 0.00249626417644, -0.00173954817001, 0.00112988485489, 0.000756616878789, -0.00211561005563, -0.00172334280796, 0.0118904160336, -0.00352731416933], [0.000240286753979, -0.00159822544083, 0.000773127074353, -0.000796069973148, 0.000846844865009, -0.00292448070832, 0.00136316893622, -0.00205632089637, -0.000119020747661, 0.00344962906092, -0.0025815658737, -0.00352731416933, 0.0111430091783]]
    },
    "melbands": {
        "dmean": [0.0010973875178, 0.00101111805998, 0.000293386983685, 0.000132802815642, 0.00014506217849, 0.000105014405563, 9.34291165322e-05, 0.000103459744423, 0.000106799510831, 9.55783252721e-05, 0.000169598846696, 0.000317876634654, 0.000192043589777, 4.97020882904e-05, 3.17655321851e-05, 2.68125277216e-05, 2.86433132715e-05, 3.64060069842e-05, 1.85564804269e-05, 1.55880061357e-05, 1.74117594725e-05, 9.3162561825e-06, 8.08021468401e-06, 1.0694255252e-05, 7.56989584261e-06, 6.40348616798e-06, 4.89499461764e-06, 4.88860496262e-06, 4.32119486504e-06, 2.61938930635e-06, 1.89579839116e-06, 1.81238704045e-06, 1.59804289979e-06, 1.75058346485e-06, 1.44497607835e-06, 1.53537496317e-06, 1.49439802044e-06, 1.2444420463e-06, 9.85333713288e-07, 7.85809788795e-07],
        "dmean2": [0.00146497425158, 0.00171136052813, 0.000517199689057, 0.000224068309763, 0.000236654246692, 0.000166051526321, 0.000148687962792, 0.00016069789126, 0.000162337455549, 0.00015295817866, 0.000269463664154, 0.000492163060699, 0.000295002391795, 7.53435160732e-05, 4.93649531563e-05, 4.21485383413e-05, 4.55180670542e-05, 5.64975161979e-05, 2.93483572023e-05, 2.46394320129e-05, 2.69189422397e-05, 1.49928819155e-05, 1.32318764372e-05, 1.71949213836e-05, 1.22808978631e-05, 1.00864772321e-05, 7.84485655458e-06, 7.70515816839e-06, 6.76687204759e-06, 4.11903238273e-06, 3.11935673381e-06, 2.9961479413e-06, 2.63836977865e-06, 2.86359954771e-06, 2.3274196792e-06, 2.46707213591e-06, 2.39032442551e-06, 1.98357338377e-06, 1.5370374058e-06, 1.23774589156e-06],
        "dvar": [3.8219804992e-06, 7.1370122896e-06, 8.07604010333e-07, 7.01377516066e-08, 1.08234047502e-07, 5.78861296674e-08, 3.95721926338e-08, 7.29350801976e-08, 1.20815684568e-07, 8.21185182076e-08, 1.67229146086e-07, 6.37629568701e-07, 2.98376164665e-07, 1.83094979178e-08, 8.11693201541e-09, 5.96395066665e-09, 6.19667162027e-09, 7.11821357413e-09, 1.44890255349e-09, 1.75279246672e-09, 2.47524667429e-09, 4.56085946787e-10, 2.85306112069e-10, 4.38142411241e-10, 2.59268689851e-10, 2.50724691009e-10, 1.21488624716e-10, 1.00644693968e-10, 1.18166296192e-10, 5.15868459061e-11, 1.37218084117e-11, 1.41864063899e-11, 1.00079848922e-11, 1.28358634485e-11, 6.74172566731e-12, 7.28914584941e-12, 6.80951389026e-12, 5.18323578502e-12, 3.53539658486e-12, 3.20625015253e-12],
        "dvar2": [7.37358823244e-06, 1.97823428607e-05, 2.27625787375e-06, 1.90011306245e-07, 2.76270327504e-07, 1.44241894873e-07, 9.21980145563e-08, 1.65483086789e-07, 2.40147812747e-07, 2.03657450015e-07, 4.22967531222e-07, 1.45891090142e-06, 6.80454036228e-07, 3.29911351571e-08, 1.59441029268e-08, 1.18566996221e-08, 1.35363551479e-08, 1.55450852191e-08, 3.26247162619e-09, 3.73337050164e-09, 4.82721418393e-09, 9.79983094673e-10, 6.7836042339e-10, 9.81802972255e-10, 6.49239439987e-10, 5.43770362071e-10, 2.8725635759e-10, 2.49031989474e-10, 2.57677268412e-10, 1.03077962832e-10, 3.50590390052e-11, 3.67950843405e-11, 2.60198824292e-11, 3.27198441952e-11, 1.6734091543e-11, 1.84630869621e-11, 1.67544571966e-11, 1.25541434887e-11, 8.01182210852e-12, 7.20677423988e-12],
        "max": [0.0314862579107, 0.0304687023163, 0.0100689595565, 0.00501218205318, 0.00679041165859, 0.0062649785541, 0.00627425080165, 0.00789499934763, 0.009680647403, 0.00866905227304, 0.00880732946098, 0.0151094039902, 0.0128714367747, 0.00400967849419, 0.00375258736312, 0.00328728463501, 0.00221564993262, 0.00183128984645, 0.000912235875148, 0.00116138684098, 0.00164096406661, 0.000832921883557, 0.000529007578734, 0.000689183303621, 0.000369857240003, 0.000468622194603, 0.000477887573652, 0.000254814513028, 0.000359281257261, 0.000391928537283, 7.28625818738e-05, 6.04373854003e-05, 4.43533463113e-05, 6.73785980325e-05, 4.58921858808e-05, 4.28020866821e-05, 3.88629341614e-05, 5.21981564816e-05, 5.28136770299e-05, 7.75244261604e-05],
        "mean": [0.00324145564809, 0.00171171780676, 0.000317939993693, 0.000217844411964, 0.0002506224846, 0.000186113000382, 0.00016411265824, 0.000174067143234, 0.000170789571712, 0.000165484030731, 0.000313041207846, 0.000669617496897, 0.000424518017098, 9.62411286309e-05, 5.77502869419e-05, 4.42756136181e-05, 4.55793451692e-05, 6.45273103146e-05, 3.20827530231e-05, 2.55868308159e-05, 3.17578924296e-05, 1.6471132767e-05, 1.41477239595e-05, 2.00925169338e-05, 1.42619664985e-05, 1.23048748719e-05, 9.9946919363e-06, 9.66908555711e-06, 8.06878961157e-06, 5.03971614307e-06, 3.45327930518e-06, 3.06098240799e-06, 2.81429129245e-06, 2.98604868476e-06, 2.89077388516e-06, 3.12497513733e-06, 3.00802525999e-06, 2.41597626882e-06, 1.87403315977e-06, 1.37391577937e-06],
        "median": [0.00055049941875, 0.000540231179912, 9.15586788324e-05, 7.19213712728e-05, 6.12124567851e-05, 5.12876722496e-05, 5.49363539903e-05, 4.52251224488e-05, 3.60919511877e-05, 2.91290380119e-05, 5.53737627342e-05, 8.02455615485e-05, 5.66345843254e-05, 2.40583831328e-05, 1.6985091861e-05, 1.83347165148e-05, 1.6850857719e-05, 2.03795734706e-05, 1.57494214363e-05, 1.12351635835e-05, 1.00789238786e-05, 6.87990177539e-06, 6.96412735124e-06, 8.86583620741e-06, 6.18694502919e-06, 4.78965648654e-06, 3.96164659833e-06, 3.50343589162e-06, 2.4906607905e-06, 1.94502240447e-06, 1.5587316966e-06, 1.38502696245e-06, 1.21874700199e-06, 1.23505810734e-06, 1.40189376907e-06, 1.60976583174e-06, 1.54386145823e-06, 1.14522583772e-06, 7.67799122059e-07, 4.64159711555e-07],
        "min": [4.64372438189e-24, 2.05245199232e-23, 1.51306329966e-23, 6.56702840554e-24, 1.04751088333e-23, 1.87644276709e-23, 1.31740757248e-23, 1.93074952953e-23, 9.01400590821e-24, 2.57109490534e-23, 1.12067228915e-23, 1.3839504353e-23, 1.45637275734e-23, 1.50078215532e-23, 8.49479107103e-24, 4.57160908452e-24, 6.05426526727e-24, 4.78633583963e-24, 5.65140268045e-24, 1.01147737379e-23, 1.39800967213e-23, 1.02133892396e-23, 5.8728962844e-24, 1.16085370822e-23, 1.09935710972e-23, 1.41481367159e-23, 8.64863235818e-24, 7.73186791237e-24, 9.93149610605e-24, 9.61143078211e-24, 1.10044053129e-23, 6.3042832927e-24, 8.70395675118e-24, 1.124930087e-23, 1.01928386242e-23, 5.32980223319e-24, 6.12004325056e-24, 7.74576290835e-24, 9.61947795221e-24, 8.86370345107e-24],
        "var": [2.64098052867e-05, 9.08275615075e-06, 5.9191870605e-07, 1.48093420194e-07, 2.36498848949e-07, 1.61254817499e-07, 1.09224671974e-07, 1.94439408574e-07, 2.88663215997e-07, 2.00118449811e-07, 4.88242960728e-07, 2.35256402448e-06, 1.71522572145e-06, 8.36407849647e-08, 3.03726572781e-08, 1.27615615853e-08, 1.28715056391e-08, 1.83615664895e-08, 2.71658473494e-09, 3.18919179954e-09, 8.68946514743e-09, 1.44393241808e-09, 6.62267685136e-10, 1.3541567867e-09, 6.33887609069e-10, 6.63182619931e-10, 3.40811462385e-10, 2.77639411461e-10, 2.93194329926e-10, 1.13457777895e-10, 2.38900080274e-11, 2.05256211333e-11, 1.66458669765e-11, 2.11161348823e-11, 1.45001831722e-11, 1.53778569739e-11, 1.52049119823e-11, 1.14235617493e-11, 8.43774529413e-12, 6.6932709375e-12]
    },
    "mfcc": {
        "mean": [-641.162780762, 96.5700531006, -5.44486474991, 4.48496341705, -1.5386633873, 3.45051550865, 4.44324302673, 10.1312036514, 0.130458444357, 6.74096107483, -5.58530807495, -0.642313063145, -1.55036771297],
        "cov": [[4641.59228516, -1531.46435547, -1.9424161911, 246.73236084, 417.181030273, 312.655181885, 466.355041504, 272.300994873, 380.13269043, 352.859619141, 184.516891479, 235.358261108, 319.266601562], [-1531.46435547, 1036.25024414, 195.045562744, 53.2868156433, -35.2474861145, -52.8366355896, -123.700683594, -122.097702026, -141.731124878, -87.7717895508, -51.4129371643, -43.8445739746, -95.502746582], [-1.9424161911, 195.045562744, 1334.4630127, 461.195617676, 584.952453613, 272.718200684, 218.313232422, -73.8166122437, 127.968101501, 19.021692276, 115.703826904, 86.2153930664, 118.53894043], [246.73236084, 53.2868156433, 461.195617676, 499.464782715, 369.148162842, 196.706192017, 141.548873901, 57.1431503296, 131.789031982, 75.2288742065, 64.110748291, 117.590187073, 142.082275391], [417.181030273, -35.2474861145, 584.952453613, 369.148162842, 501.068908691, 209.874389648, 205.213500977, 36.6434822083, 169.141357422, 102.357696533, 99.339805603, 118.624771118, 154.899017334], [312.655181885, -52.8366355896, 272.718200684, 196.706192017, 209.874389648, 330.028900146, 222.467926025, 116.147468567, 153.632858276, 90.7935409546, 94.6602554321, 61.2984580994, 100.739875793], [466.355041504, -123.700683594, 218.313232422, 141.548873901, 205.213500977, 222.467926025, 343.553192139, 122.18938446, 159.117385864, 128.620483398, 68.8055648804, 69.681312561, 128.093154907], [272.300994873, -122.097702026, -73.8166122437, 57.1431503296, 36.6434822083, 116.147468567, 122.18938446, 200.883056641, 122.642753601, 74.3156967163, 43.5305862427, 22.9613494873, 57.7559585571], [380.13269043, -141.731124878, 127.968101501, 131.789031982, 169.141357422, 153.632858276, 159.117385864, 122.642753601, 225.356796265, 118.265312195, 71.4912796021, 54.5848808289, 96.3381881714], [352.859619141, -87.7717895508, 19.021692276, 75.2288742065, 102.357696533, 90.7935409546, 128.620483398, 74.3156967163, 118.265312195, 187.897872925, 81.6787109375, 73.8616333008, 78.6265258789], [184.516891479, -51.4129371643, 115.703826904, 64.110748291, 99.339805603, 94.6602554321, 68.8055648804, 43.5305862427, 71.4912796021, 81.6787109375, 168.437698364, 82.9045791626, 60.9422531128], [235.358261108, -43.8445739746, 86.2153930664, 117.590187073, 118.624771118, 61.2984580994, 69.681312561, 22.9613494873, 54.5848808289, 73.8616333008, 82.9045791626, 175.337936401, 119.910392761], [319.266601562, -95.502746582, 118.53894043, 142.082275391, 154.899017334, 100.739875793, 128.093154907, 57.7559585571, 96.3381881714, 78.6265258789, 60.9422531128, 119.910392761, 187.788543701]],
