{
"lowlevel": {
    "average_loudness": 0.925763130188,
    "barkbands_crest": {
        "dmean": 2.88687300682,
        "dmean2": 4.73359632492,
        "dvar": 7.43646526337,
        "dvar2": 19.2961788177,
        "max": 26.2984161377,
        "mean": 10.0568437576,
        "median": 9.33848571777,
        "min": 2.27226114273,
        "var": 15.8429708481
    },
    "barkbands_flatness_db": {
        "dmean": 0.0239277351648,
        "dmean2": 0.0364141091704,
        "dvar": 0.000536066305358,
        "dvar2": 0.0011366190156,
        "max": 0.590652227402,
        "mean": 0.154891684651,
        "median": 0.14524435997,
        "min": 0.030735142529,
        "var": 0.00411323644221
    },
    "barkbands_kurtosis": {
        "dmean": 2.66077828407,
        "dmean2": 4.2906165123,
        "dvar": 29.1328449249,
        "dvar2": 71.1800842285,
        "max": 156.380981445,
        "mean": 3.62583971024,
        "median": 1.32090353966,
        "min": -1.89951956272,
        "var": 64.3430175781
    },
    "barkbands_skewness": {
        "dmean": 0.560971260071,
        "dmean2": 0.868030369282,
        "dvar": 0.369526475668,
        "dvar2": 0.848048210144,
        "max": 11.6885948181,
        "mean": 1.487008214,
        "median": 1.27107477188,
        "min": -2.44126987457,
        "var": 1.28438401222
    },
    "barkbands_spread": {
        "dmean": 6.26348781586,
        "dmean2": 9.38008213043,
        "dvar": 57.6397781372,
        "dvar2": 111.877494812,
        "max": 99.052482605,
        "mean": 25.9503650665,
        "median": 22.9140281677,
        "min": 0.621019482613,
        "var": 285.121124268
    },
    "dissonance": {
        "dmean": 0.018722249195,
        "dmean2": 0.0316328778863,
        "dvar": 0.000339772930602,
        "dvar2": 0.000917755940463,
        "max": 0.5,
        "mean": 0.464597761631,
        "median": 0.473300039768,
        "min": 0.278970807791,
        "var": 0.000817461812403
    },
    "dynamic_complexity": 2.08461761475,
    "erbbands_crest": {
        "dmean": 2.90625190735,
        "dmean2": 4.69206476212,
        "dvar": 8.30024528503,
        "dvar2": 21.2644348145,
        "max": 30.9272937775,
        "mean": 9.73470497131,
        "median": 8.3706073761,
        "min": 2.24125289917,
        "var": 26.4224472046
    },
    "erbbands_flatness_db": {
        "dmean": 0.0179163143039,
        "dmean2": 0.0262500233948,
        "dvar": 0.000293192599202,
        "dvar2": 0.000558605766855,
        "max": 0.453576624393,
        "mean": 0.170508697629,
        "median": 0.159541800618,
        "min": 0.066200427711,
        "var": 0.00335972127505
    },
    "erbbands_kurtosis": {
        "dmean": 1.00245213509,
        "dmean2": 1.57678341866,
        "dvar": 2.39769029617,
        "dvar2": 5.08971786499,
        "max": 72.7159957886,
        "mean": 0.774982511997,
        "median": 0.0296980142593,
        "min": -1.77063202858,
        "var": 6.96966981888
    },
    "erbbands_skewness": {
        "dmean": 0.363532423973,
        "dmean2": 0.541631400585,
        "dvar": 0.117879226804,
        "dvar2": 0.249310731888,
        "max": 7.5636806488,
        "mean": 0.265597075224,
        "median": 0.169912189245,
        "min": -4.45137405396,
        "var": 0.747931301594
    },
    "erbbands_spread": {
        "dmean": 7.91082668304,
        "dmean2": 12.0069894791,
        "dvar": 66.3787307739,
        "dvar2": 138.938842773,
        "max": 128.822784424,
        "mean": 38.2335319519,
        "median": 35.7698516846,
        "min": 2.38699865341,
        "var": 329.949401855
    },
    "hfc": {
        "dmean": 7.81688690186,
        "dmean2": 11.3273973465,
        "dvar": 132.482009888,
        "dvar2": 248.272750854,
        "max": 290.812988281,
        "mean": 30.3450756073,
        "median": 25.5759086609,
        "min": 1.15350733467e-16,
        "var": 551.176269531
    },
    "melbands_crest": {
        "dmean": 3.67887830734,
        "dmean2": 6.01382637024,
        "dvar": 10.4706039429,
        "dvar2": 27.8333282471,
        "max": 32.3543395996,
        "mean": 15.3205270767,
        "median": 14.7828426361,
        "min": 1.99109351635,
        "var": 29.334400177
    },
    "melbands_flatness_db": {
        "dmean": 0.0290357358754,
        "dmean2": 0.043373644352,
        "dvar": 0.000873834185768,
        "dvar2": 0.00173591158818,
        "max": 0.741209864616,
        "mean": 0.195609122515,
        "median": 0.185282230377,
        "min": 0.00532803777605,
        "var": 0.00598069606349
    },
    "melbands_kurtosis": {
        "dmean": 7.3063826561,
        "dmean2": 11.7843828201,
        "dvar": 180.056640625,
        "dvar2": 446.71673584,
        "max": 315.288360596,
        "mean": 12.7980108261,
        "median": 7.07675027847,
        "min": -1.66740548611,
        "var": 317.838348389
    },
    "melbands_skewness": {
        "dmean": 0.802832782269,
        "dmean2": 1.25558888912,
        "dvar": 0.768740773201,
        "dvar2": 1.78517913818,
        "max": 13.3115816116,
        "mean": 2.66728687286,
        "median": 2.39406704903,
        "min": -0.530523955822,
        "var": 2.43102049828
    },
    "melbands_spread": {
        "dmean": 8.50999736786,
        "dmean2": 12.949347496,
        "dvar": 142.177154541,
        "dvar2": 289.764953613,
        "max": 211.028518677,
        "mean": 25.8575382233,
        "median": 21.552532196,
        "min": 0.556495606899,
        "var": 400.558197021
    },
    "pitch_salience": {
        "dmean": 0.0726647153497,
        "dmean2": 0.117900423706,
        "dvar": 0.00454247603193,
        "dvar2": 0.0116004711017,
        "max": 0.903677642345,
        "mean": 0.517501235008,
        "median": 0.51269197464,
        "min": 0.0838320031762,
        "var": 0.0132391927764
    },
    "silence_rate_20dB": {
        "dmean": 0,
        "dmean2": 0,
        "dvar": 0,
        "dvar2": 0,
        "max": 1,
        "mean": 1,
        "median": 1,
        "min": 1,
        "var": 0
    },
    "silence_rate_30dB": {
        "dmean": 0.0059688296169,
        "dmean2": 0.0119389789179,
        "dvar": 0.00593264121562,
        "dvar2": 0.0175432283431,
        "max": 1,
        "mean": 0.996684372425,
        "median": 1,
        "min": 0,
        "var": 0.00330493436195
    },
    "silence_rate_60dB": {
        "dmean": 0.0017685421044,
        "dmean2": 0.00353747513145,
        "dvar": 0.00176555069629,
        "dvar2": 0.00418884586543,
        "max": 1,
        "mean": 0.0171308573335,
        "median": 0,
        "min": 0,
        "var": 0.0168371815234
    },
    "spectral_centroid": {
        "dmean": 255.106918335,
        "dmean2": 375.743347168,
        "dvar": 93842.6640625,
        "dvar2": 169188.796875,
        "max": 11073.5341797,
        "mean": 1448.1796875,
        "median": 1409.03051758,
        "min": 134.619522095,
        "var": 421160.34375
    },
    "spectral_complexity": {
        "dmean": 3.73383450508,
        "dmean2": 5.85496330261,
        "dvar": 12.2866182327,
        "dvar2": 27.9386386871,
        "max": 52,
        "mean": 23.3591957092,
        "median": 24,
        "min": 0,
        "var": 95.1581954956
    },
    "spectral_decrease": {
        "dmean": 3.06658765048e-09,
        "dmean2": 4.9535180402e-09,
        "dvar": 1.70371826508e-17,
        "dvar2": 4.08380458081e-17,
        "max": -2.72432871673e-29,
        "mean": -9.35584854034e-09,
        "median": -8.83111361816e-09,
        "min": -4.15221990124e-08,
        "var": 3.30271149414e-17
    },
    "spectral_energy": {
        "dmean": 0.0118665061891,
        "dmean2": 0.0190994199365,
        "dvar": 0.000245221774094,
        "dvar2": 0.000589841394685,
        "max": 0.162390202284,
        "mean": 0.0380635596812,
        "median": 0.0365586653352,
        "min": 1.05654713354e-20,
        "var": 0.000500079011545
    },
    "spectral_energyband_high": {
        "dmean": 0.000653062365018,
        "dmean2": 0.000897290010471,
        "dvar": 2.03184981729e-06,
        "dvar2": 3.54217831955e-06,
        "max": 0.0299551989883,
        "mean": 0.00153940741438,
        "median": 0.000784545671195,
        "min": 7.50159676987e-21,
        "var": 6.39141217107e-06
    },
    "spectral_energyband_low": {
        "dmean": 0.00956668052822,
        "dmean2": 0.0156246945262,
        "dvar": 0.000234116872889,
        "dvar2": 0.000565471826121,
        "max": 0.150972262025,
        "mean": 0.0181568320841,
        "median": 0.0136566814035,
        "min": 7.94910206187e-23,
        "var": 0.000353755924152
    },
    "spectral_energyband_middle_high": {
        "dmean": 0.00243927328847,
        "dmean2": 0.0037149132695,
        "dvar": 1.24541529658e-05,
        "dvar2": 2.83128119918e-05,
        "max": 0.0946400314569,
        "mean": 0.00766083365306,
        "median": 0.00546322576702,
        "min": 1.55587240809e-21,
        "var": 5.07766708324e-05
    },
    "spectral_energyband_middle_low": {
        "dmean": 0.00486795464531,
        "dmean2": 0.00787729769945,
        "dvar": 4.97011496918e-05,
        "dvar2": 0.000129101637867,
        "max": 0.160296395421,
        "mean": 0.0123291891068,
        "median": 0.00928197987378,
        "min": 2.7327679089e-22,
        "var": 0.000107700449007
    },
    "spectral_entropy": {
        "dmean": 0.146676898003,
        "dmean2": 0.205983757973,
        "dvar": 0.0315818414092,
        "dvar2": 0.0531185679138,
        "max": 9.7988576889,
        "mean": 7.6437997818,
        "median": 7.73413705826,
        "min": 4.36237955093,
        "var": 0.273124426603
    },
    "spectral_flux": {
        "dmean": 0.0287451297045,
        "dmean2": 0.046403568238,
        "dvar": 0.0011227291543,
        "dvar2": 0.00281811272725,
        "max": 0.347237169743,
        "mean": 0.10616967082,
        "median": 0.0994358733296,
        "min": 1.06431100044e-10,
        "var": 0.00285384641029
    },
    "spectral_kurtosis": {
        "dmean": 1.79802918434,
        "dmean2": 2.90494060516,
        "dvar": 21.3267879486,
        "dvar2": 39.11485672,
        "max": 190.881118774,
        "mean": 3.86253142357,
        "median": 2.5579366684,
        "min": -1.28498625755,
        "var": 67.0377883911
    },
    "spectral_rms": {
        "dmean": 0.000897455378436,
        "dmean2": 0.00143026735168,
        "dvar": 1.06636991859e-06,
        "dvar2": 2.47628213401e-06,
        "max": 0.01258687675,
        "mean": 0.00579874031246,
        "median": 0.00597218424082,
        "min": 3.21057264975e-12,
        "var": 3.50982827513e-06
    },
    "spectral_rolloff": {
        "dmean": 594.413574219,
        "dmean2": 955.868103027,
        "dvar": 1064489.125,
        "dvar2": 2032271.375,
        "max": 19250.6835938,
        "mean": 1652.08337402,
        "median": 1184.32617188,
        "min": 64.599609375,
        "var": 2944278
    },
    "spectral_skewness": {
        "dmean": 0.230428695679,
        "dmean2": 0.359746545553,
        "dvar": 0.105964787304,
        "dvar2": 0.209181189537,
        "max": 11.1241292953,
        "mean": 1.38216519356,
        "median": 1.29688048363,
        "min": 0.0181254260242,
        "var": 0.480104595423
    },
    "spectral_spread": {
        "dmean": 526459.0625,
        "dmean2": 727730.375,
        "dvar": 566195257344,
        "dvar2": 747887984640,
        "max": 41449292,
        "mean": 4611220.5,
        "median": 4358607.5,
        "min": 589128.8125,
        "var": 2.99944640512e+12
    },
    "spectral_strongpeak": {
        "dmean": 0.624166488647,
        "dmean2": 1.0914324522,
        "dvar": 1.31565642357,
        "dvar2": 3.46567606926,
        "max": 13.6250534058,
        "mean": 1.07385766506,
        "median": 0.548611521721,
        "min": 0,
        "var": 2.06542062759
    },
    "zerocrossingrate": {
        "dmean": 0.0118996091187,
        "dmean2": 0.0135658634827,
        "dvar": 0.000253766396781,
        "dvar2": 0.000273559184279,
        "max": 0.5751953125,
        "mean": 0.0647022277117,
        "median": 0.05712890625,
        "min": 0.00341796875,
        "var": 0.00167970918119
    },
    "barkbands": {
        "dmean": [0.000392796267988, 0.00738851260394, 0.00321858259849, 0.00127008231357, 0.00180776463822, 0.00123100075871, 0.0010052153375, 0.000913347816095, 0.00116200302728, 0.000803864677437, 0.000513381557539, 0.000900505285244, 0.00051490822807, 0.000509714125656, 0.000515580468345, 0.000370106543414, 0.000319046084769, 0.000238666092628, 0.000293063145364, 0.000170229162904, 0.000107470790681, 0.000129289270262, 0.000200358190341, 0.00020070449682, 7.68405734561e-05, 2.09342233575e-05, 1.93931235515e-08],
        "dmean2": [0.000654342991766, 0.0122498897836, 0.00528347073123, 0.00210989941843, 0.00305510521866, 0.00199409923516, 0.00165275251493, 0.00145213049836, 0.00182139582466, 0.00127019383945, 0.000815626815893, 0.00142886932008, 0.000822270172648, 0.000795422005467, 0.000818502972834, 0.000586828275118, 0.00051710777916, 0.000377506657969, 0.000453321263194, 0.0002614914265, 0.000167899896041, 0.000194888547412, 0.000293848774163, 0.000284301990177, 0.000109062508272, 3.17825833918e-05, 3.37431167452e-08],
        "dvar": [5.21581853263e-07, 0.000187028635992, 1.96735945792e-05, 6.04037950325e-06, 1.90664377442e-05, 4.91988384965e-06, 5.63886396776e-06, 4.52087033409e-06, 8.0449062807e-06, 3.72492831957e-06, 1.98065572476e-06, 6.98836720403e-06, 2.26759743782e-06, 2.14502256313e-06, 1.37254801302e-06, 7.40749726447e-07, 5.03839373778e-07, 2.76372105645e-07, 4.54080435475e-07, 1.19012284472e-07, 4.54267201633e-08, 7.67658434597e-08, 2.69618794846e-07, 3.50965507323e-07, 6.76880063111e-08, 5.67172264709e-09, 5.71157907753e-14],
        "dvar2": [1.42343401421e-06, 0.000455915898783, 5.31969963049e-05, 1.62252454174e-05, 5.22377849848e-05, 1.19761607493e-05, 1.38969835461e-05, 1.01707537397e-05, 1.68172919075e-05, 8.30426597531e-06, 4.7323533181e-06, 1.64733828569e-05, 5.27561951458e-06, 4.98146391692e-06, 3.24847997035e-06, 1.71539340954e-06, 1.26928739519e-06, 6.04344677413e-07, 9.97401571112e-07, 2.30223022868e-07, 1.0552390961e-07, 1.62168191764e-07, 5.78283732011e-07, 6.63044033899e-07, 1.34709907229e-07, 9.00742858079e-09, 1.35256768893e-13],
        "max": [0.0105204377323, 0.133330821991, 0.0555454269052, 0.0488933809102, 0.0627848654985, 0.0447120964527, 0.0546848587692, 0.0601196400821, 0.158161908388, 0.0854016393423, 0.0291926674545, 0.0471527688205, 0.0367301627994, 0.0309008713812, 0.0231350436807, 0.0170460641384, 0.0116376942024, 0.0149521650746, 0.0127471229061, 0.0113726686686, 0.00496017374098, 0.00694462843239, 0.0157647822052, 0.0183816011995, 0.0124107217416, 0.00563985668123, 1.90221580851e-05],
        "mean": [0.000473418826004, 0.0100701199844, 0.00622510677204, 0.00202383566648, 0.00231232726946, 0.00209040683694, 0.0014840135118, 0.00140465248842, 0.00245641893707, 0.00143183278851, 0.000752462714445, 0.00118982663844, 0.000687006220687, 0.000762484094594, 0.00089182757074, 0.000621522020083, 0.000536933075637, 0.000412683846662, 0.000497655186336, 0.000358657969628, 0.000211846374441, 0.000251662509982, 0.000388070649933, 0.000362962018698, 0.000135304479045, 3.04641162074e-05, 1.43260843188e-08],
        "median": [9.11346724024e-05, 0.0054850326851, 0.00361163285561, 0.000964032136835, 0.00106441508979, 0.00119039509445, 0.000584915163927, 0.000565361347981, 0.000677632750012, 0.000471041159471, 0.000213462815736, 0.00041704607429, 0.000260917790001, 0.000298850354739, 0.000486895500217, 0.00029699789593, 0.000311057636281, 0.000212009443203, 0.000254674290773, 0.000184126474778, 0.000122429919429, 0.000122270037537, 0.000158536538947, 0.00011453818297, 2.83813569695e-05, 1.74827016508e-06, 1.05970299202e-09],
        "min": [1.94588919025e-23, 2.4502395214e-23, 1.68141915416e-23, 2.70583897438e-23, 8.12128199848e-24, 4.04296136418e-23, 5.99627247337e-23, 2.98861720991e-23, 4.82851662666e-23, 9.74379028241e-23, 9.92193526965e-23, 5.99599290107e-23, 1.23687432461e-22, 1.40484136534e-22, 6.9632745793e-23, 8.48534761713e-23, 1.35332445683e-22, 2.31856746604e-22, 2.05347915232e-22, 3.94715578496e-22, 3.90927253859e-22, 3.76436194575e-22, 5.18513754407e-22, 8.85770182886e-22, 1.2692720973e-21, 1.59461388464e-21, 2.12042216642e-21],
        "var": [6.14979569491e-07, 0.000206114986213, 5.12406404596e-05, 9.4834367701e-06, 1.71448391484e-05, 8.54159861774e-06, 1.0480455785e-05, 1.01536252259e-05, 4.21263721364e-05, 1.2342455193e-05, 3.18853972203e-06, 8.60246927914e-06, 2.89999843517e-06, 3.76963430426e-06, 2.2976978471e-06, 1.35038555982e-06, 7.43696944028e-07, 6.08718778494e-07, 7.44162377941e-07, 3.91778314679e-07, 8.37754754457e-08, 1.59076321893e-07, 6.00849432431e-07, 9.33428964345e-07, 1.44319315609e-07, 1.30562956002e-08, 4.97325908211e-14]
    },
    "erbbands": {
        "dmean": [0.262150675058, 1.56347465515, 3.61235761642, 3.92497420311, 4.21813249588, 6.3540802002, 10.817117691, 9.29616832733, 13.6131601334, 14.6564798355, 21.9077796936, 25.9566040039, 27.7724227905, 21.2737483978, 24.4684028625, 34.9322624207, 23.4255275726, 25.1458148956, 23.8124351501, 22.5628414154, 19.4876289368, 15.6437444687, 12.8031044006, 13.2108793259, 13.1595983505, 8.0457649231, 4.8562912941, 4.13189506531, 4.50599622726, 5.25100135803, 5.90636777878, 5.21327877045, 2.76843476295, 1.15895438194, 0.416294127703, 0.147199198604, 0.0303672775626, 0.000819691165816, 3.01286163449e-05, 1.48091357914e-05],
        "dmean2": [0.452036440372, 2.57500505447, 5.96055984497, 6.50160264969, 7.2562122345, 10.7089471817, 17.5620498657, 15.1341962814, 22.3455123901, 23.7473907471, 34.6610183716, 39.820350647, 43.3586502075, 33.1681213379, 38.3973197937, 55.1183929443, 36.7946968079, 38.6957168579, 37.1757354736, 35.2592201233, 30.5544643402, 24.8494739532, 20.0898571014, 20.3755683899, 20.3493804932, 12.2504205704, 7.62662982941, 6.38589763641, 6.83503055573, 7.80336856842, 8.73647403717, 7.60398435593, 3.88976860046, 1.65536570549, 0.597119867802, 0.219201698899, 0.0463102161884, 0.0012002812, 4.27964114351e-05, 2.29668494285e-05],
        "dvar": [0.276330202818, 8.1370973587, 26.6455059052, 39.1889801025, 119.905670166, 267.058837891, 424.96673584, 417.46963501, 1051.9387207, 1603.17822266, 2360.98364258, 4740.44921875, 5355.24755859, 3035.55395508, 5437.20800781, 11253.0527344, 4355.82958984, 5777.47070312, 2358.59692383, 3926.44091797, 1885.96533203, 1111.4140625, 848.250305176, 966.087646484, 902.83996582, 291.184295654, 92.2692489624, 66.2106170654, 90.0832214355, 148.977432251, 247.071105957, 248.743667603, 66.2137145996, 15.5119838715, 1.94256854057, 0.266361087561, 0.0126397302374, 1.71624997165e-05, 1.19491350148e-08, 3.64899638283e-10],
        "dvar2": [0.724652409554, 19.9386920929, 71.9166946411, 104.541007996, 327.740753174, 727.754821777, 1053.49487305, 1009.800354, 2543.41625977, 3947.69360352, 5320.77490234, 9999.54296875, 11905.9169922, 6618.53759766, 13269.7666016, 26885.5234375, 10123.6972656, 13445.6191406, 5358.96875, 9025.39746094, 4359.21777344, 2709.13452148, 1817.74389648, 2055.68310547, 2027.49438477, 570.243652344, 217.997650146, 147.021896362, 195.888381958, 308.144775391, 530.112426758, 501.558685303, 122.202682495, 32.7838668823, 3.48646903038, 0.421935915947, 0.0204873792827, 2.62384928646e-05, 1.6629588373e-08, 7.89079135366e-10],
        "max": [4.70519924164, 29.0924453735, 61.5162124634, 118.489700317, 173.129882812, 269.105377197, 507.847167969, 539.072509766, 1001.82611084, 1171.17419434, 1654.50097656, 2896.41064453, 2682.47973633, 2729.05322266, 1546.77062988, 2116.53491211, 1921.5234375, 1813.40612793, 1289.97460938, 1506.67175293, 782.310546875, 685.51953125, 1073.36987305, 575.623596191, 841.087036133, 524.964294434, 249.611999512, 147.085388184, 193.898986816, 308.852966309, 437.888458252, 351.008392334, 280.195129395, 178.438095093, 72.7084960938, 37.4602127075, 8.48600196838, 0.389219224453, 0.00989444088191, 0.00074907328235],
        "mean": [0.275136083364, 2.32241773605, 7.19066476822, 7.42465782166, 5.15341901779, 7.83255529404, 17.4281539917, 14.9533824921, 20.0660095215, 22.3862113953, 37.2283973694, 55.1884155273, 54.4336204529, 39.5231552124, 36.4428596497, 48.4087295532, 33.9588050842, 40.3044700623, 43.4453239441, 41.0036811829, 36.1746063232, 29.0626907349, 23.5388336182, 23.1288089752, 24.4034118652, 17.3757228851, 9.64831161499, 8.21761035919, 8.7280292511, 9.94440555573, 11.292388916, 9.30343055725, 4.94030332565, 2.0130314827, 0.71082007885, 0.229437932372, 0.0405514650047, 0.0011447861325, 6.74855546094e-05, 5.18035703863e-05],
        "median": [0.0999959409237, 1.36060214043, 3.95435976982, 4.85149765015, 2.40618562698, 3.05497264862, 8.53046035767, 7.76162147522, 9.18670654297, 7.80350399017, 16.5558757782, 16.4356384277, 15.9190196991, 15.5420970917, 12.9225749969, 19.2641277313, 14.1071777344, 16.4928703308, 24.8129310608, 20.6289405823, 19.0139579773, 17.6442737579, 12.7730846405, 11.8882303238, 13.1432342529, 9.07371902466, 6.08796358109, 4.49475622177, 4.2618598938, 4.44063091278, 4.51275205612, 3.02815413475, 1.47288298607, 0.4837064147, 0.114827424288, 0.0184065140784, 0.00200264225714, 8.66846967256e-05, 3.4313838114e-05, 5.046363367e-05],
        "min": [7.10024847413e-22, 5.81700589001e-21, 1.79582962781e-20, 6.60780824629e-20, 7.10873913173e-20, 2.25036666688e-20, 2.40095609293e-19, 2.88476834634e-19, 3.75360448207e-19, 1.17729483638e-18, 9.02530148912e-19, 1.00766676932e-18, 2.86445139463e-18, 3.82974201136e-18, 2.96886040629e-18, 2.39765455661e-18, 4.28731433799e-18, 6.82587456245e-18, 4.5341694346e-18, 4.86491305304e-18, 4.96531085912e-18, 9.84206128031e-18, 1.01414650933e-17, 1.11571055735e-17, 1.43927490982e-17, 1.4561763604e-17, 1.37516659255e-17, 1.58799917154e-17, 1.26676068552e-17, 1.51253912385e-17, 1.64813354771e-17, 1.86799865084e-17, 1.34699919017e-17, 1.40686762778e-17, 9.20295920518e-18, 6.15463197103e-18, 2.80478561628e-18, 1.05873348822e-18, 2.27835810338e-19, 3.72282683631e-20],
        "var": [0.239790126681, 9.69480514526, 69.4987335205, 75.8854446411, 100.431938171, 252.168624878, 729.837890625, 661.567932129, 1529.85644531, 3657.29125977, 5980.33837891, 23681.8554688, 17486.4355469, 10722.3017578, 6408.8125, 13305.3154297, 6103.46728516, 10593.2910156, 4557.25048828, 6662.11914062, 3705.07348633, 1899.41308594, 1985.84484863, 1667.2277832, 1680.63391113, 989.989929199, 160.779327393, 132.553390503, 179.98487854, 320.306976318, 551.583679199, 613.865661621, 170.122299194, 30.3324184418, 4.59450006485, 0.631233155727, 0.0272309426218, 3.27890338667e-05, 2.87542185617e-08, 1.00408903414e-09]
    },
    "gfcc": {
        "mean": [14.4885520935, 103.74747467, -135.187957764, 46.1768035889, -66.7543411255, 26.6920776367, -35.9414482117, 7.42264938354, -12.4609708786, -5.32876873016, -5.76911830902, -10.1183242798, -5.26314496994],
        "cov": [[5633.34521484, -1623.5378418, 733.314819336, 745.669494629, 17.4627609253, 748.343017578, -399.604522705, 856.518981934, -279.341705322, 358.437408447, -297.610107422, 368.430511475, -159.151168823], [-1623.5378418, 1725.65209961, -220.808059692, 33.0006446838, 326.775787354, -336.113616943, 361.571166992, -398.821350098, 320.035552979, -234.045547485, 324.777832031, -215.062789917, 130.684387207], [733.314819336, -220.808059692, 1399.92944336, 374.750244141, 283.60848999, 356.401672363, -182.29145813, 223.907943726, -202.680633545, 350.987609863, -128.807022095, 178.00944519, -140.753372192], [745.669494629, 33.0006446838, 374.750244141, 576.701721191, 233.959869385, 183.098739624, -8.75167655945, 59.5654907227, 59.0271148682, 55.4177818298, 41.0511283875, 22.6991062164, 19.4920730591], [17.4627609253, 326.775787354, 283.60848999, 233.959869385, 428.924957275, 65.6444702148, 65.6223983765, 17.7936592102, 29.1937179565, 83.495010376, 31.5975608826, 20.0009002686, -18.9516353607], [748.343017578, -336.113616943, 356.401672363, 183.098739624, 65.6444702148, 344.802062988, -24.915096283, 181.877746582, -71.4976959229, 106.410743713, -33.2661056519, 38.9514465332, -31.4780769348], [-399.604522705, 361.571166992, -182.29145813, -8.75167655945, 65.6223983765, -24.915096283, 319.848144531, -39.5417251587, 75.1189575195, -82.3319549561, 84.3729171753, -78.8397827148, 26.6313114166], [856.518981934, -398.821350098, 223.907943726, 59.5654907227, 17.7936592102, 181.877746582, -39.5417251587, 321.025970459, -81.8956604004, 108.897087097, -77.3823699951, 82.0942840576, -53.7125511169], [-279.341705322, 320.035552979, -202.680633545, 59.0271148682, 29.1937179565, -71.4976959229, 75.1189575195, -81.8956604004, 221.449310303, -77.3843688965, 86.0381698608, -74.5739898682, 53.7024803162], [358.437408447, -234.045547485, 350.987609863, 55.4177818298, 83.495010376, 106.410743713, -82.3319549561, 108.897087097, -77.3843688965, 227.519180298, -61.2284164429, 79.6884536743, -65.6086959839], [-297.610107422, 324.777832031, -128.807022095, 41.0511283875, 31.5975608826, -33.2661056519, 84.3729171753, -77.3823699951, 86.0381698608, -61.2284164429, 187.447814941, -54.0206832886, 40.7506942749], [368.430511475, -215.062789917, 178.00944519, 22.6991062164, 20.0009002686, 38.9514465332, -78.8397827148, 82.0942840576, -74.5739898682, 79.6884536743, -54.0206832886, 157.114654541, -29.3549308777], [-159.151168823, 130.684387207, -140.753372192, 19.4920730591, -18.9516353607, -31.4780769348, 26.6313114166, -53.7125511169, 53.7024803162, -65.6086959839, 40.7506942749, -29.3549308777, 108.760131836]],
        "icov": [[0.000568498217035, -0.000335715740221, 0.000585091998801, -0.000981636927463, 0.000511513906531, -0.000777677749284, 0.000551623874344, -0.00105421931949, 0.000387583801057, -0.000321617262671, 0.000581240281463, -0.000702351448126, 0.000584020919632], [-0.000335715740221, 0.00368659826927, -0.0021479355637, 0.00177165376954, -0.0027884261217, 0.00315894139931, -0.00211742776446, 0.00181026768405, -0.00223045703024, 0.00223841378465, -0.00333156203851, 0.00186633598059, -0.00197376124561], [0.000585091998801, -0.0021479355637, 0.00336570525542, -0.00235564890318, 0.00132812117226, -0.00304681784473, 0.00181516783778, -0.00130707281642, 0.00218775100075, -0.00282199284993, 0.0023913513869, -0.00188581156544, 0.00228708935902], [-0.000981636927463, 0.00177165376954, -0.00235564890318, 0.00539492070675, -0.00297671114095, 0.000921892002225, -0.00107988389209, 0.00218039238825, -0.00274672941305, 0.00208573485725, -0.00247382326052, 0.00139259709977, -0.00257413019426], [0.000511513906531, -0.0027884261217, 0.00132812117226, -0.00297671114095, 0.00595431867987, -0.00208664056845, 0.000550740980543, -0.00154022336937, 0.00139326800127, -0.00289540342055, 0.00236474140547, -0.00192476867232, 0.00204931758344], [-0.000777677749284, 0.00315894139931, -0.00304681784473, 0.000921892002225, -0.00208664056845, 0.00909268762916, -0.00255893333815, -0.000310227100272, -0.000914088159334, 0.00141848856583, -0.00353598012589, 0.00347671564668, -0.00273028388619], [0.000551623874344, -0.00211742776446, 0.00181516783778, -0.00107988389209, 0.000550740980543, -0.00255893333815, 0.00587432086468, -0.00209166086279, 0.0011054284405, -0.000290609459626, 0.000962122750934, -0.000176611749339, 0.00164878426585], [-0.00105421931949, 0.00181026768405, -0.00130707281642, 0.00218039238825, -0.00154022336937, -0.000310227100272, -0.00209166086279, 0.00792607758194, -0.00140072428621, 0.000306452275254, -0.000922448991332, -3.66442145605e-05, -0.000519563269336], [0.000387583801057, -0.00223045703024, 0.00218775100075, -0.00274672941305, 0.00139326800127, -0.000914088159334, 0.0011054284405, -0.00140072428621, 0.00896240770817, -0.00157358159777, 0.000622778374236, 0.000583665154409, 0.000136164264404], [-0.000321617262671, 0.00223841378465, -0.00282199284993, 0.00208573485725, -0.00289540342055, 0.00141848856583, -0.000290609459626, 0.000306452275254, -0.00157358159777, 0.0103896055371, -0.0018428734038, -0.00010371368262, 0.000649264606182], [0.000581240281463, -0.00333156203851, 0.0023913513869, -0.00247382326052, 0.00236474140547, -0.00353598012589, 0.000962122750934, -0.000922448991332, 0.000622778374236, -0.0018428734038, 0.0107702128589, -0.00157552550081, 0.0012094755657], [-0.000702351448126, 0.00186633598059, -0.00188581156544, 0.00139259709977, -0.00192476867232, 0.00347671564668, -0.000176611749339, -3.66442145605e-05, 0.000583665154409, -0.00010371368262, -0.00157552550081, 0.0112309390679, -0.00199359445833], [0.000584020919632, -0.00197376124561, 0.00228708935902, -0.00257413019426, 0.00204931758344, -0.00273028388619, 0.00164878426585, -0.000519563269336, 0.000136164264404, 0.000649264606182, 0.0012094755657, -0.00199359445833, 0.0140817388892]]
    },
    "melbands": {
        "dmean": [0.00215692236088, 0.00183457881212, 0.000639045552816, 0.000380827405024, 0.000345684617059, 0.00021451547218, 0.000205525022466, 0.000161797172041, 0.000182886840776, 0.000168613652932, 0.000140900316183, 8.9837849373e-05, 7.66006778576e-05, 0.000105372739199, 6.98325529811e-05, 5.05570387759e-05, 5.08667944814e-05, 3.96991017624e-05, 3.53768555215e-05, 2.81473076029e-05, 2.48435844696e-05, 1.85669086932e-05, 1.59565861395e-05, 1.02996500573e-05, 1.17561667139e-05, 1.2247700397e-05, 7.78401590651e-06, 5.57054318051e-06, 3.52731058229e-06, 2.67094810624e-06, 2.59037074102e-06, 2.67614927907e-06, 2.80295853372e-06, 3.20488584293e-06, 3.47986656379e-06, 3.84362601835e-06, 3.17907142744e-06, 2.21937057177e-06, 1.42656563185e-06, 9.0096364147e-07],
        "dmean2": [0.00363576575182, 0.00301780062728, 0.00105951074511, 0.000652108283248, 0.000564353947993, 0.000346973887645, 0.000336735422025, 0.000260487373453, 0.000287236500299, 0.000262188725173, 0.000219812733121, 0.000140993492096, 0.000120029151731, 0.000166196216014, 0.000111268127512, 7.94892912381e-05, 7.86895179772e-05, 6.23109954176e-05, 5.60107873753e-05, 4.46354133601e-05, 3.95247225242e-05, 2.97657370538e-05, 2.55580653175e-05, 1.62733176694e-05, 1.82698859135e-05, 1.91874714801e-05, 1.22023602671e-05, 8.47012870508e-06, 5.65795107832e-06, 4.25415282734e-06, 4.08594814871e-06, 4.17723595092e-06, 4.31342959928e-06, 4.8248011808e-06, 5.26378380528e-06, 5.79455581828e-06, 4.71911243949e-06, 3.18181560033e-06, 2.067710966e-06, 1.32914385631e-06],
        "dvar": [1.72031705006e-05, 7.64751621318e-06, 1.04674938939e-06, 1.11712245143e-06, 4.30179113664e-07, 1.92643909713e-07, 2.14477452687e-07, 1.74908166173e-07, 1.60650330372e-07, 1.97226654564e-07, 1.38239798275e-07, 5.56843673394e-08, 4.41991083733e-08, 1.01870448077e-07, 4.62136497958e-08, 2.15253717073e-08, 2.59760195576e-08, 7.67647900801e-09, 7.80780951004e-09, 5.14006437413e-09, 3.36545302737e-09, 1.64400770775e-09, 1.72751579708e-09, 4.33341751371e-10, 8.31586022265e-10, 1.01712094303e-09, 2.88846918606e-10, 1.6820946025e-10, 4.72101906179e-11, 3.15834303155e-11, 2.522529928e-11, 3.07716491177e-11, 4.1534605616e-11, 5.53577982065e-11, 7.62129040432e-11, 1.49388737491e-10, 9.8159536055e-11, 4.51173473581e-11, 1.9754682265e-11, 1.02422575629e-11],
        "dvar2": [4.29336942034e-05, 2.00415470317e-05, 2.77131834991e-06, 3.06180322696e-06, 1.08968924906e-06, 4.64446628712e-07, 5.20532694281e-07, 4.20316638383e-07, 3.54150529347e-07, 4.09029638604e-07, 3.03726380935e-07, 1.19601125448e-07, 1.05782063997e-07, 2.40733413648e-07, 1.09576546947e-07, 4.99141350474e-08, 6.04998646736e-08, 1.75296985816e-08, 1.85195023761e-08, 1.21002177167e-08, 7.93680765554e-09, 4.08380840256e-09, 4.09042755223e-09, 9.33818911086e-10, 1.79924397603e-09, 2.33265362581e-09, 6.38419039856e-10, 3.40207639837e-10, 1.09141778948e-10, 7.67409955027e-11, 5.69499412906e-11, 6.9652381085e-11, 9.08644964825e-11, 1.14827550246e-10, 1.64045138584e-10, 3.41566941398e-10, 1.98774788296e-10, 8.4495688224e-11, 4.26680947518e-11, 2.2243132683e-11],
        "max": [0.0379854477942, 0.0311905797571, 0.0184752177447, 0.0167363919318, 0.0151689592749, 0.0107463365421, 0.0130254263058, 0.0109472740442, 0.0122146727517, 0.0209091119468, 0.0139830429107, 0.0121045000851, 0.00425055623055, 0.00690255686641, 0.00456390669569, 0.00335474591702, 0.00373656419106, 0.00226074829698, 0.0017081432743, 0.00160370836966, 0.0010279007256, 0.000830263947137, 0.000993714551441, 0.000797143147793, 0.000524044327904, 0.000855300808325, 0.000656749878544, 0.000431662832852, 0.000147082348121, 0.000142699092976, 0.000107166808448, 0.000127074192278, 0.000184178468771, 0.000197892964934, 0.000194304870092, 0.000427738268627, 0.000277222279692, 0.000286810041871, 0.000150998617755, 0.000155874397024],
        "mean": [0.00262382254004, 0.00358861777931, 0.00121854571626, 0.000434121087892, 0.000553380115889, 0.000352100818418, 0.000306616071612, 0.000246312614763, 0.000314970471663, 0.000355443771696, 0.0002649713133, 0.000158639784786, 0.000113920934382, 0.000138450632221, 9.23810221138e-05, 6.98357980582e-05, 7.47321973904e-05, 6.62335078232e-05, 6.07587717241e-05, 4.75874476251e-05, 4.19241732743e-05, 3.10095347231e-05, 2.54309543379e-05, 1.77153888217e-05, 1.85910721484e-05, 1.93973883142e-05, 1.50848254634e-05, 1.06153929664e-05, 6.24008043815e-06, 4.82247924083e-06, 4.7325174819e-06, 4.8951219469e-06, 4.97070277561e-06, 5.76126058149e-06, 6.3834759203e-06, 6.59846091366e-06, 5.35538629265e-06, 3.75820604859e-06, 2.33299306274e-06, 1.47793446104e-06],
        "median": [0.00131562026218, 0.00234909565188, 0.000848687777761, 0.000165436998941, 0.000285140762571, 0.000190644626855, 0.000137471855851, 8.56407423271e-05, 0.000133969529998, 9.7621268651e-05, 7.33225315344e-05, 5.63353532925e-05, 3.56489435944e-05, 4.69049191452e-05, 3.69142217096e-05, 2.79444138869e-05, 2.72919787676e-05, 3.56446107617e-05, 3.22376290569e-05, 2.27486943913e-05, 2.03122654057e-05, 1.74760552909e-05, 1.21170378407e-05, 9.64043829299e-06, 8.58835483086e-06, 9.4090210041e-06, 7.73915962782e-06, 5.02979219164e-06, 3.74938372261e-06, 2.620242185e-06, 2.47071966442e-06, 2.34876119976e-06, 2.26999554798e-06, 2.46379386226e-06, 2.56978137259e-06, 2.26498423217e-06, 1.5972887013e-06, 1.09414213512e-06, 5.73383431401e-07, 3.07990887904e-07],
        "min": [7.75657819136e-24, 9.28212631926e-24, 1.07185765522e-23, 2.58644219425e-24, 6.49624273322e-24, 7.25236669974e-24, 7.78400688504e-24, 1.17376428468e-23, 7.49100027901e-24, 6.24683725829e-24, 1.27282754389e-23, 1.46284409889e-23, 1.03112371797e-23, 8.2940370147e-24, 3.79779530664e-24, 1.36054083017e-23, 1.3118075278e-23, 7.97196246204e-24, 6.40329401378e-24, 5.91355023115e-24, 5.23749249107e-24, 1.02476344804e-23, 8.74669250186e-24, 9.48924096106e-24, 8.88101105934e-24, 7.63803527428e-24, 8.48235467886e-24, 9.98132844943e-24, 9.33200757202e-24, 8.30839507204e-24, 6.45505038891e-24, 6.63974757594e-24, 7.93683843023e-24, 8.58851169087e-24, 8.73629294855e-24, 1.00111016377e-23, 1.06010236556e-23, 8.09649914428e-24, 1.07621855719e-23, 1.2337255232e-23],
        "var": [1.70087096194e-05, 1.53252731252e-05, 1.8179645167e-06, 9.13009330361e-07, 6.7098198997e-07, 3.13247852546e-07, 3.32218718313e-07, 3.95347342419e-07, 4.51364655873e-07, 9.80156642072e-07, 4.39359297388e-07, 1.99087992314e-07, 6.33619237078e-08, 1.25752961821e-07, 5.32342099291e-08, 2.87472214922e-08, 4.56619311251e-08, 1.31592532426e-08, 1.23971846122e-08, 8.76778116776e-09, 5.76004355324e-09, 2.56431786916e-09, 2.79713185947e-09, 9.49159195685e-10, 1.32193755942e-09, 1.4897866274e-09, 7.0852768097e-10, 4.73801942125e-10, 7.97147001186e-11, 5.06819274049e-11, 4.7564827077e-11, 5.66770796961e-11, 7.740604685e-11, 1.15755377506e-10, 1.64415661641e-10, 2.92235874388e-10, 2.3208207578e-10, 1.08447167912e-10, 3.92974090768e-11, 1.82510083435e-11]
    },
    "mfcc": {
        "mean": [-613.42376709, 113.749572754, -0.188629940152, 16.9745082855, 3.48766708374, 10.0447587967, -2.33710694313, 8.38057518005, -2.86383318901, 10.3406839371, -1.60825836658, 1.20843458176, -0.715171158314],
        "cov": [[4990.14160156, -1517.71154785, 238.110839844, 172.21836853, 440.890472412, -14.6787786484, 69.7252426147, 374.368286133, 242.258453369, 140.133483887, -43.7371788025, 65.3614120483, 155.935623169], [-1517.71154785, 1361.30126953, -189.614486694, 183.863189697, -46.3108253479, 63.8560905457, 26.5011234283, -51.4665260315, -81.1223983765, 0.273483961821, 55.4076423645, 57.0403747559, -5.33734560013], [238.110839844, -189.614486694, 985.922302246, 169.380264282, 339.222564697, 197.350341797, 162.435302734, -33.6680107117, 36.5650215149, -5.87790346146, 103.849983215, 55.0755004883, 50.9881973267], [172.21836853, 183.863189697, 169.380264282, 427.140808105, 229.987930298, 158.526519775, 60.2913551331, 38.4542274475, 33.0330123901, 25.1850738525, 50.9387397766, 47.1465415955, 47.3744277954], [440.890472412, -46.3108253479, 339.222564697, 229.987930298, 465.87310791, 137.558898926, 67.4783782959, 20.1085796356, 45.2740020752, 23.2139167786, 53.6171875, 57.4322662354, 59.9191932678], [-14.6787786484, 63.8560905457, 197.350341797, 158.526519775, 137.558898926, 240.470901489, 82.8998336792, 8.46493148804, 19.9681186676, 28.3514060974, 47.4490394592, 33.0183410645, 8.75882720947], [69.7252426147, 26.5011234283, 162.435302734, 60.2913551331, 67.4783782959, 82.8998336792, 270.138153076, 52.893321991, 28.0314655304, 35.6661720276, 62.475528717, 34.520450592, 11.6393060684], [374.368286133, -51.4665260315, -33.6680107117, 38.4542274475, 20.1085796356, 8.46493148804, 52.893321991, 186.717758179, 39.533744812, 38.7162742615, 0.0127710420638, 23.8531913757, 11.5174760818], [242.258453369, -81.1223983765, 36.5650215149, 33.0330123901, 45.2740020752, 19.9681186676, 28.0314655304, 39.533744812, 142.815536499, 30.5323410034, 2.04181170464, 6.72526788712, 9.8506603241], [140.133483887, 0.273483961821, -5.87790346146, 25.1850738525, 23.2139167786, 28.3514060974, 35.6661720276, 38.7162742615, 30.5323410034, 131.51890564, 30.3007354736, 18.8600025177, -5.49447917938], [-43.7371788025, 55.4076423645, 103.849983215, 50.9387397766, 53.6171875, 47.4490394592, 62.475528717, 0.0127710420638, 2.04181170464, 30.3007354736, 127.11328125, 31.7338924408, 12.4713582993], [65.3614120483, 57.0403747559, 55.0755004883, 47.1465415955, 57.4322662354, 33.0183410645, 34.520450592, 23.8531913757, 6.72526788712, 18.8600025177, 31.7338924408, 104.597801208, 29.33070755], [155.935623169, -5.33734560013, 50.9881973267, 47.3744277954, 59.9191932678, 8.75882720947, 11.6393060684, 11.5174760818, 9.8506603241, -5.49447917938, 12.4713582993, 29.33070755, 100.461654663]],
