{
"lowlevel": {
    "average_loudness": 0.978099346161,
    "barkbands_crest": {
        "dmean": 2.09691619873,
        "dmean2": 3.42447042465,
        "dvar": 3.54756617546,
        "dvar2": 9.02510643005,
        "max": 23.999704361,
        "mean": 8.11132144928,
        "median": 7.35161828995,
        "min": 2.1114256382,
        "var": 11.5428800583
    },
    "barkbands_flatness_db": {
        "dmean": 0.014869986102,
        "dmean2": 0.0226779375225,
        "dvar": 0.000169105725945,
        "dvar2": 0.00037137651816,
        "max": 0.297805398703,
        "mean": 0.118103511631,
        "median": 0.116858936846,
        "min": 0.0271441247314,
        "var": 0.00127782917116
    },
    "barkbands_kurtosis": {
        "dmean": 1.11797881126,
        "dmean2": 1.77358365059,
        "dvar": 3.19744062424,
        "dvar2": 7.733314991,
        "max": 48.9312515259,
        "mean": 1.22148013115,
        "median": 0.164014577866,
        "min": -1.89670622349,
        "var": 12.4021511078
    },
    "barkbands_skewness": {
        "dmean": 0.350121706724,
        "dmean2": 0.543980419636,
        "dvar": 0.104579128325,
        "dvar2": 0.246449366212,
        "max": 5.29582071304,
        "mean": 0.89801377058,
        "median": 0.839529633522,
        "min": -2.98178958893,
        "var": 0.761568665504
    },
    "barkbands_spread": {
        "dmean": 4.29028749466,
        "dmean2": 6.52334117889,
        "dvar": 19.3806209564,
        "dvar2": 39.5500946045,
        "max": 84.021697998,
        "mean": 24.1993370056,
        "median": 22.7110671997,
        "min": 1.7318097353,
        "var": 116.516357422
    },
    "dissonance": {
        "dmean": 0.0152456704527,
        "dmean2": 0.0258463751525,
        "dvar": 0.000205065181945,
        "dvar2": 0.000559217412956,
        "max": 0.500000178814,
        "mean": 0.469804912806,
        "median": 0.474799156189,
        "min": 0.324395179749,
        "var": 0.000469630263979
    },
    "dynamic_complexity": 1.23699641228,
    "erbbands_crest": {
        "dmean": 2.3023982048,
        "dmean2": 3.70947051048,
        "dvar": 4.75611877441,
        "dvar2": 11.4718589783,
        "max": 30.3504810333,
        "mean": 8.40327835083,
        "median": 7.39961004257,
        "min": 1.9628765583,
        "var": 15.9364070892
    },
    "erbbands_flatness_db": {
        "dmean": 0.0129657071084,
        "dmean2": 0.0187150333077,
        "dvar": 0.000142433666042,
        "dvar2": 0.00026970912586,
        "max": 0.290358126163,
        "mean": 0.167110234499,
        "median": 0.166376307607,
        "min": 0.026477323845,
        "var": 0.00111657008529
    },
    "erbbands_kurtosis": {
        "dmean": 0.656680941582,
        "dmean2": 1.04812896252,
        "dvar": 0.75797700882,
        "dvar2": 1.89418077469,
        "max": 18.5235424042,
        "mean": -0.0213759355247,
        "median": -0.375194072723,
        "min": -1.78944182396,
        "var": 1.90705823898
    },
    "erbbands_skewness": {
        "dmean": 0.290639013052,
        "dmean2": 0.447232604027,
        "dvar": 0.0669483318925,
        "dvar2": 0.153209418058,
        "max": 4.02523994446,
        "mean": 0.123641140759,
        "median": 0.0980123952031,
        "min": -2.31948232651,
        "var": 0.429354429245
    },
    "erbbands_spread": {
        "dmean": 5.94326925278,
        "dmean2": 9.15609455109,
        "dvar": 30.8928718567,
        "dvar2": 67.5999755859,
        "max": 124.986366272,
        "mean": 35.269329071,
        "median": 34.5917320251,
        "min": 5.45964765549,
        "var": 166.071762085
    },
    "hfc": {
        "dmean": 5.35537624359,
        "dmean2": 8.0292930603,
        "dvar": 44.4206085205,
        "dvar2": 93.7311630249,
        "max": 150.264404297,
        "mean": 25.4455032349,
        "median": 22.703163147,
        "min": 1.20140201858e-16,
        "var": 191.677688599
    },
    "melbands_crest": {
        "dmean": 2.57394146919,
        "dmean2": 4.16108322144,
        "dvar": 5.39906740189,
        "dvar2": 13.6138515472,
        "max": 30.2841072083,
        "mean": 10.5007553101,
        "median": 9.60151481628,
        "min": 1.82315683365,
        "var": 17.0683479309
    },
    "melbands_flatness_db": {
        "dmean": 0.0171618256718,
        "dmean2": 0.0260228235275,
        "dvar": 0.000257229170529,
        "dvar2": 0.000549718679395,
        "max": 0.371947258711,
        "mean": 0.153317630291,
        "median": 0.150786399841,
        "min": 0.00514073716477,
        "var": 0.00232804985717
    },
    "melbands_kurtosis": {
        "dmean": 2.41852474213,
        "dmean2": 3.82480406761,
        "dvar": 11.3629436493,
        "dvar2": 27.4597892761,
        "max": 83.276802063,
        "mean": 5.10173892975,
        "median": 3.22734212875,
        "min": -1.66938817501,
        "var": 42.6812400818
    },
    "melbands_skewness": {
        "dmean": 0.428302317858,
        "dmean2": 0.670711696148,
        "dvar": 0.154992818832,
        "dvar2": 0.363971441984,
        "max": 8.02164745331,
        "mean": 1.73980617523,
        "median": 1.68500983715,
        "min": -0.875656723976,
        "var": 0.963340997696
    },
    "melbands_spread": {
        "dmean": 6.76630163193,
        "dmean2": 10.4770126343,
        "dvar": 63.1089477539,
        "dvar2": 140.629104614,
        "max": 174.420806885,
        "mean": 31.6172580719,
        "median": 28.8355712891,
        "min": 2.09052062035,
        "var": 321.91293335
    },
    "pitch_salience": {
        "dmean": 0.055793993175,
        "dmean2": 0.0905027315021,
        "dvar": 0.00218062847853,
        "dvar2": 0.00562654202804,
        "max": 0.89514195919,
        "mean": 0.610754191875,
        "median": 0.614934742451,
        "min": 0.24591127038,
        "var": 0.00786916166544
    },
    "silence_rate_20dB": {
        "dmean": 0,
        "dmean2": 0,
        "dvar": 0,
        "dvar2": 0,
        "max": 1,
        "mean": 1,
        "median": 1,
        "min": 1,
        "var": 0
    },
    "silence_rate_30dB": {
        "dmean": 0.000249438773608,
        "dmean2": 0.000498939771205,
        "dvar": 0.000249432981946,
        "dvar2": 0.00049868033966,
        "max": 1,
        "mean": 0.999501168728,
        "median": 1,
        "min": 0,
        "var": 0.00049855618272
    },
    "silence_rate_60dB": {
        "dmean": 0.000498877547216,
        "dmean2": 0.00099787954241,
        "dvar": 0.000498618290294,
        "dvar2": 0.000996842049062,
        "max": 1,
        "mean": 0.0103504173458,
        "median": 0,
        "min": 0,
        "var": 0.0102429678664
    },
    "spectral_centroid": {
        "dmean": 222.759033203,
        "dmean2": 343.324615479,
        "dvar": 56066.9492188,
        "dvar2": 113197.523438,
        "max": 10762.375,
        "mean": 1590.12023926,
        "median": 1563.03747559,
        "min": 347.471466064,
        "var": 374623.15625
    },
    "spectral_complexity": {
        "dmean": 3.41805934906,
        "dmean2": 5.47835826874,
        "dvar": 9.94473457336,
        "dvar2": 23.7431983948,
        "max": 55,
        "mean": 25.1785755157,
        "median": 25,
        "min": 0,
        "var": 52.5637397766
    },
    "spectral_decrease": {
        "dmean": 1.32955169097e-09,
        "dmean2": 2.11474748824e-09,
        "dvar": 1.99966177476e-18,
        "dvar2": 4.64121942717e-18,
        "max": 1.75690329013e-18,
        "mean": -6.04217653688e-09,
        "median": -5.8297526806e-09,
        "min": -3.49635413954e-08,
        "var": 6.23116851156e-18
    },
    "spectral_energy": {
        "dmean": 0.00533924344927,
        "dmean2": 0.00847453065217,
        "dvar": 3.15409961331e-05,
        "dvar2": 7.30426618247e-05,
        "max": 0.138838082552,
        "mean": 0.0251125842333,
        "median": 0.0242512263358,
        "min": 1.07501385993e-20,
        "var": 0.000100786841358
    },
    "spectral_energyband_high": {
        "dmean": 0.000278149178484,
        "dmean2": 0.000402402627515,
        "dvar": 3.76822129056e-07,
        "dvar2": 7.20698551504e-07,
        "max": 0.0186121277511,
        "mean": 0.000765458447859,
        "median": 0.000467147125164,
        "min": 7.90712206518e-21,
        "var": 1.13266639801e-06
    },
    "spectral_energyband_low": {
        "dmean": 0.00126950803678,
        "dmean2": 0.0020725321956,
        "dvar": 3.45786975231e-06,
        "dvar2": 9.10777271201e-06,
        "max": 0.0317967943847,
        "mean": 0.0029696309939,
        "median": 0.00219678226858,
        "min": 8.52392165322e-23,
        "var": 7.54866096031e-06
    },
    "spectral_energyband_middle_high": {
        "dmean": 0.00215332210064,
        "dmean2": 0.00330883776769,
        "dvar": 7.33653587304e-06,
        "dvar2": 1.70102011907e-05,
        "max": 0.0571960806847,
        "mean": 0.00803389772773,
        "median": 0.00645441748202,
        "min": 1.10718730835e-21,
        "var": 3.44332074746e-05
    },
    "spectral_energyband_middle_low": {
        "dmean": 0.00423237681389,
        "dmean2": 0.00671896757558,
        "dvar": 2.37562016991e-05,
        "dvar2": 5.60792577744e-05,
        "max": 0.116552941501,
        "mean": 0.0138587560505,
        "median": 0.0122751910239,
        "min": 4.58010319165e-22,
        "var": 7.37832378945e-05
    },
    "spectral_entropy": {
        "dmean": 0.109164565802,
        "dmean2": 0.159598752856,
        "dvar": 0.0115889683366,
        "dvar2": 0.0213174559176,
        "max": 9.80147266388,
        "mean": 7.62231016159,
        "median": 7.61889648438,
        "min": 5.90860652924,
        "var": 0.112625442445
    },
    "spectral_flux": {
        "dmean": 0.0159503780305,
        "dmean2": 0.0255571641028,
        "dvar": 0.00025228652521,
        "dvar2": 0.000612097443081,
        "max": 0.283697545528,
        "mean": 0.0816502720118,
        "median": 0.0770814046264,
        "min": 1.03682874786e-10,
        "var": 0.000750679988414
    },
    "spectral_kurtosis": {
        "dmean": 1.33984708786,
        "dmean2": 2.31461715698,
        "dvar": 1.77741038799,
        "dvar2": 5.36890077591,
        "max": 21.5317287445,
        "mean": 4.22487735748,
        "median": 3.89721250534,
        "min": -1.23613119125,
        "var": 4.10970830917
    },
    "spectral_rms": {
        "dmean": 0.000515707419254,
        "dmean2": 0.000814609578811,
        "dvar": 2.32569689729e-07,
        "dvar2": 5.32506589934e-07,
        "max": 0.0116383759305,
        "mean": 0.00484227249399,
        "median": 0.00486412737519,
        "min": 3.23850907029e-12,
        "var": 1.05244100723e-06
    },
    "spectral_rolloff": {
        "dmean": 422.468688965,
        "dmean2": 683.796142578,
        "dvar": 380822.34375,
        "dvar2": 751713.25,
        "max": 18733.8867188,
        "mean": 2027.78356934,
        "median": 1701.12304688,
        "min": 193.798828125,
        "var": 2768268.25
    },
    "spectral_skewness": {
        "dmean": 0.174615412951,
        "dmean2": 0.289644688368,
        "dvar": 0.0234487764537,
        "dvar2": 0.0649274736643,
        "max": 3.22247123718,
        "mean": 1.42312836647,
        "median": 1.39630270004,
        "min": 0.0555905923247,
        "var": 0.0953204631805
    },
    "spectral_spread": {
        "dmean": 347154.125,
        "dmean2": 493268.4375,
        "dvar": 303746023424,
        "dvar2": 411558117376,
        "max": 41601784,
        "mean": 3977493.75,
        "median": 3658734.5,
        "min": 2048949.625,
        "var": 1.61548428902e+12
    },
    "spectral_strongpeak": {
        "dmean": 0.74722880125,
        "dmean2": 1.25710523129,
        "dvar": 1.19210350513,
        "dvar2": 3.04727768898,
        "max": 11.6199207306,
        "mean": 1.43819355965,
        "median": 0.953506588936,
        "min": 0,
        "var": 2.30310487747
    },
    "zerocrossingrate": {
        "dmean": 0.00831807591021,
        "dmean2": 0.00983249954879,
        "dvar": 0.000113566784421,
        "dvar2": 0.000120782024169,
        "max": 0.7734375,
        "mean": 0.0731108486652,
        "median": 0.06591796875,
        "min": 0.0146484375,
        "var": 0.0023774607107
    },
    "barkbands": {
        "dmean": [6.45075779175e-05, 0.000687218387611, 0.00064545776695, 0.000663106620777, 0.0019373127725, 0.00149327947292, 0.00121918448713, 0.00077294028597, 0.000909558089916, 0.000483017589431, 0.000426075421274, 0.000539841479622, 0.000620347564109, 0.00061940040905, 0.000360306527, 0.00035491361632, 0.00029523318517, 0.000393960945075, 0.000298879836919, 0.000165738660144, 9.28368172026e-05, 7.25414938643e-05, 6.07852634857e-05, 4.45721307187e-05, 2.9045253541e-05, 1.48823546624e-05, 4.38189822205e-08],
        "dmean2": [0.000114211245091, 0.00111566949636, 0.00106470310129, 0.00115205778275, 0.00314820022322, 0.0023085589055, 0.00190598983318, 0.0011921817204, 0.00138495955616, 0.000760979019105, 0.000667766202241, 0.00086328497855, 0.000998426461592, 0.000984870479442, 0.000591830175836, 0.000575542333536, 0.000485211872729, 0.000632562558167, 0.000467523583211, 0.00026705203345, 0.00014807379921, 0.000115766102681, 9.20566089917e-05, 6.55702751828e-05, 4.06556428061e-05, 2.16852840822e-05, 7.43980450579e-08],
        "dvar": [7.78924658107e-09, 1.17501281238e-06, 1.52168877321e-06, 1.46954550928e-06, 7.66475750424e-06, 6.12394114796e-06, 4.21480899604e-06, 3.30384682456e-06, 2.95387371807e-06, 9.93819639916e-07, 7.98673454483e-07, 1.51728579567e-06, 2.38476400227e-06, 1.64334539932e-06, 5.0431958698e-07, 4.98803558457e-07, 2.51601818491e-07, 4.31901355569e-07, 3.29332095816e-07, 9.02283545656e-08, 3.35694458897e-08, 2.52325200734e-08, 2.32458532423e-08, 2.30739711782e-08, 1.03470210178e-08, 3.86919563056e-09, 2.33471164087e-14],
        "dvar2": [2.28832650606e-08, 3.14057729156e-06, 4.01126862926e-06, 4.30271666119e-06, 1.91691360669e-05, 1.36829166877e-05, 9.75468356046e-06, 7.54560142013e-06, 7.03887690179e-06, 2.37918220591e-06, 1.89583067822e-06, 3.73201100956e-06, 6.01597412242e-06, 3.83621591027e-06, 1.16600813271e-06, 1.12636496397e-06, 6.09340474966e-07, 1.03562456388e-06, 7.63080549859e-07, 2.09164596754e-07, 7.73171038304e-08, 5.97363509769e-08, 4.55472672911e-08, 4.79257664665e-08, 2.0301392567e-08, 8.88858409098e-09, 6.05310005136e-14],
        "max": [0.00169223384, 0.0166778415442, 0.0199482701719, 0.0203821007162, 0.0484484173357, 0.0786370187998, 0.0451441705227, 0.0414307564497, 0.0386472642422, 0.0262928046286, 0.0190590862185, 0.0317507460713, 0.0409177877009, 0.0252253226936, 0.0226086787879, 0.0218220744282, 0.0114330491051, 0.0142406104133, 0.0215409509838, 0.00732427416369, 0.00524529069662, 0.00480897817761, 0.00517892371863, 0.00752249918878, 0.00369329564273, 0.0032693867106, 4.49229264632e-06],
        "mean": [7.50516846892e-05, 0.00133582344279, 0.00111896870658, 0.00105094327591, 0.00415238644928, 0.00301210768521, 0.00232206727378, 0.00131509942003, 0.00182300736196, 0.000833245459944, 0.000689252105076, 0.000893815828022, 0.00102294189855, 0.0011533232173, 0.000638587807771, 0.00068574945908, 0.000547241885215, 0.000808141485322, 0.000647168082651, 0.000331223505782, 0.000190293227206, 0.000151139276568, 0.000139319614391, 9.60790493991e-05, 5.60759108339e-05, 2.34828748944e-05, 3.81839342367e-08],
        "median": [4.1115017666e-05, 0.000819970853627, 0.000551561708562, 0.000522926915437, 0.0026209349744, 0.00175627274439, 0.00133914640173, 0.00052719109226, 0.000847146264277, 0.000353500974597, 0.000277329818346, 0.000319502782077, 0.000387796520954, 0.000438830757048, 0.000387461943319, 0.000384020502679, 0.000356193369953, 0.000454659370007, 0.000361992395483, 0.000200713475351, 0.000117093724839, 8.53579695104e-05, 6.9250294473e-05, 3.91783723899e-05, 1.68468341144e-05, 4.55337294625e-06, 2.06213135456e-09],
        "min": [4.64437724318e-23, 3.0875195415e-23, 2.74129101455e-23, 1.32178030736e-23, 5.13989580317e-23, 1.42517517025e-22, 7.96554634075e-23, 2.42258537127e-23, 7.34797427487e-23, 1.0448173651e-22, 3.37108790011e-23, 4.11525257753e-23, 7.20263075516e-23, 2.29380603731e-23, 3.49359484325e-23, 1.33966643466e-22, 1.46692964107e-22, 2.0099094179e-22, 2.36969802204e-22, 2.90955529807e-22, 5.88672392744e-22, 5.89894836847e-22, 7.86595801572e-22, 9.88822932576e-22, 1.04067005195e-21, 1.63675809062e-21, 2.38588918386e-21],
        "var": [1.0009367557e-08, 2.55182294495e-06, 2.54250085163e-06, 2.26288580052e-06, 2.03684230655e-05, 1.65008896147e-05, 1.0220481272e-05, 5.82955317441e-06, 7.29974863134e-06, 2.12850864045e-06, 1.67422467712e-06, 3.29413251166e-06, 4.70433360533e-06, 5.08916946274e-06, 8.85729377842e-07, 1.29227271373e-06, 5.20074024735e-07, 1.11846804884e-06, 8.58458122366e-07, 1.88222145425e-07, 6.6262721532e-08, 5.05774337967e-08, 6.3527991756e-08, 5.53241257251e-08, 2.41731097361e-08, 6.84005208029e-09, 2.18996760152e-14]
    },
    "erbbands": {
        "dmean": [0.0202172547579, 0.162017777562, 0.624170660973, 1.3679163456, 3.77537488937, 8.02546882629, 10.6723747253, 12.1792554855, 16.3396377563, 17.3254928589, 17.0849132538, 19.5405426025, 15.4666223526, 14.6144037247, 17.3971881866, 19.00274086, 28.1040019989, 25.969171524, 21.6513633728, 19.6002235413, 18.1443023682, 16.1313781738, 18.8107261658, 16.7584667206, 13.3429260254, 7.30257844925, 4.02110767365, 3.5323073864, 2.73906540871, 2.08266758919, 1.6551669836, 1.07925975323, 0.700416684151, 0.311213552952, 0.225069895387, 0.101233541965, 0.0201995633543, 0.00102011649869, 2.55111663137e-05, 7.2610382631e-06],
        "dmean2": [0.0325221568346, 0.26572149992, 1.02112472057, 2.32905173302, 6.37699985504, 12.96159935, 16.8290748596, 18.6004314423, 25.8016223907, 26.6428661346, 26.0299911499, 29.4533157349, 23.8481674194, 22.7438106537, 27.2948627472, 29.9466552734, 44.9733886719, 40.9264411926, 35.1521606445, 31.6784687042, 29.8788700104, 26.4023838043, 30.2274074554, 26.4726467133, 20.7062740326, 11.784532547, 6.52494049072, 5.57477140427, 4.37362575531, 3.18933963776, 2.52545928955, 1.62321031094, 1.04324185848, 0.442368805408, 0.322184711695, 0.147734344006, 0.0292627476156, 0.00142277497798, 3.55014744855e-05, 1.1259099665e-05],
        "dvar": [0.00113053352106, 0.0676648542285, 1.39625179768, 5.72769451141, 37.2056274414, 160.995101929, 397.408172607, 417.753967285, 918.046386719, 903.241821289, 1816.2322998, 1658.98901367, 999.356140137, 952.302978516, 1026.93322754, 1905.62231445, 5162.03417969, 3645.04467773, 1578.78613281, 1529.66015625, 1054.49377441, 839.199829102, 975.260803223, 1138.35498047, 628.180969238, 174.191635132, 56.0025062561, 61.5521583557, 36.0426635742, 25.3639278412, 16.8525524139, 13.5999288559, 5.79766607285, 1.33249604702, 0.620988726616, 0.179525181651, 0.00640657683834, 1.28449519252e-05, 7.10480252408e-09, 8.14787681769e-11],
        "dvar2": [0.00286484695971, 0.181670576334, 3.60762500763, 16.053396225, 104.887245178, 392.180145264, 854.370849609, 894.188659668, 2028.80737305, 2058.80053711, 4073.06713867, 3867.25537109, 2418.40283203, 2260.20239258, 2363.70410156, 4509.16845703, 13345.7607422, 8246.00683594, 3835.02709961, 3078.55322266, 2530.84350586, 2053.56591797, 2403.7644043, 2601.7824707, 1382.99511719, 407.823944092, 138.611190796, 136.467529297, 85.2814712524, 51.7988777161, 34.5153007507, 28.5836734772, 12.7839384079, 2.82978177071, 1.21568775177, 0.415350735188, 0.0140615291893, 2.73377809208e-05, 1.47710226273e-08, 1.81198583915e-10],
        "max": [0.665485620499, 4.57629823685, 21.3374919891, 55.0269584656, 89.1833190918, 277.748443604, 946.19152832, 727.120239258, 683.789489746, 717.249450684, 1044.88769531, 999.514526367, 792.599975586, 805.787597656, 573.877990723, 1479.0994873, 1909.70581055, 1400.33996582, 1031.86450195, 1517.4453125, 929.635375977, 803.740722656, 566.53338623, 1260.86413574, 754.293212891, 349.506011963, 161.332275391, 255.001358032, 172.975631714, 140.271362305, 129.50982666, 198.27947998, 108.290336609, 44.1311798096, 33.0986213684, 22.2176399231, 4.01510238647, 0.134124919772, 0.00383196328767, 0.000365874613635],
        "mean": [0.0378393642604, 0.310513854027, 1.14839339256, 2.5432202816, 6.78171205521, 16.2796630859, 22.0958328247, 24.7431526184, 30.5864868164, 33.3758201599, 32.3913879395, 39.5588111877, 30.8726882935, 27.2742729187, 30.9621753693, 35.1459159851, 50.4394264221, 51.7279281616, 41.8777122498, 38.0344352722, 36.2269134521, 32.6905097961, 40.5109024048, 38.8448753357, 30.4817829132, 15.7272958755, 8.24666976929, 7.176009655, 5.54924058914, 4.68614435196, 3.74214982986, 2.33293199539, 1.41207027435, 0.61671680212, 0.407232284546, 0.164182797074, 0.0316786579788, 0.00157459522597, 5.54601574549e-05, 3.42861894751e-05],
        "median": [0.0202188361436, 0.189713314176, 0.637482345104, 1.51735723019, 3.83260655403, 8.98040294647, 12.1218442917, 14.8187789917, 16.1784706116, 19.8545455933, 14.6163825989, 17.9420890808, 14.1343793869, 13.7082672119, 14.9954328537, 15.1750116348, 20.1166439056, 19.8607559204, 23.1677131653, 23.5607738495, 21.9935474396, 22.1989612579, 25.2848777771, 22.500005722, 17.2240371704, 9.90224456787, 5.30929136276, 4.21292066574, 3.15118598938, 2.50500893593, 1.87452769279, 1.0204885006, 0.528099775314, 0.191580280662, 0.117377787828, 0.0391746871173, 0.00502836378291, 0.000177098816494, 2.42233290919e-05, 3.21779298247e-05],
        "min": [1.5340787435e-21, 5.32181348929e-21, 2.03626582872e-20, 5.30623276697e-20, 3.56933151831e-20, 2.21300514812e-19, 5.89550285829e-19, 1.44694641029e-18, 1.26248151478e-18, 6.71934786502e-19, 6.41533107257e-19, 1.16128806435e-18, 4.66730415419e-18, 1.60945617459e-18, 1.47514923667e-18, 1.42414693447e-18, 2.97452163041e-18, 2.20833731622e-18, 1.76117195568e-18, 3.35169758496e-18, 7.71970111696e-18, 8.87198935284e-18, 1.13758882281e-17, 1.02832330969e-17, 1.34979059387e-17, 1.59563173249e-17, 2.49286693286e-17, 2.11156744159e-17, 2.15144151759e-17, 2.6138432555e-17, 1.66025223999e-17, 1.55762691924e-17, 1.99126163156e-17, 9.40980068043e-18, 8.98355285642e-18, 5.56834289646e-18, 3.32952749018e-18, 1.38415337223e-18, 3.54796557234e-19, 3.1345217675e-20],
        "var": [0.00246175285429, 0.14212089777, 2.33603739738, 9.49641513824, 70.4849014282, 429.251495361, 1015.98950195, 1169.97961426, 2152.85498047, 2062.9453125, 3325.96020508, 4129.47753906, 2388.31396484, 1916.58398438, 2203.64233398, 4323.85791016, 10470.6972656, 12591.3447266, 4009.29077148, 3444.67285156, 2505.19970703, 1713.48693848, 2279.69189453, 2954.74829102, 1840.21044922, 374.351776123, 100.584648132, 118.982757568, 69.0172729492, 63.6751556396, 46.9646148682, 30.4181938171, 12.5516624451, 2.80120921135, 1.42011642456, 0.307474821806, 0.0125216376036, 2.70870077657e-05, 1.62060231901e-08, 2.51733023315e-10]
    },
    "gfcc": {
        "mean": [19.3643703461, 95.1875762939, -142.380523682, 36.4460220337, -67.2791061401, 8.27170848846, -48.2487335205, 8.72397518158, -24.656255722, 1.43490993977, -11.2485303879, -0.401420712471, -10.1655473709],
        "cov": [[7899.92285156, 783.730407715, -520.400268555, 250.307037354, -309.19140625, 16.7411308289, -237.381332397, 28.9415893555, -155.854187012, -18.0852661133, -108.012016296, -30.6851119995, -112.51209259], [783.730407715, 1136.9140625, -136.350570679, 12.6407461166, 29.9381008148, -154.717102051, 64.4344940186, -85.4219665527, 70.1987686157, -125.108627319, 101.808151245, -106.690719604, 51.7226982117], [-520.400268555, -136.350570679, 458.167480469, 24.2886257172, 4.50731134415, -9.21566677094, -62.9543533325, 15.6852607727, -21.1315956116, 50.1928749084, -73.6980438232, 65.8156433105, -1.52347767353], [250.307037354, 12.6407461166, 24.2886257172, 225.7837677, 29.4493255615, -35.8094940186, -50.5207252502, 8.60397529602, 40.6684799194, -9.00804805756, -1.28566479683, 1.37694489956, 29.8935699463], [-309.19140625, 29.9381008148, 4.50731134415, 29.4493255615, 127.783935547, 22.1219558716, 27.3119354248, 6.28860807419, 10.9712696075, 7.85726547241, 14.2401533127, 4.24039363861, 4.53714799881], [16.7411308289, -154.717102051, -9.21566677094, -35.8094940186, 22.1219558716, 181.402160645, 72.8838882446, 11.2335519791, -12.6751422882, 39.4999694824, -12.7940368652, 2.78607678413, -14.7567186356], [-237.381332397, 64.4344940186, -62.9543533325, -50.5207252502, 27.3119354248, 72.8838882446, 164.783905029, 32.9651298523, 5.1246881485, 1.81397283077, 22.5027256012, -18.9332141876, -5.34047555923], [28.9415893555, -85.4219665527, 15.6852607727, 8.60397529602, 6.28860807419, 11.2335519791, 32.9651298523, 99.8606185913, 16.620344162, 14.0828437805, -3.79380345345, 9.21048927307, -5.09976816177], [-155.854187012, 70.1987686157, -21.1315956116, 40.6684799194, 10.9712696075, -12.6751422882, 5.1246881485, 16.620344162, 101.618461609, 8.11729335785, 22.0073032379, -6.7836022377, 22.8232898712], [-18.0852661133, -125.108627319, 50.1928749084, -9.00804805756, 7.85726547241, 39.4999694824, 1.81397283077, 14.0828437805, 8.11729335785, 94.030670166, -1.94730198383, 26.2426948547, -1.58128619194], [-108.012016296, 101.808151245, -73.6980438232, -1.28566479683, 14.2401533127, -12.7940368652, 22.5027256012, -3.79380345345, 22.0073032379, -1.94730198383, 101.825881958, -0.712675571442, 12.8179922104], [-30.6851119995, -106.690719604, 65.8156433105, 1.37694489956, 4.24039363861, 2.78607678413, -18.9332141876, 9.21048927307, -6.7836022377, 26.2426948547, -0.712675571442, 87.9742660522, 20.3743057251], [-112.51209259, 51.7226982117, -1.52347767353, 29.8935699463, 4.53714799881, -14.7567186356, -5.34047555923, -5.09976816177, 22.8232898712, -1.58128619194, 12.8179922104, 20.3743057251, 73.2726287842]],
        "icov": [[0.000580182066187, -0.00132604583632, 0.00127916305792, -0.0012541502947, 0.00169779383577, -0.00154278427362, 0.00185785489157, -0.00175871676765, 0.00174613134004, -0.00136884325184, 0.00132704398129, -0.00161001516972, 0.00160446122754], [-0.00132604583632, 0.00473890313879, -0.00318251526915, 0.00304164667614, -0.00427570240572, 0.00498164538294, -0.00554345035926, 0.00552920205519, -0.00482512544841, 0.00437457393855, -0.00401241099462, 0.00525019224733, -0.00460020732135], [0.00127916305792, -0.00318251526915, 0.00587902311236, -0.00298239663243, 0.003433795413, -0.0031831280794, 0.00484825484455, -0.00439455593005, 0.00427329679951, -0.00444558495656, 0.0050939572975, -0.00554829789326, 0.00396815594286], [-0.0012541502947, 0.00304164667614, -0.00298239663243, 0.00853164400905, -0.00536028016359, 0.00356838060543, -0.0019565706607, 0.00288330717012, -0.00562263652682, 0.0038753869012, -0.00268054124899, 0.00441799545661, -0.00543149979785], [0.00169779383577, -0.00427570240572, 0.003433795413, -0.00536028016359, 0.0139448875561, -0.00562582630664, 0.0040050605312, -0.00509687047452, 0.0050317728892, -0.004543652758, 0.00289128161967, -0.0056175775826, 0.00521500501782], [-0.00154278427362, 0.00498164538294, -0.0031831280794, 0.00356838060543, -0.00562582630664, 0.0134699670598, -0.00976234395057, 0.00677192397416, -0.00452523166314, 0.00120713119395, -0.00242891651578, 0.00509419711307, -0.00414257124066], [0.00185785489157, -0.00554345035926, 0.00484825484455, -0.0019565706607, 0.0040050605312, -0.00976234395057, 0.0169864725322, -0.0103203831241, 0.00597551977262, -0.00400639185682, 0.00308885681443, -0.0042160814628, 0.00465482845902], [-0.00175871676765, 0.00552920205519, -0.00439455593005, 0.00288330717012, -0.00509687047452, 0.00677192397416, -0.0103203831241, 0.01875863038, -0.00820174440742, 0.00403256947175, -0.00367538933642, 0.00412657065317, -0.00350119033828], [0.00174613134004, -0.00482512544841, 0.00427329679951, -0.00562263652682, 0.0050317728892, -0.00452523166314, 0.00597551977262, -0.00820174440742, 0.0183448158205, -0.00692017562687, 0.00246547255665, -0.00320275663398, 0.00170756457373], [-0.00136884325184, 0.00437457393855, -0.00444558495656, 0.0038753869012, -0.004543652758, 0.00120713119395, -0.00400639185682, 0.00403256947175, -0.00692017562687, 0.0182246938348, -0.00488191097975, 0.00177681155037, -0.00344147346914], [0.00132704398129, -0.00401241099462, 0.0050939572975, -0.00268054124899, 0.00289128161967, -0.00242891651578, 0.00308885681443, -0.00367538933642, 0.00246547255665, -0.00488191097975, 0.0162700116634, -0.00618770299479, 0.00337172811851], [-0.00161001516972, 0.00525019224733, -0.00554829789326, 0.00441799545661, -0.0056175775826, 0.00509419711307, -0.0042160814628, 0.00412657065317, -0.00320275663398, 0.00177681155037, -0.00618770299479, 0.0216630995274, -0.010647661984], [0.00160446122754, -0.00460020732135, 0.00396815594286, -0.00543149979785, 0.00521500501782, -0.00414257124066, 0.00465482845902, -0.00350119033828, 0.00170756457373, -0.00344147346914, 0.00337172811851, -0.010647661984, 0.0223601385951]]
    },
    "melbands": {
        "dmean": [0.00018256540352, 0.000270802120212, 0.00028997764457, 0.000405525701353, 0.000369714951375, 0.000276155216852, 0.000243717819103, 0.000183984317118, 0.000142959572258, 0.000121904078696, 7.92601276771e-05, 6.27691842965e-05, 6.36445765849e-05, 6.11797149759e-05, 6.61015801597e-05, 5.56185514142e-05, 5.07938057126e-05, 4.19373209297e-05, 2.56821331277e-05, 2.61604509433e-05, 2.1936792109e-05, 1.77131478267e-05, 1.79324451892e-05, 2.18222430703e-05, 1.43787910929e-05, 1.1666114915e-05, 8.81815776665e-06, 4.5023803068e-06, 2.86365821012e-06, 2.26040742746e-06, 2.19327375817e-06, 1.79432788627e-06, 1.30097112105e-06, 1.31164074446e-06, 1.11321799068e-06, 8.10927190287e-07, 6.70810436532e-07, 5.68666109757e-07, 3.77859436185e-07, 2.59229807398e-07],
        "dmean2": [0.000296282640193, 0.000445058976766, 0.000496296968777, 0.000663563550916, 0.000587201328017, 0.000423429504735, 0.000385096413083, 0.000283220579149, 0.000217316104681, 0.000185099052032, 0.000122814453789, 9.79287215159e-05, 9.94678048301e-05, 9.84302678262e-05, 0.00010400168685, 8.88421127456e-05, 7.99251502031e-05, 6.84723636368e-05, 4.2032723286e-05, 4.17755982198e-05, 3.64865227311e-05, 2.92008880933e-05, 2.91267442663e-05, 3.53363247996e-05, 2.28223580052e-05, 1.83735537576e-05, 1.41053842526e-05, 7.37453774491e-06, 4.742155852e-06, 3.6908322727e-06, 3.4951597172e-06, 2.92294794235e-06, 2.08053938877e-06, 2.04633670364e-06, 1.74427464117e-06, 1.23224810977e-06, 1.01826447008e-06, 8.66140510425e-07, 5.76351794734e-07, 3.78479995788e-07],
        "dvar": [8.40965412863e-08, 2.21627061592e-07, 2.29660514606e-07, 3.75390442287e-07, 3.81986950515e-07, 2.032395372e-07, 1.91837415286e-07, 1.00999557162e-07, 1.1616215545e-07, 6.01340985895e-08, 2.5332546727e-08, 1.77197794216e-08, 1.50280605737e-08, 2.49008138553e-08, 2.46324685094e-08, 1.64931144297e-08, 1.39545184297e-08, 6.70503874645e-09, 2.8335542801e-09, 3.45289996595e-09, 1.41406464316e-09, 1.08274678112e-09, 1.1657727006e-09, 1.31243960144e-09, 9.29781418524e-10, 4.45764342105e-10, 3.07197822735e-10, 8.17784451268e-11, 2.51011416513e-11, 2.23619855272e-11, 2.57842115714e-11, 1.72493477835e-11, 7.87288723797e-12, 1.04707605433e-11, 7.20011897326e-12, 5.13785151576e-12, 5.55538948177e-12, 3.63902701375e-12, 1.98121944198e-12, 8.54916614931e-13],
        "dvar2": [2.21869214556e-07, 5.6673599147e-07, 6.55822930185e-07, 9.58826035458e-07, 8.64177934545e-07, 4.4600423621e-07, 4.33816893519e-07, 2.29845937838e-07, 2.60515776063e-07, 1.4150580796e-07, 6.19757969389e-08, 4.21522337035e-08, 3.44456729806e-08, 6.06168129025e-08, 5.64083393328e-08, 4.18221439702e-08, 3.05001641721e-08, 1.61441349178e-08, 6.47200248949e-09, 7.17157755403e-09, 3.41692962813e-09, 2.61533150692e-09, 2.84923418192e-09, 3.13665049489e-09, 2.16509166151e-09, 9.66695057336e-10, 6.98956281742e-10, 1.91879859224e-10, 6.33363639313e-11, 5.45252280826e-11, 5.87556461817e-11, 4.40084982345e-11, 1.78123349404e-11, 2.19696830173e-11, 1.58754571988e-11, 1.10200780792e-11, 1.1563954655e-11, 8.3079047114e-12, 4.62343401411e-12, 1.86834250328e-12],
        "max": [0.00506365485489, 0.00832150410861, 0.00876577012241, 0.0103254616261, 0.025146400556, 0.0144075267017, 0.00999083556235, 0.00661578495055, 0.00825028773397, 0.00625629210845, 0.00384084135294, 0.00338135380298, 0.00244543212466, 0.00355072156526, 0.00473438343033, 0.00294550904073, 0.00254420493729, 0.00204404559918, 0.00149712152779, 0.00224332138896, 0.000865413167048, 0.00098397617694, 0.000717233924661, 0.000724213896319, 0.0011895080097, 0.00055228540441, 0.000451106461696, 0.000273053155979, 0.000101684679976, 0.000138158487971, 0.000161288946401, 0.000112304529466, 0.000107125990326, 9.19613448787e-05, 8.04560768302e-05, 0.000111047251266, 0.000122738085338, 7.96203094069e-05, 5.32022822881e-05, 2.89324470941e-05],
        "mean": [0.000356985110557, 0.000540808250662, 0.000547006260604, 0.000823994167149, 0.000801791553386, 0.00056632765336, 0.000463740900159, 0.000349891022779, 0.000271981552942, 0.00024204562942, 0.000152263426571, 0.000111978813948, 0.000106516781671, 9.95613590931e-05, 0.000114948765258, 9.66809311649e-05, 9.54994466156e-05, 7.36621223041e-05, 4.59922739537e-05, 4.94838932354e-05, 3.92346919398e-05, 3.19457503792e-05, 3.27985362674e-05, 4.27803934144e-05, 3.00606989185e-05, 2.4565955755e-05, 1.78442005563e-05, 8.35651098896e-06, 5.27675001649e-06, 4.12089502788e-06, 4.16757029598e-06, 3.25183486893e-06, 2.60215733761e-06, 2.68084568233e-06, 2.31614831137e-06, 1.65155347531e-06, 1.31704450723e-06, 1.06771358332e-06, 6.89307171342e-07, 4.7031372219e-07],
        "median": [0.000215481442865, 0.000339175952831, 0.000344597676303, 0.00049409805797, 0.000482416886371, 0.000342358165653, 0.000259879801888, 0.000205193049624, 0.000116644703667, 0.000109421787784, 6.43968960503e-05, 5.25516661583e-05, 4.85145101266e-05, 3.10727555188e-05, 4.39078758063e-05, 3.81788340746e-05, 3.37499586749e-05, 3.44238578691e-05, 2.7945256079e-05, 2.67340801656e-05, 2.27613745665e-05, 2.03076760954e-05, 1.98893449124e-05, 2.25660023716e-05, 1.65876717801e-05, 1.37822044053e-05, 9.03273848962e-06, 5.06821970703e-06, 3.27108205056e-06, 2.32109232456e-06, 2.38716006606e-06, 1.76444120825e-06, 1.40874533372e-06, 1.33465516683e-06, 1.13134808544e-06, 7.71123325194e-07, 5.32246247076e-07, 3.9435443e-07, 2.19809109581e-07, 1.31654090296e-07],
        "min": [1.32130454535e-23, 9.62539204242e-24, 8.39902256827e-24, 7.33795179707e-24, 2.08100181511e-23, 3.03575764434e-23, 1.86633619672e-23, 6.32689125738e-24, 5.13165575659e-24, 9.57515895769e-24, 2.30350650209e-23, 6.14175309711e-24, 5.17941497351e-24, 4.80899902458e-24, 2.62196065651e-24, 8.65355248365e-24, 3.37873898315e-24, 2.52493313175e-24, 2.45733682407e-24, 7.04974462079e-24, 9.34427041479e-24, 8.04237224213e-24, 9.56929141028e-24, 1.03878055969e-23, 7.91385181232e-24, 8.08963053238e-24, 1.12935543891e-23, 9.68554505302e-24, 1.71805085692e-23, 1.03898432246e-23, 1.29329682777e-23, 1.43233979432e-23, 8.48889118032e-24, 1.79090247706e-23, 9.45964999965e-24, 9.4433126903e-24, 8.69782572423e-24, 1.48049044402e-23, 1.04758006643e-23, 7.04538537543e-24],
        "var": [1.8847045169e-07, 3.97807212948e-07, 3.93924210584e-07, 9.2943389518e-07, 1.02859632989e-06, 5.64335550735e-07, 4.50765128335e-07, 2.15170587126e-07, 2.24557709316e-07, 1.44298908822e-07, 6.1595684997e-08, 3.55756704096e-08, 3.1727218186e-08, 5.38337197042e-08, 5.87126258722e-08, 3.4196041554e-08, 4.63704381559e-08, 1.72921481578e-08, 5.09540187821e-09, 9.31714794206e-09, 3.02101366145e-09, 2.10590611616e-09, 2.06314809681e-09, 3.43637429623e-09, 2.10594519601e-09, 1.23648558059e-09, 7.48997974753e-10, 1.38310168873e-10, 4.23482464373e-11, 3.89564075443e-11, 4.5137303617e-11, 2.64266230426e-11, 1.73185667196e-11, 2.41006797852e-11, 1.79032257769e-11, 1.23169105123e-11, 1.17491979687e-11, 7.41252198511e-12, 3.65167184685e-12, 1.68536701522e-12]
    },
    "mfcc": {
        "mean": [-608.425415039, 116.875465393, -16.3953704834, 22.7845573425, -0.407124876976, -2.28463554382, -9.26913642883, 1.27377188206, -11.3172044754, 1.02436590195, -0.906278014183, -2.33336472511, -3.19602155685],
        "cov": [[3195.94287109, -4.86772680283, -126.308609009, 43.7069511414, -32.3939208984, 7.50641012192, 12.8140592575, 34.9961357117, -26.9625339508, 54.4421958923, 9.75266647339, 1.2528668642, -19.8317279816], [-4.86772680283, 894.682128906, -53.2472801208, 79.2773971558, -44.4665756226, -31.2488803864, -1.05280220509, 23.8427906036, -49.651008606, 10.3375730515, 9.5013217926, -9.39484500885, 4.64566326141], [-126.308609009, -53.2472801208, 322.705352783, 37.9012756348, 41.0473709106, -1.96687233448, -43.7643318176, -34.5956497192, 40.3662643433, -52.7857971191, -10.3433361053, 3.46993231773, 5.9066362381], [43.7069511414, 79.2773971558, 37.9012756348, 226.624511719, 71.6553878784, -41.9083213806, -57.5542564392, -2.5920124054, 6.09415149689, -22.1957149506, -7.99893808365, -5.30500888824, 7.81806945801], [-32.3939208984, -44.4665756226, 41.0473709106, 71.6553878784, 137.064987183, 2.53502416611, -37.364112854, -13.6145210266, 0.707098722458, -14.3385353088, -5.20417833328, -5.02919340134, 2.81147074699], [7.50641012192, -31.2488803864, -1.96687233448, -41.9083213806, 2.53502416611, 134.857391357, 39.8055152893, -7.68191957474, 27.5450782776, 2.6122341156, 4.10506677628, 19.8275489807, -6.97536182404], [12.8140592575, -1.05280220509, -43.7643318176, -57.5542564392, -37.364112854, 39.8055152893, 137.323043823, 29.440114975, 3.34045982361, 26.4156360626, 16.6530990601, 5.0455827713, -1.46169996262], [34.9961357117, 23.8427906036, -34.5956497192, -2.5920124054, -13.6145210266, -7.68191957474, 29.440114975, 95.944229126, 3.03803229332, 27.1708507538, 2.34609150887, -4.32881307602, 4.98190546036], [-26.9625339508, -49.651008606, 40.3662643433, 6.09415149689, 0.707098722458, 27.5450782776, 3.34045982361, 3.03803229332, 114.378135681, -2.57480669022, -0.493512988091, 9.60613536835, 0.611783623695], [54.4421958923, 10.3375730515, -52.7857971191, -22.1957149506, -14.3385353088, 2.6122341156, 26.4156360626, 27.1708507538, -2.57480669022, 103.991241455, 29.6546401978, -8.91621494293, -7.47557067871], [9.75266647339, 9.5013217926, -10.3433361053, -7.99893808365, -5.20417833328, 4.10506677628, 16.6530990601, 2.34609150887, -0.493512988091, 29.6546401978, 68.331741333, 18.9351882935, -6.6539888382], [1.2528668642, -9.39484500885, 3.46993231773, -5.30500888824, -5.02919340134, 19.8275489807, 5.0455827713, -4.32881307602, 9.60613536835, -8.91621494293, 18.9351882935, 64.2108688354, 17.2797355652], [-19.8317279816, 4.64566326141, 5.9066362381, 7.81806945801, 2.81147074699, -6.97536182404, -1.46169996262, 4.98190546036, 0.611783623695, -7.47557067871, -6.6539888382, 17.2797355652, 65.6694030762]],
