{
"lowlevel": {
    "average_loudness": 0.727171063423,
    "barkbands_crest": {
        "dmean": 2.12137937546,
        "dmean2": 3.47866535187,
        "dvar": 4.16244077682,
        "dvar2": 10.594496727,
        "max": 25.4844036102,
        "mean": 9.08019351959,
        "median": 7.82925415039,
        "min": 2.161683321,
        "var": 16.3679523468
    },
    "barkbands_flatness_db": {
        "dmean": 0.0164021104574,
        "dmean2": 0.0255875214934,
        "dvar": 0.000248931726674,
        "dvar2": 0.00056201411644,
        "max": 0.398943632841,
        "mean": 0.143059849739,
        "median": 0.140752643347,
        "min": 0.0144425686449,
        "var": 0.00257711508311
    },
    "barkbands_kurtosis": {
        "dmean": 1.87208282948,
        "dmean2": 2.92161560059,
        "dvar": 10.0038986206,
        "dvar2": 19.8396186829,
        "max": 215.277053833,
        "mean": 3.61982369423,
        "median": 2.07886648178,
        "min": -1.89451634884,
        "var": 62.9007034302
    },
    "barkbands_skewness": {
        "dmean": 0.385531157255,
        "dmean2": 0.595500767231,
        "dvar": 0.15560336411,
        "dvar2": 0.34478995204,
        "max": 11.6501255035,
        "mean": 0.966280758381,
        "median": 1.11432349682,
        "min": -3.81946396828,
        "var": 2.31928086281
    },
    "barkbands_spread": {
        "dmean": 4.15189027786,
        "dmean2": 6.40048027039,
        "dvar": 27.2272167206,
        "dvar2": 50.8884086609,
        "max": 86.4792022705,
        "mean": 19.2881546021,
        "median": 17.6281509399,
        "min": 0.393159985542,
        "var": 124.123985291
    },
    "dissonance": {
        "dmean": 0.0174863301218,
        "dmean2": 0.0292060002685,
        "dvar": 0.00030749142752,
        "dvar2": 0.000844856898766,
        "max": 0.500000059605,
        "mean": 0.463103115559,
        "median": 0.469269186258,
        "min": 0.262742400169,
        "var": 0.000912888441235
    },
    "dynamic_complexity": 2.59287762642,
    "erbbands_crest": {
        "dmean": 2.35425806046,
        "dmean2": 3.83446526527,
        "dvar": 5.54434013367,
        "dvar2": 14.0211248398,
        "max": 29.2542686462,
        "mean": 8.80087089539,
        "median": 7.77152299881,
        "min": 2.42400121689,
        "var": 21.2749595642
    },
    "erbbands_flatness_db": {
        "dmean": 0.014053218998,
        "dmean2": 0.0209282934666,
        "dvar": 0.000189986181795,
        "dvar2": 0.000366541033145,
        "max": 0.394537568092,
        "mean": 0.180802419782,
        "median": 0.185747757554,
        "min": 0.0689574182034,
        "var": 0.00257794721983
    },
    "erbbands_kurtosis": {
        "dmean": 0.762657344341,
        "dmean2": 1.2012206316,
        "dvar": 1.88393700123,
        "dvar2": 3.85223579407,
        "max": 75.3196411133,
        "mean": 0.345077633858,
        "median": -0.130153179169,
        "min": -1.88286948204,
        "var": 9.35505485535
    },
    "erbbands_skewness": {
        "dmean": 0.327024549246,
        "dmean2": 0.505646169186,
        "dvar": 0.100842393935,
        "dvar2": 0.222432971001,
        "max": 7.54274320602,
        "mean": 0.322049111128,
        "median": 0.297553926706,
        "min": -4.96895217896,
        "var": 0.732287526131
    },
    "erbbands_spread": {
        "dmean": 5.79356241226,
        "dmean2": 8.81713485718,
        "dvar": 40.273059845,
        "dvar2": 82.9110717773,
        "max": 110.027946472,
        "mean": 34.5493431091,
        "median": 34.0186195374,
        "min": 2.02997207642,
        "var": 218.715499878
    },
    "hfc": {
        "dmean": 4.62279939651,
        "dmean2": 6.62219381332,
        "dvar": 44.0258331299,
        "dvar2": 86.7533187866,
        "max": 114.902572632,
        "mean": 18.2875118256,
        "median": 15.0573539734,
        "min": 1.02986123698e-16,
        "var": 251.756454468
    },
    "melbands_crest": {
        "dmean": 2.54632282257,
        "dmean2": 4.20745801926,
        "dvar": 6.28657579422,
        "dvar2": 16.4904689789,
        "max": 32.1338653564,
        "mean": 10.5119752884,
        "median": 9.99428844452,
        "min": 1.46146452427,
        "var": 31.2599945068
    },
    "melbands_flatness_db": {
        "dmean": 0.0180306117982,
        "dmean2": 0.0273204147816,
        "dvar": 0.000402017787565,
        "dvar2": 0.000862204527948,
        "max": 0.473631173372,
        "mean": 0.171146705747,
        "median": 0.182084307075,
        "min": 0.00254774000496,
        "var": 0.00752413552254
    },
    "melbands_kurtosis": {
        "dmean": 3.34863328934,
        "dmean2": 5.18126773834,
        "dvar": 28.4366950989,
        "dvar2": 63.9191703796,
        "max": 196.608337402,
        "mean": 8.05153656006,
        "median": 4.60625123978,
        "min": -1.90559566021,
        "var": 183.118377686
    },
    "melbands_skewness": {
        "dmean": 0.455087333918,
        "dmean2": 0.704098939896,
        "dvar": 0.222338572145,
        "dvar2": 0.514155745506,
        "max": 9.74192619324,
        "mean": 1.88154292107,
        "median": 1.83334803581,
        "min": -1.13281702995,
        "var": 2.16819238663
    },
    "melbands_spread": {
        "dmean": 6.70320796967,
        "dmean2": 10.6056680679,
        "dvar": 83.0494537354,
        "dvar2": 174.695800781,
        "max": 203.02520752,
        "mean": 37.0926551819,
        "median": 22.0501899719,
        "min": 0.488937914371,
        "var": 1659.01733398
    },
    "pitch_salience": {
        "dmean": 0.0538539551198,
        "dmean2": 0.0876708105206,
        "dvar": 0.00262254662812,
        "dvar2": 0.00669007189572,
        "max": 0.911451399326,
        "mean": 0.622264862061,
        "median": 0.626146018505,
        "min": 0.0602568201721,
        "var": 0.0161866154522
    },
    "silence_rate_20dB": {
        "dmean": 0,
        "dmean2": 0,
        "dvar": 0,
        "dvar2": 0,
        "max": 1,
        "mean": 1,
        "median": 1,
        "min": 1,
        "var": 0
    },
    "silence_rate_30dB": {
        "dmean": 0.000677200907376,
        "dmean2": 0.00135455466807,
        "dvar": 0.000676757830661,
        "dvar2": 0.00180429941975,
        "max": 1,
        "mean": 0.99954855442,
        "median": 1,
        "min": 0,
        "var": 0.000451241881819
    },
    "silence_rate_60dB": {
        "dmean": 0.00812641065568,
        "dmean2": 0.0162546560168,
        "dvar": 0.00805969536304,
        "dvar2": 0.018247704953,
        "max": 1,
        "mean": 0.169506832957,
        "median": 0,
        "min": 0,
        "var": 0.140785053372
    },
    "spectral_centroid": {
        "dmean": 234.991439819,
        "dmean2": 369.35244751,
        "dvar": 93045.7734375,
        "dvar2": 192187.796875,
        "max": 11904.5087891,
        "mean": 2568.65380859,
        "median": 1303.01550293,
        "min": 279.923156738,
        "var": 11301871
    },
    "spectral_complexity": {
        "dmean": 2.72911953926,
        "dmean2": 4.19934511185,
        "dvar": 12.134180069,
        "dvar2": 26.2203044891,
        "max": 58,
        "mean": 16.7911071777,
        "median": 17,
        "min": 0,
        "var": 101.42755127
    },
    "spectral_decrease": {
        "dmean": 1.55130586155e-09,
        "dmean2": 2.31106178639e-09,
        "dvar": 4.25750812539e-18,
        "dvar2": 9.1810538082e-18,
        "max": 3.13418689135e-28,
        "mean": -5.66407765135e-09,
        "median": -5.22407184178e-09,
        "min": -3.62909418072e-08,
        "var": 1.98071491331e-17
    },
    "spectral_energy": {
        "dmean": 0.0061797411181,
        "dmean2": 0.00917268637568,
        "dvar": 6.60357691231e-05,
        "dvar2": 0.000141444499604,
        "max": 0.14197036624,
        "mean": 0.0230363104492,
        "median": 0.0214547347277,
        "min": 9.59634927622e-21,
        "var": 0.000318528240314
    },
    "spectral_energyband_high": {
        "dmean": 0.000239516564761,
        "dmean2": 0.000322614447214,
        "dvar": 4.31970590853e-07,
        "dvar2": 7.1968111115e-07,
        "max": 0.0151236383244,
        "mean": 0.000509145553224,
        "median": 0.00015604023065,
        "min": 6.83674792915e-21,
        "var": 1.30184253067e-06
    },
    "spectral_energyband_low": {
        "dmean": 0.00133157311939,
        "dmean2": 0.00216911360621,
        "dvar": 1.04684522739e-05,
        "dvar2": 2.64137670456e-05,
        "max": 0.0476458445191,
        "mean": 0.00267505319789,
        "median": 0.0015738006914,
        "min": 1.01599297138e-23,
        "var": 1.57719096023e-05
    },
    "spectral_energyband_middle_high": {
        "dmean": 0.00159573031124,
        "dmean2": 0.0023783906363,
        "dvar": 6.33706576991e-06,
        "dvar2": 1.45246085594e-05,
        "max": 0.0466998778284,
        "mean": 0.00555064575747,
        "median": 0.00320752128027,
        "min": 9.94850082328e-22,
        "var": 4.29704814451e-05
    },
    "spectral_energyband_middle_low": {
        "dmean": 0.00505886832252,
        "dmean2": 0.00772447139025,
        "dvar": 4.65305893158e-05,
        "dvar2": 0.000106048384623,
        "max": 0.141415923834,
        "mean": 0.0150452023372,
        "median": 0.0125923370942,
        "min": 8.33262667023e-23,
        "var": 0.00018667022232
    },
    "spectral_entropy": {
        "dmean": 0.12693297863,
        "dmean2": 0.186899811029,
        "dvar": 0.0223923958838,
        "dvar2": 0.0425604879856,
        "max": 9.83034324646,
        "mean": 7.680123806,
        "median": 7.42170667648,
        "min": 4.87349176407,
        "var": 0.8697463274
    },
    "spectral_flux": {
        "dmean": 0.0165524557233,
        "dmean2": 0.0264555513859,
        "dvar": 0.000369944231352,
        "dvar2": 0.00085324497195,
        "max": 0.242866322398,
        "mean": 0.0689499825239,
        "median": 0.0695588886738,
        "min": 6.1637174531e-11,
        "var": 0.00184232415631
    },
    "spectral_kurtosis": {
        "dmean": 1.74683630466,
        "dmean2": 2.99969935417,
        "dvar": 4.20663642883,
        "dvar2": 12.3107557297,
        "max": 36.5459632874,
        "mean": 4.40132284164,
        "median": 4.24065971375,
        "min": -1.28933084011,
        "var": 14.3477392197
    },
    "spectral_rms": {
        "dmean": 0.000573128811084,
        "dmean2": 0.000838147767354,
        "dvar": 4.3512358161e-07,
        "dvar2": 8.67449500674e-07,
        "max": 0.011768928729,
        "mean": 0.00416782032698,
        "median": 0.00457509001717,
        "min": 3.05978636525e-12,
        "var": 5.10377685714e-06
    },
    "spectral_rolloff": {
        "dmean": 400.807159424,
        "dmean2": 657.93182373,
        "dvar": 500237.0625,
        "dvar2": 939298.3125,
        "max": 19789.0136719,
        "mean": 3789.859375,
        "median": 1356.59179688,
        "min": 172.265625,
        "var": 35927036
    },
    "spectral_skewness": {
        "dmean": 0.213584676385,
        "dmean2": 0.349194288254,
        "dvar": 0.0484799332917,
        "dvar2": 0.12584733963,
        "max": 4.51996278763,
        "mean": 1.34549045563,
        "median": 1.45043802261,
        "min": -0.484411299229,
        "var": 0.488219261169
    },
    "spectral_spread": {
        "dmean": 460840.59375,
        "dmean2": 698159.6875,
        "dvar": 831455756288,
        "dvar2": 1.83302291456e+12,
        "max": 51795400,
        "mean": 8548792,
        "median": 3450844.5,
        "min": 1613417.875,
        "var": 1.58252817973e+14
    },
    "spectral_strongpeak": {
        "dmean": 0.59238922596,
        "dmean2": 0.989758193493,
        "dvar": 0.85764247179,
        "dvar2": 2.18008565903,
        "max": 21.5839214325,
        "mean": 1.22475540638,
        "median": 0.764583647251,
        "min": 0,
        "var": 2.29806065559
    },
    "zerocrossingrate": {
        "dmean": 0.00883337110281,
        "dmean2": 0.0109112868086,
        "dvar": 0.000168059850694,
        "dvar2": 0.000200060443603,
        "max": 0.80078125,
        "mean": 0.116147123277,
        "median": 0.05419921875,
        "min": 0.01025390625,
        "var": 0.0240218844265
    },
    "barkbands": {
        "dmean": [2.47022708209e-05, 0.0006896489067, 0.000644663465209, 0.000731123785954, 0.00217395671643, 0.00174334424082, 0.00132002867758, 0.00108716578688, 0.000760628143325, 0.000693999114446, 0.000372438284103, 0.000352351577021, 0.000314964418067, 0.000309094990371, 0.000279804342426, 0.00021591251425, 0.000184250966413, 0.000184950200492, 0.000155827743583, 0.000107562904304, 6.81953242747e-05, 5.81209787924e-05, 5.49538090127e-05, 3.95837050746e-05, 1.80599690793e-05, 9.09979462449e-06, 1.64637974365e-08],
        "dmean2": [3.90924469684e-05, 0.00116090627853, 0.00110116985161, 0.00122991448734, 0.00340764434077, 0.00271718995646, 0.00202586967498, 0.00172185117844, 0.00117867894005, 0.0010673974175, 0.000574034173042, 0.000555948645342, 0.000498513109051, 0.000495141081046, 0.000451252300991, 0.000351809489075, 0.000296271929983, 0.000296867772704, 0.000249721837463, 0.000171738603967, 0.000102904647065, 8.4337509179e-05, 7.53540298319e-05, 5.40150576853e-05, 2.58142845269e-05, 1.37858187372e-05, 2.80639795847e-08],
        "dvar": [2.36726971359e-09, 3.32255422109e-06, 3.48961611962e-06, 4.20929427492e-06, 1.29352501972e-05, 1.0863006537e-05, 8.45401609695e-06, 6.49303228784e-06, 4.24542122346e-06, 2.9468565117e-06, 7.54325469643e-07, 9.57989982453e-07, 1.05045046439e-06, 8.74015313457e-07, 4.54553997997e-07, 2.01199199523e-07, 1.20311142382e-07, 2.9391887324e-07, 1.78473555934e-07, 4.33414335532e-08, 3.87497358645e-08, 3.86032539268e-08, 4.95342078466e-08, 1.78592962641e-08, 4.40503322707e-09, 1.91221105617e-09, 6.85176385979e-15],
        "dvar2": [5.32143795695e-09, 8.79195158632e-06, 9.73001078819e-06, 1.17396530186e-05, 3.22973828588e-05, 2.48103569902e-05, 1.89310758287e-05, 1.57108279382e-05, 1.04070140878e-05, 7.1692934398e-06, 1.83394831765e-06, 2.38543702835e-06, 2.74279909718e-06, 2.05783885576e-06, 1.1417390624e-06, 5.15555257152e-07, 3.04962071596e-07, 6.72809790103e-07, 3.75284656684e-07, 1.10157579059e-07, 8.41366158966e-08, 7.74313093643e-08, 9.1857117468e-08, 3.28670104466e-08, 9.53246903634e-09, 4.51840831417e-09, 1.75741159228e-14],
        "max": [0.00225439411588, 0.036825094372, 0.0370800420642, 0.0741093456745, 0.0645278096199, 0.12561583519, 0.0733594968915, 0.0511911660433, 0.04570107162, 0.0610279515386, 0.0271492339671, 0.0233651958406, 0.0349541790783, 0.0239568538964, 0.0160168372095, 0.0100319059566, 0.00627020699903, 0.0239818003029, 0.023393727839, 0.00490343756974, 0.00541512109339, 0.00743846641853, 0.00813072174788, 0.00348141975701, 0.00177101115696, 0.00129410042427, 2.93176299238e-06],
        "mean": [4.50601328339e-05, 0.00122316950001, 0.000925249769352, 0.00112846773118, 0.00450394907966, 0.00346608110704, 0.00232767546549, 0.00181628321297, 0.00130964582786, 0.00123454467393, 0.000697594834492, 0.000641628925223, 0.000571459007915, 0.000568391697016, 0.000472509185784, 0.000382767990232, 0.000365101906937, 0.000382636935683, 0.000321451865602, 0.000227645214181, 0.00011691943655, 0.000105840736069, 9.79560936685e-05, 6.62612656015e-05, 2.69017618848e-05, 1.11368162834e-05, 1.60613300437e-08],
        "median": [9.16412318475e-06, 0.000585669127759, 0.000386798667023, 0.000485267519252, 0.00281012896448, 0.00138983409852, 0.000673793139867, 0.000473165535368, 0.000326611829223, 0.000318123667967, 0.000201583039598, 0.000140235250001, 0.000136170216138, 0.000111667832243, 0.000143131022924, 0.000151124841068, 0.000163825505297, 0.000154904308147, 0.000160658615641, 9.65204817476e-05, 3.02545122395e-05, 2.15495128941e-05, 1.80477181857e-05, 9.29901580093e-06, 3.17952640216e-06, 9.47927048855e-07, 2.41918396426e-09],
        "min": [7.36526516914e-26, 6.93809575637e-25, 5.21424978918e-25, 2.52830043383e-25, 2.43908455488e-24, 1.88265323234e-24, 1.5982558598e-24, 4.96972115097e-24, 1.06692830008e-23, 9.27310253936e-24, 6.52923565729e-24, 1.33755121458e-23, 1.35689487284e-23, 1.85957692094e-23, 2.81806011795e-23, 2.17638172498e-23, 4.63567957838e-23, 6.04212296245e-23, 8.12030507314e-23, 1.25721545015e-22, 2.2514282086e-22, 2.76594777723e-22, 2.83213358583e-22, 4.8063686941e-22, 7.83992080958e-22, 1.2047677615e-21, 1.77952055842e-21],
        "var": [7.30413596273e-09, 4.32120486948e-06, 3.15240799864e-06, 4.70952136311e-06, 3.10133837047e-05, 4.34742541984e-05, 2.13641833398e-05, 1.42062317536e-05, 9.14793690754e-06, 7.31370482754e-06, 2.29639408644e-06, 2.86678050543e-06, 2.81473444375e-06, 2.47218281402e-06, 9.81054199656e-07, 4.45526552539e-07, 2.94224349773e-07, 9.44143323522e-07, 4.12094408375e-07, 1.08470963767e-07, 8.09822608971e-08, 9.48625213937e-08, 1.12626821647e-07, 4.23559995966e-08, 7.71434560676e-09, 2.59780286171e-09, 5.79955073359e-15]
    },
    "erbbands": {
        "dmean": [0.0163869708776, 0.173680573702, 0.626052677631, 1.62508010864, 5.00733041763, 8.30411052704, 8.84705924988, 16.6803607941, 19.9593334198, 17.9174766541, 23.0756034851, 18.8651313782, 18.6808452606, 17.644197464, 15.059756279, 15.6396780014, 13.8235254288, 15.540977478, 15.2268514633, 11.2985277176, 10.0801010132, 8.25702667236, 9.06076812744, 8.8202381134, 7.29901027679, 4.87524747849, 2.88937568665, 2.64344573021, 2.11149144173, 1.843567729, 1.55362212658, 1.02122628689, 0.557658612728, 0.217408910394, 0.123191006482, 0.0614374913275, 0.0112742129713, 0.000440423173131, 1.54928748088e-05, 7.89253590483e-06],
        "dmean2": [0.0273755025119, 0.290734499693, 1.06373202801, 2.74882435799, 7.91205358505, 13.2978143692, 14.0721302032, 26.0468845367, 30.3612003326, 28.7701663971, 36.2003250122, 29.1021137238, 28.3055324554, 27.4573631287, 23.1707839966, 24.4803276062, 22.0480690002, 24.5314807892, 24.3438892365, 18.3180274963, 16.3338413239, 13.0135688782, 14.4710159302, 14.0631771088, 11.6368637085, 7.76075172424, 4.46828746796, 3.91162776947, 3.08385276794, 2.63403820992, 2.14185976982, 1.42262744904, 0.77246516943, 0.306376069784, 0.180549904704, 0.0921384766698, 0.0171297919005, 0.000677664007526, 2.27947857638e-05, 1.15815946629e-05],
        "dvar": [0.00115480076056, 0.242354676127, 3.40545344353, 19.9341659546, 92.6190490723, 210.375411987, 237.012420654, 1186.40075684, 1972.14599609, 1655.28808594, 3363.37597656, 2718.08691406, 3521.91894531, 1688.94213867, 1110.27490234, 2034.27355957, 2246.33447266, 1967.87670898, 1598.3416748, 655.587036133, 399.735931396, 266.624267578, 460.092651367, 962.274963379, 170.20022583, 86.5036773682, 50.5628242493, 79.5470275879, 59.0182800293, 49.0102005005, 38.4389953613, 13.5132408142, 3.59979724884, 0.627083361149, 0.215001165867, 0.0758968964219, 0.00305664585903, 7.3266974141e-06, 4.01992883425e-09, 1.18718632147e-10],
        "dvar2": [0.00314900116064, 0.629507184029, 9.23987865448, 55.0125465393, 221.28338623, 547.55871582, 604.613952637, 2692.94702148, 4266.21582031, 4153.17138672, 8031.06640625, 6668.26464844, 8752.19335938, 4097.76904297, 2689.30224609, 5090.81835938, 6011.08300781, 4590.44873047, 3943.42749023, 1756.33312988, 1038.40771484, 650.053283691, 1120.47399902, 1930.78198242, 420.617919922, 219.404296875, 118.451347351, 169.497634888, 125.006446838, 88.8311691284, 73.772567749, 24.761888504, 7.13104104996, 1.33280527592, 0.475998491049, 0.177286893129, 0.00715769547969, 1.80146853381e-05, 9.42038447249e-09, 2.49399362273e-10],
        "max": [1.10889399052, 9.90707492828, 30.7956638336, 124.379821777, 191.792938232, 226.011444092, 305.531616211, 1200.53991699, 1592.58166504, 985.33416748, 1145.06555176, 1338.12121582, 2293.40551758, 915.984985352, 833.416015625, 1188.90893555, 1724.79284668, 1389.14648438, 1150.13220215, 1042.45349121, 475.768127441, 413.10836792, 825.992248535, 1741.22180176, 279.520202637, 177.65852356, 142.040649414, 281.950561523, 360.062255859, 214.101715088, 196.343856812, 101.999794006, 40.6821517944, 20.255235672, 11.3580999374, 6.37729310989, 1.835252285, 0.0871235951781, 0.00199102447368, 0.000169588194694],
        "mean": [0.032147295773, 0.287405639887, 0.958769917488, 2.6524116993, 9.40071392059, 15.892288208, 16.8971271515, 32.7061042786, 39.3519210815, 30.5042991638, 40.4769935608, 34.2750549316, 33.8521385193, 34.0113449097, 30.3359413147, 29.8618392944, 27.0530643463, 30.3747348785, 27.9250106812, 21.8202095032, 19.7948246002, 18.3822555542, 20.3352470398, 19.178106308, 16.0409049988, 10.6754980087, 5.45688438416, 4.51298999786, 3.75419378281, 3.37098264694, 2.68904900551, 1.71336138248, 0.907272458076, 0.335346281528, 0.176803857088, 0.0786613598466, 0.0133972568437, 0.000487390963826, 2.89626204903e-05, 2.90437910735e-05],
        "median": [0.0155066801235, 0.127452388406, 0.408191949129, 1.3232986927, 5.07496118546, 8.8674697876, 9.41057395935, 11.7146205902, 12.2588558197, 11.4358386993, 10.8566408157, 9.48067760468, 9.30549049377, 9.79579353333, 10.4537658691, 7.02774238586, 7.05037689209, 7.54274463654, 8.26391601562, 8.20335006714, 9.7064037323, 8.87603855133, 9.44399738312, 8.20546722412, 7.96098661423, 5.04815006256, 2.00735187531, 1.03021001816, 0.765312194824, 0.626894533634, 0.499259442091, 0.255431890488, 0.118245333433, 0.0406601279974, 0.0196000598371, 0.00809792988002, 0.000723424367607, 3.71740025003e-05, 1.56798778335e-05, 2.69672000286e-05],
        "min": [2.76044960604e-23, 1.56175943091e-22, 1.0239859846e-21, 1.09562293565e-21, 4.32711022344e-21, 8.75909467009e-21, 1.57544754843e-20, 1.95234140855e-20, 3.23901471215e-20, 1.46316760305e-19, 1.52009637e-19, 2.92807099292e-19, 3.00445155821e-19, 3.4682716317e-19, 7.35351570441e-19, 6.82495246287e-19, 1.13025431572e-18, 1.48468714612e-18, 1.91813981667e-18, 2.25029625959e-18, 2.50022288461e-18, 2.47449777436e-18, 3.45340874706e-18, 4.69709837268e-18, 6.08806337046e-18, 6.37776559562e-18, 7.28360157185e-18, 6.99234796945e-18, 7.10450207999e-18, 1.01805766742e-17, 8.0524626425e-18, 9.16567073034e-18, 7.69484682109e-18, 7.14936670205e-18, 5.11266357267e-18, 3.4828162586e-18, 2.05690412071e-18, 9.21227739478e-19, 2.09418853719e-19, 2.37957340947e-20],
        "var": [0.00269851554185, 0.281332165003, 3.25347852707, 23.0903530121, 197.422653198, 461.030822754, 540.428894043, 4751.32568359, 7059.60205078, 3071.83569336, 7949.41601562, 5964.25341797, 7549.90234375, 4824.06542969, 3274.76025391, 6206.08837891, 6006.76855469, 5635.74121094, 3399.8840332, 1708.16003418, 898.407165527, 746.57598877, 1417.82263184, 2861.32885742, 465.057952881, 213.935089111, 100.610664368, 166.484481812, 128.909362793, 120.947059631, 82.8546829224, 30.488368988, 8.23255443573, 1.19551646709, 0.343723982573, 0.103065758944, 0.00426232721657, 8.36410436023e-06, 5.54242074458e-09, 5.13809050862e-10]
    },
    "gfcc": {
        "mean": [-161.96987915, 99.6883850098, -124.400642395, 28.1477222443, -60.2594451904, 0.480834811926, -39.2432823181, 3.74383091927, -21.0465602875, -4.70351552963, -7.30204439163, -4.25003862381, -4.91408967972],
        "cov": [[150943.234375, 14752.3818359, -18537.6640625, 4425.89257812, -9229.23925781, 376.606811523, -5802.63183594, 776.971252441, -3305.09423828, -560.699584961, -1196.21594238, -604.128601074, -848.17376709], [14752.3818359, 2744.32641602, -1760.38916016, 443.815216064, -644.618774414, -219.44519043, -491.220825195, -19.4460639954, -221.09828186, -238.861450195, 44.2610473633, -175.665328979, -23.9422969818], [-18537.6640625, -1760.38916016, 2991.96264648, -322.871826172, 1134.52062988, 17.4975032806, 703.346984863, -90.5181350708, 412.384063721, 101.786354065, 118.828948975, 139.542419434, 81.6579589844], [4425.89257812, 443.815216064, -322.871826172, 437.899841309, -215.197769165, 5.21586227417, -188.497421265, 17.9359970093, -57.8517036438, -21.4406833649, -59.3116378784, 0.0810088664293, 6.01260662079], [-9229.23925781, -644.618774414, 1134.52062988, -215.197769165, 805.344421387, -38.737285614, 395.691894531, -11.6499977112, 223.202270508, 20.1235675812, 82.7740402222, 13.5063123703, 74.3438568115], [376.606811523, -219.44519043, 17.4975032806, 5.21586227417, -38.737285614, 274.645874023, 80.8123931885, 33.0268249512, -42.680934906, 63.2420692444, -60.9268684387, 7.12008523941, -39.6183662415], [-5802.63183594, -491.220825195, 703.346984863, -188.497421265, 395.691894531, 80.8123931885, 420.478118896, 17.8844432831, 108.244537354, 31.9644927979, 60.5849761963, 3.64444947243, 19.8075275421], [776.971252441, -19.4460639954, -90.5181350708, 17.9359970093, -11.6499977112, 33.0268249512, 17.8844432831, 129.376525879, -0.326061934233, 32.8646469116, -24.0590820312, 2.4159078598, -10.4504823685], [-3305.09423828, -221.09828186, 412.384063721, -57.8517036438, 223.202270508, -42.680934906, 108.244537354, -0.326061934233, 182.310195923, 9.14053535461, 37.8025360107, 9.99070167542, 26.6035003662], [-560.699584961, -238.861450195, 101.786354065, -21.4406833649, 20.1235675812, 63.2420692444, 31.9644927979, 32.8646469116, 9.14053535461, 110.799591064, -14.2737817764, 27.512172699, -5.38655376434], [-1196.21594238, 44.2610473633, 118.828948975, -59.3116378784, 82.7740402222, -60.9268684387, 60.5849761963, -24.0590820312, 37.8025360107, -14.2737817764, 125.558113098, 8.78951835632, 19.8387908936], [-604.128601074, -175.665328979, 139.542419434, 0.0810088664293, 13.5063123703, 7.12008523941, 3.64444947243, 2.4159078598, 9.99070167542, 27.512172699, 8.78951835632, 90.212562561, 7.35765123367], [-848.17376709, -23.9422969818, 81.6579589844, 6.01260662079, 74.3438568115, -39.6183662415, 19.8075275421, -10.4504823685, 26.6035003662, -5.38655376434, 19.8387908936, 7.35765123367, 73.7527999878]],
        "icov": [[0.000339628139045, -0.000878030899912, 0.000691336579621, -0.000873330805916, 0.00109525304288, -0.000731465290301, 0.000976644572802, -0.00116215297021, 0.00108193152118, -0.000564931309782, 0.000273512676358, -0.000638457364403, 0.000561197288334], [-0.000878030899912, 0.00321684684604, -0.00137920177076, 0.00154481525533, -0.00287155737169, 0.00219852291048, -0.00243118172511, 0.0030155822169, -0.0026760417968, 0.00243435217999, -0.00166905042715, 0.00260137813166, -0.00116386602167], [0.000691336579621, -0.00137920177076, 0.00265206000768, -0.0022596239578, 0.00130416091997, -0.00123528123368, 0.00113624439109, -0.00131375156343, 0.00139301689342, -0.00121812534053, 0.00055674824398, -0.00224554352462, 0.00176401587669], [-0.000873330805916, 0.00154481525533, -0.0022596239578, 0.00590592576191, -0.0023489780724, 0.00109548680484, -0.0012386959279, 0.00220610504039, -0.00292409700342, 0.00157888233662, 0.00063481653342, 0.000932042952627, -0.00301378942095], [0.00109525304288, -0.00287155737169, 0.00130416091997, -0.0023489780724, 0.00764069380239, -0.00168021523859, 0.00127734523267, -0.00420037005097, 0.00210164440796, -0.00163051718846, 0.00111714540981, -0.00105027772952, -0.000204610420042], [-0.000731465290301, 0.00219852291048, -0.00123528123368, 0.00109548680484, -0.00168021523859, 0.0079657221213, -0.00498794950545, 0.00291636446491, -0.00109583314043, -0.00122543785255, 0.0018258880591, 0.00127485091798, 0.000993041088805], [0.000976644572802, -0.00243118172511, 0.00113624439109, -0.0012386959279, 0.00127734523267, -0.00498794950545, 0.00993097852916, -0.00531378621235, 0.00341632217169, -0.000701592536643, -0.00185111199971, -8.21162539069e-05, 0.00112085801084], [-0.00116215297021, 0.0030155822169, -0.00131375156343, 0.00220610504039, -0.00420037005097, 0.00291636446491, -0.00531378621235, 0.01390080899, -0.00484865065664, -0.0010412952397, 0.000917051336728, 0.00117520650383, -0.000604930042755], [0.00108193152118, -0.0026760417968, 0.00139301689342, -0.00292409700342, 0.00210164440796, -0.00109583314043, 0.00341632217169, -0.00484865065664, 0.0129355890676, -0.00217261561193, -0.000207160934224, -0.00121057452634, 0.00130989844911], [-0.000564931309782, 0.00243435217999, -0.00121812534053, 0.00157888233662, -0.00163051718846, -0.00122543785255, -0.000701592536643, -0.0010412952397, -0.00217261561193, 0.0144947338849, -0.00117525481619, -0.000728150072973, -0.00122933194507], [0.000273512676358, -0.00166905042715, 0.00055674824398, 0.00063481653342, 0.00111714540981, 0.0018258880591, -0.00185111199971, 0.000917051336728, -0.000207160934224, -0.00117525481619, 0.0124059626833, -0.00331975263543, -0.000599735125434], [-0.000638457364403, 0.00260137813166, -0.00224554352462, 0.000932042952627, -0.00105027772952, 0.00127485091798, -8.21162539069e-05, 0.00117520650383, -0.00121057452634, -0.000728150072973, -0.00331975263543, 0.0162595137954, -0.00250117690302], [0.000561197288334, -0.00116386602167, 0.00176401587669, -0.00301378942095, -0.000204610420042, 0.000993041088805, 0.00112085801084, -0.000604930042755, 0.00130989844911, -0.00122933194507, -0.000599735125434, -0.00250117690302, 0.0181289929897]]
    },
    "melbands": {
        "dmean": [0.000167179125128, 0.000281738990452, 0.000343786727171, 0.000500607828144, 0.000317436904879, 0.000363314873539, 0.000298534840113, 0.000199667541892, 0.000185941593372, 0.000114688955364, 9.43716004258e-05, 7.45827637729e-05, 5.07258482685e-05, 4.43678582087e-05, 3.35667464242e-05, 2.94742112601e-05, 3.16796249535e-05, 2.5680195904e-05, 1.74419583345e-05, 1.83286192623e-05, 1.18043235489e-05, 9.54306324275e-06, 9.4218785307e-06, 9.55194173002e-06, 7.76163415139e-06, 5.6310045693e-06, 5.01144404552e-06, 3.06817673845e-06, 1.9999692995e-06, 1.70549446921e-06, 1.62437981999e-06, 1.33612297759e-06, 1.04139883206e-06, 1.09647442059e-06, 9.98515815809e-07, 7.36636764032e-07, 6.20620539848e-07, 4.36904144863e-07, 2.84506171511e-07, 1.59728486437e-07],
        "dmean2": [0.000280401698546, 0.000464907789137, 0.000566194299608, 0.000785615353379, 0.000504849420395, 0.00056745443726, 0.000457058777101, 0.000319873070111, 0.000291088479571, 0.000177259964403, 0.0001434165315, 0.000116498667921, 7.82069764682e-05, 6.98615403962e-05, 5.32152007509e-05, 4.61280505988e-05, 5.03193805343e-05, 4.10700813518e-05, 2.79597370536e-05, 2.98950999422e-05, 1.93026589841e-05, 1.52171942318e-05, 1.50061778186e-05, 1.54297777044e-05, 1.24060261442e-05, 9.14130487217e-06, 7.9419787653e-06, 4.90881848236e-06, 3.14976750815e-06, 2.64304912889e-06, 2.43670456257e-06, 1.99408418666e-06, 1.53141888859e-06, 1.58456316512e-06, 1.41810471632e-06, 1.05283299945e-06, 8.90556123068e-07, 6.17797638824e-07, 4.13567533997e-07, 2.3246879266e-07],
        "dvar": [1.59607637329e-07, 6.30189958883e-07, 6.57931877868e-07, 8.08473373581e-07, 2.63546780843e-07, 5.29086378265e-07, 4.19748317881e-07, 2.00366372383e-07, 2.13240227254e-07, 1.00499107702e-07, 8.74026682141e-08, 3.20647259855e-08, 1.45617091718e-08, 1.30953674571e-08, 1.05561284158e-08, 8.02527289068e-09, 8.43054603905e-09, 5.29712318453e-09, 1.95430516214e-09, 1.59723012594e-09, 6.33924190918e-10, 3.97008731445e-10, 3.60718288572e-10, 1.16054721389e-09, 8.99095353724e-10, 1.11412379322e-10, 9.55159076832e-11, 3.44989557755e-11, 2.23695992285e-11, 2.49214312381e-11, 3.3990945475e-11, 2.37875656672e-11, 1.31807542311e-11, 2.0228537595e-11, 1.64290595017e-11, 8.56413637923e-12, 4.95452030097e-12, 2.23140473113e-12, 1.11332655334e-12, 3.42267826494e-13],
        "dvar2": [4.33991999671e-07, 1.62610137977e-06, 1.76558489784e-06, 2.01883813133e-06, 6.81709877881e-07, 1.20664833503e-06, 9.25987990286e-07, 5.008014341e-07, 5.12100655214e-07, 2.44208763434e-07, 2.16233217998e-07, 7.78433104642e-08, 3.51830138356e-08, 3.32329825881e-08, 2.79115521806e-08, 1.94943385878e-08, 1.99534362366e-08, 1.29188357789e-08, 4.81519535356e-09, 4.14014689198e-09, 1.68994163108e-09, 9.93283566508e-10, 8.71799799018e-10, 2.76653522313e-09, 1.77223080655e-09, 2.83386175637e-10, 2.40836683929e-10, 8.63180152355e-11, 5.43229766725e-11, 5.52972459489e-11, 7.54093176791e-11, 5.08607010674e-11, 2.87287433426e-11, 3.84173665102e-11, 3.29952905276e-11, 1.63299426065e-11, 9.8347597427e-12, 4.66594384657e-12, 2.38624354651e-12, 7.53937765084e-13],
        "max": [0.00768231507391, 0.0117350872606, 0.0255467984825, 0.0171529669315, 0.00995573028922, 0.0273861847818, 0.0204500928521, 0.00998520199209, 0.00987785495818, 0.0078604593873, 0.0115396883339, 0.00404524756595, 0.00401549786329, 0.00263938913122, 0.00332942092791, 0.00341038848273, 0.00296931085177, 0.00248954095878, 0.00141880114097, 0.0010434826836, 0.000659046461806, 0.000527972704731, 0.000621970393695, 0.0014944759896, 0.00180562445894, 0.000274822494248, 0.000273729412584, 9.8979791801e-05, 9.233396122e-05, 0.000122190176626, 0.000185426935786, 0.000227961063501, 0.000105831481051, 0.000167161066202, 0.000131844775751, 8.86650013854e-05, 6.20217469987e-05, 3.23818967445e-05, 2.81927314063e-05, 1.56711503223e-05],
        "mean": [0.000314080680255, 0.000470317492727, 0.000623292813543, 0.00096676958492, 0.000629047455732, 0.000726693717297, 0.000581198371947, 0.000334307958838, 0.000322231964674, 0.000201435599593, 0.000165141682373, 0.00013782735914, 9.8194956081e-05, 8.29016207717e-05, 6.29378846497e-05, 5.50078439119e-05, 5.76922248001e-05, 4.53265492979e-05, 2.99672665278e-05, 3.1726234738e-05, 2.15257296077e-05, 1.9065955712e-05, 1.86790693988e-05, 1.95865668502e-05, 1.51134363477e-05, 1.10338405648e-05, 1.06881170723e-05, 6.08651862422e-06, 3.54859480467e-06, 2.76468517768e-06, 2.58471936831e-06, 2.22167773245e-06, 1.81095686003e-06, 1.89274066997e-06, 1.64733876318e-06, 1.2088873973e-06, 9.86452278084e-07, 6.84067742895e-07, 4.28898232485e-07, 2.3376880165e-07],
        "median": [0.000160916213645, 0.000232303631492, 0.000348695466528, 0.000571971933823, 0.000365195417544, 0.000263290567091, 0.000178117770702, 0.000117154231702, 7.90659687482e-05, 5.30778124812e-05, 4.22190496465e-05, 3.47866953234e-05, 2.94158471661e-05, 2.33160226344e-05, 1.41569689731e-05, 1.35871632665e-05, 1.15770471893e-05, 1.2429913113e-05, 9.03020463738e-06, 1.15761258712e-05, 1.01003233794e-05, 8.33642661746e-06, 8.31302077131e-06, 7.16114254828e-06, 5.44446493222e-06, 4.99365341966e-06, 4.88022487843e-06, 2.60092065218e-06, 1.13438659355e-06, 6.97455163845e-07, 4.85677901452e-07, 4.20825671199e-07, 3.43505377032e-07, 3.23946920844e-07, 2.99272642224e-07, 1.85311421319e-07, 1.35891440323e-07, 8.48225525374e-08, 5.33764428212e-08, 2.4903211937e-08],
        "min": [5.95793016517e-25, 4.36676616491e-25, 1.99871850989e-25, 6.06996665612e-25, 8.07793665554e-25, 3.59078415352e-25, 4.27025642872e-25, 1.21409884137e-24, 9.20512521187e-25, 1.57404788799e-24, 1.15380275112e-24, 1.05609404497e-24, 1.41088009557e-24, 1.44194159232e-24, 1.81584953266e-24, 1.77542415836e-24, 1.73102213623e-24, 1.94510951958e-24, 2.19725569451e-24, 1.19009853719e-24, 2.62114674927e-24, 2.32477111553e-24, 2.59054289045e-24, 2.99100457911e-24, 2.99632662921e-24, 3.2041080557e-24, 2.8657948013e-24, 4.05177301938e-24, 3.87484650669e-24, 4.0109632726e-24, 3.05843897309e-24, 3.04668573446e-24, 4.12664578004e-24, 4.91098454012e-24, 4.29299327356e-24, 4.06780425069e-24, 4.84810128193e-24, 4.91150400503e-24, 4.97874887517e-24, 5.37971385709e-24],
        "var": [2.51025596754e-07, 7.06453363364e-07, 9.09793698156e-07, 1.6746454321e-06, 6.60709929434e-07, 2.28033741223e-06, 1.4411372149e-06, 3.80746570272e-07, 5.03274918628e-07, 2.21543857037e-07, 1.86840210858e-07, 8.96875960166e-08, 4.42489636043e-08, 3.80165481317e-08, 3.28826210705e-08, 2.15695799e-08, 2.43799060939e-08, 1.14009131025e-08, 4.18386658652e-09, 3.52998563713e-09, 1.22458720941e-09, 9.66288160598e-10, 8.86798301458e-10, 3.39655281678e-09, 2.43023512425e-09, 2.59763904831e-10, 2.63594479577e-10, 7.803482166e-11, 4.35476932292e-11, 4.98962260398e-11, 6.45221029383e-11, 4.92791710216e-11, 2.86100188679e-11, 4.50727059842e-11, 3.27697070868e-11, 1.7710772085e-11, 1.01100985223e-11, 4.74000873274e-12, 2.13913999361e-12, 5.86464308106e-13]
    },
    "mfcc": {
        "mean": [-708.640869141, 116.704864502, -14.0822114944, 20.7301387787, -3.72923564911, -5.65991592407, -8.12935161591, 0.0916684493423, -10.5171966553, 0.258627027273, -6.85344362259, -2.70325660706, -1.5133523941],
        "cov": [[31898.9257812, 7309.86035156, -767.751098633, 1325.59130859, -383.143035889, -264.780944824, -344.017456055, 110.250244141, -635.159057617, 181.558868408, -323.195129395, -235.899932861, -115.681129456], [7309.86035156, 3246.07861328, -329.312683105, 558.566345215, 48.8968963623, -181.766921997, -102.028610229, 53.4265174866, -264.99395752, 28.9888973236, -126.552680969, -70.4633407593, 14.1765909195], [-767.751098633, -329.312683105, 644.991821289, 83.8395690918, 41.1668930054, 104.265159607, -24.5701236725, 14.2929830551, 21.6231365204, -35.2420310974, -12.6935796738, 32.6042518616, 41.6129455566], [1325.59130859, 558.566345215, 83.8395690918, 419.587768555, 121.435821533, -50.9639015198, -64.0614242554, 8.16616725922, -11.8926525116, -14.5011854172, -65.9217376709, 17.1169643402, 25.8096084595], [-383.143035889, 48.8968963623, 41.1668930054, 121.435821533, 208.708023071, -6.727455616, -38.8242149353, -4.18869781494, 27.8883552551, 3.1262948513, -32.5043334961, 17.6914730072, 10.2242631912], [-264.780944824, -181.766921997, 104.265159607, -50.9639015198, -6.727455616, 193.675186157, 57.4351615906, 21.1595249176, 44.1823387146, 4.12335968018, 43.5501594543, -18.3632392883, -2.10570383072], [-344.017456055, -102.028610229, -24.5701236725, -64.0614242554, -38.8242149353, 57.4351615906, 204.936233521, 37.361618042, 25.9124469757, 34.4567375183, 45.9435920715, -11.9402484894, -14.8164081573], [110.250244141, 53.4265174866, 14.2929830551, 8.16616725922, -4.18869781494, 21.1595249176, 37.361618042, 109.869247437, 17.6388759613, 21.8646564484, 19.7775688171, -3.76399731636, 21.5093727112], [-635.159057617, -264.99395752, 21.6231365204, -11.8926525116, 27.8883552551, 44.1823387146, 25.9124469757, 17.6388759613, 146.597702026, 28.0709247589, 25.691400528, -0.385351061821, 3.4598801136], [181.558868408, 28.9888973236, -35.2420310974, -14.5011854172, 3.1262948513, 4.12335968018, 34.4567375183, 21.8646564484, 28.0709247589, 111.165283203, 29.7275009155, -17.3467826843, -7.07258176804], [-323.195129395, -126.552680969, -12.6935796738, -65.9217376709, -32.5043334961, 43.5501594543, 45.9435920715, 19.7775688171, 25.691400528, 29.7275009155, 98.997833252, 1.16771316528, -0.416031330824], [-235.899932861, -70.4633407593, 32.6042518616, 17.1169643402, 17.6914730072, -18.3632392883, -11.9402484894, -3.76399731636, -0.385351061821, -17.3467826843, 1.16771316528, 77.5043487549, 32.5856513977], [-115.681129456, 14.1765909195, 41.6129455566, 25.8096084595, 10.2242631912, -2.10570383072, -14.8164081573, 21.5093727112, 3.4598801136, -7.07258176804, -0.416031330824, 32.5856513977, 85.6601486206]],
