{
"lowlevel": {
    "average_loudness": 0.933760881424,
    "barkbands_crest": {
        "dmean": 2.46420359612,
        "dmean2": 4.03903436661,
        "dvar": 4.7700586319,
        "dvar2": 12.3246040344,
        "max": 24.5381965637,
        "mean": 8.88566589355,
        "median": 8.05045700073,
        "min": 2.31813192368,
        "var": 14.5132350922
    },
    "barkbands_flatness_db": {
        "dmean": 0.0182512812316,
        "dmean2": 0.0281643867493,
        "dvar": 0.000276963139186,
        "dvar2": 0.00059336819686,
        "max": 0.367059886456,
        "mean": 0.146954745054,
        "median": 0.139165341854,
        "min": 0.0335202850401,
        "var": 0.00237136264332
    },
    "barkbands_kurtosis": {
        "dmean": 2.08263921738,
        "dmean2": 3.3240673542,
        "dvar": 14.6320095062,
        "dvar2": 35.6014862061,
        "max": 95.2825164795,
        "mean": 3.45290875435,
        "median": 0.728379249573,
        "min": -1.88807094097,
        "var": 54.6128807068
    },
    "barkbands_skewness": {
        "dmean": 0.429643362761,
        "dmean2": 0.669708073139,
        "dvar": 0.188416436315,
        "dvar2": 0.436738669872,
        "max": 6.99312114716,
        "mean": 1.12606739998,
        "median": 0.968189358711,
        "min": -2.93820118904,
        "var": 1.43865931034
    },
    "barkbands_spread": {
        "dmean": 4.82929468155,
        "dmean2": 7.38151836395,
        "dvar": 37.2929840088,
        "dvar2": 74.2762451172,
        "max": 124.273635864,
        "mean": 21.8248577118,
        "median": 19.7761154175,
        "min": 0.507993280888,
        "var": 177.240463257
    },
    "dissonance": {
        "dmean": 0.0199315100908,
        "dmean2": 0.0335716418922,
        "dvar": 0.000383941864129,
        "dvar2": 0.00104990962427,
        "max": 0.500000238419,
        "mean": 0.46068239212,
        "median": 0.468264937401,
        "min": 0.235745877028,
        "var": 0.00100330205169
    },
    "dynamic_complexity": 2.28860712051,
    "erbbands_crest": {
        "dmean": 2.94455432892,
        "dmean2": 4.7649140358,
        "dvar": 7.43045663834,
        "dvar2": 17.70860672,
        "max": 30.1743907928,
        "mean": 10.0042390823,
        "median": 8.96587181091,
        "min": 2.13130426407,
        "var": 23.9537334442
    },
    "erbbands_flatness_db": {
        "dmean": 0.0159279704094,
        "dmean2": 0.0228838920593,
        "dvar": 0.00021798130183,
        "dvar2": 0.000415491638705,
        "max": 0.36644756794,
        "mean": 0.187154352665,
        "median": 0.186744511127,
        "min": 0.0831351578236,
        "var": 0.00189618032891
    },
    "erbbands_kurtosis": {
        "dmean": 1.12530779839,
        "dmean2": 1.79345035553,
        "dvar": 3.85529398918,
        "dvar2": 9.60809230804,
        "max": 66.7891464233,
        "mean": 0.92380207777,
        "median": -0.0388998985291,
        "min": -1.78922832012,
        "var": 11.1650457382
    },
    "erbbands_skewness": {
        "dmean": 0.371832281351,
        "dmean2": 0.57127982378,
        "dvar": 0.133212164044,
        "dvar2": 0.288211256266,
        "max": 5.52032375336,
        "mean": 0.364579349756,
        "median": 0.31499505043,
        "min": -2.90799665451,
        "var": 0.969166994095
    },
    "erbbands_spread": {
        "dmean": 6.88666296005,
        "dmean2": 10.4212369919,
        "dvar": 54.7334671021,
        "dvar2": 113.573028564,
        "max": 128.201828003,
        "mean": 33.5336227417,
        "median": 30.7582168579,
        "min": 1.72747814655,
        "var": 281.067871094
    },
    "hfc": {
        "dmean": 5.22143602371,
        "dmean2": 7.62606096268,
        "dvar": 47.1307868958,
        "dvar2": 88.684753418,
        "max": 119.08442688,
        "mean": 20.9809970856,
        "median": 17.6247997284,
        "min": 1.14640363992e-16,
        "var": 225.322860718
    },
    "melbands_crest": {
        "dmean": 3.15784239769,
        "dmean2": 5.23486232758,
        "dvar": 7.7183432579,
        "dvar2": 20.3062057495,
        "max": 31.9634017944,
        "mean": 12.0062255859,
        "median": 11.0933036804,
        "min": 1.70934844017,
        "var": 23.2475299835
    },
    "melbands_flatness_db": {
        "dmean": 0.0215547010303,
        "dmean2": 0.0324776619673,
        "dvar": 0.00043798610568,
        "dvar2": 0.000903808453586,
        "max": 0.444933950901,
        "mean": 0.184052035213,
        "median": 0.174740329385,
        "min": 0.00530478497967,
        "var": 0.00445748120546
    },
    "melbands_kurtosis": {
        "dmean": 3.87099504471,
        "dmean2": 6.16612386703,
        "dvar": 37.8718566895,
        "dvar2": 90.7088623047,
        "max": 117.848968506,
        "mean": 7.99203538895,
        "median": 4.31080818176,
        "min": -1.73788523674,
        "var": 121.250267029
    },
    "melbands_skewness": {
        "dmean": 0.525944709778,
        "dmean2": 0.823861420155,
        "dvar": 0.282850116491,
        "dvar2": 0.671335875988,
        "max": 9.04164791107,
        "mean": 1.89295053482,
        "median": 1.75418043137,
        "min": -1.17719435692,
        "var": 1.65597236156
    },
    "melbands_spread": {
        "dmean": 6.90048217773,
        "dmean2": 10.6726846695,
        "dvar": 78.6537322998,
        "dvar2": 169.46572876,
        "max": 185.124038696,
        "mean": 28.7632789612,
        "median": 25.1718196869,
        "min": 1.14862787724,
        "var": 447.715911865
    },
    "pitch_salience": {
        "dmean": 0.0658495649695,
        "dmean2": 0.10760563612,
        "dvar": 0.00317798997276,
        "dvar2": 0.00814253930002,
        "max": 0.901309669018,
        "mean": 0.591244518757,
        "median": 0.596797525883,
        "min": 0.180949732661,
        "var": 0.00956800859421
    },
    "silence_rate_20dB": {
        "dmean": 0,
        "dmean2": 0,
        "dvar": 0,
        "dvar2": 0,
        "max": 1,
        "mean": 1,
        "median": 1,
        "min": 1,
        "var": 0
    },
    "silence_rate_30dB": {
        "dmean": 0.00223241979256,
        "dmean2": 0.0044653932564,
        "dvar": 0.00222740252502,
        "dvar2": 0.00568509427831,
        "max": 1,
        "mean": 0.997891843319,
        "median": 1,
        "min": 0,
        "var": 0.00210378714837
    },
    "silence_rate_60dB": {
        "dmean": 0.00248046638444,
        "dmean2": 0.00496154790744,
        "dvar": 0.00247412291355,
        "dvar2": 0.00568041251972,
        "max": 1,
        "mean": 0.0107886902988,
        "median": 0,
        "min": 0,
        "var": 0.0106708239764
    },
    "spectral_centroid": {
        "dmean": 233.27722168,
        "dmean2": 358.29107666,
        "dvar": 82181.5390625,
        "dvar2": 168141.046875,
        "max": 11027.5224609,
        "mean": 1466.91113281,
        "median": 1448.97045898,
        "min": 246.154022217,
        "var": 531623.625
    },
    "spectral_complexity": {
        "dmean": 3.03906726837,
        "dmean2": 4.90548229218,
        "dvar": 8.56986522675,
        "dvar2": 20.6624698639,
        "max": 56,
        "mean": 19.4759426117,
        "median": 19,
        "min": 0,
        "var": 73.6348724365
    },
    "spectral_decrease": {
        "dmean": 1.62075686205e-09,
        "dmean2": 2.47893638949e-09,
        "dvar": 4.46619173186e-18,
        "dvar2": 8.79008192859e-18,
        "max": 5.01282204555e-19,
        "mean": -5.6730682374e-09,
        "median": -5.17788567578e-09,
        "min": -4.06265066033e-08,
        "var": 1.37394509494e-17
    },
    "spectral_energy": {
        "dmean": 0.00646055070683,
        "dmean2": 0.00985952559859,
        "dvar": 6.92274261382e-05,
        "dvar2": 0.000135717797093,
        "max": 0.158714592457,
        "mean": 0.0233144592494,
        "median": 0.0214527621865,
        "min": 1.03061316341e-20,
        "var": 0.000217493899981
    },
    "spectral_energyband_high": {
        "dmean": 0.000247748190304,
        "dmean2": 0.000357771175914,
        "dvar": 3.07403922761e-07,
        "dvar2": 5.48229877495e-07,
        "max": 0.0140549177304,
        "mean": 0.000594975950662,
        "median": 0.000276577542536,
        "min": 7.62398961217e-21,
        "var": 9.52805123688e-07
    },
    "spectral_energyband_low": {
        "dmean": 0.00208295206539,
        "dmean2": 0.00339129730128,
        "dvar": 1.29162563098e-05,
        "dvar2": 3.22895139107e-05,
        "max": 0.0768274664879,
        "mean": 0.00408638920635,
        "median": 0.00285878241993,
        "min": 5.00243963034e-23,
        "var": 2.1271447622e-05
    },
    "spectral_energyband_middle_high": {
        "dmean": 0.00191393273417,
        "dmean2": 0.00290234340355,
        "dvar": 8.6808395281e-06,
        "dvar2": 1.85504341061e-05,
        "max": 0.0510947294533,
        "mean": 0.00645575486124,
        "median": 0.00401035044342,
        "min": 1.38976288867e-21,
        "var": 4.12414483435e-05
    },
    "spectral_energyband_middle_low": {
        "dmean": 0.0048669683747,
        "dmean2": 0.00750275561586,
        "dvar": 5.16451254953e-05,
        "dvar2": 0.000103900943941,
        "max": 0.152252361178,
        "mean": 0.0128978528082,
        "median": 0.00923312455416,
        "min": 3.27011723834e-22,
        "var": 0.000156924623298
    },
    "spectral_entropy": {
        "dmean": 0.143266782165,
        "dmean2": 0.20554703474,
        "dvar": 0.0217114947736,
        "dvar2": 0.0400391966105,
        "max": 9.79802417755,
        "mean": 7.4876704216,
        "median": 7.51783704758,
        "min": 5.26644897461,
        "var": 0.222168520093
    },
    "spectral_flux": {
        "dmean": 0.0211889185011,
        "dmean2": 0.0343627743423,
        "dvar": 0.000499203393701,
        "dvar2": 0.00118791603018,
        "max": 0.296467244625,
        "mean": 0.0853011310101,
        "median": 0.077954672277,
        "min": 6.6974238655e-11,
        "var": 0.00136337429285
    },
    "spectral_kurtosis": {
        "dmean": 1.88892483711,
        "dmean2": 3.22556400299,
        "dvar": 3.99456787109,
        "dvar2": 11.247841835,
        "max": 31.0767173767,
        "mean": 4.46094846725,
        "median": 3.63038563728,
        "min": -1.21332156658,
        "var": 12.3248949051
    },
    "spectral_rms": {
        "dmean": 0.000635826028883,
        "dmean2": 0.000964839651715,
        "dvar": 4.57542853383e-07,
        "dvar2": 8.67351388933e-07,
        "max": 0.012443613261,
        "mean": 0.00454247789457,
        "median": 0.00457487953827,
        "min": 3.17092467735e-12,
        "var": 2.11168526221e-06
    },
    "spectral_rolloff": {
        "dmean": 445.742431641,
        "dmean2": 732.37322998,
        "dvar": 644165.8125,
        "dvar2": 1313338.125,
        "max": 18927.6855469,
        "mean": 1799.48901367,
        "median": 1464.2578125,
        "min": 107.666015625,
        "var": 3319490.75
    },
    "spectral_skewness": {
        "dmean": 0.236706376076,
        "dmean2": 0.38424384594,
        "dvar": 0.0472975224257,
        "dvar2": 0.120611779392,
        "max": 4.44575119019,
        "mean": 1.40139520168,
        "median": 1.32804679871,
        "min": 0.0101850824431,
        "var": 0.271819382906
    },
    "spectral_spread": {
        "dmean": 385322.125,
        "dmean2": 540366.3125,
        "dvar": 453626691584,
        "dvar2": 764536684544,
        "max": 41332072,
        "mean": 3794121,
        "median": 3535868.5,
        "min": 1440034.875,
        "var": 2.0211999703e+12
    },
    "spectral_strongpeak": {
        "dmean": 0.756898105145,
        "dmean2": 1.24397003651,
        "dvar": 1.22475814819,
        "dvar2": 2.9549665451,
        "max": 12.728978157,
        "mean": 1.46235573292,
        "median": 0.831212639809,
        "min": 0,
        "var": 2.92302560806
    },
    "zerocrossingrate": {
        "dmean": 0.00865783262998,
        "dmean2": 0.0101109100506,
        "dvar": 0.000143662124174,
        "dvar2": 0.000141738171806,
        "max": 0.68603515625,
        "mean": 0.0660145506263,
        "median": 0.06005859375,
        "min": 0.01025390625,
        "var": 0.00271405419335
    },
    "barkbands": {
        "dmean": [3.9131318772e-05, 0.00105126935523, 0.00110342481639, 0.000843737216201, 0.00175670068711, 0.00167211040389, 0.00151705008466, 0.000947160238866, 0.000991298118606, 0.000456190027762, 0.000283458648482, 0.000346048647771, 0.000507899501827, 0.000523875467479, 0.000387393025449, 0.000368241424439, 0.000256087980233, 0.000273876212304, 0.000235028113821, 0.000115675560664, 7.76003435021e-05, 7.13159897714e-05, 5.8465051552e-05, 4.82827235828e-05, 1.26911318148e-05, 2.37474091591e-06, 4.65282390394e-09],
        "dmean2": [6.87792999088e-05, 0.0017518379027, 0.00183068285696, 0.00141450040974, 0.00278714857996, 0.00263578840531, 0.00237622926943, 0.00149933050852, 0.00153888529167, 0.000730122614186, 0.000453995016869, 0.000549702497665, 0.00078606850002, 0.000806854106486, 0.000615885248408, 0.000566817529034, 0.000406843260862, 0.000441838608822, 0.000364143576007, 0.000186960256542, 0.000124338796013, 0.00011297603487, 8.71914598974e-05, 6.71267625876e-05, 1.81555515155e-05, 3.31790351993e-06, 7.93373455821e-09],
        "dvar": [2.50153586734e-09, 5.41701365364e-06, 4.42781674792e-06, 2.54181327364e-06, 1.11578483484e-05, 1.69156119227e-05, 1.22658402688e-05, 5.65229174754e-06, 5.03320870848e-06, 8.13535848465e-07, 8.27903704703e-07, 1.08824337985e-06, 1.51505435042e-06, 2.52997688222e-06, 1.16005480777e-06, 1.2383864032e-06, 3.90431324604e-07, 3.06258556293e-07, 2.09044614508e-07, 4.52971384846e-08, 2.07755537218e-08, 2.59902748212e-08, 3.73966635436e-08, 3.57012588381e-08, 2.72220934683e-09, 4.05321748387e-11, 4.87429503481e-16],
        "dvar2": [7.25673121593e-09, 1.45759840962e-05, 1.13811902338e-05, 6.39359768684e-06, 2.42522601184e-05, 3.6146488128e-05, 2.6405454264e-05, 1.26608811115e-05, 1.11194494821e-05, 1.99957571567e-06, 1.87984858258e-06, 2.47135631071e-06, 3.2860864394e-06, 5.58773308512e-06, 2.70362875199e-06, 2.81655275103e-06, 9.09978609798e-07, 7.39421466278e-07, 4.67951565497e-07, 1.05150249397e-07, 4.74933266048e-08, 6.03332281912e-08, 7.06381442228e-08, 6.52249596556e-08, 5.93049032105e-09, 7.70768726621e-11, 1.2681641761e-15],
        "max": [0.000532389676664, 0.0603401437402, 0.0380770973861, 0.040884014219, 0.11392069608, 0.115331992507, 0.0878677740693, 0.0533787310123, 0.0514045655727, 0.0206880103797, 0.0425709374249, 0.0351585932076, 0.0272468626499, 0.0438247658312, 0.0258358251303, 0.0279195923358, 0.016877649352, 0.0094116134569, 0.0106346942484, 0.00426714960486, 0.00424759602174, 0.00535511318594, 0.00545715307817, 0.00637088157237, 0.00239876797423, 0.000148072067532, 8.38556672988e-07],
        "mean": [4.89563208248e-05, 0.00169557204936, 0.00169619277585, 0.00128439744003, 0.00309106311761, 0.00270395283587, 0.00235969969071, 0.00143852538895, 0.00186781364027, 0.000800768553745, 0.000461945921415, 0.000565318856388, 0.000864949659444, 0.000813862949144, 0.00064635038143, 0.000694593240041, 0.000515123014338, 0.000521012232639, 0.000504155119415, 0.000219368084799, 0.000158407288836, 0.000149694751599, 0.000110750792373, 7.91427009972e-05, 1.91566068679e-05, 3.6900030409e-06, 4.03292377271e-09],
        "median": [2.78776315099e-05, 0.000949655368458, 0.000990380183794, 0.000637138611637, 0.00137196376454, 0.00102465320379, 0.000858294486534, 0.000477490684716, 0.00055318349041, 0.000298322469462, 0.00013289868366, 0.000202822557185, 0.000200050621061, 0.000194089501747, 0.000185155222425, 0.000134418456582, 0.000149391766172, 0.000228246339248, 0.000211892300285, 9.99279436655e-05, 6.96603165125e-05, 6.42649101792e-05, 4.25968937634e-05, 2.05188553082e-05, 4.49848903372e-06, 9.75763555289e-07, 5.83397219422e-10],
        "min": [6.3997713554e-24, 1.05142221347e-23, 1.4964136014e-23, 7.41890549202e-24, 1.71675744058e-23, 3.04769405647e-23, 2.49717043437e-23, 1.63812993866e-23, 5.21455927904e-23, 4.28508076202e-23, 6.65290577584e-23, 7.0823919449e-23, 8.76489026077e-23, 5.7516555419e-23, 1.53552254829e-22, 1.23617368991e-22, 6.6453238759e-23, 1.36507772701e-22, 1.30746803552e-22, 2.64978731473e-22, 3.56101253704e-22, 4.33940544738e-22, 5.12555519544e-22, 7.74400491605e-22, 1.20707976766e-21, 1.73274385829e-21, 2.26931164745e-21],
        "var": [3.46491479952e-09, 6.81505753164e-06, 5.66640392208e-06, 5.5267882999e-06, 3.08314229187e-05, 3.64350707969e-05, 2.5576166081e-05, 1.05892213469e-05, 1.41235595947e-05, 2.15276918425e-06, 2.34409367295e-06, 2.1036310045e-06, 3.94174321627e-06, 4.66789515485e-06, 2.52562017522e-06, 3.68626160707e-06, 1.15707769055e-06, 6.57651014535e-07, 6.69528105846e-07, 1.13069603458e-07, 5.16179028409e-08, 6.04295067319e-08, 8.15997438508e-08, 7.95909684825e-08, 4.13402156951e-09, 9.01483609983e-11, 4.68980967071e-16]
    },
    "erbbands": {
        "dmean": [0.0178043954074, 0.288814693689, 1.16418802738, 1.98531591892, 4.28384065628, 6.38918066025, 9.6715297699, 15.7953538895, 21.8569049835, 17.8230056763, 21.9335479736, 21.8840465546, 13.5476484299, 15.6316614151, 11.9498100281, 13.368396759, 19.7751750946, 26.6503696442, 20.1695747375, 15.7330646515, 18.2749538422, 12.863817215, 13.0577535629, 11.2173061371, 11.2595844269, 4.4586353302, 3.14337205887, 3.12447857857, 2.66629385948, 1.92826235294, 1.71439540386, 1.14808833599, 0.763794779778, 0.191001653671, 0.0717084929347, 0.0195189155638, 0.00266867130995, 0.000112069908937, 6.49265120956e-06, 7.73314604885e-06],
        "dmean2": [0.0280912779272, 0.481565356255, 1.94234037399, 3.29629039764, 7.07033491135, 10.1784229279, 14.9388952255, 25.1122055054, 34.5230293274, 27.1834583282, 34.0464324951, 33.5697746277, 21.1902809143, 24.7251014709, 18.6797828674, 21.1046772003, 30.3930969238, 40.8963928223, 31.8490161896, 25.0074977875, 28.2481822968, 20.1065692902, 20.9384536743, 17.283290863, 17.4656219482, 7.13583087921, 5.08297204971, 5.01056575775, 4.23144102097, 2.96359705925, 2.5467004776, 1.62069368362, 1.09235775471, 0.278161525726, 0.100350379944, 0.0273258220404, 0.00364479795098, 0.000151200831169, 8.96388337424e-06, 1.16449273264e-05],
        "dvar": [0.00111336435657, 0.412931144238, 5.25260019302, 12.4643554688, 58.1900749207, 201.999954224, 715.477355957, 1887.3840332, 2603.58813477, 2133.11425781, 3271.31982422, 2701.61621094, 899.372436523, 1112.76745605, 1388.06188965, 1430.85668945, 2590.05664062, 7148.13378906, 2490.91674805, 2160.34594727, 3138.69506836, 1088.38647461, 714.05078125, 534.582641602, 456.014038086, 52.9659500122, 32.0468025208, 38.7564697266, 39.5249061584, 24.8556594849, 34.4798431396, 20.4744663239, 12.9592857361, 0.881323516369, 0.0574701353908, 0.0025060637854, 7.35738212825e-05, 1.96622096382e-07, 1.59555632595e-10, 9.10657799169e-11],
        "dvar2": [0.00279542594217, 1.10188031197, 13.2993841171, 31.1710262299, 141.725250244, 446.860198975, 1428.41162109, 4117.77001953, 5600.77783203, 4567.48828125, 7335.39160156, 5722.953125, 1988.63037109, 2661.90405273, 2877.84155273, 3359.87304688, 5759.046875, 15721.9677734, 5602.92285156, 4986.04345703, 7005.05029297, 2464.36547852, 1709.34863281, 1242.91113281, 998.692687988, 128.418197632, 76.6326828003, 89.5553359985, 91.1718139648, 54.6650695801, 66.2443618774, 38.2587547302, 28.1548862457, 2.036206007, 0.119435101748, 0.00485316850245, 0.000137356211781, 3.82733759352e-07, 2.64536420547e-10, 1.77832082393e-10],
        "max": [0.618061959743, 16.7383518219, 42.3650245667, 80.3605575562, 215.344970703, 468.348236084, 756.39239502, 1459.25842285, 1535.94604492, 954.945922852, 1652.30749512, 1273.89758301, 1152.12084961, 896.342468262, 1800.33666992, 1219.85046387, 1049.57739258, 2587.359375, 1028.57983398, 1257.66381836, 1368.42687988, 1122.98815918, 491.220458984, 783.831054688, 484.351165771, 113.717514038, 157.027999878, 196.803222656, 189.614700317, 156.700378418, 160.90838623, 160.252090454, 161.807678223, 47.2423858643, 6.68678712845, 1.09536743164, 0.247562929988, 0.0131876971573, 0.000331513816491, 0.000177215144504],
        "mean": [0.0325005538762, 0.448381364346, 1.84318423271, 3.36284899712, 6.8950138092, 10.5746688843, 16.2107849121, 23.745344162, 34.1905708313, 29.2083873749, 36.0808143616, 44.0397186279, 25.9498138428, 28.338809967, 22.0518436432, 23.3772106171, 38.5855979919, 46.0902442932, 38.9465904236, 30.023399353, 37.4072761536, 28.2439117432, 26.9083690643, 25.9804649353, 25.0270252228, 9.79482841492, 6.32809925079, 6.35320568085, 5.4268913269, 4.00738954544, 3.11180639267, 1.99375700951, 1.10214960575, 0.285489678383, 0.108958616853, 0.0314040035009, 0.00399789772928, 0.000163576405612, 2.01147468033e-05, 2.92391905532e-05],
        "median": [0.0181838572025, 0.246787294745, 1.13367915154, 2.02836561203, 3.20995140076, 3.77686595917, 5.81905841827, 9.00273704529, 14.1446809769, 10.6197357178, 13.3015823364, 12.8492794037, 11.1608858109, 10.3992404938, 8.17281532288, 9.31818962097, 9.88800430298, 12.6279888153, 12.0430345535, 8.25512886047, 7.92172193527, 8.51077270508, 13.0891723633, 11.7086038589, 10.555516243, 5.19827604294, 2.96326637268, 2.68757009506, 2.31037425995, 1.71521019936, 1.13888394833, 0.586830973625, 0.253608703613, 0.0648058950901, 0.0266850758344, 0.00904437713325, 0.000764852098655, 2.71695353149e-05, 1.62150754477e-05, 2.77045037365e-05],
        "min": [5.11667905875e-22, 1.82915038543e-21, 1.4466952705e-20, 2.71115198918e-20, 7.56289230729e-20, 3.23109898142e-20, 5.36023279757e-20, 3.8697949238e-19, 4.89792769244e-19, 4.64318346413e-19, 9.99002052405e-19, 1.12805918517e-18, 1.93592357945e-18, 1.05769858188e-18, 3.17381756411e-18, 3.72679566182e-18, 4.1821639657e-18, 3.27774908577e-18, 4.71368210319e-18, 7.15295914745e-18, 7.00538102718e-18, 4.88508426587e-18, 8.68588860427e-18, 7.25750485071e-18, 6.98837750251e-18, 1.17654836792e-17, 1.37116866321e-17, 1.5300495448e-17, 1.78026191937e-17, 1.31782527443e-17, 1.52934809564e-17, 1.20735224306e-17, 1.07480242288e-17, 1.1796621239e-17, 9.57403573669e-18, 6.39603387945e-18, 3.27156218837e-18, 1.01182252472e-18, 2.95603848641e-19, 3.5542774774e-20],
        "var": [0.00203124014661, 0.502982854843, 6.55497455597, 24.7920398712, 134.619598389, 514.724365234, 1635.06530762, 3402.63500977, 5410.33154297, 4427.22265625, 5952.64794922, 8847.57324219, 2412.30786133, 3033.71582031, 3927.73510742, 2493.20410156, 7980.93603516, 13065.1289062, 6909.97900391, 5030.49462891, 9699.25878906, 3258.51123047, 1613.24743652, 1713.1763916, 1498.78881836, 151.771377563, 77.0756530762, 90.6460952759, 86.8468475342, 57.7305183411, 70.3786239624, 46.1875076294, 19.7063674927, 1.14403069019, 0.109700955451, 0.00555313657969, 0.000161429139553, 3.96436377059e-07, 4.64719374094e-10, 3.00908936657e-10]
    },
    "gfcc": {
        "mean": [-14.141210556, 112.859565735, -140.724868774, 43.5811347961, -70.7745895386, 9.88774776459, -39.741771698, 6.47953701019, -17.8633117676, -4.46428489685, -7.70654678345, -7.91548490524, -9.99287796021],
        "cov": [[8760.94921875, 658.296081543, -991.094116211, 404.222473145, -323.624084473, 190.707565308, -86.6744766235, 61.8735427856, -51.2927818298, 31.4838485718, -79.2583770752, -65.1346969604, -97.4844436646], [658.296081543, 1157.89770508, 44.5038414001, -132.831558228, 66.8941040039, -251.395843506, 30.6972923279, -56.5871047974, 10.6477928162, -146.834594727, 122.589439392, -104.027603149, -13.9490203857], [-991.094116211, 44.5038414001, 767.721008301, 84.9034729004, -127.634254456, -76.3455047607, -91.7345581055, -34.2861366272, -56.3495063782, -10.449388504, -34.4256401062, 33.1407089233, 14.4915885925], [404.222473145, -132.831558228, 84.9034729004, 289.772705078, 2.79702711105, 7.80713701248, -66.5478210449, -5.52278995514, 30.2728176117, 30.3939189911, -61.4342651367, 40.4564628601, 39.1289215088], [-323.624084473, 66.8941040039, -127.634254456, 2.79702711105, 274.412109375, -11.0133628845, 4.94810628891, 39.644203186, 51.451133728, 5.69669914246, 6.38706064224, 1.94944012165, 17.1856575012], [190.707565308, -251.395843506, -76.3455047607, 7.80713701248, -11.0133628845, 278.043701172, 116.469230652, 33.1915855408, -12.2373037338, 63.4797019958, -18.9381370544, 3.81900024414, -24.2673778534], [-86.6744766235, 30.6972923279, -91.7345581055, -66.5478210449, 4.94810628891, 116.469230652, 230.691741943, 62.3162498474, -29.6754455566, 9.9023065567, 41.5068778992, -22.7124385834, -45.0013160706], [61.8735427856, -56.5871047974, -34.2861366272, -5.52278995514, 39.644203186, 33.1915855408, 62.3162498474, 111.169487, 19.3048381805, 18.7572097778, 1.02242958546, 2.62655210495, -9.4659986496], [-51.2927818298, 10.6477928162, -56.3495063782, 30.2728176117, 51.451133728, -12.2373037338, -29.6754455566, 19.3048381805, 124.371635437, 29.4906978607, -9.47933101654, 7.36625814438, 28.200750351], [31.4838485718, -146.834594727, -10.449388504, 30.3939189911, 5.69669914246, 63.4797019958, 9.9023065567, 18.7572097778, 29.4906978607, 104.168281555, -2.47691679001, 14.9893913269, -6.43490695953], [-79.2583770752, 122.589439392, -34.4256401062, -61.4342651367, 6.38706064224, -18.9381370544, 41.5068778992, 1.02242958546, -9.47933101654, -2.47691679001, 115.20716095, 1.5655400753, -22.3198394775], [-65.1346969604, -104.027603149, 33.1407089233, 40.4564628601, 1.94944012165, 3.81900024414, -22.7124385834, 2.62655210495, 7.36625814438, 14.9893913269, 1.5655400753, 100.719276428, 38.4957275391], [-97.4844436646, -13.9490203857, 14.4915885925, 39.1289215088, 17.1856575012, -24.2673778534, -45.0013160706, -9.4659986496, 28.200750351, -6.43490695953, -22.3198394775, 38.4957275391, 91.1740722656]],
        "icov": [[0.000502123031765, -0.00111469929107, 0.00118849053979, -0.00111976498738, 0.0013184689451, -0.00105804705527, 0.00155234488193, -0.00156484462786, 0.00117424386553, -0.000745455559809, 0.0007350317901, -0.000641812628601, 0.000766704906709], [-0.00111469929107, 0.00424220552668, -0.00295994756743, 0.00258435914293, -0.00340621103533, 0.00361819984391, -0.00453423615545, 0.00452231289819, -0.00352703640237, 0.00323349540122, -0.00306634698063, 0.00298822997138, -0.00203806208447], [0.00118849053979, -0.00295994756743, 0.00448657851666, -0.00303506013006, 0.00385035737418, -0.00228471448645, 0.00425443565473, -0.00408943090588, 0.00375464418903, -0.00226282817312, 0.00226082536392, -0.00216497480869, 0.00189527915791], [-0.00111976498738, 0.00258435914293, -0.00303506013006, 0.00701107690111, -0.00309884990565, 0.00219873781316, -0.00284715159796, 0.00361412321217, -0.00319476658478, 0.000800682289992, 0.000151985514094, 0.000340359401889, -0.00225093914196], [0.0013184689451, -0.00340621103533, 0.00385035737418, -0.00309884990565, 0.00801225565374, -0.00283724395558, 0.00453346827999, -0.00584156205878, 0.00218539242633, -0.00219330471009, 0.0019808425568, -0.00198433245532, 0.00146421254613], [-0.00105804705527, 0.00361819984391, -0.00228471448645, 0.00219873781316, -0.00283724395558, 0.00918372813612, -0.0072741387412, 0.00454461248592, -0.00231530424207, -0.000704292964656, -0.000346994056599, 0.00169617752545, -0.00143219088204], [0.00155234488193, -0.00453423615545, 0.00425443565473, -0.00284715159796, 0.00453346827999, -0.0072741387412, 0.0137614021078, -0.0094431983307, 0.00565799418837, -0.00213347212411, 0.000451904139481, -0.00184788566548, 0.00352320005186], [-0.00156484462786, 0.00452231289819, -0.00408943090588, 0.00361412321217, -0.00584156205878, 0.00454461248592, -0.0094431983307, 0.0177110750228, -0.00630203774199, 0.00207067234442, -0.00162977003492, 0.00160592887551, -0.00137536728289], [0.00117424386553, -0.00352703640237, 0.00375464418903, -0.00319476658478, 0.00218539242633, -0.00231530424207, 0.00565799418837, -0.00630203774199, 0.014483560808, -0.00610604276881, 0.00231659971178, -0.0010376595892, -0.00130519957747], [-0.000745455559809, 0.00323349540122, -0.00226282817312, 0.000800682289992, -0.00219330471009, -0.000704292964656, -0.00213347212411, 0.00207067234442, -0.00610604276881, 0.0159363485873, -0.00340995029546, 0.000540390843526, 0.0010520699434], [0.0007350317901, -0.00306634698063, 0.00226082536392, 0.000151985514094, 0.0019808425568, -0.000346994056599, 0.000451904139481, -0.00162977003492, 0.00231659971178, -0.00340995029546, 0.0138301867992, -0.00475055910647, 0.00391458906233], [-0.000641812628601, 0.00298822997138, -0.00216497480869, 0.000340359401889, -0.00198433245532, 0.00169617752545, -0.00184788566548, 0.00160592887551, -0.0010376595892, 0.000540390843526, -0.00475055910647, 0.0155598409474, -0.00732443481684], [0.000766704906709, -0.00203806208447, 0.00189527915791, -0.00225093914196, 0.00146421254613, -0.00143219088204, 0.00352320005186, -0.00137536728289, -0.00130519957747, 0.0010520699434, 0.00391458906233, -0.00732443481684, 0.017608564347]]
    },
    "melbands": {
        "dmean": [0.000220356378122, 0.000519094464835, 0.000376779091312, 0.000388170272345, 0.000314749864629, 0.000343677675119, 0.000329307775246, 0.00018963671755, 0.000182467148989, 0.000139633382787, 6.92108878866e-05, 6.65604020469e-05, 4.11529326811e-05, 4.23789824708e-05, 3.42246894434e-05, 5.3113381e-05, 5.08417797391e-05, 3.29486138071e-05, 2.72418219538e-05, 2.54967053479e-05, 2.27527343668e-05, 1.46620104715e-05, 1.43015358844e-05, 1.36226799441e-05, 9.54293682298e-06, 9.65591152635e-06, 6.91209743309e-06, 2.63831952907e-06, 2.00055228561e-06, 2.20625088332e-06, 1.94152312361e-06, 1.71808756022e-06, 1.29076806843e-06, 1.10692758426e-06, 1.0988012491e-06, 8.67109861247e-07, 6.88688032824e-07, 6.16636498307e-07, 3.37086476065e-07, 1.18034719776e-07],
        "dmean2": [0.000358587683877, 0.000861362146679, 0.000621490937192, 0.000624944921583, 0.000485316122649, 0.000544935988728, 0.000517714011949, 0.000290224532364, 0.00028030629619, 0.000213958483073, 0.000108632310003, 0.000105183702544, 6.49061621516e-05, 6.75101546221e-05, 5.24198294443e-05, 8.21627763798e-05, 7.80864720582e-05, 5.2120147302e-05, 4.27287595812e-05, 3.99242017011e-05, 3.52933529939e-05, 2.32212205447e-05, 2.26117481361e-05, 2.19213070523e-05, 1.48928584167e-05, 1.51230633492e-05, 1.08467866085e-05, 4.33041168435e-06, 3.29938711729e-06, 3.56949999514e-06, 3.15761622005e-06, 2.77288836514e-06, 2.07921857509e-06, 1.71391718595e-06, 1.67495329606e-06, 1.29469663079e-06, 9.79512037702e-07, 9.04882881514e-07, 5.0585703093e-07, 1.7153611509e-07],
        "dvar": [2.10505262999e-07, 1.03812101315e-06, 3.86092551707e-07, 5.9713858036e-07, 6.25279312771e-07, 7.90209753632e-07, 5.41687825262e-07, 2.1618487267e-07, 2.26191971819e-07, 1.0710873255e-07, 2.37577335582e-08, 1.9717180777e-08, 1.8077438213e-08, 1.73618328603e-08, 9.91800597205e-09, 1.64525655322e-08, 2.87820611788e-08, 6.97467505972e-09, 8.21580403709e-09, 7.47275841206e-09, 4.77641703966e-09, 1.59606772243e-09, 1.28220667417e-09, 7.87164278204e-10, 4.26934959608e-10, 3.67900349074e-10, 1.83675838428e-10, 2.18137244379e-11, 1.24267028959e-11, 1.74294537136e-11, 1.59940255484e-11, 1.69251002102e-11, 7.77446076267e-12, 1.05148910412e-11, 1.29292557563e-11, 1.30484815661e-11, 8.19014994713e-12, 8.34477018735e-12, 3.15171630114e-12, 3.20132050209e-13],
        "dvar2": [5.48119317045e-07, 2.62213529822e-06, 9.70140149548e-07, 1.33719890982e-06, 1.23911001992e-06, 1.71291014794e-06, 1.15690545499e-06, 4.61874805069e-07, 5.10618633598e-07, 2.27880050829e-07, 5.28170289726e-08, 4.74914791937e-08, 3.85427725291e-08, 3.89993211058e-08, 2.15604920584e-08, 3.58898795128e-08, 6.36633075146e-08, 1.5359503891e-08, 1.92568343493e-08, 1.72945568977e-08, 1.04921795696e-08, 3.64946695086e-09, 2.97086799605e-09, 1.95089122634e-09, 1.01006569775e-09, 8.27625967759e-10, 4.07904182653e-10, 5.48948941859e-11, 3.08989500653e-11, 4.28850115142e-11, 3.85467144315e-11, 3.96909172196e-11, 1.86521059015e-11, 2.39531294105e-11, 2.62900118342e-11, 2.60783269979e-11, 1.61529418313e-11, 1.79390842459e-11, 7.70554540314e-12, 7.09557087565e-13],
        "max": [0.011130079627, 0.019793247804, 0.0131861474365, 0.0327247232199, 0.023448491469, 0.0284246094525, 0.0209432374686, 0.00983878970146, 0.0145581364632, 0.00699749635532, 0.00575682055205, 0.00348102464341, 0.00702252797782, 0.00530247855932, 0.00335431657732, 0.00301095680334, 0.00523043051362, 0.00186595891137, 0.00267212209292, 0.00215883087367, 0.0018970988458, 0.0014363337541, 0.000729753926862, 0.0005507923197, 0.000748365535401, 0.000396503659431, 0.000266885414021, 8.11179270386e-05, 8.40305729071e-05, 0.000130084605189, 0.000138983392389, 0.00012571287516, 6.94166956237e-05, 0.000108792679384, 0.000101001613075, 0.000103649661469, 0.000102794736449, 0.000122398210806, 7.09353262209e-05, 2.81438260572e-05],
        "mean": [0.000382798840292, 0.000855147372931, 0.000669924309477, 0.000656971766148, 0.000540039036423, 0.000528022821527, 0.000521928595845, 0.000307602342218, 0.000299091218039, 0.000270593940513, 0.000123992373119, 0.000115798582556, 7.17332150089e-05, 6.94633999956e-05, 5.86730384384e-05, 9.74822687567e-05, 8.03531584097e-05, 6.08236514381e-05, 4.60770424979e-05, 4.24639147241e-05, 4.38645183749e-05, 2.85566420644e-05, 2.62986231974e-05, 2.56326311501e-05, 2.01145903702e-05, 2.01320744964e-05, 1.36395337904e-05, 4.81878987557e-06, 3.64756488125e-06, 3.93280788558e-06, 3.67840243598e-06, 3.20924618791e-06, 2.54222868534e-06, 2.08638243748e-06, 1.87929049389e-06, 1.4468836298e-06, 1.12090867788e-06, 8.65026891006e-07, 4.4629354079e-07, 1.71373400804e-07],
        "median": [0.000218281231355, 0.000545255141333, 0.000406449427828, 0.000272943871096, 0.000207645251066, 0.00020099140238, 0.000215219974052, 0.000112611283839, 9.88532046904e-05, 7.52286578063e-05, 4.96268694405e-05, 3.857651609e-05, 2.27394484682e-05, 2.52034624282e-05, 1.7754297005e-05, 2.33815335378e-05, 1.90755126823e-05, 1.65261808434e-05, 1.21985549413e-05, 8.70676558407e-06, 8.9080313046e-06, 7.92993341747e-06, 8.6165000539e-06, 1.10120681711e-05, 8.45367139846e-06, 8.11339305073e-06, 5.49199103261e-06, 2.26715155804e-06, 1.62477545018e-06, 1.57036981818e-06, 1.49497668644e-06, 1.28916281028e-06, 1.07380901682e-06, 8.39115500639e-07, 6.76222953189e-07, 4.23542758199e-07, 3.02522892071e-07, 1.94271535747e-07, 8.69817924354e-08, 3.9754254999e-08],
        "min": [4.02075540301e-24, 6.10306499173e-24, 6.17945197091e-24, 4.42115753268e-24, 1.53566970634e-24, 7.982647583e-24, 6.68266555349e-24, 4.5722875049e-24, 1.18858911101e-23, 7.5142558985e-24, 9.45961765635e-24, 3.96070612762e-24, 1.01258801106e-23, 8.20964625278e-24, 1.24180795538e-23, 8.44732925466e-24, 5.02843291271e-24, 5.32404078757e-24, 9.51082656201e-24, 7.5468113992e-24, 6.36071682414e-24, 3.99835648647e-24, 4.80012355053e-24, 6.93112676192e-24, 5.51447812098e-24, 4.66515576053e-24, 6.04331745563e-24, 8.00637415245e-24, 7.90592297136e-24, 7.99339502397e-24, 8.63487304627e-24, 9.74054522419e-24, 6.45392428996e-24, 7.5666646616e-24, 8.441049133e-24, 8.14841565818e-24, 7.08441900188e-24, 6.77189755478e-24, 7.41237372373e-24, 9.49069009854e-24],
        "var": [3.12901278221e-07, 1.35816026159e-06, 8.34172510622e-07, 1.73330590769e-06, 1.4994986941e-06, 1.52249015173e-06, 1.16233832159e-06, 4.63510218651e-07, 4.16577790929e-07, 3.27682272427e-07, 6.1909908311e-08, 5.38955582385e-08, 5.47205978307e-08, 3.54392319935e-08, 2.19123510448e-08, 4.29376214583e-08, 4.7621561805e-08, 2.25491163519e-08, 1.81490982243e-08, 1.81951520517e-08, 1.50022589906e-08, 3.84824438981e-09, 3.14321835226e-09, 1.63840230272e-09, 1.24568566573e-09, 1.09601017151e-09, 5.48503298337e-10, 4.6676607024e-11, 2.71959035153e-11, 3.62823937561e-11, 3.38034530922e-11, 3.39021727358e-11, 1.71412588984e-11, 2.12538459055e-11, 2.46871342813e-11, 2.48077270532e-11, 1.65166803845e-11, 1.29278957331e-11, 3.48456571757e-12, 4.38026486827e-13]
    },
    "mfcc": {
        "mean": [-639.281982422, 126.001296997, -9.08260917664, 26.7014598846, -4.59180879593, 0.9256965518, -8.47578048706, 5.60254096985, -9.41205596924, 4.5756893158, 1.59523081779, -0.945779263973, -5.04303216934],
        "cov": [[4303.3984375, -428.545379639, -478.492034912, 15.0562362671, -115.01171875, 182.919784546, 29.2257061005, 106.313117981, 48.1007232666, 162.843688965, 124.786109924, -4.18083047867, -22.4982452393], [-428.545379639, 1139.6607666, -27.7610645294, 58.8192253113, 20.1876583099, -170.851776123, 26.7365512848, 28.3411846161, -136.473175049, -3.74029278755, 27.7325153351, -28.6888771057, 1.53747928143], [-478.492034912, -27.7610645294, 758.17956543, 97.7347183228, -47.9328346252, -21.8507289886, -31.5225849152, -73.2214813232, -6.29370450974, -98.5004730225, -88.9856491089, 48.5057029724, -16.761341095], [15.0562362671, 58.8192253113, 97.7347183228, 281.587036133, 94.7286605835, -43.476474762, -87.0474395752, -18.3638935089, 21.8639183044, -45.6078414917, -56.2182388306, 6.30141592026, 41.5758018494], [-115.01171875, 20.1876583099, -47.9328346252, 94.7286605835, 240.497207642, -8.98829936981, -94.1503982544, -27.4405727386, 42.1659317017, -15.3120346069, -47.9986495972, 0.718326687813, 38.3278236389], [182.919784546, -170.851776123, -21.8507289886, -43.476474762, -8.98829936981, 175.882843018, 43.9032363892, 9.87306404114, 44.1462936401, 29.0070743561, 22.095041275, 17.0560684204, -10.0106658936], [29.2257061005, 26.7365512848, -31.5225849152, -87.0474395752, -94.1503982544, 43.9032363892, 215.492858887, 68.8893127441, -35.7630462646, 52.2718887329, 63.3269615173, -4.4234828949, -29.4627456665], [106.313117981, 28.3411846161, -73.2214813232, -18.3638935089, -27.4405727386, 9.87306404114, 68.8893127441, 115.940818787, 10.5786237717, 24.0375213623, 30.8020305634, -4.5271654129, 7.78551912308], [48.1007232666, -136.473175049, -6.29370450974, 21.8639183044, 42.1659317017, 44.1462936401, -35.7630462646, 10.5786237717, 147.698654175, 16.0766391754, -32.4242744446, 10.6344766617, 11.2129716873], [162.843688965, -3.74029278755, -98.5004730225, -45.6078414917, -15.3120346069, 29.0070743561, 52.2718887329, 24.0375213623, 16.0766391754, 138.91003418, 71.8718643188, -22.676815033, -25.1014766693], [124.786109924, 27.7325153351, -88.9856491089, -56.2182388306, -47.9986495972, 22.095041275, 63.3269615173, 30.8020305634, -32.4242744446, 71.8718643188, 128.8565979, 1.35698521137, -26.5635719299], [-4.18083047867, -28.6888771057, 48.5057029724, 6.30141592026, 0.718326687813, 17.0560684204, -4.4234828949, -4.5271654129, 10.6344766617, -22.676815033, 1.35698521137, 86.3895874023, 24.3484477997], [-22.4982452393, 1.53747928143, -16.761341095, 41.5758018494, 38.3278236389, -10.0106658936, -29.4627456665, 7.78551912308, 11.2129716873, -25.1014766693, -26.5635719299, 24.3484477997, 97.1860046387]],
