{
"lowlevel": {
    "average_loudness": 0.848749577999,
    "barkbands_crest": {
        "dmean": 2.36019444466,
        "dmean2": 3.70567941666,
        "dvar": 4.84876728058,
        "dvar2": 11.0639801025,
        "max": 26.9079113007,
        "mean": 10.5416707993,
        "median": 9.57939338684,
        "min": 2.2854013443,
        "var": 23.183801651
    },
    "barkbands_flatness_db": {
        "dmean": 0.0162840019912,
        "dmean2": 0.0244514103979,
        "dvar": 0.000275824713754,
        "dvar2": 0.000594459706917,
        "max": 0.621205210686,
        "mean": 0.143733039498,
        "median": 0.136675387621,
        "min": 0.0440472923219,
        "var": 0.00210081250407
    },
    "barkbands_kurtosis": {
        "dmean": 3.33871984482,
        "dmean2": 5.68817138672,
        "dvar": 7490.26611328,
        "dvar2": 22306.0390625,
        "max": 5692.74023438,
        "mean": 3.97880506516,
        "median": 1.38898777962,
        "min": -1.92520391941,
        "var": 3853.16479492
    },
    "barkbands_skewness": {
        "dmean": 0.421526700258,
        "dmean2": 0.638843178749,
        "dvar": 1.30917584896,
        "dvar2": 3.57590961456,
        "max": 73.6835098267,
        "mean": 1.27337193489,
        "median": 1.16808056831,
        "min": -5.21378946304,
        "var": 1.64448523521
    },
    "barkbands_spread": {
        "dmean": 3.67295145988,
        "dmean2": 5.43885231018,
        "dvar": 20.9919223785,
        "dvar2": 39.9974365234,
        "max": 78.6172790527,
        "mean": 16.299413681,
        "median": 14.4463644028,
        "min": 0.0954869389534,
        "var": 97.6693496704
    },
    "dissonance": {
        "dmean": 0.0214935131371,
        "dmean2": 0.03572082147,
        "dvar": 0.000453675544122,
        "dvar2": 0.00122819514945,
        "max": 0.500000059605,
        "mean": 0.446434944868,
        "median": 0.456179797649,
        "min": 0.22455470264,
        "var": 0.00168884859886
    },
    "dynamic_complexity": 2.74665474892,
    "erbbands_crest": {
        "dmean": 2.65577983856,
        "dmean2": 4.18049955368,
        "dvar": 6.36661434174,
        "dvar2": 14.4162216187,
        "max": 32.934753418,
        "mean": 11.0388841629,
        "median": 9.37379455566,
        "min": 2.15349340439,
        "var": 33.2750511169
    },
    "erbbands_flatness_db": {
        "dmean": 0.0139506896958,
        "dmean2": 0.0206523425877,
        "dvar": 0.000183905125596,
        "dvar2": 0.000357081677066,
        "max": 0.387958198786,
        "mean": 0.200168505311,
        "median": 0.195909708738,
        "min": 0.0569582618773,
        "var": 0.00155988195911
    },
    "erbbands_kurtosis": {
        "dmean": 1.00367462635,
        "dmean2": 1.5620341301,
        "dvar": 3.74865865707,
        "dvar2": 8.10800266266,
        "max": 60.6267356873,
        "mean": 0.803673386574,
        "median": -0.147235751152,
        "min": -1.83240711689,
        "var": 11.2392520905
    },
    "erbbands_skewness": {
        "dmean": 0.353418767452,
        "dmean2": 0.530861258507,
        "dvar": 0.113482609391,
        "dvar2": 0.244694799185,
        "max": 6.41483449936,
        "mean": 0.595543324947,
        "median": 0.505285561085,
        "min": -4.28768253326,
        "var": 0.657699882984
    },
    "erbbands_spread": {
        "dmean": 5.48264312744,
        "dmean2": 8.25092029572,
        "dvar": 42.8751373291,
        "dvar2": 90.7681503296,
        "max": 171.305465698,
        "mean": 29.5034809113,
        "median": 28.0764522552,
        "min": 1.42814254761,
        "var": 218.461517334
    },
    "hfc": {
        "dmean": 4.79230308533,
        "dmean2": 6.72578001022,
        "dvar": 47.2138748169,
        "dvar2": 86.744644165,
        "max": 272.048034668,
        "mean": 20.0664157867,
        "median": 15.4637107849,
        "min": 1.21893890931e-16,
        "var": 283.06552124
    },
    "melbands_crest": {
        "dmean": 2.85957670212,
        "dmean2": 4.4958729744,
        "dvar": 7.13917970657,
        "dvar2": 16.555562973,
        "max": 39.9920005798,
        "mean": 13.0696897507,
        "median": 12.0505495071,
        "min": 2.403424263,
        "var": 32.287525177
    },
    "melbands_flatness_db": {
        "dmean": 0.0188085362315,
        "dmean2": 0.0274507869035,
        "dvar": 0.000364588369848,
        "dvar2": 0.000735701236408,
        "max": 0.598325192928,
        "mean": 0.186212405562,
        "median": 0.183802187443,
        "min": 0.00605920143425,
        "var": 0.00390426721424
    },
    "melbands_kurtosis": {
        "dmean": 5.66017723083,
        "dmean2": 9.76231193542,
        "dvar": 23472.2285156,
        "dvar2": 70150.9375,
        "max": 10028.4521484,
        "mean": 8.56840705872,
        "median": 4.80714607239,
        "min": -1.77604162693,
        "var": 11921.2998047
    },
    "melbands_skewness": {
        "dmean": 0.481912970543,
        "dmean2": 0.741230607033,
        "dvar": 2.24489712715,
        "dvar2": 6.36151981354,
        "max": 96.7977981567,
        "mean": 1.86097753048,
        "median": 1.7652759552,
        "min": -2.80343365669,
        "var": 2.44176125526
    },
    "melbands_spread": {
        "dmean": 5.58832550049,
        "dmean2": 8.39785289764,
        "dvar": 58.3819122314,
        "dvar2": 115.708091736,
        "max": 160.826934814,
        "mean": 22.0920619965,
        "median": 18.9706954956,
        "min": 0.0950369089842,
        "var": 223.595367432
    },
    "pitch_salience": {
        "dmean": 0.0594733543694,
        "dmean2": 0.0944572389126,
        "dvar": 0.00289725442417,
        "dvar2": 0.00672969408333,
        "max": 0.941109776497,
        "mean": 0.570073544979,
        "median": 0.576843500137,
        "min": 0.00140383595135,
        "var": 0.0151637895033
    },
    "silence_rate_20dB": {
        "dmean": 0,
        "dmean2": 0,
        "dvar": 0,
        "dvar2": 0,
        "max": 1,
        "mean": 1,
        "median": 1,
        "min": 1,
        "var": 0
    },
    "silence_rate_30dB": {
        "dmean": 0,
        "dmean2": 0,
        "dvar": 0,
        "dvar2": 0,
        "max": 1,
        "mean": 1,
        "median": 1,
        "min": 1,
        "var": 0
    },
    "silence_rate_60dB": {
        "dmean": 0.0188568066806,
        "dmean2": 0.0377180576324,
        "dvar": 0.0185007415712,
        "dvar2": 0.0450200997293,
        "max": 1,
        "mean": 0.0480791889131,
        "median": 0,
        "min": 0,
        "var": 0.0457660295069
    },
    "spectral_centroid": {
        "dmean": 198.847595215,
        "dmean2": 299.397491455,
        "dvar": 58032.0039062,
        "dvar2": 114345.671875,
        "max": 10622.5751953,
        "mean": 1339.21069336,
        "median": 1246.35327148,
        "min": 254.124450684,
        "var": 383972.5
    },
    "spectral_complexity": {
        "dmean": 2.85774898529,
        "dmean2": 4.49198484421,
        "dvar": 10.0132236481,
        "dvar2": 22.2294597626,
        "max": 52,
        "mean": 18.8122787476,
        "median": 17,
        "min": 0,
        "var": 84.1402359009
    },
    "spectral_decrease": {
        "dmean": 1.24781651678e-09,
        "dmean2": 1.81064940818e-09,
        "dvar": 1.92482033409e-18,
        "dvar2": 3.86136305823e-18,
        "max": -2.29044077439e-29,
        "mean": -5.13221465326e-09,
        "median": -4.73581796001e-09,
        "min": -1.95580547313e-08,
        "var": 1.07449735867e-17
    },
    "spectral_energy": {
        "dmean": 0.00506448093802,
        "dmean2": 0.00732190487906,
        "dvar": 3.17477388307e-05,
        "dvar2": 6.29912537988e-05,
        "max": 0.0835309252143,
        "mean": 0.0211902111769,
        "median": 0.0194736588746,
        "min": 1.11425784467e-20,
        "var": 0.000182671676157
    },
    "spectral_energyband_high": {
        "dmean": 0.000236814972595,
        "dmean2": 0.000336984026944,
        "dvar": 4.14495588075e-07,
        "dvar2": 7.98423570814e-07,
        "max": 0.0255726706237,
        "mean": 0.000514107523486,
        "median": 0.000203086106922,
        "min": 8.16509255637e-21,
        "var": 1.0296110986e-06
    },
    "spectral_energyband_low": {
        "dmean": 0.000422601267928,
        "dmean2": 0.000691308116075,
        "dvar": 1.02050194073e-06,
        "dvar2": 2.67351560979e-06,
        "max": 0.0218995213509,
        "mean": 0.00080359657295,
        "median": 0.000444449600764,
        "min": 3.10380983474e-23,
        "var": 1.3482548411e-06
    },
    "spectral_energyband_middle_high": {
        "dmean": 0.00204496085644,
        "dmean2": 0.00295080523938,
        "dvar": 1.08020476546e-05,
        "dvar2": 2.11930801015e-05,
        "max": 0.0644349977374,
        "mean": 0.00697758141905,
        "median": 0.00379994115792,
        "min": 1.64051675408e-21,
        "var": 6.20298742433e-05
    },
    "spectral_energyband_middle_low": {
        "dmean": 0.00405632704496,
        "dmean2": 0.00595913687721,
        "dvar": 2.24661889661e-05,
        "dvar2": 4.69705591968e-05,
        "max": 0.0616592876613,
        "mean": 0.0138368811458,
        "median": 0.0118542946875,
        "min": 3.03587124031e-22,
        "var": 0.000109394663014
    },
    "spectral_entropy": {
        "dmean": 0.132414102554,
        "dmean2": 0.191573515534,
        "dvar": 0.0188927054405,
        "dvar2": 0.0350555442274,
        "max": 9.79317474365,
        "mean": 7.32827997208,
        "median": 7.36037731171,
        "min": 5.19253873825,
        "var": 0.217932477593
    },
    "spectral_flux": {
        "dmean": 0.0177696570754,
        "dmean2": 0.028883703053,
        "dvar": 0.000345114036463,
        "dvar2": 0.000848774565384,
        "max": 0.220417141914,
        "mean": 0.0675601512194,
        "median": 0.0630361288786,
        "min": 1.05558409236e-10,
        "var": 0.00107218138874
    },
    "spectral_kurtosis": {
        "dmean": 1.75964546204,
        "dmean2": 2.9899430275,
        "dvar": 2.62840437889,
        "dvar2": 7.4907245636,
        "max": 32.8218955994,
        "mean": 5.2315826416,
        "median": 4.60267162323,
        "min": -1.20726180077,
        "var": 12.0095796585
    },
    "spectral_rms": {
        "dmean": 0.000544239941519,
        "dmean2": 0.000778280082159,
        "dvar": 3.03860673512e-07,
        "dvar2": 5.51257016923e-07,
        "max": 0.00902737956494,
        "mean": 0.00428029336035,
        "median": 0.00435874890536,
        "min": 3.29709089891e-12,
        "var": 2.35249490288e-06
    },
    "spectral_rolloff": {
        "dmean": 368.141052246,
        "dmean2": 601.260437012,
        "dvar": 452318.71875,
        "dvar2": 822531.25,
        "max": 18841.5527344,
        "mean": 1609.49145508,
        "median": 1335.05859375,
        "min": 21.533203125,
        "var": 1368309
    },
    "spectral_skewness": {
        "dmean": 0.223102733493,
        "dmean2": 0.35916864872,
        "dvar": 0.0398626737297,
        "dvar2": 0.0971481353045,
        "max": 4.79831123352,
        "mean": 1.55283343792,
        "median": 1.4665415287,
        "min": -0.391786664724,
        "var": 0.322605341673
    },
    "spectral_spread": {
        "dmean": 287471.5625,
        "dmean2": 415969.125,
        "dvar": 214429614080,
        "dvar2": 246089220096,
        "max": 40737848,
        "mean": 3578457,
        "median": 3367343.75,
        "min": 2196443.5,
        "var": 907518607360
    },
    "spectral_strongpeak": {
        "dmean": 0.634071290493,
        "dmean2": 1.01610159874,
        "dvar": 0.729715883732,
        "dvar2": 1.82640516758,
        "max": 21.0558719635,
        "mean": 1.69003999233,
        "median": 1.23525500298,
        "min": 0,
        "var": 2.31835412979
    },
    "zerocrossingrate": {
        "dmean": 0.0073782550171,
        "dmean2": 0.00842221826315,
        "dvar": 0.000117698473332,
        "dvar2": 0.000103867583675,
        "max": 0.6396484375,
        "mean": 0.0583318881691,
        "median": 0.05224609375,
        "min": 0.00341796875,
        "var": 0.000923863728531
    },
    "barkbands": {
        "dmean": [4.07174957218e-06, 0.000160226845765, 0.000224384479225, 0.000262546935119, 0.00138020084705, 0.00136166694574, 0.000851381919347, 0.00109793490265, 0.00103639310692, 0.00113141036127, 0.000350634538336, 0.000330162321916, 0.000356879027095, 0.000389507971704, 0.000286685128231, 0.000321666593663, 0.000265345908701, 0.000181802475709, 0.00022672569321, 0.000131918815896, 6.8188412115e-05, 6.32401206531e-05, 5.83467444812e-05, 2.39181736106e-05, 3.51574999513e-06, 6.01355623076e-07, 3.52568065409e-07],
        "dmean2": [7.17580542187e-06, 0.00027326963027, 0.000374856666895, 0.000430895452155, 0.00217165402137, 0.00201727100648, 0.00127717945725, 0.00159533519763, 0.00151333794929, 0.00165545986965, 0.00053528486751, 0.000522709044162, 0.000564170069993, 0.000628232839517, 0.00046573576401, 0.000519452965818, 0.000425745703978, 0.00028971201391, 0.000348175730323, 0.000199366157176, 0.000107980449684, 9.57212905632e-05, 8.25181123218e-05, 3.3160114981e-05, 5.22694563188e-06, 9.30462704218e-07, 5.83470068705e-07],
        "dvar": [4.23671271677e-11, 2.11980577092e-07, 3.2231147884e-07, 2.71414648978e-07, 5.5143341342e-06, 6.54646510156e-06, 2.60603246716e-06, 4.70324630442e-06, 5.42147927263e-06, 7.2467805694e-06, 9.90140506474e-07, 1.50139271682e-06, 8.37055210923e-07, 1.5633337398e-06, 3.86902513583e-07, 5.12029771471e-07, 3.14764406539e-07, 1.11509699252e-07, 4.47366204526e-07, 1.1893136076e-07, 3.72279629346e-08, 5.57019461667e-08, 4.993745506e-08, 4.84960693825e-09, 1.66619273934e-10, 1.44249117859e-11, 4.19108107594e-13],
        "dvar2": [1.20250254199e-10, 5.75869819386e-07, 8.83137772689e-07, 7.20657624242e-07, 1.35665222842e-05, 1.38495088322e-05, 5.63280491406e-06, 9.33956471272e-06, 1.1185207768e-05, 1.50299529196e-05, 1.90958871826e-06, 3.12901238431e-06, 1.77497099685e-06, 3.66295671483e-06, 9.00335805909e-07, 1.22283358905e-06, 7.52045878016e-07, 2.76401237898e-07, 7.85404608905e-07, 2.29199912383e-07, 8.87928095494e-08, 1.1332742389e-07, 1.02077400754e-07, 8.74086403257e-09, 3.64175800627e-10, 3.78358976094e-11, 1.02597086642e-12],
        "max": [0.000114091737487, 0.0107009876519, 0.0109257828444, 0.0117991063744, 0.0506672412157, 0.0538049712777, 0.0293150320649, 0.0419225692749, 0.0444995313883, 0.0514121688902, 0.0363429673016, 0.0525632761419, 0.0216082576662, 0.0404373221099, 0.0118773719296, 0.0297780502588, 0.0152151472867, 0.0112646492198, 0.0582389198244, 0.018503094092, 0.00734559632838, 0.0110228471458, 0.00765024172142, 0.00222984026186, 0.000754164822865, 0.000260227738181, 2.95297377306e-05],
        "mean": [4.37950302512e-06, 0.00025550450664, 0.000364028266631, 0.00046526544611, 0.00303781498224, 0.0030987423379, 0.00163215270732, 0.00213966565207, 0.00210841349326, 0.00262603769079, 0.000570438220166, 0.000573094119318, 0.000582855893299, 0.000645569583867, 0.000487812561914, 0.000593958306126, 0.000517322565429, 0.000362038786989, 0.000467212783406, 0.000275818514638, 0.000123102436191, 0.000106256266008, 0.000100519908301, 4.32819651905e-05, 6.70018789606e-06, 1.24581742966e-06, 1.01391924545e-06],
        "median": [2.36480423155e-06, 0.000126241371618, 0.000138181319926, 0.000210226236959, 0.0016044951044, 0.0010095955804, 0.000731593579985, 0.00068754068343, 0.000475520413602, 0.000486767559778, 0.000214319166844, 0.000159818155225, 0.000180989620276, 0.000221399663133, 0.000188219564734, 0.000222408096306, 0.000228938399232, 0.000150352163473, 0.000206592463655, 9.37970835366e-05, 4.33505847468e-05, 3.12021875288e-05, 3.05031753669e-05, 1.31696178869e-05, 2.44267653216e-06, 6.78113792674e-07, 8.22314859761e-07],
        "min": [2.79770506113e-24, 1.2041508912e-23, 7.98335834668e-24, 1.56182720983e-23, 1.22257574739e-22, 3.87304640499e-23, 4.47026207299e-23, 2.25743355423e-23, 4.66022482767e-23, 4.43878273634e-23, 4.59853338053e-23, 7.80773313894e-23, 1.25535197137e-22, 1.44802159181e-22, 8.54756160574e-23, 2.8176998294e-22, 1.69372248127e-22, 2.04909093999e-22, 2.17132866068e-22, 4.51546556991e-22, 5.24836405142e-22, 4.00324947512e-22, 7.76390238622e-22, 9.75971340823e-22, 1.5916874505e-21, 1.509596439e-21, 2.47772420526e-21],
        "var": [4.22037370329e-11, 2.0352884178e-07, 4.29998038953e-07, 5.15139618074e-07, 1.76043504325e-05, 2.76621922239e-05, 6.69127575748e-06, 1.4984732843e-05, 1.98709021788e-05, 3.79406919819e-05, 2.35273319049e-06, 3.28507985614e-06, 1.79479809503e-06, 3.15476518153e-06, 8.00920872734e-07, 1.53783764745e-06, 8.49656430546e-07, 2.94388712518e-07, 1.25606015899e-06, 3.43531240787e-07, 6.43737365635e-08, 1.0647427473e-07, 8.99857894865e-08, 1.1259425392e-08, 2.95687141438e-10, 2.18160628451e-11, 9.38325805944e-13]
    },
    "erbbands": {
        "dmean": [0.00237194937654, 0.0454670637846, 0.223838895559, 0.560356199741, 2.25048303604, 5.44025325775, 8.61109733582, 11.6013374329, 11.9538316727, 18.781457901, 19.6647663116, 25.5643405914, 33.243309021, 22.4793624878, 14.4135122299, 14.3230981827, 16.816286087, 16.5541286469, 16.0902938843, 15.4651060104, 15.6867208481, 11.8647727966, 8.9704990387, 12.168302536, 8.5295124054, 6.54274272919, 3.41294598579, 2.47724413872, 2.27175307274, 1.98250353336, 1.61637675762, 0.718940556049, 0.28886115551, 0.0652130022645, 0.0136043950915, 0.00348000158556, 0.00100710010156, 0.000557843595743, 5.81997664995e-05, 6.71881343806e-06],
        "dmean2": [0.00402816617861, 0.0775741487741, 0.376665860415, 0.919143080711, 3.64329195023, 8.6602230072, 13.0398273468, 17.1368198395, 17.4676704407, 27.7532806396, 28.6580066681, 37.1031646729, 48.4140510559, 32.6436767578, 21.8513813019, 22.3875865936, 26.4424152374, 25.9151363373, 26.4607810974, 25.3359642029, 25.0085353851, 18.7574214935, 14.1417856216, 18.8389492035, 12.8540391922, 10.1016893387, 5.26080083847, 3.8877799511, 3.45657658577, 2.91488194466, 2.28929114342, 1.00342261791, 0.406681656837, 0.0949187576771, 0.0201233401895, 0.00540194381028, 0.00155973306391, 0.000917956931517, 9.54069037107e-05, 9.74736576609e-06],
        "dvar": [3.4820590372e-05, 0.0173672996461, 0.348944306374, 1.40078699589, 19.1119861603, 102.181427002, 308.862792969, 529.28314209, 582.580993652, 1343.35290527, 1732.02307129, 3607.24023438, 7362.984375, 4959.98925781, 1512.63635254, 3356.28149414, 1585.26928711, 3807.55297852, 1337.28979492, 1031.99230957, 1475.4095459, 680.055786133, 257.206665039, 726.376708984, 987.237976074, 288.215667725, 72.9524841309, 65.4738082886, 83.3206787109, 54.5905151367, 38.3552703857, 4.62631464005, 0.829457163811, 0.0450232699513, 0.00319452933036, 0.000470126688015, 3.63350591215e-05, 1.61925697739e-06, 1.73280003679e-08, 7.45746311925e-11],
        "dvar2": [9.35182251851e-05, 0.0472302399576, 0.952528238297, 3.8088092804, 48.8719787598, 252.251861572, 684.629699707, 1082.71154785, 1188.56677246, 2918.73681641, 3465.8527832, 7413.43017578, 14871.4052734, 10275.3857422, 2718.29589844, 6927.76513672, 3542.75537109, 9052.98046875, 3316.16723633, 2548.57250977, 3423.86767578, 1571.95080566, 628.320251465, 1587.12561035, 1430.67224121, 589.197998047, 159.068664551, 157.111541748, 177.778564453, 109.567481995, 77.2412261963, 8.28655719757, 1.62606441975, 0.0929794535041, 0.00641776248813, 0.0012589097023, 9.09721493372e-05, 4.08893220083e-06, 4.27790673996e-08, 1.51650622615e-10],
        "max": [0.125617608428, 3.14621472359, 13.5906476974, 29.3466968536, 115.531654358, 214.337478638, 458.772827148, 555.605041504, 517.750244141, 782.26348877, 754.458557129, 1320.19299316, 1958.35925293, 1756.69726562, 2085.6027832, 2718.70336914, 900.217346191, 2346.27587891, 873.378845215, 735.346557617, 1820.1138916, 980.159973145, 477.928863525, 1036.37219238, 3263.52856445, 1030.98095703, 387.152130127, 274.966918945, 432.672332764, 329.848968506, 214.945327759, 78.2740097046, 35.7421646118, 9.15694046021, 4.17454624176, 1.38790082932, 0.458766907454, 0.0626683533192, 0.00628972053528, 0.000370980327716],
        "mean": [0.00371538987383, 0.073275603354, 0.37839320302, 1.04309010506, 4.41623878479, 11.2257461548, 19.2651424408, 26.0206832886, 24.8041858673, 38.8786125183, 39.3460769653, 54.8482627869, 80.6888809204, 46.9113807678, 25.9719524384, 26.903465271, 29.5940742493, 29.9767799377, 28.6707324982, 31.0220623016, 31.462770462, 25.3201408386, 20.2065525055, 25.8300189972, 19.2684192657, 13.9916915894, 6.82430362701, 4.47726964951, 3.81201148033, 3.34952116013, 2.77123379707, 1.29257786274, 0.516259014606, 0.122327640653, 0.0281747784466, 0.00745017733425, 0.00201916950755, 0.00130975584034, 0.000146826656419, 2.94150195259e-05],
        "median": [0.00168333074544, 0.0365328937769, 0.171566963196, 0.555770874023, 2.34985971451, 5.28454971313, 6.60607528687, 8.73239517212, 10.8123216629, 14.8957328796, 14.6482543945, 15.0259466171, 16.9208583832, 11.3506603241, 12.4428005219, 8.94888591766, 10.310667038, 12.0257396698, 11.9209012985, 11.9437656403, 13.4549064636, 11.1744060516, 9.98559570312, 11.1135129929, 8.30933475494, 4.95798397064, 2.63664674759, 1.53872537613, 1.08540570736, 1.00343632698, 0.817299485207, 0.385734319687, 0.159125968814, 0.040569961071, 0.013084076345, 0.00415819929913, 0.0011046291329, 0.000846253184136, 0.000123988516862, 2.66586175712e-05],
        "min": [2.60508477605e-22, 2.85729468936e-21, 9.56963554296e-21, 3.73195393427e-20, 1.61680955174e-19, 5.09624269334e-19, 2.99566431516e-19, 3.28155421998e-19, 7.61758897906e-19, 5.44859940381e-19, 6.41493350888e-19, 1.181688613e-18, 9.55225069449e-19, 2.06581264911e-18, 1.88591265321e-18, 2.8896555879e-18, 5.67660470862e-18, 5.50077382094e-18, 6.59900290867e-18, 1.1994837702e-17, 1.22272150699e-17, 1.0823849394e-17, 1.15643092183e-17, 1.21536365272e-17, 1.22543159883e-17, 1.86635636645e-17, 2.288087288e-17, 1.82098137395e-17, 1.31797590402e-17, 1.51752371422e-17, 2.61193991291e-17, 1.68856415082e-17, 1.99226797949e-17, 1.81537970684e-17, 1.05221435374e-17, 4.86325372873e-18, 3.18311734894e-18, 1.35645791776e-18, 3.19993708442e-19, 3.5964853375e-20],
        "var": [3.74404480681e-05, 0.0167278163135, 0.440136909485, 2.16544103622, 44.4795341492, 302.822357178, 1127.5703125, 2311.62182617, 1658.74658203, 4218.35009766, 4975.48779297, 13228.9492188, 40269.0390625, 18896.7910156, 3696.10351562, 7373.17480469, 3796.03735352, 8510.65234375, 2850.62329102, 3014.80004883, 4329.66357422, 1883.56018066, 766.546875, 2025.06274414, 3339.99609375, 827.943725586, 180.299118042, 102.497116089, 147.785217285, 105.656547546, 70.0960769653, 10.8470983505, 1.6826363802, 0.087748721242, 0.00598955899477, 0.000664599996526, 5.79690131417e-05, 3.05619664687e-06, 2.79221978872e-08, 3.40839717561e-10]
    },
    "gfcc": {
        "mean": [-17.6694984436, 94.8051986694, -147.875198364, 15.3793964386, -70.5252304077, -8.76005744934, -39.1074295044, -1.75374376774, -17.97082901, -9.23798942566, -10.6880741119, -5.4853386879, -10.6630735397],
        "cov": [[2849.49902344, -74.154800415, -760.156982422, 420.08291626, -224.967498779, 0.812828838825, -38.3479385376, -44.2399291992, -3.58448529243, -145.940261841, -47.8187446594, -149.358673096, -13.1300525665], [-74.154800415, 734.50592041, 468.984191895, -128.657424927, 142.197540283, -154.516586304, 0.778445661068, -4.5815205574, -68.6131973267, -10.8826770782, 6.10493469238, -28.58294487, -26.1704082489], [-760.156982422, 468.984191895, 883.820007324, -14.3915300369, 41.9447059631, -83.7478485107, -69.8149108887, -25.1011428833, -39.365688324, -0.760535776615, 9.4400062561, 39.5713386536, -22.3384990692], [420.08291626, -128.657424927, -14.3915300369, 422.043060303, -0.835967302322, 11.5698032379, -86.061378479, -46.7950820923, 24.3743267059, -53.0709457397, -34.8456077576, -18.390209198, -7.8121638298], [-224.967498779, 142.197540283, 41.9447059631, -0.835967302322, 263.552185059, -1.35224080086, 26.9361629486, 19.9743041992, -17.9098796844, 26.5236415863, -20.8475589752, -1.8596496582, -6.09503316879], [0.812828838825, -154.516586304, -83.7478485107, 11.5698032379, -1.35224080086, 242.301513672, 86.3659362793, 6.56844186783, 15.5725269318, 12.9202756882, -1.77423906326, -8.2394695282, -0.446174681187], [-38.3479385376, 0.778445661068, -69.8149108887, -86.061378479, 26.9361629486, 86.3659362793, 156.137283325, 54.6182289124, -10.6897888184, 17.8965930939, 7.57513618469, -11.3246650696, 0.503381431103], [-44.2399291992, -4.5815205574, -25.1011428833, -46.7950820923, 19.9743041992, 6.56844186783, 54.6182289124, 109.539505005, 36.6697692871, 4.77695989609, -6.92269182205, -3.09065699577, 4.7104434967], [-3.58448529243, -68.6131973267, -39.365688324, 24.3743267059, -17.9098796844, 15.5725269318, -10.6897888184, 36.6697692871, 103.607788086, 16.8333091736, -10.4848442078, 4.99225139618, 6.0048494339], [-145.940261841, -10.8826770782, -0.760535776615, -53.0709457397, 26.5236415863, 12.9202756882, 17.8965930939, 4.77695989609, 16.8333091736, 97.8022918701, 33.7492866516, 11.0695333481, -4.74365949631], [-47.8187446594, 6.10493469238, 9.4400062561, -34.8456077576, -20.8475589752, -1.77423906326, 7.57513618469, -6.92269182205, -10.4848442078, 33.7492866516, 94.8071060181, 38.7949371338, -1.54861080647], [-149.358673096, -28.58294487, 39.5713386536, -18.390209198, -1.8596496582, -8.2394695282, -11.3246650696, -3.09065699577, 4.99225139618, 11.0695333481, 38.7949371338, 92.9772262573, 34.7461509705], [-13.1300525665, -26.1704082489, -22.3384990692, -7.8121638298, -6.09503316879, -0.446174681187, 0.503381431103, 4.7104434967, 6.0048494339, -4.74365949631, -1.54861080647, 34.7461509705, 76.9927825928]],
        "icov": [[0.00112403254025, -0.00158868776634, 0.00169571943115, -0.00148467440158, 0.00156836723909, -0.000534699647687, 0.000460559007479, -0.000514912011568, 0.000543929811101, 0.000127940933453, 0.000141427881317, 0.000216481930693, 1.31883516588e-05], [-0.00158868776634, 0.00588590279222, -0.0042365132831, 0.00311341811903, -0.00411844765767, 0.00287474971265, -0.00208414741792, 0.00184029678348, -0.00102172465995, 0.00146655365825, -0.00184563233051, 0.0025309571065, -0.000601145555265], [0.00169571943115, -0.0042365132831, 0.00476508913562, -0.00265587214381, 0.00315296230838, -0.00170306651853, 0.00200237100944, -0.00149656424765, 0.0015067611821, -0.000706961611286, 0.00130198814441, -0.00194841844495, 0.0010248280596], [-0.00148467440158, 0.00311341811903, -0.00265587214381, 0.00540700694546, -0.00310745742172, 0.000543588947039, 0.000695708324201, 0.00197547744028, -0.00196413416415, 0.00203655078076, -0.000648517452646, 0.00103734992445, 1.23584122775e-05], [0.00156836723909, -0.00411844765767, 0.00315296230838, -0.00310745742172, 0.00768740335479, -0.00160077726468, 0.000721964228433, -0.00245389365591, 0.00263366894796, -0.00295931077562, 0.00326651427895, -0.00216007023118, 0.000864548026584], [-0.000534699647687, 0.00287474971265, -0.00170306651853, 0.000543588947039, -0.00160077726468, 0.00739399157465, -0.00558985909447, 0.00308166723698, -0.00214394670911, 0.000551473582163, -0.000576525344513, 0.00125366682187, -0.000165046600159], [0.000460559007479, -0.00208414741792, 0.00200237100944, 0.000695708324201, 0.000721964228433, -0.00558985909447, 0.0138363046572, -0.00723769422621, 0.00438123615459, -0.00148920097854, -0.000374839117285, 0.000556346320082, -0.000293287477689], [-0.000514912011568, 0.00184029678348, -0.00149656424765, 0.00197547744028, -0.00245389365591, 0.00308166723698, -0.00723769422621, 0.0158132277429, -0.00756306480616, 0.00262455572374, -0.000503183808178, 0.00115119945258, -0.000570667325519], [0.000543929811101, -0.00102172465995, 0.0015067611821, -0.00196413416415, 0.00263366894796, -0.00214394670911, 0.00438123615459, -0.00756306480616, 0.0151221193373, -0.00472147436813, 0.00326844700612, -0.00197648350149, 0.00010087746341], [0.000127940933453, 0.00146655365825, -0.000706961611286, 0.00203655078076, -0.00295931077562, 0.000551473582163, -0.00148920097854, 0.00262455572374, -0.00472147436813, 0.0153485452756, -0.00644516851753, 0.00225679110736, 0.000305710651446], [0.000141427881317, -0.00184563233051, 0.00130198814441, -0.000648517452646, 0.00326651427895, -0.000576525344513, -0.000374839117285, -0.000503183808178, 0.00326844700612, -0.00644516851753, 0.0175807718188, -0.0092643853277, 0.00387974828482], [0.000216481930693, 0.0025309571065, -0.00194841844495, 0.00103734992445, -0.00216007023118, 0.00125366682187, 0.000556346320082, 0.00115119945258, -0.00197648350149, 0.00225679110736, -0.0092643853277, 0.0200614575297, -0.00874734856188], [1.31883516588e-05, -0.000601145555265, 0.0010248280596, 1.23584122775e-05, 0.000864548026584, -0.000165046600159, -0.000293287477689, -0.000570667325519, 0.00010087746341, 0.000305710651446, 0.00387974828482, -0.00874734856188, 0.0172256603837]]
    },
    "melbands": {
        "dmean": [3.2584877772e-05, 9.62933481787e-05, 0.000127231367514, 0.0002717745665, 0.000294357480016, 0.000263211550191, 0.000176842775545, 0.000219436173211, 0.000165580655448, 0.000155999558046, 0.000168180864421, 9.73795031314e-05, 5.0419694162e-05, 3.88977096009e-05, 3.95004753955e-05, 3.19508653774e-05, 3.41107806889e-05, 2.92245931632e-05, 1.91083981917e-05, 2.43097729253e-05, 1.94772419491e-05, 1.37282404467e-05, 1.19566948342e-05, 9.54507140705e-06, 1.1043581253e-05, 7.75311764301e-06, 5.13183340445e-06, 4.45227215096e-06, 2.56438556789e-06, 1.71089402556e-06, 1.48529306898e-06, 1.43294732879e-06, 1.12194538815e-06, 1.19952983368e-06, 1.10913686058e-06, 5.91864250055e-07, 4.1235435333e-07, 2.45526337039e-07, 9.83082912853e-08, 4.26464694669e-08],
        "dmean2": [5.54905709578e-05, 0.000161565258168, 0.000205953750992, 0.000436056609033, 0.000448697857792, 0.000387675478123, 0.000259498832747, 0.000322619656799, 0.000242535796133, 0.000226216536248, 0.000245151808485, 0.000141264143167, 7.65480217524e-05, 6.06561698078e-05, 6.20726277702e-05, 5.00288333569e-05, 5.40021137567e-05, 4.84887132188e-05, 3.11104122375e-05, 3.97665098717e-05, 3.12396623485e-05, 2.18599543587e-05, 1.9521019567e-05, 1.52663360495e-05, 1.71776755451e-05, 1.20596751003e-05, 8.00170801085e-06, 6.89241005603e-06, 3.97808071284e-06, 2.77151616501e-06, 2.33134005612e-06, 2.23194820137e-06, 1.7354574311e-06, 1.78003790552e-06, 1.61333628057e-06, 8.43425993935e-07, 5.93058473441e-07, 3.52508664037e-07, 1.45391595652e-07, 6.36277093236e-08],
        "dvar": [8.24997492543e-09, 6.60635848249e-08, 5.38977893427e-08, 2.45483249728e-07, 2.94706495652e-07, 2.47096608064e-07, 1.18353689516e-07, 1.80768921609e-07, 1.19265692433e-07, 1.25103525761e-07, 1.86760857446e-07, 9.19317315606e-08, 2.1337962508e-08, 1.80541039896e-08, 1.12183373702e-08, 7.01608593445e-09, 1.62592979081e-08, 4.99608487914e-09, 1.94628668737e-09, 2.74931344357e-09, 2.46300513318e-09, 1.05885578083e-09, 5.26813315194e-10, 3.74206637899e-10, 6.74183764371e-10, 1.50632195606e-09, 2.37976888195e-10, 1.27414509499e-10, 4.2137709988e-11, 2.53131803712e-11, 2.65712538777e-11, 3.46478123969e-11, 1.97369048188e-11, 2.15181553131e-11, 2.0948890192e-11, 3.71477458169e-12, 1.43346359088e-12, 6.43932335839e-13, 8.71433459247e-14, 2.70908766747e-14],
        "dvar2": [2.2266966937e-08, 1.78745722224e-07, 1.398661027e-07, 6.41620829356e-07, 6.57894247524e-07, 5.07065294642e-07, 2.45006788191e-07, 3.79385852511e-07, 2.38879351855e-07, 2.52239857446e-07, 3.76388328505e-07, 1.90979463355e-07, 4.08035880639e-08, 3.63338834575e-08, 2.52107170695e-08, 1.56290287379e-08, 3.73195412351e-08, 1.2654179038e-08, 4.65391813975e-09, 6.83799905588e-09, 5.77166447968e-09, 2.46238363033e-09, 1.35090283404e-09, 9.41659195064e-10, 1.43586487145e-09, 3.00575053735e-09, 4.45258357962e-10, 2.75399397731e-10, 9.00827953898e-11, 6.336987185e-11, 6.47336420578e-11, 7.59195067923e-11, 4.18208870312e-11, 4.71377867295e-11, 4.47096144829e-11, 7.19887083972e-12, 2.68384836924e-12, 1.33688340346e-12, 1.73110522228e-13, 6.02738480871e-14],
        "max": [0.0020626517944, 0.00618582591414, 0.00559631967917, 0.00947703979909, 0.0124261742458, 0.0106322877109, 0.00660926708952, 0.00982420425862, 0.00626745913178, 0.00735967792571, 0.00978110358119, 0.00774347502738, 0.00594226736575, 0.00524208834395, 0.00355918868445, 0.00257966062054, 0.00520198233426, 0.0019106301479, 0.00107972684782, 0.00134695379529, 0.001894109766, 0.000926491455175, 0.000549481075723, 0.000800738343969, 0.0010877995519, 0.0038257825654, 0.00106487283483, 0.000596618745476, 0.000257743144175, 0.000164578377735, 0.000180223854841, 0.00023195243557, 0.000202713621547, 0.000203272866202, 0.000180061950232, 6.13928204984e-05, 4.23154815508e-05, 3.37299534294e-05, 9.19129161048e-06, 9.39569508773e-06],
        "mean": [5.20023349964e-05, 0.000165650359122, 0.000259642343735, 0.00055290554883, 0.000679236662108, 0.000595605000854, 0.000360885751434, 0.000452699518064, 0.000330333510647, 0.000324627093505, 0.000398578675231, 0.000194912252482, 8.52451557876e-05, 6.64179387968e-05, 7.00677628629e-05, 5.4885600548e-05, 5.70292795601e-05, 4.85925047542e-05, 3.39753132721e-05, 4.61423587694e-05, 3.54505245923e-05, 2.64565369434e-05, 2.22879043577e-05, 1.83659085451e-05, 2.14641531784e-05, 1.58473631018e-05, 1.06441857497e-05, 8.82293534232e-06, 4.75841397929e-06, 2.8177198601e-06, 2.5115778044e-06, 2.27333202929e-06, 1.79628864316e-06, 1.9194478682e-06, 1.80590814125e-06, 1.00999284314e-06, 7.0571991273e-07, 4.17230410221e-07, 1.7065191571e-07, 7.59417559948e-08],
        "median": [2.59779262706e-05, 8.0513258581e-05, 0.000143188168295, 0.00030298542697, 0.000266696471954, 0.000198310342967, 0.000157335307449, 0.000163195989444, 0.000110433917143, 8.22009315016e-05, 6.97662471794e-05, 3.90936438635e-05, 3.34039068548e-05, 2.42529204115e-05, 2.27989803534e-05, 1.70798557519e-05, 2.11462065636e-05, 1.83541233127e-05, 1.2675040125e-05, 1.66969130078e-05, 1.41473383337e-05, 1.04272548924e-05, 1.00930601548e-05, 7.26524194761e-06, 8.48341824167e-06, 6.23489177087e-06, 4.17214369008e-06, 2.91108835881e-06, 1.60975491781e-06, 9.90800117506e-07, 7.83713517194e-07, 6.15070803178e-07, 4.95998619954e-07, 5.68639848098e-07, 5.11550183546e-07, 2.84139730411e-07, 2.0034238446e-07, 1.24637892895e-07, 5.08893229778e-08, 2.55992684828e-08],
        "min": [2.91611505515e-24, 4.83492059949e-24, 8.12427335904e-24, 2.54174154883e-23, 1.42834168948e-23, 8.8041349864e-24, 1.09302973528e-23, 5.51646683932e-24, 6.59048676228e-24, 6.58620521972e-24, 4.28546911824e-24, 7.97035081921e-24, 6.78873026877e-24, 6.02216099501e-24, 1.05355868546e-23, 1.37921663878e-23, 9.56707786658e-24, 1.21674892097e-23, 8.85875965978e-24, 1.97128704041e-23, 1.30523473874e-23, 1.18184403473e-23, 1.08557894403e-23, 8.71779889349e-24, 1.0463115781e-23, 7.35972672464e-24, 1.33364729973e-23, 1.1765011587e-23, 1.33099814704e-23, 1.40272185386e-23, 9.93098965735e-24, 6.45360401244e-24, 9.15542342496e-24, 8.09109229164e-24, 1.58646475585e-23, 1.1599367363e-23, 9.95632155874e-24, 1.46962388506e-23, 1.12417317496e-23, 1.76202669694e-23],
        "var": [8.00981947435e-09, 7.81524889248e-08, 1.16016828144e-07, 5.77356672693e-07, 1.13897874598e-06, 1.0893182889e-06, 3.38287208024e-07, 6.13790518855e-07, 3.58284779622e-07, 4.59524443386e-07, 1.0223549225e-06, 3.59952963436e-07, 5.17169986836e-08, 3.77058562151e-08, 2.62382613414e-08, 1.87824387154e-08, 3.22310569345e-08, 1.03600115153e-08, 3.84281495514e-09, 8.64690274938e-09, 6.277214748e-09, 2.63415977919e-09, 1.28744892525e-09, 8.66412719347e-10, 1.69944569528e-09, 3.27205151862e-09, 6.71386668483e-10, 3.29143517996e-10, 1.0980987647e-10, 3.65248525869e-11, 3.84149760613e-11, 5.58582138876e-11, 3.67501272469e-11, 3.56321847028e-11, 3.34323714546e-11, 7.9012274154e-12, 3.17799801232e-12, 1.19250204329e-12, 1.70727283222e-13, 4.269088067e-14]
    },
    "mfcc": {
        "mean": [-650.980957031, 124.372116089, -23.7301063538, 15.4993553162, -12.5595531464, -9.85970211029, -15.0016565323, -0.520910680294, -12.0139245987, 2.15986037254, -7.51454305649, -3.72407054901, -4.36838388443],
        "cov": [[3315.33129883, -765.532348633, -600.618041992, 155.739974976, -186.576141357, 46.7740440369, -101.304138184, 65.5765151978, -62.8350105286, 128.831863403, -74.6947555542, -80.509185791, -122.032829285], [-765.532348633, 1063.40759277, 275.777099609, 53.0853347778, 97.0957946777, -118.972625732, 101.993415833, -61.900604248, -23.854434967, -9.33558940887, 14.5858774185, -33.6246604919, 31.4712867737], [-600.618041992, 275.777099609, 697.338195801, 100.626625061, 71.1560058594, -2.25807642937, -37.9119987488, -6.02782344818, -56.9933242798, -43.1081924438, -19.3026180267, 3.75045657158, -0.167889431119], [155.739974976, 53.0853347778, 100.626625061, 323.258239746, 126.363304138, -25.7896366119, -51.1130447388, -16.0479240417, -32.0743141174, -17.2931499481, -39.600605011, -13.6752738953, -11.8235988617], [-186.576141357, 97.0957946777, 71.1560058594, 126.363304138, 193.845016479, 31.9455738068, -17.9657077789, -3.1380302906, 7.94379615784, -15.0792894363, -11.9564647675, 3.44839644432, 4.88575983047], [46.7740440369, -118.972625732, -2.25807642937, -25.7896366119, 31.9455738068, 173.185714722, 46.5736236572, 6.30082178116, 24.8019943237, -12.589099884, 22.2012176514, 17.1144275665, -7.26624727249], [-101.304138184, 101.993415833, -37.9119987488, -51.1130447388, -17.9657077789, 46.5736236572, 169.675003052, 19.4806118011, 12.635260582, 15.2517404556, 20.0190753937, 2.65049386024, 9.55416870117], [65.5765151978, -61.900604248, -6.02782344818, -16.0479240417, -3.1380302906, 6.30082178116, 19.4806118011, 109.87714386, 34.4119567871, 19.7597141266, -6.86787080765, -9.8208065033, 3.17391109467], [-62.8350105286, -23.854434967, -56.9933242798, -32.0743141174, 7.94379615784, 24.8019943237, 12.635260582, 34.4119567871, 132.001602173, 27.8160877228, 10.6456680298, -1.90194749832, 2.52486634254], [128.831863403, -9.33558940887, -43.1081924438, -17.2931499481, -15.0792894363, -12.589099884, 15.2517404556, 19.7597141266, 27.8160877228, 116.668403625, 20.3510036469, -33.6170272827, -13.4584188461], [-74.6947555542, 14.5858774185, -19.3026180267, -39.600605011, -11.9564647675, 22.2012176514, 20.0190753937, -6.86787080765, 10.6456680298, 20.3510036469, 87.6795043945, 31.5046768188, 1.95300090313], [-80.509185791, -33.6246604919, 3.75045657158, -13.6752738953, 3.44839644432, 17.1144275665, 2.65049386024, -9.8208065033, -1.90194749832, -33.6170272827, 31.5046768188, 109.159202576, 43.0937423706], [-122.032829285, 31.4712867737, -0.167889431119, -11.8235988617, 4.88575983047, -7.26624727249, 9.55416870117, 3.17391109467, 2.52486634254, -13.4584188461, 1.95300090313, 43.0937423706, 84.5752716064]],
