{
"lowlevel": {
    "average_loudness": 0.868562757969,
    "barkbands_crest": {
        "dmean": 2.34199047089,
        "dmean2": 3.74991226196,
        "dvar": 4.588783741,
        "dvar2": 11.1866960526,
        "max": 24.7997684479,
        "mean": 9.56104946136,
        "median": 8.92119026184,
        "min": 2.19690561295,
        "var": 14.0057945251
    },
    "barkbands_flatness_db": {
        "dmean": 0.0169779770076,
        "dmean2": 0.0258635245264,
        "dvar": 0.000266590737738,
        "dvar2": 0.000572716875467,
        "max": 0.29152995348,
        "mean": 0.121826969087,
        "median": 0.118898771703,
        "min": 0.0215522293001,
        "var": 0.00155743362848
    },
    "barkbands_kurtosis": {
        "dmean": 2.35452198982,
        "dmean2": 3.62563371658,
        "dvar": 13.1140670776,
        "dvar2": 28.971862793,
        "max": 93.9023513794,
        "mean": 4.58683443069,
        "median": 2.07515525818,
        "min": -1.89593958855,
        "var": 54.9658699036
    },
    "barkbands_skewness": {
        "dmean": 0.447836369276,
        "dmean2": 0.67248994112,
        "dvar": 0.206447973847,
        "dvar2": 0.433402746916,
        "max": 8.10350227356,
        "mean": 1.59734988213,
        "median": 1.42416620255,
        "min": -3.22596979141,
        "var": 1.31641638279
    },
    "barkbands_spread": {
        "dmean": 4.20465087891,
        "dmean2": 6.35536766052,
        "dvar": 28.7176151276,
        "dvar2": 57.7629356384,
        "max": 78.4707870483,
        "mean": 17.9181499481,
        "median": 15.2967586517,
        "min": 1.40801608562,
        "var": 124.674873352
    },
    "dissonance": {
        "dmean": 0.020092876628,
        "dmean2": 0.0334278978407,
        "dvar": 0.000387132109609,
        "dvar2": 0.00103724899236,
        "max": 0.500000119209,
        "mean": 0.458458423615,
        "median": 0.466165304184,
        "min": 0.251782923937,
        "var": 0.00103228748776
    },
    "dynamic_complexity": 3.4457244873,
    "erbbands_crest": {
        "dmean": 2.50246024132,
        "dmean2": 3.97396373749,
        "dvar": 5.68395090103,
        "dvar2": 13.4259757996,
        "max": 30.6016540527,
        "mean": 9.35441589355,
        "median": 8.45833683014,
        "min": 2.56297540665,
        "var": 17.4933624268
    },
    "erbbands_flatness_db": {
        "dmean": 0.0143848648295,
        "dmean2": 0.0209039058536,
        "dvar": 0.000201410221052,
        "dvar2": 0.000373680086341,
        "max": 0.308180242777,
        "mean": 0.16661734879,
        "median": 0.164781793952,
        "min": 0.0443944595754,
        "var": 0.00156574277207
    },
    "erbbands_kurtosis": {
        "dmean": 0.989064455032,
        "dmean2": 1.51917672157,
        "dvar": 2.30465507507,
        "dvar2": 5.0029168129,
        "max": 30.6201972961,
        "mean": 0.795412182808,
        "median": -0.139345645905,
        "min": -1.82890808582,
        "var": 8.29609680176
    },
    "erbbands_skewness": {
        "dmean": 0.366146087646,
        "dmean2": 0.546148896217,
        "dvar": 0.135038882494,
        "dvar2": 0.271484345198,
        "max": 4.86836862564,
        "mean": 0.619805634022,
        "median": 0.598385810852,
        "min": -3.29420638084,
        "var": 0.809701621532
    },
    "erbbands_spread": {
        "dmean": 6.1510014534,
        "dmean2": 9.19525051117,
        "dvar": 49.5881233215,
        "dvar2": 103.466003418,
        "max": 116.235870361,
        "mean": 34.130115509,
        "median": 31.8240566254,
        "min": 3.83065295219,
        "var": 286.494812012
    },
    "hfc": {
        "dmean": 5.04372215271,
        "dmean2": 7.03049612045,
        "dvar": 64.9813232422,
        "dvar2": 115.96598053,
        "max": 212.024536133,
        "mean": 18.8979034424,
        "median": 12.9310131073,
        "min": 1.16399267612e-16,
        "var": 345.476898193
    },
    "melbands_crest": {
        "dmean": 2.90980887413,
        "dmean2": 4.67065477371,
        "dvar": 7.33866214752,
        "dvar2": 18.3227081299,
        "max": 30.6625499725,
        "mean": 12.2353429794,
        "median": 11.4980831146,
        "min": 2.12378430367,
        "var": 19.9776058197
    },
    "melbands_flatness_db": {
        "dmean": 0.0205565039068,
        "dmean2": 0.0308931972831,
        "dvar": 0.00043671898311,
        "dvar2": 0.000912718067411,
        "max": 0.366513520479,
        "mean": 0.180984169245,
        "median": 0.175728902221,
        "min": 0.00588544784114,
        "var": 0.00295795686543
    },
    "melbands_kurtosis": {
        "dmean": 3.7948975563,
        "dmean2": 5.88126182556,
        "dvar": 25.1171169281,
        "dvar2": 57.4461250305,
        "max": 122.620979309,
        "mean": 9.56095218658,
        "median": 6.4463186264,
        "min": -1.83918535709,
        "var": 101.304252625
    },
    "melbands_skewness": {
        "dmean": 0.486207276583,
        "dmean2": 0.738862872124,
        "dvar": 0.21973246336,
        "dvar2": 0.492946147919,
        "max": 9.6406879425,
        "mean": 2.21326899529,
        "median": 2.09981274605,
        "min": -1.41821539402,
        "var": 1.37784254551
    },
    "melbands_spread": {
        "dmean": 6.14516592026,
        "dmean2": 9.15672683716,
        "dvar": 94.9784011841,
        "dvar2": 167.437591553,
        "max": 200.462600708,
        "mean": 22.1307735443,
        "median": 17.6974182129,
        "min": 1.86874830723,
        "var": 411.565887451
    },
    "pitch_salience": {
        "dmean": 0.0603261888027,
        "dmean2": 0.0970078706741,
        "dvar": 0.00283082993701,
        "dvar2": 0.00712382048368,
        "max": 0.980967521667,
        "mean": 0.628337562084,
        "median": 0.634291529655,
        "min": 0.169553592801,
        "var": 0.0099635142833
    },
    "silence_rate_20dB": {
        "dmean": 0,
        "dmean2": 0,
        "dvar": 0,
        "dvar2": 0,
        "max": 1,
        "mean": 1,
        "median": 1,
        "min": 1,
        "var": 0
    },
    "silence_rate_30dB": {
        "dmean": 0,
        "dmean2": 0,
        "dvar": 0,
        "dvar2": 0,
        "max": 1,
        "mean": 1,
        "median": 1,
        "min": 1,
        "var": 0
    },
    "silence_rate_60dB": {
        "dmean": 0.0256543140858,
        "dmean2": 0.0511856935918,
        "dvar": 0.0249948017299,
        "dvar2": 0.0542708151042,
        "max": 1,
        "mean": 0.0764347687364,
        "median": 0,
        "min": 0,
        "var": 0.0705860033631
    },
    "spectral_centroid": {
        "dmean": 220.409164429,
        "dmean2": 335.579315186,
        "dvar": 79508.1015625,
        "dvar2": 150729.875,
        "max": 11422.5390625,
        "mean": 1297.94262695,
        "median": 1225.76794434,
        "min": 299.178466797,
        "var": 434895.21875
    },
    "spectral_complexity": {
        "dmean": 3.15211200714,
        "dmean2": 4.90449666977,
        "dvar": 13.5983524323,
        "dvar2": 27.4002876282,
        "max": 50,
        "mean": 17.8279571533,
        "median": 17,
        "min": 0,
        "var": 71.5428543091
    },
    "spectral_decrease": {
        "dmean": 1.32552246956e-09,
        "dmean2": 1.94027927058e-09,
        "dvar": 3.24783678725e-18,
        "dvar2": 6.80713726722e-18,
        "max": 1.12675055393e-21,
        "mean": -4.7510875234e-09,
        "median": -3.8576000172e-09,
        "min": -2.82987464573e-08,
        "var": 1.38442381893e-17
    },
    "spectral_energy": {
        "dmean": 0.00538626173511,
        "dmean2": 0.00784116517752,
        "dvar": 5.27082120243e-05,
        "dvar2": 0.00010999636288,
        "max": 0.113772958517,
        "mean": 0.0196457542479,
        "median": 0.0160025767982,
        "min": 1.04186281974e-20,
        "var": 0.000232154736295
    },
    "spectral_energyband_high": {
        "dmean": 0.000257989246165,
        "dmean2": 0.000354128307663,
        "dvar": 8.05518823199e-07,
        "dvar2": 1.25535825646e-06,
        "max": 0.0315709710121,
        "mean": 0.000581338303164,
        "median": 0.000214717467315,
        "min": 7.3904266036e-21,
        "var": 3.32233548761e-06
    },
    "spectral_energyband_low": {
        "dmean": 0.000447073834948,
        "dmean2": 0.000734002736863,
        "dvar": 1.18638752156e-06,
        "dvar2": 2.92713139061e-06,
        "max": 0.022406892851,
        "mean": 0.000671453541145,
        "median": 0.000347189110471,
        "min": 4.94361206382e-23,
        "var": 1.40018460115e-06
    },
    "spectral_energyband_middle_high": {
        "dmean": 0.0017455854686,
        "dmean2": 0.00252581108361,
        "dvar": 7.77248715167e-06,
        "dvar2": 1.62962351169e-05,
        "max": 0.0552749969065,
        "mean": 0.00576379476115,
        "median": 0.00288130599074,
        "min": 1.35680258873e-21,
        "var": 4.93648112752e-05
    },
    "spectral_energyband_middle_low": {
        "dmean": 0.00453866645694,
        "dmean2": 0.00673153437674,
        "dvar": 4.12072149629e-05,
        "dvar2": 8.93764008651e-05,
        "max": 0.101410187781,
        "mean": 0.0132217314094,
        "median": 0.00989831797779,
        "min": 2.62346460405e-22,
        "var": 0.000136331975227
    },
    "spectral_entropy": {
        "dmean": 0.13726966083,
        "dmean2": 0.201038405299,
        "dvar": 0.0230640210211,
        "dvar2": 0.0435342937708,
        "max": 9.80372428894,
        "mean": 7.47267913818,
        "median": 7.46387529373,
        "min": 6.01710414886,
        "var": 0.156020566821
    },
    "spectral_flux": {
        "dmean": 0.0180694106966,
        "dmean2": 0.0286791790277,
        "dvar": 0.000431011809269,
        "dvar2": 0.000992710934952,
        "max": 0.302138805389,
        "mean": 0.0677421763539,
        "median": 0.0609808415174,
        "min": 6.82050527168e-11,
        "var": 0.00149313674774
    },
    "spectral_kurtosis": {
        "dmean": 1.3035326004,
        "dmean2": 2.13169884682,
        "dvar": 1.81766796112,
        "dvar2": 4.59352350235,
        "max": 26.4664268494,
        "mean": 5.79799699783,
        "median": 5.49542140961,
        "min": -1.23895537853,
        "var": 9.30110263824
    },
    "spectral_rms": {
        "dmean": 0.000573227414861,
        "dmean2": 0.000817856926005,
        "dvar": 4.2485160634e-07,
        "dvar2": 7.92099399405e-07,
        "max": 0.010535559617,
        "mean": 0.00402626488358,
        "median": 0.00395123660564,
        "min": 3.18818365805e-12,
        "var": 2.95585982713e-06
    },
    "spectral_rolloff": {
        "dmean": 408.671936035,
        "dmean2": 671.342834473,
        "dvar": 513581,
        "dvar2": 989684.25,
        "max": 18733.8867188,
        "mean": 1583.82629395,
        "median": 1335.05859375,
        "min": 215.33203125,
        "var": 1728343
    },
    "spectral_skewness": {
        "dmean": 0.187535718083,
        "dmean2": 0.29601123929,
        "dvar": 0.0383529141545,
        "dvar2": 0.0816170051694,
        "max": 4.23654317856,
        "mean": 1.72907650471,
        "median": 1.71493697166,
        "min": -0.0349805019796,
        "var": 0.261894643307
    },
    "spectral_spread": {
        "dmean": 344675.25,
        "dmean2": 509644.34375,
        "dvar": 311458136064,
        "dvar2": 629164277760,
        "max": 41872492,
        "mean": 4276750.5,
        "median": 3990808,
        "min": 2199017.75,
        "var": 1.74035894272e+12
    },
    "spectral_strongpeak": {
        "dmean": 0.561373472214,
        "dmean2": 0.911379992962,
        "dvar": 0.691798508167,
        "dvar2": 1.7240755558,
        "max": 12.6043977737,
        "mean": 1.31287634373,
        "median": 0.846300065517,
        "min": 0,
        "var": 1.76059877872
    },
    "zerocrossingrate": {
        "dmean": 0.00873085856438,
        "dmean2": 0.0100952796638,
        "dvar": 0.000137406401336,
        "dvar2": 0.000141137323226,
        "max": 0.560546875,
        "mean": 0.0639531388879,
        "median": 0.0576171875,
        "min": 0.01513671875,
        "var": 0.00121567607857
    },
    "barkbands": {
        "dmean": [3.82405050914e-06, 0.000117403040349, 0.000185773344128, 0.000576663354877, 0.00118825573009, 0.00132701767143, 0.00107933569234, 0.00167890673038, 0.00102596159559, 0.00082854682114, 0.000392200163333, 0.000290334632155, 0.000369116198272, 0.000324494321831, 0.000299001345411, 0.000208311903407, 0.000230771489441, 0.000146006699651, 0.000174722343218, 0.000114972906886, 8.26933610369e-05, 7.48506936361e-05, 5.31329897058e-05, 2.81345437543e-05, 1.71033843799e-05, 3.91416460843e-06, 1.90453863524e-06],
        "dmean2": [6.72288615533e-06, 0.000198760739295, 0.000317115249345, 0.000938649405725, 0.00188808492385, 0.00201814062893, 0.00158766831737, 0.00251980265602, 0.00157386518549, 0.0012678190833, 0.000602183048613, 0.00045176432468, 0.000536956242286, 0.00050936837215, 0.000468832615297, 0.000320865947288, 0.000352587056113, 0.000232971418882, 0.000270207703579, 0.000179345181095, 0.000125880600535, 0.000109154505481, 7.81400958658e-05, 3.98298543587e-05, 2.37737840507e-05, 5.53975087314e-06, 3.0828623494e-06],
        "dvar": [2.41317382743e-11, 1.13368649579e-07, 2.88861997433e-07, 2.09847462429e-06, 4.38339475295e-06, 6.74788634569e-06, 7.35758339943e-06, 1.70098228409e-05, 8.33674857859e-06, 4.22628500019e-06, 9.97429424388e-07, 6.99417114447e-07, 1.6455428522e-06, 5.30531508502e-07, 6.18400065378e-07, 3.96222446852e-07, 3.48021018226e-07, 7.06266973793e-08, 1.39911904284e-07, 6.31606553725e-08, 7.84469662563e-08, 9.72906519792e-08, 7.11876495529e-08, 1.32823583243e-08, 2.26688112726e-09, 9.30103008501e-11, 3.37114559358e-12],
        "dvar2": [6.70892230659e-11, 3.07698996949e-07, 7.58082308039e-07, 5.18284059581e-06, 1.02052354123e-05, 1.48425979205e-05, 1.53904074978e-05, 3.89446904592e-05, 1.95224783965e-05, 1.01830964923e-05, 2.29520605899e-06, 1.56277087626e-06, 3.22193750435e-06, 1.25151666452e-06, 1.41342979987e-06, 8.19672322905e-07, 7.88706074673e-07, 1.66532913681e-07, 3.06906571268e-07, 1.34587182288e-07, 1.62633966738e-07, 1.68250139154e-07, 1.24261688939e-07, 2.45265212584e-08, 3.95255428387e-09, 1.54734072777e-10, 8.53778246018e-12],
        "max": [0.000100384815596, 0.00877559650689, 0.0135213304311, 0.0242843721062, 0.0548893474042, 0.0682026222348, 0.0656202062964, 0.0732138603926, 0.0600221678615, 0.0473060235381, 0.0279387962073, 0.0222149882466, 0.040198430419, 0.0187025032938, 0.0192665178329, 0.0180724710226, 0.0198685228825, 0.00557297701016, 0.0116425529122, 0.00638834154233, 0.0118756303564, 0.012673557736, 0.0114236976951, 0.00331705529243, 0.00130834465381, 0.000340925267665, 4.01598808821e-05],
        "mean": [4.20068317908e-06, 0.000145225960296, 0.000245325994911, 0.000760731636547, 0.00256910338067, 0.00270761619322, 0.00208312436007, 0.0028188074939, 0.00172917370219, 0.00141108070966, 0.000700679374859, 0.000507637858391, 0.000663089682348, 0.000536014384124, 0.000527988129761, 0.000382425700082, 0.000459767499706, 0.000288424169412, 0.000384491693694, 0.000224497780437, 0.000151393935084, 0.000139043360832, 0.000100418328657, 5.45428301848e-05, 3.44198269886e-05, 9.84361486189e-06, 6.6944644459e-06],
        "median": [2.61204354501e-06, 5.86561691307e-05, 0.000119001982966, 0.000250094279181, 0.00147867680062, 0.00128191162366, 0.000799833040219, 0.000729859631974, 0.000337399920681, 0.00028420399758, 0.00020342838252, 0.00015853808145, 0.000114448645036, 0.000166185709531, 0.000135905269417, 0.000122008023027, 0.000159057031851, 0.000139919749927, 0.000154160661623, 9.51747206273e-05, 4.97678156535e-05, 3.22440137097e-05, 2.42860314756e-05, 1.56701571541e-05, 1.31415481519e-05, 5.7999609453e-06, 6.13639076619e-06],
        "min": [3.01183918448e-24, 1.23555410278e-23, 2.19367268828e-24, 3.16965672503e-24, 4.30756866207e-23, 6.68797853168e-23, 3.08601691925e-23, 3.41551938619e-23, 2.95998345232e-23, 4.43924027566e-23, 2.35427585445e-23, 3.77396610639e-23, 5.66438733095e-23, 4.8983743619e-23, 7.81513580968e-23, 9.96444729938e-23, 1.41013266564e-22, 1.27887643465e-22, 1.89143954933e-22, 2.28729853437e-22, 3.76937884867e-22, 3.50720540755e-22, 4.61072361655e-22, 6.97662071742e-22, 1.17020358743e-21, 1.71834998667e-21, 2.32751458759e-21],
        "var": [2.54663894139e-11, 1.01055832147e-07, 2.83479778318e-07, 2.49622257797e-06, 1.17650561151e-05, 1.76439461939e-05, 1.82472485903e-05, 3.30070724885e-05, 1.80283714144e-05, 1.05417175291e-05, 2.7903111004e-06, 1.46205309193e-06, 3.71293481294e-06, 1.14037254662e-06, 1.33918456413e-06, 1.05390336103e-06, 1.05499577785e-06, 1.72361723116e-07, 4.35094960949e-07, 1.59330213023e-07, 2.25649003482e-07, 3.66280318076e-07, 2.31264635886e-07, 3.48858435473e-08, 6.85222012464e-09, 3.1775942988e-10, 6.64512715687e-12]
    },
    "erbbands": {
        "dmean": [0.0020297258161, 0.0328339971602, 0.178161814809, 1.00768482685, 2.6393198967, 4.46743583679, 7.13567590714, 12.2986907959, 15.4423379898, 24.4380645752, 31.2197532654, 26.5218582153, 23.1346855164, 18.4009017944, 16.5695323944, 11.7880887985, 16.2250175476, 16.181854248, 13.8533172607, 12.9101572037, 10.1769342422, 10.6094617844, 8.08029937744, 7.08306217194, 9.18536376953, 5.08506917953, 3.18007254601, 3.47252750397, 2.81166696548, 2.22552514076, 1.31357741356, 0.673129558563, 0.441399872303, 0.210982009768, 0.117103971541, 0.0278159119189, 0.00604939088225, 0.00268636620604, 0.000349230103893, 1.50035857587e-05],
        "dmean2": [0.00322582828812, 0.0562192052603, 0.303181052208, 1.64162361622, 4.26508522034, 7.0392742157, 11.1000766754, 18.8235626221, 22.9755191803, 35.8812103271, 46.9700126648, 40.4775009155, 34.0315246582, 28.949174881, 24.971862793, 18.1492004395, 23.3790740967, 24.8692684174, 21.4693279266, 20.2652606964, 15.2940473557, 16.2816104889, 12.6516485214, 11.3256092072, 14.0947847366, 7.94832706451, 4.94094228745, 5.23243093491, 4.081594944, 3.14219999313, 1.95432400703, 0.950780153275, 0.629086613655, 0.302453428507, 0.16267503798, 0.039501901716, 0.00867011491209, 0.00426119565964, 0.000565764668863, 2.33134505834e-05],
        "dvar": [1.79990984179e-05, 0.00967856962234, 0.29175978899, 6.44726276398, 27.6625576019, 83.2051696777, 178.404830933, 735.655639648, 1318.65368652, 3413.50683594, 7738.71484375, 6004.58056641, 3346.41503906, 3511.41040039, 1596.9654541, 1167.74523926, 3170.44433594, 1328.67419434, 1103.40124512, 1267.35253906, 986.120300293, 620.742553711, 214.205612183, 188.227523804, 430.776428223, 121.842590332, 76.7280960083, 198.110519409, 130.876907349, 121.339836121, 40.8015022278, 8.88436126709, 2.64026975632, 0.356640338898, 0.112273514271, 0.005214816425, 0.000215039224713, 1.20034364954e-05, 1.39424713552e-07, 2.83765982934e-10],
        "dvar2": [4.34352805314e-05, 0.0264216233045, 0.783329188824, 15.7123193741, 70.4723587036, 192.580337524, 401.771331787, 1632.58789062, 2810.68505859, 7322.47265625, 17723.1386719, 14136.2294922, 7143.42773438, 9217.22167969, 3631.50585938, 2822.20703125, 6099.44335938, 2885.39428711, 2449.1159668, 2935.42480469, 2107.39916992, 1386.51647949, 491.092163086, 435.900817871, 937.75579834, 257.685974121, 159.468597412, 422.090820312, 227.302276611, 208.208892822, 75.9420928955, 16.2052440643, 4.9474811554, 0.629631578922, 0.205560401082, 0.00927112065256, 0.000371190282749, 2.54249625868e-05, 3.38395835797e-07, 6.29416463394e-10],
        "max": [0.0776610076427, 2.74178791046, 15.6163721085, 48.8069953918, 118.653617859, 285.069732666, 421.320831299, 769.991638184, 1103.48083496, 1365.63879395, 1973.52099609, 1764.13793945, 1369.38977051, 1313.42431641, 1196.20019531, 1114.33630371, 1647.7442627, 1098.52453613, 1212.49853516, 1063.50976562, 1075.77478027, 790.757568359, 368.738098145, 434.528625488, 586.703979492, 333.265136719, 239.37600708, 631.021484375, 511.246704102, 497.702636719, 284.037628174, 91.0437240601, 44.1365623474, 20.6473121643, 10.0760126114, 2.81285977364, 0.545720934868, 0.0954070687294, 0.00923294946551, 0.000465446617454],
        "mean": [0.00302838394418, 0.0394650250673, 0.23749487102, 1.42776548862, 4.51360082626, 9.41477203369, 14.9871311188, 23.8592224121, 31.4802455902, 44.9855613708, 53.5606269836, 46.0086174011, 38.4519081116, 38.4117164612, 30.4448947906, 23.163892746, 31.2801952362, 29.6470794678, 27.297000885, 24.8248348236, 22.2823600769, 22.7553253174, 17.0551319122, 15.4269275665, 20.6922035217, 10.5975475311, 6.17425823212, 6.15048694611, 5.0341963768, 4.22528982162, 2.51659488678, 1.33526539803, 0.812574386597, 0.403728783131, 0.230318695307, 0.0618612356484, 0.0162558276206, 0.00801336020231, 0.00105942320079, 5.64491783734e-05],
        "median": [0.00145676452667, 0.0159337911755, 0.120580330491, 0.577855944633, 2.16997241974, 4.96343231201, 7.57265663147, 10.7000875473, 13.3962669373, 14.8229084015, 13.2556505203, 10.270772934, 10.9387083054, 5.92153453827, 9.64831161499, 7.34414958954, 6.14120435715, 9.5803565979, 7.40609073639, 8.60307407379, 7.28351449966, 8.58979320526, 9.06267166138, 7.8717675209, 7.14329814911, 4.50776147842, 2.4072470665, 1.7782176733, 1.1500338316, 0.951155722141, 0.657426893711, 0.374189943075, 0.239213004708, 0.135509520769, 0.0925260856748, 0.032595153898, 0.00994355976582, 0.00630603078753, 0.000971850880887, 5.10052377649e-05],
        "min": [2.8911949076e-22, 3.27194865782e-21, 7.04420385743e-21, 8.48030087633e-21, 5.58465045205e-20, 1.89388701035e-19, 3.27661414227e-19, 5.12073240935e-19, 4.43937701795e-19, 5.91583185582e-19, 6.42413537621e-19, 7.75640539548e-19, 1.22223731682e-18, 1.05840085822e-18, 9.82669474607e-19, 1.68829848109e-18, 2.83242234093e-18, 3.58413802543e-18, 4.89827241996e-18, 5.93490963928e-18, 5.20031948859e-18, 9.35979513086e-18, 7.25793746617e-18, 6.44477012037e-18, 9.39728957367e-18, 1.28688276382e-17, 1.38046625601e-17, 1.45033646528e-17, 1.60143605885e-17, 1.49912556304e-17, 1.29652802064e-17, 1.23880074005e-17, 1.38162199276e-17, 1.21297037106e-17, 8.55348511234e-18, 6.28585259468e-18, 3.37290980459e-18, 1.25738235989e-18, 3.28509791342e-19, 3.03437152107e-20],
        "var": [2.46128984145e-05, 0.00820263940841, 0.265886902809, 7.7609705925, 53.893371582, 221.581985474, 494.457214355, 1724.62084961, 3570.76391602, 7774.36914062, 14109.9472656, 12501.9882812, 6386.46630859, 12972.9628906, 3945.64233398, 2654.72387695, 7473.21679688, 3300.9465332, 2909.94091797, 2899.09667969, 3286.5168457, 2023.78649902, 559.589416504, 477.849365234, 1428.2677002, 332.934631348, 206.828994751, 568.132873535, 492.366699219, 409.612640381, 126.171463013, 25.4911651611, 6.6618437767, 1.06504249573, 0.305333554745, 0.0150723038241, 0.000795372296125, 3.37464152835e-05, 2.96563769098e-07, 1.01387742646e-09]
    },
    "gfcc": {
        "mean": [-7.17650794983, 71.355430603, -121.763389587, 3.93014717102, -66.3470230103, -15.8935632706, -45.1603279114, -0.995048463345, -26.6789093018, -0.984520792961, -16.1508464813, -1.40828311443, -15.0471792221],
        "cov": [[3439.90527344, -122.506797791, -1120.95141602, 68.9647598267, -220.224212646, 188.185134888, 51.2217063904, 160.417617798, -5.07788896561, -30.9769287109, 3.12848758698, -150.41368103, -36.747089386], [-122.506797791, 606.221252441, 83.3046875, -286.0262146, 137.138549805, -107.746398926, 8.92818641663, 12.1947011948, 15.5274543762, -16.3373126984, 26.4000606537, 6.80317211151, -7.84764194489], [-1120.95141602, 83.3046875, 853.500305176, 225.608398438, -6.55124473572, -63.8979415894, -83.7536087036, -80.4929504395, -5.78580474854, 13.5008544922, -17.3478927612, 76.4081726074, 16.7495937347], [68.9647598267, -286.0262146, 225.608398438, 483.493041992, -24.9742107391, -12.0374145508, -83.0004501343, -37.7297210693, 15.0934820175, 3.36499357224, -41.9400215149, 16.0685253143, 7.11849784851], [-220.224212646, 137.138549805, -6.55124473572, -24.9742107391, 198.628463745, -31.8711357117, -32.5012130737, -1.81433606148, 26.6800899506, 1.92945194244, -3.37737751007, 15.2584209442, 11.2371416092], [188.185134888, -107.746398926, -63.8979415894, -12.0374145508, -31.8711357117, 240.171386719, 126.17401123, 20.2757015228, -37.1547889709, 10.4143447876, 4.99050664902, -33.2342071533, -3.22307920456], [51.2217063904, 8.92818641663, -83.7536087036, -83.0004501343, -32.5012130737, 126.17401123, 208.554519653, 51.8401985168, -48.456161499, -5.73189115524, 18.8768234253, -29.6844005585, -23.0006160736], [160.417617798, 12.1947011948, -80.4929504395, -37.7297210693, -1.81433606148, 20.2757015228, 51.8401985168, 99.55809021, 25.2087287903, 1.31246054173, 9.12959766388, -8.4733915329, 0.63239979744], [-5.07788896561, 15.5274543762, -5.78580474854, 15.0934820175, 26.6800899506, -37.1547889709, -48.456161499, 25.2087287903, 109.073242188, 39.1673202515, -10.0371770859, 0.560098648071, 9.61241531372], [-30.9769287109, -16.3373126984, 13.5008544922, 3.36499357224, 1.92945194244, 10.4143447876, -5.73189115524, 1.31246054173, 39.1673202515, 75.7017059326, 23.3714199066, -1.52264237404, 5.13476085663], [3.12848758698, 26.4000606537, -17.3478927612, -41.9400215149, -3.37737751007, 4.99050664902, 18.8768234253, 9.12959766388, -10.0371770859, 23.3714199066, 67.6776809692, 18.6998672485, -1.63797128201], [-150.41368103, 6.80317211151, 76.4081726074, 16.0685253143, 15.2584209442, -33.2342071533, -29.6844005585, -8.4733915329, 0.560098648071, -1.52264237404, 18.6998672485, 72.0791549683, 29.8975543976], [-36.747089386, -7.84764194489, 16.7495937347, 7.11849784851, 11.2371416092, -3.22307920456, -23.0006160736, 0.63239979744, 9.61241531372, 5.13476085663, -1.63797128201, 29.8975543976, 60.7697753906]],
        "icov": [[0.0017005315749, -0.00275403191335, 0.00323599786498, -0.00299274153076, 0.00337180518545, -0.00237296894193, 0.00253154407255, -0.00206462852657, 0.00127636548132, -0.000680190103594, 0.000381166144507, -0.000226356860367, 0.000338813872077], [-0.00275403191335, 0.00850638467818, -0.00652033416554, 0.0074152383022, -0.0078797256574, 0.0056927818805, -0.00506640551612, 0.00341716269031, -0.00307550118305, 0.00290073780343, -0.00224345596507, 0.00231135752983, -0.000788678822573], [0.00323599786498, -0.00652033416554, 0.00815514661372, -0.00707860477269, 0.00727967126295, -0.00487545132637, 0.00497437268496, -0.00315324752592, 0.00304022594355, -0.00266459141858, 0.00207503722049, -0.0029500562232, 0.00125860981643], [-0.00299274153076, 0.0074152383022, -0.00707860477269, 0.00957835000008, -0.00702986540273, 0.0047236289829, -0.00391320232302, 0.00355634861626, -0.0028045035433, 0.00190390180796, -9.95772425085e-05, 0.00108528183773, -0.000244618335273], [0.00337180518545, -0.0078797256574, 0.00727967126295, -0.00702986540273, 0.0135913388804, -0.00564337149262, 0.00597468670458, -0.00381751754321, 0.00181454396807, -0.00203890935518, 0.00209923670627, -0.00268319551833, 0.000588825263549], [-0.00237296894193, 0.0056927818805, -0.00487545132637, 0.0047236289829, -0.00564337149262, 0.0110838692635, -0.00816134177148, 0.00347231049091, -0.000876756908838, -0.000168741651578, -0.000811838253867, 0.00341711519286, -0.00295310094953], [0.00253154407255, -0.00506640551612, 0.00497437268496, -0.00391320232302, 0.00597468670458, -0.00816134177148, 0.0144477477297, -0.00834702141583, 0.00631894217804, -0.00224916287698, 0.000595108722337, -0.000341919396305, 0.00335616827942], [-0.00206462852657, 0.00341716269031, -0.00315324752592, 0.00355634861626, -0.00381751754321, 0.00347231049091, -0.00834702141583, 0.0179774556309, -0.00890061352402, 0.00494959531352, -0.00381043646485, 0.00121131376363, -0.00251990417019], [0.00127636548132, -0.00307550118305, 0.00304022594355, -0.0028045035433, 0.00181454396807, -0.000876756908838, 0.00631894217804, -0.00890061352402, 0.0193146858364, -0.012191593647, 0.00730097573251, -0.00155252369586, 0.000903020321857], [-0.000680190103594, 0.00290073780343, -0.00266459141858, 0.00190390180796, -0.00203890935518, -0.000168741651578, -0.00224916287698, 0.00494959531352, -0.012191593647, 0.0243649426848, -0.0127234682441, 0.00609088223428, -0.00352985365316], [0.000381166144507, -0.00224345596507, 0.00207503722049, -9.95772425085e-05, 0.00209923670627, -0.000811838253867, 0.000595108722337, -0.00381043646485, 0.00730097573251, -0.0127234682441, 0.0253546386957, -0.0113322315738, 0.00539303291589], [-0.000226356860367, 0.00231135752983, -0.0029500562232, 0.00108528183773, -0.00268319551833, 0.00341711519286, -0.000341919396305, 0.00121131376363, -0.00155252369586, 0.00609088223428, -0.0113322315738, 0.0263325721025, -0.0121466796845], [0.000338813872077, -0.000788678822573, 0.00125860981643, -0.000244618335273, 0.000588825263549, -0.00295310094953, 0.00335616827942, -0.00251990417019, 0.000903020321857, -0.00352985365316, 0.00539303291589, -0.0121466796845, 0.0235480275005]]
    },
    "melbands": {
        "dmean": [2.51482688327e-05, 7.3100120062e-05, 0.000225943105761, 0.000233786340686, 0.000246739044087, 0.000276928098174, 0.000228175835218, 0.000296952814097, 0.000249400996836, 0.000158076683874, 0.000115849281428, 7.80675181886e-05, 5.30260585947e-05, 3.66597014363e-05, 2.96185353363e-05, 3.93183545384e-05, 3.25085966324e-05, 2.36481391767e-05, 2.15238269448e-05, 1.6888445316e-05, 1.27874936879e-05, 1.28839465106e-05, 1.07321247924e-05, 6.44420788376e-06, 6.13717429587e-06, 7.16864087735e-06, 5.88462398809e-06, 3.1080280678e-06, 2.11890369428e-06, 2.09140307561e-06, 2.13529324355e-06, 1.73745047505e-06, 1.42416774906e-06, 1.29360171286e-06, 9.01153214272e-07, 5.02860814322e-07, 4.1587566102e-07, 3.59509073178e-07, 2.26232486966e-07, 1.72879609295e-07],
        "dmean2": [4.16557413701e-05, 0.000123819074361, 0.000366286723875, 0.000371648260625, 0.000383505597711, 0.000421437405748, 0.000338666228345, 0.000440769712441, 0.000375861156499, 0.000242680936935, 0.000170996107045, 0.000123448771774, 8.05340532679e-05, 5.62179739063e-05, 4.51492196589e-05, 5.74402911298e-05, 5.06895121362e-05, 3.69100634998e-05, 3.35446093231e-05, 2.63245492533e-05, 1.97790468519e-05, 1.98312718567e-05, 1.69322993315e-05, 1.03559077616e-05, 9.96721701085e-06, 1.11012395791e-05, 9.15225973586e-06, 4.92241542815e-06, 3.34156720783e-06, 3.2645950796e-06, 3.22306186717e-06, 2.60452520706e-06, 2.05143373933e-06, 1.88673902812e-06, 1.3687028968e-06, 7.34014122372e-07, 6.0396638446e-07, 5.20840842455e-07, 3.32606958864e-07, 2.53703916542e-07],
        "dvar": [4.28534274732e-09, 4.79740478454e-08, 2.73616620916e-07, 1.89719486343e-07, 1.96932177232e-07, 3.33766848826e-07, 2.88305756158e-07, 4.87804186378e-07, 4.83940254981e-07, 2.24061324161e-07, 8.54967225905e-08, 6.72699940196e-08, 1.80630337354e-08, 9.76712222212e-09, 6.72623290399e-09, 2.29062919743e-08, 5.41989786385e-09, 3.32056648844e-09, 4.45177228414e-09, 2.23726570603e-09, 1.77725612005e-09, 1.13693321424e-09, 5.27703658548e-10, 1.24272717117e-10, 1.4826456729e-10, 2.80929113305e-10, 1.71016700801e-10, 5.03091700244e-11, 3.0471306034e-11, 4.92525117912e-11, 8.13156000867e-11, 4.85123226313e-11, 4.67722978403e-11, 4.8162210331e-11, 1.83683433047e-11, 6.51763712445e-12, 3.5023568247e-12, 2.07735499809e-12, 5.41543752116e-13, 2.18790358552e-13],
        "dvar2": [1.12862013069e-08, 1.29167688101e-07, 6.7237596113e-07, 4.74972551956e-07, 4.3400794425e-07, 7.36477318242e-07, 6.12551673385e-07, 1.07935909455e-06, 1.10547910026e-06, 5.32615615612e-07, 1.82598199672e-07, 1.77267949653e-07, 4.17291516897e-08, 2.19936726609e-08, 1.46747547447e-08, 4.49102657285e-08, 1.21879599746e-08, 7.54890283616e-09, 1.01603001568e-08, 4.68049865532e-09, 3.94774613e-09, 2.54736565175e-09, 1.21881016391e-09, 2.98927910203e-10, 3.50716899966e-10, 6.24033436036e-10, 3.79734965694e-10, 1.07553306539e-10, 6.71851740908e-11, 1.04446278015e-10, 1.77665437917e-10, 8.41156658216e-11, 9.9547627086e-11, 8.90792162256e-11, 3.6809340298e-11, 1.22441570771e-11, 6.91041928541e-12, 4.09959739767e-12, 1.09833539833e-12, 4.04193985139e-13],
        "max": [0.00152251799591, 0.00669887010008, 0.00811774749309, 0.00953164510429, 0.0145948734134, 0.0154451075941, 0.0147079192102, 0.0141730401665, 0.0168195217848, 0.0112002678216, 0.00731726922095, 0.00608100462705, 0.0037318712566, 0.00305592129007, 0.00214842730202, 0.00546518387273, 0.0023441335652, 0.00184734584764, 0.00195978512056, 0.00162535661366, 0.00169901561458, 0.00117546529509, 0.000590163515881, 0.000300537765725, 0.000383944890928, 0.000587276997976, 0.000288570998237, 0.000222473885515, 0.000125417820527, 0.000300091167446, 0.000393472815631, 0.000340261613019, 0.000380416138796, 0.000332409428665, 0.000196339737158, 9.05130509636e-05, 6.07675974607e-05, 3.7108635297e-05, 2.48865744652e-05, 1.58324237418e-05],
        "mean": [3.38739773724e-05, 9.66744119069e-05, 0.000342936429661, 0.00047589049791, 0.000535263447091, 0.000552628480364, 0.00046572057181, 0.000528162461706, 0.000430452899309, 0.000264790840447, 0.000183591473615, 0.000155195055413, 9.81879566098e-05, 6.5094056481e-05, 5.84330409765e-05, 6.89098669682e-05, 5.42179914191e-05, 4.28480889241e-05, 3.77122451027e-05, 3.09237657348e-05, 2.60601809714e-05, 2.54194201261e-05, 1.94868061953e-05, 1.27242046801e-05, 1.19977466966e-05, 1.52677384904e-05, 1.21436805784e-05, 5.82710481467e-06, 3.88768330595e-06, 3.57795852324e-06, 3.53093332706e-06, 2.88675528282e-06, 2.55251757153e-06, 2.3011700705e-06, 1.58531793204e-06, 9.70642531684e-07, 7.57382906613e-07, 6.18730496171e-07, 4.09862508377e-07, 3.14281010105e-07],
        "median": [1.48868975884e-05, 4.76870191051e-05, 0.000145048587001, 0.000270594086032, 0.000278914289083, 0.000248154130531, 0.000192159903236, 0.000160267678439, 9.29156012717e-05, 5.52936762688e-05, 4.89703015774e-05, 1.94404492504e-05, 2.91365558951e-05, 2.28557328228e-05, 1.40269303301e-05, 1.25104870676e-05, 1.72919135366e-05, 1.08953572635e-05, 9.93494722934e-06, 1.04889249997e-05, 7.57854922995e-06, 8.06798198028e-06, 8.78237096913e-06, 6.30355543763e-06, 5.99132636125e-06, 5.07834329255e-06, 4.20599508288e-06, 2.37147605731e-06, 1.38746133871e-06, 1.22985613871e-06, 8.62979334215e-07, 6.07686502008e-07, 5.86105386446e-07, 4.88530702114e-07, 3.93577266777e-07, 2.72514625976e-07, 2.02627873591e-07, 1.69578669329e-07, 1.26915239207e-07, 1.04540760049e-07],
        "min": [2.9799457353e-24, 6.64992151503e-24, 2.38257706773e-24, 8.1106497312e-24, 1.02946876668e-23, 1.1463396142e-23, 8.32087564042e-24, 6.75716952168e-24, 4.95713724181e-24, 4.72265938179e-24, 6.17191598268e-24, 4.05493201287e-24, 3.09828512627e-24, 3.95834151705e-24, 4.81542153564e-24, 6.33647197308e-24, 5.71302928322e-24, 5.75283323235e-24, 7.12655285169e-24, 8.74522048742e-24, 4.83591614195e-24, 8.27654560185e-24, 9.59999387671e-24, 4.64039262786e-24, 4.8525863506e-24, 4.8341254277e-24, 9.03787762806e-24, 5.9896350766e-24, 7.8782639303e-24, 7.67811177484e-24, 6.09594512763e-24, 7.65903238499e-24, 7.50293495565e-24, 8.14411952169e-24, 6.75209951264e-24, 8.53639007314e-24, 6.62342604381e-24, 9.12893742007e-24, 8.8820066018e-24, 9.92155882523e-24],
        "var": [4.31245972266e-09, 4.3888771728e-08, 3.60404754929e-07, 4.35236785279e-07, 5.69855330923e-07, 8.43173097564e-07, 7.84053327152e-07, 1.08682934297e-06, 9.4508982329e-07, 4.40464276608e-07, 1.62441679663e-07, 2.32000047617e-07, 5.04590005335e-08, 1.91525320048e-08, 1.99790068933e-08, 4.55009185885e-08, 1.19516991859e-08, 7.88580223343e-09, 8.48400638631e-09, 6.26084961652e-09, 5.83915715779e-09, 3.39174577313e-09, 1.08978870372e-09, 3.21015519722e-10, 3.28635840763e-10, 8.63122184835e-10, 4.75118333565e-10, 1.22689400306e-10, 7.27953530788e-11, 1.26057178584e-10, 2.24063240184e-10, 1.76887032799e-10, 1.28769342411e-10, 1.43116879459e-10, 5.23802563823e-11, 1.75345727521e-11, 8.16668781212e-12, 4.39196595758e-12, 1.45977598499e-12, 5.8589239146e-13]
    },
    "mfcc": {
        "mean": [-654.890869141, 118.470970154, -12.3287286758, 14.5691204071, -10.2607755661, -14.1751823425, -14.5867319107, -9.07114505768, -12.7438325882, -4.71702623367, -4.98719453812, -5.27118349075, -3.26889514923],
        "cov": [[3784.32128906, -565.827880859, -884.137023926, -271.510101318, -237.676071167, -47.7693138123, 94.6310272217, 104.206344604, 21.3675231934, 230.919403076, 94.1902389526, -97.1987228394, -43.6194114685], [-565.827880859, 962.064819336, -107.107147217, -167.500045776, 43.3739204407, -118.903717041, 3.08452534676, -4.87800550461, -24.3338413239, -14.820441246, 5.51271533966, 22.3136100769, 6.36945056915], [-884.137023926, -107.107147217, 732.740966797, 236.585800171, 52.3397293091, 81.4349975586, -30.6740169525, -30.4951992035, 3.58498644829, -93.5958938599, -32.9843597412, 44.9552536011, 10.4554481506], [-271.510101318, -167.500045776, 236.585800171, 385.825775146, 136.462142944, -3.8682539463, -113.956726074, -32.8655700684, -2.86855792999, -57.2230796814, -38.6773223877, -5.18636131287, 46.3217391968], [-237.676071167, 43.3739204407, 52.3397293091, 136.462142944, 226.448303223, 3.70825910568, -110.744415283, -36.5945892334, 14.0782928467, -31.6735496521, -34.1741638184, -4.06487989426, 46.9774169922], [-47.7693138123, -118.903717041, 81.4349975586, -3.8682539463, 3.70825910568, 152.918884277, 66.4678421021, -1.47245883942, 20.7164936066, 1.27323806286, 9.4260225296, 7.67946577072, -21.7373561859], [94.6310272217, 3.08452534676, -30.6740169525, -113.956726074, -110.744415283, 66.4678421021, 226.127548218, 71.1368484497, -8.85354423523, 30.8606414795, 31.7966785431, 5.41415834427, -50.6865463257], [104.206344604, -4.87800550461, -30.4951992035, -32.8655700684, -36.5945892334, -1.47245883942, 71.1368484497, 98.0732192993, 19.4390850067, 6.69463300705, 12.3936138153, -2.08632564545, -11.3895301819], [21.3675231934, -24.3338413239, 3.58498644829, -2.86855792999, 14.0782928467, 20.7164936066, -8.85354423523, 19.4390850067, 95.8442687988, 25.0022354126, 0.830178678036, 6.09744262695, 2.59614086151], [230.919403076, -14.820441246, -93.5958938599, -57.2230796814, -31.6735496521, 1.27323806286, 30.8606414795, 6.69463300705, 25.0022354126, 115.622650146, 42.6324462891, -4.14747810364, -16.9690666199], [94.1902389526, 5.51271533966, -32.9843597412, -38.6773223877, -34.1741638184, 9.4260225296, 31.7966785431, 12.3936138153, 0.830178678036, 42.6324462891, 77.925239563, 22.2287902832, -19.0518608093], [-97.1987228394, 22.3136100769, 44.9552536011, -5.18636131287, -4.06487989426, 7.67946577072, 5.41415834427, -2.08632564545, 6.09744262695, -4.14747810364, 22.2287902832, 62.7078514099, 18.8274078369], [-43.6194114685, 6.36945056915, 10.4554481506, 46.3217391968, 46.9774169922, -21.7373561859, -50.6865463257, -11.3895301819, 2.59614086151, -16.9690666199, -19.0518608093, 18.8274078369, 75.9392700195]],
