{
"lowlevel": {
    "average_loudness": 0.818738341331,
    "barkbands_crest": {
        "dmean": 2.55149102211,
        "dmean2": 4.10995292664,
        "dvar": 5.63510084152,
        "dvar2": 13.6991090775,
        "max": 26.5095939636,
        "mean": 10.8370933533,
        "median": 9.81252479553,
        "min": 2.57825446129,
        "var": 22.8028392792
    },
    "barkbands_flatness_db": {
        "dmean": 0.0204188115895,
        "dmean2": 0.0330583788455,
        "dvar": 0.000324526830809,
        "dvar2": 0.000790889316704,
        "max": 0.429623663425,
        "mean": 0.196936309338,
        "median": 0.187551677227,
        "min": 0.0331417247653,
        "var": 0.00255621271208
    },
    "barkbands_kurtosis": {
        "dmean": 2.78241252899,
        "dmean2": 4.31610202789,
        "dvar": 42.0887031555,
        "dvar2": 96.2567977905,
        "max": 375.83895874,
        "mean": 5.49547958374,
        "median": 1.90151786804,
        "min": -1.88198018074,
        "var": 166.82623291
    },
    "barkbands_skewness": {
        "dmean": 0.462165206671,
        "dmean2": 0.707349300385,
        "dvar": 0.266228318214,
        "dvar2": 0.576872467995,
        "max": 17.2012844086,
        "mean": 1.40236878395,
        "median": 1.20819377899,
        "min": -2.85635662079,
        "var": 2.11693525314
    },
    "barkbands_spread": {
        "dmean": 3.89338946342,
        "dmean2": 6.06864595413,
        "dvar": 24.0628700256,
        "dvar2": 51.9852867126,
        "max": 75.6721878052,
        "mean": 16.5652580261,
        "median": 14.4438352585,
        "min": 0.486473947763,
        "var": 116.384918213
    },
    "dissonance": {
        "dmean": 0.0215573441237,
        "dmean2": 0.0357791930437,
        "dvar": 0.000492005492561,
        "dvar2": 0.00134912820067,
        "max": 0.500000059605,
        "mean": 0.45353102684,
        "median": 0.464643329382,
        "min": 0.218824669719,
        "var": 0.0014291042462
    },
    "dynamic_complexity": 3.62852549553,
    "erbbands_crest": {
        "dmean": 3.05239963531,
        "dmean2": 4.83704042435,
        "dvar": 8.3212594986,
        "dvar2": 19.1458110809,
        "max": 32.6598548889,
        "mean": 11.9604330063,
        "median": 10.6097259521,
        "min": 2.54553794861,
        "var": 35.0135498047
    },
    "erbbands_flatness_db": {
        "dmean": 0.0159424170852,
        "dmean2": 0.0234272256494,
        "dvar": 0.000239325294388,
        "dvar2": 0.000463135103928,
        "max": 0.419287353754,
        "mean": 0.23143927753,
        "median": 0.229688122869,
        "min": 0.114326290786,
        "var": 0.00194987352006
    },
    "erbbands_kurtosis": {
        "dmean": 1.40142524242,
        "dmean2": 2.18614029884,
        "dvar": 5.19973802567,
        "dvar2": 11.6263961792,
        "max": 71.6756362915,
        "mean": 1.75994944572,
        "median": 0.295187234879,
        "min": -1.79764723778,
        "var": 18.8978023529
    },
    "erbbands_skewness": {
        "dmean": 0.401531428099,
        "dmean2": 0.617755353451,
        "dvar": 0.158117115498,
        "dvar2": 0.339571774006,
        "max": 7.3637342453,
        "mean": 0.632204413414,
        "median": 0.543708205223,
        "min": -4.44309949875,
        "var": 1.11967217922
    },
    "erbbands_spread": {
        "dmean": 6.07924795151,
        "dmean2": 9.18605518341,
        "dvar": 47.5210533142,
        "dvar2": 103.81652832,
        "max": 115.323425293,
        "mean": 29.3256492615,
        "median": 26.684709549,
        "min": 1.92114949226,
        "var": 261.247802734
    },
    "hfc": {
        "dmean": 5.44551753998,
        "dmean2": 7.88524246216,
        "dvar": 66.7006225586,
        "dvar2": 132.886611938,
        "max": 170.790924072,
        "mean": 18.776096344,
        "median": 14.2962608337,
        "min": 3.77169017156e-05,
        "var": 278.339355469
    },
    "melbands_crest": {
        "dmean": 3.06907820702,
        "dmean2": 4.98101806641,
        "dvar": 8.37066173553,
        "dvar2": 20.4650478363,
        "max": 33.5623283386,
        "mean": 13.5086631775,
        "median": 12.2324523926,
        "min": 2.23766851425,
        "var": 32.4876594543
    },
    "melbands_flatness_db": {
        "dmean": 0.020181665197,
        "dmean2": 0.0305844526738,
        "dvar": 0.000412266177591,
        "dvar2": 0.00089353666408,
        "max": 0.455199271441,
        "mean": 0.208496063948,
        "median": 0.19868978858,
        "min": 0.0181765388697,
        "var": 0.00450333021581
    },
    "melbands_kurtosis": {
        "dmean": 4.70812129974,
        "dmean2": 7.41352176666,
        "dvar": 94.9759521484,
        "dvar2": 216.946289062,
        "max": 317.350036621,
        "mean": 10.8796510696,
        "median": 5.19043636322,
        "min": -1.90925455093,
        "var": 408.283599854
    },
    "melbands_skewness": {
        "dmean": 0.549142360687,
        "dmean2": 0.834051847458,
        "dvar": 0.364138484001,
        "dvar2": 0.804063498974,
        "max": 15.4054088593,
        "mean": 2.00907874107,
        "median": 1.7994222641,
        "min": -1.65795707703,
        "var": 2.67528367043
    },
    "melbands_spread": {
        "dmean": 5.70660257339,
        "dmean2": 8.917927742,
        "dvar": 81.0978851318,
        "dvar2": 163.835693359,
        "max": 209.364837646,
        "mean": 22.5241355896,
        "median": 18.2450561523,
        "min": 0.59064000845,
        "var": 328.508209229
    },
    "pitch_salience": {
        "dmean": 0.0650056600571,
        "dmean2": 0.103049308062,
        "dvar": 0.00343063357286,
        "dvar2": 0.00837069936097,
        "max": 0.877309381962,
        "mean": 0.557954967022,
        "median": 0.568076491356,
        "min": 0.0912120491266,
        "var": 0.0163113679737
    },
    "silence_rate_20dB": {
        "dmean": 0,
        "dmean2": 0,
        "dvar": 0,
        "dvar2": 0,
        "max": 1,
        "mean": 1,
        "median": 1,
        "min": 1,
        "var": 0
    },
    "silence_rate_30dB": {
        "dmean": 0.000249190139584,
        "dmean2": 0.000498442386743,
        "dvar": 0.000249163829722,
        "dvar2": 0.000498187611811,
        "max": 1,
        "mean": 0.999750852585,
        "median": 1,
        "min": 0,
        "var": 0.000249132834142
    },
    "silence_rate_60dB": {
        "dmean": 0.0201844014227,
        "dmean2": 0.0402492210269,
        "dvar": 0.0197794456035,
        "dvar2": 0.0453558526933,
        "max": 1,
        "mean": 0.111997008324,
        "median": 0,
        "min": 0,
        "var": 0.099472463131
    },
    "spectral_centroid": {
        "dmean": 196.473098755,
        "dmean2": 308.625823975,
        "dvar": 65106.0195312,
        "dvar2": 137470.5,
        "max": 5148.27246094,
        "mean": 1238.30456543,
        "median": 1157.28747559,
        "min": 225.534515381,
        "var": 409177.34375
    },
    "spectral_complexity": {
        "dmean": 2.88387751579,
        "dmean2": 4.45856714249,
        "dvar": 10.4704179764,
        "dvar2": 21.8034381866,
        "max": 53,
        "mean": 17.2045593262,
        "median": 16,
        "min": 0,
        "var": 86.4883651733
    },
    "spectral_decrease": {
        "dmean": 1.52449719515e-09,
        "dmean2": 2.26953500437e-09,
        "dvar": 4.08703447295e-18,
        "dvar2": 8.66604867728e-18,
        "max": -1.47499776336e-15,
        "mean": -5.41019229416e-09,
        "median": -4.54011761519e-09,
        "min": -3.26053033461e-08,
        "var": 1.74899085262e-17
    },
    "spectral_energy": {
        "dmean": 0.00617674039677,
        "dmean2": 0.00915952399373,
        "dvar": 6.55831754557e-05,
        "dvar2": 0.000138527379022,
        "max": 0.127980604768,
        "mean": 0.0221224296838,
        "median": 0.0187296755612,
        "min": 8.98802454685e-09,
        "var": 0.000284209527308
    },
    "spectral_energyband_high": {
        "dmean": 0.000205477073905,
        "dmean2": 0.000290990545182,
        "dvar": 4.93660081702e-07,
        "dvar2": 8.91874719855e-07,
        "max": 0.02604557015,
        "mean": 0.000450097053545,
        "median": 0.000177816909854,
        "min": 3.77589559619e-09,
        "var": 1.21558696264e-06
    },
    "spectral_energyband_low": {
        "dmean": 0.000741749070585,
        "dmean2": 0.00118368922267,
        "dvar": 3.52751294486e-06,
        "dvar2": 8.85200006451e-06,
        "max": 0.0355899631977,
        "mean": 0.00196485617198,
        "median": 0.00112822407391,
        "min": 2.36254599217e-10,
        "var": 7.55223891247e-06
    },
    "spectral_energyband_middle_high": {
        "dmean": 0.00247185304761,
        "dmean2": 0.00364159606397,
        "dvar": 2.05672786251e-05,
        "dvar2": 4.3098727474e-05,
        "max": 0.0774808079004,
        "mean": 0.00710141425952,
        "median": 0.00308446865529,
        "min": 4.19645163063e-09,
        "var": 9.34555719141e-05
    },
    "spectral_energyband_middle_low": {
        "dmean": 0.00460026552901,
        "dmean2": 0.00698826182634,
        "dvar": 5.14650091645e-05,
        "dvar2": 0.00011168722267,
        "max": 0.125581949949,
        "mean": 0.0134345814586,
        "median": 0.00878660008311,
        "min": 8.69015082117e-10,
        "var": 0.000200797949219
    },
    "spectral_entropy": {
        "dmean": 0.138938814402,
        "dmean2": 0.20513240993,
        "dvar": 0.0219594165683,
        "dvar2": 0.0431924313307,
        "max": 8.93883323669,
        "mean": 7.26465988159,
        "median": 7.3650765419,
        "min": 5.0742058754,
        "var": 0.238721460104
    },
    "spectral_flux": {
        "dmean": 0.0205842219293,
        "dmean2": 0.0329320654273,
        "dvar": 0.000578322389629,
        "dvar2": 0.00146979268175,
        "max": 0.273113667965,
        "mean": 0.0689452439547,
        "median": 0.0631050169468,
        "min": 9.48051892919e-05,
        "var": 0.00162223610096
    },
    "spectral_kurtosis": {
        "dmean": 2.59129190445,
        "dmean2": 4.4907078743,
        "dvar": 8.29562187195,
        "dvar2": 24.0476913452,
        "max": 47.0504989624,
        "mean": 4.84650945663,
        "median": 3.40623998642,
        "min": -1.07328307629,
        "var": 23.5454998016
    },
    "spectral_rms": {
        "dmean": 0.00061570527032,
        "dmean2": 0.000897106598131,
        "dvar": 4.87046293074e-07,
        "dvar2": 9.33605633691e-07,
        "max": 0.0111740380526,
        "mean": 0.00425986340269,
        "median": 0.00427467608824,
        "min": 2.96121675092e-06,
        "var": 3.43629108102e-06
    },
    "spectral_rolloff": {
        "dmean": 336.799163818,
        "dmean2": 568.973632812,
        "dvar": 355516.4375,
        "dvar2": 761217.375,
        "max": 8484.08203125,
        "mean": 1353.81555176,
        "median": 1033.59375,
        "min": 129.19921875,
        "var": 1085700.75
    },
    "spectral_skewness": {
        "dmean": 0.285075455904,
        "dmean2": 0.474299162626,
        "dvar": 0.0729678049684,
        "dvar2": 0.196676343679,
        "max": 5.11601018906,
        "mean": 1.40153288841,
        "median": 1.24249184132,
        "min": -0.747681319714,
        "var": 0.485524177551
    },
    "spectral_spread": {
        "dmean": 290616.9375,
        "dmean2": 427613.28125,
        "dvar": 131757613056,
        "dvar2": 228209459200,
        "max": 18872864,
        "mean": 3251754,
        "median": 3089298.75,
        "min": 1281406.5,
        "var": 697454559232
    },
    "spectral_strongpeak": {
        "dmean": 0.707917928696,
        "dmean2": 1.11295688152,
        "dvar": 1.02323615551,
        "dvar2": 2.33177852631,
        "max": 14.7609014511,
        "mean": 1.71199536324,
        "median": 0.96984064579,
        "min": 0.00109696283471,
        "var": 3.34407496452
    },
    "zerocrossingrate": {
        "dmean": 0.00652822153643,
        "dmean2": 0.00772999413311,
        "dvar": 8.12795988168e-05,
        "dvar2": 8.53218807606e-05,
        "max": 0.28662109375,
        "mean": 0.0521407350898,
        "median": 0.04833984375,
        "min": 0.00927734375,
        "var": 0.000723379605915
    },
    "barkbands": {
        "dmean": [1.63670756592e-05, 0.000373809569282, 0.00034656029311, 0.00042419185047, 0.00171805545688, 0.0014872594038, 0.000768399215303, 0.000975330010988, 0.00091831071768, 0.00118361203931, 0.000584695197176, 0.000310936389724, 0.000390190340113, 0.000507099146489, 0.000448677048553, 0.00021044415189, 0.000163765333127, 0.000152364969836, 0.000193564337678, 0.000101572746644, 7.51306724851e-05, 5.35680483154e-05, 4.97592773172e-05, 2.63203983195e-05, 4.33048307968e-06, 2.85931300859e-09, 1.03676445207e-09],
        "dmean2": [2.78010757029e-05, 0.00060421298258, 0.000567401992157, 0.000691863009706, 0.00265567190945, 0.00225599179976, 0.00120144360699, 0.00152777973562, 0.00140257494058, 0.00180919643026, 0.000868622446433, 0.000486256409204, 0.000618604652118, 0.000805862480775, 0.000715383619536, 0.000334317155648, 0.00026025401894, 0.000241033107159, 0.000306173838908, 0.000159881266882, 0.00011381386139, 7.78980829637e-05, 7.29072344257e-05, 3.70969537471e-05, 6.48492914479e-06, 5.16182563359e-09, 1.91443549902e-09],
        "dvar": [1.0611435064e-09, 9.95372033685e-07, 1.10645851237e-06, 1.1813800711e-06, 1.31301985675e-05, 1.48216658999e-05, 6.15066574028e-06, 1.08493932203e-05, 7.53672929932e-06, 1.10228747872e-05, 4.79003620057e-06, 1.27635314584e-06, 2.59637931777e-06, 2.93334846901e-06, 1.99969372261e-06, 5.63398600661e-07, 1.41100869655e-07, 1.18663088244e-07, 2.4035952606e-07, 7.22247648355e-08, 3.91542585021e-08, 4.25182342667e-08, 1.02908664701e-07, 2.19535074564e-08, 4.93000751334e-10, 4.80763513005e-16, 1.17519005463e-17],
        "dvar2": [2.90268054037e-09, 2.64808886641e-06, 2.97631254398e-06, 3.15525517181e-06, 3.0059425626e-05, 3.19464925269e-05, 1.33843641379e-05, 2.32116362895e-05, 1.65861056303e-05, 2.49298973358e-05, 9.20025013329e-06, 2.8700335406e-06, 6.18422200205e-06, 6.67574931867e-06, 5.08049924974e-06, 1.22594428831e-06, 3.20775768614e-07, 2.67727671144e-07, 5.52629217054e-07, 1.6798071556e-07, 8.21998682454e-08, 7.6977634933e-08, 2.28598182161e-07, 4.39960601284e-08, 1.112654191e-09, 1.36578091162e-15, 3.50649637159e-17],
        "max": [0.00064593780553, 0.0187399890274, 0.0203182883561, 0.02163355425, 0.0867701470852, 0.115772344172, 0.0807218775153, 0.0929088518023, 0.0814710482955, 0.0823586806655, 0.0688869059086, 0.0522195026278, 0.0455208718777, 0.0432993359864, 0.0449581518769, 0.0252423770726, 0.0111670717597, 0.0126443915069, 0.0144378915429, 0.00742523977533, 0.00639303633943, 0.0112138623372, 0.0121152419597, 0.006644688081, 0.000818293017801, 7.08595905508e-07, 1.6615231857e-07],
        "mean": [2.66779625235e-05, 0.000873946002685, 0.000612509844359, 0.000797461078037, 0.00383229949512, 0.00335450889543, 0.00147526711226, 0.00171289779246, 0.00157599092927, 0.00220316741616, 0.00109160889406, 0.000543495523743, 0.000560778426006, 0.000747938000131, 0.000804583542049, 0.000347622350091, 0.000318872043863, 0.000293352932204, 0.000384491373552, 0.000193744330318, 0.000144930148963, 9.53764829319e-05, 8.15719104139e-05, 4.31244625361e-05, 6.17489922661e-06, 1.93881355415e-09, 7.97822918841e-10],
        "median": [4.74578928333e-06, 0.000422602170147, 0.000214430911001, 0.000303576525766, 0.001971346559, 0.00126049772371, 0.000445268378826, 0.000369420449715, 0.000310630566673, 0.000263540976448, 9.88847823464e-05, 0.000126663377159, 0.000120251068438, 0.000148672115756, 0.000147712315083, 0.000119137344882, 0.000144424207974, 0.000126872502733, 0.000164845929248, 7.3297524068e-05, 5.10054524057e-05, 3.12219563057e-05, 2.05136784643e-05, 8.7887783593e-06, 8.71933195867e-07, 2.5779170465e-10, 2.42543873874e-10],
        "min": [9.70174548337e-12, 1.04398253931e-10, 8.76362385438e-11, 4.49507479849e-11, 5.48454649751e-11, 1.65145244702e-10, 2.44177400521e-10, 9.67896318649e-11, 1.55085153053e-10, 1.48059536853e-10, 2.12939527122e-10, 2.04099764867e-10, 2.68716354723e-10, 2.00374952741e-10, 4.81150175258e-10, 4.34613456335e-10, 5.30101129659e-10, 3.86716186851e-10, 5.8357646493e-10, 9.32832699974e-10, 3.74353964494e-10, 1.6372782019e-09, 4.64143223855e-10, 5.13220077547e-10, 8.42281452917e-11, 4.62512276742e-12, 6.7421181485e-12],
        "var": [2.45310127767e-09, 1.65572532751e-06, 1.36093501624e-06, 2.08299843507e-06, 4.08749729104e-05, 5.76511993131e-05, 2.37600961555e-05, 2.44549264607e-05, 2.01588882192e-05, 3.34425931214e-05, 1.76240828296e-05, 3.30183979713e-06, 3.62572131962e-06, 4.95873428008e-06, 6.10543384028e-06, 1.06003574274e-06, 3.89219763974e-07, 2.99796028003e-07, 4.86165220082e-07, 1.48960793922e-07, 8.49744381526e-08, 8.74066188317e-08, 1.78414225616e-07, 3.99253572425e-08, 7.06891489788e-10, 2.71826319422e-16, 6.79343419319e-18]
    },
    "erbbands": {
        "dmean": [0.00856077019125, 0.0955068767071, 0.341800421476, 0.97186845541, 2.9317305088, 6.57505607605, 10.1497192383, 12.6285181046, 12.4799175262, 12.1220598221, 22.0075492859, 18.9774608612, 32.8353309631, 31.3066139221, 19.862827301, 13.1452436447, 16.6570930481, 25.4568977356, 25.9981918335, 14.1925516129, 10.3591146469, 8.23014545441, 7.43580770493, 8.84783649445, 9.46068096161, 4.64339876175, 3.15634942055, 2.80377626419, 2.00407099724, 1.6055624485, 1.46434760094, 0.725821077824, 0.339731127024, 0.0932599678636, 0.0039601479657, 0.00014979862317, 1.96219771169e-05, 4.20097785536e-06, 3.82868029192e-06, 7.40367158869e-06],
        "dmean2": [0.0137158129364, 0.154398366809, 0.555521309376, 1.60008537769, 4.62528848648, 10.381696701, 15.3711194992, 19.4213542938, 19.4239044189, 18.8088607788, 34.5525512695, 29.2519416809, 49.5946083069, 46.8609695435, 29.2840232849, 20.4324760437, 25.8852596283, 40.1834335327, 39.7220611572, 22.2826786041, 16.4222679138, 12.7262783051, 11.6898183823, 13.8905601501, 14.9719114304, 7.21000385284, 4.91044473648, 4.20763015747, 2.97381234169, 2.34975075722, 2.14121174812, 1.03025281429, 0.479771822691, 0.136277332902, 0.00584813160822, 0.000215807624045, 2.85325531877e-05, 6.05854756941e-06, 5.53600284547e-06, 1.09110869744e-05],
        "dvar": [0.000356973119779, 0.0728283971548, 1.08921539783, 6.62167835236, 41.2173461914, 231.205154419, 588.247009277, 1666.81030273, 1415.07116699, 1738.48828125, 4298.83837891, 3592.77099609, 9601.890625, 9327.59863281, 5288.796875, 1852.86755371, 4710.45019531, 7409.02490234, 6931.49755859, 2578.18579102, 908.715576172, 432.3855896, 276.480651855, 643.117736816, 521.577087402, 139.133071899, 69.4880752563, 60.061794281, 67.2493286133, 54.779876709, 113.219589233, 21.9933128357, 2.92955350876, 0.23522220552, 0.000334751792252, 4.69862584396e-07, 6.59019461224e-09, 2.71055344836e-10, 3.63157941219e-11, 9.23665380292e-11],
        "dvar2": [0.00091537105618, 0.190738007426, 2.83205986023, 17.8986053467, 99.8332443237, 531.971618652, 1314.55249023, 3655.65454102, 3213.18603516, 3468.61523438, 9832.41894531, 8226.18164062, 22246.5214844, 19333.2871094, 9643.52148438, 4277.98974609, 10795.6015625, 16607.1621094, 16581.6171875, 5671.89355469, 1980.85595703, 925.40222168, 616.958496094, 1519.10058594, 1173.62548828, 311.656280518, 154.375457764, 121.528343201, 136.568649292, 111.674598694, 256.192626953, 42.0545692444, 6.12078237534, 0.508969187737, 0.000694522517733, 9.58577402344e-07, 1.42569716033e-08, 5.8596910657e-10, 7.2047728894e-11, 1.92655447151e-10],
        "max": [0.43366509676, 5.02712917328, 20.388874054, 53.5980644226, 182.308227539, 379.755493164, 713.334594727, 1289.44226074, 1312.52575684, 1313.05334473, 1751.66906738, 1626.54870605, 2870.60498047, 2475.42724609, 2768.7331543, 1688.4642334, 2399.07836914, 2005.79187012, 2693.6640625, 2034.41784668, 1031.87817383, 704.889648438, 528.23626709, 934.088195801, 635.429260254, 401.567565918, 289.909393311, 253.744934082, 438.54586792, 351.957519531, 380.701171875, 241.903961182, 60.0814170837, 15.0272607803, 0.576598227024, 0.0208360701799, 0.00234377454035, 0.000511848367751, 0.000168551167008, 0.000144227669807],
        "mean": [0.0225925054401, 0.206292644143, 0.668851852417, 1.9912416935, 5.82407140732, 13.4769105911, 23.4505996704, 27.5754013062, 25.624912262, 22.6031703949, 39.93800354, 33.8772888184, 61.3747253418, 62.212474823, 40.89585495, 24.9632301331, 26.8125762939, 39.7692985535, 45.7418022156, 25.5796432495, 19.4280643463, 17.1845359802, 15.3485097885, 18.0197162628, 19.2351131439, 9.4147567749, 6.16476202011, 5.31434869766, 3.52867364883, 2.71929645538, 2.31915211678, 1.21619367599, 0.556539773941, 0.14534021914, 0.0060605276376, 0.000258629064774, 3.86552455893e-05, 9.22956496652e-06, 1.35577483888e-05, 2.68193507509e-05],
        "median": [0.00933193136007, 0.0975908488035, 0.265160232782, 0.858276128769, 3.03214025497, 6.10753631592, 9.94176387787, 7.77009963989, 8.75653648376, 7.04456806183, 9.89445114136, 9.10352134705, 8.02342510223, 9.11185836792, 6.02700948715, 7.44845485687, 7.80266904831, 9.69707393646, 9.8077955246, 6.91729784012, 8.15338802338, 8.16346549988, 7.17496824265, 8.53609085083, 7.76045656204, 3.95053195953, 2.33266806602, 1.71954512596, 1.11812388897, 0.851740121841, 0.541581451893, 0.258176416159, 0.107649639249, 0.0234764125198, 0.000979423290119, 6.77503558109e-05, 1.77586625796e-05, 4.77713365399e-06, 1.15237071441e-05, 2.30335735978e-05],
        "min": [3.32692318139e-09, 2.29826397913e-08, 6.76390783383e-08, 1.515528254e-07, 1.34663920903e-07, 1.91061587884e-07, 3.62362328588e-07, 1.5738185084e-06, 2.55309669228e-06, 4.94093592351e-06, 1.73685452864e-06, 2.61979471361e-06, 4.87848546982e-06, 5.52842038815e-06, 1.11696517706e-05, 8.97001336853e-06, 1.31402985062e-05, 1.05364124465e-05, 1.65680758073e-05, 3.49377187376e-05, 1.683316259e-05, 2.9607428587e-05, 2.30022014875e-05, 1.62268261192e-05, 4.77385001432e-05, 4.5513465011e-05, 1.67774360307e-05, 2.47051266342e-05, 5.63591602258e-05, 2.94035908155e-05, 1.43457782542e-05, 1.12805719255e-05, 7.13390090823e-06, 1.51563801865e-06, 3.62765320006e-07, 3.22307926126e-07, 5.87120503326e-08, 1.48139873701e-08, 3.9910594829e-09, 3.06715569609e-10],
        "var": [0.00105401163455, 0.104872398078, 1.43926012516, 12.1781024933, 95.063659668, 673.886657715, 2250.15820312, 6467.49023438, 5229.10498047, 5124.24609375, 10169.7587891, 7757.60009766, 28137.4863281, 31518.5742188, 21882.359375, 5579.19287109, 7047.05957031, 12888.0117188, 17875.4414062, 5193.84765625, 2169.20507812, 1255.01696777, 694.054443359, 1240.82958984, 1185.01672363, 317.582763672, 138.974914551, 136.176040649, 121.60043335, 103.12046051, 184.984664917, 44.1388664246, 5.11456346512, 0.375118672848, 0.000583883665968, 8.61331670876e-07, 1.12604965352e-08, 4.8775677941e-10, 1.28159524659e-10, 4.02315541992e-10]
    },
    "gfcc": {
        "mean": [-57.1351280212, 142.15536499, -164.397720337, 47.5719261169, -78.2771682739, 1.33139801025, -33.7400741577, -15.1930541992, -5.05256891251, -23.6582584381, 8.12036991119, -20.2816734314, 5.73839092255],
        "cov": [[5662.08154297, -907.451477051, -828.55670166, 406.612701416, -55.6107368469, 193.622955322, 221.963439941, 204.568206787, -52.026889801, 22.5037937164, -103.131454468, -31.3218631744, 126.011688232], [-907.451477051, 876.667480469, 256.575836182, -187.838623047, 259.335449219, -168.706924438, 104.66003418, -43.3547401428, 65.2272872925, -67.5049743652, 57.0092391968, -13.8490438461, -15.7210063934], [-828.55670166, 256.575836182, 673.373535156, 97.205696106, -90.9304199219, -21.4557495117, -125.279701233, -28.4467906952, 22.7404937744, -20.1725082397, 21.7955207825, 11.9023504257, -37.7636604309], [406.612701416, -187.838623047, 97.205696106, 544.313964844, 126.965515137, 39.4041061401, -16.612449646, 82.2756881714, 12.1390790939, 58.9754180908, -53.9254074097, -15.4403419495, 21.0916023254], [-55.6107368469, 259.335449219, -90.9304199219, 126.965515137, 409.813201904, 32.183506012, 73.7864837646, 57.529624939, 15.8519306183, 13.532453537, 3.56881904602, -22.3323669434, 30.2293682098], [193.622955322, -168.706924438, -21.4557495117, 39.4041061401, 32.183506012, 289.149780273, 61.3509292603, 49.6711120605, -50.2698173523, 4.40521335602, -7.2695684433, -0.573409020901, 18.0596218109], [221.963439941, 104.66003418, -125.279701233, -16.612449646, 73.7864837646, 61.3509292603, 250.047546387, 64.6739730835, -21.1446495056, -28.4715366364, -6.18919658661, -6.98562479019, 10.1645326614], [204.568206787, -43.3547401428, -28.4467906952, 82.2756881714, 57.529624939, 49.6711120605, 64.6739730835, 161.280578613, 19.4601402283, 18.5915489197, -10.3978443146, -17.1277484894, 23.041519165], [-52.026889801, 65.2272872925, 22.7404937744, 12.1390790939, 15.8519306183, -50.2698173523, -21.1446495056, 19.4601402283, 111.179931641, 35.5840339661, 6.83666563034, 0.573115944862, -13.6223869324], [22.5037937164, -67.5049743652, -20.1725082397, 58.9754180908, 13.532453537, 4.40521335602, -28.4715366364, 18.5915489197, 35.5840339661, 107.772727966, 27.1647701263, -8.2821969986, -7.7352347374], [-103.131454468, 57.0092391968, 21.7955207825, -53.9254074097, 3.56881904602, -7.2695684433, -6.18919658661, -10.3978443146, 6.83666563034, 27.1647701263, 106.037986755, 45.1775894165, -15.1699695587], [-31.3218631744, -13.8490438461, 11.9023504257, -15.4403419495, -22.3323669434, -0.573409020901, -6.98562479019, -17.1277484894, 0.573115944862, -8.2821969986, 45.1775894165, 88.1883087158, 26.6626224518], [126.011688232, -15.7210063934, -37.7636604309, 21.0916023254, 30.2293682098, 18.0596218109, 10.1645326614, 23.041519165, -13.6223869324, -7.7352347374, -15.1699695587, 26.6626224518, 87.179069519]],
        "icov": [[0.000282164081, 0.000135069072712, 0.000336979952408, -0.000309049355565, 0.000207615841646, -4.87983015773e-05, -0.00015474796237, -4.9283291446e-05, -0.000193345622392, 0.000352039700374, -0.000335500895744, 0.000368382636225, -0.000363587547326], [0.000135069072712, 0.00737801613286, -0.0045904875733, 0.00351538020186, -0.00610810192302, 0.00412968965247, -0.00508262123913, 0.00282203662209, -0.00339132966474, 0.00254267454147, -0.00296584772877, 0.00360887055285, -0.00251861778088], [0.000336979952408, -0.0045904875733, 0.00542529998347, -0.00343703245744, 0.00474674953148, -0.00296748965047, 0.00397667940706, -0.00187093380373, 0.00124140945263, 0.000383863050956, 0.000245650851866, -0.00136907456908, 0.00155587401241], [-0.000309049355565, 0.00351538020186, -0.00343703245744, 0.00503296265379, -0.0043861977756, 0.00220860354602, -0.00207461346872, 0.000202298964723, -0.000461040996015, -0.001641781535, 0.00195047294255, -0.00055993947899, -8.10901765362e-05], [0.000207615841646, -0.00610810192302, 0.00474674953148, -0.0043861977756, 0.00869620591402, -0.00378444348462, 0.00344976619817, -0.00227867835201, 0.00152208690997, -0.000720359443221, -9.17109791772e-05, -0.000296055455692, -6.71324232826e-05], [-4.87983015773e-05, 0.00412968965247, -0.00296748965047, 0.00220860354602, -0.00378444348462, 0.006644255016, -0.00352650391869, 0.000377633201424, 0.000626476597972, 2.26283336815e-05, -0.000756581430323, 0.00101532437839, -0.00109958718531], [-0.00015474796237, -0.00508262123913, 0.00397667940706, -0.00207461346872, 0.00344976619817, -0.00352650391869, 0.00916056800634, -0.00415591988713, 0.00289311399683, 0.000150158128235, 0.00180695741437, -0.00273436913267, 0.0027124111075], [-4.9283291446e-05, 0.00282203662209, -0.00187093380373, 0.000202298964723, -0.00227867835201, 0.000377633201424, -0.00415591988713, 0.0102614033967, -0.0040328130126, 0.000778561632615, -0.00269728130661, 0.00455967895687, -0.00421983981505], [-0.000193345622392, -0.00339132966474, 0.00124140945263, -0.000461040996015, 0.00152208690997, 0.000626476597972, 0.00289311399683, -0.0040328130126, 0.0143383415416, -0.00632858183235, 0.00455220835283, -0.00539714237675, 0.0045099183917], [0.000352039700374, 0.00254267454147, 0.000383863050956, -0.001641781535, -0.000720359443221, 2.26283336815e-05, 0.000150158128235, 0.000778561632615, -0.00632858183235, 0.0165231432766, -0.00916934199631, 0.00730828009546, -0.00281854975037], [-0.000335500895744, -0.00296584772877, 0.000245650851866, 0.00195047294255, -9.17109791772e-05, -0.000756581430323, 0.00180695741437, -0.00269728130661, 0.00455220835283, -0.00916934199631, 0.0210286062211, -0.0148836970329, 0.00838428456336], [0.000368382636225, 0.00360887055285, -0.00136907456908, -0.00055993947899, -0.000296055455692, 0.00101532437839, -0.00273436913267, 0.00455967895687, -0.00539714237675, 0.00730828009546, -0.0148836970329, 0.024589125067, -0.0116383247077], [-0.000363587547326, -0.00251861778088, 0.00155587401241, -8.10901765362e-05, -6.71324232826e-05, -0.00109958718531, 0.0027124111075, -0.00421983981505, 0.0045099183917, -0.00281854975037, 0.00838428456336, -0.0116383247077, 0.0187587086111]]
    },
    "melbands": {
        "dmean": [8.88355425559e-05, 0.000153955392307, 0.00018981534231, 0.000356392993126, 0.000329754257109, 0.000278380175587, 0.000190741411643, 0.000147690778249, 0.000175294626388, 0.000125871083583, 0.000168907252373, 0.000134423244162, 8.04047595011e-05, 3.92194378946e-05, 3.28807655023e-05, 4.25074867962e-05, 4.88998848596e-05, 4.33119676018e-05, 2.90751631837e-05, 1.48469471242e-05, 1.30322569021e-05, 9.04198986973e-06, 8.65801212058e-06, 7.77827426646e-06, 7.76450815465e-06, 8.06497700978e-06, 5.41950203115e-06, 2.85835471914e-06, 2.09622498915e-06, 1.97049917006e-06, 1.64030552696e-06, 1.24987673189e-06, 9.69408347373e-07, 9.4460665423e-07, 9.78364823823e-07, 5.86020519222e-07, 4.30632212556e-07, 2.645074062e-07, 1.67872116208e-07, 5.30992778636e-08],
        "dmean2": [0.000143889847095, 0.000246310577495, 0.000307916750899, 0.000560437969398, 0.000503319257405, 0.000425619888119, 0.000295517471386, 0.000229750658036, 0.000273308716714, 0.000195168657228, 0.00025635806378, 0.000202651994186, 0.000118857962661, 6.03609696554e-05, 5.07451040903e-05, 6.65771003696e-05, 7.78119865572e-05, 6.64161998429e-05, 4.65411685582e-05, 2.35471852648e-05, 2.08705369005e-05, 1.41552964124e-05, 1.38906789289e-05, 1.22644896692e-05, 1.22892961372e-05, 1.28331075757e-05, 8.37331117509e-06, 4.54841256214e-06, 3.32316790264e-06, 3.04762943415e-06, 2.49092886406e-06, 1.91832873497e-06, 1.40667657433e-06, 1.42602755204e-06, 1.4654823417e-06, 8.38286666749e-07, 6.2870134343e-07, 3.76452135242e-07, 2.49845783173e-07, 7.9255521257e-08],
        "dvar": [4.6525638453e-08, 2.01310854209e-07, 1.92925455167e-07, 6.51083041703e-07, 5.95430435624e-07, 7.11325640168e-07, 3.19263591564e-07, 2.85877149508e-07, 2.52424968039e-07, 1.6513460821e-07, 2.47343479032e-07, 1.73845720042e-07, 9.50033438585e-08, 2.38890898174e-08, 1.37202578188e-08, 2.97877509325e-08, 3.0326823719e-08, 2.16834141753e-08, 8.83001494145e-09, 4.677231491e-09, 1.36666988837e-09, 5.38663391669e-10, 4.30542962393e-10, 3.43704981143e-10, 5.7312404822e-10, 3.75894065874e-10, 2.21653750909e-10, 5.31934947479e-11, 3.07466517524e-11, 2.58718654139e-11, 2.19498447196e-11, 2.39789715861e-11, 1.71276742789e-11, 2.20238202675e-11, 4.92776236483e-11, 1.6725591398e-11, 7.43835635447e-12, 1.71602315691e-12, 8.39315596191e-13, 6.61573253862e-14],
        "dvar2": [1.23563623333e-07, 5.04607612584e-07, 5.11286998517e-07, 1.53277790105e-06, 1.3296491943e-06, 1.56319970301e-06, 7.1513761668e-07, 5.71697171381e-07, 5.82131974625e-07, 3.79952979301e-07, 5.74511432205e-07, 3.62499974926e-07, 1.77976815507e-07, 5.28838448588e-08, 3.1011168744e-08, 7.09446368319e-08, 6.87540833155e-08, 5.16003311191e-08, 2.07774260019e-08, 1.02130321977e-08, 2.97089552959e-09, 1.16590026522e-09, 1.0185201571e-09, 7.67759522624e-10, 1.37866107419e-09, 8.61340054836e-10, 4.80950779203e-10, 1.24983801086e-10, 7.08633568491e-11, 5.57003158874e-11, 4.46398508436e-11, 5.16393906802e-11, 2.95124237548e-11, 5.17450457482e-11, 1.14899714743e-10, 3.29640620356e-11, 1.51617138983e-11, 3.6899337752e-12, 1.88228339165e-12, 1.42493316951e-13],
        "max": [0.00396204600111, 0.00833732355386, 0.00860435049981, 0.023164993152, 0.0212360844016, 0.0257737357169, 0.0186709221452, 0.0136495549232, 0.0115376440808, 0.0115461321548, 0.0147462207824, 0.00999683700502, 0.00983121339232, 0.00779398903251, 0.00442350562662, 0.0049330922775, 0.00457947375253, 0.00456893909723, 0.00396740250289, 0.00242050364614, 0.0012670729775, 0.000794862222392, 0.000592119642533, 0.000897731399164, 0.000911718292627, 0.000454448745586, 0.000451029452961, 0.000218988774577, 0.000191505649127, 0.000142592820339, 0.000165292687598, 0.000224163057283, 0.000251342280535, 0.000189405633137, 0.000246340263402, 0.000201329399715, 0.000141351818456, 4.63892283733e-05, 2.97113274428e-05, 8.76309422893e-06],
        "mean": [0.000222230955842, 0.000326627807226, 0.000403148122132, 0.000710321648512, 0.000772669853177, 0.000611140683759, 0.000390302302549, 0.000269896729151, 0.000314198492561, 0.000218198518269, 0.000309603929054, 0.00025676903897, 0.000158175695105, 6.6005573899e-05, 5.52426099603e-05, 6.23864107183e-05, 7.26391517674e-05, 7.00623568264e-05, 5.31534024049e-05, 2.28281114687e-05, 2.29112811212e-05, 1.74119104486e-05, 1.55297166202e-05, 1.44895911944e-05, 1.4287114027e-05, 1.5256127881e-05, 1.02577623693e-05, 5.24992128703e-06, 3.74757041754e-06, 3.57372618964e-06, 2.89419654109e-06, 2.05223136618e-06, 1.61574905633e-06, 1.47654941429e-06, 1.45029173382e-06, 9.61793261922e-07, 6.58461772218e-07, 4.15422960032e-07, 2.53668503092e-07, 7.54409299475e-08],
        "median": [0.000106395185867, 0.000154679233674, 0.000209731166251, 0.000345202104654, 0.000345745385857, 0.000191381172044, 0.000128126892378, 7.46800069464e-05, 7.61523624533e-05, 4.62335337943e-05, 3.438217027e-05, 3.29345057253e-05, 1.58073908096e-05, 1.55656180141e-05, 1.65896890394e-05, 1.49421293827e-05, 1.42979397424e-05, 1.3374997252e-05, 1.01914047264e-05, 6.93133642926e-06, 8.85306053533e-06, 7.47240528653e-06, 6.23592222837e-06, 5.90154331803e-06, 6.10318920735e-06, 5.90199942962e-06, 3.83897577194e-06, 2.02780597647e-06, 1.32380193918e-06, 1.15727709726e-06, 8.57159818679e-07, 6.1047063582e-07, 4.85369298531e-07, 4.28417536114e-07, 3.21092358035e-07, 1.97355021214e-07, 1.27058427779e-07, 7.76394912805e-08, 4.07235098976e-08, 1.05982866927e-08],
        "min": [3.00597498282e-11, 3.54743630304e-11, 2.65278458922e-11, 1.31338568493e-11, 1.12271034483e-11, 3.393031342e-11, 4.36636456158e-11, 4.77398155729e-11, 1.29043763522e-11, 1.94212285143e-11, 1.92001987226e-11, 2.14948354255e-11, 3.83271088478e-11, 2.01670485867e-11, 3.38999280036e-11, 2.2538242106e-11, 1.8467704796e-11, 2.19312033811e-11, 3.91702816016e-11, 4.45778934599e-11, 1.45901467991e-11, 3.39816334793e-11, 2.08973741089e-11, 2.0209290838e-11, 1.1232660635e-11, 2.09070885604e-11, 5.16950232621e-11, 2.43481831919e-11, 1.02479665379e-11, 7.96929969932e-12, 1.7343048872e-11, 3.4997674897e-11, 2.81821285059e-11, 1.10627574809e-11, 9.83903930551e-12, 5.23031314439e-12, 7.52033765122e-12, 6.24097822033e-12, 2.2275755459e-12, 8.6356464514e-13],
        "var": [9.73809264337e-08, 2.9007668445e-07, 3.6649785784e-07, 1.71854946984e-06, 2.24836912821e-06, 2.79123560176e-06, 1.2163180827e-06, 7.21101287127e-07, 6.1896008674e-07, 3.81710151487e-07, 7.32836838324e-07, 5.79039237891e-07, 3.87798081647e-07, 5.21731386982e-08, 2.78902358986e-08, 3.9837427579e-08, 5.08942612498e-08, 4.80509356748e-08, 3.00431253208e-08, 7.3498376274e-09, 3.26480154023e-09, 1.47131795636e-09, 8.88847662139e-10, 8.79980643909e-10, 9.7975005886e-10, 7.94537546867e-10, 4.8172893452e-10, 1.08198873472e-10, 5.75728076324e-11, 5.29353054446e-11, 4.73901647091e-11, 4.03844388486e-11, 3.54027362981e-11, 3.39637311331e-11, 7.47356274089e-11, 3.48755642421e-11, 1.24528894141e-11, 2.86150183409e-12, 1.25223496936e-12, 1.0311552095e-13]
    },
    "mfcc": {
        "mean": [-670.760009766, 136.14390564, -15.2665281296, 25.4275493622, -9.80096721649, 0.813662588596, -11.9788951874, 0.14558121562, -12.9006052017, 1.26744771004, -5.70089960098, -3.84792113304, -7.1084318161],
        "cov": [[6314.85253906, -1290.35888672, -807.033935547, 241.601898193, -276.382385254, 116.390846252, 159.982269287, 150.201644897, 182.633956909, 253.377822876, -106.747001648, -56.8777122498, -64.6784286499], [-1290.35888672, 1137.01257324, 8.48837184906, -52.4257049561, 64.9914703369, -81.1272125244, 10.2789850235, 25.2002506256, -52.256690979, -24.4211044312, 38.8703575134, -9.32639598846, 12.5081949234], [-807.033935547, 8.48837184906, 712.633483887, 4.26123142242, 30.816110611, -10.9635477066, -95.9200210571, -29.3873653412, -69.0264511108, -65.8312759399, -8.34638118744, 40.5513305664, 45.9947166443], [241.601898193, -52.4257049561, 4.26123142242, 460.720581055, 140.220321655, 15.851931572, 3.25053906441, -4.4040646553, 75.7342681885, 35.1082115173, 18.2175712585, 12.5139703751, 21.6638031006], [-276.382385254, 64.9914703369, 30.816110611, 140.220321655, 325.832855225, 35.386806488, 20.5377197266, -15.7853355408, 42.3859100342, 12.1510095596, 22.9488143921, 0.241310104728, 19.0380783081], [116.390846252, -81.1272125244, -10.9635477066, 15.851931572, 35.386806488, 159.278488159, 63.502696991, 25.9544830322, 15.2321138382, 8.57954216003, -0.896417975426, -9.29685211182, -5.80325841904], [159.982269287, 10.2789850235, -95.9200210571, 3.25053906441, 20.5377197266, 63.502696991, 237.072280884, 85.6727142334, 65.5136489868, 31.2609825134, 18.5832233429, -32.9490814209, -24.2518882751], [150.201644897, 25.2002506256, -29.3873653412, -4.4040646553, -15.7853355408, 25.9544830322, 85.6727142334, 146.89881897, 32.7456665039, 26.4390773773, -7.14892148972, -24.8556518555, -3.57982683182], [182.633956909, -52.256690979, -69.0264511108, 75.7342681885, 42.3859100342, 15.2321138382, 65.5136489868, 32.7456665039, 176.605712891, 37.2500915527, 5.7507147789, -13.4303846359, -6.95630836487], [253.377822876, -24.4211044312, -65.8312759399, 35.1082115173, 12.1510095596, 8.57954216003, 31.2609825134, 26.4390773773, 37.2500915527, 129.712234497, 29.0352783203, -20.269203186, -16.1571674347], [-106.747001648, 38.8703575134, -8.34638118744, 18.2175712585, 22.9488143921, -0.896417975426, 18.5832233429, -7.14892148972, 5.7507147789, 29.0352783203, 107.787231445, 30.1190166473, 2.80874896049], [-56.8777122498, -9.32639598846, 40.5513305664, 12.5139703751, 0.241310104728, -9.29685211182, -32.9490814209, -24.8556518555, -13.4303846359, -20.269203186, 30.1190166473, 106.051322937, 43.7319259644], [-64.6784286499, 12.5081949234, 45.9947166443, 21.6638031006, 19.0380783081, -5.80325841904, -24.2518882751, -3.57982683182, -6.95630836487, -16.1571674347, 2.80874896049, 43.7319259644, 113.327507019]],
