{
"lowlevel": {
    "average_loudness": 0.753922820091,
    "barkbands_crest": {
        "dmean": 2.25877046585,
        "dmean2": 3.67294287682,
        "dvar": 4.8268661499,
        "dvar2": 12.3133621216,
        "max": 26.8546295166,
        "mean": 9.84787654877,
        "median": 9.03372764587,
        "min": 2.55044555664,
        "var": 15.8386497498
    },
    "barkbands_flatness_db": {
        "dmean": 0.0175048075616,
        "dmean2": 0.0271525438875,
        "dvar": 0.000325443135807,
        "dvar2": 0.00070130371023,
        "max": 0.473513096571,
        "mean": 0.157049834728,
        "median": 0.1570982337,
        "min": 0.0482255108654,
        "var": 0.00269442773424
    },
    "barkbands_kurtosis": {
        "dmean": 2.2234082222,
        "dmean2": 3.52816200256,
        "dvar": 61.9943275452,
        "dvar2": 161.302993774,
        "max": 547.511413574,
        "mean": 4.1568107605,
        "median": 2.55427980423,
        "min": -1.93672990799,
        "var": 71.870223999
    },
    "barkbands_skewness": {
        "dmean": 0.415626704693,
        "dmean2": 0.635265767574,
        "dvar": 0.270872563124,
        "dvar2": 0.616472423077,
        "max": 23.2461833954,
        "mean": 1.022321105,
        "median": 1.11664867401,
        "min": -2.58898282051,
        "var": 2.14428281784
    },
    "barkbands_spread": {
        "dmean": 3.83066296577,
        "dmean2": 5.92319822311,
        "dvar": 32.2672843933,
        "dvar2": 65.1332778931,
        "max": 136.190078735,
        "mean": 16.7352561951,
        "median": 14.0682735443,
        "min": 0.821422219276,
        "var": 112.923858643
    },
    "dissonance": {
        "dmean": 0.0224068276584,
        "dmean2": 0.037674471736,
        "dvar": 0.000545749557205,
        "dvar2": 0.0014529582113,
        "max": 0.500000059605,
        "mean": 0.451911360025,
        "median": 0.459924817085,
        "min": 0.225015133619,
        "var": 0.00148280872963
    },
    "dynamic_complexity": 3.69547247887,
    "erbbands_crest": {
        "dmean": 2.59625768661,
        "dmean2": 4.15064430237,
        "dvar": 6.84236860275,
        "dvar2": 16.4680995941,
        "max": 31.321313858,
        "mean": 10.4038276672,
        "median": 9.00199127197,
        "min": 2.55639719963,
        "var": 33.2557678223
    },
    "erbbands_flatness_db": {
        "dmean": 0.0151504138485,
        "dmean2": 0.0221812203526,
        "dvar": 0.000233949627727,
        "dvar2": 0.000430650892667,
        "max": 0.36661991477,
        "mean": 0.191547572613,
        "median": 0.19387358427,
        "min": 0.0462844930589,
        "var": 0.00262976018712
    },
    "erbbands_kurtosis": {
        "dmean": 1.04014766216,
        "dmean2": 1.64880716801,
        "dvar": 2.35299825668,
        "dvar2": 5.79150772095,
        "max": 28.2592487335,
        "mean": 1.12002122402,
        "median": 0.239028096199,
        "min": -1.88265788555,
        "var": 7.59849023819
    },
    "erbbands_skewness": {
        "dmean": 0.345723927021,
        "dmean2": 0.528913736343,
        "dvar": 0.126828089356,
        "dvar2": 0.275626987219,
        "max": 4.86607456207,
        "mean": 0.501684248447,
        "median": 0.471393883228,
        "min": -4.57346105576,
        "var": 0.754852592945
    },
    "erbbands_spread": {
        "dmean": 5.72110414505,
        "dmean2": 8.65356445312,
        "dvar": 51.7385063171,
        "dvar2": 111.334388733,
        "max": 121.337486267,
        "mean": 30.5828113556,
        "median": 30.5183029175,
        "min": 3.65672516823,
        "var": 225.514633179
    },
    "hfc": {
        "dmean": 4.24290752411,
        "dmean2": 6.29341745377,
        "dvar": 49.3748588562,
        "dvar2": 106.822235107,
        "max": 147.417495728,
        "mean": 16.2431125641,
        "median": 10.5726327896,
        "min": 1.0086633772e-16,
        "var": 286.944061279
    },
    "melbands_crest": {
        "dmean": 2.73898673058,
        "dmean2": 4.46339893341,
        "dvar": 7.58515071869,
        "dvar2": 19.228723526,
        "max": 39.9198913574,
        "mean": 11.3697013855,
        "median": 10.9380664825,
        "min": 1.56596398354,
        "var": 29.1560764313
    },
    "melbands_flatness_db": {
        "dmean": 0.0190555397421,
        "dmean2": 0.0288245435804,
        "dvar": 0.000494416512083,
        "dvar2": 0.00100074196234,
        "max": 0.485498577356,
        "mean": 0.190208092332,
        "median": 0.200149863958,
        "min": 0.00277105043642,
        "var": 0.00769781135023
    },
    "melbands_kurtosis": {
        "dmean": 3.94221615791,
        "dmean2": 6.19470834732,
        "dvar": 190.82182312,
        "dvar2": 467.188812256,
        "max": 965.523254395,
        "mean": 8.27716445923,
        "median": 4.62022018433,
        "min": -1.90888535976,
        "var": 252.755767822
    },
    "melbands_skewness": {
        "dmean": 0.501609444618,
        "dmean2": 0.763215839863,
        "dvar": 0.417472660542,
        "dvar2": 0.965314328671,
        "max": 30.2944374084,
        "mean": 1.77748835087,
        "median": 1.71736979485,
        "min": -1.70942211151,
        "var": 2.15216851234
    },
    "melbands_spread": {
        "dmean": 6.10330486298,
        "dmean2": 9.59673595428,
        "dvar": 92.5503311157,
        "dvar2": 203.015930176,
        "max": 216.335494995,
        "mean": 31.6305274963,
        "median": 18.7348480225,
        "min": 0.960309207439,
        "var": 1368.23205566
    },
    "pitch_salience": {
        "dmean": 0.0569733344018,
        "dmean2": 0.0914779752493,
        "dvar": 0.0030712436419,
        "dvar2": 0.00771208107471,
        "max": 0.948720037937,
        "mean": 0.599537909031,
        "median": 0.592901408672,
        "min": 0.00745570240542,
        "var": 0.015357981436
    },
    "silence_rate_20dB": {
        "dmean": 0,
        "dmean2": 0,
        "dvar": 0,
        "dvar2": 0,
        "max": 1,
        "mean": 1,
        "median": 1,
        "min": 1,
        "var": 0
    },
    "silence_rate_30dB": {
        "dmean": 0.00268847309053,
        "dmean2": 0.00537754874676,
        "dvar": 0.00268127932213,
        "dvar2": 0.00669313967228,
        "max": 1,
        "mean": 0.996527791023,
        "median": 1,
        "min": 0,
        "var": 0.00346012087539
    },
    "silence_rate_60dB": {
        "dmean": 0.0145625630394,
        "dmean2": 0.029128389433,
        "dvar": 0.0143516678363,
        "dvar2": 0.0327643975616,
        "max": 1,
        "mean": 0.171034947038,
        "median": 0,
        "min": 0,
        "var": 0.141773730516
    },
    "spectral_centroid": {
        "dmean": 214.36882019,
        "dmean2": 334.851501465,
        "dvar": 101397.875,
        "dvar2": 211354.078125,
        "max": 11914.7783203,
        "mean": 2172.21899414,
        "median": 1136.94946289,
        "min": 209.706619263,
        "var": 9316583
    },
    "spectral_complexity": {
        "dmean": 2.20611619949,
        "dmean2": 3.52319073677,
        "dvar": 8.61157417297,
        "dvar2": 20.5199260712,
        "max": 57,
        "mean": 13.9910392761,
        "median": 13,
        "min": 0,
        "var": 85.8346633911
    },
    "spectral_decrease": {
        "dmean": 1.42188039121e-09,
        "dmean2": 2.174656899e-09,
        "dvar": 4.7657295481e-18,
        "dvar2": 1.00948741453e-17,
        "max": 3.7282035103e-20,
        "mean": -5.09362774181e-09,
        "median": -3.9460132939e-09,
        "min": -4.3530796745e-08,
        "var": 2.14261004106e-17
    },
    "spectral_energy": {
        "dmean": 0.00568152451888,
        "dmean2": 0.00867708027363,
        "dvar": 7.48565944377e-05,
        "dvar2": 0.000159023329616,
        "max": 0.170014068484,
        "mean": 0.0206977948546,
        "median": 0.016001291573,
        "min": 9.69469895079e-21,
        "var": 0.000349388341419
    },
    "spectral_energyband_high": {
        "dmean": 0.000192552935914,
        "dmean2": 0.000271422759397,
        "dvar": 4.19627184556e-07,
        "dvar2": 7.79728623002e-07,
        "max": 0.015689458698,
        "mean": 0.000395758484956,
        "median": 0.000127781444462,
        "min": 6.76567905893e-21,
        "var": 8.50702917887e-07
    },
    "spectral_energyband_low": {
        "dmean": 0.00102727359626,
        "dmean2": 0.0016334305983,
        "dvar": 5.23925973539e-06,
        "dvar2": 1.27985276777e-05,
        "max": 0.0443338230252,
        "mean": 0.00234431214631,
        "median": 0.00156065495685,
        "min": 8.59287409168e-24,
        "var": 9.75405509962e-06
    },
    "spectral_energyband_middle_high": {
        "dmean": 0.0018058657879,
        "dmean2": 0.00271556340158,
        "dvar": 1.37989736686e-05,
        "dvar2": 3.20575745718e-05,
        "max": 0.0673847794533,
        "mean": 0.0060512102209,
        "median": 0.00207311613485,
        "min": 1.08223173779e-21,
        "var": 8.81254163687e-05
    },
    "spectral_energyband_middle_low": {
        "dmean": 0.00443739118055,
        "dmean2": 0.00680576404557,
        "dvar": 5.89083647355e-05,
        "dvar2": 0.000125276987092,
        "max": 0.152532190084,
        "mean": 0.012522039935,
        "median": 0.00841137487441,
        "min": 1.12725093156e-22,
        "var": 0.000204730255064
    },
    "spectral_entropy": {
        "dmean": 0.139948606491,
        "dmean2": 0.20678268373,
        "dvar": 0.0290143378079,
        "dvar2": 0.0537379160523,
        "max": 9.82609844208,
        "mean": 7.51038265228,
        "median": 7.28957223892,
        "min": 5.25674104691,
        "var": 0.788408577442
    },
    "spectral_flux": {
        "dmean": 0.0181900002062,
        "dmean2": 0.0288026649505,
        "dvar": 0.000519836728927,
        "dvar2": 0.00122440187261,
        "max": 0.33260384202,
        "mean": 0.0644892454147,
        "median": 0.0593697801232,
        "min": 6.27406321341e-11,
        "var": 0.00207132403739
    },
    "spectral_kurtosis": {
        "dmean": 1.85404574871,
        "dmean2": 3.1869468689,
        "dvar": 4.45902395248,
        "dvar2": 12.7330980301,
        "max": 38.1157455444,
        "mean": 4.51446866989,
        "median": 4.0881061554,
        "min": -1.27778840065,
        "var": 14.1154069901
    },
    "spectral_rms": {
        "dmean": 0.000549616001081,
        "dmean2": 0.000825066119432,
        "dvar": 4.7368456535e-07,
        "dvar2": 9.67139158092e-07,
        "max": 0.0128789516166,
        "mean": 0.00391932623461,
        "median": 0.00395107828081,
        "min": 3.07542554791e-12,
        "var": 4.83183930555e-06
    },
    "spectral_rolloff": {
        "dmean": 344.429992676,
        "dmean2": 581.375549316,
        "dvar": 501164.5625,
        "dvar2": 1002292.5,
        "max": 19875.1464844,
        "mean": 3089.31396484,
        "median": 1162.79296875,
        "min": 21.533203125,
        "var": 29118860
    },
    "spectral_skewness": {
        "dmean": 0.223777979612,
        "dmean2": 0.366943627596,
        "dvar": 0.0538260266185,
        "dvar2": 0.1317640692,
        "max": 4.9173822403,
        "mean": 1.43696379662,
        "median": 1.49058842659,
        "min": -0.32951566577,
        "var": 0.482173353434
    },
    "spectral_spread": {
        "dmean": 427035.78125,
        "dmean2": 652407.75,
        "dvar": 688257105920,
        "dvar2": 1.64352203162e+12,
        "max": 43042096,
        "mean": 7434226,
        "median": 3543198,
        "min": 1576925.25,
        "var": 1.26553216254e+14
    },
    "spectral_strongpeak": {
        "dmean": 0.56808334589,
        "dmean2": 0.92612862587,
        "dvar": 0.751381337643,
        "dvar2": 1.84976804256,
        "max": 12.9077777863,
        "mean": 1.37659871578,
        "median": 0.732965230942,
        "min": 0,
        "var": 2.99639558792
    },
    "zerocrossingrate": {
        "dmean": 0.0081529347226,
        "dmean2": 0.0103379851207,
        "dvar": 0.000163119082572,
        "dvar2": 0.00021679647034,
        "max": 0.63134765625,
        "mean": 0.0975695624948,
        "median": 0.0498046875,
        "min": 0,
        "var": 0.0194432735443
    },
    "barkbands": {
        "dmean": [2.14285901166e-05, 0.000674679642543, 0.000440501811681, 0.000375094619812, 0.00199775118381, 0.00153441785369, 0.00083490164252, 0.00090234115487, 0.000749422120862, 0.000785372336395, 0.000480892980704, 0.000531043158844, 0.00034052101546, 0.000322615378536, 0.000218087952817, 0.000219284032937, 0.000173241744051, 0.000131423745188, 0.000132145869429, 6.77093848935e-05, 6.61413141643e-05, 6.05730601819e-05, 3.75994313799e-05, 2.03135368793e-05, 6.55543863104e-06, 2.8918384487e-06, 1.23053949252e-08],
        "dmean2": [3.39613434335e-05, 0.00110371049959, 0.000723951729015, 0.000623764644843, 0.0031666920986, 0.00241235061549, 0.00128080160357, 0.00136648176704, 0.00110121909529, 0.00117453560233, 0.000745885074139, 0.000839568208903, 0.000529886514414, 0.000489984347951, 0.000352740200469, 0.000360847596312, 0.000279472646071, 0.000207312288694, 0.00021123397164, 0.000109351902211, 0.000103324848169, 8.62248998601e-05, 5.59089749004e-05, 2.94910241792e-05, 9.60032502917e-06, 4.39553377873e-06, 2.04896561939e-08],
        "dvar": [1.74022152244e-09, 3.06774154524e-06, 1.06520008103e-06, 1.64040670825e-06, 1.84620694199e-05, 1.242930648e-05, 6.54462292005e-06, 8.22531819722e-06, 4.42894861408e-06, 5.63014054933e-06, 3.33529783347e-06, 3.81669815397e-06, 1.84748989795e-06, 1.33517823997e-06, 5.40517476111e-07, 4.00949147661e-07, 2.02891897061e-07, 1.14714566735e-07, 1.36949154239e-07, 2.78459566516e-08, 6.689806753e-08, 7.07969931568e-08, 2.46530404979e-08, 5.28988142179e-09, 6.64299892872e-10, 1.74258010799e-10, 5.86912517284e-15],
        "dvar2": [4.12387368698e-09, 7.93714480096e-06, 2.83783560917e-06, 4.79863092551e-06, 4.3523246859e-05, 2.77018843917e-05, 1.42891267387e-05, 1.86758006748e-05, 9.33987121243e-06, 1.31347351271e-05, 7.5702914728e-06, 9.62024478213e-06, 4.13402085542e-06, 2.63286688096e-06, 1.26667487166e-06, 9.81279640655e-07, 4.70773386496e-07, 2.68562928341e-07, 2.87578416192e-07, 6.8448713364e-08, 1.56769445425e-07, 1.32578108492e-07, 4.81757602699e-08, 1.08748752226e-08, 1.46744449925e-09, 3.94335814002e-10, 1.31763937055e-14],
        "max": [0.000722024589777, 0.0299859847873, 0.0176133532077, 0.0560581460595, 0.132244557142, 0.0856850892305, 0.0618197470903, 0.0626694485545, 0.0530982837081, 0.0510122328997, 0.0580606758595, 0.0560166053474, 0.0371421426535, 0.0391825251281, 0.0253987330943, 0.027590604499, 0.0124575830996, 0.0152755454183, 0.0236418452114, 0.00541757652536, 0.00594146223739, 0.00880471151322, 0.0053703864105, 0.00195189460646, 0.000956741860136, 0.000587342248764, 3.21784523294e-06],
        "mean": [4.04533202527e-05, 0.00124819891062, 0.000809934921563, 0.00065221398836, 0.00418715830892, 0.00282757496461, 0.00134878070094, 0.0014576340327, 0.00138302193955, 0.00148273201194, 0.00086688232841, 0.00108520523645, 0.000680930388626, 0.000589787960052, 0.000367265747627, 0.000383181119105, 0.000325587927364, 0.00024544322514, 0.00026186942705, 0.000135589987622, 0.000111182409455, 9.66752995737e-05, 6.29782807664e-05, 3.33714597218e-05, 1.02360190795e-05, 3.94039170715e-06, 1.50965018264e-08],
        "median": [7.20833031664e-06, 0.000723506789654, 0.00034836542909, 0.000290300959023, 0.00222280574962, 0.00111054861918, 0.00032037665369, 0.000320787075907, 0.00019528370467, 0.000212660350371, 9.59337776294e-05, 0.00010886171367, 8.19669803604e-05, 0.000103624304757, 8.56463302625e-05, 8.60321306391e-05, 8.84675391717e-05, 8.20071800263e-05, 7.97280081315e-05, 4.15674512624e-05, 3.28033565893e-05, 2.2797332349e-05, 1.51187732627e-05, 6.65294010105e-06, 1.59307705871e-06, 4.92769117955e-07, 3.35482219782e-09],
        "min": [5.26982442366e-26, 1.03992762261e-24, 1.70592859409e-25, 2.67320062357e-25, 4.36831055734e-24, 3.19133915865e-24, 4.40847186046e-24, 3.21006296945e-24, 6.27009603322e-24, 6.97909739356e-24, 1.07336043525e-23, 1.40422337171e-23, 1.90542946106e-23, 1.68497533912e-23, 2.74715256662e-23, 4.22215774523e-23, 4.76484860963e-23, 7.02415192199e-23, 9.0249732836e-23, 1.44845780034e-22, 1.56579284516e-22, 1.94543385974e-22, 3.50724983619e-22, 4.48598766803e-22, 7.59543905731e-22, 1.23477860518e-21, 1.89324840107e-21],
        "var": [4.97997332261e-09, 3.87485260944e-06, 1.60869194588e-06, 1.91229764823e-06, 4.20748656325e-05, 3.03493161482e-05, 1.14016538646e-05, 1.41788286783e-05, 1.35502323246e-05, 1.61095904332e-05, 1.02213243736e-05, 1.47868468048e-05, 7.05649426891e-06, 3.72812360183e-06, 1.13457485895e-06, 1.23066377e-06, 5.24703978044e-07, 2.62639190396e-07, 3.61063399623e-07, 6.3344735679e-08, 9.17860276672e-08, 1.1554040924e-07, 4.12772394043e-08, 9.45247258244e-09, 9.91442594689e-10, 2.1317134169e-10, 5.69110171722e-15]
    },
    "erbbands": {
        "dmean": [0.0157139338553, 0.168607503176, 0.475877791643, 0.824225127697, 3.94304180145, 7.67669868469, 9.74777317047, 12.7946453094, 14.3243665695, 12.8786697388, 18.9485359192, 17.8484516144, 22.0950870514, 18.0373973846, 20.3719234467, 24.0070762634, 16.8915653229, 15.311835289, 11.811507225, 11.4543209076, 9.67516899109, 7.27815961838, 6.42448043823, 8.13069820404, 4.81262969971, 3.29489135742, 2.77609372139, 2.54420495033, 2.19368171692, 1.64823794365, 0.972250044346, 0.526775896549, 0.28568148613, 0.0845121070743, 0.0442466363311, 0.020155608654, 0.0036784177646, 0.000153152752318, 7.65476306697e-06, 6.80755056237e-06],
        "dmean2": [0.0264238510281, 0.272965073586, 0.780522406101, 1.35054862499, 6.32614278793, 12.3643112183, 15.1190567017, 20.2192878723, 22.2208957672, 19.7250766754, 28.0890712738, 25.6503982544, 31.9076919556, 27.281332016, 31.7413387299, 37.1134109497, 25.290643692, 23.0817298889, 18.4392986298, 18.2246723175, 15.718706131, 11.6569662094, 10.1025094986, 12.6056270599, 7.87410974503, 5.29339504242, 4.4465098381, 3.80168485641, 3.08175802231, 2.43041372299, 1.44021356106, 0.772878944874, 0.413545131683, 0.123169273138, 0.0664506778121, 0.0305979270488, 0.00572186755016, 0.000251294666668, 1.17492973004e-05, 1.03293969005e-05],
        "dvar": [0.00127234635875, 0.208417534828, 1.26426851749, 6.69168519974, 80.7758712769, 340.146820068, 665.496398926, 1082.52697754, 1670.53674316, 2143.29785156, 3329.84155273, 2659.08813477, 4139.34912109, 5056.20410156, 6371.91748047, 8420.97070312, 4048.6730957, 2874.13720703, 1587.70690918, 1157.43774414, 812.222717285, 340.016357422, 273.848907471, 559.895629883, 221.425994873, 64.8189468384, 121.125419617, 126.651657104, 99.6351013184, 45.5148925781, 16.8136730194, 3.78265023232, 1.01556766033, 0.108424328268, 0.0332800261676, 0.00817158445716, 0.000291660515359, 2.19375010602e-06, 9.87793846718e-10, 1.04813921431e-10],
        "dvar2": [0.00359534029849, 0.525884866714, 3.27338790894, 19.6338100433, 202.285293579, 801.205322266, 1512.21325684, 2335.79589844, 3830.05834961, 4699.78417969, 7264.39648438, 5273.29296875, 8776.19433594, 12160.4755859, 14808.0058594, 21606.8886719, 8826.31152344, 5493.93017578, 3757.83520508, 2423.03076172, 1707.17272949, 772.857543945, 657.734741211, 1023.44342041, 567.132324219, 159.333572388, 329.428833008, 238.504119873, 185.163345337, 91.1182556152, 34.5560531616, 8.10642910004, 2.07889938354, 0.236801877618, 0.0759773701429, 0.0186706148088, 0.000657048716675, 6.14214286543e-06, 2.40110664684e-09, 2.2511241482e-10],
        "max": [0.603676915169, 7.54230451584, 16.3559379578, 100.609222412, 181.394836426, 623.447814941, 829.434326172, 971.610717773, 1068.53918457, 1626.46472168, 1401.86157227, 1703.91906738, 1710.83081055, 2179.05957031, 2376.18115234, 2871.01806641, 2014.9666748, 2198.62646484, 1315.26306152, 1175.24182129, 1409.5057373, 498.317779541, 664.364440918, 1947.56396484, 595.12890625, 293.261322021, 266.840911865, 344.026550293, 342.866699219, 246.966186523, 129.191421509, 59.7259483337, 30.0219573975, 13.8425645828, 5.38849592209, 4.1366019249, 0.538531303406, 0.0744545310736, 0.00117205153219, 0.00019049961702],
        "mean": [0.0316593125463, 0.294896930456, 0.892228841782, 1.67309904099, 8.09002399445, 14.428194046, 18.0009365082, 23.2323226929, 24.5466804504, 21.4098815918, 32.245136261, 35.592880249, 43.2945594788, 35.2738876343, 41.8786621094, 52.6251907349, 35.415435791, 30.8407440186, 22.4733772278, 21.205997467, 18.9525680542, 15.2736196518, 13.366560936, 16.5209331512, 9.8792886734, 6.85458183289, 5.08809757233, 4.33110332489, 3.47571086884, 2.6517572403, 1.64424395561, 0.870298206806, 0.458022177219, 0.1340162009, 0.0659793838859, 0.0294506382197, 0.00453366851434, 0.000173759472091, 1.83217234735e-05, 2.52239515248e-05],
        "median": [0.0149293895811, 0.171551406384, 0.421324014664, 0.889689385891, 4.03627300262, 6.62100076675, 6.58969020844, 8.96501922607, 7.11799621582, 5.47259664536, 8.18435573578, 6.90045118332, 8.2479724884, 5.60292625427, 5.79022026062, 6.38233089447, 5.6505613327, 6.0854511261, 5.39745521545, 5.85092973709, 5.49094772339, 4.51812791824, 4.80018043518, 5.3634262085, 3.0933740139, 2.18948030472, 1.52646446228, 1.2088034153, 0.788056015968, 0.6491574049, 0.40581291914, 0.187331348658, 0.0898803919554, 0.0213725529611, 0.0106696169823, 0.00460714381188, 0.000308152142679, 3.04761815642e-05, 1.18177176773e-05, 1.96822838916e-05],
        "min": [5.80425741815e-23, 1.80173937486e-22, 8.14989392041e-22, 3.42626368434e-21, 4.35215545909e-21, 1.06244483437e-20, 2.29733000771e-20, 4.93253680003e-20, 5.37548975623e-20, 1.00334849878e-19, 1.40778863652e-19, 1.70382197285e-19, 3.47068182921e-19, 4.71303834988e-19, 6.38902931403e-19, 7.89654633486e-19, 1.19189767612e-18, 1.31938120116e-18, 2.08653062833e-18, 2.0073483506e-18, 3.26950002711e-18, 3.06140744118e-18, 4.23691959994e-18, 4.04595089346e-18, 5.56204557046e-18, 6.7037930438e-18, 7.28431294718e-18, 7.99476679477e-18, 8.47671282533e-18, 1.00743716466e-17, 9.00716720855e-18, 9.38385202461e-18, 8.16940778314e-18, 7.1828741343e-18, 5.25204598742e-18, 3.76727539945e-18, 1.98001809637e-18, 8.05030525206e-19, 2.12210756307e-19, 2.49738380042e-20],
        "var": [0.00210942258127, 0.245796725154, 1.87444782257, 8.59192371368, 170.696258545, 710.729431152, 1432.69543457, 2647.76171875, 3176.42529297, 3694.4987793, 6743.63085938, 9289.45898438, 12962.9658203, 14130.6289062, 21428.3984375, 33836.2460938, 15231.7294922, 9662.56640625, 3737.46923828, 2749.31494141, 2423.04150391, 997.358398438, 688.391784668, 1591.38122559, 471.287078857, 146.05305481, 143.497879028, 211.076904297, 163.108627319, 71.9872817993, 27.1976661682, 6.33137273788, 1.84859478474, 0.172765761614, 0.0435460321605, 0.0100407600403, 0.000360702455509, 1.43350155213e-06, 1.0935081729e-09, 5.07590858234e-10]
    },
    "gfcc": {
        "mean": [-148.866760254, 106.252677917, -127.346061707, 29.9904651642, -62.9681549072, 3.97310376167, -36.3297424316, -0.8668577075, -18.7332248688, -5.1418671608, -8.26312541962, -3.41194653511, -4.14795732498],
        "cov": [[117504.242188, 11724.1640625, -14780.5341797, 3683.87988281, -7312.86474609, 672.594299316, -4137.64160156, 12.2397260666, -2267.36767578, -526.47088623, -989.807128906, -284.082366943, -566.36151123], [11724.1640625, 2449.34912109, -1064.52648926, 465.93145752, -536.328674316, -99.4050369263, -314.954101562, -108.796424866, -121.147247314, -213.998779297, 27.1647701263, -124.828010559, -1.18442964554], [-14780.5341797, -1064.52648926, 2826.44116211, -137.721389771, 968.682678223, -20.9956741333, 510.457641602, -4.11337375641, 340.998352051, 47.720161438, 110.099838257, 56.1620063782, 63.2611045837], [3683.87988281, 465.93145752, -137.721389771, 497.191558838, -117.45123291, 31.8849983215, -151.340957642, 24.2803668976, -16.2171783447, -9.70604896545, -36.025642395, -5.27945756912, 0.747367441654], [-7312.86474609, -536.328674316, 968.682678223, -117.45123291, 755.638977051, 5.41976356506, 323.139312744, 26.2470035553, 118.740379333, 52.1096038818, 92.1292648315, 7.66728591919, 41.1779594421], [672.594299316, -99.4050369263, -20.9956741333, 31.8849983215, 5.41976356506, 249.156402588, 50.8480148315, 26.3148365021, -52.1136627197, 33.5066146851, -16.1749134064, 10.5801925659, -18.8314723969], [-4137.64160156, -314.954101562, 510.457641602, -151.340957642, 323.139312744, 50.8480148315, 314.337280273, 16.1283473969, 69.6775665283, 5.83437776566, 73.0051956177, 11.9817018509, 20.7694187164], [12.2397260666, -108.796424866, -4.11337375641, 24.2803668976, 26.2470035553, 26.3148365021, 16.1283473969, 123.85092926, 19.1233081818, 23.0593719482, -24.1825885773, 14.3365488052, 0.673652350903], [-2267.36767578, -121.147247314, 340.998352051, -16.2171783447, 118.740379333, -52.1136627197, 69.6775665283, 19.1233081818, 176.962005615, -4.55871391296, 21.3709011078, 0.462297976017, 29.8019180298], [-526.47088623, -213.998779297, 47.720161438, -9.70604896545, 52.1096038818, 33.5066146851, 5.83437776566, 23.0593719482, -4.55871391296, 108.519432068, 4.44111633301, 19.1036605835, -13.3507118225], [-989.807128906, 27.1647701263, 110.099838257, -36.025642395, 92.1292648315, -16.1749134064, 73.0051956177, -24.1825885773, 21.3709011078, 4.44111633301, 109.218597412, 8.47268009186, 3.80029201508], [-284.082366943, -124.828010559, 56.1620063782, -5.27945756912, 7.66728591919, 10.5801925659, 11.9817018509, 14.3365488052, 0.462297976017, 19.1036605835, 8.47268009186, 75.8425598145, 14.6266317368], [-566.36151123, -1.18442964554, 63.2611045837, 0.747367441654, 41.1779594421, -18.8314723969, 20.7694187164, 0.673652350903, 29.8019180298, -13.3507118225, 3.80029201508, 14.6266317368, 70.7172470093]],
        "icov": [[0.000321066559991, -0.000873807410244, 0.000768958998378, -0.000824872520752, 0.000979760079645, -0.000782196526416, 0.000557875144295, -0.000533371930942, 0.000709221116267, -0.000465352262836, 0.000573823461309, -0.000928659108467, 0.00071450357791], [-0.000873807410244, 0.00327392667532, -0.00191356102005, 0.00148532679304, -0.0024152151309, 0.00229898071848, -0.00143627950456, 0.00172013952397, -0.00171426252928, 0.00248410366476, -0.00255992356688, 0.00356207392178, -0.00223100208677], [0.000768958998378, -0.00191356102005, 0.00270570674911, -0.0022835903801, 0.00159775291104, -0.00181789253838, 0.000828565855045, -0.000583382730838, 0.00067266554106, -0.00086279748939, 0.00170698040165, -0.00274420902133, 0.00210736691952], [-0.000824872520752, 0.00148532679304, -0.0022835903801, 0.00537400133908, -0.00288438564166, 0.000998822972178, 0.000505525269546, 0.000370872556232, -0.00217449013144, 0.000776188098826, -0.0011165557662, 0.00175877544098, -0.00204267911613], [0.000979760079645, -0.0024152151309, 0.00159775291104, -0.00288438564166, 0.0065657007508, -0.00179532496259, -0.000582078646403, -0.00221775495447, 0.00281193619594, -0.00266833836213, 0.000631845148746, -0.00116440979764, 0.000816426007077], [-0.000782196526416, 0.00229898071848, -0.00181789253838, 0.000998822972178, -0.00179532496259, 0.00740608014166, -0.00396337499842, 0.000904282089323, 0.000173284832272, -0.000262045825366, -0.000193395186216, 0.00215155398473, -0.000994415488094], [0.000557875144295, -0.00143627950456, 0.000828565855045, 0.000505525269546, -0.000582078646403, -0.00396337499842, 0.00980535242707, -0.0023577909451, 0.000460614828626, 0.00151455868036, -0.00248019630089, -0.00158187642228, 0.000675786228385], [-0.000533371930942, 0.00172013952397, -0.000583382730838, 0.000370872556232, -0.00221775495447, 0.000904282089323, -0.0023577909451, 0.0112172681838, -0.00324248010293, -0.000588728231378, 0.00221342220902, -0.000361592246918, -0.000395961164031], [0.000709221116267, -0.00171426252928, 0.00067266554106, -0.00217449013144, 0.00281193619594, 0.000173284832272, 0.000460614828626, -0.00324248010293, 0.0105693079531, -0.000839078449644, 0.000110829678306, -0.000217406399315, -0.00119661714416], [-0.000465352262836, 0.00248410366476, -0.00086279748939, 0.000776188098826, -0.00266833836213, -0.000262045825366, 0.00151455868036, -0.000588728231378, -0.000839078449644, 0.0140034426004, -0.00307467160746, -0.00021857705724, 0.00133082037792], [0.000573823461309, -0.00255992356688, 0.00170698040165, -0.0011165557662, 0.000631845148746, -0.000193395186216, -0.00248019630089, 0.00221342220902, 0.000110829678306, -0.00307467160746, 0.0148737430573, -0.00491948984563, 0.00291652558371], [-0.000928659108467, 0.00356207392178, -0.00274420902133, 0.00175877544098, -0.00116440979764, 0.00215155398473, -0.00158187642228, -0.000361592246918, -0.000217406399315, -0.00021857705724, -0.00491948984563, 0.0198170877993, -0.00700660888106], [0.00071450357791, -0.00223100208677, 0.00210736691952, -0.00204267911613, 0.000816426007077, -0.000994415488094, 0.000675786228385, -0.000395961164031, -0.00119661714416, 0.00133082037792, 0.00291652558371, -0.00700660888106, 0.019075281918]]
    },
    "melbands": {
        "dmean": [0.000163268487086, 0.00022937648464, 0.000202285227715, 0.000426362967119, 0.000337809324265, 0.000294396653771, 0.000205034870305, 0.000149000392412, 0.000157350295922, 0.000109768305265, 0.000111383509648, 7.53448912292e-05, 6.48529021419e-05, 6.41362130409e-05, 5.40304463357e-05, 2.95917798212e-05, 3.21685329254e-05, 2.17540218728e-05, 1.45798503581e-05, 1.88703161257e-05, 1.15120838018e-05, 8.69382347446e-06, 7.85505653766e-06, 6.55730354993e-06, 7.4568583841e-06, 4.14108762925e-06, 2.60491492554e-06, 2.35160473494e-06, 1.92980928659e-06, 1.64483344633e-06, 1.60221702572e-06, 1.3759660078e-06, 1.07232335722e-06, 9.18679972983e-07, 6.34302580238e-07, 4.08337143654e-07, 3.12899203436e-07, 2.3428273721e-07, 1.27060317823e-07, 5.71818006279e-08],
        "dmean2": [0.000269893324003, 0.000367486587493, 0.000325785658788, 0.000681001925841, 0.000531188445166, 0.000463465519715, 0.000317969243042, 0.000227589844144, 0.000232456906815, 0.000158722148626, 0.000160649346071, 0.000114305403258, 9.93960857159e-05, 9.9841512565e-05, 8.21962603368e-05, 4.37579328718e-05, 4.90887905471e-05, 3.33342031809e-05, 2.32645797951e-05, 3.05948669848e-05, 1.85294720723e-05, 1.3983784811e-05, 1.26297909446e-05, 1.02859439721e-05, 1.15770008051e-05, 6.73472823109e-06, 4.26595534009e-06, 3.78451932193e-06, 3.11147209686e-06, 2.64905497716e-06, 2.38783218265e-06, 1.97535632651e-06, 1.57870192652e-06, 1.3705780475e-06, 9.46123464018e-07, 6.10547601809e-07, 4.62723960482e-07, 3.46321741063e-07, 1.93170293983e-07, 8.44096277319e-08],
        "dvar": [1.64220864463e-07, 2.94215055874e-07, 2.61785061184e-07, 9.240103509e-07, 6.76092042795e-07, 5.11311839091e-07, 3.37170433795e-07, 2.91091680538e-07, 2.16260531261e-07, 1.04478935725e-07, 1.06394992372e-07, 9.3280256408e-08, 6.09053429912e-08, 4.84451341265e-08, 3.36139436286e-08, 1.29296342521e-08, 1.41514711061e-08, 5.98026117515e-09, 3.02720559731e-09, 3.05199110429e-09, 1.2311894837e-09, 6.14970352419e-10, 4.22881979434e-10, 3.26555588126e-10, 5.30509747243e-10, 1.63852056922e-10, 6.13279357853e-11, 3.14166782867e-11, 4.65656922743e-11, 4.51511918131e-11, 6.31228888603e-11, 4.73475564311e-11, 1.80229962898e-11, 1.52287054495e-11, 7.73609735299e-12, 2.37541626993e-12, 1.32127522898e-12, 6.77048694886e-13, 2.35971100515e-13, 5.28466600179e-14],
        "dvar2": [4.41347367541e-07, 7.07723813775e-07, 7.3072288842e-07, 2.2546580567e-06, 1.49803929617e-06, 1.12556961085e-06, 7.65264474012e-07, 6.46897888146e-07, 4.64443246528e-07, 2.10183387139e-07, 2.24312714181e-07, 2.27467111813e-07, 1.35252221867e-07, 1.20686081573e-07, 7.61562759521e-08, 2.61796202494e-08, 2.78509180163e-08, 1.34125350826e-08, 6.79111655799e-09, 7.46394057671e-09, 2.48607534559e-09, 1.42504485989e-09, 9.56647538963e-10, 7.90694787423e-10, 9.86050685547e-10, 4.00865812766e-10, 1.63111413265e-10, 7.6567398255e-11, 1.22893681342e-10, 1.16662929317e-10, 1.17980569758e-10, 9.40483524392e-11, 3.61048066444e-11, 3.13590542422e-11, 1.6016009699e-11, 5.52109269761e-12, 2.81826710406e-12, 1.41419970352e-12, 5.31878360799e-13, 1.20400583492e-13],
        "max": [0.00723170349374, 0.00824140384793, 0.0188738238066, 0.0204288493842, 0.0260639693588, 0.0191809814423, 0.0147567996755, 0.0153812430799, 0.0126719009131, 0.01015389245, 0.00865979585797, 0.0092654498294, 0.0095478836447, 0.00606151623651, 0.0058024036698, 0.00432348810136, 0.00395966973156, 0.00287586753257, 0.00192296097521, 0.00228566280566, 0.00171168823726, 0.000643705541734, 0.000756475201342, 0.000765384116676, 0.00191020441707, 0.000672615075018, 0.000359353725798, 0.000169816761627, 0.000142535645864, 0.00014738200116, 0.000252503028605, 0.000278009712929, 0.000124568468891, 0.000155440997332, 0.000103920625406, 4.77496687381e-05, 3.54960466211e-05, 2.66153892881e-05, 1.53258988576e-05, 1.06476172732e-05],
        "mean": [0.000314980861731, 0.000453839602415, 0.000446402525995, 0.000849136151373, 0.000652336690109, 0.000543706933968, 0.000350077199982, 0.000243651636993, 0.000269696611213, 0.000212101265788, 0.000211827908061, 0.000140513890074, 0.000123659046949, 0.000135083580972, 0.000109356566099, 5.69348667341e-05, 6.01693936915e-05, 3.73915718228e-05, 2.46718227572e-05, 3.27298184857e-05, 2.03374311241e-05, 1.63909589901e-05, 1.44738378367e-05, 1.18208135973e-05, 1.39889070851e-05, 7.73434294388e-06, 4.94026016895e-06, 4.48926448371e-06, 3.34906007993e-06, 2.65953303824e-06, 2.51707638199e-06, 2.05605124393e-06, 1.62337300935e-06, 1.41914972573e-06, 1.02180672457e-06, 6.51782443128e-07, 4.86429428292e-07, 3.6096591316e-07, 1.89922914728e-07, 8.58265707393e-08],
        "median": [0.000178257745574, 0.000259993423242, 0.000264558708295, 0.000430647021858, 0.000266881252173, 0.000207540506381, 9.60401230259e-05, 5.50323966308e-05, 6.00405437581e-05, 3.43251231243e-05, 3.22410705849e-05, 1.64658340509e-05, 1.47237460624e-05, 1.43689048855e-05, 1.34898000397e-05, 8.82837048266e-06, 9.83737663773e-06, 8.22998117656e-06, 5.92886135564e-06, 7.44864155422e-06, 5.77484024689e-06, 4.53645498055e-06, 3.61288539352e-06, 3.9088054109e-06, 4.08172127209e-06, 2.17346223508e-06, 1.55669920332e-06, 1.31128047087e-06, 8.3932451389e-07, 8.00450891347e-07, 5.97648579514e-07, 4.30858278833e-07, 3.77316695221e-07, 3.21556683502e-07, 2.39564656113e-07, 1.37104692044e-07, 8.86865905159e-08, 6.64718271537e-08, 3.01087297316e-08, 1.10107984952e-08],
        "min": [3.8614578608e-25, 4.45480550712e-25, 6.20848126336e-25, 5.8303570587e-25, 6.94760646066e-25, 1.16956507947e-24, 1.03968849915e-24, 1.21561020026e-24, 6.32603879457e-25, 9.04345014149e-25, 1.51193179702e-24, 1.17395006142e-24, 1.91639695478e-24, 1.63083916785e-24, 1.96503239895e-24, 2.23109684127e-24, 1.72616531685e-24, 2.42286971619e-24, 2.29307724816e-24, 2.73451690819e-24, 3.15295101764e-24, 2.6734302807e-24, 2.85939733657e-24, 2.92846782807e-24, 2.62357703251e-24, 3.03955364302e-24, 3.22177045415e-24, 4.20567386553e-24, 3.65451252827e-24, 3.62992491714e-24, 3.51098914732e-24, 4.05103740658e-24, 3.40804003818e-24, 4.7995117889e-24, 4.11928846881e-24, 5.03402356994e-24, 4.30912114033e-24, 4.08252636734e-24, 5.05400107794e-24, 5.08540365842e-24],
        "var": [2.22243343728e-07, 4.58182540797e-07, 4.49498372745e-07, 1.87077455394e-06, 1.58923728577e-06, 1.28617375594e-06, 6.44026556529e-07, 4.93553216074e-07, 4.65017393481e-07, 3.65114459555e-07, 3.32884098952e-07, 2.59471562458e-07, 2.00508239345e-07, 1.93500213186e-07, 1.28998550508e-07, 5.15566718207e-08, 4.33799165478e-08, 1.24655672451e-08, 5.48066658723e-09, 8.57614690375e-09, 3.00970670608e-09, 1.44715450734e-09, 1.21544463383e-09, 6.67143673638e-10, 1.36567812614e-09, 3.61025348505e-10, 1.03082029024e-10, 6.89391252418e-11, 7.15058220968e-11, 4.98479521549e-11, 1.00573847861e-10, 6.95657559335e-11, 2.80380475781e-11, 2.28091434629e-11, 1.20080724877e-11, 3.57618362007e-12, 2.16302865376e-12, 1.17915811663e-12, 3.66665953242e-13, 7.63306721974e-14]
    },
    "mfcc": {
        "mean": [-715.438476562, 122.067962646, -11.6818246841, 22.1869449615, -6.58244132996, 2.23472905159, -10.176407814, 1.16641318798, -9.49073028564, -0.987824559212, -5.09930706024, -1.795140028, -4.33020544052],
        "cov": [[25143.3847656, 5188.44775391, -864.77557373, 1071.3840332, -449.764465332, 177.049072266, -438.869232178, 165.208496094, -477.727386475, -54.5350570679, -245.848800659, -39.6520652771, -191.283813477], [5188.44775391, 2787.88183594, 81.3002090454, 530.13482666, 21.4867038727, 44.1527442932, -90.2003250122, 70.9509811401, -187.807250977, 7.09771203995, -53.36977005, -51.8159637451, -69.2125701904], [-864.77557373, 81.3002090454, 857.835021973, 188.888793945, 138.055450439, 100.019851685, -39.9104309082, 52.9702377319, 25.1727409363, 4.1190404892, 25.9983711243, 13.2844142914, -28.7412471771], [1071.3840332, 530.13482666, 188.888793945, 440.055419922, 148.011749268, 26.6656284332, -39.5223884583, 22.9799137115, -0.891151428223, -2.13369894028, -17.2623996735, 28.1536273956, 17.2540988922], [-449.764465332, 21.4867038727, 138.055450439, 148.011749268, 237.940826416, 49.1945648193, 41.3303794861, 4.32201051712, 50.8817443848, 14.6164569855, 5.45405817032, 22.6868476868, 24.4587173462], [177.049072266, 44.1527442932, 100.019851685, 26.6656284332, 49.1945648193, 167.561218262, 72.8505554199, 24.0473403931, 8.9967918396, 2.21015334129, 24.559595108, 1.73141741753, -6.5828037262], [-438.869232178, -90.2003250122, -39.9104309082, -39.5223884583, 41.3303794861, 72.8505554199, 232.445892334, 22.7656841278, 17.7875328064, 0.80048418045, 40.6063995361, 1.86204230785, 21.7393608093], [165.208496094, 70.9509811401, 52.9702377319, 22.9799137115, 4.32201051712, 24.0473403931, 22.7656841278, 122.270080566, 23.4485321045, 14.9750804901, 3.2545068264, 0.644501030445, -5.83594226837], [-477.727386475, -187.807250977, 25.1727409363, -0.891151428223, 50.8817443848, 8.9967918396, 17.7875328064, 23.4485321045, 128.901229858, 21.7180633545, -0.478780895472, 3.77607178688, 10.0485506058], [-54.5350570679, 7.09771203995, 4.1190404892, -2.13369894028, 14.6164569855, 2.21015334129, 0.80048418045, 14.9750804901, 21.7180633545, 76.0332946777, 22.0918006897, -5.53497552872, -3.90016722679], [-245.848800659, -53.36977005, 25.9983711243, -17.2623996735, 5.45405817032, 24.559595108, 40.6063995361, 3.2545068264, -0.478780895472, 22.0918006897, 82.7711868286, 17.3049278259, 3.43436050415], [-39.6520652771, -51.8159637451, 13.2844142914, 28.1536273956, 22.6868476868, 1.73141741753, 1.86204230785, 0.644501030445, 3.77607178688, -5.53497552872, 17.3049278259, 77.2159881592, 31.650894165], [-191.283813477, -69.2125701904, -28.7412471771, 17.2540988922, 24.4587173462, -6.5828037262, 21.7393608093, -5.83594226837, 10.0485506058, -3.90016722679, 3.43436050415, 31.650894165, 88.5446014404]],
