{
"lowlevel": {
    "average_loudness": 0.845629751682,
    "barkbands_crest": {
        "dmean": 2.78974556923,
        "dmean2": 4.52975702286,
        "dvar": 6.20592975616,
        "dvar2": 15.210735321,
        "max": 25.8996601105,
        "mean": 9.71187782288,
        "median": 8.61516189575,
        "min": 2.44917535782,
        "var": 20.9390201569
    },
    "barkbands_flatness_db": {
        "dmean": 0.0217681098729,
        "dmean2": 0.0332559458911,
        "dvar": 0.000433087087004,
        "dvar2": 0.000842374225613,
        "max": 0.437068551779,
        "mean": 0.202732756734,
        "median": 0.194419503212,
        "min": 0.0458636209369,
        "var": 0.00214113737457
    },
    "barkbands_kurtosis": {
        "dmean": 2.21300697327,
        "dmean2": 3.48858976364,
        "dvar": 14.4011507034,
        "dvar2": 33.0516777039,
        "max": 86.8573989868,
        "mean": 2.66461586952,
        "median": 0.729026079178,
        "min": -1.83197212219,
        "var": 33.8102073669
    },
    "barkbands_skewness": {
        "dmean": 0.510689973831,
        "dmean2": 0.786652565002,
        "dvar": 0.24789622426,
        "dvar2": 0.547198951244,
        "max": 8.75913143158,
        "mean": 1.08159434795,
        "median": 0.936993002892,
        "min": -2.54152178764,
        "var": 1.12439823151
    },
    "barkbands_spread": {
        "dmean": 4.07695531845,
        "dmean2": 6.26543521881,
        "dvar": 21.2581310272,
        "dvar2": 45.4571723938,
        "max": 81.6425933838,
        "mean": 16.1595458984,
        "median": 15.0736675262,
        "min": 0.559584140778,
        "var": 82.9506759644
    },
    "dissonance": {
        "dmean": 0.0228388924152,
        "dmean2": 0.0379021279514,
        "dvar": 0.000589870091062,
        "dvar2": 0.00149726006202,
        "max": 0.500000059605,
        "mean": 0.457078754902,
        "median": 0.46793821454,
        "min": 0.186920702457,
        "var": 0.00151851575356
    },
    "dynamic_complexity": 3.98458862305,
    "erbbands_crest": {
        "dmean": 3.15730237961,
        "dmean2": 5.14845943451,
        "dvar": 8.42110061646,
        "dvar2": 20.6308250427,
        "max": 32.6801490784,
        "mean": 10.4383077621,
        "median": 9.09705352783,
        "min": 2.71904659271,
        "var": 25.8271484375
    },
    "erbbands_flatness_db": {
        "dmean": 0.0176527593285,
        "dmean2": 0.0257471501827,
        "dvar": 0.000315947894705,
        "dvar2": 0.000533990736585,
        "max": 0.456206977367,
        "mean": 0.264226734638,
        "median": 0.259893357754,
        "min": 0.0940451323986,
        "var": 0.00193236547057
    },
    "erbbands_kurtosis": {
        "dmean": 1.19794344902,
        "dmean2": 1.90057933331,
        "dvar": 3.60045099258,
        "dvar2": 8.72692298889,
        "max": 61.6610565186,
        "mean": 0.860170006752,
        "median": -0.0941401720047,
        "min": -1.80953502655,
        "var": 8.5582857132
    },
    "erbbands_skewness": {
        "dmean": 0.436925470829,
        "dmean2": 0.669330596924,
        "dvar": 0.162200823426,
        "dvar2": 0.363943874836,
        "max": 4.90418291092,
        "mean": 0.45133253932,
        "median": 0.341653943062,
        "min": -3.18346238136,
        "var": 0.809303045273
    },
    "erbbands_spread": {
        "dmean": 5.87369441986,
        "dmean2": 8.94178771973,
        "dvar": 35.0896530151,
        "dvar2": 75.2107696533,
        "max": 119.665740967,
        "mean": 26.9640026093,
        "median": 25.8334331512,
        "min": 1.07761073112,
        "var": 183.762863159
    },
    "hfc": {
        "dmean": 5.31654119492,
        "dmean2": 7.8148431778,
        "dvar": 51.8148651123,
        "dvar2": 104.547119141,
        "max": 131.217834473,
        "mean": 19.0178718567,
        "median": 15.6141166687,
        "min": 1.05960195342e-16,
        "var": 260.931365967
    },
    "melbands_crest": {
        "dmean": 3.55341553688,
        "dmean2": 5.81252002716,
        "dvar": 9.65892887115,
        "dvar2": 24.2907466888,
        "max": 34.0119552612,
        "mean": 12.4651956558,
        "median": 11.4992332458,
        "min": 1.78608798981,
        "var": 29.2025699615
    },
    "melbands_flatness_db": {
        "dmean": 0.0245943032205,
        "dmean2": 0.0368981286883,
        "dvar": 0.000560997868888,
        "dvar2": 0.00107420724817,
        "max": 0.472524553537,
        "mean": 0.229156538844,
        "median": 0.218803584576,
        "min": 0.00413003051654,
        "var": 0.00310498010367
    },
    "melbands_kurtosis": {
        "dmean": 3.92250418663,
        "dmean2": 6.17370557785,
        "dvar": 50.6533279419,
        "dvar2": 118.965789795,
        "max": 208.85067749,
        "mean": 6.42422246933,
        "median": 3.22797751427,
        "min": -1.7948256731,
        "var": 115.781539917
    },
    "melbands_skewness": {
        "dmean": 0.571741819382,
        "dmean2": 0.884360074997,
        "dvar": 0.345635473728,
        "dvar2": 0.779671370983,
        "max": 11.9079723358,
        "mean": 1.64637494087,
        "median": 1.43821918964,
        "min": -1.62835848331,
        "var": 1.6192047596
    },
    "melbands_spread": {
        "dmean": 6.971575737,
        "dmean2": 10.8270606995,
        "dvar": 76.1461868286,
        "dvar2": 154.471282959,
        "max": 170.554138184,
        "mean": 23.7503929138,
        "median": 21.070941925,
        "min": 1.05319333076,
        "var": 262.051239014
    },
    "pitch_salience": {
        "dmean": 0.0713110268116,
        "dmean2": 0.115652054548,
        "dvar": 0.0039401515387,
        "dvar2": 0.00964263174683,
        "max": 0.948068797588,
        "mean": 0.5939463377,
        "median": 0.599147677422,
        "min": 0.112746931612,
        "var": 0.0143569586799
    },
    "silence_rate_20dB": {
        "dmean": 0,
        "dmean2": 0,
        "dvar": 0,
        "dvar2": 0,
        "max": 1,
        "mean": 1,
        "median": 1,
        "min": 1,
        "var": 0
    },
    "silence_rate_30dB": {
        "dmean": 0.0022871082183,
        "dmean2": 0.0045745652169,
        "dvar": 0.00228223646991,
        "dvar2": 0.00623227935284,
        "max": 1,
        "mean": 0.998399138451,
        "median": 1,
        "min": 0,
        "var": 0.00159782147966
    },
    "silence_rate_60dB": {
        "dmean": 0.0451322719455,
        "dmean2": 0.0902714207768,
        "dvar": 0.04308751598,
        "dvar2": 0.091751344502,
        "max": 1,
        "mean": 0.153224572539,
        "median": 0,
        "min": 0,
        "var": 0.129721820354
    },
    "spectral_centroid": {
        "dmean": 246.772674561,
        "dmean2": 377.741699219,
        "dvar": 84068.6796875,
        "dvar2": 163303.671875,
        "max": 11499.0947266,
        "mean": 1405.09411621,
        "median": 1360.4588623,
        "min": 281.865356445,
        "var": 370839.40625
    },
    "spectral_complexity": {
        "dmean": 3.09430503845,
        "dmean2": 4.77249145508,
        "dvar": 8.48015499115,
        "dvar2": 18.4055271149,
        "max": 49,
        "mean": 18.6279163361,
        "median": 20,
        "min": 0,
        "var": 100.644790649
    },
    "spectral_decrease": {
        "dmean": 1.63686553201e-09,
        "dmean2": 2.44840947516e-09,
        "dvar": 5.91014674687e-18,
        "dvar2": 1.19232559733e-17,
        "max": 3.72950977238e-29,
        "mean": -4.85790696558e-09,
        "median": -3.95336563486e-09,
        "min": -3.87572320903e-08,
        "var": 1.88454160134e-17
    },
    "spectral_energy": {
        "dmean": 0.00659321201965,
        "dmean2": 0.00984837114811,
        "dvar": 9.47481676121e-05,
        "dvar2": 0.000190671125893,
        "max": 0.155476525426,
        "mean": 0.0200599189848,
        "median": 0.0164303798229,
        "min": 1.01540976147e-20,
        "var": 0.000311308103846
    },
    "spectral_energyband_high": {
        "dmean": 0.000134510948556,
        "dmean2": 0.000202255003387,
        "dvar": 7.76363364707e-08,
        "dvar2": 1.49042719499e-07,
        "max": 0.00967555493116,
        "mean": 0.000323101819959,
        "median": 0.000193363666767,
        "min": 7.44515542556e-21,
        "var": 2.16860158275e-07
    },
    "spectral_energyband_low": {
        "dmean": 0.000505350413732,
        "dmean2": 0.000842136330903,
        "dvar": 8.95520940958e-07,
        "dvar2": 2.41002999246e-06,
        "max": 0.0190049447119,
        "mean": 0.000752962194383,
        "median": 0.000348634202965,
        "min": 1.9597316481e-23,
        "var": 1.33474543418e-06
    },
    "spectral_energyband_middle_high": {
        "dmean": 0.00249465671368,
        "dmean2": 0.00371587113477,
        "dvar": 1.48564122355e-05,
        "dvar2": 3.20818762702e-05,
        "max": 0.0880686938763,
        "mean": 0.00755831878632,
        "median": 0.00481252139434,
        "min": 1.20877482149e-21,
        "var": 7.48436214053e-05
    },
    "spectral_energyband_middle_low": {
        "dmean": 0.0054918541573,
        "dmean2": 0.00834486819804,
        "dvar": 7.7768600022e-05,
        "dvar2": 0.000164530123584,
        "max": 0.142802029848,
        "mean": 0.0121128400788,
        "median": 0.00769368745387,
        "min": 2.92482537328e-22,
        "var": 0.000200425842195
    },
    "spectral_entropy": {
        "dmean": 0.147698760033,
        "dmean2": 0.211984783411,
        "dvar": 0.0239829514176,
        "dvar2": 0.0399060696363,
        "max": 9.80807113647,
        "mean": 7.31122016907,
        "median": 7.38984775543,
        "min": 5.24980163574,
        "var": 0.146666407585
    },
    "spectral_flux": {
        "dmean": 0.0207532905042,
        "dmean2": 0.0327665023506,
        "dvar": 0.000596172991209,
        "dvar2": 0.00135329086334,
        "max": 0.358019948006,
        "mean": 0.0786786526442,
        "median": 0.075131714344,
        "min": 6.66967522878e-11,
        "var": 0.00198322162032
    },
    "spectral_kurtosis": {
        "dmean": 3.34690856934,
        "dmean2": 5.83796405792,
        "dvar": 11.7698373795,
        "dvar2": 33.200214386,
        "max": 62.6710357666,
        "mean": 4.55611753464,
        "median": 3.2995455265,
        "min": -1.24230027199,
        "var": 24.052690506
    },
    "spectral_rms": {
        "dmean": 0.000696454488207,
        "dmean2": 0.000996732269414,
        "dvar": 6.75844489706e-07,
        "dvar2": 1.18016055239e-06,
        "max": 0.0123160229996,
        "mean": 0.00396541832015,
        "median": 0.00400370312855,
        "min": 3.14744909823e-12,
        "var": 3.84603299608e-06
    },
    "spectral_rolloff": {
        "dmean": 390.245635986,
        "dmean2": 645.84173584,
        "dvar": 353535.28125,
        "dvar2": 722950.625,
        "max": 19379.8828125,
        "mean": 1629.90625,
        "median": 1550.390625,
        "min": 150.732421875,
        "var": 1068647.875
    },
    "spectral_skewness": {
        "dmean": 0.351822972298,
        "dmean2": 0.587545216084,
        "dvar": 0.104742258787,
        "dvar2": 0.268823206425,
        "max": 5.70061349869,
        "mean": 1.17678868771,
        "median": 1.06226825714,
        "min": -0.634022951126,
        "var": 0.37183496356
    },
    "spectral_spread": {
        "dmean": 244510.484375,
        "dmean2": 377492.1875,
        "dvar": 212517060608,
        "dvar2": 354575286272,
        "max": 41457896,
        "mean": 2719574.25,
        "median": 2649522.5,
        "min": 959401.4375,
        "var": 815007465472
    },
    "spectral_strongpeak": {
        "dmean": 0.76248139143,
        "dmean2": 1.24155235291,
        "dvar": 1.01180481911,
        "dvar2": 2.56655931473,
        "max": 13.7218074799,
        "mean": 1.5203461647,
        "median": 0.909436166286,
        "min": 0,
        "var": 2.51860117912
    },
    "zerocrossingrate": {
        "dmean": 0.00745744723827,
        "dmean2": 0.00880372989923,
        "dvar": 0.000117936710012,
        "dvar2": 0.000125788064906,
        "max": 0.828125,
        "mean": 0.0584961175919,
        "median": 0.05615234375,
        "min": 0.01123046875,
        "var": 0.000782124872785
    },
    "barkbands": {
        "dmean": [3.23017479786e-06, 0.000116075876576, 0.000241071116761, 0.000683329126332, 0.000949929177295, 0.00140247354284, 0.00153140316252, 0.00111369695514, 0.00196312204935, 0.00137660547625, 0.000583930464927, 0.000487983517814, 0.000470106868306, 0.000526423973497, 0.000518110464327, 0.000365120969946, 0.000292183336569, 0.000146436854266, 0.000180427960004, 9.46595246205e-05, 7.44482531445e-05, 3.58373763447e-05, 1.26187760543e-05, 2.40995564127e-06, 8.07385103219e-10, 7.86085752047e-10, 8.44696146363e-10],
        "dmean2": [5.58641249881e-06, 0.00019344247994, 0.000412457098719, 0.00115300377365, 0.00151550583541, 0.00217401073314, 0.00242113485001, 0.00171390757896, 0.00304687744938, 0.00211973884143, 0.000918980280403, 0.000792530772742, 0.00076005118899, 0.000826947798487, 0.000829030352179, 0.000597352976911, 0.000482866744278, 0.000239145592786, 0.00029400450876, 0.000150241408846, 0.000117705203593, 5.41172594239e-05, 1.87602508959e-05, 3.76119896828e-06, 1.47498557812e-09, 1.43284606402e-09, 1.53871637654e-09],
        "dvar": [6.30118943135e-11, 8.12277747286e-08, 2.71768840321e-07, 2.25085250349e-06, 3.13059922519e-06, 1.22974133774e-05, 1.96146229428e-05, 1.30534162963e-05, 2.62767243839e-05, 1.09679258458e-05, 3.24650227412e-06, 1.34903325488e-06, 1.19305627777e-06, 1.75894115273e-06, 1.78518837401e-06, 8.46062732762e-07, 4.19569090582e-07, 7.15842958243e-08, 1.41348635907e-07, 3.62779317697e-08, 2.62282355834e-08, 9.5521643928e-09, 1.24244736721e-09, 4.12949431594e-11, 1.50345835577e-18, 1.39387460559e-18, 1.57801348854e-18],
        "dvar2": [1.72156913725e-10, 2.07721484458e-07, 7.48432569253e-07, 6.13152542428e-06, 7.45966644899e-06, 2.66179340542e-05, 4.60449700768e-05, 2.91393826046e-05, 5.88244620303e-05, 2.52577174251e-05, 6.81893106957e-06, 3.40896804119e-06, 2.8557042242e-06, 4.05505716117e-06, 4.21524737249e-06, 2.18392074203e-06, 1.0781433275e-06, 1.79898563601e-07, 3.65968730875e-07, 8.7901526058e-08, 5.81633052832e-08, 1.80026589192e-08, 2.21790030785e-09, 9.3928351208e-11, 4.73575789938e-18, 4.39277118069e-18, 4.98320525731e-18],
        "max": [0.000182153162314, 0.00589036382735, 0.00849943421781, 0.0302288997918, 0.0523928776383, 0.125032931566, 0.0926999524236, 0.114992365241, 0.0917106866837, 0.0879962295294, 0.0717432200909, 0.0268269162625, 0.0230629518628, 0.030403431505, 0.0411483347416, 0.0332175716758, 0.0163620505482, 0.00710114184767, 0.0144270742312, 0.00434818165377, 0.00391987152398, 0.00403703330085, 0.00176417652983, 0.000236281906837, 1.80394081895e-08, 1.76978147692e-08, 1.86379782718e-08],
        "mean": [3.15889087688e-06, 0.000133228415507, 0.000298970669974, 0.000852411030792, 0.00159636733588, 0.0021938928403, 0.00214761891402, 0.00145119789522, 0.00312299560755, 0.00224134582095, 0.000824627524707, 0.000718159193639, 0.000724073615856, 0.000806622265372, 0.000824067275971, 0.000583296874538, 0.000495052372571, 0.000279877305729, 0.000336964934831, 0.000184742035344, 0.000146700229379, 6.64868348395e-05, 2.47454572673e-05, 3.28610826728e-06, 1.10806552822e-09, 1.27608279499e-09, 1.33636068878e-09],
        "median": [6.00685552854e-07, 3.37448400387e-05, 0.000102707737824, 0.000233806524193, 0.000794317689724, 0.000795869971626, 0.000554581056349, 0.000316311139613, 0.000531627214514, 0.00047553575132, 0.000176995177753, 0.000211975799175, 0.000220730420551, 0.000213945400901, 0.000251237215707, 0.00021066586487, 0.000205554853892, 0.000152323787916, 0.000167387435795, 0.000105632032501, 7.12388718966e-05, 3.16098194162e-05, 1.18955958897e-05, 1.15143870971e-06, 6.8110894702e-10, 8.73556893488e-10, 9.3497731779e-10],
        "min": [5.30651890496e-25, 6.52522114415e-24, 2.37498388709e-24, 5.63520578834e-24, 2.49301013973e-23, 2.32726541483e-23, 2.92147063184e-23, 4.0931695209e-23, 1.26547812127e-23, 2.4112237232e-23, 2.54916094342e-23, 9.8305309032e-23, 6.803921521e-23, 8.37019916852e-23, 5.20363702649e-23, 6.45690855077e-23, 1.07912461033e-22, 1.35377101521e-22, 1.74273333646e-22, 2.2429993876e-22, 2.88011248474e-22, 4.9266895459e-22, 4.66221843695e-22, 6.07497870361e-22, 1.15299657472e-21, 1.28105982493e-21, 1.93570259783e-21],
        "var": [6.23004495215e-11, 9.19075446859e-08, 3.15089494052e-07, 2.94909068543e-06, 6.17904333922e-06, 2.44467810262e-05, 2.9607776014e-05, 1.83448555617e-05, 6.03362168476e-05, 2.62258872681e-05, 6.14786995357e-06, 2.14611554838e-06, 2.29760621551e-06, 3.64855077351e-06, 3.52873689735e-06, 1.5699567939e-06, 8.51089055232e-07, 1.67697209008e-07, 3.04023103581e-07, 7.412000258e-08, 5.60470638789e-08, 2.16546780507e-08, 2.73645062165e-09, 6.44922240611e-11, 1.30028118723e-18, 1.21696373022e-18, 1.35065173024e-18]
    },
    "erbbands": {
        "dmean": [0.00178535003215, 0.0334121435881, 0.219900593162, 1.17926120758, 2.66797709465, 3.51285552979, 6.67182636261, 13.0449771881, 21.2382602692, 20.8235206604, 27.0166931152, 43.9375, 43.72108078, 33.7428970337, 18.7845230103, 20.3719387054, 21.6405544281, 23.8192844391, 26.9665966034, 22.0259971619, 19.2067947388, 12.5460481644, 8.02604198456, 7.15462636948, 9.37194061279, 4.74252033234, 3.52970433235, 2.39217376709, 1.30897927284, 0.765406727791, 0.304956793785, 0.10910641402, 0.00585982296616, 0.000199582646019, 2.36810938077e-05, 7.99571444077e-06, 3.67331153939e-06, 1.31792387492e-06, 3.43270880876e-06, 7.65771437727e-06],
        "dmean2": [0.00288646062836, 0.0555082559586, 0.372181534767, 1.99729073048, 4.42192459106, 5.63059425354, 10.3326730728, 20.1439933777, 33.3579139709, 32.7769317627, 41.4281311035, 67.6650772095, 67.7624435425, 51.7920417786, 29.357673645, 32.7553977966, 34.7395629883, 36.9435272217, 42.1836585999, 35.3667068481, 30.8231487274, 20.4578132629, 13.1112833023, 11.5213165283, 15.3766880035, 7.56405067444, 5.70267248154, 3.63716816902, 1.9792920351, 1.1725217104, 0.447210848331, 0.165557295084, 0.00910180434585, 0.000299750216072, 3.49293222826e-05, 1.18514426504e-05, 5.4447355069e-06, 1.9716371753e-06, 5.08077209815e-06, 1.14172398753e-05],
        "dvar": [1.63389504451e-05, 0.00675265397877, 0.235440477729, 5.75218391418, 28.7558364868, 51.0938110352, 334.712982178, 1292.66918945, 3381.67260742, 5239.17529297, 5790.24414062, 14622.3095703, 13143.0947266, 7096.8984375, 2287.23730469, 2224.20507812, 2637.56225586, 3511.54663086, 4845.78173828, 2974.15209961, 2284.60253906, 739.571472168, 220.482086182, 247.489685059, 404.627471924, 87.73487854, 47.5713119507, 35.9413452148, 13.8380146027, 4.95349645615, 0.776885509491, 0.0821005925536, 0.000244795897743, 2.61737369556e-07, 2.51396437001e-09, 1.42694508987e-10, 2.31744311241e-11, 3.06582537135e-12, 2.37180535628e-11, 1.24712157268e-10],
        "dvar2": [3.91133398807e-05, 0.0171971749514, 0.63430249691, 15.9898052216, 73.2663421631, 119.793159485, 761.890075684, 2838.70385742, 7788.20166016, 12716.5830078, 12458.5849609, 33073.6328125, 30909.7871094, 15442.4541016, 5221.37744141, 5749.97460938, 6421.55615234, 8089.36767578, 11123.6484375, 7297.89453125, 5778.46044922, 1868.66931152, 551.167297363, 614.607910156, 1056.8046875, 217.208892822, 115.284416199, 72.9988098145, 25.8559417725, 10.3377246857, 1.39937889576, 0.16791921854, 0.000549341668375, 5.38206165857e-07, 4.64111948872e-09, 2.71382000205e-10, 4.59411848841e-11, 6.17606486786e-12, 4.73552065616e-11, 2.50493903398e-10],
        "max": [0.0855304002762, 1.63568973541, 8.76581573486, 47.1112556458, 133.62336731, 189.143341064, 612.031311035, 1472.39807129, 1125.7989502, 1646.00585938, 1962.61022949, 2917.01245117, 3941.96557617, 2796.34692383, 1222.57458496, 1192.41589355, 1170.48156738, 1399.44580078, 2358.71020508, 1823.0769043, 2006.63000488, 877.380615234, 426.013885498, 564.209411621, 595.301757812, 215.096374512, 147.812332153, 213.040145874, 172.995925903, 108.533805847, 41.6841163635, 11.0686740875, 0.606381058693, 0.0184414125979, 0.00195819535293, 0.000446540740086, 0.00014563233708, 5.56628910999e-05, 7.90697085904e-05, 0.000178942238563],
        "mean": [0.00226269033737, 0.0392600856721, 0.288291841745, 1.59207892418, 3.8980550766, 5.52602243423, 11.1300392151, 19.2126369476, 30.7205867767, 28.2455921173, 39.9307899475, 69.6432113647, 72.9582366943, 59.888835907, 30.6505317688, 32.0144615173, 35.2563667297, 39.1115608215, 44.1419143677, 37.5693283081, 34.4496231079, 24.174533844, 16.5174179077, 14.6015901566, 17.2877159119, 9.63979721069, 6.8259472847, 4.75167989731, 2.5040667057, 1.37681210041, 0.605512619019, 0.180417433381, 0.00890436116606, 0.000391166075133, 6.94789705449e-05, 2.89813197014e-05, 1.41976070154e-05, 5.11990765517e-06, 1.16799265015e-05, 2.42645619437e-05],
        "median": [0.000484872434754, 0.0118579640985, 0.114485889673, 0.592673301697, 1.5113427639, 2.38546800613, 4.02307081223, 6.59339237213, 9.07364654541, 7.25515937805, 9.88921356201, 13.5183000565, 15.2525978088, 14.9129018784, 10.5460205078, 11.7026596069, 12.3216934204, 12.8200359344, 13.6718559265, 13.8960361481, 13.8213758469, 11.9935064316, 9.24514579773, 8.44383621216, 8.38203144073, 5.62293052673, 3.75016736984, 2.1662967205, 1.20884609222, 0.631707310677, 0.297841072083, 0.0799824297428, 0.00360389519483, 0.000213373132283, 5.33642232767e-05, 2.54556489381e-05, 1.26667900986e-05, 4.46953481514e-06, 1.00192482932e-05, 2.0098497771e-05],
        "min": [2.52664675852e-22, 6.6940111088e-22, 2.84061960871e-21, 1.74133813561e-20, 3.58484503221e-20, 6.62928069177e-20, 1.49613592034e-19, 2.31145592613e-19, 5.53146273866e-19, 7.69842106852e-19, 1.00716467069e-18, 3.38555201948e-19, 8.44754736751e-19, 8.49657643037e-19, 1.74643738743e-18, 4.52904050122e-18, 3.24330301031e-18, 3.98482059183e-18, 2.98577314789e-18, 2.58792140034e-18, 5.41760577344e-18, 6.27689381506e-18, 6.96387227686e-18, 9.30743542527e-18, 8.39199877726e-18, 1.26275919931e-17, 1.48512735097e-17, 1.24962075877e-17, 1.78762167615e-17, 1.71153230945e-17, 1.23294372228e-17, 1.17630608672e-17, 1.04015827903e-17, 6.54553436746e-18, 8.18479665126e-18, 4.47329100947e-18, 2.35784979835e-18, 1.11500234599e-18, 2.60413207239e-19, 2.61039929031e-20],
        "var": [2.39444234467e-05, 0.00743196019903, 0.266998767853, 7.82955265045, 45.5753059387, 98.5947723389, 783.774597168, 2235.34619141, 5328.61572266, 6871.62353516, 9847.62988281, 31879.6035156, 28431.546875, 21890.2128906, 4736, 3608.61132812, 5001.59130859, 7308.24804688, 9002.80957031, 5654.51220703, 5121.3046875, 1730.10241699, 555.88494873, 553.214660645, 826.710266113, 189.084686279, 96.2140655518, 79.543258667, 30.755815506, 9.76299762726, 1.65252900124, 0.154723241925, 0.000411733664805, 5.24723645867e-07, 6.82105705252e-09, 5.63617319482e-10, 1.09162165418e-10, 1.57685565993e-11, 9.04373798072e-11, 4.31061381034e-10]
    },
    "gfcc": {
        "mean": [-80.9802856445, 152.217102051, -200.767578125, 35.9238166809, -73.4658508301, -24.0047950745, -13.5849123001, -34.5135192871, 3.42775464058, -28.0380916595, -5.13836860657, -13.0534324646, -9.64427852631],
        "cov": [[4990.81933594, 193.978591919, -897.376220703, 114.918548584, 197.929962158, -54.650428772, 322.850616455, -121.585662842, 46.2018356323, -10.8053531647, -17.9961357117, -78.6313552856, 68.7635574341], [193.978591919, 543.620117188, 248.232025146, -87.4986114502, 80.1786117554, -116.974517822, 43.0226745605, -4.95964956284, -17.7483577728, -29.4234848022, -2.69046163559, -25.8885650635, -28.3452396393], [-897.376220703, 248.232025146, 673.39276123, 175.420593262, -84.259803772, -29.9632129669, -100.081558228, 16.563369751, -24.7830562592, -39.597076416, 16.1658706665, -6.1889424324, -27.1900177002], [114.918548584, -87.4986114502, 175.420593262, 565.060852051, 78.4173812866, 63.1267814636, -64.6781311035, -41.9072036743, 14.2930259705, 8.50889492035, -14.7333784103, 16.2453022003, 0.731793940067], [197.929962158, 80.1786117554, -84.259803772, 78.4173812866, 228.207015991, 33.3494377136, 39.4112968445, -5.97799968719, 11.9270601273, 13.5164299011, -29.0600681305, -2.81654381752, 1.82898664474], [-54.650428772, -116.974517822, -29.9632129669, 63.1267814636, 33.3494377136, 246.686859131, 86.2419662476, 3.5230178833, -9.6159992218, -2.4629740715, -7.71996879578, -10.2040233612, 3.22841668129], [322.850616455, 43.0226745605, -100.081558228, -64.6781311035, 39.4112968445, 86.2419662476, 231.555160522, 35.7802581787, -29.7033500671, 2.10503792763, -30.7290992737, -1.15791785717, 0.6628921628], [-121.585662842, -4.95964956284, 16.563369751, -41.9072036743, -5.97799968719, 3.5230178833, 35.7802581787, 106.265312195, 37.8521690369, -8.21912097931, 4.4434170723, -7.17951107025, -7.69816207886], [46.2018356323, -17.7483577728, -24.7830562592, 14.2930259705, 11.9270601273, -9.6159992218, -29.7033500671, 37.8521690369, 96.3102111816, 37.9472351074, -4.48276567459, 1.57774293423, 0.808260560036], [-10.8053531647, -29.4234848022, -39.597076416, 8.50889492035, 13.5164299011, -2.4629740715, 2.10503792763, -8.21912097931, 37.9472351074, 88.8332519531, 30.6888217926, 3.12460899353, -0.17529605329], [-17.9961357117, -2.69046163559, 16.1658706665, -14.7333784103, -29.0600681305, -7.71996879578, -30.7290992737, 4.4434170723, -4.48276567459, 30.6888217926, 96.8218078613, 25.8277282715, -2.67506790161], [-78.6313552856, -25.8885650635, -6.1889424324, 16.2453022003, -2.81654381752, -10.2040233612, -1.15791785717, -7.17951107025, 1.57774293423, 3.12460899353, 25.8277282715, 85.9091644287, 31.8949260712], [68.7635574341, -28.3452396393, -27.1900177002, 0.731793940067, 1.82898664474, 3.22841668129, 0.6628921628, -7.69816207886, 0.808260560036, -0.17529605329, -2.67506790161, 31.8949260712, 77.8423919678]],
        "icov": [[0.000683268241119, -0.000555460865144, 0.00117374572437, -0.000871384690981, 0.000334305805154, 0.000785131996963, -0.00185588025488, 0.00203917874023, -0.00241184281185, 0.00241680326872, -0.00216545537114, 0.00195649103262, -0.00105619325768], [-0.000555460865144, 0.00662308977917, -0.00477871857584, 0.00265796831809, -0.00464771408588, 0.00353154330514, -0.00385401025414, 0.00426725111902, -0.00365435285494, 0.00356617500074, -0.002985853469, 0.00172765552998, 0.000861254520714], [0.00117374572437, -0.00477871857584, 0.00640414562076, -0.00347040011548, 0.00403686892241, -0.00113838841207, 0.00101546989754, -0.00146333337761, 0.000626464723609, 0.000836399442051, -0.000603148597293, 0.00124098302331, -0.00124221481383], [-0.000871384690981, 0.00265796831809, -0.00347040011548, 0.00418051797897, -0.00279029808007, -0.000587023387197, 0.00143244105857, 0.000127492938191, 0.000876170641277, -0.00174763251562, 0.00193943979684, -0.00228557339869, 0.00156653742306], [0.000334305805154, -0.00464771408588, 0.00403686892241, -0.00279029808007, 0.00862007960677, -0.00271082273684, 0.00227040005848, -0.00325761339627, 0.00267604878172, -0.00354826403782, 0.00371364224702, -0.0014894164633, -0.00028091436252], [0.000785131996963, 0.00353154330514, -0.00113838841207, -0.000587023387197, -0.00271082273684, 0.00894163642079, -0.00841342657804, 0.00734592601657, -0.00775184901431, 0.007976972498, -0.007321073208, 0.00606098771095, -0.00194529572036], [-0.00185588025488, -0.00385401025414, 0.00101546989754, 0.00143244105857, 0.00227040005848, -0.00841342657804, 0.0183313339949, -0.0167461335659, 0.0187813676894, -0.0166909042746, 0.0153709789738, -0.0109155569226, 0.00382880121469], [0.00203917874023, 0.00426725111902, -0.00146333337761, 0.000127492938191, -0.00325761339627, 0.00734592601657, -0.0167461335659, 0.0295742210001, -0.0256897527725, 0.0214629545808, -0.017645670101, 0.0122266281396, -0.003221640829], [-0.00241184281185, -0.00365435285494, 0.000626464723609, 0.000876170641277, 0.00267604878172, -0.00775184901431, 0.0187813676894, -0.0256897527725, 0.0377702303231, -0.0277002807707, 0.0211619436741, -0.0138866165653, 0.00453110365197], [0.00241680326872, 0.00356617500074, 0.000836399442051, -0.00174763251562, -0.00354826403782, 0.007976972498, -0.0166909042746, 0.0214629545808, -0.0277002807707, 0.0356975272298, -0.023009326309, 0.013927873224, -0.00464002089575], [-0.00216545537114, -0.002985853469, -0.000603148597293, 0.00193943979684, 0.00371364224702, -0.007321073208, 0.0153709789738, -0.017645670101, 0.0211619436741, -0.023009326309, 0.0291485153139, -0.0159206073731, 0.00619056727737], [0.00195649103262, 0.00172765552998, 0.00124098302331, -0.00228557339869, -0.0014894164633, 0.00606098771095, -0.0109155569226, 0.0122266281396, -0.0138866165653, 0.013927873224, -0.0159206073731, 0.0242107361555, -0.00985012482852], [-0.00105619325768, 0.000861254520714, -0.00124221481383, 0.00156653742306, -0.00028091436252, -0.00194529572036, 0.00382880121469, -0.003221640829, 0.00453110365197, -0.00464002089575, 0.00619056727737, -0.00985012482852, 0.0175717435777]]
    },
    "melbands": {
        "dmean": [2.3367765607e-05, 8.66560803843e-05, 0.000258056388702, 0.000209849211387, 0.000207761084312, 0.000291060365271, 0.000322550040437, 0.000226100601139, 0.000243956412305, 0.00028095007292, 0.000222266156925, 0.000145661833812, 7.31061518309e-05, 5.68925097468e-05, 5.06061842316e-05, 4.54505898233e-05, 4.86422832182e-05, 4.67149875476e-05, 3.64547122444e-05, 2.55478207691e-05, 2.57272586168e-05, 1.52506854647e-05, 1.10781302283e-05, 7.33784327167e-06, 6.15996486886e-06, 8.2505721366e-06, 4.66507799501e-06, 3.06541437567e-06, 2.52012432611e-06, 1.91647245629e-06, 1.39653275255e-06, 8.65635740865e-07, 5.8087277921e-07, 3.92925045389e-07, 2.10267089074e-07, 1.1231696817e-07, 5.29106181091e-08, 8.46325787229e-10, 8.64282777291e-12, 7.58916540722e-12],
        "dmean2": [3.85074163205e-05, 0.000144692632603, 0.000430677348049, 0.00034068711102, 0.000322278938256, 0.000448717793915, 0.000504815718159, 0.000354778196197, 0.000377042772016, 0.000432985631051, 0.000346222310327, 0.000225012467126, 0.000114347341878, 9.22299077502e-05, 8.08267432149e-05, 7.26110447431e-05, 7.6053016528e-05, 7.33112392481e-05, 5.81690765102e-05, 4.17116207245e-05, 4.12306944781e-05, 2.50994180533e-05, 1.84386572073e-05, 1.1988323422e-05, 9.99037001748e-06, 1.36068128995e-05, 7.51626521378e-06, 4.90767570227e-06, 4.11255223298e-06, 3.06465085487e-06, 2.14786723518e-06, 1.33498258492e-06, 9.14716167699e-07, 6.04991214459e-07, 3.15407902463e-07, 1.70248412701e-07, 8.26395663012e-08, 1.42473943754e-09, 1.57751589569e-11, 1.38311159401e-11],
        "dvar": [3.00992231139e-09, 3.65215484521e-08, 2.83708715187e-07, 1.57275508172e-07, 2.72622202147e-07, 5.72143846966e-07, 7.58108456012e-07, 6.08848267802e-07, 4.47777864565e-07, 5.809281447e-07, 3.36580143312e-07, 1.33361325538e-07, 4.43829719643e-08, 1.89509918869e-08, 1.27329133903e-08, 1.15453957505e-08, 1.60627209311e-08, 1.52552548371e-08, 1.06834185942e-08, 4.16827550254e-09, 4.48237180706e-09, 1.40885492161e-09, 6.12771722253e-10, 2.21754350993e-10, 2.19016013658e-10, 3.241829305e-10, 1.01457738044e-10, 3.50132110805e-11, 2.30088031961e-11, 2.08801673868e-11, 1.29810918958e-11, 6.38941937553e-12, 2.89510386151e-12, 1.19578392327e-12, 3.73356808794e-13, 9.15486355344e-14, 1.93318329552e-14, 1.39835792451e-17, 1.65746466702e-22, 1.28286302212e-22],
        "dvar2": [7.45135242397e-09, 9.57464152407e-08, 7.54940288061e-07, 3.96690836624e-07, 6.15168005424e-07, 1.2455726619e-06, 1.75167906491e-06, 1.45975002397e-06, 9.7589258985e-07, 1.29307227326e-06, 7.91979459791e-07, 2.93986005317e-07, 9.90792230482e-08, 4.80065587283e-08, 3.04269747176e-08, 2.67120707775e-08, 3.68984238719e-08, 3.44694868204e-08, 2.44284805717e-08, 1.06930784227e-08, 1.1163145075e-08, 3.53254825392e-09, 1.68042502136e-09, 5.45487044423e-10, 5.4688908957e-10, 8.51383297196e-10, 2.42442871334e-10, 8.73981234606e-11, 5.80763180602e-11, 4.7781570367e-11, 2.62539885665e-11, 1.28129434146e-11, 6.25834366969e-12, 2.47371307466e-12, 7.20004459699e-13, 1.81768933672e-13, 4.40581138196e-14, 3.49732988691e-17, 5.22303315977e-22, 4.04566646289e-22],
        "max": [0.00111487146933, 0.00352409528568, 0.0109551250935, 0.0123290708289, 0.0162742622197, 0.0298808645457, 0.0179640967399, 0.0200047679245, 0.0151479886845, 0.0183898564428, 0.0192572083324, 0.0118603035808, 0.00731874257326, 0.00367491738871, 0.00288557563908, 0.00311713526025, 0.00300908344798, 0.0040616565384, 0.00445186765864, 0.00195215595886, 0.00322167482227, 0.00129092857242, 0.000587743707001, 0.000509362202138, 0.000495735381264, 0.000543417350855, 0.000239467641222, 0.00015643601364, 8.87290807441e-05, 0.000125065605971, 0.000137628710945, 0.000116304741823, 6.52674498269e-05, 5.34061691724e-05, 2.84055895463e-05, 1.24745765788e-05, 4.87624947709e-06, 1.53597298436e-07, 1.85941470554e-10, 1.6590413765e-10],
        "mean": [2.84439138341e-05, 0.000113517613499, 0.000357192242518, 0.000334499956807, 0.000358756398782, 0.000438529154053, 0.000469883321784, 0.000300772197079, 0.000359935453162, 0.000442679476691, 0.000361185579095, 0.000250041281106, 0.000109423723188, 8.43772140797e-05, 7.74629370426e-05, 7.05097845639e-05, 7.36664442229e-05, 7.06165155862e-05, 5.89203191339e-05, 3.97759358748e-05, 4.27320774179e-05, 2.65474700427e-05, 1.87866771739e-05, 1.32553004732e-05, 1.10470218715e-05, 1.41340033224e-05, 8.57588838699e-06, 5.68676887269e-06, 4.42395366917e-06, 3.39470807376e-06, 2.54753354056e-06, 1.52656764385e-06, 9.67530127127e-07, 6.69219673455e-07, 3.86113640616e-07, 1.87267744423e-07, 7.19896462442e-08, 7.34821370418e-10, 9.98367794686e-12, 1.00790200838e-11],
        "median": [6.83141206537e-06, 4.24816607847e-05, 0.000133593683131, 0.000151922489749, 0.000143213546835, 0.000149940169649, 0.000136767121148, 7.37319714972e-05, 8.02590511739e-05, 7.76111555751e-05, 6.72234600643e-05, 5.49904943909e-05, 2.89553845505e-05, 2.50189459621e-05, 2.78477928077e-05, 2.28557182709e-05, 1.95086322492e-05, 1.87532277778e-05, 1.81831164809e-05, 1.41070522659e-05, 1.37633714985e-05, 1.08752774395e-05, 8.26529776532e-06, 6.64889057589e-06, 5.58722240385e-06, 6.20673927187e-06, 4.53903794551e-06, 3.03645424538e-06, 2.25289613809e-06, 1.49747029354e-06, 1.07887342438e-06, 6.85488203089e-07, 4.37058076841e-07, 2.88967044071e-07, 1.82052886544e-07, 8.39459914914e-08, 2.48844358453e-08, 5.25091116421e-11, 5.63219956784e-12, 6.23701090774e-12],
        "min": [4.08018621146e-24, 1.09630208809e-24, 3.56748302662e-24, 1.98261413638e-24, 7.1086425537e-24, 6.03705508333e-24, 8.39114973644e-24, 8.82338240363e-24, 7.50834811918e-24, 1.94641192893e-24, 3.94708368307e-24, 3.21256898334e-24, 6.31805364866e-24, 7.76791648915e-24, 7.85808644607e-24, 6.62114071377e-24, 7.33723235592e-24, 4.25417776715e-24, 4.12953143323e-24, 3.06948499792e-24, 7.17912412013e-24, 6.41368410076e-24, 6.57670851771e-24, 6.39732470331e-24, 6.85691703884e-24, 5.66487484699e-24, 6.7357661476e-24, 8.37112055805e-24, 1.06793015343e-23, 7.47177337217e-24, 7.12719182902e-24, 1.06166486235e-23, 8.59225720245e-24, 9.71927201216e-24, 7.17655164472e-24, 6.44313661708e-24, 7.41789575006e-24, 7.06298486222e-24, 5.80331717484e-24, 4.9868690149e-24],
        "var": [3.89547105684e-09, 4.32990852062e-08, 4.14873227328e-07, 2.76318104397e-07, 6.60885120851e-07, 1.06240815967e-06, 1.21704226785e-06, 7.95228061179e-07, 8.10952315078e-07, 1.28580927594e-06, 7.29978069103e-07, 4.06103850992e-07, 8.62920686018e-08, 3.09075574023e-08, 2.18360565185e-08, 2.29093899407e-08, 3.17335704381e-08, 2.71134652507e-08, 2.14926227926e-08, 6.87747103711e-09, 9.6803312033e-09, 2.95070368139e-09, 1.1130568689e-09, 4.64848992632e-10, 4.25672858073e-10, 6.14355677442e-10, 1.9947656027e-10, 7.15613263091e-11, 4.34158611839e-11, 3.80926852561e-11, 2.74637621672e-11, 1.27633398642e-11, 5.43840406736e-12, 2.30189890586e-12, 7.08125723857e-13, 1.77891514995e-13, 3.0736670804e-14, 1.31594467931e-17, 1.44097018506e-22, 1.11923522124e-22]
    },
    "mfcc": {
        "mean": [-686.114746094, 151.321121216, -58.0907707214, 35.0108184814, -36.731502533, 8.49684619904, -26.6672611237, 3.85975670815, -15.3776760101, 1.86621391773, -11.0722837448, -5.89094638824, -5.62861585617],
        "cov": [[4453.85400391, 256.032043457, -1226.77478027, 467.515869141, -468.964904785, 476.522521973, -107.060844421, 216.005645752, -39.2205085754, 188.755157471, -70.1586227417, -22.3558502197, 19.359960556], [256.032043457, 613.360473633, 75.0252380371, -91.5319824219, -5.76828670502, -145.896591187, 69.8565826416, -32.173614502, 10.6278219223, -2.53753328323, 24.9272975922, -32.2887306213, 12.035736084], [-1226.77478027, 75.0252380371, 794.711669922, 79.0109710693, 144.857025146, -111.865852356, 11.3669071198, -34.6197662354, -36.3115692139, -55.9643859863, -5.61632919312, 22.9277915955, -7.1381111145], [467.515869141, -91.5319824219, 79.0109710693, 448.440917969, 86.9780502319, 115.772720337, -57.2095146179, 17.3192234039, -5.77871990204, -4.69637727737, -19.5917434692, -6.66410017014, 41.8432388306], [-468.964904785, -5.76828670502, 144.857025146, 86.9780502319, 274.310791016, -10.6215238571, -29.5903320312, -36.9109153748, 0.872667908669, -5.61784315109, -5.60742807388, 1.25475740433, 21.6467151642], [476.522521973, -145.896591187, -111.865852356, 115.772720337, -10.6215238571, 292.218444824, 49.6854171753, 54.3645324707, 23.7182407379, 22.8662643433, 3.89193177223, -9.28098392487, -20.8671665192], [-107.060844421, 69.8565826416, 11.3669071198, -57.2095146179, -29.5903320312, 49.6854171753, 191.998519897, 43.793056488, 26.2041912079, 2.10088825226, 21.0364570618, -5.97770500183, -20.7913398743], [216.005645752, -32.173614502, -34.6197662354, 17.3192234039, -36.9109153748, 54.3645324707, 43.793056488, 140.142166138, 34.8376922607, 11.6957654953, 3.50422310829, -0.950118303299, -11.3172388077], [-39.2205085754, 10.6278219223, -36.3115692139, -5.77871990204, 0.872667908669, 23.7182407379, 26.2041912079, 34.8376922607, 129.450012207, 21.2565174103, 15.0828514099, -13.28677845, -19.1220397949], [188.755157471, -2.53753328323, -55.9643859863, -4.69637727737, -5.61784315109, 22.8662643433, 2.10088825226, 11.6957654953, 21.2565174103, 113.988433838, 19.7463951111, 4.35570001602, -10.0334835052], [-70.1586227417, 24.9272975922, -5.61632919312, -19.5917434692, -5.60742807388, 3.89193177223, 21.0364570618, 3.50422310829, 15.0828514099, 19.7463951111, 104.772224426, 16.6674289703, -3.58522367477], [-22.3558502197, -32.2887306213, 22.9277915955, -6.66410017014, 1.25475740433, -9.28098392487, -5.97770500183, -0.950118303299, -13.28677845, 4.35570001602, 16.6674289703, 101.519775391, 24.2638511658], [19.359960556, 12.035736084, -7.1381111145, 41.8432388306, 21.6467151642, -20.8671665192, -20.7913398743, -11.3172388077, -19.1220397949, -10.0334835052, -3.58522367477, 24.2638511658, 106.02407074]],
