{
"lowlevel": {
    "average_loudness": 0.839182913303,
    "barkbands_crest": {
        "dmean": 2.41857028008,
        "dmean2": 3.89688611031,
        "dvar": 4.69684123993,
        "dvar2": 11.8424768448,
        "max": 26.5683860779,
        "mean": 10.7652797699,
        "median": 10.101984024,
        "min": 2.64398431778,
        "var": 18.5480194092
    },
    "barkbands_flatness_db": {
        "dmean": 0.0177507270128,
        "dmean2": 0.0280624814332,
        "dvar": 0.000275806407444,
        "dvar2": 0.000631694099866,
        "max": 0.422460407019,
        "mean": 0.187678396702,
        "median": 0.184569835663,
        "min": 0.0378645211458,
        "var": 0.0026271850802
    },
    "barkbands_kurtosis": {
        "dmean": 2.4350566864,
        "dmean2": 3.83758544922,
        "dvar": 37.2760009766,
        "dvar2": 89.6482086182,
        "max": 294.473236084,
        "mean": 4.44269609451,
        "median": 1.4768538475,
        "min": -1.86596357822,
        "var": 112.492401123
    },
    "barkbands_skewness": {
        "dmean": 0.406300514936,
        "dmean2": 0.629621148109,
        "dvar": 0.217347145081,
        "dvar2": 0.516687333584,
        "max": 15.5647726059,
        "mean": 1.21933174133,
        "median": 1.0733975172,
        "min": -2.48256325722,
        "var": 1.81370890141
    },
    "barkbands_spread": {
        "dmean": 3.09115123749,
        "dmean2": 4.79730653763,
        "dvar": 14.4497566223,
        "dvar2": 29.1396579742,
        "max": 93.7481765747,
        "mean": 14.2381792068,
        "median": 12.7924375534,
        "min": 0.373918354511,
        "var": 76.6822128296
    },
    "dissonance": {
        "dmean": 0.0245454479009,
        "dmean2": 0.0418617837131,
        "dvar": 0.000533347192686,
        "dvar2": 0.00147722742986,
        "max": 0.500000178814,
        "mean": 0.444971174002,
        "median": 0.452860355377,
        "min": 0.242899939418,
        "var": 0.00139813881833
    },
    "dynamic_complexity": 3.65304327011,
    "erbbands_crest": {
        "dmean": 2.99965620041,
        "dmean2": 4.80059909821,
        "dvar": 7.62499141693,
        "dvar2": 18.0195884705,
        "max": 33.8399925232,
        "mean": 12.7022275925,
        "median": 11.6901187897,
        "min": 1.91948008537,
        "var": 33.6796455383
    },
    "erbbands_flatness_db": {
        "dmean": 0.0152880437672,
        "dmean2": 0.0227173119783,
        "dvar": 0.000230655845371,
        "dvar2": 0.00044182073907,
        "max": 0.395127922297,
        "mean": 0.22991552949,
        "median": 0.227496370673,
        "min": 0.0440478734672,
        "var": 0.00231523090042
    },
    "erbbands_kurtosis": {
        "dmean": 1.20373618603,
        "dmean2": 1.90738105774,
        "dvar": 3.8384180069,
        "dvar2": 8.6293592453,
        "max": 59.9223899841,
        "mean": 1.33127224445,
        "median": 0.391602754593,
        "min": -1.84329867363,
        "var": 11.7509422302
    },
    "erbbands_skewness": {
        "dmean": 0.368369519711,
        "dmean2": 0.570744037628,
        "dvar": 0.122722633183,
        "dvar2": 0.286377876997,
        "max": 6.96126937866,
        "mean": 0.586462497711,
        "median": 0.510853350163,
        "min": -2.75618553162,
        "var": 0.885545253754
    },
    "erbbands_spread": {
        "dmean": 4.79469299316,
        "dmean2": 7.36547708511,
        "dvar": 32.2994880676,
        "dvar2": 65.3344192505,
        "max": 119.824325562,
        "mean": 24.5410881042,
        "median": 22.70287323,
        "min": 1.46323370934,
        "var": 171.434707642
    },
    "hfc": {
        "dmean": 4.64457082748,
        "dmean2": 6.95390748978,
        "dvar": 37.4700241089,
        "dvar2": 86.2044754028,
        "max": 114.681114197,
        "mean": 18.878080368,
        "median": 13.5958890915,
        "min": 1.29682927981e-16,
        "var": 276.205810547
    },
    "melbands_crest": {
        "dmean": 2.94655013084,
        "dmean2": 4.7686753273,
        "dvar": 7.39301395416,
        "dvar2": 18.3985443115,
        "max": 33.4610862732,
        "mean": 13.3048391342,
        "median": 12.2680845261,
        "min": 1.80410909653,
        "var": 29.5572891235
    },
    "melbands_flatness_db": {
        "dmean": 0.0184325668961,
        "dmean2": 0.0285551119596,
        "dvar": 0.000354129151674,
        "dvar2": 0.000788968172856,
        "max": 0.492305189371,
        "mean": 0.226296126842,
        "median": 0.223699733615,
        "min": 0.00726179359481,
        "var": 0.00389819708653
    },
    "melbands_kurtosis": {
        "dmean": 3.72198009491,
        "dmean2": 5.88353538513,
        "dvar": 63.4945526123,
        "dvar2": 153.036331177,
        "max": 222.347702026,
        "mean": 8.31246566772,
        "median": 3.89470767975,
        "min": -1.71826672554,
        "var": 245.067779541
    },
    "melbands_skewness": {
        "dmean": 0.470670163631,
        "dmean2": 0.733022451401,
        "dvar": 0.264743953943,
        "dvar2": 0.609827458858,
        "max": 11.2907915115,
        "mean": 1.71928095818,
        "median": 1.54878342152,
        "min": -2.439702034,
        "var": 2.13262414932
    },
    "melbands_spread": {
        "dmean": 4.4136505127,
        "dmean2": 6.85419130325,
        "dvar": 29.0940856934,
        "dvar2": 63.4242324829,
        "max": 143.557830811,
        "mean": 20.3936920166,
        "median": 17.6899852753,
        "min": 0.481593608856,
        "var": 180.899581909
    },
    "pitch_salience": {
        "dmean": 0.0598751753569,
        "dmean2": 0.097178503871,
        "dvar": 0.00301952683367,
        "dvar2": 0.0075351363048,
        "max": 0.863291919231,
        "mean": 0.53819578886,
        "median": 0.54287981987,
        "min": 0.0640541762114,
        "var": 0.0134783526883
    },
    "silence_rate_20dB": {
        "dmean": 0,
        "dmean2": 0,
        "dvar": 0,
        "dvar2": 0,
        "max": 1,
        "mean": 1,
        "median": 1,
        "min": 1,
        "var": 0
    },
    "silence_rate_30dB": {
        "dmean": 0,
        "dmean2": 0,
        "dvar": 0,
        "dvar2": 0,
        "max": 1,
        "mean": 1,
        "median": 1,
        "min": 1,
        "var": 0
    },
    "silence_rate_60dB": {
        "dmean": 0.0177884623408,
        "dmean2": 0.0355812013149,
        "dvar": 0.0174696352333,
        "dvar2": 0.037673804909,
        "max": 1,
        "mean": 0.0908544659615,
        "median": 0,
        "min": 0,
        "var": 0.0825871899724
    },
    "spectral_centroid": {
        "dmean": 155.854919434,
        "dmean2": 243.8959198,
        "dvar": 31513.5410156,
        "dvar2": 71388.4453125,
        "max": 3877.14648438,
        "mean": 1135.20458984,
        "median": 1057.2220459,
        "min": 259.04019165,
        "var": 296601.34375
    },
    "spectral_complexity": {
        "dmean": 2.17403841019,
        "dmean2": 3.57482862473,
        "dvar": 5.37709093094,
        "dvar2": 13.364985466,
        "max": 54,
        "mean": 15.5619516373,
        "median": 15,
        "min": 0,
        "var": 61.4702415466
    },
    "spectral_decrease": {
        "dmean": 1.43104617045e-09,
        "dmean2": 2.20361084935e-09,
        "dvar": 3.39965110623e-18,
        "dvar2": 8.03446650109e-18,
        "max": 1.9107549405e-28,
        "mean": -5.31889998712e-09,
        "median": -4.70396033236e-09,
        "min": -2.76829492663e-08,
        "var": 1.49897054939e-17
    },
    "spectral_energy": {
        "dmean": 0.00576733285561,
        "dmean2": 0.00885852612555,
        "dvar": 5.39872526133e-05,
        "dvar2": 0.000127305989736,
        "max": 0.109010472894,
        "mean": 0.0217870213091,
        "median": 0.0191718097776,
        "min": 1.10414451155e-20,
        "var": 0.000249668606557
    },
    "spectral_energyband_high": {
        "dmean": 8.12090947875e-05,
        "dmean2": 0.000117829862575,
        "dvar": 6.76661358057e-08,
        "dvar2": 1.26698736835e-07,
        "max": 0.00809756945819,
        "mean": 0.000208135170396,
        "median": 7.74843865656e-05,
        "min": 8.22629745935e-21,
        "var": 2.49584985568e-07
    },
    "spectral_energyband_low": {
        "dmean": 0.000616638280917,
        "dmean2": 0.00100054440554,
        "dvar": 2.53416146734e-06,
        "dvar2": 6.39076415609e-06,
        "max": 0.0501380935311,
        "mean": 0.00182794418652,
        "median": 0.00131989619695,
        "min": 6.2693735944e-23,
        "var": 5.14667772222e-06
    },
    "spectral_energyband_middle_high": {
        "dmean": 0.00263673439622,
        "dmean2": 0.00399164156988,
        "dvar": 1.8341041141e-05,
        "dvar2": 4.26400401921e-05,
        "max": 0.0710320547223,
        "mean": 0.00863735377789,
        "median": 0.00375611963682,
        "min": 1.29026079561e-21,
        "var": 0.000111113396997
    },
    "spectral_energyband_middle_low": {
        "dmean": 0.00408640550449,
        "dmean2": 0.00634575542063,
        "dvar": 4.20010692324e-05,
        "dvar2": 9.95086957118e-05,
        "max": 0.10309804976,
        "mean": 0.0116310045123,
        "median": 0.00785752478987,
        "min": 2.79493519694e-22,
        "var": 0.000139698953717
    },
    "spectral_entropy": {
        "dmean": 0.141989275813,
        "dmean2": 0.215092122555,
        "dvar": 0.0235166680068,
        "dvar2": 0.0491969101131,
        "max": 9.04860877991,
        "mean": 7.02932929993,
        "median": 7.04488420486,
        "min": 4.82778024673,
        "var": 0.231382444501
    },
    "spectral_flux": {
        "dmean": 0.0179462730885,
        "dmean2": 0.0291597936302,
        "dvar": 0.000412726367358,
        "dvar2": 0.0010552915046,
        "max": 0.249378621578,
        "mean": 0.0661360621452,
        "median": 0.0619966313243,
        "min": 4.33060740761e-05,
        "var": 0.00147535838187
    },
    "spectral_kurtosis": {
        "dmean": 3.3139667511,
        "dmean2": 5.74581766129,
        "dvar": 10.9785890579,
        "dvar2": 32.6310462952,
        "max": 37.6434783936,
        "mean": 7.97122573853,
        "median": 6.72223758698,
        "min": -1.11750197411,
        "var": 24.9467182159
    },
    "spectral_rms": {
        "dmean": 0.000569606665522,
        "dmean2": 0.000862037588377,
        "dvar": 3.66118825923e-07,
        "dvar2": 8.02696433766e-07,
        "max": 0.0103126950562,
        "mean": 0.00425422238186,
        "median": 0.00432483572513,
        "min": 3.28209421446e-12,
        "var": 3.15720626531e-06
    },
    "spectral_rolloff": {
        "dmean": 266.108856201,
        "dmean2": 455.649383545,
        "dvar": 282574.375,
        "dvar2": 578396.0625,
        "max": 19487.5488281,
        "mean": 1285.44726562,
        "median": 1055.12695312,
        "min": 129.19921875,
        "var": 817243.6875
    },
    "spectral_skewness": {
        "dmean": 0.318393647671,
        "dmean2": 0.541028738022,
        "dvar": 0.084794215858,
        "dvar2": 0.238900944591,
        "max": 4.62356472015,
        "mean": 1.87789988518,
        "median": 1.77622842789,
        "min": 0.167798236012,
        "var": 0.323831379414
    },
    "spectral_spread": {
        "dmean": 287688.6875,
        "dmean2": 420608.5625,
        "dvar": 317006970880,
        "dvar2": 330791485440,
        "max": 44329068,
        "mean": 3021331.25,
        "median": 2846498,
        "min": 1422453,
        "var": 1.20967646413e+12
    },
    "spectral_strongpeak": {
        "dmean": 0.736225664616,
        "dmean2": 1.18170571327,
        "dvar": 1.09294176102,
        "dvar2": 2.6045191288,
        "max": 15.7593269348,
        "mean": 1.97316324711,
        "median": 1.17088925838,
        "min": 0,
        "var": 4.38411521912
    },
    "zerocrossingrate": {
        "dmean": 0.00519685028121,
        "dmean2": 0.00638128817081,
        "dvar": 6.05315617577e-05,
        "dvar2": 8.00350462669e-05,
        "max": 0.51904296875,
        "mean": 0.0489775836468,
        "median": 0.04638671875,
        "min": 0.0078125,
        "var": 0.00057550315978
    },
    "barkbands": {
        "dmean": [2.01102502615e-05, 0.000375885749236, 0.000266128074145, 0.000251358025707, 0.00189730082639, 0.00121273251716, 0.00110448303167, 0.000910114380531, 0.000454269378679, 0.000984457670711, 0.00102345214691, 0.000318399310345, 0.00044474992319, 0.000559131847695, 0.000304828165099, 0.000311960699037, 0.000172107713297, 0.000272704375675, 0.000155846515554, 5.08039374836e-05, 2.56312850979e-05, 1.79778853635e-05, 2.0647623387e-05, 1.35549071274e-05, 4.67195150122e-06, 1.82769178991e-06, 2.58350807414e-09],
        "dmean2": [3.45522312273e-05, 0.000622534949798, 0.000439009134425, 0.000412866385886, 0.00306860962883, 0.00192817125935, 0.00171435636003, 0.0013863525819, 0.000674759328831, 0.0014994784724, 0.00162026961334, 0.000484007498017, 0.000681526085827, 0.000876706733834, 0.000492881226819, 0.000502354989294, 0.000275347731076, 0.000430771178799, 0.000246282870648, 8.2440659753e-05, 4.21568620368e-05, 2.74220146821e-05, 2.94815272355e-05, 1.87814039236e-05, 6.32432920611e-06, 2.5936392376e-06, 4.60919702405e-09],
        "dvar": [1.75795622503e-09, 1.03755348846e-06, 5.86017790738e-07, 2.98204753335e-07, 1.55644538609e-05, 7.85353586252e-06, 1.04471473605e-05, 5.69634175918e-06, 2.26115867008e-06, 7.47501326259e-06, 7.16281556379e-06, 1.12341638214e-06, 1.64814912296e-06, 2.92186564366e-06, 9.44233136124e-07, 1.17443369163e-06, 1.76459352019e-07, 3.40780474062e-07, 1.20402177117e-07, 1.85728143975e-08, 9.17771281195e-09, 3.47266615464e-09, 6.08215788844e-09, 3.78898867837e-09, 4.7506892864e-10, 7.19720671949e-11, 2.23031980644e-16],
        "dvar2": [4.70584282652e-09, 2.71523163065e-06, 1.57777947152e-06, 7.50122126192e-07, 3.8601578126e-05, 1.83734282473e-05, 2.34934577747e-05, 1.212960251e-05, 5.02591910845e-06, 1.72000691236e-05, 1.74307097041e-05, 2.32614775086e-06, 3.52756842403e-06, 7.10425865691e-06, 2.37472750086e-06, 2.95208519674e-06, 4.006242591e-07, 8.06981859114e-07, 2.82458188394e-07, 4.54654944804e-08, 2.42215421054e-08, 7.57702345311e-09, 1.05871142964e-08, 6.40009290009e-09, 7.29695415203e-10, 1.4530550374e-10, 5.62820094468e-16],
        "max": [0.000831296958495, 0.0192427188158, 0.0276117082685, 0.0262078065425, 0.0959465801716, 0.0620937868953, 0.0946704298258, 0.0636287480593, 0.0473951473832, 0.0539673641324, 0.049240283668, 0.0424588657916, 0.0365718305111, 0.0632979720831, 0.0291516315192, 0.0309495218098, 0.0164489746094, 0.0170440115035, 0.00921943038702, 0.00494625978172, 0.00309507222846, 0.00224102567881, 0.00323160155676, 0.00306554324925, 0.000975487637334, 0.000419729447458, 6.19989123152e-07],
        "mean": [2.84963534796e-05, 0.00097081833519, 0.000554159807507, 0.000540986540727, 0.00371803925373, 0.00232636416331, 0.00197567557916, 0.0017866686685, 0.000821457419079, 0.00187315267976, 0.00201393896714, 0.000559361418709, 0.000848345109262, 0.00117008248344, 0.000513424456585, 0.0006059583975, 0.000323249958456, 0.00055375136435, 0.000332480180077, 0.000100789817225, 4.76812274428e-05, 3.90253298974e-05, 4.26278857049e-05, 2.7183596103e-05, 9.90645003185e-06, 3.39224902746e-06, 2.05401873288e-09],
        "median": [5.92928381593e-06, 0.000701054523233, 0.000238783410168, 0.000224971474381, 0.00195065210573, 0.000990964937955, 0.000599243852776, 0.000498221023008, 0.000237385233049, 0.000259450898739, 0.000191556668142, 0.000120766242617, 0.000132630157168, 0.000162165961228, 0.000131618842715, 0.000111610832391, 0.000123542617075, 0.00014558127441, 0.000101390229247, 2.68445437541e-05, 1.22070414363e-05, 1.19206997624e-05, 1.12596062536e-05, 5.0271123655e-06, 1.32984564516e-06, 3.20660348052e-07, 3.26646099058e-10],
        "min": [3.10997210059e-23, 2.22414630616e-23, 2.2227055306e-23, 1.00031727968e-23, 1.32602185468e-23, 7.3816150904e-23, 3.48127472918e-23, 2.16793507573e-23, 1.09563300783e-22, 6.78043050542e-23, 2.59653535399e-23, 8.38679049108e-23, 8.50361321807e-23, 7.34478285919e-23, 6.69876320689e-23, 2.17372629296e-22, 2.28012759942e-22, 1.39951055889e-22, 2.21074444291e-22, 1.72308438903e-22, 4.33457787107e-22, 6.64376079535e-22, 6.12729343449e-22, 9.2268140116e-22, 1.20573832547e-21, 1.63317613199e-21, 2.97493407041e-21],
        "var": [3.10852121821e-09, 1.67770849657e-06, 8.86798488864e-07, 9.83698328128e-07, 3.93187292502e-05, 1.99742771656e-05, 2.50691628025e-05, 1.55460929818e-05, 4.91197579322e-06, 2.28546014114e-05, 2.2423111659e-05, 2.9878924579e-06, 5.28917826159e-06, 1.45643989526e-05, 1.96015753318e-06, 3.71738269678e-06, 4.24996130732e-07, 1.03570687315e-06, 4.01298422048e-07, 5.20336413956e-08, 1.46106300392e-08, 1.08458229064e-08, 1.95123455171e-08, 1.30806689924e-08, 1.7567518551e-09, 1.67186195443e-10, 1.81765303077e-16]
    },
    "erbbands": {
        "dmean": [0.00947016384453, 0.093684501946, 0.278790920973, 0.596849441528, 3.02108502388, 7.38360309601, 9.73635196686, 9.18407058716, 15.0616493225, 19.1077079773, 15.1072378159, 10.13468647, 18.5999794006, 40.9344482422, 32.8852119446, 12.6680650711, 19.931854248, 29.0991096497, 15.5420360565, 16.5227718353, 12.6144685745, 8.55379867554, 12.4767913818, 12.2368373871, 4.54366922379, 2.16738462448, 1.13401114941, 0.972227931023, 0.662361800671, 0.633362770081, 0.573970675468, 0.379209548235, 0.175847440958, 0.0587034933269, 0.0336146019399, 0.013168563135, 0.00242712139152, 6.83520192979e-05, 4.73692580272e-06, 6.81311166773e-06],
        "dmean2": [0.0157856419683, 0.154275119305, 0.460388869047, 0.964931249619, 5.07259654999, 12.0643854141, 15.1799268723, 14.9587898254, 23.6338443756, 28.9791507721, 22.9134368896, 14.7373371124, 28.1449680328, 63.0711631775, 50.8718490601, 19.2115535736, 30.0106334686, 45.3355064392, 24.523973465, 26.5264434814, 20.2142276764, 13.4710760117, 19.5398139954, 19.4215965271, 7.16377925873, 3.4740421772, 1.85638225079, 1.57930099964, 1.01338624954, 0.95980745554, 0.821011602879, 0.524032056332, 0.247517332435, 0.0803565457463, 0.0452509410679, 0.0185937266797, 0.00348950596526, 9.67142768786e-05, 6.79753111399e-06, 1.03857728391e-05],
        "dvar": [0.000449066050351, 0.0727196037769, 0.682461619377, 1.95889997482, 42.5286369324, 243.88394165, 899.316467285, 529.256652832, 2130.66748047, 3063.29614258, 1665.51879883, 1093.04199219, 3842.20043945, 12621.3251953, 7840.50927734, 1627.6427002, 3240.9362793, 7628.859375, 2194.2565918, 3141.79077148, 1981.92077637, 546.76159668, 799.589477539, 748.145263672, 126.9871521, 36.2077789307, 13.994102478, 14.5759334564, 4.97364330292, 4.916492939, 4.85029411316, 2.93833088875, 0.665963709354, 0.0696305185556, 0.0286986399442, 0.00394636532292, 0.000117395429697, 9.75193401587e-08, 1.13031584092e-10, 7.29543786493e-11],
        "dvar2": [0.00122316938359, 0.188238814473, 1.81859862804, 5.08517980576, 114.640724182, 601.15435791, 2013.86828613, 1339.22668457, 5026.41308594, 6631.17138672, 3682.07226562, 2413.47241211, 8523.37207031, 28636.7382812, 18404.1757812, 3317.82788086, 6740.35400391, 18646.9179688, 5446.68505859, 8108.33984375, 4910.52978516, 1200.27258301, 1906.8079834, 1827.07189941, 284.341033936, 82.1100006104, 35.7504234314, 38.2504501343, 10.7102737427, 10.4145002365, 8.48761177063, 4.96697187424, 1.19834411144, 0.117510028183, 0.0449348762631, 0.00787079613656, 0.000235387502471, 1.89517209037e-07, 2.0249665833e-10, 1.7050291734e-10],
        "max": [0.405442982912, 5.35708379745, 28.3483753204, 56.7258148193, 143.752288818, 464.396942139, 782.647216797, 682.853210449, 1006.63391113, 1518.70178223, 1236.98364258, 1374.23449707, 2028.10437012, 2192.71337891, 1891.92346191, 1583.23193359, 1978.1730957, 3197.2980957, 1407.24060059, 1682.68005371, 1396.47619629, 1121.85717773, 1076.30029297, 890.922180176, 476.157867432, 307.19631958, 105.325393677, 126.970550537, 86.3944549561, 84.591796875, 95.1456680298, 99.3387374878, 31.1921157837, 9.44457244873, 9.45327949524, 3.02223134041, 0.444122314453, 0.0102208210155, 0.000387716689147, 0.000122648038086],
        "mean": [0.0230113510042, 0.234207168221, 0.614758372307, 1.43236887455, 5.61307477951, 13.6491546631, 18.4394283295, 17.7583961487, 27.2058391571, 39.8341331482, 29.7853660583, 20.4277439117, 35.8650817871, 84.3982925415, 67.5967636108, 25.2132549286, 41.3436317444, 64.3030166626, 31.7651844025, 32.1165504456, 26.4816684723, 18.5685539246, 26.741481781, 28.3142986298, 10.7311429977, 4.58199214935, 2.26470160484, 1.83296513557, 1.4188631773, 1.32596468925, 1.16793906689, 0.75604403019, 0.343423545361, 0.12149451673, 0.0676379427314, 0.0250204969198, 0.00432707089931, 0.00012506818166, 1.66272275237e-05, 2.65331345872e-05],
        "median": [0.0132898036391, 0.165608972311, 0.325435876846, 0.707774996758, 3.12655472755, 6.71368741989, 5.79659938812, 7.85356760025, 9.80770111084, 10.0867595673, 10.9777669907, 7.76580762863, 8.76642799377, 11.5683860779, 9.86047935486, 8.61309146881, 8.53770256042, 11.1488924026, 8.92360591888, 8.70217609406, 7.03529787064, 7.26736974716, 8.51796913147, 8.1186170578, 3.54924869537, 1.50575625896, 0.646831452847, 0.481316566467, 0.408529639244, 0.362554341555, 0.30570229888, 0.168579801917, 0.0529744140804, 0.0164726227522, 0.00812759436667, 0.00310925836675, 0.000252918573096, 1.16678147606e-05, 1.26466584334e-05, 2.36697433138e-05],
        "min": [7.23040219312e-22, 5.07886432337e-21, 2.27374195088e-20, 3.70670069178e-20, 8.94528947169e-21, 5.77513657618e-20, 1.60023660043e-19, 6.20904411852e-19, 9.19492624745e-19, 2.46185028619e-19, 1.19105715722e-18, 2.02151216423e-18, 2.42145150886e-18, 1.29649890388e-18, 1.99227381112e-18, 3.39867131079e-18, 4.07145452611e-18, 3.21774933324e-18, 3.11040693233e-18, 8.03886958349e-18, 1.16392972767e-17, 1.23307416867e-17, 7.17805994314e-18, 9.31410580973e-18, 1.23231192173e-17, 7.93060404902e-18, 1.81754245327e-17, 1.58342238121e-17, 2.42316472398e-17, 2.04329559343e-17, 1.77237822639e-17, 1.7121462429e-17, 1.62596990494e-17, 1.48863525851e-17, 7.7302079651e-18, 5.56032379401e-18, 2.95264353038e-18, 1.38554479342e-18, 4.36110195056e-19, 4.35413980399e-20],
        "var": [0.000973257119767, 0.107671879232, 0.928374350071, 5.31923294067, 67.130531311, 645.829650879, 2341.17797852, 1339.78686523, 4804.74121094, 10549.4619141, 3482.27685547, 2574.43896484, 9997.8828125, 43121.7890625, 24940.7421875, 4689.42822266, 11502.5693359, 38061.015625, 5690.69091797, 7105.63720703, 6290.67675781, 1405.28527832, 2161.6159668, 2651.74633789, 437.740386963, 104.140922546, 26.2921905518, 24.3361415863, 14.6428956985, 14.1563663483, 15.322271347, 10.1669111252, 2.06639289856, 0.246520981193, 0.0961473956704, 0.00914246495813, 0.000301655905787, 2.62251916183e-07, 4.41452874256e-10, 3.6671421455e-10]
    },
    "gfcc": {
        "mean": [-51.5879669189, 131.747650146, -152.809143066, 24.0885982513, -64.1976013184, 1.30120170116, -44.0909881592, 0.747627913952, -18.4194412231, -10.3190984726, -2.63567185402, -4.80414104462, -5.73625993729],
        "cov": [[6027.52539062, -1039.88208008, -275.09854126, 391.220550537, 275.119781494, 622.946472168, 137.591674805, 467.920898438, -190.32623291, 2.5264544487, -151.515594482, 173.570678711, -271.333831787], [-1039.88208008, 1217.73791504, 270.277587891, 94.581451416, 262.632476807, -179.453216553, 143.335647583, -142.343154907, 128.525970459, -180.604171753, 149.133010864, -136.389343262, 122.263572693], [-275.09854126, 270.277587891, 785.839599609, 217.023681641, -23.9270210266, 30.8763980865, -99.5022125244, -4.92150402069, 9.57499027252, -2.25292181969, -83.2655944824, 61.4851608276, 36.1356048584], [391.220550537, 94.581451416, 217.023681641, 363.471618652, 117.150741577, 41.7847137451, 2.92115426064, 35.6669235229, 33.5670547485, -14.3993711472, -39.992313385, -4.56346464157, 26.9882946014], [275.119781494, 262.632476807, -23.9270210266, 117.150741577, 329.906616211, 61.0563850403, 79.6387176514, 40.9471549988, -8.6543264389, -36.3212356567, 34.1429862976, -33.4005470276, 12.8281068802], [622.946472168, -179.453216553, 30.8763980865, 41.7847137451, 61.0563850403, 286.174468994, 81.286857605, 57.0958633423, -84.9905395508, -4.71549797058, -17.3294048309, 43.5083236694, -30.1145362854], [137.591674805, 143.335647583, -99.5022125244, 2.92115426064, 79.6387176514, 81.286857605, 207.831680298, 26.8405094147, -38.6679115295, -38.6710205078, 51.6139030457, -23.2658596039, 5.94821023941], [467.920898438, -142.343154907, -4.92150402069, 35.6669235229, 40.9471549988, 57.0958633423, 26.8405094147, 184.912246704, 21.4309597015, 22.2741947174, -32.8642692566, 27.1264400482, -28.8360214233], [-190.32623291, 128.525970459, 9.57499027252, 33.5670547485, -8.6543264389, -84.9905395508, -38.6679115295, 21.4309597015, 188.821685791, 14.1378536224, 27.9386520386, -21.2530174255, 6.86088562012], [2.5264544487, -180.604171753, -2.25292181969, -14.3993711472, -36.3212356567, -4.71549797058, -38.6710205078, 22.2741947174, 14.1378536224, 172.713104248, -19.0785160065, 0.616496801376, -18.5494861603], [-151.515594482, 149.133010864, -83.2655944824, -39.992313385, 34.1429862976, -17.3294048309, 51.6139030457, -32.8642692566, 27.9386520386, -19.0785160065, 165.212966919, -10.6889858246, -5.61343240738], [173.570678711, -136.389343262, 61.4851608276, -4.56346464157, -33.4005470276, 43.5083236694, -23.2658596039, 27.1264400482, -21.2530174255, 0.616496801376, -10.6889858246, 118.869598389, 1.3467208147], [-271.333831787, 122.263572693, 36.1356048584, 26.9882946014, 12.8281068802, -30.1145362854, 5.94821023941, -28.8360214233, 6.86088562012, -18.5494861603, -5.61343240738, 1.3467208147, 108.657356262]],
        "icov": [[0.000343412568327, 4.07947809435e-05, 0.000268864328973, -0.000471303501399, -6.85128907207e-05, -0.000426686689025, 0.000111891182314, -0.000483481504489, 0.000186639561434, 0.00012855627574, 0.00012219393102, -0.000305919646053, 0.000614961376414], [4.07947809435e-05, 0.00552924862131, -0.00353063433431, 0.00181524769869, -0.00429569743574, 0.00330770434812, -0.00470800511539, 0.00313856266439, -0.00342092174105, 0.00344075541943, -0.00184622837696, 0.00335471262224, -0.00221548508853], [0.000268864328973, -0.00353063433431, 0.00430132588372, -0.00268218084238, 0.00300051481463, -0.00275712274015, 0.00382738979533, -0.00216817203909, 0.00235736160539, -0.00199892255478, 0.00163958023768, -0.00311421742663, 0.00160977162886], [-0.000471303501399, 0.00181524769869, -0.00268218084238, 0.00549479527399, -0.00282731465995, 0.00125061348081, -0.00190162600484, 0.00151831761468, -0.002479566494, 0.00112199585419, 0.000122487603221, 0.00198492687196, -0.00217499351129], [-6.85128907207e-05, -0.00429569743574, 0.00300051481463, -0.00282731465995, 0.00762084731832, -0.00309407920577, 0.00318244844675, -0.00343450251967, 0.0031542389188, -0.00213506957516, 0.000240171342739, -0.00122342433315, 0.000987892737612], [-0.000426686689025, 0.00330770434812, -0.00275712274015, 0.00125061348081, -0.00309407920577, 0.00805598683655, -0.00504706706852, 0.0017943555722, -0.000445490848506, 0.00162970589008, -0.000767599558458, 0.000526379619259, -0.000570439093281], [0.000111891182314, -0.00470800511539, 0.00382738979533, -0.00190162600484, 0.00318244844675, -0.00504706706852, 0.011836332269, -0.00458439160138, 0.00443576928228, -0.00166865240317, -0.00095242325915, -0.000803561299108, 0.000533128622919], [-0.000483481504489, 0.00313856266439, -0.00216817203909, 0.00151831761468, -0.00343450251967, 0.0017943555722, -0.00458439160138, 0.0102003915235, -0.00447888020426, 0.000868319883011, 0.00121026975103, -5.59821528441e-05, -3.99260279664e-05], [0.000186639561434, -0.00342092174105, 0.00235736160539, -0.002479566494, 0.0031542389188, -0.000445490848506, 0.00443576928228, -0.00447888020426, 0.00967540685087, -0.00231305742636, -0.00105250370689, -0.000938565004617, 0.00117140368093], [0.00012855627574, 0.00344075541943, -0.00199892255478, 0.00112199585419, -0.00213506957516, 0.00162970589008, -0.00166865240317, 0.000868319883011, -0.00231305742636, 0.00858020689338, -0.000888984184712, 0.00258487020619, -0.000606107525527], [0.00012219393102, -0.00184622837696, 0.00163958023768, 0.000122487603221, 0.000240171342739, -0.000767599558458, -0.00095242325915, 0.00121026975103, -0.00105250370689, -0.000888984184712, 0.00907955784351, -0.00264809909277, 0.00235567335039], [-0.000305919646053, 0.00335471262224, -0.00311421742663, 0.00198492687196, -0.00122342433315, 0.000526379619259, -0.000803561299108, -5.59821528441e-05, -0.000938565004617, 0.00258487020619, -0.00264809909277, 0.0133345937356, -0.00347813824192], [0.000614961376414, -0.00221548508853, 0.00160977162886, -0.00217499351129, 0.000987892737612, -0.000570439093281, 0.000533128622919, -3.99260279664e-05, 0.00117140368093, -0.000606107525527, 0.00235567335039, -0.00347813824192, 0.0129095362499]]
    },
    "melbands": {
        "dmean": [9.35988718993e-05, 0.00013362475147, 0.000133654088131, 0.000394842470996, 0.000332590338076, 0.000218894652789, 0.000227496697335, 0.000211193488212, 0.000114357317216, 6.37422563159e-05, 9.414908709e-05, 0.000164836252225, 0.000126138751511, 4.51121013612e-05, 3.59806108463e-05, 4.75176711916e-05, 5.93797994952e-05, 2.70332038781e-05, 2.3548856916e-05, 2.5467328669e-05, 1.34597521537e-05, 9.02159354155e-06, 1.30961243485e-05, 1.29225009005e-05, 1.10499759103e-05, 4.0711101974e-06, 2.71279236586e-06, 1.3824629832e-06, 7.97324446467e-07, 6.82592542489e-07, 5.69745679968e-07, 4.23044241415e-07, 3.48307906961e-07, 3.9797683371e-07, 3.6898018152e-07, 3.09399894149e-07, 2.23613426442e-07, 1.50023154788e-07, 7.71127517396e-08, 4.66757867912e-08],
        "dmean2": [0.000155366447871, 0.000219099543756, 0.000219971319893, 0.000646220461931, 0.000521147507243, 0.000355717464117, 0.000356583477696, 0.000319595972542, 0.000173271415406, 9.27169603528e-05, 0.000142690434586, 0.000253771198913, 0.000197682646103, 6.83542821207e-05, 5.46254050278e-05, 7.19161907909e-05, 9.23016268644e-05, 4.24690442742e-05, 3.79415905627e-05, 4.07655788877e-05, 2.13775747397e-05, 1.41413202073e-05, 2.07732118724e-05, 2.02030932996e-05, 1.75846143975e-05, 6.53571214571e-06, 4.37585231339e-06, 2.24637983592e-06, 1.3103767742e-06, 1.15379202725e-06, 9.21958360323e-07, 6.66514154091e-07, 5.41290887668e-07, 6.11266955275e-07, 5.4286493878e-07, 4.50850478728e-07, 3.14148792313e-07, 2.16082881366e-07, 1.11954904014e-07, 6.6314363778e-08],
        "dvar": [5.4598014998e-08, 1.50230789586e-07, 6.95941650974e-08, 6.63945058932e-07, 8.90698174771e-07, 2.88188061859e-07, 4.46163937795e-07, 3.4372115465e-07, 1.03888346814e-07, 4.40529142054e-08, 9.91633584135e-08, 2.12505710806e-07, 1.13886663655e-07, 2.17267377423e-08, 1.19215997074e-08, 1.73259557812e-08, 3.55843745581e-08, 6.93275037378e-09, 6.19433881965e-09, 8.09660782863e-09, 2.08009098834e-09, 7.50081052825e-10, 1.07989273079e-09, 9.27870669187e-10, 6.51633469406e-10, 1.03528637052e-10, 6.00876778889e-11, 1.60865140653e-11, 6.46457973957e-12, 7.38180176707e-12, 5.20030546403e-12, 2.1224343897e-12, 1.26845203178e-12, 2.00276318967e-12, 1.95496765477e-12, 1.88484579507e-12, 1.01886782431e-12, 5.26033535307e-13, 1.00558979004e-13, 5.00183865138e-14],
        "dvar2": [1.45146557884e-07, 3.8765264776e-07, 1.82414567007e-07, 1.68892415786e-06, 2.05642345463e-06, 7.21760159195e-07, 1.04849846139e-06, 7.3946006296e-07, 2.31711226206e-07, 9.55639052336e-08, 2.2046418735e-07, 4.84077986584e-07, 2.75201642808e-07, 4.75083936635e-08, 2.6512752882e-08, 3.53305118495e-08, 8.71741079322e-08, 1.63052682467e-08, 1.48162424551e-08, 2.03224104212e-08, 5.02244157374e-09, 1.58625079738e-09, 2.50540321822e-09, 2.23441731784e-09, 1.5918875107e-09, 2.44472581068e-10, 1.43329903501e-10, 3.72688650774e-11, 1.62691839167e-11, 2.00966170788e-11, 1.3814736681e-11, 4.84751388335e-12, 2.88567759098e-12, 4.27064243344e-12, 3.69617791235e-12, 3.65449857875e-12, 1.79319406546e-12, 1.03411528472e-12, 1.84431436052e-13, 9.87903606576e-14],
        "max": [0.00478085922077, 0.0123246200383, 0.00888154003769, 0.0173166282475, 0.0251690577716, 0.0143188405782, 0.0161739736795, 0.014805957675, 0.00897239241749, 0.00897687766701, 0.0102060241625, 0.00930261425674, 0.0071644471027, 0.0063328598626, 0.00261215423234, 0.00395948113874, 0.00735482340679, 0.00307969423011, 0.00315873837098, 0.00231126951985, 0.00132854736876, 0.00138307840098, 0.00104057881981, 0.000886294641532, 0.000831065117382, 0.000325043161865, 0.000225477153435, 0.000183531403309, 6.82847676217e-05, 7.37675072742e-05, 7.01819226379e-05, 6.31320654065e-05, 3.78380755137e-05, 5.13815575687e-05, 6.56489719404e-05, 7.10774838808e-05, 5.79469160584e-05, 2.35849893215e-05, 1.10873797894e-05, 9.23602055991e-06],
        "mean": [0.000242228037678, 0.000328997906763, 0.000316651625326, 0.000729594670702, 0.00064311013557, 0.000425609032391, 0.000412079214584, 0.000438429182395, 0.000219507768634, 0.000120687538583, 0.000172737665707, 0.000332297844579, 0.000253691017861, 8.51993754623e-05, 6.51772061246e-05, 9.28986264626e-05, 0.00012739939848, 5.11798389198e-05, 4.06167346227e-05, 4.84732845507e-05, 2.55551767623e-05, 1.70403091033e-05, 2.40336576098e-05, 2.60190772678e-05, 2.36037049035e-05, 8.49519619806e-06, 5.28125247001e-06, 2.48836749961e-06, 1.48378592257e-06, 1.15306397674e-06, 1.00625527466e-06, 8.25450683806e-07, 6.86141618189e-07, 7.65309607687e-07, 6.96187555604e-07, 5.86294959248e-07, 4.14448692254e-07, 2.66109964286e-07, 1.46623719388e-07, 8.75941665868e-08],
        "median": [0.000168797763763, 0.000217958062422, 0.000178951449925, 0.00039012968773, 0.0002291972487, 0.000187057448784, 0.000146335194586, 0.000109802909719, 7.94958905317e-05, 3.71312598872e-05, 3.50534610334e-05, 3.49019137502e-05, 2.84158631985e-05, 1.67585876625e-05, 1.40416814247e-05, 1.53132114065e-05, 1.67090056493e-05, 1.03291358755e-05, 1.00644092527e-05, 8.36121125758e-06, 7.03352088749e-06, 6.3282186602e-06, 6.85817212798e-06, 6.65840616421e-06, 6.12849044046e-06, 2.48169067163e-06, 1.38235986924e-06, 7.47661033529e-07, 3.51407607013e-07, 2.771019183e-07, 2.39872491647e-07, 2.22625686774e-07, 1.83037926149e-07, 1.8304226046e-07, 1.72759044403e-07, 1.39170822422e-07, 7.50346700329e-08, 3.4026186313e-08, 1.97426412996e-08, 9.63072732674e-09],
        "min": [7.42515563698e-24, 1.02634424641e-23, 5.34966811737e-24, 1.68398097994e-24, 5.33547611525e-24, 1.58844243014e-23, 1.24626273179e-23, 2.24908444763e-24, 1.3185105578e-23, 1.24752041273e-23, 1.2022634626e-23, 5.69485116695e-24, 4.82681071495e-24, 8.55040655371e-24, 1.13518078226e-23, 6.83050834232e-24, 5.832436003e-24, 5.12476781759e-24, 6.04333599386e-24, 1.67632185053e-23, 1.24188897139e-23, 1.46053541857e-23, 6.88981174973e-24, 6.30893717761e-24, 7.30705369313e-24, 1.01788323988e-23, 6.5581750196e-24, 4.42530378559e-24, 1.1836170785e-23, 8.48025630885e-24, 9.11015543078e-24, 1.21811065267e-23, 1.45183522941e-23, 1.04128566638e-23, 9.3819124906e-24, 1.04669575336e-23, 1.09668957657e-23, 1.0647872527e-23, 1.21559513301e-23, 1.34617535754e-23],
        "var": [9.84859127584e-08, 2.1524630256e-07, 1.85042054568e-07, 1.35471350404e-06, 2.43578506343e-06, 7.42630959394e-07, 1.02796241208e-06, 1.19802757581e-06, 2.03761018724e-07, 1.03044527577e-07, 2.57077118704e-07, 7.28361158053e-07, 3.56073513785e-07, 5.72633673812e-08, 2.97183824216e-08, 5.99933258627e-08, 1.84484207466e-07, 1.94362037576e-08, 1.30093438244e-08, 2.38907063022e-08, 5.64108582068e-09, 1.63821967103e-09, 2.71311306754e-09, 2.909025687e-09, 2.15352646826e-09, 3.19102994029e-10, 1.59848842496e-10, 3.51270956767e-11, 1.264249469e-11, 9.44633260502e-12, 8.55637175695e-12, 5.34471859132e-12, 3.49415656999e-12, 5.21941300943e-12, 5.33481071818e-12, 5.55317033676e-12, 3.3689383748e-12, 1.39192260148e-12, 3.20400363142e-13, 1.48185093753e-13]
    },
    "mfcc": {
        "mean": [-683.227539062, 151.905639648, -25.0702476501, 18.2195777893, -1.62614500523, -4.83076667786, -12.7552032471, 4.35843896866, -15.9059286118, -1.16399526596, -2.91625976562, -2.5412709713, -4.14989423752],
        "cov": [[6003.68066406, -1113.4564209, -458.052337646, 25.6901569366, 145.718582153, 214.176864624, 350.694641113, 544.016052246, 37.0113563538, 309.856658936, 104.008842468, -122.071365356, -56.9067687988], [-1113.4564209, 1060.05517578, 91.185333252, 200.409378052, 109.987121582, -2.25306296349, 39.6235618591, 20.7856693268, -19.8001117706, -9.10896587372, 6.84809875488, -25.1381759644, -6.07635259628], [-458.052337646, 91.185333252, 694.391296387, 113.568939209, 85.0382843018, 57.4063644409, -91.7069091797, -0.824828028679, 21.6407737732, -44.6825294495, -28.6821746826, -18.4874820709, -21.5428771973], [25.6901569366, 200.409378052, 113.568939209, 332.105773926, 129.832000732, 24.8487377167, 0.898405313492, 10.6301250458, 56.3292312622, 9.65710258484, 9.44727611542, 7.46902275085, 11.5736970901], [145.718582153, 109.987121582, 85.0382843018, 129.832000732, 256.555938721, 40.4206008911, 8.86410427094, 57.7922935486, 26.2749824524, 21.8563709259, 17.6629142761, -26.4556083679, -2.64677977562], [214.176864624, -2.25306296349, 57.4063644409, 24.8487377167, 40.4206008911, 179.660812378, 85.473236084, 39.101234436, 4.86829090118, 3.62681365013, -2.53806996346, -27.9022350311, -26.6156578064], [350.694641113, 39.6235618591, -91.7069091797, 0.898405313492, 8.86410427094, 85.473236084, 285.556976318, 78.9296646118, -1.77902710438, 38.8269805908, -5.7784910202, -31.726360321, -13.9750833511], [544.016052246, 20.7856693268, -0.824828028679, 10.6301250458, 57.7922935486, 39.101234436, 78.9296646118, 264.253173828, -21.553653717, 45.6319313049, 12.4876194, -65.8364181519, -23.8302135468], [37.0113563538, -19.8001117706, 21.6407737732, 56.3292312622, 26.2749824524, 4.86829090118, -1.77902710438, -21.553653717, 178.600143433, 3.96463894844, -8.77889537811, 2.43709087372, 4.40263223648], [309.856658936, -9.10896587372, -44.6825294495, 9.65710258484, 21.8563709259, 3.62681365013, 38.8269805908, 45.6319313049, 3.96463894844, 137.378463745, 31.4210338593, 9.37236785889, 13.359167099], [104.008842468, 6.84809875488, -28.6821746826, 9.44727611542, 17.6629142761, -2.53806996346, -5.7784910202, 12.4876194, -8.77889537811, 31.4210338593, 107.671485901, 25.5398139954, 4.97376918793], [-122.071365356, -25.1381759644, -18.4874820709, 7.46902275085, -26.4556083679, -27.9022350311, -31.726360321, -65.8364181519, 2.43709087372, 9.37236785889, 25.5398139954, 126.089096069, 50.4962692261], [-56.9067687988, -6.07635259628, -21.5428771973, 11.5736970901, -2.64677977562, -26.6156578064, -13.9750833511, -23.8302135468, 4.40263223648, 13.359167099, 4.97376918793, 50.4962692261, 105.144958496]],
