{
"lowlevel": {
    "average_loudness": 0.954205572605,
    "barkbands_crest": {
        "dmean": 2.41422200203,
        "dmean2": 3.99387407303,
        "dvar": 4.56079387665,
        "dvar2": 11.6209096909,
        "max": 23.3594436646,
        "mean": 8.75609493256,
        "median": 7.94854927063,
        "min": 2.65016937256,
        "var": 13.3432941437
    },
    "barkbands_flatness_db": {
        "dmean": 0.017814187333,
        "dmean2": 0.0272279903293,
        "dvar": 0.000262216548435,
        "dvar2": 0.000571353652049,
        "max": 0.315299153328,
        "mean": 0.140372082591,
        "median": 0.137472942472,
        "min": 0.0410878248513,
        "var": 0.00137135805562
    },
    "barkbands_kurtosis": {
        "dmean": 1.32169890404,
        "dmean2": 2.15591311455,
        "dvar": 3.43628311157,
        "dvar2": 8.94808483124,
        "max": 31.9852409363,
        "mean": 1.42782962322,
        "median": 0.529232263565,
        "min": -1.75292897224,
        "var": 8.60792446136
    },
    "barkbands_skewness": {
        "dmean": 0.378918021917,
        "dmean2": 0.596487522125,
        "dvar": 0.130023986101,
        "dvar2": 0.313643813133,
        "max": 4.98944044113,
        "mean": 0.759147644043,
        "median": 0.647718012333,
        "min": -2.94881272316,
        "var": 0.700440764427
    },
    "barkbands_spread": {
        "dmean": 4.10785627365,
        "dmean2": 6.43921232224,
        "dvar": 20.1072635651,
        "dvar2": 46.7021636963,
        "max": 73.591758728,
        "mean": 18.2153167725,
        "median": 16.6290607452,
        "min": 2.35938024521,
        "var": 77.0276260376
    },
    "dissonance": {
        "dmean": 0.0210191085935,
        "dmean2": 0.035788949579,
        "dvar": 0.000385785649996,
        "dvar2": 0.00109807390254,
        "max": 0.499998122454,
        "mean": 0.462250620127,
        "median": 0.468228459358,
        "min": 0.248650029302,
        "var": 0.000733650173061
    },
    "dynamic_complexity": 2.17068171501,
    "erbbands_crest": {
        "dmean": 2.86917901039,
        "dmean2": 4.64027309418,
        "dvar": 6.71466827393,
        "dvar2": 16.3076725006,
        "max": 30.4379806519,
        "mean": 9.93371677399,
        "median": 8.68613624573,
        "min": 2.46593976021,
        "var": 23.3117694855
    },
    "erbbands_flatness_db": {
        "dmean": 0.0175480935723,
        "dmean2": 0.0246329344809,
        "dvar": 0.000240185661823,
        "dvar2": 0.000448169594165,
        "max": 0.346340507269,
        "mean": 0.194544628263,
        "median": 0.197192981839,
        "min": 0.0557776540518,
        "var": 0.00149244139902
    },
    "erbbands_kurtosis": {
        "dmean": 0.925003945827,
        "dmean2": 1.48742568493,
        "dvar": 1.46402323246,
        "dvar2": 3.60855603218,
        "max": 30.3696022034,
        "mean": 0.608710706234,
        "median": 0.0849759578705,
        "min": -1.64775538445,
        "var": 3.60205149651
    },
    "erbbands_skewness": {
        "dmean": 0.362682789564,
        "dmean2": 0.573990166187,
        "dvar": 0.097078025341,
        "dvar2": 0.236225068569,
        "max": 3.29143071175,
        "mean": 0.307932883501,
        "median": 0.311071693897,
        "min": -3.3627076149,
        "var": 0.506968855858
    },
    "erbbands_spread": {
        "dmean": 5.48518514633,
        "dmean2": 8.26331233978,
        "dvar": 34.2043266296,
        "dvar2": 70.0938415527,
        "max": 109.022415161,
        "mean": 26.6046142578,
        "median": 24.2640590668,
        "min": 2.44700837135,
        "var": 163.18309021
    },
    "hfc": {
        "dmean": 6.45788526535,
        "dmean2": 9.88812637329,
        "dvar": 53.3837852478,
        "dvar2": 120.527641296,
        "max": 95.0081939697,
        "mean": 26.0680332184,
        "median": 24.6854286194,
        "min": 1.05223395792e-16,
        "var": 273.506866455
    },
    "melbands_crest": {
        "dmean": 2.94988250732,
        "dmean2": 4.91111660004,
        "dvar": 6.73523426056,
        "dvar2": 17.874994278,
        "max": 30.6668930054,
        "mean": 10.7993412018,
        "median": 9.91223049164,
        "min": 1.95399558544,
        "var": 18.4193382263
    },
    "melbands_flatness_db": {
        "dmean": 0.0203885063529,
        "dmean2": 0.0311279911548,
        "dvar": 0.000421361648478,
        "dvar2": 0.000952287169639,
        "max": 0.383671373129,
        "mean": 0.175383597612,
        "median": 0.168614566326,
        "min": 0.00377001380548,
        "var": 0.00254750507884
    },
    "melbands_kurtosis": {
        "dmean": 2.34208726883,
        "dmean2": 3.7599132061,
        "dvar": 13.4362802505,
        "dvar2": 33.2953453064,
        "max": 109.02999115,
        "mean": 3.989392519,
        "median": 2.00171232224,
        "min": -1.68153989315,
        "var": 33.4693069458
    },
    "melbands_skewness": {
        "dmean": 0.442174524069,
        "dmean2": 0.682735860348,
        "dvar": 0.188032001257,
        "dvar2": 0.427247226238,
        "max": 9.43390846252,
        "mean": 1.32934689522,
        "median": 1.15286946297,
        "min": -1.74798667431,
        "var": 1.07493972778
    },
    "melbands_spread": {
        "dmean": 6.14629983902,
        "dmean2": 9.85653877258,
        "dvar": 47.8012733459,
        "dvar2": 118.324798584,
        "max": 168.996841431,
        "mean": 26.3578300476,
        "median": 24.6420269012,
        "min": 2.52443218231,
        "var": 185.108078003
    },
    "pitch_salience": {
        "dmean": 0.0619018264115,
        "dmean2": 0.101030804217,
        "dvar": 0.00265437061898,
        "dvar2": 0.00671857455745,
        "max": 0.918702423573,
        "mean": 0.597116231918,
        "median": 0.6019359231,
        "min": 0.235991299152,
        "var": 0.00995247904211
    },
    "silence_rate_20dB": {
        "dmean": 0,
        "dmean2": 0,
        "dvar": 0,
        "dvar2": 0,
        "max": 1,
        "mean": 1,
        "median": 1,
        "min": 1,
        "var": 0
    },
    "silence_rate_30dB": {
        "dmean": 0.000248632510193,
        "dmean2": 0.000497326895129,
        "dvar": 0.000248571566772,
        "dvar2": 0.000745746365283,
        "max": 1,
        "mean": 0.999875724316,
        "median": 1,
        "min": 0,
        "var": 0.00012428512855
    },
    "silence_rate_60dB": {
        "dmean": 0.00174042768776,
        "dmean2": 0.00348128797486,
        "dvar": 0.00173723674379,
        "dvar2": 0.00371725973673,
        "max": 1,
        "mean": 0.00981976371258,
        "median": 0,
        "min": 0,
        "var": 0.00972563773394
    },
    "spectral_centroid": {
        "dmean": 214.613555908,
        "dmean2": 344.30682373,
        "dvar": 64458.265625,
        "dvar2": 156919.921875,
        "max": 11482.5,
        "mean": 1357.32983398,
        "median": 1336.04260254,
        "min": 283.100097656,
        "var": 300835.9375
    },
    "spectral_complexity": {
        "dmean": 3.51914477348,
        "dmean2": 5.64267063141,
        "dvar": 13.2119569778,
        "dvar2": 30.9862880707,
        "max": 53,
        "mean": 23.3885650635,
        "median": 23,
        "min": 0,
        "var": 66.1094741821
    },
    "spectral_decrease": {
        "dmean": 1.77206505025e-09,
        "dmean2": 2.75330203081e-09,
        "dvar": 3.49799005976e-18,
        "dvar2": 8.00972387461e-18,
        "max": -2.63554755927e-29,
        "mean": -6.68021815642e-09,
        "median": -6.26728668962e-09,
        "min": -2.60089088044e-08,
        "var": 1.2376312721e-17
    },
    "spectral_energy": {
        "dmean": 0.00717067718506,
        "dmean2": 0.011107689701,
        "dvar": 5.68178911635e-05,
        "dvar2": 0.000129653621116,
        "max": 0.10498829186,
        "mean": 0.0275771170855,
        "median": 0.0260069817305,
        "min": 9.81910481465e-21,
        "var": 0.000209326753975
    },
    "spectral_energyband_high": {
        "dmean": 0.000206775395782,
        "dmean2": 0.000305555295199,
        "dvar": 1.72129716702e-07,
        "dvar2": 3.78108438781e-07,
        "max": 0.00832619983703,
        "mean": 0.000473806401715,
        "median": 0.000266050279606,
        "min": 7.01483329113e-21,
        "var": 4.07683842241e-07
    },
    "spectral_energyband_low": {
        "dmean": 0.00152234674897,
        "dmean2": 0.00248043914326,
        "dvar": 5.82841721553e-06,
        "dvar2": 1.47076143548e-05,
        "max": 0.038392636925,
        "mean": 0.00305688823573,
        "median": 0.00224567065015,
        "min": 6.20536668273e-23,
        "var": 9.65941580944e-06
    },
    "spectral_energyband_middle_high": {
        "dmean": 0.00345508661121,
        "dmean2": 0.00539170531556,
        "dvar": 1.99873993552e-05,
        "dvar2": 4.9892689276e-05,
        "max": 0.0773353353143,
        "mean": 0.0112202027813,
        "median": 0.00850100629032,
        "min": 1.44121489602e-21,
        "var": 9.76439405349e-05
    },
    "spectral_energyband_middle_low": {
        "dmean": 0.00496477307752,
        "dmean2": 0.00782090052962,
        "dvar": 3.59350196959e-05,
        "dvar2": 8.54239187902e-05,
        "max": 0.0882962048054,
        "mean": 0.0135806258768,
        "median": 0.0110372276977,
        "min": 3.22886145383e-22,
        "var": 0.00010427604866
    },
    "spectral_entropy": {
        "dmean": 0.140081465244,
        "dmean2": 0.200635403395,
        "dvar": 0.0196393281221,
        "dvar2": 0.0378385484219,
        "max": 9.81765651703,
        "mean": 7.46991634369,
        "median": 7.47674655914,
        "min": 5.84451818466,
        "var": 0.109809756279
    },
    "spectral_flux": {
        "dmean": 0.0198967698961,
        "dmean2": 0.0310585834086,
        "dvar": 0.000359700527042,
        "dvar2": 0.000803405651823,
        "max": 0.271539270878,
        "mean": 0.091874666512,
        "median": 0.0896798744798,
        "min": 6.78885003769e-11,
        "var": 0.00122347241268
    },
    "spectral_kurtosis": {
        "dmean": 2.09834098816,
        "dmean2": 3.58277249336,
        "dvar": 4.35420227051,
        "dvar2": 12.1688327789,
        "max": 31.3196144104,
        "mean": 5.57253026962,
        "median": 4.85990715027,
        "min": -1.21988141537,
        "var": 9.43715286255
    },
    "spectral_rms": {
        "dmean": 0.00066099880496,
        "dmean2": 0.0010094124591,
        "dvar": 3.78654277711e-07,
        "dvar2": 8.16466297238e-07,
        "max": 0.0101206516847,
        "mean": 0.00499331578612,
        "median": 0.00503712845966,
        "min": 3.09509514372e-12,
        "var": 1.97120334633e-06
    },
    "spectral_rolloff": {
        "dmean": 341.921173096,
        "dmean2": 577.651550293,
        "dvar": 341848.96875,
        "dvar2": 752951.75,
        "max": 18626.2207031,
        "mean": 1585.26171875,
        "median": 1507.32421875,
        "min": 107.666015625,
        "var": 890742.0625
    },
    "spectral_skewness": {
        "dmean": 0.246051922441,
        "dmean2": 0.407945781946,
        "dvar": 0.050817552954,
        "dvar2": 0.134084865451,
        "max": 4.17577981949,
        "mean": 1.62701463699,
        "median": 1.57631063461,
        "min": -0.0198663435876,
        "var": 0.168363839388
    },
    "spectral_spread": {
        "dmean": 370261.03125,
        "dmean2": 504871.75,
        "dvar": 521503604736,
        "dvar2": 648709341184,
        "max": 51853016,
        "mean": 3373618,
        "median": 3159701,
        "min": 1711935.625,
        "var": 1.6083278889e+12
    },
    "spectral_strongpeak": {
        "dmean": 0.92100840807,
        "dmean2": 1.50241005421,
        "dvar": 1.30899202824,
        "dvar2": 3.23478841782,
        "max": 15.0460195541,
        "mean": 1.94917058945,
        "median": 1.24651002884,
        "min": 0,
        "var": 3.69533109665
    },
    "zerocrossingrate": {
        "dmean": 0.0065966527909,
        "dmean2": 0.00808380823582,
        "dvar": 8.4024402895e-05,
        "dvar2": 0.000109000640805,
        "max": 0.64697265625,
        "mean": 0.0584591925144,
        "median": 0.056640625,
        "min": 0.01123046875,
        "var": 0.000646451895591
    },
    "barkbands": {
        "dmean": [4.50829284091e-05, 0.000910190748982, 0.00073932291707, 0.000575640588067, 0.00192839745432, 0.00115230400115, 0.000731819134671, 0.00124742009211, 0.00188769272063, 0.0013137384085, 0.00124435604084, 0.000713848683517, 0.000855597434565, 0.000745731173083, 0.00064611894777, 0.000389032182284, 0.000363280298188, 0.000203829375096, 0.00021660879429, 0.000121695265989, 8.01897040219e-05, 4.8439938837e-05, 3.33226053044e-05, 2.48087490036e-05, 1.22013670989e-05, 6.05649574936e-06, 7.90546117457e-09],
        "dmean2": [7.75899534347e-05, 0.0015146372607, 0.00125570339151, 0.00096329965163, 0.0031373265665, 0.00182961008977, 0.00117580289952, 0.00200153328478, 0.00300732092001, 0.00209431606345, 0.00198300695047, 0.00115267233923, 0.00139246124309, 0.00118859566282, 0.00102257949766, 0.000638903351501, 0.000590151816141, 0.000334981858032, 0.000354633491952, 0.000202467665076, 0.000131729466375, 7.5378389738e-05, 4.8200468882e-05, 3.57203098247e-05, 1.76695702976e-05, 9.04275475477e-06, 1.38604763222e-08],
        "dvar": [4.57540405563e-09, 2.2440963221e-06, 2.16162970901e-06, 7.58036378556e-07, 8.01757596491e-06, 3.73708667212e-06, 3.31152273247e-06, 7.59565682529e-06, 1.41051768878e-05, 6.992278486e-06, 9.10379458219e-06, 2.03062586479e-06, 3.45582520822e-06, 2.93995981338e-06, 1.95397319658e-06, 5.47786157767e-07, 3.48769845004e-07, 1.19101486007e-07, 1.91165327124e-07, 4.18322763096e-08, 2.7190845131e-08, 8.24624990514e-09, 8.91165097272e-09, 4.91288476567e-09, 9.60008850193e-10, 3.1196784045e-10, 2.1934801201e-15],
        "dvar2": [1.27089707647e-08, 5.85613906878e-06, 5.92076730754e-06, 1.99898408937e-06, 2.09206355066e-05, 8.55253620102e-06, 8.09700668469e-06, 1.84279742825e-05, 3.38951140293e-05, 1.64482280525e-05, 2.26786705753e-05, 4.91561104354e-06, 8.77483216755e-06, 6.62786851535e-06, 4.54248129245e-06, 1.40555243888e-06, 8.56089116041e-07, 3.14703868298e-07, 4.32977913079e-07, 1.12234772587e-07, 7.1911564703e-08, 1.86129582858e-08, 1.73050729302e-08, 1.04581721061e-08, 1.87495596826e-09, 6.83481604646e-10, 5.96278668802e-15],
        "max": [0.00122834439389, 0.0314633324742, 0.0233760904521, 0.01608684659, 0.0399648025632, 0.0574664957821, 0.0511474683881, 0.0605300478637, 0.0803811252117, 0.0561493299901, 0.066432453692, 0.0309977643192, 0.0367360897362, 0.0533890165389, 0.039634950459, 0.0154950041324, 0.0140364868566, 0.00884334091097, 0.0152507657185, 0.00268630124629, 0.00293793994933, 0.00183720805217, 0.00277977017686, 0.00221539312042, 0.000899087870494, 0.000663173268549, 1.76868093149e-06],
        "mean": [5.67045281059e-05, 0.00152757577598, 0.00106027233414, 0.000864958681632, 0.00391429336742, 0.00191089336295, 0.00118774559814, 0.00182432204019, 0.00319755962119, 0.00219521834515, 0.00203171512112, 0.00115537561942, 0.00140456936788, 0.00125835509971, 0.00113319815136, 0.000738366041332, 0.000699505326338, 0.000399213051423, 0.000406155886594, 0.000228764241911, 0.000141085271025, 9.63061975199e-05, 6.9197943958e-05, 4.61573290522e-05, 2.11302067328e-05, 8.5228093667e-06, 6.47979003787e-09],
        "median": [2.72512043011e-05, 0.00101922429167, 0.000623115338385, 0.000485766213387, 0.00265992572531, 0.00104845850728, 0.000548376701772, 0.000672210007906, 0.00114004407078, 0.000684594793711, 0.000518793356605, 0.000428349274443, 0.000478503061458, 0.000427862833021, 0.000409656990087, 0.000319054350257, 0.00038253623643, 0.000211859805859, 0.000215857377043, 0.00012491302914, 7.49574028305e-05, 5.42701309314e-05, 3.24214961438e-05, 1.77197453013e-05, 6.79309732732e-06, 1.94210542759e-06, 7.38449079662e-10],
        "min": [1.31166600615e-23, 2.3735906404e-23, 2.17138776214e-24, 3.00839166511e-24, 5.4713947193e-23, 2.91666552229e-23, 4.7001178392e-23, 2.18838582138e-23, 6.62137405882e-23, 1.61709732921e-23, 5.66799842063e-23, 2.98344922435e-23, 1.28304931951e-22, 6.76257889868e-23, 1.01512640768e-22, 1.58203530187e-22, 2.1158401846e-22, 1.37073783556e-22, 1.36100253468e-22, 2.08821629519e-22, 3.43577853331e-22, 3.48049243159e-22, 5.23613910553e-22, 6.86907562575e-22, 1.02435433846e-21, 1.48794938894e-21, 2.03195544225e-21],
        "var": [6.52603615592e-09, 3.245085054e-06, 2.16793387153e-06, 1.19323794934e-06, 1.74676388269e-05, 7.58806845624e-06, 5.38319181942e-06, 1.36763255796e-05, 3.45536245732e-05, 1.74557335413e-05, 2.34134531638e-05, 4.72971532872e-06, 6.82935979057e-06, 7.40789118936e-06, 4.16451803176e-06, 1.76243429451e-06, 9.51843105668e-07, 3.02118820628e-07, 4.30982311173e-07, 8.22389552013e-08, 3.67556722836e-08, 1.80604384781e-08, 2.26183036744e-08, 9.57226831133e-09, 2.14423256928e-09, 5.80479775358e-10, 1.69423498346e-15]
    },
    "erbbands": {
        "dmean": [0.0206526294351, 0.234876528382, 0.790145218372, 1.36880683899, 3.5346019268, 7.69644117355, 10.7829217911, 8.99186134338, 9.83654022217, 13.8773422241, 32.0125198364, 40.0472869873, 39.6330757141, 50.6308708191, 28.4296283722, 25.9094638824, 35.7492370605, 34.8202209473, 32.8212890625, 25.6075401306, 18.7811603546, 20.1862182617, 12.4129114151, 11.8360719681, 8.77319335938, 4.77869272232, 3.46314358711, 2.95442461967, 1.89140844345, 1.30978262424, 0.932037472725, 0.604063510895, 0.375514656305, 0.149833679199, 0.086375541985, 0.0401573888958, 0.00855807028711, 0.000305234163534, 1.09751126729e-05, 8.75591467775e-06],
        "dmean2": [0.0340558178723, 0.391376525164, 1.33544480801, 2.28128838539, 5.80419778824, 12.5697345734, 17.4253578186, 14.3669109344, 15.9373140335, 22.35779953, 50.8604202271, 63.8207435608, 62.1606178284, 81.7981262207, 45.0943527222, 41.9138221741, 57.5892295837, 54.6363945007, 51.3063430786, 40.6952018738, 30.755821228, 32.8303756714, 20.2893886566, 19.2553195953, 14.4266586304, 7.93220806122, 5.74202013016, 4.77748632431, 2.96056199074, 1.95515882969, 1.36950922012, 0.872809708118, 0.546254813671, 0.215915024281, 0.12573261559, 0.0592840202153, 0.0127516193315, 0.000449797080364, 1.58088150783e-05, 1.33831190396e-05],
        "dvar": [0.00101015355904, 0.156634300947, 2.35477542877, 4.8783993721, 30.261510849, 139.233642578, 338.305084229, 292.258972168, 633.374694824, 1116.89428711, 4489.55175781, 7268.17333984, 7673.01513672, 13023.3339844, 3199.56762695, 2925.01049805, 6100.24462891, 5417.13525391, 6209.56884766, 2517.45068359, 1196.36889648, 1104.37414551, 476.293792725, 789.056762695, 254.568145752, 69.8931274414, 49.6264610291, 35.070930481, 11.5916013718, 11.298412323, 7.50336647034, 3.1680700779, 1.05230557919, 0.144037753344, 0.0490256212652, 0.0122858025134, 0.000730587809812, 1.549554554e-06, 7.92257093263e-10, 8.34230601265e-11],
        "dvar2": [0.00267350836657, 0.404444694519, 6.44778394699, 12.7370185852, 78.1810913086, 368.958831787, 831.093933105, 644.196655273, 1581.37634277, 2729.55761719, 10797.4589844, 17233.5546875, 18403.9355469, 34807.890625, 7722.5234375, 7186.578125, 15356.2275391, 12052.2275391, 13942.3505859, 5826.62060547, 3115.38452148, 2744.40209961, 1245.02502441, 1762.65234375, 662.149475098, 190.056228638, 133.920669556, 90.1566238403, 26.8626441956, 24.6644897461, 15.3497104645, 6.736140728, 2.22702455521, 0.289983928204, 0.0973785892129, 0.0275792293251, 0.00153020117432, 3.2055572774e-06, 1.56716439825e-09, 1.85599230429e-10],
        "max": [0.6700065732, 7.70795583725, 28.2929725647, 41.8936538696, 114.375709534, 218.467208862, 379.126220703, 610.552856445, 676.593383789, 854.390014648, 1444.29589844, 1547.79248047, 2184.01000977, 2101.05810547, 1539.8984375, 1154.64123535, 1584.71008301, 1755.27612305, 2632.76586914, 1581.92248535, 996.729675293, 655.016601562, 633.467407227, 1069.34887695, 400.805908203, 119.775093079, 123.741142273, 137.133789062, 68.0146560669, 109.875274658, 83.7422485352, 65.7609634399, 32.4464187622, 12.2980098724, 6.08351945877, 4.82258987427, 0.977717936039, 0.0434923321009, 0.000987101346254, 0.000124199257698],
        "mean": [0.0357689149678, 0.37291187048, 1.19932675362, 2.21762108803, 6.45310783386, 14.4772615433, 18.3605194092, 14.855928421, 16.3843784332, 22.7211055756, 50.8032073975, 69.4594573975, 70.5797653198, 94.8567886353, 50.8900184631, 46.5703697205, 62.8480110168, 62.9360466003, 63.6122894287, 51.9598960876, 39.6373291016, 40.9995307922, 26.4388771057, 22.9644832611, 17.1603012085, 9.23514080048, 6.16775226593, 5.3753619194, 3.66767501831, 2.6065621376, 1.89909780025, 1.13882267475, 0.670634925365, 0.257801234722, 0.144085988402, 0.0605258904397, 0.0110149309039, 0.000380964862416, 2.76917180599e-05, 3.45391272276e-05],
        "median": [0.0224917493761, 0.238549619913, 0.736088097095, 1.40005397797, 4.22230005264, 9.23088932037, 9.5455198288, 7.95166063309, 8.50127887726, 9.94075965881, 21.2371196747, 25.2688350677, 26.2896270752, 25.8154640198, 20.4564990997, 19.1662502289, 24.335609436, 25.9439964294, 25.364736557, 22.2070579529, 21.3901100159, 23.4056034088, 14.6862363815, 12.1528959274, 10.5738430023, 5.69904470444, 3.29533696175, 2.99354100227, 2.0427210331, 1.31080210209, 0.849427819252, 0.467230528593, 0.237663716078, 0.0835361480713, 0.0457414761186, 0.0163968596607, 0.00169770792127, 4.7397959861e-05, 1.95629982045e-05, 3.26328663505e-05],
        "min": [3.75602475883e-22, 5.33960069974e-21, 4.80246159857e-21, 2.02127657285e-20, 6.59223980243e-20, 1.8590526253e-19, 1.75758858341e-19, 2.66041240729e-19, 4.86295811506e-19, 6.5809879489e-19, 8.21458952557e-19, 1.38606312547e-18, 6.96596866273e-19, 1.51078738279e-18, 2.04349262785e-18, 2.0221406147e-18, 5.87009548879e-18, 4.2538085601e-18, 3.86823527476e-18, 6.83564563344e-18, 9.54429197623e-18, 1.19822629023e-17, 9.00556165098e-18, 1.05857413188e-17, 8.53896809259e-18, 1.23441742726e-17, 1.2789723529e-17, 1.39588812863e-17, 1.34532348769e-17, 1.11451892096e-17, 1.40518547328e-17, 1.36699868031e-17, 1.3833629598e-17, 9.48265957597e-18, 7.77443565809e-18, 4.08453431954e-18, 3.01044877275e-18, 1.06768368585e-18, 2.83751255192e-19, 2.81139238538e-20],
        "var": [0.00198015174828, 0.20897243917, 2.49319243431, 6.61239528656, 52.8065757751, 292.700592041, 726.06427002, 545.789489746, 968.817443848, 1898.3359375, 8723.58886719, 17665.375, 20335.5332031, 40219.6445312, 7291.21386719, 6830.73193359, 12171.5830078, 11734.7578125, 15686.7998047, 6826.22265625, 3768.78125, 3200.21923828, 1348.94189453, 1841.25549316, 500.431091309, 117.364242554, 68.1622619629, 53.4418754578, 24.1797790527, 25.5935592651, 17.3983688354, 6.14623832703, 2.02949285507, 0.305107951164, 0.105869933963, 0.0232526380569, 0.00128968874924, 2.34563185586e-06, 1.55094226351e-09, 3.23858023732e-10]
    },
    "gfcc": {
        "mean": [6.39463663101, 114.45413208, -152.868499756, 28.6782855988, -64.0170288086, 13.5675916672, -39.7866287231, 6.51565027237, -22.2605361938, -4.46137189865, -15.0085868835, -5.30278396606, -3.85308742523],
        "cov": [[2921.77880859, -649.343566895, -174.062698364, 63.2117233276, -93.4293746948, 218.169235229, -43.5260353088, 159.918701172, -123.543190002, 94.5841293335, -122.200942993, 92.6920700073, -145.154663086], [-649.343566895, 1103.30944824, 232.202880859, 45.8536109924, 152.725143433, -198.436279297, 55.038192749, -140.061889648, 118.504890442, -132.391891479, 113.71887207, -112.774269104, 109.962722778], [-174.062698364, 232.202880859, 651.443969727, 167.781570435, -6.37237691879, -14.9367790222, -47.7802352905, -14.9816608429, -21.6374073029, 26.8749084473, -30.0741882324, 24.6641674042, -13.7166013718], [63.2117233276, 45.8536109924, 167.781570435, 242.973403931, 53.3938331604, -22.5382118225, -23.865776062, 7.4230427742, 19.2352867126, 19.1393985748, 2.7956635952, -2.4809923172, 5.35633516312], [-93.4293746948, 152.725143433, -6.37237691879, 53.3938331604, 166.447265625, 19.6137123108, 20.5643386841, -5.03006410599, 23.2329883575, -16.1961860657, 14.5508422852, -13.0026502609, 17.4566440582], [218.169235229, -198.436279297, -14.9367790222, -22.5382118225, 19.6137123108, 204.586929321, 66.0336380005, 29.819644928, -40.1662025452, 13.8997745514, -24.1906642914, 33.0190467834, -16.5820941925], [-43.5260353088, 55.038192749, -47.7802352905, -23.865776062, 20.5643386841, 66.0336380005, 171.094467163, 48.7341651917, -21.5030994415, -28.7366924286, 18.9512615204, 3.34611535072, 4.10862922668], [159.918701172, -140.061889648, -14.9816608429, 7.4230427742, -5.03006410599, 29.819644928, 48.7341651917, 127.824333191, 7.70445013046, 23.5370025635, -13.500954628, 14.5451612473, -29.5899829865], [-123.543190002, 118.504890442, -21.6374073029, 19.2352867126, 23.2329883575, -40.1662025452, -21.5030994415, 7.70445013046, 128.903152466, 18.2339458466, 12.1922779083, -33.91381073, 19.5568389893], [94.5841293335, -132.391891479, 26.8749084473, 19.1393985748, -16.1961860657, 13.8997745514, -28.7366924286, 23.5370025635, 18.2339458466, 92.8539886475, 4.86890602112, 18.8460636139, -25.4462013245], [-122.200942993, 113.71887207, -30.0741882324, 2.7956635952, 14.5508422852, -24.1906642914, 18.9512615204, -13.500954628, 12.1922779083, 4.86890602112, 81.2981643677, 7.00529384613, 12.9817962646], [92.6920700073, -112.774269104, 24.6641674042, -2.4809923172, -13.0026502609, 33.0190467834, 3.34611535072, 14.5451612473, -33.91381073, 18.8460636139, 7.00529384613, 79.6029434204, 2.87106013298], [-145.154663086, 109.962722778, -13.7166013718, 5.35633516312, 17.4566440582, -16.5820941925, 4.10862922668, -29.5899829865, 19.5568389893, -25.4462013245, 12.9817962646, 2.87106013298, 75.1719512939]],
        "icov": [[0.000619442609604, -0.000851636752486, 0.000915928219911, -0.000863451568875, 0.000894574506674, -0.00111443840433, 0.00100458040833, -0.0010343992617, 0.000916784862056, -0.000788233533967, 0.00142840459011, -0.00106950383633, 0.00104375008959], [-0.000851636752486, 0.00687733804807, -0.00478645274416, 0.00335469748825, -0.00511069735512, 0.0054255775176, -0.00504235643893, 0.00517911091447, -0.00503434799612, 0.00601625582203, -0.00773806404322, 0.00574642885476, -0.00365615286864], [0.000915928219911, -0.00478645274416, 0.0055740987882, -0.00412778463215, 0.00404943851754, -0.00385822169483, 0.00370522029698, -0.00322631536983, 0.00389186223038, -0.00444774003699, 0.00658134743571, -0.0049967369996, 0.0033537868876], [-0.000863451568875, 0.00335469748825, -0.00412778463215, 0.0078968256712, -0.00477868271992, 0.0035980490502, -0.00218023965135, 0.00178357725963, -0.00262921140529, 0.00185028288979, -0.00458507053554, 0.00373680423945, -0.00320638949051], [0.000894574506674, -0.00511069735512, 0.00404943851754, -0.00477868271992, 0.0114547908306, -0.0058606644161, 0.00363069283776, -0.00371634564362, 0.00252815149724, -0.0027893667575, 0.00461284862831, -0.00361249083653, 0.00240804906934], [-0.00111443840433, 0.0054255775176, -0.00385822169483, 0.0035980490502, -0.0058606644161, 0.0120537169278, -0.00766305904835, 0.0051557905972, -0.00310685182922, 0.00236960058101, -0.00299649545923, 0.00218516238965, -0.00253631453961], [0.00100458040833, -0.00504235643893, 0.00370522029698, -0.00218023965135, 0.00363069283776, -0.00766305904835, 0.01396452263, -0.00904911197722, 0.00549089862034, -0.000721116608474, 0.00151371781249, -0.00236643850803, 0.00144486909267], [-0.0010343992617, 0.00517911091447, -0.00322631536983, 0.00178357725963, -0.00371634564362, 0.0051557905972, -0.00904911197722, 0.0164104066789, -0.00689514866099, 0.00238123140298, -0.00247010122985, 0.000889448681846, 0.00165780680254], [0.000916784862056, -0.00503434799612, 0.00389186223038, -0.00262921140529, 0.00252815149724, -0.00310685182922, 0.00549089862034, -0.00689514866099, 0.0157646164298, -0.00859047751874, 0.00449000392109, 0.00167404848617, -0.00210320437327], [-0.000788233533967, 0.00601625582203, -0.00444774003699, 0.00185028288979, -0.0027893667575, 0.00236960058101, -0.000721116608474, 0.00238123140298, -0.00859047751874, 0.0220268536359, -0.0100165642798, 0.000958610151429, 0.00226539536379], [0.00142840459011, -0.00773806404322, 0.00658134743571, -0.00458507053554, 0.00461284862831, -0.00299649545923, 0.00151371781249, -0.00247010122985, 0.00449000392109, -0.0100165642798, 0.0255392715335, -0.0105403289199, 0.00425119977444], [-0.00106950383633, 0.00574642885476, -0.0049967369996, 0.00373680423945, -0.00361249083653, 0.00218516238965, -0.00236643850803, 0.000889448681846, 0.00167404848617, 0.000958610151429, -0.0105403289199, 0.0237940475345, -0.00904832128435], [0.00104375008959, -0.00365615286864, 0.0033537868876, -0.00320638949051, 0.00240804906934, -0.00253631453961, 0.00144486909267, 0.00165780680254, -0.00210320437327, 0.00226539536379, 0.00425119977444, -0.00904832128435, 0.0218873489648]]
    },
    "melbands": {
        "dmean": [0.000214855797822, 0.000362391001545, 0.000265067414148, 0.00040173184243, 0.000366144347936, 0.000202819821425, 0.000147190410644, 0.000177202557097, 0.00028185773408, 0.000261546781985, 0.000202576862648, 0.00020699261222, 0.000119842909044, 7.05019265297e-05, 8.26383984531e-05, 9.04272819753e-05, 6.95431663189e-05, 5.88607217651e-05, 5.21336369275e-05, 2.98570976156e-05, 2.22001490329e-05, 2.36175728787e-05, 1.44001187437e-05, 9.63984348346e-06, 1.09609154606e-05, 7.13287272447e-06, 6.11576751908e-06, 2.99679595628e-06, 2.32492948271e-06, 2.23902407015e-06, 1.65439826105e-06, 1.23027064092e-06, 8.43441739562e-07, 7.40716927794e-07, 6.09907431226e-07, 4.62118094902e-07, 3.75855051971e-07, 2.97214114653e-07, 2.06389017876e-07, 1.13865588958e-07],
        "dmean2": [0.000354845891707, 0.000602722924668, 0.000437534996308, 0.000653153227177, 0.00059048255207, 0.000322881271131, 0.000237520376686, 0.000284061417915, 0.00044676597463, 0.000417247472797, 0.000319147336995, 0.000334435811965, 0.000189146812772, 0.000112753208668, 0.000134103887831, 0.000146876453073, 0.000109192784294, 9.22376348171e-05, 8.28090414871e-05, 4.86547614855e-05, 3.66565182048e-05, 3.86695355701e-05, 2.34166382143e-05, 1.58532820933e-05, 1.78907575901e-05, 1.17518693514e-05, 1.02821468317e-05, 4.95507629239e-06, 3.87815998693e-06, 3.71512851416e-06, 2.696589263e-06, 1.95443794837e-06, 1.31897991196e-06, 1.11434178507e-06, 9.25640335936e-07, 6.91874788572e-07, 5.56870475066e-07, 4.4159591539e-07, 3.08216499434e-07, 1.70493947849e-07],
        "dvar": [1.19269600418e-07, 4.23430122964e-07, 1.56795721296e-07, 3.85051635021e-07, 3.53386184315e-07, 1.31494971356e-07, 1.36999602773e-07, 1.68587121152e-07, 3.34946832936e-07, 3.11743917791e-07, 1.95761217014e-07, 1.98214792135e-07, 6.66905393132e-08, 2.18441140731e-08, 3.1935563527e-08, 4.83798494599e-08, 2.45361331253e-08, 2.31404424511e-08, 1.21325758329e-08, 3.95410149068e-09, 1.81832326973e-09, 1.55368684585e-09, 6.14737150073e-10, 2.8291766152e-10, 7.89005805135e-10, 1.59226618002e-10, 1.30289806721e-10, 3.10909978318e-11, 2.21476361556e-11, 2.22864348504e-11, 1.03088527298e-11, 4.69412139367e-12, 3.214829878e-12, 4.1032190666e-12, 3.21594226943e-12, 1.65686908637e-12, 1.24988160013e-12, 6.58252152872e-13, 2.8068687782e-13, 7.99537912548e-14],
        "dvar2": [3.14088282494e-07, 1.12403586172e-06, 4.04822685596e-07, 1.00000545444e-06, 8.87873000011e-07, 2.90700086225e-07, 3.42300467082e-07, 4.17248600115e-07, 8.11457312011e-07, 7.42269946841e-07, 4.68996148584e-07, 5.23585697465e-07, 1.61420715017e-07, 5.18133660421e-08, 7.97296877408e-08, 1.2468585453e-07, 5.32256976271e-08, 5.20224112677e-08, 2.75077258749e-08, 9.74653335817e-09, 4.67155736317e-09, 3.9375924743e-09, 1.42209310994e-09, 7.53188789115e-10, 1.74898362459e-09, 4.01039729203e-10, 3.55771051508e-10, 8.37805588794e-11, 5.99170088544e-11, 5.98866442547e-11, 2.61580080513e-11, 1.13356954032e-11, 7.2404122628e-12, 9.07272867945e-12, 6.99619528977e-12, 3.44991960347e-12, 2.83481810075e-12, 1.42763806419e-12, 6.23175610507e-13, 1.64243117262e-13],
        "max": [0.0077036852017, 0.0119525333866, 0.00653351051733, 0.00975862145424, 0.0120746884495, 0.0124639756978, 0.0106256231666, 0.00996450893581, 0.0109498482198, 0.0105689913034, 0.0106959966943, 0.00774101400748, 0.00521626509726, 0.00384964398108, 0.00454806350172, 0.00501293828711, 0.00435472186655, 0.00442748004571, 0.00382295367308, 0.00160569883883, 0.0011039924575, 0.000802489754278, 0.000903667241801, 0.000428272527643, 0.00104502215981, 0.000341066421242, 0.000216909917071, 0.000106387087726, 9.72369452938e-05, 9.42927217693e-05, 7.09834421286e-05, 3.6200388422e-05, 4.04701313528e-05, 7.03719124431e-05, 5.39735847269e-05, 4.68767102575e-05, 4.18074741901e-05, 2.46565596171e-05, 1.72371019289e-05, 7.96890162746e-06],
        "mean": [0.00037366655306, 0.000595854420681, 0.000470708706416, 0.000776186527219, 0.00066053296905, 0.000341005506925, 0.000246390671236, 0.000279745494481, 0.000441616371972, 0.000447198748589, 0.000346218352206, 0.000377700023819, 0.000204616953852, 0.000116404065921, 0.000134548856295, 0.000147321086843, 0.000113274087198, 0.000103613936517, 9.20256134123e-05, 5.62485111004e-05, 4.17228256993e-05, 4.43940880359e-05, 2.84390498564e-05, 1.86792240129e-05, 1.92268216779e-05, 1.26145805552e-05, 1.07454898171e-05, 5.15301644555e-06, 3.92541187466e-06, 3.67257462131e-06, 2.83281246993e-06, 2.20040578824e-06, 1.56456906097e-06, 1.38173061259e-06, 1.15696082048e-06, 8.43051168431e-07, 6.4446368242e-07, 5.03626779391e-07, 3.34716531825e-07, 1.79268283773e-07],
        "median": [0.000244712544372, 0.000403385143727, 0.000324808061123, 0.000525062845554, 0.000376496725949, 0.000188473160961, 0.000126747749164, 0.000112387991976, 0.000172713131178, 0.000148918232298, 0.000111178997031, 0.000100373035821, 6.6459964728e-05, 4.57858295704e-05, 4.57067762909e-05, 4.59711445728e-05, 4.04824240832e-05, 3.39683210768e-05, 3.16877412843e-05, 2.28320786846e-05, 2.14732244785e-05, 2.33899882005e-05, 1.61122698046e-05, 9.80307959253e-06, 8.50788092066e-06, 7.10017320671e-06, 5.25110090166e-06, 2.65542007583e-06, 1.84007365078e-06, 1.83765496331e-06, 1.48835408709e-06, 1.16318801702e-06, 8.21511378035e-07, 6.46561147732e-07, 4.92823119203e-07, 3.45222332498e-07, 2.45322041792e-07, 1.7836691768e-07, 1.07322570386e-07, 5.47228502512e-08],
        "min": [7.02474482984e-24, 5.56261046911e-24, 4.92482194926e-24, 1.02202468075e-23, 8.13970190062e-24, 6.31073893592e-24, 8.11237418114e-24, 5.73514697085e-24, 7.82830536917e-24, 8.62410982808e-24, 3.43421759846e-24, 5.44388611401e-24, 7.03779101149e-24, 3.14055268801e-24, 1.01529995708e-23, 1.12802360504e-23, 7.23636702286e-24, 4.29399236589e-24, 8.7244513575e-24, 7.64693520301e-24, 1.25768559547e-23, 1.07340516366e-23, 9.88236427115e-24, 6.36908545505e-24, 8.23002095224e-24, 5.48966883994e-24, 6.98040059178e-24, 8.15719962436e-24, 5.91327846857e-24, 8.60398914183e-24, 6.66638898643e-24, 7.86812627881e-24, 5.34714336804e-24, 6.20951269899e-24, 8.56511407642e-24, 6.12404356421e-24, 7.19532416768e-24, 9.09898673808e-24, 8.92704267088e-24, 7.42289081732e-24],
        "var": [1.94030405964e-07, 5.14029693477e-07, 2.47474361004e-07, 7.31752436423e-07, 7.97903226157e-07, 2.55197164734e-07, 2.07999164559e-07, 2.96078326301e-07, 6.76669685618e-07, 7.79150866492e-07, 5.20432593021e-07, 6.05762465966e-07, 1.66243566468e-07, 5.09760020861e-08, 7.10786451918e-08, 9.54126591068e-08, 5.21591516645e-08, 6.17051298946e-08, 3.04793097428e-08, 1.1622547369e-08, 4.55497062291e-09, 4.14457934639e-09, 1.69729796884e-09, 7.0283590059e-10, 1.75278958015e-09, 3.18932824594e-10, 2.30636662546e-10, 5.42193408226e-11, 3.35231911675e-11, 2.80731392993e-11, 1.59834697561e-11, 8.9749856852e-12, 6.7020052702e-12, 8.83442364402e-12, 6.96926587621e-12, 3.39945020918e-12, 2.09227860731e-12, 1.19496166434e-12, 5.10635045532e-13, 1.61137311719e-13]
    },
    "mfcc": {
        "mean": [-621.828674316, 134.856918335, -25.6433544159, 14.5790529251, -4.22037649155, 2.97034692764, -5.97125339508, 4.5454120636, -2.32819151878, 0.987649440765, -3.86521887779, -3.69978904724, -6.53808689117],
        "cov": [[2286.47924805, -716.455688477, -168.334320068, -146.566665649, -24.5790462494, 27.7328987122, 67.3268356323, 81.6172790527, 9.21061229706, 61.4256019592, 36.5960617065, 12.2645072937, -38.2740440369], [-716.455688477, 966.440368652, 116.562690735, 171.049972534, 63.9438476562, -11.7565736771, -29.0983867645, -14.0160551071, -21.0115909576, -24.871339798, 2.11907196045, -33.1354446411, 2.44780659676], [-168.334320068, 116.562690735, 548.097229004, 149.096359253, 56.9557266235, 30.0125713348, -7.41962146759, -28.6065750122, 5.56188821793, -21.2425994873, -9.02234649658, 7.64963531494, 6.11965274811], [-146.566665649, 171.049972534, 149.096359253, 283.515197754, 85.9205474854, -22.4901313782, -26.8290615082, -26.724439621, 2.54662895203, 5.7972278595, -6.43400096893, 14.5430679321, 18.3865203857], [-24.5790462494, 63.9438476562, 56.9557266235, 85.9205474854, 167.388061523, 34.6571273804, -40.0856933594, -21.458152771, 6.61187505722, 19.7239437103, -8.57234859467, -7.53580713272, 3.13711881638], [27.7328987122, -11.7565736771, 30.0125713348, -22.4901313782, 34.6571273804, 132.882995605, 43.4181251526, 15.2984218597, 8.17427349091, -6.30345678329, -7.05610179901, -9.48733234406, -4.68695688248], [67.3268356323, -29.0983867645, -7.41962146759, -26.8290615082, -40.0856933594, 43.4181251526, 175.527252197, 74.3411407471, 3.61769175529, -19.0386962891, 5.60228872299, 9.37597084045, -0.434476166964], [81.6172790527, -14.0160551071, -28.6065750122, -26.724439621, -21.458152771, 15.2984218597, 74.3411407471, 111.758956909, 32.184425354, 0.15342476964, 7.73815250397, 3.32960748672, -1.86201930046], [9.21061229706, -21.0115909576, 5.56188821793, 2.54662895203, 6.61187505722, 8.17427349091, 3.61769175529, 32.184425354, 79.1514205933, 31.7563762665, 2.47654533386, -2.47082805634, -1.10407853127], [61.4256019592, -24.871339798, -21.2425994873, 5.7972278595, 19.7239437103, -6.30345678329, -19.0386962891, 0.15342476964, 31.7563762665, 90.5163803101, 27.4170379639, -2.77423524857, -4.12625551224], [36.5960617065, 2.11907196045, -9.02234649658, -6.43400096893, -8.57234859467, -7.05610179901, 5.60228872299, 7.73815250397, 2.47654533386, 27.4170379639, 73.6037902832, 26.2856140137, 1.75123023987], [12.2645072937, -33.1354446411, 7.64963531494, 14.5430679321, -7.53580713272, -9.48733234406, 9.37597084045, 3.32960748672, -2.47082805634, -2.77423524857, 26.2856140137, 72.0991287231, 28.6406021118], [-38.2740440369, 2.44780659676, 6.11965274811, 18.3865203857, 3.13711881638, -4.68695688248, -0.434476166964, -1.86201930046, -1.10407853127, -4.12625551224, 1.75123023987, 28.6406021118, 66.9530487061]],
