{
"lowlevel": {
    "average_loudness": 0.856891274452,
    "barkbands_crest": {
        "dmean": 2.07991147041,
        "dmean2": 3.42423653603,
        "dvar": 3.75020742416,
        "dvar2": 10.0378093719,
        "max": 24.3610057831,
        "mean": 9.02910041809,
        "median": 8.21539783478,
        "min": 2.5071451664,
        "var": 11.7887096405
    },
    "barkbands_flatness_db": {
        "dmean": 0.0164130683988,
        "dmean2": 0.0256046932191,
        "dvar": 0.000230859426665,
        "dvar2": 0.000530811608769,
        "max": 0.335911154747,
        "mean": 0.147327661514,
        "median": 0.14821973443,
        "min": 0.0198057517409,
        "var": 0.0017827139236
    },
    "barkbands_kurtosis": {
        "dmean": 1.65409588814,
        "dmean2": 2.65385937691,
        "dvar": 5.38664388657,
        "dvar2": 13.6126585007,
        "max": 49.4986763,
        "mean": 2.9617524147,
        "median": 2.04359722137,
        "min": -1.80016446114,
        "var": 17.2334041595
    },
    "barkbands_skewness": {
        "dmean": 0.352364629507,
        "dmean2": 0.552882134914,
        "dvar": 0.118187740445,
        "dvar2": 0.28017911315,
        "max": 6.21715974808,
        "mean": 1.01458477974,
        "median": 1.21513175964,
        "min": -2.23431062698,
        "var": 1.60418581963
    },
    "barkbands_spread": {
        "dmean": 3.8624830246,
        "dmean2": 5.99332380295,
        "dvar": 19.1291599274,
        "dvar2": 42.0181350708,
        "max": 88.9450302124,
        "mean": 18.2776145935,
        "median": 16.746383667,
        "min": 1.37234568596,
        "var": 85.9369812012
    },
    "dissonance": {
        "dmean": 0.0175593830645,
        "dmean2": 0.0294331051409,
        "dvar": 0.000274913181784,
        "dvar2": 0.000759648450185,
        "max": 0.500000059605,
        "mean": 0.461232811213,
        "median": 0.465420931578,
        "min": 0.320365488529,
        "var": 0.000744909106288
    },
    "dynamic_complexity": 2.44275856018,
    "erbbands_crest": {
        "dmean": 2.17954444885,
        "dmean2": 3.50405144691,
        "dvar": 5.0614066124,
        "dvar2": 12.4387140274,
        "max": 30.560092926,
        "mean": 8.58625507355,
        "median": 7.7222032547,
        "min": 2.623691082,
        "var": 16.9897422791
    },
    "erbbands_flatness_db": {
        "dmean": 0.0142071768641,
        "dmean2": 0.0202381629497,
        "dvar": 0.000189283658983,
        "dvar2": 0.00032901004306,
        "max": 0.355279773474,
        "mean": 0.184033080935,
        "median": 0.189974978566,
        "min": 0.063307903707,
        "var": 0.00201862305403
    },
    "erbbands_kurtosis": {
        "dmean": 0.65804040432,
        "dmean2": 1.04420804977,
        "dvar": 0.731346845627,
        "dvar2": 1.67853522301,
        "max": 17.1670322418,
        "mean": 0.08744995296,
        "median": -0.270444393158,
        "min": -1.82732784748,
        "var": 2.51546549797
    },
    "erbbands_skewness": {
        "dmean": 0.297326982021,
        "dmean2": 0.465024620295,
        "dvar": 0.0731240361929,
        "dvar2": 0.175280317664,
        "max": 3.58143734932,
        "mean": 0.363962709904,
        "median": 0.367030143738,
        "min": -1.90118694305,
        "var": 0.48474124074
    },
    "erbbands_spread": {
        "dmean": 5.51456165314,
        "dmean2": 8.32719898224,
        "dvar": 38.1158447266,
        "dvar2": 77.9012069702,
        "max": 126.158218384,
        "mean": 34.4433135986,
        "median": 33.7711639404,
        "min": 4.23143148422,
        "var": 204.493591309
    },
    "hfc": {
        "dmean": 4.18688249588,
        "dmean2": 6.04074144363,
        "dvar": 37.3768348694,
        "dvar2": 75.9101486206,
        "max": 132.579986572,
        "mean": 18.3592033386,
        "median": 14.0941781998,
        "min": 1.01191419701e-16,
        "var": 248.805847168
    },
    "melbands_crest": {
        "dmean": 2.42691493034,
        "dmean2": 4.01026201248,
        "dvar": 5.416492939,
        "dvar2": 14.753162384,
        "max": 29.1977653503,
        "mean": 10.1865224838,
        "median": 9.87218761444,
        "min": 1.00155031681,
        "var": 20.8740444183
    },
    "melbands_flatness_db": {
        "dmean": 0.0182713102549,
        "dmean2": 0.0280245896429,
        "dvar": 0.000370095920516,
        "dvar2": 0.000831571232993,
        "max": 0.428221076727,
        "mean": 0.181373313069,
        "median": 0.191542357206,
        "min": -6.04005663263e-08,
        "var": 0.00593603728339
    },
    "melbands_kurtosis": {
        "dmean": 2.91259622574,
        "dmean2": 4.59768390656,
        "dvar": 18.0963191986,
        "dvar2": 42.9812431335,
        "max": 91.7132034302,
        "mean": 6.87126111984,
        "median": 5.01976108551,
        "min": -1.57012116909,
        "var": 64.54712677
    },
    "melbands_skewness": {
        "dmean": 0.416952610016,
        "dmean2": 0.647627472878,
        "dvar": 0.173567026854,
        "dvar2": 0.39402794838,
        "max": 7.60087966919,
        "mean": 1.82320868969,
        "median": 1.85486805439,
        "min": -1.51759314537,
        "var": 1.41193556786
    },
    "melbands_spread": {
        "dmean": 5.71310710907,
        "dmean2": 9.09799957275,
        "dvar": 46.3088531494,
        "dvar2": 116.119995117,
        "max": 164.539123535,
        "mean": 32.0917739868,
        "median": 20.1606864929,
        "min": 1.84054887295,
        "var": 1237.9017334
    },
    "pitch_salience": {
        "dmean": 0.051824837923,
        "dmean2": 0.0851343646646,
        "dvar": 0.0023181962315,
        "dvar2": 0.00601263577119,
        "max": 0.997724890709,
        "mean": 0.61457580328,
        "median": 0.608157157898,
        "min": 0.208417549729,
        "var": 0.0115559622645
    },
    "silence_rate_20dB": {
        "dmean": 0,
        "dmean2": 0,
        "dvar": 0,
        "dvar2": 0,
        "max": 1,
        "mean": 1,
        "median": 1,
        "min": 1,
        "var": 0
    },
    "silence_rate_30dB": {
        "dmean": 0.000465008139145,
        "dmean2": 0.000930124428123,
        "dvar": 0.000464793323772,
        "dvar2": 0.00116179615725,
        "max": 1,
        "mean": 0.999651312828,
        "median": 1,
        "min": 0,
        "var": 0.000348601519363
    },
    "silence_rate_60dB": {
        "dmean": 0.0032550569158,
        "dmean2": 0.00651087099686,
        "dvar": 0.00324484333396,
        "dvar2": 0.00739821139723,
        "max": 1,
        "mean": 0.117633379996,
        "median": 0,
        "min": 0,
        "var": 0.103797376156
    },
    "spectral_centroid": {
        "dmean": 217.95703125,
        "dmean2": 342.654327393,
        "dvar": 61953.2539062,
        "dvar2": 143153.828125,
        "max": 11919.1054688,
        "mean": 2226.87451172,
        "median": 1288.99047852,
        "min": 272.101898193,
        "var": 8804963
    },
    "spectral_complexity": {
        "dmean": 2.38153910637,
        "dmean2": 3.75956273079,
        "dvar": 5.99289894104,
        "dvar2": 13.7672710419,
        "max": 53,
        "mean": 17.4775085449,
        "median": 18,
        "min": 0,
        "var": 85.0848999023
    },
    "spectral_decrease": {
        "dmean": 1.40457756537e-09,
        "dmean2": 2.13259387927e-09,
        "dvar": 3.08582912158e-18,
        "dvar2": 6.79729671306e-18,
        "max": 3.02062876552e-28,
        "mean": -5.62027091533e-09,
        "median": -5.347702281e-09,
        "min": -3.31571925472e-08,
        "var": 1.40972652941e-17
    },
    "spectral_energy": {
        "dmean": 0.00560126639903,
        "dmean2": 0.0084738554433,
        "dvar": 4.90006204927e-05,
        "dvar2": 0.00010690887575,
        "max": 0.137168169022,
        "mean": 0.0228773988783,
        "median": 0.0216621868312,
        "min": 9.71941258718e-21,
        "var": 0.000233963262872
    },
    "spectral_energyband_high": {
        "dmean": 0.000184485528735,
        "dmean2": 0.000261613633484,
        "dvar": 1.74161897348e-07,
        "dvar2": 3.80444987513e-07,
        "max": 0.0140071213245,
        "mean": 0.000423384335591,
        "median": 0.000158183655003,
        "min": 6.94768948984e-21,
        "var": 5.02027603488e-07
    },
    "spectral_energyband_low": {
        "dmean": 0.00151356414426,
        "dmean2": 0.0024035978131,
        "dvar": 1.10816599772e-05,
        "dvar2": 2.72300694633e-05,
        "max": 0.0803043395281,
        "mean": 0.00292277289554,
        "median": 0.00187731720507,
        "min": 4.77909291323e-24,
        "var": 1.66711342899e-05
    },
    "spectral_energyband_middle_high": {
        "dmean": 0.00162840541452,
        "dmean2": 0.00237515335903,
        "dvar": 8.85562076292e-06,
        "dvar2": 1.76130961336e-05,
        "max": 0.0638549774885,
        "mean": 0.00574705889449,
        "median": 0.00315723661333,
        "min": 1.15392382076e-21,
        "var": 5.24288843735e-05
    },
    "spectral_energyband_middle_low": {
        "dmean": 0.00418973481283,
        "dmean2": 0.00662562204525,
        "dvar": 2.93946759484e-05,
        "dvar2": 7.08311563358e-05,
        "max": 0.109928824008,
        "mean": 0.0141751077026,
        "median": 0.0124938283116,
        "min": 1.57837082209e-22,
        "var": 0.000112335801532
    },
    "spectral_entropy": {
        "dmean": 0.129589140415,
        "dmean2": 0.194454699755,
        "dvar": 0.021933734417,
        "dvar2": 0.045721244067,
        "max": 9.83085250854,
        "mean": 7.55194807053,
        "median": 7.31778287888,
        "min": 5.51456069946,
        "var": 0.684568822384
    },
    "spectral_flux": {
        "dmean": 0.0163921546191,
        "dmean2": 0.026127256453,
        "dvar": 0.000332025985699,
        "dvar2": 0.000803248607554,
        "max": 0.28244009614,
        "mean": 0.0685162991285,
        "median": 0.0685441121459,
        "min": 6.28804092129e-11,
        "var": 0.00153222121298
    },
    "spectral_kurtosis": {
        "dmean": 1.93660020828,
        "dmean2": 3.32844901085,
        "dvar": 4.35077905655,
        "dvar2": 12.8728151321,
        "max": 47.2654342651,
        "mean": 4.60441398621,
        "median": 4.29991054535,
        "min": -1.27659666538,
        "var": 14.392493248
    },
    "spectral_rms": {
        "dmean": 0.000534094986506,
        "dmean2": 0.000800516863819,
        "dvar": 3.40078457839e-07,
        "dvar2": 7.16126351108e-07,
        "max": 0.0115681719035,
        "mean": 0.00430002249777,
        "median": 0.00459715584293,
        "min": 3.0793429872e-12,
        "var": 3.82923644793e-06
    },
    "spectral_rolloff": {
        "dmean": 384.307739258,
        "dmean2": 647.389282227,
        "dvar": 388078.28125,
        "dvar2": 869337.4375,
        "max": 19832.0800781,
        "mean": 3108.19360352,
        "median": 1184.32617188,
        "min": 172.265625,
        "var": 28141244
    },
    "spectral_skewness": {
        "dmean": 0.230599045753,
        "dmean2": 0.382718294859,
        "dvar": 0.0507224313915,
        "dvar2": 0.135457932949,
        "max": 5.36281681061,
        "mean": 1.37490200996,
        "median": 1.42954480648,
        "min": -0.114847585559,
        "var": 0.415800064802
    },
    "spectral_spread": {
        "dmean": 411421.875,
        "dmean2": 611590.25,
        "dvar": 490159046656,
        "dvar2": 1.00321099776e+12,
        "max": 43940164,
        "mean": 7183166.5,
        "median": 3372482.25,
        "min": 1286734.125,
        "var": 1.24028698231e+14
    },
    "spectral_strongpeak": {
        "dmean": 0.593489229679,
        "dmean2": 0.972341299057,
        "dvar": 0.909376382828,
        "dvar2": 2.1420352459,
        "max": 14.4096136093,
        "mean": 1.34350669384,
        "median": 0.841407895088,
        "min": 0,
        "var": 2.70325231552
    },
    "zerocrossingrate": {
        "dmean": 0.00751653406769,
        "dmean2": 0.00958396028727,
        "dvar": 0.000110099448648,
        "dvar2": 0.000152333581354,
        "max": 0.79638671875,
        "mean": 0.0979805067182,
        "median": 0.05224609375,
        "min": 0.0087890625,
        "var": 0.0188843552023
    },
    "barkbands": {
        "dmean": [2.61690256593e-05, 0.0010346872732, 0.000535722414497, 0.000561396067496, 0.00182505999692, 0.00126492837444, 0.00109167769551, 0.00117493618745, 0.00094610004453, 0.000367564061889, 0.00046447373461, 0.000303423817968, 0.000466026045615, 0.000356469885446, 0.000279593252344, 0.000221903421334, 0.000149274957948, 0.000214595638681, 0.000170208862983, 0.000137877170346, 4.66466117359e-05, 3.97228759539e-05, 2.62207940978e-05, 2.13884304685e-05, 6.85113172949e-06, 3.42697740052e-06, 8.67680594041e-09],
        "dmean2": [4.24629579356e-05, 0.00172418530565, 0.000836234423332, 0.000959890661761, 0.003030231921, 0.00196006847546, 0.00170477491338, 0.00183750013821, 0.00143808324356, 0.000548597367015, 0.000708459701855, 0.000483808253193, 0.000711838016286, 0.000547063187696, 0.000434733432485, 0.000369032524759, 0.00023839934147, 0.00033491422073, 0.00026587897446, 0.000203335526749, 6.97978830431e-05, 6.09675880696e-05, 3.819714766e-05, 3.03335218632e-05, 9.19694048207e-06, 4.89952572025e-06, 1.50052024139e-08],
        "dvar": [2.02004035721e-09, 6.53053984934e-06, 1.53817848059e-06, 1.3981673419e-06, 5.87771228311e-06, 6.36582262814e-06, 5.01038675793e-06, 7.91913953435e-06, 5.39172924618e-06, 8.01032911113e-07, 2.15506474888e-06, 7.7629823636e-07, 2.38956113208e-06, 1.7420571794e-06, 1.04676496449e-06, 3.19711489283e-07, 1.57682492841e-07, 1.79849507731e-07, 1.18929349924e-07, 8.45960883566e-08, 1.12416431719e-08, 3.03835214766e-08, 5.52446355329e-09, 5.16603204659e-09, 8.74861405542e-10, 2.0749053864e-10, 1.48127078349e-15],
        "dvar2": [5.03596986334e-09, 1.77948404598e-05, 3.40792780662e-06, 3.98611018682e-06, 1.62859614647e-05, 1.53847468027e-05, 1.20673475976e-05, 1.99758178496e-05, 1.26676459331e-05, 1.67649898231e-06, 3.99261125494e-06, 1.79687469881e-06, 5.13955365022e-06, 3.52740130438e-06, 2.41086331698e-06, 8.33183719351e-07, 3.87928452028e-07, 4.07342696462e-07, 2.65321773441e-07, 1.7323699808e-07, 2.3559442397e-08, 8.05146314065e-08, 1.07585149678e-08, 1.02218393749e-08, 1.5031417222e-09, 4.54029674968e-10, 4.06966932145e-15],
        "max": [0.000786519725807, 0.054904025048, 0.0239253547043, 0.0215507186949, 0.0560702085495, 0.0847274661064, 0.0392299443483, 0.0556069277227, 0.075792260468, 0.0312374513596, 0.0398748256266, 0.0294355973601, 0.0557016581297, 0.0376405157149, 0.0330072939396, 0.0139217516407, 0.0180316083133, 0.0129543663934, 0.00861313845962, 0.00945540238172, 0.0031388332136, 0.00433621555567, 0.00236945040524, 0.00239081215113, 0.00122427055612, 0.000803610135335, 1.20066920317e-06],
        "mean": [4.85751770611e-05, 0.00163101125509, 0.000907870067749, 0.000933398725465, 0.0042449706234, 0.00249622319825, 0.00236628879793, 0.00206188601442, 0.00192958919797, 0.000679670018144, 0.000840821012389, 0.000553177727852, 0.000954875082243, 0.000597936275881, 0.00047355456627, 0.000368622277165, 0.000292840384645, 0.000536974694114, 0.000386030529626, 0.000310898467433, 8.82955719135e-05, 6.56371121295e-05, 5.12963488291e-05, 4.06564613513e-05, 1.16440905913e-05, 4.71240491606e-06, 8.63292193287e-09],
        "median": [1.74879569386e-05, 0.000911133363843, 0.00047315354459, 0.000514842104167, 0.00321630947292, 0.00131103955209, 0.000769435020629, 0.000681680859998, 0.00061168638058, 0.00021968522924, 0.000166051686392, 0.000232051024796, 0.000154326946358, 0.000127881692606, 0.000115576287499, 0.00014199897123, 0.000117586532724, 0.000133656212711, 0.000177059337148, 9.25525455386e-05, 3.56518248736e-05, 1.95456050278e-05, 1.50288378791e-05, 1.02900939964e-05, 2.08821870729e-06, 5.81826213875e-07, 2.08000128232e-09],
        "min": [1.19752006663e-25, 7.56192597414e-25, 1.20488691815e-25, 1.44309961548e-25, 4.44471607475e-24, 5.5377471511e-24, 2.79561043821e-24, 3.20524224046e-24, 9.04236782433e-24, 5.97384287014e-24, 9.57714609831e-24, 1.75877659002e-23, 1.65993121419e-23, 1.18792039362e-23, 3.4200439768e-23, 2.02285046016e-23, 5.16218112374e-23, 6.07648511239e-23, 1.09679408486e-22, 1.41831599313e-22, 1.75525135996e-22, 2.36245590028e-22, 3.29574903309e-22, 5.77526911491e-22, 7.63482151806e-22, 1.17711032341e-21, 1.72940767086e-21],
        "var": [5.07206099343e-09, 7.39901270208e-06, 2.17706042349e-06, 1.88670890111e-06, 1.71475876414e-05, 1.4262044715e-05, 1.41185073517e-05, 1.42571025208e-05, 1.41646523844e-05, 2.14578517443e-06, 5.22392883795e-06, 1.55227996856e-06, 1.03840602605e-05, 4.29371857535e-06, 2.29866805057e-06, 5.8727295027e-07, 2.98436532375e-07, 7.95669620857e-07, 3.58754448371e-07, 3.32140473347e-07, 2.8284846465e-08, 3.39199424104e-08, 1.33564537208e-08, 1.22818146764e-08, 2.2011639178e-09, 3.44876044389e-10, 1.04620173337e-15]
    },
    "erbbands": {
        "dmean": [0.0200721658766, 0.2710942626, 0.678307890892, 1.13550925255, 4.16530609131, 6.8702507019, 8.52795028687, 12.3198328018, 13.2341804504, 19.3365116119, 23.1138534546, 18.572687149, 19.2714080811, 15.0168304443, 12.9923095703, 10.5082035065, 18.6209793091, 18.6716384888, 13.754655838, 12.9803943634, 11.537062645, 7.83285045624, 10.5238580704, 10.2036066055, 6.48884248734, 6.38668346405, 2.99516439438, 1.4799002409, 1.57286942005, 0.998073875904, 0.726867377758, 0.553066730499, 0.280859082937, 0.0778639838099, 0.0517864525318, 0.0206570681185, 0.00538102351129, 0.000330965500325, 9.45345527725e-06, 6.68853044772e-06],
        "dmean2": [0.0336941294372, 0.44883197546, 1.06223332882, 1.92057704926, 7.36072826385, 11.2672920227, 13.1408786774, 19.2090053558, 20.0352954865, 30.806312561, 35.968875885, 28.1570892334, 29.0897846222, 22.6686096191, 20.0400447845, 16.5864105225, 27.9120979309, 27.8624858856, 21.1051998138, 20.6626777649, 18.8935413361, 12.4626693726, 16.4318656921, 15.7884235382, 9.7211561203, 9.27445602417, 4.47950458527, 2.15998721123, 2.48325538635, 1.46297109127, 1.05365312099, 0.790265858173, 0.397328525782, 0.106380730867, 0.0699715465307, 0.0286573693156, 0.00794858857989, 0.000538232445251, 1.43073320942e-05, 1.00203778857e-05],
        "dvar": [0.00147273449693, 0.496527940035, 2.93925571442, 5.14307832718, 38.6591567993, 108.126686096, 209.195510864, 711.805236816, 769.077758789, 1809.33483887, 2876.36108398, 2399.60449219, 2208.92871094, 1380.1730957, 1774.20666504, 983.156921387, 4497.88427734, 4052.3581543, 2402.07104492, 2288.62182617, 756.11932373, 212.635559082, 447.153594971, 367.95703125, 215.176773071, 189.635910034, 50.3643684387, 15.7519693375, 56.1209259033, 11.0570793152, 3.89197278023, 2.77432250977, 1.17773997784, 0.0963483154774, 0.0681030899286, 0.00708969682455, 0.00073455349775, 4.51814821645e-06, 1.43053446866e-09, 6.89822574063e-11],
        "dvar2": [0.00404691835865, 1.32962822914, 6.60691690445, 14.2837028503, 122.513542175, 288.216949463, 496.26071167, 1698.44726562, 1766.44091797, 4302.84277344, 7176.36474609, 5631.46435547, 5308.33056641, 2729.77270508, 3356.92578125, 2281.82055664, 9397.84472656, 8354.12695312, 4792.34277344, 5583.15576172, 1909.98095703, 519.924560547, 1008.64862061, 824.82824707, 454.213134766, 376.578033447, 111.253288269, 35.1820411682, 154.18800354, 23.1171302795, 7.71876001358, 5.64766407013, 2.3179602623, 0.157137230039, 0.133806332946, 0.0146424882114, 0.00173616153188, 1.17610697998e-05, 3.52865892062e-09, 1.49209866684e-10],
        "max": [0.587851464748, 15.3729906082, 39.2011985779, 40.4355545044, 111.61567688, 311.707733154, 284.290008545, 908.608703613, 611.724121094, 1006.82366943, 1006.6807251, 1418.00708008, 1922.82556152, 1062.73413086, 1301.34619141, 1414.60449219, 2702.39697266, 2011.9050293, 1988.67944336, 1300.52490234, 1058.48730469, 440.91204834, 556.651367188, 597.378112793, 435.854248047, 303.951904297, 249.658859253, 144.697799683, 197.611114502, 109.034675598, 56.6658363342, 58.4198265076, 33.0374679565, 10.0874328613, 13.1602077484, 4.01858520508, 1.64454901218, 0.0715720131993, 0.0016535972245, 0.000168665908859],
        "mean": [0.0368541181087, 0.395543158054, 1.09782719612, 2.06451487541, 7.69218873978, 14.3451919556, 18.3697166443, 24.0374145508, 31.5980987549, 38.3441772461, 43.2325744629, 37.51197052, 39.4552612305, 29.9588413239, 25.612323761, 20.8298225403, 39.8644065857, 35.052154541, 25.9069957733, 24.5686397552, 20.8895568848, 18.0060195923, 27.5965023041, 26.7911891937, 15.6636257172, 14.3432836533, 6.35028123856, 2.78924751282, 2.47025632858, 1.76543068886, 1.43752491474, 1.07929944992, 0.508588194847, 0.14255310595, 0.0820508375764, 0.0314741358161, 0.00649018632248, 0.000312804186251, 2.12632276089e-05, 2.80057302007e-05],
        "median": [0.0234524887055, 0.204366460443, 0.548563659191, 1.26173746586, 5.40039253235, 9.99905586243, 9.8886423111, 12.2410345078, 13.4490671158, 15.4670009613, 16.5919742584, 11.7562065125, 16.3845176697, 10.3329019547, 9.23155975342, 9.00791835785, 7.79803752899, 7.6075630188, 7.46213960648, 7.68826532364, 8.78529167175, 8.26456260681, 7.86736917496, 10.1220273972, 7.10806465149, 3.93613600731, 2.4265358448, 1.11484181881, 0.764643549919, 0.495768040419, 0.419399768114, 0.276674896479, 0.124652810395, 0.0295358486474, 0.0131411934271, 0.00511767948046, 0.000431655644206, 2.7755559131e-05, 1.52511847773e-05, 2.65227681666e-05],
        "min": [3.87229383169e-23, 1.90624754137e-22, 9.5920386878e-22, 1.58370907539e-21, 4.436976207e-21, 1.41603061891e-20, 2.48368572179e-20, 5.72070162953e-20, 4.43631373549e-20, 1.07717217125e-19, 1.49787558456e-19, 2.95498693306e-19, 3.84684143729e-19, 5.68171492705e-19, 7.3646645481e-19, 9.24944882356e-19, 9.50055914404e-19, 1.43069262145e-18, 2.41261142965e-18, 2.95957406315e-18, 2.18895833563e-18, 3.27236538075e-18, 3.38351736197e-18, 5.23452464769e-18, 5.76328496501e-18, 6.41463923938e-18, 7.57771142891e-18, 8.9039904892e-18, 8.11436387646e-18, 9.66952712097e-18, 9.92111079555e-18, 1.02538930006e-17, 8.1803149867e-18, 7.75714675611e-18, 5.39255502218e-18, 3.75403926888e-18, 2.03655651162e-18, 9.25789226966e-19, 2.32900352885e-19, 2.5122008347e-20],
        "var": [0.00239923433401, 0.529982089996, 3.77594947815, 7.38864850998, 70.1601104736, 264.516967773, 625.405639648, 1484.65869141, 2412.22070312, 3817.59155273, 5769.60205078, 6150.05810547, 5232.64794922, 3810.81689453, 4035.39086914, 2157.61010742, 17360.1855469, 10454.2919922, 7355.24121094, 5344.21337891, 1571.66418457, 648.2890625, 1946.7142334, 1548.56921387, 703.286499023, 696.718017578, 148.871047974, 34.3038711548, 53.3234405518, 22.2233009338, 9.51731681824, 6.42176389694, 2.81309914589, 0.296865671873, 0.129275158048, 0.0130148390308, 0.00102312886156, 3.77202172785e-06, 1.6660461899e-09, 3.48176237841e-10]
    },
    "gfcc": {
        "mean": [-124.343093872, 111.881866455, -129.059631348, 30.9324588776, -62.6510391235, 0.175228878856, -35.6258392334, 5.17828941345, -19.7174968719, -5.1127820015, -5.86105680466, -6.09615468979, -4.50819015503],
        "cov": [[117320.890625, 12414.3935547, -14614.4619141, 3671.98193359, -7144.40869141, 51.2519111633, -4045.42114258, 768.460327148, -2237.21972656, -525.442993164, -622.316162109, -680.242492676, -654.169311523], [12414.3935547, 2450.7355957, -1377.15856934, 425.714752197, -561.359130859, -136.288040161, -283.613220215, -24.4040431976, -181.047714233, -187.024291992, 61.5802345276, -159.395843506, 55.4447364807], [-14614.4619141, -1377.15856934, 2526.578125, -275.55291748, 915.808349609, 31.6726589203, 491.527435303, -116.209907532, 251.584136963, 88.2403488159, -1.22010326385, 158.782058716, 78.4081802368], [3671.98193359, 425.714752197, -275.55291748, 392.808380127, -172.32258606, -11.1335868835, -124.195518494, 15.4108581543, -40.2255172729, -31.0862731934, -16.073343277, -12.8171272278, -1.84248518944], [-7144.40869141, -561.359130859, 915.808349609, -172.32258606, 659.614013672, 18.6976394653, 280.856414795, -33.0505485535, 153.256317139, 36.7343177795, 49.9081687927, 25.763053894, 46.0298271179], [51.2519111633, -136.288040161, 31.6726589203, -11.1335868835, 18.6976394653, 179.978485107, 41.5181236267, 9.99318981171, -24.6339263916, 41.3727302551, -27.2664031982, -2.96708989143, -8.6964302063], [-4045.42114258, -283.613220215, 491.527435303, -124.195518494, 280.856414795, 41.5181236267, 294.114074707, -11.2321367264, 76.2098464966, 8.67171955109, 69.3830337524, -20.505022049, 33.3911628723], [768.460327148, -24.4040431976, -116.209907532, 15.4108581543, -33.0505485535, 9.99318981171, -11.2321367264, 129.449737549, 24.8551044464, -0.97996455431, 2.47317314148, 11.944735527, -32.1751937866], [-2237.21972656, -181.047714233, 251.584136963, -40.2255172729, 153.256317139, -24.6339263916, 76.2098464966, 24.8551044464, 136.763687134, 0.784196078777, 34.7431106567, 15.2021760941, 21.1638622284], [-525.442993164, -187.024291992, 88.2403488159, -31.0862731934, 36.7343177795, 41.3727302551, 8.67171955109, -0.97996455431, 0.784196078777, 99.0195083618, -20.0009059906, 15.2378282547, -18.4777297974], [-622.316162109, 61.5802345276, -1.22010326385, -16.073343277, 49.9081687927, -27.2664031982, 69.3830337524, 2.47317314148, 34.7431106567, -20.0009059906, 140.976867676, -23.2786197662, 15.0047197342], [-680.242492676, -159.395843506, 158.782058716, -12.8171272278, 25.763053894, -2.96708989143, -20.505022049, 11.944735527, 15.2021760941, 15.2378282547, -23.2786197662, 114.735206604, -0.0799047499895], [-654.169311523, 55.4447364807, 78.4081802368, -1.84248518944, 46.0298271179, -8.6964302063, 33.3911628723, -32.1751937866, 21.1638622284, -18.4777297974, 15.0047197342, -0.0799047499895, 83.3227005005]],
        "icov": [[0.000441757350927, -0.0011821356602, 0.000923112849705, -0.0011474119965, 0.00129961327184, -0.00108838628512, 0.00121035438497, -0.00138032366522, 0.00133152818307, -0.000912001880351, 0.000493460858706, -0.000343388412148, 0.000881591171492], [-0.0011821356602, 0.00402755849063, -0.00215530279092, 0.00248520285822, -0.00344052072614, 0.00329694035463, -0.00324236322194, 0.00388262420893, -0.00305813201703, 0.00317771779373, -0.0015699864598, 0.00138361286372, -0.00306898518465], [0.000923112849705, -0.00215530279092, 0.00320727401413, -0.00272983917966, 0.00180556357373, -0.00194535683841, 0.00128613703419, -0.00179158698302, 0.00227454234846, -0.00187901232857, 0.00175850000232, -0.00199789274484, 0.00188237952534], [-0.0011474119965, 0.00248520285822, -0.00272983917966, 0.006496662274, -0.00299891154282, 0.00226384517737, -0.00186844356358, 0.00301631982438, -0.00371255772188, 0.00257854745723, -0.00134929211345, 0.00111138110515, -0.00238424981944], [0.00129961327184, -0.00344052072614, 0.00180556357373, -0.00299891154282, 0.00788682419807, -0.00325492583215, 0.00202008034103, -0.0037514413707, 0.00203740410507, -0.00316642108373, 0.00126516830642, -0.000602972111665, 0.00232444005087], [-0.00108838628512, 0.00329694035463, -0.00194535683841, 0.00226384517737, -0.00325492583215, 0.0101080322638, -0.00521586276591, 0.00237610866316, -0.00101742416155, -0.000270433054538, 0.0003309182066, 0.00112113414798, -0.0028573370073], [0.00121035438497, -0.00324236322194, 0.00128613703419, -0.00186844356358, 0.00202008034103, -0.00521586276591, 0.0122132087126, -0.00507546355948, 0.00362920458429, -0.0017044339329, -0.00197057123296, 0.0021518538706, 0.000950996240135], [-0.00138032366522, 0.00388262420893, -0.00179158698302, 0.00301631982438, -0.0037514413707, 0.00237610866316, -0.00507546355948, 0.0153470812365, -0.00845216028392, 0.00390170607716, -0.00120452838019, -0.00121578911785, 0.0018405597657], [0.00133152818307, -0.00305813201703, 0.00227454234846, -0.00371255772188, 0.00203740410507, -0.00101742416155, 0.00362920458429, -0.00845216028392, 0.017132665962, -0.00283893267624, -0.000450184190413, -0.000856634229422, -0.000584563182201], [-0.000912001880351, 0.00317771779373, -0.00187901232857, 0.00257854745723, -0.00316642108373, -0.000270433054538, -0.0017044339329, 0.00390170607716, -0.00283893267624, 0.0152456853539, -0.000479964422993, 0.000143647266668, 0.000649766996503], [0.000493460858706, -0.0015699864598, 0.00175850000232, -0.00134929211345, 0.00126516830642, 0.0003309182066, -0.00197057123296, -0.00120452838019, -0.000450184190413, -0.000479964422993, 0.0103381061926, -0.0001204752989, 0.0010405642679], [-0.000343388412148, 0.00138361286372, -0.00199789274484, 0.00111138110515, -0.000602972111665, 0.00112113414798, 0.0021518538706, -0.00121578911785, -0.000856634229422, 0.000143647266668, -0.0001204752989, 0.0122349597514, -0.0023108550813], [0.000881591171492, -0.00306898518465, 0.00188237952534, -0.00238424981944, 0.00232444005087, -0.0028573370073, 0.000950996240135, 0.0018405597657, -0.000584563182201, 0.000649766996503, 0.0010405642679, -0.0023108550813, 0.0179913174361]]
    },
    "melbands": {
        "dmean": [0.000228055578191, 0.000356164673576, 0.000271306082141, 0.0003845669562, 0.000302488566376, 0.00026397278998, 0.000211378355743, 0.00023250891536, 0.000164461220265, 0.000133780864417, 9.85164515441e-05, 6.10837669228e-05, 5.42726957065e-05, 3.48780558852e-05, 2.94098263112e-05, 5.53769168619e-05, 3.3253330912e-05, 2.39321598201e-05, 2.40508197749e-05, 1.37015404107e-05, 1.47083974298e-05, 8.50528886076e-06, 9.14999600354e-06, 1.106504169e-05, 9.04517219169e-06, 6.42165105091e-06, 4.68004964205e-06, 4.77771391161e-06, 2.45975024882e-06, 1.05425726815e-06, 8.63367745296e-07, 1.0253097571e-06, 6.71099030569e-07, 5.53731581476e-07, 4.72612384783e-07, 3.50467615817e-07, 3.67070128959e-07, 2.40998048184e-07, 1.08041071201e-07, 5.57375763321e-08],
        "dmean2": [0.000379657751182, 0.00057038088562, 0.000466945144581, 0.000661467842292, 0.000467334117275, 0.000409311847761, 0.000323646265315, 0.000369252666133, 0.000254929298535, 0.000202973285923, 0.000148738079588, 9.15439013625e-05, 8.29166165204e-05, 5.61647357245e-05, 4.43055614596e-05, 8.51581862662e-05, 4.97962682857e-05, 3.71695459762e-05, 3.7407669879e-05, 2.24804316531e-05, 2.40752597165e-05, 1.36566559377e-05, 1.45176618389e-05, 1.74620672624e-05, 1.41722412081e-05, 9.87365910987e-06, 7.02076249581e-06, 7.01060662323e-06, 3.7928700749e-06, 1.60610181865e-06, 1.27719181364e-06, 1.69258919414e-06, 1.02198418972e-06, 8.28329859814e-07, 6.98119265508e-07, 5.11974690198e-07, 5.35201252205e-07, 3.45835161397e-07, 1.55469848551e-07, 7.76283997084e-08],
        "dvar": [2.52249492405e-07, 8.55115843024e-07, 2.2675428113e-07, 2.96422001611e-07, 2.29709385735e-07, 3.05487844798e-07, 1.7798001295e-07, 2.50258125334e-07, 1.40526125847e-07, 1.1534704214e-07, 5.67186440037e-08, 2.05311625479e-08, 3.72858934838e-08, 8.93935236945e-09, 1.46186929229e-08, 3.58759884023e-08, 1.47582204235e-08, 9.10548969557e-09, 8.67222293977e-09, 2.29789787198e-09, 1.57851676175e-09, 3.45010714442e-10, 3.01144220671e-10, 5.41337974447e-10, 3.18842729996e-10, 2.52675658174e-10, 1.0567751535e-10, 1.21183951762e-10, 4.23292685625e-11, 6.69972801196e-12, 6.28377211376e-12, 2.61465432638e-11, 6.47935221101e-12, 3.25230597661e-12, 1.82120659699e-12, 8.1403313994e-13, 1.37977888663e-12, 8.64836360078e-13, 2.172150399e-13, 4.46820416767e-14],
        "dvar2": [6.91579487011e-07, 2.04251205105e-06, 6.41078941044e-07, 8.80842947026e-07, 5.54061159619e-07, 7.35491084924e-07, 4.19196766188e-07, 6.06947082815e-07, 3.41446536822e-07, 2.74350554719e-07, 1.35264599521e-07, 4.10192555478e-08, 6.91664965302e-08, 2.20982894206e-08, 2.90517920831e-08, 7.57260849582e-08, 3.13377377381e-08, 1.76158092557e-08, 1.94390441521e-08, 5.84079540289e-09, 3.80957843049e-09, 8.32959312635e-10, 7.18397730193e-10, 1.27072485867e-09, 7.31609717253e-10, 5.32288213506e-10, 2.25802446185e-10, 2.52629805964e-10, 9.91465104461e-11, 1.22476447387e-11, 1.45261389722e-11, 7.371783739e-11, 1.55598728346e-11, 6.63448245994e-12, 3.86645663403e-12, 1.67200064558e-12, 2.88339773065e-12, 1.8013472658e-12, 3.83162089296e-13, 7.50459874907e-14],
        "max": [0.00979362428188, 0.0219130851328, 0.0090593919158, 0.0132456952706, 0.00944403745234, 0.0185159407556, 0.00819470919669, 0.0120480014011, 0.00750185968354, 0.00828844122589, 0.0095888543874, 0.00392974028364, 0.00607310514897, 0.00296040461399, 0.00423975288868, 0.0072154039517, 0.00385422399268, 0.00438718218356, 0.00352893769741, 0.00141380249988, 0.00180100067519, 0.000697786512319, 0.000351961323759, 0.000917603843845, 0.000617603422143, 0.000572221179027, 0.000269618496532, 0.000303344771964, 0.00028772134101, 0.00010000642942, 9.44451603573e-05, 0.000137658469612, 0.0001144850321, 6.55483818264e-05, 3.53081959474e-05, 2.20748734137e-05, 4.34746216342e-05, 2.87910024781e-05, 1.63668901223e-05, 7.95985670266e-06],
        "mean": [0.000390889035771, 0.000576847465709, 0.000513568054885, 0.000791688275058, 0.000670909823384, 0.000524920527823, 0.000495375366881, 0.000452443986433, 0.00030381110264, 0.0002648132795, 0.000196562992642, 0.000118146337627, 0.000101703008113, 6.14012897131e-05, 5.28261807631e-05, 0.000115189264761, 5.46291776118e-05, 4.14747664763e-05, 4.12917543144e-05, 2.30270889006e-05, 2.46344952757e-05, 1.67355119629e-05, 2.1700774596e-05, 2.68295643764e-05, 2.17283140955e-05, 1.32061004479e-05, 1.00038214441e-05, 9.63024467637e-06, 4.76153354612e-06, 1.91940262084e-06, 1.49607774347e-06, 1.49210904965e-06, 1.07048128939e-06, 9.50680373535e-07, 8.7097339474e-07, 6.81327605889e-07, 6.61793080781e-07, 4.09461392792e-07, 1.84617221066e-07, 9.60609369827e-08],
        "median": [0.000234445033129, 0.000304206390865, 0.000343963940395, 0.000590745708905, 0.00038767294609, 0.000271706026979, 0.000210523896385, 0.000177937923581, 0.000108773863758, 7.7075768786e-05, 7.76430533733e-05, 3.90962231904e-05, 2.54529950325e-05, 2.75525235338e-05, 1.03743950604e-05, 1.870100823e-05, 1.08003314381e-05, 8.98505641089e-06, 8.82145468495e-06, 8.28321208246e-06, 8.46383409225e-06, 6.86541716277e-06, 6.55038274999e-06, 6.53550023344e-06, 8.07934884506e-06, 5.66684730074e-06, 3.20298363476e-06, 2.20077527047e-06, 1.58484158419e-06, 7.03883245023e-07, 5.17996227245e-07, 4.46972364898e-07, 2.78710786006e-07, 2.58158166844e-07, 2.44263276272e-07, 1.91215733025e-07, 1.51419428107e-07, 9.33825248239e-08, 3.8091155119e-08, 1.72057283976e-08],
        "min": [6.39402874384e-25, 5.30340783477e-25, 4.2913786725e-25, 6.00885902521e-25, 7.44483091264e-25, 1.43860776753e-24, 7.48744320658e-25, 9.34536397322e-25, 1.4879944045e-24, 1.37974129045e-24, 1.62478544926e-24, 1.84762346942e-24, 1.77831237535e-24, 1.34658240977e-24, 1.78987569571e-24, 1.61426687656e-24, 1.75449863677e-24, 3.07803546127e-24, 3.11290843809e-24, 2.29575286714e-24, 1.81273313765e-24, 2.34490521242e-24, 2.8619337216e-24, 2.81096403801e-24, 3.10359711839e-24, 3.91964197319e-24, 3.01265131678e-24, 3.09095641125e-24, 3.96052942277e-24, 3.23346926137e-24, 4.04944627414e-24, 3.75278763655e-24, 3.77723167499e-24, 5.22531168984e-24, 4.68220620014e-24, 5.23315848926e-24, 5.24517126312e-24, 4.86287743554e-24, 5.3007776739e-24, 5.49914858143e-24],
        "var": [3.36361580366e-07, 1.04245373223e-06, 3.70985020481e-07, 6.63782202537e-07, 7.07829201474e-07, 6.53635765957e-07, 5.41811743915e-07, 4.97718929182e-07, 2.96174391679e-07, 3.02319932644e-07, 1.34732601964e-07, 5.72478739969e-08, 8.56322657228e-08, 1.41534943765e-08, 3.50348159373e-08, 1.6096835509e-07, 3.06637772951e-08, 3.01289695415e-08, 2.04407299975e-08, 4.49379156109e-09, 3.296923623e-09, 8.06690991784e-10, 1.16080944856e-09, 2.13735984467e-09, 1.12888309811e-09, 6.42328690237e-10, 3.91922744258e-10, 3.84459103442e-10, 1.16494022762e-10, 1.69235337549e-11, 1.24186641873e-11, 2.18119845102e-11, 9.49744796697e-12, 6.77180447134e-12, 3.89396024106e-12, 2.02242042557e-12, 2.90349450212e-12, 1.86974784613e-12, 5.77552383089e-13, 1.36186702649e-13]
    },
    "mfcc": {
        "mean": [-692.11138916, 128.0234375, -13.2036590576, 24.6183071136, -7.59167909622, -6.26506662369, -6.0397400856, 2.39191484451, -10.0579595566, 3.55138659477, -5.40458536148, -0.482510477304, -4.77884817123],
        "cov": [[24792.9492188, 5911.19677734, -803.557250977, 1267.3326416, -426.999694824, -455.976135254, -297.538146973, 220.353317261, -615.438232422, 351.99987793, -223.457778931, 65.9648208618, -258.099884033], [5911.19677734, 2814.41015625, -107.263183594, 510.985656738, -37.0301208496, -80.3770065308, 3.71026682854, 54.3885498047, -128.335723877, 23.7196464539, -62.0265693665, -22.1517791748, -57.6006889343], [-803.557250977, -107.263183594, 584.463439941, 103.629951477, 47.1397018433, 105.576583862, 0.548429191113, -7.12935733795, 50.2054901123, -54.1285247803, -38.2430648804, -8.30522537231, 14.890794754], [1267.3326416, 510.985656738, 103.629951477, 372.717224121, 62.1899261475, -1.49233174324, -30.3078346252, 27.5178985596, -31.6757736206, 11.2280883789, -39.0212478638, 5.62331342697, -4.35773038864], [-426.999694824, -37.0301208496, 47.1397018433, 62.1899261475, 182.221389771, 33.6284255981, -8.29704761505, 14.7658634186, 33.6757774353, -7.44814062119, 13.5917654037, 2.15274858475, 0.202545791864], [-455.976135254, -80.3770065308, 105.576583862, -1.49233174324, 33.6284255981, 177.486404419, 55.9044570923, -35.018573761, 53.3358268738, -17.1710166931, 2.71151804924, -33.6937103271, 11.9698381424], [-297.538146973, 3.71026682854, 0.548429191113, -30.3078346252, -8.29704761505, 55.9044570923, 173.496749878, 7.61387681961, -1.10284495354, 52.6407012939, 7.94884252548, -5.18753051758, 5.99388694763], [220.353317261, 54.3885498047, -7.12935733795, 27.5178985596, 14.7658634186, -35.018573761, 7.61387681961, 120.208900452, 5.12342309952, 7.09765100479, 15.4567556381, 29.2666664124, -2.87896776199], [-615.438232422, -128.335723877, 50.2054901123, -31.6757736206, 33.6757774353, 53.3358268738, -1.10284495354, 5.12342309952, 121.03691864, -15.6243391037, 9.51373767853, -18.0713920593, 12.1362314224], [351.99987793, 23.7196464539, -54.1285247803, 11.2280883789, -7.44814062119, -17.1710166931, 52.6407012939, 7.09765100479, -15.6243391037, 146.371871948, 2.19761657715, 5.53181743622, -10.1517677307], [-223.457778931, -62.0265693665, -38.2430648804, -39.0212478638, 13.5917654037, 2.71151804924, 7.94884252548, 15.4567556381, 9.51373767853, 2.19761657715, 96.5284118652, 13.6401987076, -7.70080280304], [65.9648208618, -22.1517791748, -8.30522537231, 5.62331342697, 2.15274858475, -33.6937103271, -5.18753051758, 29.2666664124, -18.0713920593, 5.53181743622, 13.6401987076, 84.5441665649, 11.7812891006], [-258.099884033, -57.6006889343, 14.890794754, -4.35773038864, 0.202545791864, 11.9698381424, 5.99388694763, -2.87896776199, 12.1362314224, -10.1517677307, -7.70080280304, 11.7812891006, 69.9613647461]],
