{
"lowlevel": {
    "average_loudness": 0.830570399761,
    "barkbands_crest": {
        "dmean": 2.6767206192,
        "dmean2": 4.39632081985,
        "dvar": 5.69908618927,
        "dvar2": 14.4830131531,
        "max": 26.8967590332,
        "mean": 8.80615997314,
        "median": 7.90413331985,
        "min": 2.18749094009,
        "var": 16.1407661438
    },
    "barkbands_flatness_db": {
        "dmean": 0.0250087659806,
        "dmean2": 0.0391332544386,
        "dvar": 0.000733491790015,
        "dvar2": 0.00149025116116,
        "max": 0.589894533157,
        "mean": 0.185831055045,
        "median": 0.173272132874,
        "min": 0.0462652854621,
        "var": 0.00282144197263
    },
    "barkbands_kurtosis": {
        "dmean": 3.16532373428,
        "dmean2": 5.12367010117,
        "dvar": 1727.34301758,
        "dvar2": 4603.73095703,
        "max": 3591.02709961,
        "mean": 3.13264966011,
        "median": 0.155849456787,
        "min": -1.87981665134,
        "var": 1236.66674805
    },
    "barkbands_skewness": {
        "dmean": 0.581429839134,
        "dmean2": 0.881462812424,
        "dvar": 0.798080921173,
        "dvar2": 1.77275264263,
        "max": 58.8188819885,
        "mean": 0.879086136818,
        "median": 0.658248603344,
        "min": -4.61338853836,
        "var": 1.97666287422
    },
    "barkbands_spread": {
        "dmean": 5.7631611824,
        "dmean2": 9.05224132538,
        "dvar": 57.7557373047,
        "dvar2": 131.096801758,
        "max": 125.805664062,
        "mean": 19.9252624512,
        "median": 18.9781074524,
        "min": 0.154579505324,
        "var": 135.807281494
    },
    "dissonance": {
        "dmean": 0.020597115159,
        "dmean2": 0.0337977483869,
        "dvar": 0.000592605094425,
        "dvar2": 0.00143343186937,
        "max": 0.500000178814,
        "mean": 0.463350504637,
        "median": 0.47580242157,
        "min": 0.173386961222,
        "var": 0.00147135113366
    },
    "dynamic_complexity": 4.46083545685,
    "erbbands_crest": {
        "dmean": 3.0515460968,
        "dmean2": 4.99714422226,
        "dvar": 7.46719646454,
        "dvar2": 18.4545841217,
        "max": 31.520986557,
        "mean": 9.9319152832,
        "median": 8.76987457275,
        "min": 2.66068816185,
        "var": 22.0612812042
    },
    "erbbands_flatness_db": {
        "dmean": 0.0204866845161,
        "dmean2": 0.0304305106401,
        "dvar": 0.000491413404234,
        "dvar2": 0.00091501470888,
        "max": 0.459309250116,
        "mean": 0.241818159819,
        "median": 0.238754734397,
        "min": 0.0585808232427,
        "var": 0.00221974262968
    },
    "erbbands_kurtosis": {
        "dmean": 1.37404036522,
        "dmean2": 2.20966434479,
        "dvar": 5.21896219254,
        "dvar2": 12.5440969467,
        "max": 47.222492218,
        "mean": 0.891678094864,
        "median": 0.00849938392639,
        "min": -1.87948441505,
        "var": 8.80255794525
    },
    "erbbands_skewness": {
        "dmean": 0.466953009367,
        "dmean2": 0.730545163155,
        "dvar": 0.263242155313,
        "dvar2": 0.576298773289,
        "max": 5.69085645676,
        "mean": 0.239184513688,
        "median": 0.0994446054101,
        "min": -4.14096260071,
        "var": 0.856539905071
    },
    "erbbands_spread": {
        "dmean": 7.56737041473,
        "dmean2": 11.8893136978,
        "dvar": 80.4860534668,
        "dvar2": 186.733444214,
        "max": 144.97706604,
        "mean": 28.5523796082,
        "median": 26.1762275696,
        "min": 1.98993492126,
        "var": 220.112716675
    },
    "hfc": {
        "dmean": 5.58040714264,
        "dmean2": 8.14225101471,
        "dvar": 56.1036453247,
        "dvar2": 116.383163452,
        "max": 116.718238831,
        "mean": 17.592010498,
        "median": 12.9199771881,
        "min": 1.09580857527e-16,
        "var": 280.182220459
    },
    "melbands_crest": {
        "dmean": 3.4702732563,
        "dmean2": 5.7347035408,
        "dvar": 9.66248893738,
        "dvar2": 25.5958518982,
        "max": 39.9884033203,
        "mean": 11.2894392014,
        "median": 10.2327480316,
        "min": 1.7099647522,
        "var": 24.8689956665
    },
    "melbands_flatness_db": {
        "dmean": 0.0300331562757,
        "dmean2": 0.0449290536344,
        "dvar": 0.00133214879315,
        "dvar2": 0.00247939978726,
        "max": 0.572540402412,
        "mean": 0.191220790148,
        "median": 0.170130446553,
        "min": 0.00253358390182,
        "var": 0.00586713897064
    },
    "melbands_kurtosis": {
        "dmean": 5.54749011993,
        "dmean2": 9.01890659332,
        "dvar": 5678.16064453,
        "dvar2": 15342.3173828,
        "max": 6464.06396484,
        "mean": 7.15779018402,
        "median": 2.34540319443,
        "min": -1.87989020348,
        "var": 3965.65795898
    },
    "melbands_skewness": {
        "dmean": 0.669272959232,
        "dmean2": 1.02757024765,
        "dvar": 1.23837900162,
        "dvar2": 2.9106771946,
        "max": 77.6384811401,
        "mean": 1.58970308304,
        "median": 1.35215139389,
        "min": -3.08123111725,
        "var": 2.60065984726
    },
    "melbands_spread": {
        "dmean": 9.72764873505,
        "dmean2": 15.2622280121,
        "dvar": 208.111907959,
        "dvar2": 434.799407959,
        "max": 249.87562561,
        "mean": 30.5217704773,
        "median": 28.0403881073,
        "min": 0.139358773828,
        "var": 475.114593506
    },
    "pitch_salience": {
        "dmean": 0.0710478052497,
        "dmean2": 0.115820787847,
        "dvar": 0.00436496315524,
        "dvar2": 0.0110835637897,
        "max": 0.964068472385,
        "mean": 0.630156457424,
        "median": 0.63190048933,
        "min": 0.00177960726433,
        "var": 0.0152096971869
    },
    "silence_rate_20dB": {
        "dmean": 0,
        "dmean2": 0,
        "dvar": 0,
        "dvar2": 0,
        "max": 1,
        "mean": 1,
        "median": 1,
        "min": 1,
        "var": 0
    },
    "silence_rate_30dB": {
        "dmean": 0.00134295783937,
        "dmean2": 0.00268614129163,
        "dvar": 0.00134125794284,
        "dvar2": 0.00368663924746,
        "max": 1,
        "mean": 0.998992860317,
        "median": 1,
        "min": 0,
        "var": 0.00100605899934
    },
    "silence_rate_60dB": {
        "dmean": 0.0616081915796,
        "dmean2": 0.123226724565,
        "dvar": 0.0578039474785,
        "dvar2": 0.120102092624,
        "max": 1,
        "mean": 0.205707088113,
        "median": 0,
        "min": 0,
        "var": 0.163414850831
    },
    "spectral_centroid": {
        "dmean": 308.076934814,
        "dmean2": 477.786590576,
        "dvar": 163903.03125,
        "dvar2": 305250.90625,
        "max": 12035.2529297,
        "mean": 1626.2578125,
        "median": 1689.12268066,
        "min": 179.366577148,
        "var": 625585.3125
    },
    "spectral_complexity": {
        "dmean": 3.23233175278,
        "dmean2": 4.88642644882,
        "dvar": 9.52511787415,
        "dvar2": 20.128288269,
        "max": 55,
        "mean": 16.9105319977,
        "median": 17,
        "min": 0,
        "var": 117.665855408
    },
    "spectral_decrease": {
        "dmean": 1.57350354968e-09,
        "dmean2": 2.26193130892e-09,
        "dvar": 5.73799557214e-18,
        "dvar2": 1.08411085175e-17,
        "max": 1.80368575414e-28,
        "mean": -4.20974188842e-09,
        "median": -3.06539194028e-09,
        "min": -3.71857140635e-08,
        "var": 1.76575317142e-17
    },
    "spectral_energy": {
        "dmean": 0.00637596705928,
        "dmean2": 0.00916314963251,
        "dvar": 9.13580879569e-05,
        "dvar2": 0.000173339707544,
        "max": 0.144926458597,
        "mean": 0.0174841899425,
        "median": 0.0128896115348,
        "min": 1.02229095097e-20,
        "var": 0.000291281554382
    },
    "spectral_energyband_high": {
        "dmean": 0.000149799045175,
        "dmean2": 0.000225640746066,
        "dvar": 9.48601197592e-08,
        "dvar2": 1.96566389832e-07,
        "max": 0.00812618713826,
        "mean": 0.000359483150532,
        "median": 0.000201286748052,
        "min": 7.3086310426e-21,
        "var": 2.46080446686e-07
    },
    "spectral_energyband_low": {
        "dmean": 0.000848347961437,
        "dmean2": 0.00133252248634,
        "dvar": 2.76753462458e-06,
        "dvar2": 6.36992990621e-06,
        "max": 0.0268331170082,
        "mean": 0.00137988547795,
        "median": 0.000582727603614,
        "min": 2.2087919175e-23,
        "var": 4.9168552323e-06
    },
    "spectral_energyband_middle_high": {
        "dmean": 0.00238020834513,
        "dmean2": 0.00358910718933,
        "dvar": 1.45825169966e-05,
        "dvar2": 3.28323003487e-05,
        "max": 0.0753996372223,
        "mean": 0.00665960228071,
        "median": 0.00347209325992,
        "min": 1.25677866102e-21,
        "var": 6.86294661136e-05
    },
    "spectral_energyband_middle_low": {
        "dmean": 0.00472515821457,
        "dmean2": 0.00692085921764,
        "dvar": 7.11471657269e-05,
        "dvar2": 0.000135524824145,
        "max": 0.130052193999,
        "mean": 0.00954974908382,
        "median": 0.00528986286372,
        "min": 2.93199050222e-22,
        "var": 0.000175993016455
    },
    "spectral_entropy": {
        "dmean": 0.180582538247,
        "dmean2": 0.267998188734,
        "dvar": 0.051683600992,
        "dvar2": 0.0937146246433,
        "max": 9.8188867569,
        "mean": 7.4071969986,
        "median": 7.48820543289,
        "min": 4.95635890961,
        "var": 0.214493513107
    },
    "spectral_flux": {
        "dmean": 0.0206335894763,
        "dmean2": 0.0325142256916,
        "dvar": 0.00066234980477,
        "dvar2": 0.00146204873454,
        "max": 0.32238560915,
        "mean": 0.0749952122569,
        "median": 0.0709469541907,
        "min": 6.42547681728e-11,
        "var": 0.00203886767849
    },
    "spectral_kurtosis": {
        "dmean": 3.43838024139,
        "dmean2": 5.92553758621,
        "dvar": 25.8714847565,
        "dvar2": 72.0118713379,
        "max": 125.891403198,
        "mean": 4.74790525436,
        "median": 3.01954030991,
        "min": -1.25534749031,
        "var": 38.7856178284
    },
    "spectral_rms": {
        "dmean": 0.000725224032067,
        "dmean2": 0.00100064801518,
        "dvar": 7.81289259066e-07,
        "dvar2": 1.27034684283e-06,
        "max": 0.0118908230215,
        "mean": 0.0035954141058,
        "median": 0.00354615715332,
        "min": 3.15809596356e-12,
        "var": 4.13070301875e-06
    },
    "spectral_rolloff": {
        "dmean": 532.396362305,
        "dmean2": 883.563781738,
        "dvar": 668533.125,
        "dvar2": 1305392.25,
        "max": 19358.3496094,
        "mean": 1914.82653809,
        "median": 1830.32226562,
        "min": 21.533203125,
        "var": 1732027.5
    },
    "spectral_skewness": {
        "dmean": 0.374943941832,
        "dmean2": 0.616977393627,
        "dvar": 0.197315871716,
        "dvar2": 0.498142510653,
        "max": 9.30877304077,
        "mean": 1.19921052456,
        "median": 1.0286591053,
        "min": -0.487307935953,
        "var": 0.502176165581
    },
    "spectral_spread": {
        "dmean": 358887.1875,
        "dmean2": 547895.75,
        "dvar": 367901048832,
        "dvar2": 630868279296,
        "max": 41999516,
        "mean": 2940213.25,
        "median": 2780267.25,
        "min": 770046.25,
        "var": 1.94686314086e+12
    },
    "spectral_strongpeak": {
        "dmean": 0.785909056664,
        "dmean2": 1.27595353127,
        "dvar": 1.19326162338,
        "dvar2": 2.9900457859,
        "max": 13.1146678925,
        "mean": 1.38073050976,
        "median": 0.726778388023,
        "min": 0,
        "var": 2.78199124336
    },
    "zerocrossingrate": {
        "dmean": 0.0102284550667,
        "dmean2": 0.0117868296802,
        "dvar": 0.000210387879633,
        "dvar2": 0.000220362315304,
        "max": 0.64697265625,
        "mean": 0.0672049596906,
        "median": 0.06689453125,
        "min": 0,
        "var": 0.00123545713723
    },
    "barkbands": {
        "dmean": [1.25149863379e-05, 0.000432786910096, 0.00038407323882, 0.000445098936325, 0.0012256068876, 0.00137770443689, 0.00143546622712, 0.00117780012079, 0.00101289316081, 0.000678986485582, 0.000465003249701, 0.000552716082893, 0.000308310816763, 0.000425090285717, 0.000750994775444, 0.000273729674518, 0.000240366658545, 0.000205747113796, 0.00026214911486, 0.000108061271021, 6.12997682765e-05, 4.02261903218e-05, 2.83122080873e-05, 1.12774396257e-05, 1.62189166986e-07, 6.74665212586e-10, 6.93875457092e-10],
        "dmean2": [2.15217005461e-05, 0.000697660085279, 0.000635725038592, 0.000727192324121, 0.00190860591829, 0.00208846339956, 0.00224893935956, 0.00182655488607, 0.00157716148533, 0.00105355191045, 0.000741062336601, 0.000874105549883, 0.000490039645229, 0.000681201112457, 0.00118388875853, 0.000445738143753, 0.000390580185922, 0.000327109737555, 0.000425213394919, 0.000173255233676, 9.83749851002e-05, 6.33276940789e-05, 4.1851268179e-05, 1.65030323842e-05, 2.59026904814e-07, 1.23996701795e-09, 1.28035293478e-09],
        "dvar": [5.49420675622e-10, 1.2325302805e-06, 7.37383572869e-07, 9.79673814072e-07, 7.36596120987e-06, 1.33626517709e-05, 1.39592148116e-05, 9.32585953706e-06, 9.065202903e-06, 5.43679743714e-06, 2.53616690316e-06, 1.5512863456e-06, 5.47347497104e-07, 1.2680918644e-06, 3.90079185308e-06, 5.58250917493e-07, 2.63181163973e-07, 1.97437884708e-07, 2.74818887647e-07, 5.92220601447e-08, 2.08222328268e-08, 8.55031423441e-09, 6.69583455348e-09, 1.4686215577e-09, 3.23655571744e-13, 1.21164785402e-18, 1.33732202487e-18],
        "dvar2": [1.51147805383e-09, 3.01837326333e-06, 1.92545667232e-06, 2.40000576923e-06, 1.45599942698e-05, 2.69103711616e-05, 3.18985948979e-05, 2.00617214432e-05, 1.8967077267e-05, 1.28964165924e-05, 6.02710997555e-06, 3.760581194e-06, 1.26186216676e-06, 2.91194623969e-06, 9.42037968343e-06, 1.3684705209e-06, 6.77750506384e-07, 4.52674612461e-07, 6.97410996509e-07, 1.54525281459e-07, 5.1123077327e-08, 1.96746050563e-08, 1.29552102379e-08, 2.82316503508e-09, 7.80487111572e-13, 3.78301457856e-18, 4.18856468928e-18],
        "max": [0.000385844556149, 0.0198507215828, 0.0160723440349, 0.0261989757419, 0.112292580307, 0.105130761862, 0.0685972198844, 0.0615985132754, 0.0896745473146, 0.0736587643623, 0.0522787310183, 0.0285434033722, 0.021458202973, 0.0279972814023, 0.0463542304933, 0.0384162478149, 0.0143610173836, 0.0137118212879, 0.0120811192319, 0.00756921246648, 0.0046417741105, 0.00294950325042, 0.00274172052741, 0.00126924354117, 2.35624083871e-05, 1.38707472175e-08, 1.46714631555e-08],
        "mean": [1.36114895213e-05, 0.000602929329034, 0.000449012150057, 0.000560989254154, 0.00205949763767, 0.00201690453105, 0.00174347893335, 0.00149966590106, 0.00135585886892, 0.00107360712718, 0.00063559145201, 0.000862338230945, 0.000464383483632, 0.000636129523627, 0.0013088718988, 0.000445699057309, 0.000419896270614, 0.00037592209992, 0.000491541170049, 0.000198444075068, 0.000118244061014, 8.26819959912e-05, 5.13269624207e-05, 1.73544431163e-05, 2.01372159836e-07, 5.99551130964e-10, 5.86417192583e-10],
        "median": [3.99043119614e-06, 0.000166297890246, 0.000105249491753, 0.000169685125002, 0.000969548593275, 0.000533451559022, 0.000330759823555, 0.000325330533087, 0.000265200884314, 0.000152099208208, 0.000100473218481, 0.000183653290151, 0.000126855564304, 0.000148298044223, 0.000214064551983, 0.000142851189594, 0.000148030638229, 0.000140999938594, 0.000191623534192, 8.44150708872e-05, 5.21625006513e-05, 3.95224669774e-05, 2.19367648242e-05, 5.17574972037e-06, 3.70814206008e-08, 2.13125711523e-10, 1.78118242378e-10],
        "min": [4.5605851478e-24, 4.89587233176e-24, 5.00373841093e-24, 4.87963639104e-24, 1.14952085357e-23, 2.122259556e-23, 1.27693995468e-23, 1.48703688513e-23, 2.77677555579e-23, 2.87519699777e-23, 2.69240151773e-23, 3.27765868549e-23, 5.93095415933e-23, 5.82892983182e-23, 5.3814980238e-23, 8.17045201425e-23, 8.98927701209e-23, 1.20971655733e-22, 1.63709085108e-22, 1.79541902129e-22, 3.15677345104e-22, 4.01991450884e-22, 4.9636789182e-22, 5.83458539653e-22, 9.82705007023e-22, 1.25003247402e-21, 1.92975602548e-21],
        "var": [6.66148192163e-10, 1.61739853866e-06, 8.61669263941e-07, 1.3810127939e-06, 1.54711542564e-05, 2.46207873715e-05, 1.89460079127e-05, 1.42956650961e-05, 1.46128331835e-05, 1.24873695313e-05, 4.62485786556e-06, 3.32516196977e-06, 1.03350930658e-06, 2.3520792638e-06, 1.02026060631e-05, 1.00338274933e-06, 5.63249841434e-07, 4.37471328496e-07, 6.09490143688e-07, 1.14516929273e-07, 3.96185342311e-08, 1.86131483559e-08, 1.26631043429e-08, 2.51221621284e-09, 4.36168055883e-13, 1.04279309743e-18, 1.11243808609e-18]
    },
    "erbbands": {
        "dmean": [0.00807295832783, 0.114352114499, 0.366498589516, 1.08883702755, 2.36194014549, 4.80935907364, 8.54261398315, 11.9931058884, 19.2873592377, 20.3932266235, 27.314617157, 21.2060012817, 19.5397834778, 22.3267288208, 16.7942905426, 23.8042163849, 13.9654855728, 20.2701015472, 36.2994041443, 20.9973392487, 14.7591304779, 11.2911539078, 8.95942020416, 12.7626638412, 12.9907541275, 4.57997465134, 2.90691328049, 2.1336209774, 1.44022655487, 0.998862266541, 0.791530787945, 0.411661177874, 0.0879788026214, 0.00594981526956, 0.000206292621442, 2.14594765566e-05, 5.68226505493e-06, 1.83975510026e-06, 3.50851200892e-06, 7.51532206777e-06],
        "dmean2": [0.0132572837174, 0.182712480426, 0.594049751759, 1.78798449039, 3.7324450016, 7.47561359406, 12.9839000702, 18.1513900757, 30.2098865509, 31.3037090302, 42.5028381348, 32.8524894714, 29.9023227692, 34.7601165771, 26.8733997345, 37.6488037109, 21.9260597229, 31.9667072296, 56.704410553, 32.5824966431, 24.0360813141, 18.1393184662, 14.1234750748, 20.2967453003, 20.9191226959, 7.33488225937, 4.66363239288, 3.42402410507, 2.26666045189, 1.53918135166, 1.184248209, 0.597254633904, 0.130679100752, 0.00896453298628, 0.000300018349662, 3.05748726532e-05, 8.11227437225e-06, 2.66556730821e-06, 5.0415574151e-06, 1.08116200863e-05],
        "dvar": [0.000413156987634, 0.085213072598, 0.678697764874, 5.32413339615, 22.5969333649, 169.104721069, 456.863311768, 1486.33642578, 2628.71069336, 3142.53173828, 4518.04541016, 3981.77905273, 5761.59619141, 6803.15869141, 3051.41235352, 3051.21850586, 978.726806641, 2880.56640625, 9214.40625, 2877.08642578, 1262.30871582, 513.607788086, 341.996307373, 822.690795898, 825.02557373, 81.7517089844, 36.8343162537, 35.545955658, 13.080198288, 6.13034439087, 5.78748416901, 2.02502083778, 0.0772946551442, 0.000373320042854, 4.12485064771e-07, 3.08968495233e-09, 1.15510705168e-10, 1.01304034605e-11, 2.36876074311e-11, 1.20151472105e-10],
        "dvar2": [0.00107934430707, 0.204842060804, 1.68924486637, 13.681974411, 50.5872039795, 337.709716797, 967.067810059, 2931.66113281, 6037.50195312, 6789.69482422, 10137.2988281, 8572.81445312, 12844.7158203, 16046.375, 7546.29394531, 7591.70361328, 2311.92822266, 6676.16308594, 21646.8828125, 6790.33300781, 3116.83105469, 1295.59716797, 785.490478516, 1959.83703613, 2165.77905273, 203.81652832, 86.4189987183, 88.7831115723, 30.2200870514, 13.0643873215, 11.4285678864, 3.87289071083, 0.153920352459, 0.000780045811553, 8.05357785794e-07, 5.70701486069e-09, 2.15101991774e-10, 1.91082375617e-11, 4.60829222004e-11, 2.30204133533e-10],
        "max": [0.323008418083, 5.18925046921, 12.7226696014, 53.5435714722, 174.899932861, 606.157470703, 746.206726074, 1168.64660645, 1067.80725098, 1066.45678711, 1350.03637695, 1900.66418457, 2991.57055664, 2654.43041992, 1742.7088623, 1475.13146973, 996.492553711, 1353.36975098, 1940.84179688, 1520.78796387, 1858.02148438, 522.051452637, 702.529052734, 775.797180176, 729.761047363, 175.620803833, 145.962615967, 243.203460693, 130.957275391, 73.4223098755, 84.8690948486, 44.9701538086, 6.50971746445, 0.581575453281, 0.0172319505364, 0.00143069867045, 0.000275335914921, 8.46253606142e-05, 7.21856486052e-05, 0.000161648189533],
        "mean": [0.0108700664714, 0.158733487129, 0.476227432489, 1.43395829201, 3.64249753952, 7.58501386642, 12.8086214066, 16.5008049011, 24.2889537811, 25.3675365448, 36.5688018799, 29.5550251007, 29.3565940857, 37.3189086914, 26.7310352325, 38.5362510681, 23.9255237579, 33.0422515869, 64.4270477295, 37.1869621277, 26.9542217255, 21.536895752, 17.667760849, 24.4416618347, 24.5932826996, 9.32423782349, 5.88658094406, 4.20910835266, 2.95700335503, 1.90973722935, 1.41147184372, 0.665043234825, 0.13621711731, 0.00945459585637, 0.000383814971428, 5.17733642482e-05, 1.65582932823e-05, 5.58469128009e-06, 1.07087862489e-05, 2.15080272028e-05],
        "median": [0.0027385703288, 0.0472629331052, 0.1423535496, 0.536870121956, 1.48529541492, 3.14049005508, 4.30312681198, 3.52117419243, 5.22075605392, 5.24609136581, 10.0160112381, 6.69434785843, 5.27607488632, 5.24965000153, 6.3528676033, 8.86480045319, 8.05313587189, 9.18979167938, 13.1580972672, 10.8894643784, 10.9636850357, 8.85277175903, 8.13272953033, 9.00051212311, 8.45120239258, 4.68803739548, 2.69264245033, 1.99824488163, 1.40284657478, 0.941888391972, 0.574112057686, 0.216175913811, 0.0413036197424, 0.00290686730295, 0.000152034132043, 3.21798470395e-05, 1.23913532661e-05, 4.01569786845e-06, 8.4720322775e-06, 1.62180404004e-05],
        "min": [2.45215405526e-22, 9.56033884875e-22, 4.74265296677e-21, 1.73136543934e-20, 1.84324985669e-20, 4.80968044578e-20, 9.51317868901e-20, 1.1949641122e-19, 3.01669822567e-19, 3.37668412633e-19, 4.23181077738e-19, 6.75007452285e-19, 1.0709706948e-18, 8.50697770958e-19, 2.20726570374e-18, 1.34337130008e-18, 2.75348428828e-18, 2.52544630983e-18, 3.17480976726e-18, 2.75196579147e-18, 6.489687682e-18, 5.18565936659e-18, 7.20721144228e-18, 6.61586002237e-18, 7.63092643926e-18, 7.31518911791e-18, 1.24098747471e-17, 1.26275630418e-17, 1.15109668221e-17, 1.52387348348e-17, 1.47333241718e-17, 1.31600547708e-17, 1.00557385761e-17, 8.8093196681e-18, 7.84458140122e-18, 4.45779998455e-18, 2.62216771167e-18, 1.08037305003e-18, 2.7210827448e-19, 2.7010592548e-20],
        "var": [0.000542475958355, 0.110140711069, 0.84005010128, 7.39112854004, 42.2224578857, 323.900543213, 836.801818848, 2514.10302734, 3657.05175781, 4615.30957031, 6808.23046875, 6405.72509766, 10096.0175781, 18967.6972656, 6823.59765625, 6509.57666016, 2070.81396484, 5716.04736328, 23664.9648438, 6602.18359375, 2434.51586914, 1207.50622559, 784.764831543, 1772.93676758, 1888.87097168, 178.578216553, 83.6742782593, 58.1252784729, 26.0323848724, 11.7178049088, 10.5459737778, 3.57793974876, 0.127601787448, 0.000595102726948, 7.83696634699e-07, 6.83204959273e-09, 3.38510830478e-10, 3.55692385268e-11, 9.12106570827e-11, 4.09002054447e-10]
    },
    "gfcc": {
        "mean": [-84.8773117065, 139.544799805, -184.983551025, 50.8672332764, -73.0744628906, -5.42824363708, -24.2218608856, -22.3207244873, 4.46347093582, -25.2278118134, 6.67567777634, -18.6212158203, -3.60697031021],
        "cov": [[9708.91796875, 315.001373291, -1190.26953125, 290.670715332, 28.2388153076, -78.7682800293, 4.62854766846, -99.4174804688, 58.5964889526, -63.6558456421, 125.278335571, -49.8882522583, 30.5842151642], [315.001373291, 1314.06567383, 465.481536865, -293.643585205, 146.479766846, -367.679107666, -1.37304568291, -130.912109375, 12.4695577621, -83.9872817993, 7.86431264877, -6.49105787277, -52.6776275635], [-1190.26953125, 465.481536865, 1029.09204102, 215.026977539, -41.6643333435, -124.850189209, -108.727325439, -15.0864801407, -34.8854141235, -44.945941925, 9.56875419617, 16.8581485748, -30.91563797], [290.670715332, -293.643585205, 215.026977539, 703.165649414, 49.1072807312, 156.909133911, -63.44896698, 21.4187488556, -0.550273537636, 40.0063591003, 28.9719295502, 4.96506881714, 27.7497138977], [28.2388153076, 146.479766846, -41.6643333435, 49.1072807312, 295.932861328, 12.0938024521, 23.0135440826, -19.2890605927, 15.5958375931, 24.6377944946, -3.68052911758, -4.0501499176, 8.70224666595], [-78.7682800293, -367.679107666, -124.850189209, 156.909133911, 12.0938024521, 403.34677124, 80.8027801514, 41.6949729919, -8.09640598297, 39.1215438843, 6.36508893967, -15.8856258392, 34.2917823792], [4.62854766846, -1.37304568291, -108.727325439, -63.44896698, 23.0135440826, 80.8027801514, 208.657562256, 50.3517036438, -18.486530304, 6.08014011383, 2.31104469299, 8.91938209534, -6.66726303101], [-99.4174804688, -130.912109375, -15.0864801407, 21.4187488556, -19.2890605927, 41.6949729919, 50.3517036438, 124.170295715, 23.7418994904, 0.0596252828836, 8.51795578003, 3.55142903328, 6.16856479645], [58.5964889526, 12.4695577621, -34.8854141235, -0.550273537636, 15.5958375931, -8.09640598297, -18.486530304, 23.7418994904, 103.759162903, 38.198059082, -10.9640703201, 0.458223462105, -4.51413202286], [-63.6558456421, -83.9872817993, -44.945941925, 40.0063591003, 24.6377944946, 39.1215438843, 6.08014011383, 0.0596252828836, 38.198059082, 100.078552246, 28.0456809998, -12.6139268875, 0.289402455091], [125.278335571, 7.86431264877, 9.56875419617, 28.9719295502, -3.68052911758, 6.36508893967, 2.31104469299, 8.51795578003, -10.9640703201, 28.0456809998, 87.0713348389, 22.9903106689, -11.1145381927], [-49.8882522583, -6.49105787277, 16.8581485748, 4.96506881714, -4.0501499176, -15.8856258392, 8.91938209534, 3.55142903328, 0.458223462105, -12.6139268875, 22.9903106689, 81.7967224121, 24.5945053101], [30.5842151642, -52.6776275635, -30.91563797, 27.7497138977, 8.70224666595, 34.2917823792, -6.66726303101, 6.16856479645, -4.51413202286, 0.289402455091, -11.1145381927, 24.5945053101, 91.6031036377]],
        "icov": [[0.000181152005098, -0.000245378410909, 0.000411374145187, -0.000325506785884, 0.000195952001377, 3.66758249584e-05, 2.83716799458e-05, 5.24940987816e-05, -0.000146970429341, 0.000354069925379, -0.00038546952419, 0.000236243504332, -0.000116522300232], [-0.000245378410909, 0.00312888249755, -0.0021072619129, 0.00144187826663, -0.00175913004205, 0.00163313490339, -0.00248237326741, 0.00365020358004, -0.0034753580112, 0.00340956030414, -0.00306653627194, 0.00261380407028, -0.00139337452129], [0.000411374145187, -0.0021072619129, 0.00300862523727, -0.00175942189526, 0.00139263027813, -0.00044130225433, 0.00185486488044, -0.00213498156518, 0.00220098998398, -0.00111655017827, 0.00127213960513, -0.00144863128662, 0.00116619293112], [-0.000325506785884, 0.00144187826663, -0.00175942189526, 0.00291389110498, -0.00131798407529, -0.000416429276811, 5.66967755731e-05, 0.000649309076834, -0.000654835544992, 3.41562918038e-05, -0.000763931195252, 0.000295595265925, -0.000501594680827], [0.000195952001377, -0.00175913004205, 0.00139263027813, -0.00131798407529, 0.00471029989421, -0.000611184281297, 0.000393109919969, -0.000797216838691, 0.000989590887912, -0.00206366484053, 0.0015228362754, -0.000915209238883, 0.000141633499879], [3.66758249584e-05, 0.00163313490339, -0.00044130225433, -0.000416429276811, -0.000611184281297, 0.00455148518085, -0.00285839545541, 0.00182848074473, -0.00178546982352, 0.00159710354637, -0.00226807594299, 0.00291670672596, -0.0022241785191], [2.83716799458e-05, -0.00248237326741, 0.00185486488044, 5.66967755731e-05, 0.000393109919969, -0.00285839545541, 0.00950475502759, -0.00685020117089, 0.00659227045253, -0.00540639692917, 0.00503486953676, -0.00524391327053, 0.00371840689331], [5.24940987816e-05, 0.00365020358004, -0.00213498156518, 0.000649309076834, -0.000797216838691, 0.00182848074473, -0.00685020117089, 0.0161289218813, -0.0100867887959, 0.00866360310465, -0.00812791939825, 0.0060104909353, -0.00415352778509], [-0.000146970429341, -0.0034753580112, 0.00220098998398, -0.000654835544992, 0.000989590887912, -0.00178546982352, 0.00659227045253, -0.0100867887959, 0.020680019632, -0.0139052541927, 0.0115095879883, -0.00849658437073, 0.00546592986211], [0.000354069925379, 0.00340956030414, -0.00111655017827, 3.41562918038e-05, -0.00206366484053, 0.00159710354637, -0.00540639692917, 0.00866360310465, -0.0139052541927, 0.023421658203, -0.0143271628767, 0.0104218786582, -0.00521919177845], [-0.00038546952419, -0.00306653627194, 0.00127213960513, -0.000763931195252, 0.0015228362754, -0.00226807594299, 0.00503486953676, -0.00812791939825, 0.0115095879883, -0.0143271628767, 0.0236139763147, -0.0124074136838, 0.00745307467878], [0.000236243504332, 0.00261380407028, -0.00144863128662, 0.000295595265925, -0.000915209238883, 0.00291670672596, -0.00524391327053, 0.0060104909353, -0.00849658437073, 0.0104218786582, -0.0124074136838, 0.0214347802103, -0.00865766592324], [-0.000116522300232, -0.00139337452129, 0.00116619293112, -0.000501594680827, 0.000141633499879, -0.0022241785191, 0.00371840689331, -0.00415352778509, 0.00546592986211, -0.00521919177845, 0.00745307467878, -0.00865766592324, 0.0155839817598]]
    },
    "melbands": {
        "dmean": [9.90867702058e-05, 0.000170378596522, 0.000198190449737, 0.000266195478616, 0.000263544265181, 0.000266199494945, 0.000296986137982, 0.000224343937589, 0.000225180119742, 0.000131666893139, 9.73055284703e-05, 9.17517318157e-05, 5.63110552321e-05, 5.91939715378e-05, 5.22540867678e-05, 2.81893353531e-05, 4.10289540014e-05, 5.54123034817e-05, 5.40463952348e-05, 1.9944685846e-05, 1.81867690117e-05, 1.41676218846e-05, 8.82907352207e-06, 9.88855754258e-06, 1.13572787086e-05, 1.01995756268e-05, 6.81090114085e-06, 2.88198043563e-06, 2.13408952732e-06, 1.53903579303e-06, 1.40965607898e-06, 9.76099954642e-07, 6.39307870642e-07, 5.79337722684e-07, 5.13935276558e-07, 3.81215954803e-07, 2.21813024837e-07, 7.60050582471e-08, 1.57521249378e-08, 9.73605196464e-10],
        "dmean2": [0.000160325929755, 0.000266979885055, 0.000321721396176, 0.000416943192249, 0.000401188444812, 0.000403248181101, 0.000462987227365, 0.000343200110365, 0.000352401955752, 0.000203875519219, 0.000149577317643, 0.000142984907143, 8.95041885087e-05, 9.46270520217e-05, 8.31119177747e-05, 4.48415812571e-05, 6.53695969959e-05, 8.62387969391e-05, 8.48539566505e-05, 3.16826262861e-05, 2.98823997582e-05, 2.30152272707e-05, 1.42139670061e-05, 1.56567548402e-05, 1.82227686309e-05, 1.6522630176e-05, 1.10306446004e-05, 4.67492327516e-06, 3.45408420799e-06, 2.47797765951e-06, 2.29401553042e-06, 1.56072212576e-06, 1.00144200132e-06, 8.97938946309e-07, 7.84603116699e-07, 5.72246051433e-07, 3.28835056962e-07, 1.15566962222e-07, 2.50343212826e-08, 1.58533408623e-09],
        "dvar": [6.42425064257e-08, 1.3557300349e-07, 1.54553006837e-07, 3.70816536588e-07, 4.07110803735e-07, 6.26143673799e-07, 5.83698692935e-07, 3.71909806063e-07, 3.02239584471e-07, 1.72445481894e-07, 1.45414389863e-07, 1.167774073e-07, 3.77156617049e-08, 1.91101516833e-08, 1.45840797217e-08, 5.05590636024e-09, 1.36427980024e-08, 2.17560440774e-08, 2.35252102243e-08, 3.45637940491e-09, 1.75986303308e-09, 9.56880130687e-10, 4.05758066035e-10, 4.76876094169e-10, 6.99463709175e-10, 5.06385378074e-10, 2.54806536981e-10, 3.72947679683e-11, 2.11979392373e-11, 1.10300648823e-11, 2.21124125954e-11, 6.18864768459e-12, 2.32775712768e-12, 2.27341778215e-12, 2.50738318996e-12, 1.56171213114e-12, 5.72514691904e-13, 5.5779389625e-14, 3.00286478219e-15, 1.51616829607e-17],
        "dvar2": [1.63508289575e-07, 3.08859654297e-07, 3.81989309517e-07, 7.61155263262e-07, 8.15861483261e-07, 1.23671213714e-06, 1.33808453029e-06, 7.89844307292e-07, 6.92412243097e-07, 3.60249799769e-07, 3.25730781014e-07, 2.73281813179e-07, 8.88698110657e-08, 4.59549056586e-08, 3.59407223982e-08, 1.15990292926e-08, 3.19432054141e-08, 4.99928809461e-08, 5.63115136742e-08, 8.41091285508e-09, 4.41822933794e-09, 2.46731879372e-09, 9.74713643132e-10, 1.09257991543e-09, 1.69977998343e-09, 1.31478261611e-09, 6.75297651132e-10, 9.51533157822e-11, 5.06185648952e-11, 2.73252132726e-11, 5.6959593292e-11, 1.489740796e-11, 5.29598110158e-12, 4.92540036534e-12, 5.19930496226e-12, 3.11052702692e-12, 1.11838164597e-12, 1.17943063085e-13, 7.06664553059e-15, 3.60487064574e-17],
        "max": [0.00452356459573, 0.0060753733851, 0.00913020502776, 0.0263656266034, 0.0228825286031, 0.0235285814852, 0.0153011418879, 0.0102322157472, 0.012757700868, 0.0123103456572, 0.0144214257598, 0.0110156042501, 0.00778969377279, 0.00306875398383, 0.00255239265971, 0.00246745953336, 0.00311780301854, 0.00317336153239, 0.00480818608776, 0.00259764282964, 0.00167590507772, 0.000789673475083, 0.000839972926769, 0.000564533635043, 0.000656552438159, 0.000552224810235, 0.000512310070917, 9.751397738e-05, 9.41261605476e-05, 8.51944714668e-05, 0.000217362015974, 9.52659611357e-05, 5.35815706826e-05, 4.7968205763e-05, 5.6770259107e-05, 3.59342957381e-05, 2.74605081358e-05, 5.94932271269e-06, 1.72285353983e-06, 2.07531130059e-07],
        "mean": [0.0001379866153, 0.000245281815296, 0.000283798377495, 0.000420480530011, 0.000419782736572, 0.000378256634576, 0.000373951421352, 0.000281337910565, 0.000300090323435, 0.000180192757398, 0.000141801487189, 0.000150384264998, 8.26539107948e-05, 9.29269808694e-05, 8.54261597851e-05, 4.28277089668e-05, 6.18437115918e-05, 9.23827683437e-05, 8.97655336303e-05, 3.19751088682e-05, 3.12762967951e-05, 2.48427677434e-05, 1.49474226419e-05, 1.7954627765e-05, 1.98897942028e-05, 1.83633801498e-05, 1.20448185044e-05, 5.11840062245e-06, 3.9145311348e-06, 2.76993068837e-06, 2.47595949077e-06, 1.84981138318e-06, 1.17149147627e-06, 1.00750173715e-06, 8.71454915341e-07, 5.90301965531e-07, 3.35074901159e-07, 1.08174809554e-07, 2.13138307004e-08, 1.2897310997e-09],
        "median": [3.75524250558e-05, 8.48983690958e-05, 0.00011295414879, 0.000176093206392, 0.000155081608682, 8.58772691572e-05, 8.02456706879e-05, 5.60671905987e-05, 7.97727479949e-05, 3.43179199263e-05, 2.27143100346e-05, 1.90214432223e-05, 1.46629645315e-05, 2.13390649151e-05, 1.93995638256e-05, 1.25638498503e-05, 1.29795425892e-05, 1.84982327482e-05, 1.51343210746e-05, 8.84612563823e-06, 1.12489215098e-05, 8.35984246805e-06, 6.15087128608e-06, 6.59244233248e-06, 5.96586551183e-06, 5.82837674301e-06, 3.98834663429e-06, 2.13825160245e-06, 1.5864627585e-06, 1.06694608348e-06, 1.00353088328e-06, 8.08749632597e-07, 5.41366887319e-07, 4.49398640967e-07, 3.40427817491e-07, 1.89232636671e-07, 9.74269909193e-08, 2.99138775972e-08, 5.76759884297e-09, 2.53170762132e-10],
        "min": [2.35709666328e-24, 2.44059620959e-24, 2.98747501821e-24, 1.24445726584e-24, 2.46462885707e-24, 2.88072162735e-24, 4.14868339829e-24, 4.34181311397e-24, 3.62583467335e-24, 3.8761004011e-24, 4.77337643268e-24, 3.24329373509e-24, 5.75226170262e-24, 3.48826522009e-24, 3.66813694496e-24, 6.53361304646e-24, 4.36252623476e-24, 4.47637069629e-24, 4.54147223136e-24, 2.97787458099e-24, 6.74651753288e-24, 4.71622069908e-24, 5.05549833593e-24, 6.06674228578e-24, 4.34671351791e-24, 5.82456908763e-24, 5.39518894147e-24, 4.56207609491e-24, 6.07324802167e-24, 7.61053558312e-24, 6.37089155209e-24, 5.68460859696e-24, 5.84525459828e-24, 7.04533646605e-24, 7.51388750046e-24, 8.43595782472e-24, 7.50015895412e-24, 6.3861299782e-24, 6.46354642086e-24, 7.26746628633e-24],
        "var": [8.38312743667e-08, 1.99235884679e-07, 2.38326975932e-07, 7.21036656159e-07, 8.2634608134e-07, 1.11039594231e-06, 8.16436511286e-07, 5.66088260712e-07, 4.40211863406e-07, 2.84584160681e-07, 2.5174330176e-07, 3.30679625904e-07, 7.46867101498e-08, 4.09470821694e-08, 3.42497550321e-08, 8.68324967485e-09, 2.57628602895e-08, 5.16762987957e-08, 5.32284936128e-08, 6.44643494141e-09, 3.34144667491e-09, 2.08305550586e-09, 7.37561511865e-10, 1.08877273863e-09, 1.39522049469e-09, 1.11313225304e-09, 5.22109633305e-10, 6.9206078368e-11, 4.49623463461e-11, 2.29423684911e-11, 2.9300152582e-11, 1.12193128052e-11, 4.2958557718e-12, 3.97067014685e-12, 4.18909264915e-12, 2.6862464076e-12, 9.71769756677e-13, 8.40529089472e-14, 3.60285929983e-15, 2.33796594807e-17]
    },
    "mfcc": {
        "mean": [-690.271728516, 132.582733154, -36.9485740662, 32.2648582458, -17.5086097717, 8.23996543884, -19.7057056427, 6.21151924133, -16.7144966125, 8.46985244751, -7.63224649429, 1.37903642654, -5.84580039978],
        "cov": [[7831.69970703, -71.0190734863, -1272.17883301, 473.023590088, -349.916351318, 414.662750244, -255.818008423, 305.479553223, -278.208984375, 297.248016357, -88.2318725586, 80.5487442017, -85.9875640869], [-71.0190734863, 1589.03771973, 189.843231201, -69.8417129517, 59.1482391357, -288.750244141, -53.9711418152, -110.970695496, -57.5129013062, -128.897369385, 49.0567932129, -148.1118927, 90.7974319458], [-1272.17883301, 189.843231201, 995.044677734, 214.191390991, 142.290130615, -62.0965919495, 9.16630458832, -33.9653701782, -24.8708286285, -87.3056488037, -9.74761295319, -2.84524178505, 23.2241744995], [473.023590088, -69.8417129517, 214.191390991, 512.445983887, 138.183334351, 47.8373298645, -38.2305603027, 8.51344013214, -45.2151107788, 1.82541108131, -11.0904607773, 10.9746408463, 27.6491470337], [-349.916351318, 59.1482391357, 142.290130615, 138.183334351, 293.99710083, 45.3760223389, -6.31497478485, -40.3957023621, 15.9915046692, -4.89567995071, -10.6105079651, -10.2686443329, 20.4470977783], [414.662750244, -288.750244141, -62.0965919495, 47.8373298645, 45.3760223389, 293.609069824, 69.5734100342, 35.914478302, 26.267534256, 54.1128044128, -3.27593231201, 46.558555603, -26.8489322662], [-255.818008423, -53.9711418152, 9.16630458832, -38.2305603027, -6.31497478485, 69.5734100342, 212.279602051, 44.9354171753, 26.4061737061, 18.7559432983, 4.92123174667, 16.0852813721, -3.64843654633], [305.479553223, -110.970695496, -33.9653701782, 8.51344013214, -40.3957023621, 35.914478302, 44.9354171753, 157.713165283, 13.0485954285, 17.1035861969, 3.86386394501, 7.1388630867, -13.4804992676], [-278.208984375, -57.5129013062, -24.8708286285, -45.2151107788, 15.9915046692, 26.267534256, 26.4061737061, 13.0485954285, 145.368911743, 10.4971981049, -6.68860149384, 10.161075592, -10.2869701385], [297.248016357, -128.897369385, -87.3056488037, 1.82541108131, -4.89567995071, 54.1128044128, 18.7559432983, 17.1035861969, 10.4971981049, 149.171707153, 19.5665245056, 5.75219726562, -16.3183040619], [-88.2318725586, 49.0567932129, -9.74761295319, -11.0904607773, -10.6105079651, -3.27593231201, 4.92123174667, 3.86386394501, -6.68860149384, 19.5665245056, 118.641326904, 16.0754852295, -3.87543320656], [80.5487442017, -148.1118927, -2.84524178505, 10.9746408463, -10.2686443329, 46.558555603, 16.0852813721, 7.1388630867, 10.161075592, 5.75219726562, 16.0754852295, 120.449302673, 11.6696691513], [-85.9875640869, 90.7974319458, 23.2241744995, 27.6491470337, 20.4470977783, -26.8489322662, -3.64843654633, -13.4804992676, -10.2869701385, -16.3183040619, -3.87543320656, 11.6696691513, 123.601753235]],
