{
"lowlevel": {
    "average_loudness": 0.916713893414,
    "barkbands_crest": {
        "dmean": 2.57447528839,
        "dmean2": 4.14285230637,
        "dvar": 5.44921970367,
        "dvar2": 13.3324451447,
        "max": 25.0737762451,
        "mean": 10.0794620514,
        "median": 9.23863220215,
        "min": 2.76649141312,
        "var": 16.562582016
    },
    "barkbands_flatness_db": {
        "dmean": 0.0206093285233,
        "dmean2": 0.0316136404872,
        "dvar": 0.000371530448319,
        "dvar2": 0.00084430386778,
        "max": 0.310418665409,
        "mean": 0.156755954027,
        "median": 0.155374959111,
        "min": 0.0449720732868,
        "var": 0.00151477172039
    },
    "barkbands_kurtosis": {
        "dmean": 2.47412705421,
        "dmean2": 3.92958140373,
        "dvar": 11.053481102,
        "dvar2": 26.7599983215,
        "max": 78.9505462646,
        "mean": 4.49222326279,
        "median": 3.08460402489,
        "min": -1.8603464365,
        "var": 30.6122055054
    },
    "barkbands_skewness": {
        "dmean": 0.479307383299,
        "dmean2": 0.74478328228,
        "dvar": 0.213063016534,
        "dvar2": 0.49602201581,
        "max": 8.14504241943,
        "mean": 1.48824226856,
        "median": 1.44964694977,
        "min": -1.91404521465,
        "var": 1.10202622414
    },
    "barkbands_spread": {
        "dmean": 4.702044487,
        "dmean2": 7.47955369949,
        "dvar": 45.7210464478,
        "dvar2": 104.539726257,
        "max": 87.8200149536,
        "mean": 16.2748813629,
        "median": 13.284913063,
        "min": 1.54456961155,
        "var": 120.670692444
    },
    "dissonance": {
        "dmean": 0.0229364074767,
        "dmean2": 0.0385248288512,
        "dvar": 0.000459024187876,
        "dvar2": 0.00125530350488,
        "max": 0.499995559454,
        "mean": 0.452094465494,
        "median": 0.459020853043,
        "min": 0.274631381035,
        "var": 0.00111111695878
    },
    "dynamic_complexity": 3.0001885891,
    "erbbands_crest": {
        "dmean": 2.68598985672,
        "dmean2": 4.29817581177,
        "dvar": 6.01857089996,
        "dvar2": 15.0109081268,
        "max": 32.0171813965,
        "mean": 10.1396398544,
        "median": 9.10886573792,
        "min": 2.43419384956,
        "var": 20.8746204376
    },
    "erbbands_flatness_db": {
        "dmean": 0.0193269792944,
        "dmean2": 0.0276794154197,
        "dvar": 0.000364238105249,
        "dvar2": 0.000640042126179,
        "max": 0.318608671427,
        "mean": 0.177694857121,
        "median": 0.178196102381,
        "min": 0.0434951558709,
        "var": 0.00201473664492
    },
    "erbbands_kurtosis": {
        "dmean": 1.23617446423,
        "dmean2": 1.95640647411,
        "dvar": 2.39243865013,
        "dvar2": 5.6331448555,
        "max": 30.1925392151,
        "mean": 1.53479158878,
        "median": 0.67358982563,
        "min": -1.83927977085,
        "var": 8.89458370209
    },
    "erbbands_skewness": {
        "dmean": 0.381357073784,
        "dmean2": 0.598393499851,
        "dvar": 0.126280292869,
        "dvar2": 0.30239918828,
        "max": 4.84497404099,
        "mean": 0.745637834072,
        "median": 0.77225625515,
        "min": -2.80971026421,
        "var": 0.660425066948
    },
    "erbbands_spread": {
        "dmean": 7.20321702957,
        "dmean2": 11.0162353516,
        "dvar": 71.8127975464,
        "dvar2": 149.479171753,
        "max": 154.456787109,
        "mean": 31.9575862885,
        "median": 28.0096817017,
        "min": 3.09027481079,
        "var": 336.919464111
    },
    "hfc": {
        "dmean": 5.21589326859,
        "dmean2": 7.93602466583,
        "dvar": 50.7761421204,
        "dvar2": 108.48500824,
        "max": 106.914039612,
        "mean": 17.804233551,
        "median": 13.6841850281,
        "min": 1.12637501649e-16,
        "var": 223.593582153
    },
    "melbands_crest": {
        "dmean": 3.11461687088,
        "dmean2": 5.04366588593,
        "dvar": 7.98879003525,
        "dvar2": 19.9464969635,
        "max": 30.6035194397,
        "mean": 12.8590431213,
        "median": 11.9495239258,
        "min": 3.07851791382,
        "var": 23.6127166748
    },
    "melbands_flatness_db": {
        "dmean": 0.0233898349106,
        "dmean2": 0.0361022315919,
        "dvar": 0.000557570776436,
        "dvar2": 0.00131090567447,
        "max": 0.417887628078,
        "mean": 0.214827209711,
        "median": 0.214246928692,
        "min": 0.00614932086319,
        "var": 0.00284338649362
    },
    "melbands_kurtosis": {
        "dmean": 4.73183870316,
        "dmean2": 7.45616197586,
        "dvar": 56.9038124084,
        "dvar2": 138.788650513,
        "max": 179.522369385,
        "mean": 10.0102100372,
        "median": 6.56949520111,
        "min": -1.75565540791,
        "var": 156.817764282
    },
    "melbands_skewness": {
        "dmean": 0.575860202312,
        "dmean2": 0.877547025681,
        "dvar": 0.338188886642,
        "dvar2": 0.767792224884,
        "max": 10.5469655991,
        "mean": 2.07616853714,
        "median": 1.93166399002,
        "min": -1.23127532005,
        "var": 1.93787527084
    },
    "melbands_spread": {
        "dmean": 4.85152673721,
        "dmean2": 7.63155698776,
        "dvar": 48.936706543,
        "dvar2": 109.531234741,
        "max": 202.248901367,
        "mean": 17.9914894104,
        "median": 14.8445911407,
        "min": 1.5110322237,
        "var": 154.244888306
    },
    "pitch_salience": {
        "dmean": 0.0671407356858,
        "dmean2": 0.108234733343,
        "dvar": 0.00345751969144,
        "dvar2": 0.00866834819317,
        "max": 0.936738491058,
        "mean": 0.575184762478,
        "median": 0.581446886063,
        "min": 0.163771256804,
        "var": 0.0116109661758
    },
    "silence_rate_20dB": {
        "dmean": 0,
        "dmean2": 0,
        "dvar": 0,
        "dvar2": 0,
        "max": 1,
        "mean": 1,
        "median": 1,
        "min": 1,
        "var": 0
    },
    "silence_rate_30dB": {
        "dmean": 0.00100288330577,
        "dmean2": 0.00200601806864,
        "dvar": 0.00100185361225,
        "dvar2": 0.0027541546151,
        "max": 1,
        "mean": 0.99937325716,
        "median": 1,
        "min": 0,
        "var": 0.000626367982477
    },
    "silence_rate_60dB": {
        "dmean": 0.00501441629604,
        "dmean2": 0.0100300898775,
        "dvar": 0.0049901693128,
        "dvar2": 0.0114326644689,
        "max": 1,
        "mean": 0.0307094510645,
        "median": 0,
        "min": 0,
        "var": 0.0297693200409
    },
    "spectral_centroid": {
        "dmean": 205.576980591,
        "dmean2": 334.81036377,
        "dvar": 92243.828125,
        "dvar2": 223164.34375,
        "max": 10916.1279297,
        "mean": 1030.70544434,
        "median": 905.486999512,
        "min": 223.13885498,
        "var": 258145.828125
    },
    "spectral_complexity": {
        "dmean": 2.78550839424,
        "dmean2": 4.64844512939,
        "dvar": 9.76961421967,
        "dvar2": 25.330663681,
        "max": 45,
        "mean": 15.8698921204,
        "median": 15,
        "min": 0,
        "var": 38.7229232788
    },
    "spectral_decrease": {
        "dmean": 1.80644610381e-09,
        "dmean2": 2.77115153047e-09,
        "dvar": 4.66656961781e-18,
        "dvar2": 1.08622438093e-17,
        "max": -1.05972200741e-28,
        "mean": -6.36022745581e-09,
        "median": -5.49639533887e-09,
        "min": -3.72502526602e-08,
        "var": 1.88021131084e-17
    },
    "spectral_energy": {
        "dmean": 0.00715760374442,
        "dmean2": 0.010959318839,
        "dvar": 7.28731101844e-05,
        "dvar2": 0.000168409460457,
        "max": 0.145803272724,
        "mean": 0.0256198495626,
        "median": 0.0221667923033,
        "min": 1.06165117719e-20,
        "var": 0.000302564672893
    },
    "spectral_energyband_high": {
        "dmean": 0.000256105995504,
        "dmean2": 0.000401585886721,
        "dvar": 3.06455234522e-07,
        "dvar2": 6.74238037845e-07,
        "max": 0.0115223797038,
        "mean": 0.000438648130512,
        "median": 0.000174292828888,
        "min": 7.61953624623e-21,
        "var": 6.94704795023e-07
    },
    "spectral_energyband_low": {
        "dmean": 0.00231345673092,
        "dmean2": 0.00355053553358,
        "dvar": 1.67808721017e-05,
        "dvar2": 3.84609120374e-05,
        "max": 0.0650389790535,
        "mean": 0.00507128983736,
        "median": 0.00326166441664,
        "min": 4.04661631452e-23,
        "var": 3.51337475877e-05
    },
    "spectral_energyband_middle_high": {
        "dmean": 0.0018426310271,
        "dmean2": 0.00272683589719,
        "dvar": 1.15566235763e-05,
        "dvar2": 2.38639204326e-05,
        "max": 0.0625555962324,
        "mean": 0.00544760003686,
        "median": 0.00251922383904,
        "min": 1.975059916e-21,
        "var": 5.29108438059e-05
    },
    "spectral_energyband_middle_low": {
        "dmean": 0.00540157593787,
        "dmean2": 0.00841803476214,
        "dvar": 5.34311402589e-05,
        "dvar2": 0.000128589439555,
        "max": 0.127090901136,
        "mean": 0.0156915802509,
        "median": 0.0117540266365,
        "min": 2.80181052994e-22,
        "var": 0.00018093160179
    },
    "spectral_entropy": {
        "dmean": 0.167521700263,
        "dmean2": 0.257387846708,
        "dvar": 0.0313020274043,
        "dvar2": 0.0656342208385,
        "max": 9.8059425354,
        "mean": 7.36072063446,
        "median": 7.35812664032,
        "min": 5.99658441544,
        "var": 0.151319175959
    },
    "spectral_flux": {
        "dmean": 0.0204867441207,
        "dmean2": 0.0334407389164,
        "dvar": 0.000465562130557,
        "dvar2": 0.00117472920101,
        "max": 0.265169709921,
        "mean": 0.0760232433677,
        "median": 0.0707009881735,
        "min": 1.03036461307e-10,
        "var": 0.00143982586451
    },
    "spectral_kurtosis": {
        "dmean": 1.78689539433,
        "dmean2": 3.05828213692,
        "dvar": 3.52779722214,
        "dvar2": 9.94777870178,
        "max": 33.2660713196,
        "mean": 5.10423994064,
        "median": 4.56553268433,
        "min": -1.22301709652,
        "var": 8.82901191711
    },
    "spectral_rms": {
        "dmean": 0.000661759113427,
        "dmean2": 0.00100069970358,
        "dvar": 4.41664923301e-07,
        "dvar2": 9.74897716333e-07,
        "max": 0.0119267385453,
        "mean": 0.00470330193639,
        "median": 0.00465039117262,
        "min": 3.21831819007e-12,
        "var": 2.87392276732e-06
    },
    "spectral_rolloff": {
        "dmean": 330.512359619,
        "dmean2": 573.34765625,
        "dvar": 569221.25,
        "dvar2": 1302224.25,
        "max": 18303.2226562,
        "mean": 1131.79882812,
        "median": 796.728515625,
        "min": 86.1328125,
        "var": 1110195.375
    },
    "spectral_skewness": {
        "dmean": 0.251032888889,
        "dmean2": 0.414998412132,
        "dvar": 0.0590330511332,
        "dvar2": 0.15143199265,
        "max": 4.59634113312,
        "mean": 1.69969713688,
        "median": 1.68068814278,
        "min": 0.0322690457106,
        "var": 0.233194768429
    },
    "spectral_spread": {
        "dmean": 602384,
        "dmean2": 858590.8125,
        "dvar": 854502735872,
        "dvar2": 1.47548064973e+12,
        "max": 40953580,
        "mean": 4194483.5,
        "median": 3813393,
        "min": 1681896.625,
        "var": 1.9782818857e+12
    },
    "spectral_strongpeak": {
        "dmean": 0.652756690979,
        "dmean2": 1.07413840294,
        "dvar": 1.13214576244,
        "dvar2": 2.74448156357,
        "max": 13.6536903381,
        "mean": 1.31971728802,
        "median": 0.78909444809,
        "min": 0,
        "var": 2.44381070137
    },
    "zerocrossingrate": {
        "dmean": 0.0092412289232,
        "dmean2": 0.0112812807783,
        "dvar": 0.000142234741361,
        "dvar2": 0.000176309855306,
        "max": 0.54345703125,
        "mean": 0.0499741584063,
        "median": 0.0439453125,
        "min": 0.00634765625,
        "var": 0.000791623664554
    },
    "barkbands": {
        "dmean": [1.66925256053e-05, 0.00156719773076, 0.000760163471568, 0.000916095566936, 0.00253341533244, 0.00131106644403, 0.00153133727144, 0.000900475191884, 0.00113406963646, 0.000646561500616, 0.000514528655913, 0.000421568111051, 0.000353708601324, 0.000384834944271, 0.000351295806468, 0.000207879871596, 0.000195342450752, 8.24845919851e-05, 9.27758228499e-05, 8.07810938568e-05, 8.63063687575e-05, 5.49727919861e-05, 3.73860057152e-05, 3.16011100949e-05, 1.85714179679e-05, 5.51398115931e-05, 4.92654628204e-08],
        "dmean2": [2.65136877715e-05, 0.0023056527134, 0.00127201178111, 0.00147800554987, 0.0041541219689, 0.00202500284649, 0.00240729073994, 0.00138012610842, 0.00172691140324, 0.000987261300907, 0.000774684711359, 0.000624720647465, 0.000531200319529, 0.000579219602514, 0.000539245607797, 0.000324348919094, 0.000316872523399, 0.000135704613058, 0.000156317197252, 0.000134935835376, 0.000151019296027, 9.26953434828e-05, 5.54454018129e-05, 4.74287407997e-05, 2.88189221465e-05, 8.98425423657e-05, 8.43225294034e-08],
        "dvar": [7.87931109247e-10, 1.08883514258e-05, 3.66674589714e-06, 4.62362777398e-06, 2.20704259846e-05, 9.02911233425e-06, 1.41220652949e-05, 5.57511430088e-06, 7.67435085436e-06, 3.20772710438e-06, 1.85457565749e-06, 1.79935125288e-06, 1.93997584574e-06, 2.49991899182e-06, 1.99087116926e-06, 4.06787307838e-07, 2.35366826473e-07, 4.28025437316e-08, 3.65837493632e-08, 3.46863409106e-08, 4.96191780996e-08, 2.00138483564e-08, 1.75385039825e-08, 1.18400889093e-08, 1.67279812224e-09, 1.9076194846e-08, 2.82663788345e-14],
        "dvar2": [1.74192538172e-09, 2.2585845727e-05, 9.06877630769e-06, 1.05213521238e-05, 5.54731159355e-05, 2.04906045838e-05, 3.55459123966e-05, 1.1859494407e-05, 1.74612159753e-05, 6.96259257893e-06, 4.02545856559e-06, 3.46824663211e-06, 4.36618302047e-06, 5.06706237502e-06, 4.6613977247e-06, 9.40343966249e-07, 5.79880975238e-07, 1.10949116561e-07, 9.40520479276e-08, 8.767386106e-08, 1.34317730272e-07, 4.92394072182e-08, 3.45564892257e-08, 2.27307364042e-08, 3.80480447149e-09, 4.6456896996e-08, 7.35444894546e-14],
        "max": [0.000531263300218, 0.0560566075146, 0.0453938245773, 0.0288320463151, 0.123401910067, 0.0729885622859, 0.102424778044, 0.0754120275378, 0.0635870993137, 0.0562935546041, 0.0358885191381, 0.0504708997905, 0.0474365763366, 0.0390244573355, 0.0376109741628, 0.01718368195, 0.0115799428895, 0.00852338131517, 0.00503692775965, 0.00673740310594, 0.00494928704575, 0.00337040401064, 0.00378712778911, 0.00332183670253, 0.000671221583616, 0.00155666808132, 4.66523715659e-06],
        "mean": [2.38706106757e-05, 0.00308036804199, 0.00125596276484, 0.00128773250617, 0.00459337793291, 0.00271714758128, 0.00266557023861, 0.00162462948356, 0.00218461151235, 0.00127340329345, 0.000937459233683, 0.000700762146153, 0.00052766414592, 0.000570342759602, 0.000594592071138, 0.000395620329073, 0.000360959616955, 0.000142736491398, 0.000149261686602, 0.000135798327392, 0.000122976649436, 8.40915599838e-05, 6.98644871591e-05, 5.28718155692e-05, 2.23638799071e-05, 4.57787464256e-05, 4.48651498175e-08],
        "median": [1.03663442133e-05, 0.0014608039055, 0.000637832097709, 0.000505075789988, 0.00194876897149, 0.000972437148448, 0.00114081497304, 0.000540681008715, 0.000614451651927, 0.000272433855571, 0.000249932229053, 0.000149143612362, 0.000109130778583, 7.90752383182e-05, 9.75859147729e-05, 7.12147884769e-05, 0.000108540793008, 5.77310311201e-05, 7.32898333808e-05, 6.36525073787e-05, 4.79179798276e-05, 3.09760362143e-05, 2.14982210309e-05, 1.39800486068e-05, 4.44614806838e-06, 2.97272936223e-06, 8.49900061439e-09],
        "min": [8.13188428905e-24, 2.3389463938e-23, 4.1994434421e-24, 1.91199735918e-23, 2.82372761024e-23, 4.75045379138e-23, 6.24906137273e-23, 5.14771941008e-23, 5.77695084015e-23, 3.01149038963e-23, 7.04330609585e-23, 1.07399676201e-22, 8.5689769705e-23, 8.75227164173e-23, 1.58261767055e-22, 1.48147711969e-22, 4.36192218818e-22, 2.20422580126e-22, 4.56744456158e-22, 2.93046503455e-22, 4.58738747014e-22, 6.67339015852e-22, 5.60877680231e-22, 7.71360259542e-22, 1.21236324246e-21, 1.55802356236e-21, 2.47327750362e-21],
        "var": [1.55602097873e-09, 2.22285561904e-05, 4.91847276862e-06, 6.5543376877e-06, 5.17367552675e-05, 2.91350861517e-05, 2.27672298934e-05, 1.67739035533e-05, 2.19644480239e-05, 1.12643692773e-05, 5.00164287587e-06, 4.42387636213e-06, 3.33504340233e-06, 4.7425160119e-06, 4.84995234729e-06, 1.24939549551e-06, 5.99711654559e-07, 6.80980534185e-08, 5.61542137234e-08, 5.93192055476e-08, 5.39632871721e-08, 3.34917267253e-08, 5.03168244848e-08, 3.41286003902e-08, 2.18058548995e-09, 1.66558180581e-08, 2.26967035254e-14]
    },
    "erbbands": {
        "dmean": [0.036541711539, 0.38797134161, 0.797199785709, 2.06803607941, 3.6418671608, 11.536149025, 10.4825277328, 11.758936882, 18.5690135956, 20.5571174622, 19.6264038086, 27.3661365509, 24.1402549744, 18.4891529083, 16.1551761627, 16.9029483795, 14.950756073, 18.1372146606, 17.7503070831, 12.9531135559, 10.0633554459, 9.68313789368, 4.87848711014, 3.06075716019, 5.82144880295, 3.79304862022, 3.03807663918, 3.35804367065, 2.30819058418, 1.33207952976, 1.00239098072, 0.761604964733, 0.467810183764, 0.163634553552, 0.167201861739, 0.2063023597, 0.117647148669, 0.00951410271227, 0.000171434847289, 1.43869419844e-05],
        "dmean2": [0.0521764941514, 0.581343472004, 1.3255648613, 3.37220311165, 5.98506450653, 18.7746448517, 16.6288890839, 18.2633609772, 29.3437328339, 32.1479949951, 29.4534626007, 41.9216308594, 36.3822288513, 26.9564228058, 24.4026679993, 25.2132320404, 22.4020252228, 27.3722324371, 27.4921760559, 19.447593689, 15.5775108337, 15.6137189865, 7.8716917038, 5.14350700378, 9.79765129089, 6.31822538376, 5.29103040695, 5.81618404388, 3.92434930801, 2.07615494728, 1.51160228252, 1.16136908531, 0.701852202415, 0.249449893832, 0.260044157505, 0.327605456114, 0.194781064987, 0.016307676211, 0.000289464282105, 2.25436906476e-05],
        "dvar": [0.00716245640069, 0.657779216766, 3.35364842415, 20.7715816498, 41.7423400879, 506.132659912, 555.052978516, 953.009521484, 2170.09350586, 2526.8215332, 2563.86035156, 4698.34667969, 4175.46582031, 2124.99829102, 2289.60864258, 3249.5625, 3475.63769531, 5144.53857422, 6760.69628906, 1865.35131836, 871.12298584, 612.100524902, 139.4165802, 40.5943527222, 154.756256104, 104.287376404, 64.6622924805, 70.2685546875, 33.3168563843, 17.5704116821, 15.0077409744, 7.98721694946, 2.35514211655, 0.140715301037, 0.14298351109, 0.23494695127, 0.095967002213, 0.0007891425048, 2.27734517466e-07, 4.93375340582e-10],
        "dvar2": [0.0126241780818, 1.44675934315, 8.63212394714, 47.8616600037, 107.094833374, 1271.11706543, 1325.04077148, 2205.60595703, 5397.55712891, 6126.89746094, 5752.27148438, 10870.9345703, 9045.58496094, 4369.671875, 4979.95947266, 6288.94921875, 7851.66650391, 10395.9179688, 17354.2128906, 4107.86181641, 2014.76782227, 1555.33740234, 352.457885742, 105.617614746, 393.21472168, 255.555435181, 176.693862915, 187.573455811, 84.1751785278, 37.5667648315, 32.2979164124, 16.2095966339, 4.59210777283, 0.310825228691, 0.32796689868, 0.552936732769, 0.238791510463, 0.00203801994212, 5.80871130751e-07, 1.18854814879e-09],
        "max": [1.45967936516, 13.0371189117, 38.7045135498, 82.2637481689, 135.897735596, 548.900817871, 542.673522949, 741.248413086, 1156.30297852, 1152.90002441, 2046.51843262, 1803.48364258, 1850.87792969, 1479.49035645, 1756.16711426, 2291.36108398, 2435.58789062, 2015.17028809, 3014.62744141, 1434.83007812, 1027.04833984, 749.046813965, 471.180389404, 198.865158081, 331.87979126, 418.556915283, 302.418945312, 169.739868164, 117.712104797, 133.605178833, 131.269668579, 90.5223999023, 46.9879570007, 9.25198745728, 5.22596502304, 5.92578077316, 3.29125237465, 0.335531890392, 0.00545486714691, 0.000277548882877],
        "mean": [0.0718909054995, 0.751442670822, 1.4931718111, 3.24523162842, 6.11165809631, 19.7400779724, 20.8137359619, 23.5108127594, 34.3360404968, 37.914150238, 38.0212516785, 53.756477356, 48.9923095703, 38.127746582, 33.0164909363, 29.4175567627, 24.8085727692, 30.6754150391, 31.6053123474, 24.5189800262, 21.9432888031, 18.8155612946, 9.36496639252, 5.65918159485, 9.49139881134, 6.42253875732, 4.46117687225, 4.78310680389, 3.40745902061, 2.40324068069, 1.81234145164, 1.28662490845, 0.736945688725, 0.221775174141, 0.186502993107, 0.193427100778, 0.091096110642, 0.00675519974902, 0.000139826530358, 3.61702986993e-05],
        "median": [0.0259932465851, 0.365890681744, 0.803260087967, 1.51514029503, 3.36205244064, 7.17782306671, 7.97649908066, 8.14196872711, 14.7815818787, 17.8664016724, 14.9394578934, 16.6089019775, 12.4523906708, 11.503613472, 8.47549247742, 7.02445888519, 5.92047405243, 5.03278160095, 5.11745786667, 4.80793952942, 4.98616170883, 5.75794696808, 3.76059961319, 3.07204842567, 4.54112052917, 2.96714544296, 1.90211188793, 1.78910732269, 1.29339361191, 0.825550079346, 0.532879829407, 0.347117006779, 0.187331408262, 0.0538559257984, 0.030675208196, 0.0219691246748, 0.00274885562249, 0.000113258836791, 2.07216944546e-05, 2.9486065614e-05],
        "min": [8.40243391837e-22, 4.68462269251e-21, 6.97416330841e-21, 3.02153858935e-20, 6.41684778577e-20, 7.22098818709e-20, 3.34296359167e-19, 4.28797556549e-19, 6.44422552534e-19, 1.19430301394e-18, 1.20387256305e-18, 1.2199427178e-18, 1.17492289597e-18, 1.03877217247e-18, 3.93582999287e-18, 5.09013737664e-18, 4.41245352978e-18, 4.18992043831e-18, 4.87588270873e-18, 8.44145259736e-18, 1.23802401745e-17, 2.65048735664e-17, 1.34766052107e-17, 1.34469631935e-17, 2.80620162541e-17, 1.4954834868e-17, 1.68174057251e-17, 1.92919810476e-17, 2.20416518265e-17, 1.7933664455e-17, 1.60233437699e-17, 1.72119477162e-17, 1.18686322744e-17, 1.17023052783e-17, 8.74151732765e-18, 4.80071267057e-18, 3.13547588156e-18, 1.32987770955e-18, 3.66294057555e-19, 3.61545459228e-20],
        "var": [0.0156456660479, 1.24922978878, 5.02341985703, 29.7216701508, 68.6465377808, 1187.88867188, 1729.45727539, 2922.5715332, 4200.73046875, 4685.015625, 8151.80029297, 14130.1289062, 13855.5791016, 7064.16943359, 6870.48388672, 7544.5078125, 6188.83007812, 11497.6181641, 14526.3457031, 4701.24414062, 3013.04321289, 1579.28564453, 261.155731201, 69.1840667725, 237.176208496, 177.053756714, 64.979309082, 87.6294631958, 50.5258522034, 43.4517707825, 37.3070716858, 21.0617694855, 6.29781627655, 0.25561106205, 0.165830120444, 0.229867830873, 0.0789251029491, 0.000583583780099, 1.75840625616e-07, 8.61268723007e-10]
    },
    "gfcc": {
        "mean": [-11.4644632339, 112.733734131, -119.619789124, 27.5189685822, -69.5660552979, 7.65753269196, -35.1353645325, 9.01359653473, -21.6076068878, 3.68874931335, -16.9506263733, 0.490718960762, -7.99148225784],
        "cov": [[2985.38989258, -676.875427246, 32.9743156433, -68.618637085, -5.81001615524, 55.8591766357, -151.67048645, 73.9232254028, -112.002380371, 85.9145202637, -118.964225769, 154.993057251, -174.734130859], [-676.875427246, 1212.12304688, 59.3682479858, 85.3183059692, 103.760177612, -97.852897644, 189.928482056, -74.790435791, 143.679122925, -135.663742065, 172.212265015, -110.901046753, 133.355331421], [32.9743156433, 59.3682479858, 1013.9130249, 156.773025513, 2.16027617455, -47.2780799866, 52.0822219849, 76.2258911133, -107.627037048, 77.5966262817, -102.205314636, 44.5534820557, -93.8947753906], [-68.618637085, 85.3183059692, 156.773025513, 400.528961182, 48.9597511292, -44.9297370911, 4.42196369171, -27.5776844025, 52.6013946533, -1.11599326134, -8.78301715851, -9.75274848938, 38.0140609741], [-5.81001615524, 103.760177612, 2.16027617455, 48.9597511292, 256.085205078, -0.000939300225582, -48.1574630737, -5.63940143585, 44.5368995667, 34.6077194214, -23.4303359985, 10.3741292953, 16.6968841553], [55.8591766357, -97.852897644, -47.2780799866, -44.9297370911, -0.000939300225582, 192.94078064, 51.1637382507, 9.8509054184, -5.74210119247, 26.1386547089, 8.43503189087, -0.870613694191, -11.7334108353], [-151.67048645, 189.928482056, 52.0822219849, 4.42196369171, -48.1574630737, 51.1637382507, 232.890701294, 28.7110748291, -27.4782924652, -36.3030090332, 47.5411834717, -8.73726081848, 0.576498389244], [73.9232254028, -74.790435791, 76.2258911133, -27.5776844025, -5.63940143585, 9.8509054184, 28.7110748291, 109.364479065, 0.511253774166, 15.0312614441, -12.1535615921, 23.1888389587, -5.4059753418], [-112.002380371, 143.679122925, -107.627037048, 52.6013946533, 44.5368995667, -5.74210119247, -27.4782924652, 0.511253774166, 147.47088623, 10.2915506363, 28.2672462463, -27.5548248291, 54.6032409668], [85.9145202637, -135.663742065, 77.5966262817, -1.11599326134, 34.6077194214, 26.1386547089, -36.3030090332, 15.0312614441, 10.2915506363, 120.63533783, -23.0914707184, 15.0190382004, -33.4399147034], [-118.964225769, 172.212265015, -102.205314636, -8.78301715851, -23.4303359985, 8.43503189087, 47.5411834717, -12.1535615921, 28.2672462463, -23.0914707184, 132.231079102, 2.4441587925, 36.64270401], [154.993057251, -110.901046753, 44.5534820557, -9.75274848938, 10.3741292953, -0.870613694191, -8.73726081848, 23.1888389587, -27.5548248291, 15.0190382004, 2.4441587925, 88.2200546265, 4.47540855408], [-174.734130859, 133.355331421, -93.8947753906, 38.0140609741, 16.6968841553, -11.7334108353, 0.576498389244, -5.4059753418, 54.6032409668, -33.4399147034, 36.64270401, 4.47540855408, 106.743133545]],
        "icov": [[0.000455315486761, -4.33522145613e-05, 0.000144254387124, -0.000129182692035, 9.25418571569e-05, -0.000192856430658, 0.000329855974996, -0.000283757137368, 1.16967867143e-05, 8.96158089745e-05, 0.00023342530767, -0.000910865492187, 0.000900713203009], [-4.33522145613e-05, 0.00321905477904, -0.00141339981928, 0.00106771057472, -0.00208955677226, 0.00175987300463, -0.0026647511404, 0.00246602948755, -0.00256320973858, 0.00231461459771, -0.00307701108977, 0.00330288964324, -0.00210241042078], [0.000144254387124, -0.00141339981928, 0.00219159875996, -0.00128313025925, 0.000936953932978, -0.000285234185867, 0.000746015750337, -0.00205556023866, 0.00209453958087, -0.0018776851939, 0.00206401012838, -0.00195303012151, 0.00181431125384], [-0.000129182692035, 0.00106771057472, -0.00128313025925, 0.00368544459343, -0.00104743381962, 0.00111494411249, -0.00144312356133, 0.00232376344502, -0.00227773329243, 0.000856541737448, -0.000615425407887, 0.00126545119565, -0.00198297132738], [9.25418571569e-05, -0.00208955677226, 0.000936953932978, -0.00104743381962, 0.00593263376504, -0.00136495602783, 0.00217829504982, -0.00116755825002, 0.000377118674805, -0.0024319072254, 0.00299412966706, -0.00316668441519, 0.000960444973316], [-0.000192856430658, 0.00175987300463, -0.000285234185867, 0.00111494411249, -0.00136495602783, 0.00725062377751, -0.0034465873614, 0.00141504686326, -0.00114715204109, -0.000927955028601, -0.00153624021914, 0.00224705575965, -0.00133224402089], [0.000329855974996, -0.0026647511404, 0.000746015750337, -0.00144312356133, 0.00217829504982, -0.0034465873614, 0.00864069350064, -0.00430662883446, 0.00351596833207, 0.000115440838272, -3.21020047522e-06, -0.00180963624734, 0.00236944085918], [-0.000283757137368, 0.00246602948755, -0.00205556023866, 0.00232376344502, -0.00116755825002, 0.00141504686326, -0.00430662883446, 0.0137924998999, -0.00463622855023, 0.00107218360063, -0.000587735848967, -0.000510301440954, -0.00219042506069], [1.16967867143e-05, -0.00256320973858, 0.00209453958087, -0.00227773329243, 0.000377118674805, -0.00114715204109, 0.00351596833207, -0.00463622855023, 0.0141985313967, -0.00492523564026, 0.000318455364322, 0.00240493286401, -0.00358009617776], [8.96158089745e-05, 0.00231461459771, -0.0018776851939, 0.000856541737448, -0.0024319072254, -0.000927955028601, 0.000115440838272, 0.00107218360063, -0.00492523564026, 0.0137744080275, -0.00206266157329, -0.000185958240763, 0.00318087660708], [0.00023342530767, -0.00307701108977, 0.00206401012838, -0.000615425407887, 0.00299412966706, -0.00153624021914, -3.21020047522e-06, -0.000587735848967, 0.000318455364322, -0.00206266157329, 0.013475744985, -0.00554428016767, 0.000391459994717], [-0.000910865492187, 0.00330288964324, -0.00195303012151, 0.00126545119565, -0.00316668441519, 0.00224705575965, -0.00180963624734, -0.000510301440954, 0.00240493286401, -0.000185958240763, -0.00554428016767, 0.0198689643294, -0.00727800838649], [0.000900713203009, -0.00210241042078, 0.00181431125384, -0.00198297132738, 0.000960444973316, -0.00133224402089, 0.00236944085918, -0.00219042506069, -0.00358009617776, 0.00318087660708, 0.000391459994717, -0.00727800838649, 0.0183495972306]]
    },
    "melbands": {
        "dmean": [0.000397045660065, 0.000427155988291, 0.000368315988453, 0.000519891036674, 0.000413014204241, 0.0002585023758, 0.000304275716189, 0.000215240681428, 0.000161158459377, 0.000181414216058, 0.000122107754578, 7.51796615077e-05, 5.6866381783e-05, 5.15031460964e-05, 3.4465767385e-05, 3.74927585653e-05, 3.59581244993e-05, 3.12286902044e-05, 2.53609705396e-05, 1.71055417013e-05, 1.21245611808e-05, 1.23432264445e-05, 6.54563154967e-06, 3.32666218128e-06, 2.43411318479e-06, 4.50643665317e-06, 3.93533264287e-06, 2.26709630624e-06, 1.52493055339e-06, 2.64417053586e-06, 1.79815503998e-06, 1.48492540575e-06, 8.01457986199e-07, 8.25840629659e-07, 6.65365291752e-07, 4.56146551642e-07, 5.03349042447e-07, 3.63992313623e-07, 2.37369505385e-07, 1.12928049134e-07],
        "dmean2": [0.000573501340114, 0.000688730739057, 0.00059752719244, 0.000853525358252, 0.000663976126816, 0.000401858909754, 0.0004789387458, 0.000335719931172, 0.00023993915238, 0.000279414904071, 0.000183717478649, 0.000110020868306, 8.51996155689e-05, 7.60953844292e-05, 5.18475026183e-05, 5.73793658987e-05, 5.40473229194e-05, 4.89653248223e-05, 3.73765906261e-05, 2.61298391706e-05, 1.91131130123e-05, 1.98788093257e-05, 1.05737053673e-05, 5.46455476069e-06, 4.10174789067e-06, 7.66091125115e-06, 6.52328344586e-06, 3.79852690457e-06, 2.62561911768e-06, 4.68545431431e-06, 3.09440133606e-06, 2.53540179074e-06, 1.31681633775e-06, 1.27757846258e-06, 1.02642388811e-06, 6.97001439676e-07, 7.87547151049e-07, 5.50279253275e-07, 3.67567707826e-07, 1.77974314397e-07],
        "dvar": [7.56787073897e-07, 7.57775808324e-07, 6.19888453457e-07, 9.16647650229e-07, 7.7036310131e-07, 4.26750574434e-07, 5.39129928256e-07, 2.72713606364e-07, 1.77230177201e-07, 2.14082234606e-07, 1.06925277521e-07, 3.68942387752e-08, 2.45153781719e-08, 2.59152983517e-08, 1.52118122543e-08, 2.33055565957e-08, 2.34842225666e-08, 2.34492034679e-08, 9.6626955326e-09, 3.00058311531e-09, 1.20673859794e-09, 1.17217102691e-09, 2.13977571772e-10, 8.02837102354e-11, 2.60727828216e-11, 8.8921377206e-11, 7.08914524306e-11, 3.80620569784e-11, 1.89840608511e-11, 4.71662917056e-11, 1.92981637614e-11, 1.38280272649e-11, 4.34486084264e-12, 8.16412128873e-12, 6.58463171141e-12, 3.30246507224e-12, 3.76465698892e-12, 1.72084438713e-12, 4.20081477199e-13, 6.92016024562e-14],
        "dvar2": [1.44325952078e-06, 1.91985850506e-06, 1.43244676565e-06, 2.36397772824e-06, 1.88557737602e-06, 1.00073339127e-06, 1.36328719691e-06, 6.32343869711e-07, 4.09569537396e-07, 4.95213839713e-07, 2.31738198408e-07, 7.50907460656e-08, 5.30901331786e-08, 4.81908024597e-08, 3.38680550271e-08, 5.46152563174e-08, 4.62575435733e-08, 6.03033356583e-08, 1.91462810051e-08, 6.6763954365e-09, 2.85499979213e-09, 2.96088065177e-09, 5.13062592411e-10, 2.12387135656e-10, 6.61539573121e-11, 2.31885302626e-10, 1.81057363546e-10, 9.22697820926e-11, 5.22256786428e-11, 1.30026656109e-10, 5.06831382419e-11, 3.57803023321e-11, 1.00744464854e-11, 1.8078056413e-11, 1.45593658657e-11, 7.27511757434e-12, 8.01750853208e-12, 3.39056885866e-12, 9.16670493852e-13, 1.62596756263e-13],
        "max": [0.0154403652996, 0.0147138796747, 0.0117465490475, 0.0185338389128, 0.0237099565566, 0.0163246113807, 0.0183691680431, 0.0126040307805, 0.0150401275605, 0.0123679777607, 0.00934896338731, 0.00724347587675, 0.00474255345762, 0.00687996810302, 0.00406713085249, 0.00408978620544, 0.00400216784328, 0.00575984921306, 0.00297652836889, 0.00140176143032, 0.00103455525823, 0.00106317130849, 0.000311561656417, 0.000414619455114, 0.000138734991197, 0.000226603588089, 0.00020420186047, 0.000250759534538, 0.000207257209695, 0.000122031007777, 9.88721658359e-05, 7.16994545655e-05, 6.15604585619e-05, 0.000102619334939, 7.97105676611e-05, 5.61104934604e-05, 6.59177603666e-05, 4.12214249081e-05, 1.80293118319e-05, 6.11046880294e-06],
        "mean": [0.000783042225521, 0.000879224447999, 0.000598862068728, 0.000913813128136, 0.000801412621513, 0.000521350768395, 0.000559677719139, 0.000397896394134, 0.000299422186799, 0.000348529778421, 0.000236814259551, 0.000148303966853, 0.00010973924509, 9.00809827726e-05, 5.48593743588e-05, 5.6916345784e-05, 5.70408446947e-05, 4.97903420182e-05, 4.23637829954e-05, 3.08502822008e-05, 2.4030192435e-05, 2.17980887101e-05, 1.16423707368e-05, 5.78566550757e-06, 4.05608261644e-06, 6.69818382448e-06, 6.56412021272e-06, 3.53825817001e-06, 2.26126849157e-06, 3.33399657393e-06, 2.55417353401e-06, 2.07778839467e-06, 1.25938697693e-06, 1.42862063512e-06, 1.13627277187e-06, 7.72919293013e-07, 7.96240101408e-07, 5.69262908812e-07, 3.19620681921e-07, 1.3920769959e-07],
        "median": [0.000333866162691, 0.00052431540098, 0.000305993773509, 0.000406579696573, 0.000316196645144, 0.000177917099791, 0.00024863271392, 0.000181796553079, 0.000106893130578, 9.44360508583e-05, 5.25373106939e-05, 4.06564795412e-05, 2.87125294562e-05, 1.93900341401e-05, 1.30321404868e-05, 1.09728835014e-05, 8.10073834145e-06, 6.97278892403e-06, 7.16162048775e-06, 5.61527031095e-06, 5.42277666682e-06, 6.25488883088e-06, 3.84135637432e-06, 2.53714665632e-06, 2.03773333851e-06, 3.0592116218e-06, 3.02673606711e-06, 1.49578261244e-06, 9.5470454653e-07, 1.2250150121e-06, 9.11193978936e-07, 7.60735247241e-07, 4.5290951789e-07, 4.58981418205e-07, 3.19996843245e-07, 1.97067294039e-07, 2.01052529292e-07, 1.39170907687e-07, 7.59873373113e-08, 2.99233420264e-08],
        "min": [7.81769361227e-24, 4.40360379981e-24, 7.13809309787e-24, 3.57793622248e-24, 9.8061382196e-24, 9.0832939281e-24, 1.09028323716e-23, 1.17510684705e-23, 1.00502796257e-23, 8.23308804344e-24, 5.96097260447e-24, 3.59547102268e-24, 1.02801994474e-23, 1.38506919784e-23, 1.25809454097e-23, 7.14076102545e-24, 8.14333302737e-24, 6.96251159303e-24, 1.20206198753e-23, 8.04265859864e-24, 1.58092821448e-23, 3.24492916207e-23, 1.19936518764e-23, 1.12931970351e-23, 9.97008560381e-24, 1.81995448871e-23, 1.85502803342e-23, 7.50692895841e-24, 9.77302736083e-24, 1.28979412758e-23, 1.07056423888e-23, 1.35676723514e-23, 1.2144411084e-23, 8.84738428553e-24, 8.11033970887e-24, 1.0140379374e-23, 1.14761993544e-23, 9.25010566625e-24, 6.69512166718e-24, 1.08995901532e-23],
        "var": [1.61676666721e-06, 1.31314811824e-06, 8.86061002348e-07, 2.04689627026e-06, 2.11379551729e-06, 1.30111800445e-06, 9.87140083453e-07, 5.81035692448e-07, 5.03508431393e-07, 6.43887688057e-07, 3.55423878773e-07, 1.23304516819e-07, 6.99956075323e-08, 6.9351926868e-08, 2.66105200097e-08, 4.16039256379e-08, 5.07872286448e-08, 4.31420446034e-08, 2.43428424085e-08, 8.18917733625e-09, 3.68144248419e-09, 2.61918708944e-09, 4.90517515495e-10, 1.08198991433e-10, 4.61318656886e-11, 1.27733698618e-10, 1.19127693821e-10, 6.36984354152e-11, 1.85623478394e-11, 4.45366278579e-11, 2.70529623009e-11, 1.92728385334e-11, 8.60526146867e-12, 1.8308970659e-11, 1.48384707299e-11, 8.21864624967e-12, 8.826789126e-12, 4.42294681782e-12, 8.29125017341e-13, 9.03066480645e-14]
    },
    "mfcc": {
        "mean": [-652.845825195, 140.288269043, 1.62042307854, 22.2800750732, -10.3020296097, 1.56377494335, -7.2820482254, 2.70061397552, -0.871017515659, 2.74707531929, -4.16969013214, 1.33499443531, -0.77657109499],
        "cov": [[2587.62695312, -604.677124023, -233.686477661, -149.06892395, 50.3183174133, -6.70798921585, -81.174156189, 32.7700042725, -66.2671890259, -40.6325073242, 26.34441185, -11.893330574, -31.9266815186], [-604.677124023, 993.60559082, 85.7810668945, 105.629905701, 6.87804985046, -5.67880535126, 61.6536140442, 51.8399887085, -8.89789104462, 43.5424423218, 19.947675705, -14.7854919434, 30.9740619659], [-233.686477661, 85.7810668945, 765.446289062, 214.327362061, -40.2859191895, -1.37347626686, 98.8855514526, 14.2661056519, 19.3714370728, 12.8356399536, -5.18561315536, 28.944480896, -6.15410232544], [-149.06892395, 105.629905701, 214.327362061, 435.517028809, 85.2242050171, 22.592716217, -22.316072464, -1.66296648979, 39.9461135864, -10.2811794281, -22.860370636, 25.2044086456, 10.9144458771], [50.3183174133, 6.87804985046, -40.2859191895, 85.2242050171, 270.070129395, 35.1101799011, -86.5407028198, -48.2316207886, 39.73021698, 11.6676969528, -17.9737815857, 14.1141757965, 16.9858016968], [-6.70798921585, -5.67880535126, -1.37347626686, 22.592716217, 35.1101799011, 157.128540039, 29.537776947, -7.95179796219, 17.9636821747, 10.7880220413, 27.2764472961, 6.27311611176, -9.06994438171], [-81.174156189, 61.6536140442, 98.8855514526, -22.316072464, -86.5407028198, 29.537776947, 183.55657959, 62.325378418, -11.2540159225, -8.88944149017, 30.0511493683, -2.12760686874, -0.370055943727], [32.7700042725, 51.8399887085, 14.2661056519, -1.66296648979, -48.2316207886, -7.95179796219, 62.325378418, 117.181945801, 8.85718822479, -9.14307975769, -1.8479218483, -3.34589099884, 12.3919811249], [-66.2671890259, -8.89789104462, 19.3714370728, 39.9461135864, 39.73021698, 17.9636821747, -11.2540159225, 8.85718822479, 111.885925293, 22.6763629913, -1.30243515968, 5.51947832108, 1.99171626568], [-40.6325073242, 43.5424423218, 12.8356399536, -10.2811794281, 11.6676969528, 10.7880220413, -8.88944149017, -9.14307975769, 22.6763629913, 88.1621627808, 20.9103069305, -6.52597236633, -3.45009708405], [26.34441185, 19.947675705, -5.18561315536, -22.860370636, -17.9737815857, 27.2764472961, 30.0511493683, -1.8479218483, -1.30243515968, 20.9103069305, 84.6243438721, 19.4946327209, -11.6424674988], [-11.893330574, -14.7854919434, 28.944480896, 25.2044086456, 14.1141757965, 6.27311611176, -2.12760686874, -3.34589099884, 5.51947832108, -6.52597236633, 19.4946327209, 81.2491989136, 26.5786991119], [-31.9266815186, 30.9740619659, -6.15410232544, 10.9144458771, 16.9858016968, -9.06994438171, -0.370055943727, 12.3919811249, 1.99171626568, -3.45009708405, -11.6424674988, 26.5786991119, 74.1827774048]],
