{
"lowlevel": {
    "average_loudness": 0.978053331375,
    "barkbands_crest": {
        "dmean": 2.35692071915,
        "dmean2": 3.84328603745,
        "dvar": 4.21482467651,
        "dvar2": 10.9638652802,
        "max": 25.337928772,
        "mean": 8.04130554199,
        "median": 7.34010362625,
        "min": 2.43251800537,
        "var": 10.7166814804
    },
    "barkbands_flatness_db": {
        "dmean": 0.0186961740255,
        "dmean2": 0.029538480565,
        "dvar": 0.00026388571132,
        "dvar2": 0.000613509851974,
        "max": 0.395438790321,
        "mean": 0.155194506049,
        "median": 0.151163980365,
        "min": 0.0555448532104,
        "var": 0.00113624136429
    },
    "barkbands_kurtosis": {
        "dmean": 1.30031573772,
        "dmean2": 2.0769443512,
        "dvar": 5.03597354889,
        "dvar2": 12.1731920242,
        "max": 50.0404663086,
        "mean": 0.944640755653,
        "median": -0.0863146781921,
        "min": -1.88831686974,
        "var": 11.5156669617
    },
    "barkbands_skewness": {
        "dmean": 0.42010140419,
        "dmean2": 0.6607593894,
        "dvar": 0.150819405913,
        "dvar2": 0.366939514875,
        "max": 6.44675540924,
        "mean": 0.854628324509,
        "median": 0.76804214716,
        "min": -2.23169255257,
        "var": 0.758551001549
    },
    "barkbands_spread": {
        "dmean": 5.37604856491,
        "dmean2": 8.22262096405,
        "dvar": 28.8211040497,
        "dvar2": 60.0567512512,
        "max": 97.8489532471,
        "mean": 25.3192253113,
        "median": 24.5301570892,
        "min": 1.01321148872,
        "var": 123.721031189
    },
    "dissonance": {
        "dmean": 0.0162648241967,
        "dmean2": 0.0273112934083,
        "dvar": 0.000234012593864,
        "dvar2": 0.000635577249341,
        "max": 0.500000059605,
        "mean": 0.470126569271,
        "median": 0.475323826075,
        "min": 0.219292476773,
        "var": 0.000505543663166
    },
    "dynamic_complexity": 1.58671677113,
    "erbbands_crest": {
        "dmean": 2.71826601028,
        "dmean2": 4.43477725983,
        "dvar": 6.58361244202,
        "dvar2": 16.1718235016,
        "max": 32.7055587769,
        "mean": 8.82725715637,
        "median": 7.62098550797,
        "min": 2.55604028702,
        "var": 19.0039234161
    },
    "erbbands_flatness_db": {
        "dmean": 0.0146034630015,
        "dmean2": 0.0215932168067,
        "dvar": 0.000158242677571,
        "dvar2": 0.000315984041663,
        "max": 0.372046798468,
        "mean": 0.204870536923,
        "median": 0.204205781221,
        "min": 0.0287718083709,
        "var": 0.00108844577335
    },
    "erbbands_kurtosis": {
        "dmean": 0.707662165165,
        "dmean2": 1.13234889507,
        "dvar": 0.984074532986,
        "dvar2": 2.18203949928,
        "max": 34.4982185364,
        "mean": -0.126099169254,
        "median": -0.482404708862,
        "min": -1.79247891903,
        "var": 2.03378987312
    },
    "erbbands_skewness": {
        "dmean": 0.350511103868,
        "dmean2": 0.545197308064,
        "dvar": 0.0959474518895,
        "dvar2": 0.226746335626,
        "max": 3.66937971115,
        "mean": 0.0273124799132,
        "median": -0.0286985188723,
        "min": -2.69023633003,
        "var": 0.43714094162
    },
    "erbbands_spread": {
        "dmean": 6.93311882019,
        "dmean2": 10.676279068,
        "dvar": 41.3928871155,
        "dvar2": 97.4027023315,
        "max": 113.633506775,
        "mean": 35.9208259583,
        "median": 34.5309181213,
        "min": 2.3627114296,
        "var": 189.589752197
    },
    "hfc": {
        "dmean": 6.41629695892,
        "dmean2": 9.34652900696,
        "dvar": 49.9001693726,
        "dvar2": 99.802986145,
        "max": 117.319816589,
        "mean": 26.0434608459,
        "median": 23.2759990692,
        "min": 1.07511853822e-16,
        "var": 230.502304077
    },
    "melbands_crest": {
        "dmean": 3.31181120872,
        "dmean2": 5.51402854919,
        "dvar": 7.95646381378,
        "dvar2": 21.0485630035,
        "max": 39.2059211731,
        "mean": 11.2883882523,
        "median": 10.5800676346,
        "min": 1.48155450821,
        "var": 18.4721565247
    },
    "melbands_flatness_db": {
        "dmean": 0.0233883708715,
        "dmean2": 0.0354953743517,
        "dvar": 0.000466488942038,
        "dvar2": 0.00102897395846,
        "max": 0.449900448322,
        "mean": 0.162104099989,
        "median": 0.156136646867,
        "min": 0.00354358227924,
        "var": 0.00245596584864
    },
    "melbands_kurtosis": {
        "dmean": 3.19639754295,
        "dmean2": 5.15528345108,
        "dvar": 24.1166553497,
        "dvar2": 60.0550537109,
        "max": 108.511726379,
        "mean": 5.40674591064,
        "median": 3.16656637192,
        "min": -1.72696709633,
        "var": 55.6768836975
    },
    "melbands_skewness": {
        "dmean": 0.536148309708,
        "dmean2": 0.844179868698,
        "dvar": 0.256114155054,
        "dvar2": 0.643770635128,
        "max": 8.49848461151,
        "mean": 1.8091905117,
        "median": 1.69806611538,
        "min": -1.04663813114,
        "var": 1.16179144382
    },
    "melbands_spread": {
        "dmean": 8.4480714798,
        "dmean2": 13.3218975067,
        "dvar": 80.910774231,
        "dvar2": 180.914749146,
        "max": 160.490753174,
        "mean": 33.2785797119,
        "median": 30.7259120941,
        "min": 1.19329977036,
        "var": 374.057403564
    },
    "pitch_salience": {
        "dmean": 0.0676603242755,
        "dmean2": 0.111023142934,
        "dvar": 0.00325670139864,
        "dvar2": 0.00838878098875,
        "max": 0.927308320999,
        "mean": 0.581876814365,
        "median": 0.585627317429,
        "min": 0.0534366890788,
        "var": 0.00944875832647
    },
    "silence_rate_20dB": {
        "dmean": 0,
        "dmean2": 0,
        "dvar": 0,
        "dvar2": 0,
        "max": 1,
        "mean": 1,
        "median": 1,
        "min": 1,
        "var": 0
    },
    "silence_rate_30dB": {
        "dmean": 0,
        "dmean2": 0,
        "dvar": 0,
        "dvar2": 0,
        "max": 1,
        "mean": 1,
        "median": 1,
        "min": 1,
        "var": 0
    },
    "silence_rate_60dB": {
        "dmean": 0.00110253586899,
        "dmean2": 0.00220537558198,
        "dvar": 0.00110140803736,
        "dvar2": 0.00220042117871,
        "max": 1,
        "mean": 0.0118506271392,
        "median": 0,
        "min": 0,
        "var": 0.0117108691484
    },
    "spectral_centroid": {
        "dmean": 266.957580566,
        "dmean2": 417.693939209,
        "dvar": 72225.1015625,
        "dvar2": 161456.140625,
        "max": 11820.7148438,
        "mean": 1743.34899902,
        "median": 1694.44177246,
        "min": 250.485198975,
        "var": 984682.5625
    },
    "spectral_complexity": {
        "dmean": 4.04796028137,
        "dmean2": 6.20482444763,
        "dvar": 16.2038192749,
        "dvar2": 32.3908462524,
        "max": 54,
        "mean": 25.0913600922,
        "median": 25,
        "min": 0,
        "var": 77.9480438232
    },
    "spectral_decrease": {
        "dmean": 1.70039593517e-09,
        "dmean2": 2.6496036476e-09,
        "dvar": 2.83031220318e-18,
        "dvar2": 6.49635889364e-18,
        "max": 1.30772918229e-28,
        "mean": -6.14181461245e-09,
        "median": -5.70877345396e-09,
        "min": -2.52627767594e-08,
        "var": 8.69362605172e-18
    },
    "spectral_energy": {
        "dmean": 0.00680999830365,
        "dmean2": 0.0105619169772,
        "dvar": 4.46862759418e-05,
        "dvar2": 0.00010100902,
        "max": 0.0999374836683,
        "mean": 0.0255428440869,
        "median": 0.0238034054637,
        "min": 1.00627070817e-20,
        "var": 0.000142605626024
    },
    "spectral_energyband_high": {
        "dmean": 0.000409331842093,
        "dmean2": 0.000581817061175,
        "dvar": 5.00423311678e-07,
        "dvar2": 9.40830148011e-07,
        "max": 0.0170512218028,
        "mean": 0.000972543784883,
        "median": 0.000613122654613,
        "min": 7.29080626975e-21,
        "var": 1.52933955633e-06
    },
    "spectral_energyband_low": {
        "dmean": 0.00242538913153,
        "dmean2": 0.00408001616597,
        "dvar": 1.39928097269e-05,
        "dvar2": 3.80952587875e-05,
        "max": 0.0491254068911,
        "mean": 0.00410965969786,
        "median": 0.00273618916981,
        "min": 2.27155416444e-23,
        "var": 2.19788889808e-05
    },
    "spectral_energyband_middle_high": {
        "dmean": 0.0026068224106,
        "dmean2": 0.00389678706415,
        "dvar": 1.04682230813e-05,
        "dvar2": 2.24956474995e-05,
        "max": 0.0619180239737,
        "mean": 0.00840128771961,
        "median": 0.00638075266033,
        "min": 1.1826395694e-21,
        "var": 4.73571708426e-05
    },
    "spectral_energyband_middle_low": {
        "dmean": 0.00487979827449,
        "dmean2": 0.00768992817029,
        "dvar": 2.8932294299e-05,
        "dvar2": 6.68423526804e-05,
        "max": 0.0747202187777,
        "mean": 0.0130673479289,
        "median": 0.0109559586272,
        "min": 1.60313752041e-22,
        "var": 8.49921052577e-05
    },
    "spectral_entropy": {
        "dmean": 0.135264351964,
        "dmean2": 0.191830545664,
        "dvar": 0.0174607429653,
        "dvar2": 0.0314180217683,
        "max": 9.8230304718,
        "mean": 7.58995771408,
        "median": 7.60018253326,
        "min": 5.05887126923,
        "var": 0.133431479335
    },
    "spectral_flux": {
        "dmean": 0.0185675080866,
        "dmean2": 0.0295342244208,
        "dvar": 0.000282103283098,
        "dvar2": 0.000662990030833,
        "max": 0.258945137262,
        "mean": 0.0897950604558,
        "median": 0.0867353379726,
        "min": 6.4435790037e-11,
        "var": 0.000826535339002
    },
    "spectral_kurtosis": {
        "dmean": 1.7139261961,
        "dmean2": 2.97769927979,
        "dvar": 2.64492058754,
        "dvar2": 7.80939722061,
        "max": 20.7730102539,
        "mean": 2.56786775589,
        "median": 2.0994348526,
        "min": -1.25691246986,
        "var": 4.59124994278
    },
    "spectral_rms": {
        "dmean": 0.000655712326989,
        "dmean2": 0.00100619206205,
        "dvar": 3.36843100968e-07,
        "dvar2": 7.36029107884e-07,
        "max": 0.00987420789897,
        "mean": 0.0048430650495,
        "median": 0.00481900759041,
        "min": 3.1332532055e-12,
        "var": 1.46449906424e-06
    },
    "spectral_rolloff": {
        "dmean": 521.446289062,
        "dmean2": 854.621704102,
        "dvar": 526155.5625,
        "dvar2": 1032741.3125,
        "max": 19573.6816406,
        "mean": 2113.2019043,
        "median": 1916.45507812,
        "min": 21.533203125,
        "var": 3632185.25
    },
    "spectral_skewness": {
        "dmean": 0.218842059374,
        "dmean2": 0.361428797245,
        "dvar": 0.0372370295227,
        "dvar2": 0.097934089601,
        "max": 3.41561388969,
        "mean": 0.99271017313,
        "median": 0.965086579323,
        "min": -0.373516023159,
        "var": 0.125061705709
    },
    "spectral_spread": {
        "dmean": 322420.40625,
        "dmean2": 475078.5625,
        "dvar": 251784675328,
        "dvar2": 462547615744,
        "max": 42226008,
        "mean": 3725943.75,
        "median": 3288596.25,
        "min": 1905978.375,
        "var": 1.11041755218e+13
    },
    "spectral_strongpeak": {
        "dmean": 0.888899743557,
        "dmean2": 1.49940085411,
        "dvar": 1.58330702782,
        "dvar2": 3.94822955132,
        "max": 18.1147613525,
        "mean": 1.48205125332,
        "median": 0.859006822109,
        "min": 0,
        "var": 2.98484587669
    },
    "zerocrossingrate": {
        "dmean": 0.0089517775923,
        "dmean2": 0.0102250333875,
        "dvar": 0.000153128741658,
        "dvar2": 0.000146456513903,
        "max": 0.8330078125,
        "mean": 0.0725038126111,
        "median": 0.06689453125,
        "min": 0,
        "var": 0.00247184280306
    },
    "barkbands": {
        "dmean": [3.48621470039e-05, 0.00119298812933, 0.00138861464802, 0.001062340918, 0.00185176276136, 0.00136997620575, 0.00122561131138, 0.000700827047694, 0.00127444998361, 0.001003397163, 0.000537871324923, 0.000427364720963, 0.000382442987757, 0.000593397882767, 0.000668273656629, 0.000450970343081, 0.000453703687526, 0.000317354337312, 0.000293640769087, 0.000207702774787, 0.000170223851455, 0.000122527504573, 6.75061965012e-05, 5.15497049491e-05, 4.82583254779e-06, 2.95221647129e-09, 1.03293729126e-09],
        "dmean2": [6.10878123553e-05, 0.00199144589715, 0.00237181619741, 0.00185099896044, 0.00307324924506, 0.00211847457103, 0.00195084838197, 0.00107964291237, 0.0019825224299, 0.00154413643759, 0.000844155147206, 0.000683570106048, 0.000630525755696, 0.000941600417718, 0.00107728561852, 0.000740421412047, 0.000754260690883, 0.000518644694239, 0.000473121792311, 0.000328722875565, 0.000259561929852, 0.000191374769202, 9.76695300778e-05, 7.22645345377e-05, 7.07308072379e-06, 4.79159956157e-09, 1.9063466361e-09],
        "dvar": [2.43656428367e-09, 4.59925968244e-06, 5.08819175593e-06, 2.65897983809e-06, 6.72508849675e-06, 5.98838369115e-06, 5.72807266508e-06, 2.03709737434e-06, 8.19459182821e-06, 4.62839216198e-06, 1.22543781345e-06, 8.8550672217e-07, 9.40912968872e-07, 2.33864329857e-06, 1.7394927454e-06, 8.75927355537e-07, 6.00196244704e-07, 2.50905685562e-07, 2.41591834538e-07, 1.3824137568e-07, 1.20419258565e-07, 6.76393270282e-08, 2.95688877827e-08, 2.87352754924e-08, 5.62772994872e-10, 1.8417413243e-16, 6.06197078522e-18],
        "dvar2": [7.05542690937e-09, 1.25968317661e-05, 1.43421748362e-05, 7.47539297663e-06, 1.83296833711e-05, 1.29960681079e-05, 1.33844050652e-05, 4.41766405856e-06, 1.88860649359e-05, 1.0339090295e-05, 2.74938497569e-06, 2.05280412047e-06, 2.33971968555e-06, 5.16077079737e-06, 4.33882860307e-06, 2.09099084714e-06, 1.53793428126e-06, 6.51735774682e-07, 5.95127687575e-07, 3.14763411779e-07, 2.52200550221e-07, 1.50933303189e-07, 5.58605037781e-08, 5.4260091531e-08, 1.24368604304e-09, 4.65069792437e-16, 1.42707052162e-17],
        "max": [0.000646438682452, 0.0270354226232, 0.0335490331054, 0.0201763734221, 0.066588267684, 0.0496525652707, 0.0616979300976, 0.0361073613167, 0.0475066788495, 0.0466455295682, 0.0273011736572, 0.0259409844875, 0.0270247962326, 0.0323064997792, 0.0275657642633, 0.0233560670167, 0.0198300089687, 0.0112561024725, 0.00873047672212, 0.0141452765092, 0.00884689390659, 0.00625567277893, 0.00501060346141, 0.00705257803202, 0.000987252919003, 5.53512052193e-07, 1.44026230942e-07],
        "mean": [3.82813741453e-05, 0.00170564104337, 0.0018589530373, 0.00126383511815, 0.00318873929791, 0.00265150284395, 0.00201584794559, 0.00113579630852, 0.00191761087626, 0.00158959743567, 0.000878723512869, 0.000670817273203, 0.000588513852563, 0.00100023869891, 0.00105609907769, 0.000754337001126, 0.000793829152826, 0.000617499521468, 0.000592424883507, 0.000446800695499, 0.000350311864167, 0.000193933447008, 0.000129062551423, 9.70322435023e-05, 7.39661800253e-06, 4.01026234442e-09, 8.50518599993e-10],
        "median": [1.93764371943e-05, 0.000853491772432, 0.00107131479308, 0.000701997894794, 0.00204910989851, 0.0013392228866, 0.000859132618643, 0.000455248140497, 0.000637414224911, 0.000460732990177, 0.000347354012774, 0.000290834344923, 0.000229774581385, 0.000302750122501, 0.000444613280706, 0.000358105346095, 0.00050253723748, 0.000375277799321, 0.000352696370101, 0.000289595423965, 0.000196588414838, 9.73435016931e-05, 6.06771900493e-05, 3.59578152711e-05, 1.22779454159e-06, 1.24526511325e-09, 3.71258773724e-10],
        "min": [1.12961854374e-24, 1.64110372734e-24, 1.00418591272e-24, 1.2711358514e-24, 1.19298835162e-23, 1.0459621916e-23, 7.67709414428e-24, 9.89936501252e-24, 1.56752310111e-23, 1.10092560186e-23, 1.51725120444e-23, 1.51418632205e-23, 2.20152603525e-23, 3.07780077515e-23, 4.27688449721e-23, 4.39070166416e-23, 9.45447712315e-23, 1.10238111334e-22, 1.45117413242e-22, 1.51182428317e-22, 2.7256855788e-22, 3.26483351111e-22, 4.20765734583e-22, 5.77910007591e-22, 9.14398083976e-22, 1.2765050809e-21, 1.9548929457e-21],
        "var": [2.77482392619e-09, 6.07620859228e-06, 6.46811486149e-06, 2.7490816592e-06, 1.41370283018e-05, 1.86698944162e-05, 1.12106272354e-05, 4.64567074232e-06, 1.4061636648e-05, 9.81855737336e-06, 2.94398614642e-06, 1.61758055128e-06, 1.78606819645e-06, 6.59377610646e-06, 3.33325465363e-06, 1.91959566109e-06, 9.80057734523e-07, 6.35227934254e-07, 6.05437662671e-07, 3.13298073706e-07, 3.10331103037e-07, 1.17552659162e-07, 7.690501036e-08, 7.90712064713e-08, 1.15878995288e-09, 2.62026333511e-16, 5.64535672021e-18]
    },
    "erbbands": {
        "dmean": [0.0199711415917, 0.333009809256, 1.52063000202, 2.19834184647, 5.08896303177, 7.70491027832, 8.5333070755, 11.1441888809, 17.1267719269, 15.9051580429, 18.0208377838, 28.0263824463, 36.2281112671, 19.9562168121, 16.7070636749, 17.1149024963, 17.3494606018, 26.2475070953, 26.1602039337, 35.8229255676, 19.7209758759, 22.5461082458, 16.6572246552, 19.517660141, 10.3342189789, 8.87215232849, 8.04905509949, 5.29826831818, 3.92678499222, 4.01348257065, 1.63534116745, 1.23269021511, 0.738680779934, 0.117546476424, 0.00486809341237, 0.000246476498432, 2.46669405897e-05, 5.52681012778e-06, 4.39409359387e-06, 8.12219423096e-06],
        "dmean2": [0.0333762876689, 0.555160284042, 2.55564451218, 3.82107186317, 8.63359928131, 12.6327533722, 13.4715328217, 17.3311653137, 27.3155918121, 24.723531723, 27.3956832886, 43.4797821045, 55.5693283081, 31.1927623749, 26.0468635559, 27.4773197174, 28.3742351532, 41.7092666626, 41.6911087036, 57.5806236267, 32.4056129456, 37.3886871338, 27.2977752686, 31.7284622192, 16.4589576721, 14.1823825836, 12.1083564758, 8.04967308044, 6.08738946915, 6.34721708298, 2.32055401802, 1.77401912212, 1.01683163643, 0.158390715718, 0.00683325715363, 0.000341530510923, 3.33429743478e-05, 7.52785126679e-06, 6.48662762615e-06, 1.24630169012e-05],
        "dvar": [0.000981083954684, 0.374808728695, 6.70046758652, 9.51312255859, 58.3800048828, 163.449386597, 315.576385498, 436.567047119, 1025.54833984, 1258.75537109, 1488.31481934, 4489.09228516, 6155.78271484, 1656.97192383, 1313.76293945, 1506.81201172, 2021.14208984, 4263.96826172, 3696.12573242, 5196.03125, 915.145385742, 1710.21264648, 800.994873047, 1139.26916504, 317.596862793, 208.561706543, 256.097595215, 130.13760376, 65.0597763062, 102.57850647, 18.9488887787, 14.2409133911, 7.50647163391, 0.284115314484, 0.000728360726498, 1.50478319938e-06, 6.95869672995e-09, 2.06206315911e-10, 2.42158099129e-11, 6.06047920182e-11],
        "dvar2": [0.00273543433286, 1.00589931011, 17.9281044006, 26.6460933685, 159.286941528, 450.355102539, 669.494750977, 971.381164551, 2496.80615234, 2975.08300781, 3087.64404297, 10581.9306641, 13940.0566406, 3800.87011719, 2933.37597656, 3608.75439453, 4997.75341797, 9411.85058594, 8753.06933594, 12323.3818359, 2302.88012695, 4549.75488281, 2123.92163086, 2949.53930664, 748.743164062, 481.888122559, 522.507751465, 275.430114746, 141.734405518, 247.873947144, 33.8828201294, 30.9911117554, 13.091711998, 0.502582073212, 0.00142160756513, 2.91003266284e-06, 1.12569527033e-08, 3.29322513704e-10, 4.70927602469e-11, 1.34478012059e-10],
        "max": [0.479768872261, 7.70128202438, 40.5365447998, 37.8178215027, 120.530181885, 337.346130371, 483.533081055, 601.754577637, 584.028320312, 720.277770996, 1058.18273926, 1256.46813965, 1788.5526123, 963.074645996, 1021.61077881, 1239.69641113, 1480.69665527, 1626.88708496, 1387.22167969, 1501.79370117, 777.320739746, 1033.72851562, 655.039611816, 694.424987793, 521.314880371, 525.448120117, 558.576416016, 388.623596191, 196.187713623, 295.690765381, 137.068069458, 163.762908936, 95.8446731567, 22.9649906158, 0.83091044426, 0.0393268316984, 0.00296390149742, 0.000509842764586, 0.000153546992806, 0.00011397376511],
        "mean": [0.0305237621069, 0.461584806442, 2.09010028839, 3.07308864594, 7.0906047821, 12.7532262802, 16.4286155701, 20.377571106, 28.6853256226, 26.361246109, 31.4962348938, 42.9372444153, 58.1742782593, 34.5932998657, 29.2432937622, 28.816198349, 28.7634296417, 46.3973922729, 46.3203773499, 62.7948188782, 39.0898628235, 42.2841262817, 34.4268798828, 38.7908630371, 23.7480831146, 19.9093475342, 17.4515552521, 10.4203720093, 6.69439601898, 5.95788097382, 3.30193567276, 2.31187415123, 1.3602039814, 0.213927447796, 0.00771808018908, 0.00045011061593, 6.10134811723e-05, 1.52321290443e-05, 1.76388912223e-05, 3.2214433304e-05],
        "median": [0.01762088947, 0.22456471622, 1.15861392021, 2.07328128815, 4.31516075134, 6.80962324142, 7.49539709091, 10.7184772491, 12.6333150864, 11.2982368469, 13.1736974716, 15.8169956207, 17.9478034973, 15.8190450668, 12.8858680725, 13.4119062424, 12.6198225021, 17.4695739746, 20.7871990204, 29.5918769836, 26.035451889, 27.9757232666, 21.2648639679, 23.2595825195, 16.1781673431, 13.2559375763, 9.71656131744, 6.16194105148, 3.61924648285, 2.55771017075, 1.59090054035, 1.03337013721, 0.419532746077, 0.0515702776611, 0.00155074230861, 0.00013522390509, 3.20517647197e-05, 9.6670273706e-06, 1.62273663591e-05, 3.05452849716e-05],
        "min": [7.12473673611e-23, 5.88347912166e-22, 3.2877854507e-21, 5.39390300669e-21, 1.44043454724e-20, 2.2850331278e-20, 7.78866608561e-20, 7.40111258158e-20, 1.21143844807e-19, 2.20275560485e-19, 2.83478621632e-19, 4.0558692026e-19, 3.86718723692e-19, 5.3649704099e-19, 8.95958922728e-19, 1.19264885951e-18, 1.22413414536e-18, 1.75693906569e-18, 2.68377074702e-18, 3.40806560101e-18, 3.64631264258e-18, 5.41842178711e-18, 6.20680556098e-18, 6.22956254041e-18, 7.62348098657e-18, 7.38351340932e-18, 9.96020583284e-18, 1.02233146149e-17, 9.68102244994e-18, 1.38997941208e-17, 1.29194676353e-17, 1.06900802269e-17, 9.91774499764e-18, 8.56390262498e-18, 5.75889801263e-18, 4.18804976935e-18, 2.55734136027e-18, 8.94743587613e-19, 2.51226461808e-19, 2.88464245979e-20],
        "var": [0.00153633381706, 0.486024826765, 9.03332328796, 10.3598985672, 73.306098938, 332.793487549, 1087.41320801, 1032.60131836, 2042.15270996, 2208.38134766, 3646.96020508, 7242.06494141, 12802.90625, 3560.33325195, 3283.05615234, 2798.6652832, 3856.87255859, 12227.5166016, 8078.17822266, 12068.8994141, 2268.39526367, 2719.99169922, 1931.21350098, 2712.94360352, 932.320922852, 531.322753906, 753.842773438, 267.24822998, 126.698806763, 155.359237671, 51.3057136536, 30.620798111, 22.3337497711, 0.788349270821, 0.00147154927254, 3.36822108693e-06, 2.23241833908e-08, 7.12469416797e-10, 9.3452356964e-11, 2.09008421681e-10]
    },
    "gfcc": {
        "mean": [-13.412484169, 131.162246704, -173.357330322, 61.7162208557, -74.0726089478, 5.43162155151, -29.7116184235, -10.9516277313, -0.000675467425026, -25.4649410248, 4.69253110886, -21.8456096649, 4.62959003448],
        "cov": [[11955.2509766, 977.096801758, -1774.67712402, 645.510742188, -847.459960938, 151.266204834, -344.79598999, -89.4219818115, -38.575958252, -238.422653198, 15.3131189346, -243.270111084, 19.0583992004], [977.096801758, 819.497314453, -94.0798416138, 14.4927444458, 112.444313049, -157.191162109, 61.3361854553, -66.0368652344, 61.3050079346, -66.9047622681, 53.5059623718, -47.5257377625, 29.6025295258], [-1774.67712402, -94.0798416138, 731.338989258, 72.8703308105, 78.117225647, 42.0072555542, -20.929523468, 43.7273902893, 2.93672418594, 40.7004508972, 5.98725557327, 69.1429443359, -2.46995401382], [645.510742188, 14.4927444458, 72.8703308105, 275.858062744, -6.50413513184, 24.0088310242, -27.5780773163, 12.3295450211, -0.145358100533, -17.3965301514, -4.70627498627, 20.9376354218, -0.543150365353], [-847.459960938, 112.444313049, 78.117225647, -6.50413513184, 257.734008789, 2.53731822968, 91.0156784058, 27.6907653809, 25.6503696442, 14.0391044617, 19.8313579559, 7.2100520134, 24.6389751434], [151.266204834, -157.191162109, 42.0072555542, 24.0088310242, 2.53731822968, 241.088699341, 48.3084831238, 45.1963920593, -11.0422344208, 36.422000885, -3.3091146946, -11.6280918121, -9.9087677002], [-344.79598999, 61.3361854553, -20.929523468, -27.5780773163, 91.0156784058, 48.3084831238, 196.8802948, 38.2188415527, 15.3084173203, 15.3328094482, -4.13119983673, -20.8238487244, 0.156477883458], [-89.4219818115, -66.0368652344, 43.7273902893, 12.3295450211, 27.6907653809, 45.1963920593, 38.2188415527, 120.28918457, 35.0486373901, 18.2679100037, 4.5085439682, 2.03142905235, 11.4386348724], [-38.575958252, 61.3050079346, 2.93672418594, -0.145358100533, 25.6503696442, -11.0422344208, 15.3084173203, 35.0486373901, 75.9606628418, 23.0854415894, 5.18672370911, 2.55026292801, -0.790274143219], [-238.422653198, -66.9047622681, 40.7004508972, -17.3965301514, 14.0391044617, 36.422000885, 15.3328094482, 18.2679100037, 23.0854415894, 83.1737213135, 40.2702445984, 5.38293790817, -4.39869976044], [15.3131189346, 53.5059623718, 5.98725557327, -4.70627498627, 19.8313579559, -3.3091146946, -4.13119983673, 4.5085439682, 5.18672370911, 40.2702445984, 83.3150100708, 31.6776885986, 4.00365638733], [-243.270111084, -47.5257377625, 69.1429443359, 20.9376354218, 7.2100520134, -11.6280918121, -20.8238487244, 2.03142905235, 2.55026292801, 5.38293790817, 31.6776885986, 76.2118988037, 22.010761261], [19.0583992004, 29.6025295258, -2.46995401382, -0.543150365353, 24.6389751434, -9.9087677002, 0.156477883458, 11.4386348724, -0.790274143219, -4.39869976044, 4.00365638733, 22.010761261, 66.4575576782]],
        "icov": [[0.00105852133129, -0.00221690069884, 0.00249094795436, -0.00254527037032, 0.00307482923381, -0.00218430603854, 0.00191520957742, -0.00187501788605, 0.00150630972348, -0.000668445019983, 0.00039584300248, 0.000381207471946, -0.000568176619709], [-0.00221690069884, 0.00905693881214, -0.00609558867291, 0.00457781180739, -0.00673297373578, 0.00568124651909, -0.00605767872185, 0.00845345947891, -0.0104106888175, 0.010144087486, -0.0105420313776, 0.00732699781656, -0.00292908959091], [0.00249094795436, -0.00609558867291, 0.0078728524968, -0.00615750579163, 0.00645360257477, -0.00536469882354, 0.00545245781541, -0.00607110001147, 0.00590173201635, -0.00491050351411, 0.0044957944192, -0.00295225181617, 0.000534815713763], [-0.00254527037032, 0.00457781180739, -0.00615750579163, 0.0102520305663, -0.00734769320115, 0.00438845530152, -0.00367648550309, 0.0033983530011, -0.00284049310721, 0.0016298951814, 0.000596724741627, -0.00320545700379, 0.00244773249142], [0.00307482923381, -0.00673297373578, 0.00645360257477, -0.00734769320115, 0.014429865405, -0.00618455931544, 0.00305809825659, -0.0053501217626, 0.00318080000579, -0.00144848157652, -0.000298093596939, 0.00161967426538, -0.0036376977805], [-0.00218430603854, 0.00568124651909, -0.00536469882354, 0.00438845530152, -0.00618455931544, 0.0103409718722, -0.00552489701658, 0.00281399139203, -0.00201536272652, 6.42474769847e-05, -0.00158634805121, 0.00125655869488, 0.000955350114964], [0.00191520957742, -0.00605767872185, 0.00545245781541, -0.00367648550309, 0.00305809825659, -0.00552489701658, 0.0115778278559, -0.00706095714122, 0.00622737128288, -0.00602057622746, 0.00623576110229, -0.00221441034228, 0.0015855015954], [-0.00187501788605, 0.00845345947891, -0.00607110001147, 0.0033983530011, -0.0053501217626, 0.00281399139203, -0.00706095714122, 0.0196546427906, -0.0158610977232, 0.0110256318003, -0.0118720568717, 0.00877370778471, -0.00603831512854], [0.00150630972348, -0.0104106888175, 0.00590173201635, -0.00284049310721, 0.00318080000579, -0.00201536272652, 0.00622737128288, -0.0158610977232, 0.0327965132892, -0.0223475899547, 0.0202484577894, -0.0150810675696, 0.00832288060337], [-0.000668445019983, 0.010144087486, -0.00491050351411, 0.0016298951814, -0.00144848157652, 6.42474769847e-05, -0.00602057622746, 0.0110256318003, -0.0223475899547, 0.0395915172994, -0.0313542820513, 0.0197382960469, -0.00812665466219], [0.00039584300248, -0.0105420313776, 0.0044957944192, 0.000596724741627, -0.000298093596939, -0.00158634805121, 0.00623576110229, -0.0118720568717, 0.0202484577894, -0.0313542820513, 0.0431417636573, -0.0274053029716, 0.0113000851125], [0.000381207471946, 0.00732699781656, -0.00295225181617, -0.00320545700379, 0.00161967426538, 0.00125655869488, -0.00221441034228, 0.00877370778471, -0.0150810675696, 0.0197382960469, -0.0274053029716, 0.0364158190787, -0.0147098181769], [-0.000568176619709, -0.00292908959091, 0.000534815713763, 0.00244773249142, -0.0036376977805, 0.000955350114964, 0.0015855015954, -0.00603831512854, 0.00832288060337, -0.00812665466219, 0.0113000851125, -0.0147098181769, 0.0228336434811]]
    },
    "melbands": {
        "dmean": [0.000245610601269, 0.000651980342809, 0.000465590565, 0.000434280169429, 0.000293195480481, 0.000263248599367, 0.000254322338151, 0.000165618490428, 0.000168753191247, 0.000180405651918, 0.00018310174346, 8.24102171464e-05, 6.07952788414e-05, 4.47575694125e-05, 4.73352811241e-05, 3.85211787943e-05, 5.6020275224e-05, 4.39936156909e-05, 5.51886550966e-05, 4.30475338362e-05, 2.37053009187e-05, 2.76856844721e-05, 1.77546244231e-05, 1.4726903828e-05, 1.81747382157e-05, 8.07630658528e-06, 8.62169599714e-06, 5.88242937738e-06, 5.39630445928e-06, 4.99282668898e-06, 2.93890593639e-06, 2.34204344451e-06, 2.65559287982e-06, 2.07667471841e-06, 1.02494584553e-06, 8.17961563371e-07, 7.87230305832e-07, 6.38671735942e-07, 2.89199022063e-07, 4.35163833856e-08],
        "dmean2": [0.000413233618019, 0.00108608056325, 0.000801784044597, 0.000723402365111, 0.000466675235657, 0.000408299587434, 0.000403967918828, 0.000255485530943, 0.000256722909398, 0.000280704407487, 0.000281435874058, 0.000129039020976, 9.54472125159e-05, 7.07891158527e-05, 7.62149429647e-05, 6.34492826066e-05, 8.90124065336e-05, 6.9788962719e-05, 9.00661325431e-05, 6.92437170073e-05, 3.90855384467e-05, 4.5985365432e-05, 2.92683726002e-05, 2.41152029048e-05, 2.96576035907e-05, 1.2848514416e-05, 1.40129059218e-05, 9.37858931138e-06, 8.19667275209e-06, 7.83668747317e-06, 4.55023337054e-06, 3.661941264e-06, 4.32386013927e-06, 3.2735165405e-06, 1.48549816004e-06, 1.19540572996e-06, 1.14790987027e-06, 8.95050902727e-07, 3.92060542254e-07, 6.53502070236e-08],
        "dvar": [1.68975134329e-07, 1.25670021589e-06, 4.35312358604e-07, 3.59783854265e-07, 2.82545187247e-07, 2.06573318451e-07, 2.26112135238e-07, 1.30126309728e-07, 1.52897186467e-07, 1.86980074091e-07, 1.57461428785e-07, 2.99605815712e-08, 1.58759014823e-08, 9.33982136075e-09, 1.28680026634e-08, 1.02648742839e-08, 2.18624300885e-08, 1.40142581984e-08, 1.20691900918e-08, 9.03129748764e-09, 1.50223455897e-09, 2.76138290012e-09, 8.92670937169e-10, 5.207496101e-10, 1.07922937254e-09, 2.05000044717e-10, 2.81724393814e-10, 1.1243475595e-10, 1.39454239823e-10, 1.42482067811e-10, 3.91607302141e-11, 2.1932075947e-11, 4.54565066144e-11, 2.81295403637e-11, 8.77825416523e-12, 4.50696337889e-12, 6.82633550381e-12, 5.52815042007e-12, 1.64406736922e-12, 6.40747424194e-14],
        "dvar2": [4.81321706047e-07, 3.29038175551e-06, 1.20928427805e-06, 9.87792418528e-07, 6.31994168998e-07, 4.61548438579e-07, 5.38433653219e-07, 3.0341288948e-07, 3.18717894743e-07, 4.38370733491e-07, 3.56618500064e-07, 6.90742254505e-08, 3.5315814273e-08, 2.24682672467e-08, 2.8796403484e-08, 2.58259404973e-08, 4.77147636957e-08, 3.23390700885e-08, 3.09806011956e-08, 2.13385309422e-08, 3.73211550553e-09, 7.27182181137e-09, 2.27358420979e-09, 1.36533595541e-09, 2.79424705596e-09, 4.69680516701e-10, 6.93001878105e-10, 2.48296327943e-10, 2.76507733377e-10, 3.08742142963e-10, 8.57128534815e-11, 4.86664875066e-11, 1.1421656676e-10, 6.68921862346e-11, 1.65829312088e-11, 9.47072628654e-12, 1.53917573131e-11, 1.04329947459e-11, 2.86237093056e-12, 1.4343238511e-13],
        "max": [0.00540166348219, 0.0159870740026, 0.00758269708604, 0.0105732232332, 0.0128148514777, 0.0117997536436, 0.0108911469579, 0.00790803320706, 0.0111473277211, 0.00867500342429, 0.00891830865294, 0.00379444705322, 0.00367459771223, 0.0022778401617, 0.00470867427066, 0.00279713445343, 0.0037429255899, 0.00255617592484, 0.00207867124118, 0.00244709593244, 0.00125405401923, 0.00154626870062, 0.000806179188658, 0.000486454140628, 0.000698238494806, 0.000404747028369, 0.000518155575264, 0.000511014543008, 0.000580399588216, 0.000342527113389, 0.000230575009482, 0.000126293423818, 0.000134980873554, 0.00016202768893, 0.000106217230496, 5.72137614654e-05, 0.000119481584989, 8.03720686235e-05, 5.13216291438e-05, 1.20199074445e-05],
        "mean": [0.000368858105503, 0.000941689126194, 0.000666070438456, 0.000716656213626, 0.000570542411879, 0.000494716106914, 0.000431136024417, 0.00026888892171, 0.000282842898741, 0.000268633826636, 0.000287726055831, 0.000136514223414, 0.000102281424915, 7.28000159143e-05, 7.35473149689e-05, 5.91076823184e-05, 9.39692836255e-05, 7.1813534305e-05, 8.74221732374e-05, 7.19455201761e-05, 4.15731592511e-05, 4.7612353228e-05, 3.28734204231e-05, 2.81182456092e-05, 3.31825394824e-05, 1.63997119671e-05, 1.71300689544e-05, 1.20024415082e-05, 1.08159474621e-05, 9.71726512944e-06, 4.89301419293e-06, 3.86639248973e-06, 3.51642097485e-06, 3.12095085064e-06, 1.9495196284e-06, 1.51628285039e-06, 1.37506481224e-06, 1.10173380108e-06, 5.08141283717e-07, 6.23830231916e-08],
        "median": [0.000204101394047, 0.000523553462699, 0.000450844003353, 0.000450458930572, 0.000296000012895, 0.000263690715656, 0.000196413209778, 0.00011041691323, 0.000104151396954, 9.33558840188e-05, 8.20045243017e-05, 5.69579315197e-05, 4.23268793384e-05, 3.22967716784e-05, 3.01898235193e-05, 2.19147896132e-05, 2.97577025776e-05, 2.49975273618e-05, 3.67007160094e-05, 2.86181038973e-05, 2.59916287177e-05, 2.94890414807e-05, 1.93631567527e-05, 1.7723052224e-05, 1.78081863851e-05, 1.014245845e-05, 1.03075644802e-05, 7.41968324292e-06, 5.80680807616e-06, 4.70887698611e-06, 2.73919590654e-06, 2.08621327147e-06, 1.47454227317e-06, 1.32267336994e-06, 9.22114224977e-07, 7.08922925696e-07, 5.66308472116e-07, 3.25924304434e-07, 1.3011670319e-07, 8.41598613022e-09],
        "min": [6.85354416543e-25, 2.05021596608e-24, 1.05851969364e-24, 1.41379493662e-24, 3.45950414034e-24, 1.59933314798e-24, 1.99214180118e-24, 1.81275325361e-24, 2.57540326918e-24, 2.48597779974e-24, 1.44741027194e-24, 1.92525507388e-24, 2.79235520368e-24, 2.6740118684e-24, 2.61481180177e-24, 3.2093174959e-24, 2.58739198278e-24, 2.68450076022e-24, 4.11843689346e-24, 3.11867284194e-24, 3.23471309781e-24, 4.21237287233e-24, 3.84123353795e-24, 4.56658640714e-24, 4.08705048463e-24, 4.96847987834e-24, 3.6041169382e-24, 4.30381368416e-24, 5.57994687079e-24, 5.52543894882e-24, 5.73234690907e-24, 4.88433918533e-24, 5.51892532433e-24, 7.77232306617e-24, 6.95935062738e-24, 6.45658156792e-24, 5.70999571861e-24, 6.57766264497e-24, 6.57041064667e-24, 6.80918543205e-24],
        "var": [2.38258792251e-07, 1.7868857185e-06, 4.91739513109e-07, 7.01652879798e-07, 9.23243021589e-07, 5.40360815648e-07, 4.47925884828e-07, 2.36953852095e-07, 3.51879151594e-07, 3.05319758809e-07, 3.27580409021e-07, 6.16169089085e-08, 3.85876148812e-08, 1.70470517702e-08, 2.64647948001e-08, 1.89634690173e-08, 6.33567864838e-08, 3.118019265e-08, 2.17908269207e-08, 2.08720969397e-08, 3.22293258748e-09, 4.21875467893e-09, 2.24207497013e-09, 1.0915005566e-09, 2.45331288617e-09, 5.46637790588e-10, 7.45453032636e-10, 2.62005084295e-10, 3.44053563417e-10, 3.56181140138e-10, 7.17836554087e-11, 4.19511508865e-11, 5.50709408631e-11, 4.69926007829e-11, 2.13485496642e-11, 1.02635122623e-11, 1.30342750482e-11, 1.46885871521e-11, 4.39554425843e-12, 1.10770333878e-13]
    },
    "mfcc": {
        "mean": [-615.727111816, 119.571228027, -23.8045978546, 34.2508773804, -8.46577262878, 5.68846273422, -12.8666410446, 7.44395828247, -7.74419975281, 7.11980867386, -11.3963365555, 2.58588194847, -9.03837680817],
        "cov": [[3658.85668945, 70.5916061401, -217.382156372, 40.1573524475, -115.389480591, 38.8790168762, -76.9537124634, 21.4910335541, -51.194770813, 31.86967659, -61.1321678162, 22.9041137695, -65.5049514771], [70.5916061401, 848.612670898, -125.98916626, 145.159973145, 27.861371994, -26.480386734, 0.834326922894, 1.5705447197, -13.754822731, 40.8798522949, -15.4498567581, -1.02316451073, -0.540232121944], [-217.382156372, -125.98916626, 512.030822754, 50.5732841492, 78.2104263306, 26.0393695831, -17.1979064941, 8.11159420013, 1.05429637432, -50.5392532349, 27.2730484009, 22.5994873047, 21.2977104187], [40.1573524475, 145.159973145, 50.5732841492, 269.024414062, 55.5091667175, -9.26042747498, -19.7369174957, 23.7231197357, 1.38300454617, -19.8431777954, -23.9311084747, 16.7213592529, 4.38241481781], [-115.389480591, 27.861371994, 78.2104263306, 55.5091667175, 169.107330322, 4.72463703156, 4.38443899155, 12.321647644, 6.92836046219, -3.0798022747, -6.09265947342, 8.6106338501, 18.6505126953], [38.8790168762, -26.480386734, 26.0393695831, -9.26042747498, 4.72463703156, 146.599121094, 56.7369499207, 21.1788330078, 13.355266571, 16.4756126404, 23.8827056885, -8.93601703644, -5.14322853088], [-76.9537124634, 0.834326922894, -17.1979064941, -19.7369174957, 4.38443899155, 56.7369499207, 147.58265686, 36.5236167908, 32.9310569763, 46.3012542725, 17.1091098785, 8.8785161972, -8.97798728943], [21.4910335541, 1.5705447197, 8.11159420013, 23.7231197357, 12.321647644, 21.1788330078, 36.5236167908, 96.7030410767, 42.4000854492, 16.8470077515, 8.22053050995, -0.790833890438, -0.71371871233], [-51.194770813, -13.754822731, 1.05429637432, 1.38300454617, 6.92836046219, 13.355266571, 32.9310569763, 42.4000854492, 99.7980728149, 48.2442207336, 12.4060096741, -9.63677024841, -12.2756290436], [31.86967659, 40.8798522949, -50.5392532349, -19.8431777954, -3.0798022747, 16.4756126404, 46.3012542725, 16.8470077515, 48.2442207336, 108.332893372, 25.0384998322, -5.51294898987, -16.0674171448], [-61.1321678162, -15.4498567581, 27.2730484009, -23.9311084747, -6.09265947342, 23.8827056885, 17.1091098785, 8.22053050995, 12.4060096741, 25.0384998322, 86.156539917, 28.9432754517, 10.2533960342], [22.9041137695, -1.02316451073, 22.5994873047, 16.7213592529, 8.6106338501, -8.93601703644, 8.8785161972, -0.790833890438, -9.63677024841, -5.51294898987, 28.9432754517, 90.7593078613, 30.9604701996], [-65.5049514771, -0.540232121944, 21.2977104187, 4.38241481781, 18.6505126953, -5.14322853088, -8.97798728943, -0.71371871233, -12.2756290436, -16.0674171448, 10.2533960342, 30.9604701996, 74.2166671753]],
