{
"lowlevel": {
    "average_loudness": 0.897318005562,
    "barkbands_crest": {
        "dmean": 1.86601805687,
        "dmean2": 3.00183176994,
        "dvar": 3.25101613998,
        "dvar2": 7.95082712173,
        "max": 26.315486908,
        "mean": 7.81146621704,
        "median": 7.10346984863,
        "min": 2.07164120674,
        "var": 11.2467622757
    },
    "barkbands_flatness_db": {
        "dmean": 0.0144186737016,
        "dmean2": 0.0222294535488,
        "dvar": 0.000183432726772,
        "dvar2": 0.000404484075261,
        "max": 0.35614335537,
        "mean": 0.143436223269,
        "median": 0.140581458807,
        "min": 0.0340752974153,
        "var": 0.00143161963206
    },
    "barkbands_kurtosis": {
        "dmean": 1.2890805006,
        "dmean2": 1.94760525227,
        "dvar": 6.49288988113,
        "dvar2": 11.8030834198,
        "max": 132.517166138,
        "mean": 1.71101915836,
        "median": 0.251879930496,
        "min": -1.87093305588,
        "var": 25.9084091187
    },
    "barkbands_skewness": {
        "dmean": 0.36602768302,
        "dmean2": 0.551883220673,
        "dvar": 0.168792143464,
        "dvar2": 0.335196912289,
        "max": 9.76099395752,
        "mean": 0.732786118984,
        "median": 0.738951563835,
        "min": -4.91734170914,
        "var": 1.49949324131
    },
    "barkbands_spread": {
        "dmean": 4.86917591095,
        "dmean2": 7.37781858444,
        "dvar": 33.53673172,
        "dvar2": 71.4337158203,
        "max": 92.4682006836,
        "mean": 24.8546905518,
        "median": 23.5894088745,
        "min": 1.05251204967,
        "var": 149.20664978
    },
    "dissonance": {
        "dmean": 0.0147601859644,
        "dmean2": 0.0245224330574,
        "dvar": 0.000257211737335,
        "dvar2": 0.000665356230456,
        "max": 0.500000119209,
        "mean": 0.471046894789,
        "median": 0.477835893631,
        "min": 0.265783816576,
        "var": 0.000657803728245
    },
    "dynamic_complexity": 2.19912409782,
    "erbbands_crest": {
        "dmean": 2.08961105347,
        "dmean2": 3.3230266571,
        "dvar": 4.7371006012,
        "dvar2": 10.8955106735,
        "max": 31.7793750763,
        "mean": 8.23250007629,
        "median": 7.03164482117,
        "min": 2.5019030571,
        "var": 19.1865348816
    },
    "erbbands_flatness_db": {
        "dmean": 0.013110563159,
        "dmean2": 0.0189477223903,
        "dvar": 0.000175913344719,
        "dvar2": 0.000333647418302,
        "max": 0.356521010399,
        "mean": 0.192643463612,
        "median": 0.194255277514,
        "min": 0.0809523910284,
        "var": 0.00164497853257
    },
    "erbbands_kurtosis": {
        "dmean": 0.85761731863,
        "dmean2": 1.27676153183,
        "dvar": 3.61729097366,
        "dvar2": 6.30959558487,
        "max": 87.1759109497,
        "mean": 0.315590649843,
        "median": -0.296003818512,
        "min": -1.76155531406,
        "var": 9.69238376617
    },
    "erbbands_skewness": {
        "dmean": 0.328082591295,
        "dmean2": 0.479494899511,
        "dvar": 0.134675115347,
        "dvar2": 0.249349862337,
        "max": 8.36015415192,
        "mean": 0.0548946261406,
        "median": 0.0787520632148,
        "min": -5.9120850563,
        "var": 0.803939163685
    },
    "erbbands_spread": {
        "dmean": 6.62886333466,
        "dmean2": 10.1920366287,
        "dvar": 51.499622345,
        "dvar2": 114.469314575,
        "max": 112.485397339,
        "mean": 37.1243629456,
        "median": 35.7504272461,
        "min": 2.98255300522,
        "var": 198.201690674
    },
    "hfc": {
        "dmean": 6.45616388321,
        "dmean2": 9.34070205688,
        "dvar": 166.78137207,
        "dvar2": 348.068725586,
        "max": 343.110717773,
        "mean": 23.1477165222,
        "median": 18.4314937592,
        "min": 1.02651909643e-16,
        "var": 489.777893066
    },
    "melbands_crest": {
        "dmean": 2.34369301796,
        "dmean2": 3.82126116753,
        "dvar": 5.04003858566,
        "dvar2": 13.0269804001,
        "max": 29.0198116302,
        "mean": 10.0312547684,
        "median": 9.63252830505,
        "min": 1.03014564514,
        "var": 19.9079704285
    },
    "melbands_flatness_db": {
        "dmean": 0.0169398430735,
        "dmean2": 0.0253175664693,
        "dvar": 0.00034070800757,
        "dvar2": 0.000677803589497,
        "max": 0.374091953039,
        "mean": 0.140173703432,
        "median": 0.140401959419,
        "min": 1.48126036947e-05,
        "var": 0.0044130096212
    },
    "melbands_kurtosis": {
        "dmean": 2.54295516014,
        "dmean2": 3.95024657249,
        "dvar": 20.5147457123,
        "dvar2": 43.4240074158,
        "max": 186.056930542,
        "mean": 5.57985115051,
        "median": 2.96558594704,
        "min": -1.88307130337,
        "var": 86.6667175293
    },
    "melbands_skewness": {
        "dmean": 0.435766249895,
        "dmean2": 0.668758392334,
        "dvar": 0.212320908904,
        "dvar2": 0.467524826527,
        "max": 9.36020278931,
        "mean": 1.6933836937,
        "median": 1.6116464138,
        "min": -2.144562006,
        "var": 1.40087163448
    },
    "melbands_spread": {
        "dmean": 9.31467247009,
        "dmean2": 14.2993192673,
        "dvar": 181.126922607,
        "dvar2": 374.181213379,
        "max": 198.606658936,
        "mean": 42.6699943542,
        "median": 32.919921875,
        "min": 1.30717539787,
        "var": 1176.546875
    },
    "pitch_salience": {
        "dmean": 0.0507420785725,
        "dmean2": 0.0815766453743,
        "dvar": 0.0020961984992,
        "dvar2": 0.00531396456063,
        "max": 0.983638584614,
        "mean": 0.635159552097,
        "median": 0.63831692934,
        "min": 0.0980937480927,
        "var": 0.0119774825871
    },
    "silence_rate_20dB": {
        "dmean": 0,
        "dmean2": 0,
        "dvar": 0,
        "dvar2": 0,
        "max": 1,
        "mean": 1,
        "median": 1,
        "min": 1,
        "var": 0
    },
    "silence_rate_30dB": {
        "dmean": 0,
        "dmean2": 0,
        "dvar": 0,
        "dvar2": 0,
        "max": 1,
        "mean": 1,
        "median": 1,
        "min": 1,
        "var": 0
    },
    "silence_rate_60dB": {
        "dmean": 0.00525596551597,
        "dmean2": 0.0105130365118,
        "dvar": 0.00522752571851,
        "dvar2": 0.0127129843459,
        "max": 1,
        "mean": 0.084717258811,
        "median": 0,
        "min": 0,
        "var": 0.0775358974934
    },
    "spectral_centroid": {
        "dmean": 280.468719482,
        "dmean2": 424.996002197,
        "dvar": 119479.882812,
        "dvar2": 230649.84375,
        "max": 11889.3652344,
        "mean": 2402.18383789,
        "median": 1893.56396484,
        "min": 255.077941895,
        "var": 5493605
    },
    "spectral_complexity": {
        "dmean": 3.37054562569,
        "dmean2": 5.19848632812,
        "dvar": 14.936331749,
        "dvar2": 31.1724967957,
        "max": 62,
        "mean": 20.8715572357,
        "median": 20,
        "min": 0,
        "var": 123.917434692
    },
    "spectral_decrease": {
        "dmean": 1.09428810458e-09,
        "dmean2": 1.62060409536e-09,
        "dvar": 2.49788589259e-18,
        "dvar2": 5.54214608646e-18,
        "max": 2.81766295314e-28,
        "mean": -4.22059320826e-09,
        "median": -3.92859833553e-09,
        "min": -3.53826159483e-08,
        "var": 8.13460664041e-18
    },
    "spectral_energy": {
        "dmean": 0.00460090721026,
        "dmean2": 0.00678086094558,
        "dvar": 4.28508792538e-05,
        "dvar2": 9.49681416387e-05,
        "max": 0.14669649303,
        "mean": 0.0180290676653,
        "median": 0.0169894993305,
        "min": 9.9112918321e-21,
        "var": 0.000141346550663
    },
    "spectral_energyband_high": {
        "dmean": 0.000614786404185,
        "dmean2": 0.000905770633835,
        "dvar": 3.60736044058e-06,
        "dvar2": 7.06427681507e-06,
        "max": 0.055479131639,
        "mean": 0.00132888893131,
        "median": 0.000538179068826,
        "min": 6.74751743616e-21,
        "var": 7.97835218691e-06
    },
    "spectral_energyband_low": {
        "dmean": 0.000628843728919,
        "dmean2": 0.00101144355722,
        "dvar": 2.70535383606e-06,
        "dvar2": 6.69084465699e-06,
        "max": 0.0509475767612,
        "mean": 0.00157885544468,
        "median": 0.000776886765379,
        "min": 9.49465885776e-24,
        "var": 7.80101890996e-06
    },
    "spectral_energyband_middle_high": {
        "dmean": 0.00175297725946,
        "dmean2": 0.00256501580589,
        "dvar": 7.01022554495e-06,
        "dvar2": 1.48336284838e-05,
        "max": 0.051613368094,
        "mean": 0.00627402402461,
        "median": 0.0042406944558,
        "min": 1.0553784582e-21,
        "var": 3.60213743988e-05
    },
    "spectral_energyband_middle_low": {
        "dmean": 0.00326565699652,
        "dmean2": 0.00494061550125,
        "dvar": 2.53200269071e-05,
        "dvar2": 5.75720405322e-05,
        "max": 0.098526738584,
        "mean": 0.00964073091745,
        "median": 0.00747308321297,
        "min": 1.11675087737e-22,
        "var": 7.54986831453e-05
    },
    "spectral_entropy": {
        "dmean": 0.116046741605,
        "dmean2": 0.169176489115,
        "dvar": 0.0161976888776,
        "dvar2": 0.03058668226,
        "max": 9.82744598389,
        "mean": 7.73938560486,
        "median": 7.643242836,
        "min": 6.13659954071,
        "var": 0.406323522329
    },
    "spectral_flux": {
        "dmean": 0.0159895606339,
        "dmean2": 0.0250958222896,
        "dvar": 0.000359288707841,
        "dvar2": 0.000808498007245,
        "max": 0.328074932098,
        "mean": 0.0677628293633,
        "median": 0.0646708160639,
        "min": 6.29248944617e-11,
        "var": 0.00136425439268
    },
    "spectral_kurtosis": {
        "dmean": 1.31896400452,
        "dmean2": 2.27564501762,
        "dvar": 1.99605941772,
        "dvar2": 5.80754423141,
        "max": 19.2984752655,
        "mean": 2.43872570992,
        "median": 2.00515294075,
        "min": -1.27633881569,
        "var": 5.38582277298
    },
    "spectral_rms": {
        "dmean": 0.000501842878293,
        "dmean2": 0.000729201303329,
        "dvar": 3.61289266948e-07,
        "dvar2": 7.37001698781e-07,
        "max": 0.0119632156566,
        "mean": 0.00387902581133,
        "median": 0.00407125568017,
        "min": 3.10959049309e-12,
        "var": 2.54246810982e-06
    },
    "spectral_rolloff": {
        "dmean": 532.941833496,
        "dmean2": 867.929260254,
        "dvar": 620114.75,
        "dvar2": 1242289.5,
        "max": 19767.4804688,
        "mean": 3500.09301758,
        "median": 2433.25195312,
        "min": 172.265625,
        "var": 18243590
    },
    "spectral_skewness": {
        "dmean": 0.202826797962,
        "dmean2": 0.324183017015,
        "dvar": 0.0418215245008,
        "dvar2": 0.0988270714879,
        "max": 3.24715137482,
        "mean": 0.981598973274,
        "median": 0.97594332695,
        "min": -0.793309271336,
        "var": 0.263176500797
    },
    "spectral_spread": {
        "dmean": 370327.1875,
        "dmean2": 579189.25,
        "dvar": 375024680960,
        "dvar2": 819450281984,
        "max": 43061848,
        "mean": 6115723,
        "median": 3858974.5,
        "min": 1760263.5,
        "var": 7.79303109263e+13
    },
    "spectral_strongpeak": {
        "dmean": 0.677593648434,
        "dmean2": 1.1331564188,
        "dvar": 1.31807434559,
        "dvar2": 3.3133893013,
        "max": 21.313211441,
        "mean": 1.27885711193,
        "median": 0.724264204502,
        "min": 0,
        "var": 2.37692856789
    },
    "zerocrossingrate": {
        "dmean": 0.0104929907247,
        "dmean2": 0.0123518938199,
        "dvar": 0.000196998720639,
        "dvar2": 0.000216225453187,
        "max": 0.88623046875,
        "mean": 0.109430529177,
        "median": 0.078125,
        "min": 0.009765625,
        "var": 0.012789006345
    },
    "barkbands": {
        "dmean": [1.99771693588e-06, 0.000114759059215, 0.000345859472873, 0.000663875194732, 0.00143811118323, 0.000793498824351, 0.000902444764506, 0.000675567949656, 0.000499838381074, 0.000375292293029, 0.000437410257291, 0.000388723361539, 0.000284402427496, 0.000290391384624, 0.000304341112496, 0.000228896577028, 0.000332972413162, 0.000231635640375, 0.000329559901729, 0.000282698689261, 0.00025399561855, 0.000238978696871, 0.000106335275632, 4.82460818603e-05, 5.29915769221e-06, 5.94830957823e-08, 1.1608201067e-09],
        "dmean2": [3.54298958882e-06, 0.000188835023437, 0.000564184854738, 0.00110211258288, 0.00235749175772, 0.00121807761025, 0.0013942096848, 0.00100396526977, 0.000735951762181, 0.000565287366044, 0.00066057825461, 0.000599154445808, 0.000443966680905, 0.000454455730505, 0.000473141408293, 0.000366972613847, 0.000527853437234, 0.000371336675016, 0.000504591036588, 0.000451628497103, 0.000394643546315, 0.000353784998879, 0.000166315556271, 7.60429829825e-05, 8.19381602923e-06, 1.04082296559e-07, 2.14966000556e-09],
        "dvar": [1.5490149094e-11, 1.50191027615e-07, 9.30582132241e-07, 2.52010613622e-06, 6.42414806862e-06, 2.3003581191e-06, 3.59122600457e-06, 2.24420659833e-06, 1.46262925682e-06, 7.85133806858e-07, 1.34013453135e-06, 1.04731066131e-06, 4.74625011293e-07, 5.53723225494e-07, 4.86886676754e-07, 2.43526841359e-07, 3.75014053589e-07, 2.82092884163e-07, 4.91656010126e-07, 4.20213467578e-07, 7.99113479388e-07, 1.02379112832e-06, 1.1066438077e-07, 2.28019754189e-08, 2.13157783091e-10, 1.29800995798e-13, 1.17161941371e-16],
        "dvar2": [4.37587258095e-11, 3.79604585987e-07, 2.42027340391e-06, 6.67362974127e-06, 1.67173220689e-05, 4.8601209528e-06, 8.10358687886e-06, 4.38255437984e-06, 2.78318725577e-06, 1.68566896264e-06, 2.62517892224e-06, 2.34701974478e-06, 1.02257672552e-06, 1.29249360725e-06, 1.11176484552e-06, 6.0906188537e-07, 8.92767843652e-07, 6.66576625008e-07, 1.06467712158e-06, 1.07880214273e-06, 1.8570251541e-06, 1.83730503522e-06, 2.71242868166e-07, 6.04035221841e-08, 5.17780651688e-10, 3.72793809711e-13, 3.47689475384e-16],
        "max": [0.000101256009657, 0.0126089081168, 0.0302701070905, 0.0431157574058, 0.0505327247083, 0.0396350175142, 0.0532768107951, 0.0498027764261, 0.0316260792315, 0.0250938870013, 0.0497101582587, 0.0278469212353, 0.0219110567123, 0.016488801688, 0.0183343011886, 0.0147789642215, 0.0115412203595, 0.0184298921376, 0.0148896323517, 0.0148942973465, 0.0289646647871, 0.0446939133108, 0.0153659470379, 0.00731663638726, 0.0004668024485, 1.72628042492e-05, 6.92101991717e-07],
        "mean": [2.00427962227e-06, 0.000219334862777, 0.000755819841288, 0.00127045426052, 0.00276219332591, 0.00156245264225, 0.00159292400349, 0.00121505488642, 0.000931252667215, 0.00071724911686, 0.000893537187949, 0.00073127716314, 0.000522857531905, 0.000444747769507, 0.000547203875612, 0.000438397575635, 0.000660371792037, 0.000440282543423, 0.000639846373815, 0.000549794291146, 0.000417625677073, 0.00040991223068, 0.000198279303731, 9.58894452197e-05, 1.02171488834e-05, 9.05331845047e-08, 9.27087406843e-10],
        "median": [9.05883439373e-07, 7.33990164008e-05, 0.000291259522783, 0.000512056867592, 0.00159725581761, 0.000741436902899, 0.000626353546977, 0.000482003117213, 0.000325800094288, 0.000243885442615, 0.0002789410064, 0.000227485375945, 0.000164109820616, 0.000151966771227, 0.000160732248332, 0.000151182990521, 0.000264448928647, 0.000180154136615, 0.000276607868727, 0.00022138839995, 0.000107196283352, 0.000115199101856, 7.22627737559e-05, 3.22121122736e-05, 4.81093411508e-06, 4.19957046915e-08, 3.10241943247e-10],
        "min": [4.23129612936e-26, 1.35793727364e-24, 2.93854828715e-25, 7.35653272544e-25, 5.01010964603e-24, 2.99981852201e-24, 3.83802050748e-24, 3.57286305799e-24, 5.77005288262e-24, 8.28165820938e-24, 9.0178902593e-24, 1.45155423716e-23, 2.43680600904e-23, 2.85563766494e-23, 3.07055209006e-23, 2.87422291233e-23, 5.09370042411e-23, 7.24574736788e-23, 1.00496726761e-22, 1.42074101466e-22, 2.02379273874e-22, 2.79697538057e-22, 2.93613751244e-22, 5.44542125311e-22, 8.23686753915e-22, 1.22309467902e-21, 1.82123804744e-21],
        "var": [1.43429747246e-11, 2.08944015867e-07, 2.99459452435e-06, 4.55273720945e-06, 1.37772794915e-05, 6.28754924037e-06, 7.72229577706e-06, 5.92195920035e-06, 3.78071808882e-06, 2.19113871935e-06, 4.66347319161e-06, 3.07104778585e-06, 1.23637869365e-06, 9.10449955427e-07, 1.17631157082e-06, 6.2171625359e-07, 1.06970117031e-06, 6.04618833222e-07, 1.14874512747e-06, 7.58376074828e-07, 1.24374548705e-06, 2.05481865123e-06, 1.95356051336e-07, 4.90183680313e-08, 3.40329125992e-10, 8.91923592817e-14, 6.14069902351e-17]
    },
    "erbbands": {
        "dmean": [0.00127984711435, 0.0347925275564, 0.290804564953, 1.33089053631, 4.08382511139, 5.05076980591, 5.10180139542, 6.9842839241, 11.4491357803, 14.2540454865, 13.6115694046, 10.9761447906, 11.6630535126, 11.4271354675, 17.0303554535, 15.3955841064, 11.9158391953, 13.8635187149, 12.9334669113, 13.3601608276, 12.6852903366, 16.7516384125, 13.4085235596, 13.8988132477, 17.8087100983, 11.6154146194, 8.76751613617, 11.0272035599, 9.39449691772, 4.49869680405, 3.17784690857, 1.65026938915, 0.49304112792, 0.106669962406, 0.0144095961004, 0.000898750789929, 7.88405304775e-05, 1.07725836642e-05, 4.13374255004e-06, 6.15953558736e-06],
        "dmean2": [0.00211676233448, 0.0567020140588, 0.474001944065, 2.19434714317, 6.72239494324, 8.34433269501, 8.19069385529, 10.6666679382, 17.7179584503, 21.6274242401, 19.8145828247, 15.9909505844, 17.470708847, 17.17927742, 25.90051651, 23.60987854, 18.3668136597, 21.3781547546, 20.127822876, 20.4707794189, 20.04139328, 26.2231082916, 21.1396064758, 21.8195018768, 27.2598781586, 18.3764724731, 13.7685375214, 16.9355049133, 13.8334550858, 6.8604092598, 4.96255397797, 2.60769176483, 0.773181498051, 0.162196949124, 0.0221730899066, 0.0014288588427, 0.000129068066599, 1.68711321749e-05, 6.01649298915e-06, 9.02761621546e-06],
        "dvar": [1.62635496963e-05, 0.0116885928437, 0.582347929478, 11.2947072983, 76.979927063, 80.0269470215, 111.657402039, 232.274993896, 572.403381348, 933.858703613, 1094.40795898, 751.898742676, 733.227294922, 713.78314209, 2153.46020508, 1870.59960938, 818.323364258, 1280.7791748, 929.203308105, 921.28918457, 723.238952637, 988.836242676, 919.497009277, 1107.11450195, 1556.57446289, 675.475830078, 771.90637207, 1855.42663574, 1524.43334961, 288.960784912, 123.524452209, 30.0392398834, 2.53153157234, 0.0896557569504, 0.00164427654818, 1.09901675387e-05, 1.96912992578e-07, 3.3482809858e-09, 7.43821670923e-11, 8.68423041811e-11],
        "dvar2": [4.06721519539e-05, 0.0285130292177, 1.49578475952, 30.1445541382, 204.791503906, 213.673492432, 261.008972168, 457.804656982, 1290.36877441, 2127.24121094, 2094.76025391, 1449.46276855, 1566.62231445, 1477.39343262, 4392.96044922, 4246.05664062, 1743.74780273, 2961.6887207, 2201.19506836, 2095.14819336, 1806.22375488, 2305.08862305, 2160.11865234, 2558.0925293, 3461.37695312, 1708.90844727, 1860.8269043, 4158.77148438, 2678.0144043, 573.406677246, 316.982666016, 80.440071106, 6.53216075897, 0.21460878849, 0.00414415029809, 2.96989765047e-05, 5.3746634876e-07, 8.99451002567e-09, 1.64842611783e-10, 1.90706339609e-10],
        "max": [0.126979917288, 3.42621564865, 23.2415504456, 85.080329895, 201.035461426, 180.168395996, 413.429321289, 499.617126465, 446.224517822, 730.23034668, 962.868774414, 872.93762207, 656.942260742, 776.526367188, 1698.0012207, 1430.04541016, 1026.73193359, 830.514770508, 732.394226074, 944.461486816, 918.953735352, 604.981750488, 1043.12438965, 1028.12390137, 905.283752441, 517.046936035, 724.71661377, 1416.18701172, 1901.86035156, 869.423828125, 577.606506348, 269.981811523, 80.139541626, 10.9471130371, 1.58200991154, 0.145511940122, 0.0150507260114, 0.00217085611075, 0.000323179876432, 0.000225084833801],
        "mean": [0.00237551913597, 0.0718955770135, 0.664044201374, 2.90234827995, 7.20759057999, 9.40970802307, 9.56220722198, 13.5766410828, 21.0375919342, 26.2255935669, 25.6681976318, 20.8791313171, 23.5753536224, 23.6824741364, 36.1907958984, 31.9451370239, 24.1503562927, 24.3697109222, 24.1806297302, 27.3752784729, 27.3002738953, 35.6090812683, 28.2460231781, 28.2547664642, 34.9856872559, 23.7206134796, 15.7908411026, 17.6105175018, 15.8388347626, 8.10361385345, 5.78542518616, 3.30792665482, 0.960618913174, 0.219919279218, 0.0289179775864, 0.00198379345238, 0.000144043195178, 2.17934830289e-05, 1.51354588525e-05, 2.42601763603e-05],
        "median": [0.00107039022259, 0.0283560398966, 0.300464957952, 1.30755281448, 3.44946432114, 4.88318347931, 4.88930988312, 6.36163139343, 8.86492347717, 11.5425224304, 11.0888280869, 8.33231544495, 8.79028701782, 9.23239517212, 11.682888031, 10.5720071793, 8.61762332916, 9.5972442627, 8.35427474976, 9.04698085785, 11.278717041, 14.8746919632, 12.4224243164, 12.5112009048, 14.7115545273, 9.92961883545, 5.53451251984, 4.49789333344, 4.39272022247, 2.6105055809, 1.98577046394, 1.06025624275, 0.356440931559, 0.100749909878, 0.0137780504301, 0.00106228736695, 7.66346638557e-05, 1.11339832074e-05, 1.31700253405e-05, 2.28725293709e-05],
        "min": [3.69206877602e-23, 3.9002007644e-22, 1.09550772409e-21, 2.29164269672e-21, 5.82872374349e-21, 1.54800437758e-20, 2.31691867859e-20, 4.41330874406e-20, 5.12745544902e-20, 1.29004012256e-19, 1.977953893e-19, 2.25167454929e-19, 4.08085160806e-19, 5.81179683319e-19, 5.96205574243e-19, 7.3060376052e-19, 1.33716155183e-18, 1.22790795011e-18, 1.94581376445e-18, 2.9707972497e-18, 2.82788587565e-18, 3.24738059714e-18, 4.18301389378e-18, 3.42833297358e-18, 5.96045793967e-18, 5.90964754337e-18, 7.97326258039e-18, 9.07193379615e-18, 9.7718253745e-18, 1.02850446225e-17, 9.9806744171e-18, 9.90810999786e-18, 8.07241093015e-18, 7.04027977723e-18, 5.54840163984e-18, 3.87768085017e-18, 2.22169462875e-18, 8.76982882488e-19, 2.23456250886e-19, 2.59154070326e-20],
        "var": [1.95172360691e-05, 0.0188128296286, 1.5976678133, 24.2698879242, 152.544769287, 181.844741821, 236.947021484, 589.10748291, 1328.53869629, 1918.4107666, 2698.49511719, 1792.55810547, 2001.9362793, 2283.53027344, 8636.48632812, 6257.52490234, 2275.98706055, 2370.5534668, 1958.68762207, 2547.11889648, 1886.29614258, 2915.99023438, 2197.77392578, 2579.59667969, 3468.46850586, 1341.59020996, 1226.00744629, 2961.5390625, 3158.1394043, 510.426574707, 196.995697021, 66.6537094116, 4.22482967377, 0.165051117539, 0.00242537609302, 1.21872080854e-05, 1.67738093637e-07, 3.22119153573e-09, 1.83810161536e-10, 2.71502098581e-10]
    },
    "gfcc": {
        "mean": [-86.7774810791, 97.1356430054, -157.820007324, 47.8130378723, -84.5106201172, 4.3866019249, -39.9746932983, -8.07843494415, -16.6607265472, -19.4054946899, -3.38032817841, -17.6033382416, -3.89546728134],
        "cov": [[76390.28125, 6844.31054688, -11513.2421875, 3481.66064453, -6041.82275391, 217.970245361, -2796.68798828, -679.14666748, -1145.41394043, -1446.01953125, -202.333572388, -1292.50305176, -262.847564697], [6844.31054688, 1652.89086914, -677.99017334, 165.600112915, -346.53793335, -184.119659424, -273.25012207, -42.7873802185, -198.658599854, -180.468521118, 3.58570337296, -176.869064331, -57.8126182556], [-11513.2421875, -677.99017334, 2389.19018555, -386.980163574, 867.841552734, 9.32805728912, 398.518188477, 128.374176025, 116.409912109, 253.55090332, -21.3617725372, 201.718353271, 15.2616252899], [3481.66064453, 165.600112915, -386.980163574, 441.173461914, -269.872741699, 23.2700042725, -123.815620422, -42.8489532471, -28.6269931793, -45.0744056702, -44.3196182251, -40.1395301819, -9.98040294647], [-6041.82275391, -346.53793335, 867.841552734, -269.872741699, 678.96887207, -76.12890625, 190.406768799, 63.9580383301, 80.5298919678, 98.108505249, 33.634147644, 77.8475494385, 15.8047227859], [217.970245361, -184.119659424, 9.32805728912, 23.2700042725, -76.12890625, 250.766891479, 41.4284172058, 6.83891057968, -2.28392553329, 26.1010951996, -13.0205879211, 19.2570514679, -3.73631858826], [-2796.68798828, -273.25012207, 398.518188477, -123.815620422, 190.406768799, 41.4284172058, 265.188201904, 35.691570282, 20.0093612671, 40.6550750732, 9.49326610565, 55.2921447754, -4.05529785156], [-679.14666748, -42.7873802185, 128.374176025, -42.8489532471, 63.9580383301, 6.83891057968, 35.691570282, 100.71799469, 19.7597351074, 13.7404489517, -2.30704569817, 6.77986764908, -1.53307747841], [-1145.41394043, -198.658599854, 116.409912109, -28.6269931793, 80.5298919678, -2.28392553329, 20.0093612671, 19.7597351074, 124.985641479, 44.7339668274, -3.49306869507, 7.85656118393, 9.11866855621], [-1446.01953125, -180.468521118, 253.55090332, -45.0744056702, 98.108505249, 26.1010951996, 40.6550750732, 13.7404489517, 44.7339668274, 108.420951843, 6.26772069931, 24.4810810089, 4.6123342514], [-202.333572388, 3.58570337296, -21.3617725372, -44.3196182251, 33.634147644, -13.0205879211, 9.49326610565, -2.30704569817, -3.49306869507, 6.26772069931, 64.432144165, 16.1327514648, -7.25250720978], [-1292.50305176, -176.869064331, 201.718353271, -40.1395301819, 77.8475494385, 19.2570514679, 55.2921447754, 6.77986764908, 7.85656118393, 24.4810810089, 16.1327514648, 84.255859375, 20.9662761688], [-262.847564697, -57.8126182556, 15.2616252899, -9.98040294647, 15.8047227859, -3.73631858826, -4.05529785156, -1.53307747841, 9.11866855621, 4.6123342514, -7.25250720978, 20.9662761688, 50.7249832153]],
        "icov": [[0.000734670844395, -0.00147188908886, 0.00180350092705, -0.00189912051428, 0.00220965314656, -0.00111121602822, 0.00121552194469, -0.000678932236042, 0.00076991453534, -0.000167084202985, 0.00011087434541, 0.000312130054226, 0.000283054716419], [-0.00147188908886, 0.00420402316377, -0.00380560779013, 0.00375989219174, -0.00413730926812, 0.00288071273826, -0.00176674278919, 0.00110614299774, -9.59008539212e-05, 0.00121727981605, -0.000978128518909, 0.00130783556961, -0.000331252638716], [0.00180350092705, -0.00380560779013, 0.00570002943277, -0.00447068829089, 0.00430712336674, -0.00271285581402, 0.00243808049709, -0.00197664485313, 0.00202459516004, -0.00211636978202, 0.00230902107432, -0.00134355900809, 0.00172076770104], [-0.00189912051428, 0.00375989219174, -0.00447068829089, 0.00825692713261, -0.00491564627737, 0.00283381505869, -0.00241207517684, 0.00231873360462, -0.00211475417018, 0.000315912038786, 0.00190962385386, -0.0016580184456, 0.000341403880157], [0.00220965314656, -0.00413730926812, 0.00430712336674, -0.00491564627737, 0.0104158688337, -0.0021136412397, 0.00304157123901, -0.00242740823887, 0.0016255993396, -0.000279301602859, -0.00152974377852, 0.00184071355034, -6.05440254731e-06], [-0.00111121602822, 0.00288071273826, -0.00271285581402, 0.00283381505869, -0.0021136412397, 0.00692129926756, -0.00259264092892, 0.000462660827907, -0.000156233989401, -0.00110492727254, 0.000725550111383, -0.00105758127756, 0.000543398957234], [0.00121552194469, -0.00176674278919, 0.00243808049709, -0.00241207517684, 0.00304157123901, -0.00259264092892, 0.00833874661475, -0.00182146427687, 0.00206422945485, 0.000719795294572, 0.000121822675283, -0.000609727867413, 0.00238273572177], [-0.000678932236042, 0.00110614299774, -0.00197664485313, 0.00231873360462, -0.00242740823887, 0.000462660827907, -0.00182146427687, 0.0118792504072, -0.0022978791967, 0.000537140294909, 0.000655730604194, -1.16226738101e-05, 0.000260146771325], [0.00076991453534, -9.59008539212e-05, 0.00202459516004, -0.00211475417018, 0.0016255993396, -0.000156233989401, 0.00206422945485, -0.0022978791967, 0.0125689841807, -0.00327915279195, 0.000556528102607, 0.00296039436944, -0.000672775960993], [-0.000167084202985, 0.00121727981605, -0.00211636978202, 0.000315912038786, -0.000279301602859, -0.00110492727254, 0.000719795294572, 0.000537140294909, -0.00327915279195, 0.0154444184154, -0.00348298461176, 0.00188704824541, -0.000792923790868], [0.00011087434541, -0.000978128518909, 0.00230902107432, 0.00190962385386, -0.00152974377852, 0.000725550111383, 0.000121822675283, 0.000655730604194, 0.000556528102607, -0.00348298461176, 0.0222981218249, -0.00884803384542, 0.0067623318173], [0.000312130054226, 0.00130783556961, -0.00134355900809, -0.0016580184456, 0.00184071355034, -0.00105758127756, -0.000609727867413, -1.16226738101e-05, 0.00296039436944, 0.00188704824541, -0.00884803384542, 0.0239785164595, -0.0093944594264], [0.000283054716419, -0.000331252638716, 0.00172076770104, 0.000341403880157, -6.05440254731e-06, 0.000543398957234, 0.00238273572177, 0.000260146771325, -0.000672775960993, -0.000792923790868, 0.0067623318173, -0.0093944594264, 0.0256359986961]]
    },
    "melbands": {
        "dmean": [2.09768149944e-05, 0.000114361617307, 0.000296387821436, 0.000336010562023, 0.000179303722689, 0.000159563554917, 0.000176125206053, 0.000154412176926, 0.000113263107778, 6.84397091391e-05, 5.96401841904e-05, 4.67855461466e-05, 5.47809904674e-05, 4.39688337792e-05, 3.81923819077e-05, 2.76846476481e-05, 2.85202531813e-05, 2.19148987526e-05, 2.48186825047e-05, 1.66286190506e-05, 1.63194872584e-05, 1.95414049813e-05, 1.63038857863e-05, 1.01517980511e-05, 1.25733986351e-05, 1.21032071547e-05, 1.48883118527e-05, 6.80711355017e-06, 5.18210345035e-06, 6.62999855194e-06, 6.79293543726e-06, 6.0636825765e-06, 4.18124909629e-06, 2.02820410777e-06, 1.93054006559e-06, 1.59886394613e-06, 8.97053553217e-07, 4.14256049908e-07, 1.74837964551e-07, 6.80302392198e-08],
        "dmean2": [3.45876906067e-05, 0.000183868352906, 0.00048904994037, 0.000554022844881, 0.000287859409582, 0.000244831520831, 0.000272212811979, 0.000232856400544, 0.000163806602359, 0.000100351266155, 8.95075936569e-05, 7.07693689037e-05, 8.25270617497e-05, 6.76830968587e-05, 5.83995170018e-05, 4.29870633525e-05, 4.43483768322e-05, 3.46904234902e-05, 3.84513296012e-05, 2.6222809538e-05, 2.619191946e-05, 3.10230570904e-05, 2.53493490163e-05, 1.61965072039e-05, 2.00007380045e-05, 1.82127914741e-05, 2.3672115276e-05, 1.09993943624e-05, 8.31270608614e-06, 1.03857555587e-05, 1.05579301817e-05, 9.02372903511e-06, 6.48542936688e-06, 3.16958562507e-06, 3.02235798699e-06, 2.5699755497e-06, 1.43421107168e-06, 6.57774194224e-07, 2.76136717048e-07, 1.04898575159e-07],
        "dvar": [5.32104138529e-09, 8.58715267782e-08, 4.69970160566e-07, 3.88156053077e-07, 1.13371719124e-07, 1.03387954198e-07, 1.30211788019e-07, 1.04347812169e-07, 7.96556349769e-08, 2.92029760374e-08, 1.93881550814e-08, 1.2330657384e-08, 2.47056206604e-08, 1.21898615646e-08, 9.41840649915e-09, 5.50094769736e-09, 6.0175349148e-09, 2.90203505671e-09, 3.68296504405e-09, 1.21962429045e-09, 1.30725730241e-09, 1.39696176849e-09, 1.25814891838e-09, 5.76746039815e-10, 1.06535313904e-09, 8.60076343479e-10, 1.30539445919e-09, 2.32052960181e-10, 2.26091798061e-10, 5.86732218366e-10, 8.39786573614e-10, 6.49127196439e-10, 4.3353962087e-10, 4.21388618443e-11, 3.73560626876e-11, 4.22524584764e-11, 7.29667281457e-12, 1.73252905078e-12, 3.09907156361e-13, 3.24220224236e-14],
        "dvar2": [1.34654030148e-08, 2.09503497217e-07, 1.26899544739e-06, 1.02382705336e-06, 2.72737736395e-07, 2.09402898577e-07, 2.92120745371e-07, 2.28974002425e-07, 1.5278466492e-07, 5.68484637142e-08, 4.13656167098e-08, 2.59486530041e-08, 4.68425263023e-08, 2.67575881452e-08, 2.14352873229e-08, 1.19106502439e-08, 1.39040325919e-08, 7.01031721562e-09, 8.37832292433e-09, 2.97055646747e-09, 3.32572880346e-09, 3.30707949914e-09, 2.87376811237e-09, 1.4154243333e-09, 2.48336484709e-09, 1.74333425473e-09, 3.34788641254e-09, 5.88737669727e-10, 5.68883995467e-10, 1.39988987069e-09, 1.8903840715e-09, 1.18840504104e-09, 9.63209845217e-10, 9.10827316347e-11, 9.25248211381e-11, 1.18273904559e-10, 1.90419902069e-11, 4.48017881474e-12, 7.80866636543e-13, 7.73038452912e-14],
        "max": [0.00240552052855, 0.00877696461976, 0.0179537795484, 0.0124344117939, 0.0124255046248, 0.00961148738861, 0.00798234716058, 0.00640541361645, 0.00878338608891, 0.00580368610099, 0.00321278790943, 0.00328204454854, 0.00778236379847, 0.00302918418311, 0.0038176944945, 0.00290439138189, 0.00179808458779, 0.00125818734523, 0.00191932113376, 0.000927929475438, 0.00146099238191, 0.000812908692751, 0.00101774954237, 0.00101535697468, 0.00107785535511, 0.000965713406913, 0.00089141598437, 0.00026665139012, 0.000467735808343, 0.000765975622926, 0.00114707555622, 0.00124252773821, 0.00112655537669, 0.000250481883995, 0.000271775323199, 0.000366748514352, 0.000124350597616, 5.94191333221e-05, 2.89263607556e-05, 4.61227909909e-06],
        "mean": [3.96968207497e-05, 0.00026313617127, 0.000621431157924, 0.000625325308647, 0.000351640133886, 0.000315765617415, 0.000326418899931, 0.000285162415821, 0.000208012585063, 0.000126586965052, 0.000116958108265, 9.15775599424e-05, 0.000114418849989, 8.76443227753e-05, 7.48798702261e-05, 4.78690562886e-05, 4.53197681054e-05, 3.57186800102e-05, 4.38488423242e-05, 3.27518609993e-05, 3.1802628655e-05, 3.82365251426e-05, 3.13712844218e-05, 1.99322730623e-05, 2.33668506553e-05, 2.24261784751e-05, 2.68135754595e-05, 1.29594945975e-05, 9.06210334506e-06, 1.04231903606e-05, 1.00451006801e-05, 9.67898904491e-06, 6.57565124129e-06, 3.53658401764e-06, 3.27299176206e-06, 2.9075843031e-06, 1.72469935933e-06, 7.23577727513e-07, 3.36364621489e-07, 1.25665025053e-07],
        "median": [1.48608232848e-05, 0.000114243361168, 0.000315450073685, 0.000336209195666, 0.000193102052435, 0.000150579027832, 0.000137270661071, 0.000122233876027, 8.30023054732e-05, 4.58762442577e-05, 4.02899713663e-05, 3.22052437696e-05, 3.55635202141e-05, 2.74521444226e-05, 2.09369318327e-05, 1.53478522407e-05, 1.61151383509e-05, 1.12604575406e-05, 1.28604533529e-05, 1.05389481178e-05, 1.23317586258e-05, 1.52261673065e-05, 1.13992564366e-05, 8.48435502121e-06, 9.24018331716e-06, 8.48399486131e-06, 9.83338577498e-06, 4.83569738208e-06, 2.81115717371e-06, 2.30488831221e-06, 2.22288417717e-06, 2.37207996179e-06, 1.72930162989e-06, 1.11941290015e-06, 1.08167466806e-06, 8.64712603743e-07, 5.11392499902e-07, 2.65073936134e-07, 1.34782794703e-07, 5.66469537944e-08],
        "min": [4.43766503876e-25, 7.5173903387e-25, 3.70069638996e-25, 6.41073238047e-25, 7.37374123305e-25, 8.58652810012e-25, 8.16341762323e-25, 1.07694008882e-24, 1.20662882164e-24, 1.06452736247e-24, 1.66664694484e-24, 1.89971057448e-24, 1.86123033395e-24, 1.88159024227e-24, 2.02037730234e-24, 2.06303495579e-24, 1.68780103888e-24, 2.11805307355e-24, 2.58986013134e-24, 2.97476252472e-24, 2.51799569174e-24, 2.5009215863e-24, 3.90396533486e-24, 3.21405795829e-24, 2.10125822488e-24, 3.28249676942e-24, 3.79760676888e-24, 3.18005193961e-24, 3.419415018e-24, 4.13754744332e-24, 4.45444430743e-24, 3.94576115777e-24, 3.89737164098e-24, 4.89705246768e-24, 4.90201874151e-24, 5.16660545013e-24, 4.94027691769e-24, 4.63747305365e-24, 5.05378847992e-24, 4.65175656363e-24],
        "var": [6.64580701581e-09, 2.53681804452e-07, 9.21191656289e-07, 7.98695452886e-07, 2.52025870395e-07, 2.80864668412e-07, 3.0033618259e-07, 2.36855740354e-07, 1.88276459312e-07, 7.15310477517e-08, 5.2962707997e-08, 3.79190829847e-08, 8.61420446086e-08, 3.93464176796e-08, 3.22427169408e-08, 1.16892415747e-08, 1.01903507854e-08, 4.92990759327e-09, 8.35619484718e-09, 3.70019082041e-09, 2.83462586737e-09, 3.77698805565e-09, 3.09475844951e-09, 1.22016752258e-09, 2.35515029701e-09, 1.95235916323e-09, 2.15857043351e-09, 4.73513894761e-10, 3.65622615517e-10, 8.6795393095e-10, 1.25841470577e-09, 1.26880939089e-09, 6.16931672415e-10, 7.3534643652e-11, 5.99360006071e-11, 6.45823394763e-11, 1.77560553066e-11, 2.49321396861e-12, 5.20976762165e-13, 5.224981011e-14]
    },
    "mfcc": {
        "mean": [-660.467773438, 95.713508606, -15.1619291306, 21.4801883698, -14.4612016678, -1.56643295288, -13.1139936447, 0.653922319412, -13.1015806198, -2.67884397507, -8.86432743073, -2.40700507164, -5.14825296402],
        "cov": [[17699, 2560.74462891, -951.884460449, 715.160522461, -610.763977051, -15.8127841949, -492.805938721, 30.3010578156, -468.055358887, -46.5222434998, -352.106048584, -76.4902114868, -163.291687012], [2560.74462891, 1821.26098633, 15.0740661621, 246.337646484, 44.9428596497, -177.904983521, 3.13071799278, -29.8500595093, -151.405212402, -64.368309021, -21.0776901245, -70.4399337769, -45.4373168945], [-951.884460449, 15.0740661621, 702.634643555, 64.5441589355, 23.7186012268, 95.8778610229, 43.430606842, 7.28374242783, 69.183265686, -34.4479751587, 59.2415237427, 12.4182758331, -12.3590211868], [715.160522461, 246.337646484, 64.5441589355, 333.756530762, 39.2797470093, -29.2647953033, -34.1421737671, -13.4169607162, -14.9274597168, -23.2084293365, -13.8057050705, -20.7548961639, 2.70247673988], [-610.763977051, 44.9428596497, 23.7186012268, 39.2797470093, 226.970413208, -17.7153930664, -16.9933662415, -21.6563892365, 6.38374042511, 27.5708637238, 1.65995931625, -9.42248058319, 18.3270988464], [-15.8127841949, -177.904983521, 95.8778610229, -29.2647953033, -17.7153930664, 168.053512573, 32.8978652954, 7.70731830597, 33.336643219, -6.22034454346, 19.0976428986, 21.8214225769, -4.79927110672], [-492.805938721, 3.13071799278, 43.430606842, -34.1421737671, -16.9933662415, 32.8978652954, 158.054656982, 44.2416687012, 8.32135391235, -17.1702136993, 28.6851081848, 11.0238752365, -0.872067153454], [30.3010578156, -29.8500595093, 7.28374242783, -13.4169607162, -21.6563892365, 7.70731830597, 44.2416687012, 98.9582595825, 18.2029457092, -5.42010259628, 2.61820840836, 9.03899478912, 3.71698999405], [-468.055358887, -151.405212402, 69.183265686, -14.9274597168, 6.38374042511, 33.336643219, 8.32135391235, 18.2029457092, 98.7320175171, 24.7052593231, 14.0570220947, 7.06609869003, 3.21424102783], [-46.5222434998, -64.368309021, -34.4479751587, -23.2084293365, 27.5708637238, -6.22034454346, -17.1702136993, -5.42010259628, 24.7052593231, 105.877609253, 7.08190774918, -2.01242470741, -0.687760412693], [-352.106048584, -21.0776901245, 59.2415237427, -13.8057050705, 1.65995931625, 19.0976428986, 28.6851081848, 2.61820840836, 14.0570220947, 7.08190774918, 85.7281494141, 20.5816688538, -11.5983877182], [-76.4902114868, -70.4399337769, 12.4182758331, -20.7548961639, -9.42248058319, 21.8214225769, 11.0238752365, 9.03899478912, 7.06609869003, -2.01242470741, 20.5816688538, 70.8902740479, 23.5030384064], [-163.291687012, -45.4373168945, -12.3590211868, 2.70247673988, 18.3270988464, -4.79927110672, -0.872067153454, 3.71698999405, 3.21424102783, -0.687760412693, -11.5983877182, 23.5030384064, 82.700881958]],
