{
"lowlevel": {
    "average_loudness": 0.909054040909,
    "barkbands_crest": {
        "dmean": 2.02159619331,
        "dmean2": 3.29893398285,
        "dvar": 4.09113836288,
        "dvar2": 9.96200847626,
        "max": 23.4133586884,
        "mean": 7.54804515839,
        "median": 6.69640636444,
        "min": 2.26299881935,
        "var": 11.4676332474
    },
    "barkbands_flatness_db": {
        "dmean": 0.0143337454647,
        "dmean2": 0.0223923325539,
        "dvar": 0.000181074152351,
        "dvar2": 0.000401251774747,
        "max": 0.288303524256,
        "mean": 0.135330855846,
        "median": 0.13583406806,
        "min": 0.0287135299295,
        "var": 0.00122775626369
    },
    "barkbands_kurtosis": {
        "dmean": 0.981401205063,
        "dmean2": 1.55578172207,
        "dvar": 3.82011055946,
        "dvar2": 8.23377227783,
        "max": 79.9279327393,
        "mean": 0.741002321243,
        "median": -0.147083520889,
        "min": -1.83520913124,
        "var": 10.6147642136
    },
    "barkbands_skewness": {
        "dmean": 0.346711754799,
        "dmean2": 0.537582874298,
        "dvar": 0.148395508528,
        "dvar2": 0.309510976076,
        "max": 7.2798371315,
        "mean": 0.374980896711,
        "median": 0.463636040688,
        "min": -4.95187520981,
        "var": 1.15364408493
    },
    "barkbands_spread": {
        "dmean": 4.66058635712,
        "dmean2": 7.19418811798,
        "dvar": 26.8007144928,
        "dvar2": 59.7053985596,
        "max": 81.5235366821,
        "mean": 25.1834545135,
        "median": 23.7146148682,
        "min": 2.05912446976,
        "var": 131.883056641
    },
    "dissonance": {
        "dmean": 0.0134333129972,
        "dmean2": 0.0225904565305,
        "dvar": 0.000201819726499,
        "dvar2": 0.000551345408894,
        "max": 0.500000119209,
        "mean": 0.476857930422,
        "median": 0.481884807348,
        "min": 0.181324988604,
        "var": 0.000391863664845
    },
    "dynamic_complexity": 2.58004927635,
    "erbbands_crest": {
        "dmean": 2.21563625336,
        "dmean2": 3.62805080414,
        "dvar": 5.05285644531,
        "dvar2": 12.598408699,
        "max": 32.6205558777,
        "mean": 7.85326290131,
        "median": 6.87362098694,
        "min": 2.58392977715,
        "var": 16.5443840027
    },
    "erbbands_flatness_db": {
        "dmean": 0.0132905235514,
        "dmean2": 0.0197599902749,
        "dvar": 0.000169079619809,
        "dvar2": 0.000340245140251,
        "max": 0.342995911837,
        "mean": 0.193890333176,
        "median": 0.199661195278,
        "min": 0.0732290968299,
        "var": 0.00210173917003
    },
    "erbbands_kurtosis": {
        "dmean": 0.656048238277,
        "dmean2": 1.05392062664,
        "dvar": 0.959128558636,
        "dvar2": 2.22670102119,
        "max": 20.9939746857,
        "mean": 0.024260757491,
        "median": -0.286226511002,
        "min": -1.78051817417,
        "var": 2.35136461258
    },
    "erbbands_skewness": {
        "dmean": 0.302925825119,
        "dmean2": 0.471421658993,
        "dvar": 0.0924725681543,
        "dvar2": 0.205304995179,
        "max": 3.47419977188,
        "mean": 0.0162374582142,
        "median": 0.0344108790159,
        "min": -3.87984347343,
        "var": 0.46923828125
    },
    "erbbands_spread": {
        "dmean": 6.01571989059,
        "dmean2": 9.40277004242,
        "dvar": 41.7779312134,
        "dvar2": 98.0511856079,
        "max": 123.732872009,
        "mean": 34.4581947327,
        "median": 33.4177894592,
        "min": 4.2399725914,
        "var": 176.975158691
    },
    "hfc": {
        "dmean": 6.49055624008,
        "dmean2": 9.09272384644,
        "dvar": 140.116989136,
        "dvar2": 242.852813721,
        "max": 579.426940918,
        "mean": 25.3822555542,
        "median": 24.4121417999,
        "min": 1.03517557463e-16,
        "var": 493.56552124
    },
    "melbands_crest": {
        "dmean": 2.53046131134,
        "dmean2": 4.13376283646,
        "dvar": 6.34403085709,
        "dvar2": 15.5322065353,
        "max": 30.1733055115,
        "mean": 9.22685718536,
        "median": 8.54659843445,
        "min": 1.57429993153,
        "var": 21.6783981323
    },
    "melbands_flatness_db": {
        "dmean": 0.0166214182973,
        "dmean2": 0.0245670173317,
        "dvar": 0.000316541641951,
        "dvar2": 0.000623699859716,
        "max": 0.350353300571,
        "mean": 0.116627901793,
        "median": 0.120415955782,
        "min": 0.00269716861658,
        "var": 0.00304954242893
    },
    "melbands_kurtosis": {
        "dmean": 2.08195662498,
        "dmean2": 3.2808098793,
        "dvar": 21.8543167114,
        "dvar2": 46.8387107849,
        "max": 182.209213257,
        "mean": 3.24741077423,
        "median": 1.57448935509,
        "min": -1.85287976265,
        "var": 52.8508110046
    },
    "melbands_skewness": {
        "dmean": 0.41053467989,
        "dmean2": 0.638060569763,
        "dvar": 0.220028668642,
        "dvar2": 0.48941475153,
        "max": 9.61069393158,
        "mean": 1.3049813509,
        "median": 1.21675276756,
        "min": -2.87625622749,
        "var": 1.06728374958
    },
    "melbands_spread": {
        "dmean": 9.35030937195,
        "dmean2": 14.6530227661,
        "dvar": 138.946151733,
        "dvar2": 298.473083496,
        "max": 217.372070312,
        "mean": 47.8154029846,
        "median": 35.9692001343,
        "min": 1.60604131222,
        "var": 1290.01953125
    },
    "pitch_salience": {
        "dmean": 0.0533965826035,
        "dmean2": 0.0862758234143,
        "dvar": 0.00251901056617,
        "dvar2": 0.00610919948667,
        "max": 0.916088402271,
        "mean": 0.643189966679,
        "median": 0.643872618675,
        "min": 0.152919888496,
        "var": 0.0120803136379
    },
    "silence_rate_20dB": {
        "dmean": 0,
        "dmean2": 0,
        "dvar": 0,
        "dvar2": 0,
        "max": 1,
        "mean": 1,
        "median": 1,
        "min": 1,
        "var": 0
    },
    "silence_rate_30dB": {
        "dmean": 0.000428036379162,
        "dmean2": 0.000856164377183,
        "dvar": 0.000427902094088,
        "dvar2": 0.0010695460951,
        "max": 1,
        "mean": 0.999679028988,
        "median": 1,
        "min": 0,
        "var": 0.000320859573549
    },
    "silence_rate_60dB": {
        "dmean": 0.0139111820608,
        "dmean2": 0.0278253424913,
        "dvar": 0.0137164955959,
        "dvar2": 0.0319714695215,
        "max": 1,
        "mean": 0.154183611274,
        "median": 0,
        "min": 0,
        "var": 0.130387783051
    },
    "spectral_centroid": {
        "dmean": 277.155975342,
        "dmean2": 430.29107666,
        "dvar": 91551.515625,
        "dvar2": 190116.09375,
        "max": 11978.1347656,
        "mean": 2882.40283203,
        "median": 2073.81054688,
        "min": 235.674972534,
        "var": 7732015.5
    },
    "spectral_complexity": {
        "dmean": 3.93686461449,
        "dmean2": 5.94905805588,
        "dvar": 21.1203212738,
        "dvar2": 42.4843826294,
        "max": 61,
        "mean": 22.5828170776,
        "median": 24,
        "min": 0,
        "var": 153.310073853
    },
    "spectral_decrease": {
        "dmean": 1.15259901623e-09,
        "dmean2": 1.67335867385e-09,
        "dvar": 2.52743754036e-18,
        "dvar2": 5.01965952049e-18,
        "max": 2.24813080185e-28,
        "mean": -4.33631086594e-09,
        "median": -4.39268177388e-09,
        "min": -3.70153152573e-08,
        "var": 9.59347696263e-18
    },
    "spectral_energy": {
        "dmean": 0.00481741689146,
        "dmean2": 0.00694125331938,
        "dvar": 4.35615838796e-05,
        "dvar2": 8.63868699525e-05,
        "max": 0.146574035287,
        "mean": 0.0186684671789,
        "median": 0.0190356168896,
        "min": 9.922405456e-21,
        "var": 0.00017238179862
    },
    "spectral_energyband_high": {
        "dmean": 0.00050189398462,
        "dmean2": 0.000710950815119,
        "dvar": 2.47844468504e-06,
        "dvar2": 4.11169048675e-06,
        "max": 0.091199696064,
        "mean": 0.0011760807829,
        "median": 0.000656123564113,
        "min": 6.88329299448e-21,
        "var": 6.06435605732e-06
    },
    "spectral_energyband_low": {
        "dmean": 0.000417143921368,
        "dmean2": 0.000652625516523,
        "dvar": 8.37214031435e-07,
        "dvar2": 1.92492984752e-06,
        "max": 0.0210999250412,
        "mean": 0.000767865392845,
        "median": 0.00036619824823,
        "min": 9.48397452566e-24,
        "var": 1.65623578141e-06
    },
    "spectral_energyband_middle_high": {
        "dmean": 0.00225083599798,
        "dmean2": 0.00336603727192,
        "dvar": 8.56381939229e-06,
        "dvar2": 1.84772798093e-05,
        "max": 0.065533451736,
        "mean": 0.0080474158749,
        "median": 0.00659706769511,
        "min": 1.02457900605e-21,
        "var": 4.96028515045e-05
    },
    "spectral_energyband_middle_low": {
        "dmean": 0.0034665404819,
        "dmean2": 0.00520075112581,
        "dvar": 2.74162430287e-05,
        "dvar2": 5.71492055315e-05,
        "max": 0.129488036036,
        "mean": 0.00915778335184,
        "median": 0.00731827225536,
        "min": 1.50564175937e-22,
        "var": 7.51281040721e-05
    },
    "spectral_entropy": {
        "dmean": 0.108549974859,
        "dmean2": 0.154173463583,
        "dvar": 0.0145477699116,
        "dvar2": 0.0268917772919,
        "max": 9.83224487305,
        "mean": 7.92951869965,
        "median": 7.75152826309,
        "min": 6.40754699707,
        "var": 0.474546730518
    },
    "spectral_flux": {
        "dmean": 0.0160518847406,
        "dmean2": 0.0246714651585,
        "dvar": 0.000373781571398,
        "dvar2": 0.000819883251097,
        "max": 0.274411082268,
        "mean": 0.0725471228361,
        "median": 0.0738439708948,
        "min": 6.2221734709e-11,
        "var": 0.00159831147175
    },
    "spectral_kurtosis": {
        "dmean": 1.24585032463,
        "dmean2": 2.16178846359,
        "dvar": 1.84920144081,
        "dvar2": 5.3247961998,
        "max": 21.7305278778,
        "mean": 2.15284514427,
        "median": 1.87941241264,
        "min": -1.28195846081,
        "var": 4.59394884109
    },
    "spectral_rms": {
        "dmean": 0.00051804468967,
        "dmean2": 0.000733077933546,
        "dvar": 4.0683272573e-07,
        "dvar2": 7.58383521315e-07,
        "max": 0.0119582209736,
        "mean": 0.00383365317248,
        "median": 0.00430944701657,
        "min": 3.1113334565e-12,
        "var": 3.51620997208e-06
    },
    "spectral_rolloff": {
        "dmean": 561.75390625,
        "dmean2": 918.745605469,
        "dvar": 626351.625,
        "dvar2": 1275407.375,
        "max": 19616.7480469,
        "mean": 4305.75976562,
        "median": 2713.18359375,
        "min": 172.265625,
        "var": 25390774
    },
    "spectral_skewness": {
        "dmean": 0.184525445104,
        "dmean2": 0.303366869688,
        "dvar": 0.0334945060313,
        "dvar2": 0.0838743448257,
        "max": 3.82472872734,
        "mean": 0.924653828144,
        "median": 0.963404297829,
        "min": -0.216309979558,
        "var": 0.200747072697
    },
    "spectral_spread": {
        "dmean": 408033.46875,
        "dmean2": 636120.1875,
        "dvar": 428050382848,
        "dvar2": 949299380224,
        "max": 43257600,
        "mean": 7472768.5,
        "median": 3730822.5,
        "min": 2057258.125,
        "var": 1.22318227505e+14
    },
    "spectral_strongpeak": {
        "dmean": 0.775158286095,
        "dmean2": 1.29573833942,
        "dvar": 1.42943811417,
        "dvar2": 3.58110976219,
        "max": 22.7010955811,
        "mean": 1.54212629795,
        "median": 0.958668291569,
        "min": 0,
        "var": 3.27770733833
    },
    "zerocrossingrate": {
        "dmean": 0.0105512114242,
        "dmean2": 0.0125299217179,
        "dvar": 0.00019771271036,
        "dvar2": 0.000211828519241,
        "max": 0.8505859375,
        "mean": 0.130264252424,
        "median": 0.083984375,
        "min": 0.01220703125,
        "var": 0.0168155264109
    },
    "barkbands": {
        "dmean": [1.67498023984e-06, 0.000101451878436, 0.000242188150878, 0.000361801066902, 0.00128232664429, 0.000896007812116, 0.000794293067884, 0.000927446002606, 0.000969623797573, 0.0005831529852, 0.000533148122486, 0.000528430275153, 0.000462375814095, 0.000607718480751, 0.000425581180025, 0.000216731190449, 0.000268685835181, 0.000296912243357, 0.000381436751923, 0.000270015792921, 0.000177958107088, 0.000140205185744, 0.000109758613689, 6.83571051923e-05, 1.21358034448e-05, 3.35359082726e-08, 8.58571158613e-10],
        "dmean2": [2.94748383567e-06, 0.000163870310644, 0.000385528808692, 0.000593142583966, 0.00202799774706, 0.00138997414615, 0.00128874473739, 0.00146132300142, 0.00150694779586, 0.000922814826481, 0.000845252536237, 0.000861249747686, 0.000753513420932, 0.000978389172815, 0.000685424427502, 0.000355308933649, 0.000429729640018, 0.000469553342555, 0.000604593893513, 0.000422989018261, 0.00027635981678, 0.000207383767702, 0.000161754491273, 9.59979879553e-05, 1.71501324076e-05, 5.75215111098e-08, 1.57838964121e-09],
        "dvar": [1.2891360722e-11, 7.7186761871e-08, 3.14168602245e-07, 6.87917463438e-07, 5.26180383531e-06, 3.92424408346e-06, 2.85192868432e-06, 4.22856874138e-06, 5.23353673998e-06, 1.92948800759e-06, 1.05730794075e-06, 9.78171442512e-07, 7.11620771199e-07, 1.75615787157e-06, 8.78503158219e-07, 2.2304143954e-07, 5.1095918252e-07, 3.68844638388e-07, 5.17909825248e-07, 2.91230236371e-07, 3.2832110719e-07, 1.41864688885e-07, 2.10227980801e-07, 9.92516646647e-08, 3.02577674027e-09, 1.29776721528e-14, 3.11580221787e-18],
        "dvar2": [3.50927585602e-11, 1.85871343206e-07, 7.69605719597e-07, 1.64495111221e-06, 1.22543515317e-05, 8.63270906848e-06, 7.0845708251e-06, 9.73384067038e-06, 1.15823031592e-05, 4.3776954044e-06, 2.53177472587e-06, 2.54178053183e-06, 1.80749134415e-06, 4.40980693384e-06, 2.08914343602e-06, 5.5211870631e-07, 1.07536868654e-06, 8.39602137148e-07, 1.2475541098e-06, 5.85332372793e-07, 7.39111271741e-07, 2.7980487971e-07, 3.55189740731e-07, 1.60378931469e-07, 5.81793058174e-09, 3.1066590137e-14, 9.17080504041e-18],
        "max": [0.000105442115455, 0.0111098820344, 0.0141944158822, 0.0236796401441, 0.0379808694124, 0.0526172593236, 0.0413474664092, 0.0505918115377, 0.0466918647289, 0.0362691432238, 0.0208945143968, 0.0177911762148, 0.0134321264923, 0.041258122772, 0.0245182979852, 0.0137804625556, 0.0328196510673, 0.0272679142654, 0.0253066457808, 0.0274895168841, 0.0324973091483, 0.0183129012585, 0.0270925629884, 0.0219955723733, 0.0020674308762, 5.56720806344e-06, 5.24900016785e-08],
        "mean": [1.70493649421e-06, 0.000154360881425, 0.000388711923733, 0.000491919578053, 0.00230126874521, 0.00163101148792, 0.00123116315808, 0.00147366535384, 0.00160000286996, 0.000995230744593, 0.000934675917961, 0.000976180890575, 0.000758814043365, 0.00121343124192, 0.000778760353569, 0.000374090508558, 0.000504665018525, 0.000550015480258, 0.000803462113254, 0.000549831893295, 0.000349377165549, 0.000261978770141, 0.000201734961593, 0.00012064215116, 2.1740763259e-05, 4.44454855142e-08, 7.65058405516e-10],
        "median": [6.88249656378e-07, 4.54416149296e-05, 0.000169814098626, 0.00017173026572, 0.00116751622409, 0.000745354918763, 0.000552030862309, 0.000515166437253, 0.000517882581335, 0.000339047226589, 0.000450426654425, 0.000399088603444, 0.000324293301674, 0.000324651075061, 0.000253079342656, 0.000156908019562, 0.000198713983991, 0.000247628369834, 0.000469032092951, 0.00030794047052, 0.000173664710019, 0.000131092616357, 9.13506373763e-05, 3.83168953704e-05, 5.34219543624e-06, 2.23902318908e-08, 2.85783618992e-10],
        "min": [9.43967475963e-26, 1.07126226245e-24, 6.28215791368e-25, 1.95765484851e-25, 1.79059355913e-24, 5.63895484979e-24, 3.51548447119e-24, 2.50615350904e-24, 9.30364486703e-24, 9.935647881e-24, 8.77195340577e-24, 1.18234243705e-23, 1.08972764242e-23, 1.95349601819e-23, 2.66575663625e-23, 2.70488792368e-23, 4.36180221822e-23, 8.12687281349e-23, 7.42016388294e-23, 1.25756684035e-22, 1.95887567091e-22, 2.48872892849e-22, 3.54462442505e-22, 5.19486236887e-22, 8.28149005579e-22, 1.21950050252e-21, 1.7537117559e-21],
        "var": [1.3727393354e-11, 1.12486077342e-07, 4.69599967801e-07, 9.91624460767e-07, 1.10435184979e-05, 8.42828649184e-06, 4.29661895396e-06, 8.13768565422e-06, 1.09635957415e-05, 4.04754518968e-06, 2.36468690673e-06, 2.52691461355e-06, 1.44585771977e-06, 7.13363442628e-06, 2.00490580937e-06, 4.64111593601e-07, 1.37283257118e-06, 8.06102661954e-07, 1.09370228074e-06, 7.32747253096e-07, 6.16348927451e-07, 2.9224392506e-07, 4.24134327659e-07, 1.9286198949e-07, 7.90961518504e-09, 1.50325850943e-14, 2.34294276294e-18]
    },
    "erbbands": {
        "dmean": [0.00104714534245, 0.0305315945297, 0.214107885957, 0.753631651402, 2.68809700012, 4.85255336761, 6.41269350052, 8.02002811432, 9.45969867706, 14.5728979111, 22.086101532, 21.1948852539, 19.9793739319, 16.5331439972, 19.6104831696, 21.0847415924, 18.6417980194, 30.8775653839, 20.8874111176, 17.6051807404, 11.4072265625, 14.2426567078, 15.8787488937, 21.1054286957, 15.1817817688, 11.8431844711, 7.49725198746, 6.67657756805, 5.39850616455, 4.11092281342, 2.87436628342, 1.98892021179, 0.791503846645, 0.229740947485, 0.0336104780436, 0.00128677533939, 7.48891325202e-05, 1.05466142486e-05, 4.44258057541e-06, 6.34340813122e-06],
        "dmean2": [0.00171074364334, 0.048679612577, 0.337984532118, 1.22816693783, 4.45226573944, 7.71303844452, 10.0328512192, 12.5445022583, 15.0798454285, 23.342590332, 34.7565345764, 32.6538085938, 31.0080871582, 26.1697940826, 31.33061409, 33.8523292542, 30.4122867584, 49.2630119324, 33.0477600098, 28.1205291748, 18.3378982544, 22.4899463654, 24.8780059814, 33.4642333984, 23.6742706299, 18.436876297, 11.5672101974, 10.327454567, 8.02813053131, 6.12893867493, 4.18878650665, 2.83266663551, 1.09008657932, 0.316455572844, 0.0457856208086, 0.00177685974631, 0.000104769635072, 1.43618253787e-05, 6.02350837653e-06, 9.00740269572e-06],
        "dvar": [8.09664834378e-06, 0.00640287436545, 0.234092593193, 2.90735054016, 38.2376289368, 79.6412124634, 184.282012939, 375.609008789, 503.826873779, 818.125976562, 2554.75976562, 2785.23364258, 2101.22753906, 1430.9309082, 1424.66784668, 1696.60852051, 1120.25476074, 4006.89990234, 1700.14538574, 1456.9473877, 567.327026367, 1980.45568848, 1234.55603027, 2153.9050293, 612.375, 712.645202637, 507.215881348, 444.263458252, 199.273086548, 168.658554077, 161.412567139, 110.034233093, 9.32944869995, 0.991319537163, 0.0150590175763, 1.65277597262e-05, 9.53244452262e-08, 1.90633353547e-09, 9.42306024876e-11, 8.81075282178e-11],
        "dvar2": [1.95444627025e-05, 0.0152142932639, 0.567398309708, 7.00937223434, 98.8840255737, 176.496017456, 394.888336182, 826.775085449, 1231.50500488, 1951.19372559, 5794.25439453, 6277.34912109, 4565.0546875, 3673.27832031, 3505.01855469, 4399.0703125, 2886.64086914, 9976.89160156, 4087.61303711, 3498.98120117, 1386.18920898, 3902.31469727, 2755.17724609, 5246.45751953, 1405.92089844, 1455.3112793, 1167.91027832, 944.538208008, 390.915100098, 322.634674072, 263.518951416, 179.263442993, 15.236656189, 1.71386122704, 0.0241349004209, 2.71630469797e-05, 1.95982764239e-07, 3.58110274767e-09, 1.51299500706e-10, 1.66049882178e-10],
        "max": [0.128133058548, 3.2941403389, 12.8309259415, 46.8173294067, 146.287719727, 158.027801514, 568.889648438, 532.486083984, 827.78894043, 479.453094482, 1163.49316406, 1277.06542969, 1278.65466309, 892.808288574, 863.438537598, 733.984802246, 529.108215332, 1436.80371094, 956.374755859, 1014.24914551, 935.634277344, 2321.29345703, 1864.31274414, 1801.75402832, 559.497619629, 1238.2557373, 1327.68688965, 1122.41577148, 614.790771484, 608.631347656, 765.05480957, 768.626403809, 150.029968262, 39.6989440918, 4.1319899559, 0.143121302128, 0.0181240383536, 0.0030289334245, 0.0005411086604, 0.000317669328069],
        "mean": [0.00153319642413, 0.0488652139902, 0.367379128933, 1.17493379116, 3.8665471077, 8.30824947357, 11.4772100449, 13.9586076736, 15.8100728989, 23.5278644562, 36.5676574707, 36.4066925049, 35.7607345581, 30.4781951904, 37.9491119385, 40.6070899963, 34.2556266785, 61.4254417419, 43.3416252136, 33.5948829651, 22.6700553894, 28.38920784, 31.2593250275, 42.9016227722, 34.6708221436, 24.7180805206, 14.9031238556, 13.1796302795, 9.84753799438, 7.60426425934, 5.30115842819, 3.4413189888, 1.42765474319, 0.430386185646, 0.0619367025793, 0.002627779264, 0.000152105174493, 2.39250275627e-05, 1.62055093824e-05, 2.53122543654e-05],
        "median": [0.000667176616844, 0.0166950561106, 0.168054193258, 0.509481072426, 1.75970101357, 3.77295875549, 5.18019151688, 5.999812603, 7.6120724678, 10.5215148926, 12.6895809174, 13.8406009674, 13.4256229401, 14.4060630798, 19.5034313202, 18.0374679565, 17.7362327576, 22.7945785522, 19.338924408, 13.7273674011, 10.2697715759, 11.5206098557, 14.1520709991, 24.0088157654, 21.4572200775, 14.6894426346, 7.90544700623, 6.59733629227, 4.88860034943, 3.72966861725, 2.32124948502, 1.20111775398, 0.426487952471, 0.113119110465, 0.0154911018908, 0.000936991535127, 6.23711312073e-05, 1.25764890981e-05, 1.50427040353e-05, 2.59278021986e-05],
        "min": [3.2816761963e-23, 2.95359746552e-22, 1.39814475667e-21, 2.87573883793e-21, 4.07068665693e-21, 8.50305318994e-21, 2.39918906065e-20, 3.60366145244e-20, 5.00015784575e-20, 1.42136538456e-19, 1.34872354639e-19, 2.2287880127e-19, 2.68984556144e-19, 4.2754016447e-19, 6.22095190042e-19, 6.7574793403e-19, 7.08138000372e-19, 1.38894481593e-18, 2.00808268019e-18, 2.61648828959e-18, 2.2064736783e-18, 3.29849932502e-18, 4.32722952486e-18, 4.9758073675e-18, 4.97850480348e-18, 6.43913867476e-18, 7.31510805421e-18, 6.25667917525e-18, 8.57780504953e-18, 9.37912055151e-18, 9.36045356663e-18, 9.31859243737e-18, 7.67613020537e-18, 7.01217383437e-18, 5.84214546948e-18, 3.49135483048e-18, 2.10790787049e-18, 8.08407231563e-19, 2.05049646949e-19, 2.40422177614e-20],
        "var": [1.21450466395e-05, 0.00978891644627, 0.371209651232, 4.72911977768, 42.7734642029, 178.718063354, 386.193786621, 803.672180176, 801.905944824, 1477.11621094, 4993.87792969, 5548.79882812, 4834.36083984, 2925.6394043, 3583.31420898, 4609.76757812, 2373.97631836, 13333.734375, 4756.44189453, 3305.47998047, 1367.74975586, 5729.51318359, 2768.20532227, 3998.35009766, 1725.86425781, 1676.8572998, 978.598205566, 867.589111328, 407.005706787, 335.942199707, 330.988677979, 200.628005981, 21.4805755615, 2.92184758186, 0.0454436205328, 4.93520892633e-05, 1.79791811661e-07, 3.69145003454e-09, 2.80186540635e-10, 3.36393052303e-10]
    },
    "gfcc": {
        "mean": [-122.830169678, 86.2265930176, -163.699432373, 39.5334014893, -83.9529037476, 7.11213874817, -37.1839408875, -8.572681427, -16.8620586395, -16.0343017578, -0.052120115608, -18.7079811096, -2.35274791718],
        "cov": [[117325.554688, 9986.57128906, -18729.5898438, 4566.47900391, -9566.23828125, 638.263916016, -4159.94775391, -1084.35021973, -1941.55249023, -1900.29724121, 6.58303976059, -2213.96533203, -288.282989502], [9986.57128906, 1674.31176758, -1504.40783691, 283.545715332, -667.734375, -119.02431488, -279.685150146, -178.711776733, -205.186248779, -221.730804443, 42.4380073547, -247.527069092, -45.4775009155], [-18729.5898438, -1504.40783691, 3598.87939453, -473.786529541, 1491.98754883, -46.6716308594, 644.17175293, 226.135360718, 245.455535889, 316.764770508, -49.1131248474, 353.731994629, 32.2150039673], [4566.47900391, 283.545715332, -473.786529541, 459.221069336, -363.891357422, 51.2142295837, -182.330596924, 2.7357172966, -88.2301483154, -69.9053649902, -39.3084373474, -71.4907455444, -15.6796445847], [-9566.23828125, -667.734375, 1491.98754883, -363.891357422, 937.847290039, -63.0540809631, 356.625274658, 82.4879302979, 157.004516602, 135.704879761, 6.54968881607, 164.82333374, 15.8609781265], [638.263916016, -119.02431488, -46.6716308594, 51.2142295837, -63.0540809631, 223.17755127, 3.89793205261, 26.4518432617, -11.5361366272, 19.3134803772, -18.3813343048, -9.12565517426, -8.53091621399], [-4159.94775391, -279.685150146, 644.17175293, -182.330596924, 356.625274658, 3.89793205261, 292.470916748, 47.9024963379, 45.0006484985, 66.5759429932, 23.5252227783, 47.881526947, -15.2475910187], [-1084.35021973, -178.711776733, 226.135360718, 2.7357172966, 82.4879302979, 26.4518432617, 47.9024963379, 126.984054565, 39.5574531555, 24.5434532166, -11.1104192734, 34.9943733215, 2.97803521156], [-1941.55249023, -205.186248779, 245.455535889, -88.2301483154, 157.004516602, -11.5361366272, 45.0006484985, 39.5574531555, 134.301208496, 52.5900764465, -0.80376625061, 44.8226776123, 11.9303684235], [-1900.29724121, -221.730804443, 316.764770508, -69.9053649902, 135.704879761, 19.3134803772, 66.5759429932, 24.5434532166, 52.5900764465, 106.970756531, 22.0657672882, 35.716594696, -4.66868925095], [6.58303976059, 42.4380073547, -49.1131248474, -39.3084373474, 6.54968881607, -18.3813343048, 23.5252227783, -11.1104192734, -0.80376625061, 22.0657672882, 73.9147033691, 3.94664144516, -10.3969545364], [-2213.96533203, -247.527069092, 353.731994629, -71.4907455444, 164.82333374, -9.12565517426, 47.881526947, 34.9943733215, 44.8226776123, 35.716594696, 3.94664144516, 107.519706726, 37.4462661743], [-288.282989502, -45.4775009155, 32.2150039673, -15.6796445847, 15.8609781265, -8.53091621399, -15.2475910187, 2.97803521156, 11.9303684235, -4.66868925095, -10.3969545364, 37.4462661743, 62.1404037476]],
        "icov": [[0.000631005852483, -0.00111176515929, 0.00152591604274, -0.00172972108703, 0.00183920725249, -0.00103112182114, 0.00113289838191, -0.000763125601225, 0.000872407690622, -7.43033233448e-05, -0.000245885370532, 0.000809529563412, -0.000112288871605], [-0.00111176515929, 0.00344842835329, -0.00253860093653, 0.00278778909706, -0.00319061009213, 0.00251039257273, -0.00186454982031, 0.0018813284114, -0.00112749834079, 0.00157562224194, -0.000842454377562, 0.000613696873188, -0.000179061826202], [0.00152591604274, -0.00253860093653, 0.00499768741429, -0.00459932303056, 0.003068291815, -0.00210219039582, 0.00189806742128, -0.00214986363426, 0.00286514358595, -0.00190528994426, 0.00108807685319, 0.000365091400454, 0.000235558152781], [-0.00172972108703, 0.00278778909706, -0.00459932303056, 0.00873523484915, -0.00386567157693, 0.00231707352214, -0.00150010630023, 0.000661558820866, -0.00129565084353, 0.000587281014305, 0.00171212258283, -0.00181359762792, 0.00118143390864], [0.00183920725249, -0.00319061009213, 0.003068291815, -0.00386567157693, 0.0101003926247, -0.00246554473415, 0.00144380691927, -0.00163753156085, 0.00068305543391, 0.000908990914468, -0.000901686027646, 0.00149334338494, 3.39445614372e-05], [-0.00103112182114, 0.00251039257273, -0.00210219039582, 0.00231707352214, -0.00246554473415, 0.00739526934922, -0.0028811013326, 0.000482772156829, -0.000359564233804, -0.00183043174911, 0.00220134994015, -0.000969133572653, 0.000526437710505], [0.00113289838191, -0.00186454982031, 0.00189806742128, -0.00150010630023, 0.00144380691927, -0.0028811013326, 0.0105151794851, -0.00303010875359, 0.0028536838945, 0.000475946319057, -0.00341008999385, 0.00408770237118, 0.000944023486227], [-0.000763125601225, 0.0018813284114, -0.00214986363426, 0.000661558820866, -0.00163753156085, 0.000482772156829, -0.00303010875359, 0.0117739066482, -0.0037974640727, 0.00103508622851, 0.000861624022946, -0.00294997310266, 0.00102317659184], [0.000872407690622, -0.00112749834079, 0.00286514358595, -0.00129565084353, 0.00068305543391, -0.000359564233804, 0.0028536838945, -0.0037974640727, 0.0135461948812, -0.00496718613431, 0.00167529599275, 0.000161233139806, -0.000722444092389], [-7.43033233448e-05, 0.00157562224194, -0.00190528994426, 0.000587281014305, 0.000908990914468, -0.00183043174911, 0.000475946319057, 0.00103508622851, -0.00496718613431, 0.0194404926151, -0.00817143637687, 0.00211906176992, 0.00129830185324], [-0.000245885370532, -0.000842454377562, 0.00108807685319, 0.00171212258283, -0.000901686027646, 0.00220134994015, -0.00341008999385, 0.000861624022946, 0.00167529599275, -0.00817143637687, 0.0209790430963, -0.00697207450867, 0.00454092398286], [0.000809529563412, 0.000613696873188, 0.000365091400454, -0.00181359762792, 0.00149334338494, -0.000969133572653, 0.00408770237118, -0.00294997310266, 0.000161233139806, 0.00211906176992, -0.00697207450867, 0.0254791099578, -0.0122041683644], [-0.000112288871605, -0.000179061826202, 0.000235558152781, 0.00118143390864, 3.39445614372e-05, 0.000526437710505, 0.000944023486227, 0.00102317659184, -0.000722444092389, 0.00129830185324, 0.00454092398286, -0.0122041683644, 0.0242131352425]]
    },
    "melbands": {
        "dmean": [1.82230778591e-05, 8.63115055836e-05, 0.000174776112544, 0.000261992856394, 0.000225469528232, 0.000176868838025, 0.00014996776008, 0.000163071294082, 0.000187460973393, 0.000134910995257, 0.000101899211586, 6.82243990013e-05, 6.52919552522e-05, 5.8435871324e-05, 5.2294730267e-05, 4.69837032142e-05, 6.40856160317e-05, 3.68328364857e-05, 3.55486808985e-05, 1.79861435754e-05, 1.40367901622e-05, 1.66582376551e-05, 1.35659529406e-05, 1.54851695697e-05, 1.9838256776e-05, 1.22437104437e-05, 1.21146922538e-05, 7.74853197072e-06, 4.86231056129e-06, 5.12860106028e-06, 3.66987569578e-06, 3.56228929377e-06, 2.44378566094e-06, 2.44759894485e-06, 1.78581592536e-06, 1.5429824316e-06, 1.18433501939e-06, 6.47208651117e-07, 3.4164136764e-07, 1.61874950777e-07],
        "dmean2": [2.95937534247e-05, 0.000134931062348, 0.000285354530206, 0.000422477081884, 0.000350325979525, 0.000275737605989, 0.000238972861553, 0.000260418659309, 0.000294413912343, 0.000208854471566, 0.000158602342708, 0.000108071973955, 0.000103898979432, 9.47193111642e-05, 8.49539719638e-05, 7.65650620451e-05, 0.000102395060821, 5.87678441661e-05, 5.73652214371e-05, 2.92727308988e-05, 2.28336757573e-05, 2.65003727691e-05, 2.14954798139e-05, 2.46104827966e-05, 3.16078585456e-05, 1.94126696442e-05, 1.91618037206e-05, 1.22279388961e-05, 7.61123055781e-06, 8.0433101175e-06, 5.70783504372e-06, 5.40846485819e-06, 3.7125516883e-06, 3.72862973563e-06, 2.66872552857e-06, 2.25326471082e-06, 1.73214652932e-06, 9.18842999909e-07, 4.93170261961e-07, 2.2528617194e-07],
        "dvar": [2.60520982565e-09, 3.79200706391e-08, 1.50939911236e-07, 2.46789426228e-07, 1.86347008935e-07, 1.64325783203e-07, 1.12052269685e-07, 1.08472349325e-07, 1.84061562436e-07, 1.1622291396e-07, 5.50457421866e-08, 2.45734383952e-08, 1.45686724906e-08, 1.26124453104e-08, 1.38647724413e-08, 8.59553139776e-09, 1.96993816814e-08, 5.77006309399e-09, 7.21800130776e-09, 1.51288503947e-09, 8.78215278277e-10, 2.78998668612e-09, 9.34849753165e-10, 1.10522235808e-09, 2.17901363619e-09, 4.30712354671e-10, 4.39674519015e-10, 3.79544756735e-10, 2.04628355926e-10, 2.74961720059e-10, 1.26692448199e-10, 7.8306174045e-11, 5.12865409863e-11, 6.54889545371e-11, 5.48504609788e-11, 6.96372057241e-11, 3.14418664715e-11, 6.12816394852e-12, 2.70656522368e-12, 4.91032073942e-13],
        "dvar2": [6.29599306023e-09, 8.95124543376e-08, 3.71543563915e-07, 6.00839484832e-07, 3.85246863743e-07, 3.59454020327e-07, 2.71829208032e-07, 2.54981387116e-07, 4.14879963273e-07, 2.63126509026e-07, 1.19467344462e-07, 6.22174027853e-08, 3.47052555583e-08, 3.23630082733e-08, 3.59613316903e-08, 2.19726246087e-08, 4.90223435179e-08, 1.35810829249e-08, 1.71187028997e-08, 3.77785225325e-09, 2.1845676379e-09, 5.64529001323e-09, 2.0396353495e-09, 2.55613086253e-09, 5.35904742804e-09, 1.04603747886e-09, 1.0469969336e-09, 7.69721730798e-10, 4.72310135446e-10, 6.94299173709e-10, 2.41498293585e-10, 1.61468116655e-10, 1.07706461805e-10, 1.27965804619e-10, 9.43905162365e-11, 1.16592374644e-10, 5.16807673046e-11, 1.06068244465e-11, 5.49584596582e-12, 8.20830762301e-13],
        "max": [0.00186709174886, 0.00586365349591, 0.00857914239168, 0.00720331305638, 0.0149311935529, 0.010338219814, 0.0106100561097, 0.00584189174697, 0.0103264357895, 0.00855169910938, 0.00657011754811, 0.00359692657366, 0.0025464692153, 0.00253782607615, 0.00338313309476, 0.00180576439016, 0.00353402923793, 0.00210143649019, 0.00274019665085, 0.00114487844985, 0.00106658646837, 0.00269470061176, 0.00127906806301, 0.00120544643141, 0.00189622363541, 0.000437173817772, 0.000480588176288, 0.000916425546166, 0.000869712384883, 0.00081093137851, 0.000596031663008, 0.0003514647251, 0.000308785849484, 0.000411071028793, 0.000404945807531, 0.000637257180642, 0.000375318370061, 0.000123876234284, 7.56646695663e-05, 3.02680455206e-05],
        "mean": [2.7128318834e-05, 0.000150942243636, 0.000267856055871, 0.000436480273493, 0.000418732350226, 0.000316733407089, 0.000249176111538, 0.000265114736976, 0.000307037582388, 0.000225314943236, 0.000176634901436, 0.000119499738503, 0.000121094766655, 0.000112971887575, 8.78862119862e-05, 7.82774368417e-05, 0.000124094425701, 7.15099522495e-05, 6.28163979854e-05, 3.06478541461e-05, 2.53354337474e-05, 3.08907910949e-05, 2.46355739364e-05, 2.82716791844e-05, 3.67379361705e-05, 2.55075919995e-05, 2.37263429881e-05, 1.44889190778e-05, 8.64125104272e-06, 9.49877266976e-06, 6.77571779306e-06, 6.00344174018e-06, 4.26635824624e-06, 4.20719061367e-06, 3.13183704748e-06, 2.55375971392e-06, 1.96852033696e-06, 1.13027147108e-06, 5.7146155541e-07, 2.85897357344e-07],
        "median": [9.27646215132e-06, 6.91432360327e-05, 0.000126449842355, 0.000222076312639, 0.000194477266632, 0.000141991855344, 0.000118787502288, 0.000116064256872, 9.57174197538e-05, 7.72801140556e-05, 6.07393449172e-05, 5.07568838657e-05, 6.21676153969e-05, 4.8684552894e-05, 3.56976379408e-05, 3.1252282497e-05, 3.68688561139e-05, 2.53403813986e-05, 1.95872980839e-05, 1.32283230414e-05, 1.02006706584e-05, 1.13616497401e-05, 1.06744100776e-05, 1.23826421259e-05, 1.81656196219e-05, 1.33849880513e-05, 1.29787540573e-05, 7.61292312745e-06, 4.3988861762e-06, 4.2614560698e-06, 3.27049451698e-06, 2.79414120996e-06, 1.985808467e-06, 1.96030396182e-06, 1.36144024054e-06, 9.50771379848e-07, 6.0362287968e-07, 3.22666352304e-07, 1.52129899789e-07, 6.60418493226e-08],
        "min": [5.59761794671e-25, 9.08963498927e-25, 5.31257735672e-25, 5.4336601101e-25, 1.03143809877e-24, 7.41172735082e-25, 6.6535970152e-25, 1.42291791577e-24, 1.03405011583e-24, 1.42251007468e-24, 1.23157063131e-24, 1.25981806399e-24, 1.76193404523e-24, 1.38548390202e-24, 1.79276410991e-24, 1.26754298441e-24, 2.22885943453e-24, 2.51066441291e-24, 2.41962808951e-24, 2.48614740484e-24, 2.01730113924e-24, 2.88860727817e-24, 2.39060471352e-24, 2.53732436163e-24, 3.39318026531e-24, 3.05320921972e-24, 3.73642153378e-24, 3.75806945474e-24, 3.87675791667e-24, 4.07836552049e-24, 2.70448260694e-24, 4.7037543302e-24, 3.38588527409e-24, 4.97171696906e-24, 4.26408388796e-24, 5.16806444837e-24, 4.83480739795e-24, 4.69147334362e-24, 4.68967592405e-24, 5.03543957527e-24],
        "var": [3.73985509228e-09, 6.29380920714e-08, 2.04275153237e-07, 4.14834829598e-07, 4.54742149714e-07, 3.63800126024e-07, 1.79296904435e-07, 2.05152034027e-07, 3.81535755878e-07, 2.33478559153e-07, 1.25091617065e-07, 4.95744281181e-08, 3.51407649646e-08, 3.4187504383e-08, 2.6480002191e-08, 1.77912280463e-08, 6.88974495233e-08, 1.92495246409e-08, 1.64008522319e-08, 2.82303158627e-09, 1.98501437509e-09, 7.64796759256e-09, 2.16441931045e-09, 2.24712271013e-09, 3.73821373856e-09, 1.12773756999e-09, 1.07281439288e-09, 8.21969048381e-10, 3.77406939034e-10, 4.58112409119e-10, 2.63759486474e-10, 1.49102938329e-10, 9.57671858481e-11, 1.20576437723e-10, 1.11552246607e-10, 1.20694329531e-10, 5.97383045808e-11, 1.32783133447e-11, 5.60030277361e-12, 1.47519160516e-12]
    },
    "mfcc": {
        "mean": [-669.338745117, 85.4667739868, -23.6653804779, 12.3747148514, -18.7874164581, -0.939534723759, -9.65103816986, -1.95838308334, -15.2673168182, 0.756188571453, -5.9419054985, -4.94659614563, -7.26039886475],
        "cov": [[27156.0546875, 4485.27685547, -1508.96057129, 762.734375, -1148.61938477, -81.6866226196, -552.663269043, -141.288040161, -868.69140625, 6.31183624268, -311.183990479, -336.736328125, -419.450836182], [4485.27685547, 1710.11242676, -326.542266846, 191.431793213, -198.740188599, -50.5990753174, -35.6592292786, -49.4558334351, -235.857147217, -7.68776512146, -41.0205345154, -101.370407104, -77.8937301636], [-1508.96057129, -326.542266846, 667.01361084, 117.863471985, 122.257453918, 56.4869499207, 76.650604248, 23.4390659332, 86.4353790283, 1.48511314392, 5.51853847504, 35.6812858582, 20.8222293854], [762.734375, 191.431793213, 117.863471985, 304.871948242, 25.9733848572, -32.682346344, 0.744495928288, 2.66700577736, -25.837469101, -8.26029872894, -22.7515926361, -13.9610643387, -9.56227970123], [-1148.61938477, -198.740188599, 122.257453918, 25.9733848572, 208.084091187, 16.4780712128, -3.46176600456, 23.464050293, 68.068977356, -5.3683795929, -8.79170417786, 25.0308494568, 20.9731788635], [-81.6866226196, -50.5990753174, 56.4869499207, -32.682346344, 16.4780712128, 132.384384155, 47.3279342651, 2.68371963501, 14.0927248001, 11.4868154526, 16.3416309357, -4.38768053055, -5.89992618561], [-552.663269043, -35.6592292786, 76.650604248, 0.744495928288, -3.46176600456, 47.3279342651, 170.708908081, 36.673664093, -3.06649947166, 28.9816646576, 29.5160446167, -19.5135307312, 6.3406662941], [-141.288040161, -49.4558334351, 23.4390659332, 2.66700577736, 23.464050293, 2.68371963501, 36.673664093, 88.455871582, 36.6450424194, 8.15141582489, 0.451584398746, 7.11696767807, 8.07744884491], [-868.69140625, -235.857147217, 86.4353790283, -25.837469101, 68.068977356, 14.0927248001, -3.06649947166, 36.6450424194, 125.164833069, 2.47857999802, 0.0421952083707, 26.8130645752, 16.9442043304], [6.31183624268, -7.68776512146, 1.48511314392, -8.26029872894, -5.3683795929, 11.4868154526, 28.9816646576, 8.15141582489, 2.47857999802, 98.2687149048, 28.2077083588, 0.37061226368, 2.41496610641], [-311.183990479, -41.0205345154, 5.51853847504, -22.7515926361, -8.79170417786, 16.3416309357, 29.5160446167, 0.451584398746, 0.0421952083707, 28.2077083588, 87.5288848877, 14.6313390732, 5.30046749115], [-336.736328125, -101.370407104, 35.6812858582, -13.9610643387, 25.0308494568, -4.38768053055, -19.5135307312, 7.11696767807, 26.8130645752, 0.37061226368, 14.6313390732, 74.5672531128, 30.8496818542], [-419.450836182, -77.8937301636, 20.8222293854, -9.56227970123, 20.9731788635, -5.89992618561, 6.3406662941, 8.07744884491, 16.9442043304, 2.41496610641, 5.30046749115, 30.8496818542, 64.8934249878]],
