{
"lowlevel": {
    "average_loudness": 0.951403081417,
    "barkbands_crest": {
        "dmean": 1.86085307598,
        "dmean2": 3.07960629463,
        "dvar": 3.35861134529,
        "dvar2": 8.64003658295,
        "max": 21.2554454803,
        "mean": 6.7574839592,
        "median": 6.18721246719,
        "min": 2.08281445503,
        "var": 8.06613445282
    },
    "barkbands_flatness_db": {
        "dmean": 0.0138232251629,
        "dmean2": 0.0216066110879,
        "dvar": 0.00014106517483,
        "dvar2": 0.00032982963603,
        "max": 0.264039874077,
        "mean": 0.129697814584,
        "median": 0.12924182415,
        "min": 0.0360143333673,
        "var": 0.000949598383158
    },
    "barkbands_kurtosis": {
        "dmean": 0.765926897526,
        "dmean2": 1.24761104584,
        "dvar": 1.1294080019,
        "dvar2": 2.87083601952,
        "max": 18.9180679321,
        "mean": 0.390813678503,
        "median": -0.254968643188,
        "min": -1.83770692348,
        "var": 3.40755176544
    },
    "barkbands_skewness": {
        "dmean": 0.319569170475,
        "dmean2": 0.493573814631,
        "dvar": 0.101252786815,
        "dvar2": 0.217794820666,
        "max": 3.79764580727,
        "mean": 0.328740119934,
        "median": 0.416169345379,
        "min": -3.83334898949,
        "var": 0.926762878895
    },
    "barkbands_spread": {
        "dmean": 4.40382194519,
        "dmean2": 6.85867643356,
        "dvar": 21.0295906067,
        "dvar2": 47.174861908,
        "max": 66.0004653931,
        "mean": 24.2329826355,
        "median": 23.7501564026,
        "min": 3.33000349998,
        "var": 75.9009780884
    },
    "dissonance": {
        "dmean": 0.0128311524168,
        "dmean2": 0.0218467544764,
        "dvar": 0.000159820963745,
        "dvar2": 0.000433171575423,
        "max": 0.500000178814,
        "mean": 0.478418707848,
        "median": 0.482678085566,
        "min": 0.343336164951,
        "var": 0.000308535993099
    },
    "dynamic_complexity": 1.58863639832,
    "erbbands_crest": {
        "dmean": 2.1030228138,
        "dmean2": 3.47427487373,
        "dvar": 4.32105493546,
        "dvar2": 11.1545763016,
        "max": 27.149389267,
        "mean": 7.23359680176,
        "median": 6.57391357422,
        "min": 2.43951678276,
        "var": 10.2328367233
    },
    "erbbands_flatness_db": {
        "dmean": 0.0139722060412,
        "dmean2": 0.0202940367162,
        "dvar": 0.000163061413332,
        "dvar2": 0.000311771582346,
        "max": 0.324079811573,
        "mean": 0.192462518811,
        "median": 0.19960257411,
        "min": 0.0808442756534,
        "var": 0.00165775697678
    },
    "erbbands_kurtosis": {
        "dmean": 0.558878064156,
        "dmean2": 0.898381173611,
        "dvar": 0.635769546032,
        "dvar2": 1.4878077507,
        "max": 32.8674545288,
        "mean": -0.0986810177565,
        "median": -0.274859547615,
        "min": -1.68640506268,
        "var": 1.18542051315
    },
    "erbbands_skewness": {
        "dmean": 0.283586263657,
        "dmean2": 0.442531198263,
        "dvar": 0.0712680146098,
        "dvar2": 0.156233012676,
        "max": 2.81818437576,
        "mean": 0.0103949951008,
        "median": 0.046304769814,
        "min": -5.33219003677,
        "var": 0.36367174983
    },
    "erbbands_spread": {
        "dmean": 5.96366024017,
        "dmean2": 9.16930770874,
        "dvar": 37.0601234436,
        "dvar2": 82.8462753296,
        "max": 94.9388504028,
        "mean": 32.4073219299,
        "median": 31.1961154938,
        "min": 6.33701181412,
        "var": 115.87802124
    },
    "hfc": {
        "dmean": 6.9227437973,
        "dmean2": 9.60625839233,
        "dvar": 80.3871459961,
        "dvar2": 153.386932373,
        "max": 199.593612671,
        "mean": 28.65899086,
        "median": 28.0166091919,
        "min": 1.03808427253e-16,
        "var": 387.275054932
    },
    "melbands_crest": {
        "dmean": 2.35030841827,
        "dmean2": 3.9041326046,
        "dvar": 5.28354167938,
        "dvar2": 13.5674448013,
        "max": 27.9900398254,
        "mean": 8.30175018311,
        "median": 7.65567207336,
        "min": 1.0512752533,
        "var": 16.7157707214
    },
    "melbands_flatness_db": {
        "dmean": 0.0155463181436,
        "dmean2": 0.0231260992587,
        "dvar": 0.00025120130158,
        "dvar2": 0.000517790846061,
        "max": 0.310095191002,
        "mean": 0.11276678741,
        "median": 0.114531844854,
        "min": 1.17359240903e-05,
        "var": 0.00288256327622
    },
    "melbands_kurtosis": {
        "dmean": 1.57644867897,
        "dmean2": 2.50001168251,
        "dvar": 5.05636358261,
        "dvar2": 12.329834938,
        "max": 43.962272644,
        "mean": 2.2493584156,
        "median": 1.22434878349,
        "min": -1.80290293694,
        "var": 13.4257574081
    },
    "melbands_skewness": {
        "dmean": 0.376645773649,
        "dmean2": 0.581719636917,
        "dvar": 0.135980188847,
        "dvar2": 0.311747580767,
        "max": 5.64136886597,
        "mean": 1.1874063015,
        "median": 1.06956481934,
        "min": -1.57233703136,
        "var": 0.674644351006
    },
    "melbands_spread": {
        "dmean": 8.74234199524,
        "dmean2": 13.6355323792,
        "dvar": 96.3061676025,
        "dvar2": 206.244003296,
        "max": 197.555252075,
        "mean": 47.2205123901,
        "median": 37.1607551575,
        "min": 5.28446865082,
        "var": 1129.78613281
    },
    "pitch_salience": {
        "dmean": 0.0494674816728,
        "dmean2": 0.0819404050708,
        "dvar": 0.00201422907412,
        "dvar2": 0.00524177029729,
        "max": 0.992110848427,
        "mean": 0.648934543133,
        "median": 0.642255783081,
        "min": 0.275577098131,
        "var": 0.00893667247146
    },
    "silence_rate_20dB": {
        "dmean": 0,
        "dmean2": 0,
        "dvar": 0,
        "dvar2": 0,
        "max": 1,
        "mean": 1,
        "median": 1,
        "min": 1,
        "var": 0
    },
    "silence_rate_30dB": {
        "dmean": 0,
        "dmean2": 0,
        "dvar": 0,
        "dvar2": 0,
        "max": 1,
        "mean": 1,
        "median": 1,
        "min": 1,
        "var": 0
    },
    "silence_rate_60dB": {
        "dmean": 0.00255455030128,
        "dmean2": 0.00510964449495,
        "dvar": 0.00254730461165,
        "dvar2": 0.00508409179747,
        "max": 1,
        "mean": 0.116964668036,
        "median": 0,
        "min": 0,
        "var": 0.103274740279
    },
    "spectral_centroid": {
        "dmean": 261.448394775,
        "dmean2": 401.711578369,
        "dvar": 81350.6484375,
        "dvar2": 163063.234375,
        "max": 11892.7128906,
        "mean": 2846.93359375,
        "median": 2043.67407227,
        "min": 403.680786133,
        "var": 7867544
    },
    "spectral_complexity": {
        "dmean": 3.69856309891,
        "dmean2": 5.61422204971,
        "dvar": 14.7660007477,
        "dvar2": 31.8442192078,
        "max": 54,
        "mean": 25.8783531189,
        "median": 27,
        "min": 0,
        "var": 141.094848633
    },
    "spectral_decrease": {
        "dmean": 1.16342879775e-09,
        "dmean2": 1.69368785663e-09,
        "dvar": 1.83987446865e-18,
        "dvar2": 3.91454456776e-18,
        "max": 2.76744986689e-28,
        "mean": -4.87129492299e-09,
        "median": -5.0074868696e-09,
        "min": -2.08272723512e-08,
        "var": 8.03722266689e-18
    },
    "spectral_energy": {
        "dmean": 0.00484968861565,
        "dmean2": 0.00699768727645,
        "dvar": 3.06460497086e-05,
        "dvar2": 6.42497470835e-05,
        "max": 0.0831332877278,
        "mean": 0.0209849253297,
        "median": 0.0218373201787,
        "min": 9.66221353249e-21,
        "var": 0.00014321951312
    },
    "spectral_energyband_high": {
        "dmean": 0.000603048887569,
        "dmean2": 0.000859022315126,
        "dvar": 1.50863718318e-06,
        "dvar2": 2.75374009107e-06,
        "max": 0.0389662235975,
        "mean": 0.00148910121061,
        "median": 0.00100000225939,
        "min": 6.88902671322e-21,
        "var": 4.44716806669e-06
    },
    "spectral_energyband_low": {
        "dmean": 0.000452353706351,
        "dmean2": 0.000714949041139,
        "dvar": 6.54372342979e-07,
        "dvar2": 1.57597162342e-06,
        "max": 0.0191726144403,
        "mean": 0.000946060754359,
        "median": 0.000540058477782,
        "min": 7.63096392512e-24,
        "var": 1.86308739103e-06
    },
    "spectral_energyband_middle_high": {
        "dmean": 0.00255474611185,
        "dmean2": 0.0036905570887,
        "dvar": 8.38828782435e-06,
        "dvar2": 1.71085466718e-05,
        "max": 0.0516480021179,
        "mean": 0.00941887870431,
        "median": 0.00865406356752,
        "min": 1.07340285703e-21,
        "var": 4.65534067189e-05
    },
    "spectral_energyband_middle_low": {
        "dmean": 0.00346771278419,
        "dmean2": 0.00535167148337,
        "dvar": 2.15327363549e-05,
        "dvar2": 4.98597219121e-05,
        "max": 0.0740463659167,
        "mean": 0.00970690138638,
        "median": 0.00829863362014,
        "min": 9.70289005329e-23,
        "var": 6.08391892456e-05
    },
    "spectral_entropy": {
        "dmean": 0.103628359735,
        "dmean2": 0.150479778647,
        "dvar": 0.0126891005784,
        "dvar2": 0.0231829620898,
        "max": 9.83420848846,
        "mean": 7.93184423447,
        "median": 7.76562833786,
        "min": 6.49374961853,
        "var": 0.454894274473
    },
    "spectral_flux": {
        "dmean": 0.0149228991941,
        "dmean2": 0.0235634278506,
        "dvar": 0.000256810482824,
        "dvar2": 0.000586425070651,
        "max": 0.210875615478,
        "mean": 0.077937297523,
        "median": 0.0828477442265,
        "min": 6.26847948548e-11,
        "var": 0.00136691331863
    },
    "spectral_kurtosis": {
        "dmean": 1.28760623932,
        "dmean2": 2.23816895485,
        "dvar": 1.89169836044,
        "dvar2": 5.56761789322,
        "max": 28.7870330811,
        "mean": 2.3359644413,
        "median": 1.9913790226,
        "min": -1.27920269966,
        "var": 5.75928974152
    },
    "spectral_rms": {
        "dmean": 0.000497087661643,
        "dmean2": 0.000705155660398,
        "dvar": 2.80904572492e-07,
        "dvar2": 5.48640684883e-07,
        "max": 0.00900586694479,
        "mean": 0.0041662636213,
        "median": 0.00461570173502,
        "min": 3.07026864869e-12,
        "var": 3.11534495268e-06
    },
    "spectral_rolloff": {
        "dmean": 513.205444336,
        "dmean2": 837.713378906,
        "dvar": 469845.53125,
        "dvar2": 1015313.3125,
        "max": 19961.2792969,
        "mean": 4153.42626953,
        "median": 2583.984375,
        "min": 279.931640625,
        "var": 25208668
    },
    "spectral_skewness": {
        "dmean": 0.182194203138,
        "dmean2": 0.299921602011,
        "dvar": 0.0319946371019,
        "dvar2": 0.0805521160364,
        "max": 4.16316175461,
        "mean": 0.965073466301,
        "median": 0.985738515854,
        "min": -0.432246297598,
        "var": 0.25346878171
    },
    "spectral_spread": {
        "dmean": 417968.59375,
        "dmean2": 639765.875,
        "dvar": 421596528640,
        "dvar2": 921879642112,
        "max": 43182716,
        "mean": 7354142,
        "median": 3586659,
        "min": 2132274.5,
        "var": 1.24105806316e+14
    },
    "spectral_strongpeak": {
        "dmean": 0.841255009174,
        "dmean2": 1.4208958149,
        "dvar": 1.44988501072,
        "dvar2": 3.68605256081,
        "max": 22.363483429,
        "mean": 1.38900375366,
        "median": 0.969768762589,
        "min": 0,
        "var": 2.17227721214
    },
    "zerocrossingrate": {
        "dmean": 0.00997798424214,
        "dmean2": 0.0122128529474,
        "dvar": 0.000154891444254,
        "dvar2": 0.000185854951269,
        "max": 0.78515625,
        "mean": 0.126824870706,
        "median": 0.08447265625,
        "min": 0.01904296875,
        "var": 0.0167845431715
    },
    "barkbands": {
        "dmean": [1.71977956143e-06, 9.90622138488e-05, 0.000240697976551, 0.000514282961376, 0.00145086739212, 0.000780815840699, 0.00103127991315, 0.000954034388997, 0.000692801200785, 0.000814121274743, 0.000812504033092, 0.000611963972915, 0.000537503918167, 0.000587224261835, 0.000420531403506, 0.000346384709701, 0.000425121048465, 0.000356709322659, 0.000341793202097, 0.000243426591624, 0.000241950445343, 0.000185618628166, 0.000108089305286, 8.80686638993e-05, 7.43904729461e-06, 9.85836265954e-08, 9.05328811918e-10],
        "dmean2": [3.03887782138e-06, 0.000157616304932, 0.00037769129267, 0.000845122674946, 0.00234801508486, 0.00121474068146, 0.00167234055698, 0.00148141873069, 0.00109756097663, 0.00131127005443, 0.00130650680512, 0.000975492468569, 0.000869712617714, 0.000958104617894, 0.000685455277562, 0.000561249384191, 0.000673738948535, 0.000565623864532, 0.000542092253454, 0.000380824174499, 0.00036195004941, 0.000277614919469, 0.000164279641467, 0.000137562630698, 1.15075545182e-05, 1.70483133388e-07, 1.67128466622e-09],
        "dvar": [1.3309938221e-11, 3.93206605054e-08, 2.14948883581e-07, 9.59784301813e-07, 6.71630050419e-06, 1.96814880837e-06, 3.63275717064e-06, 2.84278416984e-06, 1.93146911442e-06, 1.85906162642e-06, 2.22166909225e-06, 1.05285698737e-06, 9.91197907751e-07, 9.30783983222e-07, 4.5362546075e-07, 2.97703962815e-07, 5.61881677186e-07, 6.44688100238e-07, 5.66695860016e-07, 1.2898145485e-07, 3.87580740835e-07, 1.78397939976e-07, 7.58833351711e-08, 1.20538174997e-07, 2.76252021258e-10, 1.19854674146e-13, 2.84608984619e-18],
        "dvar2": [3.4108896263e-11, 9.50094261043e-08, 5.18316710441e-07, 2.56750900007e-06, 1.70480543602e-05, 4.52977019449e-06, 8.94482764124e-06, 6.10838878856e-06, 4.53222082797e-06, 4.61199442725e-06, 5.32389958607e-06, 2.48890387411e-06, 2.53311350207e-06, 2.44712373387e-06, 1.14080899039e-06, 7.45182376249e-07, 1.31067724851e-06, 1.60140564276e-06, 1.20615959531e-06, 3.03929994061e-07, 7.59632541758e-07, 3.6702374473e-07, 1.68659042288e-07, 2.91219265591e-07, 6.49811426889e-10, 3.22982959822e-13, 8.23399404537e-18],
        "max": [0.000210672194953, 0.00655557122082, 0.013517008163, 0.0197907425463, 0.0392381921411, 0.0293701738119, 0.0362129807472, 0.0364467576146, 0.0276863966137, 0.0282560698688, 0.0303829200566, 0.0206188373268, 0.0237339548767, 0.0148356687278, 0.0134881688282, 0.0139820510522, 0.0155071681365, 0.024900758639, 0.0332079455256, 0.00718607474118, 0.0333625525236, 0.0159263834357, 0.0091915121302, 0.0114031275734, 0.000466139084892, 7.0994451562e-06, 4.53423751878e-08],
        "mean": [1.69420525253e-06, 0.000200927126571, 0.000457762769656, 0.000793398008682, 0.00260548479855, 0.0014138527913, 0.0017218622379, 0.00156285963021, 0.00111835577991, 0.00140448380262, 0.00133211549837, 0.00107320782263, 0.00093801371986, 0.00104637199547, 0.000750722305384, 0.000670464651193, 0.000816308427602, 0.000660074932966, 0.000678826821968, 0.000539761967957, 0.000510585843585, 0.000359539088095, 0.000192856430658, 0.000121115066577, 1.41630698636e-05, 9.30618782036e-08, 8.17443890355e-10],
        "median": [8.08355366644e-07, 6.35224059806e-05, 0.000215901993215, 0.000417425966589, 0.00148438906763, 0.000744788383599, 0.000792334845755, 0.000785074371379, 0.000475820852444, 0.000668312073685, 0.00065926235402, 0.000597676029429, 0.000471607723739, 0.000476926506963, 0.000404280581279, 0.000369875400793, 0.000412170193158, 0.000388583401218, 0.000436783593614, 0.000357468379661, 0.000309671158902, 0.000175764842425, 8.44677633722e-05, 3.50586888089e-05, 5.47874697077e-06, 3.12559933491e-08, 3.45348472042e-10],
        "min": [1.40018410312e-25, 1.90680164516e-24, 5.4444260893e-25, 2.72607920264e-25, 4.05257962965e-24, 2.98162068422e-24, 4.11555557901e-24, 5.48809427357e-24, 8.82849737774e-24, 7.06274899281e-24, 5.99911718468e-24, 1.03832822685e-23, 1.21911873802e-23, 2.23903163813e-23, 2.57048480032e-23, 3.11508991459e-23, 3.93533675533e-23, 5.18741236648e-23, 7.94268325845e-23, 1.27620440499e-22, 2.08938822695e-22, 2.8751410202e-22, 3.00743614945e-22, 5.03796159514e-22, 7.4902729177e-22, 1.23522117508e-21, 1.68873334625e-21],
        "var": [1.30947735294e-11, 1.30848007984e-07, 5.6961204109e-07, 1.45687283748e-06, 1.17856925499e-05, 4.47100592282e-06, 8.74205397849e-06, 5.68917766941e-06, 3.84071290682e-06, 4.58907334178e-06, 4.52252470495e-06, 2.30473824558e-06, 1.76226944859e-06, 2.00439058062e-06, 9.23855623114e-07, 7.23184882645e-07, 1.40268684845e-06, 9.27923110794e-07, 1.07032940377e-06, 3.67900582887e-07, 9.19918022646e-07, 4.41489532932e-07, 1.40831474482e-07, 1.29570082663e-07, 5.21367338191e-10, 8.96711429611e-14, 2.27411099622e-18]
    },
    "erbbands": {
        "dmean": [0.000994562520646, 0.0293826367706, 0.202175319195, 0.964022159576, 3.66880822182, 5.32303237915, 5.08472728729, 7.83865022659, 13.0034103394, 17.0621814728, 19.1665229797, 17.0191555023, 20.1311798096, 27.2101459503, 31.1703529358, 24.7776508331, 23.9306468964, 29.7932338715, 22.1949748993, 16.6938877106, 18.7395019531, 19.6299571991, 19.7698040009, 20.6370239258, 12.428396225, 11.2453203201, 10.0790882111, 8.66267967224, 7.12428236008, 5.05394268036, 2.70015239716, 1.97652947903, 1.2212471962, 0.140547856688, 0.0424015820026, 0.00365235772915, 0.000116031354992, 1.23983691083e-05, 4.79344998894e-06, 6.48189006824e-06],
        "dmean2": [0.00164605199825, 0.046075463295, 0.314248323441, 1.59041857719, 6.05020713806, 8.65744781494, 7.99871826172, 12.1505727768, 21.0198078156, 27.1232261658, 29.9764347076, 26.7257862091, 32.1900978088, 43.8896598816, 49.9437828064, 39.2191696167, 38.4639930725, 48.3089256287, 35.7313995361, 26.809211731, 29.8097686768, 30.6861133575, 31.1342773438, 32.785572052, 19.5328464508, 17.5387496948, 15.2814359665, 12.8199119568, 10.6930341721, 7.71942615509, 4.08071041107, 3.03790807724, 1.92979061604, 0.210252761841, 0.0696224570274, 0.00610296521336, 0.000186654157005, 1.8844681108e-05, 6.78494825479e-06, 9.21076480154e-06],
        "dvar": [4.2774549911e-06, 0.00324725965038, 0.138481423259, 3.20779871941, 59.944278717, 96.5503158569, 67.4439544678, 243.50793457, 544.061889648, 886.618896484, 1456.69042969, 1322.47424316, 1470.9810791, 2799.36914062, 2742.27319336, 2040.97045898, 2062.14379883, 2172.63867188, 1295.61560059, 689.431518555, 861.610961914, 1136.40039062, 2625.43188477, 2667.75976562, 448.872589111, 296.529022217, 536.59777832, 574.564941406, 277.931365967, 118.659568787, 53.3189086914, 67.1622695923, 23.3826465607, 0.106804125011, 0.016985213384, 0.000165048302733, 1.27762803004e-07, 1.24010146596e-09, 6.72069483398e-11, 5.6448474367e-11],
        "dvar2": [1.13631122076e-05, 0.00759349949658, 0.327926963568, 8.5333404541, 156.592834473, 253.750137329, 160.926635742, 545.561096191, 1350.66271973, 2070.20117188, 3223.27758789, 3160.38647461, 3641.87573242, 7284.13134766, 6522.00292969, 4897.36572266, 5393.68554688, 5770.23046875, 3319.65869141, 1717.62487793, 2098.46044922, 2600.26342773, 6557.77197266, 5560.96972656, 1150.25756836, 708.02923584, 1171.08862305, 1084.69714355, 556.471435547, 267.792724609, 112.73184967, 152.015716553, 59.8091125488, 0.241084158421, 0.0454018078744, 0.000441712676547, 3.29930855969e-07, 3.04166136722e-09, 1.47038783926e-10, 1.16109066806e-10],
        "max": [0.0836910456419, 1.7575917244, 9.05804157257, 34.4966583252, 162.342453003, 165.75112915, 154.634231567, 372.148712158, 398.900482178, 942.468383789, 870.312927246, 802.32421875, 1069.1439209, 1374.90661621, 1092.81286621, 849.054199219, 1282.95996094, 737.010498047, 718.721435547, 579.789489746, 887.339599609, 591.635192871, 1550.56115723, 2386.49804688, 484.386901855, 300.930847168, 978.62677002, 1413.53063965, 526.064880371, 266.680297852, 252.839828491, 368.13671875, 134.844619751, 8.65043067932, 2.32944822311, 0.280010253191, 0.00672642095014, 0.000874384422787, 0.000216149259359, 0.000121925266285],
        "mean": [0.00179886666592, 0.0621211417019, 0.415377140045, 1.66915667057, 5.51401996613, 9.1048002243, 9.23187637329, 13.8357381821, 22.8271484375, 28.9610404968, 31.9917087555, 28.6568260193, 35.4610176086, 49.8541145325, 55.3989257812, 45.3920135498, 44.7485351562, 56.5915870667, 43.8523292542, 34.7948379517, 40.0982780457, 40.6878395081, 38.6906280518, 41.3681106567, 27.360250473, 25.2967281342, 22.4080562592, 18.4819393158, 13.6136932373, 8.97327613831, 5.00910902023, 3.13121724129, 1.53455197811, 0.2771717906, 0.0583346113563, 0.00417999597266, 0.000169200953678, 2.44162129093e-05, 1.77195161086e-05, 2.83384561044e-05],
        "median": [0.000945741951, 0.0224595852196, 0.214851260185, 0.964148759842, 2.77824068069, 4.91263580322, 5.25019359589, 6.61476898193, 11.064956665, 16.4328098297, 15.5671043396, 13.5577831268, 17.1628227234, 23.3235931396, 30.438419342, 25.0476264954, 25.9477424622, 31.7777919769, 25.6506004333, 22.8609199524, 24.6446495056, 21.8110980988, 24.2670288086, 27.1485214233, 17.6833267212, 16.5512123108, 14.5756149292, 10.695608139, 6.59014987946, 4.03481578827, 2.21028327942, 1.02776813507, 0.433372557163, 0.111177220941, 0.0176961161196, 0.00118306372315, 6.89075095579e-05, 1.35440359372e-05, 1.67540583789e-05, 2.94733345072e-05],
        "min": [3.89651817237e-23, 2.97772095822e-22, 1.09576015958e-21, 2.72106393937e-21, 7.97216075643e-21, 9.34924118512e-21, 1.77961381819e-20, 4.24555651583e-20, 7.66548015159e-20, 1.12291564687e-19, 1.33277602117e-19, 2.60904345728e-19, 1.68374138799e-19, 3.75107356789e-19, 5.63774924352e-19, 6.07362431248e-19, 1.0220161816e-18, 1.39902121996e-18, 1.56631002025e-18, 2.57331214995e-18, 2.60322134654e-18, 3.50520927856e-18, 3.04684740804e-18, 4.09275608124e-18, 5.60420572551e-18, 6.4052176522e-18, 6.86022199662e-18, 8.94467205891e-18, 8.8125109309e-18, 1.00221790315e-17, 8.79910316035e-18, 9.23700844073e-18, 8.24180676625e-18, 7.06368898856e-18, 5.40288940316e-18, 3.78467803877e-18, 1.95920933408e-18, 8.46668419098e-19, 1.96299911376e-19, 2.5794654819e-20],
        "var": [8.75809928402e-06, 0.011737649329, 0.414166420698, 5.49024200439, 76.3637390137, 167.252410889, 144.788986206, 540.484558105, 1306.29711914, 1817.06433105, 2966.23535156, 2551.63378906, 3302.79858398, 6676.47607422, 6178.26611328, 4349.14257812, 3597.06567383, 4598.34179688, 2877.27050781, 1623.67651367, 2426.87231445, 3117.06738281, 3481.73242188, 4526.83642578, 1224.57763672, 839.833862305, 1147.45227051, 1437.51367188, 708.043457031, 228.987411499, 104.022186279, 89.0487213135, 21.2367839813, 0.207104429603, 0.0156798828393, 0.000134033383802, 1.20424644479e-07, 1.51218582101e-09, 1.75143399783e-10, 2.67721456115e-10]
    },
    "gfcc": {
        "mean": [-109.170684814, 89.8224639893, -167.296035767, 37.9267921448, -80.5783615112, 7.40027093887, -37.7190589905, -10.1393022537, -16.6963176727, -15.9341163635, -3.51761269569, -16.4321880341, -0.975162386894],
        "cov": [[121320.265625, 10432.4248047, -19285.7910156, 4665.56591797, -9429.90820312, 860.89050293, -4332.97851562, -1127.0645752, -2020.95056152, -1884.84472656, -456.792541504, -1946.5279541, -161.949142456], [10432.4248047, 1670.58483887, -1484.30358887, 323.894989014, -620.505981445, -54.0469779968, -359.862915039, -154.957504272, -217.226669312, -190.59777832, -23.8972873688, -209.629730225, -8.86059570312], [-19285.7910156, -1484.30358887, 3576.45800781, -600.39453125, 1517.00170898, -109.117591858, 654.445068359, 182.487594604, 275.44418335, 319.763641357, 46.2057762146, 322.691711426, -6.59908342361], [4665.56591797, 323.894989014, -600.39453125, 398.012969971, -339.922058105, 35.8699989319, -143.143539429, -28.8081417084, -69.0908966064, -68.8593673706, -42.0771064758, -66.0726394653, -11.7419452667], [-9429.90820312, -620.505981445, 1517.00170898, -339.922058105, 893.560180664, -73.0321502686, 360.748565674, 97.7398452759, 147.203735352, 140.294342041, 32.2111587524, 134.803390503, 15.1515636444], [860.89050293, -54.0469779968, -109.117591858, 35.8699989319, -73.0321502686, 172.643981934, 2.11071825027, 17.7822818756, -0.735282301903, 1.2947704792, -7.19321346283, -12.5895347595, -20.1508789062], [-4332.97851562, -359.862915039, 654.445068359, -143.143539429, 360.748565674, 2.11071825027, 298.502380371, 71.3106918335, 62.510974884, 65.2380371094, 21.2043933868, 46.3411407471, -3.7792570591], [-1127.0645752, -154.957504272, 182.487594604, -28.8081417084, 97.7398452759, 17.7822818756, 71.3106918335, 92.3726348877, 39.6897506714, 24.3875808716, 7.45255804062, 16.7463550568, -8.69927024841], [-2020.95056152, -217.226669312, 275.44418335, -69.0908966064, 147.203735352, -0.735282301903, 62.510974884, 39.6897506714, 123.232666016, 49.5199127197, 5.83491611481, 33.5116958618, 4.49544668198], [-1884.84472656, -190.59777832, 319.763641357, -68.8593673706, 140.294342041, 1.2947704792, 65.2380371094, 24.3875808716, 49.5199127197, 79.6184616089, 22.4354534149, 30.0194511414, -0.891640245914], [-456.792541504, -23.8972873688, 46.2057762146, -42.0771064758, 32.2111587524, -7.19321346283, 21.2043933868, 7.45255804062, 5.83491611481, 22.4354534149, 51.7706069946, 20.2488594055, 2.6208050251], [-1946.5279541, -209.629730225, 322.691711426, -66.0726394653, 134.803390503, -12.5895347595, 46.3411407471, 16.7463550568, 33.5116958618, 30.0194511414, 20.2488594055, 84.5043640137, 19.555809021], [-161.949142456, -8.86059570312, -6.59908342361, -11.7419452667, 15.1515636444, -20.1508789062, -3.7792570591, -8.69927024841, 4.49544668198, -0.891640245914, 2.6208050251, 19.555809021, 46.5657844543]],
        "icov": [[0.000880601350218, -0.00190757680684, 0.00207104394212, -0.00244951550849, 0.0027201063931, -0.00177531945519, 0.00171728327405, -0.0017187485937, 0.00198439438827, -0.00126824935433, 0.00101581506897, -0.000130800312036, 0.000322327978211], [-0.00190757680684, 0.00559863541275, -0.00431110523641, 0.00489982124418, -0.0063700247556, 0.00429432280362, -0.00287036923692, 0.00444071786478, -0.00359760341235, 0.00417382037267, -0.0037730790209, 0.00280652171932, -0.000955780444201], [0.00207104394212, -0.00431110523641, 0.00649045733735, -0.00570472283289, 0.00458833901212, -0.00375851243734, 0.00358219514601, -0.00382475205697, 0.00529154576361, -0.00536821829155, 0.0044067800045, -0.00321749178693, 0.00281013129279], [-0.00244951550849, 0.00489982124418, -0.00570472283289, 0.01099593658, -0.00627357047051, 0.0047410116531, -0.00483235763386, 0.00382108078338, -0.00505417678505, 0.00317074311897, -2.70042050943e-07, -0.000276364095043, -0.000543163623661], [0.0027201063931, -0.0063700247556, 0.00458833901212, -0.00627357047051, 0.0141376778483, -0.00471544731408, 0.00274961977266, -0.00601686118171, 0.00467812130228, -0.00371455051936, 0.00339723774232, -0.000304529006826, -0.000811282370705], [-0.00177531945519, 0.00429432280362, -0.00375851243734, 0.0047410116531, -0.00471544731408, 0.0106073720381, -0.00434810761362, 0.00238879024982, -0.00372512079775, 0.00108915311284, -0.000625532760751, -0.000417147850385, 0.00211445824243], [0.00171728327405, -0.00287036923692, 0.00358219514601, -0.00483235763386, 0.00274961977266, -0.00434810761362, 0.0115107810125, -0.00565549312159, 0.00462406128645, -0.00123908312526, -0.000900074664969, 0.00360218971036, -0.000115433154861], [-0.0017187485937, 0.00444071786478, -0.00382475205697, 0.00382108078338, -0.00601686118171, 0.00238879024982, -0.00565549312159, 0.0189093127847, -0.00702687166631, 0.0033612344414, -0.00383174302988, 0.00033468825859, 0.00217181863263], [0.00198439438827, -0.00359760341235, 0.00529154576361, -0.00505417678505, 0.00467812130228, -0.00372512079775, 0.00462406128645, -0.00702687166631, 0.0177718624473, -0.00897118635476, 0.00524358637631, -0.00168489979114, 0.00014570170606], [-0.00126824935433, 0.00417382037267, -0.00536821829155, 0.00317074311897, -0.00371455051936, 0.00108915311284, -0.00123908312526, 0.0033612344414, -0.00897118635476, 0.0302872154862, -0.0141064403579, 0.00686445971951, -0.00201334361918], [0.00101581506897, -0.0037730790209, 0.0044067800045, -2.70042050943e-07, 0.00339723774232, -0.000625532760751, -0.000900074664969, -0.00383174302988, 0.00524358637631, -0.0141064403579, 0.0315755866468, -0.0126128112897, 0.00401781825349], [-0.000130800312036, 0.00280652171932, -0.00321749178693, -0.000276364095043, -0.000304529006826, -0.000417147850385, 0.00360218971036, 0.00033468825859, -0.00168489979114, 0.00686445971951, -0.0126128112897, 0.0302330460399, -0.0118658086285], [0.000322327978211, -0.000955780444201, 0.00281013129279, -0.000543163623661, -0.000811282370705, 0.00211445824243, -0.000115433154861, 0.00217181863263, 0.00014570170606, -0.00201334361918, 0.00401781825349, -0.0118658086285, 0.0289551913738]]
    },
    "melbands": {
        "dmean": [1.78574555321e-05, 8.22410147521e-05, 0.0002377233468, 0.000314880046062, 0.000198716850718, 0.000169901250047, 0.000207487144507, 0.000190465478227, 0.000154337001732, 0.000106545747258, 0.000101910394733, 0.000112095702207, 0.000104900245788, 7.19081290299e-05, 5.70911943214e-05, 5.63618486922e-05, 6.2636579969e-05, 3.84214035876e-05, 2.96942725981e-05, 2.65201833827e-05, 2.3665066692e-05, 2.36832474911e-05, 2.12819722947e-05, 1.73145544977e-05, 1.93132364075e-05, 9.70057408267e-06, 8.65202309797e-06, 8.02977410785e-06, 6.79526647218e-06, 7.3577166404e-06, 4.94786809213e-06, 4.65160883323e-06, 3.23106769429e-06, 2.83269059764e-06, 1.72296881829e-06, 1.15614318474e-06, 1.41948623877e-06, 1.19805281429e-06, 2.29873037938e-07, 7.91042822357e-08],
        "dmean2": [2.89167110168e-05, 0.000126378348796, 0.000385833060136, 0.000517307023983, 0.000313027994707, 0.000262717047008, 0.000334732292686, 0.000300202489598, 0.000241811110754, 0.00016792184033, 0.000162978554727, 0.000181019233423, 0.000167427278939, 0.000114614820632, 9.17238212423e-05, 9.01243765838e-05, 0.000102340432932, 6.20815262664e-05, 4.80729941046e-05, 4.30977997894e-05, 3.77246360586e-05, 3.75782510673e-05, 3.34105861839e-05, 2.76744012808e-05, 3.0963543395e-05, 1.54044209921e-05, 1.37476508826e-05, 1.27197818074e-05, 1.06092084025e-05, 1.11968502097e-05, 7.52473579269e-06, 7.12617202225e-06, 4.9293248594e-06, 4.45721298092e-06, 2.6583854833e-06, 1.75835623395e-06, 2.25169583246e-06, 1.92836182578e-06, 3.54969898808e-07, 1.20578448559e-07],
        "dvar": [1.33642341638e-09, 2.23229186247e-08, 2.08953835568e-07, 3.49203872929e-07, 1.07059953791e-07, 1.04576741933e-07, 1.36126288908e-07, 1.03818543096e-07, 9.6510852643e-08, 5.18531990679e-08, 3.74931552471e-08, 4.649931995e-08, 3.35189334066e-08, 1.23500356608e-08, 1.0537561046e-08, 1.03272901342e-08, 1.05147490714e-08, 3.99481203672e-09, 2.39416730885e-09, 1.69948133344e-09, 1.64261670932e-09, 2.02936556448e-09, 1.58975699271e-09, 2.17159423777e-09, 2.85742096651e-09, 2.92977281324e-10, 1.75074191255e-10, 1.60942550953e-10, 2.08510972377e-10, 3.62250507369e-10, 1.90344837114e-10, 1.20142271132e-10, 5.69200658829e-11, 4.05710395834e-11, 1.96738875191e-11, 2.3139138175e-11, 3.6791587138e-11, 2.4704306309e-11, 4.02292023478e-13, 2.94641528786e-14],
        "dvar2": [3.35986638511e-09, 5.05883832602e-08, 5.49578544451e-07, 9.08665469979e-07, 2.55460918197e-07, 2.38357628746e-07, 3.38751107165e-07, 2.36772009998e-07, 2.16353370774e-07, 1.2313161335e-07, 9.24626917254e-08, 1.20880415011e-07, 7.77077460157e-08, 2.91097759231e-08, 2.63874149198e-08, 2.56336534221e-08, 2.79825176364e-08, 1.01206341085e-08, 5.78407277629e-09, 4.30377466998e-09, 3.94466415088e-09, 4.74915795579e-09, 3.7687093446e-09, 5.50413759015e-09, 5.93301807683e-09, 7.32009508564e-10, 4.2832862257e-10, 3.88157395115e-10, 4.90875784465e-10, 7.15964287856e-10, 3.83162751527e-10, 2.54241350195e-10, 1.28114463482e-10, 9.72452604553e-11, 4.25620719224e-11, 5.35367479515e-11, 8.7796721282e-11, 6.40211217373e-11, 9.82937906416e-13, 6.51797951549e-14],
        "max": [0.00133705546614, 0.00407953932881, 0.0100370114669, 0.00886895786971, 0.0054569686763, 0.00723319500685, 0.00635728007182, 0.0100765172392, 0.00659059453756, 0.00513018853962, 0.00536391697824, 0.00543081667274, 0.00329620321281, 0.00194271816872, 0.00241563026793, 0.00203199428506, 0.00168042525183, 0.00158332206775, 0.00148916069884, 0.000640071404632, 0.00110533495899, 0.00083286332665, 0.000797663873527, 0.00175312068313, 0.0025174007751, 0.000379010074539, 0.000245719536906, 0.000229995741392, 0.000539020460565, 0.00118116242811, 0.00060810794821, 0.000384217506507, 0.000253909121966, 0.000168683749507, 0.000159204821102, 0.000255154649494, 0.000236866559135, 0.000132829271024, 1.64087596204e-05, 5.50484901396e-06],
        "mean": [3.48136600223e-05, 0.000177282650839, 0.000404991529649, 0.000531063589733, 0.000365938292816, 0.000298756611301, 0.000361421756679, 0.000321448780596, 0.000252647936577, 0.000173498294316, 0.000173920285306, 0.000196996668819, 0.000180035101948, 0.000129942753119, 9.75773800747e-05, 9.95804075501e-05, 0.000109982014692, 7.15317801223e-05, 5.32475532964e-05, 4.9458558351e-05, 4.67850768473e-05, 4.45155819762e-05, 3.84289196518e-05, 3.12376614602e-05, 3.52758652298e-05, 1.91102117242e-05, 1.77822093974e-05, 1.66363115568e-05, 1.36342323458e-05, 1.43163497341e-05, 9.43032227951e-06, 8.44318310556e-06, 5.51733410248e-06, 4.63528203909e-06, 3.00573765344e-06, 2.08731694329e-06, 1.92471384253e-06, 1.36551341257e-06, 3.9325226453e-07, 1.64652476542e-07],
        "median": [1.32337963805e-05, 8.9147943072e-05, 0.000228627817705, 0.000300169107504, 0.000208934594411, 0.00014722297783, 0.000171816936927, 0.000182227464393, 0.000115425311378, 7.46881269151e-05, 7.90031335782e-05, 8.54042737046e-05, 9.57520824159e-05, 7.66322918935e-05, 5.19791137776e-05, 4.91383252665e-05, 5.41491172044e-05, 3.80399433197e-05, 2.98124796245e-05, 2.79382802546e-05, 2.5918117899e-05, 2.0417613996e-05, 1.94436361198e-05, 1.77981200977e-05, 2.07064094866e-05, 1.11736344479e-05, 1.1007543435e-05, 1.02733993117e-05, 8.11942300061e-06, 8.22143829282e-06, 4.95579706694e-06, 3.91324419979e-06, 2.41976658799e-06, 1.96067367142e-06, 1.3201766933e-06, 8.10356937109e-07, 5.44554723092e-07, 3.41832645745e-07, 1.59719363069e-07, 6.26416891691e-08],
        "min": [7.08534699813e-25, 6.56988753328e-25, 5.75384593254e-25, 7.33260361595e-25, 4.58607935732e-25, 1.06030301233e-24, 1.2946053508e-24, 1.32510626327e-24, 8.80735294725e-25, 1.43532097857e-24, 6.56028512392e-25, 1.04801384132e-24, 1.200781686e-24, 1.77357980156e-24, 1.76959408184e-24, 1.49132546828e-24, 2.16954439142e-24, 1.796990235e-24, 2.17031925004e-24, 2.86383132651e-24, 2.70166952896e-24, 2.34771730433e-24, 2.43967876436e-24, 2.38155785944e-24, 2.202764113e-24, 3.32581036071e-24, 3.19034302455e-24, 3.77554627366e-24, 4.03452023695e-24, 3.65708776469e-24, 4.25222691413e-24, 4.42718245784e-24, 4.40402465711e-24, 4.68358552343e-24, 4.26755290379e-24, 4.69458776648e-24, 5.21587060252e-24, 4.08998346947e-24, 5.06615742449e-24, 4.95115688729e-24],
        "var": [3.80713816028e-09, 7.78675968149e-08, 3.28619393031e-07, 5.29662600002e-07, 2.35212624489e-07, 2.33321785004e-07, 3.37384648219e-07, 2.09097507309e-07, 2.0006937973e-07, 1.00799738334e-07, 8.44324503646e-08, 1.12071838032e-07, 7.16062444894e-08, 2.82789685002e-08, 2.0828087699e-08, 1.94276843501e-08, 2.12675992373e-08, 8.87911877356e-09, 4.81621897919e-09, 3.81009845896e-09, 4.25555279904e-09, 4.78905937129e-09, 3.33441851907e-09, 2.58537991016e-09, 4.43632686142e-09, 7.37534311401e-10, 4.53731580086e-10, 4.06382538731e-10, 3.99205335455e-10, 7.94000420967e-10, 4.43462933042e-10, 2.84610945922e-10, 1.10353101657e-10, 6.50023507243e-11, 3.62032973045e-11, 3.57473599333e-11, 4.03734545795e-11, 2.10600946404e-11, 5.44866452304e-13, 7.50975209752e-14]
    },
    "mfcc": {
        "mean": [-654.133361816, 90.1592407227, -29.7009658813, 12.004283905, -17.5523471832, 2.10162258148, -11.7441310883, -2.29743790627, -10.764708519, -3.91196227074, -8.14498901367, -1.58282327652, -6.95926380157],
        "cov": [[28240.171875, 4632.93603516, -1552.05578613, 847.909606934, -1047.39611816, 120.071769714, -580.458618164, -55.1159133911, -568.665039062, -197.098312378, -421.065917969, -99.2999572754, -422.417419434], [4632.93603516, 1772.03808594, -280.995819092, 204.623840332, -74.5593032837, -1.37240159512, -59.0255661011, -71.3994827271, -140.718032837, -72.0120315552, -86.1638336182, -53.613155365, -75.6263275146], [-1552.05578613, -280.995819092, 506.39239502, 45.0976676941, 101.934898376, 46.6106491089, 25.6544876099, 9.47325229645, 23.3060722351, -1.90950059891, 26.6908016205, 7.66546964645, 39.3651428223], [847.909606934, 204.623840332, 45.0976676941, 272.838775635, 11.5677223206, -4.51701021194, 5.05122375488, -6.51995134354, 9.38739204407, -31.7933082581, -21.5177230835, 1.16455125809, -4.08556222916], [-1047.39611816, -74.5593032837, 101.934898376, 11.5677223206, 176.718093872, 12.6332044601, 3.02967953682, 2.96574735641, 29.8599491119, 6.905813694, 11.5513381958, 4.50424289703, 25.0126075745], [120.071769714, -1.37240159512, 46.6106491089, -4.51701021194, 12.6332044601, 110.800430298, 25.0730133057, 16.9221820831, 12.2963924408, 17.2648620605, 12.0093278885, -2.07267689705, -12.7519493103], [-580.458618164, -59.0255661011, 25.6544876099, 5.05122375488, 3.02967953682, 25.0730133057, 155.707824707, 33.580039978, 14.7778453827, 25.100030899, 27.6111087799, -9.8592748642, 12.2346143723], [-55.1159133911, -71.3994827271, 9.47325229645, -6.51995134354, 2.96574735641, 16.9221820831, 33.580039978, 80.6569137573, 27.7200069427, 17.0715446472, 19.7269592285, 7.1352686882, 2.58025097847], [-568.665039062, -140.718032837, 23.3060722351, 9.38739204407, 29.8599491119, 12.2963924408, 14.7778453827, 27.7200069427, 80.0457077026, 30.7156963348, 18.4948387146, 9.64007282257, 5.86120128632], [-197.098312378, -72.0120315552, -1.90950059891, -31.7933082581, 6.905813694, 17.2648620605, 25.100030899, 17.0715446472, 30.7156963348, 87.0235443115, 33.6111869812, -0.626121640205, -3.75977373123], [-421.065917969, -86.1638336182, 26.6908016205, -21.5177230835, 11.5513381958, 12.0093278885, 27.6111087799, 19.7269592285, 18.4948387146, 33.6111869812, 68.8235321045, 17.09217453, 2.84906291962], [-99.2999572754, -53.613155365, 7.66546964645, 1.16455125809, 4.50424289703, -2.07267689705, -9.8592748642, 7.1352686882, 9.64007282257, -0.626121640205, 17.09217453, 56.8148002625, 18.6941738129], [-422.417419434, -75.6263275146, 39.3651428223, -4.08556222916, 25.0126075745, -12.7519493103, 12.2346143723, 2.58025097847, 5.86120128632, -3.75977373123, 2.84906291962, 18.6941738129, 64.6636962891]],
