{
"lowlevel": {
    "average_loudness": 0.497702687979,
    "barkbands_crest": {
        "dmean": 2.33278417587,
        "dmean2": 3.78794741631,
        "dvar": 4.63798570633,
        "dvar2": 11.0880680084,
        "max": 26.3227233887,
        "mean": 8.32466602325,
        "median": 7.32272195816,
        "min": 1.89744234085,
        "var": 14.3958301544
    },
    "barkbands_flatness_db": {
        "dmean": 0.0162333585322,
        "dmean2": 0.0247887503356,
        "dvar": 0.000248679716606,
        "dvar2": 0.000494724314194,
        "max": 0.335499733686,
        "mean": 0.169090211391,
        "median": 0.168723553419,
        "min": 0.0377908684313,
        "var": 0.0016151444288
    },
    "barkbands_kurtosis": {
        "dmean": 1.04181373119,
        "dmean2": 1.64241659641,
        "dvar": 3.65024733543,
        "dvar2": 8.01776313782,
        "max": 46.3420257568,
        "mean": 0.475436449051,
        "median": -0.30788898468,
        "min": -1.86213719845,
        "var": 7.37222337723
    },
    "barkbands_skewness": {
        "dmean": 0.413900196552,
        "dmean2": 0.627784788609,
        "dvar": 0.163200899959,
        "dvar2": 0.340769976377,
        "max": 6.85583257675,
        "mean": 0.383442312479,
        "median": 0.348983645439,
        "min": -3.14444947243,
        "var": 0.74329572916
    },
    "barkbands_spread": {
        "dmean": 3.34490084648,
        "dmean2": 5.18059158325,
        "dvar": 11.3022165298,
        "dvar2": 24.9171676636,
        "max": 99.8598861694,
        "mean": 17.0854854584,
        "median": 15.9881429672,
        "min": 1.80237400532,
        "var": 79.1167297363
    },
    "dissonance": {
        "dmean": 0.0186548307538,
        "dmean2": 0.0313200950623,
        "dvar": 0.000339562393492,
        "dvar2": 0.000926713284571,
        "max": 0.500000059605,
        "mean": 0.467890322208,
        "median": 0.474632441998,
        "min": 0.308572113514,
        "var": 0.000682859681547
    },
    "dynamic_complexity": 4.51779079437,
    "erbbands_crest": {
        "dmean": 2.96271800995,
        "dmean2": 4.82048511505,
        "dvar": 7.94577455521,
        "dvar2": 19.2166919708,
        "max": 31.0864658356,
        "mean": 10.0405454636,
        "median": 8.96096611023,
        "min": 2.05418324471,
        "var": 22.2172756195
    },
    "erbbands_flatness_db": {
        "dmean": 0.016825562343,
        "dmean2": 0.0249340124428,
        "dvar": 0.000284888432361,
        "dvar2": 0.000518524844665,
        "max": 0.398858100176,
        "mean": 0.249198690057,
        "median": 0.253790974617,
        "min": 0.0832752361894,
        "var": 0.00256676971912
    },
    "erbbands_kurtosis": {
        "dmean": 0.959549665451,
        "dmean2": 1.50083839893,
        "dvar": 1.68264532089,
        "dvar2": 3.8883869648,
        "max": 25.9574642181,
        "mean": 0.562545120716,
        "median": 0.0199663639069,
        "min": -1.72566068172,
        "var": 4.27251672745
    },
    "erbbands_skewness": {
        "dmean": 0.383327931166,
        "dmean2": 0.577142298222,
        "dvar": 0.128594830632,
        "dvar2": 0.280380755663,
        "max": 3.67107629776,
        "mean": -0.0812508240342,
        "median": -0.131984621286,
        "min": -4.4035987854,
        "var": 0.648174285889
    },
    "erbbands_spread": {
        "dmean": 4.46724271774,
        "dmean2": 6.8571062088,
        "dvar": 21.1453361511,
        "dvar2": 47.8148880005,
        "max": 78.6743774414,
        "mean": 21.3379440308,
        "median": 19.4858379364,
        "min": 3.56925630569,
        "var": 106.789550781
    },
    "hfc": {
        "dmean": 4.46450567245,
        "dmean2": 6.09186172485,
        "dvar": 35.3136253357,
        "dvar2": 58.484703064,
        "max": 194.542648315,
        "mean": 16.4892711639,
        "median": 10.6281681061,
        "min": 1.10607004855e-16,
        "var": 304.790374756
    },
    "melbands_crest": {
        "dmean": 2.91291856766,
        "dmean2": 4.71951723099,
        "dvar": 7.3225030899,
        "dvar2": 17.5409164429,
        "max": 39.4024085999,
        "mean": 10.663479805,
        "median": 9.47502422333,
        "min": 1.00048649311,
        "var": 24.3582668304
    },
    "melbands_flatness_db": {
        "dmean": 0.0172029621899,
        "dmean2": 0.0261165201664,
        "dvar": 0.000281469023321,
        "dvar2": 0.000587991322391,
        "max": 0.343411982059,
        "mean": 0.190357357264,
        "median": 0.191031336784,
        "min": 4.31432951586e-08,
        "var": 0.00211881729774
    },
    "melbands_kurtosis": {
        "dmean": 1.7516695261,
        "dmean2": 2.73564076424,
        "dvar": 12.8291721344,
        "dvar2": 29.0613384247,
        "max": 102.183853149,
        "mean": 1.91210496426,
        "median": 0.523970365524,
        "min": -1.81959581375,
        "var": 24.0198097229
    },
    "melbands_skewness": {
        "dmean": 0.450884103775,
        "dmean2": 0.685262680054,
        "dvar": 0.212083891034,
        "dvar2": 0.448711723089,
        "max": 9.86691570282,
        "mean": 0.956813335419,
        "median": 0.85515588522,
        "min": -1.73914217949,
        "var": 0.833458006382
    },
    "melbands_spread": {
        "dmean": 6.45464944839,
        "dmean2": 10.0131378174,
        "dvar": 42.0361289978,
        "dvar2": 97.8101806641,
        "max": 173.367172241,
        "mean": 29.9857406616,
        "median": 27.7238254547,
        "min": 2.50026011467,
        "var": 322.879394531
    },
    "pitch_salience": {
        "dmean": 0.0646000728011,
        "dmean2": 0.103759936988,
        "dvar": 0.00315850973129,
        "dvar2": 0.00794051960111,
        "max": 0.997746407986,
        "mean": 0.612159132957,
        "median": 0.617136895657,
        "min": 0.027136489749,
        "var": 0.0100465286523
    },
    "silence_rate_20dB": {
        "dmean": 0,
        "dmean2": 0,
        "dvar": 0,
        "dvar2": 0,
        "max": 1,
        "mean": 1,
        "median": 1,
        "min": 1,
        "var": 0
    },
    "silence_rate_30dB": {
        "dmean": 0,
        "dmean2": 0,
        "dvar": 0,
        "dvar2": 0,
        "max": 1,
        "mean": 1,
        "median": 1,
        "min": 1,
        "var": 0
    },
    "silence_rate_60dB": {
        "dmean": 0.069960527122,
        "dmean2": 0.139940097928,
        "dvar": 0.0650600939989,
        "dvar2": 0.139419943094,
        "max": 1,
        "mean": 0.19256940484,
        "median": 0,
        "min": 0,
        "var": 0.155499592423
    },
    "spectral_centroid": {
        "dmean": 209.365936279,
        "dmean2": 323.452362061,
        "dvar": 73991.1171875,
        "dvar2": 155083.1875,
        "max": 11701.0771484,
        "mean": 1613.25024414,
        "median": 1457.48828125,
        "min": 307.769561768,
        "var": 1342620.125
    },
    "spectral_complexity": {
        "dmean": 3.13924050331,
        "dmean2": 4.70596265793,
        "dvar": 10.5917778015,
        "dvar2": 20.6117630005,
        "max": 51,
        "mean": 17.6616764069,
        "median": 17,
        "min": 0,
        "var": 93.8480758667
    },
    "spectral_decrease": {
        "dmean": 1.0193867972e-09,
        "dmean2": 1.39383227182e-09,
        "dvar": 1.95329623347e-18,
        "dvar2": 3.27864409519e-18,
        "max": 2.15163810051e-28,
        "mean": -3.5667810927e-09,
        "median": -2.25576046731e-09,
        "min": -2.57821959337e-08,
        "var": 1.27160118103e-17
    },
    "spectral_energy": {
        "dmean": 0.00421190308407,
        "dmean2": 0.00574199669063,
        "dvar": 3.26451663568e-05,
        "dvar2": 5.42044690519e-05,
        "max": 0.105426572263,
        "mean": 0.0149574652314,
        "median": 0.00948378629982,
        "min": 1.0105781058e-20,
        "var": 0.000221644353587
    },
    "spectral_energyband_high": {
        "dmean": 4.60274932266e-05,
        "dmean2": 7.05934799043e-05,
        "dvar": 6.54012044521e-09,
        "dvar2": 1.59644866216e-08,
        "max": 0.00159108953085,
        "mean": 0.000102133904875,
        "median": 4.90518505103e-05,
        "min": 6.9763879719e-21,
        "var": 2.01338554717e-08
    },
    "spectral_energyband_low": {
        "dmean": 0.000260147120571,
        "dmean2": 0.000421416363679,
        "dvar": 1.78688239316e-07,
        "dvar2": 4.47775136081e-07,
        "max": 0.00485849753022,
        "mean": 0.000388413260225,
        "median": 0.000225139752729,
        "min": 1.57475222245e-23,
        "var": 2.39908303001e-07
    },
    "spectral_energyband_middle_high": {
        "dmean": 0.00237585441209,
        "dmean2": 0.00331229995936,
        "dvar": 1.20841723401e-05,
        "dvar2": 2.13036528294e-05,
        "max": 0.0756408944726,
        "mean": 0.0077487337403,
        "median": 0.00450623594224,
        "min": 1.11757502875e-21,
        "var": 8.30650606076e-05
    },
    "spectral_energyband_middle_low": {
        "dmean": 0.00292341643944,
        "dmean2": 0.00425302097574,
        "dvar": 2.24812065426e-05,
        "dvar2": 4.21443983214e-05,
        "max": 0.0823693573475,
        "mean": 0.00744706997648,
        "median": 0.00373352714814,
        "min": 1.38405961365e-22,
        "var": 9.16741410038e-05
    },
    "spectral_entropy": {
        "dmean": 0.117037884891,
        "dmean2": 0.172163918614,
        "dvar": 0.0132090384141,
        "dvar2": 0.0260906536132,
        "max": 9.81986713409,
        "mean": 7.35653591156,
        "median": 7.32297182083,
        "min": 6.19113636017,
        "var": 0.168571934104
    },
    "spectral_flux": {
        "dmean": 0.0170056447387,
        "dmean2": 0.0266262982041,
        "dvar": 0.000379808159778,
        "dvar2": 0.00085585063789,
        "max": 0.253815561533,
        "mean": 0.062601774931,
        "median": 0.0559219494462,
        "min": 6.328530755e-11,
        "var": 0.00141122622881
    },
    "spectral_kurtosis": {
        "dmean": 3.99826025963,
        "dmean2": 7.02114582062,
        "dvar": 13.5146913528,
        "dvar2": 41.503364563,
        "max": 43.1468238831,
        "mean": 7.43485784531,
        "median": 6.51591062546,
        "min": -1.27278375626,
        "var": 23.7776908875
    },
    "spectral_rms": {
        "dmean": 0.000528528704308,
        "dmean2": 0.000705294427462,
        "dvar": 3.63049423413e-07,
        "dvar2": 5.33303079919e-07,
        "max": 0.0101417545229,
        "mean": 0.00334350857884,
        "median": 0.00304178800434,
        "min": 3.13995205704e-12,
        "var": 3.41357349498e-06
    },
    "spectral_rolloff": {
        "dmean": 304.316680908,
        "dmean2": 508.847320557,
        "dvar": 178325.46875,
        "dvar2": 369705.65625,
        "max": 19487.5488281,
        "mean": 2092.66113281,
        "median": 1830.32226562,
        "min": 21.533203125,
        "var": 4347073.5
    },
    "spectral_skewness": {
        "dmean": 0.383292675018,
        "dmean2": 0.653096139431,
        "dvar": 0.110406681895,
        "dvar2": 0.323643505573,
        "max": 3.98516535759,
        "mean": 1.50868213177,
        "median": 1.47942280769,
        "min": -0.103157088161,
        "var": 0.306347846985
    },
    "spectral_spread": {
        "dmean": 251771.109375,
        "dmean2": 397275.6875,
        "dvar": 742443581440,
        "dvar2": 1.5064867799e+12,
        "max": 53338404,
        "mean": 2910825.75,
        "median": 2244880.5,
        "min": 1023532.4375,
        "var": 1.9108131242e+13
    },
    "spectral_strongpeak": {
        "dmean": 0.850243151188,
        "dmean2": 1.38113689423,
        "dvar": 1.29132509232,
        "dvar2": 3.03774046898,
        "max": 18.7377567291,
        "mean": 1.65997695923,
        "median": 1.04842400551,
        "min": 0,
        "var": 3.15190863609
    },
    "zerocrossingrate": {
        "dmean": 0.00603024335578,
        "dmean2": 0.00751644698903,
        "dvar": 7.75262742536e-05,
        "dvar2": 0.000100584373286,
        "max": 0.859375,
        "mean": 0.0678366050124,
        "median": 0.0595703125,
        "min": 0.0009765625,
        "var": 0.00328452955
    },
    "barkbands": {
        "dmean": [1.05954813989e-06, 8.78061837284e-05, 0.00012805305596, 0.000288205832476, 0.000627919449471, 0.000482051138533, 0.000512842729222, 0.00103716482408, 0.00102216226514, 0.000944047467783, 0.000429980427725, 0.000461209798232, 0.000459496193798, 0.000544369220734, 0.000589104834944, 0.000361129204975, 0.000367672299035, 0.000240794252022, 0.000115700582683, 5.33456914127e-05, 2.24232371693e-05, 6.38189885649e-06, 1.22790004298e-06, 2.35541889992e-07, 1.10390651287e-07, 4.78584905039e-09, 1.51853718489e-09],
        "dmean2": [1.82310088803e-06, 0.000144717691001, 0.000218092769501, 0.000491635699291, 0.00105145538691, 0.000749873055611, 0.000783657480497, 0.00154489697888, 0.00156774499919, 0.00137642177287, 0.000667889427859, 0.00072899251245, 0.00071530090645, 0.000851827440783, 0.000933288189117, 0.00056297739502, 0.000576052349061, 0.000381318503059, 0.000186114455573, 8.65459660417e-05, 3.55480260623e-05, 9.96824837785e-06, 1.90483569895e-06, 3.5374588947e-07, 1.56238286309e-07, 7.18758119689e-09, 2.54341592232e-09],
        "dvar": [8.43283689406e-12, 4.03862330245e-08, 5.42484670518e-08, 5.53422410121e-07, 1.60265619797e-06, 8.38417918203e-07, 1.53634061917e-06, 6.02673389949e-06, 6.35128890281e-06, 6.75315686749e-06, 1.27545422401e-06, 1.3053731891e-06, 1.04920104604e-06, 1.38465850341e-06, 1.46767513343e-06, 6.72421663239e-07, 7.01262592884e-07, 5.4275921002e-07, 5.43341620585e-08, 9.86005588288e-09, 1.79721959537e-09, 2.06532888014e-10, 1.05913906118e-11, 6.43676193075e-14, 1.26706032277e-14, 4.53843396425e-17, 3.49923124427e-18],
        "dvar2": [2.43215447782e-11, 9.80398269235e-08, 1.42957730986e-07, 1.55440170602e-06, 4.35678748545e-06, 1.94154654309e-06, 3.24815641761e-06, 1.16767932923e-05, 1.3659860997e-05, 1.06797451735e-05, 2.85597911898e-06, 3.0751682516e-06, 2.27736768466e-06, 3.01531122204e-06, 3.38995982929e-06, 1.54552901677e-06, 1.55279667524e-06, 1.19524497677e-06, 1.36338044854e-07, 2.55494185808e-08, 4.4552517231e-09, 5.06130748423e-10, 2.72477838903e-11, 1.55084888616e-13, 2.79760006936e-14, 8.18829727961e-17, 9.76872427438e-18],
        "max": [8.11319187051e-05, 0.00179648352787, 0.0027008948382, 0.0146050220355, 0.0224649496377, 0.0219763852656, 0.0320268720388, 0.0546527393162, 0.0566535145044, 0.083872102201, 0.0327417887747, 0.0347190201283, 0.0282445028424, 0.0269494354725, 0.0237548388541, 0.0235635768622, 0.02966032736, 0.0478880181909, 0.00576341710985, 0.00198082113639, 0.000808174663689, 0.000441239448264, 0.000122822486446, 6.8828790063e-06, 1.62815967997e-06, 2.07655958206e-07, 2.78780944996e-08],
        "mean": [1.21855305224e-06, 8.10186902527e-05, 0.000150737861986, 0.000418028881541, 0.00101776176598, 0.000827941228636, 0.000809405057225, 0.00177695136517, 0.00164171657525, 0.00183294271119, 0.000713948043995, 0.000743794196751, 0.000776659348048, 0.000934351119213, 0.00105484190863, 0.000642843195237, 0.00070508470526, 0.000452865933767, 0.00021563548944, 0.000100621778984, 4.18748786615e-05, 1.30900425575e-05, 2.80010021925e-06, 8.8104036422e-07, 4.57246613905e-07, 1.77970882476e-08, 2.17088991228e-09],
        "median": [5.93648451286e-07, 2.2640095267e-05, 6.79367221892e-05, 0.000189940605196, 0.000524959352333, 0.000290456518997, 0.000267151044682, 0.000365995045286, 0.000342764455127, 0.000424365105573, 0.000186837103684, 0.00021804824064, 0.000272641074844, 0.000344143423717, 0.000372652779333, 0.000219517678488, 0.000232205842622, 0.000134083966259, 7.532654854e-05, 3.96073810407e-05, 1.81918130693e-05, 5.24114921063e-06, 1.63446088663e-06, 8.40266920932e-07, 4.23492679147e-07, 1.5345650084e-08, 1.44010015024e-09],
        "min": [7.11237608445e-26, 2.0497499465e-24, 4.74181529115e-25, 3.02191412153e-25, 6.69882852457e-24, 5.32169865954e-24, 5.60627747009e-24, 4.95311286791e-24, 1.41827440438e-23, 1.17980948357e-23, 1.59776045516e-23, 1.82424762753e-23, 2.26293412355e-23, 4.86814615864e-23, 6.23021453907e-23, 5.51281748988e-23, 6.19128393785e-23, 1.02158446481e-22, 1.2844974157e-22, 1.83690868728e-22, 2.23213355438e-22, 2.97087541261e-22, 4.01661492456e-22, 6.34427082554e-22, 8.41274540325e-22, 1.33863551336e-21, 1.9452119437e-21],
        "var": [7.54195924463e-12, 3.59494940483e-08, 5.66930467016e-08, 5.84695101224e-07, 2.76001924249e-06, 2.08565779758e-06, 2.79689606941e-06, 1.8469439965e-05, 1.72066247615e-05, 2.59152147919e-05, 3.03161550619e-06, 2.45188721237e-06, 2.39631981458e-06, 3.0124267596e-06, 3.59678006134e-06, 1.52183622504e-06, 2.65997778115e-06, 2.41871020989e-06, 1.57234211429e-07, 2.67756217198e-08, 4.16341716658e-09, 5.27653865046e-10, 1.96581743939e-11, 2.34098249683e-13, 6.84836234488e-14, 1.38013060266e-16, 5.48710879723e-18]
    },
    "erbbands": {
        "dmean": [0.000856257684063, 0.0255466978997, 0.127027511597, 0.504984080791, 1.84501075745, 2.14689803123, 2.73588109016, 4.41092967987, 6.50388622284, 14.3023748398, 21.612531662, 24.2377052307, 29.8262500763, 17.5416622162, 19.1577587128, 18.6096401215, 21.7898826599, 25.440580368, 26.7268619537, 27.1663627625, 17.5519256592, 15.6952123642, 14.0277013779, 7.50195217133, 4.41208696365, 2.67903256416, 1.24272048473, 0.631712198257, 0.245320796967, 0.0859632268548, 0.0281670875847, 0.00708923954517, 0.00309444940649, 0.00161178666167, 0.000618273683358, 6.17321202299e-05, 8.90010323928e-06, 3.18420779877e-06, 2.36659911934e-06, 5.06111018694e-06],
        "dmean2": [0.00141473615076, 0.0416546836495, 0.213316306472, 0.867637693882, 3.14984607697, 3.56611704826, 4.45092916489, 6.88861465454, 9.70458316803, 21.4995975494, 31.9115428925, 36.891658783, 43.4617233276, 25.9869632721, 29.1401062012, 29.0901412964, 33.7904052734, 39.9087600708, 41.6981315613, 42.986946106, 26.6573200226, 24.0105381012, 21.6192512512, 12.1984672546, 7.0376906395, 4.33433389664, 1.95035874844, 0.996433496475, 0.378887236118, 0.128984168172, 0.042769048363, 0.010798048228, 0.00452162092552, 0.00224383478053, 0.000908181478735, 9.91591150523e-05, 1.26681425172e-05, 4.90359707328e-06, 3.18137654176e-06, 6.87432793711e-06],
        "dvar": [2.65909920927e-06, 0.00336544960737, 0.0597125552595, 1.2236353159, 24.4035892487, 17.6977405548, 30.8814849854, 84.9534301758, 242.736206055, 1342.42626953, 2433.74194336, 4232.86474609, 7731.83837891, 1331.68029785, 2966.81079102, 2134.46166992, 2425.82714844, 2873.64453125, 3245.94213867, 3458.50952148, 1496.26977539, 1217.31945801, 1596.65234375, 270.134643555, 64.4175338745, 27.3751125336, 4.8230137825, 1.79508757591, 0.284088790417, 0.0756016299129, 0.00434863008559, 0.000120044729556, 1.03176753328e-05, 3.04309537569e-06, 4.05858344266e-07, 3.21255333446e-09, 1.55534002344e-10, 1.44643012845e-11, 9.68878189483e-12, 4.58936673386e-11],
        "dvar2": [6.34570506008e-06, 0.00810849387199, 0.150615170598, 3.50266742706, 66.0149078369, 47.7359313965, 77.9261856079, 202.94631958, 491.495788574, 2831.00073242, 4859.79980469, 8902.15039062, 11873.3261719, 2842.06860352, 6530.46484375, 5020.81396484, 5217.88134766, 6265.03271484, 7410.58447266, 8287.47167969, 3098.52563477, 2447.20751953, 3149.66088867, 689.323669434, 160.310195923, 73.2209091187, 11.7675533295, 4.51707649231, 0.680308580399, 0.200712352991, 0.0107112880796, 0.00029093035846, 2.45829141932e-05, 6.79293543726e-06, 9.44756777699e-07, 8.08059752444e-09, 2.65888311368e-10, 3.30209401489e-11, 1.55150527842e-11, 7.52362130929e-11],
        "max": [0.018772624433, 0.514537334442, 2.43388271332, 20.2095794678, 94.0719299316, 109.655174255, 143.497253418, 243.109954834, 552.623168945, 1165.40429688, 1052.53503418, 1635.69750977, 3000.46948242, 911.439575195, 1858.18322754, 1530.65319824, 1414.12963867, 1195.75231934, 1329.59106445, 1084.78027344, 1274.73803711, 1709.62438965, 2752.69238281, 414.050323486, 145.225891113, 99.5531082153, 38.9634742737, 33.0008544922, 14.1269073486, 14.0464906693, 1.81077134609, 0.396647840738, 0.046658411622, 0.0253683459014, 0.00879804044962, 0.00129970523994, 0.000406583247241, 0.000108857195301, 6.80048397044e-05, 0.000124077472719],
        "mean": [0.000939910998568, 0.0244731213897, 0.153053417802, 0.798777699471, 2.59982848167, 3.2987716198, 4.55001926422, 7.37094688416, 11.0095233917, 23.7015991211, 37.470035553, 42.8607292175, 58.7449188232, 33.7614326477, 34.2928543091, 32.9293632507, 39.225894928, 46.1377754211, 49.9008598328, 52.3313560486, 34.9472236633, 33.6426086426, 29.2187690735, 14.6700124741, 8.4695558548, 5.15130329132, 2.47434544563, 1.17963397503, 0.509088456631, 0.186029911041, 0.0695160999894, 0.0244994815439, 0.0116990003735, 0.00607763696462, 0.00228257686831, 0.000254665443208, 4.13270499848e-05, 1.20226040963e-05, 8.96385154192e-06, 1.83370648301e-05],
        "median": [0.000428204424679, 0.00724677462131, 0.0737273916602, 0.445723980665, 1.31574344635, 1.57687950134, 1.81022238731, 2.62459206581, 3.94075775146, 5.88958740234, 8.475522995, 9.6323261261, 13.1350469589, 10.3704490662, 10.7442026138, 11.1583213806, 14.8176269531, 17.776763916, 19.0518798828, 17.1850509644, 13.9030075073, 12.3629360199, 9.66347694397, 5.07673692703, 3.43933939934, 2.06533455849, 1.10015106201, 0.494800925255, 0.214040771127, 0.0854780673981, 0.0455930829048, 0.0219993256032, 0.0109853316098, 0.00536305457354, 0.00211003376171, 0.000251216348261, 3.58853321814e-05, 9.49872992351e-06, 5.882365258e-06, 1.17239314932e-05],
        "min": [8.03165414679e-23, 4.63254615976e-22, 8.17575896555e-22, 2.66589527382e-21, 1.66034778323e-20, 3.21493180098e-20, 4.2265417015e-20, 3.71180756271e-20, 6.98491084026e-20, 1.36602079772e-19, 2.52167922592e-19, 2.96081312801e-19, 5.59208525479e-19, 7.37966753646e-19, 1.01218110751e-18, 9.65398563803e-19, 1.30402180136e-18, 2.51023135643e-18, 2.35062933878e-18, 3.1346594543e-18, 2.76445518474e-18, 3.84199876009e-18, 4.93021110419e-18, 7.02747088544e-18, 7.34409411723e-18, 8.47183907716e-18, 9.68102575866e-18, 1.04135951071e-17, 1.05477282337e-17, 9.86895705793e-18, 1.11671177677e-17, 1.21093840188e-17, 1.01623911084e-17, 8.30071939666e-18, 6.14247158884e-18, 4.06574325757e-18, 2.44553942188e-18, 9.0593451412e-19, 2.55285618019e-19, 2.75136944594e-20],
        "var": [2.6743921353e-06, 0.0030617211014, 0.0600697360933, 1.43519091606, 26.3297233582, 32.204044342, 69.9949417114, 185.157455444, 505.179504395, 3293.40380859, 6632.79736328, 12465.1025391, 32317.4003906, 4403.00537109, 7124.35449219, 4397.50976562, 5591.24707031, 6538.06347656, 7978.8671875, 8158.21337891, 4357.75878906, 6564.83935547, 9739.27734375, 789.89654541, 173.859939575, 70.8404083252, 13.5232057571, 3.73235750198, 0.752173304558, 0.118082247674, 0.00859806407243, 0.000336007826263, 4.82554896735e-05, 1.67697944562e-05, 1.66501524745e-06, 8.97252050436e-09, 6.09731598544e-10, 8.16668122017e-11, 7.60603038885e-11, 3.29922089648e-10]
    },
    "gfcc": {
        "mean": [-95.2920074463, 132.014862061, -188.310180664, 14.9411401749, -56.0797843933, -9.23242855072, -34.3012313843, -7.2057890892, -17.3931674957, -12.498085022, -13.0523109436, -16.6428184509, -3.94990777969],
        "cov": [[18839.7070312, 2973.97631836, -3731.31689453, -85.2618789673, -450.972412109, -940.777587891, -110.633163452, -491.77633667, -162.368988037, -306.239654541, -187.675704956, -304.978790283, -76.7052459717], [2973.97631836, 724.54486084, -491.585205078, -112.246681213, -21.4241390228, -241.409500122, 19.1452484131, -129.848846436, -0.267464607954, -67.9505691528, -23.3659496307, -82.6533203125, -19.9155197144], [-3731.31689453, -491.585205078, 1136.9041748, 158.837341309, -39.6588134766, 316.420684814, -110.035202026, 124.211250305, -20.3081130981, 54.3836555481, 18.5654144287, 27.88215065, -2.38183999062], [-85.2618789673, -112.246681213, 158.837341309, 346.266571045, 6.33714866638, 63.3837547302, -57.1675376892, -29.6927032471, -73.8779067993, 1.69518756866, -22.6047229767, 38.9578018188, -18.6264667511], [-450.972412109, -21.4241390228, -39.6588134766, 6.33714866638, 262.060913086, -69.761932373, 67.4642944336, -33.6893692017, 19.1142044067, 3.9090783596, 3.36286735535, 10.9132862091, 10.4234876633], [-940.777587891, -241.409500122, 316.420684814, 63.3837547302, -69.761932373, 380.046447754, -70.0140533447, 92.719581604, -37.8384475708, 15.2353153229, 1.43126749992, -8.05295944214, -6.47012901306], [-110.633163452, 19.1452484131, -110.035202026, -57.1675376892, 67.4642944336, -70.0140533447, 257.764465332, -6.56419944763, 45.4222679138, 4.6372179985, -1.96706140041, 23.6559581757, -16.7812252045], [-491.77633667, -129.848846436, 124.211250305, -29.6927032471, -33.6893692017, 92.719581604, -6.56419944763, 192.564697266, 59.905632019, 37.7407989502, 10.312746048, -10.1781787872, 16.1802768707], [-162.368988037, -0.267464607954, -20.3081130981, -73.8779067993, 19.1142044067, -37.8384475708, 45.4222679138, 59.905632019, 152.826660156, 46.2984771729, -10.6136684418, -14.6428260803, 3.40091776848], [-306.239654541, -67.9505691528, 54.3836555481, 1.69518756866, 3.9090783596, 15.2353153229, 4.6372179985, 37.7407989502, 46.2984771729, 86.9964294434, 22.1578445435, -0.207538157701, 2.78618979454], [-187.675704956, -23.3659496307, 18.5654144287, -22.6047229767, 3.36286735535, 1.43126749992, -1.96706140041, 10.312746048, -10.6136684418, 22.1578445435, 83.6155014038, 33.1859512329, 4.54324245453], [-304.978790283, -82.6533203125, 27.88215065, 38.9578018188, 10.9132862091, -8.05295944214, 23.6559581757, -10.1781787872, -14.6428260803, -0.207538157701, 33.1859512329, 94.0490341187, 21.88788414], [-76.7052459717, -19.9155197144, -2.38183999062, -18.6264667511, 10.4234876633, -6.47012901306, -16.7812252045, 16.1802768707, 3.40091776848, 2.78618979454, 4.54324245453, 21.88788414, 66.8146133423]],
        "icov": [[0.00171675765887, -0.00508306454867, 0.00457204459235, -0.00268049631268, 0.00234889332205, -0.00109037477523, 0.00138847192284, -0.00170873326715, 0.00116971135139, -0.000970718043391, 0.0014184108004, -0.00040774513036, 0.000180060349521], [-0.00508306454867, 0.0179156530648, -0.0128213558346, 0.00789685826749, -0.00626286910847, 0.00423522293568, -0.00414085295051, 0.00623691594228, -0.00397714460269, 0.00454478524625, -0.00539545342326, 0.00409609172493, -0.000876228848938], [0.00457204459235, -0.0128213558346, 0.0136282378808, -0.00748941488564, 0.00627899402753, -0.00350868306123, 0.00403131591156, -0.00467898976058, 0.00294790975749, -0.00262513523921, 0.00348239950836, -0.000857107283082, 0.00065478682518], [-0.00268049631268, 0.00789685826749, -0.00748941488564, 0.00869050994515, -0.00428891275078, 0.00158478936646, -0.00105935160536, 0.00266033434309, 0.000522382499184, -0.000601054285653, 0.00121303857304, -0.00279873865657, 0.00217735720798], [0.00234889332205, -0.00626286910847, 0.00627899402753, -0.00428891275078, 0.00785546936095, -0.000737131398637, 0.000632085313555, -0.00114822352771, 0.000760430004448, -0.00079827994341, 0.000844104564749, 0.000905753113329, -0.0013615967473], [-0.00109037477523, 0.00423522293568, -0.00350868306123, 0.00158478936646, -0.000737131398637, 0.00519785983488, -0.000589619157836, -0.00034327674075, 0.000683056598064, 0.000775717024226, -0.000832391728181, 0.00152741733473, 0.000369839835912], [0.00138847192284, -0.00414085295051, 0.00403131591156, -0.00105935160536, 0.000632085313555, -0.000589619157836, 0.00641901651397, -0.00181346852332, 0.000234247039771, -0.00124813592993, 0.00270640966482, -0.00346950232051, 0.00309646083042], [-0.00170873326715, 0.00623691594228, -0.00467898976058, 0.00266033434309, -0.00114822352771, -0.00034327674075, -0.00181346852332, 0.0102367307991, -0.00475154211745, 0.00102288136259, -0.00352340447716, 0.00306992372498, -0.00288326246664], [0.00116971135139, -0.00397714460269, 0.00294790975749, 0.000522382499184, 0.000760430004448, 0.000683056598064, 0.000234247039771, -0.00475154211745, 0.0126595785841, -0.00718257669359, 0.00568860583007, -0.00177691632416, 0.00141554500442], [-0.000970718043391, 0.00454478524625, -0.00262513523921, -0.000601054285653, -0.00079827994341, 0.000775717024226, -0.00124813592993, 0.00102288136259, -0.00718257669359, 0.0188075825572, -0.00829867552966, 0.0047239609994, -0.00178434373811], [0.0014184108004, -0.00539545342326, 0.00348239950836, 0.00121303857304, 0.000844104564749, -0.000832391728181, 0.00270640966482, -0.00352340447716, 0.00568860583007, -0.00829867552966, 0.0204009991139, -0.0101211536676, 0.00378804723732], [-0.00040774513036, 0.00409609172493, -0.000857107283082, -0.00279873865657, 0.000905753113329, 0.00152741733473, -0.00346950232051, 0.00306992372498, -0.00177691632416, 0.0047239609994, -0.0101211536676, 0.0206891540438, -0.00786210317165], [0.000180060349521, -0.000876228848938, 0.00065478682518, 0.00217735720798, -0.0013615967473, 0.000369839835912, 0.00309646083042, -0.00288326246664, 0.00141554500442, -0.00178434373811, 0.00378804723732, -0.00786210317165, 0.01958716847]]
    },
    "melbands": {
        "dmean": [1.57725680765e-05, 5.45919319848e-05, 0.000124616490211, 0.000143178229337, 9.37063305173e-05, 9.86533341347e-05, 9.94085639832e-05, 0.00017431845481, 0.000184771022759, 0.000145516823977, 0.000149529980263, 7.55157088861e-05, 6.24824533588e-05, 5.47680356249e-05, 5.01141003042e-05, 4.37545422756e-05, 5.23732378497e-05, 4.36477057519e-05, 4.27425547969e-05, 3.08643866447e-05, 2.25132625928e-05, 1.81702089321e-05, 1.85612061614e-05, 1.11772642413e-05, 6.22954485152e-06, 3.78645700039e-06, 2.45146429734e-06, 1.73218279542e-06, 9.29247619297e-07, 6.2438078885e-07, 3.25100387499e-07, 1.6636961675e-07, 8.33495334973e-08, 4.13992111703e-08, 1.98980139032e-08, 7.67294938697e-09, 4.29730917517e-09, 2.60602717184e-09, 2.27140839471e-09, 1.42067302367e-09],
        "dmean2": [2.60156321019e-05, 8.93986580195e-05, 0.000212211030885, 0.000243599206442, 0.000152577122208, 0.000152649998199, 0.000148610823089, 0.000260945351329, 0.000273363140877, 0.00022338621784, 0.000218144370592, 0.000112600493594, 9.59841927397e-05, 8.62258675625e-05, 7.77667737566e-05, 6.84330952936e-05, 8.2823476987e-05, 6.82481186232e-05, 6.75818373566e-05, 4.87418619741e-05, 3.48184585164e-05, 2.82673408947e-05, 2.85504502244e-05, 1.79676135303e-05, 1.02715475805e-05, 6.08641539657e-06, 3.99297505282e-06, 2.81248935607e-06, 1.4810640323e-06, 1.00606223441e-06, 5.20364494605e-07, 2.62042732402e-07, 1.29073598032e-07, 6.41643254085e-08, 3.05339113993e-08, 1.17992025039e-08, 6.50893339227e-09, 3.85541509829e-09, 3.32332872333e-09, 1.97434468774e-09],
        "dvar": [1.19802434639e-09, 1.13060831808e-08, 1.05595425737e-07, 9.117422195e-08, 3.43943185044e-08, 3.85622023202e-08, 5.4122732962e-08, 1.98226317139e-07, 1.71816736838e-07, 1.45345779856e-07, 1.98780966798e-07, 2.83151297964e-08, 2.67684612254e-08, 1.80888672929e-08, 1.22524603796e-08, 1.01488222271e-08, 1.30109416574e-08, 9.50191569871e-09, 1.01854444878e-08, 4.83449458244e-09, 2.7481577014e-09, 1.75921377465e-09, 3.71822572731e-09, 7.22305326661e-10, 2.28951177461e-10, 5.55308715677e-11, 1.90685921914e-11, 1.20012975252e-11, 3.0907613708e-12, 1.59459663356e-12, 5.58026118803e-13, 1.3174827711e-13, 5.1309176634e-14, 1.71538097041e-14, 2.28440656589e-15, 3.0690409782e-16, 2.18654276144e-17, 7.25543028173e-18, 5.85913327772e-18, 2.57755145059e-18],
        "dvar2": [2.85825585422e-09, 2.73556963748e-08, 2.90206116915e-07, 2.49569012567e-07, 8.82599522356e-08, 8.87729285637e-08, 1.10145116139e-07, 4.00503438414e-07, 3.44438888078e-07, 3.06123268956e-07, 3.02793381479e-07, 5.95122422453e-08, 5.88669948343e-08, 4.16952872229e-08, 2.66437503171e-08, 2.31762662395e-08, 2.88707227014e-08, 2.19195364082e-08, 2.3503245572e-08, 1.17886154172e-08, 5.73442138219e-09, 3.76897313359e-09, 6.90094914546e-09, 1.70817682221e-09, 5.93048499198e-10, 1.37814828993e-10, 4.83282545927e-11, 3.22120490004e-11, 7.73209361121e-12, 4.04508371243e-12, 1.44338696811e-12, 3.23930064629e-13, 1.34592234276e-13, 4.59808921624e-14, 5.7466963012e-15, 7.93499406197e-16, 5.24043038639e-17, 1.76628140896e-17, 1.42505418616e-17, 5.8107597555e-18],
        "max": [0.000311827694532, 0.000978097668849, 0.00658741500229, 0.00494446558878, 0.00378646072932, 0.00495180068538, 0.00746832787991, 0.0117805488408, 0.00901802163571, 0.00888379197568, 0.0153712276369, 0.00487111136317, 0.00502821803093, 0.00277504418045, 0.00387911242433, 0.00357452547178, 0.00277563207783, 0.00237826560624, 0.00265495758504, 0.00145001662895, 0.00171611364931, 0.00155546842143, 0.00451487163082, 0.000757382018492, 0.000424170459155, 0.000186753910384, 8.11270729173e-05, 6.39060235699e-05, 3.14903954859e-05, 2.93396915367e-05, 1.83547763299e-05, 9.7016682048e-06, 1.01790719782e-05, 6.10236111243e-06, 1.51969686613e-06, 6.43512521492e-07, 1.05959585994e-07, 3.66055701306e-08, 3.25690336922e-08, 2.197892357e-08],
        "mean": [1.52480779434e-05, 6.2794497353e-05, 0.000194848893443, 0.000217793538468, 0.00016101563233, 0.000166213081684, 0.000165758101502, 0.000295577337965, 0.000319111073622, 0.000246205483563, 0.000288854556857, 0.000136477916385, 0.000107554937131, 9.00392333278e-05, 8.76731573953e-05, 7.47080048313e-05, 8.83491811692e-05, 7.63470234233e-05, 7.80399714131e-05, 5.55529295525e-05, 4.01673605666e-05, 3.43777646776e-05, 3.73987058992e-05, 1.94431158889e-05, 1.10984419734e-05, 6.81508936395e-06, 4.41809424956e-06, 3.10003269988e-06, 1.70704959146e-06, 1.02198430341e-06, 5.64613117149e-07, 3.19106618463e-07, 1.60093719614e-07, 7.96762762434e-08, 4.33169198288e-08, 1.91615967537e-08, 1.34148692155e-08, 8.08228506344e-09, 7.31713978297e-09, 4.44501058183e-09],
        "median": [5.046465958e-06, 2.6569399779e-05, 0.000116205890663, 0.000114854512503, 6.89743319526e-05, 5.87321337662e-05, 5.73577999603e-05, 6.69803339406e-05, 7.01131357346e-05, 5.24069182575e-05, 5.9530560975e-05, 3.63274593838e-05, 3.13854579872e-05, 2.67844952759e-05, 3.01785203192e-05, 2.78216266452e-05, 3.12526608468e-05, 2.66757288045e-05, 2.65890084847e-05, 1.8035485482e-05, 1.37270726555e-05, 1.17110685096e-05, 9.03706131794e-06, 5.86516125622e-06, 3.27456064042e-06, 2.50975676863e-06, 1.73596993136e-06, 1.15424722935e-06, 7.01345470588e-07, 4.12375527503e-07, 2.14769073636e-07, 1.22972451777e-07, 6.65253594434e-08, 3.64617243065e-08, 2.71637468074e-08, 1.45694691867e-08, 1.26806334322e-08, 7.41648964464e-09, 6.92521151535e-09, 3.73874931014e-09],
        "min": [1.14656416345e-24, 5.20308987257e-25, 6.61938707597e-25, 1.69653727897e-24, 1.07062624335e-24, 8.40487808556e-25, 1.33075697254e-24, 1.73269590186e-24, 1.93351898351e-24, 1.83343442553e-24, 2.60176108417e-24, 2.61391348642e-24, 2.40070666906e-24, 2.61425151331e-24, 2.29806521566e-24, 3.57422660407e-24, 4.13276142421e-24, 2.65068110992e-24, 4.38455241452e-24, 2.49955626529e-24, 2.31666201986e-24, 3.96866849516e-24, 3.30343688493e-24, 4.24622052719e-24, 5.04168380376e-24, 4.46262479502e-24, 5.00097345346e-24, 4.68377918879e-24, 4.68964081974e-24, 3.91022415728e-24, 5.56830486155e-24, 5.09465699684e-24, 5.55692554299e-24, 5.13713794545e-24, 5.97498435187e-24, 5.04264305862e-24, 5.0205020996e-24, 6.65601783211e-24, 6.12544813106e-24, 6.28396460236e-24],
        "var": [1.10869391445e-09, 1.16385994176e-08, 1.13210376185e-07, 1.29842590013e-07, 8.06517874707e-08, 8.90264928444e-08, 1.13484752262e-07, 5.63274738852e-07, 4.63845708509e-07, 4.11724954574e-07, 8.29448197237e-07, 8.49936228065e-08, 6.56869261206e-08, 3.66024828224e-08, 2.81065215546e-08, 1.88464728268e-08, 2.76616525241e-08, 2.13993143205e-08, 2.24595808618e-08, 1.02373149957e-08, 7.37778460547e-09, 5.88971182935e-09, 2.83848198279e-08, 1.80685300055e-09, 6.03495087237e-10, 1.46431797243e-10, 4.83564091547e-11, 2.87753362804e-11, 7.75113046664e-12, 2.85120473238e-12, 1.03133224617e-12, 3.34324283752e-13, 8.5788296497e-14, 2.49405514009e-14, 3.94218239256e-15, 6.17356151958e-16, 6.49738790632e-17, 2.8436712528e-17, 2.24868437409e-17, 1.23560823647e-17]
    },
    "mfcc": {
        "mean": [-705.386108398, 153.779281616, -65.910484314, 16.0202388763, -12.2596540451, -3.84782671928, -11.198466301, -5.34978199005, -3.34668827057, -2.27674150467, -5.28471136093, -5.51738262177, -7.54551553726],
        "cov": [[6139.015625, 2061.24584961, -1792.65112305, 558.038635254, -539.687927246, -52.3906364441, -203.369140625, -124.636306763, -100.333831787, -95.4181137085, -49.8322181702, -89.7481536865, -71.7235183716], [2061.24584961, 963.648864746, -511.832885742, 77.8762893677, -148.776901245, -87.1119384766, -84.4048233032, -69.0862121582, -16.9010276794, -6.52424764633, -6.57345962524, -27.7632274628, -41.83618927], [-1792.65112305, -511.832885742, 1000.8145752, -161.945800781, 200.447525024, 51.8456840515, 45.752368927, 42.8676757812, -14.1395282745, 21.4947605133, 2.27432918549, 5.14316606522, 21.6697616577], [558.038635254, 77.8762893677, -161.945800781, 376.586090088, -45.1502838135, 29.1857013702, -18.9271812439, -27.3854084015, -25.0005722046, -55.0809555054, -33.645614624, -6.18636322021, 10.8597345352], [-539.687927246, -148.776901245, 200.447525024, -45.1502838135, 273.257354736, 13.4352684021, 8.46513366699, -17.8403587341, 5.06448221207, 8.79132652283, -24.4576377869, 10.5503635406, -6.6092915535], [-52.3906364441, -87.1119384766, 51.8456840515, 29.1857013702, 13.4352684021, 187.701324463, 41.5725822449, 17.9423694611, -21.7239055634, -22.2048587799, -1.85479533672, -24.2600193024, -10.4372797012], [-203.369140625, -84.4048233032, 45.752368927, -18.9271812439, 8.46513366699, 41.5725822449, 148.579086304, 36.8454246521, -11.9346561432, -18.1944923401, -1.813595891, 15.4889221191, 1.398468256], [-124.636306763, -69.0862121582, 42.8676757812, -27.3854084015, -17.8403587341, 17.9423694611, 36.8454246521, 109.162643433, 30.9221000671, 3.11171412468, 14.1711988449, 11.5605964661, 8.02558422089], [-100.333831787, -16.9010276794, -14.1395282745, -25.0005722046, 5.06448221207, -21.7239055634, -11.9346561432, 30.9221000671, 130.486129761, 63.4841194153, 23.9983978271, 6.85991477966, -0.520702004433], [-95.4181137085, -6.52424764633, 21.4947605133, -55.0809555054, 8.79132652283, -22.2048587799, -18.1944923401, 3.11171412468, 63.4841194153, 136.671096802, 47.4074325562, -0.806484401226, 0.869926273823], [-49.8322181702, -6.57345962524, 2.27432918549, -33.645614624, -24.4576377869, -1.85479533672, -1.813595891, 14.1711988449, 23.9983978271, 47.4074325562, 95.0778656006, 21.0176010132, -4.25096082687], [-89.7481536865, -27.7632274628, 5.14316606522, -6.18636322021, 10.5503635406, -24.2600193024, 15.4889221191, 11.5605964661, 6.85991477966, -0.806484401226, 21.0176010132, 86.6977767944, 22.9842567444], [-71.7235183716, -41.83618927, 21.6697616577, 10.8597345352, -6.6092915535, -10.4372797012, 1.398468256, 8.02558422089, -0.520702004433, 0.869926273823, -4.25096082687, 22.9842567444, 79.2236022949]],
