{
"lowlevel": {
    "average_loudness": 0.941547036171,
    "barkbands_crest": {
        "dmean": 2.28505778313,
        "dmean2": 3.75368952751,
        "dvar": 4.28536319733,
        "dvar2": 10.6973791122,
        "max": 24.8342037201,
        "mean": 8.27775192261,
        "median": 7.42749166489,
        "min": 2.22068405151,
        "var": 13.3091249466
    },
    "barkbands_flatness_db": {
        "dmean": 0.0150012942031,
        "dmean2": 0.0237899441272,
        "dvar": 0.000171746811247,
        "dvar2": 0.000401889730711,
        "max": 0.308958351612,
        "mean": 0.14613878727,
        "median": 0.14291626215,
        "min": 0.0650223493576,
        "var": 0.000896713172551
    },
    "barkbands_kurtosis": {
        "dmean": 0.946680724621,
        "dmean2": 1.49367344379,
        "dvar": 2.04943442345,
        "dvar2": 4.64207935333,
        "max": 41.5956802368,
        "mean": 0.525739192963,
        "median": -0.135582447052,
        "min": -1.89338421822,
        "var": 6.34508562088
    },
    "barkbands_skewness": {
        "dmean": 0.358175873756,
        "dmean2": 0.551017999649,
        "dvar": 0.12037127465,
        "dvar2": 0.271973788738,
        "max": 5.56811666489,
        "mean": 0.190042227507,
        "median": 0.158540427685,
        "min": -3.44490337372,
        "var": 0.884691476822
    },
    "barkbands_spread": {
        "dmean": 4.52609825134,
        "dmean2": 7.05456399918,
        "dvar": 26.907995224,
        "dvar2": 60.5978240967,
        "max": 88.1440963745,
        "mean": 22.8687000275,
        "median": 21.0101661682,
        "min": 2.81157588959,
        "var": 105.719978333
    },
    "dissonance": {
        "dmean": 0.014740777202,
        "dmean2": 0.0247472189367,
        "dvar": 0.000215808249777,
        "dvar2": 0.000571449694689,
        "max": 0.500000119209,
        "mean": 0.474098026752,
        "median": 0.479341924191,
        "min": 0.265647381544,
        "var": 0.000441315118223
    },
    "dynamic_complexity": 2.3838288784,
    "erbbands_crest": {
        "dmean": 2.82866024971,
        "dmean2": 4.57726049423,
        "dvar": 6.78274488449,
        "dvar2": 16.3653068542,
        "max": 32.7331123352,
        "mean": 10.0625495911,
        "median": 8.89619827271,
        "min": 2.73427915573,
        "var": 22.0909938812
    },
    "erbbands_flatness_db": {
        "dmean": 0.0151917962357,
        "dmean2": 0.0222591776401,
        "dvar": 0.000200017471798,
        "dvar2": 0.000377262447728,
        "max": 0.394717305899,
        "mean": 0.228798463941,
        "median": 0.228758826852,
        "min": 0.0886970758438,
        "var": 0.00143075245433
    },
    "erbbands_kurtosis": {
        "dmean": 1.01292288303,
        "dmean2": 1.57615423203,
        "dvar": 2.41545677185,
        "dvar2": 5.31760263443,
        "max": 41.5202941895,
        "mean": 0.922475814819,
        "median": 0.0871267318726,
        "min": -1.81788504124,
        "var": 9.45126438141
    },
    "erbbands_skewness": {
        "dmean": 0.341493725777,
        "dmean2": 0.524885237217,
        "dvar": 0.111449122429,
        "dvar2": 0.251506745815,
        "max": 3.50758910179,
        "mean": -0.155432611704,
        "median": -0.0787615254521,
        "min": -5.48985481262,
        "var": 0.695767343044
    },
    "erbbands_spread": {
        "dmean": 5.52229118347,
        "dmean2": 8.50609397888,
        "dvar": 37.4425849915,
        "dvar2": 84.7587203979,
        "max": 112.958244324,
        "mean": 27.0811729431,
        "median": 24.1911563873,
        "min": 2.73311257362,
        "var": 203.145324707
    },
    "hfc": {
        "dmean": 6.87523603439,
        "dmean2": 9.88905525208,
        "dvar": 98.7761077881,
        "dvar2": 185.499008179,
        "max": 232.807373047,
        "mean": 26.3769245148,
        "median": 21.9442176819,
        "min": 1.14978991882e-16,
        "var": 421.822814941
    },
    "melbands_crest": {
        "dmean": 2.85569858551,
        "dmean2": 4.6844496727,
        "dvar": 6.51917552948,
        "dvar2": 16.6465816498,
        "max": 33.9951438904,
        "mean": 10.388715744,
        "median": 9.40651893616,
        "min": 1.819039464,
        "var": 21.2274112701
    },
    "melbands_flatness_db": {
        "dmean": 0.0160269346088,
        "dmean2": 0.0247159097344,
        "dvar": 0.000234802253544,
        "dvar2": 0.000542852561921,
        "max": 0.329466462135,
        "mean": 0.133326455951,
        "median": 0.127391397953,
        "min": 0.00442999275401,
        "var": 0.00166427320801
    },
    "melbands_kurtosis": {
        "dmean": 1.75957024097,
        "dmean2": 2.82722520828,
        "dvar": 11.583691597,
        "dvar2": 30.680803299,
        "max": 96.1788635254,
        "mean": 2.46693086624,
        "median": 0.725713729858,
        "min": -1.85750627518,
        "var": 33.4719619751
    },
    "melbands_skewness": {
        "dmean": 0.418091118336,
        "dmean2": 0.646462142467,
        "dvar": 0.182476386428,
        "dvar2": 0.438283830881,
        "max": 8.45993900299,
        "mean": 0.950775504112,
        "median": 0.804533421993,
        "min": -2.76228189468,
        "var": 1.29890501499
    },
    "melbands_spread": {
        "dmean": 8.41310882568,
        "dmean2": 13.2063426971,
        "dvar": 114.758598328,
        "dvar2": 263.666931152,
        "max": 210.387863159,
        "mean": 39.9268264771,
        "median": 37.2015800476,
        "min": 2.9508459568,
        "var": 380.882293701
    },
    "pitch_salience": {
        "dmean": 0.0595919415355,
        "dmean2": 0.0964696705341,
        "dvar": 0.00253964983858,
        "dvar2": 0.00647404883057,
        "max": 0.925955832005,
        "mean": 0.592473268509,
        "median": 0.598824501038,
        "min": 0.207405507565,
        "var": 0.00897336378694
    },
    "silence_rate_20dB": {
        "dmean": 0,
        "dmean2": 0,
        "dvar": 0,
        "dvar2": 0,
        "max": 1,
        "mean": 1,
        "median": 1,
        "min": 1,
        "var": 0
    },
    "silence_rate_30dB": {
        "dmean": 0.000251698977081,
        "dmean2": 0.000503461284097,
        "dvar": 0.000251671066508,
        "dvar2": 0.000755080254748,
        "max": 1,
        "mean": 0.999874174595,
        "median": 1,
        "min": 0,
        "var": 0.0001258077682
    },
    "silence_rate_60dB": {
        "dmean": 0.0151019385085,
        "dmean2": 0.0300818122923,
        "dvar": 0.0148745896295,
        "dvar2": 0.034462980926,
        "max": 1,
        "mean": 0.0266767330468,
        "median": 0,
        "min": 0,
        "var": 0.0259697083384
    },
    "spectral_centroid": {
        "dmean": 225.971923828,
        "dmean2": 355.117126465,
        "dvar": 67851.3359375,
        "dvar2": 153243.03125,
        "max": 11388.9365234,
        "mean": 2054.73217773,
        "median": 2104.00585938,
        "min": 343.038482666,
        "var": 329591.875
    },
    "spectral_complexity": {
        "dmean": 3.56632256508,
        "dmean2": 5.55418491364,
        "dvar": 13.2865314484,
        "dvar2": 28.2804317474,
        "max": 61,
        "mean": 22.7074375153,
        "median": 22,
        "min": 0,
        "var": 85.0465927124
    },
    "spectral_decrease": {
        "dmean": 9.77115277578e-10,
        "dmean2": 1.44555412085e-09,
        "dvar": 1.36738910955e-18,
        "dvar2": 2.66479563736e-18,
        "max": 2.52493026828e-29,
        "mean": -3.84742326887e-09,
        "median": -3.4553653272e-09,
        "min": -2.44983642261e-08,
        "var": 5.45395829341e-18
    },
    "spectral_energy": {
        "dmean": 0.00424321275204,
        "dmean2": 0.00622403249145,
        "dvar": 2.58419222519e-05,
        "dvar2": 4.95454551128e-05,
        "max": 0.11138574034,
        "mean": 0.0169135164469,
        "median": 0.0151704344898,
        "min": 1.07273765922e-20,
        "var": 0.000108822219772
    },
    "spectral_energyband_high": {
        "dmean": 0.000349972717231,
        "dmean2": 0.000525891198777,
        "dvar": 8.6650936737e-07,
        "dvar2": 1.74811168563e-06,
        "max": 0.0318782627583,
        "mean": 0.000876255857293,
        "median": 0.000539357366506,
        "min": 7.66086458071e-21,
        "var": 1.92774928109e-06
    },
    "spectral_energyband_low": {
        "dmean": 0.000372086127754,
        "dmean2": 0.000604122993536,
        "dvar": 5.15876706686e-07,
        "dvar2": 1.25144265439e-06,
        "max": 0.0193515494466,
        "mean": 0.000757894129492,
        "median": 0.000476840185001,
        "min": 3.504276651e-23,
        "var": 8.60564909999e-07
    },
    "spectral_energyband_middle_high": {
        "dmean": 0.00289429817349,
        "dmean2": 0.00423868000507,
        "dvar": 1.59536539286e-05,
        "dvar2": 3.07013724523e-05,
        "max": 0.0928273200989,
        "mean": 0.0101449573413,
        "median": 0.0078094266355,
        "min": 1.55818077919e-21,
        "var": 7.64680007705e-05
    },
    "spectral_energyband_middle_low": {
        "dmean": 0.00213607540354,
        "dmean2": 0.0033393423073,
        "dvar": 9.18757359614e-06,
        "dvar2": 2.13314269786e-05,
        "max": 0.0524107553065,
        "mean": 0.00545816076919,
        "median": 0.00415172195062,
        "min": 1.96483188629e-22,
        "var": 2.13149687625e-05
    },
    "spectral_entropy": {
        "dmean": 0.122954554856,
        "dmean2": 0.176876470447,
        "dvar": 0.0151052530855,
        "dvar2": 0.0276212859899,
        "max": 9.81116485596,
        "mean": 7.55459356308,
        "median": 7.58963775635,
        "min": 5.85402107239,
        "var": 0.103055723011
    },
    "spectral_flux": {
        "dmean": 0.0183835979551,
        "dmean2": 0.0290188081563,
        "dvar": 0.000359255383955,
        "dvar2": 0.000858505838551,
        "max": 0.288225948811,
        "mean": 0.0762973129749,
        "median": 0.0722524449229,
        "min": 6.76170786029e-11,
        "var": 0.00114880863111
    },
    "spectral_kurtosis": {
        "dmean": 1.82048356533,
        "dmean2": 3.18730306625,
        "dvar": 3.12643766403,
        "dvar2": 9.40756797791,
        "max": 27.0140151978,
        "mean": 2.9894349575,
        "median": 2.41593647003,
        "min": -1.21692430973,
        "var": 5.84065008163
    },
    "spectral_rms": {
        "dmean": 0.000504642084707,
        "dmean2": 0.00073154742131,
        "dvar": 2.73083173852e-07,
        "dvar2": 4.98353131206e-07,
        "max": 0.0104244435206,
        "mean": 0.00387039384805,
        "median": 0.00384713197127,
        "min": 3.23507865461e-12,
        "var": 1.52109612372e-06
    },
    "spectral_rolloff": {
        "dmean": 436.151306152,
        "dmean2": 731.917907715,
        "dvar": 427288.53125,
        "dvar2": 956716.9375,
        "max": 19143.0175781,
        "mean": 2499.90283203,
        "median": 2497.8515625,
        "min": 150.732421875,
        "var": 1168142.125
    },
    "spectral_skewness": {
        "dmean": 0.230477824807,
        "dmean2": 0.389851331711,
        "dvar": 0.0444942340255,
        "dvar2": 0.124424628913,
        "max": 3.42669177055,
        "mean": 1.0270652771,
        "median": 0.997221112251,
        "min": -0.726760447025,
        "var": 0.116753838956
    },
    "spectral_spread": {
        "dmean": 277924.46875,
        "dmean2": 425287.9375,
        "dvar": 208253485056,
        "dvar2": 399648718848,
        "max": 41218800,
        "mean": 3263159.25,
        "median": 3135320.5,
        "min": 1553967.75,
        "var": 1.31379088589e+12
    },
    "spectral_strongpeak": {
        "dmean": 1.0711376667,
        "dmean2": 1.74721133709,
        "dvar": 1.73270881176,
        "dvar2": 4.13603544235,
        "max": 19.3183555603,
        "mean": 2.29731702805,
        "median": 1.66204798222,
        "min": 0,
        "var": 4.98939561844
    },
    "zerocrossingrate": {
        "dmean": 0.00759552046657,
        "dmean2": 0.0091068604961,
        "dvar": 9.97082897811e-05,
        "dvar2": 0.000112825800898,
        "max": 0.65673828125,
        "mean": 0.0854356363416,
        "median": 0.0849609375,
        "min": 0.01708984375,
        "var": 0.000793651444837
    },
    "barkbands": {
        "dmean": [4.00519857067e-05, 0.000140785399708, 0.000188222373254, 0.000284579087747, 0.000789668469224, 0.00036624763743, 0.000457669753814, 0.00052578561008, 0.000752524181735, 0.000551862758584, 0.000532861449756, 0.000550085445866, 0.000553874124307, 0.00071504409425, 0.000804051465821, 0.000615004042629, 0.000681594072375, 0.000337541423505, 0.000333785923431, 0.000199701462407, 0.000148282910232, 0.000120272707136, 6.55609619571e-05, 3.62580394722e-05, 2.15852287511e-06, 1.9949863983e-09, 6.91006751818e-10],
        "dmean2": [6.58425633446e-05, 0.000236520500039, 0.000312449672492, 0.000491070793942, 0.00131801818497, 0.000582495704293, 0.000726330443285, 0.000846772862133, 0.00117598543875, 0.000858474872075, 0.000856162630953, 0.000874315504916, 0.000892322335858, 0.00112907995936, 0.001278599957, 0.000946999352891, 0.00105709792115, 0.000525363371707, 0.000525001087226, 0.000317718920996, 0.000233310696785, 0.000187385128811, 0.000100813158497, 5.57177445444e-05, 3.4657375636e-06, 3.28197979904e-09, 1.27520483062e-09],
        "dvar": [2.2097883523e-09, 1.03245028527e-07, 1.37089116947e-07, 2.75132805427e-07, 2.58980799117e-06, 6.03457181114e-07, 1.03457261957e-06, 1.40236329571e-06, 2.96962139146e-06, 1.25676774587e-06, 1.54041958922e-06, 1.66640086263e-06, 1.57949784807e-06, 3.48408593709e-06, 3.18559659718e-06, 2.83723898065e-06, 1.93447954189e-06, 4.72274052754e-07, 3.80101027986e-07, 1.33594511453e-07, 8.00495314479e-08, 1.50742337723e-07, 5.35331281526e-08, 3.37701280273e-08, 1.37748951134e-10, 7.43190082818e-17, 2.8745134264e-18],
        "dvar2": [5.79445025295e-09, 2.72034867521e-07, 3.56449959327e-07, 7.65330071317e-07, 6.73766180626e-06, 1.34962192533e-06, 2.43777549258e-06, 3.32112472279e-06, 7.00280634192e-06, 2.86496060653e-06, 3.7854429138e-06, 3.75146760234e-06, 3.84361510442e-06, 8.557518413e-06, 7.42871679904e-06, 6.17704972683e-06, 4.2480569391e-06, 1.04167133941e-06, 9.12733867153e-07, 3.27916950482e-07, 1.75554532689e-07, 3.50246040171e-07, 1.12733012259e-07, 6.16652044982e-08, 2.66915739511e-10, 1.53727930188e-16, 6.07017434894e-18],
        "max": [0.000961306330282, 0.00863122474402, 0.00766900740564, 0.00775722507387, 0.0384790599346, 0.0234927199781, 0.0343272946775, 0.0233544427902, 0.0409666262567, 0.0234310757369, 0.034501042217, 0.0301806721836, 0.0328779891133, 0.0429738946259, 0.0489290095866, 0.0534190163016, 0.0394922569394, 0.0225582811981, 0.0173138584942, 0.00892064720392, 0.00896623823792, 0.0127122299746, 0.0100739533082, 0.0114528033882, 0.000713634013664, 5.57506268706e-07, 9.38509217008e-08],
        "mean": [7.02155739418e-05, 0.000217394132051, 0.000300578598399, 0.0003886531631, 0.00120601896197, 0.000661571975797, 0.000739774608519, 0.00086310307961, 0.00131072709337, 0.000959780998528, 0.000894631724805, 0.000918404955883, 0.000921856320929, 0.00118385150563, 0.00147624348756, 0.00110580364708, 0.00125854939688, 0.000666962005198, 0.00065681868, 0.000377066113288, 0.000308050861349, 0.000237257205299, 0.000121888362628, 6.47470005788e-05, 3.57794624506e-06, 2.90058532748e-09, 5.92604132432e-10],
        "median": [5.60471162316e-05, 0.000108595661004, 0.000152182663442, 0.000213080784306, 0.000628973706625, 0.000316759920679, 0.000340262631653, 0.000294162600767, 0.000372060894733, 0.000334112817654, 0.000292574462947, 0.000294667959679, 0.000283806817606, 0.000360590871423, 0.00055174715817, 0.000338846934028, 0.000549166637938, 0.000373098737327, 0.000372137466911, 0.000221227222937, 0.000175062610651, 0.000126086437376, 5.85399466217e-05, 2.84843245026e-05, 1.2407098211e-06, 1.23402577046e-09, 2.39874758945e-10],
        "min": [5.2400132961e-24, 1.90895645816e-23, 1.55054574947e-24, 3.50312735954e-24, 1.63210509239e-23, 3.41960284578e-23, 1.79447885686e-23, 1.56728754725e-23, 6.12595047768e-23, 2.50989412968e-23, 4.46386851312e-23, 7.54463351201e-23, 5.91991641754e-23, 6.6015458822e-23, 9.31414697226e-23, 9.14480567272e-23, 1.34441853275e-22, 1.34365504161e-22, 2.70884636459e-22, 2.07081869367e-22, 2.89081751655e-22, 4.72636784846e-22, 5.20060123729e-22, 8.61383904842e-22, 1.21783180296e-21, 1.39913733302e-21, 2.23837476943e-21],
        "var": [3.18083404061e-09, 1.22981091977e-07, 1.95772045686e-07, 2.96319825566e-07, 3.32936110681e-06, 1.36134849527e-06, 1.65487597314e-06, 2.9618811368e-06, 6.46552052785e-06, 2.94585561278e-06, 3.46500519299e-06, 3.65870346286e-06, 3.63006984117e-06, 6.10835377302e-06, 7.95226969785e-06, 6.38922892904e-06, 4.81901452076e-06, 1.34083381909e-06, 7.86763621363e-07, 2.44732348165e-07, 1.98390537776e-07, 2.41774557708e-07, 8.98989327425e-08, 6.06724483987e-08, 2.47602466308e-10, 1.28847568207e-16, 2.67827930173e-18]
    },
    "erbbands": {
        "dmean": [0.00335603160784, 0.0370985083282, 0.179249599576, 0.597313821316, 1.89933371544, 2.8792424202, 3.33288121223, 2.93692874908, 4.76249456406, 8.52990341187, 13.2733440399, 16.8496856689, 14.8959951401, 19.289806366, 18.7048568726, 21.5251369476, 24.2158107758, 27.3766670227, 38.7266578674, 37.2713394165, 31.42237854, 34.3679275513, 19.579284668, 17.9753551483, 13.9995517731, 7.92050600052, 6.38412427902, 5.21303987503, 4.57604122162, 2.96300959587, 1.72448992729, 1.00007152557, 0.455343008041, 0.0569844320416, 0.00211522052996, 0.00012289667211, 1.61510961334e-05, 4.30204863733e-06, 3.46217871083e-06, 5.70203337702e-06],
        "dmean2": [0.00586118735373, 0.0616571679711, 0.291776865721, 1.01128613949, 3.28869581223, 4.83060741425, 5.34928035736, 4.73210716248, 7.54498815536, 13.592171669, 21.2164783478, 26.3822879791, 22.8213596344, 30.1516952515, 29.5291118622, 33.9673728943, 38.5752677917, 42.5438919067, 60.7593917847, 57.9487457275, 47.3404312134, 52.5787620544, 29.915189743, 28.4046154022, 21.7335300446, 12.5945014954, 9.99785518646, 8.27741336823, 7.18634223938, 4.64210271835, 2.64873933792, 1.51263749599, 0.705280482769, 0.0855096653104, 0.00327677722089, 0.000183935000678, 2.34107628785e-05, 6.20294531473e-06, 4.96463462696e-06, 8.27531221148e-06],
        "dvar": [2.32270376728e-05, 0.00816950481385, 0.139019101858, 1.1501737833, 17.1949768066, 39.7505302429, 62.2090988159, 50.1539039612, 93.5088119507, 430.809997559, 877.848510742, 1747.10546875, 1088.69360352, 1516.04650879, 2557.1550293, 2314.97998047, 2873.65869141, 5006.05224609, 8513.3125, 7972.60791016, 6294.62402344, 5352.58740234, 1516.40771484, 1104.70031738, 972.361877441, 239.564407349, 123.157447815, 156.908218384, 208.160232544, 107.29863739, 44.9116706848, 23.3370113373, 5.56597948074, 0.100159153342, 0.000209000631003, 5.2233747283e-07, 5.24280263647e-09, 2.37243308332e-10, 3.65689631354e-11, 5.1148398017e-11],
        "dvar2": [6.82829704601e-05, 0.0211876574904, 0.351257622242, 3.14599251747, 46.5453529358, 104.763084412, 147.321807861, 115.244987488, 219.047515869, 1025.828125, 2129.72827148, 4271.15917969, 2447.56469727, 3400.82226562, 6216.27929688, 5221.90869141, 6778.60400391, 11664.4511719, 20515.046875, 18049.6347656, 12757.8876953, 12187.7744141, 3180.70605469, 2574.69262695, 2483.41723633, 608.613098145, 280.942962646, 343.519714355, 499.385650635, 260.856872559, 88.3719940186, 39.2748756409, 11.0063142776, 0.152449309826, 0.000365669082385, 8.89451541752e-07, 8.67153282513e-09, 4.10264988648e-10, 6.68726116149e-11, 9.64795951464e-11],
        "max": [0.0799418464303, 2.58869981766, 10.3651132584, 14.4006223679, 60.5200386047, 184.939804077, 168.643081665, 235.285583496, 206.990890503, 609.416931152, 674.747253418, 1249.71594238, 837.332397461, 855.703979492, 1648.2142334, 1242.16101074, 1589.02954102, 1933.32873535, 2602.17724609, 2779.5, 3336.22949219, 1869.46740723, 1268.96643066, 600.916503906, 1192.89172363, 577.972839355, 234.557830811, 488.073913574, 451.848571777, 293.080535889, 286.020812988, 338.330993652, 132.611740112, 23.9283180237, 0.963140904903, 0.0484785959125, 0.00483231619, 0.000941798032727, 0.000286052847514, 0.000155938658281],
        "mean": [0.0046871858649, 0.0569991208613, 0.314960092306, 0.906299054623, 2.35332417488, 4.28411149979, 5.7959318161, 5.13220405579, 8.11703681946, 14.1543855667, 23.2121067047, 29.9417324066, 28.8072624207, 35.0965003967, 34.6032905579, 39.4169311523, 44.62840271, 49.8600921631, 73.0439224243, 74.9543151855, 65.0746841431, 66.6433334351, 42.831287384, 37.3999786377, 27.7851638794, 15.9853134155, 13.5059165955, 10.8085899353, 9.02687835693, 5.49806547165, 3.24945688248, 1.85354864597, 0.776540875435, 0.10702085495, 0.00365719036199, 0.000247030286118, 4.20569485868e-05, 1.2571449588e-05, 1.34339024953e-05, 2.2926247766e-05],
        "median": [0.00315654743463, 0.0250769853592, 0.152243554592, 0.538311839104, 1.19173264503, 2.1542289257, 2.19329357147, 2.55833554268, 4.01869678497, 6.43462514877, 8.75555038452, 9.21003913879, 10.8013429642, 15.5842142105, 12.2689294815, 14.8354663849, 16.278968811, 18.5343322754, 31.4307613373, 31.7414855957, 24.3049030304, 32.5290260315, 25.5635261536, 21.9051017761, 16.366235733, 10.0059890747, 7.71753120422, 6.33708763123, 4.72213840485, 2.80110120773, 1.51642715931, 0.854374885559, 0.329075336456, 0.0440952219069, 0.00137862644624, 0.000114574359031, 2.62418307102e-05, 8.77643196873e-06, 1.15386319521e-05, 2.03970485018e-05],
        "min": [5.09487772012e-22, 3.38006516246e-21, 2.46379117987e-21, 6.37583546014e-21, 3.66611875856e-20, 3.90494680404e-20, 1.45889560293e-19, 2.01321815347e-19, 3.38449245282e-19, 2.00794952996e-19, 7.58508905279e-19, 1.54081662396e-18, 1.07628346908e-18, 1.15475674963e-18, 2.75554706993e-18, 2.91804980319e-18, 3.2111933065e-18, 3.50491025277e-18, 4.43890800654e-18, 4.15285571583e-18, 5.83453540785e-18, 8.72866790401e-18, 7.31973530255e-18, 9.07036215299e-18, 1.4761473128e-17, 1.01721336417e-17, 1.35499074751e-17, 9.84720799808e-18, 1.56444702339e-17, 1.320429239e-17, 1.36008816531e-17, 1.60150190242e-17, 1.44892314448e-17, 1.02494923997e-17, 8.33509288702e-18, 4.81424534539e-18, 2.73989019529e-18, 1.22274665328e-18, 2.89295019658e-19, 3.27243959436e-20],
        "var": [2.58191284956e-05, 0.00990430545062, 0.22179479897, 1.38369822502, 14.6498193741, 49.4948616028, 133.097396851, 103.79334259, 169.714324951, 701.06036377, 1861.55480957, 3731.43457031, 3058.47460938, 3120.00585938, 5692.08642578, 5780.60791016, 7553.75537109, 9992.55957031, 16918.6035156, 20529.4941406, 17973.4804688, 12252.2773438, 5356.23876953, 2677.41894531, 1461.0958252, 405.349914551, 314.171081543, 330.40802002, 333.763244629, 144.75604248, 82.6535415649, 44.5911331177, 8.98405838013, 0.210509926081, 0.000385616411222, 1.01167120192e-06, 1.08361888351e-08, 5.06276631729e-10, 1.14022673248e-10, 2.16436923939e-10]
    },
    "gfcc": {
        "mean": [-31.2836380005, 109.431442261, -194.331802368, 55.4844245911, -76.9430541992, 8.05743980408, -31.8466205597, -12.6429281235, -0.389873474836, -25.7825698853, 2.93350768089, -20.0823497772, 2.78010463715],
        "cov": [[3552.84790039, -181.947570801, -739.175170898, -67.1213989258, -145.780212402, 81.4421920776, 19.4979228973, -79.5159759521, -27.9292812347, -56.9244041443, -82.7560348511, -95.7227020264, -46.1000328064], [-181.947570801, 534.445800781, 169.658065796, -38.3013954163, 47.9194450378, -106.104644775, 33.2694282532, -20.9741134644, -0.340989947319, -64.3331832886, 25.0780754089, -26.657333374, -29.4842014313], [-739.175170898, 169.658065796, 678.918395996, 288.216949463, -88.6462554932, -25.552936554, -98.268661499, 7.65461587906, -37.3893051147, -9.56109619141, 12.4490413666, 33.3102684021, -10.5343561172], [-67.1213989258, -38.3013954163, 288.216949463, 326.115783691, 28.9942703247, -26.0009708405, -102.89730072, -11.0837154388, -0.724781572819, 2.04071617126, -24.584356308, 23.8921413422, 1.94599759579], [-145.780212402, 47.9194450378, -88.6462554932, 28.9942703247, 240.385848999, 1.11703670025, -10.5223808289, -14.4419555664, 37.1163291931, -5.65552139282, -17.6658668518, -10.3575334549, 9.27258205414], [81.4421920776, -106.104644775, -25.552936554, -26.0009708405, 1.11703670025, 202.902664185, 64.611907959, -9.41420936584, -42.568107605, 26.9203605652, -1.20892035961, -29.1400547028, -16.6944389343], [19.4979228973, 33.2694282532, -98.268661499, -102.89730072, -10.5223808289, 64.611907959, 184.752593994, 32.2551727295, -46.2265014648, -16.6346683502, 14.0071163177, -21.7855949402, -25.6601905823], [-79.5159759521, -20.9741134644, 7.65461587906, -11.0837154388, -14.4419555664, -9.41420936584, 32.2551727295, 92.3699493408, 25.192653656, -8.09789848328, 2.39155840874, 6.48249292374, -0.488736301661], [-27.9292812347, -0.340989947319, -37.3893051147, -0.724781572819, 37.1163291931, -42.568107605, -46.2265014648, 25.192653656, 117.68245697, 26.2097892761, -27.6035938263, 4.34027385712, 3.7342877388], [-56.9244041443, -64.3331832886, -9.56109619141, 2.04071617126, -5.65552139282, 26.9203605652, -16.6346683502, -8.09789848328, 26.2097892761, 85.8786010742, 20.576587677, -14.6016368866, 5.9738574028], [-82.7560348511, 25.0780754089, 12.4490413666, -24.584356308, -17.6658668518, -1.20892035961, 14.0071163177, 2.39155840874, -27.6035938263, 20.576587677, 77.3228759766, 29.2160987854, -4.47083425522], [-95.7227020264, -26.657333374, 33.3102684021, 23.8921413422, -10.3575334549, -29.1400547028, -21.7855949402, 6.48249292374, 4.34027385712, -14.6016368866, 29.2160987854, 82.0551376343, 29.6733837128], [-46.1000328064, -29.4842014313, -10.5343561172, 1.94599759579, 9.27258205414, -16.6944389343, -25.6601905823, -0.488736301661, 3.7342877388, 5.9738574028, -4.47083425522, 29.6733837128, 71.4234313965]],
        "icov": [[0.00073298602365, -0.000749632716179, 0.0019820840098, -0.00171914172824, 0.00159947038628, -0.000908012036234, 0.000703138415702, 2.52153822657e-05, 4.17370793002e-05, 0.000772160419729, 1.99171190616e-05, 0.00047307353816, 7.36665533623e-05], [-0.000749632716179, 0.006251079496, -0.00524622108787, 0.00372009794228, -0.00319360871799, 0.00355238677002, -0.00370774092153, 0.00451210141182, -0.00519772665575, 0.00643715681508, -0.00708748679608, 0.00647218665108, -0.00223395018838], [0.0019820840098, -0.00524622108787, 0.0101396003738, -0.00848301593214, 0.00653733871877, -0.00423545110971, 0.00428211921826, -0.00314376153983, 0.00327359745279, -0.00109312147833, 0.00260977679864, -0.00217307475396, 0.00150494824629], [-0.00171914172824, 0.00372009794228, -0.00848301593214, 0.0120467646047, -0.00675311777741, 0.00388075876981, -0.000208719167858, 0.00017860106891, 0.00214174762368, -0.00358281726949, 0.00383515655994, -0.00338578852825, 0.00239112670533], [0.00159947038628, -0.00319360871799, 0.00653733871877, -0.00675311777741, 0.00968942884356, -0.00373474508524, 0.00161800708156, 0.000767447170801, -0.0026884500403, 0.00347823067568, -0.00151914695743, 0.00240544532426, -0.00192692747805], [-0.000908012036234, 0.00355238677002, -0.00423545110971, 0.00388075876981, -0.00373474508524, 0.00961980316788, -0.00409663608298, 0.00173871801235, 0.00206743460149, -0.00324828876182, 0.00113923521712, 0.000837086641695, 0.00131057854742], [0.000703138415702, -0.00370774092153, 0.00428211921826, -0.000208719167858, 0.00161800708156, -0.00409663608298, 0.0124817127362, -0.00740179978311, 0.00785611849278, -0.00323032634333, 0.00482418294996, -0.0037685551215, 0.00455363607034], [2.52153822657e-05, 0.00451210141182, -0.00314376153983, 0.00017860106891, 0.000767447170801, 0.00173871801235, -0.00740179978311, 0.0191972199827, -0.0128622734919, 0.0113087138161, -0.0110411541536, 0.00849413871765, -0.00530419312418], [4.17370793002e-05, -0.00519772665575, 0.00327359745279, 0.00214174762368, -0.0026884500403, 0.00206743460149, 0.00785611849278, -0.0128622734919, 0.0276254620403, -0.021878939122, 0.0233156811446, -0.0177653059363, 0.0110982479528], [0.000772160419729, 0.00643715681508, -0.00109312147833, -0.00358281726949, 0.00347823067568, -0.00324828876182, -0.00323032634333, 0.0113087138161, -0.021878939122, 0.0375603660941, -0.0293481573462, 0.0251861847937, -0.0135003952309], [1.99171190616e-05, -0.00708748679608, 0.00260977679864, 0.00383515655994, -0.00151914695743, 0.00113923521712, 0.00482418294996, -0.0110411541536, 0.0233156811446, -0.0293481573462, 0.0434737280011, -0.0297381747514, 0.0158005189151], [0.00047307353816, 0.00647218665108, -0.00217307475396, -0.00338578852825, 0.00240544532426, 0.000837086641695, -0.0037685551215, 0.00849413871765, -0.0177653059363, 0.0251861847937, -0.0297381747514, 0.0379689522088, -0.0174772813916], [7.36665533623e-05, -0.00223395018838, 0.00150494824629, 0.00239112670533, -0.00192692747805, 0.00131057854742, 0.00455363607034, -0.00530419312418, 0.0110982479528, -0.0135003952309, 0.0158005189151, -0.0174772813916, 0.024238390848]]
    },
    "melbands": {
        "dmean": [3.31535011355e-05, 7.70473707234e-05, 0.000133899506181, 0.000171247578692, 0.000117702176794, 6.6383232479e-05, 7.92105565779e-05, 9.34386480367e-05, 0.000118916177598, 0.000106699386379, 7.74905129219e-05, 8.03412040113e-05, 6.67702479404e-05, 5.45957482245e-05, 6.74328621244e-05, 5.19690038345e-05, 5.69386975258e-05, 6.80607699906e-05, 6.50184229016e-05, 4.54516339232e-05, 4.06250037486e-05, 4.20892647526e-05, 2.49859240284e-05, 1.49494180732e-05, 1.62983105838e-05, 1.13654505185e-05, 1.00916440715e-05, 4.71052135254e-06, 4.28477187597e-06, 4.18249101131e-06, 2.97257111015e-06, 2.97702240459e-06, 2.1867833766e-06, 1.58182024279e-06, 1.10160567601e-06, 8.11166557924e-07, 6.07401148045e-07, 4.19584836209e-07, 1.27052004473e-07, 2.14772715168e-08],
        "dmean2": [5.62714485568e-05, 0.000124821439385, 0.000228267032071, 0.00028964842204, 0.000191418541363, 0.000106234670966, 0.000125674938317, 0.000148643521243, 0.000189736034372, 0.000166090743733, 0.000118852185551, 0.000125405320432, 0.000106085855805, 8.56704427861e-05, 0.000107595828013, 8.29461569083e-05, 8.84442561073e-05, 0.000107144289359, 0.000102749436337, 7.02828619978e-05, 6.18219928583e-05, 6.48895293125e-05, 3.89579290641e-05, 2.33616392507e-05, 2.613475408e-05, 1.77740785148e-05, 1.59433202498e-05, 7.6205460573e-06, 6.79501999912e-06, 6.64718481858e-06, 4.78543643112e-06, 4.71514022138e-06, 3.44828958987e-06, 2.53243592852e-06, 1.69737791111e-06, 1.25009398744e-06, 9.45196006796e-07, 6.66787400405e-07, 1.89626788938e-07, 3.39544286021e-08],
        "dvar": [3.92841625896e-09, 2.73612084101e-08, 6.30518428579e-08, 1.26650718357e-07, 7.10981495899e-08, 2.23447251813e-08, 2.63301274117e-08, 4.7070827236e-08, 7.09975012114e-08, 6.80175915591e-08, 2.92709163574e-08, 2.59911310252e-08, 2.70560516213e-08, 1.52941836973e-08, 2.58286760868e-08, 1.59894515406e-08, 2.32700632097e-08, 3.33040581779e-08, 2.46663809378e-08, 1.7541822217e-08, 1.02246744405e-08, 8.78771100332e-09, 2.057349624e-09, 1.19927012765e-09, 9.9063834913e-10, 6.90304147177e-10, 4.7327131103e-10, 1.01305075439e-10, 5.91212495626e-11, 6.38397598673e-11, 6.79598530229e-11, 7.56407020353e-11, 6.01608970974e-11, 2.82259094569e-11, 1.56686972425e-11, 1.24855117564e-11, 9.30220483975e-12, 5.05082390842e-12, 3.91895988317e-13, 1.88947199087e-14],
        "dvar2": [1.06705133618e-08, 6.783820794e-08, 1.72570622681e-07, 3.38524159815e-07, 1.72216331862e-07, 5.11437292516e-08, 6.07594401458e-08, 1.10362670114e-07, 1.74195406544e-07, 1.62292380423e-07, 6.61852226358e-08, 5.7528630748e-08, 6.61895498411e-08, 3.47547697288e-08, 5.94388573916e-08, 3.88554610709e-08, 5.3821004542e-08, 8.145241992e-08, 5.58123964822e-08, 3.81269984473e-08, 2.07995292101e-08, 1.98620035974e-08, 4.62987070904e-09, 2.69574140788e-09, 2.34499530904e-09, 1.64985314299e-09, 1.19118381825e-09, 2.61380916911e-10, 1.38284161899e-10, 1.5041211332e-10, 1.50457590831e-10, 1.85987905632e-10, 1.39817005196e-10, 7.25082563435e-11, 3.0626043368e-11, 2.47093612932e-11, 1.65542059227e-11, 1.11823128882e-11, 5.85240243853e-13, 3.13672190706e-14],
        "max": [0.00140839081723, 0.00487308669835, 0.00287323654629, 0.00854369718581, 0.00530092138797, 0.00492370314896, 0.0042355870828, 0.00542376050726, 0.00559453759342, 0.00718169845641, 0.00416438793764, 0.00348965032026, 0.00510403094813, 0.00368559919298, 0.00423275167122, 0.0028695485089, 0.00409290660173, 0.00561354821548, 0.0044555622153, 0.00473606958985, 0.00387513265014, 0.00213291170076, 0.000973521848209, 0.00156117649749, 0.000550162512809, 0.000950263638515, 0.000627470610198, 0.000431896391092, 0.000184675678611, 0.000209097037441, 0.000341142091202, 0.000262258341536, 0.000257780629909, 0.000165232690051, 0.000160716168466, 0.000205264048418, 0.000198670168174, 0.000102837846498, 4.84699485241e-05, 9.86467875919e-06],
        "mean": [5.49034884898e-05, 0.000135380527354, 0.00019279809203, 0.000240040841163, 0.000206222437555, 0.000117564988614, 0.000134038244141, 0.000156950918608, 0.000201169852517, 0.00018673260638, 0.000141779339174, 0.000140092641232, 0.000118241317978, 9.45725478232e-05, 0.000115366259706, 8.57561390148e-05, 9.5217335911e-05, 0.00011429139704, 0.00011950127373, 8.23290974949e-05, 7.55300425226e-05, 7.53363565309e-05, 4.76953064208e-05, 2.98712311633e-05, 3.11251460516e-05, 2.11151364056e-05, 1.77149086085e-05, 8.61939770402e-06, 8.33918238641e-06, 7.94116022007e-06, 5.60932903682e-06, 5.50125059817e-06, 3.84608620152e-06, 2.71245085059e-06, 1.94390872821e-06, 1.43677198139e-06, 1.02736873941e-06, 6.45651027753e-07, 2.36775520079e-07, 3.21805302406e-08],
        "median": [3.43470928783e-05, 6.46029802738e-05, 0.00011209899094, 0.000131582346512, 8.65522306412e-05, 5.96362879151e-05, 6.47674823995e-05, 6.86464700266e-05, 6.85998675181e-05, 5.11213002028e-05, 4.75223241665e-05, 5.6894365116e-05, 3.94998933189e-05, 3.04489494738e-05, 3.87253821827e-05, 2.61185141426e-05, 3.07279296976e-05, 3.99051350541e-05, 4.47601341875e-05, 2.62873272732e-05, 2.46642448474e-05, 2.96232956316e-05, 2.36313881032e-05, 1.71964547917e-05, 1.61541047419e-05, 1.11579793156e-05, 8.97879181139e-06, 4.74511580251e-06, 4.41916654381e-06, 4.1616353883e-06, 2.89164086098e-06, 2.72038755611e-06, 1.83133795417e-06, 1.31451554353e-06, 8.65811500717e-07, 6.55929056848e-07, 4.41680299446e-07, 2.53424616403e-07, 9.91417934415e-08, 9.92745441408e-09],
        "min": [6.86543121459e-24, 2.30028250645e-24, 1.49122104282e-24, 4.08774507665e-24, 4.13739677089e-24, 5.70293580794e-24, 4.21795366881e-24, 2.00161957052e-24, 6.83926233178e-24, 9.4855838019e-24, 4.87513002312e-24, 3.83227562794e-24, 7.115894552e-24, 9.80922503232e-24, 4.80997957868e-24, 7.73325788528e-24, 5.59502515813e-24, 6.06687244783e-24, 5.00977359129e-24, 7.78694381419e-24, 6.4995646265e-24, 9.26302799674e-24, 7.84805213535e-24, 6.12284449564e-24, 6.08495511193e-24, 9.26189124818e-24, 7.85922950552e-24, 4.46910134305e-24, 7.86913286532e-24, 6.24000414513e-24, 5.34429636903e-24, 9.22809802472e-24, 8.71477676736e-24, 6.75971517582e-24, 7.02595415361e-24, 9.96775451984e-24, 8.72467618286e-24, 9.31395291248e-24, 9.78156283582e-24, 7.90661638009e-24],
        "var": [4.63014337981e-09, 4.28837161337e-08, 6.51135607654e-08, 1.30484011152e-07, 1.43071559933e-07, 4.75611408035e-08, 4.73910617416e-08, 8.66048495141e-08, 1.44649291656e-07, 1.52941439069e-07, 7.89056926465e-08, 5.30824664224e-08, 6.61349659481e-08, 3.55664013796e-08, 6.39510773226e-08, 3.3152950607e-08, 4.5945185434e-08, 5.41297211498e-08, 5.93528461934e-08, 3.7060200242e-08, 2.6911507689e-08, 2.02358023671e-08, 5.25937915441e-09, 2.78896150618e-09, 2.29355601178e-09, 1.11558862148e-09, 7.7315404079e-10, 1.54778800887e-10, 1.3875026128e-10, 1.4106994739e-10, 1.23052651402e-10, 1.17698129021e-10, 9.08466843419e-11, 3.31322191904e-11, 2.9280040198e-11, 2.1663929331e-11, 1.65262716706e-11, 6.82300960522e-12, 8.34927721578e-13, 3.58597293569e-14]
    },
    "mfcc": {
        "mean": [-633.00201416, 100.893295288, -39.7424163818, 23.3968906403, -11.7534685135, 7.03059434891, -15.2261552811, 7.74886655807, -8.35859870911, 4.34587955475, -7.67748022079, 0.914491891861, -8.73027420044],
        "cov": [[3146.76464844, -333.499786377, -616.47845459, -235.507919312, -219.266159058, 85.0028457642, -25.8427696228, 6.36581611633, -5.72535514832, 53.2428970337, -22.2459049225, -41.9808692932, -95.8376541138], [-333.499786377, 571.670043945, -0.389779627323, 13.8077507019, -12.1494226456, -66.5809555054, 16.4650497437, 21.9012775421, -25.1003227234, -13.0007190704, 7.86226415634, -2.77940249443, 5.86939573288], [-616.47845459, -0.389779627323, 715.73638916, 213.811538696, 45.0042114258, -17.6659049988, -16.1985569, -16.3006725311, -48.0439758301, -61.8803863525, -26.0477485657, 36.9908714294, 19.665014267], [-235.507919312, 13.8077507019, 213.811538696, 315.190704346, 134.654663086, -33.1401939392, -72.4028091431, -4.36260223389, -2.70652389526, -51.9562911987, -33.2326507568, 18.2577266693, 5.21800708771], [-219.266159058, -12.1494226456, 45.0042114258, 134.654663086, 242.357620239, 30.820684433, -84.397895813, -26.7838344574, 22.2586994171, -14.0877571106, -23.481086731, 12.0302715302, 13.0557775497], [85.0028457642, -66.5809555054, -17.6659049988, -33.1401939392, 30.820684433, 151.242599487, 48.7497825623, -19.9060325623, -0.470095545053, 18.8975429535, 6.0441532135, -9.48392868042, -17.280330658], [-25.8427696228, 16.4650497437, -16.1985569, -72.4028091431, -84.397895813, 48.7497825623, 209.352081299, 34.5661506653, -28.6798725128, 10.9421739578, 13.5864372253, -16.5821170807, -17.1788921356], [6.36581611633, 21.9012775421, -16.3006725311, -4.36260223389, -26.7838344574, -19.9060325623, 34.5661506653, 113.892616272, 12.6200838089, -21.4049072266, 7.13263130188, 1.28992247581, -6.6259560585], [-5.72535514832, -25.1003227234, -48.0439758301, -2.70652389526, 22.2586994171, -0.470095545053, -28.6798725128, 12.6200838089, 98.7083969116, 26.0967063904, -9.37590122223, 0.00668080663309, 0.881478369236], [53.2428970337, -13.0007190704, -61.8803863525, -51.9562911987, -14.0877571106, 18.8975429535, 10.9421739578, -21.4049072266, 26.0967063904, 103.41229248, 24.1612949371, -27.36693573, -8.66048622131], [-22.2459049225, 7.86226415634, -26.0477485657, -33.2326507568, -23.481086731, 6.0441532135, 13.5864372253, 7.13263130188, -9.37590122223, 24.1612949371, 87.8169021606, 8.29421043396, -14.111664772], [-41.9808692932, -2.77940249443, 36.9908714294, 18.2577266693, 12.0302715302, -9.48392868042, -16.5821170807, 1.28992247581, 0.00668080663309, -27.36693573, 8.29421043396, 95.630531311, 23.1681232452], [-95.8376541138, 5.86939573288, 19.665014267, 5.21800708771, 13.0557775497, -17.280330658, -17.1788921356, -6.6259560585, 0.881478369236, -8.66048622131, -14.111664772, 23.1681232452, 82.9064331055]],
