{
"lowlevel": {
    "average_loudness": 0.732746481895,
    "barkbands_crest": {
        "dmean": 2.54479670525,
        "dmean2": 4.17419338226,
        "dvar": 5.05175256729,
        "dvar2": 12.973443985,
        "max": 23.8935337067,
        "mean": 9.54391098022,
        "median": 8.65750026703,
        "min": 3.15930938721,
        "var": 14.5936927795
    },
    "barkbands_flatness_db": {
        "dmean": 0.0192696005106,
        "dmean2": 0.0299277212471,
        "dvar": 0.000276043138001,
        "dvar2": 0.000645388616249,
        "max": 0.351240932941,
        "mean": 0.172630295157,
        "median": 0.170490965247,
        "min": 0.0183493681252,
        "var": 0.00145442108624
    },
    "barkbands_kurtosis": {
        "dmean": 1.9483550787,
        "dmean2": 3.1111638546,
        "dvar": 7.77961540222,
        "dvar2": 19.3089618683,
        "max": 46.4196662903,
        "mean": 2.80379223824,
        "median": 1.6123380661,
        "min": -1.8272742033,
        "var": 17.9192123413
    },
    "barkbands_skewness": {
        "dmean": 0.460443943739,
        "dmean2": 0.703631460667,
        "dvar": 0.180620729923,
        "dvar2": 0.42566627264,
        "max": 6.37242794037,
        "mean": 1.10073518753,
        "median": 1.1049977541,
        "min": -2.49755716324,
        "var": 1.03514647484
    },
    "barkbands_spread": {
        "dmean": 3.44306945801,
        "dmean2": 5.367811203,
        "dvar": 15.8631048203,
        "dvar2": 36.9761581421,
        "max": 85.2958145142,
        "mean": 14.1864938736,
        "median": 12.3012313843,
        "min": 1.58525574207,
        "var": 72.0269470215
    },
    "dissonance": {
        "dmean": 0.025514241308,
        "dmean2": 0.0434359945357,
        "dvar": 0.000557628110982,
        "dvar2": 0.00158091203775,
        "max": 0.500000119209,
        "mean": 0.451999604702,
        "median": 0.458781182766,
        "min": 0.237552806735,
        "var": 0.00114829605445
    },
    "dynamic_complexity": 4.24558782578,
    "erbbands_crest": {
        "dmean": 3.1110253334,
        "dmean2": 5.07422780991,
        "dvar": 8.18842983246,
        "dvar2": 21.1000099182,
        "max": 31.6799278259,
        "mean": 10.9311084747,
        "median": 9.54098129272,
        "min": 2.20438456535,
        "var": 28.4518299103
    },
    "erbbands_flatness_db": {
        "dmean": 0.0168306585401,
        "dmean2": 0.0250350646675,
        "dvar": 0.000232446705922,
        "dvar2": 0.000473027728731,
        "max": 0.382622987032,
        "mean": 0.213152840734,
        "median": 0.209720909595,
        "min": 0.0524837784469,
        "var": 0.00204203277826
    },
    "erbbands_kurtosis": {
        "dmean": 1.10280704498,
        "dmean2": 1.78709590435,
        "dvar": 2.07764816284,
        "dvar2": 5.12375879288,
        "max": 32.6071052551,
        "mean": 1.07893323898,
        "median": 0.38032412529,
        "min": -1.82681262493,
        "var": 6.90335464478
    },
    "erbbands_skewness": {
        "dmean": 0.390371412039,
        "dmean2": 0.617613375187,
        "dvar": 0.122617475688,
        "dvar2": 0.307490646839,
        "max": 3.7759616375,
        "mean": 0.461785674095,
        "median": 0.484326094389,
        "min": -3.37520933151,
        "var": 0.506204664707
    },
    "erbbands_spread": {
        "dmean": 5.52300453186,
        "dmean2": 8.45079803467,
        "dvar": 34.1760978699,
        "dvar2": 74.6972351074,
        "max": 104.609695435,
        "mean": 25.3965473175,
        "median": 23.5051994324,
        "min": 2.22467923164,
        "var": 181.197341919
    },
    "hfc": {
        "dmean": 4.75603818893,
        "dmean2": 6.7823472023,
        "dvar": 37.5320777893,
        "dvar2": 77.9308395386,
        "max": 172.818023682,
        "mean": 17.0193080902,
        "median": 11.8907155991,
        "min": 1.1291301235e-16,
        "var": 265.268981934
    },
    "melbands_crest": {
        "dmean": 3.14016246796,
        "dmean2": 5.10889005661,
        "dvar": 7.76959705353,
        "dvar2": 19.7044181824,
        "max": 32.4518814087,
        "mean": 12.3083963394,
        "median": 11.248295784,
        "min": 1.97418618202,
        "var": 24.2616024017
    },
    "melbands_flatness_db": {
        "dmean": 0.0219815652817,
        "dmean2": 0.0325931273401,
        "dvar": 0.000396378280129,
        "dvar2": 0.000845016737003,
        "max": 0.445788860321,
        "mean": 0.211275979877,
        "median": 0.208192661405,
        "min": 0.00462871883065,
        "var": 0.00234514614567
    },
    "melbands_kurtosis": {
        "dmean": 3.38770651817,
        "dmean2": 5.33955812454,
        "dvar": 30.2573451996,
        "dvar2": 77.0408935547,
        "max": 131.221435547,
        "mean": 6.01651477814,
        "median": 3.62800979614,
        "min": -1.90605545044,
        "var": 70.1236343384
    },
    "melbands_skewness": {
        "dmean": 0.540250301361,
        "dmean2": 0.821745753288,
        "dvar": 0.271392554045,
        "dvar2": 0.646016478539,
        "max": 9.74594783783,
        "mean": 1.60864174366,
        "median": 1.52675056458,
        "min": -1.76292741299,
        "var": 1.50212228298
    },
    "melbands_spread": {
        "dmean": 5.16903162003,
        "dmean2": 7.99665403366,
        "dvar": 48.2678260803,
        "dvar2": 107.540428162,
        "max": 221.609466553,
        "mean": 20.0057487488,
        "median": 17.0727596283,
        "min": 1.64186763763,
        "var": 211.625167847
    },
    "pitch_salience": {
        "dmean": 0.0687267407775,
        "dmean2": 0.112289056182,
        "dvar": 0.00348836835474,
        "dvar2": 0.00918391160667,
        "max": 0.860961139202,
        "mean": 0.593881368637,
        "median": 0.601492464542,
        "min": 0.150625005364,
        "var": 0.0112696541473
    },
    "silence_rate_20dB": {
        "dmean": 0,
        "dmean2": 0,
        "dvar": 0,
        "dvar2": 0,
        "max": 1,
        "mean": 1,
        "median": 1,
        "min": 1,
        "var": 0
    },
    "silence_rate_30dB": {
        "dmean": 0,
        "dmean2": 0,
        "dvar": 0,
        "dvar2": 0,
        "max": 1,
        "mean": 1,
        "median": 1,
        "min": 1,
        "var": 0
    },
    "silence_rate_60dB": {
        "dmean": 0.0205794740468,
        "dmean2": 0.0411645211279,
        "dvar": 0.0201583672315,
        "dvar2": 0.0473294630647,
        "max": 1,
        "mean": 0.128198191524,
        "median": 0,
        "min": 0,
        "var": 0.111749202013
    },
    "spectral_centroid": {
        "dmean": 181.717987061,
        "dmean2": 273.539123535,
        "dvar": 57507.3671875,
        "dvar2": 111968.828125,
        "max": 11472.2597656,
        "mean": 1094.04614258,
        "median": 963.539306641,
        "min": 212.462432861,
        "var": 380650.34375
    },
    "spectral_complexity": {
        "dmean": 2.69943141937,
        "dmean2": 4.10589027405,
        "dvar": 7.17611980438,
        "dvar2": 14.8507823944,
        "max": 47,
        "mean": 16.0220661163,
        "median": 16,
        "min": 0,
        "var": 62.2183113098
    },
    "spectral_decrease": {
        "dmean": 1.69097702507e-09,
        "dmean2": 2.54209542305e-09,
        "dvar": 4.54143001243e-18,
        "dvar2": 1.01584280861e-17,
        "max": 1.40872398561e-28,
        "mean": -5.57819612723e-09,
        "median": -4.74905981207e-09,
        "min": -2.83775136722e-08,
        "var": 1.97822609229e-17
    },
    "spectral_energy": {
        "dmean": 0.00675769429654,
        "dmean2": 0.0101242726669,
        "dvar": 7.1730108175e-05,
        "dvar2": 0.000159227260156,
        "max": 0.111382223666,
        "mean": 0.0225971341133,
        "median": 0.0192776490003,
        "min": 1.04041743471e-20,
        "var": 0.000326126173604
    },
    "spectral_energyband_high": {
        "dmean": 6.82321333443e-05,
        "dmean2": 9.88198517007e-05,
        "dvar": 1.44776217681e-08,
        "dvar2": 3.18966115742e-08,
        "max": 0.00373779586516,
        "mean": 0.000149093306391,
        "median": 9.64991049841e-05,
        "min": 7.09126025608e-21,
        "var": 3.48725279764e-08
    },
    "spectral_energyband_low": {
        "dmean": 0.00110089860391,
        "dmean2": 0.00169712631032,
        "dvar": 3.30996363118e-06,
        "dvar2": 8.1887583292e-06,
        "max": 0.0376745350659,
        "mean": 0.00228490983136,
        "median": 0.00117867346853,
        "min": 3.76507406626e-23,
        "var": 1.14322356239e-05
    },
    "spectral_energyband_middle_high": {
        "dmean": 0.0026877920609,
        "dmean2": 0.00392269482836,
        "dvar": 1.89694164874e-05,
        "dvar2": 4.2073392251e-05,
        "max": 0.0950811356306,
        "mean": 0.00785929244012,
        "median": 0.00334573793225,
        "min": 1.34845596073e-21,
        "var": 0.000110781948024
    },
    "spectral_energyband_middle_low": {
        "dmean": 0.00561508862302,
        "dmean2": 0.00876150745898,
        "dvar": 5.70939046156e-05,
        "dvar2": 0.000138027040521,
        "max": 0.104423962533,
        "mean": 0.0141730448231,
        "median": 0.0112618524581,
        "min": 3.01455483026e-22,
        "var": 0.000155290545081
    },
    "spectral_entropy": {
        "dmean": 0.1538066715,
        "dmean2": 0.225503012538,
        "dvar": 0.0204509254545,
        "dvar2": 0.0410030297935,
        "max": 9.80928516388,
        "mean": 7.22939062119,
        "median": 7.24241781235,
        "min": 5.80131578445,
        "var": 0.127419233322
    },
    "spectral_flux": {
        "dmean": 0.0199833512306,
        "dmean2": 0.0314689017832,
        "dvar": 0.000466134224553,
        "dvar2": 0.00102120428346,
        "max": 0.288315296173,
        "mean": 0.0742907449603,
        "median": 0.0708678588271,
        "min": 6.35464944554e-11,
        "var": 0.00175141415093
    },
    "spectral_kurtosis": {
        "dmean": 2.83397316933,
        "dmean2": 4.80175876617,
        "dvar": 7.91254425049,
        "dvar2": 21.1819496155,
        "max": 37.0841903687,
        "mean": 6.76817321777,
        "median": 5.61650753021,
        "min": -1.34993386269,
        "var": 19.6820068359
    },
    "spectral_rms": {
        "dmean": 0.000677109928802,
        "dmean2": 0.000988521147519,
        "dvar": 5.47603406176e-07,
        "dvar2": 1.12614645786e-06,
        "max": 0.0104242786765,
        "mean": 0.00423511397094,
        "median": 0.00433675711975,
        "min": 3.18597145194e-12,
        "var": 4.10978327636e-06
    },
    "spectral_rolloff": {
        "dmean": 303.427703857,
        "dmean2": 508.853485107,
        "dvar": 304872.9375,
        "dvar2": 699743,
        "max": 19164.5507812,
        "mean": 1321.91674805,
        "median": 1076.66015625,
        "min": 107.666015625,
        "var": 1188211
    },
    "spectral_skewness": {
        "dmean": 0.311302065849,
        "dmean2": 0.501443564892,
        "dvar": 0.0836403518915,
        "dvar2": 0.196304246783,
        "max": 5.02241754532,
        "mean": 1.81332468987,
        "median": 1.74132597446,
        "min": -0.189606055617,
        "var": 0.332865804434
    },
    "spectral_spread": {
        "dmean": 340420.34375,
        "dmean2": 501492.03125,
        "dvar": 392674312192,
        "dvar2": 629744795648,
        "max": 41557396,
        "mean": 3296814.25,
        "median": 3058329.5,
        "min": 1349685.25,
        "var": 2.20555064115e+12
    },
    "spectral_strongpeak": {
        "dmean": 0.724006772041,
        "dmean2": 1.18137347698,
        "dvar": 0.989450037479,
        "dvar2": 2.57589793205,
        "max": 14.3313360214,
        "mean": 1.48280084133,
        "median": 0.792709290981,
        "min": 0,
        "var": 2.76758241653
    },
    "zerocrossingrate": {
        "dmean": 0.00643320148811,
        "dmean2": 0.00774869602174,
        "dvar": 0.000103012142063,
        "dvar2": 0.000112451729365,
        "max": 0.798828125,
        "mean": 0.0500023253262,
        "median": 0.04443359375,
        "min": 0.00537109375,
        "var": 0.0010756761767
    },
    "barkbands": {
        "dmean": [4.7109224397e-06, 0.000274063611869, 0.000624002132099, 0.000881127547473, 0.00223702564836, 0.00126852816902, 0.00105192512274, 0.000638084486127, 0.00143990817014, 0.00166695844382, 0.000647942302749, 0.000793580315076, 0.000386845931644, 0.000715097528882, 0.000273009936791, 0.000225756972213, 0.000186495337402, 0.000111975343316, 8.72140008141e-05, 5.21364891028e-05, 2.34229719354e-05, 1.47335631482e-05, 1.11131903395e-05, 7.43034479456e-06, 1.3212028307e-06, 1.74681929366e-07, 1.01954167331e-09],
        "dmean2": [8.28939755593e-06, 0.000431348657003, 0.00098924501799, 0.0014703712659, 0.0035770367831, 0.00202510855161, 0.00170894141775, 0.00100516481325, 0.00223128986545, 0.00262124929577, 0.0010210131295, 0.00128970132209, 0.000603586959187, 0.00114117236808, 0.000437036680523, 0.000360310368706, 0.000302028085571, 0.000172826592461, 0.000135476409923, 8.05205418146e-05, 3.54376206815e-05, 2.23424758587e-05, 1.69898285094e-05, 1.14260501505e-05, 2.17893261834e-06, 2.94406618195e-07, 1.8639592092e-09],
        "dvar": [3.8556390719e-11, 3.06465551603e-07, 1.20885056276e-06, 2.89463423542e-06, 1.59179653565e-05, 4.51167397841e-06, 4.56488032796e-06, 2.32223010244e-06, 9.92486729956e-06, 1.7050666429e-05, 3.04089167003e-06, 4.06665867558e-06, 1.33089417886e-06, 2.81486677522e-06, 4.54078616485e-07, 7.40928101095e-07, 8.21190326405e-07, 7.09042851099e-08, 3.03814857716e-08, 8.92673135411e-09, 1.76292480614e-09, 9.96740245895e-10, 2.15588169539e-09, 8.41279046426e-10, 1.31893676536e-10, 6.54937326702e-14, 2.10117958338e-18],
        "dvar2": [1.08415658395e-10, 6.86148723616e-07, 3.13854775413e-06, 7.84491749073e-06, 4.1082410462e-05, 1.11822382678e-05, 1.15469292723e-05, 5.45623925063e-06, 2.37848307734e-05, 4.02989098802e-05, 7.41943176763e-06, 1.070765029e-05, 3.150651537e-06, 7.45640090827e-06, 1.13318321837e-06, 1.62885658028e-06, 2.23204688155e-06, 1.64275718362e-07, 6.85895287234e-08, 2.07061283675e-08, 3.81760578705e-09, 2.28300556238e-09, 6.16871087544e-09, 2.06271599801e-09, 3.79293346731e-10, 1.88318368603e-13, 6.56689051652e-18],
        "max": [6.97586146998e-05, 0.0180915761739, 0.0246188845485, 0.0269040558487, 0.0798464044929, 0.0509679801762, 0.0451674163342, 0.0406887680292, 0.0544129125774, 0.0971122905612, 0.0396877005696, 0.0429525561631, 0.0341745503247, 0.0235643386841, 0.0175468102098, 0.0489770546556, 0.0404778644443, 0.0136660067365, 0.00374568998814, 0.00329111143947, 0.00147203053348, 0.00060977274552, 0.00257136439905, 0.000809498887975, 0.000669550499879, 9.83497193374e-06, 1.62371485146e-08],
        "mean": [5.11301323058e-06, 0.000479202572023, 0.00110435951501, 0.001351235318, 0.00367703894153, 0.00242143892683, 0.00161866017152, 0.000979450414889, 0.00219815340824, 0.00298855127767, 0.00101515103597, 0.00131695554592, 0.000593437522184, 0.00114950886928, 0.000437884300482, 0.000356548291165, 0.000329349742969, 0.000207894438063, 0.000162399228429, 0.00010206202569, 4.30862746725e-05, 2.51479268627e-05, 2.02186038223e-05, 1.1761379028e-05, 2.0426532501e-06, 5.0514591976e-07, 9.16707210141e-10],
        "median": [2.90234106615e-06, 0.000138805888128, 0.000493526342325, 0.000581722182687, 0.00196218932979, 0.00144252297468, 0.000762332987506, 0.000409545347793, 0.000729337858502, 0.000521137029864, 0.000241052097408, 0.000301874766592, 0.000160154770128, 0.000227919153986, 0.000132231798489, 8.78363061929e-05, 7.67960882513e-05, 7.38044545869e-05, 6.94310365361e-05, 4.49545768788e-05, 2.39818473347e-05, 1.41015589179e-05, 1.29495701913e-05, 5.23151175003e-06, 1.04744276541e-06, 4.79779259877e-07, 4.19972695509e-10],
        "min": [2.60374428049e-24, 1.11322630995e-23, 1.6839466645e-23, 2.04239796008e-24, 1.40960750516e-23, 5.16497874006e-23, 2.00350112211e-23, 3.72938599891e-23, 1.79469721356e-23, 2.631456333e-23, 2.74247241265e-23, 4.37959418707e-23, 5.12586259876e-23, 6.02594815845e-23, 7.0601946612e-23, 5.21314090713e-23, 1.18846047935e-22, 1.41620235077e-22, 1.25788490907e-22, 2.75794683438e-22, 2.69431718755e-22, 3.75784204192e-22, 5.45194216668e-22, 7.57391489285e-22, 1.0619293611e-21, 1.43545290451e-21, 2.21892370618e-21],
        "var": [4.30319009592e-11, 1.44209241171e-06, 3.44139107256e-06, 4.54612882095e-06, 2.46571762545e-05, 9.42889710132e-06, 7.14444058758e-06, 4.37777407569e-06, 1.80565602932e-05, 5.5559376051e-05, 6.53709184917e-06, 9.12337782211e-06, 2.75265097116e-06, 6.09564358456e-06, 9.86398731584e-07, 1.35098491683e-06, 1.79461198968e-06, 1.88577956806e-07, 7.25363804577e-08, 2.91458839285e-08, 4.4808472488e-09, 1.51187240505e-09, 1.60109869807e-09, 1.04025710268e-09, 8.2021528458e-11, 6.2834232175e-14, 1.82557334304e-18]
    },
    "erbbands": {
        "dmean": [0.00323192845099, 0.0808951482177, 0.550021111965, 1.91736149788, 6.61278676987, 7.02844238281, 8.44877338409, 10.5299568176, 13.2585449219, 17.3402137756, 15.3039245605, 33.2295341492, 62.5420951843, 22.07604599, 25.8360729218, 36.154335022, 19.2544384003, 34.7901802063, 15.6837291718, 15.1450767517, 10.4550981522, 8.80957126617, 5.76354122162, 6.36217784882, 2.56735181808, 2.58671832085, 1.26539683342, 0.696437060833, 0.572938740253, 0.420974195004, 0.295936912298, 0.195409446955, 0.101709961891, 0.0250535104424, 0.00538262911141, 0.00131914578378, 0.000329215952661, 3.08885973936e-05, 3.52919664692e-06, 7.77170589572e-06],
        "dmean2": [0.0054290429689, 0.12484421581, 0.839850246906, 3.14226078987, 10.6671695709, 11.4058561325, 13.5179662704, 16.9686737061, 21.5911426544, 27.5256900787, 23.8041095734, 51.6663856506, 98.4944458008, 34.1315383911, 40.7954940796, 58.5660705566, 29.9594573975, 55.2199440002, 24.4569854736, 24.1475868225, 15.9992656708, 13.9438390732, 9.03083992004, 9.82423210144, 3.99523448944, 3.97955799103, 1.91883802414, 1.0454775095, 0.876155614853, 0.640713691711, 0.454412043095, 0.299829542637, 0.156257510185, 0.0400198511779, 0.00905595626682, 0.00221412302926, 0.000557193008717, 5.21415240655e-05, 5.22584468854e-06, 1.15840330182e-05],
        "dvar": [3.46703345713e-05, 0.0259953998029, 0.939866423607, 11.7758760452, 215.47505188, 137.129684448, 194.640884399, 383.721588135, 585.064025879, 1846.05859375, 1263.73083496, 6630.51953125, 21999.7949219, 2185.5324707, 4590.74316406, 8170.46240234, 3277.56591797, 6845.32568359, 1227.45581055, 1588.12756348, 2020.12011719, 1742.26269531, 332.139892578, 163.598510742, 17.0686740875, 23.6674785614, 5.61243677139, 1.90034592152, 1.6133607626, 0.774480700493, 2.34102296829, 0.727188766003, 0.193335935473, 0.0583668351173, 0.000704481150024, 1.1669464584e-05, 8.04858331094e-08, 7.38323291394e-10, 1.82511766117e-11, 9.36481447944e-11],
        "dvar2": [9.44249040913e-05, 0.0553626380861, 2.19103693962, 31.9283885956, 552.774353027, 359.307006836, 479.911682129, 971.234924316, 1476.76257324, 4430.70703125, 2874.1418457, 16558.6210938, 52898.4453125, 5203.28320312, 11306.796875, 21468.8242188, 7879.97509766, 18148.2910156, 2982.93457031, 4057.14794922, 3736.90917969, 4490.04492188, 863.335449219, 364.321594238, 40.108165741, 55.0778846741, 11.4747600555, 4.2946639061, 3.73276162148, 1.90000486374, 6.77010536194, 1.91279625893, 0.420617610216, 0.167604625225, 0.001990607474, 3.23722597386e-05, 2.24811728344e-07, 2.03855088365e-09, 3.93385705955e-11, 2.05247790985e-10],
        "max": [0.0968442708254, 5.61674690247, 28.0458030701, 54.7117042542, 266.603057861, 199.409469604, 293.16696167, 518.065429688, 442.765319824, 957.538879395, 1119.73693848, 1714.68383789, 3345.12255859, 1116.96142578, 1507.68652344, 1697.22241211, 1722.76794434, 1288.00488281, 619.348144531, 1272.09082031, 3124.40820312, 2572.93920898, 978.04296875, 301.292510986, 112.978553772, 159.668533325, 109.013847351, 37.0918464661, 26.4090576172, 23.4462203979, 88.7950897217, 32.1025543213, 15.0989227295, 14.1816167831, 1.13997590542, 0.133477389812, 0.00378468958661, 0.000318940990837, 6.77726638969e-05, 0.000129766165628],
        "mean": [0.00495179882273, 0.148651868105, 1.06866455078, 3.35552167892, 9.25095748901, 11.645154953, 15.1006975174, 18.9988117218, 22.4428310394, 25.4225120544, 25.3399105072, 52.3072853088, 115.020095825, 40.8018341064, 43.3307495117, 60.7481231689, 33.3948364258, 58.2537498474, 27.7490139008, 25.810792923, 19.3697566986, 17.0911922455, 11.8082952499, 12.2988262177, 5.28193044662, 5.08034276962, 2.46615695953, 1.28691768646, 0.950243473053, 0.748053491116, 0.541479229927, 0.327775061131, 0.150166928768, 0.0374769717455, 0.00886774342507, 0.00263772555627, 0.00101796817034, 7.61592164054e-05, 1.36129701787e-05, 2.66261959041e-05],
        "median": [0.00237372121774, 0.0469556637108, 0.461747825146, 1.66079044342, 3.68745231628, 6.23366308212, 8.45417785645, 10.4045286179, 12.0004634857, 8.97890663147, 11.3108844757, 19.1790332794, 21.3053760529, 14.7205638885, 14.7170419693, 15.4928321838, 10.7166118622, 12.9988708496, 8.80404376984, 7.64493942261, 4.816655159, 4.09740447998, 4.10859012604, 5.02028751373, 2.86032652855, 2.15014123917, 1.34828329086, 0.721309006214, 0.519226491451, 0.447630167007, 0.344702839851, 0.173669114709, 0.0573167204857, 0.0163815021515, 0.00569104310125, 0.00226686173119, 0.000986056984402, 7.24254496163e-05, 1.17375548143e-05, 2.26076372201e-05],
        "min": [2.1950803159e-22, 1.712889908e-21, 9.88347303724e-21, 1.48396153424e-20, 5.89019158328e-20, 3.93942989583e-20, 2.56226251623e-19, 4.47760878887e-19, 2.90829724037e-19, 4.54922143342e-19, 7.56317083451e-19, 4.45082985052e-19, 8.58067898517e-19, 1.14026940498e-18, 1.60168843165e-18, 1.78565029795e-18, 2.35933810307e-18, 3.52232778133e-18, 3.32239698651e-18, 2.48658246952e-18, 4.56369895529e-18, 7.6346065658e-18, 7.1184276656e-18, 6.78761911348e-18, 8.57012054164e-18, 1.05496373666e-17, 9.30233089371e-18, 1.299791e-17, 1.37547248394e-17, 9.07278331064e-18, 1.4488293422e-17, 1.32458772409e-17, 1.40018400843e-17, 1.04053059302e-17, 6.23300319816e-18, 4.74147950767e-18, 2.68618590761e-18, 1.03237754935e-18, 3.10001159847e-19, 3.32498591965e-20],
        "var": [6.03489679634e-05, 0.136891901493, 4.01989126205, 23.6900177002, 273.441711426, 251.340087891, 436.68081665, 713.188415527, 1009.31384277, 3232.32299805, 2676.46557617, 10496.2363281, 73757.765625, 5324.95849609, 9059.65917969, 17728.5878906, 6851.64355469, 15194.2060547, 2979.79223633, 3358.48632812, 5160.01367188, 4786.44677734, 866.27935791, 439.949676514, 49.1145019531, 74.7707138062, 17.1600131989, 3.80705928802, 2.33079886436, 1.09481346607, 1.59866714478, 0.762688755989, 0.256837368011, 0.0369442142546, 0.000474355940241, 9.36313062994e-06, 1.22520773971e-07, 1.07429809493e-09, 9.39946662171e-11, 4.50409654018e-10]
    },
    "gfcc": {
        "mean": [-48.7538337708, 123.080818176, -147.686233521, 15.8823280334, -69.731842041, 2.56881093979, -37.1753120422, -3.57085418701, -23.9186973572, -10.2700462341, -12.9114685059, -6.64677381516, -10.4951562881],
        "cov": [[6739.01757812, 1735.90673828, -963.771240234, -48.927230835, -58.2478256226, -96.6635513306, -30.72108078, -620.092895508, -54.8644180298, -471.438049316, 143.524536133, -500.513061523, -47.4854774475], [1735.90673828, 1006.89630127, 74.3442382812, -162.360855103, 136.825561523, -31.045841217, -19.7652416229, -257.622619629, -82.0304260254, -145.272644043, 45.2252082825, -188.434799194, -61.6832618713], [-963.771240234, 74.3442382812, 814.797607422, 160.996276855, -24.1932849884, 109.427680969, -60.4025382996, 39.2594451904, -60.8251342773, 64.5863876343, -51.4999580383, 40.4200935364, -57.6069831848], [-48.927230835, -162.360855103, 160.996276855, 399.698699951, -11.0634698868, 2.60570383072, 2.5580573082, 49.9297676086, 28.6457118988, 0.466103881598, -39.3086891174, 7.28730297089, -13.3394041061], [-58.2478256226, 136.825561523, -24.1932849884, -11.0634698868, 250.911071777, 12.5634222031, 38.4736824036, 26.1036014557, -7.85998249054, -1.09007942677, -5.77938747406, -17.9456176758, -17.1647472382], [-96.6635513306, -31.045841217, 109.427680969, 2.60570383072, 12.5634222031, 250.38848877, 69.3776016235, -25.9153823853, -18.4450073242, 25.7815246582, 4.19350910187, -29.9953403473, -24.2529888153], [-30.72108078, -19.7652416229, -60.4025382996, 2.5580573082, 38.4736824036, 69.3776016235, 178.64453125, 26.2290477753, -23.8025588989, -0.675632178783, -2.40931487083, -27.2090988159, -8.95097541809], [-620.092895508, -257.622619629, 39.2594451904, 49.9297676086, 26.1036014557, -25.9153823853, 26.2290477753, 204.792922974, 51.0703544617, 43.9266204834, -28.4617710114, 76.5776062012, 20.6736812592], [-54.8644180298, -82.0304260254, -60.8251342773, 28.6457118988, -7.85998249054, -18.4450073242, -23.8025588989, 51.0703544617, 109.711845398, 23.5661697388, -2.38404011726, 20.6752891541, 14.4859495163], [-471.438049316, -145.272644043, 64.5863876343, 0.466103881598, -1.09007942677, 25.7815246582, -0.675632178783, 43.9266204834, 23.5661697388, 129.364685059, 13.1632232666, 48.3121147156, -10.4146633148], [143.524536133, 45.2252082825, -51.4999580383, -39.3086891174, -5.77938747406, 4.19350910187, -2.40931487083, -28.4617710114, -2.38404011726, 13.1632232666, 83.063331604, 8.81961154938, -1.94868767262], [-500.513061523, -188.434799194, 40.4200935364, 7.28730297089, -17.9456176758, -29.9953403473, -27.2090988159, 76.5776062012, 20.6752891541, 48.3121147156, 8.81961154938, 128.616287231, 33.533367157], [-47.4854774475, -61.6832618713, -57.6069831848, -13.3394041061, -17.1647472382, -24.2529888153, -8.95097541809, 20.6736812592, 14.4859495163, -10.4146633148, -1.94868767262, 33.533367157, 76.7894515991]],
        "icov": [[0.00132200715598, -0.00337647669949, 0.00281681469642, -0.00217344751582, 0.00239062961191, -0.00164990429766, 0.00130763708148, -0.00126644398551, 0.000950217072386, 0.000182434407179, 0.000110789500468, 0.000152563748998, 0.000129197171191], [-0.00337647669949, 0.012055978179, -0.0088931536302, 0.00699678808451, -0.00827331375331, 0.00603093253449, -0.00405998481438, 0.00656266370788, -0.00390251656063, 0.00216797948815, -0.00239730300382, 0.00241944985464, -0.000131609034725], [0.00281681469642, -0.0088931536302, 0.00888369511813, -0.00605871528387, 0.00636129453778, -0.00552462600172, 0.00455764541402, -0.0049799149856, 0.00461858185008, -0.00160642049741, 0.00236156210303, -0.00166918407194, 0.00145895848982], [-0.00217344751582, 0.00699678808451, -0.00605871528387, 0.00719097116962, -0.00467385863885, 0.00374521571212, -0.00297260074876, 0.00321887130849, -0.0034641076345, 0.00137947511394, -0.000315216893796, 0.00094049598556, 0.000327198125888], [0.00239062961191, -0.00827331375331, 0.00636129453778, -0.00467385863885, 0.0100212935358, -0.00420748768374, 0.0023563830182, -0.00544704357162, 0.00313964043744, -0.00130693346728, 0.0016243592836, -0.000796428183094, 0.00106466771103], [-0.00164990429766, 0.00603093253449, -0.00552462600172, 0.00374521571212, -0.00420748768374, 0.00853450037539, -0.00469373678789, 0.00460876803845, -0.00282256165519, 2.49462482316e-05, -0.0016901869094, 0.00221155933104, -0.000175433189725], [0.00130763708148, -0.00405998481438, 0.00455764541402, -0.00297260074876, 0.0023563830182, -0.00469373678789, 0.00989495031536, -0.00502242846414, 0.00462033227086, -0.000824055576231, 0.0004321023589, 0.00165164563805, 0.000306238594931], [-0.00126644398551, 0.00656266370788, -0.0049799149856, 0.00321887130849, -0.00544704357162, 0.00460876803845, -0.00502242846414, 0.013633963652, -0.00620733154938, 0.00151259393897, 0.00078972952906, -0.0023461682722, -0.000285530462861], [0.000950217072386, -0.00390251656063, 0.00461858185008, -0.0034641076345, 0.00313964043744, -0.00282256165519, 0.00462033227086, -0.00620733154938, 0.0146152768284, -0.00345563702285, 0.000984553480521, 0.00032126554288, -0.00100514478981], [0.000182434407179, 0.00216797948815, -0.00160642049741, 0.00137947511394, -0.00130693346728, 2.49462482316e-05, -0.000824055576231, 0.00151259393897, -0.00345563702285, 0.0130340438336, -0.00332257780246, -0.00190313300118, 0.00326768029481], [0.000110789500468, -0.00239730300382, 0.00236156210303, -0.000315216893796, 0.0016243592836, -0.0016901869094, 0.0004321023589, 0.00078972952906, 0.000984553480521, -0.00332257780246, 0.0160366110504, -0.00471530668437, 0.00135644397233], [0.000152563748998, 0.00241944985464, -0.00166918407194, 0.00094049598556, -0.000796428183094, 0.00221155933104, 0.00165164563805, -0.0023461682722, 0.00032126554288, -0.00190313300118, -0.00471530668437, 0.0169708244503, -0.00555576989427], [0.000129197171191, -0.000131609034725, 0.00145895848982, 0.000327198125888, 0.00106466771103, -0.000175433189725, 0.000306238594931, -0.000285530462861, -0.00100514478981, 0.00326768029481, 0.00135644397233, -0.00555576989427, 0.0175366662443]]
    },
    "melbands": {
        "dmean": [5.0946178817e-05, 0.000223346898565, 0.000437265844084, 0.000507746299263, 0.000290355121251, 0.000242686495767, 0.000206660071854, 0.000173385502421, 0.000140241492772, 0.000215401814785, 0.000312916963594, 9.28477020352e-05, 9.56048243097e-05, 9.11872703e-05, 6.47137349006e-05, 4.11962500948e-05, 7.25424106349e-05, 3.05778594338e-05, 2.0896375645e-05, 1.7748801838e-05, 1.37497527248e-05, 1.06091756606e-05, 7.44142562326e-06, 5.33152160642e-06, 5.89622050029e-06, 1.99027067538e-06, 1.96233327188e-06, 1.75260208835e-06, 9.53631911216e-07, 6.40592418222e-07, 3.56069079999e-07, 3.68939709006e-07, 2.71663765261e-07, 2.42809619522e-07, 1.84584635576e-07, 1.56573605636e-07, 1.18952279138e-07, 9.29372276914e-08, 3.42000454623e-08, 1.86322797191e-08],
        "dmean2": [8.2523918536e-05, 0.000337243633112, 0.000712403620128, 0.000819889362901, 0.00046555645531, 0.000388937216485, 0.000336511468049, 0.000275314057944, 0.000219709079829, 0.000333701056661, 0.000493095314596, 0.000142860139022, 0.000150838546688, 0.000146997001139, 0.000103316917375, 6.51695445413e-05, 0.000115589071356, 4.78036745335e-05, 3.32796298608e-05, 2.81692573481e-05, 2.09061799978e-05, 1.68994829437e-05, 1.21448147183e-05, 8.31752731756e-06, 9.206307368e-06, 3.16841783388e-06, 3.10902487399e-06, 2.70992018159e-06, 1.48276774325e-06, 9.83951395028e-07, 5.49360777313e-07, 5.74684349886e-07, 4.18672499336e-07, 3.78251229449e-07, 2.88366408085e-07, 2.43117057153e-07, 1.88826632552e-07, 1.47155844843e-07, 5.33601358654e-08, 3.08177341424e-08],
        "dvar": [9.92179582937e-09, 1.55111479216e-07, 6.90861270414e-07, 9.53360654421e-07, 1.96393216356e-07, 1.82939572824e-07, 1.46331586848e-07, 1.77219831698e-07, 1.01933586905e-07, 2.42464466282e-07, 5.66000721847e-07, 4.56912729874e-08, 7.10033489781e-08, 5.64045024021e-08, 2.4324844361e-08, 1.20874039666e-08, 3.14605586027e-08, 5.33313082585e-09, 2.93950819241e-09, 2.85785262122e-09, 3.99858635092e-09, 2.13293738227e-09, 1.86684090409e-09, 1.44145029246e-10, 1.58166160724e-10, 1.17152615733e-11, 1.31368648598e-11, 1.19541876398e-11, 4.03883480479e-12, 1.2525510143e-12, 5.81313914106e-13, 6.20509448945e-13, 3.97925860015e-13, 2.47857615508e-13, 5.92174258848e-13, 1.172744085e-12, 3.00366827764e-13, 1.90560512248e-13, 3.39647438592e-14, 4.2173235119e-14],
        "dvar2": [2.46241178559e-08, 3.44708297462e-07, 1.80970732799e-06, 2.47700177169e-06, 4.93163156534e-07, 4.60452923789e-07, 3.73555565147e-07, 4.26436372436e-07, 2.33582881037e-07, 5.97141252001e-07, 1.36024812036e-06, 1.07345641709e-07, 1.75037527583e-07, 1.50014912492e-07, 6.03940364385e-08, 2.89351689275e-08, 8.29093949051e-08, 1.321909604e-08, 7.37561522968e-09, 7.24826199061e-09, 7.19616810585e-09, 5.46213119179e-09, 5.22403009739e-09, 3.32265659431e-10, 3.55185963974e-10, 2.85173447356e-11, 3.20684243049e-11, 2.73351497687e-11, 8.39596361185e-12, 2.84484805504e-12, 1.31277313239e-12, 1.45692724378e-12, 9.63844021956e-13, 6.23427958563e-13, 1.69939865131e-12, 3.2614295379e-12, 8.32332249998e-13, 4.38628083507e-13, 8.63496421718e-14, 1.22586877173e-13],
        "max": [0.00266695488244, 0.0120328469202, 0.0133667103946, 0.0192151591182, 0.00794474408031, 0.010799174197, 0.00755327288061, 0.00977446790785, 0.00883812922984, 0.0103318216279, 0.0171443670988, 0.00487821688876, 0.00612150644884, 0.00596483470872, 0.00327317230403, 0.0026146993041, 0.00294117769226, 0.00133557722438, 0.00147493195254, 0.00214179861359, 0.00465074926615, 0.00253751734272, 0.0023480290547, 0.000414659414673, 0.000299601146253, 7.58112000767e-05, 0.000179595677764, 0.000134343586979, 9.96718372335e-05, 3.24305910908e-05, 1.90008249774e-05, 1.55237667059e-05, 1.32300410769e-05, 1.49163170136e-05, 4.29163301305e-05, 6.20365171926e-05, 2.0790972485e-05, 1.61571242643e-05, 8.6528061729e-06, 1.23066165543e-05],
        "mean": [8.3995393652e-05, 0.000441498094006, 0.000730896368623, 0.000788749894127, 0.000527722295374, 0.000449876388302, 0.000344306899933, 0.000253694684943, 0.000224908028031, 0.000330839131493, 0.000571689277422, 0.000158063587151, 0.00015076874115, 0.000149059706018, 0.000106504048745, 6.52391463518e-05, 0.000117469215184, 4.82000541524e-05, 3.37839992426e-05, 2.78534971585e-05, 2.30499335885e-05, 1.83263255167e-05, 1.36500475492e-05, 9.52141726884e-06, 1.0671344171e-05, 3.62579066859e-06, 3.67468101103e-06, 3.20230537909e-06, 1.6481271814e-06, 1.10044777557e-06, 5.88647765198e-07, 5.64118806778e-07, 4.37078114146e-07, 4.08287093023e-07, 3.19356985301e-07, 2.6361971095e-07, 1.76756259407e-07, 1.24981852423e-07, 4.73163446202e-08, 2.51298235554e-08],
        "median": [3.0471237551e-05, 0.000185644967132, 0.000365201267414, 0.000379634875571, 0.00031096994644, 0.000255439517787, 0.000182487085112, 9.12925388548e-05, 9.03802865651e-05, 0.000117378527648, 9.28515946725e-05, 4.98134759255e-05, 3.81258687412e-05, 3.89438791899e-05, 2.98581671814e-05, 1.82522217074e-05, 2.24252926273e-05, 1.18329917314e-05, 1.01235573311e-05, 7.42591328162e-06, 5.03789851791e-06, 4.12188092014e-06, 3.58059878636e-06, 3.44145087183e-06, 3.9970564103e-06, 1.74606191194e-06, 1.79821927304e-06, 1.22269943859e-06, 7.65029483318e-07, 5.90357274177e-07, 2.92238155453e-07, 2.91516982998e-07, 2.40370212623e-07, 2.445068219e-07, 2.00788107918e-07, 1.5145039356e-07, 8.19106418248e-08, 4.26675228482e-08, 1.74637033723e-08, 1.04694999337e-08],
        "min": [3.01852990825e-24, 4.58134796682e-24, 4.1256983581e-24, 3.05376674716e-24, 7.47701929719e-24, 9.81905739465e-24, 4.14950184148e-24, 5.69628097734e-24, 5.20532313779e-24, 2.52891707654e-24, 4.21222338319e-24, 4.38997938312e-24, 4.03297604173e-24, 5.11647215631e-24, 4.68168318536e-24, 7.37244631787e-24, 6.22605826762e-24, 4.56389165828e-24, 5.09711587628e-24, 2.86170179649e-24, 5.93154138739e-24, 7.74631511099e-24, 4.35999675226e-24, 5.80382835671e-24, 4.45813104887e-24, 3.40127673921e-24, 9.91954722992e-24, 6.21777167824e-24, 5.73142709726e-24, 5.73823457244e-24, 7.76166476648e-24, 5.96732372362e-24, 6.34288265122e-24, 4.91132177816e-24, 8.57605163287e-24, 7.35359806426e-24, 7.18090773464e-24, 9.52298448628e-24, 8.89228624825e-24, 8.38384882876e-24],
        "var": [3.35203402813e-08, 7.42454744795e-07, 1.0772484984e-06, 1.36006144658e-06, 4.43490648649e-07, 3.6191511299e-07, 2.40320957801e-07, 3.09363201723e-07, 2.09219024327e-07, 4.04180326541e-07, 1.9096730739e-06, 9.98691191967e-08, 1.44167046301e-07, 1.22888565102e-07, 4.96825087737e-08, 2.5784686386e-08, 6.8671575093e-08, 1.10170228496e-08, 5.8136273573e-09, 4.90300688938e-09, 9.61897317353e-09, 5.23174525924e-09, 3.94730204079e-09, 3.70865671506e-10, 3.85383891466e-10, 2.72030072079e-11, 3.74423755889e-11, 3.41521186331e-11, 1.14416167513e-11, 2.88214981395e-12, 1.03282465046e-12, 8.84407293494e-13, 5.0389185012e-13, 3.33388752802e-13, 4.23626005152e-13, 8.86036957779e-13, 2.57953868769e-13, 2.19271486818e-13, 3.48027609878e-14, 2.4668785962e-14]
    },
    "mfcc": {
        "mean": [-680.585266113, 148.35559082, -21.0035057068, 11.0600357056, -12.8523864746, -0.633919596672, -8.93399810791, 2.08456015587, -12.5507774353, 1.1432158947, -8.79404258728, -4.77301454544, -7.81662750244],
        "cov": [[6157.26464844, 1242.609375, -777.902770996, -32.3700752258, -151.586074829, 228.333236694, -83.3108062744, -81.0698623657, -396.734619141, 62.5244865417, -190.772460938, -183.938842773, -238.38923645], [1242.609375, 1094.99279785, -67.2588577271, -105.340492249, 85.8174362183, 75.3487472534, 66.7897720337, -73.6400527954, -161.431671143, -12.9842500687, -37.4768218994, -84.7314987183, -58.6266212463], [-777.902770996, -67.2588577271, 755.595336914, 79.4206924438, 63.8241691589, 92.4595947266, 27.2592010498, -12.9863986969, 31.530752182, -50.8739356995, 33.1351127625, 25.3550891876, 6.67887735367], [-32.3700752258, -105.340492249, 79.4206924438, 336.27130127, 53.5407714844, -45.0457420349, -19.4150447845, 36.350933075, 41.825969696, 6.41524648666, -24.2405128479, 23.8697814941, 26.7486476898], [-151.586074829, 85.8174362183, 63.8241691589, 53.5407714844, 196.025527954, 0.468709588051, -9.60365009308, 9.62007331848, 21.9620418549, -6.71394586563, 2.86932396889, 15.2707710266, 19.3786506653], [228.333236694, 75.3487472534, 92.4595947266, -45.0457420349, 0.468709588051, 219.923217773, 88.4703216553, -13.5709438324, -20.752286911, 19.6305027008, 27.003068924, -11.3596572876, -25.9358081818], [-83.3108062744, 66.7897720337, 27.2592010498, -19.4150447845, -9.60365009308, 88.4703216553, 181.325012207, 31.9072246552, -6.16051340103, 38.046459198, 17.628112793, -24.6196327209, -12.8030958176], [-81.0698623657, -73.6400527954, -12.9863986969, 36.350933075, 9.62007331848, -13.5709438324, 31.9072246552, 110.017570496, 46.9164009094, 14.5128726959, 1.53285396099, 1.48514461517, 0.462225466967], [-396.734619141, -161.431671143, 31.530752182, 41.825969696, 21.9620418549, -20.752286911, -6.16051340103, 46.9164009094, 141.551223755, 20.5781898499, 7.50310277939, 19.7250328064, 21.7957286835], [62.5244865417, -12.9842500687, -50.8739356995, 6.41524648666, -6.71394586563, 19.6305027008, 38.046459198, 14.5128726959, 20.5781898499, 96.073600769, 16.8172111511, -16.0574626923, -11.7325649261], [-190.772460938, -37.4768218994, 33.1351127625, -24.2405128479, 2.86932396889, 27.003068924, 17.628112793, 1.53285396099, 7.50310277939, 16.8172111511, 91.6603088379, 35.0062980652, 10.0274734497], [-183.938842773, -84.7314987183, 25.3550891876, 23.8697814941, 15.2707710266, -11.3596572876, -24.6196327209, 1.48514461517, 19.7250328064, -16.0574626923, 35.0062980652, 102.024787903, 43.7084503174], [-238.38923645, -58.6266212463, 6.67887735367, 26.7486476898, 19.3786506653, -25.9358081818, -12.8030958176, 0.462225466967, 21.7957286835, -11.7325649261, 10.0274734497, 43.7084503174, 83.9445343018]],
