{
"lowlevel": {
    "average_loudness": 0.93335801363,
    "barkbands_crest": {
        "dmean": 2.06016492844,
        "dmean2": 3.40509748459,
        "dvar": 4.03454256058,
        "dvar2": 10.4936523438,
        "max": 24.4930667877,
        "mean": 7.46517133713,
        "median": 6.62056350708,
        "min": 2.14446616173,
        "var": 11.0933637619
    },
    "barkbands_flatness_db": {
        "dmean": 0.014835068956,
        "dmean2": 0.0235571935773,
        "dvar": 0.000167550897459,
        "dvar2": 0.000381448946428,
        "max": 0.294234782457,
        "mean": 0.136539399624,
        "median": 0.13548719883,
        "min": 0.0300434548408,
        "var": 0.00129118107725
    },
    "barkbands_kurtosis": {
        "dmean": 0.773979187012,
        "dmean2": 1.25481629372,
        "dvar": 1.27877688408,
        "dvar2": 2.93957161903,
        "max": 31.2433319092,
        "mean": 0.273915976286,
        "median": -0.290221214294,
        "min": -1.85271203518,
        "var": 3.64592051506
    },
    "barkbands_skewness": {
        "dmean": 0.339003145695,
        "dmean2": 0.534285247326,
        "dvar": 0.11064684391,
        "dvar2": 0.246525526047,
        "max": 4.61748695374,
        "mean": 0.135789096355,
        "median": 0.256882816553,
        "min": -4.45968723297,
        "var": 0.895324409008
    },
    "barkbands_spread": {
        "dmean": 4.41405105591,
        "dmean2": 6.88212013245,
        "dvar": 18.8852062225,
        "dvar2": 43.2957420349,
        "max": 80.3398742676,
        "mean": 23.9319610596,
        "median": 23.7711257935,
        "min": 1.65568339825,
        "var": 100.996322632
    },
    "dissonance": {
        "dmean": 0.0131170861423,
        "dmean2": 0.0223973579705,
        "dvar": 0.000180250179255,
        "dvar2": 0.000490152218845,
        "max": 0.500000059605,
        "mean": 0.479024767876,
        "median": 0.483790099621,
        "min": 0.298479169607,
        "var": 0.000325437489664
    },
    "dynamic_complexity": 1.95255899429,
    "erbbands_crest": {
        "dmean": 2.41437363625,
        "dmean2": 3.99184703827,
        "dvar": 6.44312334061,
        "dvar2": 16.749917984,
        "max": 31.8108997345,
        "mean": 8.3933172226,
        "median": 7.2164440155,
        "min": 2.29350805283,
        "var": 21.2524681091
    },
    "erbbands_flatness_db": {
        "dmean": 0.0147411245853,
        "dmean2": 0.0222688335925,
        "dvar": 0.000182758754818,
        "dvar2": 0.00037671616883,
        "max": 0.36672025919,
        "mean": 0.203989431262,
        "median": 0.207303464413,
        "min": 0.0690479502082,
        "var": 0.00261201290414
    },
    "erbbands_kurtosis": {
        "dmean": 0.701727569103,
        "dmean2": 1.13635838032,
        "dvar": 1.02052402496,
        "dvar2": 2.52195525169,
        "max": 20.8592796326,
        "mean": 0.0565629079938,
        "median": -0.220467686653,
        "min": -1.85652565956,
        "var": 2.06871795654
    },
    "erbbands_skewness": {
        "dmean": 0.319298833609,
        "dmean2": 0.500896215439,
        "dvar": 0.0916399434209,
        "dvar2": 0.207823365927,
        "max": 2.89680552483,
        "mean": -0.100729487836,
        "median": -0.118762485683,
        "min": -3.25248360634,
        "var": 0.446315735579
    },
    "erbbands_spread": {
        "dmean": 5.61926841736,
        "dmean2": 8.83653354645,
        "dvar": 30.9393005371,
        "dvar2": 71.5154495239,
        "max": 96.5598373413,
        "mean": 31.0905685425,
        "median": 30.6753082275,
        "min": 4.21128511429,
        "var": 175.728713989
    },
    "hfc": {
        "dmean": 7.23970365524,
        "dmean2": 10.6172456741,
        "dvar": 88.9419555664,
        "dvar2": 186.873794556,
        "max": 227.612243652,
        "mean": 28.2076969147,
        "median": 27.1349563599,
        "min": 1.01571658085e-16,
        "var": 430.705993652
    },
    "melbands_crest": {
        "dmean": 2.57034993172,
        "dmean2": 4.25459957123,
        "dvar": 6.74577999115,
        "dvar2": 17.3881053925,
        "max": 32.3693313599,
        "mean": 8.84400558472,
        "median": 7.95943450928,
        "min": 1.52304935455,
        "var": 22.5251598358
    },
    "melbands_flatness_db": {
        "dmean": 0.0155089106411,
        "dmean2": 0.0236280988902,
        "dvar": 0.00023475283524,
        "dvar2": 0.000517172564287,
        "max": 0.331079572439,
        "mean": 0.109885893762,
        "median": 0.111917197704,
        "min": 0.00227308552712,
        "var": 0.00261044828221
    },
    "melbands_kurtosis": {
        "dmean": 1.47257769108,
        "dmean2": 2.38197231293,
        "dvar": 5.29836416245,
        "dvar2": 12.3462133408,
        "max": 53.471534729,
        "mean": 1.80251133442,
        "median": 0.820512413979,
        "min": -1.81938791275,
        "var": 13.4080400467
    },
    "melbands_skewness": {
        "dmean": 0.389008313417,
        "dmean2": 0.616463243961,
        "dvar": 0.148628517985,
        "dvar2": 0.343023002148,
        "max": 6.64124059677,
        "mean": 0.996620953083,
        "median": 0.928192794323,
        "min": -2.55118989944,
        "var": 0.8050994277
    },
    "melbands_spread": {
        "dmean": 9.07996082306,
        "dmean2": 14.2949180603,
        "dvar": 87.0553894043,
        "dvar2": 197.48223877,
        "max": 164.28527832,
        "mean": 48.8922080994,
        "median": 38.7470855713,
        "min": 2.44184947014,
        "var": 1109.74414062
    },
    "pitch_salience": {
        "dmean": 0.0535789057612,
        "dmean2": 0.0872775912285,
        "dvar": 0.00244355830364,
        "dvar2": 0.0062640751712,
        "max": 0.989171504974,
        "mean": 0.644123971462,
        "median": 0.643596231937,
        "min": 0.206583544612,
        "var": 0.0122572015971
    },
    "silence_rate_20dB": {
        "dmean": 0,
        "dmean2": 0,
        "dvar": 0,
        "dvar2": 0,
        "max": 1,
        "mean": 1,
        "median": 1,
        "min": 1,
        "var": 0
    },
    "silence_rate_30dB": {
        "dmean": 0,
        "dmean2": 0,
        "dvar": 0,
        "dvar2": 0,
        "max": 1,
        "mean": 1,
        "median": 1,
        "min": 1,
        "var": 0
    },
    "silence_rate_60dB": {
        "dmean": 0.0041601662524,
        "dmean2": 0.0083211986348,
        "dvar": 0.00414341362193,
        "dvar2": 0.0101237371564,
        "max": 1,
        "mean": 0.13123960793,
        "median": 0,
        "min": 0,
        "var": 0.114005953074
    },
    "spectral_centroid": {
        "dmean": 258,
        "dmean2": 405.049835205,
        "dvar": 68278.484375,
        "dvar2": 154495.375,
        "max": 11872.734375,
        "mean": 3028.07104492,
        "median": 2190.44970703,
        "min": 404.373291016,
        "var": 7291179
    },
    "spectral_complexity": {
        "dmean": 3.90806031227,
        "dmean2": 5.94320774078,
        "dvar": 16.7166614532,
        "dvar2": 35.9308624268,
        "max": 57,
        "mean": 24.0609397888,
        "median": 26,
        "min": 0,
        "var": 142.983856201
    },
    "spectral_decrease": {
        "dmean": 1.02713648698e-09,
        "dmean2": 1.55274249014e-09,
        "dvar": 1.47028096858e-18,
        "dvar2": 3.27738884861e-18,
        "max": 4.94008074376e-22,
        "mean": -4.00698363379e-09,
        "median": -4.06117184326e-09,
        "min": -2.47139659848e-08,
        "var": 6.24797558084e-18
    },
    "spectral_energy": {
        "dmean": 0.00442045740783,
        "dmean2": 0.00664316816255,
        "dvar": 2.6150550184e-05,
        "dvar2": 5.81056119699e-05,
        "max": 0.105852350593,
        "mean": 0.0176818240434,
        "median": 0.0180992744863,
        "min": 9.66496972414e-21,
        "var": 0.000118730844406
    },
    "spectral_energyband_high": {
        "dmean": 0.00059136247728,
        "dmean2": 0.000862069311552,
        "dvar": 1.57017075253e-06,
        "dvar2": 2.91429137178e-06,
        "max": 0.0383936055005,
        "mean": 0.00147377676331,
        "median": 0.000969976710621,
        "min": 6.83264514563e-21,
        "var": 5.46141882296e-06
    },
    "spectral_energyband_low": {
        "dmean": 0.000252634461503,
        "dmean2": 0.000406422448577,
        "dvar": 2.62127798578e-07,
        "dvar2": 6.39719758055e-07,
        "max": 0.0161980390549,
        "mean": 0.000444034754764,
        "median": 0.000174285320099,
        "min": 8.95603330914e-24,
        "var": 4.7198901143e-07
    },
    "spectral_energyband_middle_high": {
        "dmean": 0.00271018757485,
        "dmean2": 0.00416302215308,
        "dvar": 1.04578075479e-05,
        "dvar2": 2.38311458816e-05,
        "max": 0.0507653541863,
        "mean": 0.00954076368362,
        "median": 0.00838244799525,
        "min": 1.05334443399e-21,
        "var": 5.26810727024e-05
    },
    "spectral_energyband_middle_low": {
        "dmean": 0.00263003190048,
        "dmean2": 0.00407519889995,
        "dvar": 1.42237167893e-05,
        "dvar2": 3.3201147744e-05,
        "max": 0.0663641914725,
        "mean": 0.00661629904062,
        "median": 0.00509175285697,
        "min": 1.34140495788e-22,
        "var": 3.87722793675e-05
    },
    "spectral_entropy": {
        "dmean": 0.106763035059,
        "dmean2": 0.158883303404,
        "dvar": 0.0127623826265,
        "dvar2": 0.0261695701629,
        "max": 9.82997989655,
        "mean": 7.91787385941,
        "median": 7.7739276886,
        "min": 6.50565338135,
        "var": 0.462328970432
    },
    "spectral_flux": {
        "dmean": 0.0162724647671,
        "dmean2": 0.0258077606559,
        "dvar": 0.0003163216752,
        "dvar2": 0.00076704606181,
        "max": 0.22454148531,
        "mean": 0.0776843130589,
        "median": 0.0807442292571,
        "min": 6.23930976329e-11,
        "var": 0.0015247494448
    },
    "spectral_kurtosis": {
        "dmean": 1.43483567238,
        "dmean2": 2.50529551506,
        "dvar": 3.45516490936,
        "dvar2": 10.3968896866,
        "max": 41.8072547913,
        "mean": 2.93680405617,
        "median": 1.99181747437,
        "min": -1.28453910351,
        "var": 15.979019165
    },
    "spectral_rms": {
        "dmean": 0.000488968973514,
        "dmean2": 0.000725046440493,
        "dvar": 2.73332290135e-07,
        "dvar2": 5.82040797781e-07,
        "max": 0.0101622138172,
        "mean": 0.00379239302129,
        "median": 0.00420212186873,
        "min": 3.07070644953e-12,
        "var": 2.86830550067e-06
    },
    "spectral_rolloff": {
        "dmean": 528.876464844,
        "dmean2": 870.628662109,
        "dvar": 431566.25,
        "dvar2": 955596.5,
        "max": 19724.4140625,
        "mean": 4436.63623047,
        "median": 2842.3828125,
        "min": 301.46484375,
        "var": 23865722
    },
    "spectral_skewness": {
        "dmean": 0.186492711306,
        "dmean2": 0.312628984451,
        "dvar": 0.0338128693402,
        "dvar2": 0.09370239079,
        "max": 4.49019432068,
        "mean": 0.966216087341,
        "median": 0.923574984074,
        "min": -0.317939579487,
        "var": 0.334968060255
    },
    "spectral_spread": {
        "dmean": 389902.125,
        "dmean2": 613692.875,
        "dvar": 366292631552,
        "dvar2": 819994689536,
        "max": 43316096,
        "mean": 7206559.5,
        "median": 3607080,
        "min": 1158473.5,
        "var": 1.23154739495e+14
    },
    "spectral_strongpeak": {
        "dmean": 1.04955387115,
        "dmean2": 1.78431391716,
        "dvar": 2.24003052711,
        "dvar2": 6.25231647491,
        "max": 20.4215126038,
        "mean": 1.89936697483,
        "median": 1.20592606068,
        "min": 0,
        "var": 4.28562498093
    },
    "zerocrossingrate": {
        "dmean": 0.00956274569035,
        "dmean2": 0.0118496324867,
        "dvar": 0.000125943421153,
        "dvar2": 0.000163600008818,
        "max": 0.75927734375,
        "mean": 0.133901178837,
        "median": 0.091796875,
        "min": 0.0205078125,
        "var": 0.0157923195511
    },
    "barkbands": {
        "dmean": [2.60464685198e-06, 6.38492638245e-05, 0.000131230248371, 0.000280530948658, 0.000873443786986, 0.000694887712598, 0.000894671597052, 0.000510741956532, 0.000702032411937, 0.000676115625538, 0.000756225606892, 0.000703371479176, 0.000550105585717, 0.00050167075824, 0.000608395435847, 0.000494520820212, 0.000455007539131, 0.000427191553172, 0.000362949649571, 0.000336516677635, 0.000250637967838, 0.000166748126503, 0.000113741640234, 4.81605966343e-05, 8.22819856694e-06, 4.61664484419e-08, 8.11058886718e-10],
        "dmean2": [4.61763011117e-06, 0.000107362298877, 0.000218598099309, 0.000475321081467, 0.00144502962939, 0.00110396009404, 0.00141837028787, 0.000811896636151, 0.00108755787369, 0.00106798484921, 0.00116446241736, 0.00110881216824, 0.000875937286764, 0.000800511566922, 0.001005568658, 0.000837595085613, 0.000741136551369, 0.000700901262462, 0.000583906599786, 0.000524147239048, 0.00038918555947, 0.00025260829716, 0.000178434071131, 7.30684623704e-05, 1.26657278088e-05, 7.88549954223e-08, 1.47569845232e-09],
        "dvar": [2.24571819474e-11, 2.11926849403e-08, 7.6091879464e-08, 4.04048279279e-07, 3.06223068947e-06, 1.4361750118e-06, 2.84778275272e-06, 1.24502628296e-06, 1.86348768239e-06, 2.31535614148e-06, 2.21820982915e-06, 1.86599015706e-06, 1.34552044528e-06, 1.03106367533e-06, 1.85046576462e-06, 2.2217386686e-06, 7.18279636658e-07, 6.77351124523e-07, 4.20340739993e-07, 3.41378040503e-07, 3.74095947109e-07, 2.61061757101e-07, 1.04842854398e-07, 8.9904466094e-09, 3.41623784816e-10, 2.15987794192e-14, 1.42214112488e-18],
        "dvar2": [6.36420360856e-11, 5.50708953995e-08, 2.0114327981e-07, 1.08846609237e-06, 7.91577895143e-06, 3.36341440743e-06, 6.84719270794e-06, 2.85633700514e-06, 3.87571435567e-06, 5.22575965078e-06, 4.58147042082e-06, 4.26554970545e-06, 3.10156883643e-06, 2.40646363636e-06, 5.02151169712e-06, 6.79792174196e-06, 1.84667612757e-06, 1.71535782556e-06, 1.07326809484e-06, 7.49318132875e-07, 8.63477055191e-07, 5.68156792724e-07, 2.68176677309e-07, 1.91778735115e-08, 7.93581811376e-10, 5.91453223745e-14, 4.26768079256e-18],
        "max": [0.000122284836834, 0.0032548524905, 0.00849563162774, 0.0182437375188, 0.0231343396008, 0.0329674221575, 0.0353596098721, 0.0283011514693, 0.0384892970324, 0.0331924669445, 0.034647859633, 0.0249324887991, 0.0216939076781, 0.0200462192297, 0.0265312977135, 0.0281474944204, 0.0219074320048, 0.0199419986457, 0.0273495651782, 0.0128991231322, 0.0213006045669, 0.0214620474726, 0.0125361923128, 0.00239535281435, 0.000594390381593, 4.71506291433e-06, 1.83566299938e-08],
        "mean": [2.46643730861e-06, 8.4905368567e-05, 0.000187427329365, 0.000384008599212, 0.00127560645342, 0.00116659048945, 0.00142858061008, 0.000752831925638, 0.00121383625083, 0.00109404791147, 0.00133887375705, 0.00123301614076, 0.000937249802519, 0.000814536819234, 0.000974942173343, 0.000746120407712, 0.000774409854785, 0.000741106574424, 0.000709474552423, 0.000690936576575, 0.000482387084048, 0.000333705393132, 0.000201916249353, 9.77658928605e-05, 1.4988429939e-05, 1.16692973506e-07, 8.36501423684e-10],
        "median": [1.01133991848e-06, 2.93966659228e-05, 6.00418097747e-05, 9.96045419015e-05, 0.000615802186076, 0.000587980262935, 0.000599644961767, 0.00033843604615, 0.000492630060762, 0.00037450529635, 0.00050619407557, 0.00046884350013, 0.00033440120751, 0.00032078800723, 0.00031558459159, 0.000192762367078, 0.000388571876101, 0.000429625739343, 0.000448944541859, 0.000405028375098, 0.000269419979304, 0.000156857437105, 9.62391641224e-05, 5.25936629856e-05, 7.13571807864e-06, 1.33259732138e-08, 3.52687268279e-10],
        "min": [7.27892927344e-26, 1.05333599003e-24, 5.11034201683e-25, 1.62576935603e-25, 4.68253476071e-24, 9.89510634692e-25, 4.84321349976e-24, 4.6553517972e-24, 1.00596331495e-23, 9.88450050648e-24, 7.73680302619e-24, 1.60953877956e-23, 1.28364756007e-23, 1.98686436116e-23, 1.25506066081e-23, 3.61583452031e-23, 3.88482662266e-23, 6.55132636588e-23, 9.19453861963e-23, 1.39299242211e-22, 1.97710630954e-22, 2.54190118272e-22, 2.75813742318e-22, 5.02704830405e-22, 8.09295457136e-22, 1.21807222252e-21, 1.8149021186e-21],
        "var": [1.94129278624e-11, 2.46386075986e-08, 1.19675192423e-07, 4.92866092827e-07, 3.80653045795e-06, 3.15789770866e-06, 5.44801787328e-06, 2.34457661463e-06, 5.17091484653e-06, 5.47652962268e-06, 6.62389538775e-06, 4.73701174997e-06, 3.03356682707e-06, 2.06166237149e-06, 3.72506337953e-06, 4.40287249148e-06, 1.49546258399e-06, 1.20874869936e-06, 8.47234787216e-07, 9.07764444946e-07, 7.64001299558e-07, 6.85344275553e-07, 1.43728740909e-07, 2.28584831063e-08, 6.59390542168e-10, 1.44592196831e-13, 1.67380193406e-18]
    },
    "erbbands": {
        "dmean": [0.00073205307126, 0.0187630578876, 0.120023705065, 0.542390882969, 2.12021708488, 3.04363083839, 4.2697467804, 6.52521848679, 10.2365665436, 13.2505083084, 11.7477083206, 15.0651893616, 20.7651443481, 25.0199069977, 23.5921497345, 27.7086524963, 22.5583286285, 24.9548473358, 24.1665477753, 25.8381462097, 29.0104064941, 25.1264152527, 23.9178390503, 21.0395774841, 15.3957538605, 14.2322835922, 10.3146343231, 9.98484706879, 6.79215908051, 3.99010944366, 3.31009745598, 1.60956394672, 0.496346443892, 0.150963187218, 0.0281958971173, 0.00117832818069, 9.57420197665e-05, 1.30817379613e-05, 4.14854184783e-06, 6.05099558015e-06],
        "dmean2": [0.00123454316054, 0.0311458166689, 0.19768230617, 0.914764523506, 3.5892033577, 5.10287094116, 6.95912599564, 10.4077634811, 16.3434619904, 20.8858280182, 18.3471183777, 23.4410324097, 32.1472244263, 38.6217269897, 35.8833503723, 43.8858222961, 35.3132324219, 39.1559753418, 38.4592971802, 42.863822937, 49.3109054565, 41.2162780762, 38.9410171509, 33.853477478, 24.4837779999, 22.057302475, 15.7577495575, 15.5030298233, 10.3628406525, 6.13856744766, 5.21726083755, 2.44549584389, 0.746355950832, 0.230047285557, 0.0437684506178, 0.00183530105278, 0.000154662950081, 2.03926756512e-05, 6.01113197263e-06, 8.95165430848e-06],
        "dvar": [1.91447520592e-06, 0.00180072872899, 0.0645828768611, 1.36313331127, 26.7064723969, 35.1050643921, 71.0268630981, 145.503112793, 455.008575439, 698.640808105, 608.165039062, 869.628540039, 2266.65527344, 2553.71142578, 1974.91247559, 2863.39233398, 2007.59521484, 2358.47387695, 2504.40795898, 2698.74243164, 9271.99414062, 2039.40515137, 2549.59716797, 1554.74768066, 996.374633789, 695.217346191, 413.578613281, 1047.78320312, 408.593505859, 85.7261581421, 164.961471558, 10.8561382294, 1.08038461208, 0.113011263311, 0.00504141300917, 6.0888560256e-06, 6.64649064674e-08, 1.08938646992e-09, 3.35971077348e-11, 4.96411071971e-11],
        "dvar2": [5.14138446306e-06, 0.00462796259671, 0.170036047697, 3.63435411453, 70.8528518677, 93.8336029053, 166.107162476, 342.910766602, 1136.18139648, 1622.33410645, 1426.47924805, 1882.32287598, 5263.65429688, 5426.60888672, 4067.85058594, 6740.47851562, 4543.07275391, 5443.41259766, 6161.09863281, 7455.75683594, 28461.9804688, 5190.82958984, 6570.86474609, 3937.16577148, 2385.71630859, 1623.91589355, 868.449523926, 2437.91064453, 873.773864746, 192.982833862, 435.561431885, 23.9507675171, 2.40307641029, 0.252165675163, 0.0125506669283, 1.4789902707e-05, 1.81399016697e-07, 2.85269408096e-09, 6.89746038063e-11, 1.07846107045e-10],
        "max": [0.032417036593, 0.91550719738, 8.61222457886, 26.7797718048, 134.054977417, 81.305770874, 247.000396729, 338.91998291, 451.493469238, 515.688720703, 742.19354248, 627.733642578, 1175.78564453, 1482.02978516, 1377.97009277, 1037.26977539, 1081.18359375, 987.752746582, 1353.60412598, 982.686767578, 1933.84436035, 943.046569824, 1325.03308105, 1823.609375, 1758.22302246, 674.769958496, 507.087463379, 1280.97424316, 820.684509277, 354.139129639, 557.483215332, 111.067749023, 32.6146583557, 10.7577838898, 2.61300086975, 0.0605187602341, 0.00822198018432, 0.000999640091322, 0.000134276415338, 0.000138093077112],
        "mean": [0.00102151301689, 0.0260703228414, 0.185143917799, 0.81577193737, 2.57113981247, 4.61008310318, 6.64082145691, 10.5361452103, 16.8031139374, 20.9592437744, 18.8558235168, 25.8140525818, 36.5317192078, 45.5007629395, 44.7650184631, 52.7157096863, 43.6738929749, 44.7064399719, 43.4178695679, 43.2963867188, 47.3351135254, 45.0087242126, 43.4369430542, 41.2267456055, 32.7284393311, 29.5820140839, 22.1058311462, 18.3603553772, 13.2292737961, 7.90067100525, 5.49238777161, 3.09799814224, 1.06536531448, 0.298463881016, 0.0479607656598, 0.00246832636185, 0.000256987870671, 3.58801553375e-05, 1.61653679243e-05, 2.47038678935e-05],
        "median": [0.00052204268286, 0.00868810340762, 0.0676158368587, 0.265532314777, 0.988533973694, 2.0131778717, 3.21254563332, 4.91203212738, 7.22437000275, 9.57879447937, 9.77667808533, 11.6286716461, 13.8136348724, 18.7830886841, 20.381816864, 20.3802318573, 18.0803375244, 20.8513259888, 17.9976463318, 18.5115013123, 15.6930084229, 24.9236793518, 24.7022647858, 27.3011779785, 21.9984970093, 17.2619991302, 12.5564289093, 9.36285495758, 6.11262226105, 3.70522642136, 2.54472136497, 1.60869455338, 0.60587233305, 0.153021305799, 0.0225058160722, 0.0011900733225, 9.011371003e-05, 1.85595672519e-05, 1.55998459377e-05, 2.52379013546e-05],
        "min": [2.62922291e-23, 1.60794237752e-22, 8.44213798193e-22, 3.40039167198e-21, 5.58746125054e-21, 1.34767835845e-20, 1.53846918232e-20, 1.85344275747e-20, 8.40777135378e-20, 1.2850913853e-19, 1.54065633187e-19, 2.65130178833e-19, 4.11935324666e-19, 5.17794177148e-19, 5.49744390199e-19, 6.64699127492e-19, 1.11395751348e-18, 1.44041344121e-18, 2.0763302506e-18, 2.08817072069e-18, 2.3861648111e-18, 3.5536245734e-18, 3.24572913105e-18, 5.07106755479e-18, 6.22081096952e-18, 7.41324310772e-18, 7.65629193274e-18, 8.20444053644e-18, 9.18268831709e-18, 8.15392957952e-18, 8.656887652e-18, 1.00149205216e-17, 8.19862793828e-18, 7.01553963229e-18, 5.01649472747e-18, 3.69155487259e-18, 2.05727924712e-18, 8.64503156888e-19, 2.11688805341e-19, 2.40469756655e-20],
        "var": [2.31841818277e-06, 0.00225497316569, 0.106026366353, 1.83974969387, 24.8280220032, 48.5279464722, 133.226959229, 288.307952881, 856.762451172, 1334.56469727, 983.104919434, 2080.57128906, 6281.00146484, 6993.38867188, 6532.21435547, 8394.48632812, 5501.7890625, 5045.96875, 6327.67626953, 4858.86669922, 18548.1621094, 4290.11132812, 4536.72558594, 2793.35058594, 1832.48901367, 1789.99475098, 1128.95605469, 1800.16748047, 1080.46948242, 216.441497803, 165.7996521, 25.1716365814, 2.59156775475, 0.247622013092, 0.0072241644375, 1.32733594e-05, 3.28349017309e-07, 4.17498435823e-09, 1.38517031179e-10, 2.40592712419e-10]
    },
    "gfcc": {
        "mean": [-121.198768616, 77.4067306519, -172.976074219, 34.9053993225, -81.4585494995, 5.19460105896, -37.302066803, -5.86987733841, -16.7391986847, -14.8237409592, -1.02713930607, -13.8885211945, 0.00640682177618],
        "cov": [[117251.34375, 8749.75390625, -19444.9433594, 4536.54296875, -9589.54882812, 593.75378418, -4207.00292969, -807.84942627, -1953.92944336, -1884.86572266, -23.0783367157, -1734.41577148, 2.57626533508], [8749.75390625, 1239.30065918, -1400.33776855, 282.134338379, -585.121704102, -53.3013916016, -314.089050293, -81.2746505737, -138.108306885, -194.348449707, -4.6302447319, -178.695236206, -0.408417165279], [-19444.9433594, -1400.33776855, 3743.17041016, -409.900604248, 1471.42260742, -65.9248657227, 676.981933594, 118.800079346, 287.749847412, 261.805664062, -8.04827213287, 264.268768311, -29.5589694977], [4536.54296875, 282.134338379, -409.900604248, 664.372253418, -503.981842041, 9.87765979767, -159.490463257, -93.5209350586, -96.2951812744, -177.594619751, 23.1450996399, -131.69770813, -3.06046128273], [-9589.54882812, -585.121704102, 1471.42260742, -503.981842041, 1045.25219727, -22.2533435822, 348.698425293, 114.691078186, 182.219711304, 197.217025757, -50.2099266052, 165.622375488, -2.25716304779], [593.75378418, -53.3013916016, -65.9248657227, 9.87765979767, -22.2533435822, 190.312973022, 33.6854934692, -2.81853294373, -40.7209854126, 13.1957874298, -11.8949165344, -3.45095562935, -22.8200206757], [-4207.00292969, -314.089050293, 676.981933594, -159.490463257, 348.698425293, 33.6854934692, 260.262573242, 30.8949623108, 41.6677818298, 61.3614196777, 23.1754608154, 40.8159713745, -10.36003685], [-807.84942627, -81.2746505737, 118.800079346, -93.5209350586, 114.691078186, -2.81853294373, 30.8949623108, 113.116508484, 55.4234008789, 36.002040863, -25.9789505005, 39.2614402771, -0.976014971733], [-1953.92944336, -138.108306885, 287.749847412, -96.2951812744, 182.219711304, -40.7209854126, 41.6677818298, 55.4234008789, 124.220603943, 47.3818626404, -21.5122489929, 38.2450485229, 8.40424346924], [-1884.86572266, -194.348449707, 261.805664062, -177.594619751, 197.217025757, 13.1957874298, 61.3614196777, 36.002040863, 47.3818626404, 140.535232544, 0.486224323511, 64.8478622437, -13.9214429855], [-23.0783367157, -4.6302447319, -8.04827213287, 23.1450996399, -50.2099266052, -11.8949165344, 23.1754608154, -25.9789505005, -21.5122489929, 0.486224323511, 92.7021789551, -2.2049407959, -2.51231145859], [-1734.41577148, -178.695236206, 264.268768311, -131.69770813, 165.622375488, -3.45095562935, 40.8159713745, 39.2614402771, 38.2450485229, 64.8478622437, -2.2049407959, 110.032737732, 8.41223621368], [2.57626533508, -0.408417165279, -29.5589694977, -3.06046128273, -2.25716304779, -22.8200206757, -10.36003685, -0.976014971733, 8.40424346924, -13.9214429855, -2.51231145859, 8.41223621368, 56.1788101196]],
        "icov": [[0.000776123022661, -0.0014316533925, 0.00230074417777, -0.00196975981817, 0.00189603574108, -0.00144868413918, 0.0015431586653, -0.00183259078767, 0.00166813307442, -0.00133301236201, 0.00114467705134, -0.000591064046603, 0.000357525394065], [-0.0014316533925, 0.00449678068981, -0.00371530884877, 0.00363461463712, -0.00406281277537, 0.00328266061842, -0.00182922929525, 0.00330006750301, -0.00242862245068, 0.0035973933991, -0.00228360714391, 0.00240528210998, 2.41812340391e-05], [0.00230074417777, -0.00371530884877, 0.00794098712504, -0.00663739768788, 0.00452039483935, -0.00362409325317, 0.0033148447983, -0.00491878343746, 0.00452432408929, -0.0038243716117, 0.00356878852472, -0.00256413198076, 0.00183847534936], [-0.00196975981817, 0.00363461463712, -0.00663739768788, 0.00862948969007, -0.00318734766915, 0.00299438089132, -0.00252706906758, 0.00504117179662, -0.00435465853661, 0.00578996445984, -0.00332111259922, 0.00324548687786, -0.000743898795918], [0.00189603574108, -0.00406281277537, 0.00452039483935, -0.00318734766915, 0.00914737116545, -0.00337435281835, 0.00129074277356, -0.00436163274571, 0.00260394252837, -0.00432392302901, 0.00501241954044, -0.00246547069401, 0.00037972224527], [-0.00144868413918, 0.00328266061842, -0.00362409325317, 0.00299438089132, -0.00337435281835, 0.0100028915331, -0.0056140027009, 0.00329262088053, -0.000365319341654, 0.00112651532982, 0.000485823780764, 0.0004359112354, 0.00158638472203], [0.0015431586653, -0.00182922929525, 0.0033148447983, -0.00252706906758, 0.00129074277356, -0.0056140027009, 0.0152216181159, -0.00541472667828, 0.00498586799949, -0.000855522928759, -0.00288269645534, 0.00321438768879, 0.000438691640738], [-0.00183259078767, 0.00330006750301, -0.00491878343746, 0.00504117179662, -0.00436163274571, 0.00329262088053, -0.00541472667828, 0.0176221448928, -0.00902893673629, 0.00328826531768, 0.000232320802752, -0.00214401027188, 0.000761444040108], [0.00166813307442, -0.00242862245068, 0.00452432408929, -0.00435465853661, 0.00260394252837, -0.000365319341654, 0.00498586799949, -0.00902893673629, 0.0186627246439, -0.00496191298589, 0.00369426119141, 0.000311518262606, -0.00113499257714], [-0.00133301236201, 0.0035973933991, -0.0038243716117, 0.00578996445984, -0.00432392302901, 0.00112651532982, -0.000855522928759, 0.00328826531768, -0.00496191298589, 0.0171888247132, -0.00418379576877, -0.00213977135718, 0.00370880030096], [0.00114467705134, -0.00228360714391, 0.00356878852472, -0.00332111259922, 0.00501241954044, 0.000485823780764, -0.00288269645534, 0.000232320802752, 0.00369426119141, -0.00418379576877, 0.0164912026376, -0.00333020603284, 0.00114562339149], [-0.000591064046603, 0.00240528210998, -0.00256413198076, 0.00324548687786, -0.00246547069401, 0.0004359112354, 0.00321438768879, -0.00214401027188, 0.000311518262606, -0.00213977135718, -0.00333020603284, 0.0184079576284, -0.00397640280426], [0.000357525394065, 2.41812340391e-05, 0.00183847534936, -0.000743898795918, 0.00037972224527, 0.00158638472203, 0.000438691640738, 0.000761444040108, -0.00113499257714, 0.00370880030096, 0.00114562339149, -0.00397640280426, 0.0212001856416]]
    },
    "melbands": {
        "dmean": [1.17909321489e-05, 4.80865019199e-05, 0.000133803259814, 0.0001882831275, 0.000141620679642, 0.000143541052239, 0.000162942087627, 0.000132578381454, 9.87716121017e-05, 0.000102422207419, 0.000106587722257, 0.000101980513136, 8.72527234606e-05, 7.13733024895e-05, 7.46317091398e-05, 5.16995205544e-05, 5.08811535838e-05, 3.72137146769e-05, 5.39541542821e-05, 3.03240376525e-05, 3.57406097464e-05, 2.9854280001e-05, 2.25093026529e-05, 2.072316056e-05, 1.94071599253e-05, 1.18093330457e-05, 1.35199061333e-05, 1.01028563222e-05, 7.77241166361e-06, 6.74128614264e-06, 5.75683270654e-06, 4.67830295747e-06, 2.56502335105e-06, 2.30598516282e-06, 1.99576061277e-06, 1.68902340647e-06, 8.25400263693e-07, 4.13765491203e-07, 2.03756840733e-07, 1.15485612184e-07],
        "dmean2": [1.98804373213e-05, 7.84411313361e-05, 0.000225622512517, 0.000314645003527, 0.00023233734828, 0.000229119963478, 0.000258677144302, 0.000209340767469, 0.000154171983013, 0.000158574825036, 0.000165442354046, 0.000157562506502, 0.000132079818286, 0.000111577057396, 0.000118389281852, 8.19120396045e-05, 8.03147559054e-05, 5.8506087953e-05, 8.92210300663e-05, 5.08339689986e-05, 6.07485235378e-05, 4.90702441311e-05, 3.60543854185e-05, 3.40074002452e-05, 3.13770979119e-05, 1.901943142e-05, 2.15130839933e-05, 1.5813169739e-05, 1.19640853882e-05, 1.06143852463e-05, 9.01685598365e-06, 7.28476607037e-06, 3.93843083657e-06, 3.65406799574e-06, 3.17294279739e-06, 2.68940061687e-06, 1.26563963931e-06, 6.38065102976e-07, 3.11979448497e-07, 1.79874021455e-07],
        "dvar": [6.68805066883e-10, 1.00452677287e-08, 9.15687294878e-08, 1.52655474039e-07, 8.02199551231e-08, 6.59222934019e-08, 1.01208826209e-07, 7.1053690931e-08, 4.13822931478e-08, 4.22683257284e-08, 5.97688867288e-08, 4.19061514378e-08, 2.74178724169e-08, 1.99574756721e-08, 2.38277451103e-08, 1.26510801834e-08, 1.07041300268e-08, 7.43484651622e-09, 1.87055348988e-08, 4.89074380994e-09, 1.44274574509e-08, 3.40104966412e-09, 2.23355489659e-09, 1.590485188e-09, 1.54265511476e-09, 4.93965868209e-10, 6.57226217893e-10, 4.08569372778e-10, 2.79163692163e-10, 2.13153703021e-10, 3.71833341895e-10, 1.99041352844e-10, 6.22668097638e-11, 2.24300873014e-11, 5.64595210861e-11, 2.34799714394e-11, 2.46719918801e-12, 8.1218137684e-13, 1.95730340572e-13, 7.76985829734e-14],
        "dvar2": [1.75490455501e-09, 2.55028904661e-08, 2.44924450499e-07, 4.03169934771e-07, 1.90720470528e-07, 1.56269891249e-07, 2.50169705396e-07, 1.64977464578e-07, 9.72671116983e-08, 8.95794798339e-08, 1.38017028917e-07, 8.88943461064e-08, 5.51818004624e-08, 4.29018598425e-08, 5.91534607963e-08, 2.97801836524e-08, 2.46962326145e-08, 1.75630301413e-08, 5.17150908763e-08, 1.42760478994e-08, 4.36955112093e-08, 8.80157635663e-09, 5.12394393581e-09, 4.21047241517e-09, 3.90627130642e-09, 1.22994636698e-09, 1.55066381957e-09, 9.58980561627e-10, 6.09017447584e-10, 4.87042295383e-10, 8.64982807602e-10, 4.55087523221e-10, 1.40967085227e-10, 5.41597704184e-11, 1.49260090399e-10, 6.13280329298e-11, 5.28567944622e-12, 1.95572681314e-12, 4.28123113133e-13, 1.89320659301e-13],
        "max": [0.000560099317227, 0.00303560914472, 0.00882639177144, 0.00594416446984, 0.00659124087542, 0.00699741579592, 0.00747389206663, 0.0056328009814, 0.0056739137508, 0.0045264614746, 0.00603014975786, 0.00559361185879, 0.00419473880902, 0.00327102909796, 0.00322381546721, 0.00227805390023, 0.00224740267731, 0.0020596224349, 0.00294978730381, 0.00163376820274, 0.00255855266005, 0.0014098698739, 0.00127440877259, 0.000804808514658, 0.00185498700012, 0.000892425479833, 0.0010417526355, 0.00053755636327, 0.000471958803246, 0.000407593586715, 0.000767384539358, 0.00058188586263, 0.000294945202768, 0.000154173802002, 0.000324739638017, 0.000167553007486, 4.25545367762e-05, 2.21843656618e-05, 1.79290182132e-05, 8.25653660286e-06],
        "mean": [1.59712435561e-05, 7.47024823795e-05, 0.000184963631909, 0.000265350594418, 0.000228553137276, 0.000239299261011, 0.00027147095534, 0.000211481019505, 0.000155189773068, 0.000171679232153, 0.000181791285286, 0.000177859241376, 0.000160010866239, 0.000125273087178, 0.000136422095238, 8.69122668519e-05, 8.2737118646e-05, 6.1745478888e-05, 8.24413364171e-05, 4.58376707684e-05, 5.5040432926e-05, 4.77814610349e-05, 3.82166654163e-05, 3.53462237399e-05, 3.43925166817e-05, 2.20812398766e-05, 2.4948414648e-05, 1.8785456632e-05, 1.46389065776e-05, 1.22245128296e-05, 9.66433071881e-06, 8.33174726722e-06, 4.84225665787e-06, 4.15139220422e-06, 3.13052350975e-06, 2.71241697192e-06, 1.59073783834e-06, 8.19932211016e-07, 4.02077830586e-07, 1.9588684097e-07],
        "median": [6.68026768835e-06, 2.67532304861e-05, 6.92004105076e-05, 0.000115812981676, 0.000114935945021, 0.000115050948807, 0.000117855444842, 9.81833072728e-05, 7.44415447116e-05, 6.77531279507e-05, 6.33230520179e-05, 6.90572051099e-05, 6.54016330373e-05, 5.04610434291e-05, 4.28318744525e-05, 3.10530376737e-05, 3.37473029504e-05, 2.2486623493e-05, 2.48441210715e-05, 1.56704118126e-05, 1.49987909026e-05, 2.31265603361e-05, 1.99599144253e-05, 2.01809380087e-05, 1.98281486519e-05, 1.34601341415e-05, 1.46035636135e-05, 8.97716563486e-06, 7.28486475055e-06, 6.62520596961e-06, 3.96538780478e-06, 3.48215598933e-06, 2.07902121474e-06, 1.80638380698e-06, 1.35980576488e-06, 1.23975496535e-06, 8.1201028479e-07, 4.45457260412e-07, 2.07647730122e-07, 8.69658691727e-08],
        "min": [3.85358650808e-25, 3.05010012168e-25, 8.32069479406e-25, 6.46902427098e-25, 4.83785269687e-25, 3.66323461817e-25, 1.16543982998e-24, 1.08722160882e-24, 9.75789976968e-25, 1.40667546695e-24, 1.85880024794e-24, 1.82279288913e-24, 1.25192422874e-24, 1.8734785828e-24, 1.92893747659e-24, 1.435471651e-24, 1.91235147884e-24, 2.85688205358e-24, 9.56463082005e-25, 2.776801036e-24, 2.26149776562e-24, 2.35714537544e-24, 2.71241243398e-24, 2.9086668277e-24, 3.30518263412e-24, 3.32345482205e-24, 3.06894403655e-24, 2.88095296081e-24, 3.69434211537e-24, 4.17208929578e-24, 3.95245345926e-24, 4.45653518326e-24, 3.85391487143e-24, 4.39183360068e-24, 4.44599521271e-24, 4.22703188011e-24, 4.61929217637e-24, 5.16080535032e-24, 5.03200960805e-24, 4.8095886981e-24],
        "var": [7.58872020779e-10, 1.68509739495e-08, 1.00628014366e-07, 1.79073239792e-07, 1.40200384635e-07, 1.39148241374e-07, 1.97554456349e-07, 1.42906955602e-07, 6.90790997737e-08, 1.08179655456e-07, 1.62697261885e-07, 1.11066043473e-07, 8.70291572141e-08, 4.89756430966e-08, 7.35475325087e-08, 2.64286228457e-08, 2.16196962555e-08, 1.62488831279e-08, 3.2464782862e-08, 8.11991007765e-09, 2.95478113088e-08, 6.16995476932e-09, 4.34343228051e-09, 2.67221222927e-09, 2.50984033556e-09, 8.9711965634e-10, 1.22934706859e-09, 9.4356267244e-10, 6.03391114851e-10, 4.35285002487e-10, 6.66213639811e-10, 4.63979049625e-10, 1.41756398286e-10, 5.02680744252e-11, 5.6785069702e-11, 2.90003143028e-11, 6.41634488596e-12, 1.58885047046e-12, 4.6558850525e-13, 1.28048789562e-13]
    },
    "mfcc": {
        "mean": [-666.929260254, 80.0655822754, -34.4324188232, 9.84111309052, -19.7244949341, -4.12462329865, -10.1547107697, -1.56288266182, -12.0552024841, -2.90496659279, -7.97942399979, -0.992436408997, -5.85554170609],
        "cov": [[27304.2148438, 3690.16699219, -1425.8984375, 863.862854004, -1244.46069336, -168.502120972, -503.643890381, -53.178314209, -802.956359863, -194.042617798, -473.294494629, -78.9057693481, -411.593353271], [3690.16699219, 1420.75231934, -536.642150879, 12.5841779709, -64.1506958008, -83.2066726685, -92.3569869995, -20.6638069153, -62.0418815613, -14.4467010498, -41.9029350281, -12.6357688904, -55.010635376], [-1425.8984375, -536.642150879, 792.838867188, 233.662399292, 37.598815918, 59.8408470154, 44.363986969, 36.4184036255, -26.7468986511, -20.2952537537, 7.052277565, -14.2249937057, -11.9754238129], [863.862854004, 12.5841779709, 233.662399292, 354.892578125, -4.28266000748, -21.4012374878, -29.1694755554, 8.50834751129, -49.0313186646, -22.8305854797, -50.6106987, -3.76184988022, -29.9770507812], [-1244.46069336, -64.1506958008, 37.598815918, -4.28266000748, 196.348983765, 19.4899692535, -0.156259045005, 22.4285125732, 80.5053634644, 18.1426353455, 17.5437068939, 1.05880582333, 26.8596858978], [-168.502120972, -83.2066726685, 59.8408470154, -21.4012374878, 19.4899692535, 146.974014282, 67.5106048584, 7.20177364349, 3.98362374306, -0.590589463711, 24.8129653931, -16.9135570526, -3.79836320877], [-503.643890381, -92.3569869995, 44.363986969, -29.1694755554, -0.156259045005, 67.5106048584, 160.828475952, 17.9849586487, -5.0468120575, 3.50697159767, 17.3759632111, 14.2998714447, -7.16574382782], [-53.178314209, -20.6638069153, 36.4184036255, 8.50834751129, 22.4285125732, 7.20177364349, 17.9849586487, 84.4862289429, 27.6585445404, 0.740726411343, 3.2318713665, -0.178139463067, 0.892467796803], [-802.956359863, -62.0418815613, -26.7468986511, -49.0313186646, 80.5053634644, 3.98362374306, -5.0468120575, 27.6585445404, 122.295501709, 36.3871231079, 13.7075986862, -7.39976263046, 18.3471031189], [-194.042617798, -14.4467010498, -20.2952537537, -22.8305854797, 18.1426353455, -0.590589463711, 3.50697159767, 0.740726411343, 36.3871231079, 70.1056060791, 15.6473674774, -5.17303943634, 2.19618749619], [-473.294494629, -41.9029350281, 7.052277565, -50.6106987, 17.5437068939, 24.8129653931, 17.3759632111, 3.2318713665, 13.7075986862, 15.6473674774, 80.6032867432, 13.6920032501, 10.0630807877], [-78.9057693481, -12.6357688904, -14.2249937057, -3.76184988022, 1.05880582333, -16.9135570526, 14.2998714447, -0.178139463067, -7.39976263046, -5.17303943634, 13.6920032501, 73.6381072998, 24.0389347076], [-411.593353271, -55.010635376, -11.9754238129, -29.9770507812, 26.8596858978, -3.79836320877, -7.16574382782, 0.892467796803, 18.3471031189, 2.19618749619, 10.0630807877, 24.0389347076, 82.9990844727]],
