{
"lowlevel": {
    "average_loudness": 0.659708023071,
    "barkbands_crest": {
        "dmean": 2.27575421333,
        "dmean2": 3.70602846146,
        "dvar": 4.07388305664,
        "dvar2": 10.3193092346,
        "max": 26.6863918304,
        "mean": 9.88885307312,
        "median": 8.98924922943,
        "min": 3.16257476807,
        "var": 15.0855731964
    },
    "barkbands_flatness_db": {
        "dmean": 0.0194534044713,
        "dmean2": 0.0310900434852,
        "dvar": 0.000283647241304,
        "dvar2": 0.000683229824062,
        "max": 0.395483642817,
        "mean": 0.219598248601,
        "median": 0.218258604407,
        "min": 0.0316619984806,
        "var": 0.00221533561125
    },
    "barkbands_kurtosis": {
        "dmean": 2.42382836342,
        "dmean2": 3.90189671516,
        "dvar": 16.1762905121,
        "dvar2": 41.2710266113,
        "max": 133.376861572,
        "mean": 4.71230745316,
        "median": 3.0407910347,
        "min": -1.84266865253,
        "var": 43.5082817078
    },
    "barkbands_skewness": {
        "dmean": 0.422989279032,
        "dmean2": 0.665361166,
        "dvar": 0.186348825693,
        "dvar2": 0.44029673934,
        "max": 11.5403385162,
        "mean": 1.53767836094,
        "median": 1.49799919128,
        "min": -2.01868534088,
        "var": 1.01902294159
    },
    "barkbands_spread": {
        "dmean": 2.74953508377,
        "dmean2": 4.23345994949,
        "dvar": 11.9491319656,
        "dvar2": 25.9918956757,
        "max": 122.493408203,
        "mean": 11.7518606186,
        "median": 9.84006786346,
        "min": 0.914232492447,
        "var": 57.1680831909
    },
    "dissonance": {
        "dmean": 0.0245611593127,
        "dmean2": 0.0410067401826,
        "dvar": 0.000512598606292,
        "dvar2": 0.00136420049239,
        "max": 0.500000059605,
        "mean": 0.443837821484,
        "median": 0.451393455267,
        "min": 0.223203554749,
        "var": 0.00152348529082
    },
    "dynamic_complexity": 4.30655765533,
    "erbbands_crest": {
        "dmean": 2.86721611023,
        "dmean2": 4.65668058395,
        "dvar": 6.97545051575,
        "dvar2": 17.6233539581,
        "max": 29.398683548,
        "mean": 10.8350028992,
        "median": 9.43207454681,
        "min": 2.73949623108,
        "var": 25.5558567047
    },
    "erbbands_flatness_db": {
        "dmean": 0.0164894741029,
        "dmean2": 0.0244942680001,
        "dvar": 0.000242393070948,
        "dvar2": 0.000481354189105,
        "max": 0.467094838619,
        "mean": 0.250835627317,
        "median": 0.247899487615,
        "min": 0.0713156685233,
        "var": 0.00271896505728
    },
    "erbbands_kurtosis": {
        "dmean": 1.15700280666,
        "dmean2": 1.87894010544,
        "dvar": 2.92479634285,
        "dvar2": 7.82890605927,
        "max": 31.6791687012,
        "mean": 0.993503391743,
        "median": 0.127942800522,
        "min": -1.75689125061,
        "var": 8.20688533783
    },
    "erbbands_skewness": {
        "dmean": 0.37118679285,
        "dmean2": 0.578918635845,
        "dvar": 0.107665807009,
        "dvar2": 0.271677345037,
        "max": 5.00001001358,
        "mean": 0.740547120571,
        "median": 0.668243229389,
        "min": -2.27044725418,
        "var": 0.688804030418
    },
    "erbbands_spread": {
        "dmean": 5.20580005646,
        "dmean2": 7.97862577438,
        "dvar": 29.6528701782,
        "dvar2": 63.3160629272,
        "max": 110.598297119,
        "mean": 26.5333595276,
        "median": 24.9034576416,
        "min": 2.95216941833,
        "var": 174.488830566
    },
    "hfc": {
        "dmean": 3.03200411797,
        "dmean2": 4.38590860367,
        "dvar": 16.0672740936,
        "dvar2": 33.4576339722,
        "max": 68.5509338379,
        "mean": 12.2547206879,
        "median": 8.57475280762,
        "min": 1.12473706653e-16,
        "var": 135.605834961
    },
    "melbands_crest": {
        "dmean": 2.93815326691,
        "dmean2": 4.79554605484,
        "dvar": 6.82364463806,
        "dvar2": 17.5095443726,
        "max": 39.7328033447,
        "mean": 13.3856067657,
        "median": 12.3697481155,
        "min": 1.80587852001,
        "var": 26.4135723114
    },
    "melbands_flatness_db": {
        "dmean": 0.0213135741651,
        "dmean2": 0.0320416390896,
        "dvar": 0.000404807098676,
        "dvar2": 0.000826401694212,
        "max": 0.467791557312,
        "mean": 0.260007679462,
        "median": 0.256800532341,
        "min": 0.00265154615045,
        "var": 0.00444764643908
    },
    "melbands_kurtosis": {
        "dmean": 4.129799366,
        "dmean2": 6.71598386765,
        "dvar": 49.2915611267,
        "dvar2": 131.152755737,
        "max": 235.136444092,
        "mean": 9.38932704926,
        "median": 6.53109359741,
        "min": -1.47221052647,
        "var": 116.292694092
    },
    "melbands_skewness": {
        "dmean": 0.512515068054,
        "dmean2": 0.813747346401,
        "dvar": 0.299736559391,
        "dvar2": 0.721370577812,
        "max": 14.9332237244,
        "mean": 2.0598218441,
        "median": 2.00455212593,
        "min": -1.05401599407,
        "var": 1.43182110786
    },
    "melbands_spread": {
        "dmean": 3.51755023003,
        "dmean2": 5.49944639206,
        "dvar": 21.2752990723,
        "dvar2": 46.2095565796,
        "max": 144.087036133,
        "mean": 14.3681144714,
        "median": 11.864361763,
        "min": 1.23700809479,
        "var": 119.089836121
    },
    "pitch_salience": {
        "dmean": 0.0631417557597,
        "dmean2": 0.103242971003,
        "dvar": 0.00304763787426,
        "dvar2": 0.00794778205454,
        "max": 0.957322061062,
        "mean": 0.599652886391,
        "median": 0.609101116657,
        "min": 0.014496339485,
        "var": 0.0130342571065
    },
    "silence_rate_20dB": {
        "dmean": 0,
        "dmean2": 0,
        "dvar": 0,
        "dvar2": 0,
        "max": 1,
        "mean": 1,
        "median": 1,
        "min": 1,
        "var": 0
    },
    "silence_rate_30dB": {
        "dmean": 0,
        "dmean2": 0,
        "dvar": 0,
        "dvar2": 0,
        "max": 1,
        "mean": 1,
        "median": 1,
        "min": 1,
        "var": 0
    },
    "silence_rate_60dB": {
        "dmean": 0.0298424977809,
        "dmean2": 0.0596932433546,
        "dvar": 0.0289507955313,
        "dvar2": 0.0633206963539,
        "max": 1,
        "mean": 0.119629785419,
        "median": 0,
        "min": 0,
        "var": 0.105309389532
    },
    "spectral_centroid": {
        "dmean": 146.683822632,
        "dmean2": 224.418319702,
        "dvar": 43434.7421875,
        "dvar2": 87653.375,
        "max": 11892.8710938,
        "mean": 916.242431641,
        "median": 783.578552246,
        "min": 237.318359375,
        "var": 398219.21875
    },
    "spectral_complexity": {
        "dmean": 2.20889759064,
        "dmean2": 3.51720333099,
        "dvar": 4.48930597305,
        "dvar2": 10.3410224915,
        "max": 42,
        "mean": 14.0960073471,
        "median": 14,
        "min": 0,
        "var": 42.9909057617
    },
    "spectral_decrease": {
        "dmean": 1.41875633464e-09,
        "dmean2": 2.19696660864e-09,
        "dvar": 3.93706993661e-18,
        "dvar2": 9.85214709352e-18,
        "max": 8.38367355739e-29,
        "mean": -4.99812946586e-09,
        "median": -3.86666032526e-09,
        "min": -3.245460789e-08,
        "var": 1.8306327519e-17
    },
    "spectral_energy": {
        "dmean": 0.00559296831489,
        "dmean2": 0.00863773096353,
        "dvar": 6.0557078541e-05,
        "dvar2": 0.000150529580424,
        "max": 0.127170756459,
        "mean": 0.0199756640941,
        "median": 0.0154259791598,
        "min": 1.03014238132e-20,
        "var": 0.000292105076369
    },
    "spectral_energyband_high": {
        "dmean": 4.85281125293e-05,
        "dmean2": 7.0056936238e-05,
        "dvar": 1.58422412966e-08,
        "dvar2": 3.05123926125e-08,
        "max": 0.00500417640433,
        "mean": 0.000120579468785,
        "median": 4.12241097365e-05,
        "min": 7.32407524781e-21,
        "var": 5.68221665276e-08
    },
    "spectral_energyband_low": {
        "dmean": 0.00115189654753,
        "dmean2": 0.00189533852972,
        "dvar": 5.3227108765e-06,
        "dvar2": 1.3728358681e-05,
        "max": 0.0331035368145,
        "mean": 0.00237230979837,
        "median": 0.00162940658629,
        "min": 1.93354951243e-23,
        "var": 7.73342071625e-06
    },
    "spectral_energyband_middle_high": {
        "dmean": 0.00102498487104,
        "dmean2": 0.0015140005853,
        "dvar": 3.18642696584e-06,
        "dvar2": 7.1400249908e-06,
        "max": 0.0467887893319,
        "mean": 0.00330124096945,
        "median": 0.0019731966313,
        "min": 1.29145128137e-21,
        "var": 1.75589120772e-05
    },
    "spectral_energyband_middle_low": {
        "dmean": 0.00499318400398,
        "dmean2": 0.00786445569247,
        "dvar": 5.40023065696e-05,
        "dvar2": 0.000140108008054,
        "max": 0.117957092822,
        "mean": 0.0150188654661,
        "median": 0.0106591219082,
        "min": 2.82952643209e-22,
        "var": 0.000216665866901
    },
    "spectral_entropy": {
        "dmean": 0.150606244802,
        "dmean2": 0.222902089357,
        "dvar": 0.0208260100335,
        "dvar2": 0.0411359742284,
        "max": 9.81324958801,
        "mean": 6.97903347015,
        "median": 6.99561309814,
        "min": 5.66687631607,
        "var": 0.195915088058
    },
    "spectral_flux": {
        "dmean": 0.01803230308,
        "dmean2": 0.0286660417914,
        "dvar": 0.000410768698202,
        "dvar2": 0.000991942826658,
        "max": 0.293210536242,
        "mean": 0.065198905766,
        "median": 0.0593754723668,
        "min": 6.44382394666e-11,
        "var": 0.00139835267328
    },
    "spectral_kurtosis": {
        "dmean": 5.79260969162,
        "dmean2": 9.92935752869,
        "dvar": 60.2953033447,
        "dvar2": 170.316497803,
        "max": 116.045402527,
        "mean": 10.399980545,
        "median": 6.17010116577,
        "min": -1.24180936813,
        "var": 168.906188965
    },
    "spectral_rms": {
        "dmean": 0.000574147095904,
        "dmean2": 0.000867952767294,
        "dvar": 4.15366883999e-07,
        "dvar2": 9.44570786032e-07,
        "max": 0.0111386282369,
        "mean": 0.00398652488366,
        "median": 0.00387939880602,
        "min": 3.17020021345e-12,
        "var": 3.59609612133e-06
    },
    "spectral_rolloff": {
        "dmean": 217.189804077,
        "dmean2": 363.951141357,
        "dvar": 154466.203125,
        "dvar2": 290047.09375,
        "max": 19078.4179688,
        "mean": 987.979858398,
        "median": 667.529296875,
        "min": 21.533203125,
        "var": 1140983.5
    },
    "spectral_skewness": {
        "dmean": 0.482735067606,
        "dmean2": 0.807032346725,
        "dvar": 0.250694662333,
        "dvar2": 0.688633680344,
        "max": 7.83573293686,
        "mean": 1.92643296719,
        "median": 1.68685865402,
        "min": -0.303816616535,
        "var": 0.973239898682
    },
    "spectral_spread": {
        "dmean": 304622.0625,
        "dmean2": 467495.4375,
        "dvar": 380511322112,
        "dvar2": 747980193792,
        "max": 42263788,
        "mean": 2670403.5,
        "median": 2539293,
        "min": 520944.40625,
        "var": 3.37694425088e+12
    },
    "spectral_strongpeak": {
        "dmean": 0.450269758701,
        "dmean2": 0.71785223484,
        "dvar": 0.309353262186,
        "dvar2": 0.7390884161,
        "max": 7.9793586731,
        "mean": 1.12869262695,
        "median": 0.710864424706,
        "min": 0,
        "var": 1.25677466393
    },
    "zerocrossingrate": {
        "dmean": 0.00474310107529,
        "dmean2": 0.00584453158081,
        "dvar": 7.85837328294e-05,
        "dvar2": 9.05045017134e-05,
        "max": 0.71875,
        "mean": 0.0386519916356,
        "median": 0.03369140625,
        "min": 0,
        "var": 0.000910694827326
    },
    "barkbands": {
        "dmean": [1.37451206683e-05, 0.000444633682491, 0.000566914968658, 0.000932431139518, 0.0013599403901, 0.00134411209729, 0.00185620423872, 0.00166430557147, 0.000625829678029, 0.000403130543418, 0.000259946711594, 0.000223502036533, 0.000206256925594, 0.000241216970608, 0.000159307383001, 0.000144549267134, 0.00012859106937, 5.7386179833e-05, 9.95138470898e-05, 3.52050410584e-05, 2.34054696193e-05, 1.63229869941e-05, 5.21731089975e-06, 2.44634497903e-06, 4.56934685644e-07, 7.90357390645e-10, 7.98460242368e-10],
        "dmean2": [2.37284566538e-05, 0.000762197887525, 0.000967935309745, 0.00153997319285, 0.00221978710033, 0.0020620720461, 0.00286876945756, 0.00249201245606, 0.000934861891437, 0.000630790949799, 0.000419187097577, 0.000359557045158, 0.000321746541886, 0.000374026305508, 0.000246051611612, 0.000230040808674, 0.000201419374207, 9.02021856746e-05, 0.000154481269419, 5.57216881134e-05, 3.61774546036e-05, 2.43872964347e-05, 7.66287485021e-06, 3.66106701222e-06, 7.11742188741e-07, 1.46171508231e-09, 1.4732864928e-09],
        "dvar": [7.80856601601e-10, 1.71408362348e-06, 1.52868437908e-06, 3.59816726814e-06, 9.87294060906e-06, 8.23576920084e-06, 1.48202307173e-05, 1.34441743285e-05, 3.47037780557e-06, 1.85022486221e-06, 5.04146100866e-07, 5.23242078998e-07, 4.53278602208e-07, 3.58745239737e-07, 1.35755172437e-07, 1.21466456449e-07, 6.44241211489e-08, 2.20706652954e-08, 4.87152185258e-08, 7.75494868321e-09, 4.16354550836e-09, 1.99789051969e-09, 1.31092983691e-10, 3.05535458045e-11, 2.46743597776e-12, 8.50124782948e-18, 1.93140427818e-18],
        "dvar2": [2.12830930657e-09, 4.76513014291e-06, 4.35852780356e-06, 9.53212929744e-06, 2.60485940089e-05, 1.92399002117e-05, 3.52573115379e-05, 2.93749762932e-05, 6.77750813338e-06, 4.24310246672e-06, 1.1520028238e-06, 1.40145334626e-06, 1.1992947293e-06, 7.78399225965e-07, 2.94898654829e-07, 3.01986204931e-07, 1.51169771812e-07, 5.06655943866e-08, 1.12658113949e-07, 1.81139654387e-08, 9.16725539923e-09, 4.12868050859e-09, 2.62857402511e-10, 6.46209474819e-11, 5.572170763e-12, 2.5691900608e-17, 6.03732576605e-18],
        "max": [0.00073277374031, 0.0170026328415, 0.022027714178, 0.0440794043243, 0.075729124248, 0.0603065751493, 0.0754572600126, 0.0695210322738, 0.0523222461343, 0.0435464270413, 0.0220927149057, 0.0324813984334, 0.0265695862472, 0.0136052723974, 0.00978857651353, 0.010633549653, 0.00521641643718, 0.00365633098409, 0.00599527684972, 0.00309371808544, 0.00225659413263, 0.00204651639797, 0.000283377798041, 0.00019287422765, 6.01954998274e-05, 1.60804574989e-07, 3.33863070523e-08],
        "mean": [1.51614949573e-05, 0.000721748510841, 0.000947455468122, 0.00159721204545, 0.00268814060837, 0.00261408882216, 0.00346124265343, 0.00331519334577, 0.00103317690082, 0.000668692169711, 0.000419476535171, 0.000373163813492, 0.000341562030371, 0.00045686782687, 0.000287362374365, 0.00027864598087, 0.00027342690737, 0.000108331230877, 0.00021542290051, 6.49677313049e-05, 4.430514673e-05, 3.38099162036e-05, 1.05617973531e-05, 4.93814332003e-06, 7.06331320544e-07, 6.69118482843e-10, 6.74816313939e-10],
        "median": [5.39107713848e-06, 0.000387896376196, 0.000509350677021, 0.00059384922497, 0.00158609205391, 0.00090875494061, 0.000880443607457, 0.000637771561742, 0.000269356998615, 0.000154678797117, 0.000139075360494, 0.000105620507384, 9.24632040551e-05, 9.3165304861e-05, 8.26341856737e-05, 9.62014746619e-05, 7.93848885223e-05, 3.3030857594e-05, 6.11372088315e-05, 1.75684981514e-05, 1.31101414809e-05, 1.0829871826e-05, 4.0633522076e-06, 1.6913007812e-06, 1.25568448084e-07, 2.68865457675e-10, 2.32536309652e-10],
        "min": [1.2352204935e-24, 7.27006637187e-24, 1.35136507622e-24, 6.03743255328e-24, 1.11733122656e-23, 1.47707341413e-23, 4.63618886698e-23, 1.54123131378e-23, 1.97899768244e-23, 3.37629217328e-23, 1.45661840863e-23, 4.281776697e-23, 6.07146858812e-23, 5.9357018398e-23, 6.73854072917e-23, 6.67705312369e-23, 1.053389885e-22, 1.07235580511e-22, 1.44505837781e-22, 2.02698150384e-22, 3.54307497602e-22, 4.1261131096e-22, 4.03891431841e-22, 6.60814972082e-22, 9.9611236075e-22, 1.42536396675e-21, 2.22889652361e-21],
        "var": [8.54290027608e-10, 1.49168329244e-06, 1.79544304046e-06, 7.89710338722e-06, 1.38896075441e-05, 2.61746699834e-05, 4.47562670161e-05, 5.18248052686e-05, 8.68657843967e-06, 3.76669686375e-06, 1.06630045593e-06, 1.19312187508e-06, 8.66955133461e-07, 1.2825092881e-06, 3.50555325213e-07, 2.97929574344e-07, 2.39392107915e-07, 5.68792586364e-08, 1.67563158016e-07, 1.93488212119e-08, 1.07360866863e-08, 5.44622658083e-09, 3.84924842001e-10, 9.09303049523e-11, 5.7282876359e-12, 4.69147230374e-18, 1.46226775979e-18]
    },
    "erbbands": {
        "dmean": [0.00760095985606, 0.121411554515, 0.546566188335, 1.85876834393, 4.36194944382, 4.4268693924, 6.18947792053, 12.6113023758, 23.0781459808, 35.8072471619, 24.4749069214, 14.374997139, 12.3733148575, 9.15975666046, 11.3007421494, 9.19960308075, 9.63528633118, 11.9556818008, 7.90657424927, 7.75397491455, 6.51214694977, 6.20576763153, 3.08553004265, 4.71262788773, 3.95358324051, 1.63450217247, 0.918566763401, 0.898536384106, 0.587831676006, 0.308708369732, 0.136729001999, 0.0740852057934, 0.0307972729206, 0.00859807059169, 0.000239820801653, 1.31259348564e-05, 3.21575294038e-06, 9.19054912174e-07, 2.71757039627e-06, 6.30960357739e-06],
        "dmean2": [0.0131452232599, 0.207285135984, 0.923272490501, 3.10149478912, 7.26989364624, 7.22280740738, 9.62643623352, 19.4051685333, 36.671787262, 55.5955924988, 36.8338432312, 21.3236351013, 18.804517746, 14.4912195206, 18.1234855652, 14.5752048492, 14.8440265656, 18.180765152, 12.5167713165, 11.9366769791, 9.97839164734, 9.4017496109, 4.83215475082, 7.4061331749, 6.05301475525, 2.55044007301, 1.43441832066, 1.39559471607, 0.87320381403, 0.471296787262, 0.205183058977, 0.111555308104, 0.0465081222355, 0.0132744116709, 0.000365971005522, 1.9750188585e-05, 4.9208197197e-06, 1.42179146678e-06, 4.13727684645e-06, 9.7046895462e-06],
        "dvar": [0.000488818448503, 0.118883267045, 1.41544485092, 13.6230192184, 129.533370972, 93.527671814, 155.137145996, 859.16015625, 3087.79052734, 7221.45117188, 3061.43139648, 2105.08203125, 2024.13012695, 858.54296875, 840.940063477, 1037.88720703, 1001.84136963, 999.303161621, 363.333618164, 349.129547119, 189.537002563, 153.383529663, 54.23462677, 166.945800781, 71.9599838257, 23.1866531372, 7.60474443436, 6.68223333359, 2.62752604485, 0.653945326805, 0.100797504187, 0.0282678455114, 0.00514535466209, 0.000718686031178, 5.33823595106e-07, 9.38686350871e-10, 4.49754469778e-11, 4.02367939314e-12, 1.36263188233e-11, 7.58719753691e-11],
        "dvar2": [0.00136993872002, 0.328164726496, 3.95646119118, 37.0584640503, 348.913452148, 249.959609985, 343.315185547, 2034.83374023, 8093.84472656, 18331.1972656, 6858.85400391, 4095.60229492, 4551.64013672, 2137.22729492, 1952.45141602, 2795.47436523, 2647.38085938, 2161.54003906, 851.276611328, 768.489685059, 438.274597168, 330.354217529, 123.568138123, 406.190612793, 168.349456787, 52.9872245789, 18.0181255341, 15.0072946548, 5.31860256195, 1.47670853138, 0.2160615623, 0.0616106130183, 0.0106777697802, 0.00165058975108, 1.23647339478e-06, 2.12673967326e-09, 1.20305099216e-10, 1.1086413905e-11, 3.27334374883e-11, 1.86572493566e-10],
        "max": [0.381831407547, 4.21087884903, 22.2171001434, 65.6981658936, 265.231048584, 222.67805481, 360.658813477, 679.973937988, 1418.5057373, 1780.09277344, 1104.62646484, 1543.0604248, 1767.70654297, 966.404541016, 745.404418945, 1650.15039062, 1230.52966309, 761.048706055, 605.334350586, 604.70703125, 314.616729736, 286.29989624, 176.940261841, 427.266082764, 235.308853149, 197.84286499, 79.3882904053, 90.2273330688, 79.2473754883, 25.2243900299, 7.85884141922, 4.30180978775, 2.3899204731, 1.13505625725, 0.0325315818191, 0.00118226243649, 0.00031484264764, 9.87341918517e-05, 6.21592480456e-05, 0.00014309764083],
        "mean": [0.0106446528807, 0.203508794308, 1.03234708309, 3.30452561378, 7.13620138168, 8.62635135651, 13.4845457077, 24.1287441254, 44.0727653503, 74.9738693237, 51.9005432129, 25.7241973877, 22.677690506, 15.7538986206, 19.2462272644, 16.4938583374, 17.3099975586, 23.433429718, 16.2211952209, 16.0623035431, 14.8438844681, 13.9352817535, 6.84038496017, 9.99661922455, 8.58313274384, 3.26357007027, 1.82864117622, 1.7625118494, 1.21025824547, 0.622908174992, 0.280982583761, 0.147194623947, 0.0602224506438, 0.0158395729959, 0.00046517548617, 3.71759560949e-05, 1.15034954433e-05, 3.10022369376e-06, 1.03950424091e-05, 2.30698024097e-05],
        "median": [0.00519795017317, 0.1090169698, 0.592043340206, 1.57221519947, 3.82515454292, 4.40547132492, 5.95753240585, 7.88000297546, 11.5543317795, 17.8893165588, 12.7602710724, 7.89839076996, 5.09213161469, 4.51618909836, 7.01481533051, 4.98103189468, 5.19861841202, 5.54161405563, 4.54123449326, 5.57471752167, 5.49865150452, 4.27377462387, 2.30517435074, 2.81861305237, 2.29480910301, 1.00153565407, 0.554449379444, 0.510497570038, 0.408930569887, 0.199981093407, 0.103938803077, 0.0559855028987, 0.0185007378459, 0.0038773403503, 0.000137242299388, 2.19491921598e-05, 8.41660494189e-06, 2.15168847717e-06, 8.00702946435e-06, 1.77107813215e-05],
        "min": [2.09771493779e-22, 1.3001683837e-21, 1.62972150183e-21, 1.35330851805e-20, 2.80969698824e-20, 2.59490435567e-20, 1.50107716128e-19, 1.47195058094e-19, 2.57738260234e-19, 6.15722952495e-19, 4.0144874245e-19, 4.0479590295e-19, 1.14789704421e-18, 1.06999762021e-18, 1.08334748812e-18, 1.8725458281e-18, 3.04792108847e-18, 2.74743201453e-18, 3.90223032998e-18, 3.61749821953e-18, 4.34404403876e-18, 5.99552171225e-18, 6.11097213753e-18, 8.08869728923e-18, 8.98923476005e-18, 1.03347159911e-17, 1.20724272434e-17, 1.33869653021e-17, 1.36294334463e-17, 1.17136996913e-17, 1.33298741234e-17, 1.15305809288e-17, 1.1340352549e-17, 1.01717109524e-17, 7.26425133578e-18, 4.57069194019e-18, 2.38140293911e-18, 1.18387216302e-18, 2.81945804258e-19, 3.34264234832e-20],
        "var": [0.000426595594035, 0.108974739909, 1.82141375542, 24.8024311066, 137.992828369, 159.266357422, 692.367797852, 2626.40039062, 9392.50585938, 26766.0195312, 12287.6982422, 5219.48925781, 5112.08447266, 1753.15771484, 1772.4395752, 2326.83325195, 1945.4909668, 3423.39111328, 960.208740234, 1027.44702148, 623.018798828, 583.627563477, 177.920150757, 480.560791016, 254.89704895, 52.7659416199, 18.3415622711, 15.9879760742, 7.12254714966, 1.72514390945, 0.268446981907, 0.0726274624467, 0.0160124767572, 0.00199116533622, 1.49635502567e-06, 3.33804939245e-09, 1.31415767157e-10, 1.07338192154e-11, 7.74471736742e-11, 3.87353205067e-10]
    },
    "gfcc": {
        "mean": [-95.0880508423, 172.327026367, -159.864135742, 34.9668693542, -65.4500350952, -9.01370429993, -27.9604072571, -17.1888656616, 4.23115777969, -21.9908790588, 5.57882452011, -20.76912117, -2.62848496437],
        "cov": [[8930.32519531, -228.7915802, -1189.94775391, 965.820251465, -1040.25280762, -365.801330566, -213.981536865, -208.398147583, -82.9161453247, -233.696334839, 88.8886642456, -320.402587891, -1.15005791187], [-228.7915802, 1009.77252197, 425.902282715, -211.155136108, 305.9737854, -142.836791992, 79.1000442505, -57.4928970337, 50.9140510559, -48.3178062439, -34.66929245, -31.8118076324, -118.257652283], [-1189.94775391, 425.902282715, 1054.02490234, 274.490112305, -68.3079681396, 27.6046123505, 7.21227884293, -76.9336471558, -79.3914031982, -1.24747657776, -48.2996864319, -35.1369934082, -11.9781761169], [965.820251465, -211.155136108, 274.490112305, 738.657287598, -316.083099365, -24.1025676727, -99.7946548462, -99.5220336914, -80.2825393677, -30.7497634888, -48.3514709473, -95.2855453491, 63.8691711426], [-1040.25280762, 305.9737854, -68.3079681396, -316.083099365, 523.114746094, -20.7263278961, 29.8721885681, 69.1592559814, 102.158096313, 28.5818252563, -36.3129119873, 41.0811576843, -58.24584198], [-365.801330566, -142.836791992, 27.6046123505, -24.1025676727, -20.7263278961, 289.0753479, 69.6595535278, 47.2978134155, -40.7543983459, 0.654005289078, 7.76627016068, 5.95602798462, 36.9654655457], [-213.981536865, 79.1000442505, 7.21227884293, -99.7946548462, 29.8721885681, 69.6595535278, 180.855361938, 45.2900085449, -32.441947937, -22.1075706482, 1.79366576672, 13.4408721924, -41.4349555969], [-208.398147583, -57.4928970337, -76.9336471558, -99.5220336914, 69.1592559814, 47.2978134155, 45.2900085449, 118.213058472, 21.1832351685, 1.01660132408, 3.26241087914, 14.4124221802, -3.92645096779], [-82.9161453247, 50.9140510559, -79.3914031982, -80.2825393677, 102.158096313, -40.7543983459, -32.441947937, 21.1832351685, 126.135467529, 47.2578430176, -7.97981357574, 1.29641914368, -21.6169052124], [-233.696334839, -48.3178062439, -1.24747657776, -30.7497634888, 28.5818252563, 0.654005289078, -22.1075706482, 1.01660132408, 47.2578430176, 97.0205154419, 32.1049499512, 5.68829154968, -3.69470453262], [88.8886642456, -34.66929245, -48.2996864319, -48.3514709473, -36.3129119873, 7.76627016068, 1.79366576672, 3.26241087914, -7.97981357574, 32.1049499512, 89.250831604, 34.3843955994, 6.81185245514], [-320.402587891, -31.8118076324, -35.1369934082, -95.2855453491, 41.0811576843, 5.95602798462, 13.4408721924, 14.4124221802, 1.29641914368, 5.68829154968, 34.3843955994, 100.552749634, 36.1536903381], [-1.15005791187, -118.257652283, -11.9781761169, 63.8691711426, -58.24584198, 36.9654655457, -41.4349555969, -3.92645096779, -21.6169052124, -3.69470453262, 6.81185245514, 36.1536903381, 102.342788696]],
        "icov": [[0.000536496343557, -0.000983929261565, 0.00128093536478, -0.000901650928427, 0.00120733608492, -1.37480037665e-05, 0.00053890934214, -0.000416027149186, 5.03044648212e-05, 0.00046470205416, -0.00061364157591, 0.000542687252164, 0.000352557661245], [-0.000983929261565, 0.00521004153416, -0.00419780192897, 0.0027756721247, -0.00422342214733, 0.00162317801733, -0.0031426588539, 0.00362122897059, -0.00271543581039, 0.00328226014972, -0.0018585070502, 0.00221344106831, -0.00145099021029], [0.00128093536478, -0.00419780192897, 0.00525721674785, -0.00322862970643, 0.00382443331182, -0.00110356253572, 0.00238072103821, -0.00204813876189, 0.00240672309883, -0.00188138755038, 0.000979379285127, -0.000957807002123, 0.00196807761677], [-0.000901650928427, 0.0027756721247, -0.00322862970643, 0.00456160167232, -0.00157649023458, 0.000871359196026, -0.00100985332392, 0.00216896203347, -0.000455619650893, 0.000463561591459, 0.0010925316019, 0.00210728123784, -0.00246169697493], [0.00120733608492, -0.00422342214733, 0.00382443331182, -0.00157649023458, 0.0073195011355, -0.000974412716459, 0.00292941182852, -0.00354532408528, 0.000477368244901, -0.00206874753349, 0.00299766031094, -0.00238410173915, 0.00280132400803], [-1.37480037665e-05, 0.00162317801733, -0.00110356253572, 0.000871359196026, -0.000974412716459, 0.00555934756994, -0.00311156897806, -0.000150359599502, -3.90009154216e-05, 0.000779691094067, -0.00153403740842, 0.00320419273339, -0.00363550591283], [0.00053890934214, -0.0031426588539, 0.00238072103821, -0.00100985332392, 0.00292941182852, -0.00311156897806, 0.0113969426602, -0.00483647873625, 0.004753571935, -0.0013798015425, 0.00255480711348, -0.00458516785875, 0.00690724886954], [-0.000416027149186, 0.00362122897059, -0.00204813876189, 0.00216896203347, -0.00354532408528, -0.000150359599502, -0.00483647873625, 0.0144196571782, -0.00469220010564, 0.00421356409788, -0.00282333302312, 0.00286320061423, -0.0024444591254], [5.03044648212e-05, -0.00271543581039, 0.00240672309883, -0.000455619650893, 0.000477368244901, -3.90009154216e-05, 0.004753571935, -0.00469220010564, 0.0168302059174, -0.0103852394968, 0.00657507125288, -0.00356770143844, 0.00346185080707], [0.00046470205416, 0.00328226014972, -0.00188138755038, 0.000463561591459, -0.00206874753349, 0.000779691094067, -0.0013798015425, 0.00421356409788, -0.0103852394968, 0.0220950730145, -0.0121549079195, 0.00620500510558, -0.00134645204525], [-0.00061364157591, -0.0018585070502, 0.000979379285127, 0.0010925316019, 0.00299766031094, -0.00153403740842, 0.00255480711348, -0.00282333302312, 0.00657507125288, -0.0121549079195, 0.02238775976, -0.0106095662341, 0.00367237138562], [0.000542687252164, 0.00221344106831, -0.000957807002123, 0.00210728123784, -0.00238410173915, 0.00320419273339, -0.00458516785875, 0.00286320061423, -0.00356770143844, 0.00620500510558, -0.0106095662341, 0.0222297273576, -0.0108004482463], [0.000352557661245, -0.00145099021029, 0.00196807761677, -0.00246169697493, 0.00280132400803, -0.00363550591283, 0.00690724886954, -0.0024444591254, 0.00346185080707, -0.00134645204525, 0.00367237138562, -0.0108004482463, 0.0197287239134]]
    },
    "melbands": {
        "dmean": [9.42043479881e-05, 0.000238938140683, 0.000393451598939, 0.000306511268718, 0.000211235572351, 0.000289883813821, 0.000346304936102, 0.000395862007281, 0.000185768541996, 8.51777222124e-05, 6.13935189904e-05, 3.85462844861e-05, 3.74160263164e-05, 2.68521980615e-05, 2.47997286351e-05, 1.94601034309e-05, 2.47521875281e-05, 1.41072205224e-05, 1.16633191283e-05, 1.11704166557e-05, 8.04701176094e-06, 7.64533615438e-06, 4.65017865281e-06, 2.57096417045e-06, 4.43339376943e-06, 3.56440750693e-06, 2.0303104975e-06, 1.01216517123e-06, 5.86201736041e-07, 6.18888577719e-07, 5.58130523132e-07, 3.98914409061e-07, 2.5304231599e-07, 1.5021007016e-07, 8.81974884237e-08, 6.32175058968e-08, 4.37134310971e-08, 2.52893919139e-08, 1.82288069084e-08, 3.80569664671e-09],
        "dmean2": [0.000162666881806, 0.000399930111598, 0.000653900846373, 0.000507106189616, 0.000330155395204, 0.00045023614075, 0.000548131589312, 0.000610396673437, 0.000277649291093, 0.000126078579342, 9.40320314839e-05, 6.13669035374e-05, 5.99810991844e-05, 4.34184003097e-05, 3.90874411096e-05, 3.0378876545e-05, 3.75887575501e-05, 2.23464794544e-05, 1.75709319592e-05, 1.75446166395e-05, 1.24529615277e-05, 1.16104356493e-05, 7.37325808586e-06, 4.06597428082e-06, 7.00343707649e-06, 5.46563614989e-06, 3.16840009873e-06, 1.61481671057e-06, 9.41264431731e-07, 9.66527068158e-07, 8.80881941612e-07, 6.02183945375e-07, 3.8872255459e-07, 2.34241426256e-07, 1.33980535111e-07, 9.60334389788e-08, 6.7593767028e-08, 3.85842682249e-08, 2.85955916723e-08, 5.95606763909e-09],
        "dvar": [8.1369222471e-08, 2.75835162711e-07, 6.51747654956e-07, 5.86354929055e-07, 1.58524031235e-07, 4.25437292506e-07, 5.99789643729e-07, 8.45645786285e-07, 1.86746433428e-07, 7.04441660559e-08, 5.08932274101e-08, 1.62535265247e-08, 1.04688755442e-08, 6.98433444413e-09, 6.6049139491e-09, 3.01182367934e-09, 4.58905802248e-09, 1.27911192749e-09, 7.76582465001e-10, 7.71114172515e-10, 2.87772861096e-10, 2.4775276275e-10, 1.35803548962e-10, 4.57977752943e-11, 1.61923349729e-10, 7.03830674298e-11, 1.72838392903e-11, 1.28564112481e-11, 3.72874647825e-12, 2.85825486543e-12, 2.74089735283e-12, 1.22906242475e-12, 5.17773053165e-13, 1.45913486914e-13, 4.42334428634e-14, 1.94407258168e-14, 1.01849630211e-14, 3.58453247146e-15, 2.62376608104e-15, 2.0071912111e-16],
        "dvar2": [2.27220297688e-07, 7.45183911022e-07, 1.75881746145e-06, 1.57640818088e-06, 3.59030792652e-07, 1.07264736471e-06, 1.56020325903e-06, 2.09085442293e-06, 4.07386863799e-07, 1.36423722097e-07, 1.14676048213e-07, 4.06076701154e-08, 2.34838406499e-08, 1.92931519649e-08, 1.71371059565e-08, 7.1075634267e-09, 9.74885594474e-09, 2.94892732455e-09, 1.5994242597e-09, 1.8855399464e-09, 6.6006278221e-10, 5.29674304417e-10, 3.2598751476e-10, 1.06598424532e-10, 3.98917621158e-10, 1.62898847189e-10, 4.11491465901e-11, 2.96105084896e-11, 9.5436557962e-12, 6.44399247504e-12, 6.28926034515e-12, 2.67781391679e-12, 1.04522575491e-12, 3.39058235698e-13, 9.76192257997e-14, 4.28951782406e-14, 2.33730728863e-14, 7.67836637235e-15, 6.08730222533e-15, 4.86737477563e-16],
        "max": [0.00409259274602, 0.00896171294153, 0.0146905332804, 0.0196722019464, 0.0114576509222, 0.013651072979, 0.0181776527315, 0.0195519477129, 0.00884369481355, 0.0103353997692, 0.00889254081994, 0.00420192442834, 0.00286885933019, 0.00350335310213, 0.0027504011523, 0.00163955474272, 0.00163220858667, 0.000950796646066, 0.000641641730908, 0.000964834645856, 0.000454335269751, 0.000352353730705, 0.000375809991965, 0.00019506807439, 0.000435087567894, 0.000251427758485, 8.54509271448e-05, 0.000160326249897, 5.48901080037e-05, 5.15993087902e-05, 5.87569702475e-05, 5.00402238686e-05, 3.05451030727e-05, 1.22760320664e-05, 5.34455557499e-06, 3.70494240087e-06, 3.23595395457e-06, 1.92339348359e-06, 1.69163877217e-06, 7.25709810467e-07],
        "mean": [0.000144837773405, 0.000449231214589, 0.000706685765181, 0.000561763125006, 0.000469457474537, 0.000559556065127, 0.00066773063736, 0.000828512187582, 0.000377398100682, 0.000142688979395, 0.000109303618956, 6.20965220151e-05, 6.24110762146e-05, 4.57081514469e-05, 4.1565108404e-05, 3.29423892254e-05, 4.59633192804e-05, 2.59216667473e-05, 2.17637934838e-05, 2.15245254367e-05, 1.69076174643e-05, 1.61331990967e-05, 8.74295528774e-06, 4.85177906739e-06, 8.57502072904e-06, 7.4539493653e-06, 3.77085166292e-06, 1.76665741947e-06, 1.03829029285e-06, 1.13297801363e-06, 1.01642319805e-06, 7.61925662118e-07, 4.76325482168e-07, 2.78616511196e-07, 1.64145447457e-07, 1.17233078356e-07, 7.78518156608e-08, 4.24750830064e-08, 3.28907958647e-08, 5.65275204423e-09],
        "median": [8.08550175861e-05, 0.000261424924247, 0.000369725661585, 0.000341289880453, 0.000223541952437, 0.000178179805516, 0.000177018227987, 0.000176562505658, 9.05654524104e-05, 4.06248655054e-05, 2.25713392865e-05, 1.62554752023e-05, 2.17108336074e-05, 1.46813763422e-05, 1.12567186079e-05, 9.55119412538e-06, 9.14716292755e-06, 6.40260668661e-06, 6.33644413028e-06, 7.29421890355e-06, 5.49992819288e-06, 4.34055255027e-06, 2.33905484492e-06, 1.51175720475e-06, 2.0704758299e-06, 1.54537633534e-06, 1.09341544885e-06, 3.49464102101e-07, 2.67350941385e-07, 3.24116513184e-07, 2.39019811943e-07, 2.43907720687e-07, 1.4753804578e-07, 8.39021936372e-08, 5.24381462697e-08, 4.72088146353e-08, 2.52036986836e-08, 1.1198688199e-08, 7.42617745075e-09, 1.06752706674e-09],
        "min": [3.30343984316e-24, 9.84612400117e-25, 6.35132504063e-24, 2.27414379757e-24, 5.77284032263e-24, 3.50271991288e-24, 4.79536948029e-24, 5.33778826656e-24, 2.71375487802e-24, 2.44570013965e-24, 5.04758606105e-24, 3.38326862246e-24, 2.21669283278e-24, 5.19061955938e-24, 5.74412381352e-24, 4.32620747311e-24, 4.99411273016e-24, 6.1737567896e-24, 4.62876836799e-24, 3.95676813398e-24, 3.86570636981e-24, 6.46631413934e-24, 5.75477106916e-24, 5.25259878298e-24, 5.95540640192e-24, 5.82250463864e-24, 3.83051646812e-24, 6.37854429173e-24, 6.78804632637e-24, 5.53940612558e-24, 7.12743953135e-24, 7.25388052382e-24, 7.24174074335e-24, 5.60166342265e-24, 7.88794088702e-24, 5.90235708377e-24, 6.10480837433e-24, 7.61275543771e-24, 6.1925790108e-24, 8.37206009139e-24],
        "var": [6.6819822564e-08, 3.55215973968e-07, 1.10660744213e-06, 6.62317859224e-07, 6.4941951905e-07, 1.36814094276e-06, 1.86674878933e-06, 3.27911311615e-06, 7.10389315373e-07, 1.75698119165e-07, 1.26214260376e-07, 3.23460263019e-08, 2.27631105076e-08, 1.56106807481e-08, 1.18313376873e-08, 6.03834626745e-09, 1.54382568951e-08, 3.14237702526e-09, 2.19672324775e-09, 2.10900630293e-09, 8.8351759242e-10, 8.91411833237e-10, 3.49848705561e-10, 1.19605603199e-10, 4.30089436287e-10, 2.50670595392e-10, 4.79074349635e-11, 2.44404340516e-11, 7.13260700502e-12, 7.76335593033e-12, 6.16404496889e-12, 3.07859250245e-12, 1.25958900428e-12, 3.68529750987e-13, 1.06294306852e-13, 4.44753453087e-14, 2.40506297874e-14, 8.82825425583e-15, 7.62394535253e-15, 4.5295854478e-16]
    },
    "mfcc": {
        "mean": [-710.370544434, 172.089508057, -20.1449985504, 24.5162849426, -6.70136070251, 0.516707599163, -17.12915802, 0.115083061159, -8.73752117157, 1.36250853539, -0.726101160049, 0.235031932592, -1.50868678093],
        "cov": [[6709.09326172, -870.48425293, -678.364807129, 813.805175781, -753.581176758, -69.6427993774, -329.87789917, -15.5398931503, -313.22958374, 16.6308193207, -171.492263794, -16.2272567749, -63.6361160278], [-870.48425293, 1279.80737305, 40.8398590088, -124.44908905, 252.908370972, -85.6344146729, 49.1332244873, 32.3008041382, 21.4313240051, 2.34162974358, 146.310714722, -7.95284986496, 14.1412124634], [-678.364807129, 40.8398590088, 1142.4876709, 321.563842773, -50.5121421814, 120.418960571, 98.6601409912, -76.9704284668, -18.624753952, -36.8500518799, -108.31414032, -3.34589791298, -9.37873268127], [813.805175781, -124.44908905, 321.563842773, 626.274963379, -54.2428855896, 21.5736217499, -100.520889282, -88.0026702881, -59.2682342529, 5.34593200684, -85.1109085083, -62.0604095459, -12.7641401291], [-753.581176758, 252.908370972, -50.5121421814, -54.2428855896, 343.336151123, 2.87885117531, -30.1617393494, -17.3552532196, 70.44556427, 33.0565910339, 48.705657959, -24.0772361755, 3.32200074196], [-69.6427993774, -85.6344146729, 120.418960571, 21.5736217499, 2.87885117531, 146.298828125, 42.0129508972, -4.82235145569, 15.6838283539, 16.2185955048, -18.9960803986, 16.7826080322, -20.6996593475], [-329.87789917, 49.1332244873, 98.6601409912, -100.520889282, -30.1617393494, 42.0129508972, 207.61164856, 69.4965515137, 17.2877502441, -10.9365119934, 1.14637172222, 17.0805110931, -7.46274709702], [-15.5398931503, 32.3008041382, -76.9704284668, -88.0026702881, -17.3552532196, -4.82235145569, 69.4965515137, 141.351333618, 35.0651130676, -2.65401053429, 15.8952054977, 0.544923067093, -15.9863586426], [-313.22958374, 21.4313240051, -18.624753952, -59.2682342529, 70.44556427, 15.6838283539, 17.2877502441, 35.0651130676, 107.191520691, 19.797870636, 10.379658699, -2.58604216576, -11.5907125473], [16.6308193207, 2.34162974358, -36.8500518799, 5.34593200684, 33.0565910339, 16.2185955048, -10.9365119934, -2.65401053429, 19.797870636, 108.147079468, 38.8880157471, -1.26004993916, -20.1819114685], [-171.492263794, 146.310714722, -108.31414032, -85.1109085083, 48.705657959, -18.9960803986, 1.14637172222, 15.8952054977, 10.379658699, 38.8880157471, 133.988632202, 20.7942581177, -5.70583486557], [-16.2272567749, -7.95284986496, -3.34589791298, -62.0604095459, -24.0772361755, 16.7826080322, 17.0805110931, 0.544923067093, -2.58604216576, -1.26004993916, 20.7942581177, 86.5805892944, 19.6927223206], [-63.6361160278, 14.1412124634, -9.37873268127, -12.7641401291, 3.32200074196, -20.6996593475, -7.46274709702, -15.9863586426, -11.5907125473, -20.1819114685, -5.70583486557, 19.6927223206, 89.4163513184]],
