{
"lowlevel": {
    "average_loudness": 0.69837218523,
    "barkbands_crest": {
        "dmean": 3.0109629631,
        "dmean2": 4.89726400375,
        "dvar": 7.27657318115,
        "dvar2": 17.6532535553,
        "max": 26.1581268311,
        "mean": 11.538766861,
        "median": 10.8135795593,
        "min": 1.91546320915,
        "var": 21.1757602692
    },
    "barkbands_flatness_db": {
        "dmean": 0.0241630095989,
        "dmean2": 0.0371961332858,
        "dvar": 0.000520959147252,
        "dvar2": 0.00116341409739,
        "max": 0.54724830389,
        "mean": 0.167629539967,
        "median": 0.16549962759,
        "min": 0.0382607765496,
        "var": 0.00265816180035
    },
    "barkbands_kurtosis": {
        "dmean": 4.69089889526,
        "dmean2": 7.42184972763,
        "dvar": 449.746459961,
        "dvar2": 1155.87939453,
        "max": 1602.75732422,
        "mean": 7.77063465118,
        "median": 3.90140795708,
        "min": -1.93045449257,
        "var": 830.086547852
    },
    "barkbands_skewness": {
        "dmean": 0.64645332098,
        "dmean2": 0.998629033566,
        "dvar": 0.583575487137,
        "dvar2": 1.32561135292,
        "max": 25.0613021851,
        "mean": 1.85632133484,
        "median": 1.75739955902,
        "min": -3.90543651581,
        "var": 2.40635848045
    },
    "barkbands_spread": {
        "dmean": 5.29873466492,
        "dmean2": 8.32114124298,
        "dvar": 54.7958145142,
        "dvar2": 127.761650085,
        "max": 117.170318604,
        "mean": 17.0393104553,
        "median": 14.6445159912,
        "min": 0.0784653201699,
        "var": 141.929168701
    },
    "dissonance": {
        "dmean": 0.02646384947,
        "dmean2": 0.0449121370912,
        "dvar": 0.000672347494401,
        "dvar2": 0.00179805059452,
        "max": 0.500000119209,
        "mean": 0.442663222551,
        "median": 0.449586927891,
        "min": 0.224552944303,
        "var": 0.00143999652937
    },
    "dynamic_complexity": 4.00492858887,
    "erbbands_crest": {
        "dmean": 3.1409804821,
        "dmean2": 4.93628168106,
        "dvar": 8.63781642914,
        "dvar2": 19.9251556396,
        "max": 31.9826545715,
        "mean": 11.3138532639,
        "median": 10.3281497955,
        "min": 1.90004241467,
        "var": 29.1009311676
    },
    "erbbands_flatness_db": {
        "dmean": 0.020258653909,
        "dmean2": 0.0285888053477,
        "dvar": 0.000409163360018,
        "dvar2": 0.00075200892752,
        "max": 0.459454745054,
        "mean": 0.160865411162,
        "median": 0.159152537584,
        "min": 0.0384278297424,
        "var": 0.00277731800452
    },
    "erbbands_kurtosis": {
        "dmean": 1.51876711845,
        "dmean2": 2.32607007027,
        "dvar": 4.95316743851,
        "dvar2": 11.1602630615,
        "max": 92.3501358032,
        "mean": 1.81815218925,
        "median": 0.826406002045,
        "min": -1.87873327732,
        "var": 12.4820613861
    },
    "erbbands_skewness": {
        "dmean": 0.406611293554,
        "dmean2": 0.617189645767,
        "dvar": 0.155463322997,
        "dvar2": 0.349023848772,
        "max": 8.73929691315,
        "mean": 0.749048709869,
        "median": 0.740786790848,
        "min": -2.96178126335,
        "var": 0.731437683105
    },
    "erbbands_spread": {
        "dmean": 9.38418102264,
        "dmean2": 13.6626977921,
        "dvar": 131.735198975,
        "dvar2": 264.487365723,
        "max": 150.21585083,
        "mean": 36.9133033752,
        "median": 31.7158050537,
        "min": 1.43958091736,
        "var": 551.901062012
    },
    "hfc": {
        "dmean": 4.71816396713,
        "dmean2": 6.51323604584,
        "dvar": 48.4892311096,
        "dvar2": 90.8932723999,
        "max": 127.980957031,
        "mean": 14.4510135651,
        "median": 9.98021793365,
        "min": 1.05256119057e-16,
        "var": 194.647064209
    },
    "melbands_crest": {
        "dmean": 3.53904771805,
        "dmean2": 5.82810163498,
        "dvar": 9.93945980072,
        "dvar2": 26.3888206482,
        "max": 36.3717346191,
        "mean": 14.6662273407,
        "median": 13.9967536926,
        "min": 1.48204863071,
        "var": 32.5907478333
    },
    "melbands_flatness_db": {
        "dmean": 0.028702808544,
        "dmean2": 0.043286178261,
        "dvar": 0.000858321087435,
        "dvar2": 0.00186638499144,
        "max": 0.688765406609,
        "mean": 0.228160381317,
        "median": 0.22758641839,
        "min": 0.000661470287014,
        "var": 0.00519626308233
    },
    "melbands_kurtosis": {
        "dmean": 10.0145988464,
        "dmean2": 15.9352579117,
        "dvar": 394.576324463,
        "dvar2": 966.072509766,
        "max": 561.795837402,
        "mean": 18.2359371185,
        "median": 9.77613639832,
        "min": -1.83557617664,
        "var": 837.13659668
    },
    "melbands_skewness": {
        "dmean": 0.870999574661,
        "dmean2": 1.33465623856,
        "dvar": 1.12751734257,
        "dvar2": 2.58894371986,
        "max": 15.1567115784,
        "mean": 2.70336294174,
        "median": 2.42912817001,
        "min": -2.23833751678,
        "var": 4.1846575737
    },
    "melbands_spread": {
        "dmean": 5.66571235657,
        "dmean2": 8.76980400085,
        "dvar": 143.272140503,
        "dvar2": 266.223327637,
        "max": 260.657958984,
        "mean": 18.3600463867,
        "median": 14.2448997498,
        "min": 0.257714778185,
        "var": 438.71774292
    },
    "pitch_salience": {
        "dmean": 0.0767433866858,
        "dmean2": 0.124284133315,
        "dvar": 0.00524146435782,
        "dvar2": 0.0134959975258,
        "max": 0.99167317152,
        "mean": 0.519578874111,
        "median": 0.515875101089,
        "min": 0.0938564762473,
        "var": 0.0155126070604
    },
    "silence_rate_20dB": {
        "dmean": 0,
        "dmean2": 0,
        "dvar": 0,
        "dvar2": 0,
        "max": 1,
        "mean": 1,
        "median": 1,
        "min": 1,
        "var": 0
    },
    "silence_rate_30dB": {
        "dmean": 0.0126435300335,
        "dmean2": 0.0252903234214,
        "dvar": 0.0124840065837,
        "dvar2": 0.0305870417506,
        "max": 1,
        "mean": 0.988906085491,
        "median": 1,
        "min": 0,
        "var": 0.0109706353396
    },
    "silence_rate_60dB": {
        "dmean": 0.0144497482106,
        "dmean2": 0.0289032254368,
        "dvar": 0.0142392059788,
        "dvar2": 0.0319410525262,
        "max": 1,
        "mean": 0.0785603746772,
        "median": 0,
        "min": 0,
        "var": 0.0723822787404
    },
    "spectral_centroid": {
        "dmean": 190.779159546,
        "dmean2": 297.612823486,
        "dvar": 78033.2734375,
        "dvar2": 164105.015625,
        "max": 11552.4160156,
        "mean": 1033.25476074,
        "median": 847.631225586,
        "min": 87.7232589722,
        "var": 978613.9375
    },
    "spectral_complexity": {
        "dmean": 2.10192227364,
        "dmean2": 3.28541946411,
        "dvar": 5.44750118256,
        "dvar2": 12.1568861008,
        "max": 50,
        "mean": 11.8137254715,
        "median": 11,
        "min": 0,
        "var": 35.1148986816
    },
    "spectral_decrease": {
        "dmean": 2.35433028628e-09,
        "dmean2": 3.57355056657e-09,
        "dvar": 1.50352103538e-17,
        "dvar2": 3.4576599591e-17,
        "max": 9.805785645e-29,
        "mean": -6.3274052664e-09,
        "median": -4.45643966174e-09,
        "min": -7.56424967108e-08,
        "var": 3.89955605506e-17
    },
    "spectral_energy": {
        "dmean": 0.00920719187707,
        "dmean2": 0.0138937244192,
        "dvar": 0.000225620387937,
        "dvar2": 0.000514509796631,
        "max": 0.297100543976,
        "mean": 0.0251918211579,
        "median": 0.0177773833275,
        "min": 9.93744657221e-21,
        "var": 0.000602068321314
    },
    "spectral_energyband_high": {
        "dmean": 0.000233949394897,
        "dmean2": 0.000333798088832,
        "dvar": 2.44329754651e-07,
        "dvar2": 5.29882072442e-07,
        "max": 0.0127962781116,
        "mean": 0.000397670053644,
        "median": 0.000158669834491,
        "min": 6.72524091297e-21,
        "var": 4.40805166591e-07
    },
    "spectral_energyband_low": {
        "dmean": 0.00510833971202,
        "dmean2": 0.00793960504234,
        "dvar": 8.6799627752e-05,
        "dvar2": 0.000201724673389,
        "max": 0.113624826074,
        "mean": 0.0084793670103,
        "median": 0.00317081483081,
        "min": 1.45282146332e-23,
        "var": 0.000170285478816
    },
    "spectral_energyband_middle_high": {
        "dmean": 0.00170142366551,
        "dmean2": 0.00238535902463,
        "dvar": 9.76713090495e-06,
        "dvar2": 1.81697996595e-05,
        "max": 0.0926685780287,
        "mean": 0.0048894896172,
        "median": 0.00174654310104,
        "min": 1.26912103991e-21,
        "var": 5.86231981288e-05
    },
    "spectral_energyband_middle_low": {
        "dmean": 0.00598343694583,
        "dmean2": 0.00937076192349,
        "dvar": 0.000158420414664,
        "dvar2": 0.000374365394237,
        "max": 0.234369397163,
        "mean": 0.0129597019404,
        "median": 0.00800883583724,
        "min": 1.91995516711e-22,
        "var": 0.000258947984548
    },
    "spectral_entropy": {
        "dmean": 0.203423365951,
        "dmean2": 0.301144659519,
        "dvar": 0.0495533980429,
        "dvar2": 0.106679931283,
        "max": 9.81580543518,
        "mean": 7.35719776154,
        "median": 7.32589626312,
        "min": 4.96034049988,
        "var": 0.299646556377
    },
    "spectral_flux": {
        "dmean": 0.0249403342605,
        "dmean2": 0.0394201911986,
        "dvar": 0.000922149978578,
        "dvar2": 0.00204674410634,
        "max": 0.495866894722,
        "mean": 0.0760616436601,
        "median": 0.0646361261606,
        "min": 6.51657200423e-11,
        "var": 0.00252884952351
    },
    "spectral_kurtosis": {
        "dmean": 1.80693566799,
        "dmean2": 2.78295898438,
        "dvar": 5.13538742065,
        "dvar2": 12.956697464,
        "max": 55.4309463501,
        "mean": 5.37696027756,
        "median": 4.63900756836,
        "min": -1.25297677517,
        "var": 18.781496048
    },
    "spectral_rms": {
        "dmean": 0.000816218380351,
        "dmean2": 0.0012010994833,
        "dvar": 9.25302913402e-07,
        "dvar2": 1.8755417841e-06,
        "max": 0.0170251037925,
        "mean": 0.00442449795082,
        "median": 0.00416458770633,
        "min": 3.11369072886e-12,
        "var": 5.0012686188e-06
    },
    "spectral_rolloff": {
        "dmean": 387.64630127,
        "dmean2": 672.856384277,
        "dvar": 987897.6875,
        "dvar2": 2124913.25,
        "max": 19272.2167969,
        "mean": 1207.66796875,
        "median": 753.662109375,
        "min": 64.599609375,
        "var": 4372655.5
    },
    "spectral_skewness": {
        "dmean": 0.245590612292,
        "dmean2": 0.376389652491,
        "dvar": 0.0702058747411,
        "dvar2": 0.162997290492,
        "max": 5.80082464218,
        "mean": 1.86573505402,
        "median": 1.86889815331,
        "min": -0.05442237854,
        "var": 0.31458362937
    },
    "spectral_spread": {
        "dmean": 749998.5,
        "dmean2": 971209.4375,
        "dvar": 896269156352,
        "dvar2": 1.46434005402e+12,
        "max": 42621776,
        "mean": 5688618,
        "median": 5104973,
        "min": 1139146.125,
        "var": 1.23770387825e+13
    },
    "spectral_strongpeak": {
        "dmean": 0.564092457294,
        "dmean2": 0.940365791321,
        "dvar": 0.706626236439,
        "dvar2": 1.69762313366,
        "max": 11.0997180939,
        "mean": 1.08889174461,
        "median": 0.585612773895,
        "min": 0,
        "var": 1.58244812489
    },
    "zerocrossingrate": {
        "dmean": 0.0107703469694,
        "dmean2": 0.012508883141,
        "dvar": 0.00026800041087,
        "dvar2": 0.000309102644678,
        "max": 0.86865234375,
        "mean": 0.0590000227094,
        "median": 0.046875,
        "min": 0.00244140625,
        "var": 0.00410388503224
    },
    "barkbands": {
        "dmean": [4.5038836106e-05, 0.004540795926, 0.00110491726082, 0.00278502190486, 0.00153221946675, 0.0014309422113, 0.00119010941125, 0.000304722401779, 0.000581325031817, 0.000845201546326, 0.000489950936753, 0.000319669867167, 0.000189099737327, 0.000219402252696, 0.000150744788698, 0.000141919503221, 0.000112479057861, 8.47058763611e-05, 4.58193790109e-05, 3.75310883101e-05, 3.22646410496e-05, 4.86840690428e-05, 3.54176809196e-05, 5.54087273485e-05, 5.51794109924e-05, 2.1411686248e-05, 1.05202202505e-08],
        "dmean2": [7.43831260479e-05, 0.00696173449978, 0.00193649088033, 0.00466351723298, 0.00257995049469, 0.00218224991113, 0.00183846254367, 0.000464504148113, 0.000856229977217, 0.00123423605692, 0.000731081236154, 0.000470993021736, 0.000276775041129, 0.000316558784107, 0.000233489976381, 0.000218182278331, 0.000168180296896, 0.000129222287796, 7.05163256498e-05, 5.68161849515e-05, 5.07860859216e-05, 8.16853134893e-05, 5.51849589101e-05, 8.10630517663e-05, 7.62121271691e-05, 2.94386318274e-05, 1.86970456895e-08],
        "dvar": [5.20210674537e-09, 7.34598797862e-05, 9.45614374359e-06, 8.58456623973e-05, 1.4031667888e-05, 1.17253039207e-05, 9.81275752565e-06, 1.08387291675e-06, 2.93673542728e-06, 4.891586741e-06, 2.56317343883e-06, 9.37955917379e-07, 4.35778730434e-07, 5.16049794896e-07, 2.05763399208e-07, 1.90645167208e-07, 1.48498600083e-07, 6.06432166705e-08, 1.03229016446e-08, 7.57645235439e-09, 4.72488848047e-09, 1.88919759836e-08, 7.66602337166e-09, 1.82864692277e-08, 1.45157699194e-08, 2.53966292441e-09, 1.66723824349e-15],
        "dvar2": [1.38877211953e-08, 0.000155430156155, 2.64153350145e-05, 0.000218854169361, 3.58814650099e-05, 2.46089457505e-05, 2.24330397032e-05, 2.64598179456e-06, 6.69326436764e-06, 9.72566704149e-06, 5.31927344127e-06, 1.96652808881e-06, 8.9547376092e-07, 9.75571197159e-07, 4.69733379305e-07, 4.10474711998e-07, 3.44119172269e-07, 1.34521073392e-07, 2.37402684178e-08, 1.77176815441e-08, 1.13094484888e-08, 4.98708452312e-08, 1.83272419463e-08, 4.05307822859e-08, 3.01169897909e-08, 5.45035261368e-09, 4.39900123706e-15],
        "max": [0.000872444652487, 0.10060788691, 0.060065690428, 0.180000603199, 0.083526827395, 0.0712049603462, 0.0778726935387, 0.041345577687, 0.0398771166801, 0.0843247175217, 0.0437786094844, 0.0285444129258, 0.0248241275549, 0.0294802915305, 0.0141991609707, 0.0132024139166, 0.0132532920688, 0.00701312767342, 0.00245481287129, 0.00200275378302, 0.00124727131333, 0.00280493381433, 0.00191394938156, 0.003442293033, 0.00314680719748, 0.00132699636742, 1.45503713611e-06],
        "mean": [6.32618030068e-05, 0.00588572164997, 0.00118199677672, 0.0034836367704, 0.00239618541673, 0.00288693676703, 0.00240292423405, 0.000530195015017, 0.000972116657067, 0.00171608838718, 0.000913527910598, 0.000587277871091, 0.000348274188582, 0.000410410546465, 0.000279808824416, 0.000226753647439, 0.000226407675655, 0.000161836273037, 8.66717091412e-05, 7.03517362126e-05, 5.10009049322e-05, 5.74988989683e-05, 4.93194747833e-05, 8.28136398923e-05, 8.86229754542e-05, 3.22076994053e-05, 7.8826634109e-09],
        "median": [2.111833237e-05, 0.00133715034463, 0.00034051516559, 0.00109240761958, 0.0010623880662, 0.000923526007682, 0.000635791569948, 0.000129895037389, 0.000237483152887, 0.00018006839673, 0.000128156883875, 7.17073417036e-05, 5.02592229168e-05, 6.14641685388e-05, 5.04200979776e-05, 6.03190346737e-05, 4.20211690653e-05, 4.06742256018e-05, 3.17438898492e-05, 2.71616299869e-05, 2.16030330193e-05, 1.45328940562e-05, 1.62384712894e-05, 2.52879890468e-05, 2.55130071309e-05, 7.53544463805e-06, 1.05010589113e-09],
        "min": [1.50900137598e-24, 2.59465265855e-24, 4.69125818181e-25, 2.49171183245e-24, 1.73132423051e-23, 1.08458734588e-23, 4.0085256924e-24, 1.15585879874e-23, 1.15831728375e-23, 1.30410461661e-23, 2.10035115317e-23, 2.98246598812e-23, 3.58606070094e-23, 5.13654819303e-23, 5.00329349338e-23, 5.16483453628e-23, 6.88287198257e-23, 7.54642832834e-23, 1.55287925525e-22, 1.36325754091e-22, 2.19599665673e-22, 3.58560328783e-22, 4.12077712822e-22, 5.30315164036e-22, 9.48376607705e-22, 1.32203525459e-21, 1.89773448265e-21],
        "var": [9.22172649354e-09, 0.000122708603158, 7.61878436606e-06, 7.8081022366e-05, 2.61741715804e-05, 3.49127403751e-05, 3.13867531077e-05, 2.04940351978e-06, 5.30442002855e-06, 2.01707043743e-05, 8.10466281109e-06, 2.7591252092e-06, 1.13919134037e-06, 1.82231269719e-06, 8.57036184243e-07, 3.39162681939e-07, 5.68803386614e-07, 1.61383397312e-07, 2.43052244997e-08, 1.74784720031e-08, 7.40510675001e-09, 1.88434974291e-08, 9.97007365555e-09, 2.84368599779e-08, 2.96155739932e-08, 4.7431445438e-09, 1.261676539e-15]
    },
    "erbbands": {
        "dmean": [0.10656850785, 1.12008881569, 1.15409100056, 5.12541437149, 8.72603130341, 3.87141823769, 8.1483001709, 12.3365516663, 19.647939682, 9.79128646851, 7.5648059845, 11.7509822845, 20.7966365814, 26.0785579681, 16.7978687286, 10.8427152634, 8.0946521759, 7.69629335403, 10.0242300034, 7.91363954544, 6.41194200516, 6.4805855751, 4.23526191711, 3.1941652298, 1.72694385052, 1.84840106964, 1.42305290699, 1.23695528507, 1.70448374748, 1.47431278229, 1.00099015236, 1.06753802299, 0.961411297321, 0.576809167862, 0.412461429834, 0.135670036077, 0.0343025140464, 0.00264157820493, 5.4878899391e-05, 1.25567130453e-05],
        "dmean2": [0.165224388242, 1.71504986286, 1.90376925468, 8.76322460175, 14.7706565857, 6.41489219666, 12.3725204468, 18.720161438, 30.8493423462, 14.2421665192, 11.291560173, 17.2883090973, 29.3460235596, 36.9094810486, 23.9484577179, 15.4526491165, 11.6491413116, 11.2905654907, 14.530213356, 11.856262207, 9.92943000793, 9.59627914429, 6.30974960327, 4.8144569397, 2.66415643692, 2.77546930313, 2.16616415977, 1.98629450798, 2.84384226799, 2.49964547157, 1.51586008072, 1.61855077744, 1.37907016277, 0.801453828812, 0.578334987164, 0.188600853086, 0.0471865795553, 0.00370148080401, 7.45607467252e-05, 1.82359563041e-05],
        "dvar": [0.0377449318767, 4.61861467361, 7.23658180237, 272.26675415, 762.084350586, 75.8095550537, 450.260803223, 1072.82873535, 2749.91845703, 658.230895996, 603.173522949, 1427.1151123, 3182.52734375, 6106.94677734, 2101.14038086, 1092.26818848, 636.968383789, 652.79498291, 1016.81945801, 495.899963379, 367.695465088, 550.25378418, 144.180923462, 47.6777420044, 16.1174564362, 21.2914352417, 9.21127223969, 8.81403064728, 21.9737052917, 19.0806522369, 6.16734600067, 10.3750562668, 4.47129440308, 1.59614467621, 0.874584078789, 0.102955766022, 0.00637887371704, 4.11883374909e-05, 1.5523843544e-08, 4.01152638885e-10],
        "dvar2": [0.0859482809901, 9.75744724274, 17.703622818, 725.331481934, 1881.1619873, 188.635910034, 959.608337402, 2219.29736328, 6474.328125, 1223.68139648, 1399.77966309, 3311.71020508, 6273.51904297, 11270.2568359, 3780.01904297, 2151.23950195, 1288.17260742, 1375.70361328, 2028.43762207, 1006.5848999, 801.25012207, 1272.47583008, 313.970855713, 108.280075073, 37.8720054626, 48.593296051, 21.4535369873, 21.613904953, 56.8338012695, 51.9141921997, 14.2664480209, 24.6433391571, 9.24633979797, 3.26092362404, 1.89341831207, 0.223205760121, 0.0134410522878, 8.57333870954e-05, 3.17573345399e-08, 8.57331650117e-10],
        "max": [2.05136418343, 25.1144008636, 53.2260704041, 321.71572876, 501.709594727, 318.060455322, 689.761047363, 799.713195801, 1252.91833496, 1018.38635254, 646.211303711, 1126.69567871, 1389.07019043, 3212.70410156, 2022.56408691, 1222.99230957, 964.963989258, 832.746582031, 1188.80285645, 590.792053223, 546.687683105, 938.008361816, 328.546173096, 143.352081299, 172.370010376, 134.06137085, 69.5172195435, 55.1275596619, 86.0573425293, 88.6236419678, 58.5655860901, 98.4192123413, 36.0214080811, 26.8945140839, 27.9816684723, 8.8582201004, 2.08234405518, 0.17205452919, 0.00316660734825, 0.000427957973443],
        "mean": [0.153511896729, 1.3547604084, 1.68149697781, 6.38753271103, 10.4268856049, 7.04408502579, 15.8720064163, 25.3505344391, 38.6389884949, 20.0971546173, 14.0994529724, 20.1016273499, 39.8876533508, 51.4555892944, 33.3816757202, 21.5787334442, 17.6232719421, 14.8925800323, 21.8730564117, 13.5475625992, 11.1520175934, 13.6463499069, 9.44308662415, 6.81764554977, 3.43791604042, 3.50708198547, 2.57488536835, 1.7852884531, 2.05702257156, 1.64027750492, 1.45723819733, 1.5626578331, 1.44079506397, 0.907061398029, 0.64995610714, 0.210903406143, 0.0499895736575, 0.00378132215701, 9.07945286599e-05, 3.41101767845e-05],
        "median": [0.0315586179495, 0.305677741766, 0.575749695301, 2.33586096764, 4.29559183121, 3.19910669327, 4.95376491547, 8.38767433167, 9.66925048828, 6.69477176666, 3.99810767174, 5.62696552277, 6.53164815903, 9.13673210144, 5.71303272247, 3.38016343117, 2.82082414627, 2.66433262825, 3.03213310242, 4.02810525894, 3.45861244202, 2.74519491196, 2.30709671974, 2.26209449768, 1.46778798103, 1.3032643795, 1.11319041252, 0.653376162052, 0.546570420265, 0.387404859066, 0.497197031975, 0.496012270451, 0.437078118324, 0.280518680811, 0.171092435718, 0.0514305755496, 0.010601635091, 0.0008058300009, 3.13857999572e-05, 2.49433942372e-05],
        "min": [1.39848390375e-22, 2.28051256354e-22, 8.76526096229e-22, 4.54582800573e-21, 1.79365698623e-20, 5.54445141298e-20, 4.68257251243e-20, 8.60247286787e-20, 8.73182258992e-20, 2.01417936319e-19, 3.06923298336e-19, 2.69874602483e-19, 3.76405539213e-19, 7.24425031537e-19, 1.2842614905e-18, 1.59387901949e-18, 1.85304938786e-18, 2.4627542912e-18, 2.93378939589e-18, 3.91405115453e-18, 3.74068112917e-18, 4.40640146283e-18, 4.49379888481e-18, 8.58187725969e-18, 8.37232428639e-18, 6.89165320553e-18, 1.05010893092e-17, 1.06027423619e-17, 9.19870666965e-18, 1.18503300761e-17, 1.10265251877e-17, 1.06480718594e-17, 8.78167363766e-18, 8.85204685546e-18, 6.87430391937e-18, 4.35755148457e-18, 2.43179850434e-18, 9.15603945288e-19, 2.54569744898e-19, 2.62655742347e-20],
        "var": [0.073160469532, 7.1462059021, 9.4528055191, 229.0440979, 684.405334473, 257.517089844, 1478.34643555, 3054.95703125, 8029.97265625, 2234.68212891, 1166.90197754, 2439.95776367, 10488.8378906, 19690.4511719, 8277.91503906, 3350.7421875, 2389.88110352, 1981.22351074, 5087.64208984, 944.185424805, 693.138977051, 1928.22180176, 631.160583496, 146.566497803, 36.1350860596, 50.2108764648, 17.7818870544, 11.929104805, 23.219493866, 16.3148193359, 8.65115642548, 14.1394662857, 7.75404930115, 3.02603530884, 1.79022467136, 0.199885651469, 0.0111939283088, 7.05207421561e-05, 2.85482979479e-08, 1.04932451617e-09]
    },
    "gfcc": {
        "mean": [-39.8893165588, 95.5629425049, -97.6546020508, 24.1754837036, -60.7768211365, 17.9917354584, -44.2445602417, 16.5172691345, -27.809753418, 3.43015384674, -14.6284227371, 3.90953373909, -5.17941856384],
        "cov": [[17749.921875, 1212.44458008, -1189.52539062, -7.0469455719, -852.116943359, 54.1226997375, -809.425231934, 178.063583374, -429.983459473, -69.5172729492, -217.052566528, -133.690124512, -100.493103027], [1212.44458008, 1558.1237793, -203.787780762, -50.1125869751, 264.485168457, -103.597961426, 216.164916992, -65.3046264648, 126.803291321, -123.71245575, 210.802459717, -85.2664108276, 145.520202637], [-1189.52539062, -203.787780762, 1017.65289307, 292.828430176, 39.7944984436, 75.8182830811, -9.58308410645, 37.1316337585, 16.6972503662, 32.9343299866, -97.5719070435, 35.0208473206, -63.2969703674], [-7.0469455719, -50.1125869751, 292.828430176, 375.117401123, 23.9959468842, -23.9696464539, -38.6403160095, 27.1059169769, 69.8012619019, 5.38719081879, 6.99566602707, 3.87084627151, -27.8120765686], [-852.116943359, 264.485168457, 39.7944984436, 23.9959468842, 297.208557129, 39.7312316895, 129.947677612, 0.00422334764153, 65.5199279785, -10.5630426407, 71.397026062, 3.28468370438, 40.0899162292], [54.1226997375, -103.597961426, 75.8182830811, -23.9696464539, 39.7312316895, 254.910507202, 114.154388428, -34.0478591919, -75.2106399536, 13.5217313766, -27.063533783, -1.24360370636, -20.0528011322], [-809.425231934, 216.164916992, -9.58308410645, -38.6403160095, 129.947677612, 114.154388428, 290.828552246, -21.7424221039, -0.458130419254, -16.57380867, 79.188583374, -22.5624885559, 39.2266197205], [178.063583374, -65.3046264648, 37.1316337585, 27.1059169769, 0.00422334764153, -34.0478591919, -21.7424221039, 152.382705688, 66.2142181396, 12.8815450668, -25.4262561798, 16.0771942139, 9.15151786804], [-429.983459473, 126.803291321, 16.6972503662, 69.8012619019, 65.5199279785, -75.2106399536, -0.458130419254, 66.2142181396, 193.077484131, 17.4785652161, 23.8934345245, 1.26379072666, 40.983543396], [-69.5172729492, -123.71245575, 32.9343299866, 5.38719081879, -10.5630426407, 13.5217313766, -16.57380867, 12.8815450668, 17.4785652161, 118.759216309, 32.1128044128, -0.0754844471812, -21.1336288452], [-217.052566528, 210.802459717, -97.5719070435, 6.99566602707, 71.397026062, -27.063533783, 79.188583374, -25.4262561798, 23.8934345245, 32.1128044128, 187.95513916, 15.5373907089, 29.0846385956], [-133.690124512, -85.2664108276, 35.0208473206, 3.87084627151, 3.28468370438, -1.24360370636, -22.5624885559, 16.0771942139, 1.26379072666, -0.0754844471812, 15.5373907089, 110.006767273, 28.3962726593], [-100.493103027, 145.520202637, -63.2969703674, -27.8120765686, 40.0899162292, -20.0528011322, 39.2266197205, 9.15151786804, 40.983543396, -21.1336288452, 29.0846385956, 28.3962726593, 111.069755554]],
        "icov": [[0.000216171261854, -0.000573416356929, 0.000364103529137, -0.000433918030467, 0.00059269007761, -0.000714391004294, 0.000824152084533, -0.000799943110906, 0.000767005549278, -0.000392803136492, 0.000280731037492, -8.87796340976e-05, 6.90694068908e-05], [-0.000573416356929, 0.00280881533399, -0.00108763342723, 0.00145700003486, -0.00212641502731, 0.00220729317516, -0.00226714578457, 0.00250262138434, -0.00257860100828, 0.00253776274621, -0.00207833666354, 0.0016513162991, -0.00113691424485], [0.000364103529137, -0.00108763342723, 0.00218372256495, -0.00201369053684, 0.00071509659756, -0.00127346790396, 0.000922809704207, -0.00137810234446, 0.00156378222164, -0.00155433116015, 0.00186763191596, -0.0011395951733, 0.000723795266822], [-0.000433918030467, 0.00145700003486, -0.00201369053684, 0.0050511858426, -0.00124483078253, 0.0012034868123, -0.000729448045604, 0.00159406370949, -0.00329135893844, 0.00230468669906, -0.00235108542256, 0.0009405927849, 0.000636788550764], [0.00059269007761, -0.00212641502731, 0.00071509659756, -0.00124483078253, 0.00684063741937, -0.00290536438115, 0.000892363430467, -0.00213193893433, 0.000411605724366, -0.000706310733221, -9.0062043455e-05, -0.000912706134841, 0.000255563907558], [-0.000714391004294, 0.00220729317516, -0.00127346790396, 0.0012034868123, -0.00290536438115, 0.00939218793064, -0.00625276565552, 0.00357077736408, -0.000171300256625, -0.000790297403, 0.00173155742232, -0.000737503170967, 0.000343741325196], [0.000824152084533, -0.00226714578457, 0.000922809704207, -0.000729448045604, 0.000892363430467, -0.00625276565552, 0.0101892547682, -0.00369635084644, 0.00261339196004, 0.000514520448633, -0.00240384880453, 0.0022022665944, -0.00148569536395], [-0.000799943110906, 0.00250262138434, -0.00137810234446, 0.00159406370949, -0.00213193893433, 0.00357077736408, -0.00369635084644, 0.0116036990657, -0.00584085145965, 0.000702126417309, 0.000689614855219, -0.000959359633271, -0.000271781493211], [0.000767005549278, -0.00257860100828, 0.00156378222164, -0.00329135893844, 0.000411605724366, -0.000171300256625, 0.00261339196004, -0.00584085145965, 0.0120454151183, -0.0042455396615, 0.00218766951002, 7.72035855334e-05, -0.00232687126845], [-0.000392803136492, 0.00253776274621, -0.00155433116015, 0.00230468669906, -0.000706310733221, -0.000790297403, 0.000514520448633, 0.000702126417309, -0.0042455396615, 0.0137122925371, -0.00634109880775, 0.00259989197366, 0.0010551281739], [0.000280731037492, -0.00207833666354, 0.00186763191596, -0.00235108542256, -9.0062043455e-05, 0.00173155742232, -0.00240384880453, 0.000689614855219, 0.00218766951002, -0.00634109880775, 0.0114734461531, -0.0041676107794, 0.00063716789009], [-8.87796340976e-05, 0.0016513162991, -0.0011395951733, 0.0009405927849, -0.000912706134841, -0.000737503170967, 0.0022022665944, -0.000959359633271, 7.72035855334e-05, 0.00259989197366, -0.0041676107794, 0.0130685828626, -0.0049437917769], [6.90694068908e-05, -0.00113691424485, 0.000723795266822, 0.000636788550764, 0.000255563907558, 0.000343741325196, -0.00148569536395, -0.000271781493211, -0.00232687126845, 0.0010551281739, 0.00063716789009, -0.0049437917769, 0.0138006834313]]
    },
    "melbands": {
        "dmean": [0.00118832779117, 0.000836260034703, 0.00107959564775, 0.000407264917158, 0.000248934491538, 0.000285001820885, 0.000276704900898, 9.42301412579e-05, 7.10124368197e-05, 7.4929506809e-05, 0.000109215594421, 0.000114937523904, 6.71728121233e-05, 3.43597093888e-05, 2.94318415399e-05, 1.33479725264e-05, 1.64346165548e-05, 1.93429841602e-05, 1.11315584945e-05, 1.1050545254e-05, 7.06828177499e-06, 7.36003903512e-06, 4.98682993566e-06, 4.49113349532e-06, 2.68315602625e-06, 1.6640423155e-06, 1.22101380384e-06, 1.29933300741e-06, 9.88817077996e-07, 7.3307535331e-07, 7.45730915241e-07, 8.9329785169e-07, 1.14909335025e-06, 7.36161837267e-07, 5.72407543586e-07, 6.42724160116e-07, 6.68076950205e-07, 6.85427778535e-07, 6.75537478401e-07, 4.54914072634e-07],
        "dmean2": [0.00185211619828, 0.0012403591536, 0.0018221901264, 0.000679958728142, 0.000385889841709, 0.000435151858255, 0.000431214895798, 0.000137092880323, 0.000106276645965, 0.000110323999252, 0.000154818277224, 0.000162604628713, 9.74222348304e-05, 4.99226662214e-05, 4.26649494329e-05, 1.98229390662e-05, 2.39112850977e-05, 2.77471208392e-05, 1.68356691574e-05, 1.69592149177e-05, 1.10674509415e-05, 1.07062523966e-05, 7.42670908949e-06, 6.76822128298e-06, 4.09402355217e-06, 2.55482268585e-06, 1.93016489902e-06, 1.96236919692e-06, 1.5122232071e-06, 1.17130275612e-06, 1.22165567973e-06, 1.4595070752e-06, 1.99389205591e-06, 1.25160545394e-06, 8.81728396962e-07, 9.81195967142e-07, 1.02627211618e-06, 1.01780699424e-06, 9.68209974417e-07, 6.4658371457e-07],
        "dvar": [4.91122864332e-06, 2.49531558438e-06, 1.2083841284e-05, 1.18554896744e-06, 3.80481452567e-07, 4.98898600654e-07, 5.34346099812e-07, 6.60771490857e-08, 5.50087762008e-08, 5.73133398518e-08, 8.43066487732e-08, 1.11238030343e-07, 3.67003494262e-08, 1.22406778047e-08, 9.79838876702e-09, 2.12175810255e-09, 3.06018610452e-09, 4.36004654603e-09, 1.15577325488e-09, 1.4017064176e-09, 5.79060188688e-10, 7.05574376703e-10, 3.45574263649e-10, 1.81014078726e-10, 3.40816229405e-11, 1.48496614311e-11, 9.19140631661e-12, 9.88427222015e-12, 4.51909863697e-12, 2.67100512714e-12, 3.56845911327e-12, 5.45295492788e-12, 1.23397056462e-11, 4.65451288623e-12, 2.08818986408e-12, 3.43893511758e-12, 3.6823781871e-12, 2.32632402924e-12, 2.35111105931e-12, 1.05915753598e-12],
        "dvar2": [1.08026670205e-05, 5.15580222782e-06, 3.09512324748e-05, 2.9250809348e-06, 8.28966676636e-07, 1.03877243873e-06, 1.24560040149e-06, 1.30269938836e-07, 1.26803243461e-07, 1.34361087589e-07, 1.6939230818e-07, 2.03850149205e-07, 7.35086445047e-08, 2.66003343796e-08, 1.84312831664e-08, 4.69820271576e-09, 6.25194251924e-09, 8.22498780195e-09, 2.45508724461e-09, 3.04527714157e-09, 1.31957578198e-09, 1.58088353519e-09, 7.05605185392e-10, 4.16773060508e-10, 7.80952594259e-11, 3.22325117985e-11, 2.27554416282e-11, 2.26855912527e-11, 1.06112514608e-11, 6.50448661946e-12, 8.72907041788e-12, 1.35421864694e-11, 3.40036575286e-11, 1.2619387306e-11, 4.92019315915e-12, 8.18086137028e-12, 8.85991280342e-12, 5.02335673058e-12, 4.94422081401e-12, 2.25636653459e-12],
        "max": [0.0249774716794, 0.0194828156382, 0.0679593682289, 0.0186794213951, 0.0239645764232, 0.0154909603298, 0.017102252692, 0.00938094314188, 0.00662331888452, 0.00758051499724, 0.00685728807002, 0.0141962189227, 0.00585849769413, 0.00420475611463, 0.00374262919649, 0.00133312190883, 0.00180505821481, 0.00272618699819, 0.000754267501179, 0.00108395167626, 0.000827523181215, 0.00103556900285, 0.000618262914941, 0.000533493875992, 0.000121311779367, 0.000150021267473, 8.42993758852e-05, 8.08931727079e-05, 4.56952475361e-05, 3.71166424884e-05, 3.43669235008e-05, 4.42011660198e-05, 6.79409859003e-05, 3.88288972317e-05, 2.70471609838e-05, 5.40390428796e-05, 6.08255431871e-05, 2.67223185801e-05, 2.88220289804e-05, 2.39937944571e-05],
        "mean": [0.00156296312343, 0.00122608034872, 0.00134657754097, 0.00056454789592, 0.000517074018717, 0.000586875597946, 0.000553065387066, 0.000184977907338, 0.000125282793306, 0.000123291581986, 0.000208955185371, 0.000222211165237, 0.000127549908939, 6.24841486569e-05, 6.05552559136e-05, 2.49133590842e-05, 2.88149803964e-05, 3.99664095312e-05, 1.82251951628e-05, 1.76971570909e-05, 1.09722959678e-05, 1.34806787173e-05, 1.12370726129e-05, 8.18193075247e-06, 5.23237076777e-06, 3.05118783217e-06, 2.09698896469e-06, 2.33733430832e-06, 1.72505133378e-06, 1.13636087917e-06, 9.87592898127e-07, 1.12025225008e-06, 1.17432296065e-06, 8.12293365016e-07, 8.00550139957e-07, 9.34783656703e-07, 9.29205043576e-07, 9.93664343696e-07, 9.80912204795e-07, 6.98923770415e-07],
        "median": [0.000333821109962, 0.000363428087439, 0.000513674691319, 0.000283331552055, 0.000174112123204, 0.000203471339773, 0.000142076343764, 5.45820003026e-05, 3.10022005579e-05, 3.01308500639e-05, 2.98862833006e-05, 3.51552662323e-05, 2.06078511837e-05, 6.6628526838e-06, 8.25851839181e-06, 4.33554532719e-06, 4.63222386315e-06, 4.73155432701e-06, 3.71984515368e-06, 4.94895357406e-06, 2.93421430797e-06, 2.57309829976e-06, 1.84819441529e-06, 2.13381963476e-06, 1.68937845046e-06, 1.09971188067e-06, 8.96895301139e-07, 7.95537289378e-07, 6.80116613694e-07, 4.60856824702e-07, 3.13929660933e-07, 3.13157386245e-07, 2.51030371601e-07, 1.95591809415e-07, 2.60679343e-07, 3.21822938076e-07, 2.79879884602e-07, 2.97828535167e-07, 2.83978863536e-07, 2.11501458125e-07],
        "min": [1.42643475629e-24, 4.68710137788e-25, 1.29120181042e-24, 3.06206773325e-24, 2.53629055942e-24, 1.88616721324e-24, 1.05680845712e-24, 2.51912770713e-24, 1.97554002621e-24, 1.99544456457e-24, 1.67817949963e-24, 2.36641725209e-24, 3.14011901172e-24, 3.5437671068e-24, 2.80620227637e-24, 3.21698956263e-24, 4.16988758499e-24, 4.26313212728e-24, 4.25886991181e-24, 3.709061471e-24, 4.01964468686e-24, 4.0203187685e-24, 4.17254525738e-24, 3.71702028868e-24, 6.62306395665e-24, 5.44135860367e-24, 4.41998449651e-24, 3.99996181841e-24, 4.25175399201e-24, 5.73614527433e-24, 5.92484159172e-24, 3.6693549462e-24, 6.10516178402e-24, 5.60913827416e-24, 4.75728130363e-24, 6.88998529913e-24, 5.75290462426e-24, 4.12925414863e-24, 7.58567620941e-24, 6.44589723582e-24],
        "var": [8.32378827909e-06, 4.67826657768e-06, 1.06532843347e-05, 1.24195855733e-06, 1.56199428147e-06, 1.44453463236e-06, 1.65859330536e-06, 2.05376252893e-07, 9.82065060384e-08, 9.30032229007e-08, 2.91848209599e-07, 3.71981570879e-07, 1.3661365017e-07, 3.81539599914e-08, 3.80135070088e-08, 5.14463316392e-09, 9.01832741818e-09, 1.91227620405e-08, 2.53091037017e-09, 2.43368303288e-09, 9.78003344976e-10, 2.03283256894e-09, 2.03629468842e-09, 4.11905176634e-10, 9.2354915382e-11, 3.62576808854e-11, 1.70400811517e-11, 2.29563121984e-11, 8.59070627135e-12, 4.11246340801e-12, 4.55809782279e-12, 6.56987355144e-12, 9.90030453452e-12, 4.04627199801e-12, 2.87910429005e-12, 4.62482482866e-12, 4.793077827e-12, 3.76792607532e-12, 3.92911007549e-12, 1.86135568764e-12]
    },
    "mfcc": {
        "mean": [-684.873901367, 129.019058228, 17.6329917908, 13.4331703186, 8.30301094055, -2.36462593079, 2.03092861176, 2.83894848824, -0.236664637923, -0.814016699791, -5.8971247673, -1.89971292019, -0.386237323284],
        "cov": [[9230.19628906, 625.789123535, -286.657012939, -213.827362061, -45.2002067566, -338.139831543, -138.607940674, -157.002807617, -151.540420532, -54.7062721252, -125.050033569, -97.9437026978, -145.663528442], [625.789123535, 1428.61279297, -209.106521606, 80.9068527222, 54.3594779968, 28.7297496796, 141.702667236, 66.6472091675, -1.2479865551, 63.7877845764, -39.0217704773, -0.765960812569, 38.1699409485], [-286.657012939, -209.106521606, 807.737915039, 204.218933105, 106.543655396, 77.0349578857, -30.6703109741, 24.6298866272, 64.7984313965, -26.9578456879, 50.5863037109, 9.54238033295, -13.5787801743], [-213.827362061, 80.9068527222, 204.218933105, 349.32144165, 133.356155396, -31.4051036835, -51.6566772461, 28.3626327515, 21.3944950104, 1.80253207684, 33.3043937683, 68.2936630249, 24.5057983398], [-45.2002067566, 54.3594779968, 106.543655396, 133.356155396, 207.498062134, -1.09709203243, -46.7908782959, 26.7241230011, 41.130859375, -2.32754540443, 21.7032413483, 41.0220451355, 5.92613554001], [-338.139831543, 28.7297496796, 77.0349578857, -31.4051036835, -1.09709203243, 256.517974854, 141.673019409, 30.7581062317, -6.8457069397, 16.7561702728, 11.5622396469, -23.1223583221, 13.5355863571], [-138.607940674, 141.702667236, -30.6703109741, -51.6566772461, -46.7908782959, 141.673019409, 271.5987854, 41.9773025513, -41.8160820007, 27.9136810303, -9.68804740906, -1.29036879539, 31.4511432648], [-157.002807617, 66.6472091675, 24.6298866272, 28.3626327515, 26.7241230011, 30.7581062317, 41.9773025513, 130.824142456, 58.7339897156, -5.88468122482, -10.702290535, 3.58340024948, 16.818145752], [-151.540420532, -1.2479865551, 64.7984313965, 21.3944950104, 41.130859375, -6.8457069397, -41.8160820007, 58.7339897156, 147.322570801, 40.3817024231, -1.24355185032, -24.8859596252, -11.3353652954], [-54.7062721252, 63.7877845764, -26.9578456879, 1.80253207684, -2.32754540443, 16.7561702728, 27.9136810303, -5.88468122482, 40.3817024231, 131.181243896, 35.500328064, -10.432185173, -11.4822330475], [-125.050033569, -39.0217704773, 50.5863037109, 33.3043937683, 21.7032413483, 11.5622396469, -9.68804740906, -10.702290535, -1.24355185032, 35.500328064, 95.9461746216, 46.504901886, 1.32590806484], [-97.9437026978, -0.765960812569, 9.54238033295, 68.2936630249, 41.0220451355, -23.1223583221, -1.29036879539, 3.58340024948, -24.8859596252, -10.432185173, 46.504901886, 121.80292511, 46.8574295044], [-145.663528442, 38.1699409485, -13.5787801743, 24.5057983398, 5.92613554001, 13.5355863571, 31.4511432648, 16.818145752, -11.3353652954, -11.4822330475, 1.32590806484, 46.8574295044, 88.8852005005]],
