{
"lowlevel": {
    "average_loudness": 0.627287745476,
    "barkbands_crest": {
        "dmean": 2.32542729378,
        "dmean2": 3.73427224159,
        "dvar": 4.97141981125,
        "dvar2": 11.7329339981,
        "max": 26.8871097565,
        "mean": 9.37411117554,
        "median": 8.53768348694,
        "min": 2.92282009125,
        "var": 14.0547866821
    },
    "barkbands_flatness_db": {
        "dmean": 0.0176011230797,
        "dmean2": 0.0261145234108,
        "dvar": 0.000344830652466,
        "dvar2": 0.000654187228065,
        "max": 0.547910392284,
        "mean": 0.17762722075,
        "median": 0.172001779079,
        "min": 0.0286001767963,
        "var": 0.00311983772554
    },
    "barkbands_kurtosis": {
        "dmean": 1.88727402687,
        "dmean2": 3.02810907364,
        "dvar": 205.576980591,
        "dvar2": 545.77557373,
        "max": 1227.39367676,
        "mean": 2.66384935379,
        "median": 1.43794202805,
        "min": -1.84848666191,
        "var": 166.521148682
    },
    "barkbands_skewness": {
        "dmean": 0.416601061821,
        "dmean2": 0.634150147438,
        "dvar": 0.28771084547,
        "dvar2": 0.629772722721,
        "max": 34.6765480042,
        "mean": 0.893009126186,
        "median": 0.899750590324,
        "min": -2.17905259132,
        "var": 1.08606863022
    },
    "barkbands_spread": {
        "dmean": 2.5857155323,
        "dmean2": 4.02952384949,
        "dvar": 9.6349811554,
        "dvar2": 22.0437297821,
        "max": 114.520202637,
        "mean": 11.522857666,
        "median": 9.94133663177,
        "min": 0.444818913937,
        "var": 52.5143699646
    },
    "dissonance": {
        "dmean": 0.0273132156581,
        "dmean2": 0.0456543453038,
        "dvar": 0.000766106706578,
        "dvar2": 0.00197863159701,
        "max": 0.500000119209,
        "mean": 0.444776386023,
        "median": 0.456416726112,
        "min": 0.159071713686,
        "var": 0.00218718196265
    },
    "dynamic_complexity": 5.9547162056,
    "erbbands_crest": {
        "dmean": 2.96244955063,
        "dmean2": 4.77711343765,
        "dvar": 8.19636440277,
        "dvar2": 19.5086727142,
        "max": 31.3765792847,
        "mean": 11.0897579193,
        "median": 9.95997619629,
        "min": 2.6745121479,
        "var": 24.0571575165
    },
    "erbbands_flatness_db": {
        "dmean": 0.0172007717192,
        "dmean2": 0.0248454827815,
        "dvar": 0.000315898854751,
        "dvar2": 0.000568927673157,
        "max": 0.445982605219,
        "mean": 0.247053101659,
        "median": 0.23771622777,
        "min": 0.0596498176455,
        "var": 0.00540041178465
    },
    "erbbands_kurtosis": {
        "dmean": 1.02682137489,
        "dmean2": 1.64723348618,
        "dvar": 1.93751442432,
        "dvar2": 4.83401012421,
        "max": 37.6903800964,
        "mean": 0.828743219376,
        "median": 0.214592218399,
        "min": -1.85589790344,
        "var": 4.7292470932
    },
    "erbbands_skewness": {
        "dmean": 0.369022518396,
        "dmean2": 0.568178355694,
        "dvar": 0.115582488477,
        "dvar2": 0.259537965059,
        "max": 5.06135797501,
        "mean": 0.398930370808,
        "median": 0.386578261852,
        "min": -3.30973625183,
        "var": 0.522498488426
    },
    "erbbands_spread": {
        "dmean": 3.92839336395,
        "dmean2": 5.99179172516,
        "dvar": 18.1927165985,
        "dvar2": 39.3785552979,
        "max": 88.0398712158,
        "mean": 18.8991889954,
        "median": 17.4030303955,
        "min": 1.83677792549,
        "var": 110.490898132
    },
    "hfc": {
        "dmean": 4.20464849472,
        "dmean2": 5.88984203339,
        "dvar": 45.4747314453,
        "dvar2": 86.5025253296,
        "max": 116.78061676,
        "mean": 14.3914012909,
        "median": 6.62210273743,
        "min": 1.06632229959e-16,
        "var": 285.67956543
    },
    "melbands_crest": {
        "dmean": 2.87036633492,
        "dmean2": 4.61138296127,
        "dvar": 7.89654302597,
        "dvar2": 19.1662826538,
        "max": 39.971736908,
        "mean": 11.8612508774,
        "median": 10.8988761902,
        "min": 1.69824540615,
        "var": 24.0846633911
    },
    "melbands_flatness_db": {
        "dmean": 0.0196092054248,
        "dmean2": 0.0288987159729,
        "dvar": 0.000436438276665,
        "dvar2": 0.000831078039482,
        "max": 0.51954549551,
        "mean": 0.256707847118,
        "median": 0.25561991334,
        "min": 0.00390179781243,
        "var": 0.00326535617933
    },
    "melbands_kurtosis": {
        "dmean": 2.63945913315,
        "dmean2": 4.19079971313,
        "dvar": 517.869689941,
        "dvar2": 1404.17175293,
        "max": 1936.35681152,
        "mean": 4.26985406876,
        "median": 2.28872919083,
        "min": -1.70821416378,
        "var": 408.004119873
    },
    "melbands_skewness": {
        "dmean": 0.460963636637,
        "dmean2": 0.698121905327,
        "dvar": 0.416851222515,
        "dvar2": 0.939593911171,
        "max": 43.0494232178,
        "mean": 1.23492228985,
        "median": 1.20705628395,
        "min": -2.59832906723,
        "var": 1.46155774593
    },
    "melbands_spread": {
        "dmean": 3.83129858971,
        "dmean2": 5.94578790665,
        "dvar": 21.3055953979,
        "dvar2": 44.4664726257,
        "max": 151.466796875,
        "mean": 16.2379074097,
        "median": 14.32721138,
        "min": 0.465517044067,
        "var": 112.03087616
    },
    "pitch_salience": {
        "dmean": 0.0633184760809,
        "dmean2": 0.0999629423022,
        "dvar": 0.0034799259156,
        "dvar2": 0.00817141495645,
        "max": 0.988466620445,
        "mean": 0.617897748947,
        "median": 0.619359612465,
        "min": 0.00400227447972,
        "var": 0.0144496774301
    },
    "silence_rate_20dB": {
        "dmean": 0,
        "dmean2": 0,
        "dvar": 0,
        "dvar2": 0,
        "max": 1,
        "mean": 1,
        "median": 1,
        "min": 1,
        "var": 0
    },
    "silence_rate_30dB": {
        "dmean": 0.00337897916324,
        "dmean2": 0.00675855949521,
        "dvar": 0.00336758699268,
        "dvar2": 0.00831368658692,
        "max": 1,
        "mean": 0.997065901756,
        "median": 1,
        "min": 0,
        "var": 0.00292578130029
    },
    "silence_rate_60dB": {
        "dmean": 0.0393028631806,
        "dmean2": 0.0785237848759,
        "dvar": 0.0377618707716,
        "dvar2": 0.0819610655308,
        "max": 1,
        "mean": 0.240686401725,
        "median": 0,
        "min": 0,
        "var": 0.182782396674
    },
    "spectral_centroid": {
        "dmean": 134.59677124,
        "dmean2": 206.998703003,
        "dvar": 36327.8320312,
        "dvar2": 67735,
        "max": 11671.1054688,
        "mean": 998.852111816,
        "median": 892.065307617,
        "min": 97.1273117065,
        "var": 435372.3125
    },
    "spectral_complexity": {
        "dmean": 2.10812735558,
        "dmean2": 3.32556700706,
        "dvar": 4.90755319595,
        "dvar2": 10.46600914,
        "max": 39,
        "mean": 13.7278385162,
        "median": 13,
        "min": 0,
        "var": 66.1503448486
    },
    "spectral_decrease": {
        "dmean": 1.35174349492e-09,
        "dmean2": 1.91210380862e-09,
        "dvar": 5.61534495323e-18,
        "dvar2": 1.01267412784e-17,
        "max": 1.30563605755e-28,
        "mean": -4.17464462998e-09,
        "median": -2.51172549426e-09,
        "min": -4.43628778157e-08,
        "var": 2.21617237098e-17
    },
    "spectral_energy": {
        "dmean": 0.0054573607631,
        "dmean2": 0.00770692620426,
        "dvar": 8.95761477295e-05,
        "dvar2": 0.000161148418556,
        "max": 0.176883742213,
        "mean": 0.0170613694936,
        "median": 0.0101332822815,
        "min": 1.00886445253e-20,
        "var": 0.000366447900888
    },
    "spectral_energyband_high": {
        "dmean": 6.09780090599e-06,
        "dmean2": 8.79487379279e-06,
        "dvar": 2.25291868494e-10,
        "dvar2": 4.32979846421e-10,
        "max": 0.00050637696404,
        "mean": 1.53914825205e-05,
        "median": 5.24105053046e-06,
        "min": 7.06611283455e-21,
        "var": 7.4358763591e-10
    },
    "spectral_energyband_low": {
        "dmean": 0.000253608101048,
        "dmean2": 0.000414694688516,
        "dvar": 4.28646188766e-07,
        "dvar2": 1.16129626804e-06,
        "max": 0.0156737975776,
        "mean": 0.000544769107364,
        "median": 0.000165194913279,
        "min": 1.21523872566e-23,
        "var": 8.54335382883e-07
    },
    "spectral_energyband_middle_high": {
        "dmean": 0.0024064804893,
        "dmean2": 0.00354771362618,
        "dvar": 1.94214262592e-05,
        "dvar2": 4.15314098063e-05,
        "max": 0.0898429751396,
        "mean": 0.00707925576717,
        "median": 0.00233585154638,
        "min": 1.23090957691e-21,
        "var": 0.000105211489426
    },
    "spectral_energyband_middle_low": {
        "dmean": 0.00408591236919,
        "dmean2": 0.00587842660025,
        "dvar": 6.71645175316e-05,
        "dvar2": 0.000126597267808,
        "max": 0.169172137976,
        "mean": 0.0100295748562,
        "median": 0.00531821930781,
        "min": 1.73778875631e-22,
        "var": 0.000197661240236
    },
    "spectral_entropy": {
        "dmean": 0.139281257987,
        "dmean2": 0.200872525573,
        "dvar": 0.0210511256009,
        "dvar2": 0.0380689501762,
        "max": 9.81879520416,
        "mean": 6.96474885941,
        "median": 6.95415735245,
        "min": 5.2592921257,
        "var": 0.192106112838
    },
    "spectral_flux": {
        "dmean": 0.0172681435943,
        "dmean2": 0.0269571691751,
        "dvar": 0.000583885936067,
        "dvar2": 0.00127130746841,
        "max": 0.386503398418,
        "mean": 0.0614855252206,
        "median": 0.047842528671,
        "min": 6.49307413392e-11,
        "var": 0.00244813715108
    },
    "spectral_kurtosis": {
        "dmean": 6.00458621979,
        "dmean2": 10.1898736954,
        "dvar": 54.4796600342,
        "dvar2": 159.217147827,
        "max": 94.4514465332,
        "mean": 20.0627994537,
        "median": 14.7527580261,
        "min": -1.26132881641,
        "var": 248.906845093
    },
    "spectral_rms": {
        "dmean": 0.000579725892749,
        "dmean2": 0.000799163302872,
        "dvar": 6.37010032278e-07,
        "dvar2": 1.07105188363e-06,
        "max": 0.0131365712732,
        "mean": 0.00346642569639,
        "median": 0.00314422161318,
        "min": 3.13728860599e-12,
        "var": 4.62914204036e-06
    },
    "spectral_rolloff": {
        "dmean": 226.719604492,
        "dmean2": 384.095611572,
        "dvar": 180279.765625,
        "dvar2": 338952.71875,
        "max": 19573.6816406,
        "mean": 1252.02148438,
        "median": 1055.12695312,
        "min": 21.533203125,
        "var": 1316981.75
    },
    "spectral_skewness": {
        "dmean": 0.442554175854,
        "dmean2": 0.737380683422,
        "dvar": 0.20776386559,
        "dvar2": 0.588068246841,
        "max": 7.77598333359,
        "mean": 2.94136977196,
        "median": 2.76168394089,
        "min": -0.0864369496703,
        "var": 1.03514134884
    },
    "spectral_spread": {
        "dmean": 260118.03125,
        "dmean2": 400977.28125,
        "dvar": 320840892416,
        "dvar2": 510377459712,
        "max": 42088724,
        "mean": 2593218.75,
        "median": 2312914.25,
        "min": 664862.5625,
        "var": 5.83366239846e+12
    },
    "spectral_strongpeak": {
        "dmean": 0.586128056049,
        "dmean2": 0.936788320541,
        "dvar": 0.660298228264,
        "dvar2": 1.57492077351,
        "max": 10.7230682373,
        "mean": 1.25541710854,
        "median": 0.822906851768,
        "min": 0,
        "var": 1.66241168976
    },
    "zerocrossingrate": {
        "dmean": 0.00504220090806,
        "dmean2": 0.00621738983318,
        "dvar": 7.47219310142e-05,
        "dvar2": 0.00010107790149,
        "max": 0.65283203125,
        "mean": 0.047440558672,
        "median": 0.04248046875,
        "min": 0,
        "var": 0.00103501358535
    },
    "barkbands": {
        "dmean": [1.17999416034e-05, 3.40506194334e-05, 0.00012494737166, 0.000304670247715, 0.000746724719647, 0.00109563837759, 0.00139058195055, 0.00121474207845, 0.000899227219634, 0.00102954916656, 0.00082409766037, 0.000572745047975, 0.000577632745262, 0.000468754849862, 0.000396341143642, 0.000250822864473, 0.000184924603673, 7.86205637269e-05, 3.15969155054e-05, 5.43911255591e-06, 7.82240476838e-07, 1.17693377888e-06, 2.4483940706e-06, 9.35326227136e-07, 6.73900117931e-08, 7.43949399862e-08, 1.50634008378e-07],
        "dmean2": [1.97827939701e-05, 5.6013926951e-05, 0.000201841117814, 0.000523654278368, 0.00123662292026, 0.00161246443167, 0.00199702591635, 0.00175870931707, 0.00130468979478, 0.00159301399253, 0.00128060206771, 0.000938837474678, 0.00093721691519, 0.000770096550696, 0.000651616603136, 0.000406064849813, 0.000290827272693, 0.000118901509268, 5.02437615069e-05, 8.36373419588e-06, 1.20632580547e-06, 1.78968457476e-06, 3.70758584722e-06, 1.42969076933e-06, 1.15200784023e-07, 1.28263408783e-07, 2.48975510431e-07],
        "dvar": [2.41753728147e-10, 8.98536001159e-09, 1.30598067472e-07, 6.6867573878e-07, 4.90271486342e-06, 1.66898935277e-05, 2.15435502469e-05, 1.31259421323e-05, 6.87039710101e-06, 8.74065517564e-06, 4.65606126454e-06, 2.33984860643e-06, 2.51553819908e-06, 1.3400805301e-06, 1.11224301236e-06, 3.13042676225e-07, 2.60646999095e-07, 5.32394217601e-08, 5.82252379644e-09, 1.90489929386e-10, 3.77676188934e-12, 1.54298188809e-11, 5.91108481607e-11, 1.73137372494e-11, 4.35887305119e-15, 3.92778156191e-15, 1.67130713566e-14],
        "dvar2": [6.38765651484e-10, 2.300672719e-08, 3.56153520897e-07, 1.91555500351e-06, 1.32266959554e-05, 3.22972482536e-05, 4.4552867621e-05, 2.63231704594e-05, 1.23667132357e-05, 1.89830770978e-05, 1.11560557343e-05, 6.07802348895e-06, 6.47495426165e-06, 3.62833407053e-06, 2.94544770441e-06, 8.11596578387e-07, 5.88328305184e-07, 1.18649815306e-07, 1.39936817689e-08, 4.28197227675e-10, 8.12750821505e-12, 3.14201720197e-11, 1.31640323642e-10, 3.40210221106e-11, 1.09220519388e-14, 1.06324894906e-14, 4.50157523291e-14],
        "max": [0.000480564893223, 0.00160492071882, 0.0107447914779, 0.0177874732763, 0.0539787970483, 0.107095837593, 0.155559375882, 0.0925764739513, 0.071919798851, 0.0744595527649, 0.0673116445541, 0.0392821840942, 0.03447175771, 0.0168964192271, 0.0245730336756, 0.00941272359341, 0.0137836243957, 0.00648698722944, 0.00209373421967, 0.000417990115238, 0.000111351131636, 0.000155234811245, 0.000341063248925, 0.000248759431997, 2.78736001746e-06, 2.56204452853e-06, 2.4596977255e-06],
        "mean": [2.21364789468e-05, 6.13573865849e-05, 0.000246337527642, 0.000482235976961, 0.00132155860774, 0.00180079694837, 0.00216524302959, 0.0019932531286, 0.00154918991029, 0.00174987630453, 0.00123559648637, 0.000922384031583, 0.000972638255917, 0.000854114769027, 0.000712875975296, 0.000424920028308, 0.000325292348862, 0.000140920703416, 5.87981558056e-05, 1.04115733848e-05, 1.52001598508e-06, 2.30247110267e-06, 4.36824757344e-06, 1.81022085144e-06, 3.90032795394e-07, 5.06590765781e-07, 5.78528215556e-07],
        "median": [1.90813152585e-05, 1.58062666742e-05, 4.55292756669e-05, 0.000120759854326, 0.000621424929705, 0.000502686889376, 0.000417821487645, 0.000475600303616, 0.000334466632921, 0.000347393273842, 0.000227246608119, 0.000129608888528, 0.000103365731775, 0.00010088023555, 9.11066308618e-05, 8.96341007319e-05, 6.65120096528e-05, 3.98853371735e-05, 1.66711652128e-05, 2.52307995652e-06, 4.55514140185e-07, 6.17170826445e-07, 8.72734233326e-07, 4.5649335334e-07, 3.83485144084e-07, 5.03818171183e-07, 5.51576590624e-07],
        "min": [4.10008853115e-25, 2.79658211763e-24, 3.33033901395e-25, 2.52354848365e-24, 1.63568620535e-23, 5.90341928498e-24, 1.51222205839e-23, 1.35712585131e-23, 1.41288112014e-23, 2.34689669177e-23, 1.25530504992e-23, 2.18673268446e-23, 5.09737336048e-23, 6.13802572933e-23, 4.05239014526e-23, 4.75318230348e-23, 8.11694389459e-23, 1.05427839482e-22, 1.25898502293e-22, 1.5942718598e-22, 2.55633190993e-22, 3.51092024821e-22, 4.96095513927e-22, 6.22249897454e-22, 9.36120359811e-22, 1.30894405107e-21, 2.06300924839e-21],
        "var": [2.55154480877e-10, 1.47932812666e-08, 2.51876599577e-07, 8.21505750537e-07, 5.42418047189e-06, 3.56679520337e-05, 4.04948623327e-05, 2.96558300761e-05, 1.65424007719e-05, 1.83127594937e-05, 7.63351181376e-06, 4.16308694184e-06, 5.06368132847e-06, 3.37445021614e-06, 2.59069247477e-06, 6.36227355244e-07, 6.7600018383e-07, 1.19397952858e-07, 1.2894164847e-08, 4.52711812482e-10, 9.98475694486e-12, 3.30239585677e-11, 1.30782884522e-10, 5.23152736409e-11, 7.68360781223e-15, 6.72029418198e-15, 4.85920677339e-14]
    },
    "erbbands": {
        "dmean": [0.000670996319968, 0.00979838240892, 0.0998454317451, 0.60238558054, 1.91287410259, 2.53384613991, 4.27427339554, 10.6897268295, 17.2999267578, 24.8186798096, 23.0048046112, 21.5576763153, 28.8522033691, 25.8273506165, 34.5770454407, 22.8447246552, 26.0210666656, 23.2073307037, 21.6588993073, 16.349395752, 10.8833198547, 8.3861207962, 4.76679420471, 2.48510217667, 0.692771792412, 0.252748578787, 0.0691846013069, 0.0117072127759, 0.0317944660783, 0.068992100656, 0.072142586112, 0.0363918654621, 0.00654491735622, 0.00104862207081, 0.000540098466445, 0.000333574367687, 0.000194195585209, 0.000144846897456, 2.78739644273e-05, 6.7031241997e-06],
        "dmean2": [0.00116713601165, 0.0157065782696, 0.160393700004, 1.02367603779, 3.26609921455, 4.1905207634, 6.44441986084, 15.8059711456, 25.4885120392, 35.4442214966, 33.1759605408, 30.7783794403, 44.2773971558, 39.5729255676, 53.2552337646, 36.8336257935, 41.8587417603, 37.0928535461, 35.2875556946, 26.7635860443, 17.5395946503, 13.0657892227, 7.14797258377, 3.88063073158, 1.06536924839, 0.385450899601, 0.1044209674, 0.0176147650927, 0.0477887578309, 0.10576672107, 0.109719000757, 0.0550837926567, 0.00975615531206, 0.00173118035309, 0.0009266884299, 0.000569611263927, 0.000337893347023, 0.000246523413807, 4.57159367215e-05, 9.59710450843e-06],
        "dvar": [9.03795807972e-07, 0.000812021782622, 0.0810260996222, 2.41878819466, 58.9261016846, 40.2067298889, 188.88180542, 1950.66052246, 4638.63574219, 4761.2265625, 6455.46386719, 4348.5703125, 6808.09814453, 6187.13574219, 8989.33398438, 3376.51171875, 5196.40039062, 3096.01855469, 3309.6550293, 1652.39477539, 561.115783691, 535.103515625, 195.336074829, 33.3705711365, 2.49062037468, 0.361925065517, 0.026765126735, 0.000754147244152, 0.0111966477707, 0.0417006984353, 0.0605447106063, 0.0217599291354, 0.00108236609958, 3.84316626878e-06, 2.21858655891e-07, 8.0153448323e-08, 2.50685161518e-08, 3.06755225665e-08, 5.66609148489e-10, 1.153248122e-10],
        "dvar2": [2.40859799305e-06, 0.00203025015071, 0.219859451056, 6.91318225861, 161.74331665, 109.850265503, 351.19619751, 3811.51953125, 9719.39941406, 9183.78027344, 13136.1738281, 7787.44335938, 15090.7236328, 13599.3056641, 20694.7480469, 8662.61914062, 13221.9335938, 8227.515625, 8530.90332031, 4591.19287109, 1446.59179688, 1226.46582031, 412.108062744, 79.5389251709, 5.59875535965, 0.777485728264, 0.0568893589079, 0.00162623531651, 0.0234898049384, 0.0868009030819, 0.138601064682, 0.0430781468749, 0.00195217214059, 6.96863571648e-06, 5.87628051107e-07, 2.20497653913e-07, 7.13393788487e-08, 8.32671673834e-08, 1.51316414954e-09, 2.05717123891e-10],
        "max": [0.0157321598381, 0.458939939737, 8.26270675659, 35.0054893494, 220.051589966, 99.8673782349, 660.533447266, 1305.98352051, 2710.31225586, 1723.41333008, 2460.92480469, 1947.7154541, 2621.28369141, 2298.59521484, 3094.84838867, 1420.84326172, 1775.86853027, 946.927307129, 1384.20910645, 1266.83776855, 402.205932617, 757.130004883, 539.920837402, 153.908935547, 42.0004310608, 20.1127853394, 7.13028049469, 0.831696867943, 3.66522622108, 7.13844585419, 12.0798711777, 8.99499320984, 2.1258752346, 0.136601343751, 0.0194801948965, 0.01062128786, 0.00490146735683, 0.0029753530398, 0.000434690038674, 0.000205170043046],
        "mean": [0.0012037397828, 0.0186622384936, 0.202296242118, 1.07604515553, 2.68787884712, 4.66910362244, 7.70161533356, 17.1060771942, 26.8519687653, 43.1994285583, 38.3115386963, 38.0129547119, 52.1523513794, 45.2555923462, 55.4727706909, 39.8991317749, 45.9030418396, 45.4360389709, 41.8017463684, 31.5739536285, 20.4794921875, 15.9597549438, 9.73514556885, 4.92313146591, 1.4677721262, 0.530771136284, 0.145473435521, 0.029616618529, 0.0625954866409, 0.128562495112, 0.126643329859, 0.066762343049, 0.0155450385064, 0.00470031565055, 0.00287232664414, 0.00179874233436, 0.00102881807834, 0.000564884685446, 0.000105481660285, 2.38235825236e-05],
        "median": [0.000884577981196, 0.00422035437077, 0.0531543754041, 0.29598814249, 0.824892282486, 1.94188678265, 2.85788345337, 4.56290149689, 5.92330217361, 9.49527168274, 10.0509214401, 9.86960220337, 10.4949855804, 10.1874389648, 11.1689195633, 6.58220481873, 5.88444852829, 6.21364688873, 5.38689041138, 5.30829524994, 5.20995473862, 3.57173871994, 2.63344049454, 1.6164624691, 0.452089995146, 0.131938710809, 0.0388647429645, 0.0145304128528, 0.0182246845216, 0.028622886166, 0.0253734979779, 0.0130918296054, 0.00653988774866, 0.00431393599138, 0.00282823224552, 0.00177593808621, 0.00101485941559, 0.000526365824044, 0.00010092490993, 1.55637681019e-05],
        "min": [3.99082239151e-23, 1.08285757586e-21, 3.62483832625e-21, 5.18792614843e-21, 2.96670685449e-20, 5.97800262141e-20, 3.99298887114e-20, 6.9846575162e-20, 9.34618449427e-20, 2.8785280441e-19, 2.34943850889e-19, 3.84849579851e-19, 7.94756114818e-19, 6.32198580839e-19, 1.16972892551e-18, 1.33649608502e-18, 2.25522625604e-18, 1.77846912947e-18, 2.47742061705e-18, 4.44210878192e-18, 3.86479792572e-18, 4.81186058368e-18, 5.0435563548e-18, 8.35395343216e-18, 6.92193215186e-18, 8.7435885879e-18, 1.04151096748e-17, 6.26270849473e-18, 1.27227806293e-17, 1.30777056321e-17, 1.42437871047e-17, 1.21820088223e-17, 1.03167297758e-17, 9.30303565159e-18, 6.30839285278e-18, 4.43922481671e-18, 2.37550162583e-18, 9.3272565339e-19, 2.57009772609e-19, 2.98558014339e-20],
        "var": [1.30523460484e-06, 0.00142510875594, 0.144184485078, 3.57142066956, 46.3149604797, 58.7104797363, 456.865600586, 3801.90991211, 7571.42724609, 12480.1933594, 11799.9335938, 9797.16015625, 16500.0019531, 12602.8818359, 15404.4023438, 6844.49121094, 10463.1201172, 8935.93554688, 8690.47558594, 3912.08496094, 1307.0057373, 1361.84375, 668.430541992, 86.7781829834, 6.87322092056, 1.09933030605, 0.080936640501, 0.001774874283, 0.0235157236457, 0.0928473472595, 0.126153662801, 0.065414391458, 0.00346255325712, 1.20815748232e-05, 3.64059303593e-07, 1.26582676785e-07, 3.87816037062e-08, 5.03938046847e-08, 1.61933144671e-09, 5.08411757139e-10]
    },
    "gfcc": {
        "mean": [-100.360221863, 121.075523376, -141.125427246, -33.6669960022, -44.3513755798, -11.1231937408, -43.7725219727, 2.47542238235, -14.2507123947, -11.1108121872, -8.77366065979, 2.83323454857, -16.9688224792],
        "cov": [[7816.76416016, 1698.26086426, -1784.69592285, -62.4896812439, -145.804351807, -394.253967285, -287.79473877, -187.427001953, -48.657699585, -624.784606934, -52.9762077332, -257.391845703, -323.329803467], [1698.26086426, 754.595153809, -171.910018921, -22.8058986664, -45.3577537537, -197.665328979, -99.8604202271, -84.5710449219, -85.1150588989, -197.983795166, -48.1069602966, -109.224861145, -102.471466064], [-1784.69592285, -171.910018921, 1470.04492188, 768.269775391, -268.867401123, -55.1721382141, 71.2344970703, -63.1247596741, -229.803222656, -0.303623616695, -117.87437439, -50.1737556458, -74.0469741821], [-62.4896812439, -22.8058986664, 768.269775391, 1065.69812012, -176.356185913, -116.478111267, 42.321182251, -104.761802673, -194.007141113, -233.558486938, -129.078521729, -142.912872314, -200.285430908], [-145.804351807, -45.3577537537, -268.867401123, -176.356185913, 277.87890625, 95.9992141724, -15.1763391495, 41.9668502808, 63.0068817139, 55.1503372192, 10.6958703995, 22.3016910553, 38.5315093994], [-394.253967285, -197.665328979, -55.1721382141, -116.478111267, 95.9992141724, 258.567932129, 105.124519348, 22.3003826141, 29.546836853, 64.1035461426, -4.29968881607, 15.6300697327, 37.6223449707], [-287.79473877, -99.8604202271, 71.2344970703, 42.321182251, -15.1763391495, 105.124519348, 165.537490845, 44.3826141357, -34.6941146851, -17.8394603729, -15.1284484863, -25.9393692017, -23.3408107758], [-187.427001953, -84.5710449219, -63.1247596741, -104.761802673, 41.9668502808, 22.3003826141, 44.3826141357, 99.7905731201, 51.7194824219, 45.6618537903, 13.2783374786, 25.6912326813, 19.1339759827], [-48.657699585, -85.1150588989, -229.803222656, -194.007141113, 63.0068817139, 29.546836853, -34.6941146851, 51.7194824219, 151.880447388, 92.8220596313, 43.3167304993, 40.7004241943, 47.6930503845], [-624.784606934, -197.983795166, -0.303623616695, -233.558486938, 55.1503372192, 64.1035461426, -17.8394603729, 45.6618537903, 92.8220596313, 214.345458984, 70.1150283813, 74.6206588745, 84.6592178345], [-52.9762077332, -48.1069602966, -117.87437439, -129.078521729, 10.6958703995, -4.29968881607, -15.1284484863, 13.2783374786, 43.3167304993, 70.1150283813, 88.3088150024, 56.9984207153, 29.2682704926], [-257.391845703, -109.224861145, -50.1737556458, -142.912872314, 22.3016910553, 15.6300697327, -25.9393692017, 25.6912326813, 40.7004241943, 74.6206588745, 56.9984207153, 107.828186035, 75.3317947388], [-323.329803467, -102.471466064, -74.0469741821, -200.285430908, 38.5315093994, 37.6223449707, -23.3408107758, 19.1339759827, 47.6930503845, 84.6592178345, 29.2682704926, 75.3317947388, 116.355705261]],
        "icov": [[0.000988899264485, -0.00214166170917, 0.00222789566033, -0.00151744694449, 0.00208696792834, -0.00152780069038, 0.00165446149185, -0.00159252679441, 0.00138632499147, -0.00127100024838, 0.00107775512151, -0.000975216389634, 0.000781101814937], [-0.00214166170917, 0.00815292727202, -0.00530934380367, 0.00531162833795, -0.00506028719246, 0.00503552472219, -0.00225339340977, 0.00485316989943, -0.00255353376269, 0.00604434218258, -0.00295595265925, 0.00448023946956, 0.000282269669697], [0.00222789566033, -0.00530934380367, 0.00772424368188, -0.00552252028137, 0.00632429076359, -0.00352582125925, 0.00337376748212, -0.00439588539302, 0.00626032892615, -0.00764741748571, 0.00610767863691, -0.00402852287516, 0.00144000397995], [-0.00151744694449, 0.00531162833795, -0.00552252028137, 0.00665514823049, -0.00430155266076, 0.00387588329613, -0.00244883168489, 0.00511946948245, -0.00365625787526, 0.00671469792724, -0.00219540367834, 0.00245360913686, 0.0028172894381], [0.00208696792834, -0.00506028719246, 0.00632429076359, -0.00430155266076, 0.0108730774373, -0.00689536472782, 0.0071539785713, -0.00773680442944, 0.00517005566508, -0.00496575329453, 0.00353578664362, -0.00165126251522, 0.00097293528961], [-0.00152780069038, 0.00503552472219, -0.00352582125925, 0.00387588329613, -0.00689536472782, 0.0136864511296, -0.0123380059376, 0.0110817598179, -0.00533446716145, 0.00018464223831, 0.00391300721094, -0.0015915556578, 0.000276127597317], [0.00165446149185, -0.00225339340977, 0.00337376748212, -0.00244883168489, 0.0071539785713, -0.0123380059376, 0.0227172393352, -0.0168930273503, 0.00970974005759, 0.00237782625481, -0.00578063679859, 0.0070680109784, 0.000668056251016], [-0.00159252679441, 0.00485316989943, -0.00439588539302, 0.00511946948245, -0.00773680442944, 0.0110817598179, -0.0168930273503, 0.0280785523355, -0.0118320463225, 0.000577891652938, 0.00617506541312, -0.00712586892769, 0.00432591047138], [0.00138632499147, -0.00255353376269, 0.00626032892615, -0.00365625787526, 0.00517005566508, -0.00533446716145, 0.00970974005759, -0.0118320463225, 0.019889594987, -0.00793164875358, 0.000699194031768, 0.00148166541476, -0.000316594465403], [-0.00127100024838, 0.00604434218258, -0.00764741748571, 0.00671469792724, -0.00496575329453, 0.00018464223831, 0.00237782625481, 0.000577891652938, -0.00793164875358, 0.0220495481044, -0.0143507393077, 0.00785065442324, -0.00381547911093], [0.00107775512151, -0.00295595265925, 0.00610767863691, -0.00219540367834, 0.00353578664362, 0.00391300721094, -0.00578063679859, 0.00617506541312, 0.000699194031768, -0.0143507393077, 0.0337536484003, -0.0202944185585, 0.0106918951496], [-0.000975216389634, 0.00448023946956, -0.00402852287516, 0.00245360913686, -0.00165126251522, -0.0015915556578, 0.0070680109784, -0.00712586892769, 0.00148166541476, 0.00785065442324, -0.0202944185585, 0.0325779244304, -0.0157597847283], [0.000781101814937, 0.000282269669697, 0.00144000397995, 0.0028172894381, 0.00097293528961, 0.000276127597317, 0.000668056251016, 0.00432591047138, -0.000316594465403, -0.00381547911093, 0.0106918951496, -0.0157597847283, 0.0262102000415]]
    },
    "melbands": {
        "dmean": [7.59884369472e-06, 3.83525184589e-05, 0.000139648007462, 0.000152795415488, 0.000145557452925, 0.000237464919337, 0.000266524060862, 0.000269818963716, 0.000185318334843, 0.000132925168145, 0.000147200174979, 0.000108581887616, 0.000114680202387, 7.49658502173e-05, 6.23773375992e-05, 5.45055590919e-05, 4.62371463072e-05, 3.77458163712e-05, 2.74005451502e-05, 2.15849595406e-05, 1.25851902339e-05, 1.012048142e-05, 7.46605064705e-06, 2.985213996e-06, 2.21259597311e-06, 6.04050114816e-07, 3.29170802615e-07, 1.51414198513e-07, 5.62169688578e-08, 1.72805414422e-08, 4.30821955888e-09, 1.55083252906e-08, 3.19408606231e-08, 4.32897131475e-08, 4.68162824063e-08, 3.38862200522e-08, 1.88840854065e-08, 5.35938404767e-09, 1.48377277132e-09, 9.06828112601e-10],
        "dmean2": [1.27761841213e-05, 6.04005654168e-05, 0.000238622887991, 0.000257849664195, 0.000223244773224, 0.000350303773303, 0.000388677464798, 0.000386979576433, 0.000268460367806, 0.000191795072169, 0.000227395939874, 0.000167115475051, 0.00017751994892, 0.000119748387078, 0.000101393656223, 8.80250954651e-05, 7.51041879994e-05, 6.19674610789e-05, 4.53715474578e-05, 3.51984817826e-05, 2.03971103474e-05, 1.61618281709e-05, 1.12855341285e-05, 4.58856584373e-06, 3.51357289219e-06, 9.40220729717e-07, 5.12369069838e-07, 2.35401984128e-07, 8.73051746453e-08, 2.69408015896e-08, 6.8631531569e-09, 2.38015545051e-08, 4.90314633339e-08, 6.71431052979e-08, 7.23336412989e-08, 5.08954052236e-08, 2.97272766403e-08, 8.20287304748e-09, 2.37295405547e-09, 1.56649648808e-09],
        "dvar": [2.87835061341e-10, 1.17305374303e-08, 1.71145970285e-07, 2.85229361907e-07, 1.6269650871e-07, 8.63257355377e-07, 9.52093898832e-07, 5.24372580912e-07, 4.12706583575e-07, 1.60619393341e-07, 1.78533554163e-07, 1.20870069509e-07, 9.0967205324e-08, 3.91009358225e-08, 2.68563447037e-08, 2.24097167489e-08, 1.28612134276e-08, 1.01975476952e-08, 5.4781654768e-09, 2.50787701717e-09, 8.02253319332e-10, 8.00904120801e-10, 8.12659328719e-10, 6.28487609178e-11, 2.94179888782e-11, 1.97680565493e-12, 7.17048707737e-13, 1.35882556834e-13, 2.17187226726e-14, 1.55076337818e-15, 1.3915058581e-16, 2.70670945306e-15, 1.17861585292e-14, 1.47576466699e-14, 2.8578034443e-14, 1.51162295978e-14, 8.33390380496e-15, 8.66195955955e-16, 3.07502407483e-17, 6.24503681492e-19],
        "dvar2": [7.4657868776e-10, 3.1051470728e-08, 4.81082452097e-07, 7.83530936133e-07, 3.1769482689e-07, 1.66502309185e-06, 1.96382461581e-06, 1.01111231743e-06, 8.3067959622e-07, 2.84459815703e-07, 3.95824969246e-07, 2.63478455054e-07, 2.15837403061e-07, 9.80844063747e-08, 6.92494808163e-08, 5.84867194675e-08, 3.40776047381e-08, 2.67812936272e-08, 1.53256500823e-08, 6.63524035716e-09, 2.04679184712e-09, 1.89123139371e-09, 1.73129888204e-09, 1.40754186084e-10, 7.18051382242e-11, 4.53872096157e-12, 1.67526008257e-12, 3.08433156402e-13, 4.81719698853e-14, 3.62623486807e-15, 3.30501588697e-16, 6.22073829013e-15, 2.45839606945e-14, 3.27192835542e-14, 7.00346424192e-14, 2.80863368993e-14, 1.92258030649e-14, 1.59432130634e-15, 6.32632232343e-17, 1.73175369078e-18],
        "max": [0.000304882938508, 0.00315957516432, 0.0110133998096, 0.0129030384123, 0.0170128736645, 0.0254559926689, 0.0367972254753, 0.0210168492049, 0.0201064292341, 0.0113747082651, 0.0131270876154, 0.0106211304665, 0.0100321127102, 0.00588354561478, 0.00382360047661, 0.00320124230348, 0.00190292752814, 0.00190948904492, 0.00197004247457, 0.000964787730481, 0.000520272471476, 0.000752355728764, 0.00131596531719, 0.000220802772674, 0.000157048983965, 3.34550095431e-05, 2.14181964111e-05, 1.12225543489e-05, 6.39294921712e-06, 1.15294756142e-06, 3.68310395515e-07, 1.78166385467e-06, 4.51076402896e-06, 3.43262627212e-06, 8.992763469e-06, 7.06079026713e-06, 4.36613709098e-06, 1.90736818695e-06, 3.80388939902e-07, 2.57786023639e-08],
        "mean": [1.50283531184e-05, 7.90397461969e-05, 0.000231662983424, 0.000259230029769, 0.000271214987151, 0.000385387247661, 0.000420925032813, 0.000469345512101, 0.000302904751152, 0.000230441277381, 0.000258633575868, 0.000180966468179, 0.000178184855031, 0.000119299511425, 0.000102418896859, 9.31633039727e-05, 8.38561245473e-05, 6.80741286487e-05, 4.89320227643e-05, 3.64102052117e-05, 2.18816730921e-05, 1.70898783836e-05, 1.42049220813e-05, 5.52475603399e-06, 3.97199391955e-06, 1.16070793865e-06, 6.09848370914e-07, 2.83989862737e-07, 1.03360989101e-07, 3.25155191661e-08, 9.92411042233e-09, 2.79607625941e-08, 5.87087214399e-08, 7.46842658828e-08, 7.68817898233e-08, 6.01186158633e-08, 3.26710392073e-08, 1.16368354952e-08, 4.57618209992e-09, 3.59419205509e-09],
        "median": [7.9197488958e-06, 1.82979802048e-05, 7.43443961255e-05, 0.000108188047307, 0.000112255700515, 0.00010202141857, 8.90160954441e-05, 0.000105505270767, 7.14663256076e-05, 5.51076191186e-05, 4.73971158499e-05, 3.53838913725e-05, 3.34421165462e-05, 1.95409920707e-05, 1.21837965708e-05, 1.09269203676e-05, 1.0041090718e-05, 8.06642037787e-06, 6.45940508548e-06, 6.98000030752e-06, 4.89940703119e-06, 3.45051194017e-06, 2.62135426965e-06, 1.77163042281e-06, 1.15307341275e-06, 3.57108888238e-07, 1.45673283214e-07, 6.29097840488e-08, 2.39737900642e-08, 1.06430579905e-08, 6.55784671011e-09, 8.59376569906e-09, 1.39258888865e-08, 1.48552539159e-08, 1.48559955448e-08, 1.11068887421e-08, 6.6257643816e-09, 4.64384131149e-09, 3.6648766244e-09, 3.50081119649e-09],
        "min": [5.99614209438e-25, 2.19221132345e-24, 1.78250300169e-24, 4.17994319495e-24, 1.61723161306e-24, 1.2640522749e-24, 1.79700463171e-24, 3.78906971616e-24, 1.31271069465e-24, 2.09536030632e-24, 3.89063003568e-24, 2.62082607731e-24, 3.71658720404e-24, 4.76213634807e-24, 1.48917661117e-24, 4.33524348035e-24, 2.55882318788e-24, 3.66082893754e-24, 3.78065454246e-24, 3.11565485733e-24, 4.67644159908e-24, 3.69075871471e-24, 3.38507393065e-24, 5.36284643322e-24, 5.60374483215e-24, 4.97641542462e-24, 3.274831408e-24, 5.06675971979e-24, 5.64128435605e-24, 5.71799950136e-24, 2.98532892212e-24, 6.0695790296e-24, 6.48870990044e-24, 6.88301097986e-24, 7.53224350486e-24, 6.16710393116e-24, 6.74990963477e-24, 5.50140275147e-24, 6.25186387998e-24, 8.03375393674e-24],
        "var": [4.37189895397e-10, 2.21985114734e-08, 1.809461736e-07, 2.66096265022e-07, 3.84510883578e-07, 1.75669879354e-06, 1.67808877904e-06, 1.45226795212e-06, 7.55516396111e-07, 3.70467887478e-07, 4.23815237127e-07, 2.37674399273e-07, 1.54577449507e-07, 6.5609718547e-08, 5.27725134702e-08, 4.56641977564e-08, 3.22380451223e-08, 2.4042719815e-08, 1.18926086756e-08, 4.91863705321e-09, 1.66874725149e-09, 1.57095814135e-09, 2.91410162667e-09, 1.61538338261e-10, 6.39779548783e-11, 4.8532978851e-12, 1.52751921355e-12, 3.6360541314e-13, 5.22276110706e-14, 3.26183409438e-15, 2.12867439693e-16, 4.69104252716e-15, 2.39274830553e-14, 3.10266000175e-14, 4.85782678731e-14, 4.28213440726e-14, 1.89011336422e-14, 2.62587222846e-15, 7.01628823074e-17, 9.22046648284e-19]
    },
    "mfcc": {
        "mean": [-748.029785156, 181.90397644, -42.3647994995, -14.5040025711, 2.95603942871, -16.7864170074, -18.2238006592, 7.09329795837, -16.3109855652, 2.32252120972, -4.49601793289, -4.34393644333, 1.46498894691],
        "cov": [[5345.90380859, 1104.40197754, -1373.53063965, 22.8611221313, -48.2324562073, -233.231155396, -341.788299561, 323.586151123, -447.659820557, 124.646476746, -277.245574951, -122.675170898, -68.9996566772], [1104.40197754, 828.911804199, -419.490081787, -297.458709717, 6.36821079254, -156.099334717, -93.4936065674, -49.2266311646, -30.7629013062, -63.2902755737, 8.24646759033, -27.8697528839, -5.07983589172], [-1373.53063965, -419.490081787, 1565.04785156, 857.154785156, -122.8175354, 82.8931884766, 152.948455811, -23.6219520569, -97.1084365845, -16.695684433, -135.145080566, -122.812210083, -71.6376495361], [22.8611221313, -297.458709717, 857.154785156, 932.886962891, 10.4704961777, -2.28052043915, 47.7740707397, 76.52784729, -183.517166138, 12.1140556335, -167.250274658, -112.892684937, -67.5503158569], [-48.2324562073, 6.36821079254, -122.8175354, 10.4704961777, 179.914840698, 41.0391120911, -32.4528121948, -21.4354152679, 31.846075058, -14.4046983719, 15.8062133789, 16.5919818878, 4.62251424789], [-233.231155396, -156.099334717, 82.8931884766, -2.28052043915, 41.0391120911, 178.162353516, 85.2059631348, 17.4883899689, 28.804058075, 34.9270133972, -13.7219648361, -10.4916229248, -1.90829861164], [-341.788299561, -93.4936065674, 152.948455811, 47.7740707397, -32.4528121948, 85.2059631348, 179.988479614, 52.5523414612, 23.7860374451, 9.04748058319, -2.44127440453, -20.8082809448, -16.1036090851], [323.586151123, -49.2266311646, -23.6219520569, 76.52784729, -21.4354152679, 17.4883899689, 52.5523414612, 144.828460693, -11.1917676926, 18.0070285797, -40.3443107605, -16.2454833984, -12.8486909866], [-447.659820557, -30.7629013062, -97.1084365845, -183.517166138, 31.846075058, 28.804058075, 23.7860374451, -11.1917676926, 150.765045166, 13.0528116226, 51.8182182312, 31.6312294006, 26.5756053925], [124.646476746, -63.2902755737, -16.695684433, 12.1140556335, -14.4046983719, 34.9270133972, 9.04748058319, 18.0070285797, 13.0528116226, 97.5835266113, 5.93321990967, -20.380361557, -13.193195343], [-277.245574951, 8.24646759033, -135.145080566, -167.250274658, 15.8062133789, -13.7219648361, -2.44127440453, -40.3443107605, 51.8182182312, 5.93321990967, 133.130630493, 67.7305984497, 7.68660783768], [-122.675170898, -27.8697528839, -122.812210083, -112.892684937, 16.5919818878, -10.4916229248, -20.8082809448, -16.2454833984, 31.6312294006, -20.380361557, 67.7305984497, 125.724334717, 56.0583763123], [-68.9996566772, -5.07983589172, -71.6376495361, -67.5503158569, 4.62251424789, -1.90829861164, -16.1036090851, -12.8486909866, 26.5756053925, -13.193195343, 7.68660783768, 56.0583763123, 96.8297195435]],
