{
"lowlevel": {
    "average_loudness": 0.954635500908,
    "barkbands_crest": {
        "dmean": 2.15912413597,
        "dmean2": 3.48949861526,
        "dvar": 3.84440016747,
        "dvar2": 9.28488826752,
        "max": 26.906036377,
        "mean": 6.96190500259,
        "median": 6.1652765274,
        "min": 2.26066637039,
        "var": 9.43754673004
    },
    "barkbands_flatness_db": {
        "dmean": 0.0154837099835,
        "dmean2": 0.0235425308347,
        "dvar": 0.00020671421953,
        "dvar2": 0.000408575433539,
        "max": 0.681520760059,
        "mean": 0.108325615525,
        "median": 0.106027707458,
        "min": 0.0463885180652,
        "var": 0.000853947422002
    },
    "barkbands_kurtosis": {
        "dmean": 4.93970012665,
        "dmean2": 6.6282582283,
        "dvar": 42679.5,
        "dvar2": 89000.2265625,
        "max": 17675.0058594,
        "mean": 3.86372089386,
        "median": -0.632931351662,
        "min": -1.79987668991,
        "var": 52453.0703125
    },
    "barkbands_skewness": {
        "dmean": 0.403000622988,
        "dmean2": 0.586682796478,
        "dvar": 1.50282096863,
        "dvar2": 1.96815001965,
        "max": 122.750709534,
        "mean": 0.0929410308599,
        "median": 0.013827544637,
        "min": -3.99417591095,
        "var": 4.15505886078
    },
    "barkbands_spread": {
        "dmean": 5.27425050735,
        "dmean2": 7.88248634338,
        "dvar": 26.8090610504,
        "dvar2": 56.7513694763,
        "max": 89.8185501099,
        "mean": 27.5609588623,
        "median": 25.7694473267,
        "min": 0.0272887833416,
        "var": 132.641555786
    },
    "dissonance": {
        "dmean": 0.0131329223514,
        "dmean2": 0.0221394561231,
        "dvar": 0.000165105477208,
        "dvar2": 0.000457392510725,
        "max": 0.500000059605,
        "mean": 0.478363126516,
        "median": 0.482089519501,
        "min": 0.288082659245,
        "var": 0.000269594485871
    },
    "dynamic_complexity": 3.50290513039,
    "erbbands_crest": {
        "dmean": 2.65054702759,
        "dmean2": 4.30981016159,
        "dvar": 6.22018003464,
        "dvar2": 15.3940477371,
        "max": 30.0797386169,
        "mean": 8.57815361023,
        "median": 7.7049703598,
        "min": 2.10330986977,
        "var": 14.2028656006
    },
    "erbbands_flatness_db": {
        "dmean": 0.0169946551323,
        "dmean2": 0.0247319173068,
        "dvar": 0.0002378407371,
        "dvar2": 0.000439291383373,
        "max": 0.331645607948,
        "mean": 0.189804032445,
        "median": 0.187378749251,
        "min": 0.0207377951592,
        "var": 0.00131808721926
    },
    "erbbands_kurtosis": {
        "dmean": 0.855112552643,
        "dmean2": 1.32883405685,
        "dvar": 1.09820055962,
        "dvar2": 2.39812159538,
        "max": 17.4281864166,
        "mean": 0.462313592434,
        "median": 0.0696259737015,
        "min": -1.63081479073,
        "var": 2.51414179802
    },
    "erbbands_skewness": {
        "dmean": 0.343861550093,
        "dmean2": 0.515606880188,
        "dvar": 0.0895567536354,
        "dvar2": 0.194558724761,
        "max": 1.9506084919,
        "mean": -0.308938473463,
        "median": -0.266368091106,
        "min": -3.20673418045,
        "var": 0.391017884016
    },
    "erbbands_spread": {
        "dmean": 5.93835401535,
        "dmean2": 8.93741226196,
        "dvar": 33.3672409058,
        "dvar2": 69.2406387329,
        "max": 167.53868103,
        "mean": 27.3434066772,
        "median": 25.5652160645,
        "min": 4.43499088287,
        "var": 132.014389038
    },
    "hfc": {
        "dmean": 8.6321811676,
        "dmean2": 11.4573192596,
        "dvar": 191.189376831,
        "dvar2": 335.816101074,
        "max": 199.126556396,
        "mean": 18.6418132782,
        "median": 12.1487312317,
        "min": 1.11889756845e-16,
        "var": 442.150665283
    },
    "melbands_crest": {
        "dmean": 2.88982486725,
        "dmean2": 4.63820028305,
        "dvar": 6.6700501442,
        "dvar2": 16.040189743,
        "max": 39.9948120117,
        "mean": 9.53258228302,
        "median": 8.43683242798,
        "min": 1.70374536514,
        "var": 19.8931007385
    },
    "melbands_flatness_db": {
        "dmean": 0.0175278093666,
        "dmean2": 0.0259336102754,
        "dvar": 0.000273256591754,
        "dvar2": 0.000530038028955,
        "max": 0.674846053123,
        "mean": 0.113549314439,
        "median": 0.113026693463,
        "min": 0.00464238040149,
        "var": 0.00128763972316
    },
    "melbands_kurtosis": {
        "dmean": 10.7941961288,
        "dmean2": 16.8885746002,
        "dvar": 257720.15625,
        "dvar2": 648877.875,
        "max": 39129.9960938,
        "mean": 8.67236804962,
        "median": 0.186657071114,
        "min": -1.78605604172,
        "var": 222773.34375
    },
    "melbands_skewness": {
        "dmean": 0.47474065423,
        "dmean2": 0.707126200199,
        "dvar": 4.41815423965,
        "dvar2": 8.73886013031,
        "max": 188.268463135,
        "mean": 0.934568583965,
        "median": 0.785863935947,
        "min": -1.63026285172,
        "var": 7.5309472084
    },
    "melbands_spread": {
        "dmean": 10.2930488586,
        "dmean2": 15.1496124268,
        "dvar": 119.589164734,
        "dvar2": 228.005844116,
        "max": 189.811096191,
        "mean": 48.220790863,
        "median": 44.3833999634,
        "min": 0.0224631931633,
        "var": 499.091339111
    },
    "pitch_salience": {
        "dmean": 0.0634611994028,
        "dmean2": 0.102490916848,
        "dvar": 0.00287011358887,
        "dvar2": 0.00714985094965,
        "max": 0.979182064533,
        "mean": 0.626904606819,
        "median": 0.629945516586,
        "min": 0.0011536097154,
        "var": 0.00724223721772
    },
    "silence_rate_20dB": {
        "dmean": 0,
        "dmean2": 0,
        "dvar": 0,
        "dvar2": 0,
        "max": 1,
        "mean": 1,
        "median": 1,
        "min": 1,
        "var": 0
    },
    "silence_rate_30dB": {
        "dmean": 0,
        "dmean2": 0,
        "dvar": 0,
        "dvar2": 0,
        "max": 1,
        "mean": 1,
        "median": 1,
        "min": 1,
        "var": 0
    },
    "silence_rate_60dB": {
        "dmean": 0.124587759376,
        "dmean2": 0.249205961823,
        "dvar": 0.109061382711,
        "dvar2": 0.208379253745,
        "max": 1,
        "mean": 0.238397657871,
        "median": 0,
        "min": 0,
        "var": 0.181573435664
    },
    "spectral_centroid": {
        "dmean": 255.887359619,
        "dmean2": 376.269805908,
        "dvar": 66350.890625,
        "dvar2": 129127.445312,
        "max": 11250.5585938,
        "mean": 2190.54101562,
        "median": 2185.15209961,
        "min": 620.855407715,
        "var": 335401.84375
    },
    "spectral_complexity": {
        "dmean": 5.17136907578,
        "dmean2": 7.10627889633,
        "dvar": 35.9127006531,
        "dvar2": 58.1073989868,
        "max": 58,
        "mean": 18.675989151,
        "median": 17,
        "min": 0,
        "var": 118.28918457
    },
    "spectral_decrease": {
        "dmean": 1.22334420372e-09,
        "dmean2": 1.64048641338e-09,
        "dvar": 4.06320712181e-18,
        "dvar2": 7.54625209585e-18,
        "max": 1.97056938938e-29,
        "mean": -2.62430521758e-09,
        "median": -1.675504957e-09,
        "min": -2.77875820132e-08,
        "var": 8.87723285075e-18
    },
    "spectral_energy": {
        "dmean": 0.00535634625703,
        "dmean2": 0.00714719807729,
        "dvar": 7.65807126299e-05,
        "dvar2": 0.000140034637298,
        "max": 0.122938103974,
        "mean": 0.0115955742076,
        "median": 0.00749681843445,
        "min": 1.0563782239e-20,
        "var": 0.000170085608261
    },
    "spectral_energyband_high": {
        "dmean": 0.000337226432748,
        "dmean2": 0.000472947809612,
        "dvar": 3.89600842254e-07,
        "dvar2": 7.20968955648e-07,
        "max": 0.0126407099888,
        "mean": 0.000640561163891,
        "median": 0.00031328300247,
        "min": 7.62840501181e-21,
        "var": 8.83186714873e-07
    },
    "spectral_energyband_low": {
        "dmean": 0.000401104916818,
        "dmean2": 0.000645819993224,
        "dvar": 8.89341151833e-07,
        "dvar2": 2.20248443838e-06,
        "max": 0.0206766054034,
        "mean": 0.000547484552953,
        "median": 0.000235407700529,
        "min": 3.94217333948e-23,
        "var": 9.16129636153e-07
    },
    "spectral_energyband_middle_high": {
        "dmean": 0.00327414949425,
        "dmean2": 0.00437492225319,
        "dvar": 2.99988441839e-05,
        "dvar2": 5.4377487686e-05,
        "max": 0.0924605354667,
        "mean": 0.00674256216735,
        "median": 0.0036564564798,
        "min": 1.46201123848e-21,
        "var": 7.20273601473e-05
    },
    "spectral_energyband_middle_low": {
        "dmean": 0.00229032989591,
        "dmean2": 0.00339575042017,
        "dvar": 1.84173459274e-05,
        "dvar2": 4.1682014853e-05,
        "max": 0.07583848387,
        "mean": 0.00387666281313,
        "median": 0.00209374958649,
        "min": 3.26883309901e-22,
        "var": 2.8255090001e-05
    },
    "spectral_entropy": {
        "dmean": 0.139033377171,
        "dmean2": 0.196657344699,
        "dvar": 0.0158196818084,
        "dvar2": 0.0294011645019,
        "max": 9.81063365936,
        "mean": 7.69301128387,
        "median": 7.69216823578,
        "min": 6.1130490303,
        "var": 0.0943590477109
    },
    "spectral_flux": {
        "dmean": 0.0196942221373,
        "dmean2": 0.0289816576988,
        "dvar": 0.000608329952229,
        "dvar2": 0.00106238049921,
        "max": 0.32545030117,
        "mean": 0.0648811012506,
        "median": 0.0549963153899,
        "min": 6.62947682861e-11,
        "var": 0.00167594628874
    },
    "spectral_kurtosis": {
        "dmean": 1.62024533749,
        "dmean2": 2.73845744133,
        "dvar": 2.36878180504,
        "dvar2": 6.78672981262,
        "max": 17.531873703,
        "mean": 4.146089077,
        "median": 3.85318613052,
        "min": -1.22622442245,
        "var": 5.39040374756
    },
    "spectral_rms": {
        "dmean": 0.000705306651071,
        "dmean2": 0.000893823395018,
        "dvar": 7.88279749031e-07,
        "dvar2": 1.21321374991e-06,
        "max": 0.0109516941011,
        "mean": 0.00295317568816,
        "median": 0.00270443502814,
        "min": 3.21031612752e-12,
        "var": 2.59150920101e-06
    },
    "spectral_rolloff": {
        "dmean": 498.178649902,
        "dmean2": 780.694885254,
        "dvar": 499958.8125,
        "dvar2": 858736.75,
        "max": 18992.2851562,
        "mean": 2926.89160156,
        "median": 2691.65039062,
        "min": 21.533203125,
        "var": 1866974.875
    },
    "spectral_skewness": {
        "dmean": 0.216600522399,
        "dmean2": 0.354217708111,
        "dvar": 0.0387507677078,
        "dvar2": 0.0979774817824,
        "max": 2.91631436348,
        "mean": 1.29516112804,
        "median": 1.25942587852,
        "min": -0.0441819541156,
        "var": 0.133409917355
    },
    "spectral_spread": {
        "dmean": 403636.4375,
        "dmean2": 587711.8125,
        "dvar": 385205272576,
        "dvar2": 752259235840,
        "max": 41653216,
        "mean": 3662318.25,
        "median": 3431119,
        "min": 1778396.125,
        "var": 1.82571997594e+12
    },
    "spectral_strongpeak": {
        "dmean": 0.934535205364,
        "dmean2": 1.51518785954,
        "dvar": 1.58458721638,
        "dvar2": 3.64463210106,
        "max": 14.9734106064,
        "mean": 1.44593346119,
        "median": 0.834556221962,
        "min": 0,
        "var": 2.7522892952
    },
    "zerocrossingrate": {
        "dmean": 0.0106557076797,
        "dmean2": 0.0115154087543,
        "dvar": 0.000161069168826,
        "dvar2": 0.000149486819282,
        "max": 0.630859375,
        "mean": 0.0952416807413,
        "median": 0.08837890625,
        "min": 0,
        "var": 0.00127529597376
    },
    "barkbands": {
        "dmean": [3.33108546329e-05, 0.000150315478095, 0.000192270672414, 0.000317687925417, 0.000799620582256, 0.000367168016965, 0.000310325238388, 0.000336672528647, 0.000819669803604, 0.000364203151548, 0.000368155335309, 0.000311082432745, 0.000586657726672, 0.000493645027746, 0.00075295107672, 0.000476808141684, 0.000613841286395, 0.000511461403221, 0.000357287732186, 0.000204114840017, 0.000120823220641, 9.07207286218e-05, 4.85891432618e-05, 3.2341304177e-05, 1.09666698336e-05, 7.18369278729e-07, 1.09413778038e-09],
        "dmean2": [5.57584789931e-05, 0.000252511847066, 0.000324441090925, 0.000543786387425, 0.00127978320234, 0.000563946261536, 0.000500915863086, 0.00052455381956, 0.00129317922983, 0.000538333726581, 0.000563886598684, 0.000514680286869, 0.000908588641323, 0.000788096804172, 0.00112831452861, 0.000741896801628, 0.000940811296459, 0.000777307723183, 0.000537662010174, 0.000315168261295, 0.00018501226441, 0.00012883549789, 7.12370092515e-05, 4.5384385885e-05, 1.50564064825e-05, 1.12162990717e-06, 1.99571936754e-09],
        "dvar": [1.50540102606e-09, 1.36960963459e-07, 2.51633252901e-07, 6.63665105094e-07, 3.80873348149e-06, 7.53580422952e-07, 6.6064535531e-07, 5.53957477223e-07, 6.46940043225e-06, 1.00776253475e-06, 7.86263171904e-07, 1.18334457966e-06, 2.79116170532e-06, 1.74971194156e-06, 4.62529260403e-06, 9.49353022861e-07, 1.64234472777e-06, 1.17703427804e-06, 5.4234919844e-07, 1.78201531753e-07, 6.42071569246e-08, 3.54666589431e-08, 7.81838149777e-09, 4.60991644857e-09, 9.37471988927e-10, 3.91805121333e-12, 1.10693124283e-16],
        "dvar2": [4.00553501478e-09, 3.46560256048e-07, 6.75329943078e-07, 1.81313998837e-06, 9.54194092628e-06, 1.48601804995e-06, 1.67497262282e-06, 1.29963791551e-06, 1.54440731421e-05, 2.02233263735e-06, 1.77057290784e-06, 3.25171367876e-06, 6.59715760776e-06, 4.48041600976e-06, 9.5931100077e-06, 2.28850922213e-06, 3.79704829356e-06, 2.64377558779e-06, 1.25579094856e-06, 3.94828987282e-07, 1.40390042702e-07, 6.67094894879e-08, 1.54978945233e-08, 8.92250273665e-09, 1.73159431238e-09, 9.14374739119e-12, 3.15850380399e-16],
        "max": [0.000556041661184, 0.00515352468938, 0.0104838358238, 0.0159101765603, 0.0520013682544, 0.0276443790644, 0.0168198551983, 0.0120852142572, 0.0507016554475, 0.022589661181, 0.020296677947, 0.0272211935371, 0.0361025258899, 0.0307711809874, 0.0493134073913, 0.0155614465475, 0.0314101055264, 0.0247407853603, 0.0186295621097, 0.0135066378862, 0.00516170077026, 0.00518997013569, 0.00178933551069, 0.00181603070814, 0.000956706528086, 0.000106597413833, 5.50175286662e-07],
        "mean": [5.43846108485e-05, 0.000164583412698, 0.000208990561077, 0.000337057310389, 0.000962796388194, 0.000529755780008, 0.000385818624636, 0.000446690595709, 0.00106682896148, 0.000606329354923, 0.000515802123118, 0.000383217004128, 0.000744321441744, 0.000624855223577, 0.00100068503525, 0.000660866033286, 0.000833708618302, 0.000725990859792, 0.000544259848539, 0.000306164089125, 0.000182173229405, 0.000146550271893, 8.43964226078e-05, 5.77184546273e-05, 2.01283182832e-05, 1.5116272607e-06, 8.16338718845e-10],
        "median": [4.25575417466e-05, 5.78934850637e-05, 5.94648518017e-05, 9.0786095825e-05, 0.000342240644386, 0.000183368421858, 0.000112915535283, 0.00015656996402, 0.000205530290259, 0.00014643536997, 0.000157409522217, 0.000111578992801, 0.000205059172004, 0.000203108022106, 0.000236883555772, 0.000234191233176, 0.000295602192637, 0.000279879604932, 0.000223340408411, 0.000118432370073, 7.51379557187e-05, 6.39032296021e-05, 4.23591081926e-05, 2.32582860917e-05, 5.99013219471e-06, 9.64783907875e-07, 1.72266395593e-10],
        "min": [1.4021661408e-24, 2.18762283511e-23, 1.87830029787e-24, 6.76047169343e-24, 1.88682969863e-23, 1.89862190699e-23, 6.96025355757e-23, 2.11046308779e-23, 4.03117641334e-23, 3.89483632092e-23, 2.17082372659e-23, 4.14789437961e-23, 4.22657978392e-23, 7.35365028685e-23, 1.15303065351e-22, 4.91580313919e-23, 1.36990669171e-22, 1.68417120586e-22, 2.16555041232e-22, 2.15978276625e-22, 4.25964744467e-22, 4.98359607834e-22, 4.78423616011e-22, 7.94513693141e-22, 1.0882520213e-21, 1.47807845448e-21, 2.04548860982e-21],
        "var": [2.03868810722e-09, 1.2408081318e-07, 2.19384062916e-07, 5.63214825888e-07, 3.91318098991e-06, 1.34448612243e-06, 7.19175432096e-07, 7.75763908223e-07, 9.03955060494e-06, 2.92671984425e-06, 1.43352281157e-06, 1.01056139101e-06, 3.34713558914e-06, 1.85485419024e-06, 7.40363384466e-06, 1.3133505945e-06, 2.19768435272e-06, 1.63685922416e-06, 7.97997415702e-07, 3.0134822282e-07, 1.05936379668e-07, 6.82157406118e-08, 1.58845221421e-08, 1.22391172752e-08, 2.65311728143e-09, 6.9548416505e-12, 6.43506348676e-17]
    },
    "erbbands": {
        "dmean": [0.00320217921399, 0.0402462109923, 0.185909971595, 0.6335465312, 2.14262938499, 2.74886441231, 2.49192261696, 3.36836886406, 3.68010210991, 6.30080032349, 7.71490812302, 20.8153018951, 11.2952795029, 11.3904180527, 17.5600681305, 12.0485086441, 26.2395763397, 23.2767524719, 43.2972869873, 24.713476181, 24.0941867828, 28.3466014862, 31.1470317841, 20.4530620575, 14.9322738647, 10.1445398331, 6.00236082077, 4.16967868805, 3.27526783943, 2.04494261742, 1.22004938126, 0.805762410164, 0.461025685072, 0.189393520355, 0.0454782657325, 0.00722658494487, 0.000545692106243, 1.92864827113e-05, 4.94841742693e-06, 7.29320845494e-06],
        "dmean2": [0.00547651480883, 0.0674641877413, 0.307128727436, 1.07678806782, 3.57202458382, 4.40858459473, 3.9559340477, 5.17155981064, 5.75814628601, 10.0399589539, 12.0885972977, 32.972568512, 17.3332290649, 16.0761413574, 27.3276157379, 19.2243003845, 40.2137718201, 35.9157867432, 64.5213012695, 38.2538070679, 36.5847129822, 42.6202888489, 46.304058075, 30.5529022217, 22.0071315765, 15.6430997849, 9.14479064941, 6.18420314789, 4.71417474747, 2.96320199966, 1.77544295788, 1.14845776558, 0.648990988731, 0.261109083891, 0.0631097108126, 0.0105747533962, 0.000831128272694, 2.67219020316e-05, 6.46116495773e-06, 9.67089727055e-06],
        "dvar": [3.90270615753e-05, 0.0103268716484, 0.225234985352, 2.52887749672, 35.8621101379, 41.9976768494, 24.6891803741, 80.3985900879, 91.1782836914, 225.967956543, 342.932159424, 4307.33203125, 1138.91955566, 1225.29443359, 1972.14086914, 1575.07189941, 5408.52978516, 4139.34570312, 15627.1855469, 2891.38598633, 2629.71948242, 3046.61914062, 4177.48388672, 1851.91833496, 951.417297363, 484.616821289, 161.864395142, 79.7720031738, 42.8971328735, 14.2933225632, 5.10210323334, 2.1894698143, 1.41479992867, 0.313899725676, 0.0131337419152, 0.000365412299288, 3.37058918376e-06, 3.53312934465e-09, 6.80600992231e-11, 1.36392341865e-10],
        "dvar2": [0.000101947116491, 0.0260622575879, 0.590478539467, 6.81916189194, 94.476272583, 101.698371887, 57.8503684998, 154.382827759, 219.931274414, 557.396606445, 800.202697754, 10472.1953125, 2662.20825195, 2046.49890137, 4872.46142578, 4293.20898438, 12509.9980469, 10371.4355469, 33727.1679688, 6685.36083984, 6040.65332031, 6816.94335938, 9023.85449219, 4286.52294922, 2108.19287109, 1095.01257324, 363.625183105, 164.769668579, 81.6282653809, 28.3892917633, 10.3661518097, 4.23082876205, 2.94336676598, 0.609490334988, 0.0233152508736, 0.000791997823399, 7.66490938986e-06, 7.05173253124e-09, 1.24672855373e-10, 2.43600084548e-10],
        "max": [0.113270752132, 1.6318795681, 10.3957538605, 28.1376361847, 177.070571899, 135.611816406, 102.399276733, 349.510101318, 222.14781189, 315.340545654, 359.863708496, 1577.73474121, 1027.16271973, 964.680969238, 831.936218262, 998.30255127, 1874.56433105, 1840.12792969, 2792.30615234, 942.984985352, 1020.30065918, 1057.75183105, 1713.80285645, 981.596923828, 693.898620605, 628.924133301, 263.243560791, 253.84197998, 179.14692688, 81.266746521, 45.6055984497, 33.4321060181, 36.8234825134, 18.04246521, 3.68551850319, 1.04585778713, 0.126793131232, 0.00317976274528, 0.000207683086046, 0.000168953280081],
        "mean": [0.00384212564677, 0.042177580297, 0.215865194798, 0.711055874825, 2.22876429558, 3.42015147209, 3.46784687042, 4.75672149658, 4.91781949997, 8.31792831421, 10.4316263199, 27.1011390686, 16.4450950623, 20.5124645233, 26.1031646729, 16.5392169952, 34.3780326843, 31.8174934387, 57.7567977905, 35.8317947388, 35.3921203613, 42.1187324524, 46.3464889526, 31.2890224457, 23.3029460907, 15.5372171402, 8.96863460541, 6.76956796646, 5.22087240219, 3.43143701553, 2.156208992, 1.42562222481, 0.793732583523, 0.339411884546, 0.0851300656796, 0.0161745715886, 0.00118355930317, 4.34006506111e-05, 1.16416822493e-05, 1.6206442524e-05],
        "median": [0.00212560454383, 0.0118686938658, 0.065850481391, 0.227436155081, 0.595801711082, 1.24208045006, 1.46667766571, 1.54867243767, 1.64608192444, 2.89484977722, 4.13168239594, 5.50072956085, 4.78224563599, 4.99757099152, 8.37770271301, 6.01031541824, 10.2519702911, 12.4724740982, 13.3579187393, 14.2558708191, 12.9770011902, 16.1367092133, 18.922328949, 13.9356555939, 9.45845603943, 6.35659885406, 3.30038309097, 2.98159790039, 2.32037067413, 1.64141988754, 1.0631248951, 0.61776214838, 0.276725769043, 0.100137323141, 0.0302958339453, 0.00903457403183, 0.000760711671319, 2.38967186306e-05, 7.82509141573e-06, 1.1204256225e-05],
        "min": [3.19251654933e-22, 5.90153946731e-21, 3.0282528887e-21, 3.44438330185e-20, 4.97839200965e-20, 8.3306134972e-20, 7.80815911373e-20, 2.32901024969e-19, 8.25256331954e-19, 1.14884819851e-18, 5.65649574114e-19, 9.00612951047e-19, 1.88005683486e-18, 1.05566382097e-18, 2.09802740486e-18, 1.75614124999e-18, 1.89395843223e-18, 3.67555968109e-18, 5.76418700547e-18, 4.63314200849e-18, 3.43808832814e-18, 9.06689543904e-18, 1.05698354628e-17, 1.3971080546e-17, 9.7996393226e-18, 1.24699925797e-17, 1.29063179451e-17, 1.10714162795e-17, 1.77564161934e-17, 1.63554931818e-17, 1.24117995964e-17, 1.41182078529e-17, 1.4675151868e-17, 1.10789634754e-17, 7.45748651714e-18, 4.20722712467e-18, 2.84920335401e-18, 1.26307915277e-18, 2.39999346149e-19, 2.93232328288e-20],
        "var": [3.68172622984e-05, 0.00934136845171, 0.209335759282, 2.19018721581, 29.8878498077, 48.7374382019, 33.9873886108, 146.361694336, 116.773918152, 284.037109375, 426.414703369, 5772.83154297, 1671.68823242, 4303.22363281, 3560.47363281, 1385.59631348, 6887.36132812, 4500.68115234, 23291.5117188, 4046.5090332, 3795.64257812, 4564.79199219, 6249.6484375, 2659.5078125, 1449.82653809, 803.502441406, 260.697387695, 145.94152832, 83.3618621826, 27.6228981018, 10.4945201874, 5.43852806091, 3.43194532394, 0.829372465611, 0.0365376770496, 0.000754631124437, 5.86841224504e-06, 6.99388058578e-09, 1.59733642979e-10, 3.10034636852e-10]
    },
    "gfcc": {
        "mean": [-40.7600364685, 77.2055511475, -170.509246826, 40.874130249, -69.4191207886, 15.5853786469, -47.1373901367, 8.14610290527, -23.9387302399, -4.07864236832, -12.3037405014, -6.23574018478, -6.27600908279],
        "cov": [[5398.86474609, 315.044128418, -915.536437988, 267.894805908, -262.844573975, -241.328643799, -33.0972824097, -177.632537842, 98.7481613159, -313.926300049, 59.0848007202, -266.701629639, 34.8459739685], [315.044128418, 593.342773438, -29.3258457184, -141.373840332, 112.389259338, -135.180847168, -1.43543589115, -37.305519104, -55.1129570007, -67.1873321533, -22.9849472046, -49.5754165649, -37.5344047546], [-915.536437988, -29.3258457184, 549.316894531, 129.93737793, -20.1173992157, 99.9798736572, -60.9842796326, 5.4074306488, -82.308807373, 58.5315475464, -41.6380615234, 34.5823822021, -41.4591674805], [267.894805908, -141.373840332, 129.93737793, 297.953125, -51.3883552551, -5.30036735535, -27.3648910522, -29.6946926117, 13.7171840668, -21.2518596649, -8.86306667328, -18.3139781952, -7.93646097183], [-262.844573975, 112.389259338, -20.1173992157, -51.3883552551, 183.05758667, 5.67789554596, -0.664545595646, 24.6703166962, -1.09766733646, 2.27112221718, -17.4751815796, 1.69962322712, -5.10188627243], [-241.328643799, -135.180847168, 99.9798736572, -5.30036735535, 5.67789554596, 200.52897644, 45.7101516724, 7.55685377121, -22.9815750122, 42.1460266113, -8.93838405609, 7.12340927124, -7.84953689575], [-33.0972824097, -1.43543589115, -60.9842796326, -27.3648910522, -0.664545595646, 45.7101516724, 125.402481079, 14.8612918854, -4.3426990509, -3.9189054966, 7.27828359604, -21.9959220886, -7.09047555923], [-177.632537842, -37.305519104, 5.4074306488, -29.6946926117, 24.6703166962, 7.55685377121, 14.8612918854, 90.190246582, 35.4438285828, 10.356924057, -2.1660387516, 5.35908079147, -0.5990254879], [98.7481613159, -55.1129570007, -82.308807373, 13.7171840668, -1.09766733646, -22.9815750122, -4.3426990509, 35.4438285828, 97.0108795166, 7.85644388199, 5.87825489044, -6.08359766006, 11.7767019272], [-313.926300049, -67.1873321533, 58.5315475464, -21.2518596649, 2.27112221718, 42.1460266113, -3.9189054966, 10.356924057, 7.85644388199, 90.2618713379, 8.49002742767, 23.6815853119, -1.15453600883], [59.0848007202, -22.9849472046, -41.6380615234, -8.86306667328, -17.4751815796, -8.93838405609, 7.27828359604, -2.1660387516, 5.87825489044, 8.49002742767, 61.7945823669, 21.6175613403, 3.28161716461], [-266.701629639, -49.5754165649, 34.5823822021, -18.3139781952, 1.69962322712, 7.12340927124, -21.9959220886, 5.35908079147, -6.08359766006, 23.6815853119, 21.6175613403, 83.3729782104, 22.1945800781], [34.8459739685, -37.5344047546, -41.4591674805, -7.93646097183, -5.10188627243, -7.84953689575, -7.09047555923, -0.5990254879, 11.7767019272, -1.15453600883, 3.28161716461, 22.1945800781, 63.3106575012]],
        "icov": [[0.000846830778755, -0.00142362748738, 0.00228902394883, -0.0019974000752, 0.00186366797425, -0.00170918891672, 0.00189874030184, -0.000823585374746, 0.000694697373547, 0.000501948874444, -0.000632712093648, 0.00133429851849, -0.000473427586257], [-0.00142362748738, 0.0066903270781, -0.00551947997883, 0.00626418879256, -0.005697903689, 0.00636841077358, -0.00442424416542, 0.00439887214452, -0.00111083465163, 0.00162221502978, 0.000817623920739, -7.96625899966e-05, 0.00201911432669], [0.00228902394883, -0.00551947997883, 0.0110572343692, -0.00868507567793, 0.00667200936005, -0.00728672649711, 0.00774476351216, -0.00601894687861, 0.0061617908068, -0.00201534386724, 0.000947634514887, 0.00112228677608, 0.000439127412392], [-0.0019974000752, 0.00626418879256, -0.00868507567793, 0.0116991698742, -0.00546171655878, 0.00655515212566, -0.0054496708326, 0.00660603493452, -0.00507227377966, 0.0027269856073, 0.000544182606973, -0.000504179683048, 0.00155884562992], [0.00186366797425, -0.005697903689, 0.00667200936005, -0.00546171655878, 0.0118633350357, -0.00610655918717, 0.00554738845676, -0.00544025423005, 0.00236208643764, -0.000518210639711, 0.000986305531114, 0.000974162889179, -0.000792073493358], [-0.00170918891672, 0.00636841077358, -0.00728672649711, 0.00655515212566, -0.00610655918717, 0.0133521901444, -0.00824652891606, 0.00444832118228, -0.000899508828297, -0.00165844359435, 0.0020240242593, -0.00121675361879, 0.00150692067109], [0.00189874030184, -0.00442424416542, 0.00774476351216, -0.0054496708326, 0.00554738845676, -0.00824652891606, 0.0160133894533, -0.00604407908395, 0.00448886863887, 0.000585367961321, -0.00310078705661, 0.00538164749742, -0.000668889377266], [-0.000823585374746, 0.00439887214452, -0.00601894687861, 0.00660603493452, -0.00544025423005, 0.00444832118228, -0.00604407908395, 0.0195512566715, -0.00968280807137, 0.00256177736446, 0.000746993231587, -0.00130853161681, 0.00183687673416], [0.000694697373547, -0.00111083465163, 0.0061617908068, -0.00507227377966, 0.00236208643764, -0.000899508828297, 0.00448886863887, -0.00968280807137, 0.0192310865968, -0.00437759887427, -0.000125647507957, 0.0028895966243, -0.00181534537114], [0.000501948874444, 0.00162221502978, -0.00201534386724, 0.0027269856073, -0.000518210639711, -0.00165844359435, 0.000585367961321, 0.00256177736446, -0.00437759887427, 0.0173333864659, -0.00302318087779, -0.00058957078727, 0.00104376173113], [-0.000632712093648, 0.000817623920739, 0.000947634514887, 0.000544182606973, 0.000986305531114, 0.0020240242593, -0.00310078705661, 0.000746993231587, -0.000125647507957, -0.00302318087779, 0.022039424628, -0.00863085594028, 0.00336352875456], [0.00133429851849, -7.96625899966e-05, 0.00112228677608, -0.000504179683048, 0.000974162889179, -0.00121675361879, 0.00538164749742, -0.00130853161681, 0.0028895966243, -0.00058957078727, -0.00863085594028, 0.021795405075, -0.00733353523538], [-0.000473427586257, 0.00201911432669, 0.000439127412392, 0.00155884562992, -0.000792073493358, 0.00150692067109, -0.000668889377266, 0.00183687673416, -0.00181534537114, 0.00104376173113, 0.00336352875456, -0.00733353523538, 0.0205544661731]]
    },
    "melbands": {
        "dmean": [3.45964690496e-05, 8.08560434962e-05, 0.00014848302817, 0.000186684730579, 9.25088461372e-05, 7.23824196029e-05, 5.92340329604e-05, 7.1168258728e-05, 7.32231637812e-05, 0.000130543325213, 5.58929932595e-05, 4.74325970572e-05, 5.3955725889e-05, 4.08605883422e-05, 4.06735343859e-05, 5.71931632294e-05, 4.52450331068e-05, 6.95660346537e-05, 4.69473779958e-05, 3.58686374966e-05, 2.84348025161e-05, 2.81730099232e-05, 4.0368977352e-05, 2.35026545852e-05, 1.71061983565e-05, 1.28705569296e-05, 8.7408679974e-06, 6.72796841172e-06, 4.01391980631e-06, 3.14861199513e-06, 2.58666136688e-06, 2.20774722948e-06, 1.36897813263e-06, 1.20276740745e-06, 8.10647350136e-07, 5.43520570773e-07, 5.07835295593e-07, 3.6815285398e-07, 2.47149387178e-07, 1.45008684171e-07],
        "dmean2": [5.82178254263e-05, 0.000132539586048, 0.000248797761742, 0.000299887353322, 0.000145980666275, 0.000111150169687, 9.37851582421e-05, 0.000112367648399, 0.000115337468742, 0.000206299402635, 8.64237445057e-05, 6.76289855619e-05, 8.32527657622e-05, 6.68883803883e-05, 6.29924761597e-05, 8.98916114238e-05, 7.16563954484e-05, 0.000105054787127, 7.18479350326e-05, 5.64915208088e-05, 4.35595247836e-05, 4.31365697295e-05, 6.16173856542e-05, 3.59845871571e-05, 2.61867407971e-05, 1.92944244191e-05, 1.33958137667e-05, 1.05631625047e-05, 6.2875947151e-06, 4.86423959956e-06, 3.88613352698e-06, 3.2490167996e-06, 2.02241358238e-06, 1.7941850956e-06, 1.21141408727e-06, 8.11336406059e-07, 7.41683038541e-07, 5.38986967058e-07, 3.60781825748e-07, 2.02026626539e-07],
        "dvar": [6.10084960329e-09, 4.04132443066e-08, 1.40196860343e-07, 2.37800264813e-07, 3.22684670095e-08, 3.412057481e-08, 2.42254021288e-08, 2.64575508169e-08, 3.65342387454e-08, 1.76533760055e-07, 2.9663750567e-08, 2.24385861003e-08, 1.69711533715e-08, 1.94384099927e-08, 1.12923341788e-08, 3.15448254185e-08, 1.55845025773e-08, 3.85389107294e-08, 1.62472488796e-08, 6.00223781788e-09, 4.62622917752e-09, 3.95988619672e-09, 6.79912259827e-09, 2.87456192183e-09, 1.42333789199e-09, 7.15846659727e-10, 3.56288415437e-10, 2.3226845447e-10, 7.43080458276e-11, 4.89084224509e-11, 4.23203243283e-11, 2.14019618e-11, 8.46815933347e-12, 5.48135365222e-12, 2.38664405079e-12, 1.05323681634e-12, 9.39996886752e-13, 1.06176146434e-12, 4.89323805e-13, 2.11972908844e-13],
        "dvar2": [1.54992552126e-08, 1.02542607294e-07, 3.71142505173e-07, 5.93412607941e-07, 7.76275612679e-08, 6.61762769028e-08, 5.96029359201e-08, 6.4217921647e-08, 8.61099351823e-08, 4.25740154242e-07, 6.99485056543e-08, 3.84143135079e-08, 3.99773831816e-08, 5.36719362287e-08, 2.57670063064e-08, 7.65742669273e-08, 3.97476078717e-08, 8.62384865741e-08, 3.39699113283e-08, 1.49528727178e-08, 1.06468895922e-08, 9.26701648751e-09, 1.5403285758e-08, 6.4625895746e-09, 3.38034156222e-09, 1.62035151963e-09, 7.59080298618e-10, 5.4294430063e-10, 1.73046035834e-10, 1.10135262021e-10, 8.91300297456e-11, 4.25208757093e-11, 1.69881955725e-11, 1.16416511847e-11, 5.12121248186e-12, 2.23236164797e-12, 1.90822227811e-12, 2.39011067882e-12, 1.04404223981e-12, 4.27389840098e-13],
        "max": [0.00117678404786, 0.00446875020862, 0.00711092213169, 0.0140202604234, 0.00307244225405, 0.00676789134741, 0.00359291187488, 0.00313987140544, 0.00381362368353, 0.0096454648301, 0.00514241587371, 0.00412230473012, 0.00300587737001, 0.00395041704178, 0.00308578182012, 0.00351191684604, 0.00358149409294, 0.0040037012659, 0.00330107146874, 0.00142097682692, 0.00152061658446, 0.00159871228971, 0.00156639458146, 0.00148093944881, 0.000835961429402, 0.000586507027037, 0.000584398920182, 0.00040916382568, 0.00017650477821, 0.00013885552471, 0.000229885437875, 0.000117577859783, 9.47574953898e-05, 5.6406512158e-05, 3.72209797206e-05, 2.17974629777e-05, 2.24852719839e-05, 3.25566215906e-05, 3.26762528857e-05, 1.79988583113e-05],
        "mean": [4.36971204181e-05, 9.40153331612e-05, 0.000162689146237, 0.000220298257773, 0.000129488806124, 0.000102958627394, 7.67223900766e-05, 9.43535997067e-05, 9.58637028816e-05, 0.000169041624758, 7.80821428634e-05, 8.21920330054e-05, 7.89623809396e-05, 5.36598636245e-05, 5.41227054782e-05, 7.16553331586e-05, 5.76301499677e-05, 8.94982149475e-05, 6.30093418295e-05, 4.75914348499e-05, 3.91871544707e-05, 3.90435416193e-05, 5.61865381314e-05, 3.24095271935e-05, 2.46431591222e-05, 1.89158108697e-05, 1.28011779452e-05, 9.641638826e-06, 5.61133629162e-06, 4.48459377367e-06, 3.95824326915e-06, 3.29418776346e-06, 2.09574818655e-06, 1.8909300934e-06, 1.33547530368e-06, 9.15335022e-07, 8.47347564559e-07, 5.91356126733e-07, 4.10590843103e-07, 2.43997334337e-07],
        "median": [2.20436377276e-05, 2.84268753603e-05, 4.8815869377e-05, 7.11853208486e-05, 5.81691929256e-05, 3.4230757592e-05, 2.39539585891e-05, 3.28893875121e-05, 3.37545934599e-05, 3.20288963849e-05, 2.03194758797e-05, 1.65100354934e-05, 2.44691491389e-05, 1.69338254636e-05, 1.71172177943e-05, 1.98345587705e-05, 2.12041941268e-05, 1.90585924429e-05, 1.77705478563e-05, 1.73132029886e-05, 1.30648022605e-05, 1.36984635901e-05, 1.96875080292e-05, 1.29750678752e-05, 9.71172084974e-06, 6.72384067002e-06, 5.26111989529e-06, 3.32239869749e-06, 1.78498112291e-06, 1.67004827745e-06, 1.53455857799e-06, 1.39212170325e-06, 7.99636723059e-07, 8.71648353495e-07, 6.35662900095e-07, 4.10824611663e-07, 3.36553455327e-07, 1.87735992085e-07, 1.27224737412e-07, 6.34194492477e-08],
        "min": [5.65670461459e-24, 3.20565757573e-24, 5.5569709025e-24, 4.52367671263e-24, 3.71148564056e-24, 4.56249931879e-24, 1.24138023499e-23, 1.01995920624e-23, 4.24323626639e-24, 5.36378320554e-24, 8.95812694599e-24, 3.88652243695e-24, 5.09302878793e-24, 5.24216412535e-24, 4.33671904467e-24, 3.93756134309e-24, 6.45752741215e-24, 8.85347823602e-24, 9.08810519076e-24, 3.72736856603e-24, 3.40695180456e-24, 7.18962622536e-24, 8.57335767288e-24, 8.20116915349e-24, 1.02291491028e-23, 7.14604166035e-24, 7.67070042664e-24, 7.88531476907e-24, 6.61718181531e-24, 7.64981060101e-24, 5.99465854284e-24, 1.00075336198e-23, 8.96946524378e-24, 9.58923144738e-24, 6.82998138323e-24, 7.79608592322e-24, 8.99182866158e-24, 1.04356839318e-23, 9.22460021547e-24, 9.32918660542e-24],
        "var": [5.72015457223e-09, 3.9207652236e-08, 1.21311984458e-07, 2.44867749188e-07, 4.22720312088e-08, 6.1715944355e-08, 2.90507973233e-08, 3.55804274932e-08, 4.42961543001e-08, 2.42506018822e-07, 4.26558237621e-08, 7.88710750044e-08, 3.10365741996e-08, 1.83054371661e-08, 1.53283412629e-08, 3.47603226203e-08, 1.62480358057e-08, 5.35962740855e-08, 2.57389860536e-08, 7.43583683516e-09, 6.16746476112e-09, 5.23874588154e-09, 9.72493019447e-09, 3.76785980194e-09, 1.93798643799e-09, 1.08961994982e-09, 5.25654741956e-10, 3.6544819948e-10, 1.13325404616e-10, 7.55064968883e-11, 7.01316435481e-11, 3.72423238082e-11, 1.56024030501e-11, 9.19192239685e-12, 4.3787109355e-12, 2.13972676383e-12, 2.21266516394e-12, 2.20365154076e-12, 1.02305056787e-12, 5.14845327829e-13]
    },
    "mfcc": {
        "mean": [-659.184448242, 91.7634887695, -35.0857925415, 15.9528865814, -0.455719232559, 0.617793917656, -7.28957128525, 3.01332807541, -6.05707168579, 0.593656301498, -1.57730281353, -2.39204788208, -5.94343233109],
        "cov": [[4971.24414062, -148.697692871, -525.272460938, 207.683731079, -229.57925415, -123.878173828, -188.640029907, 16.9594573975, -116.328926086, 53.8975486755, -84.772819519, -107.156227112, -138.625854492], [-148.697692871, 743.826782227, -178.725234985, -34.3031196594, 30.771686554, -71.6492919922, 27.9305458069, -14.4119215012, -38.5625495911, -17.3537750244, -21.2986526489, -43.8472938538, -22.1896495819], [-525.272460938, -178.725234985, 532.303955078, 65.1115646362, 33.087223053, 75.3129806519, 35.5759391785, -31.1202201843, -8.59384441376, -47.754863739, 11.6464014053, 21.2257328033, 2.03194403648], [207.683731079, -34.3031196594, 65.1115646362, 225.339050293, 30.0950660706, -32.9241905212, -43.7098655701, -5.7667889595, -17.3092765808, -13.8455038071, -19.6445407867, -8.5036907196, -12.5564517975], [-229.57925415, 30.771686554, 33.087223053, 30.0950660706, 161.291305542, 6.7053732872, -17.4115314484, 2.08415293694, 17.9575538635, -8.99514293671, -0.259744971991, -4.8538813591, 7.93525600433], [-123.878173828, -71.6492919922, 75.3129806519, -32.9241905212, 6.7053732872, 136.741958618, 56.0381507874, -12.9472503662, 11.2561035156, -5.08398246765, 3.62291932106, 18.2388286591, 0.311566382647], [-188.640029907, 27.9305458069, 35.5759391785, -43.7098655701, -17.4115314484, 56.0381507874, 123.747161865, 14.6891822815, -1.18174088001, 7.21987533569, 4.79138946533, 1.07827341557, 0.790062129498], [16.9594573975, -14.4119215012, -31.1202201843, -5.7667889595, 2.08415293694, -12.9472503662, 14.6891822815, 76.4449081421, 13.0271844864, 8.63488197327, 4.38458919525, -7.55048513412, 6.66536092758], [-116.328926086, -38.5625495911, -8.59384441376, -17.3092765808, 17.9575538635, 11.2561035156, -1.18174088001, 13.0271844864, 84.8890533447, 27.9865608215, -5.34225559235, 3.93180441856, 3.61663293839], [53.8975486755, -17.3537750244, -47.754863739, -13.8455038071, -8.99514293671, -5.08398246765, 7.21987533569, 8.63488197327, 27.9865608215, 81.11328125, 19.7766723633, -7.30106067657, -13.3571548462], [-84.772819519, -21.2986526489, 11.6464014053, -19.6445407867, -0.259744971991, 3.62291932106, 4.79138946533, 4.38458919525, -5.34225559235, 19.7766723633, 66.7122192383, 21.3920955658, -5.64233446121], [-107.156227112, -43.8472938538, 21.2257328033, -8.5036907196, -4.8538813591, 18.2388286591, 1.07827341557, -7.55048513412, 3.93180441856, -7.30106067657, 21.3920955658, 73.4382400513, 20.2211780548], [-138.625854492, -22.1896495819, 2.03194403648, -12.5564517975, 7.93525600433, 0.311566382647, 0.790062129498, 6.66536092758, 3.61663293839, -13.3571548462, -5.64233446121, 20.2211780548, 70.7726135254]],
