{
"lowlevel": {
    "average_loudness": 0.787901520729,
    "barkbands_crest": {
        "dmean": 2.33959197998,
        "dmean2": 3.77389168739,
        "dvar": 4.79902124405,
        "dvar2": 11.5856399536,
        "max": 26.7975444794,
        "mean": 8.50759315491,
        "median": 7.3666677475,
        "min": 2.19895792007,
        "var": 17.0010051727
    },
    "barkbands_flatness_db": {
        "dmean": 0.0173721108586,
        "dmean2": 0.0271393284202,
        "dvar": 0.000271262746537,
        "dvar2": 0.000593155156821,
        "max": 0.418634623289,
        "mean": 0.140511617064,
        "median": 0.137377470732,
        "min": 0.0368304736912,
        "var": 0.00166656577494
    },
    "barkbands_kurtosis": {
        "dmean": 1.26027584076,
        "dmean2": 2.01386022568,
        "dvar": 17.5764827728,
        "dvar2": 42.4873809814,
        "max": 281.304382324,
        "mean": 1.03178060055,
        "median": -0.187485814095,
        "min": -1.83533334732,
        "var": 30.6331310272
    },
    "barkbands_skewness": {
        "dmean": 0.413918465376,
        "dmean2": 0.642358601093,
        "dvar": 0.213763803244,
        "dvar2": 0.469354867935,
        "max": 16.5731678009,
        "mean": 0.46704891324,
        "median": 0.284121155739,
        "min": -3.50774240494,
        "var": 1.18279123306
    },
    "barkbands_spread": {
        "dmean": 5.0665473938,
        "dmean2": 7.89278507233,
        "dvar": 34.1830329895,
        "dvar2": 74.8219299316,
        "max": 140.776031494,
        "mean": 24.1669330597,
        "median": 23.7460536957,
        "min": 1.6755708456,
        "var": 159.756652832
    },
    "dissonance": {
        "dmean": 0.0125966127962,
        "dmean2": 0.0212384928018,
        "dvar": 0.000194689986529,
        "dvar2": 0.000510504469275,
        "max": 0.500000059605,
        "mean": 0.477761715651,
        "median": 0.483634382486,
        "min": 0.248327463865,
        "var": 0.000441625859821
    },
    "dynamic_complexity": 4.42180776596,
    "erbbands_crest": {
        "dmean": 2.48844766617,
        "dmean2": 4.01589727402,
        "dvar": 5.86973571777,
        "dvar2": 14.0435037613,
        "max": 31.6443252563,
        "mean": 9.0053768158,
        "median": 7.88317871094,
        "min": 2.09461355209,
        "var": 19.159122467
    },
    "erbbands_flatness_db": {
        "dmean": 0.0161477420479,
        "dmean2": 0.0239456873387,
        "dvar": 0.000236775231315,
        "dvar2": 0.000477036082884,
        "max": 0.359674811363,
        "mean": 0.202017918229,
        "median": 0.198450416327,
        "min": 0.0553984418511,
        "var": 0.00243938737549
    },
    "erbbands_kurtosis": {
        "dmean": 0.974775135517,
        "dmean2": 1.53149163723,
        "dvar": 1.87908685207,
        "dvar2": 4.09516477585,
        "max": 36.5368041992,
        "mean": 1.0520478487,
        "median": 0.366459131241,
        "min": -1.72214853764,
        "var": 6.59203720093
    },
    "erbbands_skewness": {
        "dmean": 0.331164836884,
        "dmean2": 0.504421412945,
        "dvar": 0.0938663929701,
        "dvar2": 0.199758931994,
        "max": 4.41651439667,
        "mean": -0.203818827868,
        "median": -0.180901020765,
        "min": -4.19236421585,
        "var": 0.712293565273
    },
    "erbbands_spread": {
        "dmean": 5.18471765518,
        "dmean2": 8.04992103577,
        "dvar": 32.8585739136,
        "dvar2": 74.4971160889,
        "max": 107.666145325,
        "mean": 25.9781398773,
        "median": 24.2597236633,
        "min": 2.74307775497,
        "var": 204.085128784
    },
    "hfc": {
        "dmean": 5.50099229813,
        "dmean2": 7.90838050842,
        "dvar": 57.0322799683,
        "dvar2": 111.268539429,
        "max": 208.743347168,
        "mean": 21.8174705505,
        "median": 15.8933353424,
        "min": 1.23109925841e-16,
        "var": 409.296020508
    },
    "melbands_crest": {
        "dmean": 2.9422545433,
        "dmean2": 4.79623413086,
        "dvar": 7.58583498001,
        "dvar2": 18.995136261,
        "max": 39.7824783325,
        "mean": 11.7159290314,
        "median": 10.5638208389,
        "min": 2.54255795479,
        "var": 29.6704559326
    },
    "melbands_flatness_db": {
        "dmean": 0.0210196301341,
        "dmean2": 0.0323893986642,
        "dvar": 0.000474527332699,
        "dvar2": 0.00101785792504,
        "max": 0.465871810913,
        "mean": 0.158816218376,
        "median": 0.15172162652,
        "min": 0.0078039788641,
        "var": 0.00289960834198
    },
    "melbands_kurtosis": {
        "dmean": 3.03080272675,
        "dmean2": 4.87802934647,
        "dvar": 62.3648529053,
        "dvar2": 149.300933838,
        "max": 303.686279297,
        "mean": 4.7862868309,
        "median": 1.00545740128,
        "min": -1.84505605698,
        "var": 185.93270874
    },
    "melbands_skewness": {
        "dmean": 0.52673125267,
        "dmean2": 0.820775687695,
        "dvar": 0.381540983915,
        "dvar2": 0.848308682442,
        "max": 16.6479282379,
        "mean": 1.33583986759,
        "median": 0.988977909088,
        "min": -1.95224070549,
        "var": 2.3618016243
    },
    "melbands_spread": {
        "dmean": 8.5001707077,
        "dmean2": 13.1946001053,
        "dvar": 123.994255066,
        "dvar2": 256.089599609,
        "max": 218.390213013,
        "mean": 36.4785232544,
        "median": 33.4891548157,
        "min": 1.32752430439,
        "var": 501.675476074
    },
    "pitch_salience": {
        "dmean": 0.0648714974523,
        "dmean2": 0.104447923601,
        "dvar": 0.00368125690147,
        "dvar2": 0.00896095950156,
        "max": 0.975710570812,
        "mean": 0.581396341324,
        "median": 0.581157743931,
        "min": 0.0123525233939,
        "var": 0.0172130465508
    },
    "silence_rate_20dB": {
        "dmean": 0,
        "dmean2": 0,
        "dvar": 0,
        "dvar2": 0,
        "max": 1,
        "mean": 1,
        "median": 1,
        "min": 1,
        "var": 0
    },
    "silence_rate_30dB": {
        "dmean": 0,
        "dmean2": 0,
        "dvar": 0,
        "dvar2": 0,
        "max": 1,
        "mean": 1,
        "median": 1,
        "min": 1,
        "var": 0
    },
    "silence_rate_60dB": {
        "dmean": 0.0296595878899,
        "dmean2": 0.0593258440495,
        "dvar": 0.0287825744599,
        "dvar2": 0.06142359972,
        "max": 1,
        "mean": 0.116153672338,
        "median": 0,
        "min": 0,
        "var": 0.102659858763
    },
    "spectral_centroid": {
        "dmean": 222.447845459,
        "dmean2": 341.749511719,
        "dvar": 70093,
        "dvar2": 136463.15625,
        "max": 11009.7744141,
        "mean": 1846.48388672,
        "median": 1823.77648926,
        "min": 263.33706665,
        "var": 322758.84375
    },
    "spectral_complexity": {
        "dmean": 3.54746651649,
        "dmean2": 5.37617969513,
        "dvar": 14.3636608124,
        "dvar2": 27.4147167206,
        "max": 52,
        "mean": 21.3691310883,
        "median": 22,
        "min": 0,
        "var": 112.754318237
    },
    "spectral_decrease": {
        "dmean": 1.0402049222e-09,
        "dmean2": 1.51401424731e-09,
        "dvar": 1.57972968152e-18,
        "dvar2": 3.16752830312e-18,
        "max": 9.58463833172e-29,
        "mean": -3.94733001841e-09,
        "median": -3.24836024745e-09,
        "min": -2.26748841925e-08,
        "var": 9.71454311708e-18
    },
    "spectral_energy": {
        "dmean": 0.00432927720249,
        "dmean2": 0.00625785440207,
        "dvar": 2.62950325123e-05,
        "dvar2": 5.22656737303e-05,
        "max": 0.0928936451674,
        "mean": 0.0168770272285,
        "median": 0.0139179416001,
        "min": 1.08046816288e-20,
        "var": 0.000176264031325
    },
    "spectral_energyband_high": {
        "dmean": 0.000247651652899,
        "dmean2": 0.000349713198375,
        "dvar": 5.72540045596e-07,
        "dvar2": 9.13269786906e-07,
        "max": 0.0341191627085,
        "mean": 0.000587878574152,
        "median": 0.00024442828726,
        "min": 8.11285335419e-21,
        "var": 1.90110301901e-06
    },
    "spectral_energyband_low": {
        "dmean": 0.00172230543103,
        "dmean2": 0.00271260039881,
        "dvar": 1.16933615573e-05,
        "dvar2": 2.63746860583e-05,
        "max": 0.0514918789268,
        "mean": 0.00269330525771,
        "median": 0.00119898130652,
        "min": 9.25093965e-23,
        "var": 1.73800508492e-05
    },
    "spectral_energyband_middle_high": {
        "dmean": 0.00248875468969,
        "dmean2": 0.00373907806352,
        "dvar": 1.10275605039e-05,
        "dvar2": 2.54965070781e-05,
        "max": 0.0571614988148,
        "mean": 0.00915696937591,
        "median": 0.00511489948258,
        "min": 1.33856351876e-21,
        "var": 8.74849938555e-05
    },
    "spectral_energyband_middle_low": {
        "dmean": 0.00178468110971,
        "dmean2": 0.00275274459273,
        "dvar": 9.05248998606e-06,
        "dvar2": 2.03449762921e-05,
        "max": 0.0579134225845,
        "mean": 0.00489586824551,
        "median": 0.00289585161954,
        "min": 3.04286824722e-22,
        "var": 4.01647776016e-05
    },
    "spectral_entropy": {
        "dmean": 0.114243082702,
        "dmean2": 0.168470188975,
        "dvar": 0.0138828717172,
        "dvar2": 0.0274280309677,
        "max": 9.79934501648,
        "mean": 7.6277346611,
        "median": 7.62656497955,
        "min": 6.11820697784,
        "var": 0.0804910883307
    },
    "spectral_flux": {
        "dmean": 0.0162592027336,
        "dmean2": 0.024617979303,
        "dvar": 0.000307931302814,
        "dvar2": 0.00070080027217,
        "max": 0.257803946733,
        "mean": 0.0711272507906,
        "median": 0.0684314966202,
        "min": 1.03945567431e-10,
        "var": 0.00151530920994
    },
    "spectral_kurtosis": {
        "dmean": 1.97316527367,
        "dmean2": 3.43300509453,
        "dvar": 4.20027828217,
        "dvar2": 12.5970697403,
        "max": 29.3028488159,
        "mean": 5.01381969452,
        "median": 4.12629556656,
        "min": -1.18670964241,
        "var": 11.3381319046
    },
    "spectral_rms": {
        "dmean": 0.00050737260608,
        "dmean2": 0.000714645895641,
        "dvar": 2.80812486153e-07,
        "dvar2": 5.00467479014e-07,
        "max": 0.0095198713243,
        "mean": 0.00369653687812,
        "median": 0.0036848988384,
        "min": 3.24671409549e-12,
        "var": 2.80103608929e-06
    },
    "spectral_rolloff": {
        "dmean": 416.641387939,
        "dmean2": 677.906860352,
        "dvar": 442859.15625,
        "dvar2": 916353.4375,
        "max": 18604.6875,
        "mean": 2105.19091797,
        "median": 2088.72070312,
        "min": 21.533203125,
        "var": 1281105.5
    },
    "spectral_skewness": {
        "dmean": 0.232577800751,
        "dmean2": 0.388252466917,
        "dvar": 0.0444397591054,
        "dvar2": 0.123157642782,
        "max": 3.65159487724,
        "mean": 1.40289473534,
        "median": 1.31509971619,
        "min": -0.00750601990148,
        "var": 0.230811342597
    },
    "spectral_spread": {
        "dmean": 342411.875,
        "dmean2": 522200.1875,
        "dvar": 269185941504,
        "dvar2": 405526577152,
        "max": 40412732,
        "mean": 3260152.25,
        "median": 3110635,
        "min": 1508807.5,
        "var": 1.08731354317e+12
    },
    "spectral_strongpeak": {
        "dmean": 0.791686952114,
        "dmean2": 1.31658101082,
        "dvar": 1.57700407505,
        "dvar2": 3.82084655762,
        "max": 15.758898735,
        "mean": 1.48809909821,
        "median": 0.595274806023,
        "min": 0,
        "var": 3.89699172974
    },
    "zerocrossingrate": {
        "dmean": 0.008325192146,
        "dmean2": 0.0101705696434,
        "dvar": 0.000129216074129,
        "dvar2": 0.000150335588842,
        "max": 0.5751953125,
        "mean": 0.0730065479875,
        "median": 0.0712890625,
        "min": 0,
        "var": 0.00092536653392
    },
    "barkbands": {
        "dmean": [6.70696772431e-06, 0.00119018892292, 0.000509174191393, 0.000513679289725, 0.000406177714467, 0.000281616550637, 0.000266818969976, 0.000404126039939, 0.000800080830231, 0.00048077662359, 0.000546181516256, 0.000677159347106, 0.000643656763714, 0.000590854731854, 0.000502088398207, 0.00057470385218, 0.000452201318694, 0.000250074488577, 0.000233259037486, 0.000116674636956, 8.79320941749e-05, 7.74946674937e-05, 4.58124595752e-05, 2.69405609288e-05, 1.17122181109e-05, 3.75824379262e-06, 2.36352404315e-09],
        "dmean2": [1.18673124234e-05, 0.00193170830607, 0.000820827379357, 0.000867244554684, 0.00064526963979, 0.000434504938312, 0.000422624172643, 0.000603588647209, 0.00125499954447, 0.000759335234761, 0.000851877499372, 0.00108943425585, 0.00104081665631, 0.000971068278886, 0.000812093727291, 0.000915798766073, 0.000707997125573, 0.000396660820115, 0.000367515167454, 0.000180883711437, 0.000132924134959, 0.000112080968393, 6.8196299253e-05, 4.10727552662e-05, 1.89283982763e-05, 6.43593830318e-06, 4.33389901744e-09],
        "dvar": [1.33560926208e-10, 7.46766045268e-06, 1.01128830465e-06, 2.602003633e-06, 6.06448054441e-07, 4.21217748681e-07, 4.58351763655e-07, 1.44500302213e-06, 4.871244073e-06, 1.1595717524e-06, 1.2655879118e-06, 2.12385180021e-06, 2.21215373131e-06, 1.43847023537e-06, 1.16605224321e-06, 1.47535718042e-06, 9.47706553234e-07, 2.92975300908e-07, 2.50072417884e-07, 4.92922858086e-08, 4.48939445619e-08, 8.03135833394e-08, 4.6222954353e-08, 1.56340416169e-08, 2.22514251469e-09, 2.27418972543e-10, 6.30565260194e-16],
        "dvar2": [3.84148546306e-10, 1.78941863851e-05, 2.40446956923e-06, 6.72051237416e-06, 1.47098785419e-06, 9.90681996882e-07, 9.56271605901e-07, 2.38421080212e-06, 1.09426600829e-05, 2.57635679191e-06, 2.79688219962e-06, 5.21232550454e-06, 5.53170229978e-06, 3.69114104615e-06, 2.81247457679e-06, 3.46279352925e-06, 2.0901040898e-06, 6.41867416107e-07, 5.97040582306e-07, 1.14176053501e-07, 8.9808942505e-08, 1.25879836332e-07, 8.44834886493e-08, 3.40222641171e-08, 5.80766235103e-09, 6.36307007085e-10, 1.86685807465e-15],
        "max": [0.000218229470192, 0.0421734154224, 0.0173032581806, 0.0218821186572, 0.0191072393209, 0.0245318766683, 0.0300754960626, 0.0514449998736, 0.0565346330404, 0.0338082499802, 0.0262492913753, 0.0430807359517, 0.0331206917763, 0.0229310039431, 0.0228263866156, 0.0293167214841, 0.0300230104476, 0.0150040220469, 0.0135696260259, 0.00400136876851, 0.0095686847344, 0.013015483506, 0.00898817740381, 0.00431389594451, 0.00193429470528, 0.000318383361446, 1.51208791976e-06],
        "mean": [7.16699560144e-06, 0.00161617866252, 0.000774830696173, 0.000542073568795, 0.00087115255883, 0.000520797213539, 0.00048177325516, 0.000649789522868, 0.0015647750115, 0.000821077555884, 0.000952357251663, 0.00124936783686, 0.00118606968317, 0.00103112810757, 0.000905376218725, 0.00115998892579, 0.000933775794692, 0.000470164377475, 0.000425810110755, 0.000238240289036, 0.000180190938408, 0.000142731587403, 8.5057974502e-05, 4.56084962934e-05, 1.73627231561e-05, 4.18929448642e-06, 1.7233497962e-09],
        "median": [3.40815745403e-06, 0.000491054146551, 0.000352573290002, 0.000113849891932, 0.000375445699319, 0.000225806405069, 0.000223977753194, 0.000193693587789, 0.000379264878575, 0.000266142218607, 0.000271504104603, 0.000280777516309, 0.000221912094275, 0.00035027845297, 0.000291594071314, 0.000415626971517, 0.000363930797903, 0.000229321798543, 0.000179164286237, 0.000108648921014, 7.31769105187e-05, 4.35349866166e-05, 2.44150251092e-05, 1.48781928146e-05, 6.01039482717e-06, 7.03789112322e-07, 2.81409340275e-10],
        "min": [5.59157483831e-23, 4.53900404336e-23, 2.55956747815e-24, 7.97500352083e-24, 5.74048590257e-23, 4.45222050854e-23, 1.8790379617e-23, 5.89045340937e-23, 1.09753069162e-22, 4.89227552047e-23, 3.51606570391e-23, 5.41371825862e-23, 1.17050284971e-22, 3.0045941676e-23, 8.86683822654e-23, 1.35264818215e-22, 8.700911117e-23, 3.19516863659e-22, 3.04279756528e-22, 2.73590744908e-22, 4.1633286641e-22, 5.77049303545e-22, 6.02825794318e-22, 7.1957826852e-22, 1.29895558264e-21, 1.93724063678e-21, 2.57658420342e-21],
        "var": [1.24017282555e-10, 9.14521115192e-06, 1.39428630064e-06, 2.41784232458e-06, 2.17690626414e-06, 1.12358225124e-06, 1.00746819953e-06, 4.60881301478e-06, 2.04122243304e-05, 3.0897419947e-06, 3.82543385058e-06, 6.93186348144e-06, 5.51103721591e-06, 3.16438581649e-06, 2.5479271244e-06, 5.5902510212e-06, 4.12823737861e-06, 7.02801003172e-07, 4.82329369333e-07, 1.28432034785e-07, 1.31651589186e-07, 2.4279097488e-07, 1.13003707725e-07, 2.62560106989e-08, 2.26691732053e-09, 1.8764256815e-10, 3.36456203847e-16]
    },
    "erbbands": {
        "dmean": [0.0148696908727, 0.325201123953, 0.687052547932, 1.1901692152, 1.44713485241, 1.34620058537, 1.96011924744, 2.46856474876, 3.42795205116, 5.21747493744, 10.6406288147, 17.329334259, 15.440279007, 13.7541027069, 24.3514900208, 24.0197505951, 25.8637924194, 26.9639282227, 27.1562767029, 25.375825882, 28.7847499847, 25.7909870148, 15.223736763, 11.7295179367, 9.37823200226, 4.95774936676, 3.83475208282, 3.4897172451, 2.85205721855, 2.08327770233, 1.21604597569, 0.65001386404, 0.406118541956, 0.113566622138, 0.0974031761289, 0.0380943976343, 0.00221014162526, 6.84301630827e-05, 5.58007104701e-06, 5.59993713978e-06],
        "dmean2": [0.0239535942674, 0.527074337006, 1.09846270084, 1.97099208832, 2.38439655304, 2.14498496056, 3.06756258011, 3.81156373024, 5.47046518326, 8.03480625153, 16.0503120422, 26.6837558746, 24.2109699249, 21.4704170227, 37.961139679, 39.1330680847, 41.2926063538, 44.0656929016, 43.8751525879, 40.2436294556, 45.2830963135, 39.9158973694, 23.8673095703, 18.6594619751, 14.6558818817, 7.63638353348, 5.85291910172, 5.29030799866, 4.10272693634, 3.08867812157, 1.82029044628, 0.979909062386, 0.618132531643, 0.16949595511, 0.164086163044, 0.0651246011257, 0.00357331731357, 0.000109698827146, 8.39418135001e-06, 8.02838894742e-06],
        "dvar": [0.00113045179751, 0.551558017731, 1.86715567112, 13.2442169189, 11.2636671066, 8.58881568909, 23.1469287872, 34.7879486084, 46.1066055298, 227.476028442, 1048.09802246, 2318.92041016, 1404.84350586, 786.319213867, 2459.00268555, 2838.484375, 3517.95874023, 3158.70263672, 3044.41601562, 2798.47924805, 3660.94970703, 3418.25366211, 1181.05664062, 737.74407959, 386.313598633, 86.1563949585, 75.9990539551, 80.817024231, 100.727828979, 76.6436080933, 38.5797271729, 11.5831193924, 2.77656030655, 0.149431496859, 0.287925899029, 0.0260694473982, 6.06010034971e-05, 6.04714145425e-08, 1.95658864111e-10, 4.60795464285e-11],
        "dvar2": [0.00267460383475, 1.32222509384, 4.47800922394, 32.8575019836, 29.9261760712, 20.2951145172, 53.7540626526, 82.9942550659, 108.095237732, 467.770996094, 2057.57958984, 5232.58203125, 3138.515625, 1686.16381836, 5682.81152344, 7189.015625, 8757.34960938, 8266.86328125, 7600.26855469, 6482.59375, 8217.07714844, 7466.24023438, 2446.65283203, 1861.05615234, 866.836608887, 195.855819702, 158.028869629, 162.521331787, 170.016845703, 134.08013916, 72.7051391602, 23.4075870514, 6.17899990082, 0.302434831858, 0.79429602623, 0.0724848136306, 0.000149838408106, 1.53169594341e-07, 4.854976976e-10, 9.04348540498e-11],
        "max": [0.475630193949, 11.6393518448, 22.0025901794, 46.4264450073, 63.2190895081, 88.3299484253, 150.83164978, 164.685409546, 235.532592773, 744.407531738, 1436.94604492, 1357.85131836, 1089.03137207, 671.056762695, 1247.7878418, 1625.74865723, 1680.42077637, 1042.50878906, 1000.55181885, 1463.11669922, 1908.49816895, 1584.08911133, 1054.8302002, 717.581481934, 468.690948486, 247.56703186, 408.550231934, 334.235443115, 465.291900635, 475.861877441, 257.910095215, 95.3227005005, 66.0857086182, 12.3494253159, 24.7515010834, 4.30176067352, 0.261162698269, 0.00589035870507, 0.000481504306663, 0.000124977057567],
        "mean": [0.018942726776, 0.446681588888, 1.08700227737, 1.39085757732, 2.37569499016, 2.76784467697, 3.58178067207, 4.62421035767, 6.3333864212, 9.38132762909, 19.6200695038, 33.364818573, 29.7272338867, 25.9934444427, 47.5347213745, 47.3384933472, 50.8402748108, 52.1062355042, 52.8932609558, 52.4377365112, 62.7476119995, 54.7083854675, 31.039264679, 22.6641921997, 18.0236186981, 10.7070960999, 8.03469181061, 6.88249826431, 5.22152423859, 3.81342554092, 2.24913668633, 1.16115522385, 0.650603294373, 0.215768799186, 0.112726189196, 0.0403550937772, 0.00316513935104, 9.71638073679e-05, 1.60284489539e-05, 2.23180941248e-05],
        "median": [0.00631152046844, 0.140722751617, 0.488196074963, 0.444210499525, 0.882246434689, 1.07168602943, 1.34122252464, 1.94441318512, 3.54918885231, 3.3195540905, 5.69704151154, 8.75269985199, 10.5834369659, 8.95431137085, 13.529668808, 12.0170373917, 10.8346786499, 16.505695343, 19.0134887695, 19.4216842651, 24.6899795532, 21.7823524475, 15.2797164917, 10.7318820953, 7.53458118439, 4.95861768723, 3.460044384, 2.65523290634, 1.67818188667, 1.06080472469, 0.632719933987, 0.373345792294, 0.208320766687, 0.0766389816999, 0.0292868055403, 0.00729284249246, 0.00047835559235, 2.15588916035e-05, 1.20335917018e-05, 1.83919783012e-05],
        "min": [3.25605289601e-21, 3.21928011336e-21, 3.08021219041e-21, 1.79524413903e-20, 8.9016802513e-20, 1.67765825007e-19, 3.28298420846e-19, 3.297851746e-19, 3.05192914043e-19, 5.57632953207e-19, 1.9514263917e-18, 2.54864769203e-18, 1.23116962666e-18, 1.814516213e-18, 1.57730904085e-18, 2.05364461551e-18, 3.85898656833e-18, 3.32229669086e-18, 3.12560782365e-18, 6.67470192883e-18, 7.11414700593e-18, 5.72559902989e-18, 1.52488032772e-17, 2.05798201977e-17, 1.09137333209e-17, 1.42094839247e-17, 1.59225236881e-17, 1.70444535683e-17, 2.02911126572e-17, 1.95512144885e-17, 1.65128229343e-17, 1.6145558051e-17, 1.10586181411e-17, 1.21978427135e-17, 1.13264559147e-17, 7.20849357223e-18, 3.28643965208e-18, 1.48735087449e-18, 3.8863920443e-19, 3.64065419728e-20],
        "var": [0.00134346843697, 0.682108819485, 2.63648366928, 13.3682775497, 19.2040519714, 30.8563098907, 57.1886749268, 91.7686386108, 89.8012542725, 586.741760254, 3911.70874023, 8940.33496094, 3848.19506836, 2198.53955078, 8584.31445312, 9766.48535156, 8987.57714844, 7888.90429688, 7190.46875, 7746.22705078, 15006.9414062, 13595.2412109, 3192.20703125, 1343.72741699, 875.891540527, 255.564285278, 225.621688843, 223.519989014, 291.364715576, 203.709884644, 89.9385147095, 22.539264679, 4.35619449615, 0.330005675554, 0.201417639852, 0.0192837696522, 0.000120152559248, 8.84737190177e-08, 3.69137831413e-10, 3.13291281806e-10]
    },
    "gfcc": {
        "mean": [-39.3427200317, 99.3662948608, -169.641067505, 39.7982597351, -59.2380485535, 18.7460823059, -36.1848754883, 8.40753555298, -16.1268138885, -4.68203735352, -10.780960083, -6.68215513229, -2.02653837204],
        "cov": [[7929.05175781, -867.811218262, -943.803588867, -82.6186599731, -343.806304932, 23.4333820343, -127.674926758, 35.5019226074, -114.479827881, 49.6668891907, -213.825881958, 20.3284664154, -119.003807068], [-867.811218262, 1252.93762207, 231.240890503, 295.056610107, 270.944488525, -167.586486816, 219.681655884, -117.168289185, 148.869796753, -204.736373901, 122.458686829, -146.283706665, 100.228637695], [-943.803588867, 231.240890503, 933.424926758, 613.951416016, 48.4603767395, 82.8967437744, 22.9830570221, 72.3442764282, -46.6743087769, -23.2269954681, -44.5704917908, -28.6626434326, -46.8222846985], [-82.6186599731, 295.056610107, 613.951416016, 866.481445312, 132.115570068, -12.9659347534, 36.8044013977, -5.35016393661, 23.9842224121, -128.262527466, -14.6679754257, -60.1576805115, 14.4189739227], [-343.806304932, 270.944488525, 48.4603767395, 132.115570068, 255.593276978, -15.3950433731, 46.2318077087, -1.21361851692, 47.2774505615, -24.02775383, 38.8326339722, -0.93176317215, 38.5325927734], [23.4333820343, -167.586486816, 82.8967437744, -12.9659347534, -15.3950433731, 186.742401123, 46.7661552429, 35.7545280457, -32.8746681213, 50.0550956726, -4.33013725281, 18.8703727722, -23.8639373779], [-127.674926758, 219.681655884, 22.9830570221, 36.8044013977, 46.2318077087, 46.7661552429, 204.56362915, 20.0605754852, 22.5336742401, -35.1158447266, 37.3514900208, -36.6812553406, 9.10014438629], [35.5019226074, -117.168289185, 72.3442764282, -5.35016393661, -1.21361851692, 35.7545280457, 20.0605754852, 134.416900635, -1.84588694572, 48.3782997131, -15.4610681534, 20.832359314, -25.7684001923], [-114.479827881, 148.869796753, -46.6743087769, 23.9842224121, 47.2774505615, -32.8746681213, 22.5336742401, -1.84588694572, 136.280410767, -0.842920005322, 33.3249168396, -19.3395042419, 31.7430686951], [49.6668891907, -204.736373901, -23.2269954681, -128.262527466, -24.02775383, 50.0550956726, -35.1158447266, 48.3782997131, -0.842920005322, 143.393981934, 3.42075014114, 39.3805198669, -27.4949169159], [-213.825881958, 122.458686829, -44.5704917908, -14.6679754257, 38.8326339722, -4.33013725281, 37.3514900208, -15.4610681534, 33.3249168396, 3.42075014114, 97.0231704712, 6.58202505112, 31.5159645081], [20.3284664154, -146.283706665, -28.6626434326, -60.1576805115, -0.93176317215, 18.8703727722, -36.6812553406, 20.832359314, -19.3395042419, 39.3805198669, 6.58202505112, 92.9761352539, 8.4498758316], [-119.003807068, 100.228637695, -46.8222846985, 14.4189739227, 38.5325927734, -23.8639373779, 9.10014438629, -25.7684001923, 31.7430686951, -27.4949169159, 31.5159645081, 8.4498758316, 85.3113098145]],
        "icov": [[0.000238170396187, -0.000270788965281, 0.000779177353252, -0.000604445056524, 0.000477267807582, -0.000364843290299, 0.000202328126761, -0.000364259787602, 0.000329665403115, -0.000405046972446, 0.000617720012087, -0.000216963060666, 0.000271027471172], [-0.000270788965281, 0.00416657561436, -0.00319247343577, 0.00218097190373, -0.00315420329571, 0.0036159013398, -0.00317171378992, 0.00286597129889, -0.00228177080862, 0.0029737285804, -0.00305191543885, 0.00296567194164, -0.00111239950638], [0.000779177353252, -0.00319247343577, 0.00649486621842, -0.00484559172764, 0.00326467887498, -0.00382831366733, 0.00250202114694, -0.00359407044016, 0.00307532167062, -0.00354988174513, 0.00356685370207, -0.00200748816133, 0.00191609107424], [-0.000604445056524, 0.00218097190373, -0.00484559172764, 0.00514502823353, -0.00309687992558, 0.00229351059534, -0.00133110000752, 0.00213132682256, -0.00240522390231, 0.00404478376731, -0.0023923474364, 0.00196634302847, -0.00122089043725], [0.000477267807582, -0.00315420329571, 0.00326467887498, -0.00309687992558, 0.00771486572921, -0.00255326833576, 0.0015083507169, -0.00257711391896, 0.00105426670052, -0.00270430394448, 0.0018420642009, -0.00305349892005, -9.3310016382e-05], [-0.000364843290299, 0.0036159013398, -0.00382831366733, 0.00229351059534, -0.00255326833576, 0.0108327111229, -0.00556387472898, 0.00280018919148, -0.000604458036833, -0.000221858834266, -0.00231489166617, 0.00122491398361, -0.000735874113161], [0.000202328126761, -0.00317171378992, 0.00250202114694, -0.00133110000752, 0.0015083507169, -0.00556387472898, 0.0100243752822, -0.00453630741686, 0.00127097859513, 0.000750980630983, -0.000862929446157, 0.000914380187169, 0.000926929700654], [-0.000364259787602, 0.00286597129889, -0.00359407044016, 0.00213132682256, -0.00257711391896, 0.00280018919148, -0.00453630741686, 0.0124857407063, -0.00282331765629, -0.000872114324011, -9.35642674449e-05, -0.000610874674749, 0.000859004911035], [0.000329665403115, -0.00228177080862, 0.00307532167062, -0.00240522390231, 0.00105426670052, -0.000604458036833, 0.00127097859513, -0.00282331765629, 0.0114595564082, -0.0040727565065, 8.00610287115e-05, 0.00129385862965, -0.00213289353997], [-0.000405046972446, 0.0029737285804, -0.00354988174513, 0.00404478376731, -0.00270430394448, -0.000221858834266, 0.000750980630983, -0.000872114324011, -0.0040727565065, 0.0151419080794, -0.00490139331669, -0.000328852824168, 0.00236393650994], [0.000617720012087, -0.00305191543885, 0.00356685370207, -0.0023923474364, 0.0018420642009, -0.00231489166617, -0.000862929446157, -9.35642674449e-05, 8.00610287115e-05, -0.00490139331669, 0.0174296088517, -0.00415362045169, -0.00224348320626], [-0.000216963060666, 0.00296567194164, -0.00200748816133, 0.00196634302847, -0.00305349892005, 0.00122491398361, 0.000914380187169, -0.000610874674749, 0.00129385862965, -0.000328852824168, -0.00415362045169, 0.0174579191953, -0.00456339260563], [0.000271027471172, -0.00111239950638, 0.00191609107424, -0.00122089043725, -9.3310016382e-05, -0.000735874113161, 0.000926929700654, 0.000859004911035, -0.00213289353997, 0.00236393650994, -0.00224348320626, -0.00456339260563, 0.0174978952855]]
    },
    "melbands": {
        "dmean": [0.00023922843684, 0.000396886462113, 0.000202972412808, 9.71484187176e-05, 6.47568231216e-05, 5.5272688769e-05, 5.18451415701e-05, 6.37525808997e-05, 9.82247147476e-05, 0.000113078211143, 8.01793503342e-05, 5.8632936998e-05, 7.49317769078e-05, 7.78374887886e-05, 6.48653585813e-05, 6.38974015601e-05, 5.36934785487e-05, 5.02546390635e-05, 3.94733870053e-05, 4.14738024119e-05, 3.52565439243e-05, 3.17135672958e-05, 1.72001073224e-05, 1.17172576211e-05, 1.05175868157e-05, 8.17182353785e-06, 5.61137858313e-06, 3.29031831825e-06, 2.73905061476e-06, 2.24249038183e-06, 2.1327828108e-06, 1.7312493128e-06, 1.56341127422e-06, 1.11375663892e-06, 8.1851288769e-07, 5.3767234931e-07, 3.84749483828e-07, 3.55653583028e-07, 1.65022342458e-07, 7.74367165945e-08],
        "dmean2": [0.00038661074359, 0.000626937311608, 0.000333802396199, 0.000154171764734, 0.000101042554888, 8.54621175677e-05, 8.23838709039e-05, 9.65405779425e-05, 0.000150183201185, 0.00017517717788, 0.000125431150082, 9.20346428757e-05, 0.000116743707622, 0.000124746671645, 0.000104315709905, 0.000102908226836, 8.81378291524e-05, 8.17043546704e-05, 6.38595447526e-05, 6.63950268063e-05, 5.65076734347e-05, 4.94748455822e-05, 2.70993368758e-05, 1.85809985851e-05, 1.69237919181e-05, 1.29472691697e-05, 8.82774293132e-06, 5.15823012393e-06, 4.21929507866e-06, 3.45375633515e-06, 3.29913768837e-06, 2.59127500613e-06, 2.30278146773e-06, 1.68438214132e-06, 1.25626263525e-06, 8.08729680557e-07, 5.96542463427e-07, 5.54193150037e-07, 2.50055734341e-07, 1.17751234541e-07],
        "dvar": [3.03542236679e-07, 6.71711177347e-07, 3.33371616534e-07, 3.9401591323e-08, 2.1702508235e-08, 1.56794790485e-08, 1.24089076792e-08, 3.013838068e-08, 9.36695414566e-08, 9.87739383618e-08, 3.6932284786e-08, 1.42526142e-08, 2.37043433771e-08, 2.70677738001e-08, 2.74943499079e-08, 2.61977017857e-08, 1.32222215399e-08, 1.04760822239e-08, 7.71074937234e-09, 9.59169810244e-09, 6.35815977645e-09, 5.84867532183e-09, 1.64150137927e-09, 5.47582756916e-10, 6.79074518839e-10, 3.04294117681e-10, 1.34314392941e-10, 4.16943389536e-11, 3.4611903621e-11, 3.31925910368e-11, 3.08122000137e-11, 3.75774827921e-11, 3.75811083642e-11, 2.15631332234e-11, 1.77248268146e-11, 7.870007597e-12, 3.88665358578e-12, 2.39888599436e-12, 3.67678299916e-13, 6.42187447967e-14],
        "dvar2": [7.20323839687e-07, 1.59024318691e-06, 8.28216286664e-07, 9.85772103945e-08, 4.9489905507e-08, 3.73495723238e-08, 2.77306000385e-08, 5.47729790412e-08, 1.98276424612e-07, 2.27032316502e-07, 8.21842078835e-08, 3.00520781593e-08, 5.36225428505e-08, 6.61333103835e-08, 6.61965700033e-08, 6.61138344071e-08, 3.4280912331e-08, 2.61011301461e-08, 1.87877517988e-08, 2.21213785068e-08, 1.46305687565e-08, 1.32513706674e-08, 3.61209684385e-09, 1.23423493648e-09, 1.73472747278e-09, 6.81526446389e-10, 3.14239495536e-10, 9.66183452689e-11, 7.3590696037e-11, 7.06615807533e-11, 6.46435960316e-11, 7.18387432874e-11, 5.96401331099e-11, 4.04517391805e-11, 3.65424149273e-11, 1.48168369934e-11, 8.62991622608e-12, 5.66765731569e-12, 7.96272986783e-13, 1.29996030216e-13],
        "max": [0.00801806896925, 0.0130071202293, 0.00747034000233, 0.00499970000237, 0.00413356907666, 0.00355524057522, 0.0047447825782, 0.00834332313389, 0.0114505197853, 0.00889880675822, 0.0054945605807, 0.00331297516823, 0.00354917976074, 0.00438437378034, 0.0055237156339, 0.00399136636406, 0.00209533283487, 0.00210032891482, 0.00194067705888, 0.00233287457377, 0.00269268988632, 0.00207597785629, 0.00140090542845, 0.000706613238435, 0.000703420431819, 0.000467054138426, 0.000241733170697, 0.000150258463691, 0.000274703081232, 0.000290579831926, 0.000178325979505, 0.000317953439662, 0.000351994240191, 0.000216854750761, 0.000175516135641, 9.36161886784e-05, 6.62552702124e-05, 7.12075852789e-05, 1.98041816475e-05, 8.74374654813e-06],
        "mean": [0.000317534373607, 0.000614441931248, 0.000267396855634, 0.000193933956325, 0.000125562364701, 0.000104690421722, 9.57727024797e-05, 0.000110915781988, 0.000185757686268, 0.000213131017517, 0.000149824249092, 0.000102986567072, 0.000139805997605, 0.000146334394231, 0.000115922557598, 0.000116549388622, 9.48953311308e-05, 8.80986190168e-05, 6.8938054028e-05, 7.96661042841e-05, 6.89197840984e-05, 6.12745570834e-05, 3.32851086569e-05, 2.17395063373e-05, 1.83088541235e-05, 1.43353872772e-05, 1.03486490843e-05, 6.41434735371e-06, 5.3249245866e-06, 4.23612300438e-06, 3.86181955037e-06, 2.96796019938e-06, 2.60614615399e-06, 1.92189781956e-06, 1.3835124264e-06, 9.33389344482e-07, 6.22669176664e-07, 5.1961905001e-07, 2.83480829921e-07, 1.42177427165e-07],
        "median": [9.53065900831e-05, 0.000267951458227, 0.000104862490844, 7.97077809693e-05, 4.84196025354e-05, 4.67517675133e-05, 5.07756049046e-05, 3.62847786164e-05, 4.53868597106e-05, 5.34336722922e-05, 4.93323314004e-05, 3.27742418449e-05, 3.96870455006e-05, 3.34085270879e-05, 2.36883806792e-05, 1.99429250642e-05, 2.88276678475e-05, 2.93055927614e-05, 2.2377964342e-05, 2.66178467427e-05, 2.75611982943e-05, 2.15135332837e-05, 1.59476658155e-05, 1.01441282823e-05, 7.91042566561e-06, 5.54809457753e-06, 3.98298652726e-06, 2.80090466731e-06, 2.13876273847e-06, 1.62898777489e-06, 1.40323766118e-06, 9.30272278765e-07, 6.86491773649e-07, 5.06110950482e-07, 3.53994039415e-07, 2.69608449344e-07, 1.9352621905e-07, 1.54953113451e-07, 8.95468375006e-08, 4.85363642611e-08],
        "min": [2.36783937109e-23, 2.05373980774e-24, 4.3750943667e-24, 9.62034096604e-24, 1.07972883045e-23, 7.56130198516e-24, 5.23879411157e-24, 7.56090518813e-24, 1.86652615443e-23, 1.42986466434e-23, 6.16066248743e-24, 7.6422541024e-24, 4.50272890572e-24, 7.29127884161e-24, 2.87579755758e-24, 1.37462183956e-23, 4.84546806422e-24, 4.19091506685e-24, 6.85252781676e-24, 1.07235558422e-23, 7.79339906298e-24, 4.87309357869e-24, 1.0312908776e-23, 1.4396111986e-23, 1.78353041413e-23, 8.51928362441e-24, 7.30576548327e-24, 9.55469985012e-24, 9.66875572638e-24, 9.17539974967e-24, 1.06638445937e-23, 1.14351162674e-23, 1.14705463772e-23, 1.08847359024e-23, 9.11703114243e-24, 1.17329262474e-23, 8.41660075582e-24, 7.66893101163e-24, 7.545213167e-24, 1.1462068489e-23],
        "var": [3.67331779216e-07, 9.40165307384e-07, 3.58054222716e-07, 1.19810508181e-07, 6.12620851825e-08, 4.15013410304e-08, 2.61948933655e-08, 9.5092502761e-08, 4.08518673112e-07, 3.53873161885e-07, 1.0409885931e-07, 3.8448781936e-08, 7.74765709366e-08, 8.46818295486e-08, 7.83750735422e-08, 6.3218408286e-08, 2.92299233706e-08, 2.19519993294e-08, 1.4933947412e-08, 2.90914616841e-08, 1.93753830757e-08, 2.02604422128e-08, 4.54884707679e-09, 1.42096712175e-09, 1.13326181772e-09, 6.19334583618e-10, 3.01462493857e-10, 1.10293996158e-10, 9.74611641391e-11, 8.54377540938e-11, 7.63756557998e-11, 9.27455959254e-11, 1.10383403806e-10, 4.98268371008e-11, 3.66324921786e-11, 1.77020672426e-11, 6.04774303553e-12, 3.11116497148e-12, 7.00918273075e-13, 1.44434933306e-13]
    },
    "mfcc": {
        "mean": [-658.571289062, 113.460739136, -39.0676689148, 17.9016723633, -0.3141951859, 7.44105005264, -4.31788682938, 7.99422264099, 1.60248076916, 2.52336239815, -2.57998514175, 0.695891439915, -1.67309987545],
        "cov": [[7539.32910156, -846.194396973, -861.648986816, -226.839813232, -366.458770752, -60.4104957581, -174.26008606, -46.3429107666, -0.249724760652, 1.09502375126, -53.9654579163, -30.3260345459, -83.2719573975], [-846.194396973, 955.031921387, -89.0624771118, 150.888290405, 47.4214096069, 11.0290021896, 57.5590400696, 41.1920471191, 25.5199832916, 22.2620582581, 6.04964923859, 15.3992424011, 20.0138378143], [-861.648986816, -89.0624771118, 958.485534668, 492.764251709, 180.185211182, 114.36869812, 112.487434387, 96.1877288818, 35.4148101807, 30.690908432, 20.2599258423, -42.9324226379, -26.2812919617], [-226.839813232, 150.888290405, 492.764251709, 745.83782959, 250.777160645, 84.3642807007, 59.3577346802, 112.730331421, 44.3649940491, 18.5342578888, -21.2054004669, -59.2022514343, -4.7918806076], [-366.458770752, 47.4214096069, 180.185211182, 250.777160645, 253.02494812, 50.0954627991, 9.09240436554, 26.1238574982, 21.9532356262, 0.917319059372, -6.23154449463, -22.0126056671, 20.2095088959], [-60.4104957581, 11.0290021896, 114.36869812, 84.3642807007, 50.0954627991, 145.906219482, 56.0320358276, 26.5957794189, 15.6976518631, 5.65434074402, 9.8909406662, -1.84643995762, 0.75580483675], [-174.26008606, 57.5590400696, 112.487434387, 59.3577346802, 9.09240436554, 56.0320358276, 177.083892822, 57.2536659241, 17.1852207184, 14.2268037796, 9.2588186264, 13.27003479, -2.07655477524], [-46.3429107666, 41.1920471191, 96.1877288818, 112.730331421, 26.1238574982, 26.5957794189, 57.2536659241, 117.427619934, 32.4895401001, 7.91721630096, 3.60203289986, -3.08119153976, 0.627661526203], [-0.249724760652, 25.5199832916, 35.4148101807, 44.3649940491, 21.9532356262, 15.6976518631, 17.1852207184, 32.4895401001, 82.9088058472, 28.4834136963, 8.11926651001, 1.53596842289, 5.51116943359], [1.09502375126, 22.2620582581, 30.690908432, 18.5342578888, 0.917319059372, 5.65434074402, 14.2268037796, 7.91721630096, 28.4834136963, 90.7453460693, 36.2811279297, 10.8752527237, -3.74610948563], [-53.9654579163, 6.04964923859, 20.2599258423, -21.2054004669, -6.23154449463, 9.8909406662, 9.2588186264, 3.60203289986, 8.11926651001, 36.2811279297, 79.5735321045, 19.9596405029, -5.96504926682], [-30.3260345459, 15.3992424011, -42.9324226379, -59.2022514343, -22.0126056671, -1.84643995762, 13.27003479, -3.08119153976, 1.53596842289, 10.8752527237, 19.9596405029, 89.3047637939, 26.2784385681], [-83.2719573975, 20.0138378143, -26.2812919617, -4.7918806076, 20.2095088959, 0.75580483675, -2.07655477524, 0.627661526203, 5.51116943359, -3.74610948563, -5.96504926682, 26.2784385681, 82.56615448]],
