{
"lowlevel": {
    "average_loudness": 0.931423008442,
    "barkbands_crest": {
        "dmean": 2.03702235222,
        "dmean2": 3.25465726852,
        "dvar": 4.13494873047,
        "dvar2": 9.80481338501,
        "max": 26.2850589752,
        "mean": 8.9949836731,
        "median": 7.6117181778,
        "min": 2.11985445023,
        "var": 20.1597080231
    },
    "barkbands_flatness_db": {
        "dmean": 0.0145731931552,
        "dmean2": 0.0228239763528,
        "dvar": 0.000198389359866,
        "dvar2": 0.000442158343503,
        "max": 0.356032669544,
        "mean": 0.147564649582,
        "median": 0.145151183009,
        "min": 0.0467175580561,
        "var": 0.00184440007433
    },
    "barkbands_kurtosis": {
        "dmean": 1.24402439594,
        "dmean2": 1.94741261005,
        "dvar": 4.44718313217,
        "dvar2": 9.88462638855,
        "max": 75.53099823,
        "mean": 1.7327606678,
        "median": 0.67093706131,
        "min": -1.88412368298,
        "var": 13.8417205811
    },
    "barkbands_skewness": {
        "dmean": 0.337555795908,
        "dmean2": 0.516147077084,
        "dvar": 0.134605646133,
        "dvar2": 0.285700857639,
        "max": 5.77241754532,
        "mean": 0.498823076487,
        "median": 0.611055254936,
        "min": -4.773229599,
        "var": 1.23111593723
    },
    "barkbands_spread": {
        "dmean": 3.98104834557,
        "dmean2": 6.10291004181,
        "dvar": 18.67162323,
        "dvar2": 41.9382591248,
        "max": 82.8302764893,
        "mean": 20.3570480347,
        "median": 19.3326072693,
        "min": 0.650724887848,
        "var": 86.2923965454
    },
    "dissonance": {
        "dmean": 0.0177077855915,
        "dmean2": 0.0299265589565,
        "dvar": 0.00036915243254,
        "dvar2": 0.00101124972571,
        "max": 0.5,
        "mean": 0.468458354473,
        "median": 0.474965840578,
        "min": 0.270034015179,
        "var": 0.000730307365302
    },
    "dynamic_complexity": 2.34851145744,
    "erbbands_crest": {
        "dmean": 2.38524270058,
        "dmean2": 3.87693619728,
        "dvar": 5.83709573746,
        "dvar2": 14.401930809,
        "max": 34.2021827698,
        "mean": 9.53974914551,
        "median": 7.93169593811,
        "min": 2.38242578506,
        "var": 32.5473480225
    },
    "erbbands_flatness_db": {
        "dmean": 0.013970144093,
        "dmean2": 0.0205734372139,
        "dvar": 0.000195655709831,
        "dvar2": 0.000391239416786,
        "max": 0.428958564997,
        "mean": 0.202411428094,
        "median": 0.204442635179,
        "min": 0.0817463621497,
        "var": 0.00288462545723
    },
    "erbbands_kurtosis": {
        "dmean": 1.12611150742,
        "dmean2": 1.79851484299,
        "dvar": 7.96823501587,
        "dvar2": 20.4771137238,
        "max": 70.9692687988,
        "mean": 1.14306616783,
        "median": 0.0269221067429,
        "min": -1.78329718113,
        "var": 22.2376728058
    },
    "erbbands_skewness": {
        "dmean": 0.313239306211,
        "dmean2": 0.482246130705,
        "dvar": 0.105135776103,
        "dvar2": 0.227752014995,
        "max": 5.16590118408,
        "mean": 0.314199179411,
        "median": 0.304409325123,
        "min": -5.14090538025,
        "var": 0.625349342823
    },
    "erbbands_spread": {
        "dmean": 5.44026088715,
        "dmean2": 8.34360218048,
        "dvar": 34.255859375,
        "dvar2": 71.779876709,
        "max": 111.67162323,
        "mean": 30.2089309692,
        "median": 29.4322624207,
        "min": 0.893425762653,
        "var": 194.975280762
    },
    "hfc": {
        "dmean": 5.93571996689,
        "dmean2": 8.51395702362,
        "dvar": 131.702590942,
        "dvar2": 286.50692749,
        "max": 553.97479248,
        "mean": 24.7788238525,
        "median": 22.7915382385,
        "min": 1.04088649575e-16,
        "var": 408.996582031
    },
    "melbands_crest": {
        "dmean": 2.4414229393,
        "dmean2": 3.90289640427,
        "dvar": 5.78654384613,
        "dvar2": 13.9260339737,
        "max": 32.8445777893,
        "mean": 10.4225587845,
        "median": 9.81374931335,
        "min": 1.05117988586,
        "var": 29.1289672852
    },
    "melbands_flatness_db": {
        "dmean": 0.0154974712059,
        "dmean2": 0.0229715239257,
        "dvar": 0.00028686929727,
        "dvar2": 0.000569166149944,
        "max": 0.344322890043,
        "mean": 0.139228135347,
        "median": 0.145262539387,
        "min": 1.15331176858e-05,
        "var": 0.0039249015972
    },
    "melbands_kurtosis": {
        "dmean": 2.04068160057,
        "dmean2": 3.14722633362,
        "dvar": 12.3796768188,
        "dvar2": 26.8175392151,
        "max": 113.780334473,
        "mean": 3.83513903618,
        "median": 2.08187150955,
        "min": -1.81901729107,
        "var": 38.4835395813
    },
    "melbands_skewness": {
        "dmean": 0.401122540236,
        "dmean2": 0.612021923065,
        "dvar": 0.201696231961,
        "dvar2": 0.424412667751,
        "max": 8.28133869171,
        "mean": 1.17779219151,
        "median": 1.06802392006,
        "min": -4.48981666565,
        "var": 1.25652432442
    },
    "melbands_spread": {
        "dmean": 7.21425533295,
        "dmean2": 11.2194986343,
        "dvar": 80.3171691895,
        "dvar2": 175.247756958,
        "max": 180.770462036,
        "mean": 39.1708030701,
        "median": 28.6903381348,
        "min": 2.31239891052,
        "var": 1154.49621582
    },
    "pitch_salience": {
        "dmean": 0.0514410249889,
        "dmean2": 0.0832958742976,
        "dvar": 0.00245893420652,
        "dvar2": 0.00618307013065,
        "max": 0.992111384869,
        "mean": 0.599713206291,
        "median": 0.596015155315,
        "min": 0.0910869538784,
        "var": 0.0192415136844
    },
    "silence_rate_20dB": {
        "dmean": 0,
        "dmean2": 0,
        "dvar": 0,
        "dvar2": 0,
        "max": 1,
        "mean": 1,
        "median": 1,
        "min": 1,
        "var": 0
    },
    "silence_rate_30dB": {
        "dmean": 0.000205655524042,
        "dmean2": 0.000411353365052,
        "dvar": 0.000205575823202,
        "dvar2": 0.000411245360738,
        "max": 1,
        "mean": 0.999794363976,
        "median": 1,
        "min": 0,
        "var": 0.000205554693821
    },
    "silence_rate_60dB": {
        "dmean": 0.00616966560483,
        "dmean2": 0.0123406006023,
        "dvar": 0.00613167602569,
        "dvar2": 0.0136283235624,
        "max": 1,
        "mean": 0.123791895807,
        "median": 0,
        "min": 0,
        "var": 0.10846414417
    },
    "spectral_centroid": {
        "dmean": 237.866317749,
        "dmean2": 365.79888916,
        "dvar": 75016.7109375,
        "dvar2": 153772.328125,
        "max": 12108.3076172,
        "mean": 2551.69677734,
        "median": 1694.48034668,
        "min": 295.212280273,
        "var": 7935352
    },
    "spectral_complexity": {
        "dmean": 2.88000011444,
        "dmean2": 4.5841217041,
        "dvar": 9.11664295197,
        "dvar2": 20.3970375061,
        "max": 55,
        "mean": 20.7176647186,
        "median": 21,
        "min": 0,
        "var": 121.219024658
    },
    "spectral_decrease": {
        "dmean": 1.21361831695e-09,
        "dmean2": 1.78865811051e-09,
        "dvar": 2.81271310847e-18,
        "dvar2": 6.02020560891e-18,
        "max": 2.90801964167e-28,
        "mean": -5.16748555057e-09,
        "median": -5.01911934236e-09,
        "min": -4.36570921636e-08,
        "var": 1.22968115651e-17
    },
    "spectral_energy": {
        "dmean": 0.00502444989979,
        "dmean2": 0.00737397791818,
        "dvar": 4.75721717521e-05,
        "dvar2": 0.000102188212622,
        "max": 0.187709316611,
        "mean": 0.0217508394271,
        "median": 0.0214228332043,
        "min": 9.78498361439e-21,
        "var": 0.000212713028304
    },
    "spectral_energyband_high": {
        "dmean": 0.000383240199881,
        "dmean2": 0.000576394319069,
        "dvar": 1.77183994765e-06,
        "dvar2": 3.85686553273e-06,
        "max": 0.0650722458959,
        "mean": 0.000949447508901,
        "median": 0.00056990631856,
        "min": 6.83301753846e-21,
        "var": 3.02070657199e-06
    },
    "spectral_energyband_low": {
        "dmean": 0.00058962329058,
        "dmean2": 0.000959178665653,
        "dvar": 3.14856401928e-06,
        "dvar2": 7.66167067923e-06,
        "max": 0.0464016273618,
        "mean": 0.00131968106143,
        "median": 0.000515852239914,
        "min": 8.08453212435e-24,
        "var": 5.60806392969e-06
    },
    "spectral_energyband_middle_high": {
        "dmean": 0.00288000376895,
        "dmean2": 0.00423036701977,
        "dvar": 1.88369485841e-05,
        "dvar2": 3.85284583899e-05,
        "max": 0.160122081637,
        "mean": 0.00971804372966,
        "median": 0.0070714391768,
        "min": 9.74360196554e-22,
        "var": 8.82345048012e-05
    },
    "spectral_energyband_middle_low": {
        "dmean": 0.00330025120638,
        "dmean2": 0.0050222594291,
        "dvar": 2.99853873003e-05,
        "dvar2": 6.62836464471e-05,
        "max": 0.0967043787241,
        "mean": 0.0104121649638,
        "median": 0.00805013906211,
        "min": 1.33834076968e-22,
        "var": 9.89513209788e-05
    },
    "spectral_entropy": {
        "dmean": 0.102819129825,
        "dmean2": 0.151117354631,
        "dvar": 0.0120658287778,
        "dvar2": 0.0235349107534,
        "max": 9.83693122864,
        "mean": 7.80002117157,
        "median": 7.61950397491,
        "min": 6.19389152527,
        "var": 0.519057750702
    },
    "spectral_flux": {
        "dmean": 0.0189726054668,
        "dmean2": 0.0301669556648,
        "dvar": 0.000500909984112,
        "dvar2": 0.00120537995826,
        "max": 0.356700450182,
        "mean": 0.0744064003229,
        "median": 0.0718078762293,
        "min": 6.19806567181e-11,
        "var": 0.00193010701332
    },
    "spectral_kurtosis": {
        "dmean": 1.29158747196,
        "dmean2": 2.24605751038,
        "dvar": 1.62808942795,
        "dvar2": 4.90401697159,
        "max": 16.8075122833,
        "mean": 2.47202062607,
        "median": 2.29637527466,
        "min": -1.28601312637,
        "var": 4.41656112671
    },
    "spectral_rms": {
        "dmean": 0.000499932910316,
        "dmean2": 0.00072194414679,
        "dvar": 3.55840853672e-07,
        "dvar2": 7.04418937403e-07,
        "max": 0.0135325919837,
        "mean": 0.00418305303901,
        "median": 0.00457168743014,
        "min": 3.08971273046e-12,
        "var": 3.72231806978e-06
    },
    "spectral_rolloff": {
        "dmean": 429.11151123,
        "dmean2": 703.643554688,
        "dvar": 440916.625,
        "dvar2": 926176.9375,
        "max": 19702.8808594,
        "mean": 3572.23071289,
        "median": 1787.25585938,
        "min": 215.33203125,
        "var": 25621152
    },
    "spectral_skewness": {
        "dmean": 0.182269096375,
        "dmean2": 0.29986962676,
        "dvar": 0.0286984853446,
        "dvar2": 0.0738464295864,
        "max": 2.92541050911,
        "mean": 1.04554986954,
        "median": 1.08231163025,
        "min": -0.157731741667,
        "var": 0.22863304615
    },
    "spectral_spread": {
        "dmean": 365745.9375,
        "dmean2": 571656.875,
        "dvar": 389916950528,
        "dvar2": 877723844608,
        "max": 42978816,
        "mean": 7251963.5,
        "median": 3632827.5,
        "min": 2005832.875,
        "var": 1.17985452753e+14
    },
    "spectral_strongpeak": {
        "dmean": 0.772735655308,
        "dmean2": 1.25355231762,
        "dvar": 1.12416684628,
        "dvar2": 2.64087057114,
        "max": 20.4377880096,
        "mean": 1.84332549572,
        "median": 1.17736136913,
        "min": 0,
        "var": 3.96630573273
    },
    "zerocrossingrate": {
        "dmean": 0.00839246250689,
        "dmean2": 0.010341479443,
        "dvar": 0.00014319967886,
        "dvar2": 0.000165453966474,
        "max": 0.806640625,
        "mean": 0.112994737923,
        "median": 0.0693359375,
        "min": 0.01025390625,
        "var": 0.0168794486672
    },
    "barkbands": {
        "dmean": [2.22633934754e-06, 0.000289105286356, 0.000219504639972, 0.000626244582236, 0.00111429125536, 0.000785469543189, 0.000768176454585, 0.000737693102565, 0.00108021427877, 0.00101528223604, 0.000753809174057, 0.000763857096899, 0.000706722144969, 0.000691836234182, 0.000337435631081, 0.00031633922481, 0.000268309580861, 0.000291300268145, 0.000197897636099, 0.000213777602767, 0.0001553085458, 9.17230936466e-05, 7.16343274689e-05, 4.38200950157e-05, 5.97042526351e-06, 3.25287103919e-08, 9.73526037562e-10],
        "dmean2": [3.95092683902e-06, 0.000491874234285, 0.000365681626135, 0.00102159602102, 0.00178519927431, 0.00123358087149, 0.00119071279187, 0.00108597974759, 0.00164277909789, 0.00152881327085, 0.00114287307952, 0.00118214741815, 0.00110018858686, 0.00108688080218, 0.000544206879567, 0.000509224249981, 0.000427611113992, 0.000463997857878, 0.000318858132232, 0.000333621283062, 0.000244209368248, 0.000142121833051, 0.000109213251562, 6.43208113615e-05, 8.86584166437e-06, 5.58511601412e-08, 1.7861984114e-09],
        "dvar": [1.7293113122e-11, 1.22820779325e-06, 4.91117589263e-07, 2.81351503872e-06, 6.73261956763e-06, 3.99574309995e-06, 3.67240409105e-06, 3.98445990868e-06, 5.7624611145e-06, 5.73269790038e-06, 3.72248587155e-06, 3.30487796418e-06, 5.12948554388e-06, 3.71613054995e-06, 5.22734580954e-07, 5.19836930835e-07, 4.18454334294e-07, 3.75926333618e-07, 3.16568559811e-07, 2.67551257593e-07, 1.51019335703e-07, 2.15426780414e-07, 1.63587557722e-07, 5.25569454624e-08, 5.09114195246e-10, 2.83646719258e-14, 6.33820609642e-18],
        "dvar2": [4.90200068037e-11, 3.32734884978e-06, 1.20391098335e-06, 7.39192319088e-06, 1.65040110005e-05, 9.23721745494e-06, 7.84735766501e-06, 8.38940741232e-06, 1.25584565467e-05, 1.17868939924e-05, 7.66211451264e-06, 6.97530640537e-06, 1.11047957034e-05, 8.7696216724e-06, 1.23123004414e-06, 1.28012925416e-06, 9.76230126071e-07, 9.2444446409e-07, 8.14025554519e-07, 6.00861369549e-07, 3.45600170704e-07, 5.28644306996e-07, 3.82860321224e-07, 8.67511360525e-08, 1.20626275635e-09, 8.21015754297e-14, 1.79707072572e-17],
        "max": [0.000101347308373, 0.0264195483178, 0.0196897741407, 0.0555756315589, 0.0617346614599, 0.0726609155536, 0.068224221468, 0.0644844248891, 0.089188657701, 0.0429127849638, 0.0730383247137, 0.0505565926433, 0.152019649744, 0.048815459013, 0.0127115361392, 0.0145540740341, 0.0198852550238, 0.0142577840015, 0.0307354200631, 0.0133737688884, 0.0128365019336, 0.0310432780534, 0.0202770177275, 0.012470501475, 0.00113619875629, 1.08109388748e-05, 1.04059438399e-07],
        "mean": [2.25846315516e-06, 0.000536593666766, 0.000366216729162, 0.00122085853945, 0.00245370925404, 0.00151864776853, 0.00138882629108, 0.00126871163957, 0.0020429615397, 0.00195198936854, 0.00143379683141, 0.00141713116318, 0.00123985798564, 0.00121261703316, 0.000572719203774, 0.000558571831789, 0.00048412050819, 0.00055164488731, 0.00037819010322, 0.000424365251092, 0.000322363281157, 0.000179014794412, 0.000132648812723, 8.21022622404e-05, 1.08358035504e-05, 5.05484294422e-08, 8.7659091097e-10],
        "median": [1.06175139081e-06, 0.000164763769135, 0.0001058003254, 0.000462202122435, 0.00138842838351, 0.000709887593985, 0.000479025271488, 0.000372154376237, 0.000587827526033, 0.000363175931852, 0.000343117950251, 0.000474239059258, 0.000315557903377, 0.000344500585925, 0.00020643127209, 0.000202214694582, 0.000193242565729, 0.00024587410735, 0.000191408180399, 0.000221451831749, 0.0001635489607, 8.78058490343e-05, 4.30404397775e-05, 2.46956951742e-05, 3.82269445254e-06, 3.51448932179e-08, 3.56711826743e-10],
        "min": [1.41794518314e-25, 2.56081875946e-25, 2.51908086852e-25, 2.61914713479e-25, 3.79477318051e-24, 5.34070271318e-24, 3.08311355613e-24, 2.6946098155e-24, 1.02079074452e-23, 1.08551551962e-23, 1.00119827953e-23, 1.05517521923e-23, 1.39259855964e-23, 2.34679003778e-23, 3.24624371989e-23, 2.55912756987e-23, 1.98645273354e-23, 7.44149909944e-23, 8.9608168039e-23, 1.39197737901e-22, 1.84624955771e-22, 2.34688946581e-22, 3.35525009749e-22, 5.48471889553e-22, 8.13686774427e-22, 1.18390396828e-21, 1.81609926867e-21],
        "var": [1.52949684168e-11, 1.44720684148e-06, 6.82992947532e-07, 5.5616537793e-06, 1.33567518787e-05, 9.24331197893e-06, 8.1786129158e-06, 1.03593838503e-05, 1.48693470692e-05, 2.05674186873e-05, 1.25483384181e-05, 1.0460021258e-05, 1.59745050041e-05, 1.0949010175e-05, 9.94528136289e-07, 1.02574028915e-06, 8.66838888669e-07, 7.70113274484e-07, 4.20767349851e-07, 4.80694666294e-07, 2.7900631494e-07, 2.31635510772e-07, 2.35606151477e-07, 1.24134587054e-07, 1.18680265615e-09, 1.77851457113e-14, 4.49684497741e-18]
    },
    "erbbands": {
        "dmean": [0.00349062890746, 0.0802301168442, 0.250504136086, 1.07500803471, 4.10223388672, 3.0188832283, 4.94255971909, 7.2468547821, 9.63051700592, 12.972026825, 15.1943731308, 20.3852672577, 34.368927002, 32.5814056396, 26.7180080414, 26.3496360779, 31.1382064819, 27.4265975952, 24.2615699768, 17.0770168304, 16.8106708527, 14.9870643616, 14.2409925461, 12.3709506989, 8.14178562164, 9.50384140015, 7.88424634933, 4.89312839508, 3.47106647491, 2.50570631027, 1.95768010616, 1.36436891556, 0.477062433958, 0.118384994566, 0.0157960001379, 0.000744158518501, 4.50088955404e-05, 6.75223645885e-06, 3.72416593564e-06, 6.33617355561e-06],
        "dmean2": [0.00595575710759, 0.136176809669, 0.410990923643, 1.76365196705, 6.60982179642, 4.87378692627, 7.61937189102, 11.4945116043, 14.7353553772, 19.5852832794, 22.3841323853, 29.9606647491, 50.0093841553, 46.7467651367, 39.1522979736, 40.4406089783, 47.809223175, 42.554271698, 38.4212379456, 27.2676200867, 27.1511306763, 23.6310596466, 22.6154403687, 19.769361496, 12.7538642883, 14.7108926773, 12.275680542, 7.68218708038, 5.43371105194, 3.91810894012, 2.93803572655, 1.98770737648, 0.71606451273, 0.172377347946, 0.0233223177493, 0.00111469265539, 6.88724467182e-05, 1.00580336948e-05, 5.34914670425e-06, 9.21856008063e-06],
        "dvar": [0.000121234828839, 0.0964176952839, 0.682412743568, 9.07316875458, 135.146835327, 42.5287475586, 113.015617371, 398.363708496, 713.134765625, 1137.2520752, 1655.35083008, 2140.13085938, 5548.52978516, 5247.87304688, 4463.36230469, 3371.82641602, 11968.6074219, 5382.24707031, 5405.03173828, 1609.33190918, 1585.49487305, 1205.65332031, 966.562255859, 721.130615234, 797.077026367, 594.946289062, 404.389831543, 182.270721436, 207.522613525, 475.623443604, 92.4170913696, 57.431388855, 4.4749007225, 0.190651863813, 0.0021796785295, 4.25886355515e-06, 6.33065866396e-08, 2.27814367371e-09, 6.42748979041e-11, 8.46554354395e-11],
        "dvar2": [0.000331633229507, 0.259891867638, 1.72309827805, 23.4896125793, 334.960083008, 107.856811523, 261.271057129, 918.258544922, 1415.22546387, 2498.33618164, 3493.8190918, 4423.98925781, 11226.2070312, 10826.7802734, 9075.48242188, 7327.04150391, 25527.6777344, 12400.4072266, 12661.7470703, 3992.51293945, 3884.58984375, 2785.89111328, 2322.43237305, 1702.89257812, 2065.4765625, 1296.32287598, 897.533630371, 422.165161133, 504.263793945, 1267.35205078, 190.57623291, 91.4122314453, 8.49446487427, 0.400162905455, 0.00470678834245, 9.66415791481e-06, 1.71171052443e-07, 6.14407769106e-09, 1.38250882964e-10, 1.86281559622e-10],
        "max": [0.314444512129, 7.27877616882, 23.6931171417, 106.447875977, 250.737548828, 220.401519775, 343.21572876, 764.164672852, 1154.60424805, 1339.71899414, 1194.25769043, 1116.67199707, 1806.1036377, 1462.53308105, 2663.74169922, 1380.38256836, 7645.30712891, 2309.91796875, 2361.1652832, 889.331604004, 993.523376465, 1315.09387207, 788.399658203, 817.149841309, 1662.59741211, 575.223632812, 633.725952148, 475.649414062, 881.526550293, 1540.83837891, 399.931610107, 381.977233887, 106.675712585, 21.5804290771, 1.91486334801, 0.0765479058027, 0.0159424208105, 0.003119912697, 0.000369439891074, 0.000294802390272],
        "mean": [0.0066335843876, 0.149753466249, 0.467106074095, 2.17006754875, 7.50827693939, 6.609146595, 10.2184238434, 13.3503732681, 18.0647315979, 24.0049648285, 28.1447143555, 38.330116272, 68.4012451172, 61.8540496826, 54.9780883789, 52.4430732727, 60.3677444458, 52.2924003601, 44.0223731995, 31.8347759247, 31.809337616, 29.3042755127, 29.4560680389, 25.1659545898, 17.9632873535, 19.341463089, 16.5735168457, 10.0896091461, 7.08708190918, 4.58513259888, 3.60972476006, 2.50210833549, 0.907708644867, 0.226592972875, 0.0302290786058, 0.00167184299789, 0.000100181037851, 1.66198224179e-05, 1.56910336955e-05, 2.78533043456e-05],
        "median": [0.00285670533776, 0.0434326268733, 0.149283334613, 0.8898665905, 3.83401632309, 3.42114782333, 4.70892429352, 6.05300998688, 6.62104701996, 8.8384552002, 10.2532682419, 12.9101238251, 19.2258453369, 19.5844192505, 19.8816452026, 20.3596191406, 17.5400238037, 17.6641159058, 15.0499458313, 13.6779022217, 12.3836460114, 12.5290374756, 14.1962432861, 12.6929807663, 10.5215578079, 10.309835434, 7.61500644684, 5.53638076782, 3.65120220184, 1.84373164177, 1.15457344055, 0.696157872677, 0.302687644958, 0.0780319720507, 0.012873833999, 0.000995552982204, 5.98798069404e-05, 1.02770245576e-05, 1.52070515469e-05, 2.75936617982e-05],
        "min": [1.14611534104e-23, 2.57104460757e-22, 1.03665531793e-21, 3.22417695796e-21, 3.14004424822e-21, 1.86696538334e-20, 1.36969897264e-20, 4.23151157064e-20, 7.26771872182e-20, 1.26800933017e-19, 1.80332120228e-19, 2.15809483111e-19, 2.32735407901e-19, 3.99936397797e-19, 6.40081198486e-19, 8.67178827675e-19, 1.24008342834e-18, 1.40219666294e-18, 1.66391164566e-18, 2.26896076293e-18, 2.82786188741e-18, 3.05995863433e-18, 4.12892455353e-18, 4.6850612404e-18, 6.18385584848e-18, 6.04333027011e-18, 7.68423657538e-18, 8.59347102315e-18, 9.35492386423e-18, 9.13597329199e-18, 9.3370228486e-18, 9.48540085252e-18, 8.90667965337e-18, 7.42204100071e-18, 5.40921692125e-18, 3.64737515607e-18, 2.16355437824e-18, 8.90736724726e-19, 2.36489696358e-19, 2.62425763519e-20],
        "var": [0.000151934262249, 0.115598700941, 1.01391804218, 17.2957210541, 168.941802979, 102.674232483, 329.807922363, 809.933166504, 1661.24279785, 2445.06835938, 4039.8503418, 5186.13232422, 16918.296875, 16424.6816406, 13952.0644531, 10215.0390625, 39656.6640625, 14710.8994141, 14294.9335938, 2854.80126953, 3354.55786133, 2757.57226562, 2106.19970703, 1514.63659668, 937.889343262, 1072.34643555, 822.33203125, 292.576202393, 258.286346436, 388.5887146, 172.748596191, 132.226257324, 10.4899101257, 0.507968723774, 0.0054021794349, 8.41854034661e-06, 5.87571911126e-08, 2.02317096409e-09, 1.7555344678e-10, 3.51757512007e-10]
    },
    "gfcc": {
        "mean": [-118.19934845, 97.6592102051, -160.028411865, 38.4107437134, -77.1319198608, 11.1148777008, -32.3933753967, -7.30486011505, -16.4207496643, -16.547334671, -2.05631494522, -16.3028373718, 2.56272339821],
        "cov": [[112771.789062, 10870.1191406, -17424.9335938, 4404.7109375, -8371.24902344, 1056.98376465, -3445.77539062, -744.064086914, -1745.44519043, -1874.66674805, -265.027679443, -1820.65112305, 361.74798584], [10870.1191406, 1724.0748291, -1371.47399902, 429.062042236, -686.49987793, -14.7554397583, -238.058380127, -52.5888442993, -242.831008911, -194.147415161, -41.937210083, -197.500656128, 51.3052406311], [-17424.9335938, -1371.47399902, 3287.77661133, -484.317108154, 1321.97570801, -154.333892822, 502.214233398, 169.105895996, 210.708999634, 278.091247559, -7.20831441879, 297.626556396, -49.1296195984], [4404.7109375, 429.062042236, -484.317108154, 419.694061279, -271.439178467, 25.6119861603, -157.714248657, 10.8805408478, -50.649810791, -76.2533798218, -44.312374115, -50.5447349548, 36.7401504517], [-8371.24902344, -686.49987793, 1321.97570801, -271.439178467, 770.367553711, -81.1954269409, 289.716186523, 57.4477043152, 124.414810181, 144.160415649, 8.91519641876, 126.403022766, -12.4273204803], [1056.98376465, -14.7554397583, -154.333892822, 25.6119861603, -81.1954269409, 204.342971802, -14.3984079361, -3.56438350677, -29.5655651093, -14.0819959641, 1.62368857861, 0.00769223412499, -4.32104444504], [-3445.77539062, -238.058380127, 502.214233398, -157.714248657, 289.716186523, -14.3984079361, 314.243530273, 67.829284668, 3.25237822533, 38.2559013367, 17.0553359985, 60.1614379883, 13.9655218124], [-744.064086914, -52.5888442993, 169.105895996, 10.8805408478, 57.4477043152, -3.56438350677, 67.829284668, 139.392166138, 56.6225967407, -2.97611832619, -25.6457080841, 31.282245636, 27.0982093811], [-1745.44519043, -242.831008911, 210.708999634, -50.649810791, 124.414810181, -29.5655651093, 3.25237822533, 56.6225967407, 170.332733154, 60.1111907959, -15.2816820145, 16.8233642578, 3.21754169464], [-1874.66674805, -194.147415161, 278.091247559, -76.2533798218, 144.160415649, -14.0819959641, 38.2559013367, -2.97611832619, 60.1111907959, 135.015686035, 43.0871391296, 11.0409898758, -21.9294319153], [-265.027679443, -41.937210083, -7.20831441879, -44.312374115, 8.91519641876, 1.62368857861, 17.0553359985, -25.6457080841, -15.2816820145, 43.0871391296, 84.8670349121, 24.8458385468, -14.131321907], [-1820.65112305, -197.500656128, 297.626556396, -50.5447349548, 126.403022766, 0.00769223412499, 60.1614379883, 31.282245636, 16.8233642578, 11.0409898758, 24.8458385468, 110.757995605, 26.0334033966], [361.74798584, 51.3052406311, -49.1296195984, 36.7401504517, -12.4273204803, -4.32104444504, 13.9655218124, 27.0982093811, 3.21754169464, -21.9294319153, -14.131321907, 26.0334033966, 74.6305007935]],
        "icov": [[0.000720104610082, -0.00151449721307, 0.00178091949783, -0.00199015834369, 0.00198296131566, -0.00127669272479, 0.000991361448541, -0.000514603802003, 0.000825354421977, 2.21514001169e-05, -6.72028181725e-05, 0.000755103072152, -0.00034478327143], [-0.00151449721307, 0.00459660636261, -0.00361344241537, 0.00359702273272, -0.00387340504676, 0.00329366000369, -0.00195030379109, 0.000462565163616, -0.000262312882114, 0.000248855067184, -0.000262733985437, 0.000131235690787, -0.000236841180595], [0.00178091949783, -0.00361344241537, 0.0057549146004, -0.00485916109756, 0.00323530449532, -0.00275329803117, 0.00254344637506, -0.00210511451587, 0.00295457127504, -0.00130742311012, 0.00162026786711, -0.000139271374792, 0.000543821020983], [-0.00199015834369, 0.00359702273272, -0.00485916109756, 0.00961641315371, -0.00530245155096, 0.00324188056402, -0.00105808104854, 7.37599693821e-05, -0.00147032050882, -0.000387476437027, 0.00144437898416, -0.00224635470659, -0.00027645152295], [0.00198296131566, -0.00387340504676, 0.00323530449532, -0.00530245155096, 0.0114733511582, -0.00290760933422, -3.95094466512e-05, 0.000727846578229, 0.000388968706829, -0.000989414169453, 0.000762270239647, 0.00149735249579, -0.00140900432598], [-0.00127669272479, 0.00329366000369, -0.00275329803117, 0.00324188056402, -0.00290760933422, 0.00792246963829, -0.0020625651814, 0.00035137636587, 5.68408795516e-05, -0.000930524547584, 0.00123649754096, -0.00245717796497, 0.00156396243256], [0.000991361448541, -0.00195030379109, 0.00254344637506, -0.00105808104854, -3.95094466512e-05, -0.0020625651814, 0.00863058585674, -0.00496563967317, 0.00457278219983, 0.000349624315277, -0.00192746438552, 0.00256565143354, -0.00256168749183], [-0.000514603802003, 0.000462565163616, -0.00210511451587, 7.37599693821e-05, 0.000727846578229, 0.00035137636587, -0.00496563967317, 0.0133556341752, -0.00665105413646, 0.00117535842583, 0.00248823571019, -0.00333648407832, -0.000757250934839], [0.000825354421977, -0.000262312882114, 0.00295457127504, -0.00147032050882, 0.000388968706829, 5.68408795516e-05, 0.00457278219983, -0.00665105413646, 0.0137674659491, -0.00527904368937, 0.00343662663363, 0.00146324583329, -0.00152858020738], [2.21514001169e-05, 0.000248855067184, -0.00130742311012, -0.000387476437027, -0.000989414169453, -0.000930524547584, 0.000349624315277, 0.00117535842583, -0.00527904368937, 0.0166653953493, -0.0112337991595, 0.00664234254509, -0.000978828524239], [-6.72028181725e-05, -0.000262733985437, 0.00162026786711, 0.00144437898416, 0.000762270239647, 0.00123649754096, -0.00192746438552, 0.00248823571019, 0.00343662663363, -0.0112337991595, 0.0241731293499, -0.0119884153828, 0.00582768442109], [0.000755103072152, 0.000131235690787, -0.000139271374792, -0.00224635470659, 0.00149735249579, -0.00245717796497, 0.00256565143354, -0.00333648407832, 0.00146324583329, 0.00664234254509, -0.0119884153828, 0.0230988394469, -0.0103366216645], [-0.00034478327143, -0.000236841180595, 0.000543821020983, -0.00027645152295, -0.00140900432598, 0.00156396243256, -0.00256168749183, -0.000757250934839, -0.00152858020738, -0.000978828524239, 0.00582768442109, -0.0103366216645, 0.0208252277225]]
    },
    "melbands": {
        "dmean": [5.64383371966e-05, 0.00012374187645, 0.000282142020296, 0.000254039594438, 0.000161016374477, 0.000158492082846, 0.000149303377839, 0.000150531093823, 0.000120685195725, 0.000145268146298, 0.000177036898094, 0.000139288371429, 9.65050567174e-05, 8.7919892394e-05, 7.69144680817e-05, 6.58333301544e-05, 5.32805534021e-05, 4.82438335894e-05, 2.70537784672e-05, 2.04504704016e-05, 2.16756052396e-05, 1.6472504285e-05, 1.51547919813e-05, 1.43923798532e-05, 1.08458871182e-05, 7.06391347194e-06, 6.88015188643e-06, 6.91527748131e-06, 6.00425892117e-06, 3.5827206375e-06, 2.89303125101e-06, 2.24214409172e-06, 1.61483103511e-06, 1.458232191e-06, 1.1968875242e-06, 1.08157803425e-06, 8.0437376937e-07, 3.92827018914e-07, 1.76871154167e-07, 7.96011647708e-08],
        "dmean2": [9.58389427979e-05, 0.000203526957193, 0.00045601290185, 0.000413591857068, 0.000250077428063, 0.00025040662149, 0.000229409939493, 0.000223565788474, 0.000178304340807, 0.000216675995034, 0.000257339066593, 0.00019963257364, 0.000141954165883, 0.000134311252623, 0.000118370706332, 0.000103248792584, 8.30770659377e-05, 7.68424579292e-05, 4.35952824773e-05, 3.25810615323e-05, 3.52739116352e-05, 2.63000256382e-05, 2.39117744059e-05, 2.31900685321e-05, 1.75463464984e-05, 1.12917496153e-05, 1.09721886474e-05, 1.07936130007e-05, 9.48553861235e-06, 5.5749301282e-06, 4.60551245851e-06, 3.54374333256e-06, 2.58461045632e-06, 2.30280579672e-06, 1.83148142696e-06, 1.61179548286e-06, 1.21451819268e-06, 6.0166229332e-07, 2.63239542164e-07, 1.19968120771e-07],
        "dvar": [4.26347774862e-08, 1.86421900139e-07, 5.75484591536e-07, 3.9960355025e-07, 1.1979635417e-07, 1.81256027076e-07, 1.54835305466e-07, 1.44524364032e-07, 1.01332226166e-07, 1.05577967702e-07, 1.44199745478e-07, 9.7637908425e-08, 6.36343031601e-08, 5.6019565875e-08, 5.43677884934e-08, 3.68181609645e-08, 2.05379091511e-08, 2.67398778675e-08, 3.22891247073e-09, 2.59676924408e-09, 3.2246396664e-09, 1.52901868944e-09, 1.70121217113e-09, 8.91238305378e-10, 5.87027093601e-10, 6.19826967529e-10, 3.25031168646e-10, 3.3366084895e-10, 2.27790800111e-10, 9.36433083853e-11, 7.35826191645e-11, 6.1077920499e-11, 1.32244312723e-10, 1.40824935047e-10, 3.03789424172e-11, 2.94337644535e-11, 2.25731499465e-11, 3.03575372305e-12, 4.88554780399e-13, 8.61748620054e-14],
        "dvar2": [1.15872360595e-07, 4.79475829707e-07, 1.46152228808e-06, 9.94991182779e-07, 2.81218063947e-07, 4.18507710265e-07, 3.13242480843e-07, 3.12199205155e-07, 2.10196390071e-07, 2.26082860877e-07, 2.93334466051e-07, 1.91228011204e-07, 1.24774004462e-07, 1.16039963416e-07, 1.17393717858e-07, 8.21300716325e-08, 4.69306620232e-08, 6.36367900597e-08, 7.88727483325e-09, 6.35524655124e-09, 7.93173082769e-09, 3.66617647352e-09, 3.79968367881e-09, 2.20640816728e-09, 1.39349409789e-09, 1.64641567046e-09, 7.77408359909e-10, 7.42792272135e-10, 5.15992970573e-10, 2.1329009392e-10, 1.77303866034e-10, 1.45882167457e-10, 3.47509604426e-10, 3.76809999869e-10, 6.45013001344e-11, 4.99202935933e-11, 3.99397390161e-11, 6.13081634071e-12, 1.05626195724e-12, 1.85469952656e-13],
        "max": [0.00527388090268, 0.0115707824007, 0.0211676061153, 0.0130094783381, 0.0144772231579, 0.0165926106274, 0.0162812303752, 0.0162072125822, 0.0078019532375, 0.0105888862163, 0.00923961400986, 0.00632680393755, 0.0117642050609, 0.0074826143682, 0.0138889756054, 0.00983970612288, 0.00395556492731, 0.00529019255191, 0.0012732372852, 0.00146590347867, 0.00137507624459, 0.00125961680897, 0.00158639007714, 0.000830833683722, 0.000640259764623, 0.00148918468039, 0.000607343274169, 0.000482640374685, 0.000501637987327, 0.000386526517104, 0.000302100903355, 0.000402003352065, 0.000826326198876, 0.000811325327959, 0.000223087306949, 0.000260017404798, 0.000265380978817, 8.71489392011e-05, 3.0288587368e-05, 1.49580064317e-05],
        "mean": [0.000106577615952, 0.000231774698477, 0.000556719722226, 0.000529535522219, 0.000344570667949, 0.0002982870501, 0.000280148058664, 0.000278872088529, 0.000217733351747, 0.000272365199635, 0.000350709509803, 0.000255495251622, 0.000191131141037, 0.000164714903804, 0.000144941208418, 0.000115822782391, 9.44246639847e-05, 8.01277274149e-05, 4.59795410279e-05, 3.53409050149e-05, 3.7118596083e-05, 2.86010308628e-05, 2.80285967165e-05, 2.65778653556e-05, 1.99671812879e-05, 1.35272748594e-05, 1.33444646053e-05, 1.2612140381e-05, 1.15611810543e-05, 7.07794879418e-06, 5.33783168066e-06, 4.22281345891e-06, 2.96297707791e-06, 2.43420822699e-06, 2.0905895326e-06, 1.91810386241e-06, 1.37086954055e-06, 7.01915155332e-07, 3.27323363081e-07, 1.39264685117e-07],
        "median": [3.84622326237e-05, 7.18385417713e-05, 0.000269172247499, 0.000289123127004, 0.000164947341545, 0.000137194205308, 0.000105628299934, 9.9522578239e-05, 7.39418101148e-05, 7.83236246207e-05, 8.91169329407e-05, 6.87481078785e-05, 5.75425183342e-05, 4.9210866564e-05, 3.40414953826e-05, 3.39831385645e-05, 2.73650875897e-05, 1.90789451153e-05, 1.61654297699e-05, 1.29355776153e-05, 1.24427378978e-05, 1.07915548142e-05, 1.14731301437e-05, 1.1476164218e-05, 9.1992014859e-06, 7.07571280145e-06, 6.81268784319e-06, 5.63624598726e-06, 4.92297749588e-06, 3.20438380186e-06, 2.75257525573e-06, 2.04254297387e-06, 1.25827000375e-06, 8.35633954921e-07, 6.53907932247e-07, 5.26776148035e-07, 3.57027801101e-07, 2.26429961003e-07, 1.10870502112e-07, 4.58868996134e-08],
        "min": [8.71341613021e-26, 4.49147915757e-25, 5.82464817093e-25, 7.29282037443e-25, 4.36113862842e-25, 1.0811299263e-24, 8.7574200241e-25, 1.13054703302e-24, 1.3626371097e-24, 1.26245118309e-24, 9.01156635586e-25, 8.73955331067e-25, 1.64296750984e-24, 1.14717415015e-24, 1.98193453271e-24, 2.43742183331e-24, 2.12461698793e-24, 1.71584386077e-24, 2.61483467874e-24, 1.69201769763e-24, 2.20129288741e-24, 1.29621886717e-24, 2.82625709273e-24, 2.90362245664e-24, 3.20591316666e-24, 3.47289308206e-24, 3.41529045876e-24, 3.03097537232e-24, 3.55256211703e-24, 3.71053900748e-24, 4.16617007798e-24, 5.03406301299e-24, 2.73376808197e-24, 4.13080268258e-24, 4.49246030332e-24, 4.87390018897e-24, 5.45814635259e-24, 5.24698524878e-24, 5.12022318992e-24, 5.53493998957e-24],
        "var": [4.95762364494e-08, 2.5985349339e-07, 9.07922981241e-07, 6.7413253646e-07, 3.46713221688e-07, 3.80828282687e-07, 3.63013782589e-07, 3.47518607668e-07, 2.33463637755e-07, 2.73668320006e-07, 4.60777698663e-07, 3.10843120133e-07, 1.99068537654e-07, 1.84339839393e-07, 1.83038736168e-07, 1.00893892352e-07, 5.40760822787e-08, 7.25429885051e-08, 6.75256961458e-09, 4.59316140677e-09, 5.99254690314e-09, 3.1604923123e-09, 3.48131790062e-09, 1.75520975532e-09, 1.14018594566e-09, 6.5476740696e-10, 5.19179754743e-10, 5.79150227775e-10, 4.47634290746e-10, 1.69091310398e-10, 1.01473746073e-10, 8.41682071262e-11, 1.14005270502e-10, 1.17497594987e-10, 5.61569540869e-11, 6.51548398567e-11, 4.63421939711e-11, 6.49730616531e-12, 1.07618070271e-12, 2.25268859556e-13]
    },
    "mfcc": {
        "mean": [-670.584106445, 98.0932846069, -22.7837257385, 13.0462255478, -16.532541275, 2.58393454552, -5.57732963562, 1.0291684866, -8.48746395111, -2.09163236618, -7.82620191574, -1.64939880371, -8.11608314514],
        "cov": [[25482.5605469, 4852.67529297, -1315.57775879, 891.102844238, -872.791748047, 46.2696800232, -322.194946289, 91.8459472656, -309.489074707, -55.5978927612, -433.198242188, -101.08908844, -439.721801758], [4852.67529297, 1759.1262207, -113.674331665, 297.768188477, -189.188964844, -10.7715187073, 69.9378890991, -1.46387755871, -69.0980300903, -54.7320251465, -60.8510665894, -45.931476593, -103.541740417], [-1315.57775879, -113.674331665, 550.013977051, 82.2317428589, 136.819015503, 17.100938797, 42.7171516418, 27.0631752014, 32.0567398071, -25.4624900818, 8.35355854034, -15.7700805664, 35.6825942993], [891.102844238, 297.768188477, 82.2317428589, 339.015411377, 32.8900260925, -31.0373744965, 17.7383403778, 10.4874887466, 40.1792945862, -14.3775129318, -25.1280269623, -14.6749324799, -15.2689571381], [-872.791748047, -189.188964844, 136.819015503, 32.8900260925, 210.661697388, 24.2446346283, -53.560218811, -2.04614591599, 32.4244689941, 14.9262952805, 9.66058921814, -1.68264234066, 19.0789146423], [46.2696800232, -10.7715187073, 17.100938797, -31.0373744965, 24.2446346283, 130.114517212, 46.6001815796, -2.80634474754, -18.5466957092, -2.07196640968, 15.4227523804, -5.06798124313, -9.28531169891], [-322.194946289, 69.9378890991, 42.7171516418, 17.7383403778, -53.560218811, 46.6001815796, 216.38961792, 44.1516838074, 6.78210544586, -28.8333129883, 12.4583463669, -9.1758518219, 4.67407512665], [91.8459472656, -1.46387755871, 27.0631752014, 10.4874887466, -2.04614591599, -2.80634474754, 44.1516838074, 138.077774048, 61.6600952148, -15.9558706284, -20.5446853638, -25.1687431335, 19.0913143158], [-309.489074707, -69.0980300903, 32.0567398071, 40.1792945862, 32.4244689941, -18.5466957092, 6.78210544586, 61.6600952148, 136.136367798, 41.7713775635, 5.0493683815, -17.3242168427, -11.4319944382], [-55.5978927612, -54.7320251465, -25.4624900818, -14.3775129318, 14.9262952805, -2.07196640968, -28.8333129883, -15.9558706284, 41.7713775635, 102.360923767, 35.5447807312, 8.79521083832, -14.6236906052], [-433.198242188, -60.8510665894, 8.35355854034, -25.1280269623, 9.66058921814, 15.4227523804, 12.4583463669, -20.5446853638, 5.0493683815, 35.5447807312, 87.404045105, 25.3579063416, -5.63619184494], [-101.08908844, -45.931476593, -15.7700805664, -14.6749324799, -1.68264234066, -5.06798124313, -9.1758518219, -25.1687431335, -17.3242168427, 8.79521083832, 25.3579063416, 82.6385803223, 28.6636562347], [-439.721801758, -103.541740417, 35.6825942993, -15.2689571381, 19.0789146423, -9.28531169891, 4.67407512665, 19.0913143158, -11.4319944382, -14.6236906052, -5.63619184494, 28.6636562347, 102.816490173]],
