{
"lowlevel": {
    "average_loudness": 0.633243203163,
    "barkbands_crest": {
        "dmean": 2.12407279015,
        "dmean2": 3.47107553482,
        "dvar": 3.95965838432,
        "dvar2": 9.62724971771,
        "max": 23.5398578644,
        "mean": 7.18558645248,
        "median": 6.23691272736,
        "min": 2.1058678627,
        "var": 11.3084926605
    },
    "barkbands_flatness_db": {
        "dmean": 0.0167023204267,
        "dmean2": 0.0262489058077,
        "dvar": 0.000230453180848,
        "dvar2": 0.00052236020565,
        "max": 0.30127620697,
        "mean": 0.141165778041,
        "median": 0.138251930475,
        "min": 0.0534152835608,
        "var": 0.000861106789671
    },
    "barkbands_kurtosis": {
        "dmean": 0.903838992119,
        "dmean2": 1.4462416172,
        "dvar": 1.93249058723,
        "dvar2": 4.55176973343,
        "max": 24.1735191345,
        "mean": 0.0948752388358,
        "median": -0.468723297119,
        "min": -1.83963191509,
        "var": 3.65287923813
    },
    "barkbands_skewness": {
        "dmean": 0.400705426931,
        "dmean2": 0.609419465065,
        "dvar": 0.159577652812,
        "dvar2": 0.338265329599,
        "max": 4.32553243637,
        "mean": -0.10387917608,
        "median": -0.147646561265,
        "min": -4.54916238785,
        "var": 0.598615288734
    },
    "barkbands_spread": {
        "dmean": 5.17377376556,
        "dmean2": 7.9709186554,
        "dvar": 29.3828029633,
        "dvar2": 67.2493133545,
        "max": 106.613197327,
        "mean": 24.3872871399,
        "median": 23.405790329,
        "min": 2.01976823807,
        "var": 117.99282074
    },
    "dissonance": {
        "dmean": 0.0107123246416,
        "dmean2": 0.0181195363402,
        "dvar": 0.000159630464623,
        "dvar2": 0.000398933276301,
        "max": 0.5,
        "mean": 0.483047157526,
        "median": 0.487695872784,
        "min": 0.274524122477,
        "var": 0.000300730345771
    },
    "dynamic_complexity": 3.74321675301,
    "erbbands_crest": {
        "dmean": 2.55612468719,
        "dmean2": 4.15160560608,
        "dvar": 5.93089962006,
        "dvar2": 14.2010383606,
        "max": 29.7365512848,
        "mean": 9.06062412262,
        "median": 7.95302772522,
        "min": 2.54149436951,
        "var": 17.7720375061
    },
    "erbbands_flatness_db": {
        "dmean": 0.0172651018947,
        "dmean2": 0.0256502404809,
        "dvar": 0.000256113242358,
        "dvar2": 0.00051068974426,
        "max": 0.378234684467,
        "mean": 0.232178241014,
        "median": 0.23293967545,
        "min": 0.0854222476482,
        "var": 0.00128050066996
    },
    "erbbands_kurtosis": {
        "dmean": 1.10143339634,
        "dmean2": 1.71658754349,
        "dvar": 2.00766444206,
        "dvar2": 4.2891459465,
        "max": 30.6796073914,
        "mean": 1.03785431385,
        "median": 0.481094360352,
        "min": -1.70677793026,
        "var": 4.7762594223
    },
    "erbbands_skewness": {
        "dmean": 0.355055689812,
        "dmean2": 0.545556128025,
        "dvar": 0.107870958745,
        "dvar2": 0.236784636974,
        "max": 2.424305439,
        "mean": -0.389787077904,
        "median": -0.369707375765,
        "min": -4.69361591339,
        "var": 0.492162197828
    },
    "erbbands_spread": {
        "dmean": 5.69037914276,
        "dmean2": 8.82877063751,
        "dvar": 34.7030029297,
        "dvar2": 78.6089782715,
        "max": 107.362579346,
        "mean": 23.9103107452,
        "median": 22.3373947144,
        "min": 3.05269384384,
        "var": 122.587203979
    },
    "hfc": {
        "dmean": 7.49870252609,
        "dmean2": 10.5751008987,
        "dvar": 154.430923462,
        "dvar2": 302.981903076,
        "max": 291.296142578,
        "mean": 21.2604675293,
        "median": 14.811841011,
        "min": 1.0759890631e-16,
        "var": 526.031188965
    },
    "melbands_crest": {
        "dmean": 2.81717038155,
        "dmean2": 4.63302755356,
        "dvar": 6.78384971619,
        "dvar2": 16.8784809113,
        "max": 36.4830131531,
        "mean": 9.37643527985,
        "median": 8.23336315155,
        "min": 1.81432211399,
        "var": 20.6345939636
    },
    "melbands_flatness_db": {
        "dmean": 0.0187338404357,
        "dmean2": 0.0281912088394,
        "dvar": 0.000350724294549,
        "dvar2": 0.000722506083548,
        "max": 0.329571545124,
        "mean": 0.122431188822,
        "median": 0.116083718836,
        "min": 0.00388299045153,
        "var": 0.00173381599598
    },
    "melbands_kurtosis": {
        "dmean": 1.38118231297,
        "dmean2": 2.22401332855,
        "dvar": 6.75166797638,
        "dvar2": 16.1447486877,
        "max": 73.3606719971,
        "mean": 0.955292224884,
        "median": 0.119532346725,
        "min": -1.85195982456,
        "var": 12.7760725021
    },
    "melbands_skewness": {
        "dmean": 0.458968788385,
        "dmean2": 0.704013228416,
        "dvar": 0.211813315749,
        "dvar2": 0.462111413479,
        "max": 7.81269931793,
        "mean": 0.686018705368,
        "median": 0.566460072994,
        "min": -2.58212661743,
        "var": 0.859075248241
    },
    "melbands_spread": {
        "dmean": 10.596903801,
        "dmean2": 16.5125827789,
        "dvar": 154.034164429,
        "dvar2": 326.176208496,
        "max": 204.754318237,
        "mean": 47.1560707092,
        "median": 43.873714447,
        "min": 3.36813282967,
        "var": 493.477752686
    },
    "pitch_salience": {
        "dmean": 0.0585603713989,
        "dmean2": 0.0939667671919,
        "dvar": 0.00277367164381,
        "dvar2": 0.00662268139422,
        "max": 0.922195076942,
        "mean": 0.643691718578,
        "median": 0.649664640427,
        "min": 0.124790906906,
        "var": 0.0114895161241
    },
    "silence_rate_20dB": {
        "dmean": 0,
        "dmean2": 0,
        "dvar": 0,
        "dvar2": 0,
        "max": 1,
        "mean": 1,
        "median": 1,
        "min": 1,
        "var": 0
    },
    "silence_rate_30dB": {
        "dmean": 0,
        "dmean2": 0,
        "dvar": 0,
        "dvar2": 0,
        "max": 1,
        "mean": 1,
        "median": 1,
        "min": 1,
        "var": 0
    },
    "silence_rate_60dB": {
        "dmean": 0.083800971508,
        "dmean2": 0.167617619038,
        "dvar": 0.0767750293016,
        "dvar2": 0.162332773209,
        "max": 1,
        "mean": 0.201253160834,
        "median": 0,
        "min": 0,
        "var": 0.160759672523
    },
    "spectral_centroid": {
        "dmean": 267.596343994,
        "dmean2": 404.595397949,
        "dvar": 102502.796875,
        "dvar2": 198072.421875,
        "max": 11523.3427734,
        "mean": 2263.10913086,
        "median": 2287.20581055,
        "min": 353.337158203,
        "var": 451551.40625
    },
    "spectral_complexity": {
        "dmean": 4.42499065399,
        "dmean2": 6.4766626358,
        "dvar": 21.5900344849,
        "dvar2": 41.4375686646,
        "max": 56,
        "mean": 21.2639102936,
        "median": 21,
        "min": 0,
        "var": 131.906066895
    },
    "spectral_decrease": {
        "dmean": 9.28231713715e-10,
        "dmean2": 1.3164357382e-09,
        "dvar": 1.40992118569e-18,
        "dvar2": 2.71171993915e-18,
        "max": 1.13145037929e-28,
        "mean": -2.69144861953e-09,
        "median": -1.95112215273e-09,
        "min": -1.83780048957e-08,
        "var": 6.08407760068e-18
    },
    "spectral_energy": {
        "dmean": 0.00412741396576,
        "dmean2": 0.00583191029727,
        "dvar": 2.7555750421e-05,
        "dvar2": 5.31814366695e-05,
        "max": 0.087880730629,
        "mean": 0.0120865236968,
        "median": 0.00882799457759,
        "min": 9.98779553745e-21,
        "var": 0.000123015764984
    },
    "spectral_energyband_high": {
        "dmean": 0.000456717156339,
        "dmean2": 0.000681662932038,
        "dvar": 2.40691929321e-06,
        "dvar2": 4.92971412314e-06,
        "max": 0.0447373092175,
        "mean": 0.000820007757284,
        "median": 0.000433838460594,
        "min": 7.07164218152e-21,
        "var": 3.66368726645e-06
    },
    "spectral_energyband_low": {
        "dmean": 0.000274899502983,
        "dmean2": 0.000448422360932,
        "dvar": 3.09157741185e-07,
        "dvar2": 7.70908968661e-07,
        "max": 0.011860769242,
        "mean": 0.000439764757175,
        "median": 0.00020023297111,
        "min": 1.01489637584e-23,
        "var": 4.60246980083e-07
    },
    "spectral_energyband_middle_high": {
        "dmean": 0.00260372390039,
        "dmean2": 0.00367702636868,
        "dvar": 1.41077080116e-05,
        "dvar2": 2.5863531846e-05,
        "max": 0.0833307057619,
        "mean": 0.00787824951112,
        "median": 0.00461648823693,
        "min": 1.28653444388e-21,
        "var": 7.7141339716e-05
    },
    "spectral_energyband_middle_low": {
        "dmean": 0.00176570960321,
        "dmean2": 0.00267354375683,
        "dvar": 8.98939470062e-06,
        "dvar2": 1.86110937648e-05,
        "max": 0.0602396018803,
        "mean": 0.00315854768269,
        "median": 0.00176224543247,
        "min": 2.53028157713e-22,
        "var": 1.6688289179e-05
    },
    "spectral_entropy": {
        "dmean": 0.126876443624,
        "dmean2": 0.18016320467,
        "dvar": 0.0159607753158,
        "dvar2": 0.0292555391788,
        "max": 9.82914161682,
        "mean": 7.6539311409,
        "median": 7.67056846619,
        "min": 6.17198133469,
        "var": 0.0836961194873
    },
    "spectral_flux": {
        "dmean": 0.0161235816777,
        "dmean2": 0.0246903821826,
        "dvar": 0.000338318874128,
        "dvar2": 0.000765476317611,
        "max": 0.27735003829,
        "mean": 0.0656565874815,
        "median": 0.0616117455065,
        "min": 6.47883205418e-11,
        "var": 0.00128318124916
    },
    "spectral_kurtosis": {
        "dmean": 2.2373726368,
        "dmean2": 3.91027760506,
        "dvar": 5.22691345215,
        "dvar2": 15.1207342148,
        "max": 30.9113807678,
        "mean": 3.53597187996,
        "median": 2.81474971771,
        "min": -1.25108528137,
        "var": 8.54171657562
    },
    "spectral_rms": {
        "dmean": 0.000576453283429,
        "dmean2": 0.000795666535851,
        "dvar": 3.75336071556e-07,
        "dvar2": 6.85237694142e-07,
        "max": 0.00925944373012,
        "mean": 0.00308194616809,
        "median": 0.00293473643251,
        "min": 3.12156854185e-12,
        "var": 2.29334136748e-06
    },
    "spectral_rolloff": {
        "dmean": 487.835998535,
        "dmean2": 785.895324707,
        "dvar": 477796.59375,
        "dvar2": 965554.6875,
        "max": 19379.8828125,
        "mean": 2866.54418945,
        "median": 2713.18359375,
        "min": 21.533203125,
        "var": 1515318.5
    },
    "spectral_skewness": {
        "dmean": 0.271010786295,
        "dmean2": 0.452945500612,
        "dvar": 0.0643212720752,
        "dvar2": 0.174600124359,
        "max": 3.42119026184,
        "mean": 0.999997913837,
        "median": 0.97631829977,
        "min": -0.491555958986,
        "var": 0.165416225791
    },
    "spectral_spread": {
        "dmean": 304757.5625,
        "dmean2": 457532.6875,
        "dvar": 284075950080,
        "dvar2": 460954664960,
        "max": 42031188,
        "mean": 2975490.5,
        "median": 2822832.25,
        "min": 1451224.125,
        "var": 2.15116270797e+12
    },
    "spectral_strongpeak": {
        "dmean": 0.932532072067,
        "dmean2": 1.52127969265,
        "dvar": 1.48692643642,
        "dvar2": 3.33366084099,
        "max": 21.0626468658,
        "mean": 1.76358854771,
        "median": 1.02121067047,
        "min": 0,
        "var": 4.77544975281
    },
    "zerocrossingrate": {
        "dmean": 0.00970433838665,
        "dmean2": 0.0111266104504,
        "dvar": 0.000177381036337,
        "dvar2": 0.000187188226846,
        "max": 0.85009765625,
        "mean": 0.0943740829825,
        "median": 0.09130859375,
        "min": 0.01025390625,
        "var": 0.00121627340559
    },
    "barkbands": {
        "dmean": [2.29833513004e-05, 9.29111920414e-05, 0.000136013390147, 0.000239178581978, 0.000515809399076, 0.000356050819391, 0.000480779504869, 0.000366293446859, 0.000380268407753, 0.000323547516018, 0.000365407846402, 0.000313855416607, 0.000531676807441, 0.000602177926339, 0.00060900504468, 0.000509483797941, 0.000469624006655, 0.000375214614905, 0.0003600140044, 0.000231162674027, 0.000150526771904, 0.000148377061123, 9.05904526007e-05, 3.30562288582e-05, 1.97783856493e-06, 1.46000422863e-09, 4.94589702527e-10],
        "dmean2": [3.82536782126e-05, 0.000157368296641, 0.000227326934692, 0.000405470898841, 0.000854272046126, 0.000562828732654, 0.000770137179643, 0.000571567506995, 0.000597052276134, 0.000510726938955, 0.000567516952287, 0.000502320181113, 0.000829938100651, 0.000946491840295, 0.000955604831688, 0.000798727269284, 0.000714626454283, 0.000592069642153, 0.000563820649404, 0.000360666483175, 0.000240793087869, 0.000222559756367, 0.000139425799716, 5.05791140313e-05, 3.11182020596e-06, 2.40845188237e-09, 9.22077414423e-10],
        "dvar": [8.9223217703e-10, 4.63708396126e-08, 8.2220743991e-08, 2.32604492112e-07, 1.14425813535e-06, 9.84814278127e-07, 2.36540722653e-06, 9.38032144404e-07, 1.03367108295e-06, 7.05856677996e-07, 9.24894663967e-07, 4.50006183428e-07, 2.07911693906e-06, 2.46437684837e-06, 1.96603423319e-06, 1.46859656525e-06, 1.68199107975e-06, 7.39124914162e-07, 5.4069187172e-07, 2.01097819286e-07, 2.2843804004e-07, 4.13900409058e-07, 2.17587555085e-07, 3.75689985788e-08, 4.39450489886e-11, 1.53505084422e-17, 6.55117377469e-19],
        "dvar2": [2.38969177779e-09, 1.22884145526e-07, 2.15913843249e-07, 6.25171821866e-07, 2.90325624519e-06, 2.13463113141e-06, 5.375796718e-06, 2.06261711355e-06, 2.31850958698e-06, 1.63216554938e-06, 2.04172965823e-06, 1.10306609713e-06, 4.33976219938e-06, 5.17927537658e-06, 4.50783500128e-06, 3.179125315e-06, 3.12995052809e-06, 1.81395648724e-06, 1.23621737202e-06, 4.72474596336e-07, 5.64500453493e-07, 8.42630640818e-07, 4.86280100631e-07, 7.97543862063e-08, 9.4301011444e-11, 3.41870140661e-17, 2.08486737491e-18],
        "max": [0.000755780027248, 0.00409841490909, 0.00572395930067, 0.00710638426244, 0.0191725566983, 0.0491974204779, 0.0282125491649, 0.0247880164534, 0.022787541151, 0.0214995257556, 0.0308514907956, 0.0197915732861, 0.0597440488636, 0.0394202917814, 0.0416935421526, 0.0318526513875, 0.0599140934646, 0.0361301489174, 0.0169628635049, 0.0140442047268, 0.0180297493935, 0.0207607112825, 0.0132952835411, 0.0109667032957, 0.000290471856715, 1.55605192731e-07, 1.00127639513e-08],
        "mean": [3.50806403731e-05, 0.000120292861538, 0.000175493390998, 0.000303260720102, 0.000694157730322, 0.000474010157632, 0.000546446128283, 0.000461633928353, 0.000516464118846, 0.00047483513481, 0.000548838579562, 0.000513813691214, 0.000907943060156, 0.00110833789222, 0.00117452163249, 0.000855841499288, 0.000810975965578, 0.000683607242536, 0.000624207837973, 0.000423682533437, 0.000233593105804, 0.000225003241212, 0.000124378842884, 4.74796906929e-05, 2.6345239803e-06, 1.94520621832e-09, 4.31270297252e-10],
        "median": [2.58887412201e-05, 4.07774423365e-05, 5.92127798882e-05, 9.69738830463e-05, 0.000357000768417, 0.00018986989744, 0.000129171312437, 0.000127754770801, 0.00016184632841, 0.000157950038556, 0.000181474926649, 0.000162570664543, 0.00025684045977, 0.000235419051023, 0.000355813943315, 0.000318230013363, 0.000346905115293, 0.000308420479996, 0.000285674293991, 0.000220270390855, 9.37162621995e-05, 9.09303926164e-05, 4.90706770506e-05, 1.75806890184e-05, 8.32358466596e-07, 8.73722427741e-10, 1.62695815153e-10],
        "min": [4.9881422364e-24, 4.24543561059e-24, 2.39686531088e-24, 9.79729745544e-25, 1.66070729554e-23, 2.57706926452e-23, 1.12284418099e-23, 1.58059010869e-23, 2.16581761528e-23, 2.72846066525e-23, 1.08283978231e-23, 6.73235416641e-23, 3.69520150044e-23, 2.74283276431e-23, 9.95287376327e-23, 7.52604416255e-23, 1.13927291932e-22, 1.67129194718e-22, 1.41155223662e-22, 1.66209534364e-22, 3.00739146837e-22, 3.53634428855e-22, 3.87169246724e-22, 7.10285562787e-22, 9.25574210898e-22, 1.26112206606e-21, 2.25877640375e-21],
        "var": [1.15346543428e-09, 5.17105469555e-08, 1.02148774772e-07, 2.93305618015e-07, 1.24742643948e-06, 1.29086458855e-06, 2.90565276373e-06, 1.4393785932e-06, 1.48669744249e-06, 1.11991892027e-06, 1.71832505202e-06, 9.24648873024e-07, 5.85179395785e-06, 8.07094511401e-06, 6.21717344984e-06, 2.85484861706e-06, 4.25639336754e-06, 1.57004615176e-06, 1.15896500574e-06, 4.35781885244e-07, 2.65451717496e-07, 6.08942968938e-07, 2.51313224453e-07, 4.89538578563e-08, 6.21771384379e-11, 2.18966735349e-17, 5.11397124182e-19]
    },
    "erbbands": {
        "dmean": [0.00193652894814, 0.0252620559186, 0.129454955459, 0.472794592381, 1.53382694721, 1.76296770573, 1.95440733433, 3.29375100136, 6.39725875854, 6.86830186844, 8.82744503021, 8.47472953796, 8.25270462036, 13.0804738998, 11.5961551666, 13.8753328323, 21.2512779236, 30.2368240356, 29.3365898132, 25.6750431061, 28.4298362732, 22.7643222809, 21.0188560486, 21.7991752625, 13.5127258301, 10.3534097672, 6.55122900009, 5.9484333992, 5.71103382111, 3.78327155113, 2.39940309525, 1.11512231827, 0.326350003481, 0.0472079142928, 0.00175758113619, 0.00010891250713, 1.63383101608e-05, 4.77764069728e-06, 3.79274160878e-06, 5.84873578191e-06],
        "dmean2": [0.00331420544535, 0.0424229763448, 0.213148802519, 0.799986720085, 2.58072590828, 2.9240629673, 3.21763515472, 5.1939034462, 10.3493499756, 10.7135772705, 13.7408599854, 13.2474441528, 12.8268299103, 20.3295326233, 18.0570850372, 21.9905910492, 32.9551277161, 47.0011749268, 46.0569763184, 39.5453910828, 43.5205345154, 34.1717605591, 32.9633903503, 34.1367912292, 20.8045520782, 16.0765342712, 10.2981815338, 9.39148521423, 8.69293498993, 5.67903518677, 3.70714497566, 1.68479895592, 0.492184430361, 0.0722222030163, 0.00265830149874, 0.00016299780691, 2.36747637246e-05, 6.85958093527e-06, 5.3461931202e-06, 8.25005645311e-06],
        "dvar": [1.24739544844e-05, 0.00351956603117, 0.0705723688006, 0.974059283733, 12.0674505234, 12.5159072876, 16.4414730072, 99.0048599243, 501.329223633, 460.791351318, 535.976257324, 554.309387207, 407.446411133, 1314.11340332, 758.325622559, 949.779907227, 2889.84008789, 5462.41015625, 4244.62890625, 3922.37963867, 5846.46875, 2396.08544922, 2889.046875, 2250.72241211, 727.51965332, 420.056762695, 295.066558838, 486.457946777, 626.342529297, 333.544799805, 147.307998657, 42.9812164307, 2.18099999428, 0.0291398353875, 4.69906699436e-05, 1.77554639436e-07, 3.95253385577e-09, 2.92812829539e-10, 5.88646423272e-11, 6.62905563775e-11],
        "dvar2": [3.47103159584e-05, 0.00917390920222, 0.178463026881, 2.63542509079, 30.9285354614, 32.9045829773, 41.1978645325, 208.180358887, 1174.31115723, 1014.08331299, 1172.70751953, 1237.75366211, 943.619750977, 2917.84765625, 1728.41040039, 2330.25756836, 6151.25927734, 11490.5400391, 9550.59472656, 9161.00585938, 11739.3125, 4534.93017578, 7421.61523438, 5329.36425781, 1680.33398438, 995.514892578, 706.988220215, 1174.34057617, 1320.32165527, 720.61517334, 324.438903809, 88.7066802979, 4.22092676163, 0.0581667162478, 9.48940651142e-05, 3.35862324619e-07, 7.32108462742e-09, 5.51837631146e-10, 1.14758987035e-10, 1.30130947684e-10],
        "max": [0.0782964080572, 1.02103364468, 5.24894142151, 17.6126651764, 69.9583969116, 55.7628746033, 126.710044861, 470.326629639, 562.476989746, 496.251922607, 472.651123047, 674.296630859, 527.275268555, 1300.94970703, 960.48260498, 801.621643066, 2332.1875, 1917.60400391, 2051.96704102, 2407.93261719, 2146.72045898, 1977.26989746, 2573.0090332, 1214.9786377, 652.757995605, 567.278198242, 750.98034668, 624.938049316, 820.535644531, 539.526367188, 391.139678955, 373.536651611, 54.1273994446, 7.4070110321, 0.272615015507, 0.0168528743088, 0.00232965894975, 0.000652175105643, 0.000257731648162, 0.000174520959263],
        "mean": [0.00258524692617, 0.0318258330226, 0.181056171656, 0.624918460846, 1.84111332893, 2.39122819901, 2.62501192093, 4.27662801743, 7.21708250046, 8.46966075897, 11.6707582474, 11.6146564484, 13.0298614502, 20.7262382507, 18.8116035461, 24.1289424896, 38.403137207, 59.4202804565, 60.1399993896, 49.7724571228, 51.957321167, 42.9527778625, 39.3657722473, 39.4627799988, 24.6274280548, 19.1595306396, 11.0253276825, 9.11280727386, 8.59407711029, 5.45629692078, 3.28829288483, 1.55945932865, 0.496099680662, 0.0722948461771, 0.00252655637451, 0.000180199349415, 3.27119705616e-05, 1.03239208329e-05, 1.03447828224e-05, 1.69467821252e-05],
        "median": [0.0014700681204, 0.00892014987767, 0.0626039654016, 0.238449782133, 0.707598090172, 1.13442051411, 1.24346649647, 1.54714131355, 1.75816130638, 2.43969488144, 3.19920277596, 3.87780809402, 4.90641021729, 6.75368738174, 7.02345848083, 7.84731531143, 12.8997821808, 16.1867141724, 16.7827606201, 19.9349842072, 20.7242050171, 20.2908420563, 19.63829422, 16.9640102386, 13.1719417572, 10.1118392944, 5.49440431595, 3.6698114872, 3.35979914665, 2.20248508453, 1.30182182789, 0.577168047428, 0.194132387638, 0.0283624138683, 0.000926739245187, 8.34080055938e-05, 1.95656230062e-05, 6.64958452035e-06, 7.62679701438e-06, 1.25588967421e-05],
        "min": [1.9508714464e-22, 4.07871153066e-22, 1.68723761549e-21, 1.0013995514e-20, 3.38174601931e-20, 4.54632100215e-20, 9.07439297826e-20, 2.22999621338e-19, 2.26840815458e-19, 2.14759467796e-19, 3.23829655135e-19, 5.88610143364e-19, 6.7079612069e-19, 1.11232186722e-18, 1.25699658353e-18, 2.52892791302e-18, 2.33759566067e-18, 1.86157079573e-18, 3.65577269365e-18, 4.38683036953e-18, 5.11253949557e-18, 6.71914013929e-18, 8.65542188795e-18, 8.58698344561e-18, 7.06050103448e-18, 9.1913745407e-18, 9.27132402844e-18, 1.21983282686e-17, 1.06843602729e-17, 1.05097267292e-17, 1.15243497773e-17, 1.37168730545e-17, 1.21892160469e-17, 8.3360449719e-18, 7.43612375064e-18, 4.25473789752e-18, 2.44304112964e-18, 1.0632781219e-18, 2.70664999408e-19, 3.09549661405e-20],
        "var": [1.35779609991e-05, 0.00406373012811, 0.103882327676, 1.12844061852, 12.2150621414, 14.9389038086, 19.3676815033, 134.064483643, 563.282592773, 611.230102539, 807.287597656, 783.032592773, 699.643493652, 2502.35791016, 1462.55541992, 2128.94067383, 8408.46972656, 18229.546875, 15742.2685547, 7988.24511719, 13138.6201172, 6321.9921875, 5531.17236328, 5144.25488281, 1354.6887207, 842.111938477, 405.746856689, 569.844177246, 888.168029785, 416.614105225, 176.928192139, 57.4743881226, 3.19148659706, 0.0445103794336, 6.96931965649e-05, 2.83433678305e-07, 6.47821796207e-09, 4.86711448922e-10, 1.42289471872e-10, 2.57508153689e-10]
    },
    "gfcc": {
        "mean": [-64.3492965698, 104.26550293, -201.109039307, 56.9154586792, -71.2595596313, 8.009308815, -33.5858802795, -15.8188810349, -2.29999446869, -24.6460857391, 5.04026603699, -19.667224884, 1.27701473236],
        "cov": [[6127.59765625, -303.049621582, -854.015808105, 117.680709839, -306.427124023, -78.1340866089, 27.0660686493, -58.4533195496, 40.1271743774, -61.97423172, -16.8186531067, -84.7109375, -55.4137039185], [-303.049621582, 971.187683105, 184.600372314, -136.975997925, 165.920562744, -222.296066284, -32.415763855, -76.9539337158, -49.2225036621, -117.313362122, 21.8019962311, -91.6137695312, -59.5060501099], [-854.015808105, 184.600372314, 564.52142334, 219.394378662, -16.976890564, 3.35812664032, -54.2925720215, -18.9196281433, -77.9451599121, -17.2863044739, -43.733165741, -29.1466636658, -41.3748626709], [117.680709839, -136.975997925, 219.394378662, 369.878356934, -15.779094696, 12.9019260406, -22.7536411285, -2.10568714142, -37.1240921021, -10.4431800842, -62.2357826233, 2.1345615387, -0.889088749886], [-306.427124023, 165.920562744, -16.976890564, -15.779094696, 221.116210938, -13.2701978683, -5.16598510742, -15.6862297058, -1.30986750126, -32.0995941162, 2.25174760818, -19.7948818207, -6.11379337311], [-78.1340866089, -222.296066284, 3.35812664032, 12.9019260406, -13.2701978683, 252.88482666, 54.3885154724, -6.46553182602, -19.1169509888, 39.6427459717, -3.85494637489, 0.527568340302, -2.48133087158], [27.0660686493, -32.415763855, -54.2925720215, -22.7536411285, -5.16598510742, 54.3885154724, 139.967849731, 25.1486148834, -11.6310930252, -3.08044052124, 2.16312098503, -3.9268746376, -10.5859718323], [-58.4533195496, -76.9539337158, -18.9196281433, -2.10568714142, -15.6862297058, -6.46553182602, 25.1486148834, 115.294639587, 44.6462593079, 4.68094730377, -5.14868211746, 11.0429296494, 17.7233371735], [40.1271743774, -49.2225036621, -77.9451599121, -37.1240921021, -1.30986750126, -19.1169509888, -11.6310930252, 44.6462593079, 107.687568665, 41.008026123, 1.17354941368, 13.9175977707, 11.9447784424], [-61.97423172, -117.313362122, -17.2863044739, -10.4431800842, -32.0995941162, 39.6427459717, -3.08044052124, 4.68094730377, 41.008026123, 91.0955886841, 31.7292785645, 5.96944999695, 3.74620509148], [-16.8186531067, 21.8019962311, -43.733165741, -62.2357826233, 2.25174760818, -3.85494637489, 2.16312098503, -5.14868211746, 1.17354941368, 31.7292785645, 73.6318740845, 20.6150722504, -8.98638343811], [-84.7109375, -91.6137695312, -29.1466636658, 2.1345615387, -19.7948818207, 0.527568340302, -3.9268746376, 11.0429296494, 13.9175977707, 5.96944999695, 20.6150722504, 79.0816116333, 42.1186485291], [-55.4137039185, -59.5060501099, -41.3748626709, -0.889088749886, -6.11379337311, -2.48133087158, -10.5859718323, 17.7233371735, 11.9447784424, 3.74620509148, -8.98638343811, 42.1186485291, 73.7543182373]],
        "icov": [[0.000369844696252, -0.000171495732502, 0.000994079629891, -0.000794464256614, 0.000848118565045, -0.000139389536344, 0.000237557964283, 0.000205348813324, -0.000223300696234, 0.000678547017742, -0.000437098118709, 0.000744577671867, 0.000261197186774], [-0.000171495732502, 0.00362441572361, -0.00286206323653, 0.00188504846301, -0.00158101331908, 0.00222167861648, -0.00149605772458, 0.00281741283834, -0.00293384795077, 0.00529273599386, -0.00479981163517, 0.00497208628803, -0.00295343389735], [0.000994079629891, -0.00286206323653, 0.00719458470121, -0.00426655169576, 0.0029685345944, -0.00165457942057, 0.00295860157348, -0.00247385306284, 0.00418184185401, -0.00347108580172, 0.00402397476137, -0.00242732116021, 0.00500735314563], [-0.000794464256614, 0.00188504846301, -0.00426655169576, 0.0067524984479, -0.00277502695099, 0.00159105635248, -0.000743471435271, 5.99784252699e-05, 0.00146764237434, -0.00175174034666, 0.00401334976777, -0.00233989953995, -9.18733712751e-06], [0.000848118565045, -0.00158101331908, 0.0029685345944, -0.00277502695099, 0.00777750555426, -0.00164789205883, 0.000937879958656, 0.00089651736198, -0.00217466335744, 0.00402459781617, -0.00288951769471, 0.00325664901175, -0.000562134839129], [-0.000139389536344, 0.00222167861648, -0.00165457942057, 0.00159105635248, -0.00164789205883, 0.00677141733468, -0.00275051477365, 0.00149053661153, 0.00136871542782, -0.00199922639877, 0.000802103662863, 0.000890781579074, -0.000414092006395], [0.000237557964283, -0.00149605772458, 0.00295860157348, -0.000743471435271, 0.000937879958656, -0.00275051477365, 0.0102184563875, -0.00451869470999, 0.00425714580342, -0.00215897872113, 0.00302546634339, -0.00276221125387, 0.00452615972608], [0.000205348813324, 0.00281741283834, -0.00247385306284, 5.99784252699e-05, 0.00089651736198, 0.00149053661153, -0.00451869470999, 0.0152600212023, -0.0107620488852, 0.00938915926963, -0.00776104955003, 0.00739456433803, -0.00705314148217], [-0.000223300696234, -0.00293384795077, 0.00418184185401, 0.00146764237434, -0.00217466335744, 0.00136871542782, 0.00425714580342, -0.0107620488852, 0.0249161031097, -0.0203199889511, 0.017091602087, -0.0134108718485, 0.00962958671153], [0.000678547017742, 0.00529273599386, -0.00347108580172, -0.00175174034666, 0.00402459781617, -0.00199922639877, -0.00215897872113, 0.00938915926963, -0.0203199889511, 0.0369682684541, -0.0271940883249, 0.0198931340128, -0.0127485580742], [-0.000437098118709, -0.00479981163517, 0.00402397476137, 0.00401334976777, -0.00288951769471, 0.000802103662863, 0.00302546634339, -0.00776104955003, 0.017091602087, -0.0271940883249, 0.0410556942225, -0.0256287623197, 0.0184427760541], [0.000744577671867, 0.00497208628803, -0.00242732116021, -0.00233989953995, 0.00325664901175, 0.000890781579074, -0.00276221125387, 0.00739456433803, -0.0134108718485, 0.0198931340128, -0.0256287623197, 0.0372182242572, -0.0219076350331], [0.000261197186774, -0.00295343389735, 0.00500735314563, -9.18733712751e-06, -0.000562134839129, -0.000414092006395, 0.00452615972608, -0.00705314148217, 0.00962958671153, -0.0127485580742, 0.0184427760541, -0.0219076350331, 0.0303106475621]]
    },
    "melbands": {
        "dmean": [2.09585268749e-05, 5.50265649508e-05, 0.000109928238089, 0.00011970516789, 6.63988030283e-05, 7.41410185583e-05, 9.74088616204e-05, 7.30659812689e-05, 7.6592725236e-05, 5.22596383234e-05, 4.16514812969e-05, 5.25583636772e-05, 4.28462371929e-05, 3.28452806571e-05, 4.52838758065e-05, 5.49433170818e-05, 6.15689568804e-05, 4.92511535413e-05, 4.75344822917e-05, 3.38052814186e-05, 3.69540757674e-05, 2.71772987617e-05, 2.10442321986e-05, 1.81980158231e-05, 2.0111883714e-05, 1.05444441942e-05, 1.01958430605e-05, 6.77021216688e-06, 4.44999341198e-06, 3.94148446503e-06, 3.57585372512e-06, 3.67574307347e-06, 2.52053428085e-06, 2.06189929486e-06, 1.54924077833e-06, 9.88190436146e-07, 5.92373567088e-07, 2.65422414714e-07, 1.06510448461e-07, 1.74843481915e-08],
        "dmean2": [3.56673735951e-05, 8.99329825188e-05, 0.0001847139647, 0.000198813213501, 0.000109060689283, 0.000115795453894, 0.000155925605213, 0.00011379346688, 0.000119618678582, 8.19744091132e-05, 6.52152739349e-05, 8.21687717689e-05, 6.60338700982e-05, 5.23897469975e-05, 7.28858431103e-05, 8.49876014399e-05, 9.65201979852e-05, 7.78180183261e-05, 7.43186828913e-05, 5.38350213901e-05, 5.67285787838e-05, 4.14226487919e-05, 3.30201910401e-05, 2.90580846922e-05, 3.18976381095e-05, 1.62798678502e-05, 1.61618336278e-05, 1.063271975e-05, 7.00206919646e-06, 6.33954641671e-06, 5.65296795685e-06, 5.67187680645e-06, 3.8490766201e-06, 3.16702471537e-06, 2.43236172537e-06, 1.53644566581e-06, 9.0926869234e-07, 4.09108025679e-07, 1.64156020332e-07, 2.76864646764e-08],
        "dvar": [1.9248613814e-09, 1.27473853695e-08, 5.00367463019e-08, 6.48024354177e-08, 1.64122173629e-08, 4.84027715686e-08, 1.05284200913e-07, 4.77316426384e-08, 4.14977066043e-08, 2.0578330151e-08, 1.05113366899e-08, 2.151232259e-08, 1.22705214878e-08, 4.76413086758e-09, 1.85717095036e-08, 2.60104027205e-08, 2.56123886544e-08, 1.3216925332e-08, 1.34283952846e-08, 5.08403363852e-09, 1.29650352676e-08, 4.64933513911e-09, 2.03760319728e-09, 2.05000083575e-09, 2.17163798055e-09, 5.42238143275e-10, 4.37907016204e-10, 1.91542781636e-10, 1.28394198051e-10, 1.44100745225e-10, 2.00740424283e-10, 2.5529567349e-10, 1.44077305642e-10, 1.08083562933e-10, 6.12686706924e-11, 3.05233546771e-11, 1.3133817818e-11, 1.41150719585e-12, 1.7228338439e-13, 3.46451510262e-15],
        "dvar2": [5.20925302894e-09, 3.14139363411e-08, 1.31130406089e-07, 1.65152002296e-07, 4.1462570266e-08, 1.00450165519e-07, 2.42965342068e-07, 1.02299750893e-07, 9.11410751314e-08, 4.65415261885e-08, 2.42894895308e-08, 4.80202437814e-08, 2.68470952136e-08, 1.15496483488e-08, 4.37288001365e-08, 5.2936005801e-08, 5.46257190592e-08, 2.93718596112e-08, 3.04558618325e-08, 1.18755236755e-08, 2.58926178276e-08, 8.61753601811e-09, 4.74787009708e-09, 5.23332044366e-09, 5.2522595162e-09, 1.18480392164e-09, 1.04163500048e-09, 4.55378151853e-10, 3.04660130457e-10, 3.61613294864e-10, 4.77103800911e-10, 5.6365240253e-10, 3.08975789398e-10, 2.45063469517e-10, 1.37959213498e-10, 6.91561599653e-11, 2.62223350672e-11, 2.81988061374e-12, 3.70773561593e-13, 7.68327323422e-15],
        "max": [0.000957579584792, 0.00216977274977, 0.00334767205641, 0.0048028989695, 0.00354981864803, 0.0109570594504, 0.00756327342242, 0.00443991972134, 0.00411175191402, 0.00374838593416, 0.00261105340905, 0.0049576763995, 0.0043821297586, 0.00153887574561, 0.00500714639202, 0.00825085025281, 0.00382880866528, 0.00314812129363, 0.00389991793782, 0.00192200415768, 0.00346296723001, 0.00319981714711, 0.00153635384049, 0.00178938580211, 0.00124552031048, 0.000605844135862, 0.000901141029317, 0.000394273578422, 0.000462595111458, 0.000424651312642, 0.000388344546081, 0.000520757748745, 0.000391191977542, 0.000311750947731, 0.000241605666815, 0.000303502660245, 0.000193999454495, 4.32433080277e-05, 1.83400661626e-05, 2.55162672147e-06],
        "mean": [3.01689524349e-05, 7.68443860579e-05, 0.000146116057294, 0.000158026465215, 9.42654151004e-05, 9.72222260316e-05, 0.000111868524982, 9.12841933314e-05, 9.97923707473e-05, 7.0848800533e-05, 6.33378367638e-05, 8.09494158602e-05, 6.59993020236e-05, 5.42142734048e-05, 7.21746473573e-05, 9.45319334278e-05, 0.000114681177365, 9.27338624024e-05, 8.62793895067e-05, 5.71191376366e-05, 6.28807829344e-05, 4.72887586511e-05, 3.57129101758e-05, 3.234558244e-05, 3.34487958753e-05, 1.7295284124e-05, 1.71422198036e-05, 1.16489682114e-05, 7.01013323123e-06, 5.96399513597e-06, 4.97844666825e-06, 5.35503204446e-06, 3.48778235093e-06, 2.79888558907e-06, 2.02623732548e-06, 1.3108759731e-06, 8.07857645668e-07, 3.90713893239e-07, 1.5624446803e-07, 2.22871783251e-08],
        "median": [1.5479465219e-05, 2.62030371232e-05, 5.8943820477e-05, 7.60001275921e-05, 4.93397310493e-05, 3.60688572982e-05, 2.77614726656e-05, 2.6267616704e-05, 2.60567940131e-05, 2.3456857889e-05, 2.27404525504e-05, 2.54521310126e-05, 2.30940659094e-05, 1.84984182852e-05, 1.89957918337e-05, 2.65082053374e-05, 2.61049644905e-05, 2.1043135348e-05, 2.78744828393e-05, 2.23378538067e-05, 2.19958365051e-05, 1.99795686058e-05, 1.79958642548e-05, 1.4448811271e-05, 1.27459725263e-05, 8.22539368528e-06, 8.12483358459e-06, 5.62174091101e-06, 3.14390763378e-06, 2.28456724471e-06, 1.65483277215e-06, 1.87781381555e-06, 1.35466177653e-06, 1.03360105186e-06, 7.32405851522e-07, 4.80465587316e-07, 2.77165980833e-07, 1.48632622654e-07, 5.96309348566e-08, 6.81990020013e-09],
        "min": [1.73832718543e-24, 9.65538729505e-25, 2.25114633282e-24, 2.54664376715e-24, 3.22847320805e-24, 5.46170884844e-24, 2.85987361135e-24, 2.1826428351e-24, 2.59181512588e-24, 4.01510124247e-24, 2.72354681123e-24, 4.23519343503e-24, 2.11908431197e-24, 7.19454556197e-24, 4.74331176029e-24, 3.81062889027e-24, 2.74781414482e-24, 4.68262350756e-24, 5.92446727722e-24, 4.60799016618e-24, 5.91494848711e-24, 7.06609139647e-24, 6.58391870638e-24, 7.40523847684e-24, 6.20577783703e-24, 5.11102309961e-24, 5.69355191304e-24, 5.31079305196e-24, 5.33695996261e-24, 6.03369690246e-24, 5.56967669067e-24, 5.449515031e-24, 6.05044165847e-24, 6.03581933273e-24, 5.80241866227e-24, 7.57184511116e-24, 7.33645769451e-24, 7.65956013294e-24, 6.47331370215e-24, 6.53939579132e-24],
        "var": [2.11663353511e-09, 1.90431084235e-08, 5.96576299472e-08, 7.0364976068e-08, 2.02782750591e-08, 6.67031301305e-08, 1.24958830838e-07, 6.79841392071e-08, 6.103966399e-08, 2.89249797447e-08, 1.7635901628e-08, 3.98255188827e-08, 2.23861995607e-08, 9.58992885103e-09, 3.89444529958e-08, 7.71308634739e-08, 8.68137490784e-08, 4.05915621116e-08, 3.28629319313e-08, 9.71086677737e-09, 2.85167587322e-08, 1.16131753103e-08, 3.85355569676e-09, 3.95501809081e-09, 4.5557282391e-09, 9.56448809042e-10, 9.07237229786e-10, 3.56347229502e-10, 1.83692436262e-10, 1.69504993375e-10, 2.4225821349e-10, 3.45807132929e-10, 1.89669877027e-10, 1.20950430227e-10, 7.0274418229e-11, 3.55610402236e-11, 1.79447342402e-11, 1.98072743103e-12, 2.33804756155e-13, 4.77498095114e-15]
    },
    "mfcc": {
        "mean": [-662.562011719, 95.9353942871, -49.2715034485, 24.8654499054, -7.50777578354, 9.25581645966, -14.223118782, 6.01639890671, -11.9410648346, 4.49431085587, -7.99844169617, -0.148985102773, -7.15108251572],
        "cov": [[4982.81201172, -564.697937012, -541.917724609, -23.6052722931, -348.662139893, -1.5040115118, -147.834350586, 58.9455604553, -80.4033432007, 138.377792358, -17.854434967, -30.2165222168, -70.774887085], [-564.697937012, 1066.08837891, -54.7529449463, 26.6136341095, 94.9087142944, -145.662994385, 15.8355998993, -45.2329063416, -94.9956588745, -47.1254730225, -3.18961834908, -43.0956382751, -23.6128292084], [-541.917724609, -54.7529449463, 566.226623535, 171.626663208, 32.5231704712, 47.6037979126, 26.2579727173, -27.8796672821, -1.13906276226, -45.5317687988, -15.0737857819, -4.82851839066, -20.9960289001], [-23.6052722931, 26.6136341095, 171.626663208, 347.539581299, 71.6727600098, -38.3835449219, -24.2959156036, 1.07353842258, 0.38659799099, -24.8542366028, -43.9362869263, -36.6177062988, -9.16172885895], [-348.662139893, 94.9087142944, 32.5231704712, 71.6727600098, 200.990020752, 8.22354602814, -13.0509700775, -17.04347229, 5.90029621124, -21.5926456451, -16.2341213226, -11.0052804947, 0.931925952435], [-1.5040115118, -145.662994385, 47.6037979126, -38.3835449219, 8.22354602814, 188.904891968, 60.194770813, -1.42129337788, 2.23708558083, -1.09668755531, 3.840239048, 8.16825580597, -22.6130485535], [-147.834350586, 15.8355998993, 26.2579727173, -24.2959156036, -13.0509700775, 60.194770813, 143.91947937, 33.3944854736, -16.0799922943, 2.20941114426, 10.1264944077, -18.1873435974, -17.1095523834], [58.9455604553, -45.2329063416, -27.8796672821, 1.07353842258, -17.04347229, -1.42129337788, 33.3944854736, 99.1439285278, 26.0777568817, 5.69192075729, -4.46379137039, -10.8706703186, -0.107403106987], [-80.4033432007, -94.9956588745, -1.13906276226, 0.38659799099, 5.90029621124, 2.23708558083, -16.0799922943, 26.0777568817, 112.06917572, 15.5092325211, -8.0824546814, 9.36420154572, 5.80822372437], [138.377792358, -47.1254730225, -45.5317687988, -24.8542366028, -21.5926456451, -1.09668755531, 2.20941114426, 5.69192075729, 15.5092325211, 98.1549072266, 30.1951351166, -1.56324017048, -7.97068119049], [-17.854434967, -3.18961834908, -15.0737857819, -43.9362869263, -16.2341213226, 3.840239048, 10.1264944077, -4.46379137039, -8.0824546814, 30.1951351166, 77.1913070679, 21.9577045441, -5.51593112946], [-30.2165222168, -43.0956382751, -4.82851839066, -36.6177062988, -11.0052804947, 8.16825580597, -18.1873435974, -10.8706703186, 9.36420154572, -1.56324017048, 21.9577045441, 85.2900848389, 30.9767036438], [-70.774887085, -23.6128292084, -20.9960289001, -9.16172885895, 0.931925952435, -22.6130485535, -17.1095523834, -0.107403106987, 5.80822372437, -7.97068119049, -5.51593112946, 30.9767036438, 80.8660354614]],
