{
"lowlevel": {
    "average_loudness": 0.939521610737,
    "barkbands_crest": {
        "dmean": 2.12459135056,
        "dmean2": 3.49238753319,
        "dvar": 4.41313409805,
        "dvar2": 11.3845939636,
        "max": 23.7537250519,
        "mean": 6.97941350937,
        "median": 6.35116863251,
        "min": 2.18649315834,
        "var": 8.85288715363
    },
    "barkbands_flatness_db": {
        "dmean": 0.015852894634,
        "dmean2": 0.025148730725,
        "dvar": 0.000202012597583,
        "dvar2": 0.000494343810715,
        "max": 0.258493721485,
        "mean": 0.129964217544,
        "median": 0.130889937282,
        "min": 0.0423300378025,
        "var": 0.000951151305344
    },
    "barkbands_kurtosis": {
        "dmean": 0.915760874748,
        "dmean2": 1.47229909897,
        "dvar": 1.7086045742,
        "dvar2": 4.01689338684,
        "max": 25.3292217255,
        "mean": 0.346325755119,
        "median": -0.370210886002,
        "min": -1.85245060921,
        "var": 4.44798326492
    },
    "barkbands_skewness": {
        "dmean": 0.416954189539,
        "dmean2": 0.635184288025,
        "dvar": 0.178420782089,
        "dvar2": 0.407850623131,
        "max": 4.16311597824,
        "mean": 0.154167756438,
        "median": 0.236657753587,
        "min": -3.67122554779,
        "var": 1.03858530521
    },
    "barkbands_spread": {
        "dmean": 5.39895248413,
        "dmean2": 8.3260602951,
        "dvar": 28.7227706909,
        "dvar2": 67.6891555786,
        "max": 77.8701019287,
        "mean": 25.6284713745,
        "median": 25.1003952026,
        "min": 2.97051262856,
        "var": 86.3717956543
    },
    "dissonance": {
        "dmean": 0.0114965541288,
        "dmean2": 0.0192495509982,
        "dvar": 0.000139880299685,
        "dvar2": 0.000354480958777,
        "max": 0.500000059605,
        "mean": 0.481541961432,
        "median": 0.485796302557,
        "min": 0.310313880444,
        "var": 0.000279501575278
    },
    "dynamic_complexity": 2.53118729591,
    "erbbands_crest": {
        "dmean": 2.27539396286,
        "dmean2": 3.64636015892,
        "dvar": 5.55888605118,
        "dvar2": 13.0262546539,
        "max": 30.7618198395,
        "mean": 7.50209331512,
        "median": 6.4307050705,
        "min": 2.40668106079,
        "var": 15.9277153015
    },
    "erbbands_flatness_db": {
        "dmean": 0.0153579562902,
        "dmean2": 0.0220815762877,
        "dvar": 0.000210277750739,
        "dvar2": 0.000407977873692,
        "max": 0.339901357889,
        "mean": 0.194984197617,
        "median": 0.199050948024,
        "min": 0.0805343240499,
        "var": 0.00216996134259
    },
    "erbbands_kurtosis": {
        "dmean": 0.807073771954,
        "dmean2": 1.26440453529,
        "dvar": 1.1038312912,
        "dvar2": 2.34945392609,
        "max": 17.7708892822,
        "mean": 0.202281609178,
        "median": -0.104574799538,
        "min": -1.75106275082,
        "var": 2.44443154335
    },
    "erbbands_skewness": {
        "dmean": 0.330463558435,
        "dmean2": 0.501283168793,
        "dvar": 0.0971843078732,
        "dvar2": 0.205784782767,
        "max": 3.3857178688,
        "mean": -0.205886676908,
        "median": -0.199415504932,
        "min": -2.64093375206,
        "var": 0.448139280081
    },
    "erbbands_spread": {
        "dmean": 7.28734397888,
        "dmean2": 11.1644706726,
        "dvar": 59.6852378845,
        "dvar2": 136.378921509,
        "max": 103.605812073,
        "mean": 33.00756073,
        "median": 31.524810791,
        "min": 3.08865332603,
        "var": 199.573562622
    },
    "hfc": {
        "dmean": 7.32122659683,
        "dmean2": 9.82313346863,
        "dvar": 90.9354553223,
        "dvar2": 159.491882324,
        "max": 203.801101685,
        "mean": 22.1064510345,
        "median": 19.652261734,
        "min": 1.03640780904e-16,
        "var": 338.166473389
    },
    "melbands_crest": {
        "dmean": 2.78418636322,
        "dmean2": 4.62555217743,
        "dvar": 7.43910217285,
        "dvar2": 19.4243202209,
        "max": 29.233007431,
        "mean": 8.65896511078,
        "median": 7.95199680328,
        "min": 1.05117356777,
        "var": 19.8924446106
    },
    "melbands_flatness_db": {
        "dmean": 0.0195849630982,
        "dmean2": 0.0293944980949,
        "dvar": 0.00039763955283,
        "dvar2": 0.000923114654142,
        "max": 0.27981069684,
        "mean": 0.108098573983,
        "median": 0.111751541495,
        "min": 1.18049638331e-05,
        "var": 0.0024606580846
    },
    "melbands_kurtosis": {
        "dmean": 2.12939405441,
        "dmean2": 3.42834711075,
        "dvar": 15.0594959259,
        "dvar2": 39.2489814758,
        "max": 68.1590805054,
        "mean": 2.27894282341,
        "median": 0.70695734024,
        "min": -1.75546467304,
        "var": 26.1767215729
    },
    "melbands_skewness": {
        "dmean": 0.511444151402,
        "dmean2": 0.787433803082,
        "dvar": 0.308509260416,
        "dvar2": 0.752754688263,
        "max": 7.51500797272,
        "mean": 1.12319588661,
        "median": 0.948981523514,
        "min": -1.88616263866,
        "var": 1.06867945194
    },
    "melbands_spread": {
        "dmean": 11.1989593506,
        "dmean2": 17.3549842834,
        "dvar": 155.68119812,
        "dvar2": 348.321777344,
        "max": 177.670028687,
        "mean": 51.8372497559,
        "median": 41.7746086121,
        "min": 4.47486495972,
        "var": 1142.58789062
    },
    "pitch_salience": {
        "dmean": 0.0584424249828,
        "dmean2": 0.0955676585436,
        "dvar": 0.00317889661528,
        "dvar2": 0.00845579151064,
        "max": 0.992111265659,
        "mean": 0.666642189026,
        "median": 0.668480157852,
        "min": 0.240972623229,
        "var": 0.00957160256803
    },
    "silence_rate_20dB": {
        "dmean": 0,
        "dmean2": 0,
        "dvar": 0,
        "dvar2": 0,
        "max": 1,
        "mean": 1,
        "median": 1,
        "min": 1,
        "var": 0
    },
    "silence_rate_30dB": {
        "dmean": 0.000466581113869,
        "dmean2": 0.000933271134272,
        "dvar": 0.000466381374281,
        "dvar2": 0.00139910716098,
        "max": 1,
        "mean": 0.99976670742,
        "median": 1,
        "min": 0,
        "var": 0.000233161932556
    },
    "silence_rate_60dB": {
        "dmean": 0.0443252064288,
        "dmean2": 0.0886607542634,
        "dvar": 0.0423576831818,
        "dvar2": 0.100874952972,
        "max": 1,
        "mean": 0.1793795228,
        "median": 0,
        "min": 0,
        "var": 0.147194460034
    },
    "spectral_centroid": {
        "dmean": 323.79119873,
        "dmean2": 497.580841064,
        "dvar": 105468.859375,
        "dvar2": 231590.765625,
        "max": 12032.2880859,
        "mean": 3079.79882812,
        "median": 2228.86303711,
        "min": 430.805725098,
        "var": 7983165.5
    },
    "spectral_complexity": {
        "dmean": 5.16505289078,
        "dmean2": 7.18525409698,
        "dvar": 34.2869300842,
        "dvar2": 59.322467804,
        "max": 59,
        "mean": 22.4373683929,
        "median": 24,
        "min": 0,
        "var": 181.029281616
    },
    "spectral_decrease": {
        "dmean": 1.34019029208e-09,
        "dmean2": 1.98943261864e-09,
        "dvar": 4.51331579777e-18,
        "dvar2": 1.03356291985e-17,
        "max": 2.17054904738e-28,
        "mean": -3.36048366911e-09,
        "median": -3.03789193801e-09,
        "min": -4.30258317863e-08,
        "var": 8.08790650457e-18
    },
    "spectral_energy": {
        "dmean": 0.00561579177156,
        "dmean2": 0.00819490849972,
        "dvar": 7.4164410762e-05,
        "dvar2": 0.000166045763763,
        "max": 0.171295031905,
        "mean": 0.0146883716807,
        "median": 0.0134435575455,
        "min": 9.75740958098e-21,
        "var": 0.000147150174598
    },
    "spectral_energyband_high": {
        "dmean": 0.000529514043592,
        "dmean2": 0.000749171304051,
        "dvar": 8.13532153643e-07,
        "dvar2": 1.52800726028e-06,
        "max": 0.0302329547703,
        "mean": 0.00105354492553,
        "median": 0.000633844058029,
        "min": 6.65977974568e-21,
        "var": 1.89899753877e-06
    },
    "spectral_energyband_low": {
        "dmean": 0.000361303129466,
        "dmean2": 0.000587725371588,
        "dvar": 7.17059037925e-07,
        "dvar2": 1.73718092356e-06,
        "max": 0.0152934975922,
        "mean": 0.00054958317196,
        "median": 0.000315291545121,
        "min": 6.0326197129e-24,
        "var": 8.40648738176e-07
    },
    "spectral_energyband_middle_high": {
        "dmean": 0.00251075741835,
        "dmean2": 0.00348401558585,
        "dvar": 9.02497504285e-06,
        "dvar2": 1.65159581229e-05,
        "max": 0.038201212883,
        "mean": 0.00736726587638,
        "median": 0.0058922348544,
        "min": 9.79368112772e-22,
        "var": 4.39222712885e-05
    },
    "spectral_energyband_middle_low": {
        "dmean": 0.00374817522243,
        "dmean2": 0.00598553428426,
        "dvar": 5.08478951815e-05,
        "dvar2": 0.000123670251924,
        "max": 0.153028592467,
        "mean": 0.00606292951852,
        "median": 0.00414740853012,
        "min": 1.41270902225e-22,
        "var": 5.78968792979e-05
    },
    "spectral_entropy": {
        "dmean": 0.11383998394,
        "dmean2": 0.159068435431,
        "dvar": 0.012956675142,
        "dvar2": 0.0239088349044,
        "max": 9.82886219025,
        "mean": 7.99103021622,
        "median": 7.81994056702,
        "min": 6.69726896286,
        "var": 0.454243183136
    },
    "spectral_flux": {
        "dmean": 0.0194766167551,
        "dmean2": 0.0294697247446,
        "dvar": 0.000633128220215,
        "dvar2": 0.0012985819485,
        "max": 0.376873850822,
        "mean": 0.0721573978662,
        "median": 0.0741885900497,
        "min": 6.29800378515e-11,
        "var": 0.00187537644524
    },
    "spectral_kurtosis": {
        "dmean": 1.38386201859,
        "dmean2": 2.36850762367,
        "dvar": 2.38315081596,
        "dvar2": 6.73185873032,
        "max": 18.714427948,
        "mean": 2.30135941505,
        "median": 1.99262928963,
        "min": -1.29553902149,
        "var": 5.07671928406
    },
    "spectral_rms": {
        "dmean": 0.000677816977259,
        "dmean2": 0.000946454238147,
        "dvar": 7.87074839081e-07,
        "dvar2": 1.60067168054e-06,
        "max": 0.0129273785278,
        "mean": 0.00332893873565,
        "median": 0.00362155586481,
        "min": 3.08535640613e-12,
        "var": 3.24836014443e-06
    },
    "spectral_rolloff": {
        "dmean": 633.265991211,
        "dmean2": 1019.64001465,
        "dvar": 606872.6875,
        "dvar2": 1333262.25,
        "max": 19767.4804688,
        "mean": 4503.27294922,
        "median": 2863.91601562,
        "min": 150.732421875,
        "var": 25991416
    },
    "spectral_skewness": {
        "dmean": 0.202394098043,
        "dmean2": 0.329414278269,
        "dvar": 0.040380358696,
        "dvar2": 0.105528980494,
        "max": 2.66506481171,
        "mean": 0.857069671154,
        "median": 0.902709901333,
        "min": -0.229442968965,
        "var": 0.183785736561
    },
    "spectral_spread": {
        "dmean": 432778.84375,
        "dmean2": 667534.375,
        "dvar": 500609122304,
        "dvar2": 1.19774786355e+12,
        "max": 48288408,
        "mean": 7506521.5,
        "median": 3550045,
        "min": 1361242.5,
        "var": 1.33070778794e+14
    },
    "spectral_strongpeak": {
        "dmean": 0.863151371479,
        "dmean2": 1.43225502968,
        "dvar": 1.55831992626,
        "dvar2": 3.822660923,
        "max": 11.9137935638,
        "mean": 1.36799860001,
        "median": 0.648446559906,
        "min": 0,
        "var": 2.89090752602
    },
    "zerocrossingrate": {
        "dmean": 0.0114009371027,
        "dmean2": 0.0139765096828,
        "dvar": 0.000173225853359,
        "dvar2": 0.000226757241762,
        "max": 0.806640625,
        "mean": 0.13538454473,
        "median": 0.09130859375,
        "min": 0.0185546875,
        "var": 0.0171467009932
    },
    "barkbands": {
        "dmean": [2.93130938189e-06, 8.66054106154e-05, 0.000161347255926, 0.00057355145691, 0.00188269990031, 0.000563868728932, 0.000788721546996, 0.000602754938882, 0.000525154115167, 0.000507547636516, 0.000346608168911, 0.000460722862044, 0.000484881049488, 0.000634364783764, 0.000516019994393, 0.000359232566552, 0.000354124087607, 0.000396995746996, 0.000307813344989, 0.000347195891663, 0.000177057663677, 0.000124724843772, 9.14806660148e-05, 3.98220472562e-05, 4.95835774927e-06, 2.85540391332e-08, 6.19124307377e-10],
        "dmean2": [5.20188950759e-06, 0.000144719917444, 0.000271037628409, 0.000999893178232, 0.00320764956996, 0.000910801754799, 0.0013138265349, 0.000979562639259, 0.000831916986499, 0.000817597901914, 0.000550822238438, 0.000706821039785, 0.000745375233237, 0.000989217311144, 0.000808294978924, 0.000560559157748, 0.000543302565347, 0.000606991350651, 0.000478966307128, 0.000518540851772, 0.000271434983006, 0.00017927463341, 0.000128227329697, 5.72312274016e-05, 7.3426012932e-06, 5.0599677337e-08, 1.1437544245e-09],
        "dvar": [4.31123400868e-11, 7.52159863282e-08, 1.74201773007e-07, 1.79290589131e-06, 2.08268938877e-05, 1.0462846376e-06, 3.27238649334e-06, 1.65425228715e-06, 1.39336395932e-06, 1.02968135707e-06, 5.75363458211e-07, 1.02079161479e-06, 9.8077759958e-07, 1.61664081588e-06, 1.11576969175e-06, 3.99942848617e-07, 3.89016634017e-07, 4.22291833502e-07, 2.19967660087e-07, 3.61708401897e-07, 1.12661609819e-07, 5.65091617943e-08, 5.06144033352e-08, 1.4236480439e-08, 1.78962816788e-10, 7.82011140685e-15, 8.84275823756e-19],
        "dvar2": [1.19081328132e-10, 1.96544604592e-07, 4.58773342871e-07, 4.91212631459e-06, 5.42983325431e-05, 2.68233634415e-06, 8.36350318423e-06, 3.95440611101e-06, 3.19906894219e-06, 2.61202671936e-06, 1.34909203098e-06, 2.17652132051e-06, 2.04333377951e-06, 3.45208400176e-06, 2.48444598583e-06, 9.27719952415e-07, 8.71891813858e-07, 9.37304776016e-07, 5.18085641943e-07, 7.51286393097e-07, 2.73426593367e-07, 1.19257265396e-07, 9.36295094789e-08, 2.75420877216e-08, 3.64496821614e-10, 2.20921320652e-14, 2.77507514983e-18],
        "max": [0.000144459598232, 0.00690660905093, 0.00933103077114, 0.0256913043559, 0.115604221821, 0.0209860112518, 0.0350176692009, 0.0419192910194, 0.0304301977158, 0.0205792877823, 0.0158705823123, 0.0257306639105, 0.0316540561616, 0.0250349156559, 0.0151594169438, 0.00943880714476, 0.0171954743564, 0.0110155846924, 0.00776370428503, 0.0100432094187, 0.00975131429732, 0.00547857442871, 0.0101892119274, 0.00557008106261, 0.000485752127133, 1.89457864508e-06, 1.00867225683e-08],
        "mean": [2.61421837422e-06, 0.000110516411951, 0.000206478172913, 0.000621415732894, 0.00188734172843, 0.000858010316733, 0.000965499901213, 0.000826119852718, 0.000748336955439, 0.000738812086638, 0.00053418346215, 0.000759591930546, 0.000868224538863, 0.000946701271459, 0.00074741744902, 0.000554428435862, 0.000623552128673, 0.000749785918742, 0.000571804586798, 0.000652978487778, 0.000285250658635, 0.000201469723834, 0.000152218548465, 6.75948685966e-05, 8.00230463938e-06, 2.64188191323e-08, 5.66191260543e-10],
        "median": [9.41454345593e-07, 4.2731022404e-05, 8.24980961625e-05, 0.000231386075029, 0.000688347674441, 0.000472579558846, 0.000357431679731, 0.000350712478394, 0.000293733202852, 0.000273401092272, 0.000185642624274, 0.000252201338299, 0.000255829421803, 0.000245922448812, 0.000254968937952, 0.000219472945901, 0.000289478513878, 0.000332477909978, 0.000315977173159, 0.000286119699012, 0.000146224425407, 9.65433864621e-05, 7.00130476616e-05, 2.77409926639e-05, 3.26180565935e-06, 1.15218874441e-08, 2.32096730723e-10],
        "min": [2.16213754835e-26, 9.4195297173e-25, 6.18676305982e-26, 1.41442489135e-25, 3.19777764415e-24, 3.74270678304e-24, 2.33142219904e-24, 2.88465607111e-24, 1.08378909753e-23, 7.79721399431e-24, 5.29780090728e-24, 1.39004596352e-23, 1.63967941925e-23, 2.4272391773e-23, 2.83400678338e-23, 4.31861618573e-23, 4.13711601529e-23, 7.96961686302e-23, 8.48076717517e-23, 1.36090446349e-22, 2.1804077555e-22, 2.66759790071e-22, 3.32590119016e-22, 5.36036462948e-22, 7.91622852401e-22, 1.18797211766e-21, 1.72738293628e-21],
        "var": [3.31053864877e-11, 6.85734846684e-08, 1.69697642605e-07, 1.45551166497e-06, 1.69563390955e-05, 1.49409765982e-06, 3.60348894901e-06, 2.27503232963e-06, 2.30257751355e-06, 1.70588259607e-06, 1.16219086976e-06, 2.7265693916e-06, 3.54899475496e-06, 3.21055631503e-06, 1.7737025928e-06, 7.76578815476e-07, 9.60214038059e-07, 1.13269663871e-06, 5.09888877787e-07, 8.94475078894e-07, 1.87651636452e-07, 1.00831634597e-07, 9.08897561658e-08, 2.69981033085e-08, 3.04424069286e-10, 5.15600135829e-15, 7.35470736148e-19]
    },
    "erbbands": {
        "dmean": [0.0009634832968, 0.0250585209578, 0.146066188812, 1.02053689957, 5.78010892868, 5.64096403122, 4.23418807983, 4.80787992477, 9.43315601349, 12.1976680756, 13.5757684708, 12.448132515, 12.0293655396, 16.1727542877, 13.4571380615, 18.5885429382, 21.9746398926, 23.4198284149, 33.6504707336, 20.8686103821, 18.1942367554, 18.7739429474, 21.0256137848, 16.6172637939, 15.5527324677, 17.2645683289, 9.43811321259, 5.86013841629, 4.52498149872, 3.56136798859, 2.41211438179, 1.27956211567, 0.431093126535, 0.100533865392, 0.0148339560255, 0.000717858376447, 5.16028994753e-05, 7.73756346462e-06, 4.33800096289e-06, 7.26071584722e-06],
        "dmean2": [0.00163494958542, 0.0412654653192, 0.238451197743, 1.75497710705, 10.0293722153, 9.77227115631, 6.92384576797, 7.93865585327, 15.7767162323, 20.0512523651, 22.1160316467, 19.6347198486, 19.0868701935, 25.6699371338, 21.1585845947, 28.1664657593, 33.4054946899, 35.5360794067, 52.0644798279, 32.4227714539, 27.8806915283, 28.2953777313, 31.7080535889, 25.5963191986, 23.712978363, 25.8845558167, 14.3483915329, 8.82707500458, 6.57259178162, 5.04539680481, 3.41668701172, 1.82650327682, 0.636714279652, 0.147481679916, 0.0217512007803, 0.00109057442751, 7.93395083747e-05, 1.11888211904e-05, 5.82718621445e-06, 1.02210206023e-05],
        "dvar": [7.21869855624e-06, 0.00590537581593, 0.126644268632, 5.42621803284, 226.6690979, 199.378051758, 74.6082763672, 93.1089477539, 462.98739624, 778.720581055, 905.784973145, 889.736206055, 671.158935547, 1173.484375, 804.603210449, 1895.37365723, 1932.34973145, 2206.83251953, 4466.10009766, 1295.35046387, 1120.88098145, 1112.53112793, 1224.32055664, 677.140319824, 605.574035645, 967.058898926, 337.246063232, 127.094596863, 77.6504974365, 59.4942398071, 33.7851142883, 16.5068893433, 1.83069300652, 0.0720436349511, 0.0014544527512, 2.80213407677e-06, 1.95946832093e-08, 3.74864306263e-10, 4.09737417606e-11, 1.12539561004e-10],
        "dvar2": [1.88958147191e-05, 0.0150258969516, 0.309081435204, 14.7372636795, 595.499023438, 540.764831543, 197.711349487, 241.278656006, 1189.71447754, 1942.9588623, 2189.63623047, 2078.90771484, 1648.07067871, 2974.46362305, 1914.55993652, 3975.29174805, 4112.68408203, 4693.75244141, 9758.31054688, 2920.43359375, 2544.91064453, 2396.58227539, 2636.23730469, 1570.44543457, 1401.16223145, 2036.4173584, 789.293701172, 284.283691406, 168.761672974, 123.521636963, 60.2963371277, 30.6414012909, 4.28089475632, 0.146346613765, 0.00289621087722, 6.17082378085e-06, 4.92628977611e-08, 8.87292683771e-10, 7.5809913902e-11, 2.38401076658e-10],
        "max": [0.0817478597164, 1.99497866631, 7.39872598648, 47.440612793, 341.155395508, 411.259796143, 214.350708008, 243.980987549, 567.842651367, 580.514221191, 956.895690918, 699.011413574, 742.78692627, 760.027587891, 764.554199219, 1330.17895508, 1202.22546387, 1165.96862793, 907.18927002, 602.168212891, 565.17791748, 1200.86975098, 730.057922363, 558.059143066, 443.557525635, 499.099609375, 535.891784668, 314.825561523, 250.523696899, 284.72567749, 285.391571045, 220.956985474, 56.4028167725, 9.90307426453, 1.36181473732, 0.0348476879299, 0.00371379684657, 0.000560766668059, 0.00017361465143, 0.000202707189601],
        "mean": [0.00122028426267, 0.033456299454, 0.209429830313, 1.20988631248, 5.13213014603, 5.94250535965, 5.93115091324, 7.02105140686, 11.7834615707, 15.8261384964, 19.2676544189, 17.9545612335, 18.2360057831, 25.8672981262, 23.0305233002, 32.948513031, 41.6096878052, 41.941619873, 49.3390579224, 33.5360336304, 30.82097435, 35.1625862122, 41.1562957764, 32.7331771851, 29.8959541321, 32.3358917236, 16.408908844, 9.59554290771, 7.26165819168, 5.7657623291, 4.0530333519, 2.16471791267, 0.724189519882, 0.167700484395, 0.0239932276309, 0.00119577615988, 8.52472148836e-05, 1.56351634359e-05, 1.23782810988e-05, 2.00925132958e-05],
        "median": [0.000657763273921, 0.0136516131461, 0.0986751019955, 0.53157889843, 1.53199672699, 2.2532787323, 2.99038362503, 3.81607198715, 4.9363026619, 6.29530334473, 8.47909545898, 7.38395166397, 7.68348312378, 10.3420715332, 10.2065210342, 11.925658226, 13.9222488403, 14.0164384842, 17.5309638977, 14.9996852875, 13.7166233063, 17.2427520752, 19.5462837219, 17.1141929626, 15.6882266998, 13.7268753052, 8.42085647583, 4.81878948212, 3.51645946503, 2.61818003654, 1.8471570015, 0.936182379723, 0.296555519104, 0.0696173012257, 0.0098163690418, 0.000575969694182, 4.49592153018e-05, 1.0337213098e-05, 1.13097521535e-05, 1.86963170563e-05],
        "min": [2.73585797173e-23, 1.88998034598e-22, 9.16135849887e-22, 2.07130246105e-21, 6.54936769367e-21, 1.305021042e-20, 2.2497905485e-20, 3.62637531507e-20, 7.87274317876e-20, 1.1919196998e-19, 1.59903434511e-19, 2.52474005268e-19, 2.51511477228e-19, 5.50168527058e-19, 5.64769298846e-19, 7.20068839937e-19, 1.17081108455e-18, 1.31924895566e-18, 1.81456274191e-18, 2.37548446183e-18, 2.99753751736e-18, 3.31292762965e-18, 4.54532189721e-18, 4.38172542438e-18, 6.28534925528e-18, 7.0714140283e-18, 7.88248612561e-18, 8.88673798317e-18, 9.64580440818e-18, 8.6089053862e-18, 9.45714767151e-18, 9.13397730517e-18, 8.56352873934e-18, 7.62356370463e-18, 5.6190879455e-18, 3.57622687005e-18, 2.06239908152e-18, 8.51985587774e-19, 2.2898553969e-19, 2.36385568536e-20],
        "var": [6.53001507089e-06, 0.00579953799024, 0.149588450789, 4.62854623795, 171.827926636, 155.613525391, 85.1736984253, 124.476486206, 541.71697998, 913.976806641, 1253.98022461, 1433.56530762, 1087.53405762, 2192.94238281, 1698.55737305, 5236.11279297, 6839.57568359, 6070.43652344, 6838.22900391, 2600.71582031, 2252.67138672, 2894.80004883, 3392.06616211, 1771.01965332, 1448.3494873, 2304.6484375, 623.670043945, 218.262832642, 131.568222046, 101.988418579, 64.3518447876, 30.4948673248, 2.70333719254, 0.126504465938, 0.00243043038063, 4.23727260568e-06, 2.17919247092e-08, 5.2220533453e-10, 1.10985394486e-10, 2.63057076122e-10]
    },
    "gfcc": {
        "mean": [-145.353103638, 85.2174835205, -167.502258301, 43.6553535461, -77.4574050903, 4.94230365753, -37.6774253845, -9.04013156891, -15.1009082794, -17.0217723846, -1.30670702457, -18.3965473175, -2.00853943825],
        "cov": [[123118, 10407.9853516, -20481.4785156, 5433.8359375, -9417.3984375, 448.258453369, -4549.31347656, -1213.73095703, -1845.44775391, -2201.13232422, -169.408721924, -2345.4206543, -265.53604126], [10407.9853516, 1553.82336426, -1549.20666504, 468.584899902, -638.445983887, -78.315246582, -364.056030273, -138.584716797, -227.946502686, -208.214630127, 0.48647069931, -236.450256348, -43.6575126648], [-20481.4785156, -1549.20666504, 3906.64819336, -664.65625, 1521.39294434, -117.401817322, 718.128112793, 192.239593506, 251.612915039, 363.851043701, -30.1895923615, 385.455291748, 17.9930305481], [5433.8359375, 468.584899902, -664.65625, 521.81628418, -401.939178467, -41.816947937, -216.451461792, -35.7965431213, -103.369232178, -97.8288345337, -48.985660553, -98.6014633179, -20.1876239777], [-9417.3984375, -638.445983887, 1521.39294434, -401.939178467, 925.696166992, -61.9653930664, 375.995117188, 80.8985366821, 131.056121826, 159.810089111, 24.5231800079, 160.16229248, 20.0215206146], [448.258453369, -78.315246582, -117.401817322, -41.816947937, -61.9653930664, 220.583129883, 7.23946619034, -24.8444957733, 8.6803188324, 14.5044183731, -0.229817479849, 1.25031018257, -1.10255348682], [-4549.31347656, -364.056030273, 718.128112793, -216.451461792, 375.995117188, 7.23946619034, 284.709320068, 59.5567169189, 46.162853241, 75.9809112549, 30.3746509552, 77.8199539185, -2.18969082832], [-1213.73095703, -138.584716797, 192.239593506, -35.7965431213, 80.8985366821, -24.8444957733, 59.5567169189, 104.972877502, 45.484703064, 28.3860855103, 1.34929275513, 33.4536590576, 10.0659418106], [-1845.44775391, -227.946502686, 251.612915039, -103.369232178, 131.056121826, 8.6803188324, 46.162853241, 45.484703064, 130.313995361, 55.3180122375, 2.37114334106, 40.5188446045, 15.5060873032], [-2201.13232422, -208.214630127, 363.851043701, -97.8288345337, 159.810089111, 14.5044183731, 75.9809112549, 28.3860855103, 55.3180122375, 102.839393616, 20.5690689087, 47.1112594604, 3.51981592178], [-169.408721924, 0.48647069931, -30.1895923615, -48.985660553, 24.5231800079, -0.229817479849, 30.3746509552, 1.34929275513, 2.37114334106, 20.5690689087, 73.9151992798, 20.624786377, -3.66659331322], [-2345.4206543, -236.450256348, 385.455291748, -98.6014633179, 160.16229248, 1.25031018257, 77.8199539185, 33.4536590576, 40.5188446045, 47.1112594604, 20.624786377, 100.422874451, 26.1394615173], [-265.53604126, -43.6575126648, 17.9930305481, -20.1876239777, 20.0215206146, -1.10255348682, -2.18969082832, 10.0659418106, 15.5060873032, 3.51981592178, -3.66659331322, 26.1394615173, 44.862121582]],
        "icov": [[0.000613466952927, -0.000954840448685, 0.00167137780227, -0.00173297466245, 0.0015024318127, -0.0006726202555, 0.000758476438932, -3.38193858624e-05, 0.000303071370581, 0.000385184015613, -0.000181872776011, 0.000722845376004, 3.82426696888e-05], [-0.000954840448685, 0.00313357682899, -0.00238544913009, 0.00222736550495, -0.00264882226475, 0.00147104857024, -0.000384496786864, 0.000300355313811, 0.000727661885321, 1.87771893252e-05, -0.000936269410886, 0.000793345563579, -0.000302782398649], [0.00167137780227, -0.00238544913009, 0.0058992174454, -0.0048271343112, 0.00300144893117, -0.00117301265709, 0.00111799663864, 0.000222780101467, 0.00109291030094, -0.00062527472619, 0.00203802972101, -0.000748547841795, 0.0019434466958], [-0.00173297466245, 0.00222736550495, -0.0048271343112, 0.00870824512094, -0.00330535764806, 0.00247735599987, -0.000947224267293, -0.000894677825272, 0.000438056275016, -0.00121026579291, 0.00229750131257, -0.00218305061571, 0.000858721206896], [0.0015024318127, -0.00264882226475, 0.00300144893117, -0.00330535764806, 0.00808435864747, -0.000643092906103, -0.000857136503328, 0.000958646298386, -0.000546640483662, 0.000460744806333, -0.000593042117544, 0.00201859558001, -0.001328634331], [-0.0006726202555, 0.00147104857024, -0.00117301265709, 0.00247735599987, -0.000643092906103, 0.00666067190468, -0.0026461633388, 0.00237166904844, -0.000734207569622, -0.00260515557602, 0.00231124763377, -0.00227093161084, 0.000795262283646], [0.000758476438932, -0.000384496786864, 0.00111799663864, -0.000947224267293, -0.000857136503328, -0.0026461633388, 0.0122190229595, -0.00409489031881, 0.00336640211754, 0.00203535356559, -0.00456133950502, 0.00309768109582, 0.00157229870092], [-3.38193858624e-05, 0.000300355313811, 0.000222780101467, -0.000894677825272, 0.000958646298386, 0.00237166904844, -0.00409489031881, 0.0140610346571, -0.00423563877121, -0.00121641065925, 0.00173443532549, -0.00274824653752, -0.000821702124085], [0.000303071370581, 0.000727661885321, 0.00109291030094, 0.000438056275016, -0.000546640483662, -0.000734207569622, 0.00336640211754, -0.00423563877121, 0.0138005949557, -0.00391366239637, 0.000510932761244, 0.00128050975036, -0.00156593893189], [0.000385184015613, 1.87771893252e-05, -0.00062527472619, -0.00121026579291, 0.000460744806333, -0.00260515557602, 0.00203535356559, -0.00121641065925, -0.00391366239637, 0.020213605836, -0.0071704662405, 0.00189951155335, 0.000180914401426], [-0.000181872776011, -0.000936269410886, 0.00203802972101, 0.00229750131257, -0.000593042117544, 0.00231124763377, -0.00456133950502, 0.00173443532549, 0.000510932761244, -0.0071704662405, 0.0230585653335, -0.0115254912525, 0.00692454259843], [0.000722845376004, 0.000793345563579, -0.000748547841795, -0.00218305061571, 0.00201859558001, -0.00227093161084, 0.00309768109582, -0.00274824653752, 0.00128050975036, 0.00189951155335, -0.0115254912525, 0.0295076984912, -0.0145470993593], [3.82426696888e-05, -0.000302782398649, 0.0019434466958, 0.000858721206896, -0.001328634331, 0.000795262283646, 0.00157229870092, -0.000821702124085, -0.00156593893189, 0.000180914401426, 0.00692454259843, -0.0145470993593, 0.0322718322277]]
    },
    "melbands": {
        "dmean": [1.60669023899e-05, 5.88110269746e-05, 0.000304752524244, 0.000454922264908, 0.000155543661094, 0.00010967500566, 0.00014993599325, 0.000130859931232, 0.000106695835711, 7.71942577558e-05, 6.23093073955e-05, 6.90858578309e-05, 4.66810597572e-05, 4.78321817354e-05, 5.61940796615e-05, 4.68626058137e-05, 4.76646710013e-05, 6.09899034316e-05, 3.67063730664e-05, 2.5328812626e-05, 2.24455725402e-05, 1.96556320589e-05, 2.32900874835e-05, 1.93988544197e-05, 1.41443897519e-05, 1.15616385301e-05, 1.24477510326e-05, 1.20487857203e-05, 6.91719833412e-06, 4.22229641117e-06, 3.42805788023e-06, 2.78711536339e-06, 2.26752626986e-06, 2.02237356461e-06, 1.54250790274e-06, 1.070999474e-06, 7.29005762423e-07, 3.65104938282e-07, 1.42416283211e-07, 6.77417659745e-08],
        "dmean2": [2.70494783763e-05, 9.5346418675e-05, 0.000526362855453, 0.000782967777923, 0.000258629181189, 0.000179828886758, 0.000250917684752, 0.000214167390368, 0.000173267893842, 0.00012203353981, 9.93578723865e-05, 0.000110262531962, 7.4195661e-05, 7.42222400731e-05, 8.41380315251e-05, 7.14941197657e-05, 7.31995387468e-05, 9.51062393142e-05, 5.73766556045e-05, 3.98640950152e-05, 3.48972826032e-05, 3.0004315704e-05, 3.59312762157e-05, 3.01512682199e-05, 2.21109748963e-05, 1.81193681783e-05, 1.89676156879e-05, 1.82471831067e-05, 1.05581675598e-05, 6.6121197051e-06, 5.15569490744e-06, 4.1565031097e-06, 3.34866831508e-06, 2.92076288133e-06, 2.21367099584e-06, 1.58937587003e-06, 1.06494917418e-06, 5.53042468709e-07, 2.13724192122e-07, 1.01758807602e-07],
        "dvar": [2.50320342232e-09, 2.17872528907e-08, 5.37864480066e-07, 1.2763621271e-06, 1.1295966118e-07, 4.5688548056e-08, 1.17033316371e-07, 8.02990882676e-08, 5.36818696162e-08, 3.51164004542e-08, 1.78251600147e-08, 2.13604192112e-08, 1.07945448136e-08, 1.03879740365e-08, 1.83601596149e-08, 1.15102221088e-08, 9.51796419457e-09, 1.53375427914e-08, 5.45782041783e-09, 2.12641571018e-09, 1.99243355148e-09, 1.36779598758e-09, 1.68981384441e-09, 1.14151832431e-09, 5.43695199973e-10, 3.21065257713e-10, 4.33773961195e-10, 5.10524733599e-10, 2.03648445329e-10, 7.38384978161e-11, 4.30550456398e-11, 3.05055321281e-11, 1.90266795375e-11, 2.44212931128e-11, 1.42755599009e-11, 9.20377142555e-12, 5.71851377015e-12, 1.58433834628e-12, 1.21800234286e-13, 4.18325042575e-14],
        "dvar2": [6.5579581765e-09, 5.04347532626e-08, 1.43543536524e-06, 3.35565187015e-06, 3.04734925294e-07, 1.18388960857e-07, 2.99918468727e-07, 1.9584776112e-07, 1.26572174963e-07, 8.32587687682e-08, 4.38645493261e-08, 5.40725721976e-08, 2.55687684358e-08, 2.32595951388e-08, 3.69190935601e-08, 2.26058478603e-08, 2.03304253432e-08, 3.33147518461e-08, 1.19146861266e-08, 5.0326502965e-09, 4.5614982902e-09, 2.99697133777e-09, 3.72922448477e-09, 2.65743249628e-09, 1.29599220244e-09, 7.67027552584e-10, 9.85150960808e-10, 1.08034470259e-09, 4.58611898457e-10, 1.91011567674e-10, 9.43746122917e-11, 6.88672383009e-11, 4.06269289044e-11, 5.37718862492e-11, 2.7062126845e-11, 1.77009847752e-11, 1.09971311571e-11, 3.95018653204e-12, 2.56653232738e-13, 8.8616979965e-14],
        "max": [0.00120041775517, 0.00341942370869, 0.0149351265281, 0.0290958322585, 0.00850563682616, 0.00491760950536, 0.00823541823775, 0.00669766077772, 0.00657101161778, 0.00455752760172, 0.00367394881323, 0.00304185389541, 0.00244553596713, 0.00282755610533, 0.0037800075952, 0.00434057880193, 0.0027052804362, 0.00146506284364, 0.00128675391898, 0.000713711080607, 0.000908848538529, 0.00125041592401, 0.000959260738455, 0.000565604888834, 0.000576833903324, 0.000320782943163, 0.000457363959868, 0.000401127501391, 0.000412179157138, 0.000249481672654, 0.000181001902092, 0.00016127093113, 0.000116810086183, 0.000211974300328, 0.000173133143107, 0.000155139015988, 0.000126160521177, 5.73983852519e-05, 8.50351898407e-06, 7.89006753621e-06],
        "mean": [2.04991101782e-05, 8.56809347169e-05, 0.000316794845276, 0.000438840914285, 0.000212278799154, 0.000162938740687, 0.000185802768101, 0.000174022687133, 0.000152797700139, 0.000108215906948, 9.09106965992e-05, 0.000106374558527, 7.55353394197e-05, 7.71646809881e-05, 9.72901107161e-05, 8.49357238621e-05, 7.78081448516e-05, 8.33891317598e-05, 5.38915264769e-05, 3.8238173147e-05, 3.54443727701e-05, 3.37168421538e-05, 4.12528497691e-05, 3.48858957295e-05, 2.55402574112e-05, 2.07525044971e-05, 2.23398383241e-05, 2.13074054045e-05, 1.1259871826e-05, 6.5752892624e-06, 5.19556579093e-06, 4.22031098424e-06, 3.52436177309e-06, 3.10043424179e-06, 2.45197611548e-06, 1.76546109287e-06, 1.15740567708e-06, 5.75902163291e-07, 2.33653324244e-07, 1.03083714009e-07],
        "median": [9.13498570299e-06, 3.84729100915e-05, 0.000125430116896, 0.00015302785323, 0.000110249166028, 9.06399873202e-05, 7.57971138228e-05, 7.31875697966e-05, 6.60949153826e-05, 4.13025118178e-05, 3.58597208105e-05, 4.04611819249e-05, 2.99442435789e-05, 2.87097027467e-05, 3.06048532366e-05, 2.40509416471e-05, 2.13050589082e-05, 2.49519107456e-05, 1.88098856597e-05, 1.48523595271e-05, 1.37342740345e-05, 1.51638450916e-05, 1.80279366759e-05, 1.50508421939e-05, 1.26053128042e-05, 1.10159035103e-05, 1.00145716715e-05, 8.4612165665e-06, 5.0597191148e-06, 3.13328109769e-06, 2.40970712184e-06, 1.98278576136e-06, 1.56864859946e-06, 1.34923061523e-06, 1.09502025225e-06, 7.81000039751e-07, 4.51100333976e-07, 2.261123484e-07, 9.48380574073e-08, 3.92883947598e-08],
        "min": [5.61989784387e-25, 5.77208686186e-25, 4.47328999724e-25, 7.37567542138e-25, 7.76730492474e-25, 6.92709952839e-25, 8.79417798405e-25, 1.01911737333e-24, 1.31154643456e-24, 1.71475838816e-24, 1.00114337482e-24, 1.76807414409e-24, 1.27259790648e-24, 2.11727860936e-24, 1.72915391639e-24, 1.58378154409e-24, 2.158060746e-24, 1.65773991636e-24, 2.32408638427e-24, 2.14723895489e-24, 2.60917992655e-24, 2.32317603878e-24, 2.63897914725e-24, 3.59266188899e-24, 2.93869600135e-24, 2.40937348939e-24, 3.34893581815e-24, 3.6192283577e-24, 3.81862636213e-24, 3.90114200168e-24, 3.98512295035e-24, 3.79606612353e-24, 4.41816498883e-24, 3.57755756924e-24, 4.66919354508e-24, 4.34415603086e-24, 4.71000723616e-24, 5.41856880655e-24, 5.24442815615e-24, 5.87936021066e-24],
        "var": [2.21554086188e-09, 2.73218390134e-08, 4.22181130943e-07, 1.00379907053e-06, 1.13618625619e-07, 6.1741282309e-08, 1.32738307457e-07, 9.90466233475e-08, 7.77490498649e-08, 5.51093002343e-08, 2.83937975354e-08, 3.88326348855e-08, 2.16816484766e-08, 2.53334953015e-08, 5.54645751549e-08, 4.4246647235e-08, 2.44934827975e-08, 2.31902852477e-08, 9.81061010208e-09, 4.11736733597e-09, 3.76432929272e-09, 3.26499960401e-09, 4.05979072582e-09, 2.66126165549e-09, 1.24375709731e-09, 6.87040202507e-10, 9.87883663761e-10, 1.154529361e-09, 3.73609559956e-10, 1.19317916658e-10, 7.02442132239e-11, 4.73206474005e-11, 3.3369359359e-11, 3.55999917045e-11, 2.46915751734e-11, 1.64967640243e-11, 1.00554139668e-11, 1.96411528534e-12, 2.26019913506e-13, 6.22265707386e-14]
    },
    "mfcc": {
        "mean": [-684.50189209, 83.0090408325, -31.0834350586, 17.6818752289, -14.9145021439, -0.48001947999, -11.2563514709, -0.983520627022, -13.8458871841, 0.347464293242, -8.00788879395, -2.27510976791, -6.67299079895],
        "cov": [[28331.4707031, 4408.78759766, -1980.43603516, 1086.17919922, -937.937255859, -51.0671348572, -689.739074707, -46.8902854919, -845.785766602, 41.9738845825, -487.095794678, -199.419296265, -454.028747559], [4408.78759766, 1537.39355469, -328.828399658, 297.666259766, -83.5368728638, -26.5118045807, -29.5063362122, -35.102432251, -185.050430298, -21.2948036194, -73.1431350708, -45.1036834717, -60.5565223694], [-1980.43603516, -328.828399658, 636.852111816, 90.0532836914, 68.7053833008, 41.4952545166, 15.5700912476, -8.49190807343, 67.3665924072, -36.8005447388, 31.7971420288, -7.34742593765, 22.5600738525], [1086.17919922, 297.666259766, 90.0532836914, 452.278564453, 33.0148429871, -68.4557876587, -8.2458896637, -9.94591712952, -31.9262466431, -26.1096191406, -33.7559280396, -25.5522098541, 3.73924517632], [-937.937255859, -83.5368728638, 68.7053833008, 33.0148429871, 160.804824829, 19.1740837097, 2.19542980194, -4.62342691422, 45.3604736328, -2.18420791626, 11.0004367828, 0.246015951037, 22.2577819824], [-51.0671348572, -26.5118045807, 41.4952545166, -68.4557876587, 19.1740837097, 154.032516479, 36.4155693054, -0.962850391865, 3.18966960907, 2.15581035614, 18.3617210388, -6.7694439888, -21.9696083069], [-689.739074707, -29.5063362122, 15.5700912476, -8.2458896637, 2.19542980194, 36.4155693054, 154.200378418, 26.2792167664, -7.78461551666, 1.03587400913, 25.1442146301, 1.87261593342, 0.72507327795], [-46.8902854919, -35.102432251, -8.49190807343, -9.94591712952, -4.62342691422, -0.962850391865, 26.2792167664, 70.054397583, 18.7871761322, 2.35393595695, 1.90681934357, 5.06260967255, 3.76600909233], [-845.785766602, -185.050430298, 67.3665924072, -31.9262466431, 45.3604736328, 3.18966960907, -7.78461551666, 18.7871761322, 105.981941223, 15.188079834, 12.7803707123, 3.47749853134, 20.8509540558], [41.9738845825, -21.2948036194, -36.8005447388, -26.1096191406, -2.18420791626, 2.15581035614, 1.03587400913, 2.35393595695, 15.188079834, 70.5550460815, 13.3531312943, 4.51490497589, -1.29612791538], [-487.095794678, -73.1431350708, 31.7971420288, -33.7559280396, 11.0004367828, 18.3617210388, 25.1442146301, 1.90681934357, 12.7803707123, 13.3531312943, 67.8811416626, 19.6646289825, 5.41594314575], [-199.419296265, -45.1036834717, -7.34742593765, -25.5522098541, 0.246015951037, -6.7694439888, 1.87261593342, 5.06260967255, 3.47749853134, 4.51490497589, 19.6646289825, 67.2894363403, 29.7847442627], [-454.028747559, -60.5565223694, 22.5600738525, 3.73924517632, 22.2577819824, -21.9696083069, 0.72507327795, 3.76600909233, 20.8509540558, -1.29612791538, 5.41594314575, 29.7847442627, 66.2097702026]],
