{
"lowlevel": {
    "average_loudness": 0.411547988653,
    "barkbands_crest": {
        "dmean": 2.44972300529,
        "dmean2": 3.94853806496,
        "dvar": 5.34668922424,
        "dvar2": 12.9898271561,
        "max": 24.9672718048,
        "mean": 9.38152217865,
        "median": 8.57545471191,
        "min": 2.53487062454,
        "var": 16.3705253601
    },
    "barkbands_flatness_db": {
        "dmean": 0.0188709702343,
        "dmean2": 0.0285143833607,
        "dvar": 0.00036548144999,
        "dvar2": 0.000676983676385,
        "max": 0.371223956347,
        "mean": 0.181410118937,
        "median": 0.180697590113,
        "min": 0.0384986996651,
        "var": 0.00203055026941
    },
    "barkbands_kurtosis": {
        "dmean": 1.78138756752,
        "dmean2": 2.76864647865,
        "dvar": 8.3567943573,
        "dvar2": 17.9709033966,
        "max": 74.2199935913,
        "mean": 2.42963981628,
        "median": 0.950410366058,
        "min": -1.84571361542,
        "var": 21.4530124664
    },
    "barkbands_skewness": {
        "dmean": 0.428774803877,
        "dmean2": 0.654658794403,
        "dvar": 0.184988886118,
        "dvar2": 0.392753690481,
        "max": 7.16461133957,
        "mean": 0.974373579025,
        "median": 0.896924436092,
        "min": -2.03876876831,
        "var": 0.886014699936
    },
    "barkbands_spread": {
        "dmean": 2.73297166824,
        "dmean2": 4.20043325424,
        "dvar": 9.2707567215,
        "dvar2": 18.6384983063,
        "max": 68.0331420898,
        "mean": 12.3284339905,
        "median": 10.8742980957,
        "min": 0.671369493008,
        "var": 55.3642425537
    },
    "dissonance": {
        "dmean": 0.0244832634926,
        "dmean2": 0.0404484346509,
        "dvar": 0.000644607527647,
        "dvar2": 0.00163303629961,
        "max": 0.500000119209,
        "mean": 0.454107582569,
        "median": 0.464432299137,
        "min": 0.130437806249,
        "var": 0.00155904598068
    },
    "dynamic_complexity": 4.66589546204,
    "erbbands_crest": {
        "dmean": 2.89906287193,
        "dmean2": 4.64791250229,
        "dvar": 7.51730298996,
        "dvar2": 17.8263263702,
        "max": 32.3300247192,
        "mean": 10.391078949,
        "median": 9.2510881424,
        "min": 2.04119586945,
        "var": 22.523809433
    },
    "erbbands_flatness_db": {
        "dmean": 0.0167375542223,
        "dmean2": 0.0241564083844,
        "dvar": 0.000306847126922,
        "dvar2": 0.000533657032065,
        "max": 0.407980948687,
        "mean": 0.243703022599,
        "median": 0.244041591883,
        "min": 0.036453653127,
        "var": 0.0020232682582
    },
    "erbbands_kurtosis": {
        "dmean": 1.08736670017,
        "dmean2": 1.70969998837,
        "dvar": 3.07843327522,
        "dvar2": 6.73642110825,
        "max": 45.8145904541,
        "mean": 0.971709489822,
        "median": 0.184277534485,
        "min": -1.82330989838,
        "var": 8.88156509399
    },
    "erbbands_skewness": {
        "dmean": 0.381298571825,
        "dmean2": 0.5905123353,
        "dvar": 0.133238404989,
        "dvar2": 0.291776150465,
        "max": 5.55479574203,
        "mean": 0.408705145121,
        "median": 0.32333663106,
        "min": -2.8579864502,
        "var": 0.588101863861
    },
    "erbbands_spread": {
        "dmean": 4.29320955276,
        "dmean2": 6.46594810486,
        "dvar": 20.6407203674,
        "dvar2": 44.297996521,
        "max": 84.1184692383,
        "mean": 21.0029010773,
        "median": 19.0140361786,
        "min": 1.63354182243,
        "var": 128.846633911
    },
    "hfc": {
        "dmean": 4.13515377045,
        "dmean2": 5.62192821503,
        "dvar": 41.4033508301,
        "dvar2": 74.4747085571,
        "max": 158.882781982,
        "mean": 13.2879934311,
        "median": 7.3599395752,
        "min": 1.17727984373e-16,
        "var": 236.319854736
    },
    "melbands_crest": {
        "dmean": 3.01773071289,
        "dmean2": 4.85975265503,
        "dvar": 7.80342054367,
        "dvar2": 19.4108695984,
        "max": 32.1992034912,
        "mean": 11.9327573776,
        "median": 11.0743150711,
        "min": 1.65769672394,
        "var": 26.732427597
    },
    "melbands_flatness_db": {
        "dmean": 0.019816076383,
        "dmean2": 0.0293938964605,
        "dvar": 0.000448827893706,
        "dvar2": 0.000805421092082,
        "max": 0.427287787199,
        "mean": 0.220965340734,
        "median": 0.224837318063,
        "min": 0.00294883712195,
        "var": 0.00291539845057
    },
    "melbands_kurtosis": {
        "dmean": 2.51874876022,
        "dmean2": 3.90627646446,
        "dvar": 15.8992776871,
        "dvar2": 35.9649047852,
        "max": 83.3763122559,
        "mean": 4.40214776993,
        "median": 2.41532468796,
        "min": -1.76673662663,
        "var": 41.2314147949
    },
    "melbands_skewness": {
        "dmean": 0.467755883932,
        "dmean2": 0.704620242119,
        "dvar": 0.222155496478,
        "dvar2": 0.478234231472,
        "max": 7.50970697403,
        "mean": 1.33374917507,
        "median": 1.23106145859,
        "min": -1.74728560448,
        "var": 1.18074560165
    },
    "melbands_spread": {
        "dmean": 4.44695425034,
        "dmean2": 6.94022321701,
        "dvar": 29.3950595856,
        "dvar2": 60.3906440735,
        "max": 142.534713745,
        "mean": 18.3681507111,
        "median": 16.7346191406,
        "min": 1.30933952332,
        "var": 106.956413269
    },
    "pitch_salience": {
        "dmean": 0.0610332936049,
        "dmean2": 0.0987872704864,
        "dvar": 0.00304676708765,
        "dvar2": 0.00756796868518,
        "max": 0.944240927696,
        "mean": 0.624799251556,
        "median": 0.627158880234,
        "min": 0.154129967093,
        "var": 0.012392193079
    },
    "silence_rate_20dB": {
        "dmean": 0,
        "dmean2": 0,
        "dvar": 0,
        "dvar2": 0,
        "max": 1,
        "mean": 1,
        "median": 1,
        "min": 1,
        "var": 0
    },
    "silence_rate_30dB": {
        "dmean": 0.00344431679696,
        "dmean2": 0.0068892929703,
        "dvar": 0.00343209458515,
        "dvar2": 0.00798871647567,
        "max": 1,
        "mean": 0.995503664017,
        "median": 1,
        "min": 0,
        "var": 0.00447647459805
    },
    "silence_rate_60dB": {
        "dmean": 0.0549177192152,
        "dmean2": 0.1098459512,
        "dvar": 0.0518978238106,
        "dvar2": 0.112718738616,
        "max": 1,
        "mean": 0.201855927706,
        "median": 0,
        "min": 0,
        "var": 0.161131039262
    },
    "spectral_centroid": {
        "dmean": 156.141433716,
        "dmean2": 237.173828125,
        "dvar": 39063.3398438,
        "dvar2": 75753.515625,
        "max": 11707.0341797,
        "mean": 1071.14257812,
        "median": 979.478271484,
        "min": 300.581054688,
        "var": 209963.28125
    },
    "spectral_complexity": {
        "dmean": 2.46995782852,
        "dmean2": 3.86374521255,
        "dvar": 5.28632879257,
        "dvar2": 11.9208974838,
        "max": 42,
        "mean": 15.2195539474,
        "median": 15,
        "min": 0,
        "var": 54.0681915283
    },
    "spectral_decrease": {
        "dmean": 1.45250711459e-09,
        "dmean2": 2.0666077738e-09,
        "dvar": 6.067048847e-18,
        "dvar2": 1.17097325331e-17,
        "max": 3.19039413362e-29,
        "mean": -4.24503765473e-09,
        "median": -2.57987076147e-09,
        "min": -5.57678312418e-08,
        "var": 2.30324818514e-17
    },
    "spectral_energy": {
        "dmean": 0.0058236066252,
        "dmean2": 0.00826204381883,
        "dvar": 9.63351994869e-05,
        "dvar2": 0.000184818432899,
        "max": 0.222022458911,
        "mean": 0.01722702384,
        "median": 0.010367969051,
        "min": 1.0596711136e-20,
        "var": 0.000376159936422
    },
    "spectral_energyband_high": {
        "dmean": 2.65113212663e-05,
        "dmean2": 3.96015384467e-05,
        "dvar": 4.26430801781e-09,
        "dvar2": 9.09745612176e-09,
        "max": 0.00220378604718,
        "mean": 5.98376063863e-05,
        "median": 2.57685715042e-05,
        "min": 7.47217854375e-21,
        "var": 9.97937910086e-09
    },
    "spectral_energyband_low": {
        "dmean": 0.000240443638177,
        "dmean2": 0.000394434347982,
        "dvar": 2.15407908399e-07,
        "dvar2": 5.50990080228e-07,
        "max": 0.0104605760425,
        "mean": 0.000526914896909,
        "median": 0.000272674165899,
        "min": 2.76198788481e-23,
        "var": 4.92592732826e-07
    },
    "spectral_energyband_middle_high": {
        "dmean": 0.00183732388541,
        "dmean2": 0.00261620827951,
        "dvar": 1.23229610836e-05,
        "dvar2": 2.49925360549e-05,
        "max": 0.121046259999,
        "mean": 0.00539761362597,
        "median": 0.00251229759306,
        "min": 1.67391821028e-21,
        "var": 6.70244044159e-05
    },
    "spectral_energyband_middle_low": {
        "dmean": 0.00502482615411,
        "dmean2": 0.00728587247431,
        "dvar": 8.52918601595e-05,
        "dvar2": 0.000172157815541,
        "max": 0.209866195917,
        "mean": 0.0117035917938,
        "median": 0.00684718834236,
        "min": 2.46991617362e-22,
        "var": 0.000240556939389
    },
    "spectral_entropy": {
        "dmean": 0.138219803572,
        "dmean2": 0.203097805381,
        "dvar": 0.0221634004265,
        "dvar2": 0.0394919589162,
        "max": 9.80099773407,
        "mean": 7.15315198898,
        "median": 7.1372628212,
        "min": 5.31110572815,
        "var": 0.14473579824
    },
    "spectral_flux": {
        "dmean": 0.0193451829255,
        "dmean2": 0.0305246338248,
        "dvar": 0.000625519198366,
        "dvar2": 0.00144953653216,
        "max": 0.402625232935,
        "mean": 0.0661643072963,
        "median": 0.0549019090831,
        "min": 6.55093410074e-11,
        "var": 0.00223720190115
    },
    "spectral_kurtosis": {
        "dmean": 3.81209182739,
        "dmean2": 6.54364919662,
        "dvar": 12.9786062241,
        "dvar2": 36.7779502869,
        "max": 51.3017349243,
        "mean": 9.89695644379,
        "median": 8.98491859436,
        "min": -1.20542776585,
        "var": 29.2513542175
    },
    "spectral_rms": {
        "dmean": 0.000625149928965,
        "dmean2": 0.000863203196786,
        "dvar": 6.26719895536e-07,
        "dvar2": 1.05133040051e-06,
        "max": 0.0147175844759,
        "mean": 0.00354651897214,
        "median": 0.00318042328581,
        "min": 3.21531560057e-12,
        "var": 4.22903985964e-06
    },
    "spectral_rolloff": {
        "dmean": 248.271987915,
        "dmean2": 414.383514404,
        "dvar": 167635.28125,
        "dvar2": 341846.875,
        "max": 19056.8847656,
        "mean": 1340.53674316,
        "median": 1270.45898438,
        "min": 43.06640625,
        "var": 555047.0625
    },
    "spectral_skewness": {
        "dmean": 0.365289837122,
        "dmean2": 0.602722465992,
        "dvar": 0.10763233155,
        "dvar2": 0.271442592144,
        "max": 5.73992776871,
        "mean": 2.15095329285,
        "median": 2.12562513351,
        "min": -0.0550792850554,
        "var": 0.398238003254
    },
    "spectral_spread": {
        "dmean": 256110.140625,
        "dmean2": 398486.1875,
        "dvar": 170889609216,
        "dvar2": 323599400960,
        "max": 40319460,
        "mean": 2729658.25,
        "median": 2490638.5,
        "min": 1223356.625,
        "var": 1.02583533568e+12
    },
    "spectral_strongpeak": {
        "dmean": 0.596831440926,
        "dmean2": 0.944123804569,
        "dvar": 0.626554369926,
        "dvar2": 1.47544169426,
        "max": 10.7112188339,
        "mean": 1.22068071365,
        "median": 0.739880025387,
        "min": 0,
        "var": 1.66084361076
    },
    "zerocrossingrate": {
        "dmean": 0.00512073980644,
        "dmean2": 0.00615768879652,
        "dvar": 6.23073574388e-05,
        "dvar2": 6.18638077867e-05,
        "max": 0.74658203125,
        "mean": 0.048465359956,
        "median": 0.04443359375,
        "min": 0.00927734375,
        "var": 0.000529361772351
    },
    "barkbands": {
        "dmean": [9.92723653326e-06, 2.94518195005e-05, 0.000102586061985, 0.00040811666986, 0.00116826186422, 0.000951714348048, 0.00132593757007, 0.00170517072547, 0.00170353404246, 0.000896742742043, 0.000429200241342, 0.000389804888982, 0.000437208625954, 0.000349404203007, 0.000310282193823, 0.000199164482183, 0.000136086397106, 6.78639335092e-05, 4.61114686914e-05, 3.26127046719e-05, 1.04529262899e-05, 3.04654781758e-06, 9.1181021844e-07, 4.17006219777e-07, 3.03135749391e-07, 3.26467599621e-08, 7.45928541157e-10],
        "dmean2": [1.77998590516e-05, 5.09932251589e-05, 0.000169189137523, 0.000672489579301, 0.00186882913113, 0.00145737419371, 0.00203684065491, 0.00258874893188, 0.00257904664613, 0.00137566693593, 0.000673545175232, 0.000613958458416, 0.000677322503179, 0.000559041101951, 0.000483143434394, 0.000312727293931, 0.000214319705265, 0.000107813444629, 7.28537052055e-05, 4.93003935844e-05, 1.59713563335e-05, 4.7294010983e-06, 1.43087572724e-06, 6.77331911447e-07, 5.16933937433e-07, 5.42306821671e-08, 1.35831257353e-09],
        "dvar": [3.39598238419e-10, 1.94783544849e-09, 3.93011525546e-08, 8.57254917719e-07, 5.84109920965e-06, 8.6373574959e-06, 1.98150573851e-05, 2.72278011835e-05, 2.20172005356e-05, 7.4698109529e-06, 1.50486403072e-06, 1.15149953217e-06, 1.36376672799e-06, 1.05150979834e-06, 7.79055085331e-07, 2.26826500693e-07, 1.16334916811e-07, 2.46397622305e-08, 2.03550314382e-08, 6.31443075605e-09, 8.54921966553e-10, 1.23794266504e-10, 1.85703917521e-11, 1.63576259742e-12, 5.64736517099e-14, 1.35721380864e-15, 1.64407006431e-18],
        "dvar2": [9.85938997111e-10, 5.37977928872e-09, 1.02761134713e-07, 2.27800069297e-06, 1.49485194925e-05, 1.73305088538e-05, 4.36282170995e-05, 5.88826878811e-05, 4.77022440464e-05, 1.70275379787e-05, 3.58568831871e-06, 2.70307259598e-06, 3.064863904e-06, 2.73439400189e-06, 1.88115132005e-06, 5.02425109516e-07, 2.71084616088e-07, 5.96104996475e-08, 4.67529481796e-08, 1.40243381352e-08, 1.95743954379e-09, 2.74643086051e-10, 4.12159716079e-11, 3.64713554496e-12, 1.62070660711e-13, 3.53674943709e-15, 5.1957323585e-18],
        "max": [0.000572425429709, 0.000987417879514, 0.00325001822785, 0.0274015683681, 0.0421374365687, 0.155446529388, 0.15233592689, 0.189071670175, 0.113634034991, 0.0843980610371, 0.0281150080264, 0.0302114933729, 0.036485299468, 0.0319521687925, 0.0281143113971, 0.0139061361551, 0.0120407016948, 0.00432831095532, 0.00526324473321, 0.00215469370596, 0.000876687117852, 0.000683325517457, 0.000297856313409, 0.000101603152871, 4.73846193927e-06, 5.22740208453e-07, 1.91274800443e-08],
        "mean": [9.51576839725e-06, 4.22271841671e-05, 0.000169626597199, 0.000763479562011, 0.00208649295382, 0.00166170613375, 0.00191007286776, 0.00240419944748, 0.0025572986342, 0.00152788276318, 0.000680213561282, 0.000627620087471, 0.00074324052548, 0.000555569306016, 0.000560072308872, 0.000370403315173, 0.000252932542935, 0.000127898252686, 8.44692112878e-05, 6.12155927229e-05, 1.97029967239e-05, 5.9098483689e-06, 2.13124189941e-06, 1.49905974922e-06, 1.6622656176e-06, 4.29601811902e-08, 8.82435569061e-10],
        "median": [4.22402854383e-06, 2.55546256085e-05, 6.10027709627e-05, 0.000231774887652, 0.00100754853338, 0.00050637597451, 0.000463974603917, 0.000420849130023, 0.000507830176502, 0.000273061625194, 0.000195537621039, 0.000188681762666, 0.000225462339586, 0.00017125501472, 0.000160966636031, 0.000101823898149, 8.47923729452e-05, 4.41321535618e-05, 2.87597340503e-05, 2.02127575903e-05, 5.93052254771e-06, 2.7008836696e-06, 1.31230001443e-06, 1.3026740362e-06, 1.64572577432e-06, 3.03431910709e-08, 5.16896581093e-10],
        "min": [5.84463258146e-24, 9.11420307608e-24, 9.44671820283e-24, 8.02886931002e-24, 2.84322288756e-23, 2.27808356615e-23, 3.81468395087e-23, 2.23296671771e-23, 6.44903571893e-23, 6.09775785111e-23, 4.90354865835e-23, 2.33349962479e-23, 7.6786950586e-23, 1.10854192768e-22, 6.7608036461e-23, 1.56429287348e-22, 1.36521593544e-22, 2.38310158924e-22, 4.14315502951e-22, 3.19102213123e-22, 4.44048516128e-22, 3.60303623031e-22, 4.95642291249e-22, 7.42354159601e-22, 9.10247943552e-22, 1.58957597909e-21, 2.48814696371e-21],
        "var": [3.11462328151e-10, 2.52726217731e-09, 7.20868555959e-08, 1.68134863543e-06, 9.8203709058e-06, 1.60716717801e-05, 3.19033606502e-05, 4.83365547552e-05, 4.32504202763e-05, 1.85559947568e-05, 2.88999035547e-06, 2.3003460683e-06, 3.09898496198e-06, 1.83569318324e-06, 1.85715202861e-06, 6.66812184136e-07, 3.05984940496e-07, 5.87433177657e-08, 4.02585982329e-08, 1.41025529032e-08, 1.75432124383e-09, 1.88819140878e-10, 2.76620809592e-11, 2.81403090933e-12, 8.52757466962e-14, 1.671576958e-15, 1.36029727657e-18]
    },
    "erbbands": {
        "dmean": [0.000623543397523, 0.00868442002684, 0.0864397808909, 0.695187091827, 2.50699400902, 4.30334329605, 6.91046333313, 8.10116291046, 14.7135009766, 25.1376895905, 39.9547615051, 39.9792366028, 25.7814083099, 24.974817276, 15.5339918137, 15.1517772675, 20.7363433838, 13.5766077042, 20.6525363922, 11.8260555267, 9.05954456329, 6.72117042542, 4.17711544037, 2.36742901802, 2.18228268623, 1.56557178497, 0.656380295753, 0.261468708515, 0.113821677864, 0.0468011125922, 0.0275941062719, 0.0126785542816, 0.00571308936924, 0.0033152254764, 0.00271224998869, 0.000457773072412, 1.02184321804e-05, 9.98511950456e-07, 2.93334755952e-06, 6.69722567181e-06],
        "dmean2": [0.00112257583532, 0.0148117244244, 0.14249227941, 1.14404904842, 4.14430999756, 6.88464641571, 10.6261253357, 12.4609556198, 22.9796772003, 38.0653419495, 60.2431221008, 60.2002067566, 38.0389633179, 38.3907318115, 24.0066509247, 23.5505924225, 31.8550434113, 21.2014961243, 32.4948425293, 18.4672317505, 14.054022789, 10.4976940155, 6.54687929153, 3.72562742233, 3.32535052299, 2.36144518852, 0.995628118515, 0.396643191576, 0.175698950887, 0.0741198509932, 0.0439550280571, 0.0199815742671, 0.00957445520908, 0.00564118847251, 0.00464251311496, 0.000775243504904, 1.69432169059e-05, 1.53690700699e-06, 4.11325072491e-06, 9.46404816204e-06],
        "dvar": [6.49533774322e-07, 0.000188262216398, 0.02580890432, 2.24428272247, 51.2973403931, 74.7844467163, 235.741989136, 794.421081543, 3714.63256836, 5676.2734375, 15467.5361328, 13761.1083984, 5670.08056641, 6203.74951172, 1667.58496094, 1873.73828125, 3532.24023438, 929.579284668, 4144.61865234, 673.085449219, 522.642211914, 268.153045654, 99.9061279297, 36.7490692139, 46.3670349121, 14.1693410873, 3.40479540825, 0.497112035751, 0.129430428147, 0.0673751085997, 0.0233616344631, 0.00270233443007, 9.31881950237e-05, 7.13006465958e-06, 4.53369830211e-06, 1.44287355397e-07, 9.54028037126e-11, 2.78057047873e-12, 2.32726424937e-11, 1.25072535662e-10],
        "dvar2": [1.97526105694e-06, 0.000507171847858, 0.0679598897696, 5.80123376846, 138.728210449, 188.665039062, 534.609802246, 1578.03259277, 8180.07470703, 12809.2451172, 33999.0507812, 29730.6054688, 11760.7451172, 14933.2255859, 3949.24267578, 4338.04443359, 7850.82617188, 2082.0012207, 10683.6357422, 1530.76782227, 1147.26306152, 634.911682129, 239.406280518, 86.7495040894, 97.4060134888, 30.7706775665, 7.72570133209, 1.08030748367, 0.279831588268, 0.16576141119, 0.0565052032471, 0.0057077743113, 0.000209801073652, 2.02355367946e-05, 1.29074351207e-05, 4.00438665338e-07, 2.50075044006e-10, 6.4638151602e-12, 4.36009284233e-11, 2.38054936874e-10],
        "max": [0.0198840945959, 0.341377466917, 3.34322571754, 42.765247345, 137.48576355, 201.641540527, 387.817871094, 1518.60180664, 2306.47070312, 2044.41113281, 5049.41601562, 3139.31787109, 1915.12316895, 2920.39648438, 1083.65039062, 1252.80200195, 2000.30444336, 944.267028809, 1808.72790527, 738.449584961, 639.136291504, 449.802703857, 270.487976074, 153.93611145, 375.708709717, 94.6231689453, 52.7574501038, 23.9808712006, 16.7972488403, 19.5232105255, 11.3818244934, 3.42976593971, 0.574049174786, 0.0680585727096, 0.0335712358356, 0.00467960815877, 0.000422421377152, 9.99821277219e-05, 0.00010947080591, 0.000252637051744],
        "mean": [0.000954368617386, 0.0130778783932, 0.15892060101, 1.42239022255, 3.9390437603, 7.59389448166, 12.4383001328, 13.6002626419, 20.8531723022, 38.7309875488, 59.5629959106, 61.9395141602, 43.610534668, 44.8698577881, 28.1950969696, 27.1334075928, 36.5678710938, 25.1170539856, 36.313999176, 24.2018566132, 17.7835941315, 13.4352283478, 8.50020599365, 4.65322685242, 4.2067937851, 2.99205112457, 1.32108104229, 0.497370004654, 0.225019395351, 0.0962825343013, 0.0631379187107, 0.0369836352766, 0.0226611811668, 0.015527904965, 0.0121519993991, 0.00150353671052, 4.19325479015e-05, 4.38608367404e-06, 9.32432158152e-06, 2.02029623324e-05],
        "median": [0.000671167275868, 0.00763498200104, 0.0815073698759, 0.551642477512, 1.70501577854, 3.45923948288, 4.20537757874, 4.24500131607, 5.56564474106, 9.21005535126, 11.4983224869, 13.1267728806, 8.75833702087, 10.0515727997, 9.73839473724, 9.05619812012, 11.0982131958, 9.45524024963, 10.2936992645, 8.38939666748, 4.95581531525, 4.60317993164, 3.06115937233, 1.73541736603, 1.40756952763, 0.995743393898, 0.416691154242, 0.188330754638, 0.104583449662, 0.049712009728, 0.0388240031898, 0.0276494324207, 0.021087937057, 0.0152231166139, 0.0119400508702, 0.00143291556742, 3.98505326302e-05, 3.41131499226e-06, 5.63846424484e-06, 1.21228313219e-05],
        "min": [2.69159416592e-22, 2.11425062357e-21, 1.14528261063e-20, 2.39280910706e-20, 4.73278172938e-20, 9.21726257969e-20, 1.30513668573e-19, 1.95413057437e-19, 5.38409017277e-19, 2.76965582435e-19, 8.16410152291e-19, 1.502791338e-18, 1.87045781744e-18, 1.800103418e-18, 1.6626687034e-18, 1.25456084682e-18, 2.98105118737e-18, 4.1558480417e-18, 6.97285711268e-18, 4.14844808394e-18, 8.81937901153e-18, 8.8739580427e-18, 7.79859925815e-18, 2.0970658074e-17, 1.99138306167e-17, 1.31551040949e-17, 1.6425337004e-17, 1.84046147737e-17, 1.27161226525e-17, 1.75813549973e-17, 1.29012903413e-17, 1.42929464485e-17, 1.16957159576e-17, 1.03850681293e-17, 6.82089079926e-18, 5.22026446752e-18, 2.8155408254e-18, 1.10452052006e-18, 3.43673071796e-19, 3.48668615848e-20],
        "var": [9.1928711754e-07, 0.000265641516307, 0.0480227284133, 4.79527950287, 51.9865837097, 135.44732666, 564.203491211, 1384.94140625, 4991.30566406, 11618.734375, 28674.3105469, 26581.0371094, 13113.7529297, 14238.6298828, 3891.11791992, 3820.63378906, 7995.14697266, 2354.29052734, 8199.63085938, 1976.94897461, 1573.61425781, 771.600585938, 268.309967041, 76.1175003052, 103.282897949, 33.1711845398, 7.43573331833, 1.00086057186, 0.215329363942, 0.0796059444547, 0.0305332243443, 0.00469558080658, 0.000164055702044, 1.09540615085e-05, 6.73331760481e-06, 2.1619717927e-07, 1.77642178745e-10, 8.5748300821e-12, 1.00676342263e-10, 5.07924369231e-10]
    },
    "gfcc": {
        "mean": [-83.6910324097, 135.664093018, -167.621841431, 4.41399478912, -68.1011352539, -1.21199548244, -48.7563171387, 1.43111586571, -26.1221141815, -7.56311511993, -9.74733448029, -19.5375843048, 0.835464477539],
        "cov": [[3223.59155273, 936.066772461, -724.203125, -292.184326172, 198.043716431, -635.061767578, 250.211135864, -278.707641602, -28.5663719177, -189.476776123, -47.508769989, -269.536437988, 142.580169678], [936.066772461, 591.451599121, 124.271308899, -144.152069092, 26.0605869293, -257.6925354, 10.6698894501, -121.84526062, -80.9508361816, -129.566955566, -20.7305965424, -143.106826782, 7.60844945908], [-724.203125, 124.271308899, 715.975891113, 154.152313232, -149.931442261, 38.7193222046, -152.032119751, -18.4142971039, -85.6719970703, -23.0766487122, -18.1850891113, -8.7306394577, -78.9802932739], [-292.184326172, -144.152069092, 154.152313232, 373.206268311, 44.5676879883, 4.72649288177, -94.1087722778, -28.3050289154, -19.033208847, 34.0387992859, -32.5404586792, 45.1340065002, -0.573725581169], [198.043716431, 26.0605869293, -149.931442261, 44.5676879883, 174.272903442, -20.354227066, -9.53902244568, -4.06712961197, 0.0344771444798, -16.9505615234, -12.3271951675, -3.73154211044, 27.0533008575], [-635.061767578, -257.6925354, 38.7193222046, 4.72649288177, -20.354227066, 334.620452881, 44.4900779724, 76.4129257202, 9.7886390686, 36.8094940186, -4.12956380844, 71.0390319824, -51.7507171631], [250.211135864, 10.6698894501, -152.032119751, -94.1087722778, -9.53902244568, 44.4900779724, 214.721221924, 21.5581970215, -14.6028156281, -11.6243171692, -7.66042089462, -36.8319091797, 2.83802080154], [-278.707641602, -121.84526062, -18.4142971039, -28.3050289154, -4.06712961197, 76.4129257202, 21.5581970215, 124.069290161, 37.5489425659, 19.728515625, 13.6175537109, 27.2431240082, -15.718462944], [-28.5663719177, -80.9508361816, -85.6719970703, -19.033208847, 0.0344771444798, 9.7886390686, -14.6028156281, 37.5489425659, 118.433502197, 51.967956543, 0.300124615431, 14.6787185669, 13.0303173065], [-189.476776123, -129.566955566, -23.0766487122, 34.0387992859, -16.9505615234, 36.8094940186, -11.6243171692, 19.728515625, 51.967956543, 102.142189026, 30.3735466003, 16.568031311, -3.96320295334], [-47.508769989, -20.7305965424, -18.1850891113, -32.5404586792, -12.3271951675, -4.12956380844, -7.66042089462, 13.6175537109, 0.300124615431, 30.3735466003, 73.7879486084, 25.6951656342, -10.4433393478], [-269.536437988, -143.106826782, -8.7306394577, 45.1340065002, -3.73154211044, 71.0390319824, -36.8319091797, 27.2431240082, 14.6787185669, 16.568031311, 25.6951656342, 105.866744995, 21.2186355591], [142.580169678, 7.60844945908, -78.9802932739, -0.573725581169, 27.0533008575, -51.7507171631, 2.83802080154, -15.718462944, 13.0303173065, -3.96320295334, -10.4433393478, 21.2186355591, 77.0384292603]],
        "icov": [[0.00380882318132, -0.00778775149956, 0.00606359308586, -0.00304526765831, 0.00288603804074, 0.000780578120612, -0.0013623139821, 0.00129712524358, -0.000983424135484, -0.000327618414303, 0.000810210767668, -0.00028596696211, 7.74423606344e-05], [-0.00778775149956, 0.0250825677067, -0.0165319871157, 0.0102298185229, -0.010732607916, 0.00276820501313, 0.000465496355901, 0.00292766722851, -3.37891106028e-05, 0.00743291852996, -0.00475572422147, 0.00562911154702, -0.000534739112481], [0.00606359308586, -0.0165319871157, 0.014946189709, -0.00815283786505, 0.0102369692177, -0.00173493067268, 0.00171219499316, -0.00133297860157, 0.00137094059028, -0.00221469812095, 0.00249420315959, -0.000317932339385, 0.000657140044495], [-0.00304526765831, 0.0102298185229, -0.00815283786505, 0.00966700352728, -0.00754693010822, 0.00330533692613, -0.000201013928745, 0.00234425067902, 0.00195107480977, -0.00221717357635, 0.00409098062664, -0.00333855929784, 0.00272576697171], [0.00288603804074, -0.010732607916, 0.0102369692177, -0.00754693010822, 0.0150819141418, -0.0037831759546, 0.00350525579415, -0.00348129263148, 0.00130783487111, 0.000339916412486, -0.000185923927347, 0.00259171100333, -0.00346241611987], [0.000780578120612, 0.00276820501313, -0.00173493067268, 0.00330533692613, -0.0037831759546, 0.00957633927464, -0.00430967565626, 0.00170957506634, 0.000365870131645, -0.00190193380695, 0.00567673100159, -0.00691796978936, 0.00731213903055], [-0.0013623139821, 0.000465496355901, 0.00171219499316, -0.000201013928745, 0.00350525579415, -0.00430967565626, 0.00995193049312, -0.00397193012759, 0.0038553501945, -0.000229463767027, -0.000472400744911, 0.00514897843823, -0.00321989902295], [0.00129712524358, 0.00292766722851, -0.00133297860157, 0.00234425067902, -0.00348129263148, 0.00170957506634, -0.00397193012759, 0.0154924886301, -0.00599671388045, 0.00439897272736, -0.00275258393958, -0.000189619226148, 0.0025589785073], [-0.000983424135484, -3.37891106028e-05, 0.00137094059028, 0.00195107480977, 0.00130783487111, 0.000365870131645, 0.0038553501945, -0.00599671388045, 0.0170213785022, -0.0110120456666, 0.00789095368236, -0.00316733284853, 0.000160960000358], [-0.000327618414303, 0.00743291852996, -0.00221469812095, -0.00221717357635, 0.000339916412486, -0.00190193380695, -0.000229463767027, 0.00439897272736, -0.0110120456666, 0.0270613525063, -0.0167293474078, 0.0124780470505, -0.00535568967462], [0.000810210767668, -0.00475572422147, 0.00249420315959, 0.00409098062664, -0.000185923927347, 0.00567673100159, -0.000472400744911, -0.00275258393958, 0.00789095368236, -0.0167293474078, 0.0304477550089, -0.0173686407506, 0.0116081601009], [-0.00028596696211, 0.00562911154702, -0.000317932339385, -0.00333855929784, 0.00259171100333, -0.00691796978936, 0.00514897843823, -0.000189619226148, -0.00316733284853, 0.0124780470505, -0.0173686407506, 0.0301343407482, -0.0156398676336], [7.74423606344e-05, -0.000534739112481, 0.000657140044495, 0.00272576697171, -0.00346241611987, 0.00731213903055, -0.00321989902295, 0.0025589785073, 0.000160960000358, -0.00535568967462, 0.0116081601009, -0.0156398676336, 0.0259311217815]]
    },
    "melbands": {
        "dmean": [6.59632223687e-06, 3.21990046359e-05, 0.00016895790759, 0.000240143577685, 0.000228403965593, 0.000181431227247, 0.000236714811763, 0.000287022470729, 0.000333749689162, 0.000244075083174, 0.000130940723466, 0.000110388602479, 5.8735768107e-05, 4.43329954578e-05, 4.45994337497e-05, 4.11463261116e-05, 2.60744254774e-05, 3.72514477931e-05, 2.0098834284e-05, 1.51936637849e-05, 1.08214226202e-05, 7.45387978895e-06, 6.9387710937e-06, 2.9585764878e-06, 1.97247914002e-06, 1.77147853719e-06, 1.4578521359e-06, 1.0456419659e-06, 4.91373100431e-07, 2.62059188572e-07, 1.35543615443e-07, 7.70703891817e-08, 4.4962547463e-08, 2.12292512458e-08, 1.768598068e-08, 1.21263408204e-08, 7.8753865651e-09, 4.85979789744e-09, 4.4220462847e-09, 2.96497182362e-09],
        "dmean2": [1.15715929496e-05, 5.29985045432e-05, 0.000279698288068, 0.000387763924664, 0.00035437598126, 0.00027955864789, 0.00036480918061, 0.000432424916653, 0.000503542018123, 0.000368123175576, 0.000194896390894, 0.000170016661286, 9.15534328669e-05, 6.88032159815e-05, 6.97920986568e-05, 6.41508013359e-05, 4.10967368225e-05, 5.94664161326e-05, 3.1330557249e-05, 2.38026914303e-05, 1.7028862203e-05, 1.17671734188e-05, 1.08549029392e-05, 4.71470957564e-06, 3.13894338433e-06, 2.79163236883e-06, 2.23710503633e-06, 1.59536921274e-06, 7.59661475058e-07, 4.06397731467e-07, 2.11223664337e-07, 1.2054771048e-07, 7.18273156508e-08, 3.43117783075e-08, 2.88076229538e-08, 1.92008684508e-08, 1.28109913788e-08, 8.18340861741e-09, 7.54515294688e-09, 5.03144148567e-09],
        "dvar": [7.78375558452e-11, 3.4863605336e-09, 1.68374498344e-07, 2.96223646501e-07, 2.29151282838e-07, 4.13303808955e-07, 8.52428343023e-07, 6.89558874001e-07, 9.68831159298e-07, 5.13461202445e-07, 1.51538003479e-07, 1.25481321334e-07, 2.65187107829e-08, 1.58050266208e-08, 1.41799043618e-08, 1.26418431279e-08, 3.69344266282e-09, 1.51836232476e-08, 2.70432343186e-09, 1.54365509264e-09, 8.53761616959e-10, 3.8866079799e-10, 4.30200181034e-10, 4.72999313328e-11, 2.90623289323e-11, 3.69352916307e-11, 1.75820746851e-11, 6.52914614735e-12, 1.96527646587e-12, 5.7524715243e-13, 1.42793451217e-13, 5.07245036718e-14, 7.31126788343e-14, 7.86697858685e-15, 8.89822002431e-15, 3.29268981059e-15, 6.84923705463e-16, 8.06810131916e-17, 1.46945327098e-17, 5.57703987342e-18],
        "dvar2": [2.2221395557e-10, 9.15178688388e-09, 4.51957447467e-07, 7.78967148563e-07, 5.27014606178e-07, 8.20537081836e-07, 1.86884585673e-06, 1.49243851411e-06, 2.09627660297e-06, 1.10647283691e-06, 3.15829396413e-07, 3.01144353898e-07, 6.2361763753e-08, 3.68936383666e-08, 3.25563718206e-08, 2.8562341825e-08, 8.30790547468e-09, 3.98385395783e-08, 6.36510888441e-09, 3.50802564775e-09, 1.93615967703e-09, 8.93551066472e-10, 1.03230446413e-09, 1.17164028479e-10, 6.9226090138e-11, 8.44977560144e-11, 3.9633105825e-11, 1.43306252282e-11, 4.49739507788e-12, 1.33415522553e-12, 3.21421573168e-13, 1.1335181925e-13, 1.86486771663e-13, 1.85523712143e-14, 2.26341399779e-14, 6.7524924454e-15, 1.6308292734e-15, 1.95952231441e-16, 4.07883322533e-17, 1.59733572455e-17],
        "max": [0.000179093520273, 0.00129528704565, 0.00971762649715, 0.00878643896431, 0.0100467968732, 0.0346012450755, 0.0350525379181, 0.0190197769552, 0.0367550775409, 0.0206700861454, 0.00928918458521, 0.0128872636706, 0.00427193241194, 0.00448524160311, 0.00295194983482, 0.00370134506375, 0.00158749183174, 0.00341274938546, 0.00168213283177, 0.00142845581286, 0.000890402123332, 0.000714432098903, 0.000566364324186, 0.000128792918986, 0.000139695184771, 0.000225662224693, 0.000169469421962, 7.9741483205e-05, 3.9563205064e-05, 2.0860834411e-05, 1.11838917292e-05, 7.06281161911e-06, 2.10812359001e-05, 5.42892985322e-06, 6.59402712699e-06, 4.12396366301e-06, 1.89167963072e-06, 4.64042869908e-07, 1.3509864516e-07, 4.11211296125e-08],
        "mean": [1.00945462691e-05, 5.49141550437e-05, 0.000315041368594, 0.000415242044255, 0.000428107625339, 0.00030768205761, 0.000336998957209, 0.000436145521235, 0.000497430271935, 0.000367135478882, 0.000214074549149, 0.00019077702018, 9.81386911008e-05, 7.24573546904e-05, 7.60848561185e-05, 7.01418539393e-05, 4.31995686085e-05, 6.07516631135e-05, 3.79024568247e-05, 2.76231294265e-05, 1.92249408428e-05, 1.34188640004e-05, 1.23630488815e-05, 5.25359564563e-06, 3.52177062268e-06, 3.15294778375e-06, 2.63916422227e-06, 1.85687247267e-06, 9.05618605884e-07, 4.67478770361e-07, 2.30484943131e-07, 1.397656888e-07, 7.94914072344e-08, 4.12677394479e-08, 3.72184985054e-08, 2.70918274481e-08, 2.17367528421e-08, 1.56622821379e-08, 1.54283981146e-08, 1.1553452417e-08],
        "median": [6.95743710821e-06, 2.54106435023e-05, 0.000125700054923, 0.000198959634872, 0.000164993791259, 9.44142593653e-05, 8.7525586423e-05, 0.000100546043541, 9.21596583794e-05, 7.28875893401e-05, 3.68685687135e-05, 3.84261002182e-05, 3.08508388116e-05, 2.1836893211e-05, 2.33302052948e-05, 2.23417828238e-05, 1.48851331687e-05, 1.54689987539e-05, 1.20332033475e-05, 8.16225474409e-06, 4.57947407995e-06, 4.2317583393e-06, 3.67044390259e-06, 1.65860012658e-06, 1.26242082388e-06, 9.70577843873e-07, 8.30847056932e-07, 5.88734508256e-07, 2.55839751162e-07, 1.31111235646e-07, 8.94920901828e-08, 6.15288158201e-08, 3.54647546885e-08, 2.37068249476e-08, 2.32625261276e-08, 1.63801683328e-08, 1.76371539595e-08, 1.4301439144e-08, 1.48560523883e-08, 1.1298552316e-08],
        "min": [2.50772768098e-24, 4.75772701004e-24, 3.76137241535e-24, 7.77386450038e-24, 4.40403925103e-24, 4.42254553344e-24, 8.51002555283e-24, 2.35123582118e-24, 7.62674983017e-24, 9.78945933348e-24, 9.33295499396e-24, 6.69431150703e-24, 5.75585654177e-24, 2.81259343021e-24, 4.97911924537e-24, 7.50461128507e-24, 7.14125169693e-24, 1.33494970909e-23, 4.36680264972e-24, 6.70964617417e-24, 1.1557127017e-23, 7.22288696771e-24, 3.96308888198e-24, 1.13545191375e-23, 1.78576920138e-23, 1.38685517893e-23, 1.12493955333e-23, 8.36911764022e-24, 1.00536591058e-23, 9.91860454114e-24, 9.43967761925e-24, 6.65451426322e-24, 8.50185768702e-24, 1.00163491405e-23, 7.45956338308e-24, 7.31763231787e-24, 8.48582803342e-24, 7.82003810688e-24, 7.8538281749e-24, 8.2058242217e-24],
        "var": [1.07119459136e-10, 6.2643077392e-09, 2.59856221874e-07, 4.06849949286e-07, 5.63139849419e-07, 7.03403884472e-07, 1.20893696476e-06, 1.39523262987e-06, 1.89649563254e-06, 9.77870740826e-07, 3.49347061501e-07, 2.87064750637e-07, 5.63176563162e-08, 3.33723626511e-08, 2.84208887535e-08, 2.77692588924e-08, 8.26701018752e-09, 2.65346447037e-08, 7.12225478594e-09, 3.6263188008e-09, 2.28045204942e-09, 9.3606900009e-10, 9.33072397125e-10, 9.71637700853e-11, 5.36636950155e-11, 7.26556037556e-11, 3.43973044492e-11, 1.42882849649e-11, 3.97879602529e-12, 1.13744343805e-12, 2.46000512712e-13, 8.20107192876e-14, 7.39292118192e-14, 1.03410423941e-14, 1.08424206774e-14, 5.42052127738e-15, 1.0470077911e-15, 1.1858227004e-16, 2.22381651246e-17, 8.19818539665e-18]
    },
    "mfcc": {
        "mean": [-710.930175781, 162.829956055, -41.1021614075, 0.82643955946, -7.89078998566, -12.5986061096, -8.41818714142, -11.3712596893, -6.90876722336, -2.45129299164, -6.2770652771, -5.30689477921, -5.57799959183],
        "cov": [[3073.05102539, 874.000305176, -1020.55493164, 239.268493652, -318.272155762, -144.827911377, 11.379319191, -178.165710449, 47.0531463623, -6.0002579689, -152.129562378, -84.8951644897, -140.89944458], [874.000305176, 730.721557617, -16.034154892, -1.47328603268, -82.9439544678, -166.414474487, 25.6616821289, -87.6469192505, -57.3395805359, -35.2204284668, -58.6471862793, -71.0988311768, -93.4124298096], [-1020.55493164, -16.034154892, 794.063232422, 53.5068664551, 67.7176818848, 17.363067627, -27.4244041443, -5.23236894608, -82.0455932617, -47.1457328796, 10.5195989609, -6.0332660675, 7.17814826965], [239.268493652, -1.47328603268, 53.5068664551, 364.754364014, 77.225440979, -23.569272995, -42.2706184387, -95.0252609253, -13.1963796616, -43.1898574829, -73.9044265747, -15.2669391632, -3.23040366173], [-318.272155762, -82.9439544678, 67.7176818848, 77.225440979, 234.784515381, 16.0112018585, -65.3546218872, -1.43969869614, -19.0101928711, -22.8067741394, -11.4024038315, -7.02462673187, 23.6203212738], [-144.827911377, -166.414474487, 17.363067627, -23.569272995, 16.0112018585, 169.368667603, 33.6091575623, 32.765296936, 26.5839500427, -3.55706858635, 18.5703220367, 4.92589998245, -7.45791625977], [11.379319191, 25.6616821289, -27.4244041443, -42.2706184387, -65.3546218872, 33.6091575623, 162.901367188, 53.8210258484, -6.63078832626, 4.71097230911, 19.5905227661, -8.15114307404, -34.9797554016], [-178.165710449, -87.6469192505, -5.23236894608, -95.0252609253, -1.43969869614, 32.765296936, 53.8210258484, 136.731948853, 30.1788768768, -7.03993177414, 30.8978843689, -3.1298789978, -8.9973449707], [47.0531463623, -57.3395805359, -82.0455932617, -13.1963796616, -19.0101928711, 26.5839500427, -6.63078832626, 30.1788768768, 106.547744751, 31.7118759155, -9.42194461823, 4.86039876938, -2.04020643234], [-6.0002579689, -35.2204284668, -47.1457328796, -43.1898574829, -22.8067741394, -3.55706858635, 4.71097230911, -7.03993177414, 31.7118759155, 102.196334839, 35.0378837585, 2.07499170303, 15.4952926636], [-152.129562378, -58.6471862793, 10.5195989609, -73.9044265747, -11.4024038315, 18.5703220367, 19.5905227661, 30.8978843689, -9.42194461823, 35.0378837585, 94.34765625, 24.1602916718, -2.71492981911], [-84.8951644897, -71.0988311768, -6.0332660675, -15.2669391632, -7.02462673187, 4.92589998245, -8.15114307404, -3.1298789978, 4.86039876938, 2.07499170303, 24.1602916718, 78.310798645, 43.4793205261], [-140.89944458, -93.4124298096, 7.17814826965, -3.23040366173, 23.6203212738, -7.45791625977, -34.9797554016, -8.9973449707, -2.04020643234, 15.4952926636, -2.71492981911, 43.4793205261, 99.0252075195]],
