{
"lowlevel": {
    "average_loudness": 0.896207749844,
    "barkbands_crest": {
        "dmean": 2.56565189362,
        "dmean2": 4.2479429245,
        "dvar": 5.0537443161,
        "dvar2": 13.1921644211,
        "max": 25.7754192352,
        "mean": 9.35888290405,
        "median": 8.66667556763,
        "min": 2.18607544899,
        "var": 14.0097675323
    },
    "barkbands_flatness_db": {
        "dmean": 0.0220411606133,
        "dmean2": 0.0343921408057,
        "dvar": 0.000472180516226,
        "dvar2": 0.00109611859079,
        "max": 0.355295270681,
        "mean": 0.160131126642,
        "median": 0.147806584835,
        "min": 0.0377545394003,
        "var": 0.00311122066341
    },
    "barkbands_kurtosis": {
        "dmean": 3.21572709084,
        "dmean2": 5.27607107162,
        "dvar": 41.124042511,
        "dvar2": 105.353050232,
        "max": 126.189331055,
        "mean": 5.41348695755,
        "median": 1.80619263649,
        "min": -1.87970650196,
        "var": 96.4159698486
    },
    "barkbands_skewness": {
        "dmean": 0.548650085926,
        "dmean2": 0.878252506256,
        "dvar": 0.421772539616,
        "dvar2": 1.0690728426,
        "max": 9.8168592453,
        "mean": 1.42402422428,
        "median": 1.13462138176,
        "min": -2.64738607407,
        "var": 1.87852072716
    },
    "barkbands_spread": {
        "dmean": 4.50788545609,
        "dmean2": 7.04798746109,
        "dvar": 36.1555633545,
        "dvar2": 80.1270065308,
        "max": 129.347839355,
        "mean": 17.6469020844,
        "median": 15.3787670135,
        "min": 0.786543488503,
        "var": 141.632141113
    },
    "dissonance": {
        "dmean": 0.0207597147673,
        "dmean2": 0.0349306352437,
        "dvar": 0.000379290664569,
        "dvar2": 0.00102849677205,
        "max": 0.500000178814,
        "mean": 0.461680203676,
        "median": 0.468317598104,
        "min": 0.248962774873,
        "var": 0.000833110825624
    },
    "dynamic_complexity": 4.45178937912,
    "erbbands_crest": {
        "dmean": 2.74234175682,
        "dmean2": 4.50058698654,
        "dvar": 6.13761472702,
        "dvar2": 15.638261795,
        "max": 29.1994171143,
        "mean": 9.85880184174,
        "median": 8.88028335571,
        "min": 2.50646948814,
        "var": 19.3694725037
    },
    "erbbands_flatness_db": {
        "dmean": 0.018271913752,
        "dmean2": 0.0272085517645,
        "dvar": 0.000308459828375,
        "dvar2": 0.000629577145446,
        "max": 0.336476773024,
        "mean": 0.186686068773,
        "median": 0.187131434679,
        "min": 0.0668833106756,
        "var": 0.0017035275232
    },
    "erbbands_kurtosis": {
        "dmean": 1.10795521736,
        "dmean2": 1.80199944973,
        "dvar": 2.09832763672,
        "dvar2": 5.25111818314,
        "max": 36.2323226929,
        "mean": 1.09217274189,
        "median": 0.573067545891,
        "min": -1.83655929565,
        "var": 4.88045835495
    },
    "erbbands_skewness": {
        "dmean": 0.376439213753,
        "dmean2": 0.593896687031,
        "dvar": 0.1401168257,
        "dvar2": 0.32303532958,
        "max": 5.59369134903,
        "mean": 0.621370494366,
        "median": 0.640476584435,
        "min": -3.04274725914,
        "var": 0.621408939362
    },
    "erbbands_spread": {
        "dmean": 7.42183065414,
        "dmean2": 11.8329772949,
        "dvar": 85.3645706177,
        "dvar2": 214.52230835,
        "max": 145.30960083,
        "mean": 31.982334137,
        "median": 28.3280181885,
        "min": 4.87837457657,
        "var": 299.69720459
    },
    "hfc": {
        "dmean": 5.36804580688,
        "dmean2": 7.78346729279,
        "dvar": 52.7018852234,
        "dvar2": 105.439064026,
        "max": 113.405632019,
        "mean": 19.0813121796,
        "median": 14.3464603424,
        "min": 1.14353312467e-16,
        "var": 314.000061035
    },
    "melbands_crest": {
        "dmean": 3.24975514412,
        "dmean2": 5.46982431412,
        "dvar": 8.35287380219,
        "dvar2": 23.0790462494,
        "max": 29.6443977356,
        "mean": 12.0758695602,
        "median": 11.395198822,
        "min": 1.70304000378,
        "var": 21.0262584686
    },
    "melbands_flatness_db": {
        "dmean": 0.0251079145819,
        "dmean2": 0.0393472760916,
        "dvar": 0.000755555112846,
        "dvar2": 0.00167480285745,
        "max": 0.460908979177,
        "mean": 0.19969573617,
        "median": 0.179248780012,
        "min": 0.00145846733358,
        "var": 0.00550429755822
    },
    "melbands_kurtosis": {
        "dmean": 7.23054981232,
        "dmean2": 12.2073001862,
        "dvar": 266.868011475,
        "dvar2": 768.712463379,
        "max": 280.9715271,
        "mean": 12.5194740295,
        "median": 4.48881721497,
        "min": -1.79334282875,
        "var": 442.133789062
    },
    "melbands_skewness": {
        "dmean": 0.723460555077,
        "dmean2": 1.17926502228,
        "dvar": 0.890212118626,
        "dvar2": 2.49571180344,
        "max": 13.4589691162,
        "mean": 2.12074255943,
        "median": 1.69800937176,
        "min": -1.15306890011,
        "var": 3.00824451447
    },
    "melbands_spread": {
        "dmean": 6.29741573334,
        "dmean2": 10.095580101,
        "dvar": 100.873191833,
        "dvar2": 232.462432861,
        "max": 220.762161255,
        "mean": 22.6298885345,
        "median": 19.6672477722,
        "min": 0.737077891827,
        "var": 334.511505127
    },
    "pitch_salience": {
        "dmean": 0.0727605372667,
        "dmean2": 0.120412811637,
        "dvar": 0.00426813680679,
        "dvar2": 0.0111854830757,
        "max": 0.958540856838,
        "mean": 0.581208884716,
        "median": 0.58355909586,
        "min": 0.126324772835,
        "var": 0.0121920518577
    },
    "silence_rate_20dB": {
        "dmean": 0,
        "dmean2": 0,
        "dvar": 0,
        "dvar2": 0,
        "max": 1,
        "mean": 1,
        "median": 1,
        "min": 1,
        "var": 0
    },
    "silence_rate_30dB": {
        "dmean": 0.000251477438724,
        "dmean2": 0.000503018090967,
        "dvar": 0.00025146335247,
        "dvar2": 0.000754470762331,
        "max": 1,
        "mean": 0.999874293804,
        "median": 1,
        "min": 0,
        "var": 0.000125693215523
    },
    "silence_rate_60dB": {
        "dmean": 0.0241418331861,
        "dmean2": 0.0482897385955,
        "dvar": 0.0235564522445,
        "dvar2": 0.051736202091,
        "max": 1,
        "mean": 0.0985667556524,
        "median": 0,
        "min": 0,
        "var": 0.0888414606452
    },
    "spectral_centroid": {
        "dmean": 223.798721313,
        "dmean2": 355.155059814,
        "dvar": 87763.9765625,
        "dvar2": 191064.375,
        "max": 10977.5927734,
        "mean": 1269.9284668,
        "median": 1232.33837891,
        "min": 196.452728271,
        "var": 426671.15625
    },
    "spectral_complexity": {
        "dmean": 2.75619268417,
        "dmean2": 4.32872247696,
        "dvar": 9.36508655548,
        "dvar2": 20.0739612579,
        "max": 46,
        "mean": 16.0763130188,
        "median": 16,
        "min": 0,
        "var": 87.7754135132
    },
    "spectral_decrease": {
        "dmean": 2.17174256356e-09,
        "dmean2": 3.38536065847e-09,
        "dvar": 8.79134999647e-18,
        "dvar2": 2.08283565389e-17,
        "max": -8.42419993824e-29,
        "mean": -5.72553426892e-09,
        "median": -4.92405671793e-09,
        "min": -4.10752925006e-08,
        "var": 2.12865120278e-17
    },
    "spectral_energy": {
        "dmean": 0.00859435647726,
        "dmean2": 0.013349362649,
        "dvar": 0.000133426074171,
        "dvar2": 0.000313333031954,
        "max": 0.163901939988,
        "mean": 0.0233402624726,
        "median": 0.0201689023525,
        "min": 1.06901284231e-20,
        "var": 0.000345332140569
    },
    "spectral_energyband_high": {
        "dmean": 0.000236208652495,
        "dmean2": 0.000349143781932,
        "dvar": 2.63573440407e-07,
        "dvar2": 5.51519519831e-07,
        "max": 0.017141668126,
        "mean": 0.000561064807698,
        "median": 0.000296071724733,
        "min": 7.76337681553e-21,
        "var": 6.88941099725e-07
    },
    "spectral_energyband_low": {
        "dmean": 0.00428934535012,
        "dmean2": 0.00731234252453,
        "dvar": 7.82875649747e-05,
        "dvar2": 0.000209895079024,
        "max": 0.102072291076,
        "mean": 0.00551362521946,
        "median": 0.00226959306747,
        "min": 5.90151576361e-23,
        "var": 8.93529286259e-05
    },
    "spectral_energyband_middle_high": {
        "dmean": 0.00234820367768,
        "dmean2": 0.00352924386971,
        "dvar": 1.52728989633e-05,
        "dvar2": 3.34572869178e-05,
        "max": 0.0616452433169,
        "mean": 0.00712362816557,
        "median": 0.00339558534324,
        "min": 1.75716164028e-21,
        "var": 7.77651439421e-05
    },
    "spectral_energyband_middle_low": {
        "dmean": 0.00451064761728,
        "dmean2": 0.00689420802519,
        "dvar": 4.34827961726e-05,
        "dvar2": 9.70500186668e-05,
        "max": 0.149781897664,
        "mean": 0.0109346639365,
        "median": 0.00818776804954,
        "min": 2.89151171414e-22,
        "var": 0.000111265690066
    },
    "spectral_entropy": {
        "dmean": 0.159353762865,
        "dmean2": 0.236430212855,
        "dvar": 0.027452679351,
        "dvar2": 0.0558860972524,
        "max": 9.79167556763,
        "mean": 7.43502855301,
        "median": 7.4840555191,
        "min": 5.73977613449,
        "var": 0.152785256505
    },
    "spectral_flux": {
        "dmean": 0.0230611003935,
        "dmean2": 0.0365955382586,
        "dvar": 0.000736987683922,
        "dvar2": 0.0015796640655,
        "max": 0.356348723173,
        "mean": 0.081697165966,
        "median": 0.0785998851061,
        "min": 1.03393078821e-10,
        "var": 0.00209831888787
    },
    "spectral_kurtosis": {
        "dmean": 1.65546655655,
        "dmean2": 2.81851053238,
        "dvar": 2.92628908157,
        "dvar2": 8.24950218201,
        "max": 32.9609680176,
        "mean": 4.11855173111,
        "median": 3.73866820335,
        "min": -1.20647156239,
        "var": 6.54238176346
    },
    "spectral_rms": {
        "dmean": 0.000826267758384,
        "dmean2": 0.00125321012456,
        "dvar": 8.95331652373e-07,
        "dvar2": 1.95240158973e-06,
        "max": 0.0126453284174,
        "mean": 0.00433144951239,
        "median": 0.00443587405607,
        "min": 3.22945706635e-12,
        "var": 4.00955877922e-06
    },
    "spectral_rolloff": {
        "dmean": 338.892089844,
        "dmean2": 572.344665527,
        "dvar": 506385.65625,
        "dvar2": 1067891.375,
        "max": 18518.5546875,
        "mean": 1374.91503906,
        "median": 1141.25976562,
        "min": 43.06640625,
        "var": 1920840.5
    },
    "spectral_skewness": {
        "dmean": 0.228196308017,
        "dmean2": 0.369633615017,
        "dvar": 0.0466957725585,
        "dvar2": 0.116301849484,
        "max": 4.45621204376,
        "mean": 1.47874975204,
        "median": 1.46326875687,
        "min": -0.0163046531379,
        "var": 0.186890870333
    },
    "spectral_spread": {
        "dmean": 390016.71875,
        "dmean2": 563345.625,
        "dvar": 315108851712,
        "dvar2": 464702144512,
        "max": 40106180,
        "mean": 3967245.5,
        "median": 3711657.25,
        "min": 1565672.375,
        "var": 1.48628557005e+12
    },
    "spectral_strongpeak": {
        "dmean": 0.698680758476,
        "dmean2": 1.1597495079,
        "dvar": 1.11504280567,
        "dvar2": 2.74674773216,
        "max": 14.2474632263,
        "mean": 1.34040391445,
        "median": 0.624706149101,
        "min": 0,
        "var": 2.78381156921
    },
    "zerocrossingrate": {
        "dmean": 0.00765280937776,
        "dmean2": 0.00914575625211,
        "dvar": 0.000131693042931,
        "dvar2": 0.000126763072331,
        "max": 0.87353515625,
        "mean": 0.0559069141746,
        "median": 0.0537109375,
        "min": 0.00439453125,
        "var": 0.00227760057896
    },
    "barkbands": {
        "dmean": [4.48104510724e-05, 0.00245096627623, 0.00203153211623, 0.000928706140257, 0.00142268638592, 0.00117418600712, 0.000841334054712, 0.000671830493957, 0.0013926824322, 0.000952785252593, 0.000625783926807, 0.000584763416555, 0.000417589093558, 0.000465598684968, 0.000398413540097, 0.000190436432604, 0.000179025533726, 0.000158347800607, 0.000154549547005, 0.000142918259371, 7.94881998445e-05, 4.56881425634e-05, 3.75825875381e-05, 2.35273746512e-05, 1.64597440744e-05, 6.71767065796e-06, 2.30556995717e-08],
        "dmean2": [7.61708579375e-05, 0.00398676795885, 0.00369485490955, 0.00160807685461, 0.00228698318824, 0.00183246633969, 0.00136604753789, 0.00108056177851, 0.00215993309394, 0.00152309378609, 0.000982348923571, 0.000936818425544, 0.000671717396472, 0.000741091032978, 0.000629571208265, 0.000306891102809, 0.000285572692519, 0.000249260483542, 0.000245721341344, 0.000219598136027, 0.000124674304971, 7.1282236604e-05, 5.74104960833e-05, 3.44914224115e-05, 2.38412612816e-05, 1.00889965324e-05, 4.06591347257e-08],
        "dvar": [7.57589901923e-09, 2.76510854746e-05, 2.26508400374e-05, 3.35126424034e-06, 7.47676813262e-06, 8.75915247889e-06, 7.39655251891e-06, 2.23435631597e-06, 7.99866847956e-06, 5.86790019952e-06, 2.95265613204e-06, 1.5993703073e-06, 1.1023875004e-06, 1.73008197635e-06, 1.8980731511e-06, 3.50150145323e-07, 2.78472526816e-07, 1.28981980652e-07, 1.02186838546e-07, 9.68281099745e-08, 2.91101862615e-08, 2.5621755384e-08, 1.24261463341e-08, 3.96717236839e-09, 3.23385873635e-09, 2.75614975287e-10, 7.75451209321e-15],
        "dvar2": [2.13214796929e-08, 6.82167810737e-05, 6.60214645904e-05, 9.11180177354e-06, 1.7761502022e-05, 1.91245453607e-05, 1.9401215468e-05, 5.59924228583e-06, 1.81967388926e-05, 1.44101104524e-05, 6.89756961947e-06, 3.69408166989e-06, 2.57016790783e-06, 4.25621328759e-06, 4.57603118775e-06, 8.06217087757e-07, 6.41598603579e-07, 2.63738911599e-07, 2.2978927916e-07, 2.12880053141e-07, 6.3702003672e-08, 5.40905062962e-08, 2.98043083546e-08, 7.71644614872e-09, 7.3498664932e-09, 6.1022131792e-10, 2.15988505699e-14],
        "max": [0.00174005143344, 0.0573096722364, 0.0560622513294, 0.0285010486841, 0.0591535679996, 0.0876767486334, 0.129917666316, 0.0342191420496, 0.0467987470329, 0.0535962097347, 0.0396919064224, 0.0249747298658, 0.0331092514098, 0.0312144272029, 0.0482579097152, 0.0172325987369, 0.016822995618, 0.00968774408102, 0.00809068977833, 0.00697217648849, 0.00458145048469, 0.00843406934291, 0.00410243170336, 0.00240339175798, 0.00345132010989, 0.000349382928107, 1.80479594292e-06],
        "mean": [4.95179265272e-05, 0.00310755637474, 0.00191465672106, 0.00111797649879, 0.00235128216445, 0.00202171527781, 0.00125543773174, 0.00107629701961, 0.00246300408617, 0.00171332678292, 0.00105319742579, 0.00100174441468, 0.00072435621405, 0.000836354272906, 0.000705710379407, 0.000338538229698, 0.000320942490362, 0.000294694851618, 0.000308252114337, 0.000304274813971, 0.000146907914313, 8.03150833235e-05, 7.22324039089e-05, 4.61831587018e-05, 2.68410167337e-05, 8.91855688678e-06, 1.81078991801e-08],
        "median": [1.7507460143e-05, 0.00108708709013, 0.000550780561753, 0.000434917514212, 0.00112500204705, 0.000763816060498, 0.000385832274333, 0.0003580742341, 0.000621482962742, 0.000256114377407, 0.000155661124154, 0.00020501553081, 0.000133143767016, 9.64315840974e-05, 0.000117252711789, 7.4200113886e-05, 7.80959962867e-05, 0.000105579056253, 0.000131841632538, 0.000107699699583, 5.72793287574e-05, 3.38322424795e-05, 3.26945882989e-05, 2.05759351957e-05, 7.09465621185e-06, 6.50174229122e-07, 5.70367753028e-10],
        "min": [5.21294550629e-24, 3.06336178068e-23, 2.12625119218e-23, 4.33285007636e-24, 2.33374164732e-23, 4.71318106024e-23, 8.36750568184e-23, 6.75896402247e-23, 4.82553504798e-23, 3.68531738884e-23, 3.7333072687e-23, 7.68599675514e-23, 1.83007639454e-22, 5.64156211397e-23, 6.8780851746e-23, 1.05781003043e-22, 2.46567020868e-22, 3.58675338392e-22, 4.34982043081e-22, 5.4264517358e-22, 3.61504786822e-22, 5.6237593535e-22, 6.48328503021e-22, 6.62804264715e-22, 1.36725392288e-21, 1.71401011573e-21, 2.2419573339e-21],
        "var": [7.83620457412e-09, 3.4590731957e-05, 1.76418889168e-05, 3.72095360035e-06, 1.41178506965e-05, 2.0911300453e-05, 9.46078944253e-06, 4.12368262914e-06, 2.05855376407e-05, 1.46082511492e-05, 6.69960309096e-06, 4.05012542615e-06, 2.9627094591e-06, 5.16955105923e-06, 4.73917089039e-06, 9.0503544925e-07, 7.76664080604e-07, 3.63073041854e-07, 2.46185436481e-07, 2.92007314329e-07, 6.91179948831e-08, 3.98428632309e-08, 2.13966568907e-08, 9.2099528004e-09, 5.8543974113e-09, 4.52638787563e-10, 5.90872481016e-15]
    },
    "erbbands": {
        "dmean": [0.0475851148367, 0.655342578888, 2.19882202148, 2.62149715424, 4.35090923309, 4.86675214767, 6.17470121384, 12.0158987045, 11.7145204544, 12.0030097961, 14.863275528, 30.246711731, 33.8353767395, 27.6986312866, 21.1073741913, 21.7143917084, 18.0076637268, 20.6557865143, 25.3879737854, 10.7040586472, 9.30416107178, 9.2887802124, 8.44765663147, 8.31648635864, 6.24674510956, 6.9319396019, 4.58474445343, 2.05190038681, 1.68793201447, 1.33940601349, 1.08030819893, 0.59236240387, 0.370033562183, 0.218486621976, 0.103026539087, 0.0458908863366, 0.00897899176925, 0.000481855822727, 1.47661376104e-05, 1.03143474917e-05],
        "dmean2": [0.0763974636793, 1.08713567257, 3.98685407639, 4.60289669037, 7.26284265518, 7.82432699203, 9.6636133194, 18.7607269287, 18.8466587067, 19.1085777283, 23.9722595215, 46.9610671997, 53.2812232971, 44.2980918884, 32.5898971558, 34.6925697327, 28.422290802, 32.69764328, 40.7794418335, 16.8296165466, 14.7658538818, 14.6324701309, 13.3206033707, 13.1208400726, 9.79820156097, 10.5680122375, 7.14556789398, 3.2162771225, 2.62541508675, 2.11766147614, 1.62743413448, 0.869621396065, 0.549626529217, 0.318559288979, 0.154549881816, 0.0691219270229, 0.0135263083503, 0.000744877848774, 2.17081778828e-05, 1.58093444043e-05],
        "dvar": [0.00998999364674, 2.02339839935, 26.0014801025, 28.380821228, 74.7577056885, 101.681343079, 205.070068359, 1086.18884277, 1489.16625977, 839.593322754, 1188.77209473, 3961.62231445, 6424.03125, 5017.66992188, 2874.14990234, 2351.63110352, 2045.65661621, 3329.57128906, 6965.92480469, 1197.27050781, 721.640625, 636.050292969, 472.846069336, 319.505310059, 181.912826538, 261.781524658, 92.9673538208, 25.0347366333, 39.9702339172, 21.3494586945, 8.26101303101, 2.60691189766, 0.998645603657, 0.6064671278, 0.110010907054, 0.0130011420697, 0.000546972791199, 2.52702329817e-06, 1.14120368711e-09, 1.82734216647e-10],
        "dvar2": [0.0252737198025, 5.10745763779, 76.7995376587, 79.4770584106, 192.105560303, 238.939346313, 439.823791504, 2371.11401367, 3745.75170898, 2076.85595703, 2982.61938477, 8977.82226562, 15199.6191406, 12368.3017578, 5904.70166016, 5607.49804688, 4560.13427734, 8305.70703125, 18324.6113281, 2760.13574219, 1640.52978516, 1474.86242676, 945.037414551, 682.901428223, 420.443450928, 564.940795898, 199.143829346, 57.6394920349, 82.2742996216, 51.1080245972, 18.3170490265, 5.3799200058, 1.96975970268, 1.40175712109, 0.2438031286, 0.0284995697439, 0.00122801458929, 6.30783779343e-06, 2.64851562903e-09, 4.2032763381e-10],
        "max": [1.1043061018, 16.7200775146, 53.0810890198, 61.3027763367, 135.766784668, 224.57019043, 417.343933105, 1029.04553223, 1496.96228027, 1097.56213379, 619.541625977, 1174.14160156, 2086.39599609, 1937.24584961, 2362.79589844, 1059.15527344, 1805.3885498, 1601.79760742, 2448.73120117, 1318.65795898, 744.995544434, 718.263549805, 693.101623535, 579.480529785, 576.292541504, 438.577331543, 231.606689453, 187.484649658, 362.700378418, 180.730331421, 95.9433059692, 47.9140739441, 41.5352630615, 49.2015151978, 15.7561855316, 2.91071152687, 0.382774114609, 0.0289282742888, 0.00075360230403, 0.000190703736735],
        "mean": [0.0642114281654, 0.791596353054, 2.09819221497, 3.06894207001, 5.79455947876, 7.72681617737, 11.0811471939, 19.7257671356, 18.6174106598, 19.8699226379, 25.7670974731, 54.0979728699, 62.7331504822, 51.8183059692, 40.5480270386, 39.4328804016, 33.8592720032, 40.38671875, 52.037612915, 21.7168197632, 18.6408786774, 17.7278308868, 16.4946041107, 16.9204883575, 13.6700172424, 14.6669654846, 9.5696144104, 3.97687721252, 3.04717683792, 2.27239918709, 2.11159229279, 1.20654439926, 0.659874022007, 0.358354717493, 0.16078671813, 0.0635932385921, 0.0114316707477, 0.000546521507204, 2.79664673144e-05, 2.92044387606e-05],
        "median": [0.0188194401562, 0.267288863659, 0.627139389515, 1.26537418365, 2.59769821167, 3.20260596275, 3.93341350555, 7.42867946625, 6.70390224457, 7.88057565689, 8.38465118408, 16.3216133118, 14.5625400543, 8.94544219971, 10.1668186188, 9.12771034241, 7.91585254669, 8.13691711426, 7.69493627548, 5.65153503418, 4.6929769516, 4.9013671875, 5.78568744659, 7.46562242508, 5.92074298859, 5.19283390045, 3.74859285355, 1.74282622337, 1.26843655109, 1.05654549599, 0.92495661974, 0.565242290497, 0.260968863964, 0.109221294522, 0.0344307050109, 0.00704258168116, 0.000476600165712, 2.519285772e-05, 1.60453291755e-05, 2.56770672422e-05],
        "min": [1.2040798243e-21, 5.72798421165e-21, 2.28423308905e-20, 2.03761532865e-20, 3.59050508017e-20, 7.88365226932e-20, 1.83310358175e-19, 4.8624954109e-19, 8.40534047675e-19, 2.1004409111e-18, 1.09936966639e-18, 1.09082923336e-18, 1.10384367953e-18, 1.00806329903e-18, 2.92147453772e-18, 3.29292578205e-18, 6.78054299693e-18, 4.58411211845e-18, 3.10271311866e-18, 4.50143417545e-18, 8.7498519995e-18, 1.18087220641e-17, 1.75561541127e-17, 2.23859343236e-17, 1.9334451809e-17, 2.24046501121e-17, 2.1261648633e-17, 1.52637984073e-17, 2.15582375503e-17, 2.00015018355e-17, 1.6458138024e-17, 1.1906671002e-17, 1.29892891236e-17, 1.23123609063e-17, 1.06555495722e-17, 6.8870255436e-18, 3.11698384538e-18, 1.07034669043e-18, 3.17029635964e-19, 3.57624429254e-20],
        "var": [0.0129912998527, 2.3795337677, 20.2885894775, 26.5385017395, 91.4715957642, 206.630081177, 614.022644043, 2276.59130859, 2137.68554688, 1460.02868652, 2362.30322266, 9836.08691406, 16135.0429688, 12463.6640625, 7483.01367188, 5988.36816406, 5775.52978516, 9919.38867188, 24168.5117188, 3049.15234375, 2153.47192383, 1887.73901367, 1308.82678223, 813.399230957, 481.588653564, 736.900634766, 279.296783447, 51.5911140442, 61.3741264343, 29.1219730377, 17.4020271301, 5.67850160599, 2.24964332581, 0.990061640739, 0.221470311284, 0.0224347822368, 0.000851507531479, 2.81913457911e-06, 1.81429560264e-09, 5.22702103822e-10]
    },
    "gfcc": {
        "mean": [-40.1919975281, 113.719520569, -138.983428955, 39.4501953125, -71.7980957031, 13.7785758972, -33.4116096497, 5.22912168503, -21.089553833, -5.55119371414, -7.23671007156, -9.81462478638, -3.00730395317],
        "cov": [[12653.9472656, -760.779663086, -918.138244629, -589.409484863, -504.672607422, 235.657318115, -214.608657837, 582.617004395, -519.100036621, 390.944366455, -163.658615112, -17.3102798462, -229.547012329], [-760.779663086, 1433.89709473, 375.663238525, 379.190063477, 226.412155151, -114.826934814, 265.73626709, -262.275360107, 268.837768555, -232.98626709, 191.860702515, -175.308120728, 155.266876221], [-918.138244629, 375.663238525, 1164.40246582, 372.075286865, 175.046340942, -26.4052867889, 42.4216156006, 10.1712245941, 25.5664978027, 1.69350123405, -52.8787384033, 88.9054946899, -46.1762008667], [-589.409484863, 379.190063477, 372.075286865, 677.137268066, 185.766937256, -87.6182785034, 39.6891059875, -97.0266036987, 207.495834351, -113.48285675, 79.4398956299, -4.62156248093, 91.4447555542], [-504.672607422, 226.412155151, 175.046340942, 185.766937256, 308.460968018, 33.7895507812, 75.6529693604, -12.7838754654, 100.481063843, 13.3090057373, 13.8731079102, -4.9596862793, 27.0485858917], [235.657318115, -114.826934814, -26.4052867889, -87.6182785034, 33.7895507812, 189.35508728, 50.8068466187, 41.8618011475, -59.627117157, 53.8709869385, -7.47889375687, -13.0742759705, -22.4531021118], [-214.608657837, 265.73626709, 42.4216156006, 39.6891059875, 75.6529693604, 50.8068466187, 212.389434814, -23.7051010132, 40.6362800598, -29.853925705, 55.3106994629, -51.7583465576, 17.3488712311], [582.617004395, -262.275360107, 10.1712245941, -97.0266036987, -12.7838754654, 41.8618011475, -23.7051010132, 212.7240448, -24.7208442688, 92.2955169678, -39.4091873169, 55.7312583923, -33.7191085815], [-519.100036621, 268.837768555, 25.5664978027, 207.495834351, 100.481063843, -59.627117157, 40.6362800598, -24.7208442688, 221.897369385, -45.2526321411, 74.7199478149, -22.1841907501, 78.5952911377], [390.944366455, -232.98626709, 1.69350123405, -113.48285675, 13.3090057373, 53.8709869385, -29.853925705, 92.2955169678, -45.2526321411, 164.805252075, -24.4649982452, 46.1933631897, -55.7555084229], [-163.658615112, 191.860702515, -52.8787384033, 79.4398956299, 13.8731079102, -7.47889375687, 55.3106994629, -39.4091873169, 74.7199478149, -24.4649982452, 154.413452148, -28.1262893677, 59.6504249573], [-17.3102798462, -175.308120728, 88.9054946899, -4.62156248093, -4.9596862793, -13.0742759705, -51.7583465576, 55.7312583923, -22.1841907501, 46.1933631897, -28.1262893677, 122.313438416, -21.6495285034], [-229.547012329, 155.266876221, -46.1762008667, 91.4447555542, 27.0485858917, -22.4531021118, 17.3488712311, -33.7191085815, 78.5952911377, -55.7555084229, 59.6504249573, -21.6495285034, 110.715751648]],
        "icov": [[0.000147840779391, -0.000304395362036, 0.000262544112047, -0.00029386029928, 0.000261817796854, -0.000139899668284, 0.000208697383641, -0.000588263559621, 0.000521092442796, -0.000392496207496, 0.000161579591804, 3.83864207834e-05, 0.000134292946314], [-0.000304395362036, 0.00316716358066, -0.00162172794808, 0.00136254739482, -0.00140624737833, 0.00150841800496, -0.00201448029839, 0.00264270603657, -0.00235844403505, 0.00211632950231, -0.00166498520412, 0.00197287509218, -0.00108167855069], [0.000262544112047, -0.00162172794808, 0.00225131493062, -0.00174018321559, 0.000457925838418, -0.000563076930121, 0.000548268668354, -0.00176812056452, 0.00197839876637, -0.00127436139155, 0.00129151635338, -0.00162902125157, 0.00128384388518], [-0.00029386029928, 0.00136254739482, -0.00174018321559, 0.00406279787421, -0.00178640522063, 0.000814577913843, -0.000230462712352, 0.00215286039747, -0.00327823637053, 0.00261633493938, -0.00150862929877, 0.000192399384105, -0.00081293558469], [0.000261817796854, -0.00140624737833, 0.000457925838418, -0.00178640522063, 0.00614826474339, -0.00207959045656, -0.000556786137167, -0.000734913744964, -0.000775668362621, -0.00310955918394, 0.00231907423586, -0.000736539426725, -0.000287773087621], [-0.000139899668284, 0.00150841800496, -0.000563076930121, 0.000814577913843, -0.00207959045656, 0.00860010739416, -0.00289648282342, 0.000107523257611, 0.00180172140244, -0.000962804886512, -0.00105541013181, 0.00235863728449, -0.00130834698211], [0.000208697383641, -0.00201448029839, 0.000548268668354, -0.000230462712352, -0.000556786137167, -0.00289648282342, 0.00839463528246, -0.0020583786536, 0.000792403763626, 0.000596301164478, -0.00150034879334, 0.000818620086648, 0.00198930758052], [-0.000588263559621, 0.00264270603657, -0.00176812056452, 0.00215286039747, -0.000734913744964, 0.000107523257611, -0.0020583786536, 0.0102984271944, -0.00432146014646, -0.000787998724263, 0.000103057813249, -0.00122184643988, -0.00140452897176], [0.000521092442796, -0.00235844403505, 0.00197839876637, -0.00327823637053, -0.000775668362621, 0.00180172140244, 0.000792403763626, -0.00432146014646, 0.0122700631618, -0.00242548715323, -0.000721880409401, 0.000133279405418, -0.00248157815076], [-0.000392496207496, 0.00211632950231, -0.00127436139155, 0.00261633493938, -0.00310955918394, -0.000962804886512, 0.000596301164478, -0.000787998724263, -0.00242548715323, 0.013380644843, -0.0034127573017, -0.00121708225925, 0.00381777342409], [0.000161579591804, -0.00166498520412, 0.00129151635338, -0.00150862929877, 0.00231907423586, -0.00105541013181, -0.00150034879334, 0.000103057813249, -0.000721880409401, -0.0034127573017, 0.0112278033048, -0.000939326477237, -0.00349853234366], [3.83864207834e-05, 0.00197287509218, -0.00162902125157, 0.000192399384105, -0.000736539426725, 0.00235863728449, 0.000818620086648, -0.00122184643988, 0.000133279405418, -0.00121708225925, -0.000939326477237, 0.0134263429791, -0.000943643215578], [0.000134292946314, -0.00108167855069, 0.00128384388518, -0.00081293558469, -0.000287773087621, -0.00130834698211, 0.00198930758052, -0.00140452897176, -0.00248157815076, 0.00381777342409, -0.00349853234366, -0.000943643215578, 0.0164845064282]]
    },
    "melbands": {
        "dmean": [0.000555040198378, 0.00104617385659, 0.000505503383465, 0.000303050706862, 0.000226755088079, 0.000256051542237, 0.000177890338819, 0.000132364031742, 0.000127317311126, 0.000211356004002, 0.000172565953108, 0.000115488182928, 7.47902231524e-05, 7.0452442742e-05, 4.51984924439e-05, 4.49456420029e-05, 3.93442569475e-05, 4.64979711978e-05, 2.10863236134e-05, 1.3536527149e-05, 1.20358990898e-05, 1.17108993436e-05, 7.65324966778e-06, 7.62194213166e-06, 7.62719582781e-06, 5.32121839569e-06, 4.55578765468e-06, 5.20895810041e-06, 3.64503534911e-06, 1.78211325874e-06, 1.20522156521e-06, 1.02208571207e-06, 9.49907416725e-07, 7.52113521685e-07, 7.16725367056e-07, 4.89629996991e-07, 3.54182390083e-07, 2.84306992171e-07, 2.21702450176e-07, 1.8364247012e-07],
        "dmean2": [0.000881774991285, 0.00185478758067, 0.000871430907864, 0.00049814110389, 0.000351414346369, 0.000399048207328, 0.000286009832053, 0.000210310856346, 0.000204461481189, 0.000327838526573, 0.000272928533377, 0.000184823686141, 0.000115688490041, 0.000112897971121, 7.28056620574e-05, 7.13317131158e-05, 6.18825506535e-05, 7.43174532545e-05, 3.34122050845e-05, 2.1351102987e-05, 1.88376288861e-05, 1.86638990272e-05, 1.21623043015e-05, 1.2089161828e-05, 1.21433849927e-05, 8.50150263432e-06, 7.09204277882e-06, 8.08138702268e-06, 5.76752654524e-06, 2.8474132705e-06, 1.93016467165e-06, 1.58607849698e-06, 1.5344107851e-06, 1.22632820876e-06, 1.10055191271e-06, 7.43655107271e-07, 5.32447131718e-07, 4.3063843691e-07, 3.3615131656e-07, 2.75164552477e-07],
        "dvar": [1.38353072998e-06, 5.47146510144e-06, 9.17612794638e-07, 3.4889063727e-07, 2.44879487354e-07, 4.55154406609e-07, 3.33578441314e-07, 9.45802156593e-08, 9.68675664126e-08, 1.91052833998e-07, 1.66510261579e-07, 8.67385878678e-08, 3.95120451913e-08, 2.52080543106e-08, 1.19283765088e-08, 1.34800366425e-08, 1.35370816778e-08, 2.33461481258e-08, 6.8731913494e-09, 1.93190419218e-09, 1.51081447353e-09, 1.22081689202e-09, 3.23636700772e-10, 3.55371732041e-10, 3.04688635433e-10, 1.27668986494e-10, 1.06762237939e-10, 1.60347873868e-10, 6.59998999897e-11, 1.66350631187e-11, 9.54735162456e-12, 1.4778541238e-11, 1.13167808458e-11, 6.87032245331e-12, 3.39409273256e-12, 1.84649431162e-12, 9.70969398634e-13, 6.85722312266e-13, 3.73130590011e-13, 5.19359403574e-13],
        "dvar2": [3.33779621542e-06, 1.56100304594e-05, 2.49409822572e-06, 9.08904212338e-07, 5.10263703291e-07, 9.89319687505e-07, 8.55664552546e-07, 2.28329085417e-07, 2.37556747607e-07, 4.34155651874e-07, 3.94808353121e-07, 2.16034138134e-07, 8.97030290048e-08, 5.90116364663e-08, 2.85264665223e-08, 3.05402956258e-08, 3.26378177817e-08, 6.22089189051e-08, 1.68956102442e-08, 4.29264623847e-09, 3.26870042144e-09, 2.80290546328e-09, 7.36444072391e-10, 7.57624463166e-10, 6.48765818845e-10, 3.06834224695e-10, 2.44064712884e-10, 3.57240403925e-10, 1.45485679059e-10, 3.75520309293e-11, 2.32471177725e-11, 3.09094000395e-11, 2.57655858454e-11, 1.77725334449e-11, 7.56602246132e-12, 4.19198399951e-12, 2.03699362065e-12, 1.37215119909e-12, 8.34482819217e-13, 1.2643920199e-12],
        "max": [0.0121984547004, 0.027552222833, 0.0109061542898, 0.00798631366342, 0.0130737703294, 0.0203595981002, 0.0254202429205, 0.00969741027802, 0.00659069838002, 0.00813929364085, 0.0103826224804, 0.00788411870599, 0.00573734659702, 0.0042574070394, 0.00260990322568, 0.0038212807849, 0.00368840084411, 0.00459306174889, 0.0046697454527, 0.00136242329609, 0.00112539331894, 0.00108091032598, 0.000539588334505, 0.000490488891955, 0.000611371011473, 0.00044336571591, 0.000320103921695, 0.000311740674078, 0.000189180107554, 0.000102317913843, 0.00012630825222, 0.000235552681261, 0.00013049368863, 0.000106513172796, 5.85448651691e-05, 5.36672450835e-05, 3.17738631566e-05, 3.82626822102e-05, 3.03635442833e-05, 4.37655726273e-05],
        "mean": [0.000748376594856, 0.00112951244228, 0.000647270004265, 0.000463519449113, 0.000407002517022, 0.000427419319749, 0.00028081520577, 0.000220849062316, 0.000211835649679, 0.000371573463781, 0.000311473035254, 0.000208403507713, 0.000135331254569, 0.000123556106701, 7.46424557292e-05, 7.84537551226e-05, 7.14694833732e-05, 9.11169991014e-05, 3.65975138266e-05, 2.5009685487e-05, 2.15423333429e-05, 2.04115403903e-05, 1.38662517202e-05, 1.37085999086e-05, 1.40720367199e-05, 1.021807293e-05, 9.05430897546e-06, 1.00166216725e-05, 7.12970677341e-06, 3.10299401463e-06, 2.05554488275e-06, 1.73958596861e-06, 1.464787033e-06, 1.18631851365e-06, 1.31055026031e-06, 9.31682507144e-07, 6.60162811528e-07, 4.82847440253e-07, 3.56194931328e-07, 2.81043298855e-07],
        "median": [0.000250635843258, 0.000390942615923, 0.000285959831672, 0.000220778674702, 0.000154542998644, 0.000160469702678, 0.000101179430203, 8.49017815199e-05, 5.928594328e-05, 0.000100479810499, 6.47304696031e-05, 2.94032852253e-05, 2.43939211941e-05, 2.7348900403e-05, 1.47995870066e-05, 1.44107889355e-05, 1.14506037789e-05, 1.031575448e-05, 8.14155464468e-06, 5.20717640029e-06, 4.69060705655e-06, 4.63659944216e-06, 4.48202763437e-06, 4.99354609929e-06, 5.67090955883e-06, 4.24724112236e-06, 3.32332569997e-06, 3.14080921271e-06, 2.50943867286e-06, 1.16963292385e-06, 7.8706250406e-07, 6.80045786794e-07, 5.68211817153e-07, 5.26037524651e-07, 5.28802331701e-07, 4.20262438183e-07, 2.90858793051e-07, 1.86061399177e-07, 1.18049470643e-07, 7.50684847617e-08],
        "min": [9.36081756114e-24, 1.05154780013e-23, 3.81563697373e-24, 4.23487986282e-24, 6.06571558331e-24, 1.06901460052e-23, 1.30572130814e-23, 2.16657886606e-23, 7.90490770737e-24, 6.74926750199e-24, 5.41380526997e-24, 3.89231385929e-24, 6.57514972856e-24, 1.10298058451e-23, 9.04974919582e-24, 1.85893825915e-23, 7.30855805088e-24, 4.61469508944e-24, 5.45197509373e-24, 6.72571448194e-24, 1.25077998599e-23, 1.43329810255e-23, 1.07764529102e-23, 1.88227655126e-23, 1.81347336528e-23, 1.6762732567e-23, 1.16817552071e-23, 1.66200181629e-23, 1.57868216971e-23, 1.03241595102e-23, 8.08353658189e-24, 1.39615411351e-23, 8.88834588803e-24, 1.22141369217e-23, 9.70827529114e-24, 7.44467126691e-24, 7.63199417746e-24, 9.53267879795e-24, 8.6805457261e-24, 1.13071559288e-23],
        "var": [1.8582904886e-06, 4.95887206853e-06, 9.86264581115e-07, 4.97595124216e-07, 7.04555191078e-07, 9.93102617031e-07, 4.59381652718e-07, 1.78935792405e-07, 1.95921472823e-07, 4.72014392017e-07, 4.14005228322e-07, 2.15698094053e-07, 9.6587434939e-08, 6.31741912116e-08, 2.59582293438e-08, 3.61365444235e-08, 4.20866896889e-08, 8.25265900062e-08, 1.08753992478e-08, 6.05456618175e-09, 3.89881593676e-09, 3.35409722219e-09, 8.70377991902e-10, 7.89214416042e-10, 6.89716395108e-10, 2.80807266329e-10, 2.74782724352e-10, 3.95659005559e-10, 1.8622887954e-10, 3.57050812527e-11, 1.70169885128e-11, 2.18437993388e-11, 1.5323423086e-11, 8.36485655048e-12, 7.1739558738e-12, 3.44084353024e-12, 1.99704358952e-12, 1.43267364118e-12, 7.08050913907e-13, 7.3212714103e-13]
    },
    "mfcc": {
        "mean": [-666.996704102, 126.672981262, -5.52337503433, 21.9133472443, -7.93803834915, 2.52718806267, 0.0148321166635, 3.76335787773, -5.13358259201, 4.37637996674, -3.7895720005, -1.86155986786, -4.05619430542],
        "cov": [[9462.42089844, -528.086486816, -863.921813965, -631.654541016, -415.493225098, -385.29901123, 234.860671997, -86.1587295532, -123.193984985, 347.7265625, -93.7514648438, 30.2578048706, -33.1136131287], [-528.086486816, 1051.29138184, 248.833999634, 235.699996948, 46.4013023376, 155.116943359, 74.3083572388, 49.5648651123, 34.1058692932, 19.5998268127, 48.0473709106, -3.57114291191, 1.50952649117], [-863.921813965, 248.833999634, 836.376831055, 377.37878418, 162.259292603, 82.9564437866, 17.1780471802, 58.3934402466, 36.8401565552, -85.1287765503, 37.3628845215, 23.1964092255, 11.2307634354], [-631.654541016, 235.699996948, 377.37878418, 670.3515625, 244.126342773, 127.789672852, -89.9923400879, 85.3862457275, 67.9107818604, -41.81457901, 5.88514280319, 65.8252029419, 25.3592529297], [-415.493225098, 46.4013023376, 162.259292603, 244.126342773, 286.420623779, 63.2750701904, -41.2866287231, 27.768245697, 65.6045684814, 5.03920507431, 3.07962417603, 34.0156059265, 30.1695671082], [-385.29901123, 155.116943359, 82.9564437866, 127.789672852, 63.2750701904, 212.054290771, 52.0795135498, 19.6663093567, 18.8950424194, -3.43522000313, 30.978143692, -8.41006374359, -4.62332010269], [234.860671997, 74.3083572388, 17.1780471802, -89.9923400879, -41.2866287231, 52.0795135498, 198.273925781, 14.9510965347, -12.5766153336, 51.2763366699, 17.5088825226, -21.286108017, 2.99959015846], [-86.1587295532, 49.5648651123, 58.3934402466, 85.3862457275, 27.768245697, 19.6663093567, 14.9510965347, 106.06338501, 36.2494430542, -3.92767429352, 7.74501180649, 16.4793987274, 6.16061210632], [-123.193984985, 34.1058692932, 36.8401565552, 67.9107818604, 65.6045684814, 18.8950424194, -12.5766153336, 36.2494430542, 114.635131836, 15.8711423874, 13.9196929932, 12.2054433823, 13.8679790497], [347.7265625, 19.5998268127, -85.1287765503, -41.81457901, 5.03920507431, -3.43522000313, 51.2763366699, -3.92767429352, 15.8711423874, 153.262573242, 5.93977355957, -1.50396311283, 12.9284009933], [-93.7514648438, 48.0473709106, 37.3628845215, 5.88514280319, 3.07962417603, 30.978143692, 17.5088825226, 7.74501180649, 13.9196929932, 5.93977355957, 78.9524383545, 19.4635677338, 13.8274564743], [30.2578048706, -3.57114291191, 23.1964092255, 65.8252029419, 34.0156059265, -8.41006374359, -21.286108017, 16.4793987274, 12.2054433823, -1.50396311283, 19.4635677338, 98.2385101318, 36.4470024109], [-33.1136131287, 1.50952649117, 11.2307634354, 25.3592529297, 30.1695671082, -4.62332010269, 2.99959015846, 6.16061210632, 13.8679790497, 12.9284009933, 13.8274564743, 36.4470024109, 86.3599014282]],
