{
"lowlevel": {
    "average_loudness": 0.973482310772,
    "barkbands_crest": {
        "dmean": 2.68156552315,
        "dmean2": 4.19646263123,
        "dvar": 5.86232662201,
        "dvar2": 13.5818977356,
        "max": 26.9026451111,
        "mean": 10.6521062851,
        "median": 9.95800018311,
        "min": 2.33760595322,
        "var": 21.0368919373
    },
    "barkbands_flatness_db": {
        "dmean": 0.0221339613199,
        "dmean2": 0.0333251208067,
        "dvar": 0.000419212330598,
        "dvar2": 0.000872106000315,
        "max": 0.618756592274,
        "mean": 0.158330962062,
        "median": 0.15151065588,
        "min": 0.0522896759212,
        "var": 0.00256651686504
    },
    "barkbands_kurtosis": {
        "dmean": 3.04710531235,
        "dmean2": 4.48727369308,
        "dvar": 2396.95141602,
        "dvar2": 3771.63061523,
        "max": 4076.56835938,
        "mean": 4.02528619766,
        "median": 0.682500600815,
        "min": -1.92195725441,
        "var": 4258.90478516
    },
    "barkbands_skewness": {
        "dmean": 0.503236114979,
        "dmean2": 0.743171811104,
        "dvar": 0.748611569405,
        "dvar2": 1.32500576973,
        "max": 62.7008857727,
        "mean": 1.19425904751,
        "median": 0.990450620651,
        "min": -2.29209589958,
        "var": 2.4516723156
    },
    "barkbands_spread": {
        "dmean": 6.01498985291,
        "dmean2": 8.94615840912,
        "dvar": 44.5182189941,
        "dvar2": 94.8298797607,
        "max": 97.2726516724,
        "mean": 24.9947967529,
        "median": 23.9160766602,
        "min": 0.129239648581,
        "var": 170.63899231
    },
    "dissonance": {
        "dmean": 0.0187086556107,
        "dmean2": 0.0315686240792,
        "dvar": 0.000346654618625,
        "dvar2": 0.000957046810072,
        "max": 0.500000059605,
        "mean": 0.46463727951,
        "median": 0.474139541388,
        "min": 0.130510494113,
        "var": 0.00145678105764
    },
    "dynamic_complexity": 2.015594244,
    "erbbands_crest": {
        "dmean": 2.63624119759,
        "dmean2": 4.24098539352,
        "dvar": 5.85973024368,
        "dvar2": 14.2445211411,
        "max": 31.2522411346,
        "mean": 9.04409885406,
        "median": 7.94816923141,
        "min": 2.20224833488,
        "var": 20.5532341003
    },
    "erbbands_flatness_db": {
        "dmean": 0.0187154151499,
        "dmean2": 0.026335934177,
        "dvar": 0.000333015370416,
        "dvar2": 0.000587237125728,
        "max": 0.458764374256,
        "mean": 0.181098163128,
        "median": 0.173076063395,
        "min": 0.0368734523654,
        "var": 0.00289817596786
    },
    "erbbands_kurtosis": {
        "dmean": 0.931881546974,
        "dmean2": 1.43119335175,
        "dvar": 3.14036107063,
        "dvar2": 7.05147695541,
        "max": 91.0275344849,
        "mean": 0.882298886776,
        "median": -0.0772491693497,
        "min": -1.75164830685,
        "var": 23.0507774353
    },
    "erbbands_skewness": {
        "dmean": 0.334194242954,
        "dmean2": 0.512440025806,
        "dvar": 0.0889913365245,
        "dvar2": 0.19854106009,
        "max": 6.12415647507,
        "mean": 0.367769539356,
        "median": 0.320474088192,
        "min": -3.52707004547,
        "var": 0.569910526276
    },
    "erbbands_spread": {
        "dmean": 8.46126556396,
        "dmean2": 12.277510643,
        "dvar": 86.0707397461,
        "dvar2": 170.694046021,
        "max": 165.982315063,
        "mean": 36.7376060486,
        "median": 33.4402313232,
        "min": 1.03349947929,
        "var": 412.901519775
    },
    "hfc": {
        "dmean": 10.9028511047,
        "dmean2": 16.2162742615,
        "dvar": 286.703399658,
        "dvar2": 679.350524902,
        "max": 282.512359619,
        "mean": 24.650308609,
        "median": 18.9057941437,
        "min": 1.15927258502e-16,
        "var": 450.7265625
    },
    "melbands_crest": {
        "dmean": 3.70365953445,
        "dmean2": 5.82636070251,
        "dvar": 12.0159368515,
        "dvar2": 26.9394721985,
        "max": 39.9916877747,
        "mean": 15.7488260269,
        "median": 14.9343624115,
        "min": 1.64251852036,
        "var": 47.1670150757
    },
    "melbands_flatness_db": {
        "dmean": 0.0273112710565,
        "dmean2": 0.0394680760801,
        "dvar": 0.000697405368555,
        "dvar2": 0.00141348538455,
        "max": 0.598904252052,
        "mean": 0.178147897124,
        "median": 0.169009029865,
        "min": 0.00408141966909,
        "var": 0.00497249374166
    },
    "melbands_kurtosis": {
        "dmean": 7.71465206146,
        "dmean2": 11.1997394562,
        "dvar": 8759.03613281,
        "dvar2": 16397.0703125,
        "max": 8569.77148438,
        "mean": 12.0625009537,
        "median": 4.50842094421,
        "min": -1.6094326973,
        "var": 12288.1748047
    },
    "melbands_skewness": {
        "dmean": 0.725089132786,
        "dmean2": 1.07521033287,
        "dvar": 1.29980802536,
        "dvar2": 2.15973472595,
        "max": 89.8720703125,
        "mean": 2.22029399872,
        "median": 1.8668680191,
        "min": -1.62057781219,
        "var": 4.44182491302
    },
    "melbands_spread": {
        "dmean": 7.72980928421,
        "dmean2": 11.8150520325,
        "dvar": 84.9002838135,
        "dvar2": 191.015319824,
        "max": 198.654296875,
        "mean": 27.8028450012,
        "median": 25.36743927,
        "min": 0.11420353502,
        "var": 295.772735596
    },
    "pitch_salience": {
        "dmean": 0.0763382315636,
        "dmean2": 0.120149411261,
        "dvar": 0.00525281392038,
        "dvar2": 0.0130412988365,
        "max": 0.958548843861,
        "mean": 0.523266196251,
        "median": 0.515687406063,
        "min": 0.00160066387616,
        "var": 0.0181607771665
    },
    "silence_rate_20dB": {
        "dmean": 0,
        "dmean2": 0,
        "dvar": 0,
        "dvar2": 0,
        "max": 1,
        "mean": 1,
        "median": 1,
        "min": 1,
        "var": 0
    },
    "silence_rate_30dB": {
        "dmean": 0.00221538450569,
        "dmean2": 0.00443131476641,
        "dvar": 0.00221048435196,
        "dvar2": 0.00588873028755,
        "max": 1,
        "mean": 0.998523235321,
        "median": 1,
        "min": 0,
        "var": 0.00147451914381
    },
    "silence_rate_60dB": {
        "dmean": 0.00295384624042,
        "dmean2": 0.0059084193781,
        "dvar": 0.00294541846961,
        "dvar2": 0.00710392510518,
        "max": 1,
        "mean": 0.00603002728894,
        "median": 0,
        "min": 0,
        "var": 0.00599517486989
    },
    "spectral_centroid": {
        "dmean": 262.104766846,
        "dmean2": 404.590820312,
        "dvar": 83341.6015625,
        "dvar2": 180524.796875,
        "max": 11485.4697266,
        "mean": 1613.30822754,
        "median": 1613.73278809,
        "min": 270.049346924,
        "var": 397061.53125
    },
    "spectral_complexity": {
        "dmean": 4.96467685699,
        "dmean2": 7.18956184387,
        "dvar": 31.1303634644,
        "dvar2": 57.859287262,
        "max": 63,
        "mean": 21.3493728638,
        "median": 20,
        "min": 0,
        "var": 104.740211487
    },
    "spectral_decrease": {
        "dmean": 2.54691867596e-09,
        "dmean2": 4.00401800604e-09,
        "dvar": 1.42582445675e-17,
        "dvar2": 3.55229471513e-17,
        "max": 1.53417533069e-28,
        "mean": -6.60886900761e-09,
        "median": -5.88960169523e-09,
        "min": -4.49321895246e-08,
        "var": 1.9474728406e-17
    },
    "spectral_energy": {
        "dmean": 0.0104077514261,
        "dmean2": 0.0163024328649,
        "dvar": 0.000236476902501,
        "dvar2": 0.000583982444368,
        "max": 0.181630834937,
        "mean": 0.0271792355925,
        "median": 0.0241123512387,
        "min": 1.06085275403e-20,
        "var": 0.000322971201967
    },
    "spectral_energyband_high": {
        "dmean": 0.000762428855523,
        "dmean2": 0.00112628284842,
        "dvar": 1.87830528375e-06,
        "dvar2": 4.42534474132e-06,
        "max": 0.026661047712,
        "mean": 0.00122851179913,
        "median": 0.000654104631394,
        "min": 7.74749963297e-21,
        "var": 2.65213839157e-06
    },
    "spectral_energyband_low": {
        "dmean": 0.00483087915927,
        "dmean2": 0.00759118329734,
        "dvar": 7.06893988536e-05,
        "dvar2": 0.000189286365639,
        "max": 0.110281705856,
        "mean": 0.00973096489906,
        "median": 0.00682107079774,
        "min": 5.10499091693e-23,
        "var": 0.000111036461021
    },
    "spectral_energyband_middle_high": {
        "dmean": 0.00303640961647,
        "dmean2": 0.00461682071909,
        "dvar": 2.13453076867e-05,
        "dvar2": 4.91264654556e-05,
        "max": 0.0823451057076,
        "mean": 0.00740952603519,
        "median": 0.00490267015994,
        "min": 1.25446776558e-21,
        "var": 5.66602029721e-05
    },
    "spectral_energyband_middle_low": {
        "dmean": 0.00574406469241,
        "dmean2": 0.00939939543605,
        "dvar": 0.000112280766189,
        "dvar2": 0.000288446783088,
        "max": 0.121822237968,
        "mean": 0.00965741183609,
        "median": 0.00637382827699,
        "min": 2.71503936446e-22,
        "var": 0.000115459544759
    },
    "spectral_entropy": {
        "dmean": 0.153479114175,
        "dmean2": 0.214032620192,
        "dvar": 0.0215633101761,
        "dvar2": 0.0406078211963,
        "max": 9.80669689178,
        "mean": 7.68401479721,
        "median": 7.76654434204,
        "min": 4.16568946838,
        "var": 0.256129622459
    },
    "spectral_flux": {
        "dmean": 0.0263582896441,
        "dmean2": 0.0401154756546,
        "dvar": 0.0011056890944,
        "dvar2": 0.00204641628079,
        "max": 0.368694245815,
        "mean": 0.0910582095385,
        "median": 0.0804367288947,
        "min": 6.50866166518e-11,
        "var": 0.00237063970417
    },
    "spectral_kurtosis": {
        "dmean": 1.49500823021,
        "dmean2": 2.49621343613,
        "dvar": 4.51163768768,
        "dvar2": 12.4968423843,
        "max": 75.6741485596,
        "mean": 3.57389473915,
        "median": 2.29895353317,
        "min": -1.2182482481,
        "var": 31.8889083862
    },
    "spectral_rms": {
        "dmean": 0.000911682087462,
        "dmean2": 0.00137334223837,
        "dvar": 1.21146615584e-06,
        "dvar2": 2.78302854895e-06,
        "max": 0.013311679475,
        "mean": 0.00489910226315,
        "median": 0.00485017988831,
        "min": 3.21710800361e-12,
        "var": 2.51514097727e-06
    },
    "spectral_rolloff": {
        "dmean": 537.903930664,
        "dmean2": 864.145202637,
        "dvar": 751032.875,
        "dvar2": 1646667.625,
        "max": 18970.7519531,
        "mean": 1657.81506348,
        "median": 1399.65820312,
        "min": 21.533203125,
        "var": 1794734.875
    },
    "spectral_skewness": {
        "dmean": 0.194008439779,
        "dmean2": 0.312066674232,
        "dvar": 0.0348280332983,
        "dvar2": 0.0919796749949,
        "max": 7.44591712952,
        "mean": 1.33124685287,
        "median": 1.20469260216,
        "min": -0.316351056099,
        "var": 0.420931011438
    },
    "spectral_spread": {
        "dmean": 596272.0625,
        "dmean2": 803146.6875,
        "dvar": 662062628864,
        "dvar2": 1.0742358999e+12,
        "max": 40831792,
        "mean": 4463394.5,
        "median": 4197858,
        "min": 1090836.375,
        "var": 2.7878621184e+12
    },
    "spectral_strongpeak": {
        "dmean": 0.564468920231,
        "dmean2": 0.964114427567,
        "dvar": 0.906269311905,
        "dvar2": 2.27221012115,
        "max": 10.9963159561,
        "mean": 0.947635412216,
        "median": 0.371618628502,
        "min": 0,
        "var": 1.42051553726
    },
    "zerocrossingrate": {
        "dmean": 0.0114447111264,
        "dmean2": 0.0129856728017,
        "dvar": 0.00018518626166,
        "dvar2": 0.000228419201449,
        "max": 0.7001953125,
        "mean": 0.0665697529912,
        "median": 0.06396484375,
        "min": 0,
        "var": 0.0012025849428
    },
    "barkbands": {
        "dmean": [0.00030493066879, 0.00288287992589, 0.00145831471309, 0.00145778455772, 0.00165826489683, 0.00144255382475, 0.000834012054838, 0.000711813510861, 0.00124931009486, 0.000972247566096, 0.000672995345667, 0.000527849886566, 0.000513040460646, 0.000489309546538, 0.000555573555175, 0.000432652741438, 0.000268137169769, 0.000278950465145, 0.00022118150082, 0.000189848782611, 0.00021239441412, 0.000103827209387, 0.000176774250576, 0.000149978601257, 0.000120028445963, 6.57473933074e-08, 3.91670607058e-09],
        "dmean2": [0.000499953166582, 0.0040995599702, 0.00248583150096, 0.00269818678498, 0.00287562096491, 0.00235065305606, 0.00138838891871, 0.00114971701987, 0.00198074034415, 0.00154543085955, 0.0010566416895, 0.000835304381326, 0.000837287050672, 0.00079115916742, 0.000904199667275, 0.000702776713297, 0.000443255208666, 0.000450161169283, 0.000359502271749, 0.000299193314277, 0.000341919687344, 0.00015892960073, 0.000260731147137, 0.000230309407925, 0.000190114355064, 1.12479625614e-07, 7.37552596775e-09],
        "dvar": [2.59225060972e-07, 1.75101595232e-05, 2.13380644709e-05, 3.20104700222e-05, 1.52778193296e-05, 7.37836808185e-06, 3.97600751967e-06, 2.48343530984e-06, 8.04685168987e-06, 5.09979145136e-06, 2.54832229984e-06, 1.13737405627e-06, 1.16848434573e-06, 1.27757948576e-06, 1.23267864183e-06, 1.0539009736e-06, 3.21452091612e-07, 2.66699487383e-07, 1.48689963453e-07, 1.05161880981e-07, 1.74593424163e-07, 4.9643642086e-08, 1.03676690344e-07, 8.53105390775e-08, 6.50382645517e-08, 4.32467341831e-14, 2.61780318085e-15],
        "dvar2": [6.26553173788e-07, 3.73644907086e-05, 5.70921802137e-05, 9.15585114853e-05, 4.21237855335e-05, 1.82925323315e-05, 9.87166185951e-06, 6.00261091677e-06, 1.95091106434e-05, 1.21567845781e-05, 5.76091815674e-06, 2.61791160483e-06, 2.88048954644e-06, 3.10766495204e-06, 3.07227514895e-06, 2.52601648754e-06, 8.51702225191e-07, 6.38292249278e-07, 3.76103002964e-07, 2.50735496365e-07, 4.44882743977e-07, 1.01041351286e-07, 2.32716246273e-07, 2.05834012945e-07, 1.6286426785e-07, 1.20361430241e-13, 7.67000615717e-15],
        "max": [0.00974523182958, 0.0544858127832, 0.0766116529703, 0.0660384893417, 0.052736736834, 0.0544068478048, 0.0498601123691, 0.036736626178, 0.0546836145222, 0.0397726036608, 0.0662304088473, 0.0334571637213, 0.029525898397, 0.0262917969376, 0.0214946568012, 0.0253714956343, 0.0132340081036, 0.0105894785374, 0.00879198964685, 0.00636594370008, 0.00876518897712, 0.00681717926636, 0.00538818584755, 0.00660366332158, 0.00361915258691, 7.0050573413e-06, 2.79394453173e-06],
        "mean": [0.000561831984669, 0.00708032678813, 0.00153222016525, 0.001041990472, 0.00178736331873, 0.00223588873632, 0.00111572409514, 0.00101474160329, 0.00189085793681, 0.00136141874827, 0.00118138105609, 0.000853234203532, 0.000739624607377, 0.000724035024177, 0.000861096486915, 0.000635079108179, 0.000392989983084, 0.000441086507635, 0.000340820843121, 0.000354623363819, 0.000295852485579, 0.000159876944963, 0.000265668029897, 0.000188025718671, 0.000123459773022, 6.02715530817e-08, 2.45383113828e-09],
        "median": [0.000137874361826, 0.00357642956078, 0.000326575303916, 0.00017390208086, 0.000780175672844, 0.00106874317862, 0.000481880881125, 0.000430545245763, 0.000768119120039, 0.000359601923265, 0.000395111856051, 0.000326158187818, 0.000241772679146, 0.000194787164219, 0.000271294033155, 0.00018051607185, 0.000145621423144, 0.000202035240363, 0.000191498125787, 0.000195180618903, 0.000148782710312, 6.55043404549e-05, 0.000113101043098, 6.08821137575e-05, 2.39604305534e-05, 7.23205317854e-09, 3.86125742491e-10],
        "min": [3.04984315024e-24, 1.17319709369e-23, 7.8580675134e-24, 1.33324813612e-23, 2.23542433498e-23, 6.36468503115e-23, 2.63803874616e-23, 2.47597500402e-23, 4.79245527033e-23, 4.09757609791e-23, 2.93271600182e-23, 3.0557909248e-23, 3.62457225924e-23, 6.514083927e-23, 8.6676773537e-23, 1.33574459689e-22, 1.30320036113e-22, 9.83159554987e-23, 1.40339819165e-22, 2.32686249623e-22, 3.4876416571e-22, 5.50722099508e-22, 3.87641957422e-22, 7.39845859601e-22, 1.0279655796e-21, 1.6025740844e-21, 2.47119279038e-21],
        "var": [1.0130196415e-06, 6.4553154516e-05, 1.62914548127e-05, 1.83897118404e-05, 1.16185738079e-05, 1.25079095596e-05, 4.64554614155e-06, 3.83386350222e-06, 1.22526280393e-05, 8.0482532212e-06, 5.07293179908e-06, 2.45575074587e-06, 1.90134892364e-06, 2.17801334657e-06, 2.32881689044e-06, 1.75909030986e-06, 4.96639984249e-07, 4.79366121908e-07, 2.0603079065e-07, 2.20086448621e-07, 1.92613470062e-07, 1.06134088185e-07, 1.64566614558e-07, 9.8087703293e-08, 6.18518640749e-08, 3.17041552245e-14, 1.40242853324e-15]
    },
    "erbbands": {
        "dmean": [0.121385283768, 0.532916903496, 1.28855454922, 3.87335324287, 4.30736970901, 5.98659038544, 10.1563310623, 11.8399744034, 10.7395792007, 14.3500928879, 16.118642807, 27.1953010559, 33.2471160889, 25.586566925, 22.9243030548, 20.6020126343, 21.5612430573, 23.497718811, 23.6254634857, 28.3512821198, 20.1545829773, 14.6756210327, 15.2928514481, 12.152721405, 10.2577762604, 8.79221820831, 6.9202003479, 8.86443519592, 4.19985198975, 4.9287147522, 4.61394166946, 2.94059896469, 2.5712556839, 1.68760156631, 0.688254952431, 0.0225949976593, 0.000781643786468, 7.1615773777e-05, 1.59078535944e-05, 1.45488947965e-05],
        "dmean2": [0.167314112186, 0.791649758816, 2.1256172657, 7.0424695015, 7.65139341354, 10.3335161209, 17.090927124, 19.1570339203, 17.7470836639, 23.6789779663, 25.897359848, 43.2851104736, 52.4638595581, 40.2166442871, 36.0150604248, 32.5554389954, 34.706451416, 37.8119239807, 38.1236190796, 46.132434845, 32.4018096924, 24.1363716125, 24.8067970276, 19.6682662964, 16.7384872437, 13.7946510315, 10.8848428726, 14.3641204834, 6.48640298843, 7.25681591034, 6.90112066269, 4.52188444138, 3.95538568497, 2.64976668358, 1.13067209721, 0.0368377678096, 0.00126050016843, 0.000113917129056, 2.4650225896e-05, 2.25695839617e-05],
        "dvar": [0.0323800109327, 0.619891643524, 12.0777826309, 218.660644531, 171.383407593, 189.716522217, 415.166656494, 652.337524414, 744.868103027, 1276.22717285, 1084.58337402, 4175.02929688, 5810.16992188, 3614.82055664, 2647.17651367, 1841.00952148, 1915.71740723, 2536.52197266, 2456.55102539, 3599.80004883, 2517.85473633, 872.258056641, 852.203796387, 442.112121582, 344.805786133, 234.687240601, 155.209594727, 345.79208374, 80.0792999268, 82.5635147095, 76.9323806763, 31.4172325134, 26.3817176819, 12.3011674881, 2.46787285805, 0.00261901272461, 3.17860235555e-06, 3.10512398016e-08, 1.06811570699e-09, 4.94977669963e-10],
        "dvar2": [0.062864497304, 1.43070948124, 31.4434909821, 617.115783691, 481.542663574, 516.948608398, 1134.66345215, 1547.04162598, 1841.80187988, 3071.73291016, 2638.79492188, 10238.3261719, 13837.7880859, 8099.63769531, 6159.43505859, 4280.96728516, 4773.92626953, 6033.41894531, 6268.22998047, 9050.90429688, 5822.52636719, 2325.22827148, 2053.27197266, 1067.78967285, 870.68927002, 568.728027344, 364.998535156, 894.219360352, 177.966659546, 168.818405151, 179.144668579, 75.6884536743, 63.4384689331, 30.3462562561, 6.36191034317, 0.00672062207013, 8.17032469058e-06, 8.13964149415e-08, 2.72470312979e-09, 1.19990339886e-09],
        "max": [2.62412214279, 10.8183393478, 59.6222953796, 152.232681274, 177.652679443, 211.188323975, 342.182098389, 608.021362305, 880.907470703, 1315.92822266, 635.021362305, 1404.90222168, 1622.95373535, 2704.29638672, 1531.12182617, 1259.05981445, 1017.11096191, 1090.4810791, 818.239990234, 1016.56964111, 1660.78649902, 574.090698242, 605.677734375, 494.912139893, 418.935394287, 333.148468018, 315.728881836, 353.20980835, 267.790283203, 256.629119873, 142.393753052, 156.913665771, 80.2381134033, 48.5883712769, 21.0745258331, 0.751781582832, 0.0308996364474, 0.00440991809592, 0.000990802305751, 0.00031414849218],
        "mean": [0.303320139647, 1.20175719261, 1.68632519245, 3.00337982178, 3.97482895851, 6.50588941574, 13.4298591614, 18.0830554962, 15.4245796204, 19.9538383484, 25.998550415, 41.3168830872, 48.2218360901, 43.7251358032, 41.9622917175, 34.8952827454, 33.6700439453, 38.61120224, 38.3384819031, 44.0734138489, 31.4637985229, 22.8373203278, 24.4130706787, 20.1178131104, 16.670211792, 16.4793930054, 11.9698019028, 11.4742364883, 6.06901454926, 7.63516426086, 6.88552045822, 4.107234478, 3.00207734108, 1.81829047203, 0.639132916927, 0.021517617628, 0.000778037356213, 7.67945384723e-05, 2.74085668934e-05, 3.58956567652e-05],
        "median": [0.110464707017, 0.602097034454, 0.568349719048, 0.646475434303, 1.3369063139, 2.65066766739, 6.25816679001, 7.62090301514, 6.82551908493, 8.3235578537, 12.8062696457, 16.7970962524, 15.2610216141, 15.5880870819, 15.4888553619, 14.9498615265, 13.2140903473, 13.1977310181, 14.0035257339, 14.9393444061, 10.330080986, 8.71764183044, 10.9300537109, 10.8447322845, 9.43329811096, 8.91414260864, 6.80675125122, 4.80646944046, 2.34849476814, 3.15467643738, 2.95892763138, 1.61492872238, 0.758123159409, 0.342338144779, 0.106971085072, 0.00388275366277, 0.000164445416885, 2.17574033741e-05, 1.82000367204e-05, 3.10370742227e-05],
        "min": [2.70122685177e-22, 1.5395879966e-21, 8.57027615499e-21, 3.00880614715e-20, 3.87977143285e-20, 8.66623169099e-20, 1.60420150975e-19, 4.77812712433e-19, 2.71828661584e-19, 3.53266686691e-19, 7.02287506996e-19, 9.60217001048e-19, 1.53526086538e-18, 1.0924021173e-18, 1.00290872304e-18, 1.59253392041e-18, 2.07605004317e-18, 2.87736678592e-18, 3.00440394362e-18, 6.40531650029e-18, 7.05774073278e-18, 8.34175417249e-18, 6.66513144915e-18, 9.47734494053e-18, 7.90883761838e-18, 1.20949505443e-17, 1.37638130728e-17, 1.54627171467e-17, 1.64330148944e-17, 1.61931507148e-17, 1.15763314613e-17, 1.64002188375e-17, 1.04505030789e-17, 1.10314154794e-17, 7.61214282191e-18, 4.96588120015e-18, 3.59950497326e-18, 1.18925028457e-18, 2.81333432111e-19, 3.83528139436e-20],
        "var": [0.140196323395, 1.96973824501, 11.0015821457, 131.143798828, 107.60446167, 157.274093628, 475.253814697, 1171.92980957, 937.961608887, 1845.45141602, 1790.59448242, 6180.16259766, 8897.80273438, 7235.22900391, 5726.60693359, 3794.21264648, 3159.37744141, 4904.95117188, 4221.72167969, 5784.32128906, 4236.30957031, 1451.4440918, 1505.19677734, 736.325256348, 495.30569458, 498.799682617, 248.547317505, 355.123657227, 144.401535034, 169.247955322, 113.019981384, 40.5663375854, 29.0661392212, 12.4919109344, 2.0798728466, 0.00225090957247, 2.74298076874e-06, 2.56513956742e-08, 1.00692376659e-09, 6.34418184653e-10]
    },
    "gfcc": {
        "mean": [-3.31919050217, 104.230979919, -148.70350647, 48.032081604, -79.2442016602, 27.0537242889, -34.8952636719, 10.1629743576, -10.6214809418, -5.02329301834, 5.31249332428, -11.2356958389, 9.63218307495],
        "cov": [[5086.43261719, -858.016357422, -289.370819092, 483.97644043, -134.558990479, 413.70111084, -347.502624512, 248.894561768, -236.901992798, 114.598991394, -303.269104004, 9.93124389648, -94.6032485962], [-858.016357422, 1088.15368652, 216.874816895, -121.921409607, 162.229537964, -151.650177002, 266.973052979, -99.6119155884, 105.523742676, -96.2326126099, 218.262634277, -59.7952880859, 25.4140644073], [-289.370819092, 216.874816895, 1230.42565918, 330.468902588, -40.0702934265, 160.057983398, 30.0776634216, 93.7794189453, -77.3688735962, 89.4909057617, 6.22428035736, 51.3318328857, -39.0450744629], [483.97644043, -121.921409607, 330.468902588, 427.104797363, 93.9379501343, 117.878395081, -16.3539447784, 88.5208816528, 18.7085933685, 59.4473876953, -50.3078231812, 39.5465164185, -0.153174027801], [-134.558990479, 162.229537964, -40.0702934265, 93.9379501343, 292.142150879, 94.3505706787, 98.0044021606, 37.9802856445, 57.0885772705, 4.33536338806, 21.3579444885, -0.294215172529, 27.7003421783], [413.70111084, -151.650177002, 160.057983398, 117.878395081, 94.3505706787, 295.374145508, 58.9305953979, 71.3518295288, -36.2279319763, 63.8874206543, -29.1926784515, 26.6912078857, -7.28450202942], [-347.502624512, 266.973052979, 30.0776634216, -16.3539447784, 98.0044021606, 58.9305953979, 232.004333496, 23.3119468689, 58.9336738586, 0.877342939377, 97.6661987305, -3.39221167564, 17.6902351379], [248.894561768, -99.6119155884, 93.7794189453, 88.5208816528, 37.9802856445, 71.3518295288, 23.3119468689, 147.7081604, 31.6823806763, 37.4429244995, -29.9503955841, 16.6050682068, 6.04721355438], [-236.901992798, 105.523742676, -77.3688735962, 18.7085933685, 57.0885772705, -36.2279319763, 58.9336738586, 31.6823806763, 160.396942139, 15.2648172379, 44.5624542236, 0.277413576841, 29.884595871], [114.598991394, -96.2326126099, 89.4909057617, 59.4473876953, 4.33536338806, 63.8874206543, 0.877342939377, 37.4429244995, 15.2648172379, 115.583656311, 34.8484039307, 32.4185562134, -5.04230690002], [-303.269104004, 218.262634277, 6.22428035736, -50.3078231812, 21.3579444885, -29.1926784515, 97.6661987305, -29.9503955841, 44.5624542236, 34.8484039307, 178.50402832, 25.111240387, 13.5635728836], [9.93124389648, -59.7952880859, 51.3318328857, 39.5465164185, -0.294215172529, 26.6912078857, -3.39221167564, 16.6050682068, 0.277413576841, 32.4185562134, 25.111240387, 83.0186691284, 34.0789222717], [-94.6032485962, 25.4140644073, -39.0450744629, -0.153174027801, 27.7003421783, -7.28450202942, 17.6902351379, 6.04721355438, 29.884595871, -5.04230690002, 13.5635728836, 34.0789222717, 89.8313980103]],
        "icov": [[0.00066347210668, -0.00105771061499, 0.00119627488311, -0.00140506401658, 0.0014727069065, -0.00160913786385, 0.00147666188423, -0.00166676240042, 0.00126812898088, -0.000629927439149, 0.0002333157463, 8.19996130303e-05, 0.000228744349442], [-0.00105771061499, 0.0053491089493, -0.00359611283056, 0.0033171097748, -0.00469356635585, 0.00460877548903, -0.00463616801426, 0.00442168209702, -0.00306565011851, 0.00349887693301, -0.00280317245051, 0.00187964795623, -0.000821795198135], [0.00119627488311, -0.00359611283056, 0.00419159466401, -0.00408419826999, 0.00435833213851, -0.00400765193626, 0.0032521628309, -0.00420979084447, 0.0035712053068, -0.00246167485602, 0.00111092207953, -0.00085536390543, 0.000896669342183], [-0.00140506401658, 0.0033171097748, -0.00408419826999, 0.00747599266469, -0.00531693641096, 0.00364267313853, -0.00290968152694, 0.00347838713787, -0.00414734706283, 0.00133404007647, 0.000135585563839, -0.000991747016087, -9.64704377111e-05], [0.0014727069065, -0.00469356635585, 0.00435833213851, -0.00531693641096, 0.0101222489029, -0.00656012818217, 0.00335031561553, -0.00492270290852, 0.00250675249845, -0.00198469962925, 0.00143322243821, 4.32459419244e-05, -0.000395718903746], [-0.00160913786385, 0.00460877548903, -0.00400765193626, 0.00364267313853, -0.00656012818217, 0.0114605324343, -0.00753098260611, 0.00410656770691, -0.000980204436928, -0.000674509210512, 0.000721557473298, -0.000439662573626, -0.000229280689382], [0.00147666188423, -0.00463616801426, 0.0032521628309, -0.00290968152694, 0.00335031561553, -0.00753098260611, 0.013435578905, -0.00646314769983, 0.00149666436482, 0.000215247608139, -0.00339105795138, 0.00105100299697, 4.82371542603e-05], [-0.00166676240042, 0.00442168209702, -0.00420979084447, 0.00347838713787, -0.00492270290852, 0.00410656770691, -0.00646314769983, 0.0151925599203, -0.00616823043674, 0.000255401973845, 0.00187177327462, -0.000672325899359, -0.000690281391144], [0.00126812898088, -0.00306565011851, 0.0035712053068, -0.00414734706283, 0.00250675249845, -0.000980204436928, 0.00149666436482, -0.00616823043674, 0.0126738455147, -0.00413543917239, -0.000114478243631, 0.00143874960486, -0.0019609478768], [-0.000629927439149, 0.00349887693301, -0.00246167485602, 0.00133404007647, -0.00198469962925, -0.000674509210512, 0.000215247608139, 0.000255401973845, -0.00413543917239, 0.0169473122805, -0.00702579179779, -0.00154851912521, 0.00175207678694], [0.0002333157463, -0.00280317245051, 0.00111092207953, 0.000135585563839, 0.00143322243821, 0.000721557473298, -0.00339105795138, 0.00187177327462, -0.000114478243631, -0.00702579179779, 0.0136079732329, -0.00546088814735, 0.00134093035012], [8.19996130303e-05, 0.00187964795623, -0.00085536390543, -0.000991747016087, 4.32459419244e-05, -0.000439662573626, 0.00105100299697, -0.000672325899359, 0.00143874960486, -0.00154851912521, -0.00546088814735, 0.0204646997154, -0.00853420421481], [0.000228744349442, -0.000821795198135, 0.000896669342183, -9.64704377111e-05, -0.000395718903746, -0.000229280689382, 4.82371542603e-05, -0.000690281391144, -0.0019609478768, 0.00175207678694, 0.00134093035012, -0.00853420421481, 0.0159211419523]]
    },
    "melbands": {
        "dmean": [0.000920733902603, 0.000643358624075, 0.000659237324726, 0.000352322967956, 0.000333860574756, 0.000264108763076, 0.000165271616424, 0.000154699402628, 0.000142611257615, 0.000181610244908, 0.000168690385181, 0.000106642713945, 8.09229677543e-05, 5.72537246626e-05, 5.72120661673e-05, 5.08372650074e-05, 4.61899726361e-05, 3.87501240766e-05, 4.65016128146e-05, 3.60741141776e-05, 2.22658545681e-05, 1.65946585184e-05, 1.43997640407e-05, 1.35735990625e-05, 1.03610454971e-05, 8.63702007337e-06, 7.20545949662e-06, 6.24069252808e-06, 4.58130762127e-06, 5.05396110384e-06, 5.44390422874e-06, 2.61204695562e-06, 1.78702191533e-06, 3.54133885594e-06, 3.2394466416e-06, 1.73506316514e-06, 1.94610447579e-06, 1.89412457985e-06, 1.71461931586e-06, 1.3555940086e-06],
        "dmean2": [0.00128795846831, 0.00103574001696, 0.00118337420281, 0.00061363686109, 0.000564021174796, 0.000427547929576, 0.000273244513664, 0.000252970523434, 0.000229232115089, 0.00028944411315, 0.00026675715344, 0.000168566199136, 0.000125850594486, 9.01322637219e-05, 9.27274231799e-05, 8.26495961519e-05, 7.45312354411e-05, 6.32152150501e-05, 7.56787194405e-05, 5.89442861383e-05, 3.6031302443e-05, 2.74698395515e-05, 2.39038236032e-05, 2.17406777665e-05, 1.69414379343e-05, 1.43131483128e-05, 1.16293322208e-05, 9.95035588858e-06, 7.26366170056e-06, 8.28362681204e-06, 8.84950623004e-06, 4.16018974647e-06, 2.7258524824e-06, 5.30812440047e-06, 4.94718915434e-06, 2.67551058641e-06, 3.05353478325e-06, 2.96405232802e-06, 2.65702396973e-06, 2.16743455894e-06],
        "dvar": [1.80039751285e-06, 1.7383578097e-06, 5.77007767788e-06, 7.42425186218e-07, 4.88091814077e-07, 2.92901063403e-07, 1.60953831596e-07, 1.43355237014e-07, 8.51814618841e-08, 1.92713272895e-07, 1.51175029828e-07, 6.54608598438e-08, 3.32167857664e-08, 1.56184256639e-08, 1.26034702674e-08, 1.4001776627e-08, 1.08363487072e-08, 8.49921821811e-09, 9.30467436433e-09, 6.88648338354e-09, 3.71291419832e-09, 1.19926946152e-09, 8.15136014243e-10, 7.97176880063e-10, 3.32567334782e-10, 2.56123428022e-10, 1.8691310999e-10, 1.21953017129e-10, 6.91519966289e-11, 1.01074121295e-10, 1.33086139331e-10, 3.07218139817e-11, 1.78983546734e-11, 4.11176231951e-11, 3.90666839156e-11, 1.14802854723e-11, 1.41439073995e-11, 1.47319344224e-11, 1.21607281536e-11, 8.55242699577e-12],
        "dvar2": [3.69276381207e-06, 4.54664086647e-06, 1.61317238963e-05, 2.06391155189e-06, 1.33422020099e-06, 6.97997904808e-07, 3.96066866415e-07, 3.44158195276e-07, 2.07956361464e-07, 4.69860964358e-07, 3.60313265446e-07, 1.48170954617e-07, 7.5395931276e-08, 3.49624826868e-08, 2.99114333302e-08, 3.44879786951e-08, 2.56129588649e-08, 2.18168398902e-08, 2.31393393335e-08, 1.69907483638e-08, 8.7557330275e-09, 3.19630211187e-09, 2.1497548186e-09, 1.86249005107e-09, 8.10997990985e-10, 6.69857169733e-10, 4.5958098438e-10, 3.02313729605e-10, 1.6007083159e-10, 2.60025584398e-10, 3.47278622526e-10, 7.21129614356e-11, 3.38526463806e-11, 8.89348109046e-11, 9.28415330725e-11, 2.72361699166e-11, 3.45950525171e-11, 3.59553775642e-11, 2.91137114417e-11, 2.16182037549e-11],
        "max": [0.0178304389119, 0.0222872439772, 0.0265170671046, 0.0113681741059, 0.0119125526398, 0.0122420052066, 0.0117930285633, 0.0137249389663, 0.00589754059911, 0.00978258810937, 0.0079213436693, 0.0100554879755, 0.00469881575555, 0.00463168043643, 0.0025474242866, 0.00385669036768, 0.00233939150348, 0.00178487412632, 0.00236983480863, 0.00175286107697, 0.00244588195346, 0.000750885286834, 0.000488723046146, 0.000780050526373, 0.00046550433035, 0.000281583808828, 0.000281510234345, 0.000206496712053, 0.000201143629965, 0.000218684144784, 0.000197325454792, 0.000150064239278, 0.000148151360918, 0.000134828485898, 0.000118862430099, 9.68749664025e-05, 9.63456914178e-05, 6.37438497506e-05, 4.71754428872e-05, 4.84876873088e-05],
        "mean": [0.00229343748651, 0.00110492424574, 0.000544857466593, 0.000364343315596, 0.000435877998825, 0.000412113207858, 0.000235683648498, 0.000214588391827, 0.000228077144129, 0.000270130432909, 0.000238162610913, 0.000172273270437, 0.000143760815263, 9.88054816844e-05, 8.54590834933e-05, 7.41169715184e-05, 7.1671398473e-05, 5.64932415728e-05, 7.15400456102e-05, 5.10089084855e-05, 3.24960237776e-05, 2.39798555413e-05, 2.1110947273e-05, 2.0896195565e-05, 1.58393359015e-05, 1.2231553228e-05, 1.14606282295e-05, 1.10176360977e-05, 7.81861217547e-06, 6.69827477395e-06, 6.61393050905e-06, 3.47999070982e-06, 2.76357809526e-06, 5.16573163623e-06, 4.57287615063e-06, 2.62202979684e-06, 2.48527317126e-06, 2.16895932681e-06, 1.88464264284e-06, 1.41255998187e-06],
        "median": [0.00103964807931, 0.000580944353715, 0.000143608980579, 0.000149600236909, 0.000207368982956, 0.000184665273991, 0.000105918377812, 8.60390500748e-05, 0.000104171558633, 0.000102819540189, 6.79519798723e-05, 5.32304184162e-05, 4.93946936331e-05, 3.62169957953e-05, 3.11192125082e-05, 2.15237250814e-05, 2.05673240998e-05, 1.78587906703e-05, 2.1229217964e-05, 1.50966916408e-05, 9.75303191808e-06, 8.58016574057e-06, 8.40205757413e-06, 9.2810150818e-06, 8.05008494353e-06, 6.42068698653e-06, 5.89945602769e-06, 5.51817129235e-06, 4.10982829635e-06, 3.23646600009e-06, 2.44841226049e-06, 1.2368939224e-06, 1.11218628263e-06, 2.02508135771e-06, 1.85282556231e-06, 1.13463818252e-06, 8.82823201209e-07, 5.62618367894e-07, 3.42699593148e-07, 2.61410548319e-07],
        "min": [4.46805097476e-24, 4.53314067691e-24, 5.84657396815e-24, 3.7015956914e-24, 5.84935115296e-24, 1.29095698744e-23, 4.47037338126e-24, 3.65201262806e-24, 5.31322274354e-24, 5.83081055511e-24, 7.52031513911e-24, 4.07096166646e-24, 3.69191321265e-24, 3.46867385951e-24, 5.12652145538e-24, 4.55666884784e-24, 5.30265003526e-24, 4.23493508308e-24, 6.57542228e-24, 9.56401156424e-24, 7.14333981175e-24, 9.40086566271e-24, 7.48832209624e-24, 4.18419712738e-24, 8.02450848694e-24, 4.50745299925e-24, 7.78716232866e-24, 7.72459540368e-24, 7.51480573455e-24, 7.34749070313e-24, 7.67826639158e-24, 7.55381096201e-24, 9.60645938069e-24, 8.35593971879e-24, 6.25064469545e-24, 8.65321879548e-24, 8.20162195965e-24, 7.10757049173e-24, 7.99368769137e-24, 9.39157919213e-24],
        "var": [7.11416441845e-06, 2.13931775761e-06, 3.5540265344e-06, 5.35660035439e-07, 4.94523305861e-07, 5.24341260189e-07, 2.03242279895e-07, 2.14284682443e-07, 1.44276043557e-07, 2.90453499474e-07, 2.31787083749e-07, 1.24990435779e-07, 6.84832528464e-08, 3.65601415808e-08, 2.44208990807e-08, 2.25967689005e-08, 2.01689207557e-08, 1.23874324132e-08, 1.81945232214e-08, 1.07400435212e-08, 5.45044143152e-09, 1.87752413616e-09, 1.2537320071e-09, 1.30726385272e-09, 5.15525955258e-10, 3.17406184669e-10, 2.95075658352e-10, 2.48198739339e-10, 1.18042187136e-10, 1.08652017938e-10, 1.33057301288e-10, 4.8873492059e-11, 4.13774292607e-11, 7.17007148099e-11, 5.26266530354e-11, 1.71940621463e-11, 1.64834847161e-11, 1.56481598512e-11, 1.32157123786e-11, 8.15706096419e-12]
    },
    "mfcc": {
        "mean": [-622.648986816, 107.734985352, -2.80278491974, 14.0306301117, -4.27054643631, 3.8206012249, 0.133919939399, 5.72221899033, -2.02902317047, 8.69749641418, -2.77191543579, 3.01229810715, 1.06753313541],
        "cov": [[3956.65185547, -1207.36022949, -306.249816895, -42.0765762329, 231.979934692, 99.2012634277, -5.32464790344, 18.7733287811, 142.860778809, -13.2033700943, 56.1832695007, -126.696464539, -103.247314453], [-1207.36022949, 1141.56152344, 53.8350067139, 58.3850250244, -91.8545913696, -19.1200389862, 110.142356873, 49.9686737061, -104.865036011, 58.8648948669, -34.9995994568, 100.76574707, 51.1052474976], [-306.249816895, 53.8350067139, 1122.02404785, 214.313522339, 97.5385971069, 65.9510726929, 122.976409912, 1.47023022175, 21.3741588593, -50.2891807556, 77.7051086426, 17.1160354614, 38.9249420166], [-42.0765762329, 58.3850250244, 214.313522339, 321.20123291, 105.682006836, 34.0147285461, 6.91671276093, 45.6280403137, 29.9239730835, 32.2168617249, 15.8913516998, 21.8024806976, 30.0589046478], [231.979934692, -91.8545913696, 97.5385971069, 105.682006836, 232.936233521, 75.7784194946, 34.5266151428, 33.5437164307, 82.0420379639, 6.32445335388, 19.8408985138, -9.53576278687, 11.2305278778], [99.2012634277, -19.1200389862, 65.9510726929, 34.0147285461, 75.7784194946, 204.383590698, 98.4081268311, 45.28099823, 30.6308422089, 18.7437171936, 45.7814865112, 0.769272625446, 12.7428779602], [-5.32464790344, 110.142356873, 122.976409912, 6.91671276093, 34.5266151428, 98.4081268311, 204.929367065, 56.9062690735, 0.882199764252, 29.213388443, 22.0310535431, 30.3685379028, 18.2958431244], [18.7733287811, 49.9686737061, 1.47023022175, 45.6280403137, 33.5437164307, 45.28099823, 56.9062690735, 121.444602966, 55.6611747742, 39.5043373108, 7.8672375679, 13.513127327, 14.4880428314], [142.860778809, -104.865036011, 21.3741588593, 29.9239730835, 82.0420379639, 30.6308422089, 0.882199764252, 55.6611747742, 152.460357666, 22.4958629608, 12.1858539581, -18.9126930237, -4.25305557251], [-13.2033700943, 58.8648948669, -50.2891807556, 32.2168617249, 6.32445335388, 18.7437171936, 29.213388443, 39.5043373108, 22.4958629608, 127.234664917, 19.6707382202, 21.9212207794, 5.74280786514], [56.1832695007, -34.9995994568, 77.7051086426, 15.8913516998, 19.8408985138, 45.7814865112, 22.0310535431, 7.8672375679, 12.1858539581, 19.6707382202, 121.426223755, 30.6215438843, 13.5713434219], [-126.696464539, 100.76574707, 17.1160354614, 21.8024806976, -9.53576278687, 0.769272625446, 30.3685379028, 13.513127327, -18.9126930237, 21.9212207794, 30.6215438843, 101.26322937, 47.2191123962], [-103.247314453, 51.1052474976, 38.9249420166, 30.0589046478, 11.2305278778, 12.7428779602, 18.2958431244, 14.4880428314, -4.25305557251, 5.74280786514, 13.5713434219, 47.2191123962, 89.6298522949]],
