{
"lowlevel": {
    "average_loudness": 0.959190189838,
    "barkbands_crest": {
        "dmean": 2.80922436714,
        "dmean2": 4.62471342087,
        "dvar": 6.1169257164,
        "dvar2": 15.6886453629,
        "max": 24.9240837097,
        "mean": 8.98501586914,
        "median": 8.16390419006,
        "min": 2.61827111244,
        "var": 13.8246335983
    },
    "barkbands_flatness_db": {
        "dmean": 0.023044731468,
        "dmean2": 0.0377090759575,
        "dvar": 0.000417752249632,
        "dvar2": 0.0010984268738,
        "max": 0.345002144575,
        "mean": 0.179585680366,
        "median": 0.176976576447,
        "min": 0.0613886229694,
        "var": 0.00118792743888
    },
    "barkbands_kurtosis": {
        "dmean": 2.26886677742,
        "dmean2": 3.66900253296,
        "dvar": 12.6476612091,
        "dvar2": 31.4428501129,
        "max": 83.2610092163,
        "mean": 2.27402281761,
        "median": 0.828461885452,
        "min": -1.92843544483,
        "var": 22.4653816223
    },
    "barkbands_skewness": {
        "dmean": 0.582565844059,
        "dmean2": 0.894949257374,
        "dvar": 0.349781900644,
        "dvar2": 0.793525218964,
        "max": 8.15329265594,
        "mean": 1.04386007786,
        "median": 0.990479052067,
        "min": -4.83434295654,
        "var": 1.21143639088
    },
    "barkbands_spread": {
        "dmean": 6.00550508499,
        "dmean2": 9.29053783417,
        "dvar": 49.1635360718,
        "dvar2": 110.165275574,
        "max": 93.7202682495,
        "mean": 21.0033550262,
        "median": 18.8747119904,
        "min": 1.7349370718,
        "var": 132.51272583
    },
    "dissonance": {
        "dmean": 0.0205922853202,
        "dmean2": 0.0347249247134,
        "dvar": 0.000396350049414,
        "dvar2": 0.00106630695518,
        "max": 0.500000119209,
        "mean": 0.465669006109,
        "median": 0.472028911114,
        "min": 0.282259136438,
        "var": 0.000690371845849
    },
    "dynamic_complexity": 2.61101055145,
    "erbbands_crest": {
        "dmean": 3.38273978233,
        "dmean2": 5.54116439819,
        "dvar": 9.3534822464,
        "dvar2": 22.7955608368,
        "max": 32.7753410339,
        "mean": 10.0950965881,
        "median": 8.88560962677,
        "min": 2.50912356377,
        "var": 24.4090862274
    },
    "erbbands_flatness_db": {
        "dmean": 0.0201307944953,
        "dmean2": 0.0300036240369,
        "dvar": 0.000346504559275,
        "dvar2": 0.000703250989318,
        "max": 0.414855420589,
        "mean": 0.223314419389,
        "median": 0.218722477555,
        "min": 0.0237397961318,
        "var": 0.0017399842618
    },
    "erbbands_kurtosis": {
        "dmean": 1.30171501637,
        "dmean2": 2.05347824097,
        "dvar": 4.12566184998,
        "dvar2": 8.60456371307,
        "max": 51.1232147217,
        "mean": 0.887194335461,
        "median": 0.018522977829,
        "min": -1.8397397995,
        "var": 8.80690574646
    },
    "erbbands_skewness": {
        "dmean": 0.460603445768,
        "dmean2": 0.6949390769,
        "dvar": 0.191188648343,
        "dvar2": 0.39163210988,
        "max": 4.35782909393,
        "mean": 0.236037045717,
        "median": 0.234581306577,
        "min": -4.25865459442,
        "var": 0.719620764256
    },
    "erbbands_spread": {
        "dmean": 9.20426177979,
        "dmean2": 14.2192735672,
        "dvar": 98.4648513794,
        "dvar2": 224.928512573,
        "max": 118.108963013,
        "mean": 33.9016723633,
        "median": 31.225112915,
        "min": 1.52117681503,
        "var": 335.809143066
    },
    "hfc": {
        "dmean": 9.08141136169,
        "dmean2": 13.0093393326,
        "dvar": 150.721084595,
        "dvar2": 302.800598145,
        "max": 211.060424805,
        "mean": 22.333984375,
        "median": 17.2971172333,
        "min": 1.0704606511e-16,
        "var": 363.164978027
    },
    "melbands_crest": {
        "dmean": 3.64513540268,
        "dmean2": 6.04227256775,
        "dvar": 11.2042694092,
        "dvar2": 28.7946071625,
        "max": 37.9873313904,
        "mean": 11.9759721756,
        "median": 10.9485197067,
        "min": 2.51732158661,
        "var": 22.9588222504
    },
    "melbands_flatness_db": {
        "dmean": 0.0273795686662,
        "dmean2": 0.0423766225576,
        "dvar": 0.000698690884747,
        "dvar2": 0.00164801371284,
        "max": 0.480348855257,
        "mean": 0.195937827229,
        "median": 0.193825662136,
        "min": 0.00668318243697,
        "var": 0.00240865070373
    },
    "melbands_kurtosis": {
        "dmean": 5.43084764481,
        "dmean2": 8.86551952362,
        "dvar": 94.1722183228,
        "dvar2": 242.307479858,
        "max": 241.422363281,
        "mean": 7.88359355927,
        "median": 4.14547395706,
        "min": -1.83965170383,
        "var": 152.464370728
    },
    "melbands_skewness": {
        "dmean": 0.760700106621,
        "dmean2": 1.18145430088,
        "dvar": 0.656787514687,
        "dvar2": 1.57741892338,
        "max": 12.1537075043,
        "mean": 1.93237638474,
        "median": 1.79213786125,
        "min": -2.17228364944,
        "var": 2.12506651878
    },
    "melbands_spread": {
        "dmean": 9.20584774017,
        "dmean2": 14.2593898773,
        "dvar": 196.885238647,
        "dvar2": 400.873779297,
        "max": 207.872192383,
        "mean": 27.160528183,
        "median": 23.1979808807,
        "min": 1.34969747066,
        "var": 420.565185547
    },
    "pitch_salience": {
        "dmean": 0.076539337635,
        "dmean2": 0.124840795994,
        "dvar": 0.00441834470257,
        "dvar2": 0.0112407580018,
        "max": 0.904768824577,
        "mean": 0.595737695694,
        "median": 0.599440276623,
        "min": 0.0881154760718,
        "var": 0.0113755073398
    },
    "silence_rate_20dB": {
        "dmean": 0,
        "dmean2": 0,
        "dvar": 0,
        "dvar2": 0,
        "max": 1,
        "mean": 1,
        "median": 1,
        "min": 1,
        "var": 0
    },
    "silence_rate_30dB": {
        "dmean": 0.000989364343695,
        "dmean2": 0.0019789733924,
        "dvar": 0.000988367712125,
        "dvar2": 0.00271710054949,
        "max": 1,
        "mean": 0.99938172102,
        "median": 1,
        "min": 0,
        "var": 0.000617908197455
    },
    "silence_rate_60dB": {
        "dmean": 0.0165718533099,
        "dmean2": 0.0331478044391,
        "dvar": 0.0162972752005,
        "dvar2": 0.0394700877368,
        "max": 1,
        "mean": 0.0366019532084,
        "median": 0,
        "min": 0,
        "var": 0.0352650918067
    },
    "spectral_centroid": {
        "dmean": 305.693664551,
        "dmean2": 462.278106689,
        "dvar": 143658.125,
        "dvar2": 265656.3125,
        "max": 11420.3876953,
        "mean": 1406.35900879,
        "median": 1315.03771973,
        "min": 273.982879639,
        "var": 419943.28125
    },
    "spectral_complexity": {
        "dmean": 3.84912204742,
        "dmean2": 5.70884370804,
        "dvar": 14.5031614304,
        "dvar2": 29.0657672882,
        "max": 52,
        "mean": 19.2163963318,
        "median": 19,
        "min": 0,
        "var": 62.0526428223
    },
    "spectral_decrease": {
        "dmean": 2.68141842064e-09,
        "dmean2": 4.13062561933e-09,
        "dvar": 1.16363980087e-17,
        "dvar2": 2.73226309374e-17,
        "max": -1.18483306475e-28,
        "mean": -6.28047569506e-09,
        "median": -5.21199705616e-09,
        "min": -3.5919395458e-08,
        "var": 2.16596267324e-17
    },
    "spectral_energy": {
        "dmean": 0.0107945241034,
        "dmean2": 0.0165176093578,
        "dvar": 0.000179724767804,
        "dvar2": 0.000418304145569,
        "max": 0.138097003102,
        "mean": 0.0257296971977,
        "median": 0.0214513801038,
        "min": 1.01565783487e-20,
        "var": 0.000349209934939
    },
    "spectral_energyband_high": {
        "dmean": 0.000554546772037,
        "dmean2": 0.000783934840001,
        "dvar": 2.27986834034e-06,
        "dvar2": 4.49767503596e-06,
        "max": 0.0298913177103,
        "mean": 0.000929351779632,
        "median": 0.000369040237274,
        "min": 7.28213299022e-21,
        "var": 4.12197823607e-06
    },
    "spectral_energyband_low": {
        "dmean": 0.00389142008498,
        "dmean2": 0.00661960151047,
        "dvar": 7.57770176278e-05,
        "dvar2": 0.000207694640267,
        "max": 0.119948588312,
        "mean": 0.00543868960813,
        "median": 0.00319516053423,
        "min": 1.7613808723e-22,
        "var": 6.92191242706e-05
    },
    "spectral_energyband_middle_high": {
        "dmean": 0.00361860543489,
        "dmean2": 0.00539192324504,
        "dvar": 3.27151137753e-05,
        "dvar2": 6.75985211274e-05,
        "max": 0.0967995896935,
        "mean": 0.0080646853894,
        "median": 0.00444752443582,
        "min": 1.53797200557e-21,
        "var": 9.83938589343e-05
    },
    "spectral_energyband_middle_low": {
        "dmean": 0.00644703581929,
        "dmean2": 0.00995696429163,
        "dvar": 8.34405291243e-05,
        "dvar2": 0.000187335710507,
        "max": 0.12384109199,
        "mean": 0.0124279307202,
        "median": 0.00884204916656,
        "min": 3.83577493603e-22,
        "var": 0.000149056882947
    },
    "spectral_entropy": {
        "dmean": 0.157730057836,
        "dmean2": 0.236698389053,
        "dvar": 0.0229760371149,
        "dvar2": 0.048086989671,
        "max": 9.81241798401,
        "mean": 7.49367284775,
        "median": 7.49816703796,
        "min": 6.24257326126,
        "var": 0.0895966812968
    },
    "spectral_flux": {
        "dmean": 0.0288986060768,
        "dmean2": 0.0450676009059,
        "dvar": 0.000967134430539,
        "dvar2": 0.00191838911269,
        "max": 0.352625638247,
        "mean": 0.0981254577637,
        "median": 0.0898423269391,
        "min": 1.00779849743e-10,
        "var": 0.00234371656552
    },
    "spectral_kurtosis": {
        "dmean": 2.17435240746,
        "dmean2": 3.78345227242,
        "dvar": 5.50810480118,
        "dvar2": 15.8491716385,
        "max": 42.8089332581,
        "mean": 2.78550958633,
        "median": 1.97837972641,
        "min": -1.25577235222,
        "var": 9.03311157227
    },
    "spectral_rms": {
        "dmean": 0.00099563470576,
        "dmean2": 0.00147570110857,
        "dvar": 1.09015854832e-06,
        "dvar2": 2.3662116746e-06,
        "max": 0.0116072734818,
        "mean": 0.00467523187399,
        "median": 0.0045747323893,
        "min": 3.14783355632e-12,
        "var": 3.24436109622e-06
    },
    "spectral_rolloff": {
        "dmean": 526.107666016,
        "dmean2": 869.435241699,
        "dvar": 771038.5625,
        "dvar2": 1541946.25,
        "max": 17829.4921875,
        "mean": 1591.98327637,
        "median": 1356.59179688,
        "min": 21.533203125,
        "var": 1543087.625
    },
    "spectral_skewness": {
        "dmean": 0.288949757814,
        "dmean2": 0.464401841164,
        "dvar": 0.0715079680085,
        "dvar2": 0.175111979246,
        "max": 4.36026573181,
        "mean": 1.07183110714,
        "median": 1.06136512756,
        "min": -0.702212512493,
        "var": 0.239208474755
    },
    "spectral_spread": {
        "dmean": 371111.71875,
        "dmean2": 553645.5625,
        "dvar": 298899570688,
        "dvar2": 446539759616,
        "max": 39135576,
        "mean": 3411559,
        "median": 3321404.25,
        "min": 1167443.5,
        "var": 851620659200
    },
    "spectral_strongpeak": {
        "dmean": 0.869353532791,
        "dmean2": 1.421246171,
        "dvar": 1.41695439816,
        "dvar2": 3.33784532547,
        "max": 14.9125461578,
        "mean": 1.3477858305,
        "median": 0.711740970612,
        "min": 0,
        "var": 2.63968324661
    },
    "zerocrossingrate": {
        "dmean": 0.0101426756009,
        "dmean2": 0.0117778144777,
        "dvar": 0.000195499218535,
        "dvar2": 0.000222675109399,
        "max": 0.48486328125,
        "mean": 0.0605179518461,
        "median": 0.05517578125,
        "min": 0.00927734375,
        "var": 0.000927047338337
    },
    "barkbands": {
        "dmean": [9.6707175544e-05, 0.00166241766419, 0.00188399979379, 0.00163208390586, 0.00196722219698, 0.00194342783652, 0.00113406090531, 0.00108677998651, 0.00130037160125, 0.00132090912666, 0.000641303369775, 0.000829252239782, 0.000901538471226, 0.000783557305112, 0.00058697455097, 0.000348024477717, 0.000261957669863, 0.00017797597684, 0.000131528300699, 0.000193296247744, 0.000182103205589, 0.000185518263606, 0.000121078192024, 3.31236369675e-05, 3.93738048388e-07, 1.08667130849e-09, 1.02786401612e-09],
        "dmean2": [0.000167573132785, 0.00278698373586, 0.00333999935538, 0.00279737589881, 0.00320638273843, 0.00310575100593, 0.00183417100925, 0.00172882666811, 0.00210260879248, 0.00210507842712, 0.00103086174931, 0.00132789614145, 0.00144655094482, 0.00126786134206, 0.000941601349041, 0.000549563206732, 0.000413192989072, 0.000285528105451, 0.000205248739803, 0.000293657096336, 0.000276429782389, 0.000273878802545, 0.000173998458195, 4.9129313993e-05, 6.61059630147e-07, 1.98422656084e-09, 1.90780324871e-09],
        "dvar": [2.74380909104e-08, 1.56528149091e-05, 2.43303347816e-05, 1.45217554746e-05, 1.2667746887e-05, 2.23335446208e-05, 6.87367173668e-06, 1.13011037683e-05, 1.23840864035e-05, 1.11930685307e-05, 3.3562189401e-06, 5.94128596276e-06, 7.96040058049e-06, 4.42561758973e-06, 2.92496156362e-06, 7.34273726266e-07, 4.11170020698e-07, 1.36144791441e-07, 9.63848805213e-08, 2.7182369422e-07, 2.30695661685e-07, 3.16511545861e-07, 1.75093816779e-07, 1.58832129671e-08, 9.65535811026e-12, 4.42032167177e-18, 2.17809704059e-18],
        "dvar2": [7.81986102538e-08, 4.11744331359e-05, 6.95640555932e-05, 3.82832258765e-05, 2.99614221149e-05, 5.02158509335e-05, 1.62381220434e-05, 2.61243822024e-05, 2.97210881399e-05, 2.69564134214e-05, 8.32416753838e-06, 1.4603913769e-05, 1.79425242095e-05, 1.01413206721e-05, 6.88693353368e-06, 1.71776059688e-06, 9.21990192637e-07, 3.22173605127e-07, 2.24773444302e-07, 5.74535761189e-07, 5.01899137362e-07, 6.80292771449e-07, 3.3640586139e-07, 3.69642521036e-08, 2.77924922659e-11, 1.27756507053e-17, 6.7598130236e-18],
        "max": [0.00323378806934, 0.0562340244651, 0.0675643980503, 0.0586843080819, 0.0672136247158, 0.107118606567, 0.0712033212185, 0.0597805902362, 0.0691709667444, 0.0604355335236, 0.0504927560687, 0.0803762450814, 0.088913962245, 0.0646865069866, 0.0407617166638, 0.0166870057583, 0.0162799395621, 0.0134059302509, 0.00751155801117, 0.0171064697206, 0.0125063564628, 0.0147265084088, 0.00855446141213, 0.0045780101791, 0.000196876993868, 1.03644772764e-07, 2.04859276209e-08],
        "mean": [0.000146247955854, 0.00242285151035, 0.00192638137378, 0.00183924171142, 0.00311408890411, 0.00271655269898, 0.00153086287901, 0.00123648252338, 0.00158042903058, 0.00176898692735, 0.000803789123893, 0.00116814905778, 0.00123860011809, 0.00109890662134, 0.000736908870749, 0.000481849856442, 0.000383190228604, 0.000287405913696, 0.000197930130525, 0.000285256159259, 0.000282184453681, 0.000267866358627, 0.000171133433469, 4.40160220023e-05, 4.22102374387e-07, 1.01188568635e-09, 8.40460090412e-10],
        "median": [4.27159393439e-05, 0.0013104575919, 0.000751448504161, 0.000817825377453, 0.00169132021256, 0.00112048792653, 0.000608560512774, 0.000301996304188, 0.00045364984544, 0.000445347919594, 0.000176909612492, 0.000248409312917, 0.000277604907751, 0.000381134363124, 0.000169884689967, 0.000191081635421, 0.000127508945297, 0.000150434992975, 9.99801122816e-05, 0.00011612198432, 0.000115336079034, 7.75716471253e-05, 4.21263175667e-05, 1.03086031231e-05, 1.00351684296e-07, 4.64800808953e-10, 3.29119120845e-10],
        "min": [1.85677993571e-23, 8.94299927595e-23, 5.58939442676e-23, 1.394135734e-23, 3.65219375052e-23, 6.4962581949e-23, 6.71281755278e-23, 7.32371269996e-23, 1.06950656573e-22, 3.97071874466e-23, 5.1399948841e-23, 8.3190002025e-23, 7.46273523501e-23, 9.46688306529e-23, 1.92036184069e-22, 1.40297952739e-22, 2.80475317044e-22, 1.14250573442e-22, 2.83105013271e-22, 3.43668957299e-22, 4.97694036422e-22, 3.86310966059e-22, 7.27809079122e-22, 7.00827107911e-22, 1.16420683092e-21, 1.82612459268e-21, 1.99138401035e-21],
        "var": [5.99158482828e-08, 1.58627844939e-05, 1.70228449861e-05, 1.26649938466e-05, 2.09181780519e-05, 3.24798857037e-05, 9.6777212093e-06, 1.34719093694e-05, 1.41955697472e-05, 1.69177510543e-05, 4.49671097158e-06, 1.02603526102e-05, 1.34268038892e-05, 6.47240176477e-06, 3.877546078e-06, 1.04391460809e-06, 7.70046483467e-07, 2.13551984984e-07, 1.27566920582e-07, 4.35517165442e-07, 3.61026678775e-07, 4.90972297484e-07, 3.01864503172e-07, 1.9342683899e-08, 5.84916403507e-12, 3.49543986193e-18, 1.79609758909e-18]
    },
    "erbbands": {
        "dmean": [0.0368439294398, 0.443518072367, 1.91078293324, 3.97245764732, 5.37311506271, 6.97931003571, 14.3555088043, 15.4214382172, 16.9832782745, 17.256975174, 23.7504673004, 27.4903259277, 35.8531188965, 36.435333252, 26.3771324158, 32.1879119873, 41.0594100952, 35.5218582153, 35.0454826355, 21.174533844, 18.5631427765, 13.4863204956, 9.46287155151, 7.00277805328, 7.11149072647, 8.98025417328, 8.47253227234, 6.82963418961, 6.95115280151, 4.73401212692, 3.24099445343, 1.37834095955, 0.218355387449, 0.0149505212903, 0.000593257835135, 6.5778469434e-05, 1.61854295584e-05, 5.11017788085e-06, 6.57172085994e-06, 1.29303443828e-05],
        "dmean2": [0.0591005198658, 0.750772237778, 3.38036966324, 6.80047607422, 9.09119033813, 11.4775094986, 23.2255039215, 24.4203548431, 27.3794269562, 27.5246124268, 37.7288970947, 44.2665634155, 56.7561836243, 57.9833755493, 41.3817558289, 51.105506897, 65.2678070068, 56.3543777466, 55.9313049316, 32.6960296631, 29.1137771606, 20.8990631104, 14.9394025803, 10.967250824, 10.9207649231, 13.5211133957, 12.8036260605, 10.1926393509, 10.4094381332, 6.91181087494, 4.6442399025, 2.01429867744, 0.328404426575, 0.0230754353106, 0.000881939486135, 9.25721469685e-05, 2.24608356802e-05, 7.11310394763e-06, 9.67583764577e-06, 1.95423253899e-05],
        "dvar": [0.00535069266334, 1.22405719757, 25.8188056946, 75.1264648438, 98.1794662476, 205.01121521, 1526.7364502, 1502.69885254, 1503.32080078, 2495.65039062, 5258.43066406, 6859.7578125, 8354.06640625, 10080.8671875, 4547.03222656, 8388.38964844, 18101.3496094, 9152.51269531, 9540.33300781, 3286.20922852, 2182.20019531, 973.29498291, 421.985534668, 254.307846069, 312.762451172, 529.937683105, 563.520996094, 364.571563721, 456.762390137, 241.180450439, 129.927093506, 27.0780735016, 0.730561256409, 0.00863295793533, 1.42579538078e-05, 7.41188728171e-08, 2.16004925058e-09, 1.88010274016e-10, 7.24502194349e-11, 2.40519021366e-10],
        "dvar2": [0.0133838765323, 3.27639341354, 73.1316452026, 203.225906372, 257.452270508, 501.516479492, 3409.51098633, 3159.78125, 3497.68823242, 5634.02441406, 12166.8125, 16524.8671875, 20331.2871094, 24153.7675781, 10580.3505859, 19629.1816406, 39983.3398438, 20255.8710938, 21716.9023438, 7110.98876953, 5030.78417969, 2093.86987305, 974.310302734, 635.734863281, 707.110168457, 1143.53259277, 1259.94396973, 776.994140625, 992.9921875, 494.177154541, 248.084915161, 59.1086006165, 1.79362988472, 0.0240568611771, 3.97366129619e-05, 1.86587598705e-07, 4.65158622731e-09, 3.81110032421e-10, 1.56502200088e-10, 5.50756606987e-10],
        "max": [1.14577829838, 14.9282608032, 64.5391921997, 115.16582489, 138.224853516, 277.762054443, 823.640930176, 1166.38745117, 1092.45336914, 988.037536621, 1435.60522461, 1497.96618652, 2237.02050781, 2010.58947754, 2250.78149414, 2873.3449707, 4509.68554688, 3504.09570312, 2190.4362793, 2024.72583008, 993.410705566, 935.505249023, 762.228759766, 610.300109863, 529.338745117, 547.467712402, 748.135620117, 490.364135742, 551.621887207, 334.737823486, 267.285675049, 162.997268677, 41.0694503784, 5.71752405167, 0.231862604618, 0.0143577354029, 0.00177135237027, 0.000422272918513, 0.000168785350979, 0.000152394582983],
        "mean": [0.0592393539846, 0.586411774158, 2.02516531944, 4.67371225357, 7.58764362335, 10.147023201, 18.2753944397, 22.5943908691, 24.2845172882, 22.3168945312, 28.2806758881, 33.4333152771, 49.0922317505, 51.3541603088, 38.1022758484, 48.4133605957, 60.3670349121, 53.0917663574, 48.2109107971, 29.9551486969, 27.5940437317, 21.6330184937, 15.9347248077, 11.7507696152, 10.9414873123, 13.5076828003, 13.1635694504, 10.2624940872, 9.9724779129, 6.80277109146, 4.53010082245, 1.89075684547, 0.302880048752, 0.0206773094833, 0.000892378913704, 0.000114086957183, 3.2152118365e-05, 1.01093801277e-05, 1.6158366634e-05, 3.15201141348e-05],
        "median": [0.0309133641422, 0.283240228891, 0.84848856926, 2.14771366119, 4.04589509964, 4.83734083176, 6.28932857513, 9.73988246918, 11.1843442917, 7.83318996429, 7.94810771942, 9.90397167206, 14.4716901779, 14.6988916397, 12.1767501831, 12.0296516418, 15.3244657516, 20.3828887939, 13.6775693893, 10.0302038193, 10.731180191, 7.9493522644, 8.48978900909, 6.44256162643, 5.68362808228, 5.63619756699, 5.50853967667, 3.64634561539, 2.83200645447, 1.89868748188, 1.08342850208, 0.450167268515, 0.0790306702256, 0.00593791529536, 0.000288770708721, 5.11596444994e-05, 1.86009183381e-05, 5.91568914388e-06, 1.32646764541e-05, 2.6615221941e-05],
        "min": [3.59574685263e-21, 1.61149662883e-20, 5.86254048636e-20, 6.70119564498e-20, 2.4933099359e-20, 1.06108182813e-19, 4.43013172364e-19, 4.89161578738e-19, 9.39667973476e-19, 8.94204886239e-19, 2.00065749342e-18, 2.09470337957e-18, 2.35483389784e-18, 1.05994685878e-18, 3.36350744936e-18, 2.96421061728e-18, 3.01620905174e-18, 4.87481150984e-18, 8.36432875859e-18, 7.24463971064e-18, 9.80705003371e-18, 1.59434645925e-17, 7.47636029718e-18, 1.10626779435e-17, 1.51321410323e-17, 1.64011833301e-17, 1.64462564017e-17, 2.16541160551e-17, 1.33490812572e-17, 1.41281819967e-17, 2.20205884994e-17, 1.68639561412e-17, 1.17610764609e-17, 1.0204981811e-17, 9.36998434165e-18, 6.7539851226e-18, 3.08051924244e-18, 1.33913613535e-18, 3.345786604e-19, 2.56266999962e-20],
        "var": [0.00750932935625, 1.10896682739, 18.2936515808, 66.135383606, 115.353813171, 298.970672607, 2115.81469727, 2443.75439453, 2141.88134766, 3212.04443359, 6498.68945312, 7481.2578125, 12014.3710938, 14950.9912109, 7123.27099609, 14967.0849609, 31183.8417969, 15204.1083984, 13906.1835938, 4934.60107422, 3427.94628906, 2005.19787598, 693.901062012, 333.045806885, 429.348480225, 839.971862793, 911.971557617, 584.906677246, 693.403686523, 392.554992676, 221.308074951, 36.714630127, 0.832677125931, 0.0063453419134, 1.05539884316e-05, 7.95851917701e-08, 3.31772587181e-09, 3.16984660742e-10, 1.52421866795e-10, 4.96683805196e-10]
    },
    "gfcc": {
        "mean": [-36.2403678894, 145.35357666, -173.607284546, 57.2787628174, -75.3097915649, 6.38798332214, -17.9687347412, -27.3905258179, 4.70839166641, -24.6862411499, 4.79159736633, -15.8023452759, -0.0225673094392],
        "cov": [[3641.2644043, 23.6594028473, 3.31127095222, 195.318313599, -44.3971939087, 201.125991821, 3.86659264565, 25.985004425, -7.06034469604, -37.7918777466, 41.6842155457, -51.6564102173, 34.1698760986], [23.6594028473, 889.697143555, 205.227539062, -72.7260513306, 338.429229736, -50.2591972351, 135.426696777, -13.44094944, 55.4244689941, 7.43890762329, 76.8193359375, 19.9780426025, 11.9353981018], [3.31127095222, 205.227539062, 731.94720459, 406.49017334, -47.1586036682, 64.8593139648, -22.984085083, -3.30505800247, 2.44563174248, 17.6361103058, 20.3162555695, 3.56419157982, -13.386680603], [195.318313599, -72.7260513306, 406.49017334, 475.845123291, -7.32089090347, 26.0474185944, -71.4405212402, 22.2128982544, 7.16850137711, 13.94871521, -20.1361694336, -14.6928119659, 0.998730897903], [-44.3971939087, 338.429229736, -47.1586036682, -7.32089090347, 416.098388672, 68.6282730103, 69.1441497803, 36.270816803, 37.9432067871, 26.9330940247, 65.365776062, -2.94975185394, 16.4002399445], [201.125991821, -50.2591972351, 64.8593139648, 26.0474185944, 68.6282730103, 288.410766602, 76.7341690063, 21.0890254974, -38.7433891296, 17.4612979889, 62.9177589417, -21.284450531, -21.369802475], [3.86659264565, 135.426696777, -22.984085083, -71.4405212402, 69.1441497803, 76.7341690063, 221.205032349, 35.8008460999, -33.9811210632, 10.4492206573, 22.9310073853, 6.78654766083, -10.5009851456], [25.985004425, -13.44094944, -3.30505800247, 22.2128982544, 36.270816803, 21.0890254974, 35.8008460999, 147.220031738, 45.2079582214, -12.6671905518, 10.6411705017, -7.17467069626, 16.1114006042], [-7.06034469604, 55.4244689941, 2.44563174248, 7.16850137711, 37.9432067871, -38.7433891296, -33.9811210632, 45.2079582214, 132.422134399, 35.2570304871, -14.9660024643, 12.1257572174, 7.13837909698], [-37.7918777466, 7.43890762329, 17.6361103058, 13.94871521, 26.9330940247, 17.4612979889, 10.4492206573, -12.6671905518, 35.2570304871, 91.6641540527, 37.5808181763, -1.29796338081, 0.048435870558], [41.6842155457, 76.8193359375, 20.3162555695, -20.1361694336, 65.365776062, 62.9177589417, 22.9310073853, 10.6411705017, -14.9660024643, 37.5808181763, 105.255584717, 20.1429462433, -2.52381062508], [-51.6564102173, 19.9780426025, 3.56419157982, -14.6928119659, -2.94975185394, -21.284450531, 6.78654766083, -7.17467069626, 12.1257572174, -1.29796338081, 20.1429462433, 76.2048416138, 23.3777484894], [34.1698760986, 11.9353981018, -13.386680603, 0.998730897903, 16.4002399445, -21.369802475, -10.5009851456, 16.1114006042, 7.13837909698, 0.048435870558, -2.52381062508, 23.3777484894, 73.6349639893]],
        "icov": [[0.000364778068615, -0.000324672437273, 0.000520082889125, -0.000656145100947, 0.00053579226369, -0.000462702708319, -9.61639525485e-05, 0.000286306574708, -0.00046993343858, 0.000582608161494, -0.000577787926886, 0.000491348677315, -0.000473795895232], [-0.000324672437273, 0.00531469518319, -0.00394854368642, 0.00312741566449, -0.00416866736487, 0.00373894860968, -0.00385656626895, 0.00382137158886, -0.00434472505003, 0.00478928489611, -0.00456742150709, 0.00323422229849, -0.00160890701227], [0.000520082889125, -0.00394854368642, 0.00624888390303, -0.00568196410313, 0.00417820224538, -0.00317707238719, 0.00136666477192, -0.000836608640384, 0.000801225600298, -0.00112426129635, 0.000246390263783, -0.00128408998717, 0.000476297514979], [-0.000656145100947, 0.00312741566449, -0.00568196410313, 0.00785557832569, -0.00398533092812, 0.00214006868191, 0.000884848239366, -0.00142542598769, 0.00165271968581, -0.00193624920212, 0.00276146177202, -0.000493625877425, 0.000697238428984], [0.00053579226369, -0.00416866736487, 0.00417820224538, -0.00398533092812, 0.00707329018041, -0.00333535950631, 0.000783201830927, -0.000892867974471, -0.000539034663234, -0.000592788332142, -0.00118854350876, 0.000412415451137, -0.00111462082714], [-0.000462702708319, 0.00373894860968, -0.00317707238719, 0.00214006868191, -0.00333535950631, 0.00763178663328, -0.00388983939774, 0.00219467631541, -0.00199394812807, 0.00314508914016, -0.00551452301443, 0.00373028847389, -0.000257232051808], [-9.61639525485e-05, -0.00385656626895, 0.00136666477192, 0.000884848239366, 0.000783201830927, -0.00388983939774, 0.0112493410707, -0.00833086017519, 0.0100564695895, -0.00992799177766, 0.00952131766826, -0.00754299433902, 0.00478265108541], [0.000286306574708, 0.00382137158886, -0.000836608640384, -0.00142542598769, -0.000892867974471, 0.00219467631541, -0.00833086017519, 0.0170754920691, -0.0143632087857, 0.0143113322556, -0.0129303941503, 0.0100476415828, -0.00722355209291], [-0.00046993343858, -0.00434472505003, 0.000801225600298, 0.00165271968581, -0.000539034663234, -0.00199394812807, 0.0100564695895, -0.0143632087857, 0.0241893548518, -0.0194231998175, 0.0173043999821, -0.0127724558115, 0.00747967045754], [0.000582608161494, 0.00478928489611, -0.00112426129635, -0.00193624920212, -0.000592788332142, 0.00314508914016, -0.00992799177766, 0.0143113322556, -0.0194231998175, 0.0302308052778, -0.0209976639599, 0.0134730841964, -0.00786123983562], [-0.000577787926886, -0.00456742150709, 0.000246390263783, 0.00276146177202, -0.00118854350876, -0.00551452301443, 0.00952131766826, -0.0129303941503, 0.0173043999821, -0.0209976639599, 0.030012011528, -0.0159101039171, 0.00828321371228], [0.000491348677315, 0.00323422229849, -0.00128408998717, -0.000493625877425, 0.000412415451137, 0.00373028847389, -0.00754299433902, 0.0100476415828, -0.0127724558115, 0.0134730841964, -0.0159101039171, 0.0249350164086, -0.0104947825894], [-0.000473795895232, -0.00160890701227, 0.000476297514979, 0.000697238428984, -0.00111462082714, -0.000257232051808, 0.00478265108541, -0.00722355209291, 0.00747967045754, -0.00786123983562, 0.00828321371228, -0.0104947825894, 0.0194703303277]]
    },
    "melbands": {
        "dmean": [0.000384097889764, 0.000851432909258, 0.000720220908988, 0.000403996411478, 0.000452924286947, 0.000350045214873, 0.000251689431025, 0.000199555564905, 0.00019516213797, 0.000182298084837, 0.000186024757568, 0.000160435854923, 8.87085116119e-05, 9.9100456282e-05, 9.87177700154e-05, 8.27758631203e-05, 6.7168926762e-05, 6.23218802502e-05, 3.97701514885e-05, 2.32350357692e-05, 2.33153150475e-05, 1.5668963897e-05, 1.07682108137e-05, 9.23258721741e-06, 5.69040275877e-06, 5.34514856554e-06, 5.81473204875e-06, 6.49848470857e-06, 6.13044494457e-06, 4.33200784755e-06, 4.22764014729e-06, 4.34601861343e-06, 3.36010612045e-06, 2.57137367043e-06, 2.04997604669e-06, 1.472619374e-06, 6.39505799427e-07, 1.78248782845e-07, 3.2960898011e-08, 3.25843774185e-09],
        "dmean2": [0.000632704468444, 0.00148505228572, 0.00123273127247, 0.000670332985464, 0.000728147686459, 0.000554987112992, 0.00040488835657, 0.000316632882459, 0.00030787839205, 0.000295261997962, 0.000294773315545, 0.000256620667642, 0.000140895324876, 0.000158353897859, 0.000159382077982, 0.000131246633828, 0.00010745444888, 0.000100303179352, 6.31796501693e-05, 3.62953687727e-05, 3.72434878955e-05, 2.45221544901e-05, 1.73004846147e-05, 1.51029380504e-05, 9.0422527137e-06, 8.4373041318e-06, 8.98901453183e-06, 9.90709941107e-06, 9.41995313042e-06, 6.68391976433e-06, 6.42674240225e-06, 6.62284628561e-06, 5.04936997459e-06, 3.85397424907e-06, 2.9990924304e-06, 2.14421402234e-06, 9.55113364398e-07, 2.77378376268e-07, 5.3733092642e-08, 5.52506707052e-09],
        "dvar": [7.16578256288e-07, 4.93161451232e-06, 2.31005401474e-06, 5.04892625486e-07, 1.30566797907e-06, 7.26804159967e-07, 3.20811807342e-07, 3.40500179163e-07, 3.45030343851e-07, 2.91412931119e-07, 2.201504401e-07, 1.92645671859e-07, 5.82044599184e-08, 9.8560043682e-08, 1.10676332099e-07, 7.03044804595e-08, 3.88377827676e-08, 3.24895452763e-08, 1.3658372211e-08, 3.92922849812e-09, 3.88027254772e-09, 1.56030210974e-09, 7.05701719284e-10, 3.10132280967e-10, 2.00195499067e-10, 1.85004525588e-10, 2.45005460364e-10, 3.23821108816e-10, 3.7783517981e-10, 1.44118703083e-10, 1.43357631321e-10, 1.77162756687e-10, 1.19191045922e-10, 7.51873147076e-11, 5.33664917812e-11, 2.93998124457e-11, 5.632520058e-12, 4.43822875586e-13, 3.85624183681e-14, 1.00622675458e-15],
        "dvar2": [1.82073677024e-06, 1.3767841665e-05, 6.19555521553e-06, 1.26184170313e-06, 2.89850345325e-06, 1.55701559379e-06, 7.46441401134e-07, 7.63922400893e-07, 7.92099797309e-07, 7.05607305918e-07, 5.36520246897e-07, 4.60633344801e-07, 1.39325678106e-07, 2.52672464285e-07, 2.87813577415e-07, 1.52902785544e-07, 8.48430730116e-08, 7.32239868739e-08, 2.98363076467e-08, 8.99106034069e-09, 9.10099107188e-09, 3.39932304527e-09, 1.65776614658e-09, 7.37333860634e-10, 5.11186204477e-10, 4.30039948096e-10, 5.47064393785e-10, 6.92670532043e-10, 8.62245719269e-10, 3.31788957419e-10, 3.17567389052e-10, 3.95905197514e-10, 2.65157756862e-10, 1.59331867144e-10, 1.04569825021e-10, 6.16599132863e-11, 1.30783873314e-11, 1.0987106407e-12, 1.07473600332e-13, 2.91903350788e-15],
        "max": [0.0128488559276, 0.0270761996508, 0.019643470645, 0.0131357684731, 0.023327935487, 0.0236639734358, 0.0149740949273, 0.0109878620133, 0.0125664817169, 0.0100891934708, 0.0111693628132, 0.00801685731858, 0.00774301821366, 0.0107549130917, 0.00996705144644, 0.0110606327653, 0.00776069704443, 0.00458055920899, 0.00430658087134, 0.00135089363903, 0.00129919161554, 0.00116795569193, 0.00097397895297, 0.000466070370749, 0.000557180726901, 0.000379287899705, 0.000456191482954, 0.000492057472002, 0.000744549557567, 0.0003428075579, 0.000315565615892, 0.000317560421536, 0.000311673327815, 0.000200338545255, 0.000171048130142, 0.000131514607347, 8.20390268927e-05, 3.05288958771e-05, 1.16138180601e-05, 2.02942055694e-06],
        "mean": [0.000610142014921, 0.000988632673398, 0.000904744490981, 0.000609995913692, 0.00060879252851, 0.000509151199367, 0.000362793565728, 0.00024928728817, 0.00022798437567, 0.000218563160161, 0.000250255339779, 0.000217813125346, 0.000119051830552, 0.000140016592923, 0.000135451045935, 0.000116195362352, 9.37756267376e-05, 8.06513344287e-05, 5.04671588715e-05, 3.16056211886e-05, 3.23427630065e-05, 2.28130029427e-05, 1.59704977705e-05, 1.45592621266e-05, 8.74702618603e-06, 7.69169309933e-06, 8.33868398331e-06, 9.06840159587e-06, 8.96554320207e-06, 6.18792591922e-06, 5.93206459598e-06, 5.95840720052e-06, 4.61445188193e-06, 3.48003482031e-06, 2.74528247246e-06, 1.9414169401e-06, 8.39666768115e-07, 2.29925916528e-07, 4.04047035829e-08, 3.50237128188e-09],
        "median": [0.000338638637913, 0.000467032543384, 0.000476952816825, 0.000341369508533, 0.000226668649702, 0.000222741917241, 0.000165240067872, 8.01523492555e-05, 6.00982166361e-05, 6.06107678323e-05, 6.85563791194e-05, 5.77028113184e-05, 3.20266299241e-05, 3.00789961329e-05, 2.43788908847e-05, 3.63632025255e-05, 3.1830772059e-05, 1.95549437194e-05, 1.26513214127e-05, 1.07001078504e-05, 1.15579505291e-05, 7.0128949119e-06, 6.66584264764e-06, 7.46591285861e-06, 4.31789703725e-06, 3.68491805602e-06, 3.7208512822e-06, 3.24269717566e-06, 3.51822609446e-06, 2.18596528612e-06, 1.91761478163e-06, 1.55403211011e-06, 1.33620198994e-06, 8.88393742571e-07, 6.10103768395e-07, 4.35971799106e-07, 1.96980053602e-07, 5.5258624343e-08, 1.08833715373e-08, 8.08062949886e-10],
        "min": [2.82635293933e-23, 2.81919166003e-23, 1.02505990197e-23, 2.81663220083e-24, 1.40087465717e-23, 1.26243990238e-23, 1.43264098141e-23, 9.34129483145e-24, 1.67303624486e-23, 1.47490183783e-23, 1.1815288848e-23, 3.68692524514e-24, 9.54262475624e-24, 1.03596677173e-23, 7.19685692442e-24, 7.54072375959e-24, 8.74044709008e-24, 1.16404977818e-23, 1.39799673481e-23, 8.21015901237e-24, 1.23747821341e-23, 1.8847161825e-23, 9.87315510894e-24, 4.47260546319e-24, 9.62987513894e-24, 9.74126229876e-24, 1.35171331887e-23, 1.00435530088e-23, 9.38455044147e-24, 1.22125331674e-23, 1.25795680585e-23, 7.57569869668e-24, 6.78116509269e-24, 8.1816890223e-24, 1.28881128578e-23, 1.17997664319e-23, 9.98901274351e-24, 8.98568264627e-24, 6.89062585418e-24, 9.32074579373e-24],
        "var": [8.60355726218e-07, 3.75199465452e-06, 2.08317715078e-06, 7.08358129486e-07, 1.93078062694e-06, 1.15766624731e-06, 4.63951323582e-07, 4.29944378766e-07, 4.33154355051e-07, 3.1929843658e-07, 3.21303645023e-07, 2.87731069193e-07, 8.26590778047e-08, 1.65950453379e-07, 1.69054757748e-07, 1.04811853419e-07, 5.94552140853e-08, 4.59958044985e-08, 1.99039114079e-08, 5.39966338309e-09, 5.69777602877e-09, 2.9190125872e-09, 1.059578425e-09, 5.36912292404e-10, 2.33145142081e-10, 2.38008945885e-10, 3.25735299844e-10, 5.06525821287e-10, 5.91053983534e-10, 2.00898422897e-10, 2.18316670297e-10, 2.55877818933e-10, 1.68538780154e-10, 1.16606502232e-10, 8.7434524898e-11, 4.26714115431e-11, 6.89964882103e-12, 4.98394890896e-13, 2.7998328482e-14, 5.89432016786e-16]
    },
    "mfcc": {
        "mean": [-645.501464844, 135.937225342, -24.5306587219, 34.05078125, -22.2650222778, 23.6773586273, -17.8045597076, 10.1814537048, -13.5720024109, 6.87118911743, -10.0283975601, 3.94688296318, -9.29817771912],
        "cov": [[3175.80712891, -128.538391113, -103.972007751, 50.1979408264, -73.0700073242, 166.606918335, -31.0893325806, 153.959136963, -93.3054428101, 148.802825928, -123.288223267, 56.4469070435, -103.537879944], [-128.538391113, 993.192749023, -152.243286133, -6.69386529922, 140.2762146, 11.1171426773, 141.398620605, 14.7338323593, 38.2919960022, -10.532954216, 92.4892959595, -29.4122047424, 79.9988632202], [-103.972007751, -152.243286133, 840.232910156, 281.025939941, 27.3169517517, 94.8521194458, -18.5871925354, 10.3374099731, -31.5461158752, -11.521229744, -0.975745022297, 38.0034484863, -1.02021729946], [50.1979408264, -6.69386529922, 281.025939941, 393.29473877, 105.013961792, 11.4289064407, -46.4641609192, -11.4227733612, 33.5166091919, 1.39981341362, -28.3150272369, 22.4668540955, 19.7134857178], [-73.0700073242, 140.2762146, 27.3169517517, 105.013961792, 329.654693604, 37.4405441284, 30.779258728, 13.1619052887, 12.3013114929, 53.5832862854, 11.7521924973, 16.8655204773, 24.8440704346], [166.606918335, 11.1171426773, 94.8521194458, 11.4289064407, 37.4405441284, 217.364746094, 85.1388168335, 9.90172672272, -33.0935058594, 25.1835708618, 26.7753448486, 12.8510980606, -5.37738609314], [-31.0893325806, 141.398620605, -18.5871925354, -46.4641609192, 30.779258728, 85.1388168335, 296.024383545, 56.983921051, -12.6258716583, 25.6231384277, 36.6384429932, 5.07033729553, 11.4592113495], [153.959136963, 14.7338323593, 10.3374099731, -11.4227733612, 13.1619052887, 9.90172672272, 56.983921051, 136.039871216, 24.4459552765, 16.5045928955, 9.46516227722, 8.95528793335, -2.58195972443], [-93.3054428101, 38.2919960022, -31.5461158752, 33.5166091919, 12.3013114929, -33.0935058594, -12.6258716583, 24.4459552765, 129.597229004, 10.3768644333, 7.2848777771, 4.68740749359, 5.87117671967], [148.802825928, -10.532954216, -11.521229744, 1.39981341362, 53.5832862854, 25.1835708618, 25.6231384277, 16.5045928955, 10.3768644333, 125.393814087, 13.6985874176, 7.87658262253, -1.67721402645], [-123.288223267, 92.4892959595, -0.975745022297, -28.3150272369, 11.7521924973, 26.7753448486, 36.6384429932, 9.46516227722, 7.2848777771, 13.6985874176, 118.755722046, 12.8332309723, 4.72761154175], [56.4469070435, -29.4122047424, 38.0034484863, 22.4668540955, 16.8655204773, 12.8510980606, 5.07033729553, 8.95528793335, 4.68740749359, 7.87658262253, 12.8332309723, 89.6179199219, 16.1398487091], [-103.537879944, 79.9988632202, -1.02021729946, 19.7134857178, 24.8440704346, -5.37738609314, 11.4592113495, -2.58195972443, 5.87117671967, -1.67721402645, 4.72761154175, 16.1398487091, 88.5195846558]],
