{
"lowlevel": {
    "average_loudness": 0.911225199699,
    "barkbands_crest": {
        "dmean": 2.56584763527,
        "dmean2": 4.04870843887,
        "dvar": 5.62850236893,
        "dvar2": 13.8555774689,
        "max": 26.7587604523,
        "mean": 12.7738523483,
        "median": 12.2094478607,
        "min": 3.12956953049,
        "var": 21.6467189789
    },
    "barkbands_flatness_db": {
        "dmean": 0.0236063636839,
        "dmean2": 0.0366101115942,
        "dvar": 0.000526688760146,
        "dvar2": 0.00117492326535,
        "max": 0.531970560551,
        "mean": 0.243708819151,
        "median": 0.239217996597,
        "min": 0.0433999784291,
        "var": 0.00352672697045
    },
    "barkbands_kurtosis": {
        "dmean": 6.2014875412,
        "dmean2": 9.58480548859,
        "dvar": 187.157592773,
        "dvar2": 451.290100098,
        "max": 446.15234375,
        "mean": 12.3764457703,
        "median": 6.41738891602,
        "min": -1.93029534817,
        "var": 472.199249268
    },
    "barkbands_skewness": {
        "dmean": 0.666285932064,
        "dmean2": 1.00224781036,
        "dvar": 0.677348613739,
        "dvar2": 1.45782804489,
        "max": 18.5530548096,
        "mean": 2.32942295074,
        "median": 2.00303125381,
        "min": -1.87197840214,
        "var": 3.00282430649
    },
    "barkbands_spread": {
        "dmean": 3.13172483444,
        "dmean2": 4.69603300095,
        "dvar": 25.6675662994,
        "dvar2": 52.5443458557,
        "max": 93.7539749146,
        "mean": 11.3164205551,
        "median": 8.87010860443,
        "min": 0.226577728987,
        "var": 91.5115127563
    },
    "dissonance": {
        "dmean": 0.0261928979307,
        "dmean2": 0.0435036420822,
        "dvar": 0.000579008774366,
        "dvar2": 0.00154901517089,
        "max": 0.499996304512,
        "mean": 0.435594677925,
        "median": 0.445502698421,
        "min": 0.197747603059,
        "var": 0.00196371297352
    },
    "dynamic_complexity": 3.82519388199,
    "erbbands_crest": {
        "dmean": 3.09695482254,
        "dmean2": 4.89270877838,
        "dvar": 8.39523506165,
        "dvar2": 19.203004837,
        "max": 31.8085689545,
        "mean": 12.3666772842,
        "median": 11.2482299805,
        "min": 2.6356356144,
        "var": 32.4864196777
    },
    "erbbands_flatness_db": {
        "dmean": 0.0191604811698,
        "dmean2": 0.0283515322953,
        "dvar": 0.000404013582738,
        "dvar2": 0.000790161720943,
        "max": 0.428438276052,
        "mean": 0.228195950389,
        "median": 0.225421756506,
        "min": 0.0356567837298,
        "var": 0.00282331835479
    },
    "erbbands_kurtosis": {
        "dmean": 1.97347271442,
        "dmean2": 3.07487630844,
        "dvar": 15.602230072,
        "dvar2": 34.4113807678,
        "max": 142.084091187,
        "mean": 2.61400508881,
        "median": 0.727115035057,
        "min": -1.88777422905,
        "var": 39.8231620789
    },
    "erbbands_skewness": {
        "dmean": 0.460309267044,
        "dmean2": 0.702704787254,
        "dvar": 0.227844551206,
        "dvar2": 0.486164450645,
        "max": 9.91885566711,
        "mean": 1.13021063805,
        "median": 0.976833105087,
        "min": -3.68274474144,
        "var": 1.1460082531
    },
    "erbbands_spread": {
        "dmean": 7.89671421051,
        "dmean2": 11.9210929871,
        "dvar": 125.40750885,
        "dvar2": 241.181564331,
        "max": 157.589706421,
        "mean": 34.0901947021,
        "median": 28.9828186035,
        "min": 1.41322124004,
        "var": 547.59753418
    },
    "hfc": {
        "dmean": 3.8618683815,
        "dmean2": 5.64945411682,
        "dvar": 30.8434944153,
        "dvar2": 64.5062866211,
        "max": 90.7654495239,
        "mean": 13.2058792114,
        "median": 9.69100952148,
        "min": 1.20889759842e-16,
        "var": 145.84236145
    },
    "melbands_crest": {
        "dmean": 3.03314590454,
        "dmean2": 4.78796243668,
        "dvar": 7.85066604614,
        "dvar2": 18.5120620728,
        "max": 39.8076057434,
        "mean": 15.8894701004,
        "median": 15.1452713013,
        "min": 2.58196115494,
        "var": 30.2720355988
    },
    "melbands_flatness_db": {
        "dmean": 0.0264720246196,
        "dmean2": 0.0388145335019,
        "dvar": 0.000758529524319,
        "dvar2": 0.00152597622946,
        "max": 0.638240993023,
        "mean": 0.294098734856,
        "median": 0.291916847229,
        "min": 0.00612398982048,
        "var": 0.00652611581609
    },
    "melbands_kurtosis": {
        "dmean": 11.4870023727,
        "dmean2": 17.746219635,
        "dvar": 525.836853027,
        "dvar2": 1186.8939209,
        "max": 561.829040527,
        "mean": 24.8158016205,
        "median": 12.5620422363,
        "min": -1.86542022228,
        "var": 1431.36291504
    },
    "melbands_skewness": {
        "dmean": 0.844858288765,
        "dmean2": 1.26270413399,
        "dvar": 1.08705127239,
        "dvar2": 2.21730613708,
        "max": 18.330368042,
        "mean": 3.09787535667,
        "median": 2.62576055527,
        "min": -1.41761577129,
        "var": 4.83324289322
    },
    "melbands_spread": {
        "dmean": 3.23481988907,
        "dmean2": 4.85028362274,
        "dvar": 35.9792480469,
        "dvar2": 74.9513702393,
        "max": 187.0859375,
        "mean": 11.3208732605,
        "median": 8.46876525879,
        "min": 0.369179040194,
        "var": 109.948188782
    },
    "pitch_salience": {
        "dmean": 0.0650457516313,
        "dmean2": 0.103024728596,
        "dvar": 0.00369579810649,
        "dvar2": 0.00896566733718,
        "max": 0.938432276249,
        "mean": 0.487268537283,
        "median": 0.47781932354,
        "min": 0.0127296335995,
        "var": 0.014749632217
    },
    "silence_rate_20dB": {
        "dmean": 0,
        "dmean2": 0,
        "dvar": 0,
        "dvar2": 0,
        "max": 1,
        "mean": 1,
        "median": 1,
        "min": 1,
        "var": 0
    },
    "silence_rate_30dB": {
        "dmean": 0.0200122017413,
        "dmean2": 0.0400292910635,
        "dvar": 0.0196092966944,
        "dvar2": 0.0481949336827,
        "max": 1,
        "mean": 0.977428019047,
        "median": 1,
        "min": 0,
        "var": 0.0220607407391
    },
    "silence_rate_60dB": {
        "dmean": 0.0146430749446,
        "dmean2": 0.0292897243053,
        "dvar": 0.0144279049709,
        "dvar2": 0.0306253619492,
        "max": 1,
        "mean": 0.0777208358049,
        "median": 0,
        "min": 0,
        "var": 0.0716816335917
    },
    "spectral_centroid": {
        "dmean": 158.131225586,
        "dmean2": 239.008682251,
        "dvar": 55099.1367188,
        "dvar2": 104216.460938,
        "max": 10751.8076172,
        "mean": 834.094116211,
        "median": 671.243896484,
        "min": 134.651306152,
        "var": 281097.34375
    },
    "spectral_complexity": {
        "dmean": 2.08053684235,
        "dmean2": 3.29484987259,
        "dvar": 4.58143424988,
        "dvar2": 10.448340416,
        "max": 45,
        "mean": 11.7009515762,
        "median": 11,
        "min": 0,
        "var": 46.4084358215
    },
    "spectral_decrease": {
        "dmean": 2.70288569304e-09,
        "dmean2": 3.97099375604e-09,
        "dvar": 1.48995692769e-17,
        "dvar2": 3.09135659059e-17,
        "max": -4.99046703879e-30,
        "mean": -8.66508109709e-09,
        "median": -7.36570093807e-09,
        "min": -6.09000707641e-08,
        "var": 5.09676301062e-17
    },
    "spectral_energy": {
        "dmean": 0.0104811247438,
        "dmean2": 0.0153953759,
        "dvar": 0.000221236070502,
        "dvar2": 0.000457935355371,
        "max": 0.23099629581,
        "mean": 0.0339018367231,
        "median": 0.0289508011192,
        "min": 1.09838777069e-20,
        "var": 0.000762781419326
    },
    "spectral_energyband_high": {
        "dmean": 0.00013849674724,
        "dmean2": 0.000200761583983,
        "dvar": 1.04021033565e-07,
        "dvar2": 2.11067657574e-07,
        "max": 0.00984147656709,
        "mean": 0.000307771348162,
        "median": 9.47069493122e-05,
        "min": 7.89554719116e-21,
        "var": 3.85137525427e-07
    },
    "spectral_energyband_low": {
        "dmean": 0.00598835013807,
        "dmean2": 0.00885819457471,
        "dvar": 0.00014052343613,
        "dvar2": 0.000314390606945,
        "max": 0.228577941656,
        "mean": 0.0151001028717,
        "median": 0.0115481698886,
        "min": 7.39834272812e-23,
        "var": 0.000384899060009
    },
    "spectral_energyband_middle_high": {
        "dmean": 0.00114940013736,
        "dmean2": 0.00171724066604,
        "dvar": 7.95735104475e-06,
        "dvar2": 1.75207314896e-05,
        "max": 0.0701230540872,
        "mean": 0.00301663065329,
        "median": 0.00122918374836,
        "min": 1.65574760082e-21,
        "var": 3.09095521516e-05
    },
    "spectral_energyband_middle_low": {
        "dmean": 0.00652612512931,
        "dmean2": 0.00997059047222,
        "dvar": 9.53036724241e-05,
        "dvar2": 0.000209527875995,
        "max": 0.193730339408,
        "mean": 0.0162833817303,
        "median": 0.012050434947,
        "min": 3.79706319638e-22,
        "var": 0.000244816066697
    },
    "spectral_entropy": {
        "dmean": 0.198803961277,
        "dmean2": 0.292591720819,
        "dvar": 0.0448802597821,
        "dvar2": 0.0846012383699,
        "max": 9.78724575043,
        "mean": 6.91321659088,
        "median": 6.96229553223,
        "min": 3.85443472862,
        "var": 0.347167164087
    },
    "spectral_flux": {
        "dmean": 0.0259416140616,
        "dmean2": 0.0407081916928,
        "dvar": 0.000909093185328,
        "dvar2": 0.00193857378326,
        "max": 0.402228415012,
        "mean": 0.0760482922196,
        "median": 0.0645759105682,
        "min": 1.04803998813e-10,
        "var": 0.00244464352727
    },
    "spectral_kurtosis": {
        "dmean": 3.9706902504,
        "dmean2": 6.84286689758,
        "dvar": 23.9033164978,
        "dvar2": 65.9569320679,
        "max": 89.9462203979,
        "mean": 6.77875947952,
        "median": 4.49394798279,
        "min": -1.4726010561,
        "var": 70.3929824829
    },
    "spectral_rms": {
        "dmean": 0.000836115912534,
        "dmean2": 0.00120265805162,
        "dvar": 9.1212461939e-07,
        "dvar2": 1.70229111518e-06,
        "max": 0.0150120696053,
        "mean": 0.00525374989957,
        "median": 0.00531457271427,
        "min": 3.2735268489e-12,
        "var": 5.47315448785e-06
    },
    "spectral_rolloff": {
        "dmean": 199.212600708,
        "dmean2": 335.960418701,
        "dvar": 358326.71875,
        "dvar2": 723446,
        "max": 18604.6875,
        "mean": 706.454345703,
        "median": 430.6640625,
        "min": 21.533203125,
        "var": 779700.8125
    },
    "spectral_skewness": {
        "dmean": 0.398099988699,
        "dmean2": 0.659632980824,
        "dvar": 0.163361415267,
        "dvar2": 0.419485479593,
        "max": 7.95010328293,
        "mean": 1.71799182892,
        "median": 1.55468034744,
        "min": -0.623628973961,
        "var": 0.774813115597
    },
    "spectral_spread": {
        "dmean": 461548.84375,
        "dmean2": 682341.1875,
        "dvar": 528727703552,
        "dvar2": 759168958464,
        "max": 40032612,
        "mean": 3439783.75,
        "median": 3088580.25,
        "min": 878117.1875,
        "var": 2.18194601574e+12
    },
    "spectral_strongpeak": {
        "dmean": 0.469062685966,
        "dmean2": 0.766226053238,
        "dvar": 0.540028631687,
        "dvar2": 1.2615134716,
        "max": 9.22340297699,
        "mean": 0.987331986427,
        "median": 0.585303544998,
        "min": 0,
        "var": 1.10379159451
    },
    "zerocrossingrate": {
        "dmean": 0.00631768628955,
        "dmean2": 0.00750525342301,
        "dvar": 0.000101734927739,
        "dvar2": 0.000107543215563,
        "max": 0.55810546875,
        "mean": 0.0343444719911,
        "median": 0.02783203125,
        "min": 0,
        "var": 0.000655633746646
    },
    "barkbands": {
        "dmean": [0.000339600082953, 0.00464851083234, 0.0018514826661, 0.000952712376602, 0.0020741391927, 0.0033612838015, 0.000882200489286, 0.000614452641457, 0.000876655743923, 0.000644876272418, 0.00028983320226, 0.000200059483177, 0.000170999745023, 0.000175961031346, 0.000120081145724, 7.97364409664e-05, 9.50597968767e-05, 8.87472051545e-05, 8.21702487883e-05, 7.47829180909e-05, 4.32368215115e-05, 2.28624994634e-05, 2.45761784754e-05, 3.29730173689e-05, 9.03798650143e-07, 1.84621418153e-09, 1.43128342511e-09],
        "dmean2": [0.0005578516284, 0.006832734216, 0.00308433035389, 0.00169864774216, 0.00342106074095, 0.00509845791385, 0.00135865493212, 0.000940800644457, 0.00133083574474, 0.000990825239569, 0.000435817375546, 0.000313966767862, 0.000272994424449, 0.000288626470137, 0.000196852342924, 0.000134362329845, 0.000158478258527, 0.000143398327054, 0.000126914339489, 0.000113614740258, 6.75629562465e-05, 3.36062039423e-05, 3.62446953659e-05, 4.93447114422e-05, 1.40630152146e-06, 3.2981148923e-09, 2.67164890211e-09],
        "dvar": [4.43703498831e-07, 9.04267290025e-05, 2.9014345273e-05, 1.19288097267e-05, 1.6293479348e-05, 3.81989266316e-05, 6.96102597431e-06, 5.89241108173e-06, 9.02309238882e-06, 6.6221105044e-06, 1.15437069326e-06, 6.03374076036e-07, 3.59967486929e-07, 3.78859056127e-07, 1.25943046214e-07, 7.08403717908e-08, 6.93035246968e-08, 5.90600137684e-08, 5.32960697797e-08, 3.76398006097e-08, 1.68296292458e-08, 6.17826012572e-09, 6.24810470029e-09, 1.03428119402e-08, 7.92219588541e-12, 1.30955222753e-17, 4.68860570933e-18],
        "dvar2": [1.11421707061e-06, 0.00019889860414, 7.62987183407e-05, 3.41290069628e-05, 3.95151837438e-05, 7.99366462161e-05, 1.52969296323e-05, 1.32339901029e-05, 1.75216136995e-05, 1.51026797539e-05, 2.44060379373e-06, 1.21220944038e-06, 8.57637758145e-07, 9.93883077172e-07, 3.23169047078e-07, 1.99206724005e-07, 1.95240673406e-07, 1.4764211187e-07, 1.21573521028e-07, 8.01457318289e-08, 3.97263129059e-08, 1.23721592971e-08, 1.31862547548e-08, 2.37002240056e-08, 1.73545639665e-11, 3.67070396545e-17, 1.530573481e-17],
        "max": [0.0178804248571, 0.210285618901, 0.0989132672548, 0.0574415624142, 0.062858581543, 0.183478295803, 0.0847617760301, 0.0563859008253, 0.0862636715174, 0.0687899440527, 0.0314691625535, 0.0337524004281, 0.0202252026647, 0.0214346200228, 0.00841424427927, 0.00764711666852, 0.0050053736195, 0.00558977294713, 0.00752976443619, 0.0057794121094, 0.00345868314616, 0.00304226926528, 0.00271814782172, 0.00212094327435, 6.71445595799e-05, 1.02000903723e-07, 2.24821548045e-08],
        "mean": [0.00061517697759, 0.0108485268429, 0.00309497001581, 0.00108080962673, 0.00347024272196, 0.00732459081337, 0.00161743490025, 0.000938251032494, 0.00138024496846, 0.00103783875238, 0.000469340622658, 0.00032527645817, 0.000251229677815, 0.000278964056633, 0.000192899809917, 0.000119391253975, 0.000159590257681, 0.000160038427566, 0.000167771810084, 0.000154062232468, 7.99800618552e-05, 4.12110930483e-05, 4.10186476074e-05, 5.17081825819e-05, 1.1977936083e-06, 1.88447546456e-09, 1.18335707899e-09],
        "median": [0.000306281086523, 0.00758941285312, 0.00200536288321, 0.000474815373309, 0.0013313787058, 0.00273927953094, 0.000381971505703, 0.000220577727305, 0.000270080694463, 0.000118115756777, 7.79071124271e-05, 5.00766582263e-05, 5.90436902712e-05, 4.73941545351e-05, 5.35471044714e-05, 3.57966928277e-05, 4.45392179245e-05, 3.33543357556e-05, 3.95760362153e-05, 3.0011697163e-05, 2.07711527764e-05, 1.00594070318e-05, 9.42908718571e-06, 6.84116821503e-06, 1.28237232389e-07, 6.85830947589e-10, 4.08999861756e-10],
        "min": [6.36857632422e-23, 1.22283222184e-23, 3.67935296931e-23, 1.06802600003e-23, 2.07842839306e-23, 6.97340039788e-23, 1.18655976633e-22, 7.32195133133e-23, 7.30577589624e-23, 4.35048521967e-23, 7.28912083372e-23, 4.10656090808e-23, 1.46144724711e-22, 1.39281710566e-22, 1.78801748652e-22, 1.90511839742e-22, 1.59733655286e-22, 3.13358371722e-22, 2.33193897393e-22, 2.86121415424e-22, 5.63783061256e-22, 5.88857326984e-22, 4.65244514454e-22, 8.04005519988e-22, 1.16267596113e-21, 1.6774289821e-21, 2.6416317804e-21],
        "var": [9.09860716547e-07, 0.000264867063379, 2.71306471404e-05, 7.71542636357e-06, 3.34355936502e-05, 0.000114942980872, 1.57524846145e-05, 8.03444891062e-06, 1.73241733137e-05, 1.28587380459e-05, 2.38244433604e-06, 1.50129915255e-06, 6.0133407942e-07, 8.47147020977e-07, 2.30122125799e-07, 1.07590338416e-07, 1.46880765328e-07, 1.58754204449e-07, 2.03334224125e-07, 1.32778467332e-07, 4.0938736845e-08, 2.01625187657e-08, 1.55819712688e-08, 2.11418171858e-08, 1.52176275053e-11, 1.52382352177e-17, 3.98953593492e-18]
    },
    "erbbands": {
        "dmean": [0.169383242726, 0.982809603214, 2.04699587822, 2.55545854568, 4.91898012161, 7.00380849838, 19.2749519348, 28.638425827, 14.4967412949, 10.9427709579, 15.4224262238, 22.4144687653, 21.1117343903, 13.303232193, 10.3576049805, 7.75221157074, 8.11228466034, 7.67528629303, 7.51213026047, 5.23655653, 4.4580821991, 4.19983100891, 4.33103847504, 4.54175901413, 3.31179237366, 3.25154852867, 2.6720969677, 1.03722381592, 0.795312702656, 0.817715108395, 0.684117078781, 0.75431406498, 0.47052744031, 0.0323964953423, 0.00112717098091, 7.81378694228e-05, 1.2773153685e-05, 2.99909856949e-06, 5.15133297085e-06, 1.16581240945e-05],
        "dmean2": [0.245710119605, 1.50140821934, 3.2968378067, 4.39197015762, 8.52784252167, 11.3835315704, 28.9623584747, 42.9935379028, 22.3403968811, 16.7063369751, 23.1402435303, 33.6481552124, 32.2214508057, 19.8243083954, 15.6037759781, 12.1024799347, 12.8923940659, 12.608086586, 12.1465053558, 8.52825927734, 7.59655857086, 6.92485189438, 7.02564096451, 7.08033657074, 5.05508089066, 4.97480392456, 4.12026119232, 1.60784196854, 1.18886494637, 1.18841552734, 0.999869167805, 1.11084544659, 0.731853723526, 0.0480470471084, 0.00162766734138, 0.000114296009997, 1.90112205019e-05, 4.581781468e-06, 7.51609377403e-06, 1.71038609551e-05],
        "dvar": [0.137785464525, 4.13369131088, 29.1897621155, 78.8939666748, 191.158035278, 213.90612793, 1413.20056152, 3657.46337891, 1732.70532227, 2030.02563477, 3632.39648438, 6334.94726562, 7275.51464844, 2508.74682617, 1279.58166504, 668.929260254, 805.042907715, 686.883117676, 549.178405762, 286.487213135, 194.645095825, 149.037796021, 138.947662354, 159.141693115, 102.616271973, 70.7326660156, 55.5360298157, 13.4460802078, 9.02526283264, 7.49801063538, 5.1133146286, 5.40853834152, 2.77763223648, 0.0100659597665, 1.32865789055e-05, 5.25897618786e-08, 9.05304775589e-10, 4.26202927117e-11, 4.85580464726e-11, 2.67217969974e-10],
        "dvar2": [0.272676169872, 9.76814937592, 73.9789352417, 219.509552002, 526.594421387, 488.325836182, 3075.87939453, 7506.18603516, 3747.90283203, 4704.59130859, 8355.92675781, 11740.796875, 16411.3144531, 5207.51074219, 2823.25439453, 1399.0645752, 1883.5847168, 1764.88342285, 1381.88806152, 735.484924316, 574.377075195, 418.379425049, 379.140441895, 364.492218018, 232.546554565, 147.220306396, 126.283241272, 31.4025726318, 19.2759780884, 14.5027961731, 10.994351387, 11.9528684616, 6.86339044571, 0.0208243429661, 2.58265372395e-05, 1.09956417305e-07, 1.99571692505e-09, 9.42855515884e-11, 1.00514596646e-10, 5.52373369267e-10],
        "max": [10.9793453217, 36.7326660156, 85.0435028076, 177.684295654, 211.358108521, 318.991424561, 930.225524902, 2331.23681641, 1543.48352051, 2025.22387695, 1558.45007324, 2745.24438477, 2347.00146484, 2171.38623047, 920.223999023, 1724.55761719, 1112.87182617, 1230.3927002, 660.478820801, 489.858093262, 340.201660156, 295.767944336, 366.295196533, 459.357208252, 319.237365723, 224.199829102, 143.436264038, 154.033843994, 119.353355408, 118.069160461, 63.0223960876, 52.365398407, 35.6128387451, 2.19656467438, 0.0973427444696, 0.00462461216375, 0.000516383966897, 0.000108862855996, 0.000106985266029, 0.000249334931141],
        "mean": [0.409991145134, 2.0464720726, 3.67968916893, 3.67118835449, 5.86219167709, 11.9638519287, 40.7493286133, 60.561378479, 28.3396339417, 18.9821586609, 24.0868148804, 36.5005264282, 34.9857559204, 22.5265808105, 19.4803276062, 13.7966899872, 12.5935840607, 12.7981739044, 12.8606901169, 8.8845872879, 7.45988559723, 7.66033506393, 8.55827617645, 9.49830055237, 7.51356077194, 7.01292896271, 5.52336978912, 1.98539328575, 1.41024065018, 1.39317977428, 1.15954065323, 1.22523224354, 0.686127781868, 0.0520216077566, 0.00189507915638, 0.000146296559251, 2.94753281196e-05, 6.58056251268e-06, 1.74209690158e-05, 3.84129307349e-05],
        "median": [0.28849542141, 1.33345043659, 2.55285263062, 2.28481435776, 1.80452895164, 4.34889650345, 14.9455623627, 18.5080871582, 8.43539428711, 6.81196308136, 6.53774642944, 8.16210365295, 5.02265930176, 4.42735099792, 3.59044742584, 2.99365377426, 3.51439142227, 2.9374165535, 3.45624232292, 2.98080658913, 2.42831516266, 2.23495459557, 2.08826828003, 2.1451048851, 1.73314070702, 1.56903672218, 1.12894666195, 0.698929071426, 0.364176630974, 0.31347694993, 0.246201708913, 0.197054162621, 0.0631824061275, 0.00624413788319, 0.000263390073087, 4.26437545684e-05, 1.60847193911e-05, 3.32465651809e-06, 1.51003750943e-05, 3.2904001273e-05],
        "min": [3.55120112686e-22, 4.07118506556e-21, 3.08504699646e-20, 4.86575553649e-20, 4.35186634977e-20, 8.74606819103e-20, 1.31971328833e-19, 6.65199623461e-19, 2.17518784638e-18, 1.40395390475e-18, 1.10637723035e-18, 1.2333398384e-18, 1.95653154364e-18, 2.53169152345e-18, 1.88670343787e-18, 1.89507057656e-18, 6.79456122677e-18, 6.67444467566e-18, 9.55304437429e-18, 1.03479070403e-17, 9.01011445307e-18, 1.03419141168e-17, 1.34183667325e-17, 1.33877511237e-17, 1.40994225811e-17, 1.44008108004e-17, 1.77189382942e-17, 2.84270973805e-17, 1.85533021432e-17, 1.85221736824e-17, 1.17461905186e-17, 1.32973766787e-17, 1.43324823731e-17, 9.00690251075e-18, 1.10475463286e-17, 7.47265949112e-18, 3.01457516323e-18, 1.15374324658e-18, 4.14336009599e-19, 3.86709262814e-20],
        "var": [0.496715962887, 8.68452548981, 31.4531822205, 57.7112159729, 188.464508057, 501.275756836, 3687.83935547, 10561.7539062, 4427.35693359, 2739.39575195, 5003.19482422, 12290.4853516, 14491.4404297, 5787.32763672, 3634.43847656, 2196.57080078, 1371.79760742, 1467.6854248, 1249.11816406, 537.023193359, 315.169158936, 345.28338623, 395.185089111, 608.865539551, 436.344390869, 249.911483765, 179.599716187, 30.6020526886, 26.7228183746, 19.4853363037, 12.7842197418, 12.4945440292, 4.42809009552, 0.0244747903198, 3.52405477315e-05, 1.30587011427e-07, 2.20468998613e-09, 1.08465618431e-10, 1.79744011342e-10, 9.37791622135e-10]
    },
    "gfcc": {
        "mean": [-78.6516189575, 161.568344116, -134.481704712, 54.1862335205, -70.040802002, 2.08842611313, -20.2214126587, -12.6220006943, 4.59370613098, -19.5359802246, 16.138381958, -16.2195701599, 8.96058177948],
        "cov": [[7530.77783203, -58.6521034241, -231.129837036, 787.975463867, -98.1354141235, 402.366149902, 51.7931480408, 363.374786377, 73.761505127, 6.91023302078, 280.566802979, -209.048034668, 146.964019775], [-58.6521034241, 966.368347168, 314.608642578, -75.6870269775, 372.280212402, -227.263900757, 207.91355896, -63.7672233582, 28.0038261414, 17.5450782776, 77.5830993652, 13.5046958923, 42.7560386658], [-231.129837036, 314.608642578, 1636.00170898, 531.471679688, 63.102771759, 298.066223145, -3.3591504097, 126.241859436, 32.0951118469, 62.1326217651, 132.611343384, 51.6905174255, 76.01512146], [787.975463867, -75.6870269775, 531.471679688, 619.789001465, 97.9062347412, 215.867950439, 14.6532793045, 117.357452393, 77.2554016113, 47.0094795227, 62.9443283081, -5.82225656509, 4.58600568771], [-98.1354141235, 372.280212402, 63.102771759, 97.9062347412, 429.565368652, -16.084728241, 163.879470825, 32.4503135681, 81.271156311, 41.4302864075, 15.2290010452, 3.01884841919, -14.4638557434], [402.366149902, -227.263900757, 298.066223145, 215.867950439, -16.084728241, 458.392547607, 61.0769081116, 90.8134384155, 42.4649429321, 14.2205848694, 1.436658144, -31.7952537537, -27.0186595917], [51.7931480408, 207.91355896, -3.3591504097, 14.6532793045, 163.879470825, 61.0769081116, 325.612762451, 47.7023773193, 1.41476166248, 44.6200294495, 25.4392490387, -11.0140018463, 9.3413476944], [363.374786377, -63.7672233582, 126.241859436, 117.357452393, 32.4503135681, 90.8134384155, 47.7023773193, 192.188293457, 43.6202125549, 25.3883399963, 30.5761375427, -30.1129493713, 23.9337234497], [73.761505127, 28.0038261414, 32.0951118469, 77.2554016113, 81.271156311, 42.4649429321, 1.41476166248, 43.6202125549, 159.914779663, 27.6359424591, -19.794506073, 12.6082029343, -28.9095363617], [6.91023302078, 17.5450782776, 62.1326217651, 47.0094795227, 41.4302864075, 14.2205848694, 44.6200294495, 25.3883399963, 27.6359424591, 102.110656738, 45.2152786255, -5.30993270874, 3.4674987793], [280.566802979, 77.5830993652, 132.611343384, 62.9443283081, 15.2290010452, 1.436658144, 25.4392490387, 30.5761375427, -19.794506073, 45.2152786255, 121.083557129, 25.9270591736, 34.6440010071], [-209.048034668, 13.5046958923, 51.6905174255, -5.82225656509, 3.01884841919, -31.7952537537, -11.0140018463, -30.1129493713, 12.6082029343, -5.30993270874, 25.9270591736, 110.224807739, 23.9742794037], [146.964019775, 42.7560386658, 76.01512146, 4.58600568771, -14.4638557434, -27.0186595917, 9.3413476944, 23.9337234497, -28.9095363617, 3.4674987793, 34.6440010071, 23.9742794037, 105.753425598]],
        "icov": [[0.000318751786835, -0.000554406142328, 0.000539948989172, -0.000704791222233, 0.00054434989579, -0.0005040554679, 0.000265311420662, -0.000405513244914, -0.000107347201265, 0.000283958070213, -0.000706351944245, 0.00043119728798, -0.000467371573905], [-0.000554406142328, 0.00568435946479, -0.00285295629874, 0.00299307238311, -0.00405801506713, 0.00357459113002, -0.00297791697085, 0.00385860376991, -0.00268266256899, 0.0029959587846, -0.00270570279099, 0.00283156568184, -0.000445939425845], [0.000539948989172, -0.00285295629874, 0.00267219659872, -0.00254578702152, 0.00205001141876, -0.00238900491968, 0.00172101019416, -0.00201739836484, 0.00120406877249, -0.00109619938303, -2.73835194093e-05, -0.00114896567538, -0.000798170221969], [-0.000704791222233, 0.00299307238311, -0.00254578702152, 0.00500533916056, -0.00289650377817, 0.00137359544169, -0.00108017504681, 0.00144774070941, -0.00150504626799, 0.000620685052127, -0.000737725000363, 0.000730677333195, 0.000748980557546], [0.00054434989579, -0.00405801506713, 0.00205001141876, -0.00289650377817, 0.00657345214859, -0.00176128256135, 0.000120049262478, -0.00247330660932, -0.000120642631373, -0.00168070755899, 0.00115619634744, -0.00138254882768, 0.000491244252771], [-0.0005040554679, 0.00357459113002, -0.00238900491968, 0.00137359544169, -0.00176128256135, 0.00561500620097, -0.00286925327964, 0.00165628246032, -0.00193103973288, 0.00187103718054, -0.000626696564723, 0.00183322490193, 0.00118566653691], [0.000265311420662, -0.00297791697085, 0.00172101019416, -0.00108017504681, 0.000120049262478, -0.00286925327964, 0.00614941399544, -0.00288275303319, 0.00286617991515, -0.00321665708907, 0.00152856472414, -0.00180670921691, -0.000164529556059], [-0.000405513244914, 0.00385860376991, -0.00201739836484, 0.00144774070941, -0.00247330660932, 0.00165628246032, -0.00288275303319, 0.0105338254943, -0.00468954630196, 0.00268868776038, -0.00387260946445, 0.00512738153338, -0.00291749811731], [-0.000107347201265, -0.00268266256899, 0.00120406877249, -0.00150504626799, -0.000120642631373, -0.00193103973288, 0.00286617991515, -0.00468954630196, 0.0120090199634, -0.00590874580666, 0.00652527343482, -0.00600736448541, 0.00343270786107], [0.000283958070213, 0.0029959587846, -0.00109619938303, 0.000620685052127, -0.00168070755899, 0.00187103718054, -0.00321665708907, 0.00268868776038, -0.00590874580666, 0.0170497000217, -0.00973404292017, 0.00576815800741, -0.00121419061907], [-0.000706351944245, -0.00270570279099, -2.73835194093e-05, -0.000737725000363, 0.00115619634744, -0.000626696564723, 0.00152856472414, -0.00387260946445, 0.00652527343482, -0.00973404292017, 0.0187836959958, -0.00791853759438, 0.00061132904375], [0.00043119728798, 0.00283156568184, -0.00114896567538, 0.000730677333195, -0.00138254882768, 0.00183322490193, -0.00180670921691, 0.00512738153338, -0.00600736448541, 0.00576815800741, -0.00791853759438, 0.0157073363662, -0.00446953438222], [-0.000467371573905, -0.000445939425845, -0.000798170221969, 0.000748980557546, 0.000491244252771, 0.00118566653691, -0.000164529556059, -0.00291749811731, 0.00343270786107, -0.00121419061907, 0.00061132904375, -0.00446953438222, 0.0136630907655]]
    },
    "melbands": {
        "dmean": [0.00136423320509, 0.00107127625961, 0.000481173017761, 0.000425008969614, 0.000577569997404, 0.000631457194686, 0.00020607181068, 0.000114760026918, 0.000133606692543, 0.000138286472065, 0.000105733073724, 5.66223206988e-05, 3.83645783586e-05, 2.33494520216e-05, 1.8509439542e-05, 1.65321016539e-05, 1.56791666086e-05, 1.36403459692e-05, 8.18930402602e-06, 6.56977726976e-06, 5.91848584008e-06, 5.2645773394e-06, 4.31004309576e-06, 4.3569079935e-06, 4.09500989917e-06, 2.66555025519e-06, 2.22612584366e-06, 2.47871048487e-06, 2.13530825022e-06, 1.1453711295e-06, 5.3760999208e-07, 4.85174325604e-07, 4.71222762144e-07, 4.92397646212e-07, 4.15043160729e-07, 4.16334074771e-07, 5.21587480762e-07, 4.67275810934e-07, 7.29912912334e-08, 8.24108870034e-09],
        "dmean2": [0.00199615466408, 0.00166994472966, 0.000818328349851, 0.000712527311407, 0.000871838827152, 0.000953016337007, 0.000318499165587, 0.000175702880369, 0.000200800364837, 0.00020802776271, 0.000161235089763, 8.53733217809e-05, 5.74078876525e-05, 3.63509534509e-05, 2.94360252155e-05, 2.63872989308e-05, 2.59207172348e-05, 2.19851553993e-05, 1.35328691613e-05, 1.08005442598e-05, 1.01326513686e-05, 8.68680126587e-06, 7.06774471837e-06, 6.94860773365e-06, 6.40910411676e-06, 4.12886492995e-06, 3.44544537256e-06, 3.82343569072e-06, 3.32801823788e-06, 1.80640654435e-06, 8.48581237278e-07, 7.4395069305e-07, 6.99185306985e-07, 7.40929067433e-07, 6.21595120265e-07, 6.28160876204e-07, 7.80832408509e-07, 7.42248971619e-07, 1.10614678306e-07, 1.27153407803e-08],
        "dvar": [8.2651122284e-06, 5.82333132115e-06, 2.50542734648e-06, 9.60476540968e-07, 1.10642690743e-06, 1.57651106747e-06, 3.36425841851e-07, 2.18801787355e-07, 2.53781962556e-07, 2.48407587833e-07, 1.9113301164e-07, 4.63118858818e-08, 1.87723667722e-08, 7.69648700327e-09, 3.35635386151e-09, 3.78929243539e-09, 3.07976466551e-09, 2.21570495285e-09, 6.5166305685e-10, 4.60694343785e-10, 3.12477071995e-10, 2.5670146564e-10, 1.3983335323e-10, 1.40843614549e-10, 1.44063719287e-10, 6.78579969993e-11, 4.71103052402e-11, 4.26924502694e-11, 3.85749834853e-11, 1.41640432022e-11, 4.51929379336e-12, 3.60534930903e-12, 2.72947723451e-12, 2.85296612723e-12, 2.05599057744e-12, 1.77092943175e-12, 2.67787072898e-12, 3.11924661447e-12, 5.82677623599e-14, 9.61517814526e-16],
        "dvar2": [1.73923654074e-05, 1.39126532304e-05, 6.81423898641e-06, 2.43591534854e-06, 2.38406096287e-06, 3.24344887304e-06, 7.30388819647e-07, 5.02559430515e-07, 5.9151983578e-07, 4.6164305445e-07, 4.31104496101e-07, 9.89063337897e-08, 3.97491533022e-08, 1.57972781523e-08, 7.62717711211e-09, 9.10963038336e-09, 7.82984077574e-09, 5.58871571243e-09, 1.76555781106e-09, 1.2167801211e-09, 9.23507159634e-10, 7.07399527844e-10, 3.82020304279e-10, 3.53581108836e-10, 3.27323501637e-10, 1.55590873518e-10, 1.05629928415e-10, 9.1443533301e-11, 8.72885097536e-11, 3.39499157953e-11, 1.08305768867e-11, 8.32788091959e-12, 5.31765256828e-12, 6.30562485907e-12, 4.66109789654e-12, 3.94158880881e-12, 6.09733357554e-12, 7.98403617525e-12, 1.25482713413e-13, 2.0359163218e-15],
        "max": [0.074627995491, 0.0416659116745, 0.0311972908676, 0.0169296693057, 0.0254250355065, 0.0450101010501, 0.0198798291385, 0.0203306414187, 0.0120396660641, 0.016582230106, 0.0121781835333, 0.00922802556306, 0.00380132580176, 0.00289879087359, 0.00270439614542, 0.00183862796985, 0.00280025484972, 0.00153982720803, 0.000603081891313, 0.000588773284107, 0.000333774805767, 0.000340652273735, 0.000318465230521, 0.000317646132316, 0.00043659444782, 0.000241561705479, 0.000227458396694, 0.000160318581038, 0.000142619071994, 0.000106968582259, 7.61913543101e-05, 7.13675035513e-05, 5.45320399397e-05, 6.95275521139e-05, 3.99499476771e-05, 3.49755100615e-05, 3.76549469365e-05, 4.04121674364e-05, 7.0304718065e-06, 7.55401799779e-07],
        "mean": [0.00328464130871, 0.00219431635924, 0.000701834622305, 0.000596419209614, 0.00127843080554, 0.00136132002808, 0.000394686241634, 0.000189969287021, 0.00020372144354, 0.000220902817091, 0.000170576167875, 9.15945347515e-05, 6.73837421346e-05, 4.07488914789e-05, 2.9148419344e-05, 2.45432602242e-05, 2.45963110501e-05, 2.23159422603e-05, 1.29875370476e-05, 1.0055331586e-05, 9.1560805231e-06, 8.51984350447e-06, 7.50679646444e-06, 7.80709706305e-06, 7.83730683906e-06, 5.48146044821e-06, 4.63442529508e-06, 4.79479967908e-06, 4.06552862842e-06, 1.99835812964e-06, 8.85140082119e-07, 7.91742479578e-07, 7.79275922014e-07, 7.65277491155e-07, 6.61036153815e-07, 6.58909357298e-07, 7.97081611381e-07, 6.47433353151e-07, 1.09136308879e-07, 1.12777227557e-08],
        "median": [0.00230641197413, 0.00164846307598, 0.000408012827393, 0.000183685740922, 0.000531211495399, 0.000453214917798, 9.62352132774e-05, 6.51915179333e-05, 5.13632039656e-05, 4.31458829553e-05, 1.85366625374e-05, 1.55408306455e-05, 1.12259986054e-05, 6.90933484293e-06, 7.39600000088e-06, 6.02900217928e-06, 4.41722295363e-06, 5.18593833476e-06, 3.52774804924e-06, 3.10016093863e-06, 2.44514353653e-06, 2.14314832192e-06, 1.98652219296e-06, 1.56706084908e-06, 1.53257929014e-06, 1.23678296404e-06, 9.92064315142e-07, 9.8564532891e-07, 6.70084375543e-07, 5.12502310812e-07, 2.8847938438e-07, 2.01124223054e-07, 1.44608094388e-07, 1.80666688721e-07, 1.43097977912e-07, 1.13201238605e-07, 1.15035319936e-07, 4.86603539684e-08, 1.25045129806e-08, 1.03636210724e-09],
        "min": [6.40959543469e-24, 1.27266140978e-23, 8.22608690291e-24, 4.73587832398e-24, 3.91188076518e-24, 1.86507480813e-23, 2.89906761322e-23, 1.59292852434e-23, 7.88009960963e-24, 9.21973767685e-24, 9.71386200408e-24, 9.73913631862e-24, 8.38520093635e-24, 5.30640895748e-24, 4.74738780459e-24, 1.88853663586e-23, 1.07187153917e-23, 1.61221633124e-23, 1.19226291513e-23, 1.48110054905e-23, 8.97202194197e-24, 8.50783330837e-24, 1.32867810712e-23, 1.42249197032e-23, 1.01079682349e-23, 9.26954793212e-24, 9.74761026246e-24, 9.01837540876e-24, 9.80960447442e-24, 1.35430283368e-23, 1.8858407826e-23, 1.11088323529e-23, 9.12886484487e-24, 1.04650532234e-23, 5.82391748852e-24, 7.78619912949e-24, 8.25150636786e-24, 9.63443869928e-24, 9.08824008597e-24, 7.04763520673e-24],
        "var": [2.70922555501e-05, 8.52838002174e-06, 2.00334761757e-06, 1.53508153744e-06, 3.15852958011e-06, 4.70441545986e-06, 8.6306704361e-07, 2.85214042606e-07, 3.43250377455e-07, 4.80771291222e-07, 3.7630346128e-07, 1.0650976634e-07, 4.65512250969e-08, 2.21790443788e-08, 7.4396462324e-09, 6.11888273383e-09, 6.58693055655e-09, 4.9920738654e-09, 1.10093434369e-09, 7.55898843519e-10, 5.01250763119e-10, 4.94988494637e-10, 3.66012442576e-10, 3.7125810759e-10, 5.14675413399e-10, 2.64820554374e-10, 1.83669870979e-10, 1.28482696704e-10, 1.17710785563e-10, 2.94281370106e-11, 9.40517802528e-12, 9.14518027278e-12, 7.99177911348e-12, 5.63528477354e-12, 4.4138139324e-12, 4.3736307978e-12, 5.37559623551e-12, 4.39606554284e-12, 1.30296950529e-13, 1.9182037296e-15]
    },
    "mfcc": {
        "mean": [-701.763061523, 155.859527588, 6.75583648682, 36.7370834351, -6.50212621689, 6.87575769424, -6.78499984741, 5.57075595856, -10.6245174408, 10.6469888687, -9.23961162567, 7.80264806747, -5.44782972336],
        "cov": [[6665.02880859, -196.332778931, -650.231872559, 448.037506104, -109.738082886, 161.216430664, 20.8188762665, 290.047607422, -111.886764526, 399.297637939, -107.147659302, 220.06300354, -78.6108551025], [-196.332778931, 1173.89831543, -95.149848938, 212.156219482, 70.6576156616, -48.9350662231, 148.775802612, -56.7953224182, 17.4140968323, 9.61793518066, 4.29944801331, -19.431684494, 72.6773452759], [-650.231872559, -95.149848938, 1542.13256836, 211.644638062, 284.768707275, 174.467147827, 116.167366028, 91.2932510376, 16.0397357941, 4.72523832321, 18.7531642914, 99.8016738892, 19.1322879791], [448.037506104, 212.156219482, 211.644638062, 524.759399414, 165.928344727, 57.0400886536, 93.2747955322, 52.9819755554, 26.7792129517, 58.0506248474, 21.9400634766, 102.545303345, 23.6780586243], [-109.738082886, 70.6576156616, 284.768707275, 165.928344727, 332.018920898, 71.9867706299, 6.56374168396, 57.4390602112, 51.1199302673, 31.2068519592, 50.6521568298, 51.9518165588, 6.97208929062], [161.216430664, -48.9350662231, 174.467147827, 57.0400886536, 71.9867706299, 305.485778809, 66.9451751709, 105.489044189, 42.7231254578, 54.2347793579, 65.102973938, 9.82945537567, 19.2095680237], [20.8188762665, 148.775802612, 116.167366028, 93.2747955322, 6.56374168396, 66.9451751709, 306.725524902, 37.8885498047, 29.2640533447, 93.9356689453, -4.47056722641, 14.8249568939, 37.9317131042], [290.047607422, -56.7953224182, 91.2932510376, 52.9819755554, 57.4390602112, 105.489044189, 37.8885498047, 179.64855957, 59.477268219, 44.3960762024, 27.1692619324, 36.5366401672, 12.4806880951], [-111.886764526, 17.4140968323, 16.0397357941, 26.7792129517, 51.1199302673, 42.7231254578, 29.2640533447, 59.477268219, 138.184631348, 52.5755577087, 29.8900604248, 7.6484041214, 8.85244750977], [399.297637939, 9.61793518066, 4.72523832321, 58.0506248474, 31.2068519592, 54.2347793579, 93.9356689453, 44.3960762024, 52.5755577087, 185.089431763, 37.2229232788, 12.2457084656, 8.17838478088], [-107.147659302, 4.29944801331, 18.7531642914, 21.9400634766, 50.6521568298, 65.102973938, -4.47056722641, 27.1692619324, 29.8900604248, 37.2229232788, 121.672660828, 21.5752658844, 12.638466835], [220.06300354, -19.431684494, 99.8016738892, 102.545303345, 51.9518165588, 9.82945537567, 14.8249568939, 36.5366401672, 7.6484041214, 12.2457084656, 21.5752658844, 130.941070557, 20.7998428345], [-78.6108551025, 72.6773452759, 19.1322879791, 23.6780586243, 6.97208929062, 19.2095680237, 37.9317131042, 12.4806880951, 8.85244750977, 8.17838478088, 12.638466835, 20.7998428345, 102.902313232]],
