{
"lowlevel": {
    "average_loudness": 0.917093396187,
    "barkbands_crest": {
        "dmean": 2.25948143005,
        "dmean2": 3.70771336555,
        "dvar": 4.13555526733,
        "dvar2": 10.5888557434,
        "max": 26.9001636505,
        "mean": 9.53439426422,
        "median": 8.62747764587,
        "min": 2.45495843887,
        "var": 16.6066932678
    },
    "barkbands_flatness_db": {
        "dmean": 0.0185455158353,
        "dmean2": 0.0305562242866,
        "dvar": 0.000284669105895,
        "dvar2": 0.000712527544238,
        "max": 0.602625191212,
        "mean": 0.195076704025,
        "median": 0.189753398299,
        "min": 0.0543703660369,
        "var": 0.00184472277761
    },
    "barkbands_kurtosis": {
        "dmean": 2.66175317764,
        "dmean2": 4.36921644211,
        "dvar": 2682.82397461,
        "dvar2": 7137.19726562,
        "max": 3674.93408203,
        "mean": 3.61500930786,
        "median": 1.15185451508,
        "min": -1.79558455944,
        "var": 1848.73156738
    },
    "barkbands_skewness": {
        "dmean": 0.384479850531,
        "dmean2": 0.596298873425,
        "dvar": 0.693249940872,
        "dvar2": 1.55166006088,
        "max": 59.5201568604,
        "mean": 1.18802237511,
        "median": 1.00319504738,
        "min": -3.02665925026,
        "var": 1.56258964539
    },
    "barkbands_spread": {
        "dmean": 3.30507111549,
        "dmean2": 5.16830396652,
        "dvar": 13.3370304108,
        "dvar2": 29.2182712555,
        "max": 72.1538772583,
        "mean": 16.5398902893,
        "median": 15.1016254425,
        "min": 0.151146367192,
        "var": 77.4348831177
    },
    "dissonance": {
        "dmean": 0.0225337818265,
        "dmean2": 0.0385220088065,
        "dvar": 0.000444186036475,
        "dvar2": 0.0012473372044,
        "max": 0.499999940395,
        "mean": 0.456419825554,
        "median": 0.463150054216,
        "min": 0.179517447948,
        "var": 0.00102403049823
    },
    "dynamic_complexity": 2.14347863197,
    "erbbands_crest": {
        "dmean": 2.81583070755,
        "dmean2": 4.58776473999,
        "dvar": 6.3133354187,
        "dvar2": 16.4452228546,
        "max": 33.2690811157,
        "mean": 10.5959262848,
        "median": 9.63121700287,
        "min": 2.14554262161,
        "var": 21.4829216003
    },
    "erbbands_flatness_db": {
        "dmean": 0.0146543551236,
        "dmean2": 0.0227425750345,
        "dvar": 0.000207946490264,
        "dvar2": 0.000466133584268,
        "max": 0.430389940739,
        "mean": 0.241691917181,
        "median": 0.239287137985,
        "min": 0.023658093065,
        "var": 0.00137066759635
    },
    "erbbands_kurtosis": {
        "dmean": 0.919428527355,
        "dmean2": 1.49435782433,
        "dvar": 1.9546148777,
        "dvar2": 5.48106384277,
        "max": 38.6668281555,
        "mean": 0.7014529109,
        "median": 0.192886829376,
        "min": -1.78662645817,
        "var": 4.67878723145
    },
    "erbbands_skewness": {
        "dmean": 0.315331429243,
        "dmean2": 0.500509917736,
        "dvar": 0.0889268144965,
        "dvar2": 0.22693413496,
        "max": 5.83907699585,
        "mean": 0.586866617203,
        "median": 0.565378844738,
        "min": -2.9726228714,
        "var": 0.460852593184
    },
    "erbbands_spread": {
        "dmean": 5.40556573868,
        "dmean2": 8.49796581268,
        "dvar": 36.7242240906,
        "dvar2": 81.7354125977,
        "max": 144.987335205,
        "mean": 28.5085639954,
        "median": 27.1691608429,
        "min": 1.35101366043,
        "var": 154.393081665
    },
    "hfc": {
        "dmean": 5.26606845856,
        "dmean2": 7.60504245758,
        "dvar": 43.9059638977,
        "dvar2": 83.7408828735,
        "max": 134.961685181,
        "mean": 21.4140510559,
        "median": 18.1949615479,
        "min": 1.12100787163e-16,
        "var": 235.712997437
    },
    "melbands_crest": {
        "dmean": 2.66117954254,
        "dmean2": 4.37487888336,
        "dvar": 5.59629106522,
        "dvar2": 14.4400424957,
        "max": 39.989692688,
        "mean": 11.4943237305,
        "median": 10.6400022507,
        "min": 2.35540604591,
        "var": 19.4530124664
    },
    "melbands_flatness_db": {
        "dmean": 0.0190219841897,
        "dmean2": 0.0296392347664,
        "dvar": 0.00037622792297,
        "dvar2": 0.000867496244609,
        "max": 0.58397424221,
        "mean": 0.211880877614,
        "median": 0.2042837888,
        "min": 0.0049413042143,
        "var": 0.00343537773006
    },
    "melbands_kurtosis": {
        "dmean": 4.65571641922,
        "dmean2": 7.85231781006,
        "dvar": 9425.13964844,
        "dvar2": 26654.7988281,
        "max": 6594.21386719,
        "mean": 7.72347211838,
        "median": 3.51614332199,
        "min": -1.78889334202,
        "var": 5658.38037109
    },
    "melbands_skewness": {
        "dmean": 0.473595321178,
        "dmean2": 0.743060350418,
        "dvar": 1.28516733646,
        "dvar2": 3.23474431038,
        "max": 78.4826431274,
        "mean": 1.7422273159,
        "median": 1.55947613716,
        "min": -2.24040365219,
        "var": 2.13484287262
    },
    "melbands_spread": {
        "dmean": 4.61325836182,
        "dmean2": 7.10528182983,
        "dvar": 27.5338745117,
        "dvar2": 56.9185752869,
        "max": 132.04826355,
        "mean": 22.5311813354,
        "median": 20.0715885162,
        "min": 0.135717466474,
        "var": 176.351470947
    },
    "pitch_salience": {
        "dmean": 0.0581256039441,
        "dmean2": 0.0946452617645,
        "dvar": 0.00242878613062,
        "dvar2": 0.00634184991941,
        "max": 0.878147542477,
        "mean": 0.572463810444,
        "median": 0.57642364502,
        "min": 0.00185648188926,
        "var": 0.00954940915108
    },
    "silence_rate_20dB": {
        "dmean": 0,
        "dmean2": 0,
        "dvar": 0,
        "dvar2": 0,
        "max": 1,
        "mean": 1,
        "median": 1,
        "min": 1,
        "var": 0
    },
    "silence_rate_30dB": {
        "dmean": 0.000249563250691,
        "dmean2": 0.000499188841786,
        "dvar": 0.000249546050327,
        "dvar2": 0.000498931098264,
        "max": 1,
        "mean": 0.999750494957,
        "median": 1,
        "min": 0,
        "var": 0.000249514967436
    },
    "silence_rate_60dB": {
        "dmean": 0.00673820823431,
        "dmean2": 0.0134780984372,
        "dvar": 0.00669317040592,
        "dvar2": 0.0155442152172,
        "max": 1,
        "mean": 0.0314410477877,
        "median": 0,
        "min": 0,
        "var": 0.0304556917399
    },
    "spectral_centroid": {
        "dmean": 191.207260132,
        "dmean2": 289.306030273,
        "dvar": 45088.2265625,
        "dvar2": 84951.0078125,
        "max": 10658.1894531,
        "mean": 1318.66333008,
        "median": 1229.06738281,
        "min": 189.095672607,
        "var": 389977.625
    },
    "spectral_complexity": {
        "dmean": 2.70002484322,
        "dmean2": 4.32022953033,
        "dvar": 6.60402488708,
        "dvar2": 15.3716192245,
        "max": 46,
        "mean": 19.8243293762,
        "median": 20,
        "min": 0,
        "var": 64.075553894
    },
    "spectral_decrease": {
        "dmean": 1.55695312198e-09,
        "dmean2": 2.40568698295e-09,
        "dvar": 2.85605406385e-18,
        "dvar2": 6.7511007438e-18,
        "max": 2.75689920136e-29,
        "mean": -6.15134743143e-09,
        "median": -5.91306115183e-09,
        "min": -3.2002269279e-08,
        "var": 1.09634005536e-17
    },
    "spectral_energy": {
        "dmean": 0.00627654138952,
        "dmean2": 0.00964689999819,
        "dvar": 4.5996170229e-05,
        "dvar2": 0.000107404441223,
        "max": 0.133025228977,
        "mean": 0.025158924982,
        "median": 0.0242712404579,
        "min": 1.03455043003e-20,
        "var": 0.000182622956345
    },
    "spectral_energyband_high": {
        "dmean": 0.00032494275365,
        "dmean2": 0.000475126871606,
        "dvar": 3.78787746058e-07,
        "dvar2": 7.7326092196e-07,
        "max": 0.0122181782499,
        "mean": 0.000795805361122,
        "median": 0.000377634045435,
        "min": 7.42964417348e-21,
        "var": 1.2370104514e-06
    },
    "spectral_energyband_low": {
        "dmean": 0.00121231784578,
        "dmean2": 0.00199327291921,
        "dvar": 8.7509442892e-06,
        "dvar2": 2.13099665416e-05,
        "max": 0.0580231845379,
        "mean": 0.00253685517237,
        "median": 0.00149765552487,
        "min": 5.50284376369e-23,
        "var": 1.37529732456e-05
    },
    "spectral_energyband_middle_high": {
        "dmean": 0.00289091863669,
        "dmean2": 0.00437080580741,
        "dvar": 1.87153909792e-05,
        "dvar2": 4.25196158176e-05,
        "max": 0.103946208954,
        "mean": 0.00866337958723,
        "median": 0.005716976244,
        "min": 1.42150251156e-21,
        "var": 6.88712898409e-05
    },
    "spectral_energyband_middle_low": {
        "dmean": 0.00428851600736,
        "dmean2": 0.00678658625111,
        "dvar": 2.73522800853e-05,
        "dvar2": 6.82747049723e-05,
        "max": 0.094682790339,
        "mean": 0.0139757823199,
        "median": 0.0119666857645,
        "min": 3.29883101798e-22,
        "var": 9.81350312941e-05
    },
    "spectral_entropy": {
        "dmean": 0.133235260844,
        "dmean2": 0.200977697968,
        "dvar": 0.0186495352536,
        "dvar2": 0.041311275214,
        "max": 9.79999732971,
        "mean": 7.23595952988,
        "median": 7.29671573639,
        "min": 4.42061948776,
        "var": 0.178676620126
    },
    "spectral_flux": {
        "dmean": 0.0184524767101,
        "dmean2": 0.0297403931618,
        "dvar": 0.000342444924172,
        "dvar2": 0.000817465828732,
        "max": 0.342823117971,
        "mean": 0.0784436762333,
        "median": 0.0762090831995,
        "min": 1.0245240073e-10,
        "var": 0.00119905825704
    },
    "spectral_kurtosis": {
        "dmean": 2.9125931263,
        "dmean2": 5.12771654129,
        "dvar": 10.2311382294,
        "dvar2": 30.4157810211,
        "max": 68.612663269,
        "mean": 4.07811927795,
        "median": 2.85656452179,
        "min": -1.21431922913,
        "var": 22.9240512848
    },
    "spectral_rms": {
        "dmean": 0.000600946950726,
        "dmean2": 0.00091783417156,
        "dvar": 3.20489306205e-07,
        "dvar2": 7.31210320737e-07,
        "max": 0.0113921342418,
        "mean": 0.00474769016728,
        "median": 0.00486613390967,
        "min": 3.17697582651e-12,
        "var": 2.00471936296e-06
    },
    "spectral_rolloff": {
        "dmean": 297.036834717,
        "dmean2": 493.910522461,
        "dvar": 296472.65625,
        "dvar2": 583648.1875,
        "max": 18906.1523438,
        "mean": 1381.05871582,
        "median": 1184.32617188,
        "min": 21.533203125,
        "var": 819527.9375
    },
    "spectral_skewness": {
        "dmean": 0.307222306728,
        "dmean2": 0.522175729275,
        "dvar": 0.0817785337567,
        "dvar2": 0.231027513742,
        "max": 6.6536655426,
        "mean": 1.19368124008,
        "median": 1.09466874599,
        "min": -0.119187615812,
        "var": 0.395728319883
    },
    "spectral_spread": {
        "dmean": 271430.1875,
        "dmean2": 425698.46875,
        "dvar": 541768613888,
        "dvar2": 655228010496,
        "max": 54556432,
        "mean": 2988689.25,
        "median": 2909346.75,
        "min": 1182905.875,
        "var": 904898412544
    },
    "spectral_strongpeak": {
        "dmean": 0.763902306557,
        "dmean2": 1.26043450832,
        "dvar": 0.906126797199,
        "dvar2": 2.25620603561,
        "max": 14.8633813858,
        "mean": 1.5962780714,
        "median": 1.12316417694,
        "min": 0,
        "var": 1.96979546547
    },
    "zerocrossingrate": {
        "dmean": 0.00574994739145,
        "dmean2": 0.00714994128793,
        "dvar": 6.69719083817e-05,
        "dvar2": 9.63089769357e-05,
        "max": 0.53466796875,
        "mean": 0.052375793457,
        "median": 0.05029296875,
        "min": 0,
        "var": 0.000501116970554
    },
    "barkbands": {
        "dmean": [3.34313263011e-05, 0.000759812421165, 0.000525197247043, 0.000509466277435, 0.00193254370242, 0.00167417968623, 0.00107513135299, 0.000710871012416, 0.000724606681615, 0.00114290521014, 0.00134189263918, 0.000693857786246, 0.000490156526212, 0.000342816550983, 0.000225101306569, 0.000208987738006, 0.000184529373655, 0.000138104660437, 0.000159816423547, 0.000283803034108, 0.00011622250895, 3.60480735253e-05, 2.92243039439e-05, 1.01133255157e-05, 1.77870688844e-07, 1.00466734931e-09, 1.01274422182e-09],
        "dmean2": [5.83451765124e-05, 0.00127204007003, 0.000892917742021, 0.000869491021149, 0.0030898808036, 0.00262645073235, 0.00168818456586, 0.00114408018999, 0.00115348456893, 0.00182904268149, 0.00206465227529, 0.00108999712393, 0.000775786815211, 0.000554443977308, 0.00036684810766, 0.000332903437084, 0.000296885933494, 0.000223201917834, 0.000252377882134, 0.00042024240247, 0.000180614268174, 5.58343563171e-05, 4.45642981504e-05, 1.55731195264e-05, 2.9790339795e-07, 1.84577952922e-09, 1.87438575772e-09],
        "dvar": [3.65114827261e-09, 5.53577410756e-06, 1.62756941791e-06, 7.70933070271e-07, 7.7584063547e-06, 9.11865026865e-06, 4.14745090893e-06, 2.99935754811e-06, 3.79281232199e-06, 6.69265500619e-06, 8.72280088515e-06, 2.03933313969e-06, 9.68340145846e-07, 6.95753499258e-07, 1.97794634005e-07, 2.7676523473e-07, 1.82915925961e-07, 9.35378849931e-08, 7.72408199623e-08, 3.29142011424e-07, 6.96742077366e-08, 6.28719787343e-09, 2.50908751553e-08, 2.03127403786e-09, 8.32300537084e-13, 1.87726675465e-18, 1.93904804742e-18],
        "dvar2": [1.05792077321e-08, 1.40060919875e-05, 4.7297698984e-06, 2.19338335228e-06, 1.90184528037e-05, 2.34541657846e-05, 1.00164279502e-05, 7.61299043006e-06, 9.29207453737e-06, 1.71153551491e-05, 2.01907550945e-05, 4.7541461754e-06, 2.35004426941e-06, 1.66158247339e-06, 4.81716824652e-07, 5.8471647435e-07, 4.59225788063e-07, 2.43199281158e-07, 1.81410825917e-07, 6.87662804921e-07, 1.55873919994e-07, 1.37125164557e-08, 5.32841006873e-08, 4.35045066638e-09, 2.28047723934e-12, 5.82441898895e-18, 6.13058541703e-18],
        "max": [0.00107425777242, 0.0503905937076, 0.0299000907689, 0.0200676899403, 0.0894937962294, 0.048749204725, 0.0574891753495, 0.0441329404712, 0.0457129813731, 0.0415775962174, 0.0543149188161, 0.0254729054868, 0.0177091471851, 0.0183616038412, 0.00908389594406, 0.0134953008965, 0.00950210168958, 0.00710521591827, 0.00488907517865, 0.0165280085057, 0.00777937984094, 0.00170035671908, 0.00516582001001, 0.00145010405686, 5.36038023711e-05, 2.14939728238e-08, 1.52650496688e-08],
        "mean": [4.56608977402e-05, 0.00116200919729, 0.000900047714822, 0.000889259681571, 0.0045945472084, 0.00330770527944, 0.00195029261522, 0.00130469759461, 0.00124508515, 0.00201383698732, 0.00231449864805, 0.00116096413694, 0.000918988254853, 0.000635926728137, 0.000396030547563, 0.000366894062608, 0.000373238552129, 0.000265194626991, 0.000335822231136, 0.000595655234065, 0.000251434423262, 7.05399434082e-05, 4.60777300759e-05, 1.42963135659e-05, 1.98501552973e-07, 8.72753591619e-10, 8.22317158811e-10],
        "median": [1.83363845281e-05, 0.000526132178493, 0.000475103326607, 0.000467229576316, 0.00290477764793, 0.00159176869784, 0.000931830843911, 0.000514944607858, 0.000490308972076, 0.00076409347821, 0.000538855267223, 0.000405148777645, 0.000292978831567, 0.0001839503675, 0.000169811741216, 0.000141442214954, 0.00012165109365, 0.000128648098325, 0.00018326024292, 0.000232026548474, 0.000110141692858, 2.99409075524e-05, 1.44769019244e-05, 4.3789150368e-06, 5.80812020701e-08, 4.08522327078e-10, 3.39366479363e-10],
        "min": [4.45323892797e-24, 1.88447384443e-23, 7.01646889009e-24, 9.25832638575e-24, 2.91846475625e-23, 3.46936545386e-23, 7.32546460226e-23, 1.02851640647e-22, 4.33765991907e-23, 4.39584251291e-23, 2.7984742794e-23, 4.33913351124e-23, 1.105598025e-22, 8.23237885749e-23, 7.92185922382e-23, 2.0792896714e-22, 1.31688842312e-22, 1.65911155615e-22, 2.87573828257e-22, 2.63045782442e-22, 3.85947761877e-22, 4.42016006539e-22, 4.91759530495e-22, 9.55268298522e-22, 1.20503211194e-21, 1.33095258875e-21, 2.30223448597e-21],
        "var": [5.6875801846e-09, 6.7103164838e-06, 1.81518612408e-06, 1.74903618699e-06, 2.97557999147e-05, 2.21390873776e-05, 9.02603915165e-06, 5.16442878506e-06, 5.60295211471e-06, 1.40152424137e-05, 2.01102066058e-05, 4.44416627943e-06, 2.66309621111e-06, 1.96987275558e-06, 4.2540875711e-07, 6.29853104783e-07, 6.44210558676e-07, 1.7177553957e-07, 1.88852240512e-07, 9.46342652242e-07, 1.71922820869e-07, 1.34545663499e-08, 3.22848556777e-08, 2.56531085263e-09, 6.30225255663e-13, 1.64015563886e-18, 1.60179586173e-18]
    },
    "erbbands": {
        "dmean": [0.0193398185074, 0.191225424409, 0.537588834763, 1.15992546082, 3.54794740677, 7.15175056458, 10.8119411469, 16.2242889404, 17.6588172913, 12.2766914368, 13.9153242111, 17.34973526, 28.1270771027, 41.6683578491, 44.7192840576, 23.8966026306, 22.1816730499, 16.6307182312, 14.0914516449, 9.8042640686, 10.2427377701, 9.0018453598, 7.2361831665, 9.1486082077, 6.50017499924, 10.8104019165, 8.85695362091, 2.98669743538, 1.29807090759, 0.984385669231, 0.800427258015, 0.373506456614, 0.081522397697, 0.00611253548414, 0.000215908818063, 2.27995078603e-05, 6.2097897171e-06, 2.0656163997e-06, 3.48406570083e-06, 7.38862263461e-06],
        "dmean2": [0.0319721251726, 0.325092762709, 0.928545534611, 1.94680571556, 5.97929191589, 11.4667482376, 16.7829990387, 25.6607646942, 27.8546676636, 19.4378013611, 22.2809143066, 27.594335556, 45.089969635, 66.8982849121, 69.0676803589, 37.5843009949, 35.2577857971, 26.5194702148, 22.4604225159, 15.660692215, 16.3288440704, 14.4382963181, 11.7035598755, 14.2663412094, 10.0729284286, 16.5421619415, 13.0734119415, 4.5943145752, 2.03315091133, 1.49942564964, 1.23154973984, 0.566535532475, 0.127625152469, 0.00977190211415, 0.000335470889695, 3.44765467162e-05, 9.29239013203e-06, 3.05264620692e-06, 5.21304173162e-06, 1.12468878797e-05],
        "dvar": [0.00327947223559, 0.355103611946, 2.01389169693, 4.77464008331, 33.022026062, 136.257003784, 290.432281494, 1033.48754883, 1272.7043457, 700.174072266, 1451.19396973, 2246.32421875, 3583.01977539, 12404.6494141, 8680.00683594, 2503.68896484, 1894.62512207, 1472.61303711, 905.554931641, 414.099853516, 805.171691895, 510.447418213, 233.566955566, 291.824584961, 120.105796814, 443.429107666, 387.704467773, 37.3856811523, 7.14383172989, 14.9356985092, 19.675037384, 3.46234536171, 0.107827760279, 0.00066353258444, 7.24339429325e-07, 5.90237503317e-09, 2.3003170202e-10, 1.97010584929e-11, 1.52096304301e-11, 6.32585928084e-11],
        "dvar2": [0.00850859377533, 0.920559227467, 5.89694786072, 12.6124076843, 98.3176956177, 329.368103027, 720.767272949, 2586.19897461, 3045.61816406, 1803.97619629, 3670.21069336, 5508.57910156, 8850.99804688, 32248.1777344, 20827.2265625, 6080.16064453, 4761.14160156, 3568.66210938, 2127.71899414, 931.973083496, 1752.31213379, 1265.08007812, 586.637207031, 665.454284668, 269.512664795, 1026.77539062, 786.266723633, 87.0451583862, 16.4438076019, 29.528055191, 43.6821937561, 7.15573644638, 0.231301262975, 0.00141514989082, 1.53081509779e-06, 1.21679146758e-08, 4.72340500046e-10, 3.98739964658e-11, 3.27987671744e-11, 1.44066730767e-10],
        "max": [1.30292224884, 12.1406240463, 30.1855125427, 60.9409484863, 104.209205627, 382.696502686, 351.470489502, 612.417053223, 1058.91918945, 1100.2154541, 1104.91247559, 872.917297363, 1413.71765137, 3402.09448242, 1875.35339355, 1043.68713379, 843.734741211, 997.057250977, 874.234924316, 570.373779297, 755.205688477, 584.367126465, 373.107513428, 383.979309082, 250.662902832, 513.914550781, 517.726257324, 155.948852539, 48.3105773926, 140.375350952, 150.048400879, 60.5139846802, 11.6768350601, 1.3182785511, 0.036567889154, 0.00253070960753, 0.000516500440426, 0.000143943194416, 7.67985984567e-05, 0.000161418603966],
        "mean": [0.0298857521266, 0.279165327549, 0.914602398872, 2.29686546326, 7.23755979538, 15.9976139069, 22.8327770233, 30.4248828888, 33.7218551636, 24.33253479, 25.9943599701, 31.4976940155, 53.0117492676, 71.8950881958, 87.0669708252, 47.2165260315, 44.098651886, 34.2296600342, 26.9473896027, 19.0356121063, 20.4232883453, 19.9843082428, 15.6045780182, 18.7105312347, 15.651720047, 24.4919242859, 19.236000061, 6.92162513733, 2.76108884811, 1.76281881332, 1.24867284298, 0.544535636902, 0.11458209902, 0.0088138114661, 0.000362576800399, 5.48869320482e-05, 1.96079618036e-05, 6.5028834797e-06, 1.46106576722e-05, 3.0281889849e-05],
        "median": [0.0147250182927, 0.123293712735, 0.499865591526, 1.29262566566, 4.14848089218, 8.93897533417, 13.2285680771, 13.0718612671, 15.7094478607, 13.6942033768, 11.4180135727, 13.3134632111, 22.7687721252, 24.0651283264, 24.275970459, 19.7245311737, 17.2903614044, 12.6078100204, 12.0158252716, 10.1208763123, 8.51529884338, 6.6204161644, 7.56237697601, 10.0213603973, 8.54700469971, 10.4935455322, 7.17624807358, 3.26597189903, 1.28439509869, 0.630763590336, 0.379232764244, 0.159709587693, 0.0388894937932, 0.00347488070838, 0.000169244056451, 3.73075345124e-05, 1.60898725881e-05, 4.94998130307e-06, 1.39601024784e-05, 2.92047461699e-05],
        "min": [7.22952018352e-22, 4.26226540265e-21, 7.00745248131e-21, 3.02424857521e-20, 6.01960140517e-20, 1.06997072392e-19, 1.22785113314e-19, 3.64526062394e-19, 9.25278029347e-19, 1.97079854805e-18, 1.61193844021e-18, 8.87767456519e-19, 8.62110175074e-19, 1.69388350118e-18, 1.4309636265e-18, 1.87181377326e-18, 4.35972779676e-18, 4.48289664433e-18, 4.77930316836e-18, 8.11716057411e-18, 8.56638664836e-18, 7.3411088224e-18, 7.64373863977e-18, 1.10006997818e-17, 1.47056268561e-17, 1.26748289691e-17, 1.52180735174e-17, 1.59789622213e-17, 1.710805714e-17, 1.22916888356e-17, 1.61708284188e-17, 1.85963602028e-17, 1.38640541281e-17, 1.06312370796e-17, 9.01709999334e-18, 3.82390666573e-18, 2.42733421058e-18, 1.00297768922e-18, 2.91463964772e-19, 3.7005378731e-20],
        "var": [0.00380220264196, 0.407744318247, 1.99283874035, 10.5851869583, 83.2671890259, 493.511169434, 797.195007324, 2425.95922852, 2885.87084961, 1098.49328613, 2319.5078125, 3417.36401367, 8458.44042969, 20024.1738281, 24518.65625, 6686.24902344, 5282.78466797, 4274.52685547, 2141.90576172, 813.114746094, 1817.44628906, 1854.47314453, 548.817993164, 661.479431152, 417.697784424, 1336.95471191, 1046.2467041, 106.488319397, 16.8424892426, 23.376499176, 23.7558803558, 4.54838705063, 0.137543335557, 0.00081813998986, 9.58824898589e-07, 8.8401748144e-09, 4.30723012812e-10, 4.57106748286e-11, 6.76124642385e-11, 2.67782740426e-10]
    },
    "gfcc": {
        "mean": [-41.1980514526, 159.069351196, -179.322357178, 46.6976585388, -73.2953796387, -6.83873844147, -12.048997879, -25.8817329407, -5.20503473282, -23.9928970337, 8.89169883728, -16.0704116821, 5.79990434647],
        "cov": [[3401.64208984, -156.204925537, -316.846405029, 414.396179199, -184.405563354, 72.9161911011, 118.462081909, 27.8306827545, -79.7068862915, 122.0623703, 92.1148834229, -62.9368553162, 13.5589065552], [-156.204925537, 655.161315918, 400.962615967, -43.8266792297, 137.387680054, -172.42767334, 12.1583890915, -39.6509742737, -20.7146759033, 0.435286253691, 34.3957366943, -4.05563545227, 14.7038736343], [-316.846405029, 400.962615967, 729.640686035, 150.472824097, -24.6352462769, -18.1666660309, -133.393829346, -12.6010046005, 28.0449466705, -57.9181518555, 21.6045532227, 9.88634777069, -7.9165263176], [414.396179199, -43.8266792297, 150.472824097, 324.988037109, -2.77126598358, 21.9921188354, -28.0450820923, 34.6805152893, 30.7492389679, 5.28806829453, 0.31986734271, 10.5817985535, -6.6552362442], [-184.405563354, 137.387680054, -24.6352462769, -2.77126598358, 205.081039429, -47.5490226746, 73.6404495239, 3.17789196968, -33.0341339111, 34.7960586548, -5.90766811371, -0.524326682091, 16.487701416], [72.9161911011, -172.42767334, -18.1666660309, 21.9921188354, -47.5490226746, 278.406707764, 38.0430831909, -16.5351715088, 13.9016151428, -5.68141841888, 3.41486811638, -24.3143291473, -38.8482170105], [118.462081909, 12.1583890915, -133.393829346, -28.0450820923, 73.6404495239, 38.0430831909, 203.505889893, 5.37887382507, -70.0911560059, 60.956325531, 14.7904500961, -6.30275774002, 3.25501203537], [27.8306827545, -39.6509742737, -12.6010046005, 34.6805152893, 3.17789196968, -16.5351715088, 5.37887382507, 112.214805603, 52.953704834, 3.14763355255, 1.59532821178, 2.11950230598, 14.6941804886], [-79.7068862915, -20.7146759033, 28.0449466705, 30.7492389679, -33.0341339111, 13.9016151428, -70.0911560059, 52.953704834, 140.84413147, -13.8768901825, -15.5196619034, 23.9485778809, -16.6128368378], [122.0623703, 0.435286253691, -57.9181518555, 5.28806829453, 34.7960586548, -5.68141841888, 60.956325531, 3.14763355255, -13.8768901825, 100.664810181, 43.0958557129, -4.16851758957, 16.4850521088], [92.1148834229, 34.3957366943, 21.6045532227, 0.31986734271, -5.90766811371, 3.41486811638, 14.7904500961, 1.59532821178, -15.5196619034, 43.0958557129, 77.0857620239, 20.931728363, 9.586810112], [-62.9368553162, -4.05563545227, 9.88634777069, 10.5817985535, -0.524326682091, -24.3143291473, -6.30275774002, 2.11950230598, 23.9485778809, -4.16851758957, 20.931728363, 80.2177581787, 22.4438896179], [13.5589065552, 14.7038736343, -7.9165263176, -6.6552362442, 16.487701416, -38.8482170105, 3.25501203537, 14.6941804886, -16.6128368378, 16.4850521088, 9.586810112, 22.4438896179, 74.8719177246]],
        "icov": [[0.000721676158719, -0.00144677725621, 0.00147695350461, -0.00170051981695, 0.00173964584246, -0.000789192563388, 0.000630431866739, -0.000796726497356, 0.00132927240338, -0.000841015251353, 0.000210677084397, -0.000112275338324, -1.83766514965e-05], [-0.00144677725621, 0.0112601015717, -0.00824808329344, 0.00551708834246, -0.00817389413714, 0.00768211437389, -0.00830281712115, 0.00872661825269, -0.0107566509396, 0.00786898378283, -0.00888294167817, 0.00796724203974, -0.00326697272249], [0.00147695350461, -0.00824808329344, 0.00825120415539, -0.00572781218216, 0.00613184040412, -0.00530928419903, 0.00649139098823, -0.00546385487542, 0.00746535696089, -0.00399882439524, 0.00390981277451, -0.00438076350838, 0.00175012589898], [-0.00170051981695, 0.00551708834246, -0.00572781218216, 0.00840811990201, -0.00531894294545, 0.00266382517293, -0.00228028697893, 0.00159737642389, -0.00405441084877, 0.00129740417469, -0.000695369963069, 0.000416616530856, 0.000484204676468], [0.00173964584246, -0.00817389413714, 0.00613184040412, -0.00531894294545, 0.0132251624018, -0.0041321949102, 0.00322821200825, -0.00600859243423, 0.00823899172246, -0.0073887235485, 0.00756125012413, -0.00508068827912, 0.00145802949555], [-0.000789192563388, 0.00768211437389, -0.00530928419903, 0.00266382517293, -0.0041321949102, 0.0101815937087, -0.00861479248852, 0.00833339150995, -0.0101391226053, 0.00772259850055, -0.00870383996516, 0.0085359448567, -0.00215284572914], [0.000630431866739, -0.00830281712115, 0.00649139098823, -0.00228028697893, 0.00322821200825, -0.00861479248852, 0.0180314760655, -0.0120338303968, 0.0162498299032, -0.0134132970124, 0.0116722919047, -0.0118348486722, 0.00700907921419], [-0.000796726497356, 0.00872661825269, -0.00546385487542, 0.00159737642389, -0.00600859243423, 0.00833339150995, -0.0120338303968, 0.0228893570602, -0.0190260577947, 0.0121523058042, -0.01357659325, 0.0137581843883, -0.00961028039455], [0.00132927240338, -0.0107566509396, 0.00746535696089, -0.00405441084877, 0.00823899172246, -0.0101391226053, 0.0162498299032, -0.0190260577947, 0.0286829192191, -0.0159990098327, 0.0177779961377, -0.018338073045, 0.0113607374951], [-0.000841015251353, 0.00786898378283, -0.00399882439524, 0.00129740417469, -0.0073887235485, 0.00772259850055, -0.0134132970124, 0.0121523058042, -0.0159990098327, 0.0289327427745, -0.0224687717855, 0.0158211141825, -0.0096542108804], [0.000210677084397, -0.00888294167817, 0.00390981277451, -0.000695369963069, 0.00756125012413, -0.00870383996516, 0.0116722919047, -0.01357659325, 0.0177779961377, -0.0224687717855, 0.0351172238588, -0.019980750978, 0.00841856282204], [-0.000112275338324, 0.00796724203974, -0.00438076350838, 0.000416616530856, -0.00508068827912, 0.0085359448567, -0.0118348486722, 0.0137581843883, -0.018338073045, 0.0158211141825, -0.019980750978, 0.0295207742602, -0.0124515434727], [-1.83766514965e-05, -0.00326697272249, 0.00175012589898, 0.000484204676468, 0.00145802949555, -0.00215284572914, 0.00700907921419, -0.00961028039455, 0.0113607374951, -0.0096542108804, 0.00841856282204, -0.0124515434727, 0.0216733962297]]
    },
    "melbands": {
        "dmean": [0.000191820581676, 0.000260158092715, 0.000244911265327, 0.000363860075595, 0.000388213025872, 0.000351731199771, 0.00025060022017, 0.000139718744322, 0.000114236281661, 0.000110870896606, 0.000146226637298, 0.000170553539647, 0.000161044386914, 8.13951337477e-05, 6.14507735008e-05, 4.67986210424e-05, 3.37244746333e-05, 2.66418082902e-05, 1.65862529684e-05, 1.59975079441e-05, 1.2635470739e-05, 1.11806666609e-05, 8.7241660367e-06, 6.16550050836e-06, 8.71179418027e-06, 5.03719911649e-06, 6.3052589212e-06, 8.93289143278e-06, 8.34805996419e-06, 3.2072130125e-06, 1.56710268584e-06, 8.48761601446e-07, 6.08987761552e-07, 5.86464182106e-07, 5.19667366916e-07, 3.53666507635e-07, 1.98773904003e-07, 6.94401407486e-08, 1.42683704851e-08, 1.45169010146e-09],
        "dmean2": [0.000318000995321, 0.00044397887541, 0.000417121191276, 0.00059362500906, 0.000602227402851, 0.000554564001504, 0.000393846916268, 0.000220926405746, 0.000182725852937, 0.000176374174771, 0.000234387945966, 0.00027456326643, 0.000247207266511, 0.000126015787828, 9.79363539955e-05, 7.48580205254e-05, 5.36808620382e-05, 4.18657145929e-05, 2.70065193035e-05, 2.55136401393e-05, 2.02190949494e-05, 1.78398258868e-05, 1.40752117659e-05, 9.88696592685e-06, 1.36449261845e-05, 7.99518056738e-06, 9.78143452812e-06, 1.40523798109e-05, 1.23990866996e-05, 5.12419319421e-06, 2.48352739618e-06, 1.3553020608e-06, 9.46784609823e-07, 9.05788397176e-07, 8.12350549495e-07, 5.49444735043e-07, 3.07679471234e-07, 1.10773171969e-07, 2.36548647337e-08, 2.44773046276e-09],
        "dvar": [3.53260816155e-07, 4.91501054967e-07, 1.66385220268e-07, 2.84258675265e-07, 3.60642928854e-07, 4.42351449692e-07, 2.28190756957e-07, 9.59015409308e-08, 9.82255130566e-08, 9.72978213554e-08, 9.82004166872e-08, 2.06398453884e-07, 1.20198350828e-07, 2.61592276729e-08, 1.72426251055e-08, 1.02164401383e-08, 7.12661130109e-09, 3.77728026635e-09, 1.13171960692e-09, 1.42088496524e-09, 1.38818323503e-09, 9.01513808049e-10, 4.58881460608e-10, 1.63254895713e-10, 2.77516204461e-10, 7.52781448288e-11, 1.50215659356e-10, 3.28597010713e-10, 3.91008114775e-10, 5.18933854221e-11, 1.02358069937e-11, 2.937589191e-12, 2.55013740159e-12, 7.07910466358e-12, 8.38258976121e-12, 3.98381501399e-12, 7.64040306717e-13, 7.09418282582e-14, 4.21116490474e-15, 4.26264202186e-17],
        "dvar2": [8.89317391284e-07, 1.35555069392e-06, 4.78500965073e-07, 7.33914816919e-07, 8.81158939592e-07, 1.11591396035e-06, 5.47419176655e-07, 2.47250483199e-07, 2.4646939778e-07, 2.40731367285e-07, 2.444409688e-07, 5.35031176696e-07, 2.73058759603e-07, 6.17826643179e-08, 4.48119337193e-08, 2.62303707643e-08, 1.71862382103e-08, 8.65567439945e-09, 2.74383959997e-09, 3.05136937939e-09, 3.00141000942e-09, 2.23811857936e-09, 1.13813924951e-09, 4.1086634095e-10, 6.31832641762e-10, 1.77416442648e-10, 3.28711308173e-10, 7.95923882357e-10, 7.99723121059e-10, 1.27361510227e-10, 2.52255785704e-11, 7.17144312684e-12, 5.51344603653e-12, 1.45275284857e-11, 1.95014508014e-11, 8.39932724067e-12, 1.65505250563e-12, 1.54720271425e-13, 8.92203096749e-15, 1.1079805049e-16],
        "max": [0.013923348859, 0.0142345363274, 0.00843148399144, 0.0116694625467, 0.0174093600363, 0.0118460990489, 0.0135687654838, 0.0123201888055, 0.00829001888633, 0.00686268694699, 0.0071945390664, 0.0132963489741, 0.00575464731082, 0.00291711674072, 0.00310028367676, 0.00221934169531, 0.00227096281014, 0.0018277723575, 0.000709357613232, 0.00115356675815, 0.00115397374611, 0.000755768967792, 0.00059364415938, 0.000315822457196, 0.000368253240595, 0.000212808648939, 0.000365743995644, 0.000368386419723, 0.000543810776435, 0.000189247861272, 8.11931604403e-05, 3.32517265633e-05, 5.15382162121e-05, 9.58278105827e-05, 0.000101094963611, 7.76096203481e-05, 2.72092584055e-05, 9.93458343146e-06, 3.47750619767e-06, 3.51718711045e-07],
        "mean": [0.000301769032376, 0.00045022458653, 0.000506760901771, 0.000832683988847, 0.000846143462695, 0.000678941840306, 0.000481350551127, 0.000270321208518, 0.00020484275592, 0.000196632681764, 0.000266698159976, 0.000285377464024, 0.000293668970698, 0.000154202803969, 0.000113714006147, 8.53909223224e-05, 6.30113281659e-05, 4.60096271127e-05, 2.82387663901e-05, 2.73925834335e-05, 2.27608143177e-05, 2.18275563384e-05, 1.64920456882e-05, 1.18210455184e-05, 1.61022908287e-05, 1.026622067e-05, 1.26417535284e-05, 1.83769461728e-05, 1.56079277076e-05, 6.48243576507e-06, 3.10030759465e-06, 1.61307855251e-06, 1.06814582068e-06, 9.3907920018e-07, 7.7879468563e-07, 4.93634672694e-07, 2.71957475206e-07, 9.16250115779e-08, 1.85817778942e-08, 1.61713531455e-09],
        "median": [0.000144311066833, 0.000245615316089, 0.000321471103234, 0.000507246528286, 0.000495197833516, 0.000306275207549, 0.000235923158471, 0.000138934454299, 8.4451159637e-05, 7.66829834902e-05, 0.000104174207081, 8.07909818832e-05, 7.19618255971e-05, 5.24048300576e-05, 3.60589583579e-05, 2.59264925262e-05, 1.85909048014e-05, 1.74378656084e-05, 1.1873558833e-05, 1.15434550025e-05, 8.33666581457e-06, 6.33762374491e-06, 6.60819296172e-06, 5.90215586271e-06, 7.94938205217e-06, 5.6390026657e-06, 5.95639676249e-06, 7.03555951986e-06, 4.91767696076e-06, 2.56144517152e-06, 1.38085181334e-06, 6.87433214352e-07, 3.84625536753e-07, 3.02081161863e-07, 2.25943651344e-07, 1.27233292346e-07, 7.89079095398e-08, 2.94686230973e-08, 7.02981939327e-09, 5.02058117302e-10],
        "min": [9.80820266859e-24, 4.22009108743e-24, 7.18929490378e-24, 5.17098323372e-24, 4.51898930113e-24, 8.47475794834e-24, 1.3932974904e-23, 2.31320318033e-23, 1.20777886251e-23, 5.62954137261e-24, 4.49077726857e-24, 7.04031773297e-24, 4.16110401324e-24, 5.31960581156e-24, 5.99602169449e-24, 8.47590495209e-24, 8.6044640361e-24, 6.40278243748e-24, 7.27883692741e-24, 1.38783510195e-23, 9.24253970131e-24, 7.69078166984e-24, 4.88874181804e-24, 8.56223078981e-24, 8.70764467592e-24, 1.00481788891e-23, 5.77993415432e-24, 9.04335863363e-24, 7.63903397218e-24, 8.73258293571e-24, 9.70941519515e-24, 9.16322289273e-24, 9.29976603796e-24, 6.16803636475e-24, 8.59564299345e-24, 1.09428591739e-23, 1.13847885193e-23, 8.03721151409e-24, 1.12010186383e-23, 7.90046089845e-24],
        "var": [4.32064041433e-07, 5.45808347852e-07, 3.66123089179e-07, 9.5749828688e-07, 1.16105684356e-06, 1.07251139525e-06, 5.32995613867e-07, 1.57293953862e-07, 1.51244819335e-07, 1.45172464272e-07, 2.30741562746e-07, 3.41215041999e-07, 2.95826623642e-07, 6.81559910731e-08, 4.86554014856e-08, 2.64391282201e-08, 1.99588203742e-08, 8.30994828505e-09, 2.21370299869e-09, 3.13851300504e-09, 2.96519808707e-09, 2.83787682243e-09, 9.72977365343e-10, 3.38443634229e-10, 5.79649106491e-10, 1.89801674377e-10, 4.03659022874e-10, 8.71565764005e-10, 8.80531425551e-10, 1.17037046721e-10, 2.54671995298e-11, 6.25654649616e-12, 4.68975596205e-12, 9.85311658652e-12, 9.37085044977e-12, 5.01988554891e-12, 9.55983664626e-13, 8.81450606407e-14, 4.90858515198e-15, 3.5721510203e-17]
    },
    "mfcc": {
        "mean": [-651.791992188, 153.724090576, -34.7386703491, 36.5512123108, -28.5718364716, 11.1830625534, -6.26080226898, 2.78011250496, -13.9974737167, 3.57650113106, -17.2531318665, 4.27477073669, -6.70394706726],
        "cov": [[3212.71728516, -479.472808838, -317.577423096, 283.518768311, -352.345916748, 208.042175293, 41.2531356812, 62.4654159546, -98.6775665283, 193.047973633, -35.0366592407, 116.407943726, -73.3108520508], [-479.472808838, 761.204589844, 173.386993408, 97.0088119507, 105.737098694, -122.772201538, 89.5799865723, -118.141464233, 1.00690793991, -59.5516662598, 12.2952766418, -19.1120414734, -0.0433827452362], [-317.577423096, 173.386993408, 737.823852539, 79.9372253418, 166.985031128, 23.2165966034, -114.504936218, 58.62890625, -68.6531524658, -19.2500038147, 4.59614753723, -4.19109630585, 2.62766242027], [283.518768311, 97.0088119507, 79.9372253418, 356.472564697, 51.8648910522, -50.1777687073, 30.8647651672, -28.1760787964, 23.4469909668, -20.9239959717, -26.5696716309, 53.6795806885, 20.4373664856], [-352.345916748, 105.737098694, 166.985031128, 51.8648910522, 200.162765503, -32.5366859436, -63.3155326843, 14.9228887558, 18.2421646118, -22.8902244568, -3.07523083687, 7.98386192322, 12.1226119995], [208.042175293, -122.772201538, 23.2165966034, -50.1777687073, -32.5366859436, 210.131210327, 53.9579620361, 32.3653373718, -26.9512233734, 32.4186286926, 25.1560001373, -25.5747680664, 10.3057022095], [41.2531356812, 89.5799865723, -114.504936218, 30.8647651672, -63.3155326843, 53.9579620361, 267.876861572, -66.09034729, 10.2028455734, 15.6384439468, -1.71493387222, -8.37143135071, -2.187895298], [62.4654159546, -118.141464233, 58.62890625, -28.1760787964, 14.9228887558, 32.3653373718, -66.09034729, 140.101745605, 13.3031454086, 11.371263504, 10.151093483, 9.42938804626, 11.8441905975], [-98.6775665283, 1.00690793991, -68.6531524658, 23.4469909668, 18.2421646118, -26.9512233734, 10.2028455734, 13.3031454086, 105.490997314, 4.79073476791, 1.41762399673, 10.0915365219, 5.36492681503], [193.047973633, -59.5516662598, -19.2500038147, -20.9239959717, -22.8902244568, 32.4186286926, 15.6384439468, 11.371263504, 4.79073476791, 104.034133911, 21.1637630463, -3.67651534081, -13.7393627167], [-35.0366592407, 12.2952766418, 4.59614753723, -26.5696716309, -3.07523083687, 25.1560001373, -1.71493387222, 10.151093483, 1.41762399673, 21.1637630463, 79.3328933716, 9.7368888855, 2.83201313019], [116.407943726, -19.1120414734, -4.19109630585, 53.6795806885, 7.98386192322, -25.5747680664, -8.37143135071, 9.42938804626, 10.0915365219, -3.67651534081, 9.7368888855, 94.5528640747, 21.0684604645], [-73.3108520508, -0.0433827452362, 2.62766242027, 20.4373664856, 12.1226119995, 10.3057022095, -2.187895298, 11.8441905975, 5.36492681503, -13.7393627167, 2.83201313019, 21.0684604645, 93.9585647583]],
