{
"lowlevel": {
    "average_loudness": 0.930880010128,
    "barkbands_crest": {
        "dmean": 2.53078794479,
        "dmean2": 4.19990682602,
        "dvar": 4.88371896744,
        "dvar2": 12.3854436874,
        "max": 26.9050674438,
        "mean": 9.72735595703,
        "median": 8.92885684967,
        "min": 2.95465803146,
        "var": 14.6059417725
    },
    "barkbands_flatness_db": {
        "dmean": 0.0217271819711,
        "dmean2": 0.0355453826487,
        "dvar": 0.000396253337385,
        "dvar2": 0.000974483031314,
        "max": 0.658994793892,
        "mean": 0.18989366293,
        "median": 0.186900526285,
        "min": 0.0696603059769,
        "var": 0.00152004125994
    },
    "barkbands_kurtosis": {
        "dmean": 4.81626176834,
        "dmean2": 7.07981443405,
        "dvar": 9904.75390625,
        "dvar2": 15011.2958984,
        "max": 9103.94335938,
        "mean": 6.58062553406,
        "median": 1.82471323013,
        "min": -1.89989495277,
        "var": 16553.5410156
    },
    "barkbands_skewness": {
        "dmean": 0.502286672592,
        "dmean2": 0.787692427635,
        "dvar": 1.16013550758,
        "dvar2": 1.82924664021,
        "max": 91.9951782227,
        "mean": 1.52184855938,
        "median": 1.34154617786,
        "min": -2.08880209923,
        "var": 3.42036128044
    },
    "barkbands_spread": {
        "dmean": 4.58480930328,
        "dmean2": 7.08474969864,
        "dvar": 26.3581867218,
        "dvar2": 54.2447471619,
        "max": 86.4344940186,
        "mean": 17.6750869751,
        "median": 16.0196971893,
        "min": 0.054282695055,
        "var": 93.7595596313
    },
    "dissonance": {
        "dmean": 0.0226378533989,
        "dmean2": 0.0384868383408,
        "dvar": 0.000394280417822,
        "dvar2": 0.00108649558388,
        "max": 0.499998927116,
        "mean": 0.455883771181,
        "median": 0.460681140423,
        "min": 0.293925762177,
        "var": 0.000811721256468
    },
    "dynamic_complexity": 3.15611982346,
    "erbbands_crest": {
        "dmean": 2.96077656746,
        "dmean2": 4.78673410416,
        "dvar": 7.19817018509,
        "dvar2": 17.9745044708,
        "max": 29.2789916992,
        "mean": 10.2487716675,
        "median": 9.18039608002,
        "min": 2.62789773941,
        "var": 22.1731338501
    },
    "erbbands_flatness_db": {
        "dmean": 0.0159638747573,
        "dmean2": 0.0238959211856,
        "dvar": 0.000217289023567,
        "dvar2": 0.00045639576274,
        "max": 0.371582865715,
        "mean": 0.218285262585,
        "median": 0.216660797596,
        "min": 0.0245657581836,
        "var": 0.00169723422732
    },
    "erbbands_kurtosis": {
        "dmean": 0.907653510571,
        "dmean2": 1.45317876339,
        "dvar": 1.64399170876,
        "dvar2": 3.89749979973,
        "max": 24.6284790039,
        "mean": 0.492979615927,
        "median": -0.04607629776,
        "min": -1.79827427864,
        "var": 3.84986543655
    },
    "erbbands_skewness": {
        "dmean": 0.361780524254,
        "dmean2": 0.563238203526,
        "dvar": 0.110137209296,
        "dvar2": 0.251345276833,
        "max": 4.7433552742,
        "mean": 0.595605790615,
        "median": 0.559186398983,
        "min": -4.24819135666,
        "var": 0.447039544582
    },
    "erbbands_spread": {
        "dmean": 7.23969459534,
        "dmean2": 10.8729820251,
        "dvar": 58.1942214966,
        "dvar2": 118.344596863,
        "max": 181.162124634,
        "mean": 36.0938110352,
        "median": 32.9312477112,
        "min": 4.42658281326,
        "var": 335.382659912
    },
    "hfc": {
        "dmean": 5.64181280136,
        "dmean2": 8.27255058289,
        "dvar": 48.6493682861,
        "dvar2": 102.878562927,
        "max": 120.990531921,
        "mean": 18.0784721375,
        "median": 14.5737838745,
        "min": 1.09477009964e-16,
        "var": 186.725234985
    },
    "melbands_crest": {
        "dmean": 3.22384595871,
        "dmean2": 5.33379650116,
        "dvar": 8.17385196686,
        "dvar2": 20.8334197998,
        "max": 39.9942398071,
        "mean": 13.0746688843,
        "median": 12.2415771484,
        "min": 2.35059261322,
        "var": 24.1633586884
    },
    "melbands_flatness_db": {
        "dmean": 0.0247733872384,
        "dmean2": 0.0388440415263,
        "dvar": 0.000600911211222,
        "dvar2": 0.00135519506875,
        "max": 0.637585103512,
        "mean": 0.212054282427,
        "median": 0.207985058427,
        "min": 0.0050262119621,
        "var": 0.00266713695601
    },
    "melbands_kurtosis": {
        "dmean": 9.58636856079,
        "dmean2": 14.6237974167,
        "dvar": 33171.2109375,
        "dvar2": 71677.8515625,
        "max": 15657.2011719,
        "mean": 15.1479473114,
        "median": 6.3719997406,
        "min": -1.85589241982,
        "var": 37455.7070312
    },
    "melbands_skewness": {
        "dmean": 0.658308804035,
        "dmean2": 1.02013504505,
        "dvar": 1.85153961182,
        "dvar2": 3.16966056824,
        "max": 121.238441467,
        "mean": 2.32942533493,
        "median": 2.06630277634,
        "min": -1.13331210613,
        "var": 5.42036628723
    },
    "melbands_spread": {
        "dmean": 5.44352865219,
        "dmean2": 8.5114364624,
        "dvar": 45.5823974609,
        "dvar2": 89.6734008789,
        "max": 233.970840454,
        "mean": 20.0573501587,
        "median": 18.5580253601,
        "min": 0.0607043430209,
        "var": 156.780563354
    },
    "pitch_salience": {
        "dmean": 0.0698292329907,
        "dmean2": 0.115679733455,
        "dvar": 0.00376630714163,
        "dvar2": 0.00969168171287,
        "max": 0.899620056152,
        "mean": 0.549860179424,
        "median": 0.54993724823,
        "min": 0.00137115723919,
        "var": 0.0120317889377
    },
    "silence_rate_20dB": {
        "dmean": 0,
        "dmean2": 0,
        "dvar": 0,
        "dvar2": 0,
        "max": 1,
        "mean": 1,
        "median": 1,
        "min": 1,
        "var": 0
    },
    "silence_rate_30dB": {
        "dmean": 0.00404184497893,
        "dmean2": 0.00808465108275,
        "dvar": 0.00402545882389,
        "dvar2": 0.0111133931205,
        "max": 1,
        "mean": 0.997385025024,
        "median": 1,
        "min": 0,
        "var": 0.00260886666365
    },
    "silence_rate_60dB": {
        "dmean": 0.00855920091271,
        "dmean2": 0.0171204376966,
        "dvar": 0.00848625041544,
        "dvar2": 0.0199169721454,
        "max": 1,
        "mean": 0.0401759184897,
        "median": 0,
        "min": 0,
        "var": 0.0385650247335
    },
    "spectral_centroid": {
        "dmean": 231.821624756,
        "dmean2": 363.784606934,
        "dvar": 63573.9257812,
        "dvar2": 128818.007812,
        "max": 11473.8955078,
        "mean": 1191.75634766,
        "median": 1117.52624512,
        "min": 145.161819458,
        "var": 259842.671875
    },
    "spectral_complexity": {
        "dmean": 3.13290548325,
        "dmean2": 4.91784572601,
        "dvar": 10.9423675537,
        "dvar2": 24.4796066284,
        "max": 50,
        "mean": 16.6354446411,
        "median": 17,
        "min": 0,
        "var": 46.8192863464
    },
    "spectral_decrease": {
        "dmean": 2.44908271441e-09,
        "dmean2": 3.88745791113e-09,
        "dvar": 1.48966427119e-17,
        "dvar2": 3.73090848654e-17,
        "max": -5.32151333137e-30,
        "mean": -6.45290754164e-09,
        "median": -5.34298294497e-09,
        "min": -7.55897247018e-08,
        "var": 2.4687582576e-17
    },
    "spectral_energy": {
        "dmean": 0.00966574903578,
        "dmean2": 0.0152874160558,
        "dvar": 0.000224143426749,
        "dvar2": 0.000558319326956,
        "max": 0.28979536891,
        "mean": 0.0259945169091,
        "median": 0.0216603204608,
        "min": 9.94996656471e-21,
        "var": 0.000385227001971
    },
    "spectral_energyband_high": {
        "dmean": 0.000309438357363,
        "dmean2": 0.000442588556325,
        "dvar": 2.8826988796e-07,
        "dvar2": 5.78250251237e-07,
        "max": 0.0100156916305,
        "mean": 0.000632359180599,
        "median": 0.000303618056932,
        "min": 7.42830969851e-21,
        "var": 8.25692154649e-07
    },
    "spectral_energyband_low": {
        "dmean": 0.00399582087994,
        "dmean2": 0.00681190937757,
        "dvar": 0.000126661951072,
        "dvar2": 0.000344088621205,
        "max": 0.264854997396,
        "mean": 0.00670577259734,
        "median": 0.00367789622396,
        "min": 6.15417465869e-23,
        "var": 0.000126473722048
    },
    "spectral_energyband_middle_high": {
        "dmean": 0.0018848804757,
        "dmean2": 0.00283707445487,
        "dvar": 9.690819752e-06,
        "dvar2": 2.1985719286e-05,
        "max": 0.0603385977447,
        "mean": 0.0053822286427,
        "median": 0.00348930619657,
        "min": 1.28530922299e-21,
        "var": 3.78319127776e-05
    },
    "spectral_energyband_middle_low": {
        "dmean": 0.0065626418218,
        "dmean2": 0.010413846001,
        "dvar": 7.59366885177e-05,
        "dvar2": 0.000179814873263,
        "max": 0.121574133635,
        "mean": 0.0147028658539,
        "median": 0.0111518818885,
        "min": 4.29198846987e-22,
        "var": 0.000162040567375
    },
    "spectral_entropy": {
        "dmean": 0.159830600023,
        "dmean2": 0.238770633936,
        "dvar": 0.0219693221152,
        "dvar2": 0.0473731718957,
        "max": 9.78638744354,
        "mean": 7.35624027252,
        "median": 7.36439752579,
        "min": 5.68778371811,
        "var": 0.120070576668
    },
    "spectral_flux": {
        "dmean": 0.0256062224507,
        "dmean2": 0.0408387705684,
        "dvar": 0.000952276925091,
        "dvar2": 0.00203861785121,
        "max": 0.488870680332,
        "mean": 0.0839454159141,
        "median": 0.0740846097469,
        "min": 9.9749521143e-11,
        "var": 0.00205089361407
    },
    "spectral_kurtosis": {
        "dmean": 2.15952801704,
        "dmean2": 3.76378488541,
        "dvar": 4.65093755722,
        "dvar2": 13.6663856506,
        "max": 24.2200527191,
        "mean": 2.88327527046,
        "median": 2.16709661484,
        "min": -1.31590497494,
        "var": 7.98743772507
    },
    "spectral_rms": {
        "dmean": 0.000864357803948,
        "dmean2": 0.00133609201293,
        "dvar": 1.06835830138e-06,
        "dvar2": 2.45013870881e-06,
        "max": 0.0168144926429,
        "mean": 0.00469225645065,
        "median": 0.00459695793688,
        "min": 3.11565161691e-12,
        "var": 3.34326841767e-06
    },
    "spectral_rolloff": {
        "dmean": 368.361846924,
        "dmean2": 616.90222168,
        "dvar": 461284.75,
        "dvar2": 883986.75,
        "max": 18626.2207031,
        "mean": 1225.37805176,
        "median": 990.52734375,
        "min": 21.533203125,
        "var": 1039015.5625
    },
    "spectral_skewness": {
        "dmean": 0.265161573887,
        "dmean2": 0.440695673227,
        "dvar": 0.0552127026021,
        "dvar2": 0.147329837084,
        "max": 3.49533939362,
        "mean": 1.13906538486,
        "median": 1.10184812546,
        "min": -0.462258160114,
        "var": 0.176849722862
    },
    "spectral_spread": {
        "dmean": 334705.9375,
        "dmean2": 481559.3125,
        "dvar": 292430643200,
        "dvar2": 369570054144,
        "max": 39612920,
        "mean": 3539835,
        "median": 3334137.25,
        "min": 1493648.625,
        "var": 1.04585743565e+12
    },
    "spectral_strongpeak": {
        "dmean": 0.62347894907,
        "dmean2": 1.04312574863,
        "dvar": 0.715574204922,
        "dvar2": 1.78924310207,
        "max": 9.04442214966,
        "mean": 1.21641242504,
        "median": 0.720322668552,
        "min": 0,
        "var": 1.5133112669
    },
    "zerocrossingrate": {
        "dmean": 0.00781360268593,
        "dmean2": 0.00928303319961,
        "dvar": 0.000102851998236,
        "dvar2": 0.000104218939668,
        "max": 0.56201171875,
        "mean": 0.051462508738,
        "median": 0.0478515625,
        "min": 0,
        "var": 0.00065012043342
    },
    "barkbands": {
        "dmean": [3.20597828249e-05, 0.000931511516683, 0.00264210160822, 0.0012649379205, 0.00217102142051, 0.00193661416415, 0.001566340914, 0.00087776168948, 0.00146062881686, 0.000940078229178, 0.000511900812853, 0.000412700115703, 0.000370182213373, 0.000407570652897, 0.000153990928084, 0.000118409814604, 0.000171025560121, 0.000144786346937, 9.78829993983e-05, 0.000153169035912, 0.000110648623377, 6.33411837043e-05, 6.06294306635e-05, 4.08270097978e-05, 6.62144600483e-07, 1.21230081529e-09, 1.01994490631e-09],
        "dmean2": [5.52469100512e-05, 0.0016565232072, 0.00447695748881, 0.00218681711704, 0.00363862025551, 0.0031386052724, 0.0024875337258, 0.00144449598156, 0.00230837636627, 0.00149116292596, 0.000790493155364, 0.000648634682875, 0.000582546403166, 0.000634574738797, 0.000245550094405, 0.000192905063159, 0.000269439333351, 0.000230157296755, 0.000155195695697, 0.00023998648976, 0.000172157437191, 9.39828241826e-05, 8.54571990203e-05, 5.86465866945e-05, 1.05249466742e-06, 2.15702100625e-09, 1.89038273923e-09],
        "dvar": [3.36015859581e-09, 9.03355157789e-06, 6.08765585639e-05, 5.69834992348e-06, 1.57218146342e-05, 1.33184494189e-05, 1.09874217742e-05, 5.13614395459e-06, 1.28967303681e-05, 7.00827285982e-06, 2.11510723602e-06, 1.21697848954e-06, 1.03137017504e-06, 8.48169293022e-07, 1.23668328911e-07, 5.60029604912e-08, 1.39662915899e-07, 7.57854721201e-08, 3.20621396099e-08, 8.62813607228e-08, 5.25694865416e-08, 2.21639080422e-08, 3.00216171922e-08, 1.86408133374e-08, 5.03017679593e-12, 4.32715673296e-18, 2.53924223488e-18],
        "dvar2": [9.1016980619e-09, 2.59002408711e-05, 0.000161533622304, 1.57318663696e-05, 4.03325539082e-05, 3.27321940858e-05, 2.65558410319e-05, 1.30196222017e-05, 2.97089773085e-05, 1.74526430783e-05, 4.93945435665e-06, 2.77392064163e-06, 2.53320808952e-06, 1.86679346825e-06, 3.00952621046e-07, 1.3360924811e-07, 3.35860335099e-07, 1.87219910686e-07, 7.59249942917e-08, 2.03843313784e-07, 1.28155676293e-07, 4.88421250111e-08, 5.61255255604e-08, 3.70107251513e-08, 1.1471655223e-11, 1.19065924199e-17, 8.01874841509e-18],
        "max": [0.00126895820722, 0.067140892148, 0.186241805553, 0.0375670194626, 0.0682846903801, 0.0721976459026, 0.0788338109851, 0.0654370188713, 0.0683735832572, 0.0519037842751, 0.0407375097275, 0.022662030533, 0.0300487466156, 0.0237536858767, 0.00760248815641, 0.00596875650808, 0.00707145268098, 0.00496595166624, 0.006133033894, 0.00622536428273, 0.00580679671839, 0.00360039481893, 0.0051584225148, 0.00334528647363, 5.13685299666e-05, 5.22988408136e-08, 2.54648249154e-08],
        "mean": [3.34077121806e-05, 0.00127574440558, 0.0042731477879, 0.00172024988569, 0.00303590577096, 0.00320007326081, 0.00245635071769, 0.00121061713435, 0.00239330297336, 0.00136920576915, 0.000908237067051, 0.000742146861739, 0.000667924643494, 0.00079153443221, 0.00023798039183, 0.000188286445336, 0.000288837356493, 0.00025704165455, 0.000195708518731, 0.000298063328955, 0.000186772129382, 0.000100299774203, 0.000100743505755, 6.21726576355e-05, 7.69868677253e-07, 1.1694106794e-09, 8.21959389441e-10],
        "median": [1.39804142236e-05, 0.000565826136153, 0.00133300863672, 0.000672798545565, 0.00132912129629, 0.00132047373336, 0.000931565882638, 0.000440220726887, 0.000812480575405, 0.000406873994507, 0.000221165362746, 0.000165641045896, 0.000140962176374, 0.000288731185719, 0.000102141741081, 8.92282259883e-05, 0.000124256825075, 0.000103641461465, 0.000100606623164, 0.000112216315756, 8.86765992618e-05, 3.86875108234e-05, 2.89333474939e-05, 1.29872341859e-05, 8.94447254041e-08, 4.84839335346e-10, 3.00461266978e-10],
        "min": [1.21485841581e-23, 1.72658648969e-23, 2.61368203463e-23, 2.63447467259e-23, 8.6513290003e-23, 6.27262243916e-23, 4.32172587542e-23, 2.22335081882e-23, 1.63559857868e-22, 6.7597680295e-23, 5.24458080074e-23, 6.64872039542e-23, 6.82923512081e-23, 8.65412093681e-23, 1.20120657832e-22, 2.36010799779e-22, 1.08430370305e-22, 1.21509153999e-22, 2.18852330406e-22, 2.89018365103e-22, 4.18478113689e-22, 6.14861918465e-22, 4.46768861939e-22, 8.65028063571e-22, 1.1782600156e-21, 1.68173240135e-21, 2.22523196809e-21],
        "var": [3.56920204503e-09, 6.64553817842e-06, 7.30678075342e-05, 7.22099321138e-06, 2.6016994525e-05, 2.96982107102e-05, 2.04942753044e-05, 6.21991512162e-06, 2.46330018854e-05, 1.07925134216e-05, 5.93290769757e-06, 3.63798767467e-06, 3.01042337014e-06, 1.98662041839e-06, 1.87054538969e-07, 1.10292845079e-07, 2.82334781332e-07, 2.06393110602e-07, 1.04731896045e-07, 2.77563316331e-07, 1.01950377029e-07, 3.76791113865e-08, 7.76531052793e-08, 4.07803284475e-08, 7.372781205e-12, 4.77266256241e-18, 2.05904817286e-18]
    },
    "erbbands": {
        "dmean": [0.0119120720774, 0.293333560228, 2.3892967701, 4.08184146881, 3.86477327347, 8.59137153625, 13.5307645798, 16.5403728485, 23.5137424469, 22.1789493561, 18.1695423126, 31.1576442719, 36.1640052795, 21.5983028412, 18.8404312134, 17.9783573151, 18.0704517365, 21.0969295502, 8.91373729706, 6.66552352905, 6.99107122421, 8.54651546478, 7.19018983841, 6.2335319519, 4.55361747742, 7.12288141251, 6.3100028038, 2.96556282043, 2.27923440933, 1.90260970592, 1.80224835873, 1.39429998398, 0.342631667852, 0.0258263275027, 0.000854312558658, 7.12363544153e-05, 1.37159004225e-05, 3.6638596157e-06, 5.26868370798e-06, 1.11014642243e-05],
        "dmean2": [0.0210564378649, 0.519472420216, 4.08608722687, 6.93211174011, 6.69236326218, 14.3355646133, 22.48595047, 26.7864570618, 37.5967330933, 34.9164886475, 29.8778934479, 48.895816803, 57.0811424255, 33.416595459, 28.9913387299, 27.4238243103, 28.1836738586, 32.6722412109, 14.1277217865, 10.7420682907, 11.1965446472, 13.242937088, 11.2229413986, 9.83825206757, 7.15331172943, 11.0825214386, 9.80483055115, 4.49562072754, 3.4176902771, 2.78623533249, 2.52037811279, 1.99862623215, 0.489705055952, 0.0368589535356, 0.00120061484631, 9.79764954536e-05, 1.89195179701e-05, 5.07490040036e-06, 8.03843886388e-06, 1.74171364051e-05],
        "dvar": [0.00104397209361, 0.908581197262, 53.5859832764, 76.6045837402, 66.1951293945, 300.772186279, 674.383483887, 1136.28417969, 2519.41601562, 3741.5090332, 2148.0012207, 7301.90185547, 9670.10742188, 4744.80957031, 2555.46191406, 2229.77587891, 2660.7902832, 2246.31445312, 360.908081055, 238.710235596, 170.125, 353.035736084, 191.034912109, 121.200759888, 70.5107192993, 186.937973022, 179.718963623, 34.8779220581, 31.7266330719, 18.2223854065, 30.3286018372, 21.2486190796, 1.35525929928, 0.00689493538812, 6.91753029969e-06, 4.08344433822e-08, 1.06557929147e-09, 6.52737447426e-11, 5.59764803953e-11, 2.78613271343e-10],
        "dvar2": [0.00294622126967, 2.59900379181, 145.635879517, 202.794235229, 184.009887695, 760.14855957, 1647.93188477, 2787.35351562, 6217.76855469, 8606.67285156, 5625.72900391, 16574.1992188, 23664.5488281, 11346.4482422, 5749.26904297, 4932.77148438, 6576.31884766, 4851.56640625, 888.00592041, 581.403503418, 390.175140381, 784.565490723, 455.833129883, 286.536773682, 170.839324951, 436.529602051, 437.005706787, 79.250869751, 73.647026062, 36.0703277588, 56.4008140564, 42.6853561401, 2.47081160545, 0.0123951295391, 1.18376474347e-05, 6.75453222243e-08, 1.78606263113e-09, 1.09563427775e-10, 1.32050884116e-10, 6.8772310069e-10],
        "max": [0.774768412113, 22.4364070892, 180.399520874, 148.842285156, 129.080978394, 402.867553711, 453.450012207, 668.30871582, 1045.77941895, 2037.79333496, 938.609008789, 1702.04699707, 1951.53259277, 2258.93505859, 1301.91918945, 1139.47839355, 1638.59350586, 1405.82727051, 379.263092041, 377.18170166, 335.566345215, 392.475311279, 307.563049316, 201.624816895, 411.414245605, 333.120147705, 381.239074707, 175.714263916, 158.763320923, 123.270706177, 151.274734497, 109.974121094, 29.4524002075, 1.77577221394, 0.0571852736175, 0.00459329178557, 0.000741877418477, 0.00018040566647, 0.000140614996781, 0.000319173297612],
        "mean": [0.015518039465, 0.421522468328, 3.81838393211, 6.47205305099, 5.00775337219, 12.1649198532, 18.941411972, 27.1192970276, 36.5074386597, 33.8185195923, 27.4760742188, 51.0550994873, 58.2578544617, 36.2144813538, 35.5289306641, 33.354347229, 36.1610069275, 42.8016624451, 16.8633041382, 10.8444499969, 11.9839611053, 15.4200172424, 13.5881271362, 11.9835605621, 10.0022096634, 14.2227802277, 11.5471067429, 5.16242647171, 3.53233504295, 3.03892230988, 2.99140000343, 2.18509674072, 0.516186535358, 0.0376443304121, 0.00135294813663, 0.000133114459459, 3.10523610096e-05, 8.54340669321e-06, 1.52182392412e-05, 3.09277675115e-05],
        "median": [0.00878229364753, 0.224625736475, 1.37123990059, 2.81300640106, 2.62462639809, 4.69056797028, 7.06727266312, 11.0735683441, 13.8383436203, 12.2329921722, 11.803730011, 17.7981529236, 19.2402496338, 12.5669116974, 11.5954256058, 9.82619285583, 9.68093013763, 17.8382549286, 8.76356601715, 5.16536188126, 6.51439094543, 6.71110391617, 5.88405990601, 6.3207244873, 5.22172546387, 5.40387296677, 4.43423461914, 2.71512770653, 1.37613856792, 1.07144868374, 0.814917206764, 0.511361300945, 0.0840176567435, 0.00595184834674, 0.00027945873444, 4.86393910251e-05, 1.73914631887e-05, 4.90855063617e-06, 1.28262145154e-05, 2.62151734205e-05],
        "min": [7.50282905896e-22, 3.46170078033e-21, 1.9538321108e-20, 6.42613482685e-20, 2.93060630149e-19, 2.24400891145e-19, 3.35720686634e-19, 4.6581394066e-19, 3.70654229962e-19, 9.02625274682e-19, 8.91580552348e-19, 3.30905869913e-18, 3.43640729034e-18, 1.56429976457e-18, 3.10060401489e-18, 1.88644742547e-18, 3.4808665939e-18, 3.8654261694e-18, 7.57807125248e-18, 7.35122937719e-18, 1.12319008989e-17, 6.11769587513e-18, 6.75000886539e-18, 7.76592396959e-18, 1.43356620554e-17, 1.28298732216e-17, 1.4419448834e-17, 1.97221083487e-17, 1.99301012594e-17, 1.47685074719e-17, 1.54901663081e-17, 1.34798502403e-17, 1.58005674873e-17, 1.38171778028e-17, 8.20067024721e-18, 5.93118319062e-18, 2.93406029754e-18, 1.41591472961e-18, 2.93390959557e-19, 3.42309632577e-20],
        "var": [0.000798793218564, 0.659337639809, 55.8057556152, 103.935676575, 60.5699729919, 554.251403809, 1290.1776123, 2363.66723633, 4459.94335938, 5420.17285156, 2594.01293945, 14124.2382812, 16250.3193359, 7838.54833984, 7197.46533203, 5884.77978516, 8202.30273438, 5733.14306641, 674.79901123, 440.236724854, 309.209899902, 850.749206543, 543.290161133, 295.66583252, 334.425689697, 631.323852539, 478.093963623, 64.0399703979, 47.2805328369, 41.1585197449, 76.7517929077, 46.4847068787, 3.14334201813, 0.0151542508975, 1.68157057487e-05, 1.10509354556e-07, 3.0624320857e-09, 1.93574725693e-10, 1.22079221732e-10, 5.09539355154e-10]
    },
    "gfcc": {
        "mean": [-44.6453437805, 150.367996216, -164.98059082, 54.3454704285, -80.4802703857, 2.35247516632, -17.6327323914, -20.8739185333, 1.40973961353, -25.6989688873, 7.32528114319, -21.923494339, -2.36198186874],
        "cov": [[6178.02197266, 115.039398193, -314.196228027, 35.2381362915, -298.15524292, 65.9046859741, -51.4492721558, -36.0284500122, -94.928527832, -157.022521973, 70.3388214111, -182.376174927, -9.64088439941], [115.039398193, 634.28338623, 65.9570007324, -55.7130203247, 169.767120361, -197.926544189, 150.847732544, -79.805267334, -7.20449209213, -30.7823219299, 14.324347496, -50.2847213745, -24.2871856689], [-314.196228027, 65.9570007324, 768.214233398, 337.893859863, -78.568862915, 113.304077148, -87.0298919678, 37.99766922, 8.12969398499, -2.34922885895, -0.749228060246, -3.59065318108, -15.8012809753], [35.2381362915, -55.7130203247, 337.893859863, 336.818908691, -24.2073726654, 53.1765632629, -75.6733016968, 38.5734176636, 29.398399353, -11.8825397491, -16.1068096161, 21.1142635345, 3.15330910683], [-298.15524292, 169.767120361, -78.568862915, -24.2073726654, 210.623428345, -41.5891189575, 78.8735198975, -21.1019325256, 2.54133844376, -3.80484247208, -11.805765152, -17.2594108582, -15.2809495926], [65.9046859741, -197.926544189, 113.304077148, 53.1765632629, -41.5891189575, 251.033554077, -21.2764720917, 28.5599269867, -18.3413028717, 11.8792600632, -0.720705747604, -20.3101501465, -1.98807179928], [-51.4492721558, 150.847732544, -87.0298919678, -75.6733016968, 78.8735198975, -21.2764720917, 223.470916748, 1.28261697292, -67.930480957, 1.48480129242, 6.85574960709, -42.2142105103, -16.1598587036], [-36.0284500122, -79.805267334, 37.99766922, 38.5734176636, -21.1019325256, 28.5599269867, 1.28261697292, 100.966850281, 26.4002609253, -0.565310776234, 4.27389574051, 4.8591709137, 5.41716814041], [-94.928527832, -7.20449209213, 8.12969398499, 29.398399353, 2.54133844376, -18.3413028717, -67.930480957, 26.4002609253, 129.75112915, 26.1187095642, -10.4548406601, 45.2440795898, 2.05712676048], [-157.022521973, -30.7823219299, -2.34922885895, -11.8825397491, -3.80484247208, 11.8792600632, 1.48480129242, -0.565310776234, 26.1187095642, 77.1796722412, 28.7178173065, 8.43008327484, 7.65324449539], [70.3388214111, 14.324347496, -0.749228060246, -16.1068096161, -11.805765152, -0.720705747604, 6.85574960709, 4.27389574051, -10.4548406601, 28.7178173065, 68.5091094971, 17.7488307953, 1.73968625069], [-182.376174927, -50.2847213745, -3.59065318108, 21.1142635345, -17.2594108582, -20.3101501465, -42.2142105103, 4.8591709137, 45.2440795898, 8.43008327484, 17.7488307953, 95.0494613647, 27.7961959839], [-9.64088439941, -24.2871856689, -15.8012809753, 3.15330910683, -15.2809495926, -1.98807179928, -16.1598587036, 5.41716814041, 2.05712676048, 7.65324449539, 1.73968625069, 27.7961959839, 79.2358322144]],
        "icov": [[0.000295773206744, -0.000366593332728, 0.000541299465112, -0.000556434504688, 0.000788523815572, -0.000364974199329, 0.000111412118713, 0.000177149748197, -0.000304129789583, 0.000822001253255, -0.000863077351823, 0.000903755251784, -0.000162356271176], [-0.000366593332728, 0.00752790784463, -0.00387998274527, 0.00248021259904, -0.00421783514321, 0.00506179733202, -0.00501303514466, 0.00595927145332, -0.00645572366193, 0.00574527308345, -0.00576632097363, 0.00478590093553, -0.00266548315994], [0.000541299465112, -0.00387998274527, 0.00500981835648, -0.00437650922686, 0.00353010604158, -0.00322595681064, 0.002490560757, -0.00226848875172, 0.00263300701044, -0.00170655467082, 0.000930454174522, -0.000401863508159, 0.00152971758507], [-0.000556434504688, 0.00248021259904, -0.00437650922686, 0.00756294699386, -0.00320019782521, 0.00173448259011, -0.000321399333188, -0.00034698357922, -0.000900881248526, 0.000486745178932, 0.00140269775875, -0.0016447531525, -0.000574135570787], [0.000788523815572, -0.00421783514321, 0.00353010604158, -0.00320019782521, 0.00990484561771, -0.00268256221898, -0.000201584509341, -0.0004948702408, 0.000105086066469, -0.000149141706061, 0.000949689536355, 0.000719408213627, 0.00120849290397], [-0.000364974199329, 0.00506179733202, -0.00322595681064, 0.00173448259011, -0.00268256221898, 0.00823829695582, -0.00259853573516, 0.00223354808986, -0.00245602917857, 0.00163120694924, -0.00246304576285, 0.00337572512217, -0.00142245960888], [0.000111412118713, -0.00501303514466, 0.002490560757, -0.000321399333188, -0.000201584509341, -0.00259853573516, 0.0109211467206, -0.0068883318454, 0.0093637611717, -0.00664392998442, 0.00517479982227, -0.00338972033933, 0.00305475504138], [0.000177149748197, 0.00595927145332, -0.00226848875172, -0.00034698357922, -0.0004948702408, 0.00223354808986, -0.0068883318454, 0.0184131264687, -0.0117082940415, 0.00971905328333, -0.00979977287352, 0.00770312733948, -0.00441540312022], [-0.000304129789583, -0.00645572366193, 0.00263300701044, -0.000900881248526, 0.000105086066469, -0.00245602917857, 0.0093637611717, -0.0117082940415, 0.0231161732227, -0.0155900502577, 0.0147225596011, -0.0137539636344, 0.00662130862474], [0.000822001253255, 0.00574527308345, -0.00170655467082, 0.000486745178932, -0.000149141706061, 0.00163120694924, -0.00664392998442, 0.00971905328333, -0.0155900502577, 0.0286598801613, -0.0191542729735, 0.0116890333593, -0.00654941890389], [-0.000863077351823, -0.00576632097363, 0.000930454174522, 0.00140269775875, 0.000949689536355, -0.00246304576285, 0.00517479982227, -0.00979977287352, 0.0147225596011, -0.0191542729735, 0.0314072705805, -0.0155665762722, 0.00634304154664], [0.000903755251784, 0.00478590093553, -0.000401863508159, -0.0016447531525, 0.000719408213627, 0.00337572512217, -0.00338972033933, 0.00770312733948, -0.0137539636344, 0.0116890333593, -0.0155665762722, 0.0250347983092, -0.00864474009722], [-0.000162356271176, -0.00266548315994, 0.00152971758507, -0.000574135570787, 0.00120849290397, -0.00142245960888, 0.00305475504138, -0.00441540312022, 0.00662130862474, -0.00654941890389, 0.00634304154664, -0.00864474009722, 0.0165879670531]]
    },
    "melbands": {
        "dmean": [0.000178051224793, 0.0009633845184, 0.000671520247124, 0.000401135301217, 0.000472718995297, 0.000386064639315, 0.000346010870999, 0.000230839606957, 0.000159784496645, 0.000207439661608, 0.000179297494469, 8.93924661796e-05, 7.27005681256e-05, 4.8122012231e-05, 4.39570030721e-05, 3.49198271579e-05, 4.18907729909e-05, 1.59579394676e-05, 1.05075532701e-05, 7.7207441791e-06, 9.57943757385e-06, 9.70114251686e-06, 8.55728649185e-06, 7.81109429226e-06, 5.31199520992e-06, 3.55379575012e-06, 3.89353408536e-06, 5.28885311724e-06, 5.12758242621e-06, 2.45333171733e-06, 1.59050364346e-06, 1.31782155677e-06, 1.32224840854e-06, 1.01229477423e-06, 1.01946250197e-06, 1.19266746879e-06, 7.88230465787e-07, 2.95314549703e-07, 6.85517917987e-08, 5.08873299054e-09],
        "dmean2": [0.000315782817779, 0.00165366474539, 0.00113956956193, 0.000676866271533, 0.000785620184615, 0.000622687395662, 0.000551546923816, 0.000365376501577, 0.000262620334979, 0.000324640714098, 0.000284567417111, 0.000139250405482, 0.000111127541459, 7.49386745156e-05, 6.81508390699e-05, 5.45712464373e-05, 6.50620349916e-05, 2.53882408288e-05, 1.68556071003e-05, 1.27529128804e-05, 1.54706631292e-05, 1.53769069584e-05, 1.32737868626e-05, 1.25129035951e-05, 8.443106708e-06, 5.66560038351e-06, 6.17710884399e-06, 8.32618752611e-06, 8.06717434898e-06, 3.84987379221e-06, 2.42166470343e-06, 2.00314661924e-06, 2.02519231607e-06, 1.50220341766e-06, 1.45580895605e-06, 1.73519106283e-06, 1.15295188152e-06, 4.26869092962e-07, 1.03544557817e-07, 8.03751376566e-09],
        "dvar": [3.00616648019e-07, 8.85728150024e-06, 1.98943121177e-06, 6.16708291545e-07, 7.50537139993e-07, 5.78929473249e-07, 5.05756531766e-07, 3.92552834683e-07, 1.69212370338e-07, 3.06217486923e-07, 2.39197902374e-07, 8.96826080066e-08, 4.17508410067e-08, 1.77831793735e-08, 1.05905915149e-08, 7.15081682756e-09, 9.16162168352e-09, 1.30493382766e-09, 6.68467170506e-10, 3.4432906526e-10, 3.91648879994e-10, 4.91667206948e-10, 3.55286883247e-10, 2.86801971061e-10, 9.69935590178e-11, 4.65710421615e-11, 5.38702832342e-11, 1.13387535472e-10, 1.43363237948e-10, 2.96147377454e-11, 1.00541510881e-11, 9.84896886269e-12, 1.19497745033e-11, 5.34666755314e-12, 9.71120146104e-12, 1.69459776073e-11, 6.83159431802e-12, 1.13019576337e-12, 5.39324851055e-14, 3.14185801839e-16],
        "dvar2": [8.58987846186e-07, 2.42649257416e-05, 5.24948927705e-06, 1.62652736435e-06, 1.86792567547e-06, 1.42044962104e-06, 1.25289966491e-06, 9.11542372251e-07, 4.36807624737e-07, 6.90754404786e-07, 5.85424572819e-07, 2.16601236502e-07, 9.66473692188e-08, 3.96027388661e-08, 2.45331541748e-08, 1.73054068853e-08, 1.98099492366e-08, 3.18689052925e-09, 1.63388647056e-09, 8.32740765233e-10, 8.88141393762e-10, 1.09768305556e-09, 8.3206025403e-10, 6.99952706906e-10, 2.26516652657e-10, 1.16106860237e-10, 1.2951462125e-10, 2.70098221566e-10, 3.46854711619e-10, 7.32951754845e-11, 2.21169332848e-11, 2.32768370551e-11, 2.76781930708e-11, 1.06975010447e-11, 1.85543698461e-11, 3.5695908035e-11, 1.38987163792e-11, 2.16079714885e-12, 1.09470578761e-13, 7.09908795127e-16],
        "max": [0.0117510017008, 0.0739404335618, 0.0257106292993, 0.0164711605757, 0.0139556191862, 0.0133249079809, 0.0137029178441, 0.018731566146, 0.00763592496514, 0.0120302308351, 0.00954691972584, 0.00920552201569, 0.00538864824921, 0.00317393266596, 0.00231043226086, 0.00253262231126, 0.00275703123771, 0.000986433937214, 0.000551445409656, 0.000517168198712, 0.000578502600547, 0.000528147735167, 0.000366731808754, 0.000381077785278, 0.000171632927959, 0.000256523693679, 0.000262531015323, 0.000235451079789, 0.000373823364498, 0.00014312719577, 9.23012266867e-05, 7.0436130045e-05, 9.32668917812e-05, 7.39389797673e-05, 9.16090066312e-05, 0.000161479212693, 6.29145797575e-05, 2.8057853342e-05, 4.83474332214e-06, 4.4168785962e-07],
        "mean": [0.000243246409809, 0.00154658500105, 0.00107293378096, 0.000567109033, 0.000676741590723, 0.000633636082057, 0.000544535811059, 0.000342834566254, 0.000235427389271, 0.000336796510965, 0.000283373577986, 0.000139898242196, 0.00013149996812, 8.84632390807e-05, 8.11107820482e-05, 6.71580783091e-05, 8.21698486106e-05, 2.80681178992e-05, 1.61820134963e-05, 1.17599583973e-05, 1.513090956e-05, 1.55008292495e-05, 1.51842832565e-05, 1.22513201859e-05, 9.35433217819e-06, 7.08419565854e-06, 7.70485166868e-06, 9.78432035481e-06, 8.70154872246e-06, 4.0188310777e-06, 2.52520794675e-06, 1.93214987121e-06, 1.93256937564e-06, 1.53893518018e-06, 1.61118248343e-06, 1.83287750133e-06, 1.15688328606e-06, 4.18604344077e-07, 8.65955840368e-08, 5.86812243242e-09],
        "median": [0.000118127805763, 0.000664650928229, 0.000533118261956, 0.000259145192103, 0.000277197454125, 0.000256935076322, 0.000212896935409, 0.000125953753013, 9.04162152437e-05, 0.000113841058919, 8.5376908828e-05, 4.11843175243e-05, 3.44545078406e-05, 2.0153082005e-05, 2.07475241041e-05, 1.80652896233e-05, 2.95123954857e-05, 1.22245255625e-05, 6.81944720782e-06, 5.24506776856e-06, 7.77889454184e-06, 6.64355138724e-06, 5.1069687288e-06, 5.21123365615e-06, 4.70094846605e-06, 3.48679259332e-06, 3.46552883457e-06, 3.3813716982e-06, 2.83835061055e-06, 1.92517541109e-06, 1.19038440971e-06, 7.29485350348e-07, 6.7794064762e-07, 5.04880176777e-07, 4.27462083508e-07, 4.55984690007e-07, 2.37346355902e-07, 5.69263569616e-08, 1.13860361139e-08, 6.57066734355e-10],
        "min": [7.26058663037e-24, 8.80211471362e-24, 1.87526957316e-23, 1.98374520514e-23, 1.09072618255e-23, 1.09891787197e-23, 7.09185243819e-24, 8.90506973922e-24, 8.23106540408e-24, 2.37167007964e-23, 1.69247709078e-23, 6.25597068985e-24, 9.26996050638e-24, 8.04674726471e-24, 4.26030563866e-24, 8.42456036236e-24, 6.5751126521e-24, 1.20525135217e-23, 7.73847383359e-24, 1.35049168887e-23, 1.36424642539e-23, 6.01690126493e-24, 6.3387103659e-24, 5.68477938535e-24, 6.14879407512e-24, 8.16710692847e-24, 1.27242064944e-23, 7.33668330873e-24, 8.22052701125e-24, 1.19136140489e-23, 1.08184534426e-23, 1.23333385376e-23, 1.09636488142e-23, 6.15907372157e-24, 8.99387496677e-24, 7.93469746174e-24, 8.41116234874e-24, 1.19984639279e-23, 9.98834773377e-24, 1.22445814306e-23],
        "var": [2.25049163305e-07, 8.57279428601e-06, 2.57623855759e-06, 9.27997291456e-07, 1.38954419526e-06, 1.20175513985e-06, 9.51773245106e-07, 5.50205243144e-07, 2.18039104993e-07, 5.72745932459e-07, 4.04700102763e-07, 1.43217974369e-07, 1.19739695492e-07, 5.68230831277e-08, 3.0046287236e-08, 2.10069739381e-08, 2.2597159699e-08, 2.31085039992e-09, 9.5309893311e-10, 6.44206910039e-10, 6.23474105677e-10, 9.21694998102e-10, 9.49504919134e-10, 5.87277337871e-10, 2.07084807635e-10, 1.7653860318e-10, 2.16236431538e-10, 3.25283217029e-10, 3.57537777163e-10, 4.82734581475e-11, 1.86066197172e-11, 1.43359638397e-11, 1.75408576553e-11, 1.20267112241e-11, 2.34677711292e-11, 3.38437056158e-11, 1.40801380971e-11, 2.43346814054e-12, 9.4512254739e-14, 4.56896983287e-16]
    },
    "mfcc": {
        "mean": [-656.030273438, 141.476760864, -14.790438652, 34.3859291077, -23.5265483856, 12.4869728088, -12.6745004654, 8.73112297058, -15.0695133209, 10.8316144943, -11.264128685, 7.59541702271, -11.8815917969],
        "cov": [[5229.64550781, 168.4584198, -377.897338867, 76.7187652588, -330.473846436, 80.7180099487, -127.79750824, 144.653427124, -225.759536743, 132.359375, -171.755584717, 126.257774353, -217.969512939], [168.4584198, 783.123901367, -233.63067627, 132.363265991, -90.1693725586, -25.3018112183, 96.8622894287, -44.4044532776, -38.2466545105, 20.4297828674, 1.33422350883, -13.8776397705, -9.63191318512], [-377.897338867, -233.63067627, 890.623840332, 146.184326172, 168.357498169, 64.6158294678, -26.3961429596, 35.0275192261, 16.2992801666, -12.8219079971, 10.2216739655, 16.5732078552, 37.8106689453], [76.7187652588, 132.363265991, 146.184326172, 307.914123535, 44.6716537476, -8.0807056427, -11.3308734894, 20.268409729, 9.46881389618, -10.8223962784, -12.5665712357, 12.4379491806, 15.6717653275], [-330.473846436, -90.1693725586, 168.357498169, 44.6716537476, 207.62612915, 25.8674526215, -61.5874099731, 14.4825744629, 35.7902488708, -17.7526359558, 19.7174339294, 0.953200340271, 8.39046764374], [80.7180099487, -25.3018112183, 64.6158294678, -8.0807056427, 25.8674526215, 138.245101929, 33.749370575, 9.27723503113, 0.286358296871, 16.0606880188, 1.25762736797, -8.36771011353, 6.18467569351], [-127.79750824, 96.8622894287, -26.3961429596, -11.3308734894, -61.5874099731, 33.749370575, 257.916259766, -0.0605786107481, -18.6004314423, 58.4660758972, -31.7263584137, -4.24939203262, -9.37161064148], [144.653427124, -44.4044532776, 35.0275192261, 20.268409729, 14.4825744629, 9.27723503113, -0.0605786107481, 99.6416625977, 15.4995536804, 0.310316711664, -1.8879147768, 9.63247776031, 2.47489976883], [-225.759536743, -38.2466545105, 16.2992801666, 9.46881389618, 35.7902488708, 0.286358296871, -18.6004314423, 15.4995536804, 97.420501709, 1.46986627579, 14.6899595261, -18.2049045563, 11.3281927109], [132.359375, 20.4297828674, -12.8219079971, -10.8223962784, -17.7526359558, 16.0606880188, 58.4660758972, 0.310316711664, 1.46986627579, 115.265563965, -14.142873764, -7.48153114319, -15.784784317], [-171.755584717, 1.33422350883, 10.2216739655, -12.5665712357, 19.7174339294, 1.25762736797, -31.7263584137, -1.8879147768, 14.6899595261, -14.142873764, 97.3663864136, 19.391330719, 16.8536872864], [126.257774353, -13.8776397705, 16.5732078552, 12.4379491806, 0.953200340271, -8.36771011353, -4.24939203262, 9.63247776031, -18.2049045563, -7.48153114319, 19.391330719, 100.453666687, 5.55894851685], [-217.969512939, -9.63191318512, 37.8106689453, 15.6717653275, 8.39046764374, 6.18467569351, -9.37161064148, 2.47489976883, 11.3281927109, -15.784784317, 16.8536872864, 5.55894851685, 97.123626709]],
