{
"lowlevel": {
    "average_loudness": 0.759508430958,
    "barkbands_crest": {
        "dmean": 2.09688448906,
        "dmean2": 3.43026065826,
        "dvar": 3.58574414253,
        "dvar2": 9.08718299866,
        "max": 26.8567085266,
        "mean": 8.76575469971,
        "median": 8.00507164001,
        "min": 2.87274265289,
        "var": 12.1987342834
    },
    "barkbands_flatness_db": {
        "dmean": 0.0175701659173,
        "dmean2": 0.0286617483944,
        "dvar": 0.000251543329796,
        "dvar2": 0.000605365785304,
        "max": 0.483590066433,
        "mean": 0.203625619411,
        "median": 0.199727788568,
        "min": 0.0421552993357,
        "var": 0.00178575213067
    },
    "barkbands_kurtosis": {
        "dmean": 1.25633609295,
        "dmean2": 1.9567438364,
        "dvar": 44.7960662842,
        "dvar2": 109.515304565,
        "max": 524.52722168,
        "mean": 1.51331937313,
        "median": 0.546275854111,
        "min": -1.88964879513,
        "var": 47.5913124084
    },
    "barkbands_skewness": {
        "dmean": 0.337212055922,
        "dmean2": 0.5153465271,
        "dvar": 0.146681845188,
        "dvar2": 0.299268513918,
        "max": 22.7606086731,
        "mean": 0.906914710999,
        "median": 0.844023942947,
        "min": -2.02903032303,
        "var": 0.61940151453
    },
    "barkbands_spread": {
        "dmean": 3.30504536629,
        "dmean2": 4.9806189537,
        "dvar": 23.2074832916,
        "dvar2": 40.4604682922,
        "max": 111.573127747,
        "mean": 18.0410995483,
        "median": 14.9278287888,
        "min": 0.882616877556,
        "var": 137.331115723
    },
    "dissonance": {
        "dmean": 0.0208536162972,
        "dmean2": 0.0349326990545,
        "dvar": 0.000448197766673,
        "dvar2": 0.0012309019221,
        "max": 0.500000059605,
        "mean": 0.456320136786,
        "median": 0.466180026531,
        "min": 0.214627802372,
        "var": 0.00128873146605
    },
    "dynamic_complexity": 2.90187597275,
    "erbbands_crest": {
        "dmean": 2.53760361671,
        "dmean2": 4.02853345871,
        "dvar": 5.46215867996,
        "dvar2": 12.7960777283,
        "max": 31.860376358,
        "mean": 10.2686891556,
        "median": 9.1234292984,
        "min": 2.87114334106,
        "var": 21.5277633667
    },
    "erbbands_flatness_db": {
        "dmean": 0.0137595301494,
        "dmean2": 0.0209030359983,
        "dvar": 0.000190220191143,
        "dvar2": 0.000392249145079,
        "max": 0.428694576025,
        "mean": 0.25064650178,
        "median": 0.246200039983,
        "min": 0.0779530480504,
        "var": 0.00200906675309
    },
    "erbbands_kurtosis": {
        "dmean": 0.839886307716,
        "dmean2": 1.3084539175,
        "dvar": 1.20657682419,
        "dvar2": 2.65449213982,
        "max": 25.3765029907,
        "mean": 0.546005308628,
        "median": 0.00474214553833,
        "min": -1.77609968185,
        "var": 4.40384578705
    },
    "erbbands_skewness": {
        "dmean": 0.328589469194,
        "dmean2": 0.500554025173,
        "dvar": 0.0839444324374,
        "dvar2": 0.17615108192,
        "max": 4.27008152008,
        "mean": 0.322829186916,
        "median": 0.383779376745,
        "min": -3.18081736565,
        "var": 0.65520375967
    },
    "erbbands_spread": {
        "dmean": 4.56789302826,
        "dmean2": 6.9771490097,
        "dvar": 27.6170959473,
        "dvar2": 60.2385673523,
        "max": 101.550514221,
        "mean": 25.9703483582,
        "median": 23.6553192139,
        "min": 1.43058609962,
        "var": 167.627593994
    },
    "hfc": {
        "dmean": 4.31589698792,
        "dmean2": 6.28223371506,
        "dvar": 39.752571106,
        "dvar2": 79.2417373657,
        "max": 143.078948975,
        "mean": 18.5551719666,
        "median": 13.6683521271,
        "min": 1.14948128119e-16,
        "var": 273.128875732
    },
    "melbands_crest": {
        "dmean": 2.54351496696,
        "dmean2": 4.16196155548,
        "dvar": 5.56236696243,
        "dvar2": 14.100528717,
        "max": 39.939781189,
        "mean": 11.1890487671,
        "median": 10.4322929382,
        "min": 1.96688425541,
        "var": 16.8192329407
    },
    "melbands_flatness_db": {
        "dmean": 0.0184721015394,
        "dmean2": 0.0280717480928,
        "dvar": 0.000401712866733,
        "dvar2": 0.000823562731966,
        "max": 0.467272013426,
        "mean": 0.226041793823,
        "median": 0.216604948044,
        "min": 0.00658839847893,
        "var": 0.00391061790287
    },
    "melbands_kurtosis": {
        "dmean": 2.37359976768,
        "dmean2": 3.75087809563,
        "dvar": 200.72895813,
        "dvar2": 527.219970703,
        "max": 1046.14929199,
        "mean": 4.47594833374,
        "median": 2.76874923706,
        "min": -1.74957489967,
        "var": 174.390579224
    },
    "melbands_skewness": {
        "dmean": 0.400279343128,
        "dmean2": 0.619105100632,
        "dvar": 0.262978315353,
        "dvar2": 0.588928341866,
        "max": 31.4598731995,
        "mean": 1.53068363667,
        "median": 1.41622161865,
        "min": -2.1979341507,
        "var": 0.909838616848
    },
    "melbands_spread": {
        "dmean": 5.01397752762,
        "dmean2": 7.46832561493,
        "dvar": 53.2587356567,
        "dvar2": 94.0388793945,
        "max": 159.228240967,
        "mean": 23.6776943207,
        "median": 19.2971343994,
        "min": 0.886214971542,
        "var": 270.583374023
    },
    "pitch_salience": {
        "dmean": 0.0553965978324,
        "dmean2": 0.0898075550795,
        "dvar": 0.00237179663964,
        "dvar2": 0.0060054413043,
        "max": 0.870660185814,
        "mean": 0.596302509308,
        "median": 0.601027667522,
        "min": 0.00581231433898,
        "var": 0.0102644572034
    },
    "silence_rate_20dB": {
        "dmean": 0,
        "dmean2": 0,
        "dvar": 0,
        "dvar2": 0,
        "max": 1,
        "mean": 1,
        "median": 1,
        "min": 1,
        "var": 0
    },
    "silence_rate_30dB": {
        "dmean": 0.000482509058202,
        "dmean2": 0.000965134531725,
        "dvar": 0.000482279836433,
        "dvar2": 0.00120550091378,
        "max": 1,
        "mean": 0.999517560005,
        "median": 1,
        "min": 0,
        "var": 0.000482221716084
    },
    "silence_rate_60dB": {
        "dmean": 0.0178528353572,
        "dmean2": 0.03570997715,
        "dvar": 0.0175356343389,
        "dvar2": 0.0404722169042,
        "max": 1,
        "mean": 0.056326135993,
        "median": 0,
        "min": 0,
        "var": 0.0531547702849
    },
    "spectral_centroid": {
        "dmean": 180.147750854,
        "dmean2": 267.970550537,
        "dvar": 68414.8828125,
        "dvar2": 107474.148438,
        "max": 11364.4150391,
        "mean": 1309.05102539,
        "median": 1229.31896973,
        "min": 289.146362305,
        "var": 444419.875
    },
    "spectral_complexity": {
        "dmean": 2.64969849586,
        "dmean2": 4.20967531204,
        "dvar": 6.91750669479,
        "dvar2": 15.43846035,
        "max": 53,
        "mean": 18.7303104401,
        "median": 18,
        "min": 0,
        "var": 72.8868331909
    },
    "spectral_decrease": {
        "dmean": 1.33113620127e-09,
        "dmean2": 2.02758365653e-09,
        "dvar": 3.39681284275e-18,
        "dvar2": 7.59865729638e-18,
        "max": 2.6518806489e-29,
        "mean": -5.50230794261e-09,
        "median": -4.71537697777e-09,
        "min": -4.56690187889e-08,
        "var": 1.62386274505e-17
    },
    "spectral_energy": {
        "dmean": 0.00532504310831,
        "dmean2": 0.00809437595308,
        "dvar": 5.25925133843e-05,
        "dvar2": 0.000117289884656,
        "max": 0.175941616297,
        "mean": 0.0224499963224,
        "median": 0.019273776561,
        "min": 1.03260413221e-20,
        "var": 0.000264358648565
    },
    "spectral_energyband_high": {
        "dmean": 0.000180193179403,
        "dmean2": 0.000249167351285,
        "dvar": 4.90004254061e-07,
        "dvar2": 7.82689824064e-07,
        "max": 0.0190749242902,
        "mean": 0.000396720861318,
        "median": 0.000103141610452,
        "min": 7.69998925433e-21,
        "var": 1.5633345356e-06
    },
    "spectral_energyband_low": {
        "dmean": 0.00178669381421,
        "dmean2": 0.0029241561424,
        "dvar": 2.19268895307e-05,
        "dvar2": 5.41928129678e-05,
        "max": 0.0928888320923,
        "mean": 0.00461114849895,
        "median": 0.00257422798313,
        "min": 4.05386657733e-23,
        "var": 4.46236190328e-05
    },
    "spectral_energyband_middle_high": {
        "dmean": 0.00166197563522,
        "dmean2": 0.00252674426883,
        "dvar": 6.33801482763e-06,
        "dvar2": 1.53784876602e-05,
        "max": 0.0739417299628,
        "mean": 0.00642801541835,
        "median": 0.00400534225628,
        "min": 1.34344693379e-21,
        "var": 5.24663118995e-05
    },
    "spectral_energyband_middle_low": {
        "dmean": 0.00363957835361,
        "dmean2": 0.00553955836222,
        "dvar": 2.46589115704e-05,
        "dvar2": 5.59264517506e-05,
        "max": 0.109419845045,
        "mean": 0.0115573387593,
        "median": 0.00904318131506,
        "min": 2.56801361465e-22,
        "var": 9.81766352197e-05
    },
    "spectral_entropy": {
        "dmean": 0.126583725214,
        "dmean2": 0.187712341547,
        "dvar": 0.0183164700866,
        "dvar2": 0.0339514799416,
        "max": 9.80461502075,
        "mean": 7.18725538254,
        "median": 7.23640012741,
        "min": 5.47886514664,
        "var": 0.197098299861
    },
    "spectral_flux": {
        "dmean": 0.0168033707887,
        "dmean2": 0.0269974116236,
        "dvar": 0.00034903283813,
        "dvar2": 0.000790489139035,
        "max": 0.324554681778,
        "mean": 0.0707008689642,
        "median": 0.0655304715037,
        "min": 6.70038746708e-11,
        "var": 0.00138928380329
    },
    "spectral_kurtosis": {
        "dmean": 4.11104869843,
        "dmean2": 7.23180913925,
        "dvar": 21.4885902405,
        "dvar2": 64.8676223755,
        "max": 62.9013290405,
        "mean": 6.71570682526,
        "median": 4.8194065094,
        "min": -1.25540733337,
        "var": 47.9171028137
    },
    "spectral_rms": {
        "dmean": 0.000526790216099,
        "dmean2": 0.000786649936344,
        "dvar": 3.35887506253e-07,
        "dvar2": 7.1252526368e-07,
        "max": 0.0131015405059,
        "mean": 0.00436304556206,
        "median": 0.00433632172644,
        "min": 3.1739860306e-12,
        "var": 2.86623094325e-06
    },
    "spectral_rolloff": {
        "dmean": 278.290100098,
        "dmean2": 450.229248047,
        "dvar": 320066.375,
        "dvar2": 540902.3125,
        "max": 18647.7539062,
        "mean": 1504.79724121,
        "median": 1313.52539062,
        "min": 21.533203125,
        "var": 1238729.125
    },
    "spectral_skewness": {
        "dmean": 0.379513353109,
        "dmean2": 0.645231604576,
        "dvar": 0.131639763713,
        "dvar2": 0.376288473606,
        "max": 5.68327665329,
        "mean": 1.49612629414,
        "median": 1.35194003582,
        "min": -0.458435505629,
        "var": 0.604291558266
    },
    "spectral_spread": {
        "dmean": 261599.234375,
        "dmean2": 413273.625,
        "dvar": 426748608512,
        "dvar2": 721986846720,
        "max": 42133632,
        "mean": 2619870.25,
        "median": 2453500.75,
        "min": 925861.9375,
        "var": 1.141243904e+12
    },
    "spectral_strongpeak": {
        "dmean": 0.625276625156,
        "dmean2": 1.05831491947,
        "dvar": 0.806128740311,
        "dvar2": 2.1522603035,
        "max": 10.7089748383,
        "mean": 1.14015853405,
        "median": 0.798742651939,
        "min": 0,
        "var": 1.34590339661
    },
    "zerocrossingrate": {
        "dmean": 0.00609627086669,
        "dmean2": 0.00714225461707,
        "dvar": 0.000109318854811,
        "dvar2": 0.000115517213999,
        "max": 0.62158203125,
        "mean": 0.0511800721288,
        "median": 0.0458984375,
        "min": 0,
        "var": 0.000854266108945
    },
    "barkbands": {
        "dmean": [0.000142195538501, 0.00140182068571, 0.000480479066027, 0.000490168400574, 0.00126584758982, 0.00107513740659, 0.000989175285213, 0.00107610446867, 0.000891322561074, 0.00060640333686, 0.000480835995404, 0.000335418531904, 0.000315491168294, 0.000360307749361, 0.000310592964524, 0.000288042239845, 0.000306505477056, 9.25619387999e-05, 0.000171387917362, 0.000106159903225, 6.76537383697e-05, 5.63262292417e-05, 3.53922878276e-05, 2.26481970458e-05, 2.51105262805e-07, 1.17827425594e-09, 1.00832486805e-09],
        "dmean2": [0.000239488697844, 0.00230619497597, 0.000823546433821, 0.000816863321234, 0.00199018535204, 0.00172096386086, 0.00152520800475, 0.00166079122573, 0.00134813168552, 0.000948794011492, 0.000789499725215, 0.000537418411113, 0.000506119453348, 0.000564488989767, 0.000494451145642, 0.000449523649877, 0.000487109035021, 0.00015523842012, 0.000262499117525, 0.000168462051079, 9.83407808235e-05, 8.07268006611e-05, 5.03212722833e-05, 3.21788502333e-05, 3.99131579343e-07, 2.2020076873e-09, 1.89501059289e-09],
        "dvar": [1.30921804953e-07, 1.41216996781e-05, 2.93328957923e-06, 2.31892545344e-06, 5.67241841054e-06, 3.76130765289e-06, 3.69157010027e-06, 5.78801700613e-06, 3.15120178129e-06, 1.33444598305e-06, 1.51906124302e-06, 8.22706510917e-07, 5.56389807116e-07, 6.88767215706e-07, 4.12935833083e-07, 3.60408847655e-07, 4.07801366009e-07, 8.38210922893e-08, 1.39564761525e-07, 6.38037960243e-08, 7.81993918508e-08, 6.0721419004e-08, 2.52429348535e-08, 1.61769371232e-08, 2.09773626421e-12, 1.95372291805e-16, 5.52194509513e-17],
        "dvar2": [3.37224349778e-07, 3.61578750017e-05, 8.13535189081e-06, 5.82046550335e-06, 1.39565972859e-05, 9.9240196505e-06, 8.14332088339e-06, 1.32392387968e-05, 6.90023716743e-06, 3.37484107149e-06, 3.93989648728e-06, 2.01964985536e-06, 1.36322807975e-06, 1.73044850271e-06, 9.95443087959e-07, 8.37977154333e-07, 1.00470833786e-06, 2.39124318568e-07, 3.09339156956e-07, 1.52180277269e-07, 1.43150273857e-07, 1.20108481383e-07, 4.98433365692e-08, 3.19457349462e-08, 4.8036574718e-12, 5.86356334275e-16, 1.66118579603e-16],
        "max": [0.00838793255389, 0.0840639472008, 0.0320874936879, 0.0696986615658, 0.0665990710258, 0.0300262644887, 0.0440876595676, 0.0673478841782, 0.0449442975223, 0.0231087319553, 0.0337000750005, 0.0358897745609, 0.0152022661641, 0.0211184527725, 0.0151705723256, 0.014073645696, 0.0150402225554, 0.01324193459, 0.0123021285981, 0.0065350709483, 0.0090955812484, 0.0103667192161, 0.00580405630171, 0.00450162356719, 3.51087801391e-05, 8.94872130175e-07, 4.71538811553e-07],
        "mean": [0.000240963156102, 0.00323180970736, 0.000824772345368, 0.000768092519138, 0.00260407174937, 0.00206148647703, 0.00185602717102, 0.00196155463345, 0.00183699512854, 0.00115705421194, 0.00084220332792, 0.000618064252194, 0.000554815924261, 0.000694663904142, 0.00060814502649, 0.000701708951965, 0.000736732210498, 0.000201710412512, 0.000402432837291, 0.000230063989875, 0.000118832613225, 0.000102138779766, 5.94052835368e-05, 3.59376281267e-05, 3.0621362157e-07, 9.41774214169e-10, 7.74173836149e-10],
        "median": [4.23864330514e-05, 0.00171137566213, 0.000249648001045, 0.000354475865606, 0.00150757911615, 0.000989128486253, 0.000770224083681, 0.000634952215478, 0.000726526021026, 0.000455309258541, 0.000199544243515, 0.000214968778891, 0.000146132355439, 0.000218035042053, 0.000217385269934, 0.000188156176591, 0.000214347470319, 8.82901149453e-05, 0.000134994232212, 6.50990841677e-05, 2.58522923104e-05, 2.37006352108e-05, 1.05391463876e-05, 4.21931190431e-06, 2.45456508452e-08, 2.83363804643e-10, 2.47596110281e-10],
        "min": [2.08159882504e-24, 1.21846958438e-23, 1.43514656142e-23, 5.16603865357e-24, 3.72163275839e-23, 3.42513938716e-23, 4.49033826748e-23, 1.75769506171e-23, 3.60878652144e-23, 2.74139009548e-23, 1.13959035695e-23, 5.20944809146e-23, 7.40579967249e-23, 1.05113046115e-22, 9.89046792369e-23, 1.55858492841e-22, 1.28322400487e-22, 1.07676244523e-22, 2.21185945046e-22, 2.31945906819e-22, 2.87906891642e-22, 5.53866940838e-22, 4.86908225255e-22, 7.56176820196e-22, 1.04187467411e-21, 1.59766229562e-21, 2.43706250243e-21],
        "var": [2.47076741289e-07, 2.37710955844e-05, 3.15321199196e-06, 2.62912408289e-06, 1.27281109599e-05, 8.34790262161e-06, 9.84796042758e-06, 1.38138639159e-05, 1.1122988326e-05, 3.79340190193e-06, 3.81406289307e-06, 1.92050288206e-06, 1.31095885081e-06, 1.9499825612e-06, 1.23157633425e-06, 1.6809567569e-06, 1.59944420375e-06, 3.04124625927e-07, 4.84820361635e-07, 1.91547613326e-07, 2.00560776875e-07, 1.35565656478e-07, 5.73300837914e-08, 3.53364661976e-08, 2.96461596591e-12, 9.90846767076e-17, 2.8359867449e-17]
    },
    "erbbands": {
        "dmean": [0.051407083869, 0.298737823963, 0.547741234303, 1.05230545998, 3.11628437042, 4.73230886459, 5.24119949341, 10.1150598526, 13.6642856598, 17.8432273865, 23.0569248199, 20.2116718292, 20.1053218842, 16.1415214539, 17.6008682251, 13.1460132599, 13.8925533295, 17.4191856384, 15.635890007, 13.3971939087, 15.7889156342, 17.2880001068, 5.34084939957, 6.19957590103, 8.49879741669, 4.50598478317, 2.67725634575, 2.64440488815, 2.20671677589, 1.20943748951, 1.0618789196, 0.796584784985, 0.187099814415, 0.0117867458612, 0.000429813488154, 4.06909857702e-05, 8.98272992345e-06, 2.63252513832e-06, 3.17760895996e-06, 6.29372743788e-06],
        "dmean2": [0.0840960890055, 0.499819278717, 0.942521393299, 1.77314448357, 5.03926992416, 7.48428869247, 8.10092544556, 16.1432285309, 21.1428470612, 27.5362567902, 35.544254303, 30.0938510895, 31.5525913239, 25.5935306549, 28.7998867035, 20.7693691254, 22.1185913086, 27.6076068878, 25.131685257, 20.9500045776, 24.3331699371, 26.899553299, 8.76963806152, 9.68782806396, 13.0289011002, 7.09272575378, 4.04689645767, 3.82949709892, 3.1721162796, 1.74171757698, 1.53945493698, 1.13842356205, 0.262719362974, 0.0170116554946, 0.000612415198702, 5.73231591261e-05, 1.29634545374e-05, 3.82769940188e-06, 4.69967426397e-06, 9.51272249949e-06],
        "dvar": [0.0225814376026, 0.620351791382, 3.36402773857, 10.4669504166, 45.078338623, 98.1030273438, 132.385238647, 376.241882324, 828.016479492, 1603.63708496, 2604.03710938, 1954.07128906, 1241.20385742, 1355.20288086, 2112.20166016, 1324.07519531, 1132.83361816, 1665.74926758, 1100.5859375, 734.31640625, 1150.61340332, 1434.06201172, 247.786575317, 288.928222656, 297.321960449, 124.491348267, 106.648254395, 136.619125366, 89.0563812256, 26.9090003967, 24.3376045227, 19.357011795, 1.13515341282, 0.00429080892354, 5.13073928232e-06, 3.89733791906e-08, 1.68741121076e-09, 1.35258498846e-10, 2.39908787281e-11, 7.03295408022e-11],
        "dvar2": [0.0609953589737, 1.60277938843, 9.42903518677, 25.3985805511, 111.3514328, 238.472900391, 322.374481201, 982.500671387, 1842.79528809, 3499.85864258, 6112.07226562, 4016.17382812, 3092.34912109, 3696.26220703, 5413.07275391, 3173.36694336, 2839.64111328, 4336.81933594, 2729.84741211, 1639.2746582, 2720.94238281, 3410.64013672, 712.841796875, 651.728759766, 656.663269043, 285.778625488, 204.087158203, 266.055206299, 177.586685181, 50.8123168945, 49.5993881226, 38.5546760559, 2.21708893776, 0.00865158904344, 1.00069573818e-05, 7.46322044165e-08, 3.75954600784e-09, 3.13788189876e-10, 5.09653465264e-11, 1.55444115912e-10],
        "max": [3.30211186409, 15.3603487015, 34.7767066956, 131.25592041, 176.930038452, 271.451293945, 279.193603516, 290.457366943, 764.884521484, 1430.93225098, 1056.03625488, 1370.04638672, 827.887634277, 946.773620605, 1391.41503906, 1719.74621582, 689.915283203, 983.897888184, 930.638244629, 906.95324707, 675.558776855, 849.265197754, 650.264709473, 975.07623291, 297.248168945, 427.517974854, 359.759521484, 342.538116455, 396.970306396, 165.445083618, 187.197494507, 151.782577515, 29.6985969543, 1.63924062252, 0.0589519441128, 0.00563334533945, 0.00165487208869, 0.000525849463884, 0.000118555159133, 0.000193466388737],
        "mean": [0.093572460115, 0.70511841774, 1.09096801281, 1.87905323505, 5.67056941986, 9.04169750214, 10.6314840317, 18.6215667725, 26.0028324127, 33.8842163086, 44.9280586243, 43.4604225159, 41.2590904236, 32.3070983887, 33.7403869629, 26.3361339569, 26.9334964752, 36.4858016968, 32.2382202148, 31.0832080841, 42.7799530029, 41.878993988, 13.4721031189, 14.6979370117, 21.6699810028, 10.5614318848, 5.13308238983, 4.67353487015, 3.98191332817, 2.17485666275, 1.7388484478, 1.2848007679, 0.291889458895, 0.0179520826787, 0.00070613832213, 8.22746224003e-05, 2.2758194973e-05, 6.90767546985e-06, 1.32779678097e-05, 2.70476175501e-05],
        "median": [0.0385209955275, 0.363359898329, 0.466281056404, 0.905120193958, 2.84568858147, 4.30224370956, 4.85335969925, 8.41041374207, 11.1239938736, 14.3671693802, 15.873301506, 18.4803218842, 19.4390773773, 11.5234146118, 9.85648441315, 10.1302909851, 7.76929140091, 12.2289218903, 11.1127290726, 12.0164232254, 11.3729047775, 12.0025682449, 6.21945285797, 5.40888738632, 6.95234680176, 3.43073701859, 1.40758812428, 0.910540282726, 0.921841025352, 0.506381094456, 0.290050148964, 0.164385408163, 0.0298183262348, 0.00201093126088, 0.000113424604933, 2.61579480139e-05, 1.14617096187e-05, 3.52184429175e-06, 1.08064414235e-05, 2.32730708376e-05],
        "min": [5.59164955921e-22, 2.22980549332e-21, 1.6818867909e-20, 2.77118591461e-20, 9.00545587526e-20, 7.45354484643e-20, 1.79334178518e-19, 3.52423505303e-19, 6.18143076172e-19, 6.01876724522e-19, 6.96340853873e-19, 7.86380445827e-19, 1.19301612771e-18, 5.41207731181e-19, 4.95994917778e-19, 2.60768626069e-18, 3.37522425594e-18, 3.89080903368e-18, 3.48154322764e-18, 5.93718852186e-18, 8.2390869964e-18, 7.64259878488e-18, 5.87397165714e-18, 9.21560348802e-18, 1.40022437484e-17, 1.23069015142e-17, 1.00514066313e-17, 1.2754091897e-17, 1.88739553989e-17, 1.38633096656e-17, 1.41234803021e-17, 1.34847570757e-17, 1.4983225361e-17, 1.16701014827e-17, 7.76814246799e-18, 5.27129282592e-18, 3.08428622295e-18, 1.22361333177e-18, 3.65972956381e-19, 3.6409252928e-20],
        "var": [0.028123261407, 1.08439338207, 3.82406353951, 13.8296260834, 77.9096755981, 214.443984985, 321.869140625, 782.740478516, 2040.81481934, 4786.16064453, 6343.87744141, 7287.58691406, 3810.55810547, 3464.91088867, 5581.50341797, 3215.60400391, 2831.09277344, 5102.21777344, 3104.14477539, 2935.13769531, 6057.91015625, 5504.24267578, 1007.69396973, 973.816833496, 1249.08459473, 394.052276611, 261.776916504, 327.681976318, 200.918502808, 66.2062988281, 52.5530357361, 41.3812332153, 2.44154453278, 0.00868082698435, 1.10874871098e-05, 8.98961616258e-08, 3.1956426394e-09, 2.43890047047e-10, 1.086906537e-10, 3.77027881138e-10]
    },
    "gfcc": {
        "mean": [-62.935760498, 160.96144104, -179.475357056, 41.2343139648, -65.4003601074, -4.06494379044, -16.1290187836, -14.4683408737, 12.6225786209, -23.4874248505, 7.40167999268, -16.7048988342, 1.3005027771],
        "cov": [[5428.80566406, -159.905151367, -12.5454502106, 990.811218262, -141.935791016, 216.146697998, -144.367828369, 83.088760376, 34.4391975403, 46.8733673096, 252.664978027, 47.4848594666, 77.8863677979], [-159.905151367, 1519.41564941, 873.542297363, -23.1874065399, 425.954162598, -172.514556885, 24.7177448273, -77.2571640015, 41.8359184265, 34.7956581116, 64.9749221802, -33.8889694214, -62.4120941162], [-12.5454502106, 873.542297363, 1292.61730957, 420.977294922, 115.797050476, 23.1696796417, -82.0020599365, -51.4555091858, -3.39030241966, 105.288284302, 62.1372451782, -41.0827102661, 0.859407544136], [990.811218262, -23.1874065399, 420.977294922, 651.218505859, -3.20232057571, 4.1998257637, -116.923683167, 16.5404434204, 18.6926193237, 65.3232269287, 44.0382881165, 13.2996549606, 66.8587112427], [-141.935791016, 425.954162598, 115.797050476, -3.20232057571, 333.073974609, -76.3236694336, 26.0443878174, 14.7167358398, 26.7345180511, -2.19371914864, 11.3503274918, 22.2171840668, -4.93029308319], [216.146697998, -172.514556885, 23.1696796417, 4.1998257637, -76.3236694336, 320.66494751, 117.702301025, 6.27276277542, -34.8248138428, 18.1107883453, 47.8126029968, 9.50142765045, 14.4209346771], [-144.367828369, 24.7177448273, -82.0020599365, -116.923683167, 26.0443878174, 117.702301025, 212.412628174, 22.711435318, -15.3910636902, 12.803858757, 4.99875736237, 27.3650131226, -10.8723869324], [83.088760376, -77.2571640015, -51.4555091858, 16.5404434204, 14.7167358398, 6.27276277542, 22.711435318, 91.4186630249, 34.51927948, 3.64362239838, 11.0975723267, 2.06554222107, 7.46436309814], [34.4391975403, 41.8359184265, -3.39030241966, 18.6926193237, 26.7345180511, -34.8248138428, -15.3910636902, 34.51927948, 94.8237380981, 33.6553153992, -3.67106318474, 0.850334763527, -4.22538852692], [46.8733673096, 34.7956581116, 105.288284302, 65.3232269287, -2.19371914864, 18.1107883453, 12.803858757, 3.64362239838, 33.6553153992, 86.4432296753, 31.0456695557, -3.09557366371, 2.10555076599], [252.664978027, 64.9749221802, 62.1372451782, 44.0382881165, 11.3503274918, 47.8126029968, 4.99875736237, 11.0975723267, -3.67106318474, 31.0456695557, 104.279968262, 31.4104862213, -3.32932543755], [47.4848594666, -33.8889694214, -41.0827102661, 13.2996549606, 22.2171840668, 9.50142765045, 27.3650131226, 2.06554222107, 0.850334763527, -3.09557366371, 31.4104862213, 89.6853256226, 32.8365135193], [77.8863677979, -62.4120941162, 0.859407544136, 66.8587112427, -4.93029308319, 14.4209346771, -10.8723869324, 7.46436309814, -4.22538852692, 2.10555076599, -3.32932543755, 32.8365135193, 79.9451217651]],
        "icov": [[0.000481467985082, -0.00094272417482, 0.00102518091444, -0.00129134603776, 0.000814209750388, -0.000881296233274, 0.000741703028325, -0.000896651414223, 0.000537488376722, -0.00024727411801, -2.91236210614e-05, -0.000440364965471, 0.000472258398077], [-0.00094272417482, 0.00711414357647, -0.00589566957206, 0.00435046618804, -0.00561524834484, 0.00561836315319, -0.00645727198571, 0.00837133731693, -0.00715803727508, 0.00657897302881, -0.0073481593281, 0.00664064567536, -0.00370733393356], [0.00102518091444, -0.00589566957206, 0.00627867644653, -0.0048030228354, 0.00409475853667, -0.00496638007462, 0.00549742951989, -0.00604357989505, 0.00606318749487, -0.00608073268086, 0.00518056889996, -0.00452113663778, 0.00336152990349], [-0.00129134603776, 0.00435046618804, -0.0048030228354, 0.00669014826417, -0.00347344274633, 0.00338126602583, -0.00210241507739, 0.00339695299044, -0.00302872480825, 0.00129645422567, -0.00230748858303, 0.00239730509929, -0.00359116657637], [0.000814209750388, -0.00561524834484, 0.00409475853667, -0.00347344274633, 0.00832795538008, -0.00293146213517, 0.00339015899226, -0.00653361855075, 0.00402870215476, -0.00333398464136, 0.00436175614595, -0.00539280194789, 0.00249474775046], [-0.000881296233274, 0.00561836315319, -0.00496638007462, 0.00338126602583, -0.00293146213517, 0.00989821925759, -0.00902484357357, 0.00737839890644, -0.00559193687513, 0.00635096943006, -0.00888931844383, 0.00739400926977, -0.00528218178079], [0.000741703028325, -0.00645727198571, 0.00549742951989, -0.00210241507739, 0.00339015899226, -0.00902484357357, 0.0159228723496, -0.0119768129662, 0.0109828338027, -0.0119152609259, 0.0118397660553, -0.0118002481759, 0.0072904038243], [-0.000896651414223, 0.00837133731693, -0.00604357989505, 0.00339695299044, -0.00653361855075, 0.00737839890644, -0.0119768129662, 0.0264117959887, -0.0170821547508, 0.0134230656549, -0.0145885944366, 0.0130690028891, -0.00842758826911], [0.000537488376722, -0.00715803727508, 0.00606318749487, -0.00302872480825, 0.00402870215476, -0.00559193687513, 0.0109828338027, -0.0170821547508, 0.0267019942403, -0.0184002388269, 0.0145678874105, -0.0121109392494, 0.00817869324237], [-0.00024727411801, 0.00657897302881, -0.00608073268086, 0.00129645422567, -0.00333398464136, 0.00635096943006, -0.0119152609259, 0.0134230656549, -0.0184002388269, 0.0293684639037, -0.0174706764519, 0.0132795469835, -0.00779481744394], [-2.91236210614e-05, -0.0073481593281, 0.00518056889996, -0.00230748858303, 0.00436175614595, -0.00888931844383, 0.0118397660553, -0.0145885944366, 0.0145678874105, -0.0174706764519, 0.0282076280564, -0.0180458649993, 0.0108275767416], [-0.000440364965471, 0.00664064567536, -0.00452113663778, 0.00239730509929, -0.00539280194789, 0.00739400926977, -0.0118002481759, 0.0130690028891, -0.0121109392494, 0.0132795469835, -0.0180458649993, 0.0272529684007, -0.0137696042657], [0.000472258398077, -0.00370733393356, 0.00336152990349, -0.00359116657637, 0.00249474775046, -0.00528218178079, 0.0072904038243, -0.00842758826911, 0.00817869324237, -0.00779481744394, 0.0108275767416, -0.0137696042657, 0.0217506233603]]
    },
    "melbands": {
        "dmean": [0.000412374734879, 0.000311051931931, 0.000229849800235, 0.000279780011624, 0.000189121958101, 0.000225481344387, 0.000206003634958, 0.000199044836336, 0.000188868260011, 0.000123976860777, 0.000101356141386, 6.73623144394e-05, 6.76769705024e-05, 3.96184732381e-05, 3.33031821356e-05, 3.06110196107e-05, 3.50191730831e-05, 2.67105151579e-05, 2.09676290979e-05, 1.89373586181e-05, 2.09584741242e-05, 2.1680507416e-05, 8.57502527651e-06, 4.27077793574e-06, 5.55156293558e-06, 7.32699027139e-06, 5.42161569683e-06, 2.80674316855e-06, 1.81083362349e-06, 1.72861200554e-06, 1.61594141446e-06, 1.35575919558e-06, 1.08194888071e-06, 5.74061118641e-07, 5.65819846088e-07, 7.2485892133e-07, 4.45847035735e-07, 1.64998454011e-07, 2.8488457815e-08, 2.2301116509e-09],
        "dmean2": [0.000673176080454, 0.000523069233168, 0.000377381860744, 0.00044865347445, 0.000291884469334, 0.00035922502866, 0.000317655183608, 0.0003066524514, 0.000288414681563, 0.000185811048141, 0.000159290997544, 0.000106762621726, 0.000111056106107, 6.39467907604e-05, 5.29674252903e-05, 4.92522121931e-05, 5.52632409381e-05, 4.29099891335e-05, 3.29947506543e-05, 2.97443948511e-05, 3.24990360241e-05, 3.42133098457e-05, 1.39056382977e-05, 7.0822784437e-06, 8.80327115738e-06, 1.12934412755e-05, 8.50143442221e-06, 4.50465313406e-06, 2.79493656308e-06, 2.59991793428e-06, 2.36722939917e-06, 1.97178792405e-06, 1.6209074829e-06, 8.52389121064e-07, 8.31036970794e-07, 1.07275570826e-06, 6.34006084965e-07, 2.3890072498e-07, 4.38858691609e-08, 3.65284802406e-09],
        "dvar": [1.32731668145e-06, 8.23806715289e-07, 3.78582171834e-07, 2.6589771096e-07, 1.68802529288e-07, 1.77904567522e-07, 1.67820900288e-07, 2.02856384135e-07, 1.74464645397e-07, 6.65350157192e-08, 3.19994981623e-08, 2.44385187642e-08, 2.97940125904e-08, 1.23517338579e-08, 6.74821132307e-09, 5.28280308387e-09, 7.00552416077e-09, 3.37163585939e-09, 2.27881225001e-09, 1.63478552917e-09, 2.23484386552e-09, 2.28048047113e-09, 5.04598973716e-10, 1.7191015278e-10, 2.61857618922e-10, 2.56180410219e-10, 1.37335892658e-10, 5.96547256038e-11, 4.51308851401e-11, 5.5298154944e-11, 5.17101465813e-11, 3.28565126495e-11, 2.38664140534e-11, 6.67566262685e-12, 6.27308188034e-12, 1.38279544065e-11, 6.89277020877e-12, 9.41854016653e-13, 2.88286714921e-14, 1.84286973101e-16],
        "dvar2": [3.46341016666e-06, 2.23451388592e-06, 9.32372813622e-07, 6.65746085815e-07, 4.05123557812e-07, 4.64596865868e-07, 3.72487846789e-07, 4.38975661154e-07, 4.02089455065e-07, 1.37917837151e-07, 7.97906167804e-08, 6.58300507439e-08, 7.59382743354e-08, 3.23164925931e-08, 1.56562620646e-08, 1.34851587674e-08, 1.80415309359e-08, 8.07765765387e-09, 5.3909952058e-09, 3.91104926223e-09, 5.30242827423e-09, 5.51521939229e-09, 1.362282398e-09, 4.830539857e-10, 6.00051675015e-10, 5.37956790225e-10, 3.51766199502e-10, 1.38602102018e-10, 9.24321938434e-11, 1.16703785524e-10, 1.02676117608e-10, 6.7183002217e-11, 5.19332146731e-11, 1.41155385991e-11, 1.28902687135e-11, 2.94073411455e-11, 1.39316648495e-11, 1.96057688313e-12, 6.52159871787e-14, 4.79284275841e-16],
        "max": [0.0266233049333, 0.0169802438468, 0.0245581492782, 0.00908661447465, 0.0130808586255, 0.00730934832245, 0.0104409856722, 0.0171589851379, 0.00765407225117, 0.00818906817585, 0.00409190636128, 0.00396141177043, 0.00460077822208, 0.00414530886337, 0.00208313716576, 0.00174572633114, 0.00227160635404, 0.00137827103026, 0.00103953224607, 0.00126956624445, 0.000927058339585, 0.00102572527248, 0.000792827224359, 0.000494514591992, 0.000983359175734, 0.000348620553268, 0.000270849239314, 0.000291402626317, 0.000259485183051, 0.000217741908273, 0.000248724420089, 0.000243902206421, 0.000144665507833, 9.76265291683e-05, 8.76950507518e-05, 0.000143530895002, 0.000102517522464, 2.98308877973e-05, 3.86844658351e-06, 4.26414430876e-07],
        "mean": [0.000891418079846, 0.000726865371689, 0.00043128116522, 0.000536086037755, 0.000392189744161, 0.000420888798544, 0.000398952222895, 0.000372413836885, 0.000369019602658, 0.000259636202827, 0.000201551112696, 0.00012830014748, 0.000122561250464, 7.24880737835e-05, 6.30755675957e-05, 5.8002613514e-05, 6.81271412759e-05, 5.07837612531e-05, 4.16597576987e-05, 4.2115276301e-05, 5.17820808454e-05, 4.94106498081e-05, 1.79802555067e-05, 8.89881539479e-06, 1.15530656331e-05, 1.71163865161e-05, 1.25552187455e-05, 5.67079132452e-06, 3.1835536447e-06, 2.78714651358e-06, 2.66445726993e-06, 2.32283309742e-06, 1.78381799287e-06, 9.64507535173e-07, 9.2593103318e-07, 1.05586127574e-06, 6.92510297995e-07, 2.43791504317e-07, 3.74009374582e-08, 2.54831578061e-09],
        "median": [0.000448199687526, 0.000376375799533, 0.000231911690207, 0.000308446004055, 0.000185956116184, 0.000189305093954, 0.000181344876182, 0.000155182788149, 0.000131562992465, 0.000105891398562, 8.83820175659e-05, 4.12633162341e-05, 3.2153504435e-05, 2.55548402492e-05, 1.95168740902e-05, 1.58387101692e-05, 2.15377531276e-05, 1.59422088473e-05, 1.51659260155e-05, 1.4385733266e-05, 1.22203655337e-05, 1.2615558262e-05, 7.23425409888e-06, 3.80947744816e-06, 3.7527065615e-06, 5.2016735026e-06, 3.42352768712e-06, 1.63555841937e-06, 7.83210055033e-07, 5.44925910617e-07, 4.58569303419e-07, 5.02299883465e-07, 4.14637469248e-07, 2.04285854011e-07, 1.52630917682e-07, 1.33174864914e-07, 7.86218379289e-08, 2.13869224552e-08, 3.28554050633e-09, 2.48327830521e-10],
        "min": [4.15345837335e-24, 6.61489964071e-24, 5.04100774997e-24, 8.84172736398e-24, 8.15623248089e-24, 7.29013814874e-24, 1.0042701039e-23, 5.69521759284e-24, 7.02050943564e-24, 5.25980976051e-24, 5.82496154593e-24, 1.89679218356e-24, 1.17749618841e-24, 4.31977312914e-24, 8.25738417046e-24, 6.53266010248e-24, 7.86928432661e-24, 4.19441721484e-24, 6.43793407941e-24, 9.26746770592e-24, 8.50484904757e-24, 7.89037610064e-24, 6.00173817504e-24, 5.2785878055e-24, 7.41006236128e-24, 8.92703083796e-24, 9.52172388656e-24, 7.17399257994e-24, 5.50189933941e-24, 7.10886580133e-24, 7.35540613346e-24, 9.30739511177e-24, 1.10380549636e-23, 7.27284316226e-24, 8.45935228372e-24, 6.59185859139e-24, 7.2638004497e-24, 1.1272462615e-23, 9.08036567642e-24, 8.81331417189e-24],
        "var": [2.03602371585e-06, 1.21045468404e-06, 5.26867381723e-07, 5.45919135675e-07, 4.08248354233e-07, 3.83004135074e-07, 4.35960657796e-07, 5.76773629746e-07, 4.40742923047e-07, 2.43674463718e-07, 9.7787513198e-08, 5.97935851943e-08, 7.68958585695e-08, 2.68531863412e-08, 1.92171274449e-08, 1.30639774554e-08, 1.98904999138e-08, 8.84708661886e-09, 6.40367980864e-09, 5.64701707617e-09, 9.92967663649e-09, 7.85570986039e-09, 1.66720637296e-09, 5.5375931618e-10, 7.55744855585e-10, 9.42225630851e-10, 5.13414699643e-10, 1.59373458875e-10, 9.78292932774e-11, 1.20088994304e-10, 1.15847643978e-10, 7.06516373183e-11, 4.47391325376e-11, 1.42970340428e-11, 1.39664122281e-11, 2.54042464148e-11, 1.4005617846e-11, 1.82080327378e-12, 4.45863913281e-14, 2.03004310122e-16]
    },
    "mfcc": {
        "mean": [-673.240356445, 158.611022949, -37.4101295471, 28.2650051117, -15.251748085, 6.41724538803, -17.9172019958, 11.0449876785, -7.39607334137, 13.4467611313, -6.08993625641, 3.48386478424, -3.00316023827],
        "cov": [[4668.70458984, -795.172729492, -190.887054443, 637.546020508, -97.0282897949, 359.735961914, -133.799545288, 320.210571289, -295.512023926, 206.439712524, -185.616516113, 200.150466919, 140.692901611], [-795.172729492, 1607.98425293, 435.43927002, 128.289459229, 387.497436523, -55.8490028381, 142.107879639, -95.8469772339, 11.376660347, -30.6758556366, 153.549911499, -35.4037666321, 56.9267959595], [-190.887054443, 435.43927002, 1158.67834473, 368.904296875, 220.20111084, 142.694564819, 62.3303413391, -128.064788818, -11.9486207962, 34.550075531, -2.05829143524, 89.5148468018, -5.26629924774], [637.546020508, 128.289459229, 368.904296875, 631.232299805, 237.582092285, 19.954914093, -81.3142166138, -47.1500587463, -15.7321109772, 27.0806045532, -85.8425750732, 69.3851318359, 115.984634399], [-97.0282897949, 387.497436523, 220.20111084, 237.582092285, 317.361907959, -22.462688446, -19.3208599091, -48.6324272156, -0.956305503845, 10.3705329895, -15.0789928436, 0.0204589292407, 55.0437965393], [359.735961914, -55.8490028381, 142.694564819, 19.954914093, -22.462688446, 218.564941406, 86.095451355, 48.5051193237, -11.2460794449, 22.0758609772, 9.69103527069, 32.0466156006, -16.5205135345], [-133.799545288, 142.107879639, 62.3303413391, -81.3142166138, -19.3208599091, 86.095451355, 197.943054199, 43.5854148865, 9.88436794281, -2.53641915321, 33.7226371765, 1.16216802597, -16.5429134369], [320.210571289, -95.8469772339, -128.064788818, -47.1500587463, -48.6324272156, 48.5051193237, 43.5854148865, 144.999694824, -8.8423166275, 4.86817979813, 1.17767190933, 6.3788561821, 14.0958690643], [-295.512023926, 11.376660347, -11.9486207962, -15.7321109772, -0.956305503845, -11.2460794449, 9.88436794281, -8.8423166275, 136.844329834, 0.978694856167, -0.535347521305, -5.89038848877, -9.54318332672], [206.439712524, -30.6758556366, 34.550075531, 27.0806045532, 10.3705329895, 22.0758609772, -2.53641915321, 4.86817979813, 0.978694856167, 106.972259521, 24.1239891052, 13.3159389496, -10.8628120422], [-185.616516113, 153.549911499, -2.05829143524, -85.8425750732, -15.0789928436, 9.69103527069, 33.7226371765, 1.17767190933, -0.535347521305, 24.1239891052, 140.478561401, 1.59912145138, -31.9872550964], [200.150466919, -35.4037666321, 89.5148468018, 69.3851318359, 0.0204589292407, 32.0466156006, 1.16216802597, 6.3788561821, -5.89038848877, 13.3159389496, 1.59912145138, 98.8498535156, 28.6728610992], [140.692901611, 56.9267959595, -5.26629924774, 115.984634399, 55.0437965393, -16.5205135345, -16.5429134369, 14.0958690643, -9.54318332672, -10.8628120422, -31.9872550964, 28.6728610992, 123.381141663]],
