{
"lowlevel": {
    "average_loudness": 0.870886445045,
    "barkbands_crest": {
        "dmean": 2.37089800835,
        "dmean2": 3.92529392242,
        "dvar": 4.45426702499,
        "dvar2": 11.6597223282,
        "max": 26.8591594696,
        "mean": 9.69458675385,
        "median": 8.9213218689,
        "min": 2.90456724167,
        "var": 16.0873146057
    },
    "barkbands_flatness_db": {
        "dmean": 0.0209719650447,
        "dmean2": 0.0339344255626,
        "dvar": 0.000368048553355,
        "dvar2": 0.00092044158373,
        "max": 0.475258171558,
        "mean": 0.198601722717,
        "median": 0.191699594259,
        "min": 0.0641945675015,
        "var": 0.00179314089473
    },
    "barkbands_kurtosis": {
        "dmean": 3.14742422104,
        "dmean2": 5.05168294907,
        "dvar": 129.626708984,
        "dvar2": 338.516571045,
        "max": 701.861022949,
        "mean": 6.0426697731,
        "median": 1.82075643539,
        "min": -1.92002689838,
        "var": 193.738494873
    },
    "barkbands_skewness": {
        "dmean": 0.475610733032,
        "dmean2": 0.738848686218,
        "dvar": 0.384436160326,
        "dvar2": 0.916883170605,
        "max": 26.2217731476,
        "mean": 1.48772644997,
        "median": 1.29257357121,
        "min": -8.71898174286,
        "var": 2.34550261497
    },
    "barkbands_spread": {
        "dmean": 3.85715532303,
        "dmean2": 6.02643680573,
        "dvar": 25.7646141052,
        "dvar2": 55.4700050354,
        "max": 126.567909241,
        "mean": 16.4363613129,
        "median": 14.8996772766,
        "min": 0.76924932003,
        "var": 108.710327148
    },
    "dissonance": {
        "dmean": 0.0214153174311,
        "dmean2": 0.036095239222,
        "dvar": 0.000402930134442,
        "dvar2": 0.00114998372737,
        "max": 0.500000119209,
        "mean": 0.458881884813,
        "median": 0.465623944998,
        "min": 0.286222994328,
        "var": 0.000887798902113
    },
    "dynamic_complexity": 3.34715247154,
    "erbbands_crest": {
        "dmean": 2.87945652008,
        "dmean2": 4.63555145264,
        "dvar": 6.68071937561,
        "dvar2": 16.1901912689,
        "max": 31.8385047913,
        "mean": 10.7278766632,
        "median": 9.57037734985,
        "min": 2.6136610508,
        "var": 23.7645988464
    },
    "erbbands_flatness_db": {
        "dmean": 0.016799248755,
        "dmean2": 0.0256687738001,
        "dvar": 0.000241472997004,
        "dvar2": 0.000532376696356,
        "max": 0.408488810062,
        "mean": 0.229245051742,
        "median": 0.228129312396,
        "min": 0.0709023550153,
        "var": 0.0014638104476
    },
    "erbbands_kurtosis": {
        "dmean": 1.21188044548,
        "dmean2": 1.91643428802,
        "dvar": 3.25278902054,
        "dvar2": 7.86898088455,
        "max": 32.4777946472,
        "mean": 1.18898582458,
        "median": 0.27233171463,
        "min": -1.876262784,
        "var": 10.2742767334
    },
    "erbbands_skewness": {
        "dmean": 0.375452309847,
        "dmean2": 0.574711203575,
        "dvar": 0.131136566401,
        "dvar2": 0.281302720308,
        "max": 4.84305238724,
        "mean": 0.587181568146,
        "median": 0.547770559788,
        "min": -5.10768556595,
        "var": 0.923518538475
    },
    "erbbands_spread": {
        "dmean": 6.99987459183,
        "dmean2": 10.8009538651,
        "dvar": 74.3084487915,
        "dvar2": 164.897476196,
        "max": 129.010070801,
        "mean": 32.3679580688,
        "median": 29.384021759,
        "min": 1.98510599136,
        "var": 283.715454102
    },
    "hfc": {
        "dmean": 5.03752279282,
        "dmean2": 7.3455119133,
        "dvar": 50.2205734253,
        "dvar2": 98.0314788818,
        "max": 156.978164673,
        "mean": 18.4169979095,
        "median": 14.762969017,
        "min": 1.24764445885e-16,
        "var": 251.163925171
    },
    "melbands_crest": {
        "dmean": 2.86758780479,
        "dmean2": 4.74247694016,
        "dvar": 6.88161039352,
        "dvar2": 17.9080276489,
        "max": 39.9277687073,
        "mean": 12.126871109,
        "median": 11.2200393677,
        "min": 2.57366538048,
        "var": 22.1954421997
    },
    "melbands_flatness_db": {
        "dmean": 0.0225948076695,
        "dmean2": 0.0347086563706,
        "dvar": 0.000533405225724,
        "dvar2": 0.00123325444292,
        "max": 0.45613232255,
        "mean": 0.222574114799,
        "median": 0.215418040752,
        "min": 0.00665749842301,
        "var": 0.0032000343781
    },
    "melbands_kurtosis": {
        "dmean": 5.78357553482,
        "dmean2": 9.26955032349,
        "dvar": 303.74331665,
        "dvar2": 765.299499512,
        "max": 1011.91137695,
        "mean": 12.4729909897,
        "median": 5.81032371521,
        "min": -1.9068826437,
        "var": 463.157226562
    },
    "melbands_skewness": {
        "dmean": 0.598575651646,
        "dmean2": 0.932103037834,
        "dvar": 0.564972341061,
        "dvar2": 1.32654345036,
        "max": 30.763885498,
        "mean": 2.22040867805,
        "median": 1.94693613052,
        "min": -5.42233705521,
        "var": 2.8064930439
    },
    "melbands_spread": {
        "dmean": 5.17772245407,
        "dmean2": 7.90390777588,
        "dvar": 73.8615341187,
        "dvar2": 134.825820923,
        "max": 229.684799194,
        "mean": 21.3036613464,
        "median": 18.1224803925,
        "min": 0.895063281059,
        "var": 353.736938477
    },
    "pitch_salience": {
        "dmean": 0.0628318414092,
        "dmean2": 0.102010034025,
        "dvar": 0.00297138933092,
        "dvar2": 0.00752239301801,
        "max": 0.886050462723,
        "mean": 0.58482593298,
        "median": 0.588535428047,
        "min": 0.00629120273516,
        "var": 0.01148779504
    },
    "silence_rate_20dB": {
        "dmean": 0,
        "dmean2": 0,
        "dvar": 0,
        "dvar2": 0,
        "max": 1,
        "mean": 1,
        "median": 1,
        "min": 1,
        "var": 0
    },
    "silence_rate_30dB": {
        "dmean": 0.000252270430792,
        "dmean2": 0.000504604540765,
        "dvar": 0.000252243946306,
        "dvar2": 0.000756800582167,
        "max": 1,
        "mean": 0.999873876572,
        "median": 1,
        "min": 0,
        "var": 0.000126092767459
    },
    "silence_rate_60dB": {
        "dmean": 0.0126135218889,
        "dmean2": 0.0252302251756,
        "dvar": 0.012455387041,
        "dvar2": 0.0291386339813,
        "max": 1,
        "mean": 0.0892924740911,
        "median": 0,
        "min": 0,
        "var": 0.0813357159495
    },
    "spectral_centroid": {
        "dmean": 195.539077759,
        "dmean2": 295.831329346,
        "dvar": 57115.3828125,
        "dvar2": 100191.46875,
        "max": 10893.5292969,
        "mean": 1209.25842285,
        "median": 1113.47937012,
        "min": 224.60748291,
        "var": 503021.90625
    },
    "spectral_complexity": {
        "dmean": 2.72477293015,
        "dmean2": 4.23312711716,
        "dvar": 8.21272277832,
        "dvar2": 17.8166065216,
        "max": 53,
        "mean": 16.6172275543,
        "median": 16,
        "min": 0,
        "var": 78.3611450195
    },
    "spectral_decrease": {
        "dmean": 1.67097813364e-09,
        "dmean2": 2.60658250539e-09,
        "dvar": 4.52538146778e-18,
        "dvar2": 1.11212001447e-17,
        "max": 1.26073974165e-28,
        "mean": -5.9924252227e-09,
        "median": -5.76941916464e-09,
        "min": -3.46096058479e-08,
        "var": 1.49582461608e-17
    },
    "spectral_energy": {
        "dmean": 0.00667389901355,
        "dmean2": 0.0103708887473,
        "dvar": 7.01716635376e-05,
        "dvar2": 0.000170257277205,
        "max": 0.134718194604,
        "mean": 0.0242872480303,
        "median": 0.023430865258,
        "min": 1.084066964e-20,
        "var": 0.000242929178057
    },
    "spectral_energyband_high": {
        "dmean": 0.000238119115238,
        "dmean2": 0.000351017719368,
        "dvar": 4.33570818359e-07,
        "dvar2": 8.48215563565e-07,
        "max": 0.0245146974921,
        "mean": 0.000492356717587,
        "median": 0.000204982148716,
        "min": 7.57681366007e-21,
        "var": 1.47483922319e-06
    },
    "spectral_energyband_low": {
        "dmean": 0.0020427913405,
        "dmean2": 0.00341270188801,
        "dvar": 2.47179723374e-05,
        "dvar2": 6.81272867951e-05,
        "max": 0.107737392187,
        "mean": 0.00452014897019,
        "median": 0.00291452533565,
        "min": 5.90220806794e-23,
        "var": 3.49479669239e-05
    },
    "spectral_energyband_middle_high": {
        "dmean": 0.0021240634378,
        "dmean2": 0.00317754340358,
        "dvar": 1.15558405014e-05,
        "dvar2": 2.45470546361e-05,
        "max": 0.0680379420519,
        "mean": 0.00642696814612,
        "median": 0.00335085741244,
        "min": 1.53067823551e-21,
        "var": 5.45387410966e-05
    },
    "spectral_energyband_middle_low": {
        "dmean": 0.00471294205636,
        "dmean2": 0.00739325210452,
        "dvar": 3.49833571818e-05,
        "dvar2": 8.60983054736e-05,
        "max": 0.0991454720497,
        "mean": 0.0139075946063,
        "median": 0.0119757344946,
        "min": 2.5640705723e-22,
        "var": 0.000111998982902
    },
    "spectral_entropy": {
        "dmean": 0.161249414086,
        "dmean2": 0.240382909775,
        "dvar": 0.0289115905762,
        "dvar2": 0.062033098191,
        "max": 9.78890132904,
        "mean": 7.24281311035,
        "median": 7.27154016495,
        "min": 5.63910579681,
        "var": 0.145183235407
    },
    "spectral_flux": {
        "dmean": 0.0197650678456,
        "dmean2": 0.0315154567361,
        "dvar": 0.000429730192991,
        "dvar2": 0.000973292568233,
        "max": 0.282880365849,
        "mean": 0.0757693126798,
        "median": 0.0736568942666,
        "min": 1.0411853324e-10,
        "var": 0.0014522166457
    },
    "spectral_kurtosis": {
        "dmean": 2.70914721489,
        "dmean2": 4.72856426239,
        "dvar": 7.03798246384,
        "dvar2": 20.3332004547,
        "max": 36.6768684387,
        "mean": 3.96068334579,
        "median": 3.12865114212,
        "min": -1.36759793758,
        "var": 12.1719007492
    },
    "spectral_rms": {
        "dmean": 0.000638614059426,
        "dmean2": 0.000977795571089,
        "dvar": 4.5089356604e-07,
        "dvar2": 1.03203205981e-06,
        "max": 0.0114643964916,
        "mean": 0.00454165181145,
        "median": 0.00478114839643,
        "min": 3.25211667491e-12,
        "var": 3.06827860186e-06
    },
    "spectral_rolloff": {
        "dmean": 285.234008789,
        "dmean2": 484.956787109,
        "dvar": 370862.8125,
        "dvar2": 725231.875,
        "max": 19702.8808594,
        "mean": 1270.65661621,
        "median": 990.52734375,
        "min": 21.533203125,
        "var": 1402151.625
    },
    "spectral_skewness": {
        "dmean": 0.308920383453,
        "dmean2": 0.515659451485,
        "dvar": 0.0782084241509,
        "dvar2": 0.208804965019,
        "max": 4.71591281891,
        "mean": 1.25553619862,
        "median": 1.21013116837,
        "min": -0.741079747677,
        "var": 0.282768815756
    },
    "spectral_spread": {
        "dmean": 345770.125,
        "dmean2": 522245.375,
        "dvar": 327988805632,
        "dvar2": 491810062336,
        "max": 40275472,
        "mean": 3223878.5,
        "median": 3012776,
        "min": 1354122.25,
        "var": 973456343040
    },
    "spectral_strongpeak": {
        "dmean": 0.714335858822,
        "dmean2": 1.18309867382,
        "dvar": 1.258882761,
        "dvar2": 3.11783623695,
        "max": 17.7945251465,
        "mean": 1.37408661842,
        "median": 0.825002670288,
        "min": 0,
        "var": 2.36625885963
    },
    "zerocrossingrate": {
        "dmean": 0.00666915345937,
        "dmean2": 0.00801958981901,
        "dvar": 0.000110955937998,
        "dvar2": 0.000112603178422,
        "max": 0.57763671875,
        "mean": 0.0509868115187,
        "median": 0.0458984375,
        "min": 0,
        "var": 0.0011599638965
    },
    "barkbands": {
        "dmean": [6.4327607106e-05, 0.000967140251305, 0.00101082958281, 0.000867431925144, 0.00214608665556, 0.00133668445051, 0.00118723651394, 0.000879613857251, 0.000750042090658, 0.000733932654839, 0.000679929216858, 0.000525073497556, 0.000262852467131, 0.000347882189089, 0.000306985661155, 0.000281079119304, 0.000202980110771, 0.000231549522141, 0.000152112537762, 0.000148077262565, 6.16224351688e-05, 6.05751556577e-05, 5.10680620209e-05, 3.15589204547e-05, 3.61136216043e-07, 1.05028685748e-09, 9.70533320377e-10],
        "dmean2": [0.000111055385787, 0.00162700400688, 0.00170884176623, 0.00146609230433, 0.00350588932633, 0.00212028971873, 0.0018405308947, 0.00141486036591, 0.00115794397425, 0.00113702390809, 0.00105854030699, 0.000819320848677, 0.00042542439769, 0.000539553875569, 0.000484468851937, 0.000440132862423, 0.000321578118019, 0.000352071743691, 0.000236229097936, 0.000231781392358, 9.5760980912e-05, 8.91443560249e-05, 7.80868067523e-05, 4.78284637211e-05, 6.07481752013e-07, 1.90513449461e-09, 1.79329784356e-09],
        "dvar": [1.68323399663e-08, 5.0380808716e-06, 7.55146356823e-06, 2.94607684737e-06, 1.1438232832e-05, 6.79855565977e-06, 5.18824708706e-06, 4.72604187962e-06, 3.44592308466e-06, 3.92691072193e-06, 2.99629323308e-06, 2.27672694564e-06, 6.48939533221e-07, 8.53682365687e-07, 6.28617726761e-07, 1.05227763925e-06, 2.29379224947e-07, 3.21383993196e-07, 1.05527696803e-07, 1.09985506924e-07, 2.85700920699e-08, 7.07246101683e-08, 6.19899225285e-08, 3.93735959392e-08, 2.94727523636e-12, 4.72380059003e-18, 1.96771936822e-18],
        "dvar2": [4.90471983028e-08, 1.40176662171e-05, 2.11182523344e-05, 8.23786103865e-06, 2.93351204164e-05, 1.73692933458e-05, 1.17768604468e-05, 1.16126057037e-05, 7.50087838242e-06, 8.63341119839e-06, 6.71513635098e-06, 5.45897455595e-06, 1.64947527992e-06, 1.87796263162e-06, 1.49016545947e-06, 2.41874886342e-06, 5.31212037913e-07, 6.33804177141e-07, 2.33489345192e-07, 2.52861070749e-07, 6.16699082912e-08, 1.4779325852e-07, 1.47997212707e-07, 8.70024763344e-08, 8.14385451436e-12, 1.38396034964e-17, 6.20143591804e-18],
        "max": [0.00199385266751, 0.0408050045371, 0.0577085316181, 0.0558190606534, 0.057580947876, 0.0628408417106, 0.0636854097247, 0.049332767725, 0.0442643202841, 0.0550120919943, 0.0346064530313, 0.0356184579432, 0.0220642630011, 0.0216064285487, 0.0185106247663, 0.0400412902236, 0.0119541855529, 0.0163453146815, 0.00872876122594, 0.00735969748348, 0.0059818807058, 0.0123335737735, 0.00974321831018, 0.0126468641683, 7.39342358429e-05, 1.21094160477e-07, 2.6401767883e-08],
        "mean": [9.76363080554e-05, 0.00197424576618, 0.00159311282914, 0.00150114460848, 0.00434530666098, 0.00288992049173, 0.00222614430822, 0.00135618459899, 0.00124185020104, 0.00125065632164, 0.00119582843035, 0.00092702213442, 0.000398415373638, 0.00055156997405, 0.000490445352625, 0.000461944902781, 0.000385980092688, 0.000433596142102, 0.000324664026266, 0.000300476240227, 0.000108687730972, 0.000105399893073, 8.29759155749e-05, 4.36945774709e-05, 3.6874192233e-07, 9.57234624899e-10, 7.94083687694e-10],
        "median": [1.8488663045e-05, 0.00114216119982, 0.000623434840236, 0.000721779710148, 0.00269366940483, 0.0015966364881, 0.00107576441951, 0.00036658969475, 0.000319586863043, 0.000239051209064, 0.000166355312103, 0.000157714792294, 0.000105025166704, 0.00012490642257, 0.000138514966238, 0.000100051242043, 0.000117961113574, 0.000130554486532, 0.000115456037747, 0.000117514682643, 4.55010595033e-05, 2.64244245045e-05, 2.12425056816e-05, 1.13678752314e-05, 6.15380812974e-08, 4.03798994242e-10, 3.00378083518e-10],
        "min": [4.66545749983e-23, 4.84203218055e-24, 1.73182436833e-23, 3.16313722352e-23, 8.33452293408e-24, 3.13964431467e-23, 1.02269884128e-22, 2.23174082787e-23, 5.72665685536e-23, 3.37553644453e-23, 6.59531135669e-23, 8.59993692113e-23, 4.10996121412e-23, 1.26151808685e-22, 8.85341307611e-23, 3.0669432723e-22, 1.73355604423e-22, 2.0405754074e-22, 2.90317044723e-22, 3.15753782571e-22, 4.49415950971e-22, 5.45269694879e-22, 5.96241317492e-22, 7.86748272608e-22, 1.1908605855e-21, 1.59363726222e-21, 2.46154632155e-21],
        "var": [3.7740761627e-08, 6.94841628501e-06, 8.07812011772e-06, 6.17317073193e-06, 2.76210539596e-05, 1.72686632141e-05, 1.19377828014e-05, 8.49063144415e-06, 8.08598633739e-06, 9.55042378337e-06, 8.5204046627e-06, 6.03907119512e-06, 1.08257381726e-06, 1.82510223112e-06, 1.19289938993e-06, 2.26348333854e-06, 7.27865483441e-07, 9.67539108387e-07, 3.28509884184e-07, 2.85860068061e-07, 6.47550280064e-08, 2.50269437174e-07, 1.379336112e-07, 5.52464101133e-08, 3.09340096941e-12, 4.15710783777e-18, 1.60119843053e-18]
    },
    "erbbands": {
        "dmean": [0.0207867026329, 0.256584048271, 1.02490246296, 2.08681058884, 5.00313472748, 8.50072288513, 9.30004501343, 10.6520395279, 16.6113758087, 17.2778072357, 18.8038272858, 17.4575157166, 17.0174369812, 24.0805988312, 25.9328746796, 20.3073425293, 12.5941400528, 16.7149372101, 15.730843544, 12.0705337524, 15.370344162, 10.3485937119, 9.68454551697, 9.10217189789, 8.20186042786, 8.26395225525, 3.46869969368, 1.86026024818, 2.1416311264, 1.798132658, 1.40525984764, 1.1083663702, 0.220832765102, 0.0142006743699, 0.000536353094503, 4.95425956615e-05, 1.02767162389e-05, 2.95084146273e-06, 3.85273597203e-06, 7.84599433246e-06],
        "dmean2": [0.0339476466179, 0.434033721685, 1.73612582684, 3.49279785156, 8.33470153809, 13.7656707764, 14.9222002029, 16.9004936218, 25.692325592, 27.0923919678, 30.1281585693, 26.8618335724, 26.2003135681, 36.5294837952, 40.1696510315, 31.6518554688, 20.0173397064, 25.7186222076, 24.8421115875, 19.0378513336, 23.8588905334, 16.0687103271, 14.683506012, 13.934803009, 12.4656953812, 12.7257947922, 5.47455596924, 2.77740263939, 3.15197396278, 2.70444941521, 2.15374755859, 1.68545758724, 0.337611615658, 0.0222224798054, 0.000829564640298, 7.36543952371e-05, 1.50931609824e-05, 4.35273977928e-06, 5.81916629017e-06, 1.20955601233e-05],
        "dvar": [0.00153911323287, 0.398852795362, 8.32250881195, 18.9212093353, 66.2763748169, 201.871200562, 318.414642334, 514.345825195, 918.179138184, 1640.16162109, 2820.71557617, 2222.55249023, 2210.92602539, 3983.33349609, 3951.2019043, 3743.04394531, 1422.32849121, 2261.04296875, 1545.47766113, 1117.70947266, 4122.78320312, 662.727355957, 512.667175293, 490.418151855, 326.650238037, 389.488525391, 80.7356719971, 39.8345603943, 84.0580291748, 80.4781799316, 55.6351013184, 34.7273025513, 3.63231182098, 0.00575726339594, 8.42592817207e-06, 6.67335626758e-08, 1.9251207295e-09, 1.19031617896e-10, 3.04156422271e-11, 9.41428324186e-11],
        "dvar2": [0.00401924550533, 1.11968708038, 23.321264267, 51.3363304138, 182.448883057, 493.555236816, 778.745605469, 1315.2142334, 2044.59326172, 4104.57275391, 7068.54394531, 4944.62890625, 4719.54980469, 8756.48046875, 9339.02929688, 8670.75390625, 3569.52539062, 5021.94091797, 3707.20947266, 2730.29101562, 9391.80273438, 1461.93432617, 1075.09350586, 1005.57678223, 691.23046875, 879.466064453, 187.953399658, 82.4899597168, 169.64050293, 180.912857056, 136.978317261, 79.6061325073, 7.00933074951, 0.0121276853606, 1.71998872247e-05, 1.32874831138e-07, 3.89207466256e-09, 2.42011216622e-10, 6.65190263982e-11, 2.22608126377e-10],
        "max": [0.692426204681, 11.7169208527, 56.3277587891, 142.576004028, 123.860603333, 275.232177734, 403.167755127, 682.802856445, 801.625610352, 898.850097656, 1488.62915039, 1203.34033203, 1615.79711914, 2071.2043457, 1234.00891113, 1597.91870117, 1046.95947266, 1285.65112305, 843.91607666, 1191.6315918, 2738.61572266, 643.619750977, 672.055541992, 522.81237793, 472.787353516, 499.629547119, 263.456970215, 278.73046875, 482.727111816, 579.729492188, 326.258575439, 273.424499512, 134.199264526, 3.69408011436, 0.156803756952, 0.015986610204, 0.00268474570476, 0.000614751770627, 0.000193446903722, 0.000151482818183],
        "mean": [0.0456291288137, 0.491125643253, 1.69374632835, 4.00915908813, 9.19009304047, 15.9796390533, 18.1461734772, 22.6653499603, 32.9706726074, 29.6030006409, 31.3081474304, 29.9921627045, 31.3279018402, 43.881690979, 51.797203064, 37.3239631653, 21.3023643494, 27.9854621887, 28.326374054, 21.1368598938, 26.8054027557, 22.2581348419, 21.0683021545, 19.5010509491, 17.0596122742, 16.6255302429, 6.63771009445, 3.27770113945, 3.70547389984, 3.20110440254, 2.22072649002, 1.5934612751, 0.311185330153, 0.0190140102059, 0.000785753014497, 9.22943581827e-05, 2.50453722401e-05, 7.39895040169e-06, 1.42194912769e-05, 2.90577227133e-05],
        "median": [0.0198577325791, 0.291288167238, 0.74123030901, 2.04647636414, 5.56076431274, 8.90512180328, 9.50129985809, 12.1236305237, 17.4487819672, 12.0877351761, 8.61222648621, 8.43756961823, 8.69710922241, 9.21453380585, 9.97192287445, 8.35931587219, 6.87658071518, 7.39720964432, 8.63084030151, 7.48203516006, 6.73333835602, 6.79400539398, 7.1579618454, 6.55080652237, 6.40039348602, 6.24178743362, 2.92529630661, 1.35206592083, 0.938341617584, 0.726162195206, 0.599015116692, 0.440782099962, 0.0730357021093, 0.00451999111101, 0.000224984527449, 4.19385069108e-05, 1.6151851014e-05, 4.61424087916e-06, 1.33907733471e-05, 2.80386466329e-05],
        "min": [2.88306370805e-22, 1.45920052076e-21, 1.77266970157e-20, 6.86232913583e-20, 5.90732843912e-20, 2.27997795566e-20, 9.43865230076e-20, 3.03586115703e-19, 6.64419540445e-19, 1.99806200745e-18, 7.28511148666e-19, 1.4240218234e-18, 8.6446169446e-19, 1.97842701446e-18, 2.04064361103e-18, 3.86296985657e-18, 2.49053287733e-18, 4.54794943643e-18, 6.14686309071e-18, 9.91439243462e-18, 1.34218938307e-17, 1.13263186027e-17, 9.00347632865e-18, 1.13706910523e-17, 1.79150578543e-17, 1.51807577456e-17, 1.53051607467e-17, 1.87345456872e-17, 1.77782984293e-17, 2.7729201789e-17, 1.42806115312e-17, 1.44237419014e-17, 1.31504586485e-17, 1.32847572113e-17, 8.70897107926e-18, 5.60518965685e-18, 2.99492217906e-18, 1.21859141487e-18, 3.54339824288e-19, 3.84711136959e-20],
        "var": [0.00381104811095, 0.464511990547, 8.51575565338, 43.1217918396, 124.570373535, 478.135253906, 740.380065918, 1205.67431641, 2345.46875, 2941.65332031, 5405.73486328, 5149.87646484, 5857.45507812, 10417.3603516, 12692.9345703, 10031.6904297, 2686.05273438, 4710.47705078, 3594.04907227, 1948.7520752, 8936.55761719, 2337.55102539, 1882.08398438, 1416.38757324, 852.5, 979.412658691, 176.841293335, 89.6365966797, 301.092773438, 301.202178955, 93.3556747437, 51.7055625916, 5.16994094849, 0.00893438234925, 1.35154168674e-05, 1.15771527476e-07, 3.69281116797e-09, 2.5991647723e-10, 1.0479661583e-10, 3.46658896033e-10]
    },
    "gfcc": {
        "mean": [-57.3108634949, 154.239807129, -163.008148193, 56.2171287537, -75.1519775391, -3.50698566437, -22.8024044037, -21.4074459076, 1.1558008194, -27.8891582489, 11.3146419525, -18.6980781555, 0.768215954304],
        "cov": [[7270.36523438, 423.621826172, -537.714782715, 259.400390625, 234.708969116, 117.445495605, 33.6230659485, 249.663452148, -18.8382320404, -97.9119262695, 252.843200684, -144.626358032, -8.08794212341], [423.621826172, 930.854125977, 189.022293091, -119.569129944, 239.113723755, -119.064178467, 70.6487121582, -32.3815193176, -13.6374902725, -54.2210197449, 46.0929222107, -61.7823448181, 5.42721986771], [-537.714782715, 189.022293091, 986.973144531, 350.870025635, -159.3878479, 29.9150295258, -114.085487366, -74.2064590454, 21.4930305481, -11.5246219635, -37.6534500122, 26.3338127136, 38.0111885071], [259.400390625, -119.569129944, 350.870025635, 445.012664795, 21.1271266937, 15.8715085983, -69.6649169922, 29.4787864685, 46.9970016479, 0.174582138658, -19.6354084015, 40.7411270142, 24.5213546753], [234.708969116, 239.113723755, -159.3878479, 21.1271266937, 335.635253906, -26.2625102997, 67.7830810547, 61.3433761597, -5.10991001129, -20.3563690186, 31.7910747528, -9.30463790894, 0.0711503624916], [117.445495605, -119.064178467, 29.9150295258, 15.8715085983, -26.2625102997, 295.043823242, 104.553421021, -0.794339239597, -14.4177703857, 27.2119102478, 13.1604261398, 12.5336275101, -9.04174613953], [33.6230659485, 70.6487121582, -114.085487366, -69.6649169922, 67.7830810547, 104.553421021, 221.542404175, 30.2905273438, -43.6060218811, 10.2230367661, 30.5579090118, 6.47782468796, -17.5089359283], [249.663452148, -32.3815193176, -74.2064590454, 29.4787864685, 61.3433761597, -0.794339239597, 30.2905273438, 140.779830933, 44.2062759399, 0.345776319504, 22.6788387299, 3.91566038132, 12.6937389374], [-18.8382320404, -13.6374902725, 21.4930305481, 46.9970016479, -5.10991001129, -14.4177703857, -43.6060218811, 44.2062759399, 130.398773193, 32.7827835083, -32.8976249695, 9.03186702728, 5.96753406525], [-97.9119262695, -54.2210197449, -11.5246219635, 0.174582138658, -20.3563690186, 27.2119102478, 10.2230367661, 0.345776319504, 32.7827835083, 76.0848312378, 17.4184608459, -1.28281891346, -4.82845592499], [252.843200684, 46.0929222107, -37.6534500122, -19.6354084015, 31.7910747528, 13.1604261398, 30.5579090118, 22.6788387299, -32.8976249695, 17.4184608459, 94.9413528442, 21.1029319763, -1.77050840855], [-144.626358032, -61.7823448181, 26.3338127136, 40.7411270142, -9.30463790894, 12.5336275101, 6.47782468796, 3.91566038132, 9.03186702728, -1.28281891346, 21.1029319763, 84.1018676758, 25.2475833893], [-8.08794212341, 5.42721986771, 38.0111885071, 24.5213546753, 0.0711503624916, -9.04174613953, -17.5089359283, 12.6937389374, 5.96753406525, -4.82845592499, -1.77050840855, 25.2475833893, 66.9080200195]],
        "icov": [[0.000298796396237, -0.000442502263468, 0.000623311090749, -0.000844550202601, 0.000584922730923, -0.000423528603278, 0.000229421537369, -0.000199928719667, -0.000204026568099, 0.000781694136094, -0.00108928186819, 0.000896923360415, -0.000225132651394], [-0.000442502263468, 0.0045321630314, -0.00312526361085, 0.00344336009584, -0.00399540411308, 0.00234272377566, -0.00307143828832, 0.00379179674201, -0.00426158122718, 0.00317948660813, -0.00320529006422, 0.00297041190788, -0.00170603650622], [0.000623311090749, -0.00312526361085, 0.00435793492943, -0.004558715038, 0.00386895146221, -0.00198950711638, 0.00192442769185, -0.00109992409125, 0.00152531836648, 0.000134569359943, -0.000286921509542, 0.000235560539295, -0.000259709311649], [-0.000844550202601, 0.00344336009584, -0.004558715038, 0.00770733039826, -0.00469551701099, 0.00166796031408, -0.000716848007869, 0.000583715795074, -0.0012733504409, -0.00105365668423, 0.00210568681359, -0.00248030410148, 0.000345027219737], [0.000584922730923, -0.00399540411308, 0.00386895146221, -0.00469551701099, 0.00792209804058, -0.00150694965851, 0.000899042061064, -0.003215278266, 0.00207606051117, 0.000266065238975, -0.000361611600965, 8.4175124357e-05, 0.000343577325111], [-0.000423528603278, 0.00234272377566, -0.00198950711638, 0.00166796031408, -0.00150694965851, 0.00586732011288, -0.00404885038733, 0.00208091665991, -0.00162333226763, -0.000341168983141, -0.00055780733237, 0.000421355332946, -0.00043568079127], [0.000229421537369, -0.00307143828832, 0.00192442769185, -0.000716848007869, 0.000899042061064, -0.00404885038733, 0.0100992405787, -0.00567859364673, 0.00716028921306, -0.00520727131516, 0.00447156094015, -0.00497921276838, 0.0036011794582], [-0.000199928719667, 0.00379179674201, -0.00109992409125, 0.000583715795074, -0.003215278266, 0.00208091665991, -0.00567859364673, 0.0158590599895, -0.0117732603103, 0.00852884631604, -0.0101182395592, 0.00709393015131, -0.00541001744568], [-0.000204026568099, -0.00426158122718, 0.00152531836648, -0.0012733504409, 0.00207606051117, -0.00162333226763, 0.00716028921306, -0.0117732603103, 0.0223616100848, -0.0160502102226, 0.0162724163383, -0.0111974738538, 0.00531015498564], [0.000781694136094, 0.00317948660813, 0.000134569359943, -0.00105365668423, 0.000266065238975, -0.000341168983141, -0.00520727131516, 0.00852884631604, -0.0160502102226, 0.0281841643155, -0.0177151411772, 0.0121756531298, -0.00447863200679], [-0.00108928186819, -0.00320529006422, -0.000286921509542, 0.00210568681359, -0.000361611600965, -0.00055780733237, 0.00447156094015, -0.0101182395592, 0.0162724163383, -0.0177151411772, 0.0291339997202, -0.0163401290774, 0.00674146786332], [0.000896923360415, 0.00297041190788, 0.000235560539295, -0.00248030410148, 8.4175124357e-05, 0.000421355332946, -0.00497921276838, 0.00709393015131, -0.0111974738538, 0.0121756531298, -0.0163401290774, 0.0252414606512, -0.0100291576236], [-0.000225132651394, -0.00170603650622, -0.000259709311649, 0.000345027219737, 0.000343577325111, -0.00043568079127, 0.0036011794582, -0.00541001744568, 0.00531015498564, -0.00447863200679, 0.00674146786332, -0.0100291576236, 0.0201537311077]]
    },
    "melbands": {
        "dmean": [0.000221217705985, 0.000462734315079, 0.00040170038119, 0.000514535000548, 0.000315373472404, 0.000246055162279, 0.000252958066994, 0.000185087119462, 0.000157063157531, 0.000105801904283, 8.83380416781e-05, 0.000100405755802, 9.53782437136e-05, 6.75171977491e-05, 3.71749229089e-05, 2.72748129646e-05, 3.29241011059e-05, 2.63676065515e-05, 1.99565893126e-05, 1.63064323715e-05, 2.01272323466e-05, 1.1552561773e-05, 1.13825244625e-05, 1.09750217234e-05, 8.03428883955e-06, 6.92860385243e-06, 5.3425628721e-06, 5.94627135797e-06, 2.85606188299e-06, 1.16589967547e-06, 1.17365334518e-06, 1.26064355754e-06, 1.29464353904e-06, 9.9578528534e-07, 8.27102269341e-07, 8.42659744649e-07, 6.77738114518e-07, 1.90996615856e-07, 2.98147249111e-08, 3.10725001285e-09],
        "dmean2": [0.000367222150089, 0.000783169991337, 0.000672338297591, 0.000837302708533, 0.000508149212692, 0.00038885633694, 0.000389453198295, 0.000291010685032, 0.00025060979533, 0.000162910262588, 0.000136130140163, 0.000153467102791, 0.000147740487591, 0.000105358078144, 5.76050115342e-05, 4.36535701738e-05, 5.08345437993e-05, 4.14816022385e-05, 3.08222297463e-05, 2.58382460743e-05, 3.08420785586e-05, 1.79683393071e-05, 1.74739561771e-05, 1.71245410456e-05, 1.2300394701e-05, 1.05669605546e-05, 8.31244688015e-06, 9.20366073842e-06, 4.56884390587e-06, 1.81735276783e-06, 1.77282993263e-06, 1.8955164478e-06, 1.95807024284e-06, 1.56065652845e-06, 1.30311570956e-06, 1.31965600758e-06, 1.04833122805e-06, 2.9891495501e-07, 4.79195527703e-08, 5.26063326234e-09],
        "dvar": [2.18747643999e-07, 1.62309891039e-06, 5.50509355435e-07, 7.26220093838e-07, 3.05657351873e-07, 2.51949188623e-07, 2.16769905137e-07, 1.8013579961e-07, 2.00560265284e-07, 7.97019836796e-08, 5.98027298793e-08, 7.39511065717e-08, 5.80970436204e-08, 3.60771323926e-08, 1.46303635873e-08, 7.47477191254e-09, 8.84954864944e-09, 4.21423917984e-09, 2.72239830679e-09, 2.48003462211e-09, 6.95713930909e-09, 9.38980115883e-10, 9.71349556345e-10, 9.20816978223e-10, 4.01454897103e-10, 2.73147754415e-10, 1.24820154213e-10, 2.19181395256e-10, 6.47856351899e-11, 9.52557997758e-12, 1.90045167103e-11, 2.76971258428e-11, 5.1625766162e-11, 2.59845183564e-11, 1.67295829967e-11, 2.69308273598e-11, 1.73029819639e-11, 4.39950549949e-12, 2.00308468949e-14, 3.26835683041e-16],
        "dvar2": [5.91715263454e-07, 4.55763120044e-06, 1.52193285885e-06, 1.82668588877e-06, 7.6536537108e-07, 6.38906669792e-07, 4.74842465792e-07, 4.43120910631e-07, 4.87966360652e-07, 1.75179067696e-07, 1.27346453382e-07, 1.64324717389e-07, 1.32451162926e-07, 9.12518558494e-08, 3.25446976035e-08, 1.88865776352e-08, 1.94842453283e-08, 9.85590720148e-09, 6.15792261627e-09, 5.81750247974e-09, 1.56155284259e-08, 2.0455805938e-09, 2.10915085397e-09, 1.92463511794e-09, 8.24604662331e-10, 5.62102142609e-10, 2.84738288503e-10, 4.89320139963e-10, 1.59518648291e-10, 2.11082453599e-11, 4.10677845897e-11, 5.40390961146e-11, 1.20284948668e-10, 6.3618464663e-11, 4.42507662457e-11, 5.89255796934e-11, 4.08071076929e-11, 8.54610826551e-12, 4.64118591378e-14, 9.50014895344e-16],
        "max": [0.00796287320554, 0.0241621229798, 0.0205396171659, 0.0154418759048, 0.0111482851207, 0.0138965928927, 0.0127945095301, 0.00817550625652, 0.0128737343475, 0.00663943309337, 0.00811832025647, 0.00917142722756, 0.00493514165282, 0.00419677328318, 0.00375446723774, 0.00282663619146, 0.00231048464775, 0.00128106109332, 0.00142446276732, 0.001105385134, 0.00342692364939, 0.000868943985552, 0.000881131913047, 0.00107117509469, 0.000542092951946, 0.000382762635127, 0.000320873601595, 0.000377558317268, 0.000260574190179, 0.000119808435556, 0.000204828189453, 0.000278274441371, 0.000376961193979, 0.000320468825521, 0.000158388618729, 0.000212166502024, 0.000277437240584, 0.000151641055709, 4.40307167082e-06, 1.01506225292e-06],
        "mean": [0.000490353209898, 0.000821847817861, 0.000777388748247, 0.00099090533331, 0.000633030140307, 0.000531348632649, 0.00050164834829, 0.000304826215142, 0.000257524079643, 0.000178028567461, 0.000154202090926, 0.000174707442056, 0.000179389957339, 0.000119809999887, 6.04562701483e-05, 4.20745127485e-05, 5.24892093381e-05, 4.5008280722e-05, 3.19491446135e-05, 2.64459522441e-05, 3.22232626786e-05, 2.13433049794e-05, 2.21365280595e-05, 2.00518279598e-05, 1.49658117152e-05, 1.29899617605e-05, 1.06671686808e-05, 1.08869671749e-05, 4.70863460578e-06, 2.02953515327e-06, 1.79556843705e-06, 2.02336832444e-06, 2.14617489291e-06, 1.66033930782e-06, 1.25814494822e-06, 1.18680497962e-06, 9.19567696656e-07, 2.47174455126e-07, 3.5619255101e-08, 3.11104630946e-09],
        "median": [0.000266517017735, 0.000450715044281, 0.000500032037962, 0.000562282162718, 0.000373504939489, 0.000284924113657, 0.00026599955163, 0.000118771451525, 6.32544615655e-05, 4.72398860438e-05, 3.71949718101e-05, 3.05729336105e-05, 2.78802654066e-05, 2.05501892196e-05, 1.55222205649e-05, 1.14532949738e-05, 1.12339703264e-05, 1.21058492368e-05, 9.75018519966e-06, 7.14471934771e-06, 6.79966024109e-06, 6.27816552878e-06, 5.59362251806e-06, 6.02476166023e-06, 4.61231502413e-06, 4.26348333349e-06, 4.08519008488e-06, 3.7666195567e-06, 1.7628722162e-06, 9.24082883103e-07, 6.12065548466e-07, 5.12251006057e-07, 4.51602886642e-07, 3.60500763463e-07, 3.37277072049e-07, 2.81438701677e-07, 2.53242376402e-07, 4.86381175335e-08, 6.99344804289e-09, 5.18728227039e-10],
        "min": [4.73546338314e-24, 6.30146903142e-24, 1.19770431989e-23, 2.57214586528e-24, 2.64847880748e-24, 7.27367935482e-24, 1.2665906518e-23, 1.82432872243e-23, 6.2369406038e-24, 8.38153036656e-24, 4.03463422735e-24, 7.95210919964e-24, 7.39462908653e-24, 7.58958738178e-24, 9.39831843085e-24, 4.70339737064e-24, 8.84028374852e-24, 1.07596801497e-23, 7.19306171461e-24, 2.44124792703e-23, 1.13361615554e-23, 1.22703519386e-23, 7.758389416e-24, 8.93177899175e-24, 8.41815244522e-24, 1.48938295746e-23, 9.66091129353e-24, 1.04837799924e-23, 9.89047928328e-24, 9.86465513269e-24, 1.10446056646e-23, 8.30262849882e-24, 1.31203306313e-23, 1.50496848237e-23, 8.19363395413e-24, 6.29457754255e-24, 1.02469536934e-23, 1.01534626321e-23, 7.02360808128e-24, 1.31675731444e-23],
        "var": [4.00700855607e-07, 1.63037645962e-06, 1.06628488084e-06, 1.77443212124e-06, 6.97996256349e-07, 6.37709717921e-07, 5.55223209631e-07, 3.21469116216e-07, 3.95971738953e-07, 1.86745225506e-07, 1.54240183292e-07, 1.90151737911e-07, 1.78268351192e-07, 9.07770356662e-08, 2.90506090295e-08, 1.20658265601e-08, 1.90166336012e-08, 9.86579795637e-09, 4.91931784197e-09, 4.42306768988e-09, 1.46373837495e-08, 2.57113486057e-09, 3.19341975086e-09, 2.55647214509e-09, 1.00029162731e-09, 6.71643296535e-10, 3.33704786026e-10, 4.8768733496e-10, 1.18231410773e-10, 1.96496083293e-11, 3.53598435254e-11, 7.91864282479e-11, 1.62563448813e-10, 8.60885876475e-11, 2.9936511603e-11, 3.76964501281e-11, 2.25138692411e-11, 5.74729456734e-12, 2.92113914709e-14, 3.22304877337e-16]
    },
    "mfcc": {
        "mean": [-670.263183594, 145.849380493, -16.3090171814, 38.9354438782, -16.1970767975, 8.67468070984, -14.3913698196, 8.54322433472, -19.5274906158, 9.8908662796, -15.0474796295, 4.44819498062, -6.47957468033],
        "cov": [[6508.68847656, 384.572906494, -929.742736816, 353.137939453, -49.365901947, 99.767539978, 60.0366668701, 371.527648926, -238.845703125, 357.27243042, -153.629089355, 245.200485229, -8.33941268921], [384.572906494, 1038.70068359, -125.425437927, 36.981174469, 93.9439544678, -81.9496154785, 124.910758972, -23.5220298767, -28.117225647, 23.0349140167, -23.0518302917, -8.57272720337, 5.15315103531], [-929.742736816, -125.425437927, 1130.79577637, 178.012588501, 58.2721405029, 124.348152161, -118.989784241, -55.436706543, 19.3530254364, -87.8859024048, 3.72496914864, -10.8062334061, -45.8093490601], [353.137939453, 36.981174469, 178.012588501, 435.234161377, 156.103668213, -26.7235774994, -48.3342437744, 39.137348175, 1.10281288624, 6.30169343948, -55.990776062, 46.7246246338, 23.6042613983], [-49.365901947, 93.9439544678, 58.2721405029, 156.103668213, 241.977600098, -24.2186222076, -29.4521598816, 9.25265407562, 31.3545074463, -3.56263947487, -31.6387901306, 28.4210624695, 24.1810035706], [99.767539978, -81.9496154785, 124.348152161, -26.7235774994, -24.2186222076, 233.963150024, 54.035533905, 37.138092041, 15.5407066345, -3.93859767914, 43.743270874, -16.3368873596, -7.95731687546], [60.0366668701, 124.910758972, -118.989784241, -48.3342437744, -29.4521598816, 54.035533905, 253.479156494, 55.35181427, -23.5672225952, 19.6536941528, 17.036026001, -24.357000351, 15.5242881775], [371.527648926, -23.5220298767, -55.436706543, 39.137348175, 9.25265407562, 37.138092041, 55.35181427, 144.391235352, 18.8220462799, 23.2207889557, 1.61005616188, 18.2624111176, 21.9741706848], [-238.845703125, -28.117225647, 19.3530254364, 1.10281288624, 31.3545074463, 15.5407066345, -23.5672225952, 18.8220462799, 126.583564758, 11.5453300476, 21.0867862701, -6.46235799789, 6.26570081711], [357.27243042, 23.0349140167, -87.8859024048, 6.30169343948, -3.56263947487, -3.93859767914, 19.6536941528, 23.2207889557, 11.5453300476, 113.986045837, 8.15754318237, 16.7295475006, -4.59304285049], [-153.629089355, -23.0518302917, 3.72496914864, -55.990776062, -31.6387901306, 43.743270874, 17.036026001, 1.61005616188, 21.0867862701, 8.15754318237, 99.7300872803, 3.73814749718, -2.46972537041], [245.200485229, -8.57272720337, -10.8062334061, 46.7246246338, 28.4210624695, -16.3368873596, -24.357000351, 18.2624111176, -6.46235799789, 16.7295475006, 3.73814749718, 98.0026092529, 27.1203231812], [-8.33941268921, 5.15315103531, -45.8093490601, 23.6042613983, 24.1810035706, -7.95731687546, 15.5242881775, 21.9741706848, 6.26570081711, -4.59304285049, -2.46972537041, 27.1203231812, 91.3191223145]],
