{
"lowlevel": {
    "average_loudness": 0.917688667774,
    "barkbands_crest": {
        "dmean": 2.39959406853,
        "dmean2": 3.90737938881,
        "dvar": 4.54046583176,
        "dvar2": 11.6543169022,
        "max": 25.5459918976,
        "mean": 10.0412464142,
        "median": 9.32884788513,
        "min": 2.76705861092,
        "var": 15.0945854187
    },
    "barkbands_flatness_db": {
        "dmean": 0.0208629500121,
        "dmean2": 0.0339714325964,
        "dvar": 0.000322902022162,
        "dvar2": 0.000809787481558,
        "max": 0.44677478075,
        "mean": 0.215502306819,
        "median": 0.210489541292,
        "min": 0.0515073575079,
        "var": 0.00223805382848
    },
    "barkbands_kurtosis": {
        "dmean": 2.77897500992,
        "dmean2": 4.43683862686,
        "dvar": 22.7260932922,
        "dvar2": 54.5232772827,
        "max": 114.219581604,
        "mean": 5.5701379776,
        "median": 3.32120203972,
        "min": -1.90782439709,
        "var": 60.3409385681
    },
    "barkbands_skewness": {
        "dmean": 0.468820482492,
        "dmean2": 0.740749776363,
        "dvar": 0.209149926901,
        "dvar2": 0.499360144138,
        "max": 8.75008773804,
        "mean": 1.50173664093,
        "median": 1.42134332657,
        "min": -2.06002545357,
        "var": 1.15628731251
    },
    "barkbands_spread": {
        "dmean": 3.19929838181,
        "dmean2": 5.00016212463,
        "dvar": 21.3658313751,
        "dvar2": 44.9285316467,
        "max": 112.101898193,
        "mean": 12.1992225647,
        "median": 10.6709461212,
        "min": 0.599582135677,
        "var": 60.4981498718
    },
    "dissonance": {
        "dmean": 0.0297173261642,
        "dmean2": 0.050284229219,
        "dvar": 0.000671850983053,
        "dvar2": 0.00190077256411,
        "max": 0.500000059605,
        "mean": 0.434833407402,
        "median": 0.44212564826,
        "min": 0.229488477111,
        "var": 0.00186106574256
    },
    "dynamic_complexity": 2.39407515526,
    "erbbands_crest": {
        "dmean": 3.12061834335,
        "dmean2": 5.0039935112,
        "dvar": 7.35531425476,
        "dvar2": 18.3744277954,
        "max": 30.0126876831,
        "mean": 11.958237648,
        "median": 11.1787233353,
        "min": 2.88387107849,
        "var": 23.1774539948
    },
    "erbbands_flatness_db": {
        "dmean": 0.0176289118826,
        "dmean2": 0.027280703187,
        "dvar": 0.000252872065175,
        "dvar2": 0.000579398183618,
        "max": 0.424029886723,
        "mean": 0.241681665182,
        "median": 0.239272683859,
        "min": 0.0779426842928,
        "var": 0.0015565843787
    },
    "erbbands_kurtosis": {
        "dmean": 1.63875794411,
        "dmean2": 2.59906673431,
        "dvar": 5.90454292297,
        "dvar2": 13.1936903,
        "max": 64.9497451782,
        "mean": 2.39027404785,
        "median": 1.29738140106,
        "min": -1.82233726978,
        "var": 16.6983947754
    },
    "erbbands_skewness": {
        "dmean": 0.407605886459,
        "dmean2": 0.637030959129,
        "dvar": 0.154824838042,
        "dvar2": 0.35073158145,
        "max": 7.07739019394,
        "mean": 1.03433036804,
        "median": 0.964749693871,
        "min": -2.62154555321,
        "var": 0.701074063778
    },
    "erbbands_spread": {
        "dmean": 6.83977270126,
        "dmean2": 10.7202119827,
        "dvar": 64.4342956543,
        "dvar2": 145.762939453,
        "max": 125.335266113,
        "mean": 26.6603240967,
        "median": 22.8618106842,
        "min": 2.31586003304,
        "var": 234.36000061
    },
    "hfc": {
        "dmean": 4.71044015884,
        "dmean2": 7.1650018692,
        "dvar": 32.7620201111,
        "dvar2": 74.1003265381,
        "max": 130.378005981,
        "mean": 17.8528728485,
        "median": 15.2825460434,
        "min": 1.13174017611e-16,
        "var": 142.64276123
    },
    "melbands_crest": {
        "dmean": 2.65968537331,
        "dmean2": 4.41736412048,
        "dvar": 5.70841789246,
        "dvar2": 15.0523748398,
        "max": 30.4972915649,
        "mean": 11.7689504623,
        "median": 11.0415039062,
        "min": 1.76273870468,
        "var": 17.6330127716
    },
    "melbands_flatness_db": {
        "dmean": 0.022394798696,
        "dmean2": 0.0347134843469,
        "dvar": 0.000452548876638,
        "dvar2": 0.00102839502506,
        "max": 0.523838102818,
        "mean": 0.245801627636,
        "median": 0.242367833853,
        "min": 0.0044351615943,
        "var": 0.0041693537496
    },
    "melbands_kurtosis": {
        "dmean": 4.59804201126,
        "dmean2": 7.33122968674,
        "dvar": 51.9944381714,
        "dvar2": 121.395721436,
        "max": 178.958358765,
        "mean": 9.9644575119,
        "median": 6.42902517319,
        "min": -1.46164178848,
        "var": 149.812408447
    },
    "melbands_skewness": {
        "dmean": 0.552457034588,
        "dmean2": 0.868504464626,
        "dvar": 0.291445046663,
        "dvar2": 0.695874810219,
        "max": 9.2463760376,
        "mean": 1.89528119564,
        "median": 1.75890421867,
        "min": -1.29034590721,
        "var": 1.54635739326
    },
    "melbands_spread": {
        "dmean": 3.63392496109,
        "dmean2": 5.68334007263,
        "dvar": 29.1179065704,
        "dvar2": 61.2849617004,
        "max": 152.29788208,
        "mean": 15.0475444794,
        "median": 13.1750125885,
        "min": 0.643453478813,
        "var": 100.988136292
    },
    "pitch_salience": {
        "dmean": 0.0613531805575,
        "dmean2": 0.100190021098,
        "dvar": 0.00279303081334,
        "dvar2": 0.00711441133171,
        "max": 0.868287563324,
        "mean": 0.579860031605,
        "median": 0.57609462738,
        "min": 0.0874502509832,
        "var": 0.0110397487879
    },
    "silence_rate_20dB": {
        "dmean": 0,
        "dmean2": 0,
        "dvar": 0,
        "dvar2": 0,
        "max": 1,
        "mean": 1,
        "median": 1,
        "min": 1,
        "var": 0
    },
    "silence_rate_30dB": {
        "dmean": 0.00117137166671,
        "dmean2": 0.00234301784076,
        "dvar": 0.00116990378592,
        "dvar2": 0.0030406138394,
        "max": 1,
        "mean": 0.999063014984,
        "median": 1,
        "min": 0,
        "var": 0.000936167954933
    },
    "silence_rate_60dB": {
        "dmean": 0.00281129195355,
        "dmean2": 0.00562324281782,
        "dvar": 0.00280312262475,
        "dvar2": 0.00652903458104,
        "max": 1,
        "mean": 0.0228390730917,
        "median": 0,
        "min": 0,
        "var": 0.0223147850484
    },
    "spectral_centroid": {
        "dmean": 159.332168579,
        "dmean2": 247.336456299,
        "dvar": 55063.28125,
        "dvar2": 109825.515625,
        "max": 11254.2792969,
        "mean": 927.872802734,
        "median": 792.971496582,
        "min": 217.337310791,
        "var": 300803.1875
    },
    "spectral_complexity": {
        "dmean": 2.38397574425,
        "dmean2": 3.82661676407,
        "dvar": 5.97436141968,
        "dvar2": 13.879825592,
        "max": 45,
        "mean": 15.0808153152,
        "median": 14,
        "min": 0,
        "var": 44.8154716492
    },
    "spectral_decrease": {
        "dmean": 1.99446392735e-09,
        "dmean2": 3.1165741099e-09,
        "dvar": 5.47826168698e-18,
        "dvar2": 1.29702647967e-17,
        "max": 7.64926771949e-29,
        "mean": -7.52941531346e-09,
        "median": -7.01733782194e-09,
        "min": -3.43990969043e-08,
        "var": 1.98315278001e-17
    },
    "spectral_energy": {
        "dmean": 0.00788236968219,
        "dmean2": 0.0122974971309,
        "dvar": 8.39923523017e-05,
        "dvar2": 0.000198496796656,
        "max": 0.134503379464,
        "mean": 0.0300371311605,
        "median": 0.0281784217805,
        "min": 1.03237964638e-20,
        "var": 0.000307790702209
    },
    "spectral_energyband_high": {
        "dmean": 0.000227230528253,
        "dmean2": 0.000349935231498,
        "dvar": 3.54491362486e-07,
        "dvar2": 7.65290167237e-07,
        "max": 0.0211462844163,
        "mean": 0.000424736936111,
        "median": 0.000205997697776,
        "min": 7.43066684014e-21,
        "var": 6.4993827209e-07
    },
    "spectral_energyband_low": {
        "dmean": 0.0018974452978,
        "dmean2": 0.00325537007302,
        "dvar": 1.69761733559e-05,
        "dvar2": 4.76743771287e-05,
        "max": 0.0683292895555,
        "mean": 0.00461738649756,
        "median": 0.00309195462614,
        "min": 3.36800250734e-23,
        "var": 2.78623501799e-05
    },
    "spectral_energyband_middle_high": {
        "dmean": 0.00182557292283,
        "dmean2": 0.00278914580122,
        "dvar": 8.66300069902e-06,
        "dvar2": 2.07264947676e-05,
        "max": 0.0585746727884,
        "mean": 0.00522950431332,
        "median": 0.00248985504732,
        "min": 1.3573118016e-21,
        "var": 4.24581558036e-05
    },
    "spectral_energyband_middle_low": {
        "dmean": 0.00659868773073,
        "dmean2": 0.0103082098067,
        "dvar": 6.27185145277e-05,
        "dvar2": 0.000149758488988,
        "max": 0.125656113029,
        "mean": 0.0211543738842,
        "median": 0.0186126250774,
        "min": 2.73486287103e-22,
        "var": 0.000209318182897
    },
    "spectral_entropy": {
        "dmean": 0.176647052169,
        "dmean2": 0.270281076431,
        "dvar": 0.0284806545824,
        "dvar2": 0.0620578527451,
        "max": 9.81853675842,
        "mean": 7.04394865036,
        "median": 7.08839988708,
        "min": 4.21263599396,
        "var": 0.242395043373
    },
    "spectral_flux": {
        "dmean": 0.0197706110775,
        "dmean2": 0.031641613692,
        "dvar": 0.000435895402916,
        "dvar2": 0.00103270914406,
        "max": 0.280245423317,
        "mean": 0.0774853304029,
        "median": 0.0726627260447,
        "min": 6.52070550333e-11,
        "var": 0.00131559267174
    },
    "spectral_kurtosis": {
        "dmean": 3.38738083839,
        "dmean2": 5.92133665085,
        "dvar": 17.9923915863,
        "dvar2": 51.4736099243,
        "max": 89.9199981689,
        "mean": 5.17888307571,
        "median": 3.43222284317,
        "min": -1.29862034321,
        "var": 45.4001541138
    },
    "spectral_rms": {
        "dmean": 0.00068553496385,
        "dmean2": 0.00105487182736,
        "dvar": 4.67017031269e-07,
        "dvar2": 1.05616186374e-06,
        "max": 0.0114552527666,
        "mean": 0.00514964666218,
        "median": 0.00524319987744,
        "min": 3.17364082063e-12,
        "var": 2.78574384538e-06
    },
    "spectral_rolloff": {
        "dmean": 204.937957764,
        "dmean2": 353.219299316,
        "dvar": 262605.375,
        "dvar2": 546569.125,
        "max": 18992.2851562,
        "mean": 959.560058594,
        "median": 732.12890625,
        "min": 150.732421875,
        "var": 762993.1875
    },
    "spectral_skewness": {
        "dmean": 0.370498329401,
        "dmean2": 0.624756813049,
        "dvar": 0.136402979493,
        "dvar2": 0.369123756886,
        "max": 7.569668293,
        "mean": 1.53129446507,
        "median": 1.40047395229,
        "min": -0.451918751001,
        "var": 0.571525394917
    },
    "spectral_spread": {
        "dmean": 398718.625,
        "dmean2": 629532.0625,
        "dvar": 443821752320,
        "dvar2": 734107271168,
        "max": 41828236,
        "mean": 3326325.25,
        "median": 3236042.5,
        "min": 851205.125,
        "var": 1.66101922611e+12
    },
    "spectral_strongpeak": {
        "dmean": 0.682416915894,
        "dmean2": 1.12188088894,
        "dvar": 0.639271199703,
        "dvar2": 1.58713126183,
        "max": 10.3149452209,
        "mean": 1.52135837078,
        "median": 1.1851401329,
        "min": 0,
        "var": 1.59388363361
    },
    "zerocrossingrate": {
        "dmean": 0.00575476372615,
        "dmean2": 0.00718481605873,
        "dvar": 7.73986539571e-05,
        "dvar2": 0.000103409591247,
        "max": 0.62744140625,
        "mean": 0.0420263856649,
        "median": 0.03759765625,
        "min": 0.00732421875,
        "var": 0.000626087829005
    },
    "barkbands": {
        "dmean": [8.79101717146e-05, 0.000938572571613, 0.000845922215376, 0.00123884365894, 0.00176757597364, 0.00333604589105, 0.00168803997803, 0.000705393671524, 0.00155772198923, 0.000534397549927, 0.00102381431498, 0.000268356146989, 0.000313653436024, 0.000242120790062, 0.000155992092914, 0.000135565875098, 9.5712239272e-05, 7.85795418778e-05, 9.2601927463e-05, 8.93967007869e-05, 7.65507866163e-05, 6.49353896733e-05, 5.27564225195e-05, 1.76240682777e-05, 2.85931747612e-07, 1.34831767973e-09, 1.34444422262e-09],
        "dmean2": [0.000144797028042, 0.00163482688367, 0.00146529590711, 0.00210264604539, 0.00280708540231, 0.00536145176739, 0.00259563699365, 0.001093374216, 0.0023794171866, 0.000832810765132, 0.00160384236369, 0.000413248199038, 0.000506477954332, 0.000377289950848, 0.000255880440818, 0.000219944369746, 0.000158976821695, 0.00012485019397, 0.000149056329974, 0.00014195778931, 0.000123058227473, 0.00010113434837, 8.25974784675e-05, 2.78514398815e-05, 4.80656240143e-07, 2.48972842343e-09, 2.50124521095e-09],
        "dvar": [3.37958034891e-08, 4.02827981816e-06, 5.41874760529e-06, 3.35340178026e-06, 9.78925618256e-06, 3.08755188598e-05, 1.42139942909e-05, 3.28346231981e-06, 7.61274350225e-06, 1.64131643032e-06, 5.73766237721e-06, 9.50499838837e-07, 9.59120711741e-07, 4.090871073e-07, 1.42426983984e-07, 1.12045590583e-07, 4.50327632961e-08, 3.35457563949e-08, 3.7336864267e-08, 4.53311166382e-08, 3.15093018344e-08, 5.41694937795e-08, 5.10497919493e-08, 3.33646887896e-09, 7.98798581534e-13, 9.74975040549e-18, 5.85621002144e-18],
        "dvar2": [7.70014025875e-08, 1.14273643703e-05, 1.54500739882e-05, 9.53462858888e-06, 2.37653603108e-05, 7.59879985708e-05, 3.38974787155e-05, 8.02088379714e-06, 1.79595717782e-05, 3.76937532565e-06, 1.43252264024e-05, 1.93831851902e-06, 2.25553594646e-06, 8.64230628395e-07, 3.72319959752e-07, 2.82892386849e-07, 1.2162792018e-07, 8.12031615283e-08, 1.01975835776e-07, 1.13748122033e-07, 7.12853776008e-08, 1.24447694816e-07, 1.26646398257e-07, 7.85716469665e-09, 2.06789490045e-12, 2.30801076024e-17, 1.55703929014e-17],
        "max": [0.00412883982062, 0.0450743362308, 0.0434007644653, 0.0381482690573, 0.0956556126475, 0.0944251567125, 0.0921519175172, 0.0544580072165, 0.077647075057, 0.0279432982206, 0.0552683994174, 0.0470801368356, 0.0358267091215, 0.0189822539687, 0.00923732575029, 0.00711810169742, 0.00504384748638, 0.0054287915118, 0.00561723904684, 0.00597342150286, 0.00709417881444, 0.00988474115729, 0.0114806452766, 0.00196769763716, 2.40255794779e-05, 1.72324277514e-07, 1.14360332759e-07],
        "mean": [0.000102534606413, 0.00203088135459, 0.0013113837922, 0.00294924457557, 0.00402218243107, 0.00653936807066, 0.00302636367269, 0.00114457227755, 0.003045669524, 0.000892133568414, 0.00201061647385, 0.000469958991744, 0.000580408435781, 0.000417292612838, 0.000259902677499, 0.000228737291764, 0.000174755143235, 0.000149155952386, 0.000184378761332, 0.000177191861439, 0.000127205028548, 9.83548379736e-05, 7.11911416147e-05, 2.33467526414e-05, 2.99859294728e-07, 1.17283593948e-09, 1.07791142678e-09],
        "median": [3.48250177922e-05, 0.00120819103904, 0.000575243378989, 0.00154824508354, 0.00228961021639, 0.00333502306603, 0.00124735373538, 0.000404585851356, 0.00136964709964, 0.000198082212592, 0.000307000649627, 9.82377750915e-05, 0.000113129950478, 0.000100528966868, 8.78469945746e-05, 6.33751042187e-05, 6.30424328847e-05, 4.43039389211e-05, 8.01232090453e-05, 8.14610975794e-05, 6.23197702225e-05, 3.2773019484e-05, 2.25552103075e-05, 6.48049717711e-06, 5.93473501453e-08, 5.3178883519e-10, 4.25926210967e-10],
        "min": [4.9490340626e-24, 5.94667726158e-24, 2.06676981775e-24, 5.40648148533e-24, 1.56195973847e-23, 1.47723449952e-23, 1.86587818408e-23, 2.50843347483e-23, 5.03224121761e-23, 6.75931049018e-23, 2.32120475427e-23, 5.49132828774e-23, 5.06747395445e-23, 8.33708152554e-23, 8.38363504745e-23, 8.09048360657e-23, 9.46395039598e-23, 1.37125393992e-22, 1.65207327605e-22, 1.67498924358e-22, 2.89572284298e-22, 3.9102214436e-22, 5.15094212776e-22, 7.72905164738e-22, 9.73422651145e-22, 1.49448746812e-21, 2.04348588762e-21],
        "var": [4.95747300988e-08, 7.25370910004e-06, 5.80055211685e-06, 1.66281188285e-05, 3.33820462401e-05, 7.40095274523e-05, 2.68733892881e-05, 5.40651353731e-06, 2.30012774409e-05, 4.12192866861e-06, 1.7965103325e-05, 2.87480679617e-06, 3.32059289576e-06, 1.04815148916e-06, 2.68334105158e-07, 2.65676362687e-07, 1.04229918918e-07, 9.00250682889e-08, 8.46916208275e-08, 1.13252816902e-07, 5.36545066154e-08, 8.39922620344e-08, 5.43413065657e-08, 3.94939370096e-09, 8.64255065083e-13, 9.26844874864e-18, 5.24537808451e-18]
    },
    "erbbands": {
        "dmean": [0.0241712052375, 0.235019892454, 0.845189869404, 2.44934105873, 5.16902065277, 7.12812805176, 11.4530944824, 32.5915679932, 26.5849552155, 25.8021507263, 14.4000110626, 39.0335578918, 21.9179077148, 20.1479625702, 36.2604637146, 11.6761388779, 15.1111574173, 12.4589700699, 6.95168590546, 9.23721790314, 5.6716132164, 4.75782346725, 3.83734059334, 4.4953827858, 4.18115377426, 4.30578613281, 3.8026664257, 2.59042096138, 2.27448892593, 2.04801106453, 1.37731385231, 0.588406145573, 0.201302453876, 0.0124631114304, 0.000455629196949, 4.17314149672e-05, 9.29743237066e-06, 2.69012139142e-06, 4.16634520661e-06, 9.02301781025e-06],
        "dmean2": [0.0415516979992, 0.410339444876, 1.48022627831, 4.16746997833, 8.44550704956, 11.3374252319, 18.5564651489, 52.0574378967, 42.3376502991, 39.5131759644, 21.9754371643, 59.6422119141, 33.9691505432, 31.0367698669, 55.5119819641, 17.7775211334, 24.1612186432, 19.2898025513, 11.2043399811, 15.2406806946, 9.1947593689, 7.78981924057, 6.09741353989, 7.19358110428, 6.70203876495, 6.82525444031, 6.19689083099, 4.11549520493, 3.58431506157, 3.19583582878, 2.18797278404, 0.928330898285, 0.321610212326, 0.0199265964329, 0.000721058575436, 6.53104507364e-05, 1.45848734974e-05, 4.26674978371e-06, 6.4490764089e-06, 1.40471911436e-05],
        "dvar": [0.00224122544751, 0.294886410236, 5.74650716782, 14.5791091919, 63.7812843323, 228.268630981, 489.260162354, 3299.67382812, 3312.36645508, 2750.65454102, 960.56072998, 5339.1796875, 2008.83349609, 1893.1114502, 7200.64941406, 1572.25891113, 2297.57006836, 1174.67614746, 330.67565918, 390.356750488, 242.590042114, 113.456474304, 83.9413146973, 69.0224075317, 110.466697693, 98.7491149902, 98.3560180664, 40.1245002747, 68.0590744019, 56.1875267029, 44.2726821899, 5.87619066238, 0.526625037193, 0.00147564825602, 1.98365387405e-06, 1.41023246414e-08, 5.17673404143e-10, 4.25512264313e-11, 2.49311456896e-11, 1.07562174445e-10],
        "dvar2": [0.00626782840118, 0.841823995113, 16.4317493439, 41.218914032, 165.378158569, 538.974914551, 1145.26452637, 8048.99609375, 7971.25878906, 6710.59472656, 2210.2277832, 12618.4833984, 4559.97509766, 4374.06835938, 16717.9707031, 3072.85864258, 5433.05712891, 2547.24365234, 839.178649902, 1008.8404541, 625.114013672, 299.690032959, 212.51725769, 163.971115112, 305.97479248, 239.55619812, 246.29510498, 89.005821228, 157.445587158, 129.265136719, 113.895301819, 14.3530826569, 1.29361760616, 0.00357936415821, 4.76513559988e-06, 3.33047509571e-08, 1.20494525468e-09, 9.75720615415e-11, 5.78373078597e-11, 2.53185389321e-10],
        "max": [1.05911660194, 12.4309558868, 41.4572677612, 60.9769859314, 144.271179199, 503.951202393, 547.681030273, 1083.65014648, 1070.52746582, 1083.03881836, 769.877197266, 1833.81762695, 988.037414551, 1194.7388916, 1990.49328613, 2141.54589844, 1773.02026367, 1055.82897949, 417.151306152, 436.623168945, 433.332061768, 303.569519043, 286.261169434, 193.524581909, 388.180755615, 336.658447266, 376.079284668, 238.850067139, 332.515960693, 249.613357544, 378.990325928, 109.68221283, 11.2936239243, 0.906060278416, 0.0349202342331, 0.00361567735672, 0.00084182532737, 0.00024772353936, 0.000103259735624, 0.000149862811668],
        "mean": [0.0461638793349, 0.498585820198, 1.43826770782, 5.77841997147, 11.0804414749, 16.1755561829, 22.5716438293, 61.443649292, 48.1297187805, 46.3782043457, 27.3951301575, 74.0679321289, 40.887714386, 39.4047813416, 70.1896209717, 22.7169342041, 28.964553833, 23.5534000397, 12.9314785004, 16.6014480591, 11.2828435898, 9.34688854218, 7.83144664764, 9.49308204651, 8.54672241211, 8.79639911652, 6.7039437294, 4.22935676575, 3.42668890953, 2.90611672401, 1.86433005333, 0.792975187302, 0.256608754396, 0.0160118471831, 0.000631682632957, 7.55222936277e-05, 2.24547711696e-05, 6.17549449089e-06, 1.61334537552e-05, 3.48582107108e-05],
        "median": [0.0229161866009, 0.291391789913, 0.800542354584, 3.37382268906, 6.92789077759, 7.79941368103, 11.7389326096, 29.4668426514, 21.2676887512, 20.4999351501, 14.4834899902, 32.2639846802, 16.0320549011, 10.5035705566, 13.7516775131, 7.00749588013, 6.78535270691, 5.85433292389, 4.2834444046, 6.12588787079, 3.43738365173, 3.45932340622, 2.81969761848, 3.96258187294, 3.8326625824, 4.01237678528, 3.16762638092, 1.96066021919, 1.19672751427, 0.825902700424, 0.590157151222, 0.263368546963, 0.0496274009347, 0.00406379718333, 0.000193070780369, 3.98692573071e-05, 1.66003592312e-05, 4.2829396989e-06, 1.51375870701e-05, 3.27998277498e-05],
        "min": [3.27008997531e-22, 8.37544048659e-22, 1.83209135986e-21, 8.89070120581e-21, 2.54689669931e-20, 3.84499268862e-20, 1.19732532511e-19, 1.20084123045e-19, 2.4068918893e-19, 3.87702758428e-19, 5.54029030676e-19, 1.08114729109e-18, 1.84593625497e-18, 2.2920442719e-18, 1.68732168418e-18, 2.25261422646e-18, 2.98360324635e-18, 5.48624604785e-18, 4.30494734711e-18, 3.34715181391e-18, 4.99908216199e-18, 5.90149319689e-18, 7.15063146121e-18, 7.4636920261e-18, 8.41530459102e-18, 7.73805956347e-18, 1.15145600947e-17, 1.38300942281e-17, 1.46210674908e-17, 9.94722985057e-18, 1.65199863184e-17, 1.50866907664e-17, 1.30902051584e-17, 9.94605690847e-18, 7.89800568826e-18, 5.53828977045e-18, 2.81599143203e-18, 1.1877601187e-18, 2.71661416004e-19, 2.91526397521e-20],
        "var": [0.00517613207921, 0.454785019159, 5.38725423813, 51.2376708984, 168.456100464, 853.905883789, 1039.75012207, 7436.70166016, 6329.57714844, 5360.4453125, 1924.97570801, 14625.4560547, 5382.53417969, 5577.94824219, 21576.390625, 4916.99707031, 7847.96630859, 3335.41674805, 728.668884277, 926.13458252, 697.309875488, 294.441680908, 219.831329346, 206.825195312, 214.31729126, 297.402862549, 146.156600952, 69.4701538086, 105.091453552, 80.5724334717, 41.5065727234, 5.84615087509, 0.659306466579, 0.00186948000919, 2.52529775935e-06, 1.86031581251e-08, 7.29734217497e-10, 6.30055452255e-11, 8.54618598112e-11, 3.99223237801e-10]
    },
    "gfcc": {
        "mean": [-49.3176841736, 164.073287964, -154.230514526, 48.0532417297, -84.7501602173, -4.73247146606, -14.378578186, -23.1197528839, 2.71732759476, -24.8467292786, 7.6795797348, -18.1544952393, 1.61763048172],
        "cov": [[4777.56591797, -49.4737930298, -331.668334961, 380.375701904, -213.107925415, 148.472167969, -99.2518157959, 26.8672866821, -35.0562705994, -16.2372188568, 170.516540527, -53.8077468872, 53.0968055725], [-49.4737930298, 817.075378418, 527.50970459, -43.3339004517, 130.653823853, -147.339996338, 175.81350708, -65.7951126099, -20.7301597595, 6.9677028656, -11.8770551682, -39.7902641296, 8.21733474731], [-331.668334961, 527.50970459, 1125.30908203, 270.379333496, -93.7089691162, -67.834526062, 42.3913650513, -7.29565286636, -10.460644722, 12.3158311844, -8.21106338501, -17.2977161407, 0.347927302122], [380.375701904, -43.3339004517, 270.379333496, 407.715118408, -48.5258789062, -16.7499027252, -49.0475234985, 21.6149959564, 32.8212127686, 1.68508338928, -12.9146060944, -0.471701800823, 0.746008992195], [-213.107925415, 130.653823853, -93.7089691162, -48.5258789062, 240.553344727, -12.4128170013, 20.4765262604, 0.409928768873, 5.80538702011, -1.69976341724, -21.8153705597, -2.39918160439, 7.51697015762], [148.472167969, -147.339996338, -67.834526062, -16.7499027252, -12.4128170013, 221.179580688, 0.591510236263, 15.3271303177, -24.6558227539, -0.152519315481, 19.5369281769, -7.73393297195, -9.58566761017], [-99.2518157959, 175.81350708, 42.3913650513, -49.0475234985, 20.4765262604, 0.591510236263, 221.369415283, -11.9366903305, -33.4699363708, 18.7038631439, -18.5115871429, -15.8159809113, -5.76759004593], [26.8672866821, -65.7951126099, -7.29565286636, 21.6149959564, 0.409928768873, 15.3271303177, -11.9366903305, 117.494979858, 41.7055587769, -8.30809688568, 0.392679542303, -9.40672016144, 15.9783535004], [-35.0562705994, -20.7301597595, -10.460644722, 32.8212127686, 5.80538702011, -24.6558227539, -33.4699363708, 41.7055587769, 116.144424438, 23.2049999237, -25.6975021362, 9.80120277405, -0.967068433762], [-16.2372188568, 6.9677028656, 12.3158311844, 1.68508338928, -1.69976341724, -0.152519315481, 18.7038631439, -8.30809688568, 23.2049999237, 87.2196731567, 34.171585083, -4.36542606354, 1.25897836685], [170.516540527, -11.8770551682, -8.21106338501, -12.9146060944, -21.8153705597, 19.5369281769, -18.5115871429, 0.392679542303, -25.6975021362, 34.171585083, 121.471199036, 34.5493812561, -3.4839849472], [-53.8077468872, -39.7902641296, -17.2977161407, -0.471701800823, -2.39918160439, -7.73393297195, -15.8159809113, -9.40672016144, 9.80120277405, -4.36542606354, 34.5493812561, 88.278465271, 17.906703949], [53.0968055725, 8.21733474731, 0.347927302122, 0.746008992195, 7.51697015762, -9.58566761017, -5.76759004593, 15.9783535004, -0.967068433762, 1.25897836685, -3.4839849472, 17.906703949, 83.0187225342]],
        "icov": [[0.000401462573791, -0.000767432735302, 0.000693678972311, -0.000815557490569, 0.000785267387982, -0.000517495383974, 0.000371172500309, -0.000187009543879, 0.000126980288769, 0.000159333532793, -0.000514546351042, 0.000316289049806, -0.000336209981469], [-0.000767432735302, 0.00697725545615, -0.0043434468098, 0.00329310051166, -0.0050336276181, 0.00339173781686, -0.00466365646571, 0.00471433019266, -0.00434234971181, 0.00401667878032, -0.00363231287338, 0.00412797601894, -0.00174944777973], [0.000693678972311, -0.0043434468098, 0.00399325229228, -0.00312970415689, 0.00362349371426, -0.00186817056965, 0.0024434060324, -0.00264838617295, 0.00270973099396, -0.00218826183118, 0.00160524901003, -0.00185096648056, 0.000664690334816], [-0.000815557490569, 0.00329310051166, -0.00312970415689, 0.00537245348096, -0.00238726916723, 0.0017656434793, -0.00120662315749, 0.00127876189072, -0.00193947914522, 0.000750161008909, 0.00013892291463, 0.000591376272496, 9.48755186982e-05], [0.000785267387982, -0.0050336276181, 0.00362349371426, -0.00238726916723, 0.00828083325177, -0.0022661332041, 0.00291026639752, -0.00325046153739, 0.00282061169855, -0.00267210532911, 0.00278954091482, -0.00254145287909, 0.000557232182473], [-0.000517495383974, 0.00339173781686, -0.00186817056965, 0.0017656434793, -0.0022661332041, 0.00668793031946, -0.00207800255157, 0.00079598010052, -0.00027969252551, 0.00111535075121, -0.00154505472165, 0.00174265576061, 0.000206163997063], [0.000371172500309, -0.00466365646571, 0.0024434060324, -0.00120662315749, 0.00291026639752, -0.00207800255157, 0.00887156371027, -0.00453539052978, 0.0063113225624, -0.006290235091, 0.00563319772482, -0.00412501208484, 0.00250568869524], [-0.000187009543879, 0.00471433019266, -0.00264838617295, 0.00127876189072, -0.00325046153739, 0.00079598010052, -0.00453539052978, 0.0163155067712, -0.0110597871244, 0.00909171160311, -0.00826018396765, 0.00850607082248, -0.00586455222219], [0.000126980288769, -0.00434234971181, 0.00270973099396, -0.00193947914522, 0.00282061169855, -0.00027969252551, 0.0063113225624, -0.0110597871244, 0.0203988477588, -0.0130208041519, 0.0119399651885, -0.0101027004421, 0.00574935274199], [0.000159333532793, 0.00401667878032, -0.00218826183118, 0.000750161008909, -0.00267210532911, 0.00111535075121, -0.006290235091, 0.00909171160311, -0.0130208041519, 0.0231920368969, -0.0139953363687, 0.0105726011097, -0.00568435154855], [-0.000514546351042, -0.00363231287338, 0.00160524901003, 0.00013892291463, 0.00278954091482, -0.00154505472165, 0.00563319772482, -0.00826018396765, 0.0119399651885, -0.0139953363687, 0.0206810683012, -0.0129438275471, 0.0062419869937], [0.000316289049806, 0.00412797601894, -0.00185096648056, 0.000591376272496, -0.00254145287909, 0.00174265576061, -0.00412501208484, 0.00850607082248, -0.0101027004421, 0.0105726011097, -0.0129438275471, 0.0215170476586, -0.00756316212937], [-0.000336209981469, -0.00174944777973, 0.000664690334816, 9.48755186982e-05, 0.000557232182473, 0.000206163997063, 0.00250568869524, -0.00586455222219, 0.00574935274199, -0.00568435154855, 0.0062419869937, -0.00756316212937, 0.0157526563853]]
    },
    "melbands": {
        "dmean": [0.000234073682805, 0.000388794374885, 0.000505391799379, 0.000399714394007, 0.000384098093491, 0.000707350554876, 0.000394579634303, 0.000255811028183, 0.000151754633407, 0.000230953082792, 0.000106123996375, 7.75278967922e-05, 0.000149593994138, 3.65897685697e-05, 3.32548261213e-05, 2.95997215289e-05, 2.45272767643e-05, 1.22570636449e-05, 1.16611508929e-05, 1.11430508696e-05, 7.02551324139e-06, 5.56398026674e-06, 4.07555717175e-06, 4.34274033978e-06, 3.95805409426e-06, 3.74822366211e-06, 2.73620162261e-06, 3.14289582093e-06, 2.80797394225e-06, 1.9835117655e-06, 1.50704318003e-06, 1.37579706916e-06, 1.27843725295e-06, 1.14035958632e-06, 8.60818772708e-07, 5.94898835971e-07, 2.89535734055e-07, 1.95696088667e-07, 2.66014943406e-08, 2.39848518824e-09],
        "dmean2": [0.000405341212172, 0.000681158620864, 0.000847959541716, 0.00064336520154, 0.000617548183072, 0.00113409489859, 0.000624507898465, 0.000393794063712, 0.000230649413425, 0.000353407318471, 0.000164995071827, 0.000118904798001, 0.000232301172218, 5.62015848118e-05, 5.27907577634e-05, 4.66100100311e-05, 3.76475472876e-05, 1.99149562832e-05, 1.91609924514e-05, 1.83328957064e-05, 1.14129834401e-05, 9.19236572372e-06, 6.67618769512e-06, 6.86720750309e-06, 6.42847408017e-06, 6.05986997471e-06, 4.3936424845e-06, 5.05286379848e-06, 4.61017225462e-06, 3.25346786667e-06, 2.40267718254e-06, 2.20541483031e-06, 2.01070042749e-06, 1.8135491473e-06, 1.37427105074e-06, 9.68142217062e-07, 4.65080461254e-07, 3.14578301186e-07, 4.33310454184e-08, 4.11198941563e-09],
        "dvar": [2.13270126892e-07, 1.12225211524e-06, 5.66279368286e-07, 4.67560312245e-07, 4.70660069141e-07, 1.46491902342e-06, 7.14271322977e-07, 2.82928056095e-07, 8.84892230602e-08, 1.73319079977e-07, 5.13404465607e-08, 3.01592670837e-08, 1.27321413856e-07, 1.24209966756e-08, 1.40589433428e-08, 9.90797133227e-09, 5.05231012582e-09, 1.02905817201e-09, 7.88812126729e-10, 6.72212563391e-10, 4.3327030852e-10, 1.63911162421e-10, 9.57361898091e-11, 1.18924300962e-10, 5.67690963682e-11, 8.63814506036e-11, 3.16784237731e-11, 5.93022297934e-11, 6.67755364891e-11, 2.24313553843e-11, 1.55196636792e-11, 2.26171113088e-11, 2.65836883756e-11, 1.74425699578e-11, 1.25640088611e-11, 1.67110648236e-11, 9.4574510983e-13, 5.89966172703e-13, 8.39295640094e-15, 7.11682442413e-17],
        "dvar2": [5.9729768509e-07, 3.20196204484e-06, 1.57194642725e-06, 1.16389242066e-06, 1.09818165583e-06, 3.59216755896e-06, 1.71754265921e-06, 6.95648964211e-07, 2.05617197935e-07, 4.07713571349e-07, 1.16311007048e-07, 6.79485196997e-08, 3.09565820089e-07, 2.55305696584e-08, 2.91682091813e-08, 2.16956248522e-08, 1.03325543677e-08, 2.57956855876e-09, 2.08030903615e-09, 1.6968696448e-09, 1.10270037545e-09, 4.417296251e-10, 2.49949172471e-10, 2.8041316491e-10, 1.35552735703e-10, 2.38848385514e-10, 7.68743887991e-11, 1.49397758054e-10, 1.75170170036e-10, 5.40366813795e-11, 3.53112122875e-11, 5.25725782352e-11, 6.4482419404e-11, 4.0728684314e-11, 3.12552310422e-11, 4.57493383454e-11, 2.24505136703e-12, 1.46648600381e-12, 2.04797201468e-14, 1.89194629057e-16],
        "max": [0.00876589119434, 0.0171400420368, 0.0147537104785, 0.0183783415705, 0.0145677225664, 0.0221250504255, 0.0182954668999, 0.0127011146396, 0.0082670096308, 0.00981118995696, 0.0048158839345, 0.00500245811418, 0.0088299382478, 0.00465241633356, 0.00515267718583, 0.00452811131254, 0.00234919716604, 0.000574660371058, 0.000641463906504, 0.000499070156366, 0.000627074681688, 0.000292351935059, 0.000250338605838, 0.000413205998484, 0.000153616943862, 0.000313767610351, 0.000160216819495, 0.000245159782935, 0.000306779809762, 0.000158726688824, 0.000143324228702, 0.000163636344951, 0.00024655557354, 9.69429020188e-05, 0.000174611937837, 0.000253441510722, 3.70363086404e-05, 1.3096650946e-05, 3.0062813039e-06, 3.1589252103e-07],
        "mean": [0.000502712267917, 0.000735459616408, 0.00122975872364, 0.000925004249439, 0.000820791174192, 0.00136604206637, 0.000723336066585, 0.000447775790235, 0.000277596496744, 0.000441830721684, 0.000188044810784, 0.000139677053085, 0.000288759212708, 6.69062428642e-05, 5.78075923841e-05, 5.53862264496e-05, 4.28854436905e-05, 2.0400439098e-05, 1.99768965103e-05, 1.8957638531e-05, 1.27471475935e-05, 9.99948952085e-06, 7.19734725863e-06, 7.96487620391e-06, 7.5800257946e-06, 6.99051270203e-06, 5.22241725776e-06, 5.96074414716e-06, 4.54303699371e-06, 3.10110794999e-06, 2.2445308332e-06, 1.97771851163e-06, 1.79274695711e-06, 1.52621112193e-06, 1.13056273676e-06, 7.50388494453e-07, 3.76558148218e-07, 2.37630530364e-07, 3.10159897765e-08, 2.42311637422e-09],
        "median": [0.000290165044134, 0.00043419143185, 0.000766815035604, 0.000563667388633, 0.000440603675088, 0.000676488387398, 0.000321296625771, 0.000187643934623, 0.000129489111714, 0.000197093555471, 5.5326589063e-05, 3.10209325107e-05, 4.6531251428e-05, 1.53173641593e-05, 1.39813337228e-05, 1.16035043902e-05, 9.09769460122e-06, 5.18502110936e-06, 7.09641244612e-06, 5.9423437051e-06, 2.65430799118e-06, 3.12562542604e-06, 2.52619793173e-06, 2.12203599403e-06, 2.99519706459e-06, 2.80923768514e-06, 2.42682335738e-06, 2.531279506e-06, 1.98923135031e-06, 1.40866200127e-06, 9.34040826905e-07, 6.47655042485e-07, 4.9463153573e-07, 4.01208410494e-07, 3.43377081435e-07, 2.29562743925e-07, 1.1700859659e-07, 3.45092203702e-08, 7.42597894288e-09, 4.66236382834e-10],
        "min": [2.9824261112e-24, 7.86880962957e-25, 3.4637817386e-24, 4.01637880271e-24, 3.4377580062e-24, 2.78260330517e-24, 3.48638773113e-24, 5.2514269301e-24, 5.28426129313e-24, 6.46722527369e-24, 9.35051898202e-24, 1.00382558078e-23, 3.69183550985e-24, 5.77838798694e-24, 4.08682487041e-24, 7.64714661773e-24, 1.06553059633e-23, 5.69924275561e-24, 5.046556992e-24, 5.11587774962e-24, 4.5490744839e-24, 4.86527517826e-24, 7.55711707806e-24, 5.1872976661e-24, 5.88350883016e-24, 6.06107234802e-24, 5.78277444801e-24, 4.00641351733e-24, 7.96466155436e-24, 5.50880699993e-24, 7.15954459247e-24, 7.90232576563e-24, 7.93391570058e-24, 4.56351063847e-24, 8.41126253408e-24, 9.1002252497e-24, 8.67973319937e-24, 8.92023559013e-24, 8.33430363075e-24, 7.89154124819e-24],
        "var": [4.73663050116e-07, 1.1419325574e-06, 2.09641689253e-06, 1.48203810113e-06, 1.22215396914e-06, 3.39564780916e-06, 1.39997837323e-06, 5.37706341674e-07, 2.1755754176e-07, 4.81142819808e-07, 1.37499398534e-07, 8.42645491161e-08, 3.83429693329e-07, 4.25510862101e-08, 3.52092328626e-08, 2.69202811154e-08, 1.3304982005e-08, 2.22290408303e-09, 1.53259016589e-09, 1.50813594946e-09, 1.19349019556e-09, 3.66208674496e-10, 2.04465389064e-10, 3.06649511339e-10, 1.45945547314e-10, 1.66259506162e-10, 7.58722598637e-11, 1.60042187836e-10, 8.46307815494e-11, 3.42528019837e-11, 2.45768579099e-11, 3.43646777701e-11, 3.58725098237e-11, 2.3671134497e-11, 1.34207957248e-11, 1.185128818e-11, 1.05224748186e-12, 7.32178478003e-13, 9.85047563944e-15, 6.53987918177e-17]
    },
    "mfcc": {
        "mean": [-666.204467773, 157.577438354, -4.7518119812, 36.3425521851, -30.4265804291, 9.93955612183, -15.2684230804, 5.88721370697, -14.3321609497, 8.86526012421, -11.9195041656, 3.46938180923, -5.80263710022],
        "cov": [[3901.43774414, -435.525756836, -425.369995117, 181.981216431, -101.302238464, 158.380615234, -101.118423462, 139.977127075, -218.160003662, 151.320739746, -116.032485962, 86.2893676758, -51.5260734558], [-435.525756836, 949.664611816, 295.85723877, 105.012634277, -9.7624206543, -22.3896903992, 145.201171875, -80.695892334, 64.5116958618, -10.0253238678, 13.6212091446, -20.4112586975, 21.3038711548], [-425.369995117, 295.85723877, 1085.8527832, 316.622467041, -0.290599316359, 26.4387302399, 26.2204875946, -11.4619503021, -9.01932430267, 12.1938762665, 18.6152572632, -0.54091244936, 18.1427059174], [181.981216431, 105.012634277, 316.622467041, 423.457611084, 25.5193138123, -1.65087032318, -26.7855796814, -8.50456428528, 19.2794361115, 14.7672519684, -13.0531492233, 18.1065444946, -0.842028260231], [-101.302238464, -9.7624206543, -0.290599316359, 25.5193138123, 251.27583313, -18.9067993164, -43.220161438, 8.60198402405, 10.8763828278, 0.15893663466, -17.4728603363, -0.73804807663, 11.4812965393], [158.380615234, -22.3896903992, 26.4387302399, -1.65087032318, -18.9067993164, 157.607391357, 34.4503631592, 3.99975299835, -1.66462361813, -2.23247003555, 16.0074768066, -11.7412796021, -2.86928224564], [-101.118423462, 145.201171875, 26.2204875946, -26.7855796814, -43.220161438, 34.4503631592, 199.658096313, -11.1978607178, -1.46788549423, 5.15297985077, 2.55333209038, 0.222341880202, -14.163433075], [139.977127075, -80.695892334, -11.4619503021, -8.50456428528, 8.60198402405, 3.99975299835, -11.1978607178, 116.811927795, 3.86850166321, -0.47204247117, -9.17912483215, 4.57170915604, 3.49459266663], [-218.160003662, 64.5116958618, -9.01932430267, 19.2794361115, 10.8763828278, -1.66462361813, -1.46788549423, 3.86850166321, 157.749343872, 19.062286377, 1.95580267906, -19.7901973724, -6.36228752136], [151.320739746, -10.0253238678, 12.1938762665, 14.7672519684, 0.15893663466, -2.23247003555, 5.15297985077, -0.47204247117, 19.062286377, 114.968887329, 5.17864370346, 3.77751159668, -11.6154584885], [-116.032485962, 13.6212091446, 18.6152572632, -13.0531492233, -17.4728603363, 16.0074768066, 2.55333209038, -9.17912483215, 1.95580267906, 5.17864370346, 101.570556641, 19.6513767242, -0.682238280773], [86.2893676758, -20.4112586975, -0.54091244936, 18.1065444946, -0.73804807663, -11.7412796021, 0.222341880202, 4.57170915604, -19.7901973724, 3.77751159668, 19.6513767242, 84.6092834473, 15.8816566467], [-51.5260734558, 21.3038711548, 18.1427059174, -0.842028260231, 11.4812965393, -2.86928224564, -14.163433075, 3.49459266663, -6.36228752136, -11.6154584885, -0.682238280773, 15.8816566467, 86.9837417603]],
