{
"lowlevel": {
    "average_loudness": 0.942802786827,
    "barkbands_crest": {
        "dmean": 2.41432714462,
        "dmean2": 4.05751609802,
        "dvar": 4.84775447845,
        "dvar2": 12.9639425278,
        "max": 26.7173519135,
        "mean": 7.90311956406,
        "median": 7.19908237457,
        "min": 2.35725903511,
        "var": 10.0594167709
    },
    "barkbands_flatness_db": {
        "dmean": 0.0201583039016,
        "dmean2": 0.033695269376,
        "dvar": 0.000327316985931,
        "dvar2": 0.000888147449587,
        "max": 0.449306696653,
        "mean": 0.165246039629,
        "median": 0.159308180213,
        "min": 0.0479270368814,
        "var": 0.00122349697631
    },
    "barkbands_kurtosis": {
        "dmean": 2.03228735924,
        "dmean2": 3.52113723755,
        "dvar": 1031.83459473,
        "dvar2": 3078.31494141,
        "max": 2012.08190918,
        "mean": 1.59436202049,
        "median": 0.276741147041,
        "min": -1.8702917099,
        "var": 538.376586914
    },
    "barkbands_skewness": {
        "dmean": 0.442241817713,
        "dmean2": 0.695640385151,
        "dvar": 0.571913897991,
        "dvar2": 1.52865874767,
        "max": 40.5561218262,
        "mean": 0.946818470955,
        "median": 0.86706340313,
        "min": -3.95799922943,
        "var": 1.00502347946
    },
    "barkbands_spread": {
        "dmean": 4.81669998169,
        "dmean2": 7.55512285233,
        "dvar": 26.9788627625,
        "dvar2": 59.5123176575,
        "max": 81.143989563,
        "mean": 21.7980194092,
        "median": 21.1710014343,
        "min": 0.178227737546,
        "var": 88.4471588135
    },
    "dissonance": {
        "dmean": 0.0171467568725,
        "dmean2": 0.0290944185108,
        "dvar": 0.000240862587816,
        "dvar2": 0.000661625817884,
        "max": 0.500000059605,
        "mean": 0.470067799091,
        "median": 0.475264370441,
        "min": 0.278209656477,
        "var": 0.000529272307176
    },
    "dynamic_complexity": 2.58941555023,
    "erbbands_crest": {
        "dmean": 2.80614352226,
        "dmean2": 4.62494087219,
        "dvar": 6.4828619957,
        "dvar2": 16.5553913116,
        "max": 29.8821525574,
        "mean": 8.59089946747,
        "median": 7.68652629852,
        "min": 2.21990537643,
        "var": 14.8470525742
    },
    "erbbands_flatness_db": {
        "dmean": 0.016662478447,
        "dmean2": 0.0250561516732,
        "dvar": 0.000239460612647,
        "dvar2": 0.0004882387002,
        "max": 0.407087832689,
        "mean": 0.215437218547,
        "median": 0.211464315653,
        "min": 0.0372181460261,
        "var": 0.00139569374733
    },
    "erbbands_kurtosis": {
        "dmean": 0.717670679092,
        "dmean2": 1.17271745205,
        "dvar": 1.5056784153,
        "dvar2": 4.1765203476,
        "max": 47.4056358337,
        "mean": 0.0809872224927,
        "median": -0.294257283211,
        "min": -1.71583986282,
        "var": 2.36698651314
    },
    "erbbands_skewness": {
        "dmean": 0.345288217068,
        "dmean2": 0.554823637009,
        "dvar": 0.0981257706881,
        "dvar2": 0.246862784028,
        "max": 6.51723957062,
        "mean": 0.213453695178,
        "median": 0.177728325129,
        "min": -3.73391294479,
        "var": 0.376927644014
    },
    "erbbands_spread": {
        "dmean": 6.90594100952,
        "dmean2": 10.4925537109,
        "dvar": 48.3299636841,
        "dvar2": 107.677719116,
        "max": 108.880874634,
        "mean": 32.5319099426,
        "median": 30.712978363,
        "min": 4.99667644501,
        "var": 183.779571533
    },
    "hfc": {
        "dmean": 6.90715932846,
        "dmean2": 9.89985656738,
        "dvar": 59.3732147217,
        "dvar2": 122.41998291,
        "max": 115.911552429,
        "mean": 24.3757801056,
        "median": 22.0866508484,
        "min": 1.2102817032e-16,
        "var": 243.487609863
    },
    "melbands_crest": {
        "dmean": 3.20072984695,
        "dmean2": 5.36752510071,
        "dvar": 8.4836730957,
        "dvar2": 22.6826210022,
        "max": 39.2557983398,
        "mean": 10.9857120514,
        "median": 10.1473560333,
        "min": 1.95593464375,
        "var": 18.8956165314
    },
    "melbands_flatness_db": {
        "dmean": 0.0225393436849,
        "dmean2": 0.0357583351433,
        "dvar": 0.000503149698488,
        "dvar2": 0.00122729712166,
        "max": 0.459946006536,
        "mean": 0.172105550766,
        "median": 0.164259284735,
        "min": 0.00815496593714,
        "var": 0.00237514520995
    },
    "melbands_kurtosis": {
        "dmean": 3.84811258316,
        "dmean2": 6.30307579041,
        "dvar": 315.597686768,
        "dvar2": 907.230041504,
        "max": 1018.78070068,
        "mean": 5.90490341187,
        "median": 3.10231852531,
        "min": -1.82170808315,
        "var": 244.738433838
    },
    "melbands_skewness": {
        "dmean": 0.585262537003,
        "dmean2": 0.902422487736,
        "dvar": 0.505174875259,
        "dvar2": 1.24906432629,
        "max": 26.5401611328,
        "mean": 1.76259958744,
        "median": 1.6029535532,
        "min": -1.64410459995,
        "var": 1.44917035103
    },
    "melbands_spread": {
        "dmean": 7.17876911163,
        "dmean2": 11.489569664,
        "dvar": 75.9771194458,
        "dvar2": 188.019989014,
        "max": 190.901123047,
        "mean": 28.5768070221,
        "median": 26.4315071106,
        "min": 0.381345748901,
        "var": 267.642181396
    },
    "pitch_salience": {
        "dmean": 0.0670974031091,
        "dmean2": 0.112592868507,
        "dvar": 0.00363258761354,
        "dvar2": 0.00989841669798,
        "max": 0.909869253635,
        "mean": 0.602996051311,
        "median": 0.606454372406,
        "min": 0.0349823236465,
        "var": 0.0093875285238
    },
    "silence_rate_20dB": {
        "dmean": 0,
        "dmean2": 0,
        "dvar": 0,
        "dvar2": 0,
        "max": 1,
        "mean": 1,
        "median": 1,
        "min": 1,
        "var": 0
    },
    "silence_rate_30dB": {
        "dmean": 0.00203071464784,
        "dmean2": 0.00406194478273,
        "dvar": 0.00202631624416,
        "dvar2": 0.00480597699061,
        "max": 1,
        "mean": 0.998350262642,
        "median": 1,
        "min": 0,
        "var": 0.0016471525887
    },
    "silence_rate_60dB": {
        "dmean": 0.0050767865032,
        "dmean2": 0.0101548619568,
        "dvar": 0.00505150202662,
        "dvar2": 0.0125914448872,
        "max": 1,
        "mean": 0.0417512692511,
        "median": 0,
        "min": 0,
        "var": 0.0400047376752
    },
    "spectral_centroid": {
        "dmean": 226.852462769,
        "dmean2": 356.248962402,
        "dvar": 53261.71875,
        "dvar2": 113241.414062,
        "max": 10890.0917969,
        "mean": 1505.39038086,
        "median": 1486.1809082,
        "min": 271.766662598,
        "var": 269217
    },
    "spectral_complexity": {
        "dmean": 3.70656180382,
        "dmean2": 5.68570709229,
        "dvar": 11.8841123581,
        "dvar2": 24.9861240387,
        "max": 51,
        "mean": 24.3505077362,
        "median": 25,
        "min": 0,
        "var": 85.9530944824
    },
    "spectral_decrease": {
        "dmean": 2.29804975049e-09,
        "dmean2": 3.62647756269e-09,
        "dvar": 8.63193905754e-18,
        "dvar2": 2.1422090239e-17,
        "max": 8.14756658327e-29,
        "mean": -6.675885178e-09,
        "median": -6.10500894282e-09,
        "min": -6.8243544149e-08,
        "var": 1.78464829272e-17
    },
    "spectral_energy": {
        "dmean": 0.00917840376496,
        "dmean2": 0.0144004654139,
        "dvar": 0.000132268018206,
        "dvar2": 0.00032536094659,
        "max": 0.263110071421,
        "mean": 0.0274073462933,
        "median": 0.0251622162759,
        "min": 1.06701104907e-20,
        "var": 0.000287502683932
    },
    "spectral_energyband_high": {
        "dmean": 0.000280653039226,
        "dmean2": 0.000400171964429,
        "dvar": 2.15082451405e-07,
        "dvar2": 4.34479659361e-07,
        "max": 0.0126886675134,
        "mean": 0.000718466471881,
        "median": 0.000496760476381,
        "min": 7.76022399723e-21,
        "var": 5.72002534227e-07
    },
    "spectral_energyband_low": {
        "dmean": 0.00349359330721,
        "dmean2": 0.00592256570235,
        "dvar": 6.84874248691e-05,
        "dvar2": 0.000183274009032,
        "max": 0.184611022472,
        "mean": 0.00532973185182,
        "median": 0.00259260856546,
        "min": 2.58496087124e-23,
        "var": 7.95055966591e-05
    },
    "spectral_energyband_middle_high": {
        "dmean": 0.003370098304,
        "dmean2": 0.00503249140456,
        "dvar": 2.25507010327e-05,
        "dvar2": 4.94997038913e-05,
        "max": 0.0732588991523,
        "mean": 0.00919500831515,
        "median": 0.00694318022579,
        "min": 1.50612262374e-21,
        "var": 6.73801332596e-05
    },
    "spectral_energyband_middle_low": {
        "dmean": 0.00553024094552,
        "dmean2": 0.00875906646252,
        "dvar": 5.42754169146e-05,
        "dvar2": 0.000132918576128,
        "max": 0.10111502558,
        "mean": 0.0129705518484,
        "median": 0.0102202724665,
        "min": 2.84971445551e-22,
        "var": 0.000107637810288
    },
    "spectral_entropy": {
        "dmean": 0.121611937881,
        "dmean2": 0.183519586921,
        "dvar": 0.0167094394565,
        "dvar2": 0.0345991291106,
        "max": 9.78889656067,
        "mean": 7.58589076996,
        "median": 7.61191368103,
        "min": 5.46255350113,
        "var": 0.0740932747722
    },
    "spectral_flux": {
        "dmean": 0.0226194858551,
        "dmean2": 0.036034245044,
        "dvar": 0.000599528371822,
        "dvar2": 0.00133454217575,
        "max": 0.396493494511,
        "mean": 0.0946179181337,
        "median": 0.0911966562271,
        "min": 1.05836055198e-10,
        "var": 0.00164741789922
    },
    "spectral_kurtosis": {
        "dmean": 2.00270175934,
        "dmean2": 3.51972031593,
        "dvar": 4.11392211914,
        "dvar2": 12.4052219391,
        "max": 26.6839561462,
        "mean": 2.7941827774,
        "median": 2.22673487663,
        "min": -1.20405876637,
        "var": 5.95129966736
    },
    "spectral_rms": {
        "dmean": 0.000818868458737,
        "dmean2": 0.00125837337691,
        "dvar": 7.22454501556e-07,
        "dvar2": 1.67976759258e-06,
        "max": 0.0160216335207,
        "mean": 0.00488877901807,
        "median": 0.00495464447886,
        "min": 3.22643214229e-12,
        "var": 2.83873669105e-06
    },
    "spectral_rolloff": {
        "dmean": 401.382080078,
        "dmean2": 671.258666992,
        "dvar": 383967.65625,
        "dvar2": 756106.4375,
        "max": 18906.1523438,
        "mean": 1716.77062988,
        "median": 1679.58984375,
        "min": 21.533203125,
        "var": 1063262.375
    },
    "spectral_skewness": {
        "dmean": 0.236034244299,
        "dmean2": 0.400757521391,
        "dvar": 0.0467038489878,
        "dvar2": 0.131591334939,
        "max": 3.67012286186,
        "mean": 1.06610631943,
        "median": 1.03472733498,
        "min": -0.35003593564,
        "var": 0.119295887649
    },
    "spectral_spread": {
        "dmean": 318564.3125,
        "dmean2": 465556.96875,
        "dvar": 477444210688,
        "dvar2": 605888970752,
        "max": 45993528,
        "mean": 3261145.25,
        "median": 3114239.5,
        "min": 1659097.75,
        "var": 883727138816
    },
    "spectral_strongpeak": {
        "dmean": 0.801313877106,
        "dmean2": 1.34389686584,
        "dvar": 1.14093208313,
        "dvar2": 2.88276457787,
        "max": 17.0970783234,
        "mean": 1.22707521915,
        "median": 0.715156316757,
        "min": 0,
        "var": 1.76753473282
    },
    "zerocrossingrate": {
        "dmean": 0.00754428328946,
        "dmean2": 0.00920340139419,
        "dvar": 9.09766022232e-05,
        "dvar2": 0.00011909159366,
        "max": 0.51220703125,
        "mean": 0.0636827200651,
        "median": 0.0615234375,
        "min": 0.0078125,
        "var": 0.000663093349431
    },
    "barkbands": {
        "dmean": [7.44868302718e-05, 0.00187155324966, 0.00167473859619, 0.00102099764626, 0.00188317813445, 0.00127882452216, 0.00184416072443, 0.00128244783264, 0.001050640014, 0.00128988339566, 0.00101908843499, 0.000649591151159, 0.000552710087504, 0.000531186582521, 0.000653266499285, 0.000516390195116, 0.000341485632816, 0.000250433426118, 0.000202313458431, 0.000118553645734, 0.000105773455289, 8.45352769829e-05, 7.59676186135e-05, 2.91952401312e-05, 4.89222429678e-07, 1.09236220069e-09, 1.15362586151e-09],
        "dmean2": [0.000124363068608, 0.00320670194924, 0.0028828678187, 0.00174639688339, 0.00313975149766, 0.00204537599348, 0.00297873676755, 0.0020678602159, 0.00167664838955, 0.00206234958023, 0.00163052382413, 0.00106342684012, 0.000904098735191, 0.000861443229951, 0.00105799967423, 0.000839191430714, 0.000556271930691, 0.000403378508054, 0.00032830107375, 0.000187151905266, 0.000166489422554, 0.000128706975374, 0.000110199689516, 4.28403145634e-05, 7.88929582995e-07, 2.02967154195e-09, 2.14389994646e-09],
        "dvar": [2.58392347519e-08, 2.22155140364e-05, 1.78418958967e-05, 3.43886176779e-06, 1.40068696055e-05, 5.43285023014e-06, 1.22319515867e-05, 7.87543649494e-06, 5.13994609719e-06, 9.63404454524e-06, 5.21762331118e-06, 2.26380507229e-06, 2.01591228688e-06, 1.31546210014e-06, 1.74641866124e-06, 9.92701643554e-07, 5.58758188163e-07, 1.49971555174e-07, 8.31054549622e-08, 2.73490439184e-08, 2.48016966964e-08, 3.38096093344e-08, 2.36664234876e-08, 4.49886528031e-09, 1.10851920091e-12, 2.29102621936e-18, 2.56514105306e-18],
        "dvar2": [6.54590692761e-08, 5.87119211559e-05, 4.77059620607e-05, 9.52086338657e-06, 3.69784283976e-05, 1.29550962811e-05, 3.00807423628e-05, 1.86006236618e-05, 1.27590565171e-05, 2.35129282373e-05, 1.24811213027e-05, 5.77575838179e-06, 5.30509169039e-06, 3.17219723911e-06, 4.64063350591e-06, 2.49361505666e-06, 1.37260724387e-06, 3.64017608945e-07, 2.07997814528e-07, 6.76381688436e-08, 6.14705726321e-08, 7.59448326448e-08, 4.74175543275e-08, 1.00960262372e-08, 2.74980082107e-12, 7.23285486845e-18, 8.10082789292e-18],
        "max": [0.0030464977026, 0.0761485397816, 0.110783182085, 0.0381331145763, 0.0668284147978, 0.0490866191685, 0.0696096643806, 0.0627395957708, 0.0435403287411, 0.0696496218443, 0.0436226911843, 0.0279631372541, 0.0378567092121, 0.034554310143, 0.0347534678876, 0.0242123808712, 0.0347570776939, 0.00927104335278, 0.00529424613342, 0.00262668030336, 0.0022479146719, 0.00618842989206, 0.00450571719557, 0.0021445218008, 2.66967181233e-05, 2.39556712245e-08, 2.58741348347e-08],
        "mean": [8.24498420116e-05, 0.00220123282634, 0.00251815258525, 0.00134657067247, 0.0029055099003, 0.00216280482709, 0.00271735643037, 0.00177990784869, 0.00155448308215, 0.00180967198685, 0.00146998371929, 0.00100057595409, 0.00080100185005, 0.000827449082863, 0.00105876021553, 0.000853225763422, 0.000596305122599, 0.000471194274724, 0.000418443378294, 0.000251026969636, 0.00022626738064, 0.000160867421073, 0.000141930344398, 5.14502899023e-05, 6.95271410223e-07, 8.64755378416e-10, 9.14425646314e-10],
        "median": [2.29323268286e-05, 0.000648130720947, 0.000951869995333, 0.000710284803063, 0.00179971964099, 0.00113676628098, 0.0012709798757, 0.000668950204272, 0.000645484309644, 0.0005922819837, 0.000468337035272, 0.000375614588847, 0.00034203051473, 0.000401825935114, 0.00048290938139, 0.00044780006283, 0.000317897269269, 0.000290671712719, 0.000304786954075, 0.000181119772606, 0.000150771258632, 8.91299714567e-05, 6.90039014444e-05, 2.28186472668e-05, 2.24582095143e-07, 3.31363658734e-10, 3.48815948348e-10],
        "min": [3.12375413169e-23, 6.1531639701e-24, 5.30214871416e-24, 6.6958576744e-24, 5.39619860454e-23, 1.51477780995e-23, 4.20193671588e-23, 3.27392043143e-23, 1.11682004469e-22, 2.84037604633e-23, 2.63587537402e-23, 9.44350943221e-23, 3.61087479403e-23, 2.03482025689e-22, 8.49171593345e-23, 6.71859453896e-23, 1.5937455318e-22, 1.2112875896e-22, 9.28969607073e-23, 3.49687574731e-22, 3.62667504687e-22, 4.64483219504e-22, 7.19715593426e-22, 7.39286109147e-22, 8.89855497877e-22, 1.67811520274e-21, 2.64813875953e-21],
        "var": [3.19744088983e-08, 2.45224109676e-05, 2.08901674341e-05, 3.8980251702e-06, 1.5427958715e-05, 1.02155281638e-05, 1.88772755791e-05, 1.15146849566e-05, 7.44075123293e-06, 1.48094859469e-05, 8.48187119118e-06, 3.80775964004e-06, 2.73966224995e-06, 2.08101369026e-06, 3.17377316605e-06, 1.69227985225e-06, 9.47849287058e-07, 3.27256231003e-07, 1.78860418032e-07, 6.15922743918e-08, 5.52467334103e-08, 5.72870355597e-08, 4.95983023541e-08, 8.28244228757e-09, 1.7758779473e-12, 1.83742808199e-18, 2.0533162248e-18]
    },
    "erbbands": {
        "dmean": [0.0405932702124, 0.500624537468, 1.89531505108, 2.31800699234, 6.25939226151, 5.86859035492, 7.0243678093, 11.9403762817, 20.3210868835, 32.8039474487, 23.5430717468, 23.4423656464, 31.7293739319, 42.3728218079, 34.7658920288, 24.4772872925, 25.0866851807, 24.2231502533, 32.7672805786, 27.23346138, 25.4066696167, 16.4778862, 13.364900589, 11.9449062347, 7.6073012352, 5.53877639771, 5.16915464401, 3.46377921104, 2.98062300682, 2.80426430702, 2.0575671196, 1.09482181072, 0.22387111187, 0.0169880483299, 0.000598345010076, 5.17797743669e-05, 1.16413921205e-05, 3.45404896507e-06, 5.10938389198e-06, 1.07249488792e-05],
        "dmean2": [0.0681013986468, 0.85768532753, 3.27462005615, 3.94630885124, 10.4959621429, 9.8714427948, 11.5674848557, 19.1240139008, 32.9589157104, 52.986114502, 37.5198059082, 37.1126708984, 50.6843223572, 67.6989898682, 55.5201301575, 39.5478515625, 40.792678833, 39.0960578918, 53.1478614807, 43.8735427856, 40.9106369019, 26.311668396, 21.1302051544, 19.0577163696, 12.3084230423, 8.67939376831, 8.09081268311, 5.41920614243, 4.5865073204, 4.14213371277, 3.00455522537, 1.58001387119, 0.334232747555, 0.0253088977188, 0.000859123538248, 7.15073329047e-05, 1.61797834153e-05, 4.80770995637e-06, 7.68245081417e-06, 1.66222089319e-05],
        "dvar": [0.0095916101709, 1.70861506462, 24.9629325867, 18.22930336, 198.39781189, 126.32447052, 158.081451416, 532.817199707, 1654.99743652, 4167.93115234, 3041.94311523, 2648.86401367, 6783.671875, 9477.62792969, 5539.35986328, 3150.32641602, 3700.76318359, 2630.18652344, 4718.42675781, 2530.72875977, 2249.11621094, 1109.84375, 424.347015381, 349.054260254, 100.799087524, 58.7829170227, 56.1369132996, 36.0525779724, 42.4166603088, 36.3745689392, 19.2735939026, 5.58312988281, 0.242657676339, 0.0013011287665, 1.4571222664e-06, 1.01386943285e-08, 3.83399617609e-10, 3.01939862002e-11, 3.6195352271e-11, 1.70345113015e-10],
        "dvar2": [0.0237223226577, 4.57721662521, 66.4712905884, 49.9955482483, 514.603088379, 341.850524902, 392.959503174, 1285.2956543, 3956.24951172, 10276.2792969, 7172.52636719, 6530.21191406, 16161.8388672, 22790.3417969, 13634.3134766, 7900.87353516, 9655.3125, 6464.56884766, 12236.9189453, 6620.66015625, 5498.02783203, 2631.32080078, 993.212280273, 838.388122559, 258.872283936, 145.239028931, 136.873733521, 88.2805023193, 98.6371765137, 79.2772064209, 39.5097160339, 11.7421588898, 0.558213412762, 0.00303330551833, 3.19796617987e-06, 2.10348307661e-08, 7.66674002062e-10, 5.98309110589e-11, 8.27001175874e-11, 4.11395528754e-10],
        "max": [2.1040494442, 22.9628543854, 129.352874756, 79.3630142212, 309.156585693, 304.195068359, 272.159240723, 537.192199707, 905.75592041, 1032.28869629, 1756.45019531, 1097.43981934, 2180.68920898, 2117.59448242, 1774.72509766, 1209.46472168, 1447.71643066, 1572.67993164, 1692.34777832, 1027.82629395, 1257.38769531, 1443.65148926, 465.765380859, 406.027832031, 202.898513794, 128.541717529, 117.448097229, 150.738311768, 262.040771484, 144.718292236, 144.25730896, 65.8968887329, 14.2239141464, 1.19929325581, 0.0379420220852, 0.00315845827572, 0.000588997907471, 0.000160974974278, 0.000120451783005, 0.000289173040073],
        "mean": [0.0470246225595, 0.578343033791, 2.71056199074, 3.60492801666, 8.09220123291, 9.49725532532, 11.3421764374, 19.7742233276, 32.0056915283, 47.9553833008, 34.2665977478, 35.5329170227, 48.467124939, 62.6929626465, 55.6271591187, 40.4529533386, 38.9293746948, 40.6744499207, 55.4445037842, 48.3980522156, 45.5515098572, 32.1454086304, 26.6740169525, 24.4298038483, 17.1212043762, 12.2088422775, 10.9780979156, 7.33626890182, 5.67251062393, 5.04736804962, 3.79488515854, 1.95071148872, 0.411058247089, 0.0330810174346, 0.00127398606855, 0.000127102219267, 3.32137569785e-05, 1.01405485111e-05, 1.69443446794e-05, 3.34846190526e-05],
        "median": [0.0121986987069, 0.187229156494, 1.00468504429, 2.26510238647, 4.00669240952, 5.89735364914, 6.88215732574, 9.87911224365, 14.5988759995, 21.460899353, 14.6683197021, 15.4666376114, 18.6575889587, 23.4939231873, 23.3452110291, 17.9835548401, 18.453874588, 21.4456748962, 28.6847953796, 26.2892436981, 25.6596946716, 19.1797981262, 16.9688663483, 17.6396026611, 12.8639936447, 9.08246231079, 7.54883384705, 4.63082408905, 3.1337697506, 2.58022403717, 1.83678233624, 0.866800189018, 0.184321328998, 0.0139077156782, 0.00059407344088, 7.60156690376e-05, 2.4579341698e-05, 7.73879582994e-06, 1.5748795704e-05, 3.10180475935e-05],
        "min": [2.02931754187e-22, 8.81714251387e-22, 4.90932582123e-21, 1.37194609279e-20, 4.51414012203e-20, 2.38937685682e-19, 2.46485915567e-19, 1.25820387949e-19, 5.87160199148e-19, 5.98826547712e-19, 9.89512429622e-19, 2.41628245721e-18, 2.27781800614e-18, 9.04965368635e-19, 1.26557486008e-18, 3.51978709608e-18, 1.73445939857e-18, 6.44921952489e-18, 8.45313652351e-18, 4.81218607925e-18, 3.95615547489e-18, 9.81531274085e-18, 7.68061683302e-18, 4.60479494248e-18, 7.81285240728e-18, 1.67264936127e-17, 1.21215973406e-17, 1.40582422215e-17, 1.22868233592e-17, 1.99644408353e-17, 2.27993988984e-17, 1.70245863444e-17, 1.26130915169e-17, 8.98371002074e-18, 7.94605164696e-18, 6.13201892103e-18, 2.93854072133e-18, 1.40387842452e-18, 3.65888273766e-19, 3.61748473907e-20],
        "var": [0.0119052529335, 1.70024394989, 27.1891841888, 21.0990066528, 198.176498413, 161.358428955, 235.794387817, 969.396972656, 2844.98852539, 6113.52246094, 4336.62353516, 3908.63354492, 11255.8759766, 14349.8613281, 9567.55957031, 5372.74462891, 5442.20214844, 4383.12841797, 8455.66308594, 4932.93212891, 4098.88867188, 2187.46801758, 1025.26635742, 735.754272461, 263.555999756, 139.367797852, 126.180503845, 71.3327789307, 68.8109054565, 63.6759796143, 38.1822090149, 11.2063951492, 0.495912343264, 0.00304392469116, 3.85202429243e-06, 2.6320655877e-08, 1.04509456644e-09, 8.66626007068e-11, 1.0029324593e-10, 4.03330757681e-10]
    },
    "gfcc": {
        "mean": [-20.3784599304, 139.6822052, -182.415008545, 55.3711738586, -75.4238739014, 5.39038181305, -23.3130531311, -19.3525409698, 5.82474184036, -26.5685634613, 6.05828237534, -17.9646148682, -0.639190912247],
        "cov": [[5066.94726562, 368.189819336, 107.127044678, 103.928672791, -61.4013442993, 150.007843018, -176.246536255, 107.110168457, -68.5307998657, -123.345649719, -8.82558917999, -211.955688477, 77.4964523315], [368.189819336, 766.509521484, 289.740783691, 46.826171875, 279.8253479, -100.335578918, 105.366973877, -28.4883651733, 20.361497879, 5.02482938766, 22.5963764191, -25.5656337738, 20.4668979645], [107.127044678, 289.740783691, 618.401611328, 327.6925354, 50.1130905151, 49.9744415283, -60.7082862854, 5.70277643204, -13.274764061, -16.9606513977, 9.82605075836, -4.87185287476, -13.9121990204], [103.928672791, 46.826171875, 327.6925354, 365.648284912, 85.6397018433, 83.1684799194, -44.6442375183, 11.6764011383, -18.4550266266, -19.256603241, -24.4128684998, -12.8224229813, -23.3020343781], [-61.4013442993, 279.8253479, 50.1130905151, 85.6397018433, 296.771820068, 33.4732475281, 101.470962524, -8.86364173889, 8.95800971985, 7.52396917343, -15.8296756744, -10.1788768768, 2.45882749557], [150.007843018, -100.335578918, 49.9744415283, 83.1684799194, 33.4732475281, 220.313995361, 26.6517677307, -0.0520048551261, -31.4579105377, -8.05218505859, -16.0553722382, -19.4080638885, -10.3702793121], [-176.246536255, 105.366973877, -60.7082862854, -44.6442375183, 101.470962524, 26.6517677307, 157.490585327, 8.60898303986, 9.37776470184, 21.59126091, -1.1975479126, 2.65916275978, -3.63257694244], [107.110168457, -28.4883651733, 5.70277643204, 11.6764011383, -8.86364173889, -0.0520048551261, 8.60898303986, 109.43637085, 43.5212593079, -9.17758083344, 0.10676638782, -3.85209226608, 11.6521177292], [-68.5307998657, 20.361497879, -13.274764061, -18.4550266266, 8.95800971985, -31.4579105377, 9.37776470184, 43.5212593079, 85.6151657104, 30.3529644012, 7.77191495895, 14.8538837433, -3.27487611771], [-123.345649719, 5.02482938766, -16.9606513977, -19.256603241, 7.52396917343, -8.05218505859, 21.59126091, -9.17758083344, 30.3529644012, 80.6993637085, 41.6002998352, 5.91824865341, -4.71523237228], [-8.82558917999, 22.5963764191, 9.82605075836, -24.4128684998, -15.8296756744, -16.0553722382, -1.1975479126, 0.10676638782, 7.77191495895, 41.6002998352, 77.1457748413, 29.2084293365, 8.8729467392], [-211.955688477, -25.5656337738, -4.87185287476, -12.8224229813, -10.1788768768, -19.4080638885, 2.65916275978, -3.85209226608, 14.8538837433, 5.91824865341, 29.2084293365, 69.1301727295, 19.5148239136], [77.4964523315, 20.4668979645, -13.9121990204, -23.3020343781, 2.45882749557, -10.3702793121, -3.63257694244, 11.6521177292, -3.27487611771, -4.71523237228, 8.8729467392, 19.5148239136, 64.1169281006]],
        "icov": [[0.000372542388504, -0.000824080023449, 0.000692676811013, -0.000535103667062, 0.000729770283215, -0.000735633366276, 0.000672337715514, -0.000434509274783, -1.05669630557e-06, 0.000433018343756, -0.000503804360051, 0.000939758087043, -0.000445829093223], [-0.000824080023449, 0.00859698001295, -0.00652410229668, 0.00435345247388, -0.00719370879233, 0.00559434480965, -0.00507619185373, 0.00521641178057, -0.00418884027749, 0.00436418643221, -0.00436712848023, 0.00506569398567, -0.00246699363925], [0.000692676811013, -0.00652410229668, 0.00834389496595, -0.00669352523983, 0.00583903351799, -0.00404113112018, 0.00369643094018, -0.00298679061234, 0.0018785133725, -0.00141420669388, 0.000567474227864, -0.00236773397774, 0.00113194459118], [-0.000535103667062, 0.00435345247388, -0.00669352523983, 0.00984422769397, -0.00627394579351, 0.00134817149956, 0.000701893761288, -0.000522310612723, 0.00142994744238, -0.00121125474107, 0.0023012929596, -0.00100323057268, 0.00194658711553], [0.000729770283215, -0.00719370879233, 0.00583903351799, -0.00627394579351, 0.011850562878, -0.00445733172819, -0.000457666581497, -0.00154857488815, 0.000432930362877, -0.00165841565467, 0.00247667706572, -0.00161508587189, -0.000469821912702], [-0.000735633366276, 0.00559434480965, -0.00404113112018, 0.00134817149956, -0.00445733172819, 0.0094041954726, -0.00490411790088, 0.0026527591981, -0.000109458233055, 0.00161061563995, -0.00169065664522, 0.00295412587002, -0.000903799780644], [0.000672337715514, -0.00507619185373, 0.00369643094018, 0.000701893761288, -0.000457666581497, -0.00490411790088, 0.0145112518221, -0.00706092920154, 0.0059831799008, -0.00728909950703, 0.00556014850736, -0.00596376694739, 0.0040098419413], [-0.000434509274783, 0.00521641178057, -0.00298679061234, -0.000522310612723, -0.00154857488815, 0.0026527591981, -0.00706092920154, 0.0203860830516, -0.0164787173271, 0.0129123656079, -0.00984299182892, 0.0109095228836, -0.00744467135519], [-1.05669630557e-06, -0.00418884027749, 0.0018785133725, 0.00142994744238, 0.000432930362877, -0.000109458233055, 0.0059831799008, -0.0164787173271, 0.0293517298996, -0.0190242640674, 0.0136734507978, -0.0150867169723, 0.00836481712759], [0.000433018343756, 0.00436418643221, -0.00141420669388, -0.00121125474107, -0.00165841565467, 0.00161061563995, -0.00728909950703, 0.0129123656079, -0.0190242640674, 0.0336219072342, -0.02338527143, 0.0164287798107, -0.00536220287904], [-0.000503804360051, -0.00436712848023, 0.000567474227864, 0.0023012929596, 0.00247667706572, -0.00169065664522, 0.00556014850736, -0.00984299182892, 0.0136734507978, -0.02338527143, 0.0333217047155, -0.0200377870351, 0.0051639303565], [0.000939758087043, 0.00506569398567, -0.00236773397774, -0.00100323057268, -0.00161508587189, 0.00295412587002, -0.00596376694739, 0.0109095228836, -0.0150867169723, 0.0164287798107, -0.0200377870351, 0.0341533869505, -0.01259645354], [-0.000445829093223, -0.00246699363925, 0.00113194459118, 0.00194658711553, -0.000469821912702, -0.000903799780644, 0.0040098419413, -0.00744467135519, 0.00836481712759, -0.00536220287904, 0.0051639303565, -0.01259645354, 0.0224800538272]]
    },
    "melbands": {
        "dmean": [0.000422794488259, 0.000876637466718, 0.00051362963859, 0.000445214798674, 0.000235423794948, 0.00026417823392, 0.000328914698912, 0.000345040025422, 0.00018786113651, 0.000148802486365, 0.000163731834618, 0.000177823429112, 0.000132547414978, 8.1071331806e-05, 5.72784156248e-05, 5.50083532289e-05, 4.72254796478e-05, 5.45305265405e-05, 4.76040549984e-05, 3.60844642273e-05, 3.12927077175e-05, 2.00288595806e-05, 1.45283547681e-05, 1.28529354697e-05, 1.06449406303e-05, 7.47830699765e-06, 4.41225211034e-06, 3.98089878217e-06, 3.95878214476e-06, 2.48476976594e-06, 2.18977197619e-06, 1.83314080004e-06, 1.72018951616e-06, 1.64471487096e-06, 1.30327305214e-06, 1.06466939087e-06, 5.66878895825e-07, 1.96036125999e-07, 4.28467394897e-08, 4.82368145427e-09],
        "dmean2": [0.000718395283911, 0.00150449981447, 0.000864586618263, 0.000748813035898, 0.000386547704693, 0.000421481614467, 0.000532576057594, 0.00055681518279, 0.000300416577375, 0.000236183375819, 0.000261786975898, 0.000285155663732, 0.000210618018173, 0.000131951426738, 9.22218314372e-05, 9.09338050405e-05, 7.62269555707e-05, 8.87577043613e-05, 7.65534932725e-05, 5.87427784922e-05, 5.04486270074e-05, 3.22836749547e-05, 2.33381906583e-05, 2.07748034882e-05, 1.71265692188e-05, 1.22422216009e-05, 7.21802234693e-06, 6.33318450127e-06, 6.26951987215e-06, 3.91717367165e-06, 3.51076892002e-06, 2.87980901703e-06, 2.66079723588e-06, 2.47159186983e-06, 1.96401310859e-06, 1.55015175096e-06, 8.43100110615e-07, 3.04110955085e-07, 6.79404692505e-08, 7.79309416998e-09],
        "dvar": [1.01344437553e-06, 5.24713823324e-06, 8.44321391469e-07, 8.8542458343e-07, 1.54661094598e-07, 2.49417752229e-07, 4.13638161945e-07, 4.64050287974e-07, 2.26008495474e-07, 1.02619885922e-07, 1.83811721399e-07, 1.70402017829e-07, 8.86429347702e-08, 3.61250798164e-08, 1.71471903343e-08, 2.38234250105e-08, 1.07918323167e-08, 1.3699819057e-08, 9.81264847155e-09, 6.13679063122e-09, 3.79251829941e-09, 2.16201812009e-09, 6.38736008529e-10, 4.10595307754e-10, 3.16759951602e-10, 1.0377795151e-10, 4.44378249476e-11, 3.26847299226e-11, 3.53480161808e-11, 1.40876737359e-11, 1.81231002427e-11, 1.42237515169e-11, 1.53518014273e-11, 1.16138704556e-11, 7.84268223281e-12, 4.65650478246e-12, 1.71719463735e-12, 1.86346936688e-13, 9.46737873102e-15, 9.71699124082e-17],
        "dvar2": [2.58359455074e-06, 1.3993572793e-05, 2.24875657295e-06, 2.36191704062e-06, 3.86986187095e-07, 5.9378385231e-07, 9.97651113721e-07, 1.12950704079e-06, 5.32473677595e-07, 2.52523761901e-07, 4.37105512674e-07, 4.12933502503e-07, 2.17003574221e-07, 9.26573378024e-08, 4.09636982113e-08, 6.5196601895e-08, 2.59683847759e-08, 3.45676092195e-08, 2.5937715975e-08, 1.57054991234e-08, 9.27933907491e-09, 5.1239732457e-09, 1.49114953718e-09, 1.03590214184e-09, 7.63060836739e-10, 2.67994432201e-10, 1.18831208762e-10, 7.99256147377e-11, 8.9078536214e-11, 3.47093222219e-11, 4.54270232542e-11, 3.32134320047e-11, 3.58553985114e-11, 2.55659295817e-11, 1.65574810806e-11, 9.68928496464e-12, 3.76332038449e-12, 4.46675275977e-13, 2.39987269965e-14, 2.40626178447e-16],
        "max": [0.0172570366412, 0.0553293563426, 0.0176757555455, 0.0172842051834, 0.00727621139959, 0.010730353184, 0.0148636968806, 0.0136198895052, 0.0167010370642, 0.00606504781172, 0.0113453287631, 0.0082441130653, 0.0071550779976, 0.00409252336249, 0.00509079080075, 0.00503256730735, 0.00290935253724, 0.00242984457873, 0.00230973702855, 0.00189508020412, 0.00159988354426, 0.00225664745085, 0.000833318452351, 0.00045343360398, 0.000407121988246, 0.000206588272704, 0.000164476994541, 0.00011232921679, 0.000100132398074, 6.32437004242e-05, 0.000122694546008, 0.000141483644256, 0.000126110491692, 7.63460557209e-05, 9.46545187617e-05, 5.09555138706e-05, 4.7123819968e-05, 1.20311360661e-05, 3.26506392412e-06, 1.87824340969e-07],
        "mean": [0.000517020060215, 0.00120629754383, 0.000785935204476, 0.000659123819787, 0.000400759745389, 0.000441757554654, 0.000515331979841, 0.000506149430294, 0.000265854992904, 0.000221657581278, 0.000242091642576, 0.000253279285971, 0.000199918853468, 0.000125423815916, 8.68411880219e-05, 8.03968505352e-05, 7.41111216485e-05, 8.60974032548e-05, 7.58924579713e-05, 5.90551389905e-05, 5.22037771589e-05, 3.46441884176e-05, 2.56035709754e-05, 2.30334680964e-05, 1.95834363694e-05, 1.48644921865e-05, 8.84400469658e-06, 7.79070524004e-06, 7.4996883086e-06, 5.04272975377e-06, 4.04488082495e-06, 3.26671761286e-06, 2.90655293611e-06, 2.78316065305e-06, 2.28274984693e-06, 1.7789498088e-06, 9.58930854722e-07, 3.2613954204e-07, 7.1643896149e-08, 6.98691460244e-09],
        "median": [0.000145206897287, 0.000485885015223, 0.000487679382786, 0.000380680023227, 0.000260114204139, 0.000218545814278, 0.0002434765629, 0.000226435455261, 0.000103938829852, 9.33936535148e-05, 8.67367198225e-05, 8.78353894223e-05, 7.108860882e-05, 4.71144812764e-05, 3.88468906749e-05, 3.62686805602e-05, 3.44277650584e-05, 4.19014249928e-05, 3.41462728102e-05, 2.895702346e-05, 2.61589702859e-05, 1.75992536242e-05, 1.47133951032e-05, 1.31707465698e-05, 1.3025237422e-05, 1.03429392766e-05, 6.47327578918e-06, 5.29923181602e-06, 4.77821140521e-06, 3.22684400089e-06, 2.31721378441e-06, 1.73248918145e-06, 1.44228283716e-06, 1.36523703986e-06, 1.1070559367e-06, 7.50148956286e-07, 4.0938687107e-07, 1.43358633409e-07, 2.67294026912e-08, 2.18940110486e-09],
        "min": [3.24606855332e-24, 2.16572176868e-24, 2.55496447477e-24, 9.0020262665e-24, 1.04214923242e-23, 2.8636110371e-24, 8.64060412075e-24, 6.13022705042e-24, 8.38170864912e-24, 1.58724967246e-23, 1.10683361783e-23, 3.02994058403e-24, 3.46915743124e-24, 1.00577099066e-23, 4.36582564549e-24, 3.20909444548e-24, 1.41235605432e-23, 1.65296620348e-23, 6.78105859647e-24, 5.50143193932e-24, 4.14529445184e-24, 1.03659691382e-23, 9.27373836125e-24, 5.90656486784e-24, 3.19211500335e-24, 4.38424751978e-24, 8.78804380166e-24, 1.04699654602e-23, 6.34872811053e-24, 7.85842092309e-24, 8.84157116952e-24, 5.14403298419e-24, 9.20577404996e-24, 9.32471060864e-24, 1.23616586441e-23, 1.33388111811e-23, 8.81389792896e-24, 8.57300110775e-24, 8.57406685884e-24, 6.74804082328e-24],
        "var": [1.28218619011e-06, 5.4516540331e-06, 1.00153681615e-06, 9.32745081172e-07, 2.42527676164e-07, 4.68778495133e-07, 7.0063288149e-07, 6.95818926033e-07, 3.109822444e-07, 1.5458314806e-07, 3.02775958971e-07, 2.54031220948e-07, 1.46793780686e-07, 6.02410565875e-08, 2.76309037872e-08, 2.85861627702e-08, 1.80210282252e-08, 2.26773870793e-08, 1.67952354246e-08, 1.03748698521e-08, 6.71698696664e-09, 3.70564490204e-09, 1.33180111384e-09, 8.43345115964e-10, 6.0946331315e-10, 2.30594210393e-10, 8.90597109948e-11, 6.89951915045e-11, 7.00250621377e-11, 3.11167480671e-11, 2.92358151577e-11, 2.3544940303e-11, 2.26271102549e-11, 2.0185452268e-11, 1.43727174259e-11, 9.23869574593e-12, 3.15252836856e-12, 3.22356236756e-13, 1.82505106947e-14, 1.73981996734e-16]
    },
    "mfcc": {
        "mean": [-625.592773438, 129.597015381, -32.1793365479, 30.4032897949, -17.248210907, 14.3295240402, -18.8064975739, 11.7375850677, -13.318520546, 9.89241123199, -11.3964529037, 3.74352145195, -6.54801368713],
        "cov": [[4486.57128906, 262.215423584, 6.59693956375, 38.0573196411, 9.98418521881, 39.2716560364, -67.4439849854, 102.094703674, -35.6394500732, 125.662460327, -253.43913269, 156.575119019, -140.270797729], [262.215423584, 843.006469727, -35.9680290222, 167.835067749, 75.6890563965, 17.4231338501, 73.2257919312, -19.1213588715, 35.2018356323, 29.3825092316, -0.288355529308, 5.5259141922, 25.5339946747], [6.59693956375, -35.9680290222, 622.169311523, 196.568237305, 153.428833008, 46.0761451721, -4.11049795151, 21.6379528046, -43.532951355, -15.3797597885, 11.0747966766, -13.3047733307, -19.3233737946], [38.0573196411, 167.835067749, 196.568237305, 312.601287842, 155.039306641, 36.2853164673, 24.9174461365, 16.5994625092, 14.5226335526, 1.82371807098, 6.04603910446, 3.22524118423, -2.97771501541], [9.98418521881, 75.6890563965, 153.428833008, 155.039306641, 221.287094116, 75.00730896, 42.1770095825, 29.134885788, 33.0398674011, -5.63589668274, 3.60276269913, -2.35147881508, 0.377013236284], [39.2716560364, 17.4231338501, 46.0761451721, 36.2853164673, 75.00730896, 207.626693726, 88.0826950073, 18.6203536987, 3.49925994873, 10.8040962219, 16.1294059753, -33.3477516174, -3.80492019653], [-67.4439849854, 73.2257919312, -4.11049795151, 24.9174461365, 42.1770095825, 88.0826950073, 146.868331909, 17.1411304474, 26.000038147, 10.6670866013, 12.3307275772, -20.2951622009, 2.63907718658], [102.094703674, -19.1213588715, 21.6379528046, 16.5994625092, 29.134885788, 18.6203536987, 17.1411304474, 105.989463806, 34.053653717, 9.79165935516, -11.5643634796, 3.78071308136, -8.80154132843], [-35.6394500732, 35.2018356323, -43.532951355, 14.5226335526, 33.0398674011, 3.49925994873, 26.000038147, 34.053653717, 100.767066956, 18.8570575714, 13.2855014801, -6.99630832672, 3.16324067116], [125.662460327, 29.3825092316, -15.3797597885, 1.82371807098, -5.63589668274, 10.8040962219, 10.6670866013, 9.79165935516, 18.8570575714, 79.1167373657, 12.4029150009, 5.7351360321, -9.3031539917], [-253.43913269, -0.288355529308, 11.0747966766, 6.04603910446, 3.60276269913, 16.1294059753, 12.3307275772, -11.5643634796, 13.2855014801, 12.4029150009, 101.262825012, 8.22625160217, 22.0821781158], [156.575119019, 5.5259141922, -13.3047733307, 3.22524118423, -2.35147881508, -33.3477516174, -20.2951622009, 3.78071308136, -6.99630832672, 5.7351360321, 8.22625160217, 85.7510147095, 20.5479354858], [-140.270797729, 25.5339946747, -19.3233737946, -2.97771501541, 0.377013236284, -3.80492019653, 2.63907718658, -8.80154132843, 3.16324067116, -9.3031539917, 22.0821781158, 20.5479354858, 77.4722442627]],
