{
"lowlevel": {
    "average_loudness": 0.948365747929,
    "barkbands_crest": {
        "dmean": 2.139326334,
        "dmean2": 3.53522562981,
        "dvar": 3.63449001312,
        "dvar2": 9.59226703644,
        "max": 26.9117298126,
        "mean": 7.78701257706,
        "median": 7.22134590149,
        "min": 2.7547621727,
        "var": 8.06491947174
    },
    "barkbands_flatness_db": {
        "dmean": 0.0186078157276,
        "dmean2": 0.0311646219343,
        "dvar": 0.000306909525534,
        "dvar2": 0.000804423645604,
        "max": 0.681541979313,
        "mean": 0.167902395129,
        "median": 0.1656434834,
        "min": 0.0674698203802,
        "var": 0.000828108808491
    },
    "barkbands_kurtosis": {
        "dmean": 5.67613554001,
        "dmean2": 8.87973308563,
        "dvar": 44939.1992188,
        "dvar2": 111450.109375,
        "max": 16245.1875,
        "mean": 5.16055393219,
        "median": 0.963179826736,
        "min": -1.86758875847,
        "var": 40472.8632812
    },
    "barkbands_skewness": {
        "dmean": 0.466692060232,
        "dmean2": 0.713146746159,
        "dvar": 1.93323588371,
        "dvar2": 3.81653356552,
        "max": 120.35723877,
        "mean": 1.16726875305,
        "median": 1.07443904877,
        "min": -2.04117631912,
        "var": 3.66810083389
    },
    "barkbands_spread": {
        "dmean": 4.83510494232,
        "dmean2": 7.44385623932,
        "dvar": 35.9211158752,
        "dvar2": 74.0785827637,
        "max": 86.1566543579,
        "mean": 21.9910755157,
        "median": 19.9504451752,
        "min": 0.0319568291306,
        "var": 122.706771851
    },
    "dissonance": {
        "dmean": 0.0170500092208,
        "dmean2": 0.0286447443068,
        "dvar": 0.000254824612057,
        "dvar2": 0.000684095488396,
        "max": 0.500000059605,
        "mean": 0.467467188835,
        "median": 0.472943872213,
        "min": 0.341818600893,
        "var": 0.000537890708074
    },
    "dynamic_complexity": 2.28781628609,
    "erbbands_crest": {
        "dmean": 2.74186038971,
        "dmean2": 4.40534162521,
        "dvar": 6.34881067276,
        "dvar2": 14.9441423416,
        "max": 29.6983108521,
        "mean": 8.84093379974,
        "median": 7.84110593796,
        "min": 2.30306816101,
        "var": 17.4767856598
    },
    "erbbands_flatness_db": {
        "dmean": 0.014875295572,
        "dmean2": 0.0215085335076,
        "dvar": 0.000190210455912,
        "dvar2": 0.000348436878994,
        "max": 0.367910921574,
        "mean": 0.205579668283,
        "median": 0.201976314187,
        "min": 0.0265747215599,
        "var": 0.00121126766317
    },
    "erbbands_kurtosis": {
        "dmean": 0.736155033112,
        "dmean2": 1.16141664982,
        "dvar": 0.847445189953,
        "dvar2": 2.00350546837,
        "max": 21.221282959,
        "mean": 0.188167572021,
        "median": -0.253072023392,
        "min": -1.78619325161,
        "var": 2.31615400314
    },
    "erbbands_skewness": {
        "dmean": 0.326659798622,
        "dmean2": 0.500695228577,
        "dvar": 0.0886102095246,
        "dvar2": 0.1926061064,
        "max": 3.72500181198,
        "mean": 0.296009272337,
        "median": 0.293337404728,
        "min": -3.36863827705,
        "var": 0.43944132328
    },
    "erbbands_spread": {
        "dmean": 7.52358198166,
        "dmean2": 11.3596429825,
        "dvar": 63.5469894409,
        "dvar2": 133.934249878,
        "max": 172.900588989,
        "mean": 35.8341445923,
        "median": 33.7738876343,
        "min": 4.99129867554,
        "var": 253.506561279
    },
    "hfc": {
        "dmean": 6.87819051743,
        "dmean2": 9.94171714783,
        "dvar": 95.3566818237,
        "dvar2": 193.547103882,
        "max": 192.471359253,
        "mean": 22.5305366516,
        "median": 19.4451732635,
        "min": 1.1157263565e-16,
        "var": 271.857849121
    },
    "melbands_crest": {
        "dmean": 3.04911613464,
        "dmean2": 5.10670375824,
        "dvar": 8.05000114441,
        "dvar2": 21.8755168915,
        "max": 39.9940757751,
        "mean": 11.0080213547,
        "median": 10.2476844788,
        "min": 2.12389469147,
        "var": 15.9679317474
    },
    "melbands_flatness_db": {
        "dmean": 0.0211371723562,
        "dmean2": 0.0333524420857,
        "dvar": 0.000475523003843,
        "dvar2": 0.00116293272004,
        "max": 0.67620575428,
        "mean": 0.187508791685,
        "median": 0.185585960746,
        "min": 0.0058314865455,
        "var": 0.00160681956913
    },
    "melbands_kurtosis": {
        "dmean": 14.0945739746,
        "dmean2": 23.6145191193,
        "dvar": 284447.6875,
        "dvar2": 777041.125,
        "max": 38677,
        "mean": 14.387503624,
        "median": 4.62868309021,
        "min": -1.79877734184,
        "var": 208627.59375
    },
    "melbands_skewness": {
        "dmean": 0.664307057858,
        "dmean2": 1.01930046082,
        "dvar": 5.48857355118,
        "dvar2": 12.9248085022,
        "max": 186.938110352,
        "mean": 2.05896711349,
        "median": 1.86262071133,
        "min": -0.785859823227,
        "var": 7.79184627533
    },
    "melbands_spread": {
        "dmean": 6.88916110992,
        "dmean2": 10.6021223068,
        "dvar": 102.323539734,
        "dvar2": 205.789825439,
        "max": 200.148925781,
        "mean": 25.2644119263,
        "median": 22.2809772491,
        "min": 0.024255450815,
        "var": 248.007873535
    },
    "pitch_salience": {
        "dmean": 0.0650993511081,
        "dmean2": 0.107646256685,
        "dvar": 0.00330155855045,
        "dvar2": 0.00900834612548,
        "max": 0.889897406101,
        "mean": 0.600398778915,
        "median": 0.602755665779,
        "min": 0.00157801422756,
        "var": 0.00866623967886
    },
    "silence_rate_20dB": {
        "dmean": 0,
        "dmean2": 0,
        "dvar": 0,
        "dvar2": 0,
        "max": 1,
        "mean": 1,
        "median": 1,
        "min": 1,
        "var": 0
    },
    "silence_rate_30dB": {
        "dmean": 0.00125565042254,
        "dmean2": 0.00251161633059,
        "dvar": 0.00125434959773,
        "dvar2": 0.00325828185305,
        "max": 1,
        "mean": 0.999121129513,
        "median": 1,
        "min": 0,
        "var": 0.000878231250681
    },
    "silence_rate_60dB": {
        "dmean": 0.00376695138402,
        "dmean2": 0.00753484852612,
        "dvar": 0.00375193241052,
        "dvar2": 0.00948464404792,
        "max": 1,
        "mean": 0.0331450104713,
        "median": 0,
        "min": 0,
        "var": 0.0320465303957
    },
    "spectral_centroid": {
        "dmean": 246.336608887,
        "dmean2": 372.760803223,
        "dvar": 81320.7421875,
        "dvar2": 159271.171875,
        "max": 10928.4130859,
        "mean": 1407.71386719,
        "median": 1324.14916992,
        "min": 301.499847412,
        "var": 290786.0625
    },
    "spectral_complexity": {
        "dmean": 3.70190858841,
        "dmean2": 5.67323875427,
        "dvar": 14.8591384888,
        "dvar2": 30.505613327,
        "max": 53,
        "mean": 22.0276203156,
        "median": 21,
        "min": 0,
        "var": 61.2722167969
    },
    "spectral_decrease": {
        "dmean": 2.39666886337e-09,
        "dmean2": 3.83694853667e-09,
        "dvar": 1.34645970298e-17,
        "dvar2": 3.56139866495e-17,
        "max": -1.69758121794e-28,
        "mean": -7.06786451588e-09,
        "median": -6.380658224e-09,
        "min": -7.00171298718e-08,
        "var": 1.93612375716e-17
    },
    "spectral_energy": {
        "dmean": 0.0095019293949,
        "dmean2": 0.0151405381039,
        "dvar": 0.000201821007067,
        "dvar2": 0.000529859855305,
        "max": 0.269098669291,
        "mean": 0.0287193097174,
        "median": 0.0260463375598,
        "min": 1.07606811132e-20,
        "var": 0.000307145499391
    },
    "spectral_energyband_high": {
        "dmean": 0.000404359248932,
        "dmean2": 0.000570953125134,
        "dvar": 1.47611467582e-06,
        "dvar2": 2.89402737508e-06,
        "max": 0.0278082508594,
        "mean": 0.00079939304851,
        "median": 0.000374910567189,
        "min": 7.33848870842e-21,
        "var": 2.88875594379e-06
    },
    "spectral_energyband_low": {
        "dmean": 0.00508308038116,
        "dmean2": 0.00885784253478,
        "dvar": 0.000136700007715,
        "dvar2": 0.000379463686841,
        "max": 0.179191038013,
        "mean": 0.00770161114633,
        "median": 0.00556129496545,
        "min": 8.71079396642e-23,
        "var": 0.000100827877759
    },
    "spectral_energyband_middle_high": {
        "dmean": 0.00240804487839,
        "dmean2": 0.00352194113657,
        "dvar": 1.04753253254e-05,
        "dvar2": 2.26408883464e-05,
        "max": 0.0592363700271,
        "mean": 0.00690691452473,
        "median": 0.00512965163216,
        "min": 1.91485546535e-21,
        "var": 3.75593081117e-05
    },
    "spectral_energyband_middle_low": {
        "dmean": 0.00548999197781,
        "dmean2": 0.00872845668346,
        "dvar": 4.72580104542e-05,
        "dvar2": 0.000118300631584,
        "max": 0.125942766666,
        "mean": 0.0147172138095,
        "median": 0.0124222654849,
        "min": 2.91555392261e-22,
        "var": 0.000109728207462
    },
    "spectral_entropy": {
        "dmean": 0.119984805584,
        "dmean2": 0.176052212715,
        "dvar": 0.0127435699105,
        "dvar2": 0.0240520294756,
        "max": 9.80116081238,
        "mean": 7.53781223297,
        "median": 7.53313589096,
        "min": 6.31266546249,
        "var": 0.0683848410845
    },
    "spectral_flux": {
        "dmean": 0.0235894359648,
        "dmean2": 0.0369840636849,
        "dvar": 0.000858135172166,
        "dvar2": 0.00171387183946,
        "max": 0.452521562576,
        "mean": 0.0918296203017,
        "median": 0.0833996608853,
        "min": 1.03733702184e-10,
        "var": 0.00194600911345
    },
    "spectral_kurtosis": {
        "dmean": 1.86627757549,
        "dmean2": 3.26903986931,
        "dvar": 3.0630736351,
        "dvar2": 9.15226554871,
        "max": 23.2720909119,
        "mean": 2.60878515244,
        "median": 2.07793092728,
        "min": -1.15080296993,
        "var": 5.35651159286
    },
    "spectral_rms": {
        "dmean": 0.000815980078187,
        "dmean2": 0.00126867764629,
        "dvar": 9.71178792497e-07,
        "dvar2": 2.37925905822e-06,
        "max": 0.0162029415369,
        "mean": 0.00504246726632,
        "median": 0.00504093850031,
        "min": 3.24009655911e-12,
        "var": 2.59233956967e-06
    },
    "spectral_rolloff": {
        "dmean": 427.831390381,
        "dmean2": 702.948181152,
        "dvar": 543009.9375,
        "dvar2": 1067148.25,
        "max": 18776.953125,
        "mean": 1458.91455078,
        "median": 1205.859375,
        "min": 21.533203125,
        "var": 1186573
    },
    "spectral_skewness": {
        "dmean": 0.234737038612,
        "dmean2": 0.387116342783,
        "dvar": 0.041622236371,
        "dvar2": 0.106957562268,
        "max": 3.26524615288,
        "mean": 1.05111241341,
        "median": 1.04262089729,
        "min": -0.466537207365,
        "var": 0.150190100074
    },
    "spectral_spread": {
        "dmean": 275039.1875,
        "dmean2": 408181.65625,
        "dvar": 244846444544,
        "dvar2": 303590703104,
        "max": 39477256,
        "mean": 3403507.75,
        "median": 3291463.5,
        "min": 1575606.125,
        "var": 641971453952
    },
    "spectral_strongpeak": {
        "dmean": 0.683687329292,
        "dmean2": 1.1343588829,
        "dvar": 0.927003741264,
        "dvar2": 2.19803547859,
        "max": 12.8843975067,
        "mean": 1.11881101131,
        "median": 0.544562220573,
        "min": 0,
        "var": 1.65029704571
    },
    "zerocrossingrate": {
        "dmean": 0.00807368475944,
        "dmean2": 0.00971558876336,
        "dvar": 0.000135665322887,
        "dvar2": 0.000155529109179,
        "max": 0.525390625,
        "mean": 0.0570454113185,
        "median": 0.052734375,
        "min": 0,
        "var": 0.000677628733683
    },
    "barkbands": {
        "dmean": [8.55130783748e-05, 0.00220141303726, 0.00284101185389, 0.00153983570635, 0.0019819047302, 0.00130813347641, 0.00111374480184, 0.00123659637757, 0.0014616571134, 0.000972473702859, 0.000415446294937, 0.000627454428468, 0.000435628258856, 0.000489888421725, 0.000361422193237, 0.000272726872936, 0.000239191926084, 0.000144026314956, 0.000290816067718, 0.000160981362569, 0.000110395354568, 0.000148143924889, 0.000120433280244, 3.12862212013e-05, 3.67873639107e-07, 2.24827156892e-09, 2.01048844239e-09],
        "dmean2": [0.0001474890596, 0.00381398922764, 0.00503439316526, 0.00268292613328, 0.00335377594456, 0.00213731639087, 0.00173663324676, 0.00192774715833, 0.00220370502211, 0.00150373985525, 0.00065207289299, 0.000974088383373, 0.000691924942657, 0.00077468319796, 0.000574033765588, 0.000434206303908, 0.000387044536183, 0.000235028797761, 0.000447376572993, 0.000248902622843, 0.000168128099176, 0.000221956055611, 0.000175387191121, 4.676469689e-05, 6.00244447924e-07, 4.28651869555e-09, 3.83982934338e-09],
        "dvar": [1.65088867021e-08, 2.02072606044e-05, 5.00677306263e-05, 9.24711366679e-06, 8.5690708147e-06, 4.00803673983e-06, 4.55519193565e-06, 6.99329575582e-06, 1.2273440916e-05, 4.21806771556e-06, 1.23284348774e-06, 2.05442916013e-06, 1.14270108043e-06, 1.73044907115e-06, 5.5825137224e-07, 3.44925183526e-07, 1.73476635723e-07, 5.78600918288e-08, 2.96555896284e-07, 1.01612499748e-07, 6.7686592331e-08, 3.03421785475e-07, 2.63353314267e-07, 1.64009943404e-08, 9.35520215982e-13, 3.70767369782e-15, 2.14273458799e-15],
        "dvar2": [4.65734970589e-08, 5.68721552554e-05, 0.000140545162139, 2.60617835011e-05, 2.32156344282e-05, 9.81219454843e-06, 1.1213963262e-05, 1.59806204465e-05, 2.53520993283e-05, 9.43105806073e-06, 3.06681522488e-06, 4.65202128908e-06, 2.67024211098e-06, 4.10785105487e-06, 1.30520754738e-06, 8.17248690055e-07, 4.33054339055e-07, 1.45731561929e-07, 6.47077285976e-07, 2.23121304543e-07, 1.61916204888e-07, 6.91582840773e-07, 5.13864335971e-07, 3.23418483106e-08, 2.25059619378e-12, 1.11212613825e-14, 6.42770274398e-15],
        "max": [0.00185034249444, 0.056775033474, 0.104482106864, 0.0814323872328, 0.0430035293102, 0.0471292883158, 0.0373199954629, 0.0543790534139, 0.0698184520006, 0.0567358992994, 0.0315149091184, 0.0313252881169, 0.024848530069, 0.0450858734548, 0.0216227192432, 0.0149753848091, 0.0116143999621, 0.00520305847749, 0.0110710822046, 0.00974871311337, 0.00783955678344, 0.0162138231099, 0.0149833094329, 0.00461720163003, 2.39954442804e-05, 3.84257373298e-06, 2.92069535135e-06],
        "mean": [0.000116906208859, 0.00355390505865, 0.00297138513997, 0.00202493229881, 0.00333791668527, 0.00237848679535, 0.00199872092344, 0.00205733487383, 0.00226699491031, 0.0016693623038, 0.000623138330411, 0.0010014527943, 0.000668166496325, 0.000739106268156, 0.000602328742389, 0.000494119827636, 0.00042744007078, 0.000270638993243, 0.000534418912139, 0.000292033539154, 0.000203406772926, 0.000248535594437, 0.000188638514373, 4.94915402669e-05, 4.88774958285e-07, 1.6573092898e-09, 1.3776028096e-09],
        "median": [5.31234327354e-05, 0.0026461915113, 0.0014710649848, 0.00117226410657, 0.00232377788052, 0.00154500070494, 0.000895207398571, 0.000644478073809, 0.000596714031417, 0.000589426548686, 0.000179259004653, 0.000379003235139, 0.000207262550248, 0.0002710322442, 0.000237462314544, 0.000191901475773, 0.000215519117774, 0.000168726430275, 0.000282124412479, 0.000147814134834, 0.000100728706457, 0.000104971004475, 5.80951636948e-05, 1.72098571056e-05, 1.81961894441e-07, 5.74247871477e-10, 4.21726570332e-10],
        "min": [4.2184737648e-23, 6.40694020777e-23, 7.99583260417e-24, 2.80101689642e-24, 3.64790928917e-23, 1.94600704607e-23, 2.54984204592e-23, 9.60751550767e-23, 1.04182120827e-22, 8.96541870288e-23, 9.88203216071e-23, 7.30718890389e-23, 1.60885467938e-22, 1.8525970481e-22, 1.60330463271e-22, 1.52576377091e-22, 1.5528162726e-22, 2.87163973996e-22, 4.40051856481e-22, 4.41753524117e-22, 2.41280819766e-22, 6.42545761311e-22, 6.34697188527e-22, 9.54016319467e-22, 1.44994805325e-21, 1.4465986382e-21, 1.8002045166e-21],
        "var": [2.62917314586e-08, 1.69379163708e-05, 3.39920115948e-05, 8.00638008513e-06, 1.19446704048e-05, 7.75788885221e-06, 1.01752193586e-05, 1.53302335093e-05, 2.42317855736e-05, 9.8566943052e-06, 2.28065528063e-06, 4.10025904785e-06, 1.90656726318e-06, 2.89235708806e-06, 1.12929080842e-06, 8.38500511691e-07, 3.72186434561e-07, 1.00282825599e-07, 6.24110668923e-07, 2.15944581328e-07, 1.00487973498e-07, 4.16735190356e-07, 4.86903559249e-07, 2.66354351908e-08, 1.16709799377e-12, 1.85607132182e-15, 1.07287098923e-15]
    },
    "erbbands": {
        "dmean": [0.0382027551532, 0.618134319782, 2.98960828781, 4.00993013382, 6.19574069977, 6.96881341934, 9.20123195648, 11.1871767044, 15.7288179398, 16.9445819855, 29.7454395294, 35.0138244629, 30.7137794495, 23.8142433167, 18.3374595642, 26.0662460327, 20.4673633575, 24.6971206665, 18.5573883057, 16.3163166046, 14.1846141815, 10.3682317734, 7.36442565918, 10.866314888, 14.7441949844, 7.13406038284, 4.46654319763, 4.59496307373, 5.30511283875, 4.9177274704, 3.15604305267, 1.23991012573, 0.246109828353, 0.0145117808133, 0.000554140890017, 6.44136962364e-05, 1.68740989466e-05, 5.22925620317e-06, 5.80289088248e-06, 1.11984272735e-05],
        "dmean2": [0.0645083263516, 1.08225297928, 5.32777166367, 6.9435634613, 10.441696167, 11.912686348, 15.3540258408, 18.2594966888, 24.8612384796, 25.7544193268, 46.4244041443, 52.587802887, 46.4111938477, 36.9138946533, 28.7462310791, 40.3643302917, 32.2601890564, 38.8646087646, 29.134355545, 25.9756832123, 22.333978653, 16.7152919769, 11.8611574173, 16.9283027649, 22.4749736786, 10.9198131561, 6.8920750618, 6.9410200119, 7.98725175858, 7.26671171188, 4.59342384338, 1.7983096838, 0.367363631725, 0.0215318128467, 0.000799105211627, 9.23702900764e-05, 2.51061264862e-05, 7.83005361882e-06, 8.90067440196e-06, 1.76146077138e-05],
        "dvar": [0.00347144133411, 1.80863428116, 55.180480957, 74.7665100098, 118.655548096, 113.919448853, 215.775161743, 362.298553467, 832.26965332, 1567.34765625, 4547.98730469, 8268.19921875, 5257.59667969, 2878.18798828, 2121.2902832, 3683.74609375, 2635.10351562, 4901.22753906, 1487.96484375, 1247.10351562, 761.513122559, 371.619934082, 130.584594727, 366.149047852, 863.391662598, 165.325408936, 91.6780548096, 155.904022217, 425.599060059, 368.255004883, 186.155075073, 27.9637718201, 0.799290060997, 0.00221841526218, 3.43040460393e-06, 8.72029417565e-08, 1.80653749737e-08, 1.95332150454e-09, 1.48109635667e-10, 2.5819577032e-10],
        "dvar2": [0.00954590085894, 5.09130096436, 154.797012329, 209.723144531, 318.426971436, 319.21270752, 573.662414551, 868.466674805, 2197.84375, 3293.39086914, 10698.2666016, 16769.0449219, 10993.7568359, 7131.19091797, 5110.13037109, 8244.9453125, 6199.0859375, 11517.0654297, 3460.89331055, 2976.65600586, 1820.33129883, 908.975585938, 332.816619873, 813.961975098, 1838.84753418, 360.698364258, 222.107208252, 373.485137939, 1019.26593018, 758.907531738, 372.334289551, 54.5917854309, 1.70059680939, 0.00458408938721, 6.78486685501e-06, 2.15236809709e-07, 5.20227487755e-08, 5.66486679787e-09, 3.94450999641e-10, 6.64425958696e-10],
        "max": [0.719276666641, 17.3677883148, 107.961151123, 207.890716553, 258.787384033, 181.337554932, 372.223052979, 603.410827637, 628.281311035, 991.454223633, 1514.69128418, 2169.11523438, 2313.93823242, 1245.62243652, 1375.52563477, 1538.75598145, 1350.34301758, 2493.68115234, 917.554504395, 952.667419434, 571.713134766, 723.394897461, 243.95552063, 399.643737793, 605.080810547, 300.903656006, 263.675811768, 423.033203125, 662.497924805, 492.713653564, 435.19744873, 235.397018433, 25.7188987732, 1.23222339153, 0.0528649874032, 0.0138767948374, 0.00806895829737, 0.00267703295685, 0.000571319134906, 0.000296153855743],
        "mean": [0.0751901343465, 0.90245872736, 3.29077196121, 5.48705053329, 8.85973167419, 11.0732660294, 15.2910251617, 19.4415493011, 28.3638439178, 30.9146690369, 51.7723197937, 55.9914360046, 52.2198028564, 41.5188140869, 31.0290489197, 43.3679161072, 34.318359375, 39.7619247437, 32.0151786804, 30.7266407013, 27.3442173004, 20.5530548096, 15.3532190323, 21.010679245, 27.2185535431, 14.0550384521, 8.5476474762, 8.12034416199, 8.64908981323, 7.9248714447, 4.92194509506, 1.92161118984, 0.39747056365, 0.0252187494189, 0.00103390205186, 0.000128630912513, 3.59627410944e-05, 1.09849515866e-05, 1.76781177288e-05, 3.47925815731e-05],
        "median": [0.0616090707481, 0.611770808697, 1.71734035015, 3.38405179977, 5.71669769287, 7.01845598221, 9.04805469513, 11.8052654266, 15.3717784882, 11.1201286316, 17.3767127991, 17.0942153931, 17.2866363525, 16.1784076691, 11.9859714508, 17.7731838226, 12.5841197968, 15.4894456863, 14.3048915863, 12.2303762436, 12.2287025452, 11.1974220276, 10.0042610168, 12.4254102707, 13.5775661469, 7.35530757904, 4.55650663376, 3.95575380325, 3.6316947937, 2.89469814301, 1.55166387558, 0.594841361046, 0.159900039434, 0.0116212628782, 0.000477308785776, 6.67982167215e-05, 2.25108688028e-05, 6.80839366396e-06, 1.56575606525e-05, 3.17779231409e-05],
        "min": [8.29873745818e-22, 1.70821310636e-20, 1.77342644258e-20, 1.31217074208e-20, 5.9328669943e-20, 1.72001881547e-19, 1.1833439048e-19, 1.77756732165e-19, 2.55831376278e-19, 9.9847575874e-19, 2.69536368331e-18, 2.17425871576e-18, 1.86726345271e-18, 2.74563165593e-18, 4.83219723263e-18, 2.96614559952e-18, 7.83365848123e-18, 9.47003100955e-18, 6.88876675879e-18, 9.67078774422e-18, 8.88368403234e-18, 9.24552922822e-18, 1.32857192223e-17, 1.59120962493e-17, 2.4769635584e-17, 1.95138523946e-17, 1.65214768979e-17, 1.26945671529e-17, 2.17700305287e-17, 1.78239008965e-17, 1.88573075619e-17, 1.71022106274e-17, 1.66738749996e-17, 1.5316190373e-17, 1.11775361075e-17, 5.84125955904e-18, 2.52461520011e-18, 1.01691309761e-18, 2.60950150854e-19, 2.89306936228e-20],
        "var": [0.00478588789701, 1.40434610844, 37.3719215393, 59.9076843262, 119.251731873, 165.126068115, 359.499053955, 657.677490234, 1595.83349609, 3823.11621094, 10093.7285156, 16245.1015625, 11304.5253906, 6358.99560547, 4117.29541016, 7343.6484375, 4386.57373047, 8361.62402344, 2684.10400391, 3070.16333008, 1807.56420898, 803.800598145, 264.100250244, 733.298034668, 1910.09692383, 425.938842773, 144.593475342, 210.120178223, 521.738586426, 627.504211426, 337.578308105, 46.1110610962, 1.26986694336, 0.00363328587264, 6.16827401245e-06, 1.04203984108e-07, 1.19922862751e-08, 1.24797649992e-09, 1.81324413817e-10, 4.3426506835e-10]
    },
    "gfcc": {
        "mean": [-16.3852081299, 149.884552002, -168.80015564, 62.8829536438, -74.3097915649, 8.09208679199, -16.9672966003, -18.2160072327, 6.63350009918, -25.6829090118, 7.83732175827, -17.9978141785, -1.57249701023],
        "cov": [[3626.0065918, 166.014160156, 220.196899414, 384.62121582, -143.006347656, 57.7256393433, -29.9285831451, -2.70633482933, -18.9723377228, -60.5224342346, 24.2419128418, -77.5992050171, -23.9504489899], [166.014160156, 533.907531738, 123.298370361, -68.9923934937, 116.996612549, -69.3673477173, 83.6242370605, 18.9317550659, 23.2038459778, -29.1712398529, 45.992565155, -23.2652072906, -17.8391628265], [220.196899414, 123.298370361, 507.782806396, 255.787857056, -18.7488327026, 72.879776001, 4.27861833572, 15.5530109406, -23.3658943176, 0.47394156456, 18.4332065582, 2.79089379311, -9.08855247498], [384.62121582, -68.9923934937, 255.787857056, 346.359832764, 27.6102828979, 34.3442840576, -65.2996520996, -13.7325134277, -7.2478890419, 15.3299665451, -15.7558031082, 0.995422840118, 17.40873909], [-143.006347656, 116.996612549, -18.7488327026, 27.6102828979, 179.455673218, -3.1951687336, 14.1366853714, 3.89907073975, 17.1223087311, 3.85643053055, -0.993824958801, -12.433842659, 9.63910198212], [57.7256393433, -69.3673477173, 72.879776001, 34.3442840576, -3.1951687336, 169.54473877, 62.1679420471, 2.33753657341, -41.7636871338, -7.27799606323, 1.13180327415, -4.05599594116, -1.08216273785], [-29.9285831451, 83.6242370605, 4.27861833572, -65.2996520996, 14.1366853714, 62.1679420471, 153.62008667, 39.67527771, -18.6329193115, -14.0110692978, 19.2028446198, 1.7892087698, -23.1411437988], [-2.70633482933, 18.9317550659, 15.5530109406, -13.7325134277, 3.89907073975, 2.33753657341, 39.67527771, 81.8228149414, 27.431180954, 3.42354416847, 13.4516153336, -6.23404121399, -2.44011473656], [-18.9723377228, 23.2038459778, -23.3658943176, -7.2478890419, 17.1223087311, -41.7636871338, -18.6329193115, 27.431180954, 87.3623275757, 36.0680923462, -6.82543468475, 0.612319171429, -0.149401247501], [-60.5224342346, -29.1712398529, 0.47394156456, 15.3299665451, 3.85643053055, -7.27799606323, -14.0110692978, 3.42354416847, 36.0680923462, 62.0502548218, 19.1327533722, -0.176329165697, 0.378847211599], [24.2419128418, 45.992565155, 18.4332065582, -15.7558031082, -0.993824958801, 1.13180327415, 19.2028446198, 13.4516153336, -6.82543468475, 19.1327533722, 60.7376289368, 16.3442993164, -9.26189899445], [-77.5992050171, -23.2652072906, 2.79089379311, 0.995422840118, -12.433842659, -4.05599594116, 1.7892087698, -6.23404121399, 0.612319171429, -0.176329165697, 16.3442993164, 56.2750892639, 20.9303531647], [-23.9504489899, -17.8391628265, -9.08855247498, 17.40873909, 9.63910198212, -1.08216273785, -23.1411437988, -2.44011473656, -0.149401247501, 0.378847211599, -9.26189899445, 20.9303531647, 59.9838294983]],
        "icov": [[0.000508005963638, -0.000567547627725, 0.00070431450149, -0.00136275822297, 0.00119828060269, -0.000521228590515, -6.51799564366e-05, 0.000310789997457, -0.000904795073438, 0.00130696012639, -0.00124295265414, 0.00120575318579, -0.000301350170048], [-0.000567547627725, 0.00837928708643, -0.00540599273518, 0.00452169915661, -0.00541480910033, 0.00574231846258, -0.00604100432247, 0.00717351026833, -0.00780373904854, 0.00921996776015, -0.00995030719787, 0.00807175412774, -0.00536159658805], [0.00070431450149, -0.00540599273518, 0.00750094465911, -0.00682175392285, 0.00504516996443, -0.00456195976585, 0.00283096125349, -0.00439509842545, 0.00334521592595, -0.00303398235701, 0.00280559551902, -0.00346049573272, 0.00347834243439], [-0.00136275822297, 0.00452169915661, -0.00682175392285, 0.011139433831, -0.00662037963048, 0.00267647602595, 0.000953000155278, 0.000909175898414, 0.00140884029679, -0.0026511172764, 0.00266269640997, -0.00149437028449, -0.000996295711957], [0.00119828060269, -0.00541480910033, 0.00504516996443, -0.00662037963048, 0.0117919621989, -0.00367271550931, 0.000609286420513, -0.00103708205279, -0.00109537120443, -8.61512162373e-05, -4.95365420647e-05, 0.00183461292181, -0.000864380795974], [-0.000521228590515, 0.00574231846258, -0.00456195976585, 0.00267647602595, -0.00367271550931, 0.0128057012334, -0.0081044184044, 0.00471683591604, -0.000516890606377, 0.00278810039163, -0.00401535257697, 0.00565180089325, -0.00469284830615], [-6.51799564366e-05, -0.00604100432247, 0.00283096125349, 0.000953000155278, 0.000609286420513, -0.0081044184044, 0.0175430178642, -0.0128870913759, 0.0108972331509, -0.00911171268672, 0.0103891333565, -0.0121604530141, 0.0102613186464], [0.000310789997457, 0.00717351026833, -0.00439509842545, 0.000909175898414, -0.00103708205279, 0.00471683591604, -0.0128870913759, 0.0289993397892, -0.022191632539, 0.0193688254803, -0.0218903552741, 0.0185414347798, -0.0122399227694], [-0.000904795073438, -0.00780373904854, 0.00334521592595, 0.00140884029679, -0.00109537120443, -0.000516890606377, 0.0108972331509, -0.022191632539, 0.0402510128915, -0.0341552942991, 0.0304197389632, -0.0222034789622, 0.0136443832889], [0.00130696012639, 0.00921996776015, -0.00303398235701, -0.0026511172764, -8.61512162373e-05, 0.00278810039163, -0.00911171268672, 0.0193688254803, -0.0341552942991, 0.0512167662382, -0.0376083627343, 0.0251161102206, -0.0140689406544], [-0.00124295265414, -0.00995030719787, 0.00280559551902, 0.00266269640997, -4.95365420647e-05, -0.00401535257697, 0.0103891333565, -0.0218903552741, 0.0304197389632, -0.0376083627343, 0.052660215646, -0.0318015739322, 0.0187908690423], [0.00120575318579, 0.00807175412774, -0.00346049573272, -0.00149437028449, 0.00183461292181, 0.00565180089325, -0.0121604530141, 0.0185414347798, -0.0222034789622, 0.0251161102206, -0.0318015739322, 0.04387531057, -0.0217724796385], [-0.000301350170048, -0.00536159658805, 0.00347834243439, -0.000996295711957, -0.000864380795974, -0.00469284830615, 0.0102613186464, -0.0122399227694, 0.0136443832889, -0.0140689406544, 0.0187908690423, -0.0217724796385, 0.0299089271575]]
    },
    "melbands": {
        "dmean": [0.000463536620373, 0.0012988683302, 0.000739852141123, 0.000457546295365, 0.000307448295644, 0.000252201862168, 0.000236823208979, 0.00019096165488, 0.000252906815149, 0.000216571686906, 0.000153386048623, 0.00010148795991, 6.32471346762e-05, 7.20216194168e-05, 5.47696872673e-05, 4.49880644737e-05, 4.87432662339e-05, 3.14823337249e-05, 2.45780793193e-05, 2.09516329051e-05, 1.87757887034e-05, 1.30434063976e-05, 8.81330106495e-06, 7.30686679162e-06, 9.64406808635e-06, 1.22903184092e-05, 8.64462344907e-06, 4.33796503785e-06, 2.87425518763e-06, 2.91412266051e-06, 2.89193644676e-06, 3.25171208715e-06, 2.92282197734e-06, 2.84230532088e-06, 2.07576408684e-06, 1.23999291191e-06, 6.09576773059e-07, 2.23041098479e-07, 3.2558762797e-08, 2.54242182862e-09],
        "dmean2": [0.000795411528088, 0.00230751209892, 0.00126905576326, 0.00077466329094, 0.000514447689056, 0.000410661043134, 0.000370940979337, 0.000290880823741, 0.000390906992834, 0.000326928449795, 0.000232631995459, 0.000157805508934, 9.90831977106e-05, 0.000111527770059, 8.52586745168e-05, 7.12197215762e-05, 7.70614351495e-05, 4.99004418089e-05, 3.8735634007e-05, 3.38897807524e-05, 2.99232160614e-05, 2.12230952457e-05, 1.45748663272e-05, 1.19833985082e-05, 1.52522152348e-05, 1.90068440133e-05, 1.32633331305e-05, 6.82090785631e-06, 4.50938023278e-06, 4.60253295387e-06, 4.43211638412e-06, 5.00624855704e-06, 4.46295553047e-06, 4.21715139964e-06, 3.08709945784e-06, 1.82589906217e-06, 9.20261186366e-07, 3.43122451341e-07, 5.14644149519e-08, 4.15606304927e-09],
        "dvar": [7.31490501948e-07, 1.00861116152e-05, 2.43966132984e-06, 4.77827938994e-07, 2.28333433938e-07, 1.6752116494e-07, 1.81337242111e-07, 1.80455103305e-07, 3.27505773612e-07, 3.21323057051e-07, 1.31698982386e-07, 5.46815606128e-08, 2.765154683e-08, 2.74299978287e-08, 1.69111586956e-08, 1.3011746347e-08, 1.79922317045e-08, 4.45438308461e-09, 3.2666442884e-09, 2.28033769645e-09, 1.27655519488e-09, 6.95769275527e-10, 2.41306197246e-10, 1.64073546416e-10, 3.09509862184e-10, 6.01723615379e-10, 3.29690191814e-10, 6.34543528832e-11, 3.30052547792e-11, 4.75289668733e-11, 6.53199855316e-11, 1.66360536458e-10, 1.16652992821e-10, 1.41797074082e-10, 8.82272935265e-11, 3.47907466725e-11, 6.7013773003e-12, 6.22456513416e-13, 1.18592566255e-14, 4.52920560647e-17],
        "dvar2": [2.04260641112e-06, 2.82976379822e-05, 6.73710019328e-06, 1.30201976845e-06, 6.13649206116e-07, 4.05049632946e-07, 4.70395178809e-07, 3.79583241283e-07, 7.64459912261e-07, 6.51275684049e-07, 2.75171856856e-07, 1.33822368298e-07, 6.84291165953e-08, 6.10855650507e-08, 3.90591274879e-08, 3.02228961857e-08, 4.26080610794e-08, 1.02932835588e-08, 7.38892369512e-09, 5.31306021401e-09, 3.06003244965e-09, 1.73578618146e-09, 6.26273921611e-10, 4.22466839289e-10, 7.02569669109e-10, 1.34942923502e-09, 6.75227873614e-10, 1.4533141357e-10, 7.79530953676e-11, 1.20189927455e-10, 1.58957097485e-10, 4.12871153932e-10, 2.64121807758e-10, 2.96817154188e-10, 1.82219059286e-10, 7.46724487799e-11, 1.3615590426e-11, 1.4575660557e-12, 2.6567505181e-14, 1.12750037917e-16],
        "max": [0.0103581938893, 0.0462374091148, 0.0396925881505, 0.0121065946296, 0.0116250477731, 0.0116282096133, 0.00815887376666, 0.0102082742378, 0.0141301006079, 0.0134670846164, 0.0113317100331, 0.00526053179055, 0.00476182345301, 0.00385056249797, 0.00392112601548, 0.00219998206012, 0.00442591216415, 0.00174052605871, 0.00235035875812, 0.00143166212365, 0.000736018351745, 0.000984285958111, 0.000277777871815, 0.000307602982502, 0.000379808043363, 0.000541953544598, 0.000530078832526, 0.000185915268958, 0.000128001993289, 0.000213065039134, 0.000274691352388, 0.000427981751272, 0.000340590748237, 0.000325735047227, 0.000368956796592, 0.000301653082715, 8.24096423457e-05, 2.53869566222e-05, 2.70505734079e-06, 1.41629882933e-07],
        "mean": [0.00083220214583, 0.00158230622765, 0.00105508824345, 0.000729783379938, 0.00052622955991, 0.000448822131148, 0.000432034838013, 0.000341512874002, 0.000428841303801, 0.000338668731274, 0.000253394682659, 0.000170123457792, 9.88826068351e-05, 0.000113638612675, 8.79605577211e-05, 6.95227645338e-05, 7.42209012969e-05, 5.02749353473e-05, 4.20185897383e-05, 3.76380885427e-05, 3.25600776705e-05, 2.30336572713e-05, 1.57197973749e-05, 1.33426647153e-05, 1.68994865817e-05, 2.13385410461e-05, 1.54577646754e-05, 7.80144182499e-06, 5.1051833907e-06, 4.96799884786e-06, 4.6807954277e-06, 4.98532790516e-06, 4.62582602268e-06, 4.29545434599e-06, 3.13995633405e-06, 1.75850311734e-06, 9.17937825307e-07, 3.33278848075e-07, 4.81283812803e-08, 3.47993212024e-09],
        "median": [0.000678597949445, 0.000932578230277, 0.000685053411871, 0.000485711876536, 0.000328382739099, 0.000281053595245, 0.000227301323321, 0.000118482181279, 0.000136964241392, 9.26862558117e-05, 7.77690365794e-05, 6.03694752499e-05, 3.12075826514e-05, 4.29662577517e-05, 3.48260145984e-05, 2.32983093156e-05, 2.50628472713e-05, 2.0321129341e-05, 1.67662601598e-05, 1.38624409374e-05, 1.42524286275e-05, 1.1566471585e-05, 8.53815981827e-06, 8.1181879068e-06, 9.21253740671e-06, 1.00328497865e-05, 7.43103964851e-06, 3.69744793716e-06, 2.60598676505e-06, 2.31235776482e-06, 2.16931607611e-06, 2.04900720746e-06, 1.80072242983e-06, 1.41080511185e-06, 9.6663666227e-07, 5.00471287523e-07, 2.78985936575e-07, 1.31201474574e-07, 2.11851531873e-08, 1.24992860506e-09],
        "min": [1.51352083899e-23, 1.64178473124e-23, 3.31929673622e-24, 8.17689748116e-24, 5.02687964558e-24, 3.77462725071e-24, 4.30995062758e-24, 1.36349811193e-23, 2.46939274863e-23, 1.18189799281e-23, 1.01557187743e-23, 1.17421953631e-23, 1.50353054671e-23, 9.24607774247e-24, 9.3869470009e-24, 1.86169753683e-23, 1.78064428762e-23, 1.03332416658e-23, 1.3298249531e-23, 1.21429225034e-23, 9.5948102717e-24, 9.27414856892e-24, 1.27153720411e-23, 1.12857375663e-23, 1.17657933482e-23, 2.14904469695e-23, 1.15575395912e-23, 1.46483376387e-23, 1.25050964336e-23, 5.64487130658e-24, 9.05115494596e-24, 1.51027546522e-23, 8.31404804928e-24, 1.00369431433e-23, 1.1862854794e-23, 8.20330223338e-24, 1.16926059889e-23, 1.12560984844e-23, 1.16106693732e-23, 1.33835395944e-23],
        "var": [6.97855398357e-07, 6.89364514983e-06, 2.00007980311e-06, 6.31478428659e-07, 3.82784804742e-07, 3.13664457963e-07, 3.76259578161e-07, 4.31725254657e-07, 7.07025776592e-07, 6.32418050373e-07, 2.85454632376e-07, 1.20836602946e-07, 5.18621519063e-08, 5.45638201288e-08, 2.85607395512e-08, 2.11478941026e-08, 3.09086090056e-08, 7.55873852398e-09, 6.67384059128e-09, 5.67125990614e-09, 2.66673394478e-09, 1.2966874241e-09, 4.38343528142e-10, 2.85746593054e-10, 5.76440284394e-10, 1.21537402364e-09, 7.15187631339e-10, 1.46650164234e-10, 5.51568582474e-11, 6.50767079113e-11, 8.2593605566e-11, 1.8079135411e-10, 1.71048217257e-10, 2.29791533024e-10, 1.51957557648e-10, 4.92687592113e-11, 1.04630496975e-11, 8.70603285644e-13, 1.54051847234e-14, 5.71948012675e-17]
    },
    "mfcc": {
        "mean": [-625.389892578, 137.686798096, -20.5032997131, 38.6413154602, -18.1715393066, 19.3611564636, -15.6537656784, 15.7691783905, -13.5836715698, 12.3785114288, -6.90848302841, 3.42086815834, -5.55723428726],
        "cov": [[2727.31884766, -47.536895752, 208.017669678, 316.956176758, -57.1925125122, 133.400802612, -70.3216171265, 109.104309082, -116.379432678, 131.131958008, -67.4448165894, 15.83751297, -62.6612968445], [-47.536895752, 618.550964355, -56.0362968445, 1.5643260479, 0.441189974546, -64.6189727783, 59.7919540405, 42.3788070679, -3.35976696014, 8.94250106812, 68.9407348633, -2.51821780205, 24.7169456482], [208.017669678, -56.0362968445, 518.479125977, 165.30418396, 32.3248596191, 82.6685180664, 41.8051986694, 35.7991104126, -19.5259399414, -11.8757305145, -16.2039375305, 48.8708763123, -10.4260501862], [316.956176758, 1.5643260479, 165.30418396, 278.880828857, 105.797576904, 28.4213676453, -38.2371330261, -4.17997407913, -8.81767082214, 17.358215332, -20.9454727173, -1.45646238327, 20.7235469818], [-57.1925125122, 0.441189974546, 32.3248596191, 105.797576904, 169.152816772, 27.0105724335, -23.3695755005, -31.8612518311, 21.6514167786, 6.12548875809, -12.2023925781, -12.8012981415, 7.57689571381], [133.400802612, -64.6189727783, 82.6685180664, 28.4213676453, 27.0105724335, 137.818405151, 47.1792526245, 14.7679357529, -2.57210993767, -1.38910698891, -9.33206748962, 0.758560240269, -26.2013339996], [-70.3216171265, 59.7919540405, 41.8051986694, -38.2371330261, -23.3695755005, 47.1792526245, 164.031066895, 55.8108825684, -2.82849669456, -8.25236225128, 17.0376434326, 11.5941972733, -14.3970870972], [109.104309082, 42.3788070679, 35.7991104126, -4.17997407913, -31.8612518311, 14.7679357529, 55.8108825684, 96.1002197266, 5.87058401108, 4.20093202591, 7.49328613281, 6.94816923141, -6.97761774063], [-116.379432678, -3.35976696014, -19.5259399414, -8.81767082214, 21.6514167786, -2.57210993767, -2.82849669456, 5.87058401108, 83.8856887817, 6.29836845398, -3.6499311924, -3.00215315819, 2.73524904251], [131.131958008, 8.94250106812, -11.8757305145, 17.358215332, 6.12548875809, -1.38910698891, -8.25236225128, 4.20093202591, 6.29836845398, 87.6218109131, 23.2898311615, -11.7454872131, 1.53054225445], [-67.4448165894, 68.9407348633, -16.2039375305, -20.9454727173, -12.2023925781, -9.33206748962, 17.0376434326, 7.49328613281, -3.6499311924, 23.2898311615, 80.0862884521, 14.0357971191, 2.71297478676], [15.83751297, -2.51821780205, 48.8708763123, -1.45646238327, -12.8012981415, 0.758560240269, 11.5941972733, 6.94816923141, -3.00215315819, -11.7454872131, 14.0357971191, 73.9126052856, 13.5887746811], [-62.6612968445, 24.7169456482, -10.4260501862, 20.7235469818, 7.57689571381, -26.2013339996, -14.3970870972, -6.97761774063, 2.73524904251, 1.53054225445, 2.71297478676, 13.5887746811, 77.9448318481]],
