{
"lowlevel": {
    "average_loudness": 0.908570110798,
    "barkbands_crest": {
        "dmean": 2.33449149132,
        "dmean2": 3.80343127251,
        "dvar": 4.67186880112,
        "dvar2": 11.6569442749,
        "max": 26.5383358002,
        "mean": 10.2267284393,
        "median": 9.48803043365,
        "min": 2.95212316513,
        "var": 14.9803237915
    },
    "barkbands_flatness_db": {
        "dmean": 0.0220927149057,
        "dmean2": 0.0349092707038,
        "dvar": 0.00040299052489,
        "dvar2": 0.000931562040932,
        "max": 0.476789653301,
        "mean": 0.225975126028,
        "median": 0.219695150852,
        "min": 0.0397794917226,
        "var": 0.00277623790316
    },
    "barkbands_kurtosis": {
        "dmean": 3.22716784477,
        "dmean2": 5.00371217728,
        "dvar": 24.7164554596,
        "dvar2": 60.6075210571,
        "max": 169.907440186,
        "mean": 6.937687397,
        "median": 3.95722985268,
        "min": -1.87107908726,
        "var": 79.0442428589
    },
    "barkbands_skewness": {
        "dmean": 0.488527923822,
        "dmean2": 0.750272452831,
        "dvar": 0.235848948359,
        "dvar2": 0.554039299488,
        "max": 9.76223754883,
        "mean": 1.66446185112,
        "median": 1.61460721493,
        "min": -2.73828935623,
        "var": 1.48009908199
    },
    "barkbands_spread": {
        "dmean": 3.34886884689,
        "dmean2": 5.03578472137,
        "dvar": 23.7638092041,
        "dvar2": 47.3090286255,
        "max": 87.2788162231,
        "mean": 12.396027565,
        "median": 10.3332481384,
        "min": 0.552597880363,
        "var": 94.4881362915
    },
    "dissonance": {
        "dmean": 0.0294324476272,
        "dmean2": 0.0493354424834,
        "dvar": 0.000719241041224,
        "dvar2": 0.00198701838963,
        "max": 0.500000238419,
        "mean": 0.441907674074,
        "median": 0.448830783367,
        "min": 0.216194778681,
        "var": 0.001555519877
    },
    "dynamic_complexity": 3.63440179825,
    "erbbands_crest": {
        "dmean": 3.12740206718,
        "dmean2": 4.96966457367,
        "dvar": 7.51171541214,
        "dvar2": 17.6737918854,
        "max": 31.5127372742,
        "mean": 11.7878780365,
        "median": 10.6284570694,
        "min": 2.34799933434,
        "var": 29.3820114136
    },
    "erbbands_flatness_db": {
        "dmean": 0.0190020110458,
        "dmean2": 0.0279254149646,
        "dvar": 0.00030583149055,
        "dvar2": 0.000630318711046,
        "max": 0.406602025032,
        "mean": 0.230392366648,
        "median": 0.228703290224,
        "min": 0.0252779517323,
        "var": 0.00200695567764
    },
    "erbbands_kurtosis": {
        "dmean": 1.59975481033,
        "dmean2": 2.53228712082,
        "dvar": 4.98181772232,
        "dvar2": 11.6502580643,
        "max": 57.5865325928,
        "mean": 2.13339614868,
        "median": 1.1969127655,
        "min": -1.86323857307,
        "var": 14.3332233429
    },
    "erbbands_skewness": {
        "dmean": 0.428596049547,
        "dmean2": 0.662825524807,
        "dvar": 0.157214686275,
        "dvar2": 0.359156697989,
        "max": 6.01027107239,
        "mean": 0.926815390587,
        "median": 0.864829897881,
        "min": -2.98248314857,
        "var": 0.801408290863
    },
    "erbbands_spread": {
        "dmean": 7.36403369904,
        "dmean2": 10.9683570862,
        "dvar": 88.5701980591,
        "dvar2": 171.105255127,
        "max": 136.906890869,
        "mean": 29.518037796,
        "median": 24.363445282,
        "min": 3.45115613937,
        "var": 386.643310547
    },
    "hfc": {
        "dmean": 4.63810634613,
        "dmean2": 6.81267499924,
        "dvar": 37.7823181152,
        "dvar2": 77.4597015381,
        "max": 140.115158081,
        "mean": 16.2533168793,
        "median": 12.42121315,
        "min": 1.22420943948e-16,
        "var": 202.66809082
    },
    "melbands_crest": {
        "dmean": 2.75740337372,
        "dmean2": 4.52821016312,
        "dvar": 6.55392122269,
        "dvar2": 16.4397258759,
        "max": 39.484703064,
        "mean": 12.5976772308,
        "median": 11.8526878357,
        "min": 2.23561549187,
        "var": 20.2763805389
    },
    "melbands_flatness_db": {
        "dmean": 0.0237920321524,
        "dmean2": 0.0354206711054,
        "dvar": 0.00061505130725,
        "dvar2": 0.00128438230604,
        "max": 0.603969931602,
        "mean": 0.265118151903,
        "median": 0.256853342056,
        "min": 0.00565780233592,
        "var": 0.00559533201158
    },
    "melbands_kurtosis": {
        "dmean": 6.32747745514,
        "dmean2": 9.85558605194,
        "dvar": 107.40562439,
        "dvar2": 258.086456299,
        "max": 203.954879761,
        "mean": 14.7456493378,
        "median": 8.65545368195,
        "min": -1.83256387711,
        "var": 357.459014893
    },
    "melbands_skewness": {
        "dmean": 0.632389485836,
        "dmean2": 0.964735329151,
        "dvar": 0.441409826279,
        "dvar2": 1.01315402985,
        "max": 11.4784545898,
        "mean": 2.30027532578,
        "median": 2.14458084106,
        "min": -1.0632250309,
        "var": 2.59334230423
    },
    "melbands_spread": {
        "dmean": 3.76197290421,
        "dmean2": 5.73346805573,
        "dvar": 37.404296875,
        "dvar2": 73.7675094604,
        "max": 167.989578247,
        "mean": 14.6240053177,
        "median": 12.0236854553,
        "min": 0.489754468203,
        "var": 159.612747192
    },
    "pitch_salience": {
        "dmean": 0.0628821030259,
        "dmean2": 0.103173620999,
        "dvar": 0.00308423466049,
        "dvar2": 0.00794034171849,
        "max": 0.93514841795,
        "mean": 0.572469711304,
        "median": 0.574218153954,
        "min": 0.020360339433,
        "var": 0.012636593543
    },
    "silence_rate_20dB": {
        "dmean": 0,
        "dmean2": 0,
        "dvar": 0,
        "dvar2": 0,
        "max": 1,
        "mean": 1,
        "median": 1,
        "min": 1,
        "var": 0
    },
    "silence_rate_30dB": {
        "dmean": 0.00337180658244,
        "dmean2": 0.00674448767677,
        "dvar": 0.0033605012577,
        "dvar2": 0.00955268461257,
        "max": 1,
        "mean": 0.997147321701,
        "median": 1,
        "min": 0,
        "var": 0.00284429360181
    },
    "silence_rate_60dB": {
        "dmean": 0.00881857052445,
        "dmean2": 0.0176394302398,
        "dvar": 0.00873990636319,
        "dvar2": 0.0207013431937,
        "max": 1,
        "mean": 0.0608143135905,
        "median": 0,
        "min": 0,
        "var": 0.0571107007563
    },
    "spectral_centroid": {
        "dmean": 156.302352905,
        "dmean2": 232.930419922,
        "dvar": 57068.0859375,
        "dvar2": 102018.539062,
        "max": 11154.921875,
        "mean": 857.987304688,
        "median": 750.571044922,
        "min": 144.385253906,
        "var": 282940.03125
    },
    "spectral_complexity": {
        "dmean": 2.19867730141,
        "dmean2": 3.55486392975,
        "dvar": 5.67450475693,
        "dvar2": 13.2317333221,
        "max": 50,
        "mean": 13.1881484985,
        "median": 13,
        "min": 0,
        "var": 43.2637290955
    },
    "spectral_decrease": {
        "dmean": 2.08419503878e-09,
        "dmean2": 3.2252365223e-09,
        "dvar": 7.05554704979e-18,
        "dvar2": 1.65157958214e-17,
        "max": 8.60675943952e-29,
        "mean": -7.45178940775e-09,
        "median": -6.76607481154e-09,
        "min": -4.16985272977e-08,
        "var": 2.5211358303e-17
    },
    "spectral_energy": {
        "dmean": 0.00821384042501,
        "dmean2": 0.0126944230869,
        "dvar": 0.000107967309305,
        "dvar2": 0.0002511862549,
        "max": 0.161662265658,
        "mean": 0.029599038884,
        "median": 0.026833858341,
        "min": 1.07791093078e-20,
        "var": 0.000395269715227
    },
    "spectral_energyband_high": {
        "dmean": 0.000153253902681,
        "dmean2": 0.000212423808989,
        "dvar": 2.37355180843e-07,
        "dvar2": 4.30619110148e-07,
        "max": 0.0229341052473,
        "mean": 0.000316199351801,
        "median": 0.000102453137515,
        "min": 8.14892295254e-21,
        "var": 8.77800175658e-07
    },
    "spectral_energyband_low": {
        "dmean": 0.00270191952586,
        "dmean2": 0.00447496399283,
        "dvar": 3.33186289936e-05,
        "dvar2": 8.92906828085e-05,
        "max": 0.124190732837,
        "mean": 0.00742048956454,
        "median": 0.00613063946366,
        "min": 1.12958671715e-22,
        "var": 5.11304715474e-05
    },
    "spectral_energyband_middle_high": {
        "dmean": 0.00216529262252,
        "dmean2": 0.00318720075302,
        "dvar": 1.98164889298e-05,
        "dvar2": 4.16018374381e-05,
        "max": 0.120812140405,
        "mean": 0.00588373467326,
        "median": 0.00202452833764,
        "min": 1.12337902553e-21,
        "var": 8.48072813824e-05
    },
    "spectral_energyband_middle_low": {
        "dmean": 0.0060790060088,
        "dmean2": 0.00935373175889,
        "dvar": 6.72468377161e-05,
        "dvar2": 0.000155868561706,
        "max": 0.145999804139,
        "mean": 0.0170009545982,
        "median": 0.0130917010829,
        "min": 4.38934677978e-22,
        "var": 0.0002248933597
    },
    "spectral_entropy": {
        "dmean": 0.185312792659,
        "dmean2": 0.267857640982,
        "dvar": 0.0374769121408,
        "dvar2": 0.0730154365301,
        "max": 9.78022670746,
        "mean": 7.00395488739,
        "median": 7.00707578659,
        "min": 4.94269800186,
        "var": 0.258313983679
    },
    "spectral_flux": {
        "dmean": 0.0213784519583,
        "dmean2": 0.0346213281155,
        "dvar": 0.000592930009589,
        "dvar2": 0.001398715307,
        "max": 0.326698184013,
        "mean": 0.0760670825839,
        "median": 0.070839419961,
        "min": 1.0382249227e-10,
        "var": 0.00165506312624
    },
    "spectral_kurtosis": {
        "dmean": 3.49909448624,
        "dmean2": 5.9761300087,
        "dvar": 16.6212501526,
        "dvar2": 45.5522575378,
        "max": 74.4583892822,
        "mean": 5.90706110001,
        "median": 4.59824371338,
        "min": -1.40732562542,
        "var": 30.8349819183
    },
    "spectral_rms": {
        "dmean": 0.000711141969077,
        "dmean2": 0.00108809082303,
        "dvar": 5.79213804031e-07,
        "dvar2": 1.2638647604e-06,
        "max": 0.0125586343929,
        "mean": 0.00501856254414,
        "median": 0.00511657819152,
        "min": 3.24286973143e-12,
        "var": 3.69112012777e-06
    },
    "spectral_rolloff": {
        "dmean": 220.161804199,
        "dmean2": 372.834686279,
        "dvar": 280509.0625,
        "dvar2": 580093.4375,
        "max": 18755.4199219,
        "mean": 892.504089355,
        "median": 667.529296875,
        "min": 21.533203125,
        "var": 828100.4375
    },
    "spectral_skewness": {
        "dmean": 0.36569210887,
        "dmean2": 0.588996529579,
        "dvar": 0.127248555422,
        "dvar2": 0.321474850178,
        "max": 6.48860549927,
        "mean": 1.69267642498,
        "median": 1.63524150848,
        "min": -0.469105154276,
        "var": 0.503350913525
    },
    "spectral_spread": {
        "dmean": 411695.84375,
        "dmean2": 594828.375,
        "dvar": 362724261888,
        "dvar2": 491863244800,
        "max": 41733972,
        "mean": 3240742.75,
        "median": 3014959.75,
        "min": 1143956.875,
        "var": 1.18969322701e+12
    },
    "spectral_strongpeak": {
        "dmean": 0.628024399281,
        "dmean2": 0.99351221323,
        "dvar": 0.733398854733,
        "dvar2": 1.70899283886,
        "max": 10.1539726257,
        "mean": 1.38746094704,
        "median": 0.681274294853,
        "min": 0,
        "var": 2.59643101692
    },
    "zerocrossingrate": {
        "dmean": 0.00608068797737,
        "dmean2": 0.00722269946709,
        "dvar": 8.6798783741e-05,
        "dvar2": 9.36909054872e-05,
        "max": 0.51904296875,
        "mean": 0.0388502702117,
        "median": 0.03515625,
        "min": 0,
        "var": 0.000662302307319
    },
    "barkbands": {
        "dmean": [9.86924569588e-05, 0.00146741757635, 0.00137803761754, 0.000960856734309, 0.00249623949639, 0.00242612697184, 0.000966991763562, 0.000846237817314, 0.00125113816466, 0.00110870075878, 0.000731607957277, 0.000386192841688, 0.00031948366086, 0.000174628890818, 0.000280730106169, 0.000148725681356, 6.48080167593e-05, 8.47518385854e-05, 6.73885297147e-05, 5.36832412763e-05, 4.11522341892e-05, 5.55130027351e-05, 4.30329673691e-05, 2.02687915589e-05, 2.0433822101e-07, 1.11333542385e-09, 1.12998688184e-09],
        "dmean2": [0.000168220489286, 0.00245944643393, 0.00232565845363, 0.00162628374528, 0.00411024829373, 0.00372451147996, 0.00150996434968, 0.00130950438324, 0.00188841193449, 0.00163533061277, 0.00110023736488, 0.000592754397076, 0.000495263375342, 0.000278130493825, 0.000448991369922, 0.000247451884206, 0.000108222266135, 0.00013488708646, 0.000107339066744, 8.35564496811e-05, 6.29992282484e-05, 8.13219376141e-05, 6.26793407719e-05, 3.08276175929e-05, 3.29626033135e-07, 2.02831995644e-09, 2.0767982889e-09],
        "dvar": [2.79222174271e-08, 8.73493991094e-06, 1.00803008536e-05, 2.17071601583e-06, 1.6553187379e-05, 2.96493890346e-05, 7.89129899204e-06, 5.63552839594e-06, 1.04310074676e-05, 1.38615741889e-05, 4.65885295853e-06, 1.61142452271e-06, 9.66483526099e-07, 2.30869233064e-07, 4.92859101087e-07, 1.80535906225e-07, 3.70736081834e-08, 3.54224667376e-08, 1.73858012431e-08, 1.7869441038e-08, 2.06325676544e-08, 4.61108413674e-08, 2.0964087355e-08, 2.18713958056e-09, 3.86953923764e-13, 2.66840731471e-18, 2.95913048754e-18],
        "dvar2": [7.56670601731e-08, 2.4003938961e-05, 2.79499272438e-05, 5.99206168772e-06, 4.30599866377e-05, 6.90195083735e-05, 1.82445037353e-05, 1.2283398064e-05, 2.16994067159e-05, 2.87144430331e-05, 1.0560798728e-05, 3.32969989358e-06, 2.1950147584e-06, 5.18053070664e-07, 1.18043647035e-06, 4.74325901223e-07, 1.05002477824e-07, 8.66654161769e-08, 4.22608685824e-08, 3.84395271169e-08, 4.71441730099e-08, 9.3668717227e-08, 4.3007421624e-08, 4.63031213371e-09, 9.57254674833e-13, 8.39655240653e-18, 9.3501212536e-18],
        "max": [0.00281779677607, 0.0460409857333, 0.0711385011673, 0.0218400061131, 0.0762842670083, 0.12449721992, 0.0661559700966, 0.055995427072, 0.0699532553554, 0.107448510826, 0.0652863457799, 0.0422036610544, 0.0317926779389, 0.0135834589601, 0.0148195074871, 0.0132159879431, 0.00509513262659, 0.00523248314857, 0.00279191322625, 0.00386463385075, 0.00492219347507, 0.0100782988593, 0.00626267399639, 0.00142008834518, 1.70000366779e-05, 2.35458230691e-08, 2.44753124434e-08],
        "mean": [0.000157030910486, 0.00373910879716, 0.00278891227208, 0.00182807713281, 0.00520061980933, 0.00443571712822, 0.00149567460176, 0.00134125188924, 0.00219143508002, 0.00209055864252, 0.00144105986692, 0.000636689539533, 0.000490745645948, 0.000274178863037, 0.000469367718324, 0.000242459267611, 0.000110924440378, 0.000158168884809, 0.000134126603371, 9.6757466963e-05, 6.85626800987e-05, 9.83935824479e-05, 7.78220928623e-05, 3.11205803882e-05, 2.40215740632e-07, 9.9478325577e-10, 9.32407817622e-10],
        "median": [5.30820871063e-05, 0.00303345778957, 0.00167189561762, 0.00115267257206, 0.00348117249086, 0.00152991083451, 0.000405084167141, 0.000396583578549, 0.000395261507947, 0.000169385544723, 0.000162053474924, 0.000109504784632, 0.000100568329799, 5.11894795636e-05, 0.00011053570779, 6.30766662653e-05, 3.94221715396e-05, 5.59167528991e-05, 5.41221816093e-05, 3.7063327909e-05, 1.54215031216e-05, 2.53254984273e-05, 1.979224362e-05, 8.6645995907e-06, 4.94390341998e-08, 4.08539369001e-10, 3.22605969716e-10],
        "min": [5.5427260467e-23, 1.76429293655e-23, 6.16998280014e-23, 2.33415769256e-23, 5.36600858216e-23, 1.25271023397e-22, 3.79381542448e-23, 8.5009702185e-23, 8.65657145433e-23, 7.136137985e-23, 4.19837327339e-23, 7.70775795652e-23, 7.66827073505e-23, 9.91277249247e-23, 7.04728511026e-23, 7.17893905336e-23, 9.71785821565e-23, 1.4952022897e-22, 2.62352291665e-22, 2.45945726641e-22, 4.98493651079e-22, 5.31235998215e-22, 7.31037325138e-22, 7.53269621636e-22, 1.2012487098e-21, 1.83417829454e-21, 2.65993214171e-21],
        "var": [5.80935832772e-08, 1.37219140015e-05, 1.3559259969e-05, 4.37484004578e-06, 3.76187126676e-05, 6.77971474943e-05, 1.45571602843e-05, 1.05059734778e-05, 2.85661208181e-05, 4.20716532972e-05, 1.66337795235e-05, 3.69457484339e-06, 1.67609630353e-06, 5.32422404831e-07, 1.13466103357e-06, 3.71561640122e-07, 7.77272717301e-08, 7.94951802163e-08, 4.49642065803e-08, 4.06193230162e-08, 4.53184441085e-08, 1.40267928828e-07, 7.16687580393e-08, 5.96692295574e-09, 4.67067790694e-13, 2.32329639621e-18, 2.41876131071e-18]
    },
    "erbbands": {
        "dmean": [0.0363666899502, 0.37359264493, 1.42383885384, 2.26315045357, 4.75171899796, 9.89136219025, 16.7445087433, 21.2510032654, 15.0447454453, 13.7015285492, 17.8887939453, 32.0849647522, 27.5542831421, 31.4379768372, 31.7142887115, 12.6916227341, 13.7881822586, 8.89563655853, 15.4992303848, 8.61932849884, 6.40875387192, 3.10684537888, 4.24968338013, 4.00948095322, 2.97260808945, 2.47436356544, 1.72890782356, 1.7138030529, 1.97247385979, 1.83731806278, 1.11681365967, 0.524542272091, 0.296496987343, 0.0128735592589, 0.000466381374281, 4.24451609433e-05, 8.86514590093e-06, 2.42131341111e-06, 4.21396362071e-06, 9.33742921916e-06],
        "dmean2": [0.0601676553488, 0.631590247154, 2.41868138313, 3.80130553246, 8.10588550568, 16.2318744659, 26.2429046631, 33.1382141113, 23.642906189, 21.3290271759, 27.4169654846, 48.3037223816, 39.8165626526, 45.5300445557, 48.2728805542, 19.344329834, 21.5045013428, 13.6925821304, 24.3959999084, 14.094247818, 10.6251983643, 5.08571338654, 6.79022312164, 6.39957094193, 4.70895957947, 3.8364470005, 2.66715288162, 2.61208128929, 2.90481710434, 2.59955763817, 1.64837014675, 0.760567843914, 0.4715231359, 0.019892256707, 0.000715940259397, 6.38382116449e-05, 1.31900460474e-05, 3.6054600514e-06, 6.41150973024e-06, 1.43913330248e-05],
        "dvar": [0.00342867849395, 0.663849949837, 11.6647138596, 15.5650453568, 49.6334991455, 302.678741455, 1346.24462891, 2828.41967773, 2076.78027344, 1665.83740234, 2848.6105957, 6799.56542969, 8838.09277344, 10056.1494141, 8662.68457031, 1475.4909668, 1842.2590332, 553.378967285, 1505.82312012, 522.57611084, 498.463317871, 77.9077453613, 109.741470337, 70.097038269, 33.843662262, 38.3544845581, 42.3722457886, 41.6108970642, 62.3175964355, 48.4735107422, 13.9512844086, 2.31740140915, 0.415342062712, 0.000748622172978, 1.75932052571e-06, 8.0395041735e-09, 2.37416974969e-10, 1.9634491949e-11, 2.62814284224e-11, 1.35376779231e-10],
        "dvar2": [0.00917972344905, 1.83234643936, 32.6181526184, 41.7737579346, 144.985855103, 782.159301758, 3073.48681641, 6407.79589844, 4835.36816406, 3899.86401367, 6091.39892578, 14500.4941406, 16481.3164062, 19480.7617188, 20432.2734375, 3010.24047852, 4239.52490234, 1262.78039551, 3629.59741211, 1345.73718262, 1297.0012207, 215.360244751, 265.602264404, 178.179824829, 80.2142486572, 82.6838226318, 105.481704712, 92.6445617676, 131.12008667, 93.6424865723, 30.2889690399, 4.56190252304, 1.01286232471, 0.00168341351673, 4.55358213003e-06, 1.77184116268e-08, 4.67852701025e-10, 3.70709331288e-11, 5.92800045163e-11, 3.12750492171e-10],
        "max": [0.918285369873, 13.8046426773, 76.4334259033, 80.4550552368, 119.555389404, 389.401000977, 994.626525879, 1350.77148438, 1148.37390137, 1212.89868164, 1250.78405762, 1914.82824707, 3421.484375, 2520.15722656, 3083.86669922, 2166.45776367, 1584.25170898, 579.401733398, 789.910644531, 705.84552002, 860.137451172, 335.839508057, 281.356414795, 202.58039856, 111.302955627, 174.701278687, 304.50769043, 243.382522583, 347.545074463, 422.475463867, 149.788696289, 51.946231842, 9.89676189423, 0.53839468956, 0.0589622035623, 0.00217231293209, 0.000416581431637, 0.000153833534569, 8.80758379935e-05, 0.000179977301741],
        "mean": [0.100725390017, 0.875928342342, 2.98499631882, 4.71093511581, 9.7075252533, 19.3024654388, 31.9609107971, 36.6452980042, 25.4137592316, 22.3452186584, 29.8949127197, 58.3785629272, 51.1974754333, 60.2749214172, 68.3368682861, 25.2657623291, 22.7211055756, 15.5890769958, 28.3578739166, 15.2640562057, 11.1588668823, 5.9877371788, 8.09407234192, 8.32827758789, 6.21113538742, 4.60993623734, 2.96834540367, 2.79858469963, 3.325953722, 3.4507894516, 1.94518315792, 0.890239775181, 0.400940418243, 0.018763218075, 0.000728079525288, 8.49805001053e-05, 2.34462841036e-05, 6.14267355559e-06, 1.57807917276e-05, 3.4181499359e-05],
        "median": [0.0821089223027, 0.672800898552, 2.06003522873, 3.13488054276, 7.30693149567, 11.6441783905, 13.2328643799, 11.6240692139, 8.04277324677, 7.61385250092, 10.2924394608, 12.2575502396, 8.17837333679, 8.75415229797, 9.40615081787, 5.99744987488, 5.66966581345, 4.28331804276, 6.51895093918, 5.41514110565, 3.35560727119, 2.46779918671, 3.26228904724, 2.96548271179, 2.72353410721, 1.84277629852, 0.792826294899, 0.60171353817, 0.728293180466, 0.985945403576, 0.467109113932, 0.252690136433, 0.0827938988805, 0.00547908060253, 0.000243969436269, 4.33306522609e-05, 1.66029458342e-05, 4.09394624512e-06, 1.45004451042e-05, 3.11997646349e-05],
        "min": [4.51628093654e-22, 5.84376809088e-21, 5.02352505182e-20, 9.88038290373e-20, 8.50414952737e-20, 1.58509402534e-19, 6.78928133292e-19, 1.04622765473e-18, 7.82880282764e-19, 6.48912540597e-19, 2.09427345245e-18, 1.72494496037e-18, 2.95904301319e-18, 1.40531978674e-18, 1.80369131391e-18, 3.95157909815e-18, 2.9509403655e-18, 5.10753422569e-18, 3.83378568379e-18, 4.43067218277e-18, 4.5488849777e-18, 5.81082592995e-18, 5.9079824288e-18, 1.26019179612e-17, 1.23154082396e-17, 1.21627032539e-17, 2.30843659282e-17, 1.65454965685e-17, 1.79076794033e-17, 2.0204048589e-17, 1.83802956637e-17, 1.49093664041e-17, 1.47799639234e-17, 1.14117977929e-17, 9.53885657242e-18, 7.02039270094e-18, 3.44220251771e-18, 1.39287785295e-18, 3.57222445326e-19, 3.99689180653e-20],
        "var": [0.00894731562585, 0.854767978191, 13.8968191147, 29.0814743042, 95.2739028931, 651.973815918, 3793.75048828, 5717.21142578, 4097.27246094, 2933.00952148, 5463.0234375, 19472.7285156, 26182.5585938, 30452.5078125, 34971.9375, 4661.93066406, 3260.9465332, 1300.53723145, 4050.94433594, 985.695800781, 1062.01721191, 206.146606445, 224.930252075, 192.987716675, 89.7272949219, 90.2537612915, 71.7845535278, 95.2277526855, 170.30078125, 172.364318848, 41.703037262, 7.245885849, 0.714882731438, 0.00157423294149, 2.58043246504e-06, 2.1874006606e-08, 9.20897635925e-10, 8.15069053917e-11, 1.10093753558e-10, 5.15704146054e-10]
    },
    "gfcc": {
        "mean": [-63.4522018433, 164.404922485, -143.634674072, 51.9652709961, -72.538230896, 7.38594675064, -20.3941516876, -20.1880226135, 3.82734656334, -30.1966724396, 9.19865512848, -16.89818573, 2.11196541786],
        "cov": [[6285.85449219, 13.360086441, -417.213043213, 54.4521751404, -316.597198486, 245.766464233, -117.855979919, 166.11958313, -61.0234336853, -83.3955001831, 242.517852783, -74.1279067993, 119.723594666], [13.360086441, 870.125488281, 518.888183594, -48.1160240173, 293.653991699, -118.594314575, 130.738479614, -18.4515533447, -4.81271314621, -69.7269897461, 59.6305236816, -1.82759225368, -37.706993103], [-417.213043213, 518.888183594, 1435.25231934, 574.060974121, 60.3743133545, 55.3211250305, 38.9969940186, -10.3392772675, 52.6773223877, 11.956076622, -11.0005998611, -10.6248083115, -22.4378509521], [54.4521751404, -48.1160240173, 574.060974121, 563.959655762, -30.796661377, 64.4793167114, -9.75770187378, -5.91137266159, 69.5430603027, 53.3190040588, -63.9186172485, -18.6800994873, 21.4717063904], [-316.597198486, 293.653991699, 60.3743133545, -30.796661377, 319.993713379, -8.38737106323, 70.119392395, 12.9406986237, -7.78883266449, -30.2739429474, -11.4874572754, -16.0856342316, 1.34013569355], [245.766464233, -118.594314575, 55.3211250305, 64.4793167114, -8.38737106323, 250.865112305, 52.737247467, 41.8173751831, -28.023733139, 18.3501968384, 2.59752488136, -38.4566116333, 25.5310001373], [-117.855979919, 130.738479614, 38.9969940186, -9.75770187378, 70.119392395, 52.737247467, 240.874893188, 1.40786635876, -59.3335990906, -11.5126008987, 3.10879826546, -9.70603370667, -25.8482666016], [166.11958313, -18.4515533447, -10.3392772675, -5.91137266159, 12.9406986237, 41.8173751831, 1.40786635876, 118.671302795, 20.1887741089, -5.18381643295, 6.25261497498, -26.1068172455, 13.3525571823], [-61.0234336853, -4.81271314621, 52.6773223877, 69.5430603027, -7.78883266449, -28.023733139, -59.3335990906, 20.1887741089, 131.020324707, 38.0344848633, -43.281124115, -0.419775933027, -6.72861719131], [-83.3955001831, -69.7269897461, 11.956076622, 53.3190040588, -30.2739429474, 18.3501968384, -11.5126008987, -5.18381643295, 38.0344848633, 92.9852676392, 3.39592146873, -8.31753444672, 4.16007137299], [242.517852783, 59.6305236816, -11.0005998611, -63.9186172485, -11.4874572754, 2.59752488136, 3.10879826546, 6.25261497498, -43.281124115, 3.39592146873, 116.292762756, 30.772064209, -3.08915877342], [-74.1279067993, -1.82759225368, -10.6248083115, -18.6800994873, -16.0856342316, -38.4566116333, -9.70603370667, -26.1068172455, -0.419775933027, -8.31753444672, 30.772064209, 84.0151672363, 5.8498339653], [119.723594666, -37.706993103, -22.4378509521, 21.4717063904, 1.34013569355, 25.5310001373, -25.8482666016, 13.3525571823, -6.72861719131, 4.16007137299, -3.08915877342, 5.8498339653, 78.0274963379]],
        "icov": [[0.000318757403875, -0.000704723177478, 0.000590681505855, -0.000686747429427, 0.000749361817725, -0.00055930193048, 0.000343752763001, -0.000272779143415, -1.18915056646e-06, 0.000520415545907, -0.000642351922579, 0.000332322379109, -0.000218318309635], [-0.000704723177478, 0.0069443769753, -0.00411615846679, 0.00417163176462, -0.00499764969572, 0.00395353510976, -0.00354804913513, 0.00272810878232, -0.00373676093295, 0.00195521931164, -0.00299753225408, 0.00260308384895, -0.00148472154979], [0.000590681505855, -0.00411615846679, 0.00390209304169, -0.00419040489942, 0.00278606894426, -0.00249583297409, 0.00195987988263, -0.00141609110869, 0.00161013263278, 9.97509632725e-05, 0.000184725489817, -0.000966236111708, 0.00125341152307], [-0.000686747429427, 0.00417163176462, -0.00419040489942, 0.00668975897133, -0.00270874844864, 0.00199415697716, -0.0021330898162, 0.00186933274381, -0.00242070527747, -0.00112226163037, 0.00109950616024, 0.000768368365243, -0.00177170918323], [0.000749361817725, -0.00499764969572, 0.00278606894426, -0.00270874844864, 0.00752084702253, -0.00257672206499, 0.00122750585433, -0.00196829717606, 0.0015039088903, 0.000448846432846, 0.00126126746181, -0.000290104479063, -0.000383511360269], [-0.00055930193048, 0.00395353510976, -0.00249583297409, 0.00199415697716, -0.00257672206499, 0.00770833157003, -0.00312530412339, -7.13463086868e-05, -0.000493807834573, -0.000490013801027, -0.00135866261553, 0.00297833909281, -0.00229233130813], [0.000343752763001, -0.00354804913513, 0.00195987988263, -0.0021330898162, 0.00122750585433, -0.00312530412339, 0.00768597144634, -0.00229968456551, 0.00550733227283, -0.00231318781152, 0.00313965603709, -0.00263644848019, 0.00376994349062], [-0.000272779143415, 0.00272810878232, -0.00141609110869, 0.00186933274381, -0.00196829717606, -7.13463086868e-05, -0.00229968456551, 0.0127084441483, -0.00662167277187, 0.00427125068381, -0.00496240193024, 0.0057795685716, -0.00349263101816], [-1.18915056646e-06, -0.00373676093295, 0.00161013263278, -0.00242070527747, 0.0015039088903, -0.000493807834573, 0.00550733227283, -0.00662167277187, 0.0178242530674, -0.00920309033245, 0.00989795941859, -0.00659504905343, 0.0053325118497], [0.000520415545907, 0.00195521931164, 9.97509632725e-05, -0.00112226163037, 0.000448846432846, -0.000490013801027, -0.00231318781152, 0.00427125068381, -0.00920309033245, 0.0183075368404, -0.00853048358113, 0.00631699850783, -0.00344174355268], [-0.000642351922579, -0.00299753225408, 0.000184725489817, 0.00109950616024, 0.00126126746181, -0.00135866261553, 0.00313965603709, -0.00496240193024, 0.00989795941859, -0.00853048358113, 0.0191414244473, -0.0100374631584, 0.00441846670583], [0.000332322379109, 0.00260308384895, -0.000966236111708, 0.000768368365243, -0.000290104479063, 0.00297833909281, -0.00263644848019, 0.0057795685716, -0.00659504905343, 0.00631699850783, -0.0100374631584, 0.0197419784963, -0.00535620143637], [-0.000218318309635, -0.00148472154979, 0.00125341152307, -0.00177170918323, -0.000383511360269, -0.00229233130813, 0.00376994349062, -0.00349263101816, 0.0053325118497, -0.00344174355268, 0.00441846670583, -0.00535620143637, 0.0171044971794]]
    },
    "melbands": {
        "dmean": [0.000353096111212, 0.000643151986878, 0.000443615455879, 0.000489715544973, 0.000557968276553, 0.000461555639049, 0.000220010144403, 0.000153470842633, 0.000151966363774, 0.000205604155781, 0.000145001438796, 0.000134286819957, 0.000100612414826, 5.55320948479e-05, 2.73813366221e-05, 3.10863106279e-05, 1.6411393517e-05, 2.63059882855e-05, 1.50481628225e-05, 1.30896451083e-05, 6.65187690174e-06, 3.58553052138e-06, 3.95841425416e-06, 3.88107764593e-06, 3.57496151082e-06, 2.36444634538e-06, 2.19896696763e-06, 1.61617572303e-06, 1.20904303458e-06, 1.01872001323e-06, 1.05783260551e-06, 1.2032869563e-06, 1.16435967357e-06, 1.04108437426e-06, 7.25923030132e-07, 4.94280698149e-07, 2.82399355456e-07, 3.2007622508e-07, 1.99823873004e-08, 1.65832902965e-09],
        "dmean2": [0.000588185735978, 0.00108904193621, 0.000746952253394, 0.000813006714452, 0.000879846746102, 0.000716933165677, 0.000345676759025, 0.000240131077589, 0.000232868274907, 0.000308562710416, 0.000209554185858, 0.000196741661057, 0.00015148226521, 8.4751729446e-05, 4.23339915869e-05, 4.75700944662e-05, 2.55692721112e-05, 4.15969479945e-05, 2.38582415477e-05, 2.16926619032e-05, 1.10484270408e-05, 5.97011103309e-06, 6.49117055218e-06, 6.22735069555e-06, 5.76157981413e-06, 3.83071846954e-06, 3.45368039234e-06, 2.51913843385e-06, 1.90621472029e-06, 1.59761896157e-06, 1.63905997397e-06, 1.81895723017e-06, 1.7041729734e-06, 1.50419850797e-06, 1.10062148906e-06, 7.4324208299e-07, 4.18668918201e-07, 5.1626250297e-07, 3.14307655458e-08, 2.73180367216e-09],
        "dvar": [4.17350946691e-07, 2.30120008382e-06, 4.8577612688e-07, 6.14381463038e-07, 1.22142114378e-06, 1.21419168408e-06, 4.14845970909e-07, 2.07017521348e-07, 2.13363875901e-07, 2.98697159451e-07, 2.45610493721e-07, 1.98166077325e-07, 8.67538858529e-08, 2.56209684579e-08, 8.50925285789e-09, 9.33411392623e-09, 2.2647288489e-09, 4.40747882635e-09, 1.84060733321e-09, 9.61469570626e-10, 6.50152709447e-10, 1.20730953013e-10, 1.19544790733e-10, 6.85715234594e-11, 5.97461941032e-11, 2.09231052622e-11, 2.1990185714e-11, 1.90382119791e-11, 2.39849546474e-11, 1.25365204329e-11, 1.58401503719e-11, 2.2891655585e-11, 2.39550029119e-11, 1.44113393094e-11, 6.76668053187e-12, 2.72931482102e-12, 6.06512886789e-13, 5.03267187039e-13, 2.94538364408e-15, 3.59356639548e-17],
        "dvar2": [1.13332941964e-06, 6.37515677226e-06, 1.31906585921e-06, 1.6501793425e-06, 2.88840897156e-06, 2.77312551589e-06, 9.70713358583e-07, 4.83888300096e-07, 4.56687303085e-07, 6.23915809683e-07, 4.62507074417e-07, 4.01604097533e-07, 1.98899769543e-07, 5.47130198925e-08, 1.87322104495e-08, 2.06099599609e-08, 5.2451967214e-09, 1.07294235718e-08, 4.4437524771e-09, 2.55676857464e-09, 1.67587921318e-09, 3.39304417896e-10, 3.11019682231e-10, 1.69756764201e-10, 1.52322293667e-10, 5.22203669195e-11, 5.00463143149e-11, 4.12582537579e-11, 6.26765098155e-11, 2.96456435789e-11, 3.62064510318e-11, 4.9985845324e-11, 5.34222423243e-11, 2.83234043857e-11, 1.57253845362e-11, 6.17869080552e-12, 1.18283995879e-12, 1.25829663529e-12, 6.72078630812e-15, 9.52741798804e-17],
        "max": [0.00929110310972, 0.0332022197545, 0.0130522511899, 0.0138318873942, 0.0261771585792, 0.0263686496764, 0.0157761834562, 0.0145617742091, 0.0117212310433, 0.012471572496, 0.0179796665907, 0.010805173777, 0.00970461592078, 0.00384696386755, 0.0031743356958, 0.0028663277626, 0.00124222913291, 0.00130114564672, 0.001570618595, 0.000640840269625, 0.000930342357606, 0.000328971509589, 0.000353552139131, 0.000185353928828, 0.000185905912076, 8.16433748696e-05, 0.000115995753731, 0.000125077218399, 0.000233510290855, 0.000102868594695, 0.000136347778607, 0.000169432867551, 0.000261447043158, 0.00022573210299, 0.000113925758342, 4.94857849844e-05, 2.74360809271e-05, 9.53424660111e-06, 1.73196383457e-06, 2.32797091826e-07],
        "mean": [0.000970370718278, 0.00145267287735, 0.000977339805104, 0.00102688116021, 0.00109363847878, 0.000813584716525, 0.000365490355762, 0.00024843213032, 0.000246022333158, 0.000368569744751, 0.000256178842392, 0.00025063220528, 0.000214096202399, 0.000104910512164, 4.53020584246e-05, 4.80177004647e-05, 2.5498055038e-05, 4.63009710074e-05, 2.46127547143e-05, 2.07245211641e-05, 1.08459016701e-05, 6.02785894444e-06, 6.80850507706e-06, 7.26562711861e-06, 6.82063227941e-06, 4.56722455056e-06, 4.10287520936e-06, 2.74047215498e-06, 1.89009813312e-06, 1.6095459614e-06, 1.60512786351e-06, 1.86134434443e-06, 1.98992643163e-06, 1.85902615613e-06, 1.19352318961e-06, 7.63071795973e-07, 4.50498077953e-07, 4.06161717592e-07, 2.69627165039e-08, 1.93453497666e-09],
        "median": [0.000830437347759, 0.00111121125519, 0.000724690093193, 0.000708637409844, 0.000519367284141, 0.000265139940893, 0.000111316046969, 8.00751586212e-05, 7.54531647544e-05, 6.20280770818e-05, 3.18635284202e-05, 2.29751422012e-05, 2.38641041506e-05, 1.60719537234e-05, 9.85019505606e-06, 9.32129660214e-06, 5.12388942298e-06, 9.22041726881e-06, 6.96237202646e-06, 5.64067204323e-06, 2.93470702672e-06, 2.06983440876e-06, 2.64097343461e-06, 2.58950990428e-06, 2.09762674785e-06, 1.7969576902e-06, 1.60521676662e-06, 9.28741656026e-07, 4.42887227337e-07, 3.34134711011e-07, 3.12445990858e-07, 3.39912247682e-07, 5.28797841071e-07, 5.05809282458e-07, 2.61408786173e-07, 1.68480909224e-07, 1.25686284491e-07, 7.02288645016e-08, 7.64106200535e-09, 4.21715301568e-10],
        "min": [7.41097428448e-24, 2.04654168864e-23, 1.62241393617e-23, 7.69096074127e-24, 1.96655403275e-23, 2.2838482461e-23, 1.19711890621e-23, 9.41104433497e-24, 1.57863957122e-23, 1.19676178888e-23, 1.5445251236e-23, 5.83948053089e-24, 5.34291862346e-24, 7.56955741454e-24, 9.34836933605e-24, 7.49622884909e-24, 1.01199644426e-23, 6.74472681862e-24, 4.91815804677e-24, 5.63151786361e-24, 5.21457726507e-24, 5.81301306423e-24, 4.45611787584e-24, 7.48395496227e-24, 1.04521364149e-23, 1.02058145972e-23, 7.35462831661e-24, 7.93859522347e-24, 1.28788524196e-23, 1.41119343112e-23, 8.54287135434e-24, 1.09920446513e-23, 9.84313342947e-24, 1.18523802989e-23, 9.72629681852e-24, 1.11390843798e-23, 8.55964963693e-24, 1.03152240828e-23, 1.05343246772e-23, 9.32727992861e-24],
        "var": [8.22432241421e-07, 2.65733842753e-06, 9.67322080214e-07, 1.32719935664e-06, 3.35766071657e-06, 2.55043573816e-06, 8.18760724997e-07, 3.67451121974e-07, 3.89204103612e-07, 8.84430789938e-07, 7.05445927451e-07, 6.13227939539e-07, 3.63024696526e-07, 7.4482741752e-08, 1.74557843735e-08, 1.67626073022e-08, 5.14593700984e-09, 1.14140465968e-08, 3.37212213708e-09, 1.87812676522e-09, 1.26529575706e-09, 2.64642752157e-10, 2.16223774996e-10, 1.53662513269e-10, 1.48470694072e-10, 5.21111279128e-11, 5.16429329855e-11, 4.22750376372e-11, 3.31928269592e-11, 2.4428832221e-11, 3.47237620602e-11, 5.4328538196e-11, 6.58679777388e-11, 4.94604461554e-11, 1.73595322145e-11, 6.36222064615e-12, 1.86163931493e-12, 7.44517023987e-13, 5.68706009951e-15, 3.59320938433e-17]
    },
    "mfcc": {
        "mean": [-684.425720215, 158.150039673, 0.271493375301, 32.4415931702, -10.9249401093, 15.4666233063, -13.4640102386, 15.0827827454, -15.7469072342, 9.83902549744, -10.5628404617, -2.44204211235, -5.90936231613],
        "cov": [[5610.52539062, -68.5358276367, -651.014099121, -25.8226146698, -358.078613281, 54.699848175, -188.959014893, 229.082885742, -313.88885498, 244.361755371, -122.226463318, 18.9906082153, -105.916992188], [-68.5358276367, 1083.58508301, 112.825706482, 76.171913147, 175.338577271, -80.4903488159, 158.917480469, 66.0136489868, -61.7444725037, -24.5162143707, 60.561050415, -64.6720733643, 52.3421936035], [-651.014099121, 112.825706482, 1259.42114258, 469.567169189, 153.31980896, 195.256576538, 23.4562454224, 32.2009010315, 78.0945892334, -12.3376331329, 4.40814685822, 145.429519653, 24.7176055908], [-25.8226146698, 76.171913147, 469.567169189, 444.716369629, 99.3447494507, 89.5698852539, -12.8545131683, 14.314207077, 60.0981178284, 2.17231035233, -4.85566139221, 43.8247756958, 23.484046936], [-358.078613281, 175.338577271, 153.31980896, 99.3447494507, 286.902587891, 1.92419469357, -2.33379197121, 3.74347352982, 56.1083717346, 1.10940217972, 4.27487516403, -1.75751399994, 9.13927459717], [54.699848175, -80.4903488159, 195.256576538, 89.5698852539, 1.92419469357, 204.782150269, 54.194896698, 7.27198266983, 48.6094932556, 22.8332519531, -2.75899267197, 28.1102371216, -18.5643978119], [-188.959014893, 158.917480469, 23.4562454224, -12.8545131683, -2.33379197121, 54.194896698, 287.253936768, 51.473449707, -15.8810062408, 36.2104873657, 10.2282934189, -46.8409347534, -26.2015571594], [229.082885742, 66.0136489868, 32.2009010315, 14.314207077, 3.74347352982, 7.27198266983, 51.473449707, 127.252494812, -15.581401825, 15.6502180099, 6.98515367508, -26.4319648743, -10.3576412201], [-313.88885498, -61.7444725037, 78.0945892334, 60.0981178284, 56.1083717346, 48.6094932556, -15.8810062408, -15.581401825, 193.118240356, 15.1841993332, 0.948908865452, 33.7105712891, -12.0978546143], [244.361755371, -24.5162143707, -12.3376331329, 2.17231035233, 1.10940217972, 22.8332519531, 36.2104873657, 15.6502180099, 15.1841993332, 131.729827881, 3.17798900604, -19.0029506683, -30.5869579315], [-122.226463318, 60.561050415, 4.40814685822, -4.85566139221, 4.27487516403, -2.75899267197, 10.2282934189, 6.98515367508, 0.948908865452, 3.17798900604, 93.8855361938, 4.48808813095, -1.2596796751], [18.9906082153, -64.6720733643, 145.429519653, 43.8247756958, -1.75751399994, 28.1102371216, -46.8409347534, -26.4319648743, 33.7105712891, -19.0029506683, 4.48808813095, 154.684143066, 31.6949634552], [-105.916992188, 52.3421936035, 24.7176055908, 23.484046936, 9.13927459717, -18.5643978119, -26.2015571594, -10.3576412201, -12.0978546143, -30.5869579315, -1.2596796751, 31.6949634552, 94.8288574219]],
