{
"lowlevel": {
    "average_loudness": 0.73626935482,
    "barkbands_crest": {
        "dmean": 2.09062600136,
        "dmean2": 3.39510035515,
        "dvar": 4.13637256622,
        "dvar2": 10.4671239853,
        "max": 26.8752155304,
        "mean": 9.51653194427,
        "median": 8.24226284027,
        "min": 2.38359379768,
        "var": 19.3742523193
    },
    "barkbands_flatness_db": {
        "dmean": 0.0167180355638,
        "dmean2": 0.0256944745779,
        "dvar": 0.000268020085059,
        "dvar2": 0.000579173152801,
        "max": 0.46542313695,
        "mean": 0.148125991225,
        "median": 0.142148435116,
        "min": 0.0411194115877,
        "var": 0.00295408023521
    },
    "barkbands_kurtosis": {
        "dmean": 2.47587895393,
        "dmean2": 3.76636981964,
        "dvar": 218.690170288,
        "dvar2": 278.983337402,
        "max": 1398.09338379,
        "mean": 4.437022686,
        "median": 1.12385082245,
        "min": -1.90838730335,
        "var": 598.815063477
    },
    "barkbands_skewness": {
        "dmean": 0.409417688847,
        "dmean2": 0.633814513683,
        "dvar": 0.317933887243,
        "dvar2": 0.600159347057,
        "max": 30.8262119293,
        "mean": 0.898341178894,
        "median": 0.725580811501,
        "min": -4.90612125397,
        "var": 2.91077566147
    },
    "barkbands_spread": {
        "dmean": 3.57804369926,
        "dmean2": 5.55108213425,
        "dvar": 18.3422794342,
        "dvar2": 38.2578735352,
        "max": 82.5041427612,
        "mean": 18.7593898773,
        "median": 16.2730312347,
        "min": 0.098275244236,
        "var": 126.053993225
    },
    "dissonance": {
        "dmean": 0.0197944529355,
        "dmean2": 0.0333054289222,
        "dvar": 0.000442454474978,
        "dvar2": 0.00120280706324,
        "max": 0.5,
        "mean": 0.457748800516,
        "median": 0.466799199581,
        "min": 0.226418927312,
        "var": 0.00129754468799
    },
    "dynamic_complexity": 3.59070277214,
    "erbbands_crest": {
        "dmean": 2.40504026413,
        "dmean2": 3.93189764023,
        "dvar": 5.88905382156,
        "dvar2": 14.7772636414,
        "max": 31.8391704559,
        "mean": 9.79162025452,
        "median": 8.7076253891,
        "min": 2.53849983215,
        "var": 25.2278118134
    },
    "erbbands_flatness_db": {
        "dmean": 0.0150251006708,
        "dmean2": 0.022107290104,
        "dvar": 0.000206626427826,
        "dvar2": 0.000421125558205,
        "max": 0.434500426054,
        "mean": 0.198875710368,
        "median": 0.204090982676,
        "min": 0.0729787200689,
        "var": 0.00313929491676
    },
    "erbbands_kurtosis": {
        "dmean": 1.01105844975,
        "dmean2": 1.59200561047,
        "dvar": 8.13735771179,
        "dvar2": 14.2216100693,
        "max": 207.395965576,
        "mean": 1.04400551319,
        "median": 0.149564266205,
        "min": -1.86245679855,
        "var": 24.1919002533
    },
    "erbbands_skewness": {
        "dmean": 0.324682056904,
        "dmean2": 0.509247839451,
        "dvar": 0.120181106031,
        "dvar2": 0.261111617088,
        "max": 11.2949590683,
        "mean": 0.363391786814,
        "median": 0.317226886749,
        "min": -4.40951395035,
        "var": 0.903305828571
    },
    "erbbands_spread": {
        "dmean": 4.9793715477,
        "dmean2": 7.59124040604,
        "dvar": 34.7937431335,
        "dvar2": 70.13331604,
        "max": 132.141799927,
        "mean": 29.3086547852,
        "median": 27.5211601257,
        "min": 0.882548093796,
        "var": 226.90045166
    },
    "hfc": {
        "dmean": 4.0317864418,
        "dmean2": 6.09852457047,
        "dvar": 35.4134788513,
        "dvar2": 81.3045730591,
        "max": 142.523345947,
        "mean": 18.3621807098,
        "median": 14.6891460419,
        "min": 1.03029130472e-16,
        "var": 282.25100708
    },
    "melbands_crest": {
        "dmean": 2.63141989708,
        "dmean2": 4.28998565674,
        "dvar": 6.87871360779,
        "dvar2": 18.1122722626,
        "max": 34.1015014648,
        "mean": 11.5201511383,
        "median": 10.7819919586,
        "min": 1.49086737633,
        "var": 34.7817764282
    },
    "melbands_flatness_db": {
        "dmean": 0.0174247100949,
        "dmean2": 0.0264155287296,
        "dvar": 0.000357775599696,
        "dvar2": 0.000749263796024,
        "max": 0.530688881874,
        "mean": 0.171823486686,
        "median": 0.168629407883,
        "min": 0.00253743561916,
        "var": 0.00672346679494
    },
    "melbands_kurtosis": {
        "dmean": 3.93215870857,
        "dmean2": 6.24692869186,
        "dvar": 106.831253052,
        "dvar2": 249.625762939,
        "max": 332.201385498,
        "mean": 8.16422939301,
        "median": 2.34214496613,
        "min": -1.87310540676,
        "var": 377.361907959
    },
    "melbands_skewness": {
        "dmean": 0.484092742205,
        "dmean2": 0.753990292549,
        "dvar": 0.34122595191,
        "dvar2": 0.769656896591,
        "max": 13.4432430267,
        "mean": 1.6767437458,
        "median": 1.30727183819,
        "min": -2.41621994972,
        "var": 2.79562115669
    },
    "melbands_spread": {
        "dmean": 6.13764810562,
        "dmean2": 9.81520843506,
        "dvar": 58.3250770569,
        "dvar2": 139.152145386,
        "max": 230.876876831,
        "mean": 34.6767272949,
        "median": 23.6318206787,
        "min": 0.29554566741,
        "var": 1242.69995117
    },
    "pitch_salience": {
        "dmean": 0.0532921776175,
        "dmean2": 0.0862091854215,
        "dvar": 0.00251872162335,
        "dvar2": 0.00633482867852,
        "max": 0.882092952728,
        "mean": 0.579871356487,
        "median": 0.571060955524,
        "min": 0.04669483006,
        "var": 0.0190694406629
    },
    "silence_rate_20dB": {
        "dmean": 0,
        "dmean2": 0,
        "dvar": 0,
        "dvar2": 0,
        "max": 1,
        "mean": 1,
        "median": 1,
        "min": 1,
        "var": 0
    },
    "silence_rate_30dB": {
        "dmean": 0.000828157353681,
        "dmean2": 0.00165648618713,
        "dvar": 0.000827477488201,
        "dvar2": 0.00186082755681,
        "max": 1,
        "mean": 0.999068439007,
        "median": 1,
        "min": 0,
        "var": 0.000930696201976
    },
    "silence_rate_60dB": {
        "dmean": 0.0175983440131,
        "dmean2": 0.0352003313601,
        "dvar": 0.0172899421304,
        "dvar2": 0.040177244693,
        "max": 1,
        "mean": 0.183831900358,
        "median": 0,
        "min": 0,
        "var": 0.150053426623
    },
    "spectral_centroid": {
        "dmean": 188.934295654,
        "dmean2": 296.500854492,
        "dvar": 57180.0507812,
        "dvar2": 126885.460938,
        "max": 11957.3095703,
        "mean": 2312.08081055,
        "median": 1466.3560791,
        "min": 237.844985962,
        "var": 8524917
    },
    "spectral_complexity": {
        "dmean": 2.11428570747,
        "dmean2": 3.40304374695,
        "dvar": 5.01663923264,
        "dvar2": 11.8259277344,
        "max": 51,
        "mean": 16.2357940674,
        "median": 16,
        "min": 0,
        "var": 108.321868896
    },
    "spectral_decrease": {
        "dmean": 1.23816312758e-09,
        "dmean2": 1.87355975179e-09,
        "dvar": 3.76783085124e-18,
        "dvar2": 8.11466745174e-18,
        "max": 1.97666914655e-27,
        "mean": -4.72203121049e-09,
        "median": -4.22417567592e-09,
        "min": -8.84360602527e-08,
        "var": 1.6555945514e-17
    },
    "spectral_energy": {
        "dmean": 0.00497201504186,
        "dmean2": 0.00752386404201,
        "dvar": 5.93058248342e-05,
        "dvar2": 0.000128076964756,
        "max": 0.346705079079,
        "mean": 0.0194875560701,
        "median": 0.0174889545888,
        "min": 9.66608771044e-21,
        "var": 0.000275241094641
    },
    "spectral_energyband_high": {
        "dmean": 0.000145632540807,
        "dmean2": 0.000207738848985,
        "dvar": 1.27979205899e-07,
        "dvar2": 2.47964038635e-07,
        "max": 0.0139240091667,
        "mean": 0.000428133091191,
        "median": 0.000188697405974,
        "min": 6.82252349223e-21,
        "var": 4.80576147766e-07
    },
    "spectral_energyband_low": {
        "dmean": 0.000919941870961,
        "dmean2": 0.00150037056301,
        "dvar": 6.23674441158e-06,
        "dvar2": 1.78079080797e-05,
        "max": 0.0410636663437,
        "mean": 0.00181821128353,
        "median": 0.000307775015244,
        "min": 8.58506910188e-24,
        "var": 1.39519615914e-05
    },
    "spectral_energyband_middle_high": {
        "dmean": 0.0020556920208,
        "dmean2": 0.003210401861,
        "dvar": 1.37745682878e-05,
        "dvar2": 3.44724685419e-05,
        "max": 0.0717855989933,
        "mean": 0.00742862885818,
        "median": 0.00419183354825,
        "min": 1.02081175978e-21,
        "var": 7.6863085269e-05
    },
    "spectral_energyband_middle_low": {
        "dmean": 0.00366324977949,
        "dmean2": 0.00549110863358,
        "dvar": 4.39897921751e-05,
        "dvar2": 8.90666342457e-05,
        "max": 0.334878057241,
        "mean": 0.0105709945783,
        "median": 0.00813251268119,
        "min": 1.11887764637e-22,
        "var": 0.000133797773742
    },
    "spectral_entropy": {
        "dmean": 0.117375053465,
        "dmean2": 0.171491667628,
        "dvar": 0.0183974206448,
        "dvar2": 0.0351754203439,
        "max": 9.8310546875,
        "mean": 7.58469724655,
        "median": 7.47178840637,
        "min": 4.36356735229,
        "var": 0.727801322937
    },
    "spectral_flux": {
        "dmean": 0.0139533272013,
        "dmean2": 0.0228198524565,
        "dvar": 0.000288274517516,
        "dvar2": 0.000755687244236,
        "max": 0.390180379152,
        "mean": 0.0619531162083,
        "median": 0.0625058114529,
        "min": 6.26174251339e-11,
        "var": 0.00154367508367
    },
    "spectral_kurtosis": {
        "dmean": 1.75480723381,
        "dmean2": 3.01812052727,
        "dvar": 4.04629182816,
        "dvar2": 12.0421543121,
        "max": 46.5571403503,
        "mean": 4.62325906754,
        "median": 4.28167963028,
        "min": -1.29825282097,
        "var": 13.3455562592
    },
    "spectral_rms": {
        "dmean": 0.000499202637002,
        "dmean2": 0.000748642953113,
        "dvar": 3.44650970874e-07,
        "dvar2": 7.205983934e-07,
        "max": 0.0183915421367,
        "mean": 0.00382188195363,
        "median": 0.00413066521287,
        "min": 3.07088425869e-12,
        "var": 4.40545272795e-06
    },
    "spectral_rolloff": {
        "dmean": 313.967346191,
        "dmean2": 525.430908203,
        "dvar": 366529.21875,
        "dvar2": 736746.5625,
        "max": 20133.5449219,
        "mean": 3295.56616211,
        "median": 1571.92382812,
        "min": 107.666015625,
        "var": 26797164
    },
    "spectral_skewness": {
        "dmean": 0.202259734273,
        "dmean2": 0.333562642336,
        "dvar": 0.0394264310598,
        "dvar2": 0.104045778513,
        "max": 5.22485876083,
        "mean": 1.43043839931,
        "median": 1.47526955605,
        "min": -0.28411924839,
        "var": 0.432860791683
    },
    "spectral_spread": {
        "dmean": 410556.15625,
        "dmean2": 616943.25,
        "dvar": 421827444736,
        "dvar2": 846871986176,
        "max": 43882508,
        "mean": 7193143.5,
        "median": 3441931,
        "min": 1253583.375,
        "var": 1.20530464145e+14
    },
    "spectral_strongpeak": {
        "dmean": 0.61399012804,
        "dmean2": 1.01685500145,
        "dvar": 0.946312010288,
        "dvar2": 2.41596460342,
        "max": 15.1527767181,
        "mean": 1.31882667542,
        "median": 0.860701084137,
        "min": 0,
        "var": 2.12264323235
    },
    "zerocrossingrate": {
        "dmean": 0.0075224628672,
        "dmean2": 0.00950381625444,
        "dvar": 0.000127224688185,
        "dvar2": 0.00015491033264,
        "max": 0.7763671875,
        "mean": 0.10278019309,
        "median": 0.06005859375,
        "min": 0.00830078125,
        "var": 0.0179029684514
    },
    "barkbands": {
        "dmean": [3.10125069518e-05, 0.000695453258231, 0.000238708700635, 0.000299846724374, 0.0010487587424, 0.00159251934383, 0.000559597334359, 0.000648122455459, 0.000760588154662, 0.00105255865492, 0.000652021670248, 0.000585897301789, 0.00025767320767, 0.000317763071507, 0.000192500112462, 0.00019574991893, 0.000305104884319, 0.000199026238988, 0.000126174214529, 0.000105565624835, 3.10336690745e-05, 2.73866553471e-05, 2.47492680501e-05, 2.39536639128e-05, 1.1921967598e-05, 3.89347042073e-06, 2.44318805187e-08],
        "dmean2": [4.58722242911e-05, 0.00114837824367, 0.000386221188819, 0.000478872476378, 0.00157579279039, 0.00241617136635, 0.0008696388104, 0.00100726413075, 0.00119467370678, 0.00167975423392, 0.00106250739191, 0.000910740986001, 0.000402693345677, 0.00052136881277, 0.000318352889735, 0.000319846760249, 0.000496400694828, 0.000326958077494, 0.000205204734812, 0.000166371450177, 4.66904275527e-05, 4.11334767705e-05, 3.62686041626e-05, 3.42782659573e-05, 1.69185987033e-05, 5.73565330342e-06, 4.13255314413e-08],
        "dvar": [1.03600790169e-08, 4.75688239021e-06, 5.56049712941e-07, 5.52500580397e-07, 5.22707750861e-06, 2.40356239374e-05, 2.33223454416e-06, 4.25210328103e-06, 2.84855650534e-06, 6.03508897257e-06, 4.5698870963e-06, 2.98292525258e-06, 4.60200510588e-07, 5.90303272929e-07, 1.84382727753e-07, 1.95973399286e-07, 8.13175347503e-07, 2.00594300281e-07, 7.92642040892e-08, 5.5540002819e-08, 1.13946496683e-08, 8.26457213776e-09, 4.95600449568e-09, 9.87608927971e-09, 2.35473174293e-09, 2.24929644355e-10, 4.23917247266e-15],
        "dvar2": [2.16773372586e-08, 1.41437831189e-05, 1.36013977681e-06, 1.339313485e-06, 1.07199557533e-05, 4.82526338601e-05, 5.56482336833e-06, 9.50397588895e-06, 6.50943684377e-06, 1.54912086145e-05, 1.26240165628e-05, 7.0914979915e-06, 1.07772439151e-06, 1.7138770545e-06, 4.95328549732e-07, 4.93867332807e-07, 2.13683233596e-06, 5.49034439246e-07, 2.1099459957e-07, 1.3798732823e-07, 2.33786536796e-08, 1.44544491931e-08, 9.84136505622e-09, 2.08127737267e-08, 4.08608125113e-09, 4.92059726298e-10, 1.13941406698e-14],
        "max": [0.0033784690313, 0.0388773903251, 0.024960309267, 0.0260774157941, 0.0695827826858, 0.326373547316, 0.0329157672822, 0.126033261418, 0.0419809371233, 0.0432832837105, 0.0604690276086, 0.0673732981086, 0.023664791137, 0.023416435346, 0.00828020926565, 0.00979052111506, 0.0278833024204, 0.0109544387087, 0.00795207638294, 0.00717241875827, 0.00729768211022, 0.00475941691548, 0.00224883737974, 0.00416932534426, 0.00286726024933, 0.000407100567827, 3.03494016407e-06],
        "mean": [5.69416297367e-05, 0.00121658085845, 0.000351877475623, 0.000526967691258, 0.00231975852512, 0.00309933465905, 0.00108716776595, 0.00113122013863, 0.00136960751843, 0.00200573727489, 0.00120084069204, 0.00123686168808, 0.00049733184278, 0.00058107485529, 0.000381968187867, 0.000400174118113, 0.000692771398462, 0.000484894728288, 0.000279575528111, 0.000301426654914, 7.05600832589e-05, 6.15049284534e-05, 5.90218696743e-05, 4.86218668811e-05, 2.06353288377e-05, 5.07113190906e-06, 4.32875140177e-08],
        "median": [3.267637112e-06, 4.12769513787e-05, 8.13187434687e-05, 0.000143273093272, 0.000815588166006, 0.00103869393934, 0.000283629255136, 0.000359323516022, 0.000423996039899, 0.00040079531027, 0.000229282901273, 0.000240515713813, 8.3116836322e-05, 0.000188722493476, 9.73758360487e-05, 9.01950115804e-05, 0.000123865713249, 0.000111860477773, 0.000124988262542, 8.20708082756e-05, 3.21638945024e-05, 2.6487676223e-05, 2.56600760622e-05, 1.54904719238e-05, 4.21719414589e-06, 4.21459503741e-07, 1.39514471087e-08],
        "min": [4.02355885443e-26, 1.44183026433e-24, 1.93642549221e-25, 3.95300960619e-25, 2.51913145422e-24, 5.58580771289e-24, 4.68396299338e-24, 4.16494142712e-24, 6.36328614411e-24, 9.12198124461e-24, 5.43262749117e-24, 1.19074877551e-23, 1.98531772047e-23, 3.0234135489e-23, 3.07532217418e-23, 3.48397042466e-23, 5.31518448284e-23, 6.36135603813e-23, 7.82051647214e-23, 1.32209174965e-22, 1.92607117416e-22, 2.44419123017e-22, 3.55523757034e-22, 5.25063496109e-22, 8.43210720531e-22, 1.11462274522e-21, 1.85083277646e-21],
        "var": [3.76442947925e-08, 9.24375126488e-06, 7.9181285173e-07, 2.25089252126e-06, 1.91989092855e-05, 4.77650573885e-05, 5.6469680203e-06, 7.82369079388e-06, 6.55503117741e-06, 1.57039721671e-05, 1.06467441583e-05, 8.45353315526e-06, 1.44130422086e-06, 1.2119018038e-06, 5.0332482715e-07, 6.72178941841e-07, 2.68491430688e-06, 8.17322870716e-07, 1.63781038509e-07, 3.21112281654e-07, 2.29031886789e-08, 1.86862791907e-08, 1.41910048157e-08, 2.23942677735e-08, 6.56769394425e-09, 3.59929419602e-10, 5.83055256297e-15]
    },
    "erbbands": {
        "dmean": [0.0233345199376, 0.146744683385, 0.247099429369, 0.678422808647, 2.27305197716, 3.3423705101, 10.6205587387, 12.6444368362, 9.82500362396, 9.82360935211, 14.8851499557, 15.6263103485, 33.4274368286, 21.7423038483, 23.8926067352, 25.261598587, 11.3479032516, 15.4747343063, 9.74559116364, 9.92984485626, 10.0219039917, 17.087518692, 10.5167274475, 8.58182239532, 4.45026254654, 5.07372379303, 2.12253880501, 1.03555858135, 1.02434384823, 0.786807894707, 0.730901300907, 0.623123764992, 0.327187597752, 0.16069753468, 0.0769246518612, 0.0262915436178, 0.00571243604645, 0.000271419907222, 8.59687042976e-06, 6.00355951974e-06],
        "dmean2": [0.0373657941818, 0.24721455574, 0.402233332396, 1.09732580185, 3.35145306587, 5.04668617249, 16.5177822113, 18.982667923, 15.0852479935, 15.1077461243, 23.52277565, 24.5312614441, 53.2451286316, 34.6651420593, 38.7608146667, 39.4195976257, 17.9535198212, 25.3903484344, 15.8833084106, 16.2579517365, 16.572511673, 27.5064964294, 17.1312866211, 14.0479784012, 7.13000488281, 7.99603414536, 3.29780888557, 1.55106794834, 1.54975271225, 1.16427910328, 1.08397066593, 0.914903759956, 0.463577866554, 0.228196725249, 0.113342434168, 0.038912884891, 0.00847820844501, 0.000412655615946, 1.26669792735e-05, 9.06635250431e-06],
        "dvar": [0.00664668995887, 0.203098148108, 0.48261192441, 3.41583013535, 50.2205429077, 58.6306800842, 674.78314209, 2771.61791992, 700.333618164, 1549.60961914, 1059.7734375, 1157.38049316, 6237.87402344, 3903.47338867, 8605.9375, 6691.45703125, 722.94140625, 1583.9699707, 472.208129883, 552.544006348, 457.023864746, 3248.08398438, 610.587463379, 295.524414062, 163.960342407, 135.596115112, 36.8345489502, 11.6904029846, 11.0208759308, 6.0887670517, 4.39207649231, 7.54352617264, 1.56901633739, 0.48468324542, 0.087517246604, 0.00948989670724, 0.000583373417612, 1.90844025383e-06, 8.55976234337e-10, 8.16931314263e-11],
        "dvar2": [0.0189734119922, 0.604515016079, 1.15177428722, 8.77300262451, 96.2518157959, 127.704978943, 1601.02124023, 5119.65087891, 1621.26147461, 3572.09619141, 2581.43383789, 2739.87133789, 15974.6162109, 9697.04980469, 23879.3945312, 16023.9208984, 1796.34863281, 4691.95751953, 1277.3371582, 1437.20117188, 1234.89538574, 8387.67773438, 1697.69226074, 793.845214844, 442.217163086, 340.558807373, 86.3447952271, 21.0318660736, 19.9446964264, 11.0274925232, 9.24259376526, 17.6062602997, 2.90845131874, 0.824945211411, 0.176021054387, 0.0206233169883, 0.00128969689831, 4.26944052379e-06, 1.83461534853e-09, 1.76424277964e-10],
        "max": [1.63452935219, 8.28773212433, 20.5086860657, 37.2129631042, 297.192932129, 230.551559448, 1012.55236816, 4110.43652344, 608.673278809, 2214.57275391, 987.964172363, 617.303710938, 1572.60693359, 2409.06616211, 2910.43676758, 3342.42041016, 903.569274902, 1376.44848633, 607.929443359, 572.391845703, 519.469848633, 1918.3215332, 508.07913208, 438.368041992, 686.125610352, 313.013000488, 342.544891357, 192.526733398, 155.941986084, 131.823623657, 65.6230545044, 127.557655334, 40.3083686829, 43.5592079163, 12.9736404419, 3.296230793, 0.540699481964, 0.0368688032031, 0.000756738416385, 0.000388330256101],
        "mean": [0.0419091843069, 0.244317516685, 0.391963124275, 1.16751980782, 4.7645907402, 6.97632169724, 19.4120082855, 24.3596591949, 20.0690288544, 18.121931076, 27.0545711517, 29.825674057, 64.4731369019, 43.7476921082, 48.257144928, 55.2619667053, 25.9656352997, 29.9551868439, 20.891242981, 22.9542865753, 23.9623298645, 40.1476249695, 27.8427181244, 20.121679306, 12.0507793427, 14.2059183121, 5.64708328247, 2.44493103027, 2.23940563202, 1.84186053276, 1.71316552162, 1.25372862816, 0.658093869686, 0.296242713928, 0.116989314556, 0.0372716784477, 0.00656676758081, 0.000339918449754, 2.15013551497e-05, 2.45642859227e-05],
        "median": [0.000841686036438, 0.0132910199463, 0.0972394272685, 0.405880153179, 1.11744892597, 2.42072224617, 6.92957258224, 7.2452545166, 5.27970314026, 4.83741474152, 10.3800859451, 10.6226053238, 13.8686275482, 10.8825597763, 9.9137802124, 11.4231653214, 6.41672611237, 10.7048969269, 8.34293365479, 6.21665477753, 6.51132297516, 6.9289431572, 6.29936885834, 7.69582080841, 5.16589784622, 3.8233025074, 2.17131471634, 1.23635077477, 0.920951724052, 0.855893194675, 0.714567899704, 0.438545137644, 0.191056936979, 0.0670225769281, 0.0187084041536, 0.00469943508506, 0.000235485262237, 8.54176978464e-05, 1.48551707753e-05, 2.21899754251e-05],
        "min": [2.20119739579e-23, 1.51144638724e-22, 9.68561955305e-22, 1.35755777475e-21, 5.5050307638e-21, 1.2916934175e-20, 2.89028312071e-20, 4.10787714964e-20, 5.56374927818e-20, 1.27135372478e-19, 1.52068353899e-19, 2.32807450162e-19, 3.93617487549e-19, 5.37239177096e-19, 5.93835856884e-19, 7.32186829116e-19, 1.04490013325e-18, 1.55387449711e-18, 2.10317040032e-18, 2.00637620658e-18, 2.96539431273e-18, 3.6185532884e-18, 4.02420762388e-18, 5.4584085251e-18, 4.90957046636e-18, 6.89970084571e-18, 6.72439894004e-18, 8.35332725644e-18, 9.01144704104e-18, 8.64385542144e-18, 9.31123218428e-18, 9.32101773092e-18, 8.27935001272e-18, 7.35490867656e-18, 5.90325964109e-18, 3.73055602488e-18, 1.9293809944e-18, 8.77602027177e-19, 2.31466693787e-19, 2.40236708211e-20],
        "var": [0.0140418102965, 0.360809892416, 0.734227359295, 6.76138925552, 233.939651489, 182.988815308, 1393.35449219, 5167.52929688, 1778.11071777, 3115.49145508, 2082.33203125, 2778.74853516, 16750.5058594, 8755.04785156, 21589.8046875, 17962.4726562, 2677.42260742, 3124.16674805, 1348.25036621, 1968.23950195, 1631.84936523, 10207.7519531, 2863.66870117, 842.934814453, 346.143249512, 719.027893066, 126.822570801, 24.5135707855, 24.1307697296, 15.3417463303, 11.9058418274, 13.6797304153, 4.49064445496, 1.34246838093, 0.20461781323, 0.0180354788899, 0.000768201076426, 2.26117572311e-06, 1.444136144e-09, 4.18592854823e-10]
    },
    "gfcc": {
        "mean": [-141.435714722, 91.328086853, -140.965072632, 21.09649086, -68.634262085, 3.57568407059, -37.9339561462, 1.66737782955, -20.8808002472, -9.40478992462, -5.59907817841, -5.33185720444, -2.73328995705],
        "cov": [[112536.273438, 9474.3203125, -15265.7041016, 2572.30712891, -7433.90039062, 792.426391602, -4005.30688477, 931.559204102, -2325.72290039, -718.327026367, -526.962280273, -411.146179199, -234.994506836], [9474.3203125, 1767.52966309, -1079.62670898, 149.95954895, -618.134216309, -166.550415039, -295.591064453, -196.844833374, -221.032562256, -234.116592407, 32.7617416382, -202.220169067, -21.4915943146], [-15265.7041016, -1079.62670898, 3082.90576172, -52.3306541443, 1069.17944336, -68.2560958862, 519.022338867, -76.464012146, 250.998291016, 174.252716064, 43.2556724548, 109.44670105, -2.24937963486], [2572.30712891, 149.95954895, -52.3306541443, 517.355102539, -39.7403259277, 4.09377479553, -133.349151611, 142.809829712, 24.2065372467, 16.0370788574, -29.6250514984, 48.1364173889, 22.3274841309], [-7433.90039062, -618.134216309, 1069.17944336, -39.7403259277, 730.050720215, 37.0774116516, 332.744598389, 58.6414985657, 208.898773193, 105.244743347, 4.14103364944, 64.9273986816, 19.275932312], [792.426391602, -166.550415039, -68.2560958862, 4.09377479553, 37.0774116516, 400.6328125, 128.220062256, 125.054840088, -13.8000011444, 136.24382019, -47.6689720154, 54.02576828, -16.1417331696], [-4005.30688477, -295.591064453, 519.022338867, -133.349151611, 332.744598389, 128.220062256, 365.8800354, 45.1091918945, 93.7806930542, 79.9435501099, 40.1298446655, 20.0487804413, 18.5231456757], [931.559204102, -196.844833374, -76.464012146, 142.809829712, 58.6414985657, 125.054840088, 45.1091918945, 321.862243652, 79.9605026245, 116.603973389, -16.1250686646, 96.3210906982, 24.121011734], [-2325.72290039, -221.032562256, 250.998291016, 24.2065372467, 208.898773193, -13.8000011444, 93.7806930542, 79.9605026245, 198.461608887, 50.4849243164, 10.0284347534, 38.1604957581, 21.6593284607], [-718.327026367, -234.116592407, 174.252716064, 16.0370788574, 105.244743347, 136.24382019, 79.9435501099, 116.603973389, 50.4849243164, 177.613204956, -0.135451793671, 79.2165222168, -5.44410324097], [-526.962280273, 32.7617416382, 43.2556724548, -29.6250514984, 4.14103364944, -47.6689720154, 40.1298446655, -16.1250686646, 10.0284347534, -0.135451793671, 142.422088623, 5.50918531418, 24.2825069427], [-411.146179199, -202.220169067, 109.44670105, 48.1364173889, 64.9273986816, 54.02576828, 20.0487804413, 96.3210906982, 38.1604957581, 79.2165222168, 5.50918531418, 130.336517334, 21.2690353394], [-234.994506836, -21.4915943146, -2.24937963486, 22.3274841309, 19.275932312, -16.1417331696, 18.5231456757, 24.121011734, 21.6593284607, -5.44410324097, 24.2825069427, 21.2690353394, 82.0493240356]],
        "icov": [[0.000337399600539, -0.00096165726427, 0.000724326295312, -0.000708583393134, 0.00104318198282, -0.000645182561129, 0.000811545643955, -0.00113613030408, 0.00111183174886, -0.000377270393074, 0.000369909597794, -0.000489611004014, 0.000404817837989], [-0.00096165726427, 0.00385731644928, -0.0018571598921, 0.00141648214776, -0.00243908027187, 0.00205376790836, -0.00268493150361, 0.00364191178232, -0.00289192795753, 0.00132317934185, -0.00137179333251, 0.00233925622888, -0.00101691193413], [0.000724326295312, -0.0018571598921, 0.00240294565447, -0.00191157753579, 0.00134200486355, -0.000837035535369, 0.0011328564724, -0.00172736460809, 0.00273407110944, -0.00137955020182, 0.00079146202188, -0.0013258527033, 0.00124241993763], [-0.000708583393134, 0.00141648214776, -0.00191157753579, 0.00461864005774, -0.00264036189765, 0.000792601087596, 0.000361742655514, 0.000652336108033, -0.00270169810392, 0.0012612354476, -0.000645600433927, 0.000630350550637, -0.00164031004533], [0.00104318198282, -0.00243908027187, 0.00134200486355, -0.00264036189765, 0.00813364610076, -0.00159317010548, -0.000135836031404, -0.00329630542547, 0.00117397715803, -0.00102535751648, 0.00211774278432, -0.00160033209249, 0.00128975510597], [-0.000645182561129, 0.00205376790836, -0.000837035535369, 0.000792601087596, -0.00159317010548, 0.00634436728433, -0.00445992313325, 0.00190656655468, -0.000393550813897, -0.00246248813346, 0.00121295335703, 0.000570421514567, -4.60777737317e-05], [0.000811545643955, -0.00268493150361, 0.0011328564724, 0.000361742655514, -0.000135836031404, -0.00445992313325, 0.00993562862277, -0.00399325229228, 0.00197038566694, -0.000600066385232, -0.00144058826845, 0.000603435561061, -0.000650962814689], [-0.00113613030408, 0.00364191178232, -0.00172736460809, 0.000652336108033, -0.00329630542547, 0.00190656655468, -0.00399325229228, 0.0102071817964, -0.00521967606619, -0.000998395844363, -0.000666412874125, -0.000331099057803, -0.0018799189711], [0.00111183174886, -0.00289192795753, 0.00273407110944, -0.00270169810392, 0.00117397715803, -0.000393550813897, 0.00197038566694, -0.00521967606619, 0.0124127510935, -0.00249182083644, 0.00115835678298, -0.00140392268077, 0.000552509329282], [-0.000377270393074, 0.00132317934185, -0.00137955020182, 0.0012612354476, -0.00102535751648, -0.00246248813346, -0.000600066385232, -0.000998395844363, -0.00249182083644, 0.0127796297893, -0.00177610199898, -0.00336775463074, 0.00197481992655], [0.000369909597794, -0.00137179333251, 0.00079146202188, -0.000645600433927, 0.00211774278432, 0.00121295335703, -0.00144058826845, -0.000666412874125, 0.00115835678298, -0.00177610199898, 0.00925508420914, -0.0016240295954, -0.00158194475807], [-0.000489611004014, 0.00233925622888, -0.0013258527033, 0.000630350550637, -0.00160033209249, 0.000570421514567, 0.000603435561061, -0.000331099057803, -0.00140392268077, -0.00336775463074, -0.0016240295954, 0.0144764967263, -0.00367298116907], [0.000404817837989, -0.00101691193413, 0.00124241993763, -0.00164031004533, 0.00128975510597, -4.60777737317e-05, -0.000650962814689, -0.0018799189711, 0.000552509329282, 0.00197481992655, -0.00158194475807, -0.00367298116907, 0.0153543064371]]
    },
    "melbands": {
        "dmean": [0.000199498346774, 0.000147094673594, 0.000159104776685, 0.000181774419616, 0.000320607796311, 0.000286830007099, 0.000135797890835, 0.000112873327453, 0.000135819122079, 9.939262236e-05, 0.000170616374817, 9.13999247132e-05, 7.96872191131e-05, 6.42219747533e-05, 5.76749953325e-05, 1.9803921532e-05, 3.29377871822e-05, 1.76998637471e-05, 1.47278005898e-05, 1.57809645316e-05, 1.26197219288e-05, 2.13640578295e-05, 1.13170663099e-05, 9.37288405112e-06, 7.71528812038e-06, 3.67734514839e-06, 3.65006258107e-06, 3.76410935132e-06, 1.87382829608e-06, 7.97123902885e-07, 6.41187682504e-07, 6.75576018239e-07, 5.0502603699e-07, 4.60528013946e-07, 4.56150274886e-07, 4.35841371882e-07, 3.95239908357e-07, 2.6534587505e-07, 1.61762855555e-07, 1.37270092182e-07],
        "dmean2": [0.00032506196294, 0.000241951580392, 0.000244257826125, 0.000274058635114, 0.00049575639423, 0.000430676474934, 0.000208458382986, 0.000173814638401, 0.00021558975277, 0.000156119756866, 0.000272517674603, 0.000145546437125, 0.000129132313305, 0.000100186094642, 9.00703744264e-05, 3.17587473546e-05, 5.41739682376e-05, 2.89952658932e-05, 2.44716484303e-05, 2.56802250078e-05, 2.08442488656e-05, 3.46885353792e-05, 1.83450865734e-05, 1.52861302922e-05, 1.27074017655e-05, 5.99503982812e-06, 5.86192027185e-06, 5.95824303673e-06, 2.971373533e-06, 1.24280109048e-06, 9.92806690192e-07, 1.04852506411e-06, 7.70725819166e-07, 6.98197368365e-07, 6.92842775152e-07, 6.52276753499e-07, 5.90513877796e-07, 3.84760966199e-07, 2.3172125907e-07, 2.01598297167e-07],
        "dvar": [4.27767105293e-07, 1.54255843654e-07, 1.65528646789e-07, 2.05026353228e-07, 5.48710488602e-07, 1.11180975182e-06, 1.28412125378e-07, 2.18712571609e-07, 8.54666097894e-08, 4.97274754707e-08, 1.62157462569e-07, 6.93923567496e-08, 8.10204312529e-08, 4.21122727801e-08, 2.30565060377e-08, 4.44622116902e-09, 7.30936688953e-09, 1.71551939321e-09, 1.16975995557e-09, 1.36434574749e-09, 8.14563250184e-10, 4.96063412569e-09, 8.13607237138e-10, 5.45610057134e-10, 2.48719572715e-10, 1.18999810006e-10, 8.63377008775e-11, 7.8675108095e-11, 2.48546287718e-11, 6.84223814759e-12, 4.43373636416e-12, 4.55922452569e-12, 2.73356033989e-12, 1.90167868432e-12, 1.49110801831e-12, 2.16008222594e-12, 3.75565030464e-12, 1.05617316108e-12, 3.47289471486e-13, 4.95750142326e-13],
        "dvar2": [1.25612848478e-06, 4.1037714027e-07, 3.64669460851e-07, 4.23508168979e-07, 1.28112264974e-06, 2.08437791116e-06, 2.97530618809e-07, 4.98019062434e-07, 2.11320354992e-07, 1.17163182267e-07, 4.15732927195e-07, 1.72165940171e-07, 2.26666088565e-07, 1.0118083793e-07, 5.32212354187e-08, 1.175533626e-08, 2.16283080334e-08, 4.65375782355e-09, 3.14176284988e-09, 3.41271566562e-09, 2.18715534572e-09, 1.28357999785e-08, 2.18930207296e-09, 1.43180500789e-09, 6.70207389586e-10, 3.25854149219e-10, 2.24751314781e-10, 1.96509794548e-10, 6.1680209551e-11, 1.49046868597e-11, 8.35435366719e-12, 8.73755408304e-12, 5.08098901494e-12, 3.67235668958e-12, 3.27400498205e-12, 4.85030201766e-12, 9.0638026598e-12, 2.00302253082e-12, 6.46182434817e-13, 9.08982036776e-13],
        "max": [0.0124262617901, 0.00860430672765, 0.0149573087692, 0.0151920858771, 0.0283144079149, 0.0797042995691, 0.00783852208406, 0.0283572860062, 0.00732687534764, 0.00428358046338, 0.00783042982221, 0.00910055264831, 0.00879127811641, 0.00806923955679, 0.00473693665117, 0.00324574811384, 0.00265780184418, 0.0012482565362, 0.000703257275745, 0.000943444320001, 0.000715499161743, 0.00255324644968, 0.000705414044205, 0.000683881284203, 0.000346125219949, 0.000509197008796, 0.000528648437466, 0.000229168304941, 0.000208980505704, 0.000175168941496, 0.000100838900835, 9.1690584668e-05, 8.88291615411e-05, 6.35465039522e-05, 3.7707744923e-05, 5.188704381e-05, 9.30895839701e-05, 3.29268914356e-05, 2.12442064367e-05, 4.82901050418e-05],
        "mean": [0.000357711571269, 0.000249221891863, 0.000312062649755, 0.000396454881411, 0.000614503980614, 0.000569729949348, 0.000277939660009, 0.000201521761483, 0.0002385823027, 0.000186023578863, 0.000323098152876, 0.000173261156306, 0.000153662680532, 0.000132312692585, 0.000123275589431, 4.01075012633e-05, 5.9589776356e-05, 3.41994636983e-05, 2.96628913929e-05, 3.24156026181e-05, 2.64875452558e-05, 4.63996366307e-05, 2.71428452834e-05, 2.20268520934e-05, 1.60868148669e-05, 8.20252898848e-06, 9.11817460292e-06, 9.73528221948e-06, 4.3811623982e-06, 1.63466881986e-06, 1.30594980874e-06, 1.33048251882e-06, 1.06886932372e-06, 9.93211187961e-07, 1.01044588519e-06, 8.83157554199e-07, 7.22278684862e-07, 5.04378078858e-07, 3.03282661207e-07, 2.30592405615e-07],
        "median": [9.80979530141e-06, 4.14046444348e-05, 0.000101886573248, 0.000127963518025, 0.000236567750107, 0.000181729832548, 7.37315785955e-05, 4.59053262603e-05, 8.46053444548e-05, 5.90454583289e-05, 6.54892646708e-05, 3.80283090635e-05, 2.93062967103e-05, 2.71097451332e-05, 2.32242273341e-05, 6.59731904307e-06, 1.83822958206e-05, 1.28701376525e-05, 7.24620440451e-06, 7.26029247744e-06, 6.26997416475e-06, 7.50158005758e-06, 5.0357125474e-06, 5.48189382243e-06, 5.89256569583e-06, 3.58424358637e-06, 2.96033135783e-06, 2.35847323893e-06, 1.37288930091e-06, 6.9184233098e-07, 5.77967909976e-07, 5.09308222263e-07, 4.26076780968e-07, 4.35403052279e-07, 4.06777871831e-07, 3.21907151601e-07, 2.29991499623e-07, 1.38550220186e-07, 8.01446660148e-08, 4.28617852322e-08],
        "min": [4.91356904566e-25, 8.6358940295e-25, 4.87606364e-25, 9.42759483398e-25, 9.57772393893e-25, 8.53039473026e-25, 7.63007418863e-25, 1.06600371566e-24, 1.00775047933e-24, 1.00497753464e-24, 1.60669391048e-24, 1.46786208255e-24, 2.0497667098e-24, 1.14714299014e-24, 1.95452733549e-24, 1.73802229069e-24, 1.97785513575e-24, 2.47451407307e-24, 2.20488772655e-24, 2.34832275507e-24, 3.24128095649e-24, 2.77118552965e-24, 2.78682528874e-24, 2.68127451633e-24, 3.12514899554e-24, 2.98642662207e-24, 3.8685103759e-24, 3.71901886778e-24, 3.73797322318e-24, 3.82307435434e-24, 4.30822972751e-24, 4.3284817591e-24, 3.13200163301e-24, 4.16607778125e-24, 5.00029384979e-24, 3.68862169052e-24, 5.06897563007e-24, 5.58247950873e-24, 4.89102754251e-24, 5.04170983617e-24],
        "var": [8.68098595674e-07, 2.72311069693e-07, 7.00118505392e-07, 7.82102802077e-07, 1.2044728237e-06, 2.1620219286e-06, 3.37391867333e-07, 4.26215024163e-07, 1.70475217942e-07, 1.17936700406e-07, 4.2913191578e-07, 1.51982817442e-07, 2.06404251912e-07, 1.0734873257e-07, 8.74811689755e-08, 1.37001512357e-08, 1.3652562636e-08, 4.24434842827e-09, 3.23104676347e-09, 4.98817520622e-09, 2.48482212584e-09, 1.52183652347e-08, 3.25692606218e-09, 1.93353222322e-09, 6.05880234872e-10, 1.78410550222e-10, 2.75550721129e-10, 3.89085208496e-10, 9.84479789357e-11, 1.2049935702e-11, 8.51518421746e-12, 9.10935042675e-12, 5.94852726105e-12, 4.64462409505e-12, 3.9170771661e-12, 4.64488040045e-12, 5.89625223646e-12, 2.83834089045e-12, 1.00148567824e-12, 1.0848162646e-12]
    },
    "mfcc": {
        "mean": [-707.335754395, 109.424850464, -19.9551067352, 9.64597797394, -9.85458564758, -7.33625936508, -7.14806079865, 1.74715709686, -10.8227615356, -0.320814222097, -9.22141265869, -3.96252608299, -4.50642585754],
        "cov": [[25565.765625, 4555.390625, -1227.63452148, 460.48815918, -453.004547119, -531.115234375, -53.2403945923, 413.983215332, -298.768737793, 232.937866211, -308.274810791, 3.10536527634, 56.7028083801], [4555.390625, 2166.86547852, -45.0817756653, 148.949661255, -181.173110962, -93.651222229, -40.2181434631, -75.8145217896, -252.62727356, -17.7343883514, -168.290634155, -131.627319336, -105.323638916], [-1227.63452148, -45.0817756653, 832.637817383, 225.53302002, 124.972045898, 82.1797409058, 41.8345527649, -53.0124130249, -37.1095504761, -9.99735641479, -30.595079422, -13.7917394638, 16.2695846558], [460.48815918, 148.949661255, 225.53302002, 483.60357666, 186.212875366, -84.4755706787, -69.1219482422, 30.6556129456, 7.77463912964, 9.13174915314, -56.7550201416, 38.0172691345, 31.379442215], [-453.004547119, -181.173110962, 124.972045898, 186.212875366, 246.789962769, 12.8170433044, -33.7355041504, 43.4145050049, 72.4076004028, 19.0579090118, 12.2208499908, 48.3056755066, 36.4488639832], [-531.115234375, -93.651222229, 82.1797409058, -84.4755706787, 12.8170433044, 274.324188232, 95.1711959839, 12.8152513504, 76.4765014648, 14.2509450912, 64.8881072998, -18.6040096283, 13.226111412], [-53.2403945923, -40.2181434631, 41.8345527649, -69.1219482422, -33.7355041504, 95.1711959839, 223.116867065, 38.8700942993, 29.9743118286, 47.9515380859, 33.4075622559, -5.34094953537, 42.593372345], [413.983215332, -75.8145217896, -53.0124130249, 30.6556129456, 43.4145050049, 12.8152513504, 38.8700942993, 144.691970825, 91.4059295654, 45.0777664185, 36.1602935791, 27.9212055206, 46.0297050476], [-298.768737793, -252.62727356, -37.1095504761, 7.77463912964, 72.4076004028, 76.4765014648, 29.9743118286, 91.4059295654, 214.369613647, 66.4190750122, 76.8438720703, 25.80900383, 54.8825378418], [232.937866211, -17.7343883514, -9.99735641479, 9.13174915314, 19.0579090118, 14.2509450912, 47.9515380859, 45.0777664185, 66.4190750122, 119.53263092, 35.6748542786, -0.338078051805, 28.4455718994], [-308.274810791, -168.290634155, -30.595079422, -56.7550201416, 12.2208499908, 64.8881072998, 33.4075622559, 36.1602935791, 76.8438720703, 35.6748542786, 126.334976196, 47.8124771118, 37.1025619507], [3.10536527634, -131.627319336, -13.7917394638, 38.0172691345, 48.3056755066, -18.6040096283, -5.34094953537, 27.9212055206, 25.80900383, -0.338078051805, 47.8124771118, 127.618980408, 60.5269813538], [56.7028083801, -105.323638916, 16.2695846558, 31.379442215, 36.4488639832, 13.226111412, 42.593372345, 46.0297050476, 54.8825378418, 28.4455718994, 37.1025619507, 60.5269813538, 125.752784729]],
