{
"lowlevel": {
    "average_loudness": 0.810803830624,
    "barkbands_crest": {
        "dmean": 2.32187652588,
        "dmean2": 3.84184241295,
        "dvar": 4.76116752625,
        "dvar2": 12.5762643814,
        "max": 25.8470249176,
        "mean": 9.40106201172,
        "median": 8.39607810974,
        "min": 2.48416042328,
        "var": 17.4396305084
    },
    "barkbands_flatness_db": {
        "dmean": 0.0198531933129,
        "dmean2": 0.0322469770908,
        "dvar": 0.000320139806718,
        "dvar2": 0.000806366093457,
        "max": 0.392055690289,
        "mean": 0.199315473437,
        "median": 0.193038403988,
        "min": 0.0669944062829,
        "var": 0.00214941287413
    },
    "barkbands_kurtosis": {
        "dmean": 2.572889328,
        "dmean2": 4.09481143951,
        "dvar": 28.5209560394,
        "dvar2": 70.7318115234,
        "max": 174.798614502,
        "mean": 4.65217447281,
        "median": 1.34928846359,
        "min": -1.90533316135,
        "var": 89.4077453613
    },
    "barkbands_skewness": {
        "dmean": 0.44587123394,
        "dmean2": 0.697466015816,
        "dvar": 0.22367669642,
        "dvar2": 0.535549223423,
        "max": 11.024312973,
        "mean": 1.45195686817,
        "median": 1.19130635262,
        "min": -2.41719555855,
        "var": 1.70051777363
    },
    "barkbands_spread": {
        "dmean": 3.65138030052,
        "dmean2": 5.55108594894,
        "dvar": 19.3149604797,
        "dvar2": 37.8030204773,
        "max": 116.535385132,
        "mean": 16.8427391052,
        "median": 14.8287773132,
        "min": 0.656715393066,
        "var": 108.166625977
    },
    "dissonance": {
        "dmean": 0.021144349128,
        "dmean2": 0.0354304127395,
        "dvar": 0.000387394567952,
        "dvar2": 0.00104808341712,
        "max": 0.500000178814,
        "mean": 0.456520140171,
        "median": 0.463425517082,
        "min": 0.275985479355,
        "var": 0.000980804325081
    },
    "dynamic_complexity": 2.45540809631,
    "erbbands_crest": {
        "dmean": 2.58954715729,
        "dmean2": 4.27847146988,
        "dvar": 5.32877397537,
        "dvar2": 13.6034393311,
        "max": 28.2701721191,
        "mean": 9.34664154053,
        "median": 8.59019088745,
        "min": 2.88195729256,
        "var": 13.2755203247
    },
    "erbbands_flatness_db": {
        "dmean": 0.0144281648099,
        "dmean2": 0.0219398960471,
        "dvar": 0.000187613142771,
        "dvar2": 0.000389110238757,
        "max": 0.384900510311,
        "mean": 0.234102770686,
        "median": 0.232985362411,
        "min": 0.0873254314065,
        "var": 0.00122098764405
    },
    "erbbands_kurtosis": {
        "dmean": 0.936481833458,
        "dmean2": 1.49114227295,
        "dvar": 1.47173178196,
        "dvar2": 3.42849373817,
        "max": 29.7633209229,
        "mean": 0.746992051601,
        "median": 0.133346557617,
        "min": -1.86070621014,
        "var": 4.85406494141
    },
    "erbbands_skewness": {
        "dmean": 0.338646024466,
        "dmean2": 0.523726224899,
        "dvar": 0.0922869294882,
        "dvar2": 0.205295935273,
        "max": 4.77465009689,
        "mean": 0.523446083069,
        "median": 0.461795866489,
        "min": -3.55728697777,
        "var": 0.68072104454
    },
    "erbbands_spread": {
        "dmean": 6.01554775238,
        "dmean2": 9.3024559021,
        "dvar": 44.9987030029,
        "dvar2": 95.0532608032,
        "max": 122.018745422,
        "mean": 30.1901664734,
        "median": 27.964969635,
        "min": 5.46265554428,
        "var": 194.8777771
    },
    "hfc": {
        "dmean": 5.24148845673,
        "dmean2": 7.70022296906,
        "dvar": 56.2807502747,
        "dvar2": 119.854255676,
        "max": 149.1302948,
        "mean": 19.2090988159,
        "median": 16.0804290771,
        "min": 1.20191222358e-16,
        "var": 226.591629028
    },
    "melbands_crest": {
        "dmean": 2.86576128006,
        "dmean2": 4.69883203506,
        "dvar": 7.06102705002,
        "dvar2": 18.5465259552,
        "max": 31.9199905396,
        "mean": 12.1214876175,
        "median": 11.0951843262,
        "min": 2.10079026222,
        "var": 24.916387558
    },
    "melbands_flatness_db": {
        "dmean": 0.0216112062335,
        "dmean2": 0.0328451432288,
        "dvar": 0.000472359883133,
        "dvar2": 0.0010108652059,
        "max": 0.485942780972,
        "mean": 0.222648873925,
        "median": 0.216300025582,
        "min": 0.00637699337676,
        "var": 0.0041883289814
    },
    "melbands_kurtosis": {
        "dmean": 4.63282632828,
        "dmean2": 7.34084033966,
        "dvar": 86.3127822876,
        "dvar2": 212.204193115,
        "max": 313.440673828,
        "mean": 10.3707113266,
        "median": 4.72489738464,
        "min": -1.86047673225,
        "var": 330.011993408
    },
    "melbands_skewness": {
        "dmean": 0.54435968399,
        "dmean2": 0.853231072426,
        "dvar": 0.329147666693,
        "dvar2": 0.786624670029,
        "max": 14.1186990738,
        "mean": 2.11567258835,
        "median": 1.85148024559,
        "min": -1.1810901165,
        "var": 2.24652600288
    },
    "melbands_spread": {
        "dmean": 4.9325761795,
        "dmean2": 7.54768562317,
        "dvar": 38.8292808533,
        "dvar2": 78.4566802979,
        "max": 204.848342896,
        "mean": 21.2944583893,
        "median": 18.6412696838,
        "min": 0.868951559067,
        "var": 218.452346802
    },
    "pitch_salience": {
        "dmean": 0.0628417730331,
        "dmean2": 0.103078313172,
        "dvar": 0.00313628744334,
        "dvar2": 0.00815860275179,
        "max": 0.877042531967,
        "mean": 0.584269881248,
        "median": 0.587648630142,
        "min": 0.101838864386,
        "var": 0.0105009637773
    },
    "silence_rate_20dB": {
        "dmean": 0,
        "dmean2": 0,
        "dvar": 0,
        "dvar2": 0,
        "max": 1,
        "mean": 1,
        "median": 1,
        "min": 1,
        "var": 0
    },
    "silence_rate_30dB": {
        "dmean": 0.00859997514635,
        "dmean2": 0.0172021258622,
        "dvar": 0.00852704513818,
        "dvar2": 0.0199390724301,
        "max": 1,
        "mean": 0.991906940937,
        "median": 1,
        "min": 0,
        "var": 0.00802708510309
    },
    "silence_rate_60dB": {
        "dmean": 0.0128999622539,
        "dmean2": 0.025803187862,
        "dvar": 0.012734872289,
        "dvar2": 0.0299489274621,
        "max": 1,
        "mean": 0.0376833602786,
        "median": 0,
        "min": 0,
        "var": 0.0362744629383
    },
    "spectral_centroid": {
        "dmean": 189.356307983,
        "dmean2": 286.584259033,
        "dvar": 52097.2695312,
        "dvar2": 91326.09375,
        "max": 10901.4746094,
        "mean": 1195.4420166,
        "median": 1118.23474121,
        "min": 188.738372803,
        "var": 387291.21875
    },
    "spectral_complexity": {
        "dmean": 2.85215640068,
        "dmean2": 4.45585632324,
        "dvar": 7.80458211899,
        "dvar2": 16.655254364,
        "max": 57,
        "mean": 19.6341686249,
        "median": 19,
        "min": 0,
        "var": 85.7127227783
    },
    "spectral_decrease": {
        "dmean": 2.07953587683e-09,
        "dmean2": 3.19765414147e-09,
        "dvar": 1.16224244466e-17,
        "dvar2": 2.64860155028e-17,
        "max": 3.45671023168e-19,
        "mean": -6.52776055432e-09,
        "median": -5.65377433759e-09,
        "min": -7.16752310836e-08,
        "var": 2.56965659067e-17
    },
    "spectral_energy": {
        "dmean": 0.00823437608778,
        "dmean2": 0.0126369446516,
        "dvar": 0.000174524524482,
        "dvar2": 0.000396446848754,
        "max": 0.27307933569,
        "mean": 0.0263796392828,
        "median": 0.0231132991612,
        "min": 1.06507072892e-20,
        "var": 0.00039909107727
    },
    "spectral_energyband_high": {
        "dmean": 0.000199983915081,
        "dmean2": 0.000284483248834,
        "dvar": 2.99620381838e-07,
        "dvar2": 5.0990672662e-07,
        "max": 0.0208659917116,
        "mean": 0.000454524502857,
        "median": 0.000202827068279,
        "min": 7.46244301568e-21,
        "var": 8.74641045812e-07
    },
    "spectral_energyband_low": {
        "dmean": 0.00273989606649,
        "dmean2": 0.00420788023621,
        "dvar": 0.000108021813503,
        "dvar2": 0.000258391693933,
        "max": 0.255371153355,
        "mean": 0.00509736128151,
        "median": 0.00238686311059,
        "min": 4.66784017531e-23,
        "var": 0.000138043964398
    },
    "spectral_energyband_middle_high": {
        "dmean": 0.00220270943828,
        "dmean2": 0.00339369289577,
        "dvar": 1.40991478474e-05,
        "dvar2": 3.31671326421e-05,
        "max": 0.117881275713,
        "mean": 0.00660712271929,
        "median": 0.00446319021285,
        "min": 1.53700507667e-21,
        "var": 4.93512270623e-05
    },
    "spectral_energyband_middle_low": {
        "dmean": 0.0055405087769,
        "dmean2": 0.00876682624221,
        "dvar": 5.67745664739e-05,
        "dvar2": 0.000136601200211,
        "max": 0.118721209466,
        "mean": 0.0150590175763,
        "median": 0.0116574335843,
        "min": 3.3069220803e-22,
        "var": 0.000153649045387
    },
    "spectral_entropy": {
        "dmean": 0.139456063509,
        "dmean2": 0.20914106071,
        "dvar": 0.0203645303845,
        "dvar2": 0.0406256988645,
        "max": 9.80178260803,
        "mean": 7.22951745987,
        "median": 7.29005241394,
        "min": 5.58951282501,
        "var": 0.178643032908
    },
    "spectral_flux": {
        "dmean": 0.0206420831382,
        "dmean2": 0.0329524949193,
        "dvar": 0.000637583492789,
        "dvar2": 0.00135828461498,
        "max": 0.411981493235,
        "mean": 0.0804883241653,
        "median": 0.0751183480024,
        "min": 1.03202266177e-10,
        "var": 0.00174238916952
    },
    "spectral_kurtosis": {
        "dmean": 3.09991693497,
        "dmean2": 5.42786121368,
        "dvar": 11.5878753662,
        "dvar2": 34.6934318542,
        "max": 53.3212928772,
        "mean": 4.69014358521,
        "median": 3.46434283257,
        "min": -1.28758621216,
        "var": 21.068977356
    },
    "spectral_rms": {
        "dmean": 0.000722311320715,
        "dmean2": 0.00109381531365,
        "dvar": 7.15749820301e-07,
        "dvar2": 1.52705661094e-06,
        "max": 0.0163223426789,
        "mean": 0.00475783832371,
        "median": 0.004748637788,
        "min": 3.22349720701e-12,
        "var": 3.09922211272e-06
    },
    "spectral_rolloff": {
        "dmean": 291.249908447,
        "dmean2": 484.875610352,
        "dvar": 265183.5625,
        "dvar2": 504777.28125,
        "max": 19336.8164062,
        "mean": 1296.33557129,
        "median": 1055.12695312,
        "min": 64.599609375,
        "var": 964827.625
    },
    "spectral_skewness": {
        "dmean": 0.325694710016,
        "dmean2": 0.544695436954,
        "dvar": 0.096662774682,
        "dvar2": 0.262413084507,
        "max": 5.53604412079,
        "mean": 1.34634399414,
        "median": 1.23537003994,
        "min": -0.788418769836,
        "var": 0.382812350988
    },
    "spectral_spread": {
        "dmean": 296205.96875,
        "dmean2": 453285.0625,
        "dvar": 276993736704,
        "dvar2": 379309555712,
        "max": 40953400,
        "mean": 3017718.25,
        "median": 2775325.75,
        "min": 1277659.625,
        "var": 979066486784
    },
    "spectral_strongpeak": {
        "dmean": 0.621411859989,
        "dmean2": 1.04459536076,
        "dvar": 0.773459672928,
        "dvar2": 1.93991696835,
        "max": 11.6947259903,
        "mean": 1.15336096287,
        "median": 0.745841860771,
        "min": 0,
        "var": 1.41775405407
    },
    "zerocrossingrate": {
        "dmean": 0.00630819611251,
        "dmean2": 0.00759133463725,
        "dvar": 7.28740560589e-05,
        "dvar2": 8.0256635556e-05,
        "max": 0.650390625,
        "mean": 0.0491852611303,
        "median": 0.0458984375,
        "min": 0.00439453125,
        "var": 0.000726072990801
    },
    "barkbands": {
        "dmean": [0.000105957384221, 0.00200076820329, 0.000795782892965, 0.000764738593716, 0.00274014146999, 0.00128295761533, 0.00139596278314, 0.000971601635683, 0.00106642092578, 0.000877347018104, 0.000479967566207, 0.00054813089082, 0.000402772857342, 0.000380577286705, 0.000344625150319, 0.000310162984533, 0.000323995918734, 0.000158440932864, 0.000115189686767, 0.000179302573088, 7.06802020431e-05, 4.0653085307e-05, 3.37784003932e-05, 1.15594793897e-05, 2.14244508356e-07, 1.12813125508e-09, 1.10844455836e-09],
        "dmean2": [0.000174868997419, 0.00310546928085, 0.0013926399406, 0.00128168403171, 0.00454940041527, 0.0020218056161, 0.00218612607569, 0.00150824175216, 0.0016919785412, 0.00141031935345, 0.000777915120125, 0.000868205563165, 0.00064926390769, 0.000624276814051, 0.000563452893402, 0.00050256884424, 0.000529788841959, 0.00026060664095, 0.000182880976354, 0.000263694819296, 0.000107888896309, 5.88517505093e-05, 4.76064633403e-05, 1.71567971847e-05, 3.33447474077e-07, 2.06195527319e-09, 2.0551926827e-09],
        "dvar": [1.2220303347e-07, 7.85171505413e-05, 7.54586790208e-06, 2.45569935942e-06, 2.34005910897e-05, 6.05885270488e-06, 7.84693656897e-06, 4.91411447001e-06, 4.17100955019e-06, 8.02206795925e-06, 1.67603934642e-06, 1.94813424059e-06, 1.0074304555e-06, 9.3500091225e-07, 6.09138112395e-07, 6.46629132461e-07, 4.09230409559e-07, 1.19090486805e-07, 5.1153154601e-08, 1.87666913121e-07, 5.38891242741e-08, 2.42573090503e-08, 1.75702705718e-08, 1.89728766031e-09, 3.22320295454e-13, 2.23880568691e-17, 1.43378888256e-17],
        "dvar2": [3.03803034285e-07, 0.000185356053407, 2.16322423512e-05, 6.4778205342e-06, 6.49197245366e-05, 1.4215441297e-05, 1.8641962015e-05, 1.10602804853e-05, 9.93337653199e-06, 2.04654752451e-05, 3.88367880078e-06, 4.65181756226e-06, 2.49344498116e-06, 2.3133702598e-06, 1.4971700466e-06, 1.56819953645e-06, 1.04167372683e-06, 3.16225793995e-07, 1.18978825014e-07, 3.63323579222e-07, 1.20986598517e-07, 4.26589004121e-08, 2.43092834751e-08, 3.88488130554e-09, 7.13435603997e-13, 6.67243189708e-17, 4.29008324237e-17],
        "max": [0.00785432010889, 0.183221817017, 0.0673732534051, 0.0309507530183, 0.0835739299655, 0.0543467253447, 0.0514219254255, 0.0481739938259, 0.0408801883459, 0.138824388385, 0.0792898237705, 0.0440473034978, 0.024268405512, 0.0199909303337, 0.0192189607769, 0.020692134276, 0.0135889565572, 0.00828157737851, 0.00646018842235, 0.0140442475677, 0.00797563698143, 0.00607580551878, 0.00797328166664, 0.00272915861569, 1.65281471709e-05, 2.84069813006e-07, 2.20993825906e-07],
        "mean": [0.000129653461045, 0.00302193453535, 0.0013562097447, 0.00136669911444, 0.00502505945042, 0.00241784797981, 0.00237003900111, 0.001573344809, 0.00182203319855, 0.00142624252476, 0.00077594089089, 0.000874549092259, 0.000654929433949, 0.000611208379269, 0.000577206548769, 0.000555614649784, 0.000616536359303, 0.000303095352137, 0.00024088282953, 0.00036398001248, 0.000137252689456, 7.70192636992e-05, 6.10073293501e-05, 2.10568214243e-05, 2.97853631537e-07, 1.00983243989e-09, 8.81231421168e-10],
        "median": [1.81809518836e-05, 0.000899894745089, 0.000389496912248, 0.00058036739938, 0.00284921634011, 0.00120422593318, 0.000919210258871, 0.000505534699187, 0.000731946784072, 0.000460701237898, 0.000260367814917, 0.000293848512229, 0.000175075838342, 0.000181462892215, 0.000229026962188, 0.000157360220328, 0.000264407804934, 0.000124392157886, 0.000110533306724, 0.000131071588839, 4.84914999106e-05, 2.9828530387e-05, 2.15828586079e-05, 5.68710083826e-06, 6.7707873086e-08, 4.4120210263e-10, 3.14874792906e-10],
        "min": [7.14650866601e-24, 3.55996281561e-24, 1.95121053037e-23, 3.95985707662e-23, 9.64263685735e-23, 4.89889658782e-23, 5.20248213412e-23, 2.97651355927e-23, 4.37049294104e-23, 5.43176487177e-23, 5.53611349905e-23, 7.98672694051e-23, 9.74392470431e-23, 9.27217515448e-23, 1.28071870885e-22, 2.32202002624e-22, 1.55621796704e-22, 1.49046685235e-22, 2.76660537168e-22, 3.50843476838e-22, 4.76639957328e-22, 5.56357721815e-22, 7.20262267722e-22, 7.476423297e-22, 1.36340387776e-21, 1.40112258668e-21, 2.24768580198e-21],
        "var": [1.52397419129e-07, 9.25073618419e-05, 8.13039241621e-06, 5.27410975337e-06, 4.49937797384e-05, 1.23077961689e-05, 1.46440206663e-05, 9.49254899751e-06, 9.39036999625e-06, 1.16392393466e-05, 3.92531228499e-06, 3.52706979356e-06, 2.03299623536e-06, 1.75991453943e-06, 1.15404714052e-06, 1.40561314765e-06, 1.08652648123e-06, 2.40456301981e-07, 1.36101448334e-07, 5.52514791252e-07, 1.07246542314e-07, 5.90677800005e-08, 4.61562876808e-08, 3.64751828741e-09, 6.14530399224e-13, 1.25213373347e-17, 8.22771905324e-18]
    },
    "erbbands": {
        "dmean": [0.0632702261209, 0.443095445633, 0.884211480618, 1.67769372463, 6.25972175598, 10.9502706528, 9.18285560608, 10.5859537125, 19.251543045, 17.4956188202, 22.7131729126, 24.2707824707, 25.1636924744, 22.8186016083, 18.8524417877, 23.5968742371, 18.0997676849, 18.5980854034, 17.1744041443, 16.2221450806, 16.1720752716, 14.6203975677, 9.38827800751, 5.37498426437, 6.89780807495, 8.63610172272, 3.76917505264, 2.21669697762, 1.50193035603, 1.26516103745, 0.902055501938, 0.433300048113, 0.0903679430485, 0.0067914603278, 0.000247109128395, 2.51936526183e-05, 6.79291315464e-06, 2.11564770325e-06, 4.2875390136e-06, 9.44712792261e-06],
        "dmean2": [0.0941258519888, 0.72060573101, 1.55051875114, 2.8192589283, 10.463060379, 18.1965312958, 14.6710453033, 16.7157478333, 30.2870616913, 27.0269985199, 35.2645568848, 38.3618431091, 39.2297706604, 37.2127838135, 29.7485485077, 37.0134735107, 29.2695198059, 30.2811660767, 27.675661087, 25.8292789459, 25.8605213165, 23.4884853363, 15.2325458527, 8.65502262115, 10.5464401245, 12.7769298553, 5.71005916595, 3.35462212563, 2.1673707962, 1.85215544701, 1.26987743378, 0.624115407467, 0.135985508561, 0.0100625529885, 0.000353335461114, 3.5600431147e-05, 9.74730301095e-06, 3.07158006763e-06, 6.45974250801e-06, 1.4435927369e-05],
        "dvar": [0.0760472267866, 4.21171760559, 12.4639005661, 13.0664405823, 138.647125244, 460.928161621, 322.787475586, 517.118652344, 1643.7142334, 2001.87023926, 2384.9284668, 2549.64282227, 9307.14941406, 2243.17138672, 3495.38623047, 3965.45068359, 1915.1829834, 2218.78637695, 1527.57287598, 1579.48730469, 1439.78747559, 768.439941406, 409.93862915, 145.291397095, 202.10017395, 441.246490479, 89.0276107788, 112.026062012, 33.2231140137, 23.0775299072, 14.4049396515, 3.69664931297, 0.0670225173235, 0.000305372435832, 4.05904529543e-07, 4.29356017406e-09, 2.67830119194e-10, 2.92859729523e-11, 4.15503811912e-11, 2.1606258449e-10],
        "dvar2": [0.153236284852, 10.8520708084, 35.2781486511, 34.9926490784, 386.293334961, 1225.0390625, 760.206787109, 1225.39172363, 3804.74414062, 4740.48779297, 5317.67675781, 6044.95068359, 22932.515625, 5936.67529297, 7386.02050781, 9404.09960938, 4896.46728516, 5455.046875, 3812.51879883, 3706.12109375, 3535.29003906, 1927.20178223, 1040.31774902, 374.766937256, 423.000946045, 855.442077637, 196.218490601, 247.998947144, 59.5093040466, 41.4997711182, 21.1577854156, 7.41902637482, 0.135839924216, 0.000594793411437, 7.33849844892e-07, 7.48157358288e-09, 5.2629384184e-10, 6.06682412641e-11, 9.0893965965e-11, 4.87744622468e-10],
        "max": [5.98270988464, 47.7641334534, 99.8184890747, 90.53490448, 171.52305603, 405.717132568, 578.732299805, 667.301452637, 725.581542969, 1047.19104004, 1132.7142334, 1286.34008789, 5070.41845703, 881.877746582, 4336.01660156, 2085.69311523, 967.967346191, 1119.21435547, 1195.71276855, 1175.05908203, 999.682495117, 635.424316406, 474.892852783, 367.927703857, 430.648956299, 672.293273926, 341.075592041, 437.553131104, 244.343978882, 211.765716553, 234.006240845, 121.427528381, 8.0847196579, 0.551362097263, 0.019424367696, 0.00291070714593, 0.00066779757617, 0.000202791954507, 0.000121034187032, 0.000295769656077],
        "mean": [0.0930666550994, 0.652325153351, 1.49241137505, 3.34035730362, 10.8435258865, 18.8240451813, 17.6368713379, 19.4088191986, 33.2926292419, 30.2901477814, 38.8355636597, 42.1722984314, 43.2479705811, 39.3493614197, 33.861869812, 39.2387657166, 31.9118690491, 32.235206604, 30.642616272, 29.4458122253, 33.0050201416, 30.7494125366, 20.0466785431, 11.8535871506, 14.8894252777, 17.9699382782, 7.93765163422, 4.16063928604, 2.81384730339, 2.29718852043, 1.62782406807, 0.785424351692, 0.16341753304, 0.0126739265397, 0.00051665562205, 6.52205853839e-05, 2.06591521419e-05, 6.29432724963e-06, 1.48262597577e-05, 3.12432021019e-05],
        "median": [0.0203326903284, 0.207145035267, 0.536697864532, 1.69820964336, 5.63318729401, 9.1757144928, 9.25377655029, 9.68702125549, 13.1009311676, 12.594367981, 16.1314735413, 17.7743606567, 14.77485466, 17.6847381592, 13.1965732574, 14.1139812469, 10.282989502, 10.968460083, 12.0833282471, 11.3634281158, 11.3380737305, 14.3693180084, 8.696144104, 5.29328250885, 6.95850801468, 6.48987483978, 2.95590543747, 1.52598285675, 1.09443700314, 0.813782989979, 0.586371898651, 0.223881483078, 0.0424242913723, 0.00351901073009, 0.000180173898116, 3.76928364858e-05, 1.57319354912e-05, 4.56875113741e-06, 1.33079965963e-05, 2.77489925793e-05],
        "min": [8.08371391782e-23, 1.08372928609e-21, 1.45741921478e-20, 9.73421362714e-20, 2.8654893512e-19, 3.24073182278e-19, 1.2418921363e-19, 5.89914245299e-19, 5.23888068419e-19, 8.49912983352e-19, 8.89875733106e-19, 1.01315955878e-18, 1.42021120911e-18, 2.0730364174e-18, 2.28965723545e-18, 3.26741243004e-18, 4.17732661348e-18, 5.84369064287e-18, 6.23804072809e-18, 6.84068895363e-18, 1.25613985189e-17, 8.8816251798e-18, 6.6639899399e-18, 1.34875000066e-17, 1.82881891025e-17, 1.47415926692e-17, 1.98403240388e-17, 1.75444015306e-17, 2.0057268698e-17, 1.8264257113e-17, 1.9357245598e-17, 1.93746594042e-17, 1.20187597653e-17, 1.23757535469e-17, 1.07279948774e-17, 4.82264453733e-18, 2.91581931067e-18, 1.07981573709e-18, 3.1340490467e-19, 3.76171854227e-20],
        "var": [0.116389073431, 4.00059223175, 11.106344223, 24.8430461884, 237.351882935, 914.791259766, 734.022521973, 947.795715332, 3158.8762207, 3186.09545898, 4722.85400391, 5488.09326172, 12735.0742188, 4590.27539062, 8789.09863281, 7070.83251953, 3983.66625977, 4489.484375, 3242.55615234, 3159.14892578, 4154.38574219, 2207.81640625, 963.131896973, 341.362579346, 557.405273438, 1428.16027832, 227.672744751, 181.606399536, 76.7403793335, 56.705581665, 35.2571487427, 6.61297082901, 0.16186401248, 0.000847894058097, 1.2340954072e-06, 1.21038397083e-08, 6.51348031067e-10, 6.71181443757e-11, 1.12790006501e-10, 5.2351545321e-10]
    },
    "gfcc": {
        "mean": [-46.8050575256, 159.08430481, -171.030380249, 48.0999794006, -74.379737854, -5.62098169327, -20.2848472595, -22.6314506531, 3.28624176979, -28.6016120911, 4.78844881058, -17.6435623169, 1.792776227],
        "cov": [[4108.85498047, -68.6868286133, -643.680786133, 438.931243896, 372.12322998, 322.038574219, 256.970367432, 396.950622559, 68.3674850464, 129.714813232, 167.432846069, -87.9664306641, 8.1875038147], [-68.6868286133, 816.305541992, 294.129302979, -125.475883484, 207.673919678, -213.817459106, 126.310173035, -45.8790054321, -2.99465870857, -20.2477550507, 6.20301246643, -16.2143039703, -46.7014312744], [-643.680786133, 294.129302979, 931.093322754, 190.076766968, -230.250137329, -7.88519430161, -65.9670944214, -84.2198028564, -24.4347915649, -53.0313796997, -15.0376768112, 7.57391309738, -5.16905593872], [438.931243896, -125.475883484, 190.076766968, 423.098022461, 63.1254768372, 133.829818726, 15.918009758, 95.558303833, 36.188419342, 33.2687492371, 30.756685257, 8.08050060272, 36.7864112854], [372.12322998, 207.673919678, -230.250137329, 63.1254768372, 458.227325439, 24.9708786011, 142.217483521, 121.496955872, 47.8026390076, 62.6226539612, 42.298664093, -0.219081908464, 0.820909798145], [322.038574219, -213.817459106, -7.88519430161, 133.829818726, 24.9708786011, 364.809509277, 96.345954895, 104.202278137, 11.1559171677, 30.2621536255, 61.7281913757, 0.928382217884, 6.85118293762], [256.970367432, 126.310173035, -65.9670944214, 15.918009758, 142.217483521, 96.345954895, 254.447570801, 89.8387527466, -5.59049081802, 37.7968978882, 37.0120620728, 16.1790180206, -20.2174549103], [396.950622559, -45.8790054321, -84.2198028564, 95.558303833, 121.496955872, 104.202278137, 89.8387527466, 177.962249756, 40.1114616394, 32.3953666687, 52.068687439, -2.87390995026, 17.2607383728], [68.3674850464, -2.99465870857, -24.4347915649, 36.188419342, 47.8026390076, 11.1559171677, -5.59049081802, 40.1114616394, 90.0273666382, 37.2870674133, -1.53529763222, 4.01212072372, 3.43122553825], [129.714813232, -20.2477550507, -53.0313796997, 33.2687492371, 62.6226539612, 30.2621536255, 37.7968978882, 32.3953666687, 37.2870674133, 87.8296432495, 32.7923126221, -7.41214513779, 3.57329106331], [167.432846069, 6.20301246643, -15.0376768112, 30.756685257, 42.298664093, 61.7281913757, 37.0120620728, 52.068687439, -1.53529763222, 32.7923126221, 88.5758743286, 25.0236530304, 2.88503289223], [-87.9664306641, -16.2143039703, 7.57391309738, 8.08050060272, -0.219081908464, 0.928382217884, 16.1790180206, -2.87390995026, 4.01212072372, -7.41214513779, 25.0236530304, 80.9205856323, 21.7153644562], [8.1875038147, -46.7014312744, -5.16905593872, 36.7864112854, 0.820909798145, 6.85118293762, -20.2174549103, 17.2607383728, 3.43122553825, 3.57329106331, 2.88503289223, 21.7153644562, 70.6874084473]],
        "icov": [[0.0005387259298, -0.000896775105502, 0.00100419297814, -0.00110004621092, 0.000772290397435, -0.000464837561594, 0.000360290752724, -0.000864083645865, 0.000480909831822, -0.000408437423175, 6.78976130075e-06, 0.000187882615137, 0.000280465756077], [-0.000896775105502, 0.00768788997084, -0.00511849438772, 0.00436762766913, -0.00552861625329, 0.00471353018656, -0.00582552049309, 0.00552951544523, -0.00569454906508, 0.00662141945213, -0.00671603437513, 0.005495775491, -0.00234571564943], [0.00100419297814, -0.00511849438772, 0.00540720811114, -0.00463690143079, 0.00462201284245, -0.0027434034273, 0.00299429544248, -0.00271545723081, 0.00292771845125, -0.00280186696909, 0.00272623891942, -0.00231344252825, 0.00164116348606], [-0.00110004621092, 0.00436762766913, -0.00463690143079, 0.00719228107482, -0.00411949213594, 0.00137466937304, -0.00171617569868, 0.00131148507353, -0.00248745386489, 0.00158674211707, -0.00141182099469, 0.00105091009755, -0.00219018408097], [0.000772290397435, -0.00552861625329, 0.00462201284245, -0.00411949213594, 0.00765618449077, -0.00240473705344, 0.0022596984636, -0.00468964781612, 0.00268595083617, -0.00471048569307, 0.00354365864769, -0.00293313758448, 0.00153951277025], [-0.000464837561594, 0.00471353018656, -0.0027434034273, 0.00137466937304, -0.00240473705344, 0.00701157469302, -0.00520389806479, 0.0026361795608, -0.00417326018214, 0.00491422181949, -0.00670111738145, 0.00481349695474, -0.00178285513539], [0.000360290752724, -0.00582552049309, 0.00299429544248, -0.00171617569868, 0.0022596984636, -0.00520389806479, 0.0125565594062, -0.00874860491604, 0.00979333184659, -0.0102992644534, 0.00980829447508, -0.0097283963114, 0.00606082566082], [-0.000864083645865, 0.00552951544523, -0.00271545723081, 0.00131148507353, -0.00468964781612, 0.0026361795608, -0.00874860491604, 0.0185677856207, -0.0121084777638, 0.0111197466031, -0.0135463755578, 0.0103334374726, -0.00696091959253], [0.000480909831822, -0.00569454906508, 0.00292771845125, -0.00248745386489, 0.00268595083617, -0.00417326018214, 0.00979333184659, -0.0121084777638, 0.0252325478941, -0.0174361784011, 0.0156999472529, -0.0124694053084, 0.00666809175164], [-0.000408437423175, 0.00662141945213, -0.00280186696909, 0.00158674211707, -0.00471048569307, 0.00491422181949, -0.0102992644534, 0.0111197466031, -0.0174361784011, 0.0293359849602, -0.0192316658795, 0.0147703727707, -0.00708046322688], [6.78976130075e-06, -0.00671603437513, 0.00272623891942, -0.00141182099469, 0.00354365864769, -0.00670111738145, 0.00980829447508, -0.0135463755578, 0.0156999472529, -0.0192316658795, 0.0318450182676, -0.0182733349502, 0.00774159282446], [0.000187882615137, 0.005495775491, -0.00231344252825, 0.00105091009755, -0.00293313758448, 0.00481349695474, -0.0097283963114, 0.0103334374726, -0.0124694053084, 0.0147703727707, -0.0182733349502, 0.0264254808426, -0.0103586334735], [0.000280465756077, -0.00234571564943, 0.00164116348606, -0.00219018408097, 0.00153951277025, -0.00178285513539, 0.00606082566082, -0.00696091959253, 0.00666809175164, -0.00708046322688, 0.00774159282446, -0.0103586334735, 0.0203129705042]]
    },
    "melbands": {
        "dmean": [0.000556947430596, 0.000485712254886, 0.000382021622499, 0.00066258769948, 0.000333151168888, 0.00024326062703, 0.000290736992611, 0.000187470228411, 0.000195095781237, 0.000151767468196, 0.000128000625409, 9.83468708e-05, 6.4502528403e-05, 6.30750218988e-05, 5.4841824749e-05, 3.61233251169e-05, 3.70329835278e-05, 2.87035818474e-05, 2.46537128987e-05, 2.28299668379e-05, 2.11942278838e-05, 1.71847896127e-05, 1.41871005326e-05, 6.934128578e-06, 4.60537194158e-06, 4.7149474085e-06, 6.76956688039e-06, 5.9234866967e-06, 2.84718657895e-06, 1.71254123416e-06, 1.26497457131e-06, 9.25266590457e-07, 7.97263794539e-07, 7.38951598578e-07, 5.8516371837e-07, 4.24868801474e-07, 2.23135643296e-07, 8.07681246329e-08, 1.65445719347e-08, 1.72300118617e-09],
        "dmean2": [0.000847886723932, 0.000823509530164, 0.000638022553176, 0.00110445101745, 0.000537425628863, 0.000384071143344, 0.000455880333902, 0.000289041665383, 0.000303381937556, 0.00023922220862, 0.000199962756597, 0.000160724448506, 0.000103600541479, 9.88116589724e-05, 8.71155498317e-05, 5.86227979511e-05, 6.05234163231e-05, 4.63649230369e-05, 4.04824277211e-05, 3.61666643585e-05, 3.40150218108e-05, 2.77260969597e-05, 2.31903923122e-05, 1.1376605471e-05, 7.49714899939e-06, 7.52097366785e-06, 1.01284167613e-05, 8.90794035513e-06, 4.40203984908e-06, 2.67077393801e-06, 1.9110671019e-06, 1.37070048822e-06, 1.17774879982e-06, 1.09831478312e-06, 8.41694372866e-07, 6.17946966486e-07, 3.32692223992e-07, 1.25973841136e-07, 2.56710812607e-08, 2.70918754097e-09],
        "dvar": [5.88411876379e-06, 4.4110743147e-06, 5.26420535607e-07, 1.5928690118e-06, 3.42506638162e-07, 2.48997423569e-07, 3.5573407331e-07, 2.24406065286e-07, 1.68471046891e-07, 9.73205516175e-08, 2.40387180384e-07, 4.50770478722e-08, 3.15854187249e-08, 2.51425582576e-08, 2.63844626147e-08, 6.05286754052e-09, 9.21952292288e-09, 4.79971840051e-09, 3.90343934953e-09, 4.22406287726e-09, 2.33001551386e-09, 1.0702423392e-09, 9.40960975804e-10, 2.41561132208e-10, 1.13015249936e-10, 8.84352313602e-11, 2.58817745014e-10, 2.39322839324e-10, 6.09955072561e-11, 3.20762062744e-11, 4.14594018838e-11, 1.11160108895e-11, 1.00473639825e-11, 7.15496108541e-12, 5.79090117872e-12, 4.30898546011e-12, 7.41561705705e-13, 5.44288802939e-14, 2.01052905031e-15, 2.32672125482e-17],
        "dvar2": [1.28949795908e-05, 1.20593867905e-05, 1.41350244576e-06, 4.49731351182e-06, 8.24739743166e-07, 5.87959561926e-07, 8.30809767649e-07, 5.23703192812e-07, 3.7523653873e-07, 2.30064927109e-07, 5.94266111875e-07, 1.19583546621e-07, 7.29471736349e-08, 5.75110590262e-08, 6.29698604371e-08, 1.50389478648e-08, 2.22776534997e-08, 1.19405907384e-08, 9.57078860608e-09, 1.01309147738e-08, 5.75672576275e-09, 2.75340306111e-09, 2.35529840076e-09, 6.25487939221e-10, 2.92116136835e-10, 2.07510786332e-10, 5.21728382719e-10, 4.50887216452e-10, 1.41183648106e-10, 7.09673986243e-11, 9.37875610507e-11, 2.11614198387e-11, 1.88958137332e-11, 1.28632573343e-11, 8.63605541246e-12, 8.44740423445e-12, 1.54390660412e-12, 1.21293857662e-13, 4.42873209351e-15, 5.48261067177e-17],
        "max": [0.045948907733, 0.0597663894296, 0.0146076437086, 0.0233831312507, 0.0165160186589, 0.0131253730506, 0.0112335588783, 0.0118669122458, 0.00924236979336, 0.00809665583074, 0.0256778262556, 0.00383336795494, 0.0110555114225, 0.00624772720039, 0.00496421940625, 0.00132543838117, 0.00200939970091, 0.00249277055264, 0.00165767595172, 0.0019790341612, 0.00121221574955, 0.000746780715417, 0.000932197086513, 0.000381923106033, 0.000306315050693, 0.000293970602797, 0.000453280343208, 0.000582122418564, 0.000303955137497, 0.000199062749743, 0.000296624843031, 0.000129427033244, 0.000130328859086, 0.00012971155229, 0.000154383131303, 0.000117120893265, 5.41968220205e-05, 7.2891034506e-06, 1.31384194901e-06, 1.52565718281e-07],
        "mean": [0.000839403131977, 0.000824959482998, 0.000753271509893, 0.00115463067777, 0.000648546207231, 0.000450839957921, 0.000507419230416, 0.000320108665619, 0.000324550434016, 0.000259676249698, 0.000213750012335, 0.000162233234732, 0.00010907662363, 0.000104391103378, 8.69230134413e-05, 6.05802451901e-05, 5.96369281993e-05, 4.79851223645e-05, 4.10989669035e-05, 3.81446625397e-05, 3.98578886234e-05, 3.28208770952e-05, 2.62582343566e-05, 1.308170431e-05, 8.90939008968e-06, 9.29359521251e-06, 1.31935275931e-05, 1.14649392344e-05, 5.35378148925e-06, 3.10260088554e-06, 2.14458668779e-06, 1.61963851042e-06, 1.36423818731e-06, 1.25028384446e-06, 1.00503768863e-06, 6.94855714301e-07, 3.87376019262e-07, 1.31664535274e-07, 2.68014321847e-08, 2.53846410558e-09],
        "median": [0.000233850791119, 0.000313948316034, 0.000435493129771, 0.000590696989093, 0.000359468860552, 0.000223107650527, 0.000203112635063, 0.000127374980366, 0.0001311977976, 0.000104087564978, 6.66105770506e-05, 6.55794210616e-05, 3.75486924895e-05, 3.63683066098e-05, 2.84256075247e-05, 1.8385831936e-05, 1.73016924236e-05, 1.69391223608e-05, 1.63073873409e-05, 1.20087634059e-05, 1.25715869217e-05, 1.42462013173e-05, 1.00290735645e-05, 5.19867899129e-06, 3.44932504959e-06, 4.13465204474e-06, 4.9862819651e-06, 3.66747394764e-06, 1.65779874806e-06, 1.08624192308e-06, 7.28072393485e-07, 6.18342824055e-07, 4.60639512312e-07, 4.25422626904e-07, 3.67304352267e-07, 1.86113112477e-07, 1.04521923561e-07, 3.02910088124e-08, 6.33752872403e-09, 5.46853118344e-10],
        "min": [1.06157505054e-24, 5.67629124201e-24, 2.08676759947e-23, 2.52561612752e-23, 5.56960805977e-24, 1.15024076803e-23, 9.38448891032e-24, 8.47375293955e-24, 7.60539142116e-24, 6.12929974443e-24, 7.18383125315e-24, 8.25930741335e-24, 8.25104409537e-24, 7.13954381307e-24, 1.16282309947e-23, 7.56797495956e-24, 1.1530131408e-23, 8.11157585391e-24, 9.30360621284e-24, 1.2574909046e-23, 1.46614248411e-23, 8.54115637073e-24, 6.72751229595e-24, 7.38665370277e-24, 1.06957413956e-23, 1.37926649479e-23, 1.26827613201e-23, 8.46971318285e-24, 1.29737823632e-23, 9.10816592358e-24, 1.07907447033e-23, 1.15323118195e-23, 1.09383847548e-23, 9.50541024304e-24, 8.85716379417e-24, 1.55178863927e-23, 1.07886621105e-23, 7.31650503564e-24, 1.10935347622e-23, 9.28537090416e-24],
        "var": [7.91811999079e-06, 3.91132380173e-06, 9.85027554634e-07, 2.93712241728e-06, 7.66700168242e-07, 4.66546396183e-07, 6.87859085247e-07, 3.76779553335e-07, 3.25631475562e-07, 2.16011912357e-07, 3.29161707668e-07, 8.99725662862e-08, 7.60378142672e-08, 5.27485397583e-08, 4.02478796957e-08, 1.25581260946e-08, 1.81741235394e-08, 9.84003900584e-09, 6.77805944704e-09, 7.14300218974e-09, 6.56838672342e-09, 2.92912649691e-09, 1.93767180079e-09, 5.05464115008e-10, 2.41197478656e-10, 2.12307893488e-10, 6.52324527728e-10, 7.54246498591e-10, 1.24828730685e-10, 6.13873257782e-11, 6.37897581979e-11, 2.41422194736e-11, 2.24053674919e-11, 1.7077029027e-11, 1.39634232996e-11, 7.35643490568e-12, 1.33736901761e-12, 1.11681124689e-13, 4.38295080974e-15, 4.54062764724e-17]
    },
    "mfcc": {
        "mean": [-658.526489258, 153.843429565, -25.6749897003, 33.4968757629, -20.6225891113, 8.91974163055, -18.0618782043, 8.59910964966, -12.8142404556, 6.8234205246, -15.2380867004, 2.8142375946, -5.21393442154],
        "cov": [[3835.70800781, -449.461425781, -937.981323242, 266.52331543, 145.876739502, 191.911392212, 318.326873779, 318.526702881, 122.555549622, 375.620910645, 111.722412109, 304.018615723, 25.760974884], [-449.461425781, 1003.56628418, 13.1140518188, 68.1686172485, 38.2020988464, -124.952651978, 72.9625778198, -72.2067108154, 4.49614953995, -45.9915390015, 37.3080444336, -67.830871582, 86.1216201782], [-937.981323242, 13.1140518188, 1164.41467285, 75.5791702271, -69.8539733887, 35.6706886292, -111.355117798, -29.4365005493, -87.6215286255, -83.5200119019, -73.7716674805, -65.357749939, -25.9281196594], [266.52331543, 68.1686172485, 75.5791702271, 353.198852539, 107.79750824, 10.4470357895, 29.7907752991, 29.5153636932, 43.7441444397, 42.2193450928, -11.9582872391, 27.28673172, 64.4708786011], [145.876739502, 38.2020988464, -69.8539733887, 107.79750824, 254.928924561, 17.5788574219, 37.4260902405, 22.7526512146, 45.8453674316, 52.0711784363, 15.7966222763, 30.3891735077, 33.027961731], [191.911392212, -124.952651978, 35.6706886292, 10.4470357895, 17.5788574219, 190.483337402, 72.9766998291, 62.2873878479, 24.5579891205, 36.6296157837, 44.5299797058, 35.5002212524, -15.2154808044], [318.326873779, 72.9625778198, -111.355117798, 29.7907752991, 37.4260902405, 72.9766998291, 258.55581665, 104.369659424, 43.2918052673, 57.5428390503, 70.7925872803, 58.2402801514, 15.0202045441], [318.526702881, -72.2067108154, -29.4365005493, 29.5153636932, 22.7526512146, 62.2873878479, 104.369659424, 171.636932373, 34.1759185791, 38.3735313416, 38.4172668457, 38.0364303589, 11.5303077698], [122.555549622, 4.49614953995, -87.6215286255, 43.7441444397, 45.8453674316, 24.5579891205, 43.2918052673, 34.1759185791, 113.144432068, 43.7849197388, 21.3964214325, 19.4876003265, 10.2073764801], [375.620910645, -45.9915390015, -83.5200119019, 42.2193450928, 52.0711784363, 36.6296157837, 57.5428390503, 38.3735313416, 43.7849197388, 140.060256958, 37.6068458557, 32.3763656616, -3.73226737976], [111.722412109, 37.3080444336, -73.7716674805, -11.9582872391, 15.7966222763, 44.5299797058, 70.7925872803, 38.4172668457, 21.3964214325, 37.6068458557, 119.085548401, 31.6824550629, -4.48592615128], [304.018615723, -67.830871582, -65.357749939, 27.28673172, 30.3891735077, 35.5002212524, 58.2402801514, 38.0364303589, 19.4876003265, 32.3763656616, 31.6824550629, 113.787719727, 23.6322898865], [25.760974884, 86.1216201782, -25.9281196594, 64.4708786011, 33.027961731, -15.2154808044, 15.0202045441, 11.5303077698, 10.2073764801, -3.73226737976, -4.48592615128, 23.6322898865, 108.337966919]],
