{
"lowlevel": {
    "average_loudness": 0.906980216503,
    "barkbands_crest": {
        "dmean": 2.33290243149,
        "dmean2": 3.86629462242,
        "dvar": 4.30187797546,
        "dvar2": 11.1290922165,
        "max": 24.0597457886,
        "mean": 7.64877986908,
        "median": 7.00870990753,
        "min": 2.5680308342,
        "var": 9.25684356689
    },
    "barkbands_flatness_db": {
        "dmean": 0.0178573355079,
        "dmean2": 0.0299043450505,
        "dvar": 0.000253906851867,
        "dvar2": 0.000691420689691,
        "max": 0.327618539333,
        "mean": 0.153371244669,
        "median": 0.148506656289,
        "min": 0.0603149794042,
        "var": 0.000885433517396
    },
    "barkbands_kurtosis": {
        "dmean": 1.53575026989,
        "dmean2": 2.50781178474,
        "dvar": 8.45838356018,
        "dvar2": 21.1609973907,
        "max": 102.243530273,
        "mean": 1.60689163208,
        "median": 0.628929257393,
        "min": -1.92904496193,
        "var": 12.7632341385
    },
    "barkbands_skewness": {
        "dmean": 0.413813829422,
        "dmean2": 0.647735476494,
        "dvar": 0.205965608358,
        "dvar2": 0.496564626694,
        "max": 9.27766704559,
        "mean": 1.05895996094,
        "median": 0.931483507156,
        "min": -2.80913996696,
        "var": 0.629843950272
    },
    "barkbands_spread": {
        "dmean": 4.9284734726,
        "dmean2": 7.78589010239,
        "dvar": 30.873216629,
        "dvar2": 65.1881637573,
        "max": 97.7872467041,
        "mean": 22.6378307343,
        "median": 21.3748474121,
        "min": 3.10917949677,
        "var": 105.183815002
    },
    "dissonance": {
        "dmean": 0.0187255907804,
        "dmean2": 0.0319376662374,
        "dvar": 0.000282407418126,
        "dvar2": 0.000788904901128,
        "max": 0.500000178814,
        "mean": 0.466870605946,
        "median": 0.471402525902,
        "min": 0.327598333359,
        "var": 0.000506534765009
    },
    "dynamic_complexity": 2.9920566082,
    "erbbands_crest": {
        "dmean": 2.63993549347,
        "dmean2": 4.37066078186,
        "dvar": 5.49850940704,
        "dvar2": 14.1206302643,
        "max": 27.3610897064,
        "mean": 8.43947982788,
        "median": 7.70930051804,
        "min": 2.19864177704,
        "var": 12.5480966568
    },
    "erbbands_flatness_db": {
        "dmean": 0.0148367658257,
        "dmean2": 0.0226843636483,
        "dvar": 0.00018014156376,
        "dvar2": 0.00038245623,
        "max": 0.404190808535,
        "mean": 0.200766742229,
        "median": 0.198831051588,
        "min": 0.0355252362788,
        "var": 0.00122994696721
    },
    "erbbands_kurtosis": {
        "dmean": 0.660565912724,
        "dmean2": 1.0631210804,
        "dvar": 0.684767723083,
        "dvar2": 1.62978851795,
        "max": 17.9216022491,
        "mean": 0.0754102021456,
        "median": -0.291734576225,
        "min": -1.75900971889,
        "var": 1.78420746326
    },
    "erbbands_skewness": {
        "dmean": 0.336502641439,
        "dmean2": 0.533234596252,
        "dvar": 0.0884810984135,
        "dvar2": 0.201746299863,
        "max": 2.96265387535,
        "mean": 0.399725705385,
        "median": 0.388313233852,
        "min": -4.19180345535,
        "var": 0.351148098707
    },
    "erbbands_spread": {
        "dmean": 7.09073448181,
        "dmean2": 10.8558216095,
        "dvar": 56.01820755,
        "dvar2": 122.50553894,
        "max": 117.263687134,
        "mean": 36.3606033325,
        "median": 33.2007217407,
        "min": 5.71435451508,
        "var": 250.967483521
    },
    "hfc": {
        "dmean": 6.16856098175,
        "dmean2": 9.17784690857,
        "dvar": 51.1784362793,
        "dvar2": 111.037384033,
        "max": 105.945533752,
        "mean": 24.5658664703,
        "median": 22.9734954834,
        "min": 1.25588688352e-16,
        "var": 236.459228516
    },
    "melbands_crest": {
        "dmean": 3.18854093552,
        "dmean2": 5.30113983154,
        "dvar": 8.68997859955,
        "dvar2": 23.287317276,
        "max": 33.2064857483,
        "mean": 10.5211458206,
        "median": 9.62216567993,
        "min": 2.15435028076,
        "var": 17.1059455872
    },
    "melbands_flatness_db": {
        "dmean": 0.0198325179517,
        "dmean2": 0.0318412967026,
        "dvar": 0.000394618458813,
        "dvar2": 0.00100696273148,
        "max": 0.35980027914,
        "mean": 0.164349511266,
        "median": 0.158417001367,
        "min": 0.00851044338197,
        "var": 0.00143970106728
    },
    "melbands_kurtosis": {
        "dmean": 4.03633165359,
        "dmean2": 6.51403188705,
        "dvar": 58.12474823,
        "dvar2": 146.182342529,
        "max": 157.368682861,
        "mean": 6.83942508698,
        "median": 3.72047472,
        "min": -1.29636335373,
        "var": 99.2445983887
    },
    "melbands_skewness": {
        "dmean": 0.572558581829,
        "dmean2": 0.895131707191,
        "dvar": 0.440870463848,
        "dvar2": 1.05300605297,
        "max": 10.2392187119,
        "mean": 1.8686388731,
        "median": 1.62809336185,
        "min": -0.894980728626,
        "var": 1.41000890732
    },
    "melbands_spread": {
        "dmean": 6.75993347168,
        "dmean2": 10.5973901749,
        "dvar": 62.8400344849,
        "dvar2": 138.742752075,
        "max": 165.925735474,
        "mean": 27.1684951782,
        "median": 25.8872718811,
        "min": 2.43085861206,
        "var": 172.219360352
    },
    "pitch_salience": {
        "dmean": 0.0639164745808,
        "dmean2": 0.10713519901,
        "dvar": 0.0030118287541,
        "dvar2": 0.00832520145923,
        "max": 0.897212028503,
        "mean": 0.614014923573,
        "median": 0.617768228054,
        "min": 0.173912003636,
        "var": 0.00731818564236
    },
    "silence_rate_20dB": {
        "dmean": 0,
        "dmean2": 0,
        "dvar": 0,
        "dvar2": 0,
        "max": 1,
        "mean": 1,
        "median": 1,
        "min": 1,
        "var": 0
    },
    "silence_rate_30dB": {
        "dmean": 0.000763261690736,
        "dmean2": 0.00152671756223,
        "dvar": 0.000762587646022,
        "dvar2": 0.00203292584047,
        "max": 1,
        "mean": 0.999491214752,
        "median": 1,
        "min": 0,
        "var": 0.000508499157149
    },
    "silence_rate_60dB": {
        "dmean": 0.0071237757802,
        "dmean2": 0.0142493639141,
        "dvar": 0.00707268342376,
        "dvar2": 0.0155742969364,
        "max": 1,
        "mean": 0.0531671345234,
        "median": 0,
        "min": 0,
        "var": 0.0503511615098
    },
    "spectral_centroid": {
        "dmean": 230.155761719,
        "dmean2": 360.757415771,
        "dvar": 62144.2695312,
        "dvar2": 127900.320312,
        "max": 10852.5537109,
        "mean": 1449.25061035,
        "median": 1438.93432617,
        "min": 313.254333496,
        "var": 209691.03125
    },
    "spectral_complexity": {
        "dmean": 3.47996449471,
        "dmean2": 5.38320589066,
        "dvar": 10.8582983017,
        "dvar2": 23.8692512512,
        "max": 51,
        "mean": 23.0510044098,
        "median": 24,
        "min": 0,
        "var": 90.2623901367
    },
    "spectral_decrease": {
        "dmean": 2.47996778668e-09,
        "dmean2": 3.96489241439e-09,
        "dvar": 1.292179284e-17,
        "dvar2": 3.308792926e-17,
        "max": 1.29058322984e-28,
        "mean": -6.82966883048e-09,
        "median": -6.14103612406e-09,
        "min": -3.93054939707e-08,
        "var": 2.08570828672e-17
    },
    "spectral_energy": {
        "dmean": 0.00981509219855,
        "dmean2": 0.0156218037009,
        "dvar": 0.000194646039745,
        "dvar2": 0.000495470827445,
        "max": 0.151896715164,
        "mean": 0.0280049555004,
        "median": 0.0254325699061,
        "min": 1.09041630221e-20,
        "var": 0.000333902455168
    },
    "spectral_energyband_high": {
        "dmean": 0.000309297029162,
        "dmean2": 0.00044202466961,
        "dvar": 3.74934245428e-07,
        "dvar2": 7.49476555484e-07,
        "max": 0.0133884120733,
        "mean": 0.000892585201655,
        "median": 0.000633934396319,
        "min": 7.92047650843e-21,
        "var": 1.06926972876e-06
    },
    "spectral_energyband_low": {
        "dmean": 0.00446572713554,
        "dmean2": 0.00785683747381,
        "dvar": 0.000110151915578,
        "dvar2": 0.000305723107886,
        "max": 0.115619853139,
        "mean": 0.00552336545661,
        "median": 0.00331712630577,
        "min": 3.25155243823e-23,
        "var": 8.16854735604e-05
    },
    "spectral_energyband_middle_high": {
        "dmean": 0.0023447861895,
        "dmean2": 0.00364660890773,
        "dvar": 8.95481662155e-06,
        "dvar2": 2.12292870856e-05,
        "max": 0.0655620470643,
        "mean": 0.00766754243523,
        "median": 0.00606342405081,
        "min": 1.5283124101e-21,
        "var": 4.02392652177e-05
    },
    "spectral_energyband_middle_low": {
        "dmean": 0.00608911225572,
        "dmean2": 0.00958990026265,
        "dvar": 5.68736322748e-05,
        "dvar2": 0.000137196926516,
        "max": 0.115047849715,
        "mean": 0.0149017665535,
        "median": 0.0125543177128,
        "min": 3.42797045118e-22,
        "var": 0.000124103695271
    },
    "spectral_entropy": {
        "dmean": 0.108350910246,
        "dmean2": 0.164575055242,
        "dvar": 0.0104818865657,
        "dvar2": 0.0211819428951,
        "max": 9.79584980011,
        "mean": 7.63547611237,
        "median": 7.66069221497,
        "min": 6.43879318237,
        "var": 0.0592846609652
    },
    "spectral_flux": {
        "dmean": 0.023721948266,
        "dmean2": 0.037080951035,
        "dvar": 0.000839729967993,
        "dvar2": 0.00162519991864,
        "max": 0.328744202852,
        "mean": 0.0943952575326,
        "median": 0.0888669937849,
        "min": 1.04422998026e-10,
        "var": 0.00204985844903
    },
    "spectral_kurtosis": {
        "dmean": 1.45448541641,
        "dmean2": 2.55135607719,
        "dvar": 1.95447337627,
        "dvar2": 5.91203117371,
        "max": 15.3530635834,
        "mean": 2.09888100624,
        "median": 1.68021869659,
        "min": -1.51025509834,
        "var": 3.5289876461
    },
    "spectral_rms": {
        "dmean": 0.000842567766085,
        "dmean2": 0.00130687898491,
        "dvar": 1.0211914514e-06,
        "dvar2": 2.45908040597e-06,
        "max": 0.0121734105051,
        "mean": 0.00490871956572,
        "median": 0.00498119089752,
        "min": 3.26162664585e-12,
        "var": 3.2265036225e-06
    },
    "spectral_rolloff": {
        "dmean": 435.147338867,
        "dmean2": 729.191223145,
        "dvar": 516824.5625,
        "dvar2": 1056754,
        "max": 19078.4179688,
        "mean": 1628.89135742,
        "median": 1507.32421875,
        "min": 43.06640625,
        "var": 1060875.75
    },
    "spectral_skewness": {
        "dmean": 0.191784292459,
        "dmean2": 0.319371700287,
        "dvar": 0.0277233775705,
        "dvar2": 0.0730849578977,
        "max": 2.50351142883,
        "mean": 1.0404882431,
        "median": 1.02626419067,
        "min": -0.477386325598,
        "var": 0.0926216095686
    },
    "spectral_spread": {
        "dmean": 300915.78125,
        "dmean2": 442017.28125,
        "dvar": 264347140096,
        "dvar2": 301525434368,
        "max": 38853256,
        "mean": 3685395.75,
        "median": 3571349.5,
        "min": 1538795.25,
        "var": 786747949056
    },
    "spectral_strongpeak": {
        "dmean": 0.689598500729,
        "dmean2": 1.13460385799,
        "dvar": 0.596209347248,
        "dvar2": 1.51060795784,
        "max": 9.21344470978,
        "mean": 1.22426736355,
        "median": 0.922491192818,
        "min": 0,
        "var": 1.22660088539
    },
    "zerocrossingrate": {
        "dmean": 0.00782548170537,
        "dmean2": 0.0097195925191,
        "dvar": 0.000115725706564,
        "dvar2": 0.000133252848173,
        "max": 0.59423828125,
        "mean": 0.0646983832121,
        "median": 0.0625,
        "min": 0.01025390625,
        "var": 0.000536834413651
    },
    "barkbands": {
        "dmean": [0.000100788805867, 0.00171250849962, 0.00259479577653, 0.00133944919799, 0.00229243771173, 0.00119985546917, 0.00147665967233, 0.00136714195833, 0.0019344195025, 0.00101369642653, 0.000633575720713, 0.000601558713242, 0.000503336836118, 0.000444658478955, 0.00042871988262, 0.000325781729771, 0.000295939738862, 0.000210361758946, 0.000176753324922, 0.000117736322863, 9.18224686757e-05, 0.00011483279377, 9.98717005132e-05, 4.80019625684e-05, 7.7305008972e-07, 1.67473879209e-09, 1.34386601847e-09],
        "dmean2": [0.000175101129571, 0.00304407579824, 0.00460151769221, 0.00237517058849, 0.00377952726558, 0.00193490087986, 0.0023663949687, 0.00218643760309, 0.00310266646557, 0.00163292197976, 0.00104092410766, 0.000992122571915, 0.000827931333333, 0.000717615359463, 0.000699425756466, 0.000530459918082, 0.000483511423226, 0.000342560233548, 0.000286095542833, 0.000190209670109, 0.000145400059409, 0.000174076951225, 0.000149376821355, 7.20131429262e-05, 1.24166501791e-06, 2.97283797579e-09, 2.4777013774e-09],
        "dvar": [1.87837461141e-08, 1.49768984556e-05, 3.99908421969e-05, 8.35048376757e-06, 1.33193607326e-05, 5.07206323164e-06, 7.15116311767e-06, 7.18683077139e-06, 1.07201049104e-05, 3.91875119021e-06, 1.60657259585e-06, 1.711956088e-06, 9.20327124732e-07, 7.05887885033e-07, 5.54618623028e-07, 3.92493092249e-07, 2.29064852419e-07, 1.02216837661e-07, 6.62380372773e-08, 3.22703321842e-08, 2.04483168176e-08, 4.71989309858e-08, 8.12206266687e-08, 1.33203714725e-08, 3.04496336999e-12, 3.30258596121e-16, 1.39515180554e-16],
        "dvar2": [5.27152188567e-08, 4.29535684816e-05, 0.000111403351184, 2.38155189436e-05, 3.27640773321e-05, 1.30395019369e-05, 1.73381758941e-05, 1.80832284968e-05, 2.63019810518e-05, 9.86464874586e-06, 3.82822645406e-06, 4.26676251664e-06, 2.34197727877e-06, 1.78453410626e-06, 1.42037015394e-06, 9.85534029496e-07, 5.77995933781e-07, 2.61517925537e-07, 1.6697681815e-07, 7.94021914885e-08, 4.67723104691e-08, 9.54205461312e-08, 1.77510798949e-07, 2.99567943784e-08, 7.03792883347e-12, 8.77211937072e-16, 3.73998133437e-16],
        "max": [0.00202665524557, 0.0624243468046, 0.0754725709558, 0.0493676736951, 0.103873148561, 0.0419453009963, 0.0491494834423, 0.0470792204142, 0.0524226799607, 0.0420864336193, 0.0539715886116, 0.0453024730086, 0.0191395170987, 0.0139858266339, 0.0128436991945, 0.0105387968943, 0.00921876914799, 0.00656970357522, 0.00514616956934, 0.00333581352606, 0.00269706058316, 0.00547699071467, 0.00959002692252, 0.00464000506327, 4.29122519563e-05, 1.26878694573e-06, 8.1870524582e-07],
        "mean": [0.000132684508571, 0.00222492124885, 0.00249607046135, 0.0014194578398, 0.00363422487862, 0.00191228964832, 0.00223075179383, 0.00194226088934, 0.00312028895132, 0.0016742895823, 0.000985909369774, 0.000947110762354, 0.000816852785647, 0.000725909136236, 0.000729935534764, 0.000595681311097, 0.000563520472497, 0.000422040786361, 0.000391588138882, 0.00025655515492, 0.000219164343434, 0.000269080919679, 0.000205949865631, 8.73132594279e-05, 1.11111046408e-06, 1.69100777825e-09, 1.0277065865e-09],
        "median": [7.31426407583e-05, 0.00148934591562, 0.000985677237622, 0.000725892197806, 0.00224835542031, 0.00104963057674, 0.00111385807395, 0.000738452887163, 0.00128054001834, 0.000660593155771, 0.000420058058808, 0.000371515052393, 0.000340878556017, 0.000311770301778, 0.000300414860249, 0.000275353697361, 0.000313886121148, 0.000291359232506, 0.000271309254458, 0.000177867128514, 0.000156054156832, 0.00017720523465, 0.000115687704238, 4.27153427154e-05, 4.71448913686e-07, 8.02872435202e-10, 3.37432082276e-10],
        "min": [1.7941003614e-23, 2.01768215906e-23, 1.72843447525e-24, 8.05833089825e-24, 3.21430400401e-23, 3.04541267074e-23, 4.8826832874e-23, 4.71351616835e-23, 1.5360859843e-22, 3.61971476933e-23, 1.1617674458e-22, 8.15987181179e-23, 2.63516697692e-23, 1.25036258391e-22, 1.08134982917e-22, 2.87494513026e-22, 1.71927223448e-22, 1.69510532288e-22, 2.37485931806e-22, 3.07342177671e-22, 3.49243692166e-22, 5.04109230008e-22, 6.07752426308e-22, 9.78024550122e-22, 9.98713758959e-22, 1.80936752098e-21, 2.82550579107e-21],
        "var": [2.77147318428e-08, 1.08360918603e-05, 2.84793914034e-05, 6.06641879131e-06, 2.04852640309e-05, 7.93995241111e-06, 1.15900274977e-05, 1.11174558697e-05, 2.05375472433e-05, 8.04712453828e-06, 3.09960387312e-06, 3.40596966453e-06, 1.76705782451e-06, 1.26832480873e-06, 1.15041916615e-06, 8.95671746548e-07, 5.27992199295e-07, 2.17346737941e-07, 1.80195243615e-07, 7.70053745214e-08, 5.33161603755e-08, 1.14789770578e-07, 1.71524902726e-07, 2.87520478537e-08, 4.70052295698e-12, 2.24233364531e-16, 9.31475779348e-17]
    },
    "erbbands": {
        "dmean": [0.0290905702859, 0.496598064899, 2.74620866776, 3.55217862129, 6.07001924515, 8.71585273743, 9.70254993439, 10.0341739655, 16.8226013184, 25.5427799225, 30.9678573608, 44.1982345581, 35.5310974121, 27.3690605164, 23.1648864746, 24.3749504089, 22.4412612915, 20.9406642914, 23.3121337891, 18.0839443207, 15.9686822891, 14.2437973022, 11.9539842606, 8.16423606873, 8.90035629272, 5.4117269516, 3.8234140873, 3.72852182388, 4.13322591782, 3.79502439499, 2.8230047226, 1.39248454571, 0.629659235477, 0.0321216098964, 0.00111741665751, 9.4921568234e-05, 1.801075814e-05, 4.71765997645e-06, 5.60337048228e-06, 1.13914056783e-05],
        "dmean2": [0.0501138195395, 0.886658370495, 4.85482597351, 6.27337360382, 10.3558616638, 14.3170871735, 15.6324911118, 16.0278663635, 26.8485126495, 40.7582817078, 49.1179428101, 70.9434356689, 55.8834724426, 44.7925186157, 37.7317810059, 40.0791244507, 36.7659759521, 33.289516449, 38.0136032104, 29.2479610443, 26.2066574097, 22.9995441437, 19.2950115204, 13.141617775, 14.4580373764, 8.73334884644, 6.07451486588, 5.87640810013, 6.33822774887, 5.74033069611, 4.24378633499, 2.02861642838, 0.970537543297, 0.0492697320879, 0.00168445962481, 0.00013828217925, 2.58371201198e-05, 6.75343471812e-06, 8.57549730426e-06, 1.79663911695e-05],
        "dvar": [0.00211822940037, 1.38023269176, 44.8372192383, 65.6566467285, 127.876464844, 219.070205688, 338.832092285, 386.246246338, 912.340515137, 2690.20532227, 3826.73828125, 6128.97851562, 5608.60107422, 2544.29931641, 1880.63793945, 3568.62841797, 1812.01135254, 1494.59619141, 1879.99926758, 1221.18554688, 714.569580078, 518.147460938, 352.963256836, 142.079940796, 188.792922974, 70.0335617065, 36.0248527527, 36.215763092, 58.6114311218, 80.4405288696, 75.0219573975, 16.1703529358, 1.53466904163, 0.00487232860178, 5.95981509832e-06, 4.34415525774e-08, 2.42825870522e-09, 2.04732619746e-10, 6.21888096575e-11, 2.469921212e-10],
        "dvar2": [0.00606995169073, 3.92749094963, 124.684608459, 185.75012207, 341.177703857, 537.932678223, 852.943481445, 996.232727051, 2177.16064453, 6774.38476562, 9453.95898438, 15174.5107422, 13734.6621094, 6694.52490234, 4729.41015625, 8754.77246094, 4636.95214844, 3745.41479492, 4802.32177734, 3081.83959961, 1795.87268066, 1298.82019043, 910.135559082, 351.540710449, 498.742156982, 164.839874268, 83.8732681274, 81.430847168, 123.056983948, 181.82434082, 169.881851196, 34.1947517395, 3.31770801544, 0.0105693927035, 1.25692668007e-05, 9.16882569868e-08, 5.73693803574e-09, 4.94174756671e-10, 1.50688947431e-10, 6.20260287576e-10],
        "max": [0.931970834732, 16.8309593201, 80.5913238525, 107.591499329, 280.530883789, 308.238372803, 442.550842285, 485.240234375, 628.335266113, 1078.42578125, 1229.30285645, 1330.81738281, 1487.48266602, 1317.88537598, 1189.81237793, 2282.62060547, 890.051208496, 819.338256836, 809.631469727, 690.846740723, 460.924468994, 392.14642334, 439.201721191, 336.346221924, 294.9921875, 201.754333496, 120.252815247, 103.973854065, 227.551635742, 248.359161377, 323.936676025, 168.070404053, 48.5127410889, 2.33516001701, 0.0791295543313, 0.00620829779655, 0.00249537988566, 0.000786971533671, 0.000185351804248, 0.000168228099938],
        "mean": [0.0510379560292, 0.561953723431, 2.69906067848, 3.92841291428, 7.84420776367, 13.2262182236, 15.2395877838, 15.8285083771, 26.4153938293, 38.3140907288, 46.6255989075, 71.4315795898, 63.6570854187, 47.0498771667, 39.6964645386, 40.9400291443, 39.0075340271, 37.4069824219, 41.7782974243, 34.6599769592, 32.2589302063, 30.1100177765, 25.4622955322, 18.3349742889, 19.882358551, 12.4442749023, 9.08484268188, 8.65138626099, 9.42532253265, 8.25119972229, 5.60070753098, 2.71864151955, 1.01204323769, 0.0590121150017, 0.0022129623685, 0.000212498765904, 4.70794620924e-05, 1.34734773383e-05, 1.82319236046e-05, 3.45331463905e-05],
        "median": [0.0384335145354, 0.323911428452, 1.10857892036, 2.04688763618, 4.19022703171, 7.63702774048, 7.47336483002, 8.84306335449, 14.0509738922, 18.2915611267, 21.9224052429, 32.1760787964, 21.589723587, 23.2220878601, 19.3783092499, 16.6449260712, 17.727684021, 18.1783809662, 19.3579044342, 16.3361816406, 17.3500556946, 17.9281578064, 17.2544593811, 13.8954229355, 13.6616106033, 8.74383163452, 6.15810155869, 6.37002754211, 6.05645275116, 5.32539796829, 3.03598165512, 1.3898857832, 0.419379413128, 0.0296170786023, 0.00116637931205, 0.000126545957755, 3.37268429575e-05, 1.01743862615e-05, 1.68315364135e-05, 3.2013085729e-05],
        "min": [6.74159267424e-22, 4.57769546195e-21, 3.24259646882e-21, 1.43574999079e-20, 4.32512709024e-20, 1.77542466537e-19, 1.44006289758e-19, 2.66045867771e-19, 6.20158708529e-19, 6.76758231751e-19, 1.39263828076e-18, 2.28174297814e-18, 3.68844219195e-18, 9.28604639578e-19, 5.79462063457e-18, 3.64344646176e-18, 1.34692941749e-18, 2.9168034488e-18, 8.76280564789e-18, 9.71728273927e-18, 1.36054344552e-17, 9.8069052771e-18, 9.37962761323e-18, 9.2130954764e-18, 1.59181644463e-17, 1.23353515642e-17, 1.44691921673e-17, 1.38402263634e-17, 1.95173728753e-17, 1.8557423157e-17, 1.64573538568e-17, 2.18496036493e-17, 1.41785589503e-17, 1.01876085366e-17, 7.10388334889e-18, 5.57361451851e-18, 3.39090822074e-18, 1.61453010047e-18, 3.8401722936e-19, 4.31755354087e-20],
        "var": [0.00275391060859, 0.950695097446, 32.1575622559, 47.1238288879, 137.086669922, 335.595977783, 563.672302246, 573.077026367, 1526.93017578, 3866.64916992, 5834.22753906, 10777.1123047, 13180.8193359, 4975.23144531, 3537.58032227, 7174.46044922, 3696.49511719, 2979.21166992, 3746.47192383, 2769.11474609, 1914.74621582, 1340.37988281, 819.773925781, 319.432739258, 498.391021729, 185.560119629, 99.3070983887, 79.4638366699, 135.159103394, 161.800445557, 145.759933472, 36.6282119751, 3.20473575592, 0.0107964007184, 1.44520117829e-05, 1.06009494516e-07, 4.09045197713e-09, 3.13645748262e-10, 1.36477468216e-10, 4.70464889268e-10]
    },
    "gfcc": {
        "mean": [-14.5048093796, 135.717071533, -171.164520264, 59.0571289062, -82.577293396, 12.1906938553, -23.3201828003, -14.3194417953, 6.81579351425, -27.0898704529, 5.34142065048, -17.5539455414, -0.194062277675],
        "cov": [[7315.03613281, 290.789611816, 91.0542526245, 409.792694092, -209.250396729, 248.540893555, 53.1056480408, 148.989868164, 58.2471809387, -100.354217529, 101.978401184, -237.10357666, 13.2880945206], [290.789611816, 360.882080078, 75.5253829956, -4.75085735321, 72.627166748, -46.4677963257, 52.5997200012, -9.42921733856, 33.7918395996, -22.3662223816, 23.4733772278, -32.37474823, -18.9122447968], [91.0542526245, 75.5253829956, 641.281494141, 322.603637695, -54.7168617249, 93.0941390991, -61.1331634521, 37.9173278809, -11.2160224915, 15.1410007477, 4.62212181091, -30.816204071, -46.4328193665], [409.792694092, -4.75085735321, 322.603637695, 332.71270752, 25.9380283356, 50.457611084, -59.8708877563, 20.9118270874, 16.2005233765, 15.8691730499, -11.1435203552, -17.1451187134, -4.79027366638], [-209.250396729, 72.627166748, -54.7168617249, 25.9380283356, 160.495178223, 6.96790933609, 9.36601257324, 3.44425106049, 32.9292221069, 5.38223171234, -11.2759523392, -1.66709387302, 2.15845370293], [248.540893555, -46.4677963257, 93.0941390991, 50.457611084, 6.96790933609, 185.436401367, 59.27576828, 24.9042186737, -40.5108032227, 10.1931705475, 13.9197244644, -23.1516246796, -23.244146347], [53.1056480408, 52.5997200012, -61.1331634521, -59.8708877563, 9.36601257324, 59.27576828, 163.878219604, 19.117143631, -35.9079742432, -23.9721126556, 12.9957447052, -4.15372180939, -19.7477970123], [148.989868164, -9.42921733856, 37.9173278809, 20.9118270874, 3.44425106049, 24.9042186737, 19.117143631, 91.1038131714, 33.5097122192, 0.548281252384, -4.12674760818, -13.8697090149, -1.74631214142], [58.2471809387, 33.7918395996, -11.2160224915, 16.2005233765, 32.9292221069, -40.5108032227, -35.9079742432, 33.5097122192, 109.90296936, 29.7447376251, -21.6296520233, -5.75610780716, 7.10078668594], [-100.354217529, -22.3662223816, 15.1410007477, 15.8691730499, 5.38223171234, 10.1931705475, -23.9721126556, 0.548281252384, 29.7447376251, 66.410697937, 18.0274753571, 1.9614584446, 0.374025762081], [101.978401184, 23.4733772278, 4.62212181091, -11.1435203552, -11.2759523392, 13.9197244644, 12.9957447052, -4.12674760818, -21.6296520233, 18.0274753571, 63.0816802979, 21.1339092255, -8.67864894867], [-237.10357666, -32.37474823, -30.816204071, -17.1451187134, -1.66709387302, -23.1516246796, -4.15372180939, -13.8697090149, -5.75610780716, 1.9614584446, 21.1339092255, 69.9614181519, 28.7167053223], [13.2880945206, -18.9122447968, -46.4328193665, -4.79027366638, 2.15845370293, -23.244146347, -19.7477970123, -1.74631214142, 7.10078668594, 0.374025762081, -8.67864894867, 28.7167053223, 66.882522583]],
        "icov": [[0.000428513914812, -0.000685727805831, 0.00108127295971, -0.00147189782001, 0.00156666419934, -0.00112185243051, 0.000381997611839, -0.000184875534615, -0.0010543926619, 0.00163260055706, -0.0018357852241, 0.00165870669298, -0.000813855149318], [-0.000685727805831, 0.00999730825424, -0.00650143111125, 0.00560453347862, -0.00804344099015, 0.0060922964476, -0.00602013198659, 0.00615831650794, -0.00568106072024, 0.00462350063026, -0.00847036857158, 0.00708382483572, -0.00395218515769], [0.00108127295971, -0.00650143111125, 0.00930257700384, -0.0091527858749, 0.00875365920365, -0.00599976163357, 0.00475648697466, -0.00466931937262, 0.00178054475691, 0.000301555643091, 0.00149874389172, -0.00160182628315, 0.00335585931316], [-0.00147189782001, 0.00560453347862, -0.0091527858749, 0.0133722042665, -0.00972186401486, 0.00473109772429, -0.0020440465305, 0.00289166159928, 0.000590704614297, -0.00306232296862, 0.00259565701708, -0.00154784403276, -0.00113354797941], [0.00156666419934, -0.00804344099015, 0.00875365920365, -0.00972186401486, 0.0170897059143, -0.00791102834046, 0.00391790317371, -0.00331325922161, -0.00226530665532, 0.00204895087518, 0.000854362268001, -0.000543139060028, 0.00113769143354], [-0.00112185243051, 0.0060922964476, -0.00599976163357, 0.00473109772429, -0.00791102834046, 0.013899018988, -0.00654985150322, 0.000629995542113, 0.00403479114175, -0.0050854133442, -0.000205095202546, 0.00226277601905, -0.000110677450721], [0.000381997611839, -0.00602013198659, 0.00475648697466, -0.0020440465305, 0.00391790317371, -0.00654985150322, 0.013114891015, -0.00633303588256, 0.00527630746365, 5.44268914382e-05, 0.00419711414725, -0.00531408237293, 0.00494756596163], [-0.000184875534615, 0.00615831650794, -0.00466931937262, 0.00289166159928, -0.00331325922161, 0.000629995542113, -0.00633303588256, 0.0199301335961, -0.0128745129332, 0.00806679390371, -0.00970064848661, 0.00866118632257, -0.0059358542785], [-0.0010543926619, -0.00568106072024, 0.00178054475691, 0.000590704614297, -0.00226530665532, 0.00403479114175, 0.00527630746365, -0.0128745129332, 0.0278665181249, -0.0204611737281, 0.0215370822698, -0.0132426293567, 0.00821497477591], [0.00163260055706, 0.00462350063026, 0.000301555643091, -0.00306232296862, 0.00204895087518, -0.0050854133442, 5.44268914382e-05, 0.00806679390371, -0.0204611737281, 0.0363863706589, -0.0270306002349, 0.0162386372685, -0.0091446256265], [-0.0018357852241, -0.00847036857158, 0.00149874389172, 0.00259565701708, 0.000854362268001, -0.000205095202546, 0.00419711414725, -0.00970064848661, 0.0215370822698, -0.0270306002349, 0.048375915736, -0.0296010132879, 0.0169344451278], [0.00165870669298, 0.00708382483572, -0.00160182628315, -0.00154784403276, -0.000543139060028, 0.00226277601905, -0.00531408237293, 0.00866118632257, -0.0132426293567, 0.0162386372685, -0.0296010132879, 0.0397149920464, -0.0196662843227], [-0.000813855149318, -0.00395218515769, 0.00335585931316, -0.00113354797941, 0.00113769143354, -0.000110677450721, 0.00494756596163, -0.0059358542785, 0.00821497477591, -0.0091446256265, 0.0169344451278, -0.0196662843227, 0.0272952895612]]
    },
    "melbands": {
        "dmean": [0.000348891073372, 0.00117000110913, 0.000674185168464, 0.000519889174029, 0.000344415457221, 0.000221983238589, 0.000272300560027, 0.000279521249468, 0.000265477778157, 0.000283956760541, 0.000177200781764, 0.00011509538308, 8.51116637932e-05, 6.81142846588e-05, 5.5412590882e-05, 5.05373172928e-05, 4.07584302593e-05, 4.05584396503e-05, 2.89362960757e-05, 2.47464558925e-05, 2.03285526368e-05, 1.70374223671e-05, 1.42225826494e-05, 1.00426159406e-05, 7.19454010323e-06, 7.20209391147e-06, 5.83103337704e-06, 3.56748023478e-06, 2.60599244939e-06, 2.56844191426e-06, 2.30779619415e-06, 2.57757551481e-06, 2.47993307312e-06, 2.17093202082e-06, 1.85495775895e-06, 1.32632624172e-06, 7.58948601742e-07, 6.59396391711e-07, 6.37937205283e-08, 6.483509285e-09],
        "dmean2": [0.000614456715994, 0.00207480136305, 0.00118051655591, 0.000864577945322, 0.000551126955543, 0.000355064141331, 0.00043420723523, 0.000446200749138, 0.000420189375291, 0.000454789405921, 0.000279055791907, 0.000188523597899, 0.000138857183629, 0.000112266134238, 9.07360081328e-05, 8.32941077533e-05, 6.49743524264e-05, 6.6367603722e-05, 4.69107508252e-05, 4.06417821068e-05, 3.36363809765e-05, 2.77670224023e-05, 2.30827663472e-05, 1.64308512467e-05, 1.1700279174e-05, 1.17375202535e-05, 9.55679024628e-06, 5.78146000407e-06, 4.20155174652e-06, 4.18745048592e-06, 3.67653274225e-06, 4.0007548705e-06, 3.8249318095e-06, 3.35882259606e-06, 2.8658582778e-06, 1.98883344638e-06, 1.13939643143e-06, 1.03430181753e-06, 1.02421758186e-07, 1.05060928846e-08],
        "dvar": [4.97298003665e-07, 8.14593568066e-06, 2.15080058297e-06, 7.71378438458e-07, 3.57575373755e-07, 1.79124569399e-07, 2.33838235886e-07, 2.96213727324e-07, 2.578169358e-07, 2.51906016047e-07, 1.42112696722e-07, 4.62684930369e-08, 2.80377268069e-08, 2.08062047591e-08, 1.35792976863e-08, 9.08848196701e-09, 6.06573991035e-09, 6.34221519746e-09, 2.78746137283e-09, 2.78737766202e-09, 1.23053411905e-09, 8.15879808158e-10, 5.23377452488e-10, 2.27933449892e-10, 1.16983575604e-10, 1.18678442074e-10, 8.52060436096e-11, 3.37102047665e-11, 1.73481506938e-11, 1.75037501854e-11, 1.44352264517e-11, 2.14766121553e-11, 2.77358587486e-11, 2.93749503888e-11, 3.18689796774e-11, 1.98233426202e-11, 3.87013771724e-12, 1.60674609468e-12, 2.80440072748e-14, 2.32235152434e-16],
        "dvar2": [1.43177874179e-06, 2.2738449843e-05, 6.02392719884e-06, 1.93352343558e-06, 8.87998623966e-07, 4.60987024553e-07, 5.56757868253e-07, 7.49112643916e-07, 6.26914470558e-07, 6.15818009919e-07, 3.4664125792e-07, 1.21457773616e-07, 6.76128166788e-08, 5.17121065968e-08, 3.44012001108e-08, 2.34113244346e-08, 1.50732528681e-08, 1.61321320746e-08, 6.89839607659e-09, 7.19060366805e-09, 3.1156930369e-09, 2.07076089609e-09, 1.32070077097e-09, 5.8384941326e-10, 2.94815116764e-10, 3.01608155118e-10, 2.25969354339e-10, 7.90472756695e-11, 4.23838915353e-11, 4.29250524014e-11, 3.30908599133e-11, 4.7173133455e-11, 6.01592942129e-11, 7.06341929391e-11, 7.54621434784e-11, 4.04967552547e-11, 8.70706892003e-12, 3.5479429724e-12, 6.68097372672e-14, 5.56228537012e-16],
        "max": [0.0129622174427, 0.0337248966098, 0.0198878888041, 0.0281737148762, 0.0125476410612, 0.00975359883159, 0.0103008095175, 0.00999276712537, 0.00892563257366, 0.00763562275097, 0.00752941286191, 0.00490454351529, 0.00541886221617, 0.00491099245846, 0.00275202933699, 0.0016649090685, 0.00168812682386, 0.00152324058581, 0.00122683797963, 0.00102494016755, 0.000645136809908, 0.000499719637446, 0.000550388824195, 0.00032578673563, 0.000326116627548, 0.000297792983474, 0.000202891009394, 0.00017254553677, 8.61288208398e-05, 7.68223399064e-05, 7.18268638593e-05, 0.000151083848323, 0.000173202497535, 0.000146086051245, 0.00020298025629, 0.000218509245315, 5.76262282266e-05, 4.77139619761e-05, 5.85489306104e-06, 3.22333363556e-07],
        "mean": [0.000525901850779, 0.0012000646675, 0.000794497434981, 0.000775172899012, 0.000560551241506, 0.000353248848114, 0.000424799771281, 0.000418125535361, 0.000392612069845, 0.000456886191387, 0.000309387221932, 0.000188545949641, 0.000137548777275, 0.000108342181193, 9.29231391638e-05, 8.20889617899e-05, 6.71679299558e-05, 6.77902498865e-05, 5.00247660966e-05, 4.3415780965e-05, 3.74347146135e-05, 3.20888866554e-05, 2.70521686616e-05, 1.93957566808e-05, 1.4080595065e-05, 1.48483331941e-05, 1.22521014418e-05, 7.21484593669e-06, 5.4808533605e-06, 5.40527344128e-06, 4.82157884107e-06, 5.35971821591e-06, 5.13537361257e-06, 4.32320348409e-06, 3.4389204302e-06, 2.36372738982e-06, 1.36522794492e-06, 9.72091697804e-07, 1.03652212147e-07, 9.53012779803e-09],
        "median": [0.000382275029551, 0.000555090955459, 0.000435931433458, 0.000464533863124, 0.000299068313325, 0.000198542344151, 0.00022275763331, 0.000196579610929, 0.000175495049916, 0.000188256031834, 9.27047658479e-05, 8.69207942742e-05, 6.20793143753e-05, 4.5853703341e-05, 3.70098678104e-05, 3.46190427081e-05, 2.91855922114e-05, 2.85762434942e-05, 2.09291974897e-05, 1.87687801372e-05, 1.9556038751e-05, 1.70357070601e-05, 1.58255134011e-05, 1.33292842293e-05, 9.890201909e-06, 9.7329957498e-06, 7.95345295046e-06, 4.60086357634e-06, 3.4915217384e-06, 3.56015198122e-06, 3.43155352311e-06, 3.35981962962e-06, 3.23162862514e-06, 2.67714472102e-06, 1.83061081316e-06, 1.11433541861e-06, 6.91460911639e-07, 3.61843831342e-07, 4.83574922328e-08, 4.34492619661e-09],
        "min": [7.36351167926e-24, 2.92706483895e-24, 2.74935814283e-24, 8.50558347707e-24, 5.2548774077e-24, 6.1916710319e-24, 9.85479437138e-24, 7.78399426326e-24, 1.10472491375e-23, 1.81312516208e-23, 1.8219588265e-23, 1.97556645305e-24, 1.7884658435e-23, 1.17701912477e-23, 5.83690529446e-24, 2.85990516578e-24, 4.9747832714e-24, 1.59580250239e-23, 8.36653096531e-24, 2.07951323458e-23, 1.37070293635e-23, 9.93014557618e-24, 8.65685623312e-24, 8.9113940371e-24, 6.97417884582e-24, 9.49242322595e-24, 1.38808627526e-23, 6.4718195996e-24, 8.60146873124e-24, 9.74541722914e-24, 7.24295480028e-24, 1.15129224073e-23, 9.15755650485e-24, 1.09125937364e-23, 8.96357955256e-24, 1.1811828904e-23, 1.39893390157e-23, 1.02521073217e-23, 9.3820316086e-24, 8.05774477459e-24],
        "var": [4.15502427131e-07, 5.75789499635e-06, 1.64472930919e-06, 1.05874448764e-06, 6.35783464986e-07, 2.72031940085e-07, 3.98214041297e-07, 4.41070312718e-07, 4.00813860324e-07, 4.58829305217e-07, 3.35113895744e-07, 8.79311556901e-08, 5.40186420039e-08, 4.01421687002e-08, 2.97168156749e-08, 1.75729866214e-08, 1.12934470664e-08, 1.18331717758e-08, 5.63946533916e-09, 5.68444979976e-09, 2.88466273091e-09, 1.83554649258e-09, 1.17071807804e-09, 4.70166905409e-10, 2.28863886176e-10, 2.9122504408e-10, 2.0936832823e-10, 8.04921962416e-11, 3.96900255717e-11, 3.99139159224e-11, 2.80668700087e-11, 4.52232001846e-11, 5.58857682353e-11, 5.28741113393e-11, 5.49917229808e-11, 4.19203109725e-11, 7.94089793921e-12, 3.0004852769e-12, 5.19261147752e-14, 3.66297280458e-16]
    },
    "mfcc": {
        "mean": [-621.317810059, 123.324134827, -17.1113567352, 28.2253932953, -18.4905471802, 14.8237228394, -19.038225174, 16.5664215088, -11.3741798401, 10.6174821854, -7.95039463043, 4.10821628571, -8.49141693115],
        "cov": [[6327.95214844, 427.216552734, -116.825088501, 324.893615723, -192.263122559, 191.620819092, -56.1262207031, 274.127990723, -113.271141052, 265.059997559, 22.1146736145, 108.948455811, -195.838439941], [427.216552734, 442.190429688, -120.287338257, 19.8106803894, -45.1178512573, -10.0626974106, -2.04014849663, 38.4588699341, -24.4742546082, 23.6859149933, 27.553144455, -1.40489840508, -14.4666042328], [-116.825088501, -120.287338257, 690.190002441, 191.152160645, 102.248847961, 61.1118850708, 36.215637207, 11.4698352814, -20.2943878174, 10.6940593719, 8.81615638733, 51.4912261963, 8.56127262115], [324.893615723, 19.8106803894, 191.152160645, 270.571014404, 100.363327026, 23.5913581848, -56.7728271484, 12.7195653915, 8.33248615265, 24.5825271606, -21.4143848419, 21.5683193207, 6.06371116638], [-192.263122559, -45.1178512573, 102.248847961, 100.363327026, 208.102355957, 21.8375148773, -48.999042511, -28.0749454498, 36.3414230347, 17.1352367401, 1.83526396751, 15.986872673, 10.6220207214], [191.620819092, -10.0626974106, 61.1118850708, 23.5913581848, 21.8375148773, 127.041290283, 61.8700294495, 14.7986021042, -11.4655504227, 13.0138101578, 10.5827617645, 9.24286842346, -12.5233898163], [-56.1262207031, -2.04014849663, 36.215637207, -56.7728271484, -48.999042511, 61.8700294495, 186.533584595, 51.5344161987, -22.3551235199, -12.1608572006, 25.099527359, -6.39100980759, -8.44589233398], [274.127990723, 38.4588699341, 11.4698352814, 12.7195653915, -28.0749454498, 14.7986021042, 51.5344161987, 107.167739868, 9.02674388885, 19.1629142761, 6.83210754395, 1.37584507465, -11.3258056641], [-113.271141052, -24.4742546082, -20.2943878174, 8.33248615265, 36.3414230347, -11.4655504227, -22.3551235199, 9.02674388885, 96.0361022949, 25.7790431976, -8.82525539398, -7.36324596405, 3.40991330147], [265.059997559, 23.6859149933, 10.6940593719, 24.5825271606, 17.1352367401, 13.0138101578, -12.1608572006, 19.1629142761, 25.7790431976, 95.1125183105, 31.3233184814, -0.942589044571, -28.4887676239], [22.1146736145, 27.553144455, 8.81615638733, -21.4143848419, 1.83526396751, 10.5827617645, 25.099527359, 6.83210754395, -8.82525539398, 31.3233184814, 84.0731811523, 19.4164676666, -17.0546131134], [108.948455811, -1.40489840508, 51.4912261963, 21.5683193207, 15.986872673, 9.24286842346, -6.39100980759, 1.37584507465, -7.36324596405, -0.942589044571, 19.4164676666, 72.4803619385, 16.7894115448], [-195.838439941, -14.4666042328, 8.56127262115, 6.06371116638, 10.6220207214, -12.5233898163, -8.44589233398, -11.3258056641, 3.40991330147, -28.4887676239, -17.0546131134, 16.7894115448, 74.1164474487]],
