{
"lowlevel": {
    "average_loudness": 0.95160228014,
    "barkbands_crest": {
        "dmean": 2.69375109673,
        "dmean2": 4.37266874313,
        "dvar": 5.76740598679,
        "dvar2": 14.2343578339,
        "max": 26.7779903412,
        "mean": 10.1900672913,
        "median": 9.34539318085,
        "min": 2.02965807915,
        "var": 19.1154842377
    },
    "barkbands_flatness_db": {
        "dmean": 0.0230084750801,
        "dmean2": 0.0352849923074,
        "dvar": 0.000427643040894,
        "dvar2": 0.000945575942751,
        "max": 0.431939154863,
        "mean": 0.152851641178,
        "median": 0.144578635693,
        "min": 0.0462757349014,
        "var": 0.00283672404476
    },
    "barkbands_kurtosis": {
        "dmean": 2.40962147713,
        "dmean2": 3.82407355309,
        "dvar": 27.541727066,
        "dvar2": 52.6821746826,
        "max": 265.166748047,
        "mean": 3.33941555023,
        "median": 1.48092937469,
        "min": -1.88797187805,
        "var": 81.8500747681
    },
    "barkbands_skewness": {
        "dmean": 0.502364397049,
        "dmean2": 0.787365555763,
        "dvar": 0.26958706975,
        "dvar2": 0.588142752647,
        "max": 16.22123909,
        "mean": 1.3956861496,
        "median": 1.3202278614,
        "min": -2.11300230026,
        "var": 1.35962951183
    },
    "barkbands_spread": {
        "dmean": 6.4497461319,
        "dmean2": 10.0926876068,
        "dvar": 48.5451812744,
        "dvar2": 109.733474731,
        "max": 87.3846206665,
        "mean": 23.6226978302,
        "median": 21.6878242493,
        "min": 0.764994859695,
        "var": 170.837768555
    },
    "dissonance": {
        "dmean": 0.0195679683238,
        "dmean2": 0.0330108180642,
        "dvar": 0.000384281418519,
        "dvar2": 0.00105488032568,
        "max": 0.5,
        "mean": 0.464371025562,
        "median": 0.471392571926,
        "min": 0.274581164122,
        "var": 0.000820111425128
    },
    "dynamic_complexity": 2.47463655472,
    "erbbands_crest": {
        "dmean": 2.88475227356,
        "dmean2": 4.60980319977,
        "dvar": 7.78332471848,
        "dvar2": 18.1402225494,
        "max": 31.6530590057,
        "mean": 10.2997512817,
        "median": 8.69525718689,
        "min": 1.92713999748,
        "var": 34.0497970581
    },
    "erbbands_flatness_db": {
        "dmean": 0.0198969710618,
        "dmean2": 0.0289025530219,
        "dvar": 0.000346027081832,
        "dvar2": 0.000674423296005,
        "max": 0.397959649563,
        "mean": 0.185840338469,
        "median": 0.173806786537,
        "min": 0.0220933072269,
        "var": 0.00378258246928
    },
    "erbbands_kurtosis": {
        "dmean": 1.02893686295,
        "dmean2": 1.63153660297,
        "dvar": 2.69097352028,
        "dvar2": 6.36638212204,
        "max": 31.2790603638,
        "mean": 0.443501532078,
        "median": -0.33768928051,
        "min": -1.88716948032,
        "var": 6.28509759903
    },
    "erbbands_skewness": {
        "dmean": 0.389497727156,
        "dmean2": 0.603843927383,
        "dvar": 0.123837791383,
        "dvar2": 0.282325834036,
        "max": 5.24475622177,
        "mean": 0.482892692089,
        "median": 0.43603014946,
        "min": -3.0593764782,
        "var": 0.734869837761
    },
    "erbbands_spread": {
        "dmean": 8.85327339172,
        "dmean2": 13.4917516708,
        "dvar": 82.5712890625,
        "dvar2": 187.018310547,
        "max": 138.413345337,
        "mean": 42.9460067749,
        "median": 42.9306335449,
        "min": 2.49651265144,
        "var": 435.31539917
    },
    "hfc": {
        "dmean": 8.70485782623,
        "dmean2": 13.1611890793,
        "dvar": 142.137802124,
        "dvar2": 333.868927002,
        "max": 148.414993286,
        "mean": 22.996137619,
        "median": 18.4347724915,
        "min": 1.13149493361e-16,
        "var": 310.837890625
    },
    "melbands_crest": {
        "dmean": 3.3886039257,
        "dmean2": 5.55177211761,
        "dvar": 9.39166259766,
        "dvar2": 23.9210300446,
        "max": 39.8626365662,
        "mean": 13.3128576279,
        "median": 12.1832618713,
        "min": 1.76414215565,
        "var": 31.6546287537
    },
    "melbands_flatness_db": {
        "dmean": 0.0257980413735,
        "dmean2": 0.039979480207,
        "dvar": 0.000610853603575,
        "dvar2": 0.00140021496918,
        "max": 0.440228074789,
        "mean": 0.175536096096,
        "median": 0.169090867043,
        "min": 0.00147088244557,
        "var": 0.00322407810017
    },
    "melbands_kurtosis": {
        "dmean": 6.15435314178,
        "dmean2": 9.83340740204,
        "dvar": 131.929229736,
        "dvar2": 296.697509766,
        "max": 527.218505859,
        "mean": 12.4224386215,
        "median": 7.90453290939,
        "min": -1.7321408987,
        "var": 325.100585938
    },
    "melbands_skewness": {
        "dmean": 0.69276368618,
        "dmean2": 1.08727514744,
        "dvar": 0.509476542473,
        "dvar2": 1.16372418404,
        "max": 22.4291133881,
        "mean": 2.50776100159,
        "median": 2.42323756218,
        "min": -1.52911376953,
        "var": 2.50707292557
    },
    "melbands_spread": {
        "dmean": 7.48482370377,
        "dmean2": 11.7942352295,
        "dvar": 71.1026382446,
        "dvar2": 154.96144104,
        "max": 184.851913452,
        "mean": 25.3724040985,
        "median": 21.5175209045,
        "min": 0.744056820869,
        "var": 273.270141602
    },
    "pitch_salience": {
        "dmean": 0.0732956603169,
        "dmean2": 0.119480401278,
        "dvar": 0.00432336051017,
        "dvar2": 0.0106050623581,
        "max": 0.979342639446,
        "mean": 0.575753211975,
        "median": 0.589506626129,
        "min": 0.0092241531238,
        "var": 0.0168299898505
    },
    "silence_rate_20dB": {
        "dmean": 0,
        "dmean2": 0,
        "dvar": 0,
        "dvar2": 0,
        "max": 1,
        "mean": 1,
        "median": 1,
        "min": 1,
        "var": 0
    },
    "silence_rate_30dB": {
        "dmean": 0,
        "dmean2": 0,
        "dvar": 0,
        "dvar2": 0,
        "max": 1,
        "mean": 1,
        "median": 1,
        "min": 1,
        "var": 0
    },
    "silence_rate_60dB": {
        "dmean": 0.00842374004424,
        "dmean2": 0.016849629581,
        "dvar": 0.00835147500038,
        "dvar2": 0.0193779263645,
        "max": 1,
        "mean": 0.0354772843421,
        "median": 0,
        "min": 0,
        "var": 0.0342115871608
    },
    "spectral_centroid": {
        "dmean": 268.799865723,
        "dmean2": 425.656860352,
        "dvar": 75399.8203125,
        "dvar2": 175472.640625,
        "max": 11060.7548828,
        "mean": 1482.00354004,
        "median": 1433.59106445,
        "min": 267.129241943,
        "var": 355262.84375
    },
    "spectral_complexity": {
        "dmean": 4.27338886261,
        "dmean2": 6.50242519379,
        "dvar": 26.559047699,
        "dvar2": 58.2304153442,
        "max": 53,
        "mean": 18.417049408,
        "median": 16,
        "min": 0,
        "var": 89.9188613892
    },
    "spectral_decrease": {
        "dmean": 2.04705874474e-09,
        "dmean2": 3.20658077868e-09,
        "dvar": 7.28705091501e-18,
        "dvar2": 1.71787695019e-17,
        "max": -2.21332969914e-29,
        "mean": -5.291346028e-09,
        "median": -4.59317295309e-09,
        "min": -2.78358402994e-08,
        "var": 1.20856406265e-17
    },
    "spectral_energy": {
        "dmean": 0.00834136921912,
        "dmean2": 0.0130089567974,
        "dvar": 0.000118506082799,
        "dvar2": 0.000279032363323,
        "max": 0.11092466861,
        "mean": 0.0220565758646,
        "median": 0.0192476492375,
        "min": 1.04147919858e-20,
        "var": 0.000202538576559
    },
    "spectral_energyband_high": {
        "dmean": 0.000600009516347,
        "dmean2": 0.000912240881007,
        "dvar": 1.03565628251e-06,
        "dvar2": 2.43127783506e-06,
        "max": 0.0156107265502,
        "mean": 0.00105532095768,
        "median": 0.000554554571863,
        "min": 7.56443260807e-21,
        "var": 1.87155660569e-06
    },
    "spectral_energyband_low": {
        "dmean": 0.00220485171303,
        "dmean2": 0.00357615645044,
        "dvar": 3.02572916553e-05,
        "dvar2": 7.28787708795e-05,
        "max": 0.0809119418263,
        "mean": 0.00297478702851,
        "median": 0.00110711576417,
        "min": 4.24782759463e-23,
        "var": 3.41028826369e-05
    },
    "spectral_energyband_middle_high": {
        "dmean": 0.00220314320177,
        "dmean2": 0.00339470338076,
        "dvar": 1.04386135718e-05,
        "dvar2": 2.4190007025e-05,
        "max": 0.0900626629591,
        "mean": 0.00611037109047,
        "median": 0.00350712472573,
        "min": 1.51388430823e-21,
        "var": 4.47520433227e-05
    },
    "spectral_energyband_middle_low": {
        "dmean": 0.00598106626421,
        "dmean2": 0.00962017662823,
        "dvar": 6.87255451339e-05,
        "dvar2": 0.000174287662958,
        "max": 0.0819111764431,
        "mean": 0.0129436012357,
        "median": 0.0101449498907,
        "min": 2.60200582038e-22,
        "var": 0.000108936292236
    },
    "spectral_entropy": {
        "dmean": 0.169871330261,
        "dmean2": 0.251747816801,
        "dvar": 0.031422752887,
        "dvar2": 0.062598913908,
        "max": 9.79989528656,
        "mean": 7.55114746094,
        "median": 7.6680688858,
        "min": 5.67783784866,
        "var": 0.24705389142
    },
    "spectral_flux": {
        "dmean": 0.0225463677198,
        "dmean2": 0.0347792282701,
        "dvar": 0.000660835648887,
        "dvar2": 0.00134118506685,
        "max": 0.290947109461,
        "mean": 0.0816584825516,
        "median": 0.0741921961308,
        "min": 6.75760905566e-11,
        "var": 0.00165538839065
    },
    "spectral_kurtosis": {
        "dmean": 1.45086634159,
        "dmean2": 2.50071120262,
        "dvar": 2.91421723366,
        "dvar2": 8.90768432617,
        "max": 19.815612793,
        "mean": 3.10174131393,
        "median": 2.55831480026,
        "min": -1.22292745113,
        "var": 5.25708866119
    },
    "spectral_rms": {
        "dmean": 0.000819449021947,
        "dmean2": 0.00124801811762,
        "dvar": 7.84701626344e-07,
        "dvar2": 1.77333890861e-06,
        "max": 0.0104028452188,
        "mean": 0.0043937349692,
        "median": 0.00433338154107,
        "min": 3.18759667099e-12,
        "var": 2.21367099584e-06
    },
    "spectral_rolloff": {
        "dmean": 668.923828125,
        "dmean2": 1128.00756836,
        "dvar": 1242320.75,
        "dvar2": 2937946.5,
        "max": 18647.7539062,
        "mean": 1829.0982666,
        "median": 1464.2578125,
        "min": 21.533203125,
        "var": 2374148.25
    },
    "spectral_skewness": {
        "dmean": 0.205751791596,
        "dmean2": 0.342145740986,
        "dvar": 0.0380899608135,
        "dvar2": 0.10877058655,
        "max": 2.72939038277,
        "mean": 1.24954998493,
        "median": 1.25471448898,
        "min": -0.0451005622745,
        "var": 0.115429870784
    },
    "spectral_spread": {
        "dmean": 567971.5,
        "dmean2": 809672.125,
        "dvar": 527700525056,
        "dvar2": 958984355840,
        "max": 41590224,
        "mean": 4659398.5,
        "median": 4358096,
        "min": 1576124.375,
        "var": 3.16905121382e+12
    },
    "spectral_strongpeak": {
        "dmean": 0.700285851955,
        "dmean2": 1.14724969864,
        "dvar": 1.06851947308,
        "dvar2": 2.75773143768,
        "max": 13.6567630768,
        "mean": 1.5498458147,
        "median": 0.891423940659,
        "min": 0,
        "var": 3.33389544487
    },
    "zerocrossingrate": {
        "dmean": 0.0120992166921,
        "dmean2": 0.014251280576,
        "dvar": 0.000215916094021,
        "dvar2": 0.000234702340094,
        "max": 0.73779296875,
        "mean": 0.0740992352366,
        "median": 0.0693359375,
        "min": 0,
        "var": 0.00129401450977
    },
    "barkbands": {
        "dmean": [5.38132298971e-05, 0.000851962540764, 0.00131132255774, 0.000980225973763, 0.00219496642239, 0.00145100289956, 0.00120779592544, 0.00126177782658, 0.000981866614893, 0.000825418683235, 0.000478047382785, 0.000344393425621, 0.000291174364975, 0.000259136286331, 0.000218920788029, 0.00041368426173, 0.000228374556173, 0.000240862325882, 0.000209279882256, 0.000243172937189, 0.000120292883366, 0.000106063038402, 9.2660964583e-05, 7.8379183833e-05, 0.000148839084432, 2.73517980531e-05, 7.7968262957e-09],
        "dmean2": [9.57205702434e-05, 0.00141535431612, 0.00217992160469, 0.0017735066358, 0.00365448067896, 0.00232415832579, 0.00203105760738, 0.00200857128948, 0.00158923794515, 0.00124197639525, 0.000763169839047, 0.000549654825591, 0.000481895724079, 0.000422857177909, 0.000367413274944, 0.000646880478598, 0.000366779393516, 0.000383696518838, 0.000338184996508, 0.000384252285585, 0.000196832726942, 0.000172051601112, 0.000149880084791, 0.000119506854389, 0.000227932090638, 4.23415840487e-05, 1.38424729457e-08],
        "dvar": [4.64607419204e-09, 5.39349821338e-06, 1.29022182591e-05, 6.98657368048e-06, 1.33703942993e-05, 7.96684525994e-06, 8.26092218631e-06, 9.27326527744e-06, 5.42164934814e-06, 5.051273547e-06, 1.61998389103e-06, 6.71305656397e-07, 6.34709067526e-07, 2.81385496237e-07, 2.1281935858e-07, 1.5592922864e-06, 1.45695850051e-07, 2.15137944792e-07, 1.58214845669e-07, 2.16103302364e-07, 7.26954425545e-08, 6.02206924327e-08, 3.80767275487e-08, 2.99565492412e-08, 1.22890796206e-07, 7.43726635832e-09, 2.48022999538e-15],
        "dvar2": [1.39610634164e-08, 1.41839145726e-05, 3.23361236951e-05, 1.96030377992e-05, 3.53511968569e-05, 1.88837293535e-05, 2.17938504647e-05, 2.15785057662e-05, 1.34848341986e-05, 1.0488350199e-05, 3.9638398448e-06, 1.43467605085e-06, 1.60802551363e-06, 7.2518412253e-07, 5.98798749252e-07, 3.61546267413e-06, 3.57028795861e-07, 5.22994128005e-07, 3.93427143308e-07, 4.87146223804e-07, 1.85744355008e-07, 1.46850254623e-07, 9.55285202053e-08, 6.60980816747e-08, 2.90673710879e-07, 1.6944687431e-08, 6.58695383191e-15],
        "max": [0.000801915302873, 0.0335587449372, 0.0619390271604, 0.0361938625574, 0.0591829940677, 0.059808768332, 0.0605018287897, 0.0622804090381, 0.0567787364125, 0.0893203616142, 0.0305708497763, 0.0192785169929, 0.0192082244903, 0.0112866126001, 0.00762164546177, 0.0317464992404, 0.0125050265342, 0.0106870792806, 0.00880409963429, 0.0116538284346, 0.00509994616732, 0.00694548711181, 0.00295940134674, 0.0057380143553, 0.00554747693241, 0.00140817055944, 1.08100641683e-06],
        "mean": [6.08780210314e-05, 0.00109240214806, 0.00140129146166, 0.00094321439974, 0.00364879681729, 0.00243540317751, 0.00158889289014, 0.00165740482043, 0.00150804081932, 0.00172080472112, 0.000810699129943, 0.000549502263311, 0.000403750862461, 0.000475671346067, 0.000359101657523, 0.000845457892865, 0.00041941361269, 0.000458582653664, 0.000375597650418, 0.000501279893797, 0.000173865293618, 0.000152270833496, 0.000141977681778, 0.000124883663375, 0.000180227405508, 2.71636035905e-05, 5.50419931855e-09],
        "median": [3.6022545828e-05, 0.000335095857736, 0.000317797937896, 0.000327132525854, 0.00230177002959, 0.000882380583789, 0.00046451727394, 0.000469509861432, 0.000439283001469, 0.000233737533563, 0.000139456038596, 0.000170045648701, 0.000107153595309, 0.000143091980135, 0.000133775625727, 0.000137834533234, 0.000190521823242, 0.000176969842869, 0.000158960407134, 0.000203440606128, 9.09714071895e-05, 5.96514837525e-05, 5.85626657994e-05, 3.06758010993e-05, 1.9018749299e-05, 6.6678481403e-08, 3.91822074786e-10],
        "min": [1.12116154068e-23, 1.38153588985e-23, 2.3744232042e-24, 1.05710437857e-23, 6.05700719001e-23, 1.75492174232e-23, 2.60429727198e-23, 3.88137362071e-23, 3.06529259664e-23, 5.66843765838e-23, 1.55176434236e-23, 5.49428367623e-23, 5.06715904118e-23, 6.12185723622e-23, 1.23146021445e-22, 1.15699792966e-22, 1.73790146875e-22, 1.54538999914e-22, 2.89526240065e-22, 2.68247367168e-22, 4.83981740623e-22, 6.201440806e-22, 4.88598129397e-22, 7.34478879143e-22, 8.98188090468e-22, 1.73392303495e-21, 2.21928842498e-21],
        "var": [5.34558486365e-09, 5.18569777341e-06, 1.25367369037e-05, 4.90714501211e-06, 1.94106869458e-05, 1.66112622537e-05, 1.08864069261e-05, 1.33454577735e-05, 1.03513075373e-05, 2.16066837311e-05, 4.28917201134e-06, 1.20782885915e-06, 8.77948139077e-07, 8.12948030671e-07, 4.20926369316e-07, 6.15793032921e-06, 3.95612602233e-07, 6.54973462133e-07, 3.36171353865e-07, 7.30679573735e-07, 8.36623073042e-08, 8.88396769483e-08, 5.81656678378e-08, 6.41599271489e-08, 1.57169623094e-07, 8.5287483742e-09, 1.76375849486e-15]
    },
    "erbbands": {
        "dmean": [0.0150710493326, 0.239975556731, 1.29457592964, 2.35724806786, 5.51384735107, 7.76472425461, 11.151550293, 12.0064411163, 14.2532682419, 25.460187912, 23.8854217529, 21.9998073578, 30.5338554382, 13.8051462173, 20.2560272217, 14.3448257446, 11.7532320023, 13.2836055756, 11.4411144257, 14.7983436584, 18.6757087708, 11.7058362961, 13.5928907394, 12.5712909698, 8.27808094025, 11.8783311844, 6.36040639877, 4.55459070206, 3.56907725334, 3.45402359962, 2.47285628319, 1.63122284412, 1.4601970911, 2.24138712883, 0.667555272579, 0.185873702168, 0.0394944325089, 0.00119794439524, 4.30826767115e-05, 1.3319723621e-05],
        "dmean2": [0.0243155509233, 0.399860918522, 2.15490031242, 4.11856269836, 9.47737503052, 12.9477872849, 18.1133232117, 19.5186328888, 23.5533218384, 41.2129478455, 38.6686401367, 35.5716171265, 46.0760917664, 22.1815357208, 31.9851932526, 23.05427742, 19.379152298, 21.6490058899, 19.158575058, 23.7385177612, 29.2421321869, 18.6772060394, 21.4559497833, 20.1665649414, 13.2763814926, 18.7820911407, 10.2675151825, 7.48080873489, 5.77759933472, 5.60708808899, 3.97770833969, 2.54313969612, 2.27084445953, 3.51779842377, 0.998999893665, 0.277278482914, 0.0656026750803, 0.00201141857542, 6.72596142977e-05, 2.02477167477e-05],
        "dvar": [0.000811259378679, 0.468546122313, 13.49903965, 38.2976379395, 147.44152832, 180.537384033, 475.051544189, 700.907714844, 1025.91931152, 3592.16992188, 3022.60620117, 2668.55639648, 6089.64355469, 1493.30334473, 3308.72900391, 1355.34521484, 761.392822266, 723.856872559, 610.73840332, 1106.81518555, 2284.05151367, 412.42678833, 799.21307373, 520.475585938, 285.426391602, 570.811340332, 177.258529663, 98.5966110229, 71.7024993896, 60.5487365723, 27.3899803162, 12.9120693207, 12.4889535904, 29.2177448273, 2.48076081276, 0.268081128597, 0.043650764972, 5.562237493e-05, 2.7401808822e-08, 3.64582558587e-10],
        "dvar2": [0.00190307782032, 1.23347473145, 33.7793235779, 103.915878296, 394.770385742, 486.262878418, 1163.50939941, 1683.06591797, 2592.42041016, 8676.95507812, 7737.00244141, 6676.75927734, 12750.4853516, 4168.67089844, 7830.52978516, 2880.86987305, 1943.22070312, 1847.64331055, 1684.6307373, 2689.03759766, 5464.08496094, 973.633300781, 1925.22070312, 1307.8314209, 693.456481934, 1309.73364258, 444.417175293, 244.281692505, 169.639282227, 154.878997803, 68.5210952759, 30.3580188751, 28.9227848053, 72.4731216431, 5.5565328598, 0.575948834419, 0.114426732063, 0.000147781829583, 6.92617874165e-08, 8.32771518411e-10],
        "max": [0.453109115362, 9.24522304535, 62.6193122864, 77.911315918, 208.089828491, 217.998245239, 522.599243164, 634.77142334, 1058.75036621, 1067.95690918, 1178.43762207, 1419.30114746, 2765.81665039, 1086.9251709, 1489.73205566, 978.958862305, 615.820495605, 632.144775391, 477.642089844, 728.579162598, 1369.62133789, 774.171508789, 756.238952637, 380.028930664, 420.24017334, 705.421386719, 325.515655518, 218.384658813, 251.462463379, 189.526565552, 96.8239822388, 84.2670898438, 119.809524536, 82.7049026489, 21.797706604, 7.84542131424, 5.86048984528, 0.224915891886, 0.00464533036575, 0.000317935744533],
        "mean": [0.0253681056201, 0.281315565109, 1.39661037922, 2.60992002487, 7.10433912277, 12.2147483826, 18.6202754974, 19.2022647858, 21.6409378052, 33.0770072937, 32.9144897461, 36.0448951721, 64.7339935303, 24.668888092, 37.1285743713, 22.9912395477, 18.0288887024, 25.3925609589, 19.8639068604, 29.3763313293, 38.9865722656, 23.2109508514, 26.9506282806, 24.2201862335, 15.5978574753, 24.1970481873, 10.6947050095, 6.4570775032, 5.18364810944, 5.08166456223, 3.86215305328, 2.63686394691, 2.15545582771, 2.58990287781, 0.854511201382, 0.212835893035, 0.0316971316934, 0.000958064978477, 5.19062959938e-05, 3.22206615238e-05],
        "median": [0.00921935401857, 0.0804990977049, 0.321950167418, 0.949113607407, 2.90103769302, 7.20763397217, 7.91725254059, 7.21952915192, 6.58974838257, 10.0588188171, 11.6580314636, 11.6855974197, 10.4690322876, 7.4734582901, 6.71193790436, 7.98118638992, 6.46583843231, 8.09345245361, 8.57980537415, 8.92349338531, 9.87021636963, 10.7453222275, 10.6501750946, 10.3906068802, 7.90308237076, 9.63702774048, 5.93268585205, 3.2008228302, 2.0942492485, 2.01769280434, 1.56452989578, 0.813239574432, 0.429937422276, 0.274401009083, 0.0946175158024, 0.00744689581916, 0.000247859687079, 2.20912716031e-05, 1.77109832293e-05, 2.67199247901e-05],
        "min": [1.0331109217e-21, 8.79261689143e-22, 5.3257547141e-21, 1.8803569851e-20, 3.18297839552e-20, 1.6134001459e-19, 2.09898088562e-19, 1.49765172881e-19, 4.86947526431e-19, 2.77614350529e-19, 1.13171501328e-18, 6.32851381439e-19, 1.65185662561e-18, 9.77932935022e-19, 1.08439211383e-18, 2.96097923621e-18, 2.93942849292e-18, 3.59443311533e-18, 6.12602310236e-18, 5.38899731836e-18, 7.85064711665e-18, 9.01725302176e-18, 8.67558193384e-18, 1.17532579497e-17, 1.24688973926e-17, 1.40597576164e-17, 2.03748514593e-17, 1.70086267217e-17, 2.19129640299e-17, 1.95488272453e-17, 1.21740083314e-17, 1.60748026758e-17, 1.17584402363e-17, 1.0228994037e-17, 6.52239895291e-18, 4.98123284514e-18, 3.59298141335e-18, 1.47830451712e-18, 3.07367158283e-19, 2.92096182791e-20],
        "var": [0.00158626434859, 0.42193493247, 12.9749574661, 31.377790451, 145.207382202, 279.294342041, 941.532043457, 1346.31677246, 1958.74157715, 4812.24121094, 4321.92089844, 5841.06542969, 28822.7285156, 3511.12695312, 9117.73535156, 2175.92504883, 1205.81494141, 2175.12866211, 1193.9786377, 3647.46044922, 8697.82421875, 1187.66564941, 2538.13745117, 1402.28625488, 507.00567627, 1925.92651367, 246.895401001, 124.973526001, 109.716285706, 86.0711746216, 43.5674858093, 24.506193161, 23.065454483, 33.0741615295, 3.6160197258, 0.374442964792, 0.0322438254952, 3.9020244003e-05, 2.35831993933e-08, 5.92678184308e-10]
    },
    "gfcc": {
        "mean": [-13.9521684647, 95.6776123047, -144.497817993, 44.6419067383, -80.7120666504, 9.06968212128, -45.04737854, 8.47167110443, -20.1445789337, -7.30504131317, -6.17120838165, -12.4621181488, 2.16735172272],
        "cov": [[5854.19189453, -723.65222168, 322.651550293, -263.776519775, -319.935424805, 267.819885254, -489.367675781, 309.281738281, -480.852233887, 383.581359863, -325.224578857, 124.050811768, -223.197875977], [-723.65222168, 1130.33129883, -218.690124512, 314.121582031, 246.15057373, -285.141052246, 290.859436035, -160.456436157, 198.444381714, -343.247314453, 211.876983643, -228.402145386, 185.941955566], [322.651550293, -218.690124512, 1365.54077148, 231.32383728, -127.911270142, 165.821929932, -289.806976318, 52.1978149414, -291.928894043, 222.774383545, -247.606445312, 140.710479736, -198.581359863], [-263.776519775, 314.121582031, 231.32383728, 502.045806885, 131.355484009, -149.184051514, -8.94627857208, -39.9550628662, 60.2762298584, -127.475242615, 54.5584907532, -48.1074180603, 67.6352462769], [-319.935424805, 246.15057373, -127.911270142, 131.355484009, 310.327606201, -39.7498245239, 93.0139694214, -6.06041002274, 40.9242744446, -77.2674713135, 59.6693115234, -52.0605697632, 41.3184051514], [267.819885254, -285.141052246, 165.821929932, -149.184051514, -39.7498245239, 479.678283691, 33.9875411987, 13.6127624512, -111.396362305, 115.021644592, -139.215652466, 45.3123779297, -126.042533875], [-489.367675781, 290.859436035, -289.806976318, -8.94627857208, 93.0139694214, 33.9875411987, 323.409942627, -24.3692684174, 89.451965332, -141.216949463, 85.0386123657, -99.3418426514, 52.0963058472], [309.281738281, -160.456436157, 52.1978149414, -39.9550628662, -6.06041002274, 13.6127624512, -24.3692684174, 141.150146484, -15.7237977982, 74.9417648315, -32.7696304321, 30.4757080078, -21.631483078], [-480.852233887, 198.444381714, -291.928894043, 60.2762298584, 40.9242744446, -111.396362305, 89.451965332, -15.7237977982, 250.491394043, -79.7578125, 91.0228805542, -65.1887054443, 73.1764755249], [383.581359863, -343.247314453, 222.774383545, -127.475242615, -77.2674713135, 115.021644592, -141.216949463, 74.9417648315, -79.7578125, 253.165542603, -73.8071289062, 90.1652145386, -111.118240356], [-325.224578857, 211.876983643, -247.606445312, 54.5584907532, 59.6693115234, -139.215652466, 85.0386123657, -32.7696304321, 91.0228805542, -73.8071289062, 180.693847656, -29.7126922607, 79.3815383911], [124.050811768, -228.402145386, 140.710479736, -48.1074180603, -52.0605697632, 45.3123779297, -99.3418426514, 30.4757080078, -65.1887054443, 90.1652145386, -29.7126922607, 148.63861084, -25.5316810608], [-223.197875977, 185.941955566, -198.581359863, 67.6352462769, 41.3184051514, -126.042533875, 52.0963058472, -21.631483078, 73.1764755249, -111.118240356, 79.3815383911, -25.5316810608, 149.36114502]],
        "icov": [[0.000335787102813, -0.000392569694668, 0.000459428905742, -0.000271677563433, 0.000461460818769, -0.000221871581743, 0.000632627576124, -0.000946911866777, 0.000824448012281, -0.000240284149186, 0.000352359260432, 6.80595840095e-05, 0.000293350021821], [-0.000392569694668, 0.00377522292547, -0.00183809921145, 0.000639556383248, -0.00189193699043, 0.00110535137355, -0.00215637870133, 0.00311156059615, -0.00186981330626, 0.00162075425033, -0.00200917781331, 0.00249238032848, -0.00174525787588], [0.000459428905742, -0.00183809921145, 0.00325697753578, -0.00245312554762, 0.00185857817996, -0.000462354160845, 0.00134089845233, -0.00196791673079, 0.00295633031055, -0.00194329035003, 0.00274484534748, -0.00160326808691, 0.00213193660602], [-0.000271677563433, 0.000639556383248, -0.00245312554762, 0.00483939191326, -0.00219838507473, 0.000388575252146, 0.000546450843103, 0.000923269370105, -0.00238541211002, 0.00278833624907, -0.00206355680712, 0.00101866445038, -0.00126200634986], [0.000461460818769, -0.00189193699043, 0.00185857817996, -0.00219838507473, 0.0055734612979, -0.000805026676971, 0.000577571103349, -0.00270730396733, 0.00228158035316, -0.00112601823639, 0.000796811014879, -0.000572158722207, 0.00121992197819], [-0.000221871581743, 0.00110535137355, -0.000462354160845, 0.000388575252146, -0.000805026676971, 0.00437975488603, -0.00310244318098, 0.00234246742912, -0.000145159996464, -0.0010394717101, 0.00226660096087, -0.000559634529054, 0.00083923607599], [0.000632627576124, -0.00215637870133, 0.00134089845233, 0.000546450843103, 0.000577571103349, -0.00310244318098, 0.0087271714583, -0.00428780633956, 0.0010324139148, 0.00287338951603, -0.00194584578276, 0.00153013598174, 0.001649961574], [-0.000946911866777, 0.00311156059615, -0.00196791673079, 0.000923269370105, -0.00270730396733, 0.00234246742912, -0.00428780633956, 0.0132183190435, -0.00306591414846, -0.00246050697751, 0.000594485492911, 0.000283775181742, -0.00278340862133], [0.000824448012281, -0.00186981330626, 0.00295633031055, -0.00238541211002, 0.00228158035316, -0.000145159996464, 0.0010324139148, -0.00306591414846, 0.00902790017426, -0.00218939222395, 0.000952835078351, 0.000603773980401, 0.00055767892627], [-0.000240284149186, 0.00162075425033, -0.00194329035003, 0.00278833624907, -0.00112601823639, -0.0010394717101, 0.00287338951603, -0.00246050697751, -0.00218939222395, 0.012275823392, -0.0038034170866, -0.000706615333911, 0.00395860616118], [0.000352359260432, -0.00200917781331, 0.00274484534748, -0.00206355680712, 0.000796811014879, 0.00226660096087, -0.00194584578276, 0.000594485492911, 0.000952835078351, -0.0038034170866, 0.0131971454248, -0.00325596402399, -0.000798181688879], [6.80595840095e-05, 0.00249238032848, -0.00160326808691, 0.00101866445038, -0.000572158722207, -0.000559634529054, 0.00153013598174, 0.000283775181742, 0.000603773980401, -0.000706615333911, -0.00325596402399, 0.0127567583695, -0.00331098213792], [0.000293350021821, -0.00174525787588, 0.00213193660602, -0.00126200634986, 0.00121992197819, 0.00083923607599, 0.001649961574, -0.00278340862133, 0.00055767892627, 0.00395860616118, -0.000798181688879, -0.00331098213792, 0.0146343894303]]
    },
    "melbands": {
        "dmean": [0.000181550523848, 0.000543352449313, 0.000492636638228, 0.000446594058303, 0.00038950695307, 0.000272827019216, 0.000228791075642, 0.000283515459159, 0.000195996690309, 0.000139534517075, 0.000153256347403, 5.64808979107e-05, 6.27077824902e-05, 4.47725033155e-05, 3.31758819812e-05, 2.79053147096e-05, 2.66164752247e-05, 1.97808385565e-05, 1.67260204762e-05, 3.29431823047e-05, 1.94665226445e-05, 1.34649699248e-05, 1.33039593493e-05, 1.11676436063e-05, 1.13131163744e-05, 6.34901380181e-06, 7.75340777182e-06, 8.61962962517e-06, 4.78312631458e-06, 2.98695840684e-06, 2.86819135908e-06, 2.11791939364e-06, 2.01705233849e-06, 2.00111594495e-06, 1.64051618867e-06, 1.11160170491e-06, 1.00542604287e-06, 9.83007453215e-07, 1.33735818508e-06, 2.31865988098e-06],
        "dmean2": [0.000295868521789, 0.000899060047232, 0.000860133732203, 0.000746069592424, 0.000638774072286, 0.000439888332039, 0.00037969314144, 0.000455206492916, 0.000318612525007, 0.000224993156735, 0.000231077516219, 9.12600371521e-05, 9.94800138869e-05, 7.08789666533e-05, 5.45808725292e-05, 4.59168040834e-05, 4.33857858297e-05, 3.32239906129e-05, 2.81967131741e-05, 5.14184284839e-05, 3.08213348035e-05, 2.15977906919e-05, 2.1186302547e-05, 1.7738509996e-05, 1.83051324711e-05, 1.03501024569e-05, 1.24700945889e-05, 1.36937160278e-05, 7.75249736762e-06, 4.90193497171e-06, 4.79124446429e-06, 3.48955791196e-06, 3.31580849888e-06, 3.28887790602e-06, 2.67895279649e-06, 1.78903189862e-06, 1.58040518272e-06, 1.53415260229e-06, 2.1497958187e-06, 3.65478831554e-06],
        "dvar": [1.8608240282e-07, 2.32595152738e-06, 1.46673289692e-06, 6.45338445793e-07, 4.72188389722e-07, 3.17073443057e-07, 2.62373873738e-07, 4.59931470687e-07, 2.128792147e-07, 1.11310129114e-07, 1.58070804446e-07, 2.98036439972e-08, 2.93748811941e-08, 1.06952109391e-08, 7.10615566391e-09, 7.71254970999e-09, 2.85810219935e-09, 1.94830396261e-09, 1.26259103173e-09, 1.15327623007e-08, 1.84139781201e-09, 5.89349902214e-10, 6.80203060544e-10, 4.58334592501e-10, 4.51720660877e-10, 1.83080495209e-10, 2.72885131158e-10, 2.8968588639e-10, 1.01844581379e-10, 4.90086617122e-11, 4.20505123777e-11, 2.59119600776e-11, 2.41354870117e-11, 1.94042178159e-11, 1.17168904787e-11, 6.33140371728e-12, 5.00027970418e-12, 6.48641730605e-12, 1.36833504596e-11, 3.52593232389e-11],
        "dvar2": [4.68853727398e-07, 5.83784139963e-06, 3.97678604713e-06, 1.68835538261e-06, 1.20138952298e-06, 7.60859222737e-07, 6.79651748214e-07, 1.07743619537e-06, 5.59027057534e-07, 2.73475251333e-07, 3.29950893274e-07, 7.99863641987e-08, 7.0145539155e-08, 2.40084681025e-08, 1.64511853029e-08, 1.94435987311e-08, 7.3735564321e-09, 5.33269117753e-09, 3.48902817748e-09, 2.63119979138e-08, 4.54464998967e-09, 1.36451194788e-09, 1.68941172163e-09, 1.07984066133e-09, 1.14608800228e-09, 4.55767590335e-10, 6.53127274486e-10, 6.43092301633e-10, 2.46427350747e-10, 1.26295696123e-10, 1.06193928651e-10, 6.25136678534e-11, 6.03111380282e-11, 5.01186800395e-11, 2.97481102252e-11, 1.56295965753e-11, 1.162094726e-11, 1.47515732268e-11, 3.52550905136e-11, 8.5244276915e-11],
        "max": [0.00692049134523, 0.0242192074656, 0.0155336055905, 0.0129782184958, 0.0136146638542, 0.013103841804, 0.0140241831541, 0.0137801803648, 0.0103525146842, 0.00789329595864, 0.014585304074, 0.0046777096577, 0.00431166449562, 0.00223955675028, 0.00176529446617, 0.00239443033934, 0.00113532762043, 0.000830229662824, 0.000564681657124, 0.00248189806007, 0.00114866835065, 0.00112579728011, 0.00064282445237, 0.000432703644037, 0.000356951233698, 0.0003433986858, 0.000369659013813, 0.000431898108218, 0.000363118568202, 0.000150899912114, 0.00012710543524, 0.000134781381348, 0.000151454936713, 9.0446563263e-05, 6.10248680459e-05, 4.284878014e-05, 6.54000759823e-05, 0.000104652288428, 5.49336255062e-05, 9.85306032817e-05],
        "mean": [0.000266596180154, 0.00061755720526, 0.000581515836529, 0.000677429314237, 0.000662138103507, 0.000447977188742, 0.000335278658895, 0.000369282701286, 0.000264316651737, 0.00022970570717, 0.000320773164276, 9.3719427241e-05, 0.000111555651529, 7.64480791986e-05, 4.797388101e-05, 3.93108020944e-05, 4.96832362842e-05, 3.15440374834e-05, 2.73778659903e-05, 6.7431552452e-05, 3.78091790481e-05, 2.41905436269e-05, 2.48500346061e-05, 2.04318130272e-05, 2.04448842851e-05, 1.01619252746e-05, 1.39528938234e-05, 1.67026664712e-05, 7.69934285927e-06, 4.11678411183e-06, 3.65849632544e-06, 2.90057778329e-06, 2.83305098492e-06, 2.84808288598e-06, 2.42848022936e-06, 1.68441829373e-06, 1.55931149948e-06, 1.47474179357e-06, 1.58044349519e-06, 2.55614736488e-06],
        "median": [9.29974921746e-05, 0.000164553173818, 0.000239932909608, 0.000395016104449, 0.000325148954289, 0.000164836324984, 0.000101667603303, 0.000105338505819, 8.56819679029e-05, 6.63241517032e-05, 4.74595217383e-05, 2.25689182116e-05, 1.89191323443e-05, 1.96833425434e-05, 1.41131813507e-05, 9.89928685158e-06, 1.41744731081e-05, 1.20493205031e-05, 1.00036268122e-05, 1.01190553323e-05, 1.07693958853e-05, 1.06463758129e-05, 9.42685801419e-06, 8.79198159964e-06, 7.62013587519e-06, 4.82513360112e-06, 5.65334175917e-06, 6.24868062005e-06, 3.7049671846e-06, 2.0089444206e-06, 1.6243917571e-06, 1.1237941635e-06, 9.94842366708e-07, 1.12157795229e-06, 9.72196403382e-07, 5.98331382662e-07, 4.28664094443e-07, 2.95799054584e-07, 2.08390218859e-07, 2.17819376758e-07],
        "min": [6.94906782548e-24, 3.59531009505e-24, 3.74969806281e-24, 4.55719659578e-24, 9.54601449155e-24, 3.87691568885e-24, 6.55068360202e-24, 3.47921619664e-24, 8.78044549342e-24, 3.83596473596e-24, 8.55510737584e-24, 4.15581154543e-24, 2.59296015748e-24, 5.423276334e-24, 1.14808528449e-23, 5.44103043753e-24, 6.20531635341e-24, 9.65151753787e-24, 7.89780401492e-24, 8.60483401186e-24, 8.9478236337e-24, 9.75413571987e-24, 6.9225210783e-24, 7.1138364139e-24, 9.81249486078e-24, 1.05973783293e-23, 6.89198585038e-24, 9.92567589029e-24, 1.23325551987e-23, 1.21968971554e-23, 9.25081642993e-24, 1.07871601193e-23, 1.01271399214e-23, 1.14081324912e-23, 6.30362025511e-24, 9.31449564878e-24, 9.15512129124e-24, 8.6565075566e-24, 6.18863273412e-24, 8.70342427007e-24],
        "var": [2.24718448294e-07, 2.25289022637e-06, 1.21229982142e-06, 8.22522622457e-07, 9.08709012037e-07, 6.59459374219e-07, 4.45104234359e-07, 6.35186324871e-07, 3.02135873653e-07, 2.62129077555e-07, 7.2650277616e-07, 6.84405492279e-08, 8.39244975737e-08, 2.39684503356e-08, 1.12044489242e-08, 1.07675646177e-08, 9.30061716531e-09, 3.43857808893e-09, 2.51645571048e-09, 4.47537118475e-08, 5.94543170251e-09, 1.67492120173e-09, 2.16397832986e-09, 1.14641396376e-09, 1.22825527527e-09, 2.86921347792e-10, 7.27479188001e-10, 9.31168586682e-10, 1.68491207098e-10, 5.55443156747e-11, 4.77237208085e-11, 3.75802167163e-11, 3.36462004091e-11, 2.61507742544e-11, 1.75503465927e-11, 9.99142001773e-12, 9.56152258064e-12, 1.29989127101e-11, 1.44562226773e-11, 3.89715378024e-11]
    },
    "mfcc": {
        "mean": [-639.035888672, 105.399917603, -4.24725389481, 22.401512146, -4.13133192062, -8.337641716, -6.72048521042, -0.723329901695, -4.49766349792, 2.396266222, -6.17970657349, -2.15098285675, -1.32301354408],
        "cov": [[4458.28808594, -409.376617432, 7.74465990067, -351.971679688, -55.1866073608, -80.332321167, -8.97397136688, -157.216506958, 29.5350151062, -141.657211304, 137.353912354, -28.2736587524, 37.9426841736], [-409.376617432, 683.052001953, -118.274841309, 264.042480469, 20.6608219147, -38.9696235657, 84.581161499, 58.9038925171, -19.6254177094, 78.3873291016, -101.115737915, -14.1472082138, -17.3604125977], [7.74465990067, -118.274841309, 1110.95825195, 115.595542908, 108.849235535, 142.740524292, -11.639084816, -101.971153259, -4.89097166061, -153.666610718, 75.1750411987, -23.874464035, -44.0601615906], [-351.971679688, 264.042480469, 115.595542908, 628.559631348, 190.876541138, -158.110702515, -1.32891118526, 30.7252674103, -43.7900314331, 26.9278068542, -178.358108521, 51.7877998352, 41.6815452576], [-55.1866073608, 20.6608219147, 108.849235535, 190.876541138, 257.65802002, -4.91478633881, 14.1587514877, -24.0063858032, 7.25035667419, -41.1456298828, -36.918888092, 37.1922416687, 46.7027435303], [-80.332321167, -38.9696235657, 142.740524292, -158.110702515, -4.91478633881, 314.234283447, 68.811164856, 37.0743255615, 41.0888786316, -24.7929553986, 91.8736343384, -41.8518180847, -55.1417732239], [-8.97397136688, 84.581161499, -11.639084816, -1.32891118526, 14.1587514877, 68.811164856, 217.194442749, 51.2448425293, -5.73841047287, 30.761505127, -3.02679800987, -37.8342018127, -16.9079685211], [-157.216506958, 58.9038925171, -101.971153259, 30.7252674103, -24.0063858032, 37.0743255615, 51.2448425293, 159.221633911, 30.838136673, 51.2804031372, -46.9459686279, -8.78434562683, -16.6688346863], [29.5350151062, -19.6254177094, -4.89097166061, -43.7900314331, 7.25035667419, 41.0888786316, -5.73841047287, 30.838136673, 116.340995789, 10.1070966721, 25.0937957764, 3.25623893738, -7.03493738174], [-141.657211304, 78.3873291016, -153.666610718, 26.9278068542, -41.1456298828, -24.7929553986, 30.761505127, 51.2804031372, 10.1070966721, 174.366470337, -8.67152690887, -10.3153324127, -27.817489624], [137.353912354, -101.115737915, 75.1750411987, -178.358108521, -36.918888092, 91.8736343384, -3.02679800987, -46.9459686279, 25.0937957764, -8.67152690887, 176.018310547, 5.83631229401, -6.69878149033], [-28.2736587524, -14.1472082138, -23.874464035, 51.7877998352, 37.1922416687, -41.8518180847, -37.8342018127, -8.78434562683, 3.25623893738, -10.3153324127, 5.83631229401, 108.493721008, 56.6905975342], [37.9426841736, -17.3604125977, -44.0601615906, 41.6815452576, 46.7027435303, -55.1417732239, -16.9079685211, -16.6688346863, -7.03493738174, -27.817489624, -6.69878149033, 56.6905975342, 105.719459534]],
