{
"lowlevel": {
    "average_loudness": 0.614532709122,
    "barkbands_crest": {
        "dmean": 2.20242118835,
        "dmean2": 3.68743157387,
        "dvar": 4.08111906052,
        "dvar2": 10.76379776,
        "max": 22.9841251373,
        "mean": 9.07717895508,
        "median": 8.41357803345,
        "min": 2.56124091148,
        "var": 12.8896312714
    },
    "barkbands_flatness_db": {
        "dmean": 0.0169410537928,
        "dmean2": 0.0269931796938,
        "dvar": 0.00028711228515,
        "dvar2": 0.000722232565749,
        "max": 0.355747878551,
        "mean": 0.156905934215,
        "median": 0.150952190161,
        "min": 0.0541301220655,
        "var": 0.00224316120148
    },
    "barkbands_kurtosis": {
        "dmean": 1.91702747345,
        "dmean2": 3.10965371132,
        "dvar": 13.2605752945,
        "dvar2": 33.66040802,
        "max": 76.4783554077,
        "mean": 3.12282633781,
        "median": 0.775139093399,
        "min": -1.85563158989,
        "var": 42.5853004456
    },
    "barkbands_skewness": {
        "dmean": 0.424538195133,
        "dmean2": 0.670173585415,
        "dvar": 0.252357035875,
        "dvar2": 0.605008304119,
        "max": 7.67627906799,
        "mean": 1.20897197723,
        "median": 0.980616092682,
        "min": -2.02958846092,
        "var": 1.27452647686
    },
    "barkbands_spread": {
        "dmean": 4.56507396698,
        "dmean2": 7.12814092636,
        "dvar": 44.829372406,
        "dvar2": 88.0088653564,
        "max": 109.367805481,
        "mean": 20.9858188629,
        "median": 19.040512085,
        "min": 1.63033616543,
        "var": 169.477554321
    },
    "dissonance": {
        "dmean": 0.0212428718805,
        "dmean2": 0.0359247513115,
        "dvar": 0.000416511407821,
        "dvar2": 0.00115210853983,
        "max": 0.5,
        "mean": 0.45723298192,
        "median": 0.465231984854,
        "min": 0.198455989361,
        "var": 0.00116648722906
    },
    "dynamic_complexity": 3.99201846123,
    "erbbands_crest": {
        "dmean": 2.65506792068,
        "dmean2": 4.36219501495,
        "dvar": 6.08416986465,
        "dvar2": 14.8831396103,
        "max": 29.7851085663,
        "mean": 9.92457103729,
        "median": 8.94466304779,
        "min": 2.49402403831,
        "var": 18.233833313
    },
    "erbbands_flatness_db": {
        "dmean": 0.0143917938694,
        "dmean2": 0.0215982832015,
        "dvar": 0.000173258260475,
        "dvar2": 0.00033865426667,
        "max": 0.309231698513,
        "mean": 0.182821065187,
        "median": 0.182550430298,
        "min": 0.0568065904081,
        "var": 0.00161582254805
    },
    "erbbands_kurtosis": {
        "dmean": 0.882153749466,
        "dmean2": 1.40707087517,
        "dvar": 1.27461397648,
        "dvar2": 3.01795268059,
        "max": 29.6386604309,
        "mean": 0.958102285862,
        "median": 0.462109327316,
        "min": -1.80778884888,
        "var": 4.48940229416
    },
    "erbbands_skewness": {
        "dmean": 0.331362575293,
        "dmean2": 0.517139077187,
        "dvar": 0.0944018661976,
        "dvar2": 0.214959442616,
        "max": 3.78748250008,
        "mean": 0.421878695488,
        "median": 0.444762706757,
        "min": -3.84340715408,
        "var": 0.565896332264
    },
    "erbbands_spread": {
        "dmean": 6.30007505417,
        "dmean2": 9.69696807861,
        "dvar": 73.4189300537,
        "dvar2": 151.253097534,
        "max": 141.448898315,
        "mean": 31.2010879517,
        "median": 26.2554092407,
        "min": 5.48157405853,
        "var": 331.363311768
    },
    "hfc": {
        "dmean": 4.10404205322,
        "dmean2": 6.42815542221,
        "dvar": 32.4927177429,
        "dvar2": 86.2605056763,
        "max": 99.591468811,
        "mean": 19.9509830475,
        "median": 14.6046466827,
        "min": 1.0890289368e-16,
        "var": 336.728393555
    },
    "melbands_crest": {
        "dmean": 2.9165084362,
        "dmean2": 4.82560300827,
        "dvar": 8.45084571838,
        "dvar2": 22.2257480621,
        "max": 31.1750164032,
        "mean": 12.4316511154,
        "median": 11.7307872772,
        "min": 2.00667905807,
        "var": 20.6078186035
    },
    "melbands_flatness_db": {
        "dmean": 0.0201359428465,
        "dmean2": 0.0310786571354,
        "dvar": 0.000497118744534,
        "dvar2": 0.00114813295659,
        "max": 0.460929572582,
        "mean": 0.198229730129,
        "median": 0.189588576555,
        "min": 0.004002855625,
        "var": 0.00473951781169
    },
    "melbands_kurtosis": {
        "dmean": 4.54308176041,
        "dmean2": 7.42299890518,
        "dvar": 93.91040802,
        "dvar2": 244.027954102,
        "max": 236.348678589,
        "mean": 8.88822078705,
        "median": 3.7835688591,
        "min": -1.85272610188,
        "var": 197.775314331
    },
    "melbands_skewness": {
        "dmean": 0.577084481716,
        "dmean2": 0.919601023197,
        "dvar": 0.531824946404,
        "dvar2": 1.31334233284,
        "max": 12.5210895538,
        "mean": 2.02807307243,
        "median": 1.74142193794,
        "min": -0.519060254097,
        "var": 2.15088510513
    },
    "melbands_spread": {
        "dmean": 5.92732858658,
        "dmean2": 9.25790786743,
        "dvar": 80.7741699219,
        "dvar2": 168.01361084,
        "max": 253.364608765,
        "mean": 25.2621231079,
        "median": 22.8392333984,
        "min": 1.32531237602,
        "var": 300.320281982
    },
    "pitch_salience": {
        "dmean": 0.0604425519705,
        "dmean2": 0.0999473184347,
        "dvar": 0.00325117446482,
        "dvar2": 0.00885832123458,
        "max": 0.882540643215,
        "mean": 0.539377748966,
        "median": 0.533988237381,
        "min": 0.176916345954,
        "var": 0.0115960454568
    },
    "silence_rate_20dB": {
        "dmean": 0,
        "dmean2": 0,
        "dvar": 0,
        "dvar2": 0,
        "max": 1,
        "mean": 1,
        "median": 1,
        "min": 1,
        "var": 0
    },
    "silence_rate_30dB": {
        "dmean": 0.00481405714527,
        "dmean2": 0.00962927285582,
        "dvar": 0.00479081971571,
        "dvar2": 0.0133880367503,
        "max": 1,
        "mean": 0.997111916542,
        "median": 1,
        "min": 0,
        "var": 0.00287961121649
    },
    "silence_rate_60dB": {
        "dmean": 0.0156456846744,
        "dmean2": 0.0312951356173,
        "dvar": 0.0154003221542,
        "dvar2": 0.0358499586582,
        "max": 1,
        "mean": 0.0780986770988,
        "median": 0,
        "min": 0,
        "var": 0.0720034465194
    },
    "spectral_centroid": {
        "dmean": 189.306625366,
        "dmean2": 292.917297363,
        "dvar": 65784.8203125,
        "dvar2": 123805.640625,
        "max": 11221.6123047,
        "mean": 1302.67687988,
        "median": 1301.62768555,
        "min": 226.450012207,
        "var": 418211
    },
    "spectral_complexity": {
        "dmean": 2.57985305786,
        "dmean2": 4.16706800461,
        "dvar": 6.72622823715,
        "dvar2": 15.7614631653,
        "max": 52,
        "mean": 18.362695694,
        "median": 16,
        "min": 0,
        "var": 119.760375977
    },
    "spectral_decrease": {
        "dmean": 1.93984717178e-09,
        "dmean2": 3.27303317782e-09,
        "dvar": 1.80345639462e-17,
        "dvar2": 4.9637348319e-17,
        "max": 1.26773002475e-28,
        "mean": -5.72737146598e-09,
        "median": -4.55511273145e-09,
        "min": -5.63061952619e-08,
        "var": 2.84284804265e-17
    },
    "spectral_energy": {
        "dmean": 0.00760341715068,
        "dmean2": 0.0128130838275,
        "dvar": 0.000266167829977,
        "dvar2": 0.000732219195925,
        "max": 0.216500490904,
        "mean": 0.0234260037541,
        "median": 0.0185882970691,
        "min": 1.04483016863e-20,
        "var": 0.000457361980807
    },
    "spectral_energyband_high": {
        "dmean": 0.000183737603948,
        "dmean2": 0.000269885349553,
        "dvar": 1.06706913527e-07,
        "dvar2": 2.1608111922e-07,
        "max": 0.0060996087268,
        "mean": 0.000612273928709,
        "median": 0.000268031959422,
        "min": 7.3202713479e-21,
        "var": 5.91750165313e-07
    },
    "spectral_energyband_low": {
        "dmean": 0.00459978543222,
        "dmean2": 0.00793178658932,
        "dvar": 0.000216039668885,
        "dvar2": 0.00059817818692,
        "max": 0.184343889356,
        "mean": 0.00735397124663,
        "median": 0.00467264652252,
        "min": 2.59516936245e-23,
        "var": 0.000177681111381
    },
    "spectral_energyband_middle_high": {
        "dmean": 0.00225728563964,
        "dmean2": 0.00367879029363,
        "dvar": 1.65734218172e-05,
        "dvar2": 4.66513120045e-05,
        "max": 0.0700354427099,
        "mean": 0.00820506736636,
        "median": 0.00405014585704,
        "min": 1.63545451375e-21,
        "var": 9.78153111646e-05
    },
    "spectral_energyband_middle_low": {
        "dmean": 0.00313912378624,
        "dmean2": 0.00514449924231,
        "dvar": 4.46530502813e-05,
        "dvar2": 0.000122317433124,
        "max": 0.130306437612,
        "mean": 0.00809766352177,
        "median": 0.00609870348126,
        "min": 1.59531340863e-22,
        "var": 6.6095017246e-05
    },
    "spectral_entropy": {
        "dmean": 0.128043830395,
        "dmean2": 0.189562290907,
        "dvar": 0.0195005889982,
        "dvar2": 0.0323658771813,
        "max": 9.82179927826,
        "mean": 7.45189332962,
        "median": 7.51278877258,
        "min": 5.69172668457,
        "var": 0.199132546782
    },
    "spectral_flux": {
        "dmean": 0.0194590054452,
        "dmean2": 0.0313240326941,
        "dvar": 0.000805138086434,
        "dvar2": 0.00170631799847,
        "max": 0.39595001936,
        "mean": 0.0768697932363,
        "median": 0.0664660185575,
        "min": 6.58336024584e-11,
        "var": 0.00267047155648
    },
    "spectral_kurtosis": {
        "dmean": 1.73998916149,
        "dmean2": 2.92414593697,
        "dvar": 4.46593332291,
        "dvar2": 12.9350509644,
        "max": 36.5273551941,
        "mean": 5.10938072205,
        "median": 4.31654024124,
        "min": -1.36756074429,
        "var": 13.5912151337
    },
    "spectral_rms": {
        "dmean": 0.000627922359854,
        "dmean2": 0.00102052779403,
        "dvar": 9.5481777862e-07,
        "dvar2": 2.53002372119e-06,
        "max": 0.0145334089175,
        "mean": 0.00433705653995,
        "median": 0.00425851205364,
        "min": 3.19272061046e-12,
        "var": 4.04460706704e-06
    },
    "spectral_rolloff": {
        "dmean": 380.761749268,
        "dmean2": 637.571289062,
        "dvar": 817941.625,
        "dvar2": 1668051.625,
        "max": 19358.3496094,
        "mean": 1496.12353516,
        "median": 1335.05859375,
        "min": 107.666015625,
        "var": 1914690.125
    },
    "spectral_skewness": {
        "dmean": 0.216437503695,
        "dmean2": 0.347919076681,
        "dvar": 0.0476763099432,
        "dvar2": 0.112122803926,
        "max": 4.48400068283,
        "mean": 1.67179191113,
        "median": 1.59959828854,
        "min": -0.335178375244,
        "var": 0.285004138947
    },
    "spectral_spread": {
        "dmean": 430243.78125,
        "dmean2": 600563.375,
        "dvar": 702556798976,
        "dvar2": 908853575680,
        "max": 43070184,
        "mean": 4168513,
        "median": 3778854,
        "min": 1434532.375,
        "var": 3.4285528023e+12
    },
    "spectral_strongpeak": {
        "dmean": 0.623588085175,
        "dmean2": 1.08046424389,
        "dvar": 1.06528568268,
        "dvar2": 2.83201479912,
        "max": 15.355843544,
        "mean": 1.00110960007,
        "median": 0.461554080248,
        "min": 0,
        "var": 1.59829282761
    },
    "zerocrossingrate": {
        "dmean": 0.00816068425775,
        "dmean2": 0.00971496291459,
        "dvar": 0.000174704822712,
        "dvar2": 0.000188599777175,
        "max": 0.56640625,
        "mean": 0.0592302195728,
        "median": 0.05517578125,
        "min": 0.00439453125,
        "var": 0.00122966466006
    },
    "barkbands": {
        "dmean": [3.21005318256e-05, 0.00230186386034, 0.00245943735354, 0.000751901709009, 0.00124171224888, 0.000736476387829, 0.000709704530891, 0.000451668282039, 0.000745723024011, 0.00134571036324, 0.000543869449757, 0.000472946674563, 0.000521034118719, 0.000423265388235, 0.000459350034362, 0.000239696062636, 0.000213753373828, 0.000132388377097, 0.000119972319226, 0.000111993031169, 6.07720976404e-05, 3.50358641299e-05, 3.56632299372e-05, 3.71611167793e-05, 2.17291453737e-05, 5.39549955647e-06, 1.14400346973e-08],
        "dmean2": [5.53708414373e-05, 0.00394903169945, 0.0042859739624, 0.00131060834974, 0.00210841023363, 0.00117301288992, 0.0011384045938, 0.00071621069219, 0.00120661046822, 0.00226188544184, 0.000870168209076, 0.000766983372159, 0.000854975485709, 0.000685329956468, 0.000749059778173, 0.000390537199564, 0.000346684479155, 0.000213242237805, 0.000196640699869, 0.000182054383913, 9.84844009508e-05, 5.48465977772e-05, 5.3431471315e-05, 5.34861064807e-05, 3.02048465528e-05, 7.93225171947e-06, 1.95004332681e-08],
        "dvar": [6.15601081222e-09, 4.3536110752e-05, 7.15120841051e-05, 2.92788490697e-06, 1.92760289792e-05, 2.3704681098e-06, 2.25312760449e-06, 1.42677924941e-06, 2.40705344368e-06, 1.13970618258e-05, 1.82937890258e-06, 1.46689171743e-06, 1.32455556923e-06, 8.07992989849e-07, 1.30458658987e-06, 2.57236138168e-07, 2.87937069743e-07, 5.80101442438e-08, 4.67276137783e-08, 4.96007821482e-08, 1.43025573607e-08, 5.12237097183e-09, 6.90811585713e-09, 8.03190935983e-09, 4.53362414277e-09, 5.43181832846e-10, 1.37390614293e-13],
        "dvar2": [1.68363545328e-08, 0.000121100034448, 0.000198718887987, 8.45220165502e-06, 5.35651452083e-05, 5.811041774e-06, 5.61569004276e-06, 3.51665244125e-06, 6.34895377516e-06, 3.2326192013e-05, 4.42024929725e-06, 3.66927451978e-06, 3.4918386973e-06, 2.08521464629e-06, 3.46672413798e-06, 6.22225115876e-07, 7.20628577255e-07, 1.42606253917e-07, 1.19478499983e-07, 1.28295909008e-07, 3.6258633429e-08, 1.17050920068e-08, 1.37681750445e-08, 1.53985535434e-08, 7.46643458172e-09, 9.42274702709e-10, 3.44462034851e-13],
        "max": [0.00182676885743, 0.0896500647068, 0.102224543691, 0.0221851337701, 0.0978298708797, 0.0368683338165, 0.0378384888172, 0.0410025827587, 0.0244583040476, 0.0527993887663, 0.0315240100026, 0.0320344567299, 0.0233278069645, 0.0157253108919, 0.0240609236062, 0.0154783381149, 0.015884898603, 0.00415499927476, 0.00377755705267, 0.00512391421944, 0.00292981229722, 0.00154851330444, 0.00217406800948, 0.00209696008824, 0.00193931080867, 0.00105605903082, 2.64946920652e-05],
        "mean": [3.55708361894e-05, 0.00382315553725, 0.00290292571299, 0.00104361935519, 0.00193976075388, 0.00130513566546, 0.00120190135203, 0.00073813990457, 0.00143274059519, 0.0023123647552, 0.00091404048726, 0.000835476850625, 0.00101209187414, 0.000784769479651, 0.00087659060955, 0.000492119579576, 0.000471071485663, 0.000284402281977, 0.000280284235487, 0.000278172054095, 0.000142573189805, 8.36605031509e-05, 8.59904830577e-05, 9.19490339584e-05, 4.75660599477e-05, 9.95518348645e-06, 7.81188269627e-09],
        "median": [1.1073364476e-05, 0.00228815944865, 0.000956040108576, 0.000511081831064, 0.000828935648315, 0.000535162747838, 0.000404574093409, 0.000197262692382, 0.000334028853104, 0.000513493956532, 0.000196156688617, 0.000170888728462, 0.000175451481482, 0.000176204703166, 0.000211959049921, 0.000185403216165, 0.000134694288136, 0.000121686905914, 9.36576107051e-05, 7.77939858381e-05, 5.12086917297e-05, 2.91125797958e-05, 3.24652501149e-05, 3.68899272871e-05, 1.51686035679e-05, 2.01406692213e-06, 4.01162325581e-10],
        "min": [7.76206343706e-25, 1.44647428847e-23, 7.01452829226e-24, 1.36886822338e-24, 1.86931556659e-23, 2.12899137942e-23, 2.91488585209e-23, 2.42634571344e-23, 1.70844158446e-23, 7.10309544158e-23, 5.48800812996e-23, 4.98758979711e-23, 6.68781886623e-23, 5.62030010376e-23, 8.87964554111e-23, 1.18921753339e-22, 1.71306749637e-22, 1.93395347232e-22, 1.65432285491e-22, 2.50160086654e-22, 3.18116023396e-22, 5.19208406387e-22, 4.59145016691e-22, 7.96021035937e-22, 1.05632064842e-21, 1.50931956775e-21, 2.01617115595e-21],
        "var": [6.02347860479e-09, 3.92756373913e-05, 5.45408911421e-05, 2.88341402666e-06, 1.62303185789e-05, 4.96725942867e-06, 4.84374186271e-06, 3.13613804792e-06, 6.2431695369e-06, 2.35861898545e-05, 3.91177900383e-06, 3.38204904438e-06, 4.20195237893e-06, 1.94332324099e-06, 3.41481700161e-06, 8.19570345811e-07, 1.10663199848e-06, 1.74673502329e-07, 1.58976362741e-07, 1.87785744288e-07, 4.7218868815e-08, 1.69049645393e-08, 2.1449704235e-08, 2.57064325382e-08, 1.46202987494e-08, 1.55484092268e-09, 1.06239053199e-13]
    },
    "erbbands": {
        "dmean": [0.0295670032501, 0.661565482616, 2.7652823925, 2.43233942986, 3.87927508354, 3.92165398598, 4.45794630051, 6.52314901352, 10.209731102, 9.41208934784, 9.87399291992, 17.5614261627, 26.3454017639, 41.0639419556, 20.3154563904, 17.0746421814, 23.9080619812, 17.8302593231, 26.4218482971, 14.380068779, 11.4033060074, 10.959569931, 6.80915689468, 6.70624303818, 4.78069829941, 5.84790754318, 3.2373547554, 1.77890920639, 1.3253005743, 1.09013497829, 1.02820432186, 0.891003191471, 0.594803333282, 0.328014940023, 0.115827649832, 0.0375754311681, 0.00795083772391, 0.00034103836515, 1.19536298371e-05, 8.9703435151e-06],
        "dmean2": [0.0492666102946, 1.14667248726, 4.82476758957, 4.21026802063, 6.75272846222, 6.6191906929, 7.13110351562, 10.3959665298, 16.3924617767, 15.0253858566, 15.4794960022, 28.3459968567, 42.3002128601, 67.9595336914, 32.3485374451, 27.128742218, 38.8912467957, 29.0288238525, 43.2171783447, 23.1734771729, 18.4008407593, 17.8074951172, 10.8105020523, 10.7741394043, 7.80574035645, 9.4103307724, 5.15047264099, 2.89649057388, 2.08242559433, 1.66586899757, 1.54520058632, 1.29091370106, 0.877049803734, 0.4613917768, 0.15964217484, 0.0545738600194, 0.0118901068345, 0.000554179598112, 1.84303080459e-05, 1.49467859956e-05],
        "dvar": [0.00418733805418, 3.98512816429, 92.9185333252, 37.4083480835, 237.651504517, 152.210098267, 80.3713760376, 229.640838623, 505.131195068, 503.563934326, 577.12097168, 1585.14599609, 3681.39941406, 12416.6757812, 2648.09472656, 1544.90759277, 3038.17675781, 1519.12036133, 4392.26025391, 876.667358398, 616.784790039, 876.633361816, 155.766464233, 154.983840942, 80.2133560181, 157.68989563, 41.5331039429, 13.0059947968, 7.16643714905, 6.65174198151, 5.62204217911, 4.42322826385, 2.21010804176, 0.952222883701, 0.165373206139, 0.0249305963516, 0.00160677160602, 1.61461557582e-05, 7.7051245384e-09, 3.30513311164e-10],
        "dvar2": [0.0106331538409, 11.1933507919, 259.419830322, 105.047615051, 664.352600098, 425.479705811, 203.415100098, 540.5703125, 1277.39282227, 1245.28491211, 1414.63195801, 4224.87744141, 9384.66894531, 34103.2773438, 6949.91455078, 3752.42236328, 7961.53027344, 4052.21850586, 11933.0498047, 2137.22070312, 1380.33093262, 2143.10766602, 382.472351074, 379.935058594, 205.854568481, 402.480072021, 104.251792908, 33.8516273499, 16.820110321, 14.6624231339, 11.1649885178, 8.55598926544, 4.54454517365, 1.69340634346, 0.272113353014, 0.0463338457048, 0.00290091591887, 4.02410660172e-05, 1.78894623559e-08, 9.00722996189e-10],
        "max": [1.07357013226, 26.9500808716, 115.392501831, 76.191734314, 341.595581055, 238.683578491, 212.477737427, 450.578338623, 677.276672363, 538.429504395, 852.826721191, 694.204040527, 1200.21313477, 2141.60131836, 2054.35375977, 1009.87768555, 1217.32836914, 845.670166016, 1537.63659668, 738.263061523, 891.94708252, 1057.90234375, 247.274917603, 245.725753784, 205.75440979, 343.989105225, 139.668121338, 77.0328979492, 55.0948066711, 93.5533065796, 51.0294914246, 51.8009681702, 33.1258850098, 29.4627246857, 15.1501064301, 6.72364139557, 2.00965452194, 0.214776739478, 0.00556155992672, 0.00024258333724],
        "mean": [0.0588589608669, 1.04534649849, 3.39298033714, 3.54854559898, 4.94958877563, 6.29171800613, 8.55098056793, 11.0593881607, 17.1957454681, 16.4810829163, 18.2233638763, 34.1848602295, 50.19190979, 70.7979278564, 38.5859184265, 34.2355995178, 48.6420555115, 37.5081367493, 52.8339118958, 32.327922821, 26.8957061768, 25.7199115753, 16.7805194855, 16.0000953674, 12.3974113464, 14.2477626801, 8.18406105042, 4.18566226959, 3.11386084557, 2.56308531761, 2.45366573334, 2.12477183342, 1.37934339046, 0.71647465229, 0.239629015326, 0.0729104354978, 0.0133299734443, 0.000456689944258, 2.93495795631e-05, 2.99897528748e-05],
        "median": [0.04487888515, 0.57594025135, 1.30152010918, 1.78315603733, 2.05433320999, 2.35690164566, 3.69031047821, 4.24038648605, 6.59470367432, 5.20091342926, 6.28995323181, 8.22379112244, 14.0202827454, 16.320148468, 9.76135635376, 8.73040771484, 9.46164894104, 11.0339822769, 12.9994821548, 12.0693435669, 10.5874214172, 7.98201084137, 7.14059448242, 6.51427650452, 4.25942802429, 3.85476374626, 2.67410516739, 1.63047170639, 1.04932188988, 0.918366193771, 0.93424475193, 0.890107512474, 0.521941661835, 0.237602978945, 0.0668547526002, 0.0163872651756, 0.00246031675488, 6.57012860756e-05, 1.59956762218e-05, 2.42142887146e-05],
        "min": [5.32188992676e-22, 2.83708389627e-21, 9.0386607145e-21, 6.16361435761e-21, 2.25322140934e-20, 4.16326173841e-20, 1.77541393787e-19, 1.36420061264e-19, 2.26266286824e-19, 3.62974581757e-19, 3.90439821527e-19, 4.07954698914e-19, 1.25120187315e-18, 1.41723604724e-18, 1.59357916652e-18, 2.85008181982e-18, 2.89599737486e-18, 3.23582653835e-18, 6.31866519522e-18, 5.83991125465e-18, 8.27049090836e-18, 1.14684960608e-17, 1.04332911047e-17, 8.75129377531e-18, 7.01983021812e-18, 1.13870005724e-17, 1.16472100865e-17, 1.46840324791e-17, 1.67545664683e-17, 1.38829378343e-17, 1.26810013909e-17, 1.41192203219e-17, 1.20103729811e-17, 1.03646102984e-17, 7.53168213655e-18, 5.47978287213e-18, 3.01644231667e-18, 1.09354000763e-18, 2.95411839342e-19, 2.97823083752e-20],
        "var": [0.00562909431756, 3.36598062515, 69.7866134644, 35.7694664001, 172.99597168, 161.542236328, 224.460342407, 473.035400391, 954.289794922, 1234.19482422, 1420.17150879, 3930.97558594, 8308.75585938, 24721.875, 6094.95947266, 3929.52783203, 9637.265625, 3987.38330078, 11303.8447266, 2773.72070312, 2210.95800781, 3211.85449219, 632.438964844, 507.734832764, 310.207336426, 552.266052246, 166.505844116, 37.3981971741, 23.4110679626, 18.7950954437, 17.2377624512, 13.1802597046, 6.7293138504, 2.8492732048, 0.509353220463, 0.0660564675927, 0.00410520797595, 2.05586329685e-05, 1.08345137306e-08, 6.89993173708e-10]
    },
    "gfcc": {
        "mean": [-25.2189865112, 104.29486084, -135.983352661, 31.2084884644, -63.9728622437, 25.5322647095, -42.3321800232, 12.5235157013, -22.1091938019, -4.0660700798, -11.0648708344, -9.2769651413, -2.90797972679],
        "cov": [[7189.99072266, -785.996826172, -674.401489258, 681.425231934, 132.490310669, 396.233673096, 387.908782959, 449.619567871, -112.559425354, 348.521057129, 11.7486209869, 21.9484863281, -67.0592041016], [-785.996826172, 1789.86865234, 691.019470215, 264.726226807, 474.307617188, -136.527374268, 128.887298584, -59.8499450684, 141.033538818, -132.290496826, 299.043457031, -130.842498779, 149.439743042], [-674.401489258, 691.019470215, 1310.50720215, 378.172790527, 128.679855347, 10.070848465, -165.294830322, -8.97304916382, 36.2552604675, -16.4510993958, 52.854763031, 18.8566093445, 37.3090934753], [681.425231934, 264.726226807, 378.172790527, 545.565979004, 213.77911377, 35.7056083679, 51.4896888733, 60.3954238892, 60.4537506104, 37.0647697449, 73.6423110962, 1.1354663372, 65.7599487305], [132.490310669, 474.307617188, 128.679855347, 213.77911377, 436.57723999, 45.0470237732, 151.338912964, 88.9320220947, 37.5783424377, 26.2514324188, 114.399429321, -23.3189601898, 74.7771987915], [396.233673096, -136.527374268, 10.070848465, 35.7056083679, 45.0470237732, 242.159133911, 142.700775146, 53.454082489, -32.9821815491, 46.8624076843, -3.60205483437, -14.918346405, -14.1841640472], [387.908782959, 128.887298584, -165.294830322, 51.4896888733, 151.338912964, 142.700775146, 360.69909668, 82.7680358887, -2.90475583076, 50.7781105042, 53.2297782898, -46.6906700134, 16.385055542], [449.619567871, -59.8499450684, -8.97304916382, 60.3954238892, 88.9320220947, 53.454082489, 82.7680358887, 173.422058105, 26.0302448273, 51.2809104919, 29.4135875702, 3.65035033226, 26.7223625183], [-112.559425354, 141.033538818, 36.2552604675, 60.4537506104, 37.5783424377, -32.9821815491, -2.90475583076, 26.0302448273, 145.924331665, 5.38505601883, 13.6795492172, 2.37099885941, 10.5180435181], [348.521057129, -132.290496826, -16.4510993958, 37.0647697449, 26.2514324188, 46.8624076843, 50.7781105042, 51.2809104919, 5.38505601883, 125.132225037, 1.81258654594, 16.102897644, -11.930273056], [11.7486209869, 299.043457031, 52.854763031, 73.6423110962, 114.399429321, -3.60205483437, 53.2297782898, 29.4135875702, 13.6795492172, 1.81258654594, 176.795822144, -12.718670845, 64.6663513184], [21.9484863281, -130.842498779, 18.8566093445, 1.1354663372, -23.3189601898, -14.918346405, -46.6906700134, 3.65035033226, 2.37099885941, 16.102897644, -12.718670845, 100.485137939, 0.768187940121], [-67.0592041016, 149.439743042, 37.3090934753, 65.7599487305, 74.7771987915, -14.1841640472, 16.385055542, 26.7223625183, 10.5180435181, -11.930273056, 64.6663513184, 0.768187940121, 131.003265381]],
        "icov": [[0.000345500302501, -0.000432193744928, 0.00060328975087, -0.00087592669297, 0.000532128033228, -0.000568116141949, 0.000410128122894, -0.00104171154089, 0.000791947823018, -0.000671649933793, 0.000346400454873, -0.000344561121892, 0.000439972587628], [-0.000432193744928, 0.00372682278976, -0.00256158271804, 0.00205094297417, -0.00301124551333, 0.00295516871847, -0.00260057393461, 0.00369707331993, -0.00318553554825, 0.00297493068501, -0.00340015464462, 0.00297742732801, -0.000974989263341], [0.00060328975087, -0.00256158271804, 0.00320384115912, -0.00283056194894, 0.00204774248414, -0.0027382671833, 0.00277300318703, -0.00305616017431, 0.00260972534306, -0.00217881402932, 0.00206622621045, -0.0020278505981, 0.00113455578685], [-0.00087592669297, 0.00205094297417, -0.00283056194894, 0.00547120021656, -0.00294994818978, 0.00199353625067, -0.00189149042126, 0.0033185321372, -0.0034174954053, 0.00168293493334, -0.00180148810614, 0.00154108984862, -0.00196100282483], [0.000532128033228, -0.00301124551333, 0.00204774248414, -0.00294994818978, 0.00638833548874, -0.00226882076822, 0.000906144385226, -0.00420358777046, 0.00261018471792, -0.00248670578003, 0.00147936376743, -0.00214688363485, 0.000303315347992], [-0.000568116141949, 0.00295516871847, -0.0027382671833, 0.00199353625067, -0.00226882076822, 0.00882511585951, -0.0046763708815, 0.00238591362722, -0.0012730518356, 0.0015704856487, -0.00191929854918, 0.00252565438859, -0.000356106873369], [0.000410128122894, -0.00260057393461, 0.00277300318703, -0.00189149042126, 0.000906144385226, -0.0046763708815, 0.00717221526429, -0.00350074656308, 0.00230137049221, -0.00286353868432, 0.00155849172734, -0.000404197373427, 0.000917225843295], [-0.00104171154089, 0.00369707331993, -0.00305616017431, 0.0033185321372, -0.00420358777046, 0.00238591362722, -0.00350074656308, 0.0129174944013, -0.00530526088551, 0.00123255886137, -0.00334544293582, 0.00238682795316, -0.00290978653356], [0.000791947823018, -0.00318553554825, 0.00260972534306, -0.0034174954053, 0.00261018471792, -0.0012730518356, 0.00230137049221, -0.00530526088551, 0.0111133307219, -0.00309182051569, 0.00285640428774, -0.00251072761603, 0.00160897604655], [-0.000671649933793, 0.00297493068501, -0.00217881402932, 0.00168293493334, -0.00248670578003, 0.0015704856487, -0.00286353868432, 0.00123255886137, -0.00309182051569, 0.0129980193451, -0.00281188450754, 0.000320863618981, 0.000552594021428], [0.000346400454873, -0.00340015464462, 0.00206622621045, -0.00180148810614, 0.00147936376743, -0.00191929854918, 0.00155849172734, -0.00334544293582, 0.00285640428774, -0.00281188450754, 0.0110320141539, -0.00217066216283, -0.00211126659997], [-0.000344561121892, 0.00297742732801, -0.0020278505981, 0.00154108984862, -0.00214688363485, 0.00252565438859, -0.000404197373427, 0.00238682795316, -0.00251072761603, 0.000320863618981, -0.00217066216283, 0.0136136915535, -0.00148382922634], [0.000439972587628, -0.000974989263341, 0.00113455578685, -0.00196100282483, 0.000303315347992, -0.000356106873369, 0.000917225843295, -0.00290978653356, 0.00160897604655, 0.000552594021428, -0.00211126659997, -0.00148382922634, 0.0108712185174]]
    },
    "melbands": {
        "dmean": [0.000447581900517, 0.00125361001119, 0.000453051237855, 0.00029667004128, 0.000148933831952, 0.000145791709656, 0.000153056782437, 0.000101949408418, 8.82656240719e-05, 0.000112186418846, 0.000141694879858, 0.000181715397048, 7.05706115696e-05, 5.78414619667e-05, 5.39277752978e-05, 4.63979413325e-05, 3.60222875315e-05, 4.60466908407e-05, 2.95184763672e-05, 1.82969670277e-05, 1.43862698678e-05, 1.34212205012e-05, 9.36874675972e-06, 5.95378151047e-06, 6.35654896541e-06, 4.469774467e-06, 3.88248963645e-06, 4.33641889686e-06, 2.63493529928e-06, 1.37521692523e-06, 1.07434391339e-06, 8.74519685112e-07, 6.77610387356e-07, 6.73756915148e-07, 6.57962573314e-07, 6.49665082619e-07, 5.89092110204e-07, 4.77750404571e-07, 3.79603250167e-07, 2.75071215583e-07],
        "dmean2": [0.000754057313316, 0.00218755658716, 0.000785364652984, 0.000511451682542, 0.000241346031544, 0.000232233738643, 0.000245407980401, 0.000162276061019, 0.000140127463965, 0.000180030881893, 0.000227544893278, 0.000302404747345, 0.000112310553959, 9.22799081309e-05, 8.69165014592e-05, 7.46234072722e-05, 5.91874922975e-05, 7.45901561459e-05, 4.67906320409e-05, 2.9770162655e-05, 2.32757101912e-05, 2.17914894165e-05, 1.51858512254e-05, 9.55613541009e-06, 1.02443209471e-05, 7.37794971428e-06, 6.38331084701e-06, 6.9597313086e-06, 4.23855135523e-06, 2.22518247028e-06, 1.78400352979e-06, 1.40124836889e-06, 1.06714617232e-06, 1.04677201307e-06, 1.00940258108e-06, 9.88315605355e-07, 8.75893761076e-07, 7.23176640349e-07, 5.61298691082e-07, 3.97086608928e-07],
        "dvar": [1.3486936723e-06, 1.82116600627e-05, 1.31853926177e-06, 1.3182194607e-06, 8.77907737618e-08, 1.03950831942e-07, 1.01850794465e-07, 5.85208645987e-08, 3.8804969904e-08, 6.05514571816e-08, 1.0910456183e-07, 2.40107709715e-07, 2.79404641645e-08, 2.36646240381e-08, 1.39820084399e-08, 1.09045208418e-08, 6.39009911652e-09, 1.20615526455e-08, 5.11924946878e-09, 1.62081692512e-09, 9.9581898283e-10, 1.54246404538e-09, 4.30656649231e-10, 1.30778401997e-10, 1.47016065988e-10, 6.81011358417e-11, 6.44125933147e-11, 8.74193634148e-11, 2.95509311465e-11, 7.77108846023e-12, 5.19780919694e-12, 3.13706526034e-12, 2.17383663154e-12, 2.75026616064e-12, 2.19480098158e-12, 2.36601667078e-12, 1.83374734668e-12, 1.34245934681e-12, 1.03295941679e-12, 7.63125023243e-13],
        "dvar2": [3.63446952178e-06, 5.10906065756e-05, 3.69148460777e-06, 3.69841336578e-06, 2.2891771323e-07, 2.47084727789e-07, 2.57140555959e-07, 1.46478484453e-07, 9.68540305735e-08, 1.59085573159e-07, 2.81071692143e-07, 6.67037738822e-07, 7.06873066747e-08, 5.94359264028e-08, 3.48513360393e-08, 2.67058481995e-08, 1.69119509508e-08, 3.20559756517e-08, 1.21477787829e-08, 4.11508338516e-09, 2.29614482983e-09, 3.74098618749e-09, 1.04997477379e-09, 3.22967458333e-10, 3.62112728691e-10, 1.78645973015e-10, 1.68177985427e-10, 2.20778978433e-10, 7.56366427823e-11, 1.96487652537e-11, 1.38235889749e-11, 7.67424318537e-12, 5.02677500319e-12, 6.3320902341e-12, 4.63723460672e-12, 4.93051910064e-12, 3.73154241881e-12, 2.90895736318e-12, 2.09270686717e-12, 1.45269235009e-12],
        "max": [0.0165449641645, 0.0537437871099, 0.0140248332173, 0.0259343385696, 0.00618621893227, 0.008808827959, 0.00888454448432, 0.00490624317899, 0.0056421039626, 0.00468987319618, 0.00648968201131, 0.00884085148573, 0.00521884299815, 0.00381215033121, 0.00201390637085, 0.00319164106622, 0.00167024834082, 0.00253141229041, 0.001994170947, 0.00119394878857, 0.000882361666299, 0.00144748820458, 0.000593429314904, 0.000261018081801, 0.00024954683613, 0.000124625687022, 0.000166733880178, 0.000231208323385, 0.000115325623483, 7.65820659581e-05, 5.75599078729e-05, 3.5486104025e-05, 4.17009687226e-05, 5.93572185608e-05, 3.37569545081e-05, 3.51206581399e-05, 3.6073535739e-05, 2.8378010029e-05, 2.73732985079e-05, 3.05881912936e-05],
        "mean": [0.0008174382383, 0.00170842499938, 0.00066018558573, 0.00041776560829, 0.000290726951789, 0.000250647572102, 0.000263650668785, 0.000174398534, 0.000159983464982, 0.000212657949305, 0.000257437146502, 0.000304075627355, 0.000126813916722, 0.000101327168522, 0.000100464269053, 9.10934249987e-05, 6.70891313348e-05, 8.62878878252e-05, 5.69732983422e-05, 3.70357774955e-05, 2.94992405543e-05, 2.79638607026e-05, 1.97716617549e-05, 1.23861836983e-05, 1.32063050842e-05, 9.59218778007e-06, 8.60918498802e-06, 9.54412371357e-06, 5.84600047659e-06, 2.93970902021e-06, 2.21175901061e-06, 1.82183453035e-06, 1.47229536651e-06, 1.4018002048e-06, 1.40257486692e-06, 1.38900463753e-06, 1.26301870296e-06, 1.0111557458e-06, 7.87482576925e-07, 5.42129441783e-07],
        "median": [0.000552662066184, 0.000884731416591, 0.000335761316819, 0.000167070960742, 0.000129337582621, 9.84840589808e-05, 0.000100719684269, 5.11340222147e-05, 4.84502925246e-05, 4.82305622427e-05, 6.48166824249e-05, 6.30774593446e-05, 3.0164133932e-05, 2.06130844163e-05, 1.84128930414e-05, 1.85505850823e-05, 1.70591010829e-05, 1.7121223209e-05, 1.49510242409e-05, 1.35938698804e-05, 1.06866027636e-05, 7.59921204008e-06, 6.33574472886e-06, 5.14239491167e-06, 4.6832069529e-06, 2.95181507681e-06, 2.57755073108e-06, 2.30624937103e-06, 1.5822606656e-06, 1.12021916721e-06, 7.80632660735e-07, 5.57654061595e-07, 4.89374883728e-07, 4.81847223455e-07, 5.11362486577e-07, 5.32124317942e-07, 5.0690948683e-07, 3.63122296676e-07, 2.55255429238e-07, 1.61520631536e-07],
        "min": [4.50907489727e-24, 4.37216808717e-24, 1.25806452481e-24, 4.97823769331e-24, 6.88971708642e-24, 3.41912787263e-24, 4.2387444924e-24, 4.16238985652e-24, 3.11082209821e-24, 2.27538191476e-24, 6.3855316272e-24, 4.7802971094e-24, 5.50731960269e-24, 4.90877651845e-24, 8.49793704832e-24, 4.37549629133e-24, 4.18397664076e-24, 9.54688697171e-24, 5.67587709003e-24, 6.67228177739e-24, 9.63673270679e-24, 1.16070571791e-23, 1.03274017286e-23, 8.02997292643e-24, 6.46178686661e-24, 5.518467785e-24, 5.57480665313e-24, 7.68243631033e-24, 6.8480494534e-24, 7.92383484707e-24, 7.70430511234e-24, 9.78254812309e-24, 8.8349471045e-24, 7.60982324172e-24, 6.79595702353e-24, 7.91595649321e-24, 8.90070023867e-24, 8.30367373952e-24, 8.32495878446e-24, 8.39433910108e-24],
        "var": [1.40737051879e-06, 1.38041668833e-05, 1.20147751659e-06, 1.02347485154e-06, 2.19560519099e-07, 2.16823039523e-07, 2.05048408475e-07, 1.42296698868e-07, 9.89384218997e-08, 1.49610954736e-07, 2.42218106905e-07, 4.75240511832e-07, 6.59712355855e-08, 5.32062252034e-08, 3.56881848518e-08, 3.6889264976e-08, 1.51711088137e-08, 3.10178549512e-08, 1.50870729243e-08, 4.86284479351e-09, 2.91034596422e-09, 4.89283324967e-09, 1.43343326098e-09, 3.47044004645e-10, 4.09353773101e-10, 2.01242869591e-10, 1.91054269627e-10, 2.76877631933e-10, 9.98996371737e-11, 2.07612035202e-11, 1.24140168631e-11, 8.51455798229e-12, 6.29323849977e-12, 6.49558185017e-12, 6.01950000262e-12, 6.20111427485e-12, 4.97796118562e-12, 3.72216710579e-12, 2.8268600568e-12, 2.03914532829e-12]
    },
    "mfcc": {
        "mean": [-657.70123291, 124.050559998, -7.2277097702, 7.72145462036, 6.59838676453, 2.17703270912, 1.34680831432, 4.58963441849, -0.180788218975, 6.32312822342, -6.09686279297, -0.96285700798, -3.99041390419],
        "cov": [[7186.53125, -1263.58349609, -807.269287109, 292.753295898, -209.808746338, 201.362075806, 534.103149414, 184.040130615, 243.873596191, 353.381561279, 154.054428101, 161.120101929, 92.3534164429], [-1263.58349609, 1514.76208496, 378.302246094, 330.193664551, 349.65133667, -7.9704413414, 135.147994995, 17.2997188568, -44.5361213684, 31.0517883301, 3.83610057831, 56.6337165833, 33.3776550293], [-807.269287109, 378.302246094, 1101.99804688, 293.163604736, 309.105377197, 38.8414726257, -68.8490142822, -31.8104877472, -30.2760238647, -52.359916687, -37.0356750488, 25.7550086975, 20.4241218567], [292.753295898, 330.193664551, 293.163604736, 551.749389648, 289.526702881, 56.7351760864, 98.4389724731, 25.4686965942, 61.9912261963, 51.7134666443, -6.67346286774, 74.1730117798, 75.7568817139], [-209.808746338, 349.65133667, 309.105377197, 289.526702881, 427.036010742, -11.8239145279, 51.7823410034, 6.54503059387, 26.0845832825, 19.2186698914, -37.3879776001, 49.4604873657, 63.0474395752], [201.362075806, -7.9704413414, 38.8414726257, 56.7351760864, -11.8239145279, 219.992782593, 96.1018981934, 45.4122200012, 35.6838188171, 40.6596832275, 58.7055015564, -11.4907035828, -7.98670005798], [534.103149414, 135.147994995, -68.8490142822, 98.4389724731, 51.7823410034, 96.1018981934, 412.996307373, 66.1175613403, 68.0922241211, 117.351112366, 51.375213623, 36.8833732605, 3.13966798782], [184.040130615, 17.2997188568, -31.8104877472, 25.4686965942, 6.54503059387, 45.4122200012, 66.1175613403, 125.58745575, 39.6591339111, 37.0508041382, 33.2445907593, 8.66284751892, 1.96326601505], [243.873596191, -44.5361213684, -30.2760238647, 61.9912261963, 26.0845832825, 35.6838188171, 68.0922241211, 39.6591339111, 157.347442627, 56.9015045166, 26.6621112823, 28.3129997253, 9.81452846527], [353.381561279, 31.0517883301, -52.359916687, 51.7134666443, 19.2186698914, 40.6596832275, 117.351112366, 37.0508041382, 56.9015045166, 149.757492065, 38.9783821106, 22.9241676331, 1.62625920773], [154.054428101, 3.83610057831, -37.0356750488, -6.67346286774, -37.3879776001, 58.7055015564, 51.375213623, 33.2445907593, 26.6621112823, 38.9783821106, 121.689804077, 21.4019546509, 3.94296598434], [161.120101929, 56.6337165833, 25.7550086975, 74.1730117798, 49.4604873657, -11.4907035828, 36.8833732605, 8.66284751892, 28.3129997253, 22.9241676331, 21.4019546509, 107.567314148, 27.6989383698], [92.3534164429, 33.3776550293, 20.4241218567, 75.7568817139, 63.0474395752, -7.98670005798, 3.13966798782, 1.96326601505, 9.81452846527, 1.62625920773, 3.94296598434, 27.6989383698, 95.9890518188]],
