{
"lowlevel": {
    "average_loudness": 0.803522527218,
    "barkbands_crest": {
        "dmean": 3.03584957123,
        "dmean2": 4.96643733978,
        "dvar": 6.91485548019,
        "dvar2": 17.2378368378,
        "max": 26.2018108368,
        "mean": 10.3431653976,
        "median": 9.51116657257,
        "min": 1.99216449261,
        "var": 18.9757270813
    },
    "barkbands_flatness_db": {
        "dmean": 0.0218543913215,
        "dmean2": 0.0342486724257,
        "dvar": 0.000391845824197,
        "dvar2": 0.000910337257665,
        "max": 0.341640144587,
        "mean": 0.136247098446,
        "median": 0.128249853849,
        "min": 0.0119208954275,
        "var": 0.00226094992831
    },
    "barkbands_kurtosis": {
        "dmean": 2.13658595085,
        "dmean2": 3.35659098625,
        "dvar": 18.1539878845,
        "dvar2": 39.7934608459,
        "max": 189.194442749,
        "mean": 2.33347010612,
        "median": 0.952220916748,
        "min": -1.91676831245,
        "var": 33.3037796021
    },
    "barkbands_skewness": {
        "dmean": 0.528148293495,
        "dmean2": 0.799478828907,
        "dvar": 0.301485210657,
        "dvar2": 0.648790419102,
        "max": 12.8550424576,
        "mean": 1.08918225765,
        "median": 0.967242717743,
        "min": -3.53535294533,
        "var": 0.985523641109
    },
    "barkbands_spread": {
        "dmean": 6.78092384338,
        "dmean2": 10.3970031738,
        "dvar": 74.2801742554,
        "dvar2": 149.778182983,
        "max": 111.038978577,
        "mean": 25.6135406494,
        "median": 22.74584198,
        "min": 0.872941255569,
        "var": 258.60244751
    },
    "dissonance": {
        "dmean": 0.0208384729922,
        "dmean2": 0.0354888103902,
        "dvar": 0.000502853421494,
        "dvar2": 0.00137625867501,
        "max": 0.5,
        "mean": 0.465078115463,
        "median": 0.474914729595,
        "min": 0.242688909173,
        "var": 0.00107547850348
    },
    "dynamic_complexity": 2.83758044243,
    "erbbands_crest": {
        "dmean": 3.25335478783,
        "dmean2": 5.20526218414,
        "dvar": 9.49680328369,
        "dvar2": 21.8479499817,
        "max": 32.7509002686,
        "mean": 10.6184635162,
        "median": 9.05151081085,
        "min": 2.28647637367,
        "var": 34.5097541809
    },
    "erbbands_flatness_db": {
        "dmean": 0.0183842647821,
        "dmean2": 0.0268586650491,
        "dvar": 0.000302070664475,
        "dvar2": 0.000583280809224,
        "max": 0.391572594643,
        "mean": 0.172879233956,
        "median": 0.162003859878,
        "min": 0.043952472508,
        "var": 0.00337774329819
    },
    "erbbands_kurtosis": {
        "dmean": 1.25539755821,
        "dmean2": 1.94127893448,
        "dvar": 3.4079709053,
        "dvar2": 7.62261676788,
        "max": 49.3068389893,
        "mean": 1.36686134338,
        "median": 0.429138183594,
        "min": -1.87963151932,
        "var": 9.59022140503
    },
    "erbbands_skewness": {
        "dmean": 0.408489942551,
        "dmean2": 0.613332092762,
        "dvar": 0.152976855636,
        "dvar2": 0.316663146019,
        "max": 5.93600273132,
        "mean": 0.561796545982,
        "median": 0.512654602528,
        "min": -3.18513035774,
        "var": 0.819976687431
    },
    "erbbands_spread": {
        "dmean": 7.6370973587,
        "dmean2": 11.5500249863,
        "dvar": 74.842086792,
        "dvar2": 162.439117432,
        "max": 129.407302856,
        "mean": 32.4759902954,
        "median": 29.507352829,
        "min": 1.92518758774,
        "var": 306.833618164
    },
    "hfc": {
        "dmean": 7.68642616272,
        "dmean2": 10.7207841873,
        "dvar": 81.2489776611,
        "dvar2": 145.475463867,
        "max": 167.623245239,
        "mean": 27.4026527405,
        "median": 23.5413360596,
        "min": 1.14911388065e-16,
        "var": 416.462524414
    },
    "melbands_crest": {
        "dmean": 4.21115112305,
        "dmean2": 6.93290185928,
        "dvar": 14.149605751,
        "dvar2": 35.7436447144,
        "max": 38.2701416016,
        "mean": 15.095539093,
        "median": 14.1024951935,
        "min": 2.22066473961,
        "var": 38.530380249
    },
    "melbands_flatness_db": {
        "dmean": 0.0272023566067,
        "dmean2": 0.0416752994061,
        "dvar": 0.00062049709959,
        "dvar2": 0.00140279927291,
        "max": 0.422613114119,
        "mean": 0.168168008327,
        "median": 0.16142128408,
        "min": 0.00478036236018,
        "var": 0.00271436409093
    },
    "melbands_kurtosis": {
        "dmean": 5.30078125,
        "dmean2": 8.36532306671,
        "dvar": 126.994125366,
        "dvar2": 281.116088867,
        "max": 498.118133545,
        "mean": 8.05971336365,
        "median": 4.37150669098,
        "min": -1.81873047352,
        "var": 214.588684082
    },
    "melbands_skewness": {
        "dmean": 0.715193867683,
        "dmean2": 1.09544181824,
        "dvar": 0.614349544048,
        "dvar2": 1.38040733337,
        "max": 16.4065914154,
        "mean": 1.94310736656,
        "median": 1.72375667095,
        "min": -1.55209243298,
        "var": 2.10278773308
    },
    "melbands_spread": {
        "dmean": 9.19441509247,
        "dmean2": 14.0974082947,
        "dvar": 168.106933594,
        "dvar2": 343.870819092,
        "max": 229.300186157,
        "mean": 29.3910446167,
        "median": 25.0094337463,
        "min": 0.792671084404,
        "var": 449.922119141
    },
    "pitch_salience": {
        "dmean": 0.0786675810814,
        "dmean2": 0.127198860049,
        "dvar": 0.00529890833423,
        "dvar2": 0.0128611139953,
        "max": 0.975412368774,
        "mean": 0.54999434948,
        "median": 0.552822351456,
        "min": 0.0514420643449,
        "var": 0.0161161907017
    },
    "silence_rate_20dB": {
        "dmean": 0,
        "dmean2": 0,
        "dvar": 0,
        "dvar2": 0,
        "max": 1,
        "mean": 1,
        "median": 1,
        "min": 1,
        "var": 0
    },
    "silence_rate_30dB": {
        "dmean": 0.00715519348159,
        "dmean2": 0.0143121527508,
        "dvar": 0.00710327830166,
        "dvar2": 0.0200290568173,
        "max": 1,
        "mean": 0.995806097984,
        "median": 1,
        "min": 0,
        "var": 0.00417609047145
    },
    "silence_rate_60dB": {
        "dmean": 0.0172711573541,
        "dmean2": 0.0345465764403,
        "dvar": 0.0169742722064,
        "dvar2": 0.0375449918211,
        "max": 1,
        "mean": 0.0481065735221,
        "median": 0,
        "min": 0,
        "var": 0.0457966141403
    },
    "spectral_centroid": {
        "dmean": 274.761993408,
        "dmean2": 410.183258057,
        "dvar": 104678.234375,
        "dvar2": 196965.65625,
        "max": 11418.8828125,
        "mean": 1613.66723633,
        "median": 1547.52416992,
        "min": 298.862426758,
        "var": 402306.78125
    },
    "spectral_complexity": {
        "dmean": 4,
        "dmean2": 5.94571256638,
        "dvar": 17.082654953,
        "dvar2": 31.3661251068,
        "max": 56,
        "mean": 21.5949172974,
        "median": 21,
        "min": 0,
        "var": 117.412437439
    },
    "spectral_decrease": {
        "dmean": 2.54045318115e-09,
        "dmean2": 3.9080458869e-09,
        "dvar": 1.14881945399e-17,
        "dvar2": 2.53576385768e-17,
        "max": 1.33553419401e-28,
        "mean": -6.98917235198e-09,
        "median": -5.68955593749e-09,
        "min": -3.98651600619e-08,
        "var": 2.97889476887e-17
    },
    "spectral_energy": {
        "dmean": 0.0100562535226,
        "dmean2": 0.015372928232,
        "dvar": 0.000174503176822,
        "dvar2": 0.000378636730602,
        "max": 0.165155410767,
        "mean": 0.028864229098,
        "median": 0.0236506089568,
        "min": 1.04523253061e-20,
        "var": 0.000481601658976
    },
    "spectral_energyband_high": {
        "dmean": 0.000493692990858,
        "dmean2": 0.000666076899506,
        "dvar": 6.11920143001e-07,
        "dvar2": 1.03612262592e-06,
        "max": 0.0107538793236,
        "mean": 0.00124116707593,
        "median": 0.000679192889947,
        "min": 7.26463295039e-21,
        "var": 2.08774827115e-06
    },
    "spectral_energyband_low": {
        "dmean": 0.0059241312556,
        "dmean2": 0.00965900253505,
        "dvar": 0.000134536006954,
        "dvar2": 0.000325966131641,
        "max": 0.124164327979,
        "mean": 0.00898464024067,
        "median": 0.00474317418411,
        "min": 3.64642623067e-23,
        "var": 0.000187161218491
    },
    "spectral_energyband_middle_high": {
        "dmean": 0.00305447005667,
        "dmean2": 0.00452069425955,
        "dvar": 1.78847330972e-05,
        "dvar2": 3.90523418901e-05,
        "max": 0.0965060219169,
        "mean": 0.00883590243757,
        "median": 0.00563512789086,
        "min": 1.458373946e-21,
        "var": 8.78175269463e-05
    },
    "spectral_energyband_middle_low": {
        "dmean": 0.00474802125245,
        "dmean2": 0.0074417879805,
        "dvar": 4.33226632595e-05,
        "dvar2": 0.000100941855635,
        "max": 0.125738978386,
        "mean": 0.0106132710353,
        "median": 0.00703906267881,
        "min": 3.03205593032e-22,
        "var": 0.000112117864774
    },
    "spectral_entropy": {
        "dmean": 0.148242786527,
        "dmean2": 0.212616249919,
        "dvar": 0.0241098906845,
        "dvar2": 0.0438429713249,
        "max": 9.80016040802,
        "mean": 7.74706459045,
        "median": 7.79988765717,
        "min": 5.41691255569,
        "var": 0.168658494949
    },
    "spectral_flux": {
        "dmean": 0.027528366074,
        "dmean2": 0.0426985956728,
        "dvar": 0.000794775958639,
        "dvar2": 0.00164099864196,
        "max": 0.309719592333,
        "mean": 0.0992944166064,
        "median": 0.0923001840711,
        "min": 6.50886150533e-11,
        "var": 0.00249155866913
    },
    "spectral_kurtosis": {
        "dmean": 1.13213610649,
        "dmean2": 1.83982360363,
        "dvar": 2.07744002342,
        "dvar2": 4.82673835754,
        "max": 52.2091636658,
        "mean": 3.41016793251,
        "median": 2.95859670639,
        "min": -1.21660530567,
        "var": 7.02617788315
    },
    "spectral_rms": {
        "dmean": 0.000865375273861,
        "dmean2": 0.00130094506312,
        "dvar": 8.42390704747e-07,
        "dvar2": 1.67206326296e-06,
        "max": 0.0126935904846,
        "mean": 0.0049252663739,
        "median": 0.00480351597071,
        "min": 3.19333535309e-12,
        "var": 3.90205286749e-06
    },
    "spectral_rolloff": {
        "dmean": 603.904724121,
        "dmean2": 994.351745605,
        "dvar": 1110099,
        "dvar2": 2218125.5,
        "max": 19293.75,
        "mean": 1805.37902832,
        "median": 1485.79101562,
        "min": 21.533203125,
        "var": 2422268.75
    },
    "spectral_skewness": {
        "dmean": 0.183663114905,
        "dmean2": 0.279468923807,
        "dvar": 0.0352818965912,
        "dvar2": 0.07143650949,
        "max": 5.56973552704,
        "mean": 1.40490424633,
        "median": 1.38370883465,
        "min": -0.158558607101,
        "var": 0.192521989346
    },
    "spectral_spread": {
        "dmean": 490241.84375,
        "dmean2": 691050.3125,
        "dvar": 687323152384,
        "dvar2": 1.70672573645e+12,
        "max": 41512412,
        "mean": 4739498.5,
        "median": 4594028.5,
        "min": 1044688.5625,
        "var": 2.10791366656e+12
    },
    "spectral_strongpeak": {
        "dmean": 0.819190323353,
        "dmean2": 1.3565145731,
        "dvar": 1.34203290939,
        "dvar2": 3.16786789894,
        "max": 14.9498815536,
        "mean": 1.43600845337,
        "median": 0.651187419891,
        "min": 0,
        "var": 2.83534097672
    },
    "zerocrossingrate": {
        "dmean": 0.0121628772467,
        "dmean2": 0.0142158223316,
        "dvar": 0.000254671060247,
        "dvar2": 0.000287925300654,
        "max": 0.56640625,
        "mean": 0.0718540772796,
        "median": 0.06494140625,
        "min": 0.00244140625,
        "var": 0.00141091586556
    },
    "barkbands": {
        "dmean": [0.000672345340718, 0.00423723366112, 0.00217084167525, 0.000522906600963, 0.000963938015047, 0.00117593375035, 0.000651095935609, 0.000923971529119, 0.00203411956318, 0.0013993633911, 0.000880415842403, 0.00085872161435, 0.000486334611196, 0.000605409382842, 0.000482310715597, 0.000378422846552, 0.000246434181463, 0.000159537419677, 0.000168931626831, 0.000137044407893, 0.000139637224493, 0.000136407412356, 0.000107694708277, 0.000115606941108, 5.49706819584e-05, 1.96326636797e-05, 5.91849236287e-09],
        "dmean2": [0.00108181568794, 0.00702580017969, 0.00375310657546, 0.000894497905392, 0.00159336254001, 0.00193705467973, 0.00107469048817, 0.00145352783147, 0.00318890274502, 0.00223664124496, 0.00138200924266, 0.00132283254061, 0.000768540252466, 0.000957942509558, 0.000759432150517, 0.000601353356615, 0.000386113650165, 0.000260661967332, 0.000264702743152, 0.000206952056033, 0.000207539167604, 0.000198261375772, 0.000153935354319, 0.000164863129612, 7.70472033764e-05, 2.86999638774e-05, 1.07577902142e-08],
        "dvar": [1.47973685216e-06, 7.40014802432e-05, 4.39780233137e-05, 1.73960222583e-06, 5.42900079381e-06, 6.09660537521e-06, 4.62419120595e-06, 7.24833262211e-06, 1.91353956325e-05, 1.28925230456e-05, 4.10692791775e-06, 4.55854660686e-06, 1.4124474319e-06, 1.96707105715e-06, 9.64739683695e-07, 7.87956821569e-07, 2.04111088919e-07, 6.98975668456e-08, 5.77847032446e-08, 4.2088561969e-08, 5.32327604219e-08, 5.4829214946e-08, 4.69487595467e-08, 5.32344515136e-08, 1.15071623341e-08, 1.73397962655e-09, 1.91882502827e-15],
        "dvar2": [3.7804720705e-06, 0.000199069778319, 0.000117820192827, 4.59780221718e-06, 1.35204691105e-05, 1.50247533384e-05, 1.09884194899e-05, 1.70336370502e-05, 4.35778456449e-05, 3.01294767269e-05, 9.42164751905e-06, 9.95904429146e-06, 3.06279071083e-06, 4.58496788269e-06, 2.20351466851e-06, 1.80348251888e-06, 4.82263715185e-07, 1.78886168101e-07, 1.32715598511e-07, 9.18200058209e-08, 1.10635092199e-07, 1.09398961001e-07, 8.83887238956e-08, 1.04446812088e-07, 2.26760494826e-08, 3.98687927117e-09, 5.42965102201e-15],
        "max": [0.0120890904218, 0.107188604772, 0.0856232494116, 0.038037315011, 0.0532279796898, 0.0451867803931, 0.0639667585492, 0.0708848014474, 0.10992655158, 0.0990990325809, 0.0350720062852, 0.0514461621642, 0.0339950360358, 0.0314246676862, 0.0197721440345, 0.019467651844, 0.0128616262227, 0.00371892307885, 0.00391486519948, 0.00414562085643, 0.00503680296242, 0.00453997543082, 0.00399419805035, 0.00366573315114, 0.00184850604273, 0.000948542845435, 1.74051774593e-06],
        "mean": [0.000854539801367, 0.00581971323118, 0.00209621037357, 0.000570679199882, 0.00145378324669, 0.00162786839064, 0.000822855974548, 0.00124987238087, 0.00375578692183, 0.00228494335897, 0.00138510926627, 0.00136863067746, 0.000766364100855, 0.000942275219131, 0.000794618623331, 0.000606720161159, 0.000447184458608, 0.000272321049124, 0.000333475880325, 0.000285455636913, 0.000284345704131, 0.000283393281279, 0.000202936804271, 0.000219569046749, 0.000103529804619, 3.20700382872e-05, 4.26093027528e-09],
        "median": [0.000180538132554, 0.00259826611727, 0.000489427591674, 0.000190967213712, 0.000664152612444, 0.000617340323515, 0.000225512121688, 0.000292571174214, 0.000781464390457, 0.000449351238785, 0.000356978096534, 0.000381061137887, 0.000288096489385, 0.000340575061273, 0.000340392405633, 0.000273977260804, 0.000246540992521, 0.000151828935486, 0.000200635593501, 0.00016379916633, 0.000155138812261, 0.0001383190247, 8.55073230923e-05, 8.74380712048e-05, 3.90838904423e-05, 1.16820501717e-05, 6.49326092894e-10],
        "min": [8.35503016217e-24, 3.76614975699e-24, 1.55114918862e-23, 8.29770600677e-24, 2.11737350932e-23, 2.77057163809e-23, 2.12271015335e-23, 5.55642067201e-23, 8.86686978098e-23, 8.64233661707e-23, 3.61545239609e-23, 6.45613799144e-23, 8.40142291423e-23, 1.00893492242e-22, 6.60649487997e-23, 1.2348321215e-22, 1.34953906044e-22, 1.70950083533e-22, 2.94537993303e-22, 3.45300851766e-22, 4.93056544041e-22, 4.04984881408e-22, 6.08218927093e-22, 7.03337376908e-22, 9.15158823568e-22, 1.42558338368e-21, 2.60948058669e-21],
        "var": [2.32673210121e-06, 9.12360628718e-05, 3.27549423673e-05, 1.54375004513e-06, 7.55504015615e-06, 8.48282525112e-06, 6.17483783572e-06, 1.17738909466e-05, 5.51377379452e-05, 3.14870849252e-05, 8.83987377165e-06, 9.97918050416e-06, 2.61804552792e-06, 3.84084160032e-06, 1.82063183729e-06, 1.30033640744e-06, 4.16859052166e-07, 1.16591600374e-07, 1.46325817241e-07, 1.21285836485e-07, 1.38934595384e-07, 1.50153439904e-07, 1.06119493637e-07, 1.31524288349e-07, 2.85575421088e-08, 2.89530555087e-09, 1.14602446033e-15]
    },
    "erbbands": {
        "dmean": [0.145066276193, 0.906330347061, 2.53922939301, 1.85697424412, 2.0647456646, 3.68029427528, 6.80256700516, 10.5677700043, 9.43658638, 13.124256134, 22.4443874359, 45.6748809814, 51.7059898376, 31.6999778748, 33.5623054504, 30.9687995911, 20.272808075, 31.4490890503, 21.850692749, 23.433298111, 16.7246513367, 12.7341861725, 8.86873340607, 7.48689126968, 8.85676574707, 5.96208143234, 4.62755918503, 6.23784208298, 5.20507669449, 3.51343774796, 3.1040289402, 2.95804476738, 1.60116457939, 0.767761170864, 0.325586944818, 0.141524150968, 0.0240317713469, 0.000647987239063, 2.53810540016e-05, 1.29758645926e-05],
        "dmean2": [0.233483865857, 1.51216006279, 4.26233577728, 3.1635696888, 3.45353364944, 6.08791971207, 11.210726738, 17.3599586487, 15.5652561188, 20.7283382416, 34.6313400269, 71.1557312012, 81.3735580444, 50.169467926, 51.7471046448, 46.9253158569, 31.9129962921, 49.0210456848, 35.1513252258, 36.2601089478, 26.0470867157, 19.6571826935, 14.3869361877, 12.0037908554, 13.6124210358, 8.95673465729, 6.95203256607, 9.13850688934, 7.60064744949, 5.0815243721, 4.47035551071, 4.30428695679, 2.27180790901, 1.0864726305, 0.462586671114, 0.203105941415, 0.0360838025808, 0.00101101119071, 3.62733771908e-05, 1.91777999135e-05],
        "dvar": [0.0630252286792, 4.99726486206, 57.5167884827, 22.0627937317, 35.6348648071, 89.8945770264, 290.517028809, 529.094238281, 786.160217285, 1856.26818848, 3728.40332031, 9882.90625, 16855.2636719, 6254.57080078, 6020.12304688, 6660.86865234, 2127.26708984, 5439.39648438, 1781.69104004, 2614.28735352, 1355.74511719, 494.810516357, 210.110794067, 128.056564331, 176.585906982, 84.8559188843, 50.2872428894, 125.954292297, 84.7246398926, 40.8747940063, 41.5978622437, 36.4318389893, 10.4396829605, 2.30678367615, 0.404210627079, 0.0818505734205, 0.00374170416035, 7.52953837946e-06, 3.75337050329e-09, 2.74444883486e-10],
        "dvar2": [0.167006596923, 13.2205858231, 148.355117798, 58.9151115417, 88.3648834229, 225.431091309, 724.61932373, 1308.31677246, 1985.90197754, 4568.63525391, 8752.765625, 22364.6972656, 39620.0273438, 14401.7753906, 13613.5644531, 13731.234375, 4494.02636719, 12591.3388672, 4374.01025391, 5550.06591797, 3008.9765625, 1125.41149902, 533.328491211, 315.365631104, 396.476867676, 180.570404053, 112.024726868, 259.884399414, 170.250991821, 79.6098098755, 80.0326461792, 69.8506393433, 21.5917453766, 4.66802883148, 0.833648979664, 0.176843911409, 0.00940769352019, 2.04101306736e-05, 9.03537866748e-09, 5.38131872396e-10],
        "max": [2.46957850456, 25.7013225555, 97.1463775635, 64.4887695312, 191.32270813, 244.572814941, 361.990203857, 337.763061523, 850.802856445, 1085.12133789, 1557.17919922, 1781.63110352, 3995.92456055, 1664.23596191, 1519.43908691, 2217.15405273, 1438.89929199, 1791.29467773, 820.476501465, 1210.30212402, 743.859802246, 547.083374023, 230.757980347, 184.366714478, 245.346832275, 187.364425659, 133.3490448, 251.748062134, 196.277450562, 99.998550415, 121.305244446, 99.1510009766, 58.5145378113, 28.4895210266, 10.9738893509, 5.97385597229, 2.40955400467, 0.100138954818, 0.00176400446799, 0.000201194969122],
        "mean": [0.211621358991, 1.10815417767, 2.63207173347, 2.07376408577, 2.65394258499, 5.33469200134, 9.11374187469, 14.6144542694, 12.2479152679, 19.4623088837, 34.0034599304, 82.94556427, 90.8443069458, 56.703086853, 59.7557601929, 52.9373130798, 35.8361167908, 52.3066673279, 38.9763031006, 41.7515487671, 30.6083221436, 24.5237045288, 16.3973312378, 14.4105072021, 18.2847995758, 13.1616096497, 9.87188053131, 12.4954051971, 10.7422876358, 6.99607753754, 5.82919311523, 5.40254545212, 3.02584171295, 1.42768371105, 0.592435777187, 0.242595136166, 0.036755759269, 0.000905051827431, 5.51429657207e-05, 4.00789467676e-05],
        "median": [0.0766091644764, 0.438918620348, 0.663028180599, 0.74748134613, 1.13953769207, 2.24557089806, 3.7207057476, 4.928191185, 4.44542837143, 4.56639146805, 9.53664302826, 18.1775341034, 22.1524906158, 13.7435445786, 17.7512226105, 17.1196060181, 15.9031848907, 20.7619438171, 19.3983669281, 18.6831932068, 15.6916723251, 14.0452222824, 9.59023094177, 8.70670700073, 10.9820327759, 7.66509008408, 5.91015768051, 6.2996969223, 5.05001163483, 3.39647173882, 2.41970896721, 2.01243233681, 1.24946534634, 0.549389004707, 0.226992726326, 0.0875011906028, 0.0134653700516, 0.000313892640406, 3.2228170312e-05, 3.37771016348e-05],
        "min": [3.18096838299e-22, 4.36769740732e-22, 1.19241663825e-20, 4.54552225587e-20, 3.11899823697e-20, 1.13025480685e-19, 1.35358840237e-19, 1.69450378325e-19, 3.64193122197e-19, 4.80834454909e-19, 1.3690811075e-18, 1.84208386807e-18, 3.76016909081e-18, 1.6262446323e-18, 1.66038465093e-18, 2.79518515129e-18, 3.42179287007e-18, 4.23477472061e-18, 4.53109976735e-18, 5.05473115129e-18, 8.69567415092e-18, 7.53632923723e-18, 9.85952802613e-18, 1.40879710927e-17, 1.46436346323e-17, 1.53231304183e-17, 1.75860186416e-17, 1.91352452108e-17, 1.61732470949e-17, 1.53684400635e-17, 1.77833673921e-17, 1.56210196636e-17, 1.18483117554e-17, 9.35427949054e-18, 7.36093716886e-18, 4.38302202999e-18, 2.94400673081e-18, 1.24240739227e-18, 3.32542787967e-19, 3.84807813693e-20],
        "var": [0.100515291095, 5.27838945389, 47.9429664612, 18.5938262939, 39.3138885498, 124.59942627, 369.677276611, 784.587158203, 844.940368652, 3351.92651367, 6260.19140625, 28306.0800781, 42577.046875, 16094.5146484, 14374.3925781, 15605.5898438, 4411.37890625, 10990.8642578, 3274.20605469, 5997.67089844, 2530.30273438, 1107.31213379, 386.832763672, 264.341125488, 459.588470459, 256.170410156, 134.656784058, 311.746765137, 229.480499268, 97.3583984375, 91.1076126099, 87.2335205078, 24.3964233398, 5.62869215012, 0.934391379356, 0.156678751111, 0.00471087591723, 6.35346441413e-06, 5.5658091469e-09, 8.69585237151e-10]
    },
    "gfcc": {
        "mean": [8.78205299377, 71.9386978149, -141.659240723, 28.9100875854, -72.5103302002, 28.7860507965, -37.9454689026, 14.7284231186, -22.4684410095, 5.46367263794, -15.8312711716, 0.90343517065, -3.37514472008],
        "cov": [[5200.34326172, -102.310218811, 653.588928223, 868.477111816, 318.944641113, 513.107421875, 118.093635559, 474.053314209, 80.5114059448, 290.702941895, -33.2348060608, 61.4774513245, -73.592666626], [-102.310218811, 1142.16638184, 579.014587402, 340.317443848, 282.449066162, 6.6804265976, 121.388549805, -8.74667453766, 47.2082672119, -6.03033685684, 140.673629761, -51.9622840881, 1.45673596859], [653.588928223, 579.014587402, 1374.72473145, 816.030517578, 272.258056641, 237.26524353, -31.0624275208, 114.524688721, 63.0010795593, 128.33821106, 115.414733887, 52.884349823, -58.1056480408], [868.477111816, 340.317443848, 816.030517578, 856.699157715, 321.419464111, 201.050216675, 16.5279369354, 102.091201782, 129.036056519, 138.397277832, 77.0506744385, 29.3722248077, 21.0289363861], [318.944641113, 282.449066162, 272.258056641, 321.419464111, 356.126708984, 145.457580566, 96.248298645, 107.454689026, 61.110458374, 69.8787689209, 23.0320110321, -0.282548040152, -0.910159707069], [513.107421875, 6.6804265976, 237.26524353, 201.050216675, 145.457580566, 259.830657959, 113.924049377, 100.370758057, 23.6125679016, 44.5708847046, 28.776556015, 14.9435377121, -14.1539840698], [118.093635559, 121.388549805, -31.0624275208, 16.5279369354, 96.248298645, 113.924049377, 254.799957275, 96.8196411133, 33.6257286072, 7.72329998016, 7.33950567245, -16.8239936829, -0.601295173168], [474.053314209, -8.74667453766, 114.524688721, 102.091201782, 107.454689026, 100.370758057, 96.8196411133, 206.869903564, 72.4669494629, 44.0065002441, -17.7977581024, -0.824718356133, -15.8624973297], [80.5114059448, 47.2082672119, 63.0010795593, 129.036056519, 61.110458374, 23.6125679016, 33.6257286072, 72.4669494629, 157.782791138, 60.366230011, 6.4774851799, 2.96690630913, 36.3442192078], [290.702941895, -6.03033685684, 128.33821106, 138.397277832, 69.8787689209, 44.5708847046, 7.72329998016, 44.0065002441, 60.366230011, 123.874732971, 37.742816925, 29.4172019958, 5.48343229294], [-33.2348060608, 140.673629761, 115.414733887, 77.0506744385, 23.0320110321, 28.776556015, 7.33950567245, -17.7977581024, 6.4774851799, 37.742816925, 134.754348755, 44.3574447632, 15.1417942047], [61.4774513245, -51.9622840881, 52.884349823, 29.3722248077, -0.282548040152, 14.9435377121, -16.8239936829, -0.824718356133, 2.96690630913, 29.4172019958, 44.3574447632, 99.6854858398, 29.0133895874], [-73.592666626, 1.45673596859, -58.1056480408, 21.0289363861, -0.910159707069, -14.1539840698, -0.601295173168, -15.8624973297, 36.3442192078, 5.48343229294, 15.1417942047, 29.0133895874, 103.387779236]],
        "icov": [[0.000463566102553, -0.000516978092492, 0.000669073313475, -0.000892780604772, 0.000948028929997, -0.00106999720447, 0.000619583879597, -0.00127238233108, 0.000977805117145, -0.00117303512525, 0.000886410591193, -0.000557825143915, 0.000310327828629], [-0.000516978092492, 0.00373937189579, -0.0027830300387, 0.0019598514773, -0.00397853599861, 0.00415361486375, -0.00294383312576, 0.00287124188617, -0.00211440213025, 0.00360881374218, -0.00430391123518, 0.00331488833763, -0.00117443257477], [0.000669073313475, -0.0027830300387, 0.00440693553537, -0.00396416848525, 0.00359667045996, -0.00393589492887, 0.00296654272825, -0.00335816806182, 0.00253805145621, -0.00285298423842, 0.00259057641961, -0.00308543699794, 0.00253895134665], [-0.000892780604772, 0.0019598514773, -0.00396416848525, 0.00634881807491, -0.00467070331797, 0.00221339147538, -0.00135675841011, 0.00368518684991, -0.00375978159718, 0.00190676201601, -0.00256944866851, 0.00268706073985, -0.00252015097067], [0.000948028929997, -0.00397853599861, 0.00359667045996, -0.00467070331797, 0.00997536256909, -0.00576131418347, 0.00228353054263, -0.00504673365504, 0.00349480239674, -0.00535813905299, 0.00489473016933, -0.00307540036738, 0.00144215580076], [-0.00106999720447, 0.00415361486375, -0.00393589492887, 0.00221339147538, -0.00576131418347, 0.0123484050855, -0.00602072943002, 0.00266818050295, -0.001771909534, 0.00444025173783, -0.00545212533325, 0.00288573047146, -0.00109217432328], [0.000619583879597, -0.00294383312576, 0.00296654272825, -0.00135675841011, 0.00228353054263, -0.00602072943002, 0.00885092187673, -0.00473026838154, 0.00144967285451, -0.00224180635996, 0.00214841682464, -0.00123590906151, 0.000588764960412], [-0.00127238233108, 0.00287124188617, -0.00335816806182, 0.00368518684991, -0.00504673365504, 0.00266818050295, -0.00473026838154, 0.0130166234449, -0.00670988950878, 0.00336967827752, -0.00147570378613, 0.00153859821148, 0.000671765417792], [0.000977805117145, -0.00211440213025, 0.00253805145621, -0.00375978159718, 0.00349480239674, -0.001771909534, 0.00144967285451, -0.00670988950878, 0.0135697945952, -0.00721669988707, 0.00302197155543, -0.000198680718313, -0.00309019978158], [-0.00117303512525, 0.00360881374218, -0.00285298423842, 0.00190676201601, -0.00535813905299, 0.00444025173783, -0.00224180635996, 0.00336967827752, -0.00721669988707, 0.0177121572196, -0.00700084958225, 0.000427141727414, 0.00069053581683], [0.000886410591193, -0.00430391123518, 0.00259057641961, -0.00256944866851, 0.00489473016933, -0.00545212533325, 0.00214841682464, -0.00147570378613, 0.00302197155543, -0.00700084958225, 0.0155614428222, -0.0074265585281, 0.000866940128617], [-0.000557825143915, 0.00331488833763, -0.00308543699794, 0.00268706073985, -0.00307540036738, 0.00288573047146, -0.00123590906151, 0.00153859821148, -0.000198680718313, 0.000427141727414, -0.0074265585281, 0.0171887725592, -0.00581629853696], [0.000310327828629, -0.00117443257477, 0.00253895134665, -0.00252015097067, 0.00144215580076, -0.00109217432328, 0.000588764960412, 0.000671765417792, -0.00309019978158, 0.00069053581683, 0.000866940128617, -0.00581629853696, 0.0143738845363]]
    },
    "melbands": {
        "dmean": [0.0012012218358, 0.00120967626572, 0.00032685638871, 0.000189346072148, 0.000225108320592, 0.000231767146033, 0.000140524265589, 0.000150879888679, 0.000208515717532, 0.000303231383441, 0.000263250985881, 0.000132156492327, 0.000113416346721, 9.99492840492e-05, 6.06038520345e-05, 5.22344817e-05, 6.48937057122e-05, 3.76693024009e-05, 3.79179364245e-05, 3.07442860503e-05, 1.97981826204e-05, 1.57398262672e-05, 1.01498771983e-05, 7.3618539318e-06, 6.50193032925e-06, 7.05653428668e-06, 6.7088585638e-06, 3.86516376238e-06, 2.8919291708e-06, 3.80196661354e-06, 3.91156436308e-06, 3.34076048603e-06, 2.5126894343e-06, 1.92942093236e-06, 1.84675423043e-06, 2.01644252229e-06, 1.91299500329e-06, 1.26820691548e-06, 8.92009552445e-07, 6.11026734987e-07],
        "dmean2": [0.00197135913186, 0.00198331708089, 0.000548260461073, 0.000316412508255, 0.000367960106814, 0.000380962068448, 0.00023064063862, 0.000238804481342, 0.000321213621646, 0.000473275431432, 0.000414080685005, 0.000210789512494, 0.000176265108166, 0.000153168599354, 9.51002220972e-05, 8.17989275674e-05, 0.000101663747046, 6.11832001596e-05, 5.92107389821e-05, 4.81606293761e-05, 3.0878927646e-05, 2.44814564212e-05, 1.65177516465e-05, 1.20862296171e-05, 1.05570661617e-05, 1.10503369797e-05, 1.03050924736e-05, 5.96293830313e-06, 4.45129853688e-06, 5.82322445553e-06, 5.81250151299e-06, 4.98572944707e-06, 3.75284230358e-06, 2.85154715129e-06, 2.74009926216e-06, 2.94087999464e-06, 2.85131773126e-06, 1.84050827556e-06, 1.29398972604e-06, 8.87445992248e-07],
        "dvar": [4.55122335552e-06, 1.11860317702e-05, 6.41798976631e-07, 2.34689053968e-07, 2.83861169237e-07, 2.36624245531e-07, 1.80758888746e-07, 2.40002776764e-07, 2.97736164612e-07, 4.51383243671e-07, 4.30152709896e-07, 1.13288272985e-07, 6.46493347745e-08, 6.31779926152e-08, 2.1049356036e-08, 1.92929974219e-08, 2.58487489191e-08, 5.7931845987e-09, 6.52551257474e-09, 5.28475618822e-09, 1.9126438211e-09, 8.86036799486e-10, 2.76048794934e-10, 1.49958420681e-10, 1.01891974025e-10, 1.15074290374e-10, 1.118506468e-10, 3.8963391541e-11, 1.98202461388e-11, 4.2577042586e-11, 5.37105082632e-11, 3.72520694847e-11, 2.25894476735e-11, 1.36059618433e-11, 1.52676430526e-11, 1.69460348531e-11, 1.54153721038e-11, 6.64441331816e-12, 3.19602178923e-12, 1.4553490791e-12],
        "dvar2": [1.2448189409e-05, 2.73817622656e-05, 1.68030680925e-06, 5.94050334257e-07, 7.02080683368e-07, 5.8341578324e-07, 4.46713983138e-07, 5.84791905567e-07, 6.81376604916e-07, 1.02343869912e-06, 1.01284808807e-06, 2.63715662641e-07, 1.47518491644e-07, 1.35307914206e-07, 4.76139057071e-08, 3.93742212168e-08, 6.01641829689e-08, 1.43214098358e-08, 1.44367362509e-08, 1.17541993916e-08, 4.25215151978e-09, 2.03301642188e-09, 6.7680921978e-10, 3.87665982648e-10, 2.5546850746e-10, 2.68799676961e-10, 2.53979809406e-10, 8.670542756e-11, 4.62394046663e-11, 9.82551748296e-11, 1.12678859299e-10, 7.69394409295e-11, 4.86608461858e-11, 2.75456237681e-11, 3.14996015383e-11, 3.29693911061e-11, 3.20176003765e-11, 1.44143924227e-11, 6.80921725255e-12, 3.06370185298e-12],
        "max": [0.0262921564281, 0.0391388088465, 0.0136767448857, 0.0127324052155, 0.0103776184842, 0.00671567488462, 0.0136836357415, 0.0125003028661, 0.0107709243894, 0.0134458895773, 0.0196635369211, 0.0063937115483, 0.00401955051348, 0.0063709965907, 0.00276531255804, 0.00470802141353, 0.00401541125029, 0.00177855836228, 0.00207396247424, 0.00178868183866, 0.00113873602822, 0.000710126711056, 0.000354651361704, 0.00019689972396, 0.000166551573784, 0.00019368242647, 0.000196455031983, 0.000117907045933, 7.44523204048e-05, 0.000116422015708, 0.000195461834664, 0.000156932539539, 0.000138654140756, 5.45845687157e-05, 7.75777807576e-05, 7.77733730501e-05, 6.53996903566e-05, 5.18776869285e-05, 3.4956017771e-05, 2.38002103288e-05],
        "mean": [0.00173143297434, 0.0014431711752, 0.000384716113331, 0.000274027494015, 0.000318385253195, 0.000323921995005, 0.000182771545951, 0.000224324234296, 0.000314425473334, 0.000556188053451, 0.000446947553428, 0.000222073766054, 0.000190449907677, 0.00016923971998, 9.21474929783e-05, 8.18299813545e-05, 0.000100679048046, 5.98454680585e-05, 6.0872258473e-05, 5.01644608448e-05, 3.26552180923e-05, 2.74289759545e-05, 1.74989272637e-05, 1.21944649436e-05, 1.12374009404e-05, 1.3091227629e-05, 1.2637369764e-05, 7.68743939261e-06, 5.68360746911e-06, 6.94920390742e-06, 7.29843895897e-06, 6.41052656647e-06, 4.77925095765e-06, 3.51199719262e-06, 3.25891801367e-06, 3.46398883266e-06, 3.26272788698e-06, 2.25602229875e-06, 1.57541899171e-06, 1.06769232389e-06],
        "median": [0.000745695782825, 0.00050343334442, 0.000154023349751, 0.000126454237034, 0.000136727830977, 0.000114600799861, 6.16934994468e-05, 4.61500749225e-05, 7.07602594048e-05, 0.000115057438961, 9.72975758486e-05, 4.41870652139e-05, 5.18412416568e-05, 4.62387615698e-05, 3.36243429047e-05, 2.90394309559e-05, 3.58562610927e-05, 2.70695054496e-05, 2.44103903242e-05, 2.15570507862e-05, 1.61447987921e-05, 1.44479636219e-05, 9.51037418417e-06, 6.88088266543e-06, 6.21324261374e-06, 7.28175336917e-06, 6.88536920279e-06, 4.17286264565e-06, 3.33003117703e-06, 3.60817853107e-06, 3.47836589754e-06, 2.95619361168e-06, 2.15241152546e-06, 1.62470837495e-06, 1.36173559895e-06, 1.25458518596e-06, 1.1775053963e-06, 8.99751967154e-07, 6.04326316989e-07, 3.85288615234e-07],
        "min": [2.64632423114e-24, 4.31119742224e-24, 8.28789178825e-24, 4.6106754487e-24, 4.63039105487e-24, 4.93034555332e-24, 5.27821506872e-24, 7.31971885497e-24, 1.25281288055e-23, 1.19764539198e-23, 1.89441238743e-23, 5.81441920879e-24, 4.9177738715e-24, 7.41433325422e-24, 8.51975772982e-24, 6.95771137442e-24, 8.25577568308e-24, 7.9933137713e-24, 5.47788641346e-24, 6.20239875135e-24, 9.35050241594e-24, 6.51756879894e-24, 9.07915398607e-24, 9.13550310939e-24, 1.14082318877e-23, 1.13361505114e-23, 9.78494941569e-24, 1.02359609167e-23, 1.10819069525e-23, 9.63574820838e-24, 1.10045054982e-23, 9.06659137615e-24, 7.06704591816e-24, 9.41496339595e-24, 1.0539531948e-23, 9.37712094946e-24, 9.43179137678e-24, 7.59897403769e-24, 9.25526954974e-24, 6.99763956914e-24],
        "var": [6.52848393656e-06, 1.12587604235e-05, 5.79332152029e-07, 2.92182704698e-07, 3.86795903751e-07, 3.48838796072e-07, 2.10879917972e-07, 4.65800610527e-07, 5.96689289978e-07, 1.32917739393e-06, 1.08189419734e-06, 2.78056916159e-07, 1.47789521066e-07, 1.51176863028e-07, 3.58857867866e-08, 3.70899506663e-08, 4.9653110068e-08, 9.33979205087e-09, 1.22614860487e-08, 9.90543824742e-09, 3.3204901051e-09, 1.78294068398e-09, 5.1717657934e-10, 2.34902625129e-10, 1.89738932899e-10, 2.6540136755e-10, 2.64327171262e-10, 1.00551234006e-10, 4.78579502416e-11, 9.11278205673e-11, 1.22387266988e-10, 9.11623554423e-11, 5.35353150699e-11, 2.83203495377e-11, 2.99809482796e-11, 3.68116058469e-11, 3.39482088274e-11, 1.41569542547e-11, 7.21138253279e-12, 3.27116589025e-12]
    },
    "mfcc": {
        "mean": [-622.696472168, 95.8936004639, -10.8586778641, 3.76943922043, -5.56140041351, 7.33628988266, -1.3031154871, 4.94005727768, 3.33996367455, 4.35012769699, -2.30995607376, -1.10758161545, -2.76333260536],
        "cov": [[4319.55664062, -471.685577393, 372.817260742, 430.206756592, 389.647125244, 226.231170654, 288.23449707, 219.298202515, 272.798675537, 297.223175049, 196.312011719, 119.227737427, 106.64214325], [-471.685577393, 917.401550293, 203.613174438, 206.980865479, 114.776229858, 34.8272399902, 129.291290283, 34.9812889099, -40.1659164429, 0.98429697752, 72.4450683594, 19.3797607422, 13.9233293533], [372.817260742, 203.613174438, 1180.03771973, 552.025085449, 437.125701904, 215.710250854, 114.262565613, 54.1706542969, -19.0635795593, 47.9004135132, 90.0878753662, 123.944068909, 100.288345337], [430.206756592, 206.980865479, 552.025085449, 621.478820801, 373.548797607, 198.514343262, 91.3332977295, 38.892162323, 78.2843780518, 98.946937561, 70.5655212402, 87.5492172241, 82.9774703979], [389.647125244, 114.776229858, 437.125701904, 373.548797607, 424.166351318, 154.539428711, 83.6521530151, 45.8632240295, 55.6939353943, 75.4351043701, 65.3069076538, 74.3221206665, 60.7060585022], [226.231170654, 34.8272399902, 215.710250854, 198.514343262, 154.539428711, 218.283432007, 102.260520935, 47.145652771, 44.116985321, 56.762752533, 38.1955947876, 41.9798126221, 28.5718460083], [288.23449707, 129.291290283, 114.262565613, 91.3332977295, 83.6521530151, 102.260520935, 231.667480469, 106.974624634, 29.2835903168, 57.5965919495, 73.0141983032, 22.693151474, 12.8327703476], [219.298202515, 34.9812889099, 54.1706542969, 38.892162323, 45.8632240295, 47.145652771, 106.974624634, 162.498214722, 70.3216247559, 58.8203659058, 55.5022964478, 19.0086326599, 9.63797855377], [272.798675537, -40.1659164429, -19.0635795593, 78.2843780518, 55.6939353943, 44.116985321, 29.2835903168, 70.3216247559, 174.147094727, 97.1789093018, 28.4780368805, 10.1955385208, 17.1419773102], [297.223175049, 0.98429697752, 47.9004135132, 98.946937561, 75.4351043701, 56.762752533, 57.5965919495, 58.8203659058, 97.1789093018, 143.057479858, 61.6010742188, 17.8003177643, 17.8139419556], [196.312011719, 72.4450683594, 90.0878753662, 70.5655212402, 65.3069076538, 38.1955947876, 73.0141983032, 55.5022964478, 28.4780368805, 61.6010742188, 121.490653992, 41.4659614563, 16.9050216675], [119.227737427, 19.3797607422, 123.944068909, 87.5492172241, 74.3221206665, 41.9798126221, 22.693151474, 19.0086326599, 10.1955385208, 17.8003177643, 41.4659614563, 103.16493988, 50.5682830811], [106.64214325, 13.9233293533, 100.288345337, 82.9774703979, 60.7060585022, 28.5718460083, 12.8327703476, 9.63797855377, 17.1419773102, 17.8139419556, 16.9050216675, 50.5682830811, 102.363830566]],
