{
"lowlevel": {
    "average_loudness": 0.865054368973,
    "barkbands_crest": {
        "dmean": 2.60816574097,
        "dmean2": 4.17851829529,
        "dvar": 6.49887800217,
        "dvar2": 15.1562995911,
        "max": 26.0105934143,
        "mean": 9.21957969666,
        "median": 8.09069824219,
        "min": 2.29521894455,
        "var": 19.7010612488
    },
    "barkbands_flatness_db": {
        "dmean": 0.0176915731281,
        "dmean2": 0.0276932287961,
        "dvar": 0.000286578579107,
        "dvar2": 0.000659422716126,
        "max": 0.360821247101,
        "mean": 0.13208065927,
        "median": 0.118044167757,
        "min": 0.0292298365384,
        "var": 0.00305217108689
    },
    "barkbands_kurtosis": {
        "dmean": 1.64813745022,
        "dmean2": 2.57193684578,
        "dvar": 10.7254114151,
        "dvar2": 22.9056110382,
        "max": 154.158996582,
        "mean": 2.42344069481,
        "median": 0.484071493149,
        "min": -1.8702069521,
        "var": 49.830406189
    },
    "barkbands_skewness": {
        "dmean": 0.421911090612,
        "dmean2": 0.63542586565,
        "dvar": 0.190307036042,
        "dvar2": 0.398821890354,
        "max": 10.6059761047,
        "mean": 0.956234574318,
        "median": 0.779509425163,
        "min": -7.14566421509,
        "var": 1.14139330387
    },
    "barkbands_spread": {
        "dmean": 5.32055139542,
        "dmean2": 8.21297073364,
        "dvar": 37.9519577026,
        "dvar2": 83.6386032104,
        "max": 93.2035293579,
        "mean": 25.2233467102,
        "median": 24.2163124084,
        "min": 0.578036427498,
        "var": 207.722915649
    },
    "dissonance": {
        "dmean": 0.0190957356244,
        "dmean2": 0.0325532332063,
        "dvar": 0.000422491779318,
        "dvar2": 0.00119473424274,
        "max": 0.500000059605,
        "mean": 0.463152766228,
        "median": 0.474567890167,
        "min": 0.250477463007,
        "var": 0.0013801867608
    },
    "dynamic_complexity": 4.22249031067,
    "erbbands_crest": {
        "dmean": 2.57283473015,
        "dmean2": 4.18360233307,
        "dvar": 5.88388776779,
        "dvar2": 14.9933815002,
        "max": 31.6252727509,
        "mean": 9.68273067474,
        "median": 8.3178358078,
        "min": 2.27385687828,
        "var": 24.1143379211
    },
    "erbbands_flatness_db": {
        "dmean": 0.0148621154949,
        "dmean2": 0.0220773145556,
        "dvar": 0.00017945280706,
        "dvar2": 0.00038945209235,
        "max": 0.45203730464,
        "mean": 0.172134682536,
        "median": 0.162179499865,
        "min": 0.0400627963245,
        "var": 0.00325227132998
    },
    "erbbands_kurtosis": {
        "dmean": 1.02704179287,
        "dmean2": 1.62060666084,
        "dvar": 3.24894571304,
        "dvar2": 7.3303155899,
        "max": 97.3851089478,
        "mean": 1.51118147373,
        "median": 0.415892720222,
        "min": -1.70180976391,
        "var": 21.1400604248
    },
    "erbbands_skewness": {
        "dmean": 0.320734024048,
        "dmean2": 0.492919743061,
        "dvar": 0.0897706449032,
        "dvar2": 0.197661831975,
        "max": 5.96478271484,
        "mean": 0.502916634083,
        "median": 0.455202460289,
        "min": -4.51849746704,
        "var": 0.721403479576
    },
    "erbbands_spread": {
        "dmean": 6.05091667175,
        "dmean2": 9.20259571075,
        "dvar": 44.4843864441,
        "dvar2": 96.7637176514,
        "max": 129.020874023,
        "mean": 31.715549469,
        "median": 28.3940029144,
        "min": 0.618948638439,
        "var": 295.883483887
    },
    "hfc": {
        "dmean": 6.48551559448,
        "dmean2": 9.28948688507,
        "dvar": 87.7615966797,
        "dvar2": 179.167221069,
        "max": 153.405075073,
        "mean": 26.0773429871,
        "median": 20.0928230286,
        "min": 1.21305163328e-16,
        "var": 534.567565918
    },
    "melbands_crest": {
        "dmean": 3.25757789612,
        "dmean2": 5.13445520401,
        "dvar": 9.14629936218,
        "dvar2": 21.0501441956,
        "max": 34.8675193787,
        "mean": 12.7383031845,
        "median": 11.5746803284,
        "min": 2.04826211929,
        "var": 31.5247802734
    },
    "melbands_flatness_db": {
        "dmean": 0.0218318980187,
        "dmean2": 0.0330982245505,
        "dvar": 0.000492473191116,
        "dvar2": 0.00108388473745,
        "max": 0.459256976843,
        "mean": 0.162132054567,
        "median": 0.142011806369,
        "min": 0.00453102402389,
        "var": 0.00541172688827
    },
    "melbands_kurtosis": {
        "dmean": 3.89037752151,
        "dmean2": 6.07745981216,
        "dvar": 70.8616867065,
        "dvar2": 155.065505981,
        "max": 291.856903076,
        "mean": 6.89000892639,
        "median": 3.27964258194,
        "min": -1.84000408649,
        "var": 146.112579346
    },
    "melbands_skewness": {
        "dmean": 0.566670119762,
        "dmean2": 0.869250059128,
        "dvar": 0.41802251339,
        "dvar2": 0.91667342186,
        "max": 14.3541584015,
        "mean": 1.72998225689,
        "median": 1.50060176849,
        "min": -4.73474264145,
        "var": 1.82794690132
    },
    "melbands_spread": {
        "dmean": 7.63440036774,
        "dmean2": 11.6152210236,
        "dvar": 97.0214157104,
        "dvar2": 184.54838562,
        "max": 244.552230835,
        "mean": 31.4477386475,
        "median": 29.1930484772,
        "min": 0.897508442402,
        "var": 435.171203613
    },
    "pitch_salience": {
        "dmean": 0.066920787096,
        "dmean2": 0.107726410031,
        "dvar": 0.00404416956007,
        "dvar2": 0.00979567691684,
        "max": 0.943987607956,
        "mean": 0.567213475704,
        "median": 0.575040698051,
        "min": 0.100548185408,
        "var": 0.0145456464961
    },
    "silence_rate_20dB": {
        "dmean": 0,
        "dmean2": 0,
        "dvar": 0,
        "dvar2": 0,
        "max": 1,
        "mean": 1,
        "median": 1,
        "min": 1,
        "var": 0
    },
    "silence_rate_30dB": {
        "dmean": 0.00283185834996,
        "dmean2": 0.00566438538954,
        "dvar": 0.00282374187373,
        "dvar2": 0.00822835322469,
        "max": 1,
        "mean": 0.998466253281,
        "median": 1,
        "min": 0,
        "var": 0.00153136567678
    },
    "silence_rate_60dB": {
        "dmean": 0.0146312685683,
        "dmean2": 0.0292659904808,
        "dvar": 0.0144168091938,
        "dvar2": 0.033600077033,
        "max": 1,
        "mean": 0.118098162115,
        "median": 0,
        "min": 0,
        "var": 0.104177229106
    },
    "spectral_centroid": {
        "dmean": 209.524215698,
        "dmean2": 313.770812988,
        "dvar": 56791.640625,
        "dvar2": 110382.71875,
        "max": 11111.8164062,
        "mean": 1582.72473145,
        "median": 1616.73999023,
        "min": 223.571884155,
        "var": 432937.625
    },
    "spectral_complexity": {
        "dmean": 3.18513274193,
        "dmean2": 4.87420368195,
        "dvar": 11.4348840714,
        "dvar2": 23.1032657623,
        "max": 56,
        "mean": 20.3142986298,
        "median": 20,
        "min": 0,
        "var": 133.841445923
    },
    "spectral_decrease": {
        "dmean": 1.81990589265e-09,
        "dmean2": 2.59937404934e-09,
        "dvar": 7.79177832681e-18,
        "dvar2": 1.49667826648e-17,
        "max": 7.48431543087e-29,
        "mean": -5.52198597958e-09,
        "median": -4.24848112246e-09,
        "min": -3.37196119915e-08,
        "var": 2.55182439646e-17
    },
    "spectral_energy": {
        "dmean": 0.00727356318384,
        "dmean2": 0.0102717606351,
        "dvar": 0.000116895629617,
        "dvar2": 0.000221706417506,
        "max": 0.134941026568,
        "mean": 0.0232065841556,
        "median": 0.0181548893452,
        "min": 1.07202566997e-20,
        "var": 0.000427377119195
    },
    "spectral_energyband_high": {
        "dmean": 0.000432016589912,
        "dmean2": 0.000594823854044,
        "dvar": 5.33652553258e-07,
        "dvar2": 1.04183300209e-06,
        "max": 0.0122038507834,
        "mean": 0.00129521766212,
        "median": 0.000829962606076,
        "min": 7.95686680082e-21,
        "var": 2.19133494284e-06
    },
    "spectral_energyband_low": {
        "dmean": 0.0042889979668,
        "dmean2": 0.00640547042713,
        "dvar": 0.000103186444903,
        "dvar2": 0.000212380342418,
        "max": 0.0944372341037,
        "mean": 0.0063406387344,
        "median": 0.00235235411674,
        "min": 7.20891829212e-23,
        "var": 0.000156558657181
    },
    "spectral_energyband_middle_high": {
        "dmean": 0.00265470566228,
        "dmean2": 0.00408232631162,
        "dvar": 1.90805021703e-05,
        "dvar2": 4.776102287e-05,
        "max": 0.0940867811441,
        "mean": 0.00867677479982,
        "median": 0.00530734099448,
        "min": 1.37338729748e-21,
        "var": 9.76516021183e-05
    },
    "spectral_energyband_middle_low": {
        "dmean": 0.00290293293074,
        "dmean2": 0.00465143471956,
        "dvar": 1.74416200025e-05,
        "dvar2": 4.40213516413e-05,
        "max": 0.0733955129981,
        "mean": 0.00747657427564,
        "median": 0.00588990096003,
        "min": 2.94697709237e-22,
        "var": 4.64158365503e-05
    },
    "spectral_entropy": {
        "dmean": 0.121270827949,
        "dmean2": 0.173410356045,
        "dvar": 0.01398345083,
        "dvar2": 0.0258681681007,
        "max": 9.80843544006,
        "mean": 7.69505977631,
        "median": 7.84108352661,
        "min": 5.07286024094,
        "var": 0.314295470715
    },
    "spectral_flux": {
        "dmean": 0.0190194509923,
        "dmean2": 0.0286083333194,
        "dvar": 0.000489000405651,
        "dvar2": 0.00109498074744,
        "max": 0.294308185577,
        "mean": 0.0801398903131,
        "median": 0.0756819024682,
        "min": 6.74928932187e-11,
        "var": 0.00233037024736
    },
    "spectral_kurtosis": {
        "dmean": 1.35485422611,
        "dmean2": 2.2199652195,
        "dvar": 6.91582298279,
        "dvar2": 19.8321990967,
        "max": 76.2949066162,
        "mean": 4.50906658173,
        "median": 2.91547751427,
        "min": -1.20105671883,
        "var": 41.2304801941
    },
    "spectral_rms": {
        "dmean": 0.000645146181341,
        "dmean2": 0.000901671941392,
        "dvar": 5.4050815379e-07,
        "dvar2": 9.71144800133e-07,
        "max": 0.0114738736302,
        "mean": 0.00426915008575,
        "median": 0.0042085731402,
        "min": 3.23400486078e-12,
        "var": 4.41482006863e-06
    },
    "spectral_rolloff": {
        "dmean": 489.029541016,
        "dmean2": 794.248352051,
        "dvar": 725184.25,
        "dvar2": 1418760.625,
        "max": 18798.4863281,
        "mean": 1961.00354004,
        "median": 1636.5234375,
        "min": 64.599609375,
        "var": 2335476.25
    },
    "spectral_skewness": {
        "dmean": 0.172949045897,
        "dmean2": 0.270259976387,
        "dvar": 0.0405961982906,
        "dvar2": 0.107006959617,
        "max": 6.69429254532,
        "mean": 1.56644511223,
        "median": 1.43430674076,
        "min": -0.23321120441,
        "var": 0.520012795925
    },
    "spectral_spread": {
        "dmean": 442672.40625,
        "dmean2": 620116.875,
        "dvar": 354398732288,
        "dvar2": 643892903936,
        "max": 41026812,
        "mean": 4838825.5,
        "median": 4717687,
        "min": 969813.8125,
        "var": 2.5376915456e+12
    },
    "spectral_strongpeak": {
        "dmean": 0.732153356075,
        "dmean2": 1.24462223053,
        "dvar": 1.25138401985,
        "dvar2": 3.25566601753,
        "max": 11.5238208771,
        "mean": 1.22194874287,
        "median": 0.547405660152,
        "min": 0,
        "var": 2.2431230545
    },
    "zerocrossingrate": {
        "dmean": 0.0105815008283,
        "dmean2": 0.0123527552933,
        "dvar": 0.000174969114596,
        "dvar2": 0.00018318311777,
        "max": 0.58447265625,
        "mean": 0.0781187787652,
        "median": 0.076171875,
        "min": 0.00537109375,
        "var": 0.00155365862884
    },
    "barkbands": {
        "dmean": [0.000145810845424, 0.00380838988349, 0.00069417967461, 0.000467617646791, 0.000906734261662, 0.000584441993851, 0.000508413300849, 0.000841763510834, 0.000904305081349, 0.000742786796764, 0.000867006194312, 0.000832812977023, 0.000600809929892, 0.00086644286057, 0.000350534333847, 0.000289323012112, 0.00029836568865, 0.000226320335059, 0.000113138499728, 0.000137452894705, 0.000114578353532, 0.000105209095636, 9.64951614151e-05, 9.08421789063e-05, 7.53841450205e-05, 2.56604180322e-05, 3.82261866605e-08],
        "dmean2": [0.000230885241763, 0.00569489737973, 0.00121120316908, 0.000789018347859, 0.00147915771231, 0.000939920253586, 0.000810818979517, 0.00134181929752, 0.00151267251931, 0.00118615827523, 0.00141004705802, 0.00136186461896, 0.000973936344963, 0.00138616294134, 0.000562711327802, 0.000467791542178, 0.000466390803922, 0.000352668983396, 0.000178347690962, 0.000212825907511, 0.000172363594174, 0.000160431474796, 0.000138061121106, 0.00013160634262, 0.000108062937215, 3.87948712159e-05, 6.92139749958e-08],
        "dvar": [1.07976077857e-07, 9.4914707006e-05, 2.51205960922e-06, 8.30153567222e-07, 3.20643175655e-06, 9.81675839284e-07, 2.20572519538e-06, 4.70352733828e-06, 4.47814181825e-06, 3.17864237331e-06, 5.04125273437e-06, 6.15669887338e-06, 1.74279682597e-06, 3.34956803272e-06, 4.38113545442e-07, 3.87674020885e-07, 3.2088161106e-07, 2.42645626258e-07, 5.27176453602e-08, 8.97658694043e-08, 4.78586166253e-08, 3.31144249799e-08, 3.54153435467e-08, 2.88021944073e-08, 2.92756539011e-08, 4.91221596732e-09, 4.77595827469e-13],
        "dvar2": [2.54889698681e-07, 0.000195892484044, 7.02787383489e-06, 2.26536212722e-06, 8.3390632426e-06, 2.44127613769e-06, 5.29732778887e-06, 1.17640192911e-05, 1.1957163224e-05, 7.56534200264e-06, 1.33080447995e-05, 1.64174543897e-05, 4.45267232863e-06, 8.79604795045e-06, 1.00007866877e-06, 9.4380243354e-07, 7.20878290394e-07, 5.50062395632e-07, 1.21419645893e-07, 2.18814207642e-07, 1.03862468848e-07, 7.56227009902e-08, 6.65253594434e-08, 5.67252271821e-08, 6.54343779161e-08, 1.20286385297e-08, 1.33878541933e-12],
        "max": [0.0046404725872, 0.0931322351098, 0.03447458148, 0.0179375261068, 0.0511085689068, 0.0161961596459, 0.0524167865515, 0.0457897149026, 0.0314048975706, 0.0868793725967, 0.0672793835402, 0.071903847158, 0.0289675239474, 0.0529114753008, 0.017051326111, 0.0216337144375, 0.0109292408451, 0.0125438384712, 0.00828398577869, 0.00940881483257, 0.00532697280869, 0.0033278928604, 0.00442217802629, 0.00375542533584, 0.00363693293184, 0.00121846981347, 2.90518783004e-05],
        "mean": [0.000213317864109, 0.00496012810618, 0.000888356822543, 0.000651277136058, 0.0015277180355, 0.00104132457636, 0.000923882354982, 0.00138678506482, 0.00139428453986, 0.00120817671996, 0.00134434306528, 0.0012917262502, 0.00105414364953, 0.00147426768672, 0.000635448552202, 0.00052389036864, 0.000569808238652, 0.000434388348367, 0.000242120091571, 0.000301623775158, 0.000268819509074, 0.000254612939898, 0.000228145057918, 0.000219456109335, 0.00013102212688, 3.74574847228e-05, 2.39211424002e-08],
        "median": [2.19300145545e-05, 0.00120792118832, 0.000298072234727, 0.000219242021558, 0.000726020429283, 0.000486290780827, 0.000278202467598, 0.0004564045812, 0.000426318641985, 0.000388616754208, 0.000362812716048, 0.000309971597744, 0.000292733078822, 0.00048425476416, 0.000289062183583, 0.000204182550078, 0.000251100747846, 0.000175473600393, 0.000107125102659, 0.000123806617921, 0.000141475698911, 0.000146861304529, 0.000113502341264, 0.000114048511023, 5.16353466082e-05, 1.11178160296e-05, 4.70376071426e-10],
        "min": [2.95004494876e-24, 3.34608479595e-23, 1.19418426476e-23, 4.44720524645e-23, 3.46751888826e-23, 2.4641723827e-23, 2.40039708059e-23, 6.20632719977e-23, 2.89934119018e-23, 3.05278441812e-23, 1.89520582372e-23, 4.66915662639e-23, 4.87746702355e-23, 1.28215860089e-22, 8.03573981519e-23, 1.14883770002e-22, 9.54745542488e-23, 1.57561384789e-22, 2.40209635009e-22, 2.2391477269e-22, 3.72145371852e-22, 4.78387164327e-22, 5.26659393274e-22, 8.10905440202e-22, 1.06841776098e-21, 1.49732565082e-21, 2.77718802276e-21],
        "var": [2.07386150919e-07, 0.000131678563775, 2.63555216407e-06, 1.23807126329e-06, 5.71388727622e-06, 2.25659732678e-06, 6.77194748278e-06, 9.01558905753e-06, 7.63209573051e-06, 7.06885111867e-06, 8.68284405442e-06, 1.02208405224e-05, 4.13863108406e-06, 6.75537557981e-06, 1.02857325146e-06, 8.71726626883e-07, 7.98099449639e-07, 6.68293068884e-07, 2.20487407887e-07, 3.003725908e-07, 1.60721555176e-07, 9.40292892437e-08, 1.16352282475e-07, 9.58970929332e-08, 5.29481631872e-08, 6.26475982202e-09, 2.88521512454e-13]
    },
    "erbbands": {
        "dmean": [0.118799671531, 0.866233825684, 0.98229187727, 1.07249414921, 2.22245192528, 3.34276175499, 3.95291996002, 5.3088388443, 6.62600564957, 12.041267395, 17.5399208069, 19.7940864563, 25.2929000854, 21.9418621063, 37.0071144104, 25.0826721191, 23.7520713806, 44.7753486633, 20.9256973267, 14.9455156326, 14.2569847107, 15.2927827835, 14.0830106735, 6.35103178024, 5.55306577682, 5.99694919586, 5.17597293854, 4.25774431229, 3.92624020576, 2.96890473366, 2.85240292549, 2.26705765724, 1.41257047653, 0.94962567091, 0.472558528185, 0.170538678765, 0.0379195548594, 0.00224603782408, 5.37754895049e-05, 1.06546185634e-05],
        "dmean2": [0.169363945723, 1.34650540352, 1.68521976471, 1.79796147346, 3.74647569656, 5.45954418182, 6.41014385223, 8.596616745, 10.589884758, 19.1639556885, 27.9425582886, 32.9754867554, 41.0829124451, 35.4944725037, 60.9240264893, 40.5337715149, 38.5292053223, 71.5425033569, 33.5420303345, 23.5269393921, 22.3991241455, 23.7276191711, 21.8801822662, 9.96842002869, 8.64001369476, 9.24887084961, 7.85717916489, 6.38445234299, 5.99646949768, 4.38046693802, 4.10266399384, 3.26101565361, 2.06963062286, 1.3751847744, 0.683985888958, 0.249928325415, 0.0602436922491, 0.00391868548468, 8.70659132488e-05, 1.45721332956e-05],
        "dvar": [0.0952407121658, 5.15454483032, 5.48696279526, 4.22044086456, 21.6916599274, 53.7857055664, 77.3929901123, 96.5052947998, 331.024261475, 946.546508789, 1805.60400391, 2280.29321289, 3764.66845703, 3090.0847168, 11127.6328125, 4074.57177734, 2476.31005859, 8422.79296875, 1543.38146973, 882.641418457, 834.506713867, 845.567504883, 1023.86737061, 140.882995605, 172.723342896, 161.492721558, 116.769645691, 54.5010566711, 46.7807998657, 28.5202960968, 32.3420181274, 18.9477272034, 7.38749837875, 4.33367776871, 1.21916925907, 0.178226843476, 0.0146264284849, 0.000231676385738, 7.66893322179e-08, 3.03790576028e-10],
        "dvar2": [0.175787344575, 11.7301054001, 15.013874054, 11.3527402878, 57.4944190979, 140.137985229, 201.7240448, 243.19833374, 829.696655273, 2277.29638672, 4391.47558594, 6124.24804688, 9140.90429688, 8044.35400391, 30788.234375, 10253.8896484, 6281.20214844, 22393.6914062, 3756.64086914, 2008.9987793, 1885.74755859, 1870.80834961, 2322.64916992, 316.844970703, 433.421691895, 372.981079102, 248.873016357, 123.51083374, 107.604133606, 59.8791465759, 62.7441673279, 37.0538406372, 15.3582305908, 9.67215251923, 2.70421075821, 0.419039726257, 0.0371416248381, 0.000652957591228, 2.1165783437e-07, 5.75211211995e-10],
        "max": [3.37410974503, 20.3508415222, 41.1798210144, 35.8080673218, 81.810546875, 304.076507568, 219.014694214, 187.680679321, 548.179870605, 742.057189941, 938.488647461, 706.739379883, 3180.27026367, 1438.10803223, 2580.61425781, 1537.78369141, 852.580200195, 2461.49169922, 1495.69799805, 1054.65612793, 805.713623047, 723.409851074, 867.37713623, 307.939331055, 532.404724121, 416.304290771, 366.594146729, 165.388397217, 124.211418152, 117.820823669, 130.685791016, 105.493492126, 59.6242599487, 49.6045608521, 19.4358539581, 7.40452194214, 1.89042019844, 0.328072249889, 0.00575569039211, 0.000274170102784],
        "mean": [0.165289029479, 1.005428195, 1.242233634, 1.63176202774, 3.25107336044, 5.3816318512, 6.57413816452, 9.40878486633, 12.5007038116, 21.4352779388, 29.9513072968, 31.2149848938, 41.6629562378, 40.1771888733, 61.9323768616, 44.7764854431, 46.727848053, 81.686668396, 42.4691925049, 30.4870357513, 29.2446784973, 31.1600666046, 28.3015880585, 13.7714996338, 12.9991884232, 13.558257103, 11.6809568405, 10.3251848221, 9.35893058777, 7.1484708786, 6.58851623535, 5.32319688797, 3.21100950241, 1.74097526073, 0.778545260429, 0.27167481184, 0.0480327904224, 0.00192394631449, 7.32564876671e-05, 3.50604277628e-05],
        "median": [0.0269314851612, 0.24019318819, 0.44658473134, 0.700085639954, 1.43373537064, 2.10700035095, 2.84013795853, 3.86306762695, 4.41608715057, 7.49482440948, 10.1811819077, 10.9573802948, 14.5942115784, 12.9065418243, 14.6408281326, 14.2624473572, 15.9063653946, 28.9065551758, 22.1555709839, 15.535697937, 13.6968650818, 15.329990387, 12.2680511475, 6.7701215744, 5.35064172745, 5.68776798248, 5.78185272217, 5.8126115799, 5.33634567261, 4.14877891541, 3.12332057953, 2.56657409668, 1.62175440788, 0.745340764523, 0.28421458602, 0.085630685091, 0.0128295011818, 0.00030799000524, 3.08654525725e-05, 2.71631797659e-05],
        "min": [5.81410126629e-22, 8.23888045974e-21, 1.91174235011e-20, 9.4584367808e-20, 9.38580321443e-20, 1.40039661452e-19, 1.87032244416e-19, 1.37282048085e-19, 2.97055317972e-19, 1.56462422616e-18, 1.19357385423e-18, 6.06167775649e-19, 1.13524128423e-18, 9.0351325307e-19, 1.19206373263e-18, 1.76990677615e-18, 2.03931929486e-18, 3.51396457175e-18, 6.60588670573e-18, 6.56916609038e-18, 7.36422686616e-18, 5.86199325469e-18, 7.76176986855e-18, 1.02665257029e-17, 8.84431106237e-18, 1.11136455041e-17, 1.72238640801e-17, 1.34286932553e-17, 1.76646041085e-17, 8.94862598224e-18, 1.88666944075e-17, 1.5668240096e-17, 1.42884730558e-17, 1.10017833884e-17, 7.81520821767e-18, 6.447081263e-18, 2.58853144604e-18, 1.2185006318e-18, 3.95806440095e-19, 3.84030199293e-20],
        "var": [0.159170493484, 5.82497215271, 5.43633031845, 6.16941928864, 30.5937004089, 97.2870635986, 135.354171753, 219.554946899, 904.718200684, 2270.43847656, 3762.76757812, 3624.98339844, 8172.96533203, 7463.52099609, 21921.2285156, 8222.80761719, 6389.08154297, 18439.7539062, 3360.37426758, 2205.69970703, 2312.23632812, 2164.27294922, 2839.76855469, 451.725799561, 964.545043945, 510.330291748, 340.184661865, 202.595703125, 133.273986816, 85.9147796631, 101.479652405, 61.6816711426, 22.076171875, 8.46862792969, 2.08472752571, 0.271252691746, 0.0148772494867, 0.000142848439282, 5.44876428421e-08, 1.05661779326e-09]
    },
    "gfcc": {
        "mean": [-12.2736883163, 75.8194122314, -138.739730835, 26.5278682709, -72.3537979126, 29.350025177, -44.1717834473, 12.3145027161, -21.4581623077, 4.72906446457, -14.978937149, -1.15529119968, -7.58502817154],
        "cov": [[12537.1875, -1912.25439453, 180.860641479, 1341.4185791, 142.1068573, 1038.66027832, -3.63552737236, 551.361450195, -335.141174316, 412.348754883, -430.493103027, 326.74810791, -127.534614563], [-1912.25439453, 1686.18408203, 719.631835938, 66.1256027222, 278.029602051, -196.948638916, 100.006126404, -108.372238159, 162.989273071, -85.2157669067, 229.97744751, -74.838470459, 76.9224472046], [180.860641479, 719.631835938, 1304.94628906, 479.667724609, 174.83140564, 71.7637405396, -34.2751426697, 35.7150497437, 44.112323761, 60.2188072205, 48.5673446655, 60.2377853394, -0.969124019146], [1341.4185791, 66.1256027222, 479.667724609, 602.492919922, 180.715393066, 181.334030151, 21.8190078735, 73.8096389771, 49.3989715576, 87.0294113159, -17.2000312805, 27.5628681183, 21.1997852325], [142.1068573, 278.029602051, 174.83140564, 180.715393066, 317.662200928, 105.476554871, 108.321060181, 53.9481964111, 24.8451652527, 46.0736312866, 35.936416626, 14.7220048904, 4.16661405563], [1038.66027832, -196.948638916, 71.7637405396, 181.334030151, 105.476554871, 300.7003479, 113.688316345, 76.9534912109, -24.7057437897, 59.9703407288, -20.9569072723, 33.8984260559, -7.12937545776], [-3.63552737236, 100.006126404, -34.2751426697, 21.8190078735, 108.321060181, 113.688316345, 228.830657959, 70.7281570435, 24.0115280151, 37.968837738, 39.8721504211, 3.5747692585, 8.02474117279], [551.361450195, -108.372238159, 35.7150497437, 73.8096389771, 53.9481964111, 76.9534912109, 70.7281570435, 147.264602661, 31.2885284424, 45.9646263123, -17.9392528534, 29.9462680817, -4.95863723755], [-335.141174316, 162.989273071, 44.112323761, 49.3989715576, 24.8451652527, -24.7057437897, 24.0115280151, 31.2885284424, 154.958908081, 36.395980835, 41.7934684753, -16.4457015991, 35.6294593811], [412.348754883, -85.2157669067, 60.2188072205, 87.0294113159, 46.0736312866, 59.9703407288, 37.968837738, 45.9646263123, 36.395980835, 130.281600952, 21.7272453308, 33.5936203003, 1.57963943481], [-430.493103027, 229.97744751, 48.5673446655, -17.2000312805, 35.936416626, -20.9569072723, 39.8721504211, -17.9392528534, 41.7934684753, 21.7272453308, 127.927009583, 21.4705848694, 28.9729099274], [326.74810791, -74.838470459, 60.2377853394, 27.5628681183, 14.7220048904, 33.8984260559, 3.5747692585, 29.9462680817, -16.4457015991, 33.5936203003, 21.4705848694, 108.385513306, 23.9887332916], [-127.534614563, 76.9224472046, -0.969124019146, 21.1997852325, 4.16661405563, -7.12937545776, 8.02474117279, -4.95863723755, 35.6294593811, 1.57963943481, 28.9729099274, 23.9887332916, 84.0593338013]],
        "icov": [[0.000268378207693, -0.000332485913532, 0.000419284682721, -0.000689273001626, 0.000507076503709, -0.000685635837726, 0.000573209370486, -0.000857131555676, 0.000790245365351, -0.000697988260072, 0.000575345125981, -0.000587928283494, 0.000349178328179], [-0.000332485913532, 0.00346489506774, -0.00244478019886, 0.00167718715966, -0.00304472539574, 0.00278352503665, -0.00253818393685, 0.00283602252603, -0.00258942390792, 0.00346396304667, -0.00347795756534, 0.00281341280788, -0.00190140213817], [0.000419284682721, -0.00244478019886, 0.00308636343107, -0.00264648278244, 0.0021084190812, -0.00202087126672, 0.00235258089378, -0.00243498478085, 0.00214387988672, -0.00244738254696, 0.00197506509721, -0.00284823589027, 0.00220160023309], [-0.000689273001626, 0.00167718715966, -0.00264648278244, 0.00562981655821, -0.00312001118436, 0.000539156491868, -0.00085517327534, 0.00235236342996, -0.00316290580668, 0.00138435454573, -0.00106758775655, 0.00281554204412, -0.00273103173822], [0.000507076503709, -0.00304472539574, 0.0021084190812, -0.00312001118436, 0.00764077249914, -0.00305297086015, 0.000715011614375, -0.00333829782903, 0.00294060446322, -0.00334037095308, 0.00215395307168, -0.00264629488811, 0.0022930316627], [-0.000685635837726, 0.00278352503665, -0.00202087126672, 0.000539156491868, -0.00305297086015, 0.00917055364698, -0.00537748681381, 0.00261763040908, -0.00120346271433, 0.00229091173969, -0.00202928320505, 0.00181739509571, -0.00150198070332], [0.000573209370486, -0.00253818393685, 0.00235258089378, -0.00085517327534, 0.000715011614375, -0.00537748681381, 0.010408022441, -0.00609935959801, 0.00281733996235, -0.00334862386808, -0.000134381232783, -0.000281607790384, 0.000585674715694], [-0.000857131555676, 0.00283602252603, -0.00243498478085, 0.00235236342996, -0.00333829782903, 0.00261763040908, -0.00609935959801, 0.0153089668602, -0.00712443795055, 0.00266844383441, 0.000651171896607, -0.00123393023387, 0.000453138374723], [0.000790245365351, -0.00258942390792, 0.00214387988672, -0.00316290580668, 0.00294060446322, -0.00120346271433, 0.00281733996235, -0.00712443795055, 0.0139759136364, -0.00625063432381, -3.399193929e-06, 0.00200042966753, -0.00292220921256], [-0.000697988260072, 0.00346396304667, -0.00244738254696, 0.00138435454573, -0.00334037095308, 0.00229091173969, -0.00334862386808, 0.00266844383441, -0.00625063432381, 0.0151722021401, -0.00535590201616, -7.80028130976e-05, 0.000463337550173], [0.000575345125981, -0.00347795756534, 0.00197506509721, -0.00106758775655, 0.00215395307168, -0.00202928320505, -0.000134381232783, 0.000651171896607, -3.399193929e-06, -0.00535590201616, 0.0161920003593, -0.00645021116361, 0.000481871247757], [-0.000587928283494, 0.00281341280788, -0.00284823589027, 0.00281554204412, -0.00264629488811, 0.00181739509571, -0.000281607790384, -0.00123393023387, 0.00200042966753, -7.80028130976e-05, -0.00645021116361, 0.0172164440155, -0.00750649673864], [0.000349178328179, -0.00190140213817, 0.00220160023309, -0.00273103173822, 0.0022930316627, -0.00150198070332, 0.000585674715694, 0.000453138374723, -0.00292220921256, 0.000463337550173, 0.000481871247757, -0.00750649673864, 0.0178160276264]]
    },
    "melbands": {
        "dmean": [0.00106114463415, 0.000721776508726, 0.000211897116969, 0.000187299272511, 0.000145059573697, 0.000118674288387, 0.000101875179098, 0.000146438804222, 0.000146265389048, 0.00013109833526, 0.000128340383526, 8.81780433701e-05, 0.000115210466902, 9.87065286608e-05, 5.02059847349e-05, 6.67851636535e-05, 9.4118877314e-05, 3.93869559048e-05, 2.74695667031e-05, 2.27728269238e-05, 1.72045656655e-05, 1.76130124601e-05, 1.66823156178e-05, 9.41840607993e-06, 5.49560718355e-06, 4.30530644735e-06, 4.73207819596e-06, 4.34412868344e-06, 3.64609354619e-06, 3.29507520291e-06, 2.60081469605e-06, 2.53768916991e-06, 2.07153266274e-06, 1.70712860381e-06, 1.75448042228e-06, 1.77065749085e-06, 1.39414169098e-06, 1.07513437797e-06, 9.60324541666e-07, 8.19288516141e-07],
        "dmean2": [0.00156358326785, 0.00117313000374, 0.000353603478288, 0.000309692550218, 0.00023349536059, 0.000190913095139, 0.000162190772244, 0.000233100261539, 0.000234490798903, 0.000219104491407, 0.000208171186387, 0.000142290329677, 0.000188546167919, 0.00016201318067, 8.05277886684e-05, 0.000108396248834, 0.000150368214236, 6.30370486761e-05, 4.38072929683e-05, 3.65908854292e-05, 2.69459851552e-05, 2.7224454243e-05, 2.63207766693e-05, 1.47185655806e-05, 8.77338607097e-06, 6.87798819854e-06, 7.50566869101e-06, 6.78286414768e-06, 5.64126594327e-06, 5.08052062287e-06, 4.00785074817e-06, 3.94424341721e-06, 3.19897844747e-06, 2.57016858995e-06, 2.60803858509e-06, 2.60003730546e-06, 2.06503068512e-06, 1.62709329743e-06, 1.41642703966e-06, 1.21452012536e-06],
        "dvar": [7.59034628572e-06, 3.08820722239e-06, 1.50657356812e-07, 1.50836044099e-07, 9.83056622772e-08, 4.53733264294e-08, 7.65860761476e-08, 1.47085899016e-07, 1.23126824292e-07, 9.83527357334e-08, 9.75503340328e-08, 4.82018158721e-08, 8.98429988183e-08, 1.00497956623e-07, 1.64559281757e-08, 2.37885995347e-08, 4.02814706035e-08, 6.76377354125e-09, 3.19145709859e-09, 2.77135314697e-09, 1.36996813893e-09, 1.21784748952e-09, 1.21847376633e-09, 3.96136540237e-10, 1.24187410355e-10, 1.08305794888e-10, 1.5130104114e-10, 8.4580446813e-11, 6.31557584008e-11, 5.19559568979e-11, 2.19344525182e-11, 1.99358151515e-11, 1.33767259422e-11, 9.91343118706e-12, 1.20804408144e-11, 1.33150842782e-11, 7.18027547142e-12, 4.30808297022e-12, 4.08878486624e-12, 3.47526781658e-12],
        "dvar2": [1.48502995216e-05, 7.68565769249e-06, 4.04575672519e-07, 3.9758478465e-07, 2.52084845442e-07, 1.13034680282e-07, 1.91096702906e-07, 3.66576415445e-07, 3.02228073679e-07, 2.64620695134e-07, 2.36448940427e-07, 1.24876493146e-07, 2.44903077373e-07, 2.72767266551e-07, 4.09210620944e-08, 6.05556778055e-08, 1.07921522385e-07, 1.62615396704e-08, 7.17653980686e-09, 6.75287692431e-09, 3.07097947072e-09, 2.58100207873e-09, 2.90985280316e-09, 9.06169916881e-10, 2.81833584248e-10, 2.64408578365e-10, 3.95249971641e-10, 1.96102842298e-10, 1.38797418003e-10, 1.19163678924e-10, 5.17635587172e-11, 4.71482054787e-11, 3.15246231897e-11, 2.11237694003e-11, 2.47257301439e-11, 2.78371752732e-11, 1.47110240656e-11, 9.45916782402e-12, 9.18243172471e-12, 7.97886322984e-12],
        "max": [0.0276518240571, 0.0187901929021, 0.00705915410072, 0.0125922821462, 0.00822863075882, 0.00377583247609, 0.00886435434222, 0.00808798614889, 0.00692485366017, 0.00514426920563, 0.0161482859403, 0.00528661906719, 0.00743085518479, 0.00971463322639, 0.00321551202796, 0.00312332203612, 0.00571124022827, 0.00347669119947, 0.00155197305139, 0.00221995287575, 0.000978336087428, 0.000910710194148, 0.000719613221008, 0.000456336769275, 0.000290599651635, 0.000371689733583, 0.000551478122361, 0.000206307900953, 0.000252017576713, 0.000188537349459, 0.000126682716655, 9.97395909508e-05, 5.87469985476e-05, 6.71721427352e-05, 8.4944156697e-05, 8.46048787935e-05, 6.44696046948e-05, 5.30066317879e-05, 4.64193763037e-05, 4.70344384667e-05],
        "mean": [0.00143379974179, 0.000903935404494, 0.000337015255354, 0.000299940031255, 0.000249309407081, 0.000214261483052, 0.000193851170479, 0.000251902907621, 0.000245242146775, 0.000199872374651, 0.000205480697332, 0.00015322980471, 0.000189253682038, 0.000162845870364, 8.69581344887e-05, 0.000118986776215, 0.000160950934514, 7.05180646037e-05, 4.83610383526e-05, 3.99963428208e-05, 3.21671832353e-05, 3.31352493959e-05, 3.061766256e-05, 1.79522703547e-05, 1.0441654922e-05, 8.73516182764e-06, 1.00168426798e-05, 8.83273605723e-06, 7.42303473089e-06, 6.73307113175e-06, 5.74542536924e-06, 5.52631399842e-06, 4.46150215794e-06, 3.74856995222e-06, 3.73639090867e-06, 3.75950708076e-06, 3.05318030769e-06, 2.3380885068e-06, 1.79995788585e-06, 1.36288429076e-06],
        "median": [0.000309060502332, 0.000299464038108, 0.000159969553351, 0.000146161706652, 0.000105638668174, 9.01553066797e-05, 6.51345035294e-05, 8.427829016e-05, 7.5741976616e-05, 6.31769944448e-05, 6.68826687615e-05, 4.39733157691e-05, 4.77107605548e-05, 3.71569112758e-05, 3.13158743666e-05, 3.08401795337e-05, 5.21875590493e-05, 3.08120434056e-05, 2.07849225262e-05, 1.5168929167e-05, 1.32718969326e-05, 1.42692915688e-05, 1.2574620996e-05, 7.20065054338e-06, 4.43282533524e-06, 3.39388816428e-06, 3.50383697878e-06, 3.54117719326e-06, 3.3166807043e-06, 3.25915425492e-06, 3.10822451866e-06, 2.98787881547e-06, 2.48375499723e-06, 2.03715626412e-06, 1.75704644789e-06, 1.55951420311e-06, 1.46194065564e-06, 1.14646854854e-06, 7.87362523624e-07, 5.14124053552e-07],
        "min": [7.12990551053e-24, 1.08598946725e-23, 1.82854975936e-23, 7.38717908414e-24, 7.68263194783e-24, 3.49877205848e-24, 4.33437928323e-24, 1.54604809846e-23, 8.09626800804e-24, 3.9081675969e-24, 5.50279390768e-24, 3.54535113949e-24, 2.97775822401e-24, 6.12630680615e-24, 2.89907546239e-24, 6.07363929668e-24, 6.61371279948e-24, 1.25945390608e-23, 6.86069173827e-24, 9.13709029753e-24, 8.68248001304e-24, 5.88685675584e-24, 5.46256515696e-24, 8.52208171404e-24, 7.59293767405e-24, 8.6695284947e-24, 4.40561184525e-24, 8.21698187034e-24, 9.05543767181e-24, 9.04469338628e-24, 6.72656724058e-24, 9.67267005419e-24, 5.6433949534e-24, 4.2436961723e-24, 1.01692311728e-23, 1.02450178288e-23, 9.39673755359e-24, 9.75162162016e-24, 9.85935083196e-24, 9.2585693549e-24],
        "var": [1.1425953744e-05, 3.29407544086e-06, 2.38319358914e-07, 2.34539356825e-07, 1.88471844353e-07, 1.11523732471e-07, 2.2772692887e-07, 3.09739732529e-07, 2.58056644498e-07, 1.60149539852e-07, 2.10566028613e-07, 1.16769335534e-07, 1.70022815382e-07, 1.83192824466e-07, 3.146055505e-08, 5.86072310682e-08, 8.19770207272e-08, 1.27579671272e-08, 7.55587148404e-09, 5.4086144452e-09, 3.43573236528e-09, 3.20539572662e-09, 2.67906719031e-09, 1.03849429056e-09, 3.38568006963e-10, 4.49507153721e-10, 6.4562799551e-10, 2.29872912372e-10, 1.59376026265e-10, 1.36697222985e-10, 6.51552908848e-11, 5.23517375284e-11, 3.21178153517e-11, 2.75756275453e-11, 3.40684980227e-11, 3.74726742691e-11, 2.0831641967e-11, 1.21088330335e-11, 8.75927455568e-12, 5.95820354859e-12]
    },
    "mfcc": {
        "mean": [-643.309753418, 99.0116958618, -6.15314149857, -0.625346422195, -0.957777798176, 6.80687713623, -4.72240495682, 2.98580217361, 0.627848803997, 1.78521537781, 0.275997638702, 2.77268266678, -4.50497817993],
        "cov": [[11403.9335938, -1870.17114258, -321.695343018, 495.050079346, 237.476211548, 626.099914551, 393.605529785, 317.535766602, 342.235015869, 199.160079956, 46.7881698608, 73.8441009521, -103.686271667], [-1870.17114258, 1422.60656738, 473.315246582, 226.667098999, 194.219909668, -37.0882911682, 40.2265625, 8.91920375824, -61.243888855, -42.4658241272, 38.4493217468, 33.5118103027, 78.4409866333], [-321.695343018, 473.315246582, 1039.32299805, 386.796661377, 276.772003174, 116.476348877, 11.2009296417, 15.400223732, 5.57253265381, 1.32475817204, 23.2487201691, 45.102558136, 66.3313980103], [495.050079346, 226.667098999, 386.796661377, 451.76776123, 241.369155884, 120.818099976, 45.922000885, 32.95835495, 62.2780380249, 52.1299057007, 15.4958515167, 56.0625267029, 50.3566703796], [237.476211548, 194.219909668, 276.772003174, 241.369155884, 286.348510742, 109.136962891, 40.8071746826, 33.9072532654, 36.2739524841, 28.6487751007, 12.7405929565, 27.2627239227, 36.6759567261], [626.099914551, -37.0882911682, 116.476348877, 120.818099976, 109.136962891, 225.765853882, 127.08731842, 52.8647155762, 55.6144371033, 41.8682823181, 37.9248161316, 30.1169071198, -4.38998937607], [393.605529785, 40.2265625, 11.2009296417, 45.922000885, 40.8071746826, 127.08731842, 229.650360107, 87.969543457, 40.9557762146, 23.1886634827, 62.7669258118, 15.9413528442, 0.559834182262], [317.535766602, 8.91920375824, 15.400223732, 32.95835495, 33.9072532654, 52.8647155762, 87.969543457, 127.592018127, 54.5984611511, 15.705280304, 29.2414169312, 11.8941373825, 8.50917720795], [342.235015869, -61.243888855, 5.57253265381, 62.2780380249, 36.2739524841, 55.6144371033, 40.9557762146, 54.5984611511, 128.219741821, 63.0992546082, 21.5505619049, 23.5734443665, 19.3096504211], [199.160079956, -42.4658241272, 1.32475817204, 52.1299057007, 28.6487751007, 41.8682823181, 23.1886634827, 15.705280304, 63.0992546082, 118.463348389, 42.5002250671, 14.7921209335, 4.54686355591], [46.7881698608, 38.4493217468, 23.2487201691, 15.4958515167, 12.7405929565, 37.9248161316, 62.7669258118, 29.2414169312, 21.5505619049, 42.5002250671, 109.828140259, 30.2574977875, -4.82784318924], [73.8441009521, 33.5118103027, 45.102558136, 56.0625267029, 27.2627239227, 30.1169071198, 15.9413528442, 11.8941373825, 23.5734443665, 14.7921209335, 30.2574977875, 95.7707977295, 47.2761650085], [-103.686271667, 78.4409866333, 66.3313980103, 50.3566703796, 36.6759567261, -4.38998937607, 0.559834182262, 8.50917720795, 19.3096504211, 4.54686355591, -4.82784318924, 47.2761650085, 123.371765137]],
