{
"lowlevel": {
    "average_loudness": 0.722724437714,
    "barkbands_crest": {
        "dmean": 2.33361148834,
        "dmean2": 3.7423377037,
        "dvar": 4.44338417053,
        "dvar2": 11.3449134827,
        "max": 25.7347736359,
        "mean": 10.330622673,
        "median": 9.36349582672,
        "min": 2.78335142136,
        "var": 18.3936653137
    },
    "barkbands_flatness_db": {
        "dmean": 0.016669286415,
        "dmean2": 0.0256615951657,
        "dvar": 0.000240922512603,
        "dvar2": 0.000547857605852,
        "max": 0.396707683802,
        "mean": 0.15289953351,
        "median": 0.140066370368,
        "min": 0.0254464801401,
        "var": 0.00322404550388
    },
    "barkbands_kurtosis": {
        "dmean": 1.88520216942,
        "dmean2": 2.9147131443,
        "dvar": 13.2075548172,
        "dvar2": 30.16040802,
        "max": 104.281913757,
        "mean": 3.59349513054,
        "median": 1.14365005493,
        "min": -1.93609392643,
        "var": 50.1219215393
    },
    "barkbands_skewness": {
        "dmean": 0.388772279024,
        "dmean2": 0.597696840763,
        "dvar": 0.177724018693,
        "dvar2": 0.380348861217,
        "max": 7.43004989624,
        "mean": 1.16430222988,
        "median": 0.945595502853,
        "min": -3.31888008118,
        "var": 1.31976866722
    },
    "barkbands_spread": {
        "dmean": 4.21636915207,
        "dmean2": 6.46945238113,
        "dvar": 37.9465026855,
        "dvar2": 74.6474838257,
        "max": 104.081062317,
        "mean": 20.6971435547,
        "median": 18.7902870178,
        "min": 0.647295176983,
        "var": 183.928512573
    },
    "dissonance": {
        "dmean": 0.0235165022314,
        "dmean2": 0.0402517542243,
        "dvar": 0.000532752019353,
        "dvar2": 0.00150247255806,
        "max": 0.500000059605,
        "mean": 0.45115429163,
        "median": 0.461454182863,
        "min": 0.252671539783,
        "var": 0.00151640060358
    },
    "dynamic_complexity": 3.91461110115,
    "erbbands_crest": {
        "dmean": 2.73600077629,
        "dmean2": 4.36398506165,
        "dvar": 6.1610994339,
        "dvar2": 14.8876771927,
        "max": 32.06508255,
        "mean": 11.6278734207,
        "median": 10.5475320816,
        "min": 2.69264411926,
        "var": 28.1280117035
    },
    "erbbands_flatness_db": {
        "dmean": 0.0152662182227,
        "dmean2": 0.0225879345089,
        "dvar": 0.000204562136787,
        "dvar2": 0.000409903324908,
        "max": 0.427954465151,
        "mean": 0.192301124334,
        "median": 0.185286730528,
        "min": 0.0615314133465,
        "var": 0.00358540425077
    },
    "erbbands_kurtosis": {
        "dmean": 1.22967755795,
        "dmean2": 1.91748201847,
        "dvar": 3.1889398098,
        "dvar2": 7.38163614273,
        "max": 49.208568573,
        "mean": 2.0137424469,
        "median": 0.945356369019,
        "min": -1.84544253349,
        "var": 13.0272026062
    },
    "erbbands_skewness": {
        "dmean": 0.340058773756,
        "dmean2": 0.516114830971,
        "dvar": 0.10622908175,
        "dvar2": 0.229211702943,
        "max": 6.42868947983,
        "mean": 0.799890220165,
        "median": 0.75430893898,
        "min": -3.32462954521,
        "var": 0.722391545773
    },
    "erbbands_spread": {
        "dmean": 5.74364328384,
        "dmean2": 8.68302440643,
        "dvar": 62.5907516479,
        "dvar2": 126.649528503,
        "max": 149.301635742,
        "mean": 27.7313480377,
        "median": 24.0641155243,
        "min": 1.58982431889,
        "var": 296.141479492
    },
    "hfc": {
        "dmean": 4.94715642929,
        "dmean2": 7.13947153091,
        "dvar": 52.9671859741,
        "dvar2": 102.730262756,
        "max": 208.991836548,
        "mean": 24.2614135742,
        "median": 18.3896636963,
        "min": 1.10423747954e-16,
        "var": 519.275756836
    },
    "melbands_crest": {
        "dmean": 2.90643668175,
        "dmean2": 4.70315265656,
        "dvar": 7.13392019272,
        "dvar2": 18.6949520111,
        "max": 34.5447692871,
        "mean": 13.8578510284,
        "median": 12.8249492645,
        "min": 2.05782341957,
        "var": 29.7960605621
    },
    "melbands_flatness_db": {
        "dmean": 0.0187141802162,
        "dmean2": 0.0280152745545,
        "dvar": 0.000362884369679,
        "dvar2": 0.000773950421717,
        "max": 0.447791874409,
        "mean": 0.185400187969,
        "median": 0.168694406748,
        "min": 0.00602548057213,
        "var": 0.00427840370685
    },
    "melbands_kurtosis": {
        "dmean": 3.40224051476,
        "dmean2": 5.35800886154,
        "dvar": 38.3052825928,
        "dvar2": 91.2024002075,
        "max": 135.147521973,
        "mean": 7.4626159668,
        "median": 3.66889405251,
        "min": -1.88012516499,
        "var": 122.683204651
    },
    "melbands_skewness": {
        "dmean": 0.483986794949,
        "dmean2": 0.747618019581,
        "dvar": 0.269584864378,
        "dvar2": 0.610081017017,
        "max": 10.0318670273,
        "mean": 1.70419442654,
        "median": 1.47155344486,
        "min": -1.68768084049,
        "var": 1.70066905022
    },
    "melbands_spread": {
        "dmean": 5.60311508179,
        "dmean2": 8.5840511322,
        "dvar": 80.6359405518,
        "dvar2": 150.956466675,
        "max": 254.61416626,
        "mean": 26.1109924316,
        "median": 23.3212966919,
        "min": 1.02247548103,
        "var": 348.036682129
    },
    "pitch_salience": {
        "dmean": 0.058628834784,
        "dmean2": 0.0947886630893,
        "dvar": 0.00275293388404,
        "dvar2": 0.00705609098077,
        "max": 0.886989235878,
        "mean": 0.543354511261,
        "median": 0.540354549885,
        "min": 0.128892496228,
        "var": 0.0117289498448
    },
    "silence_rate_20dB": {
        "dmean": 0,
        "dmean2": 0,
        "dvar": 0,
        "dvar2": 0,
        "max": 1,
        "mean": 1,
        "median": 1,
        "min": 1,
        "var": 0
    },
    "silence_rate_30dB": {
        "dmean": 0.00746718049049,
        "dmean2": 0.0149361602962,
        "dvar": 0.00741143524647,
        "dvar2": 0.019048685208,
        "max": 1,
        "mean": 0.993978798389,
        "median": 1,
        "min": 0,
        "var": 0.00598503509536
    },
    "silence_rate_60dB": {
        "dmean": 0.0211971569806,
        "dmean2": 0.0422789677978,
        "dvar": 0.0207444243133,
        "dvar2": 0.0455572754145,
        "max": 1,
        "mean": 0.122832372785,
        "median": 0,
        "min": 0,
        "var": 0.107733823359
    },
    "spectral_centroid": {
        "dmean": 178.377120972,
        "dmean2": 270.576660156,
        "dvar": 59449.3828125,
        "dvar2": 114774.789062,
        "max": 11122.0048828,
        "mean": 1331.36706543,
        "median": 1333.48059082,
        "min": 251.470809937,
        "var": 348236.375
    },
    "spectral_complexity": {
        "dmean": 2.59400224686,
        "dmean2": 4.17393398285,
        "dvar": 7.24738931656,
        "dvar2": 16.9411907196,
        "max": 58,
        "mean": 17.8346576691,
        "median": 17,
        "min": 0,
        "var": 107.707969666
    },
    "spectral_decrease": {
        "dmean": 1.42920975055e-09,
        "dmean2": 2.19080464881e-09,
        "dvar": 5.57078266568e-18,
        "dvar2": 1.26546201196e-17,
        "max": 1.12940094909e-28,
        "mean": -5.74980463242e-09,
        "median": -4.38778879897e-09,
        "min": -4.86507225617e-08,
        "var": 2.57897147154e-17
    },
    "spectral_energy": {
        "dmean": 0.00574458809569,
        "dmean2": 0.00875246152282,
        "dvar": 8.68439019541e-05,
        "dvar2": 0.00019467700622,
        "max": 0.19301943481,
        "mean": 0.0239016786218,
        "median": 0.0182879269123,
        "min": 1.0220384347e-20,
        "var": 0.000439344934421
    },
    "spectral_energyband_high": {
        "dmean": 0.000243882561335,
        "dmean2": 0.000339794380125,
        "dvar": 2.36046773239e-07,
        "dvar2": 4.40792263134e-07,
        "max": 0.0111137488857,
        "mean": 0.000831987650599,
        "median": 0.000426557206083,
        "min": 7.52764811241e-21,
        "var": 1.1502839925e-06
    },
    "spectral_energyband_low": {
        "dmean": 0.00223825918511,
        "dmean2": 0.00353279430419,
        "dvar": 4.58545691799e-05,
        "dvar2": 0.000113197864266,
        "max": 0.139906302094,
        "mean": 0.00504968455061,
        "median": 0.00223893811926,
        "min": 2.73634738103e-23,
        "var": 8.65527690621e-05
    },
    "spectral_energyband_middle_high": {
        "dmean": 0.00247768312693,
        "dmean2": 0.0037791589275,
        "dvar": 1.51350877786e-05,
        "dvar2": 3.48440626112e-05,
        "max": 0.104935847223,
        "mean": 0.00926475506276,
        "median": 0.00583274336532,
        "min": 1.30606588259e-21,
        "var": 0.000111394372652
    },
    "spectral_energyband_middle_low": {
        "dmean": 0.00330688245595,
        "dmean2": 0.00517911883071,
        "dvar": 2.69518659479e-05,
        "dvar2": 6.14778546151e-05,
        "max": 0.087671674788,
        "mean": 0.00940417218953,
        "median": 0.00699051516131,
        "min": 2.30031335091e-22,
        "var": 8.52318844409e-05
    },
    "spectral_entropy": {
        "dmean": 0.136714488268,
        "dmean2": 0.20076058805,
        "dvar": 0.0227190423757,
        "dvar2": 0.0413298159838,
        "max": 9.81137371063,
        "mean": 7.46388196945,
        "median": 7.58785963058,
        "min": 5.27824640274,
        "var": 0.304861664772
    },
    "spectral_flux": {
        "dmean": 0.0171964205801,
        "dmean2": 0.0268999487162,
        "dvar": 0.000379361648811,
        "dvar2": 0.000872142612934,
        "max": 0.333113670349,
        "mean": 0.0729375183582,
        "median": 0.0678784549236,
        "min": 6.41093220177e-11,
        "var": 0.00202563893981
    },
    "spectral_kurtosis": {
        "dmean": 1.62481617928,
        "dmean2": 2.70954489708,
        "dvar": 7.9225564003,
        "dvar2": 22.1320285797,
        "max": 74.3150253296,
        "mean": 5.358938694,
        "median": 3.99389386177,
        "min": -1.4828389883,
        "var": 38.8490715027
    },
    "spectral_rms": {
        "dmean": 0.000525899231434,
        "dmean2": 0.000787802739069,
        "dvar": 3.77280713337e-07,
        "dvar2": 7.96029155481e-07,
        "max": 0.0137226693332,
        "mean": 0.00435101240873,
        "median": 0.00422396510839,
        "min": 3.15770586762e-12,
        "var": 4.38745155407e-06
    },
    "spectral_rolloff": {
        "dmean": 373.75982666,
        "dmean2": 626.928161621,
        "dvar": 789490.875,
        "dvar2": 1570040.625,
        "max": 19013.8183594,
        "mean": 1608.33544922,
        "median": 1378.125,
        "min": 86.1328125,
        "var": 1917674.25
    },
    "spectral_skewness": {
        "dmean": 0.201205521822,
        "dmean2": 0.318944424391,
        "dvar": 0.0583131723106,
        "dvar2": 0.141328394413,
        "max": 6.75704622269,
        "mean": 1.75815761089,
        "median": 1.65821301937,
        "min": -0.363615781069,
        "var": 0.457680314779
    },
    "spectral_spread": {
        "dmean": 468489.96875,
        "dmean2": 649780.0625,
        "dvar": 625839243264,
        "dvar2": 903979204608,
        "max": 41588332,
        "mean": 4638328.5,
        "median": 4387576,
        "min": 1069717.875,
        "var": 3.14192822272e+12
    },
    "spectral_strongpeak": {
        "dmean": 0.752423465252,
        "dmean2": 1.26505589485,
        "dvar": 1.36500072479,
        "dvar2": 3.54731106758,
        "max": 14.3141918182,
        "mean": 1.6324211359,
        "median": 0.926756858826,
        "min": 0,
        "var": 3.23497414589
    },
    "zerocrossingrate": {
        "dmean": 0.00869044195861,
        "dmean2": 0.0100641101599,
        "dvar": 0.000197371147806,
        "dvar2": 0.000199175032321,
        "max": 0.66552734375,
        "mean": 0.0671399086714,
        "median": 0.06396484375,
        "min": 0.0078125,
        "var": 0.00135526875965
    },
    "barkbands": {
        "dmean": [0.00012895189866, 0.00171674904414, 0.000630229595117, 0.000659658573568, 0.000665616535116, 0.00110564788338, 0.000756121473387, 0.000558695814107, 0.00115734816063, 0.000845471338835, 0.00102117192, 0.000553722959012, 0.000732092303224, 0.000526150572114, 0.000395874143578, 0.000250247307122, 0.000265507289441, 0.000164822937222, 0.000130892833113, 6.86394560034e-05, 5.88120528846e-05, 6.15979006398e-05, 6.61160738673e-05, 6.04253982601e-05, 4.09815947933e-05, 2.86153372144e-05, 1.45115677697e-07],
        "dmean2": [0.000213840787183, 0.00273157912306, 0.00109873304609, 0.0010778629221, 0.00108268123586, 0.00175217643846, 0.00119313760661, 0.000873476208653, 0.00181001843885, 0.00130234321114, 0.00160009646788, 0.00085599895101, 0.00114849116653, 0.000805102288723, 0.000630356895272, 0.000401673460146, 0.000425666337833, 0.000269885698799, 0.000204887910513, 0.000111766159534, 9.64775972534e-05, 9.68972890405e-05, 9.90715489024e-05, 8.80254374351e-05, 5.72510398342e-05, 4.11140063079e-05, 2.71763383353e-07],
        "dvar": [1.59503159125e-07, 3.08200324071e-05, 1.03616312117e-05, 6.22725565336e-06, 2.16054991142e-06, 5.05146044816e-06, 2.86215663436e-06, 1.86154750281e-06, 7.0358287303e-06, 4.27806980952e-06, 6.14979671809e-06, 3.08238941216e-06, 2.91654441753e-06, 2.39568817051e-06, 9.1540982794e-07, 4.66184843617e-07, 4.6709817525e-07, 1.18963910722e-07, 7.62322329706e-08, 1.83406925203e-08, 1.69827103491e-08, 1.72891390093e-08, 1.70581557768e-08, 1.9399085005e-08, 1.0644081172e-08, 9.64278346061e-09, 1.77300726184e-11],
        "dvar2": [3.62241365792e-07, 7.6570919191e-05, 2.90269890684e-05, 1.33539906528e-05, 5.67507095184e-06, 1.27681851154e-05, 6.93841411703e-06, 4.49899062005e-06, 1.68343594851e-05, 9.74108479568e-06, 1.48243479998e-05, 6.63510718368e-06, 6.59214083498e-06, 5.02188140672e-06, 2.05687092603e-06, 1.10421274258e-06, 1.1089673535e-06, 3.00747473148e-07, 1.86009160075e-07, 4.82847930527e-08, 4.48308803414e-08, 4.20387706868e-08, 3.46512152305e-08, 3.72525370551e-08, 1.94193727765e-08, 2.10139194934e-08, 5.17461351546e-11],
        "max": [0.0129993343726, 0.128070965409, 0.0928805172443, 0.0525152906775, 0.0308150276542, 0.0457900464535, 0.0338161811233, 0.0318036898971, 0.0695429220796, 0.0726380869746, 0.051927972585, 0.0847935751081, 0.0456086434424, 0.058785662055, 0.0364884994924, 0.0173966195434, 0.0232281573117, 0.0130132557824, 0.00906874425709, 0.00323324347846, 0.00286118895747, 0.00329202972353, 0.00589247746393, 0.00431241560727, 0.00256673060358, 0.00250710453838, 0.000245357456151],
        "mean": [0.000218361688894, 0.00372619833797, 0.000722610682715, 0.00083864555927, 0.00123584584799, 0.00216100201942, 0.00144994608127, 0.000976114708465, 0.00217815279029, 0.00157803331967, 0.00205194414593, 0.00100195978303, 0.0014175696997, 0.000965194194578, 0.000808297831099, 0.000484077056171, 0.000526043178979, 0.000344991363818, 0.000307475216687, 0.000157014408614, 0.00014182124869, 0.000154535809997, 0.000168060389115, 0.000148643433931, 9.11706301849e-05, 4.78849142382e-05, 8.35706472913e-08],
        "median": [1.03648799268e-05, 0.000936215161346, 0.000174709770363, 0.000141344236908, 0.000562858767807, 0.000794001447503, 0.000452666252386, 0.000365558633348, 0.000633848540019, 0.000356700154953, 0.000345040927641, 0.000215685984585, 0.000332236289978, 0.000202503957553, 0.000239692570176, 0.000138196512125, 0.000179040056537, 0.000150121748447, 0.0001337226131, 6.37035409454e-05, 5.33130005351e-05, 6.65645784466e-05, 7.7574448369e-05, 5.8586767409e-05, 2.82456785499e-05, 1.04727187136e-05, 5.16882758816e-10],
        "min": [1.01976423927e-24, 1.04406379783e-23, 4.20856425188e-24, 5.06225453516e-24, 3.0103143558e-23, 1.28895588398e-23, 3.50125689145e-23, 3.01742388582e-23, 5.81203116906e-23, 2.02205434174e-23, 3.01115717479e-23, 5.70900909028e-23, 6.85195305271e-23, 8.00889077651e-23, 8.00605529487e-23, 1.27221920591e-22, 8.7944845354e-23, 1.84299162528e-22, 2.1658369266e-22, 2.97539956146e-22, 2.7831502461e-22, 4.25976659422e-22, 4.95212191661e-22, 8.64538237747e-22, 1.11376658501e-21, 1.53110959727e-21, 2.07337445155e-21],
        "var": [3.55628429816e-07, 5.50827789993e-05, 7.15067517376e-06, 9.00040686247e-06, 3.99519876737e-06, 1.22202436614e-05, 7.36550555303e-06, 3.57999601874e-06, 1.7848886273e-05, 1.23810668811e-05, 2.00170088647e-05, 1.01195355455e-05, 8.68512779562e-06, 6.25318853054e-06, 3.05086564367e-06, 1.31605031584e-06, 1.31122317271e-06, 3.30464274612e-07, 2.35459665987e-07, 6.23033784564e-08, 5.55479040543e-08, 4.86905165076e-08, 5.95579265905e-08, 6.20328037826e-08, 3.13645642791e-08, 1.59867727945e-08, 9.60972273978e-12]
    },
    "erbbands": {
        "dmean": [0.0619960911572, 0.366737961769, 0.72268819809, 1.39972543716, 2.13195371628, 2.21458935738, 5.37825632095, 10.3509263992, 10.2892847061, 9.61020946503, 15.4045658112, 27.1350708008, 24.6371669769, 31.2245922089, 32.7112312317, 20.8953857422, 31.0164318085, 28.4185237885, 21.3376197815, 14.8904418945, 13.1500854492, 13.1261014938, 8.73505210876, 7.75717830658, 4.63550567627, 3.08495020866, 2.2744243145, 2.51921653748, 2.34913110733, 1.98678028584, 1.90309011936, 1.53339803219, 0.896909534931, 0.507797181606, 0.294731140137, 0.162759542465, 0.0477400757372, 0.00278939609416, 6.68384018354e-05, 9.29422367335e-06],
        "dmean2": [0.100051999092, 0.577161669731, 1.2110722065, 2.27488732338, 3.5406165123, 3.61012268066, 8.47164344788, 16.6425113678, 16.2389965057, 15.0243911743, 24.0830478668, 42.212562561, 37.6444702148, 48.3457794189, 51.2211151123, 31.9315109253, 48.0059280396, 44.1362838745, 32.6516494751, 23.7685985565, 20.7278709412, 21.1802482605, 14.1558122635, 12.2688589096, 7.38498163223, 5.01999282837, 3.75049853325, 4.08351230621, 3.74143576622, 3.05307793617, 2.85787582397, 2.25935173035, 1.31475913525, 0.733868896961, 0.416385889053, 0.233080983162, 0.0708527714014, 0.00442992709577, 0.000103790465801, 1.35123427754e-05],
        "dvar": [0.0476706176996, 1.43113589287, 11.6831989288, 24.5959415436, 39.3837051392, 27.8523483276, 199.518478394, 506.720825195, 580.014953613, 512.336914062, 1229.81835938, 4105.80126953, 4120.32470703, 5217.75097656, 6321.92871094, 4197.06103516, 5606.05859375, 6261.10791016, 2755.64282227, 1767.36450195, 1366.53894043, 1249.13134766, 380.733215332, 254.754943848, 98.2559738159, 39.333820343, 26.9077377319, 28.7195014954, 26.2794075012, 16.0373630524, 14.5714664459, 10.6141548157, 4.90992498398, 1.64995062351, 0.637439548969, 0.241243258119, 0.0360721834004, 0.000347616354702, 3.0637056625e-07, 6.18292750332e-10],
        "dvar2": [0.120518289506, 3.47004389763, 31.2433662415, 54.8837280273, 94.4205627441, 73.8898010254, 510.804016113, 1315.88830566, 1425.13574219, 1211.69763184, 2978.84545898, 9889.734375, 9372.55078125, 12670.9462891, 15247.03125, 9350.43261719, 12715.7675781, 14345.7578125, 5481.17626953, 4213.35302734, 3185.54272461, 3152.61132812, 958.203979492, 591.918151855, 258.706756592, 101.325256348, 70.7040786743, 74.1887283325, 64.8452758789, 35.7563514709, 29.8092517853, 21.5689144135, 9.48161888123, 3.31582355499, 1.21437323093, 0.521057069302, 0.079086266458, 0.000881065614522, 8.37901325212e-07, 1.45767142801e-09],
        "max": [5.93851184845, 26.1595077515, 89.6906433105, 98.3846893311, 130.199401855, 176.989364624, 500.539520264, 441.307342529, 560.975402832, 454.817687988, 777.492431641, 1682.84875488, 2561.7734375, 2110.39477539, 1880.63049316, 4251.9140625, 1970.53796387, 2639.16455078, 2015.25195312, 2122.03320312, 1192.0892334, 1394.02905273, 768.960998535, 519.860046387, 402.77456665, 173.477630615, 115.485549927, 105.831794739, 119.18800354, 130.465820312, 171.798019409, 93.858543396, 69.6414794922, 41.3691635132, 15.933057785, 12.8374214172, 5.21633434296, 0.455008417368, 0.029750296846, 0.001189265633],
        "mean": [0.134014993906, 0.724419355392, 0.96633285284, 1.87526464462, 3.27539610863, 3.9332177639, 10.4575357437, 19.1761684418, 20.8197402954, 18.7100639343, 29.0073699951, 50.7031097412, 50.2205619812, 62.6412887573, 71.9985656738, 43.7302970886, 64.9030380249, 57.7633514404, 46.3531150818, 32.4880180359, 27.9606628418, 27.8013439178, 20.2104663849, 18.6434841156, 11.6034059525, 7.46826982498, 5.40663003922, 6.13216495514, 5.71017408371, 4.92211675644, 4.76614427567, 3.68174052238, 2.12135624886, 1.11398720741, 0.619990408421, 0.30778375268, 0.0673285871744, 0.00281198835, 9.18404111871e-05, 3.54724506906e-05],
        "median": [0.0215827934444, 0.176640570164, 0.303444057703, 0.468946158886, 0.986882686615, 1.68623661995, 3.50501298904, 6.29181575775, 7.39900779724, 6.20818805695, 12.3959102631, 16.5039710999, 13.546620369, 19.1724681854, 15.2555961609, 13.4645061493, 17.877822876, 17.0967102051, 15.5665407181, 10.8617668152, 9.55719566345, 10.1928224564, 8.86322212219, 9.29682922363, 4.66010761261, 3.14363050461, 2.26056861877, 2.23173928261, 2.32230615616, 2.37886142731, 2.21216130257, 1.4509459734, 0.816768586636, 0.389292776585, 0.149890214205, 0.0743786618114, 0.0127575006336, 0.000297012069495, 2.66091719823e-05, 2.54252117884e-05],
        "min": [1.7004806842e-22, 2.71601321009e-21, 7.09182490379e-21, 1.38893722267e-20, 3.53529917534e-20, 1.10196587614e-19, 1.4931508323e-19, 1.61057493637e-19, 4.84514581454e-19, 3.59039295842e-19, 9.52410484017e-19, 1.4958324743e-18, 5.80494364182e-19, 8.6630439437e-19, 1.94358327192e-18, 2.10602210549e-18, 2.65990762032e-18, 3.51384463056e-18, 4.04534622443e-18, 5.51243830835e-18, 1.08561855385e-17, 5.56684073647e-18, 6.72997620532e-18, 1.1713661641e-17, 1.10441110475e-17, 1.13066647914e-17, 1.01652738329e-17, 1.4129841321e-17, 1.3465875851e-17, 1.66519150087e-17, 1.33491871363e-17, 1.68438424175e-17, 1.51683202579e-17, 1.12684002434e-17, 8.27650699295e-18, 6.13265130061e-18, 2.77889858542e-18, 1.11688914497e-18, 2.5093071889e-19, 3.30074694277e-20],
        "var": [0.0800644159317, 2.30121517181, 9.52390098572, 34.7388801575, 55.2769813538, 47.9804801941, 449.639190674, 1083.29980469, 1382.04968262, 1273.90332031, 2543.59057617, 10002.3994141, 13624.8681641, 14071.7128906, 22775.8554688, 17038.8242188, 17975.1914062, 16255.5449219, 10240.7695312, 4323.52392578, 3911.20068359, 3455.57983398, 1113.74890137, 823.377258301, 307.814086914, 144.16569519, 78.622253418, 98.6700744629, 70.1526794434, 49.4740333557, 48.7757606506, 33.359085083, 14.6923484802, 4.37483119965, 1.71256196499, 0.489984422922, 0.0492733940482, 0.000300242099911, 2.22001844463e-07, 1.47565637487e-09]
    },
    "gfcc": {
        "mean": [-20.6604614258, 80.9578018188, -139.803710938, 14.8654756546, -75.6198959351, 22.726896286, -45.716999054, 13.8965883255, -20.1067657471, 2.47791147232, -11.2378721237, 0.942290306091, -10.3111791611],
        "cov": [[10517.1279297, -1371.22058105, 520.587158203, 1449.77709961, 868.310546875, 1171.72692871, 382.244262695, 778.469482422, -326.447021484, 499.395233154, -129.897689819, 882.610778809, 56.1612358093], [-1371.22058105, 1393.57666016, 410.020629883, 86.0221939087, 131.519927979, -185.006988525, 75.9180450439, -142.785263062, 170.439468384, -154.060150146, 176.426895142, -140.218292236, 46.4686584473], [520.587158203, 410.020629883, 1138.7557373, 477.315948486, 132.798568726, 76.7156524658, -131.947998047, 37.3895721436, -29.1915874481, 59.3197937012, 13.0402936935, 86.1002578735, -5.19540643692], [1449.77709961, 86.0221939087, 477.315948486, 696.713745117, 245.144729614, 202.153289795, 39.8811073303, 119.623931885, 22.8291378021, 50.6967811584, 2.69370985031, 99.7902679443, 43.3467063904], [868.310546875, 131.519927979, 132.798568726, 245.144729614, 407.936676025, 204.429397583, 131.317871094, 115.21031189, 19.6188907623, 104.652656555, -4.39316797256, 64.936882019, 21.6452045441], [1171.72692871, -185.006988525, 76.7156524658, 202.153289795, 204.429397583, 373.679870605, 203.238540649, 121.5936203, -28.2985649109, 111.402305603, -5.85106229782, 86.7742919922, 9.86986637115], [382.244262695, 75.9180450439, -131.947998047, 39.8811073303, 131.317871094, 203.238540649, 430.924865723, 117.505973816, 19.3372955322, 55.3893127441, 10.4248800278, 58.7350158691, 15.2979431152], [778.469482422, -142.785263062, 37.3895721436, 119.623931885, 115.21031189, 121.5936203, 117.505973816, 199.20652771, 22.5710716248, 74.5694046021, -20.4355392456, 85.7698974609, 11.9523868561], [-326.447021484, 170.439468384, -29.1915874481, 22.8291378021, 19.6188907623, -28.2985649109, 19.3372955322, 22.5710716248, 158.961502075, 10.7338657379, 38.9161949158, -44.8726425171, 11.637462616], [499.395233154, -154.060150146, 59.3197937012, 50.6967811584, 104.652656555, 111.402305603, 55.3893127441, 74.5694046021, 10.7338657379, 184.801727295, 9.521733284, 54.4487266541, -0.94443321228], [-129.897689819, 176.426895142, 13.0402936935, 2.69370985031, -4.39316797256, -5.85106229782, 10.4248800278, -20.4355392456, 38.9161949158, 9.521733284, 148.21421814, 24.1904010773, 18.5628547668], [882.610778809, -140.218292236, 86.1002578735, 99.7902679443, 64.936882019, 86.7742919922, 58.7350158691, 85.7698974609, -44.8726425171, 54.4487266541, 24.1904010773, 205.392608643, 38.8885116577], [56.1612358093, 46.4686584473, -5.19540643692, 43.3467063904, 21.6452045441, 9.86986637115, 15.2979431152, 11.9523868561, 11.637462616, -0.94443321228, 18.5628547668, 38.8885116577, 104.777015686]],
        "icov": [[0.000367265427485, -0.000250324897934, 0.000430491869338, -0.000646674248856, 0.000178543268703, -0.000760849914514, 0.000553432269953, -0.000701793294866, 0.000649131718092, -0.000417477800511, 0.000407588173402, -0.00110564555507, 0.000499374349602], [-0.000250324897934, 0.00387424579822, -0.00254378700629, 0.00123129668646, -0.00315629714169, 0.00318883010186, -0.00321370782331, 0.00272344681434, -0.00274824001826, 0.00362290651537, -0.00374928466044, 0.0028349799104, -0.00175945926458], [0.000430491869338, -0.00254378700629, 0.0032741848845, -0.00226909760386, 0.00203964556567, -0.00236324220896, 0.00284261838533, -0.00202745874412, 0.00248579122126, -0.00290906010196, 0.00239610276185, -0.00280251773074, 0.00192936067469], [-0.000646674248856, 0.00123129668646, -0.00226909760386, 0.00424194149673, -0.00189117644913, 0.000788910198025, -0.00120227446314, 0.00109000364318, -0.00245701754466, 0.00246915151365, -0.0012982544722, 0.0019864209462, -0.00191142456606], [0.000178543268703, -0.00315629714169, 0.00203964556567, -0.00189117644913, 0.00670510530472, -0.00366198876873, 0.00221730628982, -0.00268503278494, 0.0018488871865, -0.00408891774714, 0.00327369989827, -0.00204331590794, 0.00106618111022], [-0.000760849914514, 0.00318883010186, -0.00236324220896, 0.000788910198025, -0.00366198876873, 0.00929755810648, -0.00510624609888, 0.00235795485787, -0.00113688677084, 0.00139679061249, -0.00353070138954, 0.00389198749326, -0.00177289242856], [0.000553432269953, -0.00321370782331, 0.00284261838533, -0.00120227446314, 0.00221730628982, -0.00510624609888, 0.00678914319724, -0.00405215332285, 0.0022100454662, -0.00257523241453, 0.0028401077725, -0.00347873917781, 0.00178022217005], [-0.000701793294866, 0.00272344681434, -0.00202745874412, 0.00109000364318, -0.00268503278494, 0.00235795485787, -0.00405215332285, 0.0121834380552, -0.0053647919558, 0.00127706397325, -0.000225704570767, -0.000147814746015, -0.00114655273501], [0.000649131718092, -0.00274824001826, 0.00248579122126, -0.00245701754466, 0.0018488871865, -0.00113688677084, 0.0022100454662, -0.0053647919558, 0.0118771661073, -0.00386237725616, -0.000241876768996, 0.000540142762475, 0.000513474631589], [-0.000417477800511, 0.00362290651537, -0.00290906010196, 0.00246915151365, -0.00408891774714, 0.00139679061249, -0.00257523241453, 0.00127706397325, -0.00386237725616, 0.0113795967773, -0.00408529257402, 0.00202187430114, -0.00110038649291], [0.000407588173402, -0.00374928466044, 0.00239610276185, -0.0012982544722, 0.00327369989827, -0.00353070138954, 0.0028401077725, -0.000225704570767, -0.000241876768996, -0.00408529257402, 0.0121858166531, -0.0055923643522, 0.00127438863274], [-0.00110564555507, 0.0028349799104, -0.00280251773074, 0.0019864209462, -0.00204331590794, 0.00389198749326, -0.00347873917781, -0.000147814746015, 0.000540142762475, 0.00202187430114, -0.0055923643522, 0.012995342724, -0.00491944793612], [0.000499374349602, -0.00175945926458, 0.00192936067469, -0.00191142456606, 0.00106618111022, -0.00177289242856, 0.00178022217005, -0.00114655273501, 0.000513474631589, -0.00110038649291, 0.00127438863274, -0.00491944793612, 0.0122939348221]]
    },
    "melbands": {
        "dmean": [0.000502532639075, 0.000377732299967, 0.000265070644673, 0.000143762852531, 0.000163377146237, 0.000223505790927, 0.000157252929057, 0.000102186451841, 0.000140897085657, 0.000174854896613, 0.000124033293105, 0.000126448110677, 0.000130189509946, 6.18148842477e-05, 6.19918864686e-05, 7.7211036114e-05, 5.44217909919e-05, 3.77012693207e-05, 2.71963344858e-05, 1.87178702618e-05, 1.71188348759e-05, 1.67192829394e-05, 9.90861008177e-06, 8.06874504633e-06, 7.10527046976e-06, 4.55490317108e-06, 2.78990205516e-06, 2.27478767556e-06, 1.64042000961e-06, 1.5554020365e-06, 1.58175521392e-06, 1.54212716552e-06, 1.26280360746e-06, 1.21301764011e-06, 1.23938082197e-06, 1.17749277706e-06, 9.6798407867e-07, 7.00694727129e-07, 5.97895962073e-07, 4.27267821124e-07],
        "dmean2": [0.000806736410595, 0.000610921590123, 0.000434721092461, 0.000237540341914, 0.000259149906924, 0.000357015727786, 0.000248837081017, 0.000158550130436, 0.000221105947276, 0.000272187433438, 0.00019003979105, 0.000195431624888, 0.000204727446544, 9.45876163314e-05, 9.66971929302e-05, 0.000121169265185, 8.34443926578e-05, 5.72248027311e-05, 4.3551219278e-05, 3.01029613183e-05, 2.69629053946e-05, 2.70623677352e-05, 1.59644132509e-05, 1.31027409225e-05, 1.13166788651e-05, 7.34960849513e-06, 4.59961984234e-06, 3.72577210328e-06, 2.72636361842e-06, 2.58857835433e-06, 2.57931969827e-06, 2.50835023508e-06, 2.00199247047e-06, 1.88690603409e-06, 1.89911213511e-06, 1.81948280442e-06, 1.44668683788e-06, 1.04953608115e-06, 8.87883572886e-07, 6.32119451893e-07],
        "dvar": [2.84994666799e-06, 2.17162096305e-06, 8.41179939925e-07, 1.22747721321e-07, 1.64165356864e-07, 2.16415728005e-07, 1.27317278498e-07, 5.61964412782e-08, 1.00619985233e-07, 1.6996408192e-07, 1.0434509079e-07, 8.71061303087e-08, 1.08355195039e-07, 3.80652771526e-08, 2.77233649371e-08, 4.06449522927e-08, 2.63287631697e-08, 1.00721679885e-08, 5.2123660943e-09, 2.53891441204e-09, 2.57281840277e-09, 2.31345476109e-09, 5.96019178456e-10, 2.90605012276e-10, 2.44902320645e-10, 1.10973931433e-10, 3.343528579e-11, 2.31560898928e-11, 1.39662014592e-11, 1.27937859959e-11, 1.0730142469e-11, 1.06865809604e-11, 7.35105466082e-12, 5.90877477155e-12, 6.8299558717e-12, 5.12633902341e-12, 5.07209985817e-12, 3.05721528822e-12, 2.03383837549e-12, 1.28145768736e-12],
        "dvar2": [7.18262208466e-06, 5.37282267032e-06, 1.86682461845e-06, 3.17673737982e-07, 4.22128437094e-07, 5.56195800527e-07, 3.11983626489e-07, 1.34103942173e-07, 2.45904743679e-07, 4.05838846973e-07, 2.36219250382e-07, 2.08659670875e-07, 2.61603872787e-07, 7.9599921321e-08, 6.66236417146e-08, 9.15869193818e-08, 5.84220707367e-08, 1.96745251202e-08, 1.23574368516e-08, 5.86838933003e-09, 6.03830896395e-09, 5.92723292669e-09, 1.43094947003e-09, 7.33556437815e-10, 5.64759627952e-10, 2.90856116969e-10, 8.86053036497e-11, 6.00848953924e-11, 3.72948234795e-11, 3.41840236673e-11, 2.77524739301e-11, 2.72608602359e-11, 1.78430985265e-11, 1.31549337395e-11, 1.44803457419e-11, 1.1304869367e-11, 1.06272751016e-11, 6.30293863976e-12, 4.1978078999e-12, 2.7460893802e-12],
        "max": [0.0434943921864, 0.0341707132757, 0.0181980635971, 0.00741012394428, 0.0132431956008, 0.00871347542852, 0.00787091813982, 0.00442999787629, 0.00723975617439, 0.00900875497609, 0.0131319845095, 0.00853458233178, 0.00740594044328, 0.0112400827929, 0.00733545050025, 0.00632391218096, 0.00477153295651, 0.0038436553441, 0.00296902935952, 0.00156749319285, 0.00181275478099, 0.00189522909932, 0.000936403870583, 0.000409133266658, 0.000530833960511, 0.000510239391588, 0.000150221676449, 0.000131894499646, 8.11887293821e-05, 7.35030625947e-05, 7.5646705227e-05, 7.12300025043e-05, 5.95787350903e-05, 9.07814464881e-05, 0.000127424369566, 5.25285868207e-05, 7.09065207047e-05, 5.89515038882e-05, 4.79953851027e-05, 3.74368828489e-05],
        "mean": [0.00111782574095, 0.000661004974972, 0.000373638962628, 0.000252003228525, 0.000324334978359, 0.000427309714723, 0.000321970088407, 0.00019527375116, 0.000255870225374, 0.000324400229147, 0.000244006660068, 0.000242800670094, 0.000274583668215, 0.000119157586596, 0.000122483223095, 0.000146159305586, 0.000101547477243, 7.33510023565e-05, 5.39788670721e-05, 3.68782311853e-05, 3.22586602124e-05, 3.18440652336e-05, 1.96862947632e-05, 1.68071601365e-05, 1.51808844748e-05, 1.01660270957e-05, 5.90050785831e-06, 4.77010371469e-06, 3.37865844813e-06, 3.36555399372e-06, 3.54271628566e-06, 3.35908634952e-06, 2.7688111004e-06, 2.7479709388e-06, 2.76559694612e-06, 2.6520465326e-06, 2.07199036595e-06, 1.51514143454e-06, 1.21498987937e-06, 8.46921238917e-07],
        "median": [0.000252607453149, 0.00024645018857, 0.000108605840069, 0.000100257573649, 0.000121906647109, 0.000145568541484, 0.000111950030259, 6.41841397737e-05, 9.81125049293e-05, 9.42822662182e-05, 5.47375930182e-05, 6.3859304646e-05, 4.73900254292e-05, 2.69700030913e-05, 2.83802946797e-05, 3.39905564033e-05, 2.11396691157e-05, 2.00508238777e-05, 1.66164754773e-05, 1.03669081e-05, 9.55412724579e-06, 1.02365447674e-05, 7.18411820344e-06, 6.9560483098e-06, 6.94763684805e-06, 3.75669014829e-06, 2.17485603571e-06, 1.76085723069e-06, 1.29170973651e-06, 1.16074784273e-06, 1.23926679407e-06, 1.24124812828e-06, 1.24078428598e-06, 1.2142226069e-06, 1.23961854115e-06, 1.0782971458e-06, 7.55760481752e-07, 5.41476538274e-07, 4.45081752787e-07, 2.58913360085e-07],
        "min": [2.21158929716e-24, 3.53873180764e-24, 2.38652531656e-24, 6.06986262509e-24, 5.60280411552e-24, 3.08165850219e-24, 7.24524959665e-24, 4.00647070974e-24, 8.45439981496e-24, 9.13721257097e-24, 2.64701211785e-24, 3.49220755246e-24, 4.74786782645e-24, 8.19801686532e-24, 4.67484455017e-24, 6.33015004178e-24, 6.47103034426e-24, 5.99772878949e-24, 5.12806920048e-24, 6.65639569648e-24, 9.69432349717e-24, 5.55257221409e-24, 4.30567894577e-24, 8.83361156298e-24, 8.61909582817e-24, 8.80685813424e-24, 6.90523161384e-24, 8.20617842024e-24, 6.76862614861e-24, 5.87653017216e-24, 8.75545122449e-24, 8.82493882619e-24, 6.63491580289e-24, 9.82119994087e-24, 6.90621137908e-24, 8.29408829066e-24, 1.07646034306e-23, 1.01146009773e-23, 8.58778751656e-24, 8.29286397853e-24],
        "var": [5.03794308315e-06, 2.53822190643e-06, 1.17908666653e-06, 2.12116262333e-07, 3.77052060685e-07, 4.9885812814e-07, 3.24947308172e-07, 1.3457591308e-07, 2.17765958155e-07, 4.24915299391e-07, 3.46963787479e-07, 2.31145207863e-07, 3.75232673377e-07, 1.11585137574e-07, 1.02270334423e-07, 1.10021588284e-07, 6.85096566144e-08, 3.27057776417e-08, 1.38833557983e-08, 7.53475770665e-09, 6.64534827166e-09, 5.95125504432e-09, 1.48815171297e-09, 7.77652442441e-10, 6.6916749919e-10, 2.7589838747e-10, 9.39922445431e-11, 7.18312354042e-11, 3.3640323166e-11, 3.72011831062e-11, 3.30979063601e-11, 2.63003178264e-11, 1.69791559285e-11, 1.74045985957e-11, 1.89186721844e-11, 1.55800494034e-11, 1.31227919156e-11, 8.19100429844e-12, 5.19290990417e-12, 2.90662264223e-12]
    },
    "mfcc": {
        "mean": [-655.522644043, 109.460067749, -8.61818218231, -5.47190380096, -4.14110612869, -2.21581339836, -9.09704303741, 5.00596952438, -5.73246717453, 2.64040875435, 2.07904553413, 0.577233433723, -2.88403964043],
        "cov": [[9601.40527344, -1436.62402344, -161.491577148, 815.87890625, 562.209228516, 842.84588623, 832.534240723, 813.323791504, 348.865783691, 188.897064209, 104.127983093, 22.2644939423, 150.828048706], [-1436.62402344, 1082.98571777, 275.106964111, 109.740570068, 72.5199050903, -53.8834609985, -36.9475593567, -26.5660419464, -59.81508255, -25.6730117798, 22.8305206299, 14.0138463974, 26.2706604004], [-161.491577148, 275.106964111, 958.806640625, 328.351989746, 263.729614258, 44.9974441528, -26.3717384338, -29.7538585663, -55.759349823, -69.439666748, -10.3484020233, 30.3584442139, 21.6401500702], [815.87890625, 109.740570068, 328.351989746, 496.704101562, 247.866638184, 135.863418579, 89.0581588745, 109.120353699, 73.1463699341, 13.5293283463, 9.19785499573, 30.6728153229, 44.0018005371], [562.209228516, 72.5199050903, 263.729614258, 247.866638184, 424.480804443, 87.5812606812, 11.2569150925, -1.3573974371, 13.7205314636, 32.3027267456, 5.07125711441, -5.7906165123, 22.8608894348], [842.84588623, -53.8834609985, 44.9974441528, 135.863418579, 87.5812606812, 302.256866455, 209.648513794, 111.215682983, 92.3162536621, 73.1817092896, 43.1136016846, 35.2543258667, 27.1515522003], [832.534240723, -36.9475593567, -26.3717384338, 89.0581588745, 11.2569150925, 209.648513794, 316.733306885, 149.001724243, 100.393013, 67.4128952026, 48.8089408875, 35.8367538452, 36.9091453552], [813.323791504, -26.5660419464, -29.7538585663, 109.120353699, -1.3573974371, 111.215682983, 149.001724243, 252.678436279, 83.1092147827, 23.3286018372, 33.7999839783, 21.4608860016, 28.8644657135], [348.865783691, -59.81508255, -55.759349823, 73.1463699341, 13.7205314636, 92.3162536621, 100.393013, 83.1092147827, 192.253692627, 69.5168457031, 28.9045181274, 18.1516475677, 17.9849014282], [188.897064209, -25.6730117798, -69.439666748, 13.5293283463, 32.3027267456, 73.1817092896, 67.4128952026, 23.3286018372, 69.5168457031, 169.74029541, 53.0774726868, 23.7505245209, 16.7640590668], [104.127983093, 22.8305206299, -10.3484020233, 9.19785499573, 5.07125711441, 43.1136016846, 48.8089408875, 33.7999839783, 28.9045181274, 53.0774726868, 117.553245544, 38.7430725098, 18.225894928], [22.2644939423, 14.0138463974, 30.3584442139, 30.6728153229, -5.7906165123, 35.2543258667, 35.8367538452, 21.4608860016, 18.1516475677, 23.7505245209, 38.7430725098, 124.75, 34.6904144287], [150.828048706, 26.2706604004, 21.6401500702, 44.0018005371, 22.8608894348, 27.1515522003, 36.9091453552, 28.8644657135, 17.9849014282, 16.7640590668, 18.225894928, 34.6904144287, 106.205253601]],
