{
"lowlevel": {
    "average_loudness": 0.891815543175,
    "barkbands_crest": {
        "dmean": 2.37669014931,
        "dmean2": 3.88118338585,
        "dvar": 5.0500087738,
        "dvar2": 12.1915550232,
        "max": 24.0067901611,
        "mean": 7.56954145432,
        "median": 6.76942920685,
        "min": 2.14753603935,
        "var": 10.6485261917
    },
    "barkbands_flatness_db": {
        "dmean": 0.015720391646,
        "dmean2": 0.0247265901417,
        "dvar": 0.000212639439269,
        "dvar2": 0.0004995475756,
        "max": 0.317825764418,
        "mean": 0.111316494644,
        "median": 0.10553278029,
        "min": 0.0343734808266,
        "var": 0.00108832668047
    },
    "barkbands_kurtosis": {
        "dmean": 0.894232690334,
        "dmean2": 1.44753479958,
        "dvar": 6.02866792679,
        "dvar2": 15.1487360001,
        "max": 138.336135864,
        "mean": 0.387111008167,
        "median": -0.022038936615,
        "min": -1.86021161079,
        "var": 5.05814743042
    },
    "barkbands_skewness": {
        "dmean": 0.353187590837,
        "dmean2": 0.538419008255,
        "dvar": 0.155970185995,
        "dvar2": 0.345574200153,
        "max": 10.3985433578,
        "mean": 0.581541359425,
        "median": 0.548520088196,
        "min": -4.32745218277,
        "var": 0.486681848764
    },
    "barkbands_spread": {
        "dmean": 5.00011634827,
        "dmean2": 7.62377357483,
        "dvar": 27.9301204681,
        "dvar2": 60.2000350952,
        "max": 100.336196899,
        "mean": 26.3207321167,
        "median": 25.2806472778,
        "min": 2.2230219841,
        "var": 122.609443665
    },
    "dissonance": {
        "dmean": 0.0139195201918,
        "dmean2": 0.0238207485527,
        "dvar": 0.000185772034456,
        "dvar2": 0.000511276128236,
        "max": 0.500000178814,
        "mean": 0.476583838463,
        "median": 0.480340957642,
        "min": 0.176360607147,
        "var": 0.000313202093821
    },
    "dynamic_complexity": 2.76684856415,
    "erbbands_crest": {
        "dmean": 2.54816675186,
        "dmean2": 4.17447900772,
        "dvar": 5.34719944,
        "dvar2": 13.1959905624,
        "max": 28.4401397705,
        "mean": 8.59885215759,
        "median": 7.80923271179,
        "min": 2.25484108925,
        "var": 13.80772686
    },
    "erbbands_flatness_db": {
        "dmean": 0.015585353598,
        "dmean2": 0.0223573371768,
        "dvar": 0.000199169357074,
        "dvar2": 0.000380482466426,
        "max": 0.36497887969,
        "mean": 0.167359232903,
        "median": 0.163026735187,
        "min": 0.0458693578839,
        "var": 0.00188820634503
    },
    "erbbands_kurtosis": {
        "dmean": 0.744846701622,
        "dmean2": 1.17693591118,
        "dvar": 0.724804580212,
        "dvar2": 1.78750157356,
        "max": 13.6708660126,
        "mean": 0.669323980808,
        "median": 0.291663169861,
        "min": -1.62620043755,
        "var": 2.0914337635
    },
    "erbbands_skewness": {
        "dmean": 0.297155201435,
        "dmean2": 0.456446021795,
        "dvar": 0.0686789900064,
        "dvar2": 0.152287811041,
        "max": 2.8227417469,
        "mean": 0.236504033208,
        "median": 0.262562483549,
        "min": -3.31470322609,
        "var": 0.400734841824
    },
    "erbbands_spread": {
        "dmean": 5.53948783875,
        "dmean2": 8.37619876862,
        "dvar": 37.3232650757,
        "dvar2": 81.6317214966,
        "max": 99.6996688843,
        "mean": 28.5778770447,
        "median": 26.1793861389,
        "min": 5.70955324173,
        "var": 159.222930908
    },
    "hfc": {
        "dmean": 6.59253454208,
        "dmean2": 9.36273193359,
        "dvar": 58.26587677,
        "dvar2": 111.716461182,
        "max": 136.821304321,
        "mean": 28.2468757629,
        "median": 25.7828941345,
        "min": 1.14104178902e-16,
        "var": 362.390594482
    },
    "melbands_crest": {
        "dmean": 3.10158061981,
        "dmean2": 5.02094507217,
        "dvar": 8.7174987793,
        "dvar2": 20.599187851,
        "max": 34.4590492249,
        "mean": 10.6003351212,
        "median": 9.62071037292,
        "min": 1.0250095129,
        "var": 19.6823577881
    },
    "melbands_flatness_db": {
        "dmean": 0.0187357198447,
        "dmean2": 0.0288578346372,
        "dvar": 0.000355840107659,
        "dvar2": 0.000795463507529,
        "max": 0.327034413815,
        "mean": 0.130579888821,
        "median": 0.128531053662,
        "min": 7.43828377381e-06,
        "var": 0.00119332701433
    },
    "melbands_kurtosis": {
        "dmean": 2.16520118713,
        "dmean2": 3.44708991051,
        "dvar": 17.4081420898,
        "dvar2": 42.389465332,
        "max": 126.5703125,
        "mean": 3.07245087624,
        "median": 1.69408631325,
        "min": -1.80070006847,
        "var": 24.9137191772
    },
    "melbands_skewness": {
        "dmean": 0.468281328678,
        "dmean2": 0.715723156929,
        "dvar": 0.272328615189,
        "dvar2": 0.603324770927,
        "max": 9.1633234024,
        "mean": 1.31011104584,
        "median": 1.17497467995,
        "min": -1.33161997795,
        "var": 0.898308992386
    },
    "melbands_spread": {
        "dmean": 7.88067388535,
        "dmean2": 12.0849637985,
        "dvar": 90.2585601807,
        "dvar2": 183.260360718,
        "max": 221.794891357,
        "mean": 36.3612556458,
        "median": 34.3916168213,
        "min": 2.31336736679,
        "var": 292.348297119
    },
    "pitch_salience": {
        "dmean": 0.0629386603832,
        "dmean2": 0.102333240211,
        "dvar": 0.0032827721443,
        "dvar2": 0.00797740742564,
        "max": 0.9977825284,
        "mean": 0.612303137779,
        "median": 0.619673192501,
        "min": 0.165808916092,
        "var": 0.00917406845838
    },
    "silence_rate_20dB": {
        "dmean": 0,
        "dmean2": 0,
        "dvar": 0,
        "dvar2": 0,
        "max": 1,
        "mean": 1,
        "median": 1,
        "min": 1,
        "var": 0
    },
    "silence_rate_30dB": {
        "dmean": 0,
        "dmean2": 0,
        "dvar": 0,
        "dvar2": 0,
        "max": 1,
        "mean": 1,
        "median": 1,
        "min": 1,
        "var": 0
    },
    "silence_rate_60dB": {
        "dmean": 0.0195029135793,
        "dmean2": 0.0390104651451,
        "dvar": 0.0191235784441,
        "dvar2": 0.0415359474719,
        "max": 1,
        "mean": 0.0632580295205,
        "median": 0,
        "min": 0,
        "var": 0.059252653271
    },
    "spectral_centroid": {
        "dmean": 214.245986938,
        "dmean2": 327.394897461,
        "dvar": 57399.3046875,
        "dvar2": 116900.054688,
        "max": 11417.4648438,
        "mean": 1824.87609863,
        "median": 1796.09960938,
        "min": 445.019683838,
        "var": 235438.0625
    },
    "spectral_complexity": {
        "dmean": 3.98858356476,
        "dmean2": 6.01355838776,
        "dvar": 14.4043102264,
        "dvar2": 28.3413906097,
        "max": 57,
        "mean": 25.84126091,
        "median": 26,
        "min": 0,
        "var": 108.181091309
    },
    "spectral_decrease": {
        "dmean": 1.59316815296e-09,
        "dmean2": 2.34400121535e-09,
        "dvar": 4.584199386e-18,
        "dvar2": 9.14753314105e-18,
        "max": 1.09058395143e-28,
        "mean": -5.4959126139e-09,
        "median": -4.73127581557e-09,
        "min": -2.54781422626e-08,
        "var": 1.60931710485e-17
    },
    "spectral_energy": {
        "dmean": 0.00648261420429,
        "dmean2": 0.00946615915745,
        "dvar": 7.21882825019e-05,
        "dvar2": 0.000142510572914,
        "max": 0.105195946991,
        "mean": 0.023304913193,
        "median": 0.0202656295151,
        "min": 9.93797406141e-21,
        "var": 0.000275815837085
    },
    "spectral_energyband_high": {
        "dmean": 0.00034735709778,
        "dmean2": 0.000489263969939,
        "dvar": 3.19732862408e-07,
        "dvar2": 6.64180902277e-07,
        "max": 0.00917538907379,
        "mean": 0.000967644329648,
        "median": 0.000645472435281,
        "min": 7.07634596346e-21,
        "var": 9.58398459261e-07
    },
    "spectral_energyband_low": {
        "dmean": 0.00282588717528,
        "dmean2": 0.00432764692232,
        "dvar": 3.56695636583e-05,
        "dvar2": 7.16633730917e-05,
        "max": 0.0609318092465,
        "mean": 0.00460654264316,
        "median": 0.00268187047914,
        "min": 4.11770246396e-23,
        "var": 5.38730128028e-05
    },
    "spectral_energyband_middle_high": {
        "dmean": 0.00287387473509,
        "dmean2": 0.00429671024904,
        "dvar": 1.18238913274e-05,
        "dvar2": 2.62831636064e-05,
        "max": 0.065902300179,
        "mean": 0.0105848051608,
        "median": 0.00834535248578,
        "min": 1.3025546059e-21,
        "var": 7.44027056498e-05
    },
    "spectral_energyband_middle_low": {
        "dmean": 0.00322034838609,
        "dmean2": 0.00512642925605,
        "dvar": 2.50281918852e-05,
        "dvar2": 6.12118819845e-05,
        "max": 0.0716451257467,
        "mean": 0.00811471603811,
        "median": 0.00600874703377,
        "min": 2.44513988274e-22,
        "var": 5.56947707082e-05
    },
    "spectral_entropy": {
        "dmean": 0.109317362309,
        "dmean2": 0.154639661312,
        "dvar": 0.0119026713073,
        "dvar2": 0.0206067375839,
        "max": 9.79993534088,
        "mean": 7.8305273056,
        "median": 7.83773946762,
        "min": 6.50016689301,
        "var": 0.0697412416339
    },
    "spectral_flux": {
        "dmean": 0.0202966146171,
        "dmean2": 0.031701169908,
        "dvar": 0.000481240451336,
        "dvar2": 0.00110532343388,
        "max": 0.25261259079,
        "mean": 0.0845645219088,
        "median": 0.0791464149952,
        "min": 6.7550562366e-11,
        "var": 0.0015528089134
    },
    "spectral_kurtosis": {
        "dmean": 1.00984597206,
        "dmean2": 1.63730037212,
        "dvar": 0.841809749603,
        "dvar2": 2.23246598244,
        "max": 13.9458446503,
        "mean": 4.17585086823,
        "median": 4.06361484528,
        "min": -1.39118015766,
        "var": 2.98772549629
    },
    "spectral_rms": {
        "dmean": 0.000628434121609,
        "dmean2": 0.000902333296835,
        "dvar": 4.75395751209e-07,
        "dvar2": 8.73939143275e-07,
        "max": 0.0101306559518,
        "mean": 0.00444291066378,
        "median": 0.00444649811834,
        "min": 3.11377334507e-12,
        "var": 2.99703742712e-06
    },
    "spectral_rolloff": {
        "dmean": 478.356628418,
        "dmean2": 762.515625,
        "dvar": 639477.5625,
        "dvar2": 1172186.75,
        "max": 19336.8164062,
        "mean": 2269.36303711,
        "median": 2067.1875,
        "min": 43.06640625,
        "var": 1768847.625
    },
    "spectral_skewness": {
        "dmean": 0.147316351533,
        "dmean2": 0.233196273446,
        "dvar": 0.0169990770519,
        "dvar2": 0.039311286062,
        "max": 2.6278181076,
        "mean": 1.55432188511,
        "median": 1.56894516945,
        "min": -0.113653466105,
        "var": 0.077941454947
    },
    "spectral_spread": {
        "dmean": 432237.96875,
        "dmean2": 590482.1875,
        "dvar": 376473124864,
        "dvar2": 549830328320,
        "max": 41108592,
        "mean": 4466916.5,
        "median": 4224875.5,
        "min": 2029246.375,
        "var": 1.9103720407e+12
    },
    "spectral_strongpeak": {
        "dmean": 0.847010493279,
        "dmean2": 1.41485917568,
        "dvar": 1.26938462257,
        "dvar2": 3.00507378578,
        "max": 11.7611188889,
        "mean": 1.52728426456,
        "median": 0.840729892254,
        "min": 0,
        "var": 2.59588098526
    },
    "zerocrossingrate": {
        "dmean": 0.0101894522086,
        "dmean2": 0.0118735153228,
        "dvar": 0.000189692873391,
        "dvar2": 0.000196450695512,
        "max": 0.52197265625,
        "mean": 0.0856589302421,
        "median": 0.07958984375,
        "min": 0.015625,
        "var": 0.00115057080984
    },
    "barkbands": {
        "dmean": [4.44234792667e-05, 0.00215109600686, 0.00067017856054, 0.00109744688962, 0.000859681575093, 0.000543436792213, 0.000383470236557, 0.000808977580164, 0.000925428699702, 0.0010370783275, 0.00093797192676, 0.000547243049368, 0.0007402804913, 0.000652044196613, 0.00058718182845, 0.0003907631326, 0.000435554422438, 0.000359683152055, 0.000245509349043, 0.000134203437483, 8.9975685114e-05, 6.1061422457e-05, 7.27448859834e-05, 7.16782451491e-05, 5.74985133426e-05, 3.16876867146e-05, 1.66025255766e-08],
        "dmean2": [7.61524788686e-05, 0.00332704884931, 0.00115157256369, 0.00180439942051, 0.00147027883213, 0.000891678908374, 0.000615124881733, 0.00130277848803, 0.00146153056994, 0.00163552584127, 0.00149881606922, 0.000878926715814, 0.00116433971561, 0.00103870080784, 0.000929396366701, 0.000622379360721, 0.000700808188412, 0.0005599068827, 0.000377115386073, 0.000210860045627, 0.000141880067531, 9.34744457481e-05, 0.000106970714114, 0.000107173458673, 8.30828867038e-05, 4.56525303889e-05, 3.01119520429e-08],
        "dvar": [1.11367191025e-08, 2.72680354101e-05, 2.55251688941e-06, 8.82067615748e-06, 3.54653957402e-06, 9.12453799629e-07, 7.67471533436e-07, 2.98807412946e-06, 3.44893032889e-06, 3.84463601222e-06, 3.47215609509e-06, 1.38948234962e-06, 1.91345156964e-06, 1.55796897161e-06, 1.10903636141e-06, 5.04970103066e-07, 4.84462873374e-07, 3.60795411325e-07, 1.89990174704e-07, 3.86481957548e-08, 2.24297043161e-08, 1.12183258238e-08, 1.80783139569e-08, 1.97942799929e-08, 1.00348822585e-08, 4.62933913425e-09, 3.41050667254e-14],
        "dvar2": [3.08635712543e-08, 5.34042483196e-05, 6.98608573657e-06, 2.18039258471e-05, 9.8902874015e-06, 2.4658206712e-06, 1.85368037364e-06, 7.68033078202e-06, 8.1911775851e-06, 8.86295856617e-06, 8.7884527602e-06, 3.39115695169e-06, 4.30608224633e-06, 3.83759834222e-06, 2.58254590335e-06, 1.15970942716e-06, 1.20108234114e-06, 8.20416858005e-07, 3.95128637365e-07, 9.22453367025e-08, 5.36398410134e-08, 2.56499106399e-08, 3.83607776655e-08, 4.05942088832e-08, 2.04375929513e-08, 9.93494086998e-09, 9.56676347841e-14],
        "max": [0.00178190181032, 0.0511992648244, 0.044894028455, 0.041466858238, 0.0261893495917, 0.015897039324, 0.0285157170147, 0.0296533219516, 0.0324716232717, 0.0599281936884, 0.043635789305, 0.0389527380466, 0.0286832712591, 0.0255166143179, 0.0248589031398, 0.0145572731271, 0.0161094870418, 0.0123333362862, 0.0137858204544, 0.00311024137773, 0.00226751738228, 0.00209695915692, 0.00341644347645, 0.00279259635136, 0.00178228656296, 0.00092136580497, 1.05643130155e-05],
        "mean": [4.87991419504e-05, 0.00300269527361, 0.000980786280707, 0.00127062865067, 0.00132201483939, 0.000965326384176, 0.000656758085825, 0.00150615768507, 0.0015900550643, 0.00186070078053, 0.0016850840766, 0.000927158922423, 0.00133765174542, 0.00112152192742, 0.00102866708767, 0.000747679965571, 0.000884934968781, 0.000725955353118, 0.000522771675605, 0.000302944972645, 0.000189381811651, 0.000125236561871, 0.00015968819207, 0.000155312329298, 0.00013145871344, 5.55469450774e-05, 1.11420197513e-08],
        "median": [9.06792229216e-06, 0.00117074023001, 0.000540023902431, 0.00041155325016, 0.000829504511785, 0.000520541565493, 0.000300584593788, 0.000529274286237, 0.000623568950687, 0.000797245069407, 0.000530763820279, 0.00037813076051, 0.000485581927933, 0.000459660310298, 0.000496267166454, 0.000400167831685, 0.000550599826965, 0.000433568086009, 0.00033970415825, 0.000194523861865, 0.000124690370285, 7.1729067713e-05, 8.7868051196e-05, 8.55236576172e-05, 7.36529109417e-05, 2.23011611524e-05, 6.73267108731e-10],
        "min": [7.89638485415e-24, 2.06491473244e-23, 1.22749734802e-24, 1.13414556009e-23, 1.50016542386e-23, 3.16457705244e-23, 1.62128775834e-23, 6.02841382209e-23, 4.23419039839e-23, 2.50935107783e-23, 4.80187805607e-23, 4.27153412701e-23, 4.00560375161e-23, 8.2259139846e-23, 9.11366712399e-23, 1.38356446144e-22, 1.06349039693e-22, 1.21656084076e-22, 1.04454896307e-22, 3.25873517455e-22, 3.297966174e-22, 4.61144356256e-22, 4.41343215472e-22, 7.39182812544e-22, 8.54119417295e-22, 1.43488967044e-21, 2.34797781618e-21],
        "var": [1.19667635801e-08, 3.82374892069e-05, 2.40921667682e-06, 8.30692533782e-06, 3.57052908839e-06, 1.89671914086e-06, 1.51050460317e-06, 8.5864094217e-06, 7.90437297837e-06, 9.24949927139e-06, 9.43722261582e-06, 3.45189641848e-06, 4.91202445119e-06, 3.4712179513e-06, 2.38997427005e-06, 1.20140293802e-06, 1.11187580387e-06, 8.40026757487e-07, 4.43999709887e-07, 1.09096426115e-07, 4.43835261876e-08, 2.38017872078e-08, 4.6776381879e-08, 5.04646209265e-08, 2.77792402414e-08, 9.09774833247e-09, 2.08157533636e-14]
    },
    "erbbands": {
        "dmean": [0.0548054501414, 0.525434494019, 0.838123381138, 2.16079759598, 3.58067655563, 2.64697289467, 3.47657179832, 4.87781476974, 5.23407793045, 8.68302059174, 19.4013442993, 23.6710453033, 28.175195694, 29.1326999664, 36.6836395264, 22.9321537018, 31.9926376343, 32.9481315613, 32.2166862488, 23.9719581604, 16.9115524292, 19.7200717926, 19.9687709808, 13.9596395493, 9.68387413025, 6.31917762756, 4.50831747055, 2.99758219719, 2.37695455551, 1.8461574316, 2.31970143318, 1.65829885006, 1.17933595181, 0.70164757967, 0.420647591352, 0.218891531229, 0.0320336259902, 0.00112353672739, 3.47212626366e-05, 9.80551885732e-06],
        "dmean2": [0.0837670937181, 0.813382744789, 1.41773593426, 3.56558942795, 6.04635095596, 4.50944662094, 5.66693067551, 8.03211021423, 8.37533950806, 14.2288589478, 31.1832180023, 37.1949501038, 44.438369751, 45.7269859314, 58.8508834839, 36.4599151611, 50.163143158, 52.4029273987, 50.7699165344, 37.3017158508, 26.6477146149, 31.3183422089, 30.6797428131, 21.4071292877, 14.8616724014, 9.91738414764, 7.1953496933, 4.67152690887, 3.70287179947, 2.71031928062, 3.46793532372, 2.49508976936, 1.76780545712, 1.03253507614, 0.604067862034, 0.310510754585, 0.0497384369373, 0.00185172853526, 5.16818072356e-05, 1.36981770993e-05],
        "dvar": [0.018808150664, 1.59980607033, 3.82844495773, 27.937253952, 84.1304626465, 35.1309547424, 41.6411552429, 79.9709854126, 117.484062195, 360.519042969, 1927.56628418, 2558.07861328, 3682.8503418, 3058.61425781, 5416.61376953, 2271.99291992, 3950.99121094, 3935.79956055, 3446.41064453, 2167.64208984, 731.297790527, 943.513244629, 1071.19604492, 640.089172363, 254.628311157, 88.6144638062, 57.1150474548, 26.2444496155, 18.1367645264, 10.3082056046, 18.4418544769, 11.4130792618, 5.21296262741, 1.57144260406, 0.562413990498, 0.22581577301, 0.00533641595393, 4.67346690129e-05, 1.36268774042e-08, 1.80596787525e-10],
        "dvar2": [0.0358190834522, 3.34308338165, 10.3854207993, 69.3285598755, 220.421417236, 98.3275527954, 106.490760803, 213.649429321, 283.206695557, 931.18572998, 4950.24658203, 6104.21337891, 8231.359375, 7498.10839844, 13678.5253906, 5364.65234375, 8830.10449219, 9859.02832031, 8375.6015625, 4802.28466797, 1704.68920898, 2204.20507812, 2375.18969727, 1360.82653809, 543.683776855, 211.567520142, 142.379089355, 60.8139839172, 43.4110298157, 21.5537528992, 39.9965171814, 23.7749118805, 11.2965869904, 3.29026961327, 1.13818466663, 0.472537636757, 0.0131192430854, 0.000132009605295, 3.65587062845e-08, 3.5577066293e-10],
        "max": [1.29977381229, 12.5751142502, 40.2277107239, 71.6712493896, 125.7084198, 126.799415588, 183.159439087, 158.209976196, 256.74420166, 452.907928467, 809.910583496, 908.93963623, 2137.79785156, 1047.20129395, 1345.37475586, 1854.65234375, 1478.30480957, 1241.04284668, 1614.33703613, 1111.68823242, 815.800292969, 655.636352539, 880.11932373, 951.342712402, 376.328491211, 151.526916504, 130.226333618, 96.7088470459, 94.744102478, 82.3941726685, 96.2709884644, 65.9256744385, 49.4059791565, 21.8773784637, 11.3401298523, 6.85923242569, 1.16206073761, 0.380595743656, 0.00576221803203, 0.000210237296415],
        "mean": [0.0677327513695, 0.73221385479, 1.27245891094, 2.7968416214, 4.6572766304, 3.92552542686, 5.79274845123, 8.37168121338, 9.52411365509, 15.112575531, 37.0832557678, 42.0084724426, 52.8778190613, 54.8528900146, 70.0405273438, 44.9071159363, 60.7097244263, 63.6287918091, 59.3618659973, 48.456401825, 38.7692298889, 43.9849281311, 43.6875495911, 31.1974067688, 21.2891941071, 14.5753335953, 9.61173248291, 6.32394218445, 4.66803455353, 3.9600675106, 4.92898607254, 3.4559969902, 2.51068758965, 1.52926790714, 0.919641554356, 0.418714612722, 0.0506445989013, 0.00142747513019, 6.98370058672e-05, 3.56019299943e-05],
        "median": [0.0174908339977, 0.295494556427, 0.736739516258, 1.31855559349, 1.98009848595, 2.27751111984, 3.27991819382, 4.08282613754, 4.77683782578, 7.41146087646, 12.4651031494, 17.4700737, 22.6735191345, 23.4347667694, 25.4488811493, 21.1056804657, 24.1504478455, 28.8324699402, 31.4829177856, 24.9715538025, 25.1910209656, 29.225561142, 27.8864173889, 20.3735179901, 14.354013443, 9.3250579834, 6.52560997009, 4.05474472046, 2.66634631157, 2.20712184906, 2.66285276413, 1.83935451508, 1.39347720146, 0.841580510139, 0.480778068304, 0.174045205116, 0.0241834968328, 0.000572038581595, 4.11203291151e-05, 3.11041658279e-05],
        "min": [5.0068095411e-22, 2.9111212059e-21, 3.31664629926e-21, 1.35084789807e-20, 4.68308400732e-20, 3.45211808681e-20, 7.34899503311e-20, 3.05133253641e-19, 2.96516254706e-19, 3.13013855036e-19, 9.35586871129e-19, 9.19803644656e-19, 8.88481003195e-19, 1.98067901367e-18, 1.50509255446e-18, 1.59016104943e-18, 1.61212900194e-18, 3.77517869662e-18, 3.40417661136e-18, 4.76451607414e-18, 7.7388991518e-18, 7.86813288762e-18, 5.75224251742e-18, 7.92912918599e-18, 9.15677357568e-18, 1.6704232528e-17, 1.39394954815e-17, 1.3674314612e-17, 1.47974091625e-17, 1.41240725634e-17, 1.43924513131e-17, 1.39577612838e-17, 1.29673398861e-17, 8.15504213744e-18, 7.06528627432e-18, 5.35459570387e-18, 2.36264413718e-18, 1.1598948854e-18, 3.21468468077e-19, 3.36267853684e-20],
        "var": [0.026140678674, 2.12636208534, 3.92453932762, 26.9034538269, 77.4752502441, 38.6981697083, 64.8378067017, 169.458114624, 242.077529907, 735.620422363, 5698.29882812, 5485.20166016, 9435.29003906, 7363.28955078, 14135.2050781, 6569.60693359, 9727.90527344, 9651.69628906, 7194.70996094, 5251.45849609, 2018.5291748, 2394.72949219, 2702.2097168, 1638.09912109, 586.788269043, 253.3228302, 113.742416382, 53.0519981384, 33.7024688721, 25.8589839935, 45.8601074219, 27.3655147552, 12.5320014954, 4.07126140594, 1.50912761688, 0.49167484045, 0.00708076404408, 3.01260624838e-05, 1.31302595463e-08, 6.70824951143e-10]
    },
    "gfcc": {
        "mean": [18.9692554474, 63.9711341858, -151.455810547, 22.2722015381, -66.2320022583, 24.8398895264, -47.5804405212, 19.7774620056, -31.5362510681, 1.32274377346, -18.6800289154, -2.49282217026, -10.6463890076],
        "cov": [[4580.84521484, 612.464660645, 865.428222656, 615.231445312, 457.646942139, 295.225952148, 170.625015259, 300.260803223, -36.0614891052, 191.606201172, -48.3621406555, 86.5651779175, -129.835418701], [612.464660645, 1051.77807617, 562.622924805, 438.981781006, 326.826568604, 90.748008728, 186.95854187, 59.9023094177, 71.0488586426, 29.9724388123, 73.826751709, -31.602891922, -1.20210301876], [865.428222656, 562.622924805, 999.159606934, 540.160217285, 289.496917725, 192.010498047, 85.9872894287, 90.7079162598, 46.266658783, 97.3590393066, -6.16116952896, 61.0994148254, -48.0274162292], [615.231445312, 438.981781006, 540.160217285, 494.926177979, 269.410644531, 112.728340149, 88.8322906494, 60.1995201111, 46.759311676, 56.0895652771, 13.2072916031, 23.2939548492, -6.01078748703], [457.646942139, 326.826568604, 289.496917725, 269.410644531, 330.412384033, 120.894050598, 123.060913086, 92.212928772, 19.8818397522, 54.8183860779, 8.20123291016, 12.1940870285, -6.54754018784], [295.225952148, 90.748008728, 192.010498047, 112.728340149, 120.894050598, 241.790969849, 157.244827271, 41.0201911926, 7.43602466583, 37.3238372803, 13.8159179688, 20.9721355438, -5.99632740021], [170.625015259, 186.95854187, 85.9872894287, 88.8322906494, 123.060913086, 157.244827271, 244.703521729, 64.5409545898, 15.9856367111, 38.4078102112, 15.8194646835, 10.0225324631, 1.06003856659], [300.260803223, 59.9023094177, 90.7079162598, 60.1995201111, 92.212928772, 41.0201911926, 64.5409545898, 138.592803955, 65.0713195801, 28.6073074341, -8.08899593353, 1.53466653824, 2.98380899429], [-36.0614891052, 71.0488586426, 46.266658783, 46.759311676, 19.8818397522, 7.43602466583, 15.9856367111, 65.0713195801, 131.840820312, 30.1375713348, -6.7630109787, -4.82599925995, 11.8963470459], [191.606201172, 29.9724388123, 97.3590393066, 56.0895652771, 54.8183860779, 37.3238372803, 38.4078102112, 28.6073074341, 30.1375713348, 93.6253128052, 16.8060874939, 29.20819664, -5.23498392105], [-48.3621406555, 73.826751709, -6.16116952896, 13.2072916031, 8.20123291016, 13.8159179688, 15.8194646835, -8.08899593353, -6.7630109787, 16.8060874939, 108.20274353, 23.2773685455, 16.8534832001], [86.5651779175, -31.602891922, 61.0994148254, 23.2939548492, 12.1940870285, 20.9721355438, 10.0225324631, 1.53466653824, -4.82599925995, 29.20819664, 23.2773685455, 76.3327636719, 18.2139453888], [-129.835418701, -1.20210301876, -48.0274162292, -6.01078748703, -6.54754018784, -5.99632740021, 1.06003856659, 2.98380899429, 11.8963470459, -5.23498392105, 16.8534832001, 18.2139453888, 65.497177124]],
        "icov": [[0.00049993256107, -0.000669291650411, 0.000590675510466, -0.000773568463046, 0.000728091050405, -0.00102558126673, 0.00110479036812, -0.00198795460165, 0.00151713937521, -0.00108552200254, 0.000891369127203, -0.00104109395761, 0.00109027524013], [-0.000669291650411, 0.00429648859426, -0.00303493347019, 0.00130100594833, -0.00343320239335, 0.00434148311615, -0.00487508438528, 0.00532015459612, -0.00425977166742, 0.00351319182664, -0.00416567502543, 0.00474966922775, -0.00265755527653], [0.000590675510466, -0.00303493347019, 0.00551155209541, -0.0046435049735, 0.0031271353364, -0.00484561687335, 0.00485610635951, -0.00533505203202, 0.00375705258921, -0.00345529429615, 0.00371239287779, -0.00521831028163, 0.00430129515007], [-0.000773568463046, 0.00130100594833, -0.0046435049735, 0.00897219590843, -0.00543658901006, 0.00312999892049, -0.00298088812269, 0.00585112441331, -0.00468496838585, 0.00282694469206, -0.00250030029565, 0.00293548242189, -0.00366244348697], [0.000728091050405, -0.00343320239335, 0.0031271353364, -0.00543658901006, 0.0105903875083, -0.00481861783192, 0.00330862915143, -0.00875227618963, 0.0064570014365, -0.00496981339529, 0.00364057044499, -0.00311336293817, 0.00249611563049], [-0.00102558126673, 0.00434148311615, -0.00484561687335, 0.00312999892049, -0.00481861783192, 0.013298323378, -0.0103490399197, 0.00759604712948, -0.00530396495014, 0.00429127318785, -0.00476807216182, 0.00448860181496, -0.00337700499222], [0.00110479036812, -0.00487508438528, 0.00485610635951, -0.00298088812269, 0.00330862915143, -0.0103490399197, 0.0143056968227, -0.00952087435871, 0.00635935179889, -0.00575254578143, 0.00458790268749, -0.00528705026954, 0.00364822917618], [-0.00198795460165, 0.00532015459612, -0.00533505203202, 0.00585112441331, -0.00875227618963, 0.00759604712948, -0.00952087435871, 0.023177606985, -0.0139475008473, 0.00632667634636, -0.00510498369113, 0.00667602289468, -0.00580343464389], [0.00151713937521, -0.00425977166742, 0.00375705258921, -0.00468496838585, 0.0064570014365, -0.00530396495014, 0.00635935179889, -0.0139475008473, 0.018149908632, -0.00877630896866, 0.0054544378072, -0.00265435385518, 0.00128320232034], [-0.00108552200254, 0.00351319182664, -0.00345529429615, 0.00282694469206, -0.00496981339529, 0.00429127318785, -0.00575254578143, 0.00632667634636, -0.00877630896866, 0.019665652886, -0.00559432432055, -0.00163766287733, 0.000400124437874], [0.000891369127203, -0.00416567502543, 0.00371239287779, -0.00250030029565, 0.00364057044499, -0.00476807216182, 0.00458790268749, -0.00510498369113, 0.0054544378072, -0.00559432432055, 0.0148432962596, -0.00698389532045, 0.000953863258474], [-0.00104109395761, 0.00474966922775, -0.00521831028163, 0.00293548242189, -0.00311336293817, 0.00448860181496, -0.00528705026954, 0.00667602289468, -0.00265435385518, -0.00163766287733, -0.00698389532045, 0.0243963487446, -0.0102885458618], [0.00109027524013, -0.00265755527653, 0.00430129515007, -0.00366244348697, 0.00249611563049, -0.00337700499222, 0.00364822917618, -0.00580343464389, 0.00128320232034, 0.000400124437874, 0.000953863258474, -0.0102885458618, 0.022758519277]]
    },
    "melbands": {
        "dmean": [0.000558940635528, 0.000518000102602, 0.000428362400271, 0.000209263016586, 0.000118723946798, 0.000107102154288, 7.8393262811e-05, 0.000106910301838, 0.000159164730576, 0.000149640472955, 0.000141422671732, 0.000120637756481, 0.000129519336042, 6.98680814821e-05, 6.73796821502e-05, 6.99580632499e-05, 6.72307287459e-05, 5.49407413928e-05, 3.6173096305e-05, 3.54630319634e-05, 2.17386605073e-05, 2.32175571e-05, 2.47064799623e-05, 1.61962434504e-05, 1.24472189782e-05, 8.95619359653e-06, 5.62148261452e-06, 4.44288707513e-06, 3.26905660586e-06, 2.28067824537e-06, 1.76727189682e-06, 1.46548654811e-06, 1.19500100482e-06, 1.08110009478e-06, 1.45365481785e-06, 1.3086536228e-06, 1.01982129763e-06, 8.93988442385e-07, 7.80292907621e-07, 5.95441917994e-07],
        "dmean2": [0.000856917351484, 0.000831865647342, 0.000701760989614, 0.000355127005605, 0.000194392356207, 0.000175790381036, 0.000125057253172, 0.000175117616891, 0.000255632854532, 0.000235395127675, 0.000223150491365, 0.000189528218471, 0.000206053387956, 0.000112553236249, 0.000107089741505, 0.000109855907795, 0.000107713633042, 8.65811307449e-05, 5.70624797547e-05, 5.60667140235e-05, 3.4893360862e-05, 3.75610979972e-05, 3.86185165553e-05, 2.56273942796e-05, 1.94221865968e-05, 1.387503562e-05, 8.84629662323e-06, 7.09895857653e-06, 5.31064961251e-06, 3.61186312148e-06, 2.79490382127e-06, 2.33145760831e-06, 1.86282750292e-06, 1.6162165366e-06, 2.21678374146e-06, 1.97466829377e-06, 1.57837052939e-06, 1.36741971346e-06, 1.19963692669e-06, 8.94724337286e-07],
        "dvar": [1.91383651327e-06, 1.35306083848e-06, 1.16933517802e-06, 2.36100291318e-07, 4.67922731673e-08, 3.66102597127e-08, 2.77713869679e-08, 4.73429828673e-08, 1.14035195509e-07, 1.03020731501e-07, 9.33223347488e-08, 5.39951514611e-08, 6.92888093567e-08, 1.9971981402e-08, 2.02200407529e-08, 1.73131908809e-08, 1.79154575619e-08, 1.01333865743e-08, 4.49189530016e-09, 4.50930848217e-09, 1.4722988384e-09, 1.51343881871e-09, 1.79051440341e-09, 6.67709110225e-10, 5.59827961766e-10, 2.58621651872e-10, 7.41870453957e-11, 4.56095786139e-11, 3.08283468198e-11, 1.33926541732e-11, 9.66333783825e-12, 6.58588635016e-12, 4.65809118708e-12, 3.82470877885e-12, 7.06447053633e-12, 6.71259315493e-12, 4.26367101347e-12, 3.03404198466e-12, 2.14538955177e-12, 1.10139078847e-12],
        "dvar2": [3.53397854269e-06, 3.36378934662e-06, 2.90982075057e-06, 6.41370206722e-07, 1.20964941175e-07, 9.86366330835e-08, 6.68120350156e-08, 1.2264528948e-07, 2.91003942721e-07, 2.47101212381e-07, 2.08773428767e-07, 1.32136918296e-07, 1.74067935177e-07, 4.99458892023e-08, 4.65507383751e-08, 3.84508993534e-08, 4.49883330589e-08, 2.44956428475e-08, 9.92597293248e-09, 1.02467740959e-08, 3.52293194616e-09, 3.60198848526e-09, 4.10726341826e-09, 1.54934531871e-09, 1.23442067679e-09, 5.51227730128e-10, 1.72051900504e-10, 1.13449645511e-10, 7.8290741945e-11, 3.19046351838e-11, 2.32323171118e-11, 1.62752363669e-11, 1.09616647356e-11, 8.3293155359e-12, 1.6079890891e-11, 1.46453925376e-11, 9.33079481735e-12, 6.7596184726e-12, 4.78323630704e-12, 2.40046827901e-12],
        "max": [0.0126117244363, 0.0174798853695, 0.0157319996506, 0.00701598916203, 0.00558392005041, 0.00305950525217, 0.00419558677822, 0.0046268729493, 0.00622493680567, 0.00601625721902, 0.0108567951247, 0.00463878689334, 0.00642915535718, 0.00507432268932, 0.00354690058157, 0.00266308453865, 0.00285722059198, 0.0027482372243, 0.0017608476337, 0.00141729891766, 0.0013835048303, 0.000909296679311, 0.000899522623513, 0.000517622334883, 0.000943314866163, 0.000440564006567, 0.000172071173438, 0.000118860909424, 9.87261155387e-05, 7.37424852559e-05, 6.20263672317e-05, 5.79988482059e-05, 4.05069768021e-05, 5.24496026628e-05, 5.90132440266e-05, 6.01439569436e-05, 4.21935073973e-05, 4.0547849494e-05, 2.87757138722e-05, 1.89624206541e-05],
        "mean": [0.000753100728616, 0.000800511450507, 0.000563699402846, 0.000302726461086, 0.000200961265364, 0.000187861107406, 0.000142300879816, 0.000187953948625, 0.000298215221846, 0.000258680694969, 0.000258126005065, 0.000213746461668, 0.000237226151512, 0.000129590247525, 0.000119738928333, 0.00012762696133, 0.000118169977213, 9.45691936067e-05, 6.52693634038e-05, 6.4816485974e-05, 4.35317706433e-05, 4.60606388515e-05, 4.74676016893e-05, 3.2990694308e-05, 2.46661056735e-05, 1.76583216671e-05, 1.17854588098e-05, 9.19853755477e-06, 6.40437701804e-06, 4.51401956525e-06, 3.34845731231e-06, 2.69068459602e-06, 2.22618132284e-06, 2.16078228732e-06, 2.89021477329e-06, 2.54708697867e-06, 1.95307347894e-06, 1.77865445039e-06, 1.54938209107e-06, 1.20303150197e-06],
        "median": [0.000268173287623, 0.000445993850008, 0.000282075896394, 0.000168070822838, 0.000119033749797, 9.41874386626e-05, 6.85263075866e-05, 8.72778618941e-05, 0.000103017213405, 0.000102156060166, 0.000104778671812, 8.47502378747e-05, 7.62154741096e-05, 5.71203199797e-05, 4.68729995191e-05, 4.8811925808e-05, 4.71647217637e-05, 4.58011418232e-05, 3.3393574995e-05, 3.11224430334e-05, 2.77528706647e-05, 2.94698147627e-05, 2.62074463535e-05, 1.96778328245e-05, 1.52416741912e-05, 1.13274873002e-05, 7.59687554819e-06, 5.62022523809e-06, 4.1337489165e-06, 3.00073520521e-06, 1.99317355509e-06, 1.53096539179e-06, 1.23217682813e-06, 1.17086653972e-06, 1.5330900851e-06, 1.36737799039e-06, 1.01269336028e-06, 9.62195827015e-07, 8.24141125122e-07, 6.2732948436e-07],
        "min": [6.03824705216e-24, 2.53941030708e-24, 3.86129229862e-24, 2.72122065763e-24, 2.73624885231e-24, 7.68414734963e-24, 4.21329702289e-24, 4.991323318e-24, 6.33519954044e-24, 6.2271461068e-24, 4.50115394492e-24, 7.15491950098e-24, 5.35044120105e-24, 4.99668520558e-24, 2.71559706545e-24, 4.12330889841e-24, 6.85884974806e-24, 4.77097080135e-24, 7.25806700864e-24, 6.19844064176e-24, 6.87661805109e-24, 6.38333031085e-24, 6.19888753146e-24, 4.92601076265e-24, 6.65347217797e-24, 3.56658293633e-24, 7.37296065518e-24, 1.02622512841e-23, 8.66492864676e-24, 8.40970453379e-24, 6.99940661757e-24, 9.44680024436e-24, 6.43746076287e-24, 7.79075559008e-24, 7.55384724961e-24, 9.1407308906e-24, 8.28048675093e-24, 7.73105065247e-24, 1.02211863408e-23, 6.02489360919e-24],
        "var": [2.75767888525e-06, 1.61966488577e-06, 1.12437555799e-06, 2.32837336966e-07, 7.13070988922e-08, 7.923287626e-08, 5.66607276653e-08, 1.03098820148e-07, 3.3019989587e-07, 2.21302130399e-07, 2.35743968346e-07, 1.26431643821e-07, 1.87681521879e-07, 5.5172549196e-08, 4.50545307729e-08, 4.42030234638e-08, 4.07903826272e-08, 2.05035259881e-08, 9.44022904292e-09, 1.07118367509e-08, 3.14750625563e-09, 3.22906790196e-09, 3.86968856958e-09, 1.57696378178e-09, 1.27397103977e-09, 5.25318011313e-10, 1.81486020656e-10, 1.16492787638e-10, 5.73726968711e-11, 2.63685271534e-11, 1.75351851095e-11, 1.15796885969e-11, 8.63219565272e-12, 8.57130772608e-12, 1.60721973924e-11, 1.50818055961e-11, 9.2807133506e-12, 6.6499323409e-12, 4.91763357466e-12, 2.6152381042e-12]
    },
    "mfcc": {
        "mean": [-611.114135742, 93.576713562, -26.0478820801, 0.143282204866, 2.19991898537, -3.50317263603, 0.948264539242, 5.05540037155, -1.6750690937, 2.46070146561, -3.30842328072, -1.73191726208, -5.30130434036],
        "cov": [[3408.45922852, 402.983520508, 475.953460693, 489.136505127, 346.144012451, 210.168838501, 294.485900879, 186.608505249, 158.26322937, 117.967300415, 148.21055603, 112.564659119, 67.2489395142], [402.983520508, 730.879394531, 297.72769165, 353.632080078, 195.41368103, 135.770431519, 161.738739014, 84.2496414185, 75.4895401001, 67.6394348145, 67.264251709, 66.0007705688, 42.011932373], [475.953460693, 297.72769165, 736.641235352, 359.750366211, 249.793167114, 200.502456665, 87.645866394, 79.9793624878, 62.8165969849, 34.8085136414, 48.4531555176, 69.0412216187, 60.7108459473], [489.136505127, 353.632080078, 359.750366211, 499.584197998, 264.784667969, 136.296661377, 101.909431458, 63.1412315369, 86.6338348389, 43.5473365784, 53.2095947266, 51.4911956787, 53.3450317383], [346.144012451, 195.41368103, 249.793167114, 264.784667969, 295.052856445, 79.5281524658, 63.4118423462, 51.8055267334, 56.1105766296, 41.6004562378, 38.7410926819, 30.0849552155, 30.1424007416], [210.168838501, 135.770431519, 200.502456665, 136.296661377, 79.5281524658, 255.466522217, 151.860519409, 70.8733291626, 61.6914672852, 22.3346290588, 41.1393814087, 43.7564086914, 29.2782878876], [294.485900879, 161.738739014, 87.645866394, 101.909431458, 63.4118423462, 151.860519409, 253.992233276, 87.3765411377, 37.5199813843, 25.6701755524, 40.6067657471, 45.5984725952, 16.4969882965], [186.608505249, 84.2496414185, 79.9793624878, 63.1412315369, 51.8055267334, 70.8733291626, 87.3765411377, 122.542190552, 73.6800994873, 43.1046066284, 30.6505222321, 22.1708774567, 17.0332946777], [158.26322937, 75.4895401001, 62.8165969849, 86.6338348389, 56.1105766296, 61.6914672852, 37.5199813843, 73.6800994873, 157.719604492, 67.1416168213, 34.1505508423, 21.2368793488, 17.1873531342], [117.967300415, 67.6394348145, 34.8085136414, 43.5473365784, 41.6004562378, 22.3346290588, 25.6701755524, 43.1046066284, 67.1416168213, 92.7148666382, 41.7586135864, 19.0595321655, 7.2991642952], [148.21055603, 67.264251709, 48.4531555176, 53.2095947266, 38.7410926819, 41.1393814087, 40.6067657471, 30.6505222321, 34.1505508423, 41.7586135864, 78.0337600708, 39.9286422729, 16.2616214752], [112.564659119, 66.0007705688, 69.0412216187, 51.4911956787, 30.0849552155, 43.7564086914, 45.5984725952, 22.1708774567, 21.2368793488, 19.0595321655, 39.9286422729, 75.5206832886, 34.5212211609], [67.2489395142, 42.011932373, 60.7108459473, 53.3450317383, 30.1424007416, 29.2782878876, 16.4969882965, 17.0332946777, 17.1873531342, 7.2991642952, 16.2616214752, 34.5212211609, 66.358581543]],
