{
"lowlevel": {
    "average_loudness": 0.714475691319,
    "barkbands_crest": {
        "dmean": 2.49701714516,
        "dmean2": 4.10775089264,
        "dvar": 5.34632635117,
        "dvar2": 13.3223390579,
        "max": 24.8184986115,
        "mean": 9.05443572998,
        "median": 8.39552307129,
        "min": 2.5949819088,
        "var": 13.9621181488
    },
    "barkbands_flatness_db": {
        "dmean": 0.0181796699762,
        "dmean2": 0.028549907729,
        "dvar": 0.000282005261397,
        "dvar2": 0.000648483575787,
        "max": 0.333323478699,
        "mean": 0.134681209922,
        "median": 0.128625079989,
        "min": 0.0405075140297,
        "var": 0.00154471944552
    },
    "barkbands_kurtosis": {
        "dmean": 2.38242220879,
        "dmean2": 3.74581336975,
        "dvar": 16.8486251831,
        "dvar2": 38.993637085,
        "max": 78.3468704224,
        "mean": 3.88493299484,
        "median": 1.38958644867,
        "min": -1.9168792963,
        "var": 48.4168319702
    },
    "barkbands_skewness": {
        "dmean": 0.472554773092,
        "dmean2": 0.724767684937,
        "dvar": 0.257992744446,
        "dvar2": 0.537867546082,
        "max": 7.92353725433,
        "mean": 1.45474267006,
        "median": 1.21217274666,
        "min": -2.52591705322,
        "var": 1.40291321278
    },
    "barkbands_spread": {
        "dmean": 5.31305027008,
        "dmean2": 8.1275100708,
        "dvar": 55.2939338684,
        "dvar2": 103.620506287,
        "max": 102.760299683,
        "mean": 22.404001236,
        "median": 18.8651618958,
        "min": 1.47881793976,
        "var": 222.848678589
    },
    "dissonance": {
        "dmean": 0.017119621858,
        "dmean2": 0.0288399383426,
        "dvar": 0.000258382700849,
        "dvar2": 0.00071108067641,
        "max": 0.500000178814,
        "mean": 0.466347366571,
        "median": 0.471905648708,
        "min": 0.288504391909,
        "var": 0.000631931121461
    },
    "dynamic_complexity": 3.24267029762,
    "erbbands_crest": {
        "dmean": 2.4096698761,
        "dmean2": 3.90437912941,
        "dvar": 5.10654878616,
        "dvar2": 12.2925233841,
        "max": 28.1380825043,
        "mean": 8.54462528229,
        "median": 7.42750167847,
        "min": 2.49375104904,
        "var": 16.6949501038
    },
    "erbbands_flatness_db": {
        "dmean": 0.013983421959,
        "dmean2": 0.0202615950257,
        "dvar": 0.00014914140047,
        "dvar2": 0.000296006881399,
        "max": 0.308865904808,
        "mean": 0.158407509327,
        "median": 0.152339413762,
        "min": 0.0600656196475,
        "var": 0.00175152800512
    },
    "erbbands_kurtosis": {
        "dmean": 0.712257623672,
        "dmean2": 1.13187813759,
        "dvar": 0.738832831383,
        "dvar2": 1.67001116276,
        "max": 14.2288303375,
        "mean": 0.321084409952,
        "median": -0.0872452259064,
        "min": -1.73941779137,
        "var": 2.28138232231
    },
    "erbbands_skewness": {
        "dmean": 0.317428529263,
        "dmean2": 0.485185295343,
        "dvar": 0.0922741964459,
        "dvar2": 0.183700203896,
        "max": 3.43755912781,
        "mean": 0.406465858221,
        "median": 0.44069391489,
        "min": -3.48489737511,
        "var": 0.472978234291
    },
    "erbbands_spread": {
        "dmean": 7.1429772377,
        "dmean2": 10.8731822968,
        "dvar": 64.3937606812,
        "dvar2": 143.595108032,
        "max": 135.829879761,
        "mean": 39.3878440857,
        "median": 35.3937416077,
        "min": 6.10718011856,
        "var": 361.406646729
    },
    "hfc": {
        "dmean": 5.17373561859,
        "dmean2": 7.42181825638,
        "dvar": 59.9761276245,
        "dvar2": 120.229431152,
        "max": 145.297515869,
        "mean": 20.0152263641,
        "median": 14.4172935486,
        "min": 1.14219335678e-16,
        "var": 347.573577881
    },
    "melbands_crest": {
        "dmean": 3.27871990204,
        "dmean2": 5.39398145676,
        "dvar": 9.22501564026,
        "dvar2": 22.644744873,
        "max": 34.1629524231,
        "mean": 12.4959039688,
        "median": 11.5641412735,
        "min": 1.7511523962,
        "var": 25.6686439514
    },
    "melbands_flatness_db": {
        "dmean": 0.022192588076,
        "dmean2": 0.0338740311563,
        "dvar": 0.000472124025691,
        "dvar2": 0.000990256085061,
        "max": 0.430410981178,
        "mean": 0.172629222274,
        "median": 0.165836066008,
        "min": 0.00374666112475,
        "var": 0.00337528507225
    },
    "melbands_kurtosis": {
        "dmean": 5.89861059189,
        "dmean2": 9.38599681854,
        "dvar": 124.376480103,
        "dvar2": 298.391937256,
        "max": 292.815246582,
        "mean": 12.2016468048,
        "median": 5.63986587524,
        "min": -1.82343018055,
        "var": 317.23739624
    },
    "melbands_skewness": {
        "dmean": 0.62908911705,
        "dmean2": 0.982975184917,
        "dvar": 0.495610445738,
        "dvar2": 1.11776852608,
        "max": 14.3036985397,
        "mean": 2.4281065464,
        "median": 2.07943725586,
        "min": -0.630826473236,
        "var": 2.6053788662
    },
    "melbands_spread": {
        "dmean": 7.05997467041,
        "dmean2": 10.7119350433,
        "dvar": 130.348190308,
        "dvar2": 242.219497681,
        "max": 233.542816162,
        "mean": 25.8199939728,
        "median": 21.3424243927,
        "min": 1.47177565098,
        "var": 478.233062744
    },
    "pitch_salience": {
        "dmean": 0.0656215324998,
        "dmean2": 0.10662663728,
        "dvar": 0.00349001865834,
        "dvar2": 0.00864202994853,
        "max": 0.842864573002,
        "mean": 0.601937532425,
        "median": 0.611059725285,
        "min": 0.109486863017,
        "var": 0.0110918609425
    },
    "silence_rate_20dB": {
        "dmean": 0,
        "dmean2": 0,
        "dvar": 0,
        "dvar2": 0,
        "max": 1,
        "mean": 1,
        "median": 1,
        "min": 1,
        "var": 0
    },
    "silence_rate_30dB": {
        "dmean": 0.000500500493217,
        "dmean2": 0.00100112624932,
        "dvar": 0.000500246707816,
        "dvar2": 0.00125039217528,
        "max": 1,
        "mean": 0.999624669552,
        "median": 1,
        "min": 0,
        "var": 0.000375197385438
    },
    "silence_rate_60dB": {
        "dmean": 0.0217717718333,
        "dmean2": 0.0435489937663,
        "dvar": 0.0212969165295,
        "dvar2": 0.0476554557681,
        "max": 1,
        "mean": 0.0693106502295,
        "median": 0,
        "min": 0,
        "var": 0.0645034983754
    },
    "spectral_centroid": {
        "dmean": 236.431259155,
        "dmean2": 361.131134033,
        "dvar": 83345.7890625,
        "dvar2": 156021.953125,
        "max": 11326.4560547,
        "mean": 1379.7911377,
        "median": 1282.26757812,
        "min": 201.624237061,
        "var": 490574.625
    },
    "spectral_complexity": {
        "dmean": 3.04329323769,
        "dmean2": 4.73607826233,
        "dvar": 8.95875263214,
        "dvar2": 18.5643138885,
        "max": 52,
        "mean": 18.3028907776,
        "median": 17,
        "min": 0,
        "var": 96.7337646484
    },
    "spectral_decrease": {
        "dmean": 1.98367344773e-09,
        "dmean2": 3.08726488818e-09,
        "dvar": 9.81912190757e-18,
        "dvar2": 2.31789771923e-17,
        "max": 8.79935544323e-29,
        "mean": -5.43068123804e-09,
        "median": -4.2565790892e-09,
        "min": -4.50681127973e-08,
        "var": 2.0938053923e-17
    },
    "spectral_energy": {
        "dmean": 0.00782117620111,
        "dmean2": 0.0121348043904,
        "dvar": 0.000149921543198,
        "dvar2": 0.000353373412509,
        "max": 0.178531199694,
        "mean": 0.0223120804876,
        "median": 0.0175836123526,
        "min": 1.05021346652e-20,
        "var": 0.000336410215823
    },
    "spectral_energyband_high": {
        "dmean": 0.0003114726278,
        "dmean2": 0.000421158969402,
        "dvar": 4.47725341246e-07,
        "dvar2": 7.46998068735e-07,
        "max": 0.013360013254,
        "mean": 0.000869679788593,
        "median": 0.000377444812329,
        "min": 7.52001123203e-21,
        "var": 2.14997589865e-06
    },
    "spectral_energyband_low": {
        "dmean": 0.00290621398017,
        "dmean2": 0.0045626484789,
        "dvar": 3.92925430788e-05,
        "dvar2": 8.45867762109e-05,
        "max": 0.0796154290438,
        "mean": 0.00487946951762,
        "median": 0.00284068100154,
        "min": 4.57239368558e-23,
        "var": 6.32919036434e-05
    },
    "spectral_energyband_middle_high": {
        "dmean": 0.00160512991715,
        "dmean2": 0.0023821068462,
        "dvar": 6.88312911734e-06,
        "dvar2": 1.49020534082e-05,
        "max": 0.0664289742708,
        "mean": 0.00581586873159,
        "median": 0.00325657660142,
        "min": 1.50945881117e-21,
        "var": 5.13755658176e-05
    },
    "spectral_energyband_middle_low": {
        "dmean": 0.00535847106948,
        "dmean2": 0.00863752420992,
        "dvar": 9.8690368759e-05,
        "dvar2": 0.000247074465733,
        "max": 0.155750721693,
        "mean": 0.0119612403214,
        "median": 0.00831924658269,
        "min": 2.25124266851e-22,
        "var": 0.000159426126629
    },
    "spectral_entropy": {
        "dmean": 0.133686333895,
        "dmean2": 0.196704894304,
        "dvar": 0.0170966237783,
        "dvar2": 0.0328846238554,
        "max": 9.79885482788,
        "mean": 7.66200590134,
        "median": 7.67814445496,
        "min": 5.87113285065,
        "var": 0.138698980212
    },
    "spectral_flux": {
        "dmean": 0.0213840715587,
        "dmean2": 0.0333493985236,
        "dvar": 0.000688092724886,
        "dvar2": 0.00140506750904,
        "max": 0.323474615812,
        "mean": 0.0791796669364,
        "median": 0.0698888078332,
        "min": 6.75478423195e-11,
        "var": 0.001996392617
    },
    "spectral_kurtosis": {
        "dmean": 1.07017970085,
        "dmean2": 1.77645540237,
        "dvar": 1.20280075073,
        "dvar2": 3.43668818474,
        "max": 23.7624588013,
        "mean": 3.86547636986,
        "median": 3.72725772858,
        "min": -1.30089271069,
        "var": 5.46937608719
    },
    "spectral_rms": {
        "dmean": 0.000738348229788,
        "dmean2": 0.00110944104381,
        "dvar": 8.37622110339e-07,
        "dvar2": 1.78476750534e-06,
        "max": 0.0131976045668,
        "mean": 0.0042885276489,
        "median": 0.00414182851091,
        "min": 3.2009349598e-12,
        "var": 3.37644564752e-06
    },
    "spectral_rolloff": {
        "dmean": 514.739135742,
        "dmean2": 843.151245117,
        "dvar": 1134827.625,
        "dvar2": 2187817.5,
        "max": 18820.0195312,
        "mean": 1772.2734375,
        "median": 1335.05859375,
        "min": 21.533203125,
        "var": 3364692.75
    },
    "spectral_skewness": {
        "dmean": 0.165863767266,
        "dmean2": 0.26015624404,
        "dvar": 0.0229328386486,
        "dvar2": 0.0512862876058,
        "max": 3.85596895218,
        "mean": 1.5152708292,
        "median": 1.53423118591,
        "min": -0.0854283571243,
        "var": 0.171619102359
    },
    "spectral_spread": {
        "dmean": 472989.75,
        "dmean2": 677827.875,
        "dvar": 488952397824,
        "dvar2": 854939074560,
        "max": 40247488,
        "mean": 4820819.5,
        "median": 4495696,
        "min": 2088902,
        "var": 2.78011419034e+12
    },
    "spectral_strongpeak": {
        "dmean": 0.519560933113,
        "dmean2": 0.869543552399,
        "dvar": 0.624118089676,
        "dvar2": 1.57635998726,
        "max": 13.2018375397,
        "mean": 1.02135431767,
        "median": 0.5978038311,
        "min": 0,
        "var": 1.43668448925
    },
    "zerocrossingrate": {
        "dmean": 0.0110839596018,
        "dmean2": 0.0127509171143,
        "dvar": 0.000274539372185,
        "dvar2": 0.000273400335573,
        "max": 0.64599609375,
        "mean": 0.0718103945255,
        "median": 0.06298828125,
        "min": 0.00634765625,
        "var": 0.00207219552249
    },
    "barkbands": {
        "dmean": [0.000212795406696, 0.00193692010362, 0.000941289181355, 0.00106555887032, 0.00247063906863, 0.00162665708922, 0.000660844671074, 0.000810116471257, 0.000844862137455, 0.000863704131916, 0.000416900351411, 0.00030811940087, 0.000329320930177, 0.000307139620418, 0.000362461141776, 0.00020344206132, 0.00021175830625, 0.000144447592902, 0.000150314663188, 8.65058900672e-05, 8.61061053001e-05, 4.55759327451e-05, 7.08926891093e-05, 7.93003346189e-05, 7.2413822636e-05, 1.79599246621e-05, 1.38102729252e-08],
        "dmean2": [0.000331378483679, 0.00299853133038, 0.00161626155023, 0.00175692280754, 0.0042421054095, 0.00261637754738, 0.00105457811151, 0.00130225426983, 0.00136718805879, 0.00131522479933, 0.000660187099129, 0.000478966714581, 0.000522178481333, 0.000497196859214, 0.000575010140892, 0.000319146813126, 0.000339062360581, 0.000232883045101, 0.000236543564824, 0.000135180962388, 0.000131609063828, 6.92148532835e-05, 0.000101516467112, 0.000111319001007, 0.000107496802229, 2.6901721867e-05, 2.58082248905e-08],
        "dvar": [4.19959746978e-07, 2.72014694929e-05, 3.38861877935e-06, 4.6143372856e-06, 3.37679957738e-05, 1.48354647536e-05, 1.81550353773e-06, 4.06926346841e-06, 3.57132830686e-06, 3.72854174202e-06, 1.4274867226e-06, 4.78241929613e-07, 5.58856186217e-07, 4.37654506413e-07, 8.98391419923e-07, 2.39156491944e-07, 1.85157958299e-07, 8.25817423333e-08, 8.89138647153e-08, 3.93671406584e-08, 5.49501955049e-08, 1.20048095908e-08, 4.21568771003e-08, 5.64813333881e-08, 4.54770692215e-08, 4.36236646806e-09, 3.65247315357e-14],
        "dvar2": [9.48754404817e-07, 5.77526479901e-05, 9.42265705817e-06, 1.18994212244e-05, 9.56530275289e-05, 3.67875400116e-05, 4.48988657809e-06, 1.00978159026e-05, 9.15880809771e-06, 8.44547685119e-06, 3.30549619321e-06, 1.03240722638e-06, 1.25966562337e-06, 1.02960154891e-06, 2.08205597119e-06, 5.22842015016e-07, 4.45083657041e-07, 2.0091201236e-07, 2.08120269463e-07, 9.05332981915e-08, 1.19257052233e-07, 2.41981510385e-08, 8.17812804144e-08, 1.04207295237e-07, 9.54127514774e-08, 9.09841268992e-09, 1.0538785285e-13],
        "max": [0.0095030516386, 0.0646905004978, 0.0299206823111, 0.0460940934718, 0.107055716217, 0.0475995466113, 0.0354941748083, 0.0497366636992, 0.0327908806503, 0.0453864187002, 0.0358936414123, 0.0272591598332, 0.023380279541, 0.0157511346042, 0.0353437848389, 0.0227524936199, 0.0120894704014, 0.00566741079092, 0.00607567746192, 0.00490305619314, 0.00756146246567, 0.00318192876875, 0.00670722872019, 0.00541477464139, 0.00570874614641, 0.0021897139959, 6.09238895777e-06],
        "mean": [0.000220065470785, 0.00258088065311, 0.00121725338977, 0.00152012694161, 0.0038081065286, 0.00220583379269, 0.00110546045471, 0.00123700988479, 0.00140620360617, 0.00169680651743, 0.000662782520521, 0.000571592710912, 0.000582476262935, 0.000514702289365, 0.000661544501781, 0.000384326413041, 0.000410519656725, 0.000278901250567, 0.000291441538138, 0.000188672405784, 0.000186787699931, 0.000101487894426, 0.000147545099026, 0.000171725550899, 0.000133789726533, 2.60569249804e-05, 8.39829716881e-09],
        "median": [2.28724966291e-05, 0.00122080987785, 0.000434486806626, 0.000640047423076, 0.00188796245493, 0.000703765254002, 0.000354666786734, 0.000249355623964, 0.000369747169316, 0.000408200547099, 0.000194544525584, 0.00020435154147, 0.000191031140275, 0.000203877192689, 0.00024458768894, 0.000154203706188, 0.000171261301148, 0.0001309911313, 0.000133871493745, 9.25349304453e-05, 7.77876921347e-05, 4.56149573438e-05, 4.60161099909e-05, 4.71022940474e-05, 3.58096804121e-05, 7.21414562577e-06, 4.77070438709e-10],
        "min": [1.78853344888e-24, 1.6379125286e-23, 4.16034236804e-24, 3.43331987475e-24, 2.45997043621e-23, 8.12281238864e-23, 2.08799632921e-23, 2.78596546979e-23, 2.28448548794e-23, 4.97777226537e-23, 7.99546120846e-23, 5.4653835992e-23, 6.63597871408e-23, 4.96766601054e-23, 8.03732511006e-23, 1.11456074706e-22, 2.01062582982e-22, 1.37833223105e-22, 2.03585764053e-22, 2.60382083155e-22, 3.80817338715e-22, 4.23321517698e-22, 3.95635680612e-22, 8.07766556349e-22, 1.19477858625e-21, 1.76614268916e-21, 2.19499585099e-21],
        "var": [4.64161075797e-07, 3.28457026626e-05, 4.59919829154e-06, 7.36000220058e-06, 3.45111729985e-05, 1.81056402653e-05, 3.89070282836e-06, 7.03462774254e-06, 8.22927540867e-06, 1.27469602376e-05, 2.80959170595e-06, 1.87636806004e-06, 1.44564808124e-06, 8.95101720744e-07, 2.04371667678e-06, 6.40104815375e-07, 4.78559968542e-07, 1.86807895375e-07, 2.05916052209e-07, 1.07239230829e-07, 1.62530938042e-07, 3.7131236752e-08, 1.40445663988e-07, 1.9849352384e-07, 1.26598536099e-07, 7.58450724447e-09, 2.04994746492e-14]
    },
    "erbbands": {
        "dmean": [0.0800800547004, 0.377028018236, 0.904455900192, 2.60379123688, 6.06336164474, 9.18060779572, 11.9531202316, 10.8119430542, 8.9556312561, 11.5896339417, 17.6883106232, 19.3797645569, 25.4720993042, 23.6767158508, 12.1176977158, 13.08344841, 14.4358825684, 15.1489515305, 17.8464393616, 12.6331119537, 10.577630043, 9.1959695816, 7.53564929962, 8.07815074921, 6.14709806442, 3.5305249691, 4.27690315247, 2.41334366798, 1.62843108177, 1.81090712547, 2.14521431923, 1.80195808411, 1.30167627335, 0.859309375286, 0.547751069069, 0.136535644531, 0.0239938665181, 0.000972823007032, 2.92464810627e-05, 1.0519168427e-05],
        "dmean2": [0.123123116791, 0.621218442917, 1.55962455273, 4.32102775574, 10.381108284, 15.8955059052, 19.787153244, 17.213684082, 14.27891922, 18.8850460052, 28.0619220734, 31.2096996307, 39.884979248, 36.0944747925, 19.0294647217, 20.5740089417, 22.8277111053, 24.1861362457, 27.7833538055, 20.2884941101, 16.6366863251, 14.6881895065, 11.9728841782, 12.6392202377, 9.6338891983, 5.39026451111, 6.46524763107, 3.67071080208, 2.46379470825, 2.70276141167, 3.10969591141, 2.56135249138, 1.83173882961, 1.24800693989, 0.825097441673, 0.200835064054, 0.0373178645968, 0.00159981648903, 4.42620803369e-05, 1.58771545102e-05],
        "dvar": [0.0624706409872, 0.907359421253, 3.07635331154, 25.5152263641, 217.785598755, 480.649963379, 800.418273926, 601.439331055, 325.437347412, 742.749755859, 2118.30957031, 1946.46179199, 3307.42382812, 3646.10131836, 935.773925781, 791.567993164, 980.548522949, 835.259521484, 2094.29272461, 922.668823242, 477.691192627, 290.89175415, 214.352294922, 293.037536621, 184.561340332, 55.9319801331, 159.867172241, 28.5271167755, 14.2732286453, 21.8616275787, 45.076423645, 29.8321590424, 16.2260189056, 6.97361755371, 3.03728294373, 0.227383166552, 0.00951167196035, 5.21499714523e-05, 1.8325433615e-08, 2.86428242235e-10],
        "dvar2": [0.131736442447, 2.18698358536, 8.64974212646, 66.1772079468, 606.696350098, 1370.95068359, 2123.23095703, 1411.63745117, 792.74786377, 1856.24829102, 5268.60009766, 4976.68164062, 8021.27880859, 8133.24902344, 2147.4675293, 1771.60583496, 2205.03271484, 1902.99316406, 4619.31445312, 2235.80395508, 1049.06530762, 671.889465332, 517.389221191, 694.389770508, 439.966247559, 129.063735962, 337.281036377, 58.2219467163, 27.8923339844, 45.5042800903, 92.505355835, 56.9547843933, 32.1774024963, 15.1482124329, 6.70306110382, 0.483198881149, 0.0217819400132, 0.000133309265948, 4.37341931558e-08, 6.39153674431e-10],
        "max": [3.0038151741, 11.1491527557, 26.0925178528, 103.449806213, 255.948318481, 388.970794678, 478.630218506, 355.833709717, 383.799560547, 562.121032715, 1267.43237305, 964.652770996, 1330.69750977, 1513.16650391, 1286.77307129, 929.595275879, 846.219665527, 924.068664551, 1284.95922852, 1004.37994385, 868.661987305, 521.286682129, 381.887329102, 370.331817627, 412.652404785, 266.708526611, 470.713745117, 124.295921326, 116.581291199, 120.64743042, 252.650527954, 126.291473389, 97.3458328247, 75.35987854, 49.4174156189, 13.0977907181, 4.23105430603, 0.383663535118, 0.0068297535181, 0.000336762605002],
        "mean": [0.0886760577559, 0.52037024498, 1.26240861416, 3.91493844986, 8.42503356934, 13.5881242752, 17.4760799408, 15.3537464142, 15.8404350281, 17.8823738098, 29.6720142365, 33.3839263916, 50.1542434692, 47.0625953674, 22.5621910095, 24.8759727478, 27.424539566, 28.1601390839, 34.9119033813, 25.323343277, 22.4424991608, 20.2230243683, 16.2530155182, 16.2848854065, 12.8568124771, 8.37565040588, 9.56351852417, 5.39595937729, 3.64215731621, 3.80649924278, 4.33817815781, 3.76304745674, 2.70537281036, 1.69832885265, 0.859423577785, 0.210501596332, 0.0313029699028, 0.00107729516458, 5.20766407135e-05, 3.17245576298e-05],
        "median": [0.0260134749115, 0.280265063047, 0.619481146336, 1.7782793045, 3.69936347008, 6.32041549683, 4.9706530571, 4.86027765274, 5.75054216385, 5.26391077042, 8.0168838501, 10.125667572, 12.543961525, 13.9585256577, 8.33792686462, 10.245095253, 10.1300010681, 12.8778209686, 12.81665802, 11.444981575, 9.95939159393, 8.92875289917, 7.88186597824, 7.11930942535, 6.49725818634, 4.21819829941, 3.5203268528, 2.63906049728, 1.72534620762, 1.43054199219, 1.27991724014, 1.01347899437, 0.752217650414, 0.456838071346, 0.214346274734, 0.0616583190858, 0.00789103470743, 0.000198267080123, 2.31117937801e-05, 2.49492059083e-05],
        "min": [4.9428529903e-22, 1.51154372637e-21, 7.16372095463e-21, 7.38375745991e-21, 4.8397791572e-20, 8.29766844437e-20, 1.87167152404e-19, 7.84715124459e-19, 3.06937179461e-19, 3.2736088917e-19, 8.04193211631e-19, 5.56994214678e-19, 7.78223721204e-19, 1.92056097432e-18, 3.30441759551e-18, 2.69192323234e-18, 3.17075989098e-18, 4.10185630875e-18, 4.42760665142e-18, 7.65205594083e-18, 9.0433497429e-18, 1.09594176789e-17, 7.68110238804e-18, 9.86028076049e-18, 1.19095909496e-17, 1.19091732234e-17, 1.58706429201e-17, 1.13160259943e-17, 1.32441351986e-17, 1.18790142182e-17, 1.28129267724e-17, 1.40334086052e-17, 1.27824815628e-17, 1.11649977037e-17, 9.75978906941e-18, 5.54665959747e-18, 3.51800534904e-18, 1.23100067502e-18, 3.06999709145e-19, 3.19644754546e-20],
        "var": [0.0689960941672, 0.967779517174, 3.96909213066, 42.3381614685, 224.198654175, 494.258422852, 1163.5480957, 866.406921387, 725.362060547, 1221.87780762, 3927.13671875, 4493.13330078, 10368.4355469, 12145.0605469, 2397.23046875, 2379.10888672, 2839.24682617, 2221.62915039, 5994.64208984, 1953.35742188, 1462.69580078, 974.092956543, 580.311096191, 733.561523438, 409.324981689, 180.059143066, 560.523132324, 81.893661499, 45.3016395569, 64.5336074829, 135.586181641, 95.4753799438, 52.1846504211, 20.0117092133, 6.3992767334, 0.420329213142, 0.0138190798461, 5.53881800442e-05, 2.60491201942e-08, 7.64325491787e-10]
    },
    "gfcc": {
        "mean": [-4.88493585587, 84.0563583374, -130.564163208, 32.2654724121, -70.0433731079, 20.9155902863, -49.0341453552, 13.4312973022, -30.9472522736, -0.585672140121, -17.3534240723, -4.98541736603, -4.98080444336],
        "cov": [[4572.99365234, -86.6776809692, 95.374458313, -10.3295593262, -24.4481239319, 140.985336304, -83.3350906372, 246.958953857, -0.628243207932, 238.417358398, -7.25475645065, 75.8013458252, -44.2471847534], [-86.6776809692, 1296.68237305, 611.179138184, 246.433425903, 292.215606689, -113.010231018, 37.5787887573, -53.494644165, 6.97334671021, -75.1119384766, 81.1551513672, -58.1272315979, 37.9703102112], [95.374458313, 611.179138184, 1327.9630127, 551.118652344, 165.01802063, 71.8100814819, -109.222923279, -54.1966247559, -31.4340839386, -10.0157518387, 45.6824645996, 22.2743797302, -14.2399978638], [-10.3295593262, 246.433425903, 551.118652344, 552.688537598, 143.830169678, 77.8359527588, 2.11458063126, -28.3029174805, 34.5709457397, 0.190930902958, 59.5123786926, -9.95738506317, 39.8335876465], [-24.4481239319, 292.215606689, 165.01802063, 143.830169678, 277.043640137, 41.5354270935, 80.3875579834, 42.1357078552, 11.9042663574, 35.723110199, 16.0339107513, 15.4779949188, 17.0098361969], [140.985336304, -113.010231018, 71.8100814819, 77.8359527588, 41.5354270935, 231.79536438, 109.81111908, 29.723985672, 26.4450054169, 22.1659088135, -0.266974955797, 0.584103524685, 5.61034297943], [-83.3350906372, 37.5787887573, -109.222923279, 2.11458063126, 80.3875579834, 109.81111908, 211.720031738, 51.7943725586, 27.7884616852, 28.8487091064, 4.86279344559, -11.3060083389, 15.9905519485], [246.958953857, -53.494644165, -54.1966247559, -28.3029174805, 42.1357078552, 29.723985672, 51.7943725586, 120.75933075, 43.5742416382, 36.5961494446, -0.77050191164, 12.3053855896, -2.0897500515], [-0.628243207932, 6.97334671021, -31.4340839386, 34.5709457397, 11.9042663574, 26.4450054169, 27.7884616852, 43.5742416382, 110.328704834, 9.72798156738, 6.47281169891, -9.63446521759, -6.17027759552], [238.417358398, -75.1119384766, -10.0157518387, 0.190930902958, 35.723110199, 22.1659088135, 28.8487091064, 36.5961494446, 9.72798156738, 129.906616211, 26.7062988281, 22.3199176788, 7.66947889328], [-7.25475645065, 81.1551513672, 45.6824645996, 59.5123786926, 16.0339107513, -0.266974955797, 4.86279344559, -0.77050191164, 6.47281169891, 26.7062988281, 87.3062515259, 8.06924152374, 26.1530570984], [75.8013458252, -58.1272315979, 22.2743797302, -9.95738506317, 15.4779949188, 0.584103524685, -11.3060083389, 12.3053855896, -9.63446521759, 22.3199176788, 8.06924152374, 83.8340911865, 14.5052223206], [-44.2471847534, 37.9703102112, -14.2399978638, 39.8335876465, 17.0098361969, 5.61034297943, 15.9905519485, -2.0897500515, -6.17027759552, 7.66947889328, 26.1530570984, 14.5052223206, 87.8286514282]],
        "icov": [[0.000365459185559, -0.000446055724751, 0.000306748523144, -0.000343723339029, 0.000613627547864, -0.000756467226893, 0.000808763317764, -0.00117002404295, 0.000635859265458, -0.000899757898878, 0.000499979068991, -0.000389761931729, 0.000375704956241], [-0.000446055724751, 0.00314287375659, -0.00201502954587, 0.00178277818486, -0.00340668740682, 0.00335747399367, -0.00273780571297, 0.002917799633, -0.00220118719153, 0.003013063455, -0.0027904252056, 0.00265042716637, -0.00173008919228], [0.000306748523144, -0.00201502954587, 0.00290818954818, -0.00269910390489, 0.00173123809509, -0.00271333544515, 0.00288102566265, -0.002036529826, 0.00234580365941, -0.0018527705688, 0.00165184598882, -0.00215380359441, 0.00217680586502], [-0.000343723339029, 0.00178277818486, -0.00269910390489, 0.00531292986125, -0.00322325830348, 0.0012618014589, -0.00154464505613, 0.00322272046469, -0.00333007099107, 0.00212984671816, -0.0029764699284, 0.00263123377226, -0.00285775167868], [0.000613627547864, -0.00340668740682, 0.00173123809509, -0.00322325830348, 0.00917079579085, -0.00281311152503, 0.000700839038473, -0.00496801733971, 0.00312124355696, -0.00418157828972, 0.00358486035839, -0.00379864452407, 0.00182657572441], [-0.000756467226893, 0.00335747399367, -0.00271333544515, 0.0012618014589, -0.00281311152503, 0.0103963864967, -0.00720834871754, 0.00359731935896, -0.00324968248606, 0.00310064246878, -0.00200180755928, 0.00213849940337, -0.0018222683575], [0.000808763317764, -0.00273780571297, 0.00288102566265, -0.00154464505613, 0.000700839038473, -0.00720834871754, 0.0118151307106, -0.00520729692653, 0.00241525913589, -0.00353258149698, 0.00201617181301, -0.000406240462326, 0.000753314001486], [-0.00117002404295, 0.002917799633, -0.002036529826, 0.00322272046469, -0.00496801733971, 0.00359731935896, -0.00520729692653, 0.016942858696, -0.00754015240818, 0.00175969279371, -0.00211131968535, 0.000880429637618, -0.001759220846], [0.000635859265458, -0.00220118719153, 0.00234580365941, -0.00333007099107, 0.00312124355696, -0.00324968248606, 0.00241525913589, -0.00754015240818, 0.0139819746837, -0.00232563796453, 0.0011664268095, -0.000662665697746, 0.00309403450228], [-0.000899757898878, 0.003013063455, -0.0018527705688, 0.00212984671816, -0.00418157828972, 0.00310064246878, -0.00353258149698, 0.00175969279371, -0.00232563796453, 0.0132015906274, -0.00587674928829, 0.000690481509082, -0.00140573526733], [0.000499979068991, -0.0027904252056, 0.00165184598882, -0.0029764699284, 0.00358486035839, -0.00200180755928, 0.00201617181301, -0.00211131968535, 0.0011664268095, -0.00587674928829, 0.0170039571822, -0.00285382871516, -0.0019045996014], [-0.000389761931729, 0.00265042716637, -0.00215380359441, 0.00263123377226, -0.00379864452407, 0.00213849940337, -0.000406240462326, 0.000880429637618, -0.000662665697746, 0.000690481509082, -0.00285382871516, 0.0162347536534, -0.0041290554218], [0.000375704956241, -0.00173008919228, 0.00217680586502, -0.00285775167868, 0.00182657572441, -0.0018222683575, 0.000753314001486, -0.001759220846, 0.00309403450228, -0.00140573526733, -0.0019045996014, -0.0041290554218, 0.0151448976249]]
    },
    "melbands": {
        "dmean": [0.000601331703365, 0.000454082270153, 0.00049232103629, 0.000603316002525, 0.000374091643607, 0.000261229462922, 0.00013671531633, 0.000135010501253, 0.000142402670463, 0.000129958629259, 0.000129784617457, 0.000100033270428, 4.65715711471e-05, 3.55653028237e-05, 3.1433050026e-05, 3.38347817888e-05, 3.07190603053e-05, 2.90616899292e-05, 2.56263538176e-05, 1.59270239237e-05, 1.37315419124e-05, 1.1134732631e-05, 9.451954611e-06, 6.38109122519e-06, 7.38210701456e-06, 5.22255231772e-06, 3.53893187821e-06, 2.50144057645e-06, 3.03691194858e-06, 2.37214862864e-06, 1.3456550505e-06, 1.02059664187e-06, 9.41778750985e-07, 1.15664238365e-06, 1.36628909786e-06, 1.22930964608e-06, 1.17756724194e-06, 1.03244360616e-06, 8.06205946446e-07, 7.68412803609e-07],
        "dmean2": [0.000922642939258, 0.000770084967371, 0.000816396088339, 0.00104929984082, 0.00061113917036, 0.000416241586208, 0.000217451903154, 0.000219873851165, 0.000224949573749, 0.000210031459574, 0.00020320234762, 0.000152791399159, 7.35149515094e-05, 5.54818288947e-05, 5.00086607644e-05, 5.32641934115e-05, 4.95502899867e-05, 4.54077926406e-05, 4.12355766457e-05, 2.5187866413e-05, 2.18318346015e-05, 1.79387916432e-05, 1.50010127982e-05, 1.03371912701e-05, 1.16591263577e-05, 8.27775238577e-06, 5.66756034459e-06, 3.88485568692e-06, 4.67302197649e-06, 3.66238509741e-06, 2.10870507544e-06, 1.59527223786e-06, 1.44012426517e-06, 1.7658193201e-06, 2.04760749511e-06, 1.7622166979e-06, 1.72825048139e-06, 1.48337505834e-06, 1.20813524518e-06, 1.13630721899e-06],
        "dvar": [3.0439002785e-06, 8.07835647265e-07, 8.28653639928e-07, 2.3639927349e-06, 6.7268786097e-07, 3.53631151029e-07, 7.15800183571e-08, 1.03862973333e-07, 1.30998799364e-07, 9.03763250903e-08, 8.58433040207e-08, 6.58189236447e-08, 1.44749323638e-08, 7.61178231556e-09, 3.89178289595e-09, 6.59917498425e-09, 3.64752827942e-09, 5.82749359879e-09, 6.06300032402e-09, 1.72848590996e-09, 8.0363421473e-10, 4.72755778969e-10, 3.77849557198e-10, 1.88671106516e-10, 2.70540395642e-10, 1.13846661265e-10, 5.49214146384e-11, 3.86134353658e-11, 9.8734284637e-11, 4.55811811906e-11, 9.67684699732e-12, 5.51463692419e-12, 5.71363919719e-12, 9.38071061801e-12, 1.81597185206e-11, 1.44145893138e-11, 1.29487956815e-11, 1.07454566078e-11, 5.5934115846e-12, 6.27437468301e-12],
        "dvar2": [6.34866773908e-06, 2.17841966332e-06, 2.18513923755e-06, 6.74226157571e-06, 1.7491699964e-06, 8.42296117298e-07, 1.75294445626e-07, 2.61219838649e-07, 3.2428022223e-07, 2.32834750591e-07, 2.07748513503e-07, 1.47918598259e-07, 3.37364411962e-08, 1.67331606349e-08, 8.81291573052e-09, 1.43446543532e-08, 8.43790903815e-09, 1.28098340824e-08, 1.46943488488e-08, 3.75172559686e-09, 1.76230241511e-09, 1.1285798962e-09, 8.26099244566e-10, 4.80472717168e-10, 6.45398290366e-10, 2.67113137165e-10, 1.37289901669e-10, 9.08499178665e-11, 2.11936260208e-10, 1.01696095989e-10, 2.10870279571e-11, 1.16665331909e-11, 1.22997003207e-11, 2.05733347025e-11, 3.96595152552e-11, 2.77123671233e-11, 2.67570635787e-11, 2.19896843789e-11, 1.23395252349e-11, 1.38807212252e-11],
        "max": [0.021431164816, 0.0114838182926, 0.0177874770015, 0.029174271971, 0.0142852431163, 0.00801991764456, 0.00575620681047, 0.00762784387916, 0.00914875045419, 0.00633942615241, 0.00661614816636, 0.00656885746866, 0.00331316632219, 0.00382458372042, 0.00183507660404, 0.00279807928018, 0.00165544112679, 0.0025278495159, 0.00351878907531, 0.00231327186339, 0.000984397018328, 0.000565583817661, 0.000768797355704, 0.000384066981496, 0.000363093975466, 0.000292100623483, 0.000266159302555, 0.000247835094342, 0.00045834647608, 0.000202568829991, 8.310208068e-05, 6.57136188238e-05, 6.46231783321e-05, 7.96200038167e-05, 0.000156994050485, 0.000121576340462, 8.44067180878e-05, 8.36067847558e-05, 5.3198524256e-05, 7.19631716493e-05],
        "mean": [0.000753642641939, 0.000681926729158, 0.000756015593652, 0.000844777328894, 0.00059657584643, 0.000367483764421, 0.000243842354394, 0.000203372139367, 0.000234857259784, 0.000217369146412, 0.000250286655501, 0.000193474799744, 7.8087701695e-05, 6.72203605063e-05, 5.6005679653e-05, 5.97254074819e-05, 5.13606246386e-05, 5.33677084604e-05, 4.53672619187e-05, 2.8917882446e-05, 2.61041113845e-05, 2.18380464503e-05, 1.8308934159e-05, 1.22475603348e-05, 1.34412948682e-05, 9.9431936178e-06, 7.1117610787e-06, 5.21391120856e-06, 6.38806977804e-06, 4.6074023885e-06, 2.66337406174e-06, 2.06311801776e-06, 1.87571038168e-06, 2.21498657993e-06, 2.53258667726e-06, 2.37791232394e-06, 2.28420276471e-06, 1.99635746867e-06, 1.53148641857e-06, 1.41629823247e-06],
        "median": [0.000320479419315, 0.000418903189711, 0.00037949430407, 0.000420642376412, 0.000198606532649, 0.000116635412269, 8.60693107825e-05, 5.42932539247e-05, 6.18187332293e-05, 5.62386849197e-05, 5.79691841267e-05, 5.22191112395e-05, 2.50401135418e-05, 2.38484990405e-05, 2.42197966145e-05, 1.96995024453e-05, 2.08451638173e-05, 1.77051097126e-05, 1.73049593286e-05, 1.18243733596e-05, 1.08624726636e-05, 8.95555513125e-06, 8.15313069324e-06, 5.77971832172e-06, 5.29046337761e-06, 4.67295149065e-06, 3.60786839337e-06, 2.36398636844e-06, 2.19388925871e-06, 1.79527671662e-06, 1.2666675957e-06, 9.61364889918e-07, 7.90358910763e-07, 7.70678923345e-07, 7.39970687391e-07, 6.28307986972e-07, 5.8271581338e-07, 5.16091063218e-07, 4.38321222873e-07, 3.48066777178e-07],
        "min": [6.1255108455e-24, 3.38435725051e-24, 1.7682076588e-24, 5.95796980543e-24, 6.57502114423e-24, 1.70786114061e-23, 4.60405887786e-24, 3.3403478839e-24, 6.54909010299e-24, 3.51649894632e-24, 3.97890790971e-24, 7.92237860984e-24, 1.17782975824e-23, 7.4349233127e-24, 4.79592444393e-24, 7.66908010634e-24, 6.36577263368e-24, 6.31795622434e-24, 5.90655461264e-24, 6.20459730669e-24, 1.04170715477e-23, 1.08410432634e-23, 8.43944932308e-24, 5.84505028331e-24, 7.48612432976e-24, 8.16028249278e-24, 8.45591206131e-24, 7.67923432391e-24, 9.4733438361e-24, 9.24109687472e-24, 5.77520651091e-24, 6.71340825182e-24, 9.44220276301e-24, 5.92915232214e-24, 8.55249940169e-24, 5.38861694127e-24, 9.54784701543e-24, 9.07567510947e-24, 8.14044421873e-24, 9.10749696953e-24],
        "var": [3.5921784729e-06, 1.02118201539e-06, 1.30036210066e-06, 2.06887784771e-06, 1.10283428967e-06, 4.85408293116e-07, 1.66471821217e-07, 1.64140971037e-07, 2.44129267912e-07, 2.09828243669e-07, 2.66449092123e-07, 2.19698790715e-07, 3.05879837015e-08, 2.84564016795e-08, 9.51429957041e-09, 1.73176655238e-08, 8.72156569187e-09, 1.61433622026e-08, 1.01155404053e-08, 4.40990799433e-09, 2.30100249965e-09, 1.33124056223e-09, 9.95069582288e-10, 3.80841552738e-10, 6.23536222655e-10, 2.52960791203e-10, 1.19080828531e-10, 1.03417330255e-10, 3.13787218431e-10, 1.07562084239e-10, 2.38041392153e-11, 1.52902204786e-11, 1.48231722036e-11, 2.41210888069e-11, 4.75980678483e-11, 4.39348973869e-11, 3.66754231151e-11, 3.11148710963e-11, 1.53306898426e-11, 1.63222664551e-11]
    },
    "mfcc": {
        "mean": [-639.395019531, 107.798408508, -3.50618743896, 10.6751317978, 3.54528713226, -1.36981451511, -0.668650269508, 0.487957209349, -1.89702391624, 0.474629282951, -5.77605485916, -4.90224313736, -6.18255281448],
        "cov": [[3787.38647461, -242.820144653, -129.32749939, -171.231307983, -1.74510347843, -60.6235466003, 27.3464488983, -8.00124931335, 81.0723571777, 145.261032104, 122.338050842, 92.4158935547, 29.971786499], [-242.820144653, 1157.63867188, 249.749862671, 293.00970459, 196.742492676, -6.86441707611, 68.2279815674, 2.16994571686, -33.5567512512, -14.7250509262, -5.74439096451, -27.4376831055, 41.2415161133], [-129.32749939, 249.749862671, 1120.31774902, 417.222015381, 333.101531982, 161.637802124, 35.0701522827, 0.131063953042, -63.9334030151, -23.6281852722, -26.5538063049, 8.74223232269, 21.4192657471], [-171.231307983, 293.00970459, 417.222015381, 482.9815979, 249.409347534, 88.7373657227, 59.8775863647, -9.89227485657, -2.0714571476, -6.38554906845, -14.2635307312, 20.7960910797, 52.1311302185], [-1.74510347843, 196.742492676, 333.101531982, 249.409347534, 278.098907471, 68.0410003662, 31.7868232727, 16.6415157318, -2.11277961731, 8.31393432617, -6.3403840065, 12.2793312073, 37.1699905396], [-60.6235466003, -6.86441707611, 161.637802124, 88.7373657227, 68.0410003662, 208.484909058, 94.9241409302, 43.9565353394, 43.5850982666, 22.0017871857, 31.0675125122, 10.9234399796, 0.0294390227646], [27.3464488983, 68.2279815674, 35.0701522827, 59.8775863647, 31.7868232727, 94.9241409302, 190.237747192, 22.4562301636, 51.8160018921, 24.5792140961, 27.2889442444, 19.5548534393, 4.77322864532], [-8.00124931335, 2.16994571686, 0.131063953042, -9.89227485657, 16.6415157318, 43.9565353394, 22.4562301636, 135.293685913, 42.1023597717, 27.0934524536, 14.4634809494, 0.016090573743, 4.17570543289], [81.0723571777, -33.5567512512, -63.9334030151, -2.0714571476, -2.11277961731, 43.5850982666, 51.8160018921, 42.1023597717, 121.828994751, 43.7152061462, 33.6164512634, 18.3095054626, 1.80981874466], [145.261032104, -14.7250509262, -23.6281852722, -6.38554906845, 8.31393432617, 22.0017871857, 24.5792140961, 27.0934524536, 43.7152061462, 93.6813964844, 40.4579811096, 17.1659412384, 3.04127645493], [122.338050842, -5.74439096451, -26.5538063049, -14.2635307312, -6.3403840065, 31.0675125122, 27.2889442444, 14.4634809494, 33.6164512634, 40.4579811096, 87.2997512817, 29.9430465698, 6.42696905136], [92.4158935547, -27.4376831055, 8.74223232269, 20.7960910797, 12.2793312073, 10.9234399796, 19.5548534393, 0.016090573743, 18.3095054626, 17.1659412384, 29.9430465698, 77.2738723755, 29.2136230469], [29.971786499, 41.2415161133, 21.4192657471, 52.1311302185, 37.1699905396, 0.0294390227646, 4.77322864532, 4.17570543289, 1.80981874466, 3.04127645493, 6.42696905136, 29.2136230469, 74.4348602295]],
