{
"lowlevel": {
    "average_loudness": 0.922919332981,
    "barkbands_crest": {
        "dmean": 2.96325159073,
        "dmean2": 4.83199930191,
        "dvar": 7.05433988571,
        "dvar2": 18.4055137634,
        "max": 22.5300598145,
        "mean": 9.17965221405,
        "median": 8.31784439087,
        "min": 2.7791788578,
        "var": 15.9988946915
    },
    "barkbands_flatness_db": {
        "dmean": 0.0192191693932,
        "dmean2": 0.031349375844,
        "dvar": 0.000289058836643,
        "dvar2": 0.000774418236688,
        "max": 0.273916900158,
        "mean": 0.124346069992,
        "median": 0.118718400598,
        "min": 0.0482579581439,
        "var": 0.00114490347914
    },
    "barkbands_kurtosis": {
        "dmean": 1.4272197485,
        "dmean2": 2.36708140373,
        "dvar": 4.6647644043,
        "dvar2": 12.5523319244,
        "max": 31.0643501282,
        "mean": 1.16344702244,
        "median": 0.377468943596,
        "min": -1.74988508224,
        "var": 7.21907711029
    },
    "barkbands_skewness": {
        "dmean": 0.445659697056,
        "dmean2": 0.712717115879,
        "dvar": 0.185390248895,
        "dvar2": 0.483853310347,
        "max": 5.33909082413,
        "mean": 1.02652621269,
        "median": 0.937866151333,
        "min": -2.56606578827,
        "var": 0.69260174036
    },
    "barkbands_spread": {
        "dmean": 5.09899902344,
        "dmean2": 8.33290481567,
        "dvar": 22.9226341248,
        "dvar2": 61.2633018494,
        "max": 68.1665267944,
        "mean": 26.4948978424,
        "median": 26.6762199402,
        "min": 4.5586180687,
        "var": 108.01890564
    },
    "dissonance": {
        "dmean": 0.0115463295951,
        "dmean2": 0.0200655646622,
        "dvar": 0.000118172516522,
        "dvar2": 0.000331011513481,
        "max": 0.499999970198,
        "mean": 0.484017759562,
        "median": 0.487293124199,
        "min": 0.368631482124,
        "var": 0.000180572838872
    },
    "dynamic_complexity": 2.36060261726,
    "erbbands_crest": {
        "dmean": 2.10910487175,
        "dmean2": 3.4563832283,
        "dvar": 3.58773970604,
        "dvar2": 9.25707054138,
        "max": 23.0140800476,
        "mean": 7.32240200043,
        "median": 6.78029441833,
        "min": 2.33170223236,
        "var": 8.61448001862
    },
    "erbbands_flatness_db": {
        "dmean": 0.0130174160004,
        "dmean2": 0.0197624601424,
        "dvar": 0.000130592656205,
        "dvar2": 0.00027568868245,
        "max": 0.349864572287,
        "mean": 0.160583466291,
        "median": 0.149757921696,
        "min": 0.0632822439075,
        "var": 0.00221512024291
    },
    "erbbands_kurtosis": {
        "dmean": 0.542794167995,
        "dmean2": 0.871349871159,
        "dvar": 0.311818093061,
        "dvar2": 0.779772043228,
        "max": 6.9824552536,
        "mean": 0.296952784061,
        "median": -0.0531605482101,
        "min": -1.43734323978,
        "var": 1.39311492443
    },
    "erbbands_skewness": {
        "dmean": 0.276205658913,
        "dmean2": 0.438942790031,
        "dvar": 0.0578848384321,
        "dvar2": 0.143750488758,
        "max": 1.92395973206,
        "mean": 0.229187965393,
        "median": 0.223758161068,
        "min": -2.18531513214,
        "var": 0.241074442863
    },
    "erbbands_spread": {
        "dmean": 5.48341226578,
        "dmean2": 8.5123128891,
        "dvar": 30.0423221588,
        "dvar2": 70.3857498169,
        "max": 83.0168228149,
        "mean": 33.0682601929,
        "median": 31.7787189484,
        "min": 5.96209526062,
        "var": 199.152328491
    },
    "hfc": {
        "dmean": 6.42743301392,
        "dmean2": 9.44207859039,
        "dvar": 71.2822341919,
        "dvar2": 151.082092285,
        "max": 204.567703247,
        "mean": 30.3295116425,
        "median": 25.6653213501,
        "min": 1.13036229174e-16,
        "var": 438.292572021
    },
    "melbands_crest": {
        "dmean": 3.53115582466,
        "dmean2": 5.85782432556,
        "dvar": 8.94679546356,
        "dvar2": 22.9744911194,
        "max": 29.9453296661,
        "mean": 13.196149826,
        "median": 12.9818000793,
        "min": 1.06654953957,
        "var": 23.7015361786
    },
    "melbands_flatness_db": {
        "dmean": 0.0253075398505,
        "dmean2": 0.041023388505,
        "dvar": 0.000506575219333,
        "dvar2": 0.00131931027863,
        "max": 0.314575612545,
        "mean": 0.154537066817,
        "median": 0.148612707853,
        "min": 2.19934718189e-05,
        "var": 0.0018159316387
    },
    "melbands_kurtosis": {
        "dmean": 4.44130849838,
        "dmean2": 7.30232858658,
        "dvar": 49.2844924927,
        "dvar2": 131.052520752,
        "max": 97.5933609009,
        "mean": 6.99673700333,
        "median": 3.97932124138,
        "min": -1.48445343971,
        "var": 80.8322906494
    },
    "melbands_skewness": {
        "dmean": 0.674234569073,
        "dmean2": 1.08565318584,
        "dvar": 0.451396584511,
        "dvar2": 1.16238451004,
        "max": 8.60514450073,
        "mean": 2.05434393883,
        "median": 1.83117580414,
        "min": -1.57447242737,
        "var": 1.57155191898
    },
    "melbands_spread": {
        "dmean": 7.21439504623,
        "dmean2": 11.668211937,
        "dvar": 46.3034515381,
        "dvar2": 112.737983704,
        "max": 133.170700073,
        "mean": 29.5901813507,
        "median": 27.4097900391,
        "min": 3.46284031868,
        "var": 196.181533813
    },
    "pitch_salience": {
        "dmean": 0.08345079422,
        "dmean2": 0.137352257967,
        "dvar": 0.00509661482647,
        "dvar2": 0.0133924027905,
        "max": 0.996230483055,
        "mean": 0.579305708408,
        "median": 0.582420706749,
        "min": 0.178455621004,
        "var": 0.0158094018698
    },
    "silence_rate_20dB": {
        "dmean": 0,
        "dmean2": 0,
        "dvar": 0,
        "dvar2": 0,
        "max": 1,
        "mean": 1,
        "median": 1,
        "min": 1,
        "var": 0
    },
    "silence_rate_30dB": {
        "dmean": 0,
        "dmean2": 0,
        "dvar": 0,
        "dvar2": 0,
        "max": 1,
        "mean": 1,
        "median": 1,
        "min": 1,
        "var": 0
    },
    "silence_rate_60dB": {
        "dmean": 0.00533926580101,
        "dmean2": 0.0106809083372,
        "dvar": 0.00531085720286,
        "dvar2": 0.0114572495222,
        "max": 1,
        "mean": 0.0322508886456,
        "median": 0,
        "min": 0,
        "var": 0.0312084052712
    },
    "spectral_centroid": {
        "dmean": 209.040924072,
        "dmean2": 340.066192627,
        "dvar": 52777.9921875,
        "dvar2": 114336.539062,
        "max": 11278.8408203,
        "mean": 1780.57702637,
        "median": 1782.51391602,
        "min": 724.644287109,
        "var": 180356.359375
    },
    "spectral_complexity": {
        "dmean": 4.32836484909,
        "dmean2": 6.62972831726,
        "dvar": 14.483080864,
        "dvar2": 31.2381515503,
        "max": 56,
        "mean": 29.2669048309,
        "median": 30,
        "min": 0,
        "var": 88.7370605469
    },
    "spectral_decrease": {
        "dmean": 2.76569256386e-09,
        "dmean2": 4.44862324755e-09,
        "dvar": 1.31603070609e-17,
        "dvar2": 3.31749652041e-17,
        "max": 3.72351080153e-29,
        "mean": -7.92174681408e-09,
        "median": -7.32914218204e-09,
        "min": -3.69498707187e-08,
        "var": 2.40639479511e-17
    },
    "spectral_energy": {
        "dmean": 0.0108467647806,
        "dmean2": 0.0173529777676,
        "dvar": 0.000195741944481,
        "dvar2": 0.000489089696202,
        "max": 0.144556194544,
        "mean": 0.0326495468616,
        "median": 0.0302448272705,
        "min": 1.01121892844e-20,
        "var": 0.000389716471545
    },
    "spectral_energyband_high": {
        "dmean": 0.000385575811379,
        "dmean2": 0.00060642673634,
        "dvar": 4.487803551e-07,
        "dvar2": 1.13298369797e-06,
        "max": 0.0141161736101,
        "mean": 0.00117539335042,
        "median": 0.000965682789683,
        "min": 7.1651564038e-21,
        "var": 8.15210171368e-07
    },
    "spectral_energyband_low": {
        "dmean": 0.00836866814643,
        "dmean2": 0.0138791883364,
        "dvar": 0.000172818457941,
        "dvar2": 0.000448646460427,
        "max": 0.1198252514,
        "mean": 0.013391546905,
        "median": 0.0101679991931,
        "min": 1.22474946939e-23,
        "var": 0.00021768163424
    },
    "spectral_energyband_middle_high": {
        "dmean": 0.00279383733869,
        "dmean2": 0.00408966932446,
        "dvar": 1.49274610521e-05,
        "dvar2": 3.16648729495e-05,
        "max": 0.0971974283457,
        "mean": 0.0115951756015,
        "median": 0.00727077759802,
        "min": 1.47203878392e-21,
        "var": 0.0001154230049
    },
    "spectral_energyband_middle_low": {
        "dmean": 0.00303640100174,
        "dmean2": 0.00498430710286,
        "dvar": 1.41164482557e-05,
        "dvar2": 3.58549950761e-05,
        "max": 0.0616170279682,
        "mean": 0.00747508695349,
        "median": 0.00632728170604,
        "min": 2.69926896211e-22,
        "var": 2.57494775724e-05
    },
    "spectral_entropy": {
        "dmean": 0.0813051387668,
        "dmean2": 0.124471493065,
        "dvar": 0.00564260641113,
        "dvar2": 0.0117902019992,
        "max": 9.80342388153,
        "mean": 7.92721557617,
        "median": 7.91581249237,
        "min": 7.15135574341,
        "var": 0.0260356534272
    },
    "spectral_flux": {
        "dmean": 0.0235760975629,
        "dmean2": 0.0371625311673,
        "dvar": 0.000648848887067,
        "dvar2": 0.00141553743742,
        "max": 0.286185920238,
        "mean": 0.103372640908,
        "median": 0.0993018001318,
        "min": 7.00488347882e-11,
        "var": 0.00180444051512
    },
    "spectral_kurtosis": {
        "dmean": 0.91849821806,
        "dmean2": 1.58235228062,
        "dvar": 0.635403692722,
        "dvar2": 1.86491990089,
        "max": 11.1588830948,
        "mean": 3.25109624863,
        "median": 3.06697630882,
        "min": -1.29340410233,
        "var": 2.48784255981
    },
    "spectral_rms": {
        "dmean": 0.000884285313077,
        "dmean2": 0.00139321456663,
        "dvar": 8.8132151177e-07,
        "dvar2": 2.13025487028e-06,
        "max": 0.0118756238371,
        "mean": 0.00537517294288,
        "median": 0.00543204834685,
        "min": 3.14094735464e-12,
        "var": 2.96064126815e-06
    },
    "spectral_rolloff": {
        "dmean": 406.248687744,
        "dmean2": 677.679931641,
        "dvar": 280902.40625,
        "dvar2": 605678.125,
        "max": 19143.0175781,
        "mean": 1723.34057617,
        "median": 1744.18945312,
        "min": 107.666015625,
        "var": 1045942.5625
    },
    "spectral_skewness": {
        "dmean": 0.140760019422,
        "dmean2": 0.233707219362,
        "dvar": 0.0138526437804,
        "dvar2": 0.0370156951249,
        "max": 2.41534543037,
        "mean": 1.34283459187,
        "median": 1.34467613697,
        "min": -0.0401353426278,
        "var": 0.0994661301374
    },
    "spectral_spread": {
        "dmean": 339017.875,
        "dmean2": 505593.6875,
        "dvar": 637824860160,
        "dvar2": 874898980864,
        "max": 46365368,
        "mean": 4283678.5,
        "median": 4088073.25,
        "min": 2363873.75,
        "var": 1.62959785984e+12
    },
    "spectral_strongpeak": {
        "dmean": 0.460658818483,
        "dmean2": 0.794660568237,
        "dvar": 0.733302950859,
        "dvar2": 1.93619048595,
        "max": 14.0934486389,
        "mean": 0.709964156151,
        "median": 0.39093118906,
        "min": 0,
        "var": 1.02626049519
    },
    "zerocrossingrate": {
        "dmean": 0.00846263673156,
        "dmean2": 0.010832477361,
        "dvar": 0.000108032611024,
        "dvar2": 0.000160818206496,
        "max": 0.650390625,
        "mean": 0.0709287151694,
        "median": 0.07080078125,
        "min": 0.0126953125,
        "var": 0.000796838838141
    },
    "barkbands": {
        "dmean": [0.000194503911189, 0.00700298044831, 0.00221771583892, 0.000833784230053, 0.00093854451552, 0.000446585036116, 0.00060092745116, 0.000759663060308, 0.00091897364473, 0.00133927841671, 0.000966509571299, 0.00079009559704, 0.000644154381007, 0.00069503125269, 0.000518475833815, 0.000430567364674, 0.000585190369748, 0.000301049527479, 0.00016817341384, 0.000127288411022, 0.000142291697557, 0.000106099047116, 9.10850794753e-05, 4.95598906127e-05, 3.57775170414e-05, 1.97476329049e-05, 6.45461639692e-09],
        "dmean2": [0.000309780356474, 0.0116975801066, 0.00384134799242, 0.00144201971125, 0.00155376223847, 0.000754250504542, 0.000970829103608, 0.00128651584964, 0.00151585938875, 0.00220113550313, 0.00157214037608, 0.00128567428328, 0.00103362544905, 0.00112733233254, 0.000825858965982, 0.0006904915208, 0.00092292658519, 0.000478865404148, 0.000277033919701, 0.000209991703741, 0.000234590246691, 0.000172937725438, 0.000150656996993, 7.7117656474e-05, 5.45751427126e-05, 3.08543494612e-05, 1.15128004907e-08],
        "dvar": [2.532277108e-07, 0.000133548339363, 1.4556188944e-05, 2.17540491576e-06, 2.9878267469e-06, 9.64601895248e-07, 1.26985889892e-06, 2.1052669581e-06, 3.12307247441e-06, 6.19023467152e-06, 3.09811753141e-06, 2.41117777477e-06, 1.54855206347e-06, 3.00695705846e-06, 8.2212181951e-07, 6.07650406437e-07, 9.54975803324e-07, 2.878532257e-07, 1.58608870038e-07, 4.20669650225e-08, 4.73714791838e-08, 3.92688903617e-08, 2.71452886835e-08, 5.38551159224e-09, 3.55878859715e-09, 3.15181680755e-09, 2.40089168029e-14],
        "dvar2": [5.83545102018e-07, 0.000353811075911, 4.10305874539e-05, 6.1113605625e-06, 7.75335047365e-06, 2.53200869338e-06, 3.06962556351e-06, 5.69386747884e-06, 8.05185027275e-06, 1.66841055034e-05, 7.59391741667e-06, 6.13563497609e-06, 3.77273840968e-06, 6.97109317116e-06, 1.94919471141e-06, 1.40088616263e-06, 2.11837732422e-06, 6.74764919495e-07, 3.8180397155e-07, 1.11433216432e-07, 1.15398044898e-07, 1.05902330461e-07, 7.14304917437e-08, 1.25255974481e-08, 7.88432519272e-09, 7.84195997028e-09, 6.58840928862e-14],
        "max": [0.00644134450704, 0.10610409081, 0.0457267723978, 0.01637840271, 0.0250148084015, 0.0192644484341, 0.0224374961108, 0.023385219276, 0.0371621884406, 0.0656239315867, 0.0306896287948, 0.0237781237811, 0.0235078036785, 0.0401686429977, 0.0172203164548, 0.0236084405333, 0.0201598741114, 0.0126158827916, 0.012682932429, 0.00339719397016, 0.00492525147274, 0.00634703459218, 0.00205556722358, 0.00104844034649, 0.00100049818866, 0.00112149945926, 8.19352771941e-06],
        "mean": [0.000183046868187, 0.0097707118839, 0.00283625070006, 0.000966095074546, 0.00140426156577, 0.000641738006379, 0.00105524423998, 0.00110440573189, 0.00147174776066, 0.00232423329726, 0.00160939211491, 0.00141161330976, 0.00114520825446, 0.00124298979063, 0.00106129480992, 0.000942819053307, 0.00125650234986, 0.000562136468943, 0.00035725752241, 0.000288162817014, 0.000364736682968, 0.000240829220274, 0.000168488622876, 0.000117466581287, 9.17296711123e-05, 3.10968134727e-05, 4.64159954916e-09],
        "median": [2.85887326754e-05, 0.00640684086829, 0.00139894743916, 0.000437461945694, 0.000878304999787, 0.00037764525041, 0.000647756329272, 0.00061586452648, 0.000792065868154, 0.00132221495733, 0.000744905031752, 0.000504263793118, 0.000398366479203, 0.000417482515331, 0.000400851247832, 0.00046428310452, 0.000552547397092, 0.000318152830005, 0.00026676885318, 0.00022445913055, 0.000292842887575, 0.000175882771146, 0.000107434781967, 7.76744127506e-05, 5.44675567653e-05, 1.38120867632e-05, 8.30571444954e-10],
        "min": [4.13267489603e-25, 8.78096456389e-24, 3.10984726335e-24, 2.23727584083e-25, 1.56680760427e-23, 3.69133576646e-23, 2.39324432099e-23, 2.81876662178e-23, 7.74951015543e-23, 2.07894651691e-23, 1.93035289027e-23, 7.03515874042e-23, 8.10431012942e-23, 7.45348789193e-23, 5.68481441077e-23, 1.3011936252e-22, 1.79907289879e-22, 1.56653323845e-22, 2.41908273419e-22, 2.34462739138e-22, 2.78929705028e-22, 4.36562238759e-22, 5.54392006657e-22, 7.37985359555e-22, 1.02586329685e-21, 1.46194277798e-21, 2.34982362448e-21],
        "var": [2.57361307376e-07, 0.000149212399265, 1.59816245286e-05, 2.33761238633e-06, 3.57196176992e-06, 1.13360113119e-06, 2.16337343772e-06, 2.85178998638e-06, 4.60042838313e-06, 1.05810813693e-05, 6.24408130534e-06, 5.5675332078e-06, 3.46120850736e-06, 5.63928188058e-06, 2.61616901298e-06, 2.02273258765e-06, 3.14214776154e-06, 5.79732670758e-07, 2.63510742116e-07, 6.23394171839e-08, 9.73584306507e-08, 4.92770588778e-08, 3.32229213029e-08, 1.4572935747e-08, 1.16404326178e-08, 3.60923912979e-09, 1.5379287538e-14]
    },
    "erbbands": {
        "dmean": [0.150984868407, 1.77426695824, 2.92178583145, 2.59370040894, 2.75900316238, 3.554905653, 2.86878180504, 3.86945486069, 7.85214471817, 10.8129835129, 16.8284873962, 18.6852588654, 39.0764427185, 38.7477684021, 32.8703308105, 30.1181488037, 27.6161270142, 32.9355735779, 27.5946846008, 23.3625392914, 23.8810138702, 31.0117492676, 18.0584030151, 10.0388832092, 6.69727659225, 5.83319664001, 6.7017827034, 4.9589715004, 3.98934316635, 3.19501900673, 2.49694442749, 1.24375844002, 0.788756012917, 0.479687184095, 0.237801685929, 0.126423165202, 0.0291907731444, 0.000856303842738, 2.78509596683e-05, 1.33667417686e-05],
        "dmean2": [0.245588213205, 3.01555037498, 5.04386091232, 4.44298887253, 4.64259815216, 5.9553861618, 4.74996089935, 6.58209657669, 12.5750398636, 17.9103794098, 28.3804607391, 30.8568229675, 64.6118087769, 62.5926933289, 53.2585296631, 47.9353141785, 43.5056343079, 52.6586647034, 43.2632255554, 36.8677139282, 38.6295623779, 49.0008430481, 28.1686687469, 16.2798938751, 10.9677181244, 9.61485671997, 10.9618349075, 8.21809005737, 6.57641983032, 5.27826786041, 4.14218473434, 1.98762059212, 1.23180794716, 0.745778799057, 0.364003390074, 0.195345148444, 0.0482152961195, 0.00146113801748, 4.47532693215e-05, 2.08202000067e-05],
        "dvar": [0.0930405706167, 8.08876609802, 22.3572025299, 20.571516037, 22.8746376038, 47.8149032593, 22.2976474762, 94.4733200073, 253.116485596, 379.213195801, 1125.6854248, 1230.06274414, 5946.11816406, 5096.14013672, 3637.79077148, 3285.08129883, 2787.05273438, 6849.01220703, 2500.21435547, 1866.40783691, 1515.51489258, 2933.81884766, 969.383972168, 642.970092773, 106.766731262, 81.9390029907, 132.850692749, 47.1177940369, 75.5401992798, 29.3476085663, 20.655090332, 3.65090894699, 1.34666216373, 0.574135839939, 0.178002491593, 0.109643436968, 0.0104802520946, 1.49370798681e-05, 7.6550161765e-09, 2.82121270789e-10],
        "dvar2": [0.227894678712, 22.2208099365, 62.6962547302, 57.8041229248, 59.5141220093, 127.868339539, 58.0695114136, 248.336257935, 581.64440918, 977.543823242, 3033.79589844, 3206.22998047, 16560.3730469, 13332.6992188, 8895.46191406, 8149.39746094, 6821.27539062, 15430.6484375, 5968.37646484, 4368.9140625, 3731.41845703, 6529.51025391, 2170.44433594, 1473.11193848, 260.007202148, 213.333633423, 323.885467529, 120.992546082, 208.633331299, 76.2804336548, 54.2781791687, 8.69076538086, 3.06821799278, 1.32218408585, 0.398994743824, 0.263448864222, 0.0274432431906, 4.0637973143e-05, 2.00620640101e-08, 6.75565048347e-10],
        "max": [2.9545071125, 24.9658164978, 55.1835594177, 49.3348579407, 64.119934082, 96.7854232788, 67.8305206299, 197.005325317, 390.803863525, 306.735137939, 640.932434082, 819.644104004, 1978.58129883, 1221.7232666, 1130.14013672, 1009.42523193, 1097.37426758, 2218.06005859, 892.899169922, 1054.24609375, 1167.74230957, 1334.41296387, 843.156005859, 988.601745605, 260.653747559, 152.582717896, 301.020568848, 133.36289978, 309.177825928, 69.051864624, 48.8461341858, 21.528131485, 18.9435195923, 10.7306404114, 7.14176988602, 6.73410415649, 2.13191843033, 0.105973295867, 0.00171777303331, 0.000184474236448],
        "mean": [0.191998407245, 2.44500660896, 4.07965230942, 3.42830443382, 3.71684169769, 4.93482542038, 4.21155977249, 5.54897737503, 13.8539009094, 18.1879386902, 25.3751525879, 31.6611709595, 67.1658096313, 69.8542327881, 62.2156791687, 57.9877548218, 53.9752922058, 62.4915351868, 59.2664375305, 51.840637207, 57.5101203918, 69.2691497803, 38.3085746765, 20.7278575897, 15.5149507523, 13.6213159561, 15.7377929688, 12.8050985336, 8.82203102112, 6.57788228989, 4.54238462448, 2.72860240936, 1.84725618362, 1.16767072678, 0.564434349537, 0.233876153827, 0.0374052897096, 0.000988380867057, 5.66260314372e-05, 4.39979703515e-05],
        "median": [0.0908431708813, 1.61145865917, 2.56386351585, 1.85846233368, 2.2317738533, 2.79798364639, 2.56912446022, 3.23615789413, 7.73448705673, 11.8220214844, 14.2399501801, 18.2193717957, 38.8970031738, 37.3514900208, 28.3790397644, 22.5444736481, 18.9920196533, 22.277721405, 22.3960380554, 21.4432258606, 30.5608825684, 31.3186759949, 21.2909603119, 14.1587495804, 12.3537273407, 10.7877006531, 12.3616676331, 10.2814950943, 6.54478025436, 4.53592348099, 2.8327023983, 1.77429485321, 1.18998062611, 0.728347301483, 0.309448838234, 0.111814081669, 0.014963965863, 0.000356731790816, 3.87166910514e-05, 4.10728316638e-05],
        "min": [7.84397277784e-23, 2.07862228245e-21, 4.96525421663e-21, 2.56347270408e-21, 2.68064033369e-20, 4.0820852704e-20, 1.38422743075e-19, 3.73889902024e-19, 3.84907017205e-19, 6.08146805264e-19, 8.18507830626e-19, 1.76333069028e-18, 1.11439436824e-18, 5.48395930704e-19, 1.15713644485e-18, 2.8044946555e-18, 2.84242729723e-18, 3.19368706281e-18, 3.68153482024e-18, 6.94624423083e-18, 8.43750032839e-18, 9.96964396363e-18, 9.39370209135e-18, 9.41874250285e-18, 9.55680060145e-18, 1.20348641446e-17, 1.05247516378e-17, 1.14058569817e-17, 1.64316880967e-17, 1.51762512656e-17, 1.63042311449e-17, 1.38350209158e-17, 1.17142729274e-17, 9.59001107586e-18, 7.82548345523e-18, 5.42192737855e-18, 2.70358275667e-18, 1.10462722636e-18, 3.19368411598e-19, 3.14107006527e-20],
        "var": [0.0994894057512, 8.67807483673, 25.1546516418, 23.0444316864, 25.554265976, 52.2544136047, 31.4776706696, 104.360076904, 473.922607422, 557.321838379, 1510.84057617, 1804.89941406, 9106.21386719, 10093.1103516, 8567.69921875, 8534.48828125, 7151.73974609, 13116.0546875, 7726.77148438, 5964.29052734, 6111.45800781, 9225.16503906, 2419.59448242, 1245.46533203, 198.373428345, 131.904907227, 245.211166382, 92.0279693604, 75.5174789429, 42.2143249512, 24.7834072113, 7.89944982529, 3.92533254623, 1.75515556335, 0.511557102203, 0.156484141946, 0.00899800751358, 1.15074390123e-05, 7.49522310883e-09, 6.80584977264e-10]
    },
    "gfcc": {
        "mean": [29.653049469, 75.196472168, -150.565078735, 35.0962295532, -65.9557266235, 30.7434139252, -31.4087352753, 20.1127281189, -20.3615036011, 3.26480865479, -19.4113502502, 0.0853134393692, -4.67577648163],
        "cov": [[4010.16064453, 724.395385742, 796.076049805, 555.922119141, 292.814910889, 279.891967773, -72.0815734863, 168.427108765, -3.14594912529, 122.143699646, -30.9465751648, 148.762008667, -90.8615112305], [724.395385742, 1724.67907715, 1184.75061035, 1025.17663574, 356.99041748, 72.7910766602, 337.650695801, -14.8497362137, 175.496322632, -27.7097740173, 145.336212158, -93.1382446289, 77.3353805542], [796.076049805, 1184.75061035, 1443.3651123, 923.599731445, 335.343841553, 151.370452881, 198.265716553, 97.7962417603, 105.344367981, 84.284576416, 70.4084014893, 34.4282989502, -6.36274719238], [555.922119141, 1025.17663574, 923.599731445, 812.619140625, 263.621948242, 87.6913757324, 202.935058594, 26.3790187836, 121.881149292, 11.1218605042, 81.3652267456, -32.7435417175, 36.4553146362], [292.814910889, 356.99041748, 335.343841553, 263.621948242, 260.500732422, 127.561126709, 77.8111953735, 26.3268814087, 58.1642837524, 34.4874839783, 21.37068367, 14.3732271194, -3.21441674232], [279.891967773, 72.7910766602, 151.370452881, 87.6913757324, 127.561126709, 176.688095093, 45.9169502258, 30.9032821655, 16.7378234863, 29.892539978, 7.50936889648, 20.9825744629, -20.5324134827], [-72.0815734863, 337.650695801, 198.265716553, 202.935058594, 77.8111953735, 45.9169502258, 167.984329224, 8.9121723175, 46.3251266479, -15.3643922806, 41.3636779785, -29.3483982086, 20.745174408], [168.427108765, -14.8497362137, 97.7962417603, 26.3790187836, 26.3268814087, 30.9032821655, 8.9121723175, 97.0284347534, 34.8433647156, 38.6776542664, -10.363363266, 30.3501987457, -8.25406074524], [-3.14594912529, 175.496322632, 105.344367981, 121.881149292, 58.1642837524, 16.7378234863, 46.3251266479, 34.8433647156, 101.966552734, 23.1901473999, 26.1503314972, -13.1413297653, 16.7504615784], [122.143699646, -27.7097740173, 84.284576416, 11.1218605042, 34.4874839783, 29.892539978, -15.3643922806, 38.6776542664, 23.1901473999, 87.524307251, 16.8466835022, 35.1992073059, -11.6972284317], [-30.9465751648, 145.336212158, 70.4084014893, 81.3652267456, 21.37068367, 7.50936889648, 41.3636779785, -10.363363266, 26.1503314972, 16.8466835022, 83.2261276245, 8.33738803864, 22.4530982971], [148.762008667, -93.1382446289, 34.4282989502, -32.7435417175, 14.3732271194, 20.9825744629, -29.3483982086, 30.3501987457, -13.1413297653, 35.1992073059, 8.33738803864, 80.734588623, -0.995996117592], [-90.8615112305, 77.3353805542, -6.36274719238, 36.4553146362, -3.21441674232, -20.5324134827, 20.745174408, -8.25406074524, 16.7504615784, -11.6972284317, 22.4530982971, -0.995996117592, 60.2274971008]],
        "icov": [[0.000628299487289, -0.0011717955349, 0.00097185256891, -0.000858979939949, 0.000657464144751, -0.00129502569325, 0.00162991054822, -0.00142756931018, 0.00121250294615, -0.00072151835775, 0.000880177656654, -0.00148927944247, 0.00108155061025], [-0.0011717955349, 0.00642996560782, -0.00387589796446, 0.000146991282236, -0.0032978199888, 0.00428441818804, -0.00516276946291, 0.00437125749886, -0.00368698546663, 0.00345617695712, -0.00409548915923, 0.00551523035392, -0.00354600278661], [0.00097185256891, -0.00387589796446, 0.00656351912767, -0.00567935639992, 0.0020041486714, -0.00294072460383, 0.00339437741786, -0.00483936537057, 0.00488987518474, -0.00438934052363, 0.00333182048053, -0.00548517378047, 0.00430085510015], [-0.000858979939949, 0.000146991282236, -0.00567935639992, 0.0105177899823, -0.00247426540591, 0.00201090215705, -0.00288793281652, 0.00319826300256, -0.00471748877317, 0.00334582081996, -0.00241743354127, 0.00408512214199, -0.00353380502202], [0.000657464144751, -0.0032978199888, 0.0020041486714, -0.00247426540591, 0.011186407879, -0.00744747323915, 0.00203841878101, 0.000203414543648, -0.00103881384712, -0.00327553506941, 0.00447591533884, -0.00544139929116, 0.00221379520372], [-0.00129502569325, 0.00428441818804, -0.00294072460383, 0.00201090215705, -0.00744747323915, 0.0137945879251, -0.00652715796605, 0.00202615349554, -0.00156137556769, 0.00162263482343, -0.0034382857848, 0.0033974617254, -6.43929670332e-05], [0.00162991054822, -0.00516276946291, 0.00339437741786, -0.00288793281652, 0.00203841878101, -0.00652715796605, 0.0168085247278, -0.00753020774573, 0.00341626931913, 0.000902535626665, -0.001341028139, -0.000978206051514, 0.00196573743597], [-0.00142756931018, 0.00437125749886, -0.00483936537057, 0.00319826300256, 0.000203414543648, 0.00202615349554, -0.00753020774573, 0.0237064436078, -0.0122691839933, -0.0016473820433, 0.00435134535655, -0.00293386122212, -0.00224784924649], [0.00121250294615, -0.00368698546663, 0.00488987518474, -0.00471748877317, -0.00103881384712, -0.00156137556769, 0.00341626931913, -0.0122691839933, 0.0226459633559, -0.00697800703347, -0.00126359960996, 0.00280977017246, -0.000646353757475], [-0.00072151835775, 0.00345617695712, -0.00438934052363, 0.00334582081996, -0.00327553506941, 0.00162263482343, 0.000902535626665, -0.0016473820433, -0.00697800703347, 0.0228556506336, -0.00857604108751, -0.000543546397239, 0.00139425555244], [0.000880177656654, -0.00409548915923, 0.00333182048053, -0.00241743354127, 0.00447591533884, -0.0034382857848, -0.001341028139, 0.00435134535655, -0.00126359960996, -0.00857604108751, 0.0229066815227, -0.00962482206523, -0.00148614356294], [-0.00148927944247, 0.00551523035392, -0.00548517378047, 0.00408512214199, -0.00544139929116, 0.0033974617254, -0.000978206051514, -0.00293386122212, 0.00280977017246, -0.000543546397239, -0.00962482206523, 0.0279064010829, -0.00841547641903], [0.00108155061025, -0.00354600278661, 0.00430085510015, -0.00353380502202, 0.00221379520372, -6.43929670332e-05, 0.00196573743597, -0.00224784924649, -0.000646353757475, 0.00139425555244, -0.00148614356294, -0.00841547641903, 0.0253584645689]]
    },
    "melbands": {
        "dmean": [0.00168044690508, 0.00181879498996, 0.000423752469942, 0.000238980675931, 0.000102170626633, 8.72307282407e-05, 0.000120031239931, 0.000126167418784, 0.000136048925924, 0.000128884435981, 0.000199689457077, 0.000163788863574, 0.000126494574943, 9.08029032871e-05, 7.30763131287e-05, 6.28761335975e-05, 6.73328977427e-05, 5.02164148202e-05, 3.85545790778e-05, 3.08165654133e-05, 3.18655220326e-05, 3.63469625881e-05, 2.61559634964e-05, 1.21516177387e-05, 8.90516730578e-06, 6.2490826167e-06, 4.33143122791e-06, 4.20621427111e-06, 4.64824370283e-06, 4.03367994295e-06, 2.98580721392e-06, 2.50109042099e-06, 2.04857246899e-06, 1.90535570255e-06, 1.68091116848e-06, 1.06656739263e-06, 7.65621336996e-07, 6.09363439708e-07, 5.23058020008e-07, 4.24570941959e-07],
        "dmean2": [0.00276252487674, 0.00311665609479, 0.000722076802049, 0.000397027848521, 0.000169368053321, 0.000147578117321, 0.000192419291125, 0.000211510719964, 0.000229331344599, 0.00021242472576, 0.000330616632709, 0.000265316688456, 0.000205261443625, 0.000148522492964, 0.000116133589472, 0.00010115000623, 0.000108565654955, 8.00282432465e-05, 6.11813302385e-05, 4.94001797051e-05, 5.20776993653e-05, 5.79317420488e-05, 4.13532143284e-05, 1.93019204744e-05, 1.46063875945e-05, 1.03176616904e-05, 7.25677500668e-06, 7.01166936778e-06, 7.66043194744e-06, 6.7285568548e-06, 4.94191317557e-06, 4.15234990214e-06, 3.40409701494e-06, 3.17956209983e-06, 2.82454948319e-06, 1.76019136688e-06, 1.22838844163e-06, 9.58174837251e-07, 8.16492786271e-07, 6.73995430134e-07],
        "dvar": [8.7331100076e-06, 7.75328317104e-06, 5.04941056079e-07, 2.05386825769e-07, 2.60751171766e-08, 4.47372130452e-08, 5.52248309305e-08, 5.03817751962e-08, 7.08037930508e-08, 6.42784456772e-08, 1.53776312573e-07, 9.51776186753e-08, 5.11175990425e-08, 3.38836976255e-08, 2.09833750375e-08, 1.50549812616e-08, 3.0903727577e-08, 9.66988888962e-09, 5.21897192129e-09, 4.38530811664e-09, 3.08988079567e-09, 4.25576729413e-09, 1.8997228235e-09, 6.96689095303e-10, 5.82116244097e-10, 1.38129743754e-10, 3.60192639604e-11, 4.73048024363e-11, 6.7521981062e-11, 4.00958051483e-11, 1.55660189599e-11, 2.87929870918e-11, 1.24648928332e-11, 1.14335823795e-11, 9.59424987373e-12, 2.84403772234e-12, 1.35836437584e-12, 7.85595926419e-13, 6.20706231639e-13, 4.80431178781e-13],
        "dvar2": [2.25803414651e-05, 2.12548293348e-05, 1.41066527704e-06, 5.31297587258e-07, 6.79836915651e-08, 1.16126457783e-07, 1.28958475898e-07, 1.30386411001e-07, 1.90745907958e-07, 1.67935709783e-07, 4.26948446375e-07, 2.49203168323e-07, 1.23812242236e-07, 8.87271980332e-08, 4.97881345041e-08, 3.73018416155e-08, 6.97397766203e-08, 2.29520171757e-08, 1.24285230996e-08, 1.01570023503e-08, 7.57824381026e-09, 9.56594181645e-09, 4.34085567491e-09, 1.71022096485e-09, 1.35097899534e-09, 3.26692839447e-10, 9.50644632458e-11, 1.26096202924e-10, 1.66033728433e-10, 1.01242000894e-10, 4.06419654875e-11, 7.99798699491e-11, 3.29122597231e-11, 3.04488240177e-11, 2.55293303858e-11, 7.14701561821e-12, 3.30760484106e-12, 1.85246392878e-12, 1.43223367194e-12, 1.14664484505e-12],
        "max": [0.0292183104903, 0.0254186540842, 0.0078192492947, 0.00661885319278, 0.00233333278447, 0.00445107836276, 0.00529385497794, 0.00362707627937, 0.00497786607593, 0.00578631833196, 0.00960361864418, 0.00589468050748, 0.00421140436083, 0.00319061009213, 0.00301652261987, 0.00236058654264, 0.00451568886638, 0.00229642959312, 0.00139105867129, 0.00251573557034, 0.00181112461723, 0.00167300307658, 0.000756282068323, 0.000850024982356, 0.000916617165785, 0.000367152359104, 0.000118906842545, 0.000112282541522, 0.000187638259376, 0.000139175637742, 6.28305642749e-05, 0.000193272921024, 9.25636850297e-05, 4.44757533842e-05, 3.94137423427e-05, 1.70396633621e-05, 1.42823173519e-05, 1.41379505294e-05, 1.37652386911e-05, 1.02331023299e-05],
        "mean": [0.00231008860283, 0.00268767098896, 0.000588846334722, 0.000340682570823, 0.000155184068717, 0.000127053936012, 0.000213815641473, 0.000207406119443, 0.000204895215575, 0.000210285870708, 0.000338479614584, 0.000283454399323, 0.000219643523451, 0.000161843490787, 0.000137415248901, 0.000110129345558, 0.000117536234029, 9.67121814028e-05, 7.73625943111e-05, 6.29559799563e-05, 6.84266269673e-05, 7.55804212531e-05, 5.16957406944e-05, 2.24661198445e-05, 1.61210591614e-05, 1.27454304675e-05, 9.17416582524e-06, 8.83122174855e-06, 9.88553529169e-06, 9.0869361884e-06, 6.9056409302e-06, 5.14822704645e-06, 4.11093969888e-06, 3.48738990397e-06, 2.76860737358e-06, 1.99076634999e-06, 1.53589473939e-06, 1.29545355776e-06, 1.15526734135e-06, 9.38535947625e-07],
        "median": [0.00142883195076, 0.00199068943039, 0.000361111829989, 0.000196946130018, 0.000100602774182, 7.27117876522e-05, 0.000123715741211, 0.000132189452415, 0.000117888179375, 0.000114024260256, 0.000195531785721, 0.000148655017256, 0.000101448138594, 6.07852416579e-05, 4.59682705696e-05, 3.89983179048e-05, 3.87888285331e-05, 3.41794075212e-05, 2.91401884169e-05, 2.79258783848e-05, 3.53614195774e-05, 3.18815509672e-05, 2.43057911575e-05, 1.28218434838e-05, 1.03988058981e-05, 9.71824647422e-06, 7.1977974585e-06, 6.85871418682e-06, 7.51239349484e-06, 7.15584246791e-06, 5.44654812984e-06, 3.80026222047e-06, 2.85233409159e-06, 2.24947075367e-06, 1.63595132108e-06, 1.22698486393e-06, 9.35389039114e-07, 7.8094581113e-07, 6.95405105944e-07, 5.39735424354e-07],
        "min": [1.53197951364e-24, 3.18080589342e-24, 8.57181288601e-25, 2.73229113714e-24, 5.05930340651e-24, 7.99891705031e-24, 5.71782121879e-24, 5.89226952494e-24, 7.08380369037e-24, 1.05042580326e-23, 5.00351161342e-24, 1.69048671583e-24, 2.41855444982e-24, 5.65671723637e-24, 8.06899708655e-24, 6.14108414306e-24, 6.33407620251e-24, 5.65356889249e-24, 5.73507281793e-24, 1.00882727446e-23, 8.62018130077e-24, 9.65499799219e-24, 1.03885873581e-23, 7.25670306814e-24, 7.41850711727e-24, 9.06904631129e-24, 4.61216284594e-24, 8.1983339874e-24, 5.68881874761e-24, 7.08497830426e-24, 5.70003358867e-24, 8.30055616122e-24, 8.8983005238e-24, 8.24299534755e-24, 9.22960632677e-24, 6.1786993976e-24, 8.79136490607e-24, 6.83168611165e-24, 8.90181016596e-24, 7.98836682456e-24],
        "var": [9.70257588051e-06, 8.89820421435e-06, 5.81144433909e-07, 2.42488965796e-07, 3.67350381225e-08, 5.30585921865e-08, 1.02070565333e-07, 7.52899111944e-08, 9.62992245945e-08, 9.23959078136e-08, 2.35745318378e-07, 1.79704244374e-07, 1.11954264526e-07, 7.26697848563e-08, 5.72334144522e-08, 3.11171355349e-08, 5.51845467101e-08, 2.38294202148e-08, 1.49361039092e-08, 1.10818607624e-08, 1.00707433504e-08, 1.25936105988e-08, 4.80066164599e-09, 1.16115073112e-09, 1.00474872866e-09, 2.1574252107e-10, 5.849650625e-11, 6.58347334981e-11, 1.1502350461e-10, 7.31572927237e-11, 2.9994916273e-11, 2.76853904385e-11, 1.64546796327e-11, 1.42982995235e-11, 1.0439035053e-11, 4.51946466362e-12, 2.88259130107e-12, 2.08588571762e-12, 1.71565864814e-12, 1.31425458624e-12]
    },
    "mfcc": {
        "mean": [-596.003845215, 96.4316940308, -21.4402828217, 8.72329902649, -5.42113304138, 8.25271320343, 2.22044920921, 11.6039819717, 11.9019680023, 2.88593387604, 0.10854446888, 3.36593294144, -0.531941175461],
        "cov": [[2236.20947266, 388.369384766, 484.366912842, 293.070678711, 390.220581055, 191.172103882, 89.388458252, 124.358688354, 65.2911682129, -25.3877468109, 88.0603408813, 118.381507874, 59.5442314148], [388.369384766, 903.688720703, 748.978210449, 698.910461426, 256.919830322, 254.773742676, 187.273117065, 111.784637451, 126.852432251, 46.7018203735, 68.3123931885, 105.696624756, 91.624206543], [484.366912842, 748.978210449, 1161.97509766, 825.998291016, 331.221343994, 261.301452637, 193.185974121, 132.969161987, 130.099868774, 53.8461952209, 87.5764923096, 126.744537354, 124.40965271], [293.070678711, 698.910461426, 825.998291016, 802.167541504, 259.80758667, 222.231323242, 155.198867798, 103.929122925, 129.730682373, 45.5639877319, 62.0335578918, 99.9157104492, 96.392791748], [390.220581055, 256.919830322, 331.221343994, 259.80758667, 274.562316895, 159.547134399, 68.6399383545, 62.1089134216, 67.4947891235, 29.2775096893, 52.5334739685, 67.7846832275, 44.149181366], [191.172103882, 254.773742676, 261.301452637, 222.231323242, 159.547134399, 210.986862183, 109.858001709, 66.6704483032, 42.5283622742, 37.8230171204, 34.5282211304, 41.9553947449, 41.2772369385], [89.388458252, 187.273117065, 193.185974121, 155.198867798, 68.6399383545, 109.858001709, 127.53049469, 54.7546806335, 25.5019607544, 11.8327131271, 21.4497966766, 30.2946510315, 32.706905365], [124.358688354, 111.784637451, 132.969161987, 103.929122925, 62.1089134216, 66.6704483032, 54.7546806335, 94.7400283813, 46.1130523682, 14.9447717667, 22.1651191711, 27.4770107269, 16.6705284119], [65.2911682129, 126.852432251, 130.099868774, 129.730682373, 67.4947891235, 42.5283622742, 25.5019607544, 46.1130523682, 99.4582061768, 33.0580253601, 26.1835689545, 23.9154987335, 21.0483913422], [-25.3877468109, 46.7018203735, 53.8461952209, 45.5639877319, 29.2775096893, 37.8230171204, 11.8327131271, 14.9447717667, 33.0580253601, 69.5692825317, 25.7475757599, 8.20308876038, 9.24221801758], [88.0603408813, 68.3123931885, 87.5764923096, 62.0335578918, 52.5334739685, 34.5282211304, 21.4497966766, 22.1651191711, 26.1835689545, 25.7475757599, 64.4648742676, 38.4373664856, 16.0891189575], [118.381507874, 105.696624756, 126.744537354, 99.9157104492, 67.7846832275, 41.9553947449, 30.2946510315, 27.4770107269, 23.9154987335, 8.20308876038, 38.4373664856, 80.4200363159, 38.0165214539], [59.5442314148, 91.624206543, 124.40965271, 96.392791748, 44.149181366, 41.2772369385, 32.706905365, 16.6705284119, 21.0483913422, 9.24221801758, 16.0891189575, 38.0165214539, 62.9672470093]],
