{
"lowlevel": {
    "average_loudness": 0.450467586517,
    "barkbands_crest": {
        "dmean": 2.54077911377,
        "dmean2": 4.07947158813,
        "dvar": 5.46137475967,
        "dvar2": 13.2531490326,
        "max": 26.9130859375,
        "mean": 11.4062900543,
        "median": 10.3914585114,
        "min": 2.73007559776,
        "var": 24.807926178
    },
    "barkbands_flatness_db": {
        "dmean": 0.0182271525264,
        "dmean2": 0.0281625743955,
        "dvar": 0.00035376829328,
        "dvar2": 0.000806971627753,
        "max": 0.65871655941,
        "mean": 0.164826869965,
        "median": 0.152120813727,
        "min": 0.0394137352705,
        "var": 0.00358697562478
    },
    "barkbands_kurtosis": {
        "dmean": 8.34979438782,
        "dmean2": 14.9385690689,
        "dvar": 82635.1484375,
        "dvar2": 247355.984375,
        "max": 18412.2402344,
        "mean": 10.2377529144,
        "median": 2.03138208389,
        "min": -1.95960950851,
        "var": 41891.5351562
    },
    "barkbands_skewness": {
        "dmean": 0.563977062702,
        "dmean2": 0.851946651936,
        "dvar": 3.71320867538,
        "dvar2": 10.3595323563,
        "max": 119.996635437,
        "mean": 1.48638427258,
        "median": 1.09537649155,
        "min": -3.51135754585,
        "var": 5.23374557495
    },
    "barkbands_spread": {
        "dmean": 4.81547021866,
        "dmean2": 7.31657743454,
        "dvar": 59.8025283813,
        "dvar2": 113.342521667,
        "max": 103.645652771,
        "mean": 20.1731281281,
        "median": 14.8605899811,
        "min": 0.0184276457876,
        "var": 295.174346924
    },
    "dissonance": {
        "dmean": 0.0232729539275,
        "dmean2": 0.039392400533,
        "dvar": 0.000554505095351,
        "dvar2": 0.00145707337651,
        "max": 0.500000119209,
        "mean": 0.451321810484,
        "median": 0.460621953011,
        "min": 0.0535858012736,
        "var": 0.00147190096322
    },
    "dynamic_complexity": 4.58612155914,
    "erbbands_crest": {
        "dmean": 2.98440051079,
        "dmean2": 4.76493310928,
        "dvar": 7.92903327942,
        "dvar2": 18.667798996,
        "max": 31.6719589233,
        "mean": 12.1336660385,
        "median": 11.0602169037,
        "min": 2.17555785179,
        "var": 31.4248180389
    },
    "erbbands_flatness_db": {
        "dmean": 0.0173292104155,
        "dmean2": 0.0255186296999,
        "dvar": 0.000281733868178,
        "dvar2": 0.000550672237296,
        "max": 0.358250766993,
        "mean": 0.190298512578,
        "median": 0.192192330956,
        "min": 0.0615631602705,
        "var": 0.00245618517511
    },
    "erbbands_kurtosis": {
        "dmean": 1.6998500824,
        "dmean2": 2.65314483643,
        "dvar": 8.58049106598,
        "dvar2": 20.294506073,
        "max": 136.370422363,
        "mean": 2.87665557861,
        "median": 1.2757422924,
        "min": -1.86694204807,
        "var": 33.9538764954
    },
    "erbbands_skewness": {
        "dmean": 0.415223658085,
        "dmean2": 0.618578255177,
        "dvar": 0.203742623329,
        "dvar2": 0.381947278976,
        "max": 10.6888113022,
        "mean": 0.741225540638,
        "median": 0.697966098785,
        "min": -6.15565013885,
        "var": 1.65437281132
    },
    "erbbands_spread": {
        "dmean": 7.18759298325,
        "dmean2": 11.0007343292,
        "dvar": 112.550971985,
        "dvar2": 246.640365601,
        "max": 156.242507935,
        "mean": 30.8443984985,
        "median": 24.940120697,
        "min": 2.60494709015,
        "var": 447.999816895
    },
    "hfc": {
        "dmean": 4.87551546097,
        "dmean2": 7.05519962311,
        "dvar": 51.7624740601,
        "dvar2": 103.695663452,
        "max": 143.413970947,
        "mean": 21.1743812561,
        "median": 10.8824768066,
        "min": 1.19066534658e-16,
        "var": 511.481903076
    },
    "melbands_crest": {
        "dmean": 3.01402878761,
        "dmean2": 4.88572120667,
        "dvar": 7.29762125015,
        "dvar2": 17.9972705841,
        "max": 39.9906921387,
        "mean": 13.5019350052,
        "median": 12.5252246857,
        "min": 1.00067269802,
        "var": 29.8036422729
    },
    "melbands_flatness_db": {
        "dmean": 0.0201243087649,
        "dmean2": 0.0302470829338,
        "dvar": 0.000482481555082,
        "dvar2": 0.000975216913503,
        "max": 0.638835191727,
        "mean": 0.202108189464,
        "median": 0.181805387139,
        "min": 2.71803202168e-07,
        "var": 0.0059473789297
    },
    "melbands_kurtosis": {
        "dmean": 10.2789268494,
        "dmean2": 17.3921890259,
        "dvar": 47128.2070312,
        "dvar2": 140854.921875,
        "max": 13887.1416016,
        "mean": 17.44323349,
        "median": 5.30609703064,
        "min": -1.93666875362,
        "var": 24619.5703125
    },
    "melbands_skewness": {
        "dmean": 0.65652769804,
        "dmean2": 1.00901603699,
        "dvar": 3.18554186821,
        "dvar2": 8.82998275757,
        "max": 107.079231262,
        "mean": 2.23188662529,
        "median": 1.87866783142,
        "min": -1.3637816906,
        "var": 5.83359193802
    },
    "melbands_spread": {
        "dmean": 6.90332269669,
        "dmean2": 10.3380565643,
        "dvar": 176.933151245,
        "dvar2": 301.623687744,
        "max": 257.462860107,
        "mean": 27.7036151886,
        "median": 20.4813365936,
        "min": 0.0390909388661,
        "var": 910.309387207
    },
    "pitch_salience": {
        "dmean": 0.0650135800242,
        "dmean2": 0.103593602777,
        "dvar": 0.00360993738286,
        "dvar2": 0.00848616752774,
        "max": 0.997732996941,
        "mean": 0.555780827999,
        "median": 0.563485860825,
        "min": 0.00286880950443,
        "var": 0.0158450994641
    },
    "silence_rate_20dB": {
        "dmean": 0,
        "dmean2": 0,
        "dvar": 0,
        "dvar2": 0,
        "max": 1,
        "mean": 1,
        "median": 1,
        "min": 1,
        "var": 0
    },
    "silence_rate_30dB": {
        "dmean": 0.000245188188273,
        "dmean2": 0.000490436505061,
        "dvar": 0.000245128088864,
        "dvar2": 0.000490195932798,
        "max": 1,
        "mean": 0.999754846096,
        "median": 1,
        "min": 0,
        "var": 0.000245098082814
    },
    "silence_rate_60dB": {
        "dmean": 0.030648522079,
        "dmean2": 0.0613045617938,
        "dvar": 0.0297139659524,
        "dvar2": 0.0646671503782,
        "max": 1,
        "mean": 0.163643047214,
        "median": 0,
        "min": 0,
        "var": 0.136847183108
    },
    "spectral_centroid": {
        "dmean": 189.528610229,
        "dmean2": 280.038116455,
        "dvar": 90766.5234375,
        "dvar2": 152978.078125,
        "max": 10860.6162109,
        "mean": 1289.29626465,
        "median": 1259.22363281,
        "min": 186.096572876,
        "var": 651414.5625
    },
    "spectral_complexity": {
        "dmean": 2.28368282318,
        "dmean2": 3.67067193985,
        "dvar": 6.23576545715,
        "dvar2": 13.9828386307,
        "max": 48,
        "mean": 14.3502082825,
        "median": 12,
        "min": 0,
        "var": 85.5526733398
    },
    "spectral_decrease": {
        "dmean": 1.0774664494e-09,
        "dmean2": 1.6385007795e-09,
        "dvar": 2.14862438857e-18,
        "dvar2": 4.78547848523e-18,
        "max": 1.30137492437e-21,
        "mean": -4.2352557017e-09,
        "median": -3.04753600133e-09,
        "min": -4.46858123837e-08,
        "var": 1.49191916554e-17
    },
    "spectral_energy": {
        "dmean": 0.00441792653874,
        "dmean2": 0.00669054407626,
        "dvar": 3.60295744031e-05,
        "dvar2": 7.98313194537e-05,
        "max": 0.181662529707,
        "mean": 0.0179053917527,
        "median": 0.0126178404316,
        "min": 1.09475068016e-20,
        "var": 0.000268488307483
    },
    "spectral_energyband_high": {
        "dmean": 0.000242532987613,
        "dmean2": 0.0003437899868,
        "dvar": 2.3330194665e-07,
        "dvar2": 4.10475280432e-07,
        "max": 0.0127289500087,
        "mean": 0.000749375612941,
        "median": 0.000292338663712,
        "min": 7.99269325331e-21,
        "var": 1.22000972169e-06
    },
    "spectral_energyband_low": {
        "dmean": 0.00102373131085,
        "dmean2": 0.0016895562876,
        "dvar": 5.85270163356e-06,
        "dvar2": 1.45125359268e-05,
        "max": 0.0967851951718,
        "mean": 0.00204111961648,
        "median": 0.00125880388077,
        "min": 2.83879232917e-23,
        "var": 9.23266088648e-06
    },
    "spectral_energyband_middle_high": {
        "dmean": 0.00246849702671,
        "dmean2": 0.00367926387116,
        "dvar": 2.14843712456e-05,
        "dvar2": 4.76331588288e-05,
        "max": 0.0840440168977,
        "mean": 0.00887426268309,
        "median": 0.00192941806745,
        "min": 1.43828947162e-21,
        "var": 0.000181576077011
    },
    "spectral_energyband_middle_low": {
        "dmean": 0.00257781567052,
        "dmean2": 0.0040295519866,
        "dvar": 1.55284142238e-05,
        "dvar2": 3.64629377145e-05,
        "max": 0.0618478469551,
        "mean": 0.00658627506346,
        "median": 0.00475053302944,
        "min": 2.55645434114e-22,
        "var": 4.00840835937e-05
    },
    "spectral_entropy": {
        "dmean": 0.163257226348,
        "dmean2": 0.235480606556,
        "dvar": 0.0336103476584,
        "dvar2": 0.0585476830602,
        "max": 9.80464839935,
        "mean": 7.34786367416,
        "median": 7.42819023132,
        "min": 4.79460859299,
        "var": 0.355159014463
    },
    "spectral_flux": {
        "dmean": 0.020177455619,
        "dmean2": 0.032178118825,
        "dvar": 0.000515581690706,
        "dvar2": 0.00129263778217,
        "max": 0.31045666337,
        "mean": 0.0708300322294,
        "median": 0.0609203390777,
        "min": 6.75564743036e-11,
        "var": 0.00229182210751
    },
    "spectral_kurtosis": {
        "dmean": 1.66436302662,
        "dmean2": 2.7348139286,
        "dvar": 4.05583906174,
        "dvar2": 10.9400129318,
        "max": 32.2937164307,
        "mean": 5.23191261292,
        "median": 4.55660820007,
        "min": -1.3640203476,
        "var": 14.7863855362
    },
    "spectral_rms": {
        "dmean": 0.000489958620165,
        "dmean2": 0.000729191408027,
        "dvar": 2.86510100977e-07,
        "dvar2": 5.67052211409e-07,
        "max": 0.0133128408343,
        "mean": 0.00373309012502,
        "median": 0.00350857339799,
        "min": 3.26810258543e-12,
        "var": 3.53272548637e-06
    },
    "spectral_rolloff": {
        "dmean": 394.038452148,
        "dmean2": 652.663879395,
        "dvar": 1093165.5,
        "dvar2": 2059642.375,
        "max": 18970.7519531,
        "mean": 1735.99121094,
        "median": 1248.92578125,
        "min": 21.533203125,
        "var": 3674632.25
    },
    "spectral_skewness": {
        "dmean": 0.218561127782,
        "dmean2": 0.338741570711,
        "dvar": 0.0547915436327,
        "dvar2": 0.113921992481,
        "max": 4.61923313141,
        "mean": 1.74709546566,
        "median": 1.72728347778,
        "min": -0.740623116493,
        "var": 0.411632359028
    },
    "spectral_spread": {
        "dmean": 524982.625,
        "dmean2": 730287.5,
        "dvar": 652826509312,
        "dvar2": 972764872704,
        "max": 41259092,
        "mean": 4689090.5,
        "median": 4206639,
        "min": 1812492.625,
        "var": 3.73900076646e+12
    },
    "spectral_strongpeak": {
        "dmean": 0.726111233234,
        "dmean2": 1.17797207832,
        "dvar": 1.41330099106,
        "dvar2": 3.36625361443,
        "max": 15.7249393463,
        "mean": 1.70707178116,
        "median": 0.643991470337,
        "min": 0,
        "var": 5.29248332977
    },
    "zerocrossingrate": {
        "dmean": 0.00998555216938,
        "dmean2": 0.0111564723775,
        "dvar": 0.000293165881885,
        "dvar2": 0.000273030105745,
        "max": 0.53125,
        "mean": 0.0676115676761,
        "median": 0.060546875,
        "min": 0.00390625,
        "var": 0.00260654254816
    },
    "barkbands": {
        "dmean": [4.69504266221e-05, 0.000794030842371, 0.000311181385769, 0.000293892982882, 0.000986719736829, 0.000787242024671, 0.000462548807263, 0.000438338145614, 0.000607286288869, 0.00066365278326, 0.00109553616494, 0.000770614366047, 0.000339968042681, 0.000596994825173, 0.000368481938494, 0.000439225812443, 0.000226118485443, 0.000198416790226, 8.7434265879e-05, 0.000108007523522, 6.50529109407e-05, 3.53719224222e-05, 5.57996536372e-05, 7.23308403394e-05, 3.76055140805e-05, 1.11723620648e-05, 9.0303728939e-09],
        "dmean2": [8.325347153e-05, 0.00132703350391, 0.000523469352629, 0.00049894611584, 0.00156066473573, 0.0012242749799, 0.000736740417778, 0.000710839696694, 0.000997540657409, 0.00106017652433, 0.00164344103541, 0.00109521439299, 0.000517784385011, 0.000906082394067, 0.000555229431484, 0.000651909678709, 0.000348129775375, 0.000315080280416, 0.000138209099532, 0.000167952501215, 0.000102133570181, 5.2985149523e-05, 8.20718632895e-05, 0.000105637518573, 5.35906583536e-05, 1.58918428497e-05, 1.67730540568e-08],
        "dvar": [1.2112395531e-08, 3.60788203579e-06, 7.99038048171e-07, 4.250521215e-07, 3.09072265736e-06, 2.80931908492e-06, 2.73147725238e-06, 2.01077250495e-06, 4.13940051658e-06, 4.63631522507e-06, 1.07547857624e-05, 8.79373055795e-06, 1.30824548705e-06, 3.37829033015e-06, 1.89731224509e-06, 2.16092462324e-06, 4.44513005959e-07, 2.28519326129e-07, 4.54492976587e-08, 6.23599305527e-08, 2.29790213524e-08, 1.18162528651e-08, 2.13610462652e-08, 3.56694549453e-08, 1.00497459243e-08, 8.26327450909e-10, 1.18475565594e-14],
        "dvar2": [3.69144501633e-08, 9.4864581115e-06, 1.92974061974e-06, 1.15643069876e-06, 6.62494494463e-06, 6.19256343271e-06, 6.91239165462e-06, 4.95337644679e-06, 1.05972103484e-05, 1.1276265468e-05, 2.13745752262e-05, 1.57281592692e-05, 2.68408007287e-06, 7.24519622963e-06, 3.99244481741e-06, 4.4563935262e-06, 1.06587276605e-06, 5.48896764485e-07, 1.0720367527e-07, 1.43938720498e-07, 5.36516822081e-08, 2.28359340326e-08, 4.07423037529e-08, 7.08076726141e-08, 1.88342905716e-08, 1.55689150461e-09, 3.45527405787e-14],
        "max": [0.00174830493052, 0.05016156286, 0.0465715751052, 0.0162069853395, 0.043505590409, 0.0366409271955, 0.0422522686422, 0.0447767265141, 0.043986722827, 0.051024209708, 0.0617459379137, 0.0729936510324, 0.0350858718157, 0.0445378869772, 0.0411764979362, 0.0346584692597, 0.0167668890208, 0.0149931553751, 0.00494046928361, 0.00414213771001, 0.00261528114788, 0.00342166866176, 0.00470363348722, 0.00451513705775, 0.00273472396657, 0.000640304991975, 5.30533770871e-06],
        "mean": [5.35080798727e-05, 0.00138284463901, 0.0004580814566, 0.000392159010516, 0.00199150689878, 0.00159972975962, 0.000709866464604, 0.000599882623646, 0.000912631920073, 0.0010812652763, 0.00229327916168, 0.00133231189102, 0.000622776336968, 0.0011399857467, 0.00063954165671, 0.000827433366794, 0.000492955383379, 0.000377817748813, 0.000178084650543, 0.000216810483835, 0.000125701495563, 7.59193208069e-05, 0.000129778476548, 0.000166302459547, 8.46258481033e-05, 2.06218428502e-05, 5.87154547205e-09],
        "median": [1.29566451506e-05, 0.000672071648296, 0.000205778545933, 0.000169853447005, 0.00104825489689, 0.000565938709769, 0.000157663365826, 0.00018629420083, 0.000202679249924, 0.000204721232876, 0.000146535574459, 7.12649343768e-05, 7.54778593546e-05, 8.55272810441e-05, 7.99945992185e-05, 7.88767210906e-05, 8.64666726557e-05, 8.3161809016e-05, 4.19301795773e-05, 4.38123388449e-05, 3.52538409061e-05, 2.29548313655e-05, 3.49538895534e-05, 4.15284739574e-05, 2.10391208384e-05, 4.29985266237e-06, 3.88900023296e-10],
        "min": [2.97442863934e-24, 1.71479191475e-23, 1.16419303532e-24, 5.95760140739e-24, 1.86328156952e-23, 5.04097990318e-23, 1.81372911399e-23, 2.18318833242e-23, 6.16189729141e-23, 5.61456855597e-23, 7.02669520954e-23, 9.22336612147e-23, 7.02031048492e-23, 7.93082699459e-23, 1.15400795751e-22, 1.11681019971e-22, 1.76326959463e-22, 1.75809214274e-22, 2.37071357002e-22, 2.27477874383e-22, 3.67882847147e-22, 4.47762700462e-22, 6.1061994201e-22, 1.0381565013e-21, 1.09663459612e-21, 1.73335414633e-21, 2.35548040088e-21],
        "var": [1.35270923352e-08, 5.19855530001e-06, 9.03754028059e-07, 4.65789895543e-07, 1.00494198705e-05, 9.39716937864e-06, 4.41245538241e-06, 2.45316732617e-06, 6.16035276835e-06, 9.06374589249e-06, 4.41564734501e-05, 2.70406872005e-05, 4.22795665145e-06, 9.71265762928e-06, 4.63074320578e-06, 6.63448099658e-06, 1.59281432843e-06, 4.85793577809e-07, 1.12538408814e-07, 1.54021989829e-07, 5.62721851338e-08, 4.39112781692e-08, 8.47142871407e-08, 1.34001723495e-07, 3.80344076234e-08, 2.3561896878e-09, 6.48877170189e-15]
    },
    "erbbands": {
        "dmean": [0.0194394607097, 0.196273684502, 0.379795372486, 0.610915362835, 1.82322692871, 4.02943134308, 6.04650115967, 6.96657752991, 5.35961484909, 9.74608612061, 7.74321937561, 13.6502780914, 18.9895496368, 21.8007640839, 44.2220535278, 21.7526893616, 14.8645553589, 28.3861675262, 20.8354301453, 19.6144580841, 19.366060257, 11.2175998688, 9.83510971069, 6.56615400314, 3.30324983597, 4.76036262512, 3.49433708191, 1.64255070686, 1.22981095314, 1.30170178413, 1.69613456726, 1.84534776211, 0.995809912682, 0.532135426998, 0.224253460765, 0.0726574584842, 0.0172924790531, 0.000709611107595, 1.90878763533e-05, 6.16586430624e-06],
        "dmean2": [0.0323832072318, 0.329977184534, 0.632372379303, 1.03819167614, 3.02666449547, 6.35319948196, 9.05138778687, 10.8298549652, 8.40191364288, 15.6766719818, 12.6110525131, 22.3216876984, 31.0316944122, 32.7782249451, 67.5667877197, 32.0209770203, 22.2621059418, 42.7829055786, 31.2023220062, 29.6759471893, 28.1312503815, 16.9413089752, 15.3801269531, 10.3741884232, 5.02574205399, 7.21892261505, 5.28480625153, 2.51177096367, 1.84781372547, 1.92901110649, 2.49885702133, 2.74174642563, 1.44323539734, 0.767111480236, 0.322711735964, 0.100688494742, 0.0258302334696, 0.00113389128819, 2.82986620732e-05, 9.08754554985e-06],
        "dvar": [0.00205755070783, 0.23448613286, 1.3873770237, 2.25664567947, 12.4217710495, 58.9656295776, 196.744781494, 267.364379883, 311.920593262, 1112.72436523, 694.78326416, 1887.70129395, 4166.89501953, 4025.95092773, 17046.9472656, 6984.39208984, 2375.02246094, 8275.02832031, 4820.70214844, 4963.13964844, 4873.89892578, 1048.89685059, 718.751525879, 198.814422607, 77.8316574097, 125.191627502, 69.5936813354, 16.3110237122, 14.216629982, 15.7917432785, 20.2383060455, 23.2677097321, 6.84684228897, 2.18323636055, 0.345885962248, 0.0309967286885, 0.00314873526804, 1.65162564372e-05, 5.36222088954e-09, 7.21855075714e-11],
        "dvar2": [0.00538897933438, 0.626017510891, 3.56948566437, 6.06575250626, 32.1953620911, 131.837890625, 365.189880371, 586.204467773, 764.966003418, 2746.07568359, 1708.16589355, 4870.87597656, 10792.4326172, 8940.40039062, 38863.609375, 16101.1005859, 4814.58398438, 17174.5390625, 10423.9501953, 10866.9941406, 9093.96386719, 2335.32543945, 1761.54125977, 462.872741699, 160.928619385, 281.96270752, 149.17137146, 35.6274032593, 27.9995098114, 29.00248909, 39.8667068481, 49.0557861328, 12.9744234085, 4.24196767807, 0.672939836979, 0.0559366047382, 0.00642346777022, 4.32407250628e-05, 1.30378960961e-08, 1.52153123434e-10],
        "max": [0.78633004427, 15.2452573776, 63.9217605591, 58.444480896, 53.8377571106, 209.503646851, 349.440063477, 353.28515625, 414.061859131, 957.294799805, 857.795715332, 975.788452148, 1670.00720215, 1832.49572754, 2892.92822266, 3389.55151367, 1790.7532959, 2364.1015625, 1664.44714355, 2359.82983398, 1758.57409668, 945.194519043, 787.268371582, 286.829986572, 286.777770996, 222.578735352, 155.824386597, 98.2661514282, 108.888473511, 158.104644775, 145.623840332, 123.092247009, 66.6571655273, 45.6040115356, 16.47315979, 5.06300401688, 1.30587661266, 0.167944639921, 0.00278040440753, 0.000225878407946],
        "mean": [0.0325642302632, 0.329820871353, 0.615914285183, 0.909344553947, 2.85954117775, 7.72483205795, 11.7076730728, 13.730969429, 8.85943222046, 14.4012546539, 11.3539247513, 20.7528266907, 32.2953147888, 40.8980979919, 111.458511353, 47.9303245544, 32.1865386963, 58.202205658, 37.9392356873, 41.1756477356, 38.6602859497, 27.2460727692, 21.2695331573, 14.9104804993, 7.67724847794, 10.0629692078, 8.36053848267, 3.45139694214, 2.62258458138, 2.98735952377, 3.92348027229, 4.10894012451, 2.26976013184, 1.16790032387, 0.485183626413, 0.151688784361, 0.0272975005209, 0.00086390809156, 4.13408924942e-05, 2.59544813161e-05],
        "median": [0.0108712613583, 0.163613438606, 0.306454837322, 0.468416452408, 1.58846759796, 3.77846479416, 4.54791736603, 5.0508556366, 2.62890434265, 4.23607110977, 4.12143564224, 5.32757568359, 6.1573638916, 7.27543830872, 7.0341553688, 3.62372779846, 4.20275497437, 4.65864706039, 4.98681640625, 4.76763439178, 5.1615729332, 4.91621780396, 4.93545055389, 3.46543550491, 2.03967046738, 2.05478525162, 1.80173587799, 1.21423566341, 0.855438828468, 0.790781497955, 1.04255878925, 1.03793215752, 0.544853687286, 0.287958443165, 0.113479420543, 0.0357139930129, 0.00491296872497, 0.000133673762321, 1.80692204594e-05, 1.93343657884e-05],
        "min": [2.69303834936e-22, 3.13789127642e-21, 2.84911416391e-21, 1.50992014208e-20, 3.35574831427e-20, 8.07021316296e-20, 2.98829180946e-19, 3.3628531495e-19, 1.431469008e-19, 4.29041342185e-19, 5.75416457498e-19, 1.47180711681e-18, 1.4288516276e-18, 2.53218783182e-18, 2.98249771946e-18, 3.54531637133e-18, 3.65247100224e-18, 5.12830597164e-18, 4.41677099899e-18, 6.31148981699e-18, 7.7803657159e-18, 1.03331377305e-17, 8.64169565287e-18, 1.20395848644e-17, 1.49814353421e-17, 1.11409019325e-17, 1.47611207491e-17, 1.49789405654e-17, 1.60769202582e-17, 1.58599127332e-17, 1.73858889098e-17, 1.75817305373e-17, 1.93550452975e-17, 1.10824318437e-17, 8.62909272905e-18, 5.76872409113e-18, 3.17209640805e-18, 1.40691665891e-18, 3.50752884809e-19, 3.22143163113e-20],
        "var": [0.00324948853813, 0.31173786521, 1.46909177303, 2.29642009735, 17.2490100861, 182.318374634, 535.198608398, 822.278564453, 566.32800293, 1445.14611816, 907.609375, 2768.10400391, 9740.50390625, 9763.07519531, 102854.132812, 32069.0898438, 9558.22753906, 25527.8457031, 10885.3388672, 15682.5292969, 14397.5078125, 4222.15429688, 1681.59155273, 641.227905273, 216.329147339, 311.861785889, 276.54397583, 38.8935508728, 46.7517814636, 73.5413970947, 74.3620223999, 79.4981460571, 26.2199268341, 7.86609077454, 1.18014836311, 0.106300473213, 0.0063951886259, 1.5054861251e-05, 7.86322651436e-09, 5.50119172438e-10]
    },
    "gfcc": {
        "mean": [-45.30260849, 89.4984817505, -124.645973206, 28.9321460724, -71.0666351318, 19.6406135559, -51.6507110596, 9.33757209778, -27.8325252533, -4.1986207962, -11.6632652283, -0.676593780518, -1.56852257252],
        "cov": [[8918.27832031, -1978.14953613, -1295.47058105, -51.6974029541, 418.880584717, 924.065856934, 319.661193848, 1096.32177734, -132.45451355, 662.78515625, -42.8181877136, 91.1505508423, -225.109558105], [-1978.14953613, 1609.28063965, 509.834777832, 83.5888824463, 245.594497681, -317.154144287, -5.20576143265, -259.444488525, 25.7780704498, -154.829940796, 170.849899292, -41.3135375977, 127.282829285], [-1295.47058105, 509.834777832, 1455.92016602, 422.184661865, -135.793838501, -141.252990723, -303.136474609, -247.430267334, -35.4564743042, -86.140335083, 8.80172634125, 83.9631881714, 15.2265958786], [-51.6974029541, 83.5888824463, 422.184661865, 596.485107422, 36.0855064392, -105.821807861, -99.6821212769, -31.8340854645, 67.5660934448, -26.593837738, 40.9315185547, 24.8436489105, 72.5656509399], [418.880584717, 245.594497681, -135.793838501, 36.0855064392, 392.629882812, 73.943359375, 110.064613342, 129.365234375, 3.72946882248, 101.497619629, 56.0906066895, 11.3824424744, -5.69537401199], [924.065856934, -317.154144287, -141.252990723, -105.821807861, 73.943359375, 408.665405273, 164.0105896, 95.1529769897, -39.5064888, 117.341423035, -6.50129365921, -11.2328672409, -83.2903213501], [319.661193848, -5.20576143265, -303.136474609, -99.6821212769, 110.064613342, 164.0105896, 283.670532227, 94.2297439575, -1.93080258369, 66.5850601196, 14.3614683151, -13.2374677658, -22.9229412079], [1096.32177734, -259.444488525, -247.430267334, -31.8340854645, 129.365234375, 95.1529769897, 94.2297439575, 321.986572266, 68.5943450928, 110.66153717, -22.5803565979, 30.8860034943, -16.5331459045], [-132.45451355, 25.7780704498, -35.4564743042, 67.5660934448, 3.72946882248, -39.5064888, -1.93080258369, 68.5943450928, 163.207641602, 12.3720607758, -10.3087005615, -7.66545295715, 23.677488327], [662.78515625, -154.829940796, -86.140335083, -26.593837738, 101.497619629, 117.341423035, 66.5850601196, 110.66153717, 12.3720607758, 175.770492554, 7.61916971207, 8.42701148987, -49.4644317627], [-42.8181877136, 170.849899292, 8.80172634125, 40.9315185547, 56.0906066895, -6.50129365921, 14.3614683151, -22.5803565979, -10.3087005615, 7.61916971207, 149.730133057, 12.691737175, 31.6537399292], [91.1505508423, -41.3135375977, 83.9631881714, 24.8436489105, 11.3824424744, -11.2328672409, -13.2374677658, 30.8860034943, -7.66545295715, 8.42701148987, 12.691737175, 108.766563416, 19.2725849152], [-225.109558105, 127.282829285, 15.2265958786, 72.5656509399, -5.69537401199, -83.2903213501, -22.9229412079, -16.5331459045, 23.677488327, -49.4644317627, 31.6537399292, 19.2725849152, 121.511787415]],
        "icov": [[0.0004244997981, -0.000137804890983, 0.00046495362767, -0.000555864768103, 0.00042022173875, -0.000746569246985, 0.000732623971999, -0.00136247766204, 0.00111884612124, -0.000771441031247, 3.69472727471e-05, -0.000177643305506, 0.000151747692144], [-0.000137804890983, 0.00276730861515, -0.00181067956146, 0.00171121919993, -0.00312156928703, 0.00231099827215, -0.00232152245007, 0.00208480725996, -0.00188952882309, 0.00188578246161, -0.00186155247502, 0.00204484723508, -0.00136913184542], [0.00046495362767, -0.00181067956146, 0.00281224865466, -0.00234643509611, 0.00234605954029, -0.00230878335424, 0.0030074196402, -0.00168106204364, 0.00226451433264, -0.0018898404669, 0.0012946894858, -0.00246670586057, 0.00151632796042], [-0.000555864768103, 0.00171121919993, -0.00234643509611, 0.00416314229369, -0.00272057950497, 0.00227971584536, -0.00198410334997, 0.00255830236711, -0.00329356594011, 0.00190129003022, -0.00144391588401, 0.00168626930099, -0.00208109174855], [0.00042022173875, -0.00312156928703, 0.00234605954029, -0.00272057950497, 0.00737939029932, -0.00271814176813, 0.00205164030194, -0.00422374205664, 0.00347283459269, -0.00391197064891, 0.000871186261065, -0.00215446203947, 0.0015197036555], [-0.000746569246985, 0.00231099827215, -0.00230878335424, 0.00227971584536, -0.00271814176813, 0.00703335274011, -0.00487508065999, 0.00309167662635, -0.0020987931639, 0.000992574496195, -0.00149989745114, 0.00222475430928, 0.000169537306647], [0.000732623971999, -0.00232152245007, 0.0030074196402, -0.00198410334997, 0.00205164030194, -0.00487508065999, 0.00897685438395, -0.00371095514856, 0.00291326991282, -0.00252742134035, 0.00110773742199, -0.00183170614764, 0.000945561565459], [-0.00136247766204, 0.00208480725996, -0.00168106204364, 0.00255830236711, -0.00422374205664, 0.00309167662635, -0.00371095514856, 0.011211742647, -0.00668726908043, 0.0013597701909, 0.000206406359212, -0.000582677836064, -0.00138316163793], [0.00111884612124, -0.00188952882309, 0.00226451433264, -0.00329356594011, 0.00347283459269, -0.0020987931639, 0.00291326991282, -0.00668726908043, 0.0118471570313, -0.00370905571617, 0.00159721658565, -1.84131004062e-05, -0.000132536661113], [-0.000771441031247, 0.00188578246161, -0.0018898404669, 0.00190129003022, -0.00391197064891, 0.000992574496195, -0.00252742134035, 0.0013597701909, -0.00370905571617, 0.0122016277164, -0.00220519676805, 0.000897490128409, 0.0020239315927], [3.69472727471e-05, -0.00186155247502, 0.0012946894858, -0.00144391588401, 0.000871186261065, -0.00149989745114, 0.00110773742199, 0.000206406359212, 0.00159721658565, -0.00220519676805, 0.00935215502977, -0.00214867014438, -0.00133609562181], [-0.000177643305506, 0.00204484723508, -0.00246670586057, 0.00168626930099, -0.00215446203947, 0.00222475430928, -0.00183170614764, -0.000582677836064, -1.84131004062e-05, 0.000897490128409, -0.00214867014438, 0.0127957966179, -0.00327067216858], [0.000151747692144, -0.00136913184542, 0.00151632796042, -0.00208109174855, 0.0015197036555, 0.000169537306647, 0.000945561565459, -0.00138316163793, -0.000132536661113, 0.0020239315927, -0.00133609562181, -0.00327067216858, 0.0128918746486]]
    },
    "melbands": {
        "dmean": [0.000198173744138, 0.00021556300635, 0.000132403627504, 0.000196083259652, 0.000210653539398, 0.000150226755068, 8.46805123729e-05, 0.000106729719846, 6.42621744191e-05, 9.22415565583e-05, 9.71642220975e-05, 8.84210166987e-05, 0.000147910846863, 9.790398326e-05, 4.0829891077e-05, 3.74194896722e-05, 5.99441555096e-05, 3.95692404709e-05, 2.62923986156e-05, 3.47187124135e-05, 2.28123390116e-05, 1.35749032779e-05, 1.27808625621e-05, 9.04417811398e-06, 5.80690084462e-06, 2.63817059931e-06, 2.63821107183e-06, 3.8796829358e-06, 3.03658771372e-06, 1.4739728158e-06, 9.45357726323e-07, 7.59378565363e-07, 7.66540210861e-07, 8.11144730051e-07, 1.02789715584e-06, 1.2465141026e-06, 1.22908352296e-06, 8.12167002096e-07, 5.99614054408e-07, 4.50198228918e-07],
        "dmean2": [0.000329132337356, 0.000359533587471, 0.000221534603043, 0.000316393212415, 0.000314948614687, 0.000233205704717, 0.000132425688207, 0.000171410036273, 0.000104888873466, 0.000150238716742, 0.000157700531418, 0.000134555783006, 0.000221660520765, 0.000135467213113, 6.02761356276e-05, 5.55083970539e-05, 9.06734785531e-05, 5.97528887738e-05, 3.85096027458e-05, 5.19477180205e-05, 3.31593255396e-05, 2.04865373234e-05, 2.01045713766e-05, 1.42438220792e-05, 9.24988034967e-06, 4.16651391788e-06, 4.1060698095e-06, 5.94480070504e-06, 4.67851032226e-06, 2.31754756896e-06, 1.47539992668e-06, 1.172707357e-06, 1.15580701276e-06, 1.22808796732e-06, 1.54991118961e-06, 1.8782901634e-06, 1.84503903711e-06, 1.20514425817e-06, 8.94777031135e-07, 6.64210574541e-07],
        "dvar": [2.0977854831e-07, 3.68097573755e-07, 8.21844494681e-08, 1.23161001397e-07, 1.98607935431e-07, 1.13048301387e-07, 7.92387169213e-08, 1.23210625702e-07, 4.3894591073e-08, 9.53125010028e-08, 1.06735740246e-07, 7.1334561369e-08, 1.87219029613e-07, 1.13408312075e-07, 2.29225474158e-08, 1.61681992239e-08, 3.72319490793e-08, 1.79270660539e-08, 1.0751840307e-08, 1.48425485236e-08, 7.24639326322e-09, 1.80733306099e-09, 1.5930449182e-09, 4.49539544478e-10, 1.72528491493e-10, 4.36632674461e-11, 6.45197228977e-11, 8.72567990085e-11, 6.12778786047e-11, 1.3845485522e-11, 6.35462862886e-12, 5.1694920046e-12, 7.53868842351e-12, 5.82523699416e-12, 7.65058415925e-12, 1.04872759782e-11, 1.07936957983e-11, 4.69261001584e-12, 2.78609882561e-12, 1.58248165006e-12],
        "dvar2": [5.45816533304e-07, 9.57550582825e-07, 2.16261085484e-07, 3.03757474285e-07, 3.59553808948e-07, 2.49976466193e-07, 1.96991322809e-07, 3.02454395751e-07, 1.0959895036e-07, 2.46374639801e-07, 2.75359980151e-07, 1.59358890528e-07, 4.01268607675e-07, 2.09306236343e-07, 4.75454591253e-08, 3.32122844782e-08, 7.62630065765e-08, 3.88039929078e-08, 2.1446986409e-08, 3.16744035445e-08, 1.31513395729e-08, 3.95135746345e-09, 3.96071175857e-09, 1.08796260889e-09, 4.0199116258e-10, 9.87672998942e-11, 1.35680577884e-10, 1.98348837355e-10, 1.36222894076e-10, 3.23616723696e-11, 1.40413696295e-11, 1.09864756181e-11, 1.61957270511e-11, 1.1858037989e-11, 1.64560535337e-11, 2.23640741343e-11, 2.42366977182e-11, 9.59908021125e-12, 5.68669330375e-12, 3.17107061096e-12],
        "max": [0.00802795030177, 0.0297288969159, 0.00893632695079, 0.00703096576035, 0.0118102682754, 0.00687982235104, 0.00622506951913, 0.00921900756657, 0.00615892512724, 0.00694138789549, 0.00849002413452, 0.0082172267139, 0.0094011630863, 0.00980326719582, 0.00507243117318, 0.0040475660935, 0.00540942652151, 0.00351533014327, 0.00406260183081, 0.00289212563075, 0.00222629983909, 0.00110640970524, 0.00117598823272, 0.000417448172811, 0.000277099839877, 0.000192470790353, 0.000254505779594, 0.000176527028088, 0.000154392881086, 0.000104306847788, 6.54777613818e-05, 5.25525028934e-05, 0.000103270846012, 8.66393675096e-05, 7.25079225958e-05, 0.000111051194835, 8.16645406303e-05, 4.69215010526e-05, 5.90241288592e-05, 4.08402447647e-05],
        "mean": [0.000348213216057, 0.000377619318897, 0.000206816999707, 0.000369583896827, 0.000433074746979, 0.000300296669593, 0.000134769521537, 0.000155396817718, 9.2378068075e-05, 0.000136627088068, 0.000160676863743, 0.000147218379425, 0.000355998403393, 0.000196930515813, 7.66699376982e-05, 6.89313092153e-05, 0.000114831876999, 6.235694309e-05, 4.58696449641e-05, 6.33305462543e-05, 3.98034899263e-05, 2.73131317954e-05, 2.49448330578e-05, 1.71680949279e-05, 1.17007339213e-05, 5.42958423466e-06, 5.08337825522e-06, 7.27679753254e-06, 6.38188612356e-06, 2.77250251202e-06, 1.70780833741e-06, 1.4234643686e-06, 1.5247438796e-06, 1.68798248978e-06, 2.13979456021e-06, 2.6102825359e-06, 2.48433821071e-06, 1.65769972682e-06, 1.2438089243e-06, 8.97900861219e-07],
        "median": [0.00015003036242, 0.000209489749977, 0.00011213979451, 0.000208584635402, 0.000187551224371, 0.000110445755126, 3.47701752617e-05, 4.53841603303e-05, 3.06028559862e-05, 3.07672380586e-05, 2.68669391517e-05, 2.4789271265e-05, 2.16237731365e-05, 1.07680098154e-05, 7.31605859983e-06, 7.7155073086e-06, 7.78005050961e-06, 7.55533483243e-06, 5.42395628145e-06, 5.68394716538e-06, 5.13321174367e-06, 4.71730118079e-06, 4.23802703153e-06, 3.90568675357e-06, 2.2452122721e-06, 1.3699509509e-06, 1.29610998556e-06, 1.29905947688e-06, 1.09573647933e-06, 7.82444203651e-07, 5.64469701203e-07, 4.29794795309e-07, 4.03187470965e-07, 4.17572351807e-07, 5.30810268629e-07, 6.4998647531e-07, 5.9205638081e-07, 3.6769961298e-07, 2.94318653005e-07, 1.98686620934e-07],
        "min": [5.50051054979e-24, 2.33918952073e-24, 3.15295969511e-24, 3.35730681564e-24, 1.00130777343e-23, 8.10588343361e-24, 2.48110106163e-24, 4.47892384461e-24, 4.8035554899e-24, 9.5372257922e-24, 6.66890545272e-24, 9.53419183316e-24, 9.91841284794e-24, 8.03490409594e-24, 6.49502197097e-24, 9.93703943163e-24, 9.36390437386e-24, 5.86959647924e-24, 8.70779771493e-24, 9.19259060651e-24, 9.09924075129e-24, 1.10565458633e-23, 8.90630036223e-24, 8.72759339049e-24, 9.91445749936e-24, 9.10748671434e-24, 1.12710497652e-23, 6.41086471188e-24, 7.89728652217e-24, 1.02827474682e-23, 6.40671648681e-24, 9.74821137447e-24, 7.39503534989e-24, 9.7345341041e-24, 9.19325561626e-24, 1.1340531056e-23, 1.08735474882e-23, 1.23617635626e-23, 1.0882583101e-23, 9.12895477501e-24],
        "var": [3.29727015469e-07, 4.33454005133e-07, 9.7004175359e-08, 2.88676432092e-07, 6.12541271039e-07, 3.62339022786e-07, 1.42816347193e-07, 1.57460050332e-07, 5.80549190943e-08, 1.37975035841e-07, 2.50959260484e-07, 1.51820472638e-07, 1.02742058061e-06, 4.6320494107e-07, 7.31228979589e-08, 4.49985400053e-08, 1.08818070998e-07, 3.40118404552e-08, 2.59482746401e-08, 4.15503649265e-08, 1.83769444106e-08, 5.64266677827e-09, 3.98464905516e-09, 1.0486636004e-09, 4.91925222779e-10, 1.09107285706e-10, 1.33029115501e-10, 1.89434454234e-10, 2.07443229261e-10, 2.87723924547e-11, 1.3221911413e-11, 1.35873170354e-11, 2.50770446075e-11, 2.28643059347e-11, 2.4310962965e-11, 3.21390795921e-11, 3.20684520605e-11, 1.53555952676e-11, 8.66324546822e-12, 5.25436812115e-12]
    },
    "mfcc": {
        "mean": [-683.011230469, 113.963264465, 4.05201911926, 8.11894512177, 6.05432033539, -1.79503011703, -4.15420436859, 2.45426344872, -6.23114109039, -1.76230120659, -10.5060253143, -1.84883570671, -6.23664283752],
        "cov": [[8843.26171875, -1867.54077148, -1573.87744141, -570.908935547, 21.3612823486, -52.81590271, 736.653686523, 323.972473145, 454.388092041, 709.42565918, 186.882781982, 513.00592041, 286.175720215], [-1867.54077148, 1492.07788086, 160.584228516, 214.393051147, 150.587692261, -3.25897908211, 36.4361190796, -64.4987030029, -127.437995911, -93.0570068359, 1.1882828474, -97.5454711914, -6.422706604], [-1573.87744141, 160.584228516, 1439.46911621, 376.265655518, 208.159957886, 76.3930358887, -241.413375854, -114.291534424, -167.271942139, -230.231567383, -96.2197570801, -99.0375747681, -42.3958587646], [-570.908935547, 214.393051147, 376.265655518, 613.333740234, 223.341201782, -51.6671714783, -92.6819534302, -41.8336715698, -12.2262620926, -90.1245040894, -98.3921737671, 73.1837768555, 32.9523086548], [21.3612823486, 150.587692261, 208.159957886, 223.341201782, 318.574127197, -15.2629499435, -2.78149867058, -14.5188102722, -4.34194374084, -2.18909740448, -30.4635314941, 74.4976425171, 44.2541809082], [-52.81590271, -3.25897908211, 76.3930358887, -51.6671714783, -15.2629499435, 267.561859131, 108.371742249, 5.69646406174, -22.8009586334, 34.452495575, 60.0704841614, -46.4308891296, 5.98774337769], [736.653686523, 36.4361190796, -241.413375854, -92.6819534302, -2.78149867058, 108.371742249, 304.005523682, 53.8535423279, 10.3243513107, 105.550941467, 54.0298233032, 28.1423244476, 49.4354438782], [323.972473145, -64.4987030029, -114.291534424, -41.8336715698, -14.5188102722, 5.69646406174, 53.8535423279, 143.177612305, 68.5162200928, 34.8334503174, 31.8325538635, 25.958398819, 15.2793188095], [454.388092041, -127.437995911, -167.271942139, -12.2262620926, -4.34194374084, -22.8009586334, 10.3243513107, 68.5162200928, 199.901916504, 75.4468994141, 35.2108345032, 51.6633453369, 24.3051815033], [709.42565918, -93.0570068359, -230.231567383, -90.1245040894, -2.18909740448, 34.452495575, 105.550941467, 34.8334503174, 75.4468994141, 181.649810791, 72.4163131714, 44.5556221008, 30.2869262695], [186.882781982, 1.1882828474, -96.2197570801, -98.3921737671, -30.4635314941, 60.0704841614, 54.0298233032, 31.8325538635, 35.2108345032, 72.4163131714, 159.796340942, 5.91031742096, 12.321644783], [513.00592041, -97.5454711914, -99.0375747681, 73.1837768555, 74.4976425171, -46.4308891296, 28.1423244476, 25.958398819, 51.6633453369, 44.5556221008, 5.91031742096, 156.143737793, 52.2655296326], [286.175720215, -6.422706604, -42.3958587646, 32.9523086548, 44.2541809082, 5.98774337769, 49.4354438782, 15.2793188095, 24.3051815033, 30.2869262695, 12.321644783, 52.2655296326, 104.227371216]],
