{
"lowlevel": {
    "average_loudness": 0.820177316666,
    "barkbands_crest": {
        "dmean": 3.10969090462,
        "dmean2": 5.24924659729,
        "dvar": 7.00929927826,
        "dvar2": 19.3607444763,
        "max": 23.6984977722,
        "mean": 9.51256752014,
        "median": 8.76707077026,
        "min": 2.34716677666,
        "var": 15.7684440613
    },
    "barkbands_flatness_db": {
        "dmean": 0.0200536102057,
        "dmean2": 0.0328891836107,
        "dvar": 0.000310243718559,
        "dvar2": 0.000825506809633,
        "max": 0.338004112244,
        "mean": 0.118782617152,
        "median": 0.111742287874,
        "min": 0.0301049537957,
        "var": 0.00147269084118
    },
    "barkbands_kurtosis": {
        "dmean": 1.5294470787,
        "dmean2": 2.55878615379,
        "dvar": 7.82501316071,
        "dvar2": 20.6869659424,
        "max": 66.2439651489,
        "mean": 1.07857644558,
        "median": 0.0151555538177,
        "min": -1.88372790813,
        "var": 13.6100826263
    },
    "barkbands_skewness": {
        "dmean": 0.489001512527,
        "dmean2": 0.786105692387,
        "dvar": 0.21805767715,
        "dvar2": 0.560741066933,
        "max": 7.27414083481,
        "mean": 0.773207366467,
        "median": 0.65807390213,
        "min": -2.24226880074,
        "var": 0.987386465073
    },
    "barkbands_spread": {
        "dmean": 6.44580459595,
        "dmean2": 10.349401474,
        "dvar": 40.113407135,
        "dvar2": 93.7803344727,
        "max": 111.83416748,
        "mean": 30.2440643311,
        "median": 29.8779640198,
        "min": 1.87741184235,
        "var": 201.154754639
    },
    "dissonance": {
        "dmean": 0.0137055274099,
        "dmean2": 0.0236058421433,
        "dvar": 0.000266635644948,
        "dvar2": 0.000749393657316,
        "max": 0.500000059605,
        "mean": 0.480450034142,
        "median": 0.485089898109,
        "min": 0.000136693415698,
        "var": 0.000328265188728
    },
    "dynamic_complexity": 4.22313117981,
    "erbbands_crest": {
        "dmean": 2.77018761635,
        "dmean2": 4.5281701088,
        "dvar": 7.62144327164,
        "dvar2": 18.6254673004,
        "max": 28.3624897003,
        "mean": 9.10476779938,
        "median": 7.7448592186,
        "min": 2.17511725426,
        "var": 23.1200675964
    },
    "erbbands_flatness_db": {
        "dmean": 0.0157221201807,
        "dmean2": 0.0236541014165,
        "dvar": 0.000217981170863,
        "dvar2": 0.00045407388825,
        "max": 0.363771021366,
        "mean": 0.161760538816,
        "median": 0.15404009819,
        "min": 0.0554114617407,
        "var": 0.00228816457093
    },
    "erbbands_kurtosis": {
        "dmean": 0.977097034454,
        "dmean2": 1.55053210258,
        "dvar": 1.70878684521,
        "dvar2": 4.08651065826,
        "max": 22.9936771393,
        "mean": 1.08534967899,
        "median": 0.408880591393,
        "min": -1.50157177448,
        "var": 4.91216611862
    },
    "erbbands_skewness": {
        "dmean": 0.308142006397,
        "dmean2": 0.485045701265,
        "dvar": 0.0761440247297,
        "dvar2": 0.17523701489,
        "max": 3.23539280891,
        "mean": 0.167634561658,
        "median": 0.0923741981387,
        "min": -2.85302019119,
        "var": 0.464656114578
    },
    "erbbands_spread": {
        "dmean": 6.40595579147,
        "dmean2": 9.84305000305,
        "dvar": 40.7968940735,
        "dvar2": 87.3782730103,
        "max": 119.983863831,
        "mean": 31.0516700745,
        "median": 28.8569946289,
        "min": 3.64820408821,
        "var": 239.961486816
    },
    "hfc": {
        "dmean": 6.51225805283,
        "dmean2": 9.63043212891,
        "dvar": 83.1361312866,
        "dvar2": 175.828704834,
        "max": 123.026145935,
        "mean": 26.779712677,
        "median": 19.6749420166,
        "min": 1.13188126004e-16,
        "var": 582.271118164
    },
    "melbands_crest": {
        "dmean": 4.09749507904,
        "dmean2": 6.90442371368,
        "dvar": 11.2722978592,
        "dvar2": 30.4247817993,
        "max": 35.6903533936,
        "mean": 13.8827209473,
        "median": 13.0702095032,
        "min": 1.93654930592,
        "var": 29.7973136902
    },
    "melbands_flatness_db": {
        "dmean": 0.0264085717499,
        "dmean2": 0.0432927273214,
        "dvar": 0.000527453434188,
        "dvar2": 0.00142695149407,
        "max": 0.428666204214,
        "mean": 0.15111745894,
        "median": 0.142831116915,
        "min": 0.00608574366197,
        "var": 0.00236699497327
    },
    "melbands_kurtosis": {
        "dmean": 4.27953147888,
        "dmean2": 7.13534069061,
        "dvar": 60.6225280762,
        "dvar2": 162.65145874,
        "max": 169.480773926,
        "mean": 6.05968093872,
        "median": 2.73592591286,
        "min": -1.77151823044,
        "var": 109.224998474
    },
    "melbands_skewness": {
        "dmean": 0.697552204132,
        "dmean2": 1.12906455994,
        "dvar": 0.471941918135,
        "dvar2": 1.25213742256,
        "max": 11.5223703384,
        "mean": 1.7840628624,
        "median": 1.58460605145,
        "min": -1.71998250484,
        "var": 1.99567246437
    },
    "melbands_spread": {
        "dmean": 9.50136947632,
        "dmean2": 15.3856067657,
        "dvar": 91.4156799316,
        "dvar2": 211.539230347,
        "max": 199.622253418,
        "mean": 37.2636756897,
        "median": 35.5360374451,
        "min": 1.28353083134,
        "var": 397.190063477
    },
    "pitch_salience": {
        "dmean": 0.0829074755311,
        "dmean2": 0.138568267226,
        "dvar": 0.00484736450016,
        "dvar2": 0.0137058449909,
        "max": 0.976466238499,
        "mean": 0.556745231152,
        "median": 0.559571385384,
        "min": 0.151031419635,
        "var": 0.0121897337958
    },
    "silence_rate_20dB": {
        "dmean": 0,
        "dmean2": 0,
        "dvar": 0,
        "dvar2": 0,
        "max": 1,
        "mean": 1,
        "median": 1,
        "min": 1,
        "var": 0
    },
    "silence_rate_30dB": {
        "dmean": 0,
        "dmean2": 0,
        "dvar": 0,
        "dvar2": 0,
        "max": 1,
        "mean": 1,
        "median": 1,
        "min": 1,
        "var": 0
    },
    "silence_rate_60dB": {
        "dmean": 0.029550684616,
        "dmean2": 0.0591085255146,
        "dvar": 0.028674505651,
        "dvar2": 0.069169446826,
        "max": 1,
        "mean": 0.0971179455519,
        "median": 0,
        "min": 0,
        "var": 0.0877039134502
    },
    "spectral_centroid": {
        "dmean": 227.005844116,
        "dmean2": 358.753326416,
        "dvar": 52807.1367188,
        "dvar2": 119930.039062,
        "max": 11358.9853516,
        "mean": 1852.28222656,
        "median": 1858.81481934,
        "min": 256.689422607,
        "var": 274548.84375
    },
    "spectral_complexity": {
        "dmean": 3.34382939339,
        "dmean2": 5.40552330017,
        "dvar": 10.5607328415,
        "dvar2": 24.790309906,
        "max": 55,
        "mean": 21.4244365692,
        "median": 21,
        "min": 0,
        "var": 135.006729126
    },
    "spectral_decrease": {
        "dmean": 1.60876667543e-09,
        "dmean2": 2.58440713274e-09,
        "dvar": 3.55774930952e-18,
        "dvar2": 8.8052788908e-18,
        "max": 1.72000482028e-28,
        "mean": -5.19520959585e-09,
        "median": -4.22883816853e-09,
        "min": -2.64073758416e-08,
        "var": 1.79822580073e-17
    },
    "spectral_energy": {
        "dmean": 0.00646441150457,
        "dmean2": 0.0103144049644,
        "dvar": 5.74970799789e-05,
        "dvar2": 0.000139499403303,
        "max": 0.107798852026,
        "mean": 0.0220368970186,
        "median": 0.0180704183877,
        "min": 1.04256002637e-20,
        "var": 0.000320299965097
    },
    "spectral_energyband_high": {
        "dmean": 0.000382939702831,
        "dmean2": 0.000556533515919,
        "dvar": 3.80399626465e-07,
        "dvar2": 7.61083697398e-07,
        "max": 0.0106675680727,
        "mean": 0.00116612482816,
        "median": 0.000712592387572,
        "min": 7.69920004001e-21,
        "var": 1.6446791733e-06
    },
    "spectral_energyband_low": {
        "dmean": 0.00415863236412,
        "dmean2": 0.00707645015791,
        "dvar": 3.31433038809e-05,
        "dvar2": 9.1338151833e-05,
        "max": 0.0602640099823,
        "mean": 0.0065549085848,
        "median": 0.0043504065834,
        "min": 2.79003883196e-23,
        "var": 5.55117549084e-05
    },
    "spectral_energyband_middle_high": {
        "dmean": 0.00308081135154,
        "dmean2": 0.00467041088268,
        "dvar": 2.44198345172e-05,
        "dvar2": 5.47765594092e-05,
        "max": 0.0668087676167,
        "mean": 0.00993152242154,
        "median": 0.00541278067976,
        "min": 1.23280728595e-21,
        "var": 0.000123665027786
    },
    "spectral_energyband_middle_low": {
        "dmean": 0.00195726123638,
        "dmean2": 0.0031564629171,
        "dvar": 1.02821077235e-05,
        "dvar2": 2.53283324128e-05,
        "max": 0.0559045746922,
        "mean": 0.00470882980153,
        "median": 0.00304795894772,
        "min": 2.47149667222e-22,
        "var": 2.8547774491e-05
    },
    "spectral_entropy": {
        "dmean": 0.115533135831,
        "dmean2": 0.173056930304,
        "dvar": 0.0124581968412,
        "dvar2": 0.0242540612817,
        "max": 9.78462505341,
        "mean": 7.82975673676,
        "median": 7.85840463638,
        "min": 6.51881408691,
        "var": 0.0924506038427
    },
    "spectral_flux": {
        "dmean": 0.0194536168128,
        "dmean2": 0.0312904343009,
        "dvar": 0.000387642357964,
        "dvar2": 0.000939408084378,
        "max": 0.248229667544,
        "mean": 0.08626229316,
        "median": 0.0824413746595,
        "min": 6.98548094369e-11,
        "var": 0.00196005147882
    },
    "spectral_kurtosis": {
        "dmean": 1.03401958942,
        "dmean2": 1.72682237625,
        "dvar": 1.21987938881,
        "dvar2": 3.49513268471,
        "max": 21.2975616455,
        "mean": 3.42884635925,
        "median": 3.22221302986,
        "min": -1.25147163868,
        "var": 3.1525118351
    },
    "spectral_rms": {
        "dmean": 0.000657620490529,
        "dmean2": 0.0010401783511,
        "dvar": 3.82775596108e-07,
        "dvar2": 8.90876037829e-07,
        "max": 0.0102552231401,
        "mean": 0.00421731965616,
        "median": 0.00419877097011,
        "min": 3.18925029615e-12,
        "var": 3.71362580154e-06
    },
    "spectral_rolloff": {
        "dmean": 544.776000977,
        "dmean2": 913.024597168,
        "dvar": 783811.25,
        "dvar2": 1661827.875,
        "max": 19078.4179688,
        "mean": 2050.17626953,
        "median": 1830.32226562,
        "min": 43.06640625,
        "var": 2062164.25
    },
    "spectral_skewness": {
        "dmean": 0.15464925766,
        "dmean2": 0.249475106597,
        "dvar": 0.0197427328676,
        "dvar2": 0.0487431995571,
        "max": 3.20055699348,
        "mean": 1.40779924393,
        "median": 1.40590667725,
        "min": -0.0305626168847,
        "var": 0.0876338407397
    },
    "spectral_spread": {
        "dmean": 423413.84375,
        "dmean2": 603285.375,
        "dvar": 666805403648,
        "dvar2": 1.12712626995e+12,
        "max": 50586772,
        "mean": 4542583.5,
        "median": 4346557,
        "min": 1792510.25,
        "var": 2.30091862835e+12
    },
    "spectral_strongpeak": {
        "dmean": 0.994569122791,
        "dmean2": 1.70308852196,
        "dvar": 2.94125938416,
        "dvar2": 7.47151613235,
        "max": 14.1838235855,
        "mean": 1.44946920872,
        "median": 0.266017138958,
        "min": 0,
        "var": 5.04731082916
    },
    "zerocrossingrate": {
        "dmean": 0.0101610040292,
        "dmean2": 0.0124539518729,
        "dvar": 0.000155108675244,
        "dvar2": 0.000185679265996,
        "max": 0.5234375,
        "mean": 0.0800214782357,
        "median": 0.078125,
        "min": 0.0087890625,
        "var": 0.00126484187786
    },
    "barkbands": {
        "dmean": [0.000395671173465, 0.00343602150679, 0.00100709311664, 0.000454350258224, 0.000405002210755, 0.000622248393483, 0.000473984808195, 0.00043426908087, 0.000593992008362, 0.000567633542232, 0.000783650262747, 0.0008148138877, 0.000777017208748, 0.00110200420022, 0.000554920639843, 0.000691050372552, 0.000274991267361, 0.000184153977898, 0.000182571893674, 0.0002039570536, 8.51271615829e-05, 5.84041081311e-05, 0.00011138238915, 8.63580862642e-05, 4.68675971206e-05, 1.78117788892e-05, 3.70690997897e-08],
        "dmean2": [0.000641468213871, 0.00591247994453, 0.00173220201395, 0.000784572213888, 0.000687176885549, 0.000999942538328, 0.00078866770491, 0.000731453241315, 0.000966649677139, 0.000936727505177, 0.0012926509371, 0.00123990967404, 0.00126000749879, 0.00177733518649, 0.000894496275578, 0.00110892252997, 0.000439209688921, 0.000302501226543, 0.000295343401376, 0.000319832266541, 0.00013577567006, 9.21720638871e-05, 0.000166701123817, 0.00012929199147, 6.58380158711e-05, 2.63917463599e-05, 6.33337720046e-08],
        "dvar": [6.35433252683e-07, 2.34489416471e-05, 3.7023069126e-06, 6.05405546139e-07, 4.5965919071e-07, 2.38232087213e-06, 9.31793806558e-07, 1.68030089753e-06, 3.92111587644e-06, 2.70171904049e-06, 3.98026668336e-06, 4.61141780761e-06, 5.07379218107e-06, 8.3163704403e-06, 2.52570862358e-06, 3.53224140781e-06, 6.69195117098e-07, 1.08451772007e-07, 1.41410083643e-07, 1.56507582005e-07, 3.17638537695e-08, 1.24239765142e-08, 3.95455082014e-08, 2.72535274348e-08, 1.5433542444e-08, 2.58853294355e-09, 5.62819972919e-13],
        "dvar2": [1.66076245023e-06, 6.63439714117e-05, 9.75417060545e-06, 1.6933478264e-06, 1.20319896268e-06, 5.57526072953e-06, 2.36657820096e-06, 4.46556350653e-06, 9.66097468336e-06, 6.61620333631e-06, 9.93499816104e-06, 9.62103058555e-06, 1.2135857105e-05, 2.04972038773e-05, 5.9135736592e-06, 8.52189623402e-06, 1.53454163865e-06, 2.64615891865e-07, 3.52162942363e-07, 3.56832771331e-07, 7.41975867413e-08, 2.88831589756e-08, 8.19737877578e-08, 5.5639119978e-08, 2.44692532902e-08, 4.66480454264e-09, 1.23082175962e-12],
        "max": [0.0140466745943, 0.0507270731032, 0.0224766507745, 0.0103173498064, 0.0116885453463, 0.0401993878186, 0.0208962261677, 0.0260517653078, 0.0425621829927, 0.0310769565403, 0.0407211519778, 0.0437850765884, 0.0492365397513, 0.053122792393, 0.0289702340961, 0.0363277904689, 0.0250065438449, 0.00904539600015, 0.00759921735153, 0.00778793310747, 0.00541626522318, 0.00201403908432, 0.0046189557761, 0.00439745746553, 0.00343484058976, 0.00124285323545, 4.90521342726e-05],
        "mean": [0.000567420676816, 0.0047278162092, 0.0010696182726, 0.000525839568581, 0.000641517224722, 0.00105055840686, 0.000722851022147, 0.000618674908765, 0.000910541624762, 0.000927911314648, 0.00116461026482, 0.00125577277504, 0.00130607746542, 0.00186716776807, 0.000827309093438, 0.00120475690346, 0.000527419673745, 0.000372465758119, 0.000373403570848, 0.000483728479594, 0.000164296972798, 0.000130922562676, 0.00025811480009, 0.000202517330763, 0.000102142890682, 3.34170472343e-05, 2.88219137445e-08],
        "median": [0.000157680391567, 0.00290928781033, 0.000432550295955, 0.000218067056267, 0.000405173574109, 0.000360312347766, 0.000290452677291, 0.000190823746379, 0.000226190531976, 0.000292568525765, 0.000322137959301, 0.00033051459468, 0.000334885262419, 0.000410872657085, 0.000277808401734, 0.000319135666359, 0.000236227104324, 0.000202666415134, 0.000183964031748, 0.0001693504164, 9.32016700972e-05, 8.08983168099e-05, 0.000117873962154, 9.19146186789e-05, 4.21246804763e-05, 1.21554739962e-05, 4.73442673954e-10],
        "min": [2.22613273681e-24, 1.24277218006e-23, 7.03437129947e-24, 9.19757541857e-24, 1.42404839289e-23, 3.67920655673e-23, 2.12894089232e-23, 1.2283138585e-23, 3.65019667026e-23, 4.396760747e-23, 3.600642637e-23, 5.45358413332e-23, 3.23509648421e-23, 4.63610019902e-23, 1.08666738276e-22, 9.77590133888e-23, 1.29189920291e-22, 2.07517610888e-22, 1.65810093067e-22, 2.84493130785e-22, 3.67811660339e-22, 4.56745011516e-22, 5.84684416878e-22, 7.88708434185e-22, 1.06712912829e-21, 1.53424938989e-21, 2.1707466959e-21],
        "var": [1.43273746289e-06, 3.30919501721e-05, 3.72096656065e-06, 6.76877618844e-07, 6.5521481929e-07, 6.15957969785e-06, 1.72976569957e-06, 2.1328476123e-06, 7.78745652497e-06, 6.05632112638e-06, 7.18231376595e-06, 8.98883445188e-06, 1.32344111989e-05, 1.78061873157e-05, 3.86435112887e-06, 7.36432093618e-06, 1.32353602567e-06, 2.5987361596e-07, 3.25885849861e-07, 6.47487070182e-07, 5.89975783782e-08, 2.75067666422e-08, 1.34601378932e-07, 8.57226893913e-08, 4.69361083333e-08, 6.33450625287e-09, 5.3327112691e-13]
    },
    "erbbands": {
        "dmean": [0.121029756963, 0.739217817783, 1.24679577351, 1.20052361488, 1.33658576012, 1.50119459629, 2.53735303879, 6.63070249557, 6.6560754776, 8.0357208252, 7.80716896057, 14.1768922806, 16.6870365143, 16.0353507996, 39.4497070312, 24.6013908386, 31.4043560028, 46.6597709656, 39.9921760559, 30.8616580963, 25.7437973022, 13.9709196091, 9.94531059265, 10.9393939972, 6.89625120163, 9.56281089783, 5.05067586899, 2.90873551369, 2.06853818893, 2.27288770676, 3.45325469971, 2.45597672462, 1.1115925312, 0.650252819061, 0.287974238396, 0.116574309766, 0.0261780247092, 0.00123488076497, 3.11980511469e-05, 8.91289619176e-06],
        "dmean2": [0.206172287464, 1.28234863281, 2.15290951729, 2.03223752975, 2.27615952492, 2.54297494888, 4.18267345428, 10.5939769745, 11.1517496109, 13.3600826263, 13.2687892914, 22.8554096222, 27.3496303558, 25.9024829865, 63.7246704102, 37.5895462036, 49.851600647, 74.4270935059, 63.0505065918, 48.9885787964, 40.4231910706, 21.9988250732, 16.0984840393, 17.6625137329, 11.1091833115, 14.7483177185, 7.9879360199, 4.62147426605, 3.26634907722, 3.48116135597, 5.17830276489, 3.68455505371, 1.65653133392, 0.941388070583, 0.409952193499, 0.17296846211, 0.0398289747536, 0.00178958044853, 4.42990203737e-05, 1.36485195981e-05],
        "dvar": [0.039506778121, 1.04530131817, 4.81275987625, 4.63138628006, 5.52693843842, 6.55622339249, 47.6908073425, 282.794219971, 173.333526611, 356.972137451, 724.928100586, 2383.80004883, 2709.77587891, 2078.20263672, 11022.4814453, 3369.56225586, 8929.30273438, 12917.0634766, 10997.3847656, 7483.69433594, 4734.13769531, 1482.03491211, 346.402526855, 512.515563965, 171.443862915, 368.763702393, 96.6432266235, 44.6920471191, 15.1359682083, 15.9383211136, 43.1128692627, 21.5164031982, 5.66982841492, 2.34725689888, 0.883805155754, 0.103324115276, 0.00748690171167, 7.62927520555e-05, 2.49742448943e-08, 1.35381234001e-10],
        "dvar2": [0.106560945511, 2.99845767021, 12.9554138184, 12.1574783325, 14.8478918076, 17.0247364044, 108.480484009, 666.176208496, 445.421020508, 919.628051758, 1950.19604492, 5778.48974609, 7046.52783203, 4702.00585938, 27466.2734375, 7628.61767578, 21041.1777344, 31229.546875, 25768.0371094, 17201.8476562, 11357.8427734, 3422.11230469, 848.641418457, 1296.17333984, 418.881652832, 834.33392334, 224.039764404, 106.985328674, 35.0261268616, 34.1230964661, 87.6151275635, 45.7741966248, 11.5408287048, 4.01373004913, 1.51928329468, 0.191626742482, 0.0136366104707, 0.000146394158946, 4.4791885756e-08, 2.7490412724e-10],
        "max": [2.95079684258, 9.74279689789, 26.3149051666, 28.3713474274, 40.7250328064, 70.2926635742, 294.920715332, 422.957183838, 359.2762146, 338.985076904, 607.93347168, 1283.73303223, 1160.93603516, 1104.33776855, 2227.2512207, 1193.22241211, 2389.8449707, 2516.34765625, 2375.60400391, 1666.91247559, 1609.94006348, 1366.57043457, 518.226989746, 441.278778076, 355.374664307, 422.784393311, 295.755279541, 170.2837677, 73.4394378662, 88.0473175049, 203.465499878, 112.932907104, 64.7492828369, 43.5805702209, 28.6243038177, 8.5400094986, 2.55894637108, 0.328375220299, 0.00574041856453, 0.000282446097117],
        "mean": [0.160535424948, 0.938553869724, 1.48850739002, 1.4736225605, 1.85847699642, 2.21336269379, 4.03649139404, 11.0317697525, 10.4070911407, 13.2206163406, 10.9354352951, 21.5729465485, 27.4305534363, 27.8902416229, 65.1563034058, 45.8784179688, 56.4600334167, 82.935874939, 70.5222015381, 58.4801483154, 49.0441017151, 29.2195625305, 22.2794342041, 23.3806304932, 15.9486846924, 21.754283905, 10.7471475601, 5.97600460052, 4.63971328735, 5.26071357727, 7.99544668198, 5.73100709915, 2.57016396523, 1.41589677334, 0.577410936356, 0.230920702219, 0.0438231378794, 0.00159177766182, 6.35450560367e-05, 3.30183866026e-05],
        "median": [0.0797443836927, 0.52886390686, 0.724781572819, 0.692909955978, 0.952798545361, 1.28069448471, 2.03828477859, 3.45483207703, 4.36418676376, 4.36516427994, 4.51976442337, 5.53374671936, 8.99609375, 10.4924354553, 16.0328712463, 14.5942020416, 18.3586044312, 23.2518825531, 24.5808811188, 20.5626487732, 17.6477622986, 14.1509132385, 12.4597940445, 11.1071147919, 8.37175369263, 7.87044811249, 5.71067523956, 3.48532295227, 2.88583874702, 2.93126392365, 3.4437122345, 2.54665231705, 1.15866112709, 0.590453803539, 0.214418530464, 0.0879279524088, 0.0143455900252, 0.000346387678292, 3.09822207782e-05, 2.65678918367e-05],
        "min": [2.8142586288e-22, 2.9923078925e-21, 7.52065019674e-21, 2.67830677964e-20, 2.29927533618e-20, 4.96443333681e-20, 1.68253008538e-19, 2.85870802114e-19, 2.7709506205e-19, 3.38256822392e-19, 4.16465534387e-19, 7.19918034572e-19, 1.16507003751e-18, 1.61149672576e-18, 1.29558786783e-18, 2.36239515582e-18, 1.34242996855e-18, 1.50953999442e-18, 4.70828929918e-18, 5.65634126516e-18, 6.13166736927e-18, 6.05963813589e-18, 1.20352570554e-17, 8.36726855848e-18, 7.13419372807e-18, 1.45018045901e-17, 1.54737616622e-17, 1.509856908e-17, 1.5739099696e-17, 1.94630287634e-17, 1.5919770831e-17, 1.65544317735e-17, 1.40499158215e-17, 1.18560351408e-17, 7.67809972241e-18, 5.09652858764e-18, 2.9886145133e-18, 1.20729316168e-18, 2.96047088203e-19, 3.33907513193e-20],
        "var": [0.0565413124859, 1.32897341251, 5.17148256302, 5.19404315948, 7.06589412689, 10.1317148209, 90.4505310059, 744.022766113, 312.820709229, 686.776000977, 662.178100586, 4573.46484375, 5048.328125, 4270.98388672, 25239.203125, 8509.38964844, 20499.7617188, 29594.9589844, 20032.2421875, 17881.5273438, 9732.09765625, 3172.07299805, 884.749450684, 1373.66027832, 458.400054932, 1361.37548828, 240.170776367, 80.102180481, 34.1728363037, 45.7779502869, 147.599182129, 65.4949645996, 16.4987754822, 7.09383869171, 2.29902148247, 0.258236497641, 0.0166283901781, 0.000111777510028, 4.34642579705e-08, 7.692786963e-10]
    },
    "gfcc": {
        "mean": [-0.895184993744, 73.9818496704, -143.142700195, 37.4971237183, -59.5091514587, 34.4905891418, -40.6706542969, 15.1601705551, -20.7964401245, 7.50195264816, -8.01099014282, 0.936597466469, -5.42922449112],
        "cov": [[6160.71728516, -556.261108398, 565.631469727, 396.959106445, 73.2894287109, 396.814453125, -240.243469238, 408.847198486, -0.598745524883, 322.5418396, 80.2972488403, 85.0009841919, -310.93347168], [-556.261108398, 1267.74682617, 429.089263916, 450.912689209, 300.837677002, -19.2464828491, 191.9818573, -110.18057251, 119.018669128, -54.1796569824, 162.225616455, -71.1058807373, 119.77117157], [565.631469727, 429.089263916, 1016.59002686, 479.831237793, 189.207946777, 138.616119385, 5.94083595276, 91.5924301147, 37.5358467102, 100.57900238, 20.9255619049, 61.6120300293, -43.5964851379], [396.959106445, 450.912689209, 479.831237793, 507.851165771, 196.379486084, 54.675201416, 48.7200431824, 32.2240753174, 83.1095275879, 35.543636322, 78.7953033447, -5.44143533707, 22.1770191193], [73.2894287109, 300.837677002, 189.207946777, 196.379486084, 274.875732422, 80.3348770142, 75.4900131226, 9.34534549713, 41.8186149597, 28.4329662323, 42.6783332825, 9.29917907715, 5.76507091522], [396.814453125, -19.2464828491, 138.616119385, 54.675201416, 80.3348770142, 221.942703247, 74.2716140747, 24.758731842, 4.53350830078, 28.598947525, 16.4926204681, 12.2878456116, -24.4208679199], [-240.243469238, 191.9818573, 5.94083595276, 48.7200431824, 75.4900131226, 74.2716140747, 195.036376953, -3.6779358387, 20.6778678894, -4.1729426384, 23.1837615967, -10.2366371155, 19.2041702271], [408.847198486, -110.18057251, 91.5924301147, 32.2240753174, 9.34534549713, 24.758731842, -3.6779358387, 169.456787109, 45.5014419556, 42.4489097595, -19.3568344116, 16.9596042633, -24.0774021149], [-0.598745524883, 119.018669128, 37.5358467102, 83.1095275879, 41.8186149597, 4.53350830078, 20.6778678894, 45.5014419556, 118.668838501, 14.8646259308, 31.9856452942, -1.83667218685, 26.1411380768], [322.5418396, -54.1796569824, 100.57900238, 35.543636322, 28.4329662323, 28.598947525, -4.1729426384, 42.4489097595, 14.8646259308, 109.759559631, 25.5764007568, 32.9889831543, -26.3064174652], [80.2972488403, 162.225616455, 20.9255619049, 78.7953033447, 42.6783332825, 16.4926204681, 23.1837615967, -19.3568344116, 31.9856452942, 25.5764007568, 147.671447754, 3.29515004158, 30.1879253387], [85.0009841919, -71.1058807373, 61.6120300293, -5.44143533707, 9.29917907715, 12.2878456116, -10.2366371155, 16.9596042633, -1.83667218685, 32.9889831543, 3.29515004158, 92.3182983398, 5.14067792892], [-310.93347168, 119.77117157, -43.5964851379, 22.1770191193, 5.76507091522, -24.4208679199, 19.2041702271, -24.0774021149, 26.1411380768, -26.3064174652, 30.1879253387, 5.14067792892, 96.9216308594]],
        "icov": [[0.000371603906387, -0.000213230770896, 0.000399593205657, -0.000608390429989, 0.000350484653609, -0.000905624590814, 0.000844563823193, -0.000849085801747, 0.000510312616825, -0.000593217730056, -0.000129985550302, -0.00029767563683, 0.000904907996301], [-0.000213230770896, 0.00340179773048, -0.00202158396132, 0.000360014935723, -0.00231728237122, 0.00290980236605, -0.00295976386406, 0.00259874016047, -0.00203764834441, 0.00219293427654, -0.00192979082931, 0.00259284744971, -0.00216818391345], [0.000399593205657, -0.00202158396132, 0.00386073230766, -0.00318897934631, 0.00166121299844, -0.00319547695108, 0.00278403796256, -0.00246868212707, 0.00227330834605, -0.00244214595295, 0.0017573684454, -0.00295398524031, 0.0025108542759], [-0.000608390429989, 0.000360014935723, -0.00318897934631, 0.00665564788505, -0.00263494462706, 0.00237844977528, -0.00166932900902, 0.00150623056106, -0.00269630039111, 0.00154189032037, -0.00145034654997, 0.00242721429095, -0.00242431974038], [0.000350484653609, -0.00231728237122, 0.00166121299844, -0.00263494462706, 0.00757053913549, -0.00354812876321, 0.00106323626824, -0.00160266866442, 0.000982519239187, -0.00229488126934, 0.00113285006955, -0.00257735676132, 0.00228097918443], [-0.000905624590814, 0.00290980236605, -0.00319547695108, 0.00237844977528, -0.00354812876321, 0.0102879367769, -0.00613776966929, 0.00312452227809, -0.00221579568461, 0.00266842311248, -0.00191753811669, 0.00225726352073, -0.00188769528177], [0.000844563823193, -0.00295976386406, 0.00278403796256, -0.00166932900902, 0.00106323626824, -0.00613776966929, 0.0105758048594, -0.00346450251527, 0.00215640617535, -0.0024772991892, 0.00116189545952, -0.0017144397134, 0.00191036704928], [-0.000849085801747, 0.00259874016047, -0.00246868212707, 0.00150623056106, -0.00160266866442, 0.00312452227809, -0.00346450251527, 0.0115385819227, -0.00617458531633, 0.000344854488503, 0.000884013774339, 0.00157035281882, -0.00155460194219], [0.000510312616825, -0.00203764834441, 0.00227330834605, -0.00269630039111, 0.000982519239187, -0.00221579568461, 0.00215640617535, -0.00617458531633, 0.0140755921602, -0.00276841060258, -0.000421741366154, -0.000797224114649, -0.00115739007015], [-0.000593217730056, 0.00219293427654, -0.00244214595295, 0.00154189032037, -0.00229488126934, 0.00266842311248, -0.0024772991892, 0.000344854488503, -0.00276841060258, 0.015773139894, -0.0042108730413, -0.00214601005428, 0.00177423388232], [-0.000129985550302, -0.00192979082931, 0.0017573684454, -0.00145034654997, 0.00113285006955, -0.00191753811669, 0.00116189545952, 0.000884013774339, -0.000421741366154, -0.0042108730413, 0.010505437851, -0.00130127370358, -0.00170331029221], [-0.00029767563683, 0.00259284744971, -0.00295398524031, 0.00242721429095, -0.00257735676132, 0.00225726352073, -0.0017144397134, 0.00157035281882, -0.000797224114649, -0.00214601005428, -0.00130127370358, 0.0157959908247, -0.00539129273966], [0.000904907996301, -0.00216818391345, 0.0025108542759, -0.00242431974038, 0.00228097918443, -0.00188769528177, 0.00191036704928, -0.00155460194219, -0.00115739007015, 0.00177423388232, -0.00170331029221, -0.00539129273966, 0.0178182851523]]
    },
    "melbands": {
        "dmean": [0.000991933979094, 0.000735582550988, 0.000206451761187, 9.2001115263e-05, 8.34411475807e-05, 0.000138440038427, 9.74344366114e-05, 9.27216970013e-05, 6.24233580311e-05, 9.54230126808e-05, 8.69900177349e-05, 6.8449335231e-05, 0.000113847832836, 9.43298291531e-05, 7.07829458406e-05, 7.76714587118e-05, 0.000100288176327, 8.13312581158e-05, 3.55550473614e-05, 6.18727499386e-05, 2.47228254011e-05, 1.69530576386e-05, 1.18338793982e-05, 9.18646037462e-06, 1.00934084912e-05, 5.94908988205e-06, 6.3985999077e-06, 7.55313294576e-06, 4.37966582467e-06, 2.20209517465e-06, 1.72092745743e-06, 1.29834279505e-06, 1.16126125249e-06, 1.4796587493e-06, 2.17741262531e-06, 2.21005484491e-06, 1.42879423493e-06, 8.95358141406e-07, 7.03319415152e-07, 5.54952976017e-07],
        "dmean2": [0.00170477223583, 0.00126706680749, 0.000345522013959, 0.000156482637976, 0.000137739058118, 0.000222336777369, 0.000162481024745, 0.000154542736709, 0.000106112405774, 0.000154302048031, 0.000142671458889, 0.00011121629359, 0.000185487195267, 0.000143377081258, 0.000110397697426, 0.000123552672449, 0.000160771392984, 0.000128263287479, 5.60288863198e-05, 9.94052970782e-05, 3.89639608329e-05, 2.68625408353e-05, 1.91993876797e-05, 1.50371160998e-05, 1.64047596627e-05, 9.66714924289e-06, 1.0346218005e-05, 1.17014769785e-05, 7.01203498465e-06, 3.55658266926e-06, 2.77659046333e-06, 2.10096459341e-06, 1.84028965577e-06, 2.30457635553e-06, 3.30765533363e-06, 3.41384793501e-06, 2.17058936869e-06, 1.37283814183e-06, 1.0551914329e-06, 8.13815063339e-07],
        "dvar": [2.18511331695e-06, 1.2281511772e-06, 1.23065632351e-07, 2.52314986682e-08, 3.91770953456e-08, 1.14418980957e-07, 3.68955426211e-08, 5.06148758461e-08, 4.52857662481e-08, 1.09980163643e-07, 6.97733781863e-08, 4.08720701728e-08, 8.26412289712e-08, 6.41477626573e-08, 4.06178735091e-08, 6.05503629458e-08, 6.60514700712e-08, 4.96768848279e-08, 1.24405499236e-08, 2.85863333005e-08, 4.61585170086e-09, 3.05424641134e-09, 5.95024030048e-10, 3.13753995007e-10, 4.73196315465e-10, 1.90202284478e-10, 1.77393641443e-10, 2.61410504354e-10, 8.53703982506e-11, 2.32142239459e-11, 1.67815813329e-11, 6.33864705515e-12, 5.09619386621e-12, 6.90938408918e-12, 1.83778461199e-11, 1.79719954196e-11, 7.37330335676e-12, 3.66255159881e-12, 2.48006368046e-12, 1.85518310783e-12],
        "dvar2": [6.06021103522e-06, 3.37262326866e-06, 3.18688364587e-07, 6.54517080534e-08, 9.06033008619e-08, 2.70403035074e-07, 9.41250988262e-08, 1.31497444045e-07, 1.21407992992e-07, 2.647900601e-07, 1.80076327183e-07, 9.3623775399e-08, 2.06556634907e-07, 1.35828443604e-07, 9.30242194386e-08, 1.45266398022e-07, 1.60513323522e-07, 1.16099350578e-07, 2.78929679354e-08, 6.92724881901e-08, 1.07219033652e-08, 7.06368252779e-09, 1.43921319307e-09, 7.44307226963e-10, 1.20810150772e-09, 4.72234418236e-10, 4.45881775946e-10, 5.93388005399e-10, 2.0430544756e-10, 5.47378462001e-11, 4.05147651539e-11, 1.52355732197e-11, 1.20228167699e-11, 1.52115611773e-11, 3.75592300317e-11, 4.03422642514e-11, 1.5967284786e-11, 7.99523815209e-12, 4.93874385832e-12, 3.28629419684e-12],
        "max": [0.0187417939305, 0.0118570867926, 0.0046425703913, 0.00302708079107, 0.00807385984808, 0.00838226079941, 0.00499722082168, 0.00447653373703, 0.0049134818837, 0.00830174982548, 0.00571551779285, 0.00495483260602, 0.00562899326906, 0.00544329872355, 0.00505073368549, 0.00645727803931, 0.00580657180399, 0.00524257635698, 0.00288002402522, 0.00332190073095, 0.00137323350646, 0.00203506299295, 0.000744267017581, 0.000571494339965, 0.000435244233813, 0.000415371236159, 0.000389192602597, 0.000314872362651, 0.000234432314755, 0.000126775354147, 0.000119676995382, 6.15543394815e-05, 5.05828174937e-05, 6.14122182014e-05, 0.000143857789226, 7.6499847637e-05, 6.94124610163e-05, 4.87503239128e-05, 5.58737956453e-05, 4.04837846872e-05],
        "mean": [0.00138550985139, 0.00097245699726, 0.000277343497146, 0.000142349395901, 0.000136953982292, 0.000234203849686, 0.00015358508972, 0.000148699924466, 8.30920544104e-05, 0.000144639721839, 0.000139975018101, 0.000111247565656, 0.000184073243872, 0.000153444794705, 0.000124649697682, 0.000125976468553, 0.000165461548022, 0.000134518690174, 5.65398404433e-05, 0.000107038715214, 4.25635771535e-05, 3.09624374495e-05, 2.31524791161e-05, 1.82598942047e-05, 1.96584896912e-05, 1.08939129859e-05, 1.32984587253e-05, 1.53705095727e-05, 8.33552076074e-06, 3.91740377381e-06, 3.20435219692e-06, 2.6397210604e-06, 2.39704650085e-06, 3.11124108521e-06, 4.61308809463e-06, 4.60598676e-06, 3.04231798509e-06, 1.83778513474e-06, 1.44086095588e-06, 1.09464986053e-06],
        "median": [0.000817726249807, 0.000539776752703, 0.000138780727866, 8.3749917394e-05, 7.46706646169e-05, 7.83880823292e-05, 6.48699642625e-05, 4.60705850855e-05, 3.27977613779e-05, 3.35220538545e-05, 4.40785443061e-05, 3.68809342035e-05, 4.72782485303e-05, 3.93148438889e-05, 3.34511605615e-05, 3.07623013214e-05, 3.68595792679e-05, 3.70759444195e-05, 1.88998583326e-05, 2.53230937233e-05, 1.62707292475e-05, 1.3402712284e-05, 1.10845858217e-05, 9.18252681004e-06, 8.33555895952e-06, 5.96033214606e-06, 5.18958950124e-06, 4.94954292662e-06, 3.51255403075e-06, 2.06651270673e-06, 1.77508582055e-06, 1.61348748406e-06, 1.35653272082e-06, 1.60398110438e-06, 1.94743870452e-06, 1.84198870556e-06, 1.31478032017e-06, 7.83834707363e-07, 5.90580270909e-07, 4.29258989243e-07],
        "min": [3.1555992237e-24, 4.14740859907e-24, 4.29891209693e-24, 2.60051251457e-24, 5.52059810388e-24, 7.18028768997e-24, 4.41697735874e-24, 4.60454797162e-24, 3.72342465593e-24, 4.36012454773e-24, 5.4138833672e-24, 6.00345710295e-24, 3.93146857589e-24, 4.35265758483e-24, 2.53659644023e-24, 3.27499489942e-24, 2.33450487024e-24, 6.27927206327e-24, 7.11603023607e-24, 6.84274594154e-24, 7.91170689951e-24, 6.65460498223e-24, 5.17849476726e-24, 1.37944698617e-23, 5.51327076936e-24, 5.04847274071e-24, 5.37171835739e-24, 1.06150243589e-23, 8.27241039298e-24, 8.16861444166e-24, 8.74664832565e-24, 7.44631209759e-24, 1.00989452438e-23, 1.17504334375e-23, 8.5767876401e-24, 6.60595119704e-24, 8.51349496309e-24, 1.02499821305e-23, 9.04043274853e-24, 9.12639807682e-24],
        "var": [3.23536369251e-06, 1.54994688728e-06, 1.56059840606e-07, 3.69184078863e-08, 7.56597202667e-08, 3.02531134366e-07, 6.82948169128e-08, 9.33059567387e-08, 4.16774419421e-08, 2.20213891566e-07, 1.33270177116e-07, 8.38804652403e-08, 1.81408196909e-07, 1.41486097505e-07, 1.07756513046e-07, 1.51917248559e-07, 1.42470554465e-07, 9.17687188462e-08, 2.27636363093e-08, 6.11150952068e-08, 8.17298051459e-09, 5.71838931762e-09, 1.29916111202e-09, 7.66389618434e-10, 1.18480603106e-09, 2.79488487909e-10, 5.93575355534e-10, 7.98201116314e-10, 2.06612643661e-10, 4.03724276232e-11, 2.70296597604e-11, 1.22987973972e-11, 1.05495629593e-11, 1.79851186027e-11, 5.76091674365e-11, 4.74509355419e-11, 2.09602561002e-11, 9.34831292237e-12, 6.47461901801e-12, 5.13016972653e-12]
    },
    "mfcc": {
        "mean": [-631.01940918, 95.5604248047, -15.3763065338, 7.7497625351, 7.652323246, 11.2235975266, 3.50053977966, 6.42206001282, -2.04839229584, 8.53048992157, -2.7781317234, 4.13818645477, 3.01384973526],
        "cov": [[5170.3046875, -619.782104492, 402.980010986, 46.7248306274, 346.114013672, -31.698720932, 80.962387085, 84.6118392944, -103.761001587, 300.617736816, 103.070159912, 211.884185791, 172.361587524], [-619.782104492, 836.223999023, 213.733322144, 344.252441406, 144.684921265, 163.582138062, 108.810012817, 29.1344280243, 30.6110286713, 4.59645271301, 29.224653244, 24.1806716919, 23.1628799438], [402.980010986, 213.733322144, 779.172241211, 340.902404785, 260.613067627, 129.10144043, 68.0830917358, 47.2906417847, 34.0861778259, 37.702167511, 61.9372215271, 69.0575256348, 45.866443634], [46.7248306274, 344.252441406, 340.902404785, 479.773773193, 214.497894287, 103.548561096, 61.4179763794, 26.0362625122, 41.6614379883, 22.7943649292, 41.3118858337, 55.1805801392, 64.3764190674], [346.114013672, 144.684921265, 260.613067627, 214.497894287, 281.813018799, 70.8279418945, 41.4179573059, 35.3112831116, 16.3938751221, 48.0010528564, 20.7237815857, 47.1471290588, 61.5128822327], [-31.698720932, 163.582138062, 129.10144043, 103.548561096, 70.8279418945, 239.092880249, 103.642951965, 45.1689872742, 9.08621406555, 18.4564571381, 22.0970458984, 14.1446228027, 2.8701672554], [80.962387085, 108.810012817, 68.0830917358, 61.4179763794, 41.4179573059, 103.642951965, 156.544784546, 43.1537818909, -2.15034651756, 40.0493469238, 18.2483539581, 17.3500900269, 13.9667310715], [84.6118392944, 29.1344280243, 47.2906417847, 26.0362625122, 35.3112831116, 45.1689872742, 43.1537818909, 108.021499634, 45.832233429, 27.9697170258, 14.9781732559, 19.4669704437, 7.25727653503], [-103.761001587, 30.6110286713, 34.0861778259, 41.6614379883, 16.3938751221, 9.08621406555, -2.15034651756, 45.832233429, 140.100921631, -2.46083855629, 33.4423065186, 1.34632980824, -4.34294986725], [300.617736816, 4.59645271301, 37.702167511, 22.7943649292, 48.0010528564, 18.4564571381, 40.0493469238, 27.9697170258, -2.46083855629, 123.783065796, 17.7822399139, 26.6618766785, 15.312584877], [103.070159912, 29.224653244, 61.9372215271, 41.3118858337, 20.7237815857, 22.0970458984, 18.2483539581, 14.9781732559, 33.4423065186, 17.7822399139, 89.8050994873, 28.1444034576, 12.4444541931], [211.884185791, 24.1806716919, 69.0575256348, 55.1805801392, 47.1471290588, 14.1446228027, 17.3500900269, 19.4669704437, 1.34632980824, 26.6618766785, 28.1444034576, 85.4334640503, 40.040802002], [172.361587524, 23.1628799438, 45.866443634, 64.3764190674, 61.5128822327, 2.8701672554, 13.9667310715, 7.25727653503, -4.34294986725, 15.312584877, 12.4444541931, 40.040802002, 96.2564849854]],
