{
"lowlevel": {
    "average_loudness": 0.384161382914,
    "barkbands_crest": {
        "dmean": 2.37199044228,
        "dmean2": 3.72623562813,
        "dvar": 5.05847358704,
        "dvar2": 11.5945301056,
        "max": 25.1225357056,
        "mean": 10.5368833542,
        "median": 9.47881889343,
        "min": 2.35663843155,
        "var": 24.8146591187
    },
    "barkbands_flatness_db": {
        "dmean": 0.0167190935463,
        "dmean2": 0.0255377627909,
        "dvar": 0.00025577575434,
        "dvar2": 0.000541693763807,
        "max": 0.366824150085,
        "mean": 0.146597102284,
        "median": 0.140623062849,
        "min": 0.0321621373296,
        "var": 0.00281002814882
    },
    "barkbands_kurtosis": {
        "dmean": 1.56577336788,
        "dmean2": 2.42295837402,
        "dvar": 12.0554656982,
        "dvar2": 22.1462669373,
        "max": 174.539932251,
        "mean": 2.21004080772,
        "median": 0.876512527466,
        "min": -1.83999717236,
        "var": 34.0666427612
    },
    "barkbands_skewness": {
        "dmean": 0.378819674253,
        "dmean2": 0.584274888039,
        "dvar": 0.17739598453,
        "dvar2": 0.366254597902,
        "max": 10.2440681458,
        "mean": 0.965584695339,
        "median": 0.818763613701,
        "min": -4.20490217209,
        "var": 0.980050623417
    },
    "barkbands_spread": {
        "dmean": 4.58497905731,
        "dmean2": 6.8557100296,
        "dvar": 33.4177398682,
        "dvar2": 67.1522903442,
        "max": 115.675727844,
        "mean": 22.3011398315,
        "median": 18.4261646271,
        "min": 0.782785534859,
        "var": 204.576263428
    },
    "dissonance": {
        "dmean": 0.0199071653187,
        "dmean2": 0.03368967399,
        "dvar": 0.000428976170952,
        "dvar2": 0.00115847715642,
        "max": 0.500000059605,
        "mean": 0.461803525686,
        "median": 0.470788031816,
        "min": 0.214151069522,
        "var": 0.00108564039692
    },
    "dynamic_complexity": 4.60226154327,
    "erbbands_crest": {
        "dmean": 2.69775819778,
        "dmean2": 4.20916032791,
        "dvar": 6.77469539642,
        "dvar2": 15.319106102,
        "max": 32.1853218079,
        "mean": 11.6023979187,
        "median": 9.80140209198,
        "min": 2.53298735619,
        "var": 39.0140342712
    },
    "erbbands_flatness_db": {
        "dmean": 0.0152483284473,
        "dmean2": 0.0222324132919,
        "dvar": 0.000218809727812,
        "dvar2": 0.000418202776928,
        "max": 0.392548412085,
        "mean": 0.191884666681,
        "median": 0.190786316991,
        "min": 0.0593318231404,
        "var": 0.0031277211383
    },
    "erbbands_kurtosis": {
        "dmean": 1.00253641605,
        "dmean2": 1.56307077408,
        "dvar": 2.28045105934,
        "dvar2": 4.6893529892,
        "max": 65.8476791382,
        "mean": 1.30096650124,
        "median": 0.580798625946,
        "min": -1.82366085052,
        "var": 6.90762758255
    },
    "erbbands_skewness": {
        "dmean": 0.336823016405,
        "dmean2": 0.507431089878,
        "dvar": 0.107056088746,
        "dvar2": 0.22150272131,
        "max": 7.47129392624,
        "mean": 0.568005859852,
        "median": 0.552174448967,
        "min": -4.45175218582,
        "var": 0.687164366245
    },
    "erbbands_spread": {
        "dmean": 5.34526348114,
        "dmean2": 8.04922771454,
        "dvar": 38.8302726746,
        "dvar2": 83.5621566772,
        "max": 119.238838196,
        "mean": 28.6948299408,
        "median": 25.1995830536,
        "min": 4.27514028549,
        "var": 249.801223755
    },
    "hfc": {
        "dmean": 4.37236022949,
        "dmean2": 6.33242273331,
        "dvar": 37.4786224365,
        "dvar2": 82.928855896,
        "max": 115.559005737,
        "mean": 20.669095993,
        "median": 14.7689495087,
        "min": 1.13250263812e-16,
        "var": 375.309906006
    },
    "melbands_crest": {
        "dmean": 3.15100979805,
        "dmean2": 4.98909091949,
        "dvar": 8.90950870514,
        "dvar2": 21.1420192719,
        "max": 34.2334098816,
        "mean": 14.5199222565,
        "median": 13.6686925888,
        "min": 1.02469158173,
        "var": 37.0633583069
    },
    "melbands_flatness_db": {
        "dmean": 0.0191714800894,
        "dmean2": 0.0288576949388,
        "dvar": 0.000370536756236,
        "dvar2": 0.000763148476835,
        "max": 0.420071512461,
        "mean": 0.171154081821,
        "median": 0.165595203638,
        "min": 1.18955795188e-05,
        "var": 0.00351415551268
    },
    "melbands_kurtosis": {
        "dmean": 3.35396838188,
        "dmean2": 5.22202014923,
        "dvar": 65.0519104004,
        "dvar2": 122.064048767,
        "max": 480.516845703,
        "mean": 6.53512382507,
        "median": 3.34274053574,
        "min": -1.84047305584,
        "var": 189.183410645
    },
    "melbands_skewness": {
        "dmean": 0.496372371912,
        "dmean2": 0.767657756805,
        "dvar": 0.31941023469,
        "dvar2": 0.690914094448,
        "max": 15.4747343063,
        "mean": 1.67132246494,
        "median": 1.51625990868,
        "min": -1.56704318523,
        "var": 1.80663871765
    },
    "melbands_spread": {
        "dmean": 6.75264453888,
        "dmean2": 10.3031644821,
        "dvar": 97.6997756958,
        "dvar2": 200.880081177,
        "max": 232.539047241,
        "mean": 28.8880939484,
        "median": 24.769908905,
        "min": 0.519222676754,
        "var": 456.197601318
    },
    "pitch_salience": {
        "dmean": 0.0593370832503,
        "dmean2": 0.0948697775602,
        "dvar": 0.00328252487816,
        "dvar2": 0.00796536449343,
        "max": 0.99769359827,
        "mean": 0.539478480816,
        "median": 0.536708116531,
        "min": 0.0981722846627,
        "var": 0.015629215166
    },
    "silence_rate_20dB": {
        "dmean": 0,
        "dmean2": 0,
        "dvar": 0,
        "dvar2": 0,
        "max": 1,
        "mean": 1,
        "median": 1,
        "min": 1,
        "var": 0
    },
    "silence_rate_30dB": {
        "dmean": 0.000763941963669,
        "dmean2": 0.00152807845734,
        "dvar": 0.000763323158026,
        "dvar2": 0.00203498825431,
        "max": 1,
        "mean": 0.99949079752,
        "median": 1,
        "min": 0,
        "var": 0.000508962781169
    },
    "silence_rate_60dB": {
        "dmean": 0.0152788385749,
        "dmean2": 0.0305615682155,
        "dvar": 0.0150478845462,
        "dvar2": 0.0329355821013,
        "max": 1,
        "mean": 0.15849776566,
        "median": 0,
        "min": 0,
        "var": 0.133396551013
    },
    "spectral_centroid": {
        "dmean": 196.910766602,
        "dmean2": 297.382965088,
        "dvar": 61809.8515625,
        "dvar2": 117825.351562,
        "max": 11065.1318359,
        "mean": 1510.89245605,
        "median": 1457.1036377,
        "min": 254.451873779,
        "var": 416836.5
    },
    "spectral_complexity": {
        "dmean": 2.56659030914,
        "dmean2": 4.20017814636,
        "dvar": 6.89050245285,
        "dvar2": 16.8820838928,
        "max": 51,
        "mean": 18.3914699554,
        "median": 16,
        "min": 0,
        "var": 131.993148804
    },
    "spectral_decrease": {
        "dmean": 1.23130194929e-09,
        "dmean2": 1.86282522741e-09,
        "dvar": 3.77895932561e-18,
        "dvar2": 8.28178109654e-18,
        "max": 1.18878110077e-28,
        "mean": -4.75813832779e-09,
        "median": -3.46155704101e-09,
        "min": -3.21970681227e-08,
        "var": 2.08546790803e-17
    },
    "spectral_energy": {
        "dmean": 0.00496007315814,
        "dmean2": 0.00745995016769,
        "dvar": 5.91006901232e-05,
        "dvar2": 0.000129635940539,
        "max": 0.128796085715,
        "mean": 0.0198330339044,
        "median": 0.0144819952548,
        "min": 1.07219934559e-20,
        "var": 0.000353592186002
    },
    "spectral_energyband_high": {
        "dmean": 0.000162925804034,
        "dmean2": 0.000229488243349,
        "dvar": 1.20994499753e-07,
        "dvar2": 2.25798629572e-07,
        "max": 0.0107748163864,
        "mean": 0.000575931509957,
        "median": 0.000299109698972,
        "min": 7.61350768284e-21,
        "var": 6.00249279614e-07
    },
    "spectral_energyband_low": {
        "dmean": 0.00200997106731,
        "dmean2": 0.00323571730405,
        "dvar": 2.96199068544e-05,
        "dvar2": 6.48134227959e-05,
        "max": 0.0919861868024,
        "mean": 0.00374762271531,
        "median": 0.00164126302116,
        "min": 6.77546573043e-23,
        "var": 4.89563026349e-05
    },
    "spectral_energyband_middle_high": {
        "dmean": 0.00268982769921,
        "dmean2": 0.00397187983617,
        "dvar": 2.35296010942e-05,
        "dvar2": 5.10449281137e-05,
        "max": 0.0919942855835,
        "mean": 0.00972384680063,
        "median": 0.00382321630605,
        "min": 1.53488138739e-21,
        "var": 0.000178970047273
    },
    "spectral_energyband_middle_low": {
        "dmean": 0.00242434279062,
        "dmean2": 0.00374686322175,
        "dvar": 1.56172864081e-05,
        "dvar2": 3.71495661966e-05,
        "max": 0.0959739685059,
        "mean": 0.00689991051331,
        "median": 0.00440265936777,
        "min": 2.29108405698e-22,
        "var": 5.52847377548e-05
    },
    "spectral_entropy": {
        "dmean": 0.121520228684,
        "dmean2": 0.172851711512,
        "dvar": 0.0174264647067,
        "dvar2": 0.0293498877436,
        "max": 9.80276203156,
        "mean": 7.54194498062,
        "median": 7.65118360519,
        "min": 5.55916500092,
        "var": 0.269212514162
    },
    "spectral_flux": {
        "dmean": 0.0174095947295,
        "dmean2": 0.027715086937,
        "dvar": 0.000467659672722,
        "dvar2": 0.0011149920756,
        "max": 0.310680896044,
        "mean": 0.0668814331293,
        "median": 0.0586212910712,
        "min": 6.58353579985e-11,
        "var": 0.00188722764142
    },
    "spectral_kurtosis": {
        "dmean": 1.40090477467,
        "dmean2": 2.35382819176,
        "dvar": 2.51219916344,
        "dvar2": 7.20693397522,
        "max": 26.3717784882,
        "mean": 4.61505317688,
        "median": 4.1316113472,
        "min": -1.21081221104,
        "var": 8.48168849945
    },
    "spectral_rms": {
        "dmean": 0.000494013773277,
        "dmean2": 0.000731119595002,
        "dvar": 3.40284003642e-07,
        "dvar2": 7.00803695963e-07,
        "max": 0.0112095810473,
        "mean": 0.00389634468593,
        "median": 0.00375882629305,
        "min": 3.23426680403e-12,
        "var": 4.16774946643e-06
    },
    "spectral_rolloff": {
        "dmean": 431.606018066,
        "dmean2": 702.051513672,
        "dvar": 618687.1875,
        "dvar2": 1196240.75,
        "max": 19035.3515625,
        "mean": 1878.234375,
        "median": 1571.92382812,
        "min": 107.666015625,
        "var": 2425503.75
    },
    "spectral_skewness": {
        "dmean": 0.179306402802,
        "dmean2": 0.28814125061,
        "dvar": 0.0306872818619,
        "dvar2": 0.0766534209251,
        "max": 3.67544698715,
        "mean": 1.62285196781,
        "median": 1.59398150444,
        "min": -0.26170656085,
        "var": 0.202895596623
    },
    "spectral_spread": {
        "dmean": 407114.1875,
        "dmean2": 579960.6875,
        "dvar": 346617708544,
        "dvar2": 592235593728,
        "max": 40442012,
        "mean": 4317589,
        "median": 3955887.5,
        "min": 1822387.25,
        "var": 2.32556671795e+12
    },
    "spectral_strongpeak": {
        "dmean": 0.627681314945,
        "dmean2": 1.01208686829,
        "dvar": 0.929826557636,
        "dvar2": 2.24384880066,
        "max": 11.8809165955,
        "mean": 1.68104183674,
        "median": 0.690934002399,
        "min": 0,
        "var": 4.26631069183
    },
    "zerocrossingrate": {
        "dmean": 0.009218220599,
        "dmean2": 0.0103420745581,
        "dvar": 0.000163844815688,
        "dvar2": 0.000174470929778,
        "max": 0.55029296875,
        "mean": 0.071614228189,
        "median": 0.06201171875,
        "min": 0.01171875,
        "var": 0.00181202951353
    },
    "barkbands": {
        "dmean": [0.000116473864182, 0.00134178181179, 0.000847127055749, 0.000522789079696, 0.000542226538528, 0.000577670289204, 0.000411169952713, 0.000248333322816, 0.000794240797404, 0.00135701871477, 0.00114395562559, 0.000290979922283, 0.000403649930377, 0.000407707731938, 0.000412604626035, 0.000234725652263, 0.000181283496204, 0.000131936874823, 0.000161183081218, 7.24790370441e-05, 3.92520014429e-05, 3.50583213731e-05, 4.58304712083e-05, 5.48845200683e-05, 2.9246777558e-05, 6.19076899966e-06, 2.06599670705e-09],
        "dmean2": [0.000191421699128, 0.00218234886415, 0.00145749794319, 0.000908594287466, 0.000910748552997, 0.000887498084921, 0.000646657834295, 0.000397488998715, 0.00119020405691, 0.00204157992266, 0.00176444137469, 0.000463332486106, 0.000637568999082, 0.000646504457109, 0.000675867835525, 0.000376823561965, 0.000297706254059, 0.000214358427911, 0.000254058104474, 0.000116427479952, 6.3044790295e-05, 5.47000709048e-05, 6.9086367148e-05, 7.95054147602e-05, 4.27287413913e-05, 9.5919422165e-06, 3.7089904481e-09],
        "dvar": [2.75653292192e-07, 1.69864233612e-05, 5.63185403735e-06, 2.35839115703e-06, 1.02820376924e-06, 1.66065524354e-06, 1.58501586611e-06, 1.05942092432e-06, 4.25325879405e-06, 1.31425367726e-05, 1.29740701595e-05, 8.20698687676e-07, 9.39328117511e-07, 1.06142647383e-06, 7.69535631662e-07, 3.18826124612e-07, 2.00748999646e-07, 5.76851739709e-08, 9.8768339285e-08, 1.7579077749e-08, 7.21854886976e-09, 6.38385744267e-09, 1.16751364132e-08, 1.53223886912e-08, 4.63052352018e-09, 3.29665128529e-10, 6.96286175994e-16],
        "dvar2": [6.72521139222e-07, 3.6168628867e-05, 1.58361035574e-05, 6.7319806476e-06, 2.87689726974e-06, 3.58726674676e-06, 3.7083789266e-06, 2.72577335636e-06, 8.72186865308e-06, 2.79386895272e-05, 2.95394038403e-05, 1.82173550911e-06, 2.05095352612e-06, 2.29777197092e-06, 1.95690495275e-06, 7.36574463645e-07, 4.54343620504e-07, 1.45712377275e-07, 2.38423183418e-07, 4.42739036544e-08, 1.85430319988e-08, 1.47545398121e-08, 2.35034764984e-08, 2.77829812489e-08, 9.20164922036e-09, 7.9607637149e-10, 1.83350403477e-15],
        "max": [0.0113113960251, 0.0688662976027, 0.0323791056871, 0.026849636808, 0.014720454812, 0.0363176092505, 0.0268988739699, 0.0334564521909, 0.0486562289298, 0.075328566134, 0.0839724391699, 0.0264348667115, 0.0289414525032, 0.0299113634974, 0.0208494290709, 0.0124960644171, 0.0187325235456, 0.00517634348944, 0.00832679960877, 0.00240488536656, 0.00282737705857, 0.00163819582667, 0.00368678197265, 0.00480857491493, 0.00205560424365, 0.000591979362071, 1.6959079403e-06],
        "mean": [0.000116562645417, 0.00204802490771, 0.00121875165496, 0.000684534083121, 0.00100107421167, 0.0012214082526, 0.000676125986502, 0.000419051531935, 0.00164356187452, 0.00320443604141, 0.00271884584799, 0.000464326061774, 0.000732859421987, 0.000782486109529, 0.000769813370425, 0.000430715736002, 0.000361619284377, 0.000286314752884, 0.000371039495803, 0.000164806187968, 9.77746894932e-05, 8.70371368364e-05, 0.000111748959171, 0.000142186880112, 6.74316106597e-05, 1.05304043245e-05, 1.60666835392e-09],
        "median": [1.63383938343e-05, 0.00071211042814, 0.000389230321161, 0.000151703075971, 0.000603197840974, 0.000419389951276, 0.000161733129062, 0.00011088836618, 0.000410283741076, 0.000375583360437, 0.000185339915333, 0.000181220602826, 0.00032377926982, 0.000215039777686, 0.000291241623927, 0.000135458743898, 0.000132170884172, 0.000129266147269, 0.000176102170371, 7.89240148151e-05, 3.91316280002e-05, 2.98399336316e-05, 4.51845953648e-05, 6.38494311715e-05, 2.50933044299e-05, 2.2976416858e-06, 3.37825573071e-10],
        "min": [2.52037367349e-23, 3.70623892668e-23, 6.04862570066e-24, 2.57321654675e-24, 1.12199189567e-23, 2.76543362924e-23, 2.50165605525e-23, 9.03098298375e-24, 6.497752613e-23, 8.35531998967e-23, 4.85925569624e-23, 7.01704460077e-23, 4.53143602738e-23, 1.20163420404e-22, 8.45503074591e-23, 1.52727560706e-22, 8.01136338213e-23, 1.8121238136e-22, 1.65577461141e-22, 3.43855709074e-22, 3.75707211367e-22, 4.53687815788e-22, 4.38983953386e-22, 7.87898015289e-22, 1.07611391321e-21, 1.48791455284e-21, 2.34924181116e-21],
        "var": [2.64310585862e-07, 2.37848489633e-05, 5.79610468776e-06, 2.56269095189e-06, 1.70449311554e-06, 5.67559254705e-06, 3.06637844005e-06, 2.13887983591e-06, 1.50487994688e-05, 6.00248786213e-05, 7.20366224414e-05, 1.38147106554e-06, 2.39305018113e-06, 3.05451749227e-06, 2.18942477659e-06, 7.02758313764e-07, 5.55060296392e-07, 1.6183376772e-07, 2.79604421394e-07, 5.37689288649e-08, 2.12038280267e-08, 2.01904253316e-08, 4.10818401519e-08, 5.42864846409e-08, 1.41919285213e-08, 5.43087408378e-10, 4.80831646217e-16]
    },
    "erbbands": {
        "dmean": [0.0445395708084, 0.314282357693, 0.886819064617, 1.37830579281, 1.71201133728, 1.91455471516, 3.22701907158, 5.21997022629, 6.019551754, 5.25668621063, 5.72092247009, 19.4715518951, 35.1079101562, 41.0756912231, 36.4352607727, 12.6091632843, 18.4355583191, 20.1673069, 17.7728252411, 20.7189216614, 9.77128505707, 8.6796541214, 6.50072145462, 8.5295009613, 6.57068347931, 3.07755303383, 1.91296327114, 1.32238686085, 1.27849757671, 1.25320148468, 1.35885977745, 1.19621086121, 0.937361061573, 0.432742387056, 0.157762721181, 0.0475360527635, 0.00741985859349, 0.000187983678188, 8.76336525835e-06, 6.2468343458e-06],
        "dmean2": [0.0702179968357, 0.523189723492, 1.52632892132, 2.36510872841, 2.9545314312, 3.20682954788, 5.03665685654, 7.9272108078, 9.49830055237, 8.2650270462, 8.91795730591, 29.1056232452, 52.3628578186, 60.9416236877, 54.6801681519, 19.7370529175, 29.0755634308, 31.3688812256, 28.6716175079, 33.835144043, 15.7996444702, 14.1572465897, 10.6035938263, 13.5434322357, 10.3511180878, 4.90951347351, 3.04566240311, 2.15933775902, 2.03641748428, 1.9333460331, 2.03512692451, 1.76078999043, 1.38066112995, 0.637264072895, 0.231985032558, 0.0723209232092, 0.011871532537, 0.000303552660625, 1.30238649945e-05, 9.25187032408e-06],
        "dvar": [0.0311135202646, 0.865323126316, 6.86576128006, 12.0322408676, 21.7417526245, 12.570687294, 50.3527908325, 160.878982544, 371.704925537, 360.610687256, 349.900817871, 2883.57421875, 10813.7890625, 12353.4443359, 14257.6025391, 1401.71508789, 1980.10961914, 2716.83813477, 1624.02868652, 2291.20288086, 671.352600098, 478.348205566, 148.064224243, 323.351898193, 128.374282837, 29.7606067657, 13.959854126, 11.5077199936, 8.27262020111, 9.27469539642, 10.1441287994, 8.24915981293, 3.96413087845, 0.970174372196, 0.174395874143, 0.0191314164549, 0.000478767120512, 6.49274113584e-07, 5.08580899616e-10, 8.5002553607e-11],
        "dvar2": [0.0644454807043, 2.20333266258, 19.3795261383, 33.9017868042, 62.7130393982, 35.0588951111, 109.131523132, 347.06439209, 889.139038086, 765.094604492, 863.175231934, 5960.83154297, 24535.1210938, 25373.2402344, 31086.390625, 3171.59033203, 4456.67626953, 5733.22460938, 4016.75244141, 6096.17236328, 1552.3293457, 1023.12341309, 366.5625, 788.007385254, 310.603485107, 72.5556869507, 35.0192947388, 30.2316131592, 19.8068599701, 20.6266841888, 19.9045085907, 15.0390033722, 7.45829868317, 1.92741727829, 0.373702734709, 0.0458652488887, 0.00121564243454, 1.75224113264e-06, 1.23830523613e-09, 1.8431306481e-10],
        "max": [3.08647799492, 17.8873233795, 37.0729789734, 53.9498672485, 74.7070159912, 60.2225341797, 184.750961304, 382.98626709, 437.008514404, 689.566467285, 690.73425293, 1297.28942871, 3191.40844727, 2641.97363281, 3038.81713867, 1260.87182617, 1599.15075684, 1720.43823242, 1137.42907715, 941.398498535, 803.125976562, 1062.77124023, 297.402954102, 477.49621582, 241.514007568, 105.847900391, 119.699790955, 141.820327759, 59.57081604, 58.8538513184, 112.990036011, 98.7578735352, 76.0532913208, 31.4628791809, 10.3315839767, 4.1859498024, 0.493849784136, 0.0335519611835, 0.000661998346914, 0.000165483856108],
        "mean": [0.0589972138405, 0.459662497044, 1.3236143589, 2.03340959549, 2.49458432198, 3.47646403313, 6.49848031998, 10.6836309433, 10.4354839325, 9.03296375275, 12.1324272156, 43.0033302307, 82.5573577881, 98.6846160889, 90.8889770508, 24.0390396118, 34.7924995422, 40.3051719666, 38.0781974792, 40.0136070251, 21.43201828, 18.89295578, 15.6180715561, 19.1411056519, 16.3008480072, 7.72953033447, 4.68901968002, 3.28415322304, 3.07406401634, 3.06283068657, 3.28962016106, 2.92834711075, 2.33959293365, 1.04263484478, 0.330994963646, 0.0880692377687, 0.0115849291906, 0.000295709207421, 2.68950243481e-05, 2.6671870728e-05],
        "median": [0.0137279443443, 0.165033370256, 0.437559068203, 0.695307552814, 1.06492102146, 2.00658154488, 2.83284306526, 3.13192105293, 3.06505203247, 2.20858168602, 4.5505490303, 11.0878190994, 13.2094392776, 14.5518779755, 9.45146942139, 10.2941865921, 16.9717617035, 14.0430994034, 16.7574920654, 12.7572221756, 7.75937080383, 6.51362752914, 7.20293426514, 9.64061546326, 8.40596961975, 3.96300435066, 2.00384378433, 1.20296537876, 1.02523767948, 1.01708745956, 1.35076272488, 1.18879747391, 1.05195605755, 0.444176405668, 0.0870368331671, 0.0179670285434, 0.00298315100372, 8.37663101265e-05, 1.75928726094e-05, 2.05257802008e-05],
        "min": [1.41906650908e-21, 3.97949484116e-21, 8.32569080321e-21, 2.41263930822e-20, 2.9896947207e-20, 3.75717971178e-20, 8.05389314797e-20, 2.29184037188e-19, 2.1516950381e-19, 3.87927157019e-19, 4.49371296142e-19, 1.43018287139e-18, 1.82857642225e-18, 2.72231819075e-18, 2.22265105634e-18, 1.89362569883e-18, 2.33450241877e-18, 5.29334008437e-18, 6.63668677583e-18, 4.92028907274e-18, 7.72289651567e-18, 6.96335942488e-18, 1.30996002758e-17, 9.91168838119e-18, 1.2307875933e-17, 1.73092638609e-17, 1.43537541497e-17, 1.56145527655e-17, 1.95391823193e-17, 1.21512567286e-17, 1.36624040384e-17, 1.30581965774e-17, 1.52428293788e-17, 1.01913606278e-17, 8.25377441536e-18, 4.55863288763e-18, 2.82154863818e-18, 1.28054041851e-18, 3.48431092227e-19, 3.20308308494e-20],
        "var": [0.0372059233487, 0.997916281223, 6.73416376114, 14.7116975784, 21.9528274536, 22.6462497711, 162.784042358, 543.470092773, 704.308227539, 910.560913086, 929.955444336, 10486.7783203, 46489.7226562, 57774.8359375, 81399.8203125, 2512.13549805, 4595.39794922, 7816.35400391, 5250.9453125, 5460.90673828, 1751.79040527, 1364.50744629, 473.608642578, 816.567871094, 441.828552246, 102.576118469, 46.8992080688, 25.2709770203, 24.5127372742, 28.9928779602, 36.3676643372, 28.60131073, 13.3353061676, 2.96639609337, 0.470108658075, 0.0355696901679, 0.000665938889142, 6.18393642071e-07, 1.11820142035e-09, 5.75303416017e-10]
    },
    "gfcc": {
        "mean": [-32.7177886963, 82.4173965454, -149.053039551, 25.4464035034, -69.4794616699, 27.7182617188, -45.7411384583, 13.7926979065, -27.0765991211, -6.52266597748, -9.5373878479, -8.92104816437, -1.85485565662],
        "cov": [[8076.6796875, -66.5547180176, 296.614959717, 860.802429199, 488.5, 661.083496094, 268.893035889, 586.729064941, -4.25872278214, 224.90246582, 141.335510254, 206.131942749, -124.062553406], [-66.5547180176, 1802.8215332, 688.588134766, 379.68270874, 441.230712891, -70.8932342529, 91.6968231201, -107.069152832, 90.1270828247, -143.089431763, 195.115646362, -92.6550598145, 128.528823853], [296.614959717, 688.588134766, 1204.21850586, 627.966064453, 252.690689087, 122.885566711, -38.6825828552, -16.120092392, -35.1842918396, 52.6048316956, -13.992348671, 57.5328788757, -48.1278686523], [860.802429199, 379.68270874, 627.966064453, 675.223388672, 252.865829468, 159.328018188, 37.3882751465, 20.0492706299, 17.2940292358, 44.8551483154, 3.53210377693, 73.5207901001, -18.1310119629], [488.5, 441.230712891, 252.690689087, 252.865829468, 350.823577881, 121.474281311, 92.8154220581, 53.111656189, 25.2885913849, 0.885955095291, 16.0441837311, 43.269153595, 5.73765993118], [661.083496094, -70.8932342529, 122.885566711, 159.328018188, 121.474281311, 329.964172363, 136.391738892, 74.2754821777, 14.7286148071, 40.994392395, -20.5282115936, 30.7255077362, -10.2613162994], [268.893035889, 91.6968231201, -38.6825828552, 37.3882751465, 92.8154220581, 136.391738892, 202.064224243, 57.8518066406, 28.2340373993, 13.2437524796, 11.2180604935, 4.7458562851, 14.4124059677], [586.729064941, -107.069152832, -16.120092392, 20.0492706299, 53.111656189, 74.2754821777, 57.8518066406, 170.784744263, 45.2046585083, 35.58253479, 21.7059364319, 1.73194539547, -15.4103870392], [-4.25872278214, 90.1270828247, -35.1842918396, 17.2940292358, 25.2885913849, 14.7286148071, 28.2340373993, 45.2046585083, 143.963684082, 23.6720943451, 29.7073764801, -4.2176566124, 8.70643997192], [224.90246582, -143.089431763, 52.6048316956, 44.8551483154, 0.885955095291, 40.994392395, 13.2437524796, 35.58253479, 23.6720943451, 145.135772705, -3.78095149994, 52.2897949219, -43.2883148193], [141.335510254, 195.115646362, -13.992348671, 3.53210377693, 16.0441837311, -20.5282115936, 11.2180604935, 21.7059364319, 29.7073764801, -3.78095149994, 194.275054932, -34.2637214661, 46.1216125488], [206.131942749, -92.6550598145, 57.5328788757, 73.5207901001, 43.269153595, 30.7255077362, 4.7458562851, 1.73194539547, -4.2176566124, 52.2897949219, -34.2637214661, 156.028564453, -6.74679422379], [-124.062553406, 128.528823853, -48.1278686523, -18.1310119629, 5.73765993118, -10.2613162994, 14.4124059677, -15.4103870392, 8.70643997192, -43.2883148193, 46.1216125488, -6.74679422379, 115.21472168]],
        "icov": [[0.000272724835668, -0.00031084404327, 0.000409711385146, -0.000491184531711, 0.00031160452636, -0.000510266225319, 0.000380052515538, -0.00112259283196, 0.000656592077576, -0.000216546177398, -7.62284107623e-05, -0.000360658421414, 0.000354045623681], [-0.00031084404327, 0.00315567734651, -0.00218763574958, 0.00108905206434, -0.00352546712384, 0.00257609901018, -0.00243675056845, 0.00392479402944, -0.00284949620254, 0.00181225617416, -0.00163503794465, 0.00196222611703, -0.00169707741588], [0.000409711385146, -0.00218763574958, 0.0034732632339, -0.00259619555436, 0.00193548807874, -0.00212513655424, 0.00259022298269, -0.00306158256717, 0.00282334443182, -0.0016924176598, 0.000958086864557, -0.00113749096636, 0.00160538242199], [-0.000491184531711, 0.00108905206434, -0.00259619555436, 0.00459475675598, -0.00232609617524, 0.000517994340044, -0.000932354305405, 0.00282284570858, -0.00218519358896, 0.000621452752966, -0.000429703533882, 0.000228858058108, -0.00086502940394], [0.00031160452636, -0.00352546712384, 0.00193548807874, -0.00232609617524, 0.00881598796695, -0.00306644290686, 0.00099075678736, -0.00514467572793, 0.00273342430592, -0.000610026763752, 0.00149285257794, -0.00324576999992, 0.00196322822012], [-0.000510266225319, 0.00257609901018, -0.00212513655424, 0.000517994340044, -0.00306644290686, 0.00751971406862, -0.00510904332623, 0.00280550005846, -0.00224446482025, 0.000830841658171, -0.000275664700894, 0.00176421995275, -0.00169723678846], [0.000380052515538, -0.00243675056845, 0.00259022298269, -0.000932354305405, 0.00099075678736, -0.00510904332623, 0.0102115115151, -0.00424455897883, 0.00200942228548, -0.00190015428234, 0.00101490842644, -0.00106667389628, 0.000378877331968], [-0.00112259283196, 0.00392479402944, -0.00306158256717, 0.00282284570858, -0.00514467572793, 0.00280550005846, -0.00424455897883, 0.0149302445352, -0.00637748045847, 0.00117366877384, -0.00217894464731, 0.00334552745335, -0.00139675114769], [0.000656592077576, -0.00284949620254, 0.00282334443182, -0.00218519358896, 0.00273342430592, -0.00224446482025, 0.00200942228548, -0.00637748045847, 0.0114008933306, -0.00327676068991, 0.000505031901412, -0.00132080330513, 0.000908714253455], [-0.000216546177398, 0.00181225617416, -0.0016924176598, 0.000621452752966, -0.000610026763752, 0.000830841658171, -0.00190015428234, 0.00117366877384, -0.00327676068991, 0.0112920757383, -0.00205790391192, -0.00245969509706, 0.00280505348928], [-7.62284107623e-05, -0.00163503794465, 0.000958086864557, -0.000429703533882, 0.00149285257794, -0.000275664700894, 0.00101490842644, -0.00217894464731, 0.000505031901412, -0.00205790391192, 0.00751549983397, 0.000870650925208, -0.00221170345321], [-0.000360658421414, 0.00196222611703, -0.00113749096636, 0.000228858058108, -0.00324576999992, 0.00176421995275, -0.00106667389628, 0.00334552745335, -0.00132080330513, -0.00245969509706, 0.000870650925208, 0.00977268535644, -0.00271740392782], [0.000354045623681, -0.00169707741588, 0.00160538242199, -0.00086502940394, 0.00196322822012, -0.00169723678846, 0.000378877331968, -0.00139675114769, 0.000908714253455, 0.00280505348928, -0.00221170345321, -0.00271740392782, 0.0127166872844]]
    },
    "melbands": {
        "dmean": [0.000371204456314, 0.000429042440373, 0.000238907872699, 0.000124917569337, 0.000104476581328, 0.000115302369522, 8.89376315172e-05, 5.57676394237e-05, 5.48176067241e-05, 0.000129695021315, 0.00018066308985, 0.000170297862496, 0.000159123228514, 3.53428185917e-05, 3.5050259612e-05, 4.08226442232e-05, 4.07958759752e-05, 3.06963011099e-05, 2.8321865102e-05, 2.29456036323e-05, 1.26529630506e-05, 1.06940378828e-05, 8.13871611172e-06, 6.49349112791e-06, 7.94338575361e-06, 6.29149599263e-06, 3.83302949558e-06, 1.94329686565e-06, 1.39370661145e-06, 1.01965804333e-06, 8.21652463401e-07, 8.05327601938e-07, 7.64250273733e-07, 7.76713989126e-07, 8.59175599999e-07, 8.53768938214e-07, 8.03945169991e-07, 7.80842412951e-07, 5.5459355508e-07, 3.55361919446e-07],
        "dmean2": [0.000591608986724, 0.000724419602193, 0.000409853062592, 0.000213155246456, 0.000163799209986, 0.000175800960278, 0.000140094591188, 8.82322783582e-05, 8.4671570221e-05, 0.000191769766388, 0.000268142350251, 0.000250536075328, 0.000240703273448, 5.65111076867e-05, 5.55989827262e-05, 6.45953550702e-05, 6.40693760943e-05, 4.90495585836e-05, 4.60568335257e-05, 3.70270063286e-05, 2.07081793633e-05, 1.74019478436e-05, 1.35361242428e-05, 1.05171047835e-05, 1.26465120047e-05, 9.99893018161e-06, 6.11903033132e-06, 3.09943834509e-06, 2.2433716822e-06, 1.65759036008e-06, 1.35972322823e-06, 1.3079237533e-06, 1.19649473618e-06, 1.21755942928e-06, 1.31821377636e-06, 1.3165023347e-06, 1.19387948416e-06, 1.16898627311e-06, 8.24802100396e-07, 5.40000996807e-07],
        "dvar": [1.58166926667e-06, 1.58985017151e-06, 3.98483877007e-07, 6.53570708664e-08, 4.40059473306e-08, 7.2496050052e-08, 7.68967893805e-08, 4.58192133124e-08, 2.43846649539e-08, 1.23071771441e-07, 2.82776653648e-07, 2.13855230413e-07, 2.77263779935e-07, 1.37201778827e-08, 6.73465105905e-09, 1.14385851901e-08, 1.11267475233e-08, 4.55710358338e-09, 4.03967304052e-09, 2.90768764621e-09, 1.45077871938e-09, 9.63704449575e-10, 2.22835846997e-10, 1.58579080423e-10, 3.03731623186e-10, 1.37573841208e-10, 5.41967720702e-11, 1.27036532335e-11, 7.22160178879e-12, 5.1877157084e-12, 4.43083807491e-12, 3.13794151253e-12, 3.32883048383e-12, 3.46458343785e-12, 3.97155659054e-12, 3.98552935446e-12, 3.62939496165e-12, 2.91198619037e-12, 1.24862143194e-12, 7.25972558978e-13],
        "dvar2": [3.1770307487e-06, 4.36831942352e-06, 1.12298471322e-06, 1.87197912282e-07, 9.7828547041e-08, 1.57217215246e-07, 1.83022621059e-07, 1.03211320379e-07, 5.70475755524e-08, 2.48897947586e-07, 6.31649129446e-07, 4.29481389119e-07, 6.20403113771e-07, 3.04438252385e-08, 1.55797330592e-08, 2.546479827e-08, 2.36774688744e-08, 1.11880966713e-08, 1.03590336309e-08, 7.40069383554e-09, 3.38818240131e-09, 1.97270955127e-09, 5.76890257786e-10, 3.94385413216e-10, 7.40162875434e-10, 3.36472905094e-10, 1.36018363239e-10, 3.07917129294e-11, 1.85317681339e-11, 1.33762749141e-11, 1.17636490826e-11, 7.96776360168e-12, 7.64118456009e-12, 8.02292520613e-12, 8.210106206e-12, 8.20078119995e-12, 6.80962621361e-12, 5.82683684289e-12, 2.49655374499e-12, 1.52652239807e-12],
        "max": [0.0205686502159, 0.0212975498289, 0.0106092449278, 0.00358653371222, 0.00521138077602, 0.00788283813745, 0.0059252330102, 0.00742745911703, 0.00489657092839, 0.00872086454183, 0.015548447147, 0.0108790677041, 0.0135145187378, 0.00377361895517, 0.00293242954649, 0.00310619245283, 0.00324654905125, 0.00154469604604, 0.00143125618342, 0.00101811706554, 0.00113538338337, 0.00157581863459, 0.000332873372827, 0.000254464976024, 0.000483382318635, 0.000278894178336, 0.000153369255713, 7.96155145508e-05, 6.6194916144e-05, 6.73190079397e-05, 8.77985512489e-05, 3.00865194731e-05, 3.62666687579e-05, 3.61772908946e-05, 7.25935242372e-05, 7.08479201421e-05, 6.49327339488e-05, 6.51494265185e-05, 3.82494399673e-05, 2.47881471296e-05],
        "mean": [0.00054988526972, 0.000680793775246, 0.000368055392755, 0.000213728504605, 0.00021471187938, 0.000239565357333, 0.000154667141032, 9.36719370657e-05, 0.000115515584184, 0.000271571538178, 0.000408747582696, 0.000387831794797, 0.000394717848394, 5.83127803111e-05, 6.1113438278e-05, 7.64649739722e-05, 7.59535541874e-05, 6.09895760135e-05, 5.33364291186e-05, 4.21255026595e-05, 2.31878784689e-05, 2.05211908906e-05, 1.59208466357e-05, 1.3431894331e-05, 1.57526210387e-05, 1.36319222293e-05, 8.57378381625e-06, 4.1956586756e-06, 3.02209991787e-06, 2.24940686167e-06, 1.78608297574e-06, 1.72138686594e-06, 1.70343412265e-06, 1.68957433289e-06, 1.89219747426e-06, 1.86386910173e-06, 1.75863601726e-06, 1.76149171693e-06, 1.28099372887e-06, 7.42816894217e-07],
        "median": [0.000175009845407, 0.000263794441707, 0.000137044829899, 0.00011811076547, 0.000102957346826, 7.25238278392e-05, 4.34383691754e-05, 2.27137752518e-05, 4.02476507588e-05, 6.5589643782e-05, 5.42795423826e-05, 5.52273122594e-05, 2.76344908343e-05, 2.32363745454e-05, 2.89282415906e-05, 3.10191571771e-05, 2.13053572224e-05, 2.29975375987e-05, 1.84609343705e-05, 1.30625785459e-05, 7.4769254752e-06, 6.21647768639e-06, 7.09482173988e-06, 5.58873853151e-06, 7.15189116818e-06, 6.16248371443e-06, 4.12784993387e-06, 1.91300227925e-06, 1.2213752143e-06, 8.0882898601e-07, 6.22673837825e-07, 5.6984413277e-07, 5.16965485531e-07, 5.47764500425e-07, 7.40848292935e-07, 7.21335709386e-07, 6.63149762659e-07, 7.45044246742e-07, 5.43403359643e-07, 2.73541559181e-07],
        "min": [1.3083536581e-23, 6.29556992957e-24, 4.79373535492e-24, 2.34706531079e-24, 2.43538893875e-24, 5.31732324253e-24, 3.50932070651e-24, 3.63354421098e-24, 4.2059416838e-24, 8.51064480864e-24, 8.33503411594e-24, 1.14149159062e-23, 8.20369903042e-24, 7.76252699145e-24, 3.69614900128e-24, 6.23110184981e-24, 1.00774314292e-23, 7.5174602515e-24, 6.07618140094e-24, 7.25635596934e-24, 8.13459797056e-24, 4.92403821595e-24, 1.60924690103e-23, 6.5617757752e-24, 7.92231550097e-24, 5.58169143668e-24, 9.06287584129e-24, 1.03205055065e-23, 7.47090562517e-24, 9.4610896708e-24, 7.14063480771e-24, 1.16253319309e-23, 7.54897682238e-24, 6.59354202057e-24, 6.99592458553e-24, 8.06167487962e-24, 7.58026935677e-24, 1.10489507105e-23, 7.80743526506e-24, 8.89022968787e-24],
        "var": [2.17818774217e-06, 1.70070700278e-06, 4.72053329759e-07, 8.89978082341e-08, 1.40305829177e-07, 2.48165036965e-07, 1.50614880567e-07, 1.0951799112e-07, 7.76585693529e-08, 4.31327208616e-07, 1.21206278436e-06, 9.98469886326e-07, 1.65970311627e-06, 2.24268692506e-08, 1.31564155126e-08, 3.06510408166e-08, 3.28227649504e-08, 1.40403324522e-08, 9.91481297064e-09, 6.61987753503e-09, 3.17863646515e-09, 2.40661046647e-09, 5.37249411625e-10, 4.09787620503e-10, 6.73514188865e-10, 3.8253220036e-10, 1.56606741464e-10, 3.5744268656e-11, 2.15677996296e-11, 1.27834583197e-11, 8.40139416369e-12, 7.77328722223e-12, 9.3191010464e-12, 9.59154890928e-12, 1.27837783762e-11, 1.27083656098e-11, 1.10578412746e-11, 8.43990329014e-12, 4.03930404749e-12, 1.84809416034e-12]
    },
    "mfcc": {
        "mean": [-661.453552246, 103.391349792, -16.0881690979, -2.169465065, 4.77118206024, -2.21313476562, 3.2505273819, 4.48478364944, -4.47522926331, 5.44985294342, -5.99340581894, -7.71594047546, -5.78628349304],
        "cov": [[7277.94628906, -520.617919922, 63.9100227356, 409.429595947, 423.665130615, 272.57800293, 486.617095947, 467.253509521, 187.640457153, 278.019683838, 199.581558228, 209.276565552, 233.368484497], [-520.617919922, 1424.1895752, 342.143798828, 371.561309814, 317.655273438, 64.2458572388, 106.015678406, 5.89121294022, -7.86049795151, -12.5428819656, -25.9715270996, -3.87387800217, 41.8783226013], [63.9100227356, 342.143798828, 952.63079834, 452.145874023, 320.450622559, 198.454101562, 87.0405502319, 2.62620377541, 9.6756029129, -17.5718860626, 12.0059080124, 44.056427002, 70.0541381836], [409.429595947, 371.561309814, 452.145874023, 574.132324219, 283.531158447, 168.096359253, 59.0362968445, 46.7944145203, 41.0522003174, -52.878868103, 8.80904865265, 75.4215698242, 90.6926193237], [423.665130615, 317.655273438, 320.450622559, 283.531158447, 352.519683838, 91.7860336304, 91.6288146973, 67.7960205078, 21.6537857056, 19.3585586548, 6.84210634232, 31.4313373566, 54.292930603], [272.57800293, 64.2458572388, 198.454101562, 168.096359253, 91.7860336304, 325.859893799, 69.5026321411, 87.6006546021, 101.128242493, -29.015007019, 32.4014968872, 38.5443649292, 60.0764007568], [486.617095947, 106.015678406, 87.0405502319, 59.0362968445, 91.6288146973, 69.5026321411, 230.62953186, 64.4060440063, 16.4809761047, 58.4618263245, 14.1705188751, -1.93230116367, 20.194940567], [467.253509521, 5.89121294022, 2.62620377541, 46.7944145203, 67.7960205078, 87.6006546021, 64.4060440063, 160.837966919, 71.3645019531, 30.592628479, 19.1290645599, 14.2614622116, 22.0683288574], [187.640457153, -7.86049795151, 9.6756029129, 41.0522003174, 21.6537857056, 101.128242493, 16.4809761047, 71.3645019531, 155.867721558, 16.1682415009, 18.5185031891, 11.8998641968, 18.9259185791], [278.019683838, -12.5428819656, -17.5718860626, -52.878868103, 19.3585586548, -29.015007019, 58.4618263245, 30.592628479, 16.1682415009, 153.419769287, 54.0329666138, 0.0286068301648, -25.1556949615], [199.581558228, -25.9715270996, 12.0059080124, 8.80904865265, 6.84210634232, 32.4014968872, 14.1705188751, 19.1290645599, 18.5185031891, 54.0329666138, 114.040046692, 48.2276649475, 10.2257556915], [209.276565552, -3.87387800217, 44.056427002, 75.4215698242, 31.4313373566, 38.5443649292, -1.93230116367, 14.2614622116, 11.8998641968, 0.0286068301648, 48.2276649475, 120.723899841, 47.2028503418], [233.368484497, 41.8783226013, 70.0541381836, 90.6926193237, 54.292930603, 60.0764007568, 20.194940567, 22.0683288574, 18.9259185791, -25.1556949615, 10.2257556915, 47.2028503418, 109.581695557]],
