{
"lowlevel": {
    "average_loudness": 0.431881010532,
    "barkbands_crest": {
        "dmean": 2.26898932457,
        "dmean2": 3.72526979446,
        "dvar": 4.61735916138,
        "dvar2": 11.7266979218,
        "max": 26.42852211,
        "mean": 11.5930376053,
        "median": 10.8670625687,
        "min": 2.73054432869,
        "var": 22.3748512268
    },
    "barkbands_flatness_db": {
        "dmean": 0.0196009520441,
        "dmean2": 0.0305470451713,
        "dvar": 0.000378579861717,
        "dvar2": 0.000876711972523,
        "max": 0.470501065254,
        "mean": 0.204213052988,
        "median": 0.19457949698,
        "min": 0.0442379303277,
        "var": 0.00419414089993
    },
    "barkbands_kurtosis": {
        "dmean": 6.7400431633,
        "dmean2": 10.7790603638,
        "dvar": 264.549438477,
        "dvar2": 717.993774414,
        "max": 492.060791016,
        "mean": 15.3198060989,
        "median": 4.92652702332,
        "min": -1.94881570339,
        "var": 811.791442871
    },
    "barkbands_skewness": {
        "dmean": 0.619433879852,
        "dmean2": 0.945661365986,
        "dvar": 0.610680878162,
        "dvar2": 1.42820322514,
        "max": 17.0354995728,
        "mean": 2.33855032921,
        "median": 1.83850300312,
        "min": -2.22504234314,
        "var": 4.21402168274
    },
    "barkbands_spread": {
        "dmean": 3.60176753998,
        "dmean2": 5.28163051605,
        "dvar": 46.9622879028,
        "dvar2": 82.8455352783,
        "max": 102.526046753,
        "mean": 13.2064971924,
        "median": 9.92732906342,
        "min": 0.224761009216,
        "var": 184.405426025
    },
    "dissonance": {
        "dmean": 0.0281646382064,
        "dmean2": 0.0475681461394,
        "dvar": 0.000765352509916,
        "dvar2": 0.0020944387652,
        "max": 0.500000178814,
        "mean": 0.429466962814,
        "median": 0.438020646572,
        "min": 0.163624078035,
        "var": 0.00249763135798
    },
    "dynamic_complexity": 5.52248001099,
    "erbbands_crest": {
        "dmean": 2.69594192505,
        "dmean2": 4.34933757782,
        "dvar": 6.54355764389,
        "dvar2": 16.4453639984,
        "max": 31.2264175415,
        "mean": 12.1709032059,
        "median": 11.1313476562,
        "min": 2.84458255768,
        "var": 26.2492313385
    },
    "erbbands_flatness_db": {
        "dmean": 0.016604134813,
        "dmean2": 0.0251432303339,
        "dvar": 0.000275411875919,
        "dvar2": 0.000596734927967,
        "max": 0.380392730236,
        "mean": 0.203391894698,
        "median": 0.202470749617,
        "min": 0.0756177902222,
        "var": 0.00206333049573
    },
    "erbbands_kurtosis": {
        "dmean": 2.01235318184,
        "dmean2": 3.22851610184,
        "dvar": 13.4452323914,
        "dvar2": 33.0602149963,
        "max": 110.797515869,
        "mean": 3.51691555977,
        "median": 1.80191540718,
        "min": -1.94497418404,
        "var": 40.4867630005
    },
    "erbbands_skewness": {
        "dmean": 0.445171415806,
        "dmean2": 0.674962937832,
        "dvar": 0.23854842782,
        "dvar2": 0.507986485958,
        "max": 9.15792560577,
        "mean": 1.08707511425,
        "median": 0.938416302204,
        "min": -5.13462162018,
        "var": 1.44326746464
    },
    "erbbands_spread": {
        "dmean": 7.44699716568,
        "dmean2": 11.3524494171,
        "dvar": 155.43989563,
        "dvar2": 319.543182373,
        "max": 174.852493286,
        "mean": 30.7463607788,
        "median": 22.5078582764,
        "min": 2.4175965786,
        "var": 600.97088623
    },
    "hfc": {
        "dmean": 3.12078166008,
        "dmean2": 4.60966587067,
        "dvar": 28.9852733612,
        "dvar2": 64.0298156738,
        "max": 106.098838806,
        "mean": 13.5124530792,
        "median": 6.2368812561,
        "min": 1.10534557069e-16,
        "var": 282.357177734
    },
    "melbands_crest": {
        "dmean": 2.78852701187,
        "dmean2": 4.58902931213,
        "dvar": 6.96465778351,
        "dvar2": 17.9426651001,
        "max": 34.4337310791,
        "mean": 15.6961269379,
        "median": 14.6839256287,
        "min": 1.7614300251,
        "var": 41.5380439758
    },
    "melbands_flatness_db": {
        "dmean": 0.0216178502887,
        "dmean2": 0.0324652418494,
        "dvar": 0.000511647202075,
        "dvar2": 0.00107518362347,
        "max": 0.567249417305,
        "mean": 0.253059267998,
        "median": 0.244265735149,
        "min": 0.00393435172737,
        "var": 0.008520280011
    },
    "melbands_kurtosis": {
        "dmean": 11.6959228516,
        "dmean2": 18.3655452728,
        "dvar": 601.725219727,
        "dvar2": 1507.68103027,
        "max": 747.330932617,
        "mean": 28.5579032898,
        "median": 9.89755821228,
        "min": -1.78909862041,
        "var": 2085.32348633
    },
    "melbands_skewness": {
        "dmean": 0.744054377079,
        "dmean2": 1.14328336716,
        "dvar": 0.886924803257,
        "dvar2": 2.0164308548,
        "max": 19.3773803711,
        "mean": 3.07630705833,
        "median": 2.42272663116,
        "min": -1.14332270622,
        "var": 6.57933998108
    },
    "melbands_spread": {
        "dmean": 4.37324953079,
        "dmean2": 6.50658273697,
        "dvar": 104.131782532,
        "dvar2": 203.649520874,
        "max": 243.074981689,
        "mean": 15.7695512772,
        "median": 11.8879966736,
        "min": 0.324634194374,
        "var": 347.995910645
    },
    "pitch_salience": {
        "dmean": 0.0594820678234,
        "dmean2": 0.0977333262563,
        "dvar": 0.00310575217009,
        "dvar2": 0.00797305442393,
        "max": 0.998440265656,
        "mean": 0.518878817558,
        "median": 0.518820524216,
        "min": 0.0800741761923,
        "var": 0.0164924617857
    },
    "silence_rate_20dB": {
        "dmean": 0,
        "dmean2": 0,
        "dvar": 0,
        "dvar2": 0,
        "max": 1,
        "mean": 1,
        "median": 1,
        "min": 1,
        "var": 0
    },
    "silence_rate_30dB": {
        "dmean": 0.000239205837715,
        "dmean2": 0.000478468893562,
        "dvar": 0.000239130080445,
        "dvar2": 0.000478243076941,
        "max": 1,
        "mean": 0.999760806561,
        "median": 1,
        "min": 0,
        "var": 0.000239101485931
    },
    "silence_rate_60dB": {
        "dmean": 0.033967230469,
        "dmean2": 0.0679425820708,
        "dvar": 0.032817453146,
        "dvar2": 0.0743336006999,
        "max": 1,
        "mean": 0.210475966334,
        "median": 0,
        "min": 0,
        "var": 0.166181862354
    },
    "spectral_centroid": {
        "dmean": 143.537750244,
        "dmean2": 210.298629761,
        "dvar": 63791.5078125,
        "dvar2": 119653.492188,
        "max": 11113.5771484,
        "mean": 911.921813965,
        "median": 730.697692871,
        "min": 125.361503601,
        "var": 473152.875
    },
    "spectral_complexity": {
        "dmean": 1.57134318352,
        "dmean2": 2.53444981575,
        "dvar": 3.50379562378,
        "dvar2": 8.14299201965,
        "max": 46,
        "mean": 10.5297775269,
        "median": 8,
        "min": 0,
        "var": 67.2403106689
    },
    "spectral_decrease": {
        "dmean": 1.07388442583e-09,
        "dmean2": 1.67833658082e-09,
        "dvar": 2.72705421334e-18,
        "dvar2": 6.34985321303e-18,
        "max": 1.38539904805e-29,
        "mean": -4.20152401759e-09,
        "median": -2.64507749037e-09,
        "min": -3.03678397984e-08,
        "var": 1.86976269621e-17
    },
    "spectral_energy": {
        "dmean": 0.00426982622594,
        "dmean2": 0.00666502397507,
        "dvar": 4.31070984632e-05,
        "dvar2": 0.000100133554952,
        "max": 0.122778587043,
        "mean": 0.0170831158757,
        "median": 0.0106836631894,
        "min": 1.05945381713e-20,
        "var": 0.000311006355332
    },
    "spectral_energyband_high": {
        "dmean": 0.000121203927847,
        "dmean2": 0.000171100589796,
        "dvar": 1.15395842215e-07,
        "dvar2": 2.11596898225e-07,
        "max": 0.01103910245,
        "mean": 0.000347025721567,
        "median": 0.000107313957415,
        "min": 7.55347973509e-21,
        "var": 4.53705496284e-07
    },
    "spectral_energyband_low": {
        "dmean": 0.000941294420045,
        "dmean2": 0.00145911669824,
        "dvar": 6.49452977086e-06,
        "dvar2": 1.471968244e-05,
        "max": 0.10264018923,
        "mean": 0.00231007765979,
        "median": 0.000919618527405,
        "min": 5.07977702913e-23,
        "var": 1.74659453478e-05
    },
    "spectral_energyband_middle_high": {
        "dmean": 0.00147164415102,
        "dmean2": 0.00221338239498,
        "dvar": 1.15772772915e-05,
        "dvar2": 2.69277807092e-05,
        "max": 0.0713349953294,
        "mean": 0.00492558162659,
        "median": 0.00091320485808,
        "min": 1.66485496841e-21,
        "var": 7.99171393737e-05
    },
    "spectral_energyband_middle_low": {
        "dmean": 0.00328517239541,
        "dmean2": 0.00524223456159,
        "dvar": 2.79061205219e-05,
        "dvar2": 6.87073115841e-05,
        "max": 0.0932987034321,
        "mean": 0.0101728662848,
        "median": 0.00666281953454,
        "min": 2.72947968421e-22,
        "var": 0.000120380536828
    },
    "spectral_entropy": {
        "dmean": 0.187189072371,
        "dmean2": 0.279207736254,
        "dvar": 0.0473448522389,
        "dvar2": 0.0941414386034,
        "max": 9.81461429596,
        "mean": 6.94503688812,
        "median": 6.96210813522,
        "min": 4.16583871841,
        "var": 0.523461461067
    },
    "spectral_flux": {
        "dmean": 0.0149760022759,
        "dmean2": 0.0243914108723,
        "dvar": 0.000309247465339,
        "dvar2": 0.000802378868684,
        "max": 0.254597395658,
        "mean": 0.0549404919147,
        "median": 0.0457440540195,
        "min": 6.68351762823e-11,
        "var": 0.00167501636315
    },
    "spectral_kurtosis": {
        "dmean": 2.21845054626,
        "dmean2": 3.57493710518,
        "dvar": 10.7040758133,
        "dvar2": 26.8821849823,
        "max": 71.9389419556,
        "mean": 7.47960996628,
        "median": 5.82077455521,
        "min": -1.37859892845,
        "var": 48.2207374573
    },
    "spectral_rms": {
        "dmean": 0.000468610174721,
        "dmean2": 0.000724187819287,
        "dvar": 3.09445852054e-07,
        "dvar2": 6.79736047005e-07,
        "max": 0.0109445871785,
        "mean": 0.00354600558057,
        "median": 0.00322848046198,
        "min": 3.21498600311e-12,
        "var": 4.09228823628e-06
    },
    "spectral_rolloff": {
        "dmean": 308.251403809,
        "dmean2": 517.05267334,
        "dvar": 882562.3125,
        "dvar2": 1713506.5,
        "max": 18776.953125,
        "mean": 1194.85681152,
        "median": 732.12890625,
        "min": 86.1328125,
        "var": 2376565.25
    },
    "spectral_skewness": {
        "dmean": 0.262785792351,
        "dmean2": 0.397712886333,
        "dvar": 0.0888379812241,
        "dvar2": 0.186308413744,
        "max": 7.0737953186,
        "mean": 2.15343999863,
        "median": 2.0649971962,
        "min": -0.467081964016,
        "var": 0.719829261303
    },
    "spectral_spread": {
        "dmean": 536436.125,
        "dmean2": 781179.9375,
        "dvar": 703727665152,
        "dvar2": 1.17644289638e+12,
        "max": 41751080,
        "mean": 4648163,
        "median": 4173732.5,
        "min": 1145614.375,
        "var": 3.85842046566e+12
    },
    "spectral_strongpeak": {
        "dmean": 0.447922259569,
        "dmean2": 0.744325757027,
        "dvar": 0.536978721619,
        "dvar2": 1.38078093529,
        "max": 10.2903881073,
        "mean": 1.0915607214,
        "median": 0.587365269661,
        "min": 0,
        "var": 1.67113113403
    },
    "zerocrossingrate": {
        "dmean": 0.00804131105542,
        "dmean2": 0.00903524737805,
        "dvar": 0.000208730096347,
        "dvar2": 0.000200782742468,
        "max": 0.5986328125,
        "mean": 0.0505351833999,
        "median": 0.04248046875,
        "min": 0.00439453125,
        "var": 0.00168812973425
    },
    "barkbands": {
        "dmean": [5.84923145652e-06, 0.000160354087711, 0.000672969268635, 0.000501143571455, 0.00161725166254, 0.000762698298786, 0.000514930696227, 0.000696290924679, 0.000859018706251, 0.000785162323155, 0.00032454173197, 0.000606371380854, 0.000192757928744, 0.000255977502093, 0.000212391518289, 0.00014662835747, 0.000102019585029, 8.20929781185e-05, 3.23306267092e-05, 4.56548950751e-05, 2.52030222327e-05, 1.90907903743e-05, 2.75320962828e-05, 3.29731228703e-05, 2.12234390347e-05, 4.88476007376e-06, 7.5126216359e-09],
        "dmean2": [1.02120638985e-05, 0.000262340618065, 0.00102146656718, 0.000823192473035, 0.00273438659497, 0.0011797377374, 0.000806804804597, 0.00109963561408, 0.00135802617297, 0.00124837853946, 0.000512441678438, 0.000962201971561, 0.000311114359647, 0.000395978277083, 0.000345340085914, 0.00023329895339, 0.000156979091116, 0.000128253857838, 5.22945447301e-05, 6.94188493071e-05, 4.07076040574e-05, 2.87800976366e-05, 3.94374001189e-05, 4.76085006085e-05, 3.09404094878e-05, 7.53541189624e-06, 1.41792648733e-08],
        "dvar": [3.14785197908e-10, 8.98231064639e-07, 3.67698976333e-06, 1.39302846947e-06, 9.47564149101e-06, 3.19845526064e-06, 2.13653788705e-06, 4.32783781434e-06, 5.87909426031e-06, 5.80749428991e-06, 1.86586237305e-06, 3.74625642507e-06, 6.93294850862e-07, 8.56226449741e-07, 4.5814468308e-07, 4.39751175918e-07, 1.4945423743e-07, 6.25144238597e-08, 7.91981324966e-09, 1.23332446478e-08, 5.07773956215e-09, 5.9419669185e-09, 9.03478003522e-09, 1.55507109412e-08, 5.4142899053e-09, 4.65894101076e-10, 2.10808662058e-14],
        "dvar2": [7.56026574678e-10, 2.53538632933e-06, 8.06395200925e-06, 3.52109077539e-06, 2.57229803537e-05, 7.67457640904e-06, 5.10127620146e-06, 1.08090407593e-05, 1.4384602764e-05, 1.47715973071e-05, 4.37676681031e-06, 9.90775970422e-06, 1.87618320524e-06, 2.068934009e-06, 1.25060171285e-06, 1.10985672563e-06, 3.62153855349e-07, 1.48861303728e-07, 2.06355696974e-08, 2.72673137403e-08, 1.29151436212e-08, 1.40128104675e-08, 1.59739261818e-08, 3.25872591134e-08, 1.06216742068e-08, 1.10596065639e-09, 6.18257411955e-14],
        "max": [0.000885905697942, 0.0498522594571, 0.0587467327714, 0.0328943990171, 0.0623430237174, 0.0431643910706, 0.0312068294734, 0.0499246791005, 0.0567936263978, 0.0530762784183, 0.0420640595257, 0.049562714994, 0.0274899955839, 0.0298235230148, 0.0179291572422, 0.0262010153383, 0.0105576151982, 0.00824505928904, 0.00260072341189, 0.00297559658065, 0.00204059341922, 0.00405079033226, 0.0039029638283, 0.00457495776936, 0.0024288627319, 0.000755743007176, 7.3198998507e-06],
        "mean": [6.12766552877e-06, 0.000286692666123, 0.00151441502385, 0.00100789160933, 0.00315459165722, 0.00163445470389, 0.000971060653683, 0.00129267165903, 0.00167190819047, 0.00149136141408, 0.000551837787498, 0.00117397413123, 0.000335989316227, 0.000437715265434, 0.000419182149926, 0.000273638725048, 0.000218252374907, 0.000185403900105, 7.10558088031e-05, 0.00010862939962, 5.4481690313e-05, 3.88841144741e-05, 5.71353011765e-05, 6.99568845448e-05, 4.75090309919e-05, 8.30172211863e-06, 4.65962113338e-09],
        "median": [1.71145154582e-06, 5.98239857936e-05, 0.000336222758051, 0.000451522297226, 0.00162047566846, 0.000436595524661, 0.0001407435484, 7.36194124329e-05, 0.000145011857967, 8.62421220518e-05, 1.82906551345e-05, 6.79412769387e-05, 2.32875063375e-05, 2.45574810833e-05, 4.74943008157e-05, 2.30868390645e-05, 1.89689380932e-05, 1.96875589609e-05, 1.45097656059e-05, 1.91966992134e-05, 8.96337223821e-06, 6.43181101623e-06, 1.20333252198e-05, 1.89318543562e-05, 1.60932067956e-05, 2.56628345596e-06, 3.23325782814e-10],
        "min": [5.38287995034e-24, 2.48751430357e-23, 6.47544283774e-24, 2.4365552696e-24, 1.95590393722e-23, 1.44434278631e-23, 5.61573354576e-23, 2.68448166978e-23, 6.84051204523e-23, 6.99056664226e-23, 5.20347389005e-23, 8.46321281122e-23, 6.49894915722e-23, 9.35293999614e-23, 1.02930009244e-22, 8.13254062132e-23, 1.52273189446e-22, 1.53474138666e-22, 2.15706782256e-22, 2.47998784478e-22, 3.73303394417e-22, 4.70758917238e-22, 5.25193096489e-22, 7.96574223069e-22, 1.03097148044e-21, 1.64445939254e-21, 1.85849166922e-21],
        "var": [6.62524979322e-10, 1.11268457204e-06, 1.14090116767e-05, 3.33255275109e-06, 1.83144511539e-05, 9.06633522391e-06, 4.8808478823e-06, 1.05134840851e-05, 1.55121160788e-05, 1.51133808686e-05, 4.64159302282e-06, 1.05329672806e-05, 1.50487096562e-06, 1.97188774109e-06, 1.3443844864e-06, 9.35492039389e-07, 4.56720044895e-07, 2.21071388751e-07, 2.3651033132e-08, 4.31721858263e-08, 1.5159546507e-08, 1.35345548102e-08, 2.91536625951e-08, 3.73380757424e-08, 1.56512136584e-08, 7.46480488534e-10, 1.12999268891e-14]
    },
    "erbbands": {
        "dmean": [0.00197809375823, 0.0556332729757, 0.627132594585, 1.15542340279, 4.78143072128, 5.16439390182, 4.67682504654, 6.55680847168, 7.48736619949, 7.4456577301, 17.1766147614, 15.8648786545, 25.6138782501, 21.5389766693, 16.959318161, 21.2592601776, 8.59877967834, 11.5717306137, 12.1450099945, 6.98701715469, 7.78037118912, 4.95795917511, 4.07588148117, 2.76914596558, 1.21773278713, 2.3572602272, 1.47771835327, 0.648360192776, 0.657613754272, 0.772803246975, 0.838653564453, 0.676169216633, 0.584605515003, 0.315739005804, 0.114056974649, 0.033796094358, 0.00694073131308, 0.000303373235511, 9.21615628613e-06, 5.24904544363e-06],
        "dmean2": [0.00321387359872, 0.0888164117932, 0.945167541504, 1.87687015533, 8.01666641235, 8.80504894257, 7.15626239777, 10.1097507477, 11.6142187119, 11.7073078156, 26.7733879089, 25.0041656494, 39.9542236328, 34.0012512207, 26.2850379944, 33.6283111572, 13.7359018326, 18.2652873993, 19.6618690491, 10.9010095596, 12.3175115585, 7.46985912323, 6.25705194473, 4.4298915863, 1.92687499523, 3.62379336357, 2.37619972229, 1.0218385458, 0.990257382393, 1.1395368576, 1.21529698372, 0.974439799786, 0.854799866676, 0.471488982439, 0.166068479419, 0.0508498102427, 0.010999889113, 0.000524686067365, 1.46557522385e-05, 8.1626658357e-06],
        "dvar": [0.000306120928144, 0.0784689933062, 3.79248309135, 5.13318490982, 117.747024536, 96.6210861206, 113.700698853, 300.649719238, 399.531799316, 583.564758301, 2635.86157227, 2262.66748047, 5635.75, 5429.74316406, 3859.44018555, 4894.33251953, 1454.17138672, 1765.84960938, 1646.74511719, 514.447937012, 1410.11047363, 369.472442627, 162.922576904, 63.3938674927, 9.03037166595, 35.7358474731, 16.1822834015, 4.2264790535, 7.21390104294, 9.286693573, 8.49242019653, 6.40551805496, 4.84342002869, 1.30319666862, 0.131388053298, 0.0163125246763, 0.0013574390905, 1.01422465377e-05, 3.49892315121e-09, 6.57185972308e-11],
        "dvar2": [0.000822849862743, 0.211129769683, 8.36147689819, 13.0822658539, 292.562927246, 269.615722656, 283.310577393, 724.050842285, 934.313232422, 1433.34680176, 6466.38818359, 5709.43994141, 13915.2626953, 14141.6894531, 9320.14257812, 12884.3710938, 3963.26269531, 4436.78320312, 4412.36425781, 1236.79125977, 3490.75585938, 889.291137695, 386.043457031, 158.163497925, 23.9222621918, 81.8975296021, 41.0718574524, 9.99555778503, 17.595708847, 19.6554508209, 15.7098236084, 13.8184614182, 10.4625663757, 2.73234534264, 0.24394467473, 0.0364546254277, 0.00328016909771, 2.69086995104e-05, 9.08900066321e-09, 1.54489504522e-10],
        "max": [0.726806759834, 15.3104200363, 69.3023681641, 45.9619445801, 229.015960693, 237.272476196, 256.167114258, 380.225128174, 418.097229004, 763.316101074, 1173.30053711, 1111.26696777, 1664.16601562, 2077.0690918, 1566.20544434, 1932.46081543, 1304.42504883, 1207.76184082, 1067.49780273, 706.460327148, 1616.32092285, 749.558898926, 440.357696533, 319.478057861, 100.471160889, 183.535873413, 79.3274841309, 65.5833511353, 145.694412231, 134.187576294, 120.514770508, 118.802612305, 82.841217041, 39.1922569275, 12.5394706726, 4.16955137253, 1.16040551662, 0.118629038334, 0.0023152360227, 0.000162087570061],
        "mean": [0.0032736423891, 0.108146131039, 1.38098871708, 2.89966368675, 7.80083990097, 10.4693613052, 11.0564908981, 13.0902175903, 14.7301979065, 14.2277317047, 32.7543411255, 31.926815033, 50.0908470154, 45.044303894, 34.5243606567, 41.5724563599, 16.9530200958, 22.6260147095, 24.0606307983, 15.5356292725, 15.7437944412, 11.8599758148, 10.1670846939, 6.80185651779, 3.26258063316, 5.54509496689, 3.36200165749, 1.54232251644, 1.3576785326, 1.51635444164, 1.70957612991, 1.37832438946, 1.19377911091, 0.676891446114, 0.254306942225, 0.0664658397436, 0.0101561453193, 0.000333337084157, 2.20931506192e-05, 2.18228960875e-05],
        "median": [0.00103104789741, 0.0243395548314, 0.300435036421, 1.46291351318, 3.12603831291, 4.73899507523, 3.68143081665, 2.25870013237, 3.19168424606, 1.72254228592, 2.93616056442, 3.63291549683, 3.70034885406, 3.69437217712, 2.54995107651, 2.76810503006, 1.61983704567, 1.65781974792, 2.7810959816, 2.18616533279, 1.42604517937, 1.01595163345, 1.10850405693, 1.07124376297, 0.753071188927, 0.939855217934, 0.605864882469, 0.270213544369, 0.232055947185, 0.279082775116, 0.353994965553, 0.340916633606, 0.329687565565, 0.204003214836, 0.0897930040956, 0.0233382433653, 0.00258505577222, 6.80574739818e-05, 1.10823220894e-05, 1.40334532261e-05],
        "min": [5.33243617664e-22, 5.78962411147e-21, 1.08370911145e-20, 2.95501872781e-20, 6.56508566012e-20, 4.87561481854e-20, 4.87254035622e-20, 1.47012096083e-19, 5.7223305291e-19, 8.60655836461e-19, 8.03396533304e-19, 1.67641840973e-18, 1.34118320057e-18, 2.09478196173e-18, 1.79732264358e-18, 3.4724698835e-18, 2.70554462229e-18, 3.56206264283e-18, 8.43022031182e-18, 5.88164665245e-18, 5.71318015377e-18, 6.94675377409e-18, 1.03700936787e-17, 9.80383478267e-18, 1.38790749008e-17, 9.56473078198e-18, 1.14903030232e-17, 1.77957304335e-17, 1.56226822966e-17, 1.61523806367e-17, 1.61976389968e-17, 1.83429980899e-17, 1.31255456229e-17, 9.93542846477e-18, 8.21506898013e-18, 6.5950721464e-18, 2.69129147315e-18, 1.10375734255e-18, 2.75250164941e-19, 2.75524911689e-20],
        "var": [0.000546381634194, 0.103914216161, 10.5878477097, 15.1632127762, 188.235107422, 216.976501465, 342.461425781, 750.250793457, 963.597351074, 1416.55114746, 6843.87109375, 5275.12548828, 15211.8134766, 14674.9316406, 9824.10058594, 13061.9970703, 3307.76367188, 4603.53759766, 4450.93457031, 1695.70397949, 3200.27832031, 1258.42980957, 684.651489258, 235.121276855, 35.7975463867, 120.034301758, 49.7668113708, 13.5042619705, 15.5886745453, 22.4087333679, 26.5630054474, 16.8015327454, 10.3126802444, 3.33508849144, 0.42553922534, 0.0363053195179, 0.00165233795997, 7.458507298e-06, 3.47212258944e-09, 4.91529927871e-10]
    },
    "gfcc": {
        "mean": [-84.3869400024, 98.746673584, -113.777320862, 20.1835422516, -74.3369979858, 15.8280467987, -54.6705055237, 5.7644944191, -35.3922843933, -10.1003246307, -19.8085327148, -13.9167718887, -5.57324790955],
        "cov": [[11163.6767578, -1800.7689209, -2120.47924805, -889.059387207, -907.372375488, 94.0871276855, -295.701507568, 672.739501953, -452.18560791, 380.854705811, 10.5992479324, 94.0586853027, -306.507965088], [-1800.7689209, 2123.65722656, 1219.40344238, 237.668151855, 430.598846436, -185.824737549, 115.546974182, -279.221160889, -18.2930717468, -247.187316895, 177.927780151, -247.104614258, 76.9244766235], [-2120.47924805, 1219.40344238, 2132.03759766, 720.113952637, 263.399841309, -72.9364395142, -184.366607666, -298.330749512, -47.9728469849, -140.698699951, -12.985162735, -84.0780944824, 6.0852432251], [-889.059387207, 237.668151855, 720.113952637, 762.97479248, 218.614028931, -50.3789291382, -103.035514832, -111.730773926, 89.3709793091, -86.4195480347, -70.973739624, -39.7580680847, 63.3924102783], [-907.372375488, 430.598846436, 263.399841309, 218.614028931, 359.358612061, -5.95740747452, 43.332157135, -34.9528770447, 31.7082214355, -57.9219017029, -11.3972234726, -47.6300354004, 48.2857971191], [94.0871276855, -185.824737549, -72.9364395142, -50.3789291382, -5.95740747452, 346.538330078, 173.290008545, -25.6487483978, -16.6270141602, 34.6377067566, -10.0622701645, 3.9559006691, -42.6824989319], [-295.701507568, 115.546974182, -184.366607666, -103.035514832, 43.332157135, 173.290008545, 346.733703613, -12.9835309982, -9.28535270691, -11.6377477646, 45.2222137451, -33.3750267029, -24.0809669495], [672.739501953, -279.221160889, -298.330749512, -111.730773926, -34.9528770447, -25.6487483978, -12.9835309982, 274.58883667, 23.8972015381, 57.1385726929, -4.41510057449, 32.0877838135, -7.24241399765], [-452.18560791, -18.2930717468, -47.9728469849, 89.3709793091, 31.7082214355, -16.6270141602, -9.28535270691, 23.8972015381, 188.05015564, -2.50433826447, -21.2459487915, 4.64532613754, 32.6802825928], [380.854705811, -247.187316895, -140.698699951, -86.4195480347, -57.9219017029, 34.6377067566, -11.6377477646, 57.1385726929, -2.50433826447, 137.625595093, 16.4791316986, 36.8392906189, -26.5886802673], [10.5992479324, 177.927780151, -12.985162735, -70.973739624, -11.3972234726, -10.0622701645, 45.2222137451, -4.41510057449, -21.2459487915, 16.4791316986, 122.096427917, -13.7182369232, -6.36827421188], [94.0586853027, -247.104614258, -84.0780944824, -39.7580680847, -47.6300354004, 3.9559006691, -33.3750267029, 32.0877838135, 4.64532613754, 36.8392906189, -13.7182369232, 119.80884552, 6.43633699417], [-306.507965088, 76.9244766235, 6.0852432251, 63.3924102783, 48.2857971191, -42.6824989319, -24.0809669495, -7.24241399765, 32.6802825928, -26.5886802673, -6.36827421188, 6.43633699417, 97.5275726318]],
        "icov": [[0.000247605901677, -0.000381606805604, 0.000468058831757, -0.000403800717322, 0.000646988570224, -0.000367991917301, 0.000539480999578, -0.000523683207575, 0.000756584224291, -0.000399371463573, 0.00036363772233, -0.000123937003082, 0.000594891782384], [-0.000381606805604, 0.00337082287297, -0.00230703828856, 0.00218352256343, -0.00303598027676, 0.00200286740437, -0.00192835682537, 0.0015863472363, -0.0018975896528, 0.00267892726697, -0.00366282113828, 0.00307030952536, -0.00218763016164], [0.000468058831757, -0.00230703828856, 0.00268202414736, -0.00236953352578, 0.00208933721296, -0.00159000395797, 0.00213142368011, -0.000879516243003, 0.00225950824097, -0.0015993390698, 0.00200488930568, -0.0018154309364, 0.0024517592974], [-0.000403800717322, 0.00218352256343, -0.00236953352578, 0.00413557048887, -0.00299671082757, 0.00132301775739, -0.00113629980478, 0.00150294532068, -0.00270880549215, 0.00199668854475, -0.00132716156077, 0.0020443694666, -0.00240737223066], [0.000646988570224, -0.00303598027676, 0.00208933721296, -0.00299671082757, 0.0071587273851, -0.00188355403952, 0.00120466959197, -0.00232417625375, 0.00243769283406, -0.00222776201554, 0.00343482312746, -0.0014962295536, 0.000900531304069], [-0.000367991917301, 0.00200286740437, -0.00159000395797, 0.00132301775739, -0.00188355403952, 0.00579784158617, -0.00389836612158, 0.00179177592508, -0.00132537540048, 0.000125876802485, -0.000614231743384, 0.00120602804236, -0.000497844128404], [0.000539480999578, -0.00192835682537, 0.00213142368011, -0.00113629980478, 0.00120466959197, -0.00389836612158, 0.00668585021049, -0.00129073031712, 0.00172044278588, -0.000231744517805, -9.60791203397e-06, -0.000595694989897, 0.00247351056896], [-0.000523683207575, 0.0015863472363, -0.000879516243003, 0.00150294532068, -0.00232417625375, 0.00179177592508, -0.00129073031712, 0.00608235457912, -0.00229463097639, 1.65292931342e-05, -0.00124968425371, 0.000592595606577, -0.00109854037873], [0.000756584224291, -0.0018975896528, 0.00225950824097, -0.00270880549215, 0.00243769283406, -0.00132537540048, 0.00172044278588, -0.00229463097639, 0.00883188750595, -0.00213855807669, 0.00249414192513, -0.0011489255121, 0.000657880096696], [-0.000399371463573, 0.00267892726697, -0.0015993390698, 0.00199668854475, -0.00222776201554, 0.000125876802485, -0.000231744517805, 1.65292931342e-05, -0.00213855807669, 0.0123970545828, -0.00500816851854, 0.000101783072751, 0.000298525032122], [0.00036363772233, -0.00366282113828, 0.00200488930568, -0.00132716156077, 0.00343482312746, -0.000614231743384, -9.60791203397e-06, -0.00124968425371, 0.00249414192513, -0.00500816851854, 0.0141133163124, -0.00218072999269, 0.00156921264715], [-0.000123937003082, 0.00307030952536, -0.0018154309364, 0.0020443694666, -0.0014962295536, 0.00120602804236, -0.000595694989897, 0.000592595606577, -0.0011489255121, 0.000101783072751, -0.00218072999269, 0.0131709529087, -0.00346011552028], [0.000594891782384, -0.00218763016164, 0.0024517592974, -0.00240737223066, 0.000900531304069, -0.000497844128404, 0.00247351056896, -0.00109854037873, 0.000657880096696, 0.000298525032122, 0.00156921264715, -0.00346011552028, 0.0153176030144]]
    },
    "melbands": {
        "dmean": [2.85412952508e-05, 0.000238196793362, 0.000275231665, 0.000407450512284, 0.000151585685671, 0.000143669763929, 0.000115021510283, 8.94719123608e-05, 0.000134870919283, 0.000116484879982, 0.000129928637762, 9.15559066925e-05, 5.10107929586e-05, 7.82496936154e-05, 2.9273553082e-05, 1.9602741304e-05, 2.27276832447e-05, 2.10181024158e-05, 1.3607238543e-05, 9.13197527552e-06, 9.97568713501e-06, 5.4949969126e-06, 5.31783007318e-06, 4.28340990766e-06, 2.38565144173e-06, 1.03479021618e-06, 1.16509215786e-06, 1.91532080862e-06, 1.23501456528e-06, 5.34611956482e-07, 3.9049825773e-07, 3.92356469092e-07, 4.31268830425e-07, 4.79366462969e-07, 5.53422523808e-07, 4.32723822996e-07, 4.58036737427e-07, 4.48042840162e-07, 4.02794029242e-07, 2.49969303923e-07],
        "dmean2": [4.7298053687e-05, 0.000360744132195, 0.000443260214524, 0.000693556037731, 0.000234603561694, 0.000221952883294, 0.000178502188646, 0.000141787793837, 0.000208640733035, 0.0001842387137, 0.000203031260753, 0.000145833386341, 7.86425662227e-05, 0.00012458061974, 4.62263196823e-05, 3.10840696329e-05, 3.61000529665e-05, 3.38162935805e-05, 2.16732860281e-05, 1.42959697769e-05, 1.58958700922e-05, 8.41659675643e-06, 8.29190230434e-06, 6.60477235215e-06, 3.83811811844e-06, 1.71106955804e-06, 1.82783662694e-06, 2.95997188005e-06, 2.00418617169e-06, 8.62463707563e-07, 6.22641380232e-07, 6.0915431277e-07, 6.52983658256e-07, 7.12502639999e-07, 8.23798643523e-07, 6.37073469534e-07, 6.80283108068e-07, 6.74270950185e-07, 6.15275325799e-07, 3.77085910941e-07],
        "dvar": [3.63788004165e-08, 5.85657346619e-07, 3.32247623192e-07, 6.48650313906e-07, 1.01244246764e-07, 1.34859334366e-07, 9.12159379141e-08, 7.38504439823e-08, 1.55895122589e-07, 1.19368280593e-07, 1.41748188298e-07, 1.02972173011e-07, 4.22493329211e-08, 6.42359481162e-08, 1.2708315289e-08, 4.91581619855e-09, 7.16229608955e-09, 5.55618795417e-09, 1.98656024963e-09, 1.23054966217e-09, 2.79284240179e-09, 4.87401285998e-10, 3.89693000091e-10, 1.71455877274e-10, 4.98753711942e-11, 7.63667254433e-12, 9.45490821053e-12, 2.56885832051e-11, 1.25186779346e-11, 3.47504707301e-12, 1.55791384567e-12, 2.00039312372e-12, 3.97968637211e-12, 3.19881534455e-12, 3.6041848759e-12, 2.29696947227e-12, 3.005465668e-12, 2.77276921042e-12, 2.41452496018e-12, 7.09468941928e-13],
        "dvar2": [1.04863104866e-07, 1.31717717977e-06, 7.85175757301e-07, 1.78094376224e-06, 2.53094242453e-07, 3.23316839967e-07, 2.14050970726e-07, 1.83349911254e-07, 3.73856266833e-07, 2.98251819686e-07, 3.49332026417e-07, 2.70376972367e-07, 9.86373080991e-08, 1.69256082927e-07, 3.38585195436e-08, 1.28172565894e-08, 1.78790795502e-08, 1.43750824577e-08, 5.14304776544e-09, 2.69803912545e-09, 6.93725965561e-09, 1.17482068518e-09, 9.49618605972e-10, 3.78394121592e-10, 1.25086399572e-10, 2.18858420969e-11, 2.26924867786e-11, 5.95189036945e-11, 3.19519827263e-11, 8.81405105152e-12, 3.68068683171e-12, 4.74723862651e-12, 9.90315815463e-12, 6.86995902874e-12, 7.09389318121e-12, 4.47946844548e-12, 6.96746783532e-12, 6.23358526256e-12, 5.48770881167e-12, 1.50600267933e-12],
        "max": [0.00797454919666, 0.031506344676, 0.013771715574, 0.0167447961867, 0.00691708084196, 0.0081331692636, 0.00623474130407, 0.00745544536039, 0.00875470880419, 0.00720173772424, 0.00824628397822, 0.00907777156681, 0.00664617214352, 0.00698373932391, 0.00318726664409, 0.00174934836105, 0.00274395011365, 0.00200303993188, 0.00125603773631, 0.00184508704115, 0.00258515984751, 0.000880467472598, 0.000640981597826, 0.000581914267968, 0.000286430498818, 9.49563836912e-05, 9.42149417824e-05, 0.000167984355357, 7.91137426859e-05, 0.000100124190794, 3.32095078193e-05, 6.7395681981e-05, 0.00010406079673, 6.63436876494e-05, 6.68075081194e-05, 7.31696127332e-05, 7.83551731729e-05, 6.19543643552e-05, 4.80076269014e-05, 2.61775094259e-05],
        "mean": [5.00502683281e-05, 0.00052341108676, 0.000608658243436, 0.000748540798668, 0.000369537068764, 0.00029168164474, 0.00022683617135, 0.000167359670741, 0.000254469283391, 0.00022666734003, 0.000249902252108, 0.00018461952277, 9.69339089352e-05, 0.000151454602019, 5.00143214595e-05, 3.65331652574e-05, 4.10468383052e-05, 3.81112986361e-05, 2.71439985227e-05, 1.72180898517e-05, 1.83512001968e-05, 1.13509986477e-05, 1.14215436042e-05, 9.15846158023e-06, 5.11249299961e-06, 2.31967055697e-06, 2.47622074312e-06, 4.08418782172e-06, 2.4735718398e-06, 1.07844095965e-06, 8.09309710803e-07, 7.55100359129e-07, 7.63435139106e-07, 8.70632675287e-07, 1.05720357624e-06, 8.06498178463e-07, 8.63716820731e-07, 8.54684117257e-07, 7.56392807943e-07, 5.08004006861e-07],
        "median": [1.25072656374e-05, 0.000108770567749, 0.00030487976619, 0.000319620157825, 0.000150608218974, 5.42400157428e-05, 4.29058636655e-05, 1.74084943865e-05, 2.00225986191e-05, 2.01623843168e-05, 1.61923271662e-05, 1.09401353257e-05, 5.11690996063e-06, 8.82756285137e-06, 3.14956082548e-06, 2.75158799923e-06, 2.40279996433e-06, 3.44626937476e-06, 3.10533619086e-06, 1.81509960839e-06, 1.43569695865e-06, 9.83603513305e-07, 8.1764233073e-07, 9.97780716716e-07, 7.21425863048e-07, 4.84123518163e-07, 5.12859401169e-07, 6.11006726103e-07, 3.89057191796e-07, 1.57325985128e-07, 1.20954311456e-07, 1.19373737562e-07, 1.15463834049e-07, 1.62111774671e-07, 2.01581528358e-07, 1.61479846383e-07, 2.09149320085e-07, 2.2949382128e-07, 1.90369121356e-07, 1.51485579636e-07],
        "min": [5.95344016612e-24, 6.75163408471e-24, 5.72076958643e-24, 4.32238780861e-24, 1.69165797706e-24, 2.99480176108e-24, 9.80495256166e-24, 8.72536880274e-24, 8.13181644701e-24, 9.69469662838e-24, 6.23543664049e-24, 8.34526564189e-24, 5.92179698306e-24, 1.17619476513e-23, 7.27548979059e-24, 5.65218680819e-24, 5.43465841357e-24, 1.3247263873e-23, 8.17372704918e-24, 5.42095589965e-24, 6.20601725632e-24, 7.07938133614e-24, 8.36292902641e-24, 7.71717380029e-24, 7.07426636203e-24, 8.37100617322e-24, 9.97697157065e-24, 5.67954292666e-24, 6.77370089081e-24, 8.93801178176e-24, 1.02418608074e-23, 9.0389260242e-24, 8.48767948997e-24, 8.38556539009e-24, 7.8116698704e-24, 9.85479437138e-24, 1.07249907802e-23, 8.74257701452e-24, 1.00365613346e-23, 7.63162499056e-24],
        "var": [5.25731742584e-08, 1.50187634063e-06, 7.78533433277e-07, 1.19904404983e-06, 3.18177399095e-07, 3.55909378413e-07, 2.23059998916e-07, 1.73887173105e-07, 4.16628239464e-07, 2.87508811425e-07, 3.82152165912e-07, 2.71377587069e-07, 1.11479195652e-07, 1.81057430382e-07, 2.86383006198e-08, 1.20888916655e-08, 1.7171855049e-08, 1.32374502471e-08, 5.52434498147e-09, 3.20133364262e-09, 5.2129505157e-09, 1.27251842397e-09, 1.34057154266e-09, 5.66573954419e-10, 1.52600071468e-10, 2.16937075942e-11, 2.48645513901e-11, 7.76257599866e-11, 3.26033644527e-11, 7.75580728113e-12, 4.26379634724e-12, 4.68560953926e-12, 7.18667052951e-12, 7.34734668939e-12, 1.01452604997e-11, 6.89500323156e-12, 6.67275913344e-12, 5.40389955006e-12, 4.56886048092e-12, 1.88344478902e-12]
    },
    "mfcc": {
        "mean": [-727.577026367, 126.006828308, 13.7869386673, 3.47888565063, 5.43856573105, -6.53058481216, -2.01471590996, -3.99057769775, -5.7859621048, -1.8235783577, -12.2303190231, -9.79082012177, -8.67727661133],
        "cov": [[11520.8544922, -1720.859375, -2133.828125, -1194.86047363, -965.075317383, -866.932434082, 20.6110954285, -63.1524772644, -216.406967163, 192.470031738, -15.4992704391, 252.041976929, 55.9096450806], [-1720.859375, 1842.31433105, 758.892883301, 333.753540039, 294.398529053, 35.9599685669, 228.525009155, -56.9148216248, -151.308624268, -23.1475753784, -9.77710437775, -88.8941879272, -19.4496498108], [-2133.828125, 758.892883301, 1726.4510498, 655.792480469, 474.180908203, 270.581817627, -7.2306303978, -69.5356140137, -79.0857849121, -96.7289505005, -63.2300338745, -67.595375061, 3.82296323776], [-1194.86047363, 333.753540039, 655.792480469, 746.019104004, 434.285705566, 65.9818344116, -56.0935058594, -38.6884841919, 57.3451347351, -64.2945022583, -96.5578231812, 0.459716618061, 5.84383678436], [-965.075317383, 294.398529053, 474.180908203, 434.285705566, 494.277404785, 36.3653068542, -67.8192901611, -36.0217781067, 66.7822036743, -31.3583049774, -69.8614807129, -12.2712593079, -8.13090133667], [-866.932434082, 35.9599685669, 270.581817627, 65.9818344116, 36.3653068542, 447.473510742, 98.005279541, 53.6437759399, 7.23941040039, 16.5851516724, 33.0339927673, -82.5387496948, -39.4214172363], [20.6110954285, 228.525009155, -7.2306303978, -56.0935058594, -67.8192901611, 98.005279541, 292.517944336, 59.5649490356, -47.6616096497, 53.0037307739, 32.7484893799, -22.6588840485, -2.62137317657], [-63.1524772644, -56.9148216248, -69.5356140137, -38.6884841919, -36.0217781067, 53.6437759399, 59.5649490356, 153.558441162, 61.8609008789, 17.5012245178, 31.3771934509, 3.20721793175, -5.83531618118], [-216.406967163, -151.308624268, -79.0857849121, 57.3451347351, 66.7822036743, 7.23941040039, -47.6616096497, 61.8609008789, 173.936599731, 25.3757381439, 8.32301807404, 17.1277065277, -7.89549779892], [192.470031738, -23.1475753784, -96.7289505005, -64.2945022583, -31.3583049774, 16.5851516724, 53.0037307739, 17.5012245178, 25.3757381439, 124.862838745, 34.5379753113, -1.2733219862, -4.64149475098], [-15.4992704391, -9.77710437775, -63.2300338745, -96.5578231812, -69.8614807129, 33.0339927673, 32.7484893799, 31.3771934509, 8.32301807404, 34.5379753113, 112.875282288, 29.1555233002, -6.29835176468], [252.041976929, -88.8941879272, -67.595375061, 0.459716618061, -12.2712593079, -82.5387496948, -22.6588840485, 3.20721793175, 17.1277065277, -1.2733219862, 29.1555233002, 122.841239929, 37.4314842224], [55.9096450806, -19.4496498108, 3.82296323776, 5.84383678436, -8.13090133667, -39.4214172363, -2.62137317657, -5.83531618118, -7.89549779892, -4.64149475098, -6.29835176468, 37.4314842224, 99.9797363281]],
