{
"lowlevel": {
    "average_loudness": 0.672064900398,
    "barkbands_crest": {
        "dmean": 2.61784029007,
        "dmean2": 4.28465652466,
        "dvar": 5.61699533463,
        "dvar2": 14.5713758469,
        "max": 25.9775981903,
        "mean": 10.4962911606,
        "median": 9.25663375854,
        "min": 2.01219320297,
        "var": 24.1351089478
    },
    "barkbands_flatness_db": {
        "dmean": 0.0187082458287,
        "dmean2": 0.0298855043948,
        "dvar": 0.000348855392076,
        "dvar2": 0.000903575913981,
        "max": 0.451406627893,
        "mean": 0.135519042611,
        "median": 0.11779640615,
        "min": 0.0435863249004,
        "var": 0.00348226213828
    },
    "barkbands_kurtosis": {
        "dmean": 3.66336774826,
        "dmean2": 6.23358201981,
        "dvar": 294.338653564,
        "dvar2": 978.786682129,
        "max": 422.448669434,
        "mean": 4.85340499878,
        "median": 0.145971775055,
        "min": -1.9532405138,
        "var": 449.231567383
    },
    "barkbands_skewness": {
        "dmean": 0.507532119751,
        "dmean2": 0.804853618145,
        "dvar": 0.63034671545,
        "dvar2": 1.814868927,
        "max": 17.4355716705,
        "mean": 1.15157830715,
        "median": 0.665768504143,
        "min": -2.215893507,
        "var": 2.9785091877
    },
    "barkbands_spread": {
        "dmean": 5.75300264359,
        "dmean2": 8.8124961853,
        "dvar": 50.1609535217,
        "dvar2": 99.6377639771,
        "max": 126.881103516,
        "mean": 27.7693138123,
        "median": 28.1950244904,
        "min": 0.365627795458,
        "var": 223.662734985
    },
    "dissonance": {
        "dmean": 0.0178464557976,
        "dmean2": 0.0307441353798,
        "dvar": 0.000371675239876,
        "dvar2": 0.00102316355333,
        "max": 0.500000059605,
        "mean": 0.471473306417,
        "median": 0.477530360222,
        "min": 0.131171733141,
        "var": 0.000574400473852
    },
    "dynamic_complexity": 3.50122594833,
    "erbbands_crest": {
        "dmean": 2.81660485268,
        "dmean2": 4.56718301773,
        "dvar": 6.89887571335,
        "dvar2": 17.286863327,
        "max": 30.6043128967,
        "mean": 9.91077518463,
        "median": 9.18013000488,
        "min": 2.41671609879,
        "var": 21.8534965515
    },
    "erbbands_flatness_db": {
        "dmean": 0.0155192529783,
        "dmean2": 0.0236830152571,
        "dvar": 0.000223043796723,
        "dvar2": 0.000520602508914,
        "max": 0.371031314135,
        "mean": 0.161832913756,
        "median": 0.158420324326,
        "min": 0.0525655187666,
        "var": 0.00216450658627
    },
    "erbbands_kurtosis": {
        "dmean": 0.999741911888,
        "dmean2": 1.62514472008,
        "dvar": 4.38467597961,
        "dvar2": 11.5485744476,
        "max": 44.7758369446,
        "mean": 0.824662685394,
        "median": 0.278341054916,
        "min": -1.86012506485,
        "var": 6.9477853775
    },
    "erbbands_skewness": {
        "dmean": 0.34832277894,
        "dmean2": 0.541441977024,
        "dvar": 0.147818863392,
        "dvar2": 0.322743326426,
        "max": 6.11935567856,
        "mean": 0.367318749428,
        "median": 0.342352718115,
        "min": -5.58689546585,
        "var": 0.562229692936
    },
    "erbbands_spread": {
        "dmean": 6.89345550537,
        "dmean2": 10.6341543198,
        "dvar": 73.6232070923,
        "dvar2": 174.991088867,
        "max": 153.639770508,
        "mean": 34.5375480652,
        "median": 29.8209991455,
        "min": 2.14683389664,
        "var": 327.470489502
    },
    "hfc": {
        "dmean": 5.84363031387,
        "dmean2": 8.69505214691,
        "dvar": 54.0328865051,
        "dvar2": 122.347320557,
        "max": 180.754226685,
        "mean": 25.8648338318,
        "median": 20.460515976,
        "min": 1.14043192529e-16,
        "var": 483.303375244
    },
    "melbands_crest": {
        "dmean": 3.18535065651,
        "dmean2": 5.18753862381,
        "dvar": 8.35739707947,
        "dvar2": 21.8957500458,
        "max": 37.3302307129,
        "mean": 13.9073400497,
        "median": 12.5176200867,
        "min": 2.01239538193,
        "var": 35.4321632385
    },
    "melbands_flatness_db": {
        "dmean": 0.0225517023355,
        "dmean2": 0.0350870490074,
        "dvar": 0.000519017281476,
        "dvar2": 0.00127725908533,
        "max": 0.545565605164,
        "mean": 0.170535743237,
        "median": 0.14951774478,
        "min": 0.00502844993025,
        "var": 0.00588727835566
    },
    "melbands_kurtosis": {
        "dmean": 7.21486234665,
        "dmean2": 11.8894166946,
        "dvar": 521.549804688,
        "dvar2": 1548.9855957,
        "max": 763.077270508,
        "mean": 13.8893089294,
        "median": 2.70158481598,
        "min": -1.7227653265,
        "var": 1411.92028809
    },
    "melbands_skewness": {
        "dmean": 0.662798643112,
        "dmean2": 1.04802083969,
        "dvar": 0.727799534798,
        "dvar2": 1.83952999115,
        "max": 21.6815414429,
        "mean": 2.19337892532,
        "median": 1.53394460678,
        "min": -1.56108343601,
        "var": 4.72382307053
    },
    "melbands_spread": {
        "dmean": 7.65257930756,
        "dmean2": 11.857831955,
        "dvar": 97.8256378174,
        "dvar2": 192.056594849,
        "max": 274.49710083,
        "mean": 33.961971283,
        "median": 35.0384674072,
        "min": 0.353500634432,
        "var": 428.916900635
    },
    "pitch_salience": {
        "dmean": 0.0646938234568,
        "dmean2": 0.105226635933,
        "dvar": 0.00344177219085,
        "dvar2": 0.00865288358182,
        "max": 0.988462805748,
        "mean": 0.51777100563,
        "median": 0.518484771252,
        "min": 0.0380257442594,
        "var": 0.0158042740077
    },
    "silence_rate_20dB": {
        "dmean": 0,
        "dmean2": 0,
        "dvar": 0,
        "dvar2": 0,
        "max": 1,
        "mean": 1,
        "median": 1,
        "min": 1,
        "var": 0
    },
    "silence_rate_30dB": {
        "dmean": 0.000958772783633,
        "dmean2": 0.00191777537111,
        "dvar": 0.000957857817411,
        "dvar2": 0.00263328128494,
        "max": 1,
        "mean": 0.999400854111,
        "median": 1,
        "min": 0,
        "var": 0.00059881771449
    },
    "silence_rate_60dB": {
        "dmean": 0.0174976028502,
        "dmean2": 0.0349994003773,
        "dvar": 0.0171905197203,
        "dvar2": 0.0380856953561,
        "max": 1,
        "mean": 0.0579988025129,
        "median": 0,
        "min": 0,
        "var": 0.0546286590397
    },
    "spectral_centroid": {
        "dmean": 235.159439087,
        "dmean2": 355.594299316,
        "dvar": 75222.921875,
        "dvar2": 135693.890625,
        "max": 11366.3339844,
        "mean": 1781.6027832,
        "median": 1854.35656738,
        "min": 188.546188354,
        "var": 427878.5
    },
    "spectral_complexity": {
        "dmean": 3.33748793602,
        "dmean2": 5.04542732239,
        "dvar": 12.2157773972,
        "dvar2": 23.7192420959,
        "max": 55,
        "mean": 20.5247459412,
        "median": 20,
        "min": 0,
        "var": 136.184738159
    },
    "spectral_decrease": {
        "dmean": 1.60654822778e-09,
        "dmean2": 2.58338062054e-09,
        "dvar": 4.42764222019e-18,
        "dvar2": 1.21089993799e-17,
        "max": 9.3353796635e-29,
        "mean": -5.53347101473e-09,
        "median": -4.52639081772e-09,
        "min": -3.44982460376e-08,
        "var": 1.71991065644e-17
    },
    "spectral_energy": {
        "dmean": 0.00645597279072,
        "dmean2": 0.0103288115934,
        "dvar": 6.85172781232e-05,
        "dvar2": 0.000185740238521,
        "max": 0.146599292755,
        "mean": 0.0232306197286,
        "median": 0.0190084762871,
        "min": 1.02225355012e-20,
        "var": 0.000298234604998
    },
    "spectral_energyband_high": {
        "dmean": 0.000313848926453,
        "dmean2": 0.000446876103524,
        "dvar": 1.83981100577e-07,
        "dvar2": 3.53425264166e-07,
        "max": 0.00688939262182,
        "mean": 0.00107044586912,
        "median": 0.000830991019029,
        "min": 7.53081789436e-21,
        "var": 9.53415053573e-07
    },
    "spectral_energyband_low": {
        "dmean": 0.0037484744098,
        "dmean2": 0.00618954980746,
        "dvar": 5.01123686263e-05,
        "dvar2": 0.000139312978717,
        "max": 0.117400482297,
        "mean": 0.00716223707423,
        "median": 0.00410459935665,
        "min": 6.46633827848e-23,
        "var": 9.07906505745e-05
    },
    "spectral_energyband_middle_high": {
        "dmean": 0.00313351675868,
        "dmean2": 0.00490063196048,
        "dvar": 2.02890932997e-05,
        "dvar2": 5.2965933719e-05,
        "max": 0.0946457311511,
        "mean": 0.0106378868222,
        "median": 0.00746871717274,
        "min": 1.29711199577e-21,
        "var": 0.000122518875287
    },
    "spectral_energyband_middle_low": {
        "dmean": 0.00192543736193,
        "dmean2": 0.00310197100043,
        "dvar": 1.03624524854e-05,
        "dvar2": 2.80314143311e-05,
        "max": 0.0867957919836,
        "mean": 0.00497485650703,
        "median": 0.004194711335,
        "min": 2.76007612774e-22,
        "var": 2.34539511439e-05
    },
    "spectral_entropy": {
        "dmean": 0.129567101598,
        "dmean2": 0.188091769814,
        "dvar": 0.0204863566905,
        "dvar2": 0.037531375885,
        "max": 9.81395053864,
        "mean": 7.70208597183,
        "median": 7.78312826157,
        "min": 5.4281244278,
        "var": 0.167733535171
    },
    "spectral_flux": {
        "dmean": 0.0182118285447,
        "dmean2": 0.0288632810116,
        "dvar": 0.00030144766788,
        "dvar2": 0.000740429270081,
        "max": 0.24964043498,
        "mean": 0.0794802159071,
        "median": 0.0764166414738,
        "min": 6.44160974561e-11,
        "var": 0.00158446119167
    },
    "spectral_kurtosis": {
        "dmean": 1.01338374615,
        "dmean2": 1.68741214275,
        "dvar": 1.25582540035,
        "dvar2": 3.49546909332,
        "max": 19.8925189972,
        "mean": 3.37131738663,
        "median": 2.95905303955,
        "min": -1.4766074419,
        "var": 3.89883494377
    },
    "spectral_rms": {
        "dmean": 0.000622836523689,
        "dmean2": 0.000981856253929,
        "dvar": 4.25533187354e-07,
        "dvar2": 1.13050043637e-06,
        "max": 0.0119592519477,
        "mean": 0.00442499807104,
        "median": 0.00430637365207,
        "min": 3.158038284e-12,
        "var": 3.08343692268e-06
    },
    "spectral_rolloff": {
        "dmean": 496.959564209,
        "dmean2": 812.764831543,
        "dvar": 790131.75,
        "dvar2": 1560769.25,
        "max": 19164.5507812,
        "mean": 1893.64929199,
        "median": 1722.65625,
        "min": 21.533203125,
        "var": 2094197.875
    },
    "spectral_skewness": {
        "dmean": 0.152806356549,
        "dmean2": 0.241366490722,
        "dvar": 0.0230983123183,
        "dvar2": 0.0513953827322,
        "max": 3.54665184021,
        "mean": 1.38345360756,
        "median": 1.32761895657,
        "min": -0.588044345379,
        "var": 0.123351499438
    },
    "spectral_spread": {
        "dmean": 422189.03125,
        "dmean2": 604566.0625,
        "dvar": 464319643648,
        "dvar2": 788750467072,
        "max": 41770440,
        "mean": 4699691.5,
        "median": 4535422.5,
        "min": 1975760.75,
        "var": 2.04431949824e+12
    },
    "spectral_strongpeak": {
        "dmean": 0.85362559557,
        "dmean2": 1.4733761549,
        "dvar": 1.80489623547,
        "dvar2": 4.76564455032,
        "max": 14.4420375824,
        "mean": 1.48081994057,
        "median": 0.483198910952,
        "min": 0,
        "var": 3.66101360321
    },
    "zerocrossingrate": {
        "dmean": 0.00983988586813,
        "dmean2": 0.0114617040381,
        "dvar": 0.000178223781404,
        "dvar2": 0.00018748245202,
        "max": 0.53857421875,
        "mean": 0.0748806372285,
        "median": 0.076171875,
        "min": 0.00244140625,
        "var": 0.00128270045388
    },
    "barkbands": {
        "dmean": [0.000147456041304, 0.00314328609966, 0.000966345367488, 0.000503281364217, 0.000595243996941, 0.000349443085724, 0.000481605704408, 0.000279188243439, 0.000570868956856, 0.00107060500886, 0.00112926680595, 0.000916243996471, 0.000445485522505, 0.00080269650789, 0.000650830916129, 0.000306535861455, 0.000192874183995, 0.000157537535415, 0.00024016982934, 0.000178743939614, 0.000100721132185, 5.96575409872e-05, 8.1517304352e-05, 6.85332852299e-05, 3.96376235585e-05, 1.56728183356e-05, 3.48207951362e-09],
        "dmean2": [0.000238109423663, 0.00523832440376, 0.00168077636044, 0.000854154874105, 0.000978667056188, 0.000556752784178, 0.000780585338362, 0.000460354989627, 0.000948785222135, 0.00175071065314, 0.00184118468314, 0.00145065377001, 0.000722590775695, 0.0012932496611, 0.00103263393976, 0.000494671578053, 0.000313236290822, 0.000255885504885, 0.000380121491617, 0.000273257144727, 0.000158592360094, 9.11302340683e-05, 0.000123133446323, 9.97186580207e-05, 5.85532179684e-05, 2.31078101933e-05, 6.41827346826e-09],
        "dvar": [6.79282834426e-08, 3.82647376682e-05, 6.64783192406e-06, 1.04876971818e-06, 9.23920708829e-07, 3.60521340781e-07, 1.54452186507e-06, 5.86444400597e-07, 4.34778530689e-06, 3.98363772547e-06, 6.97107225278e-06, 5.17505941389e-06, 1.30896432893e-06, 2.9607003853e-06, 2.29142847274e-06, 6.27592442015e-07, 1.79215589924e-07, 8.69210765586e-08, 1.49202705302e-07, 1.07304629182e-07, 2.36927277797e-08, 8.04241473418e-09, 1.63134625808e-08, 1.30743433857e-08, 6.13991080201e-09, 9.38019772967e-10, 4.95270063957e-16],
        "dvar2": [1.65676141251e-07, 0.000106018705992, 1.85978042282e-05, 2.76425566881e-06, 2.33133482652e-06, 8.83339509983e-07, 3.69600229533e-06, 1.61081948136e-06, 1.25807127915e-05, 1.03843485704e-05, 1.8382912458e-05, 1.25660772028e-05, 3.4232307371e-06, 7.78441517468e-06, 5.53886093257e-06, 1.55383190759e-06, 4.3690792495e-07, 2.18562988152e-07, 3.64230288596e-07, 2.2139160194e-07, 5.682628057e-08, 1.79019714608e-08, 3.80539724176e-08, 2.53237999459e-08, 1.25338415202e-08, 2.00009764306e-09, 1.42199753542e-15],
        "max": [0.0042823581025, 0.0816433131695, 0.0471415258944, 0.0214955918491, 0.0117059769109, 0.0112864207476, 0.0365828312933, 0.0279490053654, 0.0697942078114, 0.0541068539023, 0.0713018625975, 0.041539054364, 0.0439533665776, 0.0387053750455, 0.0392717942595, 0.0379528403282, 0.010487687774, 0.00800785049796, 0.00888753775507, 0.0101868622005, 0.00358286616392, 0.00153114786372, 0.0029724300839, 0.00206544599496, 0.001757525024, 0.000771397375502, 7.18451872217e-07],
        "mean": [0.000239476677962, 0.00539637776092, 0.00108791771345, 0.000780105998274, 0.00112756434828, 0.000644633546472, 0.000704912643414, 0.000427789898822, 0.000968736771028, 0.00182577909436, 0.00184308015741, 0.00170407106634, 0.000778947374783, 0.00147332285997, 0.00119289255235, 0.000543815840501, 0.000365512707504, 0.000309014925733, 0.000520742614754, 0.000413677509641, 0.00022946295212, 0.000143758952618, 0.000218126762775, 0.000171237814357, 9.08007714315e-05, 2.88481569442e-05, 2.53530596517e-09],
        "median": [7.5483454566e-05, 0.00260077463463, 0.000451049942058, 0.000322336447425, 0.000622914289124, 0.00034307243186, 0.00022693167557, 0.000186042001587, 0.000245510629611, 0.000612131727394, 0.000292354408884, 0.000282442342723, 0.000213438062929, 0.000397759838961, 0.000296334328596, 0.000218311834033, 0.00016387263895, 0.000161613133969, 0.000357755168807, 0.000253403559327, 0.000137516646646, 9.10055678105e-05, 0.000125060192659, 0.000107622283394, 4.49545113952e-05, 1.33258963615e-05, 5.22098475564e-10],
        "min": [1.81755288057e-24, 2.37694235261e-23, 2.01305880306e-23, 2.84355578686e-23, 1.33388632459e-23, 8.89618085454e-24, 2.744025522e-23, 3.92365404087e-23, 3.2533368416e-23, 9.93920059497e-23, 3.0952989722e-23, 1.03564650998e-22, 1.08663582832e-22, 5.40056258307e-23, 4.69320079123e-23, 7.73827614505e-23, 9.62150169598e-23, 1.68449381842e-22, 2.52432889585e-22, 2.98582893371e-22, 3.78243077322e-22, 5.66979752836e-22, 6.64881606847e-22, 9.91060520757e-22, 1.02536771549e-21, 1.44305504977e-21, 2.25779291509e-21],
        "var": [1.50355234041e-07, 6.44113533781e-05, 5.62132026971e-06, 1.55441227889e-06, 2.17625733967e-06, 8.24246569664e-07, 2.38092570726e-06, 7.32874070764e-07, 8.80993411556e-06, 9.44909970713e-06, 1.42582312037e-05, 1.34428337333e-05, 2.90453931484e-06, 7.2881248343e-06, 7.50518120185e-06, 1.27142538986e-06, 4.11338589856e-07, 2.37411455828e-07, 3.40343603966e-07, 3.73791323227e-07, 7.4334799649e-08, 2.68460134123e-08, 6.70550406312e-08, 4.11251086518e-08, 1.64262701219e-08, 1.94613369864e-09, 2.8622413252e-16]
    },
    "erbbands": {
        "dmean": [0.0921751335263, 0.719289660454, 1.12506937981, 1.46394431591, 1.59458327293, 2.22711229324, 2.73840880394, 2.89599967003, 6.96686697006, 5.74214363098, 5.85155200958, 12.0992221832, 26.0517139435, 37.0000953674, 43.0634918213, 24.9501953125, 17.4617500305, 23.8876113892, 42.722038269, 25.338054657, 14.4509620667, 10.5086116791, 8.20955944061, 11.1238994598, 10.2053384781, 7.19220924377, 5.80834960938, 2.51900649071, 2.03755784035, 2.45185995102, 2.33458185196, 1.58991134167, 1.08040642738, 0.577974200249, 0.221518754959, 0.118933193386, 0.0159745030105, 0.00041628794861, 1.65023066074e-05, 8.36679100757e-06],
        "dmean2": [0.148297831416, 1.2111736536, 1.90171456337, 2.51327300072, 2.59095001221, 3.73099255562, 4.40520906448, 4.69232749939, 11.1934680939, 9.36512851715, 9.59028625488, 19.9793663025, 43.1084518433, 60.3779754639, 69.2499313354, 39.4064788818, 28.3699264526, 38.2343063354, 67.0943832397, 40.3421974182, 23.056558609, 17.0781860352, 13.3468999863, 17.6478309631, 15.7650594711, 10.9307985306, 9.12693595886, 3.83101391792, 3.09023237228, 3.74731636047, 3.52564287186, 2.31544876099, 1.6182012558, 0.86089861393, 0.329949051142, 0.173779204488, 0.0243661552668, 0.000640949991066, 2.41398320213e-05, 1.30566168082e-05],
        "dvar": [0.0288829132915, 2.27190876007, 8.69691944122, 11.1841440201, 6.38678789139, 16.3868999481, 20.7231197357, 30.4892406464, 338.145568848, 246.126968384, 174.718643188, 1758.21618652, 4338.02978516, 5447.54199219, 11194.6005859, 3013.68994141, 1847.22460938, 2801.99365234, 9403.91308594, 3572.93774414, 1604.73291016, 466.24105835, 233.393585205, 408.091400146, 297.38092041, 160.718048096, 77.7469940186, 15.0434961319, 9.37874126434, 15.5510911942, 13.241191864, 7.17320156097, 3.53056001663, 1.38112390041, 0.211087673903, 0.0546458028257, 0.00151289894711, 2.24972791329e-06, 1.32636013284e-09, 1.0241745646e-10],
        "dvar2": [0.0793293640018, 6.16872024536, 24.1355476379, 30.2705307007, 15.6044912338, 41.3613319397, 51.4633483887, 77.3782424927, 793.761047363, 623.501525879, 452.899536133, 5079.83251953, 11786.7148438, 14719.9394531, 29581.8886719, 7409.80517578, 4831.75830078, 7389.64306641, 24419.453125, 8775.44335938, 3955.2878418, 1130.17175293, 593.15447998, 994.246032715, 663.634216309, 339.057128906, 186.378082275, 33.3960647583, 20.9391136169, 36.238445282, 30.6110439301, 14.4547700882, 7.24035644531, 2.97209715843, 0.424967825413, 0.117466196418, 0.00309798168018, 4.96072198075e-06, 2.71518474371e-09, 2.6056501401e-10],
        "max": [2.49415922165, 21.4010410309, 71.9175567627, 56.5294189453, 46.447845459, 65.6530838013, 90.5850524902, 127.176933289, 618.415649414, 360.863983154, 484.317962646, 1355.28344727, 2172.0246582, 1267.16894531, 2525.83959961, 929.966674805, 1284.70056152, 1885.44665527, 2794.0324707, 1776.47570801, 1681.00390625, 430.473999023, 417.486572266, 708.899536133, 462.724761963, 430.865264893, 178.226242065, 67.3913803101, 55.6053352356, 111.044502258, 84.3923873901, 61.0177574158, 32.8798789978, 30.9485416412, 9.32113170624, 4.16879749298, 1.35816526413, 0.0492418818176, 0.00117273780052, 0.000193578554899],
        "mean": [0.171956524253, 1.11909592152, 1.4752805233, 2.1761469841, 2.98859333992, 3.81692814827, 5.1016459465, 5.02480268478, 10.1222133636, 9.06072044373, 10.4790887833, 20.8394145966, 44.5692825317, 68.0489807129, 82.5206222534, 50.6938247681, 34.7759246826, 47.9617195129, 82.7221603394, 53.0431480408, 27.8113689423, 21.1176052094, 17.3588829041, 24.9567241669, 23.210018158, 17.4993991852, 13.6653318405, 6.12908267975, 4.84788417816, 6.10176944733, 6.15602779388, 3.87644553185, 2.74466514587, 1.32121837139, 0.502425789833, 0.225759327412, 0.0289635453373, 0.00071021495387, 4.58356407762e-05, 3.31086375809e-05],
        "median": [0.0736053138971, 0.481710284948, 0.672112941742, 1.02685081959, 1.6959207058, 1.99347579479, 2.80476307869, 2.79367613792, 3.50105762482, 3.51047325134, 5.18720197678, 5.83997058868, 15.9835233688, 25.2317638397, 12.9840555191, 13.1133594513, 11.4491386414, 17.4602813721, 28.2154273987, 18.1958084106, 12.424700737, 10.2973508835, 9.09441184998, 16.520029068, 16.3363494873, 11.2358026505, 8.97861289978, 3.74851083755, 2.95727348328, 3.73933553696, 3.40966153145, 2.14492440224, 1.7015478611, 0.704938530922, 0.234163060784, 0.104281388223, 0.0138018326834, 0.000324349093717, 3.12183874485e-05, 2.77053677564e-05],
        "min": [4.66961782603e-22, 2.73950970352e-21, 2.22576240574e-20, 7.92397667795e-20, 6.10097529793e-20, 5.69479084308e-20, 1.27448964403e-19, 1.07282695272e-19, 2.61117680778e-19, 7.19149221891e-19, 8.30454748514e-19, 9.29071169444e-19, 2.22302597595e-18, 2.34752513674e-18, 1.58697919581e-18, 3.51130890839e-18, 3.72075186667e-18, 5.12080633862e-18, 1.81902434733e-18, 3.77047865638e-18, 4.03640440201e-18, 6.43887894005e-18, 8.47361916984e-18, 7.31702959477e-18, 1.72499252325e-17, 1.39241727878e-17, 1.07236827849e-17, 1.47545645155e-17, 1.83739511884e-17, 1.86931419888e-17, 2.17478637427e-17, 2.02334598229e-17, 1.63447464513e-17, 1.03009413795e-17, 7.9997108533e-18, 4.44002304601e-18, 2.42610047069e-18, 1.04719555945e-18, 3.24624498156e-19, 3.32403498507e-20],
        "var": [0.0633598417044, 3.50311350822, 9.10636043549, 12.4440698624, 15.2160873413, 34.77293396, 52.0605621338, 49.2191009521, 495.150756836, 402.253387451, 324.070037842, 3601.39404297, 9365.84277344, 12167.0820312, 27501.4394531, 8365.24316406, 4523.734375, 7227.88525391, 22245.34375, 13074.8847656, 2726.29516602, 1108.27722168, 721.295898438, 920.142700195, 760.58782959, 558.688110352, 243.150604248, 53.2931365967, 30.4682731628, 53.8754043579, 54.8085098267, 22.6824207306, 10.61165905, 3.33113884926, 0.573061525822, 0.112228117883, 0.00295546860434, 3.15925331051e-06, 3.10135339632e-09, 5.74733094449e-10]
    },
    "gfcc": {
        "mean": [-0.638641119003, 74.2067337036, -134.394271851, 41.2497558594, -60.3559036255, 34.7396850586, -36.9352722168, 18.7824935913, -26.263841629, 3.55905175209, -9.56021785736, -1.29383695126, -2.28973555565],
        "cov": [[7005.20800781, -1019.30871582, -916.943908691, -156.587753296, -402.823486328, 411.848419189, -163.190826416, 36.678352356, -262.109161377, 335.448730469, -270.352416992, 159.279220581, -307.090759277], [-1019.30871582, 1016.72436523, 613.374694824, 367.4190979, 264.953796387, -62.4158058167, 84.5657653809, -69.7802124023, 83.4320983887, -66.9672927856, 160.585144043, -56.6716766357, 93.6382598877], [-916.943908691, 613.374694824, 1327.15148926, 614.634094238, 233.268188477, 19.2070980072, -132.476638794, 25.3998603821, 41.3772697449, -4.04640865326, 121.737533569, 41.3770141602, 29.3128986359], [-156.587753296, 367.4190979, 614.634094238, 557.162109375, 191.810058594, 37.3615760803, -9.97091293335, 17.4099388123, 54.7840766907, 23.0882511139, 112.252609253, -9.61100387573, 41.5786170959], [-402.823486328, 264.953796387, 233.268188477, 191.810058594, 245.679077148, 64.7521209717, 80.4859542847, -4.27221441269, 34.2676048279, -0.543114721775, 52.3470954895, -5.06533050537, 47.234375], [411.848419189, -62.4158058167, 19.2070980072, 37.3615760803, 64.7521209717, 209.482452393, 87.0387954712, -0.495959669352, -13.231842041, 41.1491127014, 1.98365688324, 11.7671413422, 5.00350856781], [-163.190826416, 84.5657653809, -132.476638794, -9.97091293335, 80.4859542847, 87.0387954712, 237.299621582, 12.4454555511, 40.5988998413, 10.7359638214, 23.1896591187, -11.854473114, 25.5686531067], [36.678352356, -69.7802124023, 25.3998603821, 17.4099388123, -4.27221441269, -0.495959669352, 12.4454555511, 116.632072449, 49.8681983948, 15.4297847748, 12.5754308701, 15.937374115, 5.43775606155], [-262.109161377, 83.4320983887, 41.3772697449, 54.7840766907, 34.2676048279, -13.231842041, 40.5988998413, 49.8681983948, 119.965667725, 16.7804222107, 46.7095870972, 4.42388248444, 28.1432418823], [335.448730469, -66.9672927856, -4.04640865326, 23.0882511139, -0.543114721775, 41.1491127014, 10.7359638214, 15.4297847748, 16.7804222107, 129.346954346, 45.3865966797, 7.51483726501, -24.2551040649], [-270.352416992, 160.585144043, 121.737533569, 112.252609253, 52.3470954895, 1.98365688324, 23.1896591187, 12.5754308701, 46.7095870972, 45.3865966797, 156.144470215, -2.99019384384, 33.5648612976], [159.279220581, -56.6716766357, 41.3770141602, -9.61100387573, -5.06533050537, 11.7671413422, -11.854473114, 15.937374115, 4.42388248444, 7.51483726501, -2.99019384384, 111.826507568, 7.88059711456], [-307.090759277, 93.6382598877, 29.3128986359, 41.5786170959, 47.234375, 5.00350856781, 25.5686531067, 5.43775606155, 28.1432418823, -24.2551040649, 33.5648612976, 7.88059711456, 109.114479065]],
        "icov": [[0.000536216655746, -0.000687204301357, 0.00105502805673, -0.00106550683267, 0.000923945335671, -0.00157678511459, 0.00110952812247, -0.000990597880445, 0.000959262484685, -0.00125400361139, 0.00106438889634, -0.00111676019151, 0.0009102281183], [-0.000687204301357, 0.00398587808013, -0.00268217665143, 0.00147577584721, -0.00257179373875, 0.00384593312629, -0.00319449766539, 0.00387600809336, -0.00232474552467, 0.00295914849266, -0.00303098675795, 0.00263802846894, -0.0017048267182], [0.00105502805673, -0.00268217665143, 0.00455755414441, -0.00391738396138, 0.00158378016204, -0.00411955779418, 0.0042241923511, -0.00335377175361, 0.00237338640727, -0.0023583532311, 0.00235916418023, -0.00351038319059, 0.00261141732335], [-0.00106550683267, 0.00147577584721, -0.00391738396138, 0.0067443982698, -0.00340256141499, 0.00297712837346, -0.00214661238715, 0.00198420812376, -0.0025294222869, 0.00202018232085, -0.00318809528835, 0.00335117522627, -0.00220215064473], [0.000923945335671, -0.00257179373875, 0.00158378016204, -0.00340256141499, 0.00980420131236, -0.00460803229362, 0.000220534435357, -0.00168092118111, 0.00153154518921, -0.00228396127932, 0.00245704082772, -0.00215962901711, 0.000175166656845], [-0.00157678511459, 0.00384593312629, -0.00411955779418, 0.00297712837346, -0.00460803229362, 0.0127476910129, -0.00702476548031, 0.00416296720505, -0.0010874196887, 0.0017146023456, -0.00285970745608, 0.00319245038554, -0.00360632035881], [0.00110952812247, -0.00319449766539, 0.0042241923511, -0.00214661238715, 0.000220534435357, -0.00702476548031, 0.0105375815183, -0.0038532812614, 0.000370260328054, -0.00245781941339, 0.00227088737302, -0.00248469715007, 0.00233571091667], [-0.000990597880445, 0.00387600809336, -0.00335377175361, 0.00198420812376, -0.00168092118111, 0.00416296720505, -0.0038532812614, 0.0149813620374, -0.00751595245674, 0.00275501306169, -0.00271672592498, 0.00191134854686, -0.00202760961838], [0.000959262484685, -0.00232474552467, 0.00237338640727, -0.0025294222869, 0.00153154518921, -0.0010874196887, 0.000370260328054, -0.00751595245674, 0.0152675164863, -0.00403245165944, 0.000656675023492, -0.00265075080097, -0.000149105937453], [-0.00125400361139, 0.00295914849266, -0.0023583532311, 0.00202018232085, -0.00228396127932, 0.0017146023456, -0.00245781941339, 0.00275501306169, -0.00403245165944, 0.0146242938936, -0.00726583786309, 0.00227131531574, 0.0015056974953], [0.00106438889634, -0.00303098675795, 0.00235916418023, -0.00318809528835, 0.00245704082772, -0.00285970745608, 0.00227088737302, -0.00271672592498, 0.000656675023492, -0.00726583786309, 0.0129443360493, -0.00229749060236, -0.000751868297812], [-0.00111676019151, 0.00263802846894, -0.00351038319059, 0.00335117522627, -0.00215962901711, 0.00319245038554, -0.00248469715007, 0.00191134854686, -0.00265075080097, 0.00227131531574, -0.00229749060236, 0.0126234814525, -0.00348172476515], [0.0009102281183, -0.0017048267182, 0.00261141732335, -0.00220215064473, 0.000175166656845, -0.00360632035881, 0.00233571091667, -0.00202760961838, -0.000149105937453, 0.0015056974953, -0.000751868297812, -0.00348172476515, 0.013826216571]]
    },
    "melbands": {
        "dmean": [0.000853973731864, 0.000682322599459, 0.000242509006057, 0.000136558082886, 9.38628218137e-05, 6.78239011904e-05, 0.000101353994978, 6.34670286672e-05, 5.1665090723e-05, 8.37055631564e-05, 0.000140548319905, 0.000158710448886, 0.000144980091136, 0.000112346482638, 4.99665984535e-05, 4.12536501244e-05, 5.10769641551e-05, 8.21937937872e-05, 5.04654453835e-05, 2.65024664259e-05, 1.65342917171e-05, 1.28810743263e-05, 7.46265868656e-06, 8.25077131594e-06, 1.02183294075e-05, 1.01544901554e-05, 7.5690209087e-06, 4.95343374496e-06, 4.58016620541e-06, 2.50795233114e-06, 1.38441339459e-06, 1.2279430166e-06, 1.3265968164e-06, 1.56372777838e-06, 1.50904588736e-06, 1.39990368098e-06, 9.46599186591e-07, 8.35929597542e-07, 7.81059441124e-07, 4.35090697692e-07],
        "dmean2": [0.00141158816405, 0.00113123340998, 0.000409944273997, 0.0002236431028, 0.000152918044478, 0.000109418389911, 0.00016262603458, 0.000103586855403, 8.42078516143e-05, 0.000139115320053, 0.000232520673308, 0.000258844986092, 0.000232822960243, 0.000176256507984, 7.98328183009e-05, 6.71221932862e-05, 8.12107318779e-05, 0.000129517604364, 8.05375166237e-05, 4.21601071139e-05, 2.66056504188e-05, 2.09619556699e-05, 1.21460088849e-05, 1.34674655783e-05, 1.63666954904e-05, 1.61619918799e-05, 1.15455468404e-05, 7.7670911196e-06, 7.23768107491e-06, 3.94249082092e-06, 2.12363715946e-06, 1.90586820281e-06, 2.07433004107e-06, 2.42762712332e-06, 2.3467707706e-06, 2.13617659028e-06, 1.40932866088e-06, 1.27153293761e-06, 1.20773574963e-06, 6.57024827433e-07],
        "dvar": [2.58832460531e-06, 2.4470336939e-06, 2.58093621142e-07, 5.05618977797e-08, 2.45186697612e-08, 1.53904213818e-08, 7.05071343532e-08, 2.96605673356e-08, 1.28008688094e-08, 9.7080707917e-08, 1.12431528976e-07, 9.07888235702e-08, 1.11081718046e-07, 9.18399010175e-08, 1.56179567057e-08, 1.55401487234e-08, 1.32960904509e-08, 3.96903949706e-08, 1.90801667799e-08, 3.70380948134e-09, 2.45984055347e-09, 7.64582508417e-10, 2.30982635796e-10, 2.67765143391e-10, 3.5647371166e-10, 2.83971901549e-10, 2.82594142531e-10, 7.00848754032e-11, 5.28863099147e-11, 1.71255960801e-11, 5.0474104063e-12, 3.59754760704e-12, 4.17802728178e-12, 6.83662328138e-12, 5.75337043632e-12, 4.98209156222e-12, 2.84134673255e-12, 2.19474373571e-12, 1.81596914155e-12, 9.52990832949e-13],
        "dvar2": [7.26865800971e-06, 6.63980335958e-06, 6.87770807417e-07, 1.24693471548e-07, 6.2379321264e-08, 3.88773138127e-08, 1.66292096537e-07, 7.75443069756e-08, 3.26960716279e-08, 2.81358694565e-07, 3.03316141981e-07, 2.44372131419e-07, 2.88521732728e-07, 2.28046800999e-07, 3.94559975803e-08, 4.05409679161e-08, 3.44395409968e-08, 1.05018521879e-07, 4.83995741263e-08, 9.16244502491e-09, 6.23310869585e-09, 1.85066595382e-09, 5.90091420172e-10, 6.71559030607e-10, 8.79775030604e-10, 6.84273471219e-10, 5.71737657218e-10, 1.63528218744e-10, 1.25642468651e-10, 4.06163852551e-11, 1.13610744076e-11, 8.35636768115e-12, 9.94717329339e-12, 1.652662035e-11, 1.37444170628e-11, 1.14452189046e-11, 5.88288402367e-12, 4.66828615694e-12, 4.13944746536e-12, 2.10344372129e-12],
        "max": [0.0196633338928, 0.0349629670382, 0.00940686278045, 0.00318323564716, 0.00254363124259, 0.00260201841593, 0.00879425555468, 0.0042504472658, 0.00366962351836, 0.00988627132028, 0.0106392959133, 0.00497443135828, 0.0101285111159, 0.00574508868158, 0.00379405030981, 0.00505465827882, 0.00421408377588, 0.00578413810581, 0.00436370866373, 0.00276509579271, 0.00212308368646, 0.000589854898863, 0.00040655239718, 0.000416236318415, 0.000642886501737, 0.000352339498932, 0.000594600162003, 0.000239664441324, 0.000105187413283, 0.000155142886797, 4.22792290919e-05, 3.50264599547e-05, 4.47622733191e-05, 6.81503297528e-05, 6.44516476314e-05, 4.61098898086e-05, 4.40922412963e-05, 2.50558223343e-05, 2.51523015322e-05, 2.83083354589e-05],
        "mean": [0.00152890826575, 0.00104983453639, 0.000390654313378, 0.000257520616287, 0.000173993699718, 0.000121254648548, 0.000147571903653, 9.84657453955e-05, 9.07604626263e-05, 0.000138384872116, 0.000234928418649, 0.000282215187326, 0.000263243826339, 0.000215596228372, 9.28023364395e-05, 7.03620753484e-05, 9.2426664196e-05, 0.000148418388562, 9.65262297541e-05, 4.73926884297e-05, 2.78843472188e-05, 2.3308193704e-05, 1.47679565998e-05, 1.55200687004e-05, 2.09041463677e-05, 1.99854639504e-05, 1.53431501531e-05, 1.06372935988e-05, 9.73932674242e-06, 5.39387428944e-06, 2.90227035293e-06, 2.60374963545e-06, 2.92980007544e-06, 3.61146453542e-06, 3.62753758054e-06, 3.20596518577e-06, 2.01946681955e-06, 1.89914248949e-06, 1.79368896625e-06, 8.62033346039e-07],
        "median": [0.000721578544471, 0.000502186594531, 0.000225043462706, 0.000140897071105, 0.000100059369288, 6.75454939483e-05, 4.96699976793e-05, 3.6404151615e-05, 4.02728946938e-05, 3.26984445564e-05, 7.98170804046e-05, 9.95043228613e-05, 4.0532751882e-05, 2.72233628493e-05, 2.85768583126e-05, 1.61407369887e-05, 2.92324621114e-05, 3.8222369767e-05, 1.89446018339e-05, 1.89690672414e-05, 1.06683428385e-05, 1.05275366877e-05, 7.0003206929e-06, 8.24409471534e-06, 1.29890595417e-05, 1.27386047097e-05, 8.13057158666e-06, 6.52081507724e-06, 5.7492184169e-06, 2.99935663861e-06, 1.53966004746e-06, 1.50451376157e-06, 1.82140126981e-06, 2.08653182199e-06, 1.94106382878e-06, 1.73470266418e-06, 1.02899275589e-06, 1.10780808882e-06, 9.98457153401e-07, 3.90514799165e-07],
        "min": [5.51927439528e-24, 1.04297935075e-23, 1.42737580819e-23, 3.33534335032e-24, 5.578493789e-24, 2.00904570987e-24, 5.02701730181e-24, 8.05899275255e-24, 6.39651454316e-24, 6.09627250491e-24, 1.16784214809e-23, 9.29073121401e-24, 4.39407948767e-24, 8.22785000703e-24, 1.07000138662e-23, 1.00692564637e-23, 9.22753004487e-24, 2.31151036372e-24, 3.80391213409e-24, 6.54724692948e-24, 4.31966111089e-24, 5.50000449552e-24, 9.76378664418e-24, 7.49421804264e-24, 4.95301031599e-24, 1.04368538126e-23, 1.2016396314e-23, 7.20437476885e-24, 5.76278076836e-24, 8.54802734922e-24, 7.33873592481e-24, 9.73452306004e-24, 1.13938296542e-23, 9.57444740516e-24, 1.2507782505e-23, 1.23053347643e-23, 9.87767528193e-24, 1.06212997474e-23, 1.09282360593e-23, 8.11257060751e-24],
        "var": [4.75725892102e-06, 3.43650208379e-06, 3.16636402431e-07, 1.28550112777e-07, 5.29259445159e-08, 2.70145754655e-08, 1.04094525e-07, 4.46350902905e-08, 2.6996806568e-08, 1.89764293168e-07, 2.4418991984e-07, 2.01246919573e-07, 2.598978881e-07, 2.47345013804e-07, 3.94582038155e-08, 3.22064934721e-08, 3.24362048332e-08, 9.02917420831e-08, 6.95647486282e-08, 8.85673578921e-09, 3.45260620094e-09, 1.65146785136e-09, 5.92380589026e-10, 6.44275854889e-10, 7.22838011669e-10, 5.91956539342e-10, 8.51658188417e-10, 1.94796234698e-10, 1.41398726061e-10, 5.65750259141e-11, 1.48904985564e-11, 9.92681110923e-12, 1.19000790125e-11, 2.12243868314e-11, 2.09335725837e-11, 1.52148051102e-11, 7.48660161642e-12, 5.84016949384e-12, 5.07291344348e-12, 1.94774838619e-12]
    },
    "mfcc": {
        "mean": [-634.182067871, 94.7449035645, -6.61512756348, 12.6412973404, 6.82564783096, 8.31510257721, 10.5438318253, 9.58288669586, -0.997022688389, 11.3245458603, -5.32274532318, -4.47448587418, 1.63342106342],
        "cov": [[6866.91552734, -1078.95605469, -839.748474121, -594.159484863, -535.74230957, 165.807067871, -98.59349823, -98.5117416382, -58.5465011597, 21.4899406433, -24.3246822357, 20.0365180969, 69.3926620483], [-1078.95605469, 738.635925293, 316.13079834, 270.415283203, 186.033813477, 69.2535858154, 76.138420105, 24.3292064667, -0.492039084435, -14.5678663254, 11.717215538, 27.3788719177, 8.86878013611], [-839.748474121, 316.13079834, 1038.69213867, 493.243469238, 437.674926758, 73.8278579712, 53.3385925293, 13.023226738, -51.2122650146, 11.3882675171, 21.4896907806, 40.9262733459, 36.1408843994], [-594.159484863, 270.415283203, 493.243469238, 512.498596191, 290.508514404, 70.450340271, 64.5275344849, 22.6362438202, -5.86424160004, 40.9411125183, 17.3163852692, 43.2124671936, 47.9817352295], [-535.74230957, 186.033813477, 437.674926758, 290.508514404, 350.985412598, 40.9792518616, 46.0497932434, 12.4549484253, -16.6232261658, 23.648645401, -15.3682279587, 15.8537406921, 39.5486869812], [165.807067871, 69.2535858154, 73.8278579712, 70.450340271, 40.9792518616, 229.982452393, 103.861785889, 25.6059036255, 21.3370895386, 25.2721176147, 10.8283243179, -2.60735988617, 20.3654956818], [-98.59349823, 76.138420105, 53.3385925293, 64.5275344849, 46.0497932434, 103.861785889, 166.87600708, 19.7102031708, 7.54935741425, 61.1554794312, 3.75669908524, 4.0409860611, 16.5492649078], [-98.5117416382, 24.3292064667, 13.023226738, 22.6362438202, 12.4549484253, 25.6059036255, 19.7102031708, 125.242271423, 55.7597160339, -11.9840202332, -0.437272340059, -2.54090833664, 20.4311618805], [-58.5465011597, -0.492039084435, -51.2122650146, -5.86424160004, -16.6232261658, 21.3370895386, 7.54935741425, 55.7597160339, 115.487983704, 7.07614660263, -3.16360974312, -13.6080389023, 4.67461490631], [21.4899406433, -14.5678663254, 11.3882675171, 40.9411125183, 23.648645401, 25.2721176147, 61.1554794312, -11.9840202332, 7.07614660263, 135.042037964, 28.642583847, 6.08979892731, 9.97332954407], [-24.3246822357, 11.717215538, 21.4896907806, 17.3163852692, -15.3682279587, 10.8283243179, 3.75669908524, -0.437272340059, -3.16360974312, 28.642583847, 108.33278656, 39.8726501465, -1.93259358406], [20.0365180969, 27.3788719177, 40.9262733459, 43.2124671936, 15.8537406921, -2.60735988617, 4.0409860611, -2.54090833664, -13.6080389023, 6.08979892731, 39.8726501465, 93.7671356201, 39.8610954285], [69.3926620483, 8.86878013611, 36.1408843994, 47.9817352295, 39.5486869812, 20.3654956818, 16.5492649078, 20.4311618805, 4.67461490631, 9.97332954407, -1.93259358406, 39.8610954285, 109.598846436]],
