{
"lowlevel": {
    "average_loudness": 0.771094918251,
    "barkbands_crest": {
        "dmean": 1.9710214138,
        "dmean2": 3.19659590721,
        "dvar": 3.48501753807,
        "dvar2": 8.85683345795,
        "max": 25.0803642273,
        "mean": 9.81921482086,
        "median": 9.13864517212,
        "min": 2.45436096191,
        "var": 14.5772256851
    },
    "barkbands_flatness_db": {
        "dmean": 0.0169911514968,
        "dmean2": 0.0260655805469,
        "dvar": 0.000277822924545,
        "dvar2": 0.000614807417151,
        "max": 0.386375784874,
        "mean": 0.165413767099,
        "median": 0.158653587103,
        "min": 0.0276015363634,
        "var": 0.00234083854593
    },
    "barkbands_kurtosis": {
        "dmean": 2.30267763138,
        "dmean2": 3.56186366081,
        "dvar": 19.7381877899,
        "dvar2": 46.6268692017,
        "max": 109.113929749,
        "mean": 4.71902179718,
        "median": 2.24667668343,
        "min": -1.82193899155,
        "var": 59.832649231
    },
    "barkbands_skewness": {
        "dmean": 0.398485273123,
        "dmean2": 0.606149435043,
        "dvar": 0.204558447003,
        "dvar2": 0.457736313343,
        "max": 8.29680633545,
        "mean": 1.59621787071,
        "median": 1.40812301636,
        "min": -1.9917100668,
        "var": 1.25075650215
    },
    "barkbands_spread": {
        "dmean": 3.57719087601,
        "dmean2": 5.26928043365,
        "dvar": 21.0901107788,
        "dvar2": 40.3778114319,
        "max": 85.2595062256,
        "mean": 17.6856155396,
        "median": 14.9797964096,
        "min": 0.70037728548,
        "var": 128.146453857
    },
    "dissonance": {
        "dmean": 0.0210302248597,
        "dmean2": 0.0358440838754,
        "dvar": 0.000422948709456,
        "dvar2": 0.00120687263552,
        "max": 0.500000059605,
        "mean": 0.45464348793,
        "median": 0.46108815074,
        "min": 0.137642785907,
        "var": 0.00105670338962
    },
    "dynamic_complexity": 3.13310241699,
    "erbbands_crest": {
        "dmean": 2.5048186779,
        "dmean2": 3.98324918747,
        "dvar": 5.65252828598,
        "dvar2": 13.0784912109,
        "max": 29.0658016205,
        "mean": 9.69923686981,
        "median": 8.60601234436,
        "min": 2.62565350533,
        "var": 19.5250892639
    },
    "erbbands_flatness_db": {
        "dmean": 0.0152515769005,
        "dmean2": 0.0214503165334,
        "dvar": 0.000224082861678,
        "dvar2": 0.00040476792492,
        "max": 0.364160358906,
        "mean": 0.177489563823,
        "median": 0.176106959581,
        "min": 0.0554977543652,
        "var": 0.00223532319069
    },
    "erbbands_kurtosis": {
        "dmean": 0.85005402565,
        "dmean2": 1.33570182323,
        "dvar": 1.31244623661,
        "dvar2": 3.02787613869,
        "max": 25.7973117828,
        "mean": 0.86726140976,
        "median": 0.360849380493,
        "min": -1.74301147461,
        "var": 4.49752140045
    },
    "erbbands_skewness": {
        "dmean": 0.308948546648,
        "dmean2": 0.466619312763,
        "dvar": 0.0777169466019,
        "dvar2": 0.172019585967,
        "max": 4.76681900024,
        "mean": 0.567149281502,
        "median": 0.581728935242,
        "min": -2.2836689949,
        "var": 0.527219891548
    },
    "erbbands_spread": {
        "dmean": 5.98880147934,
        "dmean2": 8.87933921814,
        "dvar": 58.8561897278,
        "dvar2": 113.81199646,
        "max": 154.476470947,
        "mean": 33.3043861389,
        "median": 28.7807426453,
        "min": 2.87047743797,
        "var": 347.213165283
    },
    "hfc": {
        "dmean": 3.51983237267,
        "dmean2": 5.16309118271,
        "dvar": 18.9278011322,
        "dvar2": 40.7605514526,
        "max": 109.356643677,
        "mean": 17.8468952179,
        "median": 14.2089824677,
        "min": 1.05487769333e-16,
        "var": 217.39263916
    },
    "melbands_crest": {
        "dmean": 2.60919880867,
        "dmean2": 4.26905965805,
        "dvar": 5.94972991943,
        "dvar2": 15.6974563599,
        "max": 38.3487930298,
        "mean": 14.308095932,
        "median": 13.2822027206,
        "min": 1.02473282814,
        "var": 29.9189853668
    },
    "melbands_flatness_db": {
        "dmean": 0.019445490092,
        "dmean2": 0.0292643476278,
        "dvar": 0.000411974848248,
        "dvar2": 0.000902770087123,
        "max": 0.512014269829,
        "mean": 0.219908729196,
        "median": 0.212817490101,
        "min": 1.12310672193e-05,
        "var": 0.00456708995625
    },
    "melbands_kurtosis": {
        "dmean": 5.15612840652,
        "dmean2": 8.05084228516,
        "dvar": 110.555160522,
        "dvar2": 276.971282959,
        "max": 234.904983521,
        "mean": 12.4800271988,
        "median": 6.57127046585,
        "min": -1.66716015339,
        "var": 317.756072998
    },
    "melbands_skewness": {
        "dmean": 0.540219068527,
        "dmean2": 0.8314909935,
        "dvar": 0.421915590763,
        "dvar2": 0.979368567467,
        "max": 13.5777521133,
        "mean": 2.44584012032,
        "median": 2.08717036247,
        "min": -0.80073350668,
        "var": 2.45803260803
    },
    "melbands_spread": {
        "dmean": 3.98322558403,
        "dmean2": 5.9967250824,
        "dvar": 27.208902359,
        "dvar2": 54.9363327026,
        "max": 139.623062134,
        "mean": 18.5921440125,
        "median": 16.2697811127,
        "min": 0.658689856529,
        "var": 162.158874512
    },
    "pitch_salience": {
        "dmean": 0.0564309842885,
        "dmean2": 0.0923228859901,
        "dvar": 0.00261130393483,
        "dvar2": 0.0068313581869,
        "max": 0.997703313828,
        "mean": 0.537822782993,
        "median": 0.532444834709,
        "min": 0.0673695355654,
        "var": 0.0134049449116
    },
    "silence_rate_20dB": {
        "dmean": 0,
        "dmean2": 0,
        "dvar": 0,
        "dvar2": 0,
        "max": 1,
        "mean": 1,
        "median": 1,
        "min": 1,
        "var": 0
    },
    "silence_rate_30dB": {
        "dmean": 0.00191547942813,
        "dmean2": 0.00383141753264,
        "dvar": 0.00191186321899,
        "dvar2": 0.00525350077078,
        "max": 1,
        "mean": 0.998683273792,
        "median": 1,
        "min": 0,
        "var": 0.00131501164287
    },
    "silence_rate_60dB": {
        "dmean": 0.0134083563462,
        "dmean2": 0.0268199238926,
        "dvar": 0.0132304104045,
        "dvar2": 0.0313693396747,
        "max": 1,
        "mean": 0.0506344251335,
        "median": 0,
        "min": 0,
        "var": 0.0480703897774
    },
    "spectral_centroid": {
        "dmean": 160.782333374,
        "dmean2": 238.962585449,
        "dvar": 39333.0976562,
        "dvar2": 74485.125,
        "max": 11276.1953125,
        "mean": 1110.0625,
        "median": 964.075500488,
        "min": 170.685531616,
        "var": 395325.78125
    },
    "spectral_complexity": {
        "dmean": 2.43648982048,
        "dmean2": 3.93438696861,
        "dvar": 5.29508018494,
        "dvar2": 12.2153596878,
        "max": 59,
        "mean": 17.4521179199,
        "median": 16,
        "min": 0,
        "var": 83.098236084
    },
    "spectral_decrease": {
        "dmean": 1.65690727805e-09,
        "dmean2": 2.67856070657e-09,
        "dvar": 8.21372894754e-18,
        "dvar2": 2.11972873639e-17,
        "max": 9.80741004654e-29,
        "mean": -6.89172674484e-09,
        "median": -5.92349680417e-09,
        "min": -4.6138541876e-08,
        "var": 2.51850026743e-17
    },
    "spectral_energy": {
        "dmean": 0.00648518884555,
        "dmean2": 0.0104551054537,
        "dvar": 0.000121692144603,
        "dvar2": 0.000312936026603,
        "max": 0.17789798975,
        "mean": 0.0276297368109,
        "median": 0.0237237662077,
        "min": 9.79693168903e-21,
        "var": 0.000395465962356
    },
    "spectral_energyband_high": {
        "dmean": 0.000142747230711,
        "dmean2": 0.000197166009457,
        "dvar": 6.32137400203e-08,
        "dvar2": 1.18527438531e-07,
        "max": 0.00602394202724,
        "mean": 0.000453281274531,
        "median": 0.000234318882576,
        "min": 7.52836058633e-21,
        "var": 3.75015190457e-07
    },
    "spectral_energyband_low": {
        "dmean": 0.00377174210735,
        "dmean2": 0.00636270735413,
        "dvar": 9.50499015744e-05,
        "dvar2": 0.000254972255789,
        "max": 0.142536208034,
        "mean": 0.00978479068726,
        "median": 0.00773358903825,
        "min": 3.06316267219e-23,
        "var": 0.000131872409838
    },
    "spectral_energyband_middle_high": {
        "dmean": 0.00147382833529,
        "dmean2": 0.00220857188106,
        "dvar": 5.06893002239e-06,
        "dvar2": 1.17482604765e-05,
        "max": 0.0583988130093,
        "mean": 0.0056530199945,
        "median": 0.00302078109235,
        "min": 1.29381357269e-21,
        "var": 4.35700603703e-05
    },
    "spectral_energyband_middle_low": {
        "dmean": 0.00389974866994,
        "dmean2": 0.00616625510156,
        "dvar": 2.50565117312e-05,
        "dvar2": 6.31309230812e-05,
        "max": 0.0909653455019,
        "mean": 0.0126382885501,
        "median": 0.0101081551984,
        "min": 1.8975024187e-22,
        "var": 0.000118286174256
    },
    "spectral_entropy": {
        "dmean": 0.137742549181,
        "dmean2": 0.200407296419,
        "dvar": 0.0232594963163,
        "dvar2": 0.0441630929708,
        "max": 9.80232620239,
        "mean": 7.37486982346,
        "median": 7.39165210724,
        "min": 5.10805273056,
        "var": 0.20892880857
    },
    "spectral_flux": {
        "dmean": 0.017785878852,
        "dmean2": 0.0283083897084,
        "dvar": 0.000537399202585,
        "dvar2": 0.00119979085866,
        "max": 0.374417871237,
        "mean": 0.074157781899,
        "median": 0.0689462274313,
        "min": 6.31284330366e-11,
        "var": 0.00177622144111
    },
    "spectral_kurtosis": {
        "dmean": 1.83186900616,
        "dmean2": 3.02159523964,
        "dvar": 5.82256317139,
        "dvar2": 15.367108345,
        "max": 88.822479248,
        "mean": 5.7735490799,
        "median": 4.99070167542,
        "min": -1.28966379166,
        "var": 21.9987640381
    },
    "spectral_rms": {
        "dmean": 0.000570703530684,
        "dmean2": 0.000902622472495,
        "dvar": 5.78988931466e-07,
        "dvar2": 1.39438532187e-06,
        "max": 0.0131741799414,
        "mean": 0.00484686344862,
        "median": 0.00481093954295,
        "min": 3.09159859171e-12,
        "var": 3.46375350091e-06
    },
    "spectral_rolloff": {
        "dmean": 273.384002686,
        "dmean2": 450.073730469,
        "dvar": 365150.4375,
        "dvar2": 709182.6875,
        "max": 18949.21875,
        "mean": 1167.26489258,
        "median": 861.328125,
        "min": 43.06640625,
        "var": 1275316.75
    },
    "spectral_skewness": {
        "dmean": 0.217183306813,
        "dmean2": 0.344074428082,
        "dvar": 0.0520892217755,
        "dvar2": 0.123596057296,
        "max": 7.10839891434,
        "mean": 1.82640552521,
        "median": 1.78586697578,
        "min": -0.034133028239,
        "var": 0.381175279617
    },
    "spectral_spread": {
        "dmean": 505739.78125,
        "dmean2": 688878.625,
        "dvar": 588740100096,
        "dvar2": 930211823616,
        "max": 41837312,
        "mean": 4303421,
        "median": 3910041,
        "min": 903967.1875,
        "var": 3.08281186714e+12
    },
    "spectral_strongpeak": {
        "dmean": 0.466850489378,
        "dmean2": 0.796039223671,
        "dvar": 0.597379624844,
        "dvar2": 1.49014854431,
        "max": 10.0209474564,
        "mean": 0.929684937,
        "median": 0.488450229168,
        "min": 0,
        "var": 1.17384135723
    },
    "zerocrossingrate": {
        "dmean": 0.00715849641711,
        "dmean2": 0.00837964750826,
        "dvar": 0.000100106015452,
        "dvar2": 0.000114279377158,
        "max": 0.52880859375,
        "mean": 0.0501379035413,
        "median": 0.04443359375,
        "min": 0.00439453125,
        "var": 0.000943048449699
    },
    "barkbands": {
        "dmean": [0.000236554740695, 0.00190681673121, 0.00201786844991, 0.0009367565508, 0.00129001878668, 0.00142309465446, 0.000729170569684, 0.000893275486305, 0.000991305918433, 0.000708152423613, 0.000505017233081, 0.00034893193515, 0.000360982026905, 0.000329293048708, 0.000257978681475, 0.000193554005818, 0.000154806533828, 0.000175161258085, 9.26452703425e-05, 5.73191937292e-05, 4.02382429456e-05, 2.98283976008e-05, 3.05252870021e-05, 3.47343557223e-05, 2.11144688365e-05, 9.74108843366e-06, 7.49293533886e-08],
        "dmean2": [0.000409447908169, 0.00316681782715, 0.00353497383185, 0.00156891869847, 0.00212283851579, 0.00228399573825, 0.00113638280891, 0.00135265558492, 0.00156390375923, 0.00110100046732, 0.000796990876552, 0.000550610711798, 0.000569198513404, 0.000521907408256, 0.00040860005538, 0.000306899426505, 0.000245375995291, 0.000270927761449, 0.00014613084204, 9.15847631404e-05, 6.34236275801e-05, 4.68106045446e-05, 4.49475701316e-05, 4.95672466059e-05, 2.93372086162e-05, 1.38323885039e-05, 1.37838199521e-07],
        "dvar": [6.93572246746e-07, 1.47773016579e-05, 4.41321426479e-05, 4.41071824753e-06, 4.62338903162e-06, 5.64069523534e-06, 3.33381763085e-06, 4.04345473726e-06, 4.74829766972e-06, 2.4283788207e-06, 1.20783204238e-06, 7.50626099943e-07, 8.12280745777e-07, 5.93616846345e-07, 3.52798508629e-07, 2.30333867535e-07, 1.79066248052e-07, 1.48651878362e-07, 3.25424878156e-08, 1.50424988021e-08, 9.37214128527e-09, 3.68847463683e-09, 4.08068911995e-09, 4.68410110699e-09, 2.01445571335e-09, 6.44275022221e-10, 1.76198324594e-12],
        "dvar2": [1.84592454389e-06, 3.87549953302e-05, 0.000125049788039, 1.17198551379e-05, 1.22537685456e-05, 1.43836623465e-05, 7.86550936027e-06, 8.22186211735e-06, 1.16354822239e-05, 5.77608398089e-06, 3.00329179481e-06, 1.6781884824e-06, 1.88856631667e-06, 1.39476890126e-06, 8.43377677029e-07, 5.48398588762e-07, 4.16826310357e-07, 3.47792024513e-07, 7.65084564591e-08, 3.83601168608e-08, 2.35028565498e-08, 9.16835496412e-09, 8.55952819734e-09, 8.91284024362e-09, 3.54444296136e-09, 1.28723698367e-09, 5.00451069474e-12],
        "max": [0.0154506964609, 0.0707359462976, 0.0994085818529, 0.042657520622, 0.0364586673677, 0.0338026955724, 0.0435740277171, 0.0378028079867, 0.0623688548803, 0.0395865291357, 0.0246903616935, 0.0270573683083, 0.0229122191668, 0.0173672754318, 0.0162207596004, 0.0098441792652, 0.0164067391306, 0.00846915878356, 0.00480198301375, 0.00326655828394, 0.00300766364671, 0.00179961277172, 0.00135966110975, 0.00128858361859, 0.0012121462496, 0.000918944599107, 7.38606177038e-05],
        "mean": [0.00025888349046, 0.00547440024093, 0.00343415350653, 0.00151904881932, 0.00259654526599, 0.00278128217906, 0.00134706171229, 0.00172521767672, 0.0020252650138, 0.00134862784762, 0.000906350207515, 0.000635226315353, 0.000649173511192, 0.000608381466009, 0.000450428779004, 0.000367315748008, 0.000349670124706, 0.000408383522881, 0.000229040393606, 0.000139844734804, 9.48457964114e-05, 7.38897360861e-05, 6.78902724758e-05, 7.91996862972e-05, 4.45804362244e-05, 1.49766301547e-05, 4.42327774408e-08],
        "median": [4.0359373088e-05, 0.00382486917078, 0.00168311817106, 0.000466761819553, 0.00141210306901, 0.00132016185671, 0.00044967798749, 0.000437178212451, 0.000497287721373, 0.000403601210564, 0.000357684271876, 0.000194730440853, 0.000163432530826, 0.000170801766217, 0.000145102327224, 9.14041374926e-05, 8.93841424841e-05, 0.000109222426545, 8.20221903268e-05, 5.01642243762e-05, 2.62676949205e-05, 2.46154868364e-05, 3.02866246784e-05, 4.04413076467e-05, 1.92327806872e-05, 3.79891412194e-06, 5.17905274222e-10],
        "min": [9.1671624641e-24, 9.44097056227e-24, 4.27599687092e-24, 5.18771024036e-24, 2.7276964168e-23, 1.14230104079e-23, 1.94160993539e-24, 2.35341252508e-23, 4.76309544516e-23, 3.57679284748e-23, 2.76944956234e-23, 3.59707951006e-23, 8.11565773577e-23, 7.67780396132e-23, 1.22143410789e-22, 1.66778170548e-22, 1.43228350121e-22, 1.50703002835e-22, 1.90948439544e-22, 2.08703843119e-22, 3.01731344529e-22, 3.47763587159e-22, 4.78663732649e-22, 8.89881751168e-22, 1.10513308931e-21, 1.78899658281e-21, 1.89609102663e-21],
        "var": [5.91523360072e-07, 4.03376325266e-05, 3.8890811993e-05, 9.09631944523e-06, 1.21427019621e-05, 1.37866027217e-05, 8.50408468978e-06, 1.2284094737e-05, 1.76536741492e-05, 7.4626782407e-06, 2.95831182484e-06, 2.20715037358e-06, 1.96704650079e-06, 1.66080053532e-06, 7.03879834418e-07, 5.92435924318e-07, 7.96960875959e-07, 5.50684262635e-07, 1.33898993226e-07, 6.01912759635e-08, 3.58722225258e-08, 1.71519172198e-08, 1.16582139498e-08, 1.47342857915e-08, 6.413921394e-09, 1.2032498331e-09, 1.02578525101e-12]
    },
    "erbbands": {
        "dmean": [0.0480425059795, 0.488149940968, 2.08873176575, 2.60991430283, 3.14137387276, 4.58471298218, 9.8451051712, 11.772769928, 10.8330755234, 12.4031858444, 19.9801216125, 23.9293231964, 22.0130348206, 17.1985397339, 17.3762264252, 15.3057928085, 14.9613409042, 16.1738147736, 13.3856897354, 11.8248186111, 8.4681558609, 7.26204967499, 9.22760391235, 6.13268327713, 3.49287605286, 2.82371520996, 2.11545443535, 1.2858979702, 1.12950706482, 0.923371374607, 0.89371573925, 0.832059383392, 0.539402663708, 0.293206781149, 0.130058407784, 0.0597256906331, 0.0149581441656, 0.000983287813142, 2.63246492977e-05, 8.0007903307e-06],
        "dmean2": [0.0811624526978, 0.808703064919, 3.63264465332, 4.48459911346, 5.20473241806, 7.4885263443, 15.6818418503, 19.1189994812, 16.9468822479, 19.1215705872, 30.15675354, 38.0235443115, 34.1851539612, 27.1380882263, 27.3693466187, 24.2413883209, 23.6548347473, 25.6152000427, 20.9513511658, 18.3943576813, 13.2911605835, 11.2419471741, 14.2840251923, 9.4492149353, 5.4977555275, 4.50238418579, 3.31069374084, 2.01475644112, 1.80601966381, 1.40249049664, 1.32638120651, 1.20735025406, 0.776816129684, 0.413629889488, 0.18208347261, 0.0823135524988, 0.0221829544753, 0.00165216065943, 4.20038049924e-05, 1.26835011542e-05],
        "dvar": [0.0139308543876, 0.945748627186, 38.2895126343, 54.7540779114, 41.0780830383, 68.0099411011, 274.9190979, 457.516906738, 801.027282715, 825.481140137, 2291.94628906, 3273.77246094, 2863.35351562, 1456.36608887, 1257.01049805, 1648.05541992, 1449.06982422, 1193.31433105, 993.767578125, 811.29095459, 480.563201904, 385.78894043, 477.053985596, 144.674118042, 45.1353302002, 36.8758087158, 26.8882656097, 8.95792388916, 6.07289218903, 3.97881317139, 3.63457608223, 2.78344225883, 1.19125247002, 0.357995957136, 0.0928094089031, 0.0186448488384, 0.00235057296231, 3.8817699533e-05, 3.5649382113e-08, 2.00903210734e-10],
        "dvar2": [0.0378950387239, 2.48267006874, 107.559432983, 153.175796509, 108.471084595, 177.754974365, 668.91809082, 1166.02783203, 1926.26367188, 1802.58508301, 4789.02636719, 8268.90039062, 6562.52001953, 3707.6340332, 2924.26831055, 3802.71362305, 3404.39477539, 2940.40893555, 2321.88916016, 1878.03686523, 1153.36157227, 903.800354004, 1155.7421875, 333.057983398, 111.471893311, 95.5569381714, 65.7113800049, 22.4936008453, 16.3915977478, 9.28400993347, 7.81409311295, 5.34487342834, 2.40512824059, 0.66762304306, 0.167626798153, 0.0337187126279, 0.00523302610964, 0.000100488941825, 9.50873726424e-08, 5.06988728777e-10],
        "max": [2.26188588142, 17.781452179, 94.8564987183, 115.634712219, 153.827514648, 155.645889282, 316.876281738, 389.006744385, 701.619873047, 585.385681152, 1080.41516113, 1756.58630371, 1577.0012207, 966.318481445, 840.426574707, 1409.77001953, 1029.39697266, 942.543029785, 893.426452637, 822.014892578, 607.240478516, 667.275085449, 591.600891113, 289.680297852, 149.361679077, 165.288619995, 118.038787842, 95.5656280518, 72.4641189575, 46.7279396057, 35.6657066345, 35.3783111572, 22.1882553101, 15.5164022446, 8.55151844025, 3.77878761292, 2.02797865868, 0.284933775663, 0.0113829383627, 0.000488642253913],
        "mean": [0.121571622789, 1.35201942921, 4.15244054794, 4.25213861465, 5.88598442078, 8.72761154175, 19.263250351, 21.9360427856, 21.1087417603, 24.1801776886, 42.2637405396, 50.0101776123, 44.765209198, 35.1171760559, 34.2097930908, 30.1331291199, 29.3884620667, 33.1100273132, 25.9066486359, 23.3253288269, 19.0683631897, 18.529800415, 22.7689399719, 15.6042394638, 9.26324176788, 6.9747672081, 4.98808431625, 3.20760512352, 2.71524691582, 2.08928060532, 1.95738327503, 1.83215212822, 1.17777442932, 0.630013763905, 0.249903097749, 0.103018127382, 0.019568702206, 0.000869425712153, 4.10720058426e-05, 3.44795953424e-05],
        "median": [0.038566287607, 0.942230045795, 2.26546001434, 2.11069107056, 2.42266511917, 4.1812953949, 9.30669975281, 9.62372589111, 7.55983543396, 8.26055431366, 12.3739957809, 13.4382696152, 12.0503168106, 14.5125713348, 15.1376714706, 10.2884407043, 8.70245075226, 10.1411323547, 8.56071281433, 7.52399349213, 5.27324962616, 4.94912624359, 6.0959148407, 5.30906486511, 3.53885149956, 2.58875846863, 1.42262101173, 0.879905581474, 0.905727982521, 0.750169456005, 0.906855225563, 0.898892819881, 0.585297226906, 0.288193583488, 0.0902676284313, 0.0294019766152, 0.00424963980913, 0.000106029590825, 2.10971265915e-05, 2.93465418508e-05],
        "min": [3.19284522034e-22, 2.2328652134e-21, 3.98288555466e-21, 2.05853007345e-20, 3.66985755031e-20, 1.25249904745e-19, 6.26580848332e-20, 1.34074913754e-19, 7.72928097998e-20, 3.21793782702e-19, 5.30863165537e-19, 1.15179658041e-18, 8.57432727204e-19, 1.3623696742e-18, 1.30715205959e-18, 1.79068100365e-18, 3.61339126779e-18, 3.48503641137e-18, 3.74984959908e-18, 9.89231084816e-18, 7.84131486498e-18, 8.1972448923e-18, 9.90606851611e-18, 6.71088322242e-18, 1.31468728206e-17, 9.76679611638e-18, 1.00441770727e-17, 1.19157170492e-17, 1.24012762047e-17, 1.70247170389e-17, 1.0396397195e-17, 1.6913366948e-17, 1.19247672323e-17, 1.13588350726e-17, 7.73313701165e-18, 4.52504191013e-18, 3.68396259534e-18, 1.24337550378e-18, 2.61065775194e-19, 2.91156395756e-20],
        "var": [0.0312693789601, 2.47932934761, 41.5058746338, 57.0667991638, 118.547904968, 161.725845337, 755.833312988, 994.525756836, 2003.50769043, 2193.95800781, 7630.31640625, 11286.3564453, 10520.5498047, 3735.45507812, 3499.86254883, 4741.64160156, 3536.82958984, 3980.18896484, 2283.88793945, 1855.93127441, 1651.82739258, 2007.78637695, 1877.05664062, 570.966674805, 220.246627808, 145.202713013, 99.5928421021, 40.8086471558, 23.9710865021, 12.0208101273, 9.67256069183, 8.50980472565, 3.41291117668, 1.1031627655, 0.269012451172, 0.0466503426433, 0.00320073030889, 2.96003599942e-05, 2.57823877803e-08, 6.11421635544e-10]
    },
    "gfcc": {
        "mean": [-16.5414600372, 107.458259583, -124.137039185, 25.3933105469, -66.4867706299, 23.5593528748, -41.6085929871, 13.697924614, -23.7324523926, -0.756352961063, -8.17278385162, -4.66601371765, -6.12829780579],
        "cov": [[5230.54296875, -558.106994629, -74.884223938, 448.784301758, 31.8897285461, 128.529434204, -111.96811676, 620.230285645, -36.0789642334, 127.086723328, -92.8269119263, 60.1630401611, -181.478378296], [-558.106994629, 1836.09729004, 900.491638184, 259.072692871, 400.196350098, -71.8412628174, 124.160079956, -157.662216187, 108.819107056, -73.5344619751, 310.049438477, -114.837532043, 66.8621368408], [-74.884223938, 900.491638184, 1649.2857666, 475.579559326, 198.103561401, 107.405601501, -50.5570716858, -100.193252563, -61.9099960327, 116.794288635, 85.2383728027, 58.7086334229, -24.6674976349], [448.784301758, 259.072692871, 475.579559326, 568.080749512, 122.614387512, 24.8374156952, 59.3479537964, 29.5333824158, 40.4758644104, 52.0050125122, 52.4508857727, 5.14434862137, 36.3877220154], [31.8897285461, 400.196350098, 198.103561401, 122.614387512, 317.957366943, 40.4370040894, 78.7025146484, 64.6767578125, 67.0207061768, 11.6924285889, 49.2116546631, 4.42706823349, -2.94352245331], [128.529434204, -71.8412628174, 107.405601501, 24.8374156952, 40.4370040894, 213.937362671, 97.3973999023, 26.025800705, 2.60762858391, 42.2594947815, -17.7091751099, 8.42986392975, -19.670129776], [-111.96811676, 124.160079956, -50.5570716858, 59.3479537964, 78.7025146484, 97.3973999023, 291.701141357, -3.09775257111, 32.7379074097, 48.5887184143, 7.82051515579, -21.3994255066, 7.55402088165], [620.230285645, -157.662216187, -100.193252563, 29.5333824158, 64.6767578125, 26.025800705, -3.09775257111, 238.065460205, 50.4659690857, 10.3947782516, 19.3581619263, 25.3410987854, -14.9945106506], [-36.0789642334, 108.819107056, -61.9099960327, 40.4758644104, 67.0207061768, 2.60762858391, 32.7379074097, 50.4659690857, 138.459213257, 6.00316667557, 42.4201087952, 9.90884590149, 21.3418998718], [127.086723328, -73.5344619751, 116.794288635, 52.0050125122, 11.6924285889, 42.2594947815, 48.5887184143, 10.3947782516, 6.00316667557, 133.327346802, -22.3816280365, 31.009180069, -10.6663942337], [-92.8269119263, 310.049438477, 85.2383728027, 52.4508857727, 49.2116546631, -17.7091751099, 7.82051515579, 19.3581619263, 42.4201087952, -22.3816280365, 175.621185303, -7.41756343842, 31.7703361511], [60.1630401611, -114.837532043, 58.7086334229, 5.14434862137, 4.42706823349, 8.42986392975, -21.3994255066, 25.3410987854, 9.90884590149, 31.009180069, -7.41756343842, 127.037216187, 14.7806749344], [-181.478378296, 66.8621368408, -24.6674976349, 36.3877220154, -2.94352245331, -19.670129776, 7.55402088165, -14.9945106506, 21.3418998718, -10.6663942337, 31.7703361511, 14.7806749344, 101.581192017]],
        "icov": [[0.000489924976137, -0.000677081698086, 0.000587845104747, -0.000811409379821, 0.000716155220289, -0.000671700574458, 0.000682324869558, -0.00159872276708, 0.000938852550462, -0.000712596462108, 0.000778152490966, -0.000591355143115, 0.000928891182411], [-0.000677081698086, 0.00431037181988, -0.00287686917, 0.00220732879825, -0.00380608486012, 0.00321789458394, -0.00274389097467, 0.00416647456586, -0.00325748906471, 0.00304844928905, -0.00442555733025, 0.00360686401837, -0.00234039290808], [0.000587845104747, -0.00287686917, 0.00323394662701, -0.00259017199278, 0.00181892665569, -0.00294015719555, 0.00280449725688, -0.00216372078285, 0.00321737327613, -0.00296159344725, 0.00219651148655, -0.00290743610822, 0.00236151809804], [-0.000811409379821, 0.00220732879825, -0.00259017199278, 0.00449603423476, -0.0022199600935, 0.00238057016395, -0.0024058886338, 0.00248436094262, -0.00282690813765, 0.00156438909471, -0.00216295639984, 0.00248932489194, -0.00312729179859], [0.000716155220289, -0.00380608486012, 0.00181892665569, -0.0022199600935, 0.00801991857588, -0.00273179425858, 0.00112649949733, -0.00517530972138, 0.00116979237646, -0.00182844093069, 0.00373305822723, -0.00315117556602, 0.00273048621602], [-0.000671700574458, 0.00321789458394, -0.00294015719555, 0.00238057016395, -0.00273179425858, 0.00887714885175, -0.00457257498056, 0.00238323374651, -0.00264074304141, 0.00198333826847, -0.00247339671478, 0.00248763849959, -0.00137849093881], [0.000682324869558, -0.00274389097467, 0.00280449725688, -0.0024058886338, 0.00112649949733, -0.00457257498056, 0.00727754365653, -0.00207592616789, 0.00220826710574, -0.00411560386419, 0.00231788307428, -0.00129728752654, 0.00143523095176], [-0.00159872276708, 0.00416647456586, -0.00216372078285, 0.00248436094262, -0.00517530972138, 0.00238323374651, -0.00207592616789, 0.0120533527806, -0.00516270752996, 0.00289601832628, -0.0053550992161, 0.00231160898693, -0.00204159854911], [0.000938852550462, -0.00325748906471, 0.00321737327613, -0.00282690813765, 0.00116979237646, -0.00264074304141, 0.00220826710574, -0.00516270752996, 0.0128971524537, -0.00351705937646, 0.00148779072333, -0.00342156202532, 0.00116518337745], [-0.000712596462108, 0.00304844928905, -0.00296159344725, 0.00156438909471, -0.00182844093069, 0.00198333826847, -0.00411560386419, 0.00289601832628, -0.00351705937646, 0.0123839974403, -0.00158770359121, 0.000335609394824, -0.00100754341111], [0.000778152490966, -0.00442555733025, 0.00219651148655, -0.00216295639984, 0.00373305822723, -0.00247339671478, 0.00231788307428, -0.0053550992161, 0.00148779072333, -0.00158770359121, 0.0119169363752, -0.00289384555072, 0.000492394319735], [-0.000591355143115, 0.00360686401837, -0.00290743610822, 0.00248932489194, -0.00315117556602, 0.00248763849959, -0.00129728752654, 0.00231160898693, -0.00342156202532, 0.000335609394824, -0.00289384555072, 0.0124424668029, -0.00435149716213], [0.000928891182411, -0.00234039290808, 0.00236151809804, -0.00312729179859, 0.00273048621602, -0.00137849093881, 0.00143523095176, -0.00204159854911, 0.00116518337745, -0.00100754341111, 0.000492394319735, -0.00435149716213, 0.0142706846818]]
    },
    "melbands": {
        "dmean": [0.000466039113235, 0.000918306410313, 0.000457203306723, 0.000238412510953, 0.000320165214362, 0.000263137568254, 0.000158618480782, 0.000143876575748, 0.000172706568264, 0.000145854326547, 0.000110182336357, 7.24087658455e-05, 6.84087863192e-05, 4.18928430008e-05, 3.6821104004e-05, 3.25178007188e-05, 3.32745912601e-05, 2.40365952777e-05, 1.72892177943e-05, 1.6199053789e-05, 1.08254207589e-05, 8.5229803517e-06, 9.28563076741e-06, 9.0589201136e-06, 5.31133082404e-06, 3.52693200512e-06, 1.9647195586e-06, 2.07598918678e-06, 1.5997892433e-06, 1.03250863503e-06, 7.88138379448e-07, 7.41141491289e-07, 5.84105578127e-07, 5.49414835405e-07, 5.33431204985e-07, 6.03890384809e-07, 5.25256950823e-07, 4.17322070234e-07, 3.36022878855e-07, 2.43339627559e-07],
        "dmean2": [0.000777654757258, 0.00157349859364, 0.000768437806983, 0.000396902149078, 0.000510216399562, 0.000424964498961, 0.000246855604928, 0.000220953312237, 0.000261373555986, 0.000232672115089, 0.000171013947693, 0.000114294482046, 0.000107732150354, 6.65056359139e-05, 5.79116385779e-05, 5.12494698341e-05, 5.27585179952e-05, 3.78906370315e-05, 2.71615972451e-05, 2.52994104812e-05, 1.71466836036e-05, 1.34316642288e-05, 1.44601035572e-05, 1.43126417242e-05, 8.33574540593e-06, 5.62467903364e-06, 3.13872533297e-06, 3.36050766236e-06, 2.52023869507e-06, 1.64285438586e-06, 1.27044597775e-06, 1.20643517221e-06, 9.22257243019e-07, 8.48479999149e-07, 8.14924021597e-07, 9.03981344891e-07, 7.800002777e-07, 6.17345278897e-07, 4.93711809213e-07, 3.54225818455e-07],
        "dvar": [1.01883858861e-06, 6.04734896115e-06, 1.3678011328e-06, 1.94462089098e-07, 2.56980371205e-07, 2.1210341572e-07, 1.64610938214e-07, 1.04198960571e-07, 1.52923760766e-07, 1.14905816417e-07, 7.07838410108e-08, 2.65234270103e-08, 2.15444178053e-08, 9.73169367313e-09, 7.84268294751e-09, 8.23632362312e-09, 5.36195177148e-09, 3.51670070842e-09, 1.6619562393e-09, 1.53403900693e-09, 1.06816655521e-09, 6.86010415141e-10, 5.72104918994e-10, 3.82084280881e-10, 1.17980625269e-10, 5.1375962512e-11, 1.61488756395e-11, 2.132047143e-11, 1.50142606681e-11, 7.22102369219e-12, 3.59054821465e-12, 3.12119882891e-12, 1.44816819127e-12, 1.5280032014e-12, 1.25828427538e-12, 1.58956897124e-12, 1.12651598119e-12, 7.58835323137e-13, 4.29315789733e-13, 2.71382444511e-13],
        "dvar2": [2.69654424301e-06, 1.67034104379e-05, 3.73382817997e-06, 5.2824549357e-07, 6.39890970433e-07, 5.39765665053e-07, 3.94144194615e-07, 2.19580698513e-07, 3.25192985429e-07, 2.89959331212e-07, 1.62263546599e-07, 6.70947954973e-08, 5.15863618489e-08, 2.21344951257e-08, 1.80285404383e-08, 1.89377473703e-08, 1.30995676528e-08, 8.08605182812e-09, 3.85135434655e-09, 3.50877171762e-09, 2.53910714676e-09, 1.63062541247e-09, 1.36251920857e-09, 9.21375531426e-10, 2.75778067049e-10, 1.28401941857e-10, 4.22260074129e-11, 5.60200913435e-11, 3.71127677201e-11, 1.83863063663e-11, 9.33578561679e-12, 8.73042263483e-12, 3.56037616923e-12, 3.58184402277e-12, 2.81696497725e-12, 3.49557015278e-12, 2.20993449235e-12, 1.5949475898e-12, 8.79749994642e-13, 5.41003006282e-13],
        "max": [0.0213186796755, 0.0388440787792, 0.0172248221934, 0.0084218243137, 0.0083974422887, 0.00774879939854, 0.0102861262858, 0.00642127403989, 0.00899927783757, 0.00976685527712, 0.00774462521076, 0.00416490714997, 0.00335085764527, 0.00278861960396, 0.00293313409202, 0.00285390997306, 0.00215187319554, 0.00142579444218, 0.00116115843412, 0.000949193898123, 0.000995951006189, 0.000941196340136, 0.000641595222987, 0.000441944081103, 0.000259213789832, 0.000167427846463, 0.0001106054915, 0.000120872733532, 8.46247858135e-05, 8.28367847134e-05, 5.58193314646e-05, 4.8082882131e-05, 3.13132804877e-05, 3.23504682456e-05, 2.02777173399e-05, 3.57961653208e-05, 2.07216835406e-05, 1.93631440197e-05, 1.42326798596e-05, 1.3845774447e-05],
        "mean": [0.00131019181572, 0.00210297713056, 0.000836915744003, 0.0004770574742, 0.000649401743431, 0.000503677234519, 0.000307640817482, 0.000276658625808, 0.000366046704585, 0.000296709680697, 0.000215593012399, 0.000139071256854, 0.000125012695207, 7.71962950239e-05, 7.01942481101e-05, 6.12694566371e-05, 6.26895634923e-05, 4.25970320066e-05, 3.06702931994e-05, 3.00542942568e-05, 2.17781525862e-05, 1.86993092939e-05, 2.07767043321e-05, 2.01859747904e-05, 1.17405934361e-05, 8.10547862784e-06, 4.63467404188e-06, 4.63471815237e-06, 3.41438044416e-06, 2.18297304855e-06, 1.75071647845e-06, 1.61760465289e-06, 1.25081589886e-06, 1.11592873964e-06, 1.07701384877e-06, 1.20473066545e-06, 1.08120764253e-06, 8.46498949159e-07, 6.83744360686e-07, 4.83088115288e-07],
        "median": [0.000774430111051, 0.00145166227594, 0.000434165180195, 0.000250685261562, 0.000339839607477, 0.000230201490922, 0.000105722538137, 8.79151775734e-05, 9.60165270953e-05, 7.56992812967e-05, 5.13203194714e-05, 5.27461124875e-05, 5.12146107212e-05, 2.68012008746e-05, 2.19866851694e-05, 1.53705732373e-05, 1.78645605047e-05, 1.24501930259e-05, 9.81830089586e-06, 8.04545106803e-06, 5.10655945618e-06, 4.64860477223e-06, 4.89692320116e-06, 5.33953061677e-06, 3.901407581e-06, 2.72804709311e-06, 1.78914933713e-06, 1.54902295435e-06, 9.16968133424e-07, 5.78325966671e-07, 4.35345782535e-07, 4.87859324494e-07, 4.39462837676e-07, 3.67709702687e-07, 4.55279888456e-07, 5.70091060581e-07, 5.00320084029e-07, 3.98000850055e-07, 3.18215938933e-07, 2.0078763896e-07],
        "min": [4.49169155836e-24, 2.53427699196e-24, 4.33844665005e-24, 6.58074275238e-24, 3.05298321107e-24, 2.87735417736e-24, 9.37429446084e-25, 5.43975642717e-24, 4.17178479547e-24, 7.44179902435e-24, 4.03520260163e-24, 5.5351269496e-24, 3.78732791128e-24, 5.05004770151e-24, 6.97019588711e-24, 6.963583655e-24, 6.25889815267e-24, 3.97373258774e-24, 1.08180116805e-23, 1.19473930729e-23, 7.9364455775e-24, 8.74168796828e-24, 6.90165176305e-24, 8.03996463865e-24, 4.48535345542e-24, 8.73305073023e-24, 7.99198690726e-24, 5.29912027714e-24, 5.6966793521e-24, 6.35204408735e-24, 7.44087369051e-24, 6.65003353328e-24, 6.06942599058e-24, 1.09920391293e-23, 5.44626571293e-24, 7.8469090759e-24, 1.03114359727e-23, 8.03142127505e-24, 8.57890573163e-24, 9.78458101765e-24],
        "var": [2.70268833447e-06, 7.67913843447e-06, 1.8898184635e-06, 4.96746167755e-07, 7.28725865429e-07, 4.91460184548e-07, 4.31920511801e-07, 2.84485764723e-07, 5.39281643341e-07, 4.03201966037e-07, 2.5712029128e-07, 6.61077095288e-08, 5.60604114241e-08, 2.58176324763e-08, 2.45074041061e-08, 2.01972696345e-08, 1.6048831597e-08, 7.74792141556e-09, 3.50575879438e-09, 3.78206221896e-09, 3.23585314099e-09, 2.52241427745e-09, 2.3818962358e-09, 1.29002197813e-09, 3.61526086845e-10, 1.92241805808e-10, 6.04584160513e-11, 7.1116015854e-11, 4.88051855874e-11, 2.23515529002e-11, 1.34415959266e-11, 1.03206393084e-11, 4.44768570931e-12, 3.90323580748e-12, 3.12801954477e-12, 3.8991210434e-12, 3.19897125282e-12, 1.95737371624e-12, 1.18298849449e-12, 7.56013524353e-13]
    },
    "mfcc": {
        "mean": [-653.783813477, 132.198303223, 1.9109389782, 6.11849546432, 4.12449407578, 0.249618798494, 2.75151920319, 4.93560504913, -3.96188807487, 3.71783351898, -1.1851773262, -0.126751750708, -2.97230005264],
        "cov": [[4847.04101562, -950.219421387, -420.532531738, 184.50189209, 99.1124343872, -338.017028809, 48.9738502502, 268.59387207, 118.754150391, 265.628723145, 168.68107605, 7.032954216, -64.4498062134], [-950.219421387, 1595.64746094, 593.403381348, 294.240478516, 342.800048828, 123.553924561, 160.937225342, -15.5980024338, -96.9349746704, -16.7387924194, 82.4097442627, 67.8745880127, 53.9594802856], [-420.532531738, 593.403381348, 1307.79345703, 432.651519775, 304.484741211, 223.115692139, 118.061203003, -86.7909164429, -76.8294677734, -38.2109413147, -23.7375411987, 52.1577911377, 92.8177032471], [184.50189209, 294.240478516, 432.651519775, 574.655212402, 187.599441528, 106.039077759, 82.2341995239, 3.21108102798, 38.9294128418, 16.9330158234, 13.1908349991, 71.7705764771, 69.9769058228], [99.1124343872, 342.800048828, 304.484741211, 187.599441528, 384.669677734, -42.8473205566, 20.0570526123, 53.7166671753, -24.2658443451, 15.6498327255, 28.8367538452, 41.1891021729, 21.8316917419], [-338.017028809, 123.553924561, 223.115692139, 106.039077759, -42.8473205566, 327.063720703, 86.1977767944, -14.4066228867, 66.3641586304, 6.46153497696, 14.4162693024, 16.8586502075, 27.3357257843], [48.9738502502, 160.937225342, 118.061203003, 82.2341995239, 20.0570526123, 86.1977767944, 206.767608643, 31.0720539093, 25.2146968842, 39.9288101196, 41.3448486328, 30.0686416626, 9.9758014679], [268.59387207, -15.5980024338, -86.7909164429, 3.21108102798, 53.7166671753, -14.4066228867, 31.0720539093, 161.384140015, 33.0469207764, 35.9011878967, 37.8030052185, 23.96159935, 7.71308994293], [118.754150391, -96.9349746704, -76.8294677734, 38.9294128418, -24.2658443451, 66.3641586304, 25.2146968842, 33.0469207764, 156.598632812, 21.8592605591, 20.6558761597, 20.9484729767, 10.5894231796], [265.628723145, -16.7387924194, -38.2109413147, 16.9330158234, 15.6498327255, 6.46153497696, 39.9288101196, 35.9011878967, 21.8592605591, 125.402626038, 44.937587738, 2.55504155159, -1.2784255743], [168.68107605, 82.4097442627, -23.7375411987, 13.1908349991, 28.8367538452, 14.4162693024, 41.3448486328, 37.8030052185, 20.6558761597, 44.937587738, 131.056152344, 18.4875354767, -4.44951629639], [7.032954216, 67.8745880127, 52.1577911377, 71.7705764771, 41.1891021729, 16.8586502075, 30.0686416626, 23.96159935, 20.9484729767, 2.55504155159, 18.4875354767, 101.47857666, 35.1797027588], [-64.4498062134, 53.9594802856, 92.8177032471, 69.9769058228, 21.8316917419, 27.3357257843, 9.9758014679, 7.71308994293, 10.5894231796, -1.2784255743, -4.44951629639, 35.1797027588, 90.6003494263]],
