{
"lowlevel": {
    "average_loudness": 0.377563238144,
    "barkbands_crest": {
        "dmean": 2.57067918777,
        "dmean2": 4.10830831528,
        "dvar": 6.6380853653,
        "dvar2": 15.5887517929,
        "max": 26.8784122467,
        "mean": 12.4677009583,
        "median": 11.7943134308,
        "min": 1.83120894432,
        "var": 26.4628639221
    },
    "barkbands_flatness_db": {
        "dmean": 0.0224395412952,
        "dmean2": 0.0342862680554,
        "dvar": 0.000725623976905,
        "dvar2": 0.00149288552348,
        "max": 0.625423789024,
        "mean": 0.182767018676,
        "median": 0.169620960951,
        "min": 0.0246775969863,
        "var": 0.00473850267008
    },
    "barkbands_kurtosis": {
        "dmean": 8.62297916412,
        "dmean2": 13.596116066,
        "dvar": 3892.79760742,
        "dvar2": 8584.34570312,
        "max": 4437.21972656,
        "mean": 12.1208410263,
        "median": 1.88849210739,
        "min": -1.95407664776,
        "var": 6401.37207031
    },
    "barkbands_skewness": {
        "dmean": 0.698434233665,
        "dmean2": 1.05512189865,
        "dvar": 1.60834217072,
        "dvar2": 3.39109539986,
        "max": 57.1850585938,
        "mean": 1.73643624783,
        "median": 1.30292868614,
        "min": -5.82411718369,
        "var": 5.3404083252
    },
    "barkbands_spread": {
        "dmean": 4.50961685181,
        "dmean2": 6.99560403824,
        "dvar": 45.836391449,
        "dvar2": 100.406555176,
        "max": 110.088638306,
        "mean": 18.6486549377,
        "median": 16.8839950562,
        "min": 0.0285477731377,
        "var": 157.249221802
    },
    "dissonance": {
        "dmean": 0.028219114989,
        "dmean2": 0.0484823323786,
        "dvar": 0.00085471640341,
        "dvar2": 0.00231903861277,
        "max": 0.500000178814,
        "mean": 0.453312844038,
        "median": 0.465618282557,
        "min": 0.153407201171,
        "var": 0.0018081238959
    },
    "dynamic_complexity": 5.62742853165,
    "erbbands_crest": {
        "dmean": 3.4535586834,
        "dmean2": 5.48438882828,
        "dvar": 9.91602611542,
        "dvar2": 23.4545478821,
        "max": 32.8709335327,
        "mean": 13.8051643372,
        "median": 12.5852050781,
        "min": 2.43860912323,
        "var": 44.6612281799
    },
    "erbbands_flatness_db": {
        "dmean": 0.0203656274825,
        "dmean2": 0.03080448322,
        "dvar": 0.000402993784519,
        "dvar2": 0.00089626130648,
        "max": 0.452288597822,
        "mean": 0.196227788925,
        "median": 0.191634476185,
        "min": 0.0356106683612,
        "var": 0.00322799920104
    },
    "erbbands_kurtosis": {
        "dmean": 2.3209233284,
        "dmean2": 3.68056488037,
        "dvar": 12.7638130188,
        "dvar2": 30.8991851807,
        "max": 79.828704834,
        "mean": 3.66198444366,
        "median": 2.01830935478,
        "min": -1.84061849117,
        "var": 28.5033111572
    },
    "erbbands_skewness": {
        "dmean": 0.478029608727,
        "dmean2": 0.728165090084,
        "dvar": 0.284349918365,
        "dvar2": 0.609194457531,
        "max": 7.42460155487,
        "mean": 0.937759101391,
        "median": 0.86086165905,
        "min": -6.88249540329,
        "var": 1.24008059502
    },
    "erbbands_spread": {
        "dmean": 7.57124662399,
        "dmean2": 11.7002878189,
        "dvar": 119.630157471,
        "dvar2": 273.913726807,
        "max": 195.161315918,
        "mean": 26.328666687,
        "median": 21.4724330902,
        "min": 2.63135743141,
        "var": 318.721069336
    },
    "hfc": {
        "dmean": 5.54431676865,
        "dmean2": 8.40305233002,
        "dvar": 71.1966323853,
        "dvar2": 164.535400391,
        "max": 139.68145752,
        "mean": 22.1334495544,
        "median": 12.7742443085,
        "min": 1.14105780323e-16,
        "var": 528.790222168
    },
    "melbands_crest": {
        "dmean": 3.12041306496,
        "dmean2": 4.93923330307,
        "dvar": 10.2222566605,
        "dvar2": 23.8037452698,
        "max": 39.8925743103,
        "mean": 17.3020267487,
        "median": 16.0351543427,
        "min": 1.80566728115,
        "var": 54.1163139343
    },
    "melbands_flatness_db": {
        "dmean": 0.0249174442142,
        "dmean2": 0.0372106209397,
        "dvar": 0.000979466829449,
        "dvar2": 0.00191992742475,
        "max": 0.771374285221,
        "mean": 0.227423623204,
        "median": 0.216652572155,
        "min": 0.0041845291853,
        "var": 0.00773902097717
    },
    "melbands_kurtosis": {
        "dmean": 11.9702672958,
        "dmean2": 18.377614975,
        "dvar": 3024.390625,
        "dvar2": 6392.43603516,
        "max": 2432.44433594,
        "mean": 20.266664505,
        "median": 5.65889310837,
        "min": -1.97018933296,
        "var": 4765
    },
    "melbands_skewness": {
        "dmean": 0.869436919689,
        "dmean2": 1.33117616177,
        "dvar": 1.84983003139,
        "dvar2": 3.91429829597,
        "max": 38.9563674927,
        "mean": 2.54782533646,
        "median": 1.98304033279,
        "min": -2.25086569786,
        "var": 6.1261267662
    },
    "melbands_spread": {
        "dmean": 6.41490650177,
        "dmean2": 9.77806854248,
        "dvar": 180.059051514,
        "dvar2": 345.508605957,
        "max": 302.335327148,
        "mean": 23.6174793243,
        "median": 18.9804191589,
        "min": 0.0705404579639,
        "var": 586.633850098
    },
    "pitch_salience": {
        "dmean": 0.0666604936123,
        "dmean2": 0.107773661613,
        "dvar": 0.00565914623439,
        "dvar2": 0.0133722228929,
        "max": 0.87963783741,
        "mean": 0.479949265718,
        "median": 0.462125778198,
        "min": 0.00756172230467,
        "var": 0.0261462014169
    },
    "silence_rate_20dB": {
        "dmean": 0,
        "dmean2": 0,
        "dvar": 0,
        "dvar2": 0,
        "max": 1,
        "mean": 1,
        "median": 1,
        "min": 1,
        "var": 0
    },
    "silence_rate_30dB": {
        "dmean": 0.0340435653925,
        "dmean2": 0.0680952370167,
        "dvar": 0.0328852124512,
        "dvar2": 0.0753644108772,
        "max": 1,
        "mean": 0.899190664291,
        "median": 1,
        "min": 0,
        "var": 0.090652294457
    },
    "silence_rate_60dB": {
        "dmean": 0.0373765043914,
        "dmean2": 0.0747619047761,
        "dvar": 0.0359847173095,
        "dvar2": 0.0779918283224,
        "max": 1,
        "mean": 0.216377049685,
        "median": 0,
        "min": 0,
        "var": 0.169577881694
    },
    "spectral_centroid": {
        "dmean": 210.616928101,
        "dmean2": 321.296325684,
        "dvar": 113456.320312,
        "dvar2": 203509.65625,
        "max": 11313.5517578,
        "mean": 1337.85217285,
        "median": 1315.20654297,
        "min": 66.1652832031,
        "var": 556848.875
    },
    "spectral_complexity": {
        "dmean": 2.27115821838,
        "dmean2": 3.67357134819,
        "dvar": 5.97812891006,
        "dvar2": 13.9867334366,
        "max": 54,
        "mean": 14.0925970078,
        "median": 14,
        "min": 0,
        "var": 99.8553085327
    },
    "spectral_decrease": {
        "dmean": 2.47429432498e-09,
        "dmean2": 3.8295886462e-09,
        "dvar": 2.42358211932e-17,
        "dvar2": 5.91890278452e-17,
        "max": 1.79108668155e-28,
        "mean": -9.42405353754e-09,
        "median": -4.49920767309e-09,
        "min": -6.77367779645e-08,
        "var": 1.30264164637e-16
    },
    "spectral_energy": {
        "dmean": 0.00972358789295,
        "dmean2": 0.015022540465,
        "dvar": 0.000355631957063,
        "dvar2": 0.000866025569849,
        "max": 0.264985352755,
        "mean": 0.0375760905445,
        "median": 0.0183979105204,
        "min": 1.03614469142e-20,
        "var": 0.00198846776038
    },
    "spectral_energyband_high": {
        "dmean": 0.000190664679394,
        "dmean2": 0.000287975824904,
        "dvar": 1.01808844022e-07,
        "dvar2": 2.19797271939e-07,
        "max": 0.00593480933458,
        "mean": 0.00066297739977,
        "median": 0.000360049220035,
        "min": 7.51669766281e-21,
        "var": 6.16470458681e-07
    },
    "spectral_energyband_low": {
        "dmean": 0.00664300750941,
        "dmean2": 0.0105216447264,
        "dvar": 0.00033390065073,
        "dvar2": 0.000832261051983,
        "max": 0.249564155936,
        "mean": 0.0204439107329,
        "median": 0.00447819568217,
        "min": 3.22382997276e-23,
        "var": 0.00119455240201
    },
    "spectral_energyband_middle_high": {
        "dmean": 0.00409977417439,
        "dmean2": 0.00631944043562,
        "dvar": 5.54210455448e-05,
        "dvar2": 0.000130791115225,
        "max": 0.111075498164,
        "mean": 0.011611463502,
        "median": 0.00353486323729,
        "min": 1.40242757719e-21,
        "var": 0.000244313763687
    },
    "spectral_energyband_middle_low": {
        "dmean": 0.00183466589078,
        "dmean2": 0.0028542377986,
        "dvar": 9.3085482149e-06,
        "dvar2": 2.11632286664e-05,
        "max": 0.0878928974271,
        "mean": 0.005577232223,
        "median": 0.00421300344169,
        "min": 1.54323180192e-22,
        "var": 3.63206563634e-05
    },
    "spectral_entropy": {
        "dmean": 0.174774006009,
        "dmean2": 0.257629960775,
        "dvar": 0.0454129874706,
        "dvar2": 0.0853009074926,
        "max": 9.80039596558,
        "mean": 7.39900064468,
        "median": 7.47890663147,
        "min": 4.49239349365,
        "var": 0.322526782751
    },
    "spectral_flux": {
        "dmean": 0.0215548239648,
        "dmean2": 0.0348445959389,
        "dvar": 0.000912966264877,
        "dvar2": 0.00224690581672,
        "max": 0.42357006669,
        "mean": 0.0720814391971,
        "median": 0.0656910613179,
        "min": 6.38458522162e-11,
        "var": 0.0028019475285
    },
    "spectral_kurtosis": {
        "dmean": 1.56376302242,
        "dmean2": 2.55540084839,
        "dvar": 6.99350690842,
        "dvar2": 17.1632499695,
        "max": 88.3642349243,
        "mean": 4.63627433777,
        "median": 4.00910043716,
        "min": -1.44447422028,
        "var": 15.6644382477
    },
    "spectral_rms": {
        "dmean": 0.000699925294612,
        "dmean2": 0.00104627350811,
        "dvar": 9.41088785567e-07,
        "dvar2": 2.03173772206e-06,
        "max": 0.0160786285996,
        "mean": 0.00498401746154,
        "median": 0.00423664739355,
        "min": 3.17942265397e-12,
        "var": 1.18191219372e-05
    },
    "spectral_rolloff": {
        "dmean": 354.08404541,
        "dmean2": 596.500183105,
        "dvar": 906605.375,
        "dvar2": 1797410.5,
        "max": 19466.015625,
        "mean": 1395.08605957,
        "median": 968.994140625,
        "min": 21.533203125,
        "var": 2852187
    },
    "spectral_skewness": {
        "dmean": 0.220076277852,
        "dmean2": 0.343282222748,
        "dvar": 0.0786212608218,
        "dvar2": 0.173217490315,
        "max": 8.20769500732,
        "mean": 1.69051158428,
        "median": 1.64733123779,
        "min": -0.629711151123,
        "var": 0.291956603527
    },
    "spectral_spread": {
        "dmean": 514103.09375,
        "dmean2": 760575.8125,
        "dvar": 722781077504,
        "dvar2": 1.22073278054e+12,
        "max": 41603652,
        "mean": 4730917,
        "median": 4360735,
        "min": 807463.1875,
        "var": 3.0889583575e+12
    },
    "spectral_strongpeak": {
        "dmean": 0.682195305824,
        "dmean2": 1.13917553425,
        "dvar": 1.96005356312,
        "dvar2": 4.75870084763,
        "max": 17.0817127228,
        "mean": 1.42703914642,
        "median": 0.480439960957,
        "min": 0,
        "var": 4.78422927856
    },
    "zerocrossingrate": {
        "dmean": 0.00947664305568,
        "dmean2": 0.0107960151508,
        "dvar": 0.000292837939924,
        "dvar2": 0.000298943923553,
        "max": 0.65673828125,
        "mean": 0.0588056966662,
        "median": 0.05078125,
        "min": 0.00146484375,
        "var": 0.00233102403581
    },
    "barkbands": {
        "dmean": [0.000937150558457, 0.00582752097398, 0.000845734030008, 0.000492756720632, 0.00050629209727, 0.000371859001461, 0.000459848233731, 0.00042449607281, 0.000345272797858, 0.00140776648186, 0.00221055769362, 0.000631846836768, 0.000714492809493, 0.000597067992203, 0.000358434102964, 0.000119369462482, 7.00612654327e-05, 8.97294376045e-05, 0.000140049131005, 7.22302138456e-05, 7.46046644053e-05, 2.360002145e-05, 4.51507221442e-05, 5.77340797463e-05, 2.98763407045e-05, 9.23837251321e-06, 1.62947344506e-08],
        "dmean2": [0.00150805455633, 0.00926386006176, 0.00142419117037, 0.000825383991469, 0.000795256171841, 0.00060282938648, 0.000740780087654, 0.000664118502755, 0.000552371726371, 0.00213543209247, 0.0033773581963, 0.00101358327083, 0.00115770183038, 0.000945007428527, 0.000576401303988, 0.000195194763364, 0.000118319119792, 0.00014433353499, 0.000229824072449, 0.00011579405691, 0.000122779936646, 3.626391117e-05, 7.0626148954e-05, 8.85490590008e-05, 4.46300255135e-05, 1.41452701428e-05, 2.94956201685e-08],
        "dvar": [6.76653826304e-06, 0.000303271517623, 7.06717719368e-06, 9.75657485469e-07, 8.50097649163e-07, 7.15132841833e-07, 1.31387162128e-06, 1.60870490618e-06, 1.7746173171e-06, 1.81414197868e-05, 2.82052642433e-05, 2.5300219022e-06, 6.70231202093e-06, 4.73803129353e-06, 2.29791521633e-06, 4.37737213588e-07, 3.89445169446e-08, 4.0253446798e-08, 7.96374237666e-08, 2.66148703076e-08, 2.73225868597e-08, 2.94691582248e-09, 1.1151342072e-08, 1.32864492741e-08, 5.25541565821e-09, 7.09216740891e-10, 2.96629210181e-14],
        "dvar2": [1.59895771503e-05, 0.000770219950937, 1.74749002326e-05, 2.75633396996e-06, 2.1794148779e-06, 1.80214522061e-06, 2.97451197184e-06, 3.40281485478e-06, 3.7190702642e-06, 4.02357291023e-05, 6.42914310447e-05, 6.30147769698e-06, 1.68312963069e-05, 1.14061604108e-05, 5.88734610574e-06, 9.8452187558e-07, 1.05299427844e-07, 9.59894776997e-08, 2.08831210102e-07, 6.18402680175e-08, 7.46340944602e-08, 6.07588024337e-09, 2.48626363941e-08, 2.98021110012e-08, 1.05192174971e-08, 1.52185652968e-09, 7.90079265033e-14],
        "max": [0.0450680293143, 0.2369813025, 0.0905216559768, 0.0240156184882, 0.0247880779207, 0.0277088992298, 0.0258312448859, 0.0256422609091, 0.0845768153667, 0.0931507498026, 0.0932513475418, 0.0342412143946, 0.0664849951863, 0.0748894885182, 0.0481703095138, 0.0228299368173, 0.0057213800028, 0.00588187156245, 0.00526192504913, 0.00495101464912, 0.00361122493632, 0.00129387201741, 0.00365324644372, 0.00270858732983, 0.00171129254159, 0.000805614632554, 6.36089407635e-06],
        "mean": [0.00188097183127, 0.0166518315673, 0.00148467288818, 0.000973107817117, 0.00122788758017, 0.000713360030204, 0.000789086741861, 0.000776029133704, 0.000547157425899, 0.00258874916472, 0.00443547451869, 0.00115954119246, 0.00122562854085, 0.000998216564767, 0.000643748557195, 0.00021040799038, 0.000117716743262, 0.000166848141816, 0.000275326194242, 0.000158908791491, 0.000157575545018, 5.30563011125e-05, 9.89978943835e-05, 0.000150749125169, 7.28124796296e-05, 1.81809773494e-05, 1.11984226336e-08],
        "median": [7.01402168488e-05, 0.00261158565991, 0.000484270101879, 0.000345705833752, 0.000709095271304, 0.000300661660731, 0.000259373744484, 0.000162290336448, 0.000153193890583, 0.000328810478095, 0.000556555343792, 0.000177524794708, 0.00018904141325, 0.000136665796163, 0.000107337356894, 5.08384982822e-05, 4.84634801978e-05, 7.02278848621e-05, 9.54358692979e-05, 6.98534786352e-05, 5.76513193664e-05, 2.37799904426e-05, 4.08042906201e-05, 5.94944831391e-05, 2.75938728009e-05, 4.9737777772e-06, 5.18848630726e-10],
        "min": [7.72159043528e-25, 1.69246525787e-23, 1.99211478269e-24, 9.45005035129e-24, 2.40509616723e-23, 2.19597213893e-23, 1.31387458003e-23, 1.73522861868e-23, 3.53304230613e-23, 4.34626986254e-23, 3.63811321445e-23, 6.06491220737e-23, 4.06566131004e-23, 9.57413533178e-23, 8.98344575228e-23, 9.48730572749e-23, 1.47995089472e-22, 1.58294078797e-22, 2.31732851266e-22, 2.75635194696e-22, 4.32970586612e-22, 4.19629825367e-22, 5.16426971188e-22, 7.35356496366e-22, 9.72916265553e-22, 1.58086089624e-21, 2.32163465822e-21],
        "var": [1.64310786204e-05, 0.000947252381593, 9.3271564765e-06, 2.49964750765e-06, 2.74959279523e-06, 1.4296184645e-06, 2.91341029879e-06, 4.34840694652e-06, 4.40828625869e-06, 5.46093870071e-05, 8.70419971761e-05, 6.42823442831e-06, 1.70324074134e-05, 1.18402094813e-05, 5.33457614438e-06, 9.81340463113e-07, 5.90723736593e-08, 9.15041979965e-08, 1.83388209507e-07, 7.24499571447e-08, 7.59775105053e-08, 8.69940652848e-09, 3.16331600914e-08, 5.35700230841e-08, 2.15456879005e-08, 2.25683738364e-09, 2.15623400618e-14]
    },
    "erbbands": {
        "dmean": [0.232618361712, 1.17967402935, 1.18397200108, 1.2562059164, 1.39879775047, 2.15701961517, 2.41644501686, 3.31695365906, 4.95714712143, 9.52936077118, 7.13761806488, 7.94124507904, 20.9757881165, 95.7742767334, 46.7395706177, 26.5458602905, 29.827589035, 35.6947479248, 21.0617752075, 10.0690135956, 5.33842754364, 3.38920497894, 3.84811472893, 9.81034946442, 2.73727989197, 3.17230820656, 4.16736888885, 1.41428351402, 0.818088710308, 0.958704054356, 1.40600001812, 1.49938321114, 0.837589502335, 0.422358900309, 0.185744002461, 0.0580153502524, 0.015636863187, 0.000777427689172, 1.99818914552e-05, 1.14412623589e-05],
        "dmean2": [0.355872929096, 1.92966663837, 1.96216332912, 2.08668398857, 2.28978157043, 3.31128716469, 3.98759150505, 5.25344991684, 7.95230770111, 14.8772306442, 10.9189443588, 12.4513673782, 31.9878978729, 147.167709351, 70.2431945801, 41.728603363, 47.5256538391, 55.9188537598, 34.3176460266, 15.8853473663, 8.57807445526, 5.67135667801, 6.27806949615, 15.9335412979, 4.4461517334, 5.10704231262, 6.78309869766, 2.27789521217, 1.28068625927, 1.48132014275, 2.21638846397, 2.34362888336, 1.28921234608, 0.629665672779, 0.283516913652, 0.0874466523528, 0.0248925704509, 0.00133231293876, 3.21246807289e-05, 1.74702963704e-05],
        "dvar": [0.332397401333, 17.3641166687, 16.3261547089, 7.37229299545, 8.63191318512, 14.2373018265, 20.8005008698, 78.9332809448, 161.618804932, 704.353820801, 346.5574646, 942.057434082, 4782.88330078, 53915.7851562, 13131.8398438, 4506.20800781, 10922.9091797, 14204.9257812, 8063.07324219, 1381.02880859, 686.026550293, 91.4102020264, 76.1054611206, 400.900115967, 23.9169311523, 51.8520011902, 91.8870162964, 7.36272716522, 3.88938498497, 4.39482307434, 11.8090829849, 10.1262578964, 3.10332870483, 0.996483623981, 0.264640212059, 0.0276607330889, 0.00341099011712, 2.50138818956e-05, 6.9016432569e-09, 4.25303514628e-10],
        "dvar2": [0.785446047783, 44.2787704468, 40.9002609253, 19.7085285187, 23.4220600128, 33.5538368225, 53.2871437073, 197.073883057, 384.386474609, 1599.51220703, 722.670410156, 1800.34265137, 10791.5927734, 126170.453125, 28031.2734375, 10941.1943359, 27006.9960938, 33701, 21784.5566406, 2751.14892578, 1435.29638672, 245.127426147, 181.847137451, 1015.44842529, 60.4145774841, 121.807746887, 245.186706543, 18.885307312, 8.23323535919, 9.18930244446, 26.9986629486, 23.7872161865, 6.78449392319, 2.07093834877, 0.532607734203, 0.0535084828734, 0.00851836707443, 7.48276652303e-05, 1.97893825771e-08, 1.02390751433e-09],
        "max": [10.2794723511, 56.8335647583, 105.765510559, 91.6534423828, 89.0112380981, 75.794708252, 78.0390853882, 341.077606201, 327.131164551, 684.576904297, 559.360412598, 2268.94018555, 2418.8347168, 3823.00292969, 2936.18481445, 1649.36218262, 2913.38769531, 4313.05517578, 3186.31103516, 1470.19311523, 1140.60681152, 272.13482666, 220.3334198, 411.383239746, 166.922988892, 219.806182861, 209.593154907, 72.6934051514, 47.9552459717, 44.2494010925, 86.5466766357, 87.3975753784, 38.2036895752, 25.1351451874, 15.6198911667, 5.40892696381, 1.78368508816, 0.202736526728, 0.0032802852802, 0.00033097085543],
        "mean": [0.762266039848, 2.5833363533, 2.11415052414, 2.70381116867, 3.31079030037, 4.8123998642, 4.38604688644, 6.29364109039, 9.17994403839, 17.221944809, 12.7949733734, 13.8144807816, 41.5505104065, 188.182693481, 103.726402283, 53.5031700134, 55.6881141663, 64.4760131836, 40.7610359192, 19.0141887665, 10.0178251266, 6.38092136383, 8.01713180542, 19.0650024414, 6.86625337601, 7.38650083542, 9.33610343933, 3.31368803978, 1.8798879385, 2.13917851448, 3.07351326942, 3.61893343925, 2.06976914406, 1.00965154171, 0.428512960672, 0.129505693913, 0.0259796399623, 0.000930925831199, 4.90796701342e-05, 4.66438686999e-05],
        "median": [0.0706667080522, 0.46293258667, 0.79316753149, 1.22358369827, 1.44888210297, 2.42131853104, 1.93019127846, 2.31220722198, 3.61666727066, 4.39863014221, 4.36784696579, 4.35040378571, 9.09240055084, 20.990032196, 19.6910743713, 10.5028686523, 11.3793096542, 12.2486772537, 7.41139793396, 5.04199504852, 3.34083175659, 2.78431296349, 4.0806889534, 6.01213884354, 3.74286651611, 3.306432724, 3.04046678543, 1.68539214134, 0.917912721634, 0.878201007843, 1.24194073677, 1.35779595375, 0.864312469959, 0.395625531673, 0.143728241324, 0.0427351556718, 0.00525016151369, 0.000144717691001, 2.24106879614e-05, 2.41576017288e-05],
        "min": [4.53363840081e-22, 2.9188499728e-21, 3.74276407012e-21, 2.38478351642e-20, 3.72778281141e-20, 9.29006869076e-20, 9.64070215137e-20, 2.00769969556e-19, 9.66089117443e-20, 6.54970863103e-19, 2.65700519865e-19, 8.10922170818e-19, 1.01354233661e-18, 1.73043847361e-18, 1.48649546634e-18, 3.40170416851e-18, 3.3984916058e-18, 3.85785415807e-18, 4.8546878599e-18, 4.79650604356e-18, 8.44204320432e-18, 9.40961373761e-18, 9.93154567898e-18, 1.19619614085e-17, 1.09823330634e-17, 1.17313872943e-17, 1.66903110783e-17, 1.41506564939e-17, 1.30332967866e-17, 1.50077214876e-17, 1.44358567886e-17, 1.2180610887e-17, 1.27701714609e-17, 1.11196706877e-17, 5.9108705299e-18, 4.66584583477e-18, 3.01354925248e-18, 1.05724197818e-18, 3.07392645786e-19, 3.2565800217e-20],
        "var": [2.16813850403, 26.9868774414, 18.3231601715, 16.0077133179, 24.6893196106, 53.0768241882, 46.4122962952, 148.594406128, 333.236572266, 1556.07446289, 1091.30310059, 2886.74584961, 16345.4570312, 161799.609375, 55802.421875, 12958.9765625, 29347.3105469, 37803.9882812, 19584.2011719, 3426.46704102, 1305.75561523, 167.659988403, 172.313491821, 929.20880127, 90.0708084106, 152.525360107, 282.814086914, 24.1377487183, 11.0040073395, 13.3444700241, 31.9484653473, 35.7297897339, 10.6308765411, 3.810151577, 0.927423477173, 0.0986546427011, 0.00760878296569, 2.51526453212e-05, 1.08985220848e-08, 2.74808176215e-09]
    },
    "gfcc": {
        "mean": [-50.2337226868, 82.9677505493, -130.014404297, 26.2081394196, -66.1105270386, 34.0589141846, -33.8478851318, 15.8948125839, -29.0102806091, 0.112888798118, -5.47200107574, -7.11233377457, -3.65333390236],
        "cov": [[13885.4248047, 339.474243164, 729.972717285, 780.364746094, 677.285400391, 1431.18981934, 487.293243408, 374.448059082, -483.186523438, 667.990478516, 541.74206543, 684.868103027, 218.920181274], [339.474243164, 2404.80444336, 1319.45935059, 657.116394043, 632.673522949, 24.5068778992, 258.169921875, -114.790870667, 102.09967804, -120.940101624, 248.357589722, -131.644378662, 146.314819336], [729.972717285, 1319.45935059, 2099.32910156, 890.39263916, 459.954681396, 151.19732666, -29.8698921204, -44.2984771729, 61.4537773132, 100.029327393, 153.20765686, 9.18107128143, 1.77828657627], [780.364746094, 657.116394043, 890.39263916, 712.974060059, 383.008850098, 185.550735474, 89.5158920288, -17.2311820984, 31.3176364899, 37.2212638855, 93.1281433105, 47.0476303101, 52.100479126], [677.285400391, 632.673522949, 459.954681396, 383.008850098, 615.622680664, 264.862335205, 242.248092651, 2.33205461502, 43.4087257385, 57.8377685547, 90.6398544312, 60.2166213989, 49.6825027466], [1431.18981934, 24.5068778992, 151.19732666, 185.550735474, 264.862335205, 437.698303223, 233.43586731, 47.3121643066, -33.4860038757, 96.3035125732, 106.267524719, 112.612319946, 43.1572303772], [487.293243408, 258.169921875, -29.8698921204, 89.5158920288, 242.248092651, 233.43586731, 421.08114624, 65.5462417603, -7.13318681717, -8.4689912796, 93.8237533569, 76.6386947632, 87.912979126], [374.448059082, -114.790870667, -44.2984771729, -17.2311820984, 2.33205461502, 47.3121643066, 65.5462417603, 181.002029419, 62.9176368713, 59.0803947449, 37.6656570435, 29.973192215, 9.72428226471], [-483.186523438, 102.09967804, 61.4537773132, 31.3176364899, 43.4087257385, -33.4860038757, -7.13318681717, 62.9176368713, 215.416870117, 45.6651649475, 15.0922641754, -24.8935031891, -9.88983631134], [667.990478516, -120.940101624, 100.029327393, 37.2212638855, 57.8377685547, 96.3035125732, -8.4689912796, 59.0803947449, 45.6651649475, 204.721206665, 54.3232421875, 55.1845970154, -22.3284397125], [541.74206543, 248.357589722, 153.20765686, 93.1281433105, 90.6398544312, 106.267524719, 93.8237533569, 37.6656570435, 15.0922641754, 54.3232421875, 207.976104736, 24.6213245392, 55.1073722839], [684.868103027, -131.644378662, 9.18107128143, 47.0476303101, 60.2166213989, 112.612319946, 76.6386947632, 29.973192215, -24.8935031891, 55.1845970154, 24.6213245392, 184.015899658, 55.3554191589], [218.920181274, 146.314819336, 1.77828657627, 52.100479126, 49.6825027466, 43.1572303772, 87.912979126, 9.72428226471, -9.88983631134, -22.3284397125, 55.1073722839, 55.3554191589, 133.97694397]],
        "icov": [[0.000200308903004, -0.000269145937636, 0.000171609091922, -0.000170627448824, 0.000198685214855, -0.000623717787676, 0.000351050024619, -0.000526199641172, 0.000632301555015, -0.000472628074931, 2.00428930839e-05, -0.00045652652625, 0.000114062990178], [-0.000269145937636, 0.00187712034676, -0.0010313935345, 0.000407235173043, -0.00135661789682, 0.0018198681064, -0.00127035961486, 0.00151363841724, -0.00124704570044, 0.00140737893526, -0.00116589211393, 0.00184764747974, -0.00125564052723], [0.000171609091922, -0.0010313935345, 0.0017087913584, -0.00163360219449, 0.000585934321862, -0.000840429915115, 0.0010619709501, -0.000780024332926, 0.000787498778664, -0.00103671220131, 0.000129345135065, -0.000968835898675, 0.00110421096906], [-0.000170627448824, 0.000407235173043, -0.00163360219449, 0.00416785152629, -0.00155263987835, -3.67475659004e-05, -1.96142736968e-05, 0.000598495476879, -0.000834975566249, 0.00111220462713, -6.07510446571e-05, 0.000301259657135, -0.00118375546299], [0.000198685214855, -0.00135661789682, 0.000585934321862, -0.00155263987835, 0.00456779729575, -0.00223151454702, -0.000681596284267, -0.00010588614532, 6.17785699433e-05, -0.00159613206051, 0.0011305444641, -0.00112687784713, 0.00097192049725], [-0.000623717787676, 0.0018198681064, -0.000840429915115, -3.67475659004e-05, -0.00223151454702, 0.00753501709551, -0.0034210102167, 0.0019602321554, -0.000918425852433, 0.000276274950011, -0.00167675875127, 0.000968137406744, -0.000172105937963], [0.000351050024619, -0.00127035961486, 0.0010619709501, -1.96142736968e-05, -0.000681596284267, -0.0034210102167, 0.00611377647147, -0.00289581576362, 0.00138128956314, 0.000677362841088, -0.000272555596894, -0.00183422025293, -0.000554743746761], [-0.000526199641172, 0.00151363841724, -0.000780024332926, 0.000598495476879, -0.00010588614532, 0.0019602321554, -0.00289581576362, 0.00949276424944, -0.0040956963785, -8.59090068843e-05, -0.00112374068704, 0.00127850635909, -0.000779273395892], [0.000632301555015, -0.00124704570044, 0.000787498778664, -0.000834975566249, 6.17785699433e-05, -0.000918425852433, 0.00138128956314, -0.0040956963785, 0.0082195950672, -0.00308789918199, 0.000344087340636, -0.000597285747062, 0.000504157622345], [-0.000472628074931, 0.00140737893526, -0.00103671220131, 0.00111220462713, -0.00159613206051, 0.000276274950011, 0.000677362841088, -8.59090068843e-05, -0.00308789918199, 0.00973611976951, -0.00258537405171, -0.000886264722794, 0.00170547165908], [2.00428930839e-05, -0.00116589211393, 0.000129345135065, -6.07510446571e-05, 0.0011305444641, -0.00167675875127, -0.000272555596894, -0.00112374068704, 0.000344087340636, -0.00258537405171, 0.00795575417578, 0.00048238816089, -0.00223343283869], [-0.00045652652625, 0.00184764747974, -0.000968835898675, 0.000301259657135, -0.00112687784713, 0.000968137406744, -0.00183422025293, 0.00127850635909, -0.000597285747062, -0.000886264722794, 0.00048238816089, 0.0103278653696, -0.00481670582667], [0.000114062990178, -0.00125564052723, 0.00110421096906, -0.00118375546299, 0.00097192049725, -0.000172105937963, -0.000554743746761, -0.000779273395892, 0.000504157622345, 0.00170547165908, -0.00223343283869, -0.00481670582667, 0.0124403638765]]
    },
    "melbands": {
        "dmean": [0.00180343736429, 0.000917758909054, 0.000208907542401, 0.000120773453091, 8.14964587335e-05, 7.2890354204e-05, 8.18361077108e-05, 0.000105316365079, 5.36331972398e-05, 5.43482674402e-05, 0.000102699443232, 0.000375642121071, 0.000202890907531, 8.83160537342e-05, 4.29609244748e-05, 8.94778640941e-05, 6.92281319061e-05, 3.59468722309e-05, 2.3771161068e-05, 9.74602971837e-06, 6.35292599327e-06, 3.95683173338e-06, 3.77025799025e-06, 4.01611532652e-06, 9.43924806052e-06, 3.11023063659e-06, 1.70572445768e-06, 2.70643818112e-06, 2.99179123431e-06, 2.0446311737e-06, 6.90084675625e-07, 5.12469739533e-07, 5.35147194114e-07, 6.08004199876e-07, 8.71768691013e-07, 9.76590172286e-07, 1.06203356154e-06, 7.12182156803e-07, 5.02347120346e-07, 3.644055937e-07],
        "dmean2": [0.00281995348632, 0.00150076427963, 0.000343145045917, 0.000188598889508, 0.000132711837068, 0.000116241739306, 0.000131148524815, 0.000163327073096, 8.26390023576e-05, 8.5244049842e-05, 0.00015715113841, 0.000576686114073, 0.000306565721985, 0.000139859548653, 6.70181179885e-05, 0.000143894343637, 0.000107866093458, 5.87820686633e-05, 3.7416430132e-05, 1.55641719175e-05, 1.03341644717e-05, 6.70018334858e-06, 6.27821327726e-06, 6.49555568089e-06, 1.53632918227e-05, 5.10097834194e-06, 2.80440781353e-06, 4.39230643678e-06, 4.89671538162e-06, 3.40190035786e-06, 1.12437680855e-06, 8.15496207451e-07, 8.36992569475e-07, 9.5703558145e-07, 1.39423286782e-06, 1.54850886247e-06, 1.67394750861e-06, 1.1180460433e-06, 7.80277332524e-07, 5.53830659555e-07],
        "dvar": [2.36558516917e-05, 1.03178308564e-05, 1.85900375982e-07, 5.16875076073e-08, 2.13691162543e-08, 3.41682699911e-08, 4.1675146889e-08, 8.83712871769e-08, 1.94496738715e-08, 4.79782187313e-08, 1.23289609633e-07, 8.53126152833e-07, 2.14148059285e-07, 4.79377604279e-08, 9.37626154496e-09, 1.18455879772e-07, 6.25735765425e-08, 2.45245459496e-08, 8.40371505717e-09, 2.80049894386e-09, 1.02562969229e-09, 1.4569388751e-10, 7.81728362598e-11, 8.76203484768e-11, 3.80702469549e-10, 3.71610867078e-11, 1.34396790571e-11, 4.34802194249e-11, 6.14079134764e-11, 2.1581705173e-11, 2.44420672937e-12, 1.59834027524e-12, 1.48942175867e-12, 1.85372008542e-12, 4.46537381724e-12, 5.7308038523e-12, 5.50370599789e-12, 2.47051988242e-12, 1.14041653725e-12, 8.36724027738e-13],
        "dvar2": [5.90149502386e-05, 2.56999937847e-05, 4.83331007217e-07, 1.32565105559e-07, 5.37059072769e-08, 8.50858441481e-08, 9.67263389384e-08, 1.94760872319e-07, 4.14716225805e-08, 9.29577055331e-08, 2.78696262512e-07, 1.98680459107e-06, 4.77804746879e-07, 1.17290781532e-07, 2.1185709187e-08, 2.99396504033e-07, 1.47224426428e-07, 6.50943690061e-08, 1.8336917762e-08, 5.96451288359e-09, 2.1273780515e-09, 3.99188071487e-10, 1.88287677116e-10, 2.11200251732e-10, 9.67422253417e-10, 9.70927921395e-11, 3.53120484242e-11, 1.03534833484e-10, 1.63056013136e-10, 5.8412337467e-11, 6.27950599505e-12, 3.66099555185e-12, 3.25308660218e-12, 4.10876064075e-12, 1.05445010362e-11, 1.34376529001e-11, 1.34282281475e-11, 5.64334559985e-12, 2.50325368073e-12, 1.81870523416e-12],
        "max": [0.0675113424659, 0.0438987053931, 0.0137815503404, 0.00643861480057, 0.00326163414866, 0.00667593581602, 0.00528919463977, 0.00743378419429, 0.00413229083642, 0.0159372147173, 0.0120430430397, 0.0161207038909, 0.00825321767479, 0.00477852998301, 0.00208058184944, 0.00917958281934, 0.00979010853916, 0.00556868221611, 0.00319795054384, 0.00240010162815, 0.00139260978904, 0.000411016721046, 0.000300027430058, 0.000245902163442, 0.000364913605154, 0.000137961906148, 0.00010761442536, 0.000205623800866, 0.000211853650399, 0.000114080001367, 4.69367259939e-05, 3.01790114463e-05, 3.28671849275e-05, 3.99577111239e-05, 4.40130352217e-05, 0.000119399097457, 5.99757404416e-05, 3.79907360184e-05, 2.4299362849e-05, 2.25028325076e-05],
        "mean": [0.00557836890221, 0.0018556076102, 0.000487285637064, 0.000290677853627, 0.000165088174981, 0.000140101023135, 0.000151154439664, 0.000193752843188, 9.06794375624e-05, 9.04709449969e-05, 0.000191537415958, 0.000727049133275, 0.000422810349846, 0.000178815491381, 7.56900481065e-05, 0.00015111968969, 0.000117952149594, 6.33247473161e-05, 4.05436985602e-05, 1.72704621946e-05, 1.03644251794e-05, 6.50687434245e-06, 6.57469445287e-06, 7.53258063924e-06, 1.7426256818e-05, 6.20856462774e-06, 3.53772111339e-06, 5.41618373973e-06, 6.28192310614e-06, 4.12959252571e-06, 1.30271916987e-06, 1.00740044218e-06, 1.06384038645e-06, 1.20553738725e-06, 1.67138216511e-06, 2.05406695386e-06, 2.30570663007e-06, 1.55977181748e-06, 1.06709035208e-06, 7.69364703501e-07],
        "median": [0.000740136485547, 0.000576726160944, 0.000221263209824, 0.000156964611961, 8.38706182549e-05, 5.38581589353e-05, 5.46668088646e-05, 4.58470458398e-05, 3.15948709613e-05, 2.41219422605e-05, 2.99167295452e-05, 7.13868575986e-05, 6.84641854605e-05, 2.68453113677e-05, 1.5589326722e-05, 2.14057636185e-05, 1.64444372786e-05, 1.02987169157e-05, 7.96819040261e-06, 4.00751378038e-06, 3.41153599948e-06, 2.52758741226e-06, 3.03097613141e-06, 3.24470511259e-06, 5.0003936849e-06, 2.61588616013e-06, 1.75437457983e-06, 2.10245434573e-06, 1.90201217265e-06, 1.32041782308e-06, 5.06333094563e-07, 4.22046554149e-07, 4.24626080076e-07, 4.44186866844e-07, 6.02159730079e-07, 7.83202835919e-07, 7.99510530669e-07, 6.18950025455e-07, 4.13055118997e-07, 2.63915637788e-07],
        "min": [4.61312288966e-24, 2.43890075029e-24, 5.49628264977e-24, 6.19784584063e-24, 3.33287973771e-24, 4.65204528672e-24, 1.38376438246e-24, 6.63537334222e-24, 1.81415565108e-24, 5.62215014036e-24, 5.31494167146e-24, 6.52524914871e-24, 5.11043737039e-24, 7.5368291533e-24, 7.05899559263e-24, 3.44112486454e-24, 7.71021446938e-24, 7.81849667268e-24, 7.64524546295e-24, 5.41851279742e-24, 9.49539092068e-24, 9.16633494901e-24, 6.41117078991e-24, 8.50194525058e-24, 9.80213711709e-24, 7.29162988471e-24, 7.62545294284e-24, 8.60162729228e-24, 9.33647489132e-24, 1.20704167199e-23, 6.534145922e-24, 6.8521901843e-24, 8.36355538197e-24, 8.09743788876e-24, 7.78161269219e-24, 6.87248678653e-24, 8.03594460348e-24, 8.98191504658e-24, 9.15000631713e-24, 9.71955757981e-24],
        "var": [0.000106643674371, 1.28191932163e-05, 4.97918279052e-07, 1.59899528285e-07, 5.61916699837e-08, 6.86331276256e-08, 9.23814411635e-08, 2.09334586998e-07, 5.55038539574e-08, 1.42099139566e-07, 4.11899861774e-07, 2.56336420534e-06, 7.43377995605e-07, 1.50628011397e-07, 2.36032153822e-08, 2.93560816544e-07, 1.7043660705e-07, 5.52096039996e-08, 1.64022431193e-08, 7.91468846018e-09, 1.50556789258e-09, 2.07664663243e-10, 1.57228632891e-10, 1.77260969791e-10, 8.36446467645e-10, 9.55769907662e-11, 3.36122935041e-11, 1.0404858225e-10, 1.69450148357e-10, 5.98452329359e-11, 5.89543778379e-12, 3.84296284031e-12, 3.65283237685e-12, 4.89768512205e-12, 1.07353440373e-11, 1.47467246747e-11, 1.71151339629e-11, 7.01954640248e-12, 3.56904414876e-12, 2.71096621714e-12]
    },
    "mfcc": {
        "mean": [-687.640319824, 107.292350769, -0.794632077217, 0.846564173698, 1.67369139194, 4.51982927322, 14.8702974319, 5.75533819199, -2.80053806305, 6.71429824829, -4.87749481201, 2.35684704781, -2.4053812027],
        "cov": [[12524.578125, 19.2859897614, 52.1636543274, 6.50900745392, 308.091064453, 916.01184082, 1115.27258301, 387.628479004, -221.606231689, 386.164093018, -62.6585540771, 195.411773682, 106.782745361], [19.2859897614, 1859.84924316, 773.754516602, 612.608947754, 424.49005127, 253.70854187, 285.85244751, 82.5255661011, 17.4479885101, 84.8691940308, -13.2887592316, 0.486723661423, 31.9213638306], [52.1636543274, 773.754516602, 1599.8067627, 692.575439453, 559.345336914, 202.89239502, 114.314842224, -46.1200294495, -47.8305397034, 24.763381958, 2.3789100647, 91.832572937, 111.094451904], [6.50900745392, 612.608947754, 692.575439453, 654.56652832, 396.850128174, 212.622207642, 134.721603394, 47.2496681213, 31.5180778503, 16.142950058, 6.04138469696, 41.4163017273, 44.38854599], [308.091064453, 424.49005127, 559.345336914, 396.850128174, 502.69241333, 215.421218872, 120.344345093, 12.3742847443, 12.6176176071, 64.2144775391, 24.3617153168, 78.3357696533, 90.2890777588], [916.01184082, 253.70854187, 202.89239502, 212.622207642, 215.421218872, 472.125244141, 266.886383057, 149.490707397, 29.5145664215, 51.5693740845, 48.4853363037, 14.2394552231, 12.8752355576], [1115.27258301, 285.85244751, 114.314842224, 134.721603394, 120.344345093, 266.886383057, 438.834594727, 155.325210571, -9.61330699921, 86.281539917, -11.239071846, 52.6163063049, 7.64618206024], [387.628479004, 82.5255661011, -46.1200294495, 47.2496681213, 12.3742847443, 149.490707397, 155.325210571, 230.277297974, 68.8008499146, 28.9993839264, 26.8034286499, -5.1760225296, -10.1814222336], [-221.606231689, 17.4479885101, -47.8305397034, 31.5180778503, 12.6176176071, 29.5145664215, -9.61330699921, 68.8008499146, 146.240081787, 34.6177635193, 49.4115486145, 3.57630467415, 15.0695323944], [386.164093018, 84.8691940308, 24.763381958, 16.142950058, 64.2144775391, 51.5693740845, 86.281539917, 28.9993839264, 34.6177635193, 141.778747559, 54.0865402222, 52.5788650513, 36.6837081909], [-62.6585540771, -13.2887592316, 2.3789100647, 6.04138469696, 24.3617153168, 48.4853363037, -11.239071846, 26.8034286499, 49.4115486145, 54.0865402222, 143.690170288, 52.7342262268, 37.7091598511], [195.411773682, 0.486723661423, 91.832572937, 41.4163017273, 78.3357696533, 14.2394552231, 52.6163063049, -5.1760225296, 3.57630467415, 52.5788650513, 52.7342262268, 154.443237305, 79.9262084961], [106.782745361, 31.9213638306, 111.094451904, 44.38854599, 90.2890777588, 12.8752355576, 7.64618206024, -10.1814222336, 15.0695323944, 36.6837081909, 37.7091598511, 79.9262084961, 128.825485229]],
