{
"lowlevel": {
    "average_loudness": 0.658052563667,
    "barkbands_crest": {
        "dmean": 2.68216180801,
        "dmean2": 4.37105512619,
        "dvar": 7.48224115372,
        "dvar2": 15.730175972,
        "max": 25.2295246124,
        "mean": 8.65136146545,
        "median": 7.53442668915,
        "min": 2.30666351318,
        "var": 16.9806156158
    },
    "barkbands_flatness_db": {
        "dmean": 0.0188179351389,
        "dmean2": 0.0302133280784,
        "dvar": 0.000419940828579,
        "dvar2": 0.000889226561412,
        "max": 0.297547459602,
        "mean": 0.119880899787,
        "median": 0.110470250249,
        "min": 0.0330783836544,
        "var": 0.0016735753743
    },
    "barkbands_kurtosis": {
        "dmean": 1.96509575844,
        "dmean2": 3.15813112259,
        "dvar": 20.9492034912,
        "dvar2": 43.9758453369,
        "max": 92.7411575317,
        "mean": 2.54393625259,
        "median": 0.826290011406,
        "min": -1.88651108742,
        "var": 38.0260009766
    },
    "barkbands_skewness": {
        "dmean": 0.462111532688,
        "dmean2": 0.717411339283,
        "dvar": 0.352685630322,
        "dvar2": 0.67613774538,
        "max": 8.55073833466,
        "mean": 1.094643116,
        "median": 0.940199255943,
        "min": -3.89357566833,
        "var": 1.13589966297
    },
    "barkbands_spread": {
        "dmean": 5.40841293335,
        "dmean2": 8.60785102844,
        "dvar": 41.5480308533,
        "dvar2": 92.5855407715,
        "max": 100.061416626,
        "mean": 23.9257545471,
        "median": 22.4328575134,
        "min": 1.93996143341,
        "var": 149.609359741
    },
    "dissonance": {
        "dmean": 0.0177883431315,
        "dmean2": 0.0304395388812,
        "dvar": 0.000313545111567,
        "dvar2": 0.00086863123579,
        "max": 0.500000059605,
        "mean": 0.469933509827,
        "median": 0.47726264596,
        "min": 0.242989808321,
        "var": 0.000715866335668
    },
    "dynamic_complexity": 3.57782149315,
    "erbbands_crest": {
        "dmean": 2.43764352798,
        "dmean2": 3.97604870796,
        "dvar": 5.013484478,
        "dvar2": 12.6305732727,
        "max": 30.504776001,
        "mean": 8.73820114136,
        "median": 7.80834388733,
        "min": 2.21014857292,
        "var": 18.5527763367
    },
    "erbbands_flatness_db": {
        "dmean": 0.0142759745941,
        "dmean2": 0.021606285125,
        "dvar": 0.000167551348568,
        "dvar2": 0.000350803456968,
        "max": 0.323867529631,
        "mean": 0.160732358694,
        "median": 0.156014353037,
        "min": 0.0506986305118,
        "var": 0.00204968336038
    },
    "erbbands_kurtosis": {
        "dmean": 0.868701338768,
        "dmean2": 1.39302575588,
        "dvar": 1.17991960049,
        "dvar2": 2.74296355247,
        "max": 27.8553524017,
        "mean": 1.09116947651,
        "median": 0.546713590622,
        "min": -1.76359701157,
        "var": 4.92154026031
    },
    "erbbands_skewness": {
        "dmean": 0.311076819897,
        "dmean2": 0.493440121412,
        "dvar": 0.0853257551789,
        "dvar2": 0.182682290673,
        "max": 4.30705165863,
        "mean": 0.621778428555,
        "median": 0.591735005379,
        "min": -3.70581173897,
        "var": 0.511287331581
    },
    "erbbands_spread": {
        "dmean": 6.58460760117,
        "dmean2": 10.2891359329,
        "dvar": 60.0305747986,
        "dvar2": 138.649627686,
        "max": 135.773910522,
        "mean": 32.9469947815,
        "median": 28.7916030884,
        "min": 4.74173069,
        "var": 277.78427124
    },
    "hfc": {
        "dmean": 5.79449176788,
        "dmean2": 8.71293258667,
        "dvar": 52.5912513733,
        "dvar2": 115.670257568,
        "max": 260.978363037,
        "mean": 27.7941684723,
        "median": 22.639295578,
        "min": 1.15634357156e-16,
        "var": 536.520568848
    },
    "melbands_crest": {
        "dmean": 3.63910317421,
        "dmean2": 5.64815616608,
        "dvar": 14.0394544601,
        "dvar2": 27.7396335602,
        "max": 35.7952423096,
        "mean": 11.9580173492,
        "median": 10.3613882065,
        "min": 1.32507359982,
        "var": 33.4531898499
    },
    "melbands_flatness_db": {
        "dmean": 0.0234842896461,
        "dmean2": 0.0372072681785,
        "dvar": 0.000793002778664,
        "dvar2": 0.00157116970513,
        "max": 0.388015627861,
        "mean": 0.149184152484,
        "median": 0.139806851745,
        "min": 0.000546926283278,
        "var": 0.00259536970407
    },
    "melbands_kurtosis": {
        "dmean": 4.92162513733,
        "dmean2": 7.7961359024,
        "dvar": 139.546325684,
        "dvar2": 286.047576904,
        "max": 197.111785889,
        "mean": 8.17132854462,
        "median": 3.98221588135,
        "min": -1.84745836258,
        "var": 233.327865601
    },
    "melbands_skewness": {
        "dmean": 0.631061911583,
        "dmean2": 0.980110943317,
        "dvar": 0.711067676544,
        "dvar2": 1.36459350586,
        "max": 11.9325246811,
        "mean": 1.86474537849,
        "median": 1.56618094444,
        "min": -0.951162219048,
        "var": 2.21823358536
    },
    "melbands_spread": {
        "dmean": 7.83044433594,
        "dmean2": 12.4363651276,
        "dvar": 145.579360962,
        "dvar2": 284.570892334,
        "max": 245.564697266,
        "mean": 30.0725078583,
        "median": 26.7630081177,
        "min": 1.26747453213,
        "var": 443.475494385
    },
    "pitch_salience": {
        "dmean": 0.0719802230597,
        "dmean2": 0.116058208048,
        "dvar": 0.00524173071608,
        "dvar2": 0.0107782762498,
        "max": 0.966667473316,
        "mean": 0.599260866642,
        "median": 0.612586259842,
        "min": 0.120058014989,
        "var": 0.0131944334134
    },
    "silence_rate_20dB": {
        "dmean": 0,
        "dmean2": 0,
        "dvar": 0,
        "dvar2": 0,
        "max": 1,
        "mean": 1,
        "median": 1,
        "min": 1,
        "var": 0
    },
    "silence_rate_30dB": {
        "dmean": 0.0551076903939,
        "dmean2": 0.110228642821,
        "dvar": 0.0520757250488,
        "dvar2": 0.125995874405,
        "max": 1,
        "mean": 0.956207871437,
        "median": 1,
        "min": 0,
        "var": 0.0418762825429
    },
    "silence_rate_60dB": {
        "dmean": 0.0199735295027,
        "dmean2": 0.03995186463,
        "dvar": 0.0195729769766,
        "dvar2": 0.0465352572501,
        "max": 1,
        "mean": 0.0881857573986,
        "median": 0,
        "min": 0,
        "var": 0.0803974196315
    },
    "spectral_centroid": {
        "dmean": 232.671386719,
        "dmean2": 373.336547852,
        "dvar": 76948.90625,
        "dvar2": 164748.828125,
        "max": 11311.2431641,
        "mean": 1576.04541016,
        "median": 1571.86706543,
        "min": 321.465545654,
        "var": 320600.3125
    },
    "spectral_complexity": {
        "dmean": 3.32475042343,
        "dmean2": 5.35547542572,
        "dvar": 10.4332542419,
        "dvar2": 24.3239135742,
        "max": 57,
        "mean": 22.8758430481,
        "median": 23,
        "min": 0,
        "var": 138.093704224
    },
    "spectral_decrease": {
        "dmean": 2.94537239043e-09,
        "dmean2": 4.49854153928e-09,
        "dvar": 3.42800785024e-17,
        "dvar2": 6.90645121854e-17,
        "max": 8.99960280549e-29,
        "mean": -7.34113614342e-09,
        "median": -5.19415621625e-09,
        "min": -5.78808290186e-08,
        "var": 6.51648452881e-17
    },
    "spectral_energy": {
        "dmean": 0.0115008922294,
        "dmean2": 0.0174964144826,
        "dvar": 0.000497502333019,
        "dvar2": 0.00100114010274,
        "max": 0.223022311926,
        "mean": 0.0302281714976,
        "median": 0.0218940414488,
        "min": 1.04471982403e-20,
        "var": 0.00100724259391
    },
    "spectral_energyband_high": {
        "dmean": 0.000349007168552,
        "dmean2": 0.000518124841619,
        "dvar": 3.63352484101e-07,
        "dvar2": 7.33665501684e-07,
        "max": 0.0139094227925,
        "mean": 0.00114696193486,
        "median": 0.000838697189465,
        "min": 7.46655468494e-21,
        "var": 1.52567042733e-06
    },
    "spectral_energyband_low": {
        "dmean": 0.00803042203188,
        "dmean2": 0.0123376240954,
        "dvar": 0.000460771145299,
        "dvar2": 0.000929418427404,
        "max": 0.191272452474,
        "mean": 0.0101887118071,
        "median": 0.00259395921603,
        "min": 3.34661017731e-23,
        "var": 0.000605122477282
    },
    "spectral_energyband_middle_high": {
        "dmean": 0.00267154444009,
        "dmean2": 0.00417471816763,
        "dvar": 1.44244077092e-05,
        "dvar2": 3.65587256965e-05,
        "max": 0.134633764625,
        "mean": 0.0102866515517,
        "median": 0.00634428299963,
        "min": 1.43711473782e-21,
        "var": 0.000115337519674
    },
    "spectral_energyband_middle_low": {
        "dmean": 0.00386343314312,
        "dmean2": 0.00641850708053,
        "dvar": 2.98527611449e-05,
        "dvar2": 8.10677156551e-05,
        "max": 0.0962419807911,
        "mean": 0.00956129934639,
        "median": 0.00727346818894,
        "min": 3.09389808145e-22,
        "var": 7.9942845332e-05
    },
    "spectral_entropy": {
        "dmean": 0.113865472376,
        "dmean2": 0.180360585451,
        "dvar": 0.0130345709622,
        "dvar2": 0.0295564867556,
        "max": 9.79832553864,
        "mean": 7.84095239639,
        "median": 7.8762550354,
        "min": 6.18595695496,
        "var": 0.093539044261
    },
    "spectral_flux": {
        "dmean": 0.0282828826457,
        "dmean2": 0.046158220619,
        "dvar": 0.0018543942133,
        "dvar2": 0.00418354617432,
        "max": 0.397081643343,
        "mean": 0.0998763144016,
        "median": 0.0897588655353,
        "min": 6.50529768942e-11,
        "var": 0.00430054590106
    },
    "spectral_kurtosis": {
        "dmean": 0.839500010014,
        "dmean2": 1.41310167313,
        "dvar": 0.61953163147,
        "dvar2": 1.74998700619,
        "max": 16.2528305054,
        "mean": 3.12765574455,
        "median": 3.02154922485,
        "min": -1.41622662544,
        "var": 2.262144804
    },
    "spectral_rms": {
        "dmean": 0.000852868775837,
        "dmean2": 0.00128331431188,
        "dvar": 1.63962909028e-06,
        "dvar2": 2.99496241496e-06,
        "max": 0.0147506864741,
        "mean": 0.00483210431412,
        "median": 0.00462169246748,
        "min": 3.1925519086e-12,
        "var": 6.14184864389e-06
    },
    "spectral_rolloff": {
        "dmean": 475.683959961,
        "dmean2": 785.389648438,
        "dvar": 838542.4375,
        "dvar2": 1671521.5,
        "max": 19229.1503906,
        "mean": 1820.42102051,
        "median": 1571.92382812,
        "min": 64.599609375,
        "var": 2260497.5
    },
    "spectral_skewness": {
        "dmean": 0.142694637179,
        "dmean2": 0.231857255101,
        "dvar": 0.0168051365763,
        "dvar2": 0.0403803922236,
        "max": 3.34683036804,
        "mean": 1.42978656292,
        "median": 1.43763637543,
        "min": -0.247575074434,
        "var": 0.0938353985548
    },
    "spectral_spread": {
        "dmean": 411276.84375,
        "dmean2": 596617.625,
        "dvar": 405546926080,
        "dvar2": 704462454784,
        "max": 42091732,
        "mean": 4908803.5,
        "median": 4675621,
        "min": 2732491,
        "var": 1.97511190938e+12
    },
    "spectral_strongpeak": {
        "dmean": 0.688057482243,
        "dmean2": 1.16044640541,
        "dvar": 0.861811876297,
        "dvar2": 2.19402575493,
        "max": 17.4620513916,
        "mean": 1.28416252136,
        "median": 0.719057679176,
        "min": 0,
        "var": 2.03946828842
    },
    "zerocrossingrate": {
        "dmean": 0.0112025029957,
        "dmean2": 0.0130002088845,
        "dvar": 0.000222637841944,
        "dvar2": 0.000250036100624,
        "max": 0.54833984375,
        "mean": 0.0778799206018,
        "median": 0.07275390625,
        "min": 0.00537109375,
        "var": 0.00151413434651
    },
    "barkbands": {
        "dmean": [0.000803430622909, 0.00642661377788, 0.00201649358496, 0.0010742546292, 0.00104241876397, 0.000793282524683, 0.000671121175401, 0.000620806182269, 0.00144617259502, 0.00139409711119, 0.00107278686482, 0.000664626248181, 0.000620623584837, 0.000748472521082, 0.000500377267599, 0.000244075883529, 0.000215696156374, 0.000173365304363, 0.000110608933028, 0.000138208313729, 8.74808683875e-05, 8.11205754871e-05, 9.63833663263e-05, 8.19079650682e-05, 4.52895037597e-05, 2.37758995354e-05, 1.92917202213e-08],
        "dmean2": [0.00128365517594, 0.00985432881862, 0.00372938998044, 0.0019228507299, 0.00179448677227, 0.00128435716033, 0.00107549061067, 0.00100795784965, 0.00237225810997, 0.00228328537196, 0.00176267081406, 0.00108740420546, 0.00104253506288, 0.00123416550923, 0.000810037832707, 0.000403573299991, 0.000352739240043, 0.000284963753074, 0.000181831579539, 0.000224173461902, 0.000143942350405, 0.000131432738272, 0.000146077538375, 0.000121452845633, 6.58384451526e-05, 3.54251060344e-05, 3.44456339008e-08],
        "dvar": [5.86026590099e-06, 0.000330443901476, 3.97052317567e-05, 7.96527729108e-06, 2.89410263576e-06, 2.14367287299e-06, 1.75057596152e-06, 1.4718160628e-06, 8.03752936918e-06, 7.00794817021e-06, 4.59368084194e-06, 1.42650719681e-06, 2.09600671042e-06, 2.79096730083e-06, 1.19793730846e-06, 3.021160353e-07, 3.18533096788e-07, 1.18887669487e-07, 3.09243795016e-08, 4.05098639078e-08, 2.47771847484e-08, 2.88559593997e-08, 3.7314901391e-08, 3.59193279564e-08, 1.1338968875e-08, 2.51016429864e-09, 1.09231783232e-13],
        "dvar2": [1.37270581035e-05, 0.000674904731568, 0.000114495269372, 2.26744505198e-05, 8.19726392365e-06, 5.06036121806e-06, 4.30426052844e-06, 3.65812661585e-06, 2.17724809772e-05, 1.86874294741e-05, 1.21981538541e-05, 3.57655562766e-06, 5.42543875781e-06, 6.96878896633e-06, 2.88590172204e-06, 7.71566647018e-07, 6.6403231358e-07, 3.04487940639e-07, 7.88593226275e-08, 1.03885312797e-07, 6.23964666602e-08, 7.20348012351e-08, 7.26574000964e-08, 6.56267928889e-08, 2.2715985537e-08, 5.53788703783e-09, 2.86729732839e-13],
        "max": [0.0287068840116, 0.17546698451, 0.0560012757778, 0.0375849604607, 0.0241265669465, 0.0285587813705, 0.031457465142, 0.0318549983203, 0.0893262848258, 0.0535677447915, 0.0465368591249, 0.0229718890041, 0.0697585120797, 0.0829935073853, 0.0336253903806, 0.0127103272825, 0.0323986634612, 0.0155074801296, 0.00768477050588, 0.00402874825522, 0.00503041781485, 0.0057453289628, 0.00826954748482, 0.00631934404373, 0.00440292013809, 0.00146905437578, 1.97695990209e-05],
        "mean": [0.000743273529224, 0.00735272746533, 0.00160781701561, 0.000967825471889, 0.00151128473226, 0.00145369186066, 0.00107885687612, 0.000971220899373, 0.00253466167487, 0.00252818223089, 0.00193141377531, 0.00122399826068, 0.00108718755655, 0.00143382127862, 0.000955254829023, 0.000453906541225, 0.000449664425105, 0.000374367489712, 0.000255727092735, 0.00034602539381, 0.000193103944184, 0.000199847389013, 0.000229987315834, 0.000206680822885, 9.84675934887e-05, 3.91940520785e-05, 1.26293233649e-08],
        "median": [7.66330340412e-05, 0.00155321473721, 0.00029239221476, 0.00026656704722, 0.000836832507048, 0.000601823907346, 0.000434789399151, 0.000329716393026, 0.00107912393287, 0.000723178498447, 0.000592162832618, 0.000485859753098, 0.00041492638411, 0.000413090747315, 0.00032195111271, 0.000227526659728, 0.000240371999098, 0.000226162970648, 0.000172265979927, 0.000195163214812, 0.000126699436805, 0.000129740830744, 0.000141605560202, 0.000116410483315, 5.19832028658e-05, 1.76311150426e-05, 6.99712066066e-10],
        "min": [6.45760945368e-24, 8.10208191291e-24, 5.51828713586e-24, 1.10903154209e-23, 4.60779870964e-23, 1.60419203812e-23, 2.19657056881e-23, 1.76899817631e-23, 5.41961578274e-23, 8.53800818463e-23, 1.95703958137e-23, 5.54717522221e-23, 4.68729064533e-23, 4.66416818557e-23, 3.20030740274e-23, 5.35298732851e-23, 1.44291545294e-22, 1.32421713025e-22, 2.88416054025e-22, 2.53848068184e-22, 2.92643818362e-22, 4.28246508858e-22, 4.63875455819e-22, 6.8314122507e-22, 1.06439232369e-21, 1.53657108958e-21, 2.36212773414e-21],
        "var": [5.64516994928e-06, 0.000393038673792, 2.4045648388e-05, 5.6245585256e-06, 4.01302440878e-06, 5.96082418269e-06, 3.49280799128e-06, 3.58996726391e-06, 1.46188122017e-05, 2.01379043574e-05, 1.18137995742e-05, 3.52790630131e-06, 3.89665774492e-06, 6.14597183812e-06, 3.14530007017e-06, 5.80565824748e-07, 1.13146734293e-06, 3.27316996618e-07, 9.03516195194e-08, 1.52717646529e-07, 5.22344336673e-08, 7.57697478093e-08, 1.23931741314e-07, 1.2602477284e-07, 3.01979312667e-08, 4.21137968942e-09, 7.60719476777e-14]
    },
    "erbbands": {
        "dmean": [0.279150873423, 1.31733238697, 2.36411166191, 3.12525582314, 3.68482875824, 3.60111904144, 5.40875005722, 6.1171503067, 8.29662227631, 10.1466598511, 17.4205856323, 33.0221672058, 42.311000824, 42.6543235779, 29.7292633057, 26.8588562012, 25.9945774078, 33.885219574, 29.7390956879, 17.6853408813, 11.7254991531, 11.9232034683, 9.80722045898, 6.52608299255, 4.99362659454, 6.59819698334, 4.84220647812, 2.67823505402, 2.86961054802, 2.89233970642, 2.90865540504, 1.94773221016, 1.35050797462, 0.637687563896, 0.277407288551, 0.167302623391, 0.0251394510269, 0.00107205298264, 3.25918263115e-05, 1.43000115713e-05],
        "dmean2": [0.43869253993, 2.19968128204, 4.35450744629, 5.63700008392, 6.51899290085, 6.18128252029, 8.89440822601, 9.82961273193, 13.5694990158, 15.9146814346, 28.7829208374, 54.1924629211, 69.9233016968, 69.4637680054, 48.0242958069, 43.6649169922, 43.2538223267, 55.9558753967, 47.1712684631, 29.139333725, 19.1348571777, 19.4781780243, 16.0625724792, 10.7826023102, 8.08866691589, 10.6838226318, 7.96639680862, 4.34968757629, 4.60589504242, 4.68641424179, 4.45151853561, 2.8888323307, 2.03676533699, 0.944353759289, 0.403032720089, 0.246910437942, 0.0379233695567, 0.00173766817898, 4.84742413391e-05, 2.10631969821e-05],
        "dvar": [0.68784558773, 15.417963028, 57.1801528931, 73.8302383423, 57.9871711731, 36.4801712036, 106.077552795, 168.661087036, 282.847076416, 575.150146484, 1001.96331787, 5020.57910156, 8321.79199219, 6522.44384766, 4318.49755859, 2463.79785156, 3448.41113281, 6309.93115234, 4006.6940918, 1249.90563965, 739.441223145, 1075.1484375, 409.927886963, 129.190795898, 65.6712722778, 94.9491119385, 83.9925613403, 18.9444198608, 32.2971115112, 39.9655418396, 35.0892410278, 20.0500011444, 9.67721271515, 2.66855096817, 0.332012712955, 0.103756673634, 0.00618670927361, 8.34453458083e-05, 2.72506532895e-08, 6.23223583851e-10],
        "dvar2": [1.38891136646, 39.8923683167, 164.495498657, 211.333877563, 166.371810913, 101.770584106, 273.883056641, 400.00112915, 739.943908691, 1294.89501953, 2637.2590332, 13567.4160156, 22987.7382812, 17330.6132812, 11344.4248047, 6100.88134766, 8847.8203125, 15081.1113281, 9683.32910156, 3158.64233398, 1820.06152344, 2253.69335938, 1047.18408203, 333.419891357, 159.233551025, 244.800949097, 211.887298584, 46.1386146545, 75.6649780273, 96.3125305176, 71.477973938, 38.8777236938, 17.7742118835, 5.39917087555, 0.661772787571, 0.225312486291, 0.0143239796162, 0.0002192567772, 6.97540230021e-08, 1.23591847867e-09],
        "max": [7.75574111938, 37.5015106201, 67.5261459351, 105.109588623, 101.083892822, 108.962623596, 203.68309021, 284.739746094, 379.989715576, 798.409912109, 553.399658203, 2334.88012695, 2247.56518555, 1546.80700684, 1575.47753906, 1035.09521484, 2642.58227539, 4777.94726562, 1402.98193359, 1070.63867188, 839.93182373, 1986.65100098, 932.076293945, 471.094238281, 283.106567383, 141.663330078, 251.431594849, 111.337478638, 164.989929199, 210.288787842, 277.905578613, 127.331375122, 118.154602051, 73.0834274292, 22.6455688477, 6.18502235413, 3.59384059906, 0.515261769295, 0.0085962722078, 0.000415973423515],
        "mean": [0.292578577995, 1.31350684166, 1.95219016075, 2.83594584465, 4.14226484299, 5.11578321457, 9.48320007324, 10.5417604446, 13.3543958664, 17.8381633759, 29.3902454376, 57.2910881042, 82.179069519, 81.7483291626, 57.9412727356, 53.0354385376, 51.4263916016, 67.6511993408, 63.6610031128, 37.6758270264, 25.0020446777, 26.2539348602, 21.833530426, 15.2290277481, 13.0745306015, 16.4332046509, 10.5880184174, 6.57157945633, 6.97306394577, 6.95737028122, 6.6994509697, 4.79722499847, 3.13666629791, 1.38505375385, 0.566272079945, 0.285669773817, 0.0416464246809, 0.00134348473512, 6.47102206131e-05, 4.19018215325e-05],
        "median": [0.03966268152, 0.316866844893, 0.448079258204, 0.80767762661, 1.94177627563, 2.82101488113, 3.80261969566, 4.11878728867, 5.75724697113, 6.23833084106, 13.0214214325, 23.9584693909, 26.0037193298, 30.1181240082, 21.616607666, 22.8082542419, 22.7286071777, 23.4742736816, 18.7249183655, 17.4806137085, 13.5056705475, 14.136713028, 13.035984993, 10.1683864594, 8.52338314056, 9.13697052002, 6.45197343826, 4.59380912781, 4.45650959015, 4.47037220001, 3.98727893829, 2.66864681244, 1.71483111382, 0.705617785454, 0.293852478266, 0.135470747948, 0.0184744279832, 0.000438204093371, 3.89544293284e-05, 3.24703105434e-05],
        "min": [9.42508542799e-23, 2.28297567759e-21, 5.20073654271e-21, 3.22777281063e-20, 3.79567075213e-20, 1.24425270297e-19, 1.54260834887e-19, 1.54578911682e-19, 2.11703293926e-19, 8.88186216705e-19, 7.48724806199e-19, 1.0034694481e-18, 1.08562916244e-18, 1.74834321156e-18, 1.41508506746e-18, 1.99622566649e-18, 1.98630528941e-18, 2.44197323947e-18, 2.17978862495e-18, 2.86423446651e-18, 4.80164035362e-18, 8.95795327082e-18, 1.02154042867e-17, 1.33376463124e-17, 1.21207991113e-17, 1.23161386401e-17, 1.22203172108e-17, 1.22657244633e-17, 1.7156516689e-17, 1.26425490729e-17, 1.43634900655e-17, 1.4002003866e-17, 1.04586367458e-17, 9.20763360282e-18, 6.79571679809e-18, 4.86800712212e-18, 3.06309985271e-18, 1.26833278363e-18, 3.08300528207e-19, 3.26768007466e-20],
        "var": [0.762378573418, 13.2973871231, 35.0397834778, 49.5119056702, 48.9061393738, 51.7860527039, 295.056671143, 384.675537109, 504.770263672, 1391.62280273, 2076.13183594, 8102.09423828, 26097.1464844, 17291.7714844, 10810.5664062, 6537.97949219, 7171.30810547, 13733.1992188, 12947.8623047, 3512.46899414, 1778.56604004, 3965.29443359, 1109.05603027, 394.564483643, 221.035812378, 354.481994629, 178.816635132, 51.2619094849, 90.7205886841, 107.961372375, 110.158363342, 63.7523536682, 31.9373016357, 7.11832284927, 0.851425647736, 0.188442677259, 0.00885538663715, 8.00355483079e-05, 2.89026438338e-08, 1.54208656955e-09]
    },
    "gfcc": {
        "mean": [14.1315765381, 70.6087875366, -139.95223999, 25.2876091003, -76.0038146973, 28.929901123, -41.9056892395, 14.5720615387, -28.0352134705, 1.36258208752, -17.4166870117, -1.36496305466, -8.02257061005],
        "cov": [[5027.22167969, 151.292755127, 66.1596603394, 260.436706543, 461.206817627, 520.922973633, 282.516662598, 293.24609375, 162.280685425, 285.844116211, 25.8364086151, 66.4085845947, -34.6361274719], [151.292755127, 1031.3972168, 599.995483398, 355.774993896, 283.923339844, 66.055267334, 190.68737793, 82.7553863525, 95.5501327515, 78.1976394653, 135.858581543, 16.0100440979, 28.1479129791], [66.1596603394, 599.995483398, 1128.54125977, 546.508056641, 233.544677734, 60.6008605957, -1.08281219006, 81.4341659546, 74.9494628906, 118.592880249, 64.4861907959, 91.3130874634, -17.8013896942], [260.436706543, 355.774993896, 546.508056641, 512.603210449, 275.321685791, 116.501571655, 62.1194496155, 82.6903686523, 101.633018494, 89.7233886719, 26.7160186768, 42.5637359619, 18.6843032837], [461.206817627, 283.923339844, 233.544677734, 275.321685791, 392.467926025, 204.541793823, 163.848175049, 116.287254333, 93.7841262817, 111.994934082, 4.79187345505, 34.4182929993, 11.2189226151], [520.922973633, 66.055267334, 60.6008605957, 116.501571655, 204.541793823, 265.546966553, 159.973129272, 74.5363693237, 46.9099006653, 62.0252799988, 11.4714460373, -11.9426164627, 8.96453857422], [282.516662598, 190.68737793, -1.08281219006, 62.1194496155, 163.848175049, 159.973129272, 269.48638916, 116.670349121, 44.9372291565, 51.3804626465, 35.4130363464, -9.75787639618, 0.615142405033], [293.24609375, 82.7553863525, 81.4341659546, 82.6903686523, 116.287254333, 74.5363693237, 116.670349121, 144.050094604, 74.6848449707, 54.4710693359, 15.0611410141, 20.9549789429, -1.7971508503], [162.280685425, 95.5501327515, 74.9494628906, 101.633018494, 93.7841262817, 46.9099006653, 44.9372291565, 74.6848449707, 137.717895508, 61.6897315979, 19.4343891144, 20.8046188354, 18.6207752228], [285.844116211, 78.1976394653, 118.592880249, 89.7233886719, 111.994934082, 62.0252799988, 51.3804626465, 54.4710693359, 61.6897315979, 123.400276184, 31.1081695557, 32.2451972961, -3.01980829239], [25.8364086151, 135.858581543, 64.4861907959, 26.7160186768, 4.79187345505, 11.4714460373, 35.4130363464, 15.0611410141, 19.4343891144, 31.1081695557, 109.203132629, 19.4827518463, 15.6720113754], [66.4085845947, 16.0100440979, 91.3130874634, 42.5637359619, 34.4182929993, -11.9426164627, -9.75787639618, 20.9549789429, 20.8046188354, 32.2451972961, 19.4827518463, 84.0937271118, 13.5927047729], [-34.6361274719, 28.1479129791, -17.8013896942, 18.6843032837, 11.2189226151, 8.96453857422, 0.615142405033, -1.7971508503, 18.6207752228, -3.01980829239, 15.6720113754, 13.5927047729, 64.2089157104]],
        "icov": [[0.000313672790071, -0.000250804354437, 0.000300479703583, -0.000177453868673, 0.000312497926643, -0.000867671740707, 0.000525370065589, -0.000682536046952, 0.000291918928269, -0.000578969251364, 0.000239499713643, -0.000422929006163, 0.000375685398467], [-0.000250804354437, 0.00331948511302, -0.00202338583767, 0.000731232459657, -0.0029382519424, 0.00343014183454, -0.0031835983973, 0.00250712828711, -0.00153218035121, 0.00185661169235, -0.00312450667843, 0.00272397091612, -0.00151144911069], [0.000300479703583, -0.00202338583767, 0.00358770880848, -0.00312713114545, 0.00223388522863, -0.00238894531503, 0.00274817785248, -0.00240105739795, 0.00190043693874, -0.00189363257959, 0.00104117335286, -0.00289425742812, 0.00252179801464], [-0.000177453868673, 0.000731232459657, -0.00312713114545, 0.00672574574128, -0.00388162140734, 0.00110409164336, -0.000430601096014, 0.00118787295651, -0.00236187735572, 0.00148203736171, -0.000668652355671, 0.00191289419308, -0.00216604419984], [0.000312497926643, -0.0029382519424, 0.00223388522863, -0.00388162140734, 0.0108284773305, -0.00639942474663, 0.000971445173491, -0.00298428209499, 0.00128458521795, -0.00461782468483, 0.00523658236489, -0.00458996137604, 0.00121792417485], [-0.000867671740707, 0.00343014183454, -0.00238894531503, 0.00110409164336, -0.00639942474663, 0.0129410503432, -0.00679890858009, 0.0041870996356, -0.00169569253922, 0.00166121392976, -0.00308574480005, 0.00573131581768, -0.00335188978352], [0.000525370065589, -0.0031835983973, 0.00274817785248, -0.000430601096014, 0.000971445173491, -0.00679890858009, 0.0126173403114, -0.00903473701328, 0.00346532138065, -0.00171092350502, -0.000153340413817, -0.00072420889046, 0.00207729777321], [-0.000682536046952, 0.00250712828711, -0.00240105739795, 0.00118787295651, -0.00298428209499, 0.0041870996356, -0.00903473701328, 0.0186421927065, -0.00778154050931, 0.00184780301061, -0.00094043975696, -0.000495921587572, 0.00074469007086], [0.000291918928269, -0.00153218035121, 0.00190043693874, -0.00236187735572, 0.00128458521795, -0.00169569253922, 0.00346532138065, -0.00778154050931, 0.0142119908705, -0.00540311029181, 0.000836774765048, -0.000436836708104, -0.00268278224394], [-0.000578969251364, 0.00185661169235, -0.00189363257959, 0.00148203736171, -0.00461782468483, 0.00166121392976, -0.00171092350502, 0.00184780301061, -0.00540311029181, 0.016643492505, -0.00496454397216, -0.00140939548146, 0.00242033787072], [0.000239499713643, -0.00312450667843, 0.00104117335286, -0.000668652355671, 0.00523658236489, -0.00308574480005, -0.000153340413817, -0.00094043975696, 0.000836774765048, -0.00496454397216, 0.0150922033936, -0.00426286226138, -0.00178426504135], [-0.000422929006163, 0.00272397091612, -0.00289425742812, 0.00191289419308, -0.00458996137604, 0.00573131581768, -0.00072420889046, -0.000495921587572, -0.000436836708104, -0.00140939548146, -0.00426286226138, 0.0191782899201, -0.00574553571641], [0.000375685398467, -0.00151144911069, 0.00252179801464, -0.00216604419984, 0.00121792417485, -0.00335188978352, 0.00207729777321, 0.00074469007086, -0.00268278224394, 0.00242033787072, -0.00178426504135, -0.00574553571641, 0.0205686166883]]
    },
    "melbands": {
        "dmean": [0.00198559113778, 0.00138918613084, 0.000548256793991, 0.000258690241026, 0.000164539305842, 0.000142783363117, 0.000128546176711, 0.000106784907985, 0.000163678821991, 0.000218842818867, 0.000215395673877, 0.00017749494873, 0.000119390468171, 7.19350209692e-05, 6.93778274581e-05, 6.61548474454e-05, 7.10056483513e-05, 5.45492694073e-05, 3.72314461856e-05, 1.94902622752e-05, 1.44283849295e-05, 1.43362140079e-05, 1.12379202619e-05, 7.59205477152e-06, 5.84440431339e-06, 4.27445502282e-06, 4.55230701846e-06, 4.83382245875e-06, 3.76831735593e-06, 2.06412664738e-06, 1.65905373706e-06, 1.70904854713e-06, 1.87764771908e-06, 1.71973954366e-06, 1.92468155547e-06, 1.52109555529e-06, 1.27341195366e-06, 1.05578635612e-06, 8.95365872111e-07, 4.94695996167e-07],
        "dmean2": [0.00309322425164, 0.00246563833207, 0.000986388535239, 0.000451780855656, 0.000271087919828, 0.000229532844969, 0.000207620978472, 0.000167535195942, 0.000271795724984, 0.00035808281973, 0.000355540571036, 0.000288115552394, 0.000193631756702, 0.000115835697216, 0.000112710338726, 0.000110700821097, 0.000117986295663, 8.71007141541e-05, 6.09885064478e-05, 3.23556560033e-05, 2.37348831433e-05, 2.33445371123e-05, 1.8534488845e-05, 1.26420200104e-05, 9.73187525233e-06, 7.01960698279e-06, 7.43851023799e-06, 7.871993148e-06, 6.22525521976e-06, 3.42922658092e-06, 2.7173800845e-06, 2.77469143839e-06, 3.10316318064e-06, 2.77011690741e-06, 3.02148350784e-06, 2.28876865549e-06, 1.94191466107e-06, 1.61530419973e-06, 1.41997202263e-06, 7.45531735902e-07],
        "dvar": [3.30258226313e-05, 1.81709583558e-05, 2.12551299228e-06, 1.9432761178e-07, 8.93361331578e-08, 7.92464192045e-08, 6.24024707463e-08, 5.88382178535e-08, 8.42884944063e-08, 2.26681891036e-07, 2.11342296552e-07, 1.07270643923e-07, 6.45093081175e-08, 1.7497661986e-08, 1.56955284325e-08, 2.84805388162e-08, 2.71073350433e-08, 1.38609594913e-08, 7.75767894368e-09, 1.75137793157e-09, 1.29579391661e-09, 1.64479729836e-09, 5.76989900303e-10, 3.61342206157e-10, 1.01799207952e-10, 5.46204990959e-11, 4.76967285112e-11, 5.42972125595e-11, 5.27917778936e-11, 1.38364701641e-11, 7.11717317026e-12, 1.07912203479e-11, 1.68129381944e-11, 1.34783382372e-11, 1.49309557773e-11, 1.04162494602e-11, 8.84235219767e-12, 6.04598099016e-12, 4.97642812375e-12, 1.67643568298e-12],
        "dvar2": [6.27263943898e-05, 5.08602897753e-05, 6.08046411799e-06, 5.57931741696e-07, 2.32013974255e-07, 1.8824566439e-07, 1.6031577843e-07, 1.32654989216e-07, 2.24690836603e-07, 6.16052261648e-07, 5.8412058479e-07, 2.8288857834e-07, 1.72040870439e-07, 4.21897539127e-08, 3.78904836396e-08, 7.37709839882e-08, 6.4961454882e-08, 3.3587323145e-08, 1.90696898272e-08, 4.51505810517e-09, 3.28759353074e-09, 3.32380545309e-09, 1.34672040186e-09, 9.71729918753e-10, 2.59433030614e-10, 1.39919617559e-10, 1.23511409433e-10, 1.38745889777e-10, 1.32196961711e-10, 3.58535597045e-11, 1.74539532133e-11, 2.56133187576e-11, 4.38794729718e-11, 3.04089288472e-11, 3.35531359641e-11, 2.00633225311e-11, 1.83952072325e-11, 1.15866604505e-11, 1.13190108328e-11, 3.51979621664e-12],
        "max": [0.0511386208236, 0.0365182831883, 0.0165706407279, 0.00548644224182, 0.00600168900564, 0.00579411769286, 0.00516919605434, 0.00863938126713, 0.00477973883972, 0.0162549577653, 0.0109407491982, 0.0058185425587, 0.00633235648274, 0.00290989410132, 0.00259618926793, 0.00938139110804, 0.00891932379454, 0.00222056522034, 0.00266901752912, 0.00104750553146, 0.00118262204342, 0.00285749323666, 0.00135672150645, 0.00110499793664, 0.000402224744903, 0.000283393979771, 0.000125946302433, 0.000127282066387, 0.000158889044542, 0.000129915220896, 7.00618620613e-05, 8.69867653819e-05, 0.000129766092869, 0.000154322391609, 0.000159295610501, 0.000105846731458, 9.18705845834e-05, 8.14054292277e-05, 8.42111330712e-05, 5.31154291821e-05],
        "mean": [0.00230075791478, 0.00128084875178, 0.000526433694176, 0.000340924452757, 0.000298835919239, 0.000252523779636, 0.000212031838601, 0.000187080469914, 0.000267074239673, 0.00037663281546, 0.000404983700719, 0.000324586988427, 0.00022023828933, 0.000131852924824, 0.000130021886434, 0.000112422931124, 0.000130707077915, 0.000108591630124, 6.92750618327e-05, 3.63310391549e-05, 2.7002150091e-05, 2.82106157101e-05, 2.26506854233e-05, 1.59181727213e-05, 1.20096210594e-05, 9.24836149352e-06, 1.05617009467e-05, 1.09498187157e-05, 7.38343260309e-06, 4.30291493103e-06, 3.62128298548e-06, 3.82849520975e-06, 4.04884212912e-06, 3.77609444513e-06, 3.9782253225e-06, 3.35262961926e-06, 2.79193545794e-06, 2.30982755056e-06, 1.70821101619e-06, 9.78809111984e-07],
        "median": [0.000429135863669, 0.000327988906065, 0.000187618206837, 0.000189131300431, 0.000134183792397, 0.000103480444523, 9.13719268283e-05, 6.30374852335e-05, 0.00011017604993, 0.000147053899127, 0.00011356343748, 0.000110898094135, 7.04867270542e-05, 5.23242415511e-05, 5.42227317055e-05, 4.12728550145e-05, 4.13321577071e-05, 2.66240094788e-05, 2.4964207114e-05, 1.8395625375e-05, 1.36655917231e-05, 1.41807759064e-05, 1.2836402675e-05, 9.63766524364e-06, 7.60769444241e-06, 6.08308710071e-06, 5.82764732826e-06, 5.72757744521e-06, 4.03296508011e-06, 2.76733499049e-06, 2.45518094744e-06, 2.3745501494e-06, 2.42413034357e-06, 2.34949993683e-06, 2.27896452998e-06, 1.93186497199e-06, 1.44797559187e-06, 1.21801031128e-06, 8.22972765491e-07, 4.73607940421e-07],
        "min": [1.97308785209e-24, 3.58826872261e-24, 6.03105540172e-24, 3.94094673966e-24, 6.43772187583e-24, 3.58964528489e-24, 3.84242392906e-24, 1.02730768223e-23, 7.48709936184e-24, 6.23886976315e-24, 5.12503563587e-24, 6.44784335568e-24, 3.90518688597e-24, 6.20815940811e-24, 3.30522365488e-24, 5.6164115717e-24, 4.49740646119e-24, 4.09857416473e-24, 3.06701882151e-24, 3.09994390354e-24, 6.29416417944e-24, 7.9810777498e-24, 6.98038639228e-24, 4.4770092792e-24, 1.16040847512e-23, 8.91504488537e-24, 6.55864439184e-24, 7.72372607897e-24, 6.32634023804e-24, 6.9946639858e-24, 6.78718962343e-24, 1.16416503075e-23, 5.38279909209e-24, 7.02832468063e-24, 7.67713516504e-24, 8.04321790102e-24, 8.73061551662e-24, 7.34210909404e-24, 7.76992650674e-24, 7.42969947579e-24],
        "var": [4.06246326747e-05, 1.28002966449e-05, 1.44688658565e-06, 2.19265970713e-07, 2.50014466019e-07, 1.92051160752e-07, 1.18638851632e-07, 1.56749507596e-07, 1.7089500659e-07, 3.72022213924e-07, 6.45357204121e-07, 2.73767142289e-07, 1.56063208578e-07, 4.45782006864e-08, 3.75790740748e-08, 5.08649122821e-08, 5.56243122674e-08, 4.3575131059e-08, 1.87775377469e-08, 3.2461298094e-09, 2.5743318588e-09, 6.15658857228e-09, 1.38101541314e-09, 7.35344507508e-10, 2.62358468284e-10, 1.3277844102e-10, 1.64911112543e-10, 1.76217263004e-10, 1.07468964283e-10, 2.72775690924e-11, 1.72583631414e-11, 2.78203536597e-11, 3.85483693577e-11, 3.5453331243e-11, 4.13371593899e-11, 2.91267565622e-11, 2.52340804502e-11, 1.79212894524e-11, 1.18278538006e-11, 3.82424820977e-12]
    },
    "mfcc": {
        "mean": [-616.960510254, 96.2325668335, -8.5114774704, -0.937039971352, -6.24457550049, 3.45420765877, -0.237988695502, 5.97515630722, -2.19821691513, 4.22796106339, -4.43139648438, -2.38658833504, -4.73213529587],
        "cov": [[4324.15917969, -18.2898311615, -286.948181152, -58.377620697, 206.825408936, 350.893920898, 283.072723389, 206.76159668, 218.652877808, 330.891418457, 207.36505127, 68.2587280273, 44.1487884521], [-18.2898311615, 805.217834473, 335.135650635, 311.582214355, 143.046936035, 110.131416321, 153.826461792, 80.3860015869, 40.5007019043, 66.4574279785, 96.8795928955, 87.7059936523, 83.1125335693], [-286.948181152, 335.135650635, 860.385559082, 423.803009033, 254.313919067, 71.0148620605, 13.9143753052, 8.0039024353, -17.7528572083, -10.2750244141, 32.6968421936, 85.5305328369, 76.9640197754], [-58.377620697, 311.582214355, 423.803009033, 482.246856689, 255.293319702, 125.220474243, 51.8240699768, 63.4368743896, 78.3045730591, 37.3055534363, 77.7459716797, 76.2756958008, 72.7457046509], [206.825408936, 143.046936035, 254.313919067, 255.293319702, 307.335632324, 155.760177612, 38.6816520691, 45.7446060181, 77.0957336426, 58.6118202209, 48.1250686646, 45.0069961548, 36.43126297], [350.893920898, 110.131416321, 71.0148620605, 125.220474243, 155.760177612, 248.408416748, 131.917922974, 71.9835510254, 89.2413635254, 96.1143569946, 64.0016098022, 25.0749282837, 12.8443660736], [283.072723389, 153.826461792, 13.9143753052, 51.8240699768, 38.6816520691, 131.917922974, 234.154129028, 95.7701644897, 54.2294120789, 87.5617599487, 60.1577033997, 28.3316078186, 20.0166435242], [206.76159668, 80.3860015869, 8.0039024353, 63.4368743896, 45.7446060181, 71.9835510254, 95.7701644897, 136.740432739, 81.6720046997, 56.7664260864, 56.3647651672, 22.9405479431, 19.0420780182], [218.652877808, 40.5007019043, -17.7528572083, 78.3045730591, 77.0957336426, 89.2413635254, 54.2294120789, 81.6720046997, 148.507751465, 76.8105697632, 61.100227356, 20.2878227234, 11.2176780701], [330.891418457, 66.4574279785, -10.2750244141, 37.3055534363, 58.6118202209, 96.1143569946, 87.5617599487, 56.7664260864, 76.8105697632, 134.964050293, 64.2091445923, 26.3926467896, 12.9953632355], [207.36505127, 96.8795928955, 32.6968421936, 77.7459716797, 48.1250686646, 64.0016098022, 60.1577033997, 56.3647651672, 61.100227356, 64.2091445923, 112.266387939, 50.0266609192, 34.3783912659], [68.2587280273, 87.7059936523, 85.5305328369, 76.2756958008, 45.0069961548, 25.0749282837, 28.3316078186, 22.9405479431, 20.2878227234, 26.3926467896, 50.0266609192, 84.2427749634, 49.2758979797], [44.1487884521, 83.1125335693, 76.9640197754, 72.7457046509, 36.43126297, 12.8443660736, 20.0166435242, 19.0420780182, 11.2176780701, 12.9953632355, 34.3783912659, 49.2758979797, 82.0518798828]],
