{
"lowlevel": {
    "average_loudness": 0.92581486702,
    "barkbands_crest": {
        "dmean": 2.95613884926,
        "dmean2": 4.73523759842,
        "dvar": 6.69001054764,
        "dvar2": 16.8056964874,
        "max": 24.9404354095,
        "mean": 10.4126729965,
        "median": 9.56282138824,
        "min": 2.30780673027,
        "var": 20.4599208832
    },
    "barkbands_flatness_db": {
        "dmean": 0.021260632202,
        "dmean2": 0.0335949398577,
        "dvar": 0.000388828280848,
        "dvar2": 0.000924033054616,
        "max": 0.354093879461,
        "mean": 0.119067624211,
        "median": 0.112729981542,
        "min": 0.0248054526746,
        "var": 0.00150686968118
    },
    "barkbands_kurtosis": {
        "dmean": 2.25335836411,
        "dmean2": 3.55407619476,
        "dvar": 30.0862178802,
        "dvar2": 74.666595459,
        "max": 273.678833008,
        "mean": 2.30507349968,
        "median": 0.545280814171,
        "min": -1.94567668438,
        "var": 55.7296524048
    },
    "barkbands_skewness": {
        "dmean": 0.527498185635,
        "dmean2": 0.797050893307,
        "dvar": 0.316597372293,
        "dvar2": 0.70815461874,
        "max": 14.2918338776,
        "mean": 1.26896238327,
        "median": 1.08659362793,
        "min": -3.38573527336,
        "var": 1.23263192177
    },
    "barkbands_spread": {
        "dmean": 7.26368093491,
        "dmean2": 11.1121644974,
        "dvar": 59.7763404846,
        "dvar2": 125.347167969,
        "max": 120.60962677,
        "mean": 32.1193313599,
        "median": 30.9245567322,
        "min": 0.87535494566,
        "var": 241.472122192
    },
    "dissonance": {
        "dmean": 0.0139439282939,
        "dmean2": 0.0237229540944,
        "dvar": 0.000198562644073,
        "dvar2": 0.000499997055158,
        "max": 0.500000178814,
        "mean": 0.477268308401,
        "median": 0.481148004532,
        "min": 0,
        "var": 0.000328961352352
    },
    "dynamic_complexity": 2.86116504669,
    "erbbands_crest": {
        "dmean": 2.32050466537,
        "dmean2": 3.81442046165,
        "dvar": 4.60279035568,
        "dvar2": 11.593296051,
        "max": 30.5763092041,
        "mean": 7.34574270248,
        "median": 6.59816265106,
        "min": 2.1738307476,
        "var": 11.8982686996
    },
    "erbbands_flatness_db": {
        "dmean": 0.0140383420512,
        "dmean2": 0.020747223869,
        "dvar": 0.000156352951308,
        "dvar2": 0.000318574951962,
        "max": 0.361400216818,
        "mean": 0.138843908906,
        "median": 0.128229036927,
        "min": 0.0503478311002,
        "var": 0.00216987170279
    },
    "erbbands_kurtosis": {
        "dmean": 0.643525421619,
        "dmean2": 1.02764630318,
        "dvar": 0.695435345173,
        "dvar2": 1.49930632114,
        "max": 23.0057315826,
        "mean": 0.106205560267,
        "median": -0.194970846176,
        "min": -1.81049180031,
        "var": 1.80676853657
    },
    "erbbands_skewness": {
        "dmean": 0.306041181087,
        "dmean2": 0.469635546207,
        "dvar": 0.0702319592237,
        "dvar2": 0.154848635197,
        "max": 4.07507753372,
        "mean": 0.164379298687,
        "median": 0.175816133618,
        "min": -3.84034919739,
        "var": 0.382576465607
    },
    "erbbands_spread": {
        "dmean": 8.0170211792,
        "dmean2": 12.1154899597,
        "dvar": 62.6533737183,
        "dvar2": 136.440170288,
        "max": 132.743927002,
        "mean": 42.134513855,
        "median": 39.6569328308,
        "min": 6.19323730469,
        "var": 345.712127686
    },
    "hfc": {
        "dmean": 7.86357593536,
        "dmean2": 10.8164863586,
        "dvar": 144.712844849,
        "dvar2": 277.40637207,
        "max": 575.274230957,
        "mean": 28.9159832001,
        "median": 24.1857032776,
        "min": 1.10965260087e-16,
        "var": 743.297790527
    },
    "melbands_crest": {
        "dmean": 3.93301749229,
        "dmean2": 6.37430953979,
        "dvar": 11.9933042526,
        "dvar2": 29.3193340302,
        "max": 34.5652618408,
        "mean": 16.0100364685,
        "median": 15.434627533,
        "min": 2.01304793358,
        "var": 38.8865203857
    },
    "melbands_flatness_db": {
        "dmean": 0.0273907966912,
        "dmean2": 0.0422779470682,
        "dvar": 0.000686468032654,
        "dvar2": 0.00158982980065,
        "max": 0.457408100367,
        "mean": 0.159944087267,
        "median": 0.15374943614,
        "min": 0.00441259751096,
        "var": 0.00264050369151
    },
    "melbands_kurtosis": {
        "dmean": 7.74645662308,
        "dmean2": 12.0777387619,
        "dvar": 263.394226074,
        "dvar2": 599.668579102,
        "max": 475.464752197,
        "mean": 12.8265142441,
        "median": 6.03214025497,
        "min": -1.7754971981,
        "var": 579.408935547
    },
    "melbands_skewness": {
        "dmean": 0.815526783466,
        "dmean2": 1.2405538559,
        "dvar": 0.798900842667,
        "dvar2": 1.78376293182,
        "max": 15.6800041199,
        "mean": 2.63650345802,
        "median": 2.24848985672,
        "min": -0.751889467239,
        "var": 3.29471516609
    },
    "melbands_spread": {
        "dmean": 9.39111804962,
        "dmean2": 14.3627080917,
        "dvar": 114.543685913,
        "dvar2": 236.680175781,
        "max": 237.117736816,
        "mean": 31.6754875183,
        "median": 28.191362381,
        "min": 0.558439671993,
        "var": 404.90637207
    },
    "pitch_salience": {
        "dmean": 0.0831313580275,
        "dmean2": 0.133553102612,
        "dvar": 0.00583025952801,
        "dvar2": 0.0147705450654,
        "max": 0.98190176487,
        "mean": 0.527039766312,
        "median": 0.530201077461,
        "min": 0.116403631866,
        "var": 0.0172634739429
    },
    "silence_rate_20dB": {
        "dmean": 0,
        "dmean2": 0,
        "dvar": 0,
        "dvar2": 0,
        "max": 1,
        "mean": 1,
        "median": 1,
        "min": 1,
        "var": 0
    },
    "silence_rate_30dB": {
        "dmean": 0.00494132190943,
        "dmean2": 0.00988386478275,
        "dvar": 0.0049163736403,
        "dvar2": 0.0142349516973,
        "max": 1,
        "mean": 0.997159063816,
        "median": 1,
        "min": 0,
        "var": 0.00283250398934
    },
    "silence_rate_60dB": {
        "dmean": 0.0182828903198,
        "dmean2": 0.036446750164,
        "dvar": 0.0179498642683,
        "dvar2": 0.0420450977981,
        "max": 1,
        "mean": 0.0726284608245,
        "median": 0,
        "min": 0,
        "var": 0.0673543140292
    },
    "spectral_centroid": {
        "dmean": 281.185852051,
        "dmean2": 430.56237793,
        "dvar": 84631.21875,
        "dvar2": 170547.359375,
        "max": 11252.2871094,
        "mean": 1845.0201416,
        "median": 1842.74084473,
        "min": 293.177062988,
        "var": 345221.40625
    },
    "spectral_complexity": {
        "dmean": 4.17986392975,
        "dmean2": 6.21769189835,
        "dvar": 17.4619903564,
        "dvar2": 31.7691688538,
        "max": 63,
        "mean": 23.4811019897,
        "median": 23,
        "min": 0,
        "var": 136.8956604
    },
    "spectral_decrease": {
        "dmean": 2.85161050328e-09,
        "dmean2": 4.09630640519e-09,
        "dvar": 1.28925652402e-17,
        "dvar2": 2.85716786254e-17,
        "max": 1.24143129007e-21,
        "mean": -7.63280905147e-09,
        "median": -6.40341069058e-09,
        "min": -3.74943844861e-08,
        "var": 3.468900351e-17
    },
    "spectral_energy": {
        "dmean": 0.0111556639895,
        "dmean2": 0.0159653853625,
        "dvar": 0.00019109241839,
        "dvar2": 0.000415650749346,
        "max": 0.144733011723,
        "mean": 0.0314307138324,
        "median": 0.026721984148,
        "min": 9.99221578384e-21,
        "var": 0.00055613782024
    },
    "spectral_energyband_high": {
        "dmean": 0.000603033346124,
        "dmean2": 0.00083547574468,
        "dvar": 1.61630373441e-06,
        "dvar2": 3.07203845296e-06,
        "max": 0.0729121789336,
        "mean": 0.00160906999372,
        "median": 0.000970005989075,
        "min": 7.25755506316e-21,
        "var": 7.60301190894e-06
    },
    "spectral_energyband_low": {
        "dmean": 0.00869630090892,
        "dmean2": 0.0133073963225,
        "dvar": 0.000186742763617,
        "dvar2": 0.000446125952294,
        "max": 0.120699681342,
        "mean": 0.0148567603901,
        "median": 0.00947078783065,
        "min": 2.64303428673e-23,
        "var": 0.000311563664582
    },
    "spectral_energyband_middle_high": {
        "dmean": 0.0024401997216,
        "dmean2": 0.00363149680197,
        "dvar": 1.0745405234e-05,
        "dvar2": 2.54270362348e-05,
        "max": 0.0838599354029,
        "mean": 0.00797031633556,
        "median": 0.00558000523597,
        "min": 1.46642320499e-21,
        "var": 6.21446379228e-05
    },
    "spectral_energyband_middle_low": {
        "dmean": 0.0039108437486,
        "dmean2": 0.00619728630409,
        "dvar": 3.36276461894e-05,
        "dvar2": 8.08376862551e-05,
        "max": 0.0727790147066,
        "mean": 0.00767882214859,
        "median": 0.00541655765846,
        "min": 2.3002613492e-22,
        "var": 5.79066618229e-05
    },
    "spectral_entropy": {
        "dmean": 0.113909468055,
        "dmean2": 0.16808052361,
        "dvar": 0.0129267647862,
        "dvar2": 0.0258508324623,
        "max": 9.81710529327,
        "mean": 7.95799922943,
        "median": 7.98233270645,
        "min": 6.62721633911,
        "var": 0.0964353978634
    },
    "spectral_flux": {
        "dmean": 0.0255111288279,
        "dmean2": 0.0399339199066,
        "dvar": 0.000742645002902,
        "dvar2": 0.00174650852568,
        "max": 0.291741788387,
        "mean": 0.0985642746091,
        "median": 0.091526158154,
        "min": 6.59150303783e-11,
        "var": 0.00238510034978
    },
    "spectral_kurtosis": {
        "dmean": 0.779206454754,
        "dmean2": 1.28089165688,
        "dvar": 0.99659705162,
        "dvar2": 2.8757648468,
        "max": 32.7014808655,
        "mean": 2.77216649055,
        "median": 2.46274757385,
        "min": -1.44294881821,
        "var": 4.18205451965
    },
    "spectral_rms": {
        "dmean": 0.000909965368919,
        "dmean2": 0.00126609031577,
        "dvar": 8.62239858179e-07,
        "dvar2": 1.7130314518e-06,
        "max": 0.0118828844279,
        "mean": 0.00511955842376,
        "median": 0.00510590150952,
        "min": 3.12225939547e-12,
        "var": 4.45409932581e-06
    },
    "spectral_rolloff": {
        "dmean": 704.786193848,
        "dmean2": 1142.57116699,
        "dvar": 1089106.375,
        "dvar2": 2248437.5,
        "max": 18884.6191406,
        "mean": 1970.19116211,
        "median": 1593.45703125,
        "min": 64.599609375,
        "var": 2950393.75
    },
    "spectral_skewness": {
        "dmean": 0.13174623251,
        "dmean2": 0.207447707653,
        "dvar": 0.0160034708679,
        "dvar2": 0.038246512413,
        "max": 3.89135408401,
        "mean": 1.3086605072,
        "median": 1.30036640167,
        "min": -0.121092356741,
        "var": 0.106351241469
    },
    "spectral_spread": {
        "dmean": 496346.9375,
        "dmean2": 719418.8125,
        "dvar": 425714778112,
        "dvar2": 796778299392,
        "max": 41424156,
        "mean": 5301985,
        "median": 5145846.5,
        "min": 1286167.25,
        "var": 2.49866616832e+12
    },
    "spectral_strongpeak": {
        "dmean": 0.436778515577,
        "dmean2": 0.749611973763,
        "dvar": 0.647467792034,
        "dvar2": 1.64951276779,
        "max": 10.9608449936,
        "mean": 0.686320900917,
        "median": 0.329483240843,
        "min": 0,
        "var": 1.03328752518
    },
    "zerocrossingrate": {
        "dmean": 0.0127425417304,
        "dmean2": 0.0154890241101,
        "dvar": 0.000186301258509,
        "dvar2": 0.000226003670832,
        "max": 0.5810546875,
        "mean": 0.0799508094788,
        "median": 0.07421875,
        "min": 0.0087890625,
        "var": 0.00141167582478
    },
    "barkbands": {
        "dmean": [0.000491390586831, 0.00700419116765, 0.0022313722875, 0.00116585323121, 0.00114754680544, 0.0010941491928, 0.000615002063569, 0.000664062565193, 0.000952025293373, 0.000916516117286, 0.00068611378083, 0.000647571927402, 0.000526866584551, 0.000566237547901, 0.000298836064758, 0.000264312024228, 0.000220578367589, 0.000356949458364, 0.000242017806158, 0.00016370897356, 0.000122818630189, 0.00013417720038, 0.000145897574839, 0.000135419686558, 0.00010209899483, 3.6005894799e-05, 6.69185951097e-08],
        "dmean2": [0.000813649967313, 0.0113734137267, 0.00340060447343, 0.00213722139597, 0.00185032130685, 0.00176085915882, 0.00101013516542, 0.00107218953781, 0.00151532923337, 0.00151194736827, 0.00113037007395, 0.0010233852081, 0.000852167606354, 0.000914619420655, 0.000478058384033, 0.000415301416069, 0.000352796632797, 0.000556615588721, 0.000375137315132, 0.000248052238021, 0.000190294464119, 0.000207002492971, 0.000219375491724, 0.000198383742827, 0.000149404120748, 5.50213480892e-05, 1.24733688267e-07],
        "dvar": [6.15274927895e-07, 0.000133683948661, 2.06435870496e-05, 7.88678516983e-06, 4.94875030199e-06, 5.27792099092e-06, 1.57014301294e-06, 2.55479562838e-06, 4.42964619651e-06, 3.93689197153e-06, 2.05668493436e-06, 1.95511097445e-06, 1.27021780827e-06, 1.22404060221e-06, 3.30586232167e-07, 3.17262617955e-07, 1.60792708925e-07, 3.18416027767e-07, 1.47869769762e-07, 8.32331039646e-08, 1.14841490984e-07, 1.24218573205e-07, 1.03957930264e-07, 6.81738541175e-08, 4.64614586804e-08, 5.42202105436e-09, 6.93625441372e-13],
        "dvar2": [1.6268896843e-06, 0.000349947134964, 4.43847311544e-05, 2.30515979638e-05, 1.19640890262e-05, 1.27857156258e-05, 3.77334276891e-06, 6.39862173557e-06, 1.09887214421e-05, 1.06268953459e-05, 5.38944550499e-06, 4.52308586318e-06, 3.1580148061e-06, 2.92015238301e-06, 8.29101736599e-07, 7.33393676455e-07, 3.8319561213e-07, 7.26744985968e-07, 3.5655526176e-07, 1.73014555571e-07, 2.36767817796e-07, 3.11770236294e-07, 2.32435894532e-07, 1.37673325185e-07, 9.62262163284e-08, 1.15933831424e-08, 2.010336125e-12],
        "max": [0.0137273874134, 0.0955615788698, 0.0435324124992, 0.0304558649659, 0.039492059499, 0.0405798442662, 0.0357449613512, 0.0304656233639, 0.0681665465236, 0.0544460527599, 0.0291162338108, 0.0346785150468, 0.0273278318346, 0.0257042981684, 0.0114148641005, 0.0173177104443, 0.00796720199287, 0.00938746426255, 0.0106650684029, 0.0115187671036, 0.0251174122095, 0.0190185159445, 0.0155241871253, 0.0120505718514, 0.00742022460327, 0.00282570254058, 3.37565215887e-05],
        "mean": [0.000637194199953, 0.0110519928858, 0.00266831601039, 0.00100533734076, 0.00158872001339, 0.00153558759484, 0.000789696583524, 0.0008540780982, 0.00157904496882, 0.00142987992149, 0.00109730463009, 0.00103316712193, 0.000814927567262, 0.000976070354227, 0.000521929876413, 0.000456150242826, 0.000401457189582, 0.000678604759742, 0.000511297490448, 0.000354291929398, 0.000268496543868, 0.000298566592392, 0.000324005552102, 0.000298896833556, 0.000198953493964, 5.66774251638e-05, 4.03697129059e-08],
        "median": [0.000267758499831, 0.0070141335018, 0.000747153069824, 0.000245965668, 0.00069734180579, 0.000564484391361, 0.000326315523125, 0.000272155768471, 0.000571902375668, 0.000538799969945, 0.000365369778592, 0.000355302501703, 0.000345453619957, 0.000409815867897, 0.000245564355282, 0.000218867964577, 0.000195807369892, 0.000331062939949, 0.000300925283227, 0.000210104888538, 0.000153467597556, 0.000174497923581, 0.000183632684639, 0.000154655426741, 9.1938112746e-05, 2.48850446951e-05, 9.15847286898e-10],
        "min": [7.35447527759e-24, 4.8128344663e-24, 4.30377069124e-24, 3.0659566203e-24, 7.13942785052e-24, 3.5249567974e-23, 1.58683299613e-23, 3.65664797474e-23, 3.61075173173e-23, 7.15904650569e-23, 7.93822335444e-23, 3.48289725829e-23, 9.28898546483e-23, 8.47218436852e-23, 7.1546970422e-23, 1.15956860647e-22, 1.17072511916e-22, 1.14851092228e-22, 2.56222274451e-22, 3.45453120853e-22, 4.08026678571e-22, 3.472318318e-22, 5.29571489083e-22, 7.35896809288e-22, 1.21129392573e-21, 1.53851767013e-21, 2.16487080549e-21],
        "var": [9.01149462607e-07, 0.000183819953236, 2.69647171081e-05, 5.50215736439e-06, 6.95893140801e-06, 8.272647392e-06, 2.15348291022e-06, 3.16221940011e-06, 8.90823048394e-06, 7.9175697465e-06, 4.35085894424e-06, 3.98537395085e-06, 2.1085966182e-06, 2.77650065073e-06, 6.97028042396e-07, 6.18443095846e-07, 3.76657141032e-07, 8.28779150197e-07, 4.02159685109e-07, 2.54981102898e-07, 3.55997457291e-07, 3.35143681696e-07, 3.45037022953e-07, 2.71437102128e-07, 1.41088079886e-07, 1.26515429244e-08, 4.02975640053e-13]
    },
    "erbbands": {
        "dmean": [0.186643943191, 1.68283188343, 3.22299838066, 2.7535071373, 3.23775911331, 4.04906892776, 8.79492473602, 8.11796474457, 9.60232925415, 7.75544404984, 17.7353382111, 21.4237823486, 23.7559261322, 25.9307823181, 24.442237854, 23.2447357178, 22.6305484772, 21.9342021942, 21.8993968964, 14.5870304108, 13.5041427612, 12.5179271698, 16.5537223816, 15.5124549866, 9.89192962646, 7.4026594162, 4.82631063461, 5.53663301468, 4.59324121475, 4.64321994781, 3.99212789536, 3.27243351936, 2.13963222504, 1.25218188763, 0.708333909512, 0.267108619213, 0.045108191669, 0.00168762018438, 5.42757952644e-05, 1.50706191562e-05],
        "dmean2": [0.288012206554, 2.75100445747, 4.95487117767, 4.86456346512, 5.7249341011, 6.52606868744, 14.2466211319, 13.0521755219, 15.8328447342, 12.4143953323, 28.4671707153, 34.1890144348, 39.4202575684, 42.027179718, 39.5569915771, 36.8021240234, 36.651763916, 35.0104942322, 35.1565933228, 23.1532764435, 21.0081672668, 20.0084953308, 25.6982021332, 23.653553009, 15.0112476349, 11.1107740402, 7.49458217621, 8.78629970551, 7.06465435028, 7.17488050461, 5.94225072861, 4.81379461288, 3.18803668022, 1.85667014122, 1.05796194077, 0.404646009207, 0.0697948113084, 0.00269050663337, 8.27602780191e-05, 2.17790020542e-05],
        "dvar": [0.0886482894421, 9.09225082397, 44.8038635254, 41.2473831177, 46.7848129272, 77.7402267456, 344.489898682, 355.403320312, 412.35546875, 278.393554688, 1386.45581055, 2494.53222656, 3188.32299805, 2631.1184082, 2802.703125, 2482.0246582, 2351.51025391, 1948.39050293, 1754.2310791, 911.52532959, 847.071044922, 482.91003418, 747.600158691, 627.59362793, 256.107727051, 170.070388794, 232.336044312, 193.890960693, 127.316383362, 109.888710022, 82.6233062744, 38.9253463745, 17.5138893127, 7.24603557587, 2.18810892105, 0.283675163984, 0.0126935010776, 8.05389790912e-05, 3.93389747444e-08, 4.00867783412e-10],
        "dvar2": [0.220202714205, 22.9822692871, 94.336769104, 115.037277222, 130.052124023, 192.247451782, 832.448120117, 845.274719238, 994.343688965, 655.431274414, 3455.73193359, 6278.26074219, 8476.14941406, 6993.3046875, 6945.29882812, 5997.98583984, 5921.27880859, 4623.09326172, 4212.39648438, 2217.06005859, 1839.68078613, 1130.10876465, 1754.91516113, 1438.09838867, 568.015563965, 363.775146484, 560.019226074, 446.370605469, 305.303131104, 253.325180054, 188.696121216, 80.6754226685, 36.0530891418, 15.1168355942, 4.69316911697, 0.647421896458, 0.0264063887298, 0.000203424860956, 9.60525952109e-08, 7.4856193466e-10],
        "max": [3.55836558342, 25.6106147766, 62.3149681091, 75.6287918091, 134.523208618, 148.876235962, 336.300506592, 385.865936279, 617.161132812, 360.042785645, 692.227722168, 1586.22851562, 1216.51123047, 1097.93200684, 981.63067627, 1562.29956055, 1415.34680176, 1006.09979248, 1280.61535645, 922.648254395, 627.671386719, 509.120147705, 643.284606934, 564.405822754, 552.305847168, 623.057189941, 1095.85583496, 712.927062988, 612.129821777, 516.162231445, 467.496856689, 269.691162109, 180.891479492, 107.675376892, 42.6051254272, 18.1434688568, 5.21978712082, 0.484815269709, 0.0095428917557, 0.000704376783688],
        "mean": [0.337198227644, 2.32053971291, 3.96574139595, 2.97730541229, 3.56822562218, 5.24774646759, 12.0283470154, 11.3790311813, 12.4504966736, 10.7548007965, 25.2049293518, 34.7033157349, 39.9433250427, 45.9693946838, 41.6204376221, 41.0475730896, 38.668586731, 40.6075439453, 41.6415786743, 26.7132110596, 24.8513069153, 24.6142120361, 32.5936470032, 35.2317276001, 22.196056366, 16.3977279663, 10.9400558472, 11.2722730637, 10.3546695709, 10.4966602325, 8.8644323349, 6.85475921631, 4.61530017853, 2.55225539207, 1.24540615082, 0.433863908052, 0.0656874775887, 0.00205493462272, 9.50441826717e-05, 4.70696977573e-05],
        "median": [0.192178547382, 1.1680366993, 1.23829984665, 0.893641233444, 1.47637534142, 2.20392227173, 4.37642240524, 4.37106657028, 5.0224146843, 4.72935342789, 10.1188354492, 12.954957962, 16.4139308929, 18.6088962555, 16.7779941559, 15.9585361481, 17.4320144653, 19.179813385, 19.9762077332, 14.1161251068, 12.0408010483, 12.5448284149, 17.2307014465, 19.4232254028, 13.5387821198, 9.95353507996, 6.68154764175, 6.21629524231, 6.10150957108, 6.14307785034, 4.9831571579, 3.4895029068, 2.3395075798, 1.23688220978, 0.552441835403, 0.194855645299, 0.0258790329099, 0.000603611231782, 4.82704635942e-05, 3.93133959733e-05],
        "min": [3.21844344117e-22, 9.9560264301e-22, 3.59592820228e-21, 8.17961022235e-21, 1.01022114183e-20, 2.91935270313e-20, 1.49709170169e-19, 2.47018542333e-19, 3.10316910197e-19, 6.26391514445e-19, 6.70055328753e-19, 9.53705021676e-19, 2.01570349517e-18, 2.79759431483e-18, 1.47268661659e-18, 1.89395719146e-18, 4.61102030377e-18, 4.81246235758e-18, 3.22896714312e-18, 4.76172020367e-18, 7.97683848218e-18, 6.87591609438e-18, 6.54285554305e-18, 9.89746583774e-18, 1.55381278944e-17, 1.89482312548e-17, 1.416772123e-17, 1.74165921998e-17, 1.14870811548e-17, 1.75980177235e-17, 1.58456322871e-17, 1.6647959431e-17, 1.24228159878e-17, 1.12652974889e-17, 1.00509599537e-17, 5.11616420102e-18, 3.05086212914e-18, 1.04962881462e-18, 2.94145244878e-19, 2.92687907735e-20],
        "var": [0.183572530746, 10.8131446838, 56.5980529785, 35.6578483582, 44.2223510742, 93.400100708, 500.574615479, 545.582214355, 595.16796875, 410.641021729, 1889.44494629, 4784.20556641, 6877.81884766, 6217.01757812, 5507.27636719, 5501.48193359, 4146.41650391, 4396.39257812, 4511.29345703, 1722.6060791, 1840.25866699, 1280.75842285, 1989.74768066, 1988.30957031, 744.547790527, 537.437072754, 550.462036133, 553.577880859, 397.457885742, 368.434753418, 262.736114502, 140.338775635, 68.7311630249, 24.1811981201, 5.21278047562, 0.615866243839, 0.0277823284268, 0.000115084178105, 6.40687645159e-08, 1.51876700105e-09]
    },
    "gfcc": {
        "mean": [25.2543830872, 67.477394104, -127.979194641, 40.6664810181, -66.0746307373, 35.2051467896, -38.3536148071, 23.2873916626, -23.0776538849, 6.87779808044, -9.90111064911, 3.77097225189, -6.86169147491],
        "cov": [[4773.45214844, 100.752540588, 603.327941895, 561.522644043, 197.425354004, 339.59375, 155.178863525, 162.252990723, -172.257568359, 109.766593933, -64.3173675537, 60.2785758972, -145.32989502], [100.752540588, 789.813781738, 304.843200684, 237.904388428, 189.308731079, -13.6998319626, 85.94947052, 22.1326885223, 42.7629241943, -47.4228477478, 107.969711304, -43.3501625061, 4.22911548615], [603.327941895, 304.843200684, 1144.07653809, 642.347412109, 210.610656738, 178.218582153, 29.1363220215, 53.1021652222, -18.5655975342, 64.0902862549, -22.6653137207, 23.6996173859, -47.1622924805], [561.522644043, 237.904388428, 642.347412109, 608.828979492, 198.242874146, 124.677650452, 53.0356254578, 48.8577842712, 25.603427887, 22.13646698, 21.2951107025, -2.71854352951, -2.52167654037], [197.425354004, 189.308731079, 210.610656738, 198.242874146, 240.589996338, 120.80443573, 83.1075210571, 52.3184127808, 5.85658359528, 6.04057979584, 19.4193439484, -6.01653146744, -16.9829120636], [339.59375, -13.6998319626, 178.218582153, 124.677650452, 120.80443573, 276.179107666, 152.763015747, 24.7111854553, -18.7809963226, 48.0367851257, -9.95362091064, -1.88881540298, -25.2207984924], [155.178863525, 85.94947052, 29.1363220215, 53.0356254578, 83.1075210571, 152.763015747, 208.037796021, 58.5735626221, -1.3386131525, 17.3035030365, 24.0682506561, -12.7564821243, -22.7592487335], [162.252990723, 22.1326885223, 53.1021652222, 48.8577842712, 52.3184127808, 24.7111854553, 58.5735626221, 110.627243042, 34.1850471497, 5.55154705048, 19.9620742798, 5.52589464188, -2.15677833557], [-172.257568359, 42.7629241943, -18.5655975342, 25.603427887, 5.85658359528, -18.7809963226, -1.3386131525, 34.1850471497, 113.51159668, 19.4470157623, 12.8442049026, -0.906716525555, 34.5330543518], [109.766593933, -47.4228477478, 64.0902862549, 22.13646698, 6.04057979584, 48.0367851257, 17.3035030365, 5.55154705048, 19.4470157623, 82.8990936279, 9.25421047211, 20.8529701233, -0.886086821556], [-64.3173675537, 107.969711304, -22.6653137207, 21.2951107025, 19.4193439484, -9.95362091064, 24.0682506561, 19.9620742798, 12.8442049026, 9.25421047211, 115.323722839, 24.270406723, 20.1384620667], [60.2785758972, -43.3501625061, 23.6996173859, -2.71854352951, -6.01653146744, -1.88881540298, -12.7564821243, 5.52589464188, -0.906716525555, 20.8529701233, 24.270406723, 78.1318588257, 30.057975769], [-145.32989502, 4.22911548615, -47.1622924805, -2.52167654037, -16.9829120636, -25.2207984924, -22.7592487335, -2.15677833557, 34.5330543518, -0.886086821556, 20.1384620667, 30.057975769, 80.3746032715]],
        "icov": [[0.000395480572479, -0.000489192840178, 0.000539335596841, -0.000795155472588, 0.000598484475631, -0.000716197944712, 0.000686058832798, -0.00127774977591, 0.00112282589544, -0.000834724167362, 0.000841170141939, -0.000832588586491, 0.00070303643588], [-0.000489192840178, 0.0039307740517, -0.00236128992401, 0.00192272639833, -0.00333647895604, 0.00346582639031, -0.00363829452544, 0.00431824848056, -0.0031667558942, 0.00326749472879, -0.00420641433448, 0.00333858840168, -0.00174637755845], [0.000539335596841, -0.00236128992401, 0.00435947906226, -0.0044240350835, 0.00220061605796, -0.00291260704398, 0.00344307837076, -0.00395557610318, 0.00332511845045, -0.00344649562612, 0.00368087575771, -0.0035539965611, 0.00287874927744], [-0.000795155472588, 0.00192272639833, -0.0044240350835, 0.00717145483941, -0.00374729954638, 0.00213156687096, -0.00256719836034, 0.00388738675974, -0.00399674056098, 0.00331591581926, -0.0038066948764, 0.0039025361184, -0.0034073186107], [0.000598484475631, -0.00333647895604, 0.00220061605796, -0.00374729954638, 0.0103658139706, -0.00566789647564, 0.00324424030259, -0.00602910248563, 0.00277861137874, -0.00129841500893, 0.00264787301421, -0.00303949275985, 0.00286512123421], [-0.000716197944712, 0.00346582639031, -0.00291260704398, 0.00213156687096, -0.00566789647564, 0.0126188397408, -0.00976360961795, 0.00650673313066, -0.00179490551818, -0.000898168305866, -0.001514019561, 0.00307407928631, -0.00295658479445], [0.000686058832798, -0.00363829452544, 0.00344307837076, -0.00256719836034, 0.00324424030259, -0.00976360961795, 0.0147664221004, -0.00918493047357, 0.00392718799412, -0.00265361159109, 0.00158501509577, -0.0016688198084, 0.00343873933889], [-0.00127774977591, 0.00431824848056, -0.00395557610318, 0.00388738675974, -0.00602910248563, 0.00650673313066, -0.00918493047357, 0.0202059857547, -0.00992893055081, 0.00588844763115, -0.00587088614702, 0.00199129083194, -0.000970300403424], [0.00112282589544, -0.0031667558942, 0.00332511845045, -0.00399674056098, 0.00277861137874, -0.00179490551818, 0.00392718799412, -0.00992893055081, 0.0181248728186, -0.00909193139523, 0.00460148463026, 0.000638378900476, -0.00438719289377], [-0.000834724167362, 0.00326749472879, -0.00344649562612, 0.00331591581926, -0.00129841500893, -0.000898168305866, -0.00265361159109, 0.00588844763115, -0.00909193139523, 0.0208339393139, -0.00567312911153, -0.00183197227307, 0.00149346736725], [0.000841170141939, -0.00420641433448, 0.00368087575771, -0.0038066948764, 0.00264787301421, -0.001514019561, 0.00158501509577, -0.00587088614702, 0.00460148463026, -0.00567312911153, 0.0159076284617, -0.0070622288622, 0.00077415216947], [-0.000832588586491, 0.00333858840168, -0.0035539965611, 0.0039025361184, -0.00303949275985, 0.00307407928631, -0.0016688198084, 0.00199129083194, 0.000638378900476, -0.00183197227307, -0.0070622288622, 0.0227724350989, -0.0107821039855], [0.00070303643588, -0.00174637755845, 0.00287874927744, -0.0034073186107, 0.00286512123421, -0.00295658479445, 0.00343873933889, -0.000970300403424, -0.00438719289377, 0.00149346736725, 0.00077415216947, -0.0107821039855, 0.0217521414161]]
    },
    "melbands": {
        "dmean": [0.00174570118543, 0.00189475645311, 0.000483725219965, 0.000235677973251, 0.000278513936792, 0.00018987065414, 0.000136125978315, 9.66541410889e-05, 0.000158617840498, 0.00013229191245, 0.000125435384689, 0.000113831134513, 8.90839437488e-05, 7.08083098289e-05, 6.46367916488e-05, 4.76664172311e-05, 4.54653563793e-05, 4.4389271352e-05, 2.29481192946e-05, 1.83550055226e-05, 1.68126771314e-05, 1.4314652617e-05, 1.2407934264e-05, 1.93128398678e-05, 1.35947293529e-05, 8.74254965311e-06, 7.11827124178e-06, 5.08159837409e-06, 3.37771371051e-06, 3.14109752253e-06, 3.68376890947e-06, 2.85975715997e-06, 2.72729766948e-06, 2.8596350603e-06, 2.40580652644e-06, 2.43042791226e-06, 2.06229856303e-06, 1.66138079294e-06, 1.33266576086e-06, 1.04838545667e-06],
        "dmean2": [0.00279393512756, 0.00297069805674, 0.000849869218655, 0.000394068512833, 0.000444938719738, 0.000305248278892, 0.000224096205784, 0.000154617155204, 0.000253026635619, 0.000211375605431, 0.000208925674087, 0.000184548000107, 0.000145968064317, 0.000111193330667, 0.000106012863398, 7.64797150623e-05, 7.30326719349e-05, 7.18412047718e-05, 3.70775233023e-05, 2.92894255836e-05, 2.65505641437e-05, 2.31592566706e-05, 1.96001219592e-05, 3.02405860566e-05, 2.09827394428e-05, 1.36889384521e-05, 1.08940512291e-05, 7.87777298683e-06, 5.30742045157e-06, 5.04698800796e-06, 5.97366215516e-06, 4.54949849882e-06, 4.2147471504e-06, 4.5548226808e-06, 3.65493497156e-06, 3.73779835172e-06, 3.11196095026e-06, 2.54954215961e-06, 2.02242426894e-06, 1.61260948062e-06],
        "dvar": [7.31728960091e-06, 1.37980096042e-05, 1.25573774312e-06, 2.25119691777e-07, 3.24737982282e-07, 1.73951136162e-07, 8.25819341799e-08, 4.77853241421e-08, 9.45084437376e-08, 1.01918871565e-07, 8.57073132465e-08, 5.00956822691e-08, 3.57124712025e-08, 2.71317599498e-08, 2.22263167871e-08, 1.18511298552e-08, 9.12265996078e-09, 8.06583688728e-09, 2.20483409308e-09, 1.58016388863e-09, 1.48293166635e-09, 6.50993758899e-10, 4.96561847196e-10, 1.06015596302e-09, 5.2371845749e-10, 1.87934473539e-10, 1.90717719395e-10, 7.58410348412e-11, 9.04736771612e-11, 1.04524493227e-10, 1.00817604265e-10, 5.43065800662e-11, 3.96097148136e-11, 4.06912316342e-11, 3.33515333406e-11, 2.29894974585e-11, 1.62742267579e-11, 1.02890656065e-11, 8.75784948035e-12, 5.2189173122e-12],
        "dvar2": [1.94403801288e-05, 3.06904767058e-05, 3.48840831066e-06, 5.74694979605e-07, 7.72976079588e-07, 4.15983180346e-07, 1.98064910251e-07, 1.15019119562e-07, 2.31117681437e-07, 2.58048800106e-07, 2.28577775374e-07, 1.33619082021e-07, 9.16163429565e-08, 6.46503366397e-08, 5.86212216547e-08, 2.82563998866e-08, 2.17940048231e-08, 1.92454638892e-08, 5.50922552023e-09, 3.85644005618e-09, 3.24031868004e-09, 1.54458190682e-09, 1.12906128891e-09, 2.47174991586e-09, 1.22250642942e-09, 4.42199304951e-10, 4.012970789e-10, 1.70554639856e-10, 2.25051269287e-10, 2.31808017226e-10, 2.54356175011e-10, 1.40140343774e-10, 8.88856557801e-11, 9.86712794804e-11, 7.9564965727e-11, 5.27792115568e-11, 3.50680109951e-11, 2.21098035713e-11, 1.9192435835e-11, 1.14258932177e-11],
        "max": [0.0293031707406, 0.032634023577, 0.0123511515558, 0.00795970112085, 0.0102869579569, 0.00757617084309, 0.0084923170507, 0.00410235719755, 0.00679929088801, 0.0111467652023, 0.00674155401066, 0.00536951888353, 0.00377105781808, 0.00384113285691, 0.0052819699049, 0.00330498884432, 0.00190792616922, 0.00279814610258, 0.00120864633936, 0.00172654178459, 0.000907381996512, 0.000533757032827, 0.000605716661084, 0.000683832913637, 0.000548864889424, 0.000429409294156, 0.000586469192058, 0.000381023011869, 0.000584443972912, 0.000820209679659, 0.000413948553614, 0.000386263942346, 0.000394147384213, 0.000288060749881, 0.000301896041492, 0.000193371772184, 0.000187012701645, 0.000137351220474, 0.000120116666949, 7.96502354206e-05],
        "mean": [0.00301241525449, 0.00250440300442, 0.000542045454495, 0.000302427157294, 0.000390137342038, 0.000270521064522, 0.000175487613888, 0.000128888175823, 0.000228925287956, 0.000212843995541, 0.000203108720598, 0.000191608633031, 0.00014670487144, 0.000111314613605, 0.000107498468424, 7.43462151149e-05, 7.76021115598e-05, 7.69775069784e-05, 3.8987633161e-05, 3.09642600769e-05, 2.80632975773e-05, 2.53373273154e-05, 2.26914380619e-05, 3.51034977939e-05, 2.83469071292e-05, 1.76695230039e-05, 1.40000265674e-05, 1.01222403828e-05, 6.87950887368e-06, 6.2070103013e-06, 6.65926881993e-06, 5.78214576308e-06, 5.79068364459e-06, 5.89544197283e-06, 5.13931627211e-06, 4.66319306724e-06, 4.03403646487e-06, 3.35238109983e-06, 2.67818359134e-06, 1.96637006411e-06],
        "median": [0.00204341532663, 0.00105106981937, 0.00018965464551, 0.000132531989948, 0.000151304193423, 0.000108254265797, 7.03397381585e-05, 4.60168303107e-05, 9.07761786948e-05, 7.40076648071e-05, 7.6426716987e-05, 7.53705389798e-05, 5.34279170097e-05, 3.67785978597e-05, 4.00297612941e-05, 3.15049837809e-05, 3.29376998707e-05, 3.19926075463e-05, 1.83674328582e-05, 1.55970301421e-05, 1.24127218442e-05, 1.20378026622e-05, 1.12593097583e-05, 1.63939075719e-05, 1.4650850062e-05, 1.05530762085e-05, 7.62298486734e-06, 5.76857564738e-06, 4.02486966777e-06, 3.52857887265e-06, 3.49480296791e-06, 3.30541661242e-06, 3.31845649271e-06, 3.37475648848e-06, 2.88534852189e-06, 2.45228920903e-06, 1.95638062905e-06, 1.66023676229e-06, 1.28789315568e-06, 8.99454335013e-07],
        "min": [4.57390703634e-24, 1.64194987927e-24, 1.53100822865e-24, 1.19100474116e-24, 4.08469612925e-24, 5.91802386135e-24, 4.55185719074e-24, 8.64842173232e-24, 5.3269852109e-24, 6.52542151482e-24, 9.64045376368e-24, 1.06560285599e-23, 6.8750095637e-24, 3.77071450062e-24, 6.84817961545e-24, 8.45779743888e-24, 8.97918243241e-24, 4.74295992833e-24, 5.26339197788e-24, 8.35676171186e-24, 8.44846521437e-24, 7.04283262154e-24, 5.45243263306e-24, 6.22019781995e-24, 7.98048058209e-24, 9.91842468085e-24, 9.14268963223e-24, 1.28826365854e-23, 8.46125264964e-24, 9.16963002101e-24, 1.08257575057e-23, 5.14263275608e-24, 8.80529461193e-24, 9.80310110512e-24, 9.92230035448e-24, 8.03126508059e-24, 8.45845850431e-24, 8.34165975869e-24, 7.96786038533e-24, 9.69515811201e-24],
        "var": [1.25072720039e-05, 1.72203417605e-05, 1.09007646643e-06, 2.68514185109e-07, 4.84764484554e-07, 2.71400438123e-07, 1.18127793769e-07, 6.77451552633e-08, 1.473343616e-07, 1.94599138581e-07, 1.81281919254e-07, 1.09992242869e-07, 7.41214947197e-08, 4.82997037921e-08, 5.21608427562e-08, 1.95545766246e-08, 1.88508391119e-08, 1.90655295995e-08, 4.18184109563e-09, 2.83372147969e-09, 2.9472175811e-09, 1.52619539229e-09, 1.16752085777e-09, 2.49833398414e-09, 1.48706891245e-09, 4.82540396529e-10, 4.41880226854e-10, 2.24627649814e-10, 2.02851110909e-10, 2.24686491634e-10, 2.09620362734e-10, 1.31842370354e-10, 1.23411003639e-10, 1.19074361482e-10, 9.76749237047e-11, 6.42521452709e-11, 5.25307054799e-11, 3.73795820685e-11, 2.77343686211e-11, 1.49584355319e-11]
    },
    "mfcc": {
        "mean": [-608.292602539, 89.4395675659, 0.0460321716964, 10.2919654846, 4.41763401031, 6.81722927094, 6.01908445358, 11.9629049301, -0.213614016771, 7.5964140892, 4.21672821045, -0.0151837412268, -0.49230620265],
        "cov": [[3886.51879883, -103.112998962, 329.941497803, 297.626678467, 126.744529724, 246.575134277, 306.062805176, 148.484863281, 43.5747528076, 75.69090271, 88.4905471802, -27.8033065796, 8.03072929382], [-103.112998962, 604.968566895, 82.0340499878, 134.791061401, 90.001663208, -5.61179637909, 71.6056060791, 50.7297172546, -31.8666133881, 23.2118911743, 47.4809646606, 0.499852359295, 12.886847496], [329.941497803, 82.0340499878, 906.132507324, 474.964904785, 284.630004883, 207.111175537, 120.299789429, 51.34973526, 52.173789978, 26.1736774445, 25.9785385132, 54.3941497803, 42.9223213196], [297.626678467, 134.791061401, 474.964904785, 489.333618164, 253.276107788, 85.3034896851, 77.7304992676, 64.4423599243, 22.1349220276, 40.0956192017, 16.9652442932, 30.5103683472, 34.5637664795], [126.744529724, 90.001663208, 284.630004883, 253.276107788, 272.296539307, 81.1091690063, 53.3619918823, 44.1839370728, 28.1647396088, 22.4995269775, 13.5507564545, 15.0991954803, 24.3381557465], [246.575134277, -5.61179637909, 207.111175537, 85.3034896851, 81.1091690063, 271.947021484, 144.336364746, 47.4663124084, 62.7884140015, 27.5610866547, 45.9678840637, 13.2649698257, 7.19092845917], [306.062805176, 71.6056060791, 120.299789429, 77.7304992676, 53.3619918823, 144.336364746, 244.395812988, 101.714248657, 10.707324028, 46.0545768738, 62.5722465515, 0.640004098415, 16.2097110748], [148.484863281, 50.7297172546, 51.34973526, 64.4423599243, 44.1839370728, 47.4663124084, 101.714248657, 117.863876343, 36.8165855408, 32.9164581299, 34.4969062805, 8.72694969177, 10.3110876083], [43.5747528076, -31.8666133881, 52.173789978, 22.1349220276, 28.1647396088, 62.7884140015, 10.707324028, 36.8165855408, 114.101966858, 33.2262878418, 7.57810878754, 13.841129303, 5.57925653458], [75.69090271, 23.2118911743, 26.1736774445, 40.0956192017, 22.4995269775, 27.5610866547, 46.0545768738, 32.9164581299, 33.2262878418, 89.2188644409, 42.6737098694, -1.53904438019, 2.7270565033], [88.4905471802, 47.4809646606, 25.9785385132, 16.9652442932, 13.5507564545, 45.9678840637, 62.5722465515, 34.4969062805, 7.57810878754, 42.6737098694, 86.4012756348, 14.9781169891, 2.31205630302], [-27.8033065796, 0.499852359295, 54.3941497803, 30.5103683472, 15.0991954803, 13.2649698257, 0.640004098415, 8.72694969177, 13.841129303, -1.53904438019, 14.9781169891, 63.236995697, 27.3768863678], [8.03072929382, 12.886847496, 42.9223213196, 34.5637664795, 24.3381557465, 7.19092845917, 16.2097110748, 10.3110876083, 5.57925653458, 2.7270565033, 2.31205630302, 27.3768863678, 59.1565704346]],
