{
"lowlevel": {
    "average_loudness": 0.144334375858,
    "barkbands_crest": {
        "dmean": 2.57086157799,
        "dmean2": 4.17527770996,
        "dvar": 5.05581855774,
        "dvar2": 12.6933946609,
        "max": 25.8920097351,
        "mean": 10.3578472137,
        "median": 9.47956085205,
        "min": 2.60077810287,
        "var": 19.2650718689
    },
    "barkbands_flatness_db": {
        "dmean": 0.0181578211486,
        "dmean2": 0.0285654459149,
        "dvar": 0.000254150916589,
        "dvar2": 0.000592170166783,
        "max": 0.416206926107,
        "mean": 0.156272858381,
        "median": 0.145245164633,
        "min": 0.0507147349417,
        "var": 0.00281189777888
    },
    "barkbands_kurtosis": {
        "dmean": 2.38232707977,
        "dmean2": 3.75394058228,
        "dvar": 17.928899765,
        "dvar2": 40.2370185852,
        "max": 107.738334656,
        "mean": 4.39555692673,
        "median": 1.78984832764,
        "min": -1.89718389511,
        "var": 71.0223007202
    },
    "barkbands_skewness": {
        "dmean": 0.450941681862,
        "dmean2": 0.695948600769,
        "dvar": 0.209581434727,
        "dvar2": 0.476720660925,
        "max": 8.96778297424,
        "mean": 1.34151375294,
        "median": 1.12781918049,
        "min": -1.9627546072,
        "var": 1.48422908783
    },
    "barkbands_spread": {
        "dmean": 4.18902349472,
        "dmean2": 6.3686132431,
        "dvar": 34.05834198,
        "dvar2": 63.586151123,
        "max": 97.7631072998,
        "mean": 18.3354244232,
        "median": 14.6087026596,
        "min": 0.685186564922,
        "var": 191.606277466
    },
    "dissonance": {
        "dmean": 0.0232820976526,
        "dmean2": 0.0392648801208,
        "dvar": 0.000478085421491,
        "dvar2": 0.0013314007083,
        "max": 0.499999880791,
        "mean": 0.454823881388,
        "median": 0.463681578636,
        "min": 0.276072889566,
        "var": 0.00128803751431
    },
    "dynamic_complexity": 5.08092546463,
    "erbbands_crest": {
        "dmean": 2.97480010986,
        "dmean2": 4.831843853,
        "dvar": 7.1500210762,
        "dvar2": 17.5145797729,
        "max": 29.6751174927,
        "mean": 11.0019512177,
        "median": 10.0191926956,
        "min": 2.71432137489,
        "var": 24.8193473816
    },
    "erbbands_flatness_db": {
        "dmean": 0.0165800880641,
        "dmean2": 0.0251321308315,
        "dvar": 0.000218479341129,
        "dvar2": 0.000470350321848,
        "max": 0.415398895741,
        "mean": 0.189209893346,
        "median": 0.184424579144,
        "min": 0.0674286708236,
        "var": 0.0026423803065
    },
    "erbbands_kurtosis": {
        "dmean": 1.28881061077,
        "dmean2": 2.05242562294,
        "dvar": 3.02766394615,
        "dvar2": 7.05146980286,
        "max": 46.732257843,
        "mean": 1.73098659515,
        "median": 1.00722694397,
        "min": -1.81551837921,
        "var": 8.60827732086
    },
    "erbbands_skewness": {
        "dmean": 0.37673869729,
        "dmean2": 0.581049084663,
        "dvar": 0.117781877518,
        "dvar2": 0.256516456604,
        "max": 5.48624944687,
        "mean": 0.763678014278,
        "median": 0.767702877522,
        "min": -3.08539867401,
        "var": 0.78322660923
    },
    "erbbands_spread": {
        "dmean": 6.31231689453,
        "dmean2": 9.65951156616,
        "dvar": 55.9954299927,
        "dvar2": 118.394210815,
        "max": 115.833374023,
        "mean": 28.8470516205,
        "median": 24.0529460907,
        "min": 3.60000610352,
        "var": 294.134552002
    },
    "hfc": {
        "dmean": 4.60250425339,
        "dmean2": 7.23809623718,
        "dvar": 58.3092575073,
        "dvar2": 145.864227295,
        "max": 185.242462158,
        "mean": 18.0156917572,
        "median": 9.80699443817,
        "min": 1.13205397535e-16,
        "var": 445.66998291
    },
    "melbands_crest": {
        "dmean": 3.23123002052,
        "dmean2": 5.23671770096,
        "dvar": 7.7645611763,
        "dvar2": 19.5483760834,
        "max": 34.0486717224,
        "mean": 13.5410232544,
        "median": 12.4626493454,
        "min": 1.70597445965,
        "var": 33.1392364502
    },
    "melbands_flatness_db": {
        "dmean": 0.0202840808779,
        "dmean2": 0.031232053414,
        "dvar": 0.000356720556738,
        "dvar2": 0.000788869219832,
        "max": 0.470719724894,
        "mean": 0.194471254945,
        "median": 0.185584828258,
        "min": 0.0057246889919,
        "var": 0.00382402632385
    },
    "melbands_kurtosis": {
        "dmean": 4.4092798233,
        "dmean2": 6.94526052475,
        "dvar": 60.6105384827,
        "dvar2": 143.485702515,
        "max": 194.904693604,
        "mean": 9.30393600464,
        "median": 4.62363290787,
        "min": -1.73792636395,
        "var": 211.594528198
    },
    "melbands_skewness": {
        "dmean": 0.561736941338,
        "dmean2": 0.863411664963,
        "dvar": 0.334215790033,
        "dvar2": 0.784350752831,
        "max": 12.2785921097,
        "mean": 1.93691754341,
        "median": 1.69207334518,
        "min": -0.99687987566,
        "var": 2.09761095047
    },
    "melbands_spread": {
        "dmean": 5.4468832016,
        "dmean2": 8.53528022766,
        "dvar": 55.3357162476,
        "dvar2": 117.626235962,
        "max": 156.569259644,
        "mean": 22.285320282,
        "median": 18.8860988617,
        "min": 0.799494624138,
        "var": 261.056884766
    },
    "pitch_salience": {
        "dmean": 0.0656794086099,
        "dmean2": 0.106953538954,
        "dvar": 0.0032238936983,
        "dvar2": 0.00838360749185,
        "max": 0.853119671345,
        "mean": 0.565470457077,
        "median": 0.570659518242,
        "min": 0.106978178024,
        "var": 0.0128266233951
    },
    "silence_rate_20dB": {
        "dmean": 0,
        "dmean2": 0,
        "dvar": 0,
        "dvar2": 0,
        "max": 1,
        "mean": 1,
        "median": 1,
        "min": 1,
        "var": 0
    },
    "silence_rate_30dB": {
        "dmean": 0.00217601540498,
        "dmean2": 0.00435255700722,
        "dvar": 0.00217126891948,
        "dvar2": 0.00457546021789,
        "max": 1,
        "mean": 0.996373772621,
        "median": 1,
        "min": 0,
        "var": 0.00361311482266
    },
    "silence_rate_60dB": {
        "dmean": 0.0304642170668,
        "dmean2": 0.0608148947358,
        "dvar": 0.0295384526253,
        "dvar2": 0.0658321231604,
        "max": 1,
        "mean": 0.220838874578,
        "median": 0,
        "min": 0,
        "var": 0.172110691667
    },
    "spectral_centroid": {
        "dmean": 177.149627686,
        "dmean2": 274.246765137,
        "dvar": 53279.8515625,
        "dvar2": 103536.617188,
        "max": 11184.9716797,
        "mean": 1176.56420898,
        "median": 1093.8347168,
        "min": 260.376342773,
        "var": 366511.84375
    },
    "spectral_complexity": {
        "dmean": 2.57809472084,
        "dmean2": 4.15403223038,
        "dvar": 7.6438741684,
        "dvar2": 17.4247550964,
        "max": 54,
        "mean": 16.0241756439,
        "median": 13,
        "min": 0,
        "var": 124.915435791
    },
    "spectral_decrease": {
        "dmean": 1.34711664046e-09,
        "dmean2": 2.10747375107e-09,
        "dvar": 4.00452486121e-18,
        "dvar2": 9.45422027932e-18,
        "max": 4.68072356265e-29,
        "mean": -4.76454786735e-09,
        "median": -3.19250803571e-09,
        "min": -4.07586391304e-08,
        "var": 2.56557098019e-17
    },
    "spectral_energy": {
        "dmean": 0.00541545869783,
        "dmean2": 0.0084782615304,
        "dvar": 6.4961022872e-05,
        "dvar2": 0.000154155422933,
        "max": 0.17063459754,
        "mean": 0.0196166019887,
        "median": 0.0129481470212,
        "min": 1.0263275762e-20,
        "var": 0.000434590067016
    },
    "spectral_energyband_high": {
        "dmean": 0.000173380263732,
        "dmean2": 0.000248778553214,
        "dvar": 1.33461512064e-07,
        "dvar2": 2.6696062605e-07,
        "max": 0.00702137965709,
        "mean": 0.000536668405402,
        "median": 0.000248198077315,
        "min": 7.5197002315e-21,
        "var": 5.38982760645e-07
    },
    "spectral_energyband_low": {
        "dmean": 0.00173675036058,
        "dmean2": 0.00264260848053,
        "dvar": 2.07227367355e-05,
        "dvar2": 4.24542668043e-05,
        "max": 0.0846820995212,
        "mean": 0.00377129856497,
        "median": 0.00163320859428,
        "min": 2.71806442515e-23,
        "var": 6.13889205852e-05
    },
    "spectral_energyband_middle_high": {
        "dmean": 0.00240468839183,
        "dmean2": 0.00387478782795,
        "dvar": 2.0972580387e-05,
        "dvar2": 5.58717074455e-05,
        "max": 0.119782716036,
        "mean": 0.00718758953735,
        "median": 0.0022071308922,
        "min": 1.44882814844e-21,
        "var": 0.000120706252346
    },
    "spectral_energyband_middle_low": {
        "dmean": 0.00372542301193,
        "dmean2": 0.00605856394395,
        "dvar": 3.24522879964e-05,
        "dvar2": 8.63011518959e-05,
        "max": 0.0978958532214,
        "mean": 0.00877357367426,
        "median": 0.0060059055686,
        "min": 2.16000667653e-22,
        "var": 8.94440381671e-05
    },
    "spectral_entropy": {
        "dmean": 0.147159084678,
        "dmean2": 0.223977595568,
        "dvar": 0.021824805066,
        "dvar2": 0.0444653742015,
        "max": 9.80907154083,
        "mean": 7.45106506348,
        "median": 7.54037094116,
        "min": 4.85250663757,
        "var": 0.279351860285
    },
    "spectral_flux": {
        "dmean": 0.0159922931343,
        "dmean2": 0.0250153020024,
        "dvar": 0.000321611238178,
        "dvar2": 0.000720252399333,
        "max": 0.294475674629,
        "mean": 0.0703746303916,
        "median": 0.0618553571403,
        "min": 6.46283582206e-11,
        "var": 0.00248690205626
    },
    "spectral_kurtosis": {
        "dmean": 1.648016572,
        "dmean2": 2.74772191048,
        "dvar": 3.77412486076,
        "dvar2": 10.4177131653,
        "max": 51.0540466309,
        "mean": 4.91249132156,
        "median": 4.28582620621,
        "min": -1.2286298275,
        "var": 11.9994630814
    },
    "spectral_rms": {
        "dmean": 0.000535718747415,
        "dmean2": 0.000827555311844,
        "dvar": 3.5019232314e-07,
        "dvar2": 7.90499484538e-07,
        "max": 0.0129024330527,
        "mean": 0.00379061023705,
        "median": 0.00355420005508,
        "min": 3.16432492188e-12,
        "var": 4.76942022942e-06
    },
    "spectral_rolloff": {
        "dmean": 323.429748535,
        "dmean2": 535.455993652,
        "dvar": 525428.625,
        "dvar2": 1037947.8125,
        "max": 18927.6855469,
        "mean": 1431.98193359,
        "median": 1141.25976562,
        "min": 107.666015625,
        "var": 1798405.25
    },
    "spectral_skewness": {
        "dmean": 0.215325042605,
        "dmean2": 0.343283832073,
        "dvar": 0.042258720845,
        "dvar2": 0.101190112531,
        "max": 5.41054296494,
        "mean": 1.68651437759,
        "median": 1.66864824295,
        "min": -0.136125251651,
        "var": 0.246081873775
    },
    "spectral_spread": {
        "dmean": 430760.125,
        "dmean2": 622155.625,
        "dvar": 390714916864,
        "dvar2": 662968336384,
        "max": 41848672,
        "mean": 4290699,
        "median": 4039618.25,
        "min": 1520951.75,
        "var": 2.46269555507e+12
    },
    "spectral_strongpeak": {
        "dmean": 0.556516945362,
        "dmean2": 0.925138890743,
        "dvar": 0.784379303455,
        "dvar2": 2.03072500229,
        "max": 11.2977247238,
        "mean": 1.08547258377,
        "median": 0.561891198158,
        "min": 0,
        "var": 1.66117095947
    },
    "zerocrossingrate": {
        "dmean": 0.00787961483002,
        "dmean2": 0.00904586631805,
        "dvar": 0.000132994537125,
        "dvar2": 0.000138371862704,
        "max": 0.6640625,
        "mean": 0.0579170137644,
        "median": 0.05224609375,
        "min": 0.00830078125,
        "var": 0.00119765743148
    },
    "barkbands": {
        "dmean": [7.20566386008e-05, 0.00132936460432, 0.000726416066755, 0.000502867333125, 0.001217911602, 0.000707355153281, 0.000585882575251, 0.000837002939079, 0.00129869126249, 0.00107879855204, 0.00073876674287, 0.000773534178734, 0.000453929824289, 0.000439576077042, 0.000328155612806, 0.000307428388624, 0.000193411382497, 0.000100452976767, 6.54249815852e-05, 4.87020697619e-05, 5.32252342964e-05, 5.88819675613e-05, 4.58795148006e-05, 2.24948980758e-05, 2.065209992e-05, 1.22296023619e-05, 4.87662088489e-09],
        "dmean2": [0.000118148549518, 0.00200822623447, 0.00123534735758, 0.000883664062712, 0.00200394145213, 0.00114769884385, 0.00093788432423, 0.00135945552029, 0.00216294871643, 0.00178295338992, 0.00122205412481, 0.00131077924743, 0.000754388340283, 0.000726326252334, 0.000537873012945, 0.000504891038872, 0.000320953957271, 0.000168545826455, 0.000107166830276, 7.94527659309e-05, 8.45940812724e-05, 9.11558017833e-05, 6.85185805196e-05, 3.37269157171e-05, 2.9615333915e-05, 1.77334004547e-05, 9.15866404938e-09],
        "dvar": [3.58427527658e-08, 1.49137067638e-05, 9.36349897529e-06, 2.58494469563e-06, 5.34097489435e-06, 3.11620533466e-06, 1.59948763212e-06, 4.82793620904e-06, 1.27225230244e-05, 1.13396517918e-05, 4.36786604041e-06, 4.46990861747e-06, 1.43872466651e-06, 1.34348374559e-06, 7.33885144655e-07, 9.65962385635e-07, 2.60465640167e-07, 5.7839020684e-08, 2.44190374588e-08, 9.99521088119e-09, 1.00005150827e-08, 1.18108918201e-08, 1.34528370666e-08, 2.48251685875e-09, 3.18651327547e-09, 2.47662823583e-09, 5.80015085643e-15],
        "dvar2": [8.93889904319e-08, 2.99696639559e-05, 2.40442841459e-05, 7.4115832831e-06, 1.41148757393e-05, 8.31394027045e-06, 3.70358156943e-06, 1.22303190437e-05, 3.57248463843e-05, 3.06821129925e-05, 1.20712220451e-05, 1.28261999635e-05, 3.91803587263e-06, 3.5780676626e-06, 1.95117809199e-06, 2.52922541222e-06, 6.94061498052e-07, 1.55628754328e-07, 6.46811457727e-08, 2.56068215521e-08, 2.40957866993e-08, 2.54798333543e-08, 2.88230506129e-08, 5.10260722564e-09, 5.84946624471e-09, 5.29717691933e-09, 1.73020269173e-14],
        "max": [0.00298974872567, 0.0560415647924, 0.0485831797123, 0.0231718458235, 0.0403318069875, 0.0487097129226, 0.0243977569044, 0.0428701750934, 0.0844094157219, 0.0775905326009, 0.0372685603797, 0.0374247655272, 0.0248892940581, 0.0267932154238, 0.0173520594835, 0.0285183209926, 0.0142100509256, 0.00443067029119, 0.00625734124333, 0.00261605088599, 0.00190457014833, 0.00223695253953, 0.00201881560497, 0.00105961959343, 0.00185343204066, 0.00086808524793, 4.43595581601e-06],
        "mean": [0.000107068131911, 0.00262275105342, 0.000765379809309, 0.000564359652344, 0.00202221656218, 0.00115526258014, 0.000930679379962, 0.0013303172309, 0.00202229060233, 0.00174190418329, 0.00112058024388, 0.00124462170061, 0.000759312242735, 0.000746070465539, 0.000558644998819, 0.000618631253019, 0.000371389731299, 0.000201902774279, 0.000138482282637, 0.000118038267829, 0.000131774155307, 0.000135877140565, 9.63933271123e-05, 4.92816943733e-05, 4.46451849712e-05, 1.87351051864e-05, 3.23491211596e-09],
        "median": [1.21286802823e-05, 0.000851292046718, 0.000167927471921, 0.000161536125233, 0.000906604109332, 0.000435347930761, 0.000351598893758, 0.000261929351836, 0.000314936158247, 0.000235078856349, 0.000158992843353, 0.000165004821611, 0.000125577993458, 0.000142665812746, 9.3237751571e-05, 7.4836978456e-05, 7.73191204644e-05, 4.32542001363e-05, 2.84382767859e-05, 3.04961031361e-05, 4.60676419607e-05, 6.794345245e-05, 3.79445991712e-05, 2.00629783649e-05, 1.52798329509e-05, 3.89077376894e-06, 3.05866526551e-10],
        "min": [1.62426255281e-23, 5.61079212105e-24, 3.1048121614e-24, 3.16069368742e-24, 3.24931333544e-23, 3.93029688078e-23, 2.77520919358e-23, 1.92652628379e-23, 4.04626826909e-23, 5.16856427064e-23, 2.12703815982e-23, 1.14513787927e-22, 6.87570849446e-23, 6.16512278588e-23, 8.71967464695e-23, 1.0485559347e-22, 1.36498596671e-22, 1.67855956493e-22, 2.08717032874e-22, 2.41900750842e-22, 3.57551596566e-22, 3.74586246332e-22, 5.91233754684e-22, 7.81651701046e-22, 9.90211933615e-22, 1.50583272682e-21, 2.35202546779e-21],
        "var": [6.60021868271e-08, 3.89496490243e-05, 7.54498387323e-06, 1.92896936824e-06, 9.55852647166e-06, 5.23416110809e-06, 3.13444479616e-06, 1.16012033686e-05, 2.35463412537e-05, 2.5355922844e-05, 7.90130980022e-06, 7.98234032118e-06, 2.9993886983e-06, 3.04670493279e-06, 1.44158696003e-06, 3.51537073584e-06, 7.42102997719e-07, 1.51080982391e-07, 6.59535146497e-08, 3.60847138836e-08, 3.75618967041e-08, 4.09203018137e-08, 3.00164515465e-08, 7.30239690938e-09, 1.08580477942e-08, 3.66615138248e-09, 2.98009463074e-15]
    },
    "erbbands": {
        "dmean": [0.041145503521, 0.318966060877, 0.782764554024, 1.27260923386, 2.6804227829, 4.90441894531, 5.28666734695, 5.72288751602, 7.36472892761, 11.4442052841, 22.1448478699, 26.7748241425, 35.0204086304, 26.8493843079, 25.9610118866, 27.9411239624, 19.8999977112, 21.2434425354, 16.831703186, 15.8670349121, 15.8197450638, 9.85402107239, 5.61913061142, 3.95821690559, 2.64509892464, 2.32709932327, 1.8761780262, 2.41941213608, 2.19768214226, 1.54124748707, 1.29575061798, 0.628044903278, 0.362518876791, 0.264580070972, 0.144130170345, 0.0793268308043, 0.016801789403, 0.00041037905612, 1.48291455844e-05, 6.90027172823e-06],
        "dmean2": [0.057415895164, 0.481562554836, 1.27889168262, 2.18070268631, 4.45880365372, 8.0747795105, 8.68625640869, 9.26208972931, 11.8947629929, 18.2806243896, 36.3202896118, 44.5042381287, 58.3354606628, 44.4092636108, 43.5967178345, 47.2185516357, 32.9649658203, 35.022731781, 27.6148433685, 25.5854301453, 26.2211990356, 16.137752533, 9.35978984833, 6.56453943253, 4.30843257904, 3.81111359596, 3.01955461502, 3.79272627831, 3.40813302994, 2.37606739998, 1.9447094202, 0.949935972691, 0.545403718948, 0.38898435235, 0.205838412046, 0.113515146077, 0.0253317672759, 0.00062636291841, 2.1607726012e-05, 1.07552195914e-05],
        "dvar": [0.0135305356234, 0.974974632263, 10.0263996124, 19.3466377258, 29.6126728058, 103.617889404, 209.499450684, 197.661148071, 264.936706543, 908.683410645, 3183.65698242, 5485.984375, 12998.828125, 5101.05126953, 5487.35400391, 5971.66552734, 2711.07397461, 3035.74389648, 2216.52612305, 1819.89587402, 3086.04003906, 515.534362793, 169.232818604, 92.0949707031, 51.2641601562, 26.7588825226, 13.6023931503, 21.3483371735, 16.5481414795, 10.0355863571, 11.5390138626, 2.35966038704, 0.806477248669, 0.537216246128, 0.168363809586, 0.0847355872393, 0.00658870721236, 4.89348485644e-06, 3.87095822063e-09, 1.30130475839e-10],
        "dvar2": [0.0244697220623, 1.96312248707, 24.4333896637, 52.8304901123, 79.230430603, 271.87991333, 555.944885254, 526.300476074, 629.462524414, 2266.35522461, 8109.44824219, 15240.0771484, 34653.0742188, 14053.2695312, 15456.8652344, 17058.7578125, 7444.45068359, 8114.98291016, 5895.59912109, 4669.60253906, 8351.57324219, 1334.8861084, 460.131835938, 236.277252197, 136.25227356, 69.0162200928, 33.733581543, 50.3215789795, 36.3424224854, 21.7952232361, 24.004611969, 5.16242027283, 1.68073129654, 1.11776936054, 0.305876523256, 0.165804713964, 0.0156977027655, 1.21533848869e-05, 8.96317065013e-09, 2.97148278205e-10],
        "max": [1.84592497349, 15.1808404922, 56.4459457397, 63.856918335, 75.7503204346, 170.087188721, 365.925598145, 348.032501221, 386.150665283, 737.555236816, 1144.50268555, 1766.76989746, 2891.17749023, 1775.85375977, 1527.29370117, 1540.07385254, 1307.04797363, 1654.49401855, 1311.29394531, 1157.54772949, 1847.89807129, 630.046447754, 267.906280518, 235.960983276, 445.16595459, 155.725769043, 76.3875808716, 92.218536377, 93.3946914673, 74.0010147095, 61.2825088501, 30.8144664764, 22.5262451172, 25.0454807281, 15.0137786865, 5.06343698502, 1.40591311455, 0.0573657602072, 0.00119242770597, 0.000210444908589],
        "mean": [0.084622502327, 0.544679045677, 0.925331056118, 1.53147912025, 4.0092253685, 7.51711940765, 8.10977554321, 9.47775840759, 12.3468027115, 18.2097396851, 37.1711959839, 42.749797821, 60.197933197, 46.5301437378, 42.7651176453, 49.1446342468, 37.1570243835, 38.9407958984, 30.3497638702, 31.4721088409, 33.4029541016, 20.8904953003, 12.2507104874, 8.3283290863, 6.23332452774, 5.60535669327, 4.78879261017, 5.71220207214, 5.06786298752, 3.4400305748, 2.68585753441, 1.33353900909, 0.762685418129, 0.554664850235, 0.285679042339, 0.135539352894, 0.0222068484873, 0.000522896531038, 3.173825462e-05, 2.59612606897e-05],
        "median": [0.0218198616058, 0.159638479352, 0.271920412779, 0.522749781609, 1.53881025314, 2.79392433167, 2.70330047607, 3.76761817932, 5.23292255402, 5.90040969849, 7.61048412323, 7.71687841415, 8.07367229462, 8.99519538879, 7.88146018982, 6.93332767487, 6.92845630646, 7.98682498932, 6.49103736877, 4.66141176224, 4.37044382095, 4.82486343384, 2.83746385574, 1.67920994759, 1.35359525681, 1.49266326427, 1.65145361423, 2.07819771767, 2.51721835136, 1.68399882317, 0.976025342941, 0.538868904114, 0.27401560545, 0.17911465466, 0.0965427532792, 0.0327366404235, 0.0039813905023, 9.65357248788e-05, 1.36295157063e-05, 1.71418068931e-05],
        "min": [4.24604470588e-22, 5.59744850728e-22, 4.34871627798e-21, 1.28939976844e-20, 6.45619056365e-20, 9.31315413843e-20, 7.97325402424e-20, 3.43970753419e-19, 3.25735065676e-19, 3.16524332007e-19, 7.20134549097e-19, 1.2028125311e-18, 1.12662361321e-18, 1.70091102087e-18, 1.93116108707e-18, 3.57454190314e-18, 3.40750456576e-18, 2.74836238592e-18, 5.40600415175e-18, 3.42889876512e-18, 7.80395028953e-18, 8.12024926652e-18, 7.92192692439e-18, 1.03891974149e-17, 8.03023547226e-18, 1.25109032784e-17, 1.48041655738e-17, 1.32061146689e-17, 1.37446721134e-17, 1.48817848937e-17, 1.81688467924e-17, 1.35160857142e-17, 1.35772921164e-17, 1.2197620202e-17, 7.40235244777e-18, 5.04204468223e-18, 2.83416086778e-18, 1.18191226196e-18, 2.844399606e-19, 3.4294084247e-20],
        "var": [0.0444584526122, 1.93199634552, 9.44776439667, 15.3602638245, 43.3631858826, 183.299987793, 314.639892578, 314.738342285, 488.816375732, 1674.73474121, 8163.75195312, 10448.7333984, 31589.8457031, 12306.2822266, 10119.3525391, 11861.4238281, 6481.67236328, 7645.92285156, 4274.56103516, 4811.51806641, 10110.9882812, 1928.01477051, 528.625854492, 244.341781616, 132.545379639, 85.3433456421, 48.9344024658, 74.8804626465, 58.1071281433, 29.5983924866, 25.6647891998, 5.27761030197, 2.35875964165, 1.69167757034, 0.476965874434, 0.153714105487, 0.00726739503443, 4.76500463265e-06, 5.35802158197e-09, 7.90369769632e-10]
    },
    "gfcc": {
        "mean": [-46.2690658569, 97.1252441406, -137.539672852, 23.3644428253, -76.2571716309, 19.7985439301, -42.0310630798, 6.36225700378, -21.0584354401, 2.48310899734, -15.2987346649, 1.32986545563, -4.12458753586],
        "cov": [[10345.7109375, -1224.42810059, 397.309265137, 687.877075195, 700.05065918, 1380.08813477, 355.772583008, 782.002441406, -6.68087339401, 416.133544922, -773.817382812, 206.178512573, -290.326934814], [-1224.42810059, 1551.60314941, 602.647521973, 234.558044434, 139.027694702, -185.990524292, 83.1895599365, -187.451675415, 92.717666626, -125.190864563, 237.683410645, -125.67024231, 106.498725891], [397.309265137, 602.647521973, 1281.96020508, 555.469299316, 87.216796875, 191.127975464, -82.8673095703, -18.3546295166, 47.8857078552, 27.8527488708, -35.8502693176, 30.7695159912, -24.319524765], [687.877075195, 234.558044434, 555.469299316, 561.35534668, 175.811065674, 117.945747375, -22.9689731598, 40.6984138489, 70.5094070435, 38.7184181213, -36.1907844543, 19.4262104034, 17.2907123566], [700.05065918, 139.027694702, 87.216796875, 175.811065674, 283.360351562, 137.406829834, 76.9914550781, 87.10131073, 26.0568084717, 38.7538719177, -38.8104476929, 5.30879545212, 2.64087724686], [1380.08813477, -185.990524292, 191.127975464, 117.945747375, 137.406829834, 385.451660156, 124.299461365, 136.551239014, 5.29384708405, 82.3994216919, -120.373939514, 31.6780281067, -70.7171936035], [355.772583008, 83.1895599365, -82.8673095703, -22.9689731598, 76.9914550781, 124.299461365, 246.567367554, 92.4885787964, -3.55559682846, 24.1728134155, 28.7390232086, -9.39036273956, -26.5358276367], [782.002441406, -187.451675415, -18.3546295166, 40.6984138489, 87.10131073, 136.551239014, 92.4885787964, 190.694107056, 38.9999580383, 60.413143158, -62.523273468, 18.9942493439, -37.4311332703], [-6.68087339401, 92.717666626, 47.8857078552, 70.5094070435, 26.0568084717, 5.29384708405, -3.55559682846, 38.9999580383, 133.64440918, 32.9989585876, 1.59399354458, -8.50101947784, 12.7218904495], [416.133544922, -125.190864563, 27.8527488708, 38.7184181213, 38.7538719177, 82.3994216919, 24.1728134155, 60.413143158, 32.9989585876, 125.197731018, 7.50775003433, 39.2739334106, -26.2496242523], [-773.817382812, 237.683410645, -35.8502693176, -36.1907844543, -38.8104476929, -120.373939514, 28.7390232086, -62.523273468, 1.59399354458, 7.50775003433, 203.27545166, 13.750336647, 39.0921096802], [206.178512573, -125.67024231, 30.7695159912, 19.4262104034, 5.30879545212, 31.6780281067, -9.39036273956, 18.9942493439, -8.50101947784, 39.2739334106, 13.750336647, 100.59198761, 13.4401445389], [-290.326934814, 106.498725891, -24.319524765, 17.2907123566, 2.64087724686, -70.7171936035, -26.5358276367, -37.4311332703, 12.7218904495, -26.2496242523, 39.0921096802, 13.4401445389, 111.136444092]],
        "icov": [[0.00031526084058, -0.000356515520252, 0.000407808838645, -0.00044280529255, 0.00023698899895, -0.000804831797723, 0.000330323004164, -0.00074714544462, 0.000655625481158, -0.000624101085123, 0.000929185887799, -0.000566185743082, 0.000151988380821], [-0.000356515520252, 0.00401735166088, -0.00305714970455, 0.00179629330523, -0.00356760015711, 0.00288988463581, -0.00344718736596, 0.00392875168473, -0.00365061429329, 0.00302169658244, -0.00362398079596, 0.00374015234411, -0.00135171448346], [0.000407808838645, -0.00305714970455, 0.00407592859119, -0.00321077555418, 0.00325996079482, -0.003563584527, 0.00330684194341, -0.00268570170738, 0.00283917179331, -0.00190839625429, 0.00242872000672, -0.00308590405621, 0.00166951224674], [-0.00044280529255, 0.00179629330523, -0.00321077555418, 0.00538581470028, -0.00362210231833, 0.00214313948527, -0.00127231678925, 0.00194606627338, -0.0029942446854, 0.0013562439708, -0.00189643306658, 0.00180149707012, -0.00150490680244], [0.00023698899895, -0.00356760015711, 0.00325996079482, -0.00362210231833, 0.00906923692673, -0.00368729047477, 0.00220364239067, -0.00450140656903, 0.00353622739203, -0.00297730742022, 0.00313252303749, -0.00244899769314, -0.000150688720169], [-0.000804831797723, 0.00288988463581, -0.003563584527, 0.00214313948527, -0.00368729047477, 0.0101334881037, -0.00595548050478, 0.00317317177542, -0.00260500540026, 3.56682794518e-05, 0.000301911961287, 0.00147983396892, 0.000218849643716], [0.000330323004164, -0.00344718736596, 0.00330684194341, -0.00127231678925, 0.00220364239067, -0.00595548050478, 0.0110400365666, -0.00685547618195, 0.00399769376963, -0.00080089236144, -0.00135631440207, -0.00103344139643, 0.00152826635167], [-0.00074714544462, 0.00392875168473, -0.00268570170738, 0.00194606627338, -0.00450140656903, 0.00317317177542, -0.00685547618195, 0.0151888597757, -0.00685011548921, 0.00107092561666, -0.00104476744309, 0.0017356548924, 0.000192476101802], [0.000655625481158, -0.00365061429329, 0.00283917179331, -0.0029942446854, 0.00353622739203, -0.00260500540026, 0.00399769376963, -0.00685011548921, 0.0136678209528, -0.00619335845113, 0.00355007336475, -0.000674139650073, -0.000990715809166], [-0.000624101085123, 0.00302169658244, -0.00190839625429, 0.0013562439708, -0.00297730742022, 3.56682794518e-05, -0.00080089236144, 0.00107092561666, -0.00619335845113, 0.016501089558, -0.00704385759309, -0.00106825830881, 0.00232158019207], [0.000929185887799, -0.00362398079596, 0.00242872000672, -0.00189643306658, 0.00313252303749, 0.000301911961287, -0.00135631440207, -0.00104476744309, 0.00355007336475, -0.00704385759309, 0.0140890143812, -0.00585416983813, -0.000149344574311], [-0.000566185743082, 0.00374015234411, -0.00308590405621, 0.00180149707012, -0.00244899769314, 0.00147983396892, -0.00103344139643, 0.0017356548924, -0.000674139650073, -0.00106825830881, -0.00585416983813, 0.0174248721451, -0.00490425806493], [0.000151988380821, -0.00135171448346, 0.00166951224674, -0.00150490680244, -0.000150688720169, 0.000218849643716, 0.00152826635167, 0.000192476101802, -0.000990715809166, 0.00232158019207, -0.000149344574311, -0.00490425806493, 0.0131697049364]]
    },
    "melbands": {
        "dmean": [0.000364392617485, 0.000385034305509, 0.000240528490394, 0.00027365249116, 0.000188468431588, 0.000130641477881, 0.000112446992716, 0.00013582163956, 0.000199264090043, 0.000173142892891, 0.000178495742148, 0.000112876063213, 9.43941122387e-05, 7.84302319516e-05, 7.47718004277e-05, 4.15220492869e-05, 4.35676374764e-05, 3.03628130496e-05, 2.53108937613e-05, 2.16886219278e-05, 1.98398920475e-05, 1.2342017726e-05, 7.06201126377e-06, 4.43145017925e-06, 3.5111975194e-06, 2.46554645855e-06, 1.91215917766e-06, 1.67102245996e-06, 1.27971395614e-06, 1.38446898745e-06, 1.62687683769e-06, 1.46154047798e-06, 1.13170153782e-06, 8.53919232213e-07, 8.00905183951e-07, 7.18089381735e-07, 3.26279433693e-07, 2.60926015017e-07, 2.85418423118e-07, 2.2601157923e-07],
        "dmean2": [0.000524720235262, 0.000590882787947, 0.00040395790711, 0.000449869985459, 0.00030961909215, 0.000210945101571, 0.000180845789146, 0.00021758103685, 0.000327185698552, 0.000287110568024, 0.00029744458152, 0.000184989912668, 0.000157343034516, 0.000131122695166, 0.00012520349992, 6.81821620674e-05, 7.1783317253e-05, 4.98834560858e-05, 4.13738634961e-05, 3.55584888894e-05, 3.31224291585e-05, 2.03417657758e-05, 1.179726587e-05, 7.47810327084e-06, 5.860436886e-06, 4.03126568926e-06, 3.18180991599e-06, 2.73725481748e-06, 2.10558982872e-06, 2.26181418839e-06, 2.57879310084e-06, 2.3182831228e-06, 1.78959908226e-06, 1.32990101065e-06, 1.21333653169e-06, 1.11020881377e-06, 5.06877370299e-07, 3.98545637381e-07, 4.38543622749e-07, 3.41295788076e-07],
        "dvar": [1.00583611129e-06, 1.75867489816e-06, 4.95822462199e-07, 2.74615018725e-07, 2.10967073144e-07, 9.73644631586e-08, 5.70652183285e-08, 1.24567904436e-07, 2.50287598647e-07, 2.49522628337e-07, 3.36102345955e-07, 9.14377196182e-08, 7.14880954433e-08, 4.90555045474e-08, 5.72190401726e-08, 1.25234072001e-08, 1.38788509574e-08, 8.15081246941e-09, 4.67366589874e-09, 4.87984097575e-09, 5.1754729391e-09, 9.04934738255e-10, 2.93326862799e-10, 1.23632659665e-10, 7.59896451319e-11, 4.10798998984e-11, 1.8585919262e-11, 1.34733942753e-11, 6.79539497589e-12, 7.19854514539e-12, 1.01494368465e-11, 7.4963429561e-12, 4.97996739332e-12, 3.27004352416e-12, 3.52662994293e-12, 5.19736510773e-12, 5.01051186218e-13, 3.84672572658e-13, 5.75193159161e-13, 4.03948819923e-13],
        "dvar2": [1.92378274733e-06, 3.85390148949e-06, 1.32464640501e-06, 7.15330827461e-07, 5.57115640731e-07, 2.5868399689e-07, 1.33624780574e-07, 3.15080058044e-07, 6.44245574222e-07, 6.96757126661e-07, 8.90718297342e-07, 2.49330355473e-07, 1.99173740612e-07, 1.37037829973e-07, 1.62907554113e-07, 3.37938281803e-08, 3.72354733713e-08, 2.12072457373e-08, 1.2243143388e-08, 1.2467966215e-08, 1.39774432029e-08, 2.3660984283e-09, 8.19865120238e-10, 3.36521699396e-10, 1.96001381791e-10, 1.11506255618e-10, 4.87726664611e-11, 3.52181721286e-11, 1.79023566804e-11, 1.80174330316e-11, 2.45314376451e-11, 1.75965197274e-11, 1.13824080369e-11, 7.30793377202e-12, 7.42272476123e-12, 1.17434638403e-11, 1.14484767152e-12, 8.17279403875e-13, 1.24468577806e-12, 8.99662505952e-13],
        "max": [0.0152375437319, 0.0260591469705, 0.0103226788342, 0.00880508683622, 0.0097161270678, 0.00673618586734, 0.00563486572355, 0.00801883358508, 0.00862375367433, 0.0124918939546, 0.0144871650264, 0.0076243840158, 0.00545267993584, 0.00544383749366, 0.00497950799763, 0.00280794268474, 0.0035426444374, 0.0025260259863, 0.00169325945899, 0.00185199943371, 0.00198275386356, 0.000804276904091, 0.000370256224414, 0.0002366136614, 0.000207755059819, 0.000306777423248, 0.000159118324518, 9.43863415159e-05, 6.26869077678e-05, 6.83068938088e-05, 6.82774116285e-05, 5.78146937187e-05, 5.56993654754e-05, 3.81659119739e-05, 3.7499510654e-05, 4.49383296655e-05, 1.50956666403e-05, 1.33498861032e-05, 2.36477662838e-05, 2.31840786e-05],
        "mean": [0.000743108743336, 0.000579387589823, 0.000319182436215, 0.000437047739979, 0.000297223828966, 0.000218568486162, 0.000188948659343, 0.00021185366495, 0.000325636065099, 0.000270555523457, 0.000299681094475, 0.00018676496984, 0.000147878192365, 0.000128903717268, 0.00012012913794, 6.98320800439e-05, 7.34186032787e-05, 4.90271304443e-05, 4.37980961578e-05, 4.21032564191e-05, 3.7856229028e-05, 2.31380927289e-05, 1.36184244184e-05, 8.60743057274e-06, 6.58747603666e-06, 4.92116760142e-06, 4.07051493312e-06, 3.60187050319e-06, 2.88637556878e-06, 3.04073182633e-06, 3.43702390637e-06, 3.02901548821e-06, 2.32598449657e-06, 1.72152056166e-06, 1.56314683863e-06, 1.28757619677e-06, 6.4617819362e-07, 5.10529446274e-07, 5.34638957106e-07, 4.42918462795e-07],
        "median": [0.000228641103604, 0.000200551061425, 0.000124637444969, 0.000178250673343, 0.000107061103336, 8.72132295626e-05, 8.07066389825e-05, 5.97615326114e-05, 5.59380387131e-05, 4.31398184446e-05, 3.51958624378e-05, 3.49257243215e-05, 2.33830724028e-05, 1.88938247447e-05, 1.61302541528e-05, 1.32491250042e-05, 1.34268739203e-05, 9.41530197451e-06, 6.67031235935e-06, 5.31036312168e-06, 4.72625833936e-06, 4.88263231091e-06, 3.22924643115e-06, 1.84176360563e-06, 1.2553302895e-06, 1.05515130144e-06, 8.8439475121e-07, 9.58525220085e-07, 9.41742882787e-07, 1.01249565887e-06, 1.20214781418e-06, 1.41180555602e-06, 1.14487386327e-06, 7.69378459609e-07, 5.57072212359e-07, 4.14364535573e-07, 2.57316060015e-07, 1.75433982008e-07, 1.69794134308e-07, 1.34696151122e-07],
        "min": [4.09377710157e-24, 1.86649538885e-24, 4.12360590454e-24, 6.68542498893e-24, 2.62463923371e-24, 8.02959663977e-24, 5.32984522611e-24, 3.21942773448e-24, 5.77660358358e-24, 6.89739506961e-24, 5.52708135723e-24, 7.03931903507e-24, 4.82382250985e-24, 1.40284665166e-23, 6.77710640334e-24, 6.76662875279e-24, 4.63639468079e-24, 7.52110005571e-24, 5.94583988572e-24, 3.56473463523e-24, 8.86326405555e-24, 9.24084601695e-24, 4.82692470536e-24, 9.1079978962e-24, 7.40675308978e-24, 4.98756518465e-24, 8.15371443688e-24, 7.57936216673e-24, 7.89155702541e-24, 9.35916410868e-24, 7.82128608484e-24, 7.68345472975e-24, 5.75334559751e-24, 8.84145126266e-24, 1.06369397037e-23, 9.06030731018e-24, 6.38430692065e-24, 9.28610927797e-24, 8.66684005673e-24, 8.87975834822e-24],
        "var": [3.12327233587e-06, 2.48204582931e-06, 4.49710285011e-07, 4.88768307605e-07, 3.43425284655e-07, 1.65352943782e-07, 1.09559401551e-07, 2.34769530039e-07, 6.2125735667e-07, 4.7128006031e-07, 8.05072659205e-07, 2.11314272747e-07, 1.30060257675e-07, 9.0912472217e-08, 1.05646698501e-07, 2.63873580764e-08, 3.10619228117e-08, 1.44096077292e-08, 9.71543467898e-09, 1.49411469863e-08, 1.4743129384e-08, 2.68443600682e-09, 7.84972919998e-10, 2.90603846542e-10, 1.7585738421e-10, 9.48028253123e-11, 5.26928431444e-11, 3.73049854896e-11, 1.93517632474e-11, 2.18623626147e-11, 3.03370904786e-11, 2.25175746105e-11, 1.42197278258e-11, 8.24706622438e-12, 8.31282091773e-12, 8.45327627341e-12, 1.1649691628e-12, 1.02533725867e-12, 1.59335337892e-12, 1.16152638722e-12]
    },
    "mfcc": {
        "mean": [-679.28692627, 120.89831543, -6.40865087509, 4.55984926224, -9.02188873291, 5.59427547455, -9.1982460022, 1.61597549915, -0.639211595058, -3.66384983063, -1.20307028294, -0.729230523109, -0.774334967136],
        "cov": [[9716.5859375, -1182.72644043, -194.913513184, 3.2208750248, 462.30065918, 843.276672363, 467.659515381, 671.944274902, 817.530029297, 495.881835938, 256.283447266, 68.7463302612, -180.165237427], [-1182.72644043, 1209.75671387, 391.793945312, 250.429412842, 87.293006897, 16.2878265381, 71.8451385498, -34.171333313, -79.0721435547, -20.1499080658, 10.8727588654, 35.3923187256, 1.43096864223], [-194.913513184, 391.793945312, 1197.71972656, 383.346313477, 289.984863281, 201.329849243, -31.177066803, 13.819231987, 29.2438964844, -55.381778717, 30.9421920776, 48.5431556702, 10.6998186111], [3.2208750248, 250.429412842, 383.346313477, 458.714752197, 217.24772644, 75.3100357056, 9.18912887573, 6.90610122681, 41.6442832947, -1.88713812828, -1.87710428238, 39.3153877258, 49.2534065247], [462.30065918, 87.293006897, 289.984863281, 217.24772644, 309.244781494, 125.500389099, -8.86508750916, 28.9612045288, 98.7487640381, 18.7017765045, -2.41248393059, 25.3327217102, 17.7910785675], [843.276672363, 16.2878265381, 201.329849243, 75.3100357056, 125.500389099, 258.749237061, 89.3198776245, 90.2143783569, 97.9259490967, 51.4048080444, 59.2878837585, 25.2020130157, -24.5542793274], [467.659515381, 71.8451385498, -31.177066803, 9.18912887573, -8.86508750916, 89.3198776245, 238.491195679, 94.1167984009, 22.4984760284, 56.17237854, 47.991027832, 20.5639457703, -17.8807907104], [671.944274902, -34.171333313, 13.819231987, 6.90610122681, 28.9612045288, 90.2143783569, 94.1167984009, 161.861694336, 96.6265640259, 58.7819328308, 47.3519935608, 16.493719101, -18.1421108246], [817.530029297, -79.0721435547, 29.2438964844, 41.6442832947, 98.7487640381, 97.9259490967, 22.4984760284, 96.6265640259, 208.802566528, 76.8453140259, 29.4624881744, 11.4917736053, -18.6875572205], [495.881835938, -20.1499080658, -55.381778717, -1.88713812828, 18.7017765045, 51.4048080444, 56.17237854, 58.7819328308, 76.8453140259, 131.297454834, 61.8885002136, 14.2312746048, -12.5568351746], [256.283447266, 10.8727588654, 30.9421920776, -1.87710428238, -2.41248393059, 59.2878837585, 47.991027832, 47.3519935608, 29.4624881744, 61.8885002136, 122.886871338, 41.8307037354, -6.37449502945], [68.7463302612, 35.3923187256, 48.5431556702, 39.3153877258, 25.3327217102, 25.2020130157, 20.5639457703, 16.493719101, 11.4917736053, 14.2312746048, 41.8307037354, 102.262001038, 41.3590393066], [-180.165237427, 1.43096864223, 10.6998186111, 49.2534065247, 17.7910785675, -24.5542793274, -17.8807907104, -18.1421108246, -18.6875572205, -12.5568351746, -6.37449502945, 41.3590393066, 106.466819763]],
