{
"lowlevel": {
    "average_loudness": 0.504078984261,
    "barkbands_crest": {
        "dmean": 2.53902053833,
        "dmean2": 4.09705448151,
        "dvar": 5.31313085556,
        "dvar2": 12.5377817154,
        "max": 25.9504890442,
        "mean": 8.99890804291,
        "median": 8.01343727112,
        "min": 2.26148724556,
        "var": 18.1152744293
    },
    "barkbands_flatness_db": {
        "dmean": 0.0171544700861,
        "dmean2": 0.0263068657368,
        "dvar": 0.000240763256443,
        "dvar2": 0.000519142486155,
        "max": 0.345170527697,
        "mean": 0.124787472188,
        "median": 0.116627000272,
        "min": 0.0352906249464,
        "var": 0.00188293168321
    },
    "barkbands_kurtosis": {
        "dmean": 1.20111918449,
        "dmean2": 1.8772996664,
        "dvar": 7.24710702896,
        "dvar2": 14.5302314758,
        "max": 115.11000061,
        "mean": 0.864378631115,
        "median": -0.16623544693,
        "min": -1.78639364243,
        "var": 17.8933792114
    },
    "barkbands_skewness": {
        "dmean": 0.393693298101,
        "dmean2": 0.596630632877,
        "dvar": 0.172422409058,
        "dvar2": 0.351784288883,
        "max": 9.7858877182,
        "mean": 0.558412075043,
        "median": 0.397729456425,
        "min": -2.25488615036,
        "var": 0.944777846336
    },
    "barkbands_spread": {
        "dmean": 5.34980535507,
        "dmean2": 8.24645996094,
        "dvar": 31.9427700043,
        "dvar2": 70.6142730713,
        "max": 99.558631897,
        "mean": 26.7506084442,
        "median": 25.8333644867,
        "min": 1.55586194992,
        "var": 167.509002686
    },
    "dissonance": {
        "dmean": 0.0160494297743,
        "dmean2": 0.0272730104625,
        "dvar": 0.000310450530378,
        "dvar2": 0.000825551862363,
        "max": 0.500000119209,
        "mean": 0.474958121777,
        "median": 0.481161296368,
        "min": 0,
        "var": 0.00053458311595
    },
    "dynamic_complexity": 3.8176419735,
    "erbbands_crest": {
        "dmean": 2.93331241608,
        "dmean2": 4.71631622314,
        "dvar": 7.61358976364,
        "dvar2": 18.2401065826,
        "max": 31.769613266,
        "mean": 10.1081666946,
        "median": 8.8907585144,
        "min": 2.25127434731,
        "var": 24.9782314301
    },
    "erbbands_flatness_db": {
        "dmean": 0.0169831309468,
        "dmean2": 0.0246246214956,
        "dvar": 0.000250778888585,
        "dvar2": 0.000476455228636,
        "max": 0.399537265301,
        "mean": 0.185739547014,
        "median": 0.178782105446,
        "min": 0.0668989568949,
        "var": 0.00253428239375
    },
    "erbbands_kurtosis": {
        "dmean": 1.06262874603,
        "dmean2": 1.67654657364,
        "dvar": 1.90917313099,
        "dvar2": 4.29978847504,
        "max": 22.406419754,
        "mean": 1.1626188755,
        "median": 0.605519175529,
        "min": -1.69794547558,
        "var": 4.57797002792
    },
    "erbbands_skewness": {
        "dmean": 0.347644209862,
        "dmean2": 0.52759885788,
        "dvar": 0.104644201696,
        "dvar2": 0.221319556236,
        "max": 4.43920898438,
        "mean": 0.230968818069,
        "median": 0.178485840559,
        "min": -2.70661234856,
        "var": 0.708038270473
    },
    "erbbands_spread": {
        "dmean": 5.76317691803,
        "dmean2": 8.65955543518,
        "dvar": 37.6074714661,
        "dvar2": 76.6919631958,
        "max": 93.6124191284,
        "mean": 27.3109550476,
        "median": 24.013256073,
        "min": 3.68260288239,
        "var": 177.220550537
    },
    "hfc": {
        "dmean": 6.30243635178,
        "dmean2": 9.2390460968,
        "dvar": 58.1125030518,
        "dvar2": 125.981895447,
        "max": 160.316009521,
        "mean": 27.1328296661,
        "median": 22.4990615845,
        "min": 1.07245713423e-16,
        "var": 486.526489258
    },
    "melbands_crest": {
        "dmean": 3.21530723572,
        "dmean2": 5.19125986099,
        "dvar": 8.57051944733,
        "dvar2": 20.7113990784,
        "max": 32.9698677063,
        "mean": 12.4103002548,
        "median": 11.2178373337,
        "min": 1.77434968948,
        "var": 29.8314723969
    },
    "melbands_flatness_db": {
        "dmean": 0.0197077970952,
        "dmean2": 0.0300219003111,
        "dvar": 0.000338426936651,
        "dvar2": 0.000696923816577,
        "max": 0.401967585087,
        "mean": 0.136518448591,
        "median": 0.131049752235,
        "min": 0.0053638741374,
        "var": 0.00211512809619
    },
    "melbands_kurtosis": {
        "dmean": 2.64498257637,
        "dmean2": 4.06629371643,
        "dvar": 30.7689113617,
        "dvar2": 59.5587615967,
        "max": 256.383056641,
        "mean": 4.11455488205,
        "median": 1.46485567093,
        "min": -1.76175260544,
        "var": 95.5037078857
    },
    "melbands_skewness": {
        "dmean": 0.505258023739,
        "dmean2": 0.763411641121,
        "dvar": 0.276693016291,
        "dvar2": 0.566198587418,
        "max": 13.0808820724,
        "mean": 1.37529087067,
        "median": 1.11755275726,
        "min": -1.40063679218,
        "var": 1.53145813942
    },
    "melbands_spread": {
        "dmean": 8.55624008179,
        "dmean2": 13.1204471588,
        "dvar": 109.706520081,
        "dvar2": 213.107025146,
        "max": 205.453704834,
        "mean": 40.028301239,
        "median": 38.682472229,
        "min": 1.123046875,
        "var": 496.711608887
    },
    "pitch_salience": {
        "dmean": 0.0628995001316,
        "dmean2": 0.101016439497,
        "dvar": 0.00304509000853,
        "dvar2": 0.00726668443531,
        "max": 0.988723099232,
        "mean": 0.566774010658,
        "median": 0.571984767914,
        "min": 0.111354984343,
        "var": 0.0138151077554
    },
    "silence_rate_20dB": {
        "dmean": 0,
        "dmean2": 0,
        "dvar": 0,
        "dvar2": 0,
        "max": 1,
        "mean": 1,
        "median": 1,
        "min": 1,
        "var": 0
    },
    "silence_rate_30dB": {
        "dmean": 0.00210945750587,
        "dmean2": 0.00421940907836,
        "dvar": 0.0021049536299,
        "dvar2": 0.00513934530318,
        "max": 1,
        "mean": 0.99824231863,
        "median": 1,
        "min": 0,
        "var": 0.00175452546682
    },
    "silence_rate_60dB": {
        "dmean": 0.0281260982156,
        "dmean2": 0.056258790195,
        "dvar": 0.0273367892951,
        "dvar2": 0.0598967373371,
        "max": 1,
        "mean": 0.139676585793,
        "median": 0,
        "min": 0,
        "var": 0.120180666447
    },
    "spectral_centroid": {
        "dmean": 227.81602478,
        "dmean2": 349.042999268,
        "dvar": 61174.5351562,
        "dvar2": 123073.085938,
        "max": 11124.5673828,
        "mean": 1945.05932617,
        "median": 1974.39038086,
        "min": 489.661010742,
        "var": 270010.75
    },
    "spectral_complexity": {
        "dmean": 3.37935066223,
        "dmean2": 5.17674636841,
        "dvar": 10.5417098999,
        "dvar2": 21.7951488495,
        "max": 51,
        "mean": 20.6965084076,
        "median": 20,
        "min": 0,
        "var": 105.011436462
    },
    "spectral_decrease": {
        "dmean": 1.38060141097e-09,
        "dmean2": 2.13081285949e-09,
        "dvar": 4.10357105416e-18,
        "dvar2": 9.5190348434e-18,
        "max": 5.14912477145e-29,
        "mean": -4.98958030448e-09,
        "median": -3.70469432909e-09,
        "min": -4.14377758773e-08,
        "var": 2.23256444375e-17
    },
    "spectral_energy": {
        "dmean": 0.00566691113636,
        "dmean2": 0.00868737045676,
        "dvar": 6.49941139272e-05,
        "dvar2": 0.000150004721945,
        "max": 0.170936971903,
        "mean": 0.0212929677218,
        "median": 0.0160964168608,
        "min": 9.53316204783e-21,
        "var": 0.000381056888727
    },
    "spectral_energyband_high": {
        "dmean": 0.000297502963804,
        "dmean2": 0.000421252218075,
        "dvar": 1.819013562e-07,
        "dvar2": 3.5925606312e-07,
        "max": 0.00770893925801,
        "mean": 0.000994780333713,
        "median": 0.000698453281075,
        "min": 7.10659137019e-21,
        "var": 9.97527649815e-07
    },
    "spectral_energyband_low": {
        "dmean": 0.0022035560105,
        "dmean2": 0.00348428892903,
        "dvar": 3.22170708387e-05,
        "dvar2": 7.39418901503e-05,
        "max": 0.101367205381,
        "mean": 0.00473588332534,
        "median": 0.000566358387005,
        "min": 3.64594470998e-23,
        "var": 9.2359543487e-05
    },
    "spectral_energyband_middle_high": {
        "dmean": 0.00355797959492,
        "dmean2": 0.00532391667366,
        "dvar": 2.60114284174e-05,
        "dvar2": 6.02646396146e-05,
        "max": 0.0973448455334,
        "mean": 0.0116217369214,
        "median": 0.00722731463611,
        "min": 1.24355083942e-21,
        "var": 0.000144428850035
    },
    "spectral_energyband_middle_low": {
        "dmean": 0.00228087301366,
        "dmean2": 0.00370953441598,
        "dvar": 2.44455641223e-05,
        "dvar2": 6.36427430436e-05,
        "max": 0.0895047858357,
        "mean": 0.00452541932464,
        "median": 0.00282459612936,
        "min": 1.95503600089e-22,
        "var": 3.85037565138e-05
    },
    "spectral_entropy": {
        "dmean": 0.125389382243,
        "dmean2": 0.178452178836,
        "dvar": 0.0165535621345,
        "dvar2": 0.0282180476934,
        "max": 9.7999048233,
        "mean": 7.74567079544,
        "median": 7.77453804016,
        "min": 6.16657066345,
        "var": 0.108414724469
    },
    "spectral_flux": {
        "dmean": 0.0189761519432,
        "dmean2": 0.0297715328634,
        "dvar": 0.000437574635725,
        "dvar2": 0.00100247748196,
        "max": 0.333654165268,
        "mean": 0.0801235586405,
        "median": 0.0735220313072,
        "min": 6.67650032482e-11,
        "var": 0.0021070537623
    },
    "spectral_kurtosis": {
        "dmean": 1.08074736595,
        "dmean2": 1.82754731178,
        "dvar": 0.983936786652,
        "dvar2": 2.76016306877,
        "max": 14.4439182281,
        "mean": 3.66290378571,
        "median": 3.49491429329,
        "min": -1.22130799294,
        "var": 2.81082129478
    },
    "spectral_rms": {
        "dmean": 0.000557998602744,
        "dmean2": 0.000838283158373,
        "dvar": 3.72723718556e-07,
        "dvar2": 7.73630063122e-07,
        "max": 0.0129138594493,
        "mean": 0.00408705696464,
        "median": 0.00396280456334,
        "min": 3.04969591247e-12,
        "var": 4.06958452004e-06
    },
    "spectral_rolloff": {
        "dmean": 506.95199585,
        "dmean2": 826.350708008,
        "dvar": 693402,
        "dvar2": 1368933.25,
        "max": 18884.6191406,
        "mean": 2394.61669922,
        "median": 2196.38671875,
        "min": 64.599609375,
        "var": 2028375
    },
    "spectral_skewness": {
        "dmean": 0.157043203712,
        "dmean2": 0.254396617413,
        "dvar": 0.0192039757967,
        "dvar2": 0.0468747168779,
        "max": 2.64686965942,
        "mean": 1.41435110569,
        "median": 1.41557252407,
        "min": -0.0327178575099,
        "var": 0.0791653767228
    },
    "spectral_spread": {
        "dmean": 399969.4375,
        "dmean2": 571974.5,
        "dvar": 361381691392,
        "dvar2": 589323239424,
        "max": 42560352,
        "mean": 4258838.5,
        "median": 4071702.5,
        "min": 2077125.875,
        "var": 1.53382577766e+12
    },
    "spectral_strongpeak": {
        "dmean": 1.05295133591,
        "dmean2": 1.74337947369,
        "dvar": 2.31567168236,
        "dvar2": 5.58635139465,
        "max": 15.1441287994,
        "mean": 1.95719468594,
        "median": 0.917955756187,
        "min": 0,
        "var": 5.05787658691
    },
    "zerocrossingrate": {
        "dmean": 0.0101907895878,
        "dmean2": 0.0116259809583,
        "dvar": 0.000186308738193,
        "dvar2": 0.00019815840642,
        "max": 0.51416015625,
        "mean": 0.0884703397751,
        "median": 0.08447265625,
        "min": 0.0068359375,
        "var": 0.00130372366402
    },
    "barkbands": {
        "dmean": [0.000150150983245, 0.00181754596997, 0.000728567014448, 0.00067619944457, 0.000359462748747, 0.000232950333157, 0.000603996624704, 0.000352237635525, 0.000695546565112, 0.00107074307743, 0.00140066724271, 0.000662657024805, 0.000755691959057, 0.000648166635074, 0.000912461371627, 0.000510469719302, 0.000325826433254, 0.000341863487847, 0.000187670812011, 0.000178839822183, 8.16423416836e-05, 5.51201592316e-05, 0.000100509219919, 5.77413738938e-05, 2.64808586508e-05, 9.05633532966e-06, 6.97974966712e-09],
        "dmean2": [0.000243007249082, 0.00283827492967, 0.00120645563584, 0.00122288498096, 0.000603305816185, 0.000385328487027, 0.000949170498643, 0.000569936295506, 0.00113410805352, 0.00171093037352, 0.0021857006941, 0.0010523754172, 0.00119205226656, 0.00103613862302, 0.00143187399954, 0.000797703454737, 0.000516861560754, 0.000544199487194, 0.000297898426652, 0.000275218713796, 0.000126591767184, 8.4640494606e-05, 0.000150625462993, 8.67394774104e-05, 3.91423163819e-05, 1.27589482872e-05, 1.19653238428e-08],
        "dvar": [1.39528324894e-07, 2.62582616415e-05, 5.20700132256e-06, 9.4631113825e-06, 8.46345642458e-07, 4.13780981035e-07, 2.9186746815e-06, 2.14571628021e-06, 4.80608559883e-06, 8.2538517745e-06, 1.10961709652e-05, 2.40739495894e-06, 4.2129445319e-06, 2.29463171308e-06, 4.15416479882e-06, 1.19450317015e-06, 5.52415599486e-07, 5.13930274337e-07, 8.38823268623e-08, 9.37496338338e-08, 2.53928877925e-08, 7.41521022363e-09, 2.28584173811e-08, 1.42099656486e-08, 2.98260682818e-09, 3.12751102793e-10, 3.11525910862e-14],
        "dvar2": [3.51242988472e-07, 5.50288859813e-05, 1.34543570312e-05, 2.73016103165e-05, 2.21936352318e-06, 1.06697996216e-06, 6.3448273977e-06, 5.07958247908e-06, 1.25711685541e-05, 2.04120842682e-05, 2.53524558502e-05, 5.70712518311e-06, 1.01943114714e-05, 5.41960616829e-06, 9.65749131865e-06, 2.77442404695e-06, 1.29181978537e-06, 1.33704895688e-06, 2.06980374173e-07, 2.10438187764e-07, 5.75441454487e-08, 1.66955977932e-08, 5.18809493144e-08, 2.88414661043e-08, 6.21314644178e-09, 6.15869466536e-10, 7.40177437029e-14],
        "max": [0.00444888137281, 0.0820932239294, 0.0455035604537, 0.0461355373263, 0.0194720588624, 0.0124206887558, 0.0592786297202, 0.0455972105265, 0.0664031505585, 0.0777008235455, 0.0510917082429, 0.0334705598652, 0.0460556782782, 0.0276211667806, 0.0385436527431, 0.0257314667106, 0.01596785523, 0.0256297029555, 0.00524730281904, 0.00621594954282, 0.00406623026356, 0.00156082503963, 0.00271925912239, 0.00346149224788, 0.00166597263888, 0.00067248439882, 1.31825809149e-05],
        "mean": [0.000185728102224, 0.00304438290186, 0.00111384235788, 0.000697679817677, 0.000569421739783, 0.000347009045072, 0.000995928654447, 0.000492159160785, 0.00106886727735, 0.00175026198849, 0.00232581607997, 0.0011562013533, 0.00124848529231, 0.00107296090573, 0.00147604069207, 0.000901788182091, 0.000593272736296, 0.000679027289152, 0.000400921649998, 0.000381018326152, 0.000182542789844, 0.000127027233248, 0.000271140423138, 0.000137878072564, 5.77408827667e-05, 1.57760423463e-05, 5.40261302362e-09],
        "median": [1.02116919152e-05, 0.00019533521845, 0.000150960404426, 0.000134491201607, 0.000323422893416, 0.00011346161773, 0.000258960935753, 0.000129414678668, 0.000230040051974, 0.000278604973573, 0.000321439409163, 0.000350677815732, 0.000289220857667, 0.000295660924166, 0.000389418069972, 0.000322207633872, 0.000273122830549, 0.000321697851177, 0.000231624318985, 0.000189830941963, 9.85123115242e-05, 7.78052781243e-05, 0.000156664609676, 8.73134849826e-05, 3.44153049809e-05, 8.04383398645e-06, 4.82635043042e-10],
        "min": [5.31937664747e-24, 1.97842260284e-23, 5.33746562245e-24, 8.22974406206e-24, 1.68528536145e-23, 3.50661104819e-23, 1.03044024889e-23, 4.51408739835e-23, 1.53262973224e-23, 3.53535966393e-23, 3.0788752037e-23, 2.92601289293e-23, 5.74438792416e-23, 7.18725806493e-23, 4.5087395525e-23, 1.62494845159e-22, 9.7265413654e-23, 1.16388613687e-22, 2.39363193569e-22, 2.87264973435e-22, 2.590492995e-22, 4.73657987376e-22, 6.23973526978e-22, 8.06040604419e-22, 9.6860830246e-22, 1.26260214582e-21, 2.17284615138e-21],
        "var": [2.19146272684e-07, 5.95728924964e-05, 5.39289294466e-06, 5.80373762205e-06, 9.70791006694e-07, 6.40544101316e-07, 6.76732679494e-06, 3.68738437828e-06, 1.03705278889e-05, 1.88300291484e-05, 2.9085078495e-05, 6.82861946188e-06, 9.583532119e-06, 5.4800466387e-06, 8.45294471219e-06, 2.72206489171e-06, 1.13629812404e-06, 1.07058815502e-06, 2.44372529323e-07, 2.68652428304e-07, 7.25492625975e-08, 2.35333352805e-08, 1.03068458657e-07, 3.63606851295e-08, 6.81345557751e-09, 6.95540458562e-10, 2.6177349947e-14]
    },
    "erbbands": {
        "dmean": [0.0633967518806, 0.398503005505, 0.819895982742, 1.56888759136, 1.68718004227, 1.13429045677, 1.20986092091, 2.47221565247, 6.63261175156, 8.647315979, 8.16911125183, 14.7099790573, 25.4726924896, 52.5091362, 37.5229225159, 20.4949817657, 32.296245575, 28.0305976868, 40.6645469666, 35.5385055542, 25.0106010437, 17.2538051605, 19.4364891052, 11.5900793076, 7.38139343262, 8.36818122864, 4.57229375839, 2.40983963013, 1.7849957943, 2.84997582436, 2.86773490906, 1.62215960026, 0.761111915112, 0.363483428955, 0.171271026134, 0.0667726919055, 0.0106848524883, 0.000353121140506, 1.28959627546e-05, 7.33230126571e-06],
        "dmean2": [0.096847102046, 0.64630317688, 1.37086367607, 2.71599698067, 2.93341064453, 1.91732609272, 2.00942516327, 4.07112503052, 10.4524774551, 13.6165742874, 12.8468456268, 23.6962909698, 40.8635025024, 81.6861038208, 58.5675621033, 32.4728660583, 50.764251709, 43.8254241943, 62.5649108887, 55.6665496826, 38.819278717, 27.0989780426, 30.7262516022, 18.3701038361, 11.5782270432, 12.7791957855, 7.1637506485, 3.68495416641, 2.73568201065, 4.33187627792, 4.34950971603, 2.4216427803, 1.13357615471, 0.53834092617, 0.249940514565, 0.0920419916511, 0.0162643641233, 0.000564768677577, 1.91691924556e-05, 1.09798811536e-05],
        "dvar": [0.0410038493574, 1.31431365013, 7.9551153183, 37.9450798035, 38.5764083862, 9.13126468658, 12.2379083633, 47.9384536743, 339.663208008, 625.944458008, 1147.45593262, 2816.47729492, 6571.18457031, 14727.5273438, 7458.52539062, 2003.18225098, 8395.70898438, 4041.24462891, 7512.27978516, 6102.51611328, 2923.57128906, 1395.77978516, 1837.60693359, 328.841308594, 136.164123535, 255.850311279, 82.9130325317, 21.2056522369, 7.70451402664, 21.1890926361, 18.8824291229, 9.92511463165, 2.56390810013, 0.633407831192, 0.111411117017, 0.0147440768778, 0.000891728850547, 6.39163909e-06, 3.03535130364e-09, 9.22434420514e-11],
        "dvar2": [0.0831425860524, 2.9929959774, 21.1828250885, 104.987968445, 106.707054138, 23.3606319427, 31.2483634949, 123.354370117, 796.702941895, 1378.06018066, 2614.0949707, 7106.98730469, 17701.0234375, 34034.5, 17548.9160156, 4713.76904297, 20732.46875, 9378.88867188, 17346.2636719, 14321.9970703, 6763.41455078, 3327.65380859, 4758.50683594, 820.869873047, 324.691162109, 563.917907715, 205.82850647, 46.8905181885, 16.8804225922, 47.9771881104, 43.9954795837, 20.625125885, 5.30284833908, 1.37049603462, 0.224010095, 0.0277711413801, 0.0020183166489, 1.69945633388e-05, 7.70307817533e-09, 2.06347702814e-10],
        "max": [3.48425078392, 16.6804542542, 57.284236908, 96.8910446167, 93.6238632202, 60.4594688416, 145.022125244, 140.266387939, 456.43170166, 753.576538086, 990.81652832, 1987.66052246, 3018.76879883, 2232.30664062, 1460.58117676, 1017.45635986, 1910.89953613, 1308.02319336, 1368.96362305, 1920.86694336, 1136.34326172, 964.510437012, 1501.49707031, 321.325439453, 248.747879028, 397.500640869, 241.982299805, 157.450637817, 50.3630752563, 91.3930282593, 90.5129241943, 102.027893066, 37.1666259766, 23.7648143768, 7.76376485825, 2.99149036407, 1.39407062531, 0.179494395852, 0.00293301069178, 0.000206772616366],
        "mean": [0.0999817028642, 0.628898978233, 1.28228616714, 2.03479075432, 2.07796001434, 1.69831073284, 1.73040139675, 3.84760499001, 10.8887252808, 13.4390974045, 12.2285327911, 22.872428894, 42.9124641418, 94.3544845581, 68.6741867065, 38.565196991, 55.9634056091, 51.4678993225, 72.7157440186, 63.0194969177, 50.3998908997, 36.2934799194, 39.6177864075, 25.7581443787, 17.4806346893, 18.0622444153, 10.373333931, 5.63165950775, 4.27421331406, 7.00323867798, 7.55585336685, 3.9136838913, 1.78950512409, 0.805947721004, 0.336857229471, 0.122937165201, 0.0167562477291, 0.000470805622172, 3.41559971275e-05, 2.98745617329e-05],
        "median": [0.00389192672446, 0.0437193885446, 0.168819412589, 0.37585324049, 0.882864356041, 0.894430339336, 0.860989689827, 1.21135306358, 3.35749745369, 3.70010471344, 3.35606098175, 4.93964719772, 10.6127586365, 15.503993988, 15.5450706482, 13.4538993835, 14.8514461517, 16.4528942108, 24.9710884094, 23.5146102905, 21.9074440002, 17.5038661957, 18.3928642273, 15.5611190796, 11.1198215485, 9.09094429016, 5.3643913269, 3.34738349915, 2.73308706284, 4.01060581207, 4.34821987152, 2.48326063156, 1.07710433006, 0.480214416981, 0.186740040779, 0.0649551898241, 0.00816733483225, 0.00020426439005, 2.59354255832e-05, 2.36881860474e-05],
        "min": [6.49207129987e-22, 2.27021314507e-21, 6.63120162487e-21, 2.23190632205e-20, 3.86222486411e-20, 4.85462317179e-20, 2.03462778492e-19, 2.10832453687e-19, 1.69859134794e-19, 3.55454682808e-19, 1.10631374423e-18, 6.19665760583e-19, 1.03855296961e-18, 1.16334443535e-18, 1.47132321615e-18, 1.93843841531e-18, 3.00962097175e-18, 2.6335286238e-18, 3.84261376888e-18, 4.48108718674e-18, 8.56903610786e-18, 6.02554257822e-18, 7.11319988413e-18, 1.43827203604e-17, 1.2242723052e-17, 1.39371694496e-17, 1.28834803156e-17, 1.00541586612e-17, 1.51646591565e-17, 1.7150132509e-17, 1.85735300179e-17, 1.51192684476e-17, 1.49448177108e-17, 1.05647110789e-17, 7.21297854552e-18, 4.05131061024e-18, 2.08218896409e-18, 1.05471214967e-18, 3.40977057535e-19, 3.00581924965e-20],
        "var": [0.0860873237252, 2.41413378716, 8.01743984222, 28.5878105164, 27.3366336823, 12.4993963242, 14.3864955902, 82.3647613525, 716.963134766, 1212.09143066, 2091.01220703, 5689.53955078, 13374.3603516, 41659.8359375, 20765.0195312, 5369.21826172, 18616.5371094, 9133.86230469, 16515.8554688, 12292.6269531, 7802.10888672, 3453.51342773, 3872.2565918, 912.867736816, 422.352172852, 696.917053223, 257.917510986, 56.4985961914, 24.6185436249, 79.8429260254, 79.2743453979, 25.9584159851, 6.51131105423, 1.39312815666, 0.253405928612, 0.0351385958493, 0.00143085222226, 5.52897336092e-06, 3.26469362655e-09, 6.28173457695e-10]
    },
    "gfcc": {
        "mean": [-7.86372995377, 57.829044342, -161.915313721, 30.6046009064, -67.5826873779, 29.2650527954, -44.5833320618, 14.5175666809, -24.7978248596, -2.20790290833, -14.4983892441, -2.84109926224, -10.2663812637],
        "cov": [[4491.81494141, 395.861419678, 451.035461426, 746.185424805, 514.982299805, 584.652587891, 329.834442139, 286.170318604, 130.747787476, 30.0496253967, 99.418182373, 50.6980514526, 10.2084541321], [395.861419678, 1143.11181641, 747.271179199, 614.037963867, 459.449432373, 114.284347534, 81.119644165, 20.0169487, 45.1444778442, -2.42962694168, 104.598846436, -31.3267822266, 3.24737691879], [451.035461426, 747.271179199, 1179.53173828, 718.518005371, 374.242279053, 156.772857666, -15.2308883667, 52.9624481201, -5.2015247345, 69.4755401611, 10.0670900345, 22.6866836548, -70.0294418335], [746.185424805, 614.037963867, 718.518005371, 755.192749023, 407.31729126, 183.198547363, 42.4924087524, 60.9691162109, 66.1890869141, 8.04070091248, 60.8610343933, 8.85591125488, 8.95690441132], [514.982299805, 459.449432373, 374.242279053, 407.31729126, 428.146240234, 205.264282227, 122.436393738, 73.740737915, 41.3387374878, 22.5975399017, 35.3660697937, 9.68532848358, 13.8345556259], [584.652587891, 114.284347534, 156.772857666, 183.198547363, 205.264282227, 336.00592041, 214.832748413, 43.8640480042, 19.5389213562, 23.4634361267, 33.5680541992, 10.3155164719, 8.32373809814], [329.834442139, 81.119644165, -15.2308883667, 42.4924087524, 122.436393738, 214.832748413, 262.12902832, 71.0655975342, 25.3661460876, 16.8460578918, 26.8119010925, 6.86341524124, 22.0451107025], [286.170318604, 20.0169487, 52.9624481201, 60.9691162109, 73.740737915, 43.8640480042, 71.0655975342, 158.063049316, 74.6659164429, 17.0852680206, -8.25326061249, 8.6743850708, 20.2922306061], [130.747787476, 45.1444778442, -5.2015247345, 66.1890869141, 41.3387374878, 19.5389213562, 25.3661460876, 74.6659164429, 140.398651123, 31.0587711334, 32.2751197815, -1.09250688553, 17.8501644135], [30.0496253967, -2.42962694168, 69.4755401611, 8.04070091248, 22.5975399017, 23.4634361267, 16.8460578918, 17.0852680206, 31.0587711334, 116.37272644, 28.2004413605, 19.5790405273, -27.3430137634], [99.418182373, 104.598846436, 10.0670900345, 60.8610343933, 35.3660697937, 33.5680541992, 26.8119010925, -8.25326061249, 32.2751197815, 28.2004413605, 139.122879028, 17.1052856445, 7.34144067764], [50.6980514526, -31.3267822266, 22.6866836548, 8.85591125488, 9.68532848358, 10.3155164719, 6.86341524124, 8.6743850708, -1.09250688553, 19.5790405273, 17.1052856445, 72.4724655151, 19.078130722], [10.2084541321, 3.24737691879, -70.0294418335, 8.95690441132, 13.8345556259, 8.32373809814, 22.0451107025, 20.2922306061, 17.8501644135, -27.3430137634, 7.34144067764, 19.078130722, 90.2995986938]],
        "icov": [[0.000387074862374, -0.000179788563401, 0.000421892473241, -0.000591726973653, 0.000325985747622, -0.000855169782881, 0.000417850009399, -0.000895501638297, 0.000363489292795, -6.87681749696e-05, 2.70609907602e-05, -0.000365665124264, 0.0004590798344], [-0.000179788563401, 0.00370910577476, -0.00254912138917, 0.000779490859713, -0.00338642532006, 0.00357662257738, -0.00297906645574, 0.00281168171205, -0.0015899912687, 0.00173292041291, -0.0023232831154, 0.0027553406544, -0.00143691815902], [0.000421892473241, -0.00254912138917, 0.00492711458355, -0.00397026585415, 0.00264511397108, -0.00335976225324, 0.00312530132942, -0.00359784811735, 0.00318660680205, -0.00280457199551, 0.00232152431272, -0.00275945174508, 0.003123966977], [-0.000591726973653, 0.000779490859713, -0.00397026585415, 0.00722468225285, -0.00409414991736, 0.00110092677642, -8.15043822513e-05, 0.00260492810048, -0.00343055929989, 0.00280391308479, -0.00191742891911, 0.00147924432531, -0.00242597027682], [0.000325985747622, -0.00338642532006, 0.00264511397108, -0.00409414991736, 0.00946675147861, -0.00507217599079, 0.0019755277317, -0.00414476264268, 0.00245321705006, -0.00249830493703, 0.00227424339391, -0.0023633709643, 0.00108166411519], [-0.000855169782881, 0.00357662257738, -0.00335976225324, 0.00110092677642, -0.00507217599079, 0.0131221273914, -0.0100059844553, 0.00593302957714, -0.00234164716676, 0.00143115001265, -0.00189026095904, 0.00254312274046, -0.00155707343947], [0.000417850009399, -0.00297906645574, 0.00312530132942, -8.15043822513e-05, 0.0019755277317, -0.0100059844553, 0.0132496356964, -0.00658242730424, 0.00283503322862, -0.0018628136022, 0.000606709509157, -0.00158863386605, 0.000517766166013], [-0.000895501638297, 0.00281168171205, -0.00359784811735, 0.00260492810048, -0.00414476264268, 0.00593302957714, -0.00658242730424, 0.0150283416733, -0.00803535431623, 0.00162274762988, 0.000976516574156, 0.00117801630404, -0.00297906901687], [0.000363489292795, -0.0015899912687, 0.00318660680205, -0.00343055929989, 0.00245321705006, -0.00234164716676, 0.00283503322862, -0.00803535431623, 0.0137912658975, -0.00470995018259, -0.00122703250963, 0.00108031288255, -0.000499646936078], [-6.87681749696e-05, 0.00173292041291, -0.00280457199551, 0.00280391308479, -0.00249830493703, 0.00143115001265, -0.0018628136022, 0.00162274762988, -0.00470995018259, 0.0136592341587, -0.00308862212114, -0.00255928351544, 0.00369219854474], [2.70609907602e-05, -0.0023232831154, 0.00232152431272, -0.00191742891911, 0.00227424339391, -0.00189026095904, 0.000606709509157, 0.000976516574156, -0.00122703250963, -0.00308862212114, 0.0107238180935, -0.0036327696871, 0.000732301210519], [-0.000365665124264, 0.0027553406544, -0.00275945174508, 0.00147924432531, -0.0023633709643, 0.00254312274046, -0.00158863386605, 0.00117801630404, 0.00108031288255, -0.00255928351544, -0.0036327696871, 0.0192615743726, -0.00685639260337], [0.0004590798344, -0.00143691815902, 0.003123966977, -0.00242597027682, 0.00108166411519, -0.00155707343947, 0.000517766166013, -0.00297906901687, -0.000499646936078, 0.00369219854474, 0.000732301210519, -0.00685639260337, 0.0168640650809]]
    },
    "melbands": {
        "dmean": [0.000529192795511, 0.000420554773882, 0.000272339355433, 9.25793865463e-05, 4.39523682871e-05, 5.43844907952e-05, 0.000110133740236, 9.0982823167e-05, 6.80436496623e-05, 0.000101672383607, 0.000131578563014, 0.000210479207453, 0.000160938565386, 7.67372257542e-05, 5.08921766595e-05, 8.75288023963e-05, 5.25692412339e-05, 6.69116343488e-05, 7.46115401853e-05, 3.42696621374e-05, 3.24620013998e-05, 2.1293246391e-05, 1.68453334481e-05, 1.75914301508e-05, 1.03277925518e-05, 5.99417035119e-06, 6.52930339129e-06, 6.33025183561e-06, 3.60520243703e-06, 1.94004996956e-06, 1.40222118716e-06, 1.08090171125e-06, 1.26704446757e-06, 1.97574013328e-06, 1.96953124032e-06, 1.51382960212e-06, 9.77191575657e-07, 5.9868250446e-07, 4.73256420719e-07, 2.92315348815e-07],
        "dmean2": [0.000809289864264, 0.000700705742929, 0.00046891006059, 0.000158775495947, 7.20762764104e-05, 8.93678879947e-05, 0.00017266717623, 0.000144259203807, 0.000107951418613, 0.000165064368048, 0.00021141191246, 0.000328171328874, 0.000250276498264, 0.000121240707813, 8.10507044662e-05, 0.000137924274895, 8.27503754408e-05, 0.000104376667878, 0.000115987531899, 5.35234903509e-05, 5.0680610002e-05, 3.35823860951e-05, 2.6781563065e-05, 2.78198749584e-05, 1.65709734574e-05, 9.64416994975e-06, 1.02851872725e-05, 9.72236193775e-06, 5.67388906347e-06, 3.07245454678e-06, 2.19721869144e-06, 1.6931405753e-06, 1.98526322492e-06, 3.07083496409e-06, 3.0646108371e-06, 2.34218055084e-06, 1.4964367665e-06, 9.16935846362e-07, 7.35934406748e-07, 4.42548525825e-07],
        "dvar": [2.46581248575e-06, 1.87933062534e-06, 1.18773039048e-06, 7.00688715938e-08, 1.47170853282e-08, 2.26410019621e-08, 9.197894002e-08, 7.01435851624e-08, 7.32440028628e-08, 1.19982018987e-07, 1.75578136918e-07, 2.36261541886e-07, 1.52014621335e-07, 3.5082354799e-08, 1.59690412005e-08, 6.51100648952e-08, 1.57658579525e-08, 2.27785417195e-08, 3.07900727137e-08, 7.17220105528e-09, 6.51140652508e-09, 2.54431498092e-09, 2.05122763219e-09, 1.17515108755e-09, 2.94460317241e-10, 8.68462454728e-11, 1.42084427557e-10, 1.63467725467e-10, 5.94557875155e-11, 1.98785519295e-11, 6.41772052168e-12, 2.81437026461e-12, 4.97258441021e-12, 1.08543582109e-11, 9.7124695439e-12, 5.70972782943e-12, 4.37689034322e-12, 1.42478639564e-12, 1.16852220174e-12, 4.12531228795e-13],
        "dvar2": [5.08516905029e-06, 4.92381741424e-06, 3.24976781485e-06, 1.90530258237e-07, 3.60065328664e-08, 5.8174649098e-08, 2.06959967386e-07, 1.59187848681e-07, 1.68228226016e-07, 3.04764085968e-07, 4.72767084148e-07, 5.4761261481e-07, 3.55469353508e-07, 8.28912192219e-08, 3.63648666735e-08, 1.58628623126e-07, 3.66555035214e-08, 5.2497018288e-08, 7.06665375105e-08, 1.59987152415e-08, 1.48898280372e-08, 6.08336847563e-09, 5.45068212787e-09, 2.81273804248e-09, 7.38318850502e-10, 2.13386613934e-10, 3.34010985537e-10, 3.64404617592e-10, 1.4922689473e-10, 4.65587533804e-11, 1.48727991728e-11, 6.44669604158e-12, 1.21156817218e-11, 2.565734257e-11, 2.43409667422e-11, 1.30940727011e-11, 9.47640143439e-12, 3.01321988194e-12, 2.66603210862e-12, 9.11060831811e-13],
        "max": [0.0257055815309, 0.0281877983361, 0.0169200394303, 0.00341687793843, 0.00530876917765, 0.00281218695454, 0.00922838877887, 0.00667967321351, 0.00759644806385, 0.0122938062996, 0.0154343275353, 0.00871946942061, 0.00648896070197, 0.00459828460589, 0.00389022612944, 0.00652721570805, 0.00297318189405, 0.00268594408408, 0.00334936752915, 0.00271453196183, 0.00183435401414, 0.00133689295035, 0.00182817003224, 0.000674630922731, 0.000314332719427, 0.000180878821993, 0.000270827440545, 0.000318816979416, 0.000245735544013, 0.000178137444891, 7.95511732576e-05, 3.10786490445e-05, 5.33153688593e-05, 7.10942331352e-05, 7.29346938897e-05, 4.02193472837e-05, 6.91902605467e-05, 3.03744382109e-05, 2.8670679967e-05, 2.39913260884e-05],
        "mean": [0.000869191600941, 0.000742306932807, 0.000357820186764, 0.000134481015266, 6.41516744508e-05, 8.36289764266e-05, 0.000183756987099, 0.000141058902955, 9.62446938502e-05, 0.000156595735461, 0.000211494829273, 0.000372277572751, 0.000278192979749, 0.000135981288622, 8.18479675218e-05, 0.000144800345879, 8.80451043486e-05, 0.0001138690277, 0.000119329422887, 5.92218384554e-05, 5.9448844695e-05, 3.87929903809e-05, 3.23578060488e-05, 3.27959605784e-05, 2.00945160032e-05, 1.24634379972e-05, 1.28475448946e-05, 1.20700842672e-05, 7.28391705707e-06, 3.95234610551e-06, 2.94413075608e-06, 2.26332667808e-06, 2.66809229288e-06, 4.49889830634e-06, 4.69286669613e-06, 3.32233776135e-06, 2.02955607165e-06, 1.29164197915e-06, 9.44456132856e-07, 5.82697396112e-07],
        "median": [4.71959574497e-05, 8.47666015034e-05, 7.99689805717e-05, 6.95736525813e-05, 3.17474987241e-05, 2.5825069315e-05, 5.39130269317e-05, 4.04312522733e-05, 2.17194046854e-05, 3.20542712871e-05, 4.37205962953e-05, 5.8765981521e-05, 4.80716407765e-05, 3.9169601223e-05, 2.46240779234e-05, 3.23183558066e-05, 2.39172040892e-05, 3.42752500728e-05, 3.02380558423e-05, 1.86427569133e-05, 2.2587053536e-05, 1.68753704202e-05, 1.39646290336e-05, 1.46944330481e-05, 1.0648429452e-05, 7.94501283963e-06, 6.4785763243e-06, 5.04456420458e-06, 3.35569211529e-06, 2.09042332244e-06, 1.74974593392e-06, 1.3955848317e-06, 1.49976369812e-06, 2.35961124417e-06, 2.5421754799e-06, 1.9852591322e-06, 1.19112439734e-06, 7.44428689359e-07, 5.14840394317e-07, 3.25124915435e-07],
        "min": [6.13502569131e-24, 3.09207126892e-24, 3.43513583255e-24, 3.05609033696e-24, 7.1538718937e-24, 5.74735853767e-24, 2.48749635699e-24, 4.80711522473e-24, 8.04187131546e-24, 3.29113519076e-24, 5.51923889654e-24, 3.75851476672e-24, 4.86247866635e-24, 3.01988970724e-24, 8.4780033221e-24, 3.37814694304e-24, 5.22730750793e-24, 6.45308060323e-24, 2.84988525178e-24, 1.12775476124e-23, 9.68245350713e-24, 5.76580131677e-24, 5.89960790351e-24, 6.24865637154e-24, 1.29007385766e-23, 7.47677396145e-24, 7.30132498524e-24, 8.8260282431e-24, 9.44426957858e-24, 5.61370420108e-24, 5.38537353966e-24, 7.74304291595e-24, 9.21656330056e-24, 8.52802972527e-24, 1.04757028456e-23, 1.01790722125e-23, 8.45218390467e-24, 1.03104222864e-23, 1.08885689775e-23, 7.90005069078e-24],
        "var": [5.42916995983e-06, 2.53247026194e-06, 8.91320098617e-07, 6.33730792288e-08, 2.03884304995e-08, 3.70805146588e-08, 2.08484379982e-07, 1.28104986175e-07, 1.28807144506e-07, 2.52300509374e-07, 3.50501437651e-07, 6.51568768717e-07, 4.00434942094e-07, 1.07928187276e-07, 3.33562404364e-08, 1.48966677216e-07, 3.38145227374e-08, 5.10952382626e-08, 6.29225169746e-08, 1.57005697332e-08, 1.62868492026e-08, 5.34738919811e-09, 3.93018240175e-09, 2.42965869646e-09, 7.30361493506e-10, 2.22330126531e-10, 3.60808161126e-10, 4.13130529786e-10, 1.81737971894e-10, 4.52475244772e-11, 1.47026106567e-11, 7.19954868292e-12, 1.39304141139e-11, 3.62594954062e-11, 3.44111093786e-11, 1.62203167564e-11, 9.46902539017e-12, 3.52266718399e-12, 2.26226806385e-12, 8.35859430715e-13]
    },
    "mfcc": {
        "mean": [-633.069702148, 80.6874008179, -29.4570217133, 1.13615369797, 0.593884348869, 3.97216105461, -1.6687015295, 9.68748760223, -4.98158597946, 5.91947698593, -6.20973920822, -1.16794872284, 0.0114439595491],
        "cov": [[3757.74902344, -49.6629333496, 217.011016846, 286.426696777, 355.892059326, 372.064697266, 380.809997559, 406.282165527, 181.010665894, 279.05355835, 64.7666015625, 43.2379112244, 124.1822052], [-49.6629333496, 771.137695312, 367.2109375, 409.726318359, 310.877441406, 152.33531189, 146.647506714, 52.5280761719, 6.97522449493, 41.7118682861, 49.6669540405, 31.5791053772, 12.9631471634], [217.011016846, 367.2109375, 828.17980957, 510.741638184, 380.529327393, 194.895477295, 110.922889709, 48.3179130554, 5.44669628143, 28.305015564, 34.4905014038, 75.3184661865, 32.7529792786], [286.426696777, 409.726318359, 510.741638184, 613.252929688, 424.765594482, 159.063064575, 94.9363708496, 77.1909637451, 32.7480163574, 42.228427887, 11.3812074661, 56.5325660706, 48.179813385], [355.892059326, 310.877441406, 380.529327393, 424.765594482, 436.230895996, 159.714996338, 100.889053345, 86.8044509888, 37.7280769348, 56.9095001221, 16.2375888824, 40.0938911438, 39.1899528503], [372.064697266, 152.33531189, 194.895477295, 159.063064575, 159.714996338, 326.044647217, 196.280944824, 98.8940811157, 34.1440353394, 67.7937469482, 40.9563980103, 16.9198703766, 24.540014267], [380.809997559, 146.647506714, 110.922889709, 94.9363708496, 100.889053345, 196.280944824, 250.711181641, 118.520263672, 42.6656646729, 61.7065086365, 41.8188476562, 6.95301818848, 10.2142553329], [406.282165527, 52.5280761719, 48.3179130554, 77.1909637451, 86.8044509888, 98.8940811157, 118.520263672, 168.816055298, 82.4754257202, 63.0481796265, 11.8087596893, 8.85014152527, 14.5795259476], [181.010665894, 6.97522449493, 5.44669628143, 32.7480163574, 37.7280769348, 34.1440353394, 42.6656646729, 82.4754257202, 170.737533569, 48.4328727722, 20.4333057404, 12.0829277039, -4.33471155167], [279.05355835, 41.7118682861, 28.305015564, 42.228427887, 56.9095001221, 67.7937469482, 61.7065086365, 63.0481796265, 48.4328727722, 117.665786743, 41.5055541992, 18.3274784088, 15.7551383972], [64.7666015625, 49.6669540405, 34.4905014038, 11.3812074661, 16.2375888824, 40.9563980103, 41.8188476562, 11.8087596893, 20.4333057404, 41.5055541992, 103.486457825, 49.6173858643, 15.4878044128], [43.2379112244, 31.5791053772, 75.3184661865, 56.5325660706, 40.0938911438, 16.9198703766, 6.95301818848, 8.85014152527, 12.0829277039, 18.3274784088, 49.6173858643, 104.666511536, 44.9553222656], [124.1822052, 12.9631471634, 32.7529792786, 48.179813385, 39.1899528503, 24.540014267, 10.2142553329, 14.5795259476, -4.33471155167, 15.7551383972, 15.4878044128, 44.9553222656, 93.2476806641]],
