{
"lowlevel": {
    "average_loudness": 0.138814151287,
    "barkbands_crest": {
        "dmean": 2.3906712532,
        "dmean2": 3.87638902664,
        "dvar": 4.78589916229,
        "dvar2": 11.7501049042,
        "max": 26.8656616211,
        "mean": 10.9057998657,
        "median": 10.1518497467,
        "min": 2.7002491951,
        "var": 17.6855678558
    },
    "barkbands_flatness_db": {
        "dmean": 0.0178777780384,
        "dmean2": 0.0278578642756,
        "dvar": 0.000316413585097,
        "dvar2": 0.000736686051823,
        "max": 0.470233827829,
        "mean": 0.162778452039,
        "median": 0.159709244967,
        "min": 0.0488921180367,
        "var": 0.00231741624884
    },
    "barkbands_kurtosis": {
        "dmean": 3.36512422562,
        "dmean2": 5.50964355469,
        "dvar": 1190.50866699,
        "dvar2": 3491.8371582,
        "max": 2267.42822266,
        "mean": 6.08636760712,
        "median": 2.93151092529,
        "min": -1.91174256802,
        "var": 702.006835938
    },
    "barkbands_skewness": {
        "dmean": 0.480511724949,
        "dmean2": 0.741936087608,
        "dvar": 0.671813130379,
        "dvar2": 1.61802411079,
        "max": 44.5234603882,
        "mean": 1.72118449211,
        "median": 1.58585715294,
        "min": -4.90307474136,
        "var": 1.77273416519
    },
    "barkbands_spread": {
        "dmean": 4.4769692421,
        "dmean2": 6.89815950394,
        "dvar": 55.4993476868,
        "dvar2": 119.690132141,
        "max": 101.424293518,
        "mean": 19.3504447937,
        "median": 14.0510540009,
        "min": 0.166890144348,
        "var": 236.312530518
    },
    "dissonance": {
        "dmean": 0.0214050989598,
        "dmean2": 0.0361669026315,
        "dvar": 0.000449355400633,
        "dvar2": 0.00122316740453,
        "max": 0.500000059605,
        "mean": 0.451535701752,
        "median": 0.459855556488,
        "min": 0.25211006403,
        "var": 0.00138214277104
    },
    "dynamic_complexity": 5.46860599518,
    "erbbands_crest": {
        "dmean": 2.55869555473,
        "dmean2": 4.12183761597,
        "dvar": 5.99874639511,
        "dvar2": 14.6633520126,
        "max": 31.7274627686,
        "mean": 10.0005989075,
        "median": 8.81283760071,
        "min": 2.20400381088,
        "var": 24.2808017731
    },
    "erbbands_flatness_db": {
        "dmean": 0.0145193971694,
        "dmean2": 0.022015163675,
        "dvar": 0.000224584931857,
        "dvar2": 0.000473315245472,
        "max": 0.344604939222,
        "mean": 0.179265096784,
        "median": 0.175157621503,
        "min": 0.0485346764326,
        "var": 0.00252756406553
    },
    "erbbands_kurtosis": {
        "dmean": 1.20083069801,
        "dmean2": 1.880235672,
        "dvar": 4.65843486786,
        "dvar2": 10.0717630386,
        "max": 89.8364715576,
        "mean": 1.48109459877,
        "median": 0.305128574371,
        "min": -1.81603646278,
        "var": 17.6064243317
    },
    "erbbands_skewness": {
        "dmean": 0.361489623785,
        "dmean2": 0.549903512001,
        "dvar": 0.159999251366,
        "dvar2": 0.300105005503,
        "max": 7.87959241867,
        "mean": 0.752449333668,
        "median": 0.722435057163,
        "min": -5.88295459747,
        "var": 0.98237490654
    },
    "erbbands_spread": {
        "dmean": 6.93748092651,
        "dmean2": 10.8191461563,
        "dvar": 85.9611816406,
        "dvar2": 198.04145813,
        "max": 136.946411133,
        "mean": 36.2093734741,
        "median": 33.0319595337,
        "min": 2.52617692947,
        "var": 371.49911499
    },
    "hfc": {
        "dmean": 3.46371388435,
        "dmean2": 5.23800706863,
        "dvar": 49.0033760071,
        "dvar2": 108.922462463,
        "max": 275.478942871,
        "mean": 16.2977313995,
        "median": 5.33399152756,
        "min": 1.12708996523e-16,
        "var": 558.524719238
    },
    "melbands_crest": {
        "dmean": 3.04583072662,
        "dmean2": 4.93517255783,
        "dvar": 7.76384449005,
        "dvar2": 19.7665195465,
        "max": 39.745677948,
        "mean": 14.380979538,
        "median": 13.7101364136,
        "min": 1.0009636879,
        "var": 25.8383235931
    },
    "melbands_flatness_db": {
        "dmean": 0.0205494780093,
        "dmean2": 0.0314385704696,
        "dvar": 0.000484212534502,
        "dvar2": 0.00100817892235,
        "max": 0.488824248314,
        "mean": 0.203868493438,
        "median": 0.198353648186,
        "min": 4.31432845005e-09,
        "var": 0.0042070876807
    },
    "melbands_kurtosis": {
        "dmean": 6.44599437714,
        "dmean2": 10.3536939621,
        "dvar": 320.395843506,
        "dvar2": 862.522888184,
        "max": 954.297363281,
        "mean": 14.8583230972,
        "median": 8.69598579407,
        "min": -1.95099020004,
        "var": 515.491149902
    },
    "melbands_skewness": {
        "dmean": 0.622512042522,
        "dmean2": 0.970807373524,
        "dvar": 0.637412846088,
        "dvar2": 1.52482163906,
        "max": 27.610250473,
        "mean": 2.60863089561,
        "median": 2.38506555557,
        "min": -1.33497405052,
        "var": 2.47479605675
    },
    "melbands_spread": {
        "dmean": 6.02561664581,
        "dmean2": 9.16165828705,
        "dvar": 193.144744873,
        "dvar2": 332.048675537,
        "max": 286.498504639,
        "mean": 21.8917694092,
        "median": 15.2549858093,
        "min": 0.428102344275,
        "var": 692.511657715
    },
    "pitch_salience": {
        "dmean": 0.061508949846,
        "dmean2": 0.0992769226432,
        "dvar": 0.00335689168423,
        "dvar2": 0.00833797641098,
        "max": 0.997727811337,
        "mean": 0.560854613781,
        "median": 0.563705027103,
        "min": 0.0141049334779,
        "var": 0.013573275879
    },
    "silence_rate_20dB": {
        "dmean": 0,
        "dmean2": 0,
        "dvar": 0,
        "dvar2": 0,
        "max": 1,
        "mean": 1,
        "median": 1,
        "min": 1,
        "var": 0
    },
    "silence_rate_30dB": {
        "dmean": 0.00478526158258,
        "dmean2": 0.00957166776061,
        "dvar": 0.00476235803217,
        "dvar2": 0.0113943722099,
        "max": 1,
        "mean": 0.995095670223,
        "median": 1,
        "min": 0,
        "var": 0.00488028908148
    },
    "silence_rate_60dB": {
        "dmean": 0.0490489304066,
        "dmean2": 0.0981095954776,
        "dvar": 0.0466465093195,
        "dvar2": 0.10332878679,
        "max": 1,
        "mean": 0.260287076235,
        "median": 0,
        "min": 0,
        "var": 0.192534431815
    },
    "spectral_centroid": {
        "dmean": 193.897216797,
        "dmean2": 293.834838867,
        "dvar": 95986.921875,
        "dvar2": 165884.703125,
        "max": 11119.1884766,
        "mean": 1191.12133789,
        "median": 1028.66174316,
        "min": 198.940429688,
        "var": 541862.25
    },
    "spectral_complexity": {
        "dmean": 2.0047852993,
        "dmean2": 3.32400107384,
        "dvar": 4.79363918304,
        "dvar2": 11.8129911423,
        "max": 53,
        "mean": 13.749162674,
        "median": 9,
        "min": 0,
        "var": 129.924987793
    },
    "spectral_decrease": {
        "dmean": 1.17455423165e-09,
        "dmean2": 1.92242688435e-09,
        "dvar": 6.81742201736e-18,
        "dvar2": 1.83247041635e-17,
        "max": 4.15610475969e-29,
        "mean": -4.11111056309e-09,
        "median": -1.79994741334e-09,
        "min": -4.59060487401e-08,
        "var": 2.86551378405e-17
    },
    "spectral_energy": {
        "dmean": 0.00465752976015,
        "dmean2": 0.00760023156181,
        "dvar": 0.000104005062894,
        "dvar2": 0.000279361964203,
        "max": 0.180550828576,
        "mean": 0.0169945452362,
        "median": 0.00753760710359,
        "min": 1.05740597966e-20,
        "var": 0.000484033225803
    },
    "spectral_energyband_high": {
        "dmean": 0.000228900273214,
        "dmean2": 0.000331604212988,
        "dvar": 3.40620971429e-07,
        "dvar2": 6.34948037259e-07,
        "max": 0.0133088026196,
        "mean": 0.000810153083876,
        "median": 0.000129672582261,
        "min": 7.79319732284e-21,
        "var": 2.20023707698e-06
    },
    "spectral_energyband_low": {
        "dmean": 0.00222192239016,
        "dmean2": 0.00374655751511,
        "dvar": 6.19119164185e-05,
        "dvar2": 0.000166106940014,
        "max": 0.157427832484,
        "mean": 0.00479461578652,
        "median": 0.000580747495405,
        "min": 3.81410776686e-23,
        "var": 0.000118381896755
    },
    "spectral_energyband_middle_high": {
        "dmean": 0.00143137993291,
        "dmean2": 0.00227194093168,
        "dvar": 1.38333944051e-05,
        "dvar2": 3.53723771696e-05,
        "max": 0.126096397638,
        "mean": 0.0049672932364,
        "median": 0.000875481986441,
        "min": 1.42222609264e-21,
        "var": 9.53458584263e-05
    },
    "spectral_energyband_middle_low": {
        "dmean": 0.00259498739615,
        "dmean2": 0.00422252481803,
        "dvar": 2.920866973e-05,
        "dvar2": 7.94905645307e-05,
        "max": 0.0999131798744,
        "mean": 0.00691026914865,
        "median": 0.00400681328028,
        "min": 3.00422617976e-22,
        "var": 7.0841924753e-05
    },
    "spectral_entropy": {
        "dmean": 0.138097152114,
        "dmean2": 0.203590154648,
        "dvar": 0.0268806088716,
        "dvar2": 0.0492397285998,
        "max": 9.79949474335,
        "mean": 7.42856550217,
        "median": 7.4582233429,
        "min": 5.41385126114,
        "var": 0.277630567551
    },
    "spectral_flux": {
        "dmean": 0.013260611333,
        "dmean2": 0.0215497594327,
        "dvar": 0.000348159344867,
        "dvar2": 0.000831002835184,
        "max": 0.329797953367,
        "mean": 0.0556839182973,
        "median": 0.0424798727036,
        "min": 6.69921756957e-11,
        "var": 0.00208909227513
    },
    "spectral_kurtosis": {
        "dmean": 1.65717864037,
        "dmean2": 2.8198492527,
        "dvar": 5.41309738159,
        "dvar2": 15.8390445709,
        "max": 55.303062439,
        "mean": 4.87363672256,
        "median": 3.89955186844,
        "min": -1.34277939796,
        "var": 20.7122497559
    },
    "spectral_rms": {
        "dmean": 0.000461442687083,
        "dmean2": 0.000727348146029,
        "dvar": 4.21453250965e-07,
        "dvar2": 1.08669269139e-06,
        "max": 0.0132720442489,
        "mean": 0.00339379534125,
        "median": 0.00271178223193,
        "min": 3.21187737864e-12,
        "var": 5.06219657836e-06
    },
    "spectral_rolloff": {
        "dmean": 426.715026855,
        "dmean2": 710.360107422,
        "dvar": 1074166.125,
        "dvar2": 2193558.25,
        "max": 18863.0859375,
        "mean": 1475.41174316,
        "median": 882.861328125,
        "min": 21.533203125,
        "var": 3185539.25
    },
    "spectral_skewness": {
        "dmean": 0.207990452647,
        "dmean2": 0.334788799286,
        "dvar": 0.0530114583671,
        "dvar2": 0.126188069582,
        "max": 5.60928440094,
        "mean": 1.66060566902,
        "median": 1.59913372993,
        "min": -0.501374304295,
        "var": 0.421895116568
    },
    "spectral_spread": {
        "dmean": 446892.9375,
        "dmean2": 663759.875,
        "dvar": 553869115392,
        "dvar2": 953566232576,
        "max": 41524828,
        "mean": 4648658.5,
        "median": 4354166,
        "min": 1139904,
        "var": 3.23185174118e+12
    },
    "spectral_strongpeak": {
        "dmean": 0.373613476753,
        "dmean2": 0.62742125988,
        "dvar": 0.498808473349,
        "dvar2": 1.35834753513,
        "max": 12.111577034,
        "mean": 0.790896832943,
        "median": 0.434476464987,
        "min": 0,
        "var": 0.979682564735
    },
    "zerocrossingrate": {
        "dmean": 0.00957607198507,
        "dmean2": 0.0110207963735,
        "dvar": 0.00028886058135,
        "dvar2": 0.000264659000095,
        "max": 0.615234375,
        "mean": 0.0614221021533,
        "median": 0.05126953125,
        "min": 0.00341796875,
        "var": 0.00218293396756
    },
    "barkbands": {
        "dmean": [0.000189370563021, 0.00138582231011, 0.000856057333294, 0.000396067131078, 0.000862485612743, 0.000587595859542, 0.000456907699117, 0.000319610233419, 0.000895709730685, 0.000911781797186, 0.000434549292549, 0.000240792898694, 0.000284779904177, 0.000291564676445, 0.000152633219841, 0.00014495565847, 0.000138655741466, 0.000152058390086, 6.71260349918e-05, 6.87097781338e-05, 4.62386742583e-05, 5.0191043556e-05, 7.86891832831e-05, 7.17460934538e-05, 3.03447322949e-05, 8.45188878884e-06, 1.82559016793e-08],
        "dmean2": [0.000320402323268, 0.00235645496286, 0.00149352534208, 0.000658571894746, 0.0013960612705, 0.000927848333959, 0.000731250911485, 0.000498905777931, 0.00147274590563, 0.00151921669021, 0.000701229204424, 0.000396865914809, 0.000453312473837, 0.00047775026178, 0.000252481549978, 0.000232263075304, 0.000227034892305, 0.000247236341238, 0.000110072891403, 0.000108619729872, 7.52160849515e-05, 7.80619811849e-05, 0.000117765746836, 0.000106228289951, 4.40926560259e-05, 1.25610613395e-05, 3.43062360741e-08],
        "dvar": [1.64120763202e-06, 2.64964801318e-05, 1.20354316095e-05, 2.83920167021e-06, 7.06003447704e-06, 1.56736439294e-06, 1.7346135337e-06, 6.88676436766e-07, 7.32321586838e-06, 1.02356325442e-05, 2.1684074909e-06, 5.78008723551e-07, 1.36294306685e-06, 6.87809915689e-07, 3.15131813977e-07, 7.30900580947e-07, 1.57316776495e-07, 2.28422990745e-07, 3.46462201151e-08, 3.46689361663e-08, 1.69479967838e-08, 1.67802607365e-08, 4.22290895585e-08, 4.81339057501e-08, 1.18843113128e-08, 1.21072551984e-09, 3.13334536269e-13],
        "dvar2": [4.15967951994e-06, 7.2068280133e-05, 3.60667763744e-05, 7.27541828383e-06, 1.92615025298e-05, 3.90628201785e-06, 4.20151491198e-06, 1.60871491062e-06, 2.04930911423e-05, 2.90384396067e-05, 5.52489336769e-06, 1.53108351242e-06, 3.07738673655e-06, 1.82571068308e-06, 7.207733006e-07, 1.40323436426e-06, 3.84987828284e-07, 6.03594457971e-07, 8.81594957036e-08, 8.19532672836e-08, 4.11282883306e-08, 3.73237512008e-08, 8.89067663934e-08, 9.61767838703e-08, 2.2043657566e-08, 2.67953037536e-09, 9.0339476351e-13],
        "max": [0.0253041386604, 0.134289979935, 0.0645008534193, 0.0384230390191, 0.0650520548224, 0.0410095341504, 0.0375857427716, 0.0203521363437, 0.065693706274, 0.0954241752625, 0.0438544973731, 0.0211824532598, 0.0763282328844, 0.0248021483421, 0.0341993719339, 0.0736699551344, 0.0169772487134, 0.0243804082274, 0.00675969384611, 0.00692232511938, 0.0058932187967, 0.0030140420422, 0.00527565041557, 0.00569571694359, 0.00581806758419, 0.00202231178991, 3.70306297555e-05],
        "mean": [0.000182139658136, 0.00309673300944, 0.00124940904789, 0.000580115825869, 0.00166465668008, 0.0011806958355, 0.000837634841446, 0.000533888989594, 0.00167597515974, 0.00156922463793, 0.000785144977272, 0.000409807980759, 0.000496417807881, 0.000516344036441, 0.000287485832814, 0.000268103933195, 0.000287815753836, 0.000332490948495, 0.000150685562403, 0.000178067566594, 0.000119142183394, 0.000131287059048, 0.000207092161872, 0.00016997854982, 6.84863189235e-05, 1.5705358237e-05, 1.0826934016e-08],
        "median": [3.27648763232e-06, 0.000106281862827, 0.000264754635282, 7.89932382759e-05, 0.000483087496832, 0.000514472601935, 0.000168036582181, 0.000127462495584, 0.000198730471311, 0.000117057636089, 7.10415915819e-05, 5.78410472372e-05, 5.39280517842e-05, 4.90964266646e-05, 4.03487792937e-05, 3.21077532135e-05, 3.67786487914e-05, 4.60750961793e-05, 2.86501017399e-05, 2.39506662183e-05, 1.21901975945e-05, 1.3855382349e-05, 2.32966740441e-05, 2.33919163293e-05, 8.23779464554e-06, 1.257164854e-06, 2.36801023235e-10],
        "min": [3.74558612534e-24, 1.15916807024e-23, 2.01008976728e-24, 1.32806421556e-23, 6.73791342698e-23, 3.41636946271e-23, 2.04662546567e-23, 7.25267609099e-23, 4.36670388434e-23, 3.40648976873e-23, 7.53309657904e-23, 1.05510228115e-22, 6.7126597806e-23, 4.2324883521e-23, 1.46355697671e-22, 1.08808140015e-22, 1.85216879129e-22, 1.5460291658e-22, 2.40296498061e-22, 3.64212510858e-22, 4.35196865683e-22, 5.0831212945e-22, 4.95406415527e-22, 7.46786724851e-22, 1.10189454393e-21, 1.75372791178e-21, 2.15480731324e-21],
        "var": [1.40731935971e-06, 6.24327949481e-05, 1.33222729346e-05, 3.64019888366e-06, 1.08653521238e-05, 3.67422740055e-06, 4.72203964819e-06, 1.50694120293e-06, 1.70356288436e-05, 2.2308611733e-05, 5.58592682864e-06, 1.15770467346e-06, 2.50887387665e-06, 1.69301972619e-06, 6.66615619593e-07, 1.28027852497e-06, 5.23108212747e-07, 7.27224971797e-07, 9.28583929749e-08, 1.59261844601e-07, 5.91657283167e-08, 7.15568475584e-08, 2.00499414404e-07, 1.70173208858e-07, 4.09392022505e-08, 2.76185163628e-09, 1.76306804442e-13]
    },
    "erbbands": {
        "dmean": [0.0438793003559, 0.320009559393, 0.949459195137, 1.09167551994, 1.94099926949, 3.27070426941, 4.53571605682, 4.60573196411, 5.87407684326, 7.26531410217, 7.58655357361, 18.6583709717, 28.5638999939, 20.1802635193, 13.7406330109, 8.6935300827, 12.1456012726, 11.3974924088, 10.4374036789, 8.31113052368, 6.72859477997, 7.66720867157, 7.58478450775, 4.88413619995, 2.62624645233, 3.40113782883, 2.30141782761, 1.74228322506, 1.74703812599, 2.14137196541, 2.32266116142, 1.88297522068, 0.987373590469, 0.427771002054, 0.183403581381, 0.0587566755712, 0.0117085874081, 0.000566335453186, 1.59066275955e-05, 6.14968485024e-06],
        "dmean2": [0.0734122619033, 0.552122414112, 1.65472686291, 1.85967683792, 3.23677659035, 5.2191824913, 7.21358346939, 7.19950389862, 9.53172588348, 11.2142028809, 11.9416246414, 30.4627723694, 48.2556686401, 33.199382782, 22.1514263153, 14.2821903229, 19.2610092163, 18.6594619751, 16.8186740875, 13.4904212952, 10.910692215, 12.5225429535, 12.1815395355, 7.90253353119, 4.23124694824, 5.31872034073, 3.70584797859, 2.86751294136, 2.77939009666, 3.23878002167, 3.46419239044, 2.81124353409, 1.45096981525, 0.617586731911, 0.269219398499, 0.0858115255833, 0.0180830378085, 0.00093347474467, 2.45182927756e-05, 9.77782292466e-06],
        "dvar": [0.0366984680295, 1.43618881702, 14.285490036, 20.0690364838, 76.8896484375, 88.0982894897, 75.3826675415, 127.880027771, 315.449951172, 592.180358887, 303.301849365, 3026.89306641, 10734.5048828, 4652.37207031, 2056.70898438, 1073.60229492, 1906.39599609, 1196.16235352, 902.987487793, 925.930969238, 840.655700684, 482.212982178, 590.051574707, 189.372833252, 51.3710746765, 93.2749710083, 45.7320671082, 21.9855194092, 22.1720199585, 31.6346683502, 37.4384536743, 27.8036956787, 11.4733257294, 2.35288858414, 0.59883415699, 0.062610425055, 0.00248115393333, 1.68206770468e-05, 6.70139455039e-09, 1.70084224482e-10],
        "dvar2": [0.0923140048981, 4.28124570847, 42.801322937, 53.7638015747, 210.286346436, 232.988342285, 186.698913574, 307.566314697, 790.143920898, 1370.99401855, 726.02331543, 8062.94921875, 30811.5371094, 12606.5449219, 5417.31640625, 2873.77563477, 4275.65234375, 3220.26489258, 2282.17456055, 1849.20495605, 1754.38830566, 1236.02539062, 1584.68249512, 481.686279297, 120.783302307, 221.166763306, 103.018386841, 56.7254333496, 51.8600196838, 69.6396331787, 78.3651046753, 57.9080657959, 22.8450565338, 4.74025154114, 1.17156648636, 0.130504444242, 0.00555673288181, 4.50525840279e-05, 1.70761147444e-08, 4.33592300952e-10],
        "max": [3.80669045448, 35.7974281311, 70.057510376, 108.962745667, 220.876403809, 177.454086304, 230.76260376, 419.416412354, 601.577514648, 851.100524902, 510.947845459, 1260.359375, 2764.03808594, 1814.53369141, 1486.45947266, 1797.65771484, 2572.0715332, 1373.32629395, 1011.25646973, 2254.36743164, 2067.04077148, 780.107666016, 1265.61535645, 638.33203125, 368.788665771, 332.222259521, 382.668457031, 121.329650879, 96.0623245239, 128.890380859, 156.289459229, 121.726638794, 85.7269821167, 46.9015541077, 52.9138641357, 17.9058742523, 1.99803805351, 0.0987371131778, 0.00222512660548, 0.000303197739413],
        "mean": [0.0844927802682, 0.706957221031, 1.51528310776, 1.74320709705, 3.04484605789, 6.27509975433, 9.12188911438, 9.40955734253, 10.5708599091, 13.4363632202, 14.7776508331, 35.7528839111, 50.9483337402, 40.594581604, 26.4896354675, 17.1378479004, 22.910030365, 22.6918640137, 20.0212631226, 16.8692569733, 14.1626529694, 17.0331478119, 18.3111305237, 11.5575037003, 7.09020471573, 8.62988376617, 5.94213247299, 4.31713104248, 4.46625804901, 5.51721572876, 5.99465608597, 4.44643068314, 2.27658033371, 0.968211352825, 0.384880185127, 0.120229259133, 0.0191852133721, 0.000674418231938, 3.45590415236e-05, 2.3903503461e-05],
        "median": [0.00167805841193, 0.0327679552138, 0.27567243576, 0.450955569744, 0.539818048477, 1.780813694, 4.18098592758, 3.94812488556, 2.88118934631, 2.71667385101, 4.31987762451, 4.65319442749, 4.69692373276, 4.03022766113, 3.26518726349, 2.47816085815, 2.74582624435, 2.35847139359, 2.3656206131, 2.22385191917, 1.84290981293, 2.26840400696, 2.59320020676, 2.13606834412, 1.18839931488, 1.14505577087, 0.717492461205, 0.464721232653, 0.483841896057, 0.578786313534, 0.677308440208, 0.548834443092, 0.319884777069, 0.121707111597, 0.0458923913538, 0.0111728310585, 0.00144917145371, 4.02146324632e-05, 7.90026479081e-06, 1.04805731098e-05],
        "min": [1.95055665935e-22, 3.1917688859e-21, 3.46619534374e-21, 3.12230566695e-20, 1.5021789917e-19, 2.06404930684e-19, 4.22052002051e-19, 1.79683778649e-19, 2.03355451808e-19, 8.71273061515e-19, 1.19366453391e-18, 8.0436562709e-19, 1.12069169424e-18, 1.86925716478e-18, 4.56079100185e-18, 3.20917002272e-18, 2.91372695731e-18, 2.01672010014e-18, 4.95791917316e-18, 7.75696312201e-18, 5.64835814507e-18, 1.02875600787e-17, 7.26830617515e-18, 1.14795000444e-17, 1.4030037017e-17, 1.80792333536e-17, 1.73852801049e-17, 1.70730541652e-17, 1.8143119821e-17, 1.94327506443e-17, 1.57394355313e-17, 1.72740590541e-17, 1.2288095563e-17, 1.01142649132e-17, 7.5755020295e-18, 5.44602314979e-18, 3.27302733203e-18, 1.53784259947e-18, 3.20096356386e-19, 2.9697477126e-20],
        "var": [0.0686550810933, 3.0529499054, 16.6204242706, 25.5355892181, 84.1775360107, 171.796691895, 176.841339111, 280.540649414, 680.516296387, 1827.03442383, 777.201965332, 7627.22509766, 22522.1542969, 13628.3642578, 5114.60253906, 2122.34716797, 4353.12548828, 3300.19921875, 2330.62475586, 3032.18847656, 1951.53759766, 1757.59387207, 2161.87402344, 618.705688477, 208.168304443, 386.796020508, 170.546142578, 75.1791229248, 84.0585098267, 131.073898315, 175.632324219, 105.735374451, 35.7546691895, 7.13119602203, 1.81857275963, 0.165300816298, 0.00502609508112, 1.65169985848e-05, 9.86885595466e-09, 9.69185065536e-10]
    },
    "gfcc": {
        "mean": [-64.5093917847, 95.5069656372, -128.619110107, 28.8081970215, -77.2445373535, 17.9972839355, -47.4416046143, 10.5552845001, -24.1776027679, -6.13272857666, -11.3616189957, -4.27514457703, -5.16144609451],
        "cov": [[9879.30664062, -2532.97680664, -800.676696777, 525.936218262, -201.809005737, 803.07244873, 237.813415527, 667.871582031, 39.3163490295, 477.529693604, -169.810562134, 295.886962891, -260.260620117], [-2532.97680664, 2032.43688965, 663.575317383, 150.766616821, 412.24029541, -315.556030273, 2.04000520706, -252.547195435, 47.9273719788, -115.161552429, 192.138931274, -98.4290924072, 161.891769409], [-800.676696777, 663.575317383, 1526.00012207, 605.173034668, 103.594703674, 67.258605957, -190.168884277, -104.294754028, -23.8022899628, 55.5603561401, 81.7231140137, 68.0795288086, 25.4650821686], [525.936218262, 150.766616821, 605.173034668, 702.049926758, 122.086288452, 98.8489074707, -12.659819603, -5.87871265411, 67.2334747314, 48.8402023315, 51.1744766235, 40.8077735901, 0.696384906769], [-201.809005737, 412.24029541, 103.594703674, 122.086288452, 333.782409668, 15.0411672592, 77.7045974731, 31.2590999603, 31.5178852081, 54.4959373474, 11.533446312, 15.9644527435, 50.8352813721], [803.07244873, -315.556030273, 67.258605957, 98.8489074707, 15.0411672592, 287.126037598, 109.780456543, 87.7240142822, 3.98806023598, 48.343044281, -18.6893405914, 30.0975017548, -32.0966796875], [237.813415527, 2.04000520706, -190.168884277, -12.659819603, 77.7045974731, 109.780456543, 271.745300293, 69.0721435547, 36.065788269, 15.730550766, -15.0752248764, -4.31483411789, -23.9376182556], [667.871582031, -252.547195435, -104.294754028, -5.87871265411, 31.2590999603, 87.7240142822, 69.0721435547, 185.682189941, 48.9927177429, 70.3681335449, -11.4222917557, 25.4506587982, -16.841758728], [39.3163490295, 47.9273719788, -23.8022899628, 67.2334747314, 31.5178852081, 3.98806023598, 36.065788269, 48.9927177429, 159.965438843, 35.1719818115, 23.1560611725, 1.18130612373, -0.697414875031], [477.529693604, -115.161552429, 55.5603561401, 48.8402023315, 54.4959373474, 48.343044281, 15.730550766, 70.3681335449, 35.1719818115, 156.804077148, 2.03421497345, 47.8542366028, -8.37247467041], [-169.810562134, 192.138931274, 81.7231140137, 51.1744766235, 11.533446312, -18.6893405914, -15.0752248764, -11.4222917557, 23.1560611725, 2.03421497345, 145.301589966, 7.76559686661, 31.4856929779], [295.886962891, -98.4290924072, 68.0795288086, 40.8077735901, 15.9644527435, 30.0975017548, -4.31483411789, 25.4506587982, 1.18130612373, 47.8542366028, 7.76559686661, 113.839057922, 16.369972229], [-260.260620117, 161.891769409, 25.4650821686, 0.696384906769, 50.8352813721, -32.0966796875, -23.9376182556, -16.841758728, -0.697414875031, -8.37247467041, 31.4856929779, 16.369972229, 108.496070862]],
        "icov": [[0.000277021026704, -0.000118839685456, 0.000437657203292, -0.000531546131242, 0.000398470932851, -0.00059488194529, 0.000337058881996, -0.000629893678706, 0.000409110594774, -0.00056039710762, 0.00019548011187, -0.000468397833174, 0.000329763191985], [-0.000118839685456, 0.00278664450161, -0.00179841846693, 0.00125109532382, -0.00325559009798, 0.00283884583041, -0.00206787441857, 0.002404832514, -0.001354048145, 0.00166877359152, -0.0022977553308, 0.00208796001971, -0.00127494439948], [0.000437657203292, -0.00179841846693, 0.00290047004819, -0.00237332331017, 0.00216690334491, -0.00289311888628, 0.00255199591629, -0.00161123112775, 0.00170571065973, -0.00202421005815, 0.00127261562739, -0.00210062647238, 0.00131197518203], [-0.000531546131242, 0.00125109532382, -0.00237332331017, 0.00396978436038, -0.00253886613064, 0.00143160368316, -0.00135268061422, 0.00227459822781, -0.00238716462627, 0.00181786844041, -0.00150468060747, 0.00132410752121, -0.000580783118494], [0.000398470932851, -0.00325559009798, 0.00216690334491, -0.00253886613064, 0.00833347439766, -0.00298401829787, 0.000862448709086, -0.00367383030243, 0.0020214272663, -0.00383022031747, 0.0032102225814, -0.00228912592866, -0.000714818423148], [-0.00059488194529, 0.00283884583041, -0.00289311888628, 0.00143160368316, -0.00298401829787, 0.0092317359522, -0.00485740182921, 0.00126597704366, -0.000852832396049, 0.00206104922108, -0.00202893349342, 0.00220026401803, -0.00132871163078], [0.000337058881996, -0.00206787441857, 0.00255199591629, -0.00135268061422, 0.000862448709086, -0.00485740182921, 0.00776767870411, -0.00259153195657, 0.000474202563055, -0.000900390150491, 0.0015635646414, -0.00176371284761, 0.00252017332241], [-0.000629893678706, 0.002404832514, -0.00161123112775, 0.00227459822781, -0.00367383030243, 0.00126597704366, -0.00259153195657, 0.0117051107809, -0.00373840960674, -0.00030460281414, -0.00195281032939, 0.00179498910438, -0.00114635878708], [0.000409110594774, -0.001354048145, 0.00170571065973, -0.00238716462627, 0.0020214272663, -0.000852832396049, 0.000474202563055, -0.00373840960674, 0.0090628284961, -0.00268424907699, 7.59797403589e-05, -0.000699560157955, 0.000876291480381], [-0.00056039710762, 0.00166877359152, -0.00202421005815, 0.00181786844041, -0.00383022031747, 0.00206104922108, -0.000900390150491, -0.00030460281414, -0.00268424907699, 0.0113922422752, -0.00164575257804, -0.00120875705034, 0.000309364753775], [0.00019548011187, -0.0022977553308, 0.00127261562739, -0.00150468060747, 0.0032102225814, -0.00202893349342, 0.0015635646414, -0.00195281032939, 7.59797403589e-05, -0.00164575257804, 0.00981738604605, -0.00194980646484, -0.00113539828453], [-0.000468397833174, 0.00208796001971, -0.00210062647238, 0.00132410752121, -0.00228912592866, 0.00220026401803, -0.00176371284761, 0.00179498910438, -0.000699560157955, -0.00120875705034, -0.00194980646484, 0.0130316261202, -0.00363977975212], [0.000329763191985, -0.00127494439948, 0.00131197518203, -0.000580783118494, -0.000714818423148, -0.00132871163078, 0.00252017332241, -0.00114635878708, 0.000876291480381, 0.000309364753775, -0.00113539828453, -0.00363977975212, 0.0128342574462]]
    },
    "melbands": {
        "dmean": [0.00037534054718, 0.000464811222628, 0.000203446659725, 0.000180818387889, 0.000156717418577, 0.00010561538511, 8.77195197972e-05, 7.76393571869e-05, 7.27440419723e-05, 0.000125927850604, 0.000148174134665, 9.14894189918e-05, 5.73099750909e-05, 2.53618018178e-05, 3.20491853927e-05, 2.39034307015e-05, 2.33905211644e-05, 2.12373288377e-05, 1.17489589684e-05, 1.14781332741e-05, 8.12324378785e-06, 8.74805300555e-06, 7.9097244452e-06, 8.19607794256e-06, 4.10547409047e-06, 2.44271359406e-06, 2.30082241615e-06, 2.50924676948e-06, 1.83290637779e-06, 1.14758529435e-06, 1.09205382159e-06, 1.0987287169e-06, 1.11547808501e-06, 1.41515886298e-06, 1.47352943713e-06, 1.3715307432e-06, 1.19490596262e-06, 8.10903316051e-07, 5.59734758099e-07, 3.3718930581e-07],
        "dmean2": [0.000632428913377, 0.000811438891105, 0.00034352845978, 0.000296497019008, 0.000248336786171, 0.000166431753314, 0.000141993994475, 0.00011936075316, 0.000114884533104, 0.000207435092307, 0.000250414246693, 0.000151472442667, 9.23895495362e-05, 4.17753508373e-05, 5.15713400091e-05, 3.86184437957e-05, 3.83476253774e-05, 3.42516032106e-05, 1.91618401004e-05, 1.84684467968e-05, 1.33894836836e-05, 1.45397752931e-05, 1.28250367197e-05, 1.33929415824e-05, 6.68507436785e-06, 4.00692033509e-06, 3.6901706153e-06, 3.95794086216e-06, 3.00226224681e-06, 1.89244860849e-06, 1.79875905815e-06, 1.78593154487e-06, 1.73187095243e-06, 2.19023763748e-06, 2.25641383622e-06, 2.07846483136e-06, 1.80190977517e-06, 1.21332402614e-06, 8.2819428826e-07, 5.06065703121e-07],
        "dvar": [2.20644824367e-06, 3.14545559377e-06, 6.87314638981e-07, 4.39718661482e-07, 8.78074430943e-08, 6.42374189397e-08, 6.63309123183e-08, 5.95761697753e-08, 2.76138258926e-08, 1.47737026168e-07, 2.83206190943e-07, 9.49814449314e-08, 3.72909596535e-08, 7.53687068311e-09, 3.28398641614e-08, 4.9076938069e-09, 4.97430274748e-09, 3.85576903739e-09, 2.33754504642e-09, 6.65603616667e-09, 8.66841154412e-10, 6.40115072059e-10, 5.98715632627e-10, 8.64153026914e-10, 1.35276706503e-10, 4.01817537576e-11, 4.03307907904e-11, 5.53610803034e-11, 3.24973069288e-11, 9.89813526281e-12, 8.69556076449e-12, 9.57071488034e-12, 7.84054939029e-12, 1.46985392607e-11, 1.58296049879e-11, 1.24646352267e-11, 1.26371317924e-11, 7.73425160722e-12, 4.044968787e-12, 1.45389635661e-12],
        "dvar2": [5.55672386326e-06, 9.451781807e-06, 1.84121154234e-06, 1.20817628613e-06, 2.18413489961e-07, 1.58833401542e-07, 1.66191625794e-07, 1.38406178962e-07, 6.89709480639e-08, 4.05636370715e-07, 8.13188478332e-07, 2.61932711965e-07, 9.70643725395e-08, 1.90850872883e-08, 8.14520575432e-08, 1.21282734966e-08, 1.34081954428e-08, 9.75000791215e-09, 5.47275025298e-09, 1.49581182995e-08, 2.03499261886e-09, 1.65766289584e-09, 1.39315725622e-09, 2.22728724353e-09, 3.49798079391e-10, 1.0361923819e-10, 9.36372715477e-11, 1.31749583465e-10, 7.72269193039e-11, 2.60797650836e-11, 2.20528508649e-11, 2.34620222556e-11, 1.83511816854e-11, 3.45303022287e-11, 3.42832706668e-11, 2.77413283317e-11, 2.73828910935e-11, 1.60945198141e-11, 8.8264673348e-12, 3.10019479706e-12],
        "max": [0.02872024104, 0.0358339548111, 0.0176534019411, 0.0167784746736, 0.00633432669565, 0.00995681062341, 0.00883903261274, 0.00794474314898, 0.00343191670254, 0.00980726629496, 0.0138996029273, 0.00750348996371, 0.00492586474866, 0.00298894895241, 0.0130979595706, 0.00200704997405, 0.00260023935698, 0.00186550547369, 0.00332558038644, 0.00709533318877, 0.00149931095075, 0.000650654721539, 0.00129487575032, 0.00187305954751, 0.000486435805215, 0.000164668483194, 0.000327665620716, 0.000303719483782, 0.000292484124657, 8.43756934046e-05, 8.94983677426e-05, 6.63340033498e-05, 6.70322260703e-05, 9.66908773989e-05, 0.000107540057797, 7.58449241403e-05, 8.78229693626e-05, 8.66919872351e-05, 5.40836444998e-05, 4.02230070904e-05],
        "mean": [0.000829334894661, 0.000867599854246, 0.00033781392267, 0.000332564697601, 0.000327004585415, 0.000218594475882, 0.000157849877723, 0.000140003234264, 0.000139264127938, 0.000233229860896, 0.000259603606537, 0.000173380845808, 0.000104888975329, 4.38899514847e-05, 5.64069014217e-05, 4.3452342652e-05, 4.28093662777e-05, 3.64068400813e-05, 2.18850527745e-05, 2.0332628992e-05, 1.52964894369e-05, 1.70120911207e-05, 1.71100782609e-05, 1.6562114979e-05, 8.55240432429e-06, 5.40436258234e-06, 5.21142601428e-06, 5.81732410865e-06, 4.14685382566e-06, 2.61882178165e-06, 2.4045725695e-06, 2.42706255449e-06, 2.68644043899e-06, 3.2432410535e-06, 3.48699813912e-06, 3.2642512906e-06, 2.49249910667e-06, 1.70600253568e-06, 1.13700343718e-06, 7.00755037997e-07],
        "median": [2.16898224608e-05, 0.000115771865239, 8.00178459031e-05, 8.30886565382e-05, 0.000150178151671, 9.41471225815e-05, 3.99142045353e-05, 2.75593411061e-05, 3.57348581019e-05, 2.6063173209e-05, 2.05664146051e-05, 1.65204928635e-05, 1.10636819954e-05, 6.21371600573e-06, 6.30361137155e-06, 4.81100369143e-06, 4.18555919168e-06, 3.70227212443e-06, 3.04562308884e-06, 2.41249381361e-06, 1.87258206097e-06, 2.16911712414e-06, 2.33161722463e-06, 2.10562848224e-06, 1.5500736481e-06, 9.06243712961e-07, 6.91098421157e-07, 7.24416054254e-07, 4.77433445667e-07, 2.40980455146e-07, 2.44300707664e-07, 2.4555345135e-07, 2.78958736999e-07, 3.17230501423e-07, 3.61674381111e-07, 3.59757279966e-07, 3.04430614051e-07, 2.23528019205e-07, 1.38202267408e-07, 8.12467249034e-08],
        "min": [2.89357848238e-24, 3.71101547946e-24, 9.00589957355e-24, 1.27522323557e-23, 1.3463962386e-23, 4.57470102484e-24, 3.40785583916e-24, 1.2152242895e-23, 8.88214149701e-24, 4.52662074153e-24, 5.28134132449e-24, 6.45914142156e-24, 1.25057622322e-23, 1.33325981126e-23, 6.472234146e-24, 5.98177841641e-24, 3.21699449301e-24, 5.99872945955e-24, 1.40064841186e-23, 7.44761371809e-24, 6.09705426606e-24, 8.98917730008e-24, 6.67515717539e-24, 7.65257082532e-24, 9.0557263949e-24, 9.71046516902e-24, 1.02499892302e-23, 1.203514596e-23, 1.2617166747e-23, 7.53456275592e-24, 1.04156003221e-23, 9.39199413297e-24, 1.06780070136e-23, 1.06689130251e-23, 8.42734109705e-24, 6.30551549343e-24, 1.0313379726e-23, 6.69236223173e-24, 1.12216465621e-23, 7.45702088438e-24],
        "var": [5.08858556714e-06, 4.33397053712e-06, 8.80500124367e-07, 6.07303491051e-07, 2.2278389622e-07, 1.39388518505e-07, 1.48456848592e-07, 1.73596447439e-07, 7.08615743861e-08, 3.45868812701e-07, 5.92442461311e-07, 2.53447069554e-07, 9.37722219874e-08, 1.51835184425e-08, 4.8263448349e-08, 1.24828138937e-08, 1.28598127702e-08, 8.96891805269e-09, 4.81216400061e-09, 9.78004432994e-09, 1.98921656924e-09, 1.85002402286e-09, 2.26825336291e-09, 2.04092076572e-09, 3.58003487966e-10, 1.19871265691e-10, 1.38335190525e-10, 2.0512637422e-10, 1.012580228e-10, 2.9028618051e-11, 2.54963515578e-11, 2.73280165858e-11, 3.09450659541e-11, 5.00908377277e-11, 6.30971108695e-11, 5.51642169444e-11, 3.73627830064e-11, 2.15982700474e-11, 1.02762008972e-11, 3.97034228411e-12]
    },
    "mfcc": {
        "mean": [-698.114013672, 116.676361084, 3.93656039238, 7.11003303528, -1.32443785667, -3.57019019127, -5.94978141785, 5.08193254471, -7.19700050354, 1.05449998379, -5.91438388824, -2.93770623207, -7.14653968811],
        "cov": [[9844.56347656, -2589.20507812, -917.72869873, -190.763214111, -296.489257812, 227.833694458, 217.542739868, 420.188049316, 250.520263672, 468.113128662, 330.995117188, 221.121948242, 63.6285133362], [-2589.20507812, 1762.80200195, 237.801864624, 290.819854736, 247.445495605, -31.8211517334, 37.6458625793, -162.265472412, -47.9801139832, -138.089996338, -68.3822631836, -32.1115913391, 65.3302688599], [-917.72869873, 237.801864624, 1415.1427002, 465.96963501, 372.219085693, 184.658538818, 4.69020462036, -48.6907348633, -99.0531845093, -58.5092315674, -56.8118438721, 49.934879303, 41.8774871826], [-190.763214111, 290.819854736, 465.96963501, 566.577148438, 252.133239746, 129.573730469, 17.7100410461, -10.0376205444, 2.96601557732, -19.5828647614, 16.1431999207, 44.766960144, 63.6474914551], [-296.489257812, 247.445495605, 372.219085693, 252.133239746, 346.063720703, 54.5093345642, 20.154548645, -40.9372825623, 10.9826984406, -14.74330616, -23.3133869171, 41.8610076904, 45.8142738342], [227.833694458, -31.8211517334, 184.658538818, 129.573730469, 54.5093345642, 235.345474243, 75.0708007812, 63.7512702942, 45.3520622253, 22.3670768738, 46.9548072815, 6.71599149704, 16.6838970184], [217.542739868, 37.6458625793, 4.69020462036, 17.7100410461, 20.154548645, 75.0708007812, 203.61076355, 50.9377288818, 39.6607894897, 23.3461990356, 14.9093465805, 18.7913570404, 7.36337900162], [420.188049316, -162.265472412, -48.6907348633, -10.0376205444, -40.9372825623, 63.7512702942, 50.9377288818, 172.360214233, 36.3481864929, 63.8680839539, 39.6610908508, 8.49253463745, 1.2815964222], [250.520263672, -47.9801139832, -99.0531845093, 2.96601557732, 10.9826984406, 45.3520622253, 39.6607894897, 36.3481864929, 182.965942383, 30.062997818, 50.7946891785, 3.79469704628, 8.09135913849], [468.113128662, -138.089996338, -58.5092315674, -19.5828647614, -14.74330616, 22.3670768738, 23.3461990356, 63.8680839539, 30.062997818, 154.747573853, 53.7035980225, 34.0873222351, 9.37383556366], [330.995117188, -68.3822631836, -56.8118438721, 16.1431999207, -23.3133869171, 46.9548072815, 14.9093465805, 39.6610908508, 50.7946891785, 53.7035980225, 121.929649353, 26.813129425, 13.005484581], [221.121948242, -32.1115913391, 49.934879303, 44.766960144, 41.8610076904, 6.71599149704, 18.7913570404, 8.49253463745, 3.79469704628, 34.0873222351, 26.813129425, 101.597702026, 41.2179489136], [63.6285133362, 65.3302688599, 41.8774871826, 63.6474914551, 45.8142738342, 16.6838970184, 7.36337900162, 1.2815964222, 8.09135913849, 9.37383556366, 13.005484581, 41.2179489136, 95.8574981689]],
