{
"lowlevel": {
    "average_loudness": 0.777188241482,
    "barkbands_crest": {
        "dmean": 2.22476768494,
        "dmean2": 3.60732150078,
        "dvar": 4.25051784515,
        "dvar2": 10.9738149643,
        "max": 26.6556529999,
        "mean": 9.68938541412,
        "median": 8.77845001221,
        "min": 2.60358285904,
        "var": 17.7901153564
    },
    "barkbands_flatness_db": {
        "dmean": 0.0164783392102,
        "dmean2": 0.025752088055,
        "dvar": 0.000249424076173,
        "dvar2": 0.000599028542638,
        "max": 0.370927035809,
        "mean": 0.140119746327,
        "median": 0.13268558681,
        "min": 0.041524220258,
        "var": 0.00213160947897
    },
    "barkbands_kurtosis": {
        "dmean": 1.84503185749,
        "dmean2": 2.94536066055,
        "dvar": 38.9101753235,
        "dvar2": 109.787506104,
        "max": 368.449462891,
        "mean": 3.41401791573,
        "median": 1.35869765282,
        "min": -1.83237123489,
        "var": 48.3234558105
    },
    "barkbands_skewness": {
        "dmean": 0.374206423759,
        "dmean2": 0.58514881134,
        "dvar": 0.213174909353,
        "dvar2": 0.51038557291,
        "max": 18.8665008545,
        "mean": 1.30578529835,
        "median": 1.12529420853,
        "min": -2.09317588806,
        "var": 0.977840006351
    },
    "barkbands_spread": {
        "dmean": 4.42227697372,
        "dmean2": 6.64409208298,
        "dvar": 33.9385604858,
        "dvar2": 61.1724624634,
        "max": 104.145019531,
        "mean": 20.92253685,
        "median": 18.344997406,
        "min": 1.36169946194,
        "var": 172.369918823
    },
    "dissonance": {
        "dmean": 0.0197612475604,
        "dmean2": 0.0334951393306,
        "dvar": 0.000387489184504,
        "dvar2": 0.0010665350128,
        "max": 0.5,
        "mean": 0.45921421051,
        "median": 0.467037975788,
        "min": 0.118767887354,
        "var": 0.00106259959284
    },
    "dynamic_complexity": 3.59690332413,
    "erbbands_crest": {
        "dmean": 2.36602210999,
        "dmean2": 3.88005495071,
        "dvar": 5.33366823196,
        "dvar2": 13.2425327301,
        "max": 30.0643405914,
        "mean": 9.29595375061,
        "median": 8.23317050934,
        "min": 1.95966374874,
        "var": 19.5980148315
    },
    "erbbands_flatness_db": {
        "dmean": 0.0142682800069,
        "dmean2": 0.0212903507054,
        "dvar": 0.00017004214169,
        "dvar2": 0.000343528139638,
        "max": 0.388461321592,
        "mean": 0.166451394558,
        "median": 0.160356655717,
        "min": 0.0351028367877,
        "var": 0.00220080232248
    },
    "erbbands_kurtosis": {
        "dmean": 0.902416169643,
        "dmean2": 1.44141530991,
        "dvar": 1.45713198185,
        "dvar2": 3.49933671951,
        "max": 24.3605899811,
        "mean": 1.03941965103,
        "median": 0.531680464745,
        "min": -1.88971805573,
        "var": 4.74943161011
    },
    "erbbands_skewness": {
        "dmean": 0.315613508224,
        "dmean2": 0.493231862783,
        "dvar": 0.0854855775833,
        "dvar2": 0.195036783814,
        "max": 4.3286781311,
        "mean": 0.739805519581,
        "median": 0.704863846302,
        "min": -2.04303002357,
        "var": 0.454901665449
    },
    "erbbands_spread": {
        "dmean": 6.02428102493,
        "dmean2": 9.17491149902,
        "dvar": 50.777381897,
        "dvar2": 100.332321167,
        "max": 152.291976929,
        "mean": 34.2716255188,
        "median": 30.100440979,
        "min": 3.4115447998,
        "var": 344.822387695
    },
    "hfc": {
        "dmean": 4.08961105347,
        "dmean2": 6.16015958786,
        "dvar": 29.5969982147,
        "dvar2": 65.9367980957,
        "max": 148.980514526,
        "mean": 20.7473869324,
        "median": 16.0122146606,
        "min": 1.15776910154e-16,
        "var": 317.807220459
    },
    "melbands_crest": {
        "dmean": 2.81128454208,
        "dmean2": 4.55910491943,
        "dvar": 6.93949604034,
        "dvar2": 17.0076084137,
        "max": 39.2315750122,
        "mean": 12.8619718552,
        "median": 11.754483223,
        "min": 1.72230005264,
        "var": 29.4548912048
    },
    "melbands_flatness_db": {
        "dmean": 0.0189999714494,
        "dmean2": 0.0291012972593,
        "dvar": 0.000376422307454,
        "dvar2": 0.000855230435263,
        "max": 0.406954407692,
        "mean": 0.182277664542,
        "median": 0.169385522604,
        "min": 0.00240124156699,
        "var": 0.00411174958572
    },
    "melbands_kurtosis": {
        "dmean": 4.01564788818,
        "dmean2": 6.41679382324,
        "dvar": 105.922172546,
        "dvar2": 278.492004395,
        "max": 504.892608643,
        "mean": 9.53881931305,
        "median": 5.13712406158,
        "min": -1.45682621002,
        "var": 227.924530029
    },
    "melbands_skewness": {
        "dmean": 0.495272874832,
        "dmean2": 0.778439104557,
        "dvar": 0.365005433559,
        "dvar2": 0.876419067383,
        "max": 21.0835647583,
        "mean": 2.03374648094,
        "median": 1.79908752441,
        "min": -0.919583261013,
        "var": 1.89348804951
    },
    "melbands_spread": {
        "dmean": 4.92373847961,
        "dmean2": 7.61312532425,
        "dvar": 35.5578536987,
        "dvar2": 76.115486145,
        "max": 173.981277466,
        "mean": 22.7761192322,
        "median": 21.7487754822,
        "min": 1.65673196316,
        "var": 160.017089844
    },
    "pitch_salience": {
        "dmean": 0.0571223460138,
        "dmean2": 0.0933692753315,
        "dvar": 0.00273636169732,
        "dvar2": 0.00699728680775,
        "max": 0.956320881844,
        "mean": 0.568590760231,
        "median": 0.570700883865,
        "min": 0.036049798131,
        "var": 0.012319073081
    },
    "silence_rate_20dB": {
        "dmean": 0,
        "dmean2": 0,
        "dvar": 0,
        "dvar2": 0,
        "max": 1,
        "mean": 1,
        "median": 1,
        "min": 1,
        "var": 0
    },
    "silence_rate_30dB": {
        "dmean": 0.000491581682581,
        "dmean2": 0.000983284204267,
        "dvar": 0.000491339247674,
        "dvar2": 0.00147395627573,
        "max": 1,
        "mean": 0.99975425005,
        "median": 1,
        "min": 0,
        "var": 0.00024571135873
    },
    "silence_rate_60dB": {
        "dmean": 0.0078653069213,
        "dmean2": 0.0157325472683,
        "dvar": 0.00780268805102,
        "dvar2": 0.0176946576685,
        "max": 1,
        "mean": 0.0600884743035,
        "median": 0,
        "min": 0,
        "var": 0.0564691983163
    },
    "spectral_centroid": {
        "dmean": 184.888824463,
        "dmean2": 286.032745361,
        "dvar": 46230.484375,
        "dvar2": 99015.8359375,
        "max": 11353.6347656,
        "mean": 1280.26318359,
        "median": 1290.1171875,
        "min": 251.708694458,
        "var": 326654.40625
    },
    "spectral_complexity": {
        "dmean": 2.69607973099,
        "dmean2": 4.44813156128,
        "dvar": 7.16713857651,
        "dvar2": 18.2600421906,
        "max": 58,
        "mean": 19.6309909821,
        "median": 19,
        "min": 0,
        "var": 113.616821289
    },
    "spectral_decrease": {
        "dmean": 1.56033808096e-09,
        "dmean2": 2.41602582385e-09,
        "dvar": 5.49390946263e-18,
        "dvar2": 1.31845930837e-17,
        "max": 6.47897578693e-29,
        "mean": -5.83326853487e-09,
        "median": -4.80932671465e-09,
        "min": -3.43090356125e-08,
        "var": 2.04335035278e-17
    },
    "spectral_energy": {
        "dmean": 0.00614732922986,
        "dmean2": 0.0095035051927,
        "dvar": 8.22244765004e-05,
        "dvar2": 0.000196492139366,
        "max": 0.135376304388,
        "mean": 0.0238979700953,
        "median": 0.0197175070643,
        "min": 1.06631602348e-20,
        "var": 0.000336548080668
    },
    "spectral_energyband_high": {
        "dmean": 0.00020664530166,
        "dmean2": 0.000299682636978,
        "dvar": 1.4142567295e-07,
        "dvar2": 2.72044445637e-07,
        "max": 0.00944051705301,
        "mean": 0.000744292687159,
        "median": 0.000473353225971,
        "min": 7.75864799199e-21,
        "var": 6.96948404766e-07
    },
    "spectral_energyband_low": {
        "dmean": 0.0029108109884,
        "dmean2": 0.0046652504243,
        "dvar": 5.59444233659e-05,
        "dvar2": 0.000138422823511,
        "max": 0.0961810126901,
        "mean": 0.00573333259672,
        "median": 0.004179764539,
        "min": 4.22791516766e-23,
        "var": 6.74028051435e-05
    },
    "spectral_energyband_middle_high": {
        "dmean": 0.00192442955449,
        "dmean2": 0.00305270915851,
        "dvar": 1.10893661258e-05,
        "dvar2": 2.8566832043e-05,
        "max": 0.0721404105425,
        "mean": 0.00740026589483,
        "median": 0.00409346446395,
        "min": 1.53065915139e-21,
        "var": 8.13576843939e-05
    },
    "spectral_energyband_middle_low": {
        "dmean": 0.0037700352259,
        "dmean2": 0.0059669893235,
        "dvar": 2.61445456999e-05,
        "dvar2": 6.42584418529e-05,
        "max": 0.0699870660901,
        "mean": 0.010482265614,
        "median": 0.00818817131221,
        "min": 1.80981163073e-22,
        "var": 8.75068653841e-05
    },
    "spectral_entropy": {
        "dmean": 0.126605078578,
        "dmean2": 0.187160685658,
        "dvar": 0.0180735047907,
        "dvar2": 0.0338430516422,
        "max": 9.81229496002,
        "mean": 7.59884357452,
        "median": 7.69623565674,
        "min": 5.56770706177,
        "var": 0.208016514778
    },
    "spectral_flux": {
        "dmean": 0.0172822214663,
        "dmean2": 0.0274382028729,
        "dvar": 0.00046658483916,
        "dvar2": 0.000945057778154,
        "max": 0.296118319035,
        "mean": 0.0743015632033,
        "median": 0.0679710805416,
        "min": 6.92334384267e-11,
        "var": 0.00193359015975
    },
    "spectral_kurtosis": {
        "dmean": 1.33485555649,
        "dmean2": 2.22258877754,
        "dvar": 4.80580425262,
        "dvar2": 13.4634141922,
        "max": 63.2515792847,
        "mean": 4.58558654785,
        "median": 3.62246632576,
        "min": -1.49284362793,
        "var": 25.7543506622
    },
    "spectral_rms": {
        "dmean": 0.000557352672331,
        "dmean2": 0.000849168922286,
        "dvar": 4.02921443765e-07,
        "dvar2": 9.09362995571e-07,
        "max": 0.0114923650399,
        "mean": 0.00446086050943,
        "median": 0.00438595423475,
        "min": 3.2253811167e-12,
        "var": 3.41580994245e-06
    },
    "spectral_rolloff": {
        "dmean": 356.19519043,
        "dmean2": 583.544189453,
        "dvar": 657636.375,
        "dvar2": 1241749.5,
        "max": 18863.0859375,
        "mean": 1464.81726074,
        "median": 1248.92578125,
        "min": 21.533203125,
        "var": 1863400.375
    },
    "spectral_skewness": {
        "dmean": 0.175501644611,
        "dmean2": 0.27952465415,
        "dvar": 0.0374437682331,
        "dvar2": 0.0882343500853,
        "max": 6.27428436279,
        "mean": 1.66041064262,
        "median": 1.56864500046,
        "min": -0.0413522012532,
        "var": 0.330168277025
    },
    "spectral_spread": {
        "dmean": 446816.65625,
        "dmean2": 626033,
        "dvar": 567454138368,
        "dvar2": 1.13784245453e+12,
        "max": 41195200,
        "mean": 4793583,
        "median": 4431217,
        "min": 1145046,
        "var": 3.34684094464e+12
    },
    "spectral_strongpeak": {
        "dmean": 0.567339837551,
        "dmean2": 0.954640805721,
        "dvar": 0.669979810715,
        "dvar2": 1.71564412117,
        "max": 16.6371593475,
        "mean": 1.10771930218,
        "median": 0.72323423624,
        "min": 0,
        "var": 1.44046485424
    },
    "zerocrossingrate": {
        "dmean": 0.00875101797283,
        "dmean2": 0.0103352861479,
        "dvar": 0.000133908397402,
        "dvar2": 0.000142889737617,
        "max": 0.5537109375,
        "mean": 0.0644318833947,
        "median": 0.06005859375,
        "min": 0.00537109375,
        "var": 0.00116455263924
    },
    "barkbands": {
        "dmean": [0.000249927368714, 0.00210132077336, 0.0010605386924, 0.000503355346154, 0.00144889333751, 0.00108782830648, 0.00115292938426, 0.000717961287592, 0.000759127782658, 0.000883508066181, 0.000539814704098, 0.000754177221097, 0.000542175315786, 0.000270138698397, 0.000207415840123, 0.000186836652574, 0.00017554067017, 0.000147260798258, 0.000113008100016, 9.33382543735e-05, 5.04494128108e-05, 4.01075049012e-05, 6.01165447733e-05, 5.57862367714e-05, 3.45532462234e-05, 1.41813197843e-05, 3.17829709218e-08],
        "dmean2": [0.000392239773646, 0.00343630951829, 0.00189513806254, 0.000892185315024, 0.00229031150229, 0.0017492598854, 0.00180692609865, 0.0011424231343, 0.00123542721849, 0.00142389151733, 0.000876816920936, 0.0012266789563, 0.000881317304447, 0.00044875824824, 0.000338187906891, 0.000307012553094, 0.000288143666694, 0.000234660721617, 0.000184921955224, 0.000152756489115, 8.17925174488e-05, 6.37796110823e-05, 9.18220539461e-05, 8.13097867649e-05, 4.93799525429e-05, 2.05438536796e-05, 5.72827723033e-08],
        "dvar": [3.18759276752e-07, 2.89104809781e-05, 1.41108539538e-05, 2.29721467804e-06, 7.95436517365e-06, 6.86856765242e-06, 6.47342812954e-06, 2.95319250654e-06, 2.73123191619e-06, 4.29573219662e-06, 1.79378355369e-06, 3.7429524582e-06, 1.5777173985e-06, 3.55271851049e-07, 3.85753850196e-07, 1.51065279397e-07, 1.61048149039e-07, 1.50342316374e-07, 4.21935872907e-08, 2.92732753593e-08, 9.62629798096e-09, 5.93281601624e-09, 1.26102257525e-08, 1.56200847812e-08, 9.20670029103e-09, 2.06646455503e-09, 2.68086740958e-13],
        "dvar2": [7.06036189513e-07, 7.37761511118e-05, 4.03732592531e-05, 6.59098213873e-06, 1.8779113816e-05, 1.71491228684e-05, 1.50693840624e-05, 7.46146861275e-06, 7.00675991538e-06, 1.08908498078e-05, 4.51845198768e-06, 1.00175211628e-05, 3.78269078283e-06, 9.09065306587e-07, 6.80048913182e-07, 3.88094264281e-07, 4.06954626442e-07, 3.09513410457e-07, 1.080888552e-07, 7.65471455111e-08, 2.44471500821e-08, 1.33418724957e-08, 2.76264913168e-08, 2.88632495682e-08, 1.73303433826e-08, 4.05359479316e-09, 7.60391803776e-13],
        "max": [0.00830063968897, 0.0576316006482, 0.0498984977603, 0.0262137632817, 0.0550508350134, 0.0549472942948, 0.0570922866464, 0.0569581277668, 0.0375207811594, 0.0446072332561, 0.0276264026761, 0.0493178516626, 0.0549619160593, 0.0174250490963, 0.0464951731265, 0.0112425722182, 0.0134638622403, 0.0228558704257, 0.00584274344146, 0.00418043276295, 0.00220557535067, 0.00170037569478, 0.00328883691691, 0.00396287441254, 0.00258588022552, 0.00147580739576, 2.69900483545e-05],
        "mean": [0.000363966799341, 0.00383319612592, 0.00128441187553, 0.000539136584848, 0.00296450895257, 0.0019508516416, 0.00206155749038, 0.00127572903875, 0.00131861842237, 0.0016553751193, 0.00100731966086, 0.00146926764864, 0.00106419587974, 0.000470885308459, 0.000382867030567, 0.000382643862395, 0.000404554739362, 0.000303756212816, 0.000291708187433, 0.000231623693253, 0.000122419281979, 0.000104252532765, 0.000160370604135, 0.000151661384734, 7.81737689977e-05, 2.48546093644e-05, 2.00260519279e-08],
        "median": [0.000156928726938, 0.00280949799344, 0.000608825823292, 0.000164156721439, 0.00116840202827, 0.000568141636904, 0.000734861707315, 0.000454353372334, 0.00050818658201, 0.000433143082773, 0.000304154178593, 0.000370595022105, 0.000358472112566, 0.000202480703592, 0.000160714567755, 0.000175166176632, 0.000148546940181, 0.000153922577738, 0.000122466386529, 0.000109682718175, 6.66119303787e-05, 6.0409620346e-05, 8.97722929949e-05, 6.81110686855e-05, 3.12591328111e-05, 8.72127293405e-06, 5.86536763603e-10],
        "min": [1.05978798476e-24, 5.16863755582e-24, 9.15493590893e-24, 1.32750491318e-23, 4.9024395988e-24, 2.71352027079e-23, 2.28682619602e-23, 2.20617794801e-23, 4.96478225062e-23, 4.82051284392e-23, 1.38956128738e-23, 2.8998548964e-23, 8.69152177896e-23, 3.72772560448e-23, 6.9065169838e-23, 6.56125844022e-23, 1.18382551133e-22, 1.49834145123e-22, 1.84632604566e-22, 2.60671222765e-22, 3.86413858765e-22, 4.30649947156e-22, 5.7364793727e-22, 8.24604205458e-22, 1.18003090105e-21, 1.87866792914e-21, 1.86959701323e-21],
        "var": [4.5813038696e-07, 3.12082593155e-05, 1.00181159723e-05, 1.72564466538e-06, 2.38069133047e-05, 1.72614090843e-05, 1.58931761689e-05, 5.52135952603e-06, 5.55879432795e-06, 1.10099936137e-05, 4.69153746963e-06, 9.07144294615e-06, 4.15702061218e-06, 8.00287466518e-07, 1.05129447547e-06, 4.16326457753e-07, 6.45600891858e-07, 3.81016747042e-07, 1.96716285927e-07, 1.05453615618e-07, 2.7732051322e-08, 1.9055516276e-08, 4.61966642717e-08, 6.00420833052e-08, 2.68835691486e-08, 4.68243266383e-09, 1.58365562417e-13]
    },
    "erbbands": {
        "dmean": [0.0749037414789, 0.462334781885, 1.16427576542, 1.47219729424, 2.08062648773, 5.69245862961, 9.80079555511, 9.54180908203, 16.7412528992, 13.8996553421, 12.7383880615, 16.9634342194, 24.9050788879, 21.9300880432, 24.072769165, 23.9677505493, 22.015165329, 13.1725082397, 12.2253217697, 9.91457176208, 9.05402183533, 10.4005098343, 8.20745182037, 6.80575609207, 4.36921882629, 4.22815656662, 2.55934667587, 1.77749061584, 1.37145841122, 1.6656472683, 1.76581919193, 1.37180781364, 0.887041985989, 0.473324775696, 0.21392044425, 0.0918137133121, 0.0209836550057, 0.00094206049107, 2.47592670348e-05, 7.9048841144e-06],
        "dmean2": [0.117789022624, 0.794967591763, 2.05321073532, 2.63276815414, 3.48819422722, 8.9243106842, 15.6641244888, 15.2532615662, 26.1575603485, 22.1256771088, 20.4675598145, 27.7706756592, 39.9295043945, 35.354927063, 39.9635887146, 38.477142334, 35.968208313, 21.4312553406, 20.2995548248, 16.1283779144, 14.9666690826, 16.8938694, 12.8835840225, 10.9445896149, 7.08412647247, 6.8892250061, 4.24162244797, 2.89165139198, 2.17350149155, 2.57840776443, 2.72705411911, 2.06568026543, 1.28361880779, 0.683412432671, 0.306529760361, 0.131631299853, 0.0313377678394, 0.00153562286869, 3.79470220651e-05, 1.19305050248e-05],
        "dvar": [0.0311032570899, 1.74127292633, 15.5220661163, 25.3717441559, 23.7391643524, 124.103027344, 511.978515625, 632.525512695, 1617.90942383, 873.842041016, 1004.66033936, 1475.78088379, 2971.49267578, 2796.51953125, 3590.03564453, 3474.99951172, 2500.875, 628.475646973, 836.38458252, 1124.2166748, 362.192871094, 647.281188965, 597.030395508, 164.376739502, 57.6887969971, 62.5782432556, 24.947971344, 15.0688152313, 7.15245676041, 10.0229930878, 11.2766065598, 8.3360824585, 4.48563766479, 1.65038561821, 0.403851032257, 0.0819539949298, 0.00595539435744, 3.15206743835e-05, 1.3783290953e-08, 1.25570040477e-10],
        "dvar2": [0.0698166415095, 4.77145433426, 44.0640449524, 73.0338592529, 63.2929344177, 286.881500244, 1244.69763184, 1491.99060059, 3640.58911133, 2207.04882812, 2490.36645508, 3755.42700195, 7587.875, 6617.40136719, 9942.54003906, 8622.80078125, 5910.97412109, 1483.73657227, 2295.23657227, 1779.86987305, 931.728515625, 1612.62878418, 1164.27697754, 412.223327637, 152.576034546, 164.601882935, 65.1032104492, 37.1325836182, 16.0467128754, 21.770898819, 25.5376987457, 16.8645439148, 8.46838855743, 3.12698221207, 0.796222507954, 0.162587046623, 0.0120149804279, 7.42223783163e-05, 3.19844666308e-08, 2.80166556621e-10],
        "max": [2.25965476036, 14.9211120605, 52.6529388428, 71.1150970459, 86.3278656006, 229.773040771, 414.805969238, 670.854492188, 945.881408691, 739.313720703, 854.544189453, 1042.16027832, 1370.62390137, 1364.86938477, 1465.47912598, 2311.85766602, 2522.22363281, 704.624450684, 915.760681152, 2824.10253906, 465.776733398, 944.314208984, 1487.05810547, 390.351135254, 168.902160645, 162.596801758, 114.036148071, 124.265350342, 52.5902481079, 121.058631897, 83.890586853, 69.9929580688, 72.3255386353, 39.1523666382, 18.7442512512, 8.36242389679, 3.21729683876, 0.216455593705, 0.00509266648442, 0.000239604894887],
        "mean": [0.149015128613, 0.698948502541, 1.5426825285, 1.66660368443, 3.2786386013, 11.3089904785, 17.9130363464, 17.4421844482, 30.6900253296, 26.1685295105, 24.0091495514, 30.0144233704, 47.7595939636, 44.1305007935, 49.2901077271, 51.5171318054, 47.2868461609, 27.5905590057, 23.951751709, 20.5534648895, 21.2204647064, 24.4002685547, 18.216129303, 16.6238803864, 12.6626234055, 10.6247386932, 6.26496315002, 4.20864534378, 3.55893397331, 4.324696064, 4.68353366852, 3.62775373459, 2.24676966667, 1.0920381546, 0.442829877138, 0.175432264805, 0.0320774801075, 0.00109623360913, 4.95091699122e-05, 3.25506916852e-05],
        "median": [0.0932225584984, 0.482036501169, 0.837831139565, 0.677036762238, 1.44557416439, 3.86526441574, 6.13719320297, 5.64620780945, 10.5524873734, 12.970161438, 10.8602218628, 12.0382575989, 16.1497573853, 13.791765213, 14.5303411484, 15.3329839706, 17.2040519714, 12.8723726273, 10.3857727051, 9.94442081451, 9.67705154419, 9.29169368744, 9.18579769135, 8.01154708862, 5.84562730789, 5.07593774796, 3.45349431038, 2.28668069839, 2.05062580109, 2.42402124405, 2.56195902824, 1.78818774223, 0.954342484474, 0.431267261505, 0.17399713397, 0.0651762112975, 0.00974476709962, 0.000229741272051, 2.43531285378e-05, 2.68516341748e-05],
        "min": [2.43226895443e-22, 1.8323502577e-21, 1.3956042661e-20, 7.18697361557e-20, 2.34217095173e-20, 1.34336659872e-20, 7.63189597248e-20, 2.81820072805e-19, 2.72171269454e-19, 3.13307297358e-19, 6.6135462948e-19, 1.08323654252e-18, 1.32492434524e-18, 1.03798986641e-18, 1.24308712794e-18, 1.56457893802e-18, 3.71529661053e-18, 1.96248414213e-18, 2.7631852557e-18, 2.53823038619e-18, 4.33281754349e-18, 6.39695825379e-18, 8.99870266934e-18, 1.21833968313e-17, 1.40389258999e-17, 1.4050838955e-17, 1.35908264456e-17, 1.40431742995e-17, 1.31119227853e-17, 1.51054082093e-17, 1.9700987119e-17, 1.66742538483e-17, 1.25978341705e-17, 1.20949728782e-17, 6.80383888452e-18, 6.17218887953e-18, 3.06045039321e-18, 1.4499539356e-18, 2.61036591228e-19, 2.41770191206e-20],
        "var": [0.0460808947682, 1.3844448328, 11.159860611, 17.4453849792, 32.6602287292, 401.505706787, 1179.35424805, 1713.34130859, 4276.81884766, 1785.69384766, 1744.07885742, 2954.75512695, 7319.60791016, 6978.24609375, 9395.79199219, 9672.57421875, 7198.15234375, 1907.24255371, 1658.49438477, 3498.23071289, 1167.19775391, 2486.67163086, 1533.56835938, 625.306335449, 328.262969971, 224.11428833, 67.3145599365, 38.1449966431, 22.5086307526, 37.8454017639, 40.2502098083, 28.4759616852, 16.3169517517, 4.9794883728, 1.0104392767, 0.19133554399, 0.0118028270081, 3.70389352611e-05, 1.82592785336e-08, 6.06267980263e-10]
    },
    "gfcc": {
        "mean": [-7.41696166992, 89.8398361206, -128.928268433, 25.550951004, -72.7273178101, 26.4040718079, -43.4357643127, 16.513835907, -22.483757019, 3.18491649628, -6.5125207901, 1.51958703995, -7.03722667694],
        "cov": [[7075.82519531, -896.707885742, -227.057144165, 691.598388672, -57.3909759521, 296.493286133, -23.3207740784, 286.296142578, -258.241027832, 178.792663574, 103.682830811, 315.338104248, 3.81270265579], [-896.707885742, 1528.40100098, 772.370666504, 211.092193604, 246.899932861, -93.1112747192, 100.358436584, -63.9348220825, 125.571716309, -70.8647842407, 269.072662354, -71.8276138306, 33.8755874634], [-227.057144165, 772.370666504, 1445.28381348, 482.850280762, 208.948196411, 80.0207443237, -91.9099197388, 61.9591255188, 76.5483093262, 74.8829803467, 147.462768555, 48.1490211487, -1.12104988098], [691.598388672, 211.092193604, 482.850280762, 502.248413086, 121.682373047, 58.3460464478, -41.7552680969, 56.8343238831, 38.5569534302, 13.9041652679, 88.3305740356, 49.4195404053, 47.8265647888], [-57.3909759521, 246.899932861, 208.948196411, 121.682373047, 209.831069946, 31.3367977142, 47.1472549438, 40.5241355896, 23.7637691498, 16.1273059845, 36.9231262207, 24.0434761047, 6.01845264435], [296.493286133, -93.1112747192, 80.0207443237, 58.3460464478, 31.3367977142, 201.793518066, 86.4207000732, 41.5839881897, -22.7641296387, 24.9036903381, 6.17088460922, -8.8849439621, -2.64621520042], [-23.3207740784, 100.358436584, -91.9099197388, -41.7552680969, 47.1472549438, 86.4207000732, 212.393127441, 29.1550559998, -12.8329544067, 10.6465673447, 24.017780304, -20.3440437317, -11.3196754456], [286.296142578, -63.9348220825, 61.9591255188, 56.8343238831, 40.5241355896, 41.5839881897, 29.1550559998, 127.830421448, 39.9843025208, 29.9685516357, 23.0764274597, 25.5005931854, 0.40286141634], [-258.241027832, 125.571716309, 76.5483093262, 38.5569534302, 23.7637691498, -22.7641296387, -12.8329544067, 39.9843025208, 139.046920776, 19.8723716736, 38.3402366638, 3.13703203201, 17.777759552], [178.792663574, -70.8647842407, 74.8829803467, 13.9041652679, 16.1273059845, 24.9036903381, 10.6465673447, 29.9685516357, 19.8723716736, 105.800460815, 11.0396165848, 35.9657707214, -8.32663440704], [103.682830811, 269.072662354, 147.462768555, 88.3305740356, 36.9231262207, 6.17088460922, 24.017780304, 23.0764274597, 38.3402366638, 11.0396165848, 182.375976562, 30.1059818268, 23.4261608124], [315.338104248, -71.8276138306, 48.1490211487, 49.4195404053, 24.0434761047, -8.8849439621, -20.3440437317, 25.5005931854, 3.13703203201, 35.9657707214, 30.1059818268, 113.312423706, 22.2957267761], [3.81270265579, 33.8755874634, -1.12104988098, 47.8265647888, 6.01845264435, -2.64621520042, -11.3196754456, 0.40286141634, 17.777759552, -8.32663440704, 23.4261608124, 22.2957267761, 85.3379669189]],
        "icov": [[0.000377024553018, -0.000423987192335, 0.000602400745265, -0.000883012718987, 0.000680510245729, -0.000697420502547, 0.000639425357804, -0.00111072522122, 0.00115551997442, -0.000785105279647, 0.000186165168998, -0.000965302286204, 0.000558457977604], [-0.000423987192335, 0.00407718680799, -0.00270330044441, 0.00159971951507, -0.00332434056327, 0.00389769487083, -0.0039227027446, 0.00436797086149, -0.00314267794602, 0.00343263777904, -0.00382972694933, 0.00388701842166, -0.00169183860999], [0.000602400745265, -0.00270330044441, 0.00337629509158, -0.00264578289352, 0.00172966520768, -0.00330927828327, 0.003683476476, -0.00327837700024, 0.00266570062377, -0.00334759266116, 0.00170675874688, -0.00280254986137, 0.00223452784121], [-0.000883012718987, 0.00159971951507, -0.00264578289352, 0.00580521347001, -0.003027837025, 0.00127744977362, -0.00111266167369, 0.00235063908622, -0.00292631587945, 0.0030046319589, -0.00166068435647, 0.00223960727453, -0.00301578897052], [0.000680510245729, -0.00332434056327, 0.00172966520768, -0.003027837025, 0.00986920576543, -0.00292580411769, 0.00105435785372, -0.00496975379065, 0.00287234294228, -0.00279770395719, 0.00330472621135, -0.00487065454945, 0.00187941442709], [-0.000697420502547, 0.00389769487083, -0.00330927828327, 0.00127744977362, -0.00292580411769, 0.01142898947, -0.00698656216264, 0.00280068349093, -0.001717741834, 0.00214220676571, -0.00285837589763, 0.00556235667318, -0.00275640632026], [0.000639425357804, -0.0039227027446, 0.003683476476, -0.00111266167369, 0.00105435785372, -0.00698656216264, 0.01154313609, -0.00552713731304, 0.00424132822081, -0.00421956274658, 0.00165672739968, -0.00248500448652, 0.00236595631577], [-0.00111072522122, 0.00436797086149, -0.00327837700024, 0.00235063908622, -0.00496975379065, 0.00280068349093, -0.00552713731304, 0.0167885757983, -0.0083182528615, 0.00353434612043, -0.00360295549035, 0.00302184000611, -0.00114251568448], [0.00115551997442, -0.00314267794602, 0.00266570062377, -0.00292631587945, 0.00287234294228, -0.001717741834, 0.00424132822081, -0.0083182528615, 0.0141475936398, -0.00574514362961, 0.000916034390684, -0.00198163301684, -2.46085328399e-05], [-0.000785105279647, 0.00343263777904, -0.00334759266116, 0.0030046319589, -0.00279770395719, 0.00214220676571, -0.00421956274658, 0.00353434612043, -0.00574514362961, 0.0159597564489, -0.00244869128801, -0.000617772398982, 0.00021958949219], [0.000186165168998, -0.00382972694933, 0.00170675874688, -0.00166068435647, 0.00330472621135, -0.00285837589763, 0.00165672739968, -0.00360295549035, 0.000916034390684, -0.00244869128801, 0.0108559336513, -0.00494793383405, 0.000263014080701], [-0.000965302286204, 0.00388701842166, -0.00280254986137, 0.00223960727453, -0.00487065454945, 0.00556235667318, -0.00248500448652, 0.00302184000611, -0.00198163301684, -0.000617772398982, -0.00494793383405, 0.0171595010906, -0.0053920946084], [0.000558457977604, -0.00169183860999, 0.00223452784121, -0.00301578897052, 0.00187941442709, -0.00275640632026, 0.00236595631577, -0.00114251568448, -2.46085328399e-05, 0.00021958949219, 0.000263014080701, -0.0053920946084, 0.0155485859141]]
    },
    "melbands": {
        "dmean": [0.000601456617005, 0.000581480853725, 0.00026233526296, 0.000246724550379, 0.000338690180797, 0.000216676911805, 0.000242119582254, 0.000159735776833, 0.000100524048321, 0.000115538488899, 0.000132611879962, 9.96585658868e-05, 7.12728287908e-05, 8.74954494066e-05, 6.11892392044e-05, 5.35551662324e-05, 2.37592466874e-05, 2.34658855334e-05, 1.68739843502e-05, 1.42337512443e-05, 1.07452788143e-05, 1.24615908135e-05, 8.32165187603e-06, 7.23633593225e-06, 6.24225503998e-06, 4.1298699216e-06, 3.74978480977e-06, 2.9669054129e-06, 1.93984374164e-06, 1.29179329633e-06, 1.09738800802e-06, 8.58980968133e-07, 8.81556672994e-07, 1.07930804916e-06, 1.11281735826e-06, 1.06491540919e-06, 9.0160790478e-07, 7.2461250511e-07, 5.56678230623e-07, 4.01065221922e-07],
        "dmean2": [0.000962624384556, 0.00100556050893, 0.000464141921839, 0.000392834452214, 0.000538901309483, 0.000344390689861, 0.000379384524422, 0.00025412539253, 0.000161081523402, 0.000188935562619, 0.000212934624869, 0.000161245654454, 0.000117168732686, 0.000143298428156, 9.79608303169e-05, 8.8876200607e-05, 3.84992308682e-05, 3.9253714931e-05, 2.75692182186e-05, 2.34385079239e-05, 1.77879646799e-05, 2.04411917366e-05, 1.30961598188e-05, 1.15118600661e-05, 1.00982970253e-05, 6.7859509727e-06, 6.23079904472e-06, 4.88775503982e-06, 3.25862333739e-06, 2.13105568037e-06, 1.8067835299e-06, 1.38413304285e-06, 1.40760516842e-06, 1.68144879353e-06, 1.74533033714e-06, 1.63758886629e-06, 1.3864706716e-06, 1.08326310055e-06, 8.32303385323e-07, 5.92387266352e-07],
        "dvar": [2.12749819184e-06, 3.38117797583e-06, 6.77175023611e-07, 2.0218591601e-07, 5.60694843443e-07, 2.82208247881e-07, 3.09070799176e-07, 1.14075305646e-07, 6.07719883305e-08, 6.67926158826e-08, 8.41890255288e-08, 5.51865397824e-08, 2.7794998303e-08, 6.2302241588e-08, 2.52424658953e-08, 1.76208487801e-08, 2.26368190859e-09, 3.58861163008e-09, 3.04072633739e-09, 1.11655629187e-09, 5.25431032017e-10, 9.9213315341e-10, 4.00662697464e-10, 5.38577737963e-10, 1.48864684468e-10, 5.9101279426e-11, 5.03549493769e-11, 3.11104787765e-11, 1.57541219653e-11, 6.03354952805e-12, 6.2171175326e-12, 2.71212002509e-12, 3.07828155327e-12, 4.68294977449e-12, 4.77359861709e-12, 3.73003104098e-12, 4.27776997852e-12, 3.29063881178e-12, 1.85513930606e-12, 1.37031640375e-12],
        "dvar2": [5.11529606229e-06, 9.33390128921e-06, 1.9374178919e-06, 4.88652972308e-07, 1.33984781314e-06, 6.78749927374e-07, 7.04524893536e-07, 2.86307368924e-07, 1.46620848795e-07, 1.72729244241e-07, 2.1583456089e-07, 1.32299390998e-07, 7.47888222463e-08, 1.69455063315e-07, 5.57314159266e-08, 4.56406681337e-08, 5.10427344835e-09, 9.97429072669e-09, 5.46845857485e-09, 2.59625454468e-09, 1.30575927848e-09, 2.44948972217e-09, 9.05499564219e-10, 1.11213804832e-09, 3.72617769973e-10, 1.54765311677e-10, 1.36228542336e-10, 8.04222730078e-11, 4.07710289141e-11, 1.52221586031e-11, 1.58391477018e-11, 6.3593496788e-12, 7.05047348629e-12, 1.03030257936e-11, 1.10158687727e-11, 8.37360996514e-12, 9.17733944394e-12, 6.84562302677e-12, 3.73708702872e-12, 2.77484675862e-12],
        "max": [0.0168691407889, 0.0254509039223, 0.011141622439, 0.00958295539021, 0.0139125864953, 0.0129701253027, 0.0130895208567, 0.0090354224667, 0.00598641159013, 0.00593262305483, 0.00715272827074, 0.00576872192323, 0.00395241426304, 0.00674689467996, 0.00786158815026, 0.00537644186988, 0.00154167762958, 0.00186782004312, 0.00403478322551, 0.00155489123426, 0.000584201945458, 0.00115957285743, 0.000736872490961, 0.00155814969912, 0.000400265998906, 0.000171088890056, 0.00021300118533, 0.000123254532809, 0.000121492535982, 5.17860826221e-05, 7.83987925388e-05, 2.77735289274e-05, 5.01453032484e-05, 9.45117571973e-05, 6.39290665276e-05, 5.36945517524e-05, 5.28778073203e-05, 6.19040074525e-05, 3.90290733776e-05, 3.81444588129e-05],
        "mean": [0.00116383715067, 0.000854173209518, 0.000322742969729, 0.000484467163915, 0.000652740942314, 0.000401325465646, 0.000439992465544, 0.000294226134429, 0.000182636955287, 0.000196384033188, 0.000249618460657, 0.00019071722636, 0.00014269487292, 0.000169291408383, 0.000121607525216, 0.000101032812381, 4.38784554717e-05, 4.07238949265e-05, 2.96425168926e-05, 2.75852689811e-05, 2.27976652241e-05, 2.68440890068e-05, 1.71579085873e-05, 1.45167359733e-05, 1.36330181704e-05, 1.00569041024e-05, 8.6843065219e-06, 6.60225441607e-06, 4.19996013079e-06, 2.87021475742e-06, 2.2583021746e-06, 1.9549559056e-06, 2.07941980079e-06, 2.51326355283e-06, 2.66859274234e-06, 2.56299131252e-06, 2.10123789657e-06, 1.65937797192e-06, 1.21180028145e-06, 8.19206434244e-07],
        "median": [0.00080103520304, 0.000549656921066, 0.00014200960868, 0.000193309839233, 0.000241601694142, 0.000131108332425, 0.000156666559633, 0.000129585750983, 8.06192401797e-05, 7.08389416104e-05, 7.93027284089e-05, 5.45956499991e-05, 4.37366034021e-05, 4.0664926928e-05, 3.66927342839e-05, 3.22501582559e-05, 1.99969017558e-05, 1.56599762704e-05, 1.25072474475e-05, 1.25303249661e-05, 9.71267945715e-06, 9.43912345974e-06, 7.39687857276e-06, 7.21657306713e-06, 5.80987125431e-06, 4.095039003e-06, 3.70828456653e-06, 2.98721238323e-06, 2.23303459279e-06, 1.45274611896e-06, 1.19785863717e-06, 1.0551473224e-06, 1.1254361425e-06, 1.34482354497e-06, 1.41628470374e-06, 1.32314039547e-06, 9.46214527175e-07, 6.88063437337e-07, 4.85849682264e-07, 2.96947661127e-07],
        "min": [2.30534936005e-24, 6.07122735446e-24, 1.14296912709e-23, 9.59688142601e-25, 2.53620851788e-24, 6.52467801341e-24, 4.34628713859e-24, 2.90294896665e-24, 5.12232550423e-24, 6.27057999939e-24, 6.58128509425e-24, 4.10441410201e-24, 3.07114042253e-24, 3.26290935314e-24, 6.3550847517e-24, 1.05381222536e-23, 2.84606913715e-24, 3.87091403508e-24, 4.49799613472e-24, 2.75775556717e-24, 5.81332150884e-24, 5.74674953705e-24, 8.3297684694e-24, 7.36774707346e-24, 8.8690038075e-24, 7.43266322621e-24, 8.19875918343e-24, 7.51149567419e-24, 7.76870219462e-24, 7.89960340665e-24, 6.7745970368e-24, 5.89312425573e-24, 8.67166394117e-24, 6.63680196932e-24, 1.06738875819e-23, 9.60170097171e-24, 1.07296016722e-23, 8.1627074512e-24, 9.67165400134e-24, 9.86422362578e-24],
        "var": [2.75973593489e-06, 2.586211167e-06, 4.98940210036e-07, 6.31860643807e-07, 1.4331994862e-06, 7.59164777264e-07, 7.84192707215e-07, 2.34771960095e-07, 1.07136123972e-07, 1.33615316145e-07, 2.09859038591e-07, 1.32921357476e-07, 7.81895792556e-08, 1.44728900864e-07, 7.2890877334e-08, 4.80997783825e-08, 5.71024738605e-09, 6.28694740712e-09, 7.51463069548e-09, 3.0897067127e-09, 1.50124390697e-09, 3.42365735762e-09, 1.09452147345e-09, 1.08487385742e-09, 5.04664976475e-10, 2.53064708078e-10, 1.72529115994e-10, 9.32642574281e-11, 3.51337639537e-11, 1.64590476665e-11, 1.2745960537e-11, 7.41206835492e-12, 8.91705459471e-12, 1.48933348293e-11, 1.46817922403e-11, 1.23234573587e-11, 1.18739289234e-11, 9.98798873469e-12, 5.64134372896e-12, 3.38975028602e-12]
    },
    "mfcc": {
        "mean": [-642.186950684, 114.418296814, 0.557695031166, 1.66344451904, -0.132105126977, -0.121214270592, -0.482569009066, 6.37698554993, -6.34730243683, 4.73089170456, -2.21683526039, 4.07229423523, 1.15603256226],
        "cov": [[6657.99169922, -1283.40893555, -424.105102539, 259.087341309, -73.5082397461, 71.6138534546, 247.98866272, 169.000061035, -121.452331543, 108.34412384, -148.565490723, -22.1954936981, 141.840286255], [-1283.40893555, 1299.3560791, 516.489379883, 262.562255859, 202.650939941, 23.8782100677, 91.65965271, 23.0831165314, -83.2417221069, 30.9387817383, 68.17993927, 81.3927078247, 70.9626159668], [-424.105102539, 516.489379883, 1141.33898926, 401.194122314, 398.390686035, 92.1472473145, 62.9227409363, 15.1855726242, -44.5999031067, 37.7309684753, 38.4119529724, 107.127731323, 66.6937789917], [259.087341309, 262.562255859, 401.194122314, 437.302886963, 237.675292969, 41.6878585815, 19.8617801666, 41.3618850708, -28.0088500977, 19.6521530151, -11.8268404007, 64.6775054932, 59.733417511], [-73.5082397461, 202.650939941, 398.390686035, 237.675292969, 317.893676758, 23.6019306183, 2.17800402641, 29.0616588593, -7.17726707458, 17.8317909241, 0.193292230368, 62.4307174683, 38.950138092], [71.6138534546, 23.8782100677, 92.1472473145, 41.6878585815, 23.6019306183, 148.412216187, 77.9498291016, 14.3520812988, 27.5693073273, 10.5257320404, 21.0955753326, -9.50158596039, -0.869828879833], [247.98866272, 91.65965271, 62.9227409363, 19.8617801666, 2.17800402641, 77.9498291016, 223.969161987, 56.9209518433, -13.0585842133, 47.9211959839, 22.273771286, -17.7821292877, 22.2629680634], [169.000061035, 23.0831165314, 15.1855726242, 41.3618850708, 29.0616588593, 14.3520812988, 56.9209518433, 112.585884094, 8.96895217896, 36.0045509338, 7.90187168121, 7.55168151855, 21.0775623322], [-121.452331543, -83.2417221069, -44.5999031067, -28.0088500977, -7.17726707458, 27.5693073273, -13.0585842133, 8.96895217896, 135.246566772, 5.56132650375, 24.1290531158, -7.89652681351, -20.6726741791], [108.34412384, 30.9387817383, 37.7309684753, 19.6521530151, 17.8317909241, 10.5257320404, 47.9211959839, 36.0045509338, 5.56132650375, 113.926719666, 33.0430450439, -0.906240344048, 9.30307483673], [-148.565490723, 68.17993927, 38.4119529724, -11.8268404007, 0.193292230368, 21.0955753326, 22.273771286, 7.90187168121, 24.1290531158, 33.0430450439, 93.1742782593, 21.9268569946, 1.8688044548], [-22.1954936981, 81.3927078247, 107.127731323, 64.6775054932, 62.4307174683, -9.50158596039, -17.7821292877, 7.55168151855, -7.89652681351, -0.906240344048, 21.9268569946, 95.4147262573, 44.7048416138], [141.840286255, 70.9626159668, 66.6937789917, 59.733417511, 38.950138092, -0.869828879833, 22.2629680634, 21.0775623322, -20.6726741791, 9.30307483673, 1.8688044548, 44.7048416138, 101.822219849]],
