{
"lowlevel": {
    "average_loudness": 0.890511512756,
    "barkbands_crest": {
        "dmean": 2.97031569481,
        "dmean2": 4.94250774384,
        "dvar": 8.17903900146,
        "dvar2": 22.1092319489,
        "max": 26.7162303925,
        "mean": 10.3479547501,
        "median": 9.24356842041,
        "min": 2.91948461533,
        "var": 20.755903244
    },
    "barkbands_flatness_db": {
        "dmean": 0.0223008729517,
        "dmean2": 0.0364338867366,
        "dvar": 0.000687245687004,
        "dvar2": 0.00174296635669,
        "max": 0.396373480558,
        "mean": 0.142382144928,
        "median": 0.129591107368,
        "min": 0.0339582972229,
        "var": 0.00227124197409
    },
    "barkbands_kurtosis": {
        "dmean": 4.17639732361,
        "dmean2": 6.96552705765,
        "dvar": 176.517715454,
        "dvar2": 466.225708008,
        "max": 270.431854248,
        "mean": 5.34504842758,
        "median": 1.08389186859,
        "min": -1.91987168789,
        "var": 207.183578491
    },
    "barkbands_skewness": {
        "dmean": 0.588759839535,
        "dmean2": 0.938142597675,
        "dvar": 0.780138731003,
        "dvar2": 1.87909567356,
        "max": 13.7588720322,
        "mean": 1.63414001465,
        "median": 1.25323200226,
        "min": -1.95319616795,
        "var": 2.17585110664
    },
    "barkbands_spread": {
        "dmean": 5.30440711975,
        "dmean2": 8.49307823181,
        "dvar": 45.0177307129,
        "dvar2": 103.412956238,
        "max": 118.15486145,
        "mean": 23.9987010956,
        "median": 23.6156997681,
        "min": 0.855040609837,
        "var": 162.226913452
    },
    "dissonance": {
        "dmean": 0.0159029420465,
        "dmean2": 0.0270586740226,
        "dvar": 0.000230728372117,
        "dvar2": 0.000647185195703,
        "max": 0.500000119209,
        "mean": 0.469664752483,
        "median": 0.47494789958,
        "min": 0.305664896965,
        "var": 0.000537060317583
    },
    "dynamic_complexity": 2.82996892929,
    "erbbands_crest": {
        "dmean": 2.41966772079,
        "dmean2": 3.92704343796,
        "dvar": 5.00191736221,
        "dvar2": 12.4228219986,
        "max": 27.9262485504,
        "mean": 8.90289974213,
        "median": 7.84954738617,
        "min": 2.31941461563,
        "var": 17.7079200745
    },
    "erbbands_flatness_db": {
        "dmean": 0.0133187547326,
        "dmean2": 0.0203742682934,
        "dvar": 0.000147190570715,
        "dvar2": 0.000330399401719,
        "max": 0.373341083527,
        "mean": 0.150425031781,
        "median": 0.143915891647,
        "min": 0.0524383857846,
        "var": 0.00177817628719
    },
    "erbbands_kurtosis": {
        "dmean": 0.714877843857,
        "dmean2": 1.15101587772,
        "dvar": 1.08135998249,
        "dvar2": 2.74180221558,
        "max": 33.5122070312,
        "mean": 0.348556220531,
        "median": -0.122490406036,
        "min": -1.7219080925,
        "var": 3.44706439972
    },
    "erbbands_skewness": {
        "dmean": 0.304414749146,
        "dmean2": 0.477950841188,
        "dvar": 0.0843179002404,
        "dvar2": 0.194904386997,
        "max": 5.05617284775,
        "mean": 0.280614048243,
        "median": 0.246372997761,
        "min": -3.20490431786,
        "var": 0.469416379929
    },
    "erbbands_spread": {
        "dmean": 7.24237632751,
        "dmean2": 11.2389650345,
        "dvar": 68.0108032227,
        "dvar2": 154.280761719,
        "max": 155.076950073,
        "mean": 40.4142570496,
        "median": 36.6084327698,
        "min": 5.30734157562,
        "var": 393.284973145
    },
    "hfc": {
        "dmean": 4.56863021851,
        "dmean2": 6.78178930283,
        "dvar": 31.1561336517,
        "dvar2": 66.3110580444,
        "max": 208.454162598,
        "mean": 22.4604263306,
        "median": 17.9552078247,
        "min": 1.17144444847e-16,
        "var": 331.56741333
    },
    "melbands_crest": {
        "dmean": 3.52690052986,
        "dmean2": 5.84294700623,
        "dvar": 9.07805347443,
        "dvar2": 23.1700458527,
        "max": 39.7237892151,
        "mean": 14.322640419,
        "median": 13.4788246155,
        "min": 1.92435884476,
        "var": 28.8329963684
    },
    "melbands_flatness_db": {
        "dmean": 0.0276239011437,
        "dmean2": 0.04467689991,
        "dvar": 0.00101588945836,
        "dvar2": 0.00247860630043,
        "max": 0.492628544569,
        "mean": 0.192565217614,
        "median": 0.178773343563,
        "min": 0.00381613289937,
        "var": 0.00405493471771
    },
    "melbands_kurtosis": {
        "dmean": 10.4445009232,
        "dmean2": 17.2824249268,
        "dvar": 794.693481445,
        "dvar2": 1981.13366699,
        "max": 532.48046875,
        "mean": 17.6118583679,
        "median": 6.42160606384,
        "min": -1.72190976143,
        "var": 1202.38928223
    },
    "melbands_skewness": {
        "dmean": 0.817959964275,
        "dmean2": 1.30254304409,
        "dvar": 1.24249184132,
        "dvar2": 2.89054274559,
        "max": 17.4661617279,
        "mean": 2.82883191109,
        "median": 2.26650857925,
        "min": -0.457855731249,
        "var": 4.24658060074
    },
    "melbands_spread": {
        "dmean": 6.23712921143,
        "dmean2": 9.91952323914,
        "dvar": 55.7374687195,
        "dvar2": 122.959243774,
        "max": 204.847579956,
        "mean": 23.9875106812,
        "median": 22.501865387,
        "min": 0.583456158638,
        "var": 224.15763855
    },
    "pitch_salience": {
        "dmean": 0.0767497867346,
        "dmean2": 0.128688722849,
        "dvar": 0.00607501203194,
        "dvar2": 0.0166996009648,
        "max": 0.894120872021,
        "mean": 0.514740765095,
        "median": 0.511435627937,
        "min": 0.0150224100798,
        "var": 0.0139070348814
    },
    "silence_rate_20dB": {
        "dmean": 0,
        "dmean2": 0,
        "dvar": 0,
        "dvar2": 0,
        "max": 1,
        "mean": 1,
        "median": 1,
        "min": 1,
        "var": 0
    },
    "silence_rate_30dB": {
        "dmean": 0.00789190456271,
        "dmean2": 0.0157856978476,
        "dvar": 0.00782934390008,
        "dvar2": 0.0227111894637,
        "max": 1,
        "mean": 0.995217621326,
        "median": 1,
        "min": 0,
        "var": 0.00475954683498
    },
    "silence_rate_60dB": {
        "dmean": 0.00884849950671,
        "dmean2": 0.0176991149783,
        "dvar": 0.00876859668642,
        "dvar2": 0.0209796670824,
        "max": 1,
        "mean": 0.0252271648496,
        "median": 0,
        "min": 0,
        "var": 0.0245946180075
    },
    "spectral_centroid": {
        "dmean": 223.421859741,
        "dmean2": 353.842987061,
        "dvar": 63830.8984375,
        "dvar2": 144610.78125,
        "max": 11576.6083984,
        "mean": 1429.9675293,
        "median": 1440.55957031,
        "min": 156.749008179,
        "var": 316408.78125
    },
    "spectral_complexity": {
        "dmean": 3.07425570488,
        "dmean2": 4.90648174286,
        "dvar": 8.27404594421,
        "dvar2": 18.808385849,
        "max": 56,
        "mean": 20.1046142578,
        "median": 20,
        "min": 0,
        "var": 114.406211853
    },
    "spectral_decrease": {
        "dmean": 2.99850766439e-09,
        "dmean2": 4.89494844658e-09,
        "dvar": 2.56403804907e-17,
        "dvar2": 6.26981397619e-17,
        "max": 1.22792707133e-28,
        "mean": -7.74037456353e-09,
        "median": -6.52786180666e-09,
        "min": -4.32491269464e-08,
        "var": 3.43424049072e-17
    },
    "spectral_energy": {
        "dmean": 0.0115752508864,
        "dmean2": 0.0188308767974,
        "dvar": 0.000371395814,
        "dvar2": 0.00090382876806,
        "max": 0.165649935603,
        "mean": 0.0312512554228,
        "median": 0.0263868160546,
        "min": 1.0322242269e-20,
        "var": 0.000533063954208
    },
    "spectral_energyband_high": {
        "dmean": 0.000237282292801,
        "dmean2": 0.000348321977071,
        "dvar": 1.4557463146e-07,
        "dvar2": 3.06055255805e-07,
        "max": 0.00647276407108,
        "mean": 0.000784623494837,
        "median": 0.00050310336519,
        "min": 7.61673401035e-21,
        "var": 6.62791137529e-07
    },
    "spectral_energyband_low": {
        "dmean": 0.0096913985908,
        "dmean2": 0.0163877494633,
        "dvar": 0.000378245429602,
        "dvar2": 0.000970371707808,
        "max": 0.158201411366,
        "mean": 0.0137526337057,
        "median": 0.00942234881222,
        "min": 4.39646350422e-23,
        "var": 0.000330860115355
    },
    "spectral_energyband_middle_high": {
        "dmean": 0.00189894379582,
        "dmean2": 0.00293165422045,
        "dvar": 8.03165221441e-06,
        "dvar2": 1.95517095563e-05,
        "max": 0.120789550245,
        "mean": 0.00766477873549,
        "median": 0.00458333874121,
        "min": 1.35456187035e-21,
        "var": 7.46414370951e-05
    },
    "spectral_energyband_middle_low": {
        "dmean": 0.00351614924148,
        "dmean2": 0.0058459318243,
        "dvar": 2.21824284381e-05,
        "dvar2": 6.02278778388e-05,
        "max": 0.0722920298576,
        "mean": 0.00973063427955,
        "median": 0.0080824457109,
        "min": 3.47724964529e-22,
        "var": 5.59048785362e-05
    },
    "spectral_entropy": {
        "dmean": 0.128473728895,
        "dmean2": 0.202512845397,
        "dvar": 0.0212690420449,
        "dvar2": 0.05168781057,
        "max": 9.80459022522,
        "mean": 7.67998838425,
        "median": 7.70526885986,
        "min": 6.0957942009,
        "var": 0.0878648534417
    },
    "spectral_flux": {
        "dmean": 0.0262978337705,
        "dmean2": 0.0409748777747,
        "dvar": 0.00131029810291,
        "dvar2": 0.00248565082438,
        "max": 0.356559276581,
        "mean": 0.0925494283438,
        "median": 0.0807602107525,
        "min": 6.61767723953e-11,
        "var": 0.00276918360032
    },
    "spectral_kurtosis": {
        "dmean": 1.01640319824,
        "dmean2": 1.71038389206,
        "dvar": 1.00022745132,
        "dvar2": 2.83901691437,
        "max": 21.7742805481,
        "mean": 3.59257435799,
        "median": 3.44084501266,
        "min": -1.31857764721,
        "var": 3.09869503975
    },
    "spectral_rms": {
        "dmean": 0.000920499907807,
        "dmean2": 0.00146017153747,
        "dvar": 1.50122002651e-06,
        "dvar2": 3.36308153237e-06,
        "max": 0.0127125801519,
        "mean": 0.00518524972722,
        "median": 0.0050737792626,
        "min": 3.17340186247e-12,
        "var": 3.60218041351e-06
    },
    "spectral_rolloff": {
        "dmean": 408.968811035,
        "dmean2": 691.410400391,
        "dvar": 554130.9375,
        "dvar2": 1288245.5,
        "max": 18970.7519531,
        "mean": 1353.20788574,
        "median": 1270.45898438,
        "min": 21.533203125,
        "var": 1380506.375
    },
    "spectral_skewness": {
        "dmean": 0.154417589307,
        "dmean2": 0.251593202353,
        "dvar": 0.020495576784,
        "dvar2": 0.0507055744529,
        "max": 3.64805793762,
        "mean": 1.45178890228,
        "median": 1.44759774208,
        "min": -0.162806898355,
        "var": 0.103429451585
    },
    "spectral_spread": {
        "dmean": 420065.375,
        "dmean2": 625382.8125,
        "dvar": 389040570368,
        "dvar2": 733041197056,
        "max": 40274896,
        "mean": 4613756,
        "median": 4326432,
        "min": 2097273.5,
        "var": 1.96192160973e+12
    },
    "spectral_strongpeak": {
        "dmean": 0.580221831799,
        "dmean2": 1.02545833588,
        "dvar": 1.20028328896,
        "dvar2": 3.1330139637,
        "max": 17.6926689148,
        "mean": 0.88355910778,
        "median": 0.314468175173,
        "min": 0,
        "var": 1.9107927084
    },
    "zerocrossingrate": {
        "dmean": 0.00894098263234,
        "dmean2": 0.0114721572027,
        "dvar": 0.000127215622342,
        "dvar2": 0.00016511339345,
        "max": 0.642578125,
        "mean": 0.0591439120471,
        "median": 0.056640625,
        "min": 0,
        "var": 0.000897839257959
    },
    "barkbands": {
        "dmean": [0.000383179401979, 0.00813988503069, 0.0023069025483, 0.00102775741834, 0.00157372048125, 0.000972502748482, 0.000673320435453, 0.000401774508646, 0.000672100519296, 0.000864182366058, 0.000402170611778, 0.000419972639065, 0.000492534716614, 0.000412762572523, 0.000431539927376, 0.000289496645564, 0.00023076107027, 0.000253548292676, 0.000127677063574, 0.000122985598864, 5.64749243495e-05, 4.149920278e-05, 7.74770014687e-05, 6.19291749899e-05, 3.3851039916e-05, 1.06964298539e-05, 3.50879822975e-08],
        "dmean2": [0.000675284536555, 0.0141098229215, 0.00410680612549, 0.00182806246448, 0.00268912687898, 0.00154783134349, 0.00109720230103, 0.000631304166745, 0.00109309423715, 0.00135625258554, 0.000651926966384, 0.000674571027048, 0.000796693260781, 0.000665676023345, 0.000694263319019, 0.000477544614114, 0.000378352560801, 0.000407041225117, 0.000209290898056, 0.000192652631085, 9.23132392927e-05, 6.53418901493e-05, 0.000119225267554, 9.31417671381e-05, 5.10854879394e-05, 1.60765976034e-05, 6.56956515854e-08],
        "dvar": [3.12139292191e-07, 0.000281147018541, 3.4306638554e-05, 4.64153526991e-06, 6.64061144562e-06, 1.92874949789e-06, 2.22820062845e-06, 1.26072950479e-06, 1.81457687631e-06, 3.36693801728e-06, 7.7984964264e-07, 1.46857894379e-06, 1.18934849525e-06, 9.87755470305e-07, 1.95570760297e-06, 3.65528251223e-07, 1.51704199425e-07, 2.7664518143e-07, 4.63470151146e-08, 4.39689422649e-08, 9.86658221791e-09, 6.12035000458e-09, 1.85413533416e-08, 1.61936082321e-08, 5.58047918986e-09, 7.61298912799e-10, 1.56279950461e-13],
        "dvar2": [8.31087220377e-07, 0.000764328753576, 9.58286618697e-05, 1.30941807583e-05, 1.84728178283e-05, 4.77330195281e-06, 5.58746751267e-06, 3.05610274154e-06, 4.89405420012e-06, 8.7631506176e-06, 1.84361795164e-06, 3.51678977495e-06, 2.888418976e-06, 2.46141735261e-06, 4.78969968754e-06, 9.21666469367e-07, 3.89084306107e-07, 6.61383126044e-07, 1.21986275303e-07, 1.01964282351e-07, 2.58403893838e-08, 1.40719942365e-08, 4.2246654175e-08, 3.35508687499e-08, 1.27958577067e-08, 1.63764746208e-09, 4.44991699738e-13],
        "max": [0.0281428936869, 0.144601359963, 0.0685760453343, 0.029637619853, 0.0465720556676, 0.019596144557, 0.0438364110887, 0.0438328385353, 0.0218147765845, 0.0400411337614, 0.0223992932588, 0.0634452626109, 0.0220516305417, 0.0406399816275, 0.065561465919, 0.016122661531, 0.00724288029596, 0.0171109382063, 0.00485543580726, 0.00559271173552, 0.00214095949195, 0.0022902963683, 0.00279123825021, 0.00323926564306, 0.0015887580812, 0.000865313399117, 1.06812694867e-05],
        "mean": [0.000464277050924, 0.0104745728895, 0.00235434807837, 0.00112998113036, 0.00278693414293, 0.00206168275326, 0.00130376534071, 0.000724358018488, 0.00126454851124, 0.00179806724191, 0.000719364965335, 0.000814013590571, 0.000888724171091, 0.000764881668147, 0.000837642757688, 0.000590644427575, 0.000485556811327, 0.000557621591724, 0.000281152169919, 0.00029051391175, 0.000132155721076, 9.99979747576e-05, 0.000194537336938, 0.000143304452649, 6.93891270203e-05, 1.91808703676e-05, 2.2324273985e-08],
        "median": [0.000289936608169, 0.00669660512358, 0.000934500421863, 0.000511830090545, 0.0017442459939, 0.00119049509522, 0.000427108810982, 0.00016531709116, 0.000417423434556, 0.000380534795113, 0.000203923293157, 0.000182673858944, 0.000269421172561, 0.000264454138232, 0.000285346060991, 0.000241938774707, 0.000254682032391, 0.000267266121227, 0.000168626153027, 0.000157511472935, 8.17593390821e-05, 6.32418959867e-05, 9.56750591286e-05, 6.20517384959e-05, 3.25951405102e-05, 8.63995319378e-06, 7.46971262622e-10],
        "min": [1.81586807089e-24, 3.13152157171e-23, 7.18805008128e-24, 1.02719164079e-23, 7.05846863354e-23, 3.76804207653e-23, 2.25438066253e-23, 3.35851755936e-23, 1.04602362809e-22, 1.93919444329e-23, 7.0190634536e-23, 5.02927478506e-23, 5.2481590738e-23, 9.9088528004e-23, 1.16719569236e-22, 3.20497872148e-23, 8.18403304359e-23, 1.7543376697e-22, 2.27994811779e-22, 2.20316052349e-22, 3.70601148231e-22, 3.61613611761e-22, 5.02680041239e-22, 7.69419232574e-22, 1.20519457943e-21, 1.59366301064e-21, 2.43819280758e-21],
        "var": [4.23603353283e-07, 0.00022093768348, 2.40654917434e-05, 3.8095297441e-06, 1.23603203974e-05, 5.9707872424e-06, 6.76414811096e-06, 2.65033281721e-06, 4.94377445648e-06, 1.15815410027e-05, 2.48328638008e-06, 4.6664627007e-06, 3.40947440236e-06, 2.02628189072e-06, 5.86266423852e-06, 1.17667059385e-06, 4.32862520938e-07, 8.69733469244e-07, 1.30839538315e-07, 1.64098736377e-07, 2.75187108656e-08, 1.55789141587e-08, 6.51868674595e-08, 5.70278402279e-08, 1.28837749358e-08, 1.65263258634e-09, 9.32236330232e-14]
    },
    "erbbands": {
        "dmean": [0.209403127432, 1.9431450367, 3.05068421364, 2.87888050079, 4.27155733109, 6.14980220795, 6.2579870224, 8.54866504669, 8.88252162933, 10.5029439926, 7.22520637512, 15.2498407364, 23.5831012726, 20.7281646729, 15.7400455475, 17.0249538422, 21.1063156128, 16.7212581635, 24.4085903168, 16.9943904877, 12.5006847382, 11.0954561234, 14.6035060883, 7.46559906006, 6.39106464386, 5.53221225739, 3.10667991638, 1.65780878067, 1.44327890873, 1.75644671917, 2.3819937706, 1.48079371452, 0.997625887394, 0.50273501873, 0.170045033097, 0.0690826550126, 0.0152773847803, 0.00102975929622, 2.59698681475e-05, 1.3406402104e-05],
        "dmean2": [0.354098767042, 3.41260838509, 5.34543991089, 5.09198093414, 7.47008895874, 10.5314445496, 10.198431015, 13.5176820755, 14.6011972427, 16.4746723175, 11.5548391342, 24.7531089783, 37.5933799744, 32.5616188049, 25.3714237213, 26.9617233276, 34.0402641296, 27.2084503174, 38.7887496948, 27.9164829254, 20.3292503357, 17.8816814423, 23.3260593414, 12.1691331863, 10.1749372482, 8.69190120697, 4.96893644333, 2.70243501663, 2.27141094208, 2.72715783119, 3.68635702133, 2.22442102432, 1.50352096558, 0.762916147709, 0.256745845079, 0.103196293116, 0.0235576182604, 0.00176737189759, 4.14713649661e-05, 2.12778340938e-05],
        "dvar": [0.117339104414, 18.4282398224, 55.68019104, 45.5196800232, 55.099773407, 115.295288086, 100.60256958, 174.895080566, 415.885131836, 558.755432129, 475.423034668, 982.51965332, 2885.73974609, 2289.38769531, 1239.02783203, 2551.58203125, 2204.78515625, 1243.4239502, 7236.67919922, 980.403564453, 720.41595459, 339.216644287, 1078.19360352, 143.690536499, 124.663825989, 101.422821045, 29.4866161346, 8.84501838684, 7.35554361343, 10.4275922775, 18.0112438202, 8.90968990326, 4.92340040207, 1.27159178257, 0.161169081926, 0.0287435874343, 0.00232933182269, 4.40756011812e-05, 1.43608192005e-08, 4.39687175557e-10],
        "dvar2": [0.323191463947, 50.177482605, 150.96925354, 126.669548035, 157.482299805, 322.715881348, 256.121032715, 431.139953613, 1057.45349121, 1329.61291504, 1219.60791016, 2621.36938477, 7615.49267578, 5699.80078125, 3046.62890625, 5917.93701172, 5490.53076172, 3071.96020508, 18134.5410156, 2474.04858398, 1776.83825684, 834.137573242, 2610.23583984, 367.103942871, 313.008636475, 238.027038574, 72.7154693604, 22.9496765137, 17.1140003204, 23.1138267517, 41.742515564, 18.6683673859, 10.7372312546, 2.85567879677, 0.368408292532, 0.0632672980428, 0.00507357344031, 0.000122951634694, 3.91715460069e-08, 1.03301012189e-09],
        "max": [4.94942569733, 36.1829528809, 76.2199707031, 77.1808395386, 111.437011719, 210.285049438, 249.306945801, 224.825637817, 692.906677246, 539.150268555, 1114.12561035, 611.882446289, 1407.89160156, 1334.96875, 907.462402344, 2998.17504883, 1078.39807129, 887.864624023, 4049.72705078, 943.692565918, 1011.39398193, 443.100738525, 1036.94750977, 213.283233643, 277.82699585, 382.381744385, 133.119262695, 73.3730773926, 77.247428894, 90.6502685547, 82.2903060913, 65.131401062, 59.1035041809, 28.6290378571, 13.1999206543, 4.99179458618, 1.30061841011, 0.152748003602, 0.00313452119008, 0.000192550563952],
        "mean": [0.298790156841, 2.31859922409, 3.24980020523, 3.26432037354, 6.29378700256, 9.86730861664, 12.6065883636, 18.9637432098, 17.4327030182, 21.5301895142, 13.1390581131, 28.3379211426, 48.6552848816, 44.8274841309, 31.649887085, 36.4276008606, 41.816986084, 34.8343544006, 50.2322616577, 37.3108291626, 28.7197952271, 26.3539600372, 33.3362503052, 17.675403595, 15.2647418976, 13.2300043106, 7.54212522507, 4.00621652603, 3.44702887535, 4.2824678421, 5.83954048157, 3.45690917969, 2.27211642265, 1.09376871586, 0.333936095238, 0.13686914742, 0.024130538106, 0.00102998630609, 4.87891848024e-05, 4.02559853683e-05],
        "median": [0.20898874104, 1.32748425007, 1.49897694588, 1.66197693348, 3.64031982422, 5.64632987976, 7.72703313828, 9.94097328186, 6.78049993515, 5.81374454498, 5.5951795578, 10.1013660431, 13.2681722641, 11.9218902588, 11.6943702698, 10.2538375854, 14.8235645294, 14.6856937408, 16.0410327911, 18.5865631104, 12.934047699, 14.7056970596, 16.2625312805, 11.419968605, 8.97848892212, 7.69999885559, 4.28174352646, 2.75783491135, 2.22469949722, 2.47467398643, 2.75194501877, 1.70736289024, 0.855870366096, 0.44618371129, 0.174197569489, 0.0647568926215, 0.00960448104888, 0.00023386979592, 2.92337463179e-05, 3.41630002367e-05],
        "min": [3.22328010515e-22, 4.06790623147e-21, 1.25874513349e-20, 2.79531858586e-20, 2.76354257188e-20, 1.60843279708e-19, 1.84124471918e-19, 4.05988904188e-19, 2.5571608798e-19, 3.85659725713e-19, 1.13239392177e-18, 2.44534648201e-18, 1.76347730804e-18, 1.95327824229e-18, 2.29082293973e-18, 2.20198291476e-18, 2.97443105413e-18, 4.07964899085e-18, 5.95951578096e-18, 2.42007942301e-18, 2.54890825393e-18, 4.75058552545e-18, 8.33397950191e-18, 1.05339515406e-17, 1.26797755092e-17, 1.13042295716e-17, 1.51357922075e-17, 1.58786996593e-17, 1.21123196828e-17, 1.33626519824e-17, 1.48934117444e-17, 1.53178629322e-17, 1.32675650894e-17, 1.17068357466e-17, 8.65828889595e-18, 6.22739036412e-18, 2.76773640344e-18, 1.15669586778e-18, 3.33422882289e-19, 3.25862406254e-20],
        "var": [0.114860311151, 13.8216075897, 40.6872253418, 33.9008483887, 69.3508224487, 176.927307129, 319.32925415, 599.038269043, 1291.50195312, 1724.1541748, 677.265075684, 2637.79077148, 7715.03857422, 8484.26171875, 3859.51171875, 9327.60644531, 6885.29345703, 3366.91064453, 21496.8535156, 3701.19165039, 2525.29394531, 1204.01623535, 3515.38256836, 390.879852295, 414.846496582, 345.962860107, 101.409790039, 21.1421508789, 17.716501236, 32.5354156494, 61.8877983093, 27.565952301, 17.5177707672, 3.60937404633, 0.322542220354, 0.0648372769356, 0.00437913741916, 3.19662394759e-05, 1.22107044476e-08, 7.99371513427e-10]
    },
    "gfcc": {
        "mean": [10.7061910629, 90.939414978, -124.960838318, 44.2233810425, -58.8664512634, 28.3401527405, -42.4101448059, 16.7059879303, -21.4946136475, 1.94949448109, -8.38246440887, 1.65088903904, -3.28219366074],
        "cov": [[4553.24658203, 106.90927887, -200.495681763, 146.815307617, -91.415222168, 101.947425842, -160.282409668, 161.696273804, -83.998336792, 89.0133590698, 32.8531608582, 47.2866325378, -124.412200928], [106.90927887, 1062.32385254, 584.860107422, 427.250091553, 283.199371338, -52.1309509277, 64.5729904175, -50.3425064087, 57.8232078552, -31.9605712891, 140.031860352, -3.33823609352, 97.8766479492], [-200.495681763, 584.860107422, 1324.98193359, 658.110900879, 269.287353516, 67.55443573, -44.9078674316, -43.7498703003, 13.3779973984, 9.06415557861, 80.6915969849, 87.6672058105, 37.1957778931], [146.815307617, 427.250091553, 658.110900879, 622.106201172, 237.986557007, 21.2338218689, -30.7768573761, -41.0987319946, 35.1560821533, -5.39270401001, 74.0558700562, 24.1308994293, 54.1585655212], [-91.415222168, 283.199371338, 269.287353516, 237.986557007, 265.245727539, 24.841129303, 36.073425293, -14.488617897, 11.6523981094, 3.59666609764, 18.3039016724, 18.5933876038, 28.9683532715], [101.947425842, -52.1309509277, 67.55443573, 21.2338218689, 24.841129303, 149.71321106, 37.2244262695, 3.863093853, -11.3338088989, -1.66574192047, 12.4154691696, 3.63564610481, -7.63642406464], [-160.282409668, 64.5729904175, -44.9078674316, -30.7768573761, 36.073425293, 37.2244262695, 153.862365723, 12.1662015915, -4.971139431, -10.7849626541, -4.94209527969, -14.499622345, 1.5561337471], [161.696273804, -50.3425064087, -43.7498703003, -41.0987319946, -14.488617897, 3.863093853, 12.1662015915, 95.8216781616, 23.4978790283, 16.0637493134, 0.900873601437, -6.22028017044, -9.31492233276], [-83.998336792, 57.8232078552, 13.3779973984, 35.1560821533, 11.6523981094, -11.3338088989, -4.971139431, 23.4978790283, 108.40625, 16.5741996765, 14.5071649551, -12.5336351395, 9.09920406342], [89.0133590698, -31.9605712891, 9.06415557861, -5.39270401001, 3.59666609764, -1.66574192047, -10.7849626541, 16.0637493134, 16.5741996765, 80.6899337769, 12.4898900986, 14.6928224564, -15.2037401199], [32.8531608582, 140.031860352, 80.6915969849, 74.0558700562, 18.3039016724, 12.4154691696, -4.94209527969, 0.900873601437, 14.5071649551, 12.4898900986, 125.965385437, 10.8485689163, 18.3271846771], [47.2866325378, -3.33823609352, 87.6672058105, 24.1308994293, 18.5933876038, 3.63564610481, -14.499622345, -6.22028017044, -12.5336351395, 14.6928224564, 10.8485689163, 81.6606063843, 7.04363393784], [-124.412200928, 97.8766479492, 37.1957778931, 54.1585655212, 28.9683532715, -7.63642406464, 1.5561337471, -9.31492233276, 9.09920406342, -15.2037401199, 18.3271846771, 7.04363393784, 80.1498718262]],
        "icov": [[0.00043582287617, -0.000604460306931, 0.000569479248952, -0.000705757760443, 0.000640488637146, -0.000870122923516, 0.000819010252599, -0.00113895290997, 0.000794101855718, -0.000490663456731, 0.00052207428962, -0.00066692038672, 0.000920604565181], [-0.000604460306931, 0.00330420280807, -0.00161892990582, 0.00107183563523, -0.00250001111999, 0.0030454415828, -0.00243157544173, 0.00239436654374, -0.00182126730215, 0.00158388901036, -0.00293403724208, 0.00212601362728, -0.00243572029285], [0.000569479248952, -0.00161892990582, 0.00280852126889, -0.00277209188789, 0.00124613766093, -0.00226099789143, 0.00169922807254, -0.00182989356108, 0.00143615773413, -0.000937422330026, 0.00145262491424, -0.0025954421144, 0.00207433314063], [-0.000705757760443, 0.00107183563523, -0.00277209188789, 0.00593943614513, -0.00352569459938, 0.00171010440681, -0.000393271446228, 0.00271762092598, -0.00216882512905, 0.00134675425943, -0.00213304371573, 0.00246946862899, -0.00259820488282], [0.000640488637146, -0.00250001111999, 0.00124613766093, -0.00352569459938, 0.00851516705006, -0.00274261739105, -6.26847468084e-05, -0.00203057518229, 0.00158161076251, -0.00219709053636, 0.00301522668451, -0.00261945719831, 0.00122191163246], [-0.000870122923516, 0.0030454415828, -0.00226099789143, 0.00171010440681, -0.00274261739105, 0.0106820175424, -0.00444507459179, 0.00251099001616, -0.00133732159156, 0.00189916673116, -0.00354214757681, 0.00216776458547, -0.0016572548775], [0.000819010252599, -0.00243157544173, 0.00169922807254, -0.000393271446228, -6.26847468084e-05, -0.00444507459179, 0.0101927518845, -0.00350720062852, 0.00217546895146, -0.000404137419537, 0.00205622753128, -0.000563050096389, 0.00196714792401], [-0.00113895290997, 0.00239436654374, -0.00182989356108, 0.00271762092598, -0.00203057518229, 0.00251099001616, -0.00350720062852, 0.0152348568663, -0.00498265028, -0.000238188600633, -0.00231574568897, 0.00256907986477, -0.0020429417491], [0.000794101855718, -0.00182126730215, 0.00143615773413, -0.00216882512905, 0.00158161076251, -0.00133732159156, 0.00217546895146, -0.00498265028, 0.0126413628459, -0.00347574264742, 0.0009448719793, 0.000662190665025, 0.000566662405618], [-0.000490663456731, 0.00158388901036, -0.000937422330026, 0.00134675425943, -0.00219709053636, 0.00189916673116, -0.000404137419537, -0.000238188600633, -0.00347574264742, 0.0157881565392, -0.00300517538562, -0.00186651689, 0.00202505267225], [0.00052207428962, -0.00293403724208, 0.00145262491424, -0.00213304371573, 0.00301522668451, -0.00354214757681, 0.00205622753128, -0.00231574568897, 0.0009448719793, -0.00300517538562, 0.0117671051994, -0.00259357271716, 0.000284139416181], [-0.00066692038672, 0.00212601362728, -0.0025954421144, 0.00246946862899, -0.00261945719831, 0.00216776458547, -0.000563050096389, 0.00256907986477, 0.000662190665025, -0.00186651689, -0.00259357271716, 0.0164911523461, -0.00391827709973], [0.000920604565181, -0.00243572029285, 0.00207433314063, -0.00259820488282, 0.00122191163246, -0.0016572548775, 0.00196714792401, -0.0020429417491, 0.000566662405618, 0.00202505267225, 0.000284139416181, -0.00391827709973, 0.0173970777541]]
    },
    "melbands": {
        "dmean": [0.00209422619082, 0.00192982971203, 0.00051863520639, 0.000373806804419, 0.000224306015298, 0.000187880606973, 0.000133902620291, 0.000110452951049, 6.51837253827e-05, 0.000100294222648, 0.000122569545056, 9.30688911467e-05, 5.48135285499e-05, 4.79561240354e-05, 5.32040576218e-05, 4.08942069043e-05, 3.31861701852e-05, 4.29520696343e-05, 2.75515067187e-05, 2.43552130996e-05, 1.46260917973e-05, 1.20331787912e-05, 1.58916609507e-05, 1.31858832901e-05, 6.20199261903e-06, 4.92378194394e-06, 5.54410735276e-06, 3.78226627618e-06, 2.42039823206e-06, 1.3516838635e-06, 9.95756636257e-07, 8.77305126323e-07, 9.33692717808e-07, 1.14042791211e-06, 1.52762061134e-06, 1.40448389629e-06, 8.85803103756e-07, 7.72384169068e-07, 6.79074616983e-07, 3.91955921941e-07],
        "dmean2": [0.00358719984069, 0.00334449927323, 0.000913831579965, 0.000644518993795, 0.000366171705537, 0.000297219026834, 0.000219676017878, 0.00017259499873, 0.00010494588787, 0.000162884360179, 0.000195352520677, 0.000146282749483, 8.76856793184e-05, 7.69264952396e-05, 8.38327105157e-05, 6.68061111355e-05, 5.41303270438e-05, 6.81681267451e-05, 4.34722969658e-05, 4.03754020226e-05, 2.39191758737e-05, 1.95886877918e-05, 2.54543228948e-05, 2.13550574699e-05, 1.02789153971e-05, 7.97041866463e-06, 8.87475016498e-06, 6.01544388701e-06, 3.894884685e-06, 2.21993354899e-06, 1.64441507877e-06, 1.41621728744e-06, 1.48668505062e-06, 1.79185315119e-06, 2.40540043706e-06, 2.16630542127e-06, 1.37188681038e-06, 1.18371519875e-06, 1.05370270376e-06, 6.03282046541e-07],
        "dvar": [1.55252182594e-05, 1.98554680537e-05, 1.24679729652e-06, 4.22226577257e-07, 1.18491321643e-07, 7.84494105233e-08, 9.04218211417e-08, 6.2512100385e-08, 3.15364658832e-08, 4.34757083667e-08, 7.57491562808e-08, 4.5697767348e-08, 1.4365356904e-08, 2.43788687015e-08, 1.77170029758e-08, 7.93588839088e-09, 5.30810595478e-09, 2.08591597328e-08, 4.85704232389e-09, 2.40950059904e-09, 1.06985786896e-09, 4.10089268099e-10, 9.54793688557e-10, 8.49482817422e-10, 1.06212830198e-10, 6.81566331151e-11, 1.0427091135e-10, 5.6711264157e-11, 2.07337584601e-11, 5.94482102434e-12, 3.38204746327e-12, 2.65990745055e-12, 3.14723160727e-12, 4.42842594192e-12, 7.43145996129e-12, 7.04380043876e-12, 3.67353803626e-12, 3.07786630384e-12, 2.56165943492e-12, 8.58692620048e-13],
        "dvar2": [4.23664132541e-05, 5.2656585467e-05, 3.47984450855e-06, 1.19404228371e-06, 3.02710361666e-07, 1.92738767169e-07, 2.30567081871e-07, 1.48134503775e-07, 8.16352212496e-08, 1.16688951834e-07, 1.99507667276e-07, 1.13174202454e-07, 3.39426904361e-08, 6.0623705167e-08, 4.17021119858e-08, 2.01240464293e-08, 1.29802835147e-08, 5.28227097618e-08, 1.08942721511e-08, 6.1297864562e-09, 2.62749999536e-09, 1.03260189288e-09, 2.32298269509e-09, 2.07602979252e-09, 2.80292483668e-10, 1.63743602011e-10, 2.58974730549e-10, 1.35194466733e-10, 5.00285680938e-11, 1.53211575371e-11, 8.84608185314e-12, 6.52049378033e-12, 7.33246102724e-12, 1.0189118646e-11, 1.78863902855e-11, 1.61532662246e-11, 8.0123711485e-12, 6.90386636748e-12, 5.98935441173e-12, 1.99754514145e-12],
        "max": [0.0343198627234, 0.0346688963473, 0.0137616405264, 0.0119471941143, 0.00865609943867, 0.00458343466744, 0.00963176041842, 0.00490833027288, 0.00843918137252, 0.00395089481026, 0.00728263007477, 0.00544127775356, 0.00370038975962, 0.00809314940125, 0.00309789017774, 0.00283120782115, 0.00181885063648, 0.00618264777586, 0.00243054144084, 0.0014550028136, 0.0013581700623, 0.00056711625075, 0.000696211063769, 0.00117895833682, 0.000209284131415, 0.000291671574814, 0.000259182445006, 0.000304497545585, 0.000125505204778, 5.92049618717e-05, 3.86202445952e-05, 3.82832913601e-05, 5.51768243895e-05, 5.38486201549e-05, 4.74741900689e-05, 4.98644767504e-05, 4.92323888466e-05, 5.14519997523e-05, 4.2211930122e-05, 2.45068076765e-05],
        "mean": [0.00287201185711, 0.00225187861361, 0.000654458999634, 0.000604799250141, 0.000459538801806, 0.000414200185332, 0.000261365261395, 0.000223516588449, 0.000110008011688, 0.000185061799129, 0.000250660494203, 0.000194902502699, 0.000102634759969, 9.36532233027e-05, 0.000109729851829, 7.3706600233e-05, 6.22316147201e-05, 8.20925924927e-05, 5.57598395972e-05, 4.78096117149e-05, 2.99526745948e-05, 2.52564423135e-05, 3.22787600453e-05, 2.71933695331e-05, 1.26750301206e-05, 1.04003529486e-05, 1.17014142234e-05, 8.05137187854e-06, 5.26520898347e-06, 2.93151902042e-06, 2.0981851776e-06, 1.87470868696e-06, 2.01483999263e-06, 2.49920321949e-06, 3.48223170477e-06, 2.97302449326e-06, 1.774815928e-06, 1.59433943736e-06, 1.42558064908e-06, 7.48837805986e-07],
        "median": [0.00192869186867, 0.00125898257829, 0.000351671362296, 0.000376713636797, 0.000294023717288, 0.000227932701819, 9.75934017333e-05, 5.47515155631e-05, 4.39877112512e-05, 5.99477971264e-05, 6.20240534772e-05, 4.38264905824e-05, 3.42858438671e-05, 1.99722417165e-05, 2.63396905211e-05, 2.58520994976e-05, 2.29617508012e-05, 2.23296883632e-05, 1.99802598218e-05, 2.01874245249e-05, 1.27183629957e-05, 1.37251163324e-05, 1.41291511682e-05, 1.19934793474e-05, 7.86290365795e-06, 6.4002297222e-06, 5.65451682633e-06, 4.40933399659e-06, 2.69493375527e-06, 1.75485320142e-06, 1.4063278968e-06, 1.18164302876e-06, 1.18485240819e-06, 1.35381890232e-06, 1.60061699717e-06, 1.32831780775e-06, 8.36014919514e-07, 5.85334078096e-07, 4.67448387553e-07, 3.22715209222e-07],
        "min": [7.03389403862e-24, 5.99492399454e-24, 5.54193915795e-24, 7.0534814549e-24, 5.08750360615e-24, 9.15323275823e-24, 4.51035600738e-24, 4.95496787433e-24, 1.09567604808e-23, 1.48072836447e-23, 8.80605034068e-24, 6.92662946589e-24, 8.52278853341e-24, 3.77732949374e-24, 5.0610621719e-24, 6.80436154761e-24, 7.98062888794e-24, 7.72244496886e-24, 7.18531667824e-24, 1.67534413632e-24, 2.88797382287e-24, 4.53776616282e-24, 4.48466477985e-24, 8.15005648886e-24, 8.09999458696e-24, 7.71570809673e-24, 7.57933928976e-24, 7.57697349591e-24, 8.8905499654e-24, 9.66686955995e-24, 9.17128426232e-24, 7.62549948563e-24, 5.7479146846e-24, 7.52187235054e-24, 9.00420194488e-24, 7.71815593211e-24, 1.02011185083e-23, 7.81904414214e-24, 1.18139351627e-23, 8.89266963465e-24],
        "var": [1.32226796268e-05, 1.51529502546e-05, 1.01640591765e-06, 5.82274708449e-07, 3.73447193169e-07, 2.63014044322e-07, 2.81687277948e-07, 1.95140131609e-07, 4.76084771606e-08, 1.11897776378e-07, 2.0885312324e-07, 1.69977397491e-07, 4.78474859733e-08, 7.12965473326e-08, 7.18509625131e-08, 1.89566815578e-08, 1.35037270255e-08, 5.89035629162e-08, 1.817398676e-08, 7.46398320928e-09, 3.22581072965e-09, 1.23080445835e-09, 2.96307556269e-09, 2.13191708731e-09, 2.31482416568e-10, 1.82701132001e-10, 3.35987238032e-10, 1.60038371444e-10, 5.96048557733e-11, 1.5540993839e-11, 6.55934898411e-12, 5.53570167136e-12, 7.47646129035e-12, 1.2693895414e-11, 2.41774083393e-11, 1.92027019286e-11, 9.71357716484e-12, 9.45841061722e-12, 8.94890845454e-12, 1.87458468887e-12]
    },
    "mfcc": {
        "mean": [-624.44128418, 109.973609924, -0.0407557375729, 19.4353218079, 12.3955430984, 6.72080230713, 2.17803192139, 9.62675476074, -2.4149210453, 6.57929992676, -2.99141407013, 0.379992485046, -0.818366885185],
        "cov": [[3890.70849609, -185.138412476, -268.380615234, -111.015426636, -25.4399490356, -153.460754395, -6.25546216965, -5.39475679398, -80.2006454468, 68.5601654053, 10.1127386093, 59.0510787964, 97.6081848145], [-185.138412476, 762.059448242, 281.500762939, 345.442382812, 181.156448364, 83.0013656616, 79.7006225586, 31.4839992523, 0.911633133888, -8.43514060974, 14.0784673691, 26.9360198975, 18.0146465302], [-268.380615234, 281.500762939, 1013.64318848, 496.108917236, 380.690582275, 174.563873291, 78.051651001, 40.7980461121, -43.3350524902, -19.8909091949, -7.72833061218, 48.3378944397, 35.6959991455], [-111.015426636, 345.442382812, 496.108917236, 610.579833984, 320.695007324, 150.069046021, 59.8585395813, 23.830329895, 5.35144329071, -19.7005691528, -6.61052656174, 25.0677890778, 44.4508056641], [-25.4399490356, 181.156448364, 380.690582275, 320.695007324, 337.104003906, 102.382354736, 39.1545753479, 16.5577068329, -7.09456729889, -5.53784322739, -8.97386932373, 25.3827934265, 38.0196533203], [-153.460754395, 83.0013656616, 174.563873291, 150.069046021, 102.382354736, 185.848205566, 55.2499008179, 33.7274475098, 2.722468853, 0.576341867447, -2.95161890984, -7.38208246231, 2.77965664864], [-6.25546216965, 79.7006225586, 78.051651001, 59.8585395813, 39.1545753479, 55.2499008179, 146.091369629, 34.5697174072, -5.122610569, 2.77845716476, 1.39640176296, 5.02977275848, 5.89209651947], [-5.39475679398, 31.4839992523, 40.7980461121, 23.830329895, 16.5577068329, 33.7274475098, 34.5697174072, 87.2074508667, 13.4713392258, 10.3536262512, -0.630860686302, -2.07819032669, -5.91512537003], [-80.2006454468, 0.911633133888, -43.3350524902, 5.35144329071, -7.09456729889, 2.722468853, -5.122610569, 13.4713392258, 100.147964478, 15.59030056, 11.3242864609, -12.4092683792, -12.0256614685], [68.5601654053, -8.43514060974, -19.8909091949, -19.7005691528, -5.53784322739, 0.576341867447, 2.77845716476, 10.3536262512, 15.59030056, 81.7441482544, 13.7897806168, 6.39655542374, -3.62955069542], [10.1127386093, 14.0784673691, -7.72833061218, -6.61052656174, -8.97386932373, -2.95161890984, 1.39640176296, -0.630860686302, 11.3242864609, 13.7897806168, 76.2024230957, 22.3265838623, 6.9910492897], [59.0510787964, 26.9360198975, 48.3378944397, 25.0677890778, 25.3827934265, -7.38208246231, 5.02977275848, -2.07819032669, -12.4092683792, 6.39655542374, 22.3265838623, 75.7855377197, 31.5338726044], [97.6081848145, 18.0146465302, 35.6959991455, 44.4508056641, 38.0196533203, 2.77965664864, 5.89209651947, -5.91512537003, -12.0256614685, -3.62955069542, 6.9910492897, 31.5338726044, 74.655418396]],
