{
"lowlevel": {
    "average_loudness": 0.585181713104,
    "barkbands_crest": {
        "dmean": 2.68386530876,
        "dmean2": 4.36434459686,
        "dvar": 5.81840133667,
        "dvar2": 14.4887552261,
        "max": 25.509431839,
        "mean": 9.59649658203,
        "median": 8.82690048218,
        "min": 2.35183858871,
        "var": 15.7263851166
    },
    "barkbands_flatness_db": {
        "dmean": 0.0216621980071,
        "dmean2": 0.0326331593096,
        "dvar": 0.000373146642232,
        "dvar2": 0.000799039145932,
        "max": 0.318352401257,
        "mean": 0.141138061881,
        "median": 0.137419462204,
        "min": 0.0271557457745,
        "var": 0.00163648021407
    },
    "barkbands_kurtosis": {
        "dmean": 2.56971788406,
        "dmean2": 4.02283382416,
        "dvar": 16.1195354462,
        "dvar2": 37.9888572693,
        "max": 101.458259583,
        "mean": 3.84057927132,
        "median": 1.86103653908,
        "min": -1.93218111992,
        "var": 40.4117736816
    },
    "barkbands_skewness": {
        "dmean": 0.520077109337,
        "dmean2": 0.789691865444,
        "dvar": 0.260771095753,
        "dvar2": 0.549575448036,
        "max": 8.92174911499,
        "mean": 1.47557294369,
        "median": 1.35965168476,
        "min": -2.83778595924,
        "var": 1.29539048672
    },
    "barkbands_spread": {
        "dmean": 5.7824010849,
        "dmean2": 8.83600997925,
        "dvar": 53.452709198,
        "dvar2": 106.122596741,
        "max": 99.5699081421,
        "mean": 20.5346717834,
        "median": 17.2114315033,
        "min": 1.65156722069,
        "var": 169.945602417
    },
    "dissonance": {
        "dmean": 0.019081261009,
        "dmean2": 0.0319349840283,
        "dvar": 0.000343186140526,
        "dvar2": 0.000948497327045,
        "max": 0.500000178814,
        "mean": 0.46399256587,
        "median": 0.4700101614,
        "min": 0.239551126957,
        "var": 0.000749883358367
    },
    "dynamic_complexity": 3.4142677784,
    "erbbands_crest": {
        "dmean": 2.78511404991,
        "dmean2": 4.57160425186,
        "dvar": 6.93009996414,
        "dvar2": 17.531955719,
        "max": 31.1643047333,
        "mean": 9.07323741913,
        "median": 8.05663013458,
        "min": 2.17108488083,
        "var": 17.9028625488
    },
    "erbbands_flatness_db": {
        "dmean": 0.0180407147855,
        "dmean2": 0.0268886201084,
        "dvar": 0.000278914318187,
        "dvar2": 0.000570346310269,
        "max": 0.340588480234,
        "mean": 0.165673688054,
        "median": 0.161184191704,
        "min": 0.0492331385612,
        "var": 0.00202613393776
    },
    "erbbands_kurtosis": {
        "dmean": 0.910791099072,
        "dmean2": 1.45294511318,
        "dvar": 1.34398961067,
        "dvar2": 3.28391027451,
        "max": 25.7301025391,
        "mean": 0.61211669445,
        "median": 0.0687525272369,
        "min": -1.81519472599,
        "var": 3.88678765297
    },
    "erbbands_skewness": {
        "dmean": 0.364996761084,
        "dmean2": 0.561935544014,
        "dvar": 0.106633834541,
        "dvar2": 0.236819073558,
        "max": 3.94960975647,
        "mean": 0.471760720015,
        "median": 0.464304447174,
        "min": -2.3822388649,
        "var": 0.449712187052
    },
    "erbbands_spread": {
        "dmean": 7.88694286346,
        "dmean2": 11.8258037567,
        "dvar": 79.6948928833,
        "dvar2": 165.344268799,
        "max": 140.378570557,
        "mean": 37.9050445557,
        "median": 35.7428283691,
        "min": 2.84847807884,
        "var": 377.274658203
    },
    "hfc": {
        "dmean": 5.39538669586,
        "dmean2": 8.02760696411,
        "dvar": 55.4171676636,
        "dvar2": 128.745513916,
        "max": 250.126831055,
        "mean": 19.3681030273,
        "median": 14.2316989899,
        "min": 1.10189834511e-16,
        "var": 348.526428223
    },
    "melbands_crest": {
        "dmean": 3.37986183167,
        "dmean2": 5.51126003265,
        "dvar": 8.73559379578,
        "dvar2": 22.5085086823,
        "max": 33.0542106628,
        "mean": 13.1521015167,
        "median": 12.4172325134,
        "min": 2.02132534981,
        "var": 25.3910255432
    },
    "melbands_flatness_db": {
        "dmean": 0.0256042014807,
        "dmean2": 0.0374701283872,
        "dvar": 0.000577437691391,
        "dvar2": 0.00110098603182,
        "max": 0.423661053181,
        "mean": 0.182371497154,
        "median": 0.179158210754,
        "min": 0.00457559945062,
        "var": 0.00308396061882
    },
    "melbands_kurtosis": {
        "dmean": 5.90295791626,
        "dmean2": 9.26075839996,
        "dvar": 87.7237319946,
        "dvar2": 204.511047363,
        "max": 280.414550781,
        "mean": 11.7151212692,
        "median": 6.87588024139,
        "min": -1.71814012527,
        "var": 243.245315552
    },
    "melbands_skewness": {
        "dmean": 0.68017667532,
        "dmean2": 1.0361148119,
        "dvar": 0.465096920729,
        "dvar2": 1.01687633991,
        "max": 12.4016799927,
        "mean": 2.42316126823,
        "median": 2.25888538361,
        "min": -1.17514359951,
        "var": 2.44279289246
    },
    "melbands_spread": {
        "dmean": 7.10653829575,
        "dmean2": 10.7649717331,
        "dvar": 115.59526062,
        "dvar2": 202.453155518,
        "max": 208.247879028,
        "mean": 23.1376857758,
        "median": 19.2489013672,
        "min": 1.16689431667,
        "var": 364.066162109
    },
    "pitch_salience": {
        "dmean": 0.0718213692307,
        "dmean2": 0.115613922477,
        "dvar": 0.00409979186952,
        "dvar2": 0.00994575582445,
        "max": 0.990575492382,
        "mean": 0.579161643982,
        "median": 0.584144115448,
        "min": 0.0978321805596,
        "var": 0.0124821756035
    },
    "silence_rate_20dB": {
        "dmean": 0,
        "dmean2": 0,
        "dvar": 0,
        "dvar2": 0,
        "max": 1,
        "mean": 1,
        "median": 1,
        "min": 1,
        "var": 0
    },
    "silence_rate_30dB": {
        "dmean": 0.003078015754,
        "dmean2": 0.00615676073357,
        "dvar": 0.00306857004762,
        "dvar2": 0.00801334157586,
        "max": 1,
        "mean": 0.997040748596,
        "median": 1,
        "min": 0,
        "var": 0.00295049324632
    },
    "silence_rate_60dB": {
        "dmean": 0.0269918311387,
        "dmean2": 0.0539900548756,
        "dvar": 0.026266168803,
        "dvar2": 0.0603219456971,
        "max": 1,
        "mean": 0.0707859843969,
        "median": 0,
        "min": 0,
        "var": 0.0657699406147
    },
    "spectral_centroid": {
        "dmean": 233.091033936,
        "dmean2": 348.653289795,
        "dvar": 80711.734375,
        "dvar2": 140290.359375,
        "max": 11700.5722656,
        "mean": 1240.8458252,
        "median": 1134.85742188,
        "min": 232.878662109,
        "var": 389866.96875
    },
    "spectral_complexity": {
        "dmean": 3.15472960472,
        "dmean2": 4.84915924072,
        "dvar": 10.9819059372,
        "dvar2": 22.5751495361,
        "max": 53,
        "mean": 16.9605827332,
        "median": 16,
        "min": 0,
        "var": 77.9565200806
    },
    "spectral_decrease": {
        "dmean": 1.90594939831e-09,
        "dmean2": 2.87200441207e-09,
        "dvar": 5.89554618188e-18,
        "dvar2": 1.29372925503e-17,
        "max": 3.31573384594e-23,
        "mean": -6.02615113365e-09,
        "median": -4.69070826625e-09,
        "min": -5.14909928029e-08,
        "var": 2.63369178517e-17
    },
    "spectral_energy": {
        "dmean": 0.00753700267524,
        "dmean2": 0.0113638481125,
        "dvar": 9.06035784283e-05,
        "dvar2": 0.000199631380383,
        "max": 0.215065553784,
        "mean": 0.0245008710772,
        "median": 0.0190590545535,
        "min": 1.0092754579e-20,
        "var": 0.000426467537181
    },
    "spectral_energyband_high": {
        "dmean": 0.000295838603051,
        "dmean2": 0.000434350862633,
        "dvar": 3.08865622856e-07,
        "dvar2": 6.68109862545e-07,
        "max": 0.00738242734224,
        "mean": 0.000655105162878,
        "median": 0.000378320284653,
        "min": 7.21210455811e-21,
        "var": 6.65253764964e-07
    },
    "spectral_energyband_low": {
        "dmean": 0.00305828102864,
        "dmean2": 0.00450571300462,
        "dvar": 4.75442684547e-05,
        "dvar2": 9.44966232055e-05,
        "max": 0.0905223414302,
        "mean": 0.00559704983607,
        "median": 0.00255733146332,
        "min": 2.19349085584e-23,
        "var": 9.55559007707e-05
    },
    "spectral_energyband_middle_high": {
        "dmean": 0.00213817763142,
        "dmean2": 0.00322883599438,
        "dvar": 1.57262402354e-05,
        "dvar2": 3.82721846108e-05,
        "max": 0.177400529385,
        "mean": 0.00663219252601,
        "median": 0.00291075883433,
        "min": 1.56105612039e-21,
        "var": 0.00010566781566
    },
    "spectral_energyband_middle_low": {
        "dmean": 0.00516249984503,
        "dmean2": 0.00816369894892,
        "dvar": 4.77284811495e-05,
        "dvar2": 0.000118312658742,
        "max": 0.0879517495632,
        "mean": 0.0125102847815,
        "median": 0.00917386449873,
        "min": 3.29248857631e-22,
        "var": 0.000130642438307
    },
    "spectral_entropy": {
        "dmean": 0.164512455463,
        "dmean2": 0.238512769341,
        "dvar": 0.0276768039912,
        "dvar2": 0.0501949451864,
        "max": 9.81062030792,
        "mean": 7.62994909286,
        "median": 7.63315582275,
        "min": 6.26501083374,
        "var": 0.144189327955
    },
    "spectral_flux": {
        "dmean": 0.0212601050735,
        "dmean2": 0.0337825901806,
        "dvar": 0.000489096564706,
        "dvar2": 0.00114235538058,
        "max": 0.359549373388,
        "mean": 0.0823636800051,
        "median": 0.0757281631231,
        "min": 6.77477518529e-11,
        "var": 0.00191971799359
    },
    "spectral_kurtosis": {
        "dmean": 1.28358888626,
        "dmean2": 2.10872101784,
        "dvar": 1.70009434223,
        "dvar2": 4.60434055328,
        "max": 23.7801856995,
        "mean": 3.84474372864,
        "median": 3.61404061317,
        "min": -1.33559787273,
        "var": 4.90201568604
    },
    "spectral_rms": {
        "dmean": 0.000719843024854,
        "dmean2": 0.00106396444608,
        "dvar": 5.4856548104e-07,
        "dvar2": 1.11851943529e-06,
        "max": 0.0144851664081,
        "mean": 0.00445743370801,
        "median": 0.0043120989576,
        "min": 3.13792763475e-12,
        "var": 4.03463718612e-06
    },
    "spectral_rolloff": {
        "dmean": 501.37677002,
        "dmean2": 814.059570312,
        "dvar": 952174.75,
        "dvar2": 1841817.125,
        "max": 19121.484375,
        "mean": 1553.00036621,
        "median": 1205.859375,
        "min": 86.1328125,
        "var": 2464098
    },
    "spectral_skewness": {
        "dmean": 0.194450438023,
        "dmean2": 0.299853056669,
        "dvar": 0.0302074272186,
        "dvar2": 0.0667963549495,
        "max": 3.41731643677,
        "mean": 1.53005492687,
        "median": 1.53560400009,
        "min": -0.0808382034302,
        "var": 0.152672156692
    },
    "spectral_spread": {
        "dmean": 587719.3125,
        "dmean2": 839893.9375,
        "dvar": 658376032256,
        "dvar2": 1.22351622554e+12,
        "max": 40661328,
        "mean": 4684967.5,
        "median": 4312705,
        "min": 1818972.75,
        "var": 2.54010720256e+12
    },
    "spectral_strongpeak": {
        "dmean": 0.555026590824,
        "dmean2": 0.923930227757,
        "dvar": 0.735689520836,
        "dvar2": 1.86003637314,
        "max": 12.6960697174,
        "mean": 1.0778002739,
        "median": 0.62946754694,
        "min": 0,
        "var": 1.78992402554
    },
    "zerocrossingrate": {
        "dmean": 0.0114441746846,
        "dmean2": 0.0131197692826,
        "dvar": 0.000248525844654,
        "dvar2": 0.000257724168478,
        "max": 0.52734375,
        "mean": 0.0649977624416,
        "median": 0.05712890625,
        "min": 0.0068359375,
        "var": 0.0015663941158
    },
    "barkbands": {
        "dmean": [8.36471226648e-05, 0.00218373374082, 0.00129802327137, 0.000970443361439, 0.00217932136729, 0.00175996962935, 0.00132156314794, 0.000553149264306, 0.000805255433079, 0.000926893786527, 0.000561238150112, 0.000678975949995, 0.000365080079064, 0.000489029742312, 0.000336441182299, 0.000262836139882, 0.000190362290596, 0.000122219833429, 9.51575857471e-05, 8.13543520053e-05, 5.40686305612e-05, 6.55460826238e-05, 6.65474290145e-05, 6.71291854815e-05, 4.75487831864e-05, 2.37255389948e-05, 1.42882441878e-07],
        "dmean2": [0.000141459604492, 0.00330540072173, 0.00212075281888, 0.00154896487948, 0.00353093538433, 0.00287815881893, 0.00211731833406, 0.000880936102476, 0.00129264639691, 0.00150892557576, 0.000875212717801, 0.00108223466668, 0.00058862665901, 0.000794099993072, 0.000544069043826, 0.000411085959058, 0.0003023512254, 0.000194834996364, 0.000148177918163, 0.000126162471133, 8.38377891341e-05, 0.000100009499874, 9.9750533991e-05, 0.000102320329461, 7.19839299563e-05, 4.03564372391e-05, 2.42736945211e-07],
        "dvar": [2.38071695691e-08, 3.87330364902e-05, 1.38130399137e-05, 2.74231388175e-06, 1.43179822771e-05, 1.45739077198e-05, 7.99817007646e-06, 1.92845550373e-06, 3.84159056921e-06, 6.17262548985e-06, 4.50426296084e-06, 4.08737150792e-06, 8.34519084947e-07, 1.34872618673e-06, 8.38447249407e-07, 4.37789992702e-07, 2.42435277187e-07, 1.38502883829e-07, 3.36263141776e-08, 2.75871450128e-08, 1.24800951795e-08, 1.4303365603e-08, 1.57087711727e-08, 2.50163516569e-08, 1.22679377768e-08, 3.18530335441e-09, 9.86394017681e-13],
        "dvar2": [6.36212220684e-08, 8.3081307821e-05, 3.42960302078e-05, 6.9341026574e-06, 3.6069755879e-05, 3.70213128917e-05, 1.89680758922e-05, 4.46034118795e-06, 9.68902804743e-06, 1.63119166245e-05, 8.99456699699e-06, 1.03720922198e-05, 1.96900032279e-06, 3.39218854606e-06, 2.16016655941e-06, 9.76853357315e-07, 5.90679974266e-07, 3.46766228176e-07, 7.90000314055e-08, 6.39107895495e-08, 2.82410521635e-08, 3.22840136846e-08, 3.28714051534e-08, 5.76522829476e-08, 2.570810409e-08, 8.52767989556e-09, 2.47863383464e-12],
        "max": [0.00208061654121, 0.0776130259037, 0.0507741235197, 0.0356648340821, 0.0527279302478, 0.074753716588, 0.0577104203403, 0.0333178006113, 0.0370223633945, 0.0671274513006, 0.150503411889, 0.0563115663826, 0.0307479407638, 0.0263300426304, 0.0405180156231, 0.0219947174191, 0.0236215181649, 0.0199423767626, 0.00424134451896, 0.00466142036021, 0.00409311940894, 0.00391226727515, 0.00259452825412, 0.0023087291047, 0.00253697787412, 0.000645877909847, 2.17021151911e-05],
        "mean": [0.00011027349683, 0.00316850165837, 0.00172754609957, 0.00145548884757, 0.00371971400455, 0.00260497001, 0.00201281602494, 0.000843359506689, 0.001340025221, 0.00149212148972, 0.000909463851713, 0.00117156433407, 0.000583153683692, 0.000788801407907, 0.000556000275537, 0.000476736749988, 0.000366137130186, 0.000239389162743, 0.000196003355086, 0.000167336125742, 0.000108815918793, 0.000135810492793, 0.00013270531781, 0.00010441372433, 6.55266558169e-05, 2.4083918106e-05, 1.02505929078e-07],
        "median": [2.13217208511e-05, 0.00101519632153, 0.00051351316506, 0.000693764770404, 0.00162810494658, 0.000818502274342, 0.000513583188877, 0.000229571553064, 0.000355240044883, 0.000313342141453, 0.00017741524789, 0.000208722631214, 0.000193184823729, 0.000236537918681, 0.000165710094734, 0.000132816028781, 0.000125405742438, 9.5130992122e-05, 8.89695584192e-05, 7.15985079296e-05, 5.8899873693e-05, 7.26312282495e-05, 7.09193627699e-05, 4.00577555411e-05, 2.14835599763e-05, 6.16239412921e-06, 5.5360649398e-10],
        "min": [5.50221508099e-25, 1.48229425337e-23, 2.11418982448e-24, 1.49709675494e-23, 3.30092282467e-23, 3.20464045792e-23, 4.65320648997e-23, 5.54186713495e-23, 6.1601517e-23, 2.71586665867e-23, 3.29230278379e-23, 1.5263206436e-22, 1.05013775859e-22, 1.15244210016e-22, 8.9380155683e-23, 1.24206023309e-22, 1.18165077958e-22, 1.47381292579e-22, 2.36559316854e-22, 2.95061241586e-22, 3.25688078344e-22, 4.26886992285e-22, 5.33958413997e-22, 7.12366640964e-22, 1.12901348664e-21, 1.35681127251e-21, 2.37117623378e-21],
        "var": [3.66286272424e-08, 5.35164836037e-05, 1.40535685205e-05, 4.58993372376e-06, 2.89030103886e-05, 2.48508786171e-05, 1.6012456399e-05, 3.98474867325e-06, 8.49495427246e-06, 1.25871720229e-05, 1.09165084723e-05, 1.11062336146e-05, 1.74526633145e-06, 2.78543552668e-06, 2.39552696257e-06, 1.31733247599e-06, 5.73799468384e-07, 3.34870151164e-07, 9.66029389815e-08, 7.11903567208e-08, 2.66545931993e-08, 3.89304872783e-08, 3.44188109125e-08, 3.87397278701e-08, 1.97755056774e-08, 2.6742010828e-09, 7.70329492469e-13]
    },
    "erbbands": {
        "dmean": [0.0453834347427, 0.554241538048, 1.42435848713, 2.11900925636, 5.57201194763, 7.6887793541, 10.806353569, 15.5040664673, 20.5933570862, 13.6961269379, 11.5657958984, 17.4950313568, 28.0074615479, 23.807012558, 21.4103755951, 26.045085907, 16.0774612427, 22.0031223297, 19.4457569122, 14.583190918, 12.1596755981, 9.78874111176, 6.96486711502, 4.78180360794, 4.43733978271, 3.74391889572, 2.56250166893, 2.08888196945, 2.34736585617, 2.16224336624, 1.89478564262, 1.69079518318, 0.922861993313, 0.617541611195, 0.303666263819, 0.146632671356, 0.036548923701, 0.0015682335943, 6.26346591162e-05, 1.07479709186e-05],
        "dmean2": [0.0704467818141, 0.831200420856, 2.21913838387, 3.37896585464, 8.99805450439, 12.3844890594, 17.4801464081, 25.4243564606, 33.3022689819, 21.5209026337, 18.4956493378, 28.0560207367, 45.103969574, 38.031539917, 32.9072952271, 41.7590103149, 26.0135383606, 35.8014297485, 30.8489990234, 23.0390872955, 18.9444351196, 15.4500694275, 11.0294914246, 7.46762037277, 6.90415239334, 5.77640342712, 4.02253913879, 3.25365591049, 3.59346079826, 3.30391764641, 2.84937620163, 2.59232234955, 1.38388609886, 0.921132028103, 0.47443908453, 0.24251434207, 0.0642690658569, 0.0028244103305, 0.000105775696284, 1.6582374883e-05],
        "dvar": [0.0115876197815, 2.68438315392, 15.4192695618, 14.5819282532, 103.465301514, 222.745315552, 687.565795898, 1268.86608887, 1952.85009766, 1266.09619141, 864.295166016, 2155.22973633, 5470.68359375, 5302.08740234, 5667.7890625, 7085.11962891, 1647.57177734, 2676.00878906, 2830.17993164, 1120.83544922, 1034.35400391, 526.788696289, 491.759765625, 76.6652603149, 86.2741012573, 59.1031036377, 28.9078216553, 18.2644386292, 20.9037342072, 15.3775777817, 13.2348985672, 14.6086139679, 4.97349452972, 2.55259370804, 0.467984616756, 0.104710191488, 0.00977686233819, 4.08584601246e-05, 5.634611e-08, 2.01944780343e-10],
        "dvar2": [0.0259289108217, 5.74378108978, 35.2365226746, 36.3304252625, 260.480438232, 554.604919434, 1726.62866211, 3280.00292969, 4744.24804688, 2975.00585938, 2134.3425293, 5425.83935547, 14564.5449219, 12199.6904297, 12201.4619141, 19266.8125, 4038.33203125, 6820.50341797, 7186.73095703, 2489.05566406, 2219.89941406, 1300.11645508, 1229.82678223, 179.244674683, 210.551422119, 139.246154785, 68.6717071533, 40.9893035889, 48.8179702759, 32.8304824829, 28.0690441132, 33.1112823486, 11.3418540955, 5.54004335403, 1.00981450081, 0.267397254705, 0.0270467959344, 0.0001163649722, 1.43195620694e-07, 4.76574557595e-10],
        "max": [1.31973326206, 20.2475357056, 61.8278694153, 52.5780677795, 257.402252197, 299.815216064, 483.614959717, 787.940856934, 1028.6027832, 1588.96777344, 835.06463623, 1112.5, 2138.15722656, 3827.37231445, 3435.86669922, 1991.38903809, 1527.20739746, 1115.9744873, 2260.79003906, 1100.30700684, 1424.44848633, 1103.2130127, 1282.71911621, 223.39503479, 267.162719727, 196.672897339, 164.482177734, 126.761100769, 175.470870972, 88.0365066528, 90.0078125, 81.3774414062, 32.7053985596, 42.6215057373, 19.0017967224, 4.70647001266, 1.18715012074, 0.122473523021, 0.00418106187135, 0.000262947316514],
        "mean": [0.0680417791009, 0.785963892937, 2.08318281174, 3.4566962719, 8.94911193848, 12.1898593903, 16.455739975, 23.4445133209, 31.7110271454, 21.8264713287, 19.2704753876, 29.4136142731, 47.7277069092, 40.4725036621, 39.6935768127, 46.1033668518, 28.8767147064, 38.6247749329, 34.1210899353, 27.7481002808, 24.4873142242, 20.5336608887, 14.5971860886, 10.4185857773, 9.49210643768, 7.92832183838, 5.16085004807, 4.20343160629, 4.75303840637, 4.4303445816, 3.72149634361, 2.81217575073, 1.33909535408, 0.829029738903, 0.410321593285, 0.168610915542, 0.0320037193596, 0.00118348631077, 6.60352961859e-05, 3.29809845425e-05],
        "median": [0.0163192246109, 0.248471692204, 0.694035768509, 1.72586119175, 4.22713422775, 4.1895647049, 4.32336807251, 7.9034204483, 9.39168262482, 6.09121513367, 6.37296438217, 8.43467521667, 11.7388973236, 9.04038238525, 8.92982292175, 9.06787872314, 10.0348033905, 12.6269416809, 10.7688331604, 9.20655918121, 7.81890296936, 7.31115150452, 5.85306882858, 4.90450143814, 4.3519449234, 3.41029167175, 2.63210964203, 2.24122357368, 2.48870110512, 2.39494609833, 1.96361887455, 1.20699799061, 0.456960916519, 0.259631037712, 0.128320485353, 0.0483491718769, 0.00701092416421, 0.000171889842022, 2.35235529544e-05, 2.61697314272e-05],
        "min": [2.43615721828e-22, 3.22191877104e-21, 3.60067883625e-21, 2.35098333331e-20, 4.84313117739e-20, 1.30413463396e-19, 6.50164866195e-20, 2.52539998771e-19, 4.89866491716e-19, 1.16689955423e-18, 1.21645387677e-18, 1.4853367931e-18, 1.37912121898e-18, 7.46862770941e-19, 1.3210393881e-18, 7.0401317119e-18, 5.2784868157e-18, 5.3799719507e-18, 6.18290914027e-18, 6.26963985467e-18, 8.16220717591e-18, 6.85446523315e-18, 8.32315418924e-18, 6.96257691203e-18, 1.06300608288e-17, 1.29502726685e-17, 1.3160655304e-17, 1.32110893331e-17, 1.59033694939e-17, 1.57441818937e-17, 1.44862403597e-17, 1.25511480968e-17, 1.41377061543e-17, 1.123536844e-17, 8.0602704003e-18, 5.2435181689e-18, 2.29581456113e-18, 1.17736618071e-18, 3.29462005474e-19, 3.41839076668e-20],
        "var": [0.0175992436707, 3.66721725464, 19.4743442535, 24.7154254913, 188.639282227, 434.192230225, 1289.09118652, 2200.27514648, 3605.29882812, 2620.85888672, 1742.90722656, 4605.3203125, 11387.9658203, 12857.6425781, 17425.2324219, 18443.8105469, 3448.70922852, 6213.89257812, 7077.35302734, 3246.85571289, 3276.88183594, 1603.43920898, 1256.11767578, 233.866470337, 239.722900391, 158.672409058, 59.5230445862, 39.6654968262, 54.9037246704, 35.7257499695, 27.9851360321, 24.9470920563, 7.19727373123, 3.6508243084, 0.765277564526, 0.110324323177, 0.0067490413785, 2.41354773607e-05, 4.47901342682e-08, 7.2288436348e-10]
    },
    "gfcc": {
        "mean": [-8.75644874573, 86.6942596436, -132.220672607, 29.5579738617, -71.8766555786, 20.9211997986, -47.7882957458, 5.29144716263, -25.7867565155, 0.814324676991, -17.2418575287, -0.790596663952, -9.69262886047],
        "cov": [[4592.609375, 178.360595703, 437.93572998, 280.155944824, 46.5773925781, 138.22946167, 30.6376228333, 288.040100098, 107.508956909, 126.5128479, 104.10508728, 153.389831543, 18.6107654572], [178.360595703, 1398.58752441, 583.570068359, 350.59262085, 286.411773682, -36.2061386108, 140.942398071, -99.0929336548, 125.607551575, -86.89427948, 129.568069458, -61.7391319275, 37.4827575684], [437.93572998, 583.570068359, 1263.83447266, 563.516235352, 178.112518311, 80.007522583, -74.4387130737, -25.6907901764, 11.4351978302, 23.4527568817, 18.4796409607, 42.3627510071, -39.9343605042], [280.155944824, 350.59262085, 563.516235352, 612.466247559, 169.08430481, 29.8628311157, -25.6051959991, 4.73120546341, 89.3522033691, -27.8813076019, 47.2107810974, 18.4562492371, 12.1899719238], [46.5773925781, 286.411773682, 178.112518311, 169.08430481, 297.085662842, 98.0650939941, 122.776931763, 65.0138168335, 54.4323768616, 33.0319976807, 8.4577331543, 6.21527957916, 0.514477014542], [138.22946167, -36.2061386108, 80.007522583, 29.8628311157, 98.0650939941, 298.341491699, 150.013961792, 76.977355957, 19.1558837891, 43.9713058472, -4.50666570663, -23.8800678253, -10.6824703217], [30.6376228333, 140.942398071, -74.4387130737, -25.6051959991, 122.776931763, 150.013961792, 256.393829346, 98.0974197388, 47.1419029236, 23.8915328979, 25.2023563385, -14.5284280777, 1.46674239635], [288.040100098, -99.0929336548, -25.6907901764, 4.73120546341, 65.0138168335, 76.977355957, 98.0974197388, 175.138702393, 56.4533119202, 47.5219688416, 8.47949314117, 29.1987628937, 9.93093490601], [107.508956909, 125.607551575, 11.4351978302, 89.3522033691, 54.4323768616, 19.1558837891, 47.1419029236, 56.4533119202, 149.179489136, 20.4113178253, 26.2451171875, 7.58606243134, 16.5222530365], [126.5128479, -86.89427948, 23.4527568817, -27.8813076019, 33.0319976807, 43.9713058472, 23.8915328979, 47.5219688416, 20.4113178253, 118.999961853, 22.3290042877, 25.3274211884, -4.35017347336], [104.10508728, 129.568069458, 18.4796409607, 47.2107810974, 8.4577331543, -4.50666570663, 25.2023563385, 8.47949314117, 26.2451171875, 22.3290042877, 128.831130981, 18.2520065308, 27.7830276489], [153.389831543, -61.7391319275, 42.3627510071, 18.4562492371, 6.21527957916, -23.8800678253, -14.5284280777, 29.1987628937, 7.58606243134, 25.3274211884, 18.2520065308, 95.8615264893, 19.5616512299], [18.6107654572, 37.4827575684, -39.9343605042, 12.1899719238, 0.514477014542, -10.6824703217, 1.46674239635, 9.93093490601, 16.5222530365, -4.35017347336, 27.7830276489, 19.5616512299, 75.2984924316]],
        "icov": [[0.000298453407595, -0.000294558471069, 0.000112406087283, -0.000184577453183, 0.000386541825719, -0.000301830645185, 0.00038460289943, -0.000795572355855, 0.000238096065004, -0.000293954013614, 6.57072814647e-05, -0.000485110474983, 0.00024688616395], [-0.000294558471069, 0.00319132232107, -0.00190496316645, 0.0011966653401, -0.00268246419728, 0.0022247438319, -0.00286565138958, 0.00349817844108, -0.00263499002904, 0.00266796257347, -0.00246286904439, 0.00271779880859, -0.00185642752331], [0.000112406087283, -0.00190496316645, 0.00277672638185, -0.00219451053999, 0.00128612108529, -0.00181638787035, 0.00220440910198, -0.00166217016522, 0.00222940300591, -0.0021620944608, 0.0015552865807, -0.00222614570521, 0.00204856437631], [-0.000184577453183, 0.0011966653401, -0.00219451053999, 0.00449708849192, -0.0026704496704, 0.000577104045078, 0.000180497358087, 0.00125959026627, -0.00301740737632, 0.00317305652425, -0.00215930538252, 0.00118225335609, -0.00117647636216], [0.000386541825719, -0.00268246419728, 0.00128612108529, -0.0026704496704, 0.00819157622755, -0.00182865187526, -0.00056386628421, -0.00325941946357, 0.0020807471592, -0.00381346140057, 0.00322220148519, -0.00250852783211, 0.00126554013696], [-0.000301830645185, 0.0022247438319, -0.00181638787035, 0.000577104045078, -0.00182865187526, 0.00726268719882, -0.00520953722298, 0.00168856047094, -0.00102248613257, 6.73980466672e-05, -0.00063565763412, 0.00375858065672, -0.00168162304908], [0.00038460289943, -0.00286565138958, 0.00220440910198, 0.000180497358087, -0.00056386628421, -0.00520953722298, 0.011423708871, -0.00599538069218, 0.00130850286223, -0.000442778517026, -0.000301171123283, -0.00161769776605, 0.00252297683619], [-0.000795572355855, 0.00349817844108, -0.00166217016522, 0.00125959026627, -0.00325941946357, 0.00168856047094, -0.00599538069218, 0.0141177037731, -0.00510635180399, 0.000784933159593, -0.00116871553473, 0.000394878123188, -0.00261906487867], [0.000238096065004, -0.00263499002904, 0.00222940300591, -0.00301740737632, 0.0020807471592, -0.00102248613257, 0.00130850286223, -0.00510635180399, 0.0115318223834, -0.00368918967433, 0.00154410814866, -0.0014470530441, 0.000475073495181], [-0.000293954013614, 0.00266796257347, -0.0021620944608, 0.00317305652425, -0.00381346140057, 6.73980466672e-05, -0.000442778517026, 0.000784933159593, -0.00368918967433, 0.0142275011167, -0.00480407429859, -0.000157202186529, 0.000469806254841], [6.57072814647e-05, -0.00246286904439, 0.0015552865807, -0.00215930538252, 0.00322220148519, -0.00063565763412, -0.000301171123283, -0.00116871553473, 0.00154410814866, -0.00480407429859, 0.0119725028053, -0.00276811188087, -0.0018827826716], [-0.000485110474983, 0.00271779880859, -0.00222614570521, 0.00118225335609, -0.00250852783211, 0.00375858065672, -0.00161769776605, 0.000394878123188, -0.0014470530441, -0.000157202186529, -0.00276811188087, 0.0161387436092, -0.00493808230385], [0.00024688616395, -0.00185642752331, 0.00204856437631, -0.00117647636216, 0.00126554013696, -0.00168162304908, 0.00252297683619, -0.00261906487867, 0.000475073495181, 0.000469806254841, -0.0018827826716, -0.00493808230385, 0.0173699855804]]
    },
    "melbands": {
        "dmean": [0.000512602447998, 0.000691369874403, 0.000450369523605, 0.000470866187243, 0.000364034349332, 0.000348793255398, 0.000297858350677, 0.00013995070185, 9.88749889075e-05, 0.000116311617603, 0.000143733428558, 0.000101404395537, 7.1413567639e-05, 7.67770034145e-05, 5.49073411094e-05, 3.62974387826e-05, 4.50279258075e-05, 3.50554837496e-05, 2.4233269869e-05, 2.01997354452e-05, 1.44544428622e-05, 1.16981891551e-05, 9.05940305529e-06, 5.37652022103e-06, 4.2250203478e-06, 3.63289200322e-06, 3.30297621076e-06, 2.61420200331e-06, 1.89025934105e-06, 1.35219818276e-06, 1.32580919399e-06, 1.41035582146e-06, 1.400458018e-06, 1.26401744183e-06, 1.16401065497e-06, 1.16347462153e-06, 1.07612288502e-06, 7.28974328013e-07, 5.51595348952e-07, 5.32548767751e-07],
        "dmean2": [0.000779411348049, 0.00104003911838, 0.000709254702087, 0.000765381671954, 0.000587541901041, 0.000570680771489, 0.000479851791169, 0.000219174806261, 0.000159247545525, 0.000186551405932, 0.00023166910978, 0.000163205550052, 0.000110574728751, 0.000121096301882, 8.75916666701e-05, 5.8635694586e-05, 7.37256705179e-05, 5.60337393836e-05, 3.90367022192e-05, 3.19321807183e-05, 2.27258351515e-05, 1.85137851076e-05, 1.44917639773e-05, 8.5816536739e-06, 6.70514418744e-06, 5.68861605643e-06, 5.24249026057e-06, 4.10254551753e-06, 3.04132913698e-06, 2.14341775973e-06, 2.10173743653e-06, 2.1867963369e-06, 2.17300839722e-06, 1.96580413103e-06, 1.78996094746e-06, 1.7639096086e-06, 1.67529060491e-06, 1.10591463454e-06, 8.61340367919e-07, 7.94671962012e-07],
        "dvar": [1.94659378394e-06, 3.23331482832e-06, 5.59638635877e-07, 7.06961145625e-07, 6.6325702619e-07, 5.72912824737e-07, 3.88117257444e-07, 1.2661119797e-07, 6.61488286369e-08, 8.85021123054e-08, 1.42439176898e-07, 9.26888645836e-08, 6.99551421235e-08, 5.77964875959e-08, 2.84585119914e-08, 7.63452234764e-09, 1.20195613462e-08, 9.12255249119e-09, 4.2307162218e-09, 2.68967070838e-09, 1.58267587924e-09, 7.51491924245e-10, 9.26054455341e-10, 1.59025403956e-10, 6.81170952976e-11, 5.48153605839e-11, 5.64097067668e-11, 2.96855387494e-11, 1.90645537551e-11, 6.8912189323e-12, 7.70094231439e-12, 8.89651807084e-12, 6.0789294605e-12, 5.70421964871e-12, 4.82261973411e-12, 5.63909335893e-12, 6.76525025237e-12, 3.17641898027e-12, 2.22368889795e-12, 2.09697016695e-12],
        "dvar2": [4.18821855419e-06, 6.60565774524e-06, 1.35645052524e-06, 1.78542313733e-06, 1.66150221048e-06, 1.47804541939e-06, 9.32913053475e-07, 2.93233114235e-07, 1.66544239733e-07, 2.23796419618e-07, 3.79493883429e-07, 2.20722142785e-07, 1.47111151705e-07, 1.37737288242e-07, 7.113971634e-08, 1.92704838753e-08, 3.10803152104e-08, 2.26619665256e-08, 1.11100924016e-08, 6.03202465754e-09, 3.41816530636e-09, 1.79437720238e-09, 2.46518716551e-09, 3.85302151296e-10, 1.63892885374e-10, 1.28518806708e-10, 1.44674258684e-10, 7.04612965197e-11, 4.78130070258e-11, 1.60388872322e-11, 1.76912529765e-11, 2.13414355632e-11, 1.37792667901e-11, 1.26877553602e-11, 1.06874569958e-11, 1.2402126201e-11, 1.62039860696e-11, 7.357869522e-12, 5.43567361261e-12, 4.41370984899e-12],
        "max": [0.0177849773318, 0.0281510259956, 0.017180301249, 0.0124003272504, 0.0137016922235, 0.0154378581792, 0.0137253943831, 0.0152872018516, 0.0064487522468, 0.0062581114471, 0.0105371745303, 0.014459089376, 0.0182833820581, 0.00822313968092, 0.00495114130899, 0.00203457986936, 0.00241846172139, 0.00312987761572, 0.00284840725362, 0.00144295557402, 0.00216767610982, 0.000876979844179, 0.00155696016736, 0.00060213136021, 0.000197859859327, 0.00024396761728, 0.000213669525692, 0.000112895468192, 0.000143216369906, 5.54209400434e-05, 7.82355782576e-05, 0.000146909689647, 5.85688176216e-05, 5.25755604031e-05, 6.44294923404e-05, 4.80214985146e-05, 4.58327667729e-05, 3.52948081854e-05, 4.59211878479e-05, 4.91148166475e-05],
        "mean": [0.000758882088121, 0.00111374701373, 0.000768807891291, 0.000780677364673, 0.000577811093535, 0.000529257929884, 0.000463954376755, 0.000221260153921, 0.00015885947505, 0.000191978760995, 0.000240424080403, 0.000165978912264, 0.000123915073345, 0.00013204201241, 9.19154263102e-05, 5.94396879023e-05, 7.37477384973e-05, 5.70877418795e-05, 4.06661129091e-05, 3.57979042747e-05, 2.64144964603e-05, 2.18270652113e-05, 1.68579917954e-05, 1.03387101262e-05, 8.22992660687e-06, 7.04501144355e-06, 6.37597349851e-06, 5.03575893163e-06, 3.39313760378e-06, 2.54917404163e-06, 2.40169583776e-06, 2.67459040515e-06, 2.65147377831e-06, 2.39404289459e-06, 2.16018770516e-06, 1.99178157345e-06, 1.62505648404e-06, 1.01395914953e-06, 6.96393726685e-07, 6.94377490618e-07],
        "median": [0.000240517576458, 0.000403056386858, 0.000438990420662, 0.000347264343873, 0.000165471414221, 0.000182355550351, 0.000135164358653, 5.59507134312e-05, 4.72313222417e-05, 5.10372847202e-05, 5.61947745155e-05, 3.39385223924e-05, 2.6676516427e-05, 2.3618720661e-05, 1.95525117306e-05, 2.00024296646e-05, 2.16347107198e-05, 1.60149484145e-05, 1.2068396245e-05, 9.86149098026e-06, 7.94548395788e-06, 7.20465959603e-06, 5.96555400989e-06, 4.25570851803e-06, 3.64184870705e-06, 3.13694454235e-06, 2.64888262791e-06, 1.9833873921e-06, 1.55677685143e-06, 1.33552498482e-06, 1.20118488667e-06, 1.33547587211e-06, 1.39912253871e-06, 1.27416194573e-06, 1.12786824502e-06, 9.40786833326e-07, 6.19752313469e-07, 3.15454428801e-07, 2.18996660806e-07, 2.04993270359e-07],
        "min": [3.66281252828e-24, 3.24250270481e-24, 4.96803653851e-24, 6.96105851124e-24, 2.25714936709e-24, 6.302608541e-24, 7.74215544743e-24, 1.27676427535e-23, 9.87144249192e-24, 9.40829278813e-24, 6.65255867704e-24, 2.70457667861e-24, 3.94761419203e-24, 9.65133294442e-24, 1.78107437459e-23, 9.25020979589e-24, 1.0090777378e-23, 1.01911544062e-23, 6.22701870577e-24, 8.30265216465e-24, 9.50840712561e-24, 6.4181881021e-24, 6.50410136556e-24, 7.31587946894e-24, 4.30320705013e-24, 7.99340527916e-24, 6.22305231314e-24, 9.32633014008e-24, 8.45985242153e-24, 5.19876691481e-24, 6.95820046818e-24, 8.43317393458e-24, 8.59972692636e-24, 9.48543234061e-24, 7.8153625283e-24, 7.46066305518e-24, 6.34623649336e-24, 8.59523594123e-24, 9.41572622444e-24, 9.18202697013e-24],
        "var": [2.7634594062e-06, 5.29910903424e-06, 1.02157525816e-06, 1.40062672926e-06, 1.3054171859e-06, 1.00546958492e-06, 7.50203014377e-07, 2.73071947277e-07, 1.27707608044e-07, 1.89660269712e-07, 2.98609364791e-07, 2.14770935258e-07, 1.79270813305e-07, 1.51611104116e-07, 6.9442691597e-08, 1.6084046095e-08, 2.60965933307e-08, 1.95365839062e-08, 1.22999006535e-08, 7.5376656028e-09, 4.29404511948e-09, 1.90099047614e-09, 2.34258146214e-09, 3.77616660163e-10, 1.71246114511e-10, 1.39532441157e-10, 1.25849150545e-10, 7.12221254195e-11, 3.16940536316e-11, 1.41959343586e-11, 1.49811482664e-11, 2.28428595483e-11, 1.34853187644e-11, 1.16054726593e-11, 9.49886089924e-12, 1.02972561034e-11, 1.01326854893e-11, 4.51176726188e-12, 2.42036707516e-12, 3.11643571192e-12]
    },
    "mfcc": {
        "mean": [-643.281677246, 111.332672119, -4.59019184113, 9.4037771225, -1.78856110573, 7.31041812897, -8.61870765686, 2.22568798065, -7.04148626328, 0.735623836517, -4.89589548111, -4.19070720673, -3.03140091896],
        "cov": [[3856.96362305, -100.237480164, 237.279907227, 80.2118682861, 122.867782593, -93.3708648682, 77.7542419434, 137.896057129, 103.227485657, 107.826828003, 54.8826904297, 104.497848511, 152.234207153], [-100.237480164, 1104.62658691, 290.910919189, 295.031005859, 138.081619263, 135.617736816, 83.0573654175, 55.6227645874, -7.60394382477, 30.9613552094, 23.206577301, 7.09442472458, 45.9552383423], [237.279907227, 290.910919189, 1066.10546875, 438.696533203, 329.558959961, 152.157211304, 18.4646492004, 12.1464748383, -29.4167709351, -40.6812667847, 10.4743747711, 33.5236053467, 27.9449901581], [80.2118682861, 295.031005859, 438.696533203, 571.342163086, 269.648345947, 74.4552612305, -27.2297363281, 48.5616149902, -3.20250201225, -19.3162174225, -15.473950386, 57.3868255615, 46.935962677], [122.867782593, 138.081619263, 329.558959961, 269.648345947, 288.674072266, 93.2353363037, 23.8041706085, 35.3416976929, 38.4089241028, 10.709318161, 9.48819065094, 35.0784416199, 36.1407775879], [-93.3708648682, 135.617736816, 152.157211304, 74.4552612305, 93.2353363037, 219.585128784, 92.9527511597, 54.5449028015, 53.0337219238, 36.1809234619, 54.0943336487, 6.20194768906, 2.26479196548], [77.7542419434, 83.0573654175, 18.4646492004, -27.2297363281, 23.8041706085, 92.9527511597, 233.886428833, 71.6429519653, 53.0773887634, 64.5943527222, 45.0587654114, 19.3965644836, 21.2060165405], [137.896057129, 55.6227645874, 12.1464748383, 48.5616149902, 35.3416976929, 54.5449028015, 71.6429519653, 157.896316528, 82.3405761719, 37.8569641113, 40.9205284119, 32.8198738098, 18.8215885162], [103.227485657, -7.60394382477, -29.4167709351, -3.20250201225, 38.4089241028, 53.0337219238, 53.0773887634, 82.3405761719, 161.650375366, 56.5460624695, 51.3460960388, 20.7636623383, 19.3620185852], [107.826828003, 30.9613552094, -40.6812667847, -19.3162174225, 10.709318161, 36.1809234619, 64.5943527222, 37.8569641113, 56.5460624695, 115.751930237, 49.2308998108, 18.5185661316, 13.0353918076], [54.8826904297, 23.206577301, 10.4743747711, -15.473950386, 9.48819065094, 54.0943336487, 45.0587654114, 40.9205284119, 51.3460960388, 49.2308998108, 110.657272339, 37.0637207031, 6.09565448761], [104.497848511, 7.09442472458, 33.5236053467, 57.3868255615, 35.0784416199, 6.20194768906, 19.3965644836, 32.8198738098, 20.7636623383, 18.5185661316, 37.0637207031, 92.8412094116, 38.3311691284], [152.234207153, 45.9552383423, 27.9449901581, 46.935962677, 36.1407775879, 2.26479196548, 21.2060165405, 18.8215885162, 19.3620185852, 13.0353918076, 6.09565448761, 38.3311691284, 84.4794616699]],
