{
"lowlevel": {
    "average_loudness": 0.259575426579,
    "barkbands_crest": {
        "dmean": 2.60748195648,
        "dmean2": 4.19044065475,
        "dvar": 4.81518125534,
        "dvar2": 12.0488424301,
        "max": 26.6281852722,
        "mean": 10.3917818069,
        "median": 9.75798130035,
        "min": 2.06435585022,
        "var": 17.0446910858
    },
    "barkbands_flatness_db": {
        "dmean": 0.017926229164,
        "dmean2": 0.0272293053567,
        "dvar": 0.0002502805728,
        "dvar2": 0.000561679189559,
        "max": 0.371591866016,
        "mean": 0.131976902485,
        "median": 0.126668512821,
        "min": 0.0290410425514,
        "var": 0.0018360496033
    },
    "barkbands_kurtosis": {
        "dmean": 1.61638903618,
        "dmean2": 2.49651908875,
        "dvar": 66.7731323242,
        "dvar2": 165.590789795,
        "max": 497.899261475,
        "mean": 2.16002607346,
        "median": 0.475812673569,
        "min": -1.88121330738,
        "var": 60.5377197266
    },
    "barkbands_skewness": {
        "dmean": 0.415997177362,
        "dmean2": 0.621737599373,
        "dvar": 0.26235127449,
        "dvar2": 0.599783182144,
        "max": 21.6557712555,
        "mean": 0.804483234882,
        "median": 0.59519135952,
        "min": -2.71479058266,
        "var": 1.24749493599
    },
    "barkbands_spread": {
        "dmean": 5.22940063477,
        "dmean2": 7.79418516159,
        "dvar": 33.6387481689,
        "dvar2": 67.6986923218,
        "max": 105.059303284,
        "mean": 24.6512699127,
        "median": 22.5075378418,
        "min": 0.968615710735,
        "var": 195.612457275
    },
    "dissonance": {
        "dmean": 0.0181683208793,
        "dmean2": 0.0310000777245,
        "dvar": 0.000325023109326,
        "dvar2": 0.000910349423066,
        "max": 0.500000238419,
        "mean": 0.467654436827,
        "median": 0.476068556309,
        "min": 0.245364397764,
        "var": 0.000794635387138
    },
    "dynamic_complexity": 4.43735837936,
    "erbbands_crest": {
        "dmean": 2.87686300278,
        "dmean2": 4.58233118057,
        "dvar": 6.74950647354,
        "dvar2": 16.0627326965,
        "max": 29.9507637024,
        "mean": 11.2019195557,
        "median": 10.4478731155,
        "min": 2.17071557045,
        "var": 27.2737102509
    },
    "erbbands_flatness_db": {
        "dmean": 0.0171867311001,
        "dmean2": 0.0250047892332,
        "dvar": 0.00024404549913,
        "dvar2": 0.000477547117043,
        "max": 0.349902421236,
        "mean": 0.177262678742,
        "median": 0.176668584347,
        "min": 0.0282413288951,
        "var": 0.00232951412909
    },
    "erbbands_kurtosis": {
        "dmean": 1.03357315063,
        "dmean2": 1.63525593281,
        "dvar": 1.72850310802,
        "dvar2": 3.98519301414,
        "max": 42.9859657288,
        "mean": 1.30005156994,
        "median": 0.744523048401,
        "min": -1.73144578934,
        "var": 5.70141029358
    },
    "erbbands_skewness": {
        "dmean": 0.350600630045,
        "dmean2": 0.536525785923,
        "dvar": 0.0959973707795,
        "dvar2": 0.213607236743,
        "max": 5.97530031204,
        "mean": 0.499587208033,
        "median": 0.505269646645,
        "min": -2.75159478188,
        "var": 0.711495578289
    },
    "erbbands_spread": {
        "dmean": 5.89211702347,
        "dmean2": 8.74235153198,
        "dvar": 47.0157661438,
        "dvar2": 98.7348480225,
        "max": 133.654953003,
        "mean": 28.3095149994,
        "median": 23.3962593079,
        "min": 3.8546257019,
        "var": 262.960601807
    },
    "hfc": {
        "dmean": 5.20472145081,
        "dmean2": 7.84388494492,
        "dvar": 50.5950889587,
        "dvar2": 114.763671875,
        "max": 159.623245239,
        "mean": 23.3769168854,
        "median": 17.1793003082,
        "min": 1.18074659077e-16,
        "var": 494.164978027
    },
    "melbands_crest": {
        "dmean": 3.36946582794,
        "dmean2": 5.37315940857,
        "dvar": 9.11540222168,
        "dvar2": 22.0442962646,
        "max": 39.0523490906,
        "mean": 13.9017486572,
        "median": 12.8172206879,
        "min": 1.33319783211,
        "var": 32.113407135
    },
    "melbands_flatness_db": {
        "dmean": 0.0215224288404,
        "dmean2": 0.0320653580129,
        "dvar": 0.000390860484913,
        "dvar2": 0.000816030369606,
        "max": 0.458650499582,
        "mean": 0.162085592747,
        "median": 0.155520617962,
        "min": 0.000778651155997,
        "var": 0.0027990792878
    },
    "melbands_kurtosis": {
        "dmean": 3.48241686821,
        "dmean2": 5.34779071808,
        "dvar": 106.195724487,
        "dvar2": 253.331298828,
        "max": 517.455810547,
        "mean": 6.36844396591,
        "median": 2.14164757729,
        "min": -1.77814340591,
        "var": 175.677490234
    },
    "melbands_skewness": {
        "dmean": 0.552661657333,
        "dmean2": 0.828051388264,
        "dvar": 0.413966029882,
        "dvar2": 0.937885046005,
        "max": 20.7444572449,
        "mean": 1.53854990005,
        "median": 1.21188592911,
        "min": -1.43767940998,
        "var": 2.06718564034
    },
    "melbands_spread": {
        "dmean": 7.58889389038,
        "dmean2": 11.6254386902,
        "dvar": 102.427078247,
        "dvar2": 223.247085571,
        "max": 215.674789429,
        "mean": 32.8403511047,
        "median": 30.7558364868,
        "min": 0.861910700798,
        "var": 399.104949951
    },
    "pitch_salience": {
        "dmean": 0.0650654807687,
        "dmean2": 0.103859513998,
        "dvar": 0.00342831457965,
        "dvar2": 0.00832447223365,
        "max": 0.977251887321,
        "mean": 0.547461509705,
        "median": 0.539574623108,
        "min": 0.0385597832501,
        "var": 0.0129620954394
    },
    "silence_rate_20dB": {
        "dmean": 0,
        "dmean2": 0,
        "dvar": 0,
        "dvar2": 0,
        "max": 1,
        "mean": 1,
        "median": 1,
        "min": 1,
        "var": 0
    },
    "silence_rate_30dB": {
        "dmean": 0.00202659913339,
        "dmean2": 0.00405371189117,
        "dvar": 0.00202248385176,
        "dvar2": 0.00505068060011,
        "max": 1,
        "mean": 0.998353600502,
        "median": 1,
        "min": 0,
        "var": 0.00164369714912
    },
    "silence_rate_60dB": {
        "dmean": 0.0235592145473,
        "dmean2": 0.0471243970096,
        "dvar": 0.0230008978397,
        "dvar2": 0.0514965727925,
        "max": 1,
        "mean": 0.140324220061,
        "median": 0,
        "min": 0,
        "var": 0.120650611818
    },
    "spectral_centroid": {
        "dmean": 194.144042969,
        "dmean2": 295.414428711,
        "dvar": 53468.4335938,
        "dvar2": 106586.335938,
        "max": 11178.0957031,
        "mean": 1612.39343262,
        "median": 1600.87280273,
        "min": 214.766296387,
        "var": 371500.40625
    },
    "spectral_complexity": {
        "dmean": 3.15946793556,
        "dmean2": 4.98099803925,
        "dvar": 10.5016479492,
        "dvar2": 23.4092445374,
        "max": 56,
        "mean": 18.6143608093,
        "median": 18,
        "min": 0,
        "var": 125.444694519
    },
    "spectral_decrease": {
        "dmean": 1.24329579965e-09,
        "dmean2": 1.90927762489e-09,
        "dvar": 2.41466635309e-18,
        "dvar2": 5.73478859291e-18,
        "max": 9.72106142887e-30,
        "mean": -4.79951145493e-09,
        "median": -3.82914677743e-09,
        "min": -3.17135651073e-08,
        "var": 1.68449342959e-17
    },
    "spectral_energy": {
        "dmean": 0.00505509553477,
        "dmean2": 0.00776328518987,
        "dvar": 4.02695550292e-05,
        "dvar2": 9.5302646514e-05,
        "max": 0.134172528982,
        "mean": 0.020234791562,
        "median": 0.0160587988794,
        "min": 1.07172476687e-20,
        "var": 0.000300200423226
    },
    "spectral_energyband_high": {
        "dmean": 0.000233671002206,
        "dmean2": 0.000323428073898,
        "dvar": 1.44293949234e-07,
        "dvar2": 2.86461357746e-07,
        "max": 0.00626980513334,
        "mean": 0.000675570627209,
        "median": 0.000374237482902,
        "min": 7.47368427096e-21,
        "var": 6.16391048425e-07
    },
    "spectral_energyband_low": {
        "dmean": 0.00231447629631,
        "dmean2": 0.00353090837598,
        "dvar": 1.48698145495e-05,
        "dvar2": 3.35560471285e-05,
        "max": 0.0706807300448,
        "mean": 0.00410975515842,
        "median": 0.0019910687115,
        "min": 1.23877137732e-22,
        "var": 2.93334924208e-05
    },
    "spectral_energyband_middle_high": {
        "dmean": 0.00285059935413,
        "dmean2": 0.00447826413438,
        "dvar": 2.0169394702e-05,
        "dvar2": 5.07665790792e-05,
        "max": 0.105789840221,
        "mean": 0.0106735890731,
        "median": 0.00532283075154,
        "min": 1.42512344622e-21,
        "var": 0.000154535577167
    },
    "spectral_energyband_middle_low": {
        "dmean": 0.00219853362069,
        "dmean2": 0.00359728676267,
        "dvar": 1.19531896416e-05,
        "dvar2": 3.28645000991e-05,
        "max": 0.0691384449601,
        "mean": 0.00512450793758,
        "median": 0.00345587870106,
        "min": 2.43397743782e-22,
        "var": 3.04124278045e-05
    },
    "spectral_entropy": {
        "dmean": 0.131891384721,
        "dmean2": 0.187718555331,
        "dvar": 0.0169577840716,
        "dvar2": 0.0300184432417,
        "max": 9.80216693878,
        "mean": 7.71895885468,
        "median": 7.75101280212,
        "min": 6.01766872406,
        "var": 0.146157979965
    },
    "spectral_flux": {
        "dmean": 0.0174593422562,
        "dmean2": 0.027270173654,
        "dvar": 0.000328276859364,
        "dvar2": 0.000747392594349,
        "max": 0.244379118085,
        "mean": 0.0744903832674,
        "median": 0.0694449692965,
        "min": 6.81551134973e-11,
        "var": 0.00188285263721
    },
    "spectral_kurtosis": {
        "dmean": 1.16674339771,
        "dmean2": 1.90858089924,
        "dvar": 1.39406764507,
        "dvar2": 3.80600714684,
        "max": 18.4996471405,
        "mean": 4.18564653397,
        "median": 3.90504288673,
        "min": -1.35745453835,
        "var": 4.66704559326
    },
    "spectral_rms": {
        "dmean": 0.000531901430804,
        "dmean2": 0.000803726667073,
        "dvar": 2.96648835274e-07,
        "dvar2": 6.36785387087e-07,
        "max": 0.0114411544055,
        "mean": 0.00399713777006,
        "median": 0.00395817123353,
        "min": 3.23355079691e-12,
        "var": 3.76416869585e-06
    },
    "spectral_rolloff": {
        "dmean": 418.837280273,
        "dmean2": 673.405700684,
        "dvar": 629803.4375,
        "dvar2": 1275135.875,
        "max": 19229.1503906,
        "mean": 1889.86816406,
        "median": 1722.65625,
        "min": 21.533203125,
        "var": 1861079.375
    },
    "spectral_skewness": {
        "dmean": 0.161385044456,
        "dmean2": 0.257062196732,
        "dvar": 0.022808726877,
        "dvar2": 0.0527551546693,
        "max": 3.23303866386,
        "mean": 1.58165121078,
        "median": 1.5769674778,
        "min": -0.115478560328,
        "var": 0.126632988453
    },
    "spectral_spread": {
        "dmean": 463147.75,
        "dmean2": 649518.375,
        "dvar": 379135098880,
        "dvar2": 678188613632,
        "max": 40780388,
        "mean": 4554504.5,
        "median": 4343861.5,
        "min": 2159684.25,
        "var": 1.87571411354e+12
    },
    "spectral_strongpeak": {
        "dmean": 0.881411492825,
        "dmean2": 1.4817289114,
        "dvar": 2.01279115677,
        "dvar2": 4.83947515488,
        "max": 14.2676687241,
        "mean": 1.82630670071,
        "median": 0.807304918766,
        "min": 0,
        "var": 4.63342189789
    },
    "zerocrossingrate": {
        "dmean": 0.00976834632456,
        "dmean2": 0.0114140538499,
        "dvar": 0.000172828746145,
        "dvar2": 0.000196675013285,
        "max": 0.74462890625,
        "mean": 0.0741964876652,
        "median": 0.0693359375,
        "min": 0.00634765625,
        "var": 0.00127091060858
    },
    "barkbands": {
        "dmean": [0.000176670248038, 0.00176109722815, 0.000784943229519, 0.000329998350935, 0.000446047575679, 0.000375385046937, 0.000638924364466, 0.000569336698391, 0.000643169216346, 0.00104429596104, 0.0011496868683, 0.000508993340191, 0.00049335276708, 0.000642640225124, 0.000665917585138, 0.000359500088962, 0.00021539023146, 0.000207883815165, 0.000156681984663, 9.17749857763e-05, 5.16011750733e-05, 5.21592628502e-05, 6.08318332525e-05, 4.36824338976e-05, 3.62757273251e-05, 1.5993238776e-05, 6.10009607271e-08],
        "dmean2": [0.00024390296312, 0.00273313838989, 0.00136272108648, 0.000583595130593, 0.000765151169617, 0.000598368002102, 0.00104656221811, 0.00092278450029, 0.00107342959382, 0.00170083378907, 0.0018476950936, 0.000797242275439, 0.000792199221905, 0.00100340822246, 0.00102835777216, 0.000553080812097, 0.000342055165675, 0.000330567447236, 0.000247066258453, 0.000145961996168, 8.01610076451e-05, 8.0314479419e-05, 9.15010678e-05, 6.3291976403e-05, 5.11669131811e-05, 2.29424713325e-05, 1.08155695955e-07],
        "dvar": [1.47342134937e-07, 9.40296831686e-06, 4.06416847909e-06, 5.99738484652e-07, 9.86607346931e-07, 5.67762697301e-07, 2.05176888812e-06, 2.54296082858e-06, 3.17684884976e-06, 7.13525105311e-06, 8.01626083557e-06, 2.67725954473e-06, 1.74841170519e-06, 2.81444067696e-06, 2.72844727078e-06, 1.06063316707e-06, 3.02291510934e-07, 2.18084423409e-07, 1.2669265459e-07, 4.37350244908e-08, 8.12308886822e-09, 7.66132757235e-09, 9.08823682977e-09, 5.30811483657e-09, 4.04214928196e-09, 1.2055187959e-09, 1.20012181616e-12],
        "dvar2": [2.68486246569e-07, 2.23831575568e-05, 1.07143323476e-05, 1.70152543433e-06, 2.75893535218e-06, 1.36277913043e-06, 5.10183417646e-06, 6.29207033853e-06, 9.26981374505e-06, 1.82220373972e-05, 2.06101758522e-05, 6.25734764981e-06, 4.21424238084e-06, 6.05047171121e-06, 6.2652802626e-06, 2.25093913286e-06, 6.72290013881e-07, 4.9543092473e-07, 2.90349817078e-07, 1.02316569439e-07, 1.83652293373e-08, 1.72688352507e-08, 2.01133563138e-08, 1.0746349588e-08, 8.22619306007e-09, 2.50150011816e-09, 3.12800219754e-12],
        "max": [0.00556479673833, 0.0364197902381, 0.0454562306404, 0.0140622518957, 0.0177053771913, 0.0181541480124, 0.0296823307872, 0.0351836718619, 0.0418332517147, 0.0568686574697, 0.0555314607918, 0.0480554364622, 0.0408982150257, 0.0490824207664, 0.0439691804349, 0.0235275030136, 0.0145492581651, 0.0146946832538, 0.0115252463147, 0.00637831911445, 0.00151627033483, 0.00131014094222, 0.00169641571119, 0.0017330548726, 0.000952273258008, 0.000639379140921, 3.33049138135e-05],
        "mean": [0.000264787260676, 0.00279235094786, 0.000881458865479, 0.000358656805474, 0.00064583105268, 0.000742549775168, 0.000917609897442, 0.000929124769755, 0.00117909209803, 0.00203896057792, 0.00242710160092, 0.000919231039006, 0.000951392983552, 0.00119901890866, 0.00126598088536, 0.000730322382879, 0.000435137102613, 0.000416908180341, 0.00034565399983, 0.000203097966732, 0.000120447351946, 0.000119078023999, 0.000143989745993, 9.95102527668e-05, 7.6624484791e-05, 3.08393173327e-05, 4.45785808267e-08],
        "median": [4.42636628577e-05, 0.00108277052641, 0.000223521550652, 0.000127334555145, 0.000287650822429, 0.000217912252992, 0.000207354401937, 0.000176882575033, 0.000289675255772, 0.00034022872569, 0.000247773772571, 0.000179141963599, 0.000207840377698, 0.000270501099294, 0.000321532599628, 0.000248204945819, 0.000208596960874, 0.000214978790609, 0.000157427377417, 8.90072406037e-05, 6.55289550195e-05, 6.56824340695e-05, 7.56463850848e-05, 4.9155234592e-05, 3.05471476167e-05, 9.72572524915e-06, 4.24922097508e-10],
        "min": [1.68920426466e-23, 1.25640456425e-23, 6.07149004514e-23, 4.62943732204e-24, 3.16349410419e-23, 2.98524751167e-23, 2.97014587405e-23, 2.48118306372e-23, 3.7944443044e-23, 2.11203276322e-23, 3.15695760273e-23, 1.05832026566e-22, 8.72257386855e-23, 1.29406156531e-22, 7.75956024336e-23, 6.37734593313e-23, 1.41732871793e-22, 1.3426249786e-22, 2.35853002354e-22, 4.19883270599e-22, 2.96591000653e-22, 6.30533921458e-22, 6.37042263739e-22, 7.75137047877e-22, 9.57135614326e-22, 1.24719277671e-21, 2.36784327752e-21],
        "var": [3.77107909344e-07, 1.74313463503e-05, 3.76049229089e-06, 5.01975307543e-07, 1.24266125567e-06, 2.9371576602e-06, 3.71385203835e-06, 6.17204659648e-06, 8.09191988083e-06, 2.0847961423e-05, 2.90785319521e-05, 7.94392508396e-06, 6.5889103098e-06, 7.6383976193e-06, 7.24537676433e-06, 3.42660268871e-06, 8.9072193532e-07, 5.54725318125e-07, 4.31317090488e-07, 1.18304292585e-07, 2.34308323854e-08, 2.1592732935e-08, 3.2878780587e-08, 1.77812289337e-08, 1.24326096085e-08, 3.28532490101e-09, 8.93716687028e-13]
    },
    "erbbands": {
        "dmean": [0.0659508630633, 0.364113867283, 0.873181402683, 0.966336607933, 1.15212142467, 1.64128673077, 2.39868688583, 3.57624363899, 7.1257390976, 11.2856483459, 10.8209514618, 14.3788490295, 25.3451137543, 43.0861549377, 31.9129943848, 15.8864040375, 19.839138031, 25.487657547, 33.7505607605, 28.0321464539, 16.4757537842, 10.8165922165, 11.2518854141, 9.12112808228, 6.04793739319, 3.78582549095, 2.225867033, 2.0387108326, 1.86777901649, 1.94911301136, 1.67371249199, 1.04063951969, 0.712770760059, 0.444537341595, 0.256653308868, 0.109341032803, 0.0236379876733, 0.00121187663171, 3.05859466607e-05, 7.09263440513e-06],
        "dmean2": [0.0933325812221, 0.586960613728, 1.47679364681, 1.68353128433, 2.02786874771, 2.80674123764, 3.87529373169, 5.69879484177, 11.5606985092, 18.3038902283, 17.376247406, 24.0058116913, 41.7200889587, 70.2277679443, 49.4929046631, 24.8556919098, 31.6203975677, 39.5094223022, 50.8817100525, 43.5291900635, 24.7098636627, 17.0258903503, 17.8113059998, 14.101606369, 9.57747268677, 5.9957742691, 3.49891066551, 3.15261244774, 2.89511919022, 2.94441437721, 2.53455781937, 1.53692770004, 1.0482865572, 0.645177423954, 0.364658087492, 0.156608611345, 0.0343079827726, 0.00182278093416, 4.41771262558e-05, 1.07276255221e-05],
        "dvar": [0.0145496632904, 0.505973219872, 4.88014554977, 5.03387260437, 7.47396278381, 15.1219997406, 24.4015884399, 57.5018348694, 298.085571289, 625.367675781, 916.543334961, 1426.24584961, 5558.08300781, 11097.4316406, 5907.02246094, 3053.45166016, 3110.15307617, 4270.89111328, 6535.22949219, 5458.53466797, 2163.56518555, 626.854248047, 681.418518066, 381.124450684, 190.00843811, 57.7543830872, 14.8995943069, 12.6855459213, 9.88064575195, 9.95520401001, 7.15634918213, 3.18208765984, 1.36612808704, 0.576964139938, 0.230681538582, 0.0524677112699, 0.0036721425131, 6.50394213153e-05, 2.31949606189e-08, 8.77416819756e-11],
        "dvar2": [0.0287629812956, 1.22456467152, 12.4421319962, 13.933889389, 21.1029052734, 41.9697227478, 57.7348899841, 137.144119263, 713.519226074, 1584.41845703, 2182.25, 4028.44458008, 15600.2646484, 29146.9082031, 14384.1923828, 7520.71240234, 7705.20703125, 9447.00683594, 14262.3994141, 12179.0341797, 4444.10644531, 1432.80065918, 1553.88220215, 817.57232666, 428.021026611, 130.944519043, 35.3645515442, 27.5972270966, 22.4817371368, 22.0777606964, 16.0692520142, 6.68497037888, 2.79617857933, 1.20582985878, 0.478522717953, 0.112725205719, 0.00688298046589, 0.000140016505611, 4.70353924698e-08, 1.94526353359e-10],
        "max": [1.41523516178, 10.9207868576, 51.5916481018, 32.6386604309, 53.5420837402, 62.9124450684, 134.313568115, 190.270523071, 438.050170898, 654.707580566, 895.32043457, 790.083068848, 2170.72851562, 2093.77709961, 1790.90161133, 2139.90820312, 1890.66467285, 1399.77404785, 2226.55371094, 2249.75439453, 1338.90808105, 643.489196777, 823.620117188, 668.448059082, 509.859619141, 268.722076416, 75.9989242554, 58.6979103088, 49.7571105957, 53.8086624146, 43.7283668518, 40.1212730408, 26.6438694, 13.1323442459, 8.74811267853, 3.60487699509, 1.73276925087, 0.333108723164, 0.00617371220142, 0.000197757530259],
        "mean": [0.10973225534, 0.50583422184, 1.04359030724, 1.13091301918, 1.3388646841, 2.27641320229, 4.82312345505, 6.58484792709, 10.3265399933, 17.3539600372, 18.9986438751, 27.1291828156, 50.126625061, 95.6544418335, 71.9060974121, 32.472240448, 42.2654762268, 48.4653816223, 72.1401519775, 59.2291297913, 36.224319458, 24.2102336884, 23.6607551575, 20.4503936768, 14.4710073471, 9.05422306061, 5.38324642181, 4.65457057953, 4.19873809814, 4.58732748032, 3.87110114098, 2.29388523102, 1.5896846056, 0.955731391907, 0.492617279291, 0.213125824928, 0.0413790531456, 0.00154228392057, 5.90349409322e-05, 2.93764533126e-05],
        "median": [0.0342161767185, 0.207904726267, 0.303196012974, 0.430850803852, 0.566895008087, 0.925733149052, 1.3414876461, 2.10034227371, 3.05323791504, 4.67694616318, 4.82190608978, 7.61439228058, 12.3808641434, 14.6387825012, 11.9931545258, 8.47011756897, 10.5793123245, 16.9242916107, 24.727853775, 19.6706409454, 15.9355506897, 12.495716095, 12.5432910919, 10.3327865601, 6.84558486938, 4.08563137054, 2.67486453056, 2.56271457672, 2.33929347992, 2.39142084122, 2.01902008057, 1.13411974907, 0.794829368591, 0.406815350056, 0.179827988148, 0.0694907084107, 0.0121766524389, 0.000282796681859, 2.50461307587e-05, 2.28500612138e-05],
        "min": [7.84911097601e-22, 2.24746769771e-21, 4.47421573277e-20, 4.9122482568e-20, 2.15195059168e-20, 1.65630393632e-19, 1.15436272731e-19, 3.23713539657e-19, 5.16229875212e-19, 4.18904915863e-19, 6.05163061397e-19, 1.07657132794e-18, 6.70666822021e-19, 2.52208774974e-18, 2.4640684744e-18, 4.74814037956e-18, 4.48723148433e-18, 4.23704284985e-18, 6.60223718486e-18, 4.5034289215e-18, 3.58016879926e-18, 8.97952862274e-18, 8.67964918091e-18, 9.28441002574e-18, 1.32421507923e-17, 1.66565902335e-17, 1.34562019737e-17, 1.38110119985e-17, 2.17332788941e-17, 2.05354766994e-17, 1.92574148242e-17, 1.47668266409e-17, 1.33741109154e-17, 9.89902093729e-18, 7.17458578456e-18, 4.14615265774e-18, 2.40280003361e-18, 1.30493531895e-18, 2.46877171996e-19, 3.7496226414e-20],
        "var": [0.0387065447867, 0.649359166622, 4.76075315475, 4.40827226639, 6.28176403046, 17.9644775391, 152.011627197, 195.604949951, 513.927062988, 1133.64550781, 2627.60449219, 3853.03271484, 13391.8847656, 38901.0390625, 25432.6386719, 7904.890625, 12669.4326172, 9608.2265625, 20689.2460938, 15130.5927734, 6266.04980469, 1893.59448242, 1617.97692871, 1310.77905273, 732.239929199, 220.50819397, 49.7758369446, 34.5074386597, 26.9836330414, 34.8220062256, 23.6278686523, 9.82194232941, 4.48308753967, 1.84679245949, 0.591066777706, 0.130840584636, 0.00947233568877, 8.87422502274e-05, 3.77635238635e-08, 6.31971752707e-10]
    },
    "gfcc": {
        "mean": [-17.5696811676, 70.8574066162, -142.167953491, 28.1491127014, -63.1440582275, 30.4602108002, -41.6659240723, 21.8558006287, -19.3904781342, 4.23870229721, -14.9666213989, 2.17862129211, -6.64124965668],
        "cov": [[7162.99755859, -389.109680176, -43.1145515442, 236.590530396, 456.558929443, 512.640686035, 285.6328125, 288.851867676, -18.8995800018, 418.229644775, -20.3316707611, 163.685562134, -162.925079346], [-389.109680176, 1054.14367676, 544.23034668, 216.10508728, 134.221786499, -87.720161438, -28.7283096313, -37.6483154297, 85.5300369263, -36.1508979797, 109.795822144, -22.8391227722, 78.0492782593], [-43.1145515442, 544.23034668, 1205.34814453, 558.082519531, 97.3347473145, -11.5687637329, -178.857421875, -53.1178245544, -39.6036186218, 42.3218574524, 59.4731254578, 71.359916687, 5.60679769516], [236.590530396, 216.10508728, 558.082519531, 553.741088867, 155.367416382, 41.1847839355, -72.0250854492, -0.222407773137, 23.9492549896, 33.8977584839, 61.9000282288, 53.0327377319, 20.7781925201], [456.558929443, 134.221786499, 97.3347473145, 155.367416382, 288.941650391, 127.097129822, 85.4981231689, 57.2507781982, 45.5442886353, 73.4968185425, 24.9228916168, 34.0448951721, 4.62622880936], [512.640686035, -87.720161438, -11.5687637329, 41.1847839355, 127.097129822, 278.744018555, 181.967254639, 45.9418029785, -6.45265293121, 72.6172561646, -3.54790115356, 3.96732854843, -10.7879648209], [285.6328125, -28.7283096313, -178.857421875, -72.0250854492, 85.4981231689, 181.967254639, 274.510345459, 72.7314987183, 14.8628063202, 46.8567237854, -12.9873924255, -9.60331726074, -4.96575593948], [288.851867676, -37.6483154297, -53.1178245544, -0.222407773137, 57.2507781982, 45.9418029785, 72.7314987183, 125.781349182, 65.4944000244, 34.9943084717, -3.30249261856, 4.95779085159, -2.97968244553], [-18.8995800018, 85.5300369263, -39.6036186218, 23.9492549896, 45.5442886353, -6.45265293121, 14.8628063202, 65.4944000244, 140.128677368, 38.8450698853, 38.4522857666, 2.13106012344, 20.2335166931], [418.229644775, -36.1508979797, 42.3218574524, 33.8977584839, 73.4968185425, 72.6172561646, 46.8567237854, 34.9943084717, 38.8450698853, 134.526184082, 38.1457252502, 32.9328536987, -17.7460365295], [-20.3316707611, 109.795822144, 59.4731254578, 61.9000282288, 24.9228916168, -3.54790115356, -12.9873924255, -3.30249261856, 38.4522857666, 38.1457252502, 131.219589233, 45.1063537598, 25.0076770782], [163.685562134, -22.8391227722, 71.359916687, 53.0327377319, 34.0448951721, 3.96732854843, -9.60331726074, 4.95779085159, 2.13106012344, 32.9328536987, 45.1063537598, 93.2905502319, 35.2751312256], [-162.925079346, 78.0492782593, 5.60679769516, 20.7781925201, 4.62622880936, -10.7879648209, -4.96575593948, -2.97968244553, 20.2335166931, -17.7460365295, 25.0076770782, 35.2751312256, 99.6424865723]],
        "icov": [[0.000237546715653, -0.000215037100133, 0.00028259359533, -0.000224152914598, 6.49263893138e-05, -0.000408061488997, 0.000356910226401, -0.000626595283393, 0.000523593276739, -0.000645606603939, 0.000351852155291, -0.000618372287136, 0.000448851467809], [-0.000215037100133, 0.00320818321779, -0.00240713567473, 0.00137224164791, -0.00233638915233, 0.00263564870693, -0.00257185287774, 0.00234207767062, -0.00236123008654, 0.0022041213233, -0.00285847880878, 0.00420877570286, -0.00258011510596], [0.00028259359533, -0.00240713567473, 0.00366158410907, -0.00284201768227, 0.00188989145681, -0.00214696768671, 0.00276685832068, -0.0019801389426, 0.00277642277069, -0.00258213700727, 0.00229459279217, -0.00355340237729, 0.0021510773804], [-0.000224152914598, 0.00137224164791, -0.00284201768227, 0.00495375180617, -0.00257406756282, 0.000432042230386, -0.000329884845996, 0.00123687344603, -0.00208950042725, 0.00228580110706, -0.00210294756107, 0.00168168439995, -0.00136379071046], [6.49263893138e-05, -0.00233638915233, 0.00188989145681, -0.00257406756282, 0.00758781423792, -0.0034053476993, 0.00112800265197, -0.00221062800847, 0.000492826045956, -0.00247998582199, 0.00246974802576, -0.00411956058815, 0.00193259329535], [-0.000408061488997, 0.00263564870693, -0.00214696768671, 0.000432042230386, -0.0034053476993, 0.010810512118, -0.00721642468125, 0.0024066043552, 2.47897605732e-05, -0.000558184692636, -0.00223348918371, 0.00508207082748, -0.00300317304209], [0.000356910226401, -0.00257185287774, 0.00276685832068, -0.000329884845996, 0.00112800265197, -0.00721642468125, 0.010801140219, -0.00524628302082, 0.00294782058336, -0.00228273496032, 0.0020920264069, -0.00273833377287, 0.00149816425983], [-0.000626595283393, 0.00234207767062, -0.0019801389426, 0.00123687344603, -0.00221062800847, 0.0024066043552, -0.00524628302082, 0.0165379662067, -0.00938985869288, 0.00259761116467, 0.000359740457498, 0.00108825531788, -0.00051549723139], [0.000523593276739, -0.00236123008654, 0.00277642277069, -0.00208950042725, 0.000492826045956, 2.47897605732e-05, 0.00294782058336, -0.00938985869288, 0.0160108618438, -0.00628198496997, -0.00123672361951, 0.00127376033925, -0.00167946447618], [-0.000645606603939, 0.0022041213233, -0.00258213700727, 0.00228580110706, -0.00247998582199, -0.000558184692636, -0.00228273496032, 0.00259761116467, -0.00628198496997, 0.0157619081438, -0.00430365046486, -0.00140621047467, 0.00256586936302], [0.000351852155291, -0.00285847880878, 0.00229459279217, -0.00210294756107, 0.00246974802576, -0.00223348918371, 0.0020920264069, 0.000359740457498, -0.00123672361951, -0.00430365046486, 0.01382896211, -0.00832252390683, 0.00184255011845], [-0.000618372287136, 0.00420877570286, -0.00355340237729, 0.00168168439995, -0.00411956058815, 0.00508207082748, -0.00273833377287, 0.00108825531788, 0.00127376033925, -0.00140621047467, -0.00832252390683, 0.0241104122251, -0.0107768252492], [0.000448851467809, -0.00258011510596, 0.0021510773804, -0.00136379071046, 0.00193259329535, -0.00300317304209, 0.00149816425983, -0.00051549723139, -0.00167946447618, 0.00256586936302, 0.00184255011845, -0.0107768252492, 0.0167492609471]]
    },
    "melbands": {
        "dmean": [0.000515697116498, 0.000437012524344, 0.000165657271282, 9.63451748248e-05, 8.12525468064e-05, 7.84111689427e-05, 0.000116790746688, 0.000128717554617, 8.14042214188e-05, 9.9686687463e-05, 0.000133023466333, 0.000178393616807, 0.000127354520373, 6.32411029073e-05, 3.71137393813e-05, 5.53467980353e-05, 5.21877773281e-05, 6.01786632615e-05, 5.49480355403e-05, 3.04913373839e-05, 1.98305060621e-05, 1.338263246e-05, 1.04944720078e-05, 1.06457155198e-05, 8.16206556919e-06, 5.68887435293e-06, 4.49748222309e-06, 2.50628613685e-06, 1.56052726652e-06, 1.37169467962e-06, 1.26053373606e-06, 1.17727927318e-06, 1.06712047909e-06, 1.2350740235e-06, 1.10486780613e-06, 8.43335101308e-07, 6.36355764527e-07, 5.44411420833e-07, 4.71454711715e-07, 3.72110747549e-07],
        "dmean2": [0.000773176900111, 0.00070826523006, 0.000285750778858, 0.000167532663909, 0.000132890927489, 0.000124976199004, 0.00018927626661, 0.000208846337046, 0.000131053704536, 0.00016656985099, 0.000218445478822, 0.000290958530968, 0.000199103771592, 9.96746384772e-05, 5.9327659983e-05, 8.7720596639e-05, 8.10203637229e-05, 9.09978552954e-05, 8.5994892288e-05, 4.64499644295e-05, 2.98544928228e-05, 2.10464895645e-05, 1.66648460436e-05, 1.70053172042e-05, 1.27036992126e-05, 8.99525730347e-06, 7.19882928024e-06, 4.01192255595e-06, 2.48205560638e-06, 2.19393314183e-06, 1.97363465304e-06, 1.86897295862e-06, 1.65440155797e-06, 1.89759930436e-06, 1.70283044554e-06, 1.29952070438e-06, 9.56302415034e-07, 8.23071729883e-07, 7.09607945737e-07, 5.51658217773e-07],
        "dvar": [7.95990445113e-07, 9.63164779932e-07, 1.42645404821e-07, 5.42526628067e-08, 2.58362149452e-08, 2.64890633872e-08, 7.08036509423e-08, 8.50127932495e-08, 4.66820999634e-08, 7.30569666985e-08, 1.45878956914e-07, 1.81914089126e-07, 9.031322179e-08, 3.94144343829e-08, 1.6899148747e-08, 2.42120936633e-08, 1.95898604005e-08, 2.48054252694e-08, 2.21127098854e-08, 7.30333082899e-09, 3.47118578325e-09, 1.14623077696e-09, 5.69951086327e-10, 7.49978801284e-10, 3.40209083127e-10, 2.08557421333e-10, 1.16704146347e-10, 2.69053928442e-11, 7.47036547205e-12, 6.78205842181e-12, 4.57152371514e-12, 4.03746350588e-12, 3.10467753936e-12, 4.36220981212e-12, 3.1702546404e-12, 1.93022919696e-12, 1.23899306613e-12, 8.21597293237e-13, 6.26839509119e-13, 4.25905892585e-13],
        "dvar2": [1.7691446601e-06, 2.30125078815e-06, 3.88679097796e-07, 1.5475256987e-07, 6.38425063926e-08, 6.39336548147e-08, 1.7215577941e-07, 2.15090210531e-07, 1.12192481083e-07, 2.09277004615e-07, 4.06638463346e-07, 4.73824627534e-07, 2.19501245624e-07, 9.41765634366e-08, 4.1074084578e-08, 5.75409160319e-08, 4.31281428348e-08, 5.3372872344e-08, 5.27146362117e-08, 1.59400705968e-08, 7.13985714995e-09, 2.57849275265e-09, 1.29379484903e-09, 1.7290914256e-09, 7.28666404992e-10, 4.67884231359e-10, 2.7492244592e-10, 6.19726561735e-11, 1.86079641279e-11, 1.65960301057e-11, 1.0324807849e-11, 9.57470734642e-12, 7.30096625517e-12, 1.00332589459e-11, 7.38123277777e-12, 4.4429186892e-12, 2.63850031233e-12, 1.75304703479e-12, 1.3520333941e-12, 9.21171992851e-13],
        "max": [0.00975443888456, 0.0215095132589, 0.00635296292603, 0.00465128105134, 0.00419784290716, 0.00421193195507, 0.00617958139628, 0.00590949086472, 0.00623041531071, 0.00583500787616, 0.010865053162, 0.00815419666469, 0.00562601862475, 0.00526830274612, 0.00507509149611, 0.0054894736968, 0.0033636437729, 0.00469263643026, 0.00422647362575, 0.00233581569046, 0.00149897381198, 0.000941664562561, 0.000714100897312, 0.000973811256699, 0.000661552592646, 0.000575836922508, 0.000406081991969, 0.000188255115063, 7.0225498348e-05, 5.51720659132e-05, 3.7985144445e-05, 3.20136750815e-05, 3.11277035507e-05, 4.05314276577e-05, 2.81613247353e-05, 3.07720365527e-05, 2.7861826311e-05, 2.33709379245e-05, 1.48371636897e-05, 1.18792440844e-05],
        "mean": [0.000856812228449, 0.000592894153669, 0.000207594290259, 0.000121574143122, 0.000159229355631, 0.000146055448567, 0.000168344733538, 0.000203810137464, 0.000138920426252, 0.000182656003744, 0.000257247884292, 0.00038724206388, 0.00027546857018, 0.000125176084111, 6.76538111293e-05, 0.00010424793436, 8.83014727151e-05, 0.000120450422401, 0.000102987738501, 6.06885041634e-05, 3.76540519937e-05, 2.6034496841e-05, 2.06532804441e-05, 1.99827518372e-05, 1.6444188077e-05, 1.20935164887e-05, 8.78473201738e-06, 5.32245121576e-06, 3.45328612639e-06, 2.84193970401e-06, 2.62142316387e-06, 2.38933694163e-06, 2.24837708629e-06, 2.71854855782e-06, 2.3787556529e-06, 1.71041813246e-06, 1.27948089812e-06, 1.12705504307e-06, 9.87529347185e-07, 7.38788003218e-07],
        "median": [0.000321726314723, 0.000242075460847, 8.60895379446e-05, 5.72436765651e-05, 4.95705025969e-05, 4.5332886657e-05, 4.53182146885e-05, 5.10061690875e-05, 3.35144359269e-05, 4.27165578003e-05, 5.46813462279e-05, 5.40114560863e-05, 3.57446988346e-05, 2.102803046e-05, 1.58541788551e-05, 2.08520377782e-05, 2.52515455941e-05, 2.97287442663e-05, 2.36421092268e-05, 1.91590770555e-05, 1.5271405573e-05, 1.2479173165e-05, 1.01451696537e-05, 1.01745381471e-05, 7.49293576519e-06, 5.28899909114e-06, 3.75166473532e-06, 2.1673943138e-06, 1.61684840805e-06, 1.48101378272e-06, 1.42572071127e-06, 1.27820726448e-06, 1.20579443319e-06, 1.3528715499e-06, 1.24185737604e-06, 8.3352188085e-07, 6.08075879427e-07, 5.49068943201e-07, 4.52967071851e-07, 2.90648671353e-07],
        "min": [5.93797928123e-24, 1.6809425244e-23, 7.83885638378e-24, 6.79214682536e-24, 5.86479113303e-24, 7.5379469692e-24, 7.31367854702e-24, 4.83307466497e-24, 4.94993770276e-24, 6.57260525771e-24, 3.05824471609e-24, 9.41342196174e-24, 5.52264835337e-24, 7.1884855325e-24, 1.30264443507e-23, 8.3065333603e-24, 8.06183107408e-24, 1.28283487556e-23, 4.96296416289e-24, 5.48166032403e-24, 4.00244949128e-24, 7.07820356681e-24, 9.3456422439e-24, 7.77361522033e-24, 7.28798455847e-24, 9.48322116349e-24, 9.34957392665e-24, 1.22040071588e-23, 7.64842299468e-24, 8.2094703368e-24, 7.77633836818e-24, 1.26335308776e-23, 1.23120471818e-23, 1.01861001744e-23, 1.08044519504e-23, 9.86214971046e-24, 8.67383094208e-24, 9.9312105384e-24, 8.36103102708e-24, 8.48743888739e-24],
        "var": [1.84360590083e-06, 1.10106873308e-06, 1.33216801146e-07, 4.84053543914e-08, 1.26849329263e-07, 9.2958785558e-08, 1.25588130118e-07, 1.65286436982e-07, 1.34243848038e-07, 1.9687061581e-07, 3.67081526065e-07, 6.19467925844e-07, 3.41010832017e-07, 1.31489088062e-07, 4.6376008811e-08, 9.15714224448e-08, 4.09109723876e-08, 7.8899816458e-08, 5.46389387068e-08, 2.62449653121e-08, 8.74341399282e-09, 3.18747761519e-09, 1.38484701484e-09, 1.63096613992e-09, 1.04260278189e-09, 8.09115219269e-10, 3.09083036942e-10, 8.86674692002e-11, 2.40733162571e-11, 1.42391654023e-11, 1.12706189867e-11, 9.37139515295e-12, 8.18946299663e-12, 1.40613068064e-11, 9.32834798989e-12, 5.32709683657e-12, 3.45349378435e-12, 2.39528926207e-12, 1.88222462789e-12, 1.22251059102e-12]
    },
    "mfcc": {
        "mean": [-650.545715332, 97.0901184082, -15.8442611694, 3.51035857201, 4.59752988815, 3.0663383007, -1.82151460648, 11.2139501572, 2.75985693932, 7.68131923676, 1.16473412514, -3.5703265667, -0.380582273006],
        "cov": [[6485.02050781, -488.158782959, -385.496765137, -5.75687885284, 93.4518966675, 342.709655762, 383.577697754, 147.273132324, 227.434494019, 249.504592896, 153.917984009, 133.047698975, 344.782226562], [-488.158782959, 848.100402832, 298.074310303, 178.91947937, 133.192398071, -6.89098310471, -3.58082866669, -14.7874097824, -14.5289669037, 2.60758519173, 7.99371480942, 7.40768384933, -28.5464954376], [-385.496765137, 298.074310303, 1014.47949219, 462.072143555, 304.812164307, 78.322555542, -20.0961055756, -61.5218963623, -104.11277771, -69.9499206543, -28.246717453, 9.80657196045, -5.72602415085], [-5.75687885284, 178.91947937, 462.072143555, 472.371673584, 276.064880371, 58.7312507629, -19.5650577545, -1.82707631588, -30.3951644897, -27.7676067352, -3.15062355995, 29.7764511108, 40.3555488586], [93.4518966675, 133.192398071, 304.812164307, 276.064880371, 319.171905518, 59.643283844, -9.70927810669, 3.07092022896, -15.9095678329, -1.4401165247, 11.0893392563, 26.8789997101, 42.3937454224], [342.709655762, -6.89098310471, 78.322555542, 58.7312507629, 59.643283844, 236.542984009, 147.765090942, 39.5839042664, 48.0810928345, 42.5911445618, 33.3308944702, 24.0608234406, 37.7824287415], [383.577697754, -3.58082866669, -20.0961055756, -19.5650577545, -9.70927810669, 147.765090942, 203.291824341, 65.3493652344, 54.8568725586, 42.0423164368, 31.9009723663, 17.3403701782, 33.7152748108], [147.273132324, -14.7874097824, -61.5218963623, -1.82707631588, 3.07092022896, 39.5839042664, 65.3493652344, 108.338973999, 62.272857666, 37.3655281067, 17.3992729187, 8.46661186218, 13.2409582138], [227.434494019, -14.5289669037, -104.11277771, -30.3951644897, -15.9095678329, 48.0810928345, 54.8568725586, 62.272857666, 144.805679321, 59.430896759, 23.8077754974, 9.99149513245, 14.3368883133], [249.504592896, 2.60758519173, -69.9499206543, -27.7676067352, -1.4401165247, 42.5911445618, 42.0423164368, 37.3655281067, 59.430896759, 112.269691467, 57.425655365, 9.188621521, 19.622631073], [153.917984009, 7.99371480942, -28.246717453, -3.15062355995, 11.0893392563, 33.3308944702, 31.9009723663, 17.3992729187, 23.8077754974, 57.425655365, 102.3150177, 43.3975944519, 20.4553642273], [133.047698975, 7.40768384933, 9.80657196045, 29.7764511108, 26.8789997101, 24.0608234406, 17.3403701782, 8.46661186218, 9.99149513245, 9.188621521, 43.3975944519, 100.090835571, 50.5723648071], [344.782226562, -28.5464954376, -5.72602415085, 40.3555488586, 42.3937454224, 37.7824287415, 33.7152748108, 13.2409582138, 14.3368883133, 19.622631073, 20.4553642273, 50.5723648071, 104.254470825]],
