{
"lowlevel": {
    "average_loudness": 0.891175508499,
    "barkbands_crest": {
        "dmean": 3.23811173439,
        "dmean2": 5.34241914749,
        "dvar": 7.98986244202,
        "dvar2": 20.8329563141,
        "max": 25.6163692474,
        "mean": 11.5288438797,
        "median": 10.8156900406,
        "min": 2.6903758049,
        "var": 21.8679389954
    },
    "barkbands_flatness_db": {
        "dmean": 0.0225754827261,
        "dmean2": 0.0366666726768,
        "dvar": 0.000403109326726,
        "dvar2": 0.00100945564918,
        "max": 0.432373732328,
        "mean": 0.147486522794,
        "median": 0.142683118582,
        "min": 0.0504602454603,
        "var": 0.00192462874111
    },
    "barkbands_kurtosis": {
        "dmean": 2.76646566391,
        "dmean2": 4.51307439804,
        "dvar": 31.6512413025,
        "dvar2": 83.1374969482,
        "max": 298.555419922,
        "mean": 3.88213467598,
        "median": 1.36641955376,
        "min": -1.91107189655,
        "var": 97.402381897
    },
    "barkbands_skewness": {
        "dmean": 0.561398267746,
        "dmean2": 0.887741923332,
        "dvar": 0.321611642838,
        "dvar2": 0.767694115639,
        "max": 15.4358205795,
        "mean": 1.53663933277,
        "median": 1.35938167572,
        "min": -2.92901086807,
        "var": 1.50052392483
    },
    "barkbands_spread": {
        "dmean": 5.74149894714,
        "dmean2": 8.99996471405,
        "dvar": 39.1854629517,
        "dvar2": 84.844329834,
        "max": 95.4169540405,
        "mean": 23.7563323975,
        "median": 22.1933193207,
        "min": 0.687698483467,
        "var": 166.223129272
    },
    "dissonance": {
        "dmean": 0.0166761614382,
        "dmean2": 0.0283861998469,
        "dvar": 0.000263877824182,
        "dvar2": 0.000734966713935,
        "max": 0.500000059605,
        "mean": 0.469248443842,
        "median": 0.475383132696,
        "min": 0.272983372211,
        "var": 0.000630399037618
    },
    "dynamic_complexity": 2.23781299591,
    "erbbands_crest": {
        "dmean": 2.91238284111,
        "dmean2": 4.75976228714,
        "dvar": 6.97449493408,
        "dvar2": 17.4878311157,
        "max": 31.3280563354,
        "mean": 9.37969112396,
        "median": 8.14665699005,
        "min": 2.20929384232,
        "var": 22.5543079376
    },
    "erbbands_flatness_db": {
        "dmean": 0.0149859273806,
        "dmean2": 0.0226814169437,
        "dvar": 0.000173783817445,
        "dvar2": 0.000375461997464,
        "max": 0.385075062513,
        "mean": 0.164431333542,
        "median": 0.153814435005,
        "min": 0.0633756220341,
        "var": 0.00245449692011
    },
    "erbbands_kurtosis": {
        "dmean": 0.871481478214,
        "dmean2": 1.38174343109,
        "dvar": 1.61379909515,
        "dvar2": 3.73836135864,
        "max": 34.0558242798,
        "mean": 0.680017709732,
        "median": -0.0299308300018,
        "min": -1.86206793785,
        "var": 5.91167640686
    },
    "erbbands_skewness": {
        "dmean": 0.34008538723,
        "dmean2": 0.528741896152,
        "dvar": 0.0897541418672,
        "dvar2": 0.20883077383,
        "max": 5.22446584702,
        "mean": 0.354182243347,
        "median": 0.276749551296,
        "min": -3.16956543922,
        "var": 0.500516295433
    },
    "erbbands_spread": {
        "dmean": 7.13507890701,
        "dmean2": 10.8941879272,
        "dvar": 56.8032646179,
        "dvar2": 119.28604126,
        "max": 128.499923706,
        "mean": 37.5416259766,
        "median": 35.2880477905,
        "min": 3.58404684067,
        "var": 345.253692627
    },
    "hfc": {
        "dmean": 6.76571464539,
        "dmean2": 10.1005144119,
        "dvar": 66.5579147339,
        "dvar2": 135.693832397,
        "max": 150.271514893,
        "mean": 28.0307788849,
        "median": 23.8756561279,
        "min": 1.08709717228e-16,
        "var": 391.870697021
    },
    "melbands_crest": {
        "dmean": 3.94799876213,
        "dmean2": 6.33681297302,
        "dvar": 11.1858453751,
        "dvar2": 28.3173274994,
        "max": 36.4291801453,
        "mean": 16.1548938751,
        "median": 15.5527591705,
        "min": 2.05176377296,
        "var": 36.0325698853
    },
    "melbands_flatness_db": {
        "dmean": 0.0279144383967,
        "dmean2": 0.0443423427641,
        "dvar": 0.000651281035971,
        "dvar2": 0.00151305075269,
        "max": 0.538255035877,
        "mean": 0.189434438944,
        "median": 0.181904509664,
        "min": 0.00235971459188,
        "var": 0.00328297773376
    },
    "melbands_kurtosis": {
        "dmean": 7.30268955231,
        "dmean2": 11.9614744186,
        "dvar": 180.583770752,
        "dvar2": 474.588592529,
        "max": 747.723266602,
        "mean": 13.5566997528,
        "median": 7.55857086182,
        "min": -1.87447106838,
        "var": 610.317810059
    },
    "melbands_skewness": {
        "dmean": 0.795764565468,
        "dmean2": 1.2640799284,
        "dvar": 0.67332726717,
        "dvar2": 1.6357023716,
        "max": 21.6612224579,
        "mean": 2.67573237419,
        "median": 2.41792631149,
        "min": -1.41619110107,
        "var": 2.96501588821
    },
    "melbands_spread": {
        "dmean": 7.29414606094,
        "dmean2": 11.5881538391,
        "dvar": 81.0455322266,
        "dvar2": 174.142425537,
        "max": 262.09173584,
        "mean": 24.0839939117,
        "median": 21.4176101685,
        "min": 0.446270167828,
        "var": 251.954238892
    },
    "pitch_salience": {
        "dmean": 0.078830242157,
        "dmean2": 0.130493864417,
        "dvar": 0.00521885789931,
        "dvar2": 0.0133749684319,
        "max": 0.959479689598,
        "mean": 0.511698424816,
        "median": 0.513194859028,
        "min": 0.0650947764516,
        "var": 0.0164366010576
    },
    "silence_rate_20dB": {
        "dmean": 0,
        "dmean2": 0,
        "dvar": 0,
        "dvar2": 0,
        "max": 1,
        "mean": 1,
        "median": 1,
        "min": 1,
        "var": 0
    },
    "silence_rate_30dB": {
        "dmean": 0.0522343367338,
        "dmean2": 0.104481190443,
        "dvar": 0.0495008304715,
        "dvar2": 0.116815038025,
        "max": 1,
        "mean": 0.950167715549,
        "median": 1,
        "min": 0,
        "var": 0.0473453253508
    },
    "silence_rate_60dB": {
        "dmean": 0.010063495487,
        "dmean2": 0.0201294030994,
        "dvar": 0.00996343046427,
        "dvar2": 0.0230789352208,
        "max": 1,
        "mean": 0.0295879244804,
        "median": 0,
        "min": 0,
        "var": 0.0287125725299
    },
    "spectral_centroid": {
        "dmean": 238.041534424,
        "dmean2": 370.896728516,
        "dvar": 61351.1210938,
        "dvar2": 130234.984375,
        "max": 11076.0839844,
        "mean": 1462.63122559,
        "median": 1462.37207031,
        "min": 253.4400177,
        "var": 309345.375
    },
    "spectral_complexity": {
        "dmean": 3.71414875984,
        "dmean2": 5.87251377106,
        "dvar": 12.3466396332,
        "dvar2": 28.0144538879,
        "max": 57,
        "mean": 24.1578826904,
        "median": 24,
        "min": 0,
        "var": 94.7067565918
    },
    "spectral_decrease": {
        "dmean": 4.11184597482e-09,
        "dmean2": 6.61795906964e-09,
        "dvar": 3.3458976013e-17,
        "dvar2": 8.13207811471e-17,
        "max": -2.5865105617e-30,
        "mean": -1.05502770964e-08,
        "median": -8.48304182455e-09,
        "min": -5.94282774102e-08,
        "var": 7.30977786777e-17
    },
    "spectral_energy": {
        "dmean": 0.0158743169159,
        "dmean2": 0.0254951883107,
        "dvar": 0.000489486032166,
        "dvar2": 0.00118687807117,
        "max": 0.226479142904,
        "mean": 0.0423616468906,
        "median": 0.0347459763288,
        "min": 1.01174940648e-20,
        "var": 0.00109871430323
    },
    "spectral_energyband_high": {
        "dmean": 0.000390785571653,
        "dmean2": 0.000554150319658,
        "dvar": 3.76191934492e-07,
        "dvar2": 6.89480089022e-07,
        "max": 0.0147170480341,
        "mean": 0.00116353528574,
        "median": 0.000691542343702,
        "min": 7.26298747489e-21,
        "var": 1.90331695649e-06
    },
    "spectral_energyband_low": {
        "dmean": 0.0127959027886,
        "dmean2": 0.0208591390401,
        "dvar": 0.000424951635068,
        "dvar2": 0.00105959817301,
        "max": 0.218902006745,
        "mean": 0.0213703345507,
        "median": 0.01271106489,
        "min": 2.23223497034e-23,
        "var": 0.000733558030333
    },
    "spectral_energyband_middle_high": {
        "dmean": 0.00263908109628,
        "dmean2": 0.00403588172048,
        "dvar": 1.50795267473e-05,
        "dvar2": 3.34390169883e-05,
        "max": 0.124712593853,
        "mean": 0.00879288651049,
        "median": 0.00592922233045,
        "min": 1.32948785706e-21,
        "var": 8.68589995662e-05
    },
    "spectral_energyband_middle_low": {
        "dmean": 0.00539398100227,
        "dmean2": 0.00869924668223,
        "dvar": 7.69716425566e-05,
        "dvar2": 0.000199307280127,
        "max": 0.116943389177,
        "mean": 0.011793830432,
        "median": 0.00864531937987,
        "min": 1.89572779721e-22,
        "var": 0.000121082026453
    },
    "spectral_entropy": {
        "dmean": 0.128122642636,
        "dmean2": 0.194539785385,
        "dvar": 0.0157416500151,
        "dvar2": 0.0318176671863,
        "max": 9.80848026276,
        "mean": 7.70375823975,
        "median": 7.74506378174,
        "min": 5.77955150604,
        "var": 0.129164174199
    },
    "spectral_flux": {
        "dmean": 0.0302177798003,
        "dmean2": 0.0488047786057,
        "dvar": 0.00129009317607,
        "dvar2": 0.0027869429905,
        "max": 0.383083313704,
        "mean": 0.109250582755,
        "median": 0.101029090583,
        "min": 6.8906470807e-11,
        "var": 0.00316586252302
    },
    "spectral_kurtosis": {
        "dmean": 1.17732584476,
        "dmean2": 1.94858539104,
        "dvar": 1.62392520905,
        "dvar2": 4.38126564026,
        "max": 26.4943122864,
        "mean": 3.53994417191,
        "median": 3.14444303513,
        "min": -1.3990021944,
        "var": 5.64223051071
    },
    "spectral_rms": {
        "dmean": 0.00108727964107,
        "dmean2": 0.00171629479155,
        "dvar": 1.5258269741e-06,
        "dvar2": 3.54073927156e-06,
        "max": 0.014864563942,
        "mean": 0.00595010397956,
        "median": 0.00582224270329,
        "min": 3.14177113145e-12,
        "var": 5.92455762671e-06
    },
    "spectral_rolloff": {
        "dmean": 492.431945801,
        "dmean2": 818.624450684,
        "dvar": 766134.625,
        "dvar2": 1644251.375,
        "max": 18540.0878906,
        "mean": 1439.51293945,
        "median": 1227.39257812,
        "min": 64.599609375,
        "var": 1685323.75
    },
    "spectral_skewness": {
        "dmean": 0.174067541957,
        "dmean2": 0.276892483234,
        "dvar": 0.0279586799443,
        "dvar2": 0.0672695860267,
        "max": 4.24217939377,
        "mean": 1.44486451149,
        "median": 1.40645003319,
        "min": -0.333185374737,
        "var": 0.165587067604
    },
    "spectral_spread": {
        "dmean": 466544.40625,
        "dmean2": 658002.4375,
        "dvar": 483335143424,
        "dvar2": 817556291584,
        "max": 41275412,
        "mean": 4623024.5,
        "median": 4410235.5,
        "min": 1507766.375,
        "var": 2.44696324506e+12
    },
    "spectral_strongpeak": {
        "dmean": 0.615644514561,
        "dmean2": 1.07044458389,
        "dvar": 1.28855085373,
        "dvar2": 3.27989912033,
        "max": 13.8840608597,
        "mean": 0.986448645592,
        "median": 0.485246866941,
        "min": 0,
        "var": 1.91977751255
    },
    "zerocrossingrate": {
        "dmean": 0.010065484792,
        "dmean2": 0.0120138479397,
        "dvar": 0.000154805282364,
        "dvar2": 0.000189715414308,
        "max": 0.58642578125,
        "mean": 0.0617416091263,
        "median": 0.05908203125,
        "min": 0.00341796875,
        "var": 0.00105866603553
    },
    "barkbands": {
        "dmean": [0.000750865612645, 0.0113889891654, 0.00205501052551, 0.00139767082874, 0.00221546692774, 0.00164195115212, 0.000780645175837, 0.000518512737472, 0.00109459005762, 0.00071919785114, 0.000782609451562, 0.000827720097732, 0.000581943953875, 0.000655674841255, 0.000582380860578, 0.000404903286835, 0.000273681391263, 0.000247171556111, 0.000173216147232, 0.000120348813653, 0.000102824633359, 7.31806721888e-05, 0.000114294773084, 0.000114964474051, 5.68244176975e-05, 1.39310977829e-05, 1.42801654945e-08],
        "dmean2": [0.00127610925119, 0.0186905991286, 0.00365805113688, 0.00243410491385, 0.00364337931387, 0.00262941466644, 0.00127467489801, 0.000827165378723, 0.00177776580676, 0.00118006032426, 0.00125131686218, 0.00129863515031, 0.000946041895077, 0.00105935230386, 0.000923233747017, 0.000653237162624, 0.000435744295828, 0.000399970856961, 0.000279343483271, 0.000196917928406, 0.000163594842888, 0.00011286343215, 0.000171633742866, 0.000166092737345, 8.33020749269e-05, 2.1132400434e-05, 2.73987836863e-08],
        "dvar": [1.4503126522e-06, 0.000334216892952, 3.0503679227e-05, 1.66981462826e-05, 2.18821605813e-05, 8.60758336785e-06, 2.67453788183e-06, 1.23255335893e-06, 3.82518328479e-06, 3.47477816831e-06, 3.72907538804e-06, 5.43515216123e-06, 2.43114595833e-06, 2.37645917878e-06, 1.67200903434e-06, 6.62215029479e-07, 2.54343405004e-07, 1.7364168059e-07, 7.58663674105e-08, 4.03569409002e-08, 2.23553904277e-08, 1.43371465811e-08, 4.59132110109e-08, 7.0352854209e-08, 1.99053111771e-08, 1.91649962566e-09, 1.05426450447e-13],
        "dvar2": [4.04723095926e-06, 0.000843416433781, 8.32489604363e-05, 4.48439714091e-05, 5.45716611668e-05, 2.16810694837e-05, 6.64089429847e-06, 2.74620470009e-06, 9.50120920606e-06, 8.83822394826e-06, 8.04769206297e-06, 1.08885842565e-05, 5.6992384998e-06, 5.61338583793e-06, 3.74526484848e-06, 1.55259033363e-06, 6.06870912634e-07, 4.1149161234e-07, 1.87807032148e-07, 1.01989506618e-07, 5.35620472419e-08, 3.27345262008e-08, 9.59632160402e-08, 1.39211934425e-07, 3.9061397672e-08, 4.31855662342e-09, 3.37141610202e-13],
        "max": [0.0213955324143, 0.206955522299, 0.0998454242945, 0.0538026578724, 0.0753264427185, 0.044736366719, 0.0402170866728, 0.0263879746199, 0.0350957885385, 0.0602598264813, 0.0717558413744, 0.107740409672, 0.0503078736365, 0.0429454222322, 0.0359310135245, 0.0248147454113, 0.0089376103133, 0.0102799097076, 0.00529526453465, 0.00381660880521, 0.00388929247856, 0.00328931957483, 0.00545316468924, 0.00773405004293, 0.00446436088532, 0.00098741974216, 1.73331554834e-05],
        "mean": [0.000906067958567, 0.0174165926874, 0.00246570399031, 0.0014175727265, 0.0031988536939, 0.00296510756016, 0.00114335678518, 0.000792267208453, 0.00186464877333, 0.00117271556519, 0.00125764380209, 0.00157079333439, 0.000922965002246, 0.00104559969623, 0.000944808067288, 0.000684421043843, 0.000489954138175, 0.000477964204038, 0.000336508703185, 0.000244724215008, 0.000234809718677, 0.000168721700902, 0.000255484774243, 0.000247700954787, 0.000114979819045, 2.16550943151e-05, 8.89623397171e-09],
        "median": [0.000320082472172, 0.00957665964961, 0.000875264406204, 0.000349905603798, 0.00123967858963, 0.00133274227846, 0.000479082664242, 0.000339745194651, 0.000923464773223, 0.000437082780991, 0.000415216229158, 0.000407779065426, 0.000349912414094, 0.000407747516874, 0.000435887603089, 0.000359524594387, 0.000298363214824, 0.000305913883494, 0.000209067788091, 0.000149752813741, 0.000150090068928, 9.38709854381e-05, 0.000110906679765, 9.43932755035e-05, 4.01198194595e-05, 6.61103604216e-06, 8.69380456514e-10],
        "min": [5.13691035907e-24, 9.9489007442e-24, 6.03555743091e-24, 9.78393494056e-24, 3.59241387113e-23, 2.98260482764e-23, 6.70405551693e-24, 3.54368277757e-23, 4.71899086304e-23, 2.40242240208e-23, 4.64945119652e-23, 8.97996403579e-23, 4.72936627721e-23, 6.42159913665e-23, 8.83259409019e-23, 1.42935247273e-22, 1.26762071482e-22, 1.26082313195e-22, 1.74373260234e-22, 2.29212585824e-22, 3.22421133967e-22, 4.07843814303e-22, 6.62878834159e-22, 7.48118524008e-22, 1.12234111177e-21, 1.61847984266e-21, 2.15251721847e-21],
        "var": [1.9425026494e-06, 0.000549267220777, 2.64185728156e-05, 1.49095576489e-05, 3.18017082463e-05, 1.97654826479e-05, 4.19145453634e-06, 2.48715036832e-06, 7.7885488281e-06, 7.03232080923e-06, 7.99363897386e-06, 2.10965499718e-05, 5.23395192431e-06, 4.85565306008e-06, 3.66166591448e-06, 1.30365140194e-06, 4.69236027811e-07, 3.94948187932e-07, 1.60075032341e-07, 9.33180288598e-08, 6.73221620673e-08, 4.7612541465e-08, 1.64668833236e-07, 2.21929497002e-07, 5.45448664013e-08, 2.82617906855e-09, 6.09995588112e-14]
    },
    "erbbands": {
        "dmean": [0.385564684868, 2.55292224884, 3.0209209919, 3.02027177811, 6.89713907242, 7.61250400543, 9.24934577942, 15.5100507736, 9.96386051178, 13.6547431946, 11.6837720871, 22.9483737946, 26.0596218109, 24.571849823, 31.1628303528, 32.0468597412, 23.6673088074, 34.599647522, 26.5858364105, 28.8711261749, 18.422460556, 13.8077116013, 12.5260305405, 10.7333621979, 6.95197916031, 5.57730340958, 4.61803197861, 3.62433433533, 2.69416761398, 2.37245988846, 3.50554990768, 3.11614441872, 1.62338066101, 0.878618299961, 0.278904229403, 0.0949730053544, 0.0186962969601, 0.000479704991449, 2.19347966777e-05, 1.83560950973e-05],
        "dmean2": [0.583786129951, 4.33153247833, 5.31604290009, 5.24591064453, 11.8226928711, 12.5121793747, 14.8138446808, 25.1219615936, 16.0307044983, 22.0896606445, 18.4839935303, 36.949508667, 42.983127594, 39.7104454041, 48.4296951294, 49.4559707642, 37.9987602234, 55.0053939819, 42.3839988708, 45.9102935791, 29.5727615356, 21.7650165558, 19.8717384338, 17.3836536407, 11.2245063782, 9.09732151031, 7.44103574753, 5.73673725128, 4.19481277466, 3.58331274986, 5.2812371254, 4.58132553101, 2.33129787445, 1.29448962212, 0.413548856974, 0.141606241465, 0.0290398523211, 0.000761078728829, 3.25728178723e-05, 2.90322332148e-05],
        "dvar": [0.355043023825, 19.7863044739, 59.8142127991, 63.9910812378, 346.297302246, 245.90486145, 346.458984375, 927.020324707, 364.6512146, 1123.08374023, 526.471862793, 1881.01953125, 3299.78100586, 5372.22509766, 6691.19580078, 8299.12597656, 4465.54980469, 6903.53369141, 3775.62646484, 3812.53588867, 1235.69775391, 674.847045898, 451.597442627, 298.150848389, 124.838745117, 84.1220626831, 49.1510658264, 29.7343063354, 19.7878608704, 20.243396759, 43.5366783142, 48.3737449646, 17.4110050201, 4.99328994751, 0.523644208908, 0.0715905502439, 0.00481737917289, 5.1122469813e-06, 3.25454574401e-09, 6.03711636238e-10],
        "dvar2": [0.787561416626, 52.9530296326, 164.79045105, 169.523590088, 926.465576172, 629.372192383, 828.222351074, 2374.99926758, 885.346191406, 2751.76025391, 1187.5032959, 4470.17285156, 8802.52148438, 13748.7099609, 13059.3623047, 16426.9355469, 10853.0253906, 16491.953125, 8892.88378906, 8693.41015625, 2856.84594727, 1541.14746094, 1038.22644043, 737.842651367, 311.547851562, 211.811462402, 121.727127075, 71.4176712036, 46.5664558411, 43.8996620178, 91.4049606323, 101.869720459, 35.0721664429, 10.0764188766, 1.03955757618, 0.152326643467, 0.0116376532242, 1.33458261189e-05, 7.7691071354e-09, 1.44788314671e-09],
        "max": [8.48440074921, 47.957736969, 110.438796997, 101.905441284, 242.74446106, 290.722076416, 421.067962646, 451.272796631, 461.12588501, 926.03338623, 715.797119141, 916.209472656, 1759.52197266, 2836.55102539, 4095.13037109, 4701.54101562, 2779.9074707, 2411.08374023, 1420.7578125, 1515.96740723, 1323.61071777, 573.720214844, 507.370910645, 361.90814209, 178.556884766, 207.187408447, 182.585998535, 96.4418563843, 113.17868042, 157.481536865, 181.72706604, 235.9712677, 183.954940796, 72.5709762573, 24.3077850342, 7.02480268478, 2.070925951, 0.0975099354982, 0.00202581728809, 0.000267708557658],
        "mean": [0.606247007847, 3.39117574692, 3.98566651344, 3.51295733452, 7.55612802505, 11.2074203491, 15.7444200516, 26.5391559601, 16.2864971161, 20.6462974548, 20.3613243103, 40.0389671326, 43.6519775391, 42.1423683167, 56.3787841797, 63.5375671387, 42.5036621094, 58.8464813232, 45.3953857422, 49.847278595, 34.4685211182, 27.1211433411, 26.0434150696, 21.7420330048, 14.4219503403, 11.7603778839, 10.2367258072, 8.20644283295, 6.13367938995, 5.39097309113, 7.81523323059, 6.68524932861, 3.34107398987, 1.76862490177, 0.533513188362, 0.162219971418, 0.0261742696166, 0.000666435109451, 5.3287796618e-05, 5.41066510777e-05],
        "median": [0.249556988478, 1.84368467331, 1.65759253502, 1.33376216888, 2.2774477005, 4.12791061401, 6.60557746887, 11.1017208099, 7.89921760559, 7.68789768219, 10.6820669174, 18.8454589844, 20.5367259979, 17.5198802948, 19.9558944702, 18.0484237671, 17.8838806152, 22.9173564911, 21.8961906433, 23.4902362823, 20.6199264526, 17.1005096436, 17.1858520508, 14.2141017914, 9.44959163666, 7.27706623077, 6.53705883026, 5.16559791565, 3.50267338753, 2.73534965515, 3.32583880424, 2.52901649475, 1.19142436981, 0.587298035622, 0.19424957037, 0.0557047203183, 0.00715612666681, 0.000185544064152, 3.59035620932e-05, 4.62932002847e-05],
        "min": [2.57998461044e-22, 2.46758679989e-21, 6.63387542158e-21, 2.49133552686e-20, 2.42335081248e-20, 1.05486349787e-19, 2.85028008468e-19, 2.57003258561e-19, 1.62469245373e-19, 2.65476457317e-19, 9.79853648405e-19, 8.49372317424e-19, 1.27896929234e-18, 9.10867405703e-19, 1.94803474439e-18, 4.05973130888e-18, 2.48075953159e-18, 3.47649204923e-18, 3.14493613943e-18, 6.73356658277e-18, 7.01991624491e-18, 6.06251589724e-18, 6.88807192707e-18, 7.52490670015e-18, 1.00156782191e-17, 1.23921342045e-17, 1.05217365645e-17, 1.46523183744e-17, 1.57829717013e-17, 1.42803931556e-17, 2.01468109993e-17, 1.54587367536e-17, 1.17735089855e-17, 1.12691380885e-17, 8.3599504916e-18, 5.62113314956e-18, 3.09318647954e-18, 1.23311205354e-18, 2.91983873636e-19, 2.98510451454e-20],
        "var": [0.758875787258, 24.146780014, 53.1221542358, 61.8571815491, 310.979919434, 403.119689941, 780.096740723, 1903.12121582, 661.874572754, 1858.86987305, 1195.4576416, 4173.10449219, 6274.89550781, 9457.70605469, 16602.4902344, 36182.1132812, 9011.359375, 16760.6328125, 6533.25585938, 8086.19824219, 2684.05932617, 1363.05566406, 1144.30383301, 631.891540527, 268.447113037, 214.845367432, 134.938278198, 86.0744018555, 59.5602302551, 65.2866516113, 157.764755249, 146.716964722, 50.5264472961, 13.6758375168, 1.24862289429, 0.124948002398, 0.00618321215734, 5.56779377803e-06, 5.41112665786e-09, 1.5308055934e-09]
    },
    "gfcc": {
        "mean": [19.1863365173, 88.7239608765, -136.086044312, 37.1426811218, -66.4618835449, 30.2690944672, -40.2604179382, 14.8567361832, -18.5060043335, 1.91829073429, -7.36558914185, -1.5227701664, -0.35456058383],
        "cov": [[4550.96679688, 73.3346099854, 614.045654297, 895.717285156, 450.422973633, 460.137481689, 175.624191284, 418.413696289, 127.982070923, 240.877822876, 44.4973564148, 216.000732422, -46.1486358643], [73.3346099854, 1358.62451172, 600.556335449, 452.077453613, 394.67980957, -92.9353942871, 122.923660278, -105.092483521, 125.35849762, -40.9660644531, 216.882415771, -67.944442749, 85.6037445068], [614.045654297, 600.556335449, 1287.20251465, 613.432128906, 175.292678833, 109.068107605, -85.8311004639, 56.0712585449, 24.5103168488, 93.2596969604, 92.7287445068, 74.1291656494, 5.93276500702], [895.717285156, 452.077453613, 613.432128906, 700.260864258, 311.45614624, 66.7456893921, 108.124420166, 98.9840164185, 112.709877014, 46.7880973816, 72.8930435181, 57.5512275696, 32.9749908447], [450.422973633, 394.67980957, 175.292678833, 311.45614624, 463.474395752, 102.272521973, 219.481750488, 98.2409744263, 85.8123779297, 43.5139045715, 15.2214012146, 33.8362770081, 6.65129613876], [460.137481689, -92.9353942871, 109.068107605, 66.7456893921, 102.272521973, 309.230865479, 111.757209778, 84.0183639526, 21.635931015, 40.949508667, 24.8769245148, -2.64007425308, -10.8873033524], [175.624191284, 122.923660278, -85.8311004639, 108.124420166, 219.481750488, 111.757209778, 306.406677246, 97.9434814453, 68.4594192505, 27.5252952576, -8.64629459381, -4.6985502243, -5.98510503769], [418.413696289, -105.092483521, 56.0712585449, 98.9840164185, 98.2409744263, 84.0183639526, 97.9434814453, 194.578094482, 65.7689285278, 52.1729850769, -34.8098297119, 56.8682403564, -14.7999248505], [127.982070923, 125.35849762, 24.5103168488, 112.709877014, 85.8123779297, 21.635931015, 68.4594192505, 65.7689285278, 139.26864624, 23.5530433655, 38.8353881836, 5.26268577576, 23.8531970978], [240.877822876, -40.9660644531, 93.2596969604, 46.7880973816, 43.5139045715, 40.949508667, 27.5252952576, 52.1729850769, 23.5530433655, 126.689872742, 5.66453647614, 29.6390533447, -12.2118930817], [44.4973564148, 216.882415771, 92.7287445068, 72.8930435181, 15.2214012146, 24.8769245148, -8.64629459381, -34.8098297119, 38.8353881836, 5.66453647614, 186.64642334, -1.50560438633, 49.2088088989], [216.000732422, -67.944442749, 74.1291656494, 57.5512275696, 33.8362770081, -2.64007425308, -4.6985502243, 56.8682403564, 5.26268577576, 29.6390533447, -1.50560438633, 127.818107605, 12.0710468292], [-46.1486358643, 85.6037445068, 5.93276500702, 32.9749908447, 6.65129613876, -10.8873033524, -5.98510503769, -14.7999248505, 23.8531970978, -12.2118930817, 49.2088088989, 12.0710468292, 92.9823226929]],
        "icov": [[0.000523318420164, -0.000499463698361, 0.000677011616062, -0.00106753292494, 0.000421535019996, -0.00105039728805, 0.000775898981374, -0.000956214906182, 0.000694423215464, -0.000789124576841, 0.000250803655945, -0.000627873116173, 0.000466543860966], [-0.000499463698361, 0.00416541937739, -0.00291363103315, 0.00200047623366, -0.00348280742764, 0.0038348454982, -0.00256376946345, 0.00322205130942, -0.00261874450371, 0.00270206225105, -0.00295947282575, 0.00289395544678, -0.00134310557041], [0.000677011616062, -0.00291363103315, 0.00411684485152, -0.00377822318114, 0.00242002215236, -0.0037235324271, 0.00342614483088, -0.00269594066776, 0.00287952367216, -0.00304630305618, 0.00167456001509, -0.00231054332107, 0.00155292637646], [-0.00106753292494, 0.00200047623366, -0.00377822318114, 0.00649815332144, -0.00320241809823, 0.003528496949, -0.00276367645711, 0.00215558730997, -0.00346597819589, 0.00290015409701, -0.00156094401609, 0.00160894286819, -0.00174028123729], [0.000421535019996, -0.00348280742764, 0.00242002215236, -0.00320241809823, 0.00747774308547, -0.00351203326136, -0.000494606327266, -0.00226053595543, 0.00172063044738, -0.00250683142804, 0.00277707772329, -0.00316274981014, 0.00122940505389], [-0.00105039728805, 0.0038348454982, -0.0037235324271, 0.003528496949, -0.00351203326136, 0.00885495264083, -0.00437188660726, 0.00164726516232, -0.00182147009764, 0.00268157711253, -0.00379398674704, 0.00415430776775, -0.00150875758845], [0.000775898981374, -0.00256376946345, 0.00342614483088, -0.00276367645711, -0.000494606327266, -0.00437188660726, 0.00904503557831, -0.00422645267099, 0.00146838114597, -0.0024944441393, 0.00182926852722, -0.000752549967729, 0.00136517488863], [-0.000956214906182, 0.00322205130942, -0.00269594066776, 0.00215558730997, -0.00226053595543, 0.00164726516232, -0.00422645267099, 0.0138524966314, -0.00696044834331, 0.00118015054613, 0.000722004217096, -0.00174676859751, 3.92906949855e-05], [0.000694423215464, -0.00261874450371, 0.00287952367216, -0.00346597819589, 0.00172063044738, -0.00182147009764, 0.00146838114597, -0.00696044834331, 0.0139405978844, -0.0031827960629, -0.000829912838526, 0.000244217808358, -0.00113545975182], [-0.000789124576841, 0.00270206225105, -0.00304630305618, 0.00290015409701, -0.00250683142804, 0.00268157711253, -0.0024944441393, 0.00118015054613, -0.0031827960629, 0.0120914997533, -0.00243020500056, 0.00059186265571, 0.000420997093897], [0.000250803655945, -0.00295947282575, 0.00167456001509, -0.00156094401609, 0.00277707772329, -0.00379398674704, 0.00182926852722, 0.000722004217096, -0.000829912838526, -0.00243020500056, 0.0097903329879, -0.00242269877344, -0.00208746525459], [-0.000627873116173, 0.00289395544678, -0.00231054332107, 0.00160894286819, -0.00316274981014, 0.00415430776775, -0.000752549967729, -0.00174676859751, 0.000244217808358, 0.00059186265571, -0.00242269877344, 0.0128549365327, -0.00338449748233], [0.000466543860966, -0.00134310557041, 0.00155292637646, -0.00174028123729, 0.00122940505389, -0.00150875758845, 0.00136517488863, 3.92906949855e-05, -0.00113545975182, 0.000420997093897, -0.00208746525459, -0.00338449748233, 0.0144611168653]]
    },
    "melbands": {
        "dmean": [0.00323522556573, 0.00216337735765, 0.000636318291072, 0.000530810619239, 0.000313606637064, 0.000328621768858, 0.000157123315148, 0.000138667237479, 0.000105394647107, 0.000154368739459, 0.000130528947921, 9.96886665234e-05, 0.000112090892799, 0.000103648919321, 5.73131146666e-05, 6.47923152428e-05, 6.49007197353e-05, 4.5144577598e-05, 4.32503402408e-05, 3.35144686687e-05, 2.27243890549e-05, 1.56927271746e-05, 1.42497683555e-05, 1.32486693474e-05, 9.26563825487e-06, 6.63120090394e-06, 4.8525080274e-06, 3.88427815778e-06, 3.14338240059e-06, 2.94015330837e-06, 2.1336077225e-06, 1.73786338564e-06, 1.4175996057e-06, 1.44044929584e-06, 2.00896101887e-06, 2.63541460299e-06, 1.83990152891e-06, 1.24634414078e-06, 1.03240222415e-06, 7.11457744274e-07],
        "dmean2": [0.00515854079276, 0.00372484070249, 0.0011065400904, 0.00087745784549, 0.000505145289935, 0.00053061847575, 0.000253179081483, 0.000224151983275, 0.000167494639754, 0.000250015524216, 0.000215611871681, 0.000162197349709, 0.000176787158125, 0.00015975892893, 9.00220911717e-05, 0.000104454775283, 0.00010343035683, 7.28166560293e-05, 6.82235695422e-05, 5.44064205314e-05, 3.68349137716e-05, 2.5238858143e-05, 2.27195560001e-05, 2.1603942514e-05, 1.5157600501e-05, 1.07061787276e-05, 7.9920173448e-06, 6.35402284388e-06, 5.16107274962e-06, 4.70552458864e-06, 3.42868884218e-06, 2.79014466287e-06, 2.19444882532e-06, 2.23002029998e-06, 3.10536984216e-06, 3.9953988562e-06, 2.75352954304e-06, 1.84535190328e-06, 1.53271275849e-06, 1.07292316898e-06],
        "dvar": [2.51086348726e-05, 2.05661381187e-05, 3.06550646201e-06, 1.46744162066e-06, 3.47252466781e-07, 3.91037758618e-07, 8.58615933907e-08, 1.09257804581e-07, 3.91624901397e-08, 7.89701815052e-08, 8.17722494162e-08, 9.39250028864e-08, 7.74804433945e-08, 8.63699725073e-08, 2.24212577393e-08, 2.65351154383e-08, 2.3583631048e-08, 1.14186109457e-08, 1.17076979222e-08, 5.25824139785e-09, 1.8729007234e-09, 9.51441703201e-10, 8.65749250067e-10, 5.6930171688e-10, 2.46452636077e-10, 1.2789459769e-10, 8.02237720698e-11, 4.5859111647e-11, 2.37007722476e-11, 2.13566230672e-11, 1.10261296621e-11, 8.76481612982e-12, 6.07801265914e-12, 8.57696032253e-12, 1.4571741383e-11, 2.8332197699e-11, 2.01382886061e-11, 1.17878779654e-11, 6.13921413706e-12, 3.47030477271e-12],
        "dvar2": [5.96610407229e-05, 5.59701293241e-05, 8.27329131425e-06, 3.63707044926e-06, 8.62122135459e-07, 9.96798462438e-07, 2.10415976198e-07, 2.65280107214e-07, 8.92896068194e-08, 1.92936028043e-07, 2.17275044179e-07, 2.40441949018e-07, 1.61965189704e-07, 1.69450103726e-07, 4.74265320349e-08, 6.43088071683e-08, 5.55763328691e-08, 2.72773164056e-08, 2.5379424784e-08, 1.25590249311e-08, 4.34539604299e-09, 2.26205099096e-09, 2.04610506316e-09, 1.38338152045e-09, 6.12937034461e-10, 3.16621479035e-10, 2.06742734044e-10, 1.15633787268e-10, 5.9416971343e-11, 5.20616189048e-11, 2.81349041287e-11, 2.20189110001e-11, 1.37878588755e-11, 1.98878344349e-11, 3.15533571493e-11, 6.193704577e-11, 4.42025166469e-11, 2.42884965612e-11, 1.29510239338e-11, 7.22713468931e-12],
        "max": [0.0648853480816, 0.0496247708797, 0.0222919750959, 0.0211899895221, 0.0119446208701, 0.00902696698904, 0.00635353056714, 0.00866611115634, 0.00575714185834, 0.00502385012805, 0.00854962226003, 0.0118469055742, 0.0114604244009, 0.0157923996449, 0.00548606971279, 0.00453074881807, 0.00428111478686, 0.0026155540254, 0.00400419486687, 0.00170500669628, 0.001249031513, 0.000658884411678, 0.00097753002774, 0.000823302136268, 0.000356857664883, 0.000205491174711, 0.000169555045431, 0.0001515285403, 0.000106830186269, 0.000100207827927, 7.45609868318e-05, 7.21641408745e-05, 7.35197318136e-05, 0.000108499451017, 9.52773916651e-05, 0.000137832437758, 0.000145084224641, 0.000165756646311, 7.49851315049e-05, 6.5125997935e-05],
        "mean": [0.0050720195286, 0.00298240524717, 0.000728955783416, 0.000702158431523, 0.000540710694622, 0.000577982456889, 0.000255219871178, 0.000210489452002, 0.000178995818715, 0.000262538669631, 0.000213118430111, 0.000162857235409, 0.000187600031495, 0.000195025349967, 0.00010079855565, 0.000106207487988, 0.000105106344563, 6.88977306709e-05, 7.1703158028e-05, 5.40844121133e-05, 3.83662008971e-05, 2.76064547506e-05, 2.49766890192e-05, 2.38476113736e-05, 1.69744016603e-05, 1.21162083815e-05, 8.69139421411e-06, 7.47988815419e-06, 6.24701669949e-06, 5.9248350226e-06, 4.35005676991e-06, 3.56779924005e-06, 2.95153813568e-06, 2.94733581541e-06, 4.14477517552e-06, 5.337773473e-06, 3.57186718247e-06, 2.36248160945e-06, 1.97175950234e-06, 1.31669082748e-06],
        "median": [0.00250449427404, 0.00156248407438, 0.000282959867036, 0.000250454933848, 0.000242110487306, 0.000250413606409, 0.0001253860828, 8.17931504571e-05, 8.81403684616e-05, 0.000124881669763, 9.50538233155e-05, 6.27464614809e-05, 6.34526368231e-05, 4.90415040986e-05, 3.56166819984e-05, 3.95188762923e-05, 3.85155290132e-05, 2.97564183711e-05, 3.22369778587e-05, 2.47206244239e-05, 2.15268264583e-05, 1.64326702361e-05, 1.35932032208e-05, 1.45777812577e-05, 1.02858994069e-05, 7.34339118935e-06, 5.18805336469e-06, 4.35330639448e-06, 3.87360341847e-06, 3.54708845407e-06, 2.67148561761e-06, 1.99935311684e-06, 1.52350537519e-06, 1.42181488627e-06, 1.76250318873e-06, 2.04874368137e-06, 1.26164809444e-06, 7.97340078407e-07, 6.55380404169e-07, 4.12304586916e-07],
        "min": [3.14488136501e-24, 3.62697260521e-24, 4.27452485647e-24, 3.37565177599e-24, 9.93692346908e-24, 5.66552052964e-24, 2.29675728428e-24, 4.42665194888e-24, 7.69489873491e-24, 5.74421058822e-24, 6.78118244763e-24, 3.11942364031e-24, 5.7722234334e-24, 8.8171882678e-24, 1.1268923785e-23, 2.78572186955e-24, 6.58782948432e-24, 4.00759917527e-24, 8.33974519327e-24, 1.02572396508e-23, 6.35997332273e-24, 6.88822929475e-24, 5.47102292915e-24, 5.9649843566e-24, 6.15175585338e-24, 6.63968762251e-24, 8.14421655158e-24, 8.0633622531e-24, 5.39311818159e-24, 8.19007382486e-24, 8.67230212964e-24, 9.17512443721e-24, 7.11633079208e-24, 8.70636908783e-24, 1.18411429753e-23, 1.05054610455e-23, 8.76121937543e-24, 6.82105068892e-24, 1.01408992333e-23, 9.2229025868e-24],
        "var": [4.79595255456e-05, 2.09357785934e-05, 2.70686109616e-06, 1.91878029909e-06, 7.68061454437e-07, 8.40894756493e-07, 1.54379335982e-07, 1.85099537475e-07, 9.05521844174e-08, 1.63929769315e-07, 1.57543865953e-07, 1.63024779454e-07, 1.784187873e-07, 3.29232364038e-07, 6.58504148987e-08, 6.40981596689e-08, 5.54114834017e-08, 1.80088495227e-08, 2.83256849087e-08, 9.78687531017e-09, 3.66855656964e-09, 1.63290725386e-09, 1.50810697264e-09, 1.11617148857e-09, 4.66592597892e-10, 2.33358415924e-10, 1.41115646946e-10, 1.04301033088e-10, 5.61020084555e-11, 5.27326550481e-11, 2.62381696231e-11, 2.15220671146e-11, 1.77309902871e-11, 2.26925318814e-11, 4.71865428675e-11, 8.67443200603e-11, 5.10309121349e-11, 2.99897190414e-11, 1.62120091657e-11, 8.40648297501e-12]
    },
    "mfcc": {
        "mean": [-611.220947266, 107.447044373, -5.2198381424, 8.86528778076, 4.48794555664, 6.52653694153, 0.896701931953, 6.7403678894, 0.32490581274, 6.11392688751, -1.99692666531, 2.76298189163, -2.5010740757],
        "cov": [[3765.45629883, -320.305267334, 274.472167969, 533.50982666, 425.416992188, 290.181671143, 267.36907959, 338.219085693, 238.91986084, 200.952972412, 188.125564575, 175.619400024, 166.698791504], [-320.305267334, 1035.33239746, 248.951095581, 393.830047607, 220.47567749, 109.870414734, 89.8515777588, -13.2933130264, -32.6666526794, 8.44829559326, 30.0196075439, 44.0305290222, 39.9719047546], [274.472167969, 248.951095581, 1144.3314209, 369.433837891, 344.900817871, 84.9401397705, 30.8781986237, -33.2588996887, -74.8520202637, -0.396155893803, 14.3831863403, 74.0944747925, 48.0186347961], [533.50982666, 393.830047607, 369.433837891, 743.162414551, 290.29800415, 134.37562561, 80.2272338867, 106.358573914, 101.927528381, 12.0712652206, 89.8472824097, 55.2013549805, 68.3701095581], [425.416992188, 220.47567749, 344.900817871, 290.29800415, 337.353393555, 110.513160706, 77.6369476318, 64.6482315063, 28.1454296112, 29.5598144531, 39.980632782, 56.2681083679, 40.8354911804], [290.181671143, 109.870414734, 84.9401397705, 134.37562561, 110.513160706, 221.426956177, 135.44682312, 71.8179168701, 61.8764572144, 66.109085083, 42.8606796265, 29.7112026215, 30.1694335938], [267.36907959, 89.8515777588, 30.8781986237, 80.2272338867, 77.6369476318, 135.44682312, 213.98248291, 81.4031295776, 58.6549530029, 66.5762252808, 36.8963470459, 44.6094894409, 35.907283783], [338.219085693, -13.2933130264, -33.2588996887, 106.358573914, 64.6482315063, 71.8179168701, 81.4031295776, 202.787796021, 111.559310913, 33.4548454285, 56.3779678345, 22.018535614, 29.4127998352], [238.91986084, -32.6666526794, -74.8520202637, 101.927528381, 28.1454296112, 61.8764572144, 58.6549530029, 111.559310913, 183.489624023, 63.3238372803, 49.1501579285, 2.77249479294, 35.78673172], [200.952972412, 8.44829559326, -0.396155893803, 12.0712652206, 29.5598144531, 66.109085083, 66.5762252808, 33.4548454285, 63.3238372803, 137.457138062, 38.9073753357, 22.5013179779, 25.0363636017], [188.125564575, 30.0196075439, 14.3831863403, 89.8472824097, 39.980632782, 42.8606796265, 36.8963470459, 56.3779678345, 49.1501579285, 38.9073753357, 109.307685852, 35.577583313, 20.0041885376], [175.619400024, 44.0305290222, 74.0944747925, 55.2013549805, 56.2681083679, 29.7112026215, 44.6094894409, 22.018535614, 2.77249479294, 22.5013179779, 35.577583313, 93.9668807983, 39.4328689575], [166.698791504, 39.9719047546, 48.0186347961, 68.3701095581, 40.8354911804, 30.1694335938, 35.907283783, 29.4127998352, 35.78673172, 25.0363636017, 20.0041885376, 39.4328689575, 91.7267913818]],
