{
"lowlevel": {
    "average_loudness": 0.764684319496,
    "barkbands_crest": {
        "dmean": 2.42920994759,
        "dmean2": 3.96694779396,
        "dvar": 4.59444189072,
        "dvar2": 12.0755138397,
        "max": 26.8811855316,
        "mean": 10.4557237625,
        "median": 9.87853240967,
        "min": 2.42719244957,
        "var": 16.6048793793
    },
    "barkbands_flatness_db": {
        "dmean": 0.0173007119447,
        "dmean2": 0.0271013248712,
        "dvar": 0.000276731472695,
        "dvar2": 0.000622535764705,
        "max": 0.484162807465,
        "mean": 0.148637026548,
        "median": 0.146031245589,
        "min": 0.0455415733159,
        "var": 0.00187796237879
    },
    "barkbands_kurtosis": {
        "dmean": 1.51712656021,
        "dmean2": 2.45703697205,
        "dvar": 288.583465576,
        "dvar2": 736.247680664,
        "max": 1265.3984375,
        "mean": 1.41142189503,
        "median": 0.381514310837,
        "min": -1.89987659454,
        "var": 224.634506226
    },
    "barkbands_skewness": {
        "dmean": 0.386074632406,
        "dmean2": 0.607061088085,
        "dvar": 0.332985639572,
        "dvar2": 0.759271860123,
        "max": 35.0311470032,
        "mean": 0.80138784647,
        "median": 0.746592998505,
        "min": -2.69322180748,
        "var": 0.979508161545
    },
    "barkbands_spread": {
        "dmean": 4.27840852737,
        "dmean2": 6.65599346161,
        "dvar": 22.0211639404,
        "dvar2": 44.5202102661,
        "max": 101.284889221,
        "mean": 22.6128349304,
        "median": 21.3788757324,
        "min": 0.426237076521,
        "var": 122.138916016
    },
    "dissonance": {
        "dmean": 0.0212432295084,
        "dmean2": 0.0365903973579,
        "dvar": 0.000457441230537,
        "dvar2": 0.00131052546203,
        "max": 0.500000059605,
        "mean": 0.462694466114,
        "median": 0.471383810043,
        "min": 0.255949884653,
        "var": 0.00100484816357
    },
    "dynamic_complexity": 3.28451061249,
    "erbbands_crest": {
        "dmean": 2.73416042328,
        "dmean2": 4.39037370682,
        "dvar": 6.20856428146,
        "dvar2": 14.8605508804,
        "max": 30.6696128845,
        "mean": 11.1505584717,
        "median": 10.0227499008,
        "min": 2.02348637581,
        "var": 28.8372936249
    },
    "erbbands_flatness_db": {
        "dmean": 0.0152731211856,
        "dmean2": 0.0231027845293,
        "dvar": 0.000198816807824,
        "dvar2": 0.000406292354455,
        "max": 0.373516410589,
        "mean": 0.191516906023,
        "median": 0.190068155527,
        "min": 0.027150478214,
        "var": 0.00265838438645
    },
    "erbbands_kurtosis": {
        "dmean": 0.832037210464,
        "dmean2": 1.3345490694,
        "dvar": 1.3130928278,
        "dvar2": 3.13343334198,
        "max": 23.8658618927,
        "mean": 0.860190033913,
        "median": 0.341683864594,
        "min": -1.8227558136,
        "var": 4.07116127014
    },
    "erbbands_skewness": {
        "dmean": 0.334443062544,
        "dmean2": 0.526761889458,
        "dvar": 0.0827112421393,
        "dvar2": 0.194692194462,
        "max": 3.68204140663,
        "mean": 0.395819544792,
        "median": 0.374321818352,
        "min": -2.8208398819,
        "var": 0.42821970582
    },
    "erbbands_spread": {
        "dmean": 4.66912126541,
        "dmean2": 7.15259408951,
        "dvar": 28.9806919098,
        "dvar2": 60.3664474487,
        "max": 117.700431824,
        "mean": 26.6679592133,
        "median": 24.1894817352,
        "min": 3.15567421913,
        "var": 197.992340088
    },
    "hfc": {
        "dmean": 4.94196271896,
        "dmean2": 7.45114564896,
        "dvar": 41.1834259033,
        "dvar2": 87.7779541016,
        "max": 130.984085083,
        "mean": 23.4841403961,
        "median": 18.2606430054,
        "min": 1.16824504621e-16,
        "var": 329.643768311
    },
    "melbands_crest": {
        "dmean": 3.44686937332,
        "dmean2": 5.59014415741,
        "dvar": 10.0469331741,
        "dvar2": 25.0910892487,
        "max": 39.9296226501,
        "mean": 14.7327842712,
        "median": 13.5807504654,
        "min": 1.73757922649,
        "var": 35.5037574768
    },
    "melbands_flatness_db": {
        "dmean": 0.0203042626381,
        "dmean2": 0.0317853726447,
        "dvar": 0.000400577788241,
        "dvar2": 0.000915753014851,
        "max": 0.466231912374,
        "mean": 0.186485409737,
        "median": 0.186345025897,
        "min": 0.00568416947499,
        "var": 0.00253961724229
    },
    "melbands_kurtosis": {
        "dmean": 3.198168993,
        "dmean2": 5.14086866379,
        "dvar": 574.692321777,
        "dvar2": 1378.63208008,
        "max": 1788.93383789,
        "mean": 4.98940181732,
        "median": 2.5156750679,
        "min": -1.8451795578,
        "var": 525.073486328
    },
    "melbands_skewness": {
        "dmean": 0.509084939957,
        "dmean2": 0.80474370718,
        "dvar": 0.538068532944,
        "dvar2": 1.21223413944,
        "max": 40.0734214783,
        "mean": 1.52615880966,
        "median": 1.39245223999,
        "min": -1.22719347477,
        "var": 1.7762773037
    },
    "melbands_spread": {
        "dmean": 5.97412061691,
        "dmean2": 9.46217632294,
        "dvar": 49.8305549622,
        "dvar2": 105.789978027,
        "max": 201.409332275,
        "mean": 28.4173202515,
        "median": 26.8920593262,
        "min": 0.469788849354,
        "var": 197.451751709
    },
    "pitch_salience": {
        "dmean": 0.0610458701849,
        "dmean2": 0.100162245333,
        "dvar": 0.00323938252404,
        "dvar2": 0.00823065172881,
        "max": 0.89432734251,
        "mean": 0.535681068897,
        "median": 0.526022136211,
        "min": 0.007087147329,
        "var": 0.0137696219608
    },
    "silence_rate_20dB": {
        "dmean": 0,
        "dmean2": 0,
        "dvar": 0,
        "dvar2": 0,
        "max": 1,
        "mean": 1,
        "median": 1,
        "min": 1,
        "var": 0
    },
    "silence_rate_30dB": {
        "dmean": 0.00806451588869,
        "dmean2": 0.016130944714,
        "dvar": 0.00799943506718,
        "dvar2": 0.0199030991644,
        "max": 1,
        "mean": 0.993596613407,
        "median": 1,
        "min": 0,
        "var": 0.00636241352186
    },
    "silence_rate_60dB": {
        "dmean": 0.0180265661329,
        "dmean2": 0.0360574088991,
        "dvar": 0.01769977808,
        "dvar2": 0.0397480167449,
        "max": 1,
        "mean": 0.0691331699491,
        "median": 0,
        "min": 0,
        "var": 0.0643573850393
    },
    "spectral_centroid": {
        "dmean": 182.856826782,
        "dmean2": 281.182769775,
        "dvar": 44309.28125,
        "dvar2": 80916.21875,
        "max": 11149.1533203,
        "mean": 1539.00549316,
        "median": 1491.12548828,
        "min": 408.414855957,
        "var": 253661.9375
    },
    "spectral_complexity": {
        "dmean": 2.96797919273,
        "dmean2": 4.81295204163,
        "dvar": 8.20453453064,
        "dvar2": 19.8686847687,
        "max": 53,
        "mean": 19.6755599976,
        "median": 20,
        "min": 0,
        "var": 79.9649581909
    },
    "spectral_decrease": {
        "dmean": 1.81840220659e-09,
        "dmean2": 2.85256840371e-09,
        "dvar": 7.56045147825e-18,
        "dvar2": 1.86391419841e-17,
        "max": 2.96453942627e-29,
        "mean": -6.86231693692e-09,
        "median": -5.2793116545e-09,
        "min": -4.9496431842e-08,
        "var": 3.25860556213e-17
    },
    "spectral_energy": {
        "dmean": 0.00717442715541,
        "dmean2": 0.0112214544788,
        "dvar": 0.000112690751848,
        "dvar2": 0.000276304461295,
        "max": 0.191742405295,
        "mean": 0.0280300527811,
        "median": 0.0218596942723,
        "min": 1.0692648739e-20,
        "var": 0.000517467909958
    },
    "spectral_energyband_high": {
        "dmean": 0.000178993897862,
        "dmean2": 0.00026147387689,
        "dvar": 1.19902722417e-07,
        "dvar2": 2.0325866501e-07,
        "max": 0.0103073976934,
        "mean": 0.0005360886571,
        "median": 0.000301593419863,
        "min": 7.8615245417e-21,
        "var": 5.49453432086e-07
    },
    "spectral_energyband_low": {
        "dmean": 0.00465474743396,
        "dmean2": 0.00759630417451,
        "dvar": 9.38348384807e-05,
        "dvar2": 0.000239427055931,
        "max": 0.150765687227,
        "mean": 0.00947165396065,
        "median": 0.00366189656779,
        "min": 4.26618565007e-23,
        "var": 0.00021271071455
    },
    "spectral_energyband_middle_high": {
        "dmean": 0.00298239802942,
        "dmean2": 0.00461693387479,
        "dvar": 2.25977892114e-05,
        "dvar2": 5.30236538907e-05,
        "max": 0.0799392983317,
        "mean": 0.0108273662627,
        "median": 0.0062235831283,
        "min": 1.33799957788e-21,
        "var": 0.000138561008498
    },
    "spectral_energyband_middle_low": {
        "dmean": 0.00264403829351,
        "dmean2": 0.00409929547459,
        "dvar": 1.4422800632e-05,
        "dvar2": 3.2773197745e-05,
        "max": 0.0780779197812,
        "mean": 0.0077799288556,
        "median": 0.00511130318046,
        "min": 2.35128840665e-22,
        "var": 6.58362405375e-05
    },
    "spectral_entropy": {
        "dmean": 0.122390083969,
        "dmean2": 0.180611476302,
        "dvar": 0.0136201987043,
        "dvar2": 0.0256782975048,
        "max": 9.80683135986,
        "mean": 7.52401828766,
        "median": 7.57984685898,
        "min": 6.06938505173,
        "var": 0.18905928731
    },
    "spectral_flux": {
        "dmean": 0.0204107109457,
        "dmean2": 0.033116787672,
        "dvar": 0.000510424957611,
        "dvar2": 0.00133115716744,
        "max": 0.342788040638,
        "mean": 0.0824378579855,
        "median": 0.0768778771162,
        "min": 6.87560772206e-11,
        "var": 0.00197028322145
    },
    "spectral_kurtosis": {
        "dmean": 1.43147063255,
        "dmean2": 2.44454741478,
        "dvar": 2.04613780975,
        "dvar2": 6.08990478516,
        "max": 21.8014469147,
        "mean": 5.23066186905,
        "median": 4.71827840805,
        "min": -1.33404266834,
        "var": 6.98892402649
    },
    "spectral_rms": {
        "dmean": 0.000605156063102,
        "dmean2": 0.000933167058975,
        "dvar": 4.74527240613e-07,
        "dvar2": 1.12518625883e-06,
        "max": 0.0136771984398,
        "mean": 0.00479824701324,
        "median": 0.00461806543171,
        "min": 3.22983783815e-12,
        "var": 4.32320121035e-06
    },
    "spectral_rolloff": {
        "dmean": 361.844909668,
        "dmean2": 608.244628906,
        "dvar": 433114.09375,
        "dvar2": 838582.3125,
        "max": 18712.3535156,
        "mean": 1635.34997559,
        "median": 1485.79101562,
        "min": 21.533203125,
        "var": 1262071.125
    },
    "spectral_skewness": {
        "dmean": 0.177974700928,
        "dmean2": 0.294093430042,
        "dvar": 0.0249818805605,
        "dvar2": 0.0662202909589,
        "max": 3.40599417686,
        "mean": 1.67472934723,
        "median": 1.64594507217,
        "min": -0.110675603151,
        "var": 0.144001826644
    },
    "spectral_spread": {
        "dmean": 368854.5,
        "dmean2": 544370.5625,
        "dvar": 448279314432,
        "dvar2": 628279541760,
        "max": 44192204,
        "mean": 3994910,
        "median": 3771137,
        "min": 1797333.125,
        "var": 1.96577368474e+12
    },
    "spectral_strongpeak": {
        "dmean": 0.76142001152,
        "dmean2": 1.29240012169,
        "dvar": 1.44192934036,
        "dvar2": 3.7148938179,
        "max": 15.7480335236,
        "mean": 1.68163156509,
        "median": 0.743497431278,
        "min": 0,
        "var": 3.7572426796
    },
    "zerocrossingrate": {
        "dmean": 0.00734825059772,
        "dmean2": 0.00875350274146,
        "dvar": 0.000125025369925,
        "dvar2": 0.0001477143378,
        "max": 0.64013671875,
        "mean": 0.0615999251604,
        "median": 0.0556640625,
        "min": 0.0029296875,
        "var": 0.000893682881724
    },
    "barkbands": {
        "dmean": [0.000810804427601, 0.00345346378163, 0.00121917738579, 0.000477103341836, 0.000445145444246, 0.00061210792046, 0.000527273397893, 0.000374371506041, 0.00130570831243, 0.0016443427885, 0.00124410598073, 0.000415732240072, 0.000467027479317, 0.000532759760972, 0.000614472024608, 0.000363713596016, 0.000218062617932, 0.000173068736331, 0.000113411428174, 0.000115863578685, 5.0809867389e-05, 3.49738365912e-05, 2.86436170427e-05, 3.61037818948e-05, 3.41530649166e-05, 7.6580881796e-06, 2.06806705094e-09],
        "dmean2": [0.00119470269419, 0.00572585780174, 0.00207991828211, 0.000822988396976, 0.00073378480738, 0.000966235878877, 0.000839267217088, 0.000582519802265, 0.00204672478139, 0.00244570150971, 0.00197721947916, 0.000663688580971, 0.000752645835746, 0.000845183618367, 0.0010177710792, 0.000568303628825, 0.000353495357558, 0.00028174824547, 0.000183412485057, 0.000184811302461, 8.07113028714e-05, 5.63234680158e-05, 4.37729759142e-05, 5.08886550961e-05, 4.91750397487e-05, 1.18356183521e-05, 3.73925290731e-09],
        "dvar": [3.55159045284e-06, 5.4057163652e-05, 1.60573472385e-05, 9.84857592812e-07, 8.93322749107e-07, 1.20622325994e-06, 1.79494384156e-06, 1.74461411007e-06, 7.89766454545e-06, 1.70930179593e-05, 8.36335038912e-06, 1.27422970309e-06, 1.53500945999e-06, 2.26029624173e-06, 1.7444920104e-06, 8.6978127456e-07, 2.48168333883e-07, 9.36058128786e-08, 5.12198177205e-08, 3.71180526315e-08, 9.75219371924e-09, 5.94865801062e-09, 6.19473672359e-09, 2.00629379776e-08, 1.01432560129e-08, 4.02577055025e-10, 4.85307593304e-17],
        "dvar2": [6.70745248499e-06, 0.000145438229083, 4.22900557169e-05, 2.75042657449e-06, 2.45025853474e-06, 2.92565846394e-06, 4.00636599807e-06, 3.79760808755e-06, 1.72958789335e-05, 3.39461039403e-05, 2.00631784537e-05, 3.01954287352e-06, 3.49580295733e-06, 5.26683925273e-06, 4.54125029137e-06, 1.89246850368e-06, 6.10965059877e-07, 2.31548042962e-07, 1.3245089292e-07, 8.69188099273e-08, 2.14181365976e-08, 1.46625920294e-08, 1.26837722547e-08, 3.30387237568e-08, 1.87456503653e-08, 8.50193304647e-10, 1.3150735754e-16],
        "max": [0.0316526666284, 0.115035414696, 0.0766550153494, 0.0230802427977, 0.0252943318337, 0.0240824371576, 0.0379263088107, 0.0419199205935, 0.0531283989549, 0.0749186053872, 0.068725451827, 0.0294393487275, 0.0324053689837, 0.0427447333932, 0.0267619676888, 0.0390265956521, 0.0140900621191, 0.00635581789538, 0.00841958541423, 0.00409745890647, 0.00327083142474, 0.00214561191387, 0.00231483578682, 0.00634866766632, 0.00349745433778, 0.000652089482173, 2.65688896661e-07],
        "mean": [0.00136731436942, 0.00637189392, 0.00151857931633, 0.000611253606621, 0.000758968177252, 0.0012052640086, 0.00100609182846, 0.000566382950637, 0.00268608774059, 0.00293430755846, 0.00284894509241, 0.000718675728422, 0.000869731360581, 0.000894622120541, 0.00125132640824, 0.000682629994117, 0.000430209765909, 0.000363680912415, 0.000247379619395, 0.000275403319392, 0.000113040419819, 7.77646273491e-05, 6.62135353195e-05, 8.06074240245e-05, 7.02174584148e-05, 1.34541933221e-05, 1.77425718562e-09],
        "median": [0.000263937487034, 0.00206749560311, 0.000406249455409, 0.000220733534661, 0.000373645045329, 0.00058112165425, 0.000332827155944, 0.00014556091628, 0.000600763829425, 0.00052218826022, 0.000464392011054, 0.000260715343757, 0.000331386399921, 0.000275009108009, 0.000384961836971, 0.000222715840209, 0.000193043350009, 0.000201737595489, 0.000134644316859, 0.00015674289898, 6.88435611664e-05, 3.81169593311e-05, 2.77920735243e-05, 2.7367263101e-05, 2.32332149608e-05, 4.75824481327e-06, 5.59230217689e-10],
        "min": [2.84292670973e-24, 5.88511495096e-24, 4.60025893488e-24, 1.05068044756e-23, 1.44237789157e-23, 1.79650039182e-23, 2.5742722793e-23, 2.36156682248e-23, 2.93848320612e-23, 7.56505238768e-23, 2.6460879673e-23, 4.39980827445e-23, 4.22210031616e-23, 1.04383905136e-22, 5.49660166512e-23, 1.00212509644e-22, 1.15959536463e-22, 7.49537325055e-23, 2.22630683841e-22, 2.61365294144e-22, 4.59838709416e-22, 4.67284597107e-22, 4.00850013331e-22, 8.16063858459e-22, 1.22823961723e-21, 1.53863823332e-21, 2.15224903101e-21],
        "var": [9.09816026251e-06, 0.000111585628474, 1.56363221322e-05, 1.21783489249e-06, 1.20873755804e-06, 3.2033417483e-06, 5.27048177901e-06, 3.36104130838e-06, 2.71109947789e-05, 5.18802662555e-05, 3.65433261322e-05, 2.78490620076e-06, 3.42043995261e-06, 4.70540271635e-06, 5.50811137146e-06, 2.23316260417e-06, 5.61648221264e-07, 2.49078055958e-07, 1.75200270291e-07, 1.29144765992e-07, 2.51128327022e-08, 1.40743132704e-08, 1.7786039308e-08, 6.35167225482e-08, 2.8780887007e-08, 9.11490438682e-10, 3.44173805579e-17]
    },
    "erbbands": {
        "dmean": [0.18286639452, 0.525956571102, 1.25927507877, 1.47554206848, 1.35922086239, 1.76556193829, 2.65681958199, 5.98113679886, 6.34334993362, 8.62604522705, 8.62838554382, 23.9559516907, 50.8675346375, 50.6481819153, 29.0426483154, 14.5358610153, 17.743434906, 24.9364681244, 24.2348499298, 27.6037368774, 18.2974033356, 11.5154743195, 9.16915416718, 7.38659524918, 4.7084851265, 4.88181352615, 2.67295193672, 1.59189426899, 1.37805593014, 0.969989478588, 0.826972544193, 0.822179079056, 0.60060018301, 0.45414185524, 0.216392740607, 0.0596660748124, 0.00865998025984, 0.00020526877779, 1.01099712992e-05, 8.54732843436e-06],
        "dmean2": [0.291206896305, 0.906901419163, 2.15620541573, 2.51999258995, 2.29813051224, 2.883893013, 4.23291730881, 9.5307264328, 10.0122413635, 13.2781934738, 13.5567131042, 38.0867347717, 76.3041687012, 80.3822402954, 43.282245636, 23.2530403137, 28.1540851593, 39.2683410645, 38.8987312317, 45.1370353699, 28.4912719727, 18.5253047943, 15.0211544037, 11.6481523514, 7.53603172302, 7.73150062561, 4.20349264145, 2.57702517509, 2.24906277657, 1.51508796215, 1.26859724522, 1.18394362926, 0.871538639069, 0.661947846413, 0.317205548286, 0.0908082276583, 0.0136189404875, 0.00032186388853, 1.49870138557e-05, 1.3169248632e-05],
        "dvar": [0.170063793659, 1.21099758148, 16.7773151398, 12.9963245392, 10.463599205, 12.6043510437, 28.9711513519, 139.310195923, 311.581054688, 578.138549805, 595.92578125, 2440.37426758, 14502.6630859, 10569.0791016, 6635.75146484, 1635.19787598, 1960.46411133, 4238.75390625, 3082.20922852, 3423.88232422, 2043.19799805, 552.888671875, 269.200744629, 188.383071899, 64.538230896, 69.2436599731, 26.1814727783, 9.06078720093, 9.7154340744, 5.68926525116, 5.56244182587, 11.0628318787, 5.14939117432, 2.06115555763, 0.421943485737, 0.0253164041787, 0.00064090435626, 4.70673825248e-07, 5.35231414744e-10, 1.44693201864e-10],
        "dvar2": [0.408676087856, 3.61054229736, 44.4435272217, 35.6356124878, 28.4889183044, 33.2628135681, 73.4061050415, 341.012207031, 730.358215332, 1205.4967041, 1285.43359375, 5734.98583984, 29402.609375, 25861.2617188, 12739.1679688, 3950.08081055, 4573.04736328, 10171.4355469, 7282.46923828, 8730.7421875, 4370.47021484, 1354.92590332, 675.441162109, 455.866088867, 155.270370483, 159.689163208, 57.7062187195, 21.9591464996, 25.2760887146, 12.9079351425, 11.3448476791, 19.0751113892, 9.77137565613, 4.05585479736, 0.816394865513, 0.0534919761121, 0.00139838014729, 1.04536889012e-06, 1.04482344998e-09, 3.44261008589e-10],
        "max": [6.70509290695, 20.4134426117, 98.5513687134, 86.4800033569, 91.4140319824, 67.1049957275, 113.763061523, 275.319610596, 525.385009766, 811.42199707, 840.56060791, 954.943237305, 2514.28100586, 2112.09985352, 3192.02734375, 1214.36657715, 1378.69274902, 2355.94482422, 1426.86157227, 1531.9230957, 1161.95153809, 532.42767334, 400.838012695, 481.464050293, 212.590286255, 192.872177124, 198.211105347, 71.0319213867, 51.8886985779, 64.9606704712, 77.3615341187, 124.802200317, 93.0450134277, 51.416305542, 18.4054927826, 4.14779663086, 1.24219441414, 0.0332211144269, 0.000905490771402, 0.000219795154408],
        "mean": [0.304815500975, 0.952555775642, 1.74440681934, 1.97870278358, 2.07144451141, 2.97721672058, 4.97817802429, 11.3091840744, 11.755364418, 16.147851944, 15.1194095612, 51.9063796997, 102.168304443, 124.855911255, 60.5037574768, 27.6638088226, 36.4784088135, 47.3425674438, 48.7864456177, 59.4926109314, 37.8467445374, 25.7457580566, 20.3101863861, 17.1486721039, 11.8954620361, 11.7109251022, 6.25282001495, 3.68431901932, 2.96606969833, 2.18611383438, 1.87047576904, 1.76241731644, 1.2769151926, 0.918449997902, 0.418539822102, 0.112400196493, 0.0140661317855, 0.000341346662026, 3.21488187183e-05, 3.57069693564e-05],
        "median": [0.0746931806207, 0.392490386963, 0.594649612904, 0.791250169277, 0.861723780632, 1.34669864178, 2.62147331238, 4.61378097534, 5.02254199982, 5.46790790558, 6.2684006691, 13.3991889954, 23.6574325562, 29.1369400024, 20.0756034851, 12.4888162613, 16.2969551086, 20.1062240601, 19.9464530945, 20.6963996887, 15.0482797623, 12.2088060379, 11.8070392609, 9.99096488953, 7.21361064911, 6.62348031998, 3.95237064362, 2.13543462753, 1.49493014812, 0.97089856863, 0.758538305759, 0.57859224081, 0.447768986225, 0.305412650108, 0.13290399313, 0.0392541661859, 0.00506905978546, 0.000126283601276, 2.27694199566e-05, 2.89509516733e-05],
        "min": [2.14582384098e-22, 1.72633502608e-21, 3.65239297261e-21, 2.32890827383e-20, 4.65129862293e-20, 4.01428230956e-20, 6.03307281693e-20, 1.58890202884e-19, 3.38800331753e-19, 3.93866908353e-19, 6.8558621344e-19, 6.61968707687e-19, 1.433322849e-18, 2.39385490246e-18, 1.36977562902e-18, 2.27587040938e-18, 2.14541513459e-18, 5.21001776768e-18, 5.16439834331e-18, 4.38794871772e-18, 5.16198463028e-18, 7.66839275792e-18, 4.43794392754e-18, 7.68350948362e-18, 9.98583354258e-18, 1.21732456708e-17, 1.3970503174e-17, 1.37807620035e-17, 1.49973718038e-17, 1.28845002293e-17, 9.89126529187e-18, 1.5585060468e-17, 1.35261715274e-17, 1.27871352809e-17, 9.46638148869e-18, 4.87840106011e-18, 3.39931899321e-18, 1.29639457572e-18, 2.9805080399e-19, 2.89050962603e-20],
        "var": [0.368660897017, 1.96355974674, 16.5413551331, 13.8051166534, 13.5591077805, 21.2136878967, 54.0710678101, 388.685180664, 686.482849121, 1656.82434082, 1326.16113281, 9519.31835938, 48200.9921875, 48062.9179688, 17852.1699219, 3035.20874023, 5001.84960938, 10841.2265625, 7282.71484375, 11144.3798828, 5561.64160156, 1642.87536621, 719.20098877, 653.943908691, 253.468017578, 236.181915283, 72.3373565674, 24.2573566437, 19.4059963226, 15.0872182846, 15.4596261978, 32.7759399414, 13.6078968048, 5.24860572815, 1.0884128809, 0.0630724206567, 0.00114450079855, 7.4194406352e-07, 1.60965318852e-09, 7.62496399354e-10]
    },
    "gfcc": {
        "mean": [-7.74427986145, 88.2991943359, -147.940734863, 24.363275528, -60.2360229492, 25.1568126678, -36.7530326843, 23.1430511475, -23.859046936, 5.28484249115, -11.2956199646, -2.00753355026, 2.17991042137],
        "cov": [[4363.40771484, 144.424545288, 251.428543091, 520.677246094, 375.800750732, 565.917785645, 290.35949707, 289.021118164, 85.7086486816, 113.165519714, -110.817863464, 22.819196701, 10.9940299988], [144.424545288, 1488.13366699, 678.932495117, 422.29083252, 472.999481201, 58.9139823914, 226.637908936, -78.8437728882, -5.79313182831, -8.56371879578, 183.777572632, -68.6574859619, 123.158485413], [251.428543091, 678.932495117, 942.461853027, 557.521606445, 259.470733643, 134.763244629, 38.589389801, 20.8808841705, 32.8086357117, 59.7535629272, 101.496200562, 59.3791542053, 18.9899539948], [520.677246094, 422.29083252, 557.521606445, 594.991333008, 222.809646606, 108.58190155, 59.6480827332, 33.6023521423, 66.1788330078, 28.9333457947, 52.4036445618, 38.6523628235, 1.619602561], [375.800750732, 472.999481201, 259.470733643, 222.809646606, 369.356140137, 167.195983887, 162.339950562, 27.1138877869, 5.9526925087, 32.1313247681, 39.97133255, -19.5776519775, 64.7512130737], [565.917785645, 58.9139823914, 134.763244629, 108.58190155, 167.195983887, 319.752258301, 178.725067139, 26.6294021606, 11.3668584824, 52.0379066467, -6.64476299286, -7.72098779678, 4.89212608337], [290.35949707, 226.637908936, 38.589389801, 59.6480827332, 162.339950562, 178.725067139, 272.360290527, 53.2991714478, 19.297586441, 40.7989730835, 38.2447319031, -31.6288070679, 18.2115268707], [289.021118164, -78.8437728882, 20.8808841705, 33.6023521423, 27.1138877869, 26.6294021606, 53.2991714478, 173.387161255, 64.6281814575, 36.3959312439, 43.2477264404, 5.76015663147, 15.4359807968], [85.7086486816, -5.79313182831, 32.8086357117, 66.1788330078, 5.9526925087, 11.3668584824, 19.297586441, 64.6281814575, 131.877792358, 21.6754207611, 3.64972496033, 33.0937728882, 5.74799442291], [113.165519714, -8.56371879578, 59.7535629272, 28.9333457947, 32.1313247681, 52.0379066467, 40.7989730835, 36.3959312439, 21.6754207611, 123.370529175, 68.3508529663, 17.0955944061, 11.328327179], [-110.817863464, 183.777572632, 101.496200562, 52.4036445618, 39.97133255, -6.64476299286, 38.2447319031, 43.2477264404, 3.64972496033, 68.3508529663, 200.525680542, 14.0369749069, 55.2798347473], [22.819196701, -68.6574859619, 59.3791542053, 38.6523628235, -19.5776519775, -7.72098779678, -31.6288070679, 5.76015663147, 33.0937728882, 17.0955944061, 14.0369749069, 112.526405334, 22.1131839752], [10.9940299988, 123.158485413, 18.9899539948, 1.619602561, 64.7512130737, 4.89212608337, 18.2115268707, 15.4359807968, 5.74799442291, 11.328327179, 55.2798347473, 22.1131839752, 128.516586304]],
        "icov": [[0.000511888996698, -0.000679389457218, 0.000803610426374, -0.000755877001211, 0.000512964150403, -0.00135465513449, 0.000794932420831, -0.00163156806957, 0.000841614441015, -0.000684986764099, 0.000990536529571, -0.000663268438075, 8.52885932545e-05], [-0.000679389457218, 0.00472986372188, -0.00366024440154, 0.00159678421915, -0.00388967199251, 0.00492249010131, -0.00433631194755, 0.00601580413058, -0.0030879182741, 0.00314391078427, -0.00367227382958, 0.00372219271958, -0.00148941157386], [0.000803610426374, -0.00366024440154, 0.00575542915612, -0.00380985974334, 0.0022506818641, -0.00477234693244, 0.00435111578554, -0.00510422466323, 0.00323625537567, -0.00287521351129, 0.00233240891248, -0.00366040808149, 0.00141591555439], [-0.000755877001211, 0.00159678421915, -0.00380985974334, 0.00570209138095, -0.00268698297441, 0.00248147500679, -0.00158046244178, 0.00307915196754, -0.00331007130444, 0.00213864026591, -0.00216344627552, 0.00103134370875, 0.00085166352801], [0.000512964150403, -0.00388967199251, 0.0022506818641, -0.00268698297441, 0.00932736881077, -0.00498770875856, 0.00122890330385, -0.00478406902403, 0.00326899182983, -0.00276610115543, 0.00371429766528, -0.00148884474766, -0.00196807878092], [-0.00135465513449, 0.00492249010131, -0.00477234693244, 0.00248147500679, -0.00498770875856, 0.0122920153663, -0.0082486551255, 0.00754070142284, -0.0032930043526, 0.00153998075984, -0.00254700193182, 0.00348594412208, -0.00111193268094], [0.000794932420831, -0.00433631194755, 0.00435111578554, -0.00158046244178, 0.00122890330385, -0.0082486551255, 0.0118162380531, -0.00684664119035, 0.00212202360854, -0.00277771381661, 0.00182245310862, -0.00206874264404, 0.0020292380359], [-0.00163156806957, 0.00601580413058, -0.00510422466323, 0.00307915196754, -0.00478406902403, 0.00754070142284, -0.00684664119035, 0.016994683072, -0.00845772586763, 0.00358625384979, -0.00674191582948, 0.00567942485213, -0.00187279260717], [0.000841614441015, -0.0030879182741, 0.00323625537567, -0.00331007130444, 0.00326899182983, -0.0032930043526, 0.00212202360854, -0.00845772586763, 0.0135064357892, -0.0035673819948, 0.00442154658958, -0.00530698010698, 0.000365799438441], [-0.000684986764099, 0.00314391078427, -0.00287521351129, 0.00213864026591, -0.00276610115543, 0.00153998075984, -0.00277771381661, 0.00358625384979, -0.0035673819948, 0.0140338903293, -0.00692790886387, 0.00119495100807, 0.000438432471128], [0.000990536529571, -0.00367227382958, 0.00233240891248, -0.00216344627552, 0.00371429766528, -0.00254700193182, 0.00182245310862, -0.00674191582948, 0.00442154658958, -0.00692790886387, 0.0116584785283, -0.00286733335815, -0.00221434165724], [-0.000663268438075, 0.00372219271958, -0.00366040808149, 0.00103134370875, -0.00148884474766, 0.00348594412208, -0.00206874264404, 0.00567942485213, -0.00530698010698, 0.00119495100807, -0.00286733335815, 0.0144769381732, -0.00387954991311], [8.52885932545e-05, -0.00148941157386, 0.00141591555439, 0.00085166352801, -0.00196807878092, -0.00111193268094, 0.0020292380359, -0.00187279260717, 0.000365799438441, 0.000438432471128, -0.00221434165724, -0.00387954991311, 0.0115174613893]]
    },
    "melbands": {
        "dmean": [0.001221294282, 0.000609560112935, 0.000244993105298, 0.000105175640783, 8.35342871142e-05, 0.00012795283692, 0.000102495483588, 9.19886224438e-05, 7.34083005227e-05, 0.000179327777005, 0.00026114488719, 0.000209667734453, 0.000131246008095, 5.16017717018e-05, 3.38050595019e-05, 5.33339443791e-05, 4.89143058076e-05, 3.91584508179e-05, 5.69871663174e-05, 2.63085894403e-05, 2.28029548452e-05, 1.41594064189e-05, 9.2964119176e-06, 8.81518189999e-06, 6.59416127746e-06, 3.73943476006e-06, 4.97794508192e-06, 3.36083394359e-06, 2.08035521609e-06, 1.31846604745e-06, 9.04296939552e-07, 8.59499209582e-07, 7.13230804195e-07, 5.52614835669e-07, 5.10782911078e-07, 5.53548034077e-07, 5.39975189895e-07, 4.6229214945e-07, 4.04104468998e-07, 4.25150403771e-07],
        "dmean2": [0.00197902717628, 0.00103954027873, 0.000412922992837, 0.000174173823325, 0.000133361769258, 0.000203084840905, 0.000161655436386, 0.000141537850141, 0.000117093819426, 0.000284479843685, 0.000392186513636, 0.000331408693455, 0.000198514491785, 8.15179009805e-05, 5.40488363185e-05, 8.48158379085e-05, 7.70746337366e-05, 6.30112481304e-05, 9.36867072596e-05, 4.14282294514e-05, 3.5600773117e-05, 2.29536599363e-05, 1.50680552906e-05, 1.42560165841e-05, 1.04466816992e-05, 6.1094215198e-06, 8.0560303104e-06, 5.34935406904e-06, 3.30798525283e-06, 2.13331327359e-06, 1.48200058447e-06, 1.41729344705e-06, 1.15534419365e-06, 8.73527028489e-07, 7.91955869772e-07, 8.47344722388e-07, 7.87048804796e-07, 6.86000817041e-07, 5.98035455823e-07, 6.35764251911e-07],
        "dvar": [7.27376436771e-06, 2.81265351987e-06, 3.1922760968e-07, 5.39939435384e-08, 2.53074592393e-08, 5.99917271416e-08, 6.69577673307e-08, 6.96009792023e-08, 3.45976509664e-08, 1.37671221978e-07, 3.79904889769e-07, 1.9360503245e-07, 1.03722229028e-07, 2.30889849462e-08, 9.37807342893e-09, 1.82176176367e-08, 1.80572126141e-08, 1.16317657728e-08, 1.7188252599e-08, 4.68476279991e-09, 3.32950200743e-09, 9.54271772713e-10, 4.31014224311e-10, 2.76607292626e-10, 1.62695801276e-10, 5.07436384578e-11, 8.85608322787e-11, 3.72821842842e-11, 1.56657759681e-11, 7.77734387308e-12, 2.8375314251e-12, 3.51914851426e-12, 2.8029828892e-12, 2.05397439508e-12, 1.99841228635e-12, 3.46308637149e-12, 5.34449264358e-12, 3.54534327243e-12, 1.70226300503e-12, 1.85714876637e-12],
        "dvar2": [1.82126404979e-05, 7.55700966693e-06, 8.52597679568e-07, 1.47944973605e-07, 6.43727915417e-08, 1.45180365507e-07, 1.53470040232e-07, 1.45029403598e-07, 7.73423778355e-08, 3.14741043894e-07, 7.71636791796e-07, 4.58879327425e-07, 2.12270066413e-07, 5.43928138086e-08, 2.11546407058e-08, 4.22354951013e-08, 4.33637019626e-08, 2.70878874886e-08, 4.44608723171e-08, 1.04001545154e-08, 7.10554148853e-09, 2.27301399924e-09, 1.02701791516e-09, 6.71910138639e-10, 3.94109966884e-10, 1.32803393282e-10, 2.12245152009e-10, 8.89744528054e-11, 3.65263895519e-11, 1.79608099227e-11, 7.08415834674e-12, 9.29546283696e-12, 6.90429310946e-12, 4.78736191314e-12, 4.57843485346e-12, 6.65942691616e-12, 9.82838116448e-12, 7.1491831552e-12, 3.36388751056e-12, 3.90996566721e-12],
        "max": [0.0450097508729, 0.0440764948726, 0.0130884647369, 0.00657860655338, 0.00330949947238, 0.00560055114329, 0.00798732787371, 0.00827614031732, 0.00555516779423, 0.00679428922012, 0.0125327911228, 0.00956864468753, 0.009960510768, 0.00370110501535, 0.00391790736467, 0.004162942525, 0.00414450652897, 0.00268879462965, 0.00261689629406, 0.00368158868514, 0.00148188509047, 0.000725480902474, 0.000746214529499, 0.000350995484041, 0.000465089280624, 0.000280167994788, 0.000236488398514, 0.000124807003886, 0.000111689012556, 9.97116003418e-05, 3.46694141626e-05, 3.26157642121e-05, 5.60183398193e-05, 3.94928683818e-05, 4.46987214673e-05, 6.40990692773e-05, 9.5506919024e-05, 8.85618355824e-05, 4.66085621156e-05, 4.32391025242e-05],
        "mean": [0.00221867789514, 0.00102127587888, 0.000357000419172, 0.000176320798346, 0.000161749616382, 0.000244592869421, 0.00019743735902, 0.000167539154063, 0.00012028922356, 0.0003879108408, 0.000518163782544, 0.000501276634168, 0.000281959248241, 8.8939719717e-05, 5.86266432947e-05, 0.000101826204627, 8.32571822684e-05, 6.6798995249e-05, 0.000115133421787, 4.81970891997e-05, 4.23851670348e-05, 2.7383928682e-05, 1.84450254892e-05, 1.75926215888e-05, 1.38463410622e-05, 8.16413376015e-06, 1.04265427581e-05, 7.12389692126e-06, 4.2986371227e-06, 2.68508915724e-06, 1.88272667856e-06, 1.70800490196e-06, 1.40436964102e-06, 1.14946021768e-06, 1.04799187284e-06, 1.1073556152e-06, 1.05938636352e-06, 9.07242508674e-07, 7.90851800048e-07, 7.90353112734e-07],
        "median": [0.000648736022413, 0.000427234568633, 0.00014966915478, 8.19436463644e-05, 9.25437998376e-05, 0.000107404797745, 8.40412685648e-05, 5.50461190869e-05, 4.39130308223e-05, 8.2586928329e-05, 9.5522722404e-05, 0.000102481353679, 6.11273135291e-05, 2.83898389171e-05, 2.3852700906e-05, 3.81410864065e-05, 2.97807418974e-05, 2.22246162593e-05, 3.03801843984e-05, 1.81732430065e-05, 1.42570979733e-05, 1.19772321341e-05, 9.57484371611e-06, 9.59578483162e-06, 7.41734857002e-06, 4.3814716264e-06, 5.2161176427e-06, 3.74689284399e-06, 2.51232154369e-06, 1.60300612606e-06, 9.88109832178e-07, 8.30299370591e-07, 6.41669771539e-07, 4.83236590298e-07, 4.20052742811e-07, 3.83631430623e-07, 3.21126464087e-07, 3.0567858289e-07, 2.74227403452e-07, 2.47653446195e-07],
        "min": [2.70000345472e-24, 2.47160810671e-24, 8.81854353083e-24, 3.02321179772e-24, 1.95234810724e-24, 3.65220668784e-24, 5.5618811672e-24, 3.7550485119e-24, 4.63494514888e-24, 4.05120543395e-24, 7.269974864e-24, 1.0064331605e-23, 3.53540557563e-24, 3.07533755697e-24, 5.07075490584e-24, 5.07759985192e-24, 9.13400111822e-24, 9.58405257554e-24, 4.61307516357e-24, 8.29705046336e-24, 4.52944052483e-24, 7.49149568366e-24, 4.9036130294e-24, 3.42688908065e-24, 6.14854676722e-24, 7.20679972727e-24, 7.06358439651e-24, 7.33347737801e-24, 8.02106116478e-24, 8.76207686724e-24, 6.193281097e-24, 7.28402447673e-24, 1.00768871152e-23, 5.73322017809e-24, 4.20895789348e-24, 7.63693875762e-24, 8.20398854237e-24, 8.8718508065e-24, 8.87363994304e-24, 9.77635793157e-24],
        "var": [1.60372364917e-05, 3.2892451145e-06, 3.99498787829e-07, 7.35896819037e-08, 4.70666883245e-08, 1.62033856554e-07, 1.7077429959e-07, 1.82368737001e-07, 7.68631878145e-08, 5.68117059174e-07, 1.28114061226e-06, 8.54953896123e-07, 3.66140653796e-07, 4.96009633366e-08, 1.97204172991e-08, 4.96197003486e-08, 4.10501463932e-08, 2.48354545818e-08, 5.66626496834e-08, 1.18666791948e-08, 8.89098483725e-09, 2.32260211064e-09, 9.5406382794e-10, 6.29938545771e-10, 5.41061750958e-10, 1.74328024238e-10, 2.63261856759e-10, 1.04488098729e-10, 3.85889480092e-11, 1.71691827422e-11, 7.29537871086e-12, 6.68104634116e-12, 5.64295441971e-12, 4.97112290568e-12, 4.54098651043e-12, 9.12639495226e-12, 1.45771832105e-11, 8.34250724058e-12, 4.01282999885e-12, 4.18812857658e-12]
    },
    "mfcc": {
        "mean": [-640.976867676, 114.740318298, -22.8777599335, 5.99334478378, 2.06663990021, -2.27683806419, 6.8707280159, 4.69438648224, 5.74862480164, 6.64416790009, -2.10741853714, -2.2133038044, 0.648596405983],
        "cov": [[3524.84643555, -233.148513794, 107.639961243, 154.61366272, 194.403991699, 399.246643066, 261.355102539, 328.54107666, 354.862884521, 211.689102173, 135.520935059, 36.4561042786, 70.2348937988], [-233.148513794, 1172.43261719, 318.344909668, 393.641723633, 246.151626587, 184.731796265, 285.476013184, -5.83274793625, 7.61335468292, 26.6980018616, -4.61066293716, -18.0332603455, 99.4012374878], [107.639961243, 318.344909668, 741.162658691, 404.499420166, 270.023834229, 160.76499939, 85.0492630005, 55.6569595337, -10.8271961212, -2.73448991776, 54.1586914062, 73.0499725342, 71.9703979492], [154.61366272, 393.641723633, 404.499420166, 512.74987793, 253.878707886, 110.398262024, 93.7645645142, 53.741355896, 27.8293399811, 3.51405668259, 15.1095790863, 70.0863189697, 70.8643035889], [194.403991699, 246.151626587, 270.023834229, 253.878707886, 291.001281738, 81.654006958, 92.3636932373, 35.3096618652, 34.4698104858, 27.9649448395, -22.4249515533, 26.4499855042, 68.7964859009], [399.246643066, 184.731796265, 160.76499939, 110.398262024, 81.654006958, 357.969573975, 138.235443115, 84.5890808105, 80.6878662109, 25.0528507233, 63.3629264832, -36.7186660767, 6.6060051918], [261.355102539, 285.476013184, 85.0492630005, 93.7645645142, 92.3636932373, 138.235443115, 327.789245605, 32.0608062744, 34.6896781921, 98.4733657837, 52.3659057617, -19.5696811676, 74.2734298706], [328.54107666, -5.83274793625, 55.6569595337, 53.741355896, 35.3096618652, 84.5890808105, 32.0608062744, 158.106384277, 78.5950775146, 31.9277706146, 31.2599182129, 13.1427431107, 5.49597072601], [354.862884521, 7.61335468292, -10.8271961212, 27.8293399811, 34.4698104858, 80.6878662109, 34.6896781921, 78.5950775146, 140.467437744, 54.7537193298, 16.2303657532, -5.53107786179, 11.8066711426], [211.689102173, 26.6980018616, -2.73448991776, 3.51405668259, 27.9649448395, 25.0528507233, 98.4733657837, 31.9277706146, 54.7537193298, 128.193191528, 47.1513175964, 11.1711063385, 35.0498695374], [135.520935059, -4.61066293716, 54.1586914062, 15.1095790863, -22.4249515533, 63.3629264832, 52.3659057617, 31.2599182129, 16.2303657532, 47.1513175964, 124.178955078, 31.7517566681, 5.2749505043], [36.4561042786, -18.0332603455, 73.0499725342, 70.0863189697, 26.4499855042, -36.7186660767, -19.5696811676, 13.1427431107, -5.53107786179, 11.1711063385, 31.7517566681, 122.090858459, 40.345703125], [70.2348937988, 99.4012374878, 71.9703979492, 70.8643035889, 68.7964859009, 6.6060051918, 74.2734298706, 5.49597072601, 11.8066711426, 35.0498695374, 5.2749505043, 40.345703125, 133.355636597]],
