{
"lowlevel": {
    "average_loudness": 0.789918005466,
    "barkbands_crest": {
        "dmean": 2.65725493431,
        "dmean2": 4.29047250748,
        "dvar": 5.89093923569,
        "dvar2": 14.6219272614,
        "max": 26.686170578,
        "mean": 12.5948410034,
        "median": 11.7725467682,
        "min": 2.04775285721,
        "var": 29.8854808807
    },
    "barkbands_flatness_db": {
        "dmean": 0.0217432472855,
        "dmean2": 0.0345980860293,
        "dvar": 0.000583315035328,
        "dvar2": 0.00133239547722,
        "max": 0.513401269913,
        "mean": 0.159967705607,
        "median": 0.147866874933,
        "min": 0.0371196493506,
        "var": 0.00442157778889
    },
    "barkbands_kurtosis": {
        "dmean": 7.32926130295,
        "dmean2": 11.7953424454,
        "dvar": 1352.09912109,
        "dvar2": 3374.68286133,
        "max": 1590.79882812,
        "mean": 10.962389946,
        "median": 0.754066467285,
        "min": -1.93576562405,
        "var": 2637.54052734
    },
    "barkbands_skewness": {
        "dmean": 0.686688959599,
        "dmean2": 1.06595742702,
        "dvar": 1.29950630665,
        "dvar2": 3.04767942429,
        "max": 32.6829452515,
        "mean": 1.85930597782,
        "median": 1.15433228016,
        "min": -2.96427798271,
        "var": 5.98820161819
    },
    "barkbands_spread": {
        "dmean": 5.58018064499,
        "dmean2": 8.50781345367,
        "dvar": 49.2430953979,
        "dvar2": 99.6960830688,
        "max": 103.100967407,
        "mean": 25.5952758789,
        "median": 24.4947776794,
        "min": 0.119533970952,
        "var": 239.303085327
    },
    "dissonance": {
        "dmean": 0.0168008506298,
        "dmean2": 0.0284458454698,
        "dvar": 0.000339527468896,
        "dvar2": 0.000925547094084,
        "max": 0.499999910593,
        "mean": 0.47010833025,
        "median": 0.479237556458,
        "min": 0.225645214319,
        "var": 0.000850061653182
    },
    "dynamic_complexity": 3.51097559929,
    "erbbands_crest": {
        "dmean": 2.76782727242,
        "dmean2": 4.42549180984,
        "dvar": 6.97758293152,
        "dvar2": 16.6634578705,
        "max": 29.9143848419,
        "mean": 9.96014785767,
        "median": 8.5979385376,
        "min": 2.32060098648,
        "var": 28.0404624939
    },
    "erbbands_flatness_db": {
        "dmean": 0.0152180204168,
        "dmean2": 0.0224985592067,
        "dvar": 0.000211926089833,
        "dvar2": 0.000404579099268,
        "max": 0.344334810972,
        "mean": 0.16414783895,
        "median": 0.156439229846,
        "min": 0.0390159413218,
        "var": 0.0023573783692
    },
    "erbbands_kurtosis": {
        "dmean": 0.93570291996,
        "dmean2": 1.44471216202,
        "dvar": 2.3773651123,
        "dvar2": 5.21777105331,
        "max": 51.0230102539,
        "mean": 0.848269462585,
        "median": 0.127436280251,
        "min": -1.8991702795,
        "var": 7.92287635803
    },
    "erbbands_skewness": {
        "dmean": 0.346317768097,
        "dmean2": 0.525203883648,
        "dvar": 0.127745896578,
        "dvar2": 0.269435852766,
        "max": 6.35215997696,
        "mean": 0.213413104415,
        "median": 0.153630852699,
        "min": -3.04911828041,
        "var": 0.701554894447
    },
    "erbbands_spread": {
        "dmean": 8.05909538269,
        "dmean2": 11.867275238,
        "dvar": 99.4918136597,
        "dvar2": 199.942367554,
        "max": 202.362701416,
        "mean": 38.8405914307,
        "median": 32.8425216675,
        "min": 3.23031139374,
        "var": 602.999389648
    },
    "hfc": {
        "dmean": 5.63315296173,
        "dmean2": 8.18411254883,
        "dvar": 62.22681427,
        "dvar2": 131.754653931,
        "max": 136.909957886,
        "mean": 23.624048233,
        "median": 17.0758094788,
        "min": 1.12449327986e-16,
        "var": 481.882019043
    },
    "melbands_crest": {
        "dmean": 3.01799583435,
        "dmean2": 4.80292654037,
        "dvar": 7.33192873001,
        "dvar2": 17.1768608093,
        "max": 38.3322296143,
        "mean": 16.8897953033,
        "median": 16.7119750977,
        "min": 1.91679298878,
        "var": 36.023021698
    },
    "melbands_flatness_db": {
        "dmean": 0.0258426703513,
        "dmean2": 0.03985491395,
        "dvar": 0.000843738613185,
        "dvar2": 0.00178853922989,
        "max": 0.647341966629,
        "mean": 0.204420998693,
        "median": 0.188321053982,
        "min": 0.00606904365122,
        "var": 0.00775661831722
    },
    "melbands_kurtosis": {
        "dmean": 14.5851802826,
        "dmean2": 23.1375255585,
        "dvar": 1515.01245117,
        "dvar2": 3699.86352539,
        "max": 771.911071777,
        "mean": 29.855632782,
        "median": 5.99517726898,
        "min": -1.76853168011,
        "var": 5260.4140625
    },
    "melbands_skewness": {
        "dmean": 0.914103925228,
        "dmean2": 1.39848101139,
        "dvar": 1.56553709507,
        "dvar2": 3.50875139236,
        "max": 22.6971874237,
        "mean": 3.29957914352,
        "median": 2.26939725876,
        "min": -1.42774856091,
        "var": 10.138253212
    },
    "melbands_spread": {
        "dmean": 6.98861026764,
        "dmean2": 10.6544780731,
        "dvar": 98.7792205811,
        "dvar2": 189.689956665,
        "max": 244.250442505,
        "mean": 26.583694458,
        "median": 23.7554988861,
        "min": 0.247948482633,
        "var": 402.095458984
    },
    "pitch_salience": {
        "dmean": 0.0660919249058,
        "dmean2": 0.107101544738,
        "dvar": 0.00414070347324,
        "dvar2": 0.00996976252645,
        "max": 0.97157895565,
        "mean": 0.463076114655,
        "median": 0.470434427261,
        "min": 0.0397479571402,
        "var": 0.0262697860599
    },
    "silence_rate_20dB": {
        "dmean": 0,
        "dmean2": 0,
        "dvar": 0,
        "dvar2": 0,
        "max": 1,
        "mean": 1,
        "median": 1,
        "min": 1,
        "var": 0
    },
    "silence_rate_30dB": {
        "dmean": 0.00242865807377,
        "dmean2": 0.00485790614039,
        "dvar": 0.00242265756242,
        "dvar2": 0.00604869006202,
        "max": 1,
        "mean": 0.997935891151,
        "median": 1,
        "min": 0,
        "var": 0.002059758408
    },
    "silence_rate_60dB": {
        "dmean": 0.0114146936685,
        "dmean2": 0.022832158953,
        "dvar": 0.0112838549539,
        "dvar2": 0.0259529165924,
        "max": 1,
        "mean": 0.0608304999769,
        "median": 0,
        "min": 0,
        "var": 0.0571267902851
    },
    "spectral_centroid": {
        "dmean": 241.617675781,
        "dmean2": 362.238464355,
        "dvar": 79183.703125,
        "dvar2": 148072.640625,
        "max": 10993.4443359,
        "mean": 1640.76953125,
        "median": 1643.47607422,
        "min": 107.21937561,
        "var": 455326.0625
    },
    "spectral_complexity": {
        "dmean": 3.56381297112,
        "dmean2": 5.43211078644,
        "dvar": 19.2303123474,
        "dvar2": 33.6837234497,
        "max": 59,
        "mean": 19.7242584229,
        "median": 16,
        "min": 0,
        "var": 198.230224609
    },
    "spectral_decrease": {
        "dmean": 2.1531503247e-09,
        "dmean2": 3.43818196136e-09,
        "dvar": 8.3459306074e-18,
        "dvar2": 2.09351257036e-17,
        "max": 2.00921443775e-20,
        "mean": -7.2946875207e-09,
        "median": -6.29075014302e-09,
        "min": -3.86282223985e-08,
        "var": 2.93036937629e-17
    },
    "spectral_energy": {
        "dmean": 0.00847084820271,
        "dmean2": 0.0134708052501,
        "dvar": 0.00012399845582,
        "dvar2": 0.00030806439463,
        "max": 0.151421532035,
        "mean": 0.0296744834632,
        "median": 0.025649048388,
        "min": 1.06463662066e-20,
        "var": 0.000473101768875
    },
    "spectral_energyband_high": {
        "dmean": 0.000354886899004,
        "dmean2": 0.000522324000485,
        "dvar": 4.40277489133e-07,
        "dvar2": 1.02270337266e-06,
        "max": 0.0120096094906,
        "mean": 0.00106948369648,
        "median": 0.000461454415927,
        "min": 7.66427750853e-21,
        "var": 2.05112610274e-06
    },
    "spectral_energyband_low": {
        "dmean": 0.00641267420724,
        "dmean2": 0.0105260731652,
        "dvar": 0.000115328955872,
        "dvar2": 0.000302161410218,
        "max": 0.110980182886,
        "mean": 0.0149232381955,
        "median": 0.0114101916552,
        "min": 7.02040009952e-23,
        "var": 0.000246858020546
    },
    "spectral_energyband_middle_high": {
        "dmean": 0.0023600331042,
        "dmean2": 0.00342782796361,
        "dvar": 1.32921031764e-05,
        "dvar2": 2.78985189652e-05,
        "max": 0.0706997215748,
        "mean": 0.00786680914462,
        "median": 0.00443504005671,
        "min": 1.56515274449e-21,
        "var": 8.98710568435e-05
    },
    "spectral_energyband_middle_low": {
        "dmean": 0.00237547582947,
        "dmean2": 0.00377107225358,
        "dvar": 1.10783903438e-05,
        "dvar2": 2.81607262878e-05,
        "max": 0.0595822781324,
        "mean": 0.00632271822542,
        "median": 0.00472087645903,
        "min": 2.62853073189e-22,
        "var": 4.05053688155e-05
    },
    "spectral_entropy": {
        "dmean": 0.137831300497,
        "dmean2": 0.195782765746,
        "dvar": 0.0258356090635,
        "dvar2": 0.0452669039369,
        "max": 9.80901050568,
        "mean": 7.73011159897,
        "median": 7.80609607697,
        "min": 4.77665662766,
        "var": 0.199255600572
    },
    "spectral_flux": {
        "dmean": 0.0226224232465,
        "dmean2": 0.0371019877493,
        "dvar": 0.000673611066304,
        "dvar2": 0.00177029706538,
        "max": 0.324110537767,
        "mean": 0.0843359678984,
        "median": 0.0795456767082,
        "min": 6.83047438055e-11,
        "var": 0.00215286575258
    },
    "spectral_kurtosis": {
        "dmean": 1.15990388393,
        "dmean2": 1.92533111572,
        "dvar": 1.91988742352,
        "dvar2": 5.34476852417,
        "max": 34.1521072388,
        "mean": 3.49387192726,
        "median": 3.02836275101,
        "min": -1.41486990452,
        "var": 6.485850811
    },
    "spectral_rms": {
        "dmean": 0.000722227909137,
        "dmean2": 0.00113612855785,
        "dvar": 6.49524508844e-07,
        "dvar2": 1.56695773512e-06,
        "max": 0.0121543537825,
        "mean": 0.00498153921217,
        "median": 0.00500234542415,
        "min": 3.22284018049e-12,
        "var": 4.13505586039e-06
    },
    "spectral_rolloff": {
        "dmean": 454.39163208,
        "dmean2": 740.591247559,
        "dvar": 746400.5625,
        "dvar2": 1540962.125,
        "max": 19056.8847656,
        "mean": 1561.15917969,
        "median": 1399.65820312,
        "min": 21.533203125,
        "var": 2240792.25
    },
    "spectral_skewness": {
        "dmean": 0.172214016318,
        "dmean2": 0.272596031427,
        "dvar": 0.0304929763079,
        "dvar2": 0.0717122554779,
        "max": 4.57316684723,
        "mean": 1.37428879738,
        "median": 1.34203124046,
        "min": -0.17365796864,
        "var": 0.181269392371
    },
    "spectral_spread": {
        "dmean": 501978.09375,
        "dmean2": 708335.9375,
        "dvar": 595637370880,
        "dvar2": 952263835648,
        "max": 40955340,
        "mean": 4687257,
        "median": 4380434.5,
        "min": 1613528.375,
        "var": 3.02909436723e+12
    },
    "spectral_strongpeak": {
        "dmean": 0.487072110176,
        "dmean2": 0.833778262138,
        "dvar": 0.990546047688,
        "dvar2": 2.47330021858,
        "max": 10.9508142471,
        "mean": 0.87610667944,
        "median": 0.407963514328,
        "min": 0,
        "var": 1.65563428402
    },
    "zerocrossingrate": {
        "dmean": 0.00975868757814,
        "dmean2": 0.0111571140587,
        "dvar": 0.000174055123352,
        "dvar2": 0.000176951376488,
        "max": 0.6298828125,
        "mean": 0.0622017905116,
        "median": 0.05810546875,
        "min": 0.00244140625,
        "var": 0.00151908397675
    },
    "barkbands": {
        "dmean": [0.000342122337315, 0.00553390290588, 0.00195582094602, 0.000460179959191, 0.000698136514984, 0.000461396208266, 0.000425332866143, 0.00038577671512, 0.000936246942729, 0.000840390042868, 0.000776836415753, 0.000454304245068, 0.000425719976192, 0.000508147932123, 0.000508316967171, 0.000360011676094, 0.000264948088443, 0.000254239654168, 0.000162482625456, 0.000133567227749, 9.44786588661e-05, 9.6019844932e-05, 8.27437615953e-05, 7.21852702554e-05, 4.60845039925e-05, 1.20372233141e-05, 3.28164801999e-08],
        "dmean2": [0.000571739510633, 0.00932939257473, 0.00305572873913, 0.000799907837063, 0.0011233696714, 0.000725481484551, 0.000664272578433, 0.000608112488408, 0.00149608624633, 0.00131680374034, 0.00118742417544, 0.000704746169504, 0.000686276471242, 0.000789863930549, 0.000806443626061, 0.000572233228013, 0.000419431249611, 0.000397775962483, 0.000255207385635, 0.000209680234548, 0.000151418178575, 0.000152651657118, 0.000126118276967, 0.000107638174086, 6.67601634632e-05, 1.78322698048e-05, 6.27087857197e-08],
        "dvar": [2.93231153137e-07, 7.74402724346e-05, 3.0050488931e-05, 1.69834186181e-06, 2.08637925425e-06, 6.70199369779e-07, 9.44023838656e-07, 1.29871739318e-06, 3.89796741729e-06, 4.31035778092e-06, 4.79402569908e-06, 1.49077607148e-06, 1.467233119e-06, 1.35416564717e-06, 1.0972992186e-06, 7.26731400391e-07, 3.16647657428e-07, 2.34205117522e-07, 1.10753546778e-07, 5.86606816455e-08, 3.01733678043e-08, 4.91343854492e-08, 2.47591813718e-08, 1.96652170104e-08, 1.06923545573e-08, 1.27669730343e-09, 1.35506596178e-13],
        "dvar2": [7.75007322318e-07, 0.00023271011014, 6.55227486277e-05, 4.73872205475e-06, 5.21661286257e-06, 1.59237822572e-06, 2.0598320134e-06, 2.87561556434e-06, 9.30515216169e-06, 9.5327195595e-06, 1.04799619294e-05, 3.08429639517e-06, 3.81218410439e-06, 3.0901030641e-06, 2.59922649093e-06, 1.71505507751e-06, 7.49678122247e-07, 5.48366870134e-07, 2.54207350281e-07, 1.46995986938e-07, 7.78459323669e-08, 1.30501263129e-07, 6.04243055591e-08, 4.42924310562e-08, 2.10696313729e-08, 2.47655251862e-09, 3.98809159525e-13],
        "max": [0.0076519344002, 0.0840263292193, 0.0704292356968, 0.0195130966604, 0.0269297976047, 0.0134335495532, 0.0362654998899, 0.033964779228, 0.0453604534268, 0.052335742861, 0.0485804080963, 0.0328301861882, 0.0361435227096, 0.0327990315855, 0.019524442032, 0.0161353331059, 0.0118322260678, 0.0103711746633, 0.0126798832789, 0.0055729537271, 0.00278145098127, 0.00448136078194, 0.00317963561974, 0.0026381756179, 0.00284042046405, 0.00150722940452, 9.25339736568e-06],
        "mean": [0.000625316926744, 0.0115501107648, 0.0025441350881, 0.000509963545483, 0.00123316200916, 0.000867231865413, 0.000777093227953, 0.000668659748044, 0.00168160791509, 0.00150634569582, 0.00136582367122, 0.000810322409961, 0.000715082744136, 0.000853084900882, 0.000882100837771, 0.000601590203587, 0.000474491360364, 0.000477429217426, 0.000322146195685, 0.000292703916784, 0.000226590811508, 0.000216609274503, 0.000199705697014, 0.000154808541993, 9.59453172982e-05, 2.24143022933e-05, 1.89057498545e-08],
        "median": [0.000194259904674, 0.00871546752751, 0.000759947230108, 0.000140275442391, 0.000389258784708, 0.00035275996197, 0.000170802915818, 0.000148754043039, 0.000469092861749, 0.000334032374667, 0.00023717439035, 0.000198712034035, 0.000202497438295, 0.000297593825962, 0.000287724251393, 0.000196167238755, 0.000188886377146, 0.000219666559133, 0.00015500295558, 0.000131883978611, 8.45724716783e-05, 6.95709895808e-05, 6.93677866366e-05, 4.39385330537e-05, 2.87896800728e-05, 6.49395769869e-06, 6.69712230117e-10],
        "min": [1.06654002274e-23, 3.12524665652e-23, 2.33931526516e-23, 5.60964708944e-24, 6.36334018108e-24, 3.85321191748e-23, 1.66183252674e-23, 3.76142858225e-23, 3.94847128941e-23, 2.85929703291e-23, 2.45487045045e-23, 3.1733554966e-23, 4.80827761128e-23, 4.61980927469e-23, 8.29146769473e-23, 1.05611965928e-22, 1.71095498997e-22, 2.08394622266e-22, 2.2214792621e-22, 2.75526798896e-22, 3.73071986804e-22, 4.33529175864e-22, 6.00210209235e-22, 7.84841930277e-22, 9.59359369041e-22, 1.65631356118e-21, 2.26926035256e-21],
        "var": [8.01322244115e-07, 0.000143239507452, 3.61870224879e-05, 1.34486708703e-06, 4.40030726168e-06, 1.7983422822e-06, 4.22423045165e-06, 4.30256113759e-06, 1.16192304631e-05, 1.3976234186e-05, 1.36468779601e-05, 4.67098789159e-06, 3.20582603308e-06, 2.63488959718e-06, 2.63550509771e-06, 1.40931194892e-06, 6.45209865979e-07, 4.87110014546e-07, 2.8297486665e-07, 1.88507613075e-07, 9.78565211085e-08, 1.15045175164e-07, 9.35133641633e-08, 6.94455266625e-08, 3.93613781569e-08, 4.83231854531e-09, 7.18334557961e-14]
    },
    "erbbands": {
        "dmean": [0.154628962278, 1.33049201965, 2.49428033829, 1.47950410843, 2.25793790817, 2.21338057518, 2.74865150452, 4.1078286171, 5.07206392288, 8.18077754974, 8.57196426392, 21.9697647095, 26.564786911, 25.1663188934, 27.0597553253, 18.1912307739, 19.9389762878, 23.5387783051, 23.8970241547, 25.0506839752, 14.8843193054, 13.3542041779, 12.1910476685, 11.2256526947, 6.02774858475, 6.59676027298, 4.56083965302, 3.53367471695, 3.32787227631, 2.97592806816, 2.34289717674, 1.74764716625, 1.08610463142, 0.659724533558, 0.264073252678, 0.0874378085136, 0.0161696188152, 0.000761990784667, 2.28848930419e-05, 1.06191901068e-05],
        "dmean2": [0.259116292, 2.24433279037, 3.86048150063, 2.43922996521, 3.6684319973, 3.59996652603, 4.30384016037, 6.45706176758, 8.06898403168, 12.4982233047, 13.6952190399, 34.5355186462, 41.9915084839, 38.0223007202, 40.9451828003, 28.161447525, 31.4639778137, 37.0110816956, 37.7814483643, 39.8404693604, 23.4159622192, 21.1446342468, 19.1024246216, 17.5722579956, 9.36274623871, 10.3187046051, 7.334856987, 5.68476629257, 5.31281423569, 4.66647195816, 3.53865146637, 2.62343478203, 1.62606990337, 0.972247838974, 0.382168889046, 0.126841932535, 0.0247248783708, 0.00129294709768, 3.57972130587e-05, 1.66361769516e-05],
        "dvar": [0.0604329444468, 4.80461359024, 41.119934082, 16.3730659485, 28.4471931458, 21.0908946991, 24.475189209, 66.495880127, 149.370010376, 481.630126953, 557.462585449, 2325.39257812, 4266.75390625, 5039.94628906, 5240.86230469, 2313.69873047, 3561.49414062, 2974.95019531, 2502.73681641, 3354.77905273, 1235.32763672, 796.411865234, 617.843139648, 472.177124023, 166.231948853, 150.435760498, 71.1157226562, 52.4370727539, 64.4983215332, 38.1934585571, 18.232673645, 11.4780006409, 4.56322002411, 1.98210859299, 0.430144101381, 0.0617979094386, 0.00335963908583, 1.81687591976e-05, 7.26427495934e-09, 1.789020182e-10],
        "dvar2": [0.174144208431, 14.0330247879, 88.7373199463, 41.3892402649, 70.9409255981, 50.839679718, 57.3913116455, 155.291229248, 340.970703125, 1046.51220703, 1299.91223145, 5169.17382812, 10817.6318359, 10099.4824219, 11647.8701172, 4997.87646484, 9386.43261719, 7015.80126953, 5965.34765625, 7879.79541016, 2940.63183594, 1848.44152832, 1453.96264648, 1149.78588867, 363.483001709, 366.841583252, 185.701690674, 135.864746094, 173.677093506, 100.535491943, 42.7512016296, 26.6713447571, 9.93630981445, 4.23656749725, 0.791655957699, 0.123764820397, 0.00737304799259, 4.87383804284e-05, 1.84586053109e-08, 4.29235785804e-10],
        "max": [3.1638109684, 21.2472667694, 76.3628311157, 63.2808265686, 90.7374343872, 136.083374023, 120.068351746, 158.140930176, 283.888031006, 1087.03979492, 978.963012695, 1109.88720703, 1943.0078125, 2016.16186523, 1811.68652344, 1164.97875977, 1819.18481445, 1791.19555664, 1087.59643555, 1376.8326416, 1086.13122559, 700.091430664, 535.161987305, 596.025756836, 723.171569824, 247.193710327, 137.515762329, 148.67288208, 160.182907104, 103.236541748, 105.394836426, 72.3472366333, 42.0818748474, 38.6572036743, 27.5932826996, 9.01697349548, 2.65982246399, 0.139079883695, 0.00291148107499, 0.000248531723628],
        "mean": [0.287120193243, 2.66712784767, 4.07478189468, 1.93355286121, 3.05184388161, 4.1112446785, 5.3424911499, 7.40101146698, 8.60708045959, 16.7600669861, 15.6711416245, 39.6254463196, 48.9764328003, 47.3608055115, 51.3611564636, 35.5556602478, 36.1876182556, 41.6005134583, 46.1797409058, 44.9921073914, 28.8064060211, 26.0936203003, 24.4526004791, 22.5340747833, 13.8846197128, 14.4100179672, 10.3214492798, 8.52523040771, 7.58141374588, 6.82973670959, 5.58541345596, 3.77337861061, 2.29143738747, 1.3319016695, 0.535732984543, 0.174352869391, 0.0259558539838, 0.000863247085363, 4.88367004436e-05, 3.94314120058e-05],
        "median": [0.204544663429, 1.73417365551, 1.85322833061, 0.753235340118, 0.851883471012, 1.21124768257, 2.1537733078, 2.8893904686, 2.51842498779, 3.29443264008, 5.32907247543, 11.0327091217, 13.4834823608, 11.1693229675, 12.1241436005, 10.4687480927, 11.7736721039, 15.9240350723, 17.1300125122, 16.0910606384, 11.573595047, 10.8228435516, 11.2777767181, 11.9310007095, 6.68561267853, 6.45366764069, 4.49282741547, 3.00283789635, 2.35150909424, 2.28978943825, 1.93421268463, 1.135835886, 0.616754889488, 0.395481407642, 0.158880114555, 0.051149122417, 0.00727583933622, 0.000182024872629, 2.5661482141e-05, 3.32231757056e-05],
        "min": [6.43188007684e-22, 6.13155908939e-21, 1.69419368745e-20, 3.0770433778e-20, 3.24790141073e-20, 1.27654664188e-20, 8.10998310209e-20, 2.6575278734e-19, 3.70080373412e-19, 6.0249162991e-19, 1.03586246127e-18, 9.27666203173e-19, 9.08093765712e-19, 1.28285042377e-18, 1.53336010773e-18, 1.40075312937e-18, 1.60722402771e-18, 2.69471310575e-18, 3.89578907455e-18, 5.11761921172e-18, 5.74478920652e-18, 9.10565381382e-18, 1.40897065177e-17, 1.03963814786e-17, 1.2879044146e-17, 1.47261872574e-17, 1.64068759871e-17, 1.09005306911e-17, 1.14858726439e-17, 2.08063816587e-17, 1.67185907291e-17, 1.52530649117e-17, 1.31179173632e-17, 1.09789366598e-17, 5.95672280562e-18, 5.28273314738e-18, 3.06299335321e-18, 1.29848403395e-18, 2.70365275683e-19, 3.36882099912e-20],
        "var": [0.100661754608, 8.80225563049, 56.1692085266, 16.0806026459, 37.9375114441, 66.7831497192, 72.7684249878, 167.48286438, 420.668029785, 2707.08056641, 2016.72973633, 7076.84570312, 13028.9980469, 17552.9804688, 15171.6689453, 7507.60302734, 7920.75537109, 5894.81298828, 6947.20556641, 7129.78466797, 2655.22338867, 1861.0447998, 1314.26269531, 997.991210938, 568.270751953, 465.430633545, 194.419692993, 157.62612915, 143.02494812, 115.465515137, 72.7576370239, 38.4532623291, 16.5905895233, 6.65028858185, 1.58565318584, 0.244815409184, 0.00813244655728, 1.73680837179e-05, 1.14188241085e-08, 8.75419403634e-10]
    },
    "gfcc": {
        "mean": [-9.43997192383, 79.6034545898, -132.868637085, 43.375164032, -58.1241950989, 34.5457229614, -32.7086753845, 19.8902931213, -17.5365142822, 3.90939950943, -11.7407875061, -1.03270483017, -3.13500499725],
        "cov": [[6851.55859375, -345.693634033, -448.938537598, 210.087982178, -154.221282959, 278.460906982, -200.903106689, 231.945175171, -192.145126343, 231.023620605, -115.489356995, 127.146354675, -125.901130676], [-345.693634033, 1096.94274902, 414.846252441, 256.446014404, 329.611480713, 19.9578132629, 251.417510986, -1.93275284767, 179.003616333, -43.4437026978, 198.82144165, -64.2971191406, 88.3937759399], [-448.938537598, 414.846252441, 1344.24816895, 718.278869629, 295.473968506, 230.944412231, 71.1748352051, 47.2516365051, 139.403259277, 70.7361755371, 116.519187927, 19.4120998383, 24.7730731964], [210.087982178, 256.446014404, 718.278869629, 776.206176758, 301.436279297, 205.205505371, 138.506134033, 70.6292724609, 158.893569946, 53.8953781128, 86.6147613525, 20.9657878876, 49.5666351318], [-154.221282959, 329.611480713, 295.473968506, 301.436279297, 417.762939453, 165.474319458, 218.345916748, 105.258651733, 123.495170593, 34.836101532, 67.03565979, 12.289683342, 44.694606781], [278.460906982, 19.9578132629, 230.944412231, 205.205505371, 165.474319458, 337.53237915, 186.159851074, 63.5138130188, 58.9460411072, 49.1398696899, 40.9902191162, 10.870057106, 5.60827302933], [-200.903106689, 251.417510986, 71.1748352051, 138.506134033, 218.345916748, 186.159851074, 361.307739258, 97.7086334229, 120.356933594, 17.8056812286, 68.1333999634, -5.95124101639, 24.751039505], [231.945175171, -1.93275284767, 47.2516365051, 70.6292724609, 105.258651733, 63.5138130188, 97.7086334229, 204.67565918, 97.0182495117, 50.1036529541, 25.0455226898, 23.1978206635, 17.5561351776], [-192.145126343, 179.003616333, 139.403259277, 158.893569946, 123.495170593, 58.9460411072, 120.356933594, 97.0182495117, 196.801483154, 40.6648406982, 61.7800178528, 1.06382060051, 34.8669395447], [231.023620605, -43.4437026978, 70.7361755371, 53.8953781128, 34.836101532, 49.1398696899, 17.8056812286, 50.1036529541, 40.6648406982, 122.143844604, 37.2792549133, 34.2193145752, -11.9463157654], [-115.489356995, 198.82144165, 116.519187927, 86.6147613525, 67.03565979, 40.9902191162, 68.1333999634, 25.0455226898, 61.7800178528, 37.2792549133, 161.287368774, 25.4780712128, 35.7375907898], [127.146354675, -64.2971191406, 19.4120998383, 20.9657878876, 12.289683342, 10.870057106, -5.95124101639, 23.1978206635, 1.06382060051, 34.2193145752, 25.4780712128, 106.545227051, 28.014257431], [-125.901130676, 88.3937759399, 24.7730731964, 49.5666351318, 44.694606781, 5.60827302933, 24.751039505, 17.5561351776, 34.8669395447, -11.9463157654, 35.7375907898, 28.014257431, 99.8213500977]],
        "icov": [[0.000353420211468, -0.00062899797922, 0.000587069720495, -0.000681234989315, 0.000577175349463, -0.000849294126965, 0.000724096724298, -0.000965671031736, 0.000843398331199, -0.000717443122994, 0.000603424734436, -0.000567118462641, 0.000537572428584], [-0.00062899797922, 0.00369827193208, -0.00178722850978, 0.00175183545798, -0.00258679315448, 0.00299447984435, -0.0025301380083, 0.00301823136397, -0.00245717586949, 0.00233695213683, -0.00336809968576, 0.00271745841019, -0.00182690320071], [0.000587069720495, -0.00178722850978, 0.0028066849336, -0.00260745710693, 0.00107597839087, -0.00232399487868, 0.0022880488541, -0.00183635728899, 0.00153287593275, -0.00147087371442, 0.00106823409442, -0.00135932362173, 0.00161330529954], [-0.000681234989315, 0.00175183545798, -0.00260745710693, 0.00465287221596, -0.00243885535747, 0.00139887677506, -0.00147497095168, 0.00251179770567, -0.0029730561655, 0.00158020691015, -0.00140687823296, 0.00125998223666, -0.00175878312439], [0.000577175349463, -0.00258679315448, 0.00107597839087, -0.00243885535747, 0.00673472043127, -0.0024941964075, -0.000113109534141, -0.00326779298484, 0.00188219884876, -0.00191671517678, 0.00244350265712, -0.00189141847659, 0.000459254864836], [-0.000849294126965, 0.00299447984435, -0.00232399487868, 0.00139887677506, -0.0024941964075, 0.0080511700362, -0.00504018180072, 0.00284901540726, -0.00134912028443, 0.000803834351245, -0.0023575827945, 0.00228831009008, -0.00165834266227], [0.000724096724298, -0.0025301380083, 0.0022880488541, -0.00147497095168, -0.000113109534141, -0.00504018180072, 0.00820936821401, -0.00326300924644, 0.000176455854671, -0.000467746081995, 0.000939015182666, -0.00146194419358, 0.00214698328637], [-0.000965671031736, 0.00301823136397, -0.00183635728899, 0.00251179770567, -0.00326779298484, 0.00284901540726, -0.00326300924644, 0.0107428478077, -0.00572579167783, 0.000610107264947, -0.00176525849383, 0.00121328688692, -0.00209494587034], [0.000843398331199, -0.00245717586949, 0.00153287593275, -0.0029730561655, 0.00188219884876, -0.00134912028443, 0.000176455854671, -0.00572579167783, 0.0120362043381, -0.00408696755767, 0.000931556744035, 0.000100749821286, -0.000523256836459], [-0.000717443122994, 0.00233695213683, -0.00147087371442, 0.00158020691015, -0.00191671517678, 0.000803834351245, -0.000467746081995, 0.000610107264947, -0.00408696755767, 0.0140952235088, -0.00446857418865, -0.00191881251521, 0.00268053472973], [0.000603424734436, -0.00336809968576, 0.00106823409442, -0.00140687823296, 0.00244350265712, -0.0023575827945, 0.000939015182666, -0.00176525849383, 0.000931556744035, -0.00446857418865, 0.0116154160351, -0.00342575390823, -0.000764153082855], [-0.000567118462641, 0.00271745841019, -0.00135932362173, 0.00125998223666, -0.00189141847659, 0.00228831009008, -0.00146194419358, 0.00121328688692, 0.000100749821286, -0.00191881251521, -0.00342575390823, 0.0142420371994, -0.00557782966644], [0.000537572428584, -0.00182690320071, 0.00161330529954, -0.00175878312439, 0.000459254864836, -0.00165834266227, 0.00214698328637, -0.00209494587034, -0.000523256836459, 0.00268053472973, -0.000764153082855, -0.00557782966644, 0.0148527966812]]
    },
    "melbands": {
        "dmean": [0.00145468208939, 0.00136647000909, 0.000273976940662, 0.000163354809047, 9.47416920098e-05, 9.20679012779e-05, 7.81397393439e-05, 8.7341053586e-05, 8.25854585855e-05, 0.000142916178447, 0.0001336663845, 0.000104095459392, 0.000104842169094, 5.3839507018e-05, 4.87401885039e-05, 4.2996587581e-05, 4.85224809381e-05, 4.09276035498e-05, 3.61564307241e-05, 3.11239855364e-05, 1.8094877305e-05, 1.60413583217e-05, 1.31607966978e-05, 1.22840256154e-05, 9.9229728221e-06, 5.6595508795e-06, 4.40452822659e-06, 4.87765873913e-06, 3.47792024513e-06, 2.39066957874e-06, 2.33318291976e-06, 2.09309473576e-06, 2.02714090847e-06, 1.73855380581e-06, 1.49442576003e-06, 1.29945306071e-06, 1.10866790237e-06, 8.73531632806e-07, 6.4500852659e-07, 5.77582852657e-07],
        "dmean2": [0.00245207129046, 0.0021554005798, 0.000447037775302, 0.000266817369265, 0.000148260340211, 0.000144869773067, 0.000123716352391, 0.000132738787215, 0.000132176675834, 0.000224906340009, 0.000211886610487, 0.000158027149155, 0.000159514456755, 8.37219195091e-05, 7.60462644394e-05, 6.88554500812e-05, 7.63876741985e-05, 6.50489237159e-05, 5.70960000914e-05, 4.99078378198e-05, 2.89580184472e-05, 2.55444192589e-05, 2.09036916203e-05, 1.93745308934e-05, 1.57451122504e-05, 8.93313972483e-06, 7.03669275026e-06, 7.72779185354e-06, 5.68130872125e-06, 3.88918442695e-06, 3.80602864425e-06, 3.39645248459e-06, 3.23084395859e-06, 2.79448772744e-06, 2.3234301807e-06, 1.97291910808e-06, 1.69663576344e-06, 1.33576929784e-06, 9.79232481768e-07, 8.61544435793e-07],
        "dvar": [5.11393000124e-06, 7.9763285612e-06, 4.37147548382e-07, 1.29100214963e-07, 2.80384870877e-08, 3.11590575564e-08, 3.1448742277e-08, 5.61024258161e-08, 4.54765896052e-08, 9.5635904529e-08, 1.08325323822e-07, 8.53147241742e-08, 8.65378382287e-08, 1.97026182036e-08, 1.84373600831e-08, 1.34124116258e-08, 1.41078988491e-08, 7.8860873387e-09, 5.96085270033e-09, 5.71862823762e-09, 2.26978991158e-09, 1.23730348189e-09, 8.45472580835e-10, 5.73387948233e-10, 4.06902400663e-10, 2.01288055668e-10, 8.1966329557e-11, 8.04642880103e-11, 4.3363604374e-11, 1.96846774991e-11, 2.54696107954e-11, 2.6413829457e-11, 1.9686058339e-11, 1.33019151249e-11, 7.60841563363e-12, 5.78016974562e-12, 4.83546579513e-12, 3.02572094983e-12, 1.78105110955e-12, 1.58800316646e-12],
        "dvar2": [1.54502959049e-05, 1.86039724213e-05, 1.07730500076e-06, 3.31248713792e-07, 6.45281943434e-08, 7.26888984559e-08, 7.11299250611e-08, 1.2004076666e-07, 1.07335566213e-07, 2.16943931264e-07, 2.70848630635e-07, 1.71730462739e-07, 1.93044400021e-07, 4.04506756979e-08, 4.10047427124e-08, 3.43164039407e-08, 3.32248646373e-08, 1.8688322001e-08, 1.40004132732e-08, 1.33570194905e-08, 5.53781376311e-09, 2.81353607079e-09, 2.00473859735e-09, 1.36962163833e-09, 1.00201524855e-09, 4.23672513739e-10, 2.01584887671e-10, 1.97615146469e-10, 1.14351729474e-10, 5.16686762819e-11, 6.55741294597e-11, 7.22716608781e-11, 5.25968955889e-11, 3.55863949419e-11, 1.87558562431e-11, 1.34258186166e-11, 1.16364782393e-11, 6.78924538117e-12, 4.0122371571e-12, 3.50170478551e-12],
        "max": [0.0243313517421, 0.0333475545049, 0.00953432079405, 0.0069367941469, 0.00360371498391, 0.00308381114155, 0.00420289766043, 0.0101939020678, 0.00850474182516, 0.00707069924101, 0.00983054190874, 0.00793187506497, 0.00752876559272, 0.00451730657369, 0.00338287302293, 0.00330682657659, 0.00410281447694, 0.00239413487725, 0.00148223969154, 0.00171174411662, 0.00161264918279, 0.00100898474921, 0.000842016481329, 0.000545852119103, 0.000566833710764, 0.000859603169374, 0.000255687889876, 0.000182490897714, 9.9572018371e-05, 0.000100015058706, 0.000125635007862, 0.00010382286564, 9.05812921701e-05, 6.47536508041e-05, 6.77031057421e-05, 4.07973529946e-05, 4.65569210064e-05, 3.38162353728e-05, 3.12654556183e-05, 3.3703938243e-05],
        "mean": [0.00296791642904, 0.00276147318073, 0.000380186742404, 0.000260844390141, 0.000192265957594, 0.000169129794813, 0.000136280112201, 0.00017508964811, 0.000141578449984, 0.000254650745774, 0.00023817960755, 0.000184487886145, 0.000191028884728, 9.61488985922e-05, 8.43356028781e-05, 7.20248062862e-05, 7.84214716987e-05, 7.34758577892e-05, 6.27955596428e-05, 5.16478903592e-05, 3.11777657771e-05, 2.76307437161e-05, 2.35988354689e-05, 2.2345004254e-05, 1.80704628292e-05, 1.10475921247e-05, 9.25961830944e-06, 9.52399841481e-06, 6.74213788443e-06, 5.16222326041e-06, 4.91330501973e-06, 4.28177327194e-06, 4.12052986576e-06, 3.67570214621e-06, 3.30724583364e-06, 2.74675448964e-06, 2.13231260204e-06, 1.68978999682e-06, 1.29478087274e-06, 1.06464960936e-06],
        "median": [0.00231644092128, 0.00166374363471, 0.000146365258843, 7.60788025218e-05, 7.95460800873e-05, 6.70784356771e-05, 3.81820500479e-05, 3.40377519024e-05, 4.26093029091e-05, 6.84304250171e-05, 5.72516692046e-05, 3.72546746803e-05, 3.64074767276e-05, 2.67694776994e-05, 2.32455204241e-05, 2.23888164328e-05, 2.64854934358e-05, 2.3351787604e-05, 2.06242257264e-05, 1.55997440743e-05, 1.11914814624e-05, 1.0640707842e-05, 9.01011662791e-06, 1.01456589618e-05, 9.12282121135e-06, 4.93882362207e-06, 3.72758950107e-06, 4.08031473853e-06, 2.79329310615e-06, 1.87377008842e-06, 1.62923834068e-06, 1.315442546e-06, 1.22754386211e-06, 1.20600850551e-06, 1.12153634291e-06, 8.84666519596e-07, 5.80689857088e-07, 4.26922952101e-07, 3.74492401534e-07, 3.06422691665e-07],
        "min": [1.05090503626e-23, 9.18469963088e-24, 5.78839665968e-24, 1.47895681954e-24, 2.60979878793e-24, 6.9911772206e-24, 4.94260247964e-24, 7.37230195633e-24, 6.84589034111e-24, 5.43083046603e-24, 4.33396946999e-24, 5.05417778278e-24, 3.75534039044e-24, 4.02637998127e-24, 2.82575872985e-24, 4.26768779901e-24, 4.90271017809e-24, 5.57112661701e-24, 7.35891340904e-24, 5.69168980688e-24, 5.53514982657e-24, 7.67251086242e-24, 7.85135746254e-24, 1.11007804496e-23, 7.88508284396e-24, 8.90430612187e-24, 9.92535245732e-24, 9.85336968858e-24, 9.38825335456e-24, 9.15782313984e-24, 4.65154869878e-24, 4.40856297389e-24, 1.27053921618e-23, 1.05070190458e-23, 1.00488967525e-23, 7.60167430857e-24, 9.07322017434e-24, 8.43141871907e-24, 1.00788908219e-23, 7.92426240968e-24],
        "var": [9.22982326301e-06, 1.38869409056e-05, 4.77223295547e-07, 2.1743234413e-07, 9.21452638636e-08, 8.17084568894e-08, 1.00433865668e-07, 2.84633784986e-07, 1.61105745633e-07, 2.84808237438e-07, 3.34796510515e-07, 2.91422566079e-07, 2.47679651011e-07, 5.89194293354e-08, 4.35054907655e-08, 2.92203914398e-08, 2.54901770802e-08, 1.95819609417e-08, 1.336592792e-08, 1.16970557684e-08, 4.22863877247e-09, 2.55435339547e-09, 1.85388926432e-09, 1.15701204173e-09, 7.4524109106e-10, 5.98822158526e-10, 2.58332605307e-10, 2.10759534824e-10, 9.42042346908e-11, 5.47113084004e-11, 6.2475365159e-11, 4.83078854696e-11, 4.72874794877e-11, 3.50933830606e-11, 2.60456708284e-11, 1.9235489937e-11, 1.38142414174e-11, 9.60806087469e-12, 5.74560234459e-12, 4.72769436446e-12]
    },
    "mfcc": {
        "mean": [-642.361755371, 98.7245483398, -7.14026641846, 15.6173753738, 7.25035190582, 12.1448917389, 5.49627161026, 12.6855516434, 6.01724910736, 9.02851867676, 2.32036709785, 0.863456189632, -0.944837629795],
        "cov": [[6640.69970703, -611.419311523, -422.700042725, -183.127487183, -88.8006896973, -39.4538879395, 11.3555631638, -50.1180496216, -24.6131057739, 50.8471450806, 2.19544959068, -8.95778179169, 50.575881958], [-611.419311523, 892.913696289, 99.6293334961, 167.481369019, 117.04271698, 54.6291275024, 125.877288818, 70.3085861206, 36.3017807007, 54.4754257202, 52.7821807861, 56.5055923462, 53.6195487976], [-422.700042725, 99.6293334961, 1098.78967285, 468.79901123, 373.758880615, 259.769714355, 103.017883301, 62.8382644653, 48.5460357666, 37.9933128357, 67.3194732666, 119.00025177, 71.9333190918], [-183.127487183, 167.481369019, 468.79901123, 586.018676758, 304.871398926, 181.30758667, 102.347709656, 111.557632446, 105.325424194, 65.3195037842, 71.0289840698, 98.3107452393, 80.8890075684], [-88.8006896973, 117.04271698, 373.758880615, 304.871398926, 358.305847168, 132.041641235, 91.3851699829, 78.6622848511, 84.3297958374, 56.3209495544, 46.0779495239, 69.5075302124, 64.9537734985], [-39.4538879395, 54.6291275024, 259.769714355, 181.30758667, 132.041641235, 335.494110107, 159.476470947, 112.376472473, 80.5004653931, 62.9622688293, 75.8180007935, 40.857421875, 50.4020652771], [11.3555631638, 125.877288818, 103.017883301, 102.347709656, 91.3851699829, 159.476470947, 236.088104248, 122.693557739, 70.7335357666, 72.6925888062, 66.952003479, 39.6809043884, 54.5239562988], [-50.1180496216, 70.3085861206, 62.8382644653, 111.557632446, 78.6622848511, 112.376472473, 122.693557739, 191.488830566, 117.239608765, 70.077293396, 60.3591918945, 49.3164901733, 48.2766799927], [-24.6131057739, 36.3017807007, 48.5460357666, 105.325424194, 84.3297958374, 80.5004653931, 70.7335357666, 117.239608765, 191.21232605, 78.0713195801, 61.980014801, 46.9532814026, 37.4426193237], [50.8471450806, 54.4754257202, 37.9933128357, 65.3195037842, 56.3209495544, 62.9622688293, 72.6925888062, 70.077293396, 78.0713195801, 135.30116272, 69.0014572144, 35.1885719299, 34.1754455566], [2.19544959068, 52.7821807861, 67.3194732666, 71.0289840698, 46.0779495239, 75.8180007935, 66.952003479, 60.3591918945, 61.980014801, 69.0014572144, 121.455291748, 66.85521698, 44.6307754517], [-8.95778179169, 56.5055923462, 119.00025177, 98.3107452393, 69.5075302124, 40.857421875, 39.6809043884, 49.3164901733, 46.9532814026, 35.1885719299, 66.85521698, 127.730163574, 68.9623031616], [50.575881958, 53.6195487976, 71.9333190918, 80.8890075684, 64.9537734985, 50.4020652771, 54.5239562988, 48.2766799927, 37.4426193237, 34.1754455566, 44.6307754517, 68.9623031616, 119.674224854]],
