{
"lowlevel": {
    "average_loudness": 0.740078747272,
    "barkbands_crest": {
        "dmean": 2.57337236404,
        "dmean2": 4.22538137436,
        "dvar": 6.43603420258,
        "dvar2": 17.0370979309,
        "max": 26.0825710297,
        "mean": 9.79575443268,
        "median": 8.92247009277,
        "min": 2.65779590607,
        "var": 16.0177230835
    },
    "barkbands_flatness_db": {
        "dmean": 0.0205908026546,
        "dmean2": 0.0334133803844,
        "dvar": 0.000504467636347,
        "dvar2": 0.00137729628477,
        "max": 0.591236352921,
        "mean": 0.198468223214,
        "median": 0.189243197441,
        "min": 0.0642236098647,
        "var": 0.00241168076172
    },
    "barkbands_kurtosis": {
        "dmean": 2.98631572723,
        "dmean2": 4.86262893677,
        "dvar": 84.1920318604,
        "dvar2": 222.260543823,
        "max": 280.427459717,
        "mean": 3.7771422863,
        "median": 0.456453204155,
        "min": -1.96111512184,
        "var": 154.206359863
    },
    "barkbands_skewness": {
        "dmean": 0.536889612675,
        "dmean2": 0.828138649464,
        "dvar": 0.510264456272,
        "dvar2": 1.29495286942,
        "max": 14.6146068573,
        "mean": 1.28557252884,
        "median": 0.992967188358,
        "min": -2.57073831558,
        "var": 2.0371568203
    },
    "barkbands_spread": {
        "dmean": 5.22023248672,
        "dmean2": 8.18596935272,
        "dvar": 37.663028717,
        "dvar2": 89.5371017456,
        "max": 82.5644989014,
        "mean": 23.8940868378,
        "median": 23.0316162109,
        "min": 0.488522589207,
        "var": 135.599395752
    },
    "dissonance": {
        "dmean": 0.0207258407027,
        "dmean2": 0.0349983200431,
        "dvar": 0.000427718245191,
        "dvar2": 0.00118539109826,
        "max": 0.500000059605,
        "mean": 0.458350539207,
        "median": 0.467090547085,
        "min": 0.176359191537,
        "var": 0.00115873280447
    },
    "dynamic_complexity": 3.12422060966,
    "erbbands_crest": {
        "dmean": 2.6569917202,
        "dmean2": 4.23931407928,
        "dvar": 5.90320825577,
        "dvar2": 14.2435522079,
        "max": 29.9946498871,
        "mean": 10.9446249008,
        "median": 9.88279914856,
        "min": 2.57793784142,
        "var": 25.9562129974
    },
    "erbbands_flatness_db": {
        "dmean": 0.0141566712409,
        "dmean2": 0.0206834971905,
        "dvar": 0.000178057191079,
        "dvar2": 0.000352092669345,
        "max": 0.471693366766,
        "mean": 0.222730726004,
        "median": 0.217961534858,
        "min": 0.0883402824402,
        "var": 0.00234467186965
    },
    "erbbands_kurtosis": {
        "dmean": 0.888862252235,
        "dmean2": 1.39645504951,
        "dvar": 2.95829892159,
        "dvar2": 7.05637359619,
        "max": 55.1134757996,
        "mean": 0.545276224613,
        "median": -0.151363730431,
        "min": -1.93130517006,
        "var": 8.68996047974
    },
    "erbbands_skewness": {
        "dmean": 0.344231128693,
        "dmean2": 0.51557713747,
        "dvar": 0.122717030346,
        "dvar2": 0.265402317047,
        "max": 6.80360984802,
        "mean": 0.18346594274,
        "median": 0.234951913357,
        "min": -3.21170377731,
        "var": 0.814973175526
    },
    "erbbands_spread": {
        "dmean": 7.24392127991,
        "dmean2": 10.9632978439,
        "dvar": 71.3008956909,
        "dvar2": 152.231460571,
        "max": 165.35786438,
        "mean": 38.2413215637,
        "median": 32.7456512451,
        "min": 2.12466406822,
        "var": 435.210632324
    },
    "hfc": {
        "dmean": 4.61567497253,
        "dmean2": 6.96166086197,
        "dvar": 35.867729187,
        "dvar2": 75.7389068604,
        "max": 83.3132553101,
        "mean": 21.8949775696,
        "median": 20.78565979,
        "min": 1.14466841352e-16,
        "var": 236.578109741
    },
    "melbands_crest": {
        "dmean": 3.074447155,
        "dmean2": 5.01008749008,
        "dvar": 7.92592811584,
        "dvar2": 21.1277160645,
        "max": 34.5352210999,
        "mean": 12.8633127213,
        "median": 11.9499187469,
        "min": 1.72448158264,
        "var": 23.0365486145
    },
    "melbands_flatness_db": {
        "dmean": 0.0248627495021,
        "dmean2": 0.0385687686503,
        "dvar": 0.000777908833697,
        "dvar2": 0.0019809640944,
        "max": 0.730802237988,
        "mean": 0.219702318311,
        "median": 0.207452580333,
        "min": 0.0061102528125,
        "var": 0.00431503076106
    },
    "melbands_kurtosis": {
        "dmean": 7.39035367966,
        "dmean2": 11.912115097,
        "dvar": 316.172729492,
        "dvar2": 816.30480957,
        "max": 561.498474121,
        "mean": 13.3450574875,
        "median": 4.34965515137,
        "min": -1.79562008381,
        "var": 859.287353516
    },
    "melbands_skewness": {
        "dmean": 0.733810424805,
        "dmean2": 1.14281857014,
        "dvar": 0.92748105526,
        "dvar2": 2.33956718445,
        "max": 19.1631660461,
        "mean": 2.42482352257,
        "median": 1.92041897774,
        "min": -1.29598176479,
        "var": 3.91514706612
    },
    "melbands_spread": {
        "dmean": 7.16499471664,
        "dmean2": 11.0088176727,
        "dvar": 76.8944549561,
        "dvar2": 175.435409546,
        "max": 145.223297119,
        "mean": 28.5994720459,
        "median": 26.4119720459,
        "min": 0.545362055302,
        "var": 312.341278076
    },
    "pitch_salience": {
        "dmean": 0.0688173100352,
        "dmean2": 0.111913733184,
        "dvar": 0.00420925114304,
        "dvar2": 0.0109561653808,
        "max": 0.869129002094,
        "mean": 0.519309461117,
        "median": 0.513948559761,
        "min": 0.0662342831492,
        "var": 0.012903588824
    },
    "silence_rate_20dB": {
        "dmean": 0,
        "dmean2": 0,
        "dvar": 0,
        "dvar2": 0,
        "max": 1,
        "mean": 1,
        "median": 1,
        "min": 1,
        "var": 0
    },
    "silence_rate_30dB": {
        "dmean": 0.0275830365717,
        "dmean2": 0.0551724135876,
        "dvar": 0.0268230251968,
        "dvar2": 0.05879689008,
        "max": 1,
        "mean": 0.975637793541,
        "median": 1,
        "min": 0,
        "var": 0.0237695872784
    },
    "silence_rate_60dB": {
        "dmean": 0.0172393973917,
        "dmean2": 0.0344827584922,
        "dvar": 0.0169376507401,
        "dvar2": 0.0369727909565,
        "max": 1,
        "mean": 0.0804412811995,
        "median": 0,
        "min": 0,
        "var": 0.0739690437913
    },
    "spectral_centroid": {
        "dmean": 243.402282715,
        "dmean2": 366.392852783,
        "dvar": 75215.5234375,
        "dvar2": 149457.625,
        "max": 10648.3779297,
        "mean": 1655.68920898,
        "median": 1684.80444336,
        "min": 165.139907837,
        "var": 474159.3125
    },
    "spectral_complexity": {
        "dmean": 2.64544296265,
        "dmean2": 4.2513794899,
        "dvar": 9.59705924988,
        "dvar2": 23.1414470673,
        "max": 51,
        "mean": 15.9665594101,
        "median": 16,
        "min": 0,
        "var": 66.2753372192
    },
    "spectral_decrease": {
        "dmean": 2.64291033503e-09,
        "dmean2": 4.47337233922e-09,
        "dvar": 5.29689274239e-17,
        "dvar2": 1.48268233743e-16,
        "max": 4.61784285274e-29,
        "mean": -6.53408838147e-09,
        "median": -5.34142330366e-09,
        "min": -9.04618389086e-08,
        "var": 5.12820745443e-17
    },
    "spectral_energy": {
        "dmean": 0.0102856317535,
        "dmean2": 0.0173268541694,
        "dvar": 0.000765322241932,
        "dvar2": 0.00213783071376,
        "max": 0.34505212307,
        "mean": 0.0266470778733,
        "median": 0.022079192102,
        "min": 1.05970463703e-20,
        "var": 0.000773801642936
    },
    "spectral_energyband_high": {
        "dmean": 0.000252823287155,
        "dmean2": 0.000388864340493,
        "dvar": 1.80987981935e-07,
        "dvar2": 4.19836624133e-07,
        "max": 0.00818031188101,
        "mean": 0.00073262891965,
        "median": 0.000492607767228,
        "min": 7.5553877435e-21,
        "var": 6.06767684985e-07
    },
    "spectral_energyband_low": {
        "dmean": 0.00756489252672,
        "dmean2": 0.0133122047409,
        "dvar": 0.000748008431401,
        "dvar2": 0.00212400220335,
        "max": 0.334471285343,
        "mean": 0.0093501014635,
        "median": 0.00455805798993,
        "min": 5.6851596163e-23,
        "var": 0.000540470588021
    },
    "spectral_energyband_middle_high": {
        "dmean": 0.00210352311842,
        "dmean2": 0.00317050213926,
        "dvar": 8.3211589299e-06,
        "dvar2": 1.89171605598e-05,
        "max": 0.0587791725993,
        "mean": 0.00830907188356,
        "median": 0.00632188748568,
        "min": 1.58451464752e-21,
        "var": 6.28465495538e-05
    },
    "spectral_energyband_middle_low": {
        "dmean": 0.00331807835028,
        "dmean2": 0.00529314344749,
        "dvar": 2.96478228847e-05,
        "dvar2": 7.68511235947e-05,
        "max": 0.100966215134,
        "mean": 0.00936200562865,
        "median": 0.00710278842598,
        "min": 2.37679297391e-22,
        "var": 7.56059525884e-05
    },
    "spectral_entropy": {
        "dmean": 0.141945213079,
        "dmean2": 0.204096138477,
        "dvar": 0.0218443144113,
        "dvar2": 0.0406879447401,
        "max": 9.82308101654,
        "mean": 7.2712392807,
        "median": 7.36372375488,
        "min": 3.94446158409,
        "var": 0.257935553789
    },
    "spectral_flux": {
        "dmean": 0.0273351445794,
        "dmean2": 0.0446994714439,
        "dvar": 0.00153539795429,
        "dvar2": 0.0032180363778,
        "max": 0.543122947216,
        "mean": 0.0850691646338,
        "median": 0.0756732001901,
        "min": 6.72336977758e-11,
        "var": 0.00331059820019
    },
    "spectral_kurtosis": {
        "dmean": 2.27332258224,
        "dmean2": 3.9404861927,
        "dvar": 39.2853431702,
        "dvar2": 98.7321166992,
        "max": 335.868927002,
        "mean": 3.32867574692,
        "median": 1.83673548698,
        "min": -1.40855693817,
        "var": 103.078010559
    },
    "spectral_rms": {
        "dmean": 0.000778280780651,
        "dmean2": 0.00124675827101,
        "dvar": 1.77718368377e-06,
        "dvar2": 4.6676382226e-06,
        "max": 0.0183476489037,
        "mean": 0.00464804237708,
        "median": 0.00464119296521,
        "min": 3.21536655808e-12,
        "var": 4.39290170107e-06
    },
    "spectral_rolloff": {
        "dmean": 465.162597656,
        "dmean2": 793.373596191,
        "dvar": 566933.5,
        "dvar2": 1271680.875,
        "max": 19035.3515625,
        "mean": 1612.10437012,
        "median": 1356.59179688,
        "min": 64.599609375,
        "var": 1405183.25
    },
    "spectral_skewness": {
        "dmean": 0.258280575275,
        "dmean2": 0.431673139334,
        "dvar": 0.102668367326,
        "dvar2": 0.252089560032,
        "max": 14.9269275665,
        "mean": 1.00950145721,
        "median": 0.899388194084,
        "min": -0.513548672199,
        "var": 0.531271874905
    },
    "spectral_spread": {
        "dmean": 302444.875,
        "dmean2": 446967.34375,
        "dvar": 217811992576,
        "dvar2": 356885725184,
        "max": 40533372,
        "mean": 3582125.5,
        "median": 3448438.5,
        "min": 354265.65625,
        "var": 1.35102319821e+12
    },
    "spectral_strongpeak": {
        "dmean": 0.852259933949,
        "dmean2": 1.46360456944,
        "dvar": 1.80324196815,
        "dvar2": 4.49000406265,
        "max": 12.3098754883,
        "mean": 1.57694530487,
        "median": 0.667769908905,
        "min": 0,
        "var": 3.60281276703
    },
    "zerocrossingrate": {
        "dmean": 0.00794359110296,
        "dmean2": 0.00971011817455,
        "dvar": 8.43592715682e-05,
        "dvar2": 0.000116751136375,
        "max": 0.57958984375,
        "mean": 0.0611070916057,
        "median": 0.05908203125,
        "min": 0.00341796875,
        "var": 0.000653266848531
    },
    "barkbands": {
        "dmean": [0.00025147353881, 0.00588592607528, 0.00181257014628, 0.0011658143485, 0.00141888530925, 0.000883322965819, 0.000762402487453, 0.0003404248273, 0.000473139312817, 0.000684934959281, 0.000911735929549, 0.000546174764168, 0.000371572008589, 0.000267247785814, 0.000251552031841, 0.000241521251155, 0.000313133059535, 0.000225056370255, 0.000294743978884, 0.000280580308754, 6.64991166559e-05, 5.4991167417e-05, 5.78035105718e-05, 2.53798789345e-05, 3.46429203546e-07, 1.11678077896e-09, 1.08577091762e-09],
        "dmean2": [0.000437487964518, 0.010531890206, 0.00314458017237, 0.00193041400053, 0.00234427698888, 0.00140186410863, 0.00122634740546, 0.000544419395737, 0.000728386919945, 0.00103569845669, 0.00136282085441, 0.000795449712314, 0.000562556379009, 0.000412802241044, 0.00037568656262, 0.00036533997627, 0.000460912822746, 0.000348166766344, 0.000451673899079, 0.000429054489359, 0.000107009342173, 8.8918954134e-05, 8.94540498848e-05, 3.86346619052e-05, 5.2841659226e-07, 2.04956585037e-09, 2.02373873215e-09],
        "dvar": [5.07090078372e-07, 0.000546701718122, 2.35434308706e-05, 6.79520144331e-06, 7.33682009013e-06, 3.12093629873e-06, 2.83428312287e-06, 8.93855485629e-07, 1.13193675588e-06, 2.38986444856e-06, 4.02017303713e-06, 2.6211948807e-06, 1.06233994757e-06, 5.52768881334e-07, 4.19831621912e-07, 4.21943354922e-07, 6.54176972148e-07, 1.85602601732e-07, 2.64024180296e-07, 2.45757490802e-07, 2.17719460238e-08, 1.48122607513e-08, 1.09927906777e-08, 2.62797539285e-09, 2.65306938745e-12, 3.63705814588e-18, 3.38846245447e-18],
        "dvar2": [1.40437032314e-06, 0.0015690329019, 6.57475466141e-05, 1.84784912562e-05, 1.94577423827e-05, 7.60998364058e-06, 7.19416766515e-06, 2.14633064388e-06, 2.39724749918e-06, 5.46706496607e-06, 8.89086641109e-06, 4.87596980747e-06, 2.25512508223e-06, 1.28421334011e-06, 9.09622201561e-07, 8.94399477147e-07, 1.29559032302e-06, 4.28792844787e-07, 5.83215353345e-07, 5.20194930687e-07, 5.22473655451e-08, 3.64732599678e-08, 2.54114311815e-08, 5.98703575605e-09, 6.31212877106e-12, 1.12409039327e-17, 1.0928865763e-17],
        "max": [0.0137964086607, 0.284979045391, 0.0784315913916, 0.060003131628, 0.052218619734, 0.0399041213095, 0.0446459650993, 0.0174027960747, 0.0242314971983, 0.0444663614035, 0.0439363084733, 0.0374217480421, 0.0390386916697, 0.0176113024354, 0.0129785491154, 0.0165500864387, 0.0172937102616, 0.00865152291954, 0.00839064083993, 0.01224679593, 0.00489201908931, 0.00242957123555, 0.00223362562247, 0.00129502837081, 6.39961945126e-05, 4.80909925216e-08, 2.49616594061e-08],
        "mean": [0.000257477571722, 0.00596082210541, 0.00226333551109, 0.00185213435907, 0.00277869030833, 0.00167174148373, 0.00123671954498, 0.000509777572006, 0.00089111237321, 0.00138697994407, 0.0019972869195, 0.000918825448025, 0.000719660019968, 0.000505622127093, 0.000385835359339, 0.000403464771807, 0.000631905859336, 0.000446454039775, 0.000700721517205, 0.000678629497997, 0.000137873037602, 0.000117802337627, 0.00013896136079, 5.48400566913e-05, 4.15992019498e-07, 1.08694131473e-09, 1.0555850638e-09],
        "median": [4.71307139378e-05, 0.00174184457865, 0.0010371071985, 0.000807463540696, 0.0015640410129, 0.000595205347054, 0.000423874560511, 0.000145316356793, 0.000230309495237, 0.000261508161202, 0.000285989517579, 0.000115870876471, 0.000129888852825, 8.77962083905e-05, 0.00011032254406, 9.37059667194e-05, 0.00014589226339, 0.000206840253668, 0.000391260837205, 0.000327706336975, 7.52941559767e-05, 6.69709697831e-05, 8.84334731381e-05, 2.80913482129e-05, 1.5568959455e-08, 4.78426520623e-10, 4.93984630978e-10],
        "min": [2.59292603925e-24, 1.29124941818e-23, 1.69789893178e-23, 1.43861297401e-23, 1.41642846986e-23, 1.23106737749e-23, 3.65360896699e-23, 2.93463608926e-23, 4.51148731281e-23, 9.37308371712e-23, 1.52495443118e-23, 5.38597118068e-23, 7.09409169875e-23, 8.28871299245e-23, 9.28762483754e-23, 1.31172775819e-22, 7.20503709646e-23, 2.21251754978e-22, 1.74908776882e-22, 2.45292625542e-22, 3.9928481232e-22, 4.18158025488e-22, 5.81841437907e-22, 6.93563276696e-22, 1.25738359743e-21, 1.60426873433e-21, 2.32877393776e-21],
        "var": [5.01248621276e-07, 0.000369663554011, 2.0039438823e-05, 9.8092305052e-06, 1.32010836751e-05, 8.51165714266e-06, 4.95677704748e-06, 1.42834835515e-06, 3.05325170302e-06, 1.03067686723e-05, 1.49448660522e-05, 7.00776126905e-06, 3.99273812945e-06, 1.79263315658e-06, 7.27813983303e-07, 1.0367178902e-06, 2.26851989282e-06, 4.75698811897e-07, 7.80796142408e-07, 8.9631538458e-07, 4.90101008666e-08, 2.78942611232e-08, 2.75598797117e-08, 6.31994812039e-09, 3.31087002432e-12, 3.03902248624e-18, 2.48259483858e-18]
    },
    "erbbands": {
        "dmean": [0.149931415915, 1.39177024364, 2.33126568794, 2.81734108925, 4.63396692276, 5.04009866714, 4.85026550293, 8.77384090424, 10.4251441956, 9.91569328308, 6.06806468964, 11.2033166885, 17.9882259369, 24.1866931915, 30.8810310364, 15.7031536102, 15.2876625061, 12.6779308319, 12.5202035904, 12.5884189606, 12.4601154327, 14.9182252884, 11.7333698273, 13.1114015579, 13.855301857, 10.7092189789, 4.89405059814, 1.89921331406, 1.84751069546, 1.97991538048, 1.66561174393, 0.884992718697, 0.200519159436, 0.01391200535, 0.000455074157799, 4.11947548855e-05, 9.24057712837e-06, 2.57489841715e-06, 5.16877798873e-06, 1.1572981748e-05],
        "dmean2": [0.262001216412, 2.51059770584, 4.09479236603, 4.63396501541, 7.80911827087, 8.26434516907, 7.67886686325, 13.8690156937, 16.8703403473, 15.9923944473, 9.52546024323, 17.2043762207, 27.3208503723, 35.3230400085, 47.5875740051, 22.5307636261, 22.5852088928, 19.1101131439, 18.9666652679, 18.738866806, 18.0845966339, 21.9669208527, 17.7250099182, 19.7548503876, 20.8572692871, 16.4250640869, 7.55772256851, 3.05047655106, 3.00797200203, 3.12419056892, 2.56604790688, 1.3428311348, 0.300722807646, 0.0201940927655, 0.000657614844386, 6.07491238043e-05, 1.38326713568e-05, 3.90879540646e-06, 8.44217629492e-06, 1.93210180441e-05],
        "dvar": [0.337898761034, 30.3195819855, 56.1380195618, 32.9049110413, 107.406532288, 96.65184021, 100.428535461, 337.546569824, 550.105895996, 541.74798584, 278.661987305, 664.691711426, 1541.20056152, 2519.93847656, 5591.01757812, 1777.31542969, 1572.17041016, 1122.60412598, 1001.67041016, 1007.41088867, 952.857543945, 1502.79943848, 539.904846191, 554.509033203, 635.367614746, 366.809814453, 112.614311218, 13.8233318329, 19.3409404755, 17.6083774567, 8.8928604126, 2.98654484749, 0.224256545305, 0.00179827597458, 1.51401513904e-06, 7.64747021265e-09, 2.40806846685e-10, 1.61963862461e-11, 1.47819922969e-10, 8.92377893802e-10],
        "dvar2": [0.943098068237, 88.1279144287, 159.234420776, 85.5986480713, 293.809539795, 249.322723389, 247.346923828, 827.999206543, 1377.98217773, 1353.08459473, 635.208435059, 1423.55078125, 3526.72045898, 5293.14453125, 14072.4375, 3569.55883789, 3307.41772461, 2423.77368164, 2399.96972656, 2232.59448242, 1810.87890625, 2986.59057617, 1224.83740234, 1203.8092041, 1368.42224121, 779.887878418, 255.383850098, 34.7117767334, 48.1678352356, 42.1856002808, 20.1808776855, 6.93057870865, 0.510726809502, 0.00396730750799, 3.16293358082e-06, 1.64045719231e-08, 5.32122124142e-10, 3.59850448051e-11, 4.03912486791e-10, 2.48106868384e-09],
        "max": [6.85360765457, 66.6206054688, 96.4831542969, 137.483764648, 176.354507446, 255.880737305, 309.572601318, 364.253845215, 500.860229492, 413.633392334, 340.082885742, 524.075378418, 1092.59082031, 1364.02526855, 2213.54418945, 1253.40686035, 1405.35668945, 821.050415039, 1034.35583496, 613.875305176, 811.075378418, 947.645446777, 483.896636963, 452.234283447, 592.984619141, 429.197967529, 311.801086426, 98.3531646729, 106.104614258, 91.4987106323, 68.6953735352, 38.3920593262, 14.3455142975, 1.21937632561, 0.0330229476094, 0.00196811370552, 0.000281011394691, 7.05616839696e-05, 0.000154593697516, 0.00037496801815],
        "mean": [0.151918649673, 1.38688468933, 2.76170945168, 4.71554660797, 7.73838996887, 9.64768218994, 9.80878353119, 16.1106376648, 17.7517051697, 15.716137886, 10.2265481949, 22.0618515015, 37.7093696594, 54.1053276062, 77.6860427856, 33.699344635, 31.3156681061, 27.1518821716, 23.2944831848, 21.7892360687, 25.0572299957, 32.5373725891, 26.640329361, 33.3505134583, 36.8910522461, 27.2305469513, 11.0466737747, 4.45128297806, 3.95117855072, 4.57030296326, 3.86969399452, 2.00437736511, 0.433049440384, 0.0273020528257, 0.00103896367364, 0.00012236177281, 3.28757669195e-05, 1.00676579677e-05, 1.64870652952e-05, 3.24500506395e-05],
        "median": [0.030194055289, 0.443594396114, 1.30296468735, 2.51674079895, 4.07857131958, 4.99501800537, 4.41123390198, 5.56300449371, 7.01170635223, 6.32600212097, 3.81554341316, 6.19012928009, 10.1315250397, 14.4718875885, 12.4871311188, 7.26066398621, 7.62809371948, 7.41074562073, 8.33438491821, 7.25731563568, 6.95775032043, 9.14919662476, 13.069568634, 19.031375885, 23.4117622375, 14.9322357178, 5.56679391861, 2.60773706436, 2.23499631882, 2.6624917984, 2.42924642563, 1.12554383278, 0.198937401175, 0.00942101143301, 0.00050282367738, 8.33042795421e-05, 2.67726609309e-05, 8.82527638169e-06, 1.46011952893e-05, 2.7670588679e-05],
        "min": [6.9868887834e-22, 1.75580131591e-21, 1.73594369016e-20, 2.98157057924e-20, 7.44497706474e-20, 4.01897106654e-20, 8.4070023343e-20, 1.18284074635e-19, 4.63172132578e-19, 6.74837311573e-19, 7.00358728602e-19, 1.13885151402e-18, 2.64148920322e-18, 2.02848178127e-18, 1.1630222485e-18, 2.18438444043e-18, 3.40411312525e-18, 4.5391999335e-18, 3.82732623038e-18, 5.27376444159e-18, 7.72174425307e-18, 4.80558931387e-18, 8.44465378633e-18, 1.21802022598e-17, 9.79328409395e-18, 1.1519191479e-17, 1.22284699029e-17, 1.40954355706e-17, 1.07684555899e-17, 1.76239035136e-17, 1.58648410753e-17, 1.31550569456e-17, 1.01303800459e-17, 1.35538953128e-17, 9.1889467656e-18, 5.23013190505e-18, 3.06993794804e-18, 1.29736289403e-18, 3.15829836335e-19, 3.34715888371e-20],
        "var": [0.258493900299, 19.4406147003, 39.9865150452, 55.5488929749, 131.624252319, 198.024108887, 285.962341309, 829.668701172, 1020.21801758, 804.842651367, 480.358337402, 1861.37841797, 6449.61767578, 10839.9238281, 26295.3105469, 7689.68359375, 5925.59619141, 4069.28344727, 2552.46826172, 1872.55395508, 3040.23754883, 5595.73144531, 1695.36608887, 1786.79455566, 2173.04882812, 1303.47521973, 308.376403809, 35.0239143372, 34.4348449707, 36.3157653809, 22.7112159729, 7.23310518265, 0.535853683949, 0.00401383591816, 3.77543665309e-06, 2.15460378428e-08, 7.82656051079e-10, 6.03234129315e-11, 1.9787617378e-10, 9.80744263579e-10]
    },
    "gfcc": {
        "mean": [-45.4856910706, 135.254043579, -166.804397583, 66.313293457, -70.614402771, 6.27762365341, -16.673166275, -16.5839996338, -1.98147177696, -31.7876682281, 11.2216348648, -16.1598758698, -2.58585500717],
        "cov": [[6514.11083984, -125.498603821, -378.858795166, 878.535339355, -229.564559937, 376.794891357, 176.535507202, 271.997650146, -42.0395851135, -145.392684937, 421.32144165, -71.9352416992, 99.8104705811], [-125.498603821, 1006.89770508, 606.90020752, 131.784408569, 381.120117188, -30.4673137665, 116.307395935, -115.121337891, -15.1978273392, -2.96292328835, 4.41481637955, 47.8114814758, -41.6564826965], [-378.858795166, 606.90020752, 1359.82189941, 512.981811523, 109.672439575, 177.158813477, -184.456466675, -65.6353530884, -7.30524396896, 10.7028894424, -35.1469917297, 13.5091867447, 31.7553253174], [878.535339355, 131.784408569, 512.981811523, 701.285827637, 135.941116333, 85.1706085205, -36.5248298645, 66.3985900879, 73.2275924683, 5.70239591599, 24.8877563477, 21.0064506531, 47.3475418091], [-229.564559937, 381.120117188, 109.672439575, 135.941116333, 519.768615723, 15.2870435715, 140.480911255, 52.3660926819, 49.0932273865, 53.9691429138, 3.78570580482, 27.8436603546, -8.58705615997], [376.794891357, -30.4673137665, 177.158813477, 85.1706085205, 15.2870435715, 416.21194458, 121.159683228, 42.2411308289, -4.93053007126, 29.1802616119, 43.0208435059, -37.5950241089, 7.03063249588], [176.535507202, 116.307395935, -184.456466675, -36.5248298645, 140.480911255, 121.159683228, 357.796875, 46.1999969482, 16.4821720123, 50.3405265808, 29.3466758728, 20.6059818268, -38.965877533], [271.997650146, -115.121337891, -65.6353530884, 66.3985900879, 52.3660926819, 42.2411308289, 46.1999969482, 207.305023193, 101.410568237, 30.0739936829, 10.8327445984, -2.2948820591, 36.7247810364], [-42.0395851135, -15.1978273392, -7.30524396896, 73.2275924683, 49.0932273865, -4.93053007126, 16.4821720123, 101.410568237, 228.21522522, 83.1474456787, -67.0879821777, 25.5114555359, 32.6176643372], [-145.392684937, -2.96292328835, 10.7028894424, 5.70239591599, 53.9691429138, 29.1802616119, 50.3405265808, 30.0739936829, 83.1474456787, 149.598114014, -1.7672778368, -7.77921628952, 6.24188756943], [421.32144165, 4.41481637955, -35.1469917297, 24.8877563477, 3.78570580482, 43.0208435059, 29.3466758728, 10.8327445984, -67.0879821777, -1.7672778368, 155.989639282, 10.2602806091, -26.393863678], [-71.9352416992, 47.8114814758, 13.5091867447, 21.0064506531, 27.8436603546, -37.5950241089, 20.6059818268, -2.2948820591, 25.5114555359, -7.77921628952, 10.2602806091, 88.2842102051, 12.6283340454], [99.8104705811, -41.6564826965, 31.7553253174, 47.3475418091, -8.58705615997, 7.03063249588, -38.965877533, 36.7247810364, 32.6176643372, 6.24188756943, -26.393863678, 12.6283340454, 98.7001876831]],
        "icov": [[0.000529947108589, -0.000925247673877, 0.00103915610816, -0.00124531134497, 0.000942184939049, -0.00066486391006, 0.000327315472532, -0.00063438131474, 0.000196345266886, 0.000208483572351, -0.000870800693519, 0.000538327323738, -0.000548571522813], [-0.000925247673877, 0.0054362937808, -0.00440328381956, 0.00346840242855, -0.00393417757004, 0.00307991122827, -0.00335305556655, 0.00388035573997, -0.00269398838282, 0.00207290914841, -0.000745683675632, 0.000614854390733, 0.000134788526339], [0.00103915610816, -0.00440328381956, 0.00524526368827, -0.00429919082671, 0.00309058255516, -0.00352073973045, 0.00366205349565, -0.00275472761132, 0.00271921348758, -0.00195038318634, 0.000801281537861, -0.00100272370037, 2.32253532886e-05], [-0.00124531134497, 0.00346840242855, -0.00429919082671, 0.00578838726506, -0.00334608135745, 0.00235867802985, -0.00194988283329, 0.00217205309309, -0.00250965938903, 0.00129312963691, -2.07755365409e-05, -0.000208368568565, 6.1200116761e-05], [0.000942184939049, -0.00393417757004, 0.00309058255516, -0.00334608135745, 0.00554847577587, -0.00183660397306, 0.00107422436122, -0.0032856920734, 0.0018981678877, -0.001661662478, -2.70448417723e-05, -0.00030510648503, -0.000232607548242], [-0.00066486391006, 0.00307991122827, -0.00352073973045, 0.00235867802985, -0.00183660397306, 0.00554983364418, -0.00389835471287, 0.00196750578471, -0.00194222200662, 0.00131729000714, -0.00152321264613, 0.00267508183606, -0.0010437926976], [0.000327315472532, -0.00335305556655, 0.00366205349565, -0.00194988283329, 0.00107422436122, -0.00389835471287, 0.00740807689726, -0.00332421506755, 0.00312271341681, -0.00340567808598, 0.00225487025455, -0.00369360065088, 0.00280265999027], [-0.00063438131474, 0.00388035573997, -0.00275472761132, 0.00217205309309, -0.0032856920734, 0.00196750578471, -0.00332421506755, 0.0109770167619, -0.00669238856062, 0.00326487235725, -0.0035393058788, 0.00329255568795, -0.00306175020523], [0.000196345266886, -0.00269398838282, 0.00271921348758, -0.00250965938903, 0.0018981678877, -0.00194222200662, 0.00312271341681, -0.00669238856062, 0.0124615086243, -0.0072029242292, 0.00691930949688, -0.00584815395996, 0.00195584329776], [0.000208483572351, 0.00207290914841, -0.00195038318634, 0.00129312963691, -0.001661662478, 0.00131729000714, -0.00340567808598, 0.00326487235725, -0.0072029242292, 0.0121635859832, -0.00488889496773, 0.0050778859295, -0.00247244280763], [-0.000870800693519, -0.000745683675632, 0.000801281537861, -2.07755365409e-05, -2.70448417723e-05, -0.00152321264613, 0.00225487025455, -0.0035393058788, 0.00691930949688, -0.00488889496773, 0.0134066222236, -0.00639351317659, 0.00505700660869], [0.000538327323738, 0.000614854390733, -0.00100272370037, -0.000208368568565, -0.00030510648503, 0.00267508183606, -0.00369360065088, 0.00329255568795, -0.00584815395996, 0.0050778859295, -0.00639351317659, 0.0174274090677, -0.00509068788961], [-0.000548571522813, 0.000134788526339, 2.32253532886e-05, 6.1200116761e-05, -0.000232607548242, -0.0010437926976, 0.00280265999027, -0.00306175020523, 0.00195584329776, -0.00247244280763, 0.00505700660869, -0.00509068788961, 0.0145199587569]]
    },
    "melbands": {
        "dmean": [0.00150990916882, 0.00144507794175, 0.000523930066265, 0.000346035667462, 0.000174398723175, 0.000189202939509, 0.000156373745995, 0.000102857367892, 4.97287073813e-05, 7.47520316509e-05, 9.35101488722e-05, 9.92094210233e-05, 0.000109707129013, 6.47314154776e-05, 3.60728190572e-05, 3.66474887414e-05, 2.48728883889e-05, 2.22422750085e-05, 1.99028145289e-05, 1.8732422177e-05, 1.57135455083e-05, 1.87536388694e-05, 1.43438528539e-05, 9.84379130387e-06, 1.23336812976e-05, 1.1263833585e-05, 1.20221557154e-05, 7.61781302572e-06, 4.48425998911e-06, 1.66288475612e-06, 1.11246640699e-06, 1.14557440156e-06, 1.17877891626e-06, 1.18772709357e-06, 1.13238877475e-06, 7.61169530961e-07, 5.05533762407e-07, 1.81863853754e-07, 4.06181115409e-08, 1.98402871909e-09],
        "dmean2": [0.00269069615752, 0.00256884493865, 0.00086939544417, 0.000573882309254, 0.000277867220575, 0.000299096253002, 0.000252343044849, 0.000165766425198, 7.78358298703e-05, 0.000115056747745, 0.000142212404171, 0.000145840356709, 0.000165001518326, 9.14475385798e-05, 5.2538143791e-05, 5.5304961279e-05, 3.72333342966e-05, 3.43541723851e-05, 2.92871081911e-05, 2.7991596653e-05, 2.28653698287e-05, 2.74000067293e-05, 2.1206387828e-05, 1.48865310621e-05, 1.85763474292e-05, 1.72514701262e-05, 1.81577433978e-05, 1.18001171359e-05, 6.89120724928e-06, 2.65746052719e-06, 1.81206917205e-06, 1.89636011783e-06, 1.89127933936e-06, 1.88110800536e-06, 1.77033359705e-06, 1.17949730338e-06, 7.79464016887e-07, 2.7537276992e-07, 6.1052766398e-08, 2.88854429265e-09],
        "dvar": [3.58494071406e-05, 2.72003326245e-05, 1.12980967515e-06, 4.69747334364e-07, 1.10284588573e-07, 1.43358377613e-07, 1.2058195864e-07, 5.9347602388e-08, 1.88060624851e-08, 2.95876176892e-08, 4.29486100018e-08, 4.49964225879e-08, 6.08239787425e-08, 3.0963533959e-08, 1.26154269253e-08, 1.16539418116e-08, 4.81513451334e-09, 3.98868760243e-09, 3.55223317428e-09, 2.50633558352e-09, 1.779610459e-09, 2.6497475325e-09, 1.35824762548e-09, 3.62661373154e-10, 5.31122423819e-10, 5.07989650345e-10, 4.88524221076e-10, 2.17314735651e-10, 1.08959376244e-10, 1.34920520936e-11, 5.26931016182e-12, 7.49210502665e-12, 7.58186829292e-12, 5.97865160157e-12, 4.04930602937e-12, 2.06385169371e-12, 1.1581718657e-12, 1.8112035038e-13, 1.8498914965e-14, 1.16892333431e-16],
        "dvar2": [0.000102337777207, 7.79753027018e-05, 3.00527426589e-06, 1.23974268718e-06, 2.78630494677e-07, 3.53051802904e-07, 3.06635996594e-07, 1.4689491934e-07, 4.12574792108e-08, 6.27190743785e-08, 9.90085951003e-08, 9.46668237134e-08, 1.46098486198e-07, 6.04963759088e-08, 2.33490400348e-08, 2.60582311284e-08, 1.01053059254e-08, 9.73022462603e-09, 7.52910178647e-09, 5.39116573606e-09, 3.27628302266e-09, 5.05342123702e-09, 2.7906645883e-09, 8.41406333496e-10, 1.15518317134e-09, 1.16340193035e-09, 1.02930186596e-09, 4.75114614318e-10, 2.44174014341e-10, 3.17581898279e-11, 1.36144680599e-11, 1.9287972261e-11, 1.85652500317e-11, 1.44390090162e-11, 9.29897304991e-12, 4.85264259331e-12, 2.77267596903e-12, 4.16903382476e-13, 4.57983633385e-14, 2.49534768061e-16],
        "max": [0.0723676010966, 0.0614251345396, 0.022699771449, 0.0111854542047, 0.00820247549564, 0.0071977567859, 0.00868460629135, 0.00400815811008, 0.00298151327297, 0.00371490349062, 0.00565259112045, 0.00507252383977, 0.00559351593256, 0.00451302248985, 0.00441303430125, 0.00476183462888, 0.00190736388322, 0.00221600267105, 0.00135446991771, 0.00128980027512, 0.0010061499197, 0.00140710698906, 0.00111147074495, 0.000424858764745, 0.000472762534628, 0.000521650770679, 0.000519362918567, 0.000314691103995, 0.000251301622484, 0.000111140543595, 4.36343252659e-05, 7.04566045897e-05, 6.69392829877e-05, 6.24066306045e-05, 4.14230416936e-05, 3.05071607727e-05, 2.88304345304e-05, 1.20884324133e-05, 4.96582060805e-06, 3.93690157807e-07],
        "mean": [0.00154521188233, 0.0016440670006, 0.00091468525352, 0.000645091233309, 0.000369195302483, 0.000351574941305, 0.000265989423497, 0.000160797790159, 8.32321748021e-05, 0.000142222459544, 0.000191108963918, 0.00021225035016, 0.000262082234258, 0.000130054409965, 6.8676956289e-05, 7.24184137653e-05, 4.79850787087e-05, 3.92619986087e-05, 3.03109209199e-05, 3.15670185955e-05, 2.91443939204e-05, 3.60753911082e-05, 2.7579957532e-05, 2.00311333174e-05, 2.79467258224e-05, 2.59139269474e-05, 2.80121148535e-05, 1.63161457749e-05, 8.81448249856e-06, 3.2122425182e-06, 2.3050361051e-06, 2.1947141704e-06, 2.32743445849e-06, 2.60841648014e-06, 2.42320652433e-06, 1.6745349285e-06, 1.02615524611e-06, 3.49639464048e-07, 6.57319390029e-08, 2.35264563386e-09],
        "median": [0.000399505952373, 0.000773572246544, 0.000520367175341, 0.000357906421414, 0.00018029808416, 0.000126926082885, 0.000102113437606, 5.93707918597e-05, 2.52466761594e-05, 3.5540357203e-05, 4.30166437582e-05, 4.02637124353e-05, 3.83663318644e-05, 1.65851597558e-05, 1.13022188089e-05, 1.24834177768e-05, 9.32877628657e-06, 9.93985304376e-06, 7.54697020966e-06, 7.40790483178e-06, 6.75140927342e-06, 8.35242099129e-06, 9.53295057116e-06, 9.79151263891e-06, 1.35380250867e-05, 1.45011763379e-05, 1.44298901432e-05, 7.3711235018e-06, 3.42977727996e-06, 1.70839723523e-06, 1.20664981296e-06, 1.12001407615e-06, 1.23501081362e-06, 1.43719717016e-06, 1.42790338487e-06, 9.37570575843e-07, 5.13861891704e-07, 1.43515734408e-07, 1.08077804484e-08, 4.52050480382e-11],
        "min": [4.83116246614e-24, 6.79576611919e-24, 8.02701469803e-24, 3.86981633513e-24, 2.60284419019e-24, 2.41649394514e-24, 7.64514527761e-24, 6.65226600964e-24, 6.30163903095e-24, 6.75507194053e-24, 1.36559427313e-23, 8.89540934858e-24, 3.04178316115e-24, 4.80139913861e-24, 8.72740406387e-24, 7.34688643568e-24, 8.79450062816e-24, 5.31874476988e-24, 7.81607644742e-24, 6.4095567805e-24, 7.38204675509e-24, 4.98015699189e-24, 3.36701769339e-24, 1.047657927e-23, 9.93738258613e-24, 6.7139959532e-24, 7.84521302495e-24, 6.10014817853e-24, 5.4344126834e-24, 9.98977557201e-24, 7.30754830892e-24, 5.32165645548e-24, 6.5753406329e-24, 1.10831304758e-23, 9.35458240454e-24, 8.29636494323e-24, 7.30207519196e-24, 6.71374351771e-24, 8.69268235113e-24, 1.22961697783e-23],
        "var": [2.52000827459e-05, 1.82528583537e-05, 1.74617605353e-06, 7.65230140587e-07, 3.14021093573e-07, 3.59369835223e-07, 2.17322821072e-07, 9.10550355115e-08, 3.79762283842e-08, 7.9778821771e-08, 1.84307836548e-07, 1.8803119417e-07, 2.63250541366e-07, 1.15003153667e-07, 4.95538188261e-08, 4.65914808956e-08, 1.65239608663e-08, 1.0716541432e-08, 6.22672446937e-09, 6.14496142859e-09, 5.47879741575e-09, 8.2508284649e-09, 3.99974053877e-09, 8.63523696992e-10, 1.56855095579e-09, 1.23422128073e-09, 1.76931314044e-09, 6.66562915974e-10, 2.75567263452e-10, 2.74975372333e-11, 1.18696528301e-11, 1.29369934904e-11, 1.3136393015e-11, 1.22038334299e-11, 9.71157702867e-12, 4.95502944231e-12, 2.36857842367e-12, 3.97676710355e-13, 3.39031442352e-14, 1.78675551879e-16]
    },
    "mfcc": {
        "mean": [-659.921936035, 124.30960083, -19.6871051788, 45.2384109497, -14.7930526733, 14.8327560425, -8.18570137024, 21.4673442841, -22.4885025024, 14.0772104263, -17.6094284058, 2.60842680931, -4.60868215561],
        "cov": [[6017.41064453, -282.730773926, -450.09475708, 558.440673828, -390.068054199, 246.445114136, 113.841903687, 548.613952637, -255.060073853, 463.642211914, -153.936157227, 211.557128906, -18.9442996979], [-282.730773926, 815.416564941, 205.009216309, 142.32623291, 188.625061035, 103.311233521, 134.363296509, 7.66194820404, -38.8557624817, -56.4186134338, 72.2930297852, -90.225730896, 38.6200904846], [-450.09475708, 205.009216309, 1261.1439209, 248.90586853, 304.407318115, 216.914199829, -26.9637088776, -53.6901054382, 29.5987129211, -111.318916321, 6.73079633713, -15.5913257599, -63.9932403564], [558.440673828, 142.32623291, 248.90586853, 662.069824219, 239.586685181, 58.2500076294, 6.80207061768, 81.3710861206, -13.1855602264, 11.9481515884, -53.5379333496, 67.2743606567, 66.5000152588], [-390.068054199, 188.625061035, 304.407318115, 239.586685181, 457.759643555, 41.4115257263, 27.4250354767, -1.25068199635, 54.7146377563, -9.3272819519, -23.6344833374, 23.314043045, 47.0344161987], [246.445114136, 103.311233521, 216.914199829, 58.2500076294, 41.4115257263, 328.547027588, 127.231956482, 64.6770095825, 45.0359725952, 54.5100669861, 73.2693557739, -14.288731575, -14.4997520447], [113.841903687, 134.363296509, -26.9637088776, 6.80207061768, 27.4250354767, 127.231956482, 303.558380127, 71.5850372314, -55.3207855225, 64.15625, 41.9270744324, -11.0155744553, 13.1540784836], [548.613952637, 7.66194820404, -53.6901054382, 81.3710861206, -1.25068199635, 64.6770095825, 71.5850372314, 225.487915039, 0.273169189692, 76.7631759644, 17.2846183777, 6.80589342117, 18.2198181152], [-255.060073853, -38.8557624817, 29.5987129211, -13.1855602264, 54.7146377563, 45.0359725952, -55.3207855225, 0.273169189692, 369.919708252, 16.0874919891, 96.9090118408, 67.7558059692, -1.9994879961], [463.642211914, -56.4186134338, -111.318916321, 11.9481515884, -9.3272819519, 54.5100669861, 64.15625, 76.7631759644, 16.0874919891, 202.579452515, 7.96386528015, 34.5560684204, 13.3418359756], [-153.936157227, 72.2930297852, 6.73079633713, -53.5379333496, -23.6344833374, 73.2693557739, 41.9270744324, 17.2846183777, 96.9090118408, 7.96386528015, 205.261138916, 7.43307828903, -0.332329630852], [211.557128906, -90.225730896, -15.5913257599, 67.2743606567, 23.314043045, -14.288731575, -11.0155744553, 6.80589342117, 67.7558059692, 34.5560684204, 7.43307828903, 184.938858032, 35.8052368164], [-18.9442996979, 38.6200904846, -63.9932403564, 66.5000152588, 47.0344161987, -14.4997520447, 13.1540784836, 18.2198181152, -1.9994879961, 13.3418359756, -0.332329630852, 35.8052368164, 127.440505981]],
