{
"lowlevel": {
    "average_loudness": 0.314398676157,
    "barkbands_crest": {
        "dmean": 2.48116207123,
        "dmean2": 4.08279895782,
        "dvar": 5.20729637146,
        "dvar2": 14.0952186584,
        "max": 25.0385837555,
        "mean": 10.6426753998,
        "median": 9.88932514191,
        "min": 2.48865842819,
        "var": 18.5762252808
    },
    "barkbands_flatness_db": {
        "dmean": 0.0188950207084,
        "dmean2": 0.0302001833916,
        "dvar": 0.000313266529702,
        "dvar2": 0.000829458062071,
        "max": 0.450576037169,
        "mean": 0.208766713738,
        "median": 0.199367448688,
        "min": 0.0458932742476,
        "var": 0.00270365760662
    },
    "barkbands_kurtosis": {
        "dmean": 2.44454145432,
        "dmean2": 3.94678759575,
        "dvar": 25.9270210266,
        "dvar2": 66.9109420776,
        "max": 132.724716187,
        "mean": 4.6365852356,
        "median": 2.3300485611,
        "min": -1.89268767834,
        "var": 66.7150497437
    },
    "barkbands_skewness": {
        "dmean": 0.454121083021,
        "dmean2": 0.719228625298,
        "dvar": 0.252212762833,
        "dvar2": 0.628744125366,
        "max": 10.4577245712,
        "mean": 1.66639304161,
        "median": 1.54359090328,
        "min": -3.72760224342,
        "var": 1.24531292915
    },
    "barkbands_spread": {
        "dmean": 4.25864124298,
        "dmean2": 6.6341881752,
        "dvar": 32.4082069397,
        "dvar2": 73.9798812866,
        "max": 93.8554382324,
        "mean": 19.1042671204,
        "median": 16.2237510681,
        "min": 0.619721114635,
        "var": 178.316436768
    },
    "dissonance": {
        "dmean": 0.0173501111567,
        "dmean2": 0.029219172895,
        "dvar": 0.000300260231597,
        "dvar2": 0.000833668280393,
        "max": 0.5,
        "mean": 0.461695879698,
        "median": 0.471679151058,
        "min": 0.263128697872,
        "var": 0.00107766850851
    },
    "dynamic_complexity": 6.3387298584,
    "erbbands_crest": {
        "dmean": 2.04322910309,
        "dmean2": 3.35172271729,
        "dvar": 3.84865355492,
        "dvar2": 9.86484050751,
        "max": 31.0459384918,
        "mean": 8.77092647552,
        "median": 7.71146726608,
        "min": 2.47632336617,
        "var": 18.8401927948
    },
    "erbbands_flatness_db": {
        "dmean": 0.0112253390253,
        "dmean2": 0.0168063491583,
        "dvar": 0.000108423817437,
        "dvar2": 0.0002174385736,
        "max": 0.464892536402,
        "mean": 0.226514041424,
        "median": 0.221814066172,
        "min": 0.0863265171647,
        "var": 0.00244415085763
    },
    "erbbands_kurtosis": {
        "dmean": 0.713589549065,
        "dmean2": 1.12914729118,
        "dvar": 1.13147938251,
        "dvar2": 2.5682246685,
        "max": 39.3498840332,
        "mean": 0.479781359434,
        "median": -0.19236779213,
        "min": -1.81489109993,
        "var": 5.35214567184
    },
    "erbbands_skewness": {
        "dmean": 0.282403707504,
        "dmean2": 0.438907891512,
        "dvar": 0.0797060504556,
        "dvar2": 0.168909758329,
        "max": 4.55676412582,
        "mean": 0.393460690975,
        "median": 0.364254772663,
        "min": -5.66699028015,
        "var": 0.711660265923
    },
    "erbbands_spread": {
        "dmean": 5.69159555435,
        "dmean2": 8.79556083679,
        "dvar": 41.9580459595,
        "dvar2": 94.3001480103,
        "max": 120.767700195,
        "mean": 35.1331787109,
        "median": 32.7152481079,
        "min": 1.95491290092,
        "var": 269.050994873
    },
    "hfc": {
        "dmean": 3.20959281921,
        "dmean2": 5.11275005341,
        "dvar": 60.4468078613,
        "dvar2": 163.394943237,
        "max": 298.75604248,
        "mean": 14.845703125,
        "median": 4.98980283737,
        "min": 1.11528894339e-16,
        "var": 376.830718994
    },
    "melbands_crest": {
        "dmean": 3.10575532913,
        "dmean2": 5.06735944748,
        "dvar": 8.57538890839,
        "dvar2": 22.7938117981,
        "max": 37.1273078918,
        "mean": 14.6117010117,
        "median": 13.7965335846,
        "min": 2.01279354095,
        "var": 31.0402183533
    },
    "melbands_flatness_db": {
        "dmean": 0.0235188845545,
        "dmean2": 0.0358807630837,
        "dvar": 0.00049490010133,
        "dvar2": 0.00119060080033,
        "max": 0.573507428169,
        "mean": 0.254526853561,
        "median": 0.243205189705,
        "min": 0.00402204040438,
        "var": 0.00635435106233
    },
    "melbands_kurtosis": {
        "dmean": 5.33363580704,
        "dmean2": 8.63435173035,
        "dvar": 97.684135437,
        "dvar2": 262.286987305,
        "max": 324.780670166,
        "mean": 12.0409669876,
        "median": 8.23981285095,
        "min": -1.90251600742,
        "var": 196.701873779
    },
    "melbands_skewness": {
        "dmean": 0.597469270229,
        "dmean2": 0.956537544727,
        "dvar": 0.43773791194,
        "dvar2": 1.13895618916,
        "max": 15.7698192596,
        "mean": 2.60232210159,
        "median": 2.40688991547,
        "min": -1.65535891056,
        "var": 1.88665688038
    },
    "melbands_spread": {
        "dmean": 5.47063493729,
        "dmean2": 8.6086139679,
        "dvar": 77.493057251,
        "dvar2": 161.52166748,
        "max": 205.221099854,
        "mean": 19.8842830658,
        "median": 15.8099994659,
        "min": 0.644580125809,
        "var": 283.251373291
    },
    "pitch_salience": {
        "dmean": 0.0680298805237,
        "dmean2": 0.110843248665,
        "dvar": 0.00381479389034,
        "dvar2": 0.0101197464392,
        "max": 0.936151266098,
        "mean": 0.556523144245,
        "median": 0.567937970161,
        "min": 0.0737872570753,
        "var": 0.0146237919107
    },
    "silence_rate_20dB": {
        "dmean": 0,
        "dmean2": 0,
        "dvar": 0,
        "dvar2": 0,
        "max": 1,
        "mean": 1,
        "median": 1,
        "min": 1,
        "var": 0
    },
    "silence_rate_30dB": {
        "dmean": 0.00904654245824,
        "dmean2": 0.0180952381343,
        "dvar": 0.00896483846009,
        "dvar2": 0.0230047423393,
        "max": 1,
        "mean": 0.992858827114,
        "median": 1,
        "min": 0,
        "var": 0.00708989892155
    },
    "silence_rate_60dB": {
        "dmean": 0.0307106301188,
        "dmean2": 0.0614285729825,
        "dvar": 0.0297696050256,
        "dvar2": 0.0662332698703,
        "max": 1,
        "mean": 0.314448952675,
        "median": 0,
        "min": 0,
        "var": 0.215567722917
    },
    "spectral_centroid": {
        "dmean": 197.34161377,
        "dmean2": 302.780792236,
        "dvar": 80446.859375,
        "dvar2": 150284.796875,
        "max": 11284.3232422,
        "mean": 1250.47814941,
        "median": 1185.64599609,
        "min": 256.676513672,
        "var": 506539.75
    },
    "spectral_complexity": {
        "dmean": 2.40471363068,
        "dmean2": 3.92904758453,
        "dvar": 8.63074111938,
        "dvar2": 21.0758361816,
        "max": 57,
        "mean": 16.7380390167,
        "median": 12,
        "min": 0,
        "var": 187.25994873
    },
    "spectral_decrease": {
        "dmean": 1.71324954223e-09,
        "dmean2": 2.7593731744e-09,
        "dvar": 1.01691144324e-17,
        "dvar2": 2.6637697266e-17,
        "max": 6.77686238069e-29,
        "mean": -5.30455812608e-09,
        "median": -2.02940775296e-09,
        "min": -4.42867964523e-08,
        "var": 4.58356162975e-17
    },
    "spectral_energy": {
        "dmean": 0.00660470034927,
        "dmean2": 0.0106476834044,
        "dvar": 0.000148774837726,
        "dvar2": 0.000390375207644,
        "max": 0.173108577728,
        "mean": 0.0213671531528,
        "median": 0.00825754646212,
        "min": 1.00345990967e-20,
        "var": 0.000725615478586
    },
    "spectral_energyband_high": {
        "dmean": 0.000314138276735,
        "dmean2": 0.000494607316796,
        "dvar": 1.27133830574e-06,
        "dvar2": 3.36474408869e-06,
        "max": 0.0463114604354,
        "mean": 0.000844130525365,
        "median": 9.14599440875e-05,
        "min": 7.34949328019e-21,
        "var": 2.79227015199e-06
    },
    "spectral_energyband_low": {
        "dmean": 0.00542411394417,
        "dmean2": 0.00877079740167,
        "dvar": 0.000133326102514,
        "dvar2": 0.000351809896529,
        "max": 0.152112945914,
        "mean": 0.0101616717875,
        "median": 0.00130797829479,
        "min": 8.21759623521e-23,
        "var": 0.00032418963383
    },
    "spectral_energyband_middle_high": {
        "dmean": 0.000954273156822,
        "dmean2": 0.00149392872117,
        "dvar": 3.49374113284e-06,
        "dvar2": 8.145447282e-06,
        "max": 0.0502525940537,
        "mean": 0.00386077607982,
        "median": 0.00128185632639,
        "min": 1.34761171548e-21,
        "var": 3.06372094201e-05
    },
    "spectral_energyband_middle_low": {
        "dmean": 0.00252664461732,
        "dmean2": 0.0040669683367,
        "dvar": 2.29670513363e-05,
        "dvar2": 5.65480549994e-05,
        "max": 0.0824887007475,
        "mean": 0.00700981263071,
        "median": 0.00428774533793,
        "min": 2.69068060188e-22,
        "var": 6.86573112034e-05
    },
    "spectral_entropy": {
        "dmean": 0.109280727804,
        "dmean2": 0.163915261626,
        "dvar": 0.0113961705938,
        "dvar2": 0.0235856436193,
        "max": 9.81076622009,
        "mean": 7.35342550278,
        "median": 7.46044635773,
        "min": 4.96751499176,
        "var": 0.253928482533
    },
    "spectral_flux": {
        "dmean": 0.0135060539469,
        "dmean2": 0.0219277329743,
        "dvar": 0.000354544026777,
        "dvar2": 0.000907718029339,
        "max": 0.311276704073,
        "mean": 0.060371581465,
        "median": 0.0403828024864,
        "min": 7.07868763605e-11,
        "var": 0.00282419472933
    },
    "spectral_kurtosis": {
        "dmean": 3.15975952148,
        "dmean2": 5.40593957901,
        "dvar": 25.4260501862,
        "dvar2": 66.1684188843,
        "max": 149.148895264,
        "mean": 4.86914300919,
        "median": 2.21191644669,
        "min": -1.26278424263,
        "var": 79.8203125
    },
    "spectral_rms": {
        "dmean": 0.000545443734154,
        "dmean2": 0.000869528623298,
        "dvar": 5.79092045427e-07,
        "dvar2": 1.54312999712e-06,
        "max": 0.0129956305027,
        "mean": 0.00368161872029,
        "median": 0.00283833453432,
        "min": 3.12887411293e-12,
        "var": 7.29174689695e-06
    },
    "spectral_rolloff": {
        "dmean": 369.691101074,
        "dmean2": 615.74810791,
        "dvar": 485317.03125,
        "dvar2": 1063495.5,
        "max": 19078.4179688,
        "mean": 1191.2097168,
        "median": 861.328125,
        "min": 43.06640625,
        "var": 1343966.75
    },
    "spectral_skewness": {
        "dmean": 0.30804926157,
        "dmean2": 0.510355949402,
        "dvar": 0.119011163712,
        "dvar2": 0.315463870764,
        "max": 10.5167284012,
        "mean": 1.24455666542,
        "median": 1.04592609406,
        "min": -0.807222485542,
        "var": 0.722441673279
    },
    "spectral_spread": {
        "dmean": 251839.921875,
        "dmean2": 378947.5625,
        "dvar": 254026956800,
        "dvar2": 369700798464,
        "max": 42581388,
        "mean": 3136082.25,
        "median": 3038189.25,
        "min": 633089,
        "var": 1.38902346138e+12
    },
    "spectral_strongpeak": {
        "dmean": 0.255866765976,
        "dmean2": 0.444205224514,
        "dvar": 0.311205685139,
        "dvar2": 0.845596313477,
        "max": 8.16286945343,
        "mean": 0.508715987206,
        "median": 0.299478173256,
        "min": 0,
        "var": 0.623988389969
    },
    "zerocrossingrate": {
        "dmean": 0.00682501075789,
        "dmean2": 0.00836960598826,
        "dvar": 0.00011355017341,
        "dvar2": 0.000133152934723,
        "max": 0.59423828125,
        "mean": 0.0470849685371,
        "median": 0.04248046875,
        "min": 0.0029296875,
        "var": 0.000885921705049
    },
    "barkbands": {
        "dmean": [0.000426711892942, 0.00444054463878, 0.00134050787892, 0.00061498337891, 0.00136113772169, 0.000782341929153, 0.000404774298659, 0.000325504021021, 0.000420028023655, 0.000355152704287, 0.000202720912057, 0.000262711546384, 0.000164253870025, 0.000203578456421, 0.000192022009287, 0.000206782307941, 0.000240282301093, 0.000100735931483, 0.000108590356831, 0.000105966595584, 0.000119453172374, 0.000106391300505, 7.95721498434e-05, 2.72559991572e-05, 1.59493467322e-07, 9.34089805504e-10, 9.21804965692e-10],
        "dmean2": [0.000703479687218, 0.00720812706277, 0.0022292046342, 0.001058163587, 0.00227428111248, 0.0012841464486, 0.000672342663165, 0.000517206732184, 0.00066326232627, 0.000567018985748, 0.000327444693539, 0.000417954812292, 0.000266201852355, 0.000323619402479, 0.000306612520944, 0.000326808920363, 0.000389369408367, 0.000165430363268, 0.000178953356226, 0.000170560568222, 0.000191260551219, 0.000172280531842, 0.000123916412122, 4.25537364208e-05, 2.50966593285e-07, 1.71869329879e-09, 1.7004573305e-09],
        "dvar": [1.85531564512e-06, 0.000101305748103, 1.22679621199e-05, 3.51945595867e-06, 1.00635761555e-05, 4.27576333095e-06, 1.55709835781e-06, 5.89772810144e-07, 1.39671317356e-06, 1.27205180434e-06, 1.67131133821e-07, 8.7254625214e-07, 1.72681666299e-07, 4.15669262566e-07, 3.04254001549e-07, 4.39137039621e-07, 3.13020052545e-07, 5.07175847986e-08, 5.2601830447e-08, 6.90845567419e-08, 1.41596999015e-07, 2.62490573277e-07, 8.93882798891e-08, 1.02370103505e-08, 7.9735431582e-13, 7.56515102218e-17, 4.44317419055e-17],
        "dvar2": [4.666453151e-06, 0.0002733503934, 3.20989856846e-05, 9.3993912742e-06, 2.60241795331e-05, 1.11380722956e-05, 3.81148151973e-06, 1.56746705215e-06, 3.13058239954e-06, 2.87754255623e-06, 4.08267140983e-07, 2.04357729672e-06, 4.13131829191e-07, 9.1774984412e-07, 7.51530421894e-07, 1.05380661353e-06, 8.07571893802e-07, 1.3399747445e-07, 1.37035570447e-07, 1.72736733361e-07, 3.83431654427e-07, 7.28844042897e-07, 2.0511284049e-07, 2.49389433549e-08, 1.7678423829e-12, 2.26842199538e-16, 1.3340075411e-16],
        "max": [0.0306402407587, 0.138491779566, 0.0558350086212, 0.0286040231586, 0.0584656335413, 0.0793545916677, 0.0329081751406, 0.0177587196231, 0.0342415496707, 0.0574860908091, 0.00723447790369, 0.0320978611708, 0.0139026083052, 0.0220973435789, 0.0172952953726, 0.0217400714755, 0.0176407061517, 0.00611463189125, 0.00585677055642, 0.00941578764468, 0.0166021101177, 0.0223912354559, 0.00642663566396, 0.00235961470753, 3.0352619433e-05, 5.54165353606e-07, 4.1843946974e-07],
        "mean": [0.000557667051908, 0.00735188135877, 0.00192623690236, 0.000702287128661, 0.00228719599545, 0.00160973041784, 0.000661482161377, 0.000575367652345, 0.000793539336883, 0.000633229559753, 0.000391210109228, 0.000532930658665, 0.000314934237394, 0.000344829051755, 0.000375171250198, 0.000442508026026, 0.000484638905618, 0.000215371837839, 0.00022148003336, 0.000245712435571, 0.00029004534008, 0.000209156074561, 0.00015483261086, 4.55434164905e-05, 1.71490867729e-07, 9.34081811899e-10, 9.49992307042e-10],
        "median": [5.23204562342e-06, 0.000589705305174, 0.000385405757697, 0.00015295916819, 0.000822507194243, 0.000706540362444, 0.000270137999905, 0.000197408036911, 0.000202994793653, 0.000171948806383, 0.000142457807669, 0.000100929362816, 9.69234897639e-05, 7.94683146523e-05, 5.79630832362e-05, 4.59881266579e-05, 6.0867794673e-05, 5.52149795112e-05, 5.5461179727e-05, 3.87785257772e-05, 3.21328625432e-05, 2.22095495701e-05, 7.1521440077e-06, 8.38911148549e-07, 4.12264972161e-10, 3.64826363564e-10, 3.69084013352e-10],
        "min": [9.11092338687e-25, 2.75929471368e-23, 2.76774562278e-23, 7.68084044471e-24, 4.36359608792e-23, 2.74307036921e-23, 7.1721087801e-23, 2.20731296108e-23, 3.41894398916e-23, 4.62424582842e-23, 3.31885142424e-23, 5.80596577533e-23, 2.31785099102e-23, 6.36246927864e-23, 1.01569463996e-22, 1.26502075549e-22, 8.43465352209e-23, 1.80417032863e-22, 2.0813325056e-22, 3.05262336428e-22, 3.44830438231e-22, 4.95494818436e-22, 5.05372467685e-22, 6.8439310315e-22, 1.01700876864e-21, 1.61787672378e-21, 2.13530031028e-21],
        "var": [3.57914359483e-06, 0.000214734231122, 1.72718646354e-05, 3.38536096933e-06, 1.59710398293e-05, 7.60335842642e-06, 2.04917387236e-06, 1.08766073481e-06, 3.9247447603e-06, 3.27373800246e-06, 5.07081551859e-07, 3.05666844724e-06, 5.6234063095e-07, 1.10559415134e-06, 9.28687597934e-07, 1.84711393558e-06, 1.04192872641e-06, 1.40330513432e-07, 1.42410343074e-07, 2.93530519002e-07, 3.37978093512e-07, 3.20563145806e-07, 1.86503655186e-07, 2.05390069397e-08, 1.06414117969e-12, 3.89198007327e-17, 2.32541166248e-17]
    },
    "erbbands": {
        "dmean": [0.172562196851, 0.870153307915, 1.53236150742, 1.67746865749, 2.37828612328, 6.36547040939, 5.722427845, 6.94029426575, 6.30391597748, 6.58474636078, 6.1639122963, 8.39774036407, 13.9817619324, 7.11538982391, 7.5337972641, 10.4002256393, 7.03010654449, 10.1816759109, 7.53100204468, 8.92198467255, 12.0222625732, 11.9186038971, 6.01953315735, 6.31407928467, 4.3891210556, 4.76596784592, 4.76350975037, 4.76405954361, 3.8089120388, 3.28693604469, 2.18245434761, 1.02392351627, 0.192527398467, 0.01050321199, 0.000397011259338, 4.4402313506e-05, 1.03281527117e-05, 3.10772520606e-06, 3.52296615347e-06, 7.40935001886e-06],
        "dmean2": [0.278414934874, 1.42500960827, 2.52679204941, 2.82609415054, 3.98478198051, 10.7376852036, 9.58452606201, 11.3232784271, 10.5243082047, 10.6566743851, 9.83594322205, 13.3820180893, 22.6520328522, 11.324634552, 12.0753250122, 16.8558444977, 11.4355678558, 16.3394489288, 12.2059230804, 14.2936639786, 18.8379058838, 19.0165615082, 9.79382324219, 10.5906324387, 7.0772652626, 7.64011240005, 7.57340145111, 7.77951192856, 6.16297149658, 5.25515317917, 3.37963867188, 1.60333669186, 0.283512830734, 0.0150396702811, 0.0005806426052, 6.71184679959e-05, 1.60401887115e-05, 4.89404737891e-06, 5.66845210415e-06, 1.19468877529e-05],
        "dvar": [0.193347230554, 3.92174386978, 14.4204730988, 24.5395107269, 40.3616523743, 241.472793579, 173.645828247, 478.002990723, 462.136779785, 198.468444824, 219.386886597, 525.792297363, 1998.66210938, 299.539886475, 400.206542969, 1475.96679688, 272.940093994, 1127.8873291, 404.845977783, 588.687316895, 1537.69494629, 736.321166992, 198.512451172, 199.159088135, 102.583198547, 161.014282227, 141.197463989, 371.583465576, 384.798156738, 165.0652771, 67.2853622437, 13.8264751434, 0.536835968494, 0.0018086876953, 2.2324791189e-06, 2.41344242369e-08, 1.27221611024e-09, 1.25602347967e-10, 4.79282238897e-11, 1.83866144532e-10],
        "dvar2": [0.494316220284, 10.652346611, 37.709602356, 64.1050643921, 106.044387817, 633.21105957, 473.497558594, 1263.3359375, 1149.40576172, 492.761413574, 541.583129883, 1246.80212402, 4934.70751953, 623.980102539, 945.518798828, 3465.14892578, 657.713623047, 2526.89624023, 982.569091797, 1383.54284668, 3690.43188477, 1830.34216309, 517.077514648, 530.245300293, 260.00390625, 394.540649414, 355.786468506, 1066.11572266, 1079.02246094, 423.898712158, 152.661972046, 33.5364151001, 1.17836117744, 0.00396279478446, 4.90589036417e-06, 5.51065966192e-08, 3.16657877697e-09, 3.2488667312e-10, 1.27141686068e-10, 4.86108209241e-10],
        "max": [7.16682529449, 26.2729911804, 60.7167625427, 93.217376709, 139.721725464, 328.559906006, 270.410766602, 953.804504395, 650.395568848, 464.303466797, 397.031677246, 693.989379883, 2096.74169922, 723.335449219, 808.445068359, 1508.54492188, 589.933654785, 1293.3848877, 591.209960938, 645.286499023, 1493.1673584, 752.467163086, 399.367980957, 400.587768555, 284.252288818, 513.653991699, 385.680755615, 905.288879395, 919.276794434, 389.734863281, 194.811340332, 82.2723312378, 27.2398910522, 1.58905887604, 0.0503167174757, 0.00404449691996, 0.00106283591595, 0.000365853891708, 0.000185668774066, 0.000199535250431],
        "mean": [0.259688138962, 1.4563382864, 2.44670295715, 2.25176739693, 3.39648580551, 9.91922664642, 10.3855628967, 14.269361496, 10.7542762756, 12.3224086761, 11.5114994049, 16.1564998627, 25.7852115631, 14.6385068893, 15.444519043, 22.6514797211, 15.59973526, 18.45454216, 15.9672403336, 20.0764503479, 28.3547897339, 25.6452274323, 14.0586576462, 12.7283620834, 9.73877716064, 11.3414850235, 12.0016202927, 10.6876993179, 7.64179944992, 6.17872333527, 4.15266227722, 1.76834928989, 0.3554507792, 0.0184795763344, 0.00077843409963, 0.000104574937723, 2.90331863653e-05, 8.79565232026e-06, 1.33063740577e-05, 2.58379113802e-05],
        "median": [0.0125355953351, 0.141393959522, 0.48809504509, 0.57167160511, 1.08203983307, 3.04374980927, 4.1762752533, 6.11729288101, 4.92096424103, 5.05034828186, 4.36157989502, 4.77720832825, 6.23029565811, 5.89008808136, 5.55290317535, 4.7973947525, 5.01719427109, 4.88566112518, 3.78818488121, 3.11425638199, 2.81781291962, 3.27628803253, 3.36758804321, 2.98520183563, 2.61119747162, 1.737844944, 1.51392412186, 1.15468978882, 0.844185709953, 0.444939672947, 0.189252704382, 0.0466716438532, 0.00493933539838, 0.000224455157877, 3.13606324198e-05, 1.20895674627e-05, 5.68812765778e-06, 1.68570363712e-06, 4.71683915748e-06, 9.95718892227e-06],
        "min": [8.34487610237e-22, 2.40686738085e-21, 2.25035067256e-20, 3.6706213999e-20, 7.61864686552e-20, 1.50810250962e-19, 1.61483142685e-19, 2.03799066185e-19, 6.80041104807e-19, 1.28216107213e-18, 5.7680767189e-19, 9.18207909857e-19, 9.30272339091e-19, 1.05596791324e-18, 1.73577275458e-18, 1.97463501173e-18, 1.31533266905e-18, 3.85999945099e-18, 5.72465852554e-18, 5.40926282978e-18, 6.92575827578e-18, 5.66498282102e-18, 9.45092810049e-18, 9.36391449031e-18, 9.12529190874e-18, 1.25816991855e-17, 1.43321266854e-17, 1.47370994241e-17, 1.88400476112e-17, 1.46293177903e-17, 1.60638474958e-17, 1.42638445802e-17, 1.12805639343e-17, 1.08301070153e-17, 7.96999108107e-18, 5.23860016657e-18, 2.9608901075e-18, 1.10015279963e-18, 2.44892817406e-19, 3.64433095048e-20],
        "var": [0.359706521034, 8.23210048676, 23.2604064941, 27.5526046753, 49.3799362183, 368.810394287, 314.026916504, 722.402709961, 558.262084961, 466.089050293, 436.127410889, 1404.39550781, 5396.01416016, 760.364990234, 1130.88977051, 5665.49316406, 1265.78833008, 2935.99389648, 1350.00354004, 2156.85375977, 6996.16992188, 2799.51318359, 624.658081055, 476.069458008, 276.503662109, 683.487854004, 548.429931641, 536.85760498, 431.531036377, 274.959350586, 142.671234131, 28.8425579071, 1.25582504272, 0.00394031684846, 5.40737437404e-06, 6.36448689306e-08, 3.23460525031e-09, 2.86787565917e-10, 2.83936818501e-10, 1.0324909816e-09]
    },
    "gfcc": {
        "mean": [-109.890319824, 164.734115601, -165.853240967, 51.4945373535, -63.320941925, -9.01867866516, -8.81280517578, -27.646232605, 3.25190639496, -19.7728443146, 0.498912841082, -6.46706295013, -2.99804830551],
        "cov": [[15542.8496094, -2435.42041016, -851.490844727, 3131.60961914, -1009.284729, 2006.38586426, -47.0975646973, 607.297973633, 1331.26879883, -409.435333252, 904.589355469, -81.2465133667, 656.708068848], [-2435.42041016, 1358.01916504, 337.568054199, -595.909118652, 650.103210449, -516.834533691, 140.36328125, -137.773635864, -226.352661133, 151.563369751, -137.583847046, 71.7693328857, -96.0931167603], [-851.490844727, 337.568054199, 801.774353027, 93.9470825195, 150.37310791, 21.7147083282, -112.205314636, -0.155470997095, -125.964797974, 85.1538772583, 32.7653160095, 15.5579910278, 36.7449645996], [3131.60961914, -595.909118652, 93.9470825195, 1069.64904785, -202.171569824, 541.422302246, -4.92529296875, 117.373054504, 358.639099121, -85.0485534668, 213.752059937, 22.5514850616, 139.145187378], [-1009.284729, 650.103210449, 150.37310791, -202.171569824, 625.880432129, -128.129928589, 115.76335907, 80.9814758301, -18.0495147705, 143.950454712, -50.0583343506, 43.5230712891, -9.01658248901], [2006.38586426, -516.834533691, 21.7147083282, 541.422302246, -128.129928589, 571.777587891, 9.28834533691, 183.789916992, 251.278335571, -49.2441444397, 168.620056152, -30.1605434418, 99.7745132446], [-47.0975646973, 140.36328125, -112.205314636, -4.92529296875, 115.76335907, 9.28834533691, 249.757492065, 33.7765388489, 63.278629303, 41.0130462646, -30.6296215057, 25.4587364197, -34.4036064148], [607.297973633, -137.773635864, -0.155470997095, 117.373054504, 80.9814758301, 183.789916992, 33.7765388489, 219.854782104, 116.435180664, 31.8535556793, 68.8898773193, -33.2383003235, 53.9116172791], [1331.26879883, -226.352661133, -125.964797974, 358.639099121, -18.0495147705, 251.278335571, 63.278629303, 116.435180664, 286.48147583, 0.205505728722, 92.7043380737, 20.362575531, 48.7790184021], [-409.435333252, 151.563369751, 85.1538772583, -85.0485534668, 143.950454712, -49.2441444397, 41.0130462646, 31.8535556793, 0.205505728722, 142.325820923, 4.57892513275, 18.8381919861, 7.54590749741], [904.589355469, -137.583847046, 32.7653160095, 213.752059937, -50.0583343506, 168.620056152, -30.6296215057, 68.8898773193, 92.7043380737, 4.57892513275, 156.010421753, 11.4491291046, 60.0561447144], [-81.2465133667, 71.7693328857, 15.5579910278, 22.5514850616, 43.5230712891, -30.1605434418, 25.4587364197, -33.2383003235, 20.362575531, 18.8381919861, 11.4491291046, 96.7602081299, 14.8427200317], [656.708068848, -96.0931167603, 36.7449645996, 139.145187378, -9.01658248901, 99.7745132446, -34.4036064148, 53.9116172791, 48.7790184021, 7.54590749741, 60.0561447144, 14.8427200317, 110.614326477]],
        "icov": [[0.000357084616553, -0.000434748450061, 0.000698933261447, -0.000880384002812, 0.00041982147377, -0.000415517919464, 0.000230457808357, -0.000286232650978, 0.000113085246994, -1.80868846655e-05, -0.000391725072404, 0.000400673307013, -0.000891889561899], [-0.000434748450061, 0.00564046017826, -0.00348939746618, 0.00305882049724, -0.00498188659549, 0.00368103594519, -0.00345469103195, 0.00447710417211, -0.00269783823751, 0.0028584243264, -0.002841348527, 0.00145888270345, 0.000151066182298], [0.000698933261447, -0.00348939746618, 0.00497537152842, -0.00381320458837, 0.00248908274807, -0.00308097666129, 0.00323845213279, -0.00294861546718, 0.00413118395954, -0.00326648517512, 0.0010851463303, -0.000939789635595, -0.000672563328408], [-0.000880384002812, 0.00305882049724, -0.00381320458837, 0.00609165010974, -0.00243531144224, 0.00110220443457, -0.00235268846154, 0.00380720384419, -0.00456067500636, 0.00282797589898, -0.00132899440359, 8.127286128e-05, 0.000236760708503], [0.00041982147377, -0.00498188659549, 0.00248908274807, -0.00243531144224, 0.0071848728694, -0.00260648853146, 0.00218600779772, -0.00555680692196, 0.00194323167671, -0.00376966502517, 0.00323476968333, -0.00232447707094, -0.000302917702356], [-0.000415517919464, 0.00368103594519, -0.00308097666129, 0.00110220443457, -0.00260648853146, 0.00798781961203, -0.00305400439538, 0.000609746261034, -0.00360323232599, 0.0033503677696, -0.00352103193291, 0.00242091505788, -0.000415644666646], [0.000230457808357, -0.00345469103195, 0.00323845213279, -0.00235268846154, 0.00218600779772, -0.00305400439538, 0.00837670173496, -0.00371607276611, 0.00157174677588, -0.00371076539159, 0.00377737800591, -0.00311559159309, 0.00279100541957], [-0.000286232650978, 0.00447710417211, -0.00294861546718, 0.00380720384419, -0.00555680692196, 0.000609746261034, -0.00371607276611, 0.0139936963096, -0.00541802076623, 0.00170719320886, -0.00431312713772, 0.00634532142431, -0.00343694537878], [0.000113085246994, -0.00269783823751, 0.00413118395954, -0.00456067500636, 0.00194323167671, -0.00360323232599, 0.00157174677588, -0.00541802076623, 0.0129546262324, -0.00407582614571, 0.00143414188642, -0.00422337977216, 0.0022410065867], [-1.80868846655e-05, 0.0028584243264, -0.00326648517512, 0.00282797589898, -0.00376966502517, 0.0033503677696, -0.00371076539159, 0.00170719320886, -0.00407582614571, 0.0133413616568, -0.00405928259715, 0.00112023216207, -0.00225641694851], [-0.000391725072404, -0.002841348527, 0.0010851463303, -0.00132899440359, 0.00323476968333, -0.00352103193291, 0.00377737800591, -0.00431312713772, 0.00143414188642, -0.00405928259715, 0.0148190921172, -0.00439035939053, 7.30976098566e-05], [0.000400673307013, 0.00145888270345, -0.000939789635595, 8.127286128e-05, -0.00232447707094, 0.00242091505788, -0.00311559159309, 0.00634532142431, -0.00422337977216, 0.00112023216207, -0.00439035939053, 0.0165372528136, -0.00538557907566], [-0.000891889561899, 0.000151066182298, -0.000672563328408, 0.000236760708503, -0.000302917702356, -0.000415644666646, 0.00279100541957, -0.00343694537878, 0.0022410065867, -0.00225641694851, 7.30976098566e-05, -0.00538557907566, 0.0171343758702]]
    },
    "melbands": {
        "dmean": [0.00135633314494, 0.000853473437019, 0.000284987676423, 0.000297869293718, 0.000221894399147, 0.000154152061441, 9.17936049518e-05, 7.33378110453e-05, 5.32994708919e-05, 5.86931200814e-05, 7.02375982655e-05, 2.92371423711e-05, 2.53666858043e-05, 2.68964613497e-05, 2.70183900284e-05, 1.46676884469e-05, 2.1757927243e-05, 1.20921240523e-05, 1.69366576301e-05, 1.36663275043e-05, 1.52353723024e-05, 1.49100224007e-05, 7.82908045949e-06, 4.69094266009e-06, 5.89369165027e-06, 3.38873678629e-06, 3.63272829418e-06, 3.48992966792e-06, 3.21793163494e-06, 3.45729836226e-06, 2.78058951153e-06, 2.26505767387e-06, 2.27089321925e-06, 1.81736720606e-06, 1.43867089264e-06, 9.42204906096e-07, 5.51509970137e-07, 1.63675153431e-07, 2.7354378318e-08, 7.29981741721e-10],
        "dmean2": [0.00219017337076, 0.00139841926284, 0.000469916732982, 0.000499255140312, 0.000370671739802, 0.00025147566339, 0.000152423846885, 0.000118138515973, 8.5044754087e-05, 9.31341273827e-05, 0.000113454101665, 4.65310913569e-05, 4.06434264733e-05, 4.27045597462e-05, 4.35560796177e-05, 2.34541712416e-05, 3.48460307578e-05, 1.96204782696e-05, 2.72158431471e-05, 2.18678978854e-05, 2.41051766352e-05, 2.402642167e-05, 1.25563401525e-05, 7.73747342464e-06, 9.9248263723e-06, 5.55704809813e-06, 5.88623697695e-06, 5.67423830944e-06, 5.22133268532e-06, 5.65132768315e-06, 4.61296167487e-06, 3.73540501641e-06, 3.70793918592e-06, 2.90530488201e-06, 2.27375699069e-06, 1.46570334891e-06, 8.75186231042e-07, 2.40194992784e-07, 3.97010211373e-08, 1.12397158247e-09],
        "dvar": [1.03074289655e-05, 3.67845223082e-06, 5.95885467192e-07, 5.59022396374e-07, 2.41045569283e-07, 2.01288059998e-07, 8.57878106331e-08, 2.56532253218e-08, 1.61219375627e-08, 2.90499748701e-08, 4.94160055098e-08, 5.80263703753e-09, 3.34422356474e-09, 9.80609993206e-09, 7.74226993627e-09, 1.26261767708e-09, 5.37673949808e-09, 1.09700826201e-09, 2.57430810002e-09, 1.47374856763e-09, 2.41459252592e-09, 1.19631993201e-09, 3.86782772477e-10, 1.11816632342e-10, 1.8772405852e-10, 6.50913628553e-11, 8.39426028687e-11, 9.12175890377e-11, 6.37201055809e-11, 9.8759729561e-11, 1.39141587141e-10, 1.18282134087e-10, 1.19288912082e-10, 4.45600709109e-11, 2.92055858664e-11, 1.16549304929e-11, 4.20285290945e-12, 4.08627938344e-13, 1.37992212668e-14, 3.06939593794e-17],
        "dvar2": [2.7284188036e-05, 9.73704118223e-06, 1.47617038238e-06, 1.4412347582e-06, 6.48736943276e-07, 5.2899270031e-07, 2.12247158515e-07, 6.55519798443e-08, 3.86340666125e-08, 6.73718432154e-08, 1.21298327826e-07, 1.15083809149e-08, 7.94339705124e-09, 2.37004016412e-08, 1.76874319635e-08, 3.03242031485e-09, 1.19155076916e-08, 2.56206722504e-09, 6.31559693431e-09, 3.47737572071e-09, 5.83019410527e-09, 3.02951996822e-09, 9.51374867775e-10, 3.00521357799e-10, 5.00175845186e-10, 1.59219734619e-10, 2.15143278193e-10, 2.22829782404e-10, 1.65880947867e-10, 2.70100219968e-10, 4.0030953552e-10, 3.30505345314e-10, 3.28772231661e-10, 1.09640276025e-10, 6.71979902278e-11, 2.71935234747e-11, 1.04276786858e-11, 9.13246691811e-13, 3.10543115474e-14, 6.46195744458e-17],
        "max": [0.048715043813, 0.0303162224591, 0.0134734567255, 0.0155522469431, 0.00934725813568, 0.0189279485494, 0.00848664995283, 0.00493206921965, 0.00362607766874, 0.00544007495046, 0.0106798503548, 0.00302276713774, 0.00181135325693, 0.00330990413204, 0.00348481093533, 0.000894062744919, 0.00279059936292, 0.000953810871579, 0.00152417586651, 0.000930314068682, 0.00192305899691, 0.00105519336648, 0.000464672513772, 0.000362968072295, 0.000391326670069, 0.000191621700651, 0.000247573683737, 0.000412408320699, 0.00024082994787, 0.000399633630877, 0.00054522335995, 0.000480498623801, 0.000469545513624, 0.000194234729861, 0.000128616491565, 8.03638104117e-05, 4.19899224653e-05, 2.56667699432e-05, 4.42431291958e-06, 2.59815749359e-07],
        "mean": [0.0021935061086, 0.00151201395784, 0.000418024021201, 0.000467564794235, 0.000405957922339, 0.000317430996802, 0.000158148090122, 0.000135107344249, 9.58776072366e-05, 0.00011052377522, 0.000127591221826, 5.58397441637e-05, 5.00645764987e-05, 5.26041039848e-05, 5.87492795603e-05, 2.60095002886e-05, 3.63643121091e-05, 2.25587882596e-05, 3.15333709295e-05, 2.7901474823e-05, 3.34863943863e-05, 2.92175409413e-05, 1.62238975463e-05, 9.87636758509e-06, 1.06037432488e-05, 6.78218793837e-06, 7.11006941856e-06, 7.66667744756e-06, 7.39404185879e-06, 7.53729636926e-06, 5.62114610148e-06, 4.25446160079e-06, 3.97079520553e-06, 3.23349763676e-06, 2.5783529054e-06, 1.63399602116e-06, 8.69226994382e-07, 2.93143671115e-07, 4.0426701986e-08, 7.47117867572e-10],
        "median": [0.000143465746078, 0.000259166641627, 0.000115771006676, 0.000153374960064, 0.00016772163508, 0.000139549723826, 7.18888622941e-05, 5.32218946319e-05, 3.21975167026e-05, 2.84991183435e-05, 2.83853987639e-05, 2.17129781959e-05, 1.78077061719e-05, 1.25208571262e-05, 1.12396410259e-05, 8.70197618497e-06, 8.22921356303e-06, 5.49712240172e-06, 4.35381252828e-06, 3.55479414793e-06, 2.94648862109e-06, 3.43070132658e-06, 3.08723929265e-06, 2.5787044251e-06, 2.10848247661e-06, 1.63145739407e-06, 1.35613709062e-06, 9.31245153879e-07, 9.27718929233e-07, 7.41332939924e-07, 5.87697456922e-07, 4.92118772399e-07, 3.28661144522e-07, 1.9121016237e-07, 1.10081899152e-07, 4.94200307344e-08, 1.61179691816e-08, 1.38520306336e-09, 2.10866914208e-11, 3.63646179141e-12],
        "min": [7.64860364382e-24, 8.8409440251e-24, 9.32065034156e-24, 8.91660446338e-24, 6.21544808844e-24, 5.14916965197e-24, 1.2388468082e-23, 1.30653249381e-23, 5.01991479265e-24, 5.25083094569e-24, 4.49614467817e-24, 3.59608948963e-24, 5.25899960036e-24, 7.56857370499e-24, 3.33677789388e-24, 3.15810839302e-24, 6.07408145321e-24, 9.33187819883e-24, 6.37239393769e-24, 7.29268459174e-24, 5.82827081742e-24, 6.02147113615e-24, 5.58976621691e-24, 8.45793233409e-24, 7.28557301068e-24, 4.51593207069e-24, 8.82180862612e-24, 8.2333491564e-24, 8.04181451747e-24, 8.64735598124e-24, 8.8504639985e-24, 1.14347123706e-23, 5.94415527326e-24, 8.61944687127e-24, 7.22158219177e-24, 9.88258672993e-24, 7.98740914742e-24, 8.00475698759e-24, 6.88508095088e-24, 9.58315721841e-24],
        "var": [2.11031674553e-05, 7.25954305381e-06, 7.92648620518e-07, 8.00163775239e-07, 4.42888705265e-07, 3.24043270439e-07, 1.09106601087e-07, 5.73193190689e-08, 3.66297889798e-08, 7.84771003737e-08, 1.35268550139e-07, 1.31189148433e-08, 9.58690637987e-09, 2.82209722258e-08, 4.64364191544e-08, 2.64250488158e-09, 1.38108902092e-08, 2.9577575944e-09, 7.14190928619e-09, 5.44861533669e-09, 1.00700923156e-08, 3.84350506977e-09, 1.14470144474e-09, 2.87608936667e-10, 3.92974069952e-10, 1.65061311841e-10, 2.10870917949e-10, 3.68873875889e-10, 2.20131080031e-10, 2.49399501051e-10, 1.68324895689e-10, 1.3317046077e-10, 1.41316514046e-10, 7.80273554102e-11, 5.75067597708e-11, 2.45836614954e-11, 7.76813249143e-12, 8.92751855514e-13, 2.51060785795e-14, 3.98677960368e-17]
    },
    "mfcc": {
        "mean": [-715.413085938, 150.164718628, -19.8484745026, 37.7372741699, -19.012090683, 17.6755409241, -14.0222892761, 8.06064414978, -9.66915416718, 0.784144759178, -6.7682352066, 1.83400166035, -4.58856773376],
        "cov": [[13846.7607422, -1965.23522949, -1158.23815918, 1950.37548828, -627.195983887, 1570.07983398, -761.985412598, 1481.33081055, 25.6200695038, 1043.32958984, -391.229187012, 1106.71643066, -93.6366348267], [-1965.23522949, 1128.06176758, 43.2015190125, -170.654052734, 266.872406006, -222.718826294, 227.416992188, -260.108123779, 78.0636978149, -220.033981323, 145.032012939, -174.131332397, 96.5720062256], [-1158.23815918, 43.2015190125, 862.912414551, -47.1234550476, 220.523239136, -21.1014041901, 73.1735153198, -120.547622681, -110.057151794, -66.9634780884, -66.7301101685, -1.66458845139, -20.0709209442], [1950.37548828, -170.654052734, -47.1234550476, 615.445007324, 4.63869094849, 294.416412354, -87.3519515991, 205.501480103, 42.9392929077, 120.92250824, -41.2389411926, 182.660736084, 35.5184020996], [-627.195983887, 266.872406006, 220.523239136, 4.63869094849, 432.80166626, 13.2613801956, 92.635597229, -14.7334413528, 54.6464080811, 25.0124092102, 23.6085987091, 37.239025116, 49.3305473328], [1570.07983398, -222.718826294, -21.1014041901, 294.416412354, 13.2613801956, 341.067687988, -40.1472473145, 217.544921875, 36.3893737793, 155.360092163, -21.2069549561, 160.425186157, 10.1905899048], [-761.985412598, 227.416992188, 73.1735153198, -87.3519515991, 92.635597229, -40.1472473145, 199.128875732, -44.8072662354, 51.8792915344, -24.447561264, 68.8513717651, -43.3969802856, 21.07604599], [1481.33081055, -260.108123779, -120.547622681, 205.501480103, -14.7334413528, 217.544921875, -44.8072662354, 306.653991699, 52.701587677, 175.829177856, -9.36111450195, 138.030303955, -1.31784510612], [25.6200695038, 78.0636978149, -110.057151794, 42.9392929077, 54.6464080811, 36.3893737793, 51.8792915344, 52.701587677, 163.716949463, 59.5846176147, 65.5344696045, 30.042881012, 27.9629001617], [1043.32958984, -220.033981323, -66.9634780884, 120.92250824, 25.0124092102, 155.360092163, -24.447561264, 175.829177856, 59.5846176147, 230.425094604, 7.5084066391, 132.089157104, -2.25354981422], [-391.229187012, 145.032012939, -66.7301101685, -41.2389411926, 23.6085987091, -21.2069549561, 68.8513717651, -9.36111450195, 65.5344696045, 7.5084066391, 137.675521851, -14.3989057541, 30.1665916443], [1106.71643066, -174.131332397, -1.66458845139, 182.660736084, 37.239025116, 160.425186157, -43.3969802856, 138.030303955, 30.042881012, 132.089157104, -14.3989057541, 213.967407227, 23.6507453918], [-93.6366348267, 96.5720062256, -20.0709209442, 35.5184020996, 49.3305473328, 10.1905899048, 21.07604599, -1.31784510612, 27.9629001617, -2.25354981422, 30.1665916443, 23.6507453918, 87.8165817261]],
