{
"lowlevel": {
    "average_loudness": 0.313762038946,
    "barkbands_crest": {
        "dmean": 2.32554531097,
        "dmean2": 3.67787408829,
        "dvar": 4.95390462875,
        "dvar2": 11.6617412567,
        "max": 26.0641212463,
        "mean": 11.4503669739,
        "median": 10.5064649582,
        "min": 2.095703125,
        "var": 23.4641265869
    },
    "barkbands_flatness_db": {
        "dmean": 0.0181594993919,
        "dmean2": 0.0286780968308,
        "dvar": 0.000308892253088,
        "dvar2": 0.000718800525647,
        "max": 0.490735709667,
        "mean": 0.216910734773,
        "median": 0.207263574004,
        "min": 0.0162180960178,
        "var": 0.0031708960887
    },
    "barkbands_kurtosis": {
        "dmean": 2.77631735802,
        "dmean2": 4.37520694733,
        "dvar": 62.0361862183,
        "dvar2": 156.792129517,
        "max": 282.216308594,
        "mean": 5.0099105835,
        "median": 1.94955301285,
        "min": -1.89898645878,
        "var": 138.182540894
    },
    "barkbands_skewness": {
        "dmean": 0.434073835611,
        "dmean2": 0.665953755379,
        "dvar": 0.316938579082,
        "dvar2": 0.714663922787,
        "max": 13.9243984222,
        "mean": 1.483974576,
        "median": 1.31537973881,
        "min": -6.85434103012,
        "var": 1.71789860725
    },
    "barkbands_spread": {
        "dmean": 3.44871783257,
        "dmean2": 5.29231548309,
        "dvar": 25.2643871307,
        "dvar2": 49.5347480774,
        "max": 97.6410446167,
        "mean": 15.6363983154,
        "median": 13.666970253,
        "min": 0.357157498598,
        "var": 117.356529236
    },
    "dissonance": {
        "dmean": 0.022282358259,
        "dmean2": 0.037779070437,
        "dvar": 0.000426139071351,
        "dvar2": 0.00116937351413,
        "max": 0.500000119209,
        "mean": 0.449776172638,
        "median": 0.45672622323,
        "min": 0.208146691322,
        "var": 0.00118611135986
    },
    "dynamic_complexity": 4.99405574799,
    "erbbands_crest": {
        "dmean": 2.60323095322,
        "dmean2": 4.08296918869,
        "dvar": 6.08069610596,
        "dvar2": 14.228676796,
        "max": 31.7988796234,
        "mean": 11.523270607,
        "median": 10.2465143204,
        "min": 2.37036395073,
        "var": 29.628452301
    },
    "erbbands_flatness_db": {
        "dmean": 0.0134797468781,
        "dmean2": 0.0203290972859,
        "dvar": 0.000171608175151,
        "dvar2": 0.000348585628672,
        "max": 0.424395620823,
        "mean": 0.254058510065,
        "median": 0.250968903303,
        "min": 0.0914847105742,
        "var": 0.00206056470051
    },
    "erbbands_kurtosis": {
        "dmean": 1.08391332626,
        "dmean2": 1.68601989746,
        "dvar": 4.43595981598,
        "dvar2": 9.94016456604,
        "max": 57.0181427002,
        "mean": 1.12994074821,
        "median": 0.108505725861,
        "min": -1.92210352421,
        "var": 13.0215368271
    },
    "erbbands_skewness": {
        "dmean": 0.34647077322,
        "dmean2": 0.522951126099,
        "dvar": 0.150365799665,
        "dvar2": 0.287440389395,
        "max": 7.07900094986,
        "mean": 0.733082413673,
        "median": 0.64210575819,
        "min": -6.19576263428,
        "var": 0.873706519604
    },
    "erbbands_spread": {
        "dmean": 5.13637590408,
        "dmean2": 7.93767023087,
        "dvar": 44.3804740906,
        "dvar2": 97.5360717773,
        "max": 121.834205627,
        "mean": 29.4405651093,
        "median": 26.2271556854,
        "min": 2.95435476303,
        "var": 242.072494507
    },
    "hfc": {
        "dmean": 3.17753791809,
        "dmean2": 4.75372362137,
        "dvar": 24.1397418976,
        "dvar2": 51.0621299744,
        "max": 116.916305542,
        "mean": 15.664814949,
        "median": 9.05868721008,
        "min": 1.15748336027e-16,
        "var": 268.137115479
    },
    "melbands_crest": {
        "dmean": 2.91330957413,
        "dmean2": 4.5980386734,
        "dvar": 7.53251361847,
        "dvar2": 17.9995002747,
        "max": 36.5992088318,
        "mean": 14.7252912521,
        "median": 13.5802612305,
        "min": 1.93629205227,
        "var": 36.7564239502
    },
    "melbands_flatness_db": {
        "dmean": 0.0199603009969,
        "dmean2": 0.0295434165746,
        "dvar": 0.00039960606955,
        "dvar2": 0.000837515981402,
        "max": 0.641731917858,
        "mean": 0.248505815864,
        "median": 0.233448758721,
        "min": 0.00524658383802,
        "var": 0.0072103952989
    },
    "melbands_kurtosis": {
        "dmean": 4.8051943779,
        "dmean2": 7.54320812225,
        "dvar": 131.643280029,
        "dvar2": 335.289703369,
        "max": 287.222473145,
        "mean": 10.7084350586,
        "median": 5.65256595612,
        "min": -1.89738368988,
        "var": 367.914489746
    },
    "melbands_skewness": {
        "dmean": 0.510142147541,
        "dmean2": 0.787010014057,
        "dvar": 0.401360273361,
        "dvar2": 0.923234522343,
        "max": 12.616692543,
        "mean": 2.10643100739,
        "median": 1.861292243,
        "min": -3.38319444656,
        "var": 2.30598735809
    },
    "melbands_spread": {
        "dmean": 4.93929386139,
        "dmean2": 7.54209947586,
        "dvar": 78.1078491211,
        "dvar2": 150.814987183,
        "max": 218.147491455,
        "mean": 20.2845554352,
        "median": 16.9641551971,
        "min": 0.406557589769,
        "var": 318.953399658
    },
    "pitch_salience": {
        "dmean": 0.0613054484129,
        "dmean2": 0.0979695022106,
        "dvar": 0.00343125942163,
        "dvar2": 0.00802934356034,
        "max": 0.896301388741,
        "mean": 0.542864918709,
        "median": 0.556967735291,
        "min": 0.0710761845112,
        "var": 0.0165451727808
    },
    "silence_rate_20dB": {
        "dmean": 0,
        "dmean2": 0,
        "dvar": 0,
        "dvar2": 0,
        "max": 1,
        "mean": 1,
        "median": 1,
        "min": 1,
        "var": 0
    },
    "silence_rate_30dB": {
        "dmean": 0.000707046885509,
        "dmean2": 0.00141426047776,
        "dvar": 0.000706538558006,
        "dvar2": 0.0016479366459,
        "max": 1,
        "mean": 0.998821735382,
        "median": 1,
        "min": 0,
        "var": 0.00117683608551
    },
    "silence_rate_60dB": {
        "dmean": 0.0263964179903,
        "dmean2": 0.0526812039316,
        "dvar": 0.0257029365748,
        "dvar2": 0.0579213649035,
        "max": 1,
        "mean": 0.182278782129,
        "median": 0,
        "min": 0,
        "var": 0.149035289884
    },
    "spectral_centroid": {
        "dmean": 186.598587036,
        "dmean2": 280.716491699,
        "dvar": 72528.8359375,
        "dvar2": 130834.164062,
        "max": 11400.4785156,
        "mean": 1245.43444824,
        "median": 1135.95544434,
        "min": 173.384506226,
        "var": 485915.34375
    },
    "spectral_complexity": {
        "dmean": 1.98043835163,
        "dmean2": 3.21814966202,
        "dvar": 4.30836391449,
        "dvar2": 9.98491191864,
        "max": 47,
        "mean": 14.2402496338,
        "median": 13,
        "min": 0,
        "var": 80.3720092773
    },
    "spectral_decrease": {
        "dmean": 1.08120978837e-09,
        "dmean2": 1.67998293055e-09,
        "dvar": 2.78319971781e-18,
        "dvar2": 6.60042979522e-18,
        "max": 4.79594412713e-29,
        "mean": -4.4626351503e-09,
        "median": -3.39154904161e-09,
        "min": -6.84514489535e-08,
        "var": 1.76943147817e-17
    },
    "spectral_energy": {
        "dmean": 0.00432292558253,
        "dmean2": 0.00670351227745,
        "dvar": 4.34515532106e-05,
        "dvar2": 0.000102510741272,
        "max": 0.26541057229,
        "mean": 0.0182638950646,
        "median": 0.0136907147244,
        "min": 1.03664802759e-20,
        "var": 0.000293701217743
    },
    "spectral_energyband_high": {
        "dmean": 0.000158316615853,
        "dmean2": 0.000239670407609,
        "dvar": 1.29499838408e-07,
        "dvar2": 2.71245994554e-07,
        "max": 0.00743492553011,
        "mean": 0.000460254057543,
        "median": 0.000135684837005,
        "min": 7.70028813795e-21,
        "var": 5.24551069248e-07
    },
    "spectral_energyband_low": {
        "dmean": 0.00115221389569,
        "dmean2": 0.00186900165863,
        "dvar": 1.51965032273e-05,
        "dvar2": 3.71521564375e-05,
        "max": 0.217872038484,
        "mean": 0.00245010969229,
        "median": 0.000724810350221,
        "min": 4.73297042491e-23,
        "var": 3.80643141398e-05
    },
    "spectral_energyband_middle_high": {
        "dmean": 0.00132512953132,
        "dmean2": 0.00194887572434,
        "dvar": 8.54684822116e-06,
        "dvar2": 1.95635529963e-05,
        "max": 0.092341825366,
        "mean": 0.00523675698787,
        "median": 0.00166195991915,
        "min": 1.49262510005e-21,
        "var": 6.71233428875e-05
    },
    "spectral_energyband_middle_low": {
        "dmean": 0.00316656101495,
        "dmean2": 0.00493054883555,
        "dvar": 2.36270770984e-05,
        "dvar2": 5.55085898668e-05,
        "max": 0.0855934172869,
        "mean": 0.0103886416182,
        "median": 0.00689271092415,
        "min": 2.0774125611e-22,
        "var": 0.000121074175695
    },
    "spectral_entropy": {
        "dmean": 0.127194553614,
        "dmean2": 0.190602049232,
        "dvar": 0.0173241086304,
        "dvar2": 0.0324428081512,
        "max": 9.81468105316,
        "mean": 7.0869884491,
        "median": 7.12115907669,
        "min": 5.10988712311,
        "var": 0.228814259171
    },
    "spectral_flux": {
        "dmean": 0.015473020263,
        "dmean2": 0.0253491532058,
        "dvar": 0.000340520433383,
        "dvar2": 0.000857943727169,
        "max": 0.297451108694,
        "mean": 0.0559491701424,
        "median": 0.0488495528698,
        "min": 6.62264826312e-11,
        "var": 0.00138474034611
    },
    "spectral_kurtosis": {
        "dmean": 4.06404972076,
        "dmean2": 7.13776445389,
        "dvar": 47.7332801819,
        "dvar2": 142.718521118,
        "max": 228.059173584,
        "mean": 6.97145414352,
        "median": 3.46835374832,
        "min": -1.61555242538,
        "var": 199.753112793
    },
    "spectral_rms": {
        "dmean": 0.000465599558083,
        "dmean2": 0.000710416468792,
        "dvar": 3.07118028786e-07,
        "dvar2": 6.65677760026e-07,
        "max": 0.016091523692,
        "mean": 0.00372827332467,
        "median": 0.00365469488315,
        "min": 3.18019482276e-12,
        "var": 3.91837511415e-06
    },
    "spectral_rolloff": {
        "dmean": 319.758636475,
        "dmean2": 536.893432617,
        "dvar": 452978.375,
        "dvar2": 902551.5,
        "max": 18992.2851562,
        "mean": 1362.08300781,
        "median": 1033.59375,
        "min": 43.06640625,
        "var": 1522070
    },
    "spectral_skewness": {
        "dmean": 0.375100076199,
        "dmean2": 0.642642855644,
        "dvar": 0.192898333073,
        "dvar2": 0.578124344349,
        "max": 10.8113918304,
        "mean": 1.45095324516,
        "median": 1.24903833866,
        "min": -0.951831758022,
        "var": 0.995354771614
    },
    "spectral_spread": {
        "dmean": 265197.875,
        "dmean2": 405890.0625,
        "dvar": 271745351680,
        "dvar2": 355537453056,
        "max": 41285608,
        "mean": 3027064.75,
        "median": 2933321.25,
        "min": 407911.15625,
        "var": 1.62186539827e+12
    },
    "spectral_strongpeak": {
        "dmean": 0.484723120928,
        "dmean2": 0.785994529724,
        "dvar": 0.508571922779,
        "dvar2": 1.26715731621,
        "max": 9.17990207672,
        "mean": 1.44341373444,
        "median": 0.841943442822,
        "min": 0,
        "var": 2.39912128448
    },
    "zerocrossingrate": {
        "dmean": 0.00650203507394,
        "dmean2": 0.00766023201868,
        "dvar": 0.00011055196228,
        "dvar2": 0.000120885342767,
        "max": 0.5068359375,
        "mean": 0.0506811439991,
        "median": 0.0458984375,
        "min": 0.001953125,
        "var": 0.00105829851236
    },
    "barkbands": {
        "dmean": [9.25346976146e-05, 0.000597569451202, 0.000574820965994, 0.000211215825402, 0.000591518066358, 0.00146552769002, 0.000737960916013, 0.000760099501349, 0.000947754248045, 0.000496120599564, 0.000341550156008, 0.000454052322311, 0.000256718340097, 0.00024422397837, 0.000193244210095, 0.00012071931269, 0.000112469468149, 0.000138377828989, 0.000102789308585, 0.000137416165671, 3.57376520697e-05, 3.58980469173e-05, 3.74004957848e-05, 1.03031807157e-05, 2.02538785743e-07, 1.19203247273e-09, 9.65765023508e-10],
        "dmean2": [0.000148388789967, 0.000995133654214, 0.000929532572627, 0.000363303290214, 0.000962411053479, 0.00228621577844, 0.0011195903644, 0.00117348588537, 0.00146197201684, 0.000761531933676, 0.000517980603036, 0.000682346755639, 0.000412450463045, 0.000374598253984, 0.000304804911138, 0.000190521415789, 0.000176958434167, 0.000216977234231, 0.000161364587257, 0.000209048506804, 5.56109189347e-05, 5.53697100258e-05, 5.77637292736e-05, 1.56904716277e-05, 2.91447975087e-07, 2.0359849362e-09, 1.70875746885e-09],
        "dvar": [2.86051829335e-07, 6.33577928966e-06, 6.76680019751e-06, 3.06770033376e-07, 1.53240091549e-06, 7.15026408216e-06, 5.98149654252e-06, 6.48277045912e-06, 5.72956514588e-06, 3.65283381143e-06, 1.7473241769e-06, 1.82992596365e-06, 8.1221679693e-07, 3.65966513982e-07, 2.82037404986e-07, 8.01765054348e-08, 1.09182337837e-07, 9.24340355368e-08, 4.10619875879e-08, 8.99932857124e-08, 7.98238097843e-09, 2.3921524317e-08, 1.25502621628e-08, 2.08889106013e-09, 1.81441916613e-12, 6.9321568156e-16, 2.24237917333e-16],
        "dvar2": [6.99120619174e-07, 1.77744987013e-05, 1.50856021719e-05, 8.57387931319e-07, 3.81516838388e-06, 1.67298167071e-05, 1.29414875119e-05, 1.42896515172e-05, 1.31673532451e-05, 9.1497631729e-06, 4.10881830248e-06, 3.98107295041e-06, 2.06928575608e-06, 8.3123160266e-07, 6.65574930281e-07, 1.83132002007e-07, 2.68280615501e-07, 2.18696243337e-07, 9.81488526008e-08, 1.88155311776e-07, 1.74229306538e-08, 5.5575998914e-08, 2.7707086403e-08, 4.74346473212e-09, 3.76115371487e-12, 1.73307970266e-15, 5.61140586952e-16],
        "max": [0.0178726110607, 0.0578411221504, 0.175168544054, 0.0209540762007, 0.0301411524415, 0.0575542449951, 0.0609850473702, 0.0797396376729, 0.0549465715885, 0.0786412581801, 0.0576076582074, 0.0424513630569, 0.0282237213105, 0.0170442983508, 0.0125624602661, 0.00837081857026, 0.0105624319986, 0.0063335984014, 0.00337637960911, 0.00685316277668, 0.002823227318, 0.00404203496873, 0.00400583958253, 0.0019885415677, 5.41652079846e-05, 1.71425870121e-06, 9.73847591013e-07],
        "mean": [0.00017355082673, 0.000991971464828, 0.0011060719844, 0.00035498678335, 0.00120362546295, 0.00342590874061, 0.00133746431675, 0.00181389483623, 0.00201247981749, 0.000881153857335, 0.000730894913431, 0.00115676724818, 0.000543397909496, 0.000515291350894, 0.000390739674913, 0.000230296922382, 0.000226870921324, 0.000298107974231, 0.000244984170422, 0.000364699109923, 7.38603048376e-05, 7.2193237429e-05, 9.33047849685e-05, 2.1097044737e-05, 2.6768222483e-07, 1.14731002476e-09, 9.99391458478e-10],
        "median": [3.33113212037e-06, 0.000146586287883, 0.000337875972036, 9.33218543651e-05, 0.000533049693331, 0.00160398229491, 0.000339979684213, 0.00024512707023, 0.000379266828531, 0.000152814303874, 6.98123621987e-05, 0.000128285682877, 9.75274888333e-05, 0.000102951104054, 7.08282605046e-05, 7.81160124461e-05, 6.71815359965e-05, 6.62220772938e-05, 5.95861092734e-05, 5.07096629008e-05, 1.7651471353e-05, 1.45386029544e-05, 1.81473496923e-05, 2.89000922749e-06, 8.23468071509e-10, 4.71984284989e-10, 4.8606185743e-10],
        "min": [1.93119835194e-24, 2.35350671507e-23, 1.07021579902e-23, 6.99563822902e-24, 4.45657375856e-23, 1.74511036369e-23, 1.6050995437e-23, 1.68674349195e-23, 1.65236114717e-23, 3.21305413279e-23, 3.13282382329e-23, 3.79164984353e-23, 6.20073764694e-23, 8.82906567313e-23, 8.32261381654e-23, 8.20396156333e-23, 1.03651810662e-22, 2.11028041916e-22, 2.31941968826e-22, 2.9003570537e-22, 2.32838821633e-22, 4.54419979682e-22, 4.76314870905e-22, 8.91055778143e-22, 1.17499097601e-21, 1.6428007904e-21, 2.24281379703e-21],
        "var": [8.1303829802e-07, 1.28061201394e-05, 1.09366819743e-05, 8.18097532829e-07, 4.0136123971e-06, 2.38821357925e-05, 1.23364197862e-05, 3.56427881343e-05, 1.89606671483e-05, 9.96328435576e-06, 6.89323360348e-06, 1.10682040031e-05, 2.98443455904e-06, 1.48937738231e-06, 8.84887128905e-07, 2.08655677625e-07, 2.92511884936e-07, 2.62968171683e-07, 1.5123957553e-07, 3.85636582223e-07, 2.31775576509e-08, 4.87520708248e-08, 3.8069565278e-08, 4.33419966583e-09, 4.17220121299e-12, 3.48582512808e-16, 1.12811368396e-16]
    },
    "erbbands": {
        "dmean": [0.0256853550673, 0.112105116248, 0.53150755167, 0.74253898859, 0.808403909206, 2.08454394341, 7.18535995483, 13.548620224, 10.4649572372, 12.1353578568, 18.5456676483, 20.3171234131, 18.3903522491, 16.1534729004, 16.0047664642, 15.3767728806, 12.0926179886, 10.7238168716, 10.7395572662, 7.45512008667, 6.81889009476, 4.8259100914, 5.36037397385, 5.99148368835, 4.91857481003, 7.20831441879, 2.45734906197, 0.934398531914, 1.21713221073, 1.3672362566, 1.05858027935, 0.367391377687, 0.0972796082497, 0.00753073068336, 0.000250937097007, 2.38809789153e-05, 5.73803163206e-06, 1.72456395831e-06, 2.41496627496e-06, 5.03388764628e-06],
        "dmean2": [0.0431816056371, 0.187743067741, 0.864447176456, 1.24181210995, 1.3897497654, 3.41755008698, 11.176782608, 20.9655132294, 16.18359375, 18.58710289, 27.8033714294, 31.2943401337, 28.5831165314, 24.4963703156, 23.6040306091, 23.0152454376, 19.3365631104, 16.6532363892, 16.7027416229, 11.6096372604, 10.788107872, 7.37674999237, 8.32817554474, 9.3762512207, 7.61825466156, 11.0130767822, 3.75538539886, 1.44799184799, 1.88034510612, 2.09206843376, 1.64956915379, 0.564777255058, 0.144031390548, 0.0108170574531, 0.000357715063728, 3.47883469658e-05, 8.63174773258e-06, 2.61593118012e-06, 3.69489271179e-06, 7.77588411438e-06],
        "dvar": [0.017656005919, 0.163738012314, 5.29709386826, 6.66583204269, 6.68565130234, 18.8262557983, 232.356262207, 696.717651367, 984.060791016, 1867.71875, 3642.34228516, 2769.26171875, 3431.17407227, 4818.86669922, 2131.74633789, 1789.99194336, 1862.71203613, 747.161010742, 924.479125977, 354.126342773, 256.929931641, 211.043548584, 135.897140503, 159.048324585, 90.8087081909, 264.441894531, 32.0123672485, 11.9299259186, 30.4226493835, 24.2881031036, 10.0293693542, 2.37878298759, 0.185605555773, 0.00150860729627, 1.49392985804e-06, 2.03210444027e-08, 2.48944465042e-09, 2.09778763804e-10, 2.06018084536e-11, 5.62644132673e-11],
        "dvar2": [0.0478214211762, 0.459206074476, 12.2570934296, 15.4079828262, 19.6465892792, 49.0862312317, 536.574157715, 1621.77807617, 2180.46044922, 4190.01171875, 7530.70263672, 6195.18798828, 8284.12207031, 11901.3056641, 4571.703125, 3924.43286133, 4749.15673828, 1771.58508301, 2202.28759766, 766.612609863, 600.634155273, 505.158172607, 310.480682373, 375.678192139, 211.309402466, 564.937072754, 68.5468063354, 26.61784935, 73.5660324097, 54.6055450439, 22.656621933, 5.44904136658, 0.413815021515, 0.00294743408449, 2.91378273687e-06, 4.70827998811e-08, 6.12648642928e-09, 5.16263642947e-10, 4.82756577769e-11, 1.31673505432e-10],
        "max": [3.51660871506, 11.0959939957, 154.61177063, 158.394866943, 87.0959014893, 104.97807312, 341.794036865, 557.772888184, 654.945068359, 1244.85302734, 2099.3371582, 1290.75048828, 1505.94567871, 2675.30273438, 1286.06335449, 1053.57873535, 1419.38806152, 921.507385254, 978.597595215, 592.974121094, 560.787841797, 679.737426758, 300.816131592, 273.047668457, 172.033752441, 475.249053955, 170.34753418, 163.454559326, 144.434249878, 186.475296021, 134.765472412, 65.8307342529, 13.4194574356, 1.67772364616, 0.046242043376, 0.00764447730035, 0.00316614937037, 0.000928995956201, 0.000213674415136, 0.000296690996038],
        "mean": [0.0426193512976, 0.181445792317, 1.02698397636, 1.38354289532, 1.64081799984, 4.19384241104, 15.0449991226, 30.6785736084, 20.2806663513, 27.5057697296, 42.7154846191, 44.8466033936, 36.2727737427, 31.9370174408, 41.4632759094, 40.1830940247, 28.1780433655, 23.8078651428, 24.3179798126, 15.517156601, 14.2839422226, 11.1144886017, 13.2500333786, 15.3191156387, 13.5452518463, 18.7515468597, 6.00843238831, 2.03428435326, 2.41824197769, 3.01628232002, 2.605884552, 0.833185851574, 0.185383424163, 0.0139033328742, 0.00053419591859, 6.64870967739e-05, 1.94810818357e-05, 6.10799997958e-06, 1.10004184535e-05, 2.21125392272e-05],
        "median": [0.00213333987631, 0.0475152507424, 0.346422255039, 0.429795712233, 0.49271222949, 1.98508906364, 5.66527223587, 12.2303104401, 7.51417779922, 5.37278652191, 7.94630289078, 10.2083482742, 7.0812497139, 5.71966981888, 5.72235774994, 6.15696382523, 5.70671606064, 5.49782705307, 4.88807821274, 4.43657875061, 4.86297369003, 3.84606051445, 3.67104387283, 3.66023612022, 2.98614406586, 2.6062514782, 1.58055734634, 0.537551164627, 0.511253595352, 0.554624199867, 0.507499277592, 0.146823346615, 0.0170445032418, 0.000779783818871, 7.74483705754e-05, 2.28479293582e-05, 9.94132005872e-06, 2.82609789792e-06, 8.28913289297e-06, 1.66274548974e-05],
        "min": [3.39894516614e-22, 4.2758831866e-21, 1.58518033e-20, 1.84118659036e-20, 7.05173604776e-20, 2.25320198999e-19, 1.3563112483e-19, 1.84162457603e-19, 2.29716250364e-19, 2.92033065033e-19, 5.38241409806e-19, 3.7685363846e-19, 7.77501799324e-19, 1.32014903157e-18, 1.8621694677e-18, 1.79656701409e-18, 2.6198751806e-18, 4.03853273773e-18, 3.8440208031e-18, 4.61921476851e-18, 5.84279646062e-18, 6.40224269713e-18, 1.06134105102e-17, 1.07767621376e-17, 1.33316715869e-17, 1.30915857228e-17, 1.09935876829e-17, 9.35615884489e-18, 1.16167028383e-17, 1.59370589058e-17, 1.46488160917e-17, 1.68742992076e-17, 1.35725862859e-17, 1.07972538829e-17, 8.57232415079e-18, 5.72794243257e-18, 3.04166450111e-18, 1.26555045825e-18, 3.03434870898e-19, 3.40915542439e-20],
        "var": [0.038710873574, 0.258859097958, 7.73566913605, 13.4504384995, 29.4684238434, 43.7415962219, 643.811096191, 2318.99462891, 1876.09692383, 6291.6484375, 16815.8886719, 10574.7333984, 8873.21484375, 12588.4091797, 12686.8417969, 10470.4550781, 7088.77050781, 3108.32348633, 3149.7590332, 979.137451172, 749.528442383, 594.019226074, 495.985107422, 553.810241699, 405.431396484, 1068.5859375, 123.570678711, 31.3168640137, 56.51795578, 61.5092163086, 29.2143630981, 5.17480564117, 0.403783470392, 0.004370120354, 4.33539889855e-06, 2.90119235302e-08, 1.87685822439e-09, 1.60183602493e-10, 1.07116759906e-10, 4.22640589193e-10]
    },
    "gfcc": {
        "mean": [-97.5037612915, 155.852264404, -176.683670044, 37.3309402466, -72.19506073, -12.098649025, -15.3622083664, -21.8488826752, 4.05653905869, -21.1362419128, 8.28921127319, -12.5111227036, -4.13016080856],
        "cov": [[9235.63671875, -1596.39355469, -1102.57836914, 1302.35314941, -1243.43310547, 761.212646484, -256.566925049, 16.6708641052, 236.142410278, -557.931274414, 706.975341797, -384.919281006, 8.1842508316], [-1596.39355469, 1787.63098145, 654.040344238, -417.998321533, 955.282653809, -423.131134033, 198.92326355, -53.5046157837, -92.118057251, 168.221160889, -211.535079956, 87.2539978027, -70.8340682983], [-1102.57836914, 654.040344238, 1030.03112793, 70.5670089722, 250.194702148, 10.3751077652, -35.7554321289, 14.0107593536, -48.9357414246, 94.9613418579, -114.959602356, 43.4080581665, 7.63629198074], [1302.35314941, -417.998321533, 70.5670089722, 720.102844238, -274.02532959, 211.612670898, -6.84801673889, -8.25950717926, 109.24861145, -110.725234985, 76.5983352661, -19.4115161896, -1.44014644623], [-1243.43310547, 955.282653809, 250.194702148, -274.02532959, 826.83203125, -210.985702515, 171.926376343, 62.0195617676, -100.453773499, 129.034133911, -147.035736084, 50.6552238464, -39.658290863], [761.212646484, -423.131134033, 10.3751077652, 211.612670898, -210.985702515, 499.52822876, 12.7943706512, 31.9173088074, 27.1867332458, -66.6688690186, 61.1415481567, -86.586479187, -18.0372676849], [-256.566925049, 198.92326355, -35.7554321289, -6.84801673889, 171.926376343, 12.7943706512, 286.712280273, 13.6802539825, 1.38954150677, 56.6690292358, -62.1137962341, 18.3653144836, -38.8441009521], [16.6708641052, -53.5046157837, 14.0107593536, -8.25950717926, 62.0195617676, 31.9173088074, 13.6802539825, 177.398880005, 18.7674427032, 5.14428567886, 15.5101823807, -36.2916603088, 19.6488189697], [236.142410278, -92.118057251, -48.9357414246, 109.24861145, -100.453773499, 27.1867332458, 1.38954150677, 18.7674427032, 204.336746216, 8.64742469788, -16.4010677338, 19.2798366547, -35.0626144409], [-557.931274414, 168.221160889, 94.9613418579, -110.725234985, 129.034133911, -66.6688690186, 56.6690292358, 5.14428567886, 8.64742469788, 138.753646851, -35.6535491943, 27.6358509064, -3.88062787056], [706.975341797, -211.535079956, -114.959602356, 76.5983352661, -147.035736084, 61.1415481567, -62.1137962341, 15.5101823807, -16.4010677338, -35.6535491943, 183.95614624, -15.9085845947, 24.9125270844], [-384.919281006, 87.2539978027, 43.4080581665, -19.4115161896, 50.6552238464, -86.586479187, 18.3653144836, -36.2916603088, 19.2798366547, 27.6358509064, -15.9085845947, 128.500976562, 18.4686374664], [8.1842508316, -70.8340682983, 7.63629198074, -1.44014644623, -39.658290863, -18.0372676849, -38.8441009521, 19.6488189697, -35.0626144409, -3.88062787056, 24.9125270844, 18.4686374664, 109.042205811]],
        "icov": [[0.000341242877766, -0.000390868226532, 0.000433101144154, -0.000515624240506, 0.000322227220749, -0.000261024193605, 0.000153714776388, -7.90353078628e-05, -0.000145851212437, 0.000348602683516, -0.000748523452785, 0.000590138777625, -0.000137078677653], [-0.000390868226532, 0.00453627156094, -0.0030883254949, 0.00222144881263, -0.00430481648073, 0.00242825970054, -0.00235061882995, 0.00364764872938, -0.00256108073518, 0.0023657574784, -0.00109069643077, 0.00159590120893, -0.000197333909455], [0.000433101144154, -0.0030883254949, 0.00365766976029, -0.00232354993932, 0.002520930022, -0.00207940652035, 0.00257376488298, -0.00266668968834, 0.00235794787295, -0.00268555548973, 0.00138115976006, -0.00134487845935, 0.000219597204705], [-0.000515624240506, 0.00222144881263, -0.00232354993932, 0.00373724359088, -0.00173394510057, 0.000888113863766, -0.0019929127302, 0.00199899426661, -0.00234788679518, 0.00251081003807, -0.000641926715616, 0.000220520305447, -0.000416328868596], [0.000322227220749, -0.00430481648073, 0.002520930022, -0.00173394510057, 0.00651833601296, -0.00164382276125, 0.00131750153378, -0.00483615603298, 0.00384317571297, -0.00300294719636, 0.00207688263617, -0.00234159710817, 0.00147052737884], [-0.000261024193605, 0.00242825970054, -0.00207940652035, 0.000888113863766, -0.00164382276125, 0.00425135809928, -0.00213991710916, 0.00156357802916, -0.00141295872163, 0.00189278228208, -0.00105321360752, 0.00230028689839, 0.000279726897134], [0.000153714776388, -0.00235061882995, 0.00257376488298, -0.0019929127302, 0.00131750153378, -0.00213991710916, 0.00658593140543, -0.00260601146147, 0.00242337700911, -0.00376598676667, 0.0024181259796, -0.00224665459245, 0.00166909454856], [-7.90353078628e-05, 0.00364764872938, -0.00266668968834, 0.00199899426661, -0.00483615603298, 0.00156357802916, -0.00260601146147, 0.0107896346599, -0.00497455755249, 0.0029904670082, -0.00313729955815, 0.00507530523464, -0.00342021370307], [-0.000145851212437, -0.00256108073518, 0.00235794787295, -0.00234788679518, 0.00384317571297, -0.00141295872163, 0.00242337700911, -0.00497455755249, 0.0098753105849, -0.0046048774384, 0.00389208761044, -0.00464957952499, 0.00398464640602], [0.000348602683516, 0.0023657574784, -0.00268555548973, 0.00251081003807, -0.00300294719636, 0.00189278228208, -0.00376598676667, 0.0029904670082, -0.0046048774384, 0.0136935114861, -0.00326044857502, 0.00212943484075, -0.00153675570618], [-0.000748523452785, -0.00109069643077, 0.00138115976006, -0.000641926715616, 0.00207688263617, -0.00105321360752, 0.0024181259796, -0.00313729955815, 0.00389208761044, -0.00326044857502, 0.0106208426878, -0.00347166950814, 0.00054729328258], [0.000590138777625, 0.00159590120893, -0.00134487845935, 0.000220520305447, -0.00234159710817, 0.00230028689839, -0.00224665459245, 0.00507530523464, -0.00464957952499, 0.00212943484075, -0.00347166950814, 0.0135690029711, -0.00402082735673], [-0.000137078677653, -0.000197333909455, 0.000219597204705, -0.000416328868596, 0.00147052737884, 0.000279726897134, 0.00166909454856, -0.00342021370307, 0.00398464640602, -0.00153675570618, 0.00054729328258, -0.00402082735673, 0.0126065174118]]
    },
    "melbands": {
        "dmean": [0.000187863668543, 0.000224503062782, 0.000121696743008, 9.07420107978e-05, 0.000213904757402, 0.000292898825137, 0.000160602998221, 0.000135880429298, 0.000148236373207, 0.000134438829264, 9.09864611458e-05, 6.71859961585e-05, 5.48736534256e-05, 6.18337944616e-05, 2.72667948593e-05, 2.41155539698e-05, 2.02210940188e-05, 1.85966073332e-05, 1.44346277011e-05, 7.46710429667e-06, 9.22720209928e-06, 5.55439964955e-06, 5.48164916836e-06, 7.39070810596e-06, 5.11737698616e-06, 4.15251270169e-06, 4.43075896328e-06, 5.43469423064e-06, 2.14164697354e-06, 6.57344287447e-07, 5.89421858876e-07, 7.13047597856e-07, 8.44599810534e-07, 8.36654919567e-07, 7.27804547296e-07, 4.05242701618e-07, 1.96430079313e-07, 8.80458514985e-08, 2.05147223653e-08, 1.47133205619e-09],
        "dmean2": [0.000313984812237, 0.000365174404578, 0.00020360792405, 0.000152763197548, 0.000334790849593, 0.000454422115581, 0.000246066192631, 0.000211873295484, 0.000220456029638, 0.000207692704862, 0.000141667478601, 0.000101735233329, 8.10533383628e-05, 9.21090395423e-05, 4.34023058915e-05, 3.84953382309e-05, 3.13533782901e-05, 2.879188105e-05, 2.25279254664e-05, 1.1811159311e-05, 1.4571288375e-05, 8.73706267157e-06, 8.46249349706e-06, 1.16810788313e-05, 7.99012195785e-06, 6.58499720885e-06, 6.80903667671e-06, 8.37201787363e-06, 3.32441231876e-06, 1.0225976439e-06, 9.34800141295e-07, 1.11378835754e-06, 1.31554077143e-06, 1.30523221742e-06, 1.14876047519e-06, 6.33017918972e-07, 3.01059117191e-07, 1.3385781017e-07, 3.03817557779e-08, 2.12490736118e-09],
        "dvar": [7.8896374589e-07, 7.81485312018e-07, 1.70724376858e-07, 4.66876457494e-08, 1.88548668234e-07, 3.18513940556e-07, 2.19477541918e-07, 2.0988163385e-07, 2.00408123874e-07, 1.22345809928e-07, 8.64103384401e-08, 8.81320048052e-08, 3.05800433864e-08, 3.60394736276e-08, 8.47279491012e-09, 4.60693660997e-09, 2.7970707972e-09, 3.14231241028e-09, 1.81067361105e-09, 3.58161139635e-10, 5.37253130872e-10, 3.1439303938e-10, 2.46011155891e-10, 2.45480108463e-10, 1.24182192307e-10, 6.54446358217e-11, 9.30495749896e-11, 1.59119925569e-10, 2.9394653378e-11, 3.72938615753e-12, 5.54022192706e-12, 1.08568093751e-11, 1.27468608585e-11, 7.49931800686e-12, 3.87772930086e-12, 2.39710248179e-12, 7.99479352078e-13, 1.53550457939e-13, 1.14591106379e-14, 1.25993609805e-16],
        "dvar2": [2.16242324313e-06, 1.81283769507e-06, 4.04217587402e-07, 1.30720792413e-07, 4.32917147464e-07, 7.45327611185e-07, 4.76959201023e-07, 4.82434813875e-07, 4.12368621028e-07, 2.78947936749e-07, 2.08889105124e-07, 2.17211237441e-07, 6.61397763224e-08, 7.76211521725e-08, 2.10514805588e-08, 1.15002514178e-08, 6.48168585471e-09, 7.24717619249e-09, 4.06970368516e-09, 7.84135978371e-10, 1.22564702831e-09, 7.82841014235e-10, 5.31921173774e-10, 5.95848925755e-10, 2.93999241618e-10, 1.60197410892e-10, 2.0702355108e-10, 3.39885036782e-10, 6.5967176166e-11, 8.6006523084e-12, 1.27382973961e-11, 2.71443666156e-11, 2.92476425023e-11, 1.77899205783e-11, 8.87104539132e-12, 5.87108747035e-12, 1.86369864853e-12, 3.5681600361e-13, 2.50729663675e-14, 2.69874279055e-16],
        "max": [0.0222979933023, 0.0592567846179, 0.0255017243326, 0.0057725678198, 0.0103195505217, 0.0127665251493, 0.0107070952654, 0.0118995159864, 0.0147410547361, 0.00960251130164, 0.00766062550247, 0.0116470530629, 0.00491275498644, 0.00601339107379, 0.00261505669914, 0.00183127098717, 0.00160299055278, 0.00189817964565, 0.00123512744904, 0.000671500223689, 0.000711023225449, 0.000687106105033, 0.000655862852, 0.000291266216664, 0.000240311404923, 0.00011991399515, 0.00018823434948, 0.000372535607312, 0.000187669807929, 7.14405978215e-05, 0.000105893697764, 9.56183939707e-05, 0.000116394403449, 7.77297682362e-05, 7.5037300121e-05, 6.34921452729e-05, 3.9553262468e-05, 1.28173878693e-05, 4.95022413816e-06, 4.14717874264e-07],
        "mean": [0.000319169310387, 0.000438580231275, 0.000252647034358, 0.000177676178282, 0.0004625658039, 0.000672278576531, 0.000315278448397, 0.000325116561726, 0.000329613714712, 0.00028623995604, 0.000173620719579, 0.000124234196846, 0.00012775803043, 0.000158816488693, 5.97951584496e-05, 5.27578558831e-05, 4.18876734329e-05, 3.93269838241e-05, 2.9353201171e-05, 1.36964026751e-05, 1.79337694135e-05, 1.09829261419e-05, 1.12674688353e-05, 1.58862658282e-05, 1.18519319585e-05, 1.01026307675e-05, 1.06723582576e-05, 1.30875878313e-05, 4.39690211351e-06, 1.27423015783e-06, 1.09768234324e-06, 1.27693760987e-06, 1.58200168698e-06, 1.71982912889e-06, 1.70611156136e-06, 8.42194822326e-07, 3.80064449246e-07, 1.502823892e-07, 3.23015463266e-08, 1.98993643785e-09],
        "median": [2.95564259432e-05, 0.000153813991346, 8.13317601569e-05, 7.35975627322e-05, 0.000186301083886, 0.000284602196189, 0.000108100037323, 5.56536979275e-05, 6.15112367086e-05, 5.49788019271e-05, 2.74120393442e-05, 1.80024562724e-05, 1.49262277773e-05, 1.71766459971e-05, 1.04912587631e-05, 1.16548108053e-05, 8.67364815349e-06, 7.10840913598e-06, 5.3975895753e-06, 4.6936356739e-06, 5.24774031874e-06, 3.45632133758e-06, 2.5999902391e-06, 3.47494096786e-06, 2.53631560554e-06, 2.2932081265e-06, 1.66072072716e-06, 1.61191928783e-06, 9.46539785218e-07, 2.57896431322e-07, 2.11660875493e-07, 2.47136796361e-07, 2.80208240611e-07, 2.8079614367e-07, 3.27258760535e-07, 1.41934719977e-07, 5.20551495242e-08, 6.87993750859e-09, 1.54314769296e-10, 6.56950275429e-12],
        "min": [7.73230573017e-24, 7.54552240048e-24, 4.85568617953e-24, 9.78944355627e-24, 6.1662484115e-24, 3.59469793899e-24, 3.56276839942e-24, 3.11292007379e-24, 4.68828752886e-24, 1.98309672204e-24, 4.29032534598e-24, 5.06120811117e-24, 4.71895607427e-24, 3.75685066464e-24, 4.06190278226e-24, 7.10944640296e-24, 8.09601715027e-24, 6.62103027324e-24, 7.16783236514e-24, 5.48021749743e-24, 6.43308100713e-24, 5.47799764284e-24, 9.63435823546e-24, 9.99660552972e-24, 8.63384042735e-24, 8.37423655863e-24, 1.13553498081e-23, 7.76081437443e-24, 6.46056255448e-24, 6.23109435564e-24, 4.9636934648e-24, 5.40187335435e-24, 1.08471837567e-23, 8.27583247159e-24, 8.09947946078e-24, 7.71710280281e-24, 1.07959267305e-23, 1.07389875393e-23, 7.71366179154e-24, 9.26347449201e-24],
        "var": [1.75198613306e-06, 1.21806078823e-06, 4.31080138696e-07, 1.22854800111e-07, 5.45361103832e-07, 1.06555762613e-06, 4.48808606279e-07, 8.99002827737e-07, 8.38583389395e-07, 4.19184431166e-07, 2.25813920451e-07, 2.32731082406e-07, 1.65207822533e-07, 2.21508969389e-07, 3.24134852292e-08, 1.60733737431e-08, 1.13509734945e-08, 1.0765420555e-08, 5.57761170583e-09, 8.86947737477e-10, 1.52228696315e-09, 7.30598526122e-10, 7.98055510565e-10, 7.86905873795e-10, 3.7351041704e-10, 2.59735483121e-10, 3.31292576705e-10, 5.98269711549e-10, 9.1592650131e-11, 9.08843746789e-12, 1.28818318859e-11, 1.78417870755e-11, 2.51725584821e-11, 1.8221596107e-11, 1.14919913863e-11, 4.78957455294e-12, 1.49413944758e-12, 2.91865246164e-13, 2.73843685087e-14, 2.87259630298e-16]
    },
    "mfcc": {
        "mean": [-706.322998047, 149.873947144, -29.4524421692, 27.1601734161, -23.2445755005, 4.62311315536, -16.6215400696, 7.5241560936, -19.7444629669, 10.9722595215, -8.17554283142, 1.30230236053, -0.135144606233],
        "cov": [[8150.54541016, -1172.05249023, -1032.17565918, 686.962585449, -764.455566406, 371.661102295, -365.473602295, 647.718444824, -887.789306641, 726.377319336, -445.087127686, 167.722061157, 13.3616514206], [-1172.05249023, 1497.18164062, 139.54776001, 54.0027122498, 420.57220459, -63.2491912842, 199.831344604, -177.408279419, 211.279602051, -201.97883606, 149.439697266, -30.8022346497, 60.1013374329], [-1032.17565918, 139.54776001, 1015.48266602, 10.6348876953, 201.926727295, 126.587158203, 7.31048297882, -49.8288841248, 108.016548157, -107.541351318, 42.1548690796, 17.1644268036, -58.3153381348], [686.962585449, 54.0027122498, 10.6348876953, 510.52456665, 27.304775238, 17.141330719, -27.6647033691, 63.9850845337, -20.1879558563, -5.72684764862, -17.7592658997, 41.6469535828, 34.3959007263], [-764.455566406, 420.57220459, 201.926727295, 27.304775238, 414.557800293, -31.4448547363, 113.168006897, -34.037361145, 116.023796082, -81.3248062134, 45.8620109558, 1.12557435036, 14.4389429092], [371.661102295, -63.2491912842, 126.587158203, 17.141330719, -31.4448547363, 300.096221924, 28.6003932953, 68.5461502075, 29.5001659393, 29.3655986786, 38.0175361633, 7.30522966385, -15.4330301285], [-365.473602295, 199.831344604, 7.31048297882, -27.6647033691, 113.168006897, 28.6003932953, 311.809204102, 9.51562309265, 38.3411979675, 13.5289516449, 15.5271940231, -30.0800895691, -3.35540962219], [647.718444824, -177.408279419, -49.8288841248, 63.9850845337, -34.037361145, 68.5461502075, 9.51562309265, 198.392211914, -35.2111816406, 93.3385162354, -16.1716117859, 25.911857605, -0.0932077616453], [-887.789306641, 211.279602051, 108.016548157, -20.1879558563, 116.023796082, 29.5001659393, 38.3411979675, -35.2111816406, 304.47555542, -95.1473312378, 118.598747253, 7.35058021545, -10.8266849518], [726.377319336, -201.97883606, -107.541351318, -5.72684764862, -81.3248062134, 29.3655986786, 13.5289516449, 93.3385162354, -95.1473312378, 231.987960815, -38.7875404358, 9.74763584137, -5.83387804031], [-445.087127686, 149.439697266, 42.1548690796, -17.7592658997, 45.8620109558, 38.0175361633, 15.5271940231, -16.1716117859, 118.598747253, -38.7875404358, 175.776153564, 21.0773029327, 6.35352516174], [167.722061157, -30.8022346497, 17.1644268036, 41.6469535828, 1.12557435036, 7.30522966385, -30.0800895691, 25.911857605, 7.35058021545, 9.74763584137, 21.0773029327, 112.078544617, 23.2657375336], [13.3616514206, 60.1013374329, -58.3153381348, 34.3959007263, 14.4389429092, -15.4330301285, -3.35540962219, -0.0932077616453, -10.8266849518, -5.83387804031, 6.35352516174, 23.2657375336, 105.394798279]],
