{
"lowlevel": {
    "average_loudness": 0.860089480877,
    "barkbands_crest": {
        "dmean": 2.97706604004,
        "dmean2": 4.72901344299,
        "dvar": 7.09982395172,
        "dvar2": 15.9380331039,
        "max": 25.9942169189,
        "mean": 11.0244626999,
        "median": 9.61954116821,
        "min": 2.35995674133,
        "var": 29.6041851044
    },
    "barkbands_flatness_db": {
        "dmean": 0.0244170743972,
        "dmean2": 0.0368750430644,
        "dvar": 0.000517301261425,
        "dvar2": 0.00109965342563,
        "max": 0.430628478527,
        "mean": 0.183832600713,
        "median": 0.17072853446,
        "min": 0.0259465333074,
        "var": 0.00333706731908
    },
    "barkbands_kurtosis": {
        "dmean": 4.02680969238,
        "dmean2": 6.21616792679,
        "dvar": 105.014122009,
        "dvar2": 216.775894165,
        "max": 326.878631592,
        "mean": 5.50046491623,
        "median": 1.33637046814,
        "min": -1.93239092827,
        "var": 283.722320557
    },
    "barkbands_skewness": {
        "dmean": 0.682511150837,
        "dmean2": 1.000831604,
        "dvar": 0.638893306255,
        "dvar2": 1.22066056728,
        "max": 14.8752565384,
        "mean": 1.5560798645,
        "median": 1.2605150938,
        "min": -4.2190694809,
        "var": 2.87416696548
    },
    "barkbands_spread": {
        "dmean": 6.84105682373,
        "dmean2": 10.6420764923,
        "dvar": 64.5871963501,
        "dvar2": 147.117156982,
        "max": 97.9728317261,
        "mean": 23.3761844635,
        "median": 20.93816185,
        "min": 0.461017161608,
        "var": 194.992767334
    },
    "dissonance": {
        "dmean": 0.0201671235263,
        "dmean2": 0.033494528383,
        "dvar": 0.000399785785703,
        "dvar2": 0.00105131987948,
        "max": 0.500000059605,
        "mean": 0.463239967823,
        "median": 0.472629129887,
        "min": 0.255504816771,
        "var": 0.00102938665077
    },
    "dynamic_complexity": 3.49219107628,
    "erbbands_crest": {
        "dmean": 2.76095223427,
        "dmean2": 4.44016361237,
        "dvar": 6.79838991165,
        "dvar2": 15.885099411,
        "max": 31.1766223907,
        "mean": 9.77472305298,
        "median": 7.99929714203,
        "min": 2.2514667511,
        "var": 30.1631221771
    },
    "erbbands_flatness_db": {
        "dmean": 0.017632978037,
        "dmean2": 0.0257469918579,
        "dvar": 0.000256647326751,
        "dvar2": 0.00051483977586,
        "max": 0.437222450972,
        "mean": 0.214597091079,
        "median": 0.205396831036,
        "min": 0.0802921354771,
        "var": 0.00252488441765
    },
    "erbbands_kurtosis": {
        "dmean": 1.20303988457,
        "dmean2": 1.890858531,
        "dvar": 4.38473939896,
        "dvar2": 10.2023115158,
        "max": 57.0040969849,
        "mean": 0.641386985779,
        "median": -0.379314184189,
        "min": -1.83307468891,
        "var": 10.8260917664
    },
    "erbbands_skewness": {
        "dmean": 0.45015501976,
        "dmean2": 0.666928648949,
        "dvar": 0.215865314007,
        "dvar2": 0.42807996273,
        "max": 5.79373121262,
        "mean": 0.407700061798,
        "median": 0.375155925751,
        "min": -4.32390880585,
        "var": 1.11063694954
    },
    "erbbands_spread": {
        "dmean": 9.09247493744,
        "dmean2": 13.8286447525,
        "dvar": 85.8950805664,
        "dvar2": 192.987121582,
        "max": 139.363037109,
        "mean": 41.8606147766,
        "median": 40.4532966614,
        "min": 2.18598890305,
        "var": 372.811767578
    },
    "hfc": {
        "dmean": 7.12069892883,
        "dmean2": 10.6978416443,
        "dvar": 89.9207305908,
        "dvar2": 205.259765625,
        "max": 127.693214417,
        "mean": 22.0629348755,
        "median": 19.1779327393,
        "min": 1.12904012625e-16,
        "var": 280.740905762
    },
    "melbands_crest": {
        "dmean": 3.88098740578,
        "dmean2": 6.07708978653,
        "dvar": 12.2489299774,
        "dvar2": 26.5794086456,
        "max": 36.4184837341,
        "mean": 14.9422340393,
        "median": 13.2573699951,
        "min": 2.07708406448,
        "var": 50.5844306946
    },
    "melbands_flatness_db": {
        "dmean": 0.0308729931712,
        "dmean2": 0.0439704507589,
        "dvar": 0.000914926466066,
        "dvar2": 0.00166122463997,
        "max": 0.557836949825,
        "mean": 0.192081138492,
        "median": 0.178822442889,
        "min": 0.00665073515847,
        "var": 0.00631473353133
    },
    "melbands_kurtosis": {
        "dmean": 10.8093833923,
        "dmean2": 16.5407066345,
        "dvar": 815.391479492,
        "dvar2": 1716.85498047,
        "max": 964.236633301,
        "mean": 19.1091136932,
        "median": 6.86952018738,
        "min": -1.87667548656,
        "var": 2480.95605469
    },
    "melbands_skewness": {
        "dmean": 0.915795147419,
        "dmean2": 1.35538816452,
        "dvar": 1.25977194309,
        "dvar2": 2.41621947289,
        "max": 26.3814105988,
        "mean": 2.81523680687,
        "median": 2.22980856895,
        "min": -2.33008432388,
        "var": 6.09684085846
    },
    "melbands_spread": {
        "dmean": 11.1860580444,
        "dmean2": 16.814540863,
        "dvar": 308.655853271,
        "dvar2": 561.066772461,
        "max": 210.914352417,
        "mean": 29.9439868927,
        "median": 22.5473690033,
        "min": 0.407757997513,
        "var": 814.284240723
    },
    "pitch_salience": {
        "dmean": 0.0827488973737,
        "dmean2": 0.129571154714,
        "dvar": 0.00592327397317,
        "dvar2": 0.0125793814659,
        "max": 0.912224829197,
        "mean": 0.542816519737,
        "median": 0.571337878704,
        "min": 0.0352961793542,
        "var": 0.0256742332131
    },
    "silence_rate_20dB": {
        "dmean": 0,
        "dmean2": 0,
        "dvar": 0,
        "dvar2": 0,
        "max": 1,
        "mean": 1,
        "median": 1,
        "min": 1,
        "var": 0
    },
    "silence_rate_30dB": {
        "dmean": 0.0165798198432,
        "dmean2": 0.0331635661423,
        "dvar": 0.0163047667593,
        "dvar2": 0.035616170615,
        "max": 1,
        "mean": 0.977501451969,
        "median": 1,
        "min": 0,
        "var": 0.0219911206514
    },
    "silence_rate_60dB": {
        "dmean": 0.0395547151566,
        "dmean2": 0.0791187956929,
        "dvar": 0.0379913598299,
        "dvar2": 0.0835257172585,
        "max": 1,
        "mean": 0.0994671434164,
        "median": 0,
        "min": 0,
        "var": 0.0895691514015
    },
    "spectral_centroid": {
        "dmean": 360.291870117,
        "dmean2": 527.646179199,
        "dvar": 177497.65625,
        "dvar2": 315397.125,
        "max": 11256.8710938,
        "mean": 1680.78063965,
        "median": 1529.46313477,
        "min": 100.675430298,
        "var": 638533.6875
    },
    "spectral_complexity": {
        "dmean": 4.51255321503,
        "dmean2": 6.65024280548,
        "dvar": 25.6768264771,
        "dvar2": 48.8492050171,
        "max": 59,
        "mean": 17.8164596558,
        "median": 17,
        "min": 0,
        "var": 109.171073914
    },
    "spectral_decrease": {
        "dmean": 2.7014837034e-09,
        "dmean2": 3.99429067599e-09,
        "dvar": 1.19132355074e-17,
        "dvar2": 2.59782771535e-17,
        "max": 8.49784148078e-29,
        "mean": -6.92460400131e-09,
        "median": -4.96431074026e-09,
        "min": -4.02375235353e-08,
        "var": 4.72862263941e-17
    },
    "spectral_energy": {
        "dmean": 0.0106633687392,
        "dmean2": 0.0157785806805,
        "dvar": 0.00017800986825,
        "dvar2": 0.000390713074012,
        "max": 0.155766263604,
        "mean": 0.0281362384558,
        "median": 0.0206624381244,
        "min": 1.03354117275e-20,
        "var": 0.000714710971806
    },
    "spectral_energyband_high": {
        "dmean": 0.000593516218942,
        "dmean2": 0.000862671411596,
        "dvar": 9.53447454322e-07,
        "dvar2": 1.98957741304e-06,
        "max": 0.0153324473649,
        "mean": 0.00134231813718,
        "median": 0.000886741210707,
        "min": 7.1925931123e-21,
        "var": 2.27226496463e-06
    },
    "spectral_energyband_low": {
        "dmean": 0.00541028892621,
        "dmean2": 0.00799719616771,
        "dvar": 0.000130508764414,
        "dvar2": 0.000271157477982,
        "max": 0.143615037203,
        "mean": 0.00953682512045,
        "median": 0.0010828388622,
        "min": 4.12819494509e-23,
        "var": 0.000444583187345
    },
    "spectral_energyband_middle_high": {
        "dmean": 0.00201532663777,
        "dmean2": 0.00317644327879,
        "dvar": 1.3956577277e-05,
        "dvar2": 3.58801480616e-05,
        "max": 0.0636473372579,
        "mean": 0.00492825964466,
        "median": 0.003027188126,
        "min": 1.51355674794e-21,
        "var": 4.36852242274e-05
    },
    "spectral_energyband_middle_low": {
        "dmean": 0.00672604003921,
        "dmean2": 0.0105775501579,
        "dvar": 0.000107676642074,
        "dvar2": 0.000262774556177,
        "max": 0.110358662903,
        "mean": 0.0132433790714,
        "median": 0.00823038537055,
        "min": 2.04149250553e-22,
        "var": 0.000213030114537
    },
    "spectral_entropy": {
        "dmean": 0.150601029396,
        "dmean2": 0.220714837313,
        "dvar": 0.021496180445,
        "dvar2": 0.0432897247374,
        "max": 9.79775428772,
        "mean": 7.64310121536,
        "median": 7.67013311386,
        "min": 5.90226650238,
        "var": 0.117741882801
    },
    "spectral_flux": {
        "dmean": 0.029325351119,
        "dmean2": 0.0448087565601,
        "dvar": 0.00103025278077,
        "dvar2": 0.00203571212478,
        "max": 0.358237475157,
        "mean": 0.0920403897762,
        "median": 0.0834724605083,
        "min": 6.65213231721e-11,
        "var": 0.00299531733617
    },
    "spectral_kurtosis": {
        "dmean": 1.37130701542,
        "dmean2": 2.41081118584,
        "dvar": 2.70665001869,
        "dvar2": 8.01328849792,
        "max": 59.8559684753,
        "mean": 1.47571837902,
        "median": 0.889494657516,
        "min": -1.29957485199,
        "var": 5.37761116028
    },
    "spectral_rms": {
        "dmean": 0.000966009276453,
        "dmean2": 0.00138214335311,
        "dvar": 1.03671698071e-06,
        "dvar2": 2.04473781196e-06,
        "max": 0.0123274931684,
        "mean": 0.00466295471415,
        "median": 0.00448981905356,
        "min": 3.17542563424e-12,
        "var": 5.7067909438e-06
    },
    "spectral_rolloff": {
        "dmean": 730.88684082,
        "dmean2": 1155.3671875,
        "dvar": 1175806.125,
        "dvar2": 2157179,
        "max": 19035.3515625,
        "mean": 1974.18005371,
        "median": 1378.125,
        "min": 64.599609375,
        "var": 3316177
    },
    "spectral_skewness": {
        "dmean": 0.221276387572,
        "dmean2": 0.351828277111,
        "dvar": 0.0401044227183,
        "dvar2": 0.100074619055,
        "max": 5.47375679016,
        "mean": 0.802117466927,
        "median": 0.793546795845,
        "min": -0.567594587803,
        "var": 0.165972843766
    },
    "spectral_spread": {
        "dmean": 348102.40625,
        "dmean2": 522355.03125,
        "dvar": 244975419392,
        "dvar2": 440042848256,
        "max": 40685752,
        "mean": 4012000.25,
        "median": 4055004.25,
        "min": 936837.375,
        "var": 1.21841215078e+12
    },
    "spectral_strongpeak": {
        "dmean": 0.609333455563,
        "dmean2": 1.00061249733,
        "dvar": 0.685097634792,
        "dvar2": 1.60978722572,
        "max": 10.4188814163,
        "mean": 1.271515131,
        "median": 0.670293569565,
        "min": 0,
        "var": 2.11308407784
    },
    "zerocrossingrate": {
        "dmean": 0.0138688301668,
        "dmean2": 0.0149023812264,
        "dvar": 0.000332252326189,
        "dvar2": 0.000321006780723,
        "max": 0.5078125,
        "mean": 0.0718575939536,
        "median": 0.06298828125,
        "min": 0.00244140625,
        "var": 0.00198737019673
    },
    "barkbands": {
        "dmean": [0.000454927387182, 0.00393771380186, 0.00157764798496, 0.00154884706717, 0.00203755008988, 0.00154157588258, 0.000647192471661, 0.00146222277544, 0.00203922949731, 0.000746717152651, 0.000379831733881, 0.00038853471051, 0.00030797344516, 0.000344253057847, 0.000244243128691, 0.000208998506423, 0.000170187326148, 0.000153361514094, 0.000163342730957, 0.000164432771271, 0.000211007019971, 0.000243054775638, 0.000135044756462, 5.317070827e-05, 1.29109810132e-06, 1.54470813918e-09, 1.16514720094e-09],
        "dmean2": [0.000653852359392, 0.00582851469517, 0.00263539049774, 0.00269632274285, 0.00349762127735, 0.00240937690251, 0.00104526546784, 0.00227808952332, 0.00315260956995, 0.00120738265105, 0.000615320692305, 0.000633001385722, 0.000508277385961, 0.000575803045649, 0.000401353056077, 0.000334495765856, 0.000271994009381, 0.000250164594036, 0.000255268707406, 0.000259010208538, 0.000327736372128, 0.000362026854418, 0.000201532413485, 7.8233955719e-05, 2.03308036362e-06, 2.71042077671e-09, 2.12584150283e-09],
        "dvar": [1.31024705752e-06, 0.000101748482848, 2.45426272159e-05, 2.22132875933e-05, 2.4257640689e-05, 1.20517743198e-05, 2.43973386205e-06, 1.11978542918e-05, 2.05298965739e-05, 5.12898895977e-06, 1.0855852679e-06, 7.35540481855e-07, 6.52189100947e-07, 9.79052629191e-07, 3.51704386503e-07, 1.6738333386e-07, 7.80925546451e-08, 6.27318215152e-08, 8.97521346133e-08, 8.99382044395e-08, 1.26703582737e-07, 1.86918839518e-07, 6.40108126504e-08, 1.45970959764e-08, 1.43778019004e-11, 9.18927929221e-18, 5.04312622088e-18],
        "dvar2": [2.66910501523e-06, 0.000202606534003, 6.23809319222e-05, 6.0019963712e-05, 6.75966293784e-05, 2.87439506792e-05, 5.59704903935e-06, 2.5430083042e-05, 4.89381745865e-05, 1.32168916025e-05, 2.76464220406e-06, 1.75867637608e-06, 1.73139369508e-06, 2.72038050753e-06, 9.44572207118e-07, 4.18481050701e-07, 1.88626898989e-07, 1.65755650983e-07, 1.99912278731e-07, 2.06612526199e-07, 2.95338736578e-07, 4.05033972584e-07, 1.42977086171e-07, 3.1095730435e-08, 3.6666829295e-11, 2.44255896606e-17, 1.47829649347e-17],
        "max": [0.019979018718, 0.132825881243, 0.0593538060784, 0.0631750300527, 0.0763050690293, 0.0581383705139, 0.0337267369032, 0.0511296465993, 0.0755332708359, 0.0582375749946, 0.0226808972657, 0.0302574578673, 0.0133153833449, 0.016365820542, 0.00990959536284, 0.00852467119694, 0.00556019227952, 0.00331304129213, 0.00666465656832, 0.0057731885463, 0.00574895134196, 0.00787480641156, 0.00434629432857, 0.00262173567899, 9.8189113487e-05, 7.65704939454e-08, 8.36010087824e-08],
        "mean": [0.000566464615986, 0.00691397953779, 0.00144776783418, 0.0013494255254, 0.00241012242623, 0.00215748068877, 0.000817803374957, 0.00206250348128, 0.0039360774681, 0.00152180949226, 0.000521366018802, 0.000573275669012, 0.000394192902604, 0.000455335626611, 0.00035896076588, 0.000335614779033, 0.000276453123661, 0.000254364160355, 0.000302765838569, 0.000278316816548, 0.000397438125219, 0.000464022450615, 0.00024386968289, 9.52139307628e-05, 1.58640943937e-06, 1.79950154777e-09, 1.37207034623e-09],
        "median": [1.43439083331e-05, 0.000238318069023, 0.000190402657609, 0.000223970593652, 0.00104351434857, 0.000548817333765, 0.000191399914911, 0.000426314974902, 0.000615367025603, 0.000236516847508, 0.00011994203669, 0.000196737601073, 0.000118463438412, 0.000139756928547, 0.000120919095934, 0.00013632774062, 0.000140312404255, 0.000154598863446, 0.000157748290803, 0.000154088338604, 0.000240548688453, 0.00024988327641, 0.000131885986775, 4.3370469939e-05, 2.7834556704e-07, 8.04745381444e-10, 7.11840919543e-10],
        "min": [3.42575706525e-24, 7.11755037104e-24, 8.95975752148e-24, 4.02855802623e-24, 1.61017838798e-23, 1.43322868279e-23, 1.52613851139e-23, 4.50930595463e-23, 3.22707818642e-23, 6.42407174227e-23, 3.86989159246e-23, 7.40986451496e-23, 5.36845341987e-23, 2.70297635593e-23, 1.08660414767e-22, 4.32287098591e-23, 1.20339165991e-22, 1.70596736957e-22, 2.57811229641e-22, 2.40548731602e-22, 3.22190180738e-22, 3.89720511244e-22, 5.6828393555e-22, 7.38402685907e-22, 8.77566736291e-22, 1.3095555508e-21, 2.32907787009e-21],
        "var": [2.58109594142e-06, 0.000328677531797, 2.02313913178e-05, 1.69995564647e-05, 2.00481663342e-05, 1.8878843548e-05, 3.90365494241e-06, 2.07068769669e-05, 7.57016096031e-05, 2.7734793548e-05, 1.63186609825e-06, 1.20877132304e-06, 7.7744778082e-07, 1.00413024029e-06, 4.74139682183e-07, 3.06643926251e-07, 1.43245486584e-07, 9.32036243739e-08, 2.07942562724e-07, 1.5884516813e-07, 2.4130622478e-07, 3.93998448089e-07, 1.2558400897e-07, 2.97265003724e-08, 1.94843412238e-11, 1.04811807262e-17, 4.25246770032e-18]
    },
    "erbbands": {
        "dmean": [0.153014719486, 0.859832823277, 1.91290867329, 3.34786987305, 5.37160158157, 7.26361751556, 12.9038419724, 11.2334394455, 9.10896873474, 13.5060119629, 41.7970237732, 42.5295143127, 28.3405799866, 16.47722435, 13.5175886154, 14.2753763199, 13.4848775864, 15.5187473297, 12.9621772766, 12.4479866028, 10.2829751968, 9.31770133972, 8.61333656311, 6.69286251068, 9.08204936981, 7.54151964188, 7.06883811951, 9.53406333923, 9.05903434753, 6.40363788605, 3.35420751572, 1.70897364616, 0.54348051548, 0.0461888276041, 0.00148132652976, 0.000114532893349, 2.10678445001e-05, 5.98546102992e-06, 6.16038823864e-06, 1.23802037706e-05],
        "dmean2": [0.197912037373, 1.3556240797, 3.1535282135, 5.6176109314, 9.31922149658, 12.7549619675, 20.5662670135, 17.5908546448, 14.5373020172, 21.3002586365, 63.6997718811, 64.835319519, 44.7836151123, 26.1771030426, 22.008523941, 23.0258197784, 22.0825080872, 25.8037719727, 21.5189342499, 19.8736038208, 16.471075058, 14.719335556, 13.9411258698, 10.7224216461, 14.0303487778, 11.770149231, 11.0648727417, 14.5821342468, 13.5726232529, 9.62761878967, 4.98866033554, 2.53968119621, 0.788607001305, 0.0663678944111, 0.00210950849578, 0.000161702511832, 2.98454779113e-05, 8.57739451021e-06, 9.10800827114e-06, 1.83478205145e-05],
        "dvar": [0.167493656278, 6.1537938118, 37.9769020081, 90.7367095947, 202.907531738, 366.471954346, 740.000183105, 770.665039062, 499.027191162, 1003.6137085, 8292.51074219, 9368.38671875, 6406.47851562, 1497.99536133, 1326.35644531, 980.075073242, 1239.64599609, 2196.78540039, 1195.69067383, 679.958068848, 404.525268555, 220.225540161, 200.671722412, 115.457244873, 301.234039307, 191.265319824, 160.699234009, 273.532501221, 250.425842285, 155.056640625, 39.7755851746, 13.4588279724, 1.66360652447, 0.0130343772471, 1.27924295157e-05, 5.95076201648e-08, 1.42507161627e-09, 1.01910625772e-10, 4.99438164436e-11, 2.20365545256e-10],
        "dvar2": [0.233642697334, 14.5370864868, 94.1598815918, 237.135986328, 557.2578125, 1044.42895508, 1798.46618652, 1823.75463867, 1149.2845459, 2337.72290039, 19073.4199219, 21862.3027344, 16212.1630859, 3598.23706055, 3437.43701172, 2425.76831055, 3319.7956543, 6049.32128906, 3279.80786133, 1709.50048828, 988.653930664, 521.442687988, 515.952514648, 276.281585693, 653.6796875, 434.283935547, 377.123504639, 630.335632324, 539.029785156, 355.822845459, 86.0884246826, 29.2523288727, 3.45585918427, 0.0278836209327, 2.705535735e-05, 1.22072123077e-07, 2.90392443425e-09, 2.08973990889e-10, 1.09874075116e-10, 4.8859044588e-10],
        "max": [6.007168293, 33.4676895142, 72.1409454346, 123.776855469, 146.454833984, 317.050476074, 515.475585938, 597.007629395, 505.669006348, 762.130004883, 1525.86706543, 2201.78540039, 2121.69140625, 850.674926758, 907.169616699, 679.430419922, 594.979248047, 803.250488281, 678.35925293, 529.189575195, 461.064849854, 267.624603271, 196.706039429, 198.379302979, 472.55291748, 253.187805176, 226.322860718, 280.941345215, 304.362701416, 263.237121582, 116.421478271, 66.0506134033, 30.208065033, 2.73592019081, 0.100609898567, 0.00650631310418, 0.000834753736854, 0.000192961510038, 7.72797720856e-05, 0.000173459862708],
        "mean": [0.272893100977, 1.24103319645, 1.89564263821, 3.18336749077, 5.23499298096, 8.09106254578, 17.4700088501, 15.6109828949, 12.5566692352, 19.068939209, 65.6444320679, 80.8281478882, 64.8817214966, 29.5861968994, 20.1602230072, 21.7164802551, 19.2149066925, 21.6020946503, 18.6866874695, 20.6455974579, 17.6558074951, 16.1562271118, 14.7233486176, 13.0459251404, 16.6121921539, 13.0036592484, 13.5595531464, 17.725566864, 17.2258071899, 11.5666770935, 6.14739322662, 3.0782186985, 0.967041492462, 0.0786025747657, 0.0026640270371, 0.000243608315941, 5.31393816345e-05, 1.51976528286e-05, 1.87943678611e-05, 3.47154018527e-05],
        "median": [0.00570201314986, 0.0556934699416, 0.255855828524, 0.688077628613, 1.53271687031, 3.47759604454, 5.05042362213, 4.29833936691, 3.47767114639, 5.95724868774, 14.8679895401, 16.6436290741, 11.0239458084, 7.99493026733, 7.08720302582, 7.79031896591, 6.8151216507, 7.05868673325, 7.58504629135, 8.35496997833, 7.68373584747, 8.89453792572, 8.99921321869, 8.04028892517, 8.86998558044, 7.14706993103, 8.50453567505, 9.79214859009, 9.29813671112, 6.07062721252, 3.2837331295, 1.53321564198, 0.400083869696, 0.0280501060188, 0.00110810576007, 0.000138621355291, 3.85663952329e-05, 1.12248362711e-05, 1.65671863215e-05, 2.74580579571e-05],
        "min": [3.85434358578e-22, 1.36732803794e-21, 9.73801526523e-21, 1.70584077822e-20, 2.97196268256e-20, 3.9761525145e-20, 7.8500751988e-20, 1.19665530881e-19, 2.19626637294e-19, 4.0344465172e-19, 1.07225571989e-18, 1.03721955446e-18, 1.40105856581e-18, 2.04387375132e-18, 2.18863697596e-18, 2.85028737421e-18, 2.83660435931e-18, 2.29718478582e-18, 3.43989571778e-18, 8.12556886504e-18, 4.52928700104e-18, 7.46624139674e-18, 9.3446982575e-18, 8.70769970266e-18, 1.67928566589e-17, 1.023459984e-17, 1.39456133093e-17, 1.16371143471e-17, 1.5948811488e-17, 1.1576183396e-17, 1.66861834471e-17, 1.5682492418e-17, 1.14388102029e-17, 1.00208720861e-17, 5.94772183978e-18, 5.26010438095e-18, 2.7967762332e-18, 1.09770703336e-18, 3.13464409976e-19, 3.36139091389e-20],
        "var": [0.631527543068, 11.5207118988, 34.1581916809, 76.2855987549, 151.90788269, 269.339447021, 1063.1763916, 1192.71838379, 902.567138672, 1686.75402832, 19631.4335938, 31570.3730469, 35471.3515625, 4074.35498047, 1677.94567871, 1563.13635254, 1499.08544922, 2357.64306641, 1187.99169922, 1198.56469727, 841.508544922, 426.133483887, 310.322052002, 261.476928711, 644.276916504, 349.347045898, 295.544189453, 514.731201172, 540.314025879, 285.122558594, 79.8249740601, 26.4863529205, 3.49959754944, 0.027690384537, 2.78677307506e-05, 1.40481475341e-07, 3.65173336014e-09, 2.61351718045e-10, 2.05032990586e-10, 9.08108976905e-10]
    },
    "gfcc": {
        "mean": [-43.1425018311, 115.752655029, -173.709014893, 58.7736206055, -90.1863174438, 5.46915864944, -18.9819850922, -18.8904514313, 5.99903583527, -25.0215110779, -0.54229003191, -16.860332489, -1.03204166889],
        "cov": [[5624.44091797, -148.504394531, 431.226470947, 643.094116211, -569.043395996, 343.695922852, -409.34588623, 51.5153045654, 0.999571382999, -134.937805176, 162.085205078, -139.439117432, 232.921981812], [-148.504394531, 1335.35400391, 440.398223877, 177.442398071, 709.885803223, -10.9732351303, 302.364715576, 43.3840065002, 168.889358521, 64.420173645, 51.0839385986, 51.0317420959, 4.78291797638], [431.226470947, 440.398223877, 1195.6192627, 774.457885742, 293.773132324, 306.9324646, -5.32030296326, 108.358375549, 66.6057891846, 102.778373718, 141.498962402, 36.945224762, 71.0225601196], [643.094116211, 177.442398071, 774.457885742, 774.717712402, 243.93107605, 233.131256104, -48.7651977539, 83.7796401978, 68.9039306641, 86.2035522461, 110.015937805, 29.4080257416, 74.72681427], [-569.043395996, 709.885803223, 293.773132324, 243.93107605, 749.300109863, 125.149902344, 309.936004639, 103.262550354, 166.171218872, 132.483612061, 43.0984077454, 70.6015090942, 19.4285392761], [343.695922852, -10.9732351303, 306.9324646, 233.131256104, 125.149902344, 416.852783203, 125.528396606, 109.209983826, 32.4491119385, 50.1522789001, 71.9797363281, 11.8717651367, 36.8405036926], [-409.34588623, 302.364715576, -5.32030296326, -48.7651977539, 309.936004639, 125.528396606, 448.813049316, 108.681159973, 143.999389648, 68.0690841675, -4.66576528549, 48.6061248779, -19.5718669891], [51.5153045654, 43.3840065002, 108.358375549, 83.7796401978, 103.262550354, 109.209983826, 108.681159973, 172.569259644, 96.4012756348, 49.4719810486, 30.440366745, -10.6922445297, 24.4070205688], [0.999571382999, 168.889358521, 66.6057891846, 68.9039306641, 166.171218872, 32.4491119385, 143.999389648, 96.4012756348, 220.096984863, 92.5728149414, 15.1428079605, 28.4151935577, 16.5843143463], [-134.937805176, 64.420173645, 102.778373718, 86.2035522461, 132.483612061, 50.1522789001, 68.0690841675, 49.4719810486, 92.5728149414, 131.126022339, 50.2218322754, 32.922328949, 14.9760036469], [162.085205078, 51.0839385986, 141.498962402, 110.015937805, 43.0984077454, 71.9797363281, -4.66576528549, 30.440366745, 15.1428079605, 50.2218322754, 115.637916565, 41.2177124023, 24.9498195648], [-139.439117432, 51.0317420959, 36.945224762, 29.4080257416, 70.6015090942, 11.8717651367, 48.6061248779, -10.6922445297, 28.4151935577, 32.922328949, 41.2177124023, 106.763824463, 33.9380302429], [232.921981812, 4.78291797638, 71.0225601196, 74.72681427, 19.4285392761, 36.8405036926, -19.5718669891, 24.4070205688, 16.5843143463, 14.9760036469, 24.9498195648, 33.9380302429, 103.785583496]],
        "icov": [[0.000393595197238, -0.000413749279687, 0.000427668099292, -0.000659467768855, 0.000756678928155, -0.000463156902697, 9.04340558918e-05, 0.000182143092388, -0.000415985181462, 0.000403610378271, -0.000505311822053, 0.000704826961737, -0.000785896088928], [-0.000413749279687, 0.00316398194991, -0.00206271815114, 0.00206378987059, -0.0034481131006, 0.00177793065086, -0.000846156151965, 0.00140027748421, -0.00108318252023, 0.00213570636697, -0.00162937713321, 0.000896603334695, 0.000197281886358], [0.000427668099292, -0.00206271815114, 0.00394712481648, -0.00381596642546, 0.00222429027781, -0.00167548481841, 0.000513370672707, -0.00089869427029, 0.000720854499377, -0.00114014046267, 0.000101805380837, -0.00017922531697, -0.000248318800004], [-0.000659467768855, 0.00206378987059, -0.00381596642546, 0.00609166314825, -0.0033451851923, 0.000679503369611, 0.000850124110002, 0.00051343056839, -0.000919793732464, 0.000660960620735, -0.000531156954821, -0.000252500991337, 0.000296631013043], [0.000756678928155, -0.0034481131006, 0.00222429027781, -0.0033451851923, 0.00654852064326, -0.0017625343753, -0.000808414653875, -0.00108681176789, 0.000610974791925, -0.0029046505224, 0.00143941154238, -0.000598631973844, -0.000978709664196], [-0.000463156902697, 0.00177793065086, -0.00167548481841, 0.000679503369611, -0.0017625343753, 0.00523772183806, -0.00212559872307, -0.000896714162081, 0.0011270478135, 0.000452995591331, -0.00173889077269, 0.000679576187395, -0.000154074208695], [9.04340558918e-05, -0.000846156151965, 0.000513370672707, 0.000850124110002, -0.000808414653875, -0.00212559872307, 0.00557238841429, -0.00227263290435, -0.00132014031988, -0.000242838417762, 0.00213876692578, -0.00293572340161, 0.00205559306778], [0.000182143092388, 0.00140027748421, -0.00089869427029, 0.00051343056839, -0.00108681176789, -0.000896714162081, -0.00227263290435, 0.012203658931, -0.00486491527408, 0.00174919562414, -0.00421660486609, 0.00631960527971, -0.00353259244002], [-0.000415985181462, -0.00108318252023, 0.000720854499377, -0.000919793732464, 0.000610974791925, 0.0011270478135, -0.00132014031988, -0.00486491527408, 0.0107010053471, -0.00673205638304, 0.00373246776871, -0.00292132934555, 0.000852609227877], [0.000403610378271, 0.00213570636697, -0.00114014046267, 0.000660960620735, -0.0029046505224, 0.000452995591331, -0.000242838417762, 0.00174919562414, -0.00673205638304, 0.0169202592224, -0.00722914049402, 0.00152643816546, -0.000901196734048], [-0.000505311822053, -0.00162937713321, 0.000101805380837, -0.000531156954821, 0.00143941154238, -0.00173889077269, 0.00213876692578, -0.00421660486609, 0.00373246776871, -0.00722914049402, 0.0172427427024, -0.00804380234331, 0.00219658296555], [0.000704826961737, 0.000896603334695, -0.00017922531697, -0.000252500991337, -0.000598631973844, 0.000679576187395, -0.00293572340161, 0.00631960527971, -0.00292132934555, 0.00152643816546, -0.00804380234331, 0.0179761461914, -0.00718559743837], [-0.000785896088928, 0.000197281886358, -0.000248318800004, 0.000296631013043, -0.000978709664196, -0.000154074208695, 0.00205559306778, -0.00353259244002, 0.000852609227877, -0.000901196734048, 0.00219658296555, -0.00718559743837, 0.0146180111915]]
    },
    "melbands": {
        "dmean": [0.00116960483138, 0.00102961563971, 0.000636636803392, 0.00043200244545, 0.000420871714596, 0.000258843065239, 0.000135054156999, 0.000180961069418, 0.000383504870115, 0.00025504588848, 0.0001428542746, 7.2685907071e-05, 4.95467502333e-05, 4.12314657297e-05, 4.11777691625e-05, 2.75594356935e-05, 3.1074785511e-05, 2.31867816183e-05, 2.06996082852e-05, 1.49451680045e-05, 1.23281897686e-05, 1.00714778455e-05, 1.00014412965e-05, 7.06734090272e-06, 5.61388151255e-06, 7.19080162526e-06, 6.5998788159e-06, 5.19937157151e-06, 4.5584702093e-06, 5.33994170837e-06, 6.09928429185e-06, 5.77670698476e-06, 4.54652445114e-06, 3.46946444552e-06, 2.20021888708e-06, 1.42196370234e-06, 9.71129566096e-07, 4.76994159726e-07, 1.30374289142e-07, 9.07439190456e-09],
        "dmean2": [0.00154276366811, 0.00165590911638, 0.00106573977973, 0.000757697212975, 0.000675821385812, 0.000403661368182, 0.000215268184547, 0.000285158632323, 0.000580902269576, 0.000390383007471, 0.000226820950047, 0.000114924114314, 8.01000715001e-05, 6.72670721542e-05, 6.70261069899e-05, 4.55019326182e-05, 5.19798959431e-05, 3.8585098082e-05, 3.39967009495e-05, 2.39274904743e-05, 1.98317738977e-05, 1.60842955665e-05, 1.60618783411e-05, 1.15185839604e-05, 9.07133471628e-06, 1.12518546302e-05, 1.02990870801e-05, 8.26076029625e-06, 7.18788123777e-06, 8.46829698276e-06, 9.438478628e-06, 8.7946145868e-06, 6.93582569511e-06, 5.34477885594e-06, 3.33154684995e-06, 2.17363276533e-06, 1.46161301018e-06, 7.04803881035e-07, 1.92672516164e-07, 1.3709277269e-08],
        "dvar": [8.19879733172e-06, 9.6050571301e-06, 3.11464850711e-06, 1.34124752549e-06, 7.29663156562e-07, 3.73681871224e-07, 1.01810329056e-07, 1.85039652933e-07, 7.01077397025e-07, 3.40449219038e-07, 1.69207297063e-07, 3.11684971166e-08, 1.8921229028e-08, 9.84832482231e-09, 1.13828999559e-08, 5.58933299644e-09, 8.83637252258e-09, 3.83320530872e-09, 2.62375543514e-09, 9.53568335404e-10, 6.0778959643e-10, 2.93589264011e-10, 2.80358514182e-10, 1.32452562807e-10, 8.91495349764e-11, 2.24660762216e-10, 1.53358256649e-10, 1.00221629606e-10, 7.58134319212e-11, 8.26517257413e-11, 1.22890114751e-10, 9.77752392939e-11, 8.29766186317e-11, 4.72693863218e-11, 1.77859480616e-11, 7.78249426708e-12, 5.01172801176e-12, 1.37233247769e-12, 1.03480070378e-13, 9.76689021644e-16],
        "dvar2": [1.27974963107e-05, 2.37585973082e-05, 8.12524649518e-06, 3.79511857318e-06, 1.79822814061e-06, 8.81549738097e-07, 2.30881411767e-07, 4.30137134799e-07, 1.64000016412e-06, 8.04680553301e-07, 4.29541984204e-07, 7.26970341702e-08, 4.87479141498e-08, 2.31404477802e-08, 2.96589330873e-08, 1.48040477654e-08, 2.43006166301e-08, 1.04610800022e-08, 7.06813629847e-09, 2.37444108819e-09, 1.47409962015e-09, 7.17899129032e-10, 6.77357392398e-10, 3.62086777228e-10, 2.14546089228e-10, 5.07588526766e-10, 3.44823392062e-10, 2.33207786415e-10, 1.8255051637e-10, 1.97024077608e-10, 2.88978868612e-10, 2.16401174757e-10, 1.92381166553e-10, 1.11933635971e-10, 3.9426895776e-11, 1.75346282633e-11, 1.11823432458e-11, 2.94832734615e-12, 2.30976289527e-13, 2.29420589006e-15],
        "max": [0.0439735651016, 0.0358090996742, 0.0221361480653, 0.0170535370708, 0.0137892477214, 0.0122845759615, 0.00739503512159, 0.00905312411487, 0.0147537011653, 0.0130834011361, 0.0105878319591, 0.00418169796467, 0.00310591189191, 0.00417653284967, 0.00331769348122, 0.0011071980698, 0.00168911158107, 0.00117376132403, 0.000767936988268, 0.000694351096172, 0.000498495530337, 0.000287073169602, 0.000212634447962, 0.000162375014042, 0.000184450516826, 0.000442678283434, 0.000248168566031, 0.000180219911272, 0.000208025594475, 0.000129588705022, 0.000192866587895, 0.000181046576472, 0.000189087979379, 0.00014054409985, 6.81227029418e-05, 6.86450657668e-05, 4.66748715553e-05, 2.884114474e-05, 8.88988324732e-06, 7.83387633874e-07],
        "mean": [0.00213147117756, 0.00121128396131, 0.000618651101831, 0.000456599547761, 0.000575833080802, 0.000365411775419, 0.000182061834494, 0.00025109940907, 0.000621802872047, 0.000489526137244, 0.000320967723383, 0.000128312749439, 7.00758828316e-05, 5.89098453929e-05, 5.77141581743e-05, 3.6147353967e-05, 4.14348833147e-05, 3.00791725749e-05, 3.12159681926e-05, 2.33853079408e-05, 1.95241427718e-05, 1.62734286278e-05, 1.5432591681e-05, 1.15119864859e-05, 1.00871629911e-05, 1.26364366224e-05, 1.07807263703e-05, 8.07753258414e-06, 7.97960001364e-06, 9.46112140809e-06, 1.0533335626e-05, 1.0418394595e-05, 7.81862763688e-06, 5.86642954659e-06, 3.76763546228e-06, 2.47396724262e-06, 1.62841183737e-06, 8.02857698545e-07, 2.03742033023e-07, 1.08479287775e-08],
        "median": [6.1445593019e-05, 0.000141899668961, 0.000145158177475, 0.000188025966054, 0.000185188255273, 0.000101663754322, 4.53754328191e-05, 6.26912369626e-05, 0.000125414590002, 8.48660638439e-05, 4.31687039963e-05, 2.86157719529e-05, 1.94215481315e-05, 2.02121918846e-05, 1.70616021933e-05, 1.0581812603e-05, 1.23090321722e-05, 1.10307501018e-05, 1.00143888631e-05, 9.52356003836e-06, 7.40805853638e-06, 8.10712117527e-06, 7.97779921413e-06, 7.07877006789e-06, 5.61922979614e-06, 5.83494329476e-06, 5.49089327251e-06, 3.85532121072e-06, 4.46312014901e-06, 5.1258257372e-06, 5.28245527676e-06, 5.43581290913e-06, 3.96477162212e-06, 2.92823142445e-06, 1.85607211733e-06, 1.29624652345e-06, 7.238684816e-07, 3.17260003158e-07, 6.32404137946e-08, 8.46023751055e-10],
        "min": [3.95335670499e-24, 4.03865741797e-24, 3.58703691631e-24, 1.85644470927e-24, 2.88344595849e-24, 2.68677544064e-24, 3.22557887738e-24, 4.45654898833e-24, 9.97712145423e-24, 6.19819096728e-24, 6.94257707795e-24, 8.03285305759e-24, 6.03686181241e-24, 8.60888165717e-24, 6.108542053e-24, 5.51783866843e-24, 4.1327988951e-24, 4.38537519645e-24, 9.03010498156e-24, 9.97027019726e-24, 5.00070879062e-24, 7.72729015254e-24, 5.66502512499e-24, 6.10456974391e-24, 5.721548981e-24, 1.0394440706e-23, 6.7125531266e-24, 6.03732329604e-24, 7.60234247376e-24, 6.01935383348e-24, 5.95352260208e-24, 9.69129584902e-24, 6.71715218568e-24, 5.56376378375e-24, 8.94826697353e-24, 9.54337101866e-24, 8.04108639886e-24, 8.65727275167e-24, 6.77975539826e-24, 8.06774595315e-24],
        "var": [3.3042699215e-05, 1.12667394205e-05, 2.61401464741e-06, 9.4245154969e-07, 1.03317711364e-06, 5.95682138282e-07, 1.87092410897e-07, 3.28594012444e-07, 1.91856656784e-06, 1.21960897559e-06, 9.55295263338e-07, 1.03146049923e-07, 2.60005101893e-08, 1.49783634384e-08, 1.69720522081e-08, 6.51500764448e-09, 9.3735721407e-09, 3.87580145755e-09, 3.96498966992e-09, 1.63777225115e-09, 1.25706023368e-09, 5.32377808504e-10, 4.39470432267e-10, 1.90553794965e-10, 1.92016416656e-10, 4.76289452322e-10, 2.75421963014e-10, 1.64880928355e-10, 1.27106880576e-10, 1.60769619839e-10, 2.11204748135e-10, 2.06245562295e-10, 1.41871375758e-10, 8.12539133199e-11, 3.30909535884e-11, 1.43033085376e-11, 9.14359126608e-12, 2.64966846207e-12, 1.95698302398e-13, 1.43262970473e-15]
    },
    "mfcc": {
        "mean": [-650.143310547, 105.586708069, -18.0059642792, 31.3413639069, -30.1181621552, 15.8290739059, -22.398103714, 13.1601476669, -9.62679576874, 8.6683177948, -7.52053165436, 3.02498602867, -12.3778839111],
        "cov": [[4815.79199219, -414.458496094, 471.99810791, 206.185379028, -151.854354858, 155.186782837, -326.455108643, 121.81539917, -254.977706909, 104.254096985, -301.401641846, 112.311347961, -181.808868408], [-414.458496094, 1226.72558594, -87.8918533325, 225.312911987, 297.842498779, 112.293151855, 203.762954712, 102.784683228, 176.043502808, 67.2165756226, 156.367721558, 0.924036622047, 113.365623474], [471.99810791, -87.8918533325, 1075.09460449, 423.605133057, 351.975708008, 220.806396484, 100.465080261, 61.1597251892, -23.5215129852, 24.168428421, -22.7661037445, 139.203216553, 39.0432701111], [206.185379028, 225.312911987, 423.605133057, 605.933044434, 335.971740723, 179.882324219, 46.3074798584, 67.7415237427, 61.5388069153, 77.2909698486, 15.8473310471, 97.3025283813, 83.5140075684], [-151.854354858, 297.842498779, 351.975708008, 335.971740723, 535.307678223, 164.331665039, 178.212860107, 28.3966121674, 109.587242126, 55.3582305908, 50.3634757996, 86.2382278442, 107.489486694], [155.186782837, 112.293151855, 220.806396484, 179.882324219, 164.331665039, 325.793548584, 142.277450562, 133.405975342, 76.9538497925, 86.432182312, 57.4991798401, 81.6037445068, 32.2997360229], [-326.455108643, 203.762954712, 100.465080261, 46.3074798584, 178.212860107, 142.277450562, 315.479003906, 98.4715042114, 104.464103699, 51.4937362671, 87.4211120605, 30.1138191223, 53.6033210754], [121.81539917, 102.784683228, 61.1597251892, 67.7415237427, 28.3966121674, 133.405975342, 98.4715042114, 196.943130493, 85.0806808472, 89.770324707, 54.8726005554, 38.8559646606, 16.221446991], [-254.977706909, 176.043502808, -23.5215129852, 61.5388069153, 109.587242126, 76.9538497925, 104.464103699, 85.0806808472, 214.192947388, 103.734184265, 92.0683288574, 29.2014198303, 36.6197967529], [104.254096985, 67.2165756226, 24.168428421, 77.2909698486, 55.3582305908, 86.432182312, 51.4937362671, 89.770324707, 103.734184265, 174.39112854, 76.0813827515, 52.2841758728, 12.2718019485], [-301.401641846, 156.367721558, -22.7661037445, 15.8473310471, 50.3634757996, 57.4991798401, 87.4211120605, 54.8726005554, 92.0683288574, 76.0813827515, 163.660461426, 47.5532722473, 42.6056365967], [112.311347961, 0.924036622047, 139.203216553, 97.3025283813, 86.2382278442, 81.6037445068, 30.1138191223, 38.8559646606, 29.2014198303, 52.2841758728, 47.5532722473, 128.409362793, 42.8482246399], [-181.808868408, 113.365623474, 39.0432701111, 83.5140075684, 107.489486694, 32.2997360229, 53.6033210754, 16.221446991, 36.6197967529, 12.2718019485, 42.6056365967, 42.8482246399, 128.505142212]],
