{
"lowlevel": {
    "average_loudness": 0.633315086365,
    "barkbands_crest": {
        "dmean": 2.49102497101,
        "dmean2": 3.98575568199,
        "dvar": 5.30493307114,
        "dvar2": 12.8322429657,
        "max": 26.8808174133,
        "mean": 12.0183391571,
        "median": 10.9902057648,
        "min": 2.5174176693,
        "var": 25.7338294983
    },
    "barkbands_flatness_db": {
        "dmean": 0.0216344166547,
        "dmean2": 0.0334837026894,
        "dvar": 0.000434910762124,
        "dvar2": 0.000972543901298,
        "max": 0.580249726772,
        "mean": 0.238943591714,
        "median": 0.226840510964,
        "min": 0.0553210191429,
        "var": 0.0048267301172
    },
    "barkbands_kurtosis": {
        "dmean": 5.39758634567,
        "dmean2": 8.42680454254,
        "dvar": 469.612884521,
        "dvar2": 1091.43933105,
        "max": 1131.00244141,
        "mean": 9.29275798798,
        "median": 2.14831924438,
        "min": -1.94795811176,
        "var": 1013.43548584
    },
    "barkbands_skewness": {
        "dmean": 0.582038700581,
        "dmean2": 0.881005883217,
        "dvar": 0.778394341469,
        "dvar2": 1.69623184204,
        "max": 30.8704719543,
        "mean": 1.83524143696,
        "median": 1.38491797447,
        "min": -5.51957798004,
        "var": 3.92076802254
    },
    "barkbands_spread": {
        "dmean": 3.62607121468,
        "dmean2": 5.58654546738,
        "dvar": 28.9974899292,
        "dvar2": 61.1152496338,
        "max": 77.0907669067,
        "mean": 15.2308835983,
        "median": 13.4325237274,
        "min": 0.108793511987,
        "var": 123.763771057
    },
    "dissonance": {
        "dmean": 0.0254215560853,
        "dmean2": 0.0427088290453,
        "dvar": 0.000600825704169,
        "dvar2": 0.00158965657465,
        "max": 0.499997287989,
        "mean": 0.43957310915,
        "median": 0.45169582963,
        "min": 0.162966862321,
        "var": 0.00224897800945
    },
    "dynamic_complexity": 5.61683654785,
    "erbbands_crest": {
        "dmean": 2.86581039429,
        "dmean2": 4.61592006683,
        "dvar": 6.79312229156,
        "dvar2": 16.6065807343,
        "max": 32.4724845886,
        "mean": 12.6302862167,
        "median": 11.8466053009,
        "min": 2.9735455513,
        "var": 30.9065589905
    },
    "erbbands_flatness_db": {
        "dmean": 0.0151195265353,
        "dmean2": 0.0222072191536,
        "dvar": 0.000224269460887,
        "dvar2": 0.000440393283498,
        "max": 0.499503165483,
        "mean": 0.267970651388,
        "median": 0.259606093168,
        "min": 0.0565665028989,
        "var": 0.00331139448099
    },
    "erbbands_kurtosis": {
        "dmean": 1.55934798717,
        "dmean2": 2.40166187286,
        "dvar": 14.6675186157,
        "dvar2": 30.6021232605,
        "max": 166.406860352,
        "mean": 2.0239276886,
        "median": 0.208770990372,
        "min": -1.84744226933,
        "var": 47.8786277771
    },
    "erbbands_skewness": {
        "dmean": 0.402381122112,
        "dmean2": 0.601771056652,
        "dvar": 0.227777257562,
        "dvar2": 0.449201613665,
        "max": 10.2447147369,
        "mean": 0.802883803844,
        "median": 0.662555575371,
        "min": -5.47505140305,
        "var": 1.3448908329
    },
    "erbbands_spread": {
        "dmean": 5.83837747574,
        "dmean2": 8.96658611298,
        "dvar": 57.4574775696,
        "dvar2": 131.162521362,
        "max": 118.198188782,
        "mean": 28.7710857391,
        "median": 25.5759849548,
        "min": 1.00327980518,
        "var": 255.181869507
    },
    "hfc": {
        "dmean": 3.3964908123,
        "dmean2": 5.08327102661,
        "dvar": 25.0378704071,
        "dvar2": 55.461807251,
        "max": 80.0043563843,
        "mean": 16.7161979675,
        "median": 11.5018901825,
        "min": 1.20973894036e-16,
        "var": 253.262313843
    },
    "melbands_crest": {
        "dmean": 3.06226706505,
        "dmean2": 4.82646512985,
        "dvar": 7.5354681015,
        "dvar2": 18.1498146057,
        "max": 35.649055481,
        "mean": 15.0012655258,
        "median": 13.8853979111,
        "min": 1.87939178944,
        "var": 34.6586914062
    },
    "melbands_flatness_db": {
        "dmean": 0.0241912472993,
        "dmean2": 0.0348313674331,
        "dvar": 0.000618843652774,
        "dvar2": 0.00121908332221,
        "max": 0.657776176929,
        "mean": 0.264332175255,
        "median": 0.251366823912,
        "min": 0.0050306469202,
        "var": 0.00728054018691
    },
    "melbands_kurtosis": {
        "dmean": 7.30942201614,
        "dmean2": 11.3878078461,
        "dvar": 292.076934814,
        "dvar2": 694.867675781,
        "max": 617.020690918,
        "mean": 15.4543828964,
        "median": 6.15631771088,
        "min": -1.93706226349,
        "var": 1017.10662842
    },
    "melbands_skewness": {
        "dmean": 0.635620594025,
        "dmean2": 0.970293998718,
        "dvar": 0.633682847023,
        "dvar2": 1.45493102074,
        "max": 19.2687492371,
        "mean": 2.44835209846,
        "median": 1.96593630314,
        "min": -2.45038676262,
        "var": 3.7606010437
    },
    "melbands_spread": {
        "dmean": 5.20310878754,
        "dmean2": 7.85506391525,
        "dvar": 96.0888748169,
        "dvar2": 186.758010864,
        "max": 191.554031372,
        "mean": 19.7754364014,
        "median": 16.1048278809,
        "min": 0.29266127944,
        "var": 313.289093018
    },
    "pitch_salience": {
        "dmean": 0.0659714490175,
        "dmean2": 0.104275517166,
        "dvar": 0.00380403408781,
        "dvar2": 0.00901131238788,
        "max": 0.889173150063,
        "mean": 0.526959061623,
        "median": 0.538558542728,
        "min": 0.031706508249,
        "var": 0.0182043686509
    },
    "silence_rate_20dB": {
        "dmean": 0,
        "dmean2": 0,
        "dvar": 0,
        "dvar2": 0,
        "max": 1,
        "mean": 1,
        "median": 1,
        "min": 1,
        "var": 0
    },
    "silence_rate_30dB": {
        "dmean": 0,
        "dmean2": 0,
        "dvar": 0,
        "dvar2": 0,
        "max": 1,
        "mean": 1,
        "median": 1,
        "min": 1,
        "var": 0
    },
    "silence_rate_60dB": {
        "dmean": 0.0287532415241,
        "dmean2": 0.0575132593513,
        "dvar": 0.0279241986573,
        "dvar2": 0.0619759038091,
        "max": 1,
        "mean": 0.212560385466,
        "median": 0,
        "min": 0,
        "var": 0.16736908257
    },
    "spectral_centroid": {
        "dmean": 209.044540405,
        "dmean2": 310.246398926,
        "dvar": 93400.734375,
        "dvar2": 170466.90625,
        "max": 11342.3417969,
        "mean": 1257.60839844,
        "median": 1204.26635742,
        "min": 185.708312988,
        "var": 481092.5625
    },
    "spectral_complexity": {
        "dmean": 1.89464998245,
        "dmean2": 3.07578086853,
        "dvar": 4.9690284729,
        "dvar2": 11.5957241058,
        "max": 48,
        "mean": 12.6633672714,
        "median": 11,
        "min": 0,
        "var": 83.7914352417
    },
    "spectral_decrease": {
        "dmean": 1.23963261878e-09,
        "dmean2": 1.94539806486e-09,
        "dvar": 3.29678147768e-18,
        "dvar2": 8.40282657148e-18,
        "max": 1.83643835951e-28,
        "mean": -4.99020691436e-09,
        "median": -4.39710268196e-09,
        "min": -3.52785498592e-08,
        "var": 1.90286480996e-17
    },
    "spectral_energy": {
        "dmean": 0.00491047976539,
        "dmean2": 0.00770178157836,
        "dvar": 5.05442330905e-05,
        "dvar2": 0.000128123952891,
        "max": 0.137195304036,
        "mean": 0.0203504301608,
        "median": 0.0178587771952,
        "min": 1.02795754206e-20,
        "var": 0.000311698007863
    },
    "spectral_energyband_high": {
        "dmean": 0.000124394471641,
        "dmean2": 0.000188421501662,
        "dvar": 1.62047442132e-07,
        "dvar2": 3.29640386099e-07,
        "max": 0.0106650488451,
        "mean": 0.00030653871363,
        "median": 8.4747269284e-05,
        "min": 7.52349363009e-21,
        "var": 5.56789416351e-07
    },
    "spectral_energyband_low": {
        "dmean": 0.0012976846192,
        "dmean2": 0.00211216742173,
        "dvar": 1.61266907526e-05,
        "dvar2": 4.44352954219e-05,
        "max": 0.0698915868998,
        "mean": 0.00284378649667,
        "median": 0.000299035338685,
        "min": 1.31490932888e-23,
        "var": 4.12259832956e-05
    },
    "spectral_energyband_middle_high": {
        "dmean": 0.00158489926253,
        "dmean2": 0.00232105422765,
        "dvar": 7.22078129911e-06,
        "dvar2": 1.61159368872e-05,
        "max": 0.0514081008732,
        "mean": 0.00637198192999,
        "median": 0.0023717272561,
        "min": 1.4780850178e-21,
        "var": 6.46206608508e-05
    },
    "spectral_energyband_middle_low": {
        "dmean": 0.00374891911633,
        "dmean2": 0.00585193419829,
        "dvar": 3.26031731674e-05,
        "dvar2": 8.14229861135e-05,
        "max": 0.0934087485075,
        "mean": 0.0115813007578,
        "median": 0.00961004570127,
        "min": 1.83689833743e-22,
        "var": 0.000116504532343
    },
    "spectral_entropy": {
        "dmean": 0.153580397367,
        "dmean2": 0.222013294697,
        "dvar": 0.0290431603789,
        "dvar2": 0.0519750528038,
        "max": 9.80541992188,
        "mean": 6.97124624252,
        "median": 7.06781959534,
        "min": 4.07841730118,
        "var": 0.368833124638
    },
    "spectral_flux": {
        "dmean": 0.0191486123949,
        "dmean2": 0.03087586537,
        "dvar": 0.000430386251537,
        "dvar2": 0.00107148231473,
        "max": 0.309483468533,
        "mean": 0.0633903071284,
        "median": 0.0570236742496,
        "min": 6.9217201415e-11,
        "var": 0.00191069336142
    },
    "spectral_kurtosis": {
        "dmean": 3.71207141876,
        "dmean2": 6.43900585175,
        "dvar": 17.5929088593,
        "dvar2": 48.509552002,
        "max": 78.5389709473,
        "mean": 5.74919176102,
        "median": 3.88051605225,
        "min": -1.327018857,
        "var": 41.4108314514
    },
    "spectral_rms": {
        "dmean": 0.00050869374536,
        "dmean2": 0.00077628006693,
        "dvar": 3.47621977426e-07,
        "dvar2": 8.28415466003e-07,
        "max": 0.0115693164989,
        "mean": 0.0038944426924,
        "median": 0.00417411047965,
        "min": 3.16683658463e-12,
        "var": 4.68740654469e-06
    },
    "spectral_rolloff": {
        "dmean": 331.470581055,
        "dmean2": 557.937316895,
        "dvar": 440427.90625,
        "dvar2": 875240.875,
        "max": 19315.2832031,
        "mean": 1321.07165527,
        "median": 990.52734375,
        "min": 43.06640625,
        "var": 1330558.25
    },
    "spectral_skewness": {
        "dmean": 0.379352092743,
        "dmean2": 0.634351372719,
        "dvar": 0.131442829967,
        "dvar2": 0.348410964012,
        "max": 6.54448032379,
        "mean": 1.38155889511,
        "median": 1.22727453709,
        "min": -0.914228022099,
        "var": 0.603637635708
    },
    "spectral_spread": {
        "dmean": 282989.0625,
        "dmean2": 433210.6875,
        "dvar": 235335401472,
        "dvar2": 328943599616,
        "max": 40134660,
        "mean": 2954327.5,
        "median": 2840395.25,
        "min": 868930.8125,
        "var": 1.14255986688e+12
    },
    "spectral_strongpeak": {
        "dmean": 0.555798768997,
        "dmean2": 0.911797583103,
        "dvar": 0.72239202261,
        "dvar2": 1.80903744698,
        "max": 10.399014473,
        "mean": 1.47672760487,
        "median": 0.823290288448,
        "min": 0,
        "var": 2.56386709213
    },
    "zerocrossingrate": {
        "dmean": 0.00676815584302,
        "dmean2": 0.00790353864431,
        "dvar": 0.000117586903798,
        "dvar2": 0.000137230439577,
        "max": 0.5224609375,
        "mean": 0.0485546700656,
        "median": 0.044921875,
        "min": 0.001953125,
        "var": 0.000866698566824
    },
    "barkbands": {
        "dmean": [0.000205420845305, 0.000984901678748, 0.00031360363937, 0.000298361526802, 0.0014180156868, 0.00149844132829, 0.000931368558668, 0.000418255862314, 0.000790585938375, 0.000897810794413, 0.000366785126971, 0.000295943871606, 0.000287449627649, 0.000283677276457, 0.00021236021712, 0.00019255427469, 0.000151480169734, 0.000150323845446, 0.000192337742192, 0.000133233537781, 3.53010473191e-05, 4.4600241381e-05, 2.60398428509e-05, 6.13479369349e-06, 1.42385985669e-07, 9.03692176646e-10, 9.05267472096e-10],
        "dmean2": [0.000314323493512, 0.00162549910601, 0.000504020077642, 0.000501083617564, 0.00226833182387, 0.00238318624906, 0.00144283659756, 0.000652047456242, 0.00119616452139, 0.00138785585295, 0.000552380050067, 0.000446788704721, 0.000432373635704, 0.00044935249025, 0.000327811838361, 0.000284465495497, 0.000234244347666, 0.000231777215959, 0.00029145841836, 0.000204955140362, 5.61956876481e-05, 6.96341667208e-05, 3.87625987059e-05, 9.17094348551e-06, 2.16421426558e-07, 1.63749414028e-09, 1.65832847454e-09],
        "dvar": [9.2869169066e-07, 1.13087708087e-05, 9.16428177788e-07, 7.44371561723e-07, 8.47592673381e-06, 1.00667793959e-05, 9.51149922912e-06, 1.68048211435e-06, 4.14079750044e-06, 4.53754273622e-06, 1.64613584275e-06, 8.16049919194e-07, 8.42216707042e-07, 6.16550380528e-07, 5.0554479003e-07, 5.10120742092e-07, 1.1342137185e-07, 9.57199972618e-08, 1.49296880636e-07, 7.96638985889e-08, 1.71124767689e-08, 4.23915302861e-08, 6.38663877339e-09, 6.08672667823e-10, 5.1822939386e-13, 2.39286642163e-17, 1.87184073934e-17],
        "dvar2": [2.0779332317e-06, 3.16869773087e-05, 2.40105259763e-06, 2.1677890345e-06, 2.15468262468e-05, 2.52741174336e-05, 2.32016682276e-05, 3.53227483174e-06, 9.60915531323e-06, 1.0673320503e-05, 3.64530637853e-06, 1.75151046733e-06, 1.75733168817e-06, 1.50638072682e-06, 1.08379197172e-06, 8.96920028026e-07, 2.51981504107e-07, 2.16750521531e-07, 3.25460547401e-07, 1.79830607294e-07, 3.80006035527e-08, 9.49386347315e-08, 1.33603963448e-08, 1.59797775012e-09, 1.18776332086e-12, 6.09877221611e-17, 4.81530157231e-17],
        "max": [0.0537995100021, 0.0546998940408, 0.0317560695112, 0.0276345983148, 0.0618452429771, 0.0548272393644, 0.0703433379531, 0.0299551468343, 0.0361917503178, 0.0434324108064, 0.0301447436213, 0.0179210081697, 0.0265367720276, 0.0207481123507, 0.0182091593742, 0.0170569866896, 0.00729125877842, 0.00667191669345, 0.00742576178163, 0.00565452873707, 0.00463479524478, 0.00561961578205, 0.00220843194984, 0.00130742718466, 2.09168283618e-05, 3.06812097506e-07, 2.67324594461e-07],
        "mean": [0.000328127411194, 0.00183726858813, 0.00057304976508, 0.000515191233717, 0.00291474233381, 0.00306412065402, 0.00175483815838, 0.000663902726956, 0.0015494216932, 0.00228267931379, 0.000657070369925, 0.000645718537271, 0.000513551232871, 0.000596213038079, 0.000416007533204, 0.00035760155879, 0.000317964586429, 0.000342865416314, 0.000494774547406, 0.000298357190331, 7.04541380401e-05, 8.60777581693e-05, 5.80305713811e-05, 1.21908142319e-05, 1.74329642277e-07, 8.96601681788e-10, 9.06816066681e-10],
        "median": [1.95146162696e-06, 5.02151960973e-05, 6.57453201711e-05, 7.43335986044e-05, 0.00125516019762, 0.00139561481774, 0.000467263686005, 0.00013518652122, 0.000264483212959, 0.000195431435714, 5.02798829984e-05, 7.2635433753e-05, 4.79211012134e-05, 8.57126506162e-05, 5.75104932068e-05, 6.27657645964e-05, 7.68444879213e-05, 0.000102545011032, 9.56237417995e-05, 7.75207445258e-05, 1.21348830362e-05, 1.35996779136e-05, 1.42981680256e-05, 2.77357321465e-06, 7.49216411133e-10, 3.84613035864e-10, 4.04901556728e-10],
        "min": [3.73381040418e-24, 4.83807052109e-24, 6.27523230657e-24, 3.77814912022e-24, 2.78346099419e-23, 3.21340880466e-23, 2.04426661379e-23, 1.97478437635e-23, 3.44723159458e-23, 6.67464867565e-23, 2.21830210903e-23, 4.89416121357e-23, 1.16981975927e-22, 1.04748548201e-22, 1.03321612419e-22, 1.00273599032e-22, 1.41021281391e-22, 1.90363622245e-22, 2.18612794369e-22, 1.79765862895e-22, 3.00805638345e-22, 5.16266119294e-22, 6.29412098142e-22, 8.40434889399e-22, 9.41905575389e-22, 1.51694968287e-21, 2.3360517539e-21],
        "var": [2.56864177572e-06, 2.39019555011e-05, 2.06879303732e-06, 1.24956181935e-06, 2.11779370147e-05, 2.23474726226e-05, 2.01073144126e-05, 3.39493590218e-06, 1.18914167615e-05, 2.28441185754e-05, 4.78413903693e-06, 3.1538568237e-06, 2.47168895839e-06, 1.74433046141e-06, 1.85379110462e-06, 1.45393846651e-06, 3.92725354459e-07, 3.01646025491e-07, 6.32731826045e-07, 2.4321593628e-07, 4.54018014295e-08, 1.18825077777e-07, 1.97527363355e-08, 9.75501346367e-10, 9.48388828408e-13, 1.26389880604e-17, 9.92936192216e-18]
    },
    "erbbands": {
        "dmean": [0.0380768217146, 0.196481525898, 0.358061522245, 0.610800623894, 2.27784919739, 5.8496336937, 8.66007614136, 13.575668335, 14.8679199219, 11.0666837692, 9.0783996582, 17.6245994568, 28.9861183167, 19.0667686462, 11.8723526001, 12.9005126953, 13.6213674545, 14.4443044662, 8.28616142273, 11.5712022781, 7.30368566513, 7.00769662857, 7.33774280548, 7.09406757355, 10.0921888351, 5.51654291153, 1.53063201904, 1.36951041222, 1.56148886681, 1.32981038094, 0.667990386486, 0.204257905483, 0.0645552054048, 0.00552441645414, 0.000176358633325, 1.70279872691e-05, 4.49387880508e-06, 1.46703985138e-06, 2.56367866314e-06, 5.63207368032e-06],
        "dmean2": [0.0631554052234, 0.322292774916, 0.577621102333, 1.01739168167, 3.66579985619, 9.40528011322, 13.6411924362, 21.7937145233, 23.7309532166, 16.7923030853, 13.9984779358, 26.0182304382, 44.1148376465, 28.6809158325, 17.3633422852, 19.1447505951, 20.087808609, 22.4947853088, 12.272064209, 17.4433460236, 11.1170101166, 10.5709171295, 11.0918111801, 10.892906189, 15.1723089218, 8.31481075287, 2.43547821045, 2.14013504982, 2.44703030586, 2.0339114666, 1.00437140465, 0.306041687727, 0.0929544791579, 0.00764492014423, 0.000242758076638, 2.44774473686e-05, 6.78933793097e-06, 2.24156565309e-06, 3.9709630073e-06, 8.81303731148e-06],
        "dvar": [0.0247597564012, 0.396766334772, 1.15802252293, 2.9911108017, 26.5045146942, 147.268722534, 521.63885498, 927.698120117, 2430.56030273, 1182.91137695, 836.472473145, 2552.03930664, 4197.91601562, 3599.09887695, 1428.83105469, 1510.81494141, 1837.23803711, 1664.85083008, 600.811584473, 1626.66955566, 374.242736816, 265.000244141, 214.93989563, 258.614654541, 442.520233154, 136.633956909, 22.0669593811, 38.7123680115, 55.3585891724, 29.033826828, 4.14605331421, 0.503284215927, 0.0911081880331, 0.000703470257577, 6.58346493765e-07, 3.78702891268e-09, 1.82102444235e-10, 1.93879391708e-11, 1.34306810465e-11, 6.37490268907e-11],
        "dvar2": [0.070681758225, 1.07850253582, 3.061003685, 8.42696857452, 72.1952667236, 387.524261475, 1222.53430176, 2355.63232422, 6224.75683594, 2545.87524414, 1687.89074707, 5633.38818359, 9927.57617188, 8749.00097656, 3116.41210938, 3291.19897461, 3755.64453125, 3994.8034668, 1299.15307617, 3565.3671875, 778.092407227, 559.726257324, 477.239013672, 598.717651367, 955.66192627, 312.329406738, 53.4921226501, 82.0964813232, 122.738517761, 66.4748535156, 9.0649394989, 1.2752327919, 0.235498577356, 0.00165352411568, 1.54228666815e-06, 8.87199824717e-09, 4.28274804509e-10, 4.52024043196e-11, 3.27350889451e-11, 1.60200908095e-10],
        "max": [3.14267873764, 9.95500469208, 31.8673648834, 48.8885917664, 147.009185791, 293.789031982, 547.323669434, 557.658752441, 1227.51000977, 1482.84228516, 878.060058594, 1030.56896973, 1529.15466309, 1553.01330566, 1043.57214355, 849.69128418, 1480.33337402, 1161.38195801, 812.407043457, 1151.89245605, 647.833068848, 361.323272705, 351.554229736, 359.090942383, 404.785888672, 265.849365234, 151.31237793, 167.225067139, 207.073364258, 166.790481567, 64.1009902954, 28.6963367462, 16.9613189697, 1.35331642628, 0.0413219705224, 0.00293728080578, 0.00056022166973, 0.000199392379727, 6.5214917413e-05, 0.000152766340761],
        "mean": [0.0596905648708, 0.381336420774, 0.716321825981, 1.19327652454, 4.48267459869, 11.3616905212, 15.6847848892, 27.4307003021, 28.3725204468, 21.4571819305, 15.9351530075, 35.0742263794, 74.6002426147, 46.8560218811, 25.5981731415, 28.0025730133, 27.2396259308, 32.1764678955, 18.5793552399, 27.1634044647, 17.8035583496, 16.9170150757, 18.8395118713, 18.5364398956, 28.2499351501, 14.6856908798, 3.61696624756, 2.66039609909, 2.98819708824, 2.71086978912, 1.47560119629, 0.440683335066, 0.119131483138, 0.00915412046015, 0.000347467692336, 4.95824315294e-05, 1.68955921254e-05, 5.47817944607e-06, 1.18088937597e-05, 2.44190541707e-05],
        "median": [0.000891077565029, 0.0153433829546, 0.0935387089849, 0.316473633051, 1.45230484009, 4.60418653488, 5.77456474304, 11.7342367172, 9.36219406128, 5.55731916428, 3.9738843441, 8.05652523041, 10.5988349915, 6.02988910675, 4.26243209839, 4.53911399841, 4.50414276123, 5.42986679077, 4.32252883911, 3.58911705017, 4.26409387589, 4.96181631088, 5.90859651566, 4.85017299652, 5.70674800873, 4.00291967392, 1.10744845867, 0.417453438044, 0.454087793827, 0.489643007517, 0.405403524637, 0.123923391104, 0.0167222041637, 0.000741729920264, 7.91500497144e-05, 2.6135612643e-05, 1.19685337268e-05, 3.38783274856e-06, 1.0307503544e-05, 2.15335148823e-05],
        "min": [1.08197687892e-22, 1.17222711032e-21, 6.20213358995e-21, 1.91997457435e-20, 5.83089307311e-20, 7.35805524576e-20, 2.64531248371e-19, 2.21184916321e-19, 3.36198745329e-19, 3.51875782491e-19, 2.93970968263e-19, 6.30576583055e-19, 1.2565455633e-18, 2.7742829176e-18, 1.89657211617e-18, 2.45488718319e-18, 5.01213714e-18, 5.02721829693e-18, 6.98996155338e-18, 5.56819152241e-18, 4.45359873422e-18, 8.12076956312e-18, 9.61321928231e-18, 1.12775927015e-17, 1.11939126292e-17, 8.00197815535e-18, 1.17763652401e-17, 1.24604146554e-17, 1.37659513346e-17, 1.70834617517e-17, 1.85714372509e-17, 1.5971825307e-17, 1.39325058053e-17, 9.4845223867e-18, 8.00224119879e-18, 5.15221976315e-18, 2.9793004596e-18, 1.20974265027e-18, 3.11050877894e-19, 3.42351993272e-20],
        "var": [0.0408712513745, 0.950885653496, 2.73750686646, 5.41622924805, 66.6221694946, 348.736877441, 1042.08996582, 1927.20812988, 4209.04882812, 3477.47192383, 1810.41113281, 7002.66455078, 21931.59375, 16547.6230469, 5199.35791016, 5088.77539062, 6079.70605469, 4817.07128906, 2330.38647461, 8537.85449219, 1670.34106445, 884.174987793, 848.551574707, 939.559753418, 1911.3885498, 500.016326904, 54.7674827576, 106.509963989, 157.964187622, 73.4824066162, 12.1118927002, 1.03405237198, 0.136162444949, 0.00130723929033, 1.31139302084e-06, 8.76374262049e-09, 4.62992644223e-10, 4.95293701885e-11, 1.03214999048e-10, 4.41028297216e-10]
    },
    "gfcc": {
        "mean": [-112.582618713, 145.17276001, -181.929870605, 34.2161140442, -78.1524276733, -21.5781593323, -21.6476707458, -22.5542259216, 0.58032220602, -28.4264163971, 7.77627754211, -12.3938627243, -4.62648963928],
        "cov": [[13201.9833984, 258.139801025, -577.059997559, 2036.99499512, 244.607818604, 1067.02783203, 156.506164551, -72.1479797363, 60.1371536255, -465.564117432, 920.762084961, -103.924705505, 424.028869629], [258.139801025, 1403.74536133, 672.642578125, 217.434616089, 712.491149902, -27.4362869263, 335.864379883, -78.1183395386, -62.6863670349, 23.0246009827, -88.59740448, 41.8688697815, -61.2890357971], [-577.059997559, 672.642578125, 1223.67102051, 502.088439941, 181.015762329, 134.610198975, -21.4001789093, -85.2457733154, -35.9638328552, 8.80411052704, -88.7556228638, 22.2895355225, -7.82433843613], [2036.99499512, 217.434616089, 502.088439941, 1057.72680664, 248.358261108, 400.092987061, 60.7927818298, -37.324924469, 52.2057151794, 1.37990427017, 31.8043365479, -57.0382270813, 82.7608413696], [244.607818604, 712.491149902, 181.015762329, 248.358261108, 835.316101074, 82.8360595703, 265.030670166, 117.815742493, 18.3621349335, 136.255569458, -65.0266799927, -9.59052181244, 9.0052986145], [1067.02783203, -27.4362869263, 134.610198975, 400.092987061, 82.8360595703, 518.141662598, 179.243133545, 68.3973464966, 64.3893966675, -10.9175653458, 55.7286453247, -26.0889034271, 15.826751709], [156.506164551, 335.864379883, -21.4001789093, 60.7927818298, 265.030670166, 179.243133545, 472.940124512, 38.78565979, 2.94684553146, 68.7681121826, -63.1287574768, 50.3332061768, -71.7892608643], [-72.1479797363, -78.1183395386, -85.2457733154, -37.324924469, 117.815742493, 68.3973464966, 38.78565979, 233.260345459, 61.3829231262, 53.6131210327, 35.1323509216, -38.5022392273, 21.6524810791], [60.1371536255, -62.6863670349, -35.9638328552, 52.2057151794, 18.3621349335, 64.3893966675, 2.94684553146, 61.3829231262, 201.999435425, 68.5386276245, 10.1924638748, 27.1189041138, 17.6207370758], [-465.564117432, 23.0246009827, 8.80411052704, 1.37990427017, 136.255569458, -10.9175653458, 68.7681121826, 53.6131210327, 68.5386276245, 204.490737915, -32.0685081482, 20.232334137, 8.66343784332], [920.762084961, -88.59740448, -88.7556228638, 31.8043365479, -65.0266799927, 55.7286453247, -63.1287574768, 35.1323509216, 10.1924638748, -32.0685081482, 237.458847046, 39.77784729, 46.7684249878], [-103.924705505, 41.8688697815, 22.2895355225, -57.0382270813, -9.59052181244, -26.0889034271, 50.3332061768, -38.5022392273, 27.1189041138, 20.232334137, 39.77784729, 137.784286499, 15.4985179901], [424.028869629, -61.2890357971, -7.82433843613, 82.7608413696, 9.0052986145, 15.826751709, -71.7892608643, 21.6524810791, 17.6207370758, 8.66343784332, 46.7684249878, 15.4985179901, 136.718215942]],
        "icov": [[0.000358413846698, -0.000514518585987, 0.000683703052346, -0.000788163451944, 0.000288053939585, -0.000239591608988, -2.11936112464e-05, 0.000143017066875, -3.23824824591e-05, 0.000465765944682, -0.000985215650871, 0.000299089937471, -0.000573272409383], [-0.000514518585987, 0.00462106708437, -0.00333236181177, 0.00201616296545, -0.00351760326885, 0.00221856031567, -0.00299922330305, 0.00247461278923, -0.00134412082843, 0.00144107453525, -0.000545563874766, 0.0017161720898, 0.000338260026183], [0.000683703052346, -0.00333236181177, 0.00399830983952, -0.00271815876476, 0.00220816512592, -0.00186642468907, 0.00254999147728, -0.00147196662147, 0.00142837199382, -0.000522075453773, 0.000120868928207, -0.00201880233362, -6.09155249549e-05], [-0.000788163451944, 0.00201616296545, -0.00271815876476, 0.00413745921105, -0.00189874961507, -0.000368952663848, -0.000717798597179, 0.0017616963014, -0.000981093384326, -0.000541536603123, 0.00111287017353, 0.00147015997209, -0.000186552962987], [0.000288053939585, -0.00351760326885, 0.00220816512592, -0.00189874961507, 0.00470943702385, -0.000998510979116, 0.0011876366334, -0.00304979388602, 0.00133757514413, -0.00198807776906, 0.000913298863452, -0.00118234299589, -0.000507321965415], [-0.000239591608988, 0.00221856031567, -0.00186642468907, -0.000368952663848, -0.000998510979116, 0.00523297023028, -0.00365382409655, 0.000210772472201, -0.00179892673623, 0.00158349378034, -0.00141507026274, 0.0021695594769, -0.000268172472715], [-2.11936112464e-05, -0.00299922330305, 0.00254999147728, -0.000717798597179, 0.0011876366334, -0.00365382409655, 0.00723110046238, -0.00270488462411, 0.00259678787552, -0.00248245382681, 0.00333542213775, -0.00528494780883, 0.00315251667053], [0.000143017066875, 0.00247461278923, -0.00147196662147, 0.0017616963014, -0.00304979388602, 0.000210772472201, -0.00270488462411, 0.00916157662868, -0.00311879930086, 0.000671275309287, -0.00364250247367, 0.00551337236539, -0.00219921278767], [-3.23824824591e-05, -0.00134412082843, 0.00142837199382, -0.000981093384326, 0.00133757514413, -0.00179892673623, 0.00259678787552, -0.00311879930086, 0.0077702649869, -0.00295812846161, 0.00196210620925, -0.00410958565772, 0.00113180372864], [0.000465765944682, 0.00144107453525, -0.000522075453773, -0.000541536603123, -0.00198807776906, 0.00158349378034, -0.00248245382681, 0.000671275309287, -0.00295812846161, 0.00859268568456, -0.00161505432334, 0.00100611848757, -0.00168761156965], [-0.000985215650871, -0.000545563874766, 0.000120868928207, 0.00111287017353, 0.000913298863452, -0.00141507026274, 0.00333542213775, -0.00364250247367, 0.00196210620925, -0.00161505432334, 0.0100822923705, -0.00582069391385, 0.00163659185637], [0.000299089937471, 0.0017161720898, -0.00201880233362, 0.00147015997209, -0.00118234299589, 0.0021695594769, -0.00528494780883, 0.00551337236539, -0.00410958565772, 0.00100611848757, -0.00582069391385, 0.0145076680928, -0.00417284062132], [-0.000573272409383, 0.000338260026183, -6.09155249549e-05, -0.000186552962987, -0.000507321965415, -0.000268172472715, 0.00315251667053, -0.00219921278767, 0.00113180372864, -0.00168761156965, 0.00163659185637, -0.00417284062132, 0.0112957572564]]
    },
    "melbands": {
        "dmean": [0.000302378204651, 0.000203565738047, 0.000139916257467, 0.000271318102023, 0.000301616935758, 0.000302637316054, 0.000218522909563, 0.000112320834887, 8.1590442278e-05, 0.000117742267321, 0.000147202328662, 8.18324479042e-05, 4.73403015349e-05, 3.33564494213e-05, 3.46869492205e-05, 2.90242551273e-05, 2.89070794679e-05, 1.49777533807e-05, 1.52330358105e-05, 1.46019465319e-05, 9.83177778835e-06, 8.27775602374e-06, 9.01239855011e-06, 6.45659338261e-06, 6.29610258329e-06, 7.6911328506e-06, 7.41832855056e-06, 3.30153102368e-06, 1.0834164641e-06, 8.22118636279e-07, 8.86511145382e-07, 9.38957953167e-07, 9.47697003539e-07, 7.16131069112e-07, 4.84118231725e-07, 1.93088879996e-07, 1.08693711809e-07, 5.72223974871e-08, 1.61867390602e-08, 7.68046071187e-10],
        "dmean2": [0.000495818501804, 0.000330376031343, 0.000230588513659, 0.000436459173216, 0.000474973581731, 0.000486037548399, 0.000345979933627, 0.000170175888343, 0.000124518177472, 0.000173890846781, 0.000222966031288, 0.000121836470498, 6.97807117831e-05, 4.88708537887e-05, 5.15345345775e-05, 4.26981532655e-05, 4.52469976153e-05, 2.20982346946e-05, 2.26203956117e-05, 2.1162439225e-05, 1.47445116454e-05, 1.23988256746e-05, 1.34930760396e-05, 1.00312417999e-05, 9.75038983597e-06, 1.16369637908e-05, 1.11255958473e-05, 5.05528714712e-06, 1.76415960595e-06, 1.30587989133e-06, 1.39026872148e-06, 1.47000162087e-06, 1.49624770529e-06, 1.09722157049e-06, 7.43835357753e-07, 2.93638692028e-07, 1.66755498299e-07, 8.3644913218e-08, 2.29804815177e-08, 1.07425091045e-09],
        "dvar": [1.24767234411e-06, 3.49927205434e-07, 1.29014438244e-07, 2.67105747298e-07, 5.4443182762e-07, 4.40099142907e-07, 4.76340943578e-07, 1.10781357421e-07, 6.23248652687e-08, 1.06666149691e-07, 1.09836356899e-07, 6.44543405315e-08, 2.5870278364e-08, 9.86039161432e-09, 1.18107461589e-08, 8.11270695067e-09, 6.83309986371e-09, 1.94733296155e-09, 2.5859501207e-09, 3.13190384738e-09, 7.57243823202e-10, 4.28638041727e-10, 3.7358105498e-10, 1.88801155265e-10, 2.2369270325e-10, 2.7080865328e-10, 2.43904757502e-10, 5.41707408097e-11, 1.06610146058e-11, 1.06011822584e-11, 1.72691496519e-11, 2.09567051213e-11, 1.84670299885e-11, 6.89317006253e-12, 2.06116027024e-12, 3.49309800919e-13, 1.90178764663e-13, 7.47669341803e-14, 6.00780818323e-15, 2.61461683481e-17],
        "dvar2": [3.51326548298e-06, 9.29237671699e-07, 3.65993770401e-07, 6.99314796293e-07, 1.29951331473e-06, 1.12278235065e-06, 1.20897777833e-06, 2.38038580846e-07, 1.23939926766e-07, 2.40512861183e-07, 2.57374097146e-07, 1.55863901341e-07, 5.86942583425e-08, 1.93128624204e-08, 2.6241455231e-08, 1.64660605151e-08, 1.66942122348e-08, 4.1784593563e-09, 5.25399057594e-09, 5.72765745943e-09, 1.53800627789e-09, 8.81126005492e-10, 8.10273625973e-10, 4.5979459129e-10, 5.15347819974e-10, 5.73371627954e-10, 5.40339772925e-10, 1.26264096401e-10, 2.72730726891e-11, 2.44259803356e-11, 3.75738919145e-11, 4.72947757346e-11, 4.44743269989e-11, 1.55242450839e-11, 4.69523898927e-12, 8.27197522719e-13, 5.11890660068e-13, 1.96410826513e-13, 1.43276503942e-14, 5.30568501055e-17],
        "max": [0.0204508509487, 0.0135258026421, 0.00967309065163, 0.0113119697198, 0.0166063141078, 0.0123754804954, 0.0164020303637, 0.0133415907621, 0.007486498449, 0.00648929737508, 0.00785607658327, 0.00690902443603, 0.00463683949783, 0.0027522216551, 0.0026474269107, 0.00260055623949, 0.00249751587398, 0.00103831326123, 0.001873543486, 0.00147364137229, 0.00102068542037, 0.00054734305013, 0.000395440583816, 0.000342027458828, 0.000351230642991, 0.000374972267309, 0.000335257762345, 0.000147947619553, 9.56822550506e-05, 0.000107184205262, 0.000122859200928, 0.000142429315019, 0.000118200980069, 7.499181811e-05, 4.43703029305e-05, 2.02755145438e-05, 2.18270743062e-05, 1.55233719852e-05, 3.87696718462e-06, 2.02592516985e-07],
        "mean": [0.000541550747585, 0.000432171364082, 0.000285914604319, 0.000572842778638, 0.000566968810745, 0.000619609374553, 0.000422864774009, 0.000209479694604, 0.000138962233905, 0.000228491029702, 0.000370621855836, 0.000190918100998, 9.06891509658e-05, 7.46665973566e-05, 6.18447593297e-05, 5.46308692719e-05, 6.13727243035e-05, 2.83274566755e-05, 3.36223747581e-05, 2.99788862321e-05, 2.09268455365e-05, 1.73150583578e-05, 1.9729941414e-05, 1.43784463944e-05, 1.45544454426e-05, 1.96084274648e-05, 1.84267119039e-05, 7.52529604142e-06, 2.16798162e-06, 1.50129415033e-06, 1.55630959853e-06, 1.66105849075e-06, 1.7192520545e-06, 1.43198019487e-06, 9.94966626422e-07, 3.9602022639e-07, 2.07897784321e-07, 9.79837508908e-08, 2.35391208747e-08, 9.62131263549e-10],
        "median": [1.06524421426e-05, 4.319348227e-05, 7.81888593337e-05, 0.000249086180702, 0.000236059553572, 0.000271391007118, 0.000140429343446, 4.83054536744e-05, 2.55206141446e-05, 4.36106638517e-05, 4.16007678723e-05, 1.60789095389e-05, 9.45197371038e-06, 8.54791869642e-06, 8.87250553205e-06, 5.49215064893e-06, 7.95374398876e-06, 4.84599786432e-06, 4.28245175499e-06, 3.85458270102e-06, 4.86660383103e-06, 4.1167454583e-06, 4.75527667732e-06, 4.57102078144e-06, 3.46890260516e-06, 3.72878776034e-06, 3.88973558074e-06, 1.90055800431e-06, 4.43186735311e-07, 2.61461451601e-07, 1.98251498773e-07, 2.21128303224e-07, 2.68594817499e-07, 2.58397761854e-07, 2.62841837184e-07, 1.18154993345e-07, 4.82999134022e-08, 7.18012982404e-09, 1.6554467519e-10, 5.91516419179e-12],
        "min": [1.12523829496e-24, 2.83444053855e-24, 4.20823450803e-24, 4.17807596119e-24, 8.23787564027e-24, 5.15032612206e-24, 4.4034054013e-24, 4.20285368779e-24, 2.42729857852e-24, 4.54834715415e-24, 6.18724867766e-24, 1.17397806598e-23, 4.37341922057e-24, 3.87623726847e-24, 1.1701855383e-23, 1.02289518876e-23, 8.53939484433e-24, 1.15978637941e-23, 6.61400862232e-24, 7.69983542645e-24, 4.89064336725e-24, 9.59096615251e-24, 4.53728969084e-24, 1.00727637392e-23, 8.72639984394e-24, 9.64630790046e-24, 5.86346545228e-24, 4.95020078788e-24, 6.89689177635e-24, 6.98995527506e-24, 7.10552576426e-24, 7.77308195036e-24, 1.00644120688e-23, 8.45063852616e-24, 9.19427955771e-24, 9.676255427e-24, 9.3069304727e-24, 9.87141409293e-24, 9.49471723347e-24, 7.3114026833e-24],
        "var": [2.44333114097e-06, 9.11061079023e-07, 2.908818999e-07, 7.23899461263e-07, 1.14684905839e-06, 9.38699770359e-07, 9.06379682419e-07, 3.16685969892e-07, 1.432655381e-07, 2.78316463209e-07, 5.70410463752e-07, 3.02272468389e-07, 8.80027073435e-08, 4.69824890104e-08, 2.64664219429e-08, 2.37683366322e-08, 1.88828721548e-08, 5.56951018638e-09, 1.26973969117e-08, 1.30917383601e-08, 2.84672441175e-09, 1.46403045242e-09, 1.17913212527e-09, 5.47899614567e-10, 7.13076042658e-10, 1.05371822379e-09, 8.557858866e-10, 1.66113858779e-10, 2.3179732439e-11, 2.38319398937e-11, 4.40654214506e-11, 5.71467977106e-11, 4.25857578368e-11, 1.72864916825e-11, 5.47641489448e-12, 8.66236878234e-13, 2.80325594551e-13, 1.01514296643e-13, 1.02166039368e-14, 5.63431361088e-17]
    },
    "mfcc": {
        "mean": [-723.348388672, 140.687515259, -34.1977272034, 27.2299575806, -24.7410755157, -7.12714290619, -21.9241886139, 7.52879905701, -25.2449016571, 7.53274297714, -9.41219902039, -7.38120651245, -3.73327207565],
        "cov": [[11915.4941406, 426.172821045, -1167.71777344, 1884.99694824, -86.8197555542, 1369.44274902, 262.830749512, 939.234069824, -593.258666992, 533.785766602, -540.972473145, 332.404907227, 147.423492432], [426.172821045, 1285.41711426, 155.070831299, 354.955963135, 333.287261963, 163.50769043, 318.813232422, 75.5437088013, 64.8133773804, -28.2057723999, 35.09034729, -26.6071147919, 53.0620613098], [-1167.71777344, 155.070831299, 1257.64367676, 208.260299683, 196.016555786, 206.018920898, 36.4653816223, -65.9586181641, 110.234016418, -156.405014038, 43.8272209167, 26.4530029297, -75.7843093872], [1884.99694824, 354.955963135, 208.260299683, 869.184448242, 283.031921387, 447.99331665, 176.392410278, 110.012207031, 54.0163002014, 67.9262390137, -100.285301208, 77.3672485352, 35.3847808838], [-86.8197555542, 333.287261963, 196.016555786, 283.031921387, 586.626342773, 65.5803604126, 122.410690308, 1.84009087086, 136.77154541, 104.53263855, -46.3045501709, 51.9523124695, 60.5414085388], [1369.44274902, 163.50769043, 206.018920898, 447.99331665, 65.5803604126, 638.276123047, 200.878005981, 181.300872803, 136.111434937, 44.109336853, 48.184677124, 87.7604827881, -9.45404815674], [262.830749512, 318.813232422, 36.4653816223, 176.392410278, 122.410690308, 200.878005981, 375.641662598, 111.868621826, 106.678253174, 45.7803153992, 68.6548538208, 47.1895217896, -3.01529693604], [939.234069824, 75.5437088013, -65.9586181641, 110.012207031, 1.84009087086, 181.300872803, 111.868621826, 274.943969727, -11.7609500885, 82.7801895142, 24.6896018982, 35.9030799866, 26.1857204437], [-593.258666992, 64.8133773804, 110.234016418, 54.0163002014, 136.77154541, 136.111434937, 106.678253174, -11.7609500885, 354.085021973, 41.6143569946, 111.816642761, 37.2578010559, -32.6270217896], [533.785766602, -28.2057723999, -156.405014038, 67.9262390137, 104.53263855, 44.109336853, 45.7803153992, 82.7801895142, 41.6143569946, 208.123641968, 9.30360794067, 47.9481582642, 22.941034317], [-540.972473145, 35.09034729, 43.8272209167, -100.285301208, -46.3045501709, 48.184677124, 68.6548538208, 24.6896018982, 111.816642761, 9.30360794067, 210.503952026, 29.27227211, -4.75320529938], [332.404907227, -26.6071147919, 26.4530029297, 77.3672485352, 51.9523124695, 87.7604827881, 47.1895217896, 35.9030799866, 37.2578010559, 47.9481582642, 29.27227211, 177.119827271, 42.4944877625], [147.423492432, 53.0620613098, -75.7843093872, 35.3847808838, 60.5414085388, -9.45404815674, -3.01529693604, 26.1857204437, -32.6270217896, 22.941034317, -4.75320529938, 42.4944877625, 162.507446289]],
