{
"lowlevel": {
    "average_loudness": 0.901549994946,
    "barkbands_crest": {
        "dmean": 2.87163543701,
        "dmean2": 4.65122032166,
        "dvar": 6.35158967972,
        "dvar2": 15.9638080597,
        "max": 24.8980255127,
        "mean": 10.0352430344,
        "median": 9.29370498657,
        "min": 2.4039041996,
        "var": 16.1726722717
    },
    "barkbands_flatness_db": {
        "dmean": 0.0210278239101,
        "dmean2": 0.0338364802301,
        "dvar": 0.000376073468942,
        "dvar2": 0.000938717159443,
        "max": 0.498020112514,
        "mean": 0.17752198875,
        "median": 0.168818965554,
        "min": 0.0319455079734,
        "var": 0.00210840906948
    },
    "barkbands_kurtosis": {
        "dmean": 2.47632908821,
        "dmean2": 4.0550570488,
        "dvar": 59.4724006653,
        "dvar2": 162.035385132,
        "max": 353.185974121,
        "mean": 3.04047012329,
        "median": 0.634226918221,
        "min": -1.92088365555,
        "var": 97.3932266235
    },
    "barkbands_skewness": {
        "dmean": 0.484012424946,
        "dmean2": 0.77808701992,
        "dvar": 0.307619273663,
        "dvar2": 0.787247657776,
        "max": 15.6561489105,
        "mean": 1.34790706635,
        "median": 1.10336565971,
        "min": -2.75393342972,
        "var": 1.2405500412
    },
    "barkbands_spread": {
        "dmean": 5.92399740219,
        "dmean2": 9.47467708588,
        "dvar": 43.991104126,
        "dvar2": 101.7447052,
        "max": 84.8470230103,
        "mean": 24.8901290894,
        "median": 24.2770423889,
        "min": 0.400138109922,
        "var": 170.631240845
    },
    "dissonance": {
        "dmean": 0.0175653602928,
        "dmean2": 0.0294885747135,
        "dvar": 0.000356998119969,
        "dvar2": 0.000970111461356,
        "max": 0.499988734722,
        "mean": 0.46727052331,
        "median": 0.475194454193,
        "min": 0.0451044663787,
        "var": 0.000898897706065
    },
    "dynamic_complexity": 3.85889029503,
    "erbbands_crest": {
        "dmean": 3.07567167282,
        "dmean2": 4.9686217308,
        "dvar": 8.65123081207,
        "dvar2": 20.7870063782,
        "max": 31.7019996643,
        "mean": 9.79624176025,
        "median": 8.24805259705,
        "min": 2.2590265274,
        "var": 26.4055404663
    },
    "erbbands_flatness_db": {
        "dmean": 0.0145597141236,
        "dmean2": 0.021976955235,
        "dvar": 0.00017557751562,
        "dvar2": 0.000366600346752,
        "max": 0.395044118166,
        "mean": 0.20970132947,
        "median": 0.202089071274,
        "min": 0.096066519618,
        "var": 0.00173174624797
    },
    "erbbands_kurtosis": {
        "dmean": 0.895246565342,
        "dmean2": 1.4136711359,
        "dvar": 1.95251536369,
        "dvar2": 4.46073722839,
        "max": 31.0637779236,
        "mean": 0.39011323452,
        "median": -0.313280344009,
        "min": -1.76459896564,
        "var": 5.82434129715
    },
    "erbbands_skewness": {
        "dmean": 0.394601494074,
        "dmean2": 0.607514381409,
        "dvar": 0.13214661181,
        "dvar2": 0.297431409359,
        "max": 4.9278512001,
        "mean": 0.341336071491,
        "median": 0.282488584518,
        "min": -4.05345535278,
        "var": 0.704017281532
    },
    "erbbands_spread": {
        "dmean": 6.78172826767,
        "dmean2": 10.593047142,
        "dvar": 49.5952606201,
        "dvar2": 116.488510132,
        "max": 104.881202698,
        "mean": 36.4838829041,
        "median": 33.5215797424,
        "min": 3.47896814346,
        "var": 236.242050171
    },
    "hfc": {
        "dmean": 5.36185598373,
        "dmean2": 8.37805843353,
        "dvar": 39.1793136597,
        "dvar2": 94.7696380615,
        "max": 98.7299804688,
        "mean": 23.8132343292,
        "median": 24.2400550842,
        "min": 1.14465001702e-16,
        "var": 301.077514648
    },
    "melbands_crest": {
        "dmean": 3.6981241703,
        "dmean2": 5.98625135422,
        "dvar": 10.1306238174,
        "dvar2": 24.9178333282,
        "max": 36.6170692444,
        "mean": 14.585726738,
        "median": 13.4588956833,
        "min": 1.53218495846,
        "var": 32.0984420776
    },
    "melbands_flatness_db": {
        "dmean": 0.0262417085469,
        "dmean2": 0.0413364134729,
        "dvar": 0.000627201690804,
        "dvar2": 0.00147695920896,
        "max": 0.660009205341,
        "mean": 0.201299026608,
        "median": 0.190146178007,
        "min": 0.00556518463418,
        "var": 0.00422607734799
    },
    "melbands_kurtosis": {
        "dmean": 5.466796875,
        "dmean2": 9.01644325256,
        "dvar": 116.577980042,
        "dvar2": 323.266296387,
        "max": 300.847473145,
        "mean": 10.2908248901,
        "median": 5.18641042709,
        "min": -1.9191763401,
        "var": 288.913818359
    },
    "melbands_skewness": {
        "dmean": 0.655323624611,
        "dmean2": 1.05073559284,
        "dvar": 0.483853280544,
        "dvar2": 1.24476766586,
        "max": 13.6267814636,
        "mean": 2.35892128944,
        "median": 2.0145483017,
        "min": -0.965423345566,
        "var": 2.15173172951
    },
    "melbands_spread": {
        "dmean": 7.5754275322,
        "dmean2": 12.2224836349,
        "dvar": 89.8095321655,
        "dvar2": 196.023727417,
        "max": 208.39201355,
        "mean": 26.7615604401,
        "median": 24.8957595825,
        "min": 0.41273239255,
        "var": 297.711303711
    },
    "pitch_salience": {
        "dmean": 0.070544719696,
        "dmean2": 0.115226343274,
        "dvar": 0.00410674000159,
        "dvar2": 0.0105464374647,
        "max": 0.967308402061,
        "mean": 0.543361246586,
        "median": 0.545685648918,
        "min": 0.0853870362043,
        "var": 0.01270206552
    },
    "silence_rate_20dB": {
        "dmean": 0,
        "dmean2": 0,
        "dvar": 0,
        "dvar2": 0,
        "max": 1,
        "mean": 1,
        "median": 1,
        "min": 1,
        "var": 0
    },
    "silence_rate_30dB": {
        "dmean": 0.000476133805932,
        "dmean2": 0.000952380942181,
        "dvar": 0.000475911743706,
        "dvar2": 0.00142768293153,
        "max": 1,
        "mean": 0.999761939049,
        "median": 1,
        "min": 0,
        "var": 0.00023796291498
    },
    "silence_rate_60dB": {
        "dmean": 0.0221402216703,
        "dmean2": 0.0442857146263,
        "dvar": 0.0216484237462,
        "dvar2": 0.0482708252966,
        "max": 1,
        "mean": 0.135801002383,
        "median": 0,
        "min": 0,
        "var": 0.117350071669
    },
    "spectral_centroid": {
        "dmean": 270.685119629,
        "dmean2": 434.592712402,
        "dvar": 98799.9921875,
        "dvar2": 212700.515625,
        "max": 10966.9765625,
        "mean": 1561.67907715,
        "median": 1576.81860352,
        "min": 256.898864746,
        "var": 376625.4375
    },
    "spectral_complexity": {
        "dmean": 3.84692287445,
        "dmean2": 6.0966668129,
        "dvar": 17.0587978363,
        "dvar2": 40.7478256226,
        "max": 58,
        "mean": 24.9245414734,
        "median": 27,
        "min": 0,
        "var": 225.328033447
    },
    "spectral_decrease": {
        "dmean": 2.45179165859e-09,
        "dmean2": 3.9225209747e-09,
        "dvar": 8.81595613815e-18,
        "dvar2": 2.23818976822e-17,
        "max": 1.27216953402e-28,
        "mean": -7.48495132541e-09,
        "median": -7.02373403882e-09,
        "min": -3.64309400425e-08,
        "var": 2.97164138751e-17
    },
    "spectral_energy": {
        "dmean": 0.00957023259252,
        "dmean2": 0.0152542237192,
        "dvar": 0.000130642845761,
        "dvar2": 0.000330585084157,
        "max": 0.144902959466,
        "mean": 0.0304098743945,
        "median": 0.0289632715285,
        "min": 1.0657434594e-20,
        "var": 0.000474768021377
    },
    "spectral_energyband_high": {
        "dmean": 0.000347807363141,
        "dmean2": 0.000548713258468,
        "dvar": 3.54380404133e-07,
        "dvar2": 8.49792058943e-07,
        "max": 0.00824357755482,
        "mean": 0.000991871231236,
        "median": 0.000806763069704,
        "min": 7.48060867742e-21,
        "var": 9.96072344606e-07
    },
    "spectral_energyband_low": {
        "dmean": 0.00586685817689,
        "dmean2": 0.00980184599757,
        "dvar": 9.05582710402e-05,
        "dvar2": 0.000236967593082,
        "max": 0.0906210318208,
        "mean": 0.0120230233297,
        "median": 0.00895114056766,
        "min": 5.25631778883e-23,
        "var": 0.000171684368979
    },
    "spectral_energyband_middle_high": {
        "dmean": 0.00175431719981,
        "dmean2": 0.0027910808567,
        "dvar": 7.04520198269e-06,
        "dvar2": 1.77945694304e-05,
        "max": 0.0675474852324,
        "mean": 0.00646789977327,
        "median": 0.0055386852473,
        "min": 1.44768037476e-21,
        "var": 3.85427993024e-05
    },
    "spectral_energyband_middle_low": {
        "dmean": 0.00547905312851,
        "dmean2": 0.00880044419318,
        "dvar": 5.32272133569e-05,
        "dvar2": 0.000132733985083,
        "max": 0.0813142880797,
        "mean": 0.012262112461,
        "median": 0.00935395527631,
        "min": 2.26559312123e-22,
        "var": 0.000124235273688
    },
    "spectral_entropy": {
        "dmean": 0.116220124066,
        "dmean2": 0.176865518093,
        "dvar": 0.0149573208764,
        "dvar2": 0.0308611914515,
        "max": 9.80343151093,
        "mean": 7.65918397903,
        "median": 7.74747896194,
        "min": 5.741938591,
        "var": 0.123604513705
    },
    "spectral_flux": {
        "dmean": 0.0232929065824,
        "dmean2": 0.0359919182956,
        "dvar": 0.000588143826462,
        "dvar2": 0.00123601837549,
        "max": 0.277979791164,
        "mean": 0.0901310890913,
        "median": 0.0883676558733,
        "min": 6.75991693178e-11,
        "var": 0.00232119555585
    },
    "spectral_kurtosis": {
        "dmean": 1.65353167057,
        "dmean2": 2.92318439484,
        "dvar": 3.05308938026,
        "dvar2": 9.17949104309,
        "max": 25.4852619171,
        "mean": 2.14169216156,
        "median": 1.5180542469,
        "min": -1.23148882389,
        "var": 5.59597349167
    },
    "spectral_rms": {
        "dmean": 0.000797319167759,
        "dmean2": 0.00124605325982,
        "dvar": 6.47108549856e-07,
        "dvar2": 1.57247757215e-06,
        "max": 0.0118898591027,
        "mean": 0.00496523408219,
        "median": 0.00531571730971,
        "min": 3.22451505601e-12,
        "var": 5.01469094161e-06
    },
    "spectral_rolloff": {
        "dmean": 518.809875488,
        "dmean2": 869.364257812,
        "dvar": 601617.6875,
        "dvar2": 1330046.75,
        "max": 19487.5488281,
        "mean": 1563.70629883,
        "median": 1464.2578125,
        "min": 43.06640625,
        "var": 1436474.75
    },
    "spectral_skewness": {
        "dmean": 0.220615044236,
        "dmean2": 0.371197134256,
        "dvar": 0.0408831909299,
        "dvar2": 0.111471660435,
        "max": 3.57464647293,
        "mean": 0.92826551199,
        "median": 0.857348501682,
        "min": -0.686908125877,
        "var": 0.152597799897
    },
    "spectral_spread": {
        "dmean": 268789.59375,
        "dmean2": 411862.5625,
        "dvar": 328396800000,
        "dvar2": 668029485056,
        "max": 41932072,
        "mean": 3505865.75,
        "median": 3363427.5,
        "min": 1612826,
        "var": 1.19948365005e+12
    },
    "spectral_strongpeak": {
        "dmean": 0.603534579277,
        "dmean2": 1.01988554001,
        "dvar": 0.828276395798,
        "dvar2": 1.99982213974,
        "max": 7.9159655571,
        "mean": 0.99504929781,
        "median": 0.412907868624,
        "min": 0,
        "var": 1.55851554871
    },
    "zerocrossingrate": {
        "dmean": 0.0086634028703,
        "dmean2": 0.0103773139417,
        "dvar": 0.000126479120809,
        "dvar2": 0.000149767292896,
        "max": 0.52978515625,
        "mean": 0.0592065118253,
        "median": 0.056640625,
        "min": 0.00244140625,
        "var": 0.000790265970863
    },
    "barkbands": {
        "dmean": [0.00054330722196, 0.00476025696844, 0.00180950947106, 0.000689742271788, 0.00166050507687, 0.000971762696281, 0.000981223653071, 0.00154515809845, 0.00165706104599, 0.00102823914494, 0.000373152637621, 0.000361805985449, 0.000210192112718, 0.000273227895377, 0.000416953931563, 0.0003055332636, 0.000343033287209, 0.000191864164663, 0.000195562271983, 0.000151473941514, 0.000131601264002, 0.000133209890919, 8.08439654065e-05, 3.42695238942e-05, 5.88302214055e-07, 1.27506538661e-09, 1.06629383101e-09],
        "dmean2": [0.000787529337686, 0.00772616593167, 0.00324505753815, 0.00122076098341, 0.00278012547642, 0.00159128836822, 0.00158657622524, 0.00248409225605, 0.00259440136142, 0.00161001784727, 0.000622482795734, 0.000590197159909, 0.000351515744114, 0.000450529711088, 0.000693762558512, 0.000509582576342, 0.000581588014029, 0.000321319181239, 0.000328041351167, 0.00025313111837, 0.000218952074647, 0.000216236017877, 0.000123476158478, 5.13063387189e-05, 8.89572447704e-07, 2.25926610753e-09, 1.96227345484e-09],
        "dvar": [1.29069917421e-06, 6.35974865872e-05, 1.33942266984e-05, 1.29410898353e-06, 1.45216336023e-05, 5.26219037056e-06, 6.30503791399e-06, 1.37462475323e-05, 1.46060410771e-05, 7.90279045759e-06, 9.54807205744e-07, 7.61426292684e-07, 1.95031958583e-07, 2.51330277479e-07, 3.93152134848e-07, 2.32289437463e-07, 2.49349881187e-07, 6.78102551888e-08, 7.71836070612e-08, 5.72410421285e-08, 5.09907600588e-08, 5.1998856776e-08, 2.91467703306e-08, 8.2673814461e-09, 4.59127440927e-12, 2.82897159157e-17, 7.18969506563e-18],
        "dvar2": [2.77981280306e-06, 0.000152449472807, 3.91049070458e-05, 3.75077001991e-06, 3.678437497e-05, 1.26518852994e-05, 1.55978432304e-05, 3.39011457982e-05, 3.49952315446e-05, 1.97916142497e-05, 2.54852034232e-06, 1.90376545106e-06, 5.13031920946e-07, 6.20324840384e-07, 1.05817809981e-06, 6.15782255409e-07, 6.85330064698e-07, 1.89048947163e-07, 2.11743113709e-07, 1.55353703235e-07, 1.37384233767e-07, 1.2942837202e-07, 6.40911252958e-08, 1.74201986169e-08, 9.5367914954e-12, 8.24072001637e-17, 2.17748099783e-17],
        "max": [0.0204225219786, 0.0748157501221, 0.0378827489913, 0.0126389721408, 0.0498485416174, 0.0390017032623, 0.0374073944986, 0.0683992952108, 0.0749259889126, 0.0600468814373, 0.0240971688181, 0.0257450360805, 0.0135314967483, 0.0104475561529, 0.00989438779652, 0.00728635350242, 0.00762884085998, 0.0027975931298, 0.00430958578363, 0.00405770353973, 0.00299538765103, 0.00426498614252, 0.0028784351889, 0.00155183766037, 6.04550295975e-05, 3.1387125432e-07, 1.46024021319e-07],
        "mean": [0.000716982467566, 0.00775672402233, 0.00283719226718, 0.00110274134204, 0.00202252087183, 0.001477337908, 0.00141778576653, 0.00230039609596, 0.00268301810138, 0.00178157235496, 0.000637736928184, 0.000573375844397, 0.000320307037327, 0.000491828192025, 0.000820752582513, 0.000637151824776, 0.000742271251511, 0.000420795491664, 0.000478142464999, 0.000332723691827, 0.00027229799889, 0.000322376086842, 0.000190079474123, 7.29941821191e-05, 7.8980104945e-07, 1.4213999977e-09, 1.20888821176e-09],
        "median": [5.53163699806e-05, 0.00410801544785, 0.00144270760939, 0.000842957640998, 0.000763789168559, 0.000650362926535, 0.000383416365366, 0.000591360963881, 0.000489551806822, 0.000391497305827, 0.000164491415489, 0.000252975674812, 0.000147683866089, 0.000319138140185, 0.000461643241579, 0.000359760364518, 0.000429635023465, 0.000311026640702, 0.000346637272742, 0.000251613790169, 0.000217495544348, 0.000235220155446, 0.000121700883028, 3.5573320929e-05, 7.01272355741e-08, 6.10361206022e-10, 6.25826612755e-10],
        "min": [2.43959936551e-23, 9.33017820358e-24, 1.04719202575e-23, 1.78131418831e-23, 5.31671108647e-24, 1.92529928954e-23, 6.44647310428e-24, 3.06043889326e-23, 6.65037447896e-23, 6.84187835231e-23, 2.64925366611e-23, 2.82538705804e-23, 1.26217997271e-23, 9.76410692171e-23, 1.12943828508e-22, 1.21398082384e-22, 8.4795176195e-23, 1.94379315527e-22, 2.28496148661e-22, 2.6370776927e-22, 4.13459418475e-22, 3.52977364519e-22, 5.21928398788e-22, 8.32591971171e-22, 9.43462799438e-22, 1.33633966307e-21, 1.91204010282e-21],
        "var": [2.23731240112e-06, 0.000108343243483, 1.42657027027e-05, 1.53454607243e-06, 1.62053529493e-05, 8.45554859552e-06, 1.00798179119e-05, 2.59987391473e-05, 3.2419749914e-05, 2.27196505875e-05, 2.73634805126e-06, 1.16287890251e-06, 3.14859875061e-07, 4.31087499919e-07, 9.51419281137e-07, 5.72940564325e-07, 6.78198716741e-07, 1.77103672172e-07, 2.33531409322e-07, 1.33518980761e-07, 8.00921853283e-08, 1.30359509853e-07, 7.77471740321e-08, 2.12246114017e-08, 9.97963257171e-12, 1.91159735569e-17, 4.38108725454e-18]
    },
    "erbbands": {
        "dmean": [0.186163455248, 1.0456571579, 2.04389858246, 2.17512559891, 3.5340077877, 5.78421926498, 8.85258674622, 6.8593287468, 10.1216783524, 21.1722755432, 36.2397384644, 35.7571258545, 45.7879219055, 13.5450372696, 13.9424419403, 15.3249597549, 9.54080200195, 13.1657915115, 14.3061618805, 25.2825260162, 14.8034734726, 16.7274951935, 10.3216028214, 8.79684734344, 10.4095506668, 6.95524358749, 5.23789024353, 5.33276128769, 5.06879234314, 3.55240535736, 2.07927560806, 1.17740893364, 0.304033815861, 0.0228907261044, 0.000728199840523, 6.11460854998e-05, 1.22710962387e-05, 3.59563205166e-06, 4.94230425829e-06, 1.08047515823e-05],
        "dmean2": [0.27156329155, 1.7188719511, 3.65698719025, 3.83563399315, 6.11203479767, 9.73037528992, 14.4931583405, 11.4484844208, 16.6761951447, 34.100315094, 58.3657417297, 55.7077445984, 71.1539230347, 21.7156829834, 23.1893558502, 24.8972301483, 15.7987203598, 21.7212181091, 23.7573242188, 42.0268859863, 24.6531505585, 28.2791156769, 17.3789291382, 14.7857398987, 17.4432182312, 11.6406946182, 8.8192243576, 8.78750896454, 8.29004955292, 5.60975980759, 3.19586920738, 1.76532590389, 0.444383472204, 0.0327140428126, 0.00102548580617, 8.74101606314e-05, 1.8096248823e-05, 5.44686645298e-06, 7.7225113273e-06, 1.7103364371e-05],
        "dvar": [0.104296073318, 3.6237616539, 18.9362258911, 12.3004484177, 90.3316726685, 190.093200684, 560.338989258, 295.781707764, 707.729736328, 2964.17871094, 8447.39746094, 7783.35595703, 12941.0654297, 791.138427734, 1178.39477539, 1569.96142578, 399.885040283, 668.785705566, 516.004333496, 1626.67529297, 482.535064697, 598.095458984, 194.875198364, 164.224884033, 234.990722656, 125.413673401, 93.7666244507, 76.1635894775, 76.3274459839, 52.0046195984, 20.4291248322, 9.78528213501, 0.622828781605, 0.0041951816529, 4.26484803029e-06, 2.29796057738e-08, 6.80572598277e-10, 5.82339107491e-11, 3.03684265235e-11, 1.56801821527e-10],
        "dvar2": [0.243410468102, 8.98199462891, 54.0536766052, 35.9761238098, 244.926879883, 485.189239502, 1304.3293457, 744.470947266, 1859.76477051, 7153.30615234, 21143.3164062, 18445.4648438, 32258.4296875, 1974.64624023, 3108.453125, 3937.19775391, 1045.07763672, 1687.57189941, 1373.61462402, 4339.16552734, 1308.68969727, 1650.7052002, 535.428649902, 444.531280518, 651.823181152, 346.16494751, 256.238128662, 199.794647217, 193.843780518, 122.347549438, 45.1976585388, 20.5328865051, 1.30610096455, 0.00813840515912, 7.91057118477e-06, 4.33313154247e-08, 1.41731659742e-09, 1.32811664444e-10, 7.4265968375e-11, 3.95051075186e-10],
        "max": [3.44972276688, 19.6263713837, 41.3446960449, 38.722530365, 145.933746338, 199.863021851, 491.375732422, 358.681396484, 587.448059082, 950.996520996, 1828.37841797, 2076.45703125, 2094.7902832, 880.231140137, 1002.22247314, 1321.65917969, 587.875183105, 633.18951416, 530.01776123, 644.53704834, 447.415161133, 505.105407715, 166.733428955, 267.857452393, 204.063400269, 221.522155762, 140.199874878, 131.887756348, 145.735229492, 196.595458984, 74.318939209, 55.8923835754, 17.4586143494, 1.73542654514, 0.0539229288697, 0.00319127785042, 0.000574431964196, 0.000251822842984, 7.72298008087e-05, 0.000167968348251],
        "mean": [0.260668039322, 1.56823933125, 3.11760449409, 4.25668859482, 3.96046233177, 6.90239715576, 12.9298553467, 9.96326541901, 14.6126441956, 33.9095993042, 56.8694648743, 59.1943511963, 84.8753967285, 24.6229801178, 25.8525772095, 25.2458877563, 16.2820453644, 24.294210434, 30.2257785797, 49.5824050903, 36.4032249451, 38.6848602295, 24.6471061707, 21.9774665833, 24.8834438324, 15.7511196136, 10.4903173447, 11.5477647781, 11.8101615906, 8.43312454224, 4.87517547607, 2.52916264534, 0.662119686604, 0.0469716079533, 0.00166348589119, 0.000175824956386, 4.33661953139e-05, 1.28590827444e-05, 1.91535236809e-05, 3.70577472495e-05],
        "median": [0.0809696912766, 0.860442042351, 2.05666303635, 3.55312728882, 1.84426617622, 2.35477590561, 4.16890621185, 4.8594250679, 6.64793539047, 7.2720041275, 17.8030014038, 14.4049787521, 16.2421417236, 10.354681015, 9.43317222595, 11.298538208, 8.67039012909, 15.5127830505, 20.9728736877, 25.7337589264, 22.1059532166, 23.0854701996, 18.607006073, 15.6763019562, 17.7767353058, 12.0316123962, 8.32456207275, 9.1247215271, 8.64975166321, 5.49522447586, 3.13530874252, 1.32716941833, 0.321496278048, 0.0188592411578, 0.0007929794956, 0.000117238087114, 3.69806002709e-05, 1.14863596536e-05, 1.95797128981e-05, 3.64212173736e-05],
        "min": [6.23376163635e-22, 1.56545778753e-21, 1.06524488921e-20, 4.27040230725e-20, 1.90592914449e-20, 1.72938052899e-20, 9.88962535461e-20, 1.52649874794e-19, 1.27828019919e-19, 3.34582279315e-19, 7.63149698709e-19, 1.29296394753e-18, 2.08547659343e-18, 2.27747906888e-18, 1.7087644804e-18, 1.338468187e-18, 1.25118160722e-18, 2.98507976374e-18, 8.60313580143e-18, 7.60854375906e-18, 7.10854451164e-18, 5.8294941556e-18, 6.63496624016e-18, 1.15537552209e-17, 9.53856623203e-18, 1.15357491533e-17, 1.39466158522e-17, 1.79791213384e-17, 1.2564705587e-17, 1.43498564747e-17, 1.3131582387e-17, 1.44070130006e-17, 1.55508664758e-17, 7.0765640548e-18, 9.4393864494e-18, 4.37217851934e-18, 3.12897775747e-18, 9.82727067058e-19, 2.68895401584e-19, 2.72363950838e-20],
        "var": [0.184756025672, 4.73348474503, 18.6115894318, 18.6463527679, 70.9380111694, 224.554748535, 1072.57458496, 379.110717773, 813.783996582, 6312.29199219, 16590.8339844, 15783.5869141, 39094.921875, 1806.83886719, 3404.95263672, 2400.52319336, 693.031738281, 1109.50854492, 1140.1151123, 3734.80371094, 1546.17346191, 1750.50744629, 579.061340332, 489.610687256, 665.635375977, 301.509429932, 128.805343628, 143.921340942, 172.868240356, 127.341156006, 52.8373069763, 24.4220104218, 1.72281217575, 0.0127027463168, 1.371144117e-05, 7.85330129816e-08, 2.33416264095e-09, 1.76104159033e-10, 1.66497801657e-10, 6.62126631301e-10]
    },
    "gfcc": {
        "mean": [-35.4430999756, 137.231384277, -172.981552124, 64.4870452881, -71.907081604, 7.5422167778, -13.2190542221, -13.4100694656, 14.8652429581, -22.5690441132, 1.11768972874, -15.5138702393, -1.48038947582],
        "cov": [[8685.63085938, -594.530029297, 297.46875, 1575.95239258, -48.1925621033, 1184.08422852, -110.415084839, 632.310241699, 310.288024902, -299.128295898, 322.819335938, -319.584594727, 283.263336182], [-594.530029297, 783.979431152, 187.651275635, -92.1985092163, 304.219970703, -219.749923706, 195.318344116, -69.3393554688, 42.3494796753, 65.4877319336, -19.4929542542, 63.9940109253, -24.4480838776], [297.46875, 187.651275635, 706.462890625, 382.199707031, 105.308013916, 156.980331421, -45.3079681396, 53.3055076599, 10.023771286, 25.7293434143, 48.1181335449, -29.2581005096, 27.0156650543], [1575.95239258, -92.1985092163, 382.199707031, 655.694702148, 166.922286987, 326.966247559, -76.4965820312, 149.145050049, 69.0952224731, -21.1733779907, 90.1101379395, -62.4924430847, 69.6586532593], [-48.1925621033, 304.219970703, 105.308013916, 166.922286987, 469.599975586, 80.9481430054, 156.988952637, 105.117622375, 64.4591827393, 78.6934585571, 24.724653244, 37.7810440063, 26.3057155609], [1184.08422852, -219.749923706, 156.980331421, 326.966247559, 80.9481430054, 437.647247314, 57.6803741455, 195.968048096, 67.3857803345, -39.1743583679, 74.0502853394, -56.4416351318, 44.1596298218], [-110.415084839, 195.318344116, -45.3079681396, -76.4965820312, 156.988952637, 57.6803741455, 293.744750977, 79.8112564087, 54.324344635, 17.8009338379, -16.200340271, 27.4529895782, -18.5260848999], [632.310241699, -69.3393554688, 53.3055076599, 149.145050049, 105.117622375, 195.968048096, 79.8112564087, 209.997650146, 83.2532272339, 7.34429931641, 42.8557662964, -42.1267814636, 24.1066913605], [310.288024902, 42.3494796753, 10.023771286, 69.0952224731, 64.4591827393, 67.3857803345, 54.324344635, 83.2532272339, 118.77822876, 29.4100875854, 27.5223026276, -8.30383777618, -2.7393116951], [-299.128295898, 65.4877319336, 25.7293434143, -21.1733779907, 78.6934585571, -39.1743583679, 17.8009338379, 7.34429931641, 29.4100875854, 101.636779785, 24.0912723541, 32.7831497192, -7.44742202759], [322.819335938, -19.4929542542, 48.1181335449, 90.1101379395, 24.724653244, 74.0502853394, -16.200340271, 42.8557662964, 27.5223026276, 24.0912723541, 88.967590332, 13.5148582458, 18.5646800995], [-319.584594727, 63.9940109253, -29.2581005096, -62.4924430847, 37.7810440063, -56.4416351318, 27.4529895782, -42.1267814636, -8.30383777618, 32.7831497192, 13.5148582458, 92.1070861816, 19.2531051636], [283.263336182, -24.4480838776, 27.0156650543, 69.6586532593, 26.3057155609, 44.1596298218, -18.5260848999, 24.1066913605, -2.7393116951, -7.44742202759, 18.5646800995, 19.2531051636, 79.1196899414]],
        "icov": [[0.000518110580742, -0.000782549206633, 0.000880864041392, -0.00140766694676, 0.00108767370693, -0.000700563658029, 4.42781747552e-05, -0.000589548784774, -6.11784635112e-05, 0.000280114851194, -0.000487520970637, 0.000675802119076, -0.000964609615039], [-0.000782549206633, 0.00665371352807, -0.00405597686768, 0.00341619830579, -0.00536143826321, 0.00520716654137, -0.00348035269417, 0.00419441796839, -0.00344657921232, 0.00292602181435, -0.00244407611899, 0.000934803567361, 0.000520350004081], [0.000880864041392, -0.00405597686768, 0.00511389272287, -0.00468160677701, 0.00389274512418, -0.00324497767724, 0.00141802569851, -0.00235425936989, 0.00260548130609, -0.00259882514365, 0.000928249326535, 0.000459899747511, -0.000949234876316], [-0.00140766694676, 0.00341619830579, -0.00468160677701, 0.00917884893715, -0.00578603334725, 0.000565541442484, 0.00142248382326, 0.00292584113777, -0.00263333530165, 0.00199158932082, -0.00085667084204, 0.00010089918942, 0.000935072544962], [0.00108767370693, -0.00536143826321, 0.00389274512418, -0.00578603334725, 0.00898466072977, -0.00349642406218, 5.67976276216e-05, -0.00465059373528, 0.00296356598847, -0.0046748179011, 0.00223246356472, -0.00114607135765, -0.00197364296764], [-0.000700563658029, 0.00520716654137, -0.00324497767724, 0.000565541442484, -0.00349642406218, 0.0104792332277, -0.00440698536113, -0.000468326034024, -0.00175219110679, 0.0042323069647, -0.0042891157791, 0.00118077220395, 0.000208476951229], [4.42781747552e-05, -0.00348035269417, 0.00141802569851, 0.00142248382326, 5.67976276216e-05, -0.00440698536113, 0.00914412457496, -0.00429049925879, 0.000252704689046, -9.17300276342e-05, 0.00426815869287, -0.00463153468445, 0.00304434006102], [-0.000589548784774, 0.00419441796839, -0.00235425936989, 0.00292584113777, -0.00465059373528, -0.000468326034024, -0.00429049925879, 0.0161414872855, -0.00672278786078, 1.21123002828e-05, -0.00378286186606, 0.00725457491353, -0.00358977681026], [-6.11784635112e-05, -0.00344657921232, 0.00260548130609, -0.00263333530165, 0.00296356598847, -0.00175219110679, 0.000252704689046, -0.00672278786078, 0.0163707248867, -0.00599646661431, 0.000815924489871, -0.00131377275102, 0.0028135785833], [0.000280114851194, 0.00292602181435, -0.00259882514365, 0.00199158932082, -0.0046748179011, 0.0042323069647, -9.17300276342e-05, 1.21123002828e-05, -0.00599646661431, 0.0195376221091, -0.0066615040414, -0.00295048183762, 0.002114596311], [-0.000487520970637, -0.00244407611899, 0.000928249326535, -0.00085667084204, 0.00223246356472, -0.0042891157791, 0.00426815869287, -0.00378286186606, 0.000815924489871, -0.0066615040414, 0.0207764450461, -0.00777488481253, 0.00164929265156], [0.000675802119076, 0.000934803567361, 0.000459899747511, 0.00010089918942, -0.00114607135765, 0.00118077220395, -0.00463153468445, 0.00725457491353, -0.00131377275102, -0.00295048183762, -0.00777488481253, 0.0228221397847, -0.0100018363446], [-0.000964609615039, 0.000520350004081, -0.000949234876316, 0.000935072544962, -0.00197364296764, 0.000208476951229, 0.00304434006102, -0.00358977681026, 0.0028135785833, 0.002114596311, 0.00164929265156, -0.0100018363446, 0.0204439740628]]
    },
    "melbands": {
        "dmean": [0.00139763194602, 0.00111125654075, 0.000384071347071, 0.000335149845341, 0.000295611709589, 0.000162823140272, 0.000166475307196, 0.000242572044954, 0.000300776708173, 0.000230665726122, 0.0002279929613, 5.57340608793e-05, 5.37410851393e-05, 4.07761799579e-05, 3.13515920425e-05, 2.03249855986e-05, 2.7216030503e-05, 2.31209414778e-05, 2.89023755613e-05, 3.14628014166e-05, 1.94067506527e-05, 2.13757575693e-05, 1.25234510051e-05, 9.82432447927e-06, 7.75320222601e-06, 8.75653677213e-06, 7.10420363248e-06, 4.64154891233e-06, 3.45147054759e-06, 3.47278410118e-06, 3.29744079863e-06, 3.30440457219e-06, 2.67405653176e-06, 1.98735574486e-06, 1.37290373914e-06, 1.00913575807e-06, 6.73713259403e-07, 2.73071890433e-07, 6.55319354337e-08, 3.75922892815e-09],
        "dmean2": [0.00216750614345, 0.00191505020484, 0.000677397241816, 0.000569324358366, 0.000485750031658, 0.000269433250651, 0.000271843717201, 0.000388847169233, 0.000482456234749, 0.000359464203939, 0.000354597170372, 8.95098273759e-05, 8.99689766811e-05, 6.62973616272e-05, 5.12652186444e-05, 3.40733204212e-05, 4.50677944173e-05, 3.84118211514e-05, 4.82908872073e-05, 5.22809605172e-05, 3.28486530634e-05, 3.62677528756e-05, 2.12220784306e-05, 1.65862311405e-05, 1.30873677335e-05, 1.4791693502e-05, 1.18621574074e-05, 7.85681459092e-06, 5.83736209592e-06, 5.82679831496e-06, 5.44516888112e-06, 5.45594548385e-06, 4.36188065578e-06, 3.14651970257e-06, 2.15108980228e-06, 1.56442331445e-06, 1.02163619431e-06, 4.07163383898e-07, 9.76548975018e-08, 5.37006483725e-09],
        "dvar": [5.46784349353e-06, 4.92846993438e-06, 4.08777992789e-07, 6.96209440321e-07, 5.63097330541e-07, 1.52648794938e-07, 1.75936747837e-07, 3.43317395846e-07, 5.53287804905e-07, 3.01651169821e-07, 3.27390068833e-07, 1.59041366743e-08, 2.06602823738e-08, 8.63354543412e-09, 6.7175522922e-09, 1.5984221724e-09, 2.86090329205e-09, 1.39052103165e-09, 1.93032989593e-09, 2.39692954374e-09, 8.37547808885e-10, 1.06572817238e-09, 2.93833707365e-10, 1.98352889669e-10, 1.36270758566e-10, 1.63365793115e-10, 1.24637439258e-10, 6.14733958182e-11, 3.9792880796e-11, 3.66740630919e-11, 2.87434763491e-11, 3.11063362568e-11, 2.39424400444e-11, 1.71181228914e-11, 8.26988564434e-12, 6.26356909048e-12, 3.29178264508e-12, 5.03941831841e-13, 2.94106813827e-14, 5.01270180658e-16],
        "dvar2": [1.2489047549e-05, 1.34684105433e-05, 1.18001844385e-06, 1.83392569397e-06, 1.3436451809e-06, 3.82655059639e-07, 4.52612482604e-07, 8.30138617403e-07, 1.38761299695e-06, 7.20850039215e-07, 8.17176101009e-07, 3.93710237745e-08, 5.57246622179e-08, 2.13416821992e-08, 1.68960809788e-08, 4.26525970099e-09, 7.12660330748e-09, 3.64546015597e-09, 5.14972597898e-09, 6.45070263872e-09, 2.29778907013e-09, 2.92831980886e-09, 8.11693268155e-10, 5.50410883537e-10, 3.709191565e-10, 4.55502330299e-10, 3.37838701459e-10, 1.69893835111e-10, 1.09401314397e-10, 1.00072526654e-10, 7.53970705314e-11, 8.05753727628e-11, 6.03945504718e-11, 4.01403250916e-11, 1.90927221949e-11, 1.36940103354e-11, 7.18849762701e-12, 1.11743459538e-12, 6.32094135605e-14, 1.04400029474e-15],
        "max": [0.0217676237226, 0.0201479401439, 0.00593416718766, 0.0134247830138, 0.0139642897993, 0.00832519400865, 0.00772929284722, 0.00942900497466, 0.0138615444303, 0.0122248670086, 0.0107461586595, 0.00357975205407, 0.0036060991697, 0.00266290362924, 0.0026379742194, 0.000834417005535, 0.0010971527081, 0.000890073017217, 0.000814000435639, 0.000774855026975, 0.000546855444554, 0.000697762880009, 0.000275726168184, 0.000169976148754, 0.00026830934803, 0.000217262364458, 0.00022921746131, 0.000157751346705, 0.000117744260933, 8.5478532128e-05, 8.0943616922e-05, 0.000105003702629, 0.000117408722872, 9.98486866592e-05, 4.69002516184e-05, 5.30439065187e-05, 3.23218846461e-05, 1.41483769767e-05, 5.30060151505e-06, 7.73332942572e-07],
        "mean": [0.00225457595661, 0.00186152197421, 0.000712660839781, 0.000374748575268, 0.000425868143793, 0.000241555200773, 0.000242423222517, 0.000379381497623, 0.000464169745101, 0.000381094636396, 0.000417081289925, 9.02444226085e-05, 9.44926214288e-05, 6.43290404696e-05, 4.95475687785e-05, 3.21537918353e-05, 4.709703353e-05, 4.46262092737e-05, 5.87526737945e-05, 6.09581984463e-05, 4.09025924455e-05, 4.42888012913e-05, 2.61860241153e-05, 2.00322792807e-05, 1.69527320395e-05, 1.90738792298e-05, 1.55086036102e-05, 9.11482402444e-06, 6.25225447948e-06, 6.39984591544e-06, 6.79268669046e-06, 6.96395909472e-06, 5.78186700295e-06, 4.29328292739e-06, 2.97523251902e-06, 2.08894198295e-06, 1.31570322992e-06, 5.41810265986e-07, 1.19652128205e-07, 4.83075801583e-09],
        "median": [0.00104849925265, 0.00133774394635, 0.000608583155554, 0.000138549308758, 0.000145829922985, 0.000115888178698, 9.77550880634e-05, 8.28266129247e-05, 0.000130945234559, 7.60394686949e-05, 7.04525155015e-05, 3.39756006724e-05, 2.65958042291e-05, 2.92189542961e-05, 2.27378350246e-05, 1.63254426297e-05, 2.84432899207e-05, 2.9894803447e-05, 3.35107288265e-05, 3.06605434162e-05, 2.37255444517e-05, 2.41182133323e-05, 1.85605404113e-05, 1.38166906254e-05, 1.13455871542e-05, 1.26819650177e-05, 1.10552955448e-05, 6.38994424662e-06, 4.58672820969e-06, 4.80973176309e-06, 5.12756560056e-06, 4.97766313856e-06, 3.8303060137e-06, 2.62626804215e-06, 1.88689909919e-06, 1.17977174341e-06, 6.17198622876e-07, 2.50835626048e-07, 4.01828827989e-08, 1.59241925202e-10],
        "min": [7.87542403104e-24, 4.3244108424e-24, 9.33634867358e-24, 6.84886769938e-25, 2.89117068168e-24, 3.50224186318e-24, 1.86142202715e-24, 4.31439152004e-24, 6.0280502361e-24, 7.71172829346e-24, 1.03496744274e-23, 9.02107094647e-24, 4.21257245414e-24, 3.31604623486e-24, 4.31613332492e-24, 1.55073468166e-24, 6.16958568756e-24, 1.36499757874e-23, 9.13928648629e-24, 7.5909126681e-24, 8.18027538356e-24, 5.24670638645e-24, 4.28294397449e-24, 8.44563793688e-24, 9.6411353395e-24, 5.81632273015e-24, 7.95822444937e-24, 7.15284795224e-24, 6.30434009069e-24, 1.07073818271e-23, 9.91039249911e-24, 7.64371743938e-24, 5.40933400636e-24, 7.65398683064e-24, 7.121826786e-24, 8.86931935186e-24, 9.08073644104e-24, 1.06090684591e-23, 7.46846488953e-24, 5.60548584817e-24],
        "var": [1.03340717033e-05, 5.50282811673e-06, 5.22780510437e-07, 6.64269805384e-07, 9.87191697277e-07, 2.09269018114e-07, 2.20781842586e-07, 7.00564612544e-07, 1.08295148493e-06, 6.48807713333e-07, 9.84208440968e-07, 3.23263620317e-08, 6.03006711231e-08, 1.35871038864e-08, 9.26083387753e-09, 2.53487830726e-09, 4.5817021288e-09, 2.71925904016e-09, 4.9894643972e-09, 5.58422597052e-09, 2.13800110949e-09, 2.60644639205e-09, 7.30546123595e-10, 4.50594006551e-10, 3.29758054196e-10, 4.22611723394e-10, 2.97215418943e-10, 1.21543136666e-10, 5.14485537506e-11, 5.06950557921e-11, 5.45943151797e-11, 6.30474145114e-11, 5.36379725358e-11, 3.92036542118e-11, 1.94152367794e-11, 1.49592716686e-11, 7.45858149548e-12, 1.23117499268e-12, 7.77531590002e-14, 9.55743802683e-16]
    },
    "mfcc": {
        "mean": [-642.169921875, 124.83177948, -25.3570365906, 39.9969329834, -17.7777614594, 19.8550510406, -20.8509635925, 19.0400047302, -4.14207077026, 16.0090408325, -4.91668319702, 5.75713586807, -6.31587123871],
        "cov": [[7740.92138672, -907.135375977, 112.126113892, 878.068908691, 254.471435547, 733.927612305, -83.5196380615, 930.306396484, -34.4977455139, 668.996154785, -271.822143555, 426.998626709, -134.357696533], [-907.135375977, 798.527526855, -38.0306167603, 42.5974121094, -2.57796955109, -61.5823631287, 86.6341094971, -82.2453079224, 83.7503585815, -82.572013855, 108.078834534, -48.103263855, 70.1797027588], [112.126113892, -38.0306167603, 645.119689941, 182.780136108, 158.544876099, 91.2795639038, 14.6872472763, 3.59685015678, -24.3787517548, 4.10479736328, -30.9862937927, 62.8449668884, -15.8109893799], [878.068908691, 42.5974121094, 182.780136108, 410.00894165, 214.27255249, 162.417831421, 21.7193527222, 101.691223145, 15.6354150772, 89.7687225342, -35.042552948, 74.8098831177, 19.5318984985], [254.471435547, -2.57796955109, 158.544876099, 214.27255249, 390.578063965, 105.211524963, 94.12474823, 45.7641639709, 52.4457359314, 77.4322967529, 5.40080690384, 59.4816818237, 53.8093948364], [733.927612305, -61.5823631287, 91.2795639038, 162.417831421, 105.211524963, 232.01965332, 68.6700286865, 155.604644775, 26.4973297119, 86.5635223389, -4.11159229279, 66.6913528442, 1.2593921423], [-83.5196380615, 86.6341094971, 14.6872472763, 21.7193527222, 94.12474823, 68.6700286865, 190.954086304, 84.071937561, 81.7813568115, 33.0348701477, 51.490436554, 18.6772861481, 26.343334198], [930.306396484, -82.2453079224, 3.59685015678, 101.691223145, 45.7641639709, 155.604644775, 84.071937561, 264.610748291, 66.5829696655, 138.398376465, 9.2223033905, 73.4928436279, -8.83080291748], [-34.4977455139, 83.7503585815, -24.3787517548, 15.6354150772, 52.4457359314, 26.4973297119, 81.7813568115, 66.5829696655, 130.839370728, 51.2491798401, 53.1751022339, 6.06724882126, 18.7924690247], [668.996154785, -82.572013855, 4.10479736328, 89.7687225342, 77.4322967529, 86.5635223389, 33.0348701477, 138.398376465, 51.2491798401, 171.825424194, 25.1029891968, 69.1502609253, -7.83297109604], [-271.822143555, 108.078834534, -30.9862937927, -35.042552948, 5.40080690384, -4.11159229279, 51.490436554, 9.2223033905, 53.1751022339, 25.1029891968, 113.655654907, 17.589012146, 29.9527397156], [426.998626709, -48.103263855, 62.8449668884, 74.8098831177, 59.4816818237, 66.6913528442, 18.6772861481, 73.4928436279, 6.06724882126, 69.1502609253, 17.589012146, 119.608306885, 28.5986461639], [-134.357696533, 70.1797027588, -15.8109893799, 19.5318984985, 53.8093948364, 1.2593921423, 26.343334198, -8.83080291748, 18.7924690247, -7.83297109604, 29.9527397156, 28.5986461639, 97.7714157104]],
