{
"lowlevel": {
    "average_loudness": 0.933707296848,
    "barkbands_crest": {
        "dmean": 3.50270199776,
        "dmean2": 5.62958145142,
        "dvar": 9.11921787262,
        "dvar2": 22.4848861694,
        "max": 25.358417511,
        "mean": 11.9432640076,
        "median": 11.2808828354,
        "min": 2.43675804138,
        "var": 23.9388179779
    },
    "barkbands_flatness_db": {
        "dmean": 0.026100769639,
        "dmean2": 0.0405257754028,
        "dvar": 0.000538221676834,
        "dvar2": 0.00128185749054,
        "max": 0.475775510073,
        "mean": 0.188126370311,
        "median": 0.181551396847,
        "min": 0.031121365726,
        "var": 0.0023190502543
    },
    "barkbands_kurtosis": {
        "dmean": 3.52306437492,
        "dmean2": 5.48932647705,
        "dvar": 48.491027832,
        "dvar2": 109.31552887,
        "max": 158.871292114,
        "mean": 4.02197313309,
        "median": 1.48331356049,
        "min": -1.91011488438,
        "var": 84.3830718994
    },
    "barkbands_skewness": {
        "dmean": 0.691712141037,
        "dmean2": 1.04490244389,
        "dvar": 0.534345507622,
        "dvar2": 1.13637423515,
        "max": 10.8421850204,
        "mean": 1.58734953403,
        "median": 1.40236783028,
        "min": -2.91590094566,
        "var": 1.66815948486
    },
    "barkbands_spread": {
        "dmean": 7.51953649521,
        "dmean2": 11.4020500183,
        "dvar": 63.3521614075,
        "dvar2": 136.996551514,
        "max": 97.2197647095,
        "mean": 25.0665721893,
        "median": 23.0816307068,
        "min": 0.613925814629,
        "var": 193.917678833
    },
    "dissonance": {
        "dmean": 0.0171248856932,
        "dmean2": 0.0289451032877,
        "dvar": 0.000281773565803,
        "dvar2": 0.00076261931099,
        "max": 0.500000059605,
        "mean": 0.471686691046,
        "median": 0.478191703558,
        "min": 0.330176502466,
        "var": 0.000550845463295
    },
    "dynamic_complexity": 2.68508720398,
    "erbbands_crest": {
        "dmean": 2.85771083832,
        "dmean2": 4.7263469696,
        "dvar": 7.58859348297,
        "dvar2": 18.81275177,
        "max": 30.5501499176,
        "mean": 8.42173862457,
        "median": 7.28741693497,
        "min": 2.44977712631,
        "var": 18.1627807617
    },
    "erbbands_flatness_db": {
        "dmean": 0.0157483816147,
        "dmean2": 0.0234655030072,
        "dvar": 0.000190527542145,
        "dvar2": 0.000411418819567,
        "max": 0.45244333148,
        "mean": 0.202575489879,
        "median": 0.188529223204,
        "min": 0.0917078331113,
        "var": 0.00268744071946
    },
    "erbbands_kurtosis": {
        "dmean": 0.87081515789,
        "dmean2": 1.39133453369,
        "dvar": 1.79608261585,
        "dvar2": 4.31189060211,
        "max": 33.4406509399,
        "mean": 0.147098973393,
        "median": -0.348167300224,
        "min": -1.85576081276,
        "var": 3.19727087021
    },
    "erbbands_skewness": {
        "dmean": 0.404175072908,
        "dmean2": 0.60934984684,
        "dvar": 0.147746086121,
        "dvar2": 0.301989257336,
        "max": 4.57101821899,
        "mean": 0.209492266178,
        "median": 0.199156165123,
        "min": -4.08920574188,
        "var": 0.633530020714
    },
    "erbbands_spread": {
        "dmean": 8.88670063019,
        "dmean2": 13.6046123505,
        "dvar": 84.0806808472,
        "dvar2": 190.137695312,
        "max": 133.009567261,
        "mean": 41.9622993469,
        "median": 39.8851470947,
        "min": 1.53025197983,
        "var": 343.04095459
    },
    "hfc": {
        "dmean": 6.89272737503,
        "dmean2": 10.2591276169,
        "dvar": 61.5593833923,
        "dvar2": 137.939987183,
        "max": 223.919921875,
        "mean": 24.4409332275,
        "median": 21.5604896545,
        "min": 1.04918530105e-16,
        "var": 361.848754883
    },
    "melbands_crest": {
        "dmean": 4.2059636116,
        "dmean2": 6.70022249222,
        "dvar": 13.01998806,
        "dvar2": 30.277425766,
        "max": 37.6658287048,
        "mean": 16.4851284027,
        "median": 16.0575027466,
        "min": 1.70677137375,
        "var": 38.2490997314
    },
    "melbands_flatness_db": {
        "dmean": 0.0341272652149,
        "dmean2": 0.0502593405545,
        "dvar": 0.000965192448348,
        "dvar2": 0.00199746061116,
        "max": 0.636689007282,
        "mean": 0.209154203534,
        "median": 0.20355784893,
        "min": 0.00484748976305,
        "var": 0.00451901881024
    },
    "melbands_kurtosis": {
        "dmean": 10.3082799911,
        "dmean2": 16.197681427,
        "dvar": 361.632293701,
        "dvar2": 822.17779541,
        "max": 418.615753174,
        "mean": 16.075258255,
        "median": 8.36884689331,
        "min": -1.80501151085,
        "var": 635.54083252
    },
    "melbands_skewness": {
        "dmean": 1.01937127113,
        "dmean2": 1.56335353851,
        "dvar": 1.2243244648,
        "dvar2": 2.67513513565,
        "max": 16.3963489532,
        "mean": 2.94115519524,
        "median": 2.55017805099,
        "min": -1.71508014202,
        "var": 3.84236001968
    },
    "melbands_spread": {
        "dmean": 9.84401893616,
        "dmean2": 15.0285005569,
        "dvar": 165.210632324,
        "dvar2": 321.767913818,
        "max": 207.702987671,
        "mean": 25.5281677246,
        "median": 21.0363769531,
        "min": 0.582002639771,
        "var": 402.706939697
    },
    "pitch_salience": {
        "dmean": 0.0923083499074,
        "dmean2": 0.14710816741,
        "dvar": 0.00649321777746,
        "dvar2": 0.0157162565738,
        "max": 0.940642356873,
        "mean": 0.504485249519,
        "median": 0.503918647766,
        "min": 0.0577986314893,
        "var": 0.019171172753
    },
    "silence_rate_20dB": {
        "dmean": 0,
        "dmean2": 0,
        "dvar": 0,
        "dvar2": 0,
        "max": 1,
        "mean": 1,
        "median": 1,
        "min": 1,
        "var": 0
    },
    "silence_rate_30dB": {
        "dmean": 0.0233345869929,
        "dmean2": 0.0466750301421,
        "dvar": 0.022790549323,
        "dvar2": 0.0595491342247,
        "max": 1,
        "mean": 0.98394382,
        "median": 1,
        "min": 0,
        "var": 0.0157993417233
    },
    "silence_rate_60dB": {
        "dmean": 0.0165600292385,
        "dmean2": 0.0331242159009,
        "dvar": 0.0162862148136,
        "dvar2": 0.035541433841,
        "max": 1,
        "mean": 0.0474159568548,
        "median": 0,
        "min": 0,
        "var": 0.0451750308275
    },
    "spectral_centroid": {
        "dmean": 339.738464355,
        "dmean2": 507.319793701,
        "dvar": 136372.65625,
        "dvar2": 258618.015625,
        "max": 10817.9238281,
        "mean": 1692.58825684,
        "median": 1631.92260742,
        "min": 268.415771484,
        "var": 478148.28125
    },
    "spectral_complexity": {
        "dmean": 4.3284406662,
        "dmean2": 6.6609787941,
        "dvar": 18.7297077179,
        "dvar2": 40.6212463379,
        "max": 56,
        "mean": 22.9367790222,
        "median": 22,
        "min": 0,
        "var": 134.367797852
    },
    "spectral_decrease": {
        "dmean": 3.76331898977e-09,
        "dmean2": 5.687761373e-09,
        "dvar": 2.21022113735e-17,
        "dvar2": 5.21379318543e-17,
        "max": 4.1067883142e-29,
        "mean": -8.92100082694e-09,
        "median": -7.60853602344e-09,
        "min": -5.35546575975e-08,
        "var": 4.91014180001e-17
    },
    "spectral_energy": {
        "dmean": 0.0145465163514,
        "dmean2": 0.0219676364213,
        "dvar": 0.000321463419823,
        "dvar2": 0.000757736852393,
        "max": 0.209262296557,
        "mean": 0.0358868539333,
        "median": 0.0309344902635,
        "min": 1.02340400972e-20,
        "var": 0.000747889862396
    },
    "spectral_energyband_high": {
        "dmean": 0.00056251330534,
        "dmean2": 0.000809766701423,
        "dvar": 8.46407942845e-07,
        "dvar2": 1.68219116858e-06,
        "max": 0.0166426487267,
        "mean": 0.00140293536242,
        "median": 0.00097119534621,
        "min": 7.14393162782e-21,
        "var": 2.46785816671e-06
    },
    "spectral_energyband_low": {
        "dmean": 0.0113871563226,
        "dmean2": 0.0179494749755,
        "dvar": 0.000303043372696,
        "dvar2": 0.000747116922867,
        "max": 0.164473608136,
        "mean": 0.0186311379075,
        "median": 0.0131354853511,
        "min": 4.09684403499e-23,
        "var": 0.000471383274999
    },
    "spectral_energyband_middle_high": {
        "dmean": 0.00202375324443,
        "dmean2": 0.00311005371623,
        "dvar": 7.76515571488e-06,
        "dvar2": 1.83955453394e-05,
        "max": 0.0886123403907,
        "mean": 0.00593352783471,
        "median": 0.00417344644666,
        "min": 1.27212128619e-21,
        "var": 4.46422636742e-05
    },
    "spectral_energyband_middle_low": {
        "dmean": 0.00591305363923,
        "dmean2": 0.00929275806993,
        "dvar": 6.95317285135e-05,
        "dvar2": 0.000167957419762,
        "max": 0.105293288827,
        "mean": 0.0108855189756,
        "median": 0.00743508618325,
        "min": 2.81695489227e-22,
        "var": 0.000122103432659
    },
    "spectral_entropy": {
        "dmean": 0.131225451827,
        "dmean2": 0.192103162408,
        "dvar": 0.0156445614994,
        "dvar2": 0.0308952461928,
        "max": 9.82192420959,
        "mean": 7.72821998596,
        "median": 7.78399658203,
        "min": 5.63546800613,
        "var": 0.101422317326
    },
    "spectral_flux": {
        "dmean": 0.0297314375639,
        "dmean2": 0.0464758686721,
        "dvar": 0.000946928688791,
        "dvar2": 0.00228411657736,
        "max": 0.366825729609,
        "mean": 0.104787893593,
        "median": 0.0972840189934,
        "min": 6.48202116982e-11,
        "var": 0.00279661128297
    },
    "spectral_kurtosis": {
        "dmean": 1.46791315079,
        "dmean2": 2.54796338081,
        "dvar": 3.78848958015,
        "dvar2": 11.075838089,
        "max": 48.195930481,
        "mean": 1.66343128681,
        "median": 0.961983323097,
        "min": -1.41261470318,
        "var": 7.97730636597
    },
    "spectral_rms": {
        "dmean": 0.00112830940634,
        "dmean2": 0.00164807296824,
        "dvar": 1.27329883526e-06,
        "dvar2": 2.83577469418e-06,
        "max": 0.0142883984372,
        "mean": 0.00546230236068,
        "median": 0.00549363205209,
        "min": 3.15981485768e-12,
        "var": 5.17483113072e-06
    },
    "spectral_rolloff": {
        "dmean": 683.23425293,
        "dmean2": 1107.45922852,
        "dvar": 984171.5,
        "dvar2": 1950668.875,
        "max": 18863.0859375,
        "mean": 1545.2824707,
        "median": 1141.25976562,
        "min": 43.06640625,
        "var": 2143392.25
    },
    "spectral_skewness": {
        "dmean": 0.215496242046,
        "dmean2": 0.344884037971,
        "dvar": 0.042757909745,
        "dvar2": 0.108040578663,
        "max": 4.53095293045,
        "mean": 0.82757884264,
        "median": 0.778990030289,
        "min": -0.608872294426,
        "var": 0.180216193199
    },
    "spectral_spread": {
        "dmean": 328671.40625,
        "dmean2": 477342.0625,
        "dvar": 302025015296,
        "dvar2": 370183471104,
        "max": 42884816,
        "mean": 3846699,
        "median": 3803695,
        "min": 804977.75,
        "var": 1.54333845914e+12
    },
    "spectral_strongpeak": {
        "dmean": 0.489419937134,
        "dmean2": 0.839311778545,
        "dvar": 0.71485131979,
        "dvar2": 1.79681897163,
        "max": 25.8234367371,
        "mean": 0.836031734943,
        "median": 0.402555882931,
        "min": 0,
        "var": 2.19578146935
    },
    "zerocrossingrate": {
        "dmean": 0.0122299417853,
        "dmean2": 0.0140299070626,
        "dvar": 0.00021051139629,
        "dvar2": 0.00024169930839,
        "max": 0.51025390625,
        "mean": 0.0609255209565,
        "median": 0.05517578125,
        "min": 0.00537109375,
        "var": 0.00109016813803
    },
    "barkbands": {
        "dmean": [0.000343125924701, 0.00892723537982, 0.0030692438595, 0.00128216657322, 0.0016505579697, 0.00100188865326, 0.00176532019395, 0.00158778624609, 0.0011578949634, 0.000718638417311, 0.000345097272657, 0.000326181063429, 0.000544075504877, 0.000340456404956, 0.000410192966228, 0.000239054963458, 0.000250053912168, 0.000206731405342, 0.000218311630306, 0.000181630122825, 0.000179455484613, 0.000224844319746, 0.000147911996464, 4.94861342304e-05, 7.40248083275e-07, 1.50992340853e-09, 1.4788902325e-09],
        "dmean2": [0.00057068048045, 0.014191842638, 0.00492771528661, 0.0021597687155, 0.00274623394944, 0.00163423537742, 0.00288836774416, 0.00259383092634, 0.00188279466238, 0.00115708226804, 0.00056217436213, 0.000524175644387, 0.000881421612576, 0.000551440520212, 0.000668482214678, 0.000389191904105, 0.000406019069487, 0.00032505922718, 0.000350433663698, 0.00029050942976, 0.000279469939414, 0.000333454867359, 0.000216940316022, 7.10800886736e-05, 1.13945918656e-06, 2.73066502743e-09, 2.72030531434e-09],
        "dvar": [3.84758578775e-07, 0.000191846353118, 6.68790817144e-05, 1.31039923872e-05, 1.16331784739e-05, 4.56890165879e-06, 1.79528942681e-05, 1.58747825481e-05, 5.28684995516e-06, 3.11155372401e-06, 5.17408295764e-07, 4.14921231595e-07, 1.57830868375e-06, 4.88531327392e-07, 6.6509608132e-07, 2.67157901135e-07, 4.61808610908e-07, 8.319468634e-07, 1.22655208656e-07, 7.28049371901e-08, 8.50810053521e-08, 1.79976396453e-07, 1.00207564913e-07, 1.33827526838e-08, 3.96667724709e-12, 4.83503363495e-18, 4.61657978467e-18],
        "dvar2": [1.03933803075e-06, 0.000506680225953, 0.000156094421982, 3.45542393916e-05, 2.95730642392e-05, 1.09523625724e-05, 4.58690847154e-05, 3.96304785681e-05, 1.31975857585e-05, 7.45710394767e-06, 1.19928847653e-06, 9.72778821051e-07, 3.73571947421e-06, 1.24325003981e-06, 1.68262295119e-06, 6.65164520797e-07, 1.0530856116e-06, 1.78718823918e-06, 3.07500300778e-07, 1.82514412472e-07, 1.98681632924e-07, 3.67995028228e-07, 2.08346321529e-07, 2.61798547285e-08, 8.5219817314e-12, 1.43758713049e-17, 1.45410460384e-17],
        "max": [0.0118143456057, 0.14391502738, 0.102760344744, 0.055508069694, 0.0577570907772, 0.0371382758021, 0.0801903009415, 0.0662800520658, 0.0472537614405, 0.0490140505135, 0.0317247956991, 0.0157672092319, 0.0666076242924, 0.0195056013763, 0.0164375081658, 0.0265718586743, 0.0368325449526, 0.0530816204846, 0.00554556120187, 0.00483977235854, 0.00503086624667, 0.0102927433327, 0.00700953556225, 0.0025610877201, 4.61356248707e-05, 3.68537023121e-08, 2.38635102789e-08],
        "mean": [0.000453803426353, 0.0140136526898, 0.00341637386009, 0.00129054288846, 0.0021778405644, 0.00133256835397, 0.00217518466525, 0.00181702140253, 0.00167254533153, 0.00112205871847, 0.00057342776563, 0.000511123100296, 0.000864657107741, 0.000526852440089, 0.000633838353679, 0.000418629380874, 0.00044382570195, 0.000436897273175, 0.000418168841861, 0.000368770852219, 0.000350563175743, 0.00047163394629, 0.000295791163808, 0.000100132339867, 9.19707304092e-07, 1.59056656734e-09, 1.57517754396e-09],
        "median": [0.000145650556078, 0.00948760472238, 0.000564643996768, 0.000306478643324, 0.000811394886114, 0.000492019637022, 0.000576747057494, 0.000445688667241, 0.000609265640378, 0.000329492177116, 0.000239631481236, 0.000262829533312, 0.000323399610352, 0.000212235972867, 0.000217772118049, 0.00021734306938, 0.000233902595937, 0.000193734886125, 0.000262851768639, 0.000250138400588, 0.000230604578974, 0.000272829434834, 0.000148617342347, 4.82558825752e-05, 1.13074911212e-07, 7.81038123066e-10, 8.00850274985e-10],
        "min": [1.7913987889e-24, 1.47176264474e-23, 4.42755677234e-24, 2.90747623938e-24, 4.61165466174e-23, 1.32412716856e-23, 3.33179694723e-23, 2.72046035349e-23, 8.9427392674e-23, 2.7218339181e-23, 2.31997870665e-23, 4.24530860399e-23, 7.39222053641e-23, 6.78088615148e-23, 7.21809369108e-23, 1.28137933253e-22, 1.30601640523e-22, 1.32553850383e-22, 2.04543617897e-22, 2.16235079249e-22, 2.79253049647e-22, 5.15330997266e-22, 5.68049675416e-22, 7.80141379511e-22, 1.03724702671e-21, 1.30431165788e-21, 1.97185459112e-21],
        "var": [7.12855012353e-07, 0.000273785553873, 7.23781340639e-05, 1.12368497867e-05, 1.66073514265e-05, 6.54483710605e-06, 2.44520197157e-05, 1.99662208615e-05, 9.26426855585e-06, 7.16340673534e-06, 1.11510894385e-06, 7.4289010854e-07, 4.43790668214e-06, 8.35160562929e-07, 1.18144953376e-06, 5.05807633999e-07, 1.22785684198e-06, 4.29126339441e-06, 2.59608526676e-07, 1.73266826664e-07, 1.75072997877e-07, 4.21241907134e-07, 2.33731057619e-07, 3.55336737812e-08, 6.90136489623e-12, 4.61163283102e-18, 3.83179093774e-18]
    },
    "erbbands": {
        "dmean": [0.300426721573, 1.89685022831, 3.19007849693, 4.4983921051, 3.48079490662, 6.93559122086, 7.54514932632, 9.04679012299, 16.9907569885, 35.177898407, 30.6276817322, 27.0657424927, 26.4039287567, 16.5903625488, 11.5589056015, 12.9577865601, 22.6640377045, 16.8965816498, 18.5522689819, 17.2451076508, 12.181930542, 13.166387558, 12.1435098648, 9.71572971344, 10.4260892868, 7.88546657562, 6.92664813995, 7.85059309006, 8.47128009796, 6.30848741531, 3.86230278015, 1.75377321243, 0.44726973772, 0.0309599116445, 0.00100717076566, 9.31268441491e-05, 1.96550518012e-05, 5.74825071453e-06, 7.44861199564e-06, 1.62229025591e-05],
        "dmean2": [0.448444068432, 3.10426402092, 5.22946596146, 7.16111898422, 5.90650558472, 11.552110672, 12.2273855209, 14.7668075562, 27.5514240265, 57.5409622192, 50.2240447998, 43.9256286621, 42.278263092, 26.6390151978, 18.6593513489, 20.5489215851, 36.5488166809, 27.0719470978, 29.9030265808, 27.6012554169, 19.5662326813, 20.7774982452, 18.9885025024, 15.5130119324, 16.630531311, 12.5699481964, 11.1195802689, 12.0217037201, 12.7345132828, 9.2966966629, 5.64854049683, 2.53384947777, 0.625420510769, 0.0422515831888, 0.00134289637208, 0.000124668134958, 2.69674583251e-05, 8.0524596342e-06, 1.11391309474e-05, 2.45054507104e-05],
        "dvar": [0.191399529576, 9.76792812347, 55.3625793457, 154.138442993, 79.2025604248, 236.253753662, 251.8228302, 444.860656738, 1669.4107666, 9145.25097656, 5934.01757812, 2831.20166016, 3835.87963867, 1242.94592285, 527.380615234, 721.020629883, 2726.28100586, 1156.92553711, 1303.86914062, 1177.88098145, 659.674255371, 830.95690918, 2999.60327148, 282.124572754, 303.724029541, 134.869979858, 135.486343384, 173.585647583, 260.666503906, 165.34765625, 75.5765533447, 16.0252876282, 1.11312127113, 0.00533487275243, 5.29785802428e-06, 3.62546082044e-08, 1.15933929123e-09, 9.22591239516e-11, 6.74130751221e-11, 3.75507763772e-10],
        "dvar2": [0.466610431671, 26.5850639343, 131.051269531, 386.137878418, 214.541717529, 590.305969238, 603.850158691, 1062.71386719, 4176.62255859, 22765.7539062, 15064.109375, 7099.31445312, 9108.33398438, 2903.40771484, 1279.17919922, 1657.26049805, 6585.57910156, 3016.71337891, 3316.23583984, 2921.24365234, 1620.25366211, 1769.81933594, 6530.17626953, 677.455810547, 774.167663574, 339.003326416, 344.597198486, 384.924102783, 557.511108398, 342.114471436, 160.525482178, 32.0679359436, 2.04386854172, 0.00926307495683, 8.83000666363e-06, 6.10190724615e-08, 2.06396211233e-09, 1.69317768139e-10, 1.58868446176e-10, 8.88179141345e-10],
        "max": [4.40620040894, 34.5655403137, 84.8243255615, 184.425460815, 213.492355347, 283.301177979, 330.769287109, 418.974884033, 970.984436035, 1884.41125488, 1840.11999512, 789.561645508, 2077.95678711, 1546.25708008, 639.183410645, 803.780578613, 2558.36083984, 1128.3026123, 974.13293457, 761.197387695, 1358.19799805, 1972.16894531, 3772.46850586, 481.848510742, 373.134033203, 269.602783203, 159.482788086, 266.255554199, 394.515228271, 216.355667114, 217.691375732, 78.0315475464, 20.2663211823, 1.50218653679, 0.0466717369854, 0.00363384839147, 0.000636188022327, 0.000162309865118, 0.0001037541806, 0.000235392551986],
        "mean": [0.446684777737, 2.9386909008, 4.20948028564, 4.60007858276, 3.96804451942, 8.81275463104, 10.3802099228, 12.1362714767, 22.2517795563, 42.3084030151, 36.9797897339, 39.2428131104, 41.311756134, 28.7575569153, 21.7566299438, 22.5248947144, 37.9109077454, 28.8512229919, 31.5262584686, 28.5647697449, 23.6143550873, 25.2620258331, 27.6260414124, 19.7919139862, 20.9216766357, 16.7961444855, 13.5050573349, 15.7506780624, 17.3885211945, 12.6506958008, 7.63461828232, 3.54883790016, 0.911383032799, 0.0597278922796, 0.0021413161885, 0.00023344582587, 5.70751435589e-05, 1.65390429174e-05, 2.28223525482e-05, 4.35236870544e-05],
        "median": [0.251233249903, 1.8260846138, 1.22501945496, 1.04661870003, 1.5875620842, 2.80915927887, 3.64416432381, 4.68775081635, 7.06760501862, 12.5656738281, 11.5455408096, 14.9778785706, 13.9371595383, 12.0654172897, 10.7966384888, 11.4764556885, 15.6897735596, 14.6470193863, 13.1722621918, 11.8850011826, 13.8529434204, 13.4802570343, 12.0462093353, 11.7595367432, 14.1671504974, 11.5196714401, 9.0875453949, 10.0722179413, 9.94626617432, 6.82329273224, 3.79724884033, 1.77012825012, 0.417648077011, 0.0205231476575, 0.000920262769796, 0.00013584815315, 4.05607497669e-05, 1.19388751045e-05, 2.03166418942e-05, 3.82536491088e-05],
        "min": [1.04607722014e-21, 1.56471916129e-21, 4.49521569979e-21, 1.57542347619e-20, 4.99779876542e-20, 9.28364640878e-20, 2.0490070274e-19, 1.06774366936e-19, 4.6462569571e-19, 3.89250232409e-19, 8.75136408566e-19, 1.98607740115e-18, 1.72977124905e-18, 6.42871278692e-19, 9.91302448468e-19, 2.37903782295e-18, 4.26448746181e-18, 3.40957313768e-18, 3.82088869727e-18, 4.52612923905e-18, 7.40079321232e-18, 7.58556881755e-18, 6.75745473168e-18, 9.93718622358e-18, 1.06405048112e-17, 1.09440147487e-17, 1.19030314073e-17, 9.22354855781e-18, 1.64097016361e-17, 1.54135296787e-17, 1.67646481456e-17, 1.44374929519e-17, 1.43929029538e-17, 1.00445385507e-17, 7.94007195831e-18, 4.34109348552e-18, 2.64433429093e-18, 1.00144357938e-18, 2.78586391146e-19, 2.59695098145e-20],
        "var": [0.31102719903, 13.3000469208, 67.5917129517, 142.236541748, 65.7253494263, 349.005310059, 448.537231445, 638.575683594, 2420.7097168, 11118.9179688, 7191.37304688, 4769.27441406, 8557.44824219, 3475.046875, 1182.43896484, 1618.81335449, 7947.6640625, 1909.78894043, 2484.78369141, 2064.93041992, 1308.75097656, 3750.71020508, 19484.3242188, 699.109741211, 669.47644043, 351.495941162, 237.012649536, 383.868896484, 588.192382812, 361.500244141, 169.724517822, 41.9838676453, 3.09622478485, 0.0152488974854, 1.62520191225e-05, 1.2203543065e-07, 4.25921609093e-09, 3.30504568158e-10, 2.41578895777e-10, 9.79404446433e-10]
    },
    "gfcc": {
        "mean": [-23.4265193939, 127.220222473, -171.073364258, 65.0940628052, -76.4883956909, 13.0061731339, -11.4500961304, -14.4713964462, 14.3187551498, -18.9760913849, 6.92200613022, -13.8558111191, -1.48089289665],
        "cov": [[5170.67333984, -261.792236328, 669.52947998, 1191.87890625, -263.309295654, 730.679321289, -237.335571289, 233.685958862, 230.06388855, 104.194839478, 403.795715332, -115.698074341, 181.037872314], [-261.792236328, 1119.41418457, 496.809539795, 154.859924316, 540.258239746, -55.9573860168, 258.697814941, 23.2055530548, 35.5702590942, 45.3056182861, 1.47751617432, -7.87215280533, -7.37310409546], [669.52947998, 496.809539795, 1341.34521484, 911.119750977, 351.800292969, 424.308868408, 21.6856498718, 153.725738525, 69.9462432861, 93.4351730347, 152.125167847, -13.6950540543, 90.2249298096], [1191.87890625, 154.859924316, 911.119750977, 1004.92370605, 293.469421387, 396.634368896, -18.3812274933, 143.579391479, 93.9296722412, 81.6755981445, 157.750106812, -21.6924877167, 103.493675232], [-263.309295654, 540.258239746, 351.800292969, 293.469421387, 598.600341797, 118.738700867, 243.263320923, 115.831329346, 56.0300521851, 80.4649505615, 25.9551029205, 13.0419015884, 29.2065696716], [730.679321289, -55.9573860168, 424.308868408, 396.634368896, 118.738700867, 496.333953857, 116.332931519, 177.662078857, 52.5048141479, 45.6784324646, 134.040267944, -5.57963705063, 72.1501617432], [-237.335571289, 258.697814941, 21.6856498718, -18.3812274933, 243.263320923, 116.332931519, 353.014984131, 109.624504089, 44.9539985657, 40.3835945129, 2.2143406868, 29.2658042908, -9.22588443756], [233.685958862, 23.2055530548, 153.725738525, 143.579391479, 115.831329346, 177.662078857, 109.624504089, 198.544036865, 85.6218032837, 67.5500717163, 82.8974609375, -2.90496397018, 34.3010520935], [230.06388855, 35.5702590942, 69.9462432861, 93.9296722412, 56.0300521851, 52.5048141479, 44.9539985657, 85.6218032837, 158.465011597, 75.5021591187, 60.9068565369, 18.2170715332, 6.36996078491], [104.194839478, 45.3056182861, 93.4351730347, 81.6755981445, 80.4649505615, 45.6784324646, 40.3835945129, 67.5500717163, 75.5021591187, 121.040168762, 70.1221847534, 15.3653335571, 21.8022422791], [403.795715332, 1.47751617432, 152.125167847, 157.750106812, 25.9551029205, 134.040267944, 2.2143406868, 82.8974609375, 60.9068565369, 70.1221847534, 156.552444458, 32.0949630737, 46.4103317261], [-115.698074341, -7.87215280533, -13.6950540543, -21.6924877167, 13.0419015884, -5.57963705063, 29.2658042908, -2.90496397018, 18.2170715332, 15.3653335571, 32.0949630737, 93.1553039551, 30.8462696075], [181.037872314, -7.37310409546, 90.2249298096, 103.493675232, 29.2065696716, 72.1501617432, -9.22588443756, 34.3010520935, 6.36996078491, 21.8022422791, 46.4103317261, 30.8462696075, 91.7759552002]],
        "icov": [[0.000577289552893, -0.000691138498951, 0.000838721171021, -0.00115518877283, 0.00104960985482, -0.000841730739921, 0.000373666087398, -6.16038960288e-05, -0.000363962200936, -0.000147958897287, -0.000382811267627, 0.000504259718582, -0.000243351591052], [-0.000691138498951, 0.00447599077597, -0.00344258849509, 0.00304714287631, -0.0038850645069, 0.00355556677096, -0.00296426331624, 0.00233388016932, -0.000927909335587, 0.00232528266497, -0.00242895679548, 0.00250273267739, -0.0011588355992], [0.000838721171021, -0.00344258849509, 0.00496153719723, -0.0044243321754, 0.00282270787284, -0.00351371080615, 0.00259306095541, -0.00169502769131, 0.000962751917541, -0.00223170476966, 0.00153411657084, -0.00177709793206, 0.00122354866471], [-0.00115518877283, 0.00304714287631, -0.0044243321754, 0.00659338477999, -0.00430737202987, 0.00165060092695, -0.000760700262617, 0.00185229198541, -0.00130914070178, 0.0019144261023, -0.00129146280233, 0.00158910918981, -0.00150268629659], [0.00104960985482, -0.0038850645069, 0.00282270787284, -0.00430737202987, 0.00727395992726, -0.00226317346096, -8.24884700705e-05, -0.00226799794473, 0.000836503575556, -0.00301402225159, 0.00213713035919, -0.00121006625704, -1.26106297103e-05], [-0.000841730739921, 0.00355556677096, -0.00351371080615, 0.00165060092695, -0.00226317346096, 0.00826076604426, -0.00449843797833, -0.000751206767745, 0.000426666170824, 0.00335589726456, -0.00394009333104, 0.0027631984558, -0.00216952245682], [0.000373666087398, -0.00296426331624, 0.00259306095541, -0.000760700262617, -8.24884700705e-05, -0.00449843797833, 0.00845743343234, -0.00395367946476, 0.000676388270222, -0.00222336524166, 0.00387513032183, -0.00483755022287, 0.00337147526443], [-6.16038960288e-05, 0.00233388016932, -0.00169502769131, 0.00185229198541, -0.00226799794473, -0.000751206767745, -0.00395367946476, 0.0136315878481, -0.00493331579491, 0.000398778502131, -0.00460367463529, 0.00595964305103, -0.00372062553652], [-0.000363962200936, -0.000927909335587, 0.000962751917541, -0.00130914070178, 0.000836503575556, 0.000426666170824, 0.000676388270222, -0.00493331579491, 0.0120864901692, -0.00565733527765, 0.000963915488683, -0.00421101180837, 0.00391634367406], [-0.000147958897287, 0.00232528266497, -0.00223170476966, 0.0019144261023, -0.00301402225159, 0.00335589726456, -0.00222336524166, 0.000398778502131, -0.00565733527765, 0.0169991832227, -0.00724472291768, 0.00311248679645, -0.00256599998102], [-0.000382811267627, -0.00242895679548, 0.00153411657084, -0.00129146280233, 0.00213713035919, -0.00394009333104, 0.00387513032183, -0.00460367463529, 0.000963915488683, -0.00724472291768, 0.0168319605291, -0.00769824441522, 0.000765515491366], [0.000504259718582, 0.00250273267739, -0.00177709793206, 0.00158910918981, -0.00121006625704, 0.0027631984558, -0.00483755022287, 0.00595964305103, -0.00421101180837, 0.00311248679645, -0.00769824441522, 0.0194792170078, -0.00844072643667], [-0.000243351591052, -0.0011588355992, 0.00122354866471, -0.00150268629659, -1.26106297103e-05, -0.00216952245682, 0.00337147526443, -0.00372062553652, 0.00391634367406, -0.00256599998102, 0.000765515491366, -0.00844072643667, 0.0180014055222]]
    },
    "melbands": {
        "dmean": [0.00258358404972, 0.0018722275272, 0.000712137029041, 0.000352457369445, 0.00028031464899, 0.000198437803192, 0.000292285956675, 0.00038074341137, 0.000232941980357, 0.000175627079443, 0.000134992340463, 7.26641519577e-05, 4.10376305808e-05, 3.62551691069e-05, 4.10800894315e-05, 5.71475175093e-05, 3.15602264891e-05, 3.13317505061e-05, 3.36796547344e-05, 1.85098524526e-05, 1.45921021613e-05, 1.44940740938e-05, 1.46722841237e-05, 9.33661067393e-06, 8.55620328366e-06, 8.67919789016e-06, 7.47172043702e-06, 5.58764850211e-06, 4.68349708171e-06, 4.53640086562e-06, 5.0881712923e-06, 5.40150631423e-06, 4.3614390961e-06, 3.50978348251e-06, 2.57174701801e-06, 1.63804622844e-06, 9.53225196554e-07, 3.9572029209e-07, 9.02415990822e-08, 3.35484307001e-09],
        "dmean2": [0.00400076434016, 0.00304241664708, 0.00110718025826, 0.000596914789639, 0.000454851542599, 0.000323296990246, 0.000475372711662, 0.000622176215984, 0.000382444326533, 0.000285072252154, 0.000216332569835, 0.000117081181088, 6.68051143293e-05, 5.86358291912e-05, 6.52530798106e-05, 9.30017413339e-05, 5.10103272973e-05, 5.0109494623e-05, 5.41152476217e-05, 3.0186965887e-05, 2.36539035541e-05, 2.34653689404e-05, 2.24899358727e-05, 1.45889989653e-05, 1.37463075589e-05, 1.39951534948e-05, 1.18527941595e-05, 9.04323769646e-06, 7.65786626289e-06, 7.18818819223e-06, 7.83162977314e-06, 8.29863256513e-06, 6.53601955491e-06, 5.29018234374e-06, 3.85394196201e-06, 2.41580551119e-06, 1.40770180224e-06, 5.69876931422e-07, 1.29499966306e-07, 4.82607065422e-09],
        "dvar": [1.50550695253e-05, 1.20351187434e-05, 3.43346619047e-06, 5.81713095471e-07, 3.25844979443e-07, 2.04360532052e-07, 4.50572741784e-07, 9.75488319455e-07, 3.3145369116e-07, 1.26611752194e-07, 9.93977380404e-08, 2.58280614673e-08, 7.15840275944e-09, 4.85958029373e-09, 1.77014438663e-08, 1.18954224249e-08, 4.89887774791e-09, 3.84394338582e-09, 4.82178785788e-09, 1.61369706486e-09, 8.4892431973e-10, 9.70680980039e-10, 2.97127122906e-09, 1.98164307186e-09, 2.31945337936e-10, 2.18904241955e-10, 1.4344327115e-10, 7.66217922443e-11, 6.24856555387e-11, 5.55812618153e-11, 7.96879576215e-11, 1.0036369652e-10, 8.04079164363e-11, 5.28928741084e-11, 3.49138044864e-11, 1.41272098186e-11, 5.3272455891e-12, 8.86501158939e-13, 4.6439862047e-14, 1.76956352928e-16],
        "dvar2": [3.87238796975e-05, 2.93951507047e-05, 8.36515118863e-06, 1.5297543996e-06, 7.78660478318e-07, 4.83540304685e-07, 1.14326007861e-06, 2.41059160544e-06, 8.39860945234e-07, 3.15567461939e-07, 2.36443682411e-07, 6.15373707546e-08, 1.70905014585e-08, 1.16055867139e-08, 4.06011189114e-08, 2.96357338669e-08, 1.27521948556e-08, 9.5532222133e-09, 1.19559997458e-08, 3.96217281207e-09, 2.08729500351e-09, 2.14063344828e-09, 6.01617111684e-09, 3.90503762659e-09, 5.66783231459e-10, 5.64664925928e-10, 3.34274025127e-10, 1.99567473658e-10, 1.63068669679e-10, 1.36078731616e-10, 1.78160416975e-10, 2.24544216554e-10, 1.69569649988e-10, 1.13956143133e-10, 7.78697870074e-11, 2.94683583091e-11, 1.14916661256e-11, 1.72852097219e-12, 9.02209689878e-14, 3.44008376074e-16],
        "max": [0.0379285588861, 0.0376505404711, 0.0267579294741, 0.011796804145, 0.0132895028219, 0.00849818810821, 0.0160076450557, 0.0197574067861, 0.0146139478311, 0.00592631008476, 0.0101442905143, 0.00579780479893, 0.00298993266188, 0.00144828553312, 0.00812772568315, 0.00242268433794, 0.00252272374928, 0.00145184691064, 0.00130097474903, 0.0016560369404, 0.00132466072682, 0.00174122990575, 0.00346131250262, 0.00349928298965, 0.000241416608333, 0.000328543042997, 0.000251645775279, 0.000235771585722, 0.000111076740723, 0.000107921790914, 0.000173903899849, 0.000213161649299, 0.000252821308095, 0.000130158485263, 0.000134888701723, 9.72083580564e-05, 4.92740437039e-05, 1.77621786861e-05, 4.7774055929e-06, 3.05996081806e-07],
        "mean": [0.00398615607992, 0.00286276312545, 0.000782509625424, 0.00042984916945, 0.000393251684727, 0.000264310161583, 0.000378078431822, 0.000461468531284, 0.000277451385045, 0.000252751924563, 0.000205506221391, 0.00011837243801, 7.31770051061e-05, 5.84103217989e-05, 7.0058646088e-05, 8.59474093886e-05, 4.8835092457e-05, 4.87966863147e-05, 5.04485724377e-05, 3.00997744489e-05, 2.62337234744e-05, 2.47997249971e-05, 2.86661543214e-05, 1.93652413145e-05, 1.56116730068e-05, 1.56584192155e-05, 1.40824540722e-05, 1.06313318611e-05, 8.40813754621e-06, 8.04690625955e-06, 9.61483056017e-06, 1.03725169538e-05, 8.27423264127e-06, 6.56131214782e-06, 4.69340693598e-06, 3.1045049127e-06, 1.80045731213e-06, 7.56760812237e-07, 1.53075248477e-07, 4.05025613048e-09],
        "median": [0.00255891634151, 0.00154209078755, 0.000197745743208, 0.00016392825637, 0.000147996324813, 9.96483649942e-05, 0.000115758681204, 0.000138887320645, 8.42290683067e-05, 8.91540330485e-05, 6.54105533613e-05, 4.48714272352e-05, 3.34019568982e-05, 2.97629230772e-05, 2.63172478299e-05, 3.3184489439e-05, 2.14115298149e-05, 1.86473189387e-05, 1.66559220816e-05, 1.37069964694e-05, 1.52536549649e-05, 1.3159306036e-05, 1.1684745914e-05, 8.39433232613e-06, 8.80072002474e-06, 9.90088483377e-06, 9.08049150894e-06, 6.75882438372e-06, 5.42345424037e-06, 5.10527615916e-06, 5.76905040361e-06, 5.81774474995e-06, 4.4728044486e-06, 3.34712444783e-06, 2.26088059208e-06, 1.49178322317e-06, 8.6404367039e-07, 3.51286189471e-07, 3.79309064158e-08, 2.69234440298e-10],
        "min": [9.16606436972e-24, 2.0070877571e-24, 4.13434387919e-24, 6.58599696044e-24, 7.16345892028e-24, 2.09762039281e-24, 6.60123104781e-24, 5.31748377572e-24, 6.51894181134e-24, 1.18164216522e-23, 8.32271447519e-24, 2.36126559595e-24, 3.39248685657e-24, 3.08434023484e-24, 9.51962157224e-24, 8.75834082199e-24, 6.23696663621e-24, 4.42334307181e-24, 5.41482171725e-24, 8.14497701349e-24, 8.43806487219e-24, 7.04618528039e-24, 7.14607952567e-24, 6.19189704055e-24, 7.78202289986e-24, 7.73479458633e-24, 8.11345886489e-24, 7.39051833235e-24, 6.71721687227e-24, 8.0123639733e-24, 4.51985665369e-24, 6.65177060499e-24, 9.38374974765e-24, 7.73860399564e-24, 8.85486110919e-24, 7.63370442791e-24, 9.18739122429e-24, 9.89238201579e-24, 8.56062940218e-24, 7.84641998214e-24],
        "var": [2.24912982958e-05, 1.71957999555e-05, 3.45791318068e-06, 6.64909293846e-07, 6.01738008754e-07, 2.93121075856e-07, 6.49905530281e-07, 1.21323319036e-06, 3.93845880353e-07, 2.20551811481e-07, 2.19625974296e-07, 6.61973587057e-08, 1.52082932914e-08, 8.76865335897e-09, 5.29023544971e-08, 2.36436488166e-08, 7.39887706658e-09, 7.2371171278e-09, 8.57306581281e-09, 2.96964453028e-09, 1.53181145546e-09, 3.16514014997e-09, 1.38699594032e-08, 1.01773780514e-08, 4.46345654881e-10, 4.09730083195e-10, 3.39163308549e-10, 1.67252517391e-10, 9.79082231956e-11, 9.98599675173e-11, 1.65879629477e-10, 2.16222525995e-10, 1.63009994392e-10, 1.0856330418e-10, 6.92472329478e-11, 3.28372919134e-11, 1.21131672401e-11, 2.21044233265e-12, 1.15338728152e-13, 2.81412667742e-16]
    },
    "mfcc": {
        "mean": [-631.11895752, 116.283920288, -21.5634899139, 37.0410423279, -23.4500617981, 24.5475234985, -18.7177371979, 19.4548187256, -8.61410140991, 16.9852676392, -3.56060290337, 9.72217273712, -5.9746389389],
        "cov": [[4255.30517578, -615.517822266, 586.413269043, 534.929870605, 130.620010376, 467.838378906, -84.6679840088, 247.193954468, -163.639709473, 371.521331787, -58.8151092529, 367.002807617, -40.4542732239], [-615.517822266, 985.778442383, 26.6830615997, 134.968002319, 181.934906006, -4.68606710434, 203.883789062, -4.43933296204, 126.698158264, -26.1701869965, 98.5118026733, -38.7011375427, 70.9992675781], [586.413269043, 26.6830615997, 1150.96179199, 521.811279297, 472.202972412, 325.292572021, 183.367431641, 128.238739014, 25.7413539886, 115.828414917, -23.2538948059, 167.71963501, 63.0540618896], [534.929870605, 134.968002319, 521.811279297, 676.350708008, 395.93850708, 261.458892822, 114.143966675, 82.5552444458, 52.8733024597, 105.894622803, 0.098754838109, 105.069923401, 77.9047317505], [130.620010376, 181.934906006, 472.202972412, 395.93850708, 532.045715332, 197.975006104, 215.473526001, 69.1105651855, 99.738822937, 98.3022155762, 23.8886413574, 87.044090271, 81.1510696411], [467.838378906, -4.68606710434, 325.292572021, 261.458892822, 197.975006104, 311.113372803, 155.977493286, 142.970458984, 54.4154396057, 94.6034011841, 21.1751823425, 94.0618057251, 26.4327964783], [-84.6679840088, 203.883789062, 183.367431641, 114.143966675, 215.473526001, 155.977493286, 376.188049316, 130.066848755, 137.070602417, 71.4390640259, 66.6615982056, 47.839138031, 33.1885070801], [247.193954468, -4.43933296204, 128.238739014, 82.5552444458, 69.1105651855, 142.970458984, 130.066848755, 199.16607666, 70.6641311646, 79.502494812, 44.4191856384, 75.6061630249, 23.4336738586], [-163.639709473, 126.698158264, 25.7413539886, 52.8733024597, 99.738822937, 54.4154396057, 137.070602417, 70.6641311646, 165.691055298, 51.0464248657, 63.1207466125, 22.8315429688, 29.5868320465], [371.521331787, -26.1701869965, 115.828414917, 105.894622803, 98.3022155762, 94.6034011841, 71.4390640259, 79.502494812, 51.0464248657, 167.894378662, 57.5777320862, 91.1383590698, 22.8778305054], [-58.8151092529, 98.5118026733, -23.2538948059, 0.098754838109, 23.8886413574, 21.1751823425, 66.6615982056, 44.4191856384, 63.1207466125, 57.5777320862, 133.368087769, 50.7603149414, 30.6133766174], [367.002807617, -38.7011375427, 167.71963501, 105.069923401, 87.044090271, 94.0618057251, 47.839138031, 75.6061630249, 22.8315429688, 91.1383590698, 50.7603149414, 153.717697144, 46.8553390503], [-40.4542732239, 70.9992675781, 63.0540618896, 77.9047317505, 81.1510696411, 26.4327964783, 33.1885070801, 23.4336738586, 29.5868320465, 22.8778305054, 30.6133766174, 46.8553390503, 99.0906677246]],
