{
"lowlevel": {
    "average_loudness": 0.919330954552,
    "barkbands_crest": {
        "dmean": 2.67839813232,
        "dmean2": 4.40572786331,
        "dvar": 6.46843242645,
        "dvar2": 16.6325912476,
        "max": 26.4475803375,
        "mean": 10.6109876633,
        "median": 9.76696491241,
        "min": 2.53787446022,
        "var": 19.1529350281
    },
    "barkbands_flatness_db": {
        "dmean": 0.0227760225534,
        "dmean2": 0.0364425890148,
        "dvar": 0.000475475448184,
        "dvar2": 0.00116608687676,
        "max": 0.554651796818,
        "mean": 0.207525327802,
        "median": 0.200016796589,
        "min": 0.0444214493036,
        "var": 0.00295698922127
    },
    "barkbands_kurtosis": {
        "dmean": 4.68723344803,
        "dmean2": 7.4423699379,
        "dvar": 152.424346924,
        "dvar2": 375.828094482,
        "max": 578.949768066,
        "mean": 8.13633728027,
        "median": 2.63899898529,
        "min": -1.91677069664,
        "var": 476.741271973
    },
    "barkbands_skewness": {
        "dmean": 0.606639444828,
        "dmean2": 0.941697001457,
        "dvar": 0.553628623486,
        "dvar2": 1.27290868759,
        "max": 20.4878387451,
        "mean": 2.07798624039,
        "median": 1.72140419483,
        "min": -1.87454783916,
        "var": 2.61045742035
    },
    "barkbands_spread": {
        "dmean": 5.50248146057,
        "dmean2": 8.57996177673,
        "dvar": 45.654624939,
        "dvar2": 102.601997375,
        "max": 94.3416137695,
        "mean": 21.6117763519,
        "median": 20.0856227875,
        "min": 0.274126797915,
        "var": 181.580307007
    },
    "dissonance": {
        "dmean": 0.0188930723816,
        "dmean2": 0.0322160869837,
        "dvar": 0.000323677464621,
        "dvar2": 0.000892080308404,
        "max": 0.500000119209,
        "mean": 0.461730897427,
        "median": 0.468963623047,
        "min": 0.261225610971,
        "var": 0.000833968515508
    },
    "dynamic_complexity": 2.85035920143,
    "erbbands_crest": {
        "dmean": 2.57616758347,
        "dmean2": 4.13207530975,
        "dvar": 6.02243185043,
        "dvar2": 14.8326377869,
        "max": 29.7317638397,
        "mean": 9.42658138275,
        "median": 8.04121494293,
        "min": 2.26450133324,
        "var": 24.1225910187
    },
    "erbbands_flatness_db": {
        "dmean": 0.0135330101475,
        "dmean2": 0.0202540382743,
        "dvar": 0.00015297907521,
        "dvar2": 0.000331902148901,
        "max": 0.398868113756,
        "mean": 0.199014291167,
        "median": 0.191301003098,
        "min": 0.093707434833,
        "var": 0.00188281084411
    },
    "erbbands_kurtosis": {
        "dmean": 0.769396066666,
        "dmean2": 1.22205257416,
        "dvar": 1.38688266277,
        "dvar2": 3.45769119263,
        "max": 28.8690357208,
        "mean": 0.109083160758,
        "median": -0.461174726486,
        "min": -1.83639883995,
        "var": 4.30363893509
    },
    "erbbands_skewness": {
        "dmean": 0.348752975464,
        "dmean2": 0.533590078354,
        "dvar": 0.11427988857,
        "dvar2": 0.261813312769,
        "max": 4.73068857193,
        "mean": 0.392426937819,
        "median": 0.359120935202,
        "min": -4.08872365952,
        "var": 0.658212006092
    },
    "erbbands_spread": {
        "dmean": 8.96692466736,
        "dmean2": 13.6725873947,
        "dvar": 93.7752151489,
        "dvar2": 215.047073364,
        "max": 148.038131714,
        "mean": 49.3614959717,
        "median": 46.2219696045,
        "min": 3.40319418907,
        "var": 491.174407959
    },
    "hfc": {
        "dmean": 5.35005569458,
        "dmean2": 7.79439401627,
        "dvar": 45.2601776123,
        "dvar2": 92.3182830811,
        "max": 101.456619263,
        "mean": 22.3770751953,
        "median": 18.8959751129,
        "min": 1.12165942525e-16,
        "var": 281.584014893
    },
    "melbands_crest": {
        "dmean": 3.24292016029,
        "dmean2": 5.29913520813,
        "dvar": 8.8452911377,
        "dvar2": 22.6322193146,
        "max": 35.4068603516,
        "mean": 14.5981292725,
        "median": 13.6848716736,
        "min": 1.81725645065,
        "var": 28.2988014221
    },
    "melbands_flatness_db": {
        "dmean": 0.0273721311241,
        "dmean2": 0.0419509001076,
        "dvar": 0.000727267353795,
        "dvar2": 0.00164535979275,
        "max": 0.726218521595,
        "mean": 0.241515934467,
        "median": 0.230887383223,
        "min": 0.00544729828835,
        "var": 0.00582470418885
    },
    "melbands_kurtosis": {
        "dmean": 11.9438076019,
        "dmean2": 19.0572414398,
        "dvar": 589.232971191,
        "dvar2": 1410.1661377,
        "max": 846.890075684,
        "mean": 25.1381053925,
        "median": 12.6024274826,
        "min": -1.81488120556,
        "var": 1698.47070312
    },
    "melbands_skewness": {
        "dmean": 0.875852942467,
        "dmean2": 1.37217605114,
        "dvar": 1.05185830593,
        "dvar2": 2.39675831795,
        "max": 23.1502361298,
        "mean": 3.51057338715,
        "median": 3.0322906971,
        "min": -0.388874769211,
        "var": 4.72925281525
    },
    "melbands_spread": {
        "dmean": 5.92332792282,
        "dmean2": 9.31394672394,
        "dvar": 64.0233154297,
        "dvar2": 152.414367676,
        "max": 152.155883789,
        "mean": 19.9140357971,
        "median": 17.526391983,
        "min": 0.281672686338,
        "var": 214.707504272
    },
    "pitch_salience": {
        "dmean": 0.0737962350249,
        "dmean2": 0.120958022773,
        "dvar": 0.0046494868584,
        "dvar2": 0.0120697403327,
        "max": 0.948267459869,
        "mean": 0.526430547237,
        "median": 0.529591619968,
        "min": 0.0204134434462,
        "var": 0.0156810358167
    },
    "silence_rate_20dB": {
        "dmean": 0.00360837136395,
        "dmean2": 0.00721761118621,
        "dvar": 0.00359549745917,
        "dvar2": 0.00981258973479,
        "max": 1,
        "mean": 0.997714996338,
        "median": 1,
        "min": 0,
        "var": 0.00227986159734
    },
    "silence_rate_30dB": {
        "dmean": 0.0247774831951,
        "dmean2": 0.0495609268546,
        "dvar": 0.0241614338011,
        "dvar2": 0.0550380535424,
        "max": 1,
        "mean": 0.971497297287,
        "median": 1,
        "min": 0,
        "var": 0.0276880394667
    },
    "silence_rate_60dB": {
        "dmean": 0.00817897543311,
        "dmean2": 0.0163599178195,
        "dvar": 0.00811366550624,
        "dvar2": 0.0197055563331,
        "max": 1,
        "mean": 0.0518340356648,
        "median": 0,
        "min": 0,
        "var": 0.0491460561752
    },
    "spectral_centroid": {
        "dmean": 251.583526611,
        "dmean2": 390.76852417,
        "dvar": 82634.390625,
        "dvar2": 182705.453125,
        "max": 11191.7392578,
        "mean": 1341.82019043,
        "median": 1316.04638672,
        "min": 160.800079346,
        "var": 421752.65625
    },
    "spectral_complexity": {
        "dmean": 3.01756072044,
        "dmean2": 4.58198022842,
        "dvar": 11.5587873459,
        "dvar2": 21.7048435211,
        "max": 53,
        "mean": 16.5733013153,
        "median": 15,
        "min": 0,
        "var": 81.3310775757
    },
    "spectral_decrease": {
        "dmean": 3.90407173256e-09,
        "dmean2": 6.21970253079e-09,
        "dvar": 7.5002054327e-17,
        "dvar2": 1.62766698177e-16,
        "max": 7.55041093915e-29,
        "mean": -9.71328173449e-09,
        "median": -8.17414402832e-09,
        "min": -1.59115415954e-07,
        "var": 1.05443055258e-16
    },
    "spectral_energy": {
        "dmean": 0.0150553276762,
        "dmean2": 0.0239152088761,
        "dvar": 0.00108250265475,
        "dvar2": 0.0023449130822,
        "max": 0.605602860451,
        "mean": 0.0386898778379,
        "median": 0.0330309160054,
        "min": 1.03431584678e-20,
        "var": 0.00155722722411
    },
    "spectral_energyband_high": {
        "dmean": 0.000439835566794,
        "dmean2": 0.000641805992927,
        "dvar": 5.39966436008e-07,
        "dvar2": 1.13266196422e-06,
        "max": 0.0152540225536,
        "mean": 0.00125594378915,
        "median": 0.000713935529348,
        "min": 7.40543540808e-21,
        "var": 2.1130042569e-06
    },
    "spectral_energyband_low": {
        "dmean": 0.012013967149,
        "dmean2": 0.0194632969797,
        "dvar": 0.00105194398202,
        "dvar2": 0.00232046842575,
        "max": 0.588153719902,
        "mean": 0.0197355207056,
        "median": 0.0129703385755,
        "min": 5.2597894079e-23,
        "var": 0.00125309440773
    },
    "spectral_energyband_middle_high": {
        "dmean": 0.00137390731834,
        "dmean2": 0.00202400283888,
        "dvar": 4.37616290583e-06,
        "dvar2": 9.55259929469e-06,
        "max": 0.0458778589964,
        "mean": 0.00487558869645,
        "median": 0.00252091395669,
        "min": 1.49888358169e-21,
        "var": 3.05411122099e-05
    },
    "spectral_energyband_middle_low": {
        "dmean": 0.00549214798957,
        "dmean2": 0.00895769987255,
        "dvar": 4.73467334814e-05,
        "dvar2": 0.000122916695545,
        "max": 0.0975225642323,
        "mean": 0.0146988397464,
        "median": 0.0126626966521,
        "min": 2.15035556289e-22,
        "var": 0.000121159042465
    },
    "spectral_entropy": {
        "dmean": 0.136394560337,
        "dmean2": 0.203437149525,
        "dvar": 0.0175834987313,
        "dvar2": 0.0375837162137,
        "max": 9.80304050446,
        "mean": 7.4581618309,
        "median": 7.51123094559,
        "min": 5.30003643036,
        "var": 0.158597037196
    },
    "spectral_flux": {
        "dmean": 0.0297373887151,
        "dmean2": 0.0470483861864,
        "dvar": 0.00146642583422,
        "dvar2": 0.00337662920356,
        "max": 0.617026031017,
        "mean": 0.0960433706641,
        "median": 0.086857676506,
        "min": 6.71031494259e-11,
        "var": 0.00351139251143
    },
    "spectral_kurtosis": {
        "dmean": 1.54717683792,
        "dmean2": 2.70708107948,
        "dvar": 6.25712823868,
        "dvar2": 18.462480545,
        "max": 84.6711654663,
        "mean": 1.81866526604,
        "median": 0.971359729767,
        "min": -1.43331229687,
        "var": 18.9672451019
    },
    "spectral_rms": {
        "dmean": 0.0010201681871,
        "dmean2": 0.00159317336511,
        "dvar": 1.98867337531e-06,
        "dvar2": 4.13836960433e-06,
        "max": 0.0243070367724,
        "mean": 0.00565255479887,
        "median": 0.00567673193291,
        "min": 3.17661543771e-12,
        "var": 5.79489869779e-06
    },
    "spectral_rolloff": {
        "dmean": 459.332550049,
        "dmean2": 790.598388672,
        "dvar": 802919.875,
        "dvar2": 1905085.875,
        "max": 19056.8847656,
        "mean": 1211.01318359,
        "median": 753.662109375,
        "min": 64.599609375,
        "var": 1634743.375
    },
    "spectral_skewness": {
        "dmean": 0.215461850166,
        "dmean2": 0.352799654007,
        "dvar": 0.0465542599559,
        "dvar2": 0.124518692493,
        "max": 6.55877828598,
        "mean": 0.911809384823,
        "median": 0.848948419094,
        "min": -0.564764678478,
        "var": 0.267632454634
    },
    "spectral_spread": {
        "dmean": 316211.875,
        "dmean2": 463765.46875,
        "dvar": 253981851648,
        "dvar2": 395583717376,
        "max": 42365536,
        "mean": 4089733.25,
        "median": 4053988,
        "min": 784910.625,
        "var": 1.42815946342e+12
    },
    "spectral_strongpeak": {
        "dmean": 0.490788966417,
        "dmean2": 0.851433753967,
        "dvar": 0.742903411388,
        "dvar2": 1.89498817921,
        "max": 12.8371448517,
        "mean": 0.854839622974,
        "median": 0.437100976706,
        "min": 0,
        "var": 1.28497195244
    },
    "zerocrossingrate": {
        "dmean": 0.0083202207461,
        "dmean2": 0.0101025998592,
        "dvar": 8.97069330676e-05,
        "dvar2": 0.000131296706968,
        "max": 0.51171875,
        "mean": 0.051533844322,
        "median": 0.04931640625,
        "min": 0.001953125,
        "var": 0.000783117546234
    },
    "barkbands": {
        "dmean": [0.000506511423737, 0.00991631858051, 0.00254214880988, 0.00229252385907, 0.00228862278163, 0.000954667106271, 0.000875308644027, 0.000710553722456, 0.00121970032342, 0.000474969274364, 0.00025482676574, 0.000321604136843, 0.000319781305734, 0.000320756225847, 0.000208134195418, 0.000156813272042, 0.000139366806252, 0.000194174106582, 0.000173614564119, 0.000128034618683, 0.000148770428495, 0.000190383289009, 0.000129192383611, 3.94285307266e-05, 6.63891114527e-07, 1.79111281362e-09, 1.65830005283e-09],
        "dmean2": [0.000832171761431, 0.0162584390491, 0.0044048265554, 0.00390550028533, 0.00384056824259, 0.00152905029245, 0.00139134947676, 0.00115374615416, 0.00195194175467, 0.000736162881367, 0.000408772728406, 0.000503266637679, 0.000498611305375, 0.000498420849908, 0.000328119262122, 0.000237412430579, 0.000220306130359, 0.000297722523101, 0.000267256487859, 0.000197303816094, 0.000228627410252, 0.000291795964586, 0.000196627122932, 5.93973090872e-05, 1.03848026356e-06, 3.14971448923e-09, 2.98933811038e-09],
        "dvar": [4.19137268182e-06, 0.000956713513006, 1.90165665117e-05, 1.30808557515e-05, 1.30419521156e-05, 2.92214531328e-06, 3.78881100005e-06, 3.81391441806e-06, 7.93920662545e-06, 1.86348052011e-06, 4.66404827648e-07, 8.6692602963e-07, 6.78109813634e-07, 5.72438636937e-07, 3.6420041738e-07, 1.92909411112e-07, 1.14354463676e-07, 1.93590665276e-07, 1.21538590747e-07, 4.87329430143e-08, 6.40716066869e-08, 1.18477458955e-07, 6.84068837131e-08, 1.06079562912e-08, 1.05539752285e-11, 2.31634156088e-16, 1.41532045411e-16],
        "dvar2": [1.05282188088e-05, 0.00218523619696, 5.31317818968e-05, 3.54540352419e-05, 3.45426524291e-05, 7.17037846698e-06, 9.36115702643e-06, 9.80007916951e-06, 1.97471945285e-05, 4.37659718955e-06, 1.24110817978e-06, 2.17033129957e-06, 1.53054099883e-06, 1.27566272567e-06, 8.23425068575e-07, 4.37085532212e-07, 2.8751503578e-07, 3.99502766868e-07, 2.80288617205e-07, 1.09296323103e-07, 1.4734084175e-07, 2.6372944717e-07, 1.49996623122e-07, 2.1994390309e-08, 2.67819742078e-11, 5.81346663788e-16, 3.57243292345e-16],
        "max": [0.0470382235944, 0.556848049164, 0.0571848973632, 0.0635414049029, 0.0620321258903, 0.0327668339014, 0.0425237491727, 0.0389100201428, 0.0401366911829, 0.037952106446, 0.0154639109969, 0.0242861881852, 0.0210401844233, 0.0149007569999, 0.0181148089468, 0.0102949216962, 0.00976442918181, 0.0151588898152, 0.00903348159045, 0.0050622378476, 0.00522576272488, 0.0104176905006, 0.00683584949002, 0.00219616782852, 0.00011417666974, 9.68711333371e-07, 7.53180074753e-07],
        "mean": [0.0005066646263, 0.0135282138363, 0.00396651681513, 0.00351660791785, 0.0042660208419, 0.00181306840386, 0.00161557807587, 0.00106743257493, 0.00211302284151, 0.000858480925672, 0.000420618045609, 0.000690608751029, 0.000585807138123, 0.000574392732233, 0.000364837265806, 0.000305443070829, 0.000259335560258, 0.000428745261161, 0.000398921285523, 0.000271292898105, 0.000352090864908, 0.000444632722065, 0.000272968871286, 6.7854351073e-05, 7.44064152514e-07, 1.6844011741e-09, 1.51701007312e-09],
        "median": [6.35775650153e-05, 0.00668545719236, 0.00259945075959, 0.00202294392511, 0.00281959329732, 0.000919357931707, 0.000526360759977, 0.000265075650532, 0.000445531215519, 0.000140960211866, 0.000104281709355, 9.52960690483e-05, 0.000112453984912, 0.000115506300062, 8.70517324074e-05, 7.41464755265e-05, 9.96635208139e-05, 0.000183008101885, 0.000130176806124, 0.000127674327814, 0.000154798079166, 0.000208207144169, 0.000135314985528, 2.09460322367e-05, 1.23144880959e-08, 6.6602701132e-10, 6.4257571486e-10],
        "min": [1.25406054296e-23, 2.76954075466e-23, 1.49406752906e-23, 7.71521643917e-25, 1.65535929192e-23, 2.94173236642e-23, 2.17862208995e-23, 5.27537067296e-23, 2.26308732034e-23, 5.0656384329e-23, 3.15611352156e-23, 5.28431351572e-23, 5.19119605893e-23, 7.7488961061e-23, 9.79867733093e-23, 1.01517929291e-22, 1.49711158553e-22, 1.40221691977e-22, 1.74801958805e-22, 2.09190980505e-22, 3.80632682155e-22, 4.57211966685e-22, 5.79651408572e-22, 6.98915817845e-22, 1.13132569475e-21, 1.42937769104e-21, 2.09992763583e-21],
        "var": [4.24956806455e-06, 0.00100867834408, 2.29372635658e-05, 2.3317641535e-05, 2.51227884291e-05, 7.38817971069e-06, 1.11434401333e-05, 6.28579937256e-06, 1.70293060364e-05, 5.33698585059e-06, 9.462285675e-07, 4.26657697972e-06, 2.17219303522e-06, 1.51274036853e-06, 7.49518960674e-07, 5.77889579745e-07, 2.39330773866e-07, 5.93429774653e-07, 4.33235697983e-07, 1.499387281e-07, 2.13684330674e-07, 3.71423283241e-07, 1.71693045559e-07, 2.54203715855e-08, 1.24666804657e-11, 1.19703953421e-16, 7.27205247614e-17]
    },
    "erbbands": {
        "dmean": [0.320154756308, 2.14086294174, 3.08135676384, 5.20763111115, 7.31939983368, 9.06573486328, 6.83286619186, 8.29353904724, 10.6080379486, 15.8660860062, 16.9756889343, 28.945016861, 18.2897968292, 10.0592775345, 10.5461015701, 13.1063461304, 13.8795042038, 13.6884355545, 12.5976572037, 9.64854335785, 6.80129718781, 7.48397254944, 9.88038349152, 7.89201831818, 8.51217365265, 5.74263191223, 4.82579040527, 6.70004272461, 7.06887054443, 5.29007816315, 3.60401892662, 1.41086411476, 0.354384452105, 0.0266999173909, 0.000876062782481, 8.05998133728e-05, 1.75255681825e-05, 4.93772495247e-06, 7.70658425608e-06, 1.68123751791e-05],
        "dmean2": [0.511286735535, 3.59496665001, 5.29647064209, 8.90140247345, 12.264749527, 15.3886442184, 11.0380840302, 13.2913122177, 17.0188159943, 25.2837181091, 27.2110939026, 46.1818466187, 28.2159194946, 15.8056993484, 16.3652973175, 19.8485202789, 21.0333995819, 21.2574825287, 19.033624649, 14.9646158218, 10.297372818, 11.6872472763, 15.1393041611, 12.0618515015, 12.9780960083, 8.86466598511, 7.44092988968, 10.1963815689, 10.8714962006, 8.07288742065, 5.51522159576, 2.13677835464, 0.511613667011, 0.0382552444935, 0.00123435317073, 0.000114411021059, 2.52273275692e-05, 7.22361028238e-06, 1.17932595458e-05, 2.64724712906e-05],
        "dvar": [1.36333310604, 39.4727592468, 30.4058933258, 65.7024002075, 138.755477905, 234.423370361, 128.871398926, 255.95350647, 573.047363281, 1767.77526855, 1781.15026855, 5029.45214844, 2354.87036133, 748.491638184, 694.646484375, 1509.97497559, 1217.99768066, 1083.8885498, 1250.23864746, 731.1875, 275.894561768, 308.373443604, 570.152160645, 257.948822021, 311.154388428, 96.0371170044, 73.4460983276, 143.930236816, 159.42086792, 119.393669128, 53.6507911682, 12.3163146973, 0.930659472942, 0.00788651593029, 6.86286057316e-06, 3.88235434912e-08, 1.67195446377e-09, 1.71202635402e-10, 2.22499976776e-10, 1.26351096252e-09],
        "dvar2": [3.01632905006, 95.9834823608, 82.4404144287, 182.103256226, 362.576538086, 643.374755859, 327.610626221, 616.654663086, 1453.62268066, 4341.21582031, 4459.43457031, 12427.3916016, 5430.86914062, 1747.35290527, 1666.96801758, 3394.17749023, 2701.93676758, 2429.29907227, 2568.50317383, 1717.37023926, 635.905822754, 746.056640625, 1183.07006836, 562.397705078, 715.171569824, 217.276657104, 166.587615967, 329.238586426, 356.276947021, 270.374969482, 117.524330139, 26.0048160553, 1.92102360725, 0.0167982578278, 1.3858035345e-05, 7.62011964639e-08, 3.53588380797e-09, 3.90687593388e-10, 4.66688743206e-10, 2.71822497844e-09],
        "max": [23.3890781403, 116.121284485, 67.3302688599, 129.708389282, 234.469406128, 273.945739746, 248.206665039, 336.045806885, 527.530395508, 1184.53320312, 952.22253418, 959.332824707, 1352.9074707, 685.503723145, 532.652404785, 1156.68444824, 1122.72290039, 826.962402344, 1070.28198242, 737.089782715, 373.297149658, 585.415344238, 906.215026855, 557.187133789, 609.140136719, 259.22958374, 210.341674805, 275.992523193, 277.367767334, 284.726867676, 174.328994751, 67.2069320679, 23.7395591736, 2.92570757866, 0.0795217305422, 0.00441089272499, 0.00164749030955, 0.000648508314043, 0.000277484155959, 0.000657332304399],
        "mean": [0.373423695564, 3.02207636833, 5.16284322739, 8.66158294678, 12.7855348587, 14.9771814346, 13.4117822647, 15.4091253281, 18.6944999695, 29.2139511108, 27.8220424652, 48.7907600403, 34.963886261, 19.1805210114, 20.0383338928, 28.9867572784, 27.9380550385, 28.2199001312, 23.4593296051, 20.4375, 14.7117080688, 15.821767807, 22.8029708862, 19.3209476471, 19.8186302185, 12.9203662872, 11.1098670959, 16.0498905182, 16.4614963531, 12.0672340393, 7.36766719818, 2.53576254845, 0.602354228497, 0.0429882332683, 0.00159447616898, 0.00018600851763, 4.91167738801e-05, 1.42276603583e-05, 2.31431058637e-05, 4.59830152977e-05],
        "median": [0.119501665235, 1.59319412708, 3.57416081429, 5.94818687439, 8.19927120209, 9.20746135712, 7.60964155197, 7.39462995529, 6.98236274719, 8.05501747131, 8.70276546478, 10.7245893478, 7.72727775574, 5.30943059921, 5.52508544922, 5.17711544037, 6.82254266739, 6.6744222641, 6.01025390625, 5.01096534729, 4.63305139542, 7.15241098404, 10.322927475, 8.03728675842, 6.93999242783, 6.39026021957, 5.65438985825, 6.72039651871, 7.58098316193, 6.03343105316, 3.57793879509, 1.03239297867, 0.147343337536, 0.00755262700841, 0.000507667777129, 9.88127940218e-05, 3.33229836542e-05, 9.82832625596e-06, 2.02696010092e-05, 3.99551245209e-05],
        "min": [1.21455074744e-21, 4.0555340652e-21, 1.57942076187e-20, 1.04704126118e-20, 2.59216011936e-20, 5.20528054309e-20, 2.23471941468e-19, 2.55913965092e-19, 2.54207827531e-19, 1.16355795135e-18, 8.09745609794e-19, 5.46562639973e-19, 9.77080215208e-19, 1.78265983325e-18, 1.65171672869e-18, 2.74386541852e-18, 2.49128664566e-18, 4.05140573601e-18, 5.9907071075e-18, 4.48343389814e-18, 8.59029382242e-18, 1.0121023806e-17, 8.45362869598e-18, 7.87037702862e-18, 1.15583303568e-17, 1.35183579793e-17, 1.21387944255e-17, 1.77794812976e-17, 1.68798264285e-17, 1.4710659423e-17, 1.56087608469e-17, 1.45370888063e-17, 1.17017915992e-17, 1.28423983905e-17, 7.96772377901e-18, 5.16106480544e-18, 2.60907633771e-18, 9.28416662784e-19, 3.22847352309e-19, 3.22325562901e-20],
        "var": [1.49411904812, 38.0219192505, 37.0371246338, 100.259170532, 272.492950439, 392.99810791, 371.094818115, 610.176147461, 1346.18505859, 5275.3671875, 3094.36547852, 10440.140625, 6356.81591797, 1856.8079834, 1772.71289062, 6572.52197266, 4058.48413086, 3440.91650391, 2910.15063477, 2323.1640625, 905.477783203, 721.867614746, 1823.24108887, 851.134094238, 1113.4140625, 313.405914307, 208.199493408, 496.970001221, 509.821777344, 299.671478271, 132.76940918, 28.6141700745, 2.25107836723, 0.0167028866708, 1.64109842444e-05, 1.01677187558e-07, 3.60784069287e-09, 2.92080526432e-10, 4.00259603239e-10, 1.92565186019e-09]
    },
    "gfcc": {
        "mean": [-30.8817043304, 142.070297241, -150.655639648, 75.4287261963, -73.9913635254, 9.2014541626, -11.3068647385, -21.0431747437, 10.4922332764, -25.4783325195, 3.52214956284, -14.9384117126, -7.01064157486],
        "cov": [[5665.25585938, -282.062042236, 142.796310425, 892.679931641, -526.539611816, 479.424285889, -153.384262085, -100.720756531, -105.92918396, -202.613174438, 155.750473022, -102.791007996, 9.68231964111], [-282.062042236, 1066.0333252, 617.149414062, 114.943695068, 482.139160156, -81.5917816162, 196.600952148, -33.8424606323, -26.047000885, 18.9092941284, 60.5032501221, 48.8784446716, 17.8842754364], [142.796310425, 617.149414062, 1349.87634277, 616.128479004, 289.013031006, 199.364181519, -8.70006275177, 12.8976955414, -38.561164856, 34.0636825562, 111.088813782, 60.4887619019, 121.277175903], [892.679931641, 114.943695068, 616.128479004, 642.443786621, 78.7282485962, 182.567337036, -41.7894020081, -28.1912994385, 12.6531887054, 7.34878063202, 52.3591995239, 25.7103233337, 73.6163635254], [-526.539611816, 482.139160156, 289.013031006, 78.7282485962, 515.398986816, 14.1145992279, 122.803764343, 53.7210769653, 3.03689837456, 62.2360076904, 27.3668804169, 14.5863981247, 36.8865280151], [479.424285889, -81.5917816162, 199.364181519, 182.567337036, 14.1145992279, 305.000671387, 51.6365242004, 29.2651004791, -47.1845703125, -11.2220172882, 54.2420578003, -21.7363967896, 10.7911338806], [-153.384262085, 196.600952148, -8.70006275177, -41.7894020081, 122.803764343, 51.6365242004, 309.104736328, 9.22913837433, -10.8793001175, 19.0300159454, -11.8194789886, 34.3885154724, -58.8587112427], [-100.720756531, -33.8424606323, 12.8976955414, -28.1912994385, 53.7210769653, 29.2651004791, 9.22913837433, 168.639282227, 34.0438346863, 17.1784687042, 30.5799484253, -13.5771188736, 20.7377033234], [-105.92918396, -26.047000885, -38.561164856, 12.6531887054, 3.03689837456, -47.1845703125, -10.8793001175, 34.0438346863, 163.097045898, 55.2037506104, -23.2528247833, 32.3858528137, -2.68600988388], [-202.613174438, 18.9092941284, 34.0636825562, 7.34878063202, 62.2360076904, -11.2220172882, 19.0300159454, 17.1784687042, 55.2037506104, 108.818847656, 5.17176580429, 13.6866159439, 16.4280586243], [155.750473022, 60.5032501221, 111.088813782, 52.3591995239, 27.3668804169, 54.2420578003, -11.8194789886, 30.5799484253, -23.2528247833, 5.17176580429, 118.373626709, 20.6810092926, 11.1962223053], [-102.791007996, 48.8784446716, 60.4887619019, 25.7103233337, 14.5863981247, -21.7363967896, 34.3885154724, -13.5771188736, 32.3858528137, 13.6866159439, 20.6810092926, 96.2858200073, 8.62788391113], [9.68231964111, 17.8842754364, 121.277175903, 73.6163635254, 36.8865280151, 10.7911338806, -58.8587112427, 20.7377033234, -2.68600988388, 16.4280586243, 11.1962223053, 8.62788391113, 107.624923706]],
        "icov": [[0.000428999279393, -0.000520455010701, 0.000577297643758, -0.000969518558122, 0.000719202158507, -0.000560013810173, 0.000181020834134, -0.000156774767675, 9.56658550422e-05, 0.000230170131545, -0.000303500361042, 0.000298864790238, -2.57471001532e-05], [-0.000520455010701, 0.00445283157751, -0.00267473072745, 0.00208214763552, -0.00334234861657, 0.00326509517618, -0.00269477954134, 0.00245093530975, -0.00141249794979, 0.00198090914637, -0.00222250609659, 0.00157219171524, -0.000463598466013], [0.000577297643758, -0.00267473072745, 0.00345007772557, -0.00315223471262, 0.00160572805908, -0.00220514950342, 0.00170495605562, -0.00159785372671, 0.00152522616554, -0.00112035917118, 0.000594265002292, -0.0013931512367, -0.000169025879586], [-0.000969518558122, 0.00208214763552, -0.00315223471262, 0.0059371618554, -0.00215248973109, 0.000336355617037, -0.000676204392221, 0.00224614422768, -0.00214983220212, 0.00069715367863, -0.000118163363368, 3.47858485839e-06, -0.00101440446451], [0.000719202158507, -0.00334234861657, 0.00160572805908, -0.00215248973109, 0.00566781265661, -0.00191558431834, 0.000440499134129, -0.00228735757992, 0.00112652685493, -0.00211154622957, 0.000771845108829, 7.33719643904e-05, -0.00065097323386], [-0.000560013810173, 0.00326509517618, -0.00220514950342, 0.000336355617037, -0.00191558431834, 0.00774478632957, -0.00358095159754, 0.000777888228185, -3.58576580766e-05, 0.0013321028091, -0.00321625056677, 0.00303271296434, -0.000578420003876], [0.000181020834134, -0.00269477954134, 0.00170495605562, -0.000676204392221, 0.000440499134129, -0.00358095159754, 0.00718009192497, -0.00238703167997, 0.0025190571323, -0.00265027442947, 0.00377018423751, -0.00474625360221, 0.00402322085574], [-0.000156774767675, 0.00245093530975, -0.00159785372671, 0.00224614422768, -0.00228735757992, 0.000777888228185, -0.00238703167997, 0.00974476337433, -0.00449724448845, 0.00231482065283, -0.0045590819791, 0.00416675349697, -0.00293149286881], [9.56658550422e-05, -0.00141249794979, 0.00152522616554, -0.00214983220212, 0.00112652685493, -3.58576580766e-05, 0.0025190571323, -0.00449724448845, 0.0113893700764, -0.00604420388117, 0.00445743417367, -0.00547739677131, 0.00302184280008], [0.000230170131545, 0.00198090914637, -0.00112035917118, 0.00069715367863, -0.00211154622957, 0.0013321028091, -0.00265027442947, 0.00231482065283, -0.00604420388117, 0.0143809644505, -0.00355097348802, 0.00267712119967, -0.00306075252593], [-0.000303500361042, -0.00222250609659, 0.000594265002292, -0.000118163363368, 0.000771845108829, -0.00321625056677, 0.00377018423751, -0.0045590819791, 0.00445743417367, -0.00355097348802, 0.0142839234322, -0.00665710493922, 0.00250706728548], [0.000298864790238, 0.00157219171524, -0.0013931512367, 3.47858485839e-06, 7.33719643904e-05, 0.00303271296434, -0.00474625360221, 0.00416675349697, -0.00547739677131, 0.00267712119967, -0.00665710493922, 0.0169568285346, -0.00366057711653], [-2.57471001532e-05, -0.000463598466013, -0.000169025879586, -0.00101440446451, -0.00065097323386, -0.000578420003876, 0.00402322085574, -0.00293149286881, 0.00302184280008, -0.00306075252593, 0.00250706728548, -0.00366057711653, 0.0138766784221]]
    },
    "melbands": {
        "dmean": [0.00281196599826, 0.00196364545263, 0.000930675189011, 0.000571728276554, 0.000262068351731, 0.000185641358257, 0.000164027384017, 0.000168700382346, 0.000158818424097, 0.00017476065841, 9.06457717065e-05, 4.42224263679e-05, 3.76598909497e-05, 3.46276574419e-05, 3.82780272048e-05, 2.93604043691e-05, 2.75448564935e-05, 2.38904285652e-05, 1.35906602736e-05, 1.28105275508e-05, 7.96895074018e-06, 7.88036322774e-06, 1.08052936412e-05, 9.20619095268e-06, 6.84265023665e-06, 7.59426120567e-06, 5.70796009924e-06, 3.87624686482e-06, 2.90515527013e-06, 4.17788714913e-06, 4.08953565056e-06, 4.2990759539e-06, 3.98353586206e-06, 2.92720596917e-06, 2.48840683525e-06, 1.31052081542e-06, 7.48024945096e-07, 3.08173071062e-07, 7.43749666299e-08, 3.67428465431e-09],
        "dmean2": [0.00455318531021, 0.00331674772315, 0.00157922971994, 0.000958701246418, 0.000431702850619, 0.000298081838991, 0.000262365647359, 0.000270539225312, 0.000254449725617, 0.000278772320598, 0.000140099888085, 6.94471673341e-05, 5.92122160015e-05, 5.39915527042e-05, 5.60238622711e-05, 4.50933475804e-05, 4.28748207923e-05, 3.63319813914e-05, 2.12281975109e-05, 1.94852582354e-05, 1.24506668726e-05, 1.26215581986e-05, 1.66348636412e-05, 1.4226931853e-05, 1.06212009996e-05, 1.159101339e-05, 8.85295503394e-06, 6.07606580161e-06, 4.54922201243e-06, 6.51965410725e-06, 6.32857563687e-06, 6.71402267471e-06, 6.14584632785e-06, 4.53094344266e-06, 3.86241663364e-06, 1.98673797058e-06, 1.15521618227e-06, 4.54396371197e-07, 1.09702440909e-07, 5.5155111589e-09],
        "dvar": [8.85131885298e-05, 1.89290276467e-05, 2.01335774364e-06, 8.37665822928e-07, 1.67567620224e-07, 1.21859415003e-07, 1.29733152221e-07, 1.97776401478e-07, 1.43380475492e-07, 1.72074820171e-07, 6.04379195579e-08, 1.54442769684e-08, 9.39919519993e-09, 1.31798127967e-08, 1.03461434975e-08, 6.39138697522e-09, 4.63013405394e-09, 4.58884619192e-09, 1.35111233313e-09, 1.5832630762e-09, 4.21191054256e-10, 4.07841954653e-10, 6.15437034668e-10, 6.08860017959e-10, 2.13890502532e-10, 2.74743117146e-10, 1.31651661794e-10, 4.87633648738e-11, 2.93305484067e-11, 5.61097800167e-11, 5.74187711266e-11, 6.07166608657e-11, 6.73753969282e-11, 4.11190317906e-11, 2.50045557176e-11, 8.70943421549e-12, 4.21275080792e-12, 7.36305168312e-13, 6.36303076201e-14, 4.51645749591e-16],
        "dvar2": [0.000197423316422, 4.75587330584e-05, 5.47665649719e-06, 2.19694334191e-06, 4.37720586888e-07, 2.93221773973e-07, 3.27559575908e-07, 4.95420636071e-07, 3.57394753792e-07, 4.23308563313e-07, 1.40795791026e-07, 3.63008076931e-08, 2.40099016224e-08, 3.39340218147e-08, 2.08931982826e-08, 1.4960495065e-08, 1.02842330207e-08, 9.4739744938e-09, 3.10127146186e-09, 3.64286356636e-09, 1.02120389922e-09, 1.03657848971e-09, 1.24462351536e-09, 1.32222555127e-09, 4.84454532046e-10, 6.0128052537e-10, 3.00701685774e-10, 1.14121864736e-10, 6.7440684981e-11, 1.31320981867e-10, 1.32457531055e-10, 1.40637765322e-10, 1.59041280146e-10, 9.59247611898e-11, 5.60102381142e-11, 1.85954637105e-11, 9.27834198361e-12, 1.6077345618e-12, 1.42198590142e-13, 1.04778420268e-15],
        "max": [0.179815366864, 0.0785254463553, 0.0219012778252, 0.0164975076914, 0.00729260221124, 0.00729937339202, 0.00701099960133, 0.0121660903096, 0.00693458179012, 0.00644544884562, 0.00667004380375, 0.0029054756742, 0.00212244177237, 0.00368413003162, 0.00233564339578, 0.00286465953104, 0.00158478994854, 0.00153936969582, 0.000878839404322, 0.00102127017453, 0.00062570971204, 0.000588899711147, 0.00116309383884, 0.00104694301262, 0.000515274121426, 0.000350118149072, 0.000288773444481, 0.000158308292157, 0.000160522671649, 0.000133996203658, 0.000155494184582, 0.000138304880238, 0.000359748461051, 0.000219883251702, 0.000103057449451, 8.00941415946e-05, 4.83924122818e-05, 2.31986505241e-05, 7.28179384168e-06, 8.2349498598e-07],
        "mean": [0.00360348448157, 0.0032711608801, 0.00164436688647, 0.00102547637653, 0.000513093487825, 0.000349184963852, 0.000295104982797, 0.000298578670481, 0.000253150967183, 0.000299078354146, 0.000169913415448, 7.98964247224e-05, 6.4288287831e-05, 7.7126409451e-05, 6.97315408615e-05, 5.76680031372e-05, 5.11552279931e-05, 4.08894957218e-05, 2.50744506047e-05, 2.56083094428e-05, 1.5358775272e-05, 1.46584161484e-05, 2.11125843634e-05, 1.98314173758e-05, 1.47441005538e-05, 1.64382181538e-05, 1.16558430818e-05, 7.71096074459e-06, 5.91244270254e-06, 8.895688552e-06, 9.19418380363e-06, 9.25945641939e-06, 8.58528437675e-06, 6.06610228715e-06, 4.85434793518e-06, 2.29790225603e-06, 1.23255608742e-06, 4.88434295676e-07, 1.06706394831e-07, 4.23232693336e-09],
        "median": [0.00155314768199, 0.00228206044994, 0.00115699018352, 0.000670731940772, 0.000317616446409, 0.000169292223291, 0.000108434076537, 7.78105822974e-05, 6.31188377156e-05, 6.260961527e-05, 3.01887375826e-05, 1.7155209207e-05, 1.69668201124e-05, 1.03236334326e-05, 1.33523535624e-05, 1.09664806587e-05, 1.02923186205e-05, 8.53495021147e-06, 6.11790483163e-06, 5.02853117723e-06, 4.97159135193e-06, 5.49023252461e-06, 8.96253914107e-06, 7.84220901551e-06, 5.40271548743e-06, 4.54456721855e-06, 4.30158343079e-06, 3.44185377799e-06, 2.91378569273e-06, 3.52179858965e-06, 3.72198269361e-06, 4.09070798923e-06, 3.79336506739e-06, 2.94307233162e-06, 2.1983928491e-06, 9.89400518847e-07, 3.75211186565e-07, 1.0600241751e-07, 7.24999171808e-09, 4.85583240284e-11],
        "min": [1.07812515511e-23, 8.54032175589e-24, 1.99749303913e-24, 3.16937451004e-24, 6.54345526954e-24, 5.13520168635e-24, 3.66684676295e-24, 1.25685389942e-23, 5.16821157093e-24, 2.93561964104e-24, 5.06421682666e-24, 7.63187584833e-24, 4.1899495011e-24, 6.65634126508e-24, 6.85861230092e-24, 5.17960351127e-24, 6.51469734524e-24, 9.17804558914e-24, 6.61460776218e-24, 6.2127340125e-24, 1.06636110909e-23, 1.05571969102e-23, 7.44685798934e-24, 6.26770696797e-24, 6.3352729045e-24, 5.6271554628e-24, 1.34071817557e-23, 7.82972847424e-24, 6.31291027556e-24, 8.1848468325e-24, 9.69611026712e-24, 1.16407644167e-23, 5.84450005283e-24, 8.8367630623e-24, 8.4024462246e-24, 9.21996960195e-24, 8.88246650771e-24, 6.7574858549e-24, 8.93884955205e-24, 1.08079040057e-23],
        "var": [9.57268784987e-05, 2.06226468435e-05, 3.5350581129e-06, 1.58206057677e-06, 4.3257043103e-07, 2.99264854675e-07, 3.06836597019e-07, 5.14163502885e-07, 2.63470951722e-07, 3.77653293526e-07, 1.65300832577e-07, 4.03671691629e-08, 2.01121057586e-08, 6.986172707e-08, 2.91624218107e-08, 2.38109958417e-08, 1.30525030784e-08, 1.07352660095e-08, 3.3526521559e-09, 4.94067542434e-09, 1.11721043528e-09, 8.38144664783e-10, 1.4558813044e-09, 1.87274262764e-09, 5.93129878546e-10, 9.13569941918e-10, 4.26944396503e-10, 1.31391619806e-10, 6.97799318328e-11, 1.66822514136e-10, 1.87840534793e-10, 1.72586570035e-10, 1.66221897357e-10, 8.80720080199e-11, 5.94579663282e-11, 1.94573922946e-11, 8.86736257338e-12, 1.59126596448e-12, 1.19396300572e-13, 6.45403795122e-16]
    },
    "mfcc": {
        "mean": [-646.204589844, 128.478256226, -4.0940322876, 51.7561683655, -20.5574436188, 29.3202972412, -19.2924251556, 22.1848754883, -13.321767807, 12.7484207153, -2.32653069496, 5.54733753204, -10.5303173065],
        "cov": [[4826.05761719, -529.888977051, 95.0299301147, 447.177154541, -332.521362305, 395.657867432, -153.822387695, 268.212493896, -356.935302734, 162.713546753, -199.633087158, 93.2022018433, -239.936599731], [-529.888977051, 943.258178711, 202.729385376, 216.450790405, 214.247406006, 71.3769454956, 197.889526367, 39.5867500305, 32.1987686157, -38.5175476074, 75.5284957886, -15.2773942947, 71.3769454956], [95.0299301147, 202.729385376, 1123.35717773, 404.308258057, 390.229156494, 210.836883545, 182.903717041, 44.8889312744, 8.21525669098, -29.9637813568, -53.3032302856, 90.5803985596, 51.4853248596], [447.177154541, 216.450790405, 404.308258057, 537.627746582, 179.841415405, 219.085113525, 40.939037323, 57.9015312195, 8.68473911285, 6.37761735916, -20.9760818481, 35.1390800476, 56.9913711548], [-332.521362305, 214.247406006, 390.229156494, 179.841415405, 527.162719727, 26.0035667419, 140.499526978, -30.8922424316, 74.7775344849, 34.9123878479, -34.5228385925, 23.8006534576, 83.002784729], [395.657867432, 71.3769454956, 210.836883545, 219.085113525, 26.0035667419, 319.586364746, 90.6402206421, 78.9900054932, -2.57964754105, 18.6912708282, 13.0831375122, 39.045539856, -4.13890361786], [-153.822387695, 197.889526367, 182.903717041, 40.939037323, 140.499526978, 90.6402206421, 334.206085205, 65.5619888306, 8.18599510193, 24.4892864227, 28.4088630676, 9.48996162415, -1.54616987705], [268.212493896, 39.5867500305, 44.8889312744, 57.9015312195, -30.8922424316, 78.9900054932, 65.5619888306, 175.127655029, -16.3298091888, 23.022441864, 37.3797607422, 24.4031295776, -13.6839933395], [-356.935302734, 32.1987686157, 8.21525669098, 8.68473911285, 74.7775344849, -2.57964754105, 8.18599510193, -16.3298091888, 170.566040039, 18.0258750916, 29.5047283173, 5.51340055466, 34.440990448], [162.713546753, -38.5175476074, -29.9637813568, 6.37761735916, 34.9123878479, 18.6912708282, 24.4892864227, 23.022441864, 18.0258750916, 121.895584106, 10.4118556976, 7.73920822144, -9.73431873322], [-199.633087158, 75.5284957886, -53.3032302856, -20.9760818481, -34.5228385925, 13.0831375122, 28.4088630676, 37.3797607422, 29.5047283173, 10.4118556976, 139.602661133, 20.1127796173, 8.23390197754], [93.2022018433, -15.2773942947, 90.5803985596, 35.1390800476, 23.8006534576, 39.045539856, 9.48996162415, 24.4031295776, 5.51340055466, 7.73920822144, 20.1127796173, 104.848518372, 26.7754802704], [-239.936599731, 71.3769454956, 51.4853248596, 56.9913711548, 83.002784729, -4.13890361786, -1.54616987705, -13.6839933395, 34.440990448, -9.73431873322, 8.23390197754, 26.7754802704, 129.569488525]],
