{
"lowlevel": {
    "average_loudness": 0.879297614098,
    "barkbands_crest": {
        "dmean": 3.239798069,
        "dmean2": 5.31755971909,
        "dvar": 8.47241973877,
        "dvar2": 21.7873497009,
        "max": 25.2762069702,
        "mean": 10.5207471848,
        "median": 9.562915802,
        "min": 2.15890908241,
        "var": 23.228635788
    },
    "barkbands_flatness_db": {
        "dmean": 0.0215583816171,
        "dmean2": 0.0343378484249,
        "dvar": 0.0003546163789,
        "dvar2": 0.000936352880672,
        "max": 0.44385394454,
        "mean": 0.173208236694,
        "median": 0.165752142668,
        "min": 0.0345783084631,
        "var": 0.00211406475864
    },
    "barkbands_kurtosis": {
        "dmean": 1.79600226879,
        "dmean2": 2.91303634644,
        "dvar": 9.70052909851,
        "dvar2": 25.9942417145,
        "max": 72.3069763184,
        "mean": 1.69453823566,
        "median": 0.451389312744,
        "min": -1.92302548885,
        "var": 19.3209438324
    },
    "barkbands_skewness": {
        "dmean": 0.487343102694,
        "dmean2": 0.777668654919,
        "dvar": 0.234158501029,
        "dvar2": 0.606453835964,
        "max": 7.97584962845,
        "mean": 1.12339401245,
        "median": 0.996368348598,
        "min": -2.01632070541,
        "var": 1.00662589073
    },
    "barkbands_spread": {
        "dmean": 6.43214464188,
        "dmean2": 10.1248044968,
        "dvar": 46.3580741882,
        "dvar2": 107.091453552,
        "max": 97.7553939819,
        "mean": 27.5918502808,
        "median": 26.0022315979,
        "min": 1.15237247944,
        "var": 169.155029297
    },
    "dissonance": {
        "dmean": 0.0155799500644,
        "dmean2": 0.0265759397298,
        "dvar": 0.000215070336708,
        "dvar2": 0.000599558639806,
        "max": 0.5,
        "mean": 0.476321607828,
        "median": 0.480847626925,
        "min": 0.266745775938,
        "var": 0.000368421344319
    },
    "dynamic_complexity": 2.60208439827,
    "erbbands_crest": {
        "dmean": 2.6475508213,
        "dmean2": 4.34996986389,
        "dvar": 6.29388904572,
        "dvar2": 16.2187671661,
        "max": 28.330406189,
        "mean": 8.14726352692,
        "median": 7.12011003494,
        "min": 2.40913558006,
        "var": 16.9923801422
    },
    "erbbands_flatness_db": {
        "dmean": 0.0140923466533,
        "dmean2": 0.0211180690676,
        "dvar": 0.000146436141222,
        "dvar2": 0.000308979215333,
        "max": 0.431351274252,
        "mean": 0.208584114909,
        "median": 0.194589108229,
        "min": 0.0811409652233,
        "var": 0.00292426091619
    },
    "erbbands_kurtosis": {
        "dmean": 0.691525995731,
        "dmean2": 1.11552476883,
        "dvar": 0.815568685532,
        "dvar2": 1.9580385685,
        "max": 16.6834945679,
        "mean": -0.030826356262,
        "median": -0.433508396149,
        "min": -1.78388535976,
        "var": 1.95655047894
    },
    "erbbands_skewness": {
        "dmean": 0.355406999588,
        "dmean2": 0.556350946426,
        "dvar": 0.0953689292073,
        "dvar2": 0.221347361803,
        "max": 3.85615849495,
        "mean": 0.180618032813,
        "median": 0.157657027245,
        "min": -3.63639521599,
        "var": 0.532300829887
    },
    "erbbands_spread": {
        "dmean": 7.04048538208,
        "dmean2": 10.8561191559,
        "dvar": 45.5672111511,
        "dvar2": 106.671310425,
        "max": 108.841362,
        "mean": 38.3529853821,
        "median": 37.5436782837,
        "min": 5.76413965225,
        "var": 254.894470215
    },
    "hfc": {
        "dmean": 7.11935424805,
        "dmean2": 10.7709608078,
        "dvar": 80.7394561768,
        "dvar2": 181.592453003,
        "max": 144.177093506,
        "mean": 26.1864299774,
        "median": 23.4364624023,
        "min": 1.15167139076e-16,
        "var": 335.308837891
    },
    "melbands_crest": {
        "dmean": 4.14350938797,
        "dmean2": 6.68948984146,
        "dvar": 13.3240413666,
        "dvar2": 35.1507339478,
        "max": 36.388999939,
        "mean": 15.6845989227,
        "median": 14.3249998093,
        "min": 1.97583758831,
        "var": 50.6531066895
    },
    "melbands_flatness_db": {
        "dmean": 0.0273095704615,
        "dmean2": 0.0422135852277,
        "dvar": 0.000603808672167,
        "dvar2": 0.00153355195653,
        "max": 0.58682513237,
        "mean": 0.188748583198,
        "median": 0.183462917805,
        "min": 0.00538680702448,
        "var": 0.00429831538349
    },
    "melbands_kurtosis": {
        "dmean": 5.44724225998,
        "dmean2": 8.78895664215,
        "dvar": 80.1750793457,
        "dvar2": 205.104522705,
        "max": 183.188598633,
        "mean": 9.2702703476,
        "median": 4.90865182877,
        "min": -1.64052319527,
        "var": 175.981185913
    },
    "melbands_skewness": {
        "dmean": 0.708474695683,
        "dmean2": 1.12507343292,
        "dvar": 0.543372750282,
        "dvar2": 1.37631297112,
        "max": 11.2917098999,
        "mean": 2.27802443504,
        "median": 1.99089515209,
        "min": -1.20892441273,
        "var": 2.42502760887
    },
    "melbands_spread": {
        "dmean": 8.9217338562,
        "dmean2": 14.3122549057,
        "dvar": 102.552635193,
        "dvar2": 247.95072937,
        "max": 184.499206543,
        "mean": 30.2823791504,
        "median": 28.2995758057,
        "min": 0.990481257439,
        "var": 263.223968506
    },
    "pitch_salience": {
        "dmean": 0.0827457085252,
        "dmean2": 0.133891507983,
        "dvar": 0.00558691006154,
        "dvar2": 0.0136405387893,
        "max": 0.928405225277,
        "mean": 0.541447877884,
        "median": 0.55572873354,
        "min": 0.0958558991551,
        "var": 0.0172950439155
    },
    "silence_rate_20dB": {
        "dmean": 0,
        "dmean2": 0,
        "dvar": 0,
        "dvar2": 0,
        "max": 1,
        "mean": 1,
        "median": 1,
        "min": 1,
        "var": 0
    },
    "silence_rate_30dB": {
        "dmean": 0.000937866338063,
        "dmean2": 0.00187595258467,
        "dvar": 0.000937003875151,
        "dvar2": 0.00257597095333,
        "max": 1,
        "mean": 0.999413907528,
        "median": 1,
        "min": 0,
        "var": 0.000585776637308
    },
    "silence_rate_60dB": {
        "dmean": 0.00984759628773,
        "dmean2": 0.0196975022554,
        "dvar": 0.00975246261805,
        "dvar2": 0.0221178401262,
        "max": 1,
        "mean": 0.0556792877614,
        "median": 0,
        "min": 0,
        "var": 0.0525903515518
    },
    "spectral_centroid": {
        "dmean": 304.804351807,
        "dmean2": 474.726715088,
        "dvar": 97443.390625,
        "dvar2": 213779.015625,
        "max": 11373.3535156,
        "mean": 1825.97424316,
        "median": 1788.7286377,
        "min": 296.515808105,
        "var": 364472.3125
    },
    "spectral_complexity": {
        "dmean": 4.93200445175,
        "dmean2": 7.48083019257,
        "dvar": 24.4069519043,
        "dvar2": 52.0358352661,
        "max": 61,
        "mean": 25.2374858856,
        "median": 25,
        "min": 0,
        "var": 120.073417664
    },
    "spectral_decrease": {
        "dmean": 2.39867281593e-09,
        "dmean2": 3.81207287958e-09,
        "dvar": 6.76343772905e-18,
        "dvar2": 1.78444315193e-17,
        "max": 6.5462418995e-29,
        "mean": -7.2165962095e-09,
        "median": -6.57722454278e-09,
        "min": -3.34013527947e-08,
        "var": 2.20347531402e-17
    },
    "spectral_energy": {
        "dmean": 0.0094301328063,
        "dmean2": 0.0149464085698,
        "dvar": 0.000102722260635,
        "dvar2": 0.000270032440312,
        "max": 0.13227955997,
        "mean": 0.0296122748405,
        "median": 0.0272842720151,
        "min": 1.05246712979e-20,
        "var": 0.000350900896592
    },
    "spectral_energyband_high": {
        "dmean": 0.000602618267294,
        "dmean2": 0.000908941670787,
        "dvar": 1.09780341973e-06,
        "dvar2": 2.45312685365e-06,
        "max": 0.0207752492279,
        "mean": 0.00157593551558,
        "median": 0.0011485760333,
        "min": 7.60907774292e-21,
        "var": 2.94778055832e-06
    },
    "spectral_energyband_low": {
        "dmean": 0.00591432722285,
        "dmean2": 0.00933211948723,
        "dvar": 6.53769966448e-05,
        "dvar2": 0.000160599782248,
        "max": 0.083543844521,
        "mean": 0.0111006395891,
        "median": 0.00767280627042,
        "min": 5.74383635261e-23,
        "var": 0.000159473158419
    },
    "spectral_energyband_middle_high": {
        "dmean": 0.00257794326171,
        "dmean2": 0.00396782439202,
        "dvar": 1.40975753311e-05,
        "dvar2": 3.28361129505e-05,
        "max": 0.0851972028613,
        "mean": 0.00762781081721,
        "median": 0.00570085411891,
        "min": 1.21293697784e-21,
        "var": 5.99312515988e-05
    },
    "spectral_energyband_middle_low": {
        "dmean": 0.00517075508833,
        "dmean2": 0.00823615770787,
        "dvar": 5.31315490662e-05,
        "dvar2": 0.000131531647639,
        "max": 0.108657576144,
        "mean": 0.010337004438,
        "median": 0.00731565896422,
        "min": 3.14533812336e-22,
        "var": 0.000106083360151
    },
    "spectral_entropy": {
        "dmean": 0.110000565648,
        "dmean2": 0.167881637812,
        "dvar": 0.0101111205295,
        "dvar2": 0.0233766343445,
        "max": 9.80603408813,
        "mean": 7.781042099,
        "median": 7.84419536591,
        "min": 6.05338382721,
        "var": 0.100753508508
    },
    "spectral_flux": {
        "dmean": 0.0230390373617,
        "dmean2": 0.0343129746616,
        "dvar": 0.000526419258676,
        "dvar2": 0.00114087003749,
        "max": 0.303236484528,
        "mean": 0.099165700376,
        "median": 0.0960789173841,
        "min": 6.77616920908e-11,
        "var": 0.00210715946741
    },
    "spectral_kurtosis": {
        "dmean": 1.64187562466,
        "dmean2": 2.90631151199,
        "dvar": 6.92257833481,
        "dvar2": 22.3212051392,
        "max": 48.4658203125,
        "mean": 1.89967012405,
        "median": 0.849946498871,
        "min": -1.28627848625,
        "var": 12.1941890717
    },
    "spectral_rms": {
        "dmean": 0.000816639570985,
        "dmean2": 0.00128561758902,
        "dvar": 5.8559601257e-07,
        "dvar2": 1.5507698663e-06,
        "max": 0.0113601591438,
        "mean": 0.00506492098793,
        "median": 0.00515934126452,
        "min": 3.20436776072e-12,
        "var": 3.23667381963e-06
    },
    "spectral_rolloff": {
        "dmean": 644.386169434,
        "dmean2": 1067.87768555,
        "dvar": 735564.3125,
        "dvar2": 1596107.25,
        "max": 19164.5507812,
        "mean": 1853.86877441,
        "median": 1571.92382812,
        "min": 43.06640625,
        "var": 1879924
    },
    "spectral_skewness": {
        "dmean": 0.210067540407,
        "dmean2": 0.353780120611,
        "dvar": 0.0532089844346,
        "dvar2": 0.165454551578,
        "max": 4.71478891373,
        "mean": 0.820613384247,
        "median": 0.766340613365,
        "min": -0.525882482529,
        "var": 0.143474951386
    },
    "spectral_spread": {
        "dmean": 274926.125,
        "dmean2": 411815.5625,
        "dvar": 169755099136,
        "dvar2": 261032460288,
        "max": 41152028,
        "mean": 3700326.75,
        "median": 3839710,
        "min": 999412.375,
        "var": 1.33906117427e+12
    },
    "spectral_strongpeak": {
        "dmean": 0.560191631317,
        "dmean2": 0.946468830109,
        "dvar": 0.780867874622,
        "dvar2": 2.01963353157,
        "max": 18.6407318115,
        "mean": 0.983874619007,
        "median": 0.395776212215,
        "min": 0,
        "var": 1.64141917229
    },
    "zerocrossingrate": {
        "dmean": 0.00982653163373,
        "dmean2": 0.0117316311225,
        "dvar": 0.000115222828754,
        "dvar2": 0.000152989174239,
        "max": 0.5322265625,
        "mean": 0.0684651508927,
        "median": 0.06494140625,
        "min": 0.00244140625,
        "var": 0.000869856332429
    },
    "barkbands": {
        "dmean": [0.000317153549986, 0.00539071671665, 0.00105083780363, 0.00101708853617, 0.00166855519637, 0.00120434211567, 0.000909035443328, 0.00118984666187, 0.00146350392606, 0.00157839420717, 0.000470311642857, 0.00049873982789, 0.000412585708546, 0.00039698657929, 0.000325160217471, 0.000294626574032, 0.000330037320964, 0.000251433200901, 0.000211537451833, 0.00015381569392, 0.000200456561288, 0.000270230753813, 0.000157451271662, 5.10671452503e-05, 8.10116148386e-07, 1.26885979501e-09, 1.16128084926e-09],
        "dmean2": [0.000533767277375, 0.00871845614165, 0.00168766581919, 0.00178629613947, 0.00279569509439, 0.00195586471818, 0.00149034895003, 0.00194711564109, 0.00236823037267, 0.00248030386865, 0.000780091388151, 0.000822271395009, 0.000671238172799, 0.000665864616167, 0.000529460143298, 0.000486780510982, 0.000537943851668, 0.000409896398196, 0.000338156183716, 0.0002508861362, 0.000315908226185, 0.000424707308412, 0.000240845591179, 7.73355932324e-05, 1.27828752738e-06, 2.27542540365e-09, 2.12935802324e-09],
        "dvar": [3.71103368479e-07, 6.88708896632e-05, 5.20640742252e-06, 5.74783780394e-06, 1.09572292786e-05, 8.0386580521e-06, 7.66018547438e-06, 7.33437354938e-06, 1.26546756292e-05, 1.0692802789e-05, 1.39716985359e-06, 9.8008911209e-07, 9.61826458479e-07, 9.26014024571e-07, 6.49328285363e-07, 4.34910560898e-07, 2.17633626676e-07, 1.3187528225e-07, 1.01197940694e-07, 1.06047394866e-07, 1.34505015126e-07, 3.54864795327e-07, 8.45090397661e-08, 7.47401429635e-09, 4.92111126155e-12, 5.26486976846e-18, 4.28057819267e-18],
        "dvar2": [9.64241053225e-07, 0.000165458142874, 1.26796649056e-05, 1.60317777045e-05, 2.85192636511e-05, 1.97154458874e-05, 1.87957430171e-05, 1.85175904335e-05, 3.11310395773e-05, 2.44296079472e-05, 3.55910401595e-06, 2.46532681558e-06, 2.31445983445e-06, 2.45040610025e-06, 1.51439564888e-06, 1.10400208087e-06, 5.46539183688e-07, 3.28450340703e-07, 2.41402261736e-07, 2.84466551648e-07, 3.01377923506e-07, 7.77064485646e-07, 1.93061097775e-07, 1.66422466918e-08, 1.19578487737e-11, 1.26241120442e-17, 1.19531056129e-17],
        "max": [0.0218358729035, 0.0795585811138, 0.0378195978701, 0.0338755510747, 0.0613997578621, 0.054454728961, 0.0600781515241, 0.0586014054716, 0.0954030826688, 0.0732490420341, 0.0355189926922, 0.024902138859, 0.0305161159486, 0.0376304574311, 0.0266154576093, 0.0169546660036, 0.0080754160881, 0.00652520637959, 0.0061137219891, 0.013979495503, 0.0144641632214, 0.0155125930905, 0.00807883776724, 0.00147540378384, 6.63889222778e-05, 9.31994108555e-08, 9.90733823869e-08],
        "mean": [0.000643239822239, 0.00875743385404, 0.00123062427156, 0.00100947904866, 0.00204594759271, 0.00152368249837, 0.0011036345968, 0.00149754993618, 0.00215769698843, 0.00278980471194, 0.000685369013809, 0.000772635161411, 0.000642078462988, 0.000594013486989, 0.000509333098307, 0.000469519989565, 0.000577761034947, 0.000469139893539, 0.000411853310652, 0.000297973136185, 0.000424167665187, 0.000575778540224, 0.000319759798003, 0.0001027613107, 1.02753517695e-06, 1.38787237258e-09, 1.28153510026e-09],
        "median": [0.000339421821991, 0.00461903819814, 0.000301305786707, 0.000233368686168, 0.000668273365591, 0.000502445735037, 0.000315318058711, 0.000547202245798, 0.000726993952412, 0.000846828275826, 0.000324626307702, 0.000414127716795, 0.000307263282593, 0.000362454011338, 0.000304974062601, 0.000272384437267, 0.000383651437005, 0.000284276029561, 0.000257303297985, 0.000212866099901, 0.000296485522995, 0.000366244261386, 0.000197367087821, 6.03559165029e-05, 2.00114669724e-07, 6.73919087202e-10, 6.95378643556e-10],
        "min": [1.16667203071e-23, 2.06743814071e-23, 8.55808217031e-24, 3.60971548404e-24, 2.88834162926e-23, 2.50954482207e-23, 4.43901750134e-23, 5.04764388456e-23, 2.80057454267e-23, 3.17612439838e-23, 6.22838690612e-23, 5.28918520513e-23, 4.19431063973e-23, 1.06870104409e-22, 7.20215428317e-23, 7.97200300949e-23, 7.12981700034e-23, 1.41691459751e-22, 2.1243443576e-22, 2.24171600557e-22, 3.58078681869e-22, 5.2157816979e-22, 4.11194592505e-22, 7.30442890047e-22, 1.11081298881e-21, 1.49881421242e-21, 2.33565532921e-21],
        "var": [1.22435869798e-06, 0.000132500426844, 6.17158048044e-06, 4.97790597365e-06, 1.39259745993e-05, 1.00871920949e-05, 9.22506296774e-06, 8.69544510351e-06, 2.27727250603e-05, 3.41516752087e-05, 1.90400805877e-06, 1.46435581883e-06, 1.54489862325e-06, 9.16204612622e-07, 8.70308952017e-07, 5.87525789797e-07, 3.99616823188e-07, 2.72292680847e-07, 2.3875290367e-07, 1.31072596332e-07, 2.73435972531e-07, 7.55840176225e-07, 1.81865232207e-07, 1.89570101838e-08, 6.57751327363e-12, 5.60021085674e-18, 3.56872186035e-18]
    },
    "erbbands": {
        "dmean": [0.210536330938, 1.10705769062, 1.24871253967, 2.49170827866, 4.44932222366, 5.93201684952, 8.48682785034, 9.74534702301, 12.4315185547, 16.349521637, 27.7503948212, 31.8090019226, 48.7720832825, 30.991104126, 17.7242050171, 19.8209991455, 17.6664562225, 19.4640598297, 16.2192611694, 15.3639945984, 15.5917768478, 17.0109348297, 13.1434631348, 12.6500988007, 8.6746301651, 7.22329044342, 6.92856788635, 9.24928379059, 10.3044586182, 7.02529001236, 4.29563093185, 1.76986539364, 0.472450971603, 0.0333434231579, 0.00107359106187, 9.81119519565e-05, 2.02652245207e-05, 6.06568755757e-06, 5.63573848922e-06, 1.0977923921e-05],
        "dmean2": [0.336117982864, 1.76358687878, 1.97433042526, 4.29693984985, 7.61472272873, 9.95720386505, 14.0376195908, 15.9113483429, 20.4778308868, 26.913444519, 45.2593307495, 51.5145988464, 77.0366744995, 49.2529258728, 29.2448692322, 32.5081138611, 28.4998245239, 32.5, 26.6325416565, 24.8149414062, 25.5964012146, 27.4573078156, 21.152803421, 20.1819572449, 13.9414491653, 11.7316637039, 11.013507843, 14.4086561203, 16.3151760101, 10.9866523743, 6.59049940109, 2.69044017792, 0.703741490841, 0.0485712997615, 0.00154985522386, 0.00014254701091, 2.98114009638e-05, 9.00818668015e-06, 8.7665484898e-06, 1.72862874024e-05],
        "dvar": [0.0926075875759, 3.59349799156, 7.34306144714, 32.1226844788, 91.3787384033, 172.036834717, 421.123016357, 614.151916504, 1564.9263916, 2254.8215332, 4137.79150391, 6575.90136719, 9429.71289062, 5259.71191406, 1822.67944336, 1450.51928711, 1700.37084961, 1512.16845703, 1763.7935791, 1214.00634766, 965.857727051, 582.479614258, 351.818572998, 365.85559082, 178.959136963, 277.154785156, 161.058166504, 278.940063477, 551.452026367, 252.561218262, 60.3782691956, 9.41670894623, 0.640334486961, 0.00397943099961, 3.69596841665e-06, 2.51194141043e-08, 9.38165434228e-10, 8.66787891463e-11, 3.6675988635e-11, 1.33530464463e-10],
        "dvar2": [0.240017920732, 8.63920497894, 17.9324855804, 87.831161499, 245.62461853, 448.894897461, 1071.16442871, 1502.30273438, 3931.35205078, 5849.85888672, 10419.2177734, 16214.4306641, 21462.3710938, 12689.0996094, 4668.60253906, 3505.12915039, 4073.93408203, 4001.37402344, 4271.59619141, 2949.57568359, 2425.39941406, 1476.62390137, 860.882324219, 869.995910645, 445.936187744, 749.306335449, 389.203277588, 619.386779785, 1202.77856445, 591.210144043, 133.762817383, 21.0378799438, 1.38835203648, 0.00832443963736, 7.41022586226e-06, 5.08443847025e-08, 1.96463956215e-09, 1.84244772217e-10, 8.92867793589e-11, 3.48225587254e-10],
        "max": [3.63050532341, 18.9444236755, 37.8694725037, 63.209564209, 128.347000122, 244.400039673, 479.710968018, 515.45300293, 1061.77893066, 1350.18566895, 1348.36743164, 1790.40771484, 2067.50146484, 2975.96313477, 1299.6529541, 1268.0291748, 1255.1541748, 1116.59777832, 1573.05529785, 1329.30993652, 814.203125, 371.859802246, 325.692626953, 417.029022217, 263.050567627, 778.878540039, 345.461547852, 541.184875488, 598.378417969, 408.232513428, 168.924880981, 51.1607322693, 12.6882696152, 1.79409468174, 0.0464386232197, 0.00282314885408, 0.000647878856398, 0.000203700401471, 9.93389403448e-05, 0.000155920904945],
        "mean": [0.360561579466, 1.52241170406, 1.53475868702, 2.68542289734, 4.94039583206, 6.9541759491, 9.93945026398, 12.4435300827, 15.6657829285, 21.3595523834, 36.7408294678, 48.3030929565, 85.243637085, 55.4467697144, 30.2031173706, 32.5673942566, 29.9449615479, 31.8118991852, 27.0136013031, 26.3875770569, 27.1779022217, 31.4740314484, 26.1397323608, 25.0487594604, 17.4299144745, 14.2122402191, 14.2482652664, 19.6636009216, 21.3172473907, 14.6354351044, 8.5767660141, 3.57809948921, 0.968731105328, 0.0648119002581, 0.00230213929899, 0.000246736803092, 5.89377377764e-05, 1.76988323801e-05, 2.07177090488e-05, 3.72389804397e-05],
        "median": [0.184667810798, 0.690841317177, 0.532238900661, 0.831186234951, 1.40296113491, 1.98898112774, 2.8592774868, 4.12147092819, 4.93272972107, 7.91296339035, 14.0379648209, 17.9759483337, 30.194070816, 19.410572052, 15.8070840836, 17.8227310181, 15.6234397888, 20.2981624603, 16.7449207306, 17.1231842041, 17.58152771, 21.3629512787, 17.0940990448, 15.0613203049, 11.9116916656, 9.95424079895, 10.0175533295, 13.4805812836, 13.5601396561, 9.21915531158, 5.13831758499, 2.07726311684, 0.553673863411, 0.0296670105308, 0.00122330209706, 0.000163552933373, 4.45745863544e-05, 1.35120208142e-05, 1.97206209123e-05, 3.51035778294e-05],
        "min": [1.33266561598e-21, 2.52200441938e-21, 1.10347153873e-20, 1.11846652993e-20, 7.06672417272e-20, 6.54062825585e-20, 6.46719141956e-20, 1.61680334789e-19, 4.50089805902e-19, 9.90043479576e-19, 7.74704326191e-19, 6.86490011657e-19, 1.060125323e-18, 1.18603586071e-18, 2.60151321857e-18, 2.16918892578e-18, 1.95349248207e-18, 3.56556533913e-18, 2.97145589226e-18, 4.48902563908e-18, 4.91620445487e-18, 5.10886888161e-18, 6.9795076448e-18, 8.75626926669e-18, 8.87770517088e-18, 1.02520301899e-17, 1.43171117029e-17, 1.73359768316e-17, 1.82391472183e-17, 1.55696715999e-17, 1.33493327201e-17, 1.51569465245e-17, 1.18642424269e-17, 1.0618822753e-17, 8.2795642525e-18, 5.74963069464e-18, 2.87866359833e-18, 1.25843070792e-18, 2.83899992606e-19, 3.40748846159e-20],
        "var": [0.201428130269, 5.54626512527, 8.71495819092, 28.1869850159, 96.3990707397, 221.179016113, 486.082244873, 770.18762207, 1748.80895996, 2450.72265625, 4953.54541016, 11980.1884766, 27423.9316406, 15646.328125, 2826.2590332, 2496.19067383, 2806.26757812, 1845.07226562, 2416.2734375, 1639.67712402, 1371.10229492, 1106.15209961, 746.581848145, 881.059387207, 402.649658203, 318.94039917, 293.527557373, 603.720153809, 1120.26989746, 458.289581299, 139.328674316, 23.0964241028, 1.69874107838, 0.00989463832229, 1.03772736111e-05, 7.91444279002e-08, 3.08149927797e-09, 2.71180439215e-10, 1.5664923525e-10, 5.06605313255e-10]
    },
    "gfcc": {
        "mean": [-19.6326942444, 126.786247253, -180.592041016, 60.6885681152, -72.9339828491, 14.3671941757, -7.58716678619, -12.0532426834, 12.3172092438, -21.1820392609, 2.80276584625, -9.97428798676, 0.772220790386],
        "cov": [[5141.05517578, -1007.76623535, 830.804260254, 1053.10351562, -1278.50646973, 1008.33612061, -522.718078613, 180.728256226, 227.437072754, -246.14263916, 442.812988281, -147.052139282, 182.228378296], [-1007.76623535, 1151.08862305, 176.153305054, -95.1248397827, 686.238952637, -363.562927246, 193.399368286, -91.4540939331, -69.5225982666, 74.5101394653, -118.133293152, 45.7687034607, -33.3994941711], [830.804260254, 176.153305054, 1112.67749023, 732.334289551, -31.1479930878, 464.435089111, -116.644515991, 116.626853943, 95.5101089478, 9.79020500183, 166.088851929, -50.6479377747, 99.8180160522], [1053.10351562, -95.1248397827, 732.334289551, 723.358154297, -90.2472686768, 433.521911621, -113.086883545, 102.685295105, 113.848724365, -9.88570213318, 172.539703369, -18.9813518524, 85.9404754639], [-1278.50646973, 686.238952637, -31.1479930878, -90.2472686768, 739.551818848, -264.652648926, 233.047073364, -7.38668680191, -47.0313186646, 126.173034668, -114.091804504, 65.5305328369, -20.3480834961], [1008.33612061, -363.562927246, 464.435089111, 433.521911621, -264.652648926, 597.402648926, 14.6537265778, 182.914840698, 153.323303223, -41.1623725891, 170.445205688, -52.0943603516, 68.6846160889], [-522.718078613, 193.399368286, -116.644515991, -113.086883545, 233.047073364, 14.6537265778, 346.502502441, 89.1147766113, 76.7307434082, 55.1413269043, -23.6112918854, 49.9398384094, -24.2809810638], [180.728256226, -91.4540939331, 116.626853943, 102.685295105, -7.38668680191, 182.914840698, 89.1147766113, 171.916931152, 98.8179779053, 30.3146533966, 69.7350921631, -10.0086097717, 30.7881374359], [227.437072754, -69.5225982666, 95.5101089478, 113.848724365, -47.0313186646, 153.323303223, 76.7307434082, 98.8179779053, 177.689880371, 44.9838752747, 79.2687683105, 17.6228237152, 14.2071180344], [-246.14263916, 74.5101394653, 9.79020500183, -9.88570213318, 126.173034668, -41.1623725891, 55.1413269043, 30.3146533966, 44.9838752747, 122.620346069, 20.3849639893, 32.0722808838, 16.0756988525], [442.812988281, -118.133293152, 166.088851929, 172.539703369, -114.091804504, 170.445205688, -23.6112918854, 69.7350921631, 79.2687683105, 20.3849639893, 152.26373291, 26.352602005, 40.5399589539], [-147.052139282, 45.7687034607, -50.6479377747, -18.9813518524, 65.5305328369, -52.0943603516, 49.9398384094, -10.0086097717, 17.6228237152, 32.0722808838, 26.352602005, 96.9998703003, 27.2630310059], [182.228378296, -33.3994941711, 99.8180160522, 85.9404754639, -20.3480834961, 68.6846160889, -24.2809810638, 30.7881374359, 14.2071180344, 16.0756988525, 40.5399589539, 27.2630310059, 89.4073944092]],
        "icov": [[0.000796484702732, -0.00102131546009, 0.00110750307795, -0.00153220584616, 0.00173958204687, -0.00077223952394, 0.000580067513511, -0.000640097772703, 0.000309761060635, -0.000235213461565, -7.5816642493e-05, 0.000175428373041, -0.000427507533459], [-0.00102131546009, 0.00597916031256, -0.00469865184277, 0.00380180589855, -0.00588144268841, 0.00456803152338, -0.00314424466342, 0.00387606257573, -0.00247889594175, 0.0038650513161, -0.00277291773818, 0.00256037642248, -0.000954306684434], [0.00110750307795, -0.00469865184277, 0.00685498071834, -0.00606654491276, 0.00446558743715, -0.00418098038062, 0.00267205177806, -0.00278016994707, 0.0023375749588, -0.00348853762262, 0.00162622833159, -0.000258039654, -0.000326038629282], [-0.00153220584616, 0.00380180589855, -0.00606654491276, 0.00997898634523, -0.00622300710529, 0.000207933000638, 0.000280557578662, 0.0032642185688, -0.00313157308847, 0.00313702388667, -0.00238432968035, -0.000739625189453, 0.000340376514941], [0.00173958204687, -0.00588144268841, 0.00446558743715, -0.00622300710529, 0.0103636523709, -0.00235327915289, 0.000456135167042, -0.00485279411077, 0.00417187903076, -0.00587060628459, 0.00417771423236, -0.00256569404155, 0.000495597836562], [-0.00077223952394, 0.00456803152338, -0.00418098038062, 0.000207933000638, -0.00235327915289, 0.0110714230686, -0.0056863790378, 0.000424210040364, -0.00267060240731, 0.00522529892623, -0.00459784921259, 0.00595265068114, -0.0032283780165], [0.000580067513511, -0.00314424466342, 0.00267205177806, 0.000280557578662, 0.000456135167042, -0.0056863790378, 0.00971070863307, -0.00507296714932, -0.000940634810831, -0.00173288560472, 0.00399129232392, -0.00650318153203, 0.00388089311309], [-0.000640097772703, 0.00387606257573, -0.00278016994707, 0.0032642185688, -0.00485279411077, 0.000424210040364, -0.00507296714932, 0.0169620905071, -0.00528939953074, 0.00164046906866, -0.00591815123335, 0.00770169543102, -0.00504968315363], [0.000309761060635, -0.00247889594175, 0.0023375749588, -0.00313157308847, 0.00417187903076, -0.00267060240731, -0.000940634810831, -0.00528939953074, 0.0133536253124, -0.0062415022403, 0.000139886062243, -0.00342030706815, 0.00338990846649], [-0.000235213461565, 0.0038650513161, -0.00348853762262, 0.00313702388667, -0.00587060628459, 0.00522529892623, -0.00173288560472, 0.00164046906866, -0.0062415022403, 0.0171176679432, -0.00580485491082, 0.00257091340609, -0.00382103165612], [-7.5816642493e-05, -0.00277291773818, 0.00162622833159, -0.00238432968035, 0.00417771423236, -0.00459784921259, 0.00399129232392, -0.00591815123335, 0.000139886062243, -0.00580485491082, 0.0189294964075, -0.0104214400053, 0.0028159362264], [0.000175428373041, 0.00256037642248, -0.000258039654, -0.000739625189453, -0.00256569404155, 0.00595265068114, -0.00650318153203, 0.00770169543102, -0.00342030706815, 0.00257091340609, -0.0104214400053, 0.0236842799932, -0.010392608121], [-0.000427507533459, -0.000954306684434, -0.000326038629282, 0.000340376514941, 0.000495597836562, -0.0032283780165, 0.00388089311309, -0.00504968315363, 0.00338990846649, -0.00382103165612, 0.0028159362264, -0.010392608121, 0.0191627405584]]
    },
    "melbands": {
        "dmean": [0.00165800366085, 0.000872620730661, 0.000461132352939, 0.000367506436305, 0.000285094836727, 0.000224389426876, 0.000187784869922, 0.000196389664779, 0.000233031954849, 0.00021026104514, 0.000251796504017, 0.000141530457768, 6.11661744188e-05, 5.556056567e-05, 5.2039653383e-05, 3.68695727957e-05, 3.96923533117e-05, 2.81331485894e-05, 2.39102682826e-05, 2.17703163798e-05, 1.96582786884e-05, 1.95546981558e-05, 1.61177667906e-05, 1.1392826309e-05, 1.12405168693e-05, 7.50241315473e-06, 5.95352639721e-06, 4.93465768159e-06, 4.40512167188e-06, 5.15439887749e-06, 6.04096248935e-06, 6.41592578177e-06, 5.40917153558e-06, 3.72670660909e-06, 2.85504256681e-06, 1.72188129e-06, 9.26453083139e-07, 4.23831210128e-07, 9.79111121069e-08, 3.85883724974e-09],
        "dmean2": [0.00267659733072, 0.00135188631248, 0.000785618962254, 0.00062282057479, 0.000467635807581, 0.00036529704812, 0.000308217684506, 0.000322408945067, 0.000380189623684, 0.00033999257721, 0.000397218827857, 0.000225580879487, 0.000101337289379, 9.12199611776e-05, 8.45538670546e-05, 5.99844970566e-05, 6.66734267725e-05, 4.66054261778e-05, 3.89584383811e-05, 3.57352255378e-05, 3.26837434841e-05, 3.1791125366e-05, 2.62811536231e-05, 1.84096388693e-05, 1.80312836164e-05, 1.21652374219e-05, 9.72824727796e-06, 8.07803098724e-06, 7.15720943845e-06, 8.20107561594e-06, 9.47309945332e-06, 1.02353524198e-05, 8.63246623339e-06, 5.84720601182e-06, 4.44858596893e-06, 2.68645521828e-06, 1.42581870932e-06, 6.4456759219e-07, 1.46789460587e-07, 5.79217562802e-09],
        "dvar": [5.94199582338e-06, 2.58132354247e-06, 9.72919224296e-07, 6.05811294463e-07, 3.98308657168e-07, 2.96039331715e-07, 3.17976628139e-07, 2.65453678594e-07, 3.01884398368e-07, 2.72199173423e-07, 2.50046667816e-07, 1.17782157361e-07, 2.56741525817e-08, 1.34447324385e-08, 1.56087356373e-08, 6.80557654675e-09, 7.15814252317e-09, 5.98299809695e-09, 3.35033312204e-09, 2.81166823157e-09, 1.51365453505e-09, 8.10645994775e-10, 6.29284013787e-10, 3.07859238102e-10, 3.14557296877e-10, 1.54187204671e-10, 9.53851927998e-11, 1.49538784133e-10, 6.4124670851e-11, 1.0434706571e-10, 1.14741847967e-10, 2.14476242322e-10, 1.74893641236e-10, 6.50490772358e-11, 2.78261944736e-11, 9.52949698318e-12, 2.56065958368e-12, 5.10735008973e-13, 3.60757600279e-14, 2.06218323701e-16],
        "dvar2": [1.46021338878e-05, 6.14816644884e-06, 2.63582774096e-06, 1.61560228662e-06, 1.00555826066e-06, 7.19368358659e-07, 7.84579071933e-07, 6.89726391556e-07, 7.65589561524e-07, 6.63411299229e-07, 5.65286939036e-07, 2.83045295646e-07, 6.70065745112e-08, 3.41662591552e-08, 3.48793243177e-08, 1.67517519856e-08, 1.87894215742e-08, 1.49891654644e-08, 7.96304888695e-09, 7.11849912349e-09, 3.83900022882e-09, 2.07400119301e-09, 1.54499935068e-09, 7.79786735183e-10, 7.48514472626e-10, 3.86144560771e-10, 2.43006087475e-10, 4.11017941904e-10, 1.59745897066e-10, 2.39211955799e-10, 2.57436238993e-10, 4.62077959229e-10, 4.11801037714e-10, 1.5788099994e-10, 6.30184099348e-11, 2.1957257193e-11, 5.9223524522e-12, 1.16010109505e-12, 7.98411562016e-14, 4.20002980962e-16],
        "max": [0.0229809563607, 0.0161822494119, 0.0132826017216, 0.0151711367071, 0.0127754565328, 0.0112025374547, 0.0143469078466, 0.0130774462596, 0.0145543199033, 0.0106797777116, 0.0108243515715, 0.0127873206511, 0.00489458581433, 0.00310521177016, 0.0056308307685, 0.00292265112512, 0.00281527312472, 0.00253650243394, 0.00215792679228, 0.0016169330338, 0.00110978109296, 0.000414451322285, 0.000452347099781, 0.000335946475388, 0.000376595125999, 0.000350521499058, 0.00020402095106, 0.000609067035839, 0.000163310396601, 0.000527510477696, 0.000205916745472, 0.000371926522348, 0.000358337623766, 0.000264858477749, 0.000113694601168, 5.54195976292e-05, 2.65099897661e-05, 1.13814849101e-05, 5.471325494e-06, 4.42949158241e-07],
        "mean": [0.0027878601104, 0.00121372076683, 0.000532099453267, 0.000426188198617, 0.000348416215274, 0.000289289018838, 0.000237135405769, 0.000252769124927, 0.000305810273858, 0.00031144413515, 0.000437162205344, 0.000243574861088, 9.52218906605e-05, 8.65392357809e-05, 8.1573962234e-05, 5.85653870075e-05, 5.97652287979e-05, 4.2823561671e-05, 3.73446528101e-05, 3.48155663232e-05, 3.10902250931e-05, 3.34702926921e-05, 2.78357711068e-05, 2.12429094972e-05, 2.04628431675e-05, 1.38851519296e-05, 1.04574173747e-05, 9.0618723334e-06, 8.20311834104e-06, 9.93424691842e-06, 1.19367832667e-05, 1.25225697047e-05, 1.02779922599e-05, 7.2382504186e-06, 5.37459118277e-06, 3.18658976539e-06, 1.79263224709e-06, 8.18071555386e-07, 1.66239090049e-07, 4.75371697561e-09],
        "median": [0.00148515054025, 0.000593586650211, 0.00017251605459, 0.000135242051329, 0.000102192316263, 9.71474219114e-05, 7.21566393622e-05, 9.20547536225e-05, 0.000112962494313, 0.000106211104139, 0.000147492974065, 7.50964827603e-05, 4.66927449452e-05, 4.75601082144e-05, 3.8290349039e-05, 2.98104750982e-05, 3.5916458728e-05, 2.46493473242e-05, 2.23868482863e-05, 2.04302832572e-05, 1.90675164049e-05, 2.1648922484e-05, 1.6852563931e-05, 1.25895257952e-05, 1.14801459858e-05, 8.50794458529e-06, 6.85937538947e-06, 6.1192567955e-06, 5.6389267229e-06, 6.60045952827e-06, 7.87522549217e-06, 7.66868106439e-06, 6.1948126131e-06, 4.54422706753e-06, 3.14023463943e-06, 1.78854168098e-06, 1.03915306227e-06, 4.70455177037e-07, 6.33086685298e-08, 4.7740272846e-10],
        "min": [1.02064188647e-23, 7.43212285649e-24, 4.23420538675e-24, 6.36280691111e-24, 2.20253889321e-24, 4.08813595723e-24, 7.07409360149e-24, 9.73801613613e-24, 5.50985973481e-24, 3.27079855384e-24, 4.57063523573e-24, 4.27425940478e-24, 9.14639964507e-24, 6.44152181881e-24, 3.58203908804e-24, 4.27929075963e-24, 7.13268624523e-24, 3.45859773916e-24, 5.58072823752e-24, 5.50269096133e-24, 5.5600368104e-24, 3.58232307797e-24, 7.28291376057e-24, 6.71104719113e-24, 5.97460648749e-24, 5.33361874225e-24, 7.63869791744e-24, 5.60189968649e-24, 7.14768801306e-24, 5.50622111388e-24, 9.34321570776e-24, 9.84691996182e-24, 9.37447747657e-24, 6.75271719073e-24, 7.77777409503e-24, 6.78620591388e-24, 9.07014203908e-24, 7.41962651089e-24, 9.36625754594e-24, 8.59066054798e-24],
        "var": [1.24010339277e-05, 3.71974010704e-06, 9.5228523378e-07, 6.82161214627e-07, 5.05670243456e-07, 3.81701028118e-07, 3.77466022883e-07, 2.98335379512e-07, 3.7068255665e-07, 5.04342665408e-07, 7.41582482533e-07, 3.39215773693e-07, 3.62043621749e-08, 1.76167240795e-08, 3.15429176112e-08, 1.00013757276e-08, 7.96868171449e-09, 7.41669969884e-09, 4.43543157758e-09, 3.63411434279e-09, 1.93996552156e-09, 1.43773903893e-09, 1.09277864535e-09, 6.40350938941e-10, 7.05432157133e-10, 3.55993318157e-10, 1.52903398276e-10, 1.53241586087e-10, 1.01702729571e-10, 1.88305857018e-10, 2.3871246646e-10, 4.30434909937e-10, 2.98312069491e-10, 1.07318279263e-10, 5.94895382955e-11, 2.03818281697e-11, 5.88256049774e-12, 1.22341069567e-12, 7.70759392183e-14, 3.15230061114e-16]
    },
    "mfcc": {
        "mean": [-623.751525879, 116.292381287, -30.974193573, 32.4350242615, -23.5170764923, 24.0088157654, -15.9289007187, 23.7325077057, -3.59214115143, 12.6528635025, -3.57950973511, 8.59398841858, -8.92649745941],
        "cov": [[4132.11572266, -1190.41479492, 1128.28417969, 145.964889526, -342.317749023, 405.615753174, -430.599243164, 406.41607666, -409.597869873, 345.937133789, -199.803741455, 195.117401123, -218.574630737], [-1190.41479492, 1083.80944824, -309.592346191, 143.944915771, 243.775085449, -115.392478943, 189.300552368, -143.044219971, 147.094528198, -158.624420166, 75.7238006592, -59.3727264404, 72.5762939453], [1128.28417969, -309.592346191, 1252.02233887, 325.097290039, 255.341323853, 340.767852783, -10.7626619339, 198.774795532, -96.7815551758, 220.891036987, -60.6747245789, 127.985229492, -49.3897285461], [145.964889526, 143.944915771, 325.097290039, 376.073608398, 231.647094727, 141.038375854, 37.6795120239, 37.4072418213, 4.20958280563, 25.0285053253, 6.43436336517, 42.1991119385, 26.3474349976], [-342.317749023, 243.775085449, 255.341323853, 231.647094727, 443.691955566, 49.3423309326, 141.116943359, -54.9259719849, 70.7620849609, -5.67956256866, -5.57376050949, 36.6824531555, 30.901845932], [405.615753174, -115.392478943, 340.767852783, 141.038375854, 49.3423309326, 261.999420166, 30.2628669739, 156.533660889, 6.8277797699, 117.323303223, 22.250825882, 52.1714553833, 4.43244361877], [-430.599243164, 189.300552368, -10.7626619339, 37.6795120239, 141.116943359, 30.2628669739, 236.70501709, 36.2115440369, 113.980674744, 15.583158493, 51.1560440063, 9.80406856537, 32.7684631348], [406.41607666, -143.044219971, 198.774795532, 37.4072418213, -54.9259719849, 156.533660889, 36.2115440369, 246.851470947, 23.2286128998, 133.004333496, 52.6146469116, 47.5101203918, -11.5282936096], [-409.597869873, 147.094528198, -96.7815551758, 4.20958280563, 70.7620849609, 6.8277797699, 113.980674744, 23.2286128998, 172.029388428, 30.45378685, 65.0983963013, 6.83884477615, 42.5151596069], [345.937133789, -158.624420166, 220.891036987, 25.0285053253, -5.67956256866, 117.323303223, 15.583158493, 133.004333496, 30.45378685, 195.342636108, 49.9073867798, 62.9436683655, -0.75969594717], [-199.803741455, 75.7238006592, -60.6747245789, 6.43436336517, -5.57376050949, 22.250825882, 51.1560440063, 52.6146469116, 65.0983963013, 49.9073867798, 137.056472778, 26.2486171722, 42.6492652893], [195.117401123, -59.3727264404, 127.985229492, 42.1991119385, 36.6824531555, 52.1714553833, 9.80406856537, 47.5101203918, 6.83884477615, 62.9436683655, 26.2486171722, 98.4328079224, 19.120349884], [-218.574630737, 72.5762939453, -49.3897285461, 26.3474349976, 30.901845932, 4.43244361877, 32.7684631348, -11.5282936096, 42.5151596069, -0.75969594717, 42.6492652893, 19.120349884, 99.2615966797]],
