{
"lowlevel": {
    "average_loudness": 0.943893969059,
    "barkbands_crest": {
        "dmean": 2.97922801971,
        "dmean2": 4.98638105392,
        "dvar": 6.99840402603,
        "dvar2": 18.7035121918,
        "max": 24.6044235229,
        "mean": 9.37025260925,
        "median": 8.67998790741,
        "min": 2.28609395027,
        "var": 14.3902463913
    },
    "barkbands_flatness_db": {
        "dmean": 0.0230438113213,
        "dmean2": 0.0373943261802,
        "dvar": 0.000438770279288,
        "dvar2": 0.00115856248885,
        "max": 0.442777901888,
        "mean": 0.177981123328,
        "median": 0.171746179461,
        "min": 0.0307386741042,
        "var": 0.00179361971095
    },
    "barkbands_kurtosis": {
        "dmean": 2.74479293823,
        "dmean2": 4.502846241,
        "dvar": 23.0609130859,
        "dvar2": 60.5070610046,
        "max": 145.78868103,
        "mean": 3.42056798935,
        "median": 1.63388109207,
        "min": -1.81917929649,
        "var": 35.9826011658
    },
    "barkbands_skewness": {
        "dmean": 0.577169120312,
        "dmean2": 0.919493198395,
        "dvar": 0.354528844357,
        "dvar2": 0.855454742908,
        "max": 10.52485466,
        "mean": 1.52478444576,
        "median": 1.36934900284,
        "min": -1.95706129074,
        "var": 1.10355472565
    },
    "barkbands_spread": {
        "dmean": 5.86321973801,
        "dmean2": 9.33207035065,
        "dvar": 38.1151123047,
        "dvar2": 86.1576156616,
        "max": 79.3653259277,
        "mean": 21.9323978424,
        "median": 20.1332302094,
        "min": 0.881828606129,
        "var": 117.731636047
    },
    "dissonance": {
        "dmean": 0.0180078800768,
        "dmean2": 0.0306735727936,
        "dvar": 0.000296247104416,
        "dvar2": 0.000799520756118,
        "max": 0.500000119209,
        "mean": 0.471509456635,
        "median": 0.477803200483,
        "min": 0.286317527294,
        "var": 0.000549048418179
    },
    "dynamic_complexity": 2.49756741524,
    "erbbands_crest": {
        "dmean": 2.98247265816,
        "dmean2": 4.88930082321,
        "dvar": 8.15508556366,
        "dvar2": 20.1203479767,
        "max": 30.169172287,
        "mean": 8.65241909027,
        "median": 7.45319128036,
        "min": 2.27458643913,
        "var": 20.0483016968
    },
    "erbbands_flatness_db": {
        "dmean": 0.0152967721224,
        "dmean2": 0.0235456526279,
        "dvar": 0.000196660592337,
        "dvar2": 0.000435127993114,
        "max": 0.372855812311,
        "mean": 0.1983833462,
        "median": 0.193755120039,
        "min": 0.0931259542704,
        "var": 0.00150902511086
    },
    "erbbands_kurtosis": {
        "dmean": 0.803446352482,
        "dmean2": 1.30786466599,
        "dvar": 1.1533190012,
        "dvar2": 2.87462210655,
        "max": 14.8245258331,
        "mean": 0.0997873470187,
        "median": -0.296147108078,
        "min": -1.77843296528,
        "var": 2.23536419868
    },
    "erbbands_skewness": {
        "dmean": 0.372664421797,
        "dmean2": 0.585458934307,
        "dvar": 0.106484182179,
        "dvar2": 0.253636240959,
        "max": 3.13203668594,
        "mean": 0.406852126122,
        "median": 0.374745935202,
        "min": -2.6108751297,
        "var": 0.3701839149
    },
    "erbbands_spread": {
        "dmean": 8.75112915039,
        "dmean2": 13.391292572,
        "dvar": 76.5887832642,
        "dvar2": 158.587097168,
        "max": 143.318664551,
        "mean": 41.3190231323,
        "median": 37.6968994141,
        "min": 6.05938863754,
        "var": 381.479156494
    },
    "hfc": {
        "dmean": 6.44546604156,
        "dmean2": 9.89312839508,
        "dvar": 50.4330596924,
        "dvar2": 115.300270081,
        "max": 90.9832611084,
        "mean": 23.5747966766,
        "median": 22.7959766388,
        "min": 1.1587406748e-16,
        "var": 199.242919922
    },
    "melbands_crest": {
        "dmean": 3.81321620941,
        "dmean2": 6.30150079727,
        "dvar": 10.0277528763,
        "dvar2": 26.3750991821,
        "max": 33.7960166931,
        "mean": 14.0127801895,
        "median": 13.2942037582,
        "min": 1.73184967041,
        "var": 25.3283576965
    },
    "melbands_flatness_db": {
        "dmean": 0.0291724391282,
        "dmean2": 0.0459068976343,
        "dvar": 0.000732295331545,
        "dvar2": 0.00176663091406,
        "max": 0.57824075222,
        "mean": 0.207466989756,
        "median": 0.198352083564,
        "min": 0.00460849888623,
        "var": 0.00427937554196
    },
    "melbands_kurtosis": {
        "dmean": 7.55760383606,
        "dmean2": 12.2717599869,
        "dvar": 147.092224121,
        "dvar2": 361.960418701,
        "max": 330.124237061,
        "mean": 12.9846334457,
        "median": 7.40255355835,
        "min": -1.25981032848,
        "var": 299.991027832
    },
    "melbands_skewness": {
        "dmean": 0.853916585445,
        "dmean2": 1.34770727158,
        "dvar": 0.778244435787,
        "dvar2": 1.81231498718,
        "max": 15.5284700394,
        "mean": 2.65946292877,
        "median": 2.36365675926,
        "min": -1.0635612011,
        "var": 2.69461512566
    },
    "melbands_spread": {
        "dmean": 7.05040025711,
        "dmean2": 11.2844724655,
        "dvar": 56.6805953979,
        "dvar2": 136.908874512,
        "max": 159.523986816,
        "mean": 22.5469646454,
        "median": 20.0027217865,
        "min": 0.723035693169,
        "var": 174.321060181
    },
    "pitch_salience": {
        "dmean": 0.0808786973357,
        "dmean2": 0.134006217122,
        "dvar": 0.00488049676642,
        "dvar2": 0.0128644052893,
        "max": 0.924249529839,
        "mean": 0.561239242554,
        "median": 0.560919225216,
        "min": 0.142489507794,
        "var": 0.0135110719129
    },
    "silence_rate_20dB": {
        "dmean": 0,
        "dmean2": 0,
        "dvar": 0,
        "dvar2": 0,
        "max": 1,
        "mean": 1,
        "median": 1,
        "min": 1,
        "var": 0
    },
    "silence_rate_30dB": {
        "dmean": 0.0255607720464,
        "dmean2": 0.0511282123625,
        "dvar": 0.0249090306461,
        "dvar2": 0.0706913024187,
        "max": 1,
        "mean": 0.985526144505,
        "median": 1,
        "min": 0,
        "var": 0.0142628531903
    },
    "silence_rate_60dB": {
        "dmean": 0.00573813263327,
        "dmean2": 0.0114777619019,
        "dvar": 0.00570573983714,
        "dvar2": 0.0134316775948,
        "max": 1,
        "mean": 0.0391185283661,
        "median": 0,
        "min": 0,
        "var": 0.0375842563808
    },
    "spectral_centroid": {
        "dmean": 265.596405029,
        "dmean2": 422.733825684,
        "dvar": 68278.7265625,
        "dvar2": 155845.953125,
        "max": 11732.1220703,
        "mean": 1376.33081055,
        "median": 1322.63464355,
        "min": 264.600280762,
        "var": 310112.9375
    },
    "spectral_complexity": {
        "dmean": 4.19144487381,
        "dmean2": 6.37367963791,
        "dvar": 15.7075071335,
        "dvar2": 30.5174064636,
        "max": 55,
        "mean": 23.6834011078,
        "median": 23,
        "min": 0,
        "var": 107.519477844
    },
    "spectral_decrease": {
        "dmean": 4.09763245557e-09,
        "dmean2": 6.57209309196e-09,
        "dvar": 3.26882058095e-17,
        "dvar2": 8.02241778829e-17,
        "max": 1.46331242358e-28,
        "mean": -9.39145472501e-09,
        "median": -8.14720824138e-09,
        "min": -5.13139859493e-08,
        "var": 4.87807597813e-17
    },
    "spectral_energy": {
        "dmean": 0.0158700868487,
        "dmean2": 0.025377061218,
        "dvar": 0.0004772132379,
        "dvar2": 0.00116867909674,
        "max": 0.199110254645,
        "mean": 0.0375837571919,
        "median": 0.0330299846828,
        "min": 1.0317041694e-20,
        "var": 0.000736659683753
    },
    "spectral_energyband_high": {
        "dmean": 0.000362500402844,
        "dmean2": 0.000546877970919,
        "dvar": 3.28184967202e-07,
        "dvar2": 7.43789144053e-07,
        "max": 0.00849976669997,
        "mean": 0.00106501427945,
        "median": 0.000846994807944,
        "min": 7.43532053888e-21,
        "var": 9.55115297074e-07
    },
    "spectral_energyband_low": {
        "dmean": 0.0116410208866,
        "dmean2": 0.0194659791887,
        "dvar": 0.000441327050794,
        "dvar2": 0.00112103566062,
        "max": 0.159242123365,
        "mean": 0.0170520115644,
        "median": 0.011925577186,
        "min": 5.92122971318e-23,
        "var": 0.000439335562987
    },
    "spectral_energyband_middle_high": {
        "dmean": 0.00248516048305,
        "dmean2": 0.00383466435596,
        "dvar": 1.24128919197e-05,
        "dvar2": 3.05682660837e-05,
        "max": 0.0527184307575,
        "mean": 0.00649019610137,
        "median": 0.00469260010868,
        "min": 1.42166114202e-21,
        "var": 3.39893304044e-05
    },
    "spectral_energyband_middle_low": {
        "dmean": 0.00697353761643,
        "dmean2": 0.0112773915753,
        "dvar": 6.83301113895e-05,
        "dvar2": 0.000170138824615,
        "max": 0.0833244249225,
        "mean": 0.0152986990288,
        "median": 0.0119794458151,
        "min": 2.75151755489e-22,
        "var": 0.00015385185543
    },
    "spectral_entropy": {
        "dmean": 0.120944358408,
        "dmean2": 0.187600642443,
        "dvar": 0.011925094761,
        "dvar2": 0.0264567658305,
        "max": 9.79826164246,
        "mean": 7.68549013138,
        "median": 7.71200609207,
        "min": 6.08403253555,
        "var": 0.0710560828447
    },
    "spectral_flux": {
        "dmean": 0.0314568318427,
        "dmean2": 0.0484261214733,
        "dvar": 0.00131284224335,
        "dvar2": 0.00264014932327,
        "max": 0.385880738497,
        "mean": 0.113702304661,
        "median": 0.103749103844,
        "min": 6.71796576701e-11,
        "var": 0.00336051220074
    },
    "spectral_kurtosis": {
        "dmean": 1.43593275547,
        "dmean2": 2.51954388618,
        "dvar": 2.71614027023,
        "dvar2": 8.28963947296,
        "max": 49.0040969849,
        "mean": 1.76827645302,
        "median": 1.21626329422,
        "min": -1.33357918262,
        "var": 5.77908658981
    },
    "spectral_rms": {
        "dmean": 0.00115339946933,
        "dmean2": 0.0017926330911,
        "dvar": 1.61378852681e-06,
        "dvar2": 3.74171145268e-06,
        "max": 0.0139375003055,
        "mean": 0.00566916586831,
        "median": 0.00567665183917,
        "min": 3.17260258863e-12,
        "var": 4.52756466984e-06
    },
    "spectral_rolloff": {
        "dmean": 499.388824463,
        "dmean2": 831.643615723,
        "dvar": 597722.1875,
        "dvar2": 1367506.125,
        "max": 19035.3515625,
        "mean": 1321.48425293,
        "median": 990.52734375,
        "min": 64.599609375,
        "var": 1348081.125
    },
    "spectral_skewness": {
        "dmean": 0.201330855489,
        "dmean2": 0.335332214832,
        "dvar": 0.0309233684093,
        "dvar2": 0.0837190896273,
        "max": 4.84088373184,
        "mean": 0.942011237144,
        "median": 0.914988338947,
        "min": -0.272338807583,
        "var": 0.120199389756
    },
    "spectral_spread": {
        "dmean": 304929.71875,
        "dmean2": 440730.46875,
        "dvar": 210261803008,
        "dvar2": 260671930368,
        "max": 41020032,
        "mean": 3789048.25,
        "median": 3686416.5,
        "min": 1302663.125,
        "var": 1.3886390272e+12
    },
    "spectral_strongpeak": {
        "dmean": 0.594940721989,
        "dmean2": 1.02757406235,
        "dvar": 0.718506097794,
        "dvar2": 1.82519006729,
        "max": 8.68754482269,
        "mean": 0.862026035786,
        "median": 0.482302188873,
        "min": 0,
        "var": 1.00371134281
    },
    "zerocrossingrate": {
        "dmean": 0.00890769436955,
        "dmean2": 0.0110401110724,
        "dvar": 9.13396943361e-05,
        "dvar2": 0.000137730923598,
        "max": 0.51904296875,
        "mean": 0.0559675730765,
        "median": 0.05224609375,
        "min": 0.0048828125,
        "var": 0.000698528427165
    },
    "barkbands": {
        "dmean": [0.000418024748797, 0.00747185759246, 0.00485578877851, 0.00236159702763, 0.00223667593673, 0.00167920032982, 0.000975812843535, 0.00163797487039, 0.00191627652384, 0.00130185578018, 0.000641264778096, 0.000473614956718, 0.000363499158993, 0.000447409809567, 0.000346453103703, 0.000255930615822, 0.000225425406825, 0.000169653969351, 0.000145385565702, 0.000119659693155, 0.000123252539197, 0.000132775283419, 0.000103262471384, 5.38814929314e-05, 6.02615500611e-07, 1.58211777013e-09, 1.46208845031e-09],
        "dmean2": [0.000706524122506, 0.0126575948671, 0.00857263244689, 0.00402436638251, 0.00370827689767, 0.00275265518576, 0.00157833890989, 0.00270178262144, 0.00317653571256, 0.00212044129148, 0.00105220056139, 0.000782723422162, 0.000600951781962, 0.00073621730553, 0.000559969164897, 0.000403850397561, 0.000360546517186, 0.000271737022558, 0.000232989201322, 0.000188761914615, 0.000198189314688, 0.000208213488804, 0.000156760506798, 7.997819921e-05, 9.36805804486e-07, 2.84343126822e-09, 2.6932689412e-09],
        "dvar": [8.65116703608e-07, 0.000234239079873, 7.95278392616e-05, 1.23622257888e-05, 1.38418809001e-05, 1.08651220216e-05, 5.38392805538e-06, 1.07599553303e-05, 1.57932427101e-05, 7.16585282134e-06, 2.21487357521e-06, 1.28318049519e-06, 5.48972138859e-07, 7.94636662249e-07, 5.78708750254e-07, 2.85147194745e-07, 1.65824204146e-07, 7.73193065129e-08, 4.66934153565e-08, 2.58006664922e-08, 3.07162615343e-08, 4.37945111287e-08, 4.64895997254e-08, 2.11090149804e-08, 6.54693183347e-12, 2.90155966817e-17, 1.07057453733e-17],
        "dvar2": [2.28544718084e-06, 0.000590015319176, 0.000228919583606, 3.26753324771e-05, 3.62127975677e-05, 2.69745414698e-05, 1.30354746943e-05, 2.71177777904e-05, 4.15110553149e-05, 1.78827303898e-05, 5.61234173801e-06, 3.36791322297e-06, 1.41119483033e-06, 2.11599353861e-06, 1.48164394886e-06, 6.48834316053e-07, 4.1555810526e-07, 1.85603695968e-07, 1.19524472098e-07, 6.37966195427e-08, 7.6129438753e-08, 1.04935033107e-07, 1.05803998451e-07, 4.62845157756e-08, 1.51508649376e-11, 7.48340638707e-17, 2.96197330051e-17],
        "max": [0.0215421970934, 0.120721139014, 0.103896692395, 0.0381519682705, 0.0411244928837, 0.0470242239535, 0.0405814349651, 0.0491206645966, 0.0648188143969, 0.0461113527417, 0.0253205802292, 0.0222079753876, 0.0144284833223, 0.0165406651795, 0.0196258798242, 0.0116814225912, 0.00880836881697, 0.0056736744009, 0.00533458124846, 0.00281518534757, 0.00343204126693, 0.00312288035639, 0.00382993929088, 0.00238261045888, 6.66494233883e-05, 2.9687538472e-07, 1.5974997325e-07],
        "mean": [0.000460621202365, 0.00824342761189, 0.00636883173138, 0.0031167564448, 0.00309348828159, 0.00227325060405, 0.00129327434115, 0.00227669859305, 0.00254455464892, 0.00185699714348, 0.000900155398995, 0.000689074047841, 0.000567620503716, 0.000691774184816, 0.000547634030227, 0.000430252635852, 0.000403359968914, 0.000338036712492, 0.000300043029711, 0.00027352682082, 0.000291020463919, 0.000316430698149, 0.000209822886973, 9.6441093774e-05, 6.77073785482e-07, 1.56316615207e-09, 1.49441525821e-09],
        "median": [0.000124482670799, 0.00374340126291, 0.00349862733856, 0.0018194608856, 0.00165733986069, 0.00087305897614, 0.000441189971752, 0.000735253561288, 0.000943842635024, 0.000660359743051, 0.000296575395623, 0.000308309769025, 0.000264597940259, 0.000325815373799, 0.000266560673481, 0.00020854898321, 0.000231609708862, 0.000214845349547, 0.000222498027142, 0.000195649001398, 0.00022069622355, 0.000215035659494, 0.000123402860481, 4.37466405856e-05, 3.71575517022e-08, 7.41201489074e-10, 7.75076225423e-10],
        "min": [5.53826799651e-25, 1.01715141362e-23, 3.53114115135e-23, 1.00311899807e-23, 4.73493058649e-23, 2.57658553501e-23, 5.124715595e-23, 7.53917522563e-24, 3.56693808151e-23, 3.0888375703e-23, 5.44070487464e-23, 4.78908841199e-23, 6.46465390268e-23, 8.76845212553e-23, 1.2834639448e-22, 1.53336018588e-22, 1.14814224025e-22, 1.93976542082e-22, 2.32336752688e-22, 3.47126995341e-22, 3.31472486129e-22, 4.72480729226e-22, 4.75809495054e-22, 6.17537229785e-22, 1.08893894875e-21, 1.49584506619e-21, 2.44074200213e-21],
        "var": [1.20193226394e-06, 0.000205098549486, 7.2286973591e-05, 1.51659451149e-05, 1.89199527085e-05, 1.68659007613e-05, 8.48410218168e-06, 1.81694176717e-05, 2.23214810831e-05, 1.17443623822e-05, 3.1386041428e-06, 1.62130868375e-06, 8.39213726067e-07, 1.26093857489e-06, 8.24805056254e-07, 5.10564007072e-07, 3.06046331389e-07, 1.6959664606e-07, 8.51245047784e-08, 7.35869747359e-08, 8.44546477197e-08, 1.12609562564e-07, 9.25719305656e-08, 3.92959158546e-08, 8.19217176734e-12, 1.70694675101e-17, 6.56296058143e-18]
    },
    "erbbands": {
        "dmean": [0.218608140945, 1.75337541103, 5.04973268509, 7.2292637825, 5.72614240646, 7.44938611984, 15.5370349884, 12.1241340637, 11.4937171936, 21.3831825256, 38.3683242798, 44.1098518372, 42.6067085266, 32.2508239746, 24.5032367706, 17.4057998657, 15.5962457657, 21.078540802, 19.235458374, 14.1903123856, 12.6746520996, 11.2535963058, 9.58284091949, 6.53444290161, 7.13260984421, 5.48720312119, 5.65138673782, 4.52153873444, 5.01774930954, 4.07383346558, 2.74224710464, 1.75882446766, 0.504824578762, 0.0330443419516, 0.00105188146699, 9.13275871426e-05, 1.8107919459e-05, 4.82054110762e-06, 7.85088832345e-06, 1.76272315002e-05],
        "dmean2": [0.374680817127, 2.99893927574, 8.94662475586, 12.3657865524, 9.72430038452, 12.4643440247, 25.0938110352, 20.1370887756, 19.0024662018, 34.4859962463, 63.1112976074, 72.7169494629, 68.9817352295, 52.7027702332, 40.1331596375, 28.7233200073, 25.7136516571, 34.5741500854, 31.2988948822, 21.8297100067, 20.1223678589, 17.8895702362, 15.0042390823, 10.401143074, 11.4146642685, 8.67992305756, 8.96284580231, 7.28586864471, 7.95842075348, 6.31880378723, 4.14473104477, 2.64016604424, 0.718823730946, 0.0468586608768, 0.0014820236247, 0.000129809646751, 2.6106768928e-05, 7.10297399564e-06, 1.22822921185e-05, 2.80515250779e-05],
        "dvar": [0.221334829926, 12.9616880417, 94.3939437866, 115.410865784, 103.760223389, 156.195709229, 963.672302246, 703.715087891, 679.168823242, 2134.61230469, 5849.92382812, 9275.90722656, 9220.5703125, 5260.12890625, 4149.86816406, 1417.58312988, 1010.4085083, 2177.47924805, 1356.7154541, 1007.16967773, 612.458740234, 404.720733643, 236.797927856, 72.0198440552, 141.50932312, 57.059589386, 69.4285583496, 45.1052627563, 67.3910827637, 57.9475021362, 35.2394371033, 22.412569046, 1.93500387669, 0.00933343265206, 8.67252765602e-06, 5.19723855064e-08, 1.40406908322e-09, 9.06258679212e-11, 9.57625923004e-11, 5.6115562197e-10],
        "dvar2": [0.574251949787, 33.4550170898, 271.33682251, 323.11706543, 272.947998047, 406.753356934, 2377.37646484, 1805.15075684, 1746.09301758, 5160.21582031, 14859.5566406, 23829.3085938, 23341.8984375, 13922.7890625, 10824.0068359, 3660.86181641, 2676.0769043, 5895.43554688, 3540.21411133, 2311.88256836, 1469.71862793, 976.209533691, 550.033752441, 177.94229126, 363.293945312, 140.993164062, 169.498855591, 115.157249451, 166.210922241, 137.987304688, 79.7384643555, 50.3356552124, 4.11010837555, 0.0195508170873, 1.78187765414e-05, 1.06912267483e-07, 2.98162228241e-09, 1.95647942292e-10, 2.31922162031e-10, 1.36984468213e-09],
        "max": [4.34775972366, 26.8928337097, 106.845123291, 104.249183655, 133.126739502, 149.764358521, 417.348419189, 513.081481934, 437.393280029, 737.495666504, 1275.57189941, 1940.68969727, 1866.5657959, 1814.34643555, 1026.38061523, 825.578613281, 681.470458984, 1053.40393066, 1164.81652832, 683.492004395, 645.094970703, 552.858337402, 284.852264404, 144.915878296, 298.681213379, 156.412261963, 178.334320068, 131.896072388, 151.215988159, 144.227005005, 112.211715698, 73.4897766113, 25.2034397125, 1.99929094315, 0.0582868345082, 0.00357488542795, 0.000583266664762, 0.000161368923727, 9.50649700826e-05, 0.000221642345423],
        "mean": [0.213814482093, 1.96741449833, 6.64038801193, 10.3452768326, 7.77782249451, 10.0041093826, 21.1067333221, 15.7639656067, 15.1368789673, 30.3753948212, 55.092414856, 59.5280036926, 60.7788848877, 49.3058166504, 37.234992981, 27.9639129639, 26.4331912994, 35.2766914368, 32.7125740051, 24.8044338226, 23.4663791656, 22.1690177917, 20.0857448578, 14.7310724258, 14.7820549011, 12.7815189362, 13.2054185867, 10.7170810699, 11.631975174, 8.91812896729, 5.53087997437, 3.16745114326, 0.892160534859, 0.0551464743912, 0.00195381301455, 0.000208566474612, 5.03252194903e-05, 1.39820986078e-05, 2.24563827942e-05, 4.47303937108e-05],
        "median": [0.0738246291876, 0.940955519676, 3.77174091339, 6.68577623367, 4.99370718002, 5.0764799118, 6.87803936005, 6.62943220139, 6.40314626694, 11.1821689606, 19.3811664581, 23.6992549896, 23.3496303558, 18.6216220856, 14.7478342056, 13.6215305328, 13.5885667801, 16.5681972504, 17.8814029694, 12.4235801697, 12.3324756622, 13.3424625397, 12.9815664291, 10.8536367416, 10.7141704559, 9.31205749512, 9.10787391663, 8.55739688873, 7.83152532578, 5.75489807129, 3.22721862793, 1.54146277905, 0.368768781424, 0.0167940426618, 0.000786829739809, 0.000120061959024, 3.73324473912e-05, 1.08491176434e-05, 2.07910470635e-05, 4.00964781875e-05],
        "min": [2.11647935126e-22, 2.74208979617e-21, 3.36738571151e-20, 3.22292152559e-20, 6.83925532038e-20, 1.2040283315e-19, 1.90493038852e-19, 2.52876170142e-19, 7.02852419655e-19, 6.04483532524e-19, 2.64508294109e-19, 9.05105162159e-19, 1.24342575501e-18, 1.87741564716e-18, 1.99852005872e-18, 1.88772252439e-18, 2.95399845223e-18, 3.93394278031e-18, 5.41447530841e-18, 6.91239930889e-18, 8.45499023526e-18, 6.43297452484e-18, 1.01089792291e-17, 7.73279290451e-18, 9.67395336442e-18, 1.64351969969e-17, 1.30109827624e-17, 1.36440100231e-17, 1.52116943005e-17, 1.50582241728e-17, 1.35329188396e-17, 1.23827192348e-17, 1.16071472479e-17, 1.11922905281e-17, 7.88583207118e-18, 4.81160250333e-18, 3.04321898028e-18, 1.19517444872e-18, 3.33346419782e-19, 3.20166459943e-20],
        "var": [0.182484790683, 10.9435501099, 80.3932418823, 136.807159424, 109.062156677, 211.216888428, 1627.9831543, 914.38684082, 852.452819824, 3658.08349609, 10071.3671875, 12405.1484375, 14840.1972656, 8931.671875, 5418.03320312, 2178.88647461, 1568.21057129, 3726.56347656, 2060.05419922, 1705.73413086, 1202.42248535, 821.782287598, 568.013183594, 190.135742188, 229.4349823, 158.105117798, 210.945831299, 98.1919631958, 160.044586182, 121.902420044, 67.8613815308, 39.2807006836, 3.75244522095, 0.0176813174039, 1.75089226104e-05, 1.13637582899e-07, 3.27364468866e-09, 2.13133594107e-10, 1.95477148357e-10, 9.26370480325e-10]
    },
    "gfcc": {
        "mean": [-12.7140846252, 142.659515381, -165.509063721, 65.4486236572, -73.0390625, 14.6669740677, -9.17239952087, -15.8333263397, 10.5550079346, -25.9882125854, 0.682526350021, -18.5020980835, -3.27640247345],
        "cov": [[4422.19775391, -192.45375061, 445.36920166, 654.063598633, -535.111206055, 378.992004395, -468.665374756, 8.21160316467, -50.141998291, -192.49017334, 189.244018555, -197.066726685, 136.327606201], [-192.45375061, 988.523010254, 344.956604004, 46.8146705627, 472.811767578, -204.012451172, 237.868164062, -34.0638923645, 58.6969871521, -0.218317240477, -40.1293106079, 59.0613250732, -20.1506519318], [445.36920166, 344.956604004, 914.336242676, 437.616546631, 80.4123382568, 80.3445892334, -119.013954163, 0.691500604153, -12.2894191742, -4.36796379089, 28.234172821, -6.63049602509, 36.2643966675], [654.063598633, 46.8146705627, 437.616546631, 402.792663574, 10.7591514587, 108.248703003, -130.120620728, -18.7913970947, 6.45246839523, -11.4114551544, 38.9656410217, -19.9269714355, 36.7438240051], [-535.111206055, 472.811767578, 80.4123382568, 10.7591514587, 463.333557129, -58.8962211609, 208.101806641, 20.2917747498, 47.2500152588, 48.6833763123, -42.2958335876, 51.8316612244, -11.8712301254], [378.992004395, -204.012451172, 80.3445892334, 108.248703003, -58.8962211609, 259.727203369, 1.17034089565, 60.1164321899, -17.0611095428, -12.6723766327, 36.1762733459, -35.7875900269, 11.3241853714], [-468.665374756, 237.868164062, -119.013954163, -130.120620728, 208.101806641, 1.17034089565, 323.611297607, 52.4929161072, 34.9258918762, 23.4620895386, -30.9739093781, 34.2810935974, -44.8112640381], [8.21160316467, -34.0638923645, 0.691500604153, -18.7913970947, 20.2917747498, 60.1164321899, 52.4929161072, 115.874000549, 39.2646217346, 13.7261199951, 9.71186637878, -15.8818292618, 8.22385120392], [-50.141998291, 58.6969871521, -12.2894191742, 6.45246839523, 47.2500152588, -17.0611095428, 34.9258918762, 39.2646217346, 111.707321167, 31.7473678589, -3.49005246162, 8.32381534576, -10.1174259186], [-192.49017334, -0.218317240477, -4.36796379089, -11.4114551544, 48.6833763123, -12.6723766327, 23.4620895386, 13.7261199951, 31.7473678589, 90.3721313477, 13.949637413, 17.0736446381, 4.91669607162], [189.244018555, -40.1293106079, 28.234172821, 38.9656410217, -42.2958335876, 36.1762733459, -30.9739093781, 9.71186637878, -3.49005246162, 13.949637413, 69.6209106445, 11.6166763306, 20.209274292], [-197.066726685, 59.0613250732, -6.63049602509, -19.9269714355, 51.8316612244, -35.7875900269, 34.2810935974, -15.8818292618, 8.32381534576, 17.0736446381, 11.6166763306, 77.6319046021, 14.8832387924], [136.327606201, -20.1506519318, 36.2643966675, 36.7438240051, -11.8712301254, 11.3241853714, -44.8112640381, 8.22385120392, -10.1174259186, 4.91669607162, 20.209274292, 14.8832387924, 67.7775421143]],
        "icov": [[0.000698561314493, -0.00124788738322, 0.000910794769879, -0.00140313233715, 0.00135186256375, -0.00104229839053, 0.000683325168211, -0.000578433158807, 0.000208505094633, 0.000277612009086, -0.000452337233583, 0.00073357205838, -0.000585072382819], [-0.00124788738322, 0.00802943203598, -0.00497160898522, 0.00448795361444, -0.00686089042574, 0.00593798002228, -0.00474522355944, 0.00482977274805, -0.00353241106495, 0.00417699757963, -0.00357671780512, 0.00204048096202, -0.00100480497349], [0.000910794769879, -0.00497160898522, 0.00568090146407, -0.00614515366033, 0.00407806783915, -0.00302474247292, 0.00313122197986, -0.00454099988565, 0.00351054314524, -0.0026626852341, 0.00254036812112, -0.00182436592877, 0.0011829881696], [-0.00140313233715, 0.00448795361444, -0.00614515366033, 0.0117604210973, -0.00562747195363, 0.000320428109262, -0.000637741875835, 0.00651788618416, -0.00508157769218, 0.00246469536796, -0.00305070006289, 0.00180501642171, -0.00160684727598], [0.00135186256375, -0.00686089042574, 0.00407806783915, -0.00562747195363, 0.0102433236316, -0.00396735640243, 0.00108342675958, -0.00442249095067, 0.00287719117478, -0.00460875825956, 0.0048180129379, -0.00245149829425, -0.000314654869726], [-0.00104229839053, 0.00593798002228, -0.00302474247292, 0.000320428109262, -0.00396735640243, 0.011174515821, -0.00518095772713, -0.000519573921338, 7.21456599422e-05, 0.00293851247989, -0.00412191590294, 0.00263768876903, -0.000170283747138], [0.000683325168211, -0.00474522355944, 0.00313122197986, -0.000637741875835, 0.00108342675958, -0.00518095772713, 0.00991183519363, -0.00514071295038, 0.00209467392415, -0.00223602773622, 0.00286719016731, -0.00414477754384, 0.00464764982462], [-0.000578433158807, 0.00482977274805, -0.00454099988565, 0.00651788618416, -0.00442249095067, -0.000519573921338, -0.00514071295038, 0.0192314069718, -0.00923446007073, 0.00311850802973, -0.00524789700285, 0.00741344597191, -0.00659233564511], [0.000208505094633, -0.00353241106495, 0.00351054314524, -0.00508157769218, 0.00287719117478, 7.21456599422e-05, 0.00209467392415, -0.00923446007073, 0.0156534258276, -0.0062955650501, 0.00408679572865, -0.00434061186388, 0.00493212137371], [0.000277612009086, 0.00417699757963, -0.0026626852341, 0.00246469536796, -0.00460875825956, 0.00293851247989, -0.00223602773622, 0.00311850802973, -0.0062955650501, 0.0179770085961, -0.0079134106636, 0.0024317370262, -0.00280125415884], [-0.000452337233583, -0.00357671780512, 0.00254036812112, -0.00305070006289, 0.0048180129379, -0.00412191590294, 0.00286719016731, -0.00524789700285, 0.00408679572865, -0.0079134106636, 0.0245450697839, -0.00882225017995, 8.80891093402e-06], [0.00073357205838, 0.00204048096202, -0.00182436592877, 0.00180501642171, -0.00245149829425, 0.00263768876903, -0.00414477754384, 0.00741344597191, -0.00434061186388, 0.0024317370262, -0.00882225017995, 0.0225851368159, -0.00853446684778], [-0.000585072382819, -0.00100480497349, 0.0011829881696, -0.00160684727598, -0.000314654869726, -0.000170283747138, 0.00464764982462, -0.00659233564511, 0.00493212137371, -0.00280125415884, 8.80891093402e-06, -0.00853446684778, 0.0225273091346]]
    },
    "melbands": {
        "dmean": [0.00201343884692, 0.00246422411874, 0.00115190574434, 0.000436225585872, 0.000496847380418, 0.000277480634395, 0.000184311516932, 0.000259723688941, 0.000324068503687, 0.000279438885627, 0.000212986880797, 0.000136607923196, 8.65706897457e-05, 5.77672908548e-05, 3.74413939426e-05, 3.83081751352e-05, 4.18160270783e-05, 3.36068369506e-05, 2.4900689823e-05, 1.87768655451e-05, 1.55375983013e-05, 1.25801070681e-05, 1.29536683744e-05, 7.35591720513e-06, 5.64959873373e-06, 6.22439529252e-06, 4.62317575511e-06, 3.90417017115e-06, 4.28009752795e-06, 3.06746755996e-06, 2.83264671452e-06, 3.16092655339e-06, 2.72772081189e-06, 2.35457423514e-06, 1.74809702003e-06, 1.38670384331e-06, 1.03429567844e-06, 4.4470488092e-07, 1.01119930207e-07, 3.11771564121e-09],
        "dmean2": [0.00341382902116, 0.00427935179323, 0.0019621886313, 0.00073501636507, 0.000801140093245, 0.00045811443124, 0.000301536434563, 0.000419616641011, 0.000532046135049, 0.0004604763526, 0.000345738924807, 0.000224025367061, 0.000141936543514, 9.55014838837e-05, 6.20157225057e-05, 6.36105469312e-05, 6.87293868395e-05, 5.50944132556e-05, 4.00161661673e-05, 2.93998728012e-05, 2.51779929386e-05, 2.02172068384e-05, 2.07283010241e-05, 1.18842563097e-05, 9.13328585739e-06, 1.00894067145e-05, 7.39875895306e-06, 6.22786501481e-06, 6.87608826411e-06, 4.98836243423e-06, 4.58836711914e-06, 5.0659664339e-06, 4.30618774772e-06, 3.68544715457e-06, 2.69331144409e-06, 2.13243492908e-06, 1.56210421665e-06, 6.4149935497e-07, 1.48093732832e-07, 4.58823734562e-09],
        "dvar": [1.78196605702e-05, 2.26733809541e-05, 2.83513304566e-06, 5.54119651497e-07, 9.04724743123e-07, 3.34039498284e-07, 1.70980371195e-07, 2.91822630061e-07, 4.14961789375e-07, 3.76864022655e-07, 2.30155521308e-07, 9.59794519417e-08, 4.56934721171e-08, 2.1622586388e-08, 6.4461636029e-09, 6.19311801842e-09, 8.5191054211e-09, 4.0577994298e-09, 3.61454044473e-09, 1.93815297145e-09, 9.62394830495e-10, 5.65277324949e-10, 6.46926789916e-10, 1.4245973845e-10, 5.58174409471e-11, 9.82874684419e-11, 5.10510279883e-11, 2.99972130469e-11, 4.55398288524e-11, 1.91033126817e-11, 1.97325922963e-11, 2.66890641532e-11, 2.06930843988e-11, 2.11213598694e-11, 1.34574330846e-11, 1.22836940272e-11, 8.16528875763e-12, 1.5447945657e-12, 9.21825211108e-14, 3.45734973328e-16],
        "dvar2": [4.50286825071e-05, 6.29924543318e-05, 7.82740698924e-06, 1.48948049628e-06, 2.2477750008e-06, 8.49324010233e-07, 4.31351224961e-07, 7.19281445072e-07, 1.06061224869e-06, 9.75370767264e-07, 5.80547464324e-07, 2.53812601159e-07, 1.1637356323e-07, 5.70456784033e-08, 1.71408842675e-08, 1.58792161642e-08, 2.29489689474e-08, 1.04748369978e-08, 8.84254358624e-09, 4.21342116752e-09, 2.41656361588e-09, 1.38478872813e-09, 1.56170409937e-09, 3.5701905321e-10, 1.42480957588e-10, 2.52195153649e-10, 1.28893243301e-10, 7.44126080199e-11, 1.1104753922e-10, 4.93415308611e-11, 5.0896863113e-11, 6.73773467574e-11, 5.01459360147e-11, 5.10815695298e-11, 3.16465777195e-11, 2.81821805476e-11, 1.874389359e-11, 3.37042915279e-12, 2.06698143302e-13, 7.63626459971e-16],
        "max": [0.0363682508469, 0.0440602749586, 0.015676330775, 0.0104852551594, 0.0123760867864, 0.0106528736651, 0.00666055688635, 0.00799707043916, 0.0108677018434, 0.0115591194481, 0.00905000139028, 0.00791175756603, 0.00411357404664, 0.00280663999729, 0.00191753404215, 0.00150054460391, 0.00210842629895, 0.00178493454587, 0.00122339709196, 0.00114688579924, 0.000889091577847, 0.000644836516585, 0.000617657264229, 0.000443917349912, 0.000122681914945, 0.000280563021079, 0.000169248858583, 8.9639237558e-05, 0.000160168943694, 6.55763506074e-05, 9.26900611375e-05, 9.41063990467e-05, 8.02019785624e-05, 8.0397061538e-05, 6.81548699504e-05, 6.12206422375e-05, 4.70677950943e-05, 2.39444616454e-05, 6.96856886861e-06, 5.313451652e-07],
        "mean": [0.00213579041883, 0.00326002715155, 0.00171315390617, 0.000591382035054, 0.000691938505042, 0.000366904452676, 0.0002434374328, 0.000364624953363, 0.000456190406112, 0.000369476008927, 0.000297048565699, 0.000200813025003, 0.000125466060126, 8.53696692502e-05, 5.83531618759e-05, 6.09280505159e-05, 6.55812546029e-05, 5.33837883268e-05, 3.88375701732e-05, 3.01112067973e-05, 2.69395841315e-05, 2.22078633669e-05, 2.34126600844e-05, 1.43108809425e-05, 1.14290796773e-05, 1.16770597742e-05, 9.20347429201e-06, 8.209220141e-06, 8.91296804184e-06, 6.6189941208e-06, 6.01694910074e-06, 6.74964076097e-06, 5.81551466894e-06, 4.63080323243e-06, 3.32086096932e-06, 2.46511649493e-06, 1.72016223132e-06, 7.49397145228e-07, 1.45382045957e-07, 3.33001715092e-09],
        "median": [0.000885474903043, 0.00205357396044, 0.00117487134412, 0.000354527204763, 0.000249269942287, 0.000151884712977, 9.41510515986e-05, 0.000130060943775, 0.000158570997883, 0.000135270514875, 0.00010541651136, 6.94738773745e-05, 4.47481143055e-05, 3.80846940971e-05, 2.87429829768e-05, 2.7020685593e-05, 2.91153683065e-05, 2.78922780126e-05, 1.8531231035e-05, 1.39207904795e-05, 1.3980262338e-05, 1.29618438223e-05, 1.30102580442e-05, 9.17021498026e-06, 8.16708870843e-06, 8.33721605886e-06, 6.20965147391e-06, 5.74897103434e-06, 5.70520478504e-06, 4.92358230986e-06, 4.48440459877e-06, 4.41607517132e-06, 3.73266698261e-06, 2.7583434985e-06, 1.87394027762e-06, 1.23147424347e-06, 7.54098891775e-07, 3.07555154677e-07, 2.55515875125e-08, 9.70947836021e-11],
        "min": [2.41435494879e-24, 1.36133000662e-23, 1.07106248343e-23, 1.0571070607e-23, 6.37088603007e-24, 6.57299416614e-24, 1.04474316484e-23, 5.46660609694e-24, 2.0839257675e-24, 5.24679276672e-24, 6.11071773137e-24, 6.88319557331e-24, 7.98711648003e-24, 3.97206178035e-24, 3.5911413596e-24, 3.98298040414e-24, 8.43591285964e-24, 7.74931830445e-24, 7.54400147665e-24, 9.96569953718e-24, 1.01848301083e-23, 5.88464478986e-24, 9.09116754879e-24, 9.38593883666e-24, 4.80396964187e-24, 5.64179119918e-24, 6.30157276663e-24, 1.01548873149e-23, 6.7216131941e-24, 7.17385058498e-24, 8.21083585503e-24, 9.10081847311e-24, 7.43446656224e-24, 7.45059324573e-24, 7.50253894747e-24, 7.87179842632e-24, 6.81332064091e-24, 7.9981384446e-24, 9.05345368663e-24, 8.99149970658e-24],
        "var": [1.5383335267e-05, 1.92566585611e-05, 3.43692340721e-06, 6.19265449586e-07, 1.51580547936e-06, 4.62595608042e-07, 2.37733743802e-07, 4.84701786263e-07, 6.91138552611e-07, 5.13235306698e-07, 3.72298728735e-07, 1.64519832424e-07, 6.30676382229e-08, 2.6062151548e-08, 9.71708580266e-09, 9.98275773156e-09, 1.39147946498e-08, 5.96326854563e-09, 5.02861574603e-09, 3.23649018696e-09, 1.68640279519e-09, 9.61380419717e-10, 1.23937748953e-09, 2.93678192875e-10, 1.27611157752e-10, 1.52286377952e-10, 1.03809988383e-10, 7.3909531273e-11, 1.20346149712e-10, 4.41754827163e-11, 3.73791345099e-11, 5.8099650091e-11, 4.7174802259e-11, 4.01402418249e-11, 2.42277465451e-11, 2.07079544484e-11, 1.34723742579e-11, 2.81625959532e-12, 1.51798698936e-13, 4.22019210544e-16]
    },
    "mfcc": {
        "mean": [-622.216064453, 131.16583252, -18.8028736115, 38.9148178101, -21.6592922211, 26.9823303223, -15.6506986618, 22.9306602478, -6.37918233871, 16.7316036224, -6.69974803925, 6.80243682861, -11.7023181915],
        "cov": [[3533.53125, -437.48425293, 454.454589844, 232.123016357, -49.3449440002, 183.143554688, -242.315460205, 113.83795166, -311.66192627, 158.119750977, -303.29598999, 158.956985474, -206.451187134], [-437.48425293, 940.087890625, -16.6637401581, 246.431869507, 153.830215454, 10.7108306885, 134.137069702, 47.8238067627, 130.916275024, -41.3952713013, 87.776725769, -54.7713851929, 117.925521851], [454.454589844, -16.6637401581, 837.586914062, 280.764678955, 215.927307129, 98.357208252, -38.9748878479, 2.00310087204, -73.8272399902, 0.84313672781, -84.6863555908, 54.381023407, -20.4748630524], [232.123016357, 246.431869507, 280.764678955, 359.724822998, 166.702896118, 89.7299423218, -27.5136928558, 8.92488670349, -6.90422821045, 2.7828567028, -34.567615509, 10.8432712555, 31.9055366516], [-49.3449440002, 153.830215454, 215.927307129, 166.702896118, 298.98828125, 48.2686920166, 34.658405304, -14.6798810959, 41.7470664978, 1.34223103523, -1.16293931007, -0.918697297573, 35.0173606873], [183.143554688, 10.7108306885, 98.357208252, 89.7299423218, 48.2686920166, 160.118530273, 46.0178794861, 46.2978858948, -0.95735013485, 21.2731628418, -1.2227011919, 15.7046689987, -9.08946704865], [-242.315460205, 134.137069702, -38.9748878479, -27.5136928558, 34.658405304, 46.0178794861, 214.398880005, 51.5284500122, 73.4299468994, -0.833383977413, 56.5399055481, -10.0059833527, 21.2017021179], [113.83795166, 47.8238067627, 2.00310087204, 8.92488670349, -14.6798810959, 46.2978858948, 51.5284500122, 131.995056152, 33.3475761414, 38.9908752441, 10.8318490982, 9.48815917969, 2.68499541283], [-311.66192627, 130.916275024, -73.8272399902, -6.90422821045, 41.7470664978, -0.95735013485, 73.4299468994, 33.3475761414, 135.121810913, 25.9934635162, 62.4724960327, -8.62486171722, 36.2359161377], [158.119750977, -41.3952713013, 0.84313672781, 2.7828567028, 1.34223103523, 21.2731628418, -0.833383977413, 38.9908752441, 25.9934635162, 99.2789535522, 12.8526601791, 33.6745681763, -15.1276950836], [-303.29598999, 87.776725769, -84.6863555908, -34.567615509, -1.16293931007, -1.2227011919, 56.5399055481, 10.8318490982, 62.4724960327, 12.8526601791, 109.700897217, 1.26977145672, 32.5724830627], [158.956985474, -54.7713851929, 54.381023407, 10.8432712555, -0.918697297573, 15.7046689987, -10.0059833527, 9.48815917969, -8.62486171722, 33.6745681763, 1.26977145672, 77.0840606689, 0.732182562351], [-206.451187134, 117.925521851, -20.4748630524, 31.9055366516, 35.0173606873, -9.08946704865, 21.2017021179, 2.68499541283, 36.2359161377, -15.1276950836, 32.5724830627, 0.732182562351, 86.0015716553]],
