{
"lowlevel": {
    "average_loudness": 0.92044621706,
    "barkbands_crest": {
        "dmean": 2.91555595398,
        "dmean2": 4.63611078262,
        "dvar": 6.88982152939,
        "dvar2": 17.368724823,
        "max": 25.584690094,
        "mean": 10.6607198715,
        "median": 9.68355178833,
        "min": 2.77958297729,
        "var": 21.0850067139
    },
    "barkbands_flatness_db": {
        "dmean": 0.022986067459,
        "dmean2": 0.0376111939549,
        "dvar": 0.000457139336504,
        "dvar2": 0.00125686044339,
        "max": 0.497937172651,
        "mean": 0.187883660197,
        "median": 0.181229278445,
        "min": 0.0378225818276,
        "var": 0.00202867435291
    },
    "barkbands_kurtosis": {
        "dmean": 2.79131388664,
        "dmean2": 4.67218112946,
        "dvar": 32.3669548035,
        "dvar2": 88.4231262207,
        "max": 130.810821533,
        "mean": 4.08695363998,
        "median": 1.82157087326,
        "min": -1.88640189171,
        "var": 59.0586929321
    },
    "barkbands_skewness": {
        "dmean": 0.521198868752,
        "dmean2": 0.852303445339,
        "dvar": 0.325552076101,
        "dvar2": 0.870998203754,
        "max": 10.3627109528,
        "mean": 1.59423947334,
        "median": 1.46159625053,
        "min": -2.07368302345,
        "var": 1.2288390398
    },
    "barkbands_spread": {
        "dmean": 5.25556325912,
        "dmean2": 8.57430267334,
        "dvar": 31.4186916351,
        "dvar2": 76.6992416382,
        "max": 84.0639801025,
        "mean": 21.4290390015,
        "median": 20.1368236542,
        "min": 0.801553189754,
        "var": 120.846076965
    },
    "dissonance": {
        "dmean": 0.0171767044812,
        "dmean2": 0.029004458338,
        "dvar": 0.000250837561907,
        "dvar2": 0.000683966442011,
        "max": 0.500000119209,
        "mean": 0.468650221825,
        "median": 0.473949730396,
        "min": 0.245481312275,
        "var": 0.000567885057535
    },
    "dynamic_complexity": 3.28525733948,
    "erbbands_crest": {
        "dmean": 2.79740071297,
        "dmean2": 4.52054834366,
        "dvar": 6.54946708679,
        "dvar2": 15.8511991501,
        "max": 31.470249176,
        "mean": 9.27868175507,
        "median": 8.23368358612,
        "min": 2.28740668297,
        "var": 20.9428501129
    },
    "erbbands_flatness_db": {
        "dmean": 0.0132269607857,
        "dmean2": 0.020105522126,
        "dvar": 0.000132875997224,
        "dvar2": 0.000292321841698,
        "max": 0.419130623341,
        "mean": 0.20473600924,
        "median": 0.196348756552,
        "min": 0.0907969400287,
        "var": 0.00183285598177
    },
    "erbbands_kurtosis": {
        "dmean": 0.789980590343,
        "dmean2": 1.26125979424,
        "dvar": 1.34990370274,
        "dvar2": 3.23506164551,
        "max": 39.0235595703,
        "mean": 0.226376056671,
        "median": -0.338316917419,
        "min": -1.79489123821,
        "var": 3.59112548828
    },
    "erbbands_skewness": {
        "dmean": 0.351656019688,
        "dmean2": 0.549422740936,
        "dvar": 0.10077419132,
        "dvar2": 0.234685719013,
        "max": 5.67774105072,
        "mean": 0.472274810076,
        "median": 0.398130476475,
        "min": -2.97323083878,
        "var": 0.529107928276
    },
    "erbbands_spread": {
        "dmean": 6.73797082901,
        "dmean2": 10.5829677582,
        "dvar": 42.8045539856,
        "dvar2": 102.122703552,
        "max": 117.15372467,
        "mean": 38.3454666138,
        "median": 36.9838676453,
        "min": 4.22522640228,
        "var": 233.361663818
    },
    "hfc": {
        "dmean": 5.16184663773,
        "dmean2": 8.08339214325,
        "dvar": 50.3028182983,
        "dvar2": 118.838058472,
        "max": 98.2556915283,
        "mean": 19.7079982758,
        "median": 15.3835144043,
        "min": 1.15277650406e-16,
        "var": 257.409454346
    },
    "melbands_crest": {
        "dmean": 3.69286155701,
        "dmean2": 5.97482824326,
        "dvar": 10.215010643,
        "dvar2": 26.1425819397,
        "max": 35.8018112183,
        "mean": 15.0493059158,
        "median": 14.0651369095,
        "min": 1.79690396786,
        "var": 33.8258781433
    },
    "melbands_flatness_db": {
        "dmean": 0.0281918998808,
        "dmean2": 0.0449660755694,
        "dvar": 0.000724509649444,
        "dvar2": 0.00187060434837,
        "max": 0.654193520546,
        "mean": 0.219055533409,
        "median": 0.212701812387,
        "min": 0.00305679393932,
        "var": 0.0039534503594
    },
    "melbands_kurtosis": {
        "dmean": 6.77402019501,
        "dmean2": 11.3505754471,
        "dvar": 156.227996826,
        "dvar2": 424.229309082,
        "max": 233.8309021,
        "mean": 12.934720993,
        "median": 8.05803966522,
        "min": -1.5318145752,
        "var": 303.641540527
    },
    "melbands_skewness": {
        "dmean": 0.728370845318,
        "dmean2": 1.18094611168,
        "dvar": 0.614408254623,
        "dvar2": 1.63536918163,
        "max": 13.2157802582,
        "mean": 2.62045502663,
        "median": 2.37784695625,
        "min": -0.416206926107,
        "var": 2.32154226303
    },
    "melbands_spread": {
        "dmean": 6.42257118225,
        "dmean2": 10.5334672928,
        "dvar": 58.5100631714,
        "dvar2": 139.537872314,
        "max": 174.35256958,
        "mean": 22.0271186829,
        "median": 19.2008190155,
        "min": 0.595790445805,
        "var": 194.636993408
    },
    "pitch_salience": {
        "dmean": 0.079419799149,
        "dmean2": 0.127076968551,
        "dvar": 0.00509213656187,
        "dvar2": 0.0126820132136,
        "max": 0.93136048317,
        "mean": 0.536048531532,
        "median": 0.53999209404,
        "min": 0.0909609571099,
        "var": 0.0170754380524
    },
    "silence_rate_20dB": {
        "dmean": 0,
        "dmean2": 0,
        "dvar": 0,
        "dvar2": 0,
        "max": 1,
        "mean": 1,
        "median": 1,
        "min": 1,
        "var": 0
    },
    "silence_rate_30dB": {
        "dmean": 0.00515826512128,
        "dmean2": 0.0103177390993,
        "dvar": 0.00513173826039,
        "dvar2": 0.0151359438896,
        "max": 1,
        "mean": 0.997186720371,
        "median": 1,
        "min": 0,
        "var": 0.0028053005226
    },
    "silence_rate_60dB": {
        "dmean": 0.0168815944344,
        "dmean2": 0.0337671488523,
        "dvar": 0.0165958497673,
        "dvar2": 0.0375488139689,
        "max": 1,
        "mean": 0.0730277821422,
        "median": 0,
        "min": 0,
        "var": 0.0676891431212
    },
    "spectral_centroid": {
        "dmean": 256.41394043,
        "dmean2": 409.709106445,
        "dvar": 73096.921875,
        "dvar2": 171440.5,
        "max": 11268.9228516,
        "mean": 1452.03735352,
        "median": 1440.25866699,
        "min": 168.889678955,
        "var": 344830.0625
    },
    "spectral_complexity": {
        "dmean": 4.1144194603,
        "dmean2": 6.51799726486,
        "dvar": 21.1407299042,
        "dvar2": 47.2967910767,
        "max": 57,
        "mean": 20.0349311829,
        "median": 19,
        "min": 0,
        "var": 110.573905945
    },
    "spectral_decrease": {
        "dmean": 2.78311418356e-09,
        "dmean2": 4.44845360548e-09,
        "dvar": 1.41275963528e-17,
        "dvar2": 3.80080227045e-17,
        "max": 8.92594501291e-29,
        "mean": -7.73383224129e-09,
        "median": -6.61596288865e-09,
        "min": -4.97633649843e-08,
        "var": 3.61326288936e-17
    },
    "spectral_energy": {
        "dmean": 0.0107993781567,
        "dmean2": 0.0172221492976,
        "dvar": 0.000206785276532,
        "dvar2": 0.000552131736185,
        "max": 0.191094622016,
        "mean": 0.03097685799,
        "median": 0.0267606191337,
        "min": 1.04908522124e-20,
        "var": 0.000561308697797
    },
    "spectral_energyband_high": {
        "dmean": 0.000316640594974,
        "dmean2": 0.000513470906299,
        "dvar": 3.08135042815e-07,
        "dvar2": 7.51089771711e-07,
        "max": 0.00902963895351,
        "mean": 0.000768568948843,
        "median": 0.000512985920068,
        "min": 7.48977390323e-21,
        "var": 7.07355127361e-07
    },
    "spectral_energyband_low": {
        "dmean": 0.00821033865213,
        "dmean2": 0.0134119894356,
        "dvar": 0.000184063901543,
        "dvar2": 0.000513814506121,
        "max": 0.159998893738,
        "mean": 0.0139917014167,
        "median": 0.00823523011059,
        "min": 6.38997906721e-23,
        "var": 0.000290205120109
    },
    "spectral_energyband_middle_high": {
        "dmean": 0.00202162261121,
        "dmean2": 0.00315068312921,
        "dvar": 1.02771655293e-05,
        "dvar2": 2.42038549914e-05,
        "max": 0.0557453148067,
        "mean": 0.00625917548314,
        "median": 0.00321515393443,
        "min": 1.36389956009e-21,
        "var": 5.44129252376e-05
    },
    "spectral_energyband_middle_low": {
        "dmean": 0.00429697148502,
        "dmean2": 0.00683468254283,
        "dvar": 3.57522258128e-05,
        "dvar2": 8.68766292115e-05,
        "max": 0.072714202106,
        "mean": 0.0109433988109,
        "median": 0.0083465417847,
        "min": 2.87379478174e-22,
        "var": 9.09977097763e-05
    },
    "spectral_entropy": {
        "dmean": 0.122363083065,
        "dmean2": 0.190114140511,
        "dvar": 0.0138637041673,
        "dvar2": 0.0332201272249,
        "max": 9.80111789703,
        "mean": 7.61641788483,
        "median": 7.65863084793,
        "min": 5.95407915115,
        "var": 0.0913771167397
    },
    "spectral_flux": {
        "dmean": 0.0241502467543,
        "dmean2": 0.0383609086275,
        "dvar": 0.000713674526196,
        "dvar2": 0.00166568520945,
        "max": 0.371354013681,
        "mean": 0.0890387892723,
        "median": 0.0803349912167,
        "min": 6.66678101613e-11,
        "var": 0.00242389645427
    },
    "spectral_kurtosis": {
        "dmean": 1.65601348877,
        "dmean2": 2.93163299561,
        "dvar": 4.01426076889,
        "dvar2": 12.0824489594,
        "max": 50.4779434204,
        "mean": 2.11220383644,
        "median": 1.44645166397,
        "min": -1.27949726582,
        "var": 9.68335914612
    },
    "spectral_rms": {
        "dmean": 0.000867603928782,
        "dmean2": 0.00135519576725,
        "dvar": 9.01797534425e-07,
        "dvar2": 2.2898827865e-06,
        "max": 0.013654075563,
        "mean": 0.00505926180631,
        "median": 0.0051095909439,
        "min": 3.19921519831e-12,
        "var": 4.6251780077e-06
    },
    "spectral_rolloff": {
        "dmean": 409.478363037,
        "dmean2": 699.573730469,
        "dvar": 395776.03125,
        "dvar2": 892646.75,
        "max": 18949.21875,
        "mean": 1216.5534668,
        "median": 904.39453125,
        "min": 43.06640625,
        "var": 1068603.125
    },
    "spectral_skewness": {
        "dmean": 0.218126505613,
        "dmean2": 0.370108395815,
        "dvar": 0.0406798459589,
        "dvar2": 0.117964833975,
        "max": 4.72218894958,
        "mean": 0.958804488182,
        "median": 0.905982792377,
        "min": -0.373494178057,
        "var": 0.15206579864
    },
    "spectral_spread": {
        "dmean": 246193.21875,
        "dmean2": 385252.71875,
        "dvar": 195702177792,
        "dvar2": 327978582016,
        "max": 41306876,
        "mean": 3582333.5,
        "median": 3562178.5,
        "min": 894763.125,
        "var": 999176339456
    },
    "spectral_strongpeak": {
        "dmean": 0.482122153044,
        "dmean2": 0.822016596794,
        "dvar": 0.690474927425,
        "dvar2": 1.67326891422,
        "max": 14.160533905,
        "mean": 0.829929530621,
        "median": 0.391306996346,
        "min": 0,
        "var": 1.2277340889
    },
    "zerocrossingrate": {
        "dmean": 0.00755090033635,
        "dmean2": 0.00951865036041,
        "dvar": 7.05843558535e-05,
        "dvar2": 0.000102456535387,
        "max": 0.4970703125,
        "mean": 0.0515059158206,
        "median": 0.04931640625,
        "min": 0.001953125,
        "var": 0.000567574927118
    },
    "barkbands": {
        "dmean": [0.00023241287272, 0.00668677082285, 0.00218158774078, 0.00112045835704, 0.00133349711541, 0.00113075587433, 0.000993419089355, 0.00105082988739, 0.000894596742, 0.00109745049849, 0.000579799816478, 0.00039905612357, 0.000290301948553, 0.000226814925554, 0.000279474887066, 0.000236546446104, 0.000192869338207, 0.000237105879933, 0.000192177540157, 0.00018099056615, 0.000105345861812, 9.77010131464e-05, 6.54102768749e-05, 2.47287152888e-05, 2.28848733741e-07, 1.30756205863e-09, 1.36810474061e-09],
        "dmean2": [0.000355282478267, 0.0108980974182, 0.00347637129016, 0.00195692921989, 0.00223872507922, 0.00179611134809, 0.00158651836682, 0.00164956459776, 0.00142220163252, 0.00175438681617, 0.000908863265067, 0.000635450531263, 0.00046835251851, 0.000367690838175, 0.000466997968033, 0.000379843491828, 0.000307113456074, 0.00038689293433, 0.000308360147756, 0.000292601325782, 0.000175922978087, 0.000159329065355, 0.000106300081825, 3.93396658183e-05, 3.60112920816e-07, 2.39164932303e-09, 2.50774245814e-09],
        "dvar": [2.95189778399e-07, 0.000137111725053, 2.56027578871e-05, 7.00038663126e-06, 6.29873466096e-06, 4.82291716253e-06, 4.41990050604e-06, 5.59336922379e-06, 3.87968975701e-06, 5.94739321969e-06, 2.39780570155e-06, 1.09575262286e-06, 6.44020474283e-07, 2.87687811351e-07, 3.19248755432e-07, 2.95079644275e-07, 2.39957728354e-07, 2.24356512035e-07, 1.31460851094e-07, 8.96782808013e-08, 3.36191874339e-08, 3.92315762099e-08, 1.84903203859e-08, 2.4771642515e-09, 9.20379332643e-13, 8.72757023534e-18, 2.87778815172e-17],
        "dvar2": [7.08806453531e-07, 0.000374704250135, 5.92972501181e-05, 1.9269036784e-05, 1.6999845684e-05, 1.15347256724e-05, 1.02937092379e-05, 1.32656823553e-05, 8.71377233125e-06, 1.49716088345e-05, 5.06107744513e-06, 2.59098987954e-06, 1.51067263232e-06, 6.72503745136e-07, 8.14858822196e-07, 6.92459707352e-07, 5.34464163593e-07, 5.10164909429e-07, 2.98751757555e-07, 2.19741053797e-07, 8.68964065148e-08, 9.48777199028e-08, 4.56055673226e-08, 5.77907366406e-09, 2.10055779194e-12, 1.98534861367e-17, 7.45976225644e-17],
        "max": [0.0164873935282, 0.105619601905, 0.0899723619223, 0.0327818579972, 0.0378660447896, 0.0532671995461, 0.0445179976523, 0.0479411557317, 0.0481898635626, 0.0427064821124, 0.0402005128562, 0.0248890407383, 0.0298631172627, 0.0122949900106, 0.0119777098298, 0.0144243212417, 0.0179782882333, 0.0120691796765, 0.00907691381872, 0.00547829410061, 0.00264670397155, 0.00458407169208, 0.00312252948061, 0.00108527834527, 3.42399216606e-05, 1.46022500758e-07, 3.6999855979e-07],
        "mean": [0.000373839517124, 0.0104713765904, 0.00251914327964, 0.00120742339641, 0.00218212883919, 0.0020910797175, 0.0016365388874, 0.00170162261929, 0.00144474999979, 0.00190424115863, 0.000953248178121, 0.000684919650666, 0.000463103846414, 0.000381379242754, 0.000420815078542, 0.000440487085143, 0.00034378276905, 0.00044195636292, 0.00037357211113, 0.000356081000064, 0.000201915056095, 0.000195283209905, 0.000137699767947, 5.01641225128e-05, 2.59716955497e-07, 1.23076715486e-09, 1.27296340136e-09],
        "median": [0.000133941706736, 0.00516589172184, 0.000942218175624, 0.000531823839992, 0.00120567693375, 0.000877908198163, 0.000611857685726, 0.000543263333384, 0.000550108787138, 0.000449127634056, 0.000220774731133, 0.000191010840354, 0.000192155028344, 0.000151022322825, 0.000191941755475, 0.000168579717865, 0.000152163382154, 0.000167669160874, 0.000181363444426, 0.000191569240997, 0.000120194628835, 0.000113527297799, 7.73395440774e-05, 2.77277758869e-05, 4.3821613005e-09, 5.20332943399e-10, 5.39970956837e-10],
        "min": [8.91649165627e-24, 1.49956052532e-23, 3.0277005346e-23, 1.89086330221e-23, 3.31543818087e-23, 4.20617542329e-23, 4.61596657545e-23, 2.80753198031e-23, 7.11798408676e-23, 3.95843681145e-23, 3.67284328912e-23, 2.82741916373e-23, 5.64841447534e-23, 6.15672362605e-23, 3.92608310137e-23, 1.16566151567e-22, 1.67384192428e-22, 2.27560446031e-22, 1.60614024056e-22, 2.92995031859e-22, 3.48551185887e-22, 4.44070427528e-22, 4.78563010889e-22, 8.18397220664e-22, 1.11566661645e-21, 1.45340864089e-21, 2.27380499917e-21],
        "var": [7.03142063685e-07, 0.000206018492463, 2.66369097517e-05, 5.34730679647e-06, 9.53221660893e-06, 1.32057693918e-05, 9.34556646826e-06, 1.16620949484e-05, 8.62581237016e-06, 1.48185263242e-05, 6.69153268973e-06, 2.60909155259e-06, 1.12405223263e-06, 6.01300030212e-07, 4.66406902433e-07, 7.63656373692e-07, 5.07724280396e-07, 6.66875166644e-07, 3.26083238633e-07, 2.08197121765e-07, 6.23252489618e-08, 7.23291933014e-08, 3.41839658802e-08, 5.13401188229e-09, 1.33345808354e-12, 8.08081508518e-18, 2.09840501281e-17]
    },
    "erbbands": {
        "dmean": [0.195254981518, 1.52433347702, 2.60726380348, 3.1773109436, 3.51584029198, 4.72216320038, 7.9445772171, 9.3989276886, 13.2166366577, 19.9822254181, 18.5891857147, 21.2922286987, 28.7965049744, 26.8565502167, 22.8118171692, 17.0324878693, 13.1560192108, 11.1685161591, 10.5068635941, 15.5095911026, 12.1361141205, 9.22222518921, 10.7191772461, 11.9945478439, 8.96460723877, 8.98510551453, 5.08423519135, 3.88065195084, 3.79027223587, 2.64986371994, 1.68159544468, 0.902659952641, 0.180090755224, 0.0118657173589, 0.000416592723923, 4.20156829932e-05, 1.00873412521e-05, 3.1144861623e-06, 5.42835186934e-06, 1.21068833323e-05],
        "dmean2": [0.302058070898, 2.51980352402, 4.20037841797, 5.3739695549, 6.08536672592, 7.92817258835, 12.7229509354, 14.9156742096, 20.8975067139, 32.11353302, 29.131893158, 33.411441803, 46.0648536682, 42.3456764221, 35.5887145996, 26.6578807831, 20.9480171204, 17.9274997711, 17.0786075592, 25.9550952911, 19.1543903351, 14.5636014938, 17.1866111755, 18.8984184265, 14.4245452881, 14.5103693008, 8.37964057922, 6.47215509415, 6.24832487106, 4.3180937767, 2.69855117798, 1.43728125095, 0.267116487026, 0.0172266308218, 0.000612988311332, 6.40461876174e-05, 1.57971389854e-05, 4.97922383147e-06, 8.53578967508e-06, 1.9214790882e-05],
        "dvar": [0.124669991434, 7.76714515686, 33.9041900635, 56.8799705505, 63.7177772522, 77.4268722534, 251.94543457, 414.665924072, 936.028991699, 1765.51818848, 2284.90722656, 2544.54760742, 4492.63330078, 4808.73925781, 3994.69067383, 1990.70739746, 1302.58581543, 728.103515625, 540.206604004, 983.465087891, 890.387573242, 534.59967041, 521.49017334, 588.494140625, 270.401824951, 238.828582764, 71.5754013062, 52.9970741272, 57.8738708496, 34.9640159607, 11.8202733994, 2.99818634987, 0.244780600071, 0.00128806382418, 1.34474680635e-06, 8.57264570442e-09, 3.2275757067e-10, 3.34478521269e-11, 4.68763951267e-11, 2.47609016624e-10],
        "dvar2": [0.297930955887, 21.4969520569, 80.8894805908, 145.974899292, 179.614486694, 205.296081543, 626.255310059, 980.985107422, 2158.98681641, 4281.89794922, 5468.6171875, 5536.94238281, 11259.4658203, 12023.4619141, 8371.01269531, 4677.33642578, 3042.24707031, 1698.46643066, 1259.9519043, 2606.19067383, 2040.99328613, 1090.26599121, 1126.72009277, 1320.71704102, 640.04284668, 576.748840332, 184.633407593, 133.878265381, 141.837020874, 89.228843689, 28.2089672089, 7.19719457626, 0.537969589233, 0.0026379507035, 2.74429635283e-06, 1.83620194605e-08, 7.18872239514e-10, 7.7696432621e-11, 1.18876741784e-10, 6.52123410827e-10],
        "max": [3.83026623726, 26.0828380585, 103.179290771, 86.8462677002, 140.655960083, 156.524017334, 306.368133545, 465.536804199, 718.552429199, 721.642944336, 1214.00415039, 1303.30883789, 1440.35327148, 1802.70678711, 1883.8717041, 1205.97070312, 1506.87963867, 641.211669922, 713.7734375, 628.056152344, 925.94744873, 1010.18585205, 747.413818359, 632.766418457, 360.786315918, 263.640106201, 96.6369934082, 118.170227051, 165.327209473, 160.823303223, 91.5009002686, 36.2005195618, 11.987780571, 1.11036777496, 0.0391118600965, 0.00224043428898, 0.000310673582135, 0.000184808595804, 8.79571962287e-05, 0.000209581659874],
        "mean": [0.323508322239, 2.21870088577, 3.3814804554, 3.55965399742, 4.68527841568, 7.44467592239, 14.3357858658, 16.9782810211, 22.2106018066, 34.0185813904, 32.0911941528, 35.9334030151, 50.3116073608, 48.4424858093, 40.7942848206, 31.609380722, 23.1199741364, 20.2458133698, 18.4910240173, 24.5609436035, 25.2121105194, 18.4799385071, 21.0780677795, 24.3258914948, 18.4565677643, 17.8616676331, 10.2193698883, 7.5217051506, 7.38689088821, 5.15379953384, 3.66379833221, 1.94044280052, 0.340737700462, 0.0209860727191, 0.000853889912833, 0.000111641020339, 3.21812040056e-05, 9.49649620452e-06, 1.796081051e-05, 3.66996537196e-05],
        "median": [0.136059254408, 1.0479016304, 1.52651524544, 1.63580942154, 2.61540317535, 3.91763997078, 5.4344162941, 7.09675264359, 8.27626895905, 12.2111310959, 12.343287468, 14.7202033997, 15.2397756577, 12.238032341, 11.6341438293, 9.66710281372, 10.1355657578, 8.3269071579, 8.99205780029, 12.0567378998, 9.38154220581, 8.67550849915, 9.43145942688, 9.76338768005, 9.40559387207, 9.26529598236, 5.82248067856, 4.7299656868, 4.30363750458, 2.78432703018, 2.06587815285, 1.12959778309, 0.152767062187, 0.0064569725655, 0.00039505638415, 7.32279513613e-05, 2.48019678111e-05, 6.96630104358e-06, 1.59040628205e-05, 3.20362669299e-05],
        "min": [8.20997255721e-22, 3.04522826661e-21, 2.60726795933e-20, 4.08470607584e-20, 7.42084019296e-20, 1.13760017069e-19, 1.91447656978e-19, 4.85561947206e-19, 6.92076014033e-19, 3.87833789007e-19, 6.41639865254e-19, 1.50035777264e-18, 1.2281859862e-18, 1.31401062764e-18, 1.60613411385e-18, 1.47935565688e-18, 2.33262078967e-18, 2.76538555613e-18, 2.59860795347e-18, 3.0137872737e-18, 8.13039629109e-18, 8.06127459757e-18, 1.11382880418e-17, 9.93095341766e-18, 8.83545195801e-18, 1.50112022637e-17, 1.41845444293e-17, 1.31027584513e-17, 1.5667351704e-17, 1.37070353955e-17, 1.53706304378e-17, 1.57995881055e-17, 1.44064389373e-17, 9.6788312485e-18, 9.4427357037e-18, 4.88342907746e-18, 2.96081297291e-18, 1.17859743905e-18, 3.30964940949e-19, 3.13141143915e-20],
        "var": [0.225430324674, 10.5024185181, 38.2702980042, 48.0253410339, 60.4391288757, 128.979797363, 673.932739258, 1026.9453125, 2081.609375, 3863.08813477, 4909.97167969, 5696.01074219, 11092.0595703, 11482.6044922, 11082.0644531, 5189.17285156, 2452.80859375, 1605.14379883, 1052.10107422, 1374.77624512, 2703.09472656, 1336.89379883, 1482.63208008, 1802.7064209, 775.972412109, 583.193847656, 152.736419678, 92.7679748535, 101.928779602, 56.2341499329, 24.036151886, 6.20799016953, 0.504459619522, 0.00294451112859, 3.16708883474e-06, 2.11187973775e-08, 9.0223473137e-10, 8.3099485626e-11, 1.6867299224e-10, 7.48811124218e-10]
    },
    "gfcc": {
        "mean": [-33.7919311523, 146.16835022, -167.31187439, 64.9677886963, -72.8137588501, 7.91578578949, -8.20999240875, -13.7494802475, 12.9912471771, -23.1928653717, 8.82497501373, -13.2827501297, -0.636120796204],
        "cov": [[5130.35205078, -201.209442139, 253.798797607, 774.222167969, -291.915924072, 549.127258301, -56.9964103699, 151.67074585, 4.00483369827, -55.6334533691, 361.157226562, 27.4526634216, 236.861526489], [-201.209442139, 856.571716309, 523.271728516, 163.892150879, 362.440612793, -83.086730957, 142.917724609, -53.8551940918, 14.9161453247, 58.0259094238, 10.0217123032, 19.4675693512, -24.3359489441], [253.798797607, 523.271728516, 1025.3581543, 499.43838501, 147.164489746, 100.813919067, -127.488273621, 11.7073631287, 1.40743422508, 54.0178260803, 103.067382812, 2.961779356, 42.6306800842], [774.222167969, 163.892150879, 499.43838501, 546.441101074, 100.069587708, 158.368362427, -51.3513145447, 12.0106773376, 38.8675575256, 18.6965827942, 69.1948852539, 32.7292518616, 44.7640609741], [-291.915924072, 362.440612793, 147.164489746, 100.069587708, 410.278503418, 23.7607212067, 188.148574829, 19.8420085907, 46.0075454712, 64.6299285889, -48.7968864441, 33.8439292908, -10.1604003906], [549.127258301, -83.086730957, 100.813919067, 158.368362427, 23.7607212067, 278.683074951, 60.9833221436, 41.9977416992, 16.2720432281, 10.3586368561, 44.7536506653, -8.75775718689, 38.9871749878], [-56.9964103699, 142.917724609, -127.488273621, -51.3513145447, 188.148574829, 60.9833221436, 301.692810059, 32.2047920227, 37.6185264587, 43.3401679993, -23.7887134552, 21.6583003998, -17.0378417969], [151.67074585, -53.8551940918, 11.7073631287, 12.0106773376, 19.8420085907, 41.9977416992, 32.2047920227, 136.454345703, 38.5184440613, 10.1675128937, 26.0376243591, -10.9820232391, 24.5059566498], [4.00483369827, 14.9161453247, 1.40743422508, 38.8675575256, 46.0075454712, 16.2720432281, 37.6185264587, 38.5184440613, 108.336608887, 35.3366279602, -1.84555435181, 22.9540424347, 0.815267920494], [-55.6334533691, 58.0259094238, 54.0178260803, 18.6965827942, 64.6299285889, 10.3586368561, 43.3401679993, 10.1675128937, 35.3366279602, 80.2430648804, 18.8502559662, 14.3451118469, 4.92047452927], [361.157226562, 10.0217123032, 103.067382812, 69.1948852539, -48.7968864441, 44.7536506653, -23.7887134552, 26.0376243591, -1.84555435181, 18.8502559662, 118.315895081, 19.5792655945, 25.9365711212], [27.4526634216, 19.4675693512, 2.961779356, 32.7292518616, 33.8439292908, -8.75775718689, 21.6583003998, -10.9820232391, 22.9540424347, 14.3451118469, 19.5792655945, 80.6002578735, 26.7041091919], [236.861526489, -24.3359489441, 42.6306800842, 44.7640609741, -10.1604003906, 38.9871749878, -17.0378417969, 24.5059566498, 0.815267920494, 4.92047452927, 25.9365711212, 26.7041091919, 82.967048645]],
        "icov": [[0.00049805449089, -0.000552280107513, 0.000737022608519, -0.00101282075047, 0.000662962149363, -0.000624391192105, 8.31969373394e-05, -0.000442586839199, 0.000249619188253, 0.000117262301501, -0.000796071544755, 0.000265575770754, -0.000739744049497], [-0.000552280107513, 0.00626279087737, -0.00434350222349, 0.00224341964349, -0.00446130800992, 0.00432932423428, -0.00370005588047, 0.00470089074224, -0.00237860367633, 0.00309105473571, -0.00249895849265, 0.00283021386713, -0.000583665678278], [0.000737022608519, -0.00434350222349, 0.00561082921922, -0.00399563089013, 0.00220196624286, -0.00291570508853, 0.00356463715434, -0.00328906509094, 0.00242339773104, -0.00300016743131, -0.00031739383121, -0.000384592247428, -0.000384925719118], [-0.00101282075047, 0.00224341964349, -0.00399563089013, 0.00680003780872, -0.0028961088974, -2.9912471291e-05, -2.28880944633e-05, 0.0024423415307, -0.0027022017166, 0.0021099189762, 0.000275403086562, -0.0012968161609, 0.00109971838538], [0.000662962149363, -0.00446130800992, 0.00220196624286, -0.0028961088974, 0.00882390700281, -0.00264904252253, -0.000806048861705, -0.00437417626381, 0.00239719357342, -0.00445855781436, 0.00479508657008, -0.00368109182455, 0.000608423200902], [-0.000624391192105, 0.00432932423428, -0.00291570508853, -2.9912471291e-05, -0.00264904252253, 0.00892756786197, -0.00467420415953, 0.00315283564851, -0.00202742475085, 0.00233533326536, -0.00260805780999, 0.00473452359438, -0.00267109437846], [8.31969373394e-05, -0.00370005588047, 0.00356463715434, -2.28880944633e-05, -0.000806048861705, -0.00467420415953, 0.0093034831807, -0.0037844509352, 0.00155823375098, -0.00356453750283, 0.00167654221877, -0.00358942570165, 0.00281130569056], [-0.000442586839199, 0.00470089074224, -0.00328906509094, 0.0024423415307, -0.00437417626381, 0.00315283564851, -0.0037844509352, 0.0145111354068, -0.00709030451253, 0.00465362006798, -0.00557055789977, 0.00750032020733, -0.00494484277442], [0.000249619188253, -0.00237860367633, 0.00242339773104, -0.0027022017166, 0.00239719357342, -0.00202742475085, 0.00155823375098, -0.00709030451253, 0.0156692620367, -0.00770119763911, 0.00430620228872, -0.00640512723476, 0.00348110869527], [0.000117262301501, 0.00309105473571, -0.00300016743131, 0.0021099189762, -0.00445855781436, 0.00233533326536, -0.00356453750283, 0.00465362006798, -0.00770119763911, 0.0211108103395, -0.0071188788861, 0.00327051943168, -0.00277840951458], [-0.000796071544755, -0.00249895849265, -0.00031739383121, 0.000275403086562, 0.00479508657008, -0.00260805780999, 0.00167654221877, -0.00557055789977, 0.00430620228872, -0.0071188788861, 0.017637765035, -0.00789094436914, 0.00276253209449], [0.000265575770754, 0.00283021386713, -0.000384592247428, -0.0012968161609, -0.00368109182455, 0.00473452359438, -0.00358942570165, 0.00750032020733, -0.00640512723476, 0.00327051943168, -0.00789094436914, 0.022553820163, -0.00958229135722], [-0.000739744049497, -0.000583665678278, -0.000384925719118, 0.00109971838538, 0.000608423200902, -0.00267109437846, 0.00281130569056, -0.00494484277442, 0.00348110869527, -0.00277840951458, 0.00276253209449, -0.00958229135722, 0.0193168316036]]
    },
    "melbands": {
        "dmean": [0.00180145003833, 0.0015216836473, 0.000538623833563, 0.000274928344879, 0.000261565524852, 0.000213403749513, 0.000197479326744, 0.000224762392463, 0.00015394561342, 0.000132153261802, 0.000146962032886, 0.000116583214549, 8.23493246571e-05, 4.96856373502e-05, 3.98308766307e-05, 2.43420690822e-05, 2.2987705961e-05, 1.73305415956e-05, 2.07633656828e-05, 1.90169012058e-05, 1.43661472976e-05, 1.00199513327e-05, 1.2002308722e-05, 1.09755401354e-05, 1.06781380964e-05, 6.79060713082e-06, 6.54413815937e-06, 6.3437892095e-06, 3.87601585317e-06, 2.63612309936e-06, 2.3605593924e-06, 2.40896201831e-06, 1.76782134531e-06, 1.51966446538e-06, 1.10508369744e-06, 8.8644145535e-07, 4.36799723502e-07, 1.58695513619e-07, 3.30745208998e-08, 1.50172929647e-09],
        "dmean2": [0.00288319587708, 0.00251341541298, 0.000901262159459, 0.000467870995635, 0.000421964883571, 0.000338690326316, 0.000312388991006, 0.000359030702384, 0.000242361697019, 0.000208018274861, 0.000235732877627, 0.000184372533113, 0.000128232088173, 7.85972661106e-05, 6.25278116786e-05, 3.9237394958e-05, 3.69588196918e-05, 2.80523217953e-05, 3.50555565092e-05, 3.14435492328e-05, 2.25127514568e-05, 1.59121900651e-05, 1.90524806385e-05, 1.78379250428e-05, 1.68129627127e-05, 1.10120327008e-05, 1.05952203739e-05, 1.02649210021e-05, 6.40381131234e-06, 4.38717188445e-06, 3.93985192204e-06, 3.99650480176e-06, 2.87694524559e-06, 2.51384972216e-06, 1.78402888196e-06, 1.43964939525e-06, 6.9545592396e-07, 2.35687366512e-07, 4.85136730788e-08, 2.28835195237e-09],
        "dvar": [1.00944944279e-05, 8.72969485499e-06, 1.44079785969e-06, 3.12097228061e-07, 2.38747219328e-07, 1.92846641767e-07, 1.9246478189e-07, 2.2683825307e-07, 1.5407721321e-07, 9.1501561883e-08, 1.16068257228e-07, 9.18798548355e-08, 5.19892680018e-08, 1.56360009385e-08, 1.0564089159e-08, 4.48405090836e-09, 3.40652572817e-09, 1.43937650687e-09, 1.85809900799e-09, 1.64428737293e-09, 1.25945387452e-09, 7.22192361469e-10, 1.01426123056e-09, 4.99325136794e-10, 5.10262498921e-10, 1.54898691096e-10, 1.41721079316e-10, 1.29341606869e-10, 4.4489821549e-11, 2.38109826994e-11, 2.08119754069e-11, 2.41014916358e-11, 1.32274868142e-11, 1.13237700466e-11, 5.08290978751e-12, 2.70950796522e-12, 8.17757265983e-13, 2.0653762717e-13, 1.17600614441e-14, 6.86961124103e-17],
        "dvar2": [2.61350542132e-05, 2.27546061069e-05, 3.66834046872e-06, 8.61838884703e-07, 6.05636159889e-07, 4.58994065866e-07, 4.46243205943e-07, 5.44583997453e-07, 3.66790686712e-07, 1.99031688908e-07, 2.90840006301e-07, 2.29415107356e-07, 1.08119365905e-07, 3.52846676321e-08, 2.44638318492e-08, 1.08595372694e-08, 7.9996560487e-09, 3.3071096972e-09, 4.9078705544e-09, 4.06172029344e-09, 2.88931789605e-09, 1.54300361377e-09, 1.98805083507e-09, 1.17958631751e-09, 1.13399700741e-09, 3.7356154281e-10, 3.42144146348e-10, 3.14836573478e-10, 1.15819361046e-10, 6.06998756814e-11, 5.34193592139e-11, 5.99397823042e-11, 3.26793800354e-11, 2.95567181841e-11, 1.23383274084e-11, 6.57000192097e-12, 1.97058450287e-12, 4.69899130457e-13, 2.48239319047e-14, 1.52449175135e-16],
        "max": [0.0290964525193, 0.0458147488534, 0.0122595503926, 0.00999703910202, 0.00936474371701, 0.00950668379664, 0.0105923842639, 0.00919487141073, 0.0109109049663, 0.00771315023303, 0.00715015083551, 0.0073447949253, 0.00606262590736, 0.00322966882959, 0.00269343052059, 0.0019635616336, 0.00146689300891, 0.0011034476338, 0.000690042157657, 0.001023343415, 0.00103726761881, 0.000905853579752, 0.00122056389228, 0.000462734227767, 0.000633048533928, 0.000262593763182, 0.000291824282613, 0.000213730658288, 9.57852753345e-05, 9.59748358582e-05, 8.44258975121e-05, 0.00011538448598, 8.45818649395e-05, 8.5867519374e-05, 6.00521816523e-05, 3.54736839654e-05, 2.56395687757e-05, 1.16147220979e-05, 3.55411407327e-06, 3.13451778311e-07],
        "mean": [0.00291754445061, 0.00223353481852, 0.000660070567392, 0.00041400489863, 0.000485639437102, 0.00039249099791, 0.000333214149578, 0.000377799500711, 0.000260501983576, 0.000214899453567, 0.00025114393793, 0.000199872156372, 0.000139550975291, 8.52430966916e-05, 6.86197745381e-05, 3.93787195208e-05, 3.83144106308e-05, 2.87745297101e-05, 2.97329879686e-05, 3.28341702698e-05, 2.77841627394e-05, 1.75140867213e-05, 2.15454529098e-05, 1.93253490579e-05, 1.99413952942e-05, 1.29422842292e-05, 1.23587014969e-05, 1.17743156807e-05, 7.16879458196e-06, 4.47100228484e-06, 4.28796738561e-06, 4.46707645096e-06, 3.24069310409e-06, 2.74587841886e-06, 2.21705022341e-06, 1.81955476819e-06, 8.73831027093e-07, 2.65705637048e-07, 4.95422014524e-08, 1.63896562988e-09],
        "median": [0.00135685992427, 0.00114686239976, 0.00033368653385, 0.000240337220021, 0.000202828639885, 0.000162127238582, 0.000123905527289, 0.000130274667754, 9.76718292804e-05, 8.47227638587e-05, 7.03579207766e-05, 4.55033186881e-05, 3.38578320225e-05, 2.47203115578e-05, 2.48196702159e-05, 1.78932768904e-05, 1.40540441862e-05, 1.27971179609e-05, 1.33718604047e-05, 1.59315259225e-05, 9.2469235824e-06, 8.05234594736e-06, 8.36071740196e-06, 7.95293817646e-06, 7.35017692932e-06, 6.2140902628e-06, 6.34539446764e-06, 5.70367774344e-06, 3.76485786546e-06, 2.51802771345e-06, 2.50769039667e-06, 2.49822301157e-06, 1.76187950274e-06, 1.41628788697e-06, 1.14299098186e-06, 1.05457957034e-06, 4.85973771447e-07, 9.60942330153e-08, 4.00993682703e-09, 2.3305701119e-11],
        "min": [7.59339679109e-24, 1.0011151336e-23, 1.00060000742e-23, 7.66216889595e-24, 6.92796974057e-24, 1.07300489564e-23, 1.04468242256e-23, 3.85559790617e-24, 4.19164712977e-24, 9.08861163946e-24, 5.87551451375e-24, 5.20349889695e-24, 4.79477822904e-24, 4.27047721117e-24, 4.61468877855e-24, 6.69616217471e-24, 5.11907224186e-24, 4.44677934045e-24, 3.22268060242e-24, 5.63780587388e-24, 1.09812057025e-23, 8.42372732524e-24, 7.4252116461e-24, 1.09372235516e-23, 7.69234124785e-24, 4.49370630912e-24, 8.51907773172e-24, 9.70920456929e-24, 8.1124759442e-24, 7.22834272973e-24, 7.21110848554e-24, 9.67506582476e-24, 7.61343701353e-24, 7.77113109734e-24, 8.25183137855e-24, 1.0019873771e-23, 9.45881932911e-24, 1.02268898052e-23, 7.84404551081e-24, 8.20296617864e-24],
        "var": [1.65331548487e-05, 1.12545449156e-05, 1.31142030568e-06, 3.608651582e-07, 6.43733585548e-07, 5.06890330598e-07, 4.31392265909e-07, 4.90757429361e-07, 3.3410111655e-07, 2.00714850962e-07, 2.87100505147e-07, 2.1567893782e-07, 1.50291725731e-07, 3.68771111425e-08, 2.30234764587e-08, 6.73739020129e-09, 7.09013470157e-09, 2.83403567281e-09, 2.27591478996e-09, 3.01142311088e-09, 3.59726626264e-09, 1.49020518148e-09, 2.5494586442e-09, 1.1877985262e-09, 1.41289058231e-09, 4.00617955476e-10, 3.18913923048e-10, 2.87577017755e-10, 8.85354498048e-11, 3.8495207022e-11, 3.4045422731e-11, 3.97130106577e-11, 2.32865463023e-11, 1.69262295152e-11, 9.7643906849e-12, 5.45095088858e-12, 1.53766712904e-12, 3.90047369403e-13, 2.43936069803e-14, 9.78588678317e-17]
    },
    "mfcc": {
        "mean": [-643.338195801, 135.207260132, -21.419719696, 42.8472290039, -22.7270145416, 21.357591629, -15.9021930695, 22.4468135834, -10.5199146271, 17.8589572906, -7.57624292374, 8.72030448914, -3.70843100548],
        "cov": [[4342.9453125, -421.355804443, 118.200927734, 407.220947266, -200.730377197, 412.768005371, -35.762172699, 380.178222656, -244.435317993, 271.984832764, -336.952728271, 291.252349854, -46.1132164001], [-421.355804443, 723.541503906, 206.022476196, 190.342849731, 160.592880249, 59.8255691528, 136.725189209, -22.1105098724, 42.8429641724, -4.27017688751, 69.8434524536, -4.81228876114, 69.9667510986], [118.200927734, 206.022476196, 887.464355469, 344.565612793, 312.362731934, 89.9927902222, 6.95174694061, -31.7517223358, -84.3991775513, -6.37577676773, -34.2708969116, 76.9306335449, 30.2998332977], [407.220947266, 190.342849731, 344.565612793, 436.35760498, 192.2137146, 150.630111694, 24.2889328003, 51.8153457642, -6.79178714752, 18.2850723267, -11.3081665039, 60.1168556213, 43.1128234863], [-200.730377197, 160.592880249, 312.362731934, 192.2137146, 323.224273682, 48.2845573425, 39.6974868774, -12.9359130859, 49.7461853027, -16.8289470673, 33.9094429016, 14.1884651184, 22.0879116058], [412.768005371, 59.8255691528, 89.9927902222, 150.630111694, 48.2845573425, 296.967346191, 78.221031189, 81.2259216309, 31.1155700684, 44.5035057068, 5.27689170837, 36.6611976624, 12.5740499496], [-35.762172699, 136.725189209, 6.95174694061, 24.2889328003, 39.6974868774, 78.221031189, 190.968948364, 43.8203620911, 51.3521881104, 36.3413085938, 35.4171524048, 0.640246093273, 19.7654457092], [380.178222656, -22.1105098724, -31.7517223358, 51.8153457642, -12.9359130859, 81.2259216309, 43.8203620911, 141.172515869, 26.9762172699, 60.3314743042, -10.2733697891, 36.6836395264, 3.70125770569], [-244.435317993, 42.8429641724, -84.3991775513, -6.79178714752, 49.7461853027, 31.1155700684, 51.3521881104, 26.9762172699, 167.407394409, 14.6834821701, 60.5721702576, -15.8117799759, 12.9174156189], [271.984832764, -4.27017688751, -6.37577676773, 18.2850723267, -16.8289470673, 44.5035057068, 36.3413085938, 60.3314743042, 14.6834821701, 125.318359375, -4.78524875641, 31.0243396759, 7.72763156891], [-336.952728271, 69.8434524536, -34.2708969116, -11.3081665039, 33.9094429016, 5.27689170837, 35.4171524048, -10.2733697891, 60.5721702576, -4.78524875641, 117.023635864, -0.169675126672, 19.877450943], [291.252349854, -4.81228876114, 76.9306335449, 60.1168556213, 14.1884651184, 36.6611976624, 0.640246093273, 36.6836395264, -15.8117799759, 31.0243396759, -0.169675126672, 97.7210006714, 19.4230918884], [-46.1132164001, 69.9667510986, 30.2998332977, 43.1128234863, 22.0879116058, 12.5740499496, 19.7654457092, 3.70125770569, 12.9174156189, 7.72763156891, 19.877450943, 19.4230918884, 76.6184539795]],
