{
"lowlevel": {
    "average_loudness": 0.906683027744,
    "barkbands_crest": {
        "dmean": 2.92429804802,
        "dmean2": 4.75143289566,
        "dvar": 6.58742523193,
        "dvar2": 16.9723701477,
        "max": 24.8316497803,
        "mean": 11.3414812088,
        "median": 10.752913475,
        "min": 2.67367291451,
        "var": 17.950214386
    },
    "barkbands_flatness_db": {
        "dmean": 0.0228594411165,
        "dmean2": 0.0361500941217,
        "dvar": 0.000432918051956,
        "dvar2": 0.00109227967914,
        "max": 0.431291282177,
        "mean": 0.194689169526,
        "median": 0.186883687973,
        "min": 0.0566476583481,
        "var": 0.00238996371627
    },
    "barkbands_kurtosis": {
        "dmean": 2.86364197731,
        "dmean2": 4.560734272,
        "dvar": 25.6048812866,
        "dvar2": 62.8970146179,
        "max": 102.488380432,
        "mean": 4.41360855103,
        "median": 1.67064452171,
        "min": -1.93902337551,
        "var": 57.503780365
    },
    "barkbands_skewness": {
        "dmean": 0.530170619488,
        "dmean2": 0.833920300007,
        "dvar": 0.325598567724,
        "dvar2": 0.778485119343,
        "max": 8.80858039856,
        "mean": 1.60602998734,
        "median": 1.35716509819,
        "min": -1.94282591343,
        "var": 1.48881304264
    },
    "barkbands_spread": {
        "dmean": 5.33203601837,
        "dmean2": 8.39224052429,
        "dvar": 40.0068511963,
        "dvar2": 87.2536315918,
        "max": 91.6923294067,
        "mean": 21.214673996,
        "median": 19.377658844,
        "min": 1.00290703773,
        "var": 136.400192261
    },
    "dissonance": {
        "dmean": 0.0193077474833,
        "dmean2": 0.0329037681222,
        "dvar": 0.000364376988728,
        "dvar2": 0.000996486283839,
        "max": 0.500000059605,
        "mean": 0.465881556273,
        "median": 0.473537772894,
        "min": 0.310465216637,
        "var": 0.000740478048101
    },
    "dynamic_complexity": 2.76604747772,
    "erbbands_crest": {
        "dmean": 2.96381425858,
        "dmean2": 4.72548007965,
        "dvar": 8.3158454895,
        "dvar2": 18.5968132019,
        "max": 31.516456604,
        "mean": 10.9528503418,
        "median": 9.190284729,
        "min": 2.45568203926,
        "var": 39.2187004089
    },
    "erbbands_flatness_db": {
        "dmean": 0.0141952820122,
        "dmean2": 0.0217543896288,
        "dvar": 0.000160064431839,
        "dvar2": 0.00034477567533,
        "max": 0.40785124898,
        "mean": 0.210163041949,
        "median": 0.20376740396,
        "min": 0.0943810716271,
        "var": 0.00212573353201
    },
    "erbbands_kurtosis": {
        "dmean": 1.0250658989,
        "dmean2": 1.63475108147,
        "dvar": 2.139138937,
        "dvar2": 5.14737272263,
        "max": 26.503276825,
        "mean": 0.753966927528,
        "median": -0.162672758102,
        "min": -1.87438380718,
        "var": 6.32267999649
    },
    "erbbands_skewness": {
        "dmean": 0.382307529449,
        "dmean2": 0.589384078979,
        "dvar": 0.127068728209,
        "dvar2": 0.280565679073,
        "max": 4.3084154129,
        "mean": 0.605230927467,
        "median": 0.548057794571,
        "min": -3.11566448212,
        "var": 0.707351863384
    },
    "erbbands_spread": {
        "dmean": 7.42235565186,
        "dmean2": 11.5286312103,
        "dvar": 54.867603302,
        "dvar2": 127.662872314,
        "max": 129.5987854,
        "mean": 39.9165344238,
        "median": 37.4367141724,
        "min": 5.09089803696,
        "var": 395.120727539
    },
    "hfc": {
        "dmean": 5.78460979462,
        "dmean2": 8.97196960449,
        "dvar": 47.7353630066,
        "dvar2": 116.140937805,
        "max": 109.434402466,
        "mean": 23.8385906219,
        "median": 20.9688262939,
        "min": 1.11680394123e-16,
        "var": 287.315887451
    },
    "melbands_crest": {
        "dmean": 3.60608839989,
        "dmean2": 5.77130365372,
        "dvar": 9.6586856842,
        "dvar2": 24.0293216705,
        "max": 32.7442092896,
        "mean": 15.4060173035,
        "median": 14.6616039276,
        "min": 1.97683548927,
        "var": 29.0783119202
    },
    "melbands_flatness_db": {
        "dmean": 0.0272680558264,
        "dmean2": 0.0415571928024,
        "dvar": 0.000677543168422,
        "dvar2": 0.00161442859098,
        "max": 0.582942724228,
        "mean": 0.222030982375,
        "median": 0.209957063198,
        "min": 0.00498698744923,
        "var": 0.00454290769994
    },
    "melbands_kurtosis": {
        "dmean": 7.41089820862,
        "dmean2": 11.8178119659,
        "dvar": 170.987304688,
        "dvar2": 422.360748291,
        "max": 277.094116211,
        "mean": 14.8223695755,
        "median": 7.47021532059,
        "min": -1.74700284004,
        "var": 414.044525146
    },
    "melbands_skewness": {
        "dmean": 0.756378591061,
        "dmean2": 1.19122624397,
        "dvar": 0.66224694252,
        "dvar2": 1.60426843166,
        "max": 12.5265254974,
        "mean": 2.69573426247,
        "median": 2.36155939102,
        "min": -0.738622128963,
        "var": 3.38638758659
    },
    "melbands_spread": {
        "dmean": 6.15308761597,
        "dmean2": 9.85938167572,
        "dvar": 64.403213501,
        "dvar2": 156.431716919,
        "max": 158.608718872,
        "mean": 21.8484172821,
        "median": 20.7207336426,
        "min": 0.839777648449,
        "var": 163.729568481
    },
    "pitch_salience": {
        "dmean": 0.0741542801261,
        "dmean2": 0.118521340191,
        "dvar": 0.0047324243933,
        "dvar2": 0.0121010392904,
        "max": 0.851522028446,
        "mean": 0.524532079697,
        "median": 0.515907049179,
        "min": 0.118003338575,
        "var": 0.0132762221619
    },
    "silence_rate_20dB": {
        "dmean": 0,
        "dmean2": 0,
        "dvar": 0,
        "dvar2": 0,
        "max": 1,
        "mean": 1,
        "median": 1,
        "min": 1,
        "var": 0
    },
    "silence_rate_30dB": {
        "dmean": 0.00417536543682,
        "dmean2": 0.0083517562598,
        "dvar": 0.00415794365108,
        "dvar2": 0.0119663942605,
        "max": 1,
        "mean": 0.997667014599,
        "median": 1,
        "min": 0,
        "var": 0.00232763472013
    },
    "silence_rate_60dB": {
        "dmean": 0.0015964632621,
        "dmean2": 0.00319331861101,
        "dvar": 0.00159420806449,
        "dvar2": 0.00391941284761,
        "max": 1,
        "mean": 0.0151031436399,
        "median": 0,
        "min": 0,
        "var": 0.0148758068681
    },
    "spectral_centroid": {
        "dmean": 246.833999634,
        "dmean2": 384.489227295,
        "dvar": 81231.03125,
        "dvar2": 175193.25,
        "max": 11345.5732422,
        "mean": 1338.3236084,
        "median": 1290.04089355,
        "min": 190.834182739,
        "var": 331278.96875
    },
    "spectral_complexity": {
        "dmean": 3.63453269005,
        "dmean2": 5.77659034729,
        "dvar": 13.3605117798,
        "dvar2": 32.1853065491,
        "max": 53,
        "mean": 20.6335945129,
        "median": 20,
        "min": 0,
        "var": 104.444076538
    },
    "spectral_decrease": {
        "dmean": 2.74542855117e-09,
        "dmean2": 4.41157821385e-09,
        "dvar": 1.20952433663e-17,
        "dvar2": 3.09473711232e-17,
        "max": 7.17134700008e-29,
        "mean": -8.67906457813e-09,
        "median": -7.73055042202e-09,
        "min": -4.55499993279e-08,
        "var": 3.14992991151e-17
    },
    "spectral_energy": {
        "dmean": 0.0107081886381,
        "dmean2": 0.0171659160405,
        "dvar": 0.000178598871571,
        "dvar2": 0.000456318957731,
        "max": 0.177005290985,
        "mean": 0.0349190533161,
        "median": 0.0312749817967,
        "min": 1.03841588381e-20,
        "var": 0.000496594642755
    },
    "spectral_energyband_high": {
        "dmean": 0.000358273013262,
        "dmean2": 0.000565437250771,
        "dvar": 4.70543653819e-07,
        "dvar2": 1.1306478882e-06,
        "max": 0.0115525387228,
        "mean": 0.00103214627597,
        "median": 0.000826976669487,
        "min": 7.26500776661e-21,
        "var": 1.03704974208e-06
    },
    "spectral_energyband_low": {
        "dmean": 0.00713865924627,
        "dmean2": 0.0117207178846,
        "dvar": 0.000149782019434,
        "dvar2": 0.00038376278826,
        "max": 0.126983880997,
        "mean": 0.0132157923654,
        "median": 0.0097533185035,
        "min": 4.33073372033e-23,
        "var": 0.000203177522053
    },
    "spectral_energyband_middle_high": {
        "dmean": 0.00271978159435,
        "dmean2": 0.00423118844628,
        "dvar": 2.31350095419e-05,
        "dvar2": 5.72772951273e-05,
        "max": 0.0989316850901,
        "mean": 0.00868899002671,
        "median": 0.00422608293593,
        "min": 1.54715974863e-21,
        "var": 0.000133230627398
    },
    "spectral_energyband_middle_low": {
        "dmean": 0.00526867527515,
        "dmean2": 0.0082509694621,
        "dvar": 4.74458101962e-05,
        "dvar2": 0.000111836467113,
        "max": 0.0956278145313,
        "mean": 0.0135650122538,
        "median": 0.010019088164,
        "min": 2.87652512399e-22,
        "var": 0.000134969959618
    },
    "spectral_entropy": {
        "dmean": 0.124410182238,
        "dmean2": 0.190543502569,
        "dvar": 0.01446953509,
        "dvar2": 0.0311208348721,
        "max": 9.79641056061,
        "mean": 7.62733840942,
        "median": 7.67293787003,
        "min": 5.97499704361,
        "var": 0.112735256553
    },
    "spectral_flux": {
        "dmean": 0.0256760809571,
        "dmean2": 0.0402707494795,
        "dvar": 0.000714190478902,
        "dvar2": 0.0015602997737,
        "max": 0.297085613012,
        "mean": 0.0970967113972,
        "median": 0.0888174772263,
        "min": 6.74584693661e-11,
        "var": 0.00237881485373
    },
    "spectral_kurtosis": {
        "dmean": 1.57042849064,
        "dmean2": 2.77877688408,
        "dvar": 5.13154172897,
        "dvar2": 15.8794622421,
        "max": 68.5854034424,
        "mean": 1.87570297718,
        "median": 1.13318133354,
        "min": -1.35790061951,
        "var": 12.464969635
    },
    "spectral_rms": {
        "dmean": 0.000847702962346,
        "dmean2": 0.00133645732421,
        "dvar": 7.88566012488e-07,
        "dvar2": 1.92366860574e-06,
        "max": 0.0131410835311,
        "mean": 0.00552322529256,
        "median": 0.00552378315479,
        "min": 3.18290532819e-12,
        "var": 3.56127566192e-06
    },
    "spectral_rolloff": {
        "dmean": 399.866241455,
        "dmean2": 679.659973145,
        "dvar": 542989.875,
        "dvar2": 1219679.75,
        "max": 19272.2167969,
        "mean": 1182.41845703,
        "median": 925.927734375,
        "min": 64.599609375,
        "var": 1150773.125
    },
    "spectral_skewness": {
        "dmean": 0.211050733924,
        "dmean2": 0.352451682091,
        "dvar": 0.0436176359653,
        "dvar2": 0.124253243208,
        "max": 5.91356229782,
        "mean": 0.932887911797,
        "median": 0.897077202797,
        "min": -0.623897612095,
        "var": 0.161283642054
    },
    "spectral_spread": {
        "dmean": 265725.09375,
        "dmean2": 408711.53125,
        "dvar": 154756464640,
        "dvar2": 232129298432,
        "max": 41068596,
        "mean": 3847181.75,
        "median": 3851518.25,
        "min": 861499.375,
        "var": 1.21610908467e+12
    },
    "spectral_strongpeak": {
        "dmean": 0.6883456707,
        "dmean2": 1.16242098808,
        "dvar": 1.29668688774,
        "dvar2": 3.20796728134,
        "max": 11.7696123123,
        "mean": 1.39062643051,
        "median": 0.528821468353,
        "min": 0,
        "var": 3.34795737267
    },
    "zerocrossingrate": {
        "dmean": 0.0079387826845,
        "dmean2": 0.00982301682234,
        "dvar": 8.68141287356e-05,
        "dvar2": 0.000126249418827,
        "max": 0.51171875,
        "mean": 0.0527555383742,
        "median": 0.05078125,
        "min": 0.00439453125,
        "var": 0.000589831382968
    },
    "barkbands": {
        "dmean": [0.000488107209094, 0.00553149497136, 0.00227202032693, 0.00137887569144, 0.00156631099526, 0.00132570310961, 0.000854640325997, 0.000822379777674, 0.00154682295397, 0.00175248226151, 0.000910705362912, 0.000473967782455, 0.000486551231006, 0.000376699899789, 0.000256421481026, 0.000190168124391, 0.000167906400748, 0.000148603823618, 0.000112098423415, 0.000108940817881, 0.000148744817125, 0.000143567915075, 9.09449663595e-05, 3.29334689013e-05, 5.15089254804e-07, 1.36676259199e-09, 1.32467059544e-09],
        "dmean2": [0.000766859215219, 0.00910583790392, 0.00383917265572, 0.00237961881794, 0.00247771129943, 0.00206153839827, 0.00140845403075, 0.00130531669129, 0.00248042400926, 0.00272470107302, 0.00140695308801, 0.000769992475398, 0.000791903759819, 0.000607035937719, 0.000412777357269, 0.000302322936477, 0.000273915939033, 0.000246405281359, 0.000187093857676, 0.000181914394489, 0.000239826898905, 0.000229745040997, 0.000145020807395, 5.12905862706e-05, 8.07991796137e-07, 2.47525400177e-09, 2.43979347836e-09],
        "dvar": [1.71834062712e-06, 0.000107566833321, 2.41008001467e-05, 8.17622003524e-06, 7.35586945666e-06, 7.3515375334e-06, 6.46953230898e-06, 6.74315106153e-06, 1.70518069353e-05, 1.96859309654e-05, 1.00314118754e-05, 1.63544189036e-06, 1.97449116968e-06, 7.265024351e-07, 5.83598250614e-07, 3.01854811369e-07, 1.24592062889e-07, 5.91716222687e-08, 3.58693128533e-08, 4.06974685063e-08, 7.11818373134e-08, 8.8442583035e-08, 3.12707157946e-08, 7.89742493623e-09, 3.40496532879e-12, 4.3869982872e-18, 3.33116344664e-18],
        "dvar2": [4.1941566451e-06, 0.000282163993688, 6.51216469123e-05, 2.30784880841e-05, 1.80995539267e-05, 1.68075530382e-05, 1.65473302332e-05, 1.43483694046e-05, 4.03212798119e-05, 4.3853695388e-05, 2.34780764004e-05, 3.8594871512e-06, 4.66929259346e-06, 1.71540125393e-06, 1.2269393892e-06, 6.2515840682e-07, 2.9774494692e-07, 1.49920225567e-07, 9.2841901278e-08, 1.095813289e-07, 1.77068045559e-07, 2.1636293468e-07, 7.82720590564e-08, 1.74434404698e-08, 8.59862094721e-12, 1.21410054793e-17, 1.04466492444e-17],
        "max": [0.0179674997926, 0.0862624943256, 0.0610327497125, 0.0294832326472, 0.0624980889261, 0.0902601704001, 0.06682048738, 0.0709864199162, 0.0783956497908, 0.0782218724489, 0.0865881145, 0.0317322351038, 0.0434570834041, 0.0183714870363, 0.0292045865208, 0.0222177896649, 0.0104735959321, 0.0056460336782, 0.00474544847384, 0.00616261968389, 0.00511866575107, 0.00530697032809, 0.00399635126814, 0.0028033957351, 5.90601121075e-05, 6.6576312463e-08, 2.09636574766e-08],
        "mean": [0.000685788691044, 0.00878936890513, 0.00259490427561, 0.00203544902615, 0.00304417102598, 0.00235021789558, 0.00123017560691, 0.00136427488178, 0.0026200208813, 0.00329716433771, 0.00189547368791, 0.00080033793347, 0.000762992713135, 0.000653023831546, 0.000429737410741, 0.000355283467798, 0.000338697747793, 0.000292890385026, 0.000237032814766, 0.000227710974286, 0.000326514564222, 0.000319646351272, 0.000200459646294, 6.70301233185e-05, 6.54857274185e-07, 1.34384148254e-09, 1.27171384534e-09],
        "median": [0.000194428750547, 0.0057255057618, 0.00118637364358, 0.000929509580601, 0.0015923762694, 0.000988584943116, 0.000487753364723, 0.000303482753225, 0.000569844269194, 0.000491867249366, 0.000200597918592, 0.000265245180344, 0.000258232699707, 0.00026802305365, 0.000206672062632, 0.000165394711075, 0.000181857758434, 0.000198217632715, 0.000162096228451, 0.000154347799253, 0.000211517050047, 0.000219695531996, 0.000150182517245, 3.88993794331e-05, 6.14618400618e-08, 6.47977338453e-10, 6.26233509493e-10],
        "min": [1.43030137774e-23, 6.16870531879e-24, 1.62286484906e-23, 3.58025231809e-24, 1.76442010093e-23, 2.94703792932e-23, 5.92844558165e-23, 8.92780960145e-23, 5.98831886218e-23, 2.78827493898e-23, 7.88786373643e-23, 6.0987877879e-23, 7.61767382768e-23, 5.39617904079e-23, 9.46120768439e-23, 1.0737115099e-22, 1.10425898094e-22, 1.42501424263e-22, 2.06571116641e-22, 3.36706003944e-22, 4.28966757798e-22, 4.02963277032e-22, 5.93632144271e-22, 6.1965435575e-22, 1.11399256526e-21, 1.47848911653e-21, 2.26178361726e-21],
        "var": [1.85193118796e-06, 0.000128252024297, 2.04107036552e-05, 8.42308600113e-06, 2.04280295293e-05, 1.88616359083e-05, 8.03454440756e-06, 1.87713503692e-05, 4.15208705817e-05, 6.5770225774e-05, 4.15337417508e-05, 3.78031177206e-06, 3.63802860193e-06, 1.48326478211e-06, 1.1158815596e-06, 9.13253586532e-07, 3.11555140797e-07, 1.14242098448e-07, 7.12256493784e-08, 7.17891879276e-08, 1.59061784188e-07, 1.51988942321e-07, 5.4361429136e-08, 1.73260712444e-08, 4.07784136319e-12, 4.53279631479e-18, 2.80261509435e-18]
    },
    "erbbands": {
        "dmean": [0.176667943597, 1.23753929138, 2.44803643227, 3.87949204445, 3.82932019234, 5.98044252396, 10.2289180756, 10.1675262451, 12.4226179123, 11.9695863724, 21.6978740692, 33.2624931335, 48.6750488281, 49.3864822388, 24.9248809814, 20.3292331696, 20.118768692, 18.7630958557, 13.2984342575, 12.5703134537, 8.87567424774, 8.74936199188, 7.89358377457, 5.90402173996, 5.65247678757, 4.99387931824, 6.00132036209, 5.84969472885, 5.19025087357, 4.23891639709, 2.31915140152, 1.0351600647, 0.354518979788, 0.0242502968758, 0.000776531698648, 6.46308035357e-05, 1.30567241285e-05, 3.73669195142e-06, 5.49980859432e-06, 1.20706827147e-05],
        "dmean2": [0.280035376549, 2.02915072441, 4.03485870361, 6.75701761246, 6.41596698761, 9.58630561829, 15.6925849915, 16.0606708527, 20.1114730835, 19.7676315308, 33.8526573181, 52.6147117615, 74.1207046509, 73.6696395874, 37.7372398376, 32.3296737671, 32.1951789856, 30.4472751617, 21.1072120667, 20.0794792175, 14.1503019333, 14.1952457428, 12.9684419632, 9.79157447815, 9.38149547577, 8.31577396393, 9.63417625427, 9.42775344849, 8.31034660339, 6.81359529495, 3.70988202095, 1.64265394211, 0.527399897575, 0.0355041101575, 0.00113139883615, 9.63469137787e-05, 2.00975155167e-05, 5.8496134443e-06, 8.68118695507e-06, 1.92557527043e-05],
        "dvar": [0.0827710479498, 6.38012838364, 30.6328277588, 66.6940078735, 46.8526420593, 156.870559692, 450.410003662, 567.9921875, 1476.16381836, 914.024475098, 4613.17041016, 8853.56347656, 15919.0273438, 19623.0546875, 7276.11328125, 2800.71362305, 3377.77709961, 1959.00048828, 1127.87512207, 1749.03894043, 423.162872314, 379.544647217, 166.993850708, 89.3693847656, 100.214660645, 100.879058838, 125.038665771, 135.924087524, 121.182449341, 77.4387741089, 20.0357646942, 5.80224132538, 1.38775217533, 0.00595303112641, 6.1450737121e-06, 3.0417961483e-08, 7.77917286143e-10, 5.37123436006e-11, 4.10362438474e-11, 2.14203640936e-10],
        "dvar2": [0.220931127667, 16.4586086273, 79.1038208008, 189.781509399, 127.866729736, 388.511291504, 981.676574707, 1366.92346191, 3588.85351562, 2396.84472656, 9554.59863281, 20850.5664062, 34440.6171875, 43808.6328125, 16285.1298828, 6504.70751953, 7853.59228516, 4706.9609375, 2419.78515625, 3750.54516602, 880.736083984, 923.471069336, 418.104888916, 233.751708984, 263.210540771, 272.501251221, 305.357910156, 336.668304443, 303.304107666, 191.644515991, 50.8799438477, 13.8959703445, 2.92378354073, 0.0128730209544, 1.29354666569e-05, 6.35488817124e-08, 1.68863212302e-09, 1.20896195832e-10, 1.02971638161e-10, 5.46612644037e-10],
        "max": [2.64728403091, 21.7696743011, 73.4879608154, 81.7731018066, 102.462898254, 349.835845947, 489.737579346, 612.91394043, 968.302124023, 612.024414062, 1946.39160156, 2194.44238281, 2936.19140625, 3790.39111328, 3007.47827148, 1284.98693848, 1752.77160645, 865.889709473, 1339.30383301, 1786.2277832, 875.27142334, 687.745666504, 400.308288574, 191.352920532, 256.557128906, 368.712310791, 205.390304565, 209.429138184, 214.515731812, 224.495391846, 109.944770813, 68.7994766235, 38.06016922, 1.84479892254, 0.0831322968006, 0.00429403036833, 0.000724666228052, 0.000170057552168, 8.64856556291e-05, 0.000197912086151],
        "mean": [0.301836162806, 1.7489849329, 3.10954856873, 5.63259124756, 6.61125707626, 10.6574716568, 19.2377700806, 17.3922786713, 18.4742145538, 18.1915912628, 38.9543685913, 58.8423614502, 87.5671615601, 107.89541626, 56.3783874512, 36.4332046509, 35.2664413452, 34.312210083, 25.801908493, 23.0205059052, 18.2664527893, 18.8581504822, 16.661693573, 12.9658603668, 12.0835371017, 10.8918437958, 13.1707115173, 12.5179805756, 11.2091360092, 9.16444683075, 5.14788579941, 2.2103164196, 0.684420526028, 0.0450119487941, 0.00161504093558, 0.000173099208041, 4.35379115515e-05, 1.24955331557e-05, 2.08876517718e-05, 4.17449373344e-05],
        "median": [0.182326287031, 1.05951809883, 1.53545355797, 2.99449300766, 3.70986700058, 4.88850831985, 8.02697563171, 7.10371875763, 6.49285030365, 8.34444618225, 8.98809146881, 14.3121500015, 19.0044898987, 15.1790428162, 11.7337970734, 14.2497367859, 13.651014328, 15.0972995758, 13.3201751709, 10.7849178314, 9.7121181488, 10.4208498001, 11.2710456848, 9.20792961121, 8.44852161407, 7.51777553558, 7.50652122498, 8.78856754303, 7.84031486511, 6.33184957504, 3.86621332169, 1.52794909477, 0.329653501511, 0.0166233181953, 0.00078394706361, 0.000122636789456, 3.74360897695e-05, 1.09743314169e-05, 1.9726334358e-05, 3.80108176614e-05],
        "min": [4.01323935719e-22, 1.41389612538e-21, 1.69138547389e-20, 1.28394279978e-20, 2.7657976084e-20, 4.24452674059e-20, 1.4633339439e-19, 2.3688684645e-19, 5.30091767917e-19, 1.42822224655e-18, 1.61037806738e-18, 1.52250460296e-18, 6.67288978291e-19, 1.6705657967e-18, 3.39092393717e-18, 3.3060390763e-18, 3.43680475062e-18, 3.77316492542e-18, 4.70846962456e-18, 6.79896679072e-18, 5.63576804255e-18, 6.3341922025e-18, 8.58747396371e-18, 1.1128199747e-17, 1.08342602892e-17, 1.43630814383e-17, 1.57432389078e-17, 2.13765274765e-17, 1.50055460026e-17, 1.26863582125e-17, 1.72922768799e-17, 1.3117861115e-17, 1.09696945709e-17, 1.07679195769e-17, 8.09180004371e-18, 5.24101718832e-18, 2.62691324685e-18, 1.10920494727e-18, 3.15814843686e-19, 3.16116699986e-20],
        "var": [0.141396909952, 6.78309011459, 28.3046131134, 60.1088066101, 69.9812240601, 398.78338623, 1344.08410645, 1252.265625, 2192.43212891, 1173.92224121, 13012.4580078, 23327.5019531, 43535.1367188, 81059.015625, 30873.6347656, 6401.50683594, 6866.90625, 4081.18432617, 2416.13916016, 3705.47094727, 1181.74121094, 1043.46289062, 367.491851807, 179.520904541, 195.950698853, 161.531143188, 336.810974121, 225.266204834, 189.556518555, 131.758956909, 34.8814506531, 11.4775686264, 2.91489005089, 0.0129470489919, 1.37752649607e-05, 7.47799617784e-08, 2.01257743804e-09, 1.37842931514e-10, 1.51810758409e-10, 6.6535871257e-10]
    },
    "gfcc": {
        "mean": [-22.2709617615, 141.410324097, -164.996551514, 64.9595565796, -73.3121032715, 11.7603111267, -10.0881376266, -20.7735710144, 8.47298049927, -25.0725498199, 3.21032071114, -12.9874153137, -0.59488338232],
        "cov": [[3985.18847656, -587.137451172, 182.599060059, 484.745056152, -629.346679688, 871.491699219, -151.668914795, 296.074523926, 133.048538208, -26.4502239227, 391.858520508, 23.3820743561, 258.036834717], [-587.137451172, 1070.56311035, 401.48348999, 72.4053344727, 555.209106445, -257.637145996, 207.867584229, -77.6343002319, -7.72956085205, 49.7253952026, -56.8123168945, 37.6442527771, -48.7778015137], [182.599060059, 401.48348999, 1032.07348633, 563.262756348, 117.104469299, 110.413635254, -172.100311279, -10.0039329529, -3.94946837425, 13.0835752487, 91.3720779419, 28.8287506104, 32.5400314331], [484.745056152, 72.4053344727, 563.262756348, 551.74810791, 32.7968902588, 163.156112671, -115.035942078, 1.19540250301, 48.8398895264, 22.4420585632, 97.1223754883, 36.8972473145, 46.7929611206], [-629.346679688, 555.209106445, 117.104469299, 32.7968902588, 531.815307617, -104.799865723, 214.848678589, 7.06090688705, 24.4364395142, 97.9053649902, -57.2549362183, 39.6935882568, 1.62075614929], [871.491699219, -257.637145996, 110.413635254, 163.156112671, -104.799865723, 490.125640869, 84.5285568237, 162.187988281, 71.6561355591, 26.1445236206, 126.408180237, 18.7676925659, 99.9008331299], [-151.668914795, 207.867584229, -172.100311279, -115.035942078, 214.848678589, 84.5285568237, 412.272888184, 81.7361602783, 47.2034988403, 66.4125823975, -19.1020507812, 45.4074478149, 4.6846075058], [296.074523926, -77.6343002319, -10.0039329529, 1.19540250301, 7.06090688705, 162.187988281, 81.7361602783, 211.996810913, 92.4774856567, 56.3170013428, 72.2092590332, 0.41491779685, 56.6554985046], [133.048538208, -7.72956085205, -3.94946837425, 48.8398895264, 24.4364395142, 71.6561355591, 47.2034988403, 92.4774856567, 156.569030762, 59.8194503784, 49.2009887695, 30.2198410034, 20.1129684448], [-26.4502239227, 49.7253952026, 13.0835752487, 22.4420585632, 97.9053649902, 26.1445236206, 66.4125823975, 56.3170013428, 59.8194503784, 113.505638123, 42.298500061, 31.5169239044, 29.5433807373], [391.858520508, -56.8123168945, 91.3720779419, 97.1223754883, -57.2549362183, 126.408180237, -19.1020507812, 72.2092590332, 49.2009887695, 42.298500061, 142.523391724, 40.6633377075, 48.2407875061], [23.3820743561, 37.6442527771, 28.8287506104, 36.8972473145, 39.6935882568, 18.7676925659, 45.4074478149, 0.41491779685, 30.2198410034, 31.5169239044, 40.6633377075, 90.8118667603, 44.0311470032], [258.036834717, -48.7778015137, 32.5400314331, 46.7929611206, 1.62075614929, 99.9008331299, 4.6846075058, 56.6554985046, 20.1129684448, 29.5433807373, 48.2407875061, 44.0311470032, 114.045097351]],
        "icov": [[0.000842569919769, -0.00118553079665, 0.00104622158688, -0.00113386369776, 0.00154479127377, -0.00136252562515, 0.000573504366912, -0.000594600918703, 0.000410377368098, -0.000173995053046, -0.000368628854631, 0.0001739597501, -0.000741852389183], [-0.00118553079665, 0.00633669830859, -0.00427540577948, 0.00332458084449, -0.00597013859078, 0.00440626218915, -0.00346122658812, 0.00302696111612, -0.0023864984978, 0.00314577133395, -0.00275834137574, 0.00197992776521, 0.000120233118651], [0.00104622158688, -0.00427540577948, 0.00557125872001, -0.00491747865453, 0.00331245851703, -0.00326756830327, 0.00319650955498, -0.00289941113442, 0.00284444028512, -0.00166278029792, 0.00117825216148, -0.00174615543801, 0.000461419083877], [-0.00113386369776, 0.00332458084449, -0.00491747865453, 0.00751927495003, -0.00392899056897, 0.00129041296896, -0.00100508786272, 0.00371380336583, -0.00333546893671, 0.00138290203176, -0.00177601224277, 0.000717636779882, 0.0001313007524], [0.00154479127377, -0.00597013859078, 0.00331245851703, -0.00392899056897, 0.00999712757766, -0.00307676708326, 0.000883020926267, -0.0030628326349, 0.00240314262919, -0.00552016124129, 0.00408807490021, -0.00154038425535, -0.00147170259152], [-0.00136252562515, 0.00440626218915, -0.00326756830327, 0.00129041296896, -0.00307676708326, 0.00830313749611, -0.00466899201274, 0.000592731230427, -0.00179402879439, 0.00290660490282, -0.00317338923924, 0.0030996282585, -0.00225296546705], [0.000573504366912, -0.00346122658812, 0.00319650955498, -0.00100508786272, 0.000883020926267, -0.00466899201274, 0.00751731451601, -0.00348194153048, 0.00204958883114, -0.00258086295798, 0.0034716068767, -0.00533666554838, 0.00311974203214], [-0.000594600918703, 0.00302696111612, -0.00289941113442, 0.00371380336583, -0.0030628326349, 0.000592731230427, -0.00348194153048, 0.0133030191064, -0.00665421085432, 0.000615276861936, -0.00531416153535, 0.00790887139738, -0.00478935241699], [0.000410377368098, -0.0023864984978, 0.00284444028512, -0.00333546893671, 0.00240314262919, -0.00179402879439, 0.00204958883114, -0.00665421085432, 0.0126331252977, -0.00491481367499, 0.0019930053968, -0.00552352517843, 0.00370131991804], [-0.000173995053046, 0.00314577133395, -0.00166278029792, 0.00138290203176, -0.00552016124129, 0.00290660490282, -0.00258086295798, 0.000615276861936, -0.00491481367499, 0.0179775729775, -0.00680814497173, 0.00146154081449, -0.00249590701424], [-0.000368628854631, -0.00275834137574, 0.00117825216148, -0.00177601224277, 0.00408807490021, -0.00317338923924, 0.0034716068767, -0.00531416153535, 0.0019930053968, -0.00680814497173, 0.0180146694183, -0.0088175162673, 0.00246222084388], [0.0001739597501, 0.00197992776521, -0.00174615543801, 0.000717636779882, -0.00154038425535, 0.0030996282585, -0.00533666554838, 0.00790887139738, -0.00552352517843, 0.00146154081449, -0.0088175162673, 0.0234275758266, -0.0104658165947], [-0.000741852389183, 0.000120233118651, 0.000461419083877, 0.0001313007524, -0.00147170259152, -0.00225296546705, 0.00311974203214, -0.00478935241699, 0.00370131991804, -0.00249590701424, 0.00246222084388, -0.0104658165947, 0.0175514221191]]
    },
    "melbands": {
        "dmean": [0.00154398463201, 0.00132801511791, 0.000640717858914, 0.000317899073707, 0.000337533158017, 0.000235382525716, 0.000185311568202, 0.000133707508212, 0.000193312735064, 0.000218345652684, 0.000249978387728, 0.00021039400599, 0.000108418753371, 5.34884347871e-05, 5.72864155401e-05, 4.3129282858e-05, 3.65467421943e-05, 2.4447161195e-05, 1.81905397767e-05, 1.57878930622e-05, 1.09809034257e-05, 9.57472911978e-06, 9.90273565549e-06, 7.27079395801e-06, 5.05024172526e-06, 4.55426334156e-06, 4.15659951614e-06, 3.50853883901e-06, 4.11610471929e-06, 3.68408336726e-06, 3.79153379981e-06, 3.27621273755e-06, 2.81262487078e-06, 2.39348150899e-06, 1.59801368227e-06, 8.97663483101e-07, 6.0368921595e-07, 3.32553867111e-07, 7.14284027481e-08, 3.15558179587e-09],
        "dmean2": [0.00253465189599, 0.00213022041135, 0.00110322830733, 0.000517650158145, 0.000517322740052, 0.000368943525245, 0.000301565334667, 0.000218480097828, 0.000302517233649, 0.000346356391674, 0.000379873876227, 0.000315651792334, 0.00016588139988, 8.58558851178e-05, 9.07018475118e-05, 6.9298876042e-05, 5.91334573983e-05, 3.90645545849e-05, 2.91252927127e-05, 2.52187401202e-05, 1.774365046e-05, 1.57293470693e-05, 1.62778160302e-05, 1.20263621284e-05, 8.45034173835e-06, 7.6449550761e-06, 6.91774039296e-06, 5.85450288781e-06, 6.63487116981e-06, 6.00134035267e-06, 6.15911312707e-06, 5.32012563781e-06, 4.5525735004e-06, 3.85815064874e-06, 2.58499062511e-06, 1.45368210269e-06, 9.66909851741e-07, 5.01637657635e-07, 1.0700490094e-07, 4.77409045629e-09],
        "dvar": [7.32745411369e-06, 7.87922908785e-06, 1.66008396718e-06, 3.29485573047e-07, 4.16404958514e-07, 2.7660030355e-07, 3.13641066896e-07, 1.11294220062e-07, 3.187713844e-07, 3.57015721875e-07, 4.1103521653e-07, 3.50665317228e-07, 1.53017950311e-07, 2.23675300504e-08, 3.09563965573e-08, 1.35734117279e-08, 7.65641061662e-09, 3.7175551526e-09, 3.44022277332e-09, 2.78476597337e-09, 6.90887846932e-10, 4.99815300259e-10, 3.8141348413e-10, 1.42104689127e-10, 6.90768900413e-11, 6.60273918873e-11, 5.84420428718e-11, 5.155068733e-11, 6.90336260378e-11, 5.04196025208e-11, 6.17531858982e-11, 4.56062618226e-11, 3.60273477717e-11, 2.35198371196e-11, 9.41160083895e-12, 2.97540941538e-12, 2.72382875803e-12, 1.35075880602e-12, 5.59128108667e-14, 3.467928116e-16],
        "dvar2": [1.97439312615e-05, 1.97032768483e-05, 4.67425388706e-06, 8.3779588067e-07, 9.22949368487e-07, 6.48471086606e-07, 7.74183263275e-07, 2.81194388663e-07, 6.70219662879e-07, 8.41370422222e-07, 8.80519166913e-07, 7.95217147243e-07, 3.6329859654e-07, 5.24066727792e-08, 7.27620204088e-08, 3.14261079382e-08, 1.80531980476e-08, 8.27718338314e-09, 7.36709537819e-09, 5.6881850341e-09, 1.444718567e-09, 1.20850784935e-09, 9.27353305258e-10, 3.59810181649e-10, 1.83094706063e-10, 1.6987145024e-10, 1.59998431171e-10, 1.37582598092e-10, 1.71367989243e-10, 1.28458341186e-10, 1.55629106824e-10, 1.14904606663e-10, 8.97101490316e-11, 5.91005785977e-11, 2.42042497156e-11, 7.59541735063e-12, 6.46800061427e-12, 2.89996542405e-12, 1.25621342213e-13, 7.79734009073e-16],
        "max": [0.021963685751, 0.0328434407711, 0.0128218885511, 0.0165319349617, 0.0139114111662, 0.0143930725753, 0.0141446050256, 0.00810008589178, 0.0148995416239, 0.011970882304, 0.0142857581377, 0.0149002280086, 0.0135351689532, 0.00431541353464, 0.0058834371157, 0.00278697628528, 0.00191260571592, 0.00170928623993, 0.00211136299185, 0.00203862693161, 0.00143579556607, 0.000967578438576, 0.000509944860823, 0.000220011832425, 0.000175463632331, 0.000217835637159, 0.000202611772693, 0.000250229611993, 0.00018093851395, 0.000167668797076, 0.000150542327901, 0.000114222559205, 0.000135777561809, 0.000128955885884, 7.20193129382e-05, 4.45600526291e-05, 5.34556056664e-05, 4.43161225121e-05, 4.40909889221e-06, 9.67617893366e-07],
        "mean": [0.00256177783012, 0.00190946133807, 0.000993416644633, 0.000579435785767, 0.000650059431791, 0.000406801234931, 0.000274642632576, 0.000205809279578, 0.000341685343301, 0.000371890258975, 0.000438227987615, 0.000446040561656, 0.000239799148403, 8.93616888789e-05, 9.15974887903e-05, 6.90470260452e-05, 6.32330556982e-05, 4.34652392869e-05, 3.07919472107e-05, 2.84888192255e-05, 1.99298392545e-05, 1.90019691217e-05, 1.80494698725e-05, 1.38235582199e-05, 9.96845210466e-06, 9.01998646441e-06, 8.05502440926e-06, 6.81123447066e-06, 8.39981294121e-06, 7.26969392417e-06, 7.38516837373e-06, 6.52555218039e-06, 5.6738585954e-06, 4.80734524899e-06, 3.2408631796e-06, 1.85862666058e-06, 1.1521427723e-06, 5.93350989675e-07, 1.14467361811e-07, 3.83813247851e-09],
        "median": [0.0016762225423, 0.00109589239582, 0.000612560193986, 0.000312342483085, 0.000299197097775, 0.000166042518686, 0.000100833014585, 8.37228799355e-05, 6.97280629538e-05, 8.01197020337e-05, 8.16782339825e-05, 5.59034087928e-05, 3.20953295159e-05, 3.00528699881e-05, 3.04675049847e-05, 2.64907066594e-05, 2.4733146347e-05, 1.93961077457e-05, 1.46479178511e-05, 1.21666071209e-05, 1.04248783828e-05, 1.00722754723e-05, 1.02660615084e-05, 8.91754643817e-06, 6.75893261359e-06, 5.93113009018e-06, 5.4030811043e-06, 4.40025451098e-06, 4.16082821175e-06, 4.66315759695e-06, 4.93582774652e-06, 4.43777389592e-06, 3.63434924111e-06, 3.26924327965e-06, 2.31153080676e-06, 1.37492702379e-06, 6.83589632899e-07, 2.66407937488e-07, 2.65884629869e-08, 1.51335916021e-10],
        "min": [4.66898883567e-24, 7.41679765568e-24, 2.57625957769e-24, 4.26312187209e-24, 4.10689309741e-24, 5.20402782818e-24, 9.56288112656e-24, 1.77842790403e-23, 1.1291155463e-23, 8.9624932911e-24, 2.92806491736e-24, 6.2559959334e-24, 1.23450933539e-23, 6.45663402717e-24, 4.2928280072e-24, 8.03839480545e-24, 6.07921259897e-24, 8.46638340097e-24, 8.10306246702e-24, 6.63388239511e-24, 5.98160841689e-24, 6.78406178994e-24, 5.7455145753e-24, 5.56764024624e-24, 9.17604346017e-24, 7.12572375888e-24, 9.25605604406e-24, 8.4405245405e-24, 9.68413220314e-24, 8.65931984572e-24, 1.35137868407e-23, 8.55284097846e-24, 6.63060467805e-24, 7.03507338567e-24, 1.01920268863e-23, 8.465101502e-24, 8.00333388252e-24, 6.50219035002e-24, 8.49642716854e-24, 7.83335092352e-24],
        "var": [9.84948746918e-06, 8.44145597512e-06, 1.52568486556e-06, 7.83964253515e-07, 1.29676300276e-06, 6.46028865958e-07, 4.42572940074e-07, 1.80424109431e-07, 8.78229570844e-07, 8.74725117228e-07, 1.1455723552e-06, 1.44507919231e-06, 6.88839179475e-07, 5.09801161286e-08, 6.11996711086e-08, 2.24247713732e-08, 1.59730912941e-08, 7.9329280922e-09, 6.52859011296e-09, 8.34360136537e-09, 1.35485944686e-09, 1.24716603711e-09, 7.42086336825e-10, 2.91749485681e-10, 1.21504986628e-10, 1.25902732684e-10, 9.91941875861e-11, 7.44542205666e-11, 1.85177290168e-10, 8.97897103891e-11, 9.15798548107e-11, 6.79102468704e-11, 5.76002162633e-11, 3.8146454745e-11, 1.52956796534e-11, 5.03846487102e-12, 4.9338250499e-12, 2.60491411427e-12, 1.08293013229e-13, 4.20909623853e-16]
    },
    "mfcc": {
        "mean": [-632.549560547, 129.292678833, -17.9171104431, 39.8232078552, -21.9915924072, 27.6403713226, -16.2713947296, 19.9308624268, -9.89745998383, 10.5447874069, -7.1722536087, 4.86077165604, -10.5104427338],
        "cov": [[3382.31835938, -760.161621094, 331.30871582, -195.703338623, -196.302536011, 301.290252686, -32.3913383484, 379.515472412, -110.394325256, 293.884429932, -174.562393188, 380.673309326, -22.1981945038], [-760.161621094, 939.471679688, -17.3069019318, 253.345046997, 204.800796509, -6.9316778183, 166.733566284, -59.3844032288, 100.465644836, -59.1439666748, 113.509971619, -90.9926986694, 53.1423225403], [331.30871582, -17.3069019318, 987.674072266, 340.985198975, 317.916137695, 164.223129272, -29.3407974243, 52.1357765198, -111.182037354, -9.69570636749, -58.3236236572, 100.974136353, 27.5819358826], [-195.703338623, 253.345046997, 340.985198975, 454.811035156, 226.543960571, 94.7987594604, 1.47030508518, -30.3165874481, -20.447511673, -44.1330337524, 15.5446815491, 3.07688999176, 52.4874000549], [-196.302536011, 204.800796509, 317.916137695, 226.543960571, 383.207244873, 44.5695533752, 47.872215271, -41.7129745483, 44.5725746155, -15.3096055984, 11.6542797089, 22.6851959229, 53.7914199829], [301.290252686, -6.9316778183, 164.223129272, 94.7987594604, 44.5695533752, 247.688186646, 84.2580032349, 103.08290863, 36.0575904846, 42.3341712952, 5.7768406868, 61.1488647461, 32.918712616], [-32.3913383484, 166.733566284, -29.3407974243, 1.47030508518, 47.872215271, 84.2580032349, 259.877258301, 56.1134376526, 125.1693573, 34.7708778381, 58.7961387634, 9.42662620544, 36.6896247864], [379.515472412, -59.3844032288, 52.1357765198, -30.3165874481, -41.7129745483, 103.08290863, 56.1134376526, 186.148391724, 43.5753631592, 93.446723938, 15.6333589554, 74.2065429688, 23.5970058441], [-110.394325256, 100.465644836, -111.182037354, -20.447511673, 44.5725746155, 36.0575904846, 125.1693573, 43.5753631592, 201.069900513, 50.8058891296, 68.0584182739, 4.43993854523, 40.9209327698], [293.884429932, -59.1439666748, -9.69570636749, -44.1330337524, -15.3096055984, 42.3341712952, 34.7708778381, 93.446723938, 50.8058891296, 146.358261108, 43.9168510437, 74.1785354614, 9.667719841], [-174.562393188, 113.509971619, -58.3236236572, 15.5446815491, 11.6542797089, 5.7768406868, 58.7961387634, 15.6333589554, 68.0584182739, 43.9168510437, 143.145523071, 16.612903595, 33.1627616882], [380.673309326, -90.9926986694, 100.974136353, 3.07688999176, 22.6851959229, 61.1488647461, 9.42662620544, 74.2065429688, 4.43993854523, 74.1785354614, 16.612903595, 145.343948364, 42.2790107727], [-22.1981945038, 53.1423225403, 27.5819358826, 52.4874000549, 53.7914199829, 32.918712616, 36.6896247864, 23.5970058441, 40.9209327698, 9.667719841, 33.1627616882, 42.2790107727, 108.743026733]],
