{
"lowlevel": {
    "average_loudness": 0.946567296982,
    "barkbands_crest": {
        "dmean": 2.74574518204,
        "dmean2": 4.58823347092,
        "dvar": 5.56431388855,
        "dvar2": 14.861158371,
        "max": 25.4813556671,
        "mean": 9.29231452942,
        "median": 8.40000343323,
        "min": 2.31667852402,
        "var": 16.0441322327
    },
    "barkbands_flatness_db": {
        "dmean": 0.0196288470179,
        "dmean2": 0.0325308665633,
        "dvar": 0.000310078612529,
        "dvar2": 0.000820028537419,
        "max": 0.455016344786,
        "mean": 0.16550424695,
        "median": 0.155595481396,
        "min": 0.0421510785818,
        "var": 0.00201655551791
    },
    "barkbands_kurtosis": {
        "dmean": 2.18640565872,
        "dmean2": 3.61700534821,
        "dvar": 31.9886188507,
        "dvar2": 87.4662857056,
        "max": 217.907669067,
        "mean": 2.74158239365,
        "median": 0.941606044769,
        "min": -1.90577638149,
        "var": 56.1132698059
    },
    "barkbands_skewness": {
        "dmean": 0.45719781518,
        "dmean2": 0.74035692215,
        "dvar": 0.247388646007,
        "dvar2": 0.624142169952,
        "max": 13.4916133881,
        "mean": 1.36218655109,
        "median": 1.17990016937,
        "min": -2.2116484642,
        "var": 1.04719638824
    },
    "barkbands_spread": {
        "dmean": 5.99737501144,
        "dmean2": 9.63898849487,
        "dvar": 37.1996383667,
        "dvar2": 84.3576507568,
        "max": 87.484046936,
        "mean": 25.4211235046,
        "median": 24.2256393433,
        "min": 0.733430206776,
        "var": 144.098724365
    },
    "dissonance": {
        "dmean": 0.0165369343013,
        "dmean2": 0.0281722359359,
        "dvar": 0.000237702115555,
        "dvar2": 0.00066179264104,
        "max": 0.500000059605,
        "mean": 0.471798479557,
        "median": 0.476500719786,
        "min": 0.320831120014,
        "var": 0.000434843066614
    },
    "dynamic_complexity": 2.44478034973,
    "erbbands_crest": {
        "dmean": 2.91456484795,
        "dmean2": 4.76395463943,
        "dvar": 7.66073846817,
        "dvar2": 18.9447422028,
        "max": 30.6223392487,
        "mean": 8.99663162231,
        "median": 7.68105506897,
        "min": 2.07731533051,
        "var": 24.3261833191
    },
    "erbbands_flatness_db": {
        "dmean": 0.0139183821157,
        "dmean2": 0.0215951483697,
        "dvar": 0.000150599051267,
        "dvar2": 0.000361922109732,
        "max": 0.435196131468,
        "mean": 0.195950523019,
        "median": 0.187516540289,
        "min": 0.0942330211401,
        "var": 0.00173301657196
    },
    "erbbands_kurtosis": {
        "dmean": 0.714825928211,
        "dmean2": 1.15458369255,
        "dvar": 0.93345117569,
        "dvar2": 2.32738947868,
        "max": 14.3168830872,
        "mean": -0.0887384712696,
        "median": -0.544183969498,
        "min": -1.80056154728,
        "var": 2.13304710388
    },
    "erbbands_skewness": {
        "dmean": 0.365250915289,
        "dmean2": 0.577105462551,
        "dvar": 0.108914889395,
        "dvar2": 0.259392589331,
        "max": 3.13617777824,
        "mean": 0.379033207893,
        "median": 0.327338278294,
        "min": -3.53698086739,
        "var": 0.474400818348
    },
    "erbbands_spread": {
        "dmean": 7.55511140823,
        "dmean2": 11.7356081009,
        "dvar": 50.3734512329,
        "dvar2": 115.172523499,
        "max": 137.749359131,
        "mean": 43.4383277893,
        "median": 43.0439605713,
        "min": 7.70407247543,
        "var": 288.962890625
    },
    "hfc": {
        "dmean": 6.28359031677,
        "dmean2": 9.47412109375,
        "dvar": 46.4679031372,
        "dvar2": 105.551498413,
        "max": 99.3501205444,
        "mean": 26.3605461121,
        "median": 25.7238693237,
        "min": 1.18368738328e-16,
        "var": 236.722702026
    },
    "melbands_crest": {
        "dmean": 3.53849720955,
        "dmean2": 5.98316907883,
        "dvar": 8.61553764343,
        "dvar2": 23.2073802948,
        "max": 35.747467041,
        "mean": 13.2223320007,
        "median": 12.3676452637,
        "min": 2.02812123299,
        "var": 24.2353649139
    },
    "melbands_flatness_db": {
        "dmean": 0.024251498282,
        "dmean2": 0.0394068285823,
        "dvar": 0.000499082438182,
        "dvar2": 0.00126884132624,
        "max": 0.602739155293,
        "mean": 0.18240018189,
        "median": 0.170534312725,
        "min": 0.00534027069807,
        "var": 0.00387843488716
    },
    "melbands_kurtosis": {
        "dmean": 5.42204046249,
        "dmean2": 8.92081546783,
        "dvar": 100.336502075,
        "dvar2": 269.22744751,
        "max": 294.195556641,
        "mean": 10.9430465698,
        "median": 6.66783571243,
        "min": -1.83735263348,
        "var": 233.370925903
    },
    "melbands_skewness": {
        "dmean": 0.646478772163,
        "dmean2": 1.04405546188,
        "dvar": 0.436162978411,
        "dvar2": 1.09886980057,
        "max": 13.1309967041,
        "mean": 2.4680378437,
        "median": 2.2626080513,
        "min": -0.689941704273,
        "var": 1.973554492
    },
    "melbands_spread": {
        "dmean": 7.22315788269,
        "dmean2": 11.7014446259,
        "dvar": 66.4040374756,
        "dvar2": 154.842697144,
        "max": 165.506057739,
        "mean": 26.8665599823,
        "median": 25.5251579285,
        "min": 0.568992316723,
        "var": 216.351394653
    },
    "pitch_salience": {
        "dmean": 0.0710169002414,
        "dmean2": 0.118298187852,
        "dvar": 0.00360175571404,
        "dvar2": 0.00954441167414,
        "max": 0.920379161835,
        "mean": 0.58334594965,
        "median": 0.588898003101,
        "min": 0.109527051449,
        "var": 0.0110335033387
    },
    "silence_rate_20dB": {
        "dmean": 0,
        "dmean2": 0,
        "dvar": 0,
        "dvar2": 0,
        "max": 1,
        "mean": 1,
        "median": 1,
        "min": 1,
        "var": 0
    },
    "silence_rate_30dB": {
        "dmean": 0,
        "dmean2": 0,
        "dvar": 0,
        "dvar2": 0,
        "max": 1,
        "mean": 1,
        "median": 1,
        "min": 1,
        "var": 0
    },
    "silence_rate_60dB": {
        "dmean": 0.00390759669244,
        "dmean2": 0.00781609211117,
        "dvar": 0.00389231787995,
        "dvar2": 0.00913425348699,
        "max": 1,
        "mean": 0.0347046665847,
        "median": 0,
        "min": 0,
        "var": 0.0335011817515
    },
    "spectral_centroid": {
        "dmean": 276.078277588,
        "dmean2": 444.727172852,
        "dvar": 79838.921875,
        "dvar2": 176021.015625,
        "max": 11158.7431641,
        "mean": 1550.79711914,
        "median": 1535.95605469,
        "min": 287.588409424,
        "var": 334356.84375
    },
    "spectral_complexity": {
        "dmean": 4.30915975571,
        "dmean2": 6.62827587128,
        "dvar": 16.6880817413,
        "dvar2": 32.8511047363,
        "max": 59,
        "mean": 25.7980918884,
        "median": 27,
        "min": 0,
        "var": 113.888175964
    },
    "spectral_decrease": {
        "dmean": 2.53582754794e-09,
        "dmean2": 4.11577838477e-09,
        "dvar": 8.62149093922e-18,
        "dvar2": 2.18134376586e-17,
        "max": 1.26395977615e-28,
        "mean": -7.51069251237e-09,
        "median": -6.98767799179e-09,
        "min": -3.19044239916e-08,
        "var": 1.89031962336e-17
    },
    "spectral_energy": {
        "dmean": 0.00998006295413,
        "dmean2": 0.0161188431084,
        "dvar": 0.000130026222905,
        "dvar2": 0.00032771989936,
        "max": 0.124537080526,
        "mean": 0.0307379625738,
        "median": 0.028966743499,
        "min": 1.06337234294e-20,
        "var": 0.000300425512251
    },
    "spectral_energyband_high": {
        "dmean": 0.000428484694567,
        "dmean2": 0.000639795558527,
        "dvar": 4.34838483443e-07,
        "dvar2": 9.40028087371e-07,
        "max": 0.0158246792853,
        "mean": 0.00135517842136,
        "median": 0.00119049451314,
        "min": 7.95217432799e-21,
        "var": 1.43561874211e-06
    },
    "spectral_energyband_low": {
        "dmean": 0.0047222385183,
        "dmean2": 0.00799386110157,
        "dvar": 5.0961447414e-05,
        "dvar2": 0.000141083306517,
        "max": 0.0939406827092,
        "mean": 0.00802537519485,
        "median": 0.00600263150409,
        "min": 4.10402266923e-23,
        "var": 6.81102537783e-05
    },
    "spectral_energyband_middle_high": {
        "dmean": 0.00243495032191,
        "dmean2": 0.00368042034097,
        "dvar": 1.72745476448e-05,
        "dvar2": 4.38656679762e-05,
        "max": 0.0678265616298,
        "mean": 0.00729952147231,
        "median": 0.00487122591585,
        "min": 1.2689309055e-21,
        "var": 6.10001698078e-05
    },
    "spectral_energyband_middle_low": {
        "dmean": 0.00703865243122,
        "dmean2": 0.011571103707,
        "dvar": 9.10287781153e-05,
        "dvar2": 0.000235652842093,
        "max": 0.113516896963,
        "mean": 0.0152125554159,
        "median": 0.0111020319164,
        "min": 1.64485033938e-22,
        "var": 0.000165008590557
    },
    "spectral_entropy": {
        "dmean": 0.112024307251,
        "dmean2": 0.179158970714,
        "dvar": 0.0108350114897,
        "dvar2": 0.0260575544089,
        "max": 9.80274391174,
        "mean": 7.73007917404,
        "median": 7.75910568237,
        "min": 5.97128915787,
        "var": 0.0687436386943
    },
    "spectral_flux": {
        "dmean": 0.0246030595154,
        "dmean2": 0.0380943641067,
        "dvar": 0.00061347684823,
        "dvar2": 0.0012572145788,
        "max": 0.29468998313,
        "mean": 0.101743079722,
        "median": 0.0973186194897,
        "min": 6.9419095472e-11,
        "var": 0.00174335879274
    },
    "spectral_kurtosis": {
        "dmean": 1.31953120232,
        "dmean2": 2.32686662674,
        "dvar": 3.66887712479,
        "dvar2": 10.9722681046,
        "max": 53.3163757324,
        "mean": 1.62060236931,
        "median": 1.06127476692,
        "min": -1.29185271263,
        "var": 7.46186065674
    },
    "spectral_rms": {
        "dmean": 0.000849580275826,
        "dmean2": 0.00134939060081,
        "dvar": 7.05699392256e-07,
        "dvar2": 1.69719328369e-06,
        "max": 0.0110226850957,
        "mean": 0.00522538274527,
        "median": 0.00531603582203,
        "min": 3.22092591314e-12,
        "var": 2.68368671641e-06
    },
    "spectral_rolloff": {
        "dmean": 573.743835449,
        "dmean2": 970.715515137,
        "dvar": 632483.25,
        "dvar2": 1464373.875,
        "max": 19422.9492188,
        "mean": 1621.29711914,
        "median": 1345.82519531,
        "min": 43.06640625,
        "var": 1513843.375
    },
    "spectral_skewness": {
        "dmean": 0.184790894389,
        "dmean2": 0.310065746307,
        "dvar": 0.033758431673,
        "dvar2": 0.0928390473127,
        "max": 5.33874988556,
        "mean": 0.872427225113,
        "median": 0.836121678352,
        "min": -0.550906717777,
        "var": 0.129688307643
    },
    "spectral_spread": {
        "dmean": 279129.59375,
        "dmean2": 420438.625,
        "dvar": 153171361792,
        "dvar2": 224960806912,
        "max": 41725104,
        "mean": 3891178.25,
        "median": 3883259.5,
        "min": 1050426.625,
        "var": 1.17418819584e+12
    },
    "spectral_strongpeak": {
        "dmean": 0.668866455555,
        "dmean2": 1.12589645386,
        "dvar": 0.785538315773,
        "dvar2": 2.02549242973,
        "max": 10.6863451004,
        "mean": 1.15481734276,
        "median": 0.560750603676,
        "min": 0,
        "var": 1.65778028965
    },
    "zerocrossingrate": {
        "dmean": 0.00837822351605,
        "dmean2": 0.0103854611516,
        "dvar": 8.51957665873e-05,
        "dvar2": 0.000116375900689,
        "max": 0.49560546875,
        "mean": 0.0659918114543,
        "median": 0.064453125,
        "min": 0.00244140625,
        "var": 0.00068855547579
    },
    "barkbands": {
        "dmean": [0.000158818322234, 0.00287972087972, 0.00215045362711, 0.0016686047893, 0.00278180814348, 0.00194273027591, 0.00113570713438, 0.00108322163578, 0.00176759355236, 0.00121593626682, 0.000825391907711, 0.000408445746871, 0.000386585947126, 0.000289333809633, 0.000286148366285, 0.00022241975239, 0.000224497911404, 0.000235533938394, 0.00023291161051, 0.000197676665266, 0.000133332272526, 0.000153641682118, 0.000143850367749, 5.11804573762e-05, 1.24878386032e-06, 1.75108227918e-09, 1.19174980995e-09],
        "dmean2": [0.000258253305219, 0.00489977560937, 0.00371718010865, 0.00300024426542, 0.00468676863238, 0.00315469363704, 0.00186272524297, 0.0018157196464, 0.00287779304199, 0.0019945204258, 0.00126653339248, 0.000656028918456, 0.000619153783191, 0.000469176360639, 0.000468799931696, 0.000360497157089, 0.000367399596144, 0.000378689757781, 0.00037022534525, 0.000308757735183, 0.000210782178328, 0.00024306771229, 0.000221773749217, 7.73427600507e-05, 1.86853151263e-06, 3.01100122613e-09, 2.20271800799e-09],
        "dvar": [2.74877265838e-07, 2.07044358831e-05, 1.27973044073e-05, 1.14947306429e-05, 2.52517511399e-05, 1.70144030562e-05, 5.37802498002e-06, 7.63451043895e-06, 1.37679089676e-05, 1.17193494589e-05, 5.3079816098e-06, 1.24067571505e-06, 6.13449117282e-07, 4.42838512527e-07, 2.40078804836e-07, 1.98634950266e-07, 9.80170682396e-08, 1.17859563886e-07, 1.18501844781e-07, 9.7729071058e-08, 4.91124829693e-08, 8.71643379696e-08, 5.60221735668e-08, 7.78468312035e-09, 2.12503521724e-11, 1.57065914979e-17, 2.68898488001e-18],
        "dvar2": [7.28604504729e-07, 5.66761336813e-05, 3.55669944838e-05, 3.33895623044e-05, 6.64331164444e-05, 4.08986088587e-05, 1.35970340125e-05, 2.00603626581e-05, 3.57857315976e-05, 3.10213690682e-05, 1.23439631352e-05, 3.12178667627e-06, 1.44330488183e-06, 1.09624863853e-06, 6.22255072358e-07, 4.7028979111e-07, 2.42551323026e-07, 2.93636247761e-07, 2.74524296628e-07, 2.21554486757e-07, 1.13338892049e-07, 2.02216114076e-07, 1.30679495669e-07, 1.67219678104e-08, 4.71918476519e-11, 3.73507350636e-17, 8.4290821113e-18],
        "max": [0.0182653646916, 0.0769108012319, 0.0418859235942, 0.0331719890237, 0.0771525129676, 0.0599293336272, 0.0422829985619, 0.0686731114984, 0.0532253161073, 0.0602157823741, 0.0589514821768, 0.0292221680284, 0.0197683945298, 0.018780099228, 0.00903382990509, 0.0152672985569, 0.00705938600004, 0.00743640493602, 0.0100589590147, 0.00556439626962, 0.00506247393787, 0.00793363992125, 0.00699486443773, 0.00189111172222, 0.000150643638335, 9.44499376487e-08, 1.73256236025e-08],
        "mean": [0.000221865353524, 0.00383830163628, 0.00313164945692, 0.00166030507535, 0.00414873147383, 0.00314279645681, 0.00161023833789, 0.00147794431541, 0.00262112519704, 0.00193607958499, 0.0012853203807, 0.000655901036225, 0.000637191114947, 0.000445158366347, 0.000472788204206, 0.000399374868721, 0.000472930725664, 0.000482848030515, 0.000520420726389, 0.00042725194362, 0.000316927151289, 0.000361415091902, 0.000346976477886, 0.000122799319797, 1.66605207141e-06, 2.06119610269e-09, 1.38920119852e-09],
        "median": [5.85958841839e-05, 0.00222378456965, 0.00195420952514, 0.000649290974252, 0.00212239008397, 0.00104384380393, 0.000793709885329, 0.000643357227091, 0.000825869501568, 0.000481595867313, 0.000261823122855, 0.000242397771217, 0.000262575922534, 0.000208086697967, 0.000281271350104, 0.000253606471233, 0.000351821625372, 0.000350719870767, 0.000386039784644, 0.000292142445687, 0.000235141982557, 0.000265883572865, 0.000254027720075, 8.71255688253e-05, 2.36681842125e-07, 8.24024792845e-10, 8.20597367834e-10],
        "min": [6.72087166485e-24, 2.13312595719e-23, 6.34487531387e-24, 5.57834429986e-24, 5.12641574802e-24, 2.87407776192e-23, 2.96668687675e-23, 2.32064434748e-23, 1.80971097208e-23, 4.15510803927e-23, 4.05002514027e-23, 7.80365567469e-23, 3.65968130269e-23, 1.16589703798e-22, 9.77822437647e-23, 9.4175180431e-23, 8.71622448489e-23, 1.38354148981e-22, 2.56536051765e-22, 2.67897617797e-22, 4.20300773655e-22, 4.39847181786e-22, 5.63352810208e-22, 7.21204457944e-22, 1.0576660286e-21, 1.81891806432e-21, 2.14721364981e-21],
        "var": [6.6898365958e-07, 2.82111614069e-05, 1.48459193952e-05, 8.91287072591e-06, 3.61980200978e-05, 3.84530540032e-05, 7.28357872504e-06, 1.05083781818e-05, 2.50638822763e-05, 2.38746542891e-05, 1.18196921903e-05, 2.61315244643e-06, 1.40910799473e-06, 6.88761133461e-07, 4.10458824263e-07, 3.38622925256e-07, 2.27512401807e-07, 2.49747699854e-07, 3.03225192511e-07, 2.40236744276e-07, 1.24793274381e-07, 1.99943741563e-07, 1.45123337347e-07, 2.3916337355e-08, 3.66279229169e-11, 2.28699044651e-17, 2.21368173016e-18]
    },
    "erbbands": {
        "dmean": [0.0752594918013, 0.696742355824, 2.27530884743, 3.90097260475, 7.5011844635, 10.3160619736, 13.6082658768, 16.6472396851, 15.0491437912, 20.0481739044, 24.0472831726, 44.1179275513, 33.7969474792, 37.5303764343, 27.8718700409, 15.2015838623, 17.6997623444, 14.1222467422, 14.0181751251, 13.6686668396, 9.77448558807, 11.679605484, 12.2036962509, 12.0708684921, 10.7509946823, 9.37994480133, 5.68647098541, 5.38032197952, 5.09719991684, 5.95743131638, 3.64628410339, 1.7272964716, 0.481008946896, 0.0410113558173, 0.00131210580003, 9.93156063487e-05, 1.7760994524e-05, 4.92669323648e-06, 5.51206358068e-06, 1.14406575449e-05],
        "dmean2": [0.125694155693, 1.19399607182, 3.89723920822, 6.94025945663, 13.1683254242, 17.3771114349, 22.5801239014, 26.6117191315, 24.3512554169, 33.6090431213, 39.8659439087, 72.0374221802, 54.9106178284, 58.7735290527, 43.1458969116, 24.2761421204, 28.3139266968, 22.7959728241, 22.8005828857, 21.9104671478, 15.8082971573, 18.9177074432, 19.513917923, 19.166425705, 16.758518219, 14.5631742477, 8.94599914551, 8.56937885284, 8.08519744873, 9.26309013367, 5.58885002136, 2.62102937698, 0.718570232391, 0.0592038705945, 0.00187529553659, 0.000142800810863, 2.57065585174e-05, 7.19361196388e-06, 8.53035999171e-06, 1.82941166713e-05],
        "dvar": [0.025750823319, 1.16462492943, 13.5233783722, 47.4472312927, 255.76473999, 402.586212158, 881.270385742, 1577.625, 994.957702637, 2308.60400391, 3707.49438477, 9564.953125, 7418.35449219, 13457.9072266, 5613.58935547, 1302.50280762, 1369.18713379, 983.641540527, 621.598571777, 649.614746094, 268.528717041, 289.383056641, 331.591705322, 335.578979492, 255.85585022, 230.006790161, 83.5874099731, 100.576271057, 102.388053894, 117.188652039, 34.0706176758, 7.8788356781, 0.964651703835, 0.0112899392843, 1.17648360174e-05, 4.32941043016e-08, 8.41350711323e-10, 5.60527249616e-11, 3.41155749484e-11, 1.61697308321e-10],
        "dvar2": [0.0716200694442, 3.19126963615, 37.2576560974, 134.244628906, 717.388793945, 1070.42712402, 2229.32788086, 3671.99169922, 2505.93896484, 6150.90771484, 9841.34667969, 25091.5234375, 19141.6601562, 34174.640625, 13598.4873047, 3142.47705078, 3217.90576172, 2426.99755859, 1597.54528809, 1561.67358398, 621.979431152, 714.153381348, 824.644470215, 810.587646484, 576.051147461, 511.137695312, 191.986831665, 237.434005737, 232.619903564, 275.943725586, 79.4019775391, 17.225151062, 2.14381742477, 0.0220179837197, 2.24288432946e-05, 8.41564045118e-08, 1.72284497779e-09, 1.1777247233e-10, 8.15039910562e-11, 4.02704397606e-10],
        "max": [4.6760840416, 15.4222135544, 41.8241539001, 72.5343933105, 233.928451538, 354.755371094, 502.057678223, 678.05078125, 812.331176758, 883.699462891, 1908.04541016, 1439.83984375, 1725.55834961, 2563.78515625, 2608.7043457, 851.79095459, 998.631164551, 831.891967773, 531.535888672, 683.795715332, 585.552062988, 414.59362793, 523.601257324, 426.23651123, 449.61605835, 281.492248535, 211.31854248, 267.393920898, 247.175552368, 249.49041748, 184.198455811, 59.5022697449, 22.5931396484, 2.7005147934, 0.0778630450368, 0.00406774552539, 0.000534991442692, 0.000152156528202, 7.16688882676e-05, 0.000140535354149],
        "mean": [0.0985661000013, 0.915893316269, 3.48602843285, 4.75138759613, 8.72208118439, 15.0693264008, 21.3247718811, 25.8994560242, 22.9310913086, 27.6221294403, 35.9823303223, 65.4095306396, 52.8993530273, 63.8797340393, 48.5028114319, 27.5541954041, 30.7158813477, 24.0941066742, 24.3558597565, 25.0097160339, 21.0557327271, 26.2779521942, 26.81001091, 27.1790542603, 24.8539428711, 20.5934085846, 13.6143455505, 12.5441207886, 12.1324062347, 13.7154321671, 8.85482883453, 4.18279790878, 1.13211333752, 0.0856042504311, 0.00301900948398, 0.000286505004624, 6.23367595836e-05, 1.78828377102e-05, 2.10944508581e-05, 3.83382175642e-05],
        "median": [0.0406041294336, 0.556582689285, 2.24894857407, 2.60590457916, 4.2344083786, 7.12243270874, 7.82802295685, 8.69033813477, 11.6096048355, 13.2685375214, 16.7285270691, 21.1397037506, 17.6984958649, 14.9427852631, 12.6232395172, 12.2513065338, 13.4314479828, 11.8991298676, 14.4669380188, 15.2225246429, 15.183216095, 20.0750160217, 20.4274635315, 20.2100009918, 18.2439823151, 14.4967269897, 9.89507675171, 9.33459281921, 8.98271369934, 9.46318435669, 6.67440748215, 3.05188250542, 0.76860421896, 0.0467146039009, 0.0018192701973, 0.000215577689232, 5.44340437045e-05, 1.62730721058e-05, 2.11984770431e-05, 3.71127025574e-05],
        "min": [9.30895853942e-22, 3.66130616683e-21, 5.81107103067e-21, 1.09542478389e-20, 1.85218017613e-20, 1.69001060924e-20, 8.45749912576e-20, 2.65473665582e-19, 5.48157134001e-19, 3.89823106682e-19, 5.0915427565e-19, 3.99773003776e-19, 9.64410186368e-19, 1.60370189266e-18, 1.68698347071e-18, 3.11914650909e-18, 1.97007517861e-18, 5.04613054087e-18, 4.2051992914e-18, 5.51761852694e-18, 5.64203559005e-18, 5.56208444795e-18, 6.22929701543e-18, 9.99524768513e-18, 1.27800124287e-17, 1.39745249261e-17, 1.88714854376e-17, 1.46197853609e-17, 1.70821002124e-17, 1.71208635503e-17, 1.59657091335e-17, 1.30550293028e-17, 1.48887547176e-17, 1.11434314508e-17, 7.18948082585e-18, 5.35325691204e-18, 3.12384406779e-18, 1.32278277464e-18, 3.03884081669e-19, 2.95162340989e-20],
        "var": [0.0441526547074, 1.33084595203, 16.4672489166, 43.2801132202, 219.182983398, 580.908996582, 1614.80993652, 3274.69580078, 1530.13635254, 2893.49169922, 5070.16455078, 16963.515625, 13162.8466797, 31834.1757812, 14500.6943359, 3012.55541992, 3160.86572266, 1670.10327148, 1140.19226074, 1224.7677002, 581.760131836, 682.199829102, 715.517883301, 783.50390625, 697.657836914, 539.439758301, 250.684387207, 217.246643066, 233.926177979, 275.16708374, 90.8656082153, 23.839630127, 2.5785036087, 0.0295055918396, 3.18660204357e-05, 1.365707476e-07, 3.13402170882e-09, 2.17052237295e-10, 1.22240967348e-10, 4.23199503219e-10]
    },
    "gfcc": {
        "mean": [-6.20551204681, 131.194473267, -167.101837158, 66.6934967041, -80.7379608154, 10.137213707, -18.8383159637, -13.4471502304, 7.00997972488, -27.2565059662, 4.87496089935, -16.3583641052, -2.92109942436],
        "cov": [[4439.89404297, -286.83102417, 521.575500488, 787.753234863, -574.57421875, 454.136535645, -437.960449219, 123.913887024, -166.45324707, -248.567550659, 290.153961182, -66.1527557373, 149.66456604], [-286.83102417, 853.120727539, 424.883605957, 159.733230591, 433.138031006, -99.7439041138, 156.942062378, -66.7479476929, 4.07166576385, 36.9225273132, -12.332657814, -0.768289029598, -9.32051753998], [521.575500488, 424.883605957, 952.278381348, 520.046325684, 132.383895874, 141.692001343, -124.359802246, 55.4139976501, -16.1192569733, 13.0422096252, 64.7258605957, 3.26004934311, 56.7057151794], [787.753234863, 159.733230591, 520.046325684, 537.807067871, 45.0016899109, 104.376792908, -112.691978455, 21.6952514648, -18.2914066315, -18.3126525879, 67.1692962646, -0.400190889835, 43.6404342651], [-574.57421875, 433.138031006, 132.383895874, 45.0016899109, 415.268432617, -24.490776062, 171.933105469, -19.2175064087, 7.70908784866, 71.2938613892, -34.6861915588, 12.829621315, -16.5195941925], [454.136535645, -99.7439041138, 141.692001343, 104.376792908, -24.490776062, 290.099945068, 7.91747188568, 68.3024368286, -25.0094394684, -22.510219574, 46.9602775574, -1.87452697754, 11.5594081879], [-437.960449219, 156.942062378, -124.359802246, -112.691978455, 171.933105469, 7.91747188568, 247.343933105, 14.6103744507, 15.9007854462, 32.2615127563, -39.3754005432, 14.6607751846, -24.1749401093], [123.913887024, -66.7479476929, 55.4139976501, 21.6952514648, -19.2175064087, 68.3024368286, 14.6103744507, 147.292175293, 42.125629425, 10.1101694107, 14.171872139, -13.6556625366, 25.3232727051], [-166.45324707, 4.07166576385, -16.1192569733, -18.2914066315, 7.70908784866, -25.0094394684, 15.9007854462, 42.125629425, 99.4811477661, 34.2328872681, -10.4823932648, 6.19816637039, -8.33542537689], [-248.567550659, 36.9225273132, 13.0422096252, -18.3126525879, 71.2938613892, -22.510219574, 32.2615127563, 10.1101694107, 34.2328872681, 95.3394699097, 7.7273068428, 9.77152252197, -5.83089494705], [290.153961182, -12.332657814, 64.7258605957, 67.1692962646, -34.6861915588, 46.9602775574, -39.3754005432, 14.171872139, -10.4823932648, 7.7273068428, 97.9611663818, 26.1518115997, 20.6612434387], [-66.1527557373, -0.768289029598, 3.26004934311, -0.400190889835, 12.829621315, -1.87452697754, 14.6607751846, -13.6556625366, 6.19816637039, 9.77152252197, 26.1518115997, 73.9903793335, 24.8740386963], [149.66456604, -9.32051753998, 56.7057151794, 43.6404342651, -16.5195941925, 11.5594081879, -24.1749401093, 25.3232727051, -8.33542537689, -5.83089494705, 20.6612434387, 24.8740386963, 71.9216918945]],
        "icov": [[0.000790136458818, -0.00107948528603, 0.000946990039665, -0.00133199407719, 0.00153277465142, -0.0010817067232, 0.000711607979611, -0.000769390841015, 0.000896705198102, 0.000192939754925, -0.000639686768409, 0.000367127242498, -0.000510169309564], [-0.00107948528603, 0.00839432887733, -0.00551137933508, 0.00337936193682, -0.00742638250813, 0.00498979212716, -0.00510921608657, 0.00543019594625, -0.00445591891184, 0.00464804796502, -0.00407849019393, 0.00434135785326, -0.000977385905571], [0.000946990039665, -0.00551137933508, 0.00636010570452, -0.0046418895945, 0.00397412292659, -0.00399909634143, 0.00471904780716, -0.00440499046817, 0.00341574032791, -0.00334183033556, 0.00271234102547, -0.00291260518134, 0.000162999800523], [-0.00133199407719, 0.00337936193682, -0.0046418895945, 0.00707307457924, -0.00436552846804, 0.00213328679092, -0.0013255024096, 0.00304975779727, -0.00308840046637, 0.00217606732622, -0.00174953963142, 0.00147304229904, -0.000475493608974], [0.00153277465142, -0.00742638250813, 0.00397412292659, -0.00436552846804, 0.0121978353709, -0.00410598097369, 0.000597209320404, -0.00376569898799, 0.00495674507692, -0.0061529497616, 0.00369201391004, -0.00297887739725, 0.000397044437705], [-0.0010817067232, 0.00498979212716, -0.00399909634143, 0.00213328679092, -0.00410598097369, 0.00832876190543, -0.00443220417947, 0.000681628647726, -0.00087332323892, 0.00317092984915, -0.0033627783414, 0.00160100159701, 0.00131290405989], [0.000711607979611, -0.00510921608657, 0.00471904780716, -0.0013255024096, 0.000597209320404, -0.00443220417947, 0.0118150720373, -0.00565717043355, 0.00324706919491, -0.00275705521926, 0.00445818109438, -0.0055750599131, 0.00255366368219], [-0.000769390841015, 0.00543019594625, -0.00440499046817, 0.00304975779727, -0.00376569898799, 0.000681628647726, -0.00565717043355, 0.0158902872354, -0.00959597621113, 0.00276341009885, -0.00452095502988, 0.00874607730657, -0.00715778255835], [0.000896705198102, -0.00445591891184, 0.00341574032791, -0.00308840046637, 0.00495674507692, -0.00087332323892, 0.00324706919491, -0.00959597621113, 0.0184057764709, -0.00699456920847, 0.00476406374946, -0.00668983301148, 0.00499759474769], [0.000192939754925, 0.00464804796502, -0.00334183033556, 0.00217606732622, -0.0061529497616, 0.00317092984915, -0.00275705521926, 0.00276341009885, -0.00699456920847, 0.0187700688839, -0.00751833524555, 0.00357377436012, -0.000672379450407], [-0.000639686768409, -0.00407849019393, 0.00271234102547, -0.00174953963142, 0.00369201391004, -0.0033627783414, 0.00445818109438, -0.00452095502988, 0.00476406374946, -0.00751833524555, 0.0197794828564, -0.0102604944259, 0.00201354105957], [0.000367127242498, 0.00434135785326, -0.00291260518134, 0.00147304229904, -0.00297887739725, 0.00160100159701, -0.0055750599131, 0.00874607730657, -0.00668983301148, 0.00357377436012, -0.0102604944259, 0.0246296878904, -0.0107498457655], [-0.000510169309564, -0.000977385905571, 0.000162999800523, -0.000475493608974, 0.000397044437705, 0.00131290405989, 0.00255366368219, -0.00715778255835, 0.00499759474769, -0.000672379450407, 0.00201354105957, -0.0107498457655, 0.0219218190759]]
    },
    "melbands": {
        "dmean": [0.000721230870113, 0.00106009060983, 0.000757919158787, 0.000634333118796, 0.00046031945385, 0.000365526037058, 0.000231490354054, 0.000221146619879, 0.000216879619984, 0.000272793375188, 0.000170987303136, 0.000157801638125, 0.00010139895312, 5.2829112974e-05, 4.11295368394e-05, 3.54895055352e-05, 2.86177382804e-05, 2.3968561436e-05, 2.01230923267e-05, 1.92985116882e-05, 1.17121571748e-05, 1.36379885589e-05, 1.25616488731e-05, 1.18556863526e-05, 1.08518215711e-05, 8.91357740329e-06, 7.90756712377e-06, 6.56503743812e-06, 4.04257298214e-06, 3.62221953765e-06, 3.43074543707e-06, 3.08222661261e-06, 3.51048743141e-06, 3.60100329999e-06, 2.56555745182e-06, 1.49399556904e-06, 9.84653638625e-07, 4.42093181618e-07, 1.12252692475e-07, 9.71778479908e-09],
        "dmean2": [0.0012211954454, 0.00180752156302, 0.00134605984204, 0.00107903347816, 0.000762617099099, 0.000585833739024, 0.000374400464352, 0.000370421999833, 0.000359322322765, 0.0004441246856, 0.000277691171505, 0.000249054050073, 0.000156235459144, 8.38414998725e-05, 6.54301984468e-05, 5.64645197301e-05, 4.66148594569e-05, 3.89573433495e-05, 3.25695182255e-05, 3.12174524879e-05, 1.91446961253e-05, 2.2256079319e-05, 2.05648138945e-05, 1.90948630916e-05, 1.74820233951e-05, 1.40947540785e-05, 1.24429107018e-05, 1.03165621113e-05, 6.468499123e-06, 5.80927098781e-06, 5.55385531698e-06, 4.97358269058e-06, 5.59318232263e-06, 5.66968401472e-06, 4.01489842261e-06, 2.31098965742e-06, 1.51237156842e-06, 6.74256909861e-07, 1.67100907333e-07, 1.37514541976e-08],
        "dvar": [1.57755300734e-06, 2.80197946267e-06, 2.02844853447e-06, 1.39191411108e-06, 8.93090657428e-07, 6.82572022015e-07, 2.19386052436e-07, 2.83061297068e-07, 2.56613049032e-07, 3.70975385522e-07, 2.03494934681e-07, 2.37093843225e-07, 7.68130661299e-08, 2.20342162294e-08, 7.47780148913e-09, 5.89873305756e-09, 4.43955316953e-09, 2.12845785441e-09, 1.3840841806e-09, 1.63360058814e-09, 3.36351585473e-10, 4.41272268725e-10, 2.9747371233e-10, 3.19742121668e-10, 2.83732259909e-10, 1.77459186235e-10, 1.51367279821e-10, 1.21464546754e-10, 4.93814850122e-11, 4.14559012119e-11, 4.22471675698e-11, 3.7163005312e-11, 4.63379438986e-11, 4.06641526007e-11, 1.78774443166e-11, 5.04358403999e-12, 2.85366608815e-12, 8.79706789185e-13, 5.86737147583e-14, 2.0458822997e-15],
        "dvar2": [4.34028788732e-06, 7.76148590376e-06, 5.74195655645e-06, 3.72187491848e-06, 2.2813258056e-06, 1.61292678058e-06, 5.53583106466e-07, 7.51228526497e-07, 6.85882071139e-07, 9.62820990935e-07, 5.25310383637e-07, 6.0986326389e-07, 1.89100489933e-07, 5.45438503252e-08, 1.75152479187e-08, 1.34778375127e-08, 1.11225713084e-08, 5.32896171634e-09, 3.45029405047e-09, 3.90662036054e-09, 7.99051436129e-10, 1.09498221601e-09, 7.62475804716e-10, 7.97424237753e-10, 6.97416402407e-10, 4.07593847562e-10, 3.46675105289e-10, 2.73829708908e-10, 1.17635109986e-10, 9.98599536395e-11, 1.01475300385e-10, 8.63372706661e-11, 1.12000665686e-10, 9.74403197018e-11, 4.32760563496e-11, 1.15810659673e-11, 6.37441228274e-12, 2.05751192993e-12, 1.22656157692e-13, 4.31741332952e-15],
        "max": [0.0298410039395, 0.0195522587746, 0.0144541691989, 0.02122127451, 0.016636652872, 0.0134219713509, 0.0109109478071, 0.00980767700821, 0.0149993328378, 0.0098628429696, 0.00920040905476, 0.0107855703682, 0.00900071114302, 0.00390272936784, 0.00198830990121, 0.00203449348919, 0.00193867576309, 0.000968471926171, 0.000663423445076, 0.00123914750293, 0.000459231407149, 0.000509606790729, 0.000336533033988, 0.000361968413927, 0.000377636082703, 0.000418389157858, 0.000240722903982, 0.000215120555367, 0.000190899008885, 0.000144408273627, 0.000167408172274, 0.000151410989929, 0.000186469958862, 0.000148053659359, 0.000143125769682, 4.23960882472e-05, 4.03955818911e-05, 2.31557933148e-05, 5.87369095228e-06, 1.03814511476e-06],
        "mean": [0.000966112944297, 0.00164127524476, 0.000924960826524, 0.000889463990461, 0.000744631921407, 0.000580947089475, 0.000344569096342, 0.000304905144731, 0.000318955018884, 0.000399909331463, 0.000255369901424, 0.000259633321548, 0.000169056584127, 8.74647521414e-05, 6.7915461841e-05, 5.87382892263e-05, 4.36086920672e-05, 3.84364248021e-05, 3.37298006343e-05, 3.24010179611e-05, 2.29747165577e-05, 2.76423215837e-05, 2.54192855209e-05, 2.29897796089e-05, 2.19718749577e-05, 1.88271333172e-05, 1.63625300047e-05, 1.29671425384e-05, 8.57306713442e-06, 7.5677521636e-06, 7.19016134099e-06, 6.6646389314e-06, 7.32026637706e-06, 7.78667163104e-06, 5.66451353734e-06, 3.3542366964e-06, 2.19719777306e-06, 9.4132394679e-07, 2.06165267969e-07, 1.25664376682e-08],
        "median": [0.0005057817325, 0.00115609075874, 0.000535470549949, 0.00043713641935, 0.000306839356199, 0.000193319778191, 0.000173943117261, 0.000141604803503, 0.000135277266963, 0.000122332479805, 7.43039418012e-05, 5.37268279004e-05, 3.85637940781e-05, 2.98716549878e-05, 2.97105634672e-05, 2.39513647102e-05, 1.96543714992e-05, 2.09808367799e-05, 1.98908019229e-05, 1.90295359062e-05, 1.6347366909e-05, 1.98066554731e-05, 1.87875120901e-05, 1.62989381352e-05, 1.55563484441e-05, 1.34922138386e-05, 1.0679503248e-05, 8.71643806022e-06, 5.66065045859e-06, 5.21281890542e-06, 5.12887345394e-06, 4.73647924082e-06, 4.76777404401e-06, 5.22020218341e-06, 4.07346942666e-06, 2.47943853537e-06, 1.51337462739e-06, 6.07640004091e-07, 1.06090759289e-07, 5.15052611672e-10],
        "min": [7.67119504243e-24, 3.83653626569e-24, 2.54200447617e-24, 1.33877672972e-24, 2.28661687178e-24, 6.80023186077e-24, 7.38625611688e-24, 4.42215583615e-24, 3.54460724366e-24, 1.94083980993e-24, 5.18393238548e-24, 6.85258855905e-24, 5.86748943176e-24, 9.02909602846e-24, 4.16238630664e-24, 4.34241146496e-24, 1.00246313911e-23, 7.63059079391e-24, 6.37282662789e-24, 6.14778078328e-24, 6.65856190853e-24, 6.30691690483e-24, 3.71278450004e-24, 7.90977261258e-24, 7.69848805203e-24, 1.04300932746e-23, 9.23807553745e-24, 8.67848285483e-24, 1.11713764009e-23, 1.07152136382e-23, 8.05425406509e-24, 9.79166893288e-24, 7.40278748601e-24, 9.67187567126e-24, 8.98439838071e-24, 6.82559689432e-24, 7.76108100941e-24, 1.0012483722e-23, 9.94426145322e-24, 9.25343465927e-24],
        "var": [2.52536824519e-06, 3.25279165736e-06, 1.67909729498e-06, 1.8451064534e-06, 1.58831244335e-06, 1.47391301653e-06, 3.27795646626e-07, 3.76089076326e-07, 3.65641597e-07, 6.57729799514e-07, 3.57642534254e-07, 5.56470581614e-07, 1.86954736137e-07, 4.89315752361e-08, 1.5242346052e-08, 1.36416264951e-08, 6.75903999436e-09, 3.64324925783e-09, 2.322021464e-09, 2.67258415398e-09, 6.89139467713e-10, 9.22802445569e-10, 6.46064479692e-10, 6.27813578902e-10, 5.9518712181e-10, 4.38955621851e-10, 3.64795860186e-10, 2.54889137574e-10, 1.37115582777e-10, 8.94234963855e-11, 8.08827102516e-11, 7.72593378162e-11, 9.64676394322e-11, 9.07059496957e-11, 4.11837994263e-11, 1.37343374521e-11, 7.89396239348e-12, 2.01618864833e-12, 1.46371602989e-13, 3.61437386571e-15]
    },
    "mfcc": {
        "mean": [-614.43572998, 118.759544373, -16.2376651764, 38.8878440857, -20.270570755, 17.4394359589, -18.9514064789, 21.2676258087, -13.5884933472, 14.5129508972, -9.30848884583, 6.50749826431, -9.56142139435],
        "cov": [[3764.16308594, -605.601806641, 605.49432373, 278.752929688, -30.761007309, 114.750404358, -114.223587036, 253.405670166, -391.300842285, 108.384063721, -364.115844727, 108.129455566, -90.6901473999], [-605.601806641, 764.374145508, 46.3644943237, 209.990310669, 179.170227051, 82.267868042, 144.40965271, -29.8680782318, 66.8920822144, -7.08198404312, 74.1256790161, -24.8800563812, 17.825761795], [605.49432373, 46.3644943237, 882.37689209, 322.454925537, 309.925354004, 102.483795166, 16.9272594452, 57.6665344238, -49.9574241638, 20.1994075775, -61.0965118408, 53.7363166809, 11.130616188], [278.752929688, 209.990310669, 322.454925537, 477.611541748, 186.053909302, 86.1109085083, 10.2069597244, 2.73032474518, -24.0002975464, 0.295426219702, -43.0271835327, 39.195941925, -1.46182644367], [-30.761007309, 179.170227051, 309.925354004, 186.053909302, 303.484558105, 75.0170059204, 79.0854644775, -0.858950853348, 29.9475822449, 12.4630184174, 11.9943637848, 18.4412651062, 31.6600036621], [114.750404358, 82.267868042, 102.483795166, 86.1109085083, 75.0170059204, 184.29359436, 80.7144088745, 41.6571426392, -11.9871530533, -3.85202884674, 4.00265169144, 4.20164585114, 3.25010967255], [-114.223587036, 144.40965271, 16.9272594452, 10.2069597244, 79.0854644775, 80.7144088745, 206.594772339, 31.3733577728, 56.0868530273, 2.82295632362, 33.7710876465, 1.0135384798, 17.6716136932], [253.405670166, -29.8680782318, 57.6665344238, 2.73032474518, -0.858950853348, 41.6571426392, 31.3733577728, 140.593399048, -2.37581944466, 46.0329360962, -29.2741336823, 4.17172527313, 1.34745252132], [-391.300842285, 66.8920822144, -49.9574241638, -24.0002975464, 29.9475822449, -11.9871530533, 56.0868530273, -2.37581944466, 157.264129639, 16.7455158234, 62.8824996948, -11.2206506729, 12.1935062408], [108.384063721, -7.08198404312, 20.1994075775, 0.295426219702, 12.4630184174, -3.85202884674, 2.82295632362, 46.0329360962, 16.7455158234, 108.415779114, 4.85152292252, 16.2645225525, -5.6794462204], [-364.115844727, 74.1256790161, -61.0965118408, -43.0271835327, 11.9943637848, 4.00265169144, 33.7710876465, -29.2741336823, 62.8824996948, 4.85152292252, 114.898551941, 6.88079833984, 19.7098026276], [108.129455566, -24.8800563812, 53.7363166809, 39.195941925, 18.4412651062, 4.20164585114, 1.0135384798, 4.17172527313, -11.2206506729, 16.2645225525, 6.88079833984, 79.5355682373, 13.9382286072], [-90.6901473999, 17.825761795, 11.130616188, -1.46182644367, 31.6600036621, 3.25010967255, 17.6716136932, 1.34745252132, 12.1935062408, -5.6794462204, 19.7098026276, 13.9382286072, 72.8999023438]],
