{
"lowlevel": {
    "average_loudness": 0.873448491096,
    "barkbands_crest": {
        "dmean": 2.60071754456,
        "dmean2": 4.25767755508,
        "dvar": 5.44358634949,
        "dvar2": 14.1697320938,
        "max": 25.9022636414,
        "mean": 10.4074077606,
        "median": 9.75776481628,
        "min": 2.15356492996,
        "var": 14.9911985397
    },
    "barkbands_flatness_db": {
        "dmean": 0.0225726477802,
        "dmean2": 0.0357495360076,
        "dvar": 0.000410585198551,
        "dvar2": 0.00104103435297,
        "max": 0.463122546673,
        "mean": 0.198941394687,
        "median": 0.192147538066,
        "min": 0.0421587340534,
        "var": 0.00230131112039
    },
    "barkbands_kurtosis": {
        "dmean": 3.85430622101,
        "dmean2": 6.09625434875,
        "dvar": 45.1710777283,
        "dvar2": 115.75856781,
        "max": 183.612442017,
        "mean": 6.98623943329,
        "median": 4.24792194366,
        "min": -1.93647313118,
        "var": 103.90738678
    },
    "barkbands_skewness": {
        "dmean": 0.613019883633,
        "dmean2": 0.934720933437,
        "dvar": 0.428060531616,
        "dvar2": 1.01705229282,
        "max": 12.3803443909,
        "mean": 2.10396528244,
        "median": 1.98976111412,
        "min": -3.20294117928,
        "var": 1.57628262043
    },
    "barkbands_spread": {
        "dmean": 6.00422763824,
        "dmean2": 9.39352607727,
        "dvar": 54.5621337891,
        "dvar2": 122.795013428,
        "max": 100.561798096,
        "mean": 18.6089630127,
        "median": 16.0445175171,
        "min": 0.603710174561,
        "var": 138.826797485
    },
    "dissonance": {
        "dmean": 0.0210109148175,
        "dmean2": 0.0348873697221,
        "dvar": 0.000445353478426,
        "dvar2": 0.00117496447638,
        "max": 0.500000119209,
        "mean": 0.456750541925,
        "median": 0.465676307678,
        "min": 0.0449179634452,
        "var": 0.00116330920719
    },
    "dynamic_complexity": 3.68400025368,
    "erbbands_crest": {
        "dmean": 2.86936235428,
        "dmean2": 4.61290693283,
        "dvar": 8.04896640778,
        "dvar2": 19.2771930695,
        "max": 32.3700752258,
        "mean": 9.3536272049,
        "median": 8.28306674957,
        "min": 2.40986323357,
        "var": 21.9642620087
    },
    "erbbands_flatness_db": {
        "dmean": 0.0160344112664,
        "dmean2": 0.0234698429704,
        "dvar": 0.000225381751079,
        "dvar2": 0.000454572145827,
        "max": 0.484807938337,
        "mean": 0.20371504128,
        "median": 0.195091083646,
        "min": 0.091716773808,
        "var": 0.00233638309874
    },
    "erbbands_kurtosis": {
        "dmean": 1.1329843998,
        "dmean2": 1.78308165073,
        "dvar": 2.6209821701,
        "dvar2": 6.02207422256,
        "max": 42.8041992188,
        "mean": 0.766198635101,
        "median": -0.149734735489,
        "min": -1.86357057095,
        "var": 8.39773178101
    },
    "erbbands_skewness": {
        "dmean": 0.428648471832,
        "dmean2": 0.650644302368,
        "dvar": 0.185517758131,
        "dvar2": 0.401151806116,
        "max": 5.61009597778,
        "mean": 0.774893343449,
        "median": 0.730663120747,
        "min": -5.23620557785,
        "var": 0.756617307663
    },
    "erbbands_spread": {
        "dmean": 10.340303421,
        "dmean2": 15.5758504868,
        "dvar": 118.361068726,
        "dvar2": 253.121765137,
        "max": 133.379119873,
        "mean": 46.4512290955,
        "median": 44.3409004211,
        "min": 1.90035235882,
        "var": 495.438262939
    },
    "hfc": {
        "dmean": 5.66252183914,
        "dmean2": 8.29407596588,
        "dvar": 55.8275413513,
        "dvar2": 118.412956238,
        "max": 175.867874146,
        "mean": 17.8417434692,
        "median": 14.8277854919,
        "min": 1.11864345856e-16,
        "var": 214.692565918
    },
    "melbands_crest": {
        "dmean": 3.21527075768,
        "dmean2": 5.23300361633,
        "dvar": 8.4699754715,
        "dvar2": 21.867685318,
        "max": 35.6656036377,
        "mean": 14.1666793823,
        "median": 13.3567790985,
        "min": 2.15177297592,
        "var": 25.6181526184
    },
    "melbands_flatness_db": {
        "dmean": 0.0272759292275,
        "dmean2": 0.0412962436676,
        "dvar": 0.000679056101944,
        "dvar2": 0.00155463442206,
        "max": 0.609956979752,
        "mean": 0.222192257643,
        "median": 0.214809760451,
        "min": 0.00661071110517,
        "var": 0.00429430510849
    },
    "melbands_kurtosis": {
        "dmean": 9.5715303421,
        "dmean2": 14.9931325912,
        "dvar": 230.402816772,
        "dvar2": 593.077941895,
        "max": 304.867980957,
        "mean": 20.5477848053,
        "median": 14.560968399,
        "min": -1.8566211462,
        "var": 497.877075195
    },
    "melbands_skewness": {
        "dmean": 0.852600395679,
        "dmean2": 1.29194784164,
        "dvar": 0.822411298752,
        "dvar2": 1.91613030434,
        "max": 13.9690961838,
        "mean": 3.27089571953,
        "median": 3.09331560135,
        "min": -0.872641205788,
        "var": 3.08597064018
    },
    "melbands_spread": {
        "dmean": 6.68455600739,
        "dmean2": 10.4066200256,
        "dvar": 120.458389282,
        "dvar2": 273.918579102,
        "max": 172.267410278,
        "mean": 18.1294021606,
        "median": 14.6319923401,
        "min": 0.718678295612,
        "var": 234.068984985
    },
    "pitch_salience": {
        "dmean": 0.0738685131073,
        "dmean2": 0.120857909322,
        "dvar": 0.00425430759788,
        "dvar2": 0.0110307475552,
        "max": 0.967308402061,
        "mean": 0.57253485918,
        "median": 0.580604910851,
        "min": 0.107075877488,
        "var": 0.0132314041257
    },
    "silence_rate_20dB": {
        "dmean": 0,
        "dmean2": 0,
        "dvar": 0,
        "dvar2": 0,
        "max": 1,
        "mean": 1,
        "median": 1,
        "min": 1,
        "var": 0
    },
    "silence_rate_30dB": {
        "dmean": 0.00355281867087,
        "dmean2": 0.00710647879168,
        "dvar": 0.0035405671224,
        "dvar2": 0.0101365540177,
        "max": 1,
        "mean": 0.997986972332,
        "median": 1,
        "min": 0,
        "var": 0.00200883299112
    },
    "silence_rate_60dB": {
        "dmean": 0.0213169120252,
        "dmean2": 0.0426388718188,
        "dvar": 0.0208653658628,
        "dvar2": 0.0448570586741,
        "max": 1,
        "mean": 0.0984014198184,
        "median": 0,
        "min": 0,
        "var": 0.0887356176972
    },
    "spectral_centroid": {
        "dmean": 275.95123291,
        "dmean2": 429.936737061,
        "dvar": 118935.625,
        "dvar2": 259672.65625,
        "max": 10703.7460938,
        "mean": 1143.91833496,
        "median": 1030.57910156,
        "min": 196.008880615,
        "var": 345118.125
    },
    "spectral_complexity": {
        "dmean": 3.30743718147,
        "dmean2": 5.01954269409,
        "dvar": 12.9268293381,
        "dvar2": 27.0416259766,
        "max": 54,
        "mean": 15.3896980286,
        "median": 15,
        "min": 0,
        "var": 69.0535125732
    },
    "spectral_decrease": {
        "dmean": 2.38104669315e-09,
        "dmean2": 3.68494279535e-09,
        "dvar": 1.11262500823e-17,
        "dvar2": 2.63071261148e-17,
        "max": 7.39002972489e-29,
        "mean": -6.92390855761e-09,
        "median": -5.77943692903e-09,
        "min": -6.08541341762e-08,
        "var": 3.07360661813e-17
    },
    "spectral_energy": {
        "dmean": 0.00934327486902,
        "dmean2": 0.0144019778818,
        "dvar": 0.000168017853866,
        "dvar2": 0.000394558504922,
        "max": 0.23731687665,
        "mean": 0.0277507472783,
        "median": 0.0233000144362,
        "min": 1.05000764072e-20,
        "var": 0.000481855502585
    },
    "spectral_energyband_high": {
        "dmean": 0.000387202046113,
        "dmean2": 0.000603957509156,
        "dvar": 4.83687813357e-07,
        "dvar2": 1.10079747628e-06,
        "max": 0.02575465478,
        "mean": 0.000812907179352,
        "median": 0.000589746108744,
        "min": 7.41665242955e-21,
        "var": 9.5620691809e-07
    },
    "spectral_energyband_low": {
        "dmean": 0.00462870532647,
        "dmean2": 0.00758999679238,
        "dvar": 8.51451404742e-05,
        "dvar2": 0.000217261025682,
        "max": 0.131529480219,
        "mean": 0.00852597132325,
        "median": 0.00337998825125,
        "min": 2.60837994271e-23,
        "var": 0.000134758956847
    },
    "spectral_energyband_middle_high": {
        "dmean": 0.00153345230501,
        "dmean2": 0.00219893013127,
        "dvar": 8.53613255458e-06,
        "dvar2": 1.69471150002e-05,
        "max": 0.064926572144,
        "mean": 0.00395583407953,
        "median": 0.00188474846072,
        "min": 1.65807889305e-21,
        "var": 3.38361496688e-05
    },
    "spectral_energyband_middle_low": {
        "dmean": 0.00633262423798,
        "dmean2": 0.00979090854526,
        "dvar": 8.66318587214e-05,
        "dvar2": 0.000205549207749,
        "max": 0.199775710702,
        "mean": 0.0158842969686,
        "median": 0.0121431481093,
        "min": 2.81350914783e-22,
        "var": 0.000209037854802
    },
    "spectral_entropy": {
        "dmean": 0.156302466989,
        "dmean2": 0.232250988483,
        "dvar": 0.0223750956357,
        "dvar2": 0.0482482686639,
        "max": 9.81247997284,
        "mean": 7.52352237701,
        "median": 7.58974933624,
        "min": 4.9757771492,
        "var": 0.175701186061
    },
    "spectral_flux": {
        "dmean": 0.025896107778,
        "dmean2": 0.040325127542,
        "dvar": 0.000850245938636,
        "dvar2": 0.00182778388262,
        "max": 0.378999680281,
        "mean": 0.084375590086,
        "median": 0.0778720006347,
        "min": 6.96451368798e-11,
        "var": 0.00251497514546
    },
    "spectral_kurtosis": {
        "dmean": 1.57989013195,
        "dmean2": 2.73983645439,
        "dvar": 5.35170984268,
        "dvar2": 16.2508716583,
        "max": 62.1772766113,
        "mean": 1.93733406067,
        "median": 1.15590953827,
        "min": -1.34210634232,
        "var": 10.8612031937
    },
    "spectral_rms": {
        "dmean": 0.000822305155452,
        "dmean2": 0.00123516155872,
        "dvar": 8.44997146032e-07,
        "dvar2": 1.83872214166e-06,
        "max": 0.0152160655707,
        "mean": 0.00474395602942,
        "median": 0.00476777972654,
        "min": 3.20062140853e-12,
        "var": 4.56878296973e-06
    },
    "spectral_rolloff": {
        "dmean": 492.468170166,
        "dmean2": 832.536315918,
        "dvar": 931066.1875,
        "dvar2": 2074405.25,
        "max": 18776.953125,
        "mean": 1127.61682129,
        "median": 710.595703125,
        "min": 64.599609375,
        "var": 1548545
    },
    "spectral_skewness": {
        "dmean": 0.24201156199,
        "dmean2": 0.389430254698,
        "dvar": 0.0557945966721,
        "dvar2": 0.148154214025,
        "max": 5.41522121429,
        "mean": 1.04090797901,
        "median": 0.997873961926,
        "min": -0.771734237671,
        "var": 0.215125024319
    },
    "spectral_spread": {
        "dmean": 389871.40625,
        "dmean2": 575511.3125,
        "dvar": 346328399872,
        "dvar2": 578921103360,
        "max": 41232148,
        "mean": 4210488.5,
        "median": 4274696.5,
        "min": 1131021.75,
        "var": 1.41319916749e+12
    },
    "spectral_strongpeak": {
        "dmean": 0.528927087784,
        "dmean2": 0.880474388599,
        "dvar": 0.635310173035,
        "dvar2": 1.54417467117,
        "max": 12.1673927307,
        "mean": 0.947084009647,
        "median": 0.509186804295,
        "min": 0,
        "var": 1.20024049282
    },
    "zerocrossingrate": {
        "dmean": 0.00986959598958,
        "dmean2": 0.0121976621449,
        "dvar": 0.000151694432134,
        "dvar2": 0.000194361884496,
        "max": 0.52783203125,
        "mean": 0.0550042316318,
        "median": 0.05126953125,
        "min": 0.0029296875,
        "var": 0.000793745042756
    },
    "barkbands": {
        "dmean": [8.24222515803e-05, 0.00258105597459, 0.00202147848904, 0.00178796879482, 0.00180109986104, 0.001390131074, 0.00163514993619, 0.00171907828189, 0.0016487906687, 0.000753970583901, 0.000343214167515, 0.000301280408166, 0.000184158066986, 0.000216822372749, 0.000182210817002, 9.80790573522e-05, 0.000134121088195, 0.000135215828777, 0.000127865729155, 0.00011593515228, 9.69556786004e-05, 0.000144040444866, 0.000123813355458, 5.39937063877e-05, 7.64632375194e-07, 1.30081168059e-09, 1.15303233628e-09],
        "dmean2": [0.000139986266731, 0.00426247157156, 0.00348880840465, 0.00301139662042, 0.00289898202755, 0.00220691342838, 0.00259399064817, 0.00271636154503, 0.00257216626778, 0.00113089859951, 0.000532733509317, 0.000480893126223, 0.00028615933843, 0.000344677246176, 0.000284489418846, 0.0001549259905, 0.000214124971535, 0.00021668287809, 0.000206946177059, 0.000182810035767, 0.000153929926455, 0.00022956742032, 0.000197520348593, 8.47311457619e-05, 1.19260243991e-06, 2.32003749545e-09, 2.12105466524e-09],
        "dvar": [1.14064960144e-07, 3.77108808607e-05, 1.99261867238e-05, 1.10829496407e-05, 9.39567507885e-06, 8.96010624274e-06, 1.77887395694e-05, 2.07433658943e-05, 1.47466189446e-05, 4.35542096966e-06, 7.11623499683e-07, 1.08247570552e-06, 2.66669644589e-07, 2.69532364428e-07, 2.09242216442e-07, 5.87342121605e-08, 9.44921154655e-08, 1.18951795969e-07, 8.86580195925e-08, 5.99306702043e-08, 6.09351147318e-08, 6.64463470912e-08, 6.277380038e-08, 1.57111745835e-08, 7.72519201386e-12, 6.4373068833e-18, 3.26718743691e-18],
        "dvar2": [2.95507021519e-07, 9.94907532004e-05, 5.4951342463e-05, 3.02852276945e-05, 2.46122253884e-05, 2.14205192606e-05, 4.16400471295e-05, 4.85197342641e-05, 3.5024517274e-05, 8.85612644197e-06, 1.53907399181e-06, 2.72719103123e-06, 5.80828782404e-07, 6.31193017853e-07, 4.88744376526e-07, 1.28972374114e-07, 2.24587395792e-07, 2.95051449939e-07, 2.18990493295e-07, 1.4648740887e-07, 1.35511513122e-07, 1.60341926403e-07, 1.55879135377e-07, 3.42866428582e-08, 1.86798580076e-11, 1.78384179162e-17, 1.00101303187e-17],
        "max": [0.0152869308367, 0.101484566927, 0.0914908573031, 0.0855471044779, 0.0721362605691, 0.0565775334835, 0.0629495233297, 0.0742124170065, 0.0568078868091, 0.0626207366586, 0.0237772408873, 0.0426429472864, 0.0141186472028, 0.0100098606199, 0.00880415551364, 0.00932569801807, 0.00766543718055, 0.0131112979725, 0.00658282637596, 0.00420951424167, 0.00806384254247, 0.00532490573823, 0.0128840040416, 0.00693112052977, 6.55641197227e-05, 9.10845585622e-08, 3.24277280583e-08],
        "mean": [0.00012280048395, 0.00427203066647, 0.00289168930613, 0.0026811924763, 0.00358012737706, 0.00245561799966, 0.00215110345744, 0.00227127061225, 0.00238837511279, 0.0012752211187, 0.000534466584213, 0.000492665101774, 0.000293735647574, 0.000329987786245, 0.000268587900791, 0.000166477737366, 0.000217463399167, 0.000219011402805, 0.000215184190893, 0.000187607118278, 0.00015612624702, 0.000269892538199, 0.000220384681597, 8.89348884812e-05, 8.04661567599e-07, 1.24108745503e-09, 1.06618036622e-09],
        "median": [9.01995190361e-06, 0.000451308267657, 0.000786282413173, 0.00133313774131, 0.00236187037081, 0.00111128308345, 0.00042307030526, 0.000416796654463, 0.000477893889183, 0.000211928418139, 0.000182220188435, 0.000166271216585, 9.58837990765e-05, 0.000104446102341, 9.22784092836e-05, 7.76552042225e-05, 9.58275268204e-05, 9.76962328423e-05, 9.64134378592e-05, 9.00865488802e-05, 9.05480337678e-05, 0.000181626004633, 0.000146930920891, 4.59531729575e-05, 3.30581606534e-08, 4.74016048635e-10, 4.29730223628e-10],
        "min": [8.73293003451e-24, 8.60036432597e-24, 9.17604898219e-24, 2.21023979281e-23, 3.48269720316e-23, 3.47383419312e-23, 5.35609102286e-23, 4.73995468382e-23, 2.92138511932e-23, 5.75802953802e-23, 5.83086411876e-23, 7.82347627825e-23, 3.88365563753e-23, 9.14952810965e-23, 7.2734843484e-23, 1.03336291543e-22, 7.64332632214e-23, 1.29302468654e-22, 1.37874471064e-22, 3.38298998102e-22, 3.69457110592e-22, 3.88942227386e-22, 3.68198341022e-22, 8.97763897871e-22, 9.85895084793e-22, 1.76564448248e-21, 1.96501096402e-21],
        "var": [2.23922825171e-07, 5.25144059793e-05, 2.30872301472e-05, 1.52009470185e-05, 1.81985469681e-05, 1.64193170349e-05, 2.48044379987e-05, 3.2251682569e-05, 2.44776547333e-05, 1.28075243992e-05, 1.46400429912e-06, 1.95398843061e-06, 5.33993556928e-07, 5.06110609422e-07, 3.27825432578e-07, 1.01425463583e-07, 1.45934791362e-07, 1.88017324376e-07, 1.49559667761e-07, 9.11333728482e-08, 9.48313925164e-08, 1.17728973237e-07, 9.78010703534e-08, 3.42602675119e-08, 8.66751202061e-12, 5.69521709959e-18, 2.72655314869e-18]
    },
    "erbbands": {
        "dmean": [0.0529511719942, 0.671097099781, 2.05428791046, 4.1885099411, 6.38185691833, 5.83679437637, 8.28340530396, 12.9050836563, 20.6528320312, 26.2837753296, 41.1382713318, 37.06640625, 25.7624454498, 20.6223831177, 10.2182846069, 11.1739673615, 7.81420993805, 8.98927783966, 11.3617696762, 6.93805122375, 5.21603727341, 7.20614528656, 7.3921661377, 5.7443318367, 7.04237174988, 5.32918834686, 3.56830072403, 4.3726940155, 5.34872531891, 4.51574277878, 3.45252609253, 1.78639876842, 0.516280710697, 0.0362900644541, 0.00117963424418, 0.00010040608322, 1.86432789633e-05, 5.09313667862e-06, 5.20408775628e-06, 1.07022933662e-05],
        "dmean2": [0.0889345034957, 1.10190331936, 3.51591444016, 7.08276987076, 10.3869581223, 9.5464553833, 13.157078743, 20.6773014069, 32.4859924316, 41.9095611572, 63.7312202454, 57.3417930603, 39.0085029602, 31.0874614716, 15.8027105331, 17.7295360565, 11.9651670456, 14.055393219, 17.4639911652, 10.6489038467, 8.25907516479, 11.3458871841, 11.7281427383, 9.17231369019, 11.1356601715, 8.40320777893, 5.6725320816, 6.98290967941, 8.52228355408, 7.22648048401, 5.53305959702, 2.8465616703, 0.787354111671, 0.0536061599851, 0.00175088061951, 0.000151175772771, 2.83405170194e-05, 7.84294661571e-06, 7.83861378295e-06, 1.63558433997e-05],
        "dvar": [0.0177751369774, 2.5108730793, 20.7337684631, 59.4981613159, 132.684341431, 134.668441772, 290.826843262, 941.892822266, 2961.65161133, 5156.00341797, 11963.0957031, 7895.99169922, 4109.33691406, 3355.57788086, 524.918762207, 2042.21936035, 468.218475342, 412.919555664, 887.228088379, 323.631011963, 120.047264099, 278.50604248, 365.817474365, 221.150253296, 260.262634277, 133.400604248, 91.9447174072, 107.995674133, 90.1610641479, 77.2352218628, 54.5443344116, 15.7950487137, 1.69475710392, 0.0116174519062, 1.05406070361e-05, 5.11361015754e-08, 1.21384935436e-09, 7.87541282188e-11, 4.45628152435e-11, 2.08805417401e-10],
        "dvar2": [0.0496472381055, 6.54933929443, 56.4484558105, 162.753662109, 346.468261719, 357.307342529, 702.091064453, 2336.42871094, 6873.93164062, 12654.8134766, 27576.6289062, 18610.59375, 8976.80957031, 6822.51513672, 1158.59692383, 5212.64013672, 994.840454102, 946.846374512, 2054.81567383, 714.913879395, 272.848266602, 648.776916504, 913.166687012, 547.880310059, 621.759338379, 323.331176758, 214.992706299, 246.43397522, 215.890975952, 191.587783813, 137.667510986, 36.1087265015, 3.35850358009, 0.0248323604465, 2.21500922635e-05, 1.03922360495e-07, 2.47663578534e-09, 1.65463101554e-10, 9.92465692962e-11, 4.84190576522e-10],
        "max": [2.13110256195, 25.9957256317, 81.7509231567, 178.532302856, 315.03314209, 262.603424072, 393.857208252, 633.838989258, 1087.52685547, 1091.86181641, 1875.97851562, 1312.76782227, 1302.79504395, 2341.48193359, 590.126525879, 2158.11816406, 656.315490723, 407.699035645, 724.411987305, 472.152099609, 220.516784668, 437.039855957, 816.491882324, 424.871520996, 377.328735352, 194.456008911, 363.801605225, 255.242233276, 166.070922852, 346.773590088, 395.773406982, 227.897018433, 54.8494606018, 2.8447072506, 0.089184962213, 0.00820689089596, 0.0015070810914, 0.000381134042982, 0.000160373630933, 0.000269861659035],
        "mean": [0.0897220894694, 1.07653284073, 3.26684403419, 6.45291805267, 11.1515426636, 10.7539958954, 15.8609361649, 21.6924705505, 29.4005279541, 34.0148506165, 57.1940040588, 55.0161743164, 42.9446868896, 37.3766403198, 18.1086616516, 19.1993904114, 13.8192873001, 15.2568740845, 17.3926906586, 11.3681974411, 9.77844333649, 12.4116268158, 12.485625267, 10.0134677887, 11.8967342377, 8.8042678833, 5.84381341934, 7.20641803741, 9.7281961441, 8.30727291107, 5.97354841232, 2.97319173813, 0.857988536358, 0.0548836290836, 0.00193521287292, 0.00019603697001, 4.42010641564e-05, 1.20352269732e-05, 1.71206866071e-05, 3.32576964865e-05],
        "median": [0.00738898804411, 0.135444223881, 0.862777531147, 3.54496431351, 6.15968513489, 6.20390510559, 8.51982021332, 8.72881126404, 7.72905302048, 9.04229927063, 13.0352506638, 11.7616405487, 9.0740404129, 8.67330741882, 7.72803115845, 6.44521188736, 4.86171197891, 5.13813400269, 5.58521699905, 4.70531272888, 4.7750043869, 5.76775693893, 5.74894523621, 4.73177242279, 5.08011436462, 4.24938678741, 3.55375385284, 4.19696807861, 6.43818950653, 5.52241516113, 3.84832429886, 1.67665183544, 0.390498399734, 0.0182697158307, 0.000847397721373, 0.000118558935355, 3.27151392412e-05, 9.0800695034e-06, 1.53338405653e-05, 2.88023238681e-05],
        "min": [2.18889261718e-22, 2.50342617708e-21, 1.03527114346e-20, 3.29807120736e-20, 1.56850427192e-19, 9.88930029848e-20, 5.12319029899e-20, 3.51815811896e-19, 5.05534429892e-19, 6.53572410879e-19, 1.02489766526e-18, 7.1964206644e-19, 1.08956829991e-18, 2.30097368661e-18, 2.07960340429e-18, 2.72142132017e-18, 1.60754331942e-18, 2.88111391409e-18, 4.34363872026e-18, 6.01482314466e-18, 6.29172888575e-18, 6.27908418932e-18, 7.38027251568e-18, 8.75627009387e-18, 1.06467136289e-17, 1.65915622568e-17, 1.18518024576e-17, 1.68241455927e-17, 1.0861734266e-17, 1.42761761888e-17, 1.11299533699e-17, 1.11974910126e-17, 1.27954773974e-17, 1.0337646692e-17, 8.22261204014e-18, 6.46974642538e-18, 3.16196427273e-18, 1.10473444965e-18, 2.39101803485e-19, 2.95984577905e-20],
        "var": [0.024705408141, 3.4487259388, 28.4260482788, 77.4017486572, 220.841918945, 251.578689575, 544.816955566, 1565.46044922, 4435.83447266, 6058.08349609, 18962.046875, 13864.8007812, 9183.13378906, 11511.6845703, 1112.44519043, 3703.91625977, 1048.72399902, 880.372680664, 1389.77868652, 544.603942871, 247.014419556, 446.295562744, 521.969848633, 355.856506348, 483.593017578, 204.830993652, 121.581459045, 173.054489136, 155.577407837, 121.454841614, 81.7562255859, 30.3310451508, 4.13059902191, 0.0208606291562, 2.04826264962e-05, 1.21532963249e-07, 3.32242966472e-09, 2.11058920341e-10, 1.62098279244e-10, 6.50226816834e-10]
    },
    "gfcc": {
        "mean": [-45.8872146606, 135.197952271, -155.50982666, 60.9683456421, -89.5165710449, 6.16321229935, -21.928647995, -21.1404075623, 6.2861995697, -30.6864128113, 1.02201116085, -17.6969280243, -5.32870292664],
        "cov": [[6724.45410156, -388.801086426, 445.7862854, 639.42376709, -668.253540039, 748.021118164, -352.848632812, 314.998657227, 74.4999542236, -187.703323364, 261.285247803, -269.204284668, -9.09906864166], [-388.801086426, 984.226501465, 505.65524292, 154.588729858, 447.427856445, -87.0946807861, 192.177017212, -45.0727310181, 95.7111053467, 72.2568740845, 41.7320175171, 78.3784942627, 3.04192638397], [445.7862854, 505.65524292, 1294.98681641, 698.702941895, 93.1768798828, 153.250076294, -175.368850708, -25.7337379456, -11.5114850998, 46.2829017639, 100.238769531, 41.8906097412, 54.0609016418], [639.42376709, 154.588729858, 698.702941895, 662.474975586, 120.721099854, 194.30809021, -98.3851699829, 36.7456436157, 21.7694511414, 29.402425766, 67.636932373, 19.6850719452, 50.6243171692], [-668.253540039, 447.427856445, 93.1768798828, 120.721099854, 563.119750977, 52.0105171204, 241.648376465, 70.4817276001, 109.755310059, 94.9499664307, -13.7640895844, 70.1642608643, 21.4855937958], [748.021118164, -87.0946807861, 153.250076294, 194.30809021, 52.0105171204, 407.275268555, 86.2608413696, 115.246902466, 38.859161377, 7.50133705139, 49.5367393494, -21.3761463165, 16.0071239471], [-352.848632812, 192.177017212, -175.368850708, -98.3851699829, 241.648376465, 86.2608413696, 364.586181641, 81.8565216064, 79.9304428101, 56.9138031006, 4.04837560654, 49.114402771, -12.286067009], [314.998657227, -45.0727310181, -25.7337379456, 36.7456436157, 70.4817276001, 115.246902466, 81.8565216064, 187.563674927, 98.1021881104, 33.8618278503, 26.0003528595, -19.6809234619, 4.77607965469], [74.4999542236, 95.7111053467, -11.5114850998, 21.7694511414, 109.755310059, 38.859161377, 79.9304428101, 98.1021881104, 162.571060181, 67.76512146, 21.0279865265, 9.01255226135, -0.727483570576], [-187.703323364, 72.2568740845, 46.2829017639, 29.402425766, 94.9499664307, 7.50133705139, 56.9138031006, 33.8618278503, 67.76512146, 118.652694702, 36.5462799072, 23.9123935699, 18.2386779785], [261.285247803, 41.7320175171, 100.238769531, 67.636932373, -13.7640895844, 49.5367393494, 4.04837560654, 26.0003528595, 21.0279865265, 36.5462799072, 100.280578613, 28.4574584961, 10.3509626389], [-269.204284668, 78.3784942627, 41.8906097412, 19.6850719452, 70.1642608643, -21.3761463165, 49.114402771, -19.6809234619, 9.01255226135, 23.9123935699, 28.4574584961, 104.798202515, 33.1709327698], [-9.09906864166, 3.04192638397, 54.0609016418, 50.6243171692, 21.4855937958, 16.0071239471, -12.286067009, 4.77607965469, -0.727483570576, 18.2386779785, 10.3509626389, 33.1709327698, 73.1726837158]],
        "icov": [[0.000398126459913, -0.00055199675262, 0.000465050252387, -0.00056195189245, 0.000786839053035, -0.000674151873682, 0.000401007535402, -0.000565800874028, -0.000126377795823, 0.000481227441924, -0.000599857012276, 0.000500126508996, -0.000124714657431], [-0.00055199675262, 0.00561036309227, -0.0037816578988, 0.0027012550272, -0.0046856882982, 0.00319235259667, -0.00322227762081, 0.00425496697426, -0.00317321135662, 0.00282515329309, -0.00303540937603, 0.00220048474148, -0.000821937050205], [0.000465050252387, -0.0037816578988, 0.00455125793815, -0.00385275296867, 0.00310972495936, -0.00225399131887, 0.00267799152061, -0.00241172732785, 0.00228604488075, -0.00219217594713, 0.00115522358101, -0.00159666163381, 0.000834596459754], [-0.00056195189245, 0.0027012550272, -0.00385275296867, 0.00602445704862, -0.00357990129851, 0.000527232943568, -0.000319111772114, 0.00183367775753, -0.00145090324804, 0.00122389919125, -0.00124983501155, 0.000475819484564, -0.00109954667278], [0.000786839053035, -0.0046856882982, 0.00310972495936, -0.00357990129851, 0.0078113800846, -0.00264037493616, 0.000553092802875, -0.00389995775186, 0.0014468904119, -0.00311037059873, 0.00405410863459, -0.00245784386061, 0.000433628127212], [-0.000674151873682, 0.00319235259667, -0.00225399131887, 0.000527232943568, -0.00264037493616, 0.00633674440905, -0.00367160653695, 0.000928193330765, -0.000933705130592, 0.00193095032591, -0.00228708027862, 0.00235394504853, -0.00143817509525], [0.000401007535402, -0.00322227762081, 0.00267799152061, -0.000319111772114, 0.000553092802875, -0.00367160653695, 0.00799905043095, -0.00371274584904, 0.00184306025039, -0.00257884990424, 0.00178320659325, -0.00411660131067, 0.00292729027569], [-0.000565800874028, 0.00425496697426, -0.00241172732785, 0.00183367775753, -0.00389995775186, 0.000928193330765, -0.00371274584904, 0.0138684129342, -0.00782287959009, 0.00305261719041, -0.00420016562566, 0.00516559043899, -0.00290675391443], [-0.000126377795823, -0.00317321135662, 0.00228604488075, -0.00145090324804, 0.0014468904119, -0.000933705130592, 0.00184306025039, -0.00782287959009, 0.0144432485104, -0.00762001192197, 0.00337334326468, -0.00351352663711, 0.00318902009167], [0.000481227441924, 0.00282515329309, -0.00219217594713, 0.00122389919125, -0.00311037059873, 0.00193095032591, -0.00257884990424, 0.00305261719041, -0.00762001192197, 0.0176115799695, -0.00875240005553, 0.00453135184944, -0.00470771687105], [-0.000599857012276, -0.00303540937603, 0.00115522358101, -0.00124983501155, 0.00405410863459, -0.00228708027862, 0.00178320659325, -0.00420016562566, 0.00337334326468, -0.00875240005553, 0.0198953188956, -0.00909717287868, 0.00347097823396], [0.000500126508996, 0.00220048474148, -0.00159666163381, 0.000475819484564, -0.00245784386061, 0.00235394504853, -0.00411660131067, 0.00516559043899, -0.00351352663711, 0.00453135184944, -0.00909717287868, 0.0192115493119, -0.00858703348786], [-0.000124714657431, -0.000821937050205, 0.000834596459754, -0.00109954667278, 0.000433628127212, -0.00143817509525, 0.00292729027569, -0.00290675391443, 0.00318902009167, -0.00470771687105, 0.00347097823396, -0.00858703348786, 0.019304426387]]
    },
    "melbands": {
        "dmean": [0.000597737671342, 0.000995078356937, 0.000770609884057, 0.0004036493483, 0.000281685206573, 0.000285952322884, 0.000322894949932, 0.000304082001094, 0.000340855738614, 0.000231913669268, 0.000131383669213, 8.98609432625e-05, 3.84176746593e-05, 3.49690926669e-05, 2.31313370023e-05, 1.91579310922e-05, 1.77471356437e-05, 2.09982263186e-05, 1.28016199596e-05, 7.46751311453e-06, 6.45118097964e-06, 7.69576581661e-06, 8.71149313753e-06, 5.97008693148e-06, 4.80299058836e-06, 5.25883297087e-06, 5.40159453521e-06, 3.33922707796e-06, 2.24081486522e-06, 2.39452560891e-06, 2.81234520116e-06, 3.31581622959e-06, 2.90510774903e-06, 2.56772864304e-06, 2.25105895879e-06, 1.47090497649e-06, 1.03453680822e-06, 4.60081480469e-07, 1.02037269301e-07, 4.28839852518e-09],
        "dmean2": [0.000988672953099, 0.0016630764585, 0.00128922006115, 0.000653703231364, 0.000446470861789, 0.000457153859315, 0.000507377611939, 0.000483710493427, 0.000527804601006, 0.000359450757969, 0.000199190559215, 0.000135255177156, 5.95345154579e-05, 5.53239260626e-05, 3.68288820027e-05, 2.98001577903e-05, 2.80065487459e-05, 3.27892303176e-05, 1.99074420379e-05, 1.17341314763e-05, 1.03535521703e-05, 1.22717738122e-05, 1.38271179821e-05, 9.55522318691e-06, 7.77585228207e-06, 8.43836096465e-06, 8.52159701026e-06, 5.34310674993e-06, 3.6055714645e-06, 3.80821029466e-06, 4.5332458285e-06, 5.34616947334e-06, 4.6330137593e-06, 4.14948954131e-06, 3.64960033039e-06, 2.35018183048e-06, 1.65803226082e-06, 7.02311865552e-07, 1.52666260078e-07, 6.54787646326e-09],
        "dvar": [2.08473966268e-06, 4.75108618048e-06, 1.86091290288e-06, 4.92151002618e-07, 3.1164248071e-07, 4.35050367287e-07, 6.63389926103e-07, 6.04482409017e-07, 7.82976940172e-07, 3.11814687848e-07, 1.10334127612e-07, 6.57640057966e-08, 8.42547542845e-09, 1.28785515585e-08, 8.01115618287e-09, 3.38488725937e-09, 1.74486625149e-09, 3.27405791367e-09, 1.01456720802e-09, 4.61342797298e-10, 1.7856206791e-10, 3.25534182943e-10, 5.1636700471e-10, 2.58274512888e-10, 1.63837235445e-10, 1.54472226677e-10, 1.51405762927e-10, 5.68137169255e-11, 3.31446189938e-11, 4.92848852007e-11, 4.58749947752e-11, 3.83112500058e-11, 2.94658152045e-11, 2.45051947484e-11, 2.59526029139e-11, 8.11881638307e-12, 6.13519131332e-12, 1.38986196684e-12, 1.07933945798e-13, 4.91129184576e-16],
        "dvar2": [5.56279519515e-06, 1.24987300296e-05, 5.03506316818e-06, 1.31099284317e-06, 7.66583923451e-07, 1.05997378341e-06, 1.54160318289e-06, 1.4756752762e-06, 1.81963912382e-06, 7.35997161883e-07, 2.39831564386e-07, 1.34244103833e-07, 1.82027442008e-08, 3.14011927571e-08, 1.96171132671e-08, 7.64614593862e-09, 4.06959888011e-09, 7.71124231136e-09, 2.40283548614e-09, 1.01422970022e-09, 4.28527269225e-10, 7.66508967409e-10, 1.26946630985e-09, 6.24083229539e-10, 4.08582306877e-10, 3.72178121655e-10, 3.67993413519e-10, 1.4025215711e-10, 8.11674963352e-11, 1.10345253768e-10, 1.10486418625e-10, 9.32771221374e-11, 7.39270450412e-11, 6.11189085453e-11, 6.91438087341e-11, 1.88095771597e-11, 1.40413045774e-11, 2.741757342e-12, 2.4212665835e-13, 1.2158320454e-15],
        "max": [0.023217311129, 0.03108680062, 0.0362669937313, 0.0191042795777, 0.0103486869484, 0.0129087185487, 0.0142334615812, 0.010593934916, 0.0129134170711, 0.00921087805182, 0.00666846893728, 0.0099246064201, 0.00231332750991, 0.0045790662989, 0.00307086971588, 0.00189220986795, 0.000960994861089, 0.00138392939698, 0.000676370167639, 0.000919672776945, 0.000266716117039, 0.000549983000383, 0.000785581476521, 0.00057358056074, 0.000358056568075, 0.000316047895467, 0.000295309670037, 0.000144445351907, 0.000177169727976, 0.000272801873507, 0.000187365949387, 0.000129193853354, 0.000142102420796, 0.000194129330339, 0.000268875795882, 0.000133913694299, 0.00014412177552, 4.97441615153e-05, 9.09384289116e-06, 7.52557014039e-07],
        "mean": [0.00101275625639, 0.00166638370138, 0.00130810367409, 0.000769883801695, 0.000546305964235, 0.000486876640934, 0.000455409637652, 0.000394690025132, 0.000466268043965, 0.000339051155606, 0.000210671089008, 0.000156657915795, 6.33525924059e-05, 5.61367451155e-05, 3.81879071938e-05, 3.01381296595e-05, 2.78869702015e-05, 2.98732156807e-05, 1.90556111193e-05, 1.19040851132e-05, 1.12004136099e-05, 1.23610898299e-05, 1.34736874315e-05, 9.5303676062e-06, 7.77535478846e-06, 8.55299276736e-06, 8.37517291075e-06, 5.16560066899e-06, 3.44930958818e-06, 3.56841724169e-06, 4.3860554797e-06, 5.60816988582e-06, 5.21426954947e-06, 4.37900644101e-06, 3.69749704987e-06, 2.42010924012e-06, 1.60147374118e-06, 7.35755861569e-07, 1.38127532523e-07, 4.22692947311e-09],
        "median": [9.78204552666e-05, 0.000437445269199, 0.000815029314253, 0.000480251561385, 0.000300082640024, 0.000200247770408, 0.000119133990665, 9.59473400144e-05, 9.60027828114e-05, 6.73382455716e-05, 4.13492816733e-05, 3.32797535521e-05, 2.45334558713e-05, 1.92976076505e-05, 1.17055624287e-05, 9.44769089983e-06, 8.9271716206e-06, 8.52733046486e-06, 6.9124039328e-06, 5.1464835451e-06, 5.35038407179e-06, 5.53129166292e-06, 5.7241900322e-06, 4.07165271099e-06, 3.4738316117e-06, 3.58442753168e-06, 3.17637545777e-06, 2.51201686297e-06, 2.01800366995e-06, 1.92961897483e-06, 2.45111095865e-06, 3.49794299837e-06, 3.4077206692e-06, 2.7485116334e-06, 2.31373542192e-06, 1.4234963146e-06, 8.20322725303e-07, 3.23552256987e-07, 2.46821194594e-08, 8.51019116288e-11],
        "min": [3.28220962405e-24, 5.27460129692e-24, 1.14388097141e-23, 9.60607914973e-24, 2.0734784881e-24, 7.64081206466e-24, 9.37431418236e-24, 6.60743622769e-24, 6.84845256133e-24, 4.28546714609e-24, 5.69843575091e-24, 9.69968065158e-24, 7.55062396395e-24, 5.20766960455e-24, 3.66055875268e-24, 3.60995884763e-24, 5.79976375089e-24, 8.14435302452e-24, 5.9275276631e-24, 8.90079963514e-24, 6.93927569507e-24, 4.1355240151e-24, 7.49253303575e-24, 6.04257710967e-24, 6.7051962098e-24, 4.45996712263e-24, 1.16005104225e-23, 1.09697041105e-23, 6.68300397481e-24, 9.54739342041e-24, 9.24272981679e-24, 5.96820764226e-24, 7.19102566461e-24, 7.02845089838e-24, 6.83057224005e-24, 6.10068854825e-24, 6.6638591095e-24, 7.96269413526e-24, 9.73661354144e-24, 7.57109411558e-24],
        "var": [2.89366494144e-06, 6.99934753357e-06, 2.65252015197e-06, 8.79100298334e-07, 5.98247936523e-07, 7.53851338686e-07, 9.83421728051e-07, 7.64191554481e-07, 1.21378275253e-06, 5.50168635982e-07, 2.45328266146e-07, 2.16928938812e-07, 1.71346101752e-08, 2.16509228324e-08, 1.70671583533e-08, 6.31271213081e-09, 3.4219971301e-09, 4.85480811108e-09, 1.61930491238e-09, 7.15721093503e-10, 3.35449196198e-10, 4.902950268e-10, 6.77296441154e-10, 4.32666347194e-10, 2.53162824038e-10, 2.77149664329e-10, 2.44491621393e-10, 7.88449375233e-11, 4.06656860963e-11, 7.23621509935e-11, 6.71575156597e-11, 6.09336053836e-11, 5.18453439902e-11, 3.64967812916e-11, 3.32721350471e-11, 1.48204851169e-11, 1.15743829451e-11, 3.32854837443e-12, 1.71202448377e-13, 4.68490270297e-16]
    },
    "mfcc": {
        "mean": [-657.550415039, 124.208602905, -1.95909953117, 33.6824760437, -25.3315143585, 16.6225223541, -24.5335597992, 17.7789955139, -15.8008527756, 9.69720363617, -11.1774673462, 3.18142676353, -11.617231369],
        "cov": [[5753.77392578, -493.807891846, 330.594329834, 110.053611755, -240.658096313, 348.598297119, -271.585144043, 527.880737305, -380.336151123, 484.641998291, -120.243843079, 155.606155396, -234.883956909], [-493.807891846, 847.487670898, 132.089050293, 169.784469604, 187.116119385, 55.4079208374, 123.261276245, 16.2994499207, 74.2376861572, 16.644947052, 105.742218018, 4.89534235001, 100.611961365], [330.594329834, 132.089050293, 1227.14916992, 489.925140381, 330.433410645, 179.003326416, -10.8842277527, -28.4097232819, -99.3848953247, -68.3053665161, -73.9203033447, 108.450492859, 22.4351921082], [110.053611755, 169.784469604, 489.925140381, 504.01171875, 270.8699646, 124.105735779, 19.0145988464, 18.7629165649, 6.66987466812, -2.73321151733, -12.5274515152, 70.7978744507, 57.0063858032], [-240.658096313, 187.116119385, 330.433410645, 270.8699646, 440.33480835, 111.737236023, 88.804359436, 5.99331998825, 105.293457031, 12.6496992111, 37.6082420349, 41.6469154358, 57.3350639343], [348.598297119, 55.4079208374, 179.003326416, 124.105735779, 111.737236023, 283.992889404, 114.057174683, 116.8695755, 33.5756225586, 60.2309303284, 37.6256599426, 38.8739814758, 6.04989480972], [-271.585144043, 123.261276245, -10.8842277527, 19.0145988464, 88.804359436, 114.057174683, 247.413696289, 72.5064926147, 104.493583679, 21.7269363403, 80.8796768188, -0.410668432713, 36.8000068665], [527.880737305, 16.2994499207, -28.4097232819, 18.7629165649, 5.99331998825, 116.8695755, 72.5064926147, 223.422271729, 42.4536781311, 98.7786712646, 45.7405014038, 35.7554740906, -6.69204902649], [-380.336151123, 74.2376861572, -99.3848953247, 6.66987466812, 105.293457031, 33.5756225586, 104.493583679, 42.4536781311, 203.183044434, 51.5399131775, 79.1857070923, 7.5122923851, 45.3848457336], [484.641998291, 16.644947052, -68.3053665161, -2.73321151733, 12.6496992111, 60.2309303284, 21.7269363403, 98.7786712646, 51.5399131775, 201.575805664, 64.7606048584, 36.8194236755, 1.46277487278], [-120.243843079, 105.742218018, -73.9203033447, -12.5274515152, 37.6082420349, 37.6256599426, 80.8796768188, 45.7405014038, 79.1857070923, 64.7606048584, 144.363571167, 24.0720043182, 35.7584686279], [155.606155396, 4.89534235001, 108.450492859, 70.7978744507, 41.6469154358, 38.8739814758, -0.410668432713, 35.7554740906, 7.5122923851, 36.8194236755, 24.0720043182, 104.852638245, 34.5647735596], [-234.883956909, 100.611961365, 22.4351921082, 57.0063858032, 57.3350639343, 6.04989480972, 36.8000068665, -6.69204902649, 45.3848457336, 1.46277487278, 35.7584686279, 34.5647735596, 109.505432129]],
