{
"lowlevel": {
    "average_loudness": 0.877029895782,
    "barkbands_crest": {
        "dmean": 2.80796861649,
        "dmean2": 4.40788173676,
        "dvar": 6.24882793427,
        "dvar2": 14.5439825058,
        "max": 25.8412227631,
        "mean": 10.8505048752,
        "median": 9.73593616486,
        "min": 2.02874827385,
        "var": 25.4707431793
    },
    "barkbands_flatness_db": {
        "dmean": 0.0194851960987,
        "dmean2": 0.0304487552494,
        "dvar": 0.000314859848004,
        "dvar2": 0.000737745256629,
        "max": 0.472546845675,
        "mean": 0.178593561053,
        "median": 0.171493560076,
        "min": 0.0254321210086,
        "var": 0.00246488978155
    },
    "barkbands_kurtosis": {
        "dmean": 2.3132045269,
        "dmean2": 3.61262106895,
        "dvar": 31.1750907898,
        "dvar2": 77.2959365845,
        "max": 189.323654175,
        "mean": 3.32663202286,
        "median": 1.16958999634,
        "min": -1.90636336803,
        "var": 74.5580749512
    },
    "barkbands_skewness": {
        "dmean": 0.468495607376,
        "dmean2": 0.70609664917,
        "dvar": 0.251055151224,
        "dvar2": 0.570341765881,
        "max": 11.6644515991,
        "mean": 1.34700727463,
        "median": 1.13909173012,
        "min": -2.12408566475,
        "var": 1.44941866398
    },
    "barkbands_spread": {
        "dmean": 5.89791679382,
        "dmean2": 9.00162410736,
        "dvar": 43.1590538025,
        "dvar2": 92.8204193115,
        "max": 94.9989929199,
        "mean": 25.7192878723,
        "median": 22.6990203857,
        "min": 0.615579009056,
        "var": 208.708724976
    },
    "dissonance": {
        "dmean": 0.0183070152998,
        "dmean2": 0.0311866831034,
        "dvar": 0.000375499250367,
        "dvar2": 0.000999497133307,
        "max": 0.500000059605,
        "mean": 0.470080375671,
        "median": 0.477945864201,
        "min": 0,
        "var": 0.000689914799295
    },
    "dynamic_complexity": 3.17076277733,
    "erbbands_crest": {
        "dmean": 2.85125613213,
        "dmean2": 4.63690710068,
        "dvar": 8.46673583984,
        "dvar2": 19.9917583466,
        "max": 32.6606521606,
        "mean": 9.52273464203,
        "median": 7.83353281021,
        "min": 2.25623893738,
        "var": 32.2636222839
    },
    "erbbands_flatness_db": {
        "dmean": 0.0148238614202,
        "dmean2": 0.0220170225948,
        "dvar": 0.000201903749257,
        "dvar2": 0.000393984548282,
        "max": 0.403689444065,
        "mean": 0.205362915993,
        "median": 0.196220889688,
        "min": 0.0914220586419,
        "var": 0.00238313502632
    },
    "erbbands_kurtosis": {
        "dmean": 0.975151956081,
        "dmean2": 1.54590976238,
        "dvar": 2.13311624527,
        "dvar2": 4.92307472229,
        "max": 27.9773921967,
        "mean": 0.439783811569,
        "median": -0.315809011459,
        "min": -1.83759319782,
        "var": 5.73586320877
    },
    "erbbands_skewness": {
        "dmean": 0.396424949169,
        "dmean2": 0.605056583881,
        "dvar": 0.145537346601,
        "dvar2": 0.310235947371,
        "max": 4.9258890152,
        "mean": 0.462109684944,
        "median": 0.422372490168,
        "min": -3.15678048134,
        "var": 0.792767941952
    },
    "erbbands_spread": {
        "dmean": 7.86965179443,
        "dmean2": 11.9309444427,
        "dvar": 62.0460586548,
        "dvar2": 126.442344666,
        "max": 129.030517578,
        "mean": 41.2240524292,
        "median": 40.5207481384,
        "min": 4.42730665207,
        "var": 370.305755615
    },
    "hfc": {
        "dmean": 6.75835084915,
        "dmean2": 10.1775226593,
        "dvar": 62.1237487793,
        "dvar2": 135.798095703,
        "max": 137.659561157,
        "mean": 24.98179245,
        "median": 23.1457252502,
        "min": 1.14088680846e-16,
        "var": 305.959289551
    },
    "melbands_crest": {
        "dmean": 3.69251871109,
        "dmean2": 5.84146165848,
        "dvar": 10.4794130325,
        "dvar2": 25.3379154205,
        "max": 36.1595039368,
        "mean": 15.2969932556,
        "median": 14.2835845947,
        "min": 1.6164124012,
        "var": 37.9329910278
    },
    "melbands_flatness_db": {
        "dmean": 0.0227037575096,
        "dmean2": 0.0333554893732,
        "dvar": 0.000433012348367,
        "dvar2": 0.000939730263781,
        "max": 0.618898153305,
        "mean": 0.18940334022,
        "median": 0.180189743638,
        "min": 0.00406533107162,
        "var": 0.00492362631485
    },
    "melbands_kurtosis": {
        "dmean": 6.06806612015,
        "dmean2": 9.30076694489,
        "dvar": 148.702789307,
        "dvar2": 339.955169678,
        "max": 425.011413574,
        "mean": 12.806927681,
        "median": 6.0332365036,
        "min": -1.60258960724,
        "var": 492.788024902
    },
    "melbands_skewness": {
        "dmean": 0.669603705406,
        "dmean2": 0.999004781246,
        "dvar": 0.519447684288,
        "dvar2": 1.1022541523,
        "max": 16.6731033325,
        "mean": 2.46511483192,
        "median": 2.10184168816,
        "min": -1.30991005898,
        "var": 3.29959797859
    },
    "melbands_spread": {
        "dmean": 7.55774784088,
        "dmean2": 11.6569509506,
        "dvar": 81.9161376953,
        "dvar2": 176.495620728,
        "max": 148.206832886,
        "mean": 27.9336299896,
        "median": 24.3005905151,
        "min": 0.518967330456,
        "var": 317.899230957
    },
    "pitch_salience": {
        "dmean": 0.0700280815363,
        "dmean2": 0.11018101871,
        "dvar": 0.00410046288744,
        "dvar2": 0.00928728189319,
        "max": 0.994736075401,
        "mean": 0.543288826942,
        "median": 0.558745503426,
        "min": 0.0924705341458,
        "var": 0.0189689490944
    },
    "silence_rate_20dB": {
        "dmean": 0,
        "dmean2": 0,
        "dvar": 0,
        "dvar2": 0,
        "max": 1,
        "mean": 1,
        "median": 1,
        "min": 1,
        "var": 0
    },
    "silence_rate_30dB": {
        "dmean": 0.00952846277505,
        "dmean2": 0.0190592538565,
        "dvar": 0.00943813472986,
        "dvar2": 0.0230958405882,
        "max": 1,
        "mean": 0.990839123726,
        "median": 1,
        "min": 0,
        "var": 0.00907694827765
    },
    "silence_rate_60dB": {
        "dmean": 0.00855118501931,
        "dmean2": 0.0171044599265,
        "dvar": 0.00847768690437,
        "dvar2": 0.0204751621932,
        "max": 1,
        "mean": 0.0498351044953,
        "median": 0,
        "min": 0,
        "var": 0.0473409406841
    },
    "spectral_centroid": {
        "dmean": 285.820953369,
        "dmean2": 439.185302734,
        "dvar": 94394.4296875,
        "dvar2": 198479.15625,
        "max": 11417.8066406,
        "mean": 1697.19335938,
        "median": 1622.77587891,
        "min": 222.332305908,
        "var": 438586.40625
    },
    "spectral_complexity": {
        "dmean": 3.84827756882,
        "dmean2": 6.0207695961,
        "dvar": 13.6316432953,
        "dvar2": 30.7723884583,
        "max": 51,
        "mean": 20.931476593,
        "median": 20,
        "min": 0,
        "var": 106.12020874
    },
    "spectral_decrease": {
        "dmean": 2.28030905269e-09,
        "dmean2": 3.49699336155e-09,
        "dvar": 8.37142844978e-18,
        "dvar2": 1.92297175086e-17,
        "max": 1.08639818344e-28,
        "mean": -7.69599139971e-09,
        "median": -5.94887872296e-09,
        "min": -6.26613427812e-08,
        "var": 4.10447913304e-17
    },
    "spectral_energy": {
        "dmean": 0.00906386319548,
        "dmean2": 0.0138917583972,
        "dvar": 0.000127136780065,
        "dvar2": 0.000291742559057,
        "max": 0.239631056786,
        "mean": 0.0313124284148,
        "median": 0.0249187294394,
        "min": 1.05209134422e-20,
        "var": 0.00063563202275
    },
    "spectral_energyband_high": {
        "dmean": 0.000508845434524,
        "dmean2": 0.000779313792009,
        "dvar": 5.33799379809e-07,
        "dvar2": 1.24580810734e-06,
        "max": 0.0120580941439,
        "mean": 0.0013490258716,
        "median": 0.00106088013854,
        "min": 7.86800708508e-21,
        "var": 1.58025352448e-06
    },
    "spectral_energyband_low": {
        "dmean": 0.00458655832335,
        "dmean2": 0.00666397484019,
        "dvar": 7.79792826506e-05,
        "dvar2": 0.000161203017342,
        "max": 0.182068586349,
        "mean": 0.0115882316604,
        "median": 0.00518806045875,
        "min": 6.1041608773e-23,
        "var": 0.000328497146256
    },
    "spectral_energyband_middle_high": {
        "dmean": 0.00278000370599,
        "dmean2": 0.00405047321692,
        "dvar": 2.38681677729e-05,
        "dvar2": 4.68230246042e-05,
        "max": 0.10386248678,
        "mean": 0.00785736553371,
        "median": 0.00401157187298,
        "min": 1.22158531674e-21,
        "var": 0.000105659746623
    },
    "spectral_energyband_middle_low": {
        "dmean": 0.00482569122687,
        "dmean2": 0.0075860247016,
        "dvar": 5.41988774785e-05,
        "dvar2": 0.000129249543534,
        "max": 0.0951984375715,
        "mean": 0.0110369091853,
        "median": 0.00624308781698,
        "min": 2.98529074125e-22,
        "var": 0.000151233209181
    },
    "spectral_entropy": {
        "dmean": 0.115085035563,
        "dmean2": 0.172846004367,
        "dvar": 0.0123161543161,
        "dvar2": 0.0256162006408,
        "max": 9.81835746765,
        "mean": 7.75392580032,
        "median": 7.78102207184,
        "min": 5.88932037354,
        "var": 0.0955758318305
    },
    "spectral_flux": {
        "dmean": 0.0241446848959,
        "dmean2": 0.0382838100195,
        "dvar": 0.00062014372088,
        "dvar2": 0.00143164489418,
        "max": 0.342752873898,
        "mean": 0.0925266295671,
        "median": 0.0851876363158,
        "min": 6.71070421454e-11,
        "var": 0.00217931205407
    },
    "spectral_kurtosis": {
        "dmean": 1.28738582134,
        "dmean2": 2.25751256943,
        "dvar": 4.02126836777,
        "dvar2": 11.8250522614,
        "max": 64.2623977661,
        "mean": 1.44281840324,
        "median": 0.825545787811,
        "min": -1.22655797005,
        "var": 9.45012187958
    },
    "spectral_rms": {
        "dmean": 0.000756023335271,
        "dmean2": 0.00113897153642,
        "dvar": 6.05202728821e-07,
        "dvar2": 1.30283319777e-06,
        "max": 0.0152900749817,
        "mean": 0.00506485020742,
        "median": 0.00493061402813,
        "min": 3.20379551881e-12,
        "var": 4.89596141051e-06
    },
    "spectral_rolloff": {
        "dmean": 530.869628906,
        "dmean2": 867.345825195,
        "dvar": 668259.4375,
        "dvar2": 1453812.625,
        "max": 19315.2832031,
        "mean": 1732.27844238,
        "median": 1313.52539062,
        "min": 43.06640625,
        "var": 2156222
    },
    "spectral_skewness": {
        "dmean": 0.19674089551,
        "dmean2": 0.321337431669,
        "dvar": 0.0364523567259,
        "dvar2": 0.0996857210994,
        "max": 5.61240243912,
        "mean": 0.814485907555,
        "median": 0.78903734684,
        "min": -0.383905768394,
        "var": 0.162057980895
    },
    "spectral_spread": {
        "dmean": 284488.5,
        "dmean2": 430885.84375,
        "dvar": 220606693376,
        "dvar2": 363979243520,
        "max": 41491608,
        "mean": 3995212.5,
        "median": 4043885.75,
        "min": 1061369.5,
        "var": 1.16999480934e+12
    },
    "spectral_strongpeak": {
        "dmean": 0.664128243923,
        "dmean2": 1.08060657978,
        "dvar": 1.14044117928,
        "dvar2": 2.73743510246,
        "max": 12.1501293182,
        "mean": 1.36132359505,
        "median": 0.613418936729,
        "min": 0,
        "var": 3.08010053635
    },
    "zerocrossingrate": {
        "dmean": 0.00914140511304,
        "dmean2": 0.0107934912667,
        "dvar": 9.43930717767e-05,
        "dvar2": 0.00013048062101,
        "max": 0.5009765625,
        "mean": 0.0674883797765,
        "median": 0.0634765625,
        "min": 0.001953125,
        "var": 0.000977739109658
    },
    "barkbands": {
        "dmean": [0.000493670930155, 0.00407521752641, 0.0011088460451, 0.000519338937011, 0.00154006457888, 0.00121267093346, 0.000916525779758, 0.00114414375275, 0.00188143283594, 0.00126828800421, 0.000927626446355, 0.000615303521045, 0.000375714967959, 0.000422851968324, 0.000283696397673, 0.000219601482968, 0.000191340674064, 0.000170878003701, 0.000167139820405, 0.000178881760803, 0.000191391838598, 0.000187982950592, 0.000133536494104, 4.28996427217e-05, 6.8232304784e-07, 1.37252764709e-09, 1.26421328961e-09],
        "dmean2": [0.000847009418067, 0.00569471670315, 0.00164077151567, 0.000854529091157, 0.00255715963431, 0.00193543441128, 0.00149523408618, 0.00179065088741, 0.00299643329345, 0.00197701784782, 0.00142783951014, 0.000935828895308, 0.000584104447626, 0.000666125153657, 0.000456579989986, 0.000358294870239, 0.00031161509105, 0.000277093233308, 0.000267147639534, 0.000283645058516, 0.000312905933242, 0.000296030571917, 0.000207317469176, 6.51863956591e-05, 1.06550578494e-06, 2.46898390621e-09, 2.33236940872e-09],
        "dvar": [8.88297745405e-06, 6.80062148604e-05, 9.53376820689e-06, 1.4934586261e-06, 1.26604918478e-05, 7.78585945227e-06, 5.11361031386e-06, 1.06398156277e-05, 2.65506660071e-05, 1.15876300697e-05, 8.82398398971e-06, 3.44753766512e-06, 1.29972511331e-06, 1.21531513742e-06, 5.16765965131e-07, 2.44016149509e-07, 2.94118166266e-07, 1.30376207608e-07, 8.58209148191e-08, 9.95640050405e-08, 9.39416153756e-08, 1.09517756641e-07, 4.56299105167e-08, 4.03107280889e-09, 5.32511231291e-12, 1.07850918464e-17, 3.72385999782e-18],
        "dvar2": [2.79004580079e-05, 0.000130949178129, 2.05500255106e-05, 3.86807914765e-06, 3.24886932503e-05, 1.78791251528e-05, 1.20389022413e-05, 2.31332305702e-05, 6.22960578767e-05, 2.5026503863e-05, 1.89875900105e-05, 7.06397031536e-06, 2.82181940747e-06, 2.74232070296e-06, 1.19013532185e-06, 5.73147701743e-07, 7.07997855898e-07, 3.05349175278e-07, 2.08980239336e-07, 2.31860482813e-07, 2.40449111288e-07, 2.58594667457e-07, 1.11186992058e-07, 8.52153991815e-09, 1.31259178873e-11, 2.25897102675e-17, 1.11835538464e-17],
        "max": [0.14337900281, 0.155887618661, 0.0389034822583, 0.0269297026098, 0.0672459676862, 0.0770095363259, 0.0648338198662, 0.0596459507942, 0.0813713446259, 0.0691967457533, 0.0665862262249, 0.0524859875441, 0.0338948182762, 0.0167568121105, 0.0155206434429, 0.0105979414657, 0.0149398157373, 0.00860509928316, 0.00767439045012, 0.00695822341368, 0.00491212913767, 0.00836786814034, 0.00480321515352, 0.00151006982196, 0.00010657520761, 1.77519325462e-07, 4.14275191929e-08],
        "mean": [0.000910699251108, 0.00896481797099, 0.00145716255065, 0.000685949809849, 0.00217625079677, 0.00185069080908, 0.00143826880958, 0.00165087147616, 0.00275605591014, 0.00203211419284, 0.00177291734144, 0.00106093171053, 0.000572686316445, 0.000632994808257, 0.000434209272498, 0.000352386297891, 0.000367183034541, 0.000327254005242, 0.000341415259754, 0.000367964821635, 0.00034628433059, 0.000396878662286, 0.000316051300615, 9.94409274426e-05, 9.00189434105e-07, 1.35731403894e-09, 1.20734500175e-09],
        "median": [0.000367167260265, 0.00296277459711, 0.000358338467777, 0.000239644665271, 0.000762486830354, 0.000745304278098, 0.00052744068671, 0.00030853386852, 0.000578703708015, 0.000402683654102, 0.000227674114285, 0.000245028990321, 0.000181502662599, 0.000190639300854, 0.000171159073943, 0.000170359533513, 0.000166506128153, 0.000199584537768, 0.000241339250351, 0.000260477943812, 0.000208806653973, 0.000254584825598, 0.000238730222918, 6.860915164e-05, 1.46053920957e-07, 5.64332913733e-10, 5.26111376686e-10],
        "min": [2.28543290989e-23, 2.74321204863e-23, 1.00982644569e-23, 1.74858845142e-23, 1.77430941901e-23, 6.21677171815e-23, 2.85256931157e-23, 1.38493588035e-23, 4.82435238772e-23, 2.89041191582e-23, 2.3542551863e-23, 6.78008088227e-23, 6.59975106586e-23, 5.42219756671e-23, 8.75647974134e-23, 4.01702235544e-23, 1.41463422151e-22, 1.44944974559e-22, 1.80280212827e-22, 3.15471307258e-22, 4.45936127745e-22, 5.61150966893e-22, 6.11229674692e-22, 6.32901412941e-22, 1.11341812306e-21, 1.62675053807e-21, 2.19485065009e-21],
        "var": [1.00812267192e-05, 0.000259978813119, 1.34287065521e-05, 2.08009578273e-06, 1.83321644727e-05, 1.46360553117e-05, 1.10081728053e-05, 2.36371306528e-05, 4.96442007716e-05, 2.72813031188e-05, 3.54525545845e-05, 9.80053664534e-06, 2.82411815533e-06, 2.02898377211e-06, 8.2399776602e-07, 3.79648838589e-07, 8.75166620062e-07, 2.31187641475e-07, 1.58055939892e-07, 1.95535307057e-07, 1.65271671904e-07, 2.65617728701e-07, 1.13642080635e-07, 1.35109736732e-08, 1.00176507714e-11, 1.13520124869e-17, 3.2547892403e-18]
    },
    "erbbands": {
        "dmean": [0.160471379757, 0.821482121944, 1.31605136395, 1.33434855938, 3.05018377304, 5.90773010254, 8.10748004913, 10.5807781219, 12.3683919907, 15.6551923752, 31.1366405487, 42.1112785339, 34.2859077454, 36.9849853516, 34.0340003967, 21.95611763, 16.8246631622, 18.486738205, 16.2776641846, 14.4593935013, 10.137213707, 10.4965991974, 8.73584938049, 8.99758911133, 7.69355821609, 8.66169643402, 9.04647350311, 6.18134069443, 6.57368421555, 5.81778383255, 3.3443043232, 1.44884490967, 0.426061630249, 0.030509673059, 0.000949772074819, 8.1725353084e-05, 1.65620949701e-05, 4.85447571918e-06, 5.33071170139e-06, 1.0646879673e-05],
        "dmean2": [0.231199130416, 1.12500560284, 1.89404332638, 2.10106658936, 5.15794944763, 9.9784116745, 12.9896993637, 16.8040924072, 19.9319343567, 25.4094238281, 48.9095115662, 67.1582260132, 53.3741188049, 55.9934959412, 51.4983863831, 32.6105613708, 25.7865009308, 28.2836360931, 25.7483558655, 22.7086467743, 16.2990245819, 16.9200725555, 14.2055244446, 14.5038738251, 12.0187959671, 13.7533397675, 14.9163007736, 9.84319496155, 10.318985939, 9.16819667816, 5.15776729584, 2.21025156975, 0.63562887907, 0.0445978604257, 0.00136902474333, 0.000119050375361, 2.45087121584e-05, 7.2586162787e-06, 8.08144341136e-06, 1.62940359587e-05],
        "dvar": [0.116189159453, 3.26121616364, 12.7483463287, 8.57599544525, 53.2057991028, 237.048660278, 403.503845215, 658.890197754, 852.639953613, 2139.29907227, 6974.15576172, 15842.2548828, 8066.26074219, 10477.4472656, 11988.5537109, 4414.18457031, 2983.8605957, 2417.79223633, 1791.59667969, 1084.42529297, 515.3828125, 818.796569824, 359.136688232, 325.135742188, 144.82635498, 243.224716187, 216.532211304, 109.469093323, 135.704208374, 112.589256287, 26.0847873688, 4.73237943649, 0.550499141216, 0.00413525756449, 3.43235137734e-06, 1.59817830081e-08, 5.07126007854e-10, 4.35063825244e-11, 3.47244732968e-11, 1.60832361318e-10],
        "dvar2": [0.243248149753, 5.94755315781, 27.2613639832, 20.5727882385, 143.89831543, 623.797912598, 970.64453125, 1495.65087891, 2003.40612793, 5160.85400391, 15781.6572266, 37946.703125, 18221.546875, 21565.5722656, 27566.4316406, 8823.63085938, 6479.17382812, 5275.45556641, 4379.55859375, 2384.59936523, 1192.95837402, 2012.78271484, 844.114074707, 791.892089844, 318.946563721, 567.560791016, 571.81060791, 261.268737793, 314.479888916, 273.209625244, 63.661781311, 10.7041187286, 1.14312207699, 0.00898620672524, 6.91916147844e-06, 3.18763220264e-08, 1.04756914254e-09, 9.29161678154e-11, 7.86727835655e-11, 3.67740837781e-10],
        "max": [6.90932273865, 26.9664783478, 43.8638725281, 61.5551376343, 128.781646729, 335.421966553, 502.429504395, 552.020019531, 832.404907227, 954.621643066, 1773.03149414, 2194.55322266, 2392.77172852, 2741.36328125, 3495.0234375, 2582.63378906, 1859.2175293, 821.864013672, 1229.33886719, 717.528808594, 674.390991211, 799.913513184, 434.484313965, 471.740020752, 255.665588379, 374.53729248, 257.625427246, 207.907424927, 260.818878174, 215.313903809, 94.1509628296, 46.9890480042, 21.704252243, 2.95890808105, 0.0738449171185, 0.00384216732346, 0.000429638050264, 0.000127962674014, 0.000111247056338, 0.00026290587266],
        "mean": [0.30010202527, 1.80631017685, 2.14856314659, 2.12115550041, 3.91585016251, 7.64987754822, 12.3878507614, 16.0669727325, 19.8667411804, 23.4650764465, 49.3245658875, 61.4274673462, 56.244972229, 68.7765960693, 65.157333374, 39.6491317749, 27.5364303589, 30.3017597198, 25.8634414673, 23.7546005249, 18.7497329712, 21.4017486572, 17.8308200836, 18.2024555206, 16.9836006165, 17.7757377625, 15.7578458786, 12.6038684845, 13.5886888504, 13.3431901932, 7.95334243774, 3.41216683388, 0.961825072765, 0.0646136179566, 0.00226673320867, 0.000236488078372, 5.55293372599e-05, 1.61511979968e-05, 2.07013290492e-05, 3.85896892112e-05],
        "median": [0.131466239691, 0.415910512209, 0.512424886227, 0.813254058361, 1.38650119305, 2.43146777153, 4.56276464462, 6.52108764648, 7.74729919434, 7.51664638519, 9.36309432983, 13.9143276215, 15.0414876938, 14.4926614761, 10.9628076553, 10.8065853119, 9.95624160767, 10.2843141556, 9.86329460144, 11.0234537125, 10.1468048096, 10.1973028183, 10.9645414352, 12.7980461121, 12.59471035, 12.8460960388, 10.1561222076, 7.57042551041, 8.4572763443, 9.35107040405, 6.03832674026, 2.46561455727, 0.616151630878, 0.0343061946332, 0.00142114213668, 0.000182361109182, 4.86295539304e-05, 1.45092453749e-05, 1.89728270925e-05, 3.2344210922e-05],
        "min": [1.11795398491e-21, 3.67432658744e-21, 1.07927569801e-20, 3.3286394084e-20, 6.15645520634e-20, 6.70583496499e-20, 1.44754578019e-19, 5.83019281303e-19, 5.50095011381e-19, 3.32999029774e-19, 5.84340598934e-19, 9.14447443394e-19, 8.66077695184e-19, 1.14988651698e-18, 1.22301755493e-18, 2.52576374039e-18, 3.27990906114e-18, 4.16544705911e-18, 4.643359757e-18, 5.49904501346e-18, 3.10376860112e-18, 6.53952324595e-18, 7.41302142331e-18, 1.0482251098e-17, 9.8170853889e-18, 1.29439794784e-17, 1.74401536123e-17, 1.56364713974e-17, 1.81332598281e-17, 1.35304596317e-17, 1.95783228516e-17, 1.31981968961e-17, 1.21401824346e-17, 9.67010697458e-18, 9.5186038823e-18, 6.20498204132e-18, 3.18973375987e-18, 1.03496652127e-18, 3.27598315856e-19, 3.17551179803e-20],
        "var": [0.275238782167, 13.4718589783, 24.9690685272, 14.3764076233, 63.2911224365, 313.665466309, 686.724853516, 1234.61291504, 1982.60083008, 4048.72314453, 17529.5742188, 26902.8789062, 18191.140625, 34249.4140625, 39259.4375, 11395.8066406, 5967.70458984, 4473.91162109, 2648.66992188, 1822.1072998, 950.23614502, 2650.96582031, 775.326782227, 515.552978516, 326.873626709, 468.391601562, 322.827941895, 255.402755737, 334.440734863, 255.458496094, 68.8482208252, 13.6763887405, 1.74729192257, 0.0135774193332, 1.25623619169e-05, 6.74450291172e-08, 2.17461471053e-09, 1.68496161468e-10, 2.00004124373e-10, 8.46413661382e-10]
    },
    "gfcc": {
        "mean": [-25.0530357361, 120.117263794, -170.87437439, 62.6630630493, -84.6491394043, 15.0438776016, -13.3740406036, -12.8457641602, 10.2693920135, -21.5234012604, 8.61193561554, -11.6099758148, 2.99284934998],
        "cov": [[5451.33300781, -202.889907837, 580.436279297, 860.044677734, -553.124816895, 505.342803955, -285.848815918, 110.05696106, 73.1983108521, -101.159461975, 321.952362061, -74.6996383667, 172.389099121], [-202.889907837, 1115.39501953, 664.055603027, 216.842178345, 593.19720459, -1.07206296921, 255.111785889, 37.5183563232, 91.5950622559, 95.9078826904, -19.9309883118, 3.18942046165, -11.6486434937], [580.436279297, 664.055603027, 1264.14660645, 744.703674316, 302.126586914, 174.398254395, 13.9415636063, 117.955276489, 108.914413452, 108.764007568, 70.4758834839, 47.1604003906, 59.0108566284], [860.044677734, 216.842178345, 744.703674316, 748.946411133, 125.754058838, 167.954269409, -42.6992034912, 83.5988693237, 112.78629303, 51.5153617859, 80.3292999268, 63.917388916, 53.4274139404], [-553.124816895, 593.19720459, 302.126586914, 125.754058838, 604.958618164, 71.9789047241, 256.106658936, 70.188659668, 66.4256057739, 96.3895721436, -32.9972190857, 23.0112438202, -11.3826036453], [505.342803955, -1.07206296921, 174.398254395, 167.954269409, 71.9789047241, 363.999237061, 137.676589966, 31.486492157, 16.3116817474, 11.4570760727, 48.6293945312, 2.45679926872, 24.8779716492], [-285.848815918, 255.111785889, 13.9415636063, -42.6992034912, 256.106658936, 137.676589966, 322.819244385, 39.8353538513, 48.2759284973, 38.4866218567, -25.4672374725, 12.6176614761, -12.524933815], [110.05696106, 37.5183563232, 117.955276489, 83.5988693237, 70.188659668, 31.486492157, 39.8353538513, 168.773544312, 91.2583618164, 25.0211544037, 5.14377069473, -4.87453317642, 22.5505046844], [73.1983108521, 91.5950622559, 108.914413452, 112.78629303, 66.4256057739, 16.3116817474, 48.2759284973, 91.2583618164, 165.848510742, 45.1279945374, 2.99211239815, 20.4770812988, 3.51433730125], [-101.159461975, 95.9078826904, 108.764007568, 51.5153617859, 96.3895721436, 11.4570760727, 38.4866218567, 25.0211544037, 45.1279945374, 107.684417725, 36.2710266113, 15.5834407806, 2.90960526466], [321.952362061, -19.9309883118, 70.4758834839, 80.3292999268, -32.9972190857, 48.6293945312, -25.4672374725, 5.14377069473, 2.99211239815, 36.2710266113, 121.857292175, 36.2798690796, 18.212600708], [-74.6996383667, 3.18942046165, 47.1604003906, 63.917388916, 23.0112438202, 2.45679926872, 12.6176614761, -4.87453317642, 20.4770812988, 15.5834407806, 36.2798690796, 93.6327362061, 34.1655387878], [172.389099121, -11.6486434937, 59.0108566284, 53.4274139404, -11.3826036453, 24.8779716492, -12.524933815, 22.5505046844, 3.51433730125, 2.90960526466, 18.212600708, 34.1655387878, 80.9198532104]],
        "icov": [[0.000486032571644, -0.00048402469838, 0.000407479092246, -0.00071394891711, 0.000675937684719, -0.000572981371079, 0.000238103835727, -0.000187952959095, -0.000149187879288, 0.00049472466344, -0.00101795501541, 0.00114286667667, -0.000835137325339], [-0.00048402469838, 0.00491661857814, -0.00331165431999, 0.00213124323636, -0.00393839227036, 0.00299723236822, -0.0025489970576, 0.00328318937682, -0.00231236638501, 0.00201311754063, -0.00138904084451, 0.00196428433992, -0.000526845862623], [0.000407479092246, -0.00331165431999, 0.00452591106296, -0.00369421974756, 0.00207040878013, -0.00205952581018, 0.00188665278256, -0.00259502138942, 0.00211476162076, -0.0022884667851, 0.000903427251615, -0.00049731915351, -0.000269524025498], [-0.00071394891711, 0.00213124323636, -0.00369421974756, 0.00584542704746, -0.00237511168234, 0.00020843182574, 0.000585875357501, 0.00150405394379, -0.00257123610936, 0.00126324105076, 5.51758566871e-05, -0.00219839508645, 0.000917720375583], [0.000675937684719, -0.00393839227036, 0.00207040878013, -0.00237511168234, 0.00690895644948, -0.00194867514074, -0.000711734755896, -0.00326709263027, 0.00258422316983, -0.00328304618597, 0.00181958999019, -0.00141823675949, 0.000617713667452], [-0.000572981371079, 0.00299723236822, -0.00205952581018, 0.00020843182574, -0.00194867514074, 0.0068461149931, -0.00485804257914, 0.00208353158087, -0.000541559595149, 0.00172870547976, -0.00239532021806, 0.00263383286074, -0.00130660028663], [0.000238103835727, -0.0025489970576, 0.00188665278256, 0.000585875357501, -0.000711734755896, -0.00485804257914, 0.00879710633308, -0.00209839595482, -0.000261168635916, -0.00143594888505, 0.00231081806123, -0.00325641827658, 0.00162078160793], [-0.000187952959095, 0.00328318937682, -0.00259502138942, 0.00150405394379, -0.00326709263027, 0.00208353158087, -0.00209839595482, 0.0123035870492, -0.00739100435749, 0.00272975768894, -0.0027394220233, 0.00559333944693, -0.00460343714803], [-0.000149187879288, -0.00231236638501, 0.00211476162076, -0.00257123610936, 0.00258422316983, -0.000541559595149, -0.000261168635916, -0.00739100435749, 0.0128739951178, -0.00552577432245, 0.0039607998915, -0.00505452044308, 0.00357191823423], [0.00049472466344, 0.00201311754063, -0.0022884667851, 0.00126324105076, -0.00328304618597, 0.00172870547976, -0.00143594888505, 0.00272975768894, -0.00552577432245, 0.0168632622808, -0.00826529506594, 0.00409980351105, -0.00214269687422], [-0.00101795501541, -0.00138904084451, 0.000903427251615, 5.51758566871e-05, 0.00181958999019, -0.00239532021806, 0.00231081806123, -0.0027394220233, 0.0039607998915, -0.00826529506594, 0.0167753379792, -0.00944538414478, 0.00372439878993], [0.00114286667667, 0.00196428433992, -0.00049731915351, -0.00219839508645, -0.00141823675949, 0.00263383286074, -0.00325641827658, 0.00559333944693, -0.00505452044308, 0.00409980351105, -0.00944538414478, 0.0222363583744, -0.0106003535911], [-0.000835137325339, -0.000526845862623, -0.000269524025498, 0.000917720375583, 0.000617713667452, -0.00130660028663, 0.00162078160793, -0.00460343714803, 0.00357191823423, -0.00214269687422, 0.00372439878993, -0.0106003535911, 0.0192334633321]]
    },
    "melbands": {
        "dmean": [0.00123972410802, 0.000730771047529, 0.000243668109761, 0.000322848296491, 0.000280962296529, 0.000236492385739, 0.00018298838404, 0.00018062190793, 0.000290468073217, 0.000255156483036, 0.000177259003976, 0.000160802650498, 0.000131777604111, 7.47659651097e-05, 5.17806438438e-05, 3.33669195243e-05, 3.83837723348e-05, 3.10406830977e-05, 2.23056122195e-05, 1.76579378603e-05, 1.24574771689e-05, 1.26309932966e-05, 9.19188187254e-06, 9.19519607123e-06, 7.98379824118e-06, 6.49615185466e-06, 6.37329549136e-06, 6.08776463196e-06, 5.59790942134e-06, 5.32430067324e-06, 3.67231882592e-06, 3.98656538891e-06, 3.87010732084e-06, 3.41102668244e-06, 2.31535568673e-06, 1.37252015975e-06, 7.99705276222e-07, 3.83160312367e-07, 9.90961481762e-08, 3.82031517532e-09],
        "dmean2": [0.00175951968413, 0.00103439099621, 0.000383606296964, 0.00054586835904, 0.000450767751317, 0.000374085910153, 0.000295351928798, 0.000289868476102, 0.000458992959466, 0.00040575361345, 0.000277403829386, 0.000243505113758, 0.000199109403184, 0.000114421673061, 7.912539877e-05, 5.20433095517e-05, 5.97568396188e-05, 4.94186897413e-05, 3.56498203473e-05, 2.85311907646e-05, 2.01755192393e-05, 2.02156479645e-05, 1.47450082295e-05, 1.49193201651e-05, 1.30193857331e-05, 1.03586780824e-05, 1.01555697256e-05, 9.76556202659e-06, 9.11889674171e-06, 8.89046623342e-06, 5.92460901316e-06, 6.36138793197e-06, 6.13858037468e-06, 5.44903105038e-06, 3.61982984032e-06, 2.16350304072e-06, 1.22983897199e-06, 5.81984068049e-07, 1.50039667801e-07, 5.56447021793e-09],
        "dvar": [6.44163128527e-06, 2.96061534755e-06, 2.56279861333e-07, 6.19885156539e-07, 4.42859061422e-07, 3.01020122606e-07, 1.86383886103e-07, 2.76092094964e-07, 5.76071215619e-07, 5.54022335564e-07, 2.18214481151e-07, 1.98504196192e-07, 1.84977551498e-07, 6.32430499081e-08, 2.21966747205e-08, 1.08178550562e-08, 1.11902274114e-08, 7.43794270619e-09, 3.88127485706e-09, 1.85021853394e-09, 1.04964159586e-09, 1.30359578687e-09, 8.30070512325e-10, 4.09730444018e-10, 2.83820189573e-10, 1.1869126515e-10, 1.31852320728e-10, 1.31880090182e-10, 8.42403369283e-11, 8.25929047377e-11, 4.10990755317e-11, 5.15545522939e-11, 5.35847408112e-11, 3.7151136334e-11, 1.28528056254e-11, 4.43666457739e-12, 1.46258916436e-12, 4.82895136638e-13, 4.48881891672e-14, 2.99021529803e-16],
        "dvar2": [1.30410344354e-05, 5.81765652896e-06, 6.21370702447e-07, 1.65562312304e-06, 1.06410493572e-06, 6.84953874952e-07, 4.34816371353e-07, 6.50698041227e-07, 1.3544444073e-06, 1.30246201024e-06, 4.93557422487e-07, 4.09936802725e-07, 4.07834335192e-07, 1.38049557563e-07, 4.68018654942e-08, 2.33619026346e-08, 2.50183216366e-08, 1.81322601378e-08, 8.7453821962e-09, 4.29283142367e-09, 2.40653452721e-09, 3.05582159577e-09, 1.86340898267e-09, 9.52611545202e-10, 7.03451685791e-10, 2.77699530038e-10, 2.99244601321e-10, 3.06982689269e-10, 2.17950518744e-10, 2.16519177587e-10, 1.0043314097e-10, 1.22087048804e-10, 1.31387775659e-10, 9.13755945908e-11, 3.21772296308e-11, 1.08607818919e-11, 3.34333906046e-12, 1.04321152411e-12, 1.03271564748e-13, 6.34656641087e-16],
        "max": [0.0482812859118, 0.0226624365896, 0.00985365640372, 0.013429697603, 0.0144099639729, 0.0131227588281, 0.0135523183271, 0.00958465319127, 0.0156892165542, 0.0122452778742, 0.0115481484681, 0.0119280572981, 0.0109024178237, 0.00644479319453, 0.00519175408408, 0.00355638144538, 0.00187098747119, 0.00259127793834, 0.00170582334977, 0.000986238825135, 0.00096151989419, 0.000967935542576, 0.00108995649498, 0.000513442966621, 0.000432675762568, 0.000272263976512, 0.000313157914206, 0.000311935611535, 0.000186548786587, 0.000142969525768, 0.00011844249093, 0.000165609890246, 0.000165635326994, 0.000149340514326, 6.39541904093e-05, 5.33516285941e-05, 2.47164352913e-05, 2.21045338549e-05, 9.30674286792e-06, 6.80398557051e-07],
        "mean": [0.00264273700304, 0.00161578936968, 0.00040503643686, 0.000416239257902, 0.000432482367614, 0.000367804430425, 0.00029463210376, 0.000262797228061, 0.000456108071376, 0.000365013635019, 0.00028008283698, 0.000282137218164, 0.000252492522122, 0.000123392033856, 7.96829262981e-05, 5.32105914317e-05, 5.77445825911e-05, 4.44369979959e-05, 3.3961256122e-05, 2.72658580798e-05, 2.05011965591e-05, 2.29711513384e-05, 1.63906915986e-05, 1.66274094227e-05, 1.4438162907e-05, 1.28913961817e-05, 1.22535220726e-05, 1.14964414024e-05, 9.97523420665e-06, 8.20321020001e-06, 7.10915219315e-06, 7.52497544454e-06, 7.89759906183e-06, 7.32680518922e-06, 5.04894569531e-06, 2.93116522698e-06, 1.72361512796e-06, 8.08816821518e-07, 1.71810512484e-07, 4.83990492128e-09],
        "median": [0.00105569977313, 0.000400585966418, 0.000168115555425, 0.000140651056427, 0.000157301852596, 0.00015044612519, 0.000113656693429, 7.33139822842e-05, 7.6008727774e-05, 7.98972469056e-05, 6.6252432589e-05, 5.49075157323e-05, 3.45484440913e-05, 2.48872074735e-05, 2.41602247115e-05, 1.69329141499e-05, 1.7815238607e-05, 1.41444743349e-05, 1.29689942696e-05, 1.23418803923e-05, 1.03756410681e-05, 9.85326187219e-06, 8.5590454546e-06, 9.82260917226e-06, 9.42537371884e-06, 8.94462391443e-06, 8.51366985444e-06, 7.55240353101e-06, 6.20733362666e-06, 4.41736938228e-06, 4.1026864892e-06, 4.49145363746e-06, 4.81808547192e-06, 5.06576316184e-06, 3.69392205357e-06, 2.10527582567e-06, 1.17972729186e-06, 5.06449794102e-07, 7.40696108892e-08, 3.51164514134e-10],
        "min": [8.65659906446e-24, 5.0698528434e-24, 8.36715732087e-24, 3.67999589095e-24, 4.46723647587e-24, 1.31016827484e-23, 8.36733718115e-24, 3.11183282625e-24, 4.6181230845e-24, 6.0435631858e-24, 4.16206563469e-24, 4.66631893594e-24, 3.28339390148e-24, 7.48061808064e-24, 7.05460952599e-24, 6.46701740884e-24, 7.02033825283e-24, 7.11427186512e-24, 6.93131056651e-24, 5.3851033548e-24, 3.51197127915e-24, 7.04046682768e-24, 6.04458554954e-24, 7.24951496757e-24, 8.87694921453e-24, 6.11712052091e-24, 9.82711403107e-24, 7.12406715098e-24, 1.05526522826e-23, 9.32930256797e-24, 7.4814905608e-24, 1.18560508687e-23, 7.67043300279e-24, 6.3499504505e-24, 1.09322876489e-23, 1.06403057732e-23, 7.19755269974e-24, 7.9179523113e-24, 9.92994914982e-24, 7.41380077311e-24],
        "var": [2.07256889553e-05, 1.06226016214e-05, 4.83180485844e-07, 7.52797006953e-07, 7.87653959833e-07, 5.86749820286e-07, 4.24727772952e-07, 5.16409500051e-07, 1.45317528677e-06, 9.61745968198e-07, 4.84919894461e-07, 6.03379817221e-07, 7.1144239655e-07, 1.52498103034e-07, 4.58342164222e-08, 2.58080650184e-08, 1.84993496077e-08, 1.04904858134e-08, 6.16665296604e-09, 2.67707367385e-09, 1.67178304533e-09, 3.67293773174e-09, 1.59139901257e-09, 6.82739531577e-10, 3.97913507699e-10, 2.35308827978e-10, 2.3509796887e-10, 2.40305636501e-10, 1.48602283256e-10, 1.16861562094e-10, 9.18138620687e-11, 1.13102478771e-10, 1.15103697407e-10, 7.76157332849e-11, 3.03217138897e-11, 1.028088812e-11, 4.05478558715e-12, 1.34862596351e-12, 1.11903650409e-13, 5.84878420601e-16]
    },
    "mfcc": {
        "mean": [-632.139526367, 108.974525452, -16.7891654968, 32.1901817322, -27.0468235016, 21.3169498444, -17.5325393677, 21.1354732513, -11.5052261353, 16.3169765472, -9.1797170639, 8.23069095612, -6.31303691864],
        "cov": [[4408.09960938, -439.989044189, 515.574890137, 378.169189453, -147.113952637, 254.736984253, -175.513000488, 215.513809204, -304.759490967, 230.049728394, -225.56262207, 161.042572021, -78.8473205566], [-439.989044189, 933.35925293, 203.810394287, 198.208389282, 280.253051758, 134.687210083, 202.721298218, 48.4056510925, 137.038925171, 68.742805481, 124.737289429, 11.6924495697, 49.7000579834], [515.574890137, 203.810394287, 1019.74804688, 537.339233398, 346.687835693, 202.398635864, 40.063457489, 78.151802063, 33.7952651978, 42.2223587036, 37.3131523132, 136.382614136, 12.6520023346], [378.169189453, 198.208389282, 537.339233398, 603.32421875, 292.420196533, 145.284667969, -6.19540262222, 87.531463623, 52.60313797, 34.2999763489, 35.6222000122, 120.713478088, 42.693775177], [-147.113952637, 280.253051758, 346.687835693, 292.420196533, 403.762023926, 102.310249329, 109.402076721, 47.8276252747, 112.743766785, 30.7779006958, 79.2197647095, 63.7377586365, 49.4419441223], [254.736984253, 134.687210083, 202.398635864, 145.284667969, 102.310249329, 340.163452148, 148.902420044, 106.134895325, 44.7984542847, 59.1353034973, 31.6628780365, 40.4707641602, 26.0415630341], [-175.513000488, 202.721298218, 40.063457489, -6.19540262222, 109.402076721, 148.902420044, 259.816436768, 57.2574081421, 69.7599411011, 40.3795700073, 53.2687950134, -2.16672754288, 30.1483211517], [215.513809204, 48.4056510925, 78.151802063, 87.531463623, 47.8276252747, 106.134895325, 57.2574081421, 168.166244507, 73.5817642212, 59.0519256592, 20.3163299561, 34.6118850708, 12.5079517365], [-304.759490967, 137.038925171, 33.7952651978, 52.60313797, 112.743766785, 44.7984542847, 69.7599411011, 73.5817642212, 208.321533203, 45.5066337585, 70.1081314087, 10.1091470718, 24.5784435272], [230.049728394, 68.742805481, 42.2223587036, 34.2999763489, 30.7779006958, 59.1353034973, 40.3795700073, 59.0519256592, 45.5066337585, 144.050170898, 40.2556800842, 17.6447143555, 2.31369996071], [-225.56262207, 124.737289429, 37.3131523132, 35.6222000122, 79.2197647095, 31.6628780365, 53.2687950134, 20.3163299561, 70.1081314087, 40.2556800842, 119.589942932, 37.9890937805, 26.7415332794], [161.042572021, 11.6924495697, 136.382614136, 120.713478088, 63.7377586365, 40.4707641602, -2.16672754288, 34.6118850708, 10.1091470718, 17.6447143555, 37.9890937805, 116.56918335, 36.2200317383], [-78.8473205566, 49.7000579834, 12.6520023346, 42.693775177, 49.4419441223, 26.0415630341, 30.1483211517, 12.5079517365, 24.5784435272, 2.31369996071, 26.7415332794, 36.2200317383, 82.8593597412]],
