{
"lowlevel": {
    "average_loudness": 0.875775396824,
    "barkbands_crest": {
        "dmean": 2.75019884109,
        "dmean2": 4.45741891861,
        "dvar": 6.21883296967,
        "dvar2": 15.0167446136,
        "max": 25.7932415009,
        "mean": 10.6747102737,
        "median": 9.85628414154,
        "min": 2.18718528748,
        "var": 22.6182594299
    },
    "barkbands_flatness_db": {
        "dmean": 0.0212262775749,
        "dmean2": 0.0333994776011,
        "dvar": 0.000409428204875,
        "dvar2": 0.000996021088213,
        "max": 0.519287765026,
        "mean": 0.190269619226,
        "median": 0.176128059626,
        "min": 0.0369498208165,
        "var": 0.00404899613932
    },
    "barkbands_kurtosis": {
        "dmean": 3.1252155304,
        "dmean2": 4.99289083481,
        "dvar": 73.4159317017,
        "dvar2": 192.138290405,
        "max": 269.505187988,
        "mean": 3.99722099304,
        "median": 0.36850631237,
        "min": -1.9252512455,
        "var": 131.591140747
    },
    "barkbands_skewness": {
        "dmean": 0.553868055344,
        "dmean2": 0.849327027798,
        "dvar": 0.428838908672,
        "dvar2": 1.04187405109,
        "max": 13.6973991394,
        "mean": 1.27694106102,
        "median": 1.03474223614,
        "min": -3.49807810783,
        "var": 2.03456425667
    },
    "barkbands_spread": {
        "dmean": 6.14431667328,
        "dmean2": 9.32054138184,
        "dvar": 55.8843231201,
        "dvar2": 115.81060791,
        "max": 97.4692840576,
        "mean": 27.3860435486,
        "median": 26.1489887238,
        "min": 0.377194225788,
        "var": 288.333374023
    },
    "dissonance": {
        "dmean": 0.0161092989147,
        "dmean2": 0.0270458608866,
        "dvar": 0.00025635221391,
        "dvar2": 0.000701231998391,
        "max": 0.500000059605,
        "mean": 0.468374729156,
        "median": 0.477063447237,
        "min": 0.226766273379,
        "var": 0.000777196197305
    },
    "dynamic_complexity": 4.43967533112,
    "erbbands_crest": {
        "dmean": 2.75382685661,
        "dmean2": 4.4019613266,
        "dvar": 6.71599626541,
        "dvar2": 16.0485553741,
        "max": 31.2502288818,
        "mean": 10.1346349716,
        "median": 8.76200008392,
        "min": 2.44404935837,
        "var": 27.9043331146
    },
    "erbbands_flatness_db": {
        "dmean": 0.0148124210536,
        "dmean2": 0.0220914967358,
        "dvar": 0.000189255268197,
        "dvar2": 0.000403662997996,
        "max": 0.41432967782,
        "mean": 0.213805839419,
        "median": 0.20445728302,
        "min": 0.0575460642576,
        "var": 0.00257800566033
    },
    "erbbands_kurtosis": {
        "dmean": 1.16821146011,
        "dmean2": 1.84960782528,
        "dvar": 6.20584869385,
        "dvar2": 14.3633537292,
        "max": 76.1536254883,
        "mean": 0.649865806103,
        "median": -0.283339619637,
        "min": -1.85529446602,
        "var": 14.4656677246
    },
    "erbbands_skewness": {
        "dmean": 0.425426214933,
        "dmean2": 0.632761001587,
        "dvar": 0.193501889706,
        "dvar2": 0.397624075413,
        "max": 8.02596569061,
        "mean": 0.134333074093,
        "median": 0.0527602173388,
        "min": -4.877389431,
        "var": 1.21335351467
    },
    "erbbands_spread": {
        "dmean": 8.31352138519,
        "dmean2": 12.8145160675,
        "dvar": 90.2798995972,
        "dvar2": 217.659820557,
        "max": 145.305664062,
        "mean": 40.7155685425,
        "median": 37.5027389526,
        "min": 2.40179753304,
        "var": 410.892913818
    },
    "hfc": {
        "dmean": 4.97670173645,
        "dmean2": 7.4213476181,
        "dvar": 42.6563491821,
        "dvar2": 92.8894424438,
        "max": 74.8701858521,
        "mean": 20.3250827789,
        "median": 16.7726020813,
        "min": 1.13424845243e-16,
        "var": 283.113983154
    },
    "melbands_crest": {
        "dmean": 3.44180178642,
        "dmean2": 5.56434631348,
        "dvar": 8.9623298645,
        "dvar2": 21.8677501678,
        "max": 37.7832260132,
        "mean": 14.5993614197,
        "median": 13.8523130417,
        "min": 1.00024044514,
        "var": 35.5819244385
    },
    "melbands_flatness_db": {
        "dmean": 0.0261390544474,
        "dmean2": 0.0395271480083,
        "dvar": 0.000665169849526,
        "dvar2": 0.00152037630323,
        "max": 0.683862388134,
        "mean": 0.210247963667,
        "median": 0.187849745154,
        "min": 9.8367343071e-07,
        "var": 0.00961904227734
    },
    "melbands_kurtosis": {
        "dmean": 6.94598722458,
        "dmean2": 11.1091957092,
        "dvar": 210.200424194,
        "dvar2": 558.242492676,
        "max": 329.055236816,
        "mean": 12.8414173126,
        "median": 5.48073768616,
        "min": -1.85877919197,
        "var": 477.422729492
    },
    "melbands_skewness": {
        "dmean": 0.712046504021,
        "dmean2": 1.10869956017,
        "dvar": 0.66044896841,
        "dvar2": 1.63540422916,
        "max": 14.6833848953,
        "mean": 2.46326088905,
        "median": 2.13223099709,
        "min": -1.99108541012,
        "var": 2.97654652596
    },
    "melbands_spread": {
        "dmean": 9.22478199005,
        "dmean2": 14.0432548523,
        "dvar": 155.695922852,
        "dvar2": 327.91696167,
        "max": 223.966842651,
        "mean": 32.9513626099,
        "median": 27.7986717224,
        "min": 0.426133394241,
        "var": 675.091430664
    },
    "pitch_salience": {
        "dmean": 0.0690276548266,
        "dmean2": 0.111340388656,
        "dvar": 0.00418301206082,
        "dvar2": 0.010331899859,
        "max": 0.997746825218,
        "mean": 0.541148126125,
        "median": 0.544286489487,
        "min": 0.0877955406904,
        "var": 0.0172817837447
    },
    "silence_rate_20dB": {
        "dmean": 0,
        "dmean2": 0,
        "dvar": 0,
        "dvar2": 0,
        "max": 1,
        "mean": 1,
        "median": 1,
        "min": 1,
        "var": 0
    },
    "silence_rate_30dB": {
        "dmean": 0,
        "dmean2": 0,
        "dvar": 0,
        "dvar2": 0,
        "max": 1,
        "mean": 1,
        "median": 1,
        "min": 1,
        "var": 0
    },
    "silence_rate_60dB": {
        "dmean": 0.0280004795641,
        "dmean2": 0.0560076609254,
        "dvar": 0.0272119753063,
        "dvar2": 0.0622103475034,
        "max": 1,
        "mean": 0.136276617646,
        "median": 0,
        "min": 0,
        "var": 0.117693424225
    },
    "spectral_centroid": {
        "dmean": 303.388214111,
        "dmean2": 452.021728516,
        "dvar": 126966.039062,
        "dvar2": 258480.09375,
        "max": 10854.0449219,
        "mean": 1758.43078613,
        "median": 1826.17724609,
        "min": 181.59236145,
        "var": 770569.125
    },
    "spectral_complexity": {
        "dmean": 3.32272338867,
        "dmean2": 5.25514602661,
        "dvar": 16.0111522675,
        "dvar2": 36.392665863,
        "max": 52,
        "mean": 16.2096195221,
        "median": 16,
        "min": 0,
        "var": 112.690620422
    },
    "spectral_decrease": {
        "dmean": 1.34123823159e-09,
        "dmean2": 2.09384798389e-09,
        "dvar": 3.03704118187e-18,
        "dvar2": 7.44804176891e-18,
        "max": -6.25493175465e-29,
        "mean": -4.7979322737e-09,
        "median": -4.36761737888e-09,
        "min": -2.5889120181e-08,
        "var": 1.38873301634e-17
    },
    "spectral_energy": {
        "dmean": 0.00532512087375,
        "dmean2": 0.00827276241034,
        "dvar": 4.59739931102e-05,
        "dvar2": 0.00011193240789,
        "max": 0.10123270005,
        "mean": 0.0199520159513,
        "median": 0.0186968091875,
        "min": 1.05240396033e-20,
        "var": 0.000227120050113
    },
    "spectral_energyband_high": {
        "dmean": 0.000392197020119,
        "dmean2": 0.000603610824328,
        "dvar": 4.89217029553e-07,
        "dvar2": 1.11215763354e-06,
        "max": 0.0113777555525,
        "mean": 0.000981466262601,
        "median": 0.000607301830314,
        "min": 7.78993464463e-21,
        "var": 1.38397558658e-06
    },
    "spectral_energyband_low": {
        "dmean": 0.00253571383655,
        "dmean2": 0.00404256861657,
        "dvar": 2.04918942472e-05,
        "dvar2": 5.32977755938e-05,
        "max": 0.0758358314633,
        "mean": 0.00531464302912,
        "median": 0.00204714084975,
        "min": 6.70070128036e-23,
        "var": 5.28851414856e-05
    },
    "spectral_energyband_middle_high": {
        "dmean": 0.00150328862946,
        "dmean2": 0.00223824055865,
        "dvar": 5.96072413828e-06,
        "dvar2": 1.29529162223e-05,
        "max": 0.0464764498174,
        "mean": 0.0054500089027,
        "median": 0.00236060284078,
        "min": 1.62143667003e-21,
        "var": 4.27306986239e-05
    },
    "spectral_energyband_middle_low": {
        "dmean": 0.00371304433793,
        "dmean2": 0.00582020310685,
        "dvar": 3.52588431269e-05,
        "dvar2": 8.31449287944e-05,
        "max": 0.0806141272187,
        "mean": 0.00873511470854,
        "median": 0.00500688701868,
        "min": 3.08473517805e-22,
        "var": 9.61192781688e-05
    },
    "spectral_entropy": {
        "dmean": 0.146693885326,
        "dmean2": 0.218111634254,
        "dvar": 0.0236706938595,
        "dvar2": 0.0493134558201,
        "max": 9.80035305023,
        "mean": 7.49783182144,
        "median": 7.57884120941,
        "min": 5.06740570068,
        "var": 0.246136128902
    },
    "spectral_flux": {
        "dmean": 0.0192763600498,
        "dmean2": 0.0306699723005,
        "dvar": 0.000413667963585,
        "dvar2": 0.000968398409896,
        "max": 0.249825894833,
        "mean": 0.0759701058269,
        "median": 0.0707060545683,
        "min": 6.51703968568e-11,
        "var": 0.00186735345051
    },
    "spectral_kurtosis": {
        "dmean": 2.36471199989,
        "dmean2": 4.12711715698,
        "dvar": 20.7244415283,
        "dvar2": 62.0446624756,
        "max": 109.354431152,
        "mean": 3.64295768738,
        "median": 1.53127551079,
        "min": -1.18883514404,
        "var": 59.7654953003
    },
    "spectral_rms": {
        "dmean": 0.000560180400498,
        "dmean2": 0.000858032319229,
        "dvar": 3.62007682497e-07,
        "dvar2": 8.24411188205e-07,
        "max": 0.00993798859417,
        "mean": 0.00401618191972,
        "median": 0.00427092332393,
        "min": 3.20427148356e-12,
        "var": 3.33578759637e-06
    },
    "spectral_rolloff": {
        "dmean": 580.602661133,
        "dmean2": 952.957702637,
        "dvar": 896777.0625,
        "dvar2": 1860048.25,
        "max": 18755.4199219,
        "mean": 2092.10986328,
        "median": 1787.25585938,
        "min": 43.06640625,
        "var": 2979534.25
    },
    "spectral_skewness": {
        "dmean": 0.274027019739,
        "dmean2": 0.453358203173,
        "dvar": 0.103075683117,
        "dvar2": 0.293893575668,
        "max": 7.12455463409,
        "mean": 0.985179662704,
        "median": 0.819969296455,
        "min": -0.675321102142,
        "var": 0.550846576691
    },
    "spectral_spread": {
        "dmean": 330063.8125,
        "dmean2": 490536.4375,
        "dvar": 261695619072,
        "dvar2": 530939478016,
        "max": 39800052,
        "mean": 3667863.5,
        "median": 3615418.5,
        "min": 646714.75,
        "var": 1.73378594406e+12
    },
    "spectral_strongpeak": {
        "dmean": 0.582923591137,
        "dmean2": 0.980418860912,
        "dvar": 1.1275780201,
        "dvar2": 2.85165715218,
        "max": 15.3447570801,
        "mean": 1.13582336903,
        "median": 0.447539389133,
        "min": 0,
        "var": 2.70985555649
    },
    "zerocrossingrate": {
        "dmean": 0.010160304606,
        "dmean2": 0.0114944186062,
        "dvar": 0.00016552375746,
        "dvar2": 0.000184479911695,
        "max": 0.5625,
        "mean": 0.0709740594029,
        "median": 0.06884765625,
        "min": 0.0029296875,
        "var": 0.00167542917188
    },
    "barkbands": {
        "dmean": [0.000144271209138, 0.00210875808261, 0.000789214042015, 0.000830224133097, 0.00168687466066, 0.00144086987711, 0.000635886273813, 0.000263126159552, 0.000647581531666, 0.000460657785879, 0.000311501033138, 0.0002746625687, 0.000217223452637, 0.000244267517701, 0.000252312631346, 0.000201376358746, 0.000250346958637, 0.000286903057713, 0.000323224347085, 0.000291024567559, 8.85315675987e-05, 0.000128086423501, 0.000124083337141, 4.62017014797e-05, 7.09739822469e-07, 1.08582542957e-09, 8.24438017855e-10],
        "dmean2": [0.000234848484979, 0.00320415920578, 0.00125343783293, 0.00141352938954, 0.00278937723488, 0.0022726461757, 0.00102686858736, 0.000429815612733, 0.00104077148717, 0.000737380702049, 0.000466309225885, 0.000433579203673, 0.000337129662512, 0.000383226462873, 0.000395027658669, 0.000313002761686, 0.000399171141908, 0.000447914062534, 0.000483411073219, 0.000451629486633, 0.00014135397214, 0.000197262532311, 0.000193699088413, 7.13433983037e-05, 1.08183530756e-06, 1.90826310309e-09, 1.52839441103e-09],
        "dvar": [2.06904786637e-07, 1.74839842657e-05, 3.95285360355e-06, 4.36615255239e-06, 1.61219268193e-05, 9.7450292742e-06, 3.22026721733e-06, 7.31911541152e-07, 3.56893815479e-06, 2.38333245761e-06, 8.67221672252e-07, 5.43859528079e-07, 3.7050682522e-07, 5.27499764758e-07, 3.85092477018e-07, 2.36252120089e-07, 3.73433437062e-07, 4.23513426995e-07, 3.72910108126e-07, 2.77352881994e-07, 3.37807968265e-08, 8.74215615454e-08, 5.49136203176e-08, 1.03611021984e-08, 6.36337944143e-12, 4.57742188165e-18, 1.55482399706e-18],
        "dvar2": [5.58673718842e-07, 4.21582408308e-05, 9.04081935005e-06, 1.16706778499e-05, 4.07309744332e-05, 2.22461130761e-05, 7.86669443187e-06, 1.74340254944e-06, 8.69013001648e-06, 5.84935378356e-06, 1.74836247879e-06, 1.20798029002e-06, 8.00803150014e-07, 1.20315962704e-06, 8.48130468967e-07, 5.16001364304e-07, 8.37972550016e-07, 9.90072862805e-07, 7.84177188962e-07, 6.197352036e-07, 8.00463624273e-08, 1.99099190468e-07, 1.31778790546e-07, 2.34472299354e-08, 1.44475377842e-11, 1.22777053473e-17, 4.96294594975e-18],
        "max": [0.0172956138849, 0.0604310072958, 0.0248146131635, 0.0258655175567, 0.0630774721503, 0.0490962080657, 0.0373522490263, 0.0196987949312, 0.0489968582988, 0.0375603809953, 0.0249941740185, 0.0158015619963, 0.0122423376888, 0.0199485067278, 0.0136104002595, 0.0121082924306, 0.0176828727126, 0.0145611660555, 0.0108317984268, 0.00872264802456, 0.00445156823844, 0.00494991848245, 0.00450658565387, 0.00152026861906, 6.70745503157e-05, 7.2585649491e-08, 1.2987547926e-08],
        "mean": [0.000223076276598, 0.00377492629923, 0.000916042830795, 0.000886780791916, 0.00236828718334, 0.00278572132811, 0.000945050560404, 0.000375108589651, 0.00116541224997, 0.000836231687572, 0.0005199580919, 0.000504541327246, 0.000357463606633, 0.000421358068706, 0.000437027367298, 0.000374202034436, 0.000445481739007, 0.000549925433006, 0.000696107803378, 0.000598719343543, 0.000173410648131, 0.00024576013675, 0.000258202315308, 9.23554762267e-05, 9.153436622e-07, 1.20109977519e-09, 8.70018168619e-10],
        "median": [8.92512034625e-05, 0.00117125781253, 0.000269063690212, 0.000231083482504, 0.000668061082251, 0.000743292155676, 0.000254412530921, 0.000113504240289, 0.00019655637152, 0.000130685803015, 9.25682397792e-05, 0.00012102528126, 0.000106015133497, 9.0632129286e-05, 0.00012257094204, 0.000105201354017, 0.000112220710434, 0.000152852735482, 0.00019114089082, 0.00020135633531, 8.05030576885e-05, 0.000102917707409, 0.000140139483847, 3.27291636495e-05, 3.56052431982e-08, 4.58484805677e-10, 4.27723106933e-10],
        "min": [1.97891753418e-24, 2.72252780015e-23, 1.12432936942e-23, 3.98906607159e-24, 7.94703903283e-23, 3.61829355753e-23, 5.18241793032e-23, 4.43427297631e-23, 6.9137259103e-23, 7.43192548349e-23, 2.13346106531e-23, 9.22781214153e-23, 1.04619818723e-22, 4.01735872573e-23, 1.39851646793e-22, 1.09632266158e-22, 1.56289564304e-22, 2.36920021926e-22, 2.00810930042e-22, 3.85560778271e-22, 3.77914532533e-22, 4.20074339021e-22, 5.72228744947e-22, 8.67842719281e-22, 1.16902956046e-21, 1.42390701008e-21, 2.41842306977e-21],
        "var": [3.66734866475e-07, 3.85102757718e-05, 4.31628450315e-06, 3.88387525163e-06, 2.38374414039e-05, 2.95613572234e-05, 5.55104088562e-06, 1.02036301541e-06, 1.19821188491e-05, 6.89789658281e-06, 2.85462351712e-06, 1.75524326096e-06, 8.07901301414e-07, 1.29198747345e-06, 8.91599711395e-07, 7.82762185736e-07, 1.0956754295e-06, 1.15972420645e-06, 1.30125408759e-06, 8.24964502044e-07, 7.36447560712e-08, 1.91338557443e-07, 1.20373059076e-07, 2.50759946141e-08, 1.17560535959e-11, 6.03269272744e-18, 1.25721733736e-18]
    },
    "erbbands": {
        "dmean": [0.0733450651169, 0.458103895187, 0.818110764027, 1.79639804363, 4.16576290131, 6.22339677811, 9.04379367828, 13.2349367142, 9.87362861633, 6.35655164719, 6.54689598083, 14.9119873047, 14.8006744385, 13.9052991867, 10.9242162704, 10.0861902237, 9.18192195892, 10.9727087021, 13.4023399353, 10.0555582047, 10.7233171463, 12.0142993927, 14.2297840118, 12.6413154602, 17.3599205017, 12.8666591644, 4.19468450546, 3.73248267174, 4.499147892, 4.68479967117, 3.23948574066, 1.54258179665, 0.469693332911, 0.0361472032964, 0.00113335531205, 8.98778016563e-05, 1.61392526934e-05, 4.51113282907e-06, 3.50718255504e-06, 6.35267952021e-06],
        "dmean2": [0.109818354249, 0.698247849941, 1.25155055523, 2.93150687218, 6.96732139587, 10.2554769516, 14.4830608368, 20.7368030548, 15.6440296173, 10.3989276886, 10.4028453827, 23.7274990082, 23.537361145, 20.7510528564, 16.7375068665, 15.6827487946, 14.0080423355, 16.7651195526, 20.8906517029, 15.7504529953, 16.8002071381, 18.7470264435, 21.6298770905, 19.1239471436, 25.6972007751, 19.7236499786, 6.68479919434, 5.95833349228, 7.00296831131, 7.32445526123, 5.04512786865, 2.41230821609, 0.714210987091, 0.0538268908858, 0.00167979963589, 0.000133628142066, 2.40508798015e-05, 6.7909113568e-06, 5.32693638888e-06, 9.78716616373e-06],
        "dvar": [0.0284404996783, 0.791405379772, 3.26855373383, 18.7033252716, 98.2866439819, 271.527191162, 603.487243652, 928.320251465, 770.785888672, 320.357513428, 448.466125488, 1952.66479492, 2482.33203125, 1817.17883301, 1062.93664551, 647.952575684, 652.638000488, 1030.03479004, 1205.53442383, 601.484741211, 632.04473877, 898.006347656, 1047.66760254, 780.654602051, 973.246704102, 594.395324707, 67.1062316895, 68.76587677, 122.188217163, 92.57837677, 37.7800827026, 10.5908174515, 1.21421921253, 0.00813508033752, 7.66978700995e-06, 3.94437265072e-08, 9.90514004151e-10, 6.76348352324e-11, 1.91117347642e-11, 6.02627947544e-11],
        "dvar2": [0.0680547431111, 1.83985412121, 6.94531965256, 47.1809768677, 251.943161011, 677.803771973, 1463.21630859, 2076.69750977, 1809.50939941, 818.587463379, 1069.78771973, 4602.71582031, 6106.02392578, 3920.64746094, 2501.20532227, 1431.51745605, 1425.72851562, 2338.62792969, 2684.28442383, 1353.6105957, 1420.95275879, 1980.56994629, 2440.82250977, 1720.63867188, 2014.24536133, 1325.53796387, 164.418518066, 164.010421753, 279.366607666, 220.768035889, 89.7492294312, 24.5987205505, 2.69879603386, 0.0174294728786, 1.62829710462e-05, 8.42304430648e-08, 2.1390520466e-09, 1.47677051143e-10, 4.26754326321e-11, 1.43433639965e-10],
        "max": [3.79012799263, 11.1165246964, 22.80103302, 58.8859100342, 118.626556396, 317.562225342, 505.19229126, 574.894104004, 596.050598145, 442.318115234, 530.08984375, 1093.86242676, 1130.79077148, 1176.63244629, 1218.22363281, 641.269470215, 686.015441895, 999.730712891, 905.605651855, 890.655395508, 719.478515625, 718.810791016, 1032.43115234, 571.999206543, 604.622314453, 572.568481445, 159.302642822, 184.555038452, 198.382034302, 257.5753479, 114.698501587, 60.5948829651, 17.5988922119, 1.83857083321, 0.0514614097774, 0.00296598533168, 0.000441360287368, 0.000113804875582, 5.97388607275e-05, 0.000114968359412],
        "mean": [0.130047217011, 0.752387285233, 1.16867208481, 2.11944031715, 5.10197973251, 8.40500354767, 14.9992990494, 24.990070343, 15.8942365646, 9.49881458282, 10.3168420792, 27.5241107941, 25.5556049347, 28.4187297821, 21.4357585907, 19.6875972748, 16.5055122375, 20.5560836792, 25.9498672485, 19.2727470398, 21.5620746613, 24.837808609, 29.7665195465, 30.0734500885, 40.6160583496, 28.5951976776, 8.87009143829, 7.14909601212, 8.42264652252, 9.47607135773, 6.69128370285, 3.09893226624, 0.941963255405, 0.0667338743806, 0.00229340232909, 0.000218288711039, 4.72593528684e-05, 1.38701716423e-05, 1.47677228597e-05, 2.56601197179e-05],
        "median": [0.0340420603752, 0.242239445448, 0.418289214373, 0.700690209866, 1.60085368156, 2.17109322548, 4.16755867004, 6.40605592728, 5.21811199188, 3.38815259933, 3.48710370064, 5.29729557037, 5.26156520844, 5.37716960907, 4.88215351105, 5.92066383362, 5.90617322922, 5.71403026581, 7.4621219635, 6.60066843033, 6.75475788116, 6.76326084137, 8.84351730347, 8.26839160919, 11.9085235596, 10.1111564636, 4.99672603607, 3.15755319595, 3.32182216644, 4.96787929535, 3.49869918823, 1.32787942886, 0.269748330116, 0.0139845646918, 0.000675874529406, 0.00010310181824, 3.16611040034e-05, 1.04892242234e-05, 1.4824136997e-05, 2.52153931797e-05],
        "min": [5.20236626624e-22, 4.83501567932e-21, 9.71237428183e-21, 4.41327837102e-20, 5.16145903455e-20, 1.91653107962e-19, 3.32901706805e-19, 2.91443517901e-19, 6.02019464877e-19, 8.8502018291e-19, 9.97990927503e-19, 1.12304161097e-18, 1.62868223017e-18, 2.73420808487e-18, 1.91414991098e-18, 3.53257406758e-18, 5.35253519696e-18, 3.12836047393e-18, 5.47255620871e-18, 8.0245378522e-18, 6.43913453886e-18, 9.06673579318e-18, 1.3600940383e-17, 1.35485682697e-17, 1.41371089298e-17, 1.61862305218e-17, 1.61298879415e-17, 1.47350844121e-17, 1.54998707911e-17, 1.40941865279e-17, 1.9399082739e-17, 1.94747399865e-17, 1.41560364766e-17, 1.22775366025e-17, 8.44635033377e-18, 4.31258222416e-18, 2.87005843841e-18, 1.17160579832e-18, 2.95999034179e-19, 3.56238869416e-20],
        "var": [0.0616081468761, 1.56441855431, 4.81805753708, 18.9488239288, 105.071159363, 382.498443604, 1237.17578125, 2880.46923828, 1346.50427246, 448.068237305, 686.981994629, 7043.07568359, 5416.31884766, 8435.19140625, 3975.01660156, 2253.890625, 1378.71704102, 2649.56201172, 3084.24511719, 1613.4230957, 2145.53466797, 3275.00268555, 3482.58642578, 2708.68115234, 3785.16967773, 1908.58483887, 151.35395813, 145.421966553, 249.516021729, 197.615463257, 84.2123184204, 24.0194664001, 3.06283760071, 0.0207108724862, 2.05953874683e-05, 1.13040194094e-07, 3.09468850546e-09, 2.17751580656e-10, 1.1104697023e-10, 3.41885769695e-10]
    },
    "gfcc": {
        "mean": [-62.752910614, 130.151184082, -162.791473389, 65.7116699219, -71.4664993286, 6.09470748901, -19.3635196686, -14.8077058792, 4.19155788422, -21.7572135925, 11.4310541153, -11.173207283, 0.254602521658],
        "cov": [[10432.875, -1900.14916992, -499.723480225, 1930.12255859, -1599.42687988, 833.422668457, -612.740478516, -114.679542542, -123.70539856, -759.743164062, 506.410919189, -283.591369629, 119.856628418], [-1900.14916992, 1703.73083496, 655.029785156, -460.221038818, 953.07623291, -336.964630127, 287.024169922, 81.8275375366, 3.22403264046, 225.730392456, 35.7411193848, 102.826881409, 52.9629554749], [-499.723480225, 655.029785156, 1503.50622559, 411.739868164, 178.468063354, 228.14515686, -42.2349243164, 71.5404510498, -46.8229904175, 144.83241272, 101.123703003, 66.2469100952, 147.486923218], [1930.12255859, -460.221038818, 411.739868164, 914.632019043, -334.442230225, 351.704986572, -128.010910034, -19.392206192, 18.3412647247, -124.102241516, 121.426452637, -24.9663066864, 59.1407356262], [-1599.42687988, 953.07623291, 178.468063354, -334.442230225, 895.962585449, -209.866607666, 255.36932373, 144.316726685, 19.4083042145, 200.756866455, -11.1833305359, 83.9564437866, 14.8235569], [833.422668457, -336.964630127, 228.14515686, 351.704986572, -209.866607666, 465.512664795, 13.5705738068, 28.0340957642, -11.2917881012, -46.0556488037, 37.5623474121, -49.4782600403, 16.1744861603], [-612.740478516, 287.024169922, -42.2349243164, -128.010910034, 255.36932373, 13.5705738068, 303.846038818, 52.3321037292, 24.1184978485, 70.3682937622, -25.1173553467, 19.047744751, -33.7892341614], [-114.679542542, 81.8275375366, 71.5404510498, -19.392206192, 144.316726685, 28.0340957642, 52.3321037292, 169.285308838, 28.1329288483, 41.1336555481, 16.6550254822, -3.06652903557, 25.2563610077], [-123.70539856, 3.22403264046, -46.8229904175, 18.3412647247, 19.4083042145, -11.2917881012, 24.1184978485, 28.1329288483, 137.028656006, 26.6723957062, -19.059885025, 18.5650043488, -11.4895839691], [-759.743164062, 225.730392456, 144.83241272, -124.102241516, 200.756866455, -46.0556488037, 70.3682937622, 41.1336555481, 26.6723957062, 171.479888916, -2.82987189293, 45.6623001099, 16.1776847839], [506.410919189, 35.7411193848, 101.123703003, 121.426452637, -11.1833305359, 37.5623474121, -25.1173553467, 16.6550254822, -19.059885025, -2.82987189293, 164.25201416, 33.9349822998, 32.1049804688], [-283.591369629, 102.826881409, 66.2469100952, -24.9663066864, 83.9564437866, -49.4782600403, 19.047744751, -3.06652903557, 18.5650043488, 45.6623001099, 33.9349822998, 101.740753174, 35.6543769836], [119.856628418, 52.9629554749, 147.486923218, 59.1407356262, 14.8235569, 16.1744861603, -33.7892341614, 25.2563610077, -11.4895839691, 16.1776847839, 32.1049804688, 35.6543769836, 112.295333862]],
        "icov": [[0.000389145483496, -0.000472648564028, 0.000614522898104, -0.000817578285933, 0.000522701302543, -0.000328161549987, 0.000396219547838, -0.000393691414502, 0.000357723183697, 0.000326385110384, -0.000629004032817, 0.000402286386816, -0.000341235630913], [-0.000472648564028, 0.00481918780133, -0.00331419077702, 0.0029036256019, -0.00404435954988, 0.00238834857009, -0.0026920218952, 0.00328142778017, -0.00253582280129, 0.00200451817364, -0.00179269292857, 0.002322336426, -0.00107608211692], [0.000614522898104, -0.00331419077702, 0.00367854628712, -0.00304088066332, 0.00251884921454, -0.00213138060644, 0.00238692178391, -0.00234778947197, 0.00248862616718, -0.00215923110954, 0.000653571507428, -0.00130668364, -0.000308183458401], [-0.000817578285933, 0.0029036256019, -0.00304088066332, 0.00496353488415, -0.00242120656185, 0.000400727352826, -0.00154468265828, 0.00257615116425, -0.00305396644399, 0.00198309007101, -0.00104616465978, 0.000708772393409, -0.000423456920544], [0.000522701302543, -0.00404435954988, 0.00251884921454, -0.00242120656185, 0.00596455391496, -0.000915093813092, 0.000707535073161, -0.00429944135249, 0.00265982421115, -0.00257120584138, 0.00125029927585, -0.00237562996335, 0.000880218634848], [-0.000328161549987, 0.00238834857009, -0.00213138060644, 0.000400727352826, -0.000915093813092, 0.00520344031975, -0.00294033414684, 0.000570292759221, -0.00074013293488, 0.000569165858906, -0.000702974852175, 0.00230679335073, -0.000518750806805], [0.000396219547838, -0.0026920218952, 0.00238692178391, -0.00154468265828, 0.000707535073161, -0.00294033414684, 0.00696852384135, -0.00218765065074, 0.00127215404063, -0.00159350316972, 0.00119091616943, -0.00215982086957, 0.00214927573688], [-0.000393691414502, 0.00328142778017, -0.00234778947197, 0.00257615116425, -0.00429944135249, 0.000570292759221, -0.00218765065074, 0.0109103079885, -0.00424255803227, 0.00092758104438, -0.00262011471204, 0.0047138906084, -0.00334264244884], [0.000357723183697, -0.00253582280129, 0.00248862616718, -0.00305396644399, 0.00265982421115, -0.00074013293488, 0.00127215404063, -0.00424255803227, 0.0108600910753, -0.00297437980771, 0.00275648408569, -0.00410319725052, 0.00230089412071], [0.000326385110384, 0.00200451817364, -0.00215923110954, 0.00198309007101, -0.00257120584138, 0.000569165858906, -0.00159350316972, 0.00092758104438, -0.00297437980771, 0.012110888958, -0.00205023679882, -0.000245813687798, -0.00131780363154], [-0.000629004032817, -0.00179269292857, 0.000653571507428, -0.00104616465978, 0.00125029927585, -0.000702974852175, 0.00119091616943, -0.00262011471204, 0.00275648408569, -0.00205023679882, 0.0107079157606, -0.00598238734528, 0.00150874641258], [0.000402286386816, 0.002322336426, -0.00130668364, 0.000708772393409, -0.00237562996335, 0.00230679335073, -0.00215982086957, 0.0047138906084, -0.00410319725052, -0.000245813687798, -0.00598238734528, 0.0183585081249, -0.00641351146623], [-0.000341235630913, -0.00107608211692, -0.000308183458401, -0.000423456920544, 0.000880218634848, -0.000518750806805, 0.00214927573688, -0.00334264244884, 0.00230089412071, -0.00131780363154, 0.00150874641258, -0.00641351146623, 0.0137918749824]]
    },
    "melbands": {
        "dmean": [0.00060830329312, 0.000435865513282, 0.000349109846866, 0.000374400697183, 0.000300174433505, 0.000283959176159, 0.000146478560055, 6.41711085336e-05, 5.73769575567e-05, 0.000100559591374, 7.624974387e-05, 5.82636203035e-05, 3.96818104491e-05, 3.18858656101e-05, 2.28986664297e-05, 2.26805150305e-05, 2.20544843614e-05, 2.38536813413e-05, 1.74940832949e-05, 1.44653640746e-05, 1.37803563121e-05, 1.33718103825e-05, 1.59674655151e-05, 1.31227561724e-05, 1.12462039397e-05, 1.28930669234e-05, 1.3893315554e-05, 8.39674521558e-06, 3.12159409077e-06, 2.25671351473e-06, 2.3247819172e-06, 2.69734823632e-06, 2.80084941551e-06, 2.83884401142e-06, 2.19407752411e-06, 1.47882781221e-06, 8.199681929e-07, 4.09459318007e-07, 1.13041082273e-07, 5.31939248205e-09],
        "dmean2": [0.000921261147596, 0.000669166096486, 0.000552794663236, 0.000625085027423, 0.000480353162857, 0.000444561912445, 0.00023283471819, 0.000105358994915, 9.07802459551e-05, 0.000160769937793, 0.00012011367653, 8.80446605152e-05, 5.95072197029e-05, 4.90390157211e-05, 3.54790463462e-05, 3.47069326381e-05, 3.3776028431e-05, 3.69718145521e-05, 2.73235891655e-05, 2.22875478357e-05, 2.17728320422e-05, 2.1228524929e-05, 2.39244927798e-05, 2.05027972697e-05, 1.71070423676e-05, 1.9372020688e-05, 2.08386554732e-05, 1.3065490748e-05, 4.99510906593e-06, 3.66193035006e-06, 3.73178227164e-06, 4.2628889787e-06, 4.35823221778e-06, 4.50759762316e-06, 3.46115416505e-06, 2.31741114476e-06, 1.29140846639e-06, 6.26674363957e-07, 1.73908986767e-07, 7.8580102425e-09],
        "dvar": [1.63604408954e-06, 6.44619206014e-07, 6.13109193637e-07, 8.03601665211e-07, 6.16229783645e-07, 3.98227115284e-07, 1.61362791573e-07, 3.13665537988e-08, 3.22826991805e-08, 9.02060079966e-08, 6.60807870645e-08, 3.34815091207e-08, 1.42900047351e-08, 8.19306311683e-09, 3.63439678353e-09, 4.01133082306e-09, 4.65848737363e-09, 4.2883194773e-09, 2.21069140771e-09, 1.36413413898e-09, 1.04572717152e-09, 1.137977379e-09, 1.90712712289e-09, 9.16187570255e-10, 7.0609262881e-10, 6.06997785368e-10, 6.07601469138e-10, 3.00151625776e-10, 4.50987650003e-11, 2.35991070435e-11, 2.86803306798e-11, 4.56648434344e-11, 4.40585762318e-11, 3.15827294872e-11, 1.72905960383e-11, 9.13910960798e-12, 3.38088107857e-12, 9.09597375719e-13, 8.68361236866e-14, 4.62659242548e-16],
        "dvar2": [3.97807889385e-06, 1.39951407618e-06, 1.47774721881e-06, 2.0369500362e-06, 1.49712911934e-06, 8.93068090591e-07, 3.7988428403e-07, 7.92541499095e-08, 7.57484670544e-08, 2.12513143083e-07, 1.61805388643e-07, 7.46273016716e-08, 3.14554036152e-08, 1.84268635905e-08, 7.79553754882e-09, 8.46921999198e-09, 1.05731867706e-08, 9.52681222799e-09, 4.9623953835e-09, 2.90371571232e-09, 2.39976016836e-09, 2.63660293598e-09, 4.1064347478e-09, 2.1679484874e-09, 1.5643092377e-09, 1.28317589887e-09, 1.31246169488e-09, 7.01727065344e-10, 1.13232714871e-10, 5.81626483087e-11, 7.06278160956e-11, 1.06912256825e-10, 1.04823531799e-10, 7.72688857342e-11, 4.17795936736e-11, 2.2060396912e-11, 7.88380645489e-12, 2.06992799637e-12, 1.95672308651e-13, 1.04846288783e-15],
        "max": [0.0241175089031, 0.0118647078052, 0.00965711008757, 0.0168555751443, 0.0146792652085, 0.0111206248403, 0.0088151358068, 0.0041800388135, 0.0042484216392, 0.00680059846491, 0.00559718674049, 0.00504955928773, 0.00372859626077, 0.00237399153411, 0.00174082198646, 0.00165862683207, 0.00229704938829, 0.00189231499098, 0.00126668740995, 0.00109013170004, 0.000878302671481, 0.000796432083007, 0.00121353985742, 0.000855445396155, 0.000546168535948, 0.000467221223516, 0.000494417676236, 0.000491129932925, 0.000142409597174, 0.000121512188343, 0.000128408079036, 0.000140465621371, 0.000144498015288, 0.000149391285959, 8.06091193226e-05, 5.37735140824e-05, 3.1199579098e-05, 1.81644554686e-05, 5.49106880499e-06, 5.60916021186e-07],
        "mean": [0.00110512773972, 0.000753836124204, 0.000443861586973, 0.000499905145261, 0.000499311543535, 0.000544094073121, 0.000232856822549, 9.40333338804e-05, 8.64918256411e-05, 0.000183791751624, 0.000125681661302, 0.000116360359243, 7.05238853698e-05, 6.07226975262e-05, 3.81053687306e-05, 3.75275194529e-05, 3.79710036214e-05, 4.25991493103e-05, 2.96550733765e-05, 2.52244881267e-05, 2.47639836743e-05, 2.39098935708e-05, 2.9617389373e-05, 2.51031506195e-05, 2.35753705056e-05, 2.74782523775e-05, 2.93101456919e-05, 1.63933455042e-05, 5.55717178941e-06, 4.1013313421e-06, 4.03626245316e-06, 4.63865899292e-06, 5.01747263115e-06, 5.43658279639e-06, 4.21019103669e-06, 2.71749445346e-06, 1.54578719957e-06, 7.77158675191e-07, 1.84426326655e-07, 6.8296883704e-09],
        "median": [0.000329353322741, 0.000281961809378, 0.000156090623932, 0.000139872310683, 0.000147919010487, 0.000145274447277, 7.17569055269e-05, 3.17565209116e-05, 2.5365539841e-05, 3.00673782476e-05, 2.2176960556e-05, 1.78963709914e-05, 1.38497262014e-05, 1.38045852509e-05, 1.30576390802e-05, 1.00206252682e-05, 8.35955142975e-06, 1.05822527985e-05, 8.63259174366e-06, 7.08643437974e-06, 7.11085431249e-06, 5.99895975029e-06, 6.77719344822e-06, 7.10424683348e-06, 5.69367784919e-06, 7.57825364417e-06, 8.17093314254e-06, 5.40527298654e-06, 2.44119200943e-06, 1.77423544301e-06, 1.5888613234e-06, 1.6265381646e-06, 2.01403122446e-06, 2.84084626401e-06, 2.09924519368e-06, 1.16667524708e-06, 5.76442744205e-07, 2.05228872119e-07, 2.24970975182e-08, 9.92324625249e-11],
        "min": [6.37010702992e-24, 4.84743982206e-24, 8.90151670971e-24, 4.63672600237e-24, 1.03635646902e-23, 6.56791705735e-24, 9.08763976282e-24, 9.38277865988e-24, 7.86500317848e-24, 8.53699355173e-24, 7.81111924549e-24, 1.18604826892e-23, 4.9416164035e-24, 9.1748743683e-24, 8.89539593794e-24, 1.14455552637e-23, 5.14658139934e-24, 6.16835861443e-24, 1.1028280977e-23, 9.35501785576e-24, 7.37950110095e-24, 9.13050094239e-24, 8.61804743202e-24, 1.43825293789e-23, 9.7235247613e-24, 8.4849042773e-24, 1.20921411604e-23, 1.02121949042e-23, 1.03786035345e-23, 9.32628438615e-24, 7.98037171929e-24, 7.24277020683e-24, 1.00245304169e-23, 7.18692516563e-24, 1.13587056224e-23, 8.64972335281e-24, 1.2423069099e-23, 1.02693313107e-23, 8.13088716887e-24, 1.05827394375e-23],
        "var": [3.63868934983e-06, 1.39113194564e-06, 6.92179526141e-07, 1.10126347863e-06, 1.22971528072e-06, 1.24060909457e-06, 2.91609694614e-07, 4.28065511926e-08, 5.15736857665e-08, 3.28386846604e-07, 1.43285689091e-07, 1.52184696844e-07, 4.63394265182e-08, 2.90632673483e-08, 8.38826075267e-09, 9.68717728256e-09, 1.15142775314e-08, 1.04605941686e-08, 4.74426720132e-09, 4.14307610441e-09, 3.09189540637e-09, 3.2693094898e-09, 6.2947105306e-09, 2.58313592738e-09, 2.15704032414e-09, 2.06649186651e-09, 2.06211026033e-09, 8.22170220793e-10, 8.92961884991e-11, 4.66225009987e-11, 5.5210679778e-11, 8.47450581931e-11, 8.67397750848e-11, 6.25217030925e-11, 3.5309220825e-11, 1.82378348534e-11, 7.39239312125e-12, 2.20248103609e-12, 1.79062439789e-13, 8.92720210363e-16]
    },
    "mfcc": {
        "mean": [-671.953308105, 116.893814087, -14.0617246628, 39.9466438293, -13.0567922592, 16.7154083252, -14.2691755295, 17.0569438934, -18.4545726776, 14.1181783676, -9.91248607635, 3.66133165359, -2.9667930603],
        "cov": [[9154.54492188, -1772.07202148, -386.958221436, 1000.1965332, -698.657897949, 362.652923584, -380.702819824, 550.672058105, -897.060974121, 372.302368164, -644.231323242, -32.4102630615, -264.957061768], [-1772.07202148, 1482.06896973, 110.339889526, -43.7778816223, 395.8777771, -95.217124939, 224.631652832, -64.2388763428, 155.819046021, -62.2858810425, 169.992553711, 18.9858036041, 130.631072998], [-386.958221436, 110.339889526, 1458.35144043, 234.86529541, 303.341644287, 245.72769165, 134.191131592, -26.8836154938, 56.3651695251, -71.1700363159, -16.1899147034, 139.387908936, -41.4913711548], [1000.1965332, -43.7778816223, 234.86529541, 540.380249023, 90.6135559082, 117.812309265, -2.54180717468, 116.910903931, -121.70980835, 60.5335731506, -97.0827560425, 35.8319702148, 44.3587112427], [-698.657897949, 395.8777771, 303.341644287, 90.6135559082, 429.97946167, 24.0559520721, 128.331390381, -7.58201980591, 126.082427979, -24.9839191437, 62.8955955505, 64.1963195801, 58.2947616577], [362.652923584, -95.217124939, 245.72769165, 117.812309265, 24.0559520721, 262.37487793, 88.3592987061, 68.1327285767, 2.26095676422, 24.4345703125, 6.74723005295, 37.7086868286, -25.974357605], [-380.702819824, 224.631652832, 134.191131592, -2.54180717468, 128.331390381, 88.3592987061, 274.034088135, 44.453792572, 79.4099807739, 26.6110458374, 76.9657058716, 18.8866825104, 13.6195611954], [550.672058105, -64.2388763428, -26.8836154938, 116.910903931, -7.58201980591, 68.1327285767, 44.453792572, 170.168807983, -36.6211662292, 80.3293762207, -19.8070526123, -4.29358434677, 4.76509523392], [-897.060974121, 155.819046021, 56.3651695251, -121.70980835, 126.082427979, 2.26095676422, 79.4099807739, -36.6211662292, 276.959777832, -26.4376564026, 108.526382446, 37.4483146667, -2.23399019241], [372.302368164, -62.2858810425, -71.1700363159, 60.5335731506, -24.9839191437, 24.4345703125, 26.6110458374, 80.3293762207, -26.4376564026, 149.078079224, 4.28858661652, -5.53685522079, -4.6484041214], [-644.231323242, 169.992553711, -16.1899147034, -97.0827560425, 62.8955955505, 6.74723005295, 76.9657058716, -19.8070526123, 108.526382446, 4.28858661652, 162.129486084, 22.1973114014, 20.3143024445], [-32.4102630615, 18.9858036041, 139.387908936, 35.8319702148, 64.1963195801, 37.7086868286, 18.8866825104, -4.29358434677, 37.4483146667, -5.53685522079, 22.1973114014, 116.203041077, 16.9149894714], [-264.957061768, 130.631072998, -41.4913711548, 44.3587112427, 58.2947616577, -25.974357605, 13.6195611954, 4.76509523392, -2.23399019241, -4.6484041214, 20.3143024445, 16.9149894714, 119.144508362]],
