{
"lowlevel": {
    "average_loudness": 0.931405425072,
    "barkbands_crest": {
        "dmean": 3.16767477989,
        "dmean2": 5.20519781113,
        "dvar": 7.58417224884,
        "dvar2": 19.9547462463,
        "max": 25.4581623077,
        "mean": 12.3159332275,
        "median": 11.648194313,
        "min": 2.64153504372,
        "var": 19.6157951355
    },
    "barkbands_flatness_db": {
        "dmean": 0.0284646973014,
        "dmean2": 0.0443248599768,
        "dvar": 0.000642387894914,
        "dvar2": 0.00149066839367,
        "max": 0.55752158165,
        "mean": 0.277892589569,
        "median": 0.269779890776,
        "min": 0.0464496277273,
        "var": 0.00457041338086
    },
    "barkbands_kurtosis": {
        "dmean": 5.85900402069,
        "dmean2": 9.61661529541,
        "dvar": 76.8095169067,
        "dvar2": 197.896728516,
        "max": 138.952011108,
        "mean": 12.273349762,
        "median": 8.82336902618,
        "min": -1.92661678791,
        "var": 186.146530151
    },
    "barkbands_skewness": {
        "dmean": 0.664414525032,
        "dmean2": 1.06134998798,
        "dvar": 0.464060157537,
        "dvar2": 1.16465675831,
        "max": 9.73839378357,
        "mean": 2.41826534271,
        "median": 2.33538007736,
        "min": -2.09359622002,
        "var": 2.00434494019
    },
    "barkbands_spread": {
        "dmean": 2.84693408012,
        "dmean2": 4.4081120491,
        "dvar": 21.4893417358,
        "dvar2": 41.8028564453,
        "max": 95.440536499,
        "mean": 9.67724990845,
        "median": 7.22434616089,
        "min": 0.493484675884,
        "var": 83.314239502
    },
    "dissonance": {
        "dmean": 0.0235938578844,
        "dmean2": 0.039511103183,
        "dvar": 0.000475096574519,
        "dvar2": 0.00126825366169,
        "max": 0.500000119209,
        "mean": 0.449553787708,
        "median": 0.455641001463,
        "min": 0.26073372364,
        "var": 0.00126590195578
    },
    "dynamic_complexity": 2.85642147064,
    "erbbands_crest": {
        "dmean": 2.62569260597,
        "dmean2": 4.33393573761,
        "dvar": 5.79200172424,
        "dvar2": 15.0322580338,
        "max": 29.1248073578,
        "mean": 9.81790924072,
        "median": 8.97778511047,
        "min": 2.84894585609,
        "var": 15.8163719177
    },
    "erbbands_flatness_db": {
        "dmean": 0.0172096099705,
        "dmean2": 0.0249497685581,
        "dvar": 0.000242351394263,
        "dvar2": 0.000484497664729,
        "max": 0.513639330864,
        "mean": 0.244635283947,
        "median": 0.235960021615,
        "min": 0.100129969418,
        "var": 0.00312136486173
    },
    "erbbands_kurtosis": {
        "dmean": 1.43975448608,
        "dmean2": 2.24988913536,
        "dvar": 3.332426548,
        "dvar2": 7.95285272598,
        "max": 25.143951416,
        "mean": 2.01219773293,
        "median": 0.867890357971,
        "min": -1.89051067829,
        "var": 12.2318716049
    },
    "erbbands_skewness": {
        "dmean": 0.393691837788,
        "dmean2": 0.606163442135,
        "dvar": 0.143065944314,
        "dvar2": 0.310694396496,
        "max": 4.51057672501,
        "mean": 1.06955003738,
        "median": 1.03408038616,
        "min": -3.11421632767,
        "var": 0.900308430195
    },
    "erbbands_spread": {
        "dmean": 7.16313123703,
        "dmean2": 10.7308712006,
        "dvar": 74.0841293335,
        "dvar2": 145.42906189,
        "max": 144.395614624,
        "mean": 32.9350547791,
        "median": 28.5161437988,
        "min": 3.70165801048,
        "var": 392.532073975
    },
    "hfc": {
        "dmean": 3.83521294594,
        "dmean2": 5.82877731323,
        "dvar": 49.6761817932,
        "dvar2": 96.8643493652,
        "max": 222.807022095,
        "mean": 12.7863283157,
        "median": 9.02422332764,
        "min": 1.09339426667e-16,
        "var": 235.136520386
    },
    "melbands_crest": {
        "dmean": 3.2455728054,
        "dmean2": 5.35486030579,
        "dvar": 7.96648168564,
        "dvar2": 20.2170200348,
        "max": 36.2570953369,
        "mean": 15.7031755447,
        "median": 15.3355140686,
        "min": 1.83883118629,
        "var": 26.4322509766
    },
    "melbands_flatness_db": {
        "dmean": 0.0333766303957,
        "dmean2": 0.0496359840035,
        "dvar": 0.000941482838243,
        "dvar2": 0.00196787645109,
        "max": 0.734870612621,
        "mean": 0.346224039793,
        "median": 0.337075918913,
        "min": 0.00467127468437,
        "var": 0.0106168715283
    },
    "melbands_kurtosis": {
        "dmean": 11.1131954193,
        "dmean2": 17.9195709229,
        "dvar": 275.304077148,
        "dvar2": 678.047241211,
        "max": 418.321136475,
        "mean": 25.5382537842,
        "median": 18.3500862122,
        "min": -1.76035165787,
        "var": 744.000610352
    },
    "melbands_skewness": {
        "dmean": 0.819304823875,
        "dmean2": 1.29289567471,
        "dvar": 0.693406522274,
        "dvar2": 1.6761456728,
        "max": 15.9063014984,
        "mean": 3.27467870712,
        "median": 3.05372881889,
        "min": -1.07664036751,
        "var": 3.36522650719
    },
    "melbands_spread": {
        "dmean": 3.05604624748,
        "dmean2": 4.86455345154,
        "dvar": 24.2827205658,
        "dvar2": 53.3799247742,
        "max": 133.703338623,
        "mean": 9.97754192352,
        "median": 6.38062620163,
        "min": 0.559539377689,
        "var": 107.56803894
    },
    "pitch_salience": {
        "dmean": 0.0844979509711,
        "dmean2": 0.138765946031,
        "dvar": 0.0056740147993,
        "dvar2": 0.0150373764336,
        "max": 0.898984670639,
        "mean": 0.535569369793,
        "median": 0.541641652584,
        "min": 0.0921714305878,
        "var": 0.0173055790365
    },
    "silence_rate_20dB": {
        "dmean": 0,
        "dmean2": 0,
        "dvar": 0,
        "dvar2": 0,
        "max": 1,
        "mean": 1,
        "median": 1,
        "min": 1,
        "var": 0
    },
    "silence_rate_30dB": {
        "dmean": 0.0250941030681,
        "dmean2": 0.0501934550703,
        "dvar": 0.0244632363319,
        "dvar2": 0.0652422755957,
        "max": 1,
        "mean": 0.982958674431,
        "median": 1,
        "min": 0,
        "var": 0.0167504400015
    },
    "silence_rate_60dB": {
        "dmean": 0.00899205356836,
        "dmean2": 0.017881417647,
        "dvar": 0.00891121663153,
        "dvar2": 0.0209085382521,
        "max": 1,
        "mean": 0.0404600091279,
        "median": 0,
        "min": 0,
        "var": 0.0388320460916
    },
    "spectral_centroid": {
        "dmean": 152.060089111,
        "dmean2": 234.051742554,
        "dvar": 57787.34375,
        "dvar2": 108866.171875,
        "max": 11449.9746094,
        "mean": 816.440246582,
        "median": 585.533935547,
        "min": 140.371322632,
        "var": 425672.71875
    },
    "spectral_complexity": {
        "dmean": 2.25972390175,
        "dmean2": 3.6256403923,
        "dvar": 5.41305160522,
        "dvar2": 12.6006183624,
        "max": 42,
        "mean": 12.1535806656,
        "median": 11,
        "min": 0,
        "var": 42.6325721741
    },
    "spectral_decrease": {
        "dmean": 4.00236466191e-09,
        "dmean2": 6.44496900293e-09,
        "dvar": 3.29040370837e-17,
        "dvar2": 8.36277150836e-17,
        "max": 2.06441679584e-29,
        "mean": -9.48550038515e-09,
        "median": -8.22682810764e-09,
        "min": -6.23764577767e-08,
        "var": 5.25752820965e-17
    },
    "spectral_energy": {
        "dmean": 0.0153955025598,
        "dmean2": 0.0247683469206,
        "dvar": 0.000483171053929,
        "dvar2": 0.00122508557979,
        "max": 0.240019634366,
        "mean": 0.0369602665305,
        "median": 0.0320172831416,
        "min": 1.01217196329e-20,
        "var": 0.000784249219578
    },
    "spectral_energyband_high": {
        "dmean": 0.000127353530843,
        "dmean2": 0.000180584422196,
        "dvar": 1.28977902136e-07,
        "dvar2": 2.43217726847e-07,
        "max": 0.00995009019971,
        "mean": 0.000280673906673,
        "median": 8.16336541902e-05,
        "min": 7.51780110883e-21,
        "var": 4.25567236562e-07
    },
    "spectral_energyband_low": {
        "dmean": 0.010359373875,
        "dmean2": 0.0168253667653,
        "dvar": 0.000295223580906,
        "dvar2": 0.000772882602178,
        "max": 0.195048779249,
        "mean": 0.0187951866537,
        "median": 0.0141748879105,
        "min": 1.06561721326e-23,
        "var": 0.000399457465392
    },
    "spectral_energyband_middle_high": {
        "dmean": 0.00100448250305,
        "dmean2": 0.00145514274482,
        "dvar": 1.1732880921e-05,
        "dvar2": 2.05539145099e-05,
        "max": 0.124999478459,
        "mean": 0.00295971985906,
        "median": 0.000925327592995,
        "min": 1.31808645671e-21,
        "var": 5.78241379117e-05
    },
    "spectral_energyband_middle_low": {
        "dmean": 0.0075122024864,
        "dmean2": 0.0122869890183,
        "dvar": 0.000214386265725,
        "dvar2": 0.000553896126803,
        "max": 0.192370384932,
        "mean": 0.0162891913205,
        "median": 0.0115514462814,
        "min": 2.72611295208e-22,
        "var": 0.000319239246892
    },
    "spectral_entropy": {
        "dmean": 0.189529523253,
        "dmean2": 0.276464730501,
        "dvar": 0.0358849018812,
        "dvar2": 0.0714322626591,
        "max": 9.815366745,
        "mean": 6.93052625656,
        "median": 6.95915746689,
        "min": 4.79170894623,
        "var": 0.316287428141
    },
    "spectral_flux": {
        "dmean": 0.0318150185049,
        "dmean2": 0.0511067137122,
        "dvar": 0.00152105116285,
        "dvar2": 0.00337905739434,
        "max": 0.428569257259,
        "mean": 0.0899355262518,
        "median": 0.078024148941,
        "min": 6.6370513252e-11,
        "var": 0.00301996781491
    },
    "spectral_kurtosis": {
        "dmean": 5.233273983,
        "dmean2": 8.74252128601,
        "dvar": 79.7649688721,
        "dvar2": 203.520126343,
        "max": 235.608795166,
        "mean": 7.8769569397,
        "median": 4.41743850708,
        "min": -1.33382093906,
        "var": 163.258789062
    },
    "spectral_rms": {
        "dmean": 0.0011401566444,
        "dmean2": 0.00179372611456,
        "dvar": 1.70269959199e-06,
        "dvar2": 4.07847392125e-06,
        "max": 0.0153024671599,
        "mean": 0.00557856820524,
        "median": 0.00558895105496,
        "min": 3.1424272906e-12,
        "var": 4.93850711791e-06
    },
    "spectral_rolloff": {
        "dmean": 193.23538208,
        "dmean2": 332.213378906,
        "dvar": 310064.4375,
        "dvar2": 678554.9375,
        "max": 18669.2871094,
        "mean": 705.984008789,
        "median": 387.59765625,
        "min": 43.06640625,
        "var": 939043.4375
    },
    "spectral_skewness": {
        "dmean": 0.455846130848,
        "dmean2": 0.732280313969,
        "dvar": 0.286198854446,
        "dvar2": 0.725954771042,
        "max": 13.3334770203,
        "mean": 1.71383583546,
        "median": 1.51268315315,
        "min": -0.552484691143,
        "var": 1.04014027119
    },
    "spectral_spread": {
        "dmean": 348270.875,
        "dmean2": 506154.28125,
        "dvar": 287712542720,
        "dvar2": 453939101696,
        "max": 40602792,
        "mean": 2963621,
        "median": 2841040.5,
        "min": 405078.25,
        "var": 1.61654675866e+12
    },
    "spectral_strongpeak": {
        "dmean": 0.379918426275,
        "dmean2": 0.639532506466,
        "dvar": 0.470947414637,
        "dvar2": 1.13431668282,
        "max": 20.3796386719,
        "mean": 0.758039414883,
        "median": 0.423334121704,
        "min": 0,
        "var": 1.2906935215
    },
    "zerocrossingrate": {
        "dmean": 0.00552379665896,
        "dmean2": 0.00684150308371,
        "dvar": 6.61769154249e-05,
        "dvar2": 9.17672732612e-05,
        "max": 0.5048828125,
        "mean": 0.030792908743,
        "median": 0.0224609375,
        "min": 0.00244140625,
        "var": 0.000706346530933
    },
    "barkbands": {
        "dmean": [0.000187500889297, 0.00889249611646, 0.00219075614586, 0.00219215662219, 0.00413413299248, 0.00138385687023, 0.00100444140844, 0.000629500311334, 0.000859340303577, 0.000466358411359, 0.000215491236304, 0.000233979473705, 0.000144204910612, 0.000161308140378, 0.000130697808345, 0.000141154901939, 0.000135909489472, 0.000119003241707, 5.71177406528e-05, 6.00500643486e-05, 4.6939105232e-05, 3.67781649402e-05, 2.65276976279e-05, 1.02823651105e-05, 1.10175257362e-07, 1.25519583616e-09, 1.26750865359e-09],
        "dmean2": [0.00031753059011, 0.0143775958568, 0.0037679001689, 0.00379577884451, 0.00689807208255, 0.00216444814578, 0.00152764783707, 0.00099433446303, 0.00136366090737, 0.000712946581189, 0.000330120819854, 0.000363527011359, 0.000226731150178, 0.000262486777501, 0.000215476888116, 0.00021901333821, 0.000204719952308, 0.000185682190931, 8.9432724053e-05, 9.09176742425e-05, 7.0642126957e-05, 5.49329961359e-05, 3.84451595892e-05, 1.47412674778e-05, 1.60280080763e-07, 2.26017271565e-09, 2.30537255952e-09],
        "dvar": [2.54801477695e-07, 0.000234278180869, 1.67339949257e-05, 2.71940989478e-05, 8.76196427271e-05, 6.67339236315e-06, 5.22653999724e-06, 7.3760847954e-06, 1.05348472061e-05, 4.50502102467e-06, 1.32609000048e-06, 2.89606873594e-06, 6.86225178015e-07, 8.30208648495e-07, 1.26915153942e-06, 9.76118599283e-07, 7.14764212262e-07, 3.81764323265e-07, 2.99727176412e-08, 5.20378193869e-08, 3.44651525097e-08, 1.20585870178e-08, 8.23128942784e-09, 1.40265010717e-09, 8.60163394505e-13, 4.2504593058e-18, 3.67010070263e-18],
        "dvar2": [6.37268328774e-07, 0.000615557015408, 4.72473293485e-05, 7.74487998569e-05, 0.000228965160204, 1.46638258229e-05, 1.03443553598e-05, 1.48874050865e-05, 2.59798853222e-05, 9.31736030907e-06, 2.13435896512e-06, 6.77494153933e-06, 1.48507433551e-06, 1.99263286049e-06, 3.41537202075e-06, 2.09731001632e-06, 1.48275273659e-06, 9.80616391644e-07, 6.75110527482e-08, 1.07135463168e-07, 7.13816916686e-08, 2.44786644288e-08, 1.68754841212e-08, 2.79359224642e-09, 1.5851584368e-12, 1.21900002142e-17, 1.10698098948e-17],
        "max": [0.0160956643522, 0.170137137175, 0.0599956437945, 0.0920279100537, 0.13040342927, 0.104094155133, 0.0984779372811, 0.158015966415, 0.0868679881096, 0.100844711065, 0.0763554051518, 0.0584624484181, 0.0461564026773, 0.0543027184904, 0.0565869212151, 0.0498769469559, 0.0528291687369, 0.0377008542418, 0.00661958288401, 0.0110264746472, 0.00968197640032, 0.00377377006225, 0.00219840928912, 0.00115328305401, 5.83718901908e-05, 5.4146333639e-08, 3.50650957159e-08],
        "mean": [0.000224595336476, 0.0133360624313, 0.00401731673628, 0.00291013880633, 0.00601445650682, 0.00277837761678, 0.00201158132404, 0.000907850684598, 0.00139839178883, 0.00080261711264, 0.000393447087845, 0.000375069270376, 0.000242856025579, 0.00024614596623, 0.000176457455382, 0.000217944863834, 0.000239478686126, 0.000227650409215, 0.000117257310194, 0.000102746940684, 8.4685299953e-05, 6.44930187264e-05, 5.15733809152e-05, 1.88992507901e-05, 1.42593364671e-07, 1.3706843438e-09, 1.41302269885e-09],
        "median": [7.13871559128e-05, 0.00796816218644, 0.0024810321629, 0.001392115606, 0.00283558201045, 0.00114650779869, 0.000687530555297, 0.000298548664432, 0.000281265529338, 0.000122710538562, 6.65103943902e-05, 4.70749873784e-05, 3.50502159563e-05, 4.77654466522e-05, 3.96112227463e-05, 5.58342580916e-05, 5.69730873394e-05, 4.77656212752e-05, 3.45525077137e-05, 2.47996376856e-05, 2.13124349102e-05, 1.49486295413e-05, 9.15759483178e-06, 1.06716174741e-06, 9.66107194245e-10, 7.21292414685e-10, 7.75219999305e-10],
        "min": [3.23843671849e-24, 5.65322258256e-24, 4.57115953241e-25, 1.96069938322e-24, 3.8170663108e-23, 2.36844032532e-23, 2.96307452489e-23, 3.71392116972e-23, 1.15679730656e-23, 4.85231498245e-23, 4.33292012721e-23, 7.25099550171e-23, 1.35165358632e-22, 8.21801969575e-23, 6.71657063742e-23, 8.84598957945e-23, 1.69086226095e-22, 1.45116087956e-22, 1.88278467235e-22, 2.32770310641e-22, 3.05225531334e-22, 4.94592311073e-22, 6.52141642067e-22, 7.58167677929e-22, 9.30676033118e-22, 1.59473555855e-21, 2.11444085895e-21],
        "var": [4.2384820631e-07, 0.000293730670819, 2.50574648817e-05, 2.47802017839e-05, 0.000103461716208, 1.91024955711e-05, 1.76384655788e-05, 1.19052465379e-05, 1.78118534677e-05, 9.97707138595e-06, 4.49326262242e-06, 4.94350842928e-06, 1.82243582003e-06, 1.01274008557e-06, 1.0122431604e-06, 1.44729108342e-06, 1.6343644802e-06, 8.32615342006e-07, 9.65776862927e-08, 1.16277497852e-07, 7.67889858366e-08, 3.0824377717e-08, 2.43726478999e-08, 4.42032677128e-09, 2.1393125986e-12, 4.11962993857e-18, 2.96118520418e-18]
    },
    "erbbands": {
        "dmean": [0.233954802155, 2.08100819588, 2.79208660126, 4.40717124939, 14.9191551208, 10.8242578506, 11.9333629608, 10.6066398621, 15.8960866928, 11.0479183197, 14.4471883774, 18.4755935669, 16.1121482849, 10.8403024673, 8.217628479, 8.41027069092, 5.97259044647, 7.59282445908, 6.8659787178, 6.28126335144, 7.18702316284, 6.64015674591, 6.42850255966, 3.8215174675, 2.5427980423, 2.68145155907, 2.32790851593, 1.6043586731, 1.40518248081, 0.947405517101, 0.72362434864, 0.385611504316, 0.069729372859, 0.00480114249513, 0.000192538253032, 2.23459683184e-05, 7.05307456883e-06, 1.75081709131e-06, 7.05722277416e-06, 1.68833266798e-05],
        "dmean2": [0.364590555429, 3.41971325874, 4.78237581253, 7.55801486969, 25.2721061707, 18.2633457184, 19.4227523804, 16.4121456146, 24.2467575073, 17.3915882111, 22.8551292419, 29.1564369202, 24.7792072296, 16.054693222, 12.1878681183, 12.9623365402, 9.34171962738, 12.1406030655, 10.9319992065, 10.0074176788, 10.6015825272, 9.9858789444, 9.94231796265, 5.9585647583, 3.89196920395, 4.01928472519, 3.48686742783, 2.4346716404, 2.13263463974, 1.38018429279, 1.05457532406, 0.566051840782, 0.0937880203128, 0.00637998385355, 0.000262383982772, 3.18114143738e-05, 1.05562639874e-05, 2.64575351139e-06, 1.12776751848e-05, 2.71269036602e-05],
        "dvar": [0.168892115355, 12.963227272, 26.0409107208, 86.1095809937, 1508.82189941, 498.693695068, 482.647796631, 512.838439941, 1194.18579102, 1494.91467285, 3816.50561523, 4777.15771484, 3428.23120117, 3126.15942383, 1933.10754395, 4651.90136719, 938.696777344, 1524.12866211, 2088.12280273, 2099.44775391, 2943.00366211, 1283.6673584, 1225.76123047, 184.038360596, 54.6341438293, 108.359413147, 104.413894653, 31.0468482971, 17.4869117737, 10.4558401108, 6.09977626801, 1.87805199623, 0.0756269022822, 0.000630626513157, 1.06214395146e-06, 4.13141787448e-09, 1.34362132531e-10, 1.07483388509e-11, 9.71919975057e-11, 5.74474856574e-10],
        "dvar2": [0.415826708078, 34.8962783813, 73.4569549561, 239.998977661, 4087.12548828, 1349.46936035, 1277.58984375, 1055.31652832, 2618.70849609, 2921.18457031, 8754.83300781, 11115.2109375, 7399.09130859, 5576.65185547, 3023.00292969, 11572.6884766, 2085.73510742, 3570.94604492, 5031.04101562, 5412.15185547, 5999.06933594, 2798.69335938, 3060.86987305, 403.089569092, 122.630279541, 205.134384155, 223.819717407, 70.596786499, 37.324054718, 21.4380226135, 12.5417318344, 3.77831053734, 0.139765292406, 0.0010909527773, 1.98001703211e-06, 7.26179916199e-09, 2.61538790625e-10, 2.00552456586e-11, 2.4286070377e-10, 1.45089262826e-09],
        "max": [4.67237758636, 41.4143218994, 71.1927566528, 165.853927612, 509.791534424, 418.305023193, 359.657836914, 1102.29956055, 948.898742676, 1839.5357666, 1890.27282715, 2490.03930664, 1820.90441895, 3665.7722168, 2694.7565918, 2703.26538086, 1525.52734375, 1552.19152832, 2434.10400391, 1926.13269043, 3427.28710938, 2342.50292969, 2068.87280273, 528.641540527, 247.970703125, 668.111999512, 449.698791504, 234.198654175, 163.673751831, 78.7717437744, 59.5009346008, 40.6105728149, 7.25344228745, 1.20410859585, 0.0534344911575, 0.0026631897781, 0.000266587856459, 7.77218519943e-05, 0.000109863329271, 0.00026308465749],
        "mean": [0.3467451334, 3.10150909424, 5.51178264618, 6.86428308487, 18.963098526, 16.2857685089, 22.772480011, 20.5298118591, 32.755405426, 18.2826557159, 22.8073158264, 29.8227138519, 28.7138977051, 20.2243728638, 15.9066905975, 13.5869255066, 11.1313533783, 12.5954256058, 10.6972761154, 10.3192453384, 12.848110199, 13.2714347839, 12.6052808762, 8.00259399414, 5.43818855286, 4.87921857834, 4.3003988266, 2.86646103859, 2.37566447258, 1.78850114346, 1.39715743065, 0.737553238869, 0.1287830621, 0.00824206043035, 0.000378906959668, 5.77585378778e-05, 2.04928237508e-05, 4.91420360049e-06, 1.83144002222e-05, 4.15143476857e-05],
        "median": [0.168701797724, 1.89870560169, 3.77004241943, 4.24488115311, 7.49920272827, 8.14081001282, 9.79041671753, 8.80200481415, 10.9642944336, 7.27127742767, 7.30915403366, 5.91770124435, 4.83193540573, 3.69843888283, 2.35700488091, 2.00298881531, 2.00289821625, 2.40186667442, 2.63238883018, 2.9940495491, 3.09129428864, 3.53074741364, 2.81209778786, 2.30807781219, 1.59288752079, 1.18666625023, 0.978771030903, 0.778413712978, 0.582895219326, 0.365535855293, 0.228045925498, 0.0655460804701, 0.00439716456458, 0.000241555622779, 5.63676694583e-05, 2.82713863271e-05, 1.46686015796e-05, 2.95574795928e-06, 1.59358060046e-05, 3.59172008757e-05],
        "min": [2.56321784521e-22, 1.00684834115e-21, 9.15072793553e-22, 4.67020478903e-21, 6.95995066528e-20, 1.17784457545e-19, 1.94063085752e-19, 1.4984136397e-19, 4.19873389264e-19, 4.26058425499e-19, 6.7162728211e-19, 2.67702581291e-19, 1.06907076434e-18, 1.36762320167e-18, 2.5892713591e-18, 3.95792481422e-18, 5.26547154236e-18, 4.34172627868e-18, 4.97753493421e-18, 4.12224713803e-18, 6.47260681594e-18, 9.92264935149e-18, 7.46477315116e-18, 9.67238751152e-18, 8.71189681709e-18, 1.03514862508e-17, 1.13829581408e-17, 1.51897508532e-17, 1.72969636852e-17, 1.72410628194e-17, 1.72436800189e-17, 1.39648568391e-17, 1.47612878396e-17, 8.97255549018e-18, 6.66221563749e-18, 4.95794895167e-18, 3.21231661777e-18, 1.13805804101e-18, 2.91128827377e-19, 3.15272749579e-20],
        "var": [0.238589659333, 15.490937233, 38.7254562378, 89.0602340698, 1515.49084473, 612.254760742, 1217.97143555, 1151.49963379, 4429.06640625, 2876.36645508, 5830.90771484, 9179.01660156, 7376.66650391, 7503.21777344, 7588.00048828, 6169.03466797, 2602.296875, 2473.97680664, 2371.36572266, 2536.57641602, 5636.12792969, 3693.50537109, 2799.4765625, 530.170776367, 222.34928894, 290.711090088, 206.756698608, 68.8891830444, 40.3428878784, 29.0567893982, 17.7038593292, 5.99449539185, 0.242590069771, 0.00199714768678, 3.60908666153e-06, 1.64023781224e-08, 5.4166893193e-10, 4.60192578489e-11, 1.77281897495e-10, 9.60492019253e-10]
    },
    "gfcc": {
        "mean": [-90.4516906738, 176.558044434, -142.384414673, 53.9335975647, -53.2876777649, -15.164056778, -7.76285839081, -22.0453720093, 10.8205709457, -20.5852947235, -0.971369802952, -9.94369506836, -3.18640899658],
        "cov": [[4663.72949219, -444.23336792, 24.0010643005, 1039.69384766, -990.357299805, 457.828674316, -297.083221436, -23.4181575775, 306.736083984, -333.502502441, 366.137634277, -112.746101379, 82.6502151489], [-444.23336792, 2520.72167969, 1983.97741699, 289.53616333, 1317.36547852, -227.201644897, 246.144714355, -29.0124320984, 8.90745639801, 296.356719971, -128.421127319, 149.608337402, 44.4026412964], [24.0010643005, 1983.97741699, 3464.47167969, 1448.16748047, 830.661621094, 284.896026611, -181.755874634, -9.40357398987, 138.164199829, 234.700180054, 158.732498169, 84.3530807495, 171.806564331], [1039.69384766, 289.53616333, 1448.16748047, 1279.74963379, -106.432243347, 400.936920166, -192.178710938, -30.1297054291, 218.161575317, -38.9251594543, 197.145812988, -2.83478093147, 70.03540802], [-990.357299805, 1317.36547852, 830.661621094, -106.432243347, 1097.93933105, -190.602264404, 241.274078369, 83.2451400757, -71.4851379395, 255.979003906, -153.132919312, 99.5880966187, 26.4993057251], [457.828674316, -227.201644897, 284.896026611, 400.936920166, -190.602264404, 509.792297363, 20.5855903625, 46.6303062439, 116.106796265, -72.6289367676, 93.2455978394, -76.6509017944, 6.45921468735], [-297.083221436, 246.144714355, -181.755874634, -192.178710938, 241.274078369, 20.5855903625, 386.83480835, 20.7752666473, -29.4555454254, 93.9966049194, -129.518600464, 23.2220211029, -52.4729995728], [-23.4181575775, -29.0124320984, -9.40357398987, -30.1297054291, 83.2451400757, 46.6303062439, 20.7752666473, 189.212265015, 31.1528511047, 18.3568878174, 29.3942680359, -36.7083969116, 26.6931838989], [306.736083984, 8.90745639801, 138.164199829, 218.161575317, -71.4851379395, 116.106796265, -29.4555454254, 31.1528511047, 187.803390503, -14.7956466675, 49.1659965515, 26.3744220734, -2.39857769012], [-333.502502441, 296.356719971, 234.700180054, -38.9251594543, 255.979003906, -72.6289367676, 93.9966049194, 18.3568878174, -14.7956466675, 181.640151978, -26.3823757172, 38.8363723755, 27.3107261658], [366.137634277, -128.421127319, 158.732498169, 197.145812988, -153.132919312, 93.2455978394, -129.518600464, 29.3942680359, 49.1659965515, -26.3823757172, 181.105117798, -6.3250207901, 34.7604217529], [-112.746101379, 149.608337402, 84.3530807495, -2.83478093147, 99.5880966187, -76.6509017944, 23.2220211029, -36.7083969116, 26.3744220734, 38.8363723755, -6.3250207901, 123.17049408, 13.6300325394], [82.6502151489, 44.4026412964, 171.806564331, 70.03540802, 26.4993057251, 6.45921468735, -52.4729995728, 26.6931838989, -2.39857769012, 27.3107261658, 34.7604217529, 13.6300325394, 98.2234954834]],
        "icov": [[0.000537458632607, -0.000787241384387, 0.000649399473332, -0.000786716875155, 0.000762404873967, -0.000215497508179, 0.000176488785655, -0.000333327625412, 0.000178550078999, 7.97961838543e-05, -0.000342961895512, 8.60677246237e-05, -0.00058635615278], [-0.000787241384387, 0.00430747913197, -0.00290188635699, 0.00227139820345, -0.0036670495756, 0.00235856114887, -0.00269951904193, 0.00284114084207, -0.00303044961765, 0.00222033681348, -0.000809170829598, 0.00176702090539, 0.000141215670737], [0.000649399473332, -0.00290188635699, 0.00322673330083, -0.00297654652968, 0.00139625556767, -0.00183550349902, 0.00247650989331, -0.00146101810969, 0.00235298345797, -0.00216265767813, 0.000297146179946, -0.00107410002965, -0.000589553441387], [-0.000786716875155, 0.00227139820345, -0.00297654652968, 0.00455186096951, -0.00126643257681, 0.00035129749449, -0.00137485947926, 0.00203183339909, -0.00298810633831, 0.00153560412582, -0.000693367037456, 0.000863496854436, 0.000253533740761], [0.000762404873967, -0.0036670495756, 0.00139625556767, -0.00126643257681, 0.00598959811032, -0.00143776042387, 0.0013386933133, -0.00414480920881, 0.00306624453515, -0.00290429615416, 0.00203191488981, -0.00273263151757, 0.000339651189279], [-0.000215497508179, 0.00235856114887, -0.00183550349902, 0.00035129749449, -0.00143776042387, 0.00567216658965, -0.00397486425936, 0.00148436520249, -0.00349653325975, 0.00316643877886, -0.00211126497015, 0.00386091507971, -0.00119117228314], [0.000176488785655, -0.00269951904193, 0.00247650989331, -0.00137485947926, 0.0013386933133, -0.00397486425936, 0.00783632881939, -0.00275788619183, 0.00337609020062, -0.00489464355633, 0.00394281931221, -0.00346102658659, 0.0030847361777], [-0.000333327625412, 0.00284114084207, -0.00146101810969, 0.00203183339909, -0.00414480920881, 0.00148436520249, -0.00275788619183, 0.0105429254472, -0.00532110687345, 0.00219351844862, -0.00355102098547, 0.00588261755183, -0.00351442745887], [0.000178550078999, -0.00303044961765, 0.00235298345797, -0.00298810633831, 0.00306624453515, -0.00349653325975, 0.00337609020062, -0.00532110687345, 0.0118967620656, -0.00321701145731, 0.00178307516035, -0.00652518216521, 0.0033463742584], [7.97961838543e-05, 0.00222033681348, -0.00216265767813, 0.00153560412582, -0.00290429615416, 0.00316643877886, -0.00489464355633, 0.00219351844862, -0.00321701145731, 0.0123156635091, -0.00284895976074, 0.00186463259161, -0.0037720229011], [-0.000342961895512, -0.000809170829598, 0.000297146179946, -0.000693367037456, 0.00203191488981, -0.00211126497015, 0.00394281931221, -0.00355102098547, 0.00178307516035, -0.00284895976074, 0.0112044243142, -0.00328544061631, 0.000617472862359], [8.60677246237e-05, 0.00176702090539, -0.00107410002965, 0.000863496854436, -0.00273263151757, 0.00386091507971, -0.00346102658659, 0.00588261755183, -0.00652518216521, 0.00186463259161, -0.00328544061631, 0.0149254314601, -0.0041586807929], [-0.00058635615278, 0.000141215670737, -0.000589553441387, 0.000253533740761, 0.000339651189279, -0.00119117228314, 0.0030847361777, -0.00351442745887, 0.0033463742584, -0.0037720229011, 0.000617472862359, -0.0041586807929, 0.0155396386981]]
    },
    "melbands": {
        "dmean": [0.00236530252732, 0.00185578980017, 0.00104541808832, 0.000990674481727, 0.000397734955186, 0.000249442236964, 0.00021872468642, 0.000122374884086, 0.000130930638989, 0.000117677009257, 8.28405245556e-05, 4.77836510981e-05, 2.7633857826e-05, 2.68945950666e-05, 1.90013979591e-05, 1.37755077958e-05, 1.56113546836e-05, 1.2068137039e-05, 1.02797530417e-05, 9.20508500712e-06, 9.23501193029e-06, 8.23991467769e-06, 6.42076747681e-06, 6.27506324236e-06, 3.15477382173e-06, 2.06166441785e-06, 1.84980933682e-06, 1.98272118723e-06, 1.74956915089e-06, 1.17487149964e-06, 9.64890546129e-07, 9.32989678404e-07, 6.18757781012e-07, 5.51949653982e-07, 4.7949367854e-07, 3.56113673661e-07, 2.03149838285e-07, 5.8859367158e-08, 1.16760858759e-08, 9.57831702841e-10],
        "dmean2": [0.00376693205908, 0.00312145147473, 0.00178878626321, 0.0016618083464, 0.000653502414934, 0.000386837462429, 0.000333521573339, 0.000192246123333, 0.000209098696359, 0.000185339697055, 0.000127382823848, 7.09642772563e-05, 4.16043731093e-05, 4.12756526202e-05, 2.94490855595e-05, 2.07858429349e-05, 2.51762503467e-05, 1.91702256416e-05, 1.68198548636e-05, 1.48568815348e-05, 1.38456298373e-05, 1.22183873827e-05, 1.03203201434e-05, 9.82971596386e-06, 4.9687128012e-06, 3.19625769407e-06, 2.87042644231e-06, 3.00434521705e-06, 2.66566735263e-06, 1.86160684734e-06, 1.48235130837e-06, 1.45179262745e-06, 9.25920346617e-07, 8.18176943085e-07, 7.12958410531e-07, 5.28461100657e-07, 2.96202387062e-07, 8.06950595234e-08, 1.65473927893e-08, 1.31936528369e-09],
        "dvar": [1.65875389939e-05, 1.02158519439e-05, 5.84560893913e-06, 5.59595764571e-06, 5.34625371529e-07, 2.47698693556e-07, 2.26155918881e-07, 2.21494488528e-07, 3.17124573712e-07, 2.02889211209e-07, 9.4722466315e-08, 6.44074162892e-08, 2.37421442506e-08, 4.21841015452e-08, 1.72834866419e-08, 5.50420331535e-09, 6.78942013721e-09, 6.31445651322e-09, 1.04846913374e-08, 3.86019127774e-09, 5.05155606234e-09, 2.62802268836e-09, 2.88597257203e-09, 1.097496094e-09, 1.33612426678e-10, 4.15991373293e-11, 3.95219031113e-11, 6.8209618509e-11, 6.9014190196e-11, 4.64287844282e-11, 1.01561233382e-11, 8.27402556192e-12, 3.5918381984e-12, 3.99321981731e-12, 2.71258883411e-12, 1.56270103194e-12, 5.66765330414e-13, 5.74520154215e-14, 3.64033627258e-15, 1.31452353338e-16],
        "dvar2": [4.22225857619e-05, 2.84022862616e-05, 1.63589920703e-05, 1.45960593727e-05, 1.45549347508e-06, 5.16613056334e-07, 4.81490928905e-07, 4.2961457325e-07, 7.66453410961e-07, 4.81430390664e-07, 2.04804877058e-07, 1.1869684613e-07, 3.36074528207e-08, 9.67773701177e-08, 4.09855260841e-08, 9.63591784142e-09, 1.63934394948e-08, 1.40268232585e-08, 2.89891897154e-08, 8.58745963228e-09, 9.89820403419e-09, 5.16864862021e-09, 8.51980264116e-09, 2.81387646517e-09, 2.8905736138e-10, 9.47690190212e-11, 8.72403885244e-11, 1.35805186541e-10, 1.68102601283e-10, 1.21876272963e-10, 2.29174960259e-11, 1.88686150038e-11, 7.42607017545e-12, 8.63366669823e-12, 5.86994342022e-12, 3.33388568488e-12, 1.17699816907e-12, 1.14162707608e-13, 7.25000402324e-15, 2.41446715145e-16],
        "max": [0.0456497333944, 0.0435800477862, 0.03903837502, 0.032702088356, 0.0128166610375, 0.0235501565039, 0.0123606091365, 0.0279655717313, 0.0179153084755, 0.0151987140998, 0.00915260147303, 0.016396285966, 0.0113456174731, 0.00836483202875, 0.00896643102169, 0.00592790357769, 0.00327975582331, 0.00551165034994, 0.00578396301717, 0.00240390188992, 0.00413091853261, 0.00359712890349, 0.00291372416541, 0.00155141949654, 0.000449461484095, 0.000259070540778, 0.000238690510741, 0.000497976434417, 0.000303298671497, 0.000477085530292, 0.000100270161056, 0.000118296557048, 4.65679040644e-05, 5.98363803874e-05, 5.06964861415e-05, 3.24122484017e-05, 2.5817351343e-05, 7.20081243344e-06, 2.52971017289e-06, 7.33903505079e-07],
        "mean": [0.00349593930878, 0.00337151391432, 0.00157443212811, 0.00136928982101, 0.000757783418521, 0.000512330443598, 0.000447478902061, 0.000185882570804, 0.000202154420549, 0.000188690639334, 0.000143410215969, 8.47419796628e-05, 5.29025091964e-05, 4.3067317165e-05, 2.91071701213e-05, 2.39265827986e-05, 2.35655388678e-05, 1.78469399543e-05, 1.36694698085e-05, 1.4612753148e-05, 1.5359641111e-05, 1.48401340994e-05, 1.04444270619e-05, 1.14604172268e-05, 5.91151592744e-06, 4.0783629629e-06, 3.41460190612e-06, 3.24103234561e-06, 2.91998571811e-06, 1.99113878807e-06, 1.56264115958e-06, 1.42951193993e-06, 1.08117467335e-06, 9.74784711616e-07, 8.55820985635e-07, 6.46086220968e-07, 3.62056795211e-07, 9.83372103747e-08, 1.70802980648e-08, 1.28139021616e-09],
        "median": [0.0019407653017, 0.00257156509906, 0.000918381148949, 0.000626893306617, 0.000345898180967, 0.000223608600209, 0.000155459652888, 6.3247171056e-05, 5.74315818085e-05, 3.35121039825e-05, 2.2347407139e-05, 1.43722299981e-05, 8.26589530334e-06, 4.86283988721e-06, 5.31751857125e-06, 3.07982327286e-06, 4.36397294834e-06, 3.89518390875e-06, 3.11252370011e-06, 3.85705243389e-06, 3.06492052005e-06, 3.54856501872e-06, 2.63168999481e-06, 2.12372856367e-06, 1.59314834036e-06, 1.16623436952e-06, 8.22603567485e-07, 6.91592902058e-07, 5.83774294682e-07, 4.85040118292e-07, 3.64233954997e-07, 3.27115031951e-07, 2.15956347915e-07, 1.76343760927e-07, 1.3696214296e-07, 7.31733749149e-08, 2.12051105564e-08, 2.83083667618e-10, 2.20319110178e-11, 8.16042546037e-12],
        "min": [2.1754594677e-24, 9.42300267743e-25, 1.68370803407e-24, 6.90091891127e-24, 7.02132196237e-24, 3.64362190904e-24, 6.44954256207e-24, 5.11637078769e-24, 4.61608782337e-24, 1.58596767488e-24, 5.61325139492e-24, 5.55217068389e-24, 7.53681179836e-24, 8.82745765906e-24, 1.08238997382e-23, 8.80159800973e-24, 7.88140044126e-24, 7.64936173915e-24, 5.59555763924e-24, 5.21540320244e-24, 7.83460205692e-24, 9.59611978081e-24, 8.34792331428e-24, 5.84855874218e-24, 7.71054894641e-24, 6.71353525843e-24, 5.49877150592e-24, 7.42806732258e-24, 8.18361936494e-24, 7.11137280129e-24, 8.4629786773e-24, 9.22003823285e-24, 1.08073052602e-23, 8.33649745292e-24, 9.79344544764e-24, 8.14324073064e-24, 8.78311026555e-24, 1.10219456351e-23, 8.96833165066e-24, 7.42929084584e-24],
        "var": [2.18639961531e-05, 1.30820944833e-05, 5.71920099901e-06, 6.15570206719e-06, 1.20075333143e-06, 6.55918370285e-07, 8.02069735073e-07, 3.98056613449e-07, 4.54500451497e-07, 3.78128220291e-07, 1.9986836719e-07, 1.46888794461e-07, 9.30111809794e-08, 7.62403402632e-08, 2.52623042485e-08, 1.96615985715e-08, 8.70273453302e-09, 7.69923591548e-09, 7.91823762114e-09, 5.2669029138e-09, 9.63403490317e-09, 6.04820327155e-09, 3.28491389645e-09, 2.21934404188e-09, 3.0690031072e-10, 1.37212352591e-10, 1.07298780971e-10, 1.63438984568e-10, 1.10814905863e-10, 7.52837930884e-11, 2.0350986521e-11, 1.59026038865e-11, 9.30846545677e-12, 9.86388314778e-12, 6.85590082969e-12, 4.33720680898e-12, 1.67595971823e-12, 1.61585344714e-13, 9.07134339433e-15, 3.48562316366e-16]
    },
    "mfcc": {
        "mean": [-710.685424805, 170.944335938, -10.4316825867, 50.6580696106, -11.1187210083, 13.8190402985, -16.3931903839, 11.4016103745, -4.35102844238, 6.26457262039, -3.78416919708, 2.5440621376, -4.45698451996],
        "cov": [[4100.36621094, -991.760375977, -329.373809814, 302.816467285, -772.999084473, 227.778930664, -523.416137695, 399.443511963, -399.083190918, 314.618164062, -281.932067871, 160.199890137, -203.220977783], [-991.760375977, 2302.77685547, 888.915100098, 541.237670898, 888.287536621, 144.409576416, 398.293823242, -140.404830933, 360.334686279, -186.834075928, 236.154098511, -26.6268444061, 167.24559021], [-329.373809814, 888.915100098, 2858.9206543, 1245.91235352, 1064.83154297, 669.47064209, 65.2060852051, 102.020858765, 31.5298938751, 79.2460784912, -31.9557151794, 272.674438477, 53.4735527039], [302.816467285, 541.237670898, 1245.91235352, 925.769958496, 517.309814453, 325.531036377, -10.6880884171, 61.4724159241, 18.8066520691, 15.985786438, -0.37120360136, 137.100662231, 48.5730781555], [-772.999084473, 888.287536621, 1064.83154297, 517.309814453, 865.655090332, 175.747970581, 160.499526978, -8.44260787964, 144.482040405, -20.3939228058, 63.8839912415, 100.309890747, 73.2474212646], [227.778930664, 144.409576416, 669.47064209, 325.531036377, 175.747970581, 449.59375, 67.1313476562, 122.689239502, 61.3123512268, 63.926448822, 49.1268882751, 40.8103904724, 15.8308973312], [-523.416137695, 398.293823242, 65.2060852051, -10.6880884171, 160.499526978, 67.1313476562, 346.579803467, -28.1102695465, 156.066421509, 4.80711889267, 97.8252258301, -25.0499897003, 16.0496883392], [399.443511963, -140.404830933, 102.020858765, 61.4724159241, -8.44260787964, 122.689239502, -28.1102695465, 222.989074707, -5.5964050293, 100.219924927, 4.49058246613, 26.9148426056, -3.81105422974], [-399.083190918, 360.334686279, 31.5298938751, 18.8066520691, 144.482040405, 61.3123512268, 156.066421509, -5.5964050293, 260.384216309, -20.696811676, 118.281959534, -20.4823246002, 43.4026985168], [314.618164062, -186.834075928, 79.2460784912, 15.985786438, -20.3939228058, 63.926448822, 4.80711889267, 100.219924927, -20.696811676, 203.906616211, -24.3892154694, 52.111579895, -40.2394599915], [-281.932067871, 236.154098511, -31.9557151794, -0.37120360136, 63.8839912415, 49.1268882751, 97.8252258301, 4.49058246613, 118.281959534, -24.3892154694, 173.895675659, -27.7482738495, 45.2971191406], [160.199890137, -26.6268444061, 272.674438477, 137.100662231, 100.309890747, 40.8103904724, -25.0499897003, 26.9148426056, -20.4823246002, 52.111579895, -27.7482738495, 151.306381226, -4.34635972977], [-203.220977783, 167.24559021, 53.4735527039, 48.5730781555, 73.2474212646, 15.8308973312, 16.0496883392, -3.81105422974, 43.4026985168, -40.2394599915, 45.2971191406, -4.34635972977, 122.157775879]],
