{
"lowlevel": {
    "average_loudness": 0.951618790627,
    "barkbands_crest": {
        "dmean": 3.13281178474,
        "dmean2": 4.98488855362,
        "dvar": 7.93265342712,
        "dvar2": 18.3894138336,
        "max": 25.5816135406,
        "mean": 12.2753725052,
        "median": 11.5562057495,
        "min": 2.76891350746,
        "var": 22.880525589
    },
    "barkbands_flatness_db": {
        "dmean": 0.0253351014107,
        "dmean2": 0.0411057062447,
        "dvar": 0.000563521869481,
        "dvar2": 0.00147009023931,
        "max": 0.452452450991,
        "mean": 0.196285799146,
        "median": 0.189111068845,
        "min": 0.0591632984579,
        "var": 0.00244811270386
    },
    "barkbands_kurtosis": {
        "dmean": 3.90742087364,
        "dmean2": 6.36499166489,
        "dvar": 50.947052002,
        "dvar2": 125.115440369,
        "max": 189.833724976,
        "mean": 5.74400234222,
        "median": 2.81714105606,
        "min": -1.856965065,
        "var": 89.6520080566
    },
    "barkbands_skewness": {
        "dmean": 0.642643690109,
        "dmean2": 1.02355289459,
        "dvar": 0.49714294076,
        "dvar2": 1.1812556982,
        "max": 12.5502462387,
        "mean": 1.87325286865,
        "median": 1.65541183949,
        "min": -1.90429532528,
        "var": 1.66755366325
    },
    "barkbands_spread": {
        "dmean": 5.55306625366,
        "dmean2": 8.98253822327,
        "dvar": 37.9166069031,
        "dvar2": 90.7463760376,
        "max": 80.1294937134,
        "mean": 20.1231899261,
        "median": 18.4251079559,
        "min": 0.74408853054,
        "var": 120.360404968
    },
    "dissonance": {
        "dmean": 0.0200746655464,
        "dmean2": 0.0340574197471,
        "dvar": 0.000362872466212,
        "dvar2": 0.000990947475657,
        "max": 0.500000119209,
        "mean": 0.46408739686,
        "median": 0.472225666046,
        "min": 0.27218234539,
        "var": 0.000912847288419
    },
    "dynamic_complexity": 2.51467108727,
    "erbbands_crest": {
        "dmean": 2.91004633904,
        "dmean2": 4.70827722549,
        "dvar": 7.34543991089,
        "dvar2": 18.3448429108,
        "max": 29.5808563232,
        "mean": 9.48864555359,
        "median": 8.51490688324,
        "min": 2.43567013741,
        "var": 20.876493454
    },
    "erbbands_flatness_db": {
        "dmean": 0.0147994300351,
        "dmean2": 0.0225750058889,
        "dvar": 0.000163024596986,
        "dvar2": 0.00036691778223,
        "max": 0.404923945665,
        "mean": 0.195083647966,
        "median": 0.186696797609,
        "min": 0.0951136052608,
        "var": 0.00217049196362
    },
    "erbbands_kurtosis": {
        "dmean": 0.910119473934,
        "dmean2": 1.44096517563,
        "dvar": 1.65936887264,
        "dvar2": 3.71885418892,
        "max": 43.1514968872,
        "mean": 0.601711452007,
        "median": -0.0230898857117,
        "min": -1.82765424252,
        "var": 4.79736757278
    },
    "erbbands_skewness": {
        "dmean": 0.359877616167,
        "dmean2": 0.564460873604,
        "dvar": 0.108784750104,
        "dvar2": 0.25408115983,
        "max": 5.60192918777,
        "mean": 0.574236512184,
        "median": 0.522513568401,
        "min": -2.63008022308,
        "var": 0.502797603607
    },
    "erbbands_spread": {
        "dmean": 8.04187107086,
        "dmean2": 12.1421842575,
        "dvar": 66.1182937622,
        "dvar2": 143.429016113,
        "max": 131.820861816,
        "mean": 40.5423736572,
        "median": 37.5239181519,
        "min": 4.97558689117,
        "var": 370.628051758
    },
    "hfc": {
        "dmean": 5.54696178436,
        "dmean2": 8.43720722198,
        "dvar": 46.3037261963,
        "dvar2": 108.324729919,
        "max": 111.014289856,
        "mean": 22.4901199341,
        "median": 20.7862510681,
        "min": 1.22407431125e-16,
        "var": 202.363067627
    },
    "melbands_crest": {
        "dmean": 4.08716630936,
        "dmean2": 6.78443336487,
        "dvar": 13.8776845932,
        "dvar2": 34.9814033508,
        "max": 37.4887046814,
        "mean": 16.6674900055,
        "median": 15.9586133957,
        "min": 1.36377000809,
        "var": 36.8623046875
    },
    "melbands_flatness_db": {
        "dmean": 0.0301201455295,
        "dmean2": 0.0473311208189,
        "dvar": 0.000848641386256,
        "dvar2": 0.00203646044247,
        "max": 0.586128115654,
        "mean": 0.229942545295,
        "median": 0.2213871032,
        "min": 0.000889077084139,
        "var": 0.00469493540004
    },
    "melbands_kurtosis": {
        "dmean": 10.7928714752,
        "dmean2": 17.3723335266,
        "dvar": 362.484893799,
        "dvar2": 884.483154297,
        "max": 299.473297119,
        "mean": 18.6157741547,
        "median": 9.96883678436,
        "min": -1.43007612228,
        "var": 715.38848877
    },
    "melbands_skewness": {
        "dmean": 0.960190713406,
        "dmean2": 1.51248943806,
        "dvar": 1.1448636055,
        "dvar2": 2.69875192642,
        "max": 15.6467905045,
        "mean": 3.04981160164,
        "median": 2.62217307091,
        "min": -0.913794219494,
        "var": 4.01670455933
    },
    "melbands_spread": {
        "dmean": 5.87974834442,
        "dmean2": 9.41461467743,
        "dvar": 46.076839447,
        "dvar2": 102.331565857,
        "max": 187.684799194,
        "mean": 19.1827526093,
        "median": 16.1548023224,
        "min": 0.622987508774,
        "var": 161.820861816
    },
    "pitch_salience": {
        "dmean": 0.0826520472765,
        "dmean2": 0.134747728705,
        "dvar": 0.00563034275547,
        "dvar2": 0.0140446880832,
        "max": 0.980995893478,
        "mean": 0.485881119967,
        "median": 0.48843985796,
        "min": 0.0806241184473,
        "var": 0.0167415533215
    },
    "silence_rate_20dB": {
        "dmean": 0,
        "dmean2": 0,
        "dvar": 0,
        "dvar2": 0,
        "max": 1,
        "mean": 1,
        "median": 1,
        "min": 1,
        "var": 0
    },
    "silence_rate_30dB": {
        "dmean": 0.0789713263512,
        "dmean2": 0.157960623503,
        "dvar": 0.0727294534445,
        "dvar2": 0.1587215662,
        "max": 1,
        "mean": 0.898395717144,
        "median": 1,
        "min": 0,
        "var": 0.0912777706981
    },
    "silence_rate_60dB": {
        "dmean": 0.00591715984046,
        "dmean2": 0.0117218615487,
        "dvar": 0.00588149158284,
        "dvar2": 0.01431568712,
        "max": 1,
        "mean": 0.0283308681101,
        "median": 0,
        "min": 0,
        "var": 0.0275337845087
    },
    "spectral_centroid": {
        "dmean": 252.172927856,
        "dmean2": 393.424194336,
        "dvar": 74774.4921875,
        "dvar2": 170331.65625,
        "max": 10972.2529297,
        "mean": 1326.43835449,
        "median": 1318.31384277,
        "min": 302.585693359,
        "var": 320174.09375
    },
    "spectral_complexity": {
        "dmean": 3.60832953453,
        "dmean2": 5.68885850906,
        "dvar": 13.972568512,
        "dvar2": 31.9715957642,
        "max": 53,
        "mean": 20.7544651031,
        "median": 20,
        "min": 0,
        "var": 94.0333786011
    },
    "spectral_decrease": {
        "dmean": 5.0131623297e-09,
        "dmean2": 8.11897304942e-09,
        "dvar": 5.29980673425e-17,
        "dvar2": 1.36811835198e-16,
        "max": 3.1070973626e-29,
        "mean": -1.21021086485e-08,
        "median": -9.47793488137e-09,
        "min": -8.01302064701e-08,
        "var": 1.02353707723e-16
    },
    "spectral_energy": {
        "dmean": 0.0192365739495,
        "dmean2": 0.0310655329376,
        "dvar": 0.000766088080127,
        "dvar2": 0.00197223993018,
        "max": 0.309072285891,
        "mean": 0.0477159544826,
        "median": 0.037933126092,
        "min": 1.10573659189e-20,
        "var": 0.00151608686429
    },
    "spectral_energyband_high": {
        "dmean": 0.000345066684531,
        "dmean2": 0.000533987767994,
        "dvar": 3.48856104893e-07,
        "dvar2": 8.69913378665e-07,
        "max": 0.0100631648675,
        "mean": 0.00104032165837,
        "median": 0.00082704203669,
        "min": 7.59344855299e-21,
        "var": 9.41188488923e-07
    },
    "spectral_energyband_low": {
        "dmean": 0.0161186959594,
        "dmean2": 0.0267499536276,
        "dvar": 0.000722435244825,
        "dvar2": 0.0019493449945,
        "max": 0.270593136549,
        "mean": 0.0282344967127,
        "median": 0.0177048090845,
        "min": 7.41953468748e-23,
        "var": 0.00112153310329
    },
    "spectral_energyband_middle_high": {
        "dmean": 0.00199967762455,
        "dmean2": 0.00310423271731,
        "dvar": 8.59335978021e-06,
        "dvar2": 2.05353499041e-05,
        "max": 0.0948802530766,
        "mean": 0.00626043090597,
        "median": 0.00409045768902,
        "min": 1.54968753665e-21,
        "var": 4.12763656641e-05
    },
    "spectral_energyband_middle_low": {
        "dmean": 0.00749464984983,
        "dmean2": 0.0124393180013,
        "dvar": 0.000180992414244,
        "dvar2": 0.000485211639898,
        "max": 0.14497756958,
        "mean": 0.0135085852817,
        "median": 0.00905183982104,
        "min": 3.03222834376e-22,
        "var": 0.000202218536288
    },
    "spectral_entropy": {
        "dmean": 0.136763304472,
        "dmean2": 0.214538827538,
        "dvar": 0.0190189816058,
        "dvar2": 0.0469620116055,
        "max": 9.80993270874,
        "mean": 7.63275575638,
        "median": 7.70825815201,
        "min": 5.91934919357,
        "var": 0.139305979013
    },
    "spectral_flux": {
        "dmean": 0.0352417938411,
        "dmean2": 0.0556012503803,
        "dvar": 0.00177924323361,
        "dvar2": 0.00355567084625,
        "max": 0.443165630102,
        "mean": 0.114597700536,
        "median": 0.0960651263595,
        "min": 6.49768433503e-11,
        "var": 0.00508099840954
    },
    "spectral_kurtosis": {
        "dmean": 1.5749796629,
        "dmean2": 2.77351546288,
        "dvar": 8.7232170105,
        "dvar2": 25.9994297028,
        "max": 76.5380020142,
        "mean": 2.25044322014,
        "median": 1.22130012512,
        "min": -1.24059152603,
        "var": 23.575958252
    },
    "spectral_rms": {
        "dmean": 0.00121337629389,
        "dmean2": 0.00191849272233,
        "dvar": 2.00573276743e-06,
        "dvar2": 4.82388486489e-06,
        "max": 0.0173647329211,
        "mean": 0.00629374431446,
        "median": 0.00608341442421,
        "min": 3.28445950992e-12,
        "var": 6.94106029187e-06
    },
    "spectral_rolloff": {
        "dmean": 357.840820312,
        "dmean2": 603.440002441,
        "dvar": 369123.03125,
        "dvar2": 828017.5625,
        "max": 18690.8203125,
        "mean": 988.13494873,
        "median": 775.1953125,
        "min": 43.06640625,
        "var": 884774.1875
    },
    "spectral_skewness": {
        "dmean": 0.20511046052,
        "dmean2": 0.341511666775,
        "dvar": 0.0523795858026,
        "dvar2": 0.148618221283,
        "max": 5.96504163742,
        "mean": 1.04719483852,
        "median": 0.955370128155,
        "min": -0.269069582224,
        "var": 0.241046458483
    },
    "spectral_spread": {
        "dmean": 290502.8125,
        "dmean2": 436725.5625,
        "dvar": 204513345536,
        "dvar2": 407625269248,
        "max": 41591132,
        "mean": 4019015.25,
        "median": 4051967.5,
        "min": 789473.9375,
        "var": 1.19924208435e+12
    },
    "spectral_strongpeak": {
        "dmean": 0.47976821661,
        "dmean2": 0.835789263248,
        "dvar": 0.594656348228,
        "dvar2": 1.55170154572,
        "max": 9.14242553711,
        "mean": 0.808439254761,
        "median": 0.488458991051,
        "min": 0,
        "var": 0.918335258961
    },
    "zerocrossingrate": {
        "dmean": 0.00808564387262,
        "dmean2": 0.0101567720994,
        "dvar": 7.83997675171e-05,
        "dvar2": 0.000106147163024,
        "max": 0.55859375,
        "mean": 0.0479027852416,
        "median": 0.044921875,
        "min": 0.00439453125,
        "var": 0.000610265298747
    },
    "barkbands": {
        "dmean": [0.0010812204564, 0.0129377702251, 0.00516078667715, 0.0026477589272, 0.00219752965495, 0.00157172325999, 0.0019510203274, 0.000966902240179, 0.0010701068677, 0.00109858566429, 0.000518987711985, 0.00050408532843, 0.000370520720026, 0.000383556733141, 0.000197474480956, 0.000181714494829, 0.0001634555083, 0.000135238777148, 0.000109842563688, 0.000122846729937, 0.000116517789138, 9.64551363722e-05, 0.000117246963782, 5.5136566516e-05, 1.04774358078e-06, 2.11244155501e-09, 1.96178451262e-09],
        "dmean2": [0.00187163427472, 0.0215119179338, 0.00890839193016, 0.00478148041293, 0.00378048559651, 0.0025994097814, 0.00319595681503, 0.00154425553046, 0.00172744505107, 0.00171129987575, 0.000826628645882, 0.000812218349893, 0.00058956805151, 0.000607132795267, 0.000316351011861, 0.000299239851302, 0.000270344811724, 0.000221635098569, 0.000181422190508, 0.000196717199287, 0.000187160811038, 0.000150814448716, 0.000186597579159, 8.88842478162e-05, 1.67826112829e-06, 3.81519260628e-09, 3.58229379493e-09],
        "dvar": [4.40599615104e-06, 0.000534373160917, 0.000195140513824, 6.58228018438e-05, 2.34294602706e-05, 1.22042283692e-05, 1.68377227965e-05, 5.55360566068e-06, 4.47973616247e-06, 5.18579645359e-06, 2.14715396396e-06, 1.42937187775e-06, 7.56122005896e-07, 6.83490839037e-07, 1.7192267876e-07, 1.02445824268e-07, 6.34602486116e-08, 4.08751148484e-08, 2.75366378588e-08, 3.98043376038e-08, 4.43130545591e-08, 3.06054168675e-08, 5.11613365006e-08, 1.65067941538e-08, 8.54767905761e-12, 2.14378149424e-17, 3.05353557688e-17],
        "dvar2": [1.24298558148e-05, 0.00139627000317, 0.000511025369633, 0.00018826725136, 6.31518341834e-05, 3.09505849145e-05, 4.23991587013e-05, 1.36905546242e-05, 1.12567877295e-05, 1.21348821267e-05, 5.30858005732e-06, 3.47729746863e-06, 1.8816622287e-06, 1.5947804286e-06, 4.16476183318e-07, 2.58602085523e-07, 1.69599928768e-07, 1.04648400168e-07, 7.1774529431e-08, 9.46531955037e-08, 1.14121924355e-07, 7.10614784794e-08, 1.32170654865e-07, 4.41807941343e-08, 2.25303681961e-11, 5.88814820935e-17, 8.07540962531e-17],
        "max": [0.0193632207811, 0.253322154284, 0.119851820171, 0.0901771634817, 0.0674803256989, 0.0550747364759, 0.0514224208891, 0.0420279353857, 0.0384463220835, 0.0467110387981, 0.0682820305228, 0.0277880486101, 0.0192996058613, 0.0202688481659, 0.0112702613696, 0.00642365589738, 0.00518127670512, 0.00347348069772, 0.00267180870287, 0.00453189574182, 0.00618495047092, 0.00372340949252, 0.00372494314797, 0.00220303493552, 8.6919288151e-05, 2.10777358234e-07, 3.21225428479e-07],
        "mean": [0.00124778645113, 0.0209477506578, 0.00489362655208, 0.00227730395272, 0.00281892344356, 0.00213288306259, 0.00273545389064, 0.00140688824467, 0.00173788773827, 0.00183095550165, 0.000930966576561, 0.00085532310186, 0.000600735540502, 0.000650603498798, 0.000338164361892, 0.000327480345732, 0.000314548582537, 0.000277597137028, 0.000234219405684, 0.000273008045042, 0.000268523290288, 0.000236918320297, 0.000266647693934, 0.000110534158011, 1.32104014483e-06, 2.07085615322e-09, 1.84186055296e-09],
        "median": [0.000327251356794, 0.0119881341234, 0.00138565502129, 0.000553029240109, 0.00102569442242, 0.00075480574742, 0.000747053534724, 0.000352601811755, 0.000654373201542, 0.000577832339332, 0.000227890006499, 0.000260562082985, 0.000233979604673, 0.000244362250669, 0.000180738570634, 0.000194568128791, 0.000200629903702, 0.000193130239495, 0.000153728295118, 0.000168645652593, 0.000180906819878, 0.000167924721609, 0.000177623063792, 6.28777124803e-05, 2.56253798625e-07, 9.01461683078e-10, 8.21918477723e-10],
        "min": [8.90427141199e-24, 7.35651369417e-24, 3.08341115391e-23, 2.2788795268e-23, 1.25819630402e-23, 5.31982992694e-23, 4.8011264294e-23, 2.15897219589e-23, 8.72002174575e-23, 4.24465984478e-23, 5.35606262386e-23, 8.53469496883e-23, 1.93237676025e-22, 4.76051334564e-23, 1.13183187839e-22, 7.61286871813e-23, 1.88339430405e-22, 1.86481606176e-22, 2.04653086547e-22, 3.15447729783e-22, 3.54471706888e-22, 3.38222459661e-22, 6.04679478606e-22, 6.84797353343e-22, 1.07763428168e-21, 1.67289281733e-21, 2.41273115435e-21],
        "var": [5.06108153786e-06, 0.000739814189728, 0.000147182421642, 4.19577881985e-05, 2.7275429602e-05, 1.68950118677e-05, 2.59993412328e-05, 1.00024935819e-05, 9.02103874978e-06, 1.16820456242e-05, 5.84430426898e-06, 3.3702433484e-06, 1.43466161262e-06, 1.44434534377e-06, 3.18595169801e-07, 1.92214940853e-07, 1.34644210448e-07, 8.99895766793e-08, 6.51894112025e-08, 1.08751180505e-07, 9.8835243989e-08, 7.79778375204e-08, 9.96774645046e-08, 2.26034266859e-08, 9.89332574197e-12, 1.54668811739e-17, 1.80187730683e-17]
    },
    "erbbands": {
        "dmean": [0.471876889467, 2.64395022392, 5.48430109024, 7.96486854553, 7.89242076874, 7.03664493561, 8.59217739105, 14.4953937531, 27.1104869843, 24.2664375305, 17.8012924194, 21.2671470642, 32.7496261597, 27.0567455292, 20.2431678772, 17.1245956421, 15.8997297287, 17.1968975067, 12.0229301453, 9.94644355774, 9.37598896027, 9.19304943085, 7.17248058319, 6.04469060898, 5.04558038712, 6.12242269516, 5.14327144623, 4.261282444, 3.41083884239, 3.63677716255, 3.35666751862, 1.81772792339, 0.534767866135, 0.0419628471136, 0.00134666147642, 0.000105602499389, 1.93259747903e-05, 5.0579760682e-06, 9.03185627976e-06, 2.11015230889e-05],
        "dmean2": [0.773107767105, 4.37823963165, 9.17820644379, 14.2065505981, 13.9641485214, 12.0498790741, 13.8201589584, 24.1005191803, 44.3883781433, 39.2198982239, 28.5303230286, 34.4214248657, 51.6533355713, 41.4807472229, 31.4801063538, 27.2661895752, 25.2324428558, 27.0064258575, 19.0888156891, 15.975066185, 15.4596967697, 15.1737279892, 11.7985601425, 9.8950958252, 8.22745418549, 9.81777763367, 8.23974990845, 6.82262659073, 5.3591375351, 5.71253967285, 5.38129281998, 2.95264172554, 0.83811712265, 0.0647862926126, 0.00209266785532, 0.000163883625646, 2.98579525406e-05, 7.9679684859e-06, 1.42377784869e-05, 3.38210775226e-05],
        "dvar": [0.860799312592, 23.3529338837, 192.055480957, 557.145080566, 480.639862061, 269.691802979, 537.869934082, 1066.08349609, 3752.56665039, 3502.58666992, 1809.94104004, 1981.03417969, 3824.36181641, 3781.39868164, 2372.20996094, 1360.55053711, 1500.46032715, 1675.45068359, 663.163513184, 328.063995361, 270.991851807, 214.867935181, 113.866035461, 84.8410720825, 56.6202735901, 116.265945435, 125.544563293, 51.677192688, 38.0132637024, 48.2715339661, 40.6771087646, 17.3771743774, 1.37244367599, 0.0103095239028, 1.45969188452e-05, 6.90883226184e-08, 1.54775836592e-09, 1.07072524458e-10, 1.49395718019e-10, 8.87514672865e-10],
        "dvar2": [2.14313411713, 61.6651306152, 489.179992676, 1561.91760254, 1346.79772949, 722.173706055, 1266.3659668, 2741.25488281, 9389.00292969, 9112.59863281, 4257.19433594, 4926.29589844, 9220.65136719, 8889.9140625, 5780.75537109, 3258.71923828, 3783.75073242, 3927.32495117, 1607.02246094, 809.276977539, 691.385009766, 574.421142578, 295.755554199, 218.869171143, 145.406051636, 277.301818848, 330.985656738, 129.24357605, 88.1784210205, 117.602584839, 106.647537231, 46.6017379761, 3.60722756386, 0.0272109284997, 3.98055053665e-05, 1.85833599176e-07, 4.00786026589e-09, 2.80869244529e-10, 3.68084646096e-10, 2.26872076681e-09],
        "max": [8.71919441223, 55.7420425415, 139.78062439, 267.685211182, 261.152709961, 390.347167969, 523.930603027, 613.298461914, 878.983337402, 1248.80505371, 873.067077637, 838.241516113, 998.430236816, 2073.96508789, 1251.21948242, 823.683166504, 973.884338379, 1195.83288574, 762.303771973, 499.264587402, 433.962738037, 339.676086426, 201.339294434, 239.972244263, 111.761070251, 318.936157227, 404.980499268, 190.511230469, 131.755767822, 149.892272949, 104.652908325, 69.4975814819, 22.9994220734, 2.32433629036, 0.0983752906322, 0.0062152473256, 0.000827330048196, 0.000214609201066, 0.000150422769366, 0.000343838473782],
        "mean": [0.659201860428, 4.40851688385, 6.43352031708, 7.10139560699, 7.82403802872, 9.20347976685, 12.7833881378, 20.2409114838, 37.8310585022, 36.6334648132, 28.339225769, 34.8831596375, 56.8340187073, 49.768737793, 39.0137786865, 31.507982254, 28.9302349091, 30.9521350861, 22.937461853, 18.9161376953, 18.1320533752, 18.4727840424, 15.4616088867, 13.2563714981, 11.5363473892, 13.3907499313, 11.752248764, 9.86139678955, 8.32474422455, 8.71206665039, 7.31483888626, 3.65759277344, 1.09330034256, 0.0790252313018, 0.00268679857254, 0.000260133529082, 5.9256930399e-05, 1.53266155394e-05, 2.70308664767e-05, 5.55148872081e-05],
        "median": [0.331093162298, 2.361079216, 2.59728312492, 2.19971585274, 2.38824629784, 3.3616168499, 4.00914144516, 7.55039405823, 10.3799705505, 11.6040630341, 9.82411003113, 14.950838089, 22.8277416229, 16.9218101501, 12.4628362656, 12.1125192642, 12.2375965118, 12.3918161392, 10.9327135086, 11.7065486908, 11.4797115326, 12.1696643829, 11.1658763885, 9.27349567413, 8.22246742249, 8.34752941132, 7.23881244659, 6.5850610733, 5.82869243622, 6.11195373535, 4.76056718826, 2.18218445778, 0.620827198029, 0.0361289158463, 0.00139732833486, 0.000169977720361, 4.54945075035e-05, 1.21985640362e-05, 2.29144279729e-05, 4.54877845186e-05],
        "min": [2.09491492334e-22, 2.39934783248e-21, 3.2718970802e-20, 3.67713286229e-20, 9.7641756599e-20, 2.03740562544e-20, 1.93530122944e-19, 5.92481296932e-19, 2.51425140251e-19, 7.88760864835e-19, 5.73096681168e-19, 1.82838472315e-18, 1.63988153188e-18, 1.90416315265e-18, 2.78002623939e-18, 4.4782644329e-18, 7.35690714492e-18, 3.06680210634e-18, 3.70980661281e-18, 5.26588802779e-18, 7.00397482014e-18, 8.9199517663e-18, 8.95728160017e-18, 1.21068925508e-17, 1.1919393867e-17, 1.6024576269e-17, 1.43099301209e-17, 1.5439246724e-17, 1.14209530279e-17, 1.6260049774e-17, 1.5712504185e-17, 1.35818258934e-17, 1.38947565909e-17, 1.08572104153e-17, 7.0370339205e-18, 4.8751630616e-18, 2.9287502116e-18, 1.32517239603e-18, 3.93946602035e-19, 3.37191840278e-20],
        "var": [1.00044977665, 33.4319763184, 167.472915649, 364.980102539, 347.466278076, 337.209442139, 989.518737793, 1514.34069824, 5543.62988281, 6063.06152344, 3255.37573242, 3628.3815918, 8375.12792969, 9401.72753906, 6415.56982422, 3432.92602539, 3144.18188477, 3653.11474609, 1485.54858398, 660.79486084, 529.021606445, 457.431121826, 255.095123291, 199.097259521, 136.692184448, 292.32321167, 243.650192261, 129.381851196, 98.5234298706, 106.564720154, 75.480506897, 23.4269447327, 2.18695187569, 0.0154733387753, 1.77317961061e-05, 9.9501697548e-08, 2.9845488303e-09, 1.9411958152e-10, 3.80890902152e-10, 1.87348137004e-09]
    },
    "gfcc": {
        "mean": [-14.5073757172, 138.3306427, -154.693267822, 64.7812576294, -73.2965240479, 21.4600009918, -11.0534934998, -8.46298885345, 13.6973247528, -21.7285556793, 9.8799943924, -14.001411438, 2.21092557907],
        "cov": [[4600.18847656, -685.052307129, 396.826965332, 983.263061523, -458.011169434, 758.20526123, -203.971679688, 143.016876221, 26.8091850281, -91.4575881958, 345.575500488, -32.3178253174, 155.224105835], [-685.052307129, 1019.47473145, 427.127258301, -105.78528595, 415.834014893, -277.364013672, 115.464569092, -41.6651535034, -1.80300080776, 27.4300556183, -42.386516571, 26.4241008759, -18.3110713959], [396.826965332, 427.127258301, 1071.80236816, 492.233093262, 81.0943374634, 100.952392578, -122.195198059, 27.3744010925, 44.5636825562, -5.32716655731, 73.3513259888, 45.1682701111, 63.2747573853], [983.263061523, -105.78528595, 492.233093262, 640.301086426, 14.9879789352, 260.375518799, -48.1158485413, 30.3332843781, 61.6859703064, -12.3948936462, 79.4096832275, 35.6268615723, 60.8956871033], [-458.011169434, 415.834014893, 81.0943374634, 14.9879789352, 455.871124268, -46.9910583496, 169.744796753, 28.9592838287, 13.0271997452, 70.0017776489, -37.0333633423, 9.19941139221, -11.5605754852], [758.20526123, -277.364013672, 100.952392578, 260.375518799, -46.9910583496, 380.753234863, 44.893032074, 57.778503418, 26.9238567352, -8.34883594513, 79.0257797241, 0.910879194736, 25.5386714935], [-203.971679688, 115.464569092, -122.195198059, -48.1158485413, 169.744796753, 44.893032074, 273.860717773, 45.4727668762, 32.8569412231, 45.8711357117, 2.96856021881, 14.0534229279, -14.3067455292], [143.016876221, -41.6651535034, 27.3744010925, 30.3332843781, 28.9592838287, 57.778503418, 45.4727668762, 131.561904907, 53.0783843994, 29.4756641388, 27.3810882568, -9.86245536804, 16.6015777588], [26.8091850281, -1.80300080776, 44.5636825562, 61.6859703064, 13.0271997452, 26.9238567352, 32.8569412231, 53.0783843994, 144.356964111, 50.0025215149, 17.2067451477, 18.6608333588, 0.284618705511], [-91.4575881958, 27.4300556183, -5.32716655731, -12.3948936462, 70.0017776489, -8.34883594513, 45.8711357117, 29.4756641388, 50.0025215149, 111.633911133, 35.4031333923, 16.532409668, 5.78508377075], [345.575500488, -42.386516571, 73.3513259888, 79.4096832275, -37.0333633423, 79.0257797241, 2.96856021881, 27.3810882568, 17.2067451477, 35.4031333923, 119.19442749, 33.6578865051, 31.8098678589], [-32.3178253174, 26.4241008759, 45.1682701111, 35.6268615723, 9.19941139221, 0.910879194736, 14.0534229279, -9.86245536804, 18.6608333588, 16.532409668, 33.6578865051, 78.8951644897, 33.5639533997], [155.224105835, -18.3110713959, 63.2747573853, 60.8956871033, -11.5605754852, 25.5386714935, -14.3067455292, 16.6015777588, 0.284618705511, 5.78508377075, 31.8098678589, 33.5639533997, 85.3735580444]],
        "icov": [[0.000710233929567, -0.000826614676043, 0.0008249116363, -0.00134215026628, 0.000967527623288, -0.000925486790948, 0.000565605645534, -0.000691280001774, 0.000391325564124, 7.52033429308e-06, -0.00112433440518, 0.000993050751276, -0.000458901049569], [-0.000826614676043, 0.00598808564246, -0.00409260950983, 0.00388010800816, -0.00497984467074, 0.00404339469969, -0.00262240623124, 0.00326435174793, -0.00194199150428, 0.00295520853251, -0.00109740055632, -0.000201365750399, 0.000389053748222], [0.0008249116363, -0.00409260950983, 0.00460367882624, -0.00427654851228, 0.00291027897038, -0.00247925939038, 0.00274969707243, -0.00269517372362, 0.00129192543682, -0.00145629327744, -0.000433248700574, 0.00024676322937, -0.000459842762211], [-0.00134215026628, 0.00388010800816, -0.00427654851228, 0.00741341896355, -0.00420123897493, 0.000841759028845, -0.00130230060313, 0.00333369872533, -0.00291839055717, 0.00226978748105, 0.000631860806607, -0.0015448757913, -0.000305184832541], [0.000967527623288, -0.00497984467074, 0.00291027897038, -0.00420123897493, 0.00824420340359, -0.00272740446962, -0.000319205428241, -0.00342134572566, 0.0031018385198, -0.0048856837675, 0.00257355999202, 0.000265978189418, -0.000186186720384], [-0.000925486790948, 0.00404339469969, -0.00247925939038, 0.000841759028845, -0.00272740446962, 0.00793148297817, -0.00345389475115, 0.00114329205826, -0.000979371368885, 0.00265119597316, -0.00219038734213, 0.00063061050605, 0.000635781732854], [0.000565605645534, -0.00262240623124, 0.00274969707243, -0.00130230060313, -0.000319205428241, -0.00345389475115, 0.00771935051307, -0.00278241629712, 0.000160907002282, -0.00121546362061, -0.00021306493727, -0.00160436064471, 0.000916728400625], [-0.000691280001774, 0.00326435174793, -0.00269517372362, 0.00333369872533, -0.00342134572566, 0.00114329205826, -0.00278241629712, 0.013547972776, -0.00545853050426, 0.00132294313516, -0.00227952841669, 0.0046622552909, -0.00338444602676], [0.000391325564124, -0.00194199150428, 0.00129192543682, -0.00291839055717, 0.0031018385198, -0.000979371368885, 0.000160907002282, -0.00545853050426, 0.0116820242256, -0.00576063431799, 0.00248366501182, -0.00337258609943, 0.00254943431355], [7.52033429308e-06, 0.00295520853251, -0.00145629327744, 0.00226978748105, -0.0048856837675, 0.00265119597316, -0.00121546362061, 0.00132294313516, -0.00576063431799, 0.0166308879852, -0.00737311737612, 0.00101988809183, -0.00059660943225], [-0.00112433440518, -0.00109740055632, -0.000433248700574, 0.000631860806607, 0.00257355999202, -0.00219038734213, -0.00021306493727, -0.00227952841669, 0.00248366501182, -0.00737311737612, 0.0178090762347, -0.00719670020044, -0.000224368952331], [0.000993050751276, -0.000201365750399, 0.00024676322937, -0.0015448757913, 0.000265978189418, 0.00063061050605, -0.00160436064471, 0.0046622552909, -0.00337258609943, 0.00101988809183, -0.00719670020044, 0.0216566324234, -0.00814831536263], [-0.000458901049569, 0.000389053748222, -0.000459842762211, -0.000305184832541, -0.000186186720384, 0.000635781732854, 0.000916728400625, -0.00338444602676, 0.00254943431355, -0.00059660943225, -0.000224368952331, -0.00814831536263, 0.0171048641205]]
    },
    "melbands": {
        "dmean": [0.00382576580159, 0.00281065399759, 0.00135577202309, 0.000530241406523, 0.00029010680737, 0.000328723894199, 0.000402314035455, 0.000253378850175, 0.000140146919875, 0.000145884478115, 0.000172126790858, 0.000123139718198, 7.36250513e-05, 5.81999120186e-05, 4.65613156848e-05, 3.11747862725e-05, 3.49102847395e-05, 2.37033636949e-05, 1.40141737575e-05, 1.33629673655e-05, 1.13070072985e-05, 1.04684677353e-05, 7.61221599532e-06, 7.37697791919e-06, 5.19551622347e-06, 4.29327701568e-06, 4.00982344217e-06, 4.6246459533e-06, 3.71900796381e-06, 2.99274438476e-06, 2.50067864727e-06, 2.04763477996e-06, 2.1766034024e-06, 2.2732749585e-06, 2.22836115427e-06, 1.58911211656e-06, 1.05607739442e-06, 4.82467669372e-07, 1.22595622543e-07, 6.53073062296e-09],
        "dmean2": [0.00631069624797, 0.00459546176717, 0.00239108945243, 0.000925696804188, 0.000468881509732, 0.000544176436961, 0.000657150114421, 0.000407731800806, 0.000225708819926, 0.000235983985476, 0.000270990974968, 0.000189243146451, 0.000115481336252, 9.34193449211e-05, 7.41803378332e-05, 4.95891144965e-05, 5.48066163901e-05, 3.78865370294e-05, 2.24034210987e-05, 2.17930137296e-05, 1.86686356756e-05, 1.74109245563e-05, 1.26944987642e-05, 1.20910681289e-05, 8.56144652062e-06, 7.11755046723e-06, 6.54417453916e-06, 7.41567646401e-06, 5.99239683652e-06, 4.8532801884e-06, 4.02579416914e-06, 3.25351675201e-06, 3.4632439565e-06, 3.61149318451e-06, 3.60651256415e-06, 2.58833006228e-06, 1.73862019892e-06, 7.64039498335e-07, 1.91547783857e-07, 1.02959756276e-08],
        "dvar": [4.93653715239e-05, 3.46634187736e-05, 1.52522679855e-05, 1.59714943493e-06, 5.34475134373e-07, 5.09242511271e-07, 7.65305287587e-07, 3.69785055909e-07, 1.01884850778e-07, 8.96812792917e-08, 1.04648897548e-07, 7.82039961678e-08, 3.79430495911e-08, 2.10026964709e-08, 1.32778747997e-08, 4.46002479393e-09, 7.34136262892e-09, 2.7566402494e-09, 8.73879746344e-10, 6.04825911577e-10, 3.9693687226e-10, 2.9911173538e-10, 1.38310973785e-10, 1.46155823555e-10, 6.49231710059e-11, 4.14771827995e-11, 3.99644692339e-11, 7.60203289207e-11, 6.94424934222e-11, 2.77901417156e-11, 2.01903910257e-11, 1.32997640678e-11, 1.70645424874e-11, 1.87130987789e-11, 1.73075720422e-11, 1.07836595556e-11, 6.61937605423e-12, 1.08552327283e-12, 7.4326253431e-14, 8.25765538136e-16],
        "dvar2": [0.000124864469399, 8.84380497155e-05, 4.23484816565e-05, 4.40059693574e-06, 1.27733767386e-06, 1.2972316199e-06, 1.91776871361e-06, 9.58504756454e-07, 2.36571835899e-07, 2.25068404802e-07, 2.50886472486e-07, 1.83074419624e-07, 9.27080776592e-08, 5.17796330257e-08, 3.2016650664e-08, 1.07245092806e-08, 1.72444085678e-08, 6.73435440746e-09, 2.13745465771e-09, 1.51714674157e-09, 1.0233488501e-09, 7.94723231667e-10, 3.74265812786e-10, 3.66460223278e-10, 1.6871251618e-10, 1.06141283263e-10, 1.0253878302e-10, 1.8364301746e-10, 1.86639204092e-10, 7.10669023629e-11, 5.08460287763e-11, 3.13509530836e-11, 4.19167617283e-11, 4.6878268628e-11, 4.54061996336e-11, 2.85286516633e-11, 1.80864941079e-11, 2.87054342969e-12, 1.95894312599e-13, 2.20512407027e-15],
        "max": [0.0695067495108, 0.0597542896867, 0.0430935993791, 0.0157999079674, 0.0146546270698, 0.0127659039572, 0.0119374701753, 0.0119426585734, 0.00583295430988, 0.00483556091785, 0.00500213028863, 0.00814611837268, 0.00726707652211, 0.00353470281698, 0.00277964957058, 0.00142345554195, 0.00262972014025, 0.00135551509447, 0.000686591200065, 0.000570230593439, 0.000576819293201, 0.000436255708337, 0.00020206978661, 0.000258131738519, 0.000217675769818, 0.000101073419501, 0.000150444611791, 0.000235586092458, 0.000332068972057, 0.000111663743155, 0.00014108553296, 7.71252380218e-05, 0.00010971041047, 9.35007992666e-05, 6.83790422045e-05, 6.2574610638e-05, 4.08195592172e-05, 2.01978473342e-05, 5.39318079973e-06, 7.04665808371e-07],
        "mean": [0.00595483230427, 0.00434279115871, 0.00126737810206, 0.0006021654699, 0.000453032378573, 0.000456956535345, 0.000566179398447, 0.000384860002669, 0.000218855944695, 0.000234208535403, 0.000293489225442, 0.000214416882955, 0.000135589274578, 0.00010008236859, 7.78272442403e-05, 5.37263113074e-05, 5.82864850003e-05, 4.048021583e-05, 2.4532981115e-05, 2.36289361055e-05, 2.00664489967e-05, 1.93076393771e-05, 1.47990704136e-05, 1.41202172017e-05, 1.02646927189e-05, 8.7959715529e-06, 8.14730901766e-06, 9.06593686523e-06, 7.59096656111e-06, 6.23454843662e-06, 5.38817221241e-06, 4.56767929791e-06, 4.72387728223e-06, 4.94890355185e-06, 4.56414090877e-06, 3.10925497615e-06, 1.92121183318e-06, 9.26342636376e-07, 2.0732082362e-07, 7.39298311458e-09],
        "median": [0.00347241736017, 0.00229718885385, 0.00041523220716, 0.000229081022553, 0.000148683233419, 0.000166913785506, 0.000162702446687, 0.000108763080789, 7.65954318922e-05, 8.89436196303e-05, 0.000110298402433, 6.5173881012e-05, 3.72505892301e-05, 2.75240327028e-05, 2.74706217169e-05, 2.23565275519e-05, 2.09134832403e-05, 1.59249429998e-05, 1.32618606585e-05, 1.41067921504e-05, 1.20609774967e-05, 1.20610447993e-05, 9.76167211775e-06, 9.06409331947e-06, 6.68121174385e-06, 5.73285251448e-06, 5.30318220626e-06, 5.02179136674e-06, 4.30911040894e-06, 3.85930388802e-06, 3.44020349985e-06, 3.05539833789e-06, 3.22588152812e-06, 3.30943680638e-06, 2.85688088297e-06, 1.94542053578e-06, 1.05082506252e-06, 5.26942926626e-07, 8.06538125175e-08, 6.23225249186e-10],
        "min": [2.65078109804e-24, 1.24911990711e-23, 1.02345496446e-23, 3.77858575473e-24, 4.89116007115e-24, 1.18678435503e-23, 5.62690460504e-24, 8.84862831918e-24, 3.75795822535e-24, 1.33916396182e-23, 8.68382423202e-24, 7.72158589933e-24, 8.15475257783e-24, 7.44451507245e-24, 1.95762854493e-23, 1.17399715642e-23, 5.02520568274e-24, 5.02936968503e-24, 1.03766305933e-23, 4.55671617949e-24, 9.84572878185e-24, 1.0963133688e-23, 6.66023981567e-24, 9.05785868593e-24, 7.94705102351e-24, 6.84172436667e-24, 1.12179294495e-23, 9.34547816083e-24, 8.65778156696e-24, 7.16235214843e-24, 8.9847517904e-24, 6.17266776712e-24, 7.06005424396e-24, 8.89318476082e-24, 7.87507850996e-24, 1.03430172302e-23, 8.11869926788e-24, 9.73652124472e-24, 8.95148079286e-24, 8.6217606003e-24],
        "var": [6.44994725008e-05, 4.12752669945e-05, 1.03779693745e-05, 1.36198582368e-06, 1.10125961328e-06, 7.29537077859e-07, 1.15031400583e-06, 6.65882396333e-07, 1.8720319872e-07, 1.68933269151e-07, 2.334026874e-07, 1.85838146649e-07, 1.00885600318e-07, 5.3562430935e-08, 3.03034184412e-08, 9.68686375558e-09, 1.47406513662e-08, 5.9146594289e-09, 1.84302617612e-09, 1.07829889462e-09, 7.3962597158e-10, 5.78775694038e-10, 2.69154448729e-10, 3.10627662481e-10, 1.4134177162e-10, 9.62880122857e-11, 8.56139742433e-11, 1.71981970332e-10, 1.14980067134e-10, 6.21554890889e-11, 4.60879910624e-11, 3.3136136196e-11, 3.42715474055e-11, 3.80084991258e-11, 3.19372514546e-11, 1.55671534691e-11, 7.74662365505e-12, 1.64135003332e-12, 1.14809569729e-13, 7.74476157932e-16]
    },
    "mfcc": {
        "mean": [-627.106689453, 126.986747742, -6.25010156631, 33.5674781799, -15.0526294708, 24.1717453003, -12.185915947, 24.9125442505, -6.56757116318, 18.5433311462, -6.59670829773, 12.2949333191, -5.97050952911],
        "cov": [[3877.93847656, -937.71307373, 366.61630249, 306.875091553, -26.640209198, 395.301086426, 41.9797554016, 298.413482666, -198.216491699, 181.817626953, -189.485992432, 287.101013184, -73.4761276245], [-937.71307373, 973.038024902, 103.186737061, 95.4366760254, 162.103805542, -94.458694458, 64.521232605, -61.3143844604, 43.4897232056, -39.7941589355, 74.5994110107, -90.9444503784, 53.2412338257], [366.61630249, 103.186737061, 974.683410645, 330.81817627, 269.55090332, 111.869598389, -40.2402915955, 53.2587051392, -53.668006897, -28.4409999847, -19.3990955353, 32.1981124878, 8.99471473694], [306.875091553, 95.4366760254, 330.81817627, 419.729003906, 179.483184814, 128.430252075, 25.1856136322, 58.8510169983, 11.9411497116, 17.3415603638, -2.76650524139, 41.3299713135, 8.13759326935], [-26.640209198, 162.103805542, 269.55090332, 179.483184814, 311.505432129, 63.4709396362, 46.4081878662, 2.28380465508, 51.2566452026, -9.68727588654, 35.6216201782, 2.94668865204, 30.3552112579], [395.301086426, -94.458694458, 111.869598389, 128.430252075, 63.4709396362, 254.251785278, 87.1528244019, 96.42237854, 7.69055747986, 39.4288787842, 14.6284246445, 49.6806297302, -4.1645154953], [41.9797554016, 64.521232605, -40.2402915955, 25.1856136322, 46.4081878662, 87.1528244019, 210.483474731, 51.9070854187, 43.5543823242, 25.3443660736, 36.68201828, 17.1625080109, 11.4600048065], [298.413482666, -61.3143844604, 53.2587051392, 58.8510169983, 2.28380465508, 96.42237854, 51.9070854187, 147.66986084, 19.7525215149, 50.837852478, 2.2827899456, 30.9323692322, -1.71697962284], [-198.216491699, 43.4897232056, -53.668006897, 11.9411497116, 51.2566452026, 7.69055747986, 43.5543823242, 19.7525215149, 134.978790283, 34.4113578796, 59.8681373596, 1.41639959812, 24.5815200806], [181.817626953, -39.7941589355, -28.4409999847, 17.3415603638, -9.68727588654, 39.4288787842, 25.3443660736, 50.837852478, 34.4113578796, 115.28289032, 30.8334732056, 39.0136451721, 2.24584269524], [-189.485992432, 74.5994110107, -19.3990955353, -2.76650524139, 35.6216201782, 14.6284246445, 36.68201828, 2.2827899456, 59.8681373596, 30.8334732056, 117.692298889, 24.9496116638, 33.9469718933], [287.101013184, -90.9444503784, 32.1981124878, 41.3299713135, 2.94668865204, 49.6806297302, 17.1625080109, 30.9323692322, 1.41639959812, 39.0136451721, 24.9496116638, 121.683486938, 31.0482120514], [-73.4761276245, 53.2412338257, 8.99471473694, 8.13759326935, 30.3552112579, -4.1645154953, 11.4600048065, -1.71697962284, 24.5815200806, 2.24584269524, 33.9469718933, 31.0482120514, 87.8390045166]],
