{
"lowlevel": {
    "average_loudness": 0.116294644773,
    "barkbands_crest": {
        "dmean": 2.16162848473,
        "dmean2": 3.49384355545,
        "dvar": 4.11805343628,
        "dvar2": 10.4295549393,
        "max": 26.2106819153,
        "mean": 11.2230167389,
        "median": 10.3810768127,
        "min": 2.86675691605,
        "var": 19.3025722504
    },
    "barkbands_flatness_db": {
        "dmean": 0.0180152524263,
        "dmean2": 0.0278581529856,
        "dvar": 0.000294269557344,
        "dvar2": 0.00066376873292,
        "max": 0.532899081707,
        "mean": 0.238788947463,
        "median": 0.229952156544,
        "min": 0.0364361852407,
        "var": 0.00365930749103
    },
    "barkbands_kurtosis": {
        "dmean": 2.69308853149,
        "dmean2": 4.15156078339,
        "dvar": 55.7766799927,
        "dvar2": 134.138137817,
        "max": 260.584899902,
        "mean": 5.92418384552,
        "median": 2.81799125671,
        "min": -1.93804657459,
        "var": 162.366867065
    },
    "barkbands_skewness": {
        "dmean": 0.41671872139,
        "dmean2": 0.63564735651,
        "dvar": 0.28102645278,
        "dvar2": 0.606783926487,
        "max": 14.3177480698,
        "mean": 1.58549892902,
        "median": 1.3679741621,
        "min": -2.98986434937,
        "var": 1.7021664381
    },
    "barkbands_spread": {
        "dmean": 2.7822728157,
        "dmean2": 4.2320933342,
        "dvar": 23.1963710785,
        "dvar2": 45.4710540771,
        "max": 89.2268981934,
        "mean": 12.6380319595,
        "median": 9.61378765106,
        "min": 0.371770888567,
        "var": 103.793395996
    },
    "dissonance": {
        "dmean": 0.0259506050497,
        "dmean2": 0.0439269430935,
        "dvar": 0.000576270394959,
        "dvar2": 0.0015569597017,
        "max": 0.499999910593,
        "mean": 0.437702059746,
        "median": 0.446295171976,
        "min": 0.193303346634,
        "var": 0.00207577156834
    },
    "dynamic_complexity": 7.24898004532,
    "erbbands_crest": {
        "dmean": 2.44377541542,
        "dmean2": 3.89825940132,
        "dvar": 5.16217088699,
        "dvar2": 12.5040245056,
        "max": 30.7745399475,
        "mean": 11.2155380249,
        "median": 10.2294158936,
        "min": 2.54635477066,
        "var": 23.1590614319
    },
    "erbbands_flatness_db": {
        "dmean": 0.0136373396963,
        "dmean2": 0.0202366039157,
        "dvar": 0.000180421382538,
        "dvar2": 0.000346056942362,
        "max": 0.514536798,
        "mean": 0.265177369118,
        "median": 0.258201420307,
        "min": 0.0656696036458,
        "var": 0.00326032703742
    },
    "erbbands_kurtosis": {
        "dmean": 1.07830536366,
        "dmean2": 1.65936517715,
        "dvar": 2.2748439312,
        "dvar2": 4.66561555862,
        "max": 41.4165840149,
        "mean": 1.74913418293,
        "median": 0.892654895782,
        "min": -1.84685695171,
        "var": 11.7082891464
    },
    "erbbands_skewness": {
        "dmean": 0.327423453331,
        "dmean2": 0.498401045799,
        "dvar": 0.11155898869,
        "dvar2": 0.224830582738,
        "max": 5.44668292999,
        "mean": 0.900571286678,
        "median": 0.906160116196,
        "min": -3.66311693192,
        "var": 0.662180662155
    },
    "erbbands_spread": {
        "dmean": 4.68130302429,
        "dmean2": 7.20059108734,
        "dvar": 45.9449958801,
        "dvar2": 97.1453475952,
        "max": 117.341529846,
        "mean": 24.8388977051,
        "median": 21.2188434601,
        "min": 1.34119260311,
        "var": 224.421264648
    },
    "hfc": {
        "dmean": 2.38819241524,
        "dmean2": 3.59100604057,
        "dvar": 21.7107372284,
        "dvar2": 50.1225814819,
        "max": 85.3780822754,
        "mean": 11.1525363922,
        "median": 3.63876533508,
        "min": 1.19541773081e-16,
        "var": 229.280838013
    },
    "melbands_crest": {
        "dmean": 2.73425269127,
        "dmean2": 4.41287660599,
        "dvar": 6.83864974976,
        "dvar2": 17.136554718,
        "max": 34.6056556702,
        "mean": 14.8835983276,
        "median": 13.6379165649,
        "min": 1.86473858356,
        "var": 33.7021141052
    },
    "melbands_flatness_db": {
        "dmean": 0.0204703211784,
        "dmean2": 0.029585916549,
        "dvar": 0.000423843273893,
        "dvar2": 0.000828736054245,
        "max": 0.657276153564,
        "mean": 0.288053750992,
        "median": 0.27408093214,
        "min": 0.00469654332846,
        "var": 0.00783531088382
    },
    "melbands_kurtosis": {
        "dmean": 4.51091575623,
        "dmean2": 7.07550477982,
        "dvar": 140.526779175,
        "dvar2": 335.825012207,
        "max": 363.620635986,
        "mean": 10.9218711853,
        "median": 5.46005630493,
        "min": -1.8423563242,
        "var": 518.274353027
    },
    "melbands_skewness": {
        "dmean": 0.497046589851,
        "dmean2": 0.771013379097,
        "dvar": 0.373482942581,
        "dvar2": 0.846593677998,
        "max": 15.438949585,
        "mean": 2.0621843338,
        "median": 1.73065185547,
        "min": -1.49496567249,
        "var": 2.47005653381
    },
    "melbands_spread": {
        "dmean": 3.78652739525,
        "dmean2": 5.71408128738,
        "dvar": 65.4264221191,
        "dvar2": 115.571655273,
        "max": 187.452926636,
        "mean": 16.1545181274,
        "median": 12.1739521027,
        "min": 0.369582027197,
        "var": 245.878189087
    },
    "pitch_salience": {
        "dmean": 0.0572453327477,
        "dmean2": 0.092625670135,
        "dvar": 0.00286252819933,
        "dvar2": 0.00696325628087,
        "max": 0.904157221317,
        "mean": 0.552220761776,
        "median": 0.560607135296,
        "min": 0.0676737502217,
        "var": 0.0154950553551
    },
    "silence_rate_20dB": {
        "dmean": 0,
        "dmean2": 0,
        "dvar": 0,
        "dvar2": 0,
        "max": 1,
        "mean": 1,
        "median": 1,
        "min": 1,
        "var": 0
    },
    "silence_rate_30dB": {
        "dmean": 0.00285680266097,
        "dmean2": 0.00571428565308,
        "dvar": 0.00284856092185,
        "dvar2": 0.00734856072813,
        "max": 1,
        "mean": 0.997143566608,
        "median": 1,
        "min": 0,
        "var": 0.0028482559137
    },
    "silence_rate_60dB": {
        "dmean": 0.0378526374698,
        "dmean2": 0.0757142826915,
        "dvar": 0.0364209711552,
        "dvar2": 0.081652007997,
        "max": 1,
        "mean": 0.35622471571,
        "median": 0,
        "min": 0,
        "var": 0.229348674417
    },
    "spectral_centroid": {
        "dmean": 147.533798218,
        "dmean2": 217.807449341,
        "dvar": 76676.78125,
        "dvar2": 121236.859375,
        "max": 11231.8994141,
        "mean": 965.251220703,
        "median": 785.882202148,
        "min": 209.919570923,
        "var": 395735.53125
    },
    "spectral_complexity": {
        "dmean": 1.57600283623,
        "dmean2": 2.61761903763,
        "dvar": 3.30910515785,
        "dvar2": 8.12735843658,
        "max": 40,
        "mean": 10.9567956924,
        "median": 9,
        "min": 0,
        "var": 74.1832885742
    },
    "spectral_decrease": {
        "dmean": 9.04250785361e-10,
        "dmean2": 1.37905697972e-09,
        "dvar": 2.49227740124e-18,
        "dvar2": 5.86850027098e-18,
        "max": 7.3702883411e-29,
        "mean": -4.19014956066e-09,
        "median": -1.65902580562e-09,
        "min": -3.91345338357e-08,
        "var": 2.9443897568e-17
    },
    "spectral_energy": {
        "dmean": 0.0035758165177,
        "dmean2": 0.00546195684001,
        "dvar": 3.87998152291e-05,
        "dvar2": 9.13435942493e-05,
        "max": 0.152621597052,
        "mean": 0.0168261565268,
        "median": 0.00670033227652,
        "min": 1.06961917216e-20,
        "var": 0.000471375678899
    },
    "spectral_energyband_high": {
        "dmean": 9.39579040278e-05,
        "dmean2": 0.000134126094053,
        "dvar": 1.29470507204e-07,
        "dvar2": 2.39872321117e-07,
        "max": 0.0102090705186,
        "mean": 0.00023691856768,
        "median": 2.64989284915e-05,
        "min": 7.72923461263e-21,
        "var": 4.02680711886e-07
    },
    "spectral_energyband_low": {
        "dmean": 0.00133073271718,
        "dmean2": 0.00215358869173,
        "dvar": 1.39003723234e-05,
        "dvar2": 3.6241759517e-05,
        "max": 0.102491907775,
        "mean": 0.0038564405404,
        "median": 0.000409791187849,
        "min": 2.78515546742e-23,
        "var": 6.86150742695e-05
    },
    "spectral_energyband_middle_high": {
        "dmean": 0.000921616621781,
        "dmean2": 0.00138749415055,
        "dvar": 4.3200179789e-06,
        "dvar2": 9.99180520012e-06,
        "max": 0.0399054288864,
        "mean": 0.00328321265988,
        "median": 0.000742175092455,
        "min": 1.5973187814e-21,
        "var": 2.85117639578e-05
    },
    "spectral_energyband_middle_low": {
        "dmean": 0.00264733773656,
        "dmean2": 0.0039973994717,
        "dvar": 2.20792680921e-05,
        "dvar2": 5.01023605466e-05,
        "max": 0.104248382151,
        "mean": 0.00964981131256,
        "median": 0.00388358347118,
        "min": 2.13596219614e-22,
        "var": 0.000151821979671
    },
    "spectral_entropy": {
        "dmean": 0.12742215395,
        "dmean2": 0.18497350812,
        "dvar": 0.0180138498545,
        "dvar2": 0.030823091045,
        "max": 9.81009483337,
        "mean": 6.99187850952,
        "median": 7.03822803497,
        "min": 4.39917802811,
        "var": 0.339998602867
    },
    "spectral_flux": {
        "dmean": 0.0122769083828,
        "dmean2": 0.0198347531259,
        "dvar": 0.000285196147161,
        "dvar2": 0.000714583031368,
        "max": 0.254292607307,
        "mean": 0.0456461310387,
        "median": 0.0337982028723,
        "min": 6.73224878622e-11,
        "var": 0.00162617873866
    },
    "spectral_kurtosis": {
        "dmean": 5.50181531906,
        "dmean2": 9.41433143616,
        "dvar": 78.8496932983,
        "dvar2": 207.787338257,
        "max": 181.143478394,
        "mean": 10.08710289,
        "median": 4.5939912796,
        "min": -1.30966818333,
        "var": 302.972595215
    },
    "spectral_rms": {
        "dmean": 0.000375512958271,
        "dmean2": 0.000563100446016,
        "dvar": 2.32179928616e-07,
        "dvar2": 5.09876542765e-07,
        "max": 0.0122024230659,
        "mean": 0.00324405357242,
        "median": 0.00255673797801,
        "min": 3.23037300035e-12,
        "var": 5.89189539824e-06
    },
    "spectral_rolloff": {
        "dmean": 242.820877075,
        "dmean2": 404.296020508,
        "dvar": 385832.96875,
        "dvar2": 714016.375,
        "max": 18863.0859375,
        "mean": 1059.61853027,
        "median": 775.1953125,
        "min": 64.599609375,
        "var": 1157866.5
    },
    "spectral_skewness": {
        "dmean": 0.454720169306,
        "dmean2": 0.768838107586,
        "dvar": 0.30225533247,
        "dvar2": 0.849621713161,
        "max": 10.6029129028,
        "mean": 1.82481241226,
        "median": 1.53343105316,
        "min": -0.657442092896,
        "var": 1.47030103207
    },
    "spectral_spread": {
        "dmean": 286645.40625,
        "dmean2": 436772.8125,
        "dvar": 279113629696,
        "dvar2": 382342070272,
        "max": 41885660,
        "mean": 2837367.5,
        "median": 2753105.25,
        "min": 421272.5,
        "var": 1.88682207232e+12
    },
    "spectral_strongpeak": {
        "dmean": 0.368335455656,
        "dmean2": 0.612906455994,
        "dvar": 0.466132283211,
        "dvar2": 1.16705667973,
        "max": 8.51264667511,
        "mean": 0.882932841778,
        "median": 0.422583699226,
        "min": 0,
        "var": 1.20759308338
    },
    "zerocrossingrate": {
        "dmean": 0.00563287455589,
        "dmean2": 0.0066221980378,
        "dvar": 0.000122309094877,
        "dvar2": 0.000127080260427,
        "max": 0.50732421875,
        "mean": 0.0406687371433,
        "median": 0.0341796875,
        "min": 0.00244140625,
        "var": 0.000845402188133
    },
    "barkbands": {
        "dmean": [0.00013936815958, 0.00104711449239, 0.000329797010636, 0.000178092028364, 0.00080229685409, 0.000625746091828, 0.000749856932089, 0.000901339866687, 0.00095757789677, 0.000405958620831, 0.000223611335969, 0.000331315532094, 0.000218915884034, 0.000137676121085, 9.02621541172e-05, 0.000139843206853, 9.24282285268e-05, 3.24138163705e-05, 9.92740751826e-05, 3.63119324902e-05, 3.54279000021e-05, 3.54606090696e-05, 2.94220899377e-05, 1.1227691175e-05, 1.33387047185e-07, 9.4779151194e-10, 8.97365237673e-10],
        "dmean2": [0.000228859717026, 0.00168534787372, 0.000548522511963, 0.000295859499602, 0.00126693933271, 0.000888877897523, 0.00117857172154, 0.00134275096934, 0.00149062951095, 0.000622858759016, 0.000355831958586, 0.00051538425032, 0.000342973304214, 0.000215401843889, 0.00014381078654, 0.000221518261242, 0.000147192840814, 5.3037510952e-05, 0.000149059138494, 5.75241429033e-05, 5.51317898498e-05, 5.26573421666e-05, 4.27725244663e-05, 1.57774920808e-05, 1.95024043137e-07, 1.77334058549e-09, 1.68199243422e-09],
        "dvar": [2.12788705767e-07, 1.09619031718e-05, 6.40126586404e-07, 2.91545489972e-07, 2.51436858889e-06, 3.60264152732e-06, 4.41247493654e-06, 6.78792048348e-06, 6.81650408296e-06, 1.29128272874e-06, 5.62062382414e-07, 1.05228082248e-06, 5.86149951687e-07, 3.21927331015e-07, 1.43003219932e-07, 2.09323872014e-07, 1.60496796298e-07, 9.94389548481e-09, 9.35821233838e-08, 1.21835928013e-08, 1.76699899157e-08, 1.43460505697e-08, 2.11869970457e-08, 3.51785112152e-09, 2.25813053152e-12, 3.85740233548e-16, 2.38112475827e-16],
        "dvar2": [5.37257392352e-07, 2.92797212751e-05, 1.68844849213e-06, 7.96780739165e-07, 6.35061542198e-06, 6.0455795392e-06, 1.03575321191e-05, 1.46714128277e-05, 1.63395270647e-05, 2.69462543656e-06, 1.46989555105e-06, 2.34723279391e-06, 1.38223185786e-06, 7.83176858477e-07, 3.40053503578e-07, 4.96580582876e-07, 4.01784888027e-07, 2.44426026086e-08, 1.97774056687e-07, 2.83487580077e-08, 4.01338020595e-08, 2.97920319525e-08, 4.14418650507e-08, 6.80804213005e-09, 5.34357801063e-12, 1.15726659924e-15, 7.14521789497e-16],
        "max": [0.0150206517428, 0.0863291099668, 0.0201924294233, 0.0147316865623, 0.0347573906183, 0.0697433501482, 0.0541049465537, 0.0680069252849, 0.064296670258, 0.0286182686687, 0.0250826273113, 0.0292444061488, 0.0193649530411, 0.0246677268296, 0.0127780633047, 0.0147307273, 0.0127430437133, 0.00285152578726, 0.00947137642652, 0.00390222691931, 0.00536365061998, 0.00322376354598, 0.00514849508181, 0.00297952676192, 8.10121709947e-05, 1.27092084767e-06, 9.96985022539e-07],
        "mean": [0.000345259148162, 0.00261191092432, 0.000777011446189, 0.00028752637445, 0.00195287144743, 0.00134585611522, 0.00172023219056, 0.00202847551554, 0.0020787070971, 0.000790716672782, 0.000416239839979, 0.000666130508762, 0.000403853307944, 0.000225565003348, 0.000158257913426, 0.000271702330792, 0.000169999024365, 6.95696362527e-05, 0.000220157351578, 6.86336570652e-05, 6.9892143074e-05, 7.39927927498e-05, 5.35445033165e-05, 1.98854068003e-05, 1.42901868116e-07, 8.98596919097e-10, 8.88589923864e-10],
        "median": [7.34105583433e-07, 6.86290950398e-05, 0.000120154370961, 4.18197960244e-05, 0.000767944962718, 0.000202548922971, 0.000301189138554, 0.000183060605195, 0.00027923489688, 0.000134427275043, 7.5522082625e-05, 6.27779372735e-05, 4.93579464091e-05, 3.85091552744e-05, 2.8863627449e-05, 2.78346615232e-05, 1.63446966326e-05, 8.5634746938e-06, 1.24511898321e-05, 7.64591459301e-06, 6.28389443591e-06, 7.62879881222e-06, 3.23104131894e-06, 2.67010392463e-07, 3.34616834241e-10, 3.66432717502e-10, 3.71700836777e-10],
        "min": [2.61320272274e-24, 5.71073212027e-24, 7.72945636458e-24, 4.73867128601e-24, 1.79341058143e-23, 2.12112264966e-23, 4.25362446011e-23, 2.34659866012e-23, 3.6078963708e-23, 3.74373916531e-23, 6.50968397642e-23, 5.44162941962e-23, 5.6101118074e-23, 1.00292405476e-22, 6.43597723105e-23, 1.06745325546e-22, 1.24879546439e-22, 1.01507686721e-22, 2.13809956743e-22, 3.03561754265e-22, 3.27222053084e-22, 4.93095621055e-22, 4.75906026386e-22, 6.49071218719e-22, 1.15068951629e-21, 1.58571341317e-21, 2.3282411979e-21],
        "var": [9.22732851905e-07, 4.41356314695e-05, 2.87416173705e-06, 5.49522724214e-07, 8.4007233454e-06, 1.28001565827e-05, 1.40558277053e-05, 2.71557946689e-05, 2.57125284406e-05, 3.98790507461e-06, 1.14297995424e-06, 3.59813293471e-06, 1.42041585605e-06, 5.27021825292e-07, 2.55486924061e-07, 6.98069072769e-07, 3.15116210459e-07, 2.449117531e-08, 3.7317818169e-07, 2.72782454402e-08, 3.39844845598e-08, 3.73391451092e-08, 5.32341140058e-08, 8.5290654539e-09, 2.4315013978e-12, 1.93488874342e-16, 1.19616854611e-16]
    },
    "erbbands": {
        "dmean": [0.0477573722601, 0.176543906331, 0.344949603081, 0.468378692865, 1.55274689198, 2.79942345619, 4.32281827927, 5.73159837723, 10.1602840424, 12.221818924, 20.1309089661, 21.609708786, 16.0805625916, 9.40665340424, 10.486114502, 11.0638017654, 9.54734897614, 7.13446044922, 4.81045484543, 5.05511713028, 7.95076847076, 4.20320224762, 1.63860487938, 3.05524086952, 4.91972541809, 1.29336774349, 1.036267519, 1.59833705425, 1.33045363426, 1.00839972496, 0.791552603245, 0.386429011822, 0.0978056043386, 0.00639904057607, 0.000218254892388, 2.20475485548e-05, 5.29034059582e-06, 1.59166916092e-06, 1.98389852812e-06, 4.1148928176e-06],
        "dmean2": [0.0750572383404, 0.29487490654, 0.564853966236, 0.793216645718, 2.48430943489, 4.5092663765, 6.61053514481, 8.07994174957, 15.9978666306, 18.5443115234, 29.7942409515, 33.5244216919, 24.1067714691, 14.548365593, 16.2613525391, 16.8447437286, 14.7305641174, 11.1415605545, 7.31154108047, 7.91532087326, 12.6640434265, 6.68721675873, 2.66257762909, 4.6780834198, 7.29723787308, 2.00011014938, 1.63049244881, 2.47483801842, 1.98979449272, 1.47126972675, 1.14364528656, 0.556909203529, 0.129543334246, 0.0083452006802, 0.000288859591819, 3.05570210912e-05, 7.84343501437e-06, 2.42771034209e-06, 3.02936996377e-06, 6.28823681836e-06],
        "dvar": [0.0271164625883, 0.279555797577, 0.795759081841, 1.64582312107, 14.7206029892, 34.1829338074, 121.487136841, 425.479156494, 862.924194336, 1298.12915039, 3177.81347656, 4496.60058594, 1987.83496094, 755.365356445, 948.939453125, 1311.57800293, 1035.82971191, 968.405334473, 263.392089844, 529.916748047, 619.677978516, 337.267059326, 18.1403198242, 128.314117432, 216.562820435, 11.1878757477, 13.4218978882, 32.6262779236, 21.4007320404, 21.0353031158, 15.4680452347, 4.21081352234, 0.230696499348, 0.00153254414909, 1.45853300637e-06, 1.45037715171e-08, 1.67329938794e-09, 2.03963901324e-10, 2.09497384718e-11, 5.02544672543e-11],
        "dvar2": [0.0665933340788, 0.815365672112, 2.05924630165, 4.61934900284, 39.3750762939, 88.0185546875, 263.917572021, 707.086669922, 2071.74902344, 2972.10229492, 6922.02685547, 10666.7578125, 4242.17675781, 1846.13696289, 2406.05517578, 2800.09838867, 2351.10888672, 2444.65869141, 526.077453613, 1228.59484863, 1501.42224121, 823.766967773, 44.4854927063, 271.893920898, 467.767456055, 25.303155899, 31.1918468475, 73.1870193481, 46.5213241577, 43.4490280151, 29.219121933, 8.29885005951, 0.354590326548, 0.00251317257062, 2.43602084993e-06, 3.04830969355e-08, 4.63414151497e-09, 5.85131942898e-10, 5.47614419089e-11, 1.189915666e-10],
        "max": [5.37126779556, 12.161272049, 25.6628761292, 31.9594287872, 92.4510421753, 137.608642578, 296.685852051, 792.226379395, 800.733154297, 1235.84289551, 1144.1036377, 2013.38720703, 1287.93896484, 957.759460449, 1002.12768555, 1437.17382812, 936.989074707, 1466.56860352, 532.830444336, 651.393371582, 682.906555176, 606.622070312, 97.3241577148, 514.188415527, 538.762451172, 78.6876068115, 135.307769775, 163.151168823, 147.026199341, 155.017471313, 126.834991455, 102.810119629, 19.3745193481, 1.65022313595, 0.0486628189683, 0.00482667516917, 0.002423862461, 0.000878696737345, 0.0002016073704, 0.000171002873685],
        "mean": [0.126454994082, 0.385476827621, 0.894114911556, 0.924718797207, 3.26415371895, 6.4834895134, 9.53231811523, 12.5423822403, 22.7673816681, 30.9879665375, 45.0769462585, 45.2389221191, 37.9797782898, 19.1535339355, 22.8597984314, 23.7261867523, 19.8593349457, 13.5676050186, 9.37799072266, 9.68681144714, 16.2399196625, 9.03608417511, 4.16901540756, 7.04067325592, 11.1766719818, 3.06554746628, 2.13541960716, 3.23282694817, 2.78428816795, 1.98847424984, 1.45284569263, 0.702279806137, 0.173305884004, 0.0104388268664, 0.000397144060116, 5.15035753779e-05, 1.52873471961e-05, 4.44479474027e-06, 9.43619943428e-06, 1.97802019102e-05],
        "median": [0.000695440219715, 0.0244596526027, 0.149953693151, 0.261017501354, 0.90804952383, 2.45425987244, 2.02827620506, 1.95861160755, 4.79276657104, 4.93150758743, 6.34182834625, 8.11083698273, 4.68455123901, 5.33246183395, 4.46142101288, 2.48593878746, 2.53127408028, 2.36041498184, 1.88661706448, 1.50377225876, 1.56278276443, 1.04482650757, 0.545639872551, 0.519906520844, 0.674618542194, 0.38861232996, 0.24603664875, 0.237967655063, 0.277547299862, 0.197713315487, 0.0712509155273, 0.0163422226906, 0.00181864679325, 0.000101656929473, 1.88867925317e-05, 8.43477209855e-06, 4.11116616306e-06, 1.06835909719e-06, 3.76326534024e-06, 7.9614446804e-06],
        "min": [1.20658055124e-22, 1.63042276762e-21, 8.77927416119e-21, 3.39937886041e-20, 2.29127817987e-20, 7.71103647759e-20, 8.41279712224e-20, 1.96498059906e-19, 5.34472826634e-19, 5.73891136448e-19, 4.07623904217e-19, 7.85172710434e-19, 1.19512130236e-18, 1.72849852828e-18, 2.23815407538e-18, 2.59188318188e-18, 3.04128048251e-18, 5.4440428794e-18, 3.86719550873e-18, 5.38305361207e-18, 5.45649939225e-18, 7.58656887891e-18, 5.31840158898e-18, 9.27779671674e-18, 1.08869310147e-17, 1.42711188065e-17, 1.26919094216e-17, 1.64016382794e-17, 1.63104713954e-17, 1.23310336814e-17, 1.39346134615e-17, 1.30516113925e-17, 1.09091780372e-17, 1.19240335231e-17, 8.28388048093e-18, 6.1029522079e-18, 2.67341589332e-18, 1.24768170265e-18, 3.59505437967e-19, 3.35770575964e-20],
        "var": [0.124203041196, 0.816361784935, 4.01655769348, 3.2356171608, 39.5216522217, 102.378257751, 403.173339844, 1458.35791016, 1941.33898926, 6769.22558594, 11802.5898438, 14132.2167969, 9401.49511719, 1731.33422852, 2793.88574219, 4675.76708984, 3003.8112793, 1713.8861084, 621.744506836, 1192.59936523, 1898.06494141, 712.01385498, 72.1968460083, 424.643096924, 828.506896973, 37.2738418579, 28.3231067657, 70.8419570923, 53.0363578796, 48.6594619751, 41.0476112366, 10.077091217, 0.709940373898, 0.00405762949958, 3.99696364184e-06, 3.2823738394e-08, 1.80767489866e-09, 1.74234002226e-10, 1.49455212095e-10, 6.42143782592e-10]
    },
    "gfcc": {
        "mean": [-148.25982666, 170.09336853, -167.818405151, 24.8716068268, -68.7812194824, -14.6711463928, -9.92592430115, -23.7936534882, 3.12856507301, -20.4053821564, -3.13628292084, -12.2854413986, -6.34909820557],
        "cov": [[13966.7636719, -1194.63684082, -831.756347656, 1985.62573242, -1322.03759766, 1490.54101562, 160.912780762, 243.912322998, 1113.4284668, -533.747009277, 1004.23010254, -62.0957489014, 362.858032227], [-1194.63684082, 2129.06860352, 814.577636719, -601.599365234, 1169.94262695, -595.364929199, 49.1769638062, 11.5149526596, -235.484542847, 276.250640869, -89.138458252, 96.536491394, 60.9188423157], [-831.756347656, 814.577636719, 1294.45617676, 246.529342651, 285.5362854, 11.9805116653, -135.390045166, -31.363910675, -132.450286865, 124.769973755, -5.6551451683, -31.3518257141, 44.0743179321], [1985.62573242, -601.599365234, 246.529342651, 1223.22558594, -396.014953613, 568.197937012, 140.793365479, -9.17857646942, 278.045013428, -109.432983398, 109.067115784, -22.0538730621, 6.76969242096], [-1322.03759766, 1169.94262695, 285.5362854, -396.014953613, 1104.00598145, -343.399597168, 110.946525574, 185.682128906, -147.768966675, 288.325500488, -74.5816497803, 70.7715530396, 66.1112060547], [1490.54101562, -595.364929199, 11.9805116653, 568.197937012, -343.399597168, 609.88885498, 75.05809021, 79.674659729, 215.86781311, -115.382980347, 138.291610718, -44.1199760437, 23.2178955078], [160.912780762, 49.1769638062, -135.390045166, 140.793365479, 110.946525574, 75.05809021, 330.364074707, 75.1997833252, 67.5364608765, 30.9769210815, -46.6929931641, 50.9619064331, -14.6096887589], [243.912322998, 11.5149526596, -31.363910675, -9.17857646942, 185.682128906, 79.674659729, 75.1997833252, 243.8956604, 52.7293891907, 60.4258232117, 70.077796936, -23.5149517059, 53.4543800354], [1113.4284668, -235.484542847, -132.450286865, 278.045013428, -147.768966675, 215.86781311, 67.5364608765, 52.7293891907, 256.26663208, -29.100353241, 92.1834335327, 28.2165966034, 4.07407712936], [-533.747009277, 276.250640869, 124.769973755, -109.432983398, 288.325500488, -115.382980347, 30.9769210815, 60.4258232117, -29.100353241, 213.343475342, -6.66787862778, 28.526140213, 43.3368377686], [1004.23010254, -89.138458252, -5.6551451683, 109.067115784, -74.5816497803, 138.291610718, -46.6929931641, 70.077796936, 92.1834335327, -6.66787862778, 204.665222168, 7.52507305145, 50.1240730286], [-62.0957489014, 96.536491394, -31.3518257141, -22.0538730621, 70.7715530396, -44.1199760437, 50.9619064331, -23.5149517059, 28.2165966034, 28.526140213, 7.52507305145, 131.225631714, 23.1694602966], [362.858032227, 60.9188423157, 44.0743179321, 6.76969242096, 66.1112060547, 23.2178955078, -14.6096887589, 53.4543800354, 4.07407712936, 43.3368377686, 50.1240730286, 23.1694602966, 126.908714294]],
        "icov": [[0.000300416286336, -0.000598041457124, 0.000536536099389, -0.000463761447463, 0.000483150564833, -0.000228200529818, 0.000124971338664, -0.000120144228276, -0.000352713104803, 0.000234589795582, -0.000742644770071, 0.000421469594585, -0.000730839965399], [-0.000598041457124, 0.00491955596954, -0.00355424196459, 0.00245136627927, -0.0044827144593, 0.00264166085981, -0.00294242054224, 0.00365404644981, -0.00171083863825, 0.00198725587688, -0.000862206914462, 0.000748163147364, 6.37478706267e-06], [0.000536536099389, -0.00355424196459, 0.00387398689054, -0.00248389411718, 0.00272576697171, -0.00218763598241, 0.00284864217974, -0.00220365729183, 0.00194584194105, -0.00188116787467, 0.000266653427389, -0.000306428439217, -0.000273916637525], [-0.000463761447463, 0.00245136627927, -0.00248389411718, 0.0033597976435, -0.0019519503694, 0.000100640776509, -0.0022979050409, 0.00248953700066, -0.00178428122308, 0.000817404303234, 9.98806790449e-05, 0.00054598558927, 0.000157011061674], [0.000483150564833, -0.0044827144593, 0.00272576697171, -0.0019519503694, 0.00632298411801, -0.00167891895398, 0.00217945803888, -0.00519736064598, 0.00215474399738, -0.00334770558402, 0.00144236744381, -0.00175748823676, 0.000206379598239], [-0.000228200529818, 0.00264166085981, -0.00218763598241, 0.000100640776509, -0.00167891895398, 0.00595318619162, -0.0025031727273, 0.000789845769759, -0.00250313687138, 0.0025461378973, -0.00191706744954, 0.00174308114219, -0.00104673870374], [0.000124971338664, -0.00294242054224, 0.00284864217974, -0.0022979050409, 0.00217945803888, -0.0025031727273, 0.00753970397636, -0.00462971953675, 0.00173794396687, -0.00239723781124, 0.00393216731027, -0.00372644443996, 0.00221908418462], [-0.000120144228276, 0.00365404644981, -0.00220365729183, 0.00248953700066, -0.00519736064598, 0.000789845769759, -0.00462971953675, 0.0119212288409, -0.00361530180089, 0.00162071501836, -0.00444800127298, 0.00543764559552, -0.00344256986864], [-0.000352713104803, -0.00171083863825, 0.00194584194105, -0.00178428122308, 0.00215474399738, -0.00250313687138, 0.00173794396687, -0.00361530180089, 0.0102835549042, -0.0029254858382, 0.000676296651363, -0.00430075917393, 0.00349437538534], [0.000234589795582, 0.00198725587688, -0.00188116787467, 0.000817404303234, -0.00334770558402, 0.0025461378973, -0.00239723781124, 0.00162071501836, -0.0029254858382, 0.0100262379274, -0.00240690726787, 0.00139530596789, -0.0033294018358], [-0.000742644770071, -0.000862206914462, 0.000266653427389, 9.98806790449e-05, 0.00144236744381, -0.00191706744954, 0.00393216731027, -0.00444800127298, 0.000676296651363, -0.00240690726787, 0.0118134077638, -0.00389658054337, 0.00121059501544], [0.000421469594585, 0.000748163147364, -0.000306428439217, 0.00054598558927, -0.00175748823676, 0.00174308114219, -0.00372644443996, 0.00543764559552, -0.00430075917393, 0.00139530596789, -0.00389658054337, 0.0129305683076, -0.00476971874014], [-0.000730839965399, 6.37478706267e-06, -0.000273916637525, 0.000157011061674, 0.000206379598239, -0.00104673870374, 0.00221908418462, -0.00344256986864, 0.00349437538534, -0.0033294018358, 0.00121059501544, -0.00476971874014, 0.0132598727942]]
    },
    "melbands": {
        "dmean": [0.000344314670656, 0.000178232308826, 9.61123369052e-05, 0.000164283905178, 0.00014185422333, 0.000123022909975, 0.000154821158503, 0.000153148794197, 0.00016023441276, 0.000137787719723, 8.11865029391e-05, 4.21077893407e-05, 3.46600936609e-05, 3.95280694647e-05, 2.39972141571e-05, 2.13009825529e-05, 1.30182197609e-05, 8.52705852594e-06, 6.60367777527e-06, 7.59567956266e-06, 1.07696669147e-05, 5.65629898119e-06, 2.22544713324e-06, 1.56458565925e-06, 2.73149225904e-06, 4.51689038528e-06, 2.49313143286e-06, 6.63622699903e-07, 6.3505245862e-07, 9.00063753306e-07, 1.02826220427e-06, 8.36153617456e-07, 6.6598443027e-07, 6.04547949479e-07, 5.28811881395e-07, 3.29310807956e-07, 2.25966601874e-07, 8.63593569989e-08, 1.71244405323e-08, 6.19032047844e-10],
        "dmean2": [0.000549576827325, 0.000295981444651, 0.000159629344125, 0.000263897236437, 0.00021892786026, 0.000173639215063, 0.000242071866523, 0.000227542084758, 0.000239933477133, 0.000213241568417, 0.000122343029943, 6.51456430205e-05, 5.39573484275e-05, 6.11221257714e-05, 3.65350861102e-05, 3.3057294786e-05, 2.04392945307e-05, 1.30495709527e-05, 1.05661556518e-05, 1.20614968182e-05, 1.71227293322e-05, 9.03561613086e-06, 3.67568259207e-06, 2.55462873611e-06, 4.21662161898e-06, 6.75971205055e-06, 3.77832202503e-06, 1.07182097508e-06, 1.02690785297e-06, 1.41115219776e-06, 1.61582920555e-06, 1.27351972878e-06, 1.01088437532e-06, 8.97312588677e-07, 7.84471183124e-07, 4.80764413169e-07, 3.27332486449e-07, 1.16584871535e-07, 2.28410499403e-08, 9.51931755644e-10],
        "dvar": [1.28460885662e-06, 2.1136604289e-07, 6.19522566581e-08, 1.23830901089e-07, 1.19311764024e-07, 1.78329770506e-07, 1.90074985085e-07, 1.85749627235e-07, 1.86175327599e-07, 1.71700037299e-07, 5.01441981271e-08, 1.5232449968e-08, 1.04213571106e-08, 1.67300306941e-08, 8.80752715204e-09, 5.25396437467e-09, 3.72569841645e-09, 9.59652357579e-10, 1.2654771675e-09, 1.12955589326e-09, 1.20602694498e-09, 6.59884924481e-10, 4.84480996987e-11, 2.03221155182e-11, 1.13123399537e-10, 2.16896584027e-10, 5.21570772682e-11, 3.58848562844e-12, 4.08493985166e-12, 2.10248068955e-11, 1.21382201165e-11, 8.58414728189e-12, 5.48799807681e-12, 9.19360507862e-12, 7.18740908803e-12, 2.5146852916e-12, 1.52558846632e-12, 1.69944828067e-13, 1.35561287402e-14, 5.12950149578e-17],
        "dvar2": [3.32040212925e-06, 5.7323194369e-07, 1.70583405179e-07, 3.25435451032e-07, 2.64479183443e-07, 2.96221685403e-07, 4.49158221727e-07, 4.17759423499e-07, 4.15119387753e-07, 4.0149996039e-07, 1.06946082212e-07, 3.54411895387e-08, 2.62425583486e-08, 3.73113202556e-08, 2.01139869205e-08, 1.26425367952e-08, 9.58305967913e-09, 1.86916038203e-09, 3.07044301096e-09, 2.68968936012e-09, 2.98174995805e-09, 1.630399038e-09, 1.29649027625e-10, 4.95806243284e-11, 2.43840919678e-10, 4.57544196975e-10, 1.132186081e-10, 8.82371259392e-12, 1.02057121434e-11, 4.75752388873e-11, 2.82270803953e-11, 1.91835106828e-11, 1.20351176941e-11, 1.97616419756e-11, 1.47579119064e-11, 4.57789015029e-12, 3.19368143042e-12, 2.73679353919e-13, 2.37834349383e-14, 1.16936021802e-16],
        "max": [0.0331294573843, 0.0112356245518, 0.00634138379246, 0.00884471088648, 0.00952011812478, 0.0160938538611, 0.0123469000682, 0.0111415171996, 0.00862730387598, 0.0118807069957, 0.00635084230453, 0.00422399304807, 0.00306787784211, 0.00343520077877, 0.00323576736264, 0.00217441283166, 0.00303274812177, 0.00110675010365, 0.0013737573754, 0.00124161725398, 0.000912111077923, 0.000833513098769, 0.000250085344305, 0.000111134824692, 0.000498409790453, 0.000420713447966, 0.000230367048061, 4.68533071398e-05, 5.33220227226e-05, 0.000269581098109, 9.87777166301e-05, 9.80439072009e-05, 5.49676296941e-05, 0.000110165914521, 8.93488759175e-05, 5.30525430804e-05, 6.83864273014e-05, 1.66631871252e-05, 4.84307474835e-06, 2.87887928607e-07],
        "mean": [0.000882720225491, 0.000466878671432, 0.000203436604352, 0.000383319798857, 0.000322083738865, 0.000266709830612, 0.000354478979716, 0.000379209202947, 0.00034740002593, 0.000289894815069, 0.000186475808732, 7.92764258222e-05, 7.06308273948e-05, 7.76000379119e-05, 4.92993058288e-05, 4.03978556278e-05, 2.23606457439e-05, 1.49982151925e-05, 1.13782734843e-05, 1.414102735e-05, 2.05843607546e-05, 1.03253132693e-05, 4.49506114819e-06, 3.24415236719e-06, 5.58364536118e-06, 9.82202345767e-06, 5.1255501603e-06, 1.30647413243e-06, 1.19750689009e-06, 1.55286704739e-06, 2.00794011107e-06, 1.61926448072e-06, 1.29312707031e-06, 1.0555991139e-06, 9.04517492017e-07, 5.7388535879e-07, 3.82976367064e-07, 1.46198601669e-07, 2.51480631874e-08, 6.35246188985e-10],
        "median": [1.21662715173e-05, 7.25808204152e-05, 6.21733415755e-05, 0.00013537358609, 7.67868477851e-05, 3.82856123906e-05, 7.10011445335e-05, 5.02101393067e-05, 5.0037910114e-05, 4.02247642342e-05, 2.03677445825e-05, 1.96474975382e-05, 1.36107419166e-05, 8.51919321576e-06, 4.17409773945e-06, 5.18810611538e-06, 3.69246481569e-06, 2.79759933619e-06, 1.93927121472e-06, 1.64272603342e-06, 1.69941222339e-06, 1.00270813164e-06, 5.25885980096e-07, 3.84774580198e-07, 3.46355989223e-07, 4.91189666718e-07, 3.94499124923e-07, 1.63046649959e-07, 1.24246213318e-07, 1.1842467984e-07, 1.31551672666e-07, 1.3879038363e-07, 1.34806697361e-07, 8.5717829279e-08, 4.17228243066e-08, 1.72593122016e-08, 4.82796558288e-09, 2.50107656807e-10, 7.73139018084e-12, 3.04020524033e-12],
        "min": [1.8405643476e-24, 3.62063410783e-24, 5.29151763017e-24, 4.49770070631e-24, 3.14947825472e-24, 4.74835968122e-24, 8.05352673533e-24, 6.8768539205e-24, 2.82347892184e-24, 5.41754052636e-24, 6.18562322977e-24, 6.96449873365e-24, 9.72418898219e-24, 3.41487236248e-24, 7.13598131723e-24, 9.35557321384e-24, 1.00333554039e-23, 6.35080794231e-24, 4.17797301484e-24, 7.40899897678e-24, 4.97918038209e-24, 8.01043520839e-24, 5.88072809547e-24, 4.92561909321e-24, 7.53944659378e-24, 7.21406040304e-24, 6.46366790543e-24, 9.6953016847e-24, 8.43654394837e-24, 6.7717618707e-24, 9.9809718843e-24, 7.2083427392e-24, 7.89590286014e-24, 6.53518564067e-24, 7.49304579534e-24, 8.69496373687e-24, 7.54024649874e-24, 6.2604774522e-24, 7.48538990025e-24, 9.95646276484e-24],
        "var": [5.47222180103e-06, 9.39957999435e-07, 1.49719809883e-07, 3.84469757364e-07, 3.97774385874e-07, 6.17577256889e-07, 4.59207996073e-07, 8.86170198555e-07, 6.49007915854e-07, 5.89843523358e-07, 2.35417019212e-07, 3.64738603764e-08, 2.76178884207e-08, 5.35706128346e-08, 2.8267487906e-08, 1.31604940279e-08, 5.64082114352e-09, 2.05828776245e-09, 2.02662264748e-09, 3.22830828736e-09, 3.17440718156e-09, 1.2117363779e-09, 1.12693125665e-10, 5.19442266977e-11, 3.20159204703e-10, 8.11206268825e-10, 1.58803192818e-10, 8.54922296151e-12, 9.02988708112e-12, 2.88800788839e-11, 2.70792433615e-11, 1.99168129905e-11, 1.27000450087e-11, 1.89386752808e-11, 1.67598140227e-11, 6.9077083463e-12, 3.11411053194e-12, 4.92645149935e-13, 3.4104131601e-14, 5.80601314499e-17]
    },
    "mfcc": {
        "mean": [-755.706481934, 161.489395142, -19.256986618, 16.871723175, -24.721988678, 5.26246213913, -17.0884075165, 6.29347801208, -8.69570541382, 4.68452644348, -4.05661582947, -2.35835194588, -2.25144767761],
        "cov": [[11788.7451172, -445.535217285, -1246.61303711, 1212.6237793, -1002.15570068, 1116.91650391, -644.919250488, 1272.20446777, -375.261413574, 736.862609863, -153.924728394, 621.610717773, 56.3647994995], [-445.535217285, 1801.38989258, 223.438766479, 10.238902092, 560.406738281, -184.176925659, 172.068161011, -169.798873901, 60.5539016724, -128.952865601, 63.8883705139, -66.099647522, 180.216079712], [-1246.61303711, 223.438766479, 1237.75646973, 162.16557312, 302.312835693, 106.01525116, 72.4777145386, -160.735656738, -27.9770622253, -46.8373756409, -79.7795028687, 15.9141225815, 1.43715190887], [1212.6237793, 10.238902092, 162.16557312, 618.338317871, 75.2096405029, 246.436355591, 52.589099884, 144.045944214, 44.7651176453, 100.194969177, 17.0309028625, 98.7124786377, 14.7382764816], [-1002.15570068, 560.406738281, 302.312835693, 75.2096405029, 577.53717041, -42.8257064819, 167.338867188, -121.706283569, 94.9570236206, -7.28723049164, 37.1359901428, 33.1083335876, 37.9530639648], [1116.91650391, -184.176925659, 106.01525116, 246.436355591, -42.8257064819, 358.063049316, -7.9056725502, 174.807052612, 22.0981674194, 90.2605285645, 3.26012516022, 104.415405273, -7.79801464081], [-644.919250488, 172.068161011, 72.4777145386, 52.589099884, 167.338867188, -7.9056725502, 277.925506592, -3.51199388504, 135.062683105, 1.03752613068, 46.0164031982, 17.4427127838, 0.574386358261], [1272.20446777, -169.798873901, -160.735656738, 144.045944214, -121.706283569, 174.807052612, -3.51199388504, 333.00088501, 9.92631626129, 127.76121521, 24.0974979401, 67.403213501, 15.5675506592], [-375.261413574, 60.5539016724, -27.9770622253, 44.7651176453, 94.9570236206, 22.0981674194, 135.062683105, 9.92631626129, 221.144973755, 8.65491580963, 53.3659362793, 26.8863296509, -11.2252168655], [736.862609863, -128.952865601, -46.8373756409, 100.194969177, -7.28723049164, 90.2605285645, 1.03752613068, 127.76121521, 8.65491580963, 200.386062622, 18.9993343353, 93.7233734131, 2.66187858582], [-153.924728394, 63.8883705139, -79.7795028687, 17.0309028625, 37.1359901428, 3.26012516022, 46.0164031982, 24.0974979401, 53.3659362793, 18.9993343353, 133.174362183, 8.29883861542, 20.3946266174], [621.610717773, -66.099647522, 15.9141225815, 98.7124786377, 33.1083335876, 104.415405273, 17.4427127838, 67.403213501, 26.8863296509, 93.7233734131, 8.29883861542, 181.404022217, -0.389342725277], [56.3647994995, 180.216079712, 1.43715190887, 14.7382764816, 37.9530639648, -7.79801464081, 0.574386358261, 15.5675506592, -11.2252168655, 2.66187858582, 20.3946266174, -0.389342725277, 124.37059021]],
