{
"lowlevel": {
    "average_loudness": 0.88200211525,
    "barkbands_crest": {
        "dmean": 3.03946352005,
        "dmean2": 5.0331735611,
        "dvar": 7.34793901443,
        "dvar2": 19.2518672943,
        "max": 26.5031890869,
        "mean": 10.2097606659,
        "median": 9.26798057556,
        "min": 2.42734384537,
        "var": 20.0069484711
    },
    "barkbands_flatness_db": {
        "dmean": 0.0215832144022,
        "dmean2": 0.0349244102836,
        "dvar": 0.000403851241572,
        "dvar2": 0.00103958323598,
        "max": 0.406535953283,
        "mean": 0.177314355969,
        "median": 0.168169140816,
        "min": 0.0382559709251,
        "var": 0.0020307470113
    },
    "barkbands_kurtosis": {
        "dmean": 2.87469315529,
        "dmean2": 4.58140611649,
        "dvar": 54.0223350525,
        "dvar2": 122.223983765,
        "max": 303.132049561,
        "mean": 4.12544155121,
        "median": 1.1066429615,
        "min": -1.95399236679,
        "var": 146.453598022
    },
    "barkbands_skewness": {
        "dmean": 0.538436293602,
        "dmean2": 0.847248375416,
        "dvar": 0.38067227602,
        "dvar2": 0.888601124287,
        "max": 15.9666719437,
        "mean": 1.5241509676,
        "median": 1.25400996208,
        "min": -1.91412591934,
        "var": 1.75327718258
    },
    "barkbands_spread": {
        "dmean": 5.92065429688,
        "dmean2": 9.48059463501,
        "dvar": 45.5051269531,
        "dvar2": 105.225242615,
        "max": 95.0894165039,
        "mean": 24.187297821,
        "median": 22.8798999786,
        "min": 0.557357251644,
        "var": 157.912399292
    },
    "dissonance": {
        "dmean": 0.0191776417196,
        "dmean2": 0.0324934050441,
        "dvar": 0.000286144117126,
        "dvar2": 0.000808400975075,
        "max": 0.500000059605,
        "mean": 0.463922888041,
        "median": 0.46960234642,
        "min": 0.323211312294,
        "var": 0.000694752379786
    },
    "dynamic_complexity": 2.9964401722,
    "erbbands_crest": {
        "dmean": 2.93893575668,
        "dmean2": 4.84975290298,
        "dvar": 7.52802181244,
        "dvar2": 19.0843257904,
        "max": 28.9930858612,
        "mean": 9.43419933319,
        "median": 8.29327297211,
        "min": 2.21902966499,
        "var": 21.1005573273
    },
    "erbbands_flatness_db": {
        "dmean": 0.0144619643688,
        "dmean2": 0.0224903319031,
        "dvar": 0.000165580087923,
        "dvar2": 0.000387073960155,
        "max": 0.39695045352,
        "mean": 0.199802786112,
        "median": 0.192406177521,
        "min": 0.0647812709212,
        "var": 0.00171683519147
    },
    "erbbands_kurtosis": {
        "dmean": 0.896712005138,
        "dmean2": 1.46325957775,
        "dvar": 2.59508943558,
        "dvar2": 6.14130592346,
        "max": 43.572013855,
        "mean": 0.378549218178,
        "median": -0.211901187897,
        "min": -1.8732984066,
        "var": 6.45285987854
    },
    "erbbands_skewness": {
        "dmean": 0.371755361557,
        "dmean2": 0.583956241608,
        "dvar": 0.136516004801,
        "dvar2": 0.320392459631,
        "max": 6.27949714661,
        "mean": 0.475413113832,
        "median": 0.434357523918,
        "min": -3.79494953156,
        "var": 0.596361637115
    },
    "erbbands_spread": {
        "dmean": 8.24160385132,
        "dmean2": 13.0350418091,
        "dvar": 71.8609542847,
        "dvar2": 177.423294067,
        "max": 143.076477051,
        "mean": 42.4515914917,
        "median": 38.6256408691,
        "min": 3.44518446922,
        "var": 444.729217529
    },
    "hfc": {
        "dmean": 5.98186540604,
        "dmean2": 9.37717723846,
        "dvar": 45.9762878418,
        "dvar2": 113.550811768,
        "max": 125.389434814,
        "mean": 25.2874336243,
        "median": 23.9608955383,
        "min": 1.11187487122e-16,
        "var": 253.783233643
    },
    "melbands_crest": {
        "dmean": 3.81349515915,
        "dmean2": 6.33561944962,
        "dvar": 11.3499002457,
        "dvar2": 28.7438735962,
        "max": 34.7314949036,
        "mean": 13.7939529419,
        "median": 12.6630983353,
        "min": 1.87246274948,
        "var": 31.2916030884
    },
    "melbands_flatness_db": {
        "dmean": 0.0266913082451,
        "dmean2": 0.0423134230077,
        "dvar": 0.000661894038785,
        "dvar2": 0.0015634886222,
        "max": 0.533366620541,
        "mean": 0.200869604945,
        "median": 0.192039683461,
        "min": 0.00321556301787,
        "var": 0.00352354929782
    },
    "melbands_kurtosis": {
        "dmean": 7.62631750107,
        "dmean2": 12.1662569046,
        "dvar": 242.121429443,
        "dvar2": 557.483764648,
        "max": 437.873565674,
        "mean": 15.2764511108,
        "median": 6.79342746735,
        "min": -1.67319393158,
        "var": 789.00012207
    },
    "melbands_skewness": {
        "dmean": 0.7692964077,
        "dmean2": 1.21783077717,
        "dvar": 0.720785200596,
        "dvar2": 1.7010627985,
        "max": 16.0775756836,
        "mean": 2.71890997887,
        "median": 2.29420924187,
        "min": -1.45469594002,
        "var": 3.66204881668
    },
    "melbands_spread": {
        "dmean": 7.20332765579,
        "dmean2": 11.5603618622,
        "dvar": 94.0892028809,
        "dvar2": 219.448440552,
        "max": 196.284011841,
        "mean": 24.782787323,
        "median": 23.2965164185,
        "min": 0.572528839111,
        "var": 244.763885498
    },
    "pitch_salience": {
        "dmean": 0.0754184797406,
        "dmean2": 0.12571503222,
        "dvar": 0.00468206219375,
        "dvar2": 0.0121407117695,
        "max": 0.887477219105,
        "mean": 0.539108932018,
        "median": 0.543723881245,
        "min": 0.105178430676,
        "var": 0.0136100016534
    },
    "silence_rate_20dB": {
        "dmean": 0,
        "dmean2": 0,
        "dvar": 0,
        "dvar2": 0,
        "max": 1,
        "mean": 1,
        "median": 1,
        "min": 1,
        "var": 0
    },
    "silence_rate_30dB": {
        "dmean": 0.0240212492645,
        "dmean2": 0.0480480492115,
        "dvar": 0.0234456192702,
        "dvar2": 0.0519798584282,
        "max": 1,
        "mean": 0.978175520897,
        "median": 1,
        "min": 0,
        "var": 0.0213466975838
    },
    "silence_rate_60dB": {
        "dmean": 0.00946991611272,
        "dmean2": 0.0189420189708,
        "dvar": 0.00938192568719,
        "dvar2": 0.0211307182908,
        "max": 1,
        "mean": 0.0501154735684,
        "median": 0,
        "min": 0,
        "var": 0.04759567976
    },
    "spectral_centroid": {
        "dmean": 266.833221436,
        "dmean2": 427.152984619,
        "dvar": 87840.140625,
        "dvar2": 201662,
        "max": 11306.2548828,
        "mean": 1471.06677246,
        "median": 1457.1484375,
        "min": 235.027893066,
        "var": 330618.25
    },
    "spectral_complexity": {
        "dmean": 3.68379712105,
        "dmean2": 5.75028896332,
        "dvar": 13.2494182587,
        "dvar2": 29.1467781067,
        "max": 56,
        "mean": 22.6077365875,
        "median": 23,
        "min": 0,
        "var": 123.141181946
    },
    "spectral_decrease": {
        "dmean": 3.51920115271e-09,
        "dmean2": 5.6807811788e-09,
        "dvar": 3.64974784094e-17,
        "dvar2": 9.24771182699e-17,
        "max": 3.95425496353e-29,
        "mean": -8.88068818483e-09,
        "median": -7.93026355694e-09,
        "min": -1.0318557031e-07,
        "var": 5.3269971536e-17
    },
    "spectral_energy": {
        "dmean": 0.013651794754,
        "dmean2": 0.021981228143,
        "dvar": 0.000530746183358,
        "dvar2": 0.00134346389677,
        "max": 0.398300081491,
        "mean": 0.0358115211129,
        "median": 0.0322644636035,
        "min": 1.03452886195e-20,
        "var": 0.000809248886071
    },
    "spectral_energyband_high": {
        "dmean": 0.000395241862861,
        "dmean2": 0.000622024293989,
        "dvar": 3.78440773829e-07,
        "dvar2": 9.36663639095e-07,
        "max": 0.0105527704582,
        "mean": 0.00117172580212,
        "median": 0.00095539947506,
        "min": 7.43550390802e-21,
        "var": 1.05198478195e-06
    },
    "spectral_energyband_low": {
        "dmean": 0.00945154204965,
        "dmean2": 0.0157060697675,
        "dvar": 0.000475504988572,
        "dvar2": 0.00121608283371,
        "max": 0.307547271252,
        "mean": 0.0136250266805,
        "median": 0.00867351703346,
        "min": 2.8212000999e-23,
        "var": 0.000468486832688
    },
    "spectral_energyband_middle_high": {
        "dmean": 0.00273492815904,
        "dmean2": 0.00439469981939,
        "dvar": 1.89464681171e-05,
        "dvar2": 5.07217664563e-05,
        "max": 0.100251607597,
        "mean": 0.00826212856919,
        "median": 0.00498139299452,
        "min": 1.57201777812e-21,
        "var": 8.03200164228e-05
    },
    "spectral_energyband_middle_low": {
        "dmean": 0.00593196414411,
        "dmean2": 0.00961375888437,
        "dvar": 5.86211172049e-05,
        "dvar2": 0.000146505684825,
        "max": 0.0898296609521,
        "mean": 0.0136755052954,
        "median": 0.0110287889838,
        "min": 2.2847772087e-22,
        "var": 0.000120996737678
    },
    "spectral_entropy": {
        "dmean": 0.119585543871,
        "dmean2": 0.186430439353,
        "dvar": 0.0139413811266,
        "dvar2": 0.0307086538523,
        "max": 9.81308364868,
        "mean": 7.63842582703,
        "median": 7.67313766479,
        "min": 5.64904022217,
        "var": 0.0982261449099
    },
    "spectral_flux": {
        "dmean": 0.0278117246926,
        "dmean2": 0.0435436479747,
        "dvar": 0.00124736246653,
        "dvar2": 0.00256185000762,
        "max": 0.506333589554,
        "mean": 0.103967867792,
        "median": 0.0998930633068,
        "min": 6.89454882075e-11,
        "var": 0.0033494438976
    },
    "spectral_kurtosis": {
        "dmean": 1.29637861252,
        "dmean2": 2.29011654854,
        "dvar": 2.10899996758,
        "dvar2": 6.46781921387,
        "max": 26.1485271454,
        "mean": 1.51929545403,
        "median": 1.05104327202,
        "min": -1.54651689529,
        "var": 4.24890565872
    },
    "spectral_rms": {
        "dmean": 0.000989564461634,
        "dmean2": 0.00155460136011,
        "dvar": 1.40874180943e-06,
        "dvar2": 3.36373295795e-06,
        "max": 0.0197125710547,
        "mean": 0.00548137538135,
        "median": 0.00561048369855,
        "min": 3.17694264992e-12,
        "var": 4.89258900416e-06
    },
    "spectral_rolloff": {
        "dmean": 525.903137207,
        "dmean2": 900.911865234,
        "dvar": 858793.0625,
        "dvar2": 1973972.625,
        "max": 18755.4199219,
        "mean": 1455.43188477,
        "median": 1141.25976562,
        "min": 64.599609375,
        "var": 1796473.875
    },
    "spectral_skewness": {
        "dmean": 0.188885763288,
        "dmean2": 0.316315799952,
        "dvar": 0.0291065387428,
        "dvar2": 0.0813115537167,
        "max": 3.0223762989,
        "mean": 0.893569886684,
        "median": 0.879372954369,
        "min": -0.618386626244,
        "var": 0.121050618589
    },
    "spectral_spread": {
        "dmean": 293299.84375,
        "dmean2": 435552.96875,
        "dvar": 328674508800,
        "dvar2": 408360321024,
        "max": 43402604,
        "mean": 4059837.5,
        "median": 3875858.5,
        "min": 1393546,
        "var": 1.76123150336e+12
    },
    "spectral_strongpeak": {
        "dmean": 0.698266148567,
        "dmean2": 1.21893167496,
        "dvar": 1.12318003178,
        "dvar2": 2.91074752808,
        "max": 13.4012289047,
        "mean": 1.00854849815,
        "median": 0.422579586506,
        "min": 0,
        "var": 1.73834443092
    },
    "zerocrossingrate": {
        "dmean": 0.00926860328764,
        "dmean2": 0.0113129764795,
        "dvar": 0.0001290623768,
        "dvar2": 0.000171398467501,
        "max": 0.5068359375,
        "mean": 0.0621673390269,
        "median": 0.05810546875,
        "min": 0.0048828125,
        "var": 0.000900822633412
    },
    "barkbands": {
        "dmean": [0.000453623681096, 0.00743357650936, 0.00274838507175, 0.00124167138711, 0.0023552281782, 0.00239861593582, 0.00111478823237, 0.000694971357007, 0.00108649465255, 0.00126904400531, 0.000918971316423, 0.00108885287773, 0.000333447940648, 0.000354251969839, 0.000340545346262, 0.000191343016922, 0.000151931031724, 0.000169603386894, 0.000212421829929, 0.000141964585055, 0.000126298866235, 0.000139846844831, 0.000131866152515, 4.86223216285e-05, 5.36002801255e-07, 1.49898427004e-09, 1.43733436264e-09],
        "dmean2": [0.000782271206845, 0.0123501922935, 0.00494511146098, 0.00220163492486, 0.00398167222738, 0.0038480325602, 0.00183499674313, 0.00112167431507, 0.00178680417594, 0.00208316091448, 0.00151409034152, 0.00179195427336, 0.000552087498363, 0.000584422436077, 0.000567222072277, 0.000317739817547, 0.000252180325333, 0.000279220112134, 0.000342026323779, 0.000227763855946, 0.000201840652153, 0.000231158075621, 0.000210360376514, 7.54157372285e-05, 8.1075017988e-07, 2.71550470998e-09, 2.66751687406e-09],
        "dvar": [6.59514284962e-07, 0.00027270137798, 6.61820304231e-05, 4.13221277995e-06, 1.43326369653e-05, 2.25788407988e-05, 6.83602502249e-06, 2.60689103015e-06, 5.40387100045e-06, 6.81191977492e-06, 5.75493595534e-06, 8.60042473505e-06, 5.45902878457e-07, 3.87733649632e-07, 3.82162625101e-07, 1.11734685504e-07, 5.35610986674e-08, 5.80282168983e-08, 1.01767192007e-07, 4.00711321902e-08, 3.58551659474e-08, 8.13880944861e-08, 7.02300440025e-08, 1.3678144839e-08, 4.06228219466e-12, 1.3976736807e-17, 2.22953266137e-17],
        "dvar2": [1.80066467692e-06, 0.000693722453434, 0.000187909943634, 1.17698064059e-05, 3.69945628336e-05, 5.39084721822e-05, 1.76635203388e-05, 6.518709597e-06, 1.48485869431e-05, 1.8364373318e-05, 1.53006949404e-05, 2.22306152864e-05, 1.41355189953e-06, 1.01039290712e-06, 1.03511604266e-06, 2.92321090001e-07, 1.44145388958e-07, 1.48628771512e-07, 2.49312080314e-07, 1.00008044512e-07, 8.61437428057e-08, 2.14816623156e-07, 1.72177081481e-07, 3.22377111672e-08, 9.03875412017e-12, 4.12194190839e-17, 6.74865427442e-17],
        "max": [0.0234921034425, 0.251165509224, 0.117418453097, 0.0301851183176, 0.0407971255481, 0.0881780982018, 0.0565819628537, 0.0324083194137, 0.0478449203074, 0.0452746376395, 0.0386278480291, 0.0796207934618, 0.0308559853584, 0.0110162571073, 0.0119607038796, 0.00694831879809, 0.00414698943496, 0.00451642414555, 0.00506831239909, 0.00392744550481, 0.00440040137619, 0.00526178022847, 0.0074393642135, 0.00322603993118, 7.36598958611e-05, 1.98877586399e-07, 2.80244847772e-07],
        "mean": [0.000519678113051, 0.00963107682765, 0.00284097529948, 0.00150640984066, 0.00321247428656, 0.00384831498377, 0.00170537934173, 0.00105979398359, 0.00175274419598, 0.00199291389436, 0.00138324382715, 0.00186954147648, 0.000549729156774, 0.000575915386435, 0.000592419761233, 0.00033136975253, 0.000288149603875, 0.000340177619364, 0.00047923537204, 0.000334667129209, 0.000283560308162, 0.000295268138871, 0.000313941709464, 0.000103832266177, 6.57422106087e-07, 1.67355784786e-09, 1.6108946399e-09],
        "median": [0.000178936650627, 0.00542450137436, 0.00118377665058, 0.000864139408804, 0.00174899818376, 0.00148298870772, 0.000590424519032, 0.000434849062003, 0.000724781362806, 0.000602492014877, 0.000323510088492, 0.000341069157002, 0.000212273647776, 0.000271179305855, 0.000285642134259, 0.000192049119505, 0.00019693619106, 0.000246190116741, 0.000317595375236, 0.00023821258219, 0.00019604426052, 0.000193946209038, 0.000206538999919, 6.07018082519e-05, 5.31588000285e-08, 8.51378134659e-10, 8.95935770018e-10],
        "min": [5.61614631723e-25, 3.70334538488e-24, 1.85489345375e-23, 6.92619401468e-24, 1.65050874399e-23, 3.13025087456e-23, 1.54765153714e-23, 2.479132972e-23, 4.06989023558e-23, 2.16864631272e-23, 2.19654658744e-23, 4.39702548872e-23, 1.1304121812e-22, 9.51550592713e-23, 1.04086946337e-22, 1.22972913808e-22, 1.08553344254e-22, 1.74538630724e-22, 2.21736910746e-22, 2.36750284302e-22, 3.35089003171e-22, 5.27482383458e-22, 5.77356820458e-22, 7.33411884815e-22, 1.1120793062e-21, 1.42818266143e-21, 2.25470007547e-21],
        "var": [9.82799974736e-07, 0.000268448435236, 4.34826397395e-05, 4.01630450142e-06, 1.87034274859e-05, 4.20527721872e-05, 1.24070384118e-05, 4.34890080214e-06, 1.02398626041e-05, 1.33190051201e-05, 1.0233005014e-05, 2.1109748559e-05, 9.80223603619e-07, 7.2194762879e-07, 8.2472234908e-07, 2.052323822e-07, 1.1246542897e-07, 1.32427189214e-07, 2.90807776082e-07, 1.14399135498e-07, 8.51535162383e-08, 1.32333937586e-07, 1.65963399468e-07, 2.85500068031e-08, 6.42827501299e-12, 9.76906838152e-18, 1.23981370542e-17]
    },
    "erbbands": {
        "dmean": [0.248717263341, 1.61806070805, 3.25869488716, 3.24496459961, 6.8419213295, 7.76534700394, 13.4975996017, 21.0779285431, 17.0680732727, 16.3978424072, 14.7552099228, 22.7797660828, 34.8303489685, 36.0376625061, 43.1736183167, 33.8402442932, 15.3294153214, 16.215177536, 17.7409667969, 14.0089025497, 9.76839733124, 7.33955764771, 7.56043100357, 10.9037036896, 8.90383338928, 6.58964729309, 5.97829389572, 4.55400323868, 4.90472745895, 4.72931241989, 3.75987195969, 1.72905480862, 0.402254104614, 0.0255078859627, 0.000858090934344, 7.93382423581e-05, 1.65823203133e-05, 4.69067981612e-06, 6.97792165738e-06, 1.53032870003e-05],
        "dmean2": [0.411193579435, 2.76336717606, 5.89602422714, 5.67542076111, 11.9068717957, 13.3197164536, 22.0560035706, 34.0002632141, 28.1366004944, 26.4998931885, 23.8089485168, 37.4470558167, 57.0074119568, 59.0538482666, 70.8518753052, 55.7447509766, 25.3297996521, 26.5145874023, 29.3336429596, 23.256603241, 16.1964073181, 12.0767707825, 12.4055671692, 17.6820487976, 14.0705432892, 10.5946817398, 9.59110069275, 7.36118078232, 8.14288902283, 7.61546039581, 6.03952121735, 2.72720742226, 0.60980796814, 0.0372192375362, 0.0012590107508, 0.000118887306598, 2.52392892435e-05, 7.34500417821e-06, 1.10140545075e-05, 2.45012943196e-05],
        "dvar": [0.225116342306, 16.8490276337, 104.106315613, 39.3552474976, 153.966842651, 168.600585938, 915.032653809, 1922.14099121, 1496.63391113, 1952.42077637, 1070.10327148, 2987.80761719, 4638.33398438, 5796.75097656, 11108.3125, 7885.20263672, 1122.79406738, 851.441772461, 1370.62487793, 587.020568848, 280.638061523, 113.130149841, 129.046295166, 255.194854736, 220.093658447, 86.7852325439, 81.2671127319, 51.6049880981, 109.948776245, 86.5519256592, 68.2994537354, 16.6594314575, 1.08594799042, 0.00501605076715, 5.11472990183e-06, 3.19198356635e-08, 9.8787156233e-10, 8.68918409447e-11, 1.06475800399e-10, 6.21179441218e-10],
        "dvar2": [0.544089019299, 44.8999862671, 296.095672607, 111.187698364, 418.884857178, 449.129577637, 2166.5559082, 4661.41699219, 3934.04711914, 4738.12255859, 2713.07519531, 8269.28222656, 12239.5625, 15801.1103516, 29578.6601562, 20637.8652344, 2921.72021484, 2183.39453125, 3654.43212891, 1641.45251465, 748.468994141, 292.538360596, 320.343078613, 650.715881348, 521.925720215, 216.452545166, 201.848449707, 130.763549805, 296.282623291, 218.568145752, 171.703399658, 40.6903381348, 2.49163651466, 0.0104001192376, 1.07073146864e-05, 7.06893317215e-08, 2.31646768434e-09, 2.19555026937e-10, 2.6436131062e-10, 1.56705293186e-09],
        "max": [5.64257192612, 61.3765602112, 137.914382935, 112.239852905, 140.582077026, 184.380783081, 553.50592041, 917.68951416, 990.611694336, 1062.83691406, 680.351989746, 1356.9017334, 1202.20581055, 1447.56384277, 2304.96289062, 3099.22875977, 1261.35644531, 613.294799805, 916.298156738, 447.412139893, 346.399932861, 192.792694092, 298.672149658, 412.631408691, 332.637878418, 186.18637085, 217.424591064, 99.8093032837, 191.18107605, 221.598022461, 221.648956299, 101.471511841, 23.2155265808, 2.32257080078, 0.0688051581383, 0.00404237955809, 0.000688971893396, 0.000294440600555, 0.000189084588783, 0.000441335927462],
        "mean": [0.318477958441, 1.99096572399, 3.3673915863, 4.35928630829, 8.01586723328, 10.3523712158, 20.6318664551, 32.5282363892, 25.8474292755, 27.066160202, 24.537853241, 38.2239227295, 55.2198410034, 61.5103645325, 74.4160232544, 60.6802482605, 28.3474960327, 29.2336483002, 32.6225013733, 25.0486106873, 18.9896125793, 15.4205474854, 16.4718151093, 24.6755180359, 21.3803863525, 16.0062732697, 13.6066217422, 9.88571643829, 10.1259937286, 10.7798957825, 8.62586212158, 3.88702964783, 0.863028943539, 0.0515786930919, 0.00198282417841, 0.000225129348109, 5.52260462428e-05, 1.58926686709e-05, 2.25016556215e-05, 4.33234745287e-05],
        "median": [0.137383550406, 1.16110539436, 1.73092830181, 2.84566068649, 4.1211605072, 5.55915403366, 7.31565761566, 12.8380374908, 10.168806076, 10.3426647186, 11.2991676331, 16.6597747803, 22.7735900879, 18.778711319, 17.8530693054, 16.0456829071, 12.3768939972, 14.6379413605, 14.4785747528, 13.9280843735, 12.2670698166, 11.2455844879, 12.4465503693, 18.0948123932, 14.1795101166, 11.5252666473, 9.58887672424, 6.61834144592, 6.78742694855, 7.08169746399, 5.46967124939, 2.46596455574, 0.43125551939, 0.0197656676173, 0.000966644496657, 0.000145650992636, 4.34651010437e-05, 1.31378310471e-05, 2.15704167204e-05, 3.97869152948e-05],
        "min": [1.21471667329e-22, 1.27038271248e-21, 1.7643386034e-20, 2.74969085091e-20, 4.05485196431e-20, 4.65952390015e-20, 1.02431836742e-19, 2.82336052562e-19, 1.93665030932e-19, 5.02904409134e-19, 9.24635516806e-19, 7.59106698368e-19, 6.54343033018e-19, 1.6526081192e-18, 1.27731338015e-18, 2.04317106139e-18, 5.23305061184e-18, 4.75535422168e-18, 5.97306334503e-18, 5.00341286608e-18, 1.00418369788e-17, 7.65453748266e-18, 1.10048315489e-17, 1.18371009766e-17, 1.09925710779e-17, 1.042101409e-17, 1.07896719454e-17, 1.16482515069e-17, 1.60665358328e-17, 1.49685164353e-17, 1.42633366913e-17, 1.32170020201e-17, 1.11468965104e-17, 9.55059757404e-18, 8.13615098661e-18, 4.9664337568e-18, 2.94083821548e-18, 1.19427292525e-18, 2.94496563994e-19, 3.25055355857e-20],
        "var": [0.273417085409, 13.8382558823, 66.0537796021, 34.4031143188, 150.995178223, 213.6640625, 1653.90930176, 3221.88696289, 2171.99804688, 4395.71875, 1880.7800293, 5622.62402344, 7685.01123047, 12815.4365234, 23313.1484375, 19124.1582031, 2198.41235352, 1776.14306641, 3055.45361328, 1119.70458984, 552.329284668, 269.156555176, 307.827606201, 639.585998535, 619.817626953, 256.829437256, 198.362045288, 110.150115967, 156.72756958, 188.057296753, 146.009063721, 33.4158287048, 2.69229435921, 0.0134941888973, 1.44708928929e-05, 9.28550889512e-08, 2.83657763944e-09, 2.06190522989e-10, 2.17841231165e-10, 1.02812669489e-09]
    },
    "gfcc": {
        "mean": [-16.4027442932, 133.358596802, -163.240966797, 64.5162658691, -80.3334655762, 14.452287674, -14.8702230453, -17.1591491699, 6.86203432083, -25.4411010742, 9.46411705017, -12.1588344574, -0.135191172361],
        "cov": [[6479.54589844, 302.228637695, 190.921066284, 980.299682617, -180.295135498, 569.122558594, -68.1899795532, 65.1175231934, 37.2325782776, -237.863296509, 400.053710938, -162.491088867, 313.002410889], [302.228637695, 871.897705078, 276.202972412, 172.966873169, 466.038269043, 10.3804168701, 258.255615234, 32.9713859558, 51.3170700073, 44.8629264832, 43.9237747192, 5.15499734879, 21.0116500854], [190.921066284, 276.202972412, 1047.96679688, 589.788330078, 73.6032104492, 147.50843811, -167.568069458, -1.61335158348, 32.4256820679, -23.1247749329, 41.4933128357, 31.1832485199, 52.5606803894], [980.299682617, 172.966873169, 589.788330078, 633.638549805, 100.577201843, 158.724807739, -85.2662582397, 27.9255256653, 38.6365127563, -46.5742759705, 68.9683914185, -6.2818479538, 64.7528457642], [-180.295135498, 466.038269043, 73.6032104492, 100.577201843, 506.240570068, 73.9961547852, 260.307769775, 116.42464447, 47.3966751099, 78.1004333496, 3.80536770821, 14.2058935165, -5.3980383873], [569.122558594, 10.3804168701, 147.50843811, 158.724807739, 73.9961547852, 271.699554443, 69.4241867065, 63.262840271, 11.2711982727, -11.2988929749, 49.5237388611, -10.4282875061, 25.8984642029], [-68.1899795532, 258.255615234, -167.568069458, -85.2662582397, 260.307769775, 69.4241867065, 320.648193359, 83.6288909912, 34.5702896118, 55.0945281982, -0.199011415243, 8.03926277161, -18.0047225952], [65.1175231934, 32.9713859558, -1.61335158348, 27.9255256653, 116.42464447, 63.262840271, 83.6288909912, 181.585159302, 68.2791290283, 42.6115493774, 13.8377523422, -8.833568573, 7.85359144211], [37.2325782776, 51.3170700073, 32.4256820679, 38.6365127563, 47.3966751099, 11.2711982727, 34.5702896118, 68.2791290283, 115.485237122, 43.4616355896, -4.42695236206, 6.20214319229, -2.5851919651], [-237.863296509, 44.8629264832, -23.1247749329, -46.5742759705, 78.1004333496, -11.2988929749, 55.0945281982, 42.6115493774, 43.4616355896, 110.025177002, 14.6961517334, 14.7102394104, -10.8960647583], [400.053710938, 43.9237747192, 41.4933128357, 68.9683914185, 3.80536770821, 49.5237388611, -0.199011415243, 13.8377523422, -4.42695236206, 14.6961517334, 115.745796204, 19.3980312347, 33.8974342346], [-162.491088867, 5.15499734879, 31.1832485199, -6.2818479538, 14.2058935165, -10.4282875061, 8.03926277161, -8.833568573, 6.20214319229, 14.7102394104, 19.3980312347, 78.5281524658, 20.569475174], [313.002410889, 21.0116500854, 52.5606803894, 64.7528457642, -5.3980383873, 25.8984642029, -18.0047225952, 7.85359144211, -2.5851919651, -10.8960647583, 33.8974342346, 20.569475174, 85.5109939575]],
        "icov": [[0.000702861580066, -0.00108826777432, 0.0012364925351, -0.00149370532017, 0.00134106120095, -0.00130854931194, 0.000404772436013, -0.000237290165387, -0.000242778434767, 0.000371183734387, -0.000889997114427, 0.000907218956854, -0.00117173185572], [-0.00108826777432, 0.0064728227444, -0.0041564446874, 0.00339656625874, -0.00600603967905, 0.00481579080224, -0.00387433823198, 0.00325753865764, -0.00216298084706, 0.00186179799493, -0.00214121676981, 0.00210173032247, -6.17860496277e-05], [0.0012364925351, -0.0041564446874, 0.00564817059785, -0.00520469900221, 0.00377003732137, -0.00428625615314, 0.00357391289435, -0.00155618309509, 0.000921333266888, -0.00132132216822, 0.000958315213211, -0.00148079707287, -0.000767824240029], [-0.00149370532017, 0.00339656625874, -0.00520469900221, 0.00819084793329, -0.00516316154972, 0.00250642583705, -0.000507196644321, 0.00164074555505, -0.00215614726767, 0.00225280667655, -0.000935332209338, 0.000704918988049, 0.000710139458533], [0.00134106120095, -0.00600603967905, 0.00377003732137, -0.00516316154972, 0.0106229055673, -0.00402812799439, -0.000661437341478, -0.00426235003397, 0.00308486539871, -0.00336595112458, 0.00222394592129, -0.00163510814309, -0.000521656766068], [-0.00130854931194, 0.00481579080224, -0.00428625615314, 0.00250642583705, -0.00402812799439, 0.00981105584651, -0.00499915052205, 0.000529802811798, -0.000296468118904, 0.00179902801756, -0.00209729513153, 0.00150109804235, 0.000706684659235], [0.000404772436013, -0.00387433823198, 0.00357391289435, -0.000507196644321, -0.000661437341478, -0.00499915052205, 0.010597336106, -0.00221387040801, 0.00043176629697, -0.00140125188045, 0.00180391198955, -0.00282010715455, 0.00136244017631], [-0.000237290165387, 0.00325753865764, -0.00155618309509, 0.00164074555505, -0.00426235003397, 0.000529802811798, -0.00221387040801, 0.0109849991277, -0.00616181036457, 0.000492990773637, -0.00256062601693, 0.0039459685795, -0.00217994954437], [-0.000242778434767, -0.00216298084706, 0.000921333266888, -0.00215614726767, 0.00308486539871, -0.000296468118904, 0.00043176629697, -0.00616181036457, 0.0152711682022, -0.00634054001421, 0.00481097167358, -0.00399995082989, 0.00213673710823], [0.000371183734387, 0.00186179799493, -0.00132132216822, 0.00225280667655, -0.00336595112458, 0.00179902801756, -0.00140125188045, 0.000492990773637, -0.00634054001421, 0.016048008576, -0.00613097567111, 0.00136804475915, 0.000146923892316], [-0.000889997114427, -0.00214121676981, 0.000958315213211, -0.000935332209338, 0.00222394592129, -0.00209729513153, 0.00180391198955, -0.00256062601693, 0.00481097167358, -0.00613097567111, 0.0159526839852, -0.0064522465691, -0.000113830486953], [0.000907218956854, 0.00210173032247, -0.00148079707287, 0.000704918988049, -0.00163510814309, 0.00150109804235, -0.00282010715455, 0.0039459685795, -0.00399995082989, 0.00136804475915, -0.0064522465691, 0.0198702979833, -0.00714347325265], [-0.00117173185572, -6.17860496277e-05, -0.000767824240029, 0.000710139458533, -0.000521656766068, 0.000706684659235, 0.00136244017631, -0.00217994954437, 0.00213673710823, 0.000146923892316, -0.000113830486953, -0.00714347325265, 0.0180196780711]]
    },
    "melbands": {
        "dmean": [0.00210626679473, 0.00178071460687, 0.000662042468321, 0.000510479556397, 0.000436207279563, 0.000466356374091, 0.000252479541814, 0.000171042396687, 0.000127310544485, 0.000152271531988, 0.000180848539458, 0.000154286797624, 0.000145149897435, 0.000137805080158, 4.76954701298e-05, 3.19060345646e-05, 3.20925355481e-05, 3.09802017e-05, 2.14650881389e-05, 1.59494120453e-05, 1.23626814457e-05, 8.94590721146e-06, 6.56056590742e-06, 9.52943628363e-06, 9.83262270893e-06, 8.85750159796e-06, 5.40151859241e-06, 4.71189014206e-06, 4.45469640908e-06, 3.34626429321e-06, 2.79326627606e-06, 3.03438287119e-06, 2.89563536171e-06, 2.80896256299e-06, 2.55055761045e-06, 1.68437441062e-06, 9.6402732197e-07, 3.65302099681e-07, 7.19115220704e-08, 3.37559913355e-09],
        "dmean2": [0.00349213625304, 0.00313709746115, 0.00115976773668, 0.000876934209373, 0.000713028712198, 0.000750071834773, 0.000414790119976, 0.000277062063105, 0.000207324890653, 0.000250058335951, 0.000295772595564, 0.000253428821452, 0.000237714397372, 0.000226340664085, 7.78996181907e-05, 5.26652438566e-05, 5.2703806432e-05, 5.11712023581e-05, 3.58092256647e-05, 2.65380112978e-05, 2.06414388231e-05, 1.47777554957e-05, 1.08400108729e-05, 1.58866841957e-05, 1.60537820193e-05, 1.43328643389e-05, 8.60527052282e-06, 7.67620622355e-06, 7.24438768884e-06, 5.4296469898e-06, 4.58375779999e-06, 5.11412372362e-06, 4.73658246847e-06, 4.51197229268e-06, 4.12921917814e-06, 2.72407373814e-06, 1.52796280872e-06, 5.60454452625e-07, 1.05633532144e-07, 4.95954255442e-09],
        "dvar": [1.85058161151e-05, 2.78815023194e-05, 1.53621272148e-06, 7.28675274786e-07, 8.0342573483e-07, 8.83291818354e-07, 3.03809400748e-07, 1.97711102601e-07, 7.78714976946e-08, 1.17690703405e-07, 1.24553210412e-07, 1.1383635723e-07, 1.27147814055e-07, 1.47875169887e-07, 1.11618616572e-08, 3.91293086821e-09, 3.44313511036e-09, 4.37895453231e-09, 1.32114164053e-09, 8.45606584754e-10, 4.69452476892e-10, 1.93606033982e-10, 9.58537554885e-11, 2.11840975317e-10, 2.2434487601e-10, 2.28865357221e-10, 7.24047211076e-11, 4.87946905103e-11, 4.61733012935e-11, 3.32232019673e-11, 2.02248634507e-11, 4.44788476883e-11, 3.22937371289e-11, 2.94171700888e-11, 3.16701977143e-11, 1.58872411754e-11, 5.64651624069e-12, 8.94834065786e-13, 4.09839635916e-14, 2.72712633522e-16],
        "dvar2": [4.53306311101e-05, 7.74393920437e-05, 4.308842108e-06, 1.95097095457e-06, 1.90482296603e-06, 2.12823715628e-06, 7.96319511664e-07, 4.82002462832e-07, 1.99700593839e-07, 3.23435841665e-07, 3.27408713474e-07, 3.11063587333e-07, 3.3917416431e-07, 3.81894210477e-07, 2.78595617687e-08, 1.0286484553e-08, 8.75262617939e-09, 1.16847971299e-08, 3.71740371818e-09, 2.21124984989e-09, 1.26564181357e-09, 5.11398701164e-10, 2.45941156329e-10, 5.50522794018e-10, 5.79894687824e-10, 5.68235736242e-10, 1.76690911902e-10, 1.26076205031e-10, 1.1927461796e-10, 8.19621176484e-11, 5.25292379039e-11, 1.22370807931e-10, 8.26126042575e-11, 7.48217807156e-11, 7.92429108443e-11, 4.12846978826e-11, 1.41376320373e-11, 2.09248720781e-12, 8.86843631301e-14, 5.62224524427e-16],
        "max": [0.0621227920055, 0.0711570084095, 0.0207532159984, 0.0090695777908, 0.0167473945767, 0.0189277306199, 0.013438350521, 0.0112132038921, 0.00490399822593, 0.00768862804398, 0.00655539566651, 0.00647771405056, 0.00586970429868, 0.0119256759062, 0.00359697150998, 0.00128799153026, 0.0013869953109, 0.00171489233617, 0.000770413025748, 0.000597491220105, 0.0004921455984, 0.000266463437583, 0.000187338722753, 0.000321706553223, 0.000375273899408, 0.000313594326144, 0.000216940519749, 0.000153971384862, 0.000111224726425, 0.00015387411986, 6.29394562566e-05, 0.00012344152492, 0.000139875977766, 0.000112429988803, 0.000187637415365, 0.000130107990117, 5.54548423679e-05, 2.49511431321e-05, 5.75430021854e-06, 5.34571768185e-07],
        "mean": [0.00278926431201, 0.00209930096753, 0.000881581800058, 0.000658938020933, 0.000673788716085, 0.00073537818389, 0.000388388347346, 0.00027898591361, 0.000204934665817, 0.000248579803156, 0.000279951753328, 0.000251920748269, 0.000233991697314, 0.000233918035519, 8.36364706629e-05, 5.35513026989e-05, 5.32875346835e-05, 5.32313388248e-05, 3.75212621293e-05, 2.6504685593e-05, 2.17815813812e-05, 1.65916644619e-05, 1.23877425722e-05, 1.80649494723e-05, 2.00324157049e-05, 1.85296248674e-05, 1.17212357509e-05, 1.01743426058e-05, 9.18729347177e-06, 6.44626788926e-06, 5.51674975213e-06, 5.65854907109e-06, 5.85033785683e-06, 6.0059014686e-06, 5.38273116035e-06, 3.53063160219e-06, 1.93168534679e-06, 7.11748896265e-07, 1.20282564353e-07, 4.05288869132e-09],
        "median": [0.00142427254468, 0.00129408587236, 0.000595635152422, 0.000355668365955, 0.000274415127933, 0.000292897049803, 0.000153854343807, 0.000108982247184, 9.19277517824e-05, 0.000105087332486, 0.000109246946522, 6.60114310449e-05, 5.31114565092e-05, 4.05649989261e-05, 3.01378768199e-05, 2.21906266233e-05, 2.48108735832e-05, 1.97155623027e-05, 1.97710323846e-05, 1.42384260471e-05, 1.29096624732e-05, 1.09728052848e-05, 8.83924440132e-06, 1.25711358123e-05, 1.39711373777e-05, 1.1452817489e-05, 7.8704479165e-06, 6.88854561304e-06, 6.01570718572e-06, 4.11107203035e-06, 3.48465482602e-06, 3.5819812183e-06, 3.70052202925e-06, 3.80071264772e-06, 3.26397616845e-06, 2.23463189286e-06, 1.13589533157e-06, 3.36454831995e-07, 2.83447434413e-08, 1.31591515462e-10],
        "min": [1.20483327561e-24, 6.84373596197e-24, 6.36597379321e-24, 2.37906998936e-24, 4.3733872717e-24, 7.29622421063e-24, 3.14554302209e-24, 5.60669911624e-24, 6.94106009843e-24, 4.44543748805e-24, 3.06092230722e-24, 6.40872216566e-24, 3.41231684758e-24, 5.85230385933e-24, 8.41098327732e-24, 8.82056695906e-24, 6.65851931004e-24, 9.12718930431e-24, 8.98706315285e-24, 5.13081443643e-24, 9.47653162302e-24, 5.21957036017e-24, 8.0923986453e-24, 1.02433367662e-23, 8.96446149906e-24, 8.95812300168e-24, 7.88541574327e-24, 6.43901600215e-24, 6.39868627723e-24, 7.23270118623e-24, 4.55700687473e-24, 7.64416709009e-24, 9.23626273509e-24, 8.29946358887e-24, 6.99787070538e-24, 9.9980002358e-24, 7.657926402e-24, 6.57621902952e-24, 5.89865140967e-24, 9.29807393132e-24],
        "var": [2.06301629078e-05, 1.94153726625e-05, 1.32975571887e-06, 8.50979915867e-07, 1.44981197536e-06, 1.54900112648e-06, 4.70816729603e-07, 4.27294651217e-07, 1.39199570981e-07, 2.25733685966e-07, 2.06117050539e-07, 2.47921633445e-07, 2.46267461534e-07, 3.62749091209e-07, 2.48270950465e-08, 7.74980613016e-09, 6.71319044798e-09, 9.38902555703e-09, 2.62201726997e-09, 1.50462953208e-09, 8.64370519604e-10, 3.96289223659e-10, 1.94244842433e-10, 4.44275199962e-10, 4.87619722378e-10, 5.63014690425e-10, 1.72678676913e-10, 1.25638041637e-10, 1.06616798723e-10, 5.94663762676e-11, 4.00801475342e-11, 5.53948970028e-11, 5.83105577712e-11, 6.30895682918e-11, 6.36339106408e-11, 2.85604439404e-11, 9.85204539478e-12, 2.1044396694e-12, 9.43751438218e-14, 4.61211398544e-16]
    },
    "mfcc": {
        "mean": [-627.065429688, 122.534469604, -12.9412412643, 36.2748260498, -23.5506134033, 23.8672561646, -16.5538139343, 22.6182613373, -17.3716106415, 15.8057289124, -12.2276010513, 6.35564804077, -7.62831878662],
        "cov": [[5683.65429688, 71.0854797363, 9.90037059784, 613.378601074, -89.8913192749, 461.70413208, 50.6475753784, 379.940429688, -236.566238403, 378.779815674, -388.052001953, 157.804611206, -64.2428283691], [71.0854797363, 759.728149414, -89.2309188843, 169.115844727, 135.625549316, 102.845352173, 229.173751831, 56.1850318909, 106.561981201, 56.7171974182, 82.1742477417, 18.478679657, 55.7637367249], [9.90037059784, -89.2309188843, 1009.99804688, 348.368133545, 313.584472656, 121.36958313, -93.4067077637, 10.0021076202, -59.143447876, -52.3910446167, -47.9193458557, -7.40262317657, -15.3542251587], [613.378601074, 169.115844727, 348.368133545, 501.078948975, 227.147064209, 148.980728149, 32.7420043945, 76.283203125, -6.61043977737, 45.8748054504, -38.7965660095, 21.7676849365, 13.7985534668], [-89.8913192749, 135.625549316, 313.584472656, 227.147064209, 364.07421875, 63.4014816284, 97.8560714722, 42.8734359741, 81.0421676636, 31.353313446, 42.2989616394, 13.4159832001, 40.2156105042], [461.70413208, 102.845352173, 121.36958313, 148.980728149, 63.4014816284, 238.574356079, 89.8316650391, 86.5613021851, -3.02474021912, 39.5970115662, -21.4970226288, 20.261631012, 4.92334365845], [50.6475753784, 229.173751831, -93.4067077637, 32.7420043945, 97.8560714722, 89.8316650391, 276.291564941, 83.0746078491, 82.2778396606, 66.2009429932, 49.1999816895, 25.0334033966, 42.0536460876], [379.940429688, 56.1850318909, 10.0021076202, 76.283203125, 42.8734359741, 86.5613021851, 83.0746078491, 163.187850952, 42.6614685059, 66.8648757935, -8.1765203476, 26.8566627502, 19.5934181213], [-236.566238403, 106.561981201, -59.143447876, -6.61043977737, 81.0421676636, -3.02474021912, 82.2778396606, 42.6614685059, 188.551040649, 41.5986480713, 85.3423233032, 14.9332199097, 38.5102615356], [378.779815674, 56.7171974182, -52.3910446167, 45.8748054504, 31.353313446, 39.5970115662, 66.2009429932, 66.8648757935, 41.5986480713, 149.772293091, 17.761472702, 32.3700218201, 9.54407691956], [-388.052001953, 82.1742477417, -47.9193458557, -38.7965660095, 42.2989616394, -21.4970226288, 49.1999816895, -8.1765203476, 85.3423233032, 17.761472702, 139.833023071, 25.062871933, 28.5823535919], [157.804611206, 18.478679657, -7.40262317657, 21.7676849365, 13.4159832001, 20.261631012, 25.0334033966, 26.8566627502, 14.9332199097, 32.3700218201, 25.062871933, 86.9882507324, 35.3211250305], [-64.2428283691, 55.7637367249, -15.3542251587, 13.7985534668, 40.2156105042, 4.92334365845, 42.0536460876, 19.5934181213, 38.5102615356, 9.54407691956, 28.5823535919, 35.3211250305, 87.6885528564]],
