{
"lowlevel": {
    "average_loudness": 0.8470531106,
    "barkbands_crest": {
        "dmean": 2.64853239059,
        "dmean2": 4.33466768265,
        "dvar": 5.62749958038,
        "dvar2": 14.2978839874,
        "max": 25.3725414276,
        "mean": 10.3210248947,
        "median": 9.53276062012,
        "min": 3.04018855095,
        "var": 15.63626194
    },
    "barkbands_flatness_db": {
        "dmean": 0.0205235816538,
        "dmean2": 0.032869566232,
        "dvar": 0.00037609678111,
        "dvar2": 0.000932762690354,
        "max": 0.437835723162,
        "mean": 0.202515274286,
        "median": 0.196127951145,
        "min": 0.0462778545916,
        "var": 0.0020251988899
    },
    "barkbands_kurtosis": {
        "dmean": 2.61457109451,
        "dmean2": 4.17816543579,
        "dvar": 31.5339260101,
        "dvar2": 81.7106781006,
        "max": 141.249938965,
        "mean": 3.90040922165,
        "median": 1.99092149734,
        "min": -1.83928871155,
        "var": 56.4012718201
    },
    "barkbands_skewness": {
        "dmean": 0.471136420965,
        "dmean2": 0.735713422298,
        "dvar": 0.292577683926,
        "dvar2": 0.710757017136,
        "max": 11.0970230103,
        "mean": 1.3648942709,
        "median": 1.28622806072,
        "min": -2.02584719658,
        "var": 1.181219697
    },
    "barkbands_spread": {
        "dmean": 4.03467512131,
        "dmean2": 6.26116943359,
        "dvar": 23.5037193298,
        "dvar2": 50.1849822998,
        "max": 89.2924804688,
        "mean": 16.7306156158,
        "median": 15.1915941238,
        "min": 0.989038050175,
        "var": 82.2887420654
    },
    "dissonance": {
        "dmean": 0.024992801249,
        "dmean2": 0.0423824824393,
        "dvar": 0.000495181884617,
        "dvar2": 0.00134105351754,
        "max": 0.499999970198,
        "mean": 0.450774788857,
        "median": 0.456071674824,
        "min": 0.242988839746,
        "var": 0.00103772431612
    },
    "dynamic_complexity": 3.44449615479,
    "erbbands_crest": {
        "dmean": 2.98750495911,
        "dmean2": 4.82093524933,
        "dvar": 7.07493972778,
        "dvar2": 17.0256137848,
        "max": 32.9185562134,
        "mean": 11.4775762558,
        "median": 10.4677524567,
        "min": 2.82065558434,
        "var": 26.011516571
    },
    "erbbands_flatness_db": {
        "dmean": 0.0155923822895,
        "dmean2": 0.0231888536364,
        "dvar": 0.000185480574146,
        "dvar2": 0.000378767494112,
        "max": 0.405107200146,
        "mean": 0.229492947459,
        "median": 0.224404036999,
        "min": 0.0948201268911,
        "var": 0.00222159107216
    },
    "erbbands_kurtosis": {
        "dmean": 1.10680031776,
        "dmean2": 1.75149798393,
        "dvar": 2.87969875336,
        "dvar2": 6.45707035065,
        "max": 77.3522720337,
        "mean": 1.10455095768,
        "median": 0.421967148781,
        "min": -1.81252145767,
        "var": 8.94330978394
    },
    "erbbands_skewness": {
        "dmean": 0.379229485989,
        "dmean2": 0.589531362057,
        "dvar": 0.124815836549,
        "dvar2": 0.284208923578,
        "max": 7.79411697388,
        "mean": 0.70478528738,
        "median": 0.667837619781,
        "min": -2.28204369545,
        "var": 0.5858746171
    },
    "erbbands_spread": {
        "dmean": 5.89049530029,
        "dmean2": 8.9722442627,
        "dvar": 49.3508338928,
        "dvar2": 102.50793457,
        "max": 128.79385376,
        "mean": 29.9074878693,
        "median": 26.7803001404,
        "min": 2.25454306602,
        "var": 250.849685669
    },
    "hfc": {
        "dmean": 4.23088550568,
        "dmean2": 6.52700710297,
        "dvar": 26.0604553223,
        "dvar2": 58.3248672485,
        "max": 72.9636230469,
        "mean": 18.1967887878,
        "median": 14.2134189606,
        "min": 1.21272155513e-16,
        "var": 199.579223633
    },
    "melbands_crest": {
        "dmean": 3.46761965752,
        "dmean2": 5.73137807846,
        "dvar": 9.25410366058,
        "dvar2": 23.4338607788,
        "max": 36.3878669739,
        "mean": 14.3020448685,
        "median": 13.335688591,
        "min": 1.84239125252,
        "var": 26.8670139313
    },
    "melbands_flatness_db": {
        "dmean": 0.0241275914013,
        "dmean2": 0.0372160673141,
        "dvar": 0.00055427319603,
        "dvar2": 0.00127921788953,
        "max": 0.573281466961,
        "mean": 0.24469126761,
        "median": 0.231676101685,
        "min": 0.00576640758663,
        "var": 0.00449629826471
    },
    "melbands_kurtosis": {
        "dmean": 5.2708029747,
        "dmean2": 8.49451541901,
        "dvar": 141.566436768,
        "dvar2": 367.32800293,
        "max": 265.675384521,
        "mean": 9.6719789505,
        "median": 5.77473068237,
        "min": -1.65415990353,
        "var": 240.558486938
    },
    "melbands_skewness": {
        "dmean": 0.603217482567,
        "dmean2": 0.949745178223,
        "dvar": 0.53213429451,
        "dvar2": 1.28609669209,
        "max": 13.6580190659,
        "mean": 2.04040813446,
        "median": 1.86208283901,
        "min": -1.15738403797,
        "var": 1.93172514439
    },
    "melbands_spread": {
        "dmean": 4.77303743362,
        "dmean2": 7.43976354599,
        "dvar": 29.3425750732,
        "dvar2": 64.0234603882,
        "max": 153.766616821,
        "mean": 19.0647144318,
        "median": 16.650056839,
        "min": 0.742311835289,
        "var": 126.987197876
    },
    "pitch_salience": {
        "dmean": 0.0682691857219,
        "dmean2": 0.112437672913,
        "dvar": 0.00370761565864,
        "dvar2": 0.00946789514273,
        "max": 0.898148298264,
        "mean": 0.527988612652,
        "median": 0.528863608837,
        "min": 0.0803919434547,
        "var": 0.0115489372984
    },
    "silence_rate_20dB": {
        "dmean": 0,
        "dmean2": 0,
        "dvar": 0,
        "dvar2": 0,
        "max": 1,
        "mean": 1,
        "median": 1,
        "min": 1,
        "var": 0
    },
    "silence_rate_30dB": {
        "dmean": 0.0214627310634,
        "dmean2": 0.0429304726422,
        "dvar": 0.0210011005402,
        "dvar2": 0.0501837022603,
        "max": 1,
        "mean": 0.982855141163,
        "median": 1,
        "min": 0,
        "var": 0.0168503578752
    },
    "silence_rate_60dB": {
        "dmean": 0.00956491287798,
        "dmean2": 0.0191320572048,
        "dvar": 0.00947349052876,
        "dvar2": 0.02366585657,
        "max": 1,
        "mean": 0.046536039561,
        "median": 0,
        "min": 0,
        "var": 0.0443713702261
    },
    "spectral_centroid": {
        "dmean": 178.391845703,
        "dmean2": 277.310516357,
        "dvar": 44142.0117188,
        "dvar2": 92434.9140625,
        "max": 11059.4560547,
        "mean": 1071.17785645,
        "median": 989.419677734,
        "min": 177.401107788,
        "var": 238654.53125
    },
    "spectral_complexity": {
        "dmean": 2.41362428665,
        "dmean2": 3.95216989517,
        "dvar": 4.94758653641,
        "dvar2": 12.2012414932,
        "max": 48,
        "mean": 15.6376256943,
        "median": 16,
        "min": 0,
        "var": 40.4092750549
    },
    "spectral_decrease": {
        "dmean": 2.73767586378e-09,
        "dmean2": 4.31088675867e-09,
        "dvar": 2.34828585339e-17,
        "dvar2": 5.65606250529e-17,
        "max": 8.61716788717e-29,
        "mean": -7.82648257314e-09,
        "median": -6.70771704847e-09,
        "min": -8.40581151351e-08,
        "var": 4.54186080809e-17
    },
    "spectral_energy": {
        "dmean": 0.0106251528487,
        "dmean2": 0.0167116560042,
        "dvar": 0.000342975690728,
        "dvar2": 0.00082431989722,
        "max": 0.323232322931,
        "mean": 0.0311895236373,
        "median": 0.0268464311957,
        "min": 1.09494745867e-20,
        "var": 0.000694886839483
    },
    "spectral_energyband_high": {
        "dmean": 0.000115791168355,
        "dmean2": 0.000173074484337,
        "dvar": 4.70680170395e-08,
        "dvar2": 1.03004452967e-07,
        "max": 0.00424329470843,
        "mean": 0.000339110789355,
        "median": 0.000234162580455,
        "min": 7.68301993487e-21,
        "var": 1.75626283294e-07
    },
    "spectral_energyband_low": {
        "dmean": 0.0067407079041,
        "dmean2": 0.0109661081806,
        "dvar": 0.000298723753076,
        "dvar2": 0.000744488614146,
        "max": 0.25411644578,
        "mean": 0.0106046600267,
        "median": 0.00518405437469,
        "min": 5.53888902726e-23,
        "var": 0.00033053176594
    },
    "spectral_energyband_middle_high": {
        "dmean": 0.00197800644673,
        "dmean2": 0.00300865294412,
        "dvar": 1.10734754344e-05,
        "dvar2": 2.63332258328e-05,
        "max": 0.0670697540045,
        "mean": 0.00666922191158,
        "median": 0.00321506150067,
        "min": 1.36184372546e-21,
        "var": 7.25685240468e-05
    },
    "spectral_energyband_middle_low": {
        "dmean": 0.00538321351632,
        "dmean2": 0.0084762070328,
        "dvar": 5.10757563461e-05,
        "dvar2": 0.000120564887766,
        "max": 0.108747541904,
        "mean": 0.0142938457429,
        "median": 0.0107761975378,
        "min": 3.25983049214e-22,
        "var": 0.000158691284014
    },
    "spectral_entropy": {
        "dmean": 0.143085867167,
        "dmean2": 0.216168865561,
        "dvar": 0.0180145017803,
        "dvar2": 0.0366888791323,
        "max": 9.80360984802,
        "mean": 7.24641656876,
        "median": 7.2587518692,
        "min": 5.45953416824,
        "var": 0.156288921833
    },
    "spectral_flux": {
        "dmean": 0.0269339662045,
        "dmean2": 0.0437704212964,
        "dvar": 0.00109253101982,
        "dvar2": 0.00247036060318,
        "max": 0.440660834312,
        "mean": 0.0887796059251,
        "median": 0.0800995230675,
        "min": 6.62839366727e-11,
        "var": 0.00280993292108
    },
    "spectral_kurtosis": {
        "dmean": 2.82173490524,
        "dmean2": 4.94837522507,
        "dvar": 14.4743270874,
        "dvar2": 43.909034729,
        "max": 112.153106689,
        "mean": 4.70268583298,
        "median": 3.20364403725,
        "min": -1.26598191261,
        "var": 31.7120399475
    },
    "spectral_rms": {
        "dmean": 0.000833669502754,
        "dmean2": 0.00128718512133,
        "dvar": 1.10402447717e-06,
        "dvar2": 2.47882780968e-06,
        "max": 0.0177580583841,
        "mean": 0.00506565254182,
        "median": 0.00511777680367,
        "min": 3.26839640422e-12,
        "var": 4.76797231386e-06
    },
    "spectral_rolloff": {
        "dmean": 284.44039917,
        "dmean2": 491.885559082,
        "dvar": 369126,
        "dvar2": 845060.375,
        "max": 19509.0820312,
        "mean": 1044.88793945,
        "median": 839.794921875,
        "min": 64.599609375,
        "var": 773993.4375
    },
    "spectral_skewness": {
        "dmean": 0.291442930698,
        "dmean2": 0.493121296167,
        "dvar": 0.0873570814729,
        "dvar2": 0.260151952505,
        "max": 7.86115789413,
        "mean": 1.45176875591,
        "median": 1.36194348335,
        "min": -0.153195559978,
        "var": 0.305908232927
    },
    "spectral_spread": {
        "dmean": 296178,
        "dmean2": 436429.625,
        "dvar": 218654261248,
        "dvar2": 363158700032,
        "max": 41304464,
        "mean": 3363771.75,
        "median": 3240684.5,
        "min": 900158.6875,
        "var": 1.55028724122e+12
    },
    "spectral_strongpeak": {
        "dmean": 0.68512648344,
        "dmean2": 1.14968430996,
        "dvar": 1.03776466846,
        "dvar2": 2.55233097076,
        "max": 11.7853441238,
        "mean": 1.3216022253,
        "median": 0.703294873238,
        "min": 0,
        "var": 2.46041512489
    },
    "zerocrossingrate": {
        "dmean": 0.0062090260908,
        "dmean2": 0.00766006857157,
        "dvar": 6.66112100589e-05,
        "dvar2": 9.18060904951e-05,
        "max": 0.51171875,
        "mean": 0.0438578389585,
        "median": 0.041015625,
        "min": 0.0029296875,
        "var": 0.000483104173327
    },
    "barkbands": {
        "dmean": [0.000721295073163, 0.00471812579781, 0.00220851204358, 0.000724114710465, 0.00113161548506, 0.00238240067847, 0.00222782697529, 0.000797025742941, 0.000620179518592, 0.00110066519119, 0.000600837753154, 0.000378524011467, 0.000323626416503, 0.000324665597873, 0.000368950422853, 0.0001918633061, 0.00021714468312, 0.000138625255204, 0.000115674774861, 6.58319768263e-05, 2.7505970138e-05, 3.15637880703e-05, 3.97033800255e-05, 2.20913534577e-05, 7.2548357366e-07, 1.47487133617e-09, 1.24306531735e-09],
        "dmean2": [0.00117400684394, 0.00771440984681, 0.00395981874317, 0.00123138609342, 0.0018143877387, 0.00371384201571, 0.00358023121953, 0.00125339033548, 0.000974949740339, 0.00172874785494, 0.000923390151002, 0.000598350656219, 0.00049422273878, 0.000508159399033, 0.000587120593991, 0.000305562600261, 0.000342833431205, 0.000215245221625, 0.000178725225851, 0.000101524674392, 4.37405542471e-05, 4.85459495394e-05, 6.05082059337e-05, 3.3605912904e-05, 1.11387100787e-06, 2.61973265303e-09, 2.30859065198e-09],
        "dvar": [1.75794127699e-06, 0.00016354690888, 4.36915543105e-05, 3.32939998771e-06, 3.70294378627e-06, 2.10392863664e-05, 2.16935750359e-05, 3.6723440644e-06, 2.4787007078e-06, 6.87803958499e-06, 3.86407191399e-06, 1.46014212987e-06, 1.05866308786e-06, 8.84020096237e-07, 9.26526240619e-07, 2.81834275029e-07, 3.69160062519e-07, 1.14103741566e-07, 5.49159189234e-08, 1.61033764101e-08, 2.69338951142e-09, 6.13861539378e-09, 6.70856525886e-09, 4.36023972483e-09, 7.04972191734e-12, 6.08293030117e-18, 3.8430649959e-18],
        "dvar2": [4.50970537713e-06, 0.000407780607929, 0.000124659578432, 9.0120911409e-06, 8.99334918358e-06, 4.89439735247e-05, 5.22950649611e-05, 7.97466509539e-06, 5.63011371923e-06, 1.67291054822e-05, 8.79200888448e-06, 3.19604987453e-06, 2.21652044274e-06, 2.08414121516e-06, 2.18433137888e-06, 6.72165072046e-07, 8.22381934995e-07, 2.66183036501e-07, 1.18084116707e-07, 3.50914426406e-08, 6.46183551112e-09, 1.39902240903e-08, 1.51167434126e-08, 9.88955140002e-09, 1.60985530462e-11, 1.72128774672e-17, 1.2342453737e-17],
        "max": [0.0262973438948, 0.162824764848, 0.0927429199219, 0.0341021716595, 0.0347172692418, 0.0787409618497, 0.103645585477, 0.0562697090209, 0.0354889966547, 0.0602895319462, 0.0527319312096, 0.0294503029436, 0.0331574082375, 0.0200455188751, 0.0202234052122, 0.0110647622496, 0.0154304262251, 0.00858581718057, 0.0057312194258, 0.00313616683707, 0.000901024206541, 0.00229724822566, 0.00216189958155, 0.00173901126254, 7.87530225352e-05, 4.83014304109e-08, 3.02518721185e-08],
        "mean": [0.00126436771825, 0.00682325474918, 0.00212755147368, 0.000889423768967, 0.00207254942507, 0.00443395925686, 0.00379314995371, 0.0013946298277, 0.00100614666007, 0.00212076003663, 0.00111716077663, 0.000663813494612, 0.000588623632211, 0.000638784782495, 0.000637011020444, 0.000314471777529, 0.000385025719879, 0.00027187980595, 0.000235522442381, 0.00014281203039, 5.71455566387e-05, 7.24489727872e-05, 9.35427524382e-05, 4.45463847427e-05, 9.27804421735e-07, 1.69658587179e-09, 1.3804233312e-09],
        "median": [0.000367946806364, 0.00326844537631, 0.000671430956572, 0.000311214476824, 0.00109111506026, 0.00173579866532, 0.00118972046766, 0.000475502572954, 0.000322520994814, 0.000560360378586, 0.000177519832505, 0.000186697405297, 0.000127890569274, 0.000117854368, 0.000185500073712, 9.19617450563e-05, 0.000106544161099, 8.2891623606e-05, 8.89916118467e-05, 6.73806498526e-05, 3.45797634509e-05, 4.1352075641e-05, 5.10433092131e-05, 1.8111699319e-05, 1.81543846622e-08, 7.75486064253e-10, 7.47198525275e-10],
        "min": [3.23745675603e-24, 3.92685334516e-23, 9.59193171826e-24, 1.08863412343e-23, 5.45236865644e-23, 6.30686278897e-23, 1.33948234608e-23, 1.05044568256e-23, 3.31576192939e-23, 4.61541121737e-23, 3.53463706734e-23, 4.54199508837e-23, 6.74625768209e-23, 1.4350297469e-22, 2.9676240435e-23, 5.94586741697e-23, 1.03269484491e-22, 2.58988538278e-22, 1.64199024528e-22, 2.90003444115e-22, 4.55222825514e-22, 4.0201831002e-22, 6.63190188092e-22, 7.38336093425e-22, 1.06585947875e-21, 1.49591453643e-21, 2.27142826855e-21],
        "var": [3.57341355084e-06, 0.000176843634108, 2.99252224067e-05, 3.19367859447e-06, 8.25757342682e-06, 5.05375210196e-05, 4.95473541378e-05, 1.09558914119e-05, 5.26400754097e-06, 2.29966190091e-05, 1.41935270221e-05, 3.6311103031e-06, 3.37893516189e-06, 3.43334704667e-06, 2.2417495984e-06, 5.83911003105e-07, 8.94376967153e-07, 3.37848291565e-07, 1.47026142372e-07, 4.68973162526e-08, 5.79279912927e-09, 1.667124927e-08, 1.98950882435e-08, 9.50821554824e-09, 1.09846515564e-11, 7.17888877811e-18, 3.05910043445e-18]
    },
    "erbbands": {
        "dmean": [0.177755564451, 0.989833652973, 2.44612193108, 2.51007413864, 2.16078925133, 4.01150178909, 12.2665576935, 20.4174938202, 34.012802124, 20.6164321899, 18.3143196106, 13.3342094421, 24.6747264862, 35.9615097046, 18.0366020203, 15.4798583984, 15.3896932602, 17.1149578094, 17.7532482147, 11.3727140427, 10.8875236511, 9.68660736084, 6.60146713257, 7.42759847641, 4.27171850204, 2.97212529182, 1.58289372921, 0.902095913887, 1.07750344276, 1.1651507616, 1.20721435547, 0.678031980991, 0.254116743803, 0.0244988296181, 0.00073620013427, 5.23359594808e-05, 9.37239292398e-06, 2.31039234677e-06, 5.09134770255e-06, 1.17994477478e-05],
        "dmean2": [0.290821999311, 1.6333616972, 4.33220863342, 4.34776544571, 3.58785152435, 6.4709239006, 19.1102485657, 32.1307487488, 53.8425102234, 33.1216049194, 28.3392467499, 20.8647823334, 38.2856674194, 55.5989990234, 27.8391017914, 24.0781726837, 23.104429245, 26.8021659851, 27.8369312286, 18.1051864624, 16.9215259552, 14.8636283875, 10.1506948471, 11.2564725876, 6.61125230789, 4.59429502487, 2.48965549469, 1.42653059959, 1.6675028801, 1.83131468296, 1.86810302734, 1.05189943314, 0.380058288574, 0.0348248928785, 0.001050697756, 7.58714159019e-05, 1.39082967507e-05, 3.56088389708e-06, 7.91869297245e-06, 1.85084500117e-05],
        "dvar": [0.185666933656, 8.54895782471, 55.5158576965, 47.6241378784, 17.0346717834, 46.3574409485, 699.359191895, 1995.21337891, 4852.21826172, 2671.62524414, 1921.5958252, 1165.2376709, 3148.78930664, 9473.43554688, 4778.97851562, 1872.9329834, 2539.62597656, 2392.68847656, 2233.71362305, 837.21472168, 874.656677246, 794.050231934, 320.776428223, 277.48614502, 69.8623962402, 34.5448608398, 8.3822555542, 3.53964424133, 7.2148065567, 7.74788141251, 5.89904356003, 3.81789040565, 0.648508250713, 0.00573825556785, 5.40579731023e-06, 2.16945021947e-08, 3.78975961723e-10, 1.91483998796e-11, 6.85008577639e-11, 4.04974331847e-10],
        "dvar2": [0.487055748701, 21.4172306061, 156.923080444, 130.644622803, 47.1158294678, 116.130836487, 1561.49462891, 4648.94775391, 11243.2060547, 6406.92626953, 4064.70507812, 2650.46923828, 7387.65673828, 22627.2148438, 11204.2792969, 4048.34863281, 5261.09472656, 5808.22070312, 5370.41162109, 1903.39099121, 1979.62902832, 1706.53479004, 751.651672363, 597.24609375, 160.338638306, 77.5236129761, 19.3325748444, 8.57754516602, 16.3277320862, 18.1779174805, 13.2735967636, 9.24211406708, 1.40186810493, 0.01213333942, 1.12896195787e-05, 4.52248123395e-08, 8.0055834184e-10, 4.17975133671e-11, 1.61111249342e-10, 9.69380908877e-10],
        "max": [6.28801965714, 39.9750289917, 99.5464706421, 100.979476929, 79.509552002, 122.945274353, 474.178833008, 976.587768555, 1600.36523438, 1186.55383301, 1203.45336914, 690.348632812, 1322.77514648, 2423.22631836, 2734.40893555, 1264.10180664, 1853.28271484, 1162.16967773, 1267.93859863, 579.468811035, 733.78894043, 638.881652832, 472.314727783, 373.56628418, 181.431304932, 126.007911682, 75.8584899902, 42.060710907, 81.007484436, 87.7423171997, 64.9422912598, 54.7625694275, 20.6073741913, 1.90619766712, 0.0615829788148, 0.00420753052458, 0.00052404316375, 0.000110419408884, 0.00014935368381, 0.000354919582605],
        "mean": [0.279674261808, 1.20047128201, 2.48003864288, 2.99090099335, 3.39298391342, 6.95855760574, 21.7038440704, 37.2134895325, 60.7743873596, 36.6604270935, 32.4337081909, 23.108537674, 49.059967041, 70.2590484619, 38.5146713257, 30.4271717072, 29.4631958008, 36.3422966003, 34.1710700989, 20.8821907043, 21.2128601074, 19.1210803986, 14.4722013474, 14.7522783279, 10.1029434204, 6.84591913223, 3.45129990578, 2.02071833611, 2.45937252045, 2.65190815926, 2.77508974075, 1.43696916103, 0.487466931343, 0.0428253114223, 0.00140221684705, 0.000128058600239, 2.99330476992e-05, 7.84365056461e-06, 1.71129540831e-05, 3.62972459698e-05],
        "median": [0.125948786736, 0.500950157642, 0.845156788826, 1.11321139336, 1.71147251129, 3.53804254532, 7.59197235107, 13.8648004532, 21.8230361938, 12.2132701874, 12.8414878845, 9.407579422, 14.4361095428, 17.6986999512, 8.07112121582, 9.90827178955, 7.78102207184, 8.51558685303, 9.3615064621, 7.96806335449, 6.78026580811, 5.46868658066, 4.52466392517, 5.40574026108, 4.21654415131, 3.25191068649, 2.09923696518, 1.23991680145, 1.40992891788, 1.44955074787, 1.49390149117, 0.670961856842, 0.152538239956, 0.00811382196844, 0.000394067610614, 6.68153952574e-05, 2.2252486815e-05, 6.08445498074e-06, 1.54713598022e-05, 3.16983496305e-05],
        "min": [1.30152163988e-21, 7.94040558352e-21, 1.19104322763e-20, 2.32229195984e-20, 1.98813813424e-20, 1.74848946743e-19, 4.49420409991e-19, 3.63774284464e-19, 2.2177503214e-19, 3.06642470518e-19, 2.61977664271e-19, 7.35087906621e-19, 1.26160056742e-18, 2.19323651376e-18, 1.7221018372e-18, 2.26473056128e-18, 3.14279374165e-18, 5.363327836e-18, 3.33401060231e-18, 2.40258413947e-18, 3.60030981999e-18, 6.56312891268e-18, 1.08115971947e-17, 1.28588981621e-17, 7.29546003312e-18, 1.36479771813e-17, 1.76715127209e-17, 1.46694542479e-17, 1.46856587161e-17, 1.61813269951e-17, 1.9281128438e-17, 1.57879877246e-17, 1.3129823801e-17, 1.1608778448e-17, 8.05567293046e-18, 5.69330383083e-18, 2.53185613239e-18, 1.13056854095e-18, 2.87177488988e-19, 3.5182812267e-20],
        "var": [0.220372229815, 8.21751022339, 38.6033592224, 40.0582923889, 25.2259044647, 96.9775161743, 1748.5703125, 4485.69482422, 11129.0185547, 6369.09423828, 5460.51367188, 2328.74194336, 10207.4619141, 33382.28125, 20450.9726562, 5915.85839844, 7668.70068359, 9863.01367188, 6872.72021484, 1704.55725098, 2342.43066406, 2130.67382812, 1000.16296387, 712.10546875, 242.812301636, 101.231468201, 20.6089439392, 8.10576343536, 19.0948162079, 22.5259799957, 16.9912109375, 7.54419279099, 1.47318804264, 0.0128907058388, 1.24659791254e-05, 5.62270336957e-08, 1.20287624306e-09, 6.68217148281e-11, 1.77132794543e-10, 8.86012707646e-10]
    },
    "gfcc": {
        "mean": [-49.1709136963, 157.586380005, -161.065292358, 47.7198257446, -69.5566940308, 4.80437469482, -17.3693828583, -12.762462616, 12.1808948517, -19.3257827759, 14.2561321259, -10.6230669022, 2.56059575081],
        "cov": [[5155.54589844, -679.706298828, 269.968719482, 815.634338379, -612.652099609, 739.045349121, -550.985900879, 153.823379517, 34.1208076477, -328.458282471, 473.751098633, -151.644073486, 220.037994385], [-679.706298828, 1422.7611084, 486.55859375, -97.7112808228, 762.894714355, -297.018890381, 361.530853271, -89.4442214966, -21.2324581146, 189.196594238, -73.0155410767, 101.726371765, -29.3066234589], [269.968719482, 486.55859375, 1048.63061523, 441.783813477, 139.309494019, 155.191680908, -117.602310181, 82.268371582, 24.590171814, 32.3763999939, 87.3152160645, 52.1685829163, 80.4164276123], [815.634338379, -97.7112808228, 441.783813477, 566.298583984, -59.8221664429, 225.010910034, -135.862380981, 68.0299835205, 90.1036682129, -74.4158248901, 91.342918396, 20.8934745789, 39.5108032227], [-612.652099609, 762.894714355, 139.309494019, -59.8221664429, 655.095275879, -159.678329468, 299.778533936, -4.31294345856, 2.09185743332, 160.566665649, -73.9738006592, 59.1792030334, -42.4265785217], [739.045349121, -297.018890381, 155.191680908, 225.010910034, -159.678329468, 427.743133545, -60.0897331238, 46.8149337769, -1.0076738596, -67.9739685059, 87.4787826538, -79.2439498901, 47.9251556396], [-550.985900879, 361.530853271, -117.602310181, -135.862380981, 299.778533936, -60.0897331238, 364.953948975, -36.3479042053, -8.57513523102, 96.5214309692, -100.552810669, 18.9317569733, -53.8270568848], [153.823379517, -89.4442214966, 82.268371582, 68.0299835205, -4.31294345856, 46.8149337769, -36.3479042053, 145.915145874, 36.9197387695, -5.97110319138, 28.6436653137, -7.24762058258, 20.5589885712], [34.1208076477, -21.2324581146, 24.590171814, 90.1036682129, 2.09185743332, -1.0076738596, -8.57513523102, 36.9197387695, 129.658599854, -0.190489858389, 1.85260653496, 34.337562561, -18.5677757263], [-328.458282471, 189.196594238, 32.3763999939, -74.4158248901, 160.566665649, -67.9739685059, 96.5214309692, -5.97110319138, -0.190489858389, 158.685287476, -13.9999456406, 13.2097072601, -5.54433679581], [473.751098633, -73.0155410767, 87.3152160645, 91.342918396, -73.9738006592, 87.4787826538, -100.552810669, 28.6436653137, 1.85260653496, -13.9999456406, 162.267776489, 1.40983498096, 32.8405380249], [-151.644073486, 101.726371765, 52.1685829163, 20.8934745789, 59.1792030334, -79.2439498901, 18.9317569733, -7.24762058258, 34.337562561, 13.2097072601, 1.40983498096, 112.661651611, 13.3485803604], [220.037994385, -29.3066234589, 80.4164276123, 39.5108032227, -42.4265785217, 47.9251556396, -53.8270568848, 20.5589885712, -18.5677757263, -5.54433679581, 32.8405380249, 13.3485803604, 97.3465957642]],
        "icov": [[0.000517929089256, -0.000753548985813, 0.00077515875455, -0.00085943803424, 0.000534295861144, -0.000650266767479, 0.000568453921005, -0.000521063338965, 0.000225164549192, 0.0001270333305, -0.000642138184048, 0.000292892713333, -0.000485067488626], [-0.000753548985813, 0.00657745497301, -0.00484631583095, 0.00322878407314, -0.0051826974377, 0.00401665782556, -0.00392416073009, 0.00479023065418, -0.00214741681702, 0.00232238532044, -0.00142806698568, 0.00173461122904, -0.00107471866067], [0.00077515875455, -0.00484631583095, 0.00556275108829, -0.00402535544708, 0.00305822957307, -0.00340733490884, 0.00386723200791, -0.00391825521365, 0.00251726806164, -0.00245667551644, 0.00090537162032, -0.00181591743603, 8.73755197972e-05], [-0.00085943803424, 0.00322878407314, -0.00402535544708, 0.00642647128552, -0.00284731970169, 0.000574449950363, -0.00140184140764, 0.00251238117926, -0.0035560389515, 0.00229583401233, -0.000245278439252, -0.000330792594468, 0.000382690544939], [0.000534295861144, -0.0051826974377, 0.00305822957307, -0.00284731970169, 0.00767263304442, -0.00193533813581, 0.000303466513287, -0.00436027348042, 0.00214365054853, -0.0033408368472, 0.000991038279608, -0.00164714606944, 0.00135688995942], [-0.000650266767479, 0.00401665782556, -0.00340733490884, 0.000574449950363, -0.00193533813581, 0.0075004696846, -0.00463727349415, 0.00268554547802, -0.00145816605072, 0.00223296531476, -0.00240494357422, 0.00470962561667, -0.00239216187038], [0.000568453921005, -0.00392416073009, 0.00386723200791, -0.00140184140764, 0.000303466513287, -0.00463727349415, 0.00918424315751, -0.00243417103775, 0.00174850493204, -0.00294833933003, 0.0033161144238, -0.00285101635382, 0.00235353689641], [-0.000521063338965, 0.00479023065418, -0.00391825521365, 0.00251238117926, -0.00436027348042, 0.00268554547802, -0.00243417103775, 0.0120289297774, -0.00482326047495, 0.0021371440962, -0.00190324452706, 0.00326808425598, -0.00287619046867], [0.000225164549192, -0.00214741681702, 0.00251726806164, -0.0035560389515, 0.00214365054853, -0.00145816605072, 0.00174850493204, -0.00482326047495, 0.0126883480698, -0.00246528047137, 0.00153640005738, -0.0051279948093, 0.00431061908603], [0.0001270333305, 0.00232238532044, -0.00245667551644, 0.00229583401233, -0.0033408368472, 0.00223296531476, -0.00294833933003, 0.0021371440962, -0.00246528047137, 0.0110430186614, -0.00278803613037, 0.00251690787263, -0.00237319641747], [-0.000642138184048, -0.00142806698568, 0.00090537162032, -0.000245278439252, 0.000991038279608, -0.00240494357422, 0.0033161144238, -0.00190324452706, 0.00153640005738, -0.00278803613037, 0.0107140475884, -0.00325703527778, 0.00119108369108], [0.000292892713333, 0.00173461122904, -0.00181591743603, -0.000330792594468, -0.00164714606944, 0.00470962561667, -0.00285101635382, 0.00326808425598, -0.0051279948093, 0.00251690787263, -0.00325703527778, 0.0154531700537, -0.00566358864307], [-0.000485067488626, -0.00107471866067, 8.73755197972e-05, 0.000382690544939, 0.00135688995942, -0.00239216187038, 0.00235353689641, -0.00287619046867, 0.00431061908603, -0.00237319641747, 0.00119108369108, -0.00566358864307, 0.015557651408]]
    },
    "melbands": {
        "dmean": [0.00141925935168, 0.0012421606807, 0.000411032553529, 0.000195153668756, 0.000363696162822, 0.000467072532047, 0.000508314813487, 0.000204014155315, 0.000147559840116, 8.67753333296e-05, 0.000127309496747, 0.000150452571688, 6.78048818372e-05, 4.826535951e-05, 3.5209912312e-05, 3.19174505421e-05, 3.52582792402e-05, 2.8491649573e-05, 2.47770385613e-05, 1.24497737488e-05, 1.50480327648e-05, 1.29615445985e-05, 7.88518354966e-06, 6.36049480818e-06, 6.84135875417e-06, 4.08698497267e-06, 2.592777264e-06, 2.14930491893e-06, 1.32600519009e-06, 6.62966670006e-07, 5.71906070945e-07, 6.51340315017e-07, 7.35119840556e-07, 6.81490121224e-07, 7.65592233165e-07, 6.61007334202e-07, 3.66953372577e-07, 2.27755336368e-07, 7.17121295679e-08, 4.91124518831e-09],
        "dmean2": [0.00230881478637, 0.00213130330667, 0.000708481937181, 0.000321373081533, 0.000565550522879, 0.000730725703761, 0.000810993020423, 0.000327170273522, 0.000227022828767, 0.000136076807394, 0.0001978554792, 0.000234064413235, 0.000104339771497, 7.37192895031e-05, 5.44635768165e-05, 4.86231583636e-05, 5.54613761778e-05, 4.4208856707e-05, 3.96210161853e-05, 1.98417874344e-05, 2.33037462749e-05, 1.99289843295e-05, 1.23066056403e-05, 9.88251849776e-06, 1.0355307495e-05, 6.4264258981e-06, 4.02177101932e-06, 3.36877315021e-06, 2.10260600397e-06, 1.06859204152e-06, 9.2376194516e-07, 1.02442584193e-06, 1.1697801483e-06, 1.07830237539e-06, 1.19770834317e-06, 1.03808770291e-06, 5.72377246044e-07, 3.45840277305e-07, 1.04687956082e-07, 7.17500903136e-09],
        "dvar": [1.34345782499e-05, 1.39359208333e-05, 1.15092848318e-06, 9.63181392422e-08, 5.57364501219e-07, 9.39884046147e-07, 1.03609193047e-06, 2.52577677884e-07, 1.30256296416e-07, 4.86409206246e-08, 8.27555055594e-08, 1.71178967889e-07, 6.03263785592e-08, 2.26753851251e-08, 1.02353583387e-08, 9.83382797415e-09, 1.14732570111e-08, 5.98166227661e-09, 4.94360685721e-09, 1.14152409747e-09, 1.80399761796e-09, 1.64416069648e-09, 3.76973174898e-10, 3.39515165981e-10, 2.54048893034e-10, 7.3740069606e-11, 2.8761092466e-11, 2.04457596686e-11, 7.49322479066e-12, 1.63953475362e-12, 1.47986744387e-12, 2.61109623506e-12, 3.50277012257e-12, 2.40101601795e-12, 2.30481497603e-12, 3.11637369556e-12, 1.26279509852e-12, 5.46028771243e-13, 4.47939889391e-14, 4.41954554474e-16],
        "dvar2": [3.38406280207e-05, 3.77013493562e-05, 3.16167097481e-06, 2.56451016867e-07, 1.24494681586e-06, 2.20378728955e-06, 2.43201975536e-06, 5.95925769176e-07, 2.72831158554e-07, 1.10275884424e-07, 1.92766151486e-07, 4.12440272157e-07, 1.38674963068e-07, 4.56304434238e-08, 2.25832508249e-08, 2.01568202129e-08, 2.77853722253e-08, 1.38054172538e-08, 1.14487734848e-08, 2.67158006828e-09, 3.97026767018e-09, 3.48929929395e-09, 8.91181517471e-10, 7.74597386233e-10, 5.45260891993e-10, 1.77066861173e-10, 6.26042273577e-11, 4.67969586693e-11, 1.69357305957e-11, 4.02858692586e-12, 3.66599329019e-12, 6.19212970829e-12, 8.366612958e-12, 5.65361863228e-12, 5.28608016734e-12, 7.80032202025e-12, 3.04113982261e-12, 1.20891404526e-12, 9.90630442802e-14, 9.90553574562e-16],
        "max": [0.0490053743124, 0.0516526922584, 0.0157532840967, 0.00569469155744, 0.0122436434031, 0.0190418623388, 0.0242745932192, 0.0142238084227, 0.0099404072389, 0.0044813961722, 0.00645671179518, 0.0102652516216, 0.00771957822144, 0.00394807197154, 0.00283906748518, 0.00334946392104, 0.00263837911189, 0.00202346988954, 0.00150013330858, 0.000814590544906, 0.00109621463344, 0.000824563729111, 0.000440232252004, 0.000679521006532, 0.000337929144735, 0.000162159572938, 0.000108835571154, 9.33121555136e-05, 8.94382610568e-05, 2.14723058889e-05, 2.71516546491e-05, 4.54764958704e-05, 6.20596911176e-05, 5.23632443219e-05, 4.51277992397e-05, 6.74048715155e-05, 2.83049175778e-05, 1.79040143848e-05, 4.32205297329e-06, 5.95379901824e-07],
        "mean": [0.00220027402975, 0.00141119514592, 0.000525296025444, 0.000330874230713, 0.000662250502501, 0.000869208772201, 0.000920940830838, 0.000359402853064, 0.000250956363743, 0.000144721765537, 0.000245545816142, 0.000285997928586, 0.00013504990784, 8.6477935838e-05, 6.62234597257e-05, 5.63357571082e-05, 7.06998253008e-05, 5.08870034537e-05, 4.13475208916e-05, 2.05009764613e-05, 2.66647184617e-05, 2.13014554902e-05, 1.56449950737e-05, 1.16230121421e-05, 1.21341281556e-05, 8.13593942439e-06, 5.49290143681e-06, 4.37219932792e-06, 2.52053087024e-06, 1.25861106426e-06, 1.14280601338e-06, 1.35014840907e-06, 1.49608376887e-06, 1.44054683915e-06, 1.66565098425e-06, 1.33083710807e-06, 7.03029570559e-07, 4.04639337148e-07, 1.14651619754e-07, 6.11925266014e-09],
        "median": [0.00106214650441, 0.000559556880035, 0.000217321605305, 0.000185336597497, 0.000239079599851, 0.000322932872223, 0.000333066011081, 0.000113887406769, 9.11208917387e-05, 4.9890968512e-05, 6.5221596742e-05, 6.46735570626e-05, 2.26366282732e-05, 2.17724846152e-05, 1.97457557078e-05, 1.31383294502e-05, 1.24591661006e-05, 1.18566822493e-05, 1.29099917103e-05, 6.89936177878e-06, 7.24087294657e-06, 5.73989882469e-06, 4.01386341764e-06, 3.77532069251e-06, 3.98377324018e-06, 2.89692434308e-06, 2.37523772739e-06, 1.87442287825e-06, 1.2453757563e-06, 7.21202582099e-07, 6.34937293853e-07, 7.39485358281e-07, 7.7925358255e-07, 7.37993275379e-07, 8.83844222699e-07, 6.04758838563e-07, 2.85249740273e-07, 1.14466345735e-07, 1.00826023086e-08, 5.8357922661e-11],
        "min": [1.14019486106e-23, 8.03228034457e-24, 5.29942398859e-24, 4.39723729788e-24, 1.80316374211e-23, 1.00069687954e-23, 3.74402812506e-24, 3.06258187335e-24, 1.86415345804e-24, 4.66412195832e-24, 6.32437005793e-24, 8.43796863116e-24, 5.0801253901e-24, 4.4174120211e-24, 7.8189360682e-24, 7.04017337143e-24, 1.08988817561e-23, 6.12728972684e-24, 2.56176701957e-24, 4.32825496159e-24, 4.05311566064e-24, 5.04528534822e-24, 1.09103833481e-23, 9.84769304551e-24, 1.0291488047e-23, 3.73360096161e-24, 7.64499933835e-24, 8.96069232165e-24, 1.01129901234e-23, 7.66325042425e-24, 7.01803556784e-24, 7.72813817801e-24, 6.70724645929e-24, 9.06159552004e-24, 8.33713485254e-24, 1.13890728229e-23, 7.41754076266e-24, 8.53269110436e-24, 9.42023140907e-24, 9.98016961276e-24],
        "var": [1.54232984642e-05, 1.10061873784e-05, 9.89753289105e-07, 1.79373913056e-07, 1.44910245581e-06, 2.27412851928e-06, 2.46490321842e-06, 6.34989987702e-07, 3.57635911996e-07, 1.04766442632e-07, 2.66662596005e-07, 6.00511043558e-07, 2.51827827924e-07, 6.39363335608e-08, 3.12025001392e-08, 2.93577500088e-08, 4.75885038043e-08, 1.89208133605e-08, 1.00691597282e-08, 2.35136687898e-09, 4.69206096199e-09, 3.51037665602e-09, 1.25697374731e-09, 7.52119921898e-10, 5.92651316911e-10, 1.97532962209e-10, 8.2042130034e-11, 4.95823035407e-11, 1.63743411191e-11, 3.23179915988e-12, 3.04098109541e-12, 5.83247512786e-12, 8.70631605004e-12, 6.78122228509e-12, 6.30859297093e-12, 5.47500239589e-12, 2.43731727509e-12, 1.15048899227e-12, 9.18836675582e-14, 6.94917635449e-16]
    },
    "mfcc": {
        "mean": [-663.799072266, 151.169189453, -15.8955583572, 28.8032913208, -12.7257642746, 11.0996360779, -15.976978302, 14.7932024002, -13.2388591766, 14.9563360214, -6.55646181107, 7.36202096939, -0.495440989733],
        "cov": [[4351.69677734, -892.398376465, 320.344360352, 198.00151062, -52.3567276001, 275.558807373, -260.05255127, 403.974609375, -461.860015869, 270.771972656, -406.350067139, 132.743881226, -30.7498874664], [-892.398376465, 1367.5020752, -7.82968425751, 209.777542114, 276.297424316, 30.3763847351, 295.84286499, -125.270599365, 147.109161377, -34.61170578, 122.687606812, -53.0693702698, 123.601539612], [320.344360352, -7.82968425751, 989.329284668, 232.972640991, 308.367218018, 94.9331893921, -2.14737582207, 51.9395828247, -19.751625061, -23.7790622711, -42.1831321716, 80.8029708862, 2.73880338669], [198.00151062, 209.777542114, 232.972640991, 406.575256348, 194.150238037, 80.0458145142, -8.69287586212, 78.2044754028, 21.9625988007, -11.610244751, -1.33961629868, 74.1234207153, 52.0930213928], [-52.3567276001, 276.297424316, 308.367218018, 194.150238037, 363.769256592, 24.8659114838, 77.2640380859, 14.8176832199, 43.3474960327, 2.89114785194, 22.2514019012, 54.1929016113, 49.9708366394], [275.558807373, 30.3763847351, 94.9331893921, 80.0458145142, 24.8659114838, 255.007110596, 78.5158538818, 55.4120903015, 19.2345867157, 44.8286399841, 3.71576857567, -9.30740070343, 12.4158496857], [-260.05255127, 295.84286499, -2.14737582207, -8.69287586212, 77.2640380859, 78.5158538818, 281.374420166, -35.1337280273, 74.3679733276, 43.4821968079, 59.5874977112, -45.3044204712, 35.5259361267], [403.974609375, -125.270599365, 51.9395828247, 78.2044754028, 14.8176832199, 55.4120903015, -35.1337280273, 189.525192261, -19.601858139, 34.0300140381, -36.115032196, 41.663860321, -10.8300027847], [-461.860015869, 147.109161377, -19.751625061, 21.9625988007, 43.3474960327, 19.2345867157, 74.3679733276, -19.601858139, 215.171569824, -29.5141124725, 87.7837600708, -16.0731620789, 9.21392631531], [270.771972656, -34.61170578, -23.7790622711, -11.610244751, 2.89114785194, 44.8286399841, 43.4821968079, 34.0300140381, -29.5141124725, 148.968704224, -10.6926116943, -4.32304477692, -0.857220590115], [-406.350067139, 122.687606812, -42.1831321716, -1.33961629868, 22.2514019012, 3.71576857567, 59.5874977112, -36.115032196, 87.7837600708, -10.6926116943, 153.935241699, 0.155486986041, 4.85677957535], [132.743881226, -53.0693702698, 80.8029708862, 74.1234207153, 54.1929016113, -9.30740070343, -45.3044204712, 41.663860321, -16.0731620789, -4.32304477692, 0.155486986041, 116.878036499, 23.7188606262], [-30.7498874664, 123.601539612, 2.73880338669, 52.0930213928, 49.9708366394, 12.4158496857, 35.5259361267, -10.8300027847, 9.21392631531, -0.857220590115, 4.85677957535, 23.7188606262, 111.326309204]],
