{
"lowlevel": {
    "average_loudness": 0.843497157097,
    "barkbands_crest": {
        "dmean": 3.19654369354,
        "dmean2": 5.37979602814,
        "dvar": 7.91546201706,
        "dvar2": 22.2093982697,
        "max": 25.2884864807,
        "mean": 10.8949050903,
        "median": 10.1707382202,
        "min": 2.75259900093,
        "var": 19.123260498
    },
    "barkbands_flatness_db": {
        "dmean": 0.0228916928172,
        "dmean2": 0.0367479734123,
        "dvar": 0.000398810341721,
        "dvar2": 0.00100138946436,
        "max": 0.498963236809,
        "mean": 0.195577248931,
        "median": 0.186228260398,
        "min": 0.0685546472669,
        "var": 0.00277193635702
    },
    "barkbands_kurtosis": {
        "dmean": 2.65674376488,
        "dmean2": 4.29060220718,
        "dvar": 41.1314468384,
        "dvar2": 106.227493286,
        "max": 271.994750977,
        "mean": 3.49629664421,
        "median": 1.32539176941,
        "min": -1.9068107605,
        "var": 79.4017791748
    },
    "barkbands_skewness": {
        "dmean": 0.542885541916,
        "dmean2": 0.86019128561,
        "dvar": 0.309692174196,
        "dvar2": 0.781888604164,
        "max": 14.1448926926,
        "mean": 1.4413574934,
        "median": 1.29752361774,
        "min": -2.03633856773,
        "var": 1.27260935307
    },
    "barkbands_spread": {
        "dmean": 5.25073051453,
        "dmean2": 8.31963539124,
        "dvar": 34.9041519165,
        "dvar2": 79.1733398438,
        "max": 82.5268859863,
        "mean": 21.9383411407,
        "median": 20.9302654266,
        "min": 0.371872723103,
        "var": 144.618530273
    },
    "dissonance": {
        "dmean": 0.0219219457358,
        "dmean2": 0.0375361330807,
        "dvar": 0.000443876633653,
        "dvar2": 0.00121162179857,
        "max": 0.500000119209,
        "mean": 0.460140913725,
        "median": 0.469177246094,
        "min": 0.157008588314,
        "var": 0.00110745325219
    },
    "dynamic_complexity": 3.11037039757,
    "erbbands_crest": {
        "dmean": 2.85192465782,
        "dmean2": 4.56958913803,
        "dvar": 7.07414913177,
        "dvar2": 17.107301712,
        "max": 32.8547973633,
        "mean": 10.3826589584,
        "median": 8.83050727844,
        "min": 2.10322022438,
        "var": 31.4911613464
    },
    "erbbands_flatness_db": {
        "dmean": 0.0147508122027,
        "dmean2": 0.0222479831427,
        "dvar": 0.000180439878022,
        "dvar2": 0.000374248658773,
        "max": 0.551295340061,
        "mean": 0.217568859458,
        "median": 0.20626911521,
        "min": 0.0969940796494,
        "var": 0.00283506861888
    },
    "erbbands_kurtosis": {
        "dmean": 0.970831692219,
        "dmean2": 1.52626168728,
        "dvar": 2.95039582253,
        "dvar2": 6.51179265976,
        "max": 82.9590377808,
        "mean": 0.782232344151,
        "median": -0.0038800239563,
        "min": -1.81064522266,
        "var": 10.7859172821
    },
    "erbbands_skewness": {
        "dmean": 0.366473704576,
        "dmean2": 0.567093133926,
        "dvar": 0.111246578395,
        "dvar2": 0.252142816782,
        "max": 6.8781003952,
        "mean": 0.360324561596,
        "median": 0.334676027298,
        "min": -2.97526955605,
        "var": 0.640679001808
    },
    "erbbands_spread": {
        "dmean": 6.74105834961,
        "dmean2": 10.3556919098,
        "dvar": 48.5095748901,
        "dvar2": 106.086585999,
        "max": 118.620658875,
        "mean": 34.8475112915,
        "median": 32.1578559875,
        "min": 0.727999806404,
        "var": 308.08505249
    },
    "hfc": {
        "dmean": 5.43146467209,
        "dmean2": 8.39180088043,
        "dvar": 43.1796379089,
        "dvar2": 106.771659851,
        "max": 95.8695297241,
        "mean": 23.2243690491,
        "median": 20.9779281616,
        "min": 1.13786184204e-16,
        "var": 289.556518555
    },
    "melbands_crest": {
        "dmean": 3.79717946053,
        "dmean2": 6.38577318192,
        "dvar": 10.3368463516,
        "dvar2": 28.8401737213,
        "max": 36.7383728027,
        "mean": 14.7829198837,
        "median": 14.3638725281,
        "min": 1.90119588375,
        "var": 27.2554454803
    },
    "melbands_flatness_db": {
        "dmean": 0.0291896499693,
        "dmean2": 0.0449777804315,
        "dvar": 0.000670833338518,
        "dvar2": 0.00157435715664,
        "max": 0.649137079716,
        "mean": 0.229897677898,
        "median": 0.21766141057,
        "min": 0.00553127937019,
        "var": 0.00575883965939
    },
    "melbands_kurtosis": {
        "dmean": 6.15249013901,
        "dmean2": 10.0328502655,
        "dvar": 114.029342651,
        "dvar2": 294.579406738,
        "max": 280.924591064,
        "mean": 11.0251150131,
        "median": 6.57590770721,
        "min": -1.73717498779,
        "var": 252.649398804
    },
    "melbands_skewness": {
        "dmean": 0.737482070923,
        "dmean2": 1.18062949181,
        "dvar": 0.526187896729,
        "dvar2": 1.33573949337,
        "max": 14.6910972595,
        "mean": 2.44485712051,
        "median": 2.2526974678,
        "min": -1.67945027351,
        "var": 2.22037696838
    },
    "melbands_spread": {
        "dmean": 7.06933403015,
        "dmean2": 11.0613136292,
        "dvar": 76.4882125854,
        "dvar2": 166.570373535,
        "max": 185.830810547,
        "mean": 23.2184848785,
        "median": 20.0763187408,
        "min": 0.452662348747,
        "var": 252.098815918
    },
    "pitch_salience": {
        "dmean": 0.078115388751,
        "dmean2": 0.128436505795,
        "dvar": 0.00464104767889,
        "dvar2": 0.0125134009868,
        "max": 0.956768751144,
        "mean": 0.508779883385,
        "median": 0.505422532558,
        "min": 0.113494120538,
        "var": 0.0141273373738
    },
    "silence_rate_20dB": {
        "dmean": 0,
        "dmean2": 0,
        "dvar": 0,
        "dvar2": 0,
        "max": 1,
        "mean": 1,
        "median": 1,
        "min": 1,
        "var": 0
    },
    "silence_rate_30dB": {
        "dmean": 0.015005861409,
        "dmean2": 0.0300152413547,
        "dvar": 0.0147816985846,
        "dvar2": 0.036853864789,
        "max": 1,
        "mean": 0.98464423418,
        "median": 1,
        "min": 0,
        "var": 0.0151200145483
    },
    "silence_rate_60dB": {
        "dmean": 0.0145369283855,
        "dmean2": 0.0290772654116,
        "dvar": 0.0143276182935,
        "dvar2": 0.0319783389568,
        "max": 1,
        "mean": 0.0825225636363,
        "median": 0,
        "min": 0,
        "var": 0.0757250189781
    },
    "spectral_centroid": {
        "dmean": 246.91758728,
        "dmean2": 377.72567749,
        "dvar": 76513.1328125,
        "dvar2": 156339.390625,
        "max": 11772.6298828,
        "mean": 1471.11132812,
        "median": 1447.31604004,
        "min": 194.840835571,
        "var": 406291.15625
    },
    "spectral_complexity": {
        "dmean": 3.40211009979,
        "dmean2": 5.38281154633,
        "dvar": 13.1292667389,
        "dvar2": 31.0455608368,
        "max": 57,
        "mean": 20.7805652618,
        "median": 21,
        "min": 0,
        "var": 113.557823181
    },
    "spectral_decrease": {
        "dmean": 3.17797232974e-09,
        "dmean2": 5.26753751728e-09,
        "dvar": 1.69167782408e-17,
        "dvar2": 4.75495510703e-17,
        "max": 4.10655268871e-29,
        "mean": -9.20252674064e-09,
        "median": -8.14584044662e-09,
        "min": -5.30653814224e-08,
        "var": 5.06519349711e-17
    },
    "spectral_energy": {
        "dmean": 0.0122576886788,
        "dmean2": 0.0202851761132,
        "dvar": 0.000245886127232,
        "dvar2": 0.000690749147907,
        "max": 0.204104170203,
        "mean": 0.0368390604854,
        "median": 0.0329414792359,
        "min": 1.02690926835e-20,
        "var": 0.000777623208705
    },
    "spectral_energyband_high": {
        "dmean": 0.000368728360627,
        "dmean2": 0.000563682231586,
        "dvar": 4.18133851099e-07,
        "dvar2": 9.72026441559e-07,
        "max": 0.0102199325338,
        "mean": 0.000902214494999,
        "median": 0.000570714531932,
        "min": 7.0644237382e-21,
        "var": 1.14538238449e-06
    },
    "spectral_energyband_low": {
        "dmean": 0.0101480707526,
        "dmean2": 0.0171663463116,
        "dvar": 0.000230887861107,
        "dvar2": 0.000656289979815,
        "max": 0.15299744904,
        "mean": 0.0185579229146,
        "median": 0.0128402961418,
        "min": 4.82153930973e-23,
        "var": 0.000436214060755
    },
    "spectral_energyband_middle_high": {
        "dmean": 0.00228674476966,
        "dmean2": 0.003544281004,
        "dvar": 1.1672889741e-05,
        "dvar2": 3.07344344037e-05,
        "max": 0.0693323761225,
        "mean": 0.00758204329759,
        "median": 0.00491011049598,
        "min": 1.44842697796e-21,
        "var": 5.98610895395e-05
    },
    "spectral_energyband_middle_low": {
        "dmean": 0.00410172529519,
        "dmean2": 0.00649026455358,
        "dvar": 2.97057558782e-05,
        "dvar2": 7.36593428883e-05,
        "max": 0.0798844471574,
        "mean": 0.010938057676,
        "median": 0.00911174621433,
        "min": 2.46460190169e-22,
        "var": 8.06608222774e-05
    },
    "spectral_entropy": {
        "dmean": 0.131804436445,
        "dmean2": 0.191593423486,
        "dvar": 0.0170274414122,
        "dvar2": 0.031725294888,
        "max": 9.8004617691,
        "mean": 7.45175552368,
        "median": 7.53695297241,
        "min": 5.41092538834,
        "var": 0.197358816862
    },
    "spectral_flux": {
        "dmean": 0.0235342904925,
        "dmean2": 0.0380728505552,
        "dvar": 0.000551167642698,
        "dvar2": 0.00142852414865,
        "max": 0.349559366703,
        "mean": 0.0978183150291,
        "median": 0.0982309430838,
        "min": 6.83027245874e-11,
        "var": 0.00265781464987
    },
    "spectral_kurtosis": {
        "dmean": 2.34507679939,
        "dmean2": 4.09187078476,
        "dvar": 13.1976156235,
        "dvar2": 39.4083557129,
        "max": 86.1761856079,
        "mean": 3.32486081123,
        "median": 1.910135746,
        "min": -1.46960639954,
        "var": 28.167301178
    },
    "spectral_rms": {
        "dmean": 0.000905236578546,
        "dmean2": 0.00146941654384,
        "dvar": 8.70487667726e-07,
        "dvar2": 2.41847669713e-06,
        "max": 0.0141112022102,
        "mean": 0.00549264810979,
        "median": 0.00566904107109,
        "min": 3.16522155708e-12,
        "var": 5.77143373448e-06
    },
    "spectral_rolloff": {
        "dmean": 442.623138428,
        "dmean2": 749.998718262,
        "dvar": 571315,
        "dvar2": 1202866.625,
        "max": 19078.4179688,
        "mean": 1328.44213867,
        "median": 1055.12695312,
        "min": 64.599609375,
        "var": 1431900.125
    },
    "spectral_skewness": {
        "dmean": 0.271340221167,
        "dmean2": 0.453116476536,
        "dvar": 0.0871974378824,
        "dvar2": 0.25176975131,
        "max": 6.60446500778,
        "mean": 1.11327564716,
        "median": 0.992709696293,
        "min": -0.601278603077,
        "var": 0.348837405443
    },
    "spectral_spread": {
        "dmean": 304051.5,
        "dmean2": 440893.5625,
        "dvar": 197348622336,
        "dvar2": 282003177472,
        "max": 42139672,
        "mean": 3487141.5,
        "median": 3404054.75,
        "min": 668823.4375,
        "var": 1.44421158912e+12
    },
    "spectral_strongpeak": {
        "dmean": 0.586301207542,
        "dmean2": 1.02691447735,
        "dvar": 1.04209709167,
        "dvar2": 2.79413175583,
        "max": 10.0543003082,
        "mean": 0.867797315121,
        "median": 0.42037037015,
        "min": 0,
        "var": 1.38852572441
    },
    "zerocrossingrate": {
        "dmean": 0.008421048522,
        "dmean2": 0.0102508151904,
        "dvar": 0.000119239921332,
        "dvar2": 0.000147181097418,
        "max": 0.5361328125,
        "mean": 0.0534454770386,
        "median": 0.04931640625,
        "min": 0.00244140625,
        "var": 0.000846115872264
    },
    "barkbands": {
        "dmean": [0.000600296305493, 0.00894312374294, 0.00205841101706, 0.000661259691697, 0.00147672090679, 0.0014293033164, 0.000860388914589, 0.00086536933668, 0.00104899879079, 0.000890841707587, 0.000905754801352, 0.000647032051347, 0.000313969125273, 0.000457151822047, 0.00023284360941, 0.000256106606685, 0.00023039370717, 0.000208273209864, 0.000229363678955, 0.000240091845626, 9.26497668843e-05, 0.000106825820694, 0.000110273103928, 3.68532892026e-05, 4.85634359393e-07, 1.46412670876e-09, 1.3827515799e-09],
        "dmean2": [0.00101183669176, 0.0153236435726, 0.00341836875305, 0.00113103445619, 0.00235783378594, 0.00231358851306, 0.00143312697764, 0.00142892880831, 0.00168673612643, 0.00142143038101, 0.00142612005584, 0.00102079228964, 0.000503574206959, 0.000746985489968, 0.000388306332752, 0.000413751724409, 0.00037568892003, 0.000339810590958, 0.000359707482858, 0.000371902307961, 0.000149646686623, 0.000169013015693, 0.000165064469911, 5.58781575819e-05, 7.40988639336e-07, 2.62538590867e-09, 2.54084486784e-09],
        "dvar": [8.87981173037e-07, 0.000203795818379, 1.00828374343e-05, 1.07578000552e-06, 7.05322918293e-06, 8.43845737108e-06, 3.15364513881e-06, 3.31230512529e-06, 5.24205916008e-06, 4.00868020733e-06, 5.08340008309e-06, 2.47416096499e-06, 5.64394099456e-07, 1.35025072723e-06, 3.87111072087e-07, 4.51782682376e-07, 2.50280493219e-07, 1.40158192607e-07, 1.62063301445e-07, 1.51183797925e-07, 3.18455910531e-08, 6.50297948823e-08, 4.65873775113e-08, 6.29152108189e-09, 3.42205040346e-12, 5.85679442454e-18, 4.50416593943e-18],
        "dvar2": [2.36596406467e-06, 0.000593303586356, 2.64337322733e-05, 2.83958638647e-06, 1.68982987816e-05, 2.11593596759e-05, 8.26715677249e-06, 8.61041826283e-06, 1.31191345645e-05, 9.82871642918e-06, 1.34358779178e-05, 5.94871926296e-06, 1.36454866606e-06, 3.47576224158e-06, 1.03293200482e-06, 1.07643893443e-06, 5.97830819515e-07, 3.49820936663e-07, 3.75451463697e-07, 3.4115686276e-07, 8.13144893641e-08, 1.57153479563e-07, 1.01034856925e-07, 1.34125226481e-08, 7.32965771411e-12, 1.67065254727e-17, 1.41110312339e-17],
        "max": [0.0111773759127, 0.139444261789, 0.0529954433441, 0.033164717257, 0.065049380064, 0.0621360093355, 0.0369069389999, 0.0453043058515, 0.0590365417302, 0.0532443448901, 0.055877700448, 0.0429323986173, 0.0196305830032, 0.0240118969232, 0.0222297627479, 0.0182893611491, 0.0134522859007, 0.00606800802052, 0.00822801887989, 0.00788581930101, 0.00306029757485, 0.00400715461001, 0.0034832584206, 0.00172991584986, 6.48960995022e-05, 6.50408367164e-08, 2.76328417925e-08],
        "mean": [0.000823143636808, 0.0133422128856, 0.00370820122771, 0.00114666181616, 0.00231514987536, 0.00224354327656, 0.00130391202401, 0.0013128380524, 0.00178197200876, 0.00148409185931, 0.00162482692394, 0.00112865294795, 0.000543133995961, 0.000739821291063, 0.00040336267557, 0.000462781608803, 0.000398771255277, 0.000373995833797, 0.000497576082125, 0.000526334682945, 0.00017514731735, 0.000190686536371, 0.000239462387981, 7.21527758287e-05, 6.11821121765e-07, 1.57470281259e-09, 1.45783296546e-09],
        "median": [0.000341160135577, 0.00728416768834, 0.00201392592862, 0.000458143564174, 0.00111008109525, 0.0010705156019, 0.000630007940345, 0.000590429117437, 0.000634765892755, 0.000509523728397, 0.000510986079462, 0.000351348309778, 0.000183526673936, 0.000208387122257, 0.000148122999235, 0.000164900731761, 0.000183716780157, 0.000177957204869, 0.000230087229284, 0.000270231597824, 9.42567057791e-05, 8.25683164294e-05, 0.000105798375444, 2.83010376734e-05, 1.24723138484e-08, 6.85282885993e-10, 7.06482483626e-10],
        "min": [1.03827584649e-23, 2.1167225413e-23, 5.0844203433e-24, 7.71968237797e-24, 1.91593693054e-23, 3.18455290383e-23, 9.50641525183e-24, 3.25318411813e-23, 8.46145144259e-23, 2.70354275806e-23, 2.99598548631e-23, 7.166019405e-23, 6.30706726172e-23, 7.45788973578e-23, 1.10236962752e-22, 1.96284433546e-22, 1.23006727541e-22, 2.38604271513e-22, 1.50832085723e-22, 1.6461621204e-22, 3.83305519607e-22, 4.23120654779e-22, 5.00449319304e-22, 7.66338812781e-22, 1.21590632602e-21, 1.38178188823e-21, 2.23366573683e-21],
        "var": [1.42967667216e-06, 0.000304850080283, 2.27656055358e-05, 3.36425296155e-06, 1.37662837005e-05, 1.36329344969e-05, 4.30320505984e-06, 4.83086523673e-06, 1.09667544166e-05, 8.86670568434e-06, 1.20453396448e-05, 5.61208798899e-06, 1.33167338845e-06, 2.6596214866e-06, 9.22090123368e-07, 1.30126511522e-06, 5.30116722075e-07, 3.25364936771e-07, 5.08906225605e-07, 4.5751005473e-07, 6.01237744036e-08, 1.17873192096e-07, 1.32054466917e-07, 1.74423817612e-08, 6.48431655592e-12, 6.64924792703e-18, 3.80802562515e-18]
    },
    "erbbands": {
        "dmean": [0.317087322474, 1.91464734077, 2.70385766029, 2.11271572113, 2.50133633614, 5.70799922943, 11.0856256485, 11.0722150803, 12.4184341431, 16.6799888611, 17.1459197998, 23.4568901062, 31.1339054108, 22.5935096741, 34.0040893555, 26.0905036926, 14.1550264359, 22.0561504364, 12.1579093933, 13.2890405655, 12.0595140457, 11.1770935059, 9.36490726471, 13.3496751785, 9.97391033173, 11.6406078339, 4.64296150208, 3.5706448555, 3.91082262993, 3.41763544083, 3.09408545494, 1.45679402351, 0.299812853336, 0.0206150431186, 0.000702266872395, 6.59378783894e-05, 1.41164418892e-05, 4.11588598581e-06, 6.12736448602e-06, 1.3633164599e-05],
        "dmean2": [0.556241750717, 3.23953509331, 4.52079439163, 3.54202651978, 4.24212360382, 9.25635910034, 17.8312091827, 17.9989509583, 20.5439682007, 27.6464939117, 28.0225563049, 37.6430740356, 49.3428268433, 36.5504417419, 53.2755126953, 41.1390724182, 22.4192276001, 35.8816223145, 19.792388916, 21.4175434113, 19.144487381, 18.1755237579, 15.4805860519, 20.9971618652, 15.3863067627, 18.0336761475, 7.42833852768, 5.75107622147, 6.28728961945, 5.21854496002, 4.63414669037, 2.19933414459, 0.441487431526, 0.0293247941881, 0.000993120134808, 9.52258706093e-05, 2.10741036426e-05, 6.19817137704e-06, 9.9296321423e-06, 2.24835494009e-05],
        "dvar": [0.256575018167, 9.61218738556, 17.0911064148, 10.8984985352, 15.4640130997, 117.894584656, 502.597717285, 524.588439941, 716.61730957, 1173.04260254, 1473.19055176, 2887.42797852, 4271.52539062, 3270.68725586, 8860.73730469, 4602.18994141, 1034.05773926, 3214.80932617, 977.93762207, 1036.46032715, 837.675476074, 496.382019043, 319.000305176, 659.229492188, 280.490203857, 399.648834229, 63.3204727173, 71.6310882568, 89.4873733521, 56.0188751221, 36.0906448364, 9.33654117584, 0.47273349762, 0.00283020199277, 3.04348372993e-06, 1.81118497977e-08, 5.99944760538e-10, 4.88698040368e-11, 5.3154536328e-11, 2.90400564706e-10],
        "dvar2": [0.768867850304, 26.9707679749, 45.6540756226, 28.5398006439, 41.4413833618, 290.402709961, 1245.91479492, 1331.59863281, 1898.93310547, 3078.91723633, 3757.49121094, 7108.71582031, 10125.7646484, 8686.16992188, 23607.0039062, 11527.1835938, 2492.94018555, 8207.16113281, 2529.80786133, 2540.62255859, 1886.1340332, 1240.43530273, 821.613525391, 1597.85351562, 651.158569336, 906.736694336, 158.908416748, 183.207351685, 223.467971802, 121.581047058, 78.3807373047, 20.7078933716, 0.977192342281, 0.00549274822697, 5.71831560592e-06, 3.50169102603e-08, 1.22630894328e-09, 1.04047659377e-10, 1.45572012777e-10, 8.14410705541e-10],
        "max": [5.19110202789, 32.0487060547, 52.1146697998, 79.6872940063, 65.2185058594, 261.057647705, 320.008056641, 701.710083008, 567.235656738, 501.593200684, 1322.078125, 1419.77246094, 1555.26489258, 1863.76879883, 2758.17675781, 2084.08569336, 670.684875488, 1225.04345703, 746.803710938, 863.793273926, 854.202270508, 596.404968262, 397.783111572, 555.205322266, 527.937194824, 328.77355957, 191.652542114, 141.610153198, 134.515090942, 176.781463623, 113.28843689, 55.1282348633, 14.5822792053, 1.36359548569, 0.0519403330982, 0.00291723152623, 0.000507007876877, 0.000126501196064, 9.64367864071e-05, 0.000225117822993],
        "mean": [0.418509960175, 2.81451272964, 4.65229082108, 4.45242738724, 4.02344083786, 8.35260486603, 15.9391832352, 17.0991840363, 19.4777050018, 25.8054504395, 28.4157085419, 40.875289917, 53.7801361084, 42.2576560974, 63.8048362732, 48.1981658936, 27.8933448792, 38.1921615601, 23.0833110809, 26.1561813354, 24.2012958527, 21.0738143921, 18.8377971649, 29.0263824463, 23.471988678, 25.1384925842, 10.1445226669, 6.42333030701, 6.70277786255, 6.91421175003, 6.63729763031, 2.91011476517, 0.611733436584, 0.0397693067789, 0.00151510408614, 0.000174563800101, 4.50691477454e-05, 1.28777555801e-05, 2.18078512262e-05, 4.38000970462e-05],
        "median": [0.219454884529, 1.51137256622, 2.87293243408, 2.26921987534, 2.32763957977, 3.66748404503, 5.83648681641, 8.73036193848, 10.0849561691, 11.8792657852, 14.1178731918, 14.7083082199, 20.0617084503, 16.695980072, 20.7922115326, 17.1886444092, 11.4286766052, 12.564707756, 9.5503988266, 10.0432929993, 10.0683002472, 10.5686635971, 10.1972560883, 12.6345825195, 12.7013216019, 12.9007120132, 6.19912004471, 3.38906383514, 2.95663976669, 2.76379847527, 2.88413500786, 1.29882872105, 0.205387786031, 0.0103428512812, 0.000558916770387, 9.61494733929e-05, 3.17333579005e-05, 9.14170141186e-06, 2.03714007512e-05, 3.95809947804e-05],
        "min": [5.57881069021e-22, 4.68009218229e-21, 4.44688702627e-21, 1.74353355696e-20, 5.87991968028e-20, 7.40363483622e-20, 9.70260951163e-20, 2.78759090949e-19, 1.55018907144e-19, 3.28635005808e-19, 1.08852605234e-18, 1.83946666861e-18, 1.09460903517e-18, 1.62287624945e-18, 1.63383628917e-18, 3.67539920805e-18, 3.76126138281e-18, 4.78968883454e-18, 4.99506495934e-18, 8.67810318035e-18, 1.1024360456e-17, 8.01806681827e-18, 1.23753813156e-17, 1.03634373563e-17, 7.74327162851e-18, 8.06291076082e-18, 1.30945263499e-17, 1.34011812281e-17, 1.25773465611e-17, 1.42975703882e-17, 1.43837841147e-17, 1.51279819682e-17, 1.378159332e-17, 1.01185075226e-17, 8.45694155433e-18, 5.62462426534e-18, 2.47281983849e-18, 1.1075313541e-18, 3.18752523933e-19, 3.30324011683e-20],
        "var": [0.334399521351, 14.4805183411, 31.8625564575, 37.923324585, 27.1007862091, 210.154281616, 839.299804688, 751.585449219, 947.35345459, 1687.15356445, 2336.69384766, 6337.59960938, 10285.6328125, 7891.13964844, 21280.5058594, 10002.8466797, 2592.74438477, 6535.07373047, 2147.71435547, 2757.18701172, 2567.80688477, 1152.68652344, 756.030395508, 2016.75561523, 957.317138672, 1145.91967773, 155.764160156, 105.563568115, 146.541168213, 145.195510864, 100.766090393, 23.270532608, 1.41945397854, 0.00860016327351, 9.92608602246e-06, 6.54954419588e-08, 2.32659846944e-09, 1.79058379235e-10, 2.34444463842e-10, 1.02245389932e-09]
    },
    "gfcc": {
        "mean": [-34.3462944031, 145.857421875, -167.475158691, 55.6313667297, -71.0133743286, 8.93273925781, -8.81228065491, -13.6527614594, 6.34695196152, -23.9685630798, 10.8473358154, -14.4297552109, -1.87105631828],
        "cov": [[7827.85742188, -444.482788086, 584.034484863, 1866.01977539, -402.869689941, 1031.06921387, -167.914306641, 355.608459473, 408.635314941, -96.7117080688, 667.438781738, 0.0142817404121, 250.342178345], [-444.482788086, 1153.52026367, 408.002166748, -30.9955558777, 663.056396484, -156.311340332, 339.090026855, -2.7442138195, 9.87180423737, 115.468215942, 9.00095939636, 35.835231781, -44.184967041], [584.034484863, 408.002166748, 864.225158691, 442.592071533, 193.800933838, 225.339447021, 7.67841720581, 51.2527008057, 61.769695282, 75.2509613037, 88.5880355835, 38.6850547791, 39.1699104309], [1866.01977539, -30.9955558777, 442.592071533, 815.515563965, 83.3609619141, 372.240997314, 29.378528595, 136.28137207, 190.520294189, 31.4599647522, 167.486633301, 43.9571380615, 60.8760070801], [-402.869689941, 663.056396484, 193.800933838, 83.3609619141, 723.516357422, 29.5431594849, 364.801849365, 110.186981201, 54.2662277222, 136.20741272, 4.5229268074, 53.993019104, -27.5275154114], [1031.06921387, -156.311340332, 225.339447021, 372.240997314, 29.5431594849, 506.282897949, 86.0612945557, 93.3256225586, 129.112426758, 29.16056633, 111.802406311, 9.73145103455, 20.9953536987], [-167.914306641, 339.090026855, 7.67841720581, 29.378528595, 364.801849365, 86.0612945557, 395.924468994, 88.9523162842, 60.655254364, 80.306098938, 2.90822529793, 42.0597000122, -37.493106842], [355.608459473, -2.7442138195, 51.2527008057, 136.28137207, 110.186981201, 93.3256225586, 88.9523162842, 216.738052368, 83.8901977539, 28.4762859344, 37.4095001221, 0.250084519386, 41.4706039429], [408.635314941, 9.87180423737, 61.769695282, 190.520294189, 54.2662277222, 129.112426758, 60.655254364, 83.8901977539, 195.688583374, 50.5152511597, 20.8042945862, 31.5824775696, 7.06017971039], [-96.7117080688, 115.468215942, 75.2509613037, 31.4599647522, 136.20741272, 29.16056633, 80.306098938, 28.4762859344, 50.5152511597, 125.968200684, 17.8521499634, 16.0688114166, -5.88917922974], [667.438781738, 9.00095939636, 88.5880355835, 167.486633301, 4.5229268074, 111.802406311, 2.90822529793, 37.4095001221, 20.8042945862, 17.8521499634, 160.622695923, 11.6460771561, 14.1639328003], [0.0142817404121, 35.835231781, 38.6850547791, 43.9571380615, 53.993019104, 9.73145103455, 42.0597000122, 0.250084519386, 31.5824775696, 16.0688114166, 11.6460771561, 92.7855453491, 18.7278423309], [250.342178345, -44.184967041, 39.1699104309, 60.8760070801, -27.5275154114, 20.9953536987, -37.493106842, 41.4706039429, 7.06017971039, -5.88917922974, 14.1639328003, 18.7278423309, 90.4657897949]],
        "icov": [[0.000604484404903, -0.000821702065878, 0.000774027721491, -0.00138935714494, 0.000885819201358, -0.000679409655277, 0.000340443482855, -0.000444541015895, 0.000218396933633, 0.000173578679096, -0.000906416506041, 0.000186845718417, -0.000604724395089], [-0.000821702065878, 0.00611910643056, -0.0041485754773, 0.00339936977252, -0.00472590140998, 0.00415439344943, -0.0033826478757, 0.00369631568901, -0.00332562997937, 0.00205559213646, -0.00168171769474, 0.00270826253109, -0.000631245609839], [0.000774027721491, -0.0041485754773, 0.00486587313935, -0.00375151983462, 0.00262532918714, -0.00332962931134, 0.00308374222368, -0.00233264174312, 0.00299797812477, -0.00216116872616, 0.00096728047356, -0.00199827877805, 5.59893633181e-05], [-0.00138935714494, 0.00339936977252, -0.00375151983462, 0.00680562574416, -0.00335631356575, 0.00158776878379, -0.00137798883952, 0.00176667480264, -0.00357499625534, 0.00157215725631, -0.000598696991801, 0.000419706280809, 0.000167187681654], [0.000885819201358, -0.00472590140998, 0.00262532918714, -0.00335631356575, 0.00715922890231, -0.00252546649426, -0.000197724744794, -0.00359582179226, 0.00312373926863, -0.00302634318359, 0.00108052743599, -0.00226763845421, 0.000552765734028], [-0.000679409655277, 0.00415439344943, -0.00332962931134, 0.00158776878379, -0.00252546649426, 0.00646312721074, -0.00366515689529, 0.00253136549145, -0.00339988432825, 0.00154277600814, -0.00206125201657, 0.00273644598201, -0.000543440342881], [0.000340443482855, -0.0033826478757, 0.00308374222368, -0.00137798883952, -0.000197724744794, -0.00366515689529, 0.00811174046248, -0.00353575590998, 0.00210678181611, -0.00191955443006, 0.00168966781348, -0.00369312497787, 0.00298159942031], [-0.000444541015895, 0.00369631568901, -0.00233264174312, 0.00176667480264, -0.00359582179226, 0.00253136549145, -0.00353575590998, 0.0100364582613, -0.00497681600973, 0.00199577538297, -0.00233180401847, 0.00475961435586, -0.00499309506267], [0.000218396933633, -0.00332562997937, 0.00299797812477, -0.00357499625534, 0.00312373926863, -0.00339988432825, 0.00210678181611, -0.00497681600973, 0.0117765199393, -0.00500121805817, 0.00387942022644, -0.00489631574601, 0.00293468101881], [0.000173578679096, 0.00205559213646, -0.00216116872616, 0.00157215725631, -0.00302634318359, 0.00154277600814, -0.00191955443006, 0.00199577538297, -0.00500121805817, 0.0129722775891, -0.00353286927566, 0.00196926901117, -0.00120765913744], [-0.000906416506041, -0.00168171769474, 0.00096728047356, -0.000598696991801, 0.00108052743599, -0.00206125201657, 0.00168966781348, -0.00233180401847, 0.00387942022644, -0.00353286927566, 0.0120052061975, -0.00336887338199, 0.00253238808364], [0.000186845718417, 0.00270826253109, -0.00199827877805, 0.000419706280809, -0.00226763845421, 0.00273644598201, -0.00369312497787, 0.00475961435586, -0.00489631574601, 0.00196926901117, -0.00336887338199, 0.0160038620234, -0.0059243333526], [-0.000604724395089, -0.000631245609839, 5.59893633181e-05, 0.000167187681654, 0.000552765734028, -0.000543440342881, 0.00298159942031, -0.00499309506267, 0.00293468101881, -0.00120765913744, 0.00253238808364, -0.0059243333526, 0.0166234951466]]
    },
    "melbands": {
        "dmean": [0.00262261508033, 0.00171507231425, 0.000348319415934, 0.000264864997007, 0.000366348831449, 0.000259965483565, 0.000183085328899, 0.000187465266208, 0.000151179468958, 0.000151653541252, 0.000157341753948, 8.96679775906e-05, 0.000109261687612, 8.38611886138e-05, 5.27453848918e-05, 2.95140926028e-05, 4.78635265608e-05, 2.31341637118e-05, 1.89120710274e-05, 2.03649378818e-05, 1.49980078277e-05, 1.36548169394e-05, 1.00770994322e-05, 9.19143167266e-06, 1.24617254187e-05, 7.23914126866e-06, 9.57867996476e-06, 8.0427089415e-06, 3.57435806109e-06, 2.27988471124e-06, 2.31152921515e-06, 2.43601812144e-06, 2.02431237994e-06, 2.04406228477e-06, 1.93606410903e-06, 1.69807958628e-06, 6.853071568e-07, 2.68444495077e-07, 5.55050725382e-08, 3.35397687401e-09],
        "dmean2": [0.00454920064658, 0.00285221007653, 0.000581964210141, 0.000433983135736, 0.000587387417909, 0.0004211338819, 0.000302639964502, 0.000309855298838, 0.00024592524278, 0.000242935595452, 0.000249484233791, 0.000146152771777, 0.000171339735971, 0.000132896762807, 8.16981701064e-05, 4.71283747174e-05, 7.80670670792e-05, 3.7407498894e-05, 3.11725016218e-05, 3.28159949277e-05, 2.38924330915e-05, 2.21457648877e-05, 1.70052953763e-05, 1.4829893189e-05, 1.97739136638e-05, 1.14065624075e-05, 1.48722201629e-05, 1.25585129354e-05, 5.76863976676e-06, 3.67296070181e-06, 3.78007803192e-06, 3.95934875996e-06, 3.23352742271e-06, 3.12274551106e-06, 2.93213133773e-06, 2.61533341472e-06, 1.04658954569e-06, 4.01424756546e-07, 8.19174204025e-08, 4.80998574304e-09],
        "dvar": [1.76562007255e-05, 6.65567586111e-06, 2.55404955851e-07, 1.92474800542e-07, 5.07625827595e-07, 2.72589204542e-07, 1.47014858953e-07, 1.50569746893e-07, 1.16108900272e-07, 1.25090849679e-07, 1.11501535116e-07, 5.31140926796e-08, 7.8413876281e-08, 4.14886756062e-08, 1.54663535312e-08, 5.12778264294e-09, 1.63597331237e-08, 4.06307920642e-09, 3.1494500341e-09, 3.0910403126e-09, 1.33327604512e-09, 8.43926650784e-10, 4.307672552e-10, 2.79154227512e-10, 6.18979090206e-10, 1.56184606914e-10, 2.87812579325e-10, 1.97597077589e-10, 3.95879613813e-11, 1.87234082405e-11, 3.85455486973e-11, 3.6979880963e-11, 2.25227128614e-11, 1.9480876981e-11, 1.44295018642e-11, 1.18589955564e-11, 2.42575187367e-12, 4.16469295031e-13, 1.88212923166e-14, 3.18080141694e-16],
        "dvar2": [5.27020201844e-05, 1.76914963959e-05, 6.67595941195e-07, 4.87376780711e-07, 1.22612448195e-06, 6.89186379077e-07, 3.88022698417e-07, 3.94722633246e-07, 2.88973438956e-07, 3.03824862158e-07, 2.66287827344e-07, 1.40479386346e-07, 2.04659301062e-07, 1.03831311549e-07, 3.61283660766e-08, 1.26296066938e-08, 4.20047676641e-08, 1.02418757919e-08, 8.61553228759e-09, 7.47460049411e-09, 2.90378765477e-09, 2.03531858034e-09, 1.15859921657e-09, 6.80687839427e-10, 1.49121637261e-09, 3.68116287452e-10, 6.71754263326e-10, 4.56670312676e-10, 9.89993989564e-11, 4.6162088041e-11, 1.00803136671e-10, 9.36035277066e-11, 5.29745448896e-11, 4.29138599656e-11, 3.13344315772e-11, 2.83712879579e-11, 5.2268423964e-12, 9.05256555481e-13, 4.02451069161e-14, 6.35693462354e-16],
        "max": [0.0406914837658, 0.0287335775793, 0.0116187883541, 0.0115588614717, 0.010645144619, 0.0145042911172, 0.00769965723157, 0.00574412941933, 0.0113346157596, 0.00865748245269, 0.00781118078157, 0.00686547672376, 0.00762337865308, 0.00343257794157, 0.00375750986859, 0.00169021310285, 0.00282375491224, 0.00146567635238, 0.00242699682713, 0.00171373714693, 0.00095034064725, 0.000919674697798, 0.000373760296497, 0.00032220792491, 0.000576480524614, 0.000331388408085, 0.000430747051723, 0.000241405301495, 0.000158901311806, 0.000102984602563, 0.000105060054921, 8.96331403055e-05, 0.000111322733574, 0.000100512319477, 7.9867488239e-05, 7.40076720831e-05, 3.43855645042e-05, 1.43466040754e-05, 3.24480561176e-06, 7.09383641606e-07],
        "mean": [0.00377528788522, 0.00297412299551, 0.000757142610382, 0.000408955384046, 0.000548267445993, 0.000409354455769, 0.000289316289127, 0.000286772148684, 0.000246196927037, 0.000258971209405, 0.000263493682723, 0.000158004419063, 0.00020153314108, 0.000149940940901, 9.12349714781e-05, 5.28788878e-05, 7.67874516896e-05, 3.79827579309e-05, 3.32110575982e-05, 3.68026412616e-05, 2.6924901249e-05, 2.36998384935e-05, 1.67089674505e-05, 1.72431191459e-05, 2.49975837505e-05, 1.51871108756e-05, 1.95270567929e-05, 1.58537532116e-05, 6.78983542457e-06, 4.22413449996e-06, 3.59132036465e-06, 3.86594547308e-06, 3.535062433e-06, 4.01844181397e-06, 4.0374816308e-06, 3.06914375869e-06, 1.2943122556e-06, 5.01085651194e-07, 9.31071468813e-08, 4.06297351319e-09],
        "median": [0.0021278008353, 0.00194741901942, 0.000442992255557, 0.000219027235289, 0.000211914753891, 0.000206791519304, 0.000151082174852, 0.00012592881103, 0.000107781357656, 8.98166035768e-05, 9.07113280846e-05, 5.39493303222e-05, 6.380816194e-05, 4.93987281516e-05, 3.00341707771e-05, 1.66627214639e-05, 2.09569334402e-05, 1.35294812935e-05, 1.11558274511e-05, 1.27622970467e-05, 1.05052013168e-05, 1.05981398519e-05, 8.53266010381e-06, 8.29400414659e-06, 9.75508646661e-06, 7.50090066504e-06, 9.4423057817e-06, 7.57681164032e-06, 3.51617313754e-06, 2.13883799915e-06, 1.66077904851e-06, 1.6392660882e-06, 1.32512320761e-06, 1.47636080783e-06, 1.6297383354e-06, 1.39381040754e-06, 4.83608005197e-07, 1.46278182456e-07, 9.40576150299e-09, 4.79447731516e-11],
        "min": [5.96637432952e-24, 3.40504709991e-24, 4.6056318665e-24, 5.8628698623e-24, 3.05607377088e-24, 6.0397888808e-24, 2.28066826891e-24, 4.53810813403e-24, 1.04179306172e-23, 1.11683582191e-23, 5.1273493649e-24, 6.41090573265e-24, 3.37011278915e-24, 6.23586144209e-24, 4.80175688704e-24, 7.58422707193e-24, 7.71566549824e-24, 5.72296735291e-24, 9.16047292362e-24, 1.16770961946e-23, 1.04689178529e-23, 6.49439245997e-24, 9.33158000941e-24, 1.20332566381e-23, 8.07079253397e-24, 5.02549637799e-24, 5.48457082634e-24, 5.30145214998e-24, 6.76502499857e-24, 7.84457483648e-24, 6.51252955547e-24, 5.7715292358e-24, 6.58883133767e-24, 8.24740034684e-24, 7.84786123101e-24, 9.49427626022e-24, 8.83347587891e-24, 9.77427612764e-24, 9.80254890248e-24, 7.85517160502e-24],
        "var": [2.45817846007e-05, 1.2397892533e-05, 8.82906476818e-07, 3.3275037481e-07, 9.23709421841e-07, 4.14419048411e-07, 1.9996829792e-07, 2.21031854153e-07, 2.01568383318e-07, 2.76478516525e-07, 2.64625271029e-07, 1.24435146631e-07, 1.93388942193e-07, 9.52832763801e-08, 3.56880889285e-08, 1.4473574339e-08, 3.19833795004e-08, 7.60977592051e-09, 7.84000864229e-09, 9.07660968608e-09, 3.69485819718e-09, 1.94521065922e-09, 6.8049221813e-10, 6.75672406913e-10, 1.73746927956e-09, 4.69318695018e-10, 7.80976283643e-10, 5.30420707356e-10, 8.66159782786e-11, 4.18089833587e-11, 4.66074054351e-11, 5.33549905646e-11, 4.49784862133e-11, 5.02520837442e-11, 4.04062616699e-11, 2.30573268811e-11, 6.14982413952e-12, 1.09841671349e-12, 4.87577507665e-14, 5.97913516505e-16]
    },
    "mfcc": {
        "mean": [-645.938293457, 138.027267456, -21.6706848145, 34.3870658875, -21.2495307922, 17.4535636902, -9.98720932007, 20.8965530396, -14.5168476105, 17.3035812378, -10.9620990753, 8.17032146454, -2.65711259842],
        "cov": [[6814.99121094, -830.824279785, 528.019714355, 1090.7175293, 29.2873687744, 727.778503418, -154.072769165, 714.572753906, -304.978912354, 591.68951416, -225.285491943, 459.964874268, 67.4158859253], [-830.824279785, 1133.28955078, -33.0155181885, 179.484939575, 216.466247559, 33.7051696777, 275.782012939, -39.3606033325, 100.452293396, -34.1943702698, 140.987380981, -9.81800460815, 109.76802063], [528.019714355, -33.0155181885, 785.336547852, 180.387390137, 193.626266479, 198.201675415, -33.8978843689, 42.6344490051, -25.2069969177, 4.93568897247, 4.55198574066, 98.1881790161, -8.21654987335], [1090.7175293, 179.484939575, 180.387390137, 591.805175781, 177.646728516, 215.256835938, 72.8069992065, 182.558898926, 25.3365859985, 117.695632935, 30.4407119751, 129.198791504, 89.9518661499], [29.2873687744, 216.466247559, 193.626266479, 177.646728516, 328.055206299, 113.37563324, 115.362724304, 59.6461524963, 82.7976455688, 40.4044189453, 66.3389663696, 60.2566070557, 50.7531700134], [727.778503418, 33.7051696777, 198.201675415, 215.256835938, 113.37563324, 431.601257324, 100.29813385, 174.499450684, 55.3562774658, 98.3308334351, 97.4583206177, 109.740814209, 38.5259170532], [-154.072769165, 275.782012939, -33.8978843689, 72.8069992065, 115.362724304, 100.29813385, 308.830230713, 74.252281189, 76.0718383789, 46.5839767456, 83.1850204468, 22.6249237061, 69.3609161377], [714.572753906, -39.3606033325, 42.6344490051, 182.558898926, 59.6461524963, 174.499450684, 74.252281189, 266.473083496, 62.5344734192, 124.23361969, 31.843126297, 84.369354248, 40.4499511719], [-304.978912354, 100.452293396, -25.2069969177, 25.3365859985, 82.7976455688, 55.3562774658, 76.0718383789, 62.5344734192, 232.437225342, 25.3986778259, 96.4727325439, 14.032740593, 18.8698120117], [591.68951416, -34.1943702698, 4.93568897247, 117.695632935, 40.4044189453, 98.3308334351, 46.5839767456, 124.23361969, 25.3986778259, 199.856964111, 35.0213928223, 52.8655319214, 7.19000005722], [-225.285491943, 140.987380981, 4.55198574066, 30.4407119751, 66.3389663696, 97.4583206177, 83.1850204468, 31.843126297, 96.4727325439, 35.0213928223, 181.935791016, 35.1651954651, 21.6150417328], [459.964874268, -9.81800460815, 98.1881790161, 129.198791504, 60.2566070557, 109.740814209, 22.6249237061, 84.369354248, 14.032740593, 52.8655319214, 35.1651954651, 135.320755005, 38.4235839844], [67.4158859253, 109.76802063, -8.21654987335, 89.9518661499, 50.7531700134, 38.5259170532, 69.3609161377, 40.4499511719, 18.8698120117, 7.19000005722, 21.6150417328, 38.4235839844, 112.812759399]],
