{
"lowlevel": {
    "average_loudness": 0.738926410675,
    "barkbands_crest": {
        "dmean": 2.84606051445,
        "dmean2": 4.61897706985,
        "dvar": 6.58976364136,
        "dvar2": 15.9367675781,
        "max": 26.3679332733,
        "mean": 11.2504682541,
        "median": 10.3221597672,
        "min": 2.49984407425,
        "var": 25.0379562378
    },
    "barkbands_flatness_db": {
        "dmean": 0.0201982650906,
        "dmean2": 0.0317913852632,
        "dvar": 0.000338190700859,
        "dvar2": 0.00079636083683,
        "max": 0.473457157612,
        "mean": 0.192981109023,
        "median": 0.180982962251,
        "min": 0.026628408581,
        "var": 0.00326875364408
    },
    "barkbands_kurtosis": {
        "dmean": 2.70970535278,
        "dmean2": 4.20921468735,
        "dvar": 51.1505279541,
        "dvar2": 119.406135559,
        "max": 238.348983765,
        "mean": 4.07841730118,
        "median": 0.938515663147,
        "min": -1.91665387154,
        "var": 125.567886353
    },
    "barkbands_skewness": {
        "dmean": 0.495418101549,
        "dmean2": 0.760027050972,
        "dvar": 0.349173545837,
        "dvar2": 0.767409563065,
        "max": 13.4571199417,
        "mean": 1.27665281296,
        "median": 1.01743197441,
        "min": -3.16846871376,
        "var": 1.93551981449
    },
    "barkbands_spread": {
        "dmean": 4.62080287933,
        "dmean2": 7.1283788681,
        "dvar": 31.6575241089,
        "dvar2": 66.2142562866,
        "max": 96.8362121582,
        "mean": 20.5269680023,
        "median": 19.0773468018,
        "min": 0.51440680027,
        "var": 146.738388062
    },
    "dissonance": {
        "dmean": 0.0221749693155,
        "dmean2": 0.0380532369018,
        "dvar": 0.000458444206743,
        "dvar2": 0.00124342262279,
        "max": 0.49999922514,
        "mean": 0.460697710514,
        "median": 0.469632089138,
        "min": 0.255762845278,
        "var": 0.00108358729631
    },
    "dynamic_complexity": 4.16468381882,
    "erbbands_crest": {
        "dmean": 3.058562994,
        "dmean2": 4.93849945068,
        "dvar": 7.78672790527,
        "dvar2": 19.0983772278,
        "max": 31.6708488464,
        "mean": 12.2270116806,
        "median": 10.8999538422,
        "min": 2.57949233055,
        "var": 36.9021987915
    },
    "erbbands_flatness_db": {
        "dmean": 0.0150033608079,
        "dmean2": 0.0233219806105,
        "dvar": 0.000187040146557,
        "dvar2": 0.000415798509493,
        "max": 0.443379759789,
        "mean": 0.236256495118,
        "median": 0.229696884751,
        "min": 0.0799222365022,
        "var": 0.00262011215091
    },
    "erbbands_kurtosis": {
        "dmean": 1.19673144817,
        "dmean2": 1.89279031754,
        "dvar": 3.67923736572,
        "dvar2": 8.61319923401,
        "max": 43.6406211853,
        "mean": 1.2512421608,
        "median": 0.286613225937,
        "min": -1.83712649345,
        "var": 11.2315177917
    },
    "erbbands_skewness": {
        "dmean": 0.373609572649,
        "dmean2": 0.571862816811,
        "dvar": 0.141703307629,
        "dvar2": 0.293849974871,
        "max": 6.06423664093,
        "mean": 0.717400550842,
        "median": 0.638880372047,
        "min": -5.0651140213,
        "var": 0.812511146069
    },
    "erbbands_spread": {
        "dmean": 6.05570745468,
        "dmean2": 9.39335823059,
        "dvar": 51.1076202393,
        "dvar2": 119.873199463,
        "max": 126.707725525,
        "mean": 31.1791667938,
        "median": 27.2241420746,
        "min": 3.73197102547,
        "var": 295.071685791
    },
    "hfc": {
        "dmean": 5.26740264893,
        "dmean2": 8.16389846802,
        "dvar": 41.9742736816,
        "dvar2": 104.146598816,
        "max": 89.4869995117,
        "mean": 23.9897632599,
        "median": 23.4615535736,
        "min": 1.09165043759e-16,
        "var": 321.413208008
    },
    "melbands_crest": {
        "dmean": 3.52627491951,
        "dmean2": 5.72014331818,
        "dvar": 9.89077568054,
        "dvar2": 24.6458644867,
        "max": 34.3224182129,
        "mean": 14.6572408676,
        "median": 13.4986352921,
        "min": 1.86769962311,
        "var": 35.0257492065
    },
    "melbands_flatness_db": {
        "dmean": 0.0233216024935,
        "dmean2": 0.0351692028344,
        "dvar": 0.000484758405946,
        "dvar2": 0.00104240654036,
        "max": 0.612717449665,
        "mean": 0.208176732063,
        "median": 0.198850348592,
        "min": 0.00460458127782,
        "var": 0.00473822327331
    },
    "melbands_kurtosis": {
        "dmean": 5.49995088577,
        "dmean2": 8.62288570404,
        "dvar": 149.888366699,
        "dvar2": 352.420562744,
        "max": 300.622772217,
        "mean": 10.5075035095,
        "median": 4.65211677551,
        "min": -1.91486668587,
        "var": 369.518615723
    },
    "melbands_skewness": {
        "dmean": 0.634449958801,
        "dmean2": 0.9977440238,
        "dvar": 0.521087169647,
        "dvar2": 1.20384347439,
        "max": 13.3796672821,
        "mean": 2.08081245422,
        "median": 1.81060779095,
        "min": -1.07586467266,
        "var": 2.77861428261
    },
    "melbands_spread": {
        "dmean": 6.59606313705,
        "dmean2": 10.198554039,
        "dvar": 93.7164535522,
        "dvar2": 189.570068359,
        "max": 201.632171631,
        "mean": 26.2427082062,
        "median": 23.4987335205,
        "min": 0.522366285324,
        "var": 362.867095947
    },
    "pitch_salience": {
        "dmean": 0.0689770206809,
        "dmean2": 0.111702814698,
        "dvar": 0.00395485525951,
        "dvar2": 0.00949401594698,
        "max": 0.904584646225,
        "mean": 0.538412570953,
        "median": 0.541076481342,
        "min": 0.0956157445908,
        "var": 0.0163600351661
    },
    "silence_rate_20dB": {
        "dmean": 0,
        "dmean2": 0,
        "dvar": 0,
        "dvar2": 0,
        "max": 1,
        "mean": 1,
        "median": 1,
        "min": 1,
        "var": 0
    },
    "silence_rate_30dB": {
        "dmean": 0.00117233290803,
        "dmean2": 0.00234494078904,
        "dvar": 0.00117089878768,
        "dvar2": 0.0032775294967,
        "max": 1,
        "mean": 0.999296665192,
        "median": 1,
        "min": 0,
        "var": 0.000702813675161
    },
    "silence_rate_60dB": {
        "dmean": 0.0178194604814,
        "dmean2": 0.035525854677,
        "dvar": 0.0175041258335,
        "dvar2": 0.0401181131601,
        "max": 1,
        "mean": 0.146993324161,
        "median": 0,
        "min": 0,
        "var": 0.125384792686
    },
    "spectral_centroid": {
        "dmean": 224.567062378,
        "dmean2": 338.328216553,
        "dvar": 77253.2265625,
        "dvar2": 145713.046875,
        "max": 11251.6953125,
        "mean": 1491.77770996,
        "median": 1481.71838379,
        "min": 236.0650177,
        "var": 414936.90625
    },
    "spectral_complexity": {
        "dmean": 2.70316529274,
        "dmean2": 4.3036699295,
        "dvar": 7.78016757965,
        "dvar2": 17.7788543701,
        "max": 49,
        "mean": 18.5183448792,
        "median": 19,
        "min": 0,
        "var": 121.777191162
    },
    "spectral_decrease": {
        "dmean": 2.06520311963e-09,
        "dmean2": 3.23881454989e-09,
        "dvar": 7.40733621096e-18,
        "dvar2": 1.88172951813e-17,
        "max": 2.69805090727e-29,
        "mean": -6.84358258951e-09,
        "median": -6.20975360022e-09,
        "min": -5.08893442941e-08,
        "var": 2.95369156822e-17
    },
    "spectral_energy": {
        "dmean": 0.00813869666308,
        "dmean2": 0.0127603104338,
        "dvar": 0.000111275541713,
        "dvar2": 0.000283225934254,
        "max": 0.19893579185,
        "mean": 0.0280052181333,
        "median": 0.0258949808776,
        "min": 1.02585186657e-20,
        "var": 0.0004702899314
    },
    "spectral_energyband_high": {
        "dmean": 0.000282543420326,
        "dmean2": 0.00041861194768,
        "dvar": 3.06287489593e-07,
        "dvar2": 6.70861766139e-07,
        "max": 0.011162254028,
        "mean": 0.000871336029377,
        "median": 0.000624546199106,
        "min": 7.48181794439e-21,
        "var": 9.84280973171e-07
    },
    "spectral_energyband_low": {
        "dmean": 0.00413414323702,
        "dmean2": 0.0066662915051,
        "dvar": 7.43787095416e-05,
        "dvar2": 0.000190119520994,
        "max": 0.143902719021,
        "mean": 0.00698619475588,
        "median": 0.00186949642375,
        "min": 3.19860756526e-23,
        "var": 0.000150910316734
    },
    "spectral_energyband_middle_high": {
        "dmean": 0.00261591514573,
        "dmean2": 0.00415986217558,
        "dvar": 1.74989072548e-05,
        "dvar2": 4.77443791169e-05,
        "max": 0.0602257959545,
        "mean": 0.00900029204786,
        "median": 0.00494074402377,
        "min": 1.32336609449e-21,
        "var": 9.73523419816e-05
    },
    "spectral_energyband_middle_low": {
        "dmean": 0.00425875931978,
        "dmean2": 0.0066992957145,
        "dvar": 4.13554262195e-05,
        "dvar2": 0.000100672259578,
        "max": 0.102754667401,
        "mean": 0.0115249706432,
        "median": 0.00821188557893,
        "min": 2.61588219925e-22,
        "var": 0.00012849207269
    },
    "spectral_entropy": {
        "dmean": 0.125519558787,
        "dmean2": 0.1869815588,
        "dvar": 0.0164982732385,
        "dvar2": 0.0316868387163,
        "max": 9.80434608459,
        "mean": 7.43216514587,
        "median": 7.5020737648,
        "min": 5.45371866226,
        "var": 0.191238567233
    },
    "spectral_flux": {
        "dmean": 0.0216559953988,
        "dmean2": 0.0352417193353,
        "dvar": 0.000511702848598,
        "dvar2": 0.00128384144045,
        "max": 0.324242085218,
        "mean": 0.0867027938366,
        "median": 0.0863161981106,
        "min": 6.714722528e-11,
        "var": 0.0024207085371
    },
    "spectral_kurtosis": {
        "dmean": 1.9242528677,
        "dmean2": 3.40581774712,
        "dvar": 4.95046567917,
        "dvar2": 15.0117883682,
        "max": 51.553604126,
        "mean": 2.69824743271,
        "median": 1.91743898392,
        "min": -1.41282165051,
        "var": 10.4167718887
    },
    "spectral_rms": {
        "dmean": 0.000696928007528,
        "dmean2": 0.00107452168595,
        "dvar": 5.43521082363e-07,
        "dvar2": 1.32149432375e-06,
        "max": 0.013931392692,
        "mean": 0.00471432739869,
        "median": 0.00502627063543,
        "min": 3.16359135069e-12,
        "var": 5.09719620823e-06
    },
    "spectral_rolloff": {
        "dmean": 413.955993652,
        "dmean2": 690.35723877,
        "dvar": 626603.125,
        "dvar2": 1273705.5,
        "max": 19121.484375,
        "mean": 1572.63366699,
        "median": 1205.859375,
        "min": 64.599609375,
        "var": 1651004.75
    },
    "spectral_skewness": {
        "dmean": 0.236091807485,
        "dmean2": 0.397747665644,
        "dvar": 0.049046408385,
        "dvar2": 0.131290242076,
        "max": 4.94559574127,
        "mean": 1.06126332283,
        "median": 1.02150201797,
        "min": -0.743156135082,
        "var": 0.202808916569
    },
    "spectral_spread": {
        "dmean": 265272.25,
        "dmean2": 403730,
        "dvar": 229814239232,
        "dvar2": 367492628480,
        "max": 42792876,
        "mean": 3525671,
        "median": 3378918.25,
        "min": 1106723.75,
        "var": 1.30532376576e+12
    },
    "spectral_strongpeak": {
        "dmean": 0.805465638638,
        "dmean2": 1.36987435818,
        "dvar": 1.58710622787,
        "dvar2": 4.09508466721,
        "max": 13.7970819473,
        "mean": 1.63799631596,
        "median": 0.82270860672,
        "min": 0,
        "var": 3.59936928749
    },
    "zerocrossingrate": {
        "dmean": 0.00788794644177,
        "dmean2": 0.00940415170044,
        "dvar": 0.000120639313536,
        "dvar2": 0.000142671182402,
        "max": 0.51123046875,
        "mean": 0.0597439669073,
        "median": 0.056640625,
        "min": 0.0029296875,
        "var": 0.000961192708928
    },
    "barkbands": {
        "dmean": [0.000442797987489, 0.00345951598138, 0.000744750141166, 0.000355572643457, 0.00144320097752, 0.00176905142143, 0.000563814013731, 0.000933172181249, 0.00131759187207, 0.0005538026453, 0.00144062412437, 0.00106855097692, 0.000351062510163, 0.000409817264881, 0.000331524381181, 0.000437604496256, 0.000192892359337, 0.000176925124833, 0.000197366534849, 0.000177041772986, 8.83597531356e-05, 8.11470163171e-05, 7.73937426857e-05, 2.69453285e-05, 4.4646378683e-07, 2.23470797422e-09, 1.75979231187e-09],
        "dmean2": [0.000753120635636, 0.00555663881823, 0.00129717390519, 0.000598299200647, 0.00235131033696, 0.00279071577825, 0.00092293281341, 0.00153228093404, 0.00211678305641, 0.000917500234209, 0.0022352556698, 0.00158311787527, 0.000581683358178, 0.00065675820224, 0.000526377814822, 0.00067389261676, 0.000309017283143, 0.000284925481537, 0.000307699112454, 0.000266342307441, 0.000138583549415, 0.000122331970488, 0.000118550276966, 4.14491842093e-05, 6.64332503675e-07, 3.7064780134e-09, 3.02894576087e-09],
        "dvar": [9.55391328716e-07, 5.7117518736e-05, 6.08845721217e-06, 7.44027204291e-07, 1.54438384925e-05, 1.44075575008e-05, 1.84527732472e-06, 5.09042547492e-06, 7.49549826651e-06, 2.26152997129e-06, 1.14449858302e-05, 7.65477852838e-06, 1.25626900171e-06, 1.8636957293e-06, 7.81637936598e-07, 9.74456042968e-07, 4.04207355587e-07, 1.13921309719e-07, 1.33921972179e-07, 9.16477631563e-08, 3.01120088864e-08, 4.00173796322e-08, 5.11323143826e-08, 8.47627035228e-09, 3.79725677985e-12, 4.35437572975e-15, 1.73568708183e-15],
        "dvar2": [2.72031707027e-06, 0.000140847667353, 1.70571711351e-05, 1.90182311144e-06, 3.87928448617e-05, 3.41305603797e-05, 4.52553285868e-06, 1.34229585456e-05, 1.87098212336e-05, 6.26455084785e-06, 2.6754101782e-05, 1.58415241458e-05, 3.30319926434e-06, 4.31256330558e-06, 1.74298429556e-06, 2.08774167731e-06, 9.34582033096e-07, 2.88649886215e-07, 3.01335774111e-07, 2.04100047085e-07, 7.10486887101e-08, 8.35322850889e-08, 1.21940956888e-07, 2.00256273786e-08, 7.56533117402e-12, 1.08850188113e-14, 4.3405508815e-15],
        "max": [0.0280010327697, 0.0828633382916, 0.0605952404439, 0.0133056612685, 0.0926753208041, 0.0814430713654, 0.0426957942545, 0.0617155916989, 0.0570987425745, 0.0475884005427, 0.046387527138, 0.0430642999709, 0.031508397311, 0.0341145098209, 0.021651359275, 0.0239912103862, 0.021504919976, 0.00696629658341, 0.00734172249213, 0.00592118967324, 0.00416770111769, 0.00559213384986, 0.00521252257749, 0.00271607516333, 6.0100301198e-05, 4.31036687587e-06, 2.72062015938e-06],
        "mean": [0.000692841829732, 0.00539840618148, 0.000756366353016, 0.000389850494685, 0.00230525201187, 0.00371607625857, 0.000856512866449, 0.00138085556682, 0.00242457794957, 0.000882158055902, 0.00244913413189, 0.00174828595482, 0.000738120346796, 0.000698919640854, 0.000564717745874, 0.000826985517051, 0.00035945160198, 0.000350574933691, 0.000424461206421, 0.000431967637269, 0.000191596947843, 0.000183742158697, 0.000177382185939, 5.64033725823e-05, 5.68609664242e-07, 1.90485027751e-09, 1.60639701541e-09],
        "median": [7.67578676459e-05, 0.000983086181805, 0.000153158340254, 9.16204662644e-05, 0.000730765867047, 0.00111316842958, 0.000329195085214, 0.00057912961347, 0.000798376277089, 0.000293104763841, 0.000381191115594, 0.000241628207732, 0.000150819061673, 0.000213457635255, 0.000169257284142, 0.000243199290708, 0.000140826930874, 0.00017440567899, 0.000240104986005, 0.000195927961613, 0.000108316904516, 9.21939936234e-05, 0.000100886019936, 2.43308713834e-05, 5.20638954171e-09, 6.44687636608e-10, 6.60530186103e-10],
        "min": [2.12808363717e-24, 1.64528553816e-23, 4.00839434706e-24, 2.12238391992e-24, 4.25577079286e-23, 2.18759980037e-23, 1.93742281947e-23, 4.39578855482e-23, 5.59306736314e-23, 5.7708526298e-23, 5.22487032216e-23, 9.13163358887e-23, 9.73470134261e-23, 1.27331187293e-22, 1.11187003717e-22, 1.57453317155e-22, 8.68498937958e-23, 9.17370701194e-23, 2.11873599832e-22, 2.49196515146e-22, 4.6318913421e-22, 5.15231840605e-22, 5.08847141226e-22, 7.94407114877e-22, 1.0055306279e-21, 1.49458975498e-21, 2.23393170286e-21],
        "var": [2.87683747047e-06, 0.000108724780148, 5.07106869918e-06, 8.02325928362e-07, 2.64759983111e-05, 4.61793133582e-05, 2.64251161752e-06, 7.16725617167e-06, 2.28983026318e-05, 3.92854644815e-06, 2.85381411231e-05, 1.84281689144e-05, 4.97938890476e-06, 3.73677835341e-06, 1.78537902684e-06, 2.66255597126e-06, 1.00044439932e-06, 2.95603655331e-07, 3.46356529235e-07, 3.80844170422e-07, 6.93512447469e-08, 1.02508401767e-07, 9.33082162646e-08, 1.87247781724e-08, 6.86649565332e-12, 2.18121381247e-15, 8.69218063632e-16]
    },
    "erbbands": {
        "dmean": [0.147733554244, 0.635925412178, 0.863079309464, 1.03329062462, 2.02798986435, 5.76497745514, 11.5020885468, 15.8117437363, 8.057554245, 14.527961731, 19.4717636108, 33.7057266235, 21.031042099, 13.9982204437, 67.9191207886, 27.7467403412, 16.7015399933, 18.9757595062, 17.2675819397, 19.993680954, 17.2940120697, 7.78651714325, 7.60621356964, 11.9809427261, 6.59633159637, 8.30741786957, 4.97386169434, 2.61435770988, 2.83512878418, 2.7005045414, 2.1939201355, 0.924446105957, 0.239031925797, 0.017679233104, 0.000567638606299, 5.31858095201e-05, 1.20757140394e-05, 3.61202455679e-06, 4.48308492196e-06, 9.31702015805e-06],
        "dmean2": [0.231431588531, 1.06498873234, 1.49943768978, 1.71595346928, 3.51284599304, 9.58019924164, 18.0095443726, 24.9176464081, 12.8118276596, 24.3846282959, 31.6650390625, 54.0540847778, 34.3912467957, 22.2379417419, 110.864562988, 41.5466690063, 27.0516262054, 30.4652347565, 26.1868267059, 30.6729354858, 26.7173500061, 12.3793001175, 12.0786094666, 18.5942382812, 10.1721010208, 12.6366176605, 7.80782747269, 4.12097644806, 4.35861444473, 4.07548189163, 3.39451432228, 1.4180842638, 0.352675825357, 0.0249648019671, 0.000803492672276, 7.71073173382e-05, 1.79763701453e-05, 5.42149018656e-06, 6.95887365509e-06, 1.46001502799e-05],
        "dvar": [0.105572134256, 2.2546172142, 8.09257316589, 7.0518155098, 28.9289646149, 347.22265625, 681.499145508, 1197.02575684, 331.063812256, 1403.43457031, 2050.17358398, 4946.43896484, 3143.07788086, 1172.38574219, 24606.1308594, 4858.57421875, 2941.47949219, 3993.45922852, 2888.67944336, 1788.37548828, 2336.02734375, 382.515930176, 220.393295288, 545.278564453, 137.672607422, 236.836868286, 77.1312026978, 39.7899246216, 53.6652107239, 46.832736969, 45.3016586304, 9.99646091461, 0.590745985508, 0.00411118613556, 4.0516010813e-06, 9.33130834824e-08, 1.45692649056e-08, 1.75203185293e-09, 1.0441576076e-10, 1.37406766521e-10],
        "dvar2": [0.248939305544, 5.8358001709, 22.611289978, 17.8771419525, 78.5711898804, 920.310302734, 1527.58532715, 2804.09936523, 827.179077148, 3800.62133789, 5178.734375, 12416.8105469, 8649.49804688, 2995.20214844, 66930.5234375, 10813.8623047, 7679.20458984, 9894.70800781, 5572.06494141, 4250.84228516, 4946.5234375, 917.308654785, 534.259521484, 1210.12207031, 307.490447998, 545.426757812, 187.165496826, 92.3894805908, 112.680625916, 102.700698853, 110.897331238, 24.0050258636, 1.21729958057, 0.00828847102821, 8.27898657008e-06, 2.22774787062e-07, 3.61502472401e-08, 4.36162306272e-09, 2.60356902704e-10, 3.50557943785e-10],
        "max": [4.26818799973, 24.2397575378, 86.113494873, 37.7946395874, 123.909812927, 490.545318604, 501.085327148, 691.462341309, 644.33026123, 916.491027832, 1676.00109863, 1544.95544434, 1845.56115723, 839.919494629, 2347.66894531, 1848.67431641, 1472.52246094, 1633.31616211, 1928.18554688, 1216.08996582, 1518.94287109, 560.867126465, 336.476013184, 532.782043457, 439.09854126, 282.616638184, 143.150314331, 164.943908691, 195.981323242, 153.957183838, 176.176208496, 100.938583374, 21.911397934, 2.52629256248, 0.0753804892302, 0.0174156315625, 0.00772719690576, 0.00270544667728, 0.000582408916671, 0.000223763549002],
        "mean": [0.240237236023, 0.870413124561, 0.940877854824, 1.21805500984, 2.60921621323, 8.89107608795, 21.5528278351, 31.9883804321, 14.2380037308, 21.0818977356, 33.0471611023, 62.1670951843, 36.7912559509, 26.9390468597, 141.208587646, 55.1150283813, 37.6404685974, 33.9942092896, 32.2387657166, 42.0395317078, 36.9844398499, 18.11054039, 17.5185928345, 25.7674121857, 17.2760677338, 20.7430915833, 12.1448850632, 6.12227773666, 6.30474996567, 6.24002218246, 4.94481229782, 2.07342743874, 0.50565880537, 0.0338945612311, 0.00125084700994, 0.000143727855175, 3.77606520487e-05, 1.15057628136e-05, 1.75815457624e-05, 3.42104394804e-05],
        "median": [0.033393651247, 0.151077181101, 0.217869371176, 0.345910996199, 0.799316227436, 2.61865234375, 5.95138168335, 9.00063991547, 7.04632616043, 8.61969947815, 15.5389680862, 21.2358608246, 13.6079530716, 11.1505060196, 19.7781333923, 13.110376358, 9.35699272156, 11.9798469543, 12.1698198318, 15.0312099457, 13.0074148178, 8.76407814026, 9.76785182953, 14.3847951889, 9.79483604431, 9.3288936615, 6.60303497314, 3.75994110107, 3.28836035728, 3.26291632652, 2.76637196541, 1.05700266361, 0.172087028623, 0.00721901934594, 0.000442238408141, 8.74882462085e-05, 3.03216074826e-05, 9.76638602879e-06, 1.73519565578e-05, 3.27222223859e-05],
        "min": [5.28758949729e-22, 4.02437342836e-21, 4.3362071907e-21, 1.25468185107e-20, 2.66057328746e-20, 2.14713455874e-19, 2.10494576256e-19, 2.19816888835e-19, 3.50184068891e-19, 7.35677789795e-19, 7.77162448478e-19, 9.79780132728e-19, 1.83545153391e-18, 1.82647496991e-18, 2.77598401453e-18, 3.77434986164e-18, 4.52326636695e-18, 5.70090975656e-18, 5.57448595328e-18, 5.40576178784e-18, 8.34808624008e-18, 5.65263880474e-18, 5.73077345822e-18, 6.75626690032e-18, 1.17944664335e-17, 1.22850904158e-17, 1.62623840777e-17, 1.88497405137e-17, 1.51471841389e-17, 1.73230959751e-17, 1.50437203879e-17, 1.61240397746e-17, 1.18679027011e-17, 1.00601284237e-17, 8.57395865968e-18, 5.14081955995e-18, 2.97554402564e-18, 1.19209237376e-18, 3.04737473568e-19, 3.04164295564e-20],
        "var": [0.22447617352, 3.374096632, 6.97068738937, 7.688539505, 34.0133056641, 516.396911621, 1941.78161621, 3867.17089844, 539.674194336, 1638.64453125, 3869.64575195, 15006.5908203, 5691.72998047, 2436.60620117, 79649.984375, 16206.2519531, 12277.1611328, 7181.9921875, 6626.76513672, 6299.10058594, 7297.73583984, 1297.65124512, 666.424987793, 1450.29418945, 569.895996094, 911.36895752, 245.409179688, 82.1553878784, 127.961730957, 104.847442627, 78.2996444702, 20.3606853485, 1.68312013149, 0.0109094055369, 1.09746270027e-05, 1.02824685655e-07, 9.00479424359e-09, 1.00123154212e-09, 1.90573196113e-10, 6.43172848314e-10]
    },
    "gfcc": {
        "mean": [-53.5697364807, 129.262359619, -182.093170166, 47.7174568176, -82.9903335571, 3.13982892036, -15.1873474121, -16.1519508362, 9.51849842072, -21.5956363678, 10.4188909531, -11.7644615173, 2.4962143898],
        "cov": [[8406.68164062, 40.7712249756, 117.5364151, 1104.85839844, 69.5778045654, 701.433349609, -68.7553863525, 139.696075439, 144.400588989, -38.3824691772, 666.34967041, 147.742996216, 389.189819336], [40.7712249756, 1228.06274414, 636.494750977, 277.687194824, 570.149353027, -64.933807373, 213.31829834, 37.6950378418, 14.4957799911, 45.4548416138, 40.8213844299, 21.2401752472, 24.0543670654], [117.5364151, 636.494750977, 1215.80651855, 597.692443848, 95.3890457153, 83.0716323853, -166.674850464, 20.9919281006, -43.7947502136, 29.6472187042, 70.4082260132, -3.95355033875, 97.262260437], [1104.85839844, 277.687194824, 597.692443848, 642.145751953, 152.438980103, 215.900177002, -60.0300941467, 65.7054443359, 34.8817329407, 35.7811584473, 113.437553406, 18.7518844604, 79.6279754639], [69.5778045654, 570.149353027, 95.3890457153, 152.438980103, 612.988098145, 125.86088562, 292.39755249, 115.522537231, 88.5613632202, 77.68699646, 10.0648946762, 52.798324585, -24.8092784882], [701.433349609, -64.933807373, 83.0716323853, 215.900177002, 125.86088562, 440.098754883, 119.758743286, 63.4248466492, 72.4301376343, 45.4805641174, 56.5794639587, 46.5801048279, -11.2398166656], [-68.7553863525, 213.31829834, -166.674850464, -60.0300941467, 292.39755249, 119.758743286, 356.036071777, 71.9849090576, 66.5118331909, 53.900718689, -18.0559921265, 42.8167877197, -53.3352394104], [139.696075439, 37.6950378418, 20.9919281006, 65.7054443359, 115.522537231, 63.4248466492, 71.9849090576, 193.574493408, 71.1009902954, 42.6506004333, 37.424697876, -10.2929677963, 17.4550170898], [144.400588989, 14.4957799911, -43.7947502136, 34.8817329407, 88.5613632202, 72.4301376343, 66.5118331909, 71.1009902954, 150.549026489, 48.8549461365, 0.192956447601, 35.2622642517, -15.5106191635], [-38.3824691772, 45.4548416138, 29.6472187042, 35.7811584473, 77.68699646, 45.4805641174, 53.900718689, 42.6506004333, 48.8549461365, 103.941612244, 31.3069171906, 12.9808034897, 1.45825600624], [666.34967041, 40.8213844299, 70.4082260132, 113.437553406, 10.0648946762, 56.5794639587, -18.0559921265, 37.424697876, 0.192956447601, 31.3069171906, 181.680450439, 48.6327781677, 71.1831054688], [147.742996216, 21.2401752472, -3.95355033875, 18.7518844604, 52.798324585, 46.5801048279, 42.8167877197, -10.2929677963, 35.2622642517, 12.9808034897, 48.6327781677, 113.901817322, 34.4344520569], [389.189819336, 24.0543670654, 97.262260437, 79.6279754639, -24.8092784882, -11.2398166656, -53.3352394104, 17.4550170898, -15.5106191635, 1.45825600624, 71.1831054688, 34.4344520569, 112.583076477]],
        "icov": [[0.00032921670936, -0.000250060344115, 0.000512686092407, -0.000675599614624, 0.00024884348386, -0.000388308049878, -4.27991790275e-06, 0.000241468078457, -0.000439953990281, 0.000603212101851, -0.000790820864495, 0.000456800451502, -0.000781247916166], [-0.000250060344115, 0.00432833144441, -0.00306468107738, 0.00127705896739, -0.00377403548919, 0.00245123333298, -0.00232057389803, 0.00211155018769, -0.00118957541417, 0.00133340014145, -0.00159468594939, 0.00193660368677, -9.48457891354e-05], [0.000512686092407, -0.00306468107738, 0.00432744901627, -0.00329440180212, 0.00249032466672, -0.00171737477649, 0.00214182306081, -0.00126838788856, 0.00134648615494, -0.00102227216121, 0.000926913926378, -0.00117724854499, -0.000964592269156], [-0.000675599614624, 0.00127705896739, -0.00329440180212, 0.00606329971924, -0.00229990156367, -0.000566551927477, 0.000665047555231, 0.000261672306806, -0.000808617856819, -9.58797172643e-05, -0.000280612206552, 0.00094500661362, 0.00010959157953], [0.00024884348386, -0.00377403548919, 0.00249032466672, -0.00229990156367, 0.00685163075104, -0.00153082609177, -0.000897484016605, -0.00271681998856, 0.00101662590168, -0.00172036804724, 0.00172338215634, -0.00266694929451, 0.000662848062348], [-0.000388308049878, 0.00245123333298, -0.00171737477649, -0.000566551927477, -0.00153082609177, 0.00521966721863, -0.00259534851648, 0.000494262902066, -0.000602554064244, -4.87757097289e-06, -0.000696092552971, -0.000469374615932, 0.0020813443698], [-4.27991790275e-06, -0.00232057389803, 0.00214182306081, 0.000665047555231, -0.000897484016605, -0.00259534851648, 0.0082443645224, -0.00253698951565, 0.00171607849188, -0.00227515073493, 0.0019261483103, -0.00316107575782, 0.00204691314138], [0.000241468078457, 0.00211155018769, -0.00126838788856, 0.000261672306806, -0.00271681998856, 0.000494262902066, -0.00253698951565, 0.0102536277846, -0.00564157217741, 0.0013829151867, -0.00377473444678, 0.00659631984308, -0.00414217216894], [-0.000439953990281, -0.00118957541417, 0.00134648615494, -0.000808617856819, 0.00101662590168, -0.000602554064244, 0.00171607849188, -0.00564157217741, 0.0132600348443, -0.00558381062001, 0.00450685666874, -0.00708591472358, 0.00425213342533], [0.000603212101851, 0.00133340014145, -0.00102227216121, -9.58797172643e-05, -0.00172036804724, -4.87757097289e-06, -0.00227515073493, 0.0013829151867, -0.00558381062001, 0.0153085524216, -0.00536243384704, 0.00353099405766, -0.0017480480019], [-0.000790820864495, -0.00159468594939, 0.000926913926378, -0.000280612206552, 0.00172338215634, -0.000696092552971, 0.0019261483103, -0.00377473444678, 0.00450685666874, -0.00536243384704, 0.0126671930775, -0.00600737193599, -0.00120111019351], [0.000456800451502, 0.00193660368677, -0.00117724854499, 0.00094500661362, -0.00266694929451, -0.000469374615932, -0.00316107575782, 0.00659631984308, -0.00708591472358, 0.00353099405766, -0.00600737193599, 0.017420521006, -0.00735090998933], [-0.000781247916166, -9.48457891354e-05, -0.000964592269156, 0.00010959157953, 0.000662848062348, 0.0020813443698, 0.00204691314138, -0.00414217216894, 0.00425213342533, -0.0017480480019, -0.00120111019351, -0.00735090998933, 0.0179411135614]]
    },
    "melbands": {
        "dmean": [0.00110451015644, 0.000550821656361, 0.000185502824024, 0.000260894477833, 0.000380362151191, 0.00034158086055, 0.000119518423162, 0.000171974359546, 0.000174276734469, 0.000206599768717, 0.000103765560198, 5.1481583796e-05, 0.000201136921532, 0.000144813689985, 3.81926874979e-05, 3.63820254279e-05, 3.98360571126e-05, 3.25697328662e-05, 2.18596742343e-05, 3.46130655089e-05, 1.98255620489e-05, 9.73112582869e-06, 8.05276522442e-06, 8.58753082866e-06, 1.14349277283e-05, 5.92881178818e-06, 5.09915662406e-06, 6.60006389808e-06, 4.15459089709e-06, 2.24680798055e-06, 1.64886864695e-06, 1.720077762e-06, 1.8085179363e-06, 1.5840442984e-06, 1.5294857576e-06, 8.93896469734e-07, 5.30673560206e-07, 2.13974360008e-07, 5.09420630124e-08, 2.76420997203e-09],
        "dmean2": [0.00174886675086, 0.000945466395933, 0.000307253067149, 0.000442495394964, 0.000595836143475, 0.00053713854868, 0.00018988600641, 0.000287356728222, 0.000282653170871, 0.000330778682837, 0.000170232378878, 8.38980777189e-05, 0.000318938924465, 0.000224410949158, 6.0542490246e-05, 5.75151643716e-05, 6.48352361168e-05, 4.95269305247e-05, 3.36431912729e-05, 5.42412017239e-05, 3.06411056954e-05, 1.55342822836e-05, 1.30166090457e-05, 1.37102733788e-05, 1.77472211362e-05, 9.27971996134e-06, 7.81558719609e-06, 1.01619898487e-05, 6.53638971926e-06, 3.61352113032e-06, 2.62384901362e-06, 2.72370971288e-06, 2.75985189546e-06, 2.44746706812e-06, 2.40569124799e-06, 1.39846770253e-06, 8.32243358673e-07, 3.20670380916e-07, 7.30181710651e-08, 4.08608391567e-09],
        "dvar": [5.68415498492e-06, 2.26002771342e-06, 1.99781027277e-07, 6.50672745905e-07, 7.08352899892e-07, 5.30837439783e-07, 7.22717388157e-08, 1.95596001618e-07, 1.42094890521e-07, 1.81847099157e-07, 8.04355337891e-08, 1.98084819658e-08, 2.07238727512e-07, 1.25530675632e-07, 1.41983003132e-08, 1.35368951604e-08, 1.90808222555e-08, 1.16619105484e-08, 3.2117988269e-09, 4.83137929663e-09, 3.93546395472e-09, 8.05226607614e-10, 3.16169979087e-10, 3.17043252762e-10, 5.42976441587e-10, 1.26476343287e-10, 9.05226171799e-11, 1.6385408308e-10, 5.90076529305e-11, 2.05330873831e-11, 1.71800386417e-11, 2.00199249539e-11, 2.02931976778e-11, 1.65722539858e-11, 2.1419966495e-11, 7.66821328657e-12, 3.81830764923e-12, 4.25083308397e-13, 3.41568915892e-14, 2.67136112705e-16],
        "dvar2": [1.3744228454e-05, 6.18484909864e-06, 4.99129725995e-07, 1.75552168002e-06, 1.59759417784e-06, 1.25303756704e-06, 1.78309932153e-07, 5.34137086561e-07, 3.61552736194e-07, 4.53107361409e-07, 2.20781274152e-07, 5.18308702624e-08, 5.19594550497e-07, 2.88209520249e-07, 3.4558173212e-08, 3.22981570378e-08, 4.71187213691e-08, 2.13293294138e-08, 6.81015510651e-09, 1.14111768923e-08, 8.50414760833e-09, 1.86994841833e-09, 7.40588090853e-10, 8.07991895613e-10, 1.21025378608e-09, 2.99091640343e-10, 2.06493655508e-10, 3.73320124814e-10, 1.41204728465e-10, 4.96374573389e-11, 4.04526655229e-11, 4.54928872351e-11, 4.25970855811e-11, 3.90178653276e-11, 5.37168504122e-11, 1.82789235137e-11, 9.51580134134e-12, 8.87770597053e-13, 7.31199429889e-14, 5.8176075702e-16],
        "max": [0.0283698663116, 0.0421715267003, 0.0078890863806, 0.0245916675776, 0.0154865849763, 0.0138224866241, 0.00947892013937, 0.0112345768139, 0.0122588686645, 0.00833124201745, 0.00931738875806, 0.00361577118747, 0.00685788691044, 0.0058875689283, 0.00450222799554, 0.00273351953365, 0.0034351600334, 0.00420813122764, 0.00156479433645, 0.00128696276806, 0.00227193720639, 0.000929039204493, 0.000475818262203, 0.000498216657434, 0.000546802999452, 0.000284458190436, 0.000234218212427, 0.000236392719671, 0.000142115764902, 0.000116016293759, 9.42369952099e-05, 0.000103263599158, 0.000119780117529, 9.54778734013e-05, 0.000128364859847, 7.00778327882e-05, 5.99296545261e-05, 1.925941433e-05, 6.33921672488e-06, 6.54248083265e-07],
        "mean": [0.00179562310223, 0.000710098946001, 0.000236389940255, 0.000379501347197, 0.000723141303752, 0.000703928701114, 0.000201615359401, 0.000247243442573, 0.000297402584692, 0.000375451141736, 0.000171833336935, 8.3897371951e-05, 0.000402973935707, 0.0002840255911, 7.28350569261e-05, 7.15716159903e-05, 6.41933074803e-05, 5.49128271814e-05, 3.93948321289e-05, 6.85388513375e-05, 3.81564204872e-05, 1.93105024664e-05, 1.55050802277e-05, 1.70308667293e-05, 2.19591347559e-05, 1.29185937112e-05, 1.18296429719e-05, 1.4742527128e-05, 8.72807231644e-06, 4.60706178274e-06, 3.26831400344e-06, 3.46018714481e-06, 3.71454416381e-06, 3.37472852152e-06, 3.16554019264e-06, 1.87205398561e-06, 1.04148341507e-06, 4.18756116005e-07, 8.13723985971e-08, 3.4837779328e-09],
        "median": [0.000300721760141, 0.000168210055563, 7.25859790691e-05, 0.000112928144517, 0.000216969521716, 0.000207487813896, 9.02508909348e-05, 9.82496640063e-05, 0.000130273983814, 0.000122352837934, 5.39764296263e-05, 2.93134653475e-05, 5.93490331084e-05, 3.82318066841e-05, 1.54459685291e-05, 1.52932389028e-05, 1.94043259398e-05, 1.70522689587e-05, 1.31145225168e-05, 1.95238444576e-05, 1.07367059172e-05, 7.33017941457e-06, 7.67353230913e-06, 7.87644603406e-06, 1.07465502879e-05, 6.80264611219e-06, 5.28298323843e-06, 5.99083296038e-06, 3.9238257159e-06, 2.36876280724e-06, 1.80132599326e-06, 1.69178690612e-06, 1.70002294908e-06, 1.79383835075e-06, 1.72740988091e-06, 9.27989503907e-07, 4.61202432689e-07, 1.30044469415e-07, 4.40159508841e-09, 2.75859474153e-11],
        "min": [5.15739904894e-24, 3.01275307984e-24, 2.19300511474e-24, 7.1437444974e-24, 9.81804291952e-24, 5.07183998402e-24, 4.62380998277e-24, 8.75787066089e-24, 6.17964090309e-24, 6.84971158333e-24, 9.64113849494e-24, 6.57999057351e-24, 8.29762948726e-24, 1.21772702961e-23, 1.25256999028e-23, 9.56289295948e-24, 1.19505887484e-23, 8.12773014752e-24, 8.81925350565e-24, 4.47276402423e-24, 9.57037136086e-24, 5.65835215059e-24, 4.85783188119e-24, 4.36395012869e-24, 5.25851326761e-24, 8.67577627307e-24, 7.15703601479e-24, 7.48407723571e-24, 9.11882422327e-24, 1.06501562793e-23, 1.02104783429e-23, 7.13129311687e-24, 1.1978409506e-23, 8.87385845751e-24, 8.31447245645e-24, 8.46120689571e-24, 1.02358504762e-23, 7.53654752996e-24, 7.73909072282e-24, 8.24494620057e-24],
        "var": [1.18357020256e-05, 2.54575957115e-06, 2.47151774602e-07, 8.11770576092e-07, 1.92528659682e-06, 1.73225407707e-06, 1.15985862692e-07, 2.24069850674e-07, 3.18438878821e-07, 5.3227972785e-07, 1.42690879557e-07, 3.66834562726e-08, 6.57477528421e-07, 3.74259855107e-07, 4.35222133888e-08, 4.75864858629e-08, 3.22353876925e-08, 2.4683775024e-08, 7.90575782617e-09, 1.5750130089e-08, 1.30757351613e-08, 2.52133935952e-09, 7.16759041008e-10, 8.7421758721e-10, 1.26781074528e-09, 3.83358844669e-10, 3.26881854917e-10, 5.54064294445e-10, 1.61621480088e-10, 4.49393786073e-11, 3.1523686439e-11, 4.14672879367e-11, 4.7776012313e-11, 3.12681859571e-11, 3.37757252722e-11, 1.3868379535e-11, 7.07614522533e-12, 1.18507319843e-12, 7.8799420873e-14, 4.37742100809e-16]
    },
    "mfcc": {
        "mean": [-661.983276367, 123.604629517, -30.2665538788, 27.4284038544, -29.3319244385, 12.2240104675, -20.4619789124, 14.5779657364, -15.2288093567, 16.0958633423, -10.8849210739, 5.87184333801, -2.83375000954],
        "cov": [[7549.85693359, -190.195022583, -102.528526306, 728.89831543, 37.3569908142, 710.055847168, -49.3050346375, 597.747741699, -395.899078369, 408.227630615, -445.571380615, 478.88470459, 217.95513916], [-190.195022583, 988.868469238, 143.956253052, 306.621948242, 301.085693359, 46.9398536682, 233.292526245, 44.8175697327, 88.2580947876, 31.6752128601, 64.1216659546, -20.3210773468, 77.6692504883], [-102.528526306, 143.956253052, 1162.2767334, 361.331726074, 352.876464844, 66.1165618896, 10.599366188, -90.7383270264, -54.8939552307, -57.7826347351, -62.0578842163, 35.5083274841, -49.9913902283], [728.89831543, 306.621948242, 361.331726074, 506.20022583, 261.903442383, 100.791816711, 77.1641921997, 58.5193710327, -31.0170211792, 68.5311203003, -74.5201568604, 81.8863830566, 51.586555481], [37.3569908142, 301.085693359, 352.876464844, 261.903442383, 411.401550293, 74.1563110352, 128.710494995, 50.6903686523, 71.8962783813, 46.353553772, 25.6988620758, 59.3541526794, 48.4463729858], [710.055847168, 46.9398536682, 66.1165618896, 100.791816711, 74.1563110352, 402.133209229, 88.8306503296, 165.874984741, 50.1028556824, 30.6667537689, 33.4854812622, 93.3477096558, 54.6431770325], [-49.3050346375, 233.292526245, 10.599366188, 77.1641921997, 128.710494995, 88.8306503296, 261.547027588, 68.6821365356, 77.5124740601, 60.6213417053, 52.7956047058, 18.5374221802, 48.0499076843], [597.747741699, 44.8175697327, -90.7383270264, 58.5193710327, 50.6903686523, 165.874984741, 68.6821365356, 225.937026978, 59.0273323059, 65.6340789795, 18.4103870392, 78.1316833496, 65.8579864502], [-395.899078369, 88.2580947876, -54.8939552307, -31.0170211792, 71.8962783813, 50.1028556824, 77.5124740601, 59.0273323059, 223.253631592, 14.1423358917, 111.578804016, 20.3498573303, 11.1067504883], [408.227630615, 31.6752128601, -57.7826347351, 68.5311203003, 46.353553772, 30.6667537689, 60.6213417053, 65.6340789795, 14.1423358917, 163.04914856, 12.6497793198, 58.1195907593, 26.8314590454], [-445.571380615, 64.1216659546, -62.0578842163, -74.5201568604, 25.6988620758, 33.4854812622, 52.7956047058, 18.4103870392, 111.578804016, 12.6497793198, 166.203033447, 10.8627376556, 8.55820655823], [478.88470459, -20.3210773468, 35.5083274841, 81.8863830566, 59.3541526794, 93.3477096558, 18.5374221802, 78.1316833496, 20.3498573303, 58.1195907593, 10.8627376556, 140.938552856, 56.7028312683], [217.95513916, 77.6692504883, -49.9913902283, 51.586555481, 48.4463729858, 54.6431770325, 48.0499076843, 65.8579864502, 11.1067504883, 26.8314590454, 8.55820655823, 56.7028312683, 126.179824829]],
