{
"lowlevel": {
    "average_loudness": 0.559638917446,
    "barkbands_crest": {
        "dmean": 2.61499643326,
        "dmean2": 4.18676424026,
        "dvar": 5.2783331871,
        "dvar2": 13.3350601196,
        "max": 26.3231487274,
        "mean": 11.9880332947,
        "median": 11.1293592453,
        "min": 2.55069518089,
        "var": 23.1966915131
    },
    "barkbands_flatness_db": {
        "dmean": 0.0207097623497,
        "dmean2": 0.0324128642678,
        "dvar": 0.00039921773714,
        "dvar2": 0.00088957848493,
        "max": 0.511960327625,
        "mean": 0.213120758533,
        "median": 0.204271957278,
        "min": 0.0673194304109,
        "var": 0.00434343423694
    },
    "barkbands_kurtosis": {
        "dmean": 2.99881601334,
        "dmean2": 4.73080205917,
        "dvar": 98.0525970459,
        "dvar2": 250.15826416,
        "max": 498.238830566,
        "mean": 5.21930551529,
        "median": 1.42229652405,
        "min": -1.94506418705,
        "var": 175.139984131
    },
    "barkbands_skewness": {
        "dmean": 0.516573190689,
        "dmean2": 0.793720781803,
        "dvar": 0.437570661306,
        "dvar2": 0.966655015945,
        "max": 18.0152320862,
        "mean": 1.3448843956,
        "median": 1.06202101707,
        "min": -5.96563005447,
        "var": 2.22764611244
    },
    "barkbands_spread": {
        "dmean": 4.03580379486,
        "dmean2": 6.34809112549,
        "dvar": 28.7431297302,
        "dvar2": 64.431640625,
        "max": 89.4023208618,
        "mean": 18.4506549835,
        "median": 15.8815870285,
        "min": 0.168858975172,
        "var": 161.532211304
    },
    "dissonance": {
        "dmean": 0.0261317137629,
        "dmean2": 0.0444394759834,
        "dvar": 0.000682828773279,
        "dvar2": 0.00188616197556,
        "max": 0.5,
        "mean": 0.445356488228,
        "median": 0.460086405277,
        "min": 0.183603584766,
        "var": 0.00231614033692
    },
    "dynamic_complexity": 5.49285268784,
    "erbbands_crest": {
        "dmean": 2.92307662964,
        "dmean2": 4.66001462936,
        "dvar": 7.31420755386,
        "dvar2": 18.1123771667,
        "max": 31.8397579193,
        "mean": 12.4597740173,
        "median": 11.230222702,
        "min": 2.38200616837,
        "var": 35.7125740051
    },
    "erbbands_flatness_db": {
        "dmean": 0.0159164555371,
        "dmean2": 0.0242826230824,
        "dvar": 0.000230657504289,
        "dvar2": 0.00049855792895,
        "max": 0.521341860294,
        "mean": 0.254823565483,
        "median": 0.248617872596,
        "min": 0.0926236137748,
        "var": 0.00417628046125
    },
    "erbbands_kurtosis": {
        "dmean": 1.52014017105,
        "dmean2": 2.41075134277,
        "dvar": 7.51739358902,
        "dvar2": 18.0373401642,
        "max": 95.9178390503,
        "mean": 2.28580498695,
        "median": 0.847561597824,
        "min": -1.87951040268,
        "var": 20.7357769012
    },
    "erbbands_skewness": {
        "dmean": 0.39852437377,
        "dmean2": 0.612239539623,
        "dvar": 0.195629477501,
        "dvar2": 0.407727152109,
        "max": 7.81002521515,
        "mean": 0.828470408916,
        "median": 0.785851478577,
        "min": -5.94584369659,
        "var": 1.11380362511
    },
    "erbbands_spread": {
        "dmean": 5.80273389816,
        "dmean2": 9.10366153717,
        "dvar": 58.0756607056,
        "dvar2": 145.238708496,
        "max": 123.80947876,
        "mean": 27.1188640594,
        "median": 23.1867103577,
        "min": 1.60159385204,
        "var": 278.612701416
    },
    "hfc": {
        "dmean": 4.14211273193,
        "dmean2": 6.6225194931,
        "dvar": 42.2551269531,
        "dvar2": 111.65436554,
        "max": 107.387329102,
        "mean": 18.3681373596,
        "median": 10.1937141418,
        "min": 1.10285681583e-16,
        "var": 367.450500488
    },
    "melbands_crest": {
        "dmean": 3.41216659546,
        "dmean2": 5.50201272964,
        "dvar": 10.5208358765,
        "dvar2": 26.4407711029,
        "max": 36.6421737671,
        "mean": 15.5273962021,
        "median": 14.5321464539,
        "min": 1.76593267918,
        "var": 35.5488433838
    },
    "melbands_flatness_db": {
        "dmean": 0.0235302262008,
        "dmean2": 0.0352181270719,
        "dvar": 0.000590896233916,
        "dvar2": 0.00121321098413,
        "max": 0.638886272907,
        "mean": 0.235991567373,
        "median": 0.224883064628,
        "min": 0.00665754126385,
        "var": 0.00666907522827
    },
    "melbands_kurtosis": {
        "dmean": 5.2477555275,
        "dmean2": 8.36625003815,
        "dvar": 133.905593872,
        "dvar2": 309.282592773,
        "max": 363.782104492,
        "mean": 10.4803600311,
        "median": 4.68433189392,
        "min": -1.93741929531,
        "var": 364.297546387
    },
    "melbands_skewness": {
        "dmean": 0.644906818867,
        "dmean2": 1.01325678825,
        "dvar": 0.557145774364,
        "dvar2": 1.30944097042,
        "max": 15.8197689056,
        "mean": 2.00501322746,
        "median": 1.67821824551,
        "min": -3.22833848,
        "var": 2.69489121437
    },
    "melbands_spread": {
        "dmean": 5.92443752289,
        "dmean2": 9.23429870605,
        "dvar": 115.315971375,
        "dvar2": 241.926498413,
        "max": 195.080337524,
        "mean": 23.5222301483,
        "median": 19.3576984406,
        "min": 0.361661911011,
        "var": 422.855895996
    },
    "pitch_salience": {
        "dmean": 0.0663220733404,
        "dmean2": 0.106181621552,
        "dvar": 0.00399286812171,
        "dvar2": 0.00986002478749,
        "max": 0.90296292305,
        "mean": 0.522269189358,
        "median": 0.519502997398,
        "min": 0.0738714560866,
        "var": 0.0174612365663
    },
    "silence_rate_20dB": {
        "dmean": 0,
        "dmean2": 0,
        "dvar": 0,
        "dvar2": 0,
        "max": 1,
        "mean": 1,
        "median": 1,
        "min": 1,
        "var": 0
    },
    "silence_rate_30dB": {
        "dmean": 0.0016579820076,
        "dmean2": 0.0033163568005,
        "dvar": 0.00165528221987,
        "dvar2": 0.00448987167329,
        "max": 1,
        "mean": 0.998934268951,
        "median": 1,
        "min": 0,
        "var": 0.00106456980575
    },
    "silence_rate_60dB": {
        "dmean": 0.0348176211119,
        "dmean2": 0.0695250481367,
        "dvar": 0.0336046814919,
        "dvar2": 0.0734478533268,
        "max": 1,
        "mean": 0.24061575532,
        "median": 0,
        "min": 0,
        "var": 0.182699993253
    },
    "spectral_centroid": {
        "dmean": 210.556442261,
        "dmean2": 318.239135742,
        "dvar": 101234.257812,
        "dvar2": 187535.796875,
        "max": 11323.9824219,
        "mean": 1433.62231445,
        "median": 1375.85668945,
        "min": 254.575027466,
        "var": 577347.6875
    },
    "spectral_complexity": {
        "dmean": 2.40549492836,
        "dmean2": 3.9270401001,
        "dvar": 8.31966781616,
        "dvar2": 19.8633346558,
        "max": 56,
        "mean": 16.1721725464,
        "median": 12,
        "min": 0,
        "var": 170.535064697
    },
    "spectral_decrease": {
        "dmean": 1.71022584983e-09,
        "dmean2": 2.81248335732e-09,
        "dvar": 7.74957309042e-18,
        "dvar2": 2.11889940511e-17,
        "max": 2.22109751627e-29,
        "mean": -5.79095216224e-09,
        "median": -3.15345149993e-09,
        "min": -4.00885156182e-08,
        "var": 3.72705944972e-17
    },
    "spectral_energy": {
        "dmean": 0.00673631438985,
        "dmean2": 0.0110637620091,
        "dvar": 0.000117419280286,
        "dvar2": 0.000320815946907,
        "max": 0.154910817742,
        "mean": 0.0235223546624,
        "median": 0.0128933349624,
        "min": 9.91940611848e-21,
        "var": 0.000604235567153
    },
    "spectral_energyband_high": {
        "dmean": 0.000204263720661,
        "dmean2": 0.00031709484756,
        "dvar": 1.5220140881e-07,
        "dvar2": 3.52207081278e-07,
        "max": 0.00849369168282,
        "mean": 0.000754946435336,
        "median": 0.000192368868738,
        "min": 7.25688621008e-21,
        "var": 9.48621107e-07
    },
    "spectral_energyband_low": {
        "dmean": 0.00397635344416,
        "dmean2": 0.00670117605478,
        "dvar": 7.64216747484e-05,
        "dvar2": 0.00021011516219,
        "max": 0.120919436216,
        "mean": 0.00783263612539,
        "median": 0.000402118545026,
        "min": 5.08794047732e-23,
        "var": 0.000154833265697
    },
    "spectral_energyband_middle_high": {
        "dmean": 0.00262428214774,
        "dmean2": 0.00424625165761,
        "dvar": 2.5822670068e-05,
        "dvar2": 7.11086395313e-05,
        "max": 0.0852792263031,
        "mean": 0.00760336965322,
        "median": 0.00335912266746,
        "min": 1.38927255798e-21,
        "var": 0.000109123866423
    },
    "spectral_energyband_middle_low": {
        "dmean": 0.00273310462944,
        "dmean2": 0.00423740409315,
        "dvar": 1.99985133804e-05,
        "dvar2": 4.74115258839e-05,
        "max": 0.0761012509465,
        "mean": 0.00771795772016,
        "median": 0.00503434566781,
        "min": 2.58115414406e-22,
        "var": 8.01633650553e-05
    },
    "spectral_entropy": {
        "dmean": 0.136688262224,
        "dmean2": 0.199954971671,
        "dvar": 0.0231741312891,
        "dvar2": 0.0396322496235,
        "max": 9.81600475311,
        "mean": 7.24816942215,
        "median": 7.40021085739,
        "min": 4.26747751236,
        "var": 0.372974038124
    },
    "spectral_flux": {
        "dmean": 0.0169506948441,
        "dmean2": 0.027946902439,
        "dvar": 0.000424097670475,
        "dvar2": 0.00107576884329,
        "max": 0.32121142745,
        "mean": 0.0667545646429,
        "median": 0.0565907396376,
        "min": 6.90943899317e-11,
        "var": 0.00250789453276
    },
    "spectral_kurtosis": {
        "dmean": 2.75817656517,
        "dmean2": 4.7798705101,
        "dvar": 16.8186302185,
        "dvar2": 44.5221176147,
        "max": 167.179016113,
        "mean": 4.28201293945,
        "median": 2.30305194855,
        "min": -1.31703519821,
        "var": 45.9266204834
    },
    "spectral_rms": {
        "dmean": 0.000589532835875,
        "dmean2": 0.000942698738072,
        "dvar": 5.2977014775e-07,
        "dvar2": 1.38428356422e-06,
        "max": 0.012293596752,
        "mean": 0.00404316512868,
        "median": 0.00354666938074,
        "min": 3.1108631296e-12,
        "var": 6.60148907627e-06
    },
    "spectral_rolloff": {
        "dmean": 341.826782227,
        "dmean2": 573.827026367,
        "dvar": 487935.96875,
        "dvar2": 976171.3125,
        "max": 19358.3496094,
        "mean": 1421.41137695,
        "median": 1055.12695312,
        "min": 43.06640625,
        "var": 1608139.625
    },
    "spectral_skewness": {
        "dmean": 0.295771837234,
        "dmean2": 0.49306511879,
        "dvar": 0.106565743685,
        "dvar2": 0.27218657732,
        "max": 10.2975740433,
        "mean": 1.24282777309,
        "median": 1.07395219803,
        "min": -1.01289975643,
        "var": 0.571848869324
    },
    "spectral_spread": {
        "dmean": 264205.9375,
        "dmean2": 417804.90625,
        "dvar": 220153511936,
        "dvar2": 400294117376,
        "max": 42251492,
        "mean": 3366359.25,
        "median": 3403252,
        "min": 516815.5625,
        "var": 1.33586891571e+12
    },
    "spectral_strongpeak": {
        "dmean": 0.672293007374,
        "dmean2": 1.15512752533,
        "dvar": 1.44984233379,
        "dvar2": 3.80905151367,
        "max": 11.2799682617,
        "mean": 1.28570115566,
        "median": 0.576643884182,
        "min": 0,
        "var": 2.65267014503
    },
    "zerocrossingrate": {
        "dmean": 0.00730542512611,
        "dmean2": 0.00862233061343,
        "dvar": 0.000138836810947,
        "dvar2": 0.000152072054334,
        "max": 0.50439453125,
        "mean": 0.0562054775655,
        "median": 0.0517578125,
        "min": 0.00390625,
        "var": 0.00123701861594
    },
    "barkbands": {
        "dmean": [0.000595751276705, 0.003215653589, 0.000761781877372, 0.000455032626633, 0.000772593019065, 0.000951369525865, 0.000571286305785, 0.000485167343868, 0.000804144947324, 0.000839676067699, 0.00155018898658, 0.000513204722665, 0.000345102860592, 0.00029038276989, 0.000219723311602, 0.000142466902616, 0.000101478537545, 0.000110684348329, 0.000132142391521, 0.000142421515193, 8.04535884527e-05, 5.68182476854e-05, 4.75203996757e-05, 1.67585822055e-05, 3.63817036941e-07, 1.01486541393e-09, 9.87985138146e-10],
        "dmean2": [0.00101181236096, 0.00535970926285, 0.0013435925357, 0.000784604868386, 0.00123681605328, 0.00143528496847, 0.000906526343897, 0.000785899814218, 0.00130065949634, 0.00131572282407, 0.00251833419316, 0.000832866935525, 0.000561649678275, 0.000462644908112, 0.000370876456145, 0.000237882559304, 0.000168499202118, 0.000186184668564, 0.000216156156966, 0.000225422016229, 0.000129760097479, 8.97083082236e-05, 7.48614183976e-05, 2.63278543571e-05, 5.76644367811e-07, 1.83419668343e-09, 1.81480575012e-09],
        "dvar": [3.61170828e-06, 5.35983599548e-05, 6.04633987678e-06, 1.58923796789e-06, 3.19625110023e-06, 6.19233424004e-06, 2.16978287426e-06, 1.94760650629e-06, 3.14123963108e-06, 5.24682036485e-06, 1.87930891116e-05, 2.37875360654e-06, 9.74563022282e-07, 7.00346674876e-07, 2.96479612416e-07, 1.46160360259e-07, 5.46794787226e-08, 6.05342478366e-08, 6.33875032463e-08, 7.08657594828e-08, 2.67528239561e-08, 1.96561114052e-08, 1.42710110396e-08, 2.36296404665e-09, 9.62191155744e-13, 5.32803286644e-18, 4.29005602813e-18],
        "dvar2": [1.01901941889e-05, 0.000144338977407, 1.7309188479e-05, 4.37276503362e-06, 8.01852911536e-06, 1.33109924718e-05, 5.12093038196e-06, 4.53811617263e-06, 7.72883595346e-06, 1.24276721181e-05, 5.12793485541e-05, 6.37224366073e-06, 2.2855433599e-06, 1.68340761775e-06, 7.88322779499e-07, 3.9334670987e-07, 1.40315592034e-07, 1.59856298865e-07, 1.70525439103e-07, 1.6717699225e-07, 6.74473312756e-08, 4.66805651911e-08, 3.41950894267e-08, 5.89740567492e-09, 2.46933549997e-12, 1.57154390218e-17, 1.34270091156e-17],
        "max": [0.0654905587435, 0.10293019563, 0.0561750084162, 0.0223910491914, 0.0526446551085, 0.0735589265823, 0.0301161631942, 0.0511607788503, 0.0440021492541, 0.0713236257434, 0.0796343758702, 0.0440310128033, 0.0272171404213, 0.0256776232272, 0.0141684236005, 0.0108533585444, 0.00648038787767, 0.00674941157922, 0.00387509958819, 0.00466377288103, 0.00361162237823, 0.0027652035933, 0.00343294907361, 0.00160393118858, 2.09134050237e-05, 8.89453986019e-08, 5.12418019127e-08],
        "mean": [0.000745954108424, 0.00589947449043, 0.00100888055749, 0.000538210442755, 0.00154991983436, 0.0020727769006, 0.00106521113776, 0.000722031050827, 0.0013634969946, 0.00146866624709, 0.00280996505171, 0.000869530485943, 0.000606129644439, 0.000486420205561, 0.00038104003761, 0.000253960257396, 0.000199317524675, 0.000237689324422, 0.000317141151754, 0.000376885087462, 0.000212803672184, 0.000154645589646, 0.00013449434482, 4.72223073302e-05, 5.45303009858e-07, 1.12460085688e-09, 1.09046005559e-09],
        "median": [2.5848599762e-05, 0.000193439700524, 4.07308652939e-05, 2.71123171842e-05, 0.000382252386771, 0.000481926719658, 0.000288243812975, 0.000190182807273, 0.000456903944723, 0.000275230326224, 0.000292171142064, 0.000159943243489, 0.000139725438203, 0.000122985395137, 8.75279292814e-05, 4.2187559302e-05, 4.65226876258e-05, 5.32594385731e-05, 9.23420448089e-05, 8.69159048307e-05, 3.69202462025e-05, 2.27716918744e-05, 3.19737810059e-05, 8.13641145214e-06, 5.10588327174e-09, 5.18986909004e-10, 5.01515273754e-10],
        "min": [9.78103607395e-25, 1.38031268213e-23, 1.79587009196e-23, 1.92625160242e-23, 2.23398561046e-23, 2.03171662565e-23, 2.55392156121e-23, 1.12427541133e-23, 1.45797209394e-23, 2.52148028757e-23, 8.22252440706e-23, 6.42221507925e-23, 2.184910258e-23, 7.19982051707e-23, 1.01794491303e-22, 7.81284243325e-23, 1.15480969262e-22, 2.01245699686e-22, 3.09374889208e-22, 2.40874953986e-22, 3.5495661022e-22, 4.60529574865e-22, 6.73394791788e-22, 6.98752996954e-22, 9.71879765432e-22, 1.36390925361e-21, 2.26782429755e-21],
        "var": [4.99170346302e-06, 9.92066125036e-05, 6.5995272962e-06, 1.63820141097e-06, 9.81696030067e-06, 2.3463881007e-05, 6.2471858655e-06, 4.13003726862e-06, 7.30792908143e-06, 1.51312569869e-05, 5.03034061694e-05, 5.93037157159e-06, 2.62848016064e-06, 1.52725101543e-06, 5.97833377469e-07, 3.10586273145e-07, 1.22772874533e-07, 1.57802119816e-07, 2.07559708088e-07, 3.20922168839e-07, 1.18364027912e-07, 7.01435070027e-08, 4.74401460338e-08, 6.91718282653e-09, 1.89313321963e-12, 3.80975815494e-18, 3.09435549254e-18]
    },
    "erbbands": {
        "dmean": [0.140350773931, 0.587885439396, 0.858381330967, 1.26106095314, 1.49357247353, 3.15569233894, 6.2934885025, 7.98488283157, 6.58569478989, 10.9263095856, 10.602101326, 16.237827301, 25.4258613586, 39.7446060181, 47.4055137634, 17.0547809601, 13.9763717651, 16.1051845551, 8.63776493073, 11.3705759048, 6.55652666092, 5.30715322495, 5.27543449402, 7.25380897522, 5.60556793213, 7.11853790283, 4.06749486923, 2.58596849442, 2.15894913673, 1.66410553455, 1.34118044376, 0.613899767399, 0.140574172139, 0.0107875242829, 0.000332391384291, 2.92346030619e-05, 6.62736556478e-06, 1.97001577362e-06, 3.47126751876e-06, 7.67537585489e-06],
        "dmean2": [0.235516414046, 0.985948503017, 1.48744869232, 2.20179772377, 2.49763464928, 5.0874414444, 9.57051467896, 12.1457643509, 10.4392356873, 17.2554702759, 17.159784317, 26.4895153046, 40.9755554199, 64.9003448486, 76.1479034424, 27.5689563751, 22.2721138, 25.6834583282, 14.1419305801, 19.0752296448, 10.9596986771, 8.74463176727, 8.86834335327, 12.0499410629, 8.94823932648, 11.1965198517, 6.55805826187, 4.1672167778, 3.43870210648, 2.64111471176, 2.15004110336, 0.977045059204, 0.213731274009, 0.0159808024764, 0.000484762480482, 4.3496296712e-05, 1.02065632746e-05, 3.07587333737e-06, 5.62727245779e-06, 1.25763044707e-05],
        "dvar": [0.131637424231, 1.6706815958, 6.43175029755, 14.7419261932, 13.0489616394, 56.7794799805, 293.763519287, 466.310058594, 392.687011719, 820.633544922, 888.004455566, 1458.96203613, 3962.08740234, 11468.1123047, 20899.7675781, 2616.65991211, 1598.41064453, 1948.83947754, 599.850219727, 953.635437012, 265.408813477, 163.17628479, 143.512039185, 246.134552002, 102.284385681, 198.480880737, 64.5393829346, 35.8450126648, 27.8575458527, 15.6292133331, 13.083738327, 3.67356562614, 0.119359850883, 0.000697091512848, 6.83555356318e-07, 5.36479127788e-09, 2.21939064349e-10, 1.85066094394e-11, 2.88586307629e-11, 1.47282699925e-10],
        "dvar2": [0.355633795261, 4.61541652679, 18.2897644043, 41.3033103943, 34.794883728, 142.066543579, 672.846435547, 992.092834473, 936.846008301, 1824.93103027, 2161.80761719, 3739.47851562, 9709.76953125, 31083.5019531, 55520.015625, 6934.43554688, 3745.44287109, 4812.60205078, 1530.53991699, 2529.95166016, 699.817382812, 415.261230469, 374.983551025, 671.821716309, 261.597167969, 458.618041992, 162.822738647, 89.8137207031, 68.1556930542, 36.5997123718, 32.1334762573, 9.26580238342, 0.266125231981, 0.00151610490866, 1.4473163219e-06, 1.17757599227e-08, 5.13433462412e-10, 4.35003318089e-11, 7.73611036342e-11, 4.01499000713e-10],
        "max": [4.85202693939, 16.844865799, 63.1280288696, 69.3432922363, 65.3413925171, 209.373504639, 540.673278809, 574.401428223, 535.480957031, 792.403991699, 1266.7434082, 900.063171387, 1530.50537109, 2726.11450195, 3161.13452148, 1408.4753418, 1156.85339355, 1362.81433105, 909.167236328, 1026.63110352, 544.164916992, 425.221221924, 310.20526123, 365.971130371, 169.606872559, 289.369476318, 224.910293579, 166.330383301, 115.272659302, 100.674530029, 125.937576294, 72.45287323, 8.6230430603, 0.769732534885, 0.0221202075481, 0.00190057326108, 0.000393428985262, 0.000112215369882, 8.15672974568e-05, 0.000174298023921],
        "mean": [0.203503251076, 1.16575860977, 1.46390473843, 1.58386206627, 2.2907166481, 5.99608850479, 13.7595691681, 16.0278873444, 12.8127212524, 19.4540195465, 16.2874088287, 26.4376945496, 47.1968536377, 80.0198745728, 88.2824020386, 32.2493438721, 27.2640190125, 30.0830402374, 16.6740226746, 20.5242118835, 13.3956651688, 11.42648983, 12.1749191284, 17.0057678223, 15.1110906601, 18.6810874939, 11.3252506256, 6.80042600632, 5.63869285583, 4.80992603302, 3.67917084694, 1.72376215458, 0.407556951046, 0.0282807089388, 0.0010242050048, 0.00011468584853, 2.99614548567e-05, 8.95818266144e-06, 1.44291007018e-05, 2.84660072793e-05],
        "median": [0.00740758748725, 0.0305869523436, 0.0571782104671, 0.0918287262321, 0.276544362307, 1.61972510815, 2.72617101669, 3.86569333076, 3.79892420769, 5.83148241043, 6.06384992599, 9.78391647339, 13.3845338821, 16.0059604645, 12.5171127319, 7.81431055069, 7.32915878296, 7.95425128937, 5.43934822083, 4.03871059418, 2.61669301987, 2.83583140373, 2.98230242729, 4.49466228485, 4.87895727158, 4.08389139175, 2.45203185081, 0.980677723885, 0.840638816357, 0.780977785587, 0.940841257572, 0.372382968664, 0.0516704618931, 0.00307639269158, 0.000169371342054, 3.28574242303e-05, 1.17401195894e-05, 3.6530404941e-06, 7.88016313891e-06, 1.55596426339e-05],
        "min": [2.68895924428e-22, 4.32979694485e-21, 2.42851907572e-20, 3.74207429519e-20, 1.21725701745e-19, 5.93090954893e-20, 5.87843398635e-20, 1.62120265628e-19, 2.50243383499e-19, 7.66209698288e-19, 2.64013872747e-19, 5.71068175813e-19, 9.20765448913e-19, 1.09377048082e-18, 3.45269468339e-18, 3.0149308509e-18, 1.4781135418e-18, 4.28871392759e-18, 4.12773217267e-18, 4.35330018981e-18, 5.93135648495e-18, 8.15316443745e-18, 9.89928977099e-18, 1.5942821046e-17, 1.41763735392e-17, 1.23860792425e-17, 1.17569670276e-17, 1.61620156365e-17, 1.41848240163e-17, 1.84424235451e-17, 1.80255542949e-17, 1.51202660274e-17, 1.15573063072e-17, 9.92614915266e-18, 7.65446386359e-18, 4.57732799665e-18, 2.8745601621e-18, 9.74461671582e-19, 2.86240551848e-19, 3.22155280017e-20],
        "var": [0.164612367749, 4.02733278275, 10.3673095703, 14.198217392, 21.4264240265, 177.076828003, 1165.07287598, 1369.03588867, 1098.43493652, 2162.01220703, 1619.55749512, 2515.60961914, 10530.5371094, 37949.5546875, 55732.7148438, 6608.93408203, 4740.74707031, 4964.39257812, 1036.64685059, 1904.49743652, 711.080566406, 387.222747803, 413.039550781, 722.195068359, 421.930999756, 854.353088379, 300.747039795, 133.073974609, 94.0810470581, 62.3775177002, 36.5506629944, 9.25074863434, 0.514672398567, 0.00287791760638, 3.21312222695e-06, 2.83201924134e-08, 1.36477606993e-09, 1.15474019236e-10, 2.15810924686e-10, 8.62123539225e-10]
    },
    "gfcc": {
        "mean": [-96.0606613159, 131.417098999, -180.076095581, 37.9941673279, -83.9243621826, 2.08647894859, -7.55290746689, -16.5013160706, 4.4837770462, -20.8651657104, 10.0933637619, -9.98297595978, 2.79769229889],
        "cov": [[14275.8886719, -64.1181411743, 486.301605225, 3144.39697266, 468.606842041, 1968.64306641, 9.60461807251, 415.548797607, 222.106140137, -330.608673096, 844.915039062, -302.132446289, 440.99395752], [-64.1181411743, 1167.90148926, 381.14239502, -13.3603496552, 577.255187988, -131.464385986, 280.28302002, 6.45782089233, 22.9042701721, 31.2095565796, -104.470573425, 34.995880127, -46.2434616089], [486.301605225, 381.14239502, 1150.87133789, 590.873596191, -88.8818740845, 77.8132400513, -198.009475708, -26.5752487183, -58.2800598145, -67.9972076416, 10.0948610306, 17.7659893036, 86.5078201294], [3144.39697266, -13.3603496552, 590.873596191, 1237.45727539, 174.652481079, 552.350158691, -64.8462524414, 138.163574219, 79.961151123, -95.9793014526, 114.914749146, -55.3332481384, 113.576499939], [468.606842041, 577.255187988, -88.8818740845, 174.652481079, 852.568786621, 229.409545898, 412.433135986, 198.24546814, 123.97303772, 122.074577332, -133.898208618, -2.30386948586, -54.5432281494], [1968.64306641, -131.464385986, 77.8132400513, 552.350158691, 229.409545898, 689.886535645, 198.293258667, 166.193817139, 107.311378479, 20.137254715, 78.1367492676, -68.6308288574, 27.4434738159], [9.60461807251, 280.28302002, -198.009475708, -64.8462524414, 412.433135986, 198.293258667, 513.783935547, 126.814735413, 81.6445922852, 98.3409957886, -110.080497742, 3.82553792, -60.0986480713], [415.548797607, 6.45782089233, -26.5752487183, 138.163574219, 198.24546814, 166.193817139, 126.814735413, 236.853790283, 110.357635498, 43.2689056396, -0.780391573906, -11.7203617096, 5.21602535248], [222.106140137, 22.9042701721, -58.2800598145, 79.961151123, 123.97303772, 107.311378479, 81.6445922852, 110.357635498, 198.520248413, 58.1222190857, -17.2327671051, 30.7882080078, -28.6071510315], [-330.608673096, 31.2095565796, -67.9972076416, -95.9793014526, 122.074577332, 20.137254715, 98.3409957886, 43.2689056396, 58.1222190857, 181.501556396, 0.905894756317, 14.0265960693, -14.7059183121], [844.915039062, -104.470573425, 10.0948610306, 114.914749146, -133.898208618, 78.1367492676, -110.080497742, -0.780391573906, -17.2327671051, 0.905894756317, 273.803833008, 0.317571669817, 57.3236961365], [-302.132446289, 34.995880127, 17.7659893036, -55.3332481384, -2.30386948586, -68.6308288574, 3.82553792, -11.7203617096, 30.7882080078, 14.0265960693, 0.317571669817, 132.47253418, 42.3312911987], [440.99395752, -46.2434616089, 86.5078201294, 113.576499939, -54.5432281494, 27.4434738159, -60.0986480713, 5.21602535248, -28.6071510315, -14.7059183121, 57.3236961365, 42.3312911987, 142.994110107]],
        "icov": [[0.000381475168979, -0.000601528969128, 0.000679722696077, -0.000963206461165, 0.000422039447585, -0.000562752655242, 0.000141667405842, -4.55233894172e-05, -8.39348376758e-06, 0.000180128219654, -0.000479204347357, 0.000419606541982, -0.000602247659117], [-0.000601528969128, 0.00481357425451, -0.0035387321841, 0.00258327554911, -0.00421980628744, 0.00291192857549, -0.00223988108337, 0.00231389468536, -0.00199688435532, 0.00191266159527, -0.00126318866387, 0.000755809189286, 0.000386419007555], [0.000679722696077, -0.0035387321841, 0.00420687068254, -0.00337237259373, 0.00322791188955, -0.00204317085445, 0.00182330096141, -0.00160180043895, 0.00205812091008, -0.00155510113109, 0.000952221977059, -0.000826502626296, -0.000544263981283], [-0.000963206461165, 0.00258327554911, -0.00337237259373, 0.00520250992849, -0.00283029675484, 0.000412000168581, -8.70263247634e-05, 0.000795257277787, -0.0015824920265, 0.00151721178554, 0.000216621818254, 0.000124140555272, 0.000205546297366], [0.000422039447585, -0.00421980628744, 0.00322791188955, -0.00283029675484, 0.00622864905745, -0.00220249523409, 0.00050100981025, -0.00310886022635, 0.00218841806054, -0.00285258074291, 0.0020848303102, -0.00120481452905, 0.00041684723692], [-0.000562752655242, 0.00291192857549, -0.00204317085445, 0.000412000168581, -0.00220249523409, 0.00545339426026, -0.00295485416427, 0.000848654599395, -0.0018457788974, 0.000680282362737, -0.00121482450049, 0.00166152510792, 0.000122310753795], [0.000141667405842, -0.00223988108337, 0.00182330096141, -8.70263247634e-05, 0.00050100981025, -0.00295485416427, 0.00565458741039, -0.00191949785221, 0.00176872790325, -0.00170123297721, 0.00195976323448, -0.00175133103039, 0.000921287573874], [-4.55233894172e-05, 0.00231389468536, -0.00160180043895, 0.000795257277787, -0.00310886022635, 0.000848654599395, -0.00191949785221, 0.00887531787157, -0.00500153377652, 0.00146845122799, -0.0016040368937, 0.00280026672408, -0.00228863232769], [-8.39348376758e-06, -0.00199688435532, 0.00205812091008, -0.0015824920265, 0.00218841806054, -0.0018457788974, 0.00176872790325, -0.00500153377652, 0.0108088320121, -0.003503004089, 0.00199059024453, -0.00528905028477, 0.00407661916688], [0.000180128219654, 0.00191266159527, -0.00155510113109, 0.00151721178554, -0.00285258074291, 0.000680282362737, -0.00170123297721, 0.00146845122799, -0.003503004089, 0.00905127916485, -0.00264411186799, 0.00152297492605, -0.00134929304477], [-0.000479204347357, -0.00126318866387, 0.000952221977059, 0.000216621818254, 0.0020848303102, -0.00121482450049, 0.00195976323448, -0.0016040368937, 0.00199059024453, -0.00264411186799, 0.00676857121289, -0.00184827379417, 0.000191852275748], [0.000419606541982, 0.000755809189286, -0.000826502626296, 0.000124140555272, -0.00120481452905, 0.00166152510792, -0.00175133103039, 0.00280026672408, -0.00528905028477, 0.00152297492605, -0.00184827379417, 0.0126511575654, -0.00617062114179], [-0.000602247659117, 0.000386419007555, -0.000544263981283, 0.000205546297366, 0.00041684723692, 0.000122310753795, 0.000921287573874, -0.00228863232769, 0.00407661916688, -0.00134929304477, 0.000191852275748, -0.00617062114179, 0.0121744219214]]
    },
    "melbands": {
        "dmean": [0.00104102108162, 0.00052874663379, 0.000211728111026, 0.000152776789037, 0.000201525428565, 0.000178127374966, 0.000104665901745, 0.000116178751341, 9.06111527001e-05, 0.000112596753752, 0.000130469052237, 0.000155181332957, 0.000193164683878, 6.88077343511e-05, 3.31885603373e-05, 3.73207694793e-05, 3.07883819914e-05, 1.47151122292e-05, 1.80854531209e-05, 1.27523835545e-05, 7.70952465246e-06, 6.38557094135e-06, 4.88721889269e-06, 6.09188691669e-06, 6.62972524879e-06, 4.82003360958e-06, 4.89951617055e-06, 5.40355495104e-06, 3.18040929415e-06, 1.86778083844e-06, 1.6364425619e-06, 1.37034373893e-06, 1.18804189242e-06, 1.00754607502e-06, 9.28651161303e-07, 6.01366480169e-07, 3.37923893312e-07, 1.31781888513e-07, 3.20952473487e-08, 1.98822069919e-09],
        "dmean2": [0.00174419174436, 0.000899497885257, 0.000366615131497, 0.000248112686677, 0.000308406481054, 0.000269749289146, 0.000165169840329, 0.000182959105587, 0.000146793827298, 0.000183883894351, 0.000209667501622, 0.000253109959885, 0.000312090473017, 0.000110952678369, 5.29569115315e-05, 5.95643286943e-05, 4.8946676543e-05, 2.39681812673e-05, 3.02846765408e-05, 2.14156607399e-05, 1.28323345052e-05, 1.05501703729e-05, 8.16866759124e-06, 1.02248168332e-05, 1.10292112367e-05, 7.84834810474e-06, 7.84853091318e-06, 8.58932980918e-06, 5.15518786415e-06, 3.04933519146e-06, 2.65652465714e-06, 2.20611605073e-06, 1.91609410649e-06, 1.61015668709e-06, 1.50457867676e-06, 9.64963078331e-07, 5.41301858448e-07, 2.04297620598e-07, 4.94893264147e-08, 2.94146196289e-09],
        "dvar": [6.32364981357e-06, 1.62668948178e-06, 3.58025744163e-07, 1.34475143909e-07, 2.52579752669e-07, 2.16730825287e-07, 8.22697998615e-08, 9.14941367114e-08, 5.80606105416e-08, 6.87415706579e-08, 1.08829169676e-07, 1.74971560796e-07, 3.31320251235e-07, 4.7074635745e-08, 9.97569227223e-09, 1.17828955482e-08, 8.09795785983e-09, 2.23957496992e-09, 1.88466819928e-09, 1.40381373193e-09, 3.40280692512e-10, 2.55442195174e-10, 1.29151536687e-10, 2.08760231324e-10, 2.21564544489e-10, 8.74163241793e-11, 9.36383331984e-11, 1.20148974103e-10, 4.22056001259e-11, 1.72200656512e-11, 1.81952872907e-11, 1.17648763995e-11, 8.33687199137e-12, 5.21141333212e-12, 5.39947036735e-12, 3.40207376159e-12, 1.04169765262e-12, 9.66700948891e-14, 6.19645936124e-15, 4.32077859142e-17],
        "dvar2": [1.69736977114e-05, 4.61831268694e-06, 9.92206082628e-07, 3.49894605733e-07, 5.84724205055e-07, 4.60732877627e-07, 1.95722350327e-07, 2.03311657287e-07, 1.40650428193e-07, 1.74446938672e-07, 2.66275634431e-07, 4.64660956823e-07, 9.08346464712e-07, 1.25308687871e-07, 2.42704043529e-08, 2.72181459593e-08, 1.98631529003e-08, 5.50541434663e-09, 5.02226704668e-09, 3.78729403394e-09, 8.82828365967e-10, 6.43355480001e-10, 3.43895301125e-10, 5.59719826043e-10, 6.05678229793e-10, 2.32055777372e-10, 2.35496039336e-10, 2.78703921053e-10, 1.065394023e-10, 4.47005141235e-11, 4.63967371467e-11, 2.94893623409e-11, 2.04927273068e-11, 1.25191506467e-11, 1.35496613929e-11, 8.47270083953e-12, 2.68189225168e-12, 2.25084355451e-13, 1.44064092117e-14, 9.66152844988e-17],
        "max": [0.0361011438072, 0.0292653236538, 0.0104604521766, 0.0105368206277, 0.0156724844128, 0.0121971815825, 0.00703316926956, 0.0102696269751, 0.0098984176293, 0.00673358049244, 0.00873241852969, 0.0100206667557, 0.0109956720844, 0.0052926982753, 0.00319815194234, 0.00360974040814, 0.00313178403303, 0.00190313649364, 0.000923337589484, 0.000919847982004, 0.000558998493943, 0.000571206968743, 0.000261360313743, 0.000524817209225, 0.000329146976583, 0.000170946776052, 0.000177179565071, 0.00023975566728, 0.000164941360708, 0.00010952854791, 0.000117026007501, 6.35031610727e-05, 8.57569830259e-05, 6.42102968413e-05, 6.51953669148e-05, 8.01201531431e-05, 3.50086411345e-05, 8.04507999419e-06, 2.17721913032e-06, 1.65871611557e-07],
        "mean": [0.00176471821032, 0.00106800708454, 0.000287229428068, 0.000275708385743, 0.000448498176411, 0.000368788372725, 0.000204627212952, 0.000202734707273, 0.000132374174427, 0.000184467920917, 0.000234816339798, 0.000304756569676, 0.000351455877535, 0.000121308374219, 5.58375140827e-05, 6.6503562266e-05, 5.35472208867e-05, 2.44670172833e-05, 3.12429037876e-05, 2.14470983337e-05, 1.43975903484e-05, 1.21370312627e-05, 9.67026153376e-06, 1.23341596918e-05, 1.41073824125e-05, 1.10357950689e-05, 1.13775731734e-05, 1.27848315969e-05, 7.78541016189e-06, 4.58151998828e-06, 3.68650262317e-06, 3.17278363582e-06, 2.93977927868e-06, 2.59309217654e-06, 2.30379805544e-06, 1.5082042637e-06, 8.73170108662e-07, 3.36948005497e-07, 6.72336568641e-08, 2.97108448954e-09],
        "median": [6.35141259409e-05, 3.90334425902e-05, 1.80656243174e-05, 6.09320013609e-05, 0.000106215564301, 8.63861205289e-05, 6.22327934252e-05, 5.92820397287e-05, 4.45993500762e-05, 6.16944744252e-05, 5.59944128327e-05, 5.18675151397e-05, 4.15585418523e-05, 1.75887744263e-05, 1.15882548926e-05, 1.55656525749e-05, 1.23878098748e-05, 7.06971877662e-06, 6.87471629135e-06, 3.06875222122e-06, 2.63867332251e-06, 2.89461218017e-06, 2.18864261115e-06, 2.4449261673e-06, 3.25287828673e-06, 3.62184960068e-06, 2.93076755042e-06, 2.48521087087e-06, 1.53093878907e-06, 5.67548340769e-07, 4.74449365129e-07, 4.67114176672e-07, 3.9698855403e-07, 4.28594489676e-07, 5.67583356315e-07, 3.82496892826e-07, 1.43658112961e-07, 3.50445326092e-08, 3.01014391191e-09, 2.21866882505e-11],
        "min": [3.42986071968e-24, 1.1888676578e-23, 1.03910904137e-23, 6.08577749942e-24, 1.76844688086e-24, 3.58676120942e-24, 4.49289575454e-24, 7.78569504738e-24, 1.974477825e-24, 2.27933331904e-24, 4.55230644703e-24, 3.40919059181e-24, 1.23704173667e-23, 6.61800420281e-24, 3.83442606277e-24, 2.56313115729e-24, 7.6216017239e-24, 5.14094419931e-24, 9.05488073601e-24, 4.27206913248e-24, 7.07905790317e-24, 7.47645762822e-24, 1.03370447643e-23, 8.17577414323e-24, 1.35537426456e-23, 8.17390612061e-24, 1.11363612319e-23, 6.99806555403e-24, 6.11769836152e-24, 9.35997505769e-24, 1.01391337626e-23, 7.93186623995e-24, 8.53258066383e-24, 9.58822722745e-24, 9.809068049e-24, 9.86871934407e-24, 8.94005572037e-24, 7.71804233614e-24, 8.45569749115e-24, 8.13962064795e-24],
        "var": [9.7779875432e-06, 3.75711965717e-06, 3.81769524438e-07, 3.82958404543e-07, 9.96856101665e-07, 7.02069996805e-07, 2.34345208128e-07, 2.37350533894e-07, 1.00491021726e-07, 1.35197964823e-07, 2.9446971439e-07, 5.7747433857e-07, 8.59935539665e-07, 1.24804628854e-07, 2.34665797905e-08, 3.2044034981e-08, 1.94309155432e-08, 3.2974503128e-09, 4.02098310204e-09, 2.64854138621e-09, 8.60873705655e-10, 5.0469317614e-10, 3.23898768917e-10, 4.97396346333e-10, 5.84851556074e-10, 2.56784149499e-10, 3.15384329763e-10, 4.5727083231e-10, 1.62466748388e-10, 6.96339583217e-11, 4.94986135413e-11, 3.2832118968e-11, 2.62022833986e-11, 1.87238054922e-11, 1.44441550734e-11, 7.35403578311e-12, 2.51568123971e-12, 3.69611622125e-13, 1.90089406076e-14, 8.77221069146e-17]
    },
    "mfcc": {
        "mean": [-704.239318848, 125.255401611, -25.7735919952, 17.3310756683, -33.9149169922, 7.77576398849, -10.8530826569, 13.1238460541, -13.7677211761, 13.9195451736, -9.2275094986, 1.47812891006, -2.92728614807],
        "cov": [[13451.5449219, -553.113708496, -70.1678466797, 2079.54711914, 750.960571289, 1852.64306641, 439.314727783, 1182.71166992, -129.041152954, 701.522888184, -407.320831299, 760.375915527, 105.305526733], [-553.113708496, 1089.1776123, -27.521062851, 65.3361434937, 164.207321167, -40.6644935608, 210.175537109, -14.6601114273, 115.472137451, -22.2596416473, 123.834884644, -69.8288116455, 4.90995407104], [-70.1678466797, -27.521062851, 1206.14599609, 330.041717529, 119.124023438, 29.1959247589, -139.218505859, -66.1534423828, -110.612564087, -150.515853882, -164.157165527, 56.1649436951, -58.2707595825], [2079.54711914, 65.3361434937, 330.041717529, 755.334899902, 292.332702637, 321.996917725, 59.2767410278, 207.423568726, 18.1155376434, 46.2181930542, -105.448631287, 146.384811401, -9.03765106201], [750.960571289, 164.207321167, 119.124023438, 292.332702637, 452.981414795, 182.946548462, 104.065864563, 142.611572266, 140.945571899, 60.7954559326, 49.8082466125, 113.224510193, -16.3389148712], [1852.64306641, -40.6644935608, 29.1959247589, 321.996917725, 182.946548462, 587.630432129, 210.853302002, 253.370529175, 162.723495483, 125.165351868, 47.4828262329, 129.248641968, 1.42107856274], [439.314727783, 210.175537109, -139.218505859, 59.2767410278, 104.065864563, 210.853302002, 357.519470215, 121.367553711, 126.994018555, 125.833564758, 68.6633834839, 24.4613513947, 18.9919033051], [1182.71166992, -14.6601114273, -66.1534423828, 207.423568726, 142.611572266, 253.370529175, 121.367553711, 316.611572266, 151.676132202, 100.351249695, 41.5380401611, 95.2118377686, 19.034702301], [-129.041152954, 115.472137451, -110.612564087, 18.1155376434, 140.945571899, 162.723495483, 126.994018555, 151.676132202, 418.177612305, 15.7870607376, 165.810775757, 27.0508346558, -26.7323875427], [701.522888184, -22.2596416473, -150.515853882, 46.2181930542, 60.7954559326, 125.165351868, 125.833564758, 100.351249695, 15.7870607376, 246.253250122, 44.4205665588, 59.3520317078, 41.1907958984], [-407.320831299, 123.834884644, -164.157165527, -105.448631287, 49.8082466125, 47.4828262329, 68.6633834839, 41.5380401611, 165.810775757, 44.4205665588, 255.120346069, 23.7484607697, 6.96290922165], [760.375915527, -69.8288116455, 56.1649436951, 146.384811401, 113.224510193, 129.248641968, 24.4613513947, 95.2118377686, 27.0508346558, 59.3520317078, 23.7484607697, 165.304199219, 25.2560062408], [105.305526733, 4.90995407104, -58.2707595825, -9.03765106201, -16.3389148712, 1.42107856274, 18.9919033051, 19.034702301, -26.7323875427, 41.1907958984, 6.96290922165, 25.2560062408, 125.079284668]],
