{
"lowlevel": {
    "average_loudness": 0.76774841547,
    "barkbands_crest": {
        "dmean": 3.11801886559,
        "dmean2": 5.15299892426,
        "dvar": 7.54488801956,
        "dvar2": 19.6535453796,
        "max": 25.9241924286,
        "mean": 10.1992921829,
        "median": 9.32071590424,
        "min": 2.13109827042,
        "var": 20.3264446259
    },
    "barkbands_flatness_db": {
        "dmean": 0.022823696956,
        "dmean2": 0.0373894758523,
        "dvar": 0.000436271337094,
        "dvar2": 0.0011392319575,
        "max": 0.467303186655,
        "mean": 0.172268360853,
        "median": 0.161875650287,
        "min": 0.0351913161576,
        "var": 0.00269658816978
    },
    "barkbands_kurtosis": {
        "dmean": 2.21589803696,
        "dmean2": 3.67422175407,
        "dvar": 18.0944023132,
        "dvar2": 47.0709381104,
        "max": 96.9204025269,
        "mean": 2.21604013443,
        "median": 0.66712141037,
        "min": -1.87865531445,
        "var": 30.503534317
    },
    "barkbands_skewness": {
        "dmean": 0.529156506062,
        "dmean2": 0.846133112907,
        "dvar": 0.304284960032,
        "dvar2": 0.766335070133,
        "max": 8.89846038818,
        "mean": 1.0467748642,
        "median": 0.936693608761,
        "min": -2.19567918777,
        "var": 1.1190212965
    },
    "barkbands_spread": {
        "dmean": 5.72667264938,
        "dmean2": 9.21639251709,
        "dvar": 33.8357505798,
        "dvar2": 79.6324996948,
        "max": 79.4157867432,
        "mean": 23.1424789429,
        "median": 22.0435295105,
        "min": 0.706910192966,
        "var": 143.510620117
    },
    "dissonance": {
        "dmean": 0.0208772979677,
        "dmean2": 0.0355479232967,
        "dvar": 0.000446324062068,
        "dvar2": 0.00125378195662,
        "max": 0.500000059605,
        "mean": 0.466959089041,
        "median": 0.475120455027,
        "min": 0.272421509027,
        "var": 0.000851911783684
    },
    "dynamic_complexity": 4.02553081512,
    "erbbands_crest": {
        "dmean": 3.13560175896,
        "dmean2": 5.10236740112,
        "dvar": 8.97936344147,
        "dvar2": 21.8500843048,
        "max": 32.9406509399,
        "mean": 10.356877327,
        "median": 8.96750450134,
        "min": 2.26958060265,
        "var": 33.6566810608
    },
    "erbbands_flatness_db": {
        "dmean": 0.0162572246045,
        "dmean2": 0.0247122123837,
        "dvar": 0.000228966382565,
        "dvar2": 0.000501682807226,
        "max": 0.462638378143,
        "mean": 0.217323988676,
        "median": 0.204267442226,
        "min": 0.0614849291742,
        "var": 0.00331808184274
    },
    "erbbands_kurtosis": {
        "dmean": 1.18772268295,
        "dmean2": 1.93031513691,
        "dvar": 6.28081846237,
        "dvar2": 16.1612319946,
        "max": 79.7140884399,
        "mean": 0.969610214233,
        "median": -0.0262942314148,
        "min": -1.70851075649,
        "var": 12.9605712891
    },
    "erbbands_skewness": {
        "dmean": 0.409054249525,
        "dmean2": 0.645535647869,
        "dvar": 0.159747302532,
        "dvar2": 0.389335423708,
        "max": 6.60698413849,
        "mean": 0.446430385113,
        "median": 0.357391804457,
        "min": -2.08218765259,
        "var": 0.633841753006
    },
    "erbbands_spread": {
        "dmean": 6.84969329834,
        "dmean2": 10.5511541367,
        "dvar": 48.649269104,
        "dvar2": 110.156326294,
        "max": 126.327812195,
        "mean": 33.394908905,
        "median": 31.7473392487,
        "min": 0.857801496983,
        "var": 315.03604126
    },
    "hfc": {
        "dmean": 6.39495420456,
        "dmean2": 9.87452602386,
        "dvar": 68.4740600586,
        "dvar2": 166.736083984,
        "max": 136.245147705,
        "mean": 22.4909267426,
        "median": 18.121055603,
        "min": 1.15785142255e-16,
        "var": 342.778533936
    },
    "melbands_crest": {
        "dmean": 3.79219603539,
        "dmean2": 6.30667829514,
        "dvar": 10.1228599548,
        "dvar2": 26.6062965393,
        "max": 35.7594909668,
        "mean": 13.8028621674,
        "median": 12.8662395477,
        "min": 1.68037307262,
        "var": 29.6633110046
    },
    "melbands_flatness_db": {
        "dmean": 0.0275739934295,
        "dmean2": 0.0442239306867,
        "dvar": 0.000666733831167,
        "dvar2": 0.00168999447487,
        "max": 0.612854659557,
        "mean": 0.187309294939,
        "median": 0.178875461221,
        "min": 0.00517607759684,
        "var": 0.00424504000694
    },
    "melbands_kurtosis": {
        "dmean": 5.44786691666,
        "dmean2": 8.99205780029,
        "dvar": 108.637634277,
        "dvar2": 281.888763428,
        "max": 212.520019531,
        "mean": 8.16956710815,
        "median": 4.2809381485,
        "min": -1.68981409073,
        "var": 178.991149902
    },
    "melbands_skewness": {
        "dmean": 0.728962421417,
        "dmean2": 1.16177916527,
        "dvar": 0.641850054264,
        "dvar2": 1.61724817753,
        "max": 12.2308549881,
        "mean": 1.93624508381,
        "median": 1.73474490643,
        "min": -3.03622198105,
        "var": 2.33928251266
    },
    "melbands_spread": {
        "dmean": 7.9977478981,
        "dmean2": 12.9251670837,
        "dvar": 70.6601867676,
        "dvar2": 170.567153931,
        "max": 135.428756714,
        "mean": 27.4591751099,
        "median": 25.8853397369,
        "min": 0.888780891895,
        "var": 224.459793091
    },
    "pitch_salience": {
        "dmean": 0.0789035782218,
        "dmean2": 0.130061045289,
        "dvar": 0.00476566143334,
        "dvar2": 0.0124963968992,
        "max": 0.938109993935,
        "mean": 0.547109007835,
        "median": 0.553861320019,
        "min": 0.0949449241161,
        "var": 0.0143481753767
    },
    "silence_rate_20dB": {
        "dmean": 0,
        "dmean2": 0,
        "dvar": 0,
        "dvar2": 0,
        "max": 1,
        "mean": 1,
        "median": 1,
        "min": 1,
        "var": 0
    },
    "silence_rate_30dB": {
        "dmean": 0.00306386989541,
        "dmean2": 0.00612846203148,
        "dvar": 0.00305454805493,
        "dvar2": 0.00868386309594,
        "max": 1,
        "mean": 0.998232603073,
        "median": 1,
        "min": 0,
        "var": 0.00176428887062
    },
    "silence_rate_60dB": {
        "dmean": 0.0139052560553,
        "dmean2": 0.0276959333569,
        "dvar": 0.0137100480497,
        "dvar2": 0.0292831491679,
        "max": 1,
        "mean": 0.111111111939,
        "median": 0,
        "min": 0,
        "var": 0.098751232028
    },
    "spectral_centroid": {
        "dmean": 260.029754639,
        "dmean2": 415.587402344,
        "dvar": 68824.5546875,
        "dvar2": 160383.78125,
        "max": 11319.1484375,
        "mean": 1549.8170166,
        "median": 1512.92419434,
        "min": 294.035552979,
        "var": 267575.25
    },
    "spectral_complexity": {
        "dmean": 4.05302858353,
        "dmean2": 6.13541555405,
        "dvar": 18.2679367065,
        "dvar2": 38.4239044189,
        "max": 58,
        "mean": 20.352186203,
        "median": 21,
        "min": 0,
        "var": 127.178314209
    },
    "spectral_decrease": {
        "dmean": 2.81030265725e-09,
        "dmean2": 4.62181271033e-09,
        "dvar": 1.96997860527e-17,
        "dvar2": 5.19358781005e-17,
        "max": 2.34710614725e-29,
        "mean": -6.39564268212e-09,
        "median": -5.12890263593e-09,
        "min": -4.40027747572e-08,
        "var": 3.25126681574e-17
    },
    "spectral_energy": {
        "dmean": 0.01108117681,
        "dmean2": 0.0181487295777,
        "dvar": 0.000295014498988,
        "dvar2": 0.000774801010266,
        "max": 0.172449633479,
        "mean": 0.0261786580086,
        "median": 0.0210976786911,
        "min": 1.05713771142e-20,
        "var": 0.000520587607753
    },
    "spectral_energyband_high": {
        "dmean": 0.000274448480923,
        "dmean2": 0.000414902053308,
        "dvar": 2.12062786886e-07,
        "dvar2": 5.15125464062e-07,
        "max": 0.00687619438395,
        "mean": 0.000826900126413,
        "median": 0.000609377806541,
        "min": 7.64862489258e-21,
        "var": 6.55201461086e-07
    },
    "spectral_energyband_low": {
        "dmean": 0.00576313212514,
        "dmean2": 0.00988876167685,
        "dvar": 0.000190346618183,
        "dvar2": 0.000521985406522,
        "max": 0.134710788727,
        "mean": 0.00768621265888,
        "median": 0.00407855212688,
        "min": 2.03386248509e-23,
        "var": 0.000185199140105
    },
    "spectral_energyband_middle_high": {
        "dmean": 0.00310704577714,
        "dmean2": 0.0048242053017,
        "dvar": 2.53545786109e-05,
        "dvar2": 6.37488919892e-05,
        "max": 0.100828744471,
        "mean": 0.00875657144934,
        "median": 0.00443364167586,
        "min": 1.60727584686e-21,
        "var": 0.000117815485282
    },
    "spectral_energyband_middle_low": {
        "dmean": 0.00544401351362,
        "dmean2": 0.00884464103729,
        "dvar": 9.41509133554e-05,
        "dvar2": 0.000241069006734,
        "max": 0.119615353644,
        "mean": 0.00962871685624,
        "median": 0.00655803410336,
        "min": 2.07113234477e-22,
        "var": 0.000122331592138
    },
    "spectral_entropy": {
        "dmean": 0.126430824399,
        "dmean2": 0.196150586009,
        "dvar": 0.0141153978184,
        "dvar2": 0.0328066162765,
        "max": 9.81009578705,
        "mean": 7.65099048615,
        "median": 7.72203111649,
        "min": 5.71511650085,
        "var": 0.140755295753
    },
    "spectral_flux": {
        "dmean": 0.0263002607971,
        "dmean2": 0.0417917408049,
        "dvar": 0.00108240090776,
        "dvar2": 0.00235458859242,
        "max": 0.377646058798,
        "mean": 0.0915555655956,
        "median": 0.0846439674497,
        "min": 6.95562288322e-11,
        "var": 0.00296832364984
    },
    "spectral_kurtosis": {
        "dmean": 1.65030229092,
        "dmean2": 2.88883447647,
        "dvar": 4.80268907547,
        "dvar2": 14.7778663635,
        "max": 44.7822265625,
        "mean": 2.38165712357,
        "median": 1.47934818268,
        "min": -1.23321676254,
        "var": 10.8054351807
    },
    "spectral_rms": {
        "dmean": 0.000930591486394,
        "dmean2": 0.00147967028897,
        "dvar": 1.28203657823e-06,
        "dvar2": 3.16950217893e-06,
        "max": 0.0129708731547,
        "mean": 0.00455067353323,
        "median": 0.0045368601568,
        "min": 3.21146971863e-12,
        "var": 4.8314700507e-06
    },
    "spectral_rolloff": {
        "dmean": 494.927947998,
        "dmean2": 828.270446777,
        "dvar": 512500.65625,
        "dvar2": 1184714.625,
        "max": 18776.953125,
        "mean": 1643.6607666,
        "median": 1507.32421875,
        "min": 64.599609375,
        "var": 1236781.25
    },
    "spectral_skewness": {
        "dmean": 0.205066502094,
        "dmean2": 0.343493819237,
        "dvar": 0.0393660068512,
        "dvar2": 0.114679537714,
        "max": 4.50291633606,
        "mean": 1.02391850948,
        "median": 0.965947389603,
        "min": -0.20515294373,
        "var": 0.185759827495
    },
    "spectral_spread": {
        "dmean": 280229.84375,
        "dmean2": 423624.34375,
        "dvar": 217401081856,
        "dvar2": 513208451072,
        "max": 41079732,
        "mean": 3686147.5,
        "median": 3708238.5,
        "min": 1046415.625,
        "var": 1.10053661082e+12
    },
    "spectral_strongpeak": {
        "dmean": 0.788241624832,
        "dmean2": 1.31781685352,
        "dvar": 1.36623263359,
        "dvar2": 3.39873242378,
        "max": 16.2858829498,
        "mean": 1.39627993107,
        "median": 0.544740080833,
        "min": 0,
        "var": 3.52662658691
    },
    "zerocrossingrate": {
        "dmean": 0.00838611274958,
        "dmean2": 0.0105375526473,
        "dvar": 8.92516472959e-05,
        "dvar2": 0.000119178468594,
        "max": 0.5927734375,
        "mean": 0.0651587620378,
        "median": 0.06201171875,
        "min": 0.00244140625,
        "var": 0.000704070378561
    },
    "barkbands": {
        "dmean": [0.000254127371591, 0.00433940347284, 0.00158428889699, 0.00133402622305, 0.00158396258485, 0.000811457517557, 0.00128810596652, 0.00132146233227, 0.0010208847234, 0.000836305611301, 0.000911220558919, 0.00121263088658, 0.000354097748641, 0.00080951245036, 0.000418313604314, 0.000314000382787, 0.000179317619768, 0.000172879110323, 0.000159586750669, 0.000100512588688, 0.00010290233331, 9.22252875171e-05, 7.68549216446e-05, 3.24517168337e-05, 6.77043374253e-07, 1.32738076086e-09, 1.15649911869e-09],
        "dmean2": [0.000432760105468, 0.0074551505968, 0.00282742339186, 0.0022226984147, 0.00275665195659, 0.00131688034162, 0.00211520958692, 0.00218079821207, 0.00168450095225, 0.00135988602415, 0.00144053495023, 0.00194213725626, 0.000569943978917, 0.00128339335788, 0.000648717279546, 0.000505249248818, 0.000285719375825, 0.000277109764284, 0.000259736843873, 0.000162741416716, 0.000164261859027, 0.000146749298437, 0.000117154770123, 4.86305289087e-05, 1.02522017187e-06, 2.3383852632e-09, 2.11738027112e-09],
        "dvar": [4.15098952544e-07, 0.000121564677102, 1.71469346242e-05, 1.24250473164e-05, 2.49166059803e-05, 3.73588659386e-06, 9.13551411941e-06, 9.4624429039e-06, 7.6752367022e-06, 4.78724678032e-06, 7.09785717845e-06, 1.11220515464e-05, 1.1366689705e-06, 3.91677531297e-06, 1.19344861105e-06, 7.20512957741e-07, 1.73803172743e-07, 9.3735138762e-08, 6.55337117905e-08, 2.65979984704e-08, 3.22417363918e-08, 2.92441715288e-08, 1.96254745788e-08, 3.79074993617e-09, 3.11790480587e-12, 4.1360575801e-17, 2.61719366785e-17],
        "dvar2": [1.08970630208e-06, 0.000333140487783, 5.04916897626e-05, 3.14119497489e-05, 6.91573732183e-05, 9.08902438823e-06, 2.27885357162e-05, 2.44809998549e-05, 1.99758669623e-05, 1.15716802611e-05, 1.72271120391e-05, 2.84629368252e-05, 2.52894278674e-06, 9.28585905058e-06, 2.60483875536e-06, 1.69641828052e-06, 4.17806518271e-07, 2.28358985055e-07, 1.58717455179e-07, 6.971965405e-08, 8.2844799465e-08, 7.54888205279e-08, 4.38749658827e-08, 8.21930434824e-09, 6.91749652351e-12, 1.04627031657e-16, 6.72799593493e-17],
        "max": [0.016179414466, 0.125096127391, 0.0561567358673, 0.050708912313, 0.0702561736107, 0.0491578765213, 0.0544300526381, 0.0558056123555, 0.0615815594792, 0.0496853850782, 0.060059376061, 0.0725242346525, 0.0357362776995, 0.0352899059653, 0.0315046533942, 0.0283739492297, 0.0172155275941, 0.00827655009925, 0.00443136133254, 0.00268427259289, 0.00264648767188, 0.00285900826566, 0.00480206217617, 0.00126119237393, 4.22846351285e-05, 4.00961567948e-07, 3.15644086868e-07],
        "mean": [0.000307375739794, 0.00509160151705, 0.00172155490145, 0.001381244394, 0.00177182850894, 0.00114967359696, 0.00172003509942, 0.00175648601726, 0.00149879301898, 0.00123639672529, 0.00140883726999, 0.00220157927833, 0.000538454914931, 0.001392995473, 0.000613260373939, 0.000503564544488, 0.000308318092721, 0.000331872201059, 0.000321802508552, 0.000212527389522, 0.000227693948545, 0.000209134348552, 0.000193697531358, 7.89761106716e-05, 9.22726997032e-07, 1.4690700878e-09, 1.2742982225e-09],
        "median": [7.15926653356e-05, 0.00188453961164, 0.00073961931048, 0.000360567646567, 0.000695982656907, 0.00040647215792, 0.000503789633512, 0.00052525580395, 0.00044071386219, 0.000362554506864, 0.000227860611631, 0.000357506505679, 0.000179758862942, 0.000294987752568, 0.000245923380135, 0.000213260558667, 0.000169977356563, 0.00020895547641, 0.000228303702897, 0.000148917955812, 0.00015535458806, 0.000140869538882, 0.00011690876272, 4.4772925321e-05, 1.79835879521e-07, 6.54388154775e-10, 6.52718878946e-10],
        "min": [1.28295180447e-24, 3.360826713e-24, 6.86903630893e-24, 5.09365356577e-24, 3.95726740404e-23, 1.5356136775e-23, 2.7474759996e-23, 6.02834187798e-23, 2.95981368945e-23, 3.95432211297e-23, 2.38682236214e-23, 3.31361938317e-23, 4.52092208923e-23, 5.5015109043e-23, 8.95562925459e-23, 1.66694690131e-22, 2.19536279121e-22, 2.16270470704e-22, 2.70960771003e-22, 3.08984522967e-22, 2.5158001104e-22, 5.28456128116e-22, 4.53114736739e-22, 8.56975977296e-22, 9.32188121701e-22, 1.85500826141e-21, 2.19557483702e-21],
        "var": [7.22618381133e-07, 0.000112368325063, 1.26682816699e-05, 1.20473960123e-05, 1.84011569218e-05, 6.10351389696e-06, 1.31486240207e-05, 1.2630749552e-05, 1.32807363116e-05, 7.91287311586e-06, 1.58210477821e-05, 3.66941931134e-05, 2.68114058599e-06, 1.02557369246e-05, 1.99458258976e-06, 1.51694132455e-06, 2.84592744038e-07, 1.83783427588e-07, 1.32117378371e-07, 5.21508027873e-08, 6.33568149055e-08, 5.67952298525e-08, 6.39794777157e-08, 1.12707887467e-08, 5.73727740663e-12, 2.32441077393e-17, 1.40607502331e-17]
    },
    "erbbands": {
        "dmean": [0.123753257096, 0.990107536316, 1.86777961254, 2.9327673912, 5.64686203003, 5.04893350601, 4.8158326149, 7.5688290596, 14.501955986, 26.4311065674, 23.9137783051, 20.4611949921, 27.1793746948, 25.4206485748, 50.3034667969, 35.2993965149, 14.3854465485, 31.8043174744, 31.6006355286, 15.0377159119, 15.6457862854, 9.59840774536, 8.67077541351, 8.69466114044, 6.45541906357, 4.89446210861, 4.55149888992, 3.96439528465, 3.42232370377, 2.70260071754, 2.23705482483, 1.03967297077, 0.326861083508, 0.0254406463355, 0.000804644078016, 6.36423137621e-05, 1.24474618133e-05, 3.41451277563e-06, 5.80031382924e-06, 1.26682825794e-05],
        "dmean2": [0.211083993316, 1.71756589413, 3.29265856743, 4.99178934097, 9.5226316452, 8.99883460999, 8.23313713074, 12.1500902176, 23.713804245, 43.6372909546, 39.043132782, 33.664276123, 43.8582115173, 40.488117218, 78.4804382324, 56.1305465698, 22.8778877258, 49.8914070129, 49.6042747498, 23.7113113403, 25.003484726, 15.1629829407, 13.7670183182, 13.9071140289, 10.4841136932, 7.95190858841, 7.33637094498, 6.33756828308, 5.48234367371, 4.21747398376, 3.42644572258, 1.56813943386, 0.473424434662, 0.0358240418136, 0.00111447554082, 8.85032568476e-05, 1.77560505108e-05, 4.96713255416e-06, 9.18400382943e-06, 2.05680134968e-05],
        "dvar": [0.0925644785166, 6.63207197189, 23.6043186188, 43.8003196716, 350.103118896, 245.380050659, 138.286499023, 353.130493164, 1049.41223145, 4957.86621094, 2946.41674805, 3451.82446289, 5686.70019531, 3946.11474609, 15866.8964844, 8368.19433594, 1754.81591797, 7007.44970703, 6415.52001953, 1263.17150879, 1887.59790039, 435.253967285, 223.00453186, 222.231338501, 119.835456848, 64.2436065674, 67.3263549805, 53.270565033, 42.3638648987, 21.5267372131, 18.230550766, 3.39321756363, 0.518968701363, 0.0033692936413, 3.7613197037e-06, 1.5558455857e-08, 4.64174226833e-10, 3.74716820073e-11, 6.98509583508e-11, 3.65820873593e-10],
        "dvar2": [0.25330427289, 18.2528381348, 69.3013153076, 116.380371094, 916.229370117, 701.553955078, 382.193054199, 846.678283691, 2661.79174805, 12923.5898438, 7583.67724609, 8935.51367188, 14360.0019531, 9629.8515625, 38396.6132812, 20956.7753906, 3919.02929688, 16393.1152344, 14773.4023438, 2794.47143555, 4380.75488281, 1026.0435791, 518.681213379, 525.211181641, 298.223449707, 169.049911499, 176.764877319, 137.047714233, 111.287010193, 51.6603889465, 41.1823234558, 7.44723510742, 1.09431672096, 0.00658067408949, 7.45862053009e-06, 3.07350020989e-08, 9.91082216295e-10, 8.39419159182e-11, 1.78127318451e-10, 9.53933376735e-10],
        "max": [4.35524177551, 28.7395877838, 64.8520202637, 78.7589492798, 257.730926514, 201.158081055, 237.496337891, 422.953369141, 668.381652832, 1303.4107666, 1253.02429199, 1820.3972168, 1945.79284668, 1378.40478516, 2321.69335938, 1799.61193848, 1932.33789062, 2014.48388672, 2293.09863281, 931.382019043, 1281.18884277, 596.934631348, 411.103881836, 344.608764648, 230.079589844, 158.935394287, 141.77545166, 134.208023071, 122.036407471, 83.870803833, 133.580062866, 39.1301231384, 18.2778491974, 1.19837486744, 0.0431538000703, 0.00222685653716, 0.000731683743652, 0.000252254802035, 8.83612738107e-05, 0.000194272768567],
        "mean": [0.14916780591, 1.11275196075, 2.15341567993, 3.32156920433, 5.78759288788, 5.33070278168, 6.27155351639, 10.8899183273, 20.7284545898, 34.6799201965, 33.4915657043, 31.0620174408, 42.1073303223, 41.696521759, 88.6717376709, 65.5858154297, 25.3584709167, 57.5214500427, 58.2207336426, 25.6301784515, 26.5488014221, 18.1905231476, 17.9227485657, 17.8528862, 13.7744617462, 10.4502792358, 9.71462249756, 8.60547924042, 7.53778457642, 6.35552835464, 5.54409790039, 2.68533325195, 0.761843621731, 0.0546390712261, 0.00191235647071, 0.000186225748621, 4.24394675065e-05, 1.22453539007e-05, 1.68769074662e-05, 3.21569968946e-05],
        "median": [0.0453662090003, 0.409134447575, 0.992606759071, 1.23545241356, 1.65847551823, 2.03148841858, 2.37686395645, 3.72468805313, 7.28529930115, 10.4200897217, 12.3687391281, 10.5541858673, 13.5120067596, 13.7895946503, 17.4236946106, 14.3864822388, 10.6810293198, 14.1973342896, 17.706413269, 13.0706825256, 12.1174459457, 10.3954629898, 11.6002845764, 12.2657642365, 9.92570781708, 7.38278484344, 6.68601894379, 5.67800521851, 5.05967903137, 4.10698843002, 3.2189218998, 1.56454610825, 0.411406964064, 0.0245273727924, 0.000962024030741, 0.000117163661344, 3.22637715726e-05, 9.84061989584e-06, 1.44966088556e-05, 2.62721023319e-05],
        "min": [1.39758422367e-22, 7.02315568533e-22, 4.69621776137e-21, 1.76780985391e-20, 2.47018474478e-20, 1.3984202991e-19, 2.34952510437e-19, 1.55701344074e-19, 3.45775118678e-19, 1.02991679043e-18, 1.08441961759e-18, 5.50098165007e-19, 9.80277164878e-19, 1.65529107951e-18, 1.531616411e-18, 1.57846109665e-18, 2.3403847069e-18, 3.3430219079e-18, 4.77977879722e-18, 6.99257130822e-18, 1.04379530946e-17, 1.34759674545e-17, 1.25335845708e-17, 1.33101078155e-17, 1.41726776962e-17, 1.58762826375e-17, 1.08778336823e-17, 1.13826132065e-17, 1.94460847958e-17, 1.73532185843e-17, 1.17421538772e-17, 1.21535182404e-17, 1.63521199393e-17, 1.09134942657e-17, 6.74983308951e-18, 5.92883027536e-18, 3.78208069165e-18, 1.30189480981e-18, 2.79841120738e-19, 3.14517236412e-20],
        "var": [0.100647322834, 5.7623872757, 18.0746021271, 41.4231109619, 290.448822021, 171.080062866, 162.192382812, 617.104003906, 1704.17053223, 5768.72607422, 4187.81347656, 5869.29638672, 9469.60839844, 7060.10107422, 38919.9804688, 26898.7382812, 4065.20751953, 18708.9570312, 17223.4160156, 2398.41723633, 4074.23632812, 842.24041748, 534.38659668, 464.504333496, 231.755401611, 123.280014038, 121.260528564, 100.346717834, 76.0919876099, 53.1971206665, 59.9091300964, 11.7842798233, 1.3708947897, 0.00927759800106, 1.01169325717e-05, 5.15297138293e-08, 1.57414214996e-09, 1.17745507788e-10, 1.71369626822e-10, 7.20912274321e-10]
    },
    "gfcc": {
        "mean": [-41.8546905518, 125.787956238, -178.354217529, 53.7065849304, -77.3921127319, 16.2096004486, -15.1364126205, -12.8394041061, 8.9297914505, -21.5387115479, 6.91225004196, -16.0703487396, -2.8549118042],
        "cov": [[8978.31347656, 133.120895386, 919.647277832, 1800.37585449, -242.415100098, 1044.80517578, -367.798858643, 54.472076416, 74.79712677, -394.455383301, 499.216583252, -234.686248779, 191.973999023], [133.120895386, 867.475402832, 440.516906738, 176.862716675, 439.197296143, -5.31718254089, 196.390228271, -47.5928535461, 28.198343277, 66.8105163574, 3.79194450378, 39.2027702332, 20.4672374725], [919.647277832, 440.516906738, 1009.98809814, 691.809082031, 161.513473511, 248.500732422, -84.6269683838, 88.8851089478, -5.80318641663, 12.298746109, 63.0608215332, 22.7346553802, 80.9977874756], [1800.37585449, 176.862716675, 691.809082031, 882.579772949, 83.2628326416, 314.757568359, -96.0755996704, 65.9361038208, 23.5486297607, -72.6268157959, 78.9000091553, -11.5365819931, 66.9729309082], [-242.415100098, 439.197296143, 161.513473511, 83.2628326416, 460.3984375, 53.0865135193, 204.825210571, 19.6202297211, 36.4839630127, 73.5638504028, -25.3085403442, 28.5874881744, 2.24532318115], [1044.80517578, -5.31718254089, 248.500732422, 314.757568359, 53.0865135193, 348.04486084, 15.9455280304, 55.9074516296, 7.78454303741, -38.367313385, 82.4800949097, -26.818819046, 34.5827445984], [-367.798858643, 196.390228271, -84.6269683838, -96.0755996704, 204.825210571, 15.9455280304, 269.081817627, 27.1689510345, 43.8441162109, 37.4751434326, -31.134147644, 9.65758991241, -25.1075000763], [54.472076416, -47.5928535461, 88.8851089478, 65.9361038208, 19.6202297211, 55.9074516296, 27.1689510345, 186.572052002, 83.5501480103, 11.190328598, 8.11464214325, 1.50374186039, 28.2012271881], [74.79712677, 28.198343277, -5.80318641663, 23.5486297607, 36.4839630127, 7.78454303741, 43.8441162109, 83.5501480103, 144.80229187, 41.3847084045, 11.79641819, 0.796636104584, -1.98544895649], [-394.455383301, 66.8105163574, 12.298746109, -72.6268157959, 73.5638504028, -38.367313385, 37.4751434326, 11.190328598, 41.3847084045, 120.598426819, 35.8527603149, 28.6165904999, -8.37579441071], [499.216583252, 3.79194450378, 63.0608215332, 78.9000091553, -25.3085403442, 82.4800949097, -31.134147644, 8.11464214325, 11.79641819, 35.8527603149, 161.224365234, 26.2254199982, 19.4002685547], [-234.686248779, 39.2027702332, 22.7346553802, -11.5365819931, 28.5874881744, -26.818819046, 9.65758991241, 1.50374186039, 0.796636104584, 28.6165904999, 26.2254199982, 87.1516571045, 36.4984436035], [191.973999023, 20.4672374725, 80.9977874756, 66.9729309082, 2.24532318115, 34.5827445984, -25.1075000763, 28.2012271881, -1.98544895649, -8.37579441071, 19.4002685547, 36.4984436035, 88.7534637451]],
        "icov": [[0.000498661480378, -0.000686238927301, 0.000701825134456, -0.00091582746245, 0.000484777207021, -0.000767555087805, 0.000463713018689, 2.0479752493e-05, -0.00033565715421, 0.000793920480646, -0.00107098766603, 0.00124496466015, -0.000668740074616], [-0.000686238927301, 0.00661396747455, -0.00484994892031, 0.0025406407658, -0.00473798019812, 0.00430740509182, -0.00364870368503, 0.00422378536314, -0.00246272608638, 0.00229623587802, -0.00146908906754, 0.00013456576562, -0.0010373176774], [0.000701825134456, -0.00484994892031, 0.00645370129496, -0.00429540593177, 0.00286240130663, -0.00354446237907, 0.00350320176221, -0.00397568102926, 0.00309319212101, -0.00331190484576, 0.00114133604802, 0.000213408333366, -6.56935153529e-05], [-0.00091582746245, 0.0025406407658, -0.00429540593177, 0.00574191845953, -0.00238857627846, 0.000689007923938, -0.000554084253963, 0.00168131478131, -0.00203078845516, 0.00224495911971, 0.000586952548474, -0.00198912015185, 0.00093937740894], [0.000484777207021, -0.00473798019812, 0.00286240130663, -0.00238857627846, 0.00791499391198, -0.0033490404021, -0.00084036932094, -0.00233781617135, 0.00196765060537, -0.00418056733906, 0.0024265924003, -0.000579400279094, 0.000201336311875], [-0.000767555087805, 0.00430740509182, -0.00354446237907, 0.000689007923938, -0.0033490404021, 0.00902209430933, -0.00408258941025, 0.00139730598312, -0.000359725614544, 0.00241790525615, -0.00335258268751, 0.00220323144458, -0.00160101545043], [0.000463713018689, -0.00364870368503, 0.00350320176221, -0.000554084253963, -0.00084036932094, -0.00408258941025, 0.009660333395, -0.00307717430405, 7.8138698882e-05, -0.000633846444543, 0.00158855482005, -0.00144211086445, 0.00256980000995], [2.0479752493e-05, 0.00422378536314, -0.00397568102926, 0.00168131478131, -0.00233781617135, 0.00139730598312, -0.00307717430405, 0.0118498634547, -0.00749880215153, 0.00319199683145, -0.00169569905847, 0.00199424219318, -0.00409582955763], [-0.00033565715421, -0.00246272608638, 0.00309319212101, -0.00203078845516, 0.00196765060537, -0.000359725614544, 7.8138698882e-05, -0.00749880215153, 0.0136683788151, -0.0069111357443, 0.00220151082613, -0.000876001082361, 0.0020312757697], [0.000793920480646, 0.00229623587802, -0.00331190484576, 0.00224495911971, -0.00418056733906, 0.00241790525615, -0.000633846444543, 0.00319199683145, -0.0069111357443, 0.019300153479, -0.00840208120644, 0.000505462347064, 0.000347238674294], [-0.00107098766603, -0.00146908906754, 0.00114133604802, 0.000586952548474, 0.0024265924003, -0.00335258268751, 0.00158855482005, -0.00169569905847, 0.00220151082613, -0.00840208120644, 0.0138370012864, -0.00687398109585, 0.00246252655052], [0.00124496466015, 0.00013456576562, 0.000213408333366, -0.00198912015185, -0.000579400279094, 0.00220323144458, -0.00144211086445, 0.00199424219318, -0.000876001082361, 0.000505462347064, -0.00687398109585, 0.021857926622, -0.0107611911371], [-0.000668740074616, -0.0010373176774, -6.56935153529e-05, 0.00093937740894, 0.000201336311875, -0.00160101545043, 0.00256980000995, -0.00409582955763, 0.0020312757697, 0.000347238674294, 0.00246252655052, -0.0107611911371, 0.0189164280891]]
    },
    "melbands": {
        "dmean": [0.00116172083654, 0.00107163726352, 0.000602580665145, 0.000381240650313, 0.000173073349288, 0.000166693891515, 0.000234498264035, 0.000301235209918, 0.000173748936504, 0.000143370401929, 0.00013914713054, 0.000106106926978, 0.00015206381795, 0.00017166636826, 3.47256464011e-05, 3.88900807593e-05, 6.5858643211e-05, 6.14485616097e-05, 2.45430219366e-05, 2.17646684177e-05, 1.86506149475e-05, 1.10074852273e-05, 9.5864315881e-06, 8.2675151134e-06, 7.73681676947e-06, 6.39192876406e-06, 3.71410874322e-06, 3.52218830812e-06, 3.24098095916e-06, 2.5851807095e-06, 2.41933048528e-06, 2.20197307499e-06, 1.7853932377e-06, 1.57751117058e-06, 1.49103300373e-06, 1.01693399301e-06, 5.94717675995e-07, 3.0112261129e-07, 7.67430350379e-08, 4.41871073065e-09],
        "dmean2": [0.00198571756482, 0.00187126849778, 0.00101122108754, 0.000660225166939, 0.000298385362839, 0.000266938644927, 0.000383283535484, 0.000497095868923, 0.000282986322418, 0.000236206018599, 0.000224647592404, 0.000170104089193, 0.000237738669966, 0.000272708071861, 5.54280668439e-05, 6.2240214902e-05, 0.000103373902675, 9.68318199739e-05, 3.85814055335e-05, 3.47949826391e-05, 2.98702998407e-05, 1.75934037543e-05, 1.51085705511e-05, 1.3425889847e-05, 1.24228854474e-05, 1.05122480818e-05, 6.00559906161e-06, 5.79790139454e-06, 5.29549652128e-06, 4.17190494773e-06, 3.93642039853e-06, 3.58482589036e-06, 2.87181092062e-06, 2.47544426202e-06, 2.33110108638e-06, 1.56356315983e-06, 9.15051487027e-07, 4.45698049134e-07, 1.1285166579e-07, 6.15649664581e-09],
        "dvar": [8.48133640829e-06, 7.59153226682e-06, 2.30762657338e-06, 1.58675584316e-06, 1.76936168828e-07, 1.68249997046e-07, 2.6340740078e-07, 5.62385594094e-07, 1.56388651362e-07, 1.70465355609e-07, 1.4459499198e-07, 7.40805106147e-08, 1.73661604208e-07, 2.17603542296e-07, 1.05774606851e-08, 1.13234515098e-08, 3.16410790902e-08, 2.69531881258e-08, 3.57553320285e-09, 4.0015382119e-09, 2.86328782906e-09, 6.89932888598e-10, 4.43347664136e-10, 1.99065361417e-10, 1.92494006845e-10, 1.05531312855e-10, 4.15714650204e-11, 3.69760611019e-11, 3.60600854732e-11, 1.9261668649e-11, 2.03737877263e-11, 1.80843204994e-11, 1.05172216422e-11, 7.46070392965e-12, 8.57296525436e-12, 3.67851669264e-12, 1.23292185922e-12, 4.67010165348e-13, 2.97909110846e-14, 2.55500050531e-16],
        "dvar2": [2.31484773394e-05, 2.15806303459e-05, 5.95024130234e-06, 4.3583409024e-06, 4.90387094487e-07, 4.02736446858e-07, 6.55406495298e-07, 1.46445734117e-06, 3.98430813675e-07, 4.4049824055e-07, 3.62568130186e-07, 1.80777490755e-07, 4.26661586062e-07, 5.53155643956e-07, 2.35193571285e-08, 2.5702643569e-08, 7.32873886022e-08, 6.30042222838e-08, 8.21087819958e-09, 9.18117404325e-09, 6.47955689104e-09, 1.61881896776e-09, 9.75345915144e-10, 4.99924879271e-10, 4.53437926096e-10, 2.6975047196e-10, 1.02269644142e-10, 9.77338834862e-11, 9.53997159048e-11, 4.93673539548e-11, 5.31865766706e-11, 4.7933986641e-11, 2.73301156012e-11, 1.78404895024e-11, 1.9940209206e-11, 8.36709607849e-12, 2.80702024125e-12, 1.03151309109e-12, 6.51049784288e-14, 4.97640115083e-16],
        "max": [0.0329607613385, 0.0319639518857, 0.020158322528, 0.0182620361447, 0.00738386344165, 0.00915759056807, 0.0105136558414, 0.0127246053889, 0.0083371149376, 0.0120428930968, 0.00971414335072, 0.00591265130788, 0.00986372400075, 0.00981602724642, 0.00354965287261, 0.00307029788382, 0.00437165331095, 0.00426842179149, 0.00167668110225, 0.00232781819068, 0.00181556306779, 0.000945016101468, 0.000932996976189, 0.000254416343523, 0.000322613952449, 0.000164194745594, 0.000132711371407, 0.000140156917041, 0.000118242889585, 5.9827347286e-05, 8.63528257469e-05, 8.99791557458e-05, 7.24185665604e-05, 6.7762179242e-05, 0.00010414240387, 5.42292182217e-05, 2.13683470065e-05, 1.8339140297e-05, 3.81681411454e-06, 3.83446888463e-07],
        "mean": [0.00139182864223, 0.00128354702611, 0.000678234850056, 0.000404550199164, 0.000221887865337, 0.000239533139393, 0.000334010139341, 0.00040162410005, 0.000240869485424, 0.00021095397824, 0.000211039252463, 0.000160930736456, 0.000254531012615, 0.000313570082653, 5.10568825121e-05, 6.52021481073e-05, 0.000111925655801, 0.000108710140921, 3.62977007171e-05, 3.35660151904e-05, 2.92579570669e-05, 1.81302639248e-05, 1.73317275767e-05, 1.53218570631e-05, 1.44096447912e-05, 1.22475730677e-05, 7.31901491235e-06, 6.76718627801e-06, 6.29624355497e-06, 5.19322929904e-06, 4.8648748816e-06, 4.39273344455e-06, 3.75577428713e-06, 3.43012493431e-06, 3.41393274539e-06, 2.38046868617e-06, 1.36779874538e-06, 6.38355288629e-07, 1.40450993058e-07, 5.83793813291e-09],
        "median": [0.000480263202917, 0.000618421414401, 0.000246330571827, 0.000140423348057, 8.31429133541e-05, 8.12577782199e-05, 0.00011401980737, 0.000121578246763, 8.72646123753e-05, 6.09737435298e-05, 6.3454186602e-05, 4.69779515697e-05, 4.7754314437e-05, 4.7805311624e-05, 1.79409962584e-05, 2.06163313123e-05, 2.38272004935e-05, 2.51668770943e-05, 1.69865634234e-05, 1.36701410156e-05, 1.24492398754e-05, 9.65104845818e-06, 9.81919038168e-06, 9.74649992713e-06, 9.28182453208e-06, 8.30661883811e-06, 5.01429349242e-06, 4.45557316198e-06, 4.09759286413e-06, 3.37770279657e-06, 3.15038573717e-06, 2.85976830128e-06, 2.47649336416e-06, 2.16658077079e-06, 1.95918573809e-06, 1.33435082716e-06, 7.80448374371e-07, 3.36618199981e-07, 5.51224275114e-08, 4.30554258912e-10],
        "min": [1.21276280682e-24, 1.93689373046e-24, 3.25475055923e-24, 4.51734886488e-24, 9.29297079012e-24, 2.97523643291e-24, 5.43215180805e-24, 1.23267917809e-23, 8.26149492464e-24, 3.42875315897e-24, 5.27277902822e-24, 6.44747732422e-24, 4.19536779223e-24, 5.88629548131e-24, 4.69232413011e-24, 5.35815428855e-24, 5.94603394551e-24, 6.86746805345e-24, 6.79551683914e-24, 1.22168466589e-23, 1.08044440617e-23, 1.17616376289e-23, 1.47951982957e-23, 9.50147856028e-24, 1.04385601187e-23, 1.16945379092e-23, 8.06971810541e-24, 1.14725508728e-23, 7.97497038867e-24, 5.51997450933e-24, 6.21399895096e-24, 1.06041767326e-23, 1.11262732787e-23, 9.52325348785e-24, 6.98432911909e-24, 7.56564229786e-24, 6.89126404265e-24, 9.1812183877e-24, 1.30694498918e-23, 7.88644126244e-24],
        "var": [8.39554468257e-06, 6.30504882793e-06, 2.17954129766e-06, 1.18022387596e-06, 1.99281160462e-07, 2.92499407806e-07, 4.38877606257e-07, 6.79808920268e-07, 2.22744219514e-07, 2.87924564191e-07, 2.4246742214e-07, 1.24997626472e-07, 4.00799308409e-07, 7.3174425097e-07, 1.91461175802e-08, 3.08495167189e-08, 7.92567789176e-08, 7.36017042868e-08, 5.38136601946e-09, 7.39796446325e-09, 5.63936364273e-09, 1.09633413459e-09, 9.57724455297e-10, 3.57185225841e-10, 3.65255631296e-10, 1.97414765091e-10, 7.46607498048e-11, 6.2325006267e-11, 6.15931819437e-11, 3.57251624117e-11, 3.48791620586e-11, 2.90502882166e-11, 1.95465987146e-11, 1.75788741202e-11, 2.45076216265e-11, 1.16531151048e-11, 3.30996688391e-12, 1.08595283373e-12, 6.6948765867e-14, 4.96546807306e-16]
    },
    "mfcc": {
        "mean": [-648.639953613, 116.3098526, -26.0200691223, 24.0053005219, -21.1738491058, 18.566942215, -14.6576423645, 18.398859024, -10.4476699829, 16.1039772034, -6.15203905106, 8.67870044708, -7.34131860733],
        "cov": [[7957.00097656, -306.653289795, 740.542114258, 1117.79528809, 166.721908569, 916.430603027, -182.737976074, 678.443115234, -376.104614258, 249.226013184, -443.214141846, 358.117736816, -41.233001709], [-306.653289795, 764.180725098, 37.5395851135, 132.15184021, 159.006362915, 103.900093079, 155.935409546, -12.400604248, 68.8045425415, 24.7814273834, 73.2581100464, -18.1347503662, 52.4749183655], [740.542114258, 37.5395851135, 900.724853516, 417.590484619, 326.759643555, 175.645553589, 49.471786499, 73.4282531738, -3.36153793335, -27.3909931183, -44.1220970154, 78.5976791382, 12.120470047], [1117.79528809, 132.15184021, 417.590484619, 561.624633789, 229.888824463, 254.736984253, 29.4632034302, 140.768859863, 11.849817276, 21.3376560211, -43.8356933594, 77.4945907593, 15.8656368256], [166.721908569, 159.006362915, 326.759643555, 229.888824463, 332.30279541, 116.843742371, 93.6490097046, 49.9342727661, 70.5609207153, 9.82278823853, 15.5293054581, 37.2136993408, 39.2125320435], [916.430603027, 103.900093079, 175.645553589, 254.736984253, 116.843742371, 336.044250488, 90.2715377808, 120.941467285, -17.0138149261, 41.6908912659, -31.9554443359, 44.0847549438, -1.74795925617], [-182.737976074, 155.935409546, 49.471786499, 29.4632034302, 93.6490097046, 90.2715377808, 198.610839844, 36.1539955139, 43.4662322998, 14.7650918961, 37.3175964355, -5.4471321106, 21.8596153259], [678.443115234, -12.400604248, 73.4282531738, 140.768859863, 49.9342727661, 120.941467285, 36.1539955139, 191.135726929, 48.1024436951, 63.6879844666, -23.0113010406, 40.1588783264, -3.38963866234], [-376.104614258, 68.8045425415, -3.36153793335, 11.849817276, 70.5609207153, -17.0138149261, 43.4662322998, 48.1024436951, 187.193115234, 37.1502571106, 58.1353263855, -16.5212841034, 3.37807130814], [249.226013184, 24.7814273834, -27.3909931183, 21.3376560211, 9.82278823853, 41.6908912659, 14.7650918961, 63.6879844666, 37.1502571106, 119.425132751, 29.4572353363, 34.6225318909, 15.240696907], [-443.214141846, 73.2581100464, -44.1220970154, -43.8356933594, 15.5293054581, -31.9554443359, 37.3175964355, -23.0113010406, 58.1353263855, 29.4572353363, 116.873313904, 17.3541221619, 28.2940044403], [358.117736816, -18.1347503662, 78.5976791382, 77.4945907593, 37.2136993408, 44.0847549438, -5.4471321106, 40.1588783264, -16.5212841034, 34.6225318909, 17.3541221619, 111.820014954, 47.2372283936], [-41.233001709, 52.4749183655, 12.120470047, 15.8656368256, 39.2125320435, -1.74795925617, 21.8596153259, -3.38963866234, 3.37807130814, 15.240696907, 28.2940044403, 47.2372283936, 102.993339539]],
