{
"lowlevel": {
    "average_loudness": 0.830262899399,
    "barkbands_crest": {
        "dmean": 2.99043798447,
        "dmean2": 4.84896945953,
        "dvar": 6.98791408539,
        "dvar2": 17.722328186,
        "max": 26.1877708435,
        "mean": 11.5016088486,
        "median": 10.7209415436,
        "min": 2.45372343063,
        "var": 23.4644012451
    },
    "barkbands_flatness_db": {
        "dmean": 0.0234568621963,
        "dmean2": 0.0371660627425,
        "dvar": 0.000484555057483,
        "dvar2": 0.00118429469876,
        "max": 0.514386296272,
        "mean": 0.197706416249,
        "median": 0.189821094275,
        "min": 0.02554500103,
        "var": 0.00307066808455
    },
    "barkbands_kurtosis": {
        "dmean": 4.36323881149,
        "dmean2": 7.178855896,
        "dvar": 189.781265259,
        "dvar2": 542.042663574,
        "max": 560.971923828,
        "mean": 6.56910848618,
        "median": 1.66440868378,
        "min": -1.94423997402,
        "var": 335.841705322
    },
    "barkbands_skewness": {
        "dmean": 0.614386379719,
        "dmean2": 0.960867881775,
        "dvar": 0.616320610046,
        "dvar2": 1.51711189747,
        "max": 18.5092468262,
        "mean": 1.6823798418,
        "median": 1.33063781261,
        "min": -3.4528837204,
        "var": 2.6721124649
    },
    "barkbands_spread": {
        "dmean": 5.7978219986,
        "dmean2": 9.04884624481,
        "dvar": 51.7188453674,
        "dvar2": 114.401870728,
        "max": 100.776817322,
        "mean": 21.6673259735,
        "median": 19.6737823486,
        "min": 0.205628916621,
        "var": 178.760574341
    },
    "dissonance": {
        "dmean": 0.0211326591671,
        "dmean2": 0.035799305886,
        "dvar": 0.000420316093368,
        "dvar2": 0.00114812585525,
        "max": 0.500000119209,
        "mean": 0.462307840586,
        "median": 0.470070928335,
        "min": 0.281584888697,
        "var": 0.000948802568018
    },
    "dynamic_complexity": 3.54826712608,
    "erbbands_crest": {
        "dmean": 2.8971862793,
        "dmean2": 4.68318653107,
        "dvar": 7.03741550446,
        "dvar2": 17.2241611481,
        "max": 31.1748485565,
        "mean": 10.3365726471,
        "median": 9.18496227264,
        "min": 2.36988210678,
        "var": 26.3962154388
    },
    "erbbands_flatness_db": {
        "dmean": 0.0152775663882,
        "dmean2": 0.0229257512838,
        "dvar": 0.000199160989723,
        "dvar2": 0.000411518383771,
        "max": 0.425289034843,
        "mean": 0.215413734317,
        "median": 0.204466789961,
        "min": 0.0814191102982,
        "var": 0.00284996791743
    },
    "erbbands_kurtosis": {
        "dmean": 1.11255276203,
        "dmean2": 1.73934173584,
        "dvar": 3.10767745972,
        "dvar2": 6.74785852432,
        "max": 36.6545639038,
        "mean": 0.764674067497,
        "median": -0.148234367371,
        "min": -1.8550876379,
        "var": 9.47344493866
    },
    "erbbands_skewness": {
        "dmean": 0.40444496274,
        "dmean2": 0.614729344845,
        "dvar": 0.175601139665,
        "dvar2": 0.359706789255,
        "max": 5.34961986542,
        "mean": 0.617936015129,
        "median": 0.548895835876,
        "min": -5.31245946884,
        "var": 0.8641025424
    },
    "erbbands_spread": {
        "dmean": 8.36516284943,
        "dmean2": 12.8237733841,
        "dvar": 96.5203781128,
        "dvar2": 222.805084229,
        "max": 152.265808105,
        "mean": 39.8739433289,
        "median": 36.7891082764,
        "min": 4.20082139969,
        "var": 419.510620117
    },
    "hfc": {
        "dmean": 5.40008211136,
        "dmean2": 8.15953731537,
        "dvar": 52.3072547913,
        "dvar2": 117.25289917,
        "max": 115.436981201,
        "mean": 21.2955131531,
        "median": 16.4121208191,
        "min": 1.15194522063e-16,
        "var": 327.886688232
    },
    "melbands_crest": {
        "dmean": 3.70201349258,
        "dmean2": 6.00915431976,
        "dvar": 11.0733547211,
        "dvar2": 28.4198455811,
        "max": 37.3490142822,
        "mean": 15.4115161896,
        "median": 14.6586036682,
        "min": 1.1695047617,
        "var": 35.8353424072
    },
    "melbands_flatness_db": {
        "dmean": 0.028424795717,
        "dmean2": 0.0431324318051,
        "dvar": 0.000791735132225,
        "dvar2": 0.00181218422949,
        "max": 0.64638030529,
        "mean": 0.220725029707,
        "median": 0.207165807486,
        "min": 0.00249541038647,
        "var": 0.00559467589483
    },
    "melbands_kurtosis": {
        "dmean": 9.8238697052,
        "dmean2": 15.8320569992,
        "dvar": 496.088684082,
        "dvar2": 1288.77807617,
        "max": 450.507049561,
        "mean": 18.5585651398,
        "median": 7.25602912903,
        "min": -1.914478302,
        "var": 1253.1940918
    },
    "melbands_skewness": {
        "dmean": 0.818642258644,
        "dmean2": 1.28015458584,
        "dvar": 1.01952493191,
        "dvar2": 2.45779538155,
        "max": 17.6232280731,
        "mean": 2.75959277153,
        "median": 2.26572847366,
        "min": -0.956803739071,
        "var": 4.74857091904
    },
    "melbands_spread": {
        "dmean": 7.20304632187,
        "dmean2": 11.2094812393,
        "dvar": 112.652267456,
        "dvar2": 236.922851562,
        "max": 253.487792969,
        "mean": 24.2360229492,
        "median": 21.10896492,
        "min": 0.324046015739,
        "var": 376.221160889
    },
    "pitch_salience": {
        "dmean": 0.0749689415097,
        "dmean2": 0.121015422046,
        "dvar": 0.00475365901366,
        "dvar2": 0.012162880972,
        "max": 0.994811534882,
        "mean": 0.512101590633,
        "median": 0.520388185978,
        "min": 0.0461397878826,
        "var": 0.0189813151956
    },
    "silence_rate_20dB": {
        "dmean": 0,
        "dmean2": 0,
        "dvar": 0,
        "dvar2": 0,
        "max": 1,
        "mean": 1,
        "median": 1,
        "min": 1,
        "var": 0
    },
    "silence_rate_30dB": {
        "dmean": 0.00232126284391,
        "dmean2": 0.00464306445792,
        "dvar": 0.0023158704862,
        "dvar2": 0.00647867796943,
        "max": 1,
        "mean": 0.998259246349,
        "median": 1,
        "min": 0,
        "var": 0.00173771742266
    },
    "silence_rate_60dB": {
        "dmean": 0.0215877443552,
        "dmean2": 0.0431804992259,
        "dvar": 0.0211267340928,
        "dvar2": 0.0485098063946,
        "max": 1,
        "mean": 0.0801903232932,
        "median": 0,
        "min": 0,
        "var": 0.0737510770559
    },
    "spectral_centroid": {
        "dmean": 284.605377197,
        "dmean2": 438.485839844,
        "dvar": 115852.234375,
        "dvar2": 239355.96875,
        "max": 10665.4990234,
        "mean": 1538.31884766,
        "median": 1509.55310059,
        "min": 144.592376709,
        "var": 511752.75
    },
    "spectral_complexity": {
        "dmean": 3.38254404068,
        "dmean2": 5.36506080627,
        "dvar": 17.3609542847,
        "dvar2": 40.6042518616,
        "max": 55,
        "mean": 17.0603466034,
        "median": 16,
        "min": 0,
        "var": 109.060119629
    },
    "spectral_decrease": {
        "dmean": 2.26533014569e-09,
        "dmean2": 3.58695340097e-09,
        "dvar": 9.31425966532e-18,
        "dvar2": 2.3361625289e-17,
        "max": -8.58035012516e-29,
        "mean": -6.86869361388e-09,
        "median": -5.59763924102e-09,
        "min": -4.34478302225e-08,
        "var": 3.01165542246e-17
    },
    "spectral_energy": {
        "dmean": 0.00885806046426,
        "dmean2": 0.0140109062195,
        "dvar": 0.000137640730827,
        "dvar2": 0.000344821921317,
        "max": 0.169866383076,
        "mean": 0.0278555694968,
        "median": 0.023045418784,
        "min": 1.07723206107e-20,
        "var": 0.000476901797811
    },
    "spectral_energyband_high": {
        "dmean": 0.000425788573921,
        "dmean2": 0.000638952653389,
        "dvar": 4.79421771615e-07,
        "dvar2": 1.06569405034e-06,
        "max": 0.0136184701696,
        "mean": 0.00109854550101,
        "median": 0.00074362003943,
        "min": 7.42335953953e-21,
        "var": 1.48944002376e-06
    },
    "spectral_energyband_low": {
        "dmean": 0.00599392782897,
        "dmean2": 0.00958320964128,
        "dvar": 0.000120844444609,
        "dvar2": 0.000304715271341,
        "max": 0.124958381057,
        "mean": 0.0106937494129,
        "median": 0.0047651110217,
        "min": 2.49832198196e-22,
        "var": 0.000223253911827
    },
    "spectral_energyband_middle_high": {
        "dmean": 0.00239598681219,
        "dmean2": 0.00364924338646,
        "dvar": 1.84710770554e-05,
        "dvar2": 4.24950740125e-05,
        "max": 0.087010666728,
        "mean": 0.00754020595923,
        "median": 0.00301063503139,
        "min": 1.89236346322e-21,
        "var": 0.000107001520519
    },
    "spectral_energyband_middle_low": {
        "dmean": 0.00360661861487,
        "dmean2": 0.00580236827955,
        "dvar": 2.89253785013e-05,
        "dvar2": 7.22545591998e-05,
        "max": 0.122803419828,
        "mean": 0.00908718444407,
        "median": 0.00714964978397,
        "min": 2.63915776114e-22,
        "var": 7.47343729017e-05
    },
    "spectral_entropy": {
        "dmean": 0.146621823311,
        "dmean2": 0.215466886759,
        "dvar": 0.0236816126853,
        "dvar2": 0.0449840538204,
        "max": 9.81630420685,
        "mean": 7.49982404709,
        "median": 7.574655056,
        "min": 5.09457683563,
        "var": 0.181505858898
    },
    "spectral_flux": {
        "dmean": 0.0233890730888,
        "dmean2": 0.0373635739088,
        "dvar": 0.000613632262684,
        "dvar2": 0.00143558962736,
        "max": 0.355072587729,
        "mean": 0.0861045047641,
        "median": 0.079737611115,
        "min": 1.03789789263e-10,
        "var": 0.0022980638314
    },
    "spectral_kurtosis": {
        "dmean": 1.54786014557,
        "dmean2": 2.69649839401,
        "dvar": 2.97052836418,
        "dvar2": 8.95220088959,
        "max": 27.8610343933,
        "mean": 1.85055291653,
        "median": 1.21762943268,
        "min": -1.42016232014,
        "var": 5.50963449478
    },
    "spectral_rms": {
        "dmean": 0.000776529312134,
        "dmean2": 0.00120789837092,
        "dvar": 6.76686397583e-07,
        "dvar2": 1.63965114552e-06,
        "max": 0.0128733562306,
        "mean": 0.00477478047833,
        "median": 0.00474165938795,
        "min": 3.24184841298e-12,
        "var": 4.37767221229e-06
    },
    "spectral_rolloff": {
        "dmean": 508.13949585,
        "dmean2": 862.733154297,
        "dvar": 805187.3125,
        "dvar2": 1778887.5,
        "max": 18690.8203125,
        "mean": 1458.15808105,
        "median": 1076.66015625,
        "min": 43.06640625,
        "var": 1829254
    },
    "spectral_skewness": {
        "dmean": 0.226312860847,
        "dmean2": 0.366546571255,
        "dvar": 0.0447064749897,
        "dvar2": 0.1164316535,
        "max": 3.91762971878,
        "mean": 0.920055031776,
        "median": 0.872512817383,
        "min": -0.85429751873,
        "var": 0.172652050853
    },
    "spectral_spread": {
        "dmean": 325071.59375,
        "dmean2": 476946.59375,
        "dvar": 352174473216,
        "dvar2": 459256823808,
        "max": 39587188,
        "mean": 3899520.5,
        "median": 3847836.5,
        "min": 1671611.25,
        "var": 1.18248583987e+12
    },
    "spectral_strongpeak": {
        "dmean": 0.629250347614,
        "dmean2": 1.06572639942,
        "dvar": 1.02366864681,
        "dvar2": 2.58127880096,
        "max": 10.8178434372,
        "mean": 1.25514709949,
        "median": 0.505728304386,
        "min": 0,
        "var": 2.78238010406
    },
    "zerocrossingrate": {
        "dmean": 0.00943772401661,
        "dmean2": 0.0111806485802,
        "dvar": 0.000158277209266,
        "dvar2": 0.000190219900105,
        "max": 0.67529296875,
        "mean": 0.059097841382,
        "median": 0.05712890625,
        "min": 0.00341796875,
        "var": 0.0010434424039
    },
    "barkbands": {
        "dmean": [0.000521305541042, 0.00509075215086, 0.00154478568584, 0.00063468713779, 0.000985174672678, 0.00107657781336, 0.00104468245991, 0.000600505270995, 0.000984471174888, 0.00140539323911, 0.000463024101919, 0.000537568470463, 0.000364269071724, 0.000373806571588, 0.000276965700323, 0.000218491491978, 0.000121497359942, 0.00012034719839, 0.000150128951645, 0.000257745152339, 0.000162474854733, 9.95909285848e-05, 0.000110310757009, 3.58873439836e-05, 6.67483448069e-07, 1.30834487688e-09, 1.10560804956e-09],
        "dmean2": [0.000886968045961, 0.00826896727085, 0.00269552553073, 0.00111198297236, 0.00161593733355, 0.00180615123827, 0.00166481512133, 0.000996187678538, 0.00161199865397, 0.00221512163989, 0.000714607012924, 0.000851869292092, 0.000554560334422, 0.00058969471138, 0.000439391500549, 0.000331841292791, 0.00019573958707, 0.000194445005036, 0.000241485031438, 0.000391029927414, 0.000254774786299, 0.000153369677719, 0.000169081700733, 5.51637349417e-05, 1.02657395473e-06, 2.29922436645e-09, 2.01994909688e-09],
        "dvar": [1.06246193354e-06, 0.00010370342352, 1.75048444362e-05, 2.23464985538e-06, 3.38850963999e-06, 7.60853026804e-06, 6.46415355732e-06, 3.35780987371e-06, 5.65596155866e-06, 1.40857273436e-05, 3.97141411668e-06, 2.2316723971e-06, 1.09734105536e-06, 1.18418427064e-06, 5.27397162386e-07, 4.55061012872e-07, 1.06346945472e-07, 6.8132727904e-08, 1.0138492712e-07, 2.33584401599e-07, 1.01053956314e-07, 4.81479744963e-08, 4.66426293144e-08, 5.23602361469e-09, 1.41834044509e-11, 1.13348799221e-17, 3.12090778341e-18],
        "dvar2": [3.07589834847e-06, 0.000267542549409, 4.93933694088e-05, 6.38439132672e-06, 8.84456585482e-06, 2.04038278753e-05, 1.58433049364e-05, 8.89103921509e-06, 1.42070712172e-05, 3.45209991792e-05, 9.13366511668e-06, 5.11332245878e-06, 2.16777652895e-06, 2.86772365143e-06, 1.22400422242e-06, 9.36086507863e-07, 2.43552591428e-07, 1.52845245793e-07, 2.40530056317e-07, 5.0074373803e-07, 2.44212827738e-07, 1.04314729299e-07, 1.00799468328e-07, 1.16296829944e-08, 3.5175699159e-11, 2.90157654265e-17, 9.83299372644e-18],
        "max": [0.0142719512805, 0.117130756378, 0.0496988520026, 0.0281385667622, 0.0323378257453, 0.05261272192, 0.0630868375301, 0.0464636310935, 0.0550364032388, 0.0650862678885, 0.0737355574965, 0.0391632132232, 0.0203710310161, 0.0266264583915, 0.0159864816815, 0.0192932859063, 0.00997344776988, 0.0108107868582, 0.00676179025322, 0.0113586252555, 0.00803280435503, 0.00593933649361, 0.00529010919854, 0.00209785765037, 0.000211747115827, 1.51956740524e-07, 3.08302361418e-08],
        "mean": [0.000760457944125, 0.00787140615284, 0.00171208940446, 0.000776867440436, 0.00184497458395, 0.00173707481008, 0.00179752276745, 0.000874219404068, 0.00160684844013, 0.00287077529356, 0.000884876237251, 0.000933633185923, 0.000682676967699, 0.000606439250987, 0.000454631866887, 0.000349187903339, 0.000215966225369, 0.000226713789743, 0.000282298540697, 0.000568931864109, 0.000315760145895, 0.0001960023219, 0.00021383992862, 7.1629503509e-05, 7.76225931531e-07, 1.45639411642e-09, 1.27476607048e-09],
        "median": [0.000160531693837, 0.00264206482098, 0.000454335357063, 0.000296615180559, 0.000803718518, 0.000704237550963, 0.000517170585226, 0.000223823270062, 0.000436842092313, 0.000317720026942, 0.000141747907037, 0.000190653052414, 0.000155652713147, 0.00012454802345, 0.000113584916107, 9.90733169601e-05, 9.24407431739e-05, 0.000102842626802, 0.0001330049854, 0.000218653032789, 0.00014634244144, 9.91440101643e-05, 0.000116038441774, 3.47877648892e-05, 2.1291761243e-08, 6.72274458324e-10, 6.87119305898e-10],
        "min": [1.07959026703e-24, 9.0016905273e-23, 1.15814121e-22, 6.52640404107e-23, 1.36907756734e-23, 6.23641498578e-23, 5.48741112003e-23, 4.10498287072e-23, 2.20053317491e-23, 2.87761785412e-23, 1.27344200343e-22, 3.40608366313e-23, 1.10194919621e-22, 1.51818868674e-22, 3.21339220702e-22, 1.98175705478e-22, 1.14375554253e-22, 1.1289007237e-22, 4.65784272018e-22, 3.84194496427e-22, 3.57661759414e-22, 5.05133057867e-22, 4.86317071825e-22, 1.08369828701e-21, 9.71095397879e-22, 1.8179852647e-21, 2.28126416497e-21],
        "var": [1.79892674623e-06, 0.000155132627697, 1.68988208316e-05, 2.12011173062e-06, 7.99768167781e-06, 1.16074770631e-05, 1.44269906741e-05, 5.29691760676e-06, 1.15558623293e-05, 5.32981721335e-05, 1.21088132801e-05, 5.98517681283e-06, 3.5037564885e-06, 2.21090317609e-06, 1.37005588385e-06, 9.66196921581e-07, 2.59273832626e-07, 1.67109305949e-07, 2.34896674556e-07, 8.23798700367e-07, 2.12622296658e-07, 1.08226871021e-07, 1.01832142718e-07, 1.32006876541e-08, 1.43789841145e-11, 1.140857427e-17, 2.47517171976e-18]
    },
    "erbbands": {
        "dmean": [0.195862486959, 1.00386357307, 1.73715937138, 1.85843539238, 2.45684576035, 3.7397608757, 5.91156816483, 10.0842456818, 13.1362533569, 13.8446836472, 14.6034135818, 19.203250885, 35.439250946, 37.4073143005, 14.081193924, 18.7184410095, 14.8343191147, 12.0154800415, 19.6458950043, 11.0825653076, 11.4184007645, 6.73262310028, 6.50262498856, 6.49681043625, 8.27760791779, 11.0802526474, 8.69030761719, 4.61478328705, 3.592867136, 3.43703699112, 3.2179005146, 1.37461066246, 0.31348323822, 0.0239377617836, 0.000800332752988, 7.01322787791e-05, 1.39888625199e-05, 4.08542473451e-06, 4.80272137793e-06, 1.0105119145e-05],
        "dmean2": [0.317794561386, 1.6613265276, 2.98093318939, 3.25563716888, 4.16157054901, 6.04249048233, 9.83379077911, 16.8761196136, 21.2482700348, 22.2893199921, 23.9245853424, 31.2466087341, 55.661907196, 56.2851638794, 21.441280365, 28.6550273895, 21.8936576843, 19.16056633, 30.0190429688, 16.9072055817, 17.3200569153, 10.8135595322, 10.4796590805, 10.3841638565, 12.7152442932, 16.774641037, 13.4682359695, 7.14867687225, 5.61855888367, 5.2297744751, 5.00162267685, 2.12148118019, 0.468290477991, 0.0345079228282, 0.00114999827929, 0.000102783946204, 2.09103054658e-05, 6.12818939771e-06, 7.52059440856e-06, 1.5941395759e-05],
        "dvar": [0.154538959265, 4.61105203629, 19.6761932373, 22.4332447052, 27.581703186, 55.6823616028, 209.456573486, 636.407104492, 1169.8293457, 1596.97558594, 1511.02026367, 2443.73144531, 7602.69775391, 11459.7158203, 1963.50439453, 2584.98925781, 1645.96630859, 1131.42834473, 2622.45336914, 922.42010498, 1498.94348145, 270.886779785, 219.6171875, 191.824645996, 275.316345215, 428.949279785, 304.245605469, 81.9420547485, 61.1258049011, 62.1738777161, 36.6996116638, 6.93539476395, 0.517654895782, 0.00609017536044, 5.78617982683e-06, 2.26312621976e-08, 5.79735315309e-10, 4.58632992695e-11, 3.42668289577e-11, 1.6748075149e-10],
        "dvar2": [0.394229859114, 12.1877498627, 53.5285987854, 63.0772285461, 76.7609176636, 135.656967163, 542.656616211, 1716.6060791, 2955.01733398, 4045.52001953, 3911.11743164, 6139.64697266, 18098.4296875, 25961.5761719, 4178.57519531, 5658.58056641, 3086.31787109, 2805.87719727, 5751.89306641, 1973.88806152, 3168.40332031, 668.179138184, 474.455444336, 461.512786865, 605.081604004, 941.346374512, 718.59375, 190.131347656, 132.135559082, 129.742462158, 84.2677154541, 16.0298976898, 1.1063555479, 0.0133025711402, 1.19457581604e-05, 4.61707543309e-08, 1.22182952644e-09, 9.85121637043e-11, 8.37004701659e-11, 4.19328322065e-10],
        "max": [4.48168039322, 27.9611301422, 66.9127883911, 66.2021026611, 120.143005371, 156.822921753, 354.301696777, 502.866821289, 1199.01843262, 1420.62731934, 958.62322998, 1214.52978516, 1972.90722656, 2332.79467773, 1663.6262207, 1937.74560547, 1051.17883301, 950.495239258, 1062.63037109, 751.830200195, 1224.65441895, 685.226745605, 749.073181152, 342.753112793, 422.408416748, 411.780090332, 455.667022705, 173.2709198, 189.578262329, 202.354064941, 169.791213989, 66.0911712646, 22.3368206024, 3.51987314224, 0.0964671596885, 0.00436372682452, 0.000450448249467, 0.000134868198074, 8.48688578117e-05, 0.000191074461327],
        "mean": [0.303945362568, 1.43196630478, 2.24998855591, 2.34216475487, 3.65208339691, 6.94197273254, 10.365655899, 15.6162977219, 22.6300926208, 23.2746734619, 23.4838161469, 31.9547595978, 69.7203140259, 82.8225021362, 27.4463615417, 35.5577278137, 31.2400550842, 22.418794632, 34.2859840393, 20.4289836884, 18.9494285583, 13.0201597214, 12.8669233322, 13.1149616241, 18.2950744629, 24.7511405945, 18.4494781494, 9.03776073456, 7.0170378685, 6.73690652847, 6.02999401093, 2.75239706039, 0.625064074993, 0.0432128347456, 0.00158880092204, 0.000171064442839, 4.18424860982e-05, 1.22774536067e-05, 1.76375415322e-05, 3.39155012625e-05],
        "median": [0.0906320661306, 0.441261827946, 0.674931943417, 0.964984536171, 1.7272721529, 2.62800216675, 3.62081646919, 6.43229532242, 8.41753673553, 7.10937356949, 7.27530145645, 10.2028837204, 14.2156772614, 12.2911739349, 8.48715496063, 8.66416454315, 8.27879333496, 7.39595842361, 7.87938499451, 6.44428443909, 6.11285829544, 6.00813102722, 5.9633102417, 6.79975509644, 8.50126361847, 10.1015892029, 8.63224411011, 4.3857793808, 3.50103330612, 3.45205068588, 3.20565962791, 1.54962730408, 0.249094843864, 0.0112882023677, 0.000601600855589, 9.84969738056e-05, 3.11643816531e-05, 9.41983762459e-06, 1.56018704729e-05, 2.87352013402e-05],
        "min": [1.46061930919e-21, 2.51261539436e-20, 1.21552110138e-19, 1.99379504796e-19, 7.90612250142e-20, 8.10146701919e-20, 1.05517104104e-19, 7.14209506068e-19, 6.08543541765e-19, 1.31719827153e-18, 5.6494021504e-19, 4.09192781496e-19, 8.18869825541e-19, 2.69726392397e-18, 4.33223479474e-18, 1.38775822534e-18, 5.96972484408e-18, 8.72667026283e-18, 8.46466659407e-18, 2.00037037903e-17, 9.73426806597e-18, 7.07391624966e-18, 5.97926554526e-18, 1.88671079978e-17, 2.48382138199e-17, 1.77070566719e-17, 1.46763578973e-17, 1.26087058053e-17, 1.67574053522e-17, 2.01038588189e-17, 1.18305133102e-17, 1.80721212547e-17, 1.95483259738e-17, 9.14641892877e-18, 8.60799631471e-18, 7.44778203419e-18, 3.24048728751e-18, 1.17575007659e-18, 3.17216837276e-19, 3.34578951206e-20],
        "var": [0.265681862831, 5.87114477158, 23.2679729462, 20.5784626007, 33.9232940674, 158.322647095, 500.269287109, 784.231750488, 2192.24829102, 2661.58666992, 2835.20776367, 4244.69775391, 24963.7851562, 50977.2539062, 5324.3828125, 8263.37597656, 6352.45654297, 2049.24438477, 5813.61230469, 2450.22363281, 2793.15283203, 680.825683594, 575.635498047, 445.056060791, 904.488769531, 1391.31115723, 728.504211426, 174.504379272, 138.678634644, 134.022109985, 75.2440567017, 16.0948486328, 1.2934743166, 0.0111653320491, 1.19242686196e-05, 6.12932851141e-08, 1.92276305988e-09, 1.52476642423e-10, 1.66371708077e-10, 6.60824506227e-10]
    },
    "gfcc": {
        "mean": [-47.1443824768, 129.569580078, -166.661911011, 60.5866203308, -80.4774551392, 11.8114919662, -9.68587303162, -14.900428772, 9.72583198547, -20.8658885956, 9.53520393372, -14.3545913696, 2.02300000191],
        "cov": [[6241.36328125, -104.315238953, 227.450180054, 774.842102051, -341.945617676, 603.192016602, -215.298446655, 120.461112976, -88.0458831787, 82.1943969727, 421.451812744, -77.8114395142, 368.546844482], [-104.315238953, 1161.84411621, 769.346618652, 313.069946289, 485.760375977, -55.8656349182, 114.331138611, -49.2244377136, 73.1641387939, 0.528633832932, 14.4279088974, 31.4278526306, -32.0832061768], [227.450180054, 769.346618652, 1680.1965332, 835.856933594, 218.533508301, 287.557098389, -147.916244507, 16.8931789398, 86.7996063232, 3.2991540432, 54.7858543396, 52.7384986877, 33.0076751709], [774.842102051, 313.069946289, 835.856933594, 687.478210449, 182.175796509, 241.369125366, -85.0910263062, 20.1486568451, 44.354637146, 38.6863250732, 64.8751373291, 27.8494567871, 57.5086517334], [-341.945617676, 485.760375977, 218.533508301, 182.175796509, 535.887512207, 67.1557159424, 217.612091064, 20.7321453094, 54.3422584534, 63.0506248474, -8.48750972748, 25.662694931, -21.6477909088], [603.192016602, -55.8656349182, 287.557098389, 241.369125366, 67.1557159424, 404.101287842, 99.5967254639, 88.3261184692, 8.91660690308, 26.1511878967, 53.8723907471, -16.0131053925, 42.5388031006], [-215.298446655, 114.331138611, -147.916244507, -85.0910263062, 217.612091064, 99.5967254639, 390.112640381, 108.905441284, 43.5350761414, 44.2392997742, -8.66121006012, 8.75721073151, 1.13966667652], [120.461112976, -49.2244377136, 16.8931789398, 20.1486568451, 20.7321453094, 88.3261184692, 108.905441284, 179.402511597, 64.6436386108, 37.035736084, 23.136007309, -0.861861884594, 26.0078105927], [-88.0458831787, 73.1641387939, 86.7996063232, 44.354637146, 54.3422584534, 8.91660690308, 43.5350761414, 64.6436386108, 142.410018921, 40.2220993042, 0.108606882393, 29.0775299072, -7.48022508621], [82.1943969727, 0.528633832932, 3.2991540432, 38.6863250732, 63.0506248474, 26.1511878967, 44.2392997742, 37.035736084, 40.2220993042, 135.774002075, 82.5205612183, 15.1879911423, 21.1804962158], [421.451812744, 14.4279088974, 54.7858543396, 64.8751373291, -8.48750972748, 53.8723907471, -8.66121006012, 23.136007309, 0.108606882393, 82.5205612183, 171.421585083, 30.6573238373, 47.7155761719], [-77.8114395142, 31.4278526306, 52.7384986877, 27.8494567871, 25.662694931, -16.0131053925, 8.75721073151, -0.861861884594, 29.0775299072, 15.1879911423, 30.6573238373, 98.9806137085, 33.1529998779], [368.546844482, -32.0832061768, 33.0076751709, 57.5086517334, -21.6477909088, 42.5388031006, 1.13966667652, 26.0078105927, -7.48022508621, 21.1804962158, 47.7155761719, 33.1529998779, 134.369338989]],
        "icov": [[0.000477631576359, -0.000704276666511, 0.000873260956723, -0.00110705196857, 0.000871225260198, -0.00077615911141, 0.000296031037578, -0.000226148200454, 3.2248935895e-05, 0.000124551850604, -0.000585587520618, 0.000457759015262, -0.000714406720363], [-0.000704276666511, 0.00449077179655, -0.00332649680786, 0.00236227782443, -0.00391697650775, 0.00340753118508, -0.00177650677506, 0.00170385639649, -0.00119195564184, 0.00210367888212, -0.00145006098319, 0.00113505881745, 0.000622444786131], [0.000873260956723, -0.00332649680786, 0.00443144934252, -0.00430533476174, 0.00300529063679, -0.00294054346159, 0.00167232786771, -0.00127678085119, 0.000217576962314, -0.000417946313974, 0.000164398166817, -0.000669985311106, -0.000602422398515], [-0.00110705196857, 0.00236227782443, -0.00430533476174, 0.00776483491063, -0.00398683128878, 0.000606557470746, 0.000744566263165, 0.000791575177573, -0.000554924714379, -0.000434665125795, 0.00073732144665, -0.000518948829267, 0.000244760536589], [0.000871225260198, -0.00391697650775, 0.00300529063679, -0.00398683128878, 0.00719070481136, -0.00250588613562, -0.00110137555748, -0.000311011564918, 0.000847817049362, -0.00286956247874, 0.00144824502058, -0.000943953171372, -0.00011729603284], [-0.00077615911141, 0.00340753118508, -0.00294054346159, 0.000606557470746, -0.00250588613562, 0.00709650572389, -0.00313809956424, 0.000144958015881, -7.25080099073e-05, 0.00180966616608, -0.00155469740275, 0.00181549694389, 0.000568272545934], [0.000296031037578, -0.00177650677506, 0.00167232786771, 0.000744566263165, -0.00110137555748, -0.00313809956424, 0.00650722067803, -0.00324555905536, 0.000548910174984, -0.00126271718182, 0.00128194934223, -0.00133614207152, -0.000472536426969], [-0.000226148200454, 0.00170385639649, -0.00127678085119, 0.000791575177573, -0.000311011564918, 0.000144958015881, -0.00324555905536, 0.0101535450667, -0.0047103241086, 0.000507600896526, -0.00133387860842, 0.00244070589542, -0.00150253484026], [3.2248935895e-05, -0.00119195564184, 0.000217576962314, -0.000554924714379, 0.000847817049362, -7.25080099073e-05, 0.000548910174984, -0.0047103241086, 0.0115528292954, -0.00431512109935, 0.0031299572438, -0.00429841736332, 0.00214999611489], [0.000124551850604, 0.00210367888212, -0.000417946313974, -0.000434665125795, -0.00286956247874, 0.00180966616608, -0.00126271718182, 0.000507600896526, -0.00431512109935, 0.0149167785421, -0.00844603125006, 0.00284685171209, -0.000968066800851], [-0.000585587520618, -0.00145006098319, 0.000164398166817, 0.00073732144665, 0.00144824502058, -0.00155469740275, 0.00128194934223, -0.00133387860842, 0.0031299572438, -0.00844603125006, 0.0127615723759, -0.00461998628452, -9.48012893787e-06], [0.000457759015262, 0.00113505881745, -0.000669985311106, -0.000518948829267, -0.000943953171372, 0.00181549694389, -0.00133614207152, 0.00244070589542, -0.00429841736332, 0.00284685171209, -0.00461998628452, 0.015064210631, -0.00454998295754], [-0.000714406720363, 0.000622444786131, -0.000602422398515, 0.000244760536589, -0.00011729603284, 0.000568272545934, -0.000472536426969, -0.00150253484026, 0.00214999611489, -0.000968066800851, -9.48012893787e-06, -0.00454998295754, 0.0110877892002]]
    },
    "melbands": {
        "dmean": [0.00154577207286, 0.00095273979241, 0.000322338601109, 0.000217106105993, 0.000194467633264, 0.000218954359298, 0.000205243908567, 0.000146348116687, 0.000124098412925, 0.000132207729621, 0.000189262878848, 0.000168510829099, 5.20437861269e-05, 5.57311686862e-05, 5.03586961713e-05, 2.96168982459e-05, 2.45765077125e-05, 3.81436075259e-05, 2.03894742299e-05, 1.44155010275e-05, 1.39195562951e-05, 7.85314205132e-06, 6.20615264779e-06, 6.31614466329e-06, 5.78035951548e-06, 6.23041887593e-06, 8.85434474185e-06, 8.33331159811e-06, 6.7115101956e-06, 3.84568465961e-06, 2.57533338299e-06, 2.166416607e-06, 2.10542543755e-06, 1.99407986656e-06, 2.04102138923e-06, 1.52418510879e-06, 6.63809885282e-07, 2.7976614092e-07, 6.57557706063e-08, 4.37334213288e-09],
        "dmean2": [0.00251808203757, 0.00156661344226, 0.00055470992811, 0.00035821396159, 0.000322242791299, 0.000365746789612, 0.000330337294145, 0.000236624662648, 0.000203359042644, 0.00021486809419, 0.000296929385513, 0.000255609134911, 7.75730513851e-05, 8.8348002464e-05, 7.62664203648e-05, 4.44857869297e-05, 3.95188289986e-05, 5.80840533075e-05, 3.24343927787e-05, 2.21519330807e-05, 2.14588435483e-05, 1.2695222722e-05, 1.002211593e-05, 1.02852272903e-05, 9.2860100267e-06, 9.9447379398e-06, 1.35001619128e-05, 1.27983839775e-05, 1.05564786281e-05, 6.06030425843e-06, 4.04354204875e-06, 3.44612817571e-06, 3.2920513604e-06, 3.05748926621e-06, 3.19762830259e-06, 2.40520103034e-06, 1.03418699382e-06, 4.24557555334e-07, 9.67672946217e-08, 6.39843067418e-09],
        "dvar": [9.44838939176e-06, 4.41228257841e-06, 5.75811611725e-07, 1.92484449713e-07, 1.86212645303e-07, 3.00057763525e-07, 2.64095348257e-07, 1.72832045564e-07, 1.02797585555e-07, 1.11323927854e-07, 2.18458268364e-07, 2.24011500904e-07, 3.84725709068e-08, 3.27594307237e-08, 1.95723526275e-08, 7.73051755942e-09, 5.45543610286e-09, 1.1367522923e-08, 3.40973982382e-09, 2.15909534695e-09, 2.40595787737e-09, 4.7315462659e-10, 2.37387526303e-10, 1.88025567338e-10, 1.68643890519e-10, 1.8887226505e-10, 4.24842161451e-10, 2.64346405876e-10, 1.95498492395e-10, 5.70592947891e-11, 2.909759933e-11, 2.1317021065e-11, 2.3808802152e-11, 2.19658423395e-11, 1.50004557387e-11, 8.43698982206e-12, 1.85217119419e-12, 4.49426737145e-13, 3.714478337e-14, 1.1570959221e-15],
        "dvar2": [2.42420537688e-05, 1.13443193186e-05, 1.58782211201e-06, 5.04457034367e-07, 4.82642235511e-07, 8.04397700449e-07, 6.61493970711e-07, 4.45713510544e-07, 2.64914206127e-07, 2.78778230722e-07, 5.22160405581e-07, 5.18329102306e-07, 8.43422611752e-08, 7.62394662956e-08, 3.94085830635e-08, 1.39275329047e-08, 1.35817561642e-08, 2.51181475619e-08, 7.75923236773e-09, 4.33804281386e-09, 5.11689135507e-09, 1.11490194854e-09, 5.25101129245e-10, 4.27311713791e-10, 4.02724437132e-10, 4.32773317183e-10, 8.89442741681e-10, 6.08093908561e-10, 4.71177374894e-10, 1.33122277091e-10, 6.80220879623e-11, 4.77494467577e-11, 5.21467070913e-11, 4.64890105578e-11, 3.43002362624e-11, 2.1022695737e-11, 4.29557518028e-12, 1.01585298333e-12, 8.48246305011e-14, 2.64087106438e-15],
        "max": [0.0356528609991, 0.0331463813782, 0.0107075050473, 0.00846233312041, 0.00945610273629, 0.0117304781452, 0.0164253469557, 0.0151732256636, 0.00843173172325, 0.00778393028304, 0.0102648008615, 0.0103952707723, 0.00838273018599, 0.00544759491459, 0.00377021403983, 0.00262172427028, 0.00212981994264, 0.00237532402389, 0.0015157541493, 0.00125844567083, 0.00156363088172, 0.000877012207638, 0.000560372369364, 0.000444286677521, 0.000324110354995, 0.000471042469144, 0.000612701231148, 0.000286371971015, 0.000309697818011, 0.000164686513017, 0.00011504565191, 0.000106062580016, 0.000118612573715, 0.000114325623144, 8.6430743977e-05, 0.000101770609035, 3.87635045627e-05, 2.35118586716e-05, 6.09241078564e-06, 1.57231272624e-06],
        "mean": [0.00240876199678, 0.00144302437548, 0.000439660972916, 0.000379498727852, 0.000354790216079, 0.000347977300407, 0.000360698322766, 0.000240348279476, 0.00019615443307, 0.000213373597944, 0.000369651068468, 0.000367808010196, 9.6913332527e-05, 9.5457486168e-05, 9.77305098786e-05, 5.61065680813e-05, 3.94787894038e-05, 6.19095808361e-05, 3.53488176188e-05, 2.28408443945e-05, 2.10080597753e-05, 1.3466139535e-05, 1.1016890312e-05, 1.12497928058e-05, 1.04129276224e-05, 1.12961697596e-05, 1.76473731699e-05, 1.65563687915e-05, 1.31139559016e-05, 7.11949405741e-06, 4.52770109405e-06, 3.88192484024e-06, 3.84953045796e-06, 3.68151836483e-06, 3.63771459888e-06, 2.74797844213e-06, 1.26726263261e-06, 5.14199598456e-07, 1.03394746986e-07, 4.83767914616e-09],
        "median": [0.000820350251161, 0.000490158156026, 0.000209085672395, 0.000158115450176, 0.000131230422994, 0.000150126768858, 0.000131215449073, 6.85555569362e-05, 5.14155035489e-05, 5.83659493714e-05, 6.17436162429e-05, 4.39950417785e-05, 2.18241420953e-05, 1.94169278984e-05, 1.77697784238e-05, 1.40425900099e-05, 1.10703949758e-05, 1.11921381176e-05, 8.47157480166e-06, 6.243109965e-06, 6.16873330728e-06, 5.82171105634e-06, 4.75289152746e-06, 4.89960257255e-06, 4.81848428535e-06, 5.10264317199e-06, 5.99098075327e-06, 6.13074689682e-06, 5.39812253919e-06, 3.15201691592e-06, 1.92096740648e-06, 1.82338146715e-06, 1.88697185877e-06, 1.78905725079e-06, 1.83546001153e-06, 1.54155520704e-06, 6.32065678019e-07, 1.90119834542e-07, 1.19679475219e-08, 6.4445143666e-11],
        "min": [1.89893808244e-23, 5.44226240161e-23, 3.14804315896e-23, 4.56637893672e-24, 3.60052170462e-24, 1.4372966807e-23, 1.03680162323e-23, 1.3537877075e-23, 3.79659229375e-24, 2.86005859923e-24, 3.98695231879e-24, 9.67834433068e-24, 1.76097514536e-23, 4.63747068707e-24, 5.55455974914e-24, 1.52578620611e-23, 1.52133071972e-23, 1.13639207818e-23, 2.29519948121e-23, 2.14960889026e-23, 9.38004367912e-24, 6.88652772178e-24, 4.95525304754e-24, 6.20521380149e-24, 1.70920457073e-23, 1.44421530639e-23, 1.88885470458e-23, 9.7492337382e-24, 9.55379897096e-24, 8.99139321036e-24, 6.11114726614e-24, 8.06947671398e-24, 1.26711390324e-23, 1.08171557664e-23, 6.726774711e-24, 8.23150243302e-24, 1.14427200976e-23, 1.45302293839e-23, 1.01266721269e-23, 7.01648308958e-24],
        "var": [1.4870321138e-05, 6.52755988995e-06, 5.81905567287e-07, 4.00578841209e-07, 4.50772517979e-07, 3.89122362776e-07, 5.39722634585e-07, 2.71563692422e-07, 2.06881850318e-07, 2.04908758406e-07, 7.48206787193e-07, 9.73601572696e-07, 1.05822699936e-07, 8.86412721002e-08, 7.36127034884e-08, 3.08020737805e-08, 8.21474444024e-09, 2.40616149227e-08, 1.11643290168e-08, 4.59028992594e-09, 4.12146361484e-09, 1.030860175e-09, 5.31892696554e-10, 4.09445449767e-10, 3.51288470535e-10, 4.11648409804e-10, 1.33249999923e-09, 6.92648494116e-10, 4.2683695467e-10, 1.20549598082e-10, 5.54434345656e-11, 4.5128244891e-11, 4.77164731338e-11, 4.43451456111e-11, 2.96805843791e-11, 1.53173636969e-11, 4.22149728369e-12, 9.83213835869e-13, 6.71480422263e-14, 1.30002828503e-15]
    },
    "mfcc": {
        "mean": [-658.643127441, 120.417045593, -15.6331357956, 34.4949073792, -26.7332630157, 20.7773895264, -13.6416311264, 17.9251174927, -11.6545763016, 19.5028533936, -11.0705337524, 8.38580036163, -4.83396244049],
        "cov": [[5794.48144531, -467.006622314, 81.3213653564, 303.437011719, -203.92250061, 356.45715332, -8.19783210754, 132.324966431, -310.079589844, 287.382476807, -407.952941895, 390.618133545, -130.358520508], [-467.006622314, 992.252441406, 259.094696045, 303.124023438, 296.183044434, 77.0040512085, 128.535232544, 24.1436309814, 62.9770050049, -5.01770591736, 74.6101226807, -20.5376091003, 83.2784729004], [81.3213653564, 259.094696045, 1462.02770996, 491.623504639, 504.736083984, 265.372924805, -6.67376613617, 98.0702133179, -1.87109804153, -49.6677780151, 1.52614200115, 112.773635864, -5.063580513], [303.437011719, 303.124023438, 491.623504639, 510.074401855, 311.838684082, 188.917236328, 34.3230895996, 34.1240234375, 13.6533107758, 12.2902154922, -27.8370246887, 71.7739028931, 53.8425865173], [-203.92250061, 296.183044434, 504.736083984, 311.838684082, 472.738098145, 166.617095947, 74.5198287964, 26.5267372131, 64.0723419189, -27.1509513855, 57.3475265503, 17.8148880005, 47.6393127441], [356.45715332, 77.0040512085, 265.372924805, 188.917236328, 166.617095947, 321.765563965, 122.628669739, 96.8340911865, 23.4617938995, 60.4101104736, 13.2173366547, 30.9390888214, 4.90825271606], [-8.19783210754, 128.535232544, -6.67376613617, 34.3230895996, 74.5198287964, 122.628669739, 303.148986816, 75.0646438599, 80.7538070679, 87.7510452271, 43.7456550598, 25.2596855164, 36.3634757996], [132.324966431, 24.1436309814, 98.0702133179, 34.1240234375, 26.5267372131, 96.8340911865, 75.0646438599, 191.968093872, 86.8831787109, 44.4027633667, 37.0608863831, 24.0318508148, -6.51577854156], [-310.079589844, 62.9770050049, -1.87109804153, 13.6533107758, 64.0723419189, 23.4617938995, 80.7538070679, 86.8831787109, 226.602233887, 16.4910507202, 90.8417358398, -6.33769512177, -3.66238164902], [287.382476807, -5.01770591736, -49.6677780151, 12.2902154922, -27.1509513855, 60.4101104736, 87.7510452271, 44.4027633667, 16.4910507202, 188.76739502, -3.25193214417, 48.3205833435, 24.8883590698], [-407.952941895, 74.6101226807, 1.52614200115, -27.8370246887, 57.3475265503, 13.2173366547, 43.7456550598, 37.0608863831, 90.8417358398, -3.25193214417, 194.076889038, 10.693775177, 13.0868186951], [390.618133545, -20.5376091003, 112.773635864, 71.7739028931, 17.8148880005, 30.9390888214, 25.2596855164, 24.0318508148, -6.33769512177, 48.3205833435, 10.693775177, 161.458969116, 32.5806007385], [-130.358520508, 83.2784729004, -5.063580513, 53.8425865173, 47.6393127441, 4.90825271606, 36.3634757996, -6.51577854156, -3.66238164902, 24.8883590698, 13.0868186951, 32.5806007385, 136.66519165]],
