{
"lowlevel": {
    "average_loudness": 0.953587174416,
    "barkbands_crest": {
        "dmean": 2.34218478203,
        "dmean2": 3.84439349174,
        "dvar": 5.23096752167,
        "dvar2": 13.7761821747,
        "max": 25.1816425323,
        "mean": 7.72912120819,
        "median": 6.80997562408,
        "min": 2.33093810081,
        "var": 12.8165817261
    },
    "barkbands_flatness_db": {
        "dmean": 0.0181917734444,
        "dmean2": 0.0284042470157,
        "dvar": 0.000354218325811,
        "dvar2": 0.000748337537516,
        "max": 0.442625910044,
        "mean": 0.114657126367,
        "median": 0.104430191219,
        "min": 0.0411789864302,
        "var": 0.00169461243786
    },
    "barkbands_kurtosis": {
        "dmean": 1.96882164478,
        "dmean2": 3.1140255928,
        "dvar": 61.6597366333,
        "dvar2": 137.810760498,
        "max": 508.552001953,
        "mean": 1.78910255432,
        "median": -0.0265389680862,
        "min": -1.91296601295,
        "var": 91.6984710693
    },
    "barkbands_skewness": {
        "dmean": 0.486456990242,
        "dmean2": 0.743490755558,
        "dvar": 0.353204518557,
        "dvar2": 0.742390573025,
        "max": 15.0208463669,
        "mean": 0.685633003712,
        "median": 0.707802414894,
        "min": -4.88974332809,
        "var": 1.75179064274
    },
    "barkbands_spread": {
        "dmean": 7.19708108902,
        "dmean2": 11.0059738159,
        "dvar": 61.6233139038,
        "dvar2": 135.369674683,
        "max": 134.78855896,
        "mean": 32.4978713989,
        "median": 30.5827941895,
        "min": 0.188366293907,
        "var": 238.018875122
    },
    "dissonance": {
        "dmean": 0.0144069623202,
        "dmean2": 0.0239841695875,
        "dvar": 0.000306943984469,
        "dvar2": 0.000787336437497,
        "max": 0.500000059605,
        "mean": 0.473128467798,
        "median": 0.479903936386,
        "min": 0,
        "var": 0.000715107074939
    },
    "dynamic_complexity": 2.98179006577,
    "erbbands_crest": {
        "dmean": 2.10795617104,
        "dmean2": 3.42940354347,
        "dvar": 4.42650651932,
        "dvar2": 10.915222168,
        "max": 30.5786399841,
        "mean": 7.26053380966,
        "median": 6.38262748718,
        "min": 2.4586827755,
        "var": 12.6154441833
    },
    "erbbands_flatness_db": {
        "dmean": 0.0147843845189,
        "dmean2": 0.0217233262956,
        "dvar": 0.000227562646614,
        "dvar2": 0.000438984017819,
        "max": 0.396160304546,
        "mean": 0.155875295401,
        "median": 0.147800043225,
        "min": 0.0725879669189,
        "var": 0.00200528674759
    },
    "erbbands_kurtosis": {
        "dmean": 0.903847157955,
        "dmean2": 1.43416070938,
        "dvar": 7.30721664429,
        "dvar2": 16.334980011,
        "max": 164.311553955,
        "mean": 0.203149110079,
        "median": -0.453110575676,
        "min": -1.82433021069,
        "var": 11.420340538
    },
    "erbbands_skewness": {
        "dmean": 0.359080553055,
        "dmean2": 0.528877675533,
        "dvar": 0.148388773203,
        "dvar2": 0.290113449097,
        "max": 10.6342668533,
        "mean": -0.0795401930809,
        "median": -0.0899901539087,
        "min": -5.16750812531,
        "var": 0.792488574982
    },
    "erbbands_spread": {
        "dmean": 8.15302562714,
        "dmean2": 12.7631931305,
        "dvar": 83.7907485962,
        "dvar2": 191.192733765,
        "max": 143.274230957,
        "mean": 44.1974563599,
        "median": 42.1690330505,
        "min": 1.2739739418,
        "var": 348.210388184
    },
    "hfc": {
        "dmean": 9.62006950378,
        "dmean2": 13.1145172119,
        "dvar": 270.964294434,
        "dvar2": 450.91796875,
        "max": 259.644775391,
        "mean": 31.6409301758,
        "median": 27.2327423096,
        "min": 1.04575561171e-16,
        "var": 929.889343262
    },
    "melbands_crest": {
        "dmean": 3.37463927269,
        "dmean2": 5.59132099152,
        "dvar": 10.5630722046,
        "dvar2": 26.7953052521,
        "max": 33.6581764221,
        "mean": 10.6921319962,
        "median": 9.81205940247,
        "min": 1.00013566017,
        "var": 28.5858860016
    },
    "melbands_flatness_db": {
        "dmean": 0.0239939372987,
        "dmean2": 0.0365879051387,
        "dvar": 0.000683015037794,
        "dvar2": 0.00137831270695,
        "max": 0.532067358494,
        "mean": 0.126431152225,
        "median": 0.117123574018,
        "min": 3.88290573028e-07,
        "var": 0.00454323831946
    },
    "melbands_kurtosis": {
        "dmean": 5.04464101791,
        "dmean2": 8.15968513489,
        "dvar": 188.066619873,
        "dvar2": 455.381774902,
        "max": 386.914306641,
        "mean": 7.97963285446,
        "median": 3.70870161057,
        "min": -1.90208625793,
        "var": 317.878631592
    },
    "melbands_skewness": {
        "dmean": 0.631639957428,
        "dmean2": 0.989207923412,
        "dvar": 0.651422679424,
        "dvar2": 1.48606801033,
        "max": 14.9636001587,
        "mean": 1.96635973454,
        "median": 1.78697025776,
        "min": -2.17247152328,
        "var": 2.37711453438
    },
    "melbands_spread": {
        "dmean": 12.6648406982,
        "dmean2": 19.6452178955,
        "dvar": 259.947692871,
        "dvar2": 543.490966797,
        "max": 250.421112061,
        "mean": 47.6575431824,
        "median": 37.9724655151,
        "min": 0.276083260775,
        "var": 1287.92150879
    },
    "pitch_salience": {
        "dmean": 0.0670344904065,
        "dmean2": 0.107365585864,
        "dvar": 0.00449399137869,
        "dvar2": 0.010541614145,
        "max": 0.997746646404,
        "mean": 0.624940276146,
        "median": 0.630135059357,
        "min": 0.048284266144,
        "var": 0.0151508608833
    },
    "silence_rate_20dB": {
        "dmean": 0,
        "dmean2": 0,
        "dvar": 0,
        "dvar2": 0,
        "max": 1,
        "mean": 1,
        "median": 1,
        "min": 1,
        "var": 0
    },
    "silence_rate_30dB": {
        "dmean": 0.00255546532571,
        "dmean2": 0.00511152436957,
        "dvar": 0.00254827644676,
        "dvar2": 0.00555055309087,
        "max": 1,
        "mean": 0.997560977936,
        "median": 1,
        "min": 0,
        "var": 0.00243288907222
    },
    "silence_rate_60dB": {
        "dmean": 0.0202114060521,
        "dmean2": 0.0404275096953,
        "dvar": 0.0198058839887,
        "dvar2": 0.0415907278657,
        "max": 1,
        "mean": 0.149245068431,
        "median": 0,
        "min": 0,
        "var": 0.126972258091
    },
    "spectral_centroid": {
        "dmean": 326.65057373,
        "dmean2": 497.597991943,
        "dvar": 125696.757812,
        "dvar2": 257725.109375,
        "max": 11792.2675781,
        "mean": 2619.48681641,
        "median": 2052.28979492,
        "min": 224.91998291,
        "var": 5586692
    },
    "spectral_complexity": {
        "dmean": 4.08549213409,
        "dmean2": 6.1877322197,
        "dvar": 23.0826072693,
        "dvar2": 44.3338127136,
        "max": 59,
        "mean": 22.0881538391,
        "median": 23,
        "min": 0,
        "var": 162.818496704
    },
    "spectral_decrease": {
        "dmean": 1.69089986457e-09,
        "dmean2": 2.49561837862e-09,
        "dvar": 7.58058670872e-18,
        "dvar2": 1.68000001906e-17,
        "max": 2.09133025246e-28,
        "mean": -5.0962252196e-09,
        "median": -4.80032102956e-09,
        "min": -5.96803033659e-08,
        "var": 1.8856323217e-17
    },
    "spectral_energy": {
        "dmean": 0.00691299373284,
        "dmean2": 0.0100552216172,
        "dvar": 0.000115301256301,
        "dvar2": 0.000248916796409,
        "max": 0.22863574326,
        "mean": 0.0221042409539,
        "median": 0.0214031599462,
        "min": 9.89430797236e-21,
        "var": 0.000317298312439
    },
    "spectral_energyband_high": {
        "dmean": 0.00116176786833,
        "dmean2": 0.0015963910846,
        "dvar": 5.29562476004e-06,
        "dvar2": 8.91053605301e-06,
        "max": 0.037980645895,
        "mean": 0.00263612251729,
        "median": 0.00160362920724,
        "min": 6.84065845781e-21,
        "var": 1.51250851559e-05
    },
    "spectral_energyband_low": {
        "dmean": 0.00409201206639,
        "dmean2": 0.00653130747378,
        "dvar": 0.000104362465208,
        "dvar2": 0.000255975755863,
        "max": 0.217270240188,
        "mean": 0.00503510423005,
        "median": 0.00134267040994,
        "min": 6.73655895281e-24,
        "var": 0.000145571058965
    },
    "spectral_energyband_middle_high": {
        "dmean": 0.00163702177815,
        "dmean2": 0.00246004015207,
        "dvar": 5.06871583639e-06,
        "dvar2": 1.12061088657e-05,
        "max": 0.081173107028,
        "mean": 0.00564798619598,
        "median": 0.00475686229765,
        "min": 1.10128849681e-21,
        "var": 2.49115182669e-05
    },
    "spectral_energyband_middle_low": {
        "dmean": 0.00340897263959,
        "dmean2": 0.00522821489722,
        "dvar": 2.41233246925e-05,
        "dvar2": 4.76969580632e-05,
        "max": 0.181613385677,
        "mean": 0.00958250835538,
        "median": 0.00850234180689,
        "min": 1.17440108476e-22,
        "var": 7.57290326874e-05
    },
    "spectral_entropy": {
        "dmean": 0.123595476151,
        "dmean2": 0.175486177206,
        "dvar": 0.0200262330472,
        "dvar2": 0.0347922593355,
        "max": 9.82569885254,
        "mean": 7.98198127747,
        "median": 7.9288110733,
        "min": 4.31836032867,
        "var": 0.360178679228
    },
    "spectral_flux": {
        "dmean": 0.0200306158513,
        "dmean2": 0.0306005273014,
        "dvar": 0.000584800960496,
        "dvar2": 0.00124651030637,
        "max": 0.348341822624,
        "mean": 0.0830025374889,
        "median": 0.0815052688122,
        "min": 6.26012505722e-11,
        "var": 0.0022897075396
    },
    "spectral_kurtosis": {
        "dmean": 1.052038908,
        "dmean2": 1.76385140419,
        "dvar": 4.27598047256,
        "dvar2": 12.3317623138,
        "max": 52.4916419983,
        "mean": 2.53367400169,
        "median": 1.48247623444,
        "min": -1.27430033684,
        "var": 17.8171024323
    },
    "spectral_rms": {
        "dmean": 0.000657758093439,
        "dmean2": 0.000922919483855,
        "dvar": 6.73720933264e-07,
        "dvar2": 1.23103200167e-06,
        "max": 0.0149351684377,
        "mean": 0.00415305420756,
        "median": 0.0045695877634,
        "min": 3.10692509047e-12,
        "var": 4.31727085015e-06
    },
    "spectral_rolloff": {
        "dmean": 826.858764648,
        "dmean2": 1299.92553711,
        "dvar": 1059395.5,
        "dvar2": 2188022.25,
        "max": 19745.9472656,
        "mean": 3983.64453125,
        "median": 2842.3828125,
        "min": 86.1328125,
        "var": 19299130
    },
    "spectral_skewness": {
        "dmean": 0.163082167506,
        "dmean2": 0.259223043919,
        "dvar": 0.0380283780396,
        "dvar2": 0.0955098494887,
        "max": 5.51633405685,
        "mean": 1.0074211359,
        "median": 0.923856973648,
        "min": -0.260251373053,
        "var": 0.379465252161
    },
    "spectral_spread": {
        "dmean": 530378.5,
        "dmean2": 810581.9375,
        "dvar": 837625118720,
        "dvar2": 2.08015484518e+12,
        "max": 46208112,
        "mean": 7200901.5,
        "median": 4945150.5,
        "min": 1215422.75,
        "var": 8.13935812936e+13
    },
    "spectral_strongpeak": {
        "dmean": 0.60208183527,
        "dmean2": 1.02228975296,
        "dvar": 0.960675477982,
        "dvar2": 2.46428060532,
        "max": 14.2831306458,
        "mean": 1.00405967236,
        "median": 0.538645744324,
        "min": 0,
        "var": 1.51880729198
    },
    "zerocrossingrate": {
        "dmean": 0.0145422052592,
        "dmean2": 0.0171221196651,
        "dvar": 0.000281231827103,
        "dvar2": 0.000320410297718,
        "max": 0.8779296875,
        "mean": 0.126060605049,
        "median": 0.09619140625,
        "min": 0.00830078125,
        "var": 0.0130407884717
    },
    "barkbands": {
        "dmean": [4.12899207731e-05, 0.00284251011908, 0.00144625012763, 0.00103640579619, 0.00117892050184, 0.000864078232553, 0.000765978300478, 0.0008064142894, 0.000934222887736, 0.00051528448239, 0.000250072742347, 0.000297107180813, 0.000300591345876, 0.000448480190244, 0.000252824858762, 0.000185366428923, 0.000212804938201, 0.000321802741382, 0.000358885677997, 0.000338278827257, 0.000336880038958, 0.000384293321986, 0.000308363116346, 0.000161899442901, 6.72720270813e-05, 8.77717138792e-06, 1.69755498547e-09],
        "dmean2": [7.09231389919e-05, 0.00487815449014, 0.00231552473269, 0.00172303954605, 0.00191693636589, 0.00135824654717, 0.00118332670536, 0.00124455371406, 0.0014224788174, 0.000807212782092, 0.000400705990614, 0.000479466019897, 0.000478040543385, 0.00070778070949, 0.000405479950132, 0.000296345620882, 0.000342090410413, 0.000511698250193, 0.000569200492464, 0.000527561292984, 0.000494670006447, 0.000572595454287, 0.000439347582869, 0.000229253739235, 0.000100310440757, 1.37141269079e-05, 3.06652991888e-09],
        "dvar": [8.71476757425e-09, 7.40409741411e-05, 1.70250023075e-05, 5.70701831748e-06, 5.27766451341e-06, 2.90761613542e-06, 4.55186500403e-06, 2.89069248538e-06, 3.37535811923e-06, 1.48326500948e-06, 3.55629111937e-07, 6.54460848182e-07, 4.28839570077e-07, 8.40773225264e-07, 2.30371270504e-07, 1.49661289583e-07, 1.61224519957e-07, 4.3022427576e-07, 5.05537286699e-07, 3.54010296633e-07, 4.74139739026e-07, 6.26076314347e-07, 5.0881203606e-07, 1.39433126378e-07, 2.59550425596e-08, 2.35044622654e-10, 5.20264543775e-17],
        "dvar2": [2.31391314998e-08, 0.000209888865356, 4.13978486904e-05, 1.38952063935e-05, 1.16726123451e-05, 5.91915068071e-06, 9.23856805457e-06, 6.23456435278e-06, 7.51019206291e-06, 3.58105125997e-06, 7.68065547163e-07, 1.78103300641e-06, 9.80289314612e-07, 2.0152099296e-06, 5.64472770748e-07, 3.66344323766e-07, 3.97629634108e-07, 1.01032435396e-06, 1.18739296795e-06, 7.90657168181e-07, 9.37242248256e-07, 1.32981733714e-06, 9.55415430326e-07, 2.40163473109e-07, 5.23477616809e-08, 5.2299564679e-10, 1.50364772636e-16],
        "max": [0.00216657854617, 0.166221573949, 0.0886409431696, 0.0399981215596, 0.0818560272455, 0.0856766030192, 0.0713138580322, 0.0358026474714, 0.0625800341368, 0.0306944176555, 0.0256229862571, 0.0407864712179, 0.0163374133408, 0.0204024501145, 0.00914192292839, 0.00849120598286, 0.0085955997929, 0.0180058069527, 0.0166173856705, 0.0155944535509, 0.0172317679971, 0.0151823144406, 0.0222988650203, 0.0115020973608, 0.00404204102233, 0.000354126241291, 3.23087732568e-07],
        "mean": [4.57949136035e-05, 0.00294005218893, 0.00145308068022, 0.00116717081983, 0.00203634402715, 0.00158298353199, 0.00128773052711, 0.00138432276435, 0.00175654212944, 0.000928940135054, 0.000407991494285, 0.000491703744046, 0.000496952910908, 0.000788744306192, 0.000448072387371, 0.000339703663485, 0.000365264742868, 0.000572185788769, 0.00060997629771, 0.000644472718704, 0.000632690498605, 0.000758497451898, 0.000559786160011, 0.000288226146949, 0.000105688945041, 1.13780697575e-05, 1.4164428519e-09],
        "median": [1.77156071004e-05, 0.000506807584316, 0.000333304808009, 0.000345631473465, 0.00116059090942, 0.000846034497954, 0.00040953833377, 0.000395489740185, 0.000508729019202, 0.000259695632849, 0.000176919187652, 0.000165763689438, 0.000164575933013, 0.00020336403395, 0.000198937748792, 0.000145718368003, 0.000177836293005, 0.000333994423272, 0.000285691930912, 0.000358247605618, 0.000315305427648, 0.000433725072071, 0.000280259439023, 0.00013554704492, 4.49006911367e-05, 3.791136578e-06, 4.89081664057e-10],
        "min": [1.10341524687e-25, 1.14780602773e-24, 3.66741927875e-25, 6.64310220694e-25, 5.92311793064e-24, 2.77792674051e-24, 5.44235454056e-24, 2.12933141791e-24, 7.71965634556e-24, 1.15328088019e-23, 1.03155151724e-23, 2.02685960906e-23, 1.49979623696e-23, 2.2167029302e-23, 3.64168359891e-23, 4.9261091336e-23, 4.7774965743e-23, 7.03844608159e-23, 8.75990655312e-23, 1.36391589267e-22, 2.27159805666e-22, 2.64989207546e-22, 3.2723987503e-22, 5.13573490899e-22, 8.40720040529e-22, 1.2662120743e-21, 1.87853343151e-21],
        "var": [9.23715504086e-09, 8.0218873336e-05, 1.63237054949e-05, 6.13627207713e-06, 1.00093975561e-05, 6.3463553488e-06, 9.33777027967e-06, 6.99949168848e-06, 9.63257116382e-06, 3.8762850636e-06, 7.16371062026e-07, 9.67920414041e-07, 9.2808016916e-07, 2.14358237827e-06, 5.07286358697e-07, 3.48993609123e-07, 3.01623856558e-07, 7.4695094554e-07, 8.87145972683e-07, 8.50569847444e-07, 1.14172541998e-06, 1.37331596761e-06, 1.19645312679e-06, 3.30070321297e-07, 4.56076207911e-08, 3.89456800143e-10, 3.06530073217e-17]
    },
    "erbbands": {
        "dmean": [0.0483511686325, 0.747326672077, 1.72683036327, 2.54113888741, 3.39737915993, 4.38990116119, 6.34428501129, 7.07412815094, 9.20667934418, 13.272228241, 18.6722679138, 19.5942726135, 19.9738349915, 11.1307954788, 8.37181472778, 11.2882871628, 12.0951805115, 20.0638656616, 15.16132164, 11.4006414413, 9.30213928223, 11.5629281998, 17.7645339966, 15.0520086288, 20.3198795319, 15.0769929886, 13.5933256149, 13.4824943542, 14.5723743439, 11.9683799744, 8.04873466492, 4.47430849075, 2.24318361282, 0.87569218874, 0.423521250486, 0.0853903964162, 0.0078623816371, 0.000276446575299, 1.69288923644e-05, 1.03375168692e-05],
        "dmean2": [0.0788098275661, 1.27637445927, 2.70590877533, 4.12651157379, 5.67362737656, 7.17441034317, 10.0423412323, 11.1864414215, 14.3426303864, 20.2216815948, 28.6972122192, 29.7596626282, 30.7470149994, 17.3731231689, 13.2156600952, 18.036272049, 19.1321086884, 31.7854423523, 23.996673584, 17.9408569336, 14.7373905182, 18.4213047028, 28.1764698029, 23.6676177979, 32.3073196411, 23.3243980408, 20.4431591034, 19.8600883484, 21.8279190063, 17.6047153473, 11.4523210526, 6.37915897369, 3.14579105377, 1.27018821239, 0.645432770252, 0.131946861744, 0.0123087242246, 0.000432445667684, 2.44356888288e-05, 1.44961368278e-05],
        "dvar": [0.0217157639563, 5.31699180603, 27.0575866699, 36.1709251404, 43.1899757385, 87.1875076294, 201.704956055, 233.672943115, 993.685302734, 1124.90234375, 1480.28955078, 1655.60144043, 1948.44104004, 560.362121582, 823.773254395, 717.516967773, 693.908447266, 1624.10961914, 963.373718262, 510.278594971, 331.235595703, 470.937927246, 1296.37719727, 1031.41113281, 1498.32458496, 751.618164062, 836.626586914, 754.65057373, 882.429321289, 744.222045898, 369.785766602, 115.563728333, 26.5219745636, 4.33957481384, 1.17335212231, 0.023743128404, 0.000202304538107, 3.87718642969e-07, 8.96263230299e-10, 2.2316712367e-10],
        "dvar2": [0.0554644949734, 14.757856369, 61.7381782532, 84.5852737427, 113.411972046, 202.34375, 413.007415771, 480.717681885, 1978.93359375, 2534.74902344, 3325.31176758, 3708.05639648, 4538.25634766, 1233.31359863, 1895.29309082, 1818.84069824, 1578.98010254, 3820.63085938, 2356.84863281, 1222.42126465, 798.441223145, 1144.95788574, 3069.58398438, 2377.69628906, 3538.44018555, 1679.33154297, 1827.48779297, 1444.47839355, 1940.6027832, 1508.39245605, 690.80859375, 215.889892578, 44.131942749, 8.01910877228, 2.63445258141, 0.051381316036, 0.000444186793175, 8.73815054092e-07, 1.62170832319e-09, 4.13563572277e-10],
        "max": [3.14281702042, 46.9312133789, 95.5054702759, 111.736701965, 133.004562378, 247.930953979, 541.324523926, 708.708862305, 1396.12512207, 1152.33154297, 895.327819824, 1280.25256348, 1401.28430176, 638.881774902, 1943.7890625, 1029.41992188, 725.748779297, 802.319824219, 575.610900879, 487.868896484, 523.52935791, 385.562866211, 868.749267578, 731.197509766, 762.920837402, 764.727722168, 600.662719727, 645.372009277, 588.90222168, 623.750488281, 729.361816406, 380.573699951, 167.265579224, 52.9710693359, 32.9239845276, 3.15621376038, 0.36086627841, 0.0214986503124, 0.000699198106304, 0.0002532050421],
        "mean": [0.0573547706008, 0.745218217373, 1.82833099365, 2.93389487267, 4.86144685745, 7.18895721436, 11.4943275452, 12.4019708633, 15.689198494, 23.3630256653, 34.6861763, 37.6237716675, 37.7893409729, 22.0599555969, 15.1085882187, 20.1564559937, 22.8970832825, 38.0067138672, 28.5002632141, 22.6894245148, 18.4114990234, 21.7861499786, 32.3090515137, 27.7913799286, 35.4970436096, 29.1857013702, 24.4731464386, 26.4317111969, 27.9254455566, 22.1020126343, 14.7175722122, 7.95905208588, 3.81472444534, 1.43775296211, 0.627775192261, 0.116272598505, 0.0101393600926, 0.000356768083293, 3.85473758797e-05, 3.39400030498e-05],
        "median": [0.0108024096116, 0.123621761799, 0.41347053647, 0.993408322334, 2.20034122467, 3.78802871704, 5.69828128815, 6.50661468506, 5.74516010284, 8.84864807129, 11.7385139465, 11.9698133469, 10.4001331329, 9.95663070679, 7.59662532806, 7.5298871994, 9.08626842499, 12.1301994324, 11.8532133102, 10.9690628052, 8.82371234894, 11.6984205246, 18.448299408, 15.1542959213, 18.8503799438, 16.4640731812, 11.8325176239, 13.421754837, 15.7666988373, 11.6161155701, 7.25874614716, 3.81817913055, 1.66481876373, 0.601752281189, 0.267147898674, 0.0423809215426, 0.00329024344683, 0.000115771326819, 2.81959237327e-05, 3.22793421219e-05],
        "min": [1.85176940679e-23, 4.14484760947e-22, 1.58169928499e-21, 4.01750314407e-21, 7.1100188383e-21, 1.80998621007e-20, 2.49909599966e-20, 2.9606661742e-20, 7.2662259193e-20, 1.07200390801e-19, 1.81340104428e-19, 2.71364871754e-19, 3.33132955485e-19, 4.72532663486e-19, 6.02524562038e-19, 1.18279569085e-18, 9.900296243e-19, 1.72121799472e-18, 1.97984335446e-18, 2.21602079014e-18, 3.14934687325e-18, 3.39941887527e-18, 4.46888916784e-18, 4.6268099409e-18, 6.32786261645e-18, 6.35033173702e-18, 7.88423313106e-18, 8.43982470591e-18, 9.11694152046e-18, 1.01408711776e-17, 9.04146707983e-18, 9.04190465837e-18, 8.85630683561e-18, 6.26646554907e-18, 5.57463774092e-18, 3.48976705729e-18, 2.06826089693e-18, 8.17152701987e-19, 2.27724218503e-19, 2.57628261369e-20],
        "var": [0.0282950568944, 5.50752258301, 29.073551178, 39.561706543, 60.1412086487, 151.812332153, 429.418365479, 475.631469727, 1739.0357666, 2278.85400391, 3654.81689453, 4455.49755859, 5459.97460938, 1545.26135254, 1213.20471191, 1449.35205078, 1674.71826172, 4454.09326172, 2229.35668945, 1299.90551758, 871.863220215, 959.16998291, 2325.71679688, 1876.1517334, 2574.80053711, 1833.01843262, 1686.65344238, 1953.14819336, 1862.50366211, 1515.36499023, 893.975585938, 264.82901001, 59.447807312, 8.63387680054, 1.69071316719, 0.0400505922735, 0.000371619680664, 6.4986045345e-07, 2.25624408046e-09, 7.51191997495e-10]
    },
    "gfcc": {
        "mean": [-68.7617874146, 70.3450698853, -128.336044312, 47.7689399719, -77.4686584473, 17.6207675934, -39.9498214722, 9.20019626617, -19.9742469788, -0.0366214476526, -11.9178247452, -5.31276845932, -8.19229793549],
        "cov": [[90331.265625, 5034.86865234, -10308.25, 4418.39306641, -6793.82568359, 1521.73522949, -2986.15014648, 682.686767578, -1591.70458984, 49.2296295166, -1012.05877686, -538.298583984, -717.268127441], [5034.86865234, 1309.97302246, -719.554016113, -122.952041626, -184.95513916, -44.4523658752, -226.190032959, 37.5061340332, -18.3606548309, -66.0316390991, 12.0032453537, -71.2822189331, -5.13583612442], [-10308.25, -719.554016113, 1980.7668457, -101.886199951, 664.085632324, -135.502349854, 341.470916748, -68.7147064209, 101.618476868, 20.1979885101, 64.8376541138, 87.4056472778, 47.791809082], [4418.39306641, -122.952041626, -101.886199951, 855.385009766, -373.342407227, 104.367774963, -87.7580566406, 13.7505216599, -100.572372437, 16.107334137, -79.3923110962, 7.99127388, -22.4568977356], [-6793.82568359, -184.95513916, 664.085632324, -373.342407227, 735.824768066, -112.878646851, 200.45223999, -20.5325126648, 144.847183228, -9.87811565399, 86.6022644043, 48.3102722168, 76.3965988159], [1521.73522949, -44.4523658752, -135.502349854, 104.367774963, -112.878646851, 240.561691284, 55.5382537842, 39.7897109985, -34.8420181274, 24.5907077789, -29.5577850342, -12.8810930252, -29.3356876373], [-2986.15014648, -226.190032959, 341.470916748, -87.7580566406, 200.45223999, 55.5382537842, 304.005615234, 13.5554275513, 64.109954834, -4.06307792664, 49.6363983154, -0.711035966873, 15.1202478409], [682.686767578, 37.5061340332, -68.7147064209, 13.7505216599, -20.5325126648, 39.7897109985, 13.5554275513, 98.0232543945, 11.1797485352, 12.7611179352, -8.39554309845, 8.91459655762, -9.61921691895], [-1591.70458984, -18.3606548309, 101.618476868, -100.572372437, 144.847183228, -34.8420181274, 64.109954834, 11.1797485352, 147.317276001, 29.2316379547, 37.7222061157, 0.711268723011, 30.4045600891], [49.2296295166, -66.0316390991, 20.1979885101, 16.107334137, -9.87811565399, 24.5907077789, -4.06307792664, 12.7611179352, 29.2316379547, 87.3851699829, 16.3373146057, 9.07260799408, -3.09616994858], [-1012.05877686, 12.0032453537, 64.8376541138, -79.3923110962, 86.6022644043, -29.5577850342, 49.6363983154, -8.39554309845, 37.7222061157, 16.3373146057, 87.56690979, 23.5932826996, 14.4784116745], [-538.298583984, -71.2822189331, 87.4056472778, 7.99127388, 48.3102722168, -12.8810930252, -0.711035966873, 8.91459655762, 0.711268723011, 9.07260799408, 23.5932826996, 77.0540771484, 27.8706626892], [-717.268127441, -5.13583612442, 47.791809082, -22.4568977356, 76.3965988159, -29.3356876373, 15.1202478409, -9.61921691895, 30.4045600891, -3.09616994858, 14.4784116745, 27.8706626892, 69.5540161133]],
        "icov": [[0.000339163467288, -0.000637451012153, 0.000807927572168, -0.000908297544811, 0.00120800687, -0.000637127552181, 0.000822162081022, -0.00100483244751, 0.000757609726861, -0.000505167408846, 0.000319056765875, 8.76588310348e-05, 0.000233643353567], [-0.000637451012153, 0.00246900925413, -0.00130427372642, 0.00187438121065, -0.00222643720917, 0.00108371325769, -0.000446340680355, 0.000949368753936, -0.0015087807551, 0.00217358814552, -0.00206978013739, 0.00137729558628, -0.00112383428495], [0.000807927572168, -0.00130427372642, 0.00299008050933, -0.00242468900979, 0.00206465995871, -0.000814298458863, 0.00101805792656, -0.00175797042903, 0.0020221748855, -0.0017520604888, 0.00145604112186, -0.000656257965602, 0.00132021715399], [-0.000908297544811, 0.00187438121065, -0.00242468900979, 0.00418063765392, -0.00221765297465, 0.00128372653853, -0.00197364785708, 0.00254908180796, -0.0018249702407, 0.00131651049014, -0.000264432630502, -0.00058712111786, -0.00130695558619], [0.00120800687, -0.00222643720917, 0.00206465995871, -0.00221765297465, 0.00766415335238, -0.00204118574038, 0.00241173501126, -0.00374118005857, 0.00124146824237, -0.000853085599374, 0.000544479000382, -0.000224385192269, -0.000766460201703], [-0.000637127552181, 0.00108371325769, -0.000814298458863, 0.00128372653853, -0.00204118574038, 0.00794928893447, -0.00479181064293, 0.000882137392182, 0.000256904779235, -0.00203804904595, 0.00212405901402, -0.000963918166235, 0.000983220641501], [0.000822162081022, -0.000446340680355, 0.00101805792656, -0.00197364785708, 0.00241173501126, -0.00479181064293, 0.00954536627978, -0.0046240570955, 0.000325381464791, 0.00230458588339, -0.00434350268915, 0.00413205334917, -0.00106708111707], [-0.00100483244751, 0.000949368753936, -0.00175797042903, 0.00254908180796, -0.00374118005857, 0.000882137392182, -0.0046240570955, 0.0164168551564, -0.00446211826056, -0.000437129783677, 0.00312705500983, -0.0058546634391, 0.00312192109413], [0.000757609726861, -0.0015087807551, 0.0020221748855, -0.0018249702407, 0.00124146824237, 0.000256904779235, 0.000325381464791, -0.00446211826056, 0.0133001208305, -0.00573637569323, -0.00101628887933, 0.00373265449889, -0.00357388309203], [-0.000505167408846, 0.00217358814552, -0.0017520604888, 0.00131651049014, -0.000853085599374, -0.00203804904595, 0.00230458588339, -0.000437129783677, -0.00573637569323, 0.0171612910926, -0.00570224830881, 0.000206232856726, 0.000471776962513], [0.000319056765875, -0.00206978013739, 0.00145604112186, -0.000264432630502, 0.000544479000382, 0.00212405901402, -0.00434350268915, 0.00312705500983, -0.00101628887933, -0.00570224830881, 0.0202544312924, -0.00831603165716, 0.00303259352222], [8.76588310348e-05, 0.00137729558628, -0.000656257965602, -0.00058712111786, -0.000224385192269, -0.000963918166235, 0.00413205334917, -0.0058546634391, 0.00373265449889, 0.000206232856726, -0.00831603165716, 0.0222561266273, -0.00941058341414], [0.000233643353567, -0.00112383428495, 0.00132021715399, -0.00130695558619, -0.000766460201703, 0.000983220641501, -0.00106708111707, 0.00312192109413, -0.00357388309203, 0.000471776962513, 0.00303259352222, -0.00941058341414, 0.0220177918673]]
    },
    "melbands": {
        "dmean": [0.000616868666839, 0.000927312823478, 0.000446461781394, 0.000263307854766, 0.0002084820444, 0.00015987129882, 0.000144303412526, 0.000149112122017, 0.000157430011313, 0.000129249659949, 0.00010158889927, 4.80454691569e-05, 2.97219467029e-05, 3.16157638736e-05, 2.9901841117e-05, 3.16642581311e-05, 4.18245072069e-05, 2.88493083644e-05, 1.96368055185e-05, 1.4230454326e-05, 1.1342187463e-05, 1.23889303723e-05, 1.59296469064e-05, 1.60499184858e-05, 1.27810244521e-05, 1.54235167429e-05, 1.52913526108e-05, 9.95970913209e-06, 8.88398335519e-06, 8.5216579464e-06, 8.58302792039e-06, 9.16949011298e-06, 7.34400509828e-06, 7.0747009886e-06, 5.12973156219e-06, 3.80205278816e-06, 2.5538324735e-06, 1.79056087291e-06, 1.09469306153e-06, 6.90525553182e-07],
        "dmean2": [0.00105397333391, 0.00149019272067, 0.000724917568732, 0.000434989022324, 0.000330929062329, 0.000250583019806, 0.000223084571189, 0.000227188545978, 0.000242642141529, 0.000196237990167, 0.00015676151088, 7.52658015699e-05, 4.74365915579e-05, 4.99286215927e-05, 4.86917306262e-05, 5.03462833876e-05, 6.61760714138e-05, 4.58988106402e-05, 3.13780547003e-05, 2.25840994972e-05, 1.80908082257e-05, 2.00047870749e-05, 2.55060440395e-05, 2.58047039097e-05, 2.04060688702e-05, 2.4783263143e-05, 2.41910820478e-05, 1.55781799549e-05, 1.37160041049e-05, 1.29654599732e-05, 1.28357232825e-05, 1.40358260978e-05, 1.12435418487e-05, 1.05355493361e-05, 7.55766086513e-06, 5.4209767768e-06, 3.74618571186e-06, 2.55207828559e-06, 1.58419561558e-06, 1.04463958905e-06],
        "dvar": [3.34294190907e-06, 7.51979314373e-06, 9.37115714805e-07, 2.39995642914e-07, 2.25406424192e-07, 1.18403804095e-07, 1.99424988523e-07, 1.2693207907e-07, 1.00972783912e-07, 7.28575386688e-08, 5.02292429871e-08, 1.09116236047e-08, 7.30962623763e-09, 1.01937267516e-08, 5.08130737487e-09, 4.77315875713e-09, 7.54647988543e-09, 4.21333945511e-09, 1.40999800724e-09, 9.89586856903e-10, 5.28424581869e-10, 5.52049295166e-10, 1.01575903244e-09, 1.31021926641e-09, 8.03526245541e-10, 1.03111508221e-09, 7.27344240392e-10, 3.47966933045e-10, 3.79982878496e-10, 3.41169592577e-10, 3.16372567033e-10, 3.39265143756e-10, 2.63528532329e-10, 2.73661426853e-10, 1.54480664372e-10, 8.27814830573e-11, 3.80472320316e-11, 1.75950209264e-11, 6.15210616825e-12, 3.12045745146e-12],
        "dvar2": [9.47855096456e-06, 1.75669047167e-05, 2.23642155106e-06, 6.11456016486e-07, 4.38323809249e-07, 2.27688161658e-07, 3.9844186972e-07, 2.79508014955e-07, 2.31410936635e-07, 1.6252026569e-07, 1.1745361661e-07, 2.43103723818e-08, 1.60277551231e-08, 2.67353037486e-08, 1.22287282522e-08, 1.09937667858e-08, 1.77453767236e-08, 1.03530890527e-08, 3.48431861141e-09, 2.39659225798e-09, 1.31071398179e-09, 1.34012834163e-09, 2.44457809551e-09, 3.09856207359e-09, 1.91277149675e-09, 2.50456322348e-09, 1.67614866431e-09, 8.04604327609e-10, 8.73569272475e-10, 7.26118998262e-10, 6.46577624774e-10, 7.66955443599e-10, 5.89519211225e-10, 5.77842107496e-10, 3.10377529233e-10, 1.57528712297e-10, 7.5431758062e-11, 3.09107427154e-11, 1.11897140859e-11, 6.54323123461e-12],
        "max": [0.0310106277466, 0.0594418048859, 0.0158869158477, 0.0097487969324, 0.021034354344, 0.0184588730335, 0.0188504755497, 0.0121024623513, 0.00756811723113, 0.00796373281628, 0.00680178496987, 0.00275134062394, 0.00515460921451, 0.00581418909132, 0.00307192630135, 0.0014679961605, 0.00165640993509, 0.00135147292167, 0.000634655880276, 0.000740186485928, 0.000728457176592, 0.000475232693134, 0.000650224392302, 0.00131694786251, 0.000668066786602, 0.000733515480533, 0.000689011998475, 0.000431343825767, 0.000397541880375, 0.000554170866963, 0.000468421494588, 0.000423746532761, 0.000388852407923, 0.000440420699306, 0.000508683733642, 0.000310983130476, 0.000203849936952, 0.000149464525748, 6.71406887705e-05, 4.66176825284e-05],
        "mean": [0.000678440439515, 0.00100931513589, 0.000567645765841, 0.000427645427408, 0.000388885993743, 0.000285928632366, 0.000249945791438, 0.000261894136202, 0.000290649419185, 0.000240811845288, 0.000187054087291, 9.12335308385e-05, 5.06490432599e-05, 5.24081915501e-05, 5.04288036609e-05, 5.48162970517e-05, 7.41950934753e-05, 4.86915305373e-05, 3.4612698073e-05, 2.61337081611e-05, 1.97961871891e-05, 2.1024594389e-05, 2.77389735857e-05, 2.72596971627e-05, 2.13974981307e-05, 2.46536910709e-05, 2.62183111772e-05, 1.74586093635e-05, 1.48073995661e-05, 1.46728407344e-05, 1.57179965754e-05, 1.66280169651e-05, 1.3250371012e-05, 1.19654278024e-05, 8.98503640201e-06, 6.26951577942e-06, 4.28998009738e-06, 2.90156367555e-06, 1.72609315996e-06, 1.05942672235e-06],
        "median": [0.000123988706036, 0.000215243329876, 0.000223503724555, 0.000225534167839, 0.000211376434891, 0.000152466454892, 8.94261756912e-05, 9.46203726926e-05, 8.92627431313e-05, 6.93988695275e-05, 4.76081113447e-05, 3.64934749086e-05, 2.45037663262e-05, 1.74641572812e-05, 1.69781724253e-05, 1.66885038198e-05, 2.01030889002e-05, 1.58821585501e-05, 1.53903820319e-05, 1.08851500045e-05, 8.63619516167e-06, 1.01249852378e-05, 1.41519440149e-05, 1.55373854795e-05, 1.02077583506e-05, 1.10726850835e-05, 1.42541903188e-05, 8.47401497595e-06, 6.55474832456e-06, 6.87046849634e-06, 7.50330491428e-06, 9.02201645658e-06, 6.86367184244e-06, 5.92628111917e-06, 4.31339503848e-06, 2.88616342914e-06, 1.9462399905e-06, 1.22621395349e-06, 6.71813893405e-07, 4.2178453441e-07],
        "min": [3.85581158887e-25, 8.15043050754e-25, 1.52036974909e-24, 1.16093296902e-24, 9.64884566599e-25, 6.05679218597e-25, 1.13226172081e-24, 8.55525666777e-25, 1.21598540223e-24, 9.96583462961e-25, 1.53524589082e-24, 1.46475722464e-24, 1.6521397928e-24, 2.55444441822e-24, 2.03018501276e-24, 1.80555193962e-24, 2.80870395151e-24, 2.79972277011e-24, 2.81520475702e-24, 2.03408770487e-24, 2.07199523238e-24, 2.61031371689e-24, 2.65368055629e-24, 3.46138202373e-24, 2.94593873054e-24, 3.00924876248e-24, 3.34190272875e-24, 3.53942206093e-24, 3.71899914626e-24, 4.73024664598e-24, 3.91682692305e-24, 4.28901386472e-24, 4.73453607715e-24, 4.96778331416e-24, 4.23180922175e-24, 4.88947111995e-24, 4.59280341046e-24, 5.09478321458e-24, 5.38868951647e-24, 5.00332425895e-24],
        "var": [3.94716107621e-06, 8.75520890986e-06, 1.09652592073e-06, 3.95420045152e-07, 4.80830465222e-07, 2.53247264936e-07, 3.82197896442e-07, 2.67351964567e-07, 2.53715541021e-07, 2.01460025551e-07, 1.4005115645e-07, 3.08245660108e-08, 1.26005943457e-08, 1.40617029132e-08, 9.53619050392e-09, 1.13670006741e-08, 1.93670324222e-08, 9.21908771545e-09, 3.05297986891e-09, 2.21791340849e-09, 1.14259024464e-09, 1.08190401082e-09, 1.81288295487e-09, 1.99316763094e-09, 1.34152766673e-09, 1.59965618529e-09, 1.44504130883e-09, 7.74055819441e-10, 6.75331290889e-10, 7.06673775053e-10, 7.46190831347e-10, 6.89207968474e-10, 4.92806573327e-10, 5.05765873626e-10, 3.43612666098e-10, 1.80320203214e-10, 7.98244387257e-11, 3.64239541306e-11, 1.26115038551e-11, 5.18673125283e-12]
    },
    "mfcc": {
        "mean": [-651.333496094, 80.5707550049, 1.95926702023, 21.4300556183, -8.01414775848, 3.12407255173, -7.45133018494, 4.00507974625, -5.71423149109, 4.65785264969, 1.12308728695, -3.1088104248, -4.67163467407],
        "cov": [[23055.9394531, 1649.80969238, 279.251373291, 1039.14819336, -852.793395996, 319.074523926, -283.167114258, 165.438552856, -168.504089355, 229.656265259, 204.314956665, -126.419311523, -321.651977539], [1649.80969238, 1778.79699707, -353.82522583, -186.342956543, 123.896156311, -165.288238525, -90.2948303223, 9.30838489532, -71.7152175903, 63.4756507874, -11.2592868805, -31.7262172699, 44.7733268738], [279.251373291, -353.82522583, 839.250793457, 331.921722412, -40.1096611023, 102.392311096, 50.6724777222, 5.24584150314, 6.34450244904, -41.9221763611, 11.1732330322, 6.69004821777, -55.8723526001], [1039.14819336, -186.342956543, 331.921722412, 505.816650391, 41.9843177795, 59.0765266418, -10.3004360199, 12.3184194565, 11.4085073471, -38.7722549438, -25.8808879852, 7.8850069046, -7.28600549698], [-852.793395996, 123.896156311, -40.1096611023, 41.9843177795, 249.46244812, -17.3495368958, -24.4007415771, -17.1521949768, 18.7474594116, -14.1766633987, -47.9101829529, 8.53336334229, 49.5799446106], [319.074523926, -165.288238525, 102.392311096, 59.0765266418, -17.3495368958, 159.795593262, 62.9640197754, 28.6134910583, 26.9838638306, 20.6075305939, 20.0671482086, 6.0774269104, -21.091424942], [-283.167114258, -90.2948303223, 50.6724777222, -10.3004360199, -24.4007415771, 62.9640197754, 159.377059937, 58.5629501343, 12.877746582, 7.67696428299, 7.93830776215, 13.3086624146, -1.01748800278], [165.438552856, 9.30838489532, 5.24584150314, 12.3184194565, -17.1521949768, 28.6134910583, 58.5629501343, 111.841514587, 31.7415752411, 11.5174808502, 16.4270915985, 4.88683891296, -6.02652597427], [-168.504089355, -71.7152175903, 6.34450244904, 11.4085073471, 18.7474594116, 26.9838638306, 12.877746582, 31.7415752411, 93.2376327515, 28.1037502289, 5.9744887352, 3.17907357216, -3.76155996323], [229.656265259, 63.4756507874, -41.9221763611, -38.7722549438, -14.1766633987, 20.6075305939, 7.67696428299, 11.5174808502, 28.1037502289, 96.9702682495, 38.7623596191, -3.58111047745, -9.09734344482], [204.314956665, -11.2592868805, 11.1732330322, -25.8808879852, -47.9101829529, 20.0671482086, 7.93830776215, 16.4270915985, 5.9744887352, 38.7623596191, 103.089790344, 22.9968414307, -18.95520401], [-126.419311523, -31.7262172699, 6.69004821777, 7.8850069046, 8.53336334229, 6.0774269104, 13.3086624146, 4.88683891296, 3.17907357216, -3.58111047745, 22.9968414307, 63.5077095032, 27.6680927277], [-321.651977539, 44.7733268738, -55.8723526001, -7.28600549698, 49.5799446106, -21.091424942, -1.01748800278, -6.02652597427, -3.76155996323, -9.09734344482, -18.95520401, 27.6680927277, 83.6290283203]],
