{
"lowlevel": {
    "average_loudness": 0.965642511845,
    "barkbands_crest": {
        "dmean": 3.09968686104,
        "dmean2": 5.05867242813,
        "dvar": 7.17700433731,
        "dvar2": 17.7072677612,
        "max": 26.8817939758,
        "mean": 8.53819274902,
        "median": 7.78205442429,
        "min": 1.87379658222,
        "var": 17.0223178864
    },
    "barkbands_flatness_db": {
        "dmean": 0.0277189407498,
        "dmean2": 0.0451039411128,
        "dvar": 0.0007539006765,
        "dvar2": 0.00184718577657,
        "max": 0.596751570702,
        "mean": 0.113510333002,
        "median": 0.1073962152,
        "min": 0.0243834983557,
        "var": 0.0021139618475
    },
    "barkbands_kurtosis": {
        "dmean": 3.8623945713,
        "dmean2": 6.65566396713,
        "dvar": 2864.01708984,
        "dvar2": 7849.81347656,
        "max": 3484.43115234,
        "mean": 2.27307295799,
        "median": -0.560891747475,
        "min": -1.93928432465,
        "var": 1898.83032227
    },
    "barkbands_skewness": {
        "dmean": 0.769922673702,
        "dmean2": 1.2332918644,
        "dvar": 1.33473944664,
        "dvar2": 3.24003791809,
        "max": 57.9804000854,
        "mean": 1.03439879417,
        "median": 0.812825083733,
        "min": -3.63742589951,
        "var": 2.322006464
    },
    "barkbands_spread": {
        "dmean": 10.9193620682,
        "dmean2": 17.2651062012,
        "dvar": 99.5148925781,
        "dvar2": 213.285491943,
        "max": 105.300636292,
        "mean": 44.3601226807,
        "median": 44.5632705688,
        "min": 0.16089913249,
        "var": 382.308868408
    },
    "dissonance": {
        "dmean": 0.0108943618834,
        "dmean2": 0.0182024557143,
        "dvar": 0.000135654699989,
        "dvar2": 0.000352783448761,
        "max": 0.500000059605,
        "mean": 0.480773240328,
        "median": 0.485819578171,
        "min": 0.325351625681,
        "var": 0.000293049699394
    },
    "dynamic_complexity": 2.42111372948,
    "erbbands_crest": {
        "dmean": 1.87749278545,
        "dmean2": 3.08218693733,
        "dvar": 3.77937150002,
        "dvar2": 9.44328308105,
        "max": 28.531955719,
        "mean": 6.62860298157,
        "median": 5.79136896133,
        "min": 1.77344751358,
        "var": 9.55982112885
    },
    "erbbands_flatness_db": {
        "dmean": 0.0129720810801,
        "dmean2": 0.0199572648853,
        "dvar": 0.000143803175888,
        "dvar2": 0.000315850280458,
        "max": 0.265410542488,
        "mean": 0.137578636408,
        "median": 0.134893387556,
        "min": 0.0277149491012,
        "var": 0.000650309957564
    },
    "erbbands_kurtosis": {
        "dmean": 1.00016510487,
        "dmean2": 1.55686342716,
        "dvar": 2.1915102005,
        "dvar2": 4.85673809052,
        "max": 21.39412117,
        "mean": 0.477435767651,
        "median": -0.327260971069,
        "min": -1.8730430603,
        "var": 6.38204431534
    },
    "erbbands_skewness": {
        "dmean": 0.369407057762,
        "dmean2": 0.550436139107,
        "dvar": 0.111329488456,
        "dvar2": 0.242192834616,
        "max": 2.28329253197,
        "mean": -0.582537174225,
        "median": -0.492978453636,
        "min": -3.70153021812,
        "var": 0.606701612473
    },
    "erbbands_spread": {
        "dmean": 11.930929184,
        "dmean2": 18.8700504303,
        "dvar": 151.630432129,
        "dvar2": 361.55368042,
        "max": 161.215316772,
        "mean": 50.5879325867,
        "median": 47.8743209839,
        "min": 6.94247245789,
        "var": 386.101257324
    },
    "hfc": {
        "dmean": 10.7362356186,
        "dmean2": 14.4292173386,
        "dvar": 193.901489258,
        "dvar2": 342.814544678,
        "max": 222.50390625,
        "mean": 33.5999526978,
        "median": 24.6187858582,
        "min": 3.32199583397e-08,
        "var": 775.828857422
    },
    "melbands_crest": {
        "dmean": 4.65669965744,
        "dmean2": 7.927339077,
        "dvar": 15.0232982635,
        "dvar2": 41.2067527771,
        "max": 39.987827301,
        "mean": 15.1508951187,
        "median": 14.8850097656,
        "min": 2.73809814453,
        "var": 31.2098121643
    },
    "melbands_flatness_db": {
        "dmean": 0.040115095675,
        "dmean2": 0.065404817462,
        "dvar": 0.00139259756543,
        "dvar2": 0.00336353085004,
        "max": 0.579889297485,
        "mean": 0.145900592208,
        "median": 0.137048453093,
        "min": 0.0232874769717,
        "var": 0.00407815352082
    },
    "melbands_kurtosis": {
        "dmean": 14.1501026154,
        "dmean2": 23.9812011719,
        "dvar": 12981.9248047,
        "dvar2": 35810.5742188,
        "max": 7264.93994141,
        "mean": 15.9841146469,
        "median": 6.52856969833,
        "min": -1.86426997185,
        "var": 8890.99023438
    },
    "melbands_skewness": {
        "dmean": 1.23791980743,
        "dmean2": 2.00472402573,
        "dvar": 3.14179849625,
        "dvar2": 7.80487823486,
        "max": 82.8763809204,
        "mean": 2.99215722084,
        "median": 2.54172682762,
        "min": -1.29087257385,
        "var": 5.42927646637
    },
    "melbands_spread": {
        "dmean": 19.6667003632,
        "dmean2": 31.7625789642,
        "dvar": 449.514984131,
        "dvar2": 1052.12792969,
        "max": 227.399337769,
        "mean": 48.2891082764,
        "median": 41.5999755859,
        "min": 0.137924522161,
        "var": 1214.49560547
    },
    "pitch_salience": {
        "dmean": 0.108176894486,
        "dmean2": 0.18175573647,
        "dvar": 0.00995746068656,
        "dvar2": 0.0259534660727,
        "max": 0.883271753788,
        "mean": 0.522290945053,
        "median": 0.534969210625,
        "min": 0.00285715004429,
        "var": 0.0180558562279
    },
    "silence_rate_20dB": {
        "dmean": 0,
        "dmean2": 0,
        "dvar": 0,
        "dvar2": 0,
        "max": 1,
        "mean": 1,
        "median": 1,
        "min": 1,
        "var": 0
    },
    "silence_rate_30dB": {
        "dmean": 0,
        "dmean2": 0,
        "dvar": 0,
        "dvar2": 0,
        "max": 1,
        "mean": 1,
        "median": 1,
        "min": 1,
        "var": 0
    },
    "silence_rate_60dB": {
        "dmean": 0.0154043650255,
        "dmean2": 0.0308131240308,
        "dvar": 0.0151663189754,
        "dvar2": 0.0335693620145,
        "max": 1,
        "mean": 0.0315173976123,
        "median": 0,
        "min": 0,
        "var": 0.0305225607008
    },
    "spectral_centroid": {
        "dmean": 412.158203125,
        "dmean2": 640.831970215,
        "dvar": 154938.4375,
        "dvar2": 323555.40625,
        "max": 11206.7167969,
        "mean": 2369.10131836,
        "median": 2436.35839844,
        "min": 382.266479492,
        "var": 603418.5
    },
    "spectral_complexity": {
        "dmean": 5.67879056931,
        "dmean2": 8.71754646301,
        "dvar": 45.2188911438,
        "dvar2": 95.3380813599,
        "max": 59,
        "mean": 21.9739017487,
        "median": 21,
        "min": 0,
        "var": 148.73109436
    },
    "spectral_decrease": {
        "dmean": 2.27307084266e-09,
        "dmean2": 3.59607921219e-09,
        "dvar": 6.37784955446e-18,
        "dvar2": 1.63452874274e-17,
        "max": -2.96040987746e-19,
        "mean": -5.27544452567e-09,
        "median": -4.74687844587e-09,
        "min": -2.32677912493e-08,
        "var": 1.19267615647e-17
    },
    "spectral_energy": {
        "dmean": 0.00901596993208,
        "dmean2": 0.0139799509197,
        "dvar": 9.48493907345e-05,
        "dvar2": 0.000237502157688,
        "max": 0.088919505477,
        "mean": 0.0229584332556,
        "median": 0.020887658,
        "min": 4.13048414916e-12,
        "var": 0.000203887451789
    },
    "spectral_energyband_high": {
        "dmean": 0.00129521102645,
        "dmean2": 0.00172892189585,
        "dvar": 3.10609402732e-06,
        "dvar2": 5.1801380323e-06,
        "max": 0.0260414537042,
        "mean": 0.00319606042467,
        "median": 0.00210622930899,
        "min": 2.96837793061e-12,
        "var": 1.05537983472e-05
    },
    "spectral_energyband_low": {
        "dmean": 0.00790905114263,
        "dmean2": 0.0133653720841,
        "dvar": 0.000100180222944,
        "dvar2": 0.000270259130048,
        "max": 0.0863671675324,
        "mean": 0.0103923175484,
        "median": 0.00665224902332,
        "min": 3.3966282071e-14,
        "var": 0.000120471915579
    },
    "spectral_energyband_middle_high": {
        "dmean": 0.00179845129605,
        "dmean2": 0.0027912503574,
        "dvar": 6.11643690718e-06,
        "dvar2": 1.3909282643e-05,
        "max": 0.0449765473604,
        "mean": 0.00518851494417,
        "median": 0.00343819428235,
        "min": 4.40646109011e-13,
        "var": 2.91369833576e-05
    },
    "spectral_energyband_middle_low": {
        "dmean": 0.00317853083834,
        "dmean2": 0.00516876624897,
        "dvar": 1.79753715202e-05,
        "dvar2": 4.30093678006e-05,
        "max": 0.0419628061354,
        "mean": 0.00606308365241,
        "median": 0.00467713410035,
        "min": 3.48899986051e-14,
        "var": 2.78768166027e-05
    },
    "spectral_entropy": {
        "dmean": 0.125328421593,
        "dmean2": 0.19183845818,
        "dvar": 0.0145377395675,
        "dvar2": 0.0307746566832,
        "max": 9.80319595337,
        "mean": 8.00552082062,
        "median": 8.01430130005,
        "min": 6.97459030151,
        "var": 0.0603945814073
    },
    "spectral_flux": {
        "dmean": 0.0262668132782,
        "dmean2": 0.0412583611906,
        "dvar": 0.000641356804408,
        "dvar2": 0.00143784692045,
        "max": 0.249405220151,
        "mean": 0.0903023257852,
        "median": 0.0848293825984,
        "min": 2.03235936169e-06,
        "var": 0.00161143043078
    },
    "spectral_kurtosis": {
        "dmean": 0.632796406746,
        "dmean2": 1.07274675369,
        "dvar": 0.37461233139,
        "dvar2": 1.05554533005,
        "max": 7.88819026947,
        "mean": 1.50531589985,
        "median": 1.37574672699,
        "min": -1.18360602856,
        "var": 0.860994338989
    },
    "spectral_rms": {
        "dmean": 0.000899285019841,
        "dmean2": 0.00135702395346,
        "dvar": 7.0824745535e-07,
        "dvar2": 1.63228401107e-06,
        "max": 0.00931400805712,
        "mean": 0.00447906274348,
        "median": 0.00451422203332,
        "min": 6.34802361787e-08,
        "var": 2.33645528169e-06
    },
    "spectral_rolloff": {
        "dmean": 1168.26733398,
        "dmean2": 1871.16589355,
        "dvar": 1623972.125,
        "dvar2": 3272105.5,
        "max": 15267.0410156,
        "mean": 3457.92675781,
        "median": 3509.91210938,
        "min": 21.533203125,
        "var": 5577282.5
    },
    "spectral_skewness": {
        "dmean": 0.13939870894,
        "dmean2": 0.218413129449,
        "dvar": 0.0166224837303,
        "dvar2": 0.0380502194166,
        "max": 2.11872386932,
        "mean": 0.82112634182,
        "median": 0.828068852425,
        "min": -0.0259964633733,
        "var": 0.0705747902393
    },
    "spectral_spread": {
        "dmean": 512510.3125,
        "dmean2": 783368.0625,
        "dvar": 488637005824,
        "dvar2": 878669791232,
        "max": 38855136,
        "mean": 5194185.5,
        "median": 4961123.5,
        "min": 2122985.75,
        "var": 1.50565512806e+12
    },
    "spectral_strongpeak": {
        "dmean": 0.499061763287,
        "dmean2": 0.867361843586,
        "dvar": 1.02837336063,
        "dvar2": 2.7522444725,
        "max": 15.3895435333,
        "mean": 0.686400532722,
        "median": 0.315437793732,
        "min": 0,
        "var": 1.39975094795
    },
    "zerocrossingrate": {
        "dmean": 0.0190792530775,
        "dmean2": 0.0223696194589,
        "dvar": 0.000344344531186,
        "dvar2": 0.000422023265855,
        "max": 0.44775390625,
        "mean": 0.108212441206,
        "median": 0.1044921875,
        "min": 0,
        "var": 0.00275233038701
    },
    "barkbands": {
        "dmean": [4.52540625702e-05, 0.0035180808045, 0.00383634399623, 0.0023968166206, 0.000703795521986, 0.000483366951812, 0.000506545358803, 0.000201006259886, 0.000333288364345, 0.000329517701175, 0.000423199788202, 0.000216993095819, 0.000297739054076, 0.00025763612939, 0.000247317337198, 0.000208735698834, 0.000250781973591, 0.000390388595406, 0.000367695698515, 0.000418410345446, 0.000403259356972, 0.00038153884816, 0.000311297742883, 0.000170748258824, 0.000100314653537, 3.35125223501e-05, 2.04377627711e-07],
        "dmean2": [7.51361440052e-05, 0.00621671276167, 0.00642323959619, 0.00410534907132, 0.00122999248561, 0.000793652667198, 0.000786895805504, 0.000321289437125, 0.000515371852089, 0.000526955351233, 0.000670684035867, 0.000356343458407, 0.000486656877911, 0.000412223336753, 0.000413067056797, 0.000340477825375, 0.000422885175794, 0.000629735179245, 0.000584030873142, 0.000685981241986, 0.000610002840403, 0.00051415793132, 0.000446162099252, 0.000242353227804, 0.00014325423399, 4.62844909634e-05, 3.36639487841e-07],
        "dvar": [5.70527980415e-09, 4.65041885036e-05, 2.28020926443e-05, 1.48016915773e-05, 1.20549998428e-06, 1.04956757241e-06, 1.54345457304e-06, 2.30221957054e-07, 5.65538357478e-07, 5.63331468584e-07, 1.56007945407e-06, 4.26019170163e-07, 4.19466402946e-07, 4.25947604299e-07, 4.5505433377e-07, 4.27521229085e-07, 1.44115588796e-07, 3.79347483204e-07, 2.78357930483e-07, 4.60100636701e-07, 3.23368681165e-07, 3.09200231641e-07, 2.30265058576e-07, 6.17499864575e-08, 3.87196266161e-08, 4.94698948472e-09, 5.84277147064e-13],
        "dvar2": [1.41953897526e-08, 0.000136454880703, 5.61465858482e-05, 3.7923688069e-05, 3.49801030097e-06, 2.65863286586e-06, 3.80017058887e-06, 5.66532094126e-07, 1.30626119699e-06, 1.25634096548e-06, 4.04040929425e-06, 9.83639097285e-07, 9.510758332e-07, 8.96660367289e-07, 1.14970373488e-06, 1.1580135606e-06, 3.80928241839e-07, 9.0760323701e-07, 6.89608555149e-07, 1.08931874365e-06, 7.16528688827e-07, 4.90624302074e-07, 4.49997827445e-07, 1.17773893749e-07, 6.8323899427e-08, 8.57435367152e-09, 1.39364919344e-12],
        "max": [0.00277359527536, 0.0571142137051, 0.0442072562873, 0.0382818281651, 0.014124118723, 0.02284453623, 0.0280545912683, 0.0126329492778, 0.0200155675411, 0.0234038252383, 0.0393524505198, 0.0173202697188, 0.0251730959862, 0.0253733433783, 0.0250352174044, 0.0262044835836, 0.00639575114474, 0.010153291747, 0.0158364214003, 0.0135057922453, 0.00829431880265, 0.00865066517144, 0.00958739593625, 0.00631065433845, 0.00627584150061, 0.00164802803192, 2.86724116449e-05],
        "mean": [5.89995652263e-05, 0.00408296333626, 0.00445521809161, 0.00245498865843, 0.00110008299816, 0.00076506024925, 0.000824483693577, 0.000301864463836, 0.000527346914168, 0.000524949689861, 0.00068708852632, 0.000320659863064, 0.000454302760772, 0.000441620097263, 0.000362240418326, 0.000344995496562, 0.000405181315728, 0.000656364427414, 0.000666694482788, 0.000689447682817, 0.000746212492231, 0.000808455690276, 0.000616478384472, 0.000412327353843, 0.000195004293346, 5.51805824216e-05, 1.87914366734e-07],
        "median": [3.04180302919e-05, 0.00156411249191, 0.00248927343637, 0.0011742078932, 0.00058323238045, 0.000279449101072, 0.000278385647107, 0.000119266260299, 0.00020517622761, 0.000217850436457, 0.000191747501958, 0.000113254442113, 0.000155787085532, 0.000141281721881, 0.000153960456373, 0.000143977857078, 0.000226943549933, 0.000341241859132, 0.000401048047934, 0.000362246850273, 0.000478551490232, 0.000464480079245, 0.000379027507734, 0.00024613700225, 4.76432105643e-05, 9.01543171494e-06, 3.76790776357e-09],
        "min": [3.98646231043e-14, 9.67634175911e-15, 2.6480547508e-15, 3.6289144568e-15, 2.05320320546e-15, 7.12623641602e-15, 5.96562001323e-15, 8.9111770873e-15, 5.8564315371e-15, 7.71199950959e-15, 2.85245189014e-14, 2.87644121846e-14, 3.93544551602e-14, 3.82380284662e-14, 4.03720636023e-14, 2.92677394906e-14, 6.8532270245e-14, 3.73529806803e-14, 5.53125863796e-14, 7.37017190984e-14, 1.91399345917e-13, 1.86067619103e-13, 1.18281252848e-13, 2.30704181887e-13, 3.20188916613e-13, 3.86873882539e-13, 5.80948537974e-13],
        "var": [7.16965375958e-09, 4.94677879033e-05, 2.69704833045e-05, 1.37877232191e-05, 1.96527821572e-06, 2.10020925806e-06, 3.77654919248e-06, 3.45634845189e-07, 1.03989611944e-06, 1.43791294249e-06, 4.05819537264e-06, 8.66302116265e-07, 1.28775093344e-06, 1.41714951951e-06, 7.61233479807e-07, 9.04545402136e-07, 2.58230159034e-07, 7.64367371175e-07, 5.47474144241e-07, 8.17084867322e-07, 6.44188787646e-07, 9.50479147832e-07, 5.54213897885e-07, 2.17686448423e-07, 1.0674678208e-07, 1.09784821234e-08, 6.49938056933e-13]
    },
    "erbbands": {
        "dmean": [0.0624063499272, 0.938062250614, 3.65508437157, 7.68139457703, 3.25255393982, 2.67773008347, 2.97155714035, 4.19752836227, 5.80679178238, 7.63505744934, 4.226811409, 8.94329071045, 6.19021320343, 12.436457634, 17.0951442719, 10.2657833099, 15.5319623947, 11.7364330292, 11.5267429352, 15.9698734283, 7.99189519882, 12.606801033, 17.669593811, 20.2385730743, 17.7400436401, 21.6802654266, 17.2349205017, 15.1911907196, 15.0992269516, 12.2313480377, 7.36575222015, 4.35695457458, 2.47003889084, 1.17159831524, 0.700746893883, 0.252757996321, 0.0432909987867, 0.00212884810753, 7.96347740106e-05, 1.5152099877e-05],
        "dmean2": [0.102480351925, 1.66007196903, 6.15419483185, 12.9608469009, 5.70485782623, 4.59797954559, 5.03598690033, 6.77974843979, 9.54037380219, 11.3688926697, 6.71836566925, 13.6947364807, 9.9317150116, 19.8297080994, 27.0992851257, 16.741859436, 25.2739028931, 19.1426086426, 18.685541153, 26.3754062653, 13.0378274918, 21.1268119812, 28.4854068756, 32.5374603271, 28.6255912781, 35.3357963562, 27.1269111633, 22.831413269, 20.4414520264, 16.6364021301, 10.6819190979, 6.26598119736, 3.60190439224, 1.67345881462, 1.0043617487, 0.358770489693, 0.0584778487682, 0.00285016186535, 0.000109308115498, 2.16317857848e-05],
        "dvar": [0.0190134737641, 3.30971503258, 26.3291835785, 141.941436768, 33.2285995483, 21.0139808655, 28.0749912262, 89.7481994629, 223.29510498, 365.840179443, 95.0709838867, 443.835144043, 188.919769287, 797.963867188, 3038.1640625, 956.567321777, 1162.58312988, 594.142822266, 757.912963867, 2595.09130859, 203.198944092, 344.619812012, 759.789672852, 1192.5324707, 604.538452148, 1254.92687988, 746.372558594, 459.578125, 542.825927734, 357.752746582, 121.981216431, 36.9145507812, 15.962223053, 5.1882352829, 2.0130636692, 0.241730511189, 0.00959346722811, 2.31199246628e-05, 4.64061642447e-08, 3.23921861556e-10],
        "dvar2": [0.0468261353672, 9.68258857727, 66.6045684814, 360.133880615, 91.9555358887, 61.4167289734, 75.8051376343, 225.703063965, 574.261108398, 815.348144531, 218.20916748, 1016.17706299, 408.249298096, 1837.40759277, 7786.55273438, 2171.75830078, 2647.97265625, 1395.11437988, 1700.43286133, 6655.50488281, 496.5128479, 892.838500977, 1867.9675293, 2900.96826172, 1511.5949707, 2917.48046875, 1695.77587891, 1029.6472168, 875.172607422, 647.527404785, 230.661773682, 70.8573303223, 32.0692977905, 9.65512657166, 3.55708456039, 0.438711792231, 0.0156499240547, 3.81328500225e-05, 9.13388902291e-08, 5.99627236753e-10],
        "max": [1.41393089294, 16.1355438232, 43.4383163452, 97.095741272, 66.0656509399, 77.0154647827, 91.2462692261, 250.988128662, 315.82913208, 423.892608643, 240.413833618, 623.098999023, 404.834503174, 879.125610352, 1793.36120605, 866.584838867, 1351.73999023, 625.905334473, 893.137084961, 1870.24865723, 378.024963379, 284.596099854, 653.256347656, 1074.83947754, 324.020050049, 671.265686035, 418.402069092, 241.601257324, 350.635986328, 282.392883301, 335.983306885, 157.613357544, 105.189308167, 76.9467315674, 50.4044151306, 12.8383398056, 1.67575109005, 0.113739266992, 0.00777964713052, 0.000389020860894],
        "mean": [0.0790790617466, 1.07282948494, 4.38272571564, 8.37614631653, 4.18801355362, 4.38376140594, 4.63533210754, 6.57167053223, 8.10480690002, 13.9186487198, 6.83123016357, 14.2307691574, 10.2136116028, 21.1455898285, 27.9944133759, 16.8225593567, 24.7259082794, 20.170791626, 19.0191955566, 27.2344589233, 14.4934501648, 22.1035861969, 32.1521224976, 34.9634628296, 34.0419540405, 36.6438713074, 30.6458854675, 29.4516105652, 30.0683784485, 23.3589363098, 15.9752988815, 10.6740541458, 5.37625026703, 2.34022212029, 1.30324113369, 0.428508192301, 0.0704461857677, 0.00345311057754, 0.000137266761158, 4.24737700087e-05],
        "median": [0.0307759642601, 0.425171256065, 2.53831148148, 4.26595783234, 2.53113174438, 1.94600963593, 2.3213019371, 2.41428399086, 3.11520934105, 3.7787938118, 3.4112830162, 5.16975879669, 5.85062980652, 9.05232429504, 8.43157672882, 7.03380966187, 9.31652832031, 7.66101837158, 8.23223686218, 9.85785961151, 7.96940898895, 13.8267364502, 18.531539917, 18.9801979065, 21.0613822937, 18.9706535339, 18.3532218933, 19.1369495392, 16.5602493286, 13.5469799042, 10.1843299866, 7.0789937973, 2.52311372757, 0.704305410385, 0.257461577654, 0.0727679729462, 0.0104137193412, 0.000416912604123, 3.91219109588e-05, 3.58193283319e-05],
        "min": [7.66703757774e-13, 7.31319735672e-13, 2.58645535545e-12, 1.05569676265e-11, 4.79031311146e-12, 9.85053531799e-12, 1.91745057332e-11, 8.17701462097e-11, 9.1294159732e-11, 1.37351227614e-10, 1.63114161067e-10, 1.01683675369e-10, 1.92381971464e-10, 6.48679665538e-10, 1.11566378358e-09, 1.15575071735e-09, 1.65932234619e-09, 2.43184405946e-09, 1.81043124936e-09, 2.06163863758e-09, 1.8959136483e-09, 4.06914857365e-09, 2.09872430545e-09, 2.76436940005e-09, 3.3228935159e-09, 3.44774786498e-09, 6.83364431708e-09, 6.90061296993e-09, 6.91446322421e-09, 5.34035393684e-09, 3.40481465244e-09, 4.46297443446e-09, 2.81099366006e-09, 2.82538059615e-09, 2.69543920517e-09, 1.59051527504e-09, 6.4239730202e-10, 3.86441573186e-10, 8.94819982e-11, 5.72997899129e-12],
        "var": [0.0228128507733, 3.30088114738, 28.3617973328, 138.641815186, 30.5345096588, 44.0156555176, 47.1108512878, 163.424194336, 381.078186035, 1215.76977539, 140.815139771, 822.778442383, 366.248382568, 2301.15039062, 7616.26464844, 2041.18566895, 3520.95458984, 1683.74914551, 1714.2208252, 7202.43994141, 467.147369385, 656.432312012, 1528.52294922, 2021.93713379, 1319.13049316, 2354.96240234, 1271.14404297, 1011.22290039, 1438.49645996, 875.997070312, 342.105895996, 126.094558716, 48.4420318604, 14.0336809158, 5.22672224045, 0.569712460041, 0.0209070704877, 5.23701564816e-05, 8.37218365746e-08, 9.94238136265e-10]
    },
    "gfcc": {
        "mean": [18.5549545288, 58.9605827332, -122.028396606, 70.7301559448, -69.2833328247, 29.7574863434, -32.20079422, 11.0777292252, -26.3269443512, -2.0077278614, -15.861413002, -3.89725518227, -14.6953649521],
        "cov": [[4747.35253906, -421.469726562, -328.979400635, -342.577697754, -193.092926025, -4.25077772141, -311.347229004, 18.3419456482, -217.82925415, 155.455291748, -128.902145386, 75.2917327881, -115.890983582], [-421.469726562, 1476.55578613, -355.348571777, -66.338760376, 116.596794128, -60.8084487915, 229.744277954, -94.7484283447, 197.899230957, -117.038139343, 234.980743408, -83.612991333, 164.465316772], [-328.979400635, -355.348571777, 512.03503418, 134.016921997, -2.18713355064, 35.8491439819, -29.9805526733, 30.1389579773, -57.520980835, 14.4299764633, -96.7440185547, 30.1023845673, -64.2947387695], [-342.577697754, -66.338760376, 134.016921997, 404.256408691, 55.5772361755, -6.25594615936, 23.9807071686, -37.52942276, 52.0195960999, -95.3640899658, -22.3001346588, -41.5737915039, -3.63872742653], [-193.092926025, 116.596794128, -2.18713355064, 55.5772361755, 162.725830078, 34.5940437317, 45.6768875122, 12.5074567795, 33.668346405, -7.96418237686, 14.6508626938, -13.4746513367, 25.0649089813], [-4.25077772141, -60.8084487915, 35.8491439819, -6.25594615936, 34.5940437317, 104.057830811, 49.3684692383, 38.5555229187, 4.13742160797, 17.085767746, 1.04820787907, -6.67606878281, -12.0444803238], [-311.347229004, 229.744277954, -29.9805526733, 23.9807071686, 45.6768875122, 49.3684692383, 162.492233276, 40.5318641663, 56.871006012, -17.6884479523, 57.2511863708, -33.1159248352, 20.772518158], [18.3419456482, -94.7484283447, 30.1389579773, -37.52942276, 12.5074567795, 38.5555229187, 40.5318641663, 103.643478394, 21.7560424805, 43.5680465698, 2.00659322739, 1.99532699585, -14.1174125671], [-217.82925415, 197.899230957, -57.520980835, 52.0195960999, 33.668346405, 4.13742160797, 56.871006012, 21.7560424805, 116.955978394, -6.10729169846, 47.2229385376, -26.4832286835, 19.2215843201], [155.455291748, -117.038139343, 14.4299764633, -95.3640899658, -7.96418237686, 17.085767746, -17.6884479523, 43.5680465698, -6.10729169846, 100.683914185, 14.889872551, 19.8214435577, -13.8157157898], [-128.902145386, 234.980743408, -96.7440185547, -22.3001346588, 14.6508626938, 1.04820787907, 57.2511863708, 2.00659322739, 47.2229385376, 14.889872551, 117.778327942, 14.127163887, 48.332901001], [75.2917327881, -83.612991333, 30.1023845673, -41.5737915039, -13.4746513367, -6.67606878281, -33.1159248352, 1.99532699585, -26.4832286835, 19.8214435577, 14.127163887, 79.9913024902, 27.2510242462], [-115.890983582, 164.465316772, -64.2947387695, -3.63872742653, 25.0649089813, -12.0444803238, 20.772518158, -14.1174125671, 19.2215843201, -13.8157157898, 48.332901001, 27.2510242462, 89.3979110718]],
        "icov": [[0.000374885858037, -0.000452128064353, 0.000616965757217, -0.000506413925905, 0.000422017968958, -0.000630640657619, 0.000825943716336, -0.000713170797098, 0.000950931222178, -0.000896935234778, 0.000835182901938, -0.000783826340921, 0.00067736080382], [-0.000452128064353, 0.00367967924103, -0.00140397413634, 0.00336751318537, -0.00200173491612, 0.0028881074395, -0.00319520477206, 0.00408413074911, -0.0043576285243, 0.00457166787237, -0.00476865144446, 0.00431261630729, -0.00298353820108], [0.000616965757217, -0.00140397413634, 0.00457115704194, -0.00321199395694, 0.00110184506048, -0.00193036161363, 0.000675097748172, -0.00219265231863, 0.00331398355775, -0.0038994550705, 0.00468726409599, -0.00490403268486, 0.00311294477433], [-0.000506413925905, 0.00336751318537, -0.00321199395694, 0.00772438943386, -0.00296155037358, 0.00283949379809, -0.00216118618846, 0.00454050628468, -0.00648746965453, 0.00833125971258, -0.00517141446471, 0.00554627832025, -0.00262759067118], [0.000422017968958, -0.00200173491612, 0.00110184506048, -0.00296155037358, 0.00907328166068, -0.00416981009766, 0.00117261626292, -0.00233336817473, 0.00162465369795, -0.00363398436457, 0.00369899021462, -0.00149094336666, -0.00130137929227], [-0.000630640657619, 0.0028881074395, -0.00193036161363, 0.00283949379809, -0.00416981009766, 0.0165384355932, -0.00753689138219, 0.00118368526455, -0.00217141839676, 0.00200018775649, -0.00298500456847, 0.00284080090933, -0.000544130511116], [0.000825943716336, -0.00319520477206, 0.000675097748172, -0.00216118618846, 0.00117261626292, -0.00753689138219, 0.017662089318, -0.00956459809095, 0.00317124975845, 0.00181409763172, -0.00328965811059, 0.00246009090915, 0.00101505126804], [-0.000713170797098, 0.00408413074911, -0.00219265231863, 0.00454050628468, -0.00233336817473, 0.00118368526455, -0.00956459809095, 0.0219577867538, -0.00931885559112, -0.0020590017084, -0.000819451350253, 0.00145227229223, -0.00164080678951], [0.000950931222178, -0.0043576285243, 0.00331398355775, -0.00648746965453, 0.00162465369795, -0.00217141839676, 0.00317124975845, -0.00931885559112, 0.0204168427736, -0.00641423324123, 0.0013333694078, -0.00123264896683, 0.00268601789139], [-0.000896935234778, 0.00457166787237, -0.0038994550705, 0.00833125971258, -0.00363398436457, 0.00200018775649, 0.00181409763172, -0.0020590017084, -0.00641423324123, 0.0260022766888, -0.0132669461891, 0.00578924687579, -0.000691318011377], [0.000835182901938, -0.00476865144446, 0.00468726409599, -0.00517141446471, 0.00369899021462, -0.00298500456847, -0.00328965811059, -0.000819451350253, 0.0013333694078, -0.0132669461891, 0.0257003288716, -0.0118621233851, -0.000404070306104], [-0.000783826340921, 0.00431261630729, -0.00490403268486, 0.00554627832025, -0.00149094336666, 0.00284080090933, 0.00246009090915, 0.00145227229223, -0.00123264896683, 0.00578924687579, -0.0118621233851, 0.0280455928296, -0.0127689139917], [0.00067736080382, -0.00298353820108, 0.00311294477433, -0.00262759067118, -0.00130137929227, -0.000544130511116, 0.00101505126804, -0.00164080678951, 0.00268601789139, -0.000691318011377, -0.000404070306104, -0.0127689139917, 0.0229077469558]]
    },
    "melbands": {
        "dmean": [0.000758511770982, 0.00169873610139, 0.00111740129068, 0.000181306517334, 0.000105053673906, 9.43453123909e-05, 9.20074453461e-05, 7.33142587706e-05, 3.85731582355e-05, 5.2943960327e-05, 3.11769836117e-05, 5.02213551954e-05, 6.41816150164e-05, 2.61686109297e-05, 3.04162695102e-05, 3.02969219774e-05, 2.21877999138e-05, 2.03989875445e-05, 1.7414418835e-05, 1.89877591765e-05, 9.77589115791e-06, 1.29858817672e-05, 1.87509813259e-05, 1.91700364667e-05, 1.75493896677e-05, 1.41661130328e-05, 1.34082210934e-05, 1.52845659613e-05, 1.10672726805e-05, 1.05226909e-05, 9.48404522205e-06, 9.47882745095e-06, 7.34231070965e-06, 7.87889530329e-06, 4.80019934912e-06, 3.37281835527e-06, 2.56658904618e-06, 1.92261700249e-06, 1.46764614328e-06, 9.20374361613e-07],
        "dmean2": [0.0013245526934, 0.00288626924157, 0.00187043962069, 0.000320024322718, 0.000177464171429, 0.000153273111209, 0.00014793095761, 0.000109975524538, 6.06727044214e-05, 8.1882768427e-05, 5.02095062984e-05, 8.00460475148e-05, 0.000102074875031, 4.22895645897e-05, 4.94991763844e-05, 4.94461819471e-05, 3.62460123142e-05, 3.27035741066e-05, 2.91335309157e-05, 3.06662805087e-05, 1.61600219144e-05, 2.20656111196e-05, 3.09008028125e-05, 3.10283357976e-05, 2.84756115434e-05, 2.24633695325e-05, 2.23547685891e-05, 2.50475914072e-05, 1.76768608071e-05, 1.65295823535e-05, 1.48690241986e-05, 1.31341048473e-05, 1.04216278487e-05, 1.13858777695e-05, 7.23064886188e-06, 4.83162284581e-06, 3.85496196031e-06, 2.88373780677e-06, 2.11611563827e-06, 1.36291782837e-06],
        "dvar": [2.27997247748e-06, 6.38561095911e-06, 2.89630611405e-06, 7.81829783136e-08, 3.05643901299e-08, 4.30864162126e-08, 5.84235699819e-08, 3.39755459322e-08, 7.42615036131e-09, 1.61522510922e-08, 5.22066967434e-09, 1.42913378909e-08, 3.86894143389e-08, 4.40211556096e-09, 5.01432673161e-09, 4.45323644627e-09, 2.62513433213e-09, 3.18351633943e-09, 2.10932160627e-09, 3.82996967474e-09, 3.14849646355e-10, 4.43597686361e-10, 9.4057694966e-10, 1.05481967605e-09, 1.00680608295e-09, 3.86448345546e-10, 4.48004300324e-10, 6.9163463845e-10, 3.83596071574e-10, 2.01080888051e-10, 2.0857908456e-10, 2.05058733882e-10, 1.33097657895e-10, 1.77964865067e-10, 5.33507960032e-11, 2.48552341903e-11, 1.25423794614e-11, 9.41694985879e-12, 6.5416899328e-12, 3.70254825063e-12],
        "dvar2": [6.35692140349e-06, 1.70720759343e-05, 7.23331186236e-06, 2.28092787324e-07, 8.32747204527e-08, 1.09372010115e-07, 1.49211857092e-07, 7.72152688455e-08, 1.70413443357e-08, 3.75324091806e-08, 1.10411368937e-08, 3.2752577539e-08, 1.00391254421e-07, 9.96728477531e-09, 1.22240688682e-08, 9.45612033121e-09, 5.97729776786e-09, 6.76232048136e-09, 5.39637889929e-09, 9.84320180919e-09, 7.94402044146e-10, 1.16678811057e-09, 2.44005882166e-09, 2.52277487789e-09, 2.47281772836e-09, 9.57037893379e-10, 1.11534115277e-09, 1.5949002119e-09, 8.98742857913e-10, 4.69773941969e-10, 5.11270581427e-10, 3.54226648014e-10, 2.55448412423e-10, 3.6920785873e-10, 1.10716130708e-10, 4.93441364158e-11, 2.61385132289e-11, 2.01293599844e-11, 1.34361159351e-11, 7.05243242277e-12],
        "max": [0.0133106475696, 0.0236631911248, 0.0150185981765, 0.00350579828955, 0.0026830425486, 0.00533445179462, 0.00526350084692, 0.00388499558903, 0.001897623064, 0.00392732955515, 0.00212171394378, 0.00371628138237, 0.00619465298951, 0.00179632392246, 0.00157387997024, 0.00292151211761, 0.00162886257749, 0.00207465491258, 0.001668594894, 0.00256577227265, 0.00032924770494, 0.000341861537891, 0.000470262399176, 0.000601501378696, 0.00109755562153, 0.000291549658868, 0.000492613355163, 0.000588780269027, 0.000298920786008, 0.000187880054, 0.000204362062505, 0.000242690890445, 0.000244182214374, 0.000178802816663, 0.000249433593126, 0.000129396183183, 8.0386416812e-05, 7.5038333307e-05, 7.10267850081e-05, 6.474199472e-05],
        "mean": [0.000927154731471, 0.0020811764989, 0.00130529655144, 0.000279352854704, 0.000175932393176, 0.000147059938172, 0.000134746354888, 0.000132500077598, 6.01726715104e-05, 8.2491817011e-05, 4.83185394842e-05, 8.1967918959e-05, 0.000103556543763, 3.95213428419e-05, 4.81603528897e-05, 4.74984299217e-05, 3.67365755665e-05, 3.19735408993e-05, 2.79889864032e-05, 3.26278059219e-05, 1.5232959413e-05, 2.06323657039e-05, 3.07289519696e-05, 3.06800320686e-05, 2.7698060876e-05, 2.54996284639e-05, 2.27756700042e-05, 2.41071338678e-05, 1.79861108336e-05, 1.81622071977e-05, 1.70805942616e-05, 1.79620783456e-05, 1.40965466926e-05, 1.29037443912e-05, 9.63135244092e-06, 7.13916142558e-06, 6.01058945904e-06, 3.85895191357e-06, 2.86397516902e-06, 1.67566668097e-06],
        "median": [0.000364979496226, 0.00124461611267, 0.000717365648597, 0.000157448288519, 9.1978625278e-05, 5.38352687727e-05, 4.83449621242e-05, 3.81240606657e-05, 2.80828353425e-05, 3.00005485769e-05, 2.5554716558e-05, 3.43847641489e-05, 2.88966130029e-05, 1.50959458551e-05, 1.86857723747e-05, 1.6946472897e-05, 1.1805757822e-05, 1.13583673738e-05, 1.24367988974e-05, 1.09321445052e-05, 7.5737680163e-06, 1.08521544462e-05, 1.56894093379e-05, 1.38858922583e-05, 1.39112280522e-05, 1.46146139741e-05, 1.39538778967e-05, 1.12783691293e-05, 1.00537527032e-05, 1.10234077511e-05, 1.01199457276e-05, 9.53968083195e-06, 7.94951665739e-06, 7.12668406777e-06, 6.03193393545e-06, 4.63302467324e-06, 3.95707138523e-06, 1.78909147053e-06, 1.01827708932e-06, 4.45858773901e-07],
        "min": [6.81331915189e-15, 1.14199618339e-15, 1.51584232735e-15, 4.29637107234e-16, 5.73303927135e-16, 1.68341763157e-15, 1.36566709157e-15, 1.75938378144e-15, 1.33047636662e-15, 6.14488733673e-16, 9.48394944832e-16, 2.3711944087e-15, 3.75971074342e-15, 2.88676705831e-15, 3.63487079249e-15, 3.87484284974e-15, 4.59564925313e-15, 2.66073695161e-15, 2.89449665747e-15, 2.63773344258e-15, 1.99468762837e-15, 5.01721924504e-15, 1.72193592545e-15, 1.97185289066e-15, 2.25746456542e-15, 2.09658569192e-15, 3.31856709064e-15, 1.9016188245e-15, 4.46208401581e-15, 3.54798681144e-15, 3.93766813047e-15, 3.47682206783e-15, 4.32028519472e-15, 2.32303571521e-15, 1.88258451186e-15, 2.03003219567e-15, 2.67034823446e-15, 1.88044215378e-15, 1.92611078217e-15, 2.51846230976e-15],
        "var": [2.67552422883e-06, 6.63934088152e-06, 2.9860984796e-06, 1.19673103427e-07, 5.61818929157e-08, 7.94786672031e-08, 1.11376323275e-07, 1.05493747071e-07, 1.12801403773e-08, 2.83478165386e-08, 9.9718535651e-09, 3.99004633778e-08, 9.71430509367e-08, 9.71162172902e-09, 9.98999905022e-09, 1.47826231256e-08, 7.92402854444e-09, 7.78243336441e-09, 4.8458432822e-09, 1.11474927067e-08, 5.35824329351e-10, 7.65984664586e-10, 1.62748448052e-09, 2.12007700284e-09, 1.53045076612e-09, 8.55499282526e-10, 8.0641643363e-10, 1.20589815911e-09, 5.58551371821e-10, 3.89287740932e-10, 4.06568667621e-10, 5.29931265536e-10, 3.18448961645e-10, 3.24658327999e-10, 1.32065733349e-10, 6.71828773169e-11, 4.05082113686e-11, 2.58470259085e-11, 1.80621038959e-11, 8.64459111932e-12]
    },
    "mfcc": {
        "mean": [-611.471313477, 67.4097671509, 11.1550703049, 37.4786567688, -0.666161596775, 16.834897995, 5.49798965454, 13.2974596024, -2.40575051308, 4.43630504608, -0.944327354431, 1.13863885403, -4.54813718796],
        "cov": [[3578.55322266, -189.491149902, -311.775482178, -323.199371338, -54.5084877014, -125.155105591, -86.1925354004, -193.902099609, -84.6854248047, -94.6904602051, 16.1685695648, -60.4713516235, 13.8388738632], [-189.491149902, 1183.92407227, -277.905883789, -75.5169525146, -83.1257858276, 14.0941991806, 49.555141449, 36.0737380981, -12.1893129349, 58.5882530212, 2.78480839729, 62.1352577209, 46.7607002258], [-311.775482178, -277.905883789, 395.806945801, 103.025352478, 33.1265792847, 30.8457660675, -4.03381729126, 26.6110401154, 11.986828804, -19.2479381561, 1.57604444027, -10.0544271469, -24.4715461731], [-323.199371338, -75.5169525146, 103.025352478, 289.868164062, 77.6079177856, 63.3605194092, -18.2876415253, 60.0844345093, 13.0105934143, 5.76798009872, -20.709487915, -2.9889831543, -34.5941390991], [-54.5084877014, -83.1257858276, 33.1265792847, 77.6079177856, 129.235519409, 38.3075180054, -3.37574386597, 9.63704395294, 22.2526626587, -4.76560974121, -5.63800811768, -8.63006401062, -2.96108436584], [-125.155105591, 14.0941991806, 30.8457660675, 63.3605194092, 38.3075180054, 90.8389968872, 22.8072128296, 34.624382019, 9.45783233643, 8.94437408447, -0.625905930996, -1.82076203823, -11.8381004333], [-86.1925354004, 49.555141449, -4.03381729126, -18.2876415253, -3.37574386597, 22.8072128296, 114.268203735, 28.4800338745, 23.1551895142, 17.4995346069, 27.0998096466, 16.860666275, 11.4574069977], [-193.902099609, 36.0737380981, 26.6110401154, 60.0844345093, 9.63704395294, 34.624382019, 28.4800338745, 100.888427734, 32.361000061, 28.8673610687, 2.65670919418, 10.4202528, 4.87063837051], [-84.6854248047, -12.1893129349, 11.986828804, 13.0105934143, 22.2526626587, 9.45783233643, 23.1551895142, 32.361000061, 73.6078796387, 35.3315734863, 18.6390132904, 4.10925960541, 1.30961060524], [-94.6904602051, 58.5882530212, -19.2479381561, 5.76798009872, -4.76560974121, 8.94437408447, 17.4995346069, 28.8673610687, 35.3315734863, 85.375, 40.1577148438, 20.2991771698, 8.5298910141], [16.1685695648, 2.78480839729, 1.57604444027, -20.709487915, -5.63800811768, -0.625905930996, 27.0998096466, 2.65670919418, 18.6390132904, 40.1577148438, 81.5529098511, 32.8892021179, 5.47660923004], [-60.4713516235, 62.1352577209, -10.0544271469, -2.9889831543, -8.63006401062, -1.82076203823, 16.860666275, 10.4202528, 4.10925960541, 20.2991771698, 32.8892021179, 68.2374954224, 29.0561714172], [13.8388738632, 46.7607002258, -24.4715461731, -34.5941390991, -2.96108436584, -11.8381004333, 11.4574069977, 4.87063837051, 1.30961060524, 8.5298910141, 5.47660923004, 29.0561714172, 66.9869003296]],
