{
"lowlevel": {
    "average_loudness": 0.940504312515,
    "barkbands_crest": {
        "dmean": 2.62324881554,
        "dmean2": 4.21017599106,
        "dvar": 5.86263895035,
        "dvar2": 13.5825548172,
        "max": 25.4850292206,
        "mean": 8.32884883881,
        "median": 7.45128631592,
        "min": 2.22594618797,
        "var": 15.5100021362
    },
    "barkbands_flatness_db": {
        "dmean": 0.0180609505624,
        "dmean2": 0.0283294096589,
        "dvar": 0.00029475253541,
        "dvar2": 0.000700522738043,
        "max": 0.322212219238,
        "mean": 0.111561536789,
        "median": 0.10639667511,
        "min": 0.0387138612568,
        "var": 0.00110874744132
    },
    "barkbands_kurtosis": {
        "dmean": 1.55873703957,
        "dmean2": 2.51742482185,
        "dvar": 16.1145935059,
        "dvar2": 36.0064735413,
        "max": 169.860076904,
        "mean": 0.618993282318,
        "median": -0.734264850616,
        "min": -1.93652975559,
        "var": 46.5952949524
    },
    "barkbands_skewness": {
        "dmean": 0.563924193382,
        "dmean2": 0.856552243233,
        "dvar": 0.354633957148,
        "dvar2": 0.773855924606,
        "max": 10.2257099152,
        "mean": 0.524856805801,
        "median": 0.38823223114,
        "min": -5.43345880508,
        "var": 1.35027897358
    },
    "barkbands_spread": {
        "dmean": 9.49435997009,
        "dmean2": 14.6087827682,
        "dvar": 96.7543487549,
        "dvar2": 218.203063965,
        "max": 117.144775391,
        "mean": 39.2016296387,
        "median": 37.70652771,
        "min": 0.896300375462,
        "var": 263.863311768
    },
    "dissonance": {
        "dmean": 0.012355139479,
        "dmean2": 0.0208341442049,
        "dvar": 0.000153024389874,
        "dvar2": 0.000412764667999,
        "max": 0.500000178814,
        "mean": 0.476489782333,
        "median": 0.479922175407,
        "min": 0.254816114902,
        "var": 0.000292219658149
    },
    "dynamic_complexity": 2.44006848335,
    "erbbands_crest": {
        "dmean": 2.32434844971,
        "dmean2": 3.79724812508,
        "dvar": 4.74166202545,
        "dvar2": 11.7713861465,
        "max": 27.6961708069,
        "mean": 8.0895614624,
        "median": 7.27075529099,
        "min": 2.28063774109,
        "var": 13.5672969818
    },
    "erbbands_flatness_db": {
        "dmean": 0.0147361168638,
        "dmean2": 0.021649023518,
        "dvar": 0.000192503677681,
        "dvar2": 0.000385543011362,
        "max": 0.315397769213,
        "mean": 0.166485220194,
        "median": 0.161263078451,
        "min": 0.0655772015452,
        "var": 0.00139691878576
    },
    "erbbands_kurtosis": {
        "dmean": 0.984634578228,
        "dmean2": 1.51891088486,
        "dvar": 4.2892074585,
        "dvar2": 8.29487228394,
        "max": 68.6575622559,
        "mean": 0.211485520005,
        "median": -0.521932482719,
        "min": -1.91946268082,
        "var": 10.6786146164
    },
    "erbbands_skewness": {
        "dmean": 0.391853362322,
        "dmean2": 0.584405958652,
        "dvar": 0.164466798306,
        "dvar2": 0.337522625923,
        "max": 7.58638572693,
        "mean": -0.417886078358,
        "median": -0.377064287663,
        "min": -4.99105644226,
        "var": 0.679013490677
    },
    "erbbands_spread": {
        "dmean": 10.0481548309,
        "dmean2": 15.6645736694,
        "dvar": 122.372032166,
        "dvar2": 284.977172852,
        "max": 141.333114624,
        "mean": 46.4876327515,
        "median": 43.1970863342,
        "min": 4.00727367401,
        "var": 459.025238037
    },
    "hfc": {
        "dmean": 9.04979705811,
        "dmean2": 12.9195222855,
        "dvar": 134.517745972,
        "dvar2": 281.581695557,
        "max": 179.642623901,
        "mean": 28.5318851471,
        "median": 25.7584495544,
        "min": 1.1992917154e-16,
        "var": 394.764587402
    },
    "melbands_crest": {
        "dmean": 3.86335325241,
        "dmean2": 6.35868930817,
        "dvar": 11.8889331818,
        "dvar2": 30.1727809906,
        "max": 33.2649803162,
        "mean": 13.2122001648,
        "median": 12.2184562683,
        "min": 3.12013292313,
        "var": 32.061706543
    },
    "melbands_flatness_db": {
        "dmean": 0.0276209041476,
        "dmean2": 0.0427977629006,
        "dvar": 0.000703894533217,
        "dvar2": 0.0016675562365,
        "max": 0.416782110929,
        "mean": 0.124489657581,
        "median": 0.114643886685,
        "min": 0.00845146365464,
        "var": 0.00248670787551
    },
    "melbands_kurtosis": {
        "dmean": 5.86388063431,
        "dmean2": 9.43884563446,
        "dvar": 156.766891479,
        "dvar2": 389.035400391,
        "max": 242.29800415,
        "mean": 8.07424449921,
        "median": 2.34851622581,
        "min": -1.8996860981,
        "var": 319.836883545
    },
    "melbands_skewness": {
        "dmean": 0.779654085636,
        "dmean2": 1.20255601406,
        "dvar": 0.799971520901,
        "dvar2": 1.8491795063,
        "max": 12.9239807129,
        "mean": 2.06481385231,
        "median": 1.68633460999,
        "min": -1.62016737461,
        "var": 3.03127193451
    },
    "melbands_spread": {
        "dmean": 18.183599472,
        "dmean2": 27.8937225342,
        "dvar": 475.151489258,
        "dvar2": 991.982971191,
        "max": 274.259216309,
        "mean": 55.0034599304,
        "median": 49.9354476929,
        "min": 0.959382116795,
        "var": 1172.44482422
    },
    "pitch_salience": {
        "dmean": 0.0804125890136,
        "dmean2": 0.13022378087,
        "dvar": 0.00572170363739,
        "dvar2": 0.0141512602568,
        "max": 0.937568545341,
        "mean": 0.553211987019,
        "median": 0.564227581024,
        "min": 0.0791927650571,
        "var": 0.014204043895
    },
    "silence_rate_20dB": {
        "dmean": 0,
        "dmean2": 0,
        "dvar": 0,
        "dvar2": 0,
        "max": 1,
        "mean": 1,
        "median": 1,
        "min": 1,
        "var": 0
    },
    "silence_rate_30dB": {
        "dmean": 0,
        "dmean2": 0,
        "dvar": 0,
        "dvar2": 0,
        "max": 1,
        "mean": 1,
        "median": 1,
        "min": 1,
        "var": 0
    },
    "silence_rate_60dB": {
        "dmean": 0.0262551009655,
        "dmean2": 0.052519518882,
        "dvar": 0.0255640540272,
        "dvar2": 0.0593398995697,
        "max": 1,
        "mean": 0.053032990545,
        "median": 0,
        "min": 0,
        "var": 0.0502175800502
    },
    "spectral_centroid": {
        "dmean": 384.09185791,
        "dmean2": 577.083618164,
        "dvar": 172034.125,
        "dvar2": 355385.21875,
        "max": 11049.2011719,
        "mean": 2444.32080078,
        "median": 2513.90722656,
        "min": 184.953353882,
        "var": 542502.25
    },
    "spectral_complexity": {
        "dmean": 4.24906873703,
        "dmean2": 6.51312971115,
        "dvar": 21.574590683,
        "dvar2": 47.6399803162,
        "max": 55,
        "mean": 18.3591690063,
        "median": 19,
        "min": 0,
        "var": 80.6268615723
    },
    "spectral_decrease": {
        "dmean": 9.94390791931e-10,
        "dmean2": 1.54537349584e-09,
        "dvar": 1.41071796741e-18,
        "dvar2": 3.2207844657e-18,
        "max": 3.97894681482e-30,
        "mean": -3.53281204291e-09,
        "median": -3.48778916859e-09,
        "min": -1.63912421414e-08,
        "var": 4.27718427062e-18
    },
    "spectral_energy": {
        "dmean": 0.00418873876333,
        "dmean2": 0.0063629001379,
        "dvar": 2.27738619287e-05,
        "dvar2": 5.01372160215e-05,
        "max": 0.0644331276417,
        "mean": 0.0159215833992,
        "median": 0.0160034056753,
        "min": 1.08629057735e-20,
        "var": 7.74167710915e-05
    },
    "spectral_energyband_high": {
        "dmean": 0.00107285333797,
        "dmean2": 0.00158786587417,
        "dvar": 2.1850878511e-06,
        "dvar2": 4.71268049296e-06,
        "max": 0.0234471205622,
        "mean": 0.00227040518075,
        "median": 0.00172632979229,
        "min": 8.20505975868e-21,
        "var": 4.45400291937e-06
    },
    "spectral_energyband_low": {
        "dmean": 0.00216378713958,
        "dmean2": 0.00361377047375,
        "dvar": 1.57392551046e-05,
        "dvar2": 4.06636354455e-05,
        "max": 0.0470121353865,
        "mean": 0.00316737848334,
        "median": 0.00143232685514,
        "min": 1.35104395461e-22,
        "var": 2.33049686358e-05
    },
    "spectral_energyband_middle_high": {
        "dmean": 0.00171073980164,
        "dmean2": 0.00249225785956,
        "dvar": 5.35346953257e-06,
        "dvar2": 1.0562157513e-05,
        "max": 0.0350408256054,
        "mean": 0.00581821938977,
        "median": 0.00410281401128,
        "min": 1.38321451012e-21,
        "var": 2.97001770377e-05
    },
    "spectral_energyband_middle_low": {
        "dmean": 0.00237014470622,
        "dmean2": 0.00373142096214,
        "dvar": 1.16065202747e-05,
        "dvar2": 2.73109326372e-05,
        "max": 0.063135445118,
        "mean": 0.00544278603047,
        "median": 0.00353499455377,
        "min": 3.40957143808e-22,
        "var": 3.24845605064e-05
    },
    "spectral_entropy": {
        "dmean": 0.146315395832,
        "dmean2": 0.211949750781,
        "dvar": 0.0209679882973,
        "dvar2": 0.0428326874971,
        "max": 9.78797340393,
        "mean": 7.84797000885,
        "median": 7.88314771652,
        "min": 5.65150022507,
        "var": 0.127866640687
    },
    "spectral_flux": {
        "dmean": 0.0201956275851,
        "dmean2": 0.0315396636724,
        "dvar": 0.000376693671569,
        "dvar2": 0.000886168098077,
        "max": 0.198159664869,
        "mean": 0.0781636610627,
        "median": 0.0744396522641,
        "min": 1.04225267306e-10,
        "var": 0.0010867707897
    },
    "spectral_kurtosis": {
        "dmean": 0.858475327492,
        "dmean2": 1.41780245304,
        "dvar": 0.758103966713,
        "dvar2": 2.16129922867,
        "max": 11.1543159485,
        "mean": 1.62236142159,
        "median": 1.34208011627,
        "min": -1.24951720238,
        "var": 2.29577970505
    },
    "spectral_rms": {
        "dmean": 0.000524015747942,
        "dmean2": 0.000778701156378,
        "dvar": 2.9496450793e-07,
        "dvar2": 5.87761974202e-07,
        "max": 0.00792852975428,
        "mean": 0.00375684886239,
        "median": 0.00395133858547,
        "min": 3.25545037975e-12,
        "var": 1.41933594477e-06
    },
    "spectral_rolloff": {
        "dmean": 1065.17736816,
        "dmean2": 1687.58874512,
        "dvar": 1858915.5,
        "dvar2": 4026593.75,
        "max": 18583.1542969,
        "mean": 3777.11254883,
        "median": 3768.31054688,
        "min": 86.1328125,
        "var": 3806119.25
    },
    "spectral_skewness": {
        "dmean": 0.158190444112,
        "dmean2": 0.245322421193,
        "dvar": 0.0215229801834,
        "dvar2": 0.0485284291208,
        "max": 2.69528388977,
        "mean": 0.812566578388,
        "median": 0.834564447403,
        "min": -0.371184945107,
        "var": 0.0799864009023
    },
    "spectral_spread": {
        "dmean": 513132.625,
        "dmean2": 748505.125,
        "dvar": 470257336320,
        "dvar2": 722397691904,
        "max": 41529872,
        "mean": 4846776.5,
        "median": 4731176,
        "min": 2260445.5,
        "var": 1.85366478848e+12
    },
    "spectral_strongpeak": {
        "dmean": 0.816223502159,
        "dmean2": 1.37506759167,
        "dvar": 1.77536153793,
        "dvar2": 4.50444316864,
        "max": 13.5133285522,
        "mean": 1.31453084946,
        "median": 0.592040598392,
        "min": 0,
        "var": 3.04313850403
    },
    "zerocrossingrate": {
        "dmean": 0.0183312054724,
        "dmean2": 0.0209596194327,
        "dvar": 0.000385877705412,
        "dvar2": 0.000444590463303,
        "max": 0.5439453125,
        "mean": 0.116667345166,
        "median": 0.11279296875,
        "min": 0.00927734375,
        "var": 0.00212615821511
    },
    "barkbands": {
        "dmean": [2.08975029636e-06, 0.000441966549261, 0.00148408510722, 0.000916352670174, 0.000534733699169, 0.000678724958561, 0.000719740230124, 0.000339125457685, 0.000354185060132, 0.000470166589366, 0.00028069401742, 0.000237438536715, 0.000218424116611, 0.00036488333717, 0.000317639991408, 0.000298183149425, 0.000237792351982, 0.000360409758287, 0.000387295614928, 0.000441763899289, 0.000200363050681, 0.000247460993705, 0.000253646605415, 0.000284822512185, 4.79760019516e-05, 3.7752383264e-07, 9.50467793359e-08],
        "dmean2": [3.5425950955e-06, 0.000672195572406, 0.00250231800601, 0.00157868501265, 0.000872969976626, 0.00106697657611, 0.00111193361226, 0.000542904075701, 0.000564771238714, 0.000745563593227, 0.000436947215348, 0.00036543814349, 0.000349052395904, 0.000565458205529, 0.000497357628774, 0.000465665885713, 0.000373361079255, 0.00055925588822, 0.000595544290263, 0.000670949462801, 0.000312973774271, 0.000381210877094, 0.000390051951399, 0.000428814644692, 7.52889391151e-05, 6.1801404172e-07, 1.59876208272e-07],
        "dvar": [9.3372566623e-12, 4.59071486603e-07, 9.30766964302e-06, 3.76116304324e-06, 1.14249928629e-06, 2.65201879301e-06, 2.76029618362e-06, 1.1670171034e-06, 1.19914284369e-06, 1.56068188062e-06, 8.81689231846e-07, 4.34083460732e-07, 4.50919486639e-07, 6.5723145326e-07, 4.89130570713e-07, 3.99747221991e-07, 2.30575977866e-07, 5.35821527592e-07, 4.05088485422e-07, 4.76765052326e-07, 1.19617894256e-07, 1.39719986691e-07, 2.22021256491e-07, 3.6378310142e-07, 2.2525322052e-08, 1.07429408251e-12, 5.93328156585e-15],
        "dvar2": [2.50781426875e-11, 1.01849593648e-06, 2.30058303714e-05, 9.84986309049e-06, 2.93357993542e-06, 6.27930785413e-06, 6.07881929682e-06, 2.93676544061e-06, 2.92789104606e-06, 3.75076115233e-06, 2.08974347515e-06, 9.30110445552e-07, 1.13417490866e-06, 1.4597428617e-06, 1.11998815555e-06, 9.1985390327e-07, 5.2790682048e-07, 1.12309658107e-06, 9.07608523448e-07, 1.02811611669e-06, 2.69495700422e-07, 3.30229710244e-07, 4.92801120799e-07, 7.62052536629e-07, 4.70187835333e-08, 2.79137368601e-12, 1.60100933026e-14],
        "max": [4.00147873734e-05, 0.011413089931, 0.0357830636203, 0.0220445580781, 0.0147223565727, 0.0539614148438, 0.0301545020193, 0.0250993520021, 0.025064619258, 0.0238507650793, 0.0239210426807, 0.0156092522666, 0.0280029922724, 0.0181366875768, 0.0137693844736, 0.0114435981959, 0.0104828048497, 0.021815199405, 0.0128634506837, 0.0102291619405, 0.00741525692865, 0.00534720392898, 0.00948250107467, 0.0117104845122, 0.00337259843946, 4.67445206596e-05, 6.96300332947e-07],
        "mean": [2.6129005164e-06, 0.000686058308929, 0.00186505867168, 0.00097225321224, 0.000751308456529, 0.00129602605011, 0.00128260033671, 0.000484753429191, 0.000463913835119, 0.000690058339387, 0.000385612016544, 0.000404172722483, 0.000326037494233, 0.000635783188045, 0.000520883128047, 0.000498589070048, 0.000399943150114, 0.000703606521711, 0.000807871227153, 0.00106897077058, 0.000325148866978, 0.000405178288929, 0.000455127272289, 0.000426699523814, 6.19506463408e-05, 1.12023963084e-06, 2.68044402674e-07],
        "median": [1.16807984796e-06, 0.000287359231152, 0.000567543786019, 0.000343154824805, 0.000329984264681, 0.000374174211174, 0.000283303787, 0.000142785735079, 0.000129057763843, 0.000163247284945, 7.59846370784e-05, 0.000102100530057, 8.74762627063e-05, 0.000158425653353, 0.000165175937582, 0.00019689075998, 0.000190015140106, 0.000318843405694, 0.000376090465579, 0.000474300817586, 0.000165185847436, 0.000255130929872, 0.000276729057077, 0.000212758983253, 1.87429322978e-05, 9.48995648287e-07, 2.64086565949e-07],
        "min": [3.80941215121e-23, 8.24181868262e-23, 1.23337037802e-23, 1.06619513276e-23, 1.74676460501e-23, 6.03464519216e-23, 1.02035226408e-22, 3.81477956081e-23, 1.04437699139e-22, 6.29826041857e-23, 9.38020555338e-23, 3.42718758562e-23, 5.57785307618e-23, 1.11623767602e-22, 2.05283014068e-22, 1.28237948194e-22, 2.20154392661e-22, 1.69068341041e-22, 2.66027247523e-22, 1.49958330762e-22, 4.0896422398e-22, 4.48360720137e-22, 6.91190130658e-22, 9.63731046852e-22, 1.63119320074e-21, 1.55573467929e-21, 2.59348627406e-21],
        "var": [1.49293719748e-11, 1.22123287838e-06, 1.32832501549e-05, 3.57650264959e-06, 1.57560566549e-06, 1.01559817267e-05, 8.41583550937e-06, 1.35995912842e-06, 1.35975858484e-06, 2.44635884883e-06, 1.40601048315e-06, 1.01440048184e-06, 6.79692959693e-07, 1.77073150098e-06, 1.11725887564e-06, 8.96968685993e-07, 4.58906555423e-07, 1.63118897945e-06, 1.20761603739e-06, 1.86691897852e-06, 2.55439914554e-07, 2.00659584948e-07, 3.8330617258e-07, 6.0490543774e-07, 3.47411095447e-08, 1.05548165694e-12, 1.19118590656e-14]
    },
    "erbbands": {
        "dmean": [0.00537075567991, 0.137145459652, 1.23115301132, 2.77818489075, 2.21547532082, 1.4725061655, 3.59086179733, 5.79225921631, 11.2695016861, 6.829621315, 7.5511341095, 7.99314928055, 10.8846225739, 14.1222333908, 9.00039100647, 10.2105312347, 9.99382305145, 13.8466844559, 17.5878410339, 15.2073774338, 14.0139827728, 11.2482938766, 17.8285427094, 18.9012813568, 17.395570755, 21.4251365662, 11.2641334534, 6.02444934845, 8.81742668152, 8.02021217346, 7.3239607811, 8.30532169342, 3.02927613258, 0.857104122639, 0.189630329609, 0.0101297516376, 0.000553509162273, 0.00013771642989, 1.64904613484e-05, 7.00320788383e-06],
        "dmean2": [0.00721252663061, 0.210323944688, 2.03942942619, 4.74244976044, 3.71816182137, 2.44314265251, 5.79549455643, 9.02456760406, 17.4011249542, 10.7026472092, 11.9340190887, 12.6709403992, 17.3945484161, 22.2165527344, 13.8217763901, 15.7257795334, 15.7213602066, 21.1441574097, 26.9830551147, 24.1102352142, 21.8888702393, 17.359544754, 26.9304084778, 28.8887786865, 26.3257350922, 32.1756782532, 17.0123386383, 9.39411354065, 13.6142568588, 12.4883794785, 11.160074234, 12.5476064682, 4.55708503723, 1.32278227806, 0.300849944353, 0.015826843679, 0.000887162575964, 0.000232619669987, 2.73437199212e-05, 1.03305337689e-05],
        "dvar": [8.08115146356e-05, 0.0422804988921, 5.66573905945, 32.9394569397, 24.7305965424, 10.6124019623, 59.4704589844, 230.136779785, 736.819885254, 292.242889404, 614.657043457, 637.889587402, 900.812683105, 1588.7052002, 788.999389648, 761.867126465, 999.137023926, 1083.9050293, 1531.18737793, 1035.08093262, 939.51953125, 470.531036377, 1776.14367676, 1342.60400391, 724.708984375, 1089.54187012, 362.69519043, 98.2658233643, 193.121627808, 169.071548462, 185.250473022, 260.336517334, 65.9714431763, 6.76923179626, 0.388739526272, 0.000842837558594, 9.4791647598e-07, 1.57128887679e-08, 3.18570558822e-10, 7.56582158035e-11],
        "dvar2": [0.000120761105791, 0.100282676518, 13.343462944, 84.7438201904, 63.9535369873, 27.5384693146, 137.269470215, 543.907470703, 1641.3458252, 671.818481445, 1537.59667969, 1580.86462402, 2248.44995117, 3794.2175293, 1815.41320801, 1639.33850098, 2530.25610352, 2384.57275391, 3332.02441406, 2407.68676758, 2243.20898438, 1049.07946777, 3616.78027344, 3048.19873047, 1539.7277832, 2319.29736328, 763.270996094, 239.252868652, 462.989746094, 394.170288086, 406.651824951, 570.966003418, 136.112411499, 13.2823019028, 0.895592093468, 0.00198829220608, 2.10608345697e-06, 4.03784810032e-08, 7.3926098576e-10, 1.52729245917e-10],
        "max": [0.194096341729, 3.0419793129, 27.3259105682, 63.093963623, 96.290184021, 49.862487793, 185.164916992, 526.348815918, 489.592590332, 499.772369385, 557.499145508, 568.606018066, 565.200927734, 926.753417969, 824.448059082, 765.032165527, 1510.32165527, 931.641601562, 547.338806152, 644.899230957, 704.175048828, 448.091461182, 1521.11303711, 846.175048828, 576.908874512, 587.081115723, 520.814331055, 106.402900696, 223.807647705, 201.631713867, 283.644287109, 344.900665283, 180.451553345, 50.4169464111, 15.4937782288, 0.977920413017, 0.0272542610765, 0.00226391875185, 0.00031937591848, 0.000131266118842],
        "mean": [0.0105124516413, 0.215334281325, 1.69461238384, 3.21507310867, 2.60041975975, 2.05727577209, 6.0676279068, 11.2620620728, 21.0669002533, 11.667883873, 11.0791378021, 10.8902616501, 16.7730445862, 22.2669792175, 14.2110996246, 18.6155796051, 16.9461536407, 25.4029350281, 33.0765151978, 27.7231407166, 25.7529964447, 22.7520542145, 36.2859954834, 39.9600868225, 42.6912078857, 54.2849082947, 23.433763504, 9.86930370331, 13.8206958771, 14.3460435867, 12.9559602737, 12.3549003601, 4.53897237778, 1.17775702477, 0.23191845417, 0.0155204581097, 0.00192316307221, 0.000581209256779, 5.47697491129e-05, 2.6013893148e-05],
        "median": [0.00448598666117, 0.0974356085062, 0.588804483414, 1.12157464027, 0.967871963978, 0.928805112839, 2.03248929977, 3.04027915001, 4.24769830704, 3.79533147812, 3.53922104836, 3.64322805405, 4.59481811523, 5.03860187531, 4.318400383, 5.29126167297, 5.66055583954, 7.69132518768, 9.91571807861, 12.0273618698, 11.3364830017, 11.0092582703, 16.5428123474, 21.3101463318, 20.3721961975, 24.8852500916, 12.7523059845, 6.14973163605, 8.61199951172, 9.10050773621, 7.87551021576, 6.464012146, 1.98987627029, 0.388364344835, 0.0729279816151, 0.00781726744026, 0.00168142654002, 0.000563848356251, 5.12985134264e-05, 2.53946309385e-05],
        "min": [4.68236773677e-21, 9.33191805208e-21, 1.48628248672e-20, 2.6048932078e-20, 6.32710709036e-20, 4.75741167836e-20, 1.2902710869e-19, 5.54256815537e-19, 1.2075612716e-18, 1.83177264814e-18, 7.3518220521e-19, 2.50413441493e-18, 1.85392330417e-18, 4.08761391297e-18, 2.36643758747e-18, 1.63072154057e-18, 2.11323780876e-18, 4.82898404954e-18, 7.49675857108e-18, 1.06860692281e-17, 7.94954565787e-18, 1.31088944771e-17, 1.06224367051e-17, 1.07585625098e-17, 1.16071133334e-17, 8.46360201262e-18, 1.35215765391e-17, 1.65587628912e-17, 1.46437967597e-17, 2.00710776512e-17, 2.03759069418e-17, 1.81615808379e-17, 1.78788207261e-17, 1.75741965762e-17, 1.22889963627e-17, 5.78945365087e-18, 2.84764949523e-18, 1.3911734473e-18, 3.40151014296e-19, 3.92745968763e-20],
        "var": [0.000342527375324, 0.10032095015, 9.26126289368, 35.9314460754, 26.2072181702, 13.0333032608, 154.854644775, 967.789489746, 2392.55615234, 534.280944824, 702.488098145, 720.493835449, 1490.37268066, 3290.84741211, 1388.0925293, 1911.54150391, 1491.40209961, 2728.2019043, 4204.68652344, 2195.53515625, 2362.94580078, 1266.05554199, 5408.49267578, 3354.60913086, 3125.86669922, 4788.70458984, 1197.32897949, 132.769989014, 252.411743164, 283.185760498, 321.312072754, 396.065063477, 111.884635925, 11.4751348495, 0.501081705093, 0.00104719086085, 1.57700708314e-06, 3.32373168987e-08, 6.46990794273e-10, 2.15573933704e-10]
    },
    "gfcc": {
        "mean": [-1.80433619022, 58.1212768555, -142.040924072, 61.9480819702, -77.7323913574, 17.7007961273, -40.4824867249, 3.11795663834, -16.2545318604, -9.04142189026, -5.58338165283, -11.1457452774, -12.1020374298],
        "cov": [[3310.12231445, 174.375488281, -630.592895508, 52.116355896, -203.015899658, -38.3386459351, -108.292976379, 78.1370391846, -1.31644904613, 4.46701622009, 130.823791504, -128.3722229, 99.1801681519], [174.375488281, 444.682769775, 52.9305152893, -43.8382377625, 99.6114425659, -75.8983764648, 62.505897522, -6.56830310822, 32.140083313, 9.65591812134, 20.3183002472, 19.5241088867, -14.9087209702], [-630.592895508, 52.9305152893, 871.250305176, 293.929321289, -38.9088401794, 128.434692383, -105.861808777, -35.5478019714, 93.1772994995, -38.0907859802, -103.968193054, 98.3645248413, -52.4289360046], [52.116355896, -43.8382377625, 293.929321289, 307.91003418, 36.867023468, 37.7752532959, -64.8671340942, 9.07957172394, 52.2594795227, -25.1308422089, -36.1045341492, 16.301492691, -13.5176086426], [-203.015899658, 99.6114425659, -38.9088401794, 36.867023468, 246.493637085, 49.9363594055, 118.481994629, 16.1882629395, -22.1053676605, 16.7724571228, 9.34631156921, -12.5362348557, -10.9691085815], [-38.3386459351, -75.8983764648, 128.434692383, 37.7752532959, 49.9363594055, 300.620452881, 113.908065796, -29.1486282349, -59.9789352417, -4.29020881653, -51.4627304077, -42.1631393433, -17.6914577484], [-108.292976379, 62.505897522, -105.861808777, -64.8671340942, 118.481994629, 113.908065796, 230.405471802, 21.9824123383, -73.8944091797, 6.31941175461, -0.854730129242, -44.1004562378, -10.1822795868], [78.1370391846, -6.56830310822, -35.5478019714, 9.07957172394, 16.1882629395, -29.1486282349, 21.9824123383, 124.726364136, 60.2920379639, 1.43344438076, 19.5078601837, 9.07418632507, 18.4361343384], [-1.31644904613, 32.140083313, 93.1772994995, 52.2594795227, -22.1053676605, -59.9789352417, -73.8944091797, 60.2920379639, 163.186325073, 41.6352500916, 22.6633644104, 51.4489440918, 3.53572893143], [4.46701622009, 9.65591812134, -38.0907859802, -25.1308422089, 16.7724571228, -4.29020881653, 6.31941175461, 1.43344438076, 41.6352500916, 92.0201187134, 57.3363342285, 7.41703605652, 2.71500730515], [130.823791504, 20.3183002472, -103.968193054, -36.1045341492, 9.34631156921, -51.4627304077, -0.854730129242, 19.5078601837, 22.6633644104, 57.3363342285, 123.490974426, 37.9642753601, 19.5681686401], [-128.3722229, 19.5241088867, 98.3645248413, 16.301492691, -12.5362348557, -42.1631393433, -44.1004562378, 9.07418632507, 51.4489440918, 7.41703605652, 37.9642753601, 113.395278931, 26.675775528], [99.1801681519, -14.9087209702, -52.4289360046, -13.5176086426, -10.9691085815, -17.6914577484, -10.1822795868, 18.4361343384, 3.53572893143, 2.71500730515, 19.5681686401, 26.675775528, 68.9034347534]],
        "icov": [[0.00101083354093, -0.00184694956988, 0.00175896892324, -0.0020569388289, 0.00199376628734, -0.00178235664498, 0.00149687635712, -0.00123125209939, 0.000763862510212, -0.000140174292028, -0.000720683834516, 0.000499573070556, -0.000531760102604], [-0.00184694956988, 0.00713445618749, -0.00456480868161, 0.00531563768163, -0.00540204020217, 0.00536075001583, -0.0048619536683, 0.004419404082, -0.00384194916114, 0.0021628702525, -0.000126987186377, 0.000600846717134, 0.000302498403471], [0.00175896892324, -0.00456480868161, 0.00657289940864, -0.00629256572574, 0.00483232270926, -0.00514483638108, 0.00365038332529, -0.00258904253133, 0.00175973249134, -0.00155679089949, 0.00168751180172, -0.00344577920623, 0.00175360240974], [-0.0020569388289, 0.00531563768163, -0.00629256572574, 0.0110149635002, -0.00711959134787, 0.00397009029984, -0.00168875814416, 0.00289786537178, -0.00381541298702, 0.00340563803911, -0.000559549895115, 0.00219406071119, -0.000284084118903], [0.00199376628734, -0.00540204020217, 0.00483232270926, -0.00711959134787, 0.0111568374559, -0.00410847226158, 6.47178239888e-05, -0.00340629718266, 0.00299089099281, -0.00279337516986, -0.000203352741664, -0.00116596044973, 0.000349459034624], [-0.00178235664498, 0.00536075001583, -0.00514483638108, 0.00397009029984, -0.00410847226158, 0.0100538115948, -0.00707629555836, 0.00431897025555, -0.00169377576094, -0.000266346411081, 0.00167649716605, 0.00151524634566, -0.000649719906505], [0.00149687635712, -0.0048619536683, 0.00365038332529, -0.00168875814416, 6.47178239888e-05, -0.00707629555836, 0.0139989992604, -0.00754438480362, 0.00667510274798, -0.00275466940366, 1.23807121781e-05, -0.000134581176098, 0.00133502937388], [-0.00123125209939, 0.004419404082, -0.00258904253133, 0.00289786537178, -0.00340629718266, 0.00431897025555, -0.00754438480362, 0.0170415192842, -0.0112666748464, 0.00729850959033, -0.00313664996065, 0.00319293746725, -0.00383571884595], [0.000763862510212, -0.00384194916114, 0.00175973249134, -0.00381541298702, 0.00299089099281, -0.00169377576094, 0.00667510274798, -0.0112666748464, 0.0182070620358, -0.0114294569939, 0.00437137065455, -0.00600677914917, 0.0033020474948], [-0.000140174292028, 0.0021628702525, -0.00155679089949, 0.00340563803911, -0.00279337516986, -0.000266346411081, -0.00275466940366, 0.00729850959033, -0.0114294569939, 0.0238289628178, -0.0122178709134, 0.00648079952225, -0.00211133179255], [-0.000720683834516, -0.000126987186377, 0.00168751180172, -0.000559549895115, -0.000203352741664, 0.00167649716605, 1.23807121781e-05, -0.00313664996065, 0.00437137065455, -0.0122178709134, 0.0187532696873, -0.00923765171319, 0.00193093181588], [0.000499573070556, 0.000600846717134, -0.00344577920623, 0.00219406071119, -0.00116596044973, 0.00151524634566, -0.000134581176098, 0.00319293746725, -0.00600677914917, 0.00648079952225, -0.00923765171319, 0.0194268953055, -0.00829608831555], [-0.000531760102604, 0.000302498403471, 0.00175360240974, -0.000284084118903, 0.000349459034624, -0.000649719906505, 0.00133502937388, -0.00383571884595, 0.0033020474948, -0.00211133179255, 0.00193093181588, -0.00829608831555, 0.0203121136874]]
    },
    "melbands": {
        "dmean": [8.37901898194e-05, 0.000486092903884, 0.000442936638137, 0.00011951608758, 0.000109959379188, 0.000135989190312, 0.000163961289218, 7.18289084034e-05, 6.30175418337e-05, 4.97509572597e-05, 5.66782327951e-05, 6.05266395723e-05, 3.53460782208e-05, 2.65756516455e-05, 2.85329188046e-05, 1.91971939785e-05, 2.92353670375e-05, 3.25415712723e-05, 2.27994078159e-05, 2.08365763683e-05, 1.80877250386e-05, 1.23205227283e-05, 1.80253136932e-05, 1.77219080797e-05, 1.72429372469e-05, 1.41870477819e-05, 1.41879636431e-05, 1.58465991262e-05, 9.59116550803e-06, 4.26521773988e-06, 3.66915855921e-06, 5.36803099749e-06, 4.96501934322e-06, 4.58535851067e-06, 4.06881054005e-06, 5.65064601687e-06, 4.85270356876e-06, 2.3552249786e-06, 1.29886745981e-06, 5.89467731515e-07],
        "dmean2": [0.000120271579362, 0.000804665265605, 0.000748281017877, 0.000199444708414, 0.000177988418727, 0.00021154746355, 0.00025437946897, 0.000112680732855, 0.00010016093438, 7.89122641436e-05, 9.0510751761e-05, 9.49849418248e-05, 5.49436444999e-05, 3.93556147174e-05, 4.43282006017e-05, 3.036634007e-05, 4.47395250376e-05, 4.98737790622e-05, 3.54462972609e-05, 3.26759181917e-05, 2.85589976556e-05, 1.91709368664e-05, 2.75698657788e-05, 2.73443583865e-05, 2.64837017312e-05, 2.15940126509e-05, 2.16448624997e-05, 2.39173950831e-05, 1.4657975953e-05, 6.78309061186e-06, 5.81912945563e-06, 8.39959193399e-06, 7.80986374593e-06, 7.28393843019e-06, 6.31141529084e-06, 8.71001520864e-06, 7.35639287086e-06, 3.61417664863e-06, 1.99201394935e-06, 9.2991888323e-07],
        "dvar": [1.72557736988e-08, 8.12089012925e-07, 7.76621845944e-07, 6.65584281023e-08, 5.24980698913e-08, 1.16595096245e-07, 1.48542156353e-07, 3.61270657834e-08, 4.34159019846e-08, 2.40452298073e-08, 2.46885161204e-08, 2.93235000726e-08, 1.34503892468e-08, 5.96496274596e-09, 5.07245534465e-09, 4.31875957219e-09, 5.17479747941e-09, 5.77513414868e-09, 3.11532954989e-09, 2.44764764012e-09, 1.80229997593e-09, 6.76142197786e-10, 1.7383928741e-09, 1.48415979506e-09, 1.27656740734e-09, 5.4194759791e-10, 5.81464654204e-10, 6.70459909813e-10, 3.04807123985e-10, 6.97075522305e-11, 3.71103460461e-11, 7.59958207475e-11, 5.9900424898e-11, 6.35830624263e-11, 5.5894389811e-11, 1.11788238388e-10, 1.06065087269e-10, 4.45285960882e-11, 1.33637172509e-11, 4.1864914313e-12],
        "dvar2": [3.18684918454e-08, 1.98110842575e-06, 1.96215137294e-06, 1.73298602135e-07, 1.22984616269e-07, 2.78090539041e-07, 3.3140130995e-07, 8.3790993699e-08, 1.0637226211e-07, 5.96410387743e-08, 6.1284637809e-08, 7.02406808273e-08, 3.20097655049e-08, 1.21501679828e-08, 1.17686740353e-08, 1.1155926849e-08, 1.13420624004e-08, 1.22062608909e-08, 6.81185907681e-09, 5.45709077926e-09, 4.28578550427e-09, 1.51273160665e-09, 3.70333075317e-09, 3.15670112272e-09, 2.92861557227e-09, 1.16435094899e-09, 1.26124888311e-09, 1.43913525541e-09, 6.64890864588e-10, 1.62626273559e-10, 9.26219032027e-11, 1.84616433252e-10, 1.43917669448e-10, 1.50149670475e-10, 1.23626428539e-10, 2.55481830136e-10, 2.3716678621e-10, 9.58965129527e-11, 2.65899663399e-11, 9.06880300022e-12],
        "max": [0.00258033024147, 0.0101189771667, 0.00911120697856, 0.00402034400031, 0.00479534268379, 0.0118210138753, 0.00719874445349, 0.00521349906921, 0.00469085341319, 0.00329530588351, 0.0029616416432, 0.00371132930741, 0.00298380968161, 0.00169384106994, 0.00138226663694, 0.00308996858075, 0.00212827720679, 0.0010777550051, 0.00108326692134, 0.000953720416874, 0.00111677125096, 0.000553734484129, 0.00110515835695, 0.00106287305243, 0.000831360579468, 0.000460915354779, 0.000426567683462, 0.000503486953676, 0.000440947507741, 0.000192723717191, 7.62310664868e-05, 0.00013027912064, 0.000106719744508, 0.000122804820421, 0.00016470416449, 0.000195539920242, 0.000245954957791, 0.000149018989759, 7.46324221836e-05, 4.55058325315e-05],
        "mean": [0.000144783087308, 0.000692083442118, 0.000547587929759, 0.000151750515215, 0.000184906763025, 0.000263805646682, 0.000309250433929, 0.000118093325, 8.89645525604e-05, 6.58199278405e-05, 8.35714163259e-05, 9.16129210964e-05, 5.10628269694e-05, 4.26404658356e-05, 4.93348852615e-05, 3.01411910186e-05, 4.97559449286e-05, 5.69080002606e-05, 3.7110192352e-05, 3.4694934584e-05, 2.97810602206e-05, 2.07412649615e-05, 3.33011448674e-05, 3.17375233863e-05, 3.25101063936e-05, 2.96586767945e-05, 3.30889306497e-05, 3.70003035641e-05, 1.76066605491e-05, 6.50696301818e-06, 5.36739480594e-06, 7.84801068221e-06, 8.00482939667e-06, 7.94359129941e-06, 7.13432655175e-06, 8.33358899399e-06, 7.0210226113e-06, 3.42527846442e-06, 1.75633397248e-06, 7.38150788493e-07],
        "median": [6.08644695603e-05, 0.000273536948953, 0.000209108548006, 6.19338825345e-05, 6.52541493764e-05, 7.03415571479e-05, 6.42360100755e-05, 3.64623556379e-05, 2.72858123935e-05, 1.87099540199e-05, 2.01647817448e-05, 1.91276012629e-05, 1.18658954307e-05, 1.21097109513e-05, 1.17878653327e-05, 1.04255377664e-05, 1.24438047351e-05, 1.34494366648e-05, 1.3289592971e-05, 1.25564456539e-05, 1.11930603452e-05, 9.32982584345e-06, 1.20568147395e-05, 1.43845836647e-05, 1.47631581058e-05, 1.34115807668e-05, 1.48779181472e-05, 1.58704024216e-05, 7.64112974139e-06, 3.32701779371e-06, 3.05572211801e-06, 4.69864244224e-06, 5.07585082232e-06, 4.84227894049e-06, 4.14768737755e-06, 4.49514391221e-06, 3.51567291546e-06, 1.38662244353e-06, 6.0401458768e-07, 2.01919817755e-07],
        "min": [3.31749205912e-23, 9.44950998157e-24, 5.79532995817e-24, 4.3109781189e-24, 3.33121484677e-24, 1.40906192896e-23, 1.83392852856e-23, 1.73575289564e-23, 5.59078226975e-24, 1.66062620064e-23, 8.42649622702e-24, 1.59373063811e-23, 1.02502471877e-23, 4.00056411371e-24, 5.55791201356e-24, 3.85777752885e-24, 1.01208637441e-23, 1.05912796457e-23, 1.85772025791e-23, 9.15143888853e-24, 9.9924048454e-24, 1.55317419457e-23, 8.63817916232e-24, 7.76569663457e-24, 8.92037048534e-24, 1.01403407198e-23, 4.90477857138e-24, 5.746349979e-24, 7.92336705256e-24, 8.31741096332e-24, 9.90233349611e-24, 6.9789916862e-24, 1.04863090804e-23, 1.05438217736e-23, 1.00331455669e-23, 1.38003673858e-23, 1.01662595337e-23, 1.37750875492e-23, 1.12820299201e-23, 1.59348893113e-23],
        "var": [6.0833464488e-08, 1.31695503569e-06, 8.95506218512e-07, 8.19671441832e-08, 1.29734061716e-07, 4.82197776819e-07, 4.94479877489e-07, 5.92600173377e-08, 4.95524190569e-08, 2.74416009916e-08, 3.97850072886e-08, 5.73821523631e-08, 2.25352891903e-08, 1.18628902257e-08, 1.29805757254e-08, 5.62153745776e-09, 1.25237882287e-08, 1.5383687213e-08, 6.37310115792e-09, 4.80971440453e-09, 4.03614874855e-09, 1.44299483473e-09, 4.99474950288e-09, 3.55694962373e-09, 2.80564504962e-09, 1.84670012615e-09, 2.10972839199e-09, 2.48850873241e-09, 9.06582475757e-10, 1.02450513351e-10, 4.72898768755e-11, 9.33019911331e-11, 8.46576767022e-11, 1.03027648912e-10, 9.89391554795e-11, 1.60860519349e-10, 1.54965831833e-10, 7.02005606423e-11, 2.26643339513e-11, 6.12954695681e-12]
    },
    "mfcc": {
        "mean": [-624.917053223, 63.5721549988, 0.102088823915, 28.7867698669, -1.67645227909, 5.1680188179, -6.5836520195, 6.90461683273, -12.1611166, 10.0166597366, -6.61077547073, 0.260124921799, -1.81827330589],
        "cov": [[2779.08496094, -48.8302307129, -461.656829834, -93.1982421875, -113.39074707, -221.459335327, 4.78444576263, -107.391731262, -91.6359786987, 147.44859314, -62.4865379333, -76.7850646973, 62.9558372498], [-48.8302307129, 516.29083252, -106.980522156, 27.4719848633, -21.7852096558, -8.95761394501, 38.6498146057, 13.0941820145, -17.1636352539, 37.7925262451, 19.6929206848, -9.1946849823, 19.1564598083], [-461.656829834, -106.980522156, 836.339172363, 125.379188538, 151.772537231, 152.395980835, -171.44039917, 71.4686279297, 75.3537521362, -154.193069458, 58.9302215576, 67.5053253174, -71.8082427979], [-93.1982421875, 27.4719848633, 125.379188538, 266.819335938, 118.983413696, -23.5352230072, -65.9992599487, 29.623380661, 15.4773483276, -23.9516811371, -8.12407302856, 58.0531463623, 21.8251056671], [-113.39074707, -21.7852096558, 151.772537231, 118.983413696, 177.305770874, 35.800819397, -53.987613678, 33.9111366272, 30.6080913544, -22.3766384125, 10.3903121948, 37.4877319336, 18.7309570312], [-221.459335327, -8.95761394501, 152.395980835, -23.5352230072, 35.800819397, 269.102355957, 119.529571533, 26.7703018188, 38.4293403625, -9.47964572906, 26.2179069519, -21.8300132751, -43.2083892822], [4.78444576263, 38.6498146057, -171.44039917, -65.9992599487, -53.987613678, 119.529571533, 305.390625, 33.250415802, 6.04706001282, 69.7424926758, -3.10218405724, -64.0408248901, -17.8997421265], [-107.391731262, 13.0941820145, 71.4686279297, 29.623380661, 33.9111366272, 26.7703018188, 33.250415802, 114.215370178, 49.6293525696, -1.63024258614, 10.8532161713, 10.2580776215, -11.3762102127], [-91.6359786987, -17.1636352539, 75.3537521362, 15.4773483276, 30.6080913544, 38.4293403625, 6.04706001282, 49.6293525696, 116.233680725, 7.99518442154, 8.93214607239, 2.91089844704, -19.1849327087], [147.44859314, 37.7925262451, -154.193069458, -23.9516811371, -22.3766384125, -9.47964572906, 69.7424926758, -1.63024258614, 7.99518442154, 143.396057129, 15.3680734634, -24.9222431183, 31.3847675323], [-62.4865379333, 19.6929206848, 58.9302215576, -8.12407302856, 10.3903121948, 26.2179069519, -3.10218405724, 10.8532161713, 8.93214607239, 15.3680734634, 85.1838912964, 26.4847602844, -7.03241825104], [-76.7850646973, -9.1946849823, 67.5053253174, 58.0531463623, 37.4877319336, -21.8300132751, -64.0408248901, 10.2580776215, 2.91089844704, -24.9222431183, 26.4847602844, 112.554382324, 35.9773406982], [62.9558372498, 19.1564598083, -71.8082427979, 21.8251056671, 18.7309570312, -43.2083892822, -17.8997421265, -11.3762102127, -19.1849327087, 31.3847675323, -7.03241825104, 35.9773406982, 104.463790894]],
