{
"lowlevel": {
    "average_loudness": 0.89427959919,
    "barkbands_crest": {
        "dmean": 2.19777560234,
        "dmean2": 3.58672475815,
        "dvar": 4.06064558029,
        "dvar2": 10.1493425369,
        "max": 26.1147098541,
        "mean": 7.45591831207,
        "median": 6.58019208908,
        "min": 1.93798339367,
        "var": 12.0873765945
    },
    "barkbands_flatness_db": {
        "dmean": 0.0172521285713,
        "dmean2": 0.0262138545513,
        "dvar": 0.000254281447269,
        "dvar2": 0.000580685096793,
        "max": 0.334296375513,
        "mean": 0.117238983512,
        "median": 0.11094379425,
        "min": 0.0299271401018,
        "var": 0.0017063668929
    },
    "barkbands_kurtosis": {
        "dmean": 1.3415749073,
        "dmean2": 2.12845945358,
        "dvar": 8.36585235596,
        "dvar2": 18.8868999481,
        "max": 99.465637207,
        "mean": 0.874168217182,
        "median": -0.22510433197,
        "min": -1.90455687046,
        "var": 15.849187851
    },
    "barkbands_skewness": {
        "dmean": 0.439251363277,
        "dmean2": 0.666102528572,
        "dvar": 0.209184214473,
        "dvar2": 0.439703792334,
        "max": 9.09521770477,
        "mean": 0.667451202869,
        "median": 0.578555464745,
        "min": -4.78777360916,
        "var": 0.933326840401
    },
    "barkbands_spread": {
        "dmean": 5.88079452515,
        "dmean2": 8.88689517975,
        "dvar": 42.3019866943,
        "dvar2": 93.5436401367,
        "max": 91.9064102173,
        "mean": 25.8857078552,
        "median": 23.9296360016,
        "min": 1.19618582726,
        "var": 156.583282471
    },
    "dissonance": {
        "dmean": 0.0151507537812,
        "dmean2": 0.0256098210812,
        "dvar": 0.00021063942404,
        "dvar2": 0.000575007929001,
        "max": 0.499999910593,
        "mean": 0.47141829133,
        "median": 0.476497083902,
        "min": 0.298429638147,
        "var": 0.000459849397885
    },
    "dynamic_complexity": 1.78421938419,
    "erbbands_crest": {
        "dmean": 2.52850270271,
        "dmean2": 4.14816188812,
        "dvar": 5.68661212921,
        "dvar2": 13.595454216,
        "max": 30.7443256378,
        "mean": 8.15041065216,
        "median": 7.18741559982,
        "min": 2.43336486816,
        "var": 15.2539367676
    },
    "erbbands_flatness_db": {
        "dmean": 0.0173250269145,
        "dmean2": 0.0244883745909,
        "dvar": 0.000282745313598,
        "dvar2": 0.000508126744535,
        "max": 0.352556914091,
        "mean": 0.176238581538,
        "median": 0.175181925297,
        "min": 0.0675845295191,
        "var": 0.00198501790874
    },
    "erbbands_kurtosis": {
        "dmean": 0.819916427135,
        "dmean2": 1.28990256786,
        "dvar": 2.18251371384,
        "dvar2": 4.55082798004,
        "max": 37.3506813049,
        "mean": 0.127966791391,
        "median": -0.338184356689,
        "min": -1.84680771828,
        "var": 4.54333925247
    },
    "erbbands_skewness": {
        "dmean": 0.353713572025,
        "dmean2": 0.532466351986,
        "dvar": 0.11731570214,
        "dvar2": 0.23825854063,
        "max": 4.11962604523,
        "mean": 0.0166509803385,
        "median": 0.0206530764699,
        "min": -5.17842483521,
        "var": 0.527607440948
    },
    "erbbands_spread": {
        "dmean": 7.50365924835,
        "dmean2": 11.2597398758,
        "dvar": 71.0871734619,
        "dvar2": 154.267791748,
        "max": 122.387039185,
        "mean": 33.7084274292,
        "median": 31.0999546051,
        "min": 2.76700568199,
        "var": 228.53187561
    },
    "hfc": {
        "dmean": 9.06039905548,
        "dmean2": 12.3613882065,
        "dvar": 282.991271973,
        "dvar2": 533.897094727,
        "max": 403.50680542,
        "mean": 28.176076889,
        "median": 21.2165966034,
        "min": 1.17628987398e-16,
        "var": 799.572265625
    },
    "melbands_crest": {
        "dmean": 3.03071284294,
        "dmean2": 4.97515010834,
        "dvar": 8.03761005402,
        "dvar2": 20.2807788849,
        "max": 33.739818573,
        "mean": 10.3238277435,
        "median": 9.13188171387,
        "min": 1.63175320625,
        "var": 22.1287536621
    },
    "melbands_flatness_db": {
        "dmean": 0.0205591116101,
        "dmean2": 0.0310566816479,
        "dvar": 0.000393842085032,
        "dvar2": 0.00091046653688,
        "max": 0.401965081692,
        "mean": 0.138670563698,
        "median": 0.130477383733,
        "min": 0.00370111293159,
        "var": 0.00295802182518
    },
    "melbands_kurtosis": {
        "dmean": 3.23999071121,
        "dmean2": 5.1835360527,
        "dvar": 43.1168746948,
        "dvar2": 101.319854736,
        "max": 181.547424316,
        "mean": 4.56560468674,
        "median": 1.94811010361,
        "min": -1.93178617954,
        "var": 78.6572265625
    },
    "melbands_skewness": {
        "dmean": 0.567318320274,
        "dmean2": 0.858912110329,
        "dvar": 0.386725395918,
        "dvar2": 0.873245298862,
        "max": 11.5274591446,
        "mean": 1.54455757141,
        "median": 1.36092531681,
        "min": -2.17675900459,
        "var": 1.38782608509
    },
    "melbands_spread": {
        "dmean": 9.61300373077,
        "dmean2": 14.6444597244,
        "dvar": 160.33203125,
        "dvar2": 303.51473999,
        "max": 264.99105835,
        "mean": 37.8886070251,
        "median": 33.8802146912,
        "min": 1.11465239525,
        "var": 660.646972656
    },
    "pitch_salience": {
        "dmean": 0.0617630630732,
        "dmean2": 0.100383035839,
        "dvar": 0.0029271019157,
        "dvar2": 0.00744805205613,
        "max": 0.999838292599,
        "mean": 0.61504226923,
        "median": 0.627072691917,
        "min": 0.0977672860026,
        "var": 0.00854237005115
    },
    "silence_rate_20dB": {
        "dmean": 0.000293169170618,
        "dmean2": 0.000586424255744,
        "dvar": 0.000293116114335,
        "dvar2": 0.000879424158484,
        "max": 1,
        "mean": 0.999853432178,
        "median": 1,
        "min": 0,
        "var": 0.000146520338603
    },
    "silence_rate_30dB": {
        "dmean": 0.0058633829467,
        "dmean2": 0.0117284851149,
        "dvar": 0.0058289594017,
        "dvar2": 0.013056781143,
        "max": 1,
        "mean": 0.991792440414,
        "median": 1,
        "min": 0,
        "var": 0.00814126711339
    },
    "silence_rate_60dB": {
        "dmean": 0.0098211672157,
        "dmean2": 0.0196452140808,
        "dvar": 0.00972536858171,
        "dvar2": 0.0230705644935,
        "max": 1,
        "mean": 0.0189066398889,
        "median": 0,
        "min": 0,
        "var": 0.0185503028333
    },
    "spectral_centroid": {
        "dmean": 278.018554688,
        "dmean2": 418.778961182,
        "dvar": 95118.5,
        "dvar2": 189314.265625,
        "max": 11258.7451172,
        "mean": 1825.97106934,
        "median": 1833.3236084,
        "min": 306.893829346,
        "var": 513043.40625
    },
    "spectral_complexity": {
        "dmean": 4.12708902359,
        "dmean2": 6.11728477478,
        "dvar": 17.5574989319,
        "dvar2": 33.4250793457,
        "max": 63,
        "mean": 24.3554153442,
        "median": 24,
        "min": 0,
        "var": 94.0923995972
    },
    "spectral_decrease": {
        "dmean": 1.59416735368e-09,
        "dmean2": 2.29200192159e-09,
        "dvar": 9.5181729212e-18,
        "dvar2": 1.88478810116e-17,
        "max": 1.17970490033e-24,
        "mean": -4.82234341348e-09,
        "median": -4.01525257487e-09,
        "min": -1.01515873041e-07,
        "var": 2.25598325038e-17
    },
    "spectral_energy": {
        "dmean": 0.00661803176627,
        "dmean2": 0.00942215882242,
        "dvar": 0.000155358939082,
        "dvar2": 0.000299121078569,
        "max": 0.398573279381,
        "mean": 0.0207562632859,
        "median": 0.0173627827317,
        "min": 1.06968823851e-20,
        "var": 0.000384029612178
    },
    "spectral_energyband_high": {
        "dmean": 0.000694397895131,
        "dmean2": 0.000968835258391,
        "dvar": 3.18850970871e-06,
        "dvar2": 6.08649406786e-06,
        "max": 0.0512411519885,
        "mean": 0.00142346776556,
        "median": 0.000554417667445,
        "min": 7.67563104711e-21,
        "var": 8.8358656285e-06
    },
    "spectral_energyband_low": {
        "dmean": 0.00163947418332,
        "dmean2": 0.00264232070185,
        "dvar": 4.03873200412e-05,
        "dvar2": 0.000102719612187,
        "max": 0.311485260725,
        "mean": 0.00228089746088,
        "median": 0.00099313724786,
        "min": 5.01561013646e-23,
        "var": 3.83780134143e-05
    },
    "spectral_energyband_middle_high": {
        "dmean": 0.00274039199576,
        "dmean2": 0.00381435407326,
        "dvar": 2.61497334577e-05,
        "dvar2": 5.07321819896e-05,
        "max": 0.17882783711,
        "mean": 0.00806135125458,
        "median": 0.00592801347375,
        "min": 1.52418498887e-21,
        "var": 6.95709895808e-05
    },
    "spectral_energyband_middle_low": {
        "dmean": 0.00450569530949,
        "dmean2": 0.0068888082169,
        "dvar": 8.56623446452e-05,
        "dvar2": 0.000196735330974,
        "max": 0.267050534487,
        "mean": 0.00971570797265,
        "median": 0.00687402440235,
        "min": 2.18243531735e-22,
        "var": 0.000163206190336
    },
    "spectral_entropy": {
        "dmean": 0.135017484426,
        "dmean2": 0.184101819992,
        "dvar": 0.0178429670632,
        "dvar2": 0.0327875763178,
        "max": 9.8096408844,
        "mean": 7.69894695282,
        "median": 7.70766592026,
        "min": 5.86469602585,
        "var": 0.143395677209
    },
    "spectral_flux": {
        "dmean": 0.0201832372695,
        "dmean2": 0.0306498892605,
        "dvar": 0.000651334761642,
        "dvar2": 0.00130218954291,
        "max": 0.540176570415,
        "mean": 0.0846128240228,
        "median": 0.077344879508,
        "min": 6.78316153246e-11,
        "var": 0.00163636764046
    },
    "spectral_kurtosis": {
        "dmean": 1.48359751701,
        "dmean2": 2.48080039024,
        "dvar": 2.52717590332,
        "dvar2": 7.15415096283,
        "max": 21.9141483307,
        "mean": 4.00615215302,
        "median": 3.64472341537,
        "min": -1.21887099743,
        "var": 6.04961681366
    },
    "spectral_rms": {
        "dmean": 0.000649929861538,
        "dmean2": 0.000910313392524,
        "dvar": 7.1376143751e-07,
        "dvar2": 1.27320652155e-06,
        "max": 0.0197193305939,
        "mean": 0.00425089104101,
        "median": 0.00411573797464,
        "min": 3.23047730059e-12,
        "var": 2.17999627239e-06
    },
    "spectral_rolloff": {
        "dmean": 586.232421875,
        "dmean2": 954.118164062,
        "dvar": 744912.4375,
        "dvar2": 1596402,
        "max": 19143.0175781,
        "mean": 2437.52099609,
        "median": 2260.98632812,
        "min": 129.19921875,
        "var": 2550283.75
    },
    "spectral_skewness": {
        "dmean": 0.205811023712,
        "dmean2": 0.32738301158,
        "dvar": 0.0369462147355,
        "dvar2": 0.0921093970537,
        "max": 3.34093523026,
        "mean": 1.36438715458,
        "median": 1.36117494106,
        "min": -0.382230937481,
        "var": 0.1475892663
    },
    "spectral_spread": {
        "dmean": 488428.53125,
        "dmean2": 663726.0625,
        "dvar": 485172772864,
        "dvar2": 792330371072,
        "max": 41747704,
        "mean": 4069417.5,
        "median": 3630683.5,
        "min": 1984762.25,
        "var": 2.4586354688e+12
    },
    "spectral_strongpeak": {
        "dmean": 0.870517551899,
        "dmean2": 1.4194021225,
        "dvar": 1.51407468319,
        "dvar2": 3.51165127754,
        "max": 26.1723937988,
        "mean": 1.46789705753,
        "median": 0.892887532711,
        "min": 0,
        "var": 2.85732102394
    },
    "zerocrossingrate": {
        "dmean": 0.0111261131242,
        "dmean2": 0.0121483318508,
        "dvar": 0.000204583746381,
        "dvar2": 0.000210272482946,
        "max": 0.52001953125,
        "mean": 0.0849348902702,
        "median": 0.07763671875,
        "min": 0.01171875,
        "var": 0.00190909043886
    },
    "barkbands": {
        "dmean": [4.42812415713e-05, 0.000712404027581, 0.000790808931924, 0.00111601944081, 0.00153087126091, 0.000977954128757, 0.00071680691326, 0.00112337362953, 0.00104292586911, 0.000735593726858, 0.000437871058239, 0.000608925649431, 0.00045004938147, 0.000579349172767, 0.000514206010848, 0.000435638736235, 0.0005460572429, 0.00039251986891, 0.000325091619743, 0.000228661636356, 0.00016538122145, 0.000159347750014, 0.000185614946531, 0.00011324109073, 7.44277058402e-05, 2.10426678677e-05, 3.85642309197e-08],
        "dmean2": [7.62089475757e-05, 0.00117935717572, 0.00137368834112, 0.00189635716379, 0.00247636041604, 0.00154738558922, 0.0011786671821, 0.00173292553518, 0.00161577411927, 0.00114085944369, 0.0006814339431, 0.000971460016444, 0.000710580963641, 0.000903078413103, 0.000807736534625, 0.000687940046191, 0.000860918546095, 0.000600821222179, 0.000504792376887, 0.00036666932283, 0.00026203886955, 0.000238821361563, 0.000265009293798, 0.000161218704307, 0.000102871345007, 3.02912485495e-05, 6.40754365122e-08],
        "dvar": [7.14398096235e-09, 6.77018169881e-06, 1.58310958795e-05, 1.72745585587e-05, 1.35636892082e-05, 6.32607088846e-06, 3.01631553157e-06, 4.94360347147e-06, 7.11583288648e-06, 3.10353289024e-06, 1.12970428745e-06, 5.0484327403e-06, 1.27283249185e-06, 1.86524812307e-06, 1.17738500194e-06, 1.1785418792e-06, 2.63127230937e-06, 8.1232752791e-07, 3.06621501522e-07, 4.76295554108e-07, 2.00591912858e-07, 2.32776940834e-07, 4.37184553448e-07, 1.6062320185e-07, 5.24394501156e-08, 4.36163061224e-09, 1.83538121225e-13],
        "dvar2": [1.93936902093e-08, 1.79144008143e-05, 4.34168832726e-05, 4.65326265839e-05, 3.42434468621e-05, 1.30868866108e-05, 7.39784172765e-06, 1.06925272121e-05, 1.63554723258e-05, 6.72031501381e-06, 2.48780543188e-06, 1.1052348782e-05, 2.92358436127e-06, 3.88957869291e-06, 2.64437653641e-06, 2.78608354165e-06, 5.60478429179e-06, 1.59322451054e-06, 6.90596607456e-07, 1.22374467537e-06, 4.97197788718e-07, 4.89279273097e-07, 8.13153292256e-07, 3.0807012763e-07, 1.08986704106e-07, 1.00756576416e-08, 4.52942994526e-13],
        "max": [0.00262119667605, 0.142427936196, 0.166534245014, 0.102589696646, 0.0770526975393, 0.130654603243, 0.046329844743, 0.0723653882742, 0.069502979517, 0.0629648417234, 0.0331984758377, 0.113041833043, 0.051156334579, 0.0593268349767, 0.0237569250166, 0.0468698889017, 0.0678488537669, 0.04606256634, 0.0149850510061, 0.024830693379, 0.0154575193301, 0.0158929694444, 0.0230660028756, 0.0156546588987, 0.00537444651127, 0.00171656941529, 2.80624517472e-05],
        "mean": [5.37028208782e-05, 0.00098923756741, 0.000822695496026, 0.00109767029062, 0.00235464121215, 0.00166171276942, 0.00102750794031, 0.00166360172443, 0.0014125413727, 0.00110404496081, 0.00065873604035, 0.000940318743233, 0.000695978582371, 0.000944053172134, 0.000811062403955, 0.000691824767273, 0.000931332062464, 0.000683172082063, 0.000601195613854, 0.00040852613165, 0.000281504093437, 0.000273415469564, 0.00031132044387, 0.000193336949451, 0.000113723675895, 2.94034707622e-05, 3.34912400035e-08],
        "median": [2.4454198865e-05, 0.000438087445218, 0.000213241262827, 0.000236748848693, 0.00108406739309, 0.00083512684796, 0.00046103989007, 0.000774778076448, 0.000559921667445, 0.000470354163554, 0.000275191763649, 0.000391034351196, 0.000281885644654, 0.000373543589376, 0.00036547149648, 0.000342203391483, 0.000479464768432, 0.000346414628439, 0.00033920473652, 0.000215510692215, 0.000129601641675, 7.95760643086e-05, 7.74741201894e-05, 4.32825254393e-05, 1.73741645995e-05, 2.4133100851e-06, 7.03409053227e-10],
        "min": [4.03604352736e-24, 2.54089131455e-23, 5.49807612503e-24, 2.03092208495e-23, 2.1794855771e-23, 2.85597403523e-23, 3.90934347296e-23, 4.72002490191e-23, 3.67863068827e-23, 5.38489454332e-23, 2.05730017367e-23, 7.01215303207e-23, 8.0532739843e-23, 5.32343786118e-23, 1.00243167934e-22, 1.29364201753e-22, 1.0302543617e-22, 1.72024878118e-22, 2.46978818882e-22, 2.93936338556e-22, 3.65391510813e-22, 5.15019996742e-22, 5.00985290336e-22, 1.05468415963e-21, 1.2095491926e-21, 1.47475498979e-21, 2.10874025975e-21],
        "var": [9.32952470833e-09, 7.10925269232e-06, 1.10027349365e-05, 1.31044889713e-05, 1.89819675143e-05, 1.80108781933e-05, 4.25098642154e-06, 9.14714928513e-06, 9.48750221141e-06, 5.4298343457e-06, 2.01281318368e-06, 8.01002352091e-06, 1.9411163521e-06, 3.86251485907e-06, 2.04895513889e-06, 1.78782795501e-06, 4.13599127569e-06, 1.69514021309e-06, 7.75904936745e-07, 6.32902811049e-07, 3.25164336346e-07, 5.53912855139e-07, 1.02835031157e-06, 3.68898440684e-07, 8.66317932946e-08, 5.82869574828e-09, 1.80254005082e-13]
    },
    "erbbands": {
        "dmean": [0.0185992904007, 0.179639488459, 0.822403848171, 2.19970965385, 5.28343105316, 4.54173612595, 6.37035894394, 8.46725082397, 10.769405365, 13.4533195496, 28.0958843231, 21.4705276489, 23.3306465149, 17.246799469, 16.9481773376, 27.0037403107, 18.8581962585, 25.6852073669, 27.4209365845, 24.8915252686, 21.2253646851, 28.68201828, 21.8241786957, 19.6443881989, 12.3092031479, 10.9966936111, 8.25055599213, 5.71623802185, 5.78489971161, 5.65624141693, 5.29057741165, 3.18493962288, 1.54661738873, 0.857442855835, 0.51672565937, 0.166839823127, 0.0236623156816, 0.000728069513571, 3.18585152854e-05, 1.06544521259e-05],
        "dmean2": [0.0302834361792, 0.300070494413, 1.41583740711, 3.71982359886, 8.78447532654, 7.38955640793, 10.1679763794, 13.5213108063, 17.6122093201, 20.8486938477, 42.9297027588, 33.1733283997, 36.2521934509, 26.6906299591, 25.9998664856, 43.0274925232, 29.5187492371, 40.3073883057, 41.9761619568, 39.1146087646, 32.8389053345, 44.6581611633, 32.9425239563, 30.3354644775, 19.263174057, 17.6166210175, 13.2525367737, 8.86340236664, 8.69612216949, 8.36896514893, 7.62645244598, 4.62773132324, 2.22720909119, 1.21041691303, 0.722012341022, 0.236331000924, 0.0355429388583, 0.00106779683847, 4.45509067504e-05, 1.46242637129e-05],
        "dvar": [0.00191935512703, 0.62303853035, 19.1899032593, 64.0507354736, 286.173919678, 104.40196228, 279.300872803, 566.928527832, 729.402893066, 867.551696777, 3749.36450195, 2718.39160156, 4264.46337891, 1284.59851074, 1673.29101562, 12219.4628906, 2321.91552734, 2531.82275391, 4537.65478516, 6547.21728516, 1691.61755371, 9551.84667969, 2640.87988281, 1380.12756348, 412.749328613, 1473.37536621, 485.179412842, 293.900970459, 277.290283203, 345.751251221, 395.078857422, 157.920959473, 26.8693199158, 7.49525928497, 2.39395809174, 0.266647577286, 0.00623249681666, 8.25982078823e-06, 1.94363369843e-08, 4.50996684442e-10],
        "dvar2": [0.00519594876096, 1.68353438377, 53.1070785522, 171.555084229, 757.506835938, 254.196929932, 564.808837891, 1163.26574707, 1774.39794922, 1998.5513916, 8058.42724609, 6383.21191406, 9182.45214844, 2903.41625977, 3525.78393555, 26180.2832031, 5440.14941406, 5873.77783203, 9071.546875, 16992.5097656, 3845.44262695, 19597.8027344, 5044.89453125, 3014.94995117, 981.771484375, 3984.19848633, 1263.84436035, 681.109436035, 579.674926758, 673.213684082, 774.89465332, 330.14855957, 53.9411735535, 15.1074733734, 5.10594797134, 0.599829614162, 0.0154302241281, 2.02136561711e-05, 4.8732996305e-08, 8.61646753947e-10],
        "max": [2.08270978928, 43.871471405, 212.602249146, 188.524078369, 340.564971924, 232.814788818, 788.828063965, 1344.52209473, 849.035461426, 755.577758789, 1925.70214844, 1626.84716797, 2291.20166016, 707.920837402, 1381.83776855, 5776.29345703, 2402.14916992, 1058.10583496, 3015.46704102, 4067.80981445, 1056.31091309, 4602.97363281, 2642.01489258, 1282.54211426, 449.746246338, 1639.47668457, 815.380187988, 548.105834961, 534.38104248, 436.071990967, 725.221435547, 517.218688965, 175.709091187, 81.7072906494, 40.4360046387, 14.125497818, 1.66469752789, 0.130276799202, 0.00790745113045, 0.000751099491026],
        "mean": [0.0282091014087, 0.228100985289, 0.874526560307, 2.33719301224, 6.5916352272, 6.85379457474, 10.6334190369, 14.0114088058, 16.1415996552, 21.2924194336, 40.9284515381, 30.5364112854, 36.1578102112, 27.7446479797, 27.8462848663, 42.5903892517, 32.3530807495, 44.7287063599, 46.4312591553, 42.6300621033, 38.8338165283, 50.8331260681, 40.8925476074, 35.6787910461, 24.2695579529, 19.7732753754, 13.9875936508, 10.0241127014, 9.78552532196, 9.63663959503, 8.61441898346, 5.18792819977, 2.62089419365, 1.34999752045, 0.756576657295, 0.240505427122, 0.0308325700462, 0.000967589323409, 5.47101190023e-05, 3.19458849845e-05],
        "median": [0.0129941888154, 0.0905349105597, 0.24294090271, 0.668774545193, 1.97125709057, 3.02022910118, 4.21681451797, 7.15083503723, 7.40650701523, 9.75858879089, 18.3074359894, 13.6803226471, 15.7434682846, 12.1540851593, 13.4759225845, 18.1557064056, 15.1720170975, 20.4922218323, 21.971364975, 20.3278636932, 22.8194408417, 25.9964847565, 22.3354187012, 17.8728504181, 15.5479078293, 10.1830883026, 6.96747112274, 4.13021183014, 3.04065155983, 2.34188985825, 2.1136739254, 1.20214128494, 0.536493957043, 0.229293391109, 0.101369738579, 0.0226028952748, 0.00190358399414, 6.17811238044e-05, 1.78199516085e-05, 2.49501099461e-05],
        "min": [1.02072593171e-21, 4.51686416349e-21, 5.91220920863e-21, 7.03100031002e-20, 4.82550479864e-20, 8.99226105202e-20, 1.38636905305e-19, 3.1517085773e-19, 5.42799433475e-19, 5.31445604086e-19, 8.76951863215e-19, 7.22100498919e-19, 1.11846078813e-18, 1.36302449105e-18, 1.27885813994e-18, 3.04498066819e-18, 3.29439278687e-18, 4.01946911974e-18, 4.55151127615e-18, 5.42109647562e-18, 8.19497179997e-18, 5.84694849371e-18, 8.63681528725e-18, 1.013266141e-17, 1.51884207468e-17, 1.40854564637e-17, 1.41073899848e-17, 1.28508488676e-17, 1.44987192064e-17, 1.77516152371e-17, 1.54403667265e-17, 1.8529705989e-17, 1.69617752118e-17, 1.14721282108e-17, 9.44452903127e-18, 5.65889601248e-18, 2.49611696685e-18, 1.12924743012e-18, 2.80968981503e-19, 3.46137249303e-20],
        "var": [0.00380225642584, 0.524643301964, 12.9904661179, 50.1173324585, 290.251556396, 165.210525513, 556.028076172, 1722.20617676, 1340.78686523, 1482.43774414, 6431.80126953, 3509.22753906, 7515.77490234, 2231.09179688, 3166.74072266, 19770.8183594, 3456.59033203, 5753.73486328, 8320.13378906, 8537.39746094, 3049.59472656, 15497.8994141, 5675.73632812, 3194.08276367, 909.585693359, 1710.27233887, 673.579589844, 559.570068359, 644.129516602, 853.132995605, 849.496398926, 318.229156494, 57.4163780212, 13.0137643814, 3.78011894226, 0.375752031803, 0.00720910029486, 9.53366088652e-06, 2.13508499769e-08, 1.04912967203e-09]
    },
    "gfcc": {
        "mean": [8.27089977264, 86.3095626831, -153.915634155, 35.9067687988, -71.9312591553, 13.8428945541, -46.5960998535, 12.2243518829, -21.4033946991, -0.142760798335, -11.0078744888, -4.59856796265, -6.14831781387],
        "cov": [[3265.12988281, -980.335144043, 129.982025146, 247.87991333, -149.149291992, 257.282073975, -36.9035835266, 151.994812012, -184.806671143, 125.202926636, -242.134735107, 100.158035278, -220.375518799], [-980.335144043, 1228.23937988, -206.62789917, -64.1324539185, 183.95715332, -238.147521973, 80.1274795532, -126.192375183, 121.132034302, -149.270904541, 161.703704834, -138.406463623, 129.907150269], [129.982025146, -206.62789917, 907.796569824, 242.533599854, -1.66120529175, 153.703018188, -110.179328918, 20.4622306824, -83.3656005859, 75.5148773193, -175.778625488, 85.9804763794, -112.136413574], [247.87991333, -64.1324539185, 242.533599854, 294.21081543, 37.5727462769, 53.0829429626, -13.9972791672, -7.88329935074, 10.4029893875, 6.27818489075, -57.9576721191, 11.7395906448, -30.8909511566], [-149.149291992, 183.95715332, -1.66120529175, 37.5727462769, 226.986572266, 46.2381134033, 38.6557273865, 29.9368495941, -5.14447402954, 9.72783470154, 10.6721830368, -7.27433586121, -6.07688999176], [257.282073975, -238.147521973, 153.703018188, 53.0829429626, 46.2381134033, 240.075286865, 55.8342475891, 40.5723228455, -52.4981536865, 56.4642066956, -36.3289909363, 33.2093658447, -60.1840744019], [-36.9035835266, 80.1274795532, -110.179328918, -13.9972791672, 38.6557273865, 55.8342475891, 144.851074219, 23.1115531921, 9.10984802246, 8.34951019287, 32.953956604, -21.5321311951, -1.51993131638], [151.994812012, -126.192375183, 20.4622306824, -7.88329935074, 29.9368495941, 40.5723228455, 23.1115531921, 130.078308105, 25.2517910004, 46.2539596558, -21.2767353058, 23.8612003326, -16.5463523865], [-184.806671143, 121.132034302, -83.3656005859, 10.4029893875, -5.14447402954, -52.4981536865, 9.10984802246, 25.2517910004, 144.634689331, 8.83548259735, 36.6200065613, -12.5719280243, 31.3427333832], [125.202926636, -149.270904541, 75.5148773193, 6.27818489075, 9.72783470154, 56.4642066956, 8.34951019287, 46.2539596558, 8.83548259735, 118.017822266, -7.42460012436, 41.4823684692, -28.1333789825], [-242.134735107, 161.703704834, -175.778625488, -57.9576721191, 10.6721830368, -36.3289909363, 32.953956604, -21.2767353058, 36.6200065613, -7.42460012436, 127.289535522, -8.86479854584, 44.8695755005], [100.158035278, -138.406463623, 85.9804763794, 11.7395906448, -7.27433586121, 33.2093658447, -21.5321311951, 23.8612003326, -12.5719280243, 41.4823684692, -8.86479854584, 97.1039810181, -2.43732786179], [-220.375518799, 129.907150269, -112.136413574, -30.8909511566, -6.07688999176, -60.1840744019, -1.51993131638, -16.5463523865, 31.3427333832, -28.1333789825, 44.8695755005, -2.43732786179, 99.1172866821]],
        "icov": [[0.000651700014714, -0.000257013074588, 0.000815515348222, -0.00101076066494, 0.000968711043242, -0.000598903163336, 0.00065804150654, -0.00100420904346, 0.00108307949267, -0.000541737419553, 0.000907671987079, -0.000488426303491, 0.00101247499697], [-0.000257013074588, 0.0033892840147, -0.00201792200096, 0.0017175237881, -0.0037565540988, 0.00316688511521, -0.00309095275588, 0.00304102920927, -0.0026744985953, 0.002388746012, -0.00254585966468, 0.0022317005787, -0.0018772687763], [0.000815515348222, -0.00201792200096, 0.00421458715573, -0.00323384581134, 0.00303311133757, -0.00304560177028, 0.00371299125254, -0.00242832466029, 0.00295014772564, -0.00248315138742, 0.00382515089586, -0.00250776740722, 0.00277552660555], [-0.00101076066494, 0.0017175237881, -0.00323384581134, 0.0071465219371, -0.00383335375227, 0.00154937349726, -0.00266072526574, 0.00402751006186, -0.00458734575659, 0.00246933288872, -0.000936072436161, 0.00130921322852, -0.00198494666256], [0.000968711043242, -0.0037565540988, 0.00303311133757, -0.00383335375227, 0.00997902825475, -0.00450197607279, 0.00328833167441, -0.00567281804979, 0.00469468953088, -0.00303801917471, 0.00249572913162, -0.00196238327771, 0.00277083972469], [-0.000598903163336, 0.00316688511521, -0.00304560177028, 0.00154937349726, -0.00450197607279, 0.010550099425, -0.00658071460202, 0.00249164295383, -0.000872097967658, 0.000842471024953, -0.00270780688152, 0.000898215861525, -0.000237169777392], [0.00065804150654, -0.00309095275588, 0.00371299125254, -0.00266072526574, 0.00328833167441, -0.00658071460202, 0.0136691834778, -0.00488181319088, 0.00296204793267, -0.00273577892222, 0.000735643436201, 0.000358011486242, 0.00244871620089], [-0.00100420904346, 0.00304102920927, -0.00242832466029, 0.00402751006186, -0.00567281804979, 0.00249164295383, -0.00488181319088, 0.0148977236822, -0.00671983370557, -1.52614099136e-08, 0.000352599075995, 0.000120983655506, -0.00216497085057], [0.00108307949267, -0.0026744985953, 0.00295014772564, -0.00458734575659, 0.00469468953088, -0.000872097967658, 0.00296204793267, -0.00671983370557, 0.0133356768638, -0.00436433637515, 0.000508683209773, -0.00037110975245, 0.000808125943877], [-0.000541737419553, 0.002388746012, -0.00248315138742, 0.00246933288872, -0.00303801917471, 0.000842471024953, -0.00273577892222, -1.52614099136e-08, -0.00436433637515, 0.0147746140137, -0.00358749064617, -0.00243656500243, 0.00104614661541], [0.000907671987079, -0.00254585966468, 0.00382515089586, -0.000936072436161, 0.00249572913162, -0.00270780688152, 0.000735643436201, 0.000352599075995, 0.000508683209773, -0.00358749064617, 0.0161718167365, -0.00358999241143, -0.000618619960733], [-0.000488426303491, 0.0022317005787, -0.00250776740722, 0.00130921322852, -0.00196238327771, 0.000898215861525, 0.000358011486242, 0.000120983655506, -0.00037110975245, -0.00243656500243, -0.00358999241143, 0.0161917880177, -0.0045401994139], [0.00101247499697, -0.0018772687763, 0.00277552660555, -0.00198494666256, 0.00277083972469, -0.000237169777392, 0.00244871620089, -0.00216497085057, 0.000808125943877, 0.00104614661541, -0.000618619960733, -0.0045401994139, 0.0172338634729]]
    },
    "melbands": {
        "dmean": [0.000175911947736, 0.000350562331732, 0.000486127421027, 0.000339160149451, 0.00021845815354, 0.000192956955289, 0.000156141017214, 0.00016108941054, 0.000245927658398, 0.000132008979563, 0.00011839022045, 7.22523909644e-05, 5.57849198231e-05, 6.01041028858e-05, 6.88055806677e-05, 4.0360224375e-05, 5.3508021665e-05, 4.82306459162e-05, 3.92833062506e-05, 3.52680872311e-05, 2.57737628999e-05, 3.49499750882e-05, 2.26093980018e-05, 1.88315025298e-05, 1.7631387891e-05, 1.03789543573e-05, 8.05474974186e-06, 7.93706840341e-06, 6.02477030043e-06, 4.01979741582e-06, 3.51531684828e-06, 3.57633712156e-06, 3.20228264172e-06, 3.45442663274e-06, 3.31155888489e-06, 2.73933051176e-06, 1.78891184532e-06, 1.1473620134e-06, 9.92300670077e-07, 6.938697652e-07],
        "dmean2": [0.000286463764496, 0.000595184683334, 0.000812661019154, 0.000556391023565, 0.000346380111296, 0.000307416834403, 0.000255717255641, 0.000249904260272, 0.000375406001695, 0.000205276548513, 0.00018466138863, 0.000112455323688, 8.63258755999e-05, 9.46479631239e-05, 0.00010994738841, 6.35724063613e-05, 8.41304427013e-05, 7.45076686144e-05, 6.15460376139e-05, 5.63454450457e-05, 4.08058731409e-05, 5.52871861146e-05, 3.4796205e-05, 2.95633053611e-05, 2.76175105682e-05, 1.62832748174e-05, 1.29050085889e-05, 1.28325045807e-05, 9.81046923698e-06, 6.4806536102e-06, 5.52649316887e-06, 5.57132170798e-06, 4.90682214149e-06, 5.18564957019e-06, 4.87848546982e-06, 4.07812922276e-06, 2.64122218141e-06, 1.72528336861e-06, 1.46610125284e-06, 1.00208501408e-06],
        "dvar": [2.44562784246e-07, 3.39322150467e-06, 2.93710809274e-06, 7.90977651377e-07, 2.79782369716e-07, 2.65764100504e-07, 1.45861122292e-07, 1.13092639253e-07, 3.11725216307e-07, 1.10047388091e-07, 1.07060884602e-07, 2.18788684947e-08, 1.94855758195e-08, 4.19624797132e-08, 6.76982523373e-08, 7.72343078381e-09, 1.21567351741e-08, 1.74088228277e-08, 8.43170777642e-09, 1.01848254275e-08, 2.9456266315e-09, 1.21069865244e-08, 3.8244563072e-09, 2.20692486508e-09, 1.1333582961e-09, 3.54451606954e-10, 2.69219757598e-10, 8.31580526661e-10, 2.56253823716e-10, 1.11147396842e-10, 1.28125884902e-10, 9.97578616935e-11, 1.4328838116e-10, 1.35949529412e-10, 1.53216592191e-10, 1.24068033625e-10, 4.88323062542e-11, 1.58297853992e-11, 1.20273808274e-11, 4.68713219279e-12],
        "dvar2": [6.20652542693e-07, 9.33735827857e-06, 7.88194211054e-06, 2.0384347863e-06, 5.8223332644e-07, 5.46061471596e-07, 3.5300385548e-07, 2.5969870876e-07, 6.73039721732e-07, 2.62977039256e-07, 2.30802129408e-07, 4.97881913475e-08, 4.22683825718e-08, 9.01182914959e-08, 1.59638119612e-07, 1.74708407741e-08, 2.86914385583e-08, 3.40455343917e-08, 1.95154896687e-08, 2.56345398242e-08, 6.99805990934e-09, 2.60299941601e-08, 8.11559974778e-09, 4.86311080294e-09, 2.54838461444e-09, 8.40524427836e-10, 6.50160758564e-10, 2.23869345284e-09, 6.74791389432e-10, 2.83998463635e-10, 3.03110203603e-10, 2.22831739172e-10, 3.40757061457e-10, 2.81286050008e-10, 3.02951524978e-10, 2.79387152302e-10, 1.07150635587e-10, 3.46250944583e-11, 2.56814101235e-11, 9.77331496982e-12],
        "max": [0.0235454961658, 0.0947350412607, 0.0374402031302, 0.017380008474, 0.0251999553293, 0.0290009453893, 0.01190058887, 0.00783799309283, 0.0156755596399, 0.0119552966207, 0.0116696460173, 0.00261376635171, 0.00517147174105, 0.0101528568193, 0.013070515357, 0.00246497173794, 0.00245332019404, 0.00667501892895, 0.00318470736966, 0.00470288889483, 0.00167463999242, 0.00470256572589, 0.00223104446195, 0.00265787867829, 0.000851001299452, 0.000514479586855, 0.000511089630891, 0.00120787508786, 0.000564503250644, 0.000380237033824, 0.000381274992833, 0.000348603760358, 0.000445745070465, 0.000315753510222, 0.000434896996012, 0.000424201076385, 0.000282080785837, 0.000140972158988, 0.000104175851448, 6.01129722781e-05],
        "mean": [0.00026173790684, 0.000403998972615, 0.000553114223294, 0.000482256204123, 0.000365603686078, 0.000324582011672, 0.000235926010646, 0.000249231408816, 0.000349012581864, 0.000181025505299, 0.000179128794116, 0.000110971515824, 8.77894563018e-05, 9.56789663178e-05, 0.00010309501522, 6.52386806905e-05, 8.72008386068e-05, 7.63884600019e-05, 6.15294629824e-05, 5.54414582439e-05, 4.34132925875e-05, 5.65147856832e-05, 4.03596968681e-05, 3.19581886288e-05, 2.94648107229e-05, 1.84210020961e-05, 1.47190175994e-05, 1.28446636154e-05, 9.42345104704e-06, 6.45534282739e-06, 5.65879281567e-06, 5.67359074921e-06, 5.02199145558e-06, 5.53556947125e-06, 5.16895215696e-06, 4.1139660425e-06, 2.78883726423e-06, 1.85747705927e-06, 1.52505549522e-06, 1.02118758605e-06],
        "median": [0.000122776764329, 0.000136624992592, 0.000162218901096, 0.000200004738872, 0.000150085354107, 0.000165319797816, 0.000111095119792, 0.000115281196486, 0.000149840241647, 7.66627272242e-05, 7.44027420296e-05, 4.54667060694e-05, 3.93980153603e-05, 4.04888160119e-05, 4.21788463427e-05, 2.47657862928e-05, 3.58794786735e-05, 3.21998377331e-05, 2.66496317636e-05, 2.62922658294e-05, 2.43980211962e-05, 2.7558329748e-05, 1.96065302589e-05, 1.64461107488e-05, 1.32984669108e-05, 1.02143321783e-05, 8.85573354026e-06, 5.63089452044e-06, 4.41735392087e-06, 2.80654353446e-06, 2.05489345717e-06, 1.74612137016e-06, 1.19628964512e-06, 1.28221756768e-06, 1.22388405543e-06, 9.8690145478e-07, 5.77838306981e-07, 3.76354762466e-07, 2.68998803676e-07, 1.61051431746e-07],
        "min": [9.03164404919e-24, 4.66875927715e-24, 1.11301071427e-23, 6.43554619745e-24, 5.38836884451e-24, 6.97171917752e-24, 8.62489790012e-24, 6.49006358575e-24, 6.72107045779e-24, 4.3161822343e-24, 5.90104363036e-24, 5.69728914158e-24, 3.33651638649e-24, 6.88032806392e-24, 8.46184113988e-24, 8.6550789295e-24, 6.64376366681e-24, 6.03552074887e-24, 7.51004732557e-24, 7.69557715529e-24, 9.1476460453e-24, 5.16286151627e-24, 8.74071530279e-24, 8.21037200481e-24, 7.5198836322e-24, 1.15129176741e-23, 1.03454264114e-23, 8.44765505422e-24, 7.35032981353e-24, 9.91466339206e-24, 5.91473628352e-24, 4.97769890131e-24, 9.16433282003e-24, 8.96375546854e-24, 8.98541837786e-24, 8.21473834992e-24, 1.11301063538e-23, 1.1866597939e-23, 1.04694416566e-23, 9.52605631065e-24],
        "var": [3.8171535266e-07, 2.39105906985e-06, 2.43052022597e-06, 9.6538769867e-07, 5.67918220895e-07, 8.10950325558e-07, 2.67292193712e-07, 1.98031614218e-07, 5.11611858656e-07, 1.35345899821e-07, 1.89040207488e-07, 3.70665169669e-08, 3.48983562048e-08, 7.08037788399e-08, 8.39288176735e-08, 1.50433230317e-08, 2.66137742955e-08, 3.13927728257e-08, 1.38607330058e-08, 1.39468481208e-08, 4.56787097036e-09, 1.84890307509e-08, 6.61964172366e-09, 4.12257250559e-09, 2.44783060488e-09, 8.83801698492e-10, 4.4856704462e-10, 9.38901401071e-10, 3.31397492781e-10, 1.5966582223e-10, 2.34907537866e-10, 2.06344594189e-10, 2.60130444962e-10, 3.00535180076e-10, 3.17324777566e-10, 2.13563472462e-10, 9.49322009891e-11, 3.11355073668e-11, 1.93008230925e-11, 7.54023666422e-12]
    },
    "mfcc": {
        "mean": [-617.187072754, 104.740264893, -21.8959732056, 15.0722284317, -2.4909350872, -3.2061021328, -8.73980522156, 2.06905937195, -5.338804245, 3.39960312843, -2.97499608994, 0.799528002739, -2.16998124123],
        "cov": [[2680.83618164, -951.236999512, 39.0358428955, -5.04918813705, -66.981918335, 81.0102920532, 94.7754516602, 72.706817627, 50.777721405, 38.2708854675, 44.1250038147, -50.3636474609, -47.5229225159], [-951.236999512, 1074.36914062, -256.498321533, 82.2577209473, 31.9566249847, -80.1526794434, -7.03670167923, -30.0146865845, -39.2354507446, 4.90722703934, -33.1556968689, 9.92946624756, 19.1583709717], [39.0358428955, -256.498321533, 772.186828613, 130.376586914, 114.331535339, 133.80456543, -35.1055793762, 7.16834259033, 40.2871055603, -54.5388908386, 7.7014093399, -20.1823215485, 10.782371521], [-5.04918813705, 82.2577209473, 130.376586914, 253.443511963, 79.2361297607, 29.2460765839, -40.8281784058, 2.4268784523, 31.3502063751, -16.3634319305, -10.5637693405, 8.91112709045, 8.45150184631], [-66.981918335, 31.9566249847, 114.331535339, 79.2361297607, 192.035797119, 43.3426361084, 13.1500749588, 19.5049724579, 21.8548126221, 2.54747223854, 7.06320619583, -15.1216974258, 0.552191019058], [81.0102920532, -80.1526794434, 133.80456543, 29.2460765839, 43.3426361084, 187.729324341, 73.8319015503, 26.6305561066, 10.3539648056, -3.72932219505, 36.2862129211, -8.85525417328, -2.49676084518], [94.7754516602, -7.03670167923, -35.1055793762, -40.8281784058, 13.1500749588, 73.8319015503, 188.203903198, 33.9448165894, -6.02051305771, 19.7933826447, 28.1465053558, -24.3566055298, -12.8693122864], [72.706817627, -30.0146865845, 7.16834259033, 2.4268784523, 19.5049724579, 26.6305561066, 33.9448165894, 91.1695709229, 21.5742034912, 15.611492157, 14.390203476, -1.17876851559, 0.0626903548837], [50.777721405, -39.2354507446, 40.2871055603, 31.3502063751, 21.8548126221, 10.3539648056, -6.02051305771, 21.5742034912, 112.614334106, 14.1678829193, 17.7158889771, 24.0747108459, 14.1850156784], [38.2708854675, 4.90722703934, -54.5388908386, -16.3634319305, 2.54747223854, -3.72932219505, 19.7933826447, 15.611492157, 14.1678829193, 94.6593093872, 27.4070014954, -8.16276168823, -2.4147002697], [44.1250038147, -33.1556968689, 7.7014093399, -10.5637693405, 7.06320619583, 36.2862129211, 28.1465053558, 14.390203476, 17.7158889771, 27.4070014954, 94.2453384399, 24.161813736, 6.91128635406], [-50.3636474609, 9.92946624756, -20.1823215485, 8.91112709045, -15.1216974258, -8.85525417328, -24.3566055298, -1.17876851559, 24.0747108459, -8.16276168823, 24.161813736, 111.93397522, 34.8350028992], [-47.5229225159, 19.1583709717, 10.782371521, 8.45150184631, 0.552191019058, -2.49676084518, -12.8693122864, 0.0626903548837, 14.1850156784, -2.4147002697, 6.91128635406, 34.8350028992, 81.2966842651]],
