{
"lowlevel": {
    "average_loudness": 0.872674226761,
    "barkbands_crest": {
        "dmean": 2.27259802818,
        "dmean2": 3.68602347374,
        "dvar": 4.58654403687,
        "dvar2": 11.5115938187,
        "max": 24.3396682739,
        "mean": 9.22684383392,
        "median": 8.43399238586,
        "min": 2.76562952995,
        "var": 15.4207019806
    },
    "barkbands_flatness_db": {
        "dmean": 0.0166083518416,
        "dmean2": 0.0263329409063,
        "dvar": 0.000213357096072,
        "dvar2": 0.000503239512909,
        "max": 0.293884277344,
        "mean": 0.159652888775,
        "median": 0.160262286663,
        "min": 0.0357749946415,
        "var": 0.00148401397746
    },
    "barkbands_kurtosis": {
        "dmean": 1.27351248264,
        "dmean2": 2.00770425797,
        "dvar": 3.69909310341,
        "dvar2": 8.97584915161,
        "max": 41.2206192017,
        "mean": 1.45034623146,
        "median": 0.45133292675,
        "min": -1.90791606903,
        "var": 11.5119028091
    },
    "barkbands_skewness": {
        "dmean": 0.369844019413,
        "dmean2": 0.569276094437,
        "dvar": 0.129547327757,
        "dvar2": 0.288212835789,
        "max": 5.44140625,
        "mean": 0.927706301212,
        "median": 0.906723499298,
        "min": -3.36849212646,
        "var": 0.793185412884
    },
    "barkbands_spread": {
        "dmean": 3.56812906265,
        "dmean2": 5.50447273254,
        "dvar": 18.0796031952,
        "dvar2": 41.1378440857,
        "max": 76.8301239014,
        "mean": 19.28540802,
        "median": 16.8306655884,
        "min": 2.54786515236,
        "var": 108.778320312
    },
    "dissonance": {
        "dmean": 0.0176160279661,
        "dmean2": 0.0297657251358,
        "dvar": 0.000316083081998,
        "dvar2": 0.000851027783938,
        "max": 0.500000119209,
        "mean": 0.463595241308,
        "median": 0.470065832138,
        "min": 0.291348814964,
        "var": 0.00076549698133
    },
    "dynamic_complexity": 2.92796754837,
    "erbbands_crest": {
        "dmean": 2.49440383911,
        "dmean2": 4.0605931282,
        "dvar": 5.5220489502,
        "dvar2": 13.7780160904,
        "max": 29.5242767334,
        "mean": 9.97526741028,
        "median": 8.96263694763,
        "min": 2.42678809166,
        "var": 18.6133003235
    },
    "erbbands_flatness_db": {
        "dmean": 0.01271337457,
        "dmean2": 0.0192393418401,
        "dvar": 0.000138775503729,
        "dvar2": 0.000291290169116,
        "max": 0.328061163425,
        "mean": 0.216036081314,
        "median": 0.217940568924,
        "min": 0.0873832628131,
        "var": 0.00110079022124
    },
    "erbbands_kurtosis": {
        "dmean": 0.784130573273,
        "dmean2": 1.2413328886,
        "dvar": 1.00504529476,
        "dvar2": 2.33805632591,
        "max": 18.6488952637,
        "mean": 0.397210747004,
        "median": -0.214921593666,
        "min": -1.81468236446,
        "var": 4.01146268845
    },
    "erbbands_skewness": {
        "dmean": 0.331670075655,
        "dmean2": 0.507474839687,
        "dvar": 0.0922657772899,
        "dvar2": 0.202629834414,
        "max": 3.27059745789,
        "mean": 0.272907018661,
        "median": 0.366342544556,
        "min": -3.79577064514,
        "var": 0.834615468979
    },
    "erbbands_spread": {
        "dmean": 4.98902988434,
        "dmean2": 7.71637487411,
        "dvar": 28.7293548584,
        "dvar2": 63.0147247314,
        "max": 108.716087341,
        "mean": 29.5197410583,
        "median": 28.5347366333,
        "min": 4.0507850647,
        "var": 150.401092529
    },
    "hfc": {
        "dmean": 4.64423036575,
        "dmean2": 6.81598138809,
        "dvar": 30.6795253754,
        "dvar2": 61.6736602783,
        "max": 113.591239929,
        "mean": 21.2458763123,
        "median": 21.2356796265,
        "min": 1.15859548806e-16,
        "var": 201.713623047
    },
    "melbands_crest": {
        "dmean": 2.79742288589,
        "dmean2": 4.57766008377,
        "dvar": 6.72841691971,
        "dvar2": 17.1946029663,
        "max": 31.8856010437,
        "mean": 11.9903383255,
        "median": 11.0721530914,
        "min": 1.71027934551,
        "var": 25.0464935303
    },
    "melbands_flatness_db": {
        "dmean": 0.016855224967,
        "dmean2": 0.0258079413325,
        "dvar": 0.000273366284091,
        "dvar2": 0.00060232746182,
        "max": 0.338007152081,
        "mean": 0.165303826332,
        "median": 0.162647873163,
        "min": 0.00507111661136,
        "var": 0.00271515292116
    },
    "melbands_kurtosis": {
        "dmean": 2.38292455673,
        "dmean2": 3.7795753479,
        "dvar": 12.3479013443,
        "dvar2": 29.7531929016,
        "max": 70.6959762573,
        "mean": 4.79837226868,
        "median": 3.08305287361,
        "min": -1.83357286453,
        "var": 38.6645355225
    },
    "melbands_skewness": {
        "dmean": 0.410276263952,
        "dmean2": 0.642236828804,
        "dvar": 0.161888942122,
        "dvar2": 0.373053431511,
        "max": 6.7704744339,
        "mean": 1.608086586,
        "median": 1.51516461372,
        "min": -1.10486793518,
        "var": 0.890960454941
    },
    "melbands_spread": {
        "dmean": 6.61673545837,
        "dmean2": 10.0476236343,
        "dvar": 86.9326095581,
        "dvar2": 164.084396362,
        "max": 221.45413208,
        "mean": 29.3535823822,
        "median": 23.4245414734,
        "min": 2.33195161819,
        "var": 509.266021729
    },
    "pitch_salience": {
        "dmean": 0.0571823641658,
        "dmean2": 0.0920183062553,
        "dvar": 0.00256206095219,
        "dvar2": 0.00634584855288,
        "max": 0.905608475208,
        "mean": 0.614203155041,
        "median": 0.621326446533,
        "min": 0.166642487049,
        "var": 0.0117575544864
    },
    "silence_rate_20dB": {
        "dmean": 0,
        "dmean2": 0,
        "dvar": 0,
        "dvar2": 0,
        "max": 1,
        "mean": 1,
        "median": 1,
        "min": 1,
        "var": 0
    },
    "silence_rate_30dB": {
        "dmean": 0,
        "dmean2": 0,
        "dvar": 0,
        "dvar2": 0,
        "max": 1,
        "mean": 1,
        "median": 1,
        "min": 1,
        "var": 0
    },
    "silence_rate_60dB": {
        "dmean": 0.0193200353533,
        "dmean2": 0.0386449173093,
        "dvar": 0.0189457219094,
        "dvar2": 0.0434266217053,
        "max": 1,
        "mean": 0.0890617147088,
        "median": 0,
        "min": 0,
        "var": 0.0811322256923
    },
    "spectral_centroid": {
        "dmean": 215.732452393,
        "dmean2": 321.951080322,
        "dvar": 70415.0546875,
        "dvar2": 130559.8125,
        "max": 11442.7529297,
        "mean": 1632.8560791,
        "median": 1563.01794434,
        "min": 263.250061035,
        "var": 528521.125
    },
    "spectral_complexity": {
        "dmean": 2.87090706825,
        "dmean2": 4.58193206787,
        "dvar": 7.09253835678,
        "dvar2": 16.6325740814,
        "max": 53,
        "mean": 19.9613647461,
        "median": 21,
        "min": 0,
        "var": 74.3227386475
    },
    "spectral_decrease": {
        "dmean": 1.04566255654e-09,
        "dmean2": 1.59038027192e-09,
        "dvar": 1.44456071801e-18,
        "dvar2": 3.22784197069e-18,
        "max": 1.83892139479e-29,
        "mean": -4.41651337724e-09,
        "median": -4.31937285938e-09,
        "min": -1.81294872448e-08,
        "var": 7.37485779139e-18
    },
    "spectral_energy": {
        "dmean": 0.00427404604852,
        "dmean2": 0.00649160332978,
        "dvar": 2.36574069277e-05,
        "dvar2": 5.23269263795e-05,
        "max": 0.0720252916217,
        "mean": 0.0185959972441,
        "median": 0.0185087881982,
        "min": 1.06716008698e-20,
        "var": 0.000124723941553
    },
    "spectral_energyband_high": {
        "dmean": 0.000169551145518,
        "dmean2": 0.00025199650554,
        "dvar": 2.14292668943e-07,
        "dvar2": 4.21454302568e-07,
        "max": 0.0119101796299,
        "mean": 0.000478172820294,
        "median": 0.000262412097072,
        "min": 7.28646922609e-21,
        "var": 6.20674711627e-07
    },
    "spectral_energyband_low": {
        "dmean": 0.000237022351939,
        "dmean2": 0.000387139501981,
        "dvar": 3.47161204672e-07,
        "dvar2": 8.55790915466e-07,
        "max": 0.0173112489283,
        "mean": 0.000600047991611,
        "median": 0.000302704924252,
        "min": 1.62858835047e-23,
        "var": 9.09021878215e-07
    },
    "spectral_energyband_middle_high": {
        "dmean": 0.00175486016087,
        "dmean2": 0.0026173829101,
        "dvar": 5.0186235967e-06,
        "dvar2": 1.07900259536e-05,
        "max": 0.0415835753083,
        "mean": 0.00657789502293,
        "median": 0.00590361002833,
        "min": 1.40654379028e-21,
        "var": 2.69146221399e-05
    },
    "spectral_energyband_middle_low": {
        "dmean": 0.00355166196823,
        "dmean2": 0.00547268986702,
        "dvar": 1.84245400305e-05,
        "dvar2": 4.41684351244e-05,
        "max": 0.0635476410389,
        "mean": 0.0113880643621,
        "median": 0.00990629941225,
        "min": 2.94265034808e-22,
        "var": 7.65354416217e-05
    },
    "spectral_entropy": {
        "dmean": 0.11027622968,
        "dmean2": 0.16554877162,
        "dvar": 0.0128051750362,
        "dvar2": 0.0253999866545,
        "max": 9.80375957489,
        "mean": 7.45862722397,
        "median": 7.43704891205,
        "min": 6.43105077744,
        "var": 0.114612348378
    },
    "spectral_flux": {
        "dmean": 0.0172366164625,
        "dmean2": 0.0283955186605,
        "dvar": 0.000313579716021,
        "dvar2": 0.000820354209282,
        "max": 0.199045553803,
        "mean": 0.0710731074214,
        "median": 0.0718620717525,
        "min": 6.70213468057e-11,
        "var": 0.00104584230576
    },
    "spectral_kurtosis": {
        "dmean": 1.88215708733,
        "dmean2": 3.28130030632,
        "dvar": 3.33661818504,
        "dvar2": 10.2889623642,
        "max": 23.293504715,
        "mean": 4.87926673889,
        "median": 4.19571876526,
        "min": -1.22892701626,
        "var": 8.72647285461
    },
    "spectral_rms": {
        "dmean": 0.000483779294882,
        "dmean2": 0.000721506017726,
        "dvar": 2.5744549248e-07,
        "dvar2": 5.18467288657e-07,
        "max": 0.00838263519108,
        "mean": 0.00400407193229,
        "median": 0.00424939487129,
        "min": 3.2266574395e-12,
        "var": 2.10979192161e-06
    },
    "spectral_rolloff": {
        "dmean": 386.679840088,
        "dmean2": 624.042114258,
        "dvar": 371803.6875,
        "dvar2": 729906.4375,
        "max": 19229.1503906,
        "mean": 2035.74060059,
        "median": 1787.25585938,
        "min": 172.265625,
        "var": 1737247.125
    },
    "spectral_skewness": {
        "dmean": 0.222320839763,
        "dmean2": 0.37053501606,
        "dvar": 0.0399694032967,
        "dvar2": 0.109190002084,
        "max": 3.44175100327,
        "mean": 1.46764218807,
        "median": 1.39161324501,
        "min": -0.0183946713805,
        "var": 0.224721118808
    },
    "spectral_spread": {
        "dmean": 278533.1875,
        "dmean2": 419251.75,
        "dvar": 353092567040,
        "dvar2": 550491979776,
        "max": 41183888,
        "mean": 3454563,
        "median": 3297102.5,
        "min": 2052767.625,
        "var": 1.20130908979e+12
    },
    "spectral_strongpeak": {
        "dmean": 0.67683839798,
        "dmean2": 1.13045597076,
        "dvar": 1.12355780602,
        "dvar2": 2.82350564003,
        "max": 18.4539394379,
        "mean": 1.52323281765,
        "median": 1.15235435963,
        "min": 0,
        "var": 2.03023576736
    },
    "zerocrossingrate": {
        "dmean": 0.00769758131355,
        "dmean2": 0.00896519888192,
        "dvar": 0.000147921586176,
        "dvar2": 0.00014457256475,
        "max": 0.83447265625,
        "mean": 0.0685754641891,
        "median": 0.06201171875,
        "min": 0.01123046875,
        "var": 0.00140779349022
    },
    "barkbands": {
        "dmean": [8.5841084001e-06, 6.05735840509e-05, 0.000118008858408, 0.000234401508351, 0.000753802480176, 0.00105577870272, 0.00116445228923, 0.00116843776777, 0.00126125337556, 0.000630286929663, 0.000281791028101, 0.000300898420392, 0.000308720569592, 0.000271038268693, 0.000301585823763, 0.000276767183095, 0.000409918517107, 0.000282410270302, 0.000320218881825, 0.000160971350851, 5.25519681105e-05, 6.84928454575e-05, 3.81212485081e-05, 2.24277337111e-05, 7.59457680033e-06, 9.50345622641e-07, 1.78104775372e-09],
        "dmean2": [1.4563649529e-05, 0.000101709716546, 0.000190092789126, 0.000379118748242, 0.00119457999244, 0.00167088583112, 0.00185132503975, 0.00180445436854, 0.00194027088583, 0.00098940206226, 0.000446387188276, 0.000474835309433, 0.000489086087327, 0.000441528100055, 0.000481356371893, 0.000442018761532, 0.000641077698674, 0.000444950332167, 0.000468879617983, 0.00025580485817, 8.25883471407e-05, 0.00010619033128, 5.84292720305e-05, 3.38451864081e-05, 1.10941982712e-05, 1.38386621984e-06, 3.21749693555e-09],
        "dvar": [1.21746154824e-10, 1.72495404627e-08, 1.22509106859e-07, 3.03846121597e-07, 1.90948708223e-06, 3.31014803123e-06, 6.75124283589e-06, 5.97845382799e-06, 6.21689696345e-06, 1.65911581007e-06, 4.2576988335e-07, 5.63269850318e-07, 6.55495057345e-07, 3.04657987726e-07, 3.70422952756e-07, 3.04930210859e-07, 4.86115027343e-07, 3.32412184889e-07, 3.31305244572e-07, 1.09911709956e-07, 1.59914872455e-08, 5.22221057508e-08, 1.87274498131e-08, 1.15256391098e-08, 6.7623978639e-10, 1.36031654691e-11, 2.2183685686e-16],
        "dvar2": [3.48735096356e-10, 4.41733298828e-08, 3.02631150362e-07, 7.0639561045e-07, 4.22504672315e-06, 8.27334315545e-06, 1.66201698448e-05, 1.33067278512e-05, 1.46278052853e-05, 4.03451167585e-06, 9.46646366629e-07, 1.21038351608e-06, 1.50254106757e-06, 7.53997653646e-07, 8.69076416166e-07, 7.0734131441e-07, 1.0814333109e-06, 7.73354940975e-07, 6.53454264921e-07, 2.67081446736e-07, 3.69902046771e-08, 1.18409779759e-07, 4.07064497665e-08, 2.43094131491e-08, 1.25694310515e-09, 2.48491279636e-11, 6.2199175152e-16],
        "max": [0.000202263414394, 0.0044357907027, 0.00957847572863, 0.0187256447971, 0.0366659611464, 0.0328254364431, 0.0402248203754, 0.0397216826677, 0.0458475314081, 0.0322432480752, 0.016752788797, 0.023224497214, 0.0291782934219, 0.0104306060821, 0.0204199161381, 0.0109387375414, 0.0167532134801, 0.0274745225906, 0.0184973683208, 0.00743825733662, 0.00299867149442, 0.00792035646737, 0.00544518046081, 0.00403180113062, 0.000845567032229, 0.000116157985758, 6.69926862429e-07],
        "mean": [1.10431064968e-05, 0.000134564819746, 0.000270939344773, 0.00044394339784, 0.00165882823057, 0.0020650611259, 0.0019975642208, 0.00217340677045, 0.00258112885058, 0.00126050587278, 0.00044584996067, 0.000507499789819, 0.000522456248291, 0.000461449410068, 0.000532140547875, 0.000520700938068, 0.000825012510177, 0.000663856451865, 0.000779195630457, 0.000334388052579, 0.000113136287837, 0.00014160903811, 8.40753782541e-05, 4.68037978862e-05, 1.92836560018e-05, 1.53619066623e-06, 1.35752697972e-09],
        "median": [7.42483098293e-06, 7.26865036995e-05, 6.59491633996e-05, 0.000150514009874, 0.000825607799925, 0.000970217981376, 0.000800730078481, 0.000602538173553, 0.000742187956348, 0.000403702812036, 0.00018240782083, 0.000187176774489, 0.000180413291673, 0.000165203207871, 0.000197730725631, 0.000217277178308, 0.000433352019172, 0.000272620527539, 0.000316470308462, 0.000128858402604, 5.2245297411e-05, 6.39304344077e-05, 3.94014714402e-05, 1.83374686458e-05, 8.68889401318e-06, 1.25859429545e-08, 2.53603749112e-10],
        "min": [7.11561056207e-24, 5.05730285526e-24, 9.16609927681e-25, 1.43074645306e-23, 6.30653904046e-23, 2.17944771178e-23, 1.21490984955e-23, 4.98661855156e-23, 3.70465615616e-23, 2.75419393906e-23, 4.28057573516e-23, 3.77812876761e-23, 2.66974890352e-23, 7.89328731292e-23, 1.40447508145e-22, 9.75306728666e-23, 1.57032873226e-22, 2.43427379709e-22, 1.39969647763e-22, 2.0260628911e-22, 2.67988090676e-22, 4.47052195532e-22, 6.00902437835e-22, 6.62548497077e-22, 1.1744799456e-21, 1.54656026483e-21, 2.25010332617e-21],
        "var": [1.45487066838e-10, 4.04946085553e-08, 3.06344560386e-07, 7.68894267367e-07, 7.01496355759e-06, 8.70386065799e-06, 1.2648187294e-05, 1.65688470588e-05, 2.18155018956e-05, 5.29252474735e-06, 8.00544967205e-07, 1.18298464713e-06, 1.48961248669e-06, 6.35073831745e-07, 9.31118790959e-07, 8.07491687738e-07, 1.36451683375e-06, 1.49662469084e-06, 1.68536803358e-06, 3.35209563218e-07, 3.31958496247e-08, 9.12110635909e-08, 3.90451937449e-08, 2.33946693129e-08, 2.00575822618e-09, 3.72443222096e-11, 1.57905536388e-16]
    },
    "erbbands": {
        "dmean": [0.00169276678935, 0.0154113685712, 0.0993862077594, 0.467169463634, 1.37370431423, 3.09808850288, 4.96665668488, 10.8719758987, 15.0347709656, 15.8183708191, 27.901391983, 31.4344177246, 18.792842865, 17.8634719849, 9.83343601227, 11.5240221024, 13.7295646667, 13.4392213821, 15.1754322052, 11.6855754852, 15.4863586426, 19.3095798492, 16.8726406097, 11.9267940521, 16.567489624, 6.09084653854, 2.02031302452, 2.35072278976, 2.62467384338, 1.68743538857, 1.02317416668, 0.664863228798, 0.269435822964, 0.111058719456, 0.0469436794519, 0.00882099103183, 0.000745821103919, 4.16975744884e-05, 3.65387541024e-06, 5.24831648363e-06],
        "dmean2": [0.0028754551895, 0.0256768185645, 0.160167038441, 0.765692532063, 2.16618013382, 4.87188339233, 7.73379659653, 17.3062992096, 23.5621089935, 25.0130958557, 42.6856651306, 48.2717514038, 29.0374717712, 29.0076160431, 15.6259241104, 18.0648841858, 21.401517868, 21.675863266, 24.4868278503, 18.4899349213, 24.2163200378, 29.9491462708, 26.5527935028, 17.976556778, 24.4900817871, 9.44287586212, 3.19371962547, 3.65137410164, 4.10297489166, 2.58909440041, 1.56914961338, 1.00337028503, 0.406258493662, 0.163712784648, 0.0687275975943, 0.0128171518445, 0.00107674126048, 5.88383009017e-05, 5.17765238328e-06, 7.93244998931e-06],
        "dvar": [1.10193686851e-05, 0.00134796695784, 0.0890699848533, 1.25773727894, 7.84570741653, 50.025188446, 71.8776626587, 400.286010742, 1172.37805176, 1162.04345703, 3297.47094727, 4107.88818359, 1314.79516602, 1942.83496094, 555.439575195, 758.482116699, 1305.15332031, 931.487915039, 914.050354004, 557.271911621, 966.137634277, 1013.18054199, 1348.25488281, 551.230895996, 955.954406738, 147.113845825, 18.6799240112, 41.5734786987, 65.9654693604, 40.9393539429, 15.1813659668, 9.55726242065, 1.65582382679, 0.16823014617, 0.0198118537664, 0.000913087162189, 1.90832415683e-05, 1.06609142847e-07, 6.67894350936e-11, 3.41392816794e-11],
        "dvar2": [2.93649227388e-05, 0.00343625294045, 0.220986604691, 3.07306098938, 16.8014125824, 105.484291077, 176.79838562, 1011.26416016, 2855.16186523, 2839.28198242, 7573.57763672, 9906.36816406, 2948.015625, 5004.87304688, 1152.8392334, 1699.03588867, 2803.52416992, 2317.92480469, 2294.3581543, 1321.2376709, 2156.34277344, 2220.17675781, 3203.98461914, 1119.32019043, 1925.08361816, 330.325500488, 44.242855072, 96.9311065674, 147.071060181, 94.4381484985, 34.1543312073, 20.8268260956, 3.49014568329, 0.320669740438, 0.0379491485655, 0.00167135987431, 3.56815762643e-05, 2.10011066315e-07, 1.18407908478e-10, 7.44283384924e-11],
        "max": [0.100239433348, 1.39355409145, 8.3178730011, 38.6172599792, 123.531562805, 219.070541382, 162.220901489, 341.158905029, 779.086791992, 670.873840332, 1012.56378174, 1291.98632812, 976.785888672, 1300.3326416, 833.242431641, 777.746337891, 1592.5078125, 785.053649902, 652.06237793, 703.649841309, 697.99597168, 823.495300293, 1914.70349121, 559.836425781, 1133.79345703, 485.173339844, 87.5639419556, 161.058822632, 313.011535645, 266.847564697, 148.985397339, 126.977607727, 48.1952629089, 14.5741109848, 5.10191106796, 0.97885710001, 0.144947052002, 0.0147402826697, 0.00030053127557, 9.14519987418e-05],
        "mean": [0.00333406869322, 0.0362219847739, 0.252600073814, 0.956220209599, 2.77444219589, 6.42734622955, 10.3813152313, 20.0562648773, 27.0876541138, 30.1849117279, 55.1735534668, 65.7675476074, 40.8695068359, 35.1164016724, 18.87981987, 20.6855621338, 24.8980789185, 24.9608154297, 28.7702713013, 23.1378288269, 33.9180908203, 43.540851593, 40.7865562439, 32.5155906677, 40.6115875244, 15.0623884201, 4.7413225174, 4.9181303978, 5.41946601868, 3.44538187981, 2.21982908249, 1.33582746983, 0.580802321434, 0.268194109201, 0.111810930073, 0.0174599252641, 0.0011997052934, 7.02801844454e-05, 1.51697868205e-05, 2.39298442466e-05],
        "median": [0.00144372251816, 0.0207980982959, 0.0841138660908, 0.378088414669, 1.33295881748, 2.85528039932, 4.80465888977, 8.73194503784, 12.2798652649, 13.436832428, 17.8949775696, 22.0314025879, 15.9924497604, 10.9742918015, 9.7940864563, 8.06974983215, 9.55086517334, 9.8850479126, 11.2066650391, 11.1219129562, 15.3947324753, 25.3319549561, 18.8408470154, 14.0991096497, 16.4748916626, 6.90982675552, 2.31343603134, 2.38979816437, 2.35085606575, 1.59565067291, 1.0051510334, 0.542377591133, 0.232359290123, 0.118400596082, 0.0489674210548, 0.00358770415187, 0.000119080854347, 1.34527999762e-05, 1.41692107718e-05, 2.47564712481e-05],
        "min": [3.32842428287e-22, 6.36536080096e-22, 1.10077241769e-21, 2.21662787608e-20, 1.56993516513e-19, 1.24839325893e-19, 2.01956237028e-19, 2.25113248749e-19, 1.82746027126e-19, 7.5403323778e-19, 1.25502096604e-18, 1.01507654985e-18, 7.31947050136e-19, 1.12257363354e-18, 2.15531462537e-18, 1.49844564125e-18, 1.45547774433e-18, 4.73899382993e-18, 6.43410403996e-18, 7.71353448549e-18, 5.98969753356e-18, 9.37924959169e-18, 1.41454320212e-17, 9.81812763647e-18, 8.51763841332e-18, 1.16835870083e-17, 1.1006160001e-17, 1.0793095646e-17, 1.42812650039e-17, 1.74590431088e-17, 1.44734107884e-17, 1.3715222002e-17, 1.1858527436e-17, 1.16134329933e-17, 8.21854810179e-18, 4.79254963869e-18, 3.12233218842e-18, 1.31050431242e-18, 3.08397644381e-19, 3.04478882691e-20],
        "var": [2.66958795692e-05, 0.00299709523097, 0.238257527351, 3.05749678612, 25.3938293457, 165.00604248, 212.961364746, 930.302612305, 2241.01660156, 2537.63598633, 9703.81835938, 13536.8486328, 4787.82617188, 5209.72021484, 1213.47546387, 1695.06152344, 3061.08886719, 1946.80041504, 2387.32470703, 1129.14465332, 3221.4453125, 3057.20678711, 5468.80957031, 3342.86791992, 4238.53173828, 614.574707031, 53.6918945312, 70.6116638184, 119.712493896, 77.5995025635, 28.4165153503, 18.1302318573, 3.55811238289, 0.476628035307, 0.0571698360145, 0.00269316113554, 4.53500069852e-05, 1.9593173306e-07, 2.22583257381e-10, 1.89762289216e-10]
    },
    "gfcc": {
        "mean": [-33.5303916931, 102.711288452, -170.887145996, 31.7228298187, -85.7103118896, -0.467868447304, -48.7318077087, 7.45297527313, -16.2535037994, -12.7394638062, -5.43426370621, -12.7607707977, -1.30900382996],
        "cov": [[5628.96875, -671.196166992, -570.823364258, 161.527832031, -313.550842285, -268.956512451, -111.560005188, 196.777130127, -47.9665794373, 64.4209060669, -35.5521240234, 107.023246765, -78.4306945801], [-671.196166992, 1308.53210449, 276.041595459, -242.634841919, 159.24961853, -72.8409347534, 83.6391983032, -123.038116455, 55.8012619019, -129.505126953, 116.349060059, -165.79788208, 31.6123180389], [-570.823364258, 276.041595459, 583.672851562, 123.533187866, 30.4097576141, 15.6525087357, -64.3922729492, -45.8959465027, -15.986782074, -20.1871128082, -35.5548667908, 36.9353218079, -13.5363559723], [161.527832031, -242.634841919, 123.533187866, 381.654754639, 21.595249176, -92.4815750122, -110.874763489, 12.6751394272, -0.837261855602, -38.5766792297, -40.6205596924, 68.252243042, 12.9036226273], [-313.550842285, 159.24961853, 30.4097576141, 21.595249176, 193.693435669, 52.4020996094, -7.5009431839, 21.4092903137, 16.4112644196, -0.666409254074, -3.99572467804, -28.9953632355, 19.9272212982], [-268.956512451, -72.8409347534, 15.6525087357, -92.4815750122, 52.4020996094, 267.827026367, 89.6469039917, 7.46856498718, -5.22762203217, 85.751411438, -34.2621192932, -10.0828704834, 7.6295542717], [-111.560005188, 83.6391983032, -64.3922729492, -110.874763489, -7.5009431839, 89.6469039917, 176.569366455, 33.7547645569, -8.95991420746, 18.6762580872, 17.8097248077, -46.5227775574, -1.15401136875], [196.777130127, -123.038116455, -45.8959465027, 12.6751394272, 21.4092903137, 7.46856498718, 33.7547645569, 129.789459229, 11.667755127, 27.7671279907, -9.27189540863, 1.70052075386, -14.3604097366], [-47.9665794373, 55.8012619019, -15.986782074, -0.837261855602, 16.4112644196, -5.22762203217, -8.95991420746, 11.667755127, 97.1954803467, 19.5368652344, 1.43159937859, -18.9463558197, 12.2985076904], [64.4209060669, -129.505126953, -20.1871128082, -38.5766792297, -0.666409254074, 85.751411438, 18.6762580872, 27.7671279907, 19.5368652344, 134.176055908, 4.62170028687, 3.70719027519, -14.4272890091], [-35.5521240234, 116.349060059, -35.5548667908, -40.6205596924, -3.99572467804, -34.2621192932, 17.8097248077, -9.27189540863, 1.43159937859, 4.62170028687, 101.153030396, 3.49146151543, -4.87019062042], [107.023246765, -165.79788208, 36.9353218079, 68.252243042, -28.9953632355, -10.0828704834, -46.5227775574, 1.70052075386, -18.9463558197, 3.70719027519, 3.49146151543, 110.409370422, 22.3837604523], [-78.4306945801, 31.6123180389, -13.5363559723, 12.9036226273, 19.9272212982, 7.6295542717, -1.15401136875, -14.3604097366, 12.2985076904, -14.4272890091, -4.87019062042, 22.3837604523, 81.5272521973]],
        "icov": [[0.000299293344142, -0.000427295337431, 0.000606330344453, -0.000416709168348, 0.000763856398407, -6.25676402706e-05, 0.000440501113189, -0.000690919929184, 0.000434805289842, -0.000492367660627, 0.00055969360983, -0.000480659073219, 0.000336601602612], [-0.000427295337431, 0.00447622267529, -0.00364070991054, 0.00333379441872, -0.0042697484605, 0.00238416413777, -0.00260736094788, 0.00345780677162, -0.00260064052418, 0.0031895453576, -0.00419564638287, 0.00429518241435, -0.00235935277306], [0.000606330344453, -0.00364070991054, 0.00527997454628, -0.00336544821039, 0.0033828499727, -0.00216745771468, 0.00246022432111, -0.00223898561671, 0.00225991127081, -0.00247804354876, 0.00404121587053, -0.00425443425775, 0.00305079994723], [-0.000416709168348, 0.00333379441872, -0.00336544821039, 0.0065887211822, -0.00419519469142, 0.00306175951846, -0.00100497202948, 0.00203067320399, -0.00214419327676, 0.00268469192088, -0.00150308583397, 0.00114424037747, -0.00181822990999], [0.000763856398407, -0.0042697484605, 0.0033828499727, -0.00419519469142, 0.0121104195714, -0.00531046558172, 0.00574813177809, -0.00661257607862, 0.0027507529594, -0.00168828677852, 0.00175208772998, 0.000118137388199, -0.000571885204408], [-6.25676402706e-05, 0.00238416413777, -0.00216745771468, 0.00306175951846, -0.00531046558172, 0.00993749219924, -0.00612630601972, 0.00407043704763, -0.000630102353171, -0.00357689382508, 0.00244883843698, -0.00050362671027, -0.00108420348261], [0.000440501113189, -0.00260736094788, 0.00246022432111, -0.00100497202948, 0.00574813177809, -0.00612630601972, 0.0131798684597, -0.00683302013204, 0.0035645829048, 0.000189448488527, -0.00140149088111, 0.00296760373749, -0.00124905782286], [-0.000690919929184, 0.00345780677162, -0.00223898561671, 0.00203067320399, -0.00661257607862, 0.00407043704763, -0.00683302013204, 0.0141487019137, -0.00387846189551, 5.01387512486e-05, -0.000446155638201, -6.69256260153e-05, 0.00151788385119], [0.000434805289842, -0.00260064052418, 0.00225991127081, -0.00214419327676, 0.0027507529594, -0.000630102353171, 0.0035645829048, -0.00387846189551, 0.0141479484737, -0.00469089206308, 0.00183887616731, 0.00147581822239, -0.00236450019293], [-0.000492367660627, 0.0031895453576, -0.00247804354876, 0.00268469192088, -0.00168828677852, -0.00357689382508, 0.000189448488527, 5.01387512486e-05, -0.00469089206308, 0.0142565397546, -0.00559532223269, 0.00255616311915, 0.000406580424169], [0.00055969360983, -0.00419564638287, 0.00404121587053, -0.00150308583397, 0.00175208772998, 0.00244883843698, -0.00140149088111, -0.000446155638201, 0.00183887616731, -0.00559532223269, 0.0175470914692, -0.00809310935438, 0.00432099541649], [-0.000480659073219, 0.00429518241435, -0.00425443425775, 0.00114424037747, 0.000118137388199, -0.00050362671027, 0.00296760373749, -6.69256260153e-05, 0.00147581822239, 0.00255616311915, -0.00809310935438, 0.0201217494905, -0.00874515995383], [0.000336601602612, -0.00235935277306, 0.00305079994723, -0.00181822990999, -0.000571885204408, -0.00108420348261, -0.00124905782286, 0.00151788385119, -0.00236450019293, 0.000406580424169, 0.00432099541649, -0.00874515995383, 0.0178775358945]]
    },
    "melbands": {
        "dmean": [1.55487869051e-05, 3.97092044295e-05, 9.9708304333e-05, 0.000157348127686, 0.000168067970662, 0.00022848341905, 0.000237095417106, 0.000181658746442, 0.000237096814089, 0.000191629587789, 9.50203320826e-05, 7.54269858589e-05, 3.39328398695e-05, 3.46304768755e-05, 3.08351955027e-05, 2.9957454899e-05, 2.67864270427e-05, 2.44235725404e-05, 2.08266592381e-05, 1.69596260093e-05, 2.07608718483e-05, 2.19351768465e-05, 2.21369118663e-05, 1.29741501951e-05, 1.03760376078e-05, 1.41479094964e-05, 1.01228197309e-05, 3.22717210111e-06, 1.3492602875e-06, 1.42683018112e-06, 1.50113248765e-06, 1.71518831849e-06, 1.23381880712e-06, 9.2712315336e-07, 6.5206927502e-07, 5.33493391686e-07, 4.00445088644e-07, 2.14791199937e-07, 1.43452069779e-07, 8.90190747782e-08],
        "dmean2": [2.63603360509e-05, 6.41363003524e-05, 0.000160624826094, 0.000249664648436, 0.000260162225459, 0.000363955681678, 0.000372792215785, 0.000284846842987, 0.00036267604446, 0.000296523387078, 0.000146249993122, 0.00012263157987, 5.36876032129e-05, 5.4319978517e-05, 4.84614720335e-05, 4.73226173199e-05, 4.36023219663e-05, 3.96617579099e-05, 3.29644390149e-05, 2.75281436188e-05, 3.25565306412e-05, 3.41838094755e-05, 3.51199378201e-05, 2.06622444239e-05, 1.59419923875e-05, 2.08413821383e-05, 1.5740724848e-05, 5.20428602613e-06, 2.18275727093e-06, 2.28509384215e-06, 2.34942922361e-06, 2.6958853141e-06, 1.93155847228e-06, 1.4592583284e-06, 1.02269802937e-06, 8.23172968012e-07, 6.18816159204e-07, 3.32991561436e-07, 2.18260140628e-07, 1.34530651508e-07],
        "dvar": [9.48111478216e-10, 1.33508182287e-08, 4.75124366517e-08, 1.00275961756e-07, 7.71072024008e-08, 1.7252305895e-07, 2.73228778269e-07, 1.43717528545e-07, 2.12514407849e-07, 1.48577669279e-07, 3.44249784234e-08, 3.49137678768e-08, 5.98361582504e-09, 7.89855025829e-09, 6.18693229981e-09, 6.36340002913e-09, 3.55158902288e-09, 2.29144059283e-09, 2.15701745354e-09, 1.34447764033e-09, 1.7919500328e-09, 1.40705735951e-09, 1.58906954262e-09, 8.3515833138e-10, 4.54409787576e-10, 7.83155984507e-10, 4.10791095584e-10, 5.182978699e-11, 9.54227929312e-12, 1.23244149261e-11, 1.76677006358e-11, 2.44044368047e-11, 2.43345898987e-11, 1.05710544485e-11, 5.31438434925e-12, 6.00324174052e-12, 4.21814276216e-12, 1.09497426317e-12, 4.44074437595e-13, 8.87476534319e-14],
        "dvar2": [2.47224996031e-09, 3.32721725727e-08, 1.09692294359e-07, 2.24073261279e-07, 1.80258069804e-07, 4.39457551238e-07, 6.56750501093e-07, 3.39619191436e-07, 4.90643458306e-07, 3.65677777836e-07, 7.65795036273e-08, 8.99356322748e-08, 1.27665842342e-08, 1.7039782918e-08, 1.44668943491e-08, 1.52147592303e-08, 8.70950511711e-09, 5.81764281193e-09, 4.64585614424e-09, 3.34752225939e-09, 4.1801797579e-09, 3.1266760292e-09, 3.70407637895e-09, 2.0142951751e-09, 9.55610257591e-10, 1.53636947609e-09, 9.6407648531e-10, 1.196532734e-10, 2.37180709101e-11, 2.97350546963e-11, 4.25724420994e-11, 5.56005796959e-11, 5.93507465396e-11, 2.43087806828e-11, 1.21135167869e-11, 1.44234338015e-11, 9.45365140337e-12, 2.43427955744e-12, 9.46330470583e-13, 1.72733328292e-13],
        "max": [0.000780311296694, 0.00335627468303, 0.00775662995875, 0.00858241692185, 0.00577844213694, 0.00704286713153, 0.00992677174509, 0.00797929428518, 0.00711830100045, 0.00737891625613, 0.00506005622447, 0.00546683743596, 0.00267808162607, 0.00279222009704, 0.00215832726099, 0.00270921876654, 0.00126559648197, 0.000874697405379, 0.00221709674224, 0.000852116907481, 0.000937292235903, 0.000812422658782, 0.00142394588329, 0.00105254759546, 0.000490402162541, 0.000915454409551, 0.000387097185012, 0.000361865211744, 6.7437053076e-05, 9.46653017309e-05, 0.000135283684358, 0.00016710262571, 0.00018589287356, 0.000118479940284, 8.34392922116e-05, 0.000106156192487, 9.12904652068e-05, 3.28647220158e-05, 2.77232338703e-05, 9.78568732535e-06],
        "mean": [3.42822168022e-05, 0.000101741126855, 0.000208628393011, 0.000334648531862, 0.000362739170669, 0.000428168248618, 0.000422885874286, 0.00034617583151, 0.000467386184027, 0.000393530121073, 0.000193924322957, 0.000143773417221, 5.95837191213e-05, 6.01130086579e-05, 5.03649207531e-05, 5.26453659404e-05, 4.54083674413e-05, 4.41097763542e-05, 3.71011046809e-05, 3.01298678096e-05, 4.24159843533e-05, 4.46658450528e-05, 4.51600717497e-05, 3.00999163301e-05, 2.48210671998e-05, 3.27787420247e-05, 2.2378828362e-05, 6.76559875501e-06, 2.76890182249e-06, 2.65481298811e-06, 2.87430520984e-06, 3.3570818232e-06, 2.27096825256e-06, 1.77680647084e-06, 1.30834462198e-06, 1.03923775896e-06, 7.27846156678e-07, 4.24135464527e-07, 2.92080756026e-07, 2.04131922033e-07],
        "median": [1.78132795554e-05, 4.34508256149e-05, 9.04605694814e-05, 0.000160298746778, 0.000180219329195, 0.000189454411156, 0.000184869713848, 0.000142300268635, 0.000141637021443, 0.000120170872833, 6.58637945889e-05, 4.00592143706e-05, 2.84870184259e-05, 2.45818609983e-05, 1.68699498317e-05, 1.7974547518e-05, 1.58872026077e-05, 1.68529804796e-05, 1.43274965012e-05, 1.39569092426e-05, 1.69921731867e-05, 2.38336724578e-05, 2.14993924601e-05, 1.09277862066e-05, 9.29526959226e-06, 1.17318031698e-05, 8.04630872153e-06, 2.72438205684e-06, 1.01383454876e-06, 1.17070999295e-06, 1.28333181237e-06, 1.37145218559e-06, 9.59837962e-07, 7.8628090705e-07, 5.57609382668e-07, 4.33059085481e-07, 2.67582265678e-07, 1.59098988206e-07, 1.16748026358e-07, 8.9645936896e-08],
        "min": [3.24187181331e-24, 5.63726806796e-25, 9.82017442169e-24, 1.30792648992e-23, 8.262678216e-24, 4.69936037495e-24, 2.9500739394e-24, 8.6722705752e-24, 9.17122904206e-24, 6.66423697388e-24, 3.5845046728e-24, 4.27989305493e-24, 6.98329334472e-24, 4.81282894427e-24, 2.63841629499e-24, 3.14968690843e-24, 9.59570089566e-24, 8.85252450319e-24, 1.15320191521e-23, 8.65302394684e-24, 5.93407481418e-24, 8.36223167337e-24, 1.07290707688e-23, 1.20957154891e-23, 5.99177012864e-24, 4.36513302562e-24, 7.89842090415e-24, 7.51092927206e-24, 5.61444612476e-24, 5.88492799093e-24, 6.08348546406e-24, 7.07674732958e-24, 1.04095576475e-23, 8.46909787134e-24, 7.96064704121e-24, 8.63724278443e-24, 7.97984239362e-24, 7.46730841945e-24, 8.83043876442e-24, 9.2872184164e-24],
        "var": [2.44446463071e-09, 3.3978576397e-08, 1.31184663132e-07, 3.45345313235e-07, 2.52521118682e-07, 4.11905404007e-07, 5.37169114523e-07, 3.45679126212e-07, 6.58594331071e-07, 5.12892427196e-07, 1.2293193663e-07, 9.41953430811e-08, 1.21318315394e-08, 1.7221879034e-08, 1.06116662124e-08, 1.56388715311e-08, 6.99613167399e-09, 5.73116398783e-09, 4.91663643132e-09, 2.27384422402e-09, 5.98737859292e-09, 3.7612433168e-09, 5.24704546478e-09, 3.6835328121e-09, 2.2893467122e-09, 3.47470430206e-09, 1.45957390618e-09, 1.86661366919e-10, 2.67757691019e-11, 2.08214903652e-11, 2.7399273822e-11, 4.31582269922e-11, 3.6742209969e-11, 2.06357361754e-11, 9.71251377935e-12, 8.72326950258e-12, 7.2228937241e-12, 2.10290790857e-12, 8.74160824022e-13, 2.47640720864e-13]
    },
    "mfcc": {
        "mean": [-650.73828125, 114.296539307, -28.0188865662, 13.466296196, -11.9071178436, -16.2407207489, -18.2595214844, 1.82500720024, -9.70488739014, -1.3706921339, -0.809949338436, -6.28387260437, -3.18211221695],
        "cov": [[5075.49560547, -871.115600586, -453.25088501, 167.193756104, -259.711242676, -295.343200684, -161.627059937, 44.3603477478, -84.1022796631, 58.3529129028, -15.7651014328, 7.38467884064, 83.9381408691], [-871.115600586, 1364.37695312, 126.061630249, -143.576370239, 52.1327934265, 4.71753644943, 92.8026275635, -47.2060775757, -29.3507099152, 29.0971946716, 48.0936660767, -27.4140529633, -23.1753005981], [-453.25088501, 126.061630249, 488.300994873, 127.459640503, 58.3174934387, 51.1932525635, -37.7124862671, -5.4825091362, -13.7485523224, -75.6525650024, -27.1788272858, -8.67395877838, -13.3484811783], [167.193756104, -143.576370239, 127.459640503, 377.07925415, 113.780982971, -100.832069397, -96.2410125732, 36.7390518188, -40.6649246216, -67.3220825195, -44.5496025085, -37.0573120117, 20.777879715], [-259.711242676, 52.1327934265, 58.3174934387, 113.780982971, 233.848602295, 23.4631156921, -44.941570282, 1.91624295712, 15.5340566635, -1.42675638199, -22.3366527557, -18.0030155182, -7.80237007141], [-295.343200684, 4.71753644943, 51.1932525635, -100.832069397, 23.4631156921, 195.698318481, 60.472530365, -33.0396537781, 60.1440963745, 20.316614151, 9.76312732697, 9.9243555069, -35.0995140076], [-161.627059937, 92.8026275635, -37.7124862671, -96.2410125732, -44.941570282, 60.472530365, 172.960494995, 20.3102302551, 16.411939621, 54.8527412415, 15.9726819992, 15.8631544113, -9.13682746887], [44.3603477478, -47.2060775757, -5.4825091362, 36.7390518188, 1.91624295712, -33.0396537781, 20.3102302551, 95.2507476807, 6.0150346756, -10.807882309, -7.09074163437, -16.1948738098, 1.74144124985], [-84.1022796631, -29.3507099152, -13.7485523224, -40.6649246216, 15.5340566635, 60.1440963745, 16.411939621, 6.0150346756, 125.800743103, 49.0835189819, -0.674681603909, -1.91659998894, -36.7559051514], [58.3529129028, 29.0971946716, -75.6525650024, -67.3220825195, -1.42675638199, 20.316614151, 54.8527412415, -10.807882309, 49.0835189819, 158.15296936, 38.2254829407, 2.88216996193, -18.9769935608], [-15.7651014328, 48.0936660767, -27.1788272858, -44.5496025085, -22.3366527557, 9.76312732697, 15.9726819992, -7.09074163437, -0.674681603909, 38.2254829407, 92.8249282837, 28.3082294464, -0.507001698017], [7.38467884064, -27.4140529633, -8.67395877838, -37.0573120117, -18.0030155182, 9.9243555069, 15.8631544113, -16.1948738098, -1.91659998894, 2.88216996193, 28.3082294464, 88.5127563477, 30.5787734985], [83.9381408691, -23.1753005981, -13.3484811783, 20.777879715, -7.80237007141, -35.0995140076, -9.13682746887, 1.74144124985, -36.7559051514, -18.9769935608, -0.507001698017, 30.5787734985, 87.8552780151]],
