{
"lowlevel": {
    "average_loudness": 0.810537278652,
    "barkbands_crest": {
        "dmean": 2.85269522667,
        "dmean2": 4.55093097687,
        "dvar": 6.56149196625,
        "dvar2": 15.0681600571,
        "max": 26.3806095123,
        "mean": 12.8280439377,
        "median": 12.0840263367,
        "min": 2.75531435013,
        "var": 30.2596626282
    },
    "barkbands_flatness_db": {
        "dmean": 0.0206337831914,
        "dmean2": 0.031875424087,
        "dvar": 0.000398445175961,
        "dvar2": 0.000797011598479,
        "max": 0.471637427807,
        "mean": 0.264431685209,
        "median": 0.261940687895,
        "min": 0.0508837550879,
        "var": 0.00315558444709
    },
    "barkbands_kurtosis": {
        "dmean": 3.88020586967,
        "dmean2": 5.93996429443,
        "dvar": 63.2334403992,
        "dvar2": 123.688774109,
        "max": 333.26083374,
        "mean": 6.25071573257,
        "median": 2.65766167641,
        "min": -1.91214501858,
        "var": 180.256668091
    },
    "barkbands_skewness": {
        "dmean": 0.603813350201,
        "dmean2": 0.913591206074,
        "dvar": 0.433402955532,
        "dvar2": 0.912668764591,
        "max": 14.3937673569,
        "mean": 1.65768587589,
        "median": 1.44234955311,
        "min": -5.75681638718,
        "var": 2.27585220337
    },
    "barkbands_spread": {
        "dmean": 2.87557673454,
        "dmean2": 4.45330142975,
        "dvar": 17.1194095612,
        "dvar2": 36.9386138916,
        "max": 132.18572998,
        "mean": 10.4989042282,
        "median": 8.77611541748,
        "min": 0.225556373596,
        "var": 62.3929862976
    },
    "dissonance": {
        "dmean": 0.0284282509238,
        "dmean2": 0.0477371662855,
        "dvar": 0.000727856531739,
        "dvar2": 0.00200331374072,
        "max": 0.500000059605,
        "mean": 0.433326601982,
        "median": 0.443073987961,
        "min": 0.213132187724,
        "var": 0.0021556392312
    },
    "dynamic_complexity": 1.91214835644,
    "erbbands_crest": {
        "dmean": 3.1456079483,
        "dmean2": 5.00984859467,
        "dvar": 7.96456336975,
        "dvar2": 18.7038879395,
        "max": 32.7344169617,
        "mean": 12.7038736343,
        "median": 11.3197393417,
        "min": 2.91887879372,
        "var": 35.3851318359
    },
    "erbbands_flatness_db": {
        "dmean": 0.0148921543732,
        "dmean2": 0.0220601893961,
        "dvar": 0.000215587555431,
        "dvar2": 0.000407379615353,
        "max": 0.455578804016,
        "mean": 0.30310562253,
        "median": 0.304092764854,
        "min": 0.0775264129043,
        "var": 0.00216483254917
    },
    "erbbands_kurtosis": {
        "dmean": 1.39369249344,
        "dmean2": 2.20561361313,
        "dvar": 7.15958595276,
        "dvar2": 15.5106134415,
        "max": 97.345451355,
        "mean": 1.25120007992,
        "median": -0.00930452346802,
        "min": -1.93848061562,
        "var": 19.7939472198
    },
    "erbbands_skewness": {
        "dmean": 0.43555521965,
        "dmean2": 0.664181053638,
        "dvar": 0.188561618328,
        "dvar2": 0.392988473177,
        "max": 8.59573459625,
        "mean": 0.590975880623,
        "median": 0.512892603874,
        "min": -4.6636929512,
        "var": 1.00149333477
    },
    "erbbands_spread": {
        "dmean": 4.96076917648,
        "dmean2": 7.68889331818,
        "dvar": 30.8139896393,
        "dvar2": 68.0479049683,
        "max": 88.7729034424,
        "mean": 23.483505249,
        "median": 21.0680046082,
        "min": 1.01703822613,
        "var": 180.406051636
    },
    "hfc": {
        "dmean": 3.7527410984,
        "dmean2": 5.50353860855,
        "dvar": 21.1509418488,
        "dvar2": 40.3714981079,
        "max": 159.228363037,
        "mean": 17.3788795471,
        "median": 15.4558086395,
        "min": 1.09699548019e-16,
        "var": 120.441596985
    },
    "melbands_crest": {
        "dmean": 3.41214966774,
        "dmean2": 5.42260360718,
        "dvar": 9.68037986755,
        "dvar2": 22.5422859192,
        "max": 38.3864707947,
        "mean": 16.4189968109,
        "median": 15.1266860962,
        "min": 2.02751493454,
        "var": 52.5290298462
    },
    "melbands_flatness_db": {
        "dmean": 0.0221919305623,
        "dmean2": 0.0328905470669,
        "dvar": 0.000512863509357,
        "dvar2": 0.000948041677475,
        "max": 0.557864964008,
        "mean": 0.311308711767,
        "median": 0.312314718962,
        "min": 0.00432122452185,
        "var": 0.00441091042012
    },
    "melbands_kurtosis": {
        "dmean": 6.28682661057,
        "dmean2": 9.64028453827,
        "dvar": 143.097549438,
        "dvar2": 312.959197998,
        "max": 268.035491943,
        "mean": 11.8203697205,
        "median": 5.34223031998,
        "min": -1.80146622658,
        "var": 420.230377197
    },
    "melbands_skewness": {
        "dmean": 0.694552302361,
        "dmean2": 1.0504565239,
        "dvar": 0.556719660759,
        "dvar2": 1.22231841087,
        "max": 12.6774120331,
        "mean": 2.25029826164,
        "median": 1.92999362946,
        "min": -3.55775690079,
        "var": 3.42360186577
    },
    "melbands_spread": {
        "dmean": 4.11341714859,
        "dmean2": 6.37183666229,
        "dvar": 37.4989204407,
        "dvar2": 77.6409225464,
        "max": 148.729919434,
        "mean": 14.3116807938,
        "median": 11.327293396,
        "min": 0.361106306314,
        "var": 146.783081055
    },
    "pitch_salience": {
        "dmean": 0.0750357955694,
        "dmean2": 0.119426310062,
        "dvar": 0.00481294514611,
        "dvar2": 0.0110239982605,
        "max": 0.912711560726,
        "mean": 0.526261985302,
        "median": 0.543876409531,
        "min": 0.0581564754248,
        "var": 0.0234916228801
    },
    "silence_rate_20dB": {
        "dmean": 0.000240413515712,
        "dmean2": 0.000480884831632,
        "dvar": 0.000240299108555,
        "dvar2": 0.000480660586618,
        "max": 1,
        "mean": 0.999759614468,
        "median": 1,
        "min": 0,
        "var": 0.000240270223003
    },
    "silence_rate_30dB": {
        "dmean": 0.00240413518623,
        "dmean2": 0.00480884825811,
        "dvar": 0.00239829835482,
        "dvar2": 0.00526637863368,
        "max": 1,
        "mean": 0.99495190382,
        "median": 1,
        "min": 0,
        "var": 0.00502218306065
    },
    "silence_rate_60dB": {
        "dmean": 0.00216372171417,
        "dmean2": 0.004327963572,
        "dvar": 0.0021590362303,
        "dvar2": 0.00454960064963,
        "max": 1,
        "mean": 0.0204326920211,
        "median": 0,
        "min": 0,
        "var": 0.020016387105
    },
    "spectral_centroid": {
        "dmean": 157.837677002,
        "dmean2": 238.228912354,
        "dvar": 68767.0390625,
        "dvar2": 131700.921875,
        "max": 11110.1416016,
        "mean": 872.112854004,
        "median": 746.318237305,
        "min": 226.659057617,
        "var": 273911.5625
    },
    "spectral_complexity": {
        "dmean": 2.43683123589,
        "dmean2": 3.9261841774,
        "dvar": 5.03733587265,
        "dvar2": 11.4897012711,
        "max": 43,
        "mean": 15.6807689667,
        "median": 15,
        "min": 0,
        "var": 39.0619010925
    },
    "spectral_decrease": {
        "dmean": 1.78651415883e-09,
        "dmean2": 2.66553223938e-09,
        "dvar": 6.01360057172e-18,
        "dvar2": 1.09057948685e-17,
        "max": 6.24551756834e-29,
        "mean": -7.29986293635e-09,
        "median": -6.78606859594e-09,
        "min": -1.10775353335e-07,
        "var": 2.42359188005e-17
    },
    "spectral_energy": {
        "dmean": 0.00701370416209,
        "dmean2": 0.0104496628046,
        "dvar": 9.08867295948e-05,
        "dvar2": 0.000164469573065,
        "max": 0.432534188032,
        "mean": 0.0291276741773,
        "median": 0.0273950081319,
        "min": 1.03858390487e-20,
        "var": 0.000370770139853
    },
    "spectral_energyband_high": {
        "dmean": 4.05107675761e-05,
        "dmean2": 6.19498023298e-05,
        "dvar": 1.830440155e-08,
        "dvar2": 3.64181218515e-08,
        "max": 0.00389021541923,
        "mean": 7.62721465435e-05,
        "median": 2.08639412449e-05,
        "min": 7.29313190743e-21,
        "var": 4.40750262953e-08
    },
    "spectral_energyband_low": {
        "dmean": 0.0006006382755,
        "dmean2": 0.000968806503806,
        "dvar": 1.68314966231e-06,
        "dvar2": 4.37244398199e-06,
        "max": 0.0327017530799,
        "mean": 0.00116430362687,
        "median": 0.000603121006861,
        "min": 2.32988253977e-23,
        "var": 2.81577786154e-06
    },
    "spectral_energyband_middle_high": {
        "dmean": 0.00198181858286,
        "dmean2": 0.00294347037561,
        "dvar": 9.4250553957e-06,
        "dvar2": 1.94833446585e-05,
        "max": 0.0699181258678,
        "mean": 0.00629551755264,
        "median": 0.0034453170374,
        "min": 1.41733621526e-21,
        "var": 5.40485743841e-05
    },
    "spectral_energyband_middle_low": {
        "dmean": 0.00668561458588,
        "dmean2": 0.0100008947775,
        "dvar": 9.07756766537e-05,
        "dvar2": 0.00016797335411,
        "max": 0.418074935675,
        "mean": 0.0220465697348,
        "median": 0.0184819065034,
        "min": 2.80365431875e-22,
        "var": 0.000365765416063
    },
    "spectral_entropy": {
        "dmean": 0.160305708647,
        "dmean2": 0.23757275939,
        "dvar": 0.0273117870092,
        "dvar2": 0.0501574724913,
        "max": 9.81175231934,
        "mean": 6.68301916122,
        "median": 6.70398044586,
        "min": 4.33982610703,
        "var": 0.269787460566
    },
    "spectral_flux": {
        "dmean": 0.025606777519,
        "dmean2": 0.0427307486534,
        "dvar": 0.00073903152952,
        "dvar2": 0.00196377560496,
        "max": 0.439154773951,
        "mean": 0.0817750692368,
        "median": 0.0746286064386,
        "min": 6.57703266849e-11,
        "var": 0.00140495062806
    },
    "spectral_kurtosis": {
        "dmean": 8.97187328339,
        "dmean2": 15.6786565781,
        "dvar": 66.5754623413,
        "dvar2": 200.872558594,
        "max": 82.52734375,
        "mean": 15.8312292099,
        "median": 12.5497131348,
        "min": -1.2740701437,
        "var": 174.323135376
    },
    "spectral_rms": {
        "dmean": 0.000629861257039,
        "dmean2": 0.000932676601224,
        "dvar": 4.74312429333e-07,
        "dvar2": 8.59077431414e-07,
        "max": 0.0205422639847,
        "mean": 0.00509532447904,
        "median": 0.00516980048269,
        "min": 3.18316293463e-12,
        "var": 2.45496062234e-06
    },
    "spectral_rolloff": {
        "dmean": 253.323623657,
        "dmean2": 428.774871826,
        "dvar": 225166.609375,
        "dvar2": 473596.53125,
        "max": 18884.6191406,
        "mean": 1022.48425293,
        "median": 818.26171875,
        "min": 21.533203125,
        "var": 711351.0625
    },
    "spectral_skewness": {
        "dmean": 0.709097385406,
        "dmean2": 1.21707248688,
        "dvar": 0.352042257786,
        "dvar2": 1.02203047276,
        "max": 7.21416139603,
        "mean": 2.21405363083,
        "median": 1.99915981293,
        "min": -0.625995159149,
        "var": 1.40102028847
    },
    "spectral_spread": {
        "dmean": 234458.6875,
        "dmean2": 384494.03125,
        "dvar": 371248005120,
        "dvar2": 741414404096,
        "max": 51806748,
        "mean": 1946380.5,
        "median": 1821152.5,
        "min": 891099.75,
        "var": 1.14754479718e+12
    },
    "spectral_strongpeak": {
        "dmean": 0.64375269413,
        "dmean2": 1.04904866219,
        "dvar": 0.656993925571,
        "dvar2": 1.62780082226,
        "max": 15.3799695969,
        "mean": 1.69946968555,
        "median": 1.39036774635,
        "min": 0,
        "var": 1.90093827248
    },
    "zerocrossingrate": {
        "dmean": 0.00505942478776,
        "dmean2": 0.00601088441908,
        "dvar": 7.64915239415e-05,
        "dvar2": 9.76529772743e-05,
        "max": 0.66845703125,
        "mean": 0.0374026373029,
        "median": 0.03369140625,
        "min": 0.00927734375,
        "var": 0.000581517233513
    },
    "barkbands": {
        "dmean": [2.14998203774e-06, 0.000156316658831, 0.000357015902409, 0.000545576855075, 0.00382194644772, 0.00304520828649, 0.00135766831227, 0.000839385960717, 0.000930731068365, 0.000878296385054, 0.00055557792075, 0.000460929441033, 0.000406249862863, 0.00046120287152, 0.000281952525256, 0.000224695075303, 0.000235935411183, 0.000124120313558, 6.47520355415e-05, 4.04967468057e-05, 2.02637256734e-05, 3.21153220284e-06, 1.70117701259e-07, 8.52906438809e-08, 1.52739403347e-08, 2.84063572664e-09, 2.36365416129e-09],
        "dmean2": [3.82114876629e-06, 0.000255480583292, 0.00058374053333, 0.000918774981983, 0.00577783491462, 0.00446636229753, 0.002125748666, 0.00130124064162, 0.00140750175342, 0.00133401202038, 0.000863315246534, 0.000718864554074, 0.000639445730485, 0.000731033971533, 0.000459766190033, 0.000369065091945, 0.000373429036699, 0.000198543450097, 0.000104355938674, 6.27751142019e-05, 3.09659662889e-05, 4.82311224914e-06, 2.6590518587e-07, 1.34904567517e-07, 2.64922643822e-08, 5.33874500164e-09, 4.55199833382e-09],
        "dvar": [1.23158054935e-11, 1.41383281971e-07, 6.15335409293e-07, 2.59103603639e-06, 4.50392180937e-05, 5.34771133971e-05, 9.03652744455e-06, 2.76974014923e-06, 4.98985809827e-06, 4.35059337178e-06, 2.38010534304e-06, 1.14506940463e-06, 1.14743636459e-06, 1.44791169987e-06, 7.73197712078e-07, 4.81978133848e-07, 2.18446984945e-07, 6.6457616299e-08, 3.41788144453e-08, 2.60013326425e-08, 5.86343418263e-09, 2.24922344638e-10, 3.44969902253e-13, 4.61612187006e-14, 8.20258235792e-15, 6.8157488659e-15, 5.88012431918e-15],
        "dvar2": [3.50925677406e-11, 3.60778585673e-07, 1.64043581208e-06, 6.90672140991e-06, 9.31162867346e-05, 9.04778498807e-05, 1.97755671252e-05, 6.1242258198e-06, 1.0404492059e-05, 9.12701671041e-06, 5.53923746338e-06, 2.60896604232e-06, 2.64421578322e-06, 3.43623537447e-06, 1.82804262749e-06, 1.04334367279e-06, 5.18020499385e-07, 1.67954922858e-07, 7.9113398499e-08, 5.43238911632e-08, 1.22975851724e-08, 4.69055683183e-10, 8.20345581829e-13, 1.03992904782e-13, 2.45537199242e-14, 2.04429538347e-14, 1.76349938748e-14],
        "max": [8.08702388895e-05, 0.00945576932281, 0.0231923107058, 0.0324018448591, 0.130653887987, 0.404777109623, 0.0670206397772, 0.0388063304126, 0.0533679388463, 0.0517869219184, 0.0452397726476, 0.0208620689809, 0.0338435806334, 0.0342532433569, 0.0473869591951, 0.036991879344, 0.0119045507163, 0.00467947591096, 0.00533473724499, 0.00517745222896, 0.00200498104095, 0.000653753872029, 2.11870719795e-05, 9.29165889829e-06, 5.65730442759e-06, 5.32597823621e-06, 4.94968207931e-06],
        "mean": [2.12869076677e-06, 0.000252329191426, 0.000620928884018, 0.000765610602684, 0.00862774439156, 0.00609605200589, 0.00267994566821, 0.00165825104341, 0.00185551308095, 0.00159396021627, 0.00108204968274, 0.000826926378068, 0.000663125596475, 0.000675516610499, 0.000467616453534, 0.000367774628103, 0.00045573990792, 0.000219647103222, 0.000110234548629, 6.86427811161e-05, 3.17931553582e-05, 5.42272300663e-06, 4.02741306971e-07, 2.79419566596e-07, 3.53782496632e-08, 4.38680247683e-09, 1.56174617683e-09],
        "median": [1.05187564259e-06, 9.18244913919e-05, 0.000276136619505, 0.000205240678042, 0.00349850300699, 0.00204513245262, 0.000987878884189, 0.000561307650059, 0.000457408488728, 0.000389628781704, 0.000182706906344, 0.000205445860047, 0.00015932059614, 0.000156885958859, 0.000141695665661, 0.000121266399219, 0.000140066549648, 8.71096417541e-05, 4.04270394938e-05, 2.18437762669e-05, 5.45284501641e-06, 7.24560379695e-07, 2.07815759268e-07, 1.82513900882e-07, 2.64026525088e-08, 2.86555690288e-09, 4.13090561757e-10],
        "min": [5.04417699865e-24, 1.34159223345e-23, 1.44281870704e-24, 2.04174991085e-24, 3.17526801098e-23, 1.59540412763e-23, 2.98279036772e-23, 4.54554780234e-23, 4.44167154497e-23, 4.31614547338e-23, 1.76476183548e-23, 5.44128168973e-23, 6.15227634381e-23, 7.71220902529e-23, 8.08977868046e-23, 7.5929572378e-23, 1.62169910197e-22, 1.40154594624e-22, 3.04970369541e-22, 2.15156220453e-22, 3.32481950408e-22, 3.31980159142e-22, 4.41549152345e-22, 6.64675770948e-22, 1.03283718066e-21, 1.69731786946e-21, 2.23197038008e-21],
        "var": [1.14263945528e-11, 2.66998114284e-07, 9.59491671892e-07, 3.12558131554e-06, 0.00014411007578, 0.000188712278032, 2.88340179395e-05, 9.80153254204e-06, 1.83709689736e-05, 1.49656098074e-05, 1.22624969663e-05, 2.9502768939e-06, 2.85171563519e-06, 2.56178145719e-06, 1.89732486433e-06, 8.91346189746e-07, 6.35954847894e-07, 1.32393410013e-07, 5.86856430118e-08, 4.36341274224e-08, 1.25997283718e-08, 5.27183408039e-10, 7.22185169739e-13, 1.56126522301e-13, 5.51079042561e-15, 3.42196927295e-15, 2.94560408441e-15]
    },
    "erbbands": {
        "dmean": [0.00149980478454, 0.0481704063714, 0.346595346928, 1.05341935158, 5.10140323639, 15.8874340057, 26.937253952, 21.0932559967, 18.3379192352, 16.4121665955, 20.5787601471, 21.8490924835, 21.2231330872, 28.7207584381, 19.9238567352, 18.0899143219, 16.1633338928, 21.8772392273, 18.154209137, 10.3778057098, 12.1829214096, 12.0840759277, 6.75390148163, 4.35825967789, 2.28560781479, 1.8490973711, 1.26752305031, 0.435007989407, 0.14169947803, 0.0220839120448, 0.00361069338396, 0.00251905107871, 0.00102766964119, 0.00022217813239, 2.82678647636e-05, 1.49547313413e-05, 5.74330397285e-06, 1.88885610442e-06, 3.53431823896e-06, 7.87438148109e-06],
        "dmean2": [0.00245105964132, 0.0781478285789, 0.557138979435, 1.76809024811, 7.97753858566, 24.0326633453, 39.7510032654, 31.5300064087, 28.6123847961, 24.9258937836, 31.892414093, 32.5344581604, 31.7209472656, 43.2926330566, 29.7552280426, 27.7552623749, 25.0992908478, 33.8492202759, 29.3275871277, 16.7085704803, 19.8298149109, 19.045085907, 10.6922388077, 6.93338012695, 3.64888334274, 2.84887194633, 1.96639990807, 0.651833772659, 0.209519073367, 0.0320859067142, 0.00559139810503, 0.0039418968372, 0.00165968679357, 0.000378737080609, 5.08888588229e-05, 2.67278173851e-05, 1.01269370134e-05, 3.42664793607e-06, 5.32612239112e-06, 1.17157078421e-05],
        "dvar": [1.0809181731e-05, 0.0126585336402, 0.562743604183, 8.03568172455, 123.903106689, 1002.03778076, 3936.02172852, 3198.70581055, 1633.94262695, 1341.26123047, 1666.25305176, 2924.23120117, 3058.29296875, 5041.54492188, 2147.96508789, 1934.79199219, 1795.85827637, 3083.25634766, 2482.50390625, 1039.68603516, 931.545715332, 587.760986328, 188.57321167, 121.306266785, 69.8698043823, 50.4924736023, 20.6943912506, 3.59092950821, 0.433620214462, 0.0082433251664, 0.000115680246381, 4.23879864684e-05, 5.76663069296e-06, 1.10952316845e-06, 3.79772927772e-07, 1.13882748565e-07, 2.26047145446e-08, 2.99683189375e-09, 1.67263911055e-10, 1.11845525896e-10],
        "dvar2": [2.51300898526e-05, 0.0319008640945, 1.44515240192, 22.1489677429, 268.396789551, 2188.82226562, 7723.33642578, 5491.80517578, 3695.91210938, 2856.40112305, 3729.81835938, 6076.49755859, 5972.09082031, 11072.671875, 4184.60205078, 4408.20800781, 4117.29052734, 6788.89355469, 5942.09423828, 2146.95751953, 2339.03100586, 1317.16174316, 465.608917236, 286.336212158, 157.84475708, 107.36340332, 43.9684638977, 7.46144580841, 0.88921636343, 0.0150241879746, 0.00025546879624, 8.996676479e-05, 1.47159335029e-05, 3.29203726324e-06, 1.13835028515e-06, 3.41423032069e-07, 6.77794247395e-08, 8.98739216382e-09, 4.76714945297e-10, 2.02439620622e-10],
        "max": [0.0798731073737, 3.02512454987, 20.0855903625, 63.1720275879, 265.674316406, 712.042907715, 2498.75952148, 3740.44238281, 1053.78540039, 936.259521484, 1042.64245605, 1619.20288086, 1871.99645996, 1700.09484863, 1413.41906738, 896.369018555, 1645.99682617, 1898.58129883, 2294.14111328, 2164.4699707, 1181.34399414, 656.862915039, 269.620361328, 332.142181396, 281.884063721, 249.01612854, 147.398513794, 68.7783584595, 31.0956516266, 4.47724294662, 0.394805729389, 0.286057382822, 0.101119205356, 0.0645013004541, 0.039680313319, 0.0217750761658, 0.00970716029406, 0.00353619433008, 0.000798332679551, 0.000481720722746],
        "mean": [0.00250404328108, 0.0827037096024, 0.645968854427, 1.7087495327, 9.42712688446, 32.0151405334, 60.115398407, 43.7624702454, 37.0998382568, 32.76171875, 42.3346633911, 44.1996765137, 43.250164032, 57.4967346191, 39.4171142578, 33.1797866821, 29.5818843842, 36.1841545105, 31.0954494476, 20.3076858521, 22.2411880493, 24.6534976959, 13.9630708694, 8.01066112518, 4.29337501526, 3.22610235214, 2.16750907898, 0.729958355427, 0.246378362179, 0.0443305037916, 0.0101613244042, 0.007391681429, 0.00357840070501, 0.000750839069951, 9.69452230493e-05, 4.57894893771e-05, 1.50955929712e-05, 3.82901635021e-06, 1.48232784341e-05, 3.34149299306e-05],
        "median": [0.00107909389772, 0.0335019826889, 0.30052369833, 0.757353007793, 3.24045324326, 11.5210018158, 16.2593193054, 15.9713459015, 16.0094833374, 14.2312850952, 16.215845108, 12.8783054352, 12.4258213043, 15.6626186371, 12.0033426285, 9.79153823853, 9.10477733612, 9.00611782074, 10.1055297852, 7.25050354004, 8.49658203125, 8.15069770813, 5.62300729752, 3.70934009552, 1.62582135201, 1.07352089882, 0.509155392647, 0.122619137168, 0.0341880097985, 0.0110746826977, 0.00572483427823, 0.00457636127248, 0.00248838635162, 0.000558692030609, 8.42563968035e-05, 3.74722731067e-05, 1.29422969621e-05, 2.96351504403e-06, 1.42172120832e-05, 3.1832831155e-05],
        "min": [3.6856997655e-22, 1.11730583155e-21, 4.31520738523e-21, 7.6474552075e-21, 4.48041344814e-20, 1.05746155586e-19, 2.21214307082e-19, 1.11459757033e-19, 3.52012138045e-19, 6.07440703214e-19, 1.30545602914e-18, 1.07603335035e-18, 1.43799166317e-18, 1.49831349915e-18, 1.2524455392e-18, 2.13128006549e-18, 3.59150613673e-18, 3.57540796124e-18, 4.76844725e-18, 5.74644315415e-18, 6.53802149955e-18, 9.49170148724e-18, 6.61987887938e-18, 9.07200493368e-18, 1.4974981679e-17, 9.70959823138e-18, 1.5630378385e-17, 1.28543346067e-17, 1.09169394729e-17, 1.21926802793e-17, 1.30282228607e-17, 1.29928956311e-17, 1.35774484536e-17, 1.15915176702e-17, 7.25801604833e-18, 5.71971322625e-18, 3.20751338675e-18, 1.18940320959e-18, 3.2156602369e-19, 3.03240470529e-20],
        "var": [1.97257777472e-05, 0.0244371388108, 0.997810482979, 9.55927276611, 297.118164062, 2566.58300781, 16453.5078125, 9997.62304688, 4814.4609375, 4224.49902344, 6194.09130859, 10844.8193359, 13261.4414062, 17758.2773438, 8799.23144531, 4659.82177734, 4702.49609375, 7026.23925781, 4244.96679688, 4620.09912109, 1910.13110352, 1870.97937012, 517.684570312, 206.089874268, 128.967346191, 88.9639587402, 40.8761405945, 8.47497653961, 1.06139862537, 0.0255161561072, 0.00032052322058, 0.000136105212732, 1.9630200768e-05, 1.22562903471e-06, 1.91669414562e-07, 5.77401877422e-08, 1.13686597913e-08, 1.50527212917e-09, 1.580564013e-10, 4.62390431499e-10]
    },
    "gfcc": {
        "mean": [-89.6772994995, 188.642120361, -174.551498413, 6.51000928879, -46.264793396, -34.3796043396, -30.1282024384, -19.4702091217, -14.8302812576, -22.23960495, 0.436750084162, -17.4728527069, 4.02633094788],
        "cov": [[1994.43127441, 297.475067139, -669.78338623, 78.1786727905, 154.816848755, -161.207809448, 176.450820923, -94.988899231, -48.5953140259, 40.8386077881, -36.4867248535, -49.238822937, -2.09320926666], [297.475067139, 504.398956299, 198.345443726, -221.096954346, 88.0383377075, -4.09566402435, -72.2331695557, -11.6478443146, -0.0601993426681, -71.9576568604, 16.6392192841, -62.7461166382, -23.3373622894], [-669.78338623, 198.345443726, 768.234375, 83.7647018433, -121.659072876, 61.5796890259, -177.112030029, -10.3231506348, 22.3311405182, -77.1291351318, 12.4687824249, 0.0234532300383, -14.3614215851], [78.1786727905, -221.096954346, 83.7647018433, 689.693969727, 2.87336397171, -4.25730419159, 45.7730331421, -28.2956104279, 5.21991109848, 51.0771255493, -74.0520019531, 18.4522762299, -5.76866722107], [154.816848755, 88.0383377075, -121.659072876, 2.87336397171, 234.505737305, -11.9234228134, -23.89985466, 17.60197258, -15.138800621, -33.6653442383, -17.0849590302, -16.9166469574, -8.83335018158], [-161.207809448, -4.09566402435, 61.5796890259, -4.25730419159, -11.9234228134, 310.3359375, 86.1915359497, 3.82250833511, 5.32966947556, 48.9214057922, 5.21658277512, -44.1935119629, -37.7601890564], [176.450820923, -72.2331695557, -177.112030029, 45.7730331421, -23.89985466, 86.1915359497, 249.809249878, 17.3392295837, -36.7968597412, 77.8277740479, 14.9648342133, -14.5854606628, -4.27808952332], [-94.988899231, -11.6478443146, -10.3231506348, -28.2956104279, 17.60197258, 3.82250833511, 17.3392295837, 126.60017395, 47.739906311, -9.42795848846, 6.18752336502, 4.79134941101, -3.54099798203], [-48.5953140259, -0.0601993426681, 22.3311405182, 5.21991109848, -15.138800621, 5.32966947556, -36.7968597412, 47.739906311, 118.067680359, 44.466758728, -8.75587177277, 5.58622789383, -11.0941410065], [40.8386077881, -71.9576568604, -77.1291351318, 51.0771255493, -33.6653442383, 48.9214057922, 77.8277740479, -9.42795848846, 44.466758728, 134.877471924, 42.5364456177, -3.39036393166, -11.3566093445], [-36.4867248535, 16.6392192841, 12.4687824249, -74.0520019531, -17.0849590302, 5.21658277512, 14.9648342133, 6.18752336502, -8.75587177277, 42.5364456177, 94.2847290039, 34.6865196228, 0.7830119133], [-49.238822937, -62.7461166382, 0.0234532300383, 18.4522762299, -16.9166469574, -44.1935119629, -14.5854606628, 4.79134941101, 5.58622789383, -3.39036393166, 34.6865196228, 91.0466842651, 40.8526878357], [-2.09320926666, -23.3373622894, -14.3614215851, -5.76866722107, -8.83335018158, -37.7601890564, -4.27808952332, -3.54099798203, -11.0941410065, -11.3566093445, 0.7830119133, 40.8526878357, 69.4083862305]],
        "icov": [[0.00209607719444, -0.00349622988142, 0.00316067831591, -0.00171764905099, 0.00153397757094, 0.000359873782145, -0.00014043453848, 0.00099825183861, -3.62204118574e-05, 0.000407714222092, -9.13524418138e-05, -0.000603639171459, 0.000249412871199], [-0.00349622988142, 0.0107341781259, -0.00700623355806, 0.00390461995266, -0.0054130111821, 0.000357978482498, -0.00246032187715, 0.00199983175844, -0.00523807527497, 0.00469596032053, -0.00508214579895, 0.00679470878094, -0.00217599375173], [0.00316067831591, -0.00700623355806, 0.00800739135593, -0.00412021344528, 0.00502318935469, -0.000966403400525, 0.00223283562809, 0.00082704029046, -5.19302848261e-05, 0.00252144620754, -0.00218523223884, -0.000649199297186, 0.000158348542755], [-0.00171764905099, 0.00390461995266, -0.00412021344528, 0.00433863000944, -0.00268263765611, 0.00049399654381, -0.000522211601492, -0.00107372866478, 0.00204100785777, -0.00426249112934, 0.00521443132311, -0.0023822451476, 0.00158163381275], [0.00153397757094, -0.0054130111821, 0.00502318935469, -0.00268263765611, 0.00853109639138, -0.00095779291587, 0.00315947597846, -0.002349892864, 0.00329013518058, -0.000367357133655, 0.00115230493248, -0.00179856794421, 0.00119353097398], [0.000359873782145, 0.000357978482498, -0.000966403400525, 0.00049399654381, -0.00095779291587, 0.00474105961621, -0.0024930704385, 0.000870383926667, -0.00078060280066, -0.000804707407951, 0.000269829120953, 0.00137243082281, 0.00125316204503], [-0.00014043453848, -0.00246032187715, 0.00223283562809, -0.000522211601492, 0.00315947597846, -0.0024930704385, 0.0113108763471, -0.00754829449579, 0.0117156412452, -0.0111662177369, 0.00686914660037, -0.00454412819818, 0.00158769113477], [0.00099825183861, 0.00199983175844, 0.00082704029046, -0.00107372866478, -0.002349892864, 0.000870383926667, -0.00754829449579, 0.0180583260953, -0.0175277404487, 0.0162721220404, -0.0133680393919, 0.00828366540372, -0.00344911171123], [-3.62204118574e-05, -0.00523807527497, -5.19302848261e-05, 0.00204100785777, 0.00329013518058, -0.00078060280066, 0.0117156412452, -0.0175277404487, 0.0342899151146, -0.0294961277395, 0.0255138613284, -0.0180718991905, 0.00922223739326], [0.000407714222092, 0.00469596032053, 0.00252144620754, -0.00426249112934, -0.000367357133655, -0.000804707407951, -0.0111662177369, 0.0162721220404, -0.0294961277395, 0.0402734801173, -0.0320568680763, 0.0205182246864, -0.00842407904565], [-9.13524418138e-05, -0.00508214579895, -0.00218523223884, 0.00521443132311, 0.00115230493248, 0.000269829120953, 0.00686914660037, -0.0133680393919, 0.0255138613284, -0.0320568680763, 0.042516939342, -0.027064057067, 0.0125873200595], [-0.000603639171459, 0.00679470878094, -0.000649199297186, -0.0023822451476, -0.00179856794421, 0.00137243082281, -0.00454412819818, 0.00828366540372, -0.0180718991905, 0.0205182246864, -0.027064057067, 0.0348727442324, -0.0171572826803], [0.000249412871199, -0.00217599375173, 0.000158348542755, 0.00158163381275, 0.00119353097398, 0.00125316204503, 0.00158769113477, -0.00344911171123, 0.00922223739326, -0.00842407904565, 0.0125873200595, -0.0171572826803, 0.0246553570032]]
    },
    "melbands": {
        "dmean": [2.71694243565e-05, 0.000137402035762, 0.000257256819168, 0.000742492731661, 0.000858213403262, 0.00048452365445, 0.000284931476926, 0.00017565440794, 0.000167987484019, 0.000138629053254, 0.000109646796773, 0.000123421472381, 7.26420912542e-05, 5.74138866796e-05, 3.55269257852e-05, 4.4469768909e-05, 4.32904416812e-05, 3.33545540343e-05, 1.85850076377e-05, 1.40001175168e-05, 1.65161909536e-05, 1.4708879462e-05, 8.8172737378e-06, 5.62358945899e-06, 3.77605306312e-06, 2.16004013964e-06, 1.459562327e-06, 1.2951984445e-06, 1.00893043964e-06, 4.35684853528e-07, 2.18320877821e-07, 9.92880444528e-08, 2.82175225408e-08, 7.09651049036e-09, 2.1505861536e-09, 1.8895178755e-09, 1.66896063636e-09, 9.27271204265e-10, 4.85456619348e-10, 1.0800290523e-10],
        "dmean2": [4.43863864348e-05, 0.000221037553274, 0.000422100943979, 0.00112545583397, 0.00128555705305, 0.000721900374629, 0.000442835647846, 0.000267506402452, 0.000257691572187, 0.000207225748454, 0.000164402968949, 0.0001868178515, 0.000109565888124, 8.75582700246e-05, 5.60763182875e-05, 6.83637481416e-05, 6.73906470183e-05, 5.34290884389e-05, 3.00849114865e-05, 2.27862492466e-05, 2.6827230613e-05, 2.30607001868e-05, 1.42701974255e-05, 8.91107174539e-06, 6.03865100857e-06, 3.49371930497e-06, 2.32037496062e-06, 2.01270381694e-06, 1.59013279699e-06, 6.72162343562e-07, 3.34445701355e-07, 1.50219676698e-07, 4.27903756872e-08, 1.08029567514e-08, 3.52189077901e-09, 3.03169933602e-09, 2.66874322641e-09, 1.5186746305e-09, 8.2223516884e-10, 1.85656268137e-10],
        "dvar": [4.09130240797e-09, 8.59938538156e-08, 4.14798563497e-07, 2.14916553887e-06, 3.2898376503e-06, 1.52290340338e-06, 3.72524226577e-07, 1.25329648881e-07, 1.06963632618e-07, 1.21233725281e-07, 7.80331319561e-08, 9.23171654676e-08, 3.47939810297e-08, 1.69617013768e-08, 8.50645065498e-09, 1.43973482025e-08, 1.28107009445e-08, 8.0773725486e-09, 3.68767505421e-09, 2.31255659067e-09, 1.89736848455e-09, 1.00538988246e-09, 3.54066803654e-10, 1.5428287814e-10, 9.99693591797e-11, 6.05981445578e-11, 5.38263808525e-11, 2.08521203776e-11, 1.18482463424e-11, 3.16880354422e-12, 1.07624586326e-12, 2.26358740237e-13, 1.4689418166e-14, 7.82390092637e-16, 4.28576899917e-17, 2.21990444447e-17, 1.71441073255e-17, 4.02260206631e-18, 1.41652456852e-18, 7.07337082744e-19],
        "dvar2": [1.01741246539e-08, 2.16237808104e-07, 1.04883531549e-06, 4.61373156213e-06, 6.49583444101e-06, 2.55815916717e-06, 8.31371039567e-07, 2.65579672032e-07, 2.32636764963e-07, 2.506479575e-07, 1.53352672783e-07, 1.99346942509e-07, 7.21335169374e-08, 3.72146011784e-08, 1.89322513222e-08, 3.05346148366e-08, 2.87185404346e-08, 1.92024547374e-08, 8.66732285942e-09, 4.72614969382e-09, 4.72729411172e-09, 2.19409868052e-09, 9.03509489447e-10, 3.79815207063e-10, 2.3614862843e-10, 1.46377646115e-10, 1.10440365186e-10, 4.57654192321e-11, 2.60900519938e-11, 6.90194039074e-12, 2.31621536187e-12, 4.83645296121e-13, 2.96217179474e-14, 1.69321684986e-15, 1.11045662043e-16, 4.98274741284e-17, 3.78132646837e-17, 1.02249772479e-17, 4.07795327059e-18, 2.11271958011e-18],
        "max": [0.00167881138623, 0.00800018757582, 0.0116811878979, 0.027792699635, 0.0649004802108, 0.080773152411, 0.0152770746499, 0.00817574374378, 0.00767216924578, 0.00898577552289, 0.00930077396333, 0.00724725238979, 0.00563335232437, 0.00250475597568, 0.00293316436, 0.00443932134658, 0.00328619033098, 0.00295801647007, 0.00398158561438, 0.00318055041134, 0.00170080212411, 0.000977244577371, 0.000544799549971, 0.000309331458993, 0.000307249167236, 0.00028739447589, 0.00031791839865, 0.000148563733092, 0.000114139547804, 4.85534947074e-05, 4.2872994527e-05, 2.12946306419e-05, 5.40499331692e-06, 1.2221067891e-06, 2.09505785165e-07, 1.47230892367e-07, 2.12713558767e-07, 7.46425428133e-08, 5.77916239308e-08, 5.31890300692e-08],
        "mean": [4.43736862508e-05, 0.000255825958448, 0.000423054589191, 0.0014729492832, 0.00202735466883, 0.000990844913758, 0.000574260717258, 0.000345291773556, 0.000339434482157, 0.000272601522738, 0.00021256787295, 0.00023622099252, 0.000143338824273, 0.000101424593595, 5.95688943577e-05, 7.49329265091e-05, 6.49399589747e-05, 5.18874148838e-05, 3.2187668694e-05, 2.33595765167e-05, 2.73045661743e-05, 2.73295590887e-05, 1.68922633748e-05, 9.87354633253e-06, 6.18474950898e-06, 3.58853390026e-06, 2.34847016145e-06, 2.11391898119e-06, 1.63476977377e-06, 6.72203270824e-07, 3.31341993842e-07, 1.59727974847e-07, 4.79752841898e-08, 1.33482860321e-08, 5.09217334965e-09, 4.71349403952e-09, 4.35547287125e-09, 2.75205858102e-09, 1.5014954835e-09, 2.55753529466e-10],
        "median": [1.66155477928e-05, 0.000120040880574, 0.000176740140887, 0.000522131682374, 0.000654469593428, 0.000354544172296, 0.000240161287365, 0.000156583875651, 0.000120915501611, 6.51226946502e-05, 5.02849798067e-05, 5.69049880141e-05, 3.18481688737e-05, 2.66718525381e-05, 1.64424418472e-05, 1.76282046596e-05, 1.41445798363e-05, 1.46005477291e-05, 9.67061805568e-06, 7.23124185242e-06, 9.18984005693e-06, 7.74594809627e-06, 5.68368295717e-06, 3.74629712496e-06, 2.37693552663e-06, 1.23294512377e-06, 7.35147068553e-07, 6.18630451754e-07, 3.69886947738e-07, 1.04489473074e-07, 4.25278123828e-08, 1.85928676899e-08, 8.28770918559e-09, 4.55578597069e-09, 3.07379899311e-09, 2.86919488168e-09, 2.70631206334e-09, 1.89305437992e-09, 1.0935967687e-09, 1.85105916706e-10],
        "min": [5.12454811983e-24, 4.25769135362e-24, 2.6729691915e-24, 6.77120887921e-24, 7.66734461235e-24, 2.81033373814e-24, 5.06704252642e-24, 6.34374960936e-24, 9.28544584595e-24, 7.10930440799e-24, 7.24888545656e-24, 5.28873019016e-24, 3.19372980163e-24, 6.73223915049e-24, 5.87562298212e-24, 5.75570271389e-24, 6.30724625426e-24, 7.58152916763e-24, 7.46416007557e-24, 7.89572852188e-24, 7.83634465066e-24, 8.31746776131e-24, 4.17507158443e-24, 4.67670389533e-24, 7.14399219972e-24, 1.16508728804e-23, 8.59154959422e-24, 5.64854069308e-24, 1.00309257123e-23, 6.10530890658e-24, 7.46880173314e-24, 5.03673488487e-24, 7.18661356557e-24, 5.88403500038e-24, 5.50709714392e-24, 9.44793620406e-24, 6.71352736982e-24, 9.22314240051e-24, 6.50388876755e-24, 9.50812392455e-24],
        "var": [7.65614061038e-09, 1.59773307473e-07, 5.92063997829e-07, 6.20323271505e-06, 1.41075424835e-05, 4.94486630487e-06, 1.16976445952e-06, 3.86935511187e-07, 4.05090872846e-07, 4.39330278823e-07, 3.45998387274e-07, 3.09459778691e-07, 1.7349570669e-07, 4.43125571792e-08, 2.05189785163e-08, 3.94399144454e-08, 2.61225832077e-08, 1.30675328336e-08, 1.37535787204e-08, 5.22300691586e-09, 3.50869533428e-09, 2.75530487315e-09, 9.59354817809e-10, 2.98109648078e-10, 1.62386173952e-10, 8.78518438552e-11, 8.37145491817e-11, 3.57365630144e-11, 2.15185751162e-11, 6.73218945868e-12, 2.23365922113e-12, 4.85278484064e-13, 3.9326916425e-14, 1.84033704955e-15, 7.41896835561e-17, 6.12216753081e-17, 4.87344575193e-17, 1.22814375862e-17, 3.76171302343e-18, 4.43443771571e-19]
    },
    "mfcc": {
        "mean": [-715.804077148, 210.037567139, -57.6213951111, 27.1706371307, -6.8168759346, -16.4058227539, -8.03070354462, -11.9892940521, -10.0772619247, -9.33612632751, -11.6799030304, -2.36170363426, -9.00609302521],
        "cov": [[1501.74914551, 9.61367321014, -748.898620605, 276.901641846, -183.7525177, 133.354003906, 124.818351746, -70.0522232056, 103.164489746, 25.5310993195, 12.2918729782, -3.4177339077, 6.58902168274], [9.61367321014, 791.913452148, 52.1897315979, -322.342895508, 152.231445312, -146.175384521, -3.33678817749, -1.98330581188, -71.9134521484, 9.36494636536, 4.88098239899, -59.395980835, -21.5596027374], [-748.898620605, 52.1897315979, 823.237060547, 20.4230709076, 72.4703216553, 55.1376228333, -83.5267028809, 32.2182006836, -51.2191886902, -8.85585021973, 24.3265304565, 3.42382216454, -22.1185302734], [276.901641846, -322.342895508, 20.4230709076, 539.369689941, 8.25742149353, 43.4027137756, -13.5490894318, -13.4603204727, 65.1704940796, -69.1884536743, -23.8751907349, 57.3173141479, -13.7186946869], [-183.7525177, 152.231445312, 72.4703216553, 8.25742149353, 286.545501709, -45.6346855164, -77.2716293335, 41.930519104, -7.52074193954, -29.3149280548, -19.5346870422, 5.47367048264, -23.0121746063], [133.354003906, -146.175384521, 55.1376228333, 43.4027137756, -45.6346855164, 262.476593018, 89.9951400757, -19.4155960083, 30.8001842499, 45.6037101746, 43.6170768738, -8.30372905731, 8.85732460022], [124.818351746, -3.33678817749, -83.5267028809, -13.5490894318, -77.2716293335, 89.9951400757, 207.743789673, 22.8167610168, -9.44591522217, 51.5192337036, 4.95430040359, -17.5232791901, 13.8240222931], [-70.0522232056, -1.98330581188, 32.2182006836, -13.4603204727, 41.930519104, -19.4155960083, 22.8167610168, 102.988586426, 31.0749607086, -4.73895263672, -5.97934865952, 0.748304247856, -1.87099814415], [103.164489746, -71.9134521484, -51.2191886902, 65.1704940796, -7.52074193954, 30.8001842499, -9.44591522217, 31.0749607086, 114.468109131, 32.3445396423, 0.911681413651, 22.9959278107, 7.49648714066], [25.5310993195, 9.36494636536, -8.85585021973, -69.1884536743, -29.3149280548, 45.6037101746, 51.5192337036, -4.73895263672, 32.3445396423, 126.236534119, 45.2643165588, -13.506362915, 26.1750450134], [12.2918729782, 4.88098239899, 24.3265304565, -23.8751907349, -19.5346870422, 43.6170768738, 4.95430040359, -5.97934865952, 0.911681413651, 45.2643165588, 90.5445632935, 25.4056491852, 13.8571367264], [-3.4177339077, -59.395980835, 3.42382216454, 57.3173141479, 5.47367048264, -8.30372905731, -17.5232791901, 0.748304247856, 22.9959278107, -13.506362915, 25.4056491852, 113.495071411, 48.6207084656], [6.58902168274, -21.5596027374, -22.1185302734, -13.7186946869, -23.0121746063, 8.85732460022, 13.8240222931, -1.87099814415, 7.49648714066, 26.1750450134, 13.8571367264, 48.6207084656, 105.935951233]],
