{
"lowlevel": {
    "average_loudness": 0.93920481205,
    "barkbands_crest": {
        "dmean": 2.20038461685,
        "dmean2": 3.578363657,
        "dvar": 4.50678539276,
        "dvar2": 10.9641389847,
        "max": 25.9739227295,
        "mean": 7.88638687134,
        "median": 6.89608287811,
        "min": 2.10558271408,
        "var": 13.9987888336
    },
    "barkbands_flatness_db": {
        "dmean": 0.0167473852634,
        "dmean2": 0.0256552360952,
        "dvar": 0.000298377970466,
        "dvar2": 0.000590396113694,
        "max": 0.41548755765,
        "mean": 0.115532301366,
        "median": 0.104694753885,
        "min": 0.0388259775937,
        "var": 0.00205583544448
    },
    "barkbands_kurtosis": {
        "dmean": 1.2308807373,
        "dmean2": 1.95421361923,
        "dvar": 14.3159170151,
        "dvar2": 29.0367794037,
        "max": 160.088745117,
        "mean": 0.766460955143,
        "median": -0.543642520905,
        "min": -1.91181993484,
        "var": 32.3899383545
    },
    "barkbands_skewness": {
        "dmean": 0.417897164822,
        "dmean2": 0.644856214523,
        "dvar": 0.223591387272,
        "dvar2": 0.485820323229,
        "max": 8.94941043854,
        "mean": 0.236681491137,
        "median": 0.240992933512,
        "min": -5.69575691223,
        "var": 1.38844096661
    },
    "barkbands_spread": {
        "dmean": 6.15081596375,
        "dmean2": 9.58411598206,
        "dvar": 47.1210403442,
        "dvar2": 108.119178772,
        "max": 104.358863831,
        "mean": 31.8895721436,
        "median": 30.4481620789,
        "min": 0.433916151524,
        "var": 227.103881836
    },
    "dissonance": {
        "dmean": 0.0138867627829,
        "dmean2": 0.0232452899218,
        "dvar": 0.00025013400591,
        "dvar2": 0.000619374972302,
        "max": 0.500000059605,
        "mean": 0.475297600031,
        "median": 0.482285529375,
        "min": 0.19827580452,
        "var": 0.000634724390693
    },
    "dynamic_complexity": 2.75387954712,
    "erbbands_crest": {
        "dmean": 2.13761878014,
        "dmean2": 3.48686432838,
        "dvar": 4.64314031601,
        "dvar2": 11.5053720474,
        "max": 31.5288486481,
        "mean": 7.8305311203,
        "median": 6.9776968956,
        "min": 2.31097483635,
        "var": 14.9440584183
    },
    "erbbands_flatness_db": {
        "dmean": 0.0162121001631,
        "dmean2": 0.0231713317335,
        "dvar": 0.000291239557555,
        "dvar2": 0.000492024468258,
        "max": 0.383020281792,
        "mean": 0.17021818459,
        "median": 0.158400535583,
        "min": 0.0578479096293,
        "var": 0.00313307740726
    },
    "erbbands_kurtosis": {
        "dmean": 0.770317137241,
        "dmean2": 1.23340129852,
        "dvar": 5.10267019272,
        "dvar2": 10.7079181671,
        "max": 134.425491333,
        "mean": 0.00393234798685,
        "median": -0.604380369186,
        "min": -1.88311624527,
        "var": 10.6779060364
    },
    "erbbands_skewness": {
        "dmean": 0.347975313663,
        "dmean2": 0.540787637234,
        "dvar": 0.134900420904,
        "dvar2": 0.28461766243,
        "max": 10.1776027679,
        "mean": -0.231036886573,
        "median": -0.251489341259,
        "min": -5.15523099899,
        "var": 0.599604785442
    },
    "erbbands_spread": {
        "dmean": 7.01938295364,
        "dmean2": 10.7974452972,
        "dvar": 75.3459091187,
        "dvar2": 169.656997681,
        "max": 131.30128479,
        "mean": 39.0989685059,
        "median": 36.8973999023,
        "min": 1.90656900406,
        "var": 325.684509277
    },
    "hfc": {
        "dmean": 6.78424501419,
        "dmean2": 9.62297725677,
        "dvar": 137.03817749,
        "dvar2": 244.050369263,
        "max": 389.908203125,
        "mean": 29.6295948029,
        "median": 27.604429245,
        "min": 1.04865292761e-16,
        "var": 733.337524414
    },
    "melbands_crest": {
        "dmean": 3.00532078743,
        "dmean2": 4.89922571182,
        "dvar": 8.86213493347,
        "dvar2": 22.8695926666,
        "max": 34.6797523499,
        "mean": 10.3965187073,
        "median": 9.44984817505,
        "min": 1.40601241589,
        "var": 31.7507019043
    },
    "melbands_flatness_db": {
        "dmean": 0.0198765806854,
        "dmean2": 0.0304785538465,
        "dvar": 0.000508616969455,
        "dvar2": 0.0011188716162,
        "max": 0.49767768383,
        "mean": 0.116522617638,
        "median": 0.111744232476,
        "min": 0.0026016056072,
        "var": 0.00466890446842
    },
    "melbands_kurtosis": {
        "dmean": 3.22006464005,
        "dmean2": 5.16993522644,
        "dvar": 76.4324493408,
        "dvar2": 174.813720703,
        "max": 438.885131836,
        "mean": 4.28264760971,
        "median": 1.15014648438,
        "min": -1.88081026077,
        "var": 165.888320923
    },
    "melbands_skewness": {
        "dmean": 0.514266133308,
        "dmean2": 0.794945299625,
        "dvar": 0.45023187995,
        "dvar2": 1.04304552078,
        "max": 15.6282339096,
        "mean": 1.42465519905,
        "median": 1.19092869759,
        "min": -3.32541751862,
        "var": 1.84682667255
    },
    "melbands_spread": {
        "dmean": 12.7612314224,
        "dmean2": 20.2700538635,
        "dvar": 222.486160278,
        "dvar2": 522.877380371,
        "max": 233.138519287,
        "mean": 56.345664978,
        "median": 47.7933807373,
        "min": 0.291005164385,
        "var": 1385.59020996
    },
    "pitch_salience": {
        "dmean": 0.0587499216199,
        "dmean2": 0.0960902646184,
        "dvar": 0.0034627020359,
        "dvar2": 0.0087659349665,
        "max": 0.915869534016,
        "mean": 0.633659124374,
        "median": 0.639266550541,
        "min": 0.0638379082084,
        "var": 0.014704390429
    },
    "silence_rate_20dB": {
        "dmean": 0,
        "dmean2": 0,
        "dvar": 0,
        "dvar2": 0,
        "max": 1,
        "mean": 1,
        "median": 1,
        "min": 1,
        "var": 0
    },
    "silence_rate_30dB": {
        "dmean": 0,
        "dmean2": 0,
        "dvar": 0,
        "dvar2": 0,
        "max": 1,
        "mean": 1,
        "median": 1,
        "min": 1,
        "var": 0
    },
    "silence_rate_60dB": {
        "dmean": 0.0189134068787,
        "dmean2": 0.0378303192556,
        "dvar": 0.0185501389205,
        "dvar2": 0.0421507954597,
        "max": 1,
        "mean": 0.16334477067,
        "median": 0,
        "min": 0,
        "var": 0.136670902371
    },
    "spectral_centroid": {
        "dmean": 293.998535156,
        "dmean2": 464.443481445,
        "dvar": 99777.1640625,
        "dvar2": 224801.34375,
        "max": 12108.7636719,
        "mean": 3104.8815918,
        "median": 2557.27392578,
        "min": 215.9815979,
        "var": 6657985
    },
    "spectral_complexity": {
        "dmean": 3.48321890831,
        "dmean2": 5.43606853485,
        "dvar": 14.2820482254,
        "dvar2": 32.3017692566,
        "max": 55,
        "mean": 20.7167892456,
        "median": 22,
        "min": 0,
        "var": 143.039901733
    },
    "spectral_decrease": {
        "dmean": 1.01237862538e-09,
        "dmean2": 1.51179324615e-09,
        "dvar": 2.27517454369e-18,
        "dvar2": 4.77152849779e-18,
        "max": 2.66256179619e-28,
        "mean": -3.61215501954e-09,
        "median": -3.70423602902e-09,
        "min": -2.72971494297e-08,
        "var": 7.00272825896e-18
    },
    "spectral_energy": {
        "dmean": 0.00419395463541,
        "dmean2": 0.00616628536955,
        "dvar": 3.61897909897e-05,
        "dvar2": 7.32354674255e-05,
        "max": 0.106259375811,
        "mean": 0.016320599243,
        "median": 0.0170987751335,
        "min": 9.92045705791e-21,
        "var": 0.00013255297381
    },
    "spectral_energyband_high": {
        "dmean": 0.000798874010798,
        "dmean2": 0.00115272216499,
        "dvar": 3.43876558873e-06,
        "dvar2": 5.86114947509e-06,
        "max": 0.0670447871089,
        "mean": 0.00234706210904,
        "median": 0.001556775067,
        "min": 6.93225417037e-21,
        "var": 1.33963403641e-05
    },
    "spectral_energyband_low": {
        "dmean": 0.00125739967916,
        "dmean2": 0.00207393849269,
        "dvar": 1.09969578261e-05,
        "dvar2": 2.84474863292e-05,
        "max": 0.0531994998455,
        "mean": 0.00156172842253,
        "median": 0.000633155636024,
        "min": 8.53407082208e-24,
        "var": 1.06901006802e-05
    },
    "spectral_energyband_middle_high": {
        "dmean": 0.00174360186793,
        "dmean2": 0.00260574417189,
        "dvar": 4.98869303556e-06,
        "dvar2": 1.05790213638e-05,
        "max": 0.0360771045089,
        "mean": 0.00661984458566,
        "median": 0.00518891075626,
        "min": 1.04665368183e-21,
        "var": 3.41635204677e-05
    },
    "spectral_energyband_middle_low": {
        "dmean": 0.00272775371559,
        "dmean2": 0.00417179102078,
        "dvar": 2.40038098127e-05,
        "dvar2": 5.28559139639e-05,
        "max": 0.104350939393,
        "mean": 0.00623594038188,
        "median": 0.00360917113721,
        "min": 1.0333691001e-22,
        "var": 5.55151600565e-05
    },
    "spectral_entropy": {
        "dmean": 0.127857670188,
        "dmean2": 0.1789034307,
        "dvar": 0.0232497565448,
        "dvar2": 0.0387081205845,
        "max": 9.82677745819,
        "mean": 7.9268913269,
        "median": 7.87406587601,
        "min": 4.55279350281,
        "var": 0.512329638004
    },
    "spectral_flux": {
        "dmean": 0.0171679258347,
        "dmean2": 0.0271603129804,
        "dvar": 0.000420028198278,
        "dvar2": 0.000964615785051,
        "max": 0.310454696417,
        "mean": 0.0724751353264,
        "median": 0.0731984302402,
        "min": 6.16640280504e-11,
        "var": 0.00164247257635
    },
    "spectral_kurtosis": {
        "dmean": 1.39782655239,
        "dmean2": 2.37609696388,
        "dvar": 5.74661684036,
        "dvar2": 16.839723587,
        "max": 47.3639717102,
        "mean": 3.56514501572,
        "median": 2.1436290741,
        "min": -1.29110598564,
        "var": 23.4932804108
    },
    "spectral_rms": {
        "dmean": 0.000480635237182,
        "dmean2": 0.000688854197506,
        "dvar": 3.71580426872e-07,
        "dvar2": 6.72630221743e-07,
        "max": 0.0101817324758,
        "mean": 0.00358350924216,
        "median": 0.00408432772383,
        "min": 3.11102792833e-12,
        "var": 3.08099879476e-06
    },
    "spectral_rolloff": {
        "dmean": 668.717895508,
        "dmean2": 1100.02294922,
        "dvar": 913244.5,
        "dvar2": 2191106.25,
        "max": 20198.1445312,
        "mean": 4804.53125,
        "median": 3725.24414062,
        "min": 129.19921875,
        "var": 21547678
    },
    "spectral_skewness": {
        "dmean": 0.182283177972,
        "dmean2": 0.297351270914,
        "dvar": 0.0471177361906,
        "dvar2": 0.123345606029,
        "max": 4.98010110855,
        "mean": 1.06875479221,
        "median": 0.966458320618,
        "min": -0.250750005245,
        "var": 0.462384551764
    },
    "spectral_spread": {
        "dmean": 533744.875,
        "dmean2": 771791.6875,
        "dvar": 533523464192,
        "dvar2": 1.11760651059e+12,
        "max": 43150184,
        "mean": 7558147,
        "median": 4522476,
        "min": 1178094.125,
        "var": 1.07938148516e+14
    },
    "spectral_strongpeak": {
        "dmean": 0.748938381672,
        "dmean2": 1.24324142933,
        "dvar": 1.54759824276,
        "dvar2": 3.94671916962,
        "max": 20.4524765015,
        "mean": 1.43638527393,
        "median": 0.883919596672,
        "min": 0,
        "var": 3.34618234634
    },
    "zerocrossingrate": {
        "dmean": 0.012343022041,
        "dmean2": 0.0149227082729,
        "dvar": 0.000197038913029,
        "dvar2": 0.000246657349635,
        "max": 0.7783203125,
        "mean": 0.142412632704,
        "median": 0.10791015625,
        "min": 0.009765625,
        "var": 0.0142468912527
    },
    "barkbands": {
        "dmean": [3.04156401398e-05, 0.000535958446562, 0.00060840806691, 0.000756343244575, 0.000886533176526, 0.000716773152817, 0.000476121407701, 0.000481281167595, 0.000667811429594, 0.000603648368269, 0.000655414885841, 0.000245537463343, 0.000254726386629, 0.000196566659724, 0.000263640104095, 0.000157602844411, 0.000148061124492, 0.000266707269475, 0.00044772302499, 0.000486673496198, 0.000248554977588, 0.000230878329603, 0.000187002122402, 0.000115179449494, 4.68843245471e-05, 1.18171346912e-05, 3.68603081391e-09],
        "dmean2": [5.13556587975e-05, 0.000915700918995, 0.00107235962059, 0.00124245462939, 0.00143651966937, 0.00112632138189, 0.000742766831536, 0.000748267397285, 0.00101763103157, 0.000958638091106, 0.00102724507451, 0.000395284994738, 0.00041477321065, 0.000318726990372, 0.000422828947194, 0.000256574130617, 0.000232941674767, 0.000422706565587, 0.000710680382326, 0.000750776205678, 0.000389793800423, 0.000345038744854, 0.000271304161288, 0.00016538707132, 6.74927359796e-05, 1.74503093149e-05, 6.72242483901e-09],
        "dvar": [2.16846651746e-09, 1.96869518732e-06, 3.49321499016e-06, 6.27504869044e-06, 4.45601381216e-06, 3.24458596879e-06, 1.67399025486e-06, 2.60768979388e-06, 2.78974653156e-06, 1.78559730557e-06, 2.10487314689e-06, 2.98931894349e-07, 2.67386411679e-07, 1.6477913789e-07, 2.80566553101e-07, 7.83217402045e-08, 8.49582448836e-08, 2.47485303362e-07, 6.23535697741e-07, 8.05687818684e-07, 4.29652999401e-07, 4.97004236877e-07, 2.29447479683e-07, 6.36869543769e-08, 9.60589208177e-09, 6.2114480226e-10, 4.10405197697e-16],
        "dvar2": [5.49582290787e-09, 5.21894162375e-06, 9.88039846561e-06, 1.56039623107e-05, 1.05843564597e-05, 7.11622305971e-06, 3.62344349014e-06, 5.75138346903e-06, 6.34950902167e-06, 4.06459821534e-06, 5.06404830958e-06, 6.93314120781e-07, 6.70724432439e-07, 3.9222325654e-07, 6.84088661274e-07, 1.92624753481e-07, 1.79760860419e-07, 5.87068029745e-07, 1.48132755839e-06, 1.78496054559e-06, 9.05977742605e-07, 8.72873101798e-07, 4.4990596848e-07, 1.34081219016e-07, 1.98848155719e-08, 1.37080558016e-09, 1.12849267826e-15],
        "max": [0.00085488834884, 0.02738333866, 0.0407264046371, 0.0406481400132, 0.0577179566026, 0.0713158249855, 0.0388692207634, 0.0475620701909, 0.0443985201418, 0.0222171545029, 0.0323297642171, 0.0179772023112, 0.0165941808373, 0.00908137951046, 0.00988795980811, 0.00636849272996, 0.00862633623183, 0.0170434005558, 0.0200135949999, 0.0221513975412, 0.0210981108248, 0.0199440848082, 0.0116128819063, 0.00688017904758, 0.00336962193251, 0.000589341798332, 7.67387064116e-07],
        "mean": [3.73739458155e-05, 0.000613284122664, 0.000594446784817, 0.000743480515666, 0.00148361909669, 0.00131694576703, 0.00071486068191, 0.000672340975143, 0.00112054590136, 0.00103935529478, 0.00128212943673, 0.000397403520765, 0.000427836144809, 0.000333215022692, 0.000495006213896, 0.000296955171507, 0.000282741850242, 0.000533789221663, 0.000969046202954, 0.00117760058492, 0.000537066312972, 0.000462326104753, 0.000403264857596, 0.00026108356542, 0.000103222802863, 2.16649041249e-05, 2.66549493588e-09],
        "median": [1.89355268958e-05, 0.000238177308347, 0.00013864407083, 0.00015126807557, 0.000585310102906, 0.000344216125086, 0.000188495556358, 0.000163697244716, 0.000263005727902, 0.000231807382079, 0.000265684648184, 0.000158986076713, 0.000172195068444, 0.000128449246404, 0.000181653464097, 0.000150895561092, 0.00015185646771, 0.000289919174975, 0.000548936775886, 0.000623130996246, 0.000270945311058, 0.000152745735249, 0.00015566482034, 0.000119004391308, 3.80400852009e-05, 5.62700870432e-06, 4.01378791315e-10],
        "min": [9.93869584232e-26, 1.76770495718e-24, 4.35226542235e-25, 5.05839503318e-25, 4.13823178016e-24, 4.39018054265e-24, 3.58101278001e-24, 2.76349610797e-24, 9.7327946658e-24, 1.04361454155e-23, 8.76976668334e-24, 1.83221007396e-23, 4.89943995521e-24, 1.88534522018e-23, 2.6007548132e-23, 4.25469163114e-23, 5.24143261464e-23, 6.56522357068e-23, 8.06968039786e-23, 1.46943859741e-22, 1.88721188596e-22, 2.27315482632e-22, 3.11670537551e-22, 5.08542350616e-22, 7.731987977e-22, 1.1794973534e-21, 1.77778541784e-21],
        "var": [2.90569612815e-09, 1.69492000168e-06, 2.68556141236e-06, 5.62501963941e-06, 8.94508048077e-06, 8.61697571963e-06, 3.26361123371e-06, 4.12548752138e-06, 6.29603482594e-06, 4.84902011522e-06, 7.45599618313e-06, 5.73811746563e-07, 5.30435670498e-07, 3.33184885903e-07, 6.93746073921e-07, 1.77250043976e-07, 2.07383877182e-07, 6.52696996895e-07, 1.85340581993e-06, 3.04612126456e-06, 1.13784528821e-06, 1.47695448049e-06, 6.25616451089e-07, 1.79449017423e-07, 2.68896886979e-08, 1.65366231819e-09, 2.73210635956e-16]
    },
    "erbbands": {
        "dmean": [0.012140003033, 0.142667844892, 0.634066164494, 1.57220101357, 2.71872854233, 3.01997494698, 5.54382991791, 5.61565446854, 5.78663110733, 7.84199333191, 11.3097381592, 15.1846809387, 14.5557231903, 26.5156154633, 14.9345550537, 8.58467102051, 10.3896055222, 8.30874824524, 13.0755205154, 10.0919237137, 8.06237792969, 8.23662185669, 13.8337430954, 19.7197532654, 22.3264770508, 19.4973659515, 13.1098384857, 8.40020370483, 8.55191516876, 6.96558761597, 5.15398406982, 3.32306933403, 1.4477635622, 0.588572859764, 0.322563290596, 0.0896304324269, 0.0173525735736, 0.000556140148547, 1.92882635019e-05, 6.5658045969e-06],
        "dmean2": [0.0203946605325, 0.245304107666, 1.11646068096, 2.62114143372, 4.50443744659, 4.89617061615, 8.57946014404, 8.86122226715, 9.09527206421, 12.0706253052, 17.2427310944, 23.1719360352, 22.584564209, 41.2638168335, 23.6996669769, 13.672870636, 16.8474159241, 13.3381147385, 20.9010124207, 16.0477333069, 12.9642982483, 12.7374219894, 21.5075511932, 31.3060302734, 34.8479385376, 29.9985313416, 20.6006412506, 13.0444917679, 12.9482355118, 10.1918334961, 7.49357461929, 4.8198223114, 2.09525156021, 0.860523760319, 0.471478849649, 0.129792690277, 0.0257842428982, 0.000813552353065, 2.67948944384e-05, 9.07460889721e-06],
        "dvar": [0.000567272712942, 0.165874391794, 3.91865754128, 22.3490962982, 75.2682418823, 54.2198791504, 245.446914673, 252.286392212, 261.253967285, 555.362609863, 1389.13391113, 1486.33691406, 1104.48181152, 2573.10449219, 1069.85583496, 350.406280518, 451.842559814, 304.036651611, 787.381408691, 327.309387207, 179.502075195, 271.072814941, 670.1796875, 1311.96630859, 1606.0378418, 1366.10412598, 959.28692627, 619.554992676, 621.772277832, 478.275817871, 169.752380371, 55.156955719, 12.3209791183, 1.65443861485, 0.4594399333, 0.0380297861993, 0.00159865082242, 1.6038816284e-06, 1.33707633854e-09, 8.59903745432e-11],
        "dvar2": [0.0014577829279, 0.44501426816, 10.962018013, 57.434047699, 193.721282959, 121.431442261, 491.293914795, 540.174194336, 544.623962402, 1175.18591309, 2981.72485352, 3340.50415039, 2481.84960938, 6243.00097656, 2695.65258789, 838.229125977, 1118.0098877, 715.157226562, 1931.55603027, 770.34576416, 434.500091553, 546.067016602, 1515.89562988, 3016.66748047, 3759.9519043, 2849.98046875, 2128.45239258, 1280.40014648, 1117.83837891, 897.821350098, 348.109008789, 118.84992981, 26.7142906189, 3.63826537132, 0.959337711334, 0.0797369480133, 0.0038719100412, 3.837334134e-06, 2.89292945155e-09, 1.55096074872e-10],
        "max": [0.570392727852, 7.43495416641, 36.3120765686, 80.7332458496, 140.424850464, 289.686004639, 883.075561523, 812.039367676, 736.178161621, 701.852111816, 1221.18249512, 1300.50097656, 665.518798828, 1043.5682373, 823.416137695, 592.141662598, 552.551086426, 469.03225708, 682.346374512, 391.880004883, 295.977478027, 581.279663086, 680.021362305, 1366.46936035, 833.539306641, 1348.79272461, 1093.26062012, 1031.72241211, 774.764709473, 762.800415039, 347.423309326, 180.95463562, 135.656845093, 52.0211715698, 16.6909446716, 5.04030799866, 0.898954391479, 0.0306908078492, 0.000819769222289, 0.000205757503863],
        "mean": [0.0156491622329, 0.148709774017, 0.620399713516, 1.64256930351, 3.28010702133, 5.18964910507, 10.6962604523, 9.36899757385, 8.65807914734, 12.4073839188, 17.5394916534, 25.8238792419, 27.23487854, 53.5772094727, 30.1525039673, 15.7403526306, 18.4956016541, 15.9446268082, 24.588054657, 20.8338108063, 16.7178134918, 17.6162471771, 29.026391983, 43.4723396301, 54.1522369385, 48.592250824, 30.2660503387, 18.3264846802, 16.8906803131, 14.4258623123, 10.9463644028, 7.06411933899, 3.34785795212, 1.33336138725, 0.659360229969, 0.17535071075, 0.0279463082552, 0.000916668737773, 4.83414114569e-05, 2.78156239801e-05],
        "median": [0.00615582522005, 0.0521395169199, 0.16427873075, 0.427875131369, 1.02124023438, 1.92950475216, 2.50999593735, 3.09259366989, 2.97470235825, 3.70845961571, 5.22403240204, 6.81483411789, 8.30398273468, 15.1906042099, 11.2484149933, 7.51566696167, 8.20419788361, 7.72435569763, 11.0838108063, 10.5897712708, 10.2596330643, 10.1740217209, 15.8701381683, 27.392993927, 29.6463832855, 27.4073581696, 18.0153217316, 8.4050579071, 6.00560712814, 4.74437236786, 4.2592754364, 3.1960875988, 1.38535499573, 0.50718909502, 0.227796331048, 0.0485754795372, 0.00610553054139, 0.000193850093638, 2.59462485701e-05, 2.80657222902e-05],
        "min": [5.99766528618e-23, 2.17175830588e-22, 6.25800907488e-22, 2.14651935124e-21, 6.05149826507e-21, 1.37160601169e-20, 2.83315369784e-20, 5.11846923027e-20, 7.49865979402e-20, 1.14370954575e-19, 1.5163271406e-19, 2.30922279697e-19, 4.14585895692e-19, 5.02566299059e-19, 5.25980835369e-19, 6.91808369406e-19, 5.64340250602e-19, 1.20344739222e-18, 1.66972775935e-18, 1.96770985565e-18, 2.81103413862e-18, 3.68339473585e-18, 4.5720100525e-18, 4.64162515926e-18, 4.56220010402e-18, 6.81978527237e-18, 6.66669275255e-18, 9.04796127482e-18, 9.82715962158e-18, 9.23067223724e-18, 9.13462167887e-18, 9.99748603587e-18, 8.16744736509e-18, 7.35453727246e-18, 5.74926177209e-18, 3.42184477565e-18, 1.88738027841e-18, 9.06017955965e-19, 2.2820178606e-19, 2.47250101206e-20],
        "var": [0.000711032305844, 0.128771021962, 2.88686466217, 20.2876758575, 71.8988952637, 126.926651001, 734.998352051, 521.233093262, 463.613525391, 1041.69787598, 2311.07543945, 3362.47192383, 3067.72509766, 9123.95996094, 3527.0065918, 751.078979492, 917.80670166, 634.498352051, 1572.34191895, 898.912597656, 427.973815918, 755.067443848, 1886.71044922, 3667.50683594, 5394.58056641, 4790.74462891, 2466.72949219, 1717.87634277, 1818.56713867, 1316.41894531, 438.532318115, 133.455001831, 32.853351593, 4.66837120056, 1.21148395538, 0.107962310314, 0.00274979532696, 2.92993786388e-06, 3.96287580529e-09, 4.40165293103e-10]
    },
    "gfcc": {
        "mean": [-102.50844574, 58.2963180542, -133.924072266, 39.2794532776, -70.4588623047, 13.872718811, -36.8455619812, 13.0474777222, -28.2105998993, -2.03634047508, -10.1459941864, -2.76488232613, -5.01607465744],
        "cov": [[109726.507812, 4572.33886719, -13169.5205078, 4972.6796875, -7646.74804688, 1605.99963379, -3394.29345703, 1358.08227539, -3198.56298828, -136.880523682, -1158.36108398, -232.59967041, -534.584716797], [4572.33886719, 1477.43200684, -1057.07653809, -325.322265625, -129.631484985, -165.646530151, -304.064025879, 6.84574127197, -6.8113527298, -113.463630676, 59.1299324036, -139.639053345, 6.19720029831], [-13169.5205078, -1057.07653809, 2659.76757812, -1.88441705704, 740.945556641, -96.0983047485, 369.962097168, -174.5493927, 280.851928711, 72.940864563, 29.0340080261, 124.17842865, -14.0437965393], [4972.6796875, -325.322265625, -1.88441705704, 935.634033203, -471.058258057, 148.107162476, -78.1044311523, 37.0761299133, -215.441894531, 11.6093664169, -105.482208252, 58.2868232727, -13.9919509888], [-7646.74804688, -129.631484985, 740.945556641, -471.058258057, 734.014404297, -79.1272277832, 224.244186401, -83.7847824097, 246.037780762, -1.20423460007, 82.8796844482, 2.10459041595, 31.4949703217], [1605.99963379, -165.646530151, -96.0983047485, 148.107162476, -79.1272277832, 275.913146973, 31.8386383057, 31.3421096802, -77.4105834961, 38.8386459351, -59.742275238, 13.0569705963, -45.8120651245], [-3394.29345703, -304.064025879, 369.962097168, -78.1044311523, 224.244186401, 31.8386383057, 319.943572998, -19.3301010132, 45.5693130493, 14.7230625153, 44.0800476074, -18.1381454468, 43.0701255798], [1358.08227539, 6.84574127197, -174.5493927, 37.0761299133, -83.7847824097, 31.3421096802, -19.3301010132, 111.031555176, -27.0702533722, 9.19790363312, -23.8658065796, 6.91632318497, -3.68944740295], [-3198.56298828, -6.8113527298, 280.851928711, -215.441894531, 246.037780762, -77.4105834961, 45.5693130493, -27.0702533722, 210.244415283, 2.47850728035, 41.206035614, 2.5292840004, -1.50836396217], [-136.880523682, -113.463630676, 72.940864563, 11.6093664169, -1.20423460007, 38.8386459351, 14.7230625153, 9.19790363312, 2.47850728035, 86.7004852295, 5.89419841766, 7.25114059448, -7.97269010544], [-1158.36108398, 59.1299324036, 29.0340080261, -105.482208252, 82.8796844482, -59.742275238, 44.0800476074, -23.8658065796, 41.206035614, 5.89419841766, 98.1805801392, 4.66964387894, 26.2738304138], [-232.59967041, -139.639053345, 124.17842865, 58.2868232727, 2.10459041595, 13.0569705963, -18.1381454468, 6.91632318497, 2.5292840004, 7.25114059448, 4.66964387894, 90.1317138672, 7.32989358902], [-534.584716797, 6.19720029831, -14.0437965393, -13.9919509888, 31.4949703217, -45.8120651245, 43.0701255798, -3.68944740295, -1.50836396217, -7.97269010544, 26.2738304138, 7.32989358902, 104.088150024]],
        "icov": [[0.000303681998048, -0.000454301305581, 0.00081493210746, -0.000757155532483, 0.000990705797449, -0.000402442849008, 0.000627990928479, -0.000676325522363, 0.00109088048339, -0.000522082613315, 0.000689883891027, -0.000418280775193, 0.000665311119519], [-0.000454301305581, 0.00246180524118, -0.000835030630697, 0.00141376839019, -0.00176324893255, 0.000661594152916, 0.000886185327545, 0.000878623861354, -0.00159670365974, 0.00230336515233, -0.00263219093904, 0.00303641729988, -0.00130938773509], [0.00081493210746, -0.000835030630697, 0.00322382361628, -0.0025022928603, 0.00173298444133, -0.000239357119426, 0.00118551985361, -0.000876468722709, 0.00257607386447, -0.00200945627876, 0.00257125683129, -0.00196563755162, 0.00255518010817], [-0.000757155532483, 0.00141376839019, -0.0025022928603, 0.00423191301525, -0.00081975501962, 0.00031228933949, -0.00139454717282, 0.00184874772094, -0.00198541022837, 0.00195490010083, -0.00123267166782, 0.000650119967759, -0.00232718535699], [0.000990705797449, -0.00176324893255, 0.00173298444133, -0.00081975501962, 0.00782775599509, -0.00225568283349, 0.000598741404247, -0.00140182848554, 0.00119194947183, -0.000835713755805, 0.00207918067463, -0.00183330534492, 0.00121554418001], [-0.000402442849008, 0.000661594152916, -0.000239357119426, 0.00031228933949, -0.00225568283349, 0.00706903124228, -0.00302298134193, 0.00114674691577, 0.000126318074763, -0.00225009699352, 0.0026574768126, -0.00169805134647, 0.00226696790196], [0.000627990928479, 0.000886185327545, 0.00118551985361, -0.00139454717282, 0.000598741404247, -0.00302298134193, 0.00909370183945, -0.0029324167408, 0.00295371492393, 0.00104474101681, -0.00320809008554, 0.00487402873114, -0.00164404523093], [-0.000676325522363, 0.000878623861354, -0.000876468722709, 0.00184874772094, -0.00140182848554, 0.00114674691577, -0.0029324167408, 0.013131997548, -0.0031604366377, -0.000849594769534, 0.0019308545161, -0.00194476067554, -0.00124914885964], [0.00109088048339, -0.00159670365974, 0.00257607386447, -0.00198541022837, 0.00119194947183, 0.000126318074763, 0.00295371492393, -0.0031604366377, 0.0131995240226, -0.0024612233974, 0.00156790739857, -0.0017010027077, 0.00386586692184], [-0.000522082613315, 0.00230336515233, -0.00200945627876, 0.00195490010083, -0.000835713755805, -0.00225009699352, 0.00104474101681, -0.000849594769534, -0.0024612233974, 0.0160865653306, -0.00586533313617, 0.00355535396375, -0.00160005351063], [0.000689883891027, -0.00263219093904, 0.00257125683129, -0.00123267166782, 0.00207918067463, 0.0026574768126, -0.00320809008554, 0.0019308545161, 0.00156790739857, -0.00586533313617, 0.019354570657, -0.00692595541477, 0.000993235269561], [-0.000418280775193, 0.00303641729988, -0.00196563755162, 0.000650119967759, -0.00183330534492, -0.00169805134647, 0.00487402873114, -0.00194476067554, -0.0017010027077, 0.00355535396375, -0.00692595541477, 0.0188817903399, -0.00411895103753], [0.000665311119519, -0.00130938773509, 0.00255518010817, -0.00232718535699, 0.00121554418001, 0.00226696790196, -0.00164404523093, -0.00124914885964, 0.00386586692184, -0.00160005351063, 0.000993235269561, -0.00411895103753, 0.0143728516996]]
    },
    "melbands": {
        "dmean": [0.000125107937492, 0.000275904109003, 0.000314911070745, 0.000195704400539, 0.000175496272277, 0.000127338993479, 9.14534321055e-05, 8.95117409527e-05, 9.73186470219e-05, 9.73826972768e-05, 7.70095357439e-05, 0.000109875771159, 6.44128085696e-05, 3.09051429213e-05, 2.15449908865e-05, 2.71409353445e-05, 1.56626374519e-05, 2.25636758842e-05, 2.15433301491e-05, 1.12107154564e-05, 9.98044106382e-06, 9.2409145509e-06, 1.09189331852e-05, 1.27964021885e-05, 1.81906816579e-05, 1.80514634849e-05, 1.94570111489e-05, 1.40841848406e-05, 1.03596230474e-05, 5.9517851696e-06, 5.17756097906e-06, 5.42753195987e-06, 4.57970190837e-06, 4.00864473704e-06, 3.27963584823e-06, 2.81699271909e-06, 1.921113153e-06, 1.12647751394e-06, 8.63970001319e-07, 4.47936457704e-07],
        "dmean2": [0.000212760467548, 0.000480185233755, 0.000520691275597, 0.000319755112287, 0.000272176519502, 0.000199897054699, 0.000142918695929, 0.000136810864205, 0.000147333557834, 0.000149113227963, 0.000120167605928, 0.000171572712134, 0.000100969227788, 4.9894060794e-05, 3.43777355738e-05, 4.44285433332e-05, 2.53722209891e-05, 3.62902428606e-05, 3.43786159647e-05, 1.81527830136e-05, 1.61276129802e-05, 1.44784116856e-05, 1.7015308913e-05, 2.02941300813e-05, 2.90823918476e-05, 2.85020541924e-05, 3.07537193294e-05, 2.19054163608e-05, 1.64776774909e-05, 9.43607665249e-06, 8.11876998341e-06, 8.43676207296e-06, 6.88006866767e-06, 5.97073085373e-06, 4.90559932587e-06, 4.20663855039e-06, 2.8388865303e-06, 1.67008852259e-06, 1.31447598051e-06, 6.70623649057e-07],
        "dvar": [8.29546138448e-08, 7.14724478712e-07, 9.68787617239e-07, 2.4650248065e-07, 2.11551295592e-07, 1.13132173851e-07, 5.96851776891e-08, 7.04187428369e-08, 9.96830848976e-08, 5.92361288909e-08, 3.11644079432e-08, 4.26311927981e-08, 1.88251068067e-08, 4.8719779322e-09, 2.30668728562e-09, 3.36373329191e-09, 1.15449783067e-09, 2.65657962295e-09, 1.99020933067e-09, 4.93714458205e-10, 2.96229818453e-10, 3.910883839e-10, 4.18239720634e-10, 5.75968439609e-10, 1.19546439414e-09, 1.23034205046e-09, 1.64586400064e-09, 7.3523515054e-10, 5.07595243615e-10, 2.6193636149e-10, 2.54415682965e-10, 2.35778924162e-10, 2.49564841015e-10, 1.41502351503e-10, 7.52118090031e-11, 4.28840782329e-11, 1.77191507994e-11, 7.84380806834e-12, 4.24468403135e-12, 8.52236358741e-13],
        "dvar2": [2.14575734958e-07, 1.9747008082e-06, 2.44972534347e-06, 6.02564739438e-07, 4.19038713062e-07, 2.44189237719e-07, 1.26204142248e-07, 1.47520452742e-07, 2.11950862194e-07, 1.34775561378e-07, 7.02631410832e-08, 1.02034150018e-07, 4.47879209275e-08, 1.14621041547e-08, 5.61771784646e-09, 8.47129566495e-09, 2.74450795423e-09, 6.54789156229e-09, 4.81117767848e-09, 1.22498744481e-09, 7.17087722535e-10, 8.13038691927e-10, 9.13055353546e-10, 1.35546363023e-09, 2.7600810526e-09, 2.94428748049e-09, 3.94582588825e-09, 1.58326174393e-09, 1.15332932094e-09, 5.66252600365e-10, 5.51174050845e-10, 4.66355343232e-10, 4.95368468467e-10, 2.834275592e-10, 1.64456559482e-10, 9.69824498487e-11, 3.93546029098e-11, 1.7094832494e-11, 9.8617494379e-12, 1.92222670073e-12],
        "max": [0.00555080641061, 0.0153032261878, 0.0158907938749, 0.0160365477204, 0.0261273160577, 0.0166713986546, 0.00939300935715, 0.00742463348433, 0.0105324583128, 0.0075353346765, 0.00327189220116, 0.00383666320704, 0.00245724152774, 0.00216983887367, 0.000942001410294, 0.0018422891153, 0.000871464086231, 0.00130085949786, 0.000881951185875, 0.000549197138753, 0.000380585843232, 0.000593893462792, 0.000827519397717, 0.000759874703363, 0.00127600226551, 0.000880473060533, 0.00103373616003, 0.000968181877397, 0.000769007077906, 0.00059809233062, 0.000623581407126, 0.000435136898886, 0.000475729757454, 0.000377927935915, 0.000242372465436, 0.000153368629981, 0.000111529901915, 0.000120965545648, 6.68222564855e-05, 3.03658416669e-05],
        "mean": [0.000155321118655, 0.00028295640368, 0.000339305406669, 0.000297503225738, 0.000346128392266, 0.000218019486056, 0.000138839444844, 0.000138879477163, 0.000150242936797, 0.000163310454809, 0.000137323208037, 0.000216465457925, 0.000127544204588, 5.19199165865e-05, 3.58857614629e-05, 4.41366355517e-05, 2.67812320089e-05, 3.78078366339e-05, 4.04915735999e-05, 2.03684194275e-05, 1.85705703188e-05, 1.72244472196e-05, 2.18871446123e-05, 2.55521972576e-05, 3.63304534403e-05, 3.76909047191e-05, 4.34297107859e-05, 3.05904395645e-05, 2.20064739551e-05, 1.19107526189e-05, 1.00310835478e-05, 9.84861435427e-06, 8.42600093165e-06, 7.86083273852e-06, 6.42393251837e-06, 5.46841829419e-06, 3.88761100112e-06, 2.42948226514e-06, 1.75219940957e-06, 9.35584296258e-07],
        "median": [6.46187909297e-05, 9.03909749468e-05, 9.72442285274e-05, 0.000108673200884, 9.61799523793e-05, 6.67776257615e-05, 4.34154499089e-05, 4.08947526012e-05, 3.65037012671e-05, 3.81479439966e-05, 3.15731376759e-05, 5.73542201892e-05, 3.5764893255e-05, 1.79625694727e-05, 1.43924626173e-05, 1.51825215653e-05, 1.13131445687e-05, 1.40577121783e-05, 1.35784557642e-05, 9.61381829256e-06, 1.04767541416e-05, 8.89851617103e-06, 1.13632913781e-05, 1.39342500916e-05, 2.0319937903e-05, 1.961338603e-05, 1.95006614376e-05, 1.60683594004e-05, 1.16972996693e-05, 5.84277950111e-06, 3.7771933421e-06, 3.41630629919e-06, 2.4676448902e-06, 2.60476099356e-06, 2.32322463489e-06, 2.33292666962e-06, 1.73817454652e-06, 9.80159484243e-07, 6.22352331447e-07, 3.50714913111e-07],
        "min": [6.88246331318e-25, 4.64742315346e-25, 6.31153460075e-25, 9.04958649326e-25, 1.0364511126e-24, 9.93667438625e-25, 1.10037270897e-24, 1.19215460453e-24, 1.071204577e-24, 1.42769003121e-24, 1.75836326634e-24, 1.29264641196e-24, 1.32245204215e-24, 1.40656147654e-24, 1.92715465094e-24, 7.91642280861e-25, 1.47279147713e-24, 2.43695384157e-24, 2.10510037192e-24, 2.83209288849e-24, 2.18736752028e-24, 2.63725883883e-24, 3.46634474768e-24, 3.24936165317e-24, 2.98992758676e-24, 2.51684691304e-24, 3.53417613591e-24, 3.61589305379e-24, 3.68037967178e-24, 4.17824359413e-24, 4.3930267528e-24, 3.9819450242e-24, 4.17789018445e-24, 4.40135554623e-24, 5.23032056215e-24, 4.75799601161e-24, 4.8854345187e-24, 4.36469284123e-24, 5.00311442195e-24, 4.76180463206e-24],
        "var": [8.41294962584e-08, 5.39383052001e-07, 8.73909073107e-07, 4.18503759647e-07, 6.41184612959e-07, 2.47720379321e-07, 1.13957263181e-07, 1.33586496531e-07, 1.75355992837e-07, 1.41312426649e-07, 8.78670149973e-08, 1.43482424164e-07, 6.20045526034e-08, 1.12603624203e-08, 4.60104399025e-09, 6.48099751643e-09, 2.17886220177e-09, 4.84232121067e-09, 5.58854873489e-09, 1.03661734752e-09, 6.24852058984e-10, 8.85964968056e-10, 1.2630150259e-09, 1.46835399395e-09, 3.04788350114e-09, 3.33390581808e-09, 5.60004798089e-09, 2.12627915275e-09, 1.27939248085e-09, 6.3054944599e-10, 6.44618358692e-10, 6.20342277546e-10, 5.97931648638e-10, 3.52461004827e-10, 1.70220865181e-10, 9.05573671606e-11, 4.26532455189e-11, 1.91621250117e-11, 9.90125169353e-12, 2.31865199783e-12]
    },
    "mfcc": {
        "mean": [-674.532775879, 73.7349319458, -10.993516922, 18.7628650665, -7.84985303879, -3.83925104141, 1.88235652447, 4.64031171799, -7.73545074463, 4.91279506683, -7.25322580338, -5.15695428848, -1.72866392136],
        "cov": [[26293.3398438, 1663.85412598, 11.045009613, 1452.1315918, -878.14453125, 43.6792144775, 429.869232178, 281.752288818, -333.340545654, 242.069076538, -448.527404785, -307.750671387, -197.395812988], [1663.85412598, 2103.6784668, -768.366577148, -320.40020752, 152.49887085, -271.820037842, -160.649703979, -40.9025688171, -136.638290405, 87.27318573, -5.58215999603, -45.5234832764, 60.7640647888], [11.045009613, -768.366577148, 1077.44213867, 427.764465332, 4.51348876953, 156.137023926, 18.330997467, -2.44862699509, 23.6222934723, -114.758224487, 3.29398107529, 46.5184211731, -85.7445755005], [1452.1315918, -320.40020752, 427.764465332, 528.001525879, -45.5368080139, 35.8139572144, 42.5882072449, 10.1859054565, -4.88095760345, -44.1716423035, -88.0669021606, 6.91818380356, -36.901260376], [-878.14453125, 152.49887085, 4.51348876953, -45.5368080139, 231.644973755, 9.50936222076, -86.7800292969, 9.45860099792, 7.62578392029, -27.0045318604, 32.7076835632, 16.0359840393, 15.8829889297], [43.6792144775, -271.820037842, 156.137023926, 35.8139572144, 9.50936222076, 214.363739014, 74.7305450439, 27.1752738953, 23.9878540039, 6.89360046387, 16.1937236786, -7.28839969635, -6.15185499191], [429.869232178, -160.649703979, 18.330997467, 42.5882072449, -86.7800292969, 74.7305450439, 216.640350342, 16.6523399353, 16.8172798157, 35.7189865112, -35.8332443237, -32.0169677734, 1.20878911018], [281.752288818, -40.9025688171, -2.44862699509, 10.1859054565, 9.45860099792, 27.1752738953, 16.6523399353, 104.92591095, 19.5072727203, -3.66791629791, 6.00730133057, 1.7145844698, -1.06357336044], [-333.340545654, -136.638290405, 23.6222934723, -4.88095760345, 7.62578392029, 23.9878540039, 16.8172798157, 19.5072727203, 92.3797302246, 17.0176448822, 2.98612332344, -3.19937705994, -6.96124458313], [242.069076538, 87.27318573, -114.758224487, -44.1716423035, -27.0045318604, 6.89360046387, 35.7189865112, -3.66791629791, 17.0176448822, 97.6219863892, 10.1772117615, -25.6652545929, 1.18335127831], [-448.527404785, -5.58215999603, 3.29398107529, -88.0669021606, 32.7076835632, 16.1937236786, -35.8332443237, 6.00730133057, 2.98612332344, 10.1772117615, 110.494056702, 32.5980377197, -20.9977722168], [-307.750671387, -45.5234832764, 46.5184211731, 6.91818380356, 16.0359840393, -7.28839969635, -32.0169677734, 1.7145844698, -3.19937705994, -25.6652545929, 32.5980377197, 76.8416519165, 14.9660406113], [-197.395812988, 60.7640647888, -85.7445755005, -36.901260376, 15.8829889297, -6.15185499191, 1.20878911018, -1.06357336044, -6.96124458313, 1.18335127831, -20.9977722168, 14.9660406113, 102.582351685]],
