{
"lowlevel": {
    "average_loudness": 0.73063647747,
    "barkbands_crest": {
        "dmean": 2.58915519714,
        "dmean2": 4.22160768509,
        "dvar": 5.98308801651,
        "dvar2": 14.5931568146,
        "max": 26.4772644043,
        "mean": 8.59473896027,
        "median": 7.74016189575,
        "min": 1.93966531754,
        "var": 15.5703554153
    },
    "barkbands_flatness_db": {
        "dmean": 0.0217943470925,
        "dmean2": 0.0332721099257,
        "dvar": 0.000541972636711,
        "dvar2": 0.00109544501174,
        "max": 0.394023984671,
        "mean": 0.136151507497,
        "median": 0.126320883632,
        "min": 0.0324342623353,
        "var": 0.00224849628285
    },
    "barkbands_kurtosis": {
        "dmean": 2.20387983322,
        "dmean2": 3.50685238838,
        "dvar": 22.8309116364,
        "dvar2": 50.5304069519,
        "max": 124.903533936,
        "mean": 2.16038155556,
        "median": 0.325314998627,
        "min": -1.91925394535,
        "var": 41.8908233643
    },
    "barkbands_skewness": {
        "dmean": 0.552788197994,
        "dmean2": 0.831983983517,
        "dvar": 0.459791094065,
        "dvar2": 0.96218752861,
        "max": 9.60399436951,
        "mean": 0.823178470135,
        "median": 0.691007733345,
        "min": -6.36040019989,
        "var": 1.57873034477
    },
    "barkbands_spread": {
        "dmean": 6.04990720749,
        "dmean2": 9.47869873047,
        "dvar": 56.8842163086,
        "dvar2": 134.08732605,
        "max": 87.2124404907,
        "mean": 23.2335720062,
        "median": 20.5637187958,
        "min": 1.09565341473,
        "var": 167.926315308
    },
    "dissonance": {
        "dmean": 0.0182252600789,
        "dmean2": 0.0300873890519,
        "dvar": 0.000426934362622,
        "dvar2": 0.00106122565921,
        "max": 0.500000178814,
        "mean": 0.46597546339,
        "median": 0.474138379097,
        "min": 0.164541915059,
        "var": 0.000981885241345
    },
    "dynamic_complexity": 5.34704303741,
    "erbbands_crest": {
        "dmean": 2.7587082386,
        "dmean2": 4.48058605194,
        "dvar": 6.95209932327,
        "dvar2": 17.0476264954,
        "max": 30.3554515839,
        "mean": 9.17327785492,
        "median": 8.29323387146,
        "min": 2.23707389832,
        "var": 16.3350315094
    },
    "erbbands_flatness_db": {
        "dmean": 0.0202702656388,
        "dmean2": 0.0291175749153,
        "dvar": 0.000504989584442,
        "dvar2": 0.000893795047887,
        "max": 0.47626209259,
        "mean": 0.189405500889,
        "median": 0.188130959868,
        "min": 0.0453583970666,
        "var": 0.00289590889588
    },
    "erbbands_kurtosis": {
        "dmean": 1.15970933437,
        "dmean2": 1.82164561749,
        "dvar": 4.96856164932,
        "dvar2": 10.7322177887,
        "max": 57.3691673279,
        "mean": 0.693232178688,
        "median": -0.00713658332825,
        "min": -1.89105665684,
        "var": 8.73364639282
    },
    "erbbands_skewness": {
        "dmean": 0.423594295979,
        "dmean2": 0.637606620789,
        "dvar": 0.227044597268,
        "dvar2": 0.470063626766,
        "max": 5.22798013687,
        "mean": 0.116367585957,
        "median": 0.198140799999,
        "min": -5.94773244858,
        "var": 0.823119103909
    },
    "erbbands_spread": {
        "dmean": 8.134516716,
        "dmean2": 12.3646697998,
        "dvar": 93.5165634155,
        "dvar2": 203.458374023,
        "max": 134.958084106,
        "mean": 33.7459602356,
        "median": 30.1962814331,
        "min": 1.58266329765,
        "var": 337.171112061
    },
    "hfc": {
        "dmean": 5.67599725723,
        "dmean2": 7.76397323608,
        "dvar": 107.928924561,
        "dvar2": 187.107955933,
        "max": 283.388916016,
        "mean": 17.3476142883,
        "median": 9.27332115173,
        "min": 1.11351824749e-16,
        "var": 483.916381836
    },
    "melbands_crest": {
        "dmean": 3.49109578133,
        "dmean2": 5.68725347519,
        "dvar": 11.5851774216,
        "dvar2": 27.7580680847,
        "max": 39.4633407593,
        "mean": 11.5441865921,
        "median": 10.4839553833,
        "min": 1.85148096085,
        "var": 30.1184043884
    },
    "melbands_flatness_db": {
        "dmean": 0.0258630178869,
        "dmean2": 0.0389127992094,
        "dvar": 0.000838716514409,
        "dvar2": 0.00166706799064,
        "max": 0.466913789511,
        "mean": 0.154390826821,
        "median": 0.147285044193,
        "min": 0.00384904444218,
        "var": 0.00425287475809
    },
    "melbands_kurtosis": {
        "dmean": 4.82428121567,
        "dmean2": 7.75139331818,
        "dvar": 116.012992859,
        "dvar2": 275.389038086,
        "max": 325.397735596,
        "mean": 6.8756980896,
        "median": 2.4821228981,
        "min": -1.95756912231,
        "var": 191.040985107
    },
    "melbands_skewness": {
        "dmean": 0.686106264591,
        "dmean2": 1.0432215929,
        "dvar": 0.730784595013,
        "dvar2": 1.64477133751,
        "max": 14.5469017029,
        "mean": 1.69813334942,
        "median": 1.45375466347,
        "min": -4.16439628601,
        "var": 2.31929850578
    },
    "melbands_spread": {
        "dmean": 10.3520088196,
        "dmean2": 15.8721780777,
        "dvar": 254.467773438,
        "dvar2": 527.79498291,
        "max": 284.432312012,
        "mean": 34.5611610413,
        "median": 29.7762508392,
        "min": 0.791164875031,
        "var": 733.221191406
    },
    "pitch_salience": {
        "dmean": 0.0697580054402,
        "dmean2": 0.113030642271,
        "dvar": 0.00456928648055,
        "dvar2": 0.0113684628159,
        "max": 0.917664349079,
        "mean": 0.628857970238,
        "median": 0.631850063801,
        "min": 0.0233503561467,
        "var": 0.0143746957183
    },
    "silence_rate_20dB": {
        "dmean": 0,
        "dmean2": 0,
        "dvar": 0,
        "dvar2": 0,
        "max": 1,
        "mean": 1,
        "median": 1,
        "min": 1,
        "var": 0
    },
    "silence_rate_30dB": {
        "dmean": 0.000453172193374,
        "dmean2": 0.000906412897166,
        "dvar": 0.000452961132396,
        "dvar2": 0.00120773573872,
        "max": 1,
        "mean": 0.99969792366,
        "median": 1,
        "min": 0,
        "var": 0.000301996187773
    },
    "silence_rate_60dB": {
        "dmean": 0.0515105724335,
        "dmean2": 0.103028930724,
        "dvar": 0.0488468706608,
        "dvar2": 0.105259738863,
        "max": 1,
        "mean": 0.277924627066,
        "median": 0,
        "min": 0,
        "var": 0.200651437044
    },
    "spectral_centroid": {
        "dmean": 311.021606445,
        "dmean2": 466.797485352,
        "dvar": 152723,
        "dvar2": 295606.15625,
        "max": 11440.1425781,
        "mean": 1761.55969238,
        "median": 1684.1965332,
        "min": 234.287841797,
        "var": 658951.375
    },
    "spectral_complexity": {
        "dmean": 2.98670697212,
        "dmean2": 4.57542133331,
        "dvar": 10.0326967239,
        "dvar2": 21.0675106049,
        "max": 52,
        "mean": 15.1965866089,
        "median": 15,
        "min": 0,
        "var": 103.476409912
    },
    "spectral_decrease": {
        "dmean": 1.14031961651e-09,
        "dmean2": 1.67585645361e-09,
        "dvar": 3.7316388043e-18,
        "dvar2": 7.62708749404e-18,
        "max": 1.40915840318e-28,
        "mean": -3.13957082554e-09,
        "median": -1.93994420528e-09,
        "min": -3.44243495931e-08,
        "var": 1.1453218862e-17
    },
    "spectral_energy": {
        "dmean": 0.00470001855865,
        "dmean2": 0.00684288749471,
        "dvar": 6.07093825238e-05,
        "dvar2": 0.000121620760183,
        "max": 0.142487689853,
        "mean": 0.0134229613468,
        "median": 0.00837185978889,
        "min": 1.05343300856e-20,
        "var": 0.000200782364118
    },
    "spectral_energyband_high": {
        "dmean": 0.000375596457161,
        "dmean2": 0.000503150338773,
        "dvar": 1.59719741077e-06,
        "dvar2": 2.63131300926e-06,
        "max": 0.0412062592804,
        "mean": 0.000814232684206,
        "median": 0.000215534862946,
        "min": 7.51678409673e-21,
        "var": 5.24703682458e-06
    },
    "spectral_energyband_low": {
        "dmean": 0.00068808865035,
        "dmean2": 0.00111154385377,
        "dvar": 3.45328044205e-06,
        "dvar2": 8.49744083098e-06,
        "max": 0.0304259881377,
        "mean": 0.000998638919555,
        "median": 0.000400297896704,
        "min": 2.58177860635e-23,
        "var": 3.91876483263e-06
    },
    "spectral_energyband_middle_high": {
        "dmean": 0.00187510496471,
        "dmean2": 0.00270429369994,
        "dvar": 1.15730190373e-05,
        "dvar2": 2.16016542254e-05,
        "max": 0.0939493253827,
        "mean": 0.00527431070805,
        "median": 0.00268789753318,
        "min": 1.37260989715e-21,
        "var": 4.77684261568e-05
    },
    "spectral_energyband_middle_low": {
        "dmean": 0.00335033563897,
        "dmean2": 0.00506169255823,
        "dvar": 4.04641032219e-05,
        "dvar2": 9.01743405848e-05,
        "max": 0.0887536183,
        "mean": 0.00674385717139,
        "median": 0.00326580251567,
        "min": 2.06308886655e-22,
        "var": 8.62220404088e-05
    },
    "spectral_entropy": {
        "dmean": 0.164391994476,
        "dmean2": 0.236938580871,
        "dvar": 0.033388864249,
        "dvar2": 0.0587313137949,
        "max": 9.82082366943,
        "mean": 7.62833070755,
        "median": 7.62890958786,
        "min": 5.55150079727,
        "var": 0.178319782019
    },
    "spectral_flux": {
        "dmean": 0.018448587507,
        "dmean2": 0.0288628768176,
        "dvar": 0.000547339150216,
        "dvar2": 0.00117868324742,
        "max": 0.309907197952,
        "mean": 0.0642807409167,
        "median": 0.0557090900838,
        "min": 6.52172829629e-11,
        "var": 0.00197570072487
    },
    "spectral_kurtosis": {
        "dmean": 1.97040438652,
        "dmean2": 3.26302194595,
        "dvar": 13.2191047668,
        "dvar2": 34.4645996094,
        "max": 101.004417419,
        "mean": 4.54859876633,
        "median": 3.31319904327,
        "min": -1.27736115456,
        "var": 32.3318138123
    },
    "spectral_rms": {
        "dmean": 0.000582342327107,
        "dmean2": 0.000818717118818,
        "dvar": 5.85481700455e-07,
        "dvar2": 1.04938749246e-06,
        "max": 0.0117903510109,
        "mean": 0.00309345731512,
        "median": 0.00285791326314,
        "min": 3.20583772202e-12,
        "var": 3.52611027665e-06
    },
    "spectral_rolloff": {
        "dmean": 628.108947754,
        "dmean2": 1024.16271973,
        "dvar": 1061289.5,
        "dvar2": 2219606,
        "max": 19121.484375,
        "mean": 2286.13208008,
        "median": 2002.58789062,
        "min": 21.533203125,
        "var": 2792550.5
    },
    "spectral_skewness": {
        "dmean": 0.249158412218,
        "dmean2": 0.394701361656,
        "dvar": 0.0884657874703,
        "dvar2": 0.220057085156,
        "max": 7.92449855804,
        "mean": 1.37834954262,
        "median": 1.32434237003,
        "min": -0.487687557936,
        "var": 0.357964575291
    },
    "spectral_spread": {
        "dmean": 504883.59375,
        "dmean2": 726052.125,
        "dvar": 552965177344,
        "dvar2": 1.0033201152e+12,
        "max": 48330684,
        "mean": 4048682.5,
        "median": 3772767.75,
        "min": 518065.53125,
        "var": 2.83246749286e+12
    },
    "spectral_strongpeak": {
        "dmean": 0.616805493832,
        "dmean2": 1.01137030125,
        "dvar": 0.979236543179,
        "dvar2": 2.51593160629,
        "max": 16.688249588,
        "mean": 1.06592679024,
        "median": 0.615095555782,
        "min": 0,
        "var": 1.70018267632
    },
    "zerocrossingrate": {
        "dmean": 0.0122588463128,
        "dmean2": 0.0137742599472,
        "dvar": 0.000275278434856,
        "dvar2": 0.00027778049116,
        "max": 0.5927734375,
        "mean": 0.0824426040053,
        "median": 0.0732421875,
        "min": 0,
        "var": 0.00197451305576
    },
    "barkbands": {
        "dmean": [1.06997249532e-05, 0.000291293428745, 0.000269798299996, 0.000654563948046, 0.00108253012877, 0.000482319679577, 0.000969450164121, 0.000825149705634, 0.000657447671983, 0.000531756493729, 0.000384515791666, 0.000267532974249, 0.000325561006321, 0.000362229853636, 0.000290344265522, 0.000308878457872, 0.000300760293612, 0.000222552436753, 0.000155382353114, 0.000208450510399, 8.43980669742e-05, 0.00010336934065, 0.000100196702988, 5.04625677422e-05, 1.91175822692e-05, 4.44072384198e-06, 3.49575590697e-09],
        "dmean2": [1.81803152373e-05, 0.000483650888782, 0.000461684016045, 0.00107366254088, 0.00175239448436, 0.0007644983707, 0.00148403667845, 0.00129335990641, 0.000996022834443, 0.000795448664576, 0.000581671018153, 0.000414969603298, 0.000509742530994, 0.000563229899853, 0.000468652375275, 0.000484755408252, 0.000469229737064, 0.000347838707967, 0.000242125126533, 0.000311894051265, 0.000124607613543, 0.000144168167026, 0.000139158306411, 7.04502526787e-05, 2.59655844275e-05, 6.12735357208e-06, 6.20452800248e-09],
        "dvar": [3.89796001032e-10, 7.41601638765e-07, 7.27768394881e-07, 6.80189123159e-06, 6.88394493409e-06, 2.61348804997e-06, 8.09981884231e-06, 7.06445052856e-06, 5.23681046616e-06, 2.58984732682e-06, 1.32214313453e-06, 1.06962340851e-06, 1.02284013792e-06, 1.26977897708e-06, 6.2299648107e-07, 6.50299455174e-07, 6.56790064113e-07, 2.82361412474e-07, 1.60504583846e-07, 3.27366734609e-07, 9.64082289556e-08, 1.58385546456e-07, 2.09856565903e-07, 6.18729245616e-08, 5.24675725089e-09, 2.13995127174e-10, 6.14910979598e-16],
        "dvar2": [1.01069697056e-09, 1.89243598925e-06, 1.92428547052e-06, 1.75173245225e-05, 1.68148417288e-05, 5.92406922806e-06, 1.71215815499e-05, 1.61841053341e-05, 1.14832046165e-05, 5.47331546841e-06, 2.89294530376e-06, 2.2931278636e-06, 2.19373077925e-06, 2.75499451163e-06, 1.47683556406e-06, 1.45660555972e-06, 1.5256593997e-06, 6.42687723484e-07, 3.698933142e-07, 6.73955241837e-07, 2.19626173248e-07, 2.57646860291e-07, 3.68726489341e-07, 1.07898102897e-07, 1.10649809315e-08, 4.2541667411e-10, 1.65439987098e-15],
        "max": [0.00056485197274, 0.0139065906405, 0.0148279005662, 0.0414902754128, 0.0581568963826, 0.0675324946642, 0.0662166848779, 0.0664912387729, 0.0525982268155, 0.0417188405991, 0.0347383394837, 0.0395890213549, 0.0324539244175, 0.0361374057829, 0.0200630500913, 0.0223471000791, 0.0292586237192, 0.0122000137344, 0.0100949695334, 0.0155527098104, 0.0162273962051, 0.0176832899451, 0.0171709228307, 0.0117825902998, 0.00333510804921, 0.000364229868865, 9.61910814112e-07],
        "mean": [1.30400485432e-05, 0.000392444519093, 0.000316081452183, 0.000713942572474, 0.00188179442193, 0.000668332038913, 0.00134142977186, 0.00100817612838, 0.000901723688003, 0.000820000830572, 0.000625423621386, 0.000387069390854, 0.000526123330928, 0.000554495200049, 0.000447569967946, 0.000503843766637, 0.000548373733182, 0.000429329724284, 0.0002829915029, 0.00040783098666, 0.000154630470206, 0.000196801731363, 0.000174970584339, 8.7737418653e-05, 3.21821826219e-05, 6.61481271891e-06, 2.56876808713e-09],
        "median": [4.22373068432e-06, 0.000143802724779, 6.87162464601e-05, 0.000114376576676, 0.000455059023807, 0.000189219979802, 0.000252013996942, 0.000174429471372, 0.000177797599463, 0.000132019165903, 0.000111047251266, 8.94214681466e-05, 0.000121006829431, 0.00012987050286, 0.000138144605444, 0.000146887701703, 0.000144637218909, 0.000118683070468, 9.23232291825e-05, 6.77917996654e-05, 4.6143974032e-05, 4.10505017499e-05, 3.03818724205e-05, 1.57896993187e-05, 6.49166486255e-06, 1.1092153045e-06, 1.51205270527e-10],
        "min": [3.21430033581e-24, 6.89685154444e-24, 2.88382618944e-24, 2.41544456292e-24, 4.49133033896e-23, 2.48039420281e-23, 2.38386239825e-23, 1.39237436537e-23, 3.65094892801e-23, 2.76814415531e-23, 1.1346100414e-23, 5.90047509831e-23, 3.21015144021e-23, 4.41743237371e-23, 7.22698068249e-23, 8.1452185627e-23, 1.13456209443e-22, 2.13763761048e-22, 1.80836227237e-22, 2.80595501581e-22, 2.53566602613e-22, 3.85926052425e-22, 5.88788815992e-22, 6.58909488032e-22, 1.04181833051e-21, 1.43872992106e-21, 1.96163458886e-21],
        "var": [5.29007837535e-10, 7.31291777356e-07, 6.58681869936e-07, 6.05526702202e-06, 1.67335947481e-05, 3.60547664968e-06, 1.35028030854e-05, 9.4166261988e-06, 7.64998094382e-06, 5.24351798958e-06, 2.98532677334e-06, 1.75259197022e-06, 2.30503019338e-06, 2.24461791731e-06, 1.06025538571e-06, 1.20578647511e-06, 1.62790468039e-06, 7.32024943773e-07, 3.37438649467e-07, 1.04324567474e-06, 1.86572663097e-07, 4.41318263711e-07, 5.40250709946e-07, 1.68773425457e-07, 1.11830198435e-08, 3.73603203929e-10, 4.33604847787e-16]
    },
    "erbbands": {
        "dmean": [0.00580856995657, 0.0777573511004, 0.29545763135, 1.17018353939, 3.00762486458, 4.42737483978, 3.11873841286, 4.62872028351, 11.543088913, 17.2239398956, 15.9663028717, 15.2787914276, 13.7612304688, 15.403793335, 15.0270938873, 10.4481782913, 14.7581701279, 17.647649765, 14.5230360031, 15.5857772827, 15.6479434967, 14.7746295929, 12.6329059601, 7.12416553497, 9.3423948288, 9.54502010345, 3.96814203262, 3.37876939774, 3.80295276642, 3.3961224556, 2.77021288872, 1.52270305157, 0.627884447575, 0.255205750465, 0.116477169096, 0.0343073457479, 0.00540040340275, 0.000147966857185, 8.20575860416e-06, 6.33693298369e-06],
        "dmean2": [0.0094296913594, 0.130131289363, 0.505721032619, 1.92583847046, 5.04446220398, 7.12049913406, 4.90136575699, 7.30999422073, 17.7499580383, 26.8117961884, 24.5895576477, 23.273809433, 20.6027259827, 22.6404571533, 22.5114650726, 16.1057662964, 22.6889190674, 26.9658279419, 22.7511119843, 24.7887096405, 24.0399723053, 22.5845394135, 19.7188987732, 10.8657522202, 14.0839128494, 14.1552419662, 5.97322845459, 4.88996458054, 5.37293338776, 4.80250453949, 3.88849115372, 2.08919334412, 0.883792459965, 0.353156417608, 0.159246072173, 0.0466726012528, 0.00767934322357, 0.000208771889447, 1.07700279841e-05, 8.87960050022e-06],
        "dvar": [0.000157247530296, 0.0602267831564, 0.908968865871, 18.6808338165, 103.086524963, 136.318328857, 64.2559356689, 300.687164307, 1376.20788574, 3176.49633789, 2823.60351562, 3015.13110352, 2389.65478516, 2027.56811523, 1976.59716797, 1729.95935059, 2049.30810547, 2829.15405273, 1802.30664062, 1626.08190918, 1844.6072998, 1561.60681152, 901.623840332, 408.241271973, 650.257019043, 740.252624512, 144.249053955, 173.000610352, 216.71673584, 202.299713135, 172.130737305, 56.7074966431, 9.02473068237, 1.09895408154, 0.153885796666, 0.0116984304041, 0.000450452032965, 3.46597715861e-07, 4.81552075993e-10, 1.08166239854e-10],
        "dvar2": [0.000374419760192, 0.154949963093, 2.39068555832, 48.0909843445, 277.11605835, 319.481536865, 145.533920288, 677.433776855, 2913.20825195, 7130.50585938, 6335.04052734, 6703.14111328, 5061.19628906, 4070.32983398, 4306.89404297, 3722.91040039, 4203.96240234, 6018.97412109, 4072.29760742, 3933.05322266, 4001.265625, 3441.34912109, 2080.36669922, 945.359375, 1402.67211914, 1488.7199707, 329.538787842, 358.956756592, 375.571105957, 341.957580566, 316.663299561, 98.1675262451, 16.0959129333, 2.35139584541, 0.305310726166, 0.0225363150239, 0.000962998252362, 7.28385828097e-07, 8.69424809924e-10, 2.00848740417e-10],
        "max": [0.258695483208, 4.01688194275, 14.6384134293, 79.3461074829, 155.704589844, 326.0675354, 248.10055542, 721.079223633, 1101.03405762, 1757.74560547, 1368.1081543, 1479.39306641, 1783.48950195, 1109.9777832, 1688.35437012, 1427.67443848, 1385.20617676, 1485.53234863, 1273.02783203, 1049.92041016, 1009.33325195, 1433.6776123, 644.720275879, 853.264465332, 646.13659668, 907.646911621, 471.766784668, 582.739990234, 670.936523438, 509.52130127, 545.016479492, 390.461914062, 144.526382446, 48.0550041199, 14.2897157669, 2.96633791924, 0.573368310928, 0.0131702581421, 0.000581856933422, 0.00019900467305],
        "mean": [0.00888830423355, 0.097878344357, 0.357476294041, 1.37826454639, 3.97082543373, 7.49344205856, 4.99160385132, 6.46796417236, 16.181936264, 22.920091629, 20.8681468964, 21.6085357666, 21.1174411774, 26.3184318542, 26.7052497864, 16.7569980621, 25.0841789246, 28.9009284973, 24.2209243774, 26.3946037292, 28.197511673, 29.287853241, 25.5200157166, 14.5848350525, 18.3138160706, 19.1522064209, 7.69528484344, 6.3254199028, 7.05958890915, 6.24679040909, 4.69662237167, 2.60668063164, 1.07937824726, 0.428743362427, 0.192847624421, 0.0541477017105, 0.00729446019977, 0.000203993535251, 1.86486613529e-05, 1.87941350305e-05],
        "median": [0.00273260101676, 0.0334633998573, 0.103647500277, 0.318653702736, 0.94015699625, 1.44567334652, 1.50708556175, 1.93539273739, 3.26117253304, 5.04173707962, 4.70152568817, 4.76779842377, 4.15441131592, 4.93432664871, 5.63821315765, 4.61741304398, 6.36234951019, 6.9295706749, 7.87563180923, 8.48912143707, 8.1172876358, 8.23024940491, 7.41852426529, 5.26342868805, 4.3038482666, 3.2461309433, 2.40038228035, 1.77404999733, 1.41996479034, 1.15054857731, 0.803084731102, 0.450171381235, 0.21346950531, 0.0853943303227, 0.0391542874277, 0.0106337917969, 0.000626802328043, 2.24331779464e-05, 8.78291666595e-06, 1.15930270113e-05],
        "min": [3.01355771008e-22, 1.17052347369e-21, 3.94745976778e-21, 1.02301683427e-20, 6.74627311095e-20, 1.20859462698e-19, 1.42050925263e-19, 2.80718164832e-19, 2.74931777953e-19, 3.17070529706e-19, 4.7886623034e-19, 7.12485971864e-19, 1.51940691496e-18, 1.24960924028e-18, 1.18537463321e-18, 2.33254096674e-18, 2.27058803399e-18, 2.09420851877e-18, 2.61210381875e-18, 4.31828646167e-18, 4.74684542831e-18, 7.57697027508e-18, 1.10238914446e-17, 9.62910032289e-18, 9.48041543496e-18, 1.25854736107e-17, 1.04100398848e-17, 1.20072925605e-17, 1.41867629277e-17, 1.36225058087e-17, 1.65163152908e-17, 1.38690213477e-17, 1.13120116868e-17, 1.05237027728e-17, 8.25461648522e-18, 5.46204026158e-18, 2.50954562371e-18, 1.070339556e-18, 2.61561152984e-19, 2.8629806675e-20],
        "var": [0.000252257072134, 0.0546571500599, 0.793143987656, 17.0964832306, 100.185966492, 358.092254639, 130.876419067, 396.238525391, 2231.54956055, 4210.69824219, 4041.94189453, 4151.48388672, 4769.54785156, 4827.86474609, 4667.03564453, 2849.43920898, 5162.18212891, 5449.01904297, 3225.52832031, 2971.11914062, 3851.85375977, 4309.41552734, 2444.32617188, 836.592712402, 1606.78759766, 2511.54980469, 354.795288086, 372.111724854, 567.306884766, 538.951843262, 412.117340088, 153.603057861, 23.1999263763, 2.33639454842, 0.345493584871, 0.0227223597467, 0.000672709429637, 5.21705089795e-07, 1.19367715712e-09, 4.09803885271e-10]
    },
    "gfcc": {
        "mean": [-62.3771095276, 81.5284729004, -153.346878052, 35.4806747437, -74.8241271973, 12.1305265427, -48.0550994873, 9.27229309082, -21.8953018188, -0.172988891602, -13.1081027985, -3.80391907692, -6.76033878326],
        "cov": [[9665.8359375, 69.9678955078, -861.038574219, 567.758789062, -385.831451416, 117.743522644, 292.233062744, -274.427520752, 10.1816921234, -376.806091309, -21.6555023193, -280.826019287, -105.462509155], [69.9678955078, 1295.5234375, 208.233123779, -124.800308228, 181.801956177, -224.890563965, 119.540046692, -54.4928627014, 30.2230434418, -100.540657043, 73.6446914673, -97.387512207, 16.6957149506], [-861.038574219, 208.233123779, 1278.046875, 456.058105469, -16.7438774109, 40.10912323, -43.5990791321, -3.19218111038, -184.428756714, 23.9060001373, -114.286773682, 47.6727828979, -76.5306091309], [567.758789062, -124.800308228, 456.058105469, 772.950622559, 21.4803600311, 34.9950370789, 1.2396081686, -84.0583724976, -97.0240936279, -70.2763137817, -79.8818511963, -38.7013092041, -26.7944507599], [-385.831451416, 181.801956177, -16.7438774109, 21.4803600311, 310.433654785, 6.88909244537, -2.86821579933, 42.4741706848, 4.3957734108, 13.0120449066, -2.51453661919, 21.6156654358, -10.1296358109], [117.743522644, -224.890563965, 40.10912323, 34.9950370789, 6.88909244537, 359.77947998, 121.067001343, -3.38217163086, -66.6973800659, 30.1719932556, -40.284992218, -2.47590041161, -29.3248538971], [292.233062744, 119.540046692, -43.5990791321, 1.2396081686, -2.86821579933, 121.067001343, 234.428100586, 8.18019580841, -42.7068634033, -35.9358444214, 10.6354408264, -40.2472953796, -15.9158163071], [-274.427520752, -54.4928627014, -3.19218111038, -84.0583724976, 42.4741706848, -3.38217163086, 8.18019580841, 133.530838013, 33.9157791138, 42.2035064697, -2.38735461235, 33.3337478638, -3.85221385956], [10.1816921234, 30.2230434418, -184.428756714, -97.0240936279, 4.3957734108, -66.6973800659, -42.7068634033, 33.9157791138, 174.187591553, 39.4789657593, 28.4239406586, -13.5657691956, 29.9488868713], [-376.806091309, -100.540657043, 23.9060001373, -70.2763137817, 13.0120449066, 30.1719932556, -35.9358444214, 42.2035064697, 39.4789657593, 133.110778809, 12.8554124832, 27.9392795563, -6.89209938049], [-21.6555023193, 73.6446914673, -114.286773682, -79.8818511963, -2.51453661919, -40.284992218, 10.6354408264, -2.38735461235, 28.4239406586, 12.8554124832, 108.887771606, 20.0744838715, 12.8889894485], [-280.826019287, -97.387512207, 47.6727828979, -38.7013092041, 21.6156654358, -2.47590041161, -40.2472953796, 33.3337478638, -13.5657691956, 27.9392795563, 20.0744838715, 117.343002319, 15.2170639038], [-105.462509155, 16.6957149506, -76.5306091309, -26.7944507599, -10.1296358109, -29.3248538971, -15.9158163071, -3.85221385956, 29.9488868713, -6.89209938049, 12.8889894485, 15.2170639038, 87.1178970337]],
        "icov": [[0.000175374021637, -0.000196015738766, 0.000312922958983, -0.000314489589073, 0.000401583150961, -0.000186859353562, 6.67995991535e-05, -4.9182530347e-05, -4.16539696744e-05, 0.000216759479372, 0.000157902701176, -0.000157631526235, 0.000457500631455], [-0.000196015738766, 0.00266699958593, -0.00186965800822, 0.00174081465229, -0.00262560299598, 0.00199049455114, -0.00225116848014, 0.00201561581343, -0.00114148610737, 0.00121100014076, -0.00168549374212, 0.00231903791428, -0.00148033618461], [0.000312922958983, -0.00186965800822, 0.0028429585509, -0.00212817592546, 0.00231549399905, -0.0011437330395, 0.00156747701112, -0.00163844227791, 0.00178786506876, -0.00134680361953, 0.00204636575654, -0.00219427305274, 0.00203754054382], [-0.000314489589073, 0.00174081465229, -0.00212817592546, 0.00332123786211, -0.00232597626746, 0.00119999365415, -0.00130432017613, 0.00219230330549, -0.000687719555572, 0.00124454323668, -0.000624220003374, 0.00195934739895, -0.00148525869008], [0.000401583150961, -0.00262560299598, 0.00231549399905, -0.00232597626746, 0.00633681612089, -0.00205239071511, 0.00218864367343, -0.00305148586631, 0.00104537350126, -0.000849509844556, 0.00174410850741, -0.00280866888352, 0.00242488714866], [-0.000186859353562, 0.00199049455114, -0.0011437330395, 0.00119999365415, -0.00205239071511, 0.00584350712597, -0.00429482990876, 0.00248028896749, 0.000258940970525, -0.00161278690211, 0.000953468377702, 0.000727256003302, -0.000674652750604], [6.67995991535e-05, -0.00225116848014, 0.00156747701112, -0.00130432017613, 0.00218864367343, -0.00429482990876, 0.00899620912969, -0.0042324969545, 0.00251063145697, 0.00125738943461, -0.0014150646748, 0.00112153205555, 0.0010031388374], [-4.9182530347e-05, 0.00201561581343, -0.00163844227791, 0.00219230330549, -0.00305148586631, 0.00248028896749, -0.0042324969545, 0.0126219950616, -0.0034570323769, -0.00128401455004, 0.00141761370469, -0.00184836611152, 0.000254069280345], [-4.16539696744e-05, -0.00114148610737, 0.00178786506876, -0.000687719555572, 0.00104537350126, 0.000258940970525, 0.00251063145697, -0.0034570323769, 0.0101994760334, -0.0035637721885, -0.000439081777586, 0.00202247221023, -0.00203463458456], [0.000216759479372, 0.00121100014076, -0.00134680361953, 0.00124454323668, -0.000849509844556, -0.00161278690211, 0.00125738943461, -0.00128401455004, -0.0035637721885, 0.0124626662582, -0.00280263088644, 0.000327583053149, 0.0013297603], [0.000157902701176, -0.00168549374212, 0.00204636575654, -0.000624220003374, 0.00174410850741, 0.000953468377702, -0.0014150646748, 0.00141761370469, -0.000439081777586, -0.00280263088644, 0.0138589749113, -0.00516106979921, 0.00122806022409], [-0.000157631526235, 0.00231903791428, -0.00219427305274, 0.00195934739895, -0.00280866888352, 0.000727256003302, 0.00112153205555, -0.00184836611152, 0.00202247221023, 0.000327583053149, -0.00516106979921, 0.0146569591016, -0.00438479240984], [0.000457500631455, -0.00148033618461, 0.00203754054382, -0.00148525869008, 0.00242488714866, -0.000674652750604, 0.0010031388374, 0.000254069280345, -0.00203463458456, 0.0013297603, 0.00122806022409, -0.00438479240984, 0.0152875669301]]
    },
    "melbands": {
        "dmean": [6.52383314446e-05, 0.000131220120238, 0.000262747344095, 0.00025860677124, 0.000131045540911, 0.000103190781374, 0.00018264054961, 0.000187959769391, 0.000130967280711, 9.31192407734e-05, 6.99327065377e-05, 6.53348106425e-05, 5.29579556314e-05, 3.09036804538e-05, 3.28920723405e-05, 3.11405965476e-05, 3.61184975191e-05, 2.52928693953e-05, 2.16007792915e-05, 2.28997869272e-05, 1.94931144506e-05, 1.70679777511e-05, 1.48288445416e-05, 1.02387530205e-05, 5.82864231546e-06, 5.9958847487e-06, 8.8580609372e-06, 6.19688535153e-06, 2.80128301711e-06, 2.11496285374e-06, 2.11650285564e-06, 2.33617220147e-06, 2.08065102925e-06, 1.99629835151e-06, 1.73823639216e-06, 1.33490118515e-06, 8.48319416491e-07, 4.90192292091e-07, 3.21079767218e-07, 1.95486549615e-07],
        "dmean2": [0.000107079082227, 0.000222150600166, 0.000433211302152, 0.000420992873842, 0.000206411481486, 0.000162823373103, 0.000278791470919, 0.000292359152809, 0.0002026015718, 0.000141970711411, 0.000105236496893, 9.70400069491e-05, 7.93665967649e-05, 4.74868138554e-05, 5.16028158017e-05, 4.79245354654e-05, 5.57626553928e-05, 3.99601267418e-05, 3.47594068444e-05, 3.66046806448e-05, 3.01042400679e-05, 2.63104484475e-05, 2.33335631492e-05, 1.60689869517e-05, 9.08845868253e-06, 9.17853139981e-06, 1.34127376441e-05, 9.28652571019e-06, 4.34452158515e-06, 3.24120242112e-06, 3.09576466861e-06, 3.39729740517e-06, 3.02016565001e-06, 2.87262901111e-06, 2.53333837463e-06, 1.86888041753e-06, 1.20552454064e-06, 7.17795614946e-07, 4.72517825756e-07, 2.73759070524e-07],
        "dvar": [2.86198158506e-08, 1.80480896006e-07, 9.85964447864e-07, 4.374421394e-07, 1.10396577213e-07, 1.36859995337e-07, 3.15174077059e-07, 3.68820337826e-07, 1.87656908679e-07, 1.18060874854e-07, 6.15122246472e-08, 3.86681477949e-08, 2.46389717518e-08, 1.31737882825e-08, 1.28562946955e-08, 9.57210843922e-09, 1.27593482446e-08, 6.41239328303e-09, 4.05105593515e-09, 3.52061779729e-09, 3.25517990341e-09, 2.36015806898e-09, 1.22436627503e-09, 6.91710744238e-10, 3.26186605504e-10, 2.37267233638e-10, 7.06799951899e-10, 3.53794632479e-10, 7.4306061304e-11, 7.36214006425e-11, 6.86225243296e-11, 8.16106973667e-11, 7.20983134306e-11, 7.68848804067e-11, 6.99965016504e-11, 4.11254606758e-11, 2.03115406439e-11, 6.08051543144e-12, 2.05860285415e-12, 5.75594693436e-13],
        "dvar2": [6.98898716678e-08, 4.64831259706e-07, 2.57802071246e-06, 1.08435324364e-06, 2.49729055213e-07, 3.06548770368e-07, 6.62234697302e-07, 8.34766410662e-07, 4.19620306502e-07, 2.63202196038e-07, 1.30385913621e-07, 7.99606780788e-08, 5.37993507521e-08, 2.64271875494e-08, 2.8559519194e-08, 1.96573868294e-08, 2.76956679812e-08, 1.45858072287e-08, 9.76474368031e-09, 8.1250650652e-09, 7.1930505996e-09, 5.34744426517e-09, 2.70606470565e-09, 1.65277791453e-09, 7.74540487303e-10, 5.3396931321e-10, 1.48063483696e-09, 7.30622673473e-10, 1.74738140624e-10, 1.77193579254e-10, 1.3934058074e-10, 1.53545093307e-10, 1.31000779668e-10, 1.40466541176e-10, 1.38747985323e-10, 7.33476682169e-11, 3.72244075841e-11, 1.11888397852e-11, 4.45105887911e-12, 1.26467282827e-12],
        "max": [0.00299132568762, 0.00657295947894, 0.0153323486447, 0.0160287693143, 0.00960874464363, 0.0149495350197, 0.0156985353678, 0.0181468967348, 0.00928388535976, 0.00845994800329, 0.00865473225713, 0.00523241935298, 0.00511682312936, 0.00602468429133, 0.00351474992931, 0.00393229909241, 0.00317811593413, 0.00261305761524, 0.00204515643418, 0.00151225796435, 0.00134660943877, 0.00192138005514, 0.000916013785172, 0.000709964078851, 0.000773212232161, 0.000461720890598, 0.000660326273646, 0.000665422994643, 0.0003779559338, 0.000497049477417, 0.000299610110233, 0.00036678777542, 0.000418846291723, 0.000330191338435, 0.000351635477273, 0.000314111268381, 0.00022706828895, 0.000122652141727, 6.76083072904e-05, 3.11794137815e-05],
        "mean": [9.45834399317e-05, 0.000166415964486, 0.000310545263346, 0.000431991094956, 0.000218698842218, 0.000142032862641, 0.000257701001829, 0.000246283976594, 0.000170353159774, 0.000128928528284, 0.000103690850665, 0.000106429281004, 9.10864837351e-05, 4.77611029055e-05, 5.09803649038e-05, 5.07483382535e-05, 5.49974138266e-05, 3.86066640203e-05, 3.36416742357e-05, 3.63767248928e-05, 3.2936091884e-05, 3.11027106363e-05, 2.77717645076e-05, 1.89432557818e-05, 1.07177138489e-05, 1.08756476038e-05, 1.66445825016e-05, 1.16200571938e-05, 4.9288705668e-06, 3.59696559826e-06, 3.68919381799e-06, 4.07192192142e-06, 3.65937444258e-06, 3.42218208971e-06, 2.80665040009e-06, 2.16677221943e-06, 1.3691804952e-06, 7.90765852798e-07, 5.19860520853e-07, 3.08929941184e-07],
        "median": [3.43283063557e-05, 5.59599393455e-05, 7.55690853111e-05, 9.69618704403e-05, 6.02768886893e-05, 3.93289628846e-05, 5.07229706272e-05, 5.2075014537e-05, 3.74043338525e-05, 2.61051773123e-05, 1.73235803231e-05, 1.71273441083e-05, 1.72843083419e-05, 1.18016096167e-05, 1.23624640764e-05, 1.21349585243e-05, 1.19644646475e-05, 1.16300516311e-05, 9.97164170258e-06, 1.11154158731e-05, 8.1119223978e-06, 7.64939613873e-06, 7.82894494478e-06, 5.12290580446e-06, 3.7957843233e-06, 3.19878108712e-06, 2.35365087065e-06, 1.92626816897e-06, 1.43447095979e-06, 1.05883691504e-06, 9.28974429826e-07, 8.02344970907e-07, 6.67812685151e-07, 5.95442429585e-07, 4.60574881345e-07, 3.61607845889e-07, 2.18168977995e-07, 1.47203095935e-07, 1.05747638202e-07, 5.74352192473e-08],
        "min": [2.45916441758e-24, 1.8392574023e-24, 2.83060095531e-24, 8.23641545874e-24, 4.38937629896e-24, 5.72972157998e-24, 4.96805665446e-24, 3.0452316666e-24, 4.54072794109e-24, 5.3199107063e-24, 7.78226902446e-24, 3.78485325462e-24, 2.24558663837e-24, 4.2201553796e-24, 2.70686851675e-24, 3.71170257731e-24, 3.78427580844e-24, 4.0757816066e-24, 5.79498719811e-24, 4.13846764957e-24, 4.91384061103e-24, 6.44001391119e-24, 9.34696674136e-24, 1.02812020896e-23, 7.13280141892e-24, 6.55835330217e-24, 6.93850340024e-24, 7.88349881127e-24, 6.23010867393e-24, 5.52777200495e-24, 6.94621136015e-24, 6.63363784823e-24, 6.10528524075e-24, 7.48235909666e-24, 8.72984164407e-24, 6.10759581434e-24, 8.73880468167e-24, 7.69629265213e-24, 7.60082549424e-24, 8.09262347066e-24],
        "var": [3.41999779607e-08, 1.63825035315e-07, 8.65297920427e-07, 9.43706027101e-07, 2.6413945875e-07, 1.85253924201e-07, 5.29261512838e-07, 4.85270049921e-07, 2.6748386972e-07, 1.63005992704e-07, 1.21014139154e-07, 8.66456701942e-08, 6.06446164397e-08, 2.33277219763e-08, 2.3249256742e-08, 2.20906972714e-08, 2.23298268764e-08, 1.04885984342e-08, 6.54810561329e-09, 6.26643803514e-09, 6.46312470209e-09, 5.91812510109e-09, 3.37253158733e-09, 1.49677026329e-09, 5.72242309094e-10, 5.21210297144e-10, 1.80351578116e-09, 1.13116571665e-09, 1.844682046e-10, 1.15687480429e-10, 1.4763892886e-10, 1.95661764568e-10, 1.69041211584e-10, 1.85778198381e-10, 1.49392873072e-10, 1.01819566667e-10, 4.94579481536e-11, 1.42333402009e-11, 4.22240801351e-12, 1.13131281686e-12]
    },
    "mfcc": {
        "mean": [-687.895629883, 100.279426575, -20.6669559479, 15.2162342072, -4.75634431839, -1.96076643467, -12.191485405, 1.17600548267, -6.09380197525, 0.545609414577, -2.56957411766, -0.297141164541, -2.21228694916],
        "cov": [[9583.92285156, -675.591308594, -521.280151367, 156.559494019, -455.447875977, 255.329284668, 65.8305358887, 190.424194336, -82.8269271851, 163.046051025, -142.951004028, -142.686721802, 77.4410934448], [-675.591308594, 1445.34460449, -74.1983642578, -21.0028152466, 26.6122970581, -158.367706299, 10.6771316528, 0.351775228977, -29.2987060547, 6.72781038284, 46.5581703186, 0.783774077892, 15.8444604874], [-521.280151367, -74.1983642578, 1153.58789062, 424.867340088, 60.9700813293, 143.728302002, 116.584869385, -12.1984901428, -18.9473838806, -44.7796363831, -70.67552948, -30.1890239716, -32.3106079102], [156.559494019, -21.0028152466, 424.867340088, 664.673950195, 158.426315308, 48.9179763794, 18.4193840027, 17.3717079163, -33.0165863037, -22.7800178528, -80.381187439, -38.0435295105, 5.16071748734], [-455.447875977, 26.6122970581, 60.9700813293, 158.426315308, 282.295379639, 21.0911617279, -39.4063568115, -5.40922355652, 12.6735391617, -17.2034683228, 2.29975962639, 1.93407225609, 6.35640716553], [255.329284668, -158.367706299, 143.728302002, 48.9179763794, 21.0911617279, 273.946685791, 143.936431885, 35.4287986755, 14.5554590225, 19.2520809174, 1.05581831932, -24.5984592438, -27.6458702087], [65.8305358887, 10.6771316528, 116.584869385, 18.4193840027, -39.4063568115, 143.936431885, 260.267211914, 79.7110366821, -6.12613248825, 10.0740709305, 0.740047395229, -27.8264522552, -18.1720542908], [190.424194336, 0.351775228977, -12.1984901428, 17.3717079163, -5.40922355652, 35.4287986755, 79.7110366821, 137.798919678, 5.78433656693, 1.18155109882, 9.81558227539, -34.8774375916, 5.04151678085], [-82.8269271851, -29.2987060547, -18.9473838806, -33.0165863037, 12.6735391617, 14.5554590225, -6.12613248825, 5.78433656693, 120.110847473, 37.5267448425, -0.826157808304, 10.2853956223, -2.87793087959], [163.046051025, 6.72781038284, -44.7796363831, -22.7800178528, -17.2034683228, 19.2520809174, 10.0740709305, 1.18155109882, 37.5267448425, 109.385688782, 32.5837554932, -1.77119743824, -4.98769235611], [-142.951004028, 46.5581703186, -70.67552948, -80.381187439, 2.29975962639, 1.05581831932, 0.740047395229, 9.81558227539, -0.826157808304, 32.5837554932, 112.943183899, 21.8394355774, -0.212244853377], [-142.686721802, 0.783774077892, -30.1890239716, -38.0435295105, 1.93407225609, -24.5984592438, -27.8264522552, -34.8774375916, 10.2853956223, -1.77119743824, 21.8394355774, 95.469619751, 25.4497432709], [77.4410934448, 15.8444604874, -32.3106079102, 5.16071748734, 6.35640716553, -27.6458702087, -18.1720542908, 5.04151678085, -2.87793087959, -4.98769235611, -0.212244853377, 25.4497432709, 93.435760498]],
