{
"lowlevel": {
    "average_loudness": 0.476077795029,
    "barkbands_crest": {
        "dmean": 2.71001243591,
        "dmean2": 4.39146947861,
        "dvar": 6.10963392258,
        "dvar2": 14.8972244263,
        "max": 26.8008556366,
        "mean": 9.32194709778,
        "median": 8.34559059143,
        "min": 2.12276768684,
        "var": 19.7981853485
    },
    "barkbands_flatness_db": {
        "dmean": 0.0239043273032,
        "dmean2": 0.0368752889335,
        "dvar": 0.000568821793422,
        "dvar2": 0.00115428015124,
        "max": 0.448806375265,
        "mean": 0.177825093269,
        "median": 0.169431582093,
        "min": 0.0585230700672,
        "var": 0.00235538906418
    },
    "barkbands_kurtosis": {
        "dmean": 2.06782436371,
        "dmean2": 3.31487154961,
        "dvar": 29.20561409,
        "dvar2": 70.0503845215,
        "max": 367.575836182,
        "mean": 1.93831467628,
        "median": 0.3421895504,
        "min": -1.90509986877,
        "var": 40.690574646
    },
    "barkbands_skewness": {
        "dmean": 0.550505042076,
        "dmean2": 0.836349844933,
        "dvar": 0.397771388292,
        "dvar2": 0.848431706429,
        "max": 19.1011371613,
        "mean": 0.312986969948,
        "median": 0.202609807253,
        "min": -6.18046760559,
        "var": 1.81688928604
    },
    "barkbands_spread": {
        "dmean": 5.34366178513,
        "dmean2": 8.36378479004,
        "dvar": 37.1919403076,
        "dvar2": 87.4368515015,
        "max": 101.107299805,
        "mean": 19.5172100067,
        "median": 17.43542099,
        "min": 1.00508677959,
        "var": 114.817657471
    },
    "dissonance": {
        "dmean": 0.0154514480382,
        "dmean2": 0.0257346276194,
        "dvar": 0.000334167678375,
        "dvar2": 0.000841858854983,
        "max": 0.500000119209,
        "mean": 0.474812626839,
        "median": 0.483180850744,
        "min": 0.206245929003,
        "var": 0.000694098824169
    },
    "dynamic_complexity": 5.47023391724,
    "erbbands_crest": {
        "dmean": 3.20529079437,
        "dmean2": 5.20341682434,
        "dvar": 9.13489627838,
        "dvar2": 21.7612419128,
        "max": 31.2028083801,
        "mean": 10.7110509872,
        "median": 9.38834095001,
        "min": 2.33838510513,
        "var": 29.1791610718
    },
    "erbbands_flatness_db": {
        "dmean": 0.0226822160184,
        "dmean2": 0.033484980464,
        "dvar": 0.000611937139183,
        "dvar2": 0.0011474324856,
        "max": 0.472742646933,
        "mean": 0.250050604343,
        "median": 0.242927759886,
        "min": 0.0612486675382,
        "var": 0.00317462510429
    },
    "erbbands_kurtosis": {
        "dmean": 1.723772645,
        "dmean2": 2.73839378357,
        "dvar": 7.79730844498,
        "dvar2": 18.4796981812,
        "max": 52.3348960876,
        "mean": 1.74190843105,
        "median": 0.413521170616,
        "min": -1.89227378368,
        "var": 18.4459400177
    },
    "erbbands_skewness": {
        "dmean": 0.463058978319,
        "dmean2": 0.70767313242,
        "dvar": 0.235762104392,
        "dvar2": 0.513378560543,
        "max": 5.27672147751,
        "mean": -0.071702092886,
        "median": 0.00710377003998,
        "min": -6.0099105835,
        "var": 1.05333352089
    },
    "erbbands_spread": {
        "dmean": 6.84794569016,
        "dmean2": 10.5528717041,
        "dvar": 61.715423584,
        "dvar2": 135.608840942,
        "max": 124.284255981,
        "mean": 25.6097927094,
        "median": 22.0333824158,
        "min": 1.44102013111,
        "var": 242.478210449
    },
    "hfc": {
        "dmean": 6.13846445084,
        "dmean2": 9.18208026886,
        "dvar": 97.558265686,
        "dvar2": 205.73664856,
        "max": 281.288330078,
        "mean": 19.6905765533,
        "median": 10.5634746552,
        "min": 1.09982728338e-16,
        "var": 507.65802002
    },
    "melbands_crest": {
        "dmean": 3.41164088249,
        "dmean2": 5.58270597458,
        "dvar": 10.1816740036,
        "dvar2": 25.458612442,
        "max": 39.8174934387,
        "mean": 11.2840023041,
        "median": 10.2129459381,
        "min": 1.22399973869,
        "var": 29.3276634216
    },
    "melbands_flatness_db": {
        "dmean": 0.0255176406354,
        "dmean2": 0.0382083877921,
        "dvar": 0.000756051100325,
        "dvar2": 0.0014500238467,
        "max": 0.484069049358,
        "mean": 0.167579874396,
        "median": 0.157991230488,
        "min": 0.00084324873751,
        "var": 0.00429039821029
    },
    "melbands_kurtosis": {
        "dmean": 3.35514450073,
        "dmean2": 5.39681243896,
        "dvar": 129.959609985,
        "dvar2": 314.225616455,
        "max": 857.200561523,
        "mean": 4.59074783325,
        "median": 1.0474524498,
        "min": -1.92501080036,
        "var": 186.000732422
    },
    "melbands_skewness": {
        "dmean": 0.634962022305,
        "dmean2": 0.965402424335,
        "dvar": 0.56226593256,
        "dvar2": 1.22592830658,
        "max": 28.5626182556,
        "mean": 1.06619763374,
        "median": 0.786106109619,
        "min": -4.35927152634,
        "var": 2.42838358879
    },
    "melbands_spread": {
        "dmean": 9.80404853821,
        "dmean2": 15.4606428146,
        "dvar": 159.633666992,
        "dvar2": 346.701629639,
        "max": 233.781051636,
        "mean": 35.512260437,
        "median": 32.4673156738,
        "min": 1.00251996517,
        "var": 519.542114258
    },
    "pitch_salience": {
        "dmean": 0.067890048027,
        "dmean2": 0.110187746584,
        "dvar": 0.00400600256398,
        "dvar2": 0.0099135749042,
        "max": 0.97269898653,
        "mean": 0.638674974442,
        "median": 0.648118317127,
        "min": 0.0119187831879,
        "var": 0.0160663761199
    },
    "silence_rate_20dB": {
        "dmean": 0,
        "dmean2": 0,
        "dvar": 0,
        "dvar2": 0,
        "max": 1,
        "mean": 1,
        "median": 1,
        "min": 1,
        "var": 0
    },
    "silence_rate_30dB": {
        "dmean": 0,
        "dmean2": 0,
        "dvar": 0,
        "dvar2": 0,
        "max": 1,
        "mean": 1,
        "median": 1,
        "min": 1,
        "var": 0
    },
    "silence_rate_60dB": {
        "dmean": 0.0620429851115,
        "dmean2": 0.124095141888,
        "dvar": 0.0581899397075,
        "dvar2": 0.118875198066,
        "max": 1,
        "mean": 0.304726749659,
        "median": 0,
        "min": 0,
        "var": 0.211824789643
    },
    "spectral_centroid": {
        "dmean": 278.650054932,
        "dmean2": 424.993041992,
        "dvar": 111022.484375,
        "dvar2": 217373.125,
        "max": 11650.5185547,
        "mean": 1884.95849609,
        "median": 1926.82946777,
        "min": 252.320892334,
        "var": 664317.1875
    },
    "spectral_complexity": {
        "dmean": 3.23022389412,
        "dmean2": 4.91431522369,
        "dvar": 11.6222963333,
        "dvar2": 22.8732414246,
        "max": 50,
        "mean": 15.5533971786,
        "median": 16,
        "min": 0,
        "var": 115.005058289
    },
    "spectral_decrease": {
        "dmean": 9.9736585657e-10,
        "dmean2": 1.50247103647e-09,
        "dvar": 2.20754260245e-18,
        "dvar2": 4.5950962498e-18,
        "max": 1.71181684949e-28,
        "mean": -3.0243023641e-09,
        "median": -2.15751061461e-09,
        "min": -2.46141560467e-08,
        "var": 8.50987863199e-18
    },
    "spectral_energy": {
        "dmean": 0.0042553730309,
        "dmean2": 0.00639225309715,
        "dvar": 3.96944560634e-05,
        "dvar2": 8.23505106382e-05,
        "max": 0.100862890482,
        "mean": 0.0132004097104,
        "median": 0.00920605659485,
        "min": 9.91261661355e-21,
        "var": 0.000163576463819
    },
    "spectral_energyband_high": {
        "dmean": 0.000256483472185,
        "dmean2": 0.000389093736885,
        "dvar": 5.57939358714e-07,
        "dvar2": 1.24559574033e-06,
        "max": 0.0478606820107,
        "mean": 0.000651095353533,
        "median": 0.000194545820705,
        "min": 7.05021464936e-21,
        "var": 1.46014747315e-06
    },
    "spectral_energyband_low": {
        "dmean": 0.00042223915807,
        "dmean2": 0.000690593675245,
        "dvar": 1.4401257431e-06,
        "dvar2": 3.60058629667e-06,
        "max": 0.0279994513839,
        "mean": 0.000637679360807,
        "median": 0.000145194848301,
        "min": 9.99594998631e-24,
        "var": 1.72054728864e-06
    },
    "spectral_energyband_middle_high": {
        "dmean": 0.00290677207522,
        "dmean2": 0.00441496586427,
        "dvar": 2.22280905291e-05,
        "dvar2": 4.88564437546e-05,
        "max": 0.0690547302365,
        "mean": 0.00783217325807,
        "median": 0.00315994978882,
        "min": 1.1156445031e-21,
        "var": 9.72943525994e-05
    },
    "spectral_energyband_middle_low": {
        "dmean": 0.00201480463147,
        "dmean2": 0.00307096657343,
        "dvar": 1.39942976602e-05,
        "dvar2": 3.08413509629e-05,
        "max": 0.0843701511621,
        "mean": 0.0043035033159,
        "median": 0.00250180717558,
        "min": 1.55524924585e-22,
        "var": 3.30295915774e-05
    },
    "spectral_entropy": {
        "dmean": 0.151576370001,
        "dmean2": 0.22244605422,
        "dvar": 0.0267370454967,
        "dvar2": 0.0489337928593,
        "max": 9.82309055328,
        "mean": 7.53209781647,
        "median": 7.56131267548,
        "min": 5.43889093399,
        "var": 0.159976124763
    },
    "spectral_flux": {
        "dmean": 0.018526641652,
        "dmean2": 0.0290334895253,
        "dvar": 0.000509342469741,
        "dvar2": 0.00115353486035,
        "max": 0.261884748936,
        "mean": 0.0669616311789,
        "median": 0.0591739490628,
        "min": 6.45953568412e-11,
        "var": 0.00208153948188
    },
    "spectral_kurtosis": {
        "dmean": 3.72004008293,
        "dmean2": 6.3880314827,
        "dvar": 42.2437324524,
        "dvar2": 117.114227295,
        "max": 125.07220459,
        "mean": 5.38023042679,
        "median": 2.69884705544,
        "min": -1.27295422554,
        "var": 76.1817855835
    },
    "spectral_rms": {
        "dmean": 0.000562151893973,
        "dmean2": 0.00080629385775,
        "dvar": 4.81318352286e-07,
        "dvar2": 8.47974035878e-07,
        "max": 0.00991981942207,
        "mean": 0.0030705940444,
        "median": 0.00299691827968,
        "min": 3.10979822622e-12,
        "var": 3.44988870893e-06
    },
    "spectral_rolloff": {
        "dmean": 495.396881104,
        "dmean2": 821.161560059,
        "dvar": 550736,
        "dvar2": 1198896.25,
        "max": 19401.4160156,
        "mean": 2280.24072266,
        "median": 2239.453125,
        "min": 21.533203125,
        "var": 2065787
    },
    "spectral_skewness": {
        "dmean": 0.364563316107,
        "dmean2": 0.612827956676,
        "dvar": 0.22051024437,
        "dvar2": 0.619128882885,
        "max": 8.52706718445,
        "mean": 1.19337296486,
        "median": 1.04486060143,
        "min": -0.628538429737,
        "var": 0.483531802893
    },
    "spectral_spread": {
        "dmean": 371969.46875,
        "dmean2": 565385.5625,
        "dvar": 322775613440,
        "dvar2": 648959361024,
        "max": 42336456,
        "mean": 3051748,
        "median": 2989742.25,
        "min": 449771.90625,
        "var": 3.88381016064e+12
    },
    "spectral_strongpeak": {
        "dmean": 0.898707985878,
        "dmean2": 1.45155751705,
        "dvar": 1.87049221992,
        "dvar2": 4.59283685684,
        "max": 20.0099983215,
        "mean": 1.76457965374,
        "median": 0.714998006821,
        "min": 0,
        "var": 6.02775478363
    },
    "zerocrossingrate": {
        "dmean": 0.00956679973751,
        "dmean2": 0.0111039802432,
        "dvar": 0.00016114389291,
        "dvar2": 0.000182580348337,
        "max": 0.66943359375,
        "mean": 0.0818032324314,
        "median": 0.080078125,
        "min": 0,
        "var": 0.0015620602062
    },
    "barkbands": {
        "dmean": [1.48080807776e-05, 0.000194160282263, 0.000200121357921, 0.000271402153885, 0.000427310616942, 0.000550406810362, 0.000626029330306, 0.000447054801043, 0.000506756012328, 0.000444660166977, 0.000434184941696, 0.000425147998612, 0.000758195819799, 0.000558659434319, 0.000733143941034, 0.000657041324303, 0.000534376304131, 0.000369099783711, 0.000132077053422, 0.00012365859584, 0.000128083993332, 6.93245674483e-05, 6.62998936605e-05, 1.86310917343e-05, 4.65868367883e-07, 5.01732155822e-10, 5.2470550127e-10],
        "dmean2": [2.63073652604e-05, 0.000321894010995, 0.000352001312422, 0.000445934856543, 0.000705694663338, 0.000869498937391, 0.000994742265902, 0.00070603255881, 0.000794623570982, 0.000713824585546, 0.00068668363383, 0.000676461262628, 0.0012124250643, 0.000878377584741, 0.00114559719805, 0.00103188003413, 0.000848438008688, 0.000588427879848, 0.000212509286939, 0.000199664267711, 0.000204767813557, 0.000110717621283, 0.000100218705484, 2.89404069918e-05, 7.56392637413e-07, 9.30261589982e-10, 9.7306784852e-10],
        "dvar": [8.42282854574e-10, 3.58575277914e-07, 5.18411980011e-07, 1.03211368696e-06, 1.35415473324e-06, 2.02919204639e-06, 2.74109061138e-06, 2.37866424868e-06, 2.42435044129e-06, 1.57441570536e-06, 1.9106387299e-06, 1.85254373264e-06, 5.56259919904e-06, 3.4988677271e-06, 4.68363305117e-06, 4.7858184189e-06, 3.00437363876e-06, 1.06090260488e-06, 1.16561224672e-07, 1.02591243945e-07, 1.3765330209e-07, 8.87320723564e-08, 4.38185097096e-08, 5.13561326798e-09, 3.43282325309e-12, 7.74164384047e-19, 8.48357160017e-19],
        "dvar2": [2.43582087833e-09, 8.93167054983e-07, 1.45215551584e-06, 2.53420876106e-06, 3.61697675544e-06, 4.73004047308e-06, 6.11629548075e-06, 5.36070410817e-06, 5.55805490876e-06, 3.65696837434e-06, 4.35318088421e-06, 4.46999183623e-06, 1.43133365782e-05, 8.10252822703e-06, 1.06065272121e-05, 1.0260651834e-05, 7.00221016814e-06, 2.49422805609e-06, 2.71868003665e-07, 2.50597537388e-07, 3.33928738883e-07, 2.08319875128e-07, 9.24914971279e-08, 1.18107443825e-08, 7.98390867307e-12, 2.48423472414e-18, 2.72268752689e-18],
        "max": [0.00060796510661, 0.0165070910007, 0.0198813043535, 0.0227181892842, 0.0373829938471, 0.0449156835675, 0.0475891642272, 0.045448359102, 0.0398712009192, 0.0234300754964, 0.0365317463875, 0.0296697150916, 0.0581098459661, 0.0394468605518, 0.0452413074672, 0.0570293627679, 0.0436022058129, 0.0337469503284, 0.00937199406326, 0.00741714984179, 0.0133348694071, 0.0209451168776, 0.012453909032, 0.00435206666589, 0.000135009948281, 9.75412817183e-09, 9.99719063088e-09],
        "mean": [1.49896141011e-05, 0.000273349054623, 0.000221048961976, 0.000335518008796, 0.000755445216782, 0.000957860436756, 0.000840388354845, 0.000536642270163, 0.000717071990948, 0.000638226105366, 0.000606176792644, 0.000630993105005, 0.0011717180023, 0.00081899453653, 0.00115851301234, 0.00104056170676, 0.000880095583852, 0.000611087831203, 0.000220706016989, 0.000231642930885, 0.000247395888437, 0.000126724975416, 0.000131251843413, 3.34676115017e-05, 5.45609850633e-07, 4.47523518243e-10, 4.71817862557e-10],
        "median": [4.42532018496e-06, 3.77560572815e-05, 3.23740096064e-05, 6.06528228673e-05, 0.000268386909738, 0.000249491160503, 0.000221866939683, 0.000110407527245, 0.00013518819469, 0.000102728430647, 0.000107791362097, 9.99538315227e-05, 0.000133792113047, 0.000134632442496, 0.000170378043549, 0.000166694226209, 0.000146358463098, 0.00014474139607, 8.98866128409e-05, 5.59284962947e-05, 5.12106198585e-05, 3.76967000193e-05, 3.46444176103e-05, 8.52325320011e-06, 3.07602512351e-08, 1.42480638399e-10, 1.52112128449e-10],
        "min": [2.75636258672e-25, 3.4229250546e-24, 9.34298457151e-25, 8.49502023512e-25, 8.88527327481e-24, 9.92148388344e-24, 5.5367109823e-24, 2.1074934998e-23, 1.67541308277e-23, 1.71587596741e-23, 1.85585128866e-23, 3.08271443196e-23, 2.78715507204e-23, 3.56585639543e-23, 7.07153848102e-23, 5.46220228094e-23, 6.28175871061e-23, 1.39721932817e-22, 1.60393496412e-22, 1.79176085239e-22, 3.128305796e-22, 3.49309476854e-22, 4.51863212069e-22, 6.85298538764e-22, 8.64560956941e-22, 1.36431405916e-21, 1.95461102575e-21],
        "var": [8.26091972606e-10, 4.08698667798e-07, 4.16491161559e-07, 1.0542568134e-06, 2.34712774727e-06, 5.72892258788e-06, 4.58004569737e-06, 3.08963626594e-06, 4.0191057451e-06, 2.90886850962e-06, 3.16702858072e-06, 3.55794168172e-06, 1.29178570205e-05, 6.49385583529e-06, 1.06280076579e-05, 1.08433232526e-05, 8.00555881142e-06, 2.29770739679e-06, 1.85145864862e-07, 2.0661869371e-07, 3.29223354356e-07, 1.37511165121e-07, 1.02127394541e-07, 1.22904539879e-08, 6.73778871238e-12, 6.11202875736e-19, 6.67715648391e-19]
    },
    "erbbands": {
        "dmean": [0.00407144287601, 0.0513418316841, 0.207029387355, 0.540999352932, 1.26983177662, 1.53063702583, 2.15711688995, 5.51534128189, 8.1200504303, 9.59123802185, 10.4265422821, 10.4225997925, 13.4228315353, 15.6880264282, 13.0859136581, 17.489648819, 33.3189086914, 27.872877121, 31.2165527344, 38.6382064819, 31.3550987244, 28.1149845123, 21.1901931763, 9.91914176941, 5.07916498184, 5.55221128464, 4.75671195984, 5.16816425323, 2.4520804882, 2.20697164536, 1.81150221825, 0.706504702568, 0.158620849252, 0.0137361586094, 0.000440934265498, 3.6566878407e-05, 8.05762283562e-06, 2.62182652477e-06, 2.91833885058e-06, 5.4345555327e-06],
        "dmean2": [0.00675247237086, 0.0851643830538, 0.36035400629, 0.90008020401, 2.11931824684, 2.48412513733, 3.44387936592, 8.73025417328, 12.7563352585, 15.2891988754, 16.5070915222, 16.1600227356, 21.2537155151, 24.8250198364, 20.5109462738, 27.5233860016, 53.3773002625, 43.0886993408, 48.5276260376, 58.8641777039, 49.5369644165, 44.2298927307, 33.3505973816, 15.5553483963, 8.14775753021, 8.95372200012, 7.72192287445, 8.208776474, 3.91958236694, 3.45856451988, 2.75776600838, 1.07852828503, 0.244951248169, 0.0211002249271, 0.000665156228933, 5.2974501159e-05, 1.15492584882e-05, 3.78844129045e-06, 4.299057764e-06, 8.12190410215e-06],
        "dvar": [0.000104545666545, 0.0277906507254, 0.554007470608, 3.19505381584, 18.9260845184, 17.3250331879, 39.7019271851, 231.829544067, 526.242858887, 805.556518555, 1380.09472656, 1083.30395508, 1559.94458008, 1824.3614502, 1879.98571777, 3141.73388672, 12737.3554688, 7813.81396484, 8717.203125, 13672.5136719, 11609.0996094, 9192.94726562, 3295.00292969, 739.060913086, 122.837135315, 221.4637146, 179.356613159, 276.098266602, 96.4582519531, 91.0116577148, 27.6903915405, 5.66013860703, 0.648003160954, 0.00411482155323, 4.07896368415e-06, 1.82614527944e-08, 5.36132360729e-10, 4.2942739642e-11, 2.09787673344e-11, 6.45315745285e-11],
        "dvar2": [0.00025317579275, 0.0700033158064, 1.52200913429, 8.05035877228, 51.5128707886, 41.7430534363, 94.1568756104, 553.951049805, 1140.99438477, 1878.80578613, 3357.57373047, 2368.32324219, 3687.73974609, 4508.54882812, 4157.80078125, 7456.54833984, 33143.3554688, 17795.7246094, 19789.7070312, 29780.5175781, 26325.4121094, 22117.0410156, 7611.21044922, 1692.08874512, 291.008911133, 551.00970459, 465.761383057, 660.567138672, 223.027404785, 209.121505737, 59.2288589478, 12.8768358231, 1.44037425518, 0.0095143141225, 8.92970001587e-06, 3.84460605574e-08, 1.09679054727e-09, 8.76057212884e-11, 4.2523543714e-11, 1.32834049316e-10],
        "max": [0.287493824959, 4.76612710953, 19.229724884, 38.7868080139, 132.519485474, 153.347000122, 188.865661621, 482.163848877, 755.197631836, 746.325744629, 981.178649902, 1138.28930664, 1025.19543457, 911.429504395, 1575.47814941, 1522.55285645, 2641.43164062, 1976.99047852, 2599.00585938, 2553.15698242, 3792.37939453, 2965.83081055, 2041.16186523, 1028.81298828, 244.527679443, 419.645690918, 549.565429688, 669.515686035, 653.403198242, 747.485229492, 217.328720093, 100.145484924, 63.5266532898, 5.27030038834, 0.168125554919, 0.0094820773229, 0.00137908803299, 0.000350355287082, 0.000176161411218, 0.00014744476357],
        "mean": [0.00585468532518, 0.0694173499942, 0.240124464035, 0.701826274395, 1.83750927448, 2.68741178513, 3.71361589432, 9.6136007309, 11.4701061249, 12.2911281586, 13.8090848923, 14.937335968, 19.7937469482, 23.9812679291, 19.8971805573, 28.014793396, 52.2388763428, 42.8763656616, 49.695148468, 66.5000534058, 57.6205368042, 49.5418395996, 37.7043991089, 16.9820728302, 10.0612926483, 10.4511175156, 9.03213882446, 9.71037197113, 4.66274595261, 4.21203041077, 3.58043146133, 1.38552975655, 0.278727650642, 0.0223943963647, 0.000825472874567, 9.06963978196e-05, 2.40936169575e-05, 8.26305404189e-06, 1.0013276551e-05, 1.76343182829e-05],
        "median": [0.000965911545791, 0.00928151514381, 0.0409095883369, 0.160003438592, 0.509128570557, 0.865990638733, 1.17357254028, 2.39783120155, 3.26722669601, 3.2985637188, 3.17361164093, 3.17544221878, 3.63480710983, 5.12687397003, 5.11429595947, 4.91585540771, 6.71155500412, 7.78368759155, 10.5304603577, 9.90257263184, 10.1087169647, 9.28575325012, 8.67840194702, 6.53735256195, 4.07960128784, 2.66449213028, 2.3197183609, 1.88450932503, 1.38852822781, 1.23791193962, 0.883004724979, 0.381428062916, 0.0663357824087, 0.00433372054249, 0.000221711408813, 3.43991341651e-05, 1.19613450806e-05, 4.04458705816e-06, 6.44115834803e-06, 1.18897032735e-05],
        "min": [6.87170612977e-23, 5.41494067747e-22, 2.8253206044e-21, 5.08810427009e-21, 8.60581260959e-21, 2.93930100371e-20, 2.95367132815e-20, 9.52236039381e-20, 9.59987303332e-20, 2.9306742854e-19, 4.70609623659e-19, 3.78867538908e-19, 3.02835113255e-19, 6.59945113716e-19, 1.27953125817e-18, 1.22607977756e-18, 1.71284403179e-18, 2.4588506191e-18, 3.35709597243e-18, 3.89792568208e-18, 4.24655584049e-18, 4.14860235312e-18, 5.16466717701e-18, 7.70623048068e-18, 9.17707506945e-18, 8.71320376246e-18, 9.86184247748e-18, 1.23202894324e-17, 1.23769554403e-17, 1.26174995624e-17, 1.37025289155e-17, 1.23870495253e-17, 1.23948026892e-17, 8.37344759766e-18, 6.62711174665e-18, 5.25188675516e-18, 2.41825156066e-18, 1.00560419446e-18, 2.64718837424e-19, 2.72108171083e-20],
        "var": [0.000154631532496, 0.0294183213264, 0.459555387497, 3.31471252441, 19.2340545654, 43.3707427979, 82.1753234863, 691.840820312, 927.448669434, 1039.97265625, 2035.21228027, 1810.95141602, 2546.18896484, 3374.62719727, 3046.6159668, 6484.71923828, 25937.7578125, 13956.1689453, 15947.6503906, 35962.8203125, 29648.8359375, 22837.0976562, 8335.79394531, 1233.58032227, 271.418670654, 418.045471191, 310.485809326, 706.115661621, 167.136398315, 142.038742065, 69.3030319214, 12.7604675293, 1.70653688908, 0.0109344832599, 1.18394764286e-05, 5.99333134232e-08, 1.91438820352e-09, 1.62387089886e-10, 1.05540014228e-10, 2.97124824744e-10]
    },
    "gfcc": {
        "mean": [-103.09967041, 117.040550232, -196.818588257, 48.3814315796, -72.1943283081, 1.78049707413, -29.9381446838, -20.2427158356, 8.46039962769, -25.0103473663, 6.72864294052, -12.6349592209, -1.20471274853],
        "cov": [[12797.2480469, -118.279823303, -751.321289062, 754.398803711, -711.570373535, 304.203063965, 192.516555786, -378.20892334, -100.128013611, -186.228103638, -85.0414199829, -219.05456543, 79.8194274902], [-118.279823303, 1200.45117188, 347.271362305, -227.904464722, 160.853805542, -304.089660645, 53.2932052612, -57.5064353943, -2.13794374466, -38.6598014832, 63.1311073303, 7.97074651718, -30.7622375488], [-751.321289062, 347.271362305, 952.721252441, 376.290893555, -118.166130066, 20.9532375336, -28.0661144257, -34.4802055359, -99.2856826782, -30.6471996307, 8.40298271179, 9.87117767334, 16.1986522675], [754.398803711, -227.904464722, 376.290893555, 811.940124512, -67.433631897, 154.376190186, -51.0084495544, -53.1395874023, -82.0569763184, -56.4097557068, -61.3215446472, -37.4478111267, 49.7778053284], [-711.570373535, 160.853805542, -118.166130066, -67.433631897, 484.128875732, -104.476104736, -29.367980957, 55.3346672058, 71.9603042603, 4.84137535095, -23.9898910522, 20.565032959, -35.291885376], [304.203063965, -304.089660645, 20.9532375336, 154.376190186, -104.476104736, 421.800811768, 115.583175659, -33.4097175598, -81.359085083, 6.86509609222, -11.7321233749, -47.5795249939, 7.37457609177], [192.516555786, 53.2932052612, -28.0661144257, -51.0084495544, -29.367980957, 115.583175659, 225.065216064, -2.21786999702, -58.0721473694, 6.36866188049, 8.93417263031, -14.8294248581, -11.7885541916], [-378.20892334, -57.5064353943, -34.4802055359, -53.1395874023, 55.3346672058, -33.4097175598, -2.21786999702, 160.951568604, 64.0116271973, 6.9537987709, -2.0253739357, 6.65383625031, 1.4698548317], [-100.128013611, -2.13794374466, -99.2856826782, -82.0569763184, 71.9603042603, -81.359085083, -58.0721473694, 64.0116271973, 178.413146973, 50.7426834106, -28.7173976898, 29.3093833923, 6.63107347488], [-186.228103638, -38.6598014832, -30.6471996307, -56.4097557068, 4.84137535095, 6.86509609222, 6.36866188049, 6.9537987709, 50.7426834106, 99.6504135132, 32.6044502258, 6.63621759415, -3.1099357605], [-85.0414199829, 63.1311073303, 8.40298271179, -61.3215446472, -23.9898910522, -11.7321233749, 8.93417263031, -2.0253739357, -28.7173976898, 32.6044502258, 121.900382996, 41.3915252686, -18.8366527557], [-219.05456543, 7.97074651718, 9.87117767334, -37.4478111267, 20.565032959, -47.5795249939, -14.8294248581, 6.65383625031, 29.3093833923, 6.63621759415, 41.3915252686, 100.694961548, 20.4385719299], [79.8194274902, -30.7622375488, 16.1986522675, 49.7778053284, -35.291885376, 7.37457609177, -11.7885541916, 1.4698548317, 6.63107347488, -3.1099357605, -18.8366527557, 20.4385719299, 90.1220016479]],
        "icov": [[0.00013751827646, -0.000122462399304, 0.000273093057331, -0.000261433509877, 0.000249712058576, -2.74298199656e-05, -0.000128168787342, 0.000247673131526, -0.000285906746285, 0.00030904187588, -0.000163756340044, 0.000224445480853, -4.24854551966e-05], [-0.000122462399304, 0.00254695955664, -0.00179874314927, 0.00118818029296, -0.00133973872289, 0.00172006385401, -0.00188558921218, 0.00201572338119, -0.00213057291694, 0.00263094995171, -0.00294663989916, 0.0027457207907, -0.00129107153043], [0.000273093057331, -0.00179874314927, 0.00295228417963, -0.00180350977462, 0.00150144903455, -0.000834245351143, 0.00113414239604, -0.00120055349544, 0.00185414170846, -0.00169626204297, 0.00190491275862, -0.00211573997512, 0.001116826199], [-0.000261433509877, 0.00118818029296, -0.00180350977462, 0.00278367684223, -0.00105469045229, -5.43068745174e-05, 0.000206092343433, 0.00065956421895, -0.000116940958833, 0.00105620012619, -0.000363987928722, 0.00109302334022, -0.00124752882402], [0.000249712058576, -0.00133973872289, 0.00150144903455, -0.00105469045229, 0.00347785209306, -0.000349027832272, 0.00071674544597, -0.00123451219406, 0.00048594980035, -0.00106054730713, 0.00217166892253, -0.00194031489082, 0.00196017581038], [-2.74298199656e-05, 0.00172006385401, -0.000834245351143, -5.43068745174e-05, -0.000349027832272, 0.00466767838225, -0.00290288915858, 0.0014652753016, -0.000531414756551, 0.000700349395629, -0.00160645216238, 0.00258811982349, -0.000990335247479], [-0.000128168787342, -0.00188558921218, 0.00113414239604, 0.000206092343433, 0.00071674544597, -0.00290288915858, 0.00785406026989, -0.00302536040545, 0.00496698124334, -0.00414458429441, 0.00388944079168, -0.00347011280246, 0.00183856463991], [0.000247673131526, 0.00201572338119, -0.00120055349544, 0.00065956421895, -0.00123451219406, 0.0014652753016, -0.00302536040545, 0.0104139801115, -0.00687219761312, 0.00549877993762, -0.00525522232056, 0.00482740625739, -0.00234655453824], [-0.000285906746285, -0.00213057291694, 0.00185414170846, -0.000116940958833, 0.00048594980035, -0.000531414756551, 0.00496698124334, -0.00687219761312, 0.0165609233081, -0.0119872661307, 0.0108775366098, -0.00893795583397, 0.00292125111446], [0.00030904187588, 0.00263094995171, -0.00169626204297, 0.00105620012619, -0.00106054730713, 0.000700349395629, -0.00414458429441, 0.00549877993762, -0.0119872661307, 0.020981291309, -0.0120862619951, 0.00839882064611, -0.00358349853195], [-0.000163756340044, -0.00294663989916, 0.00190491275862, -0.000363987928722, 0.00217166892253, -0.00160645216238, 0.00388944079168, -0.00525522232056, 0.0108775366098, -0.0120862619951, 0.0203410722315, -0.0127792609856, 0.00650653569028], [0.000224445480853, 0.0027457207907, -0.00211573997512, 0.00109302334022, -0.00194031489082, 0.00258811982349, -0.00347011280246, 0.00482740625739, -0.00893795583397, 0.00839882064611, -0.0127792609856, 0.0203955247998, -0.00733826868236], [-4.24854551966e-05, -0.00129107153043, 0.001116826199, -0.00124752882402, 0.00196017581038, -0.000990335247479, 0.00183856463991, -0.00234655453824, 0.00292125111446, -0.00358349853195, 0.00650653569028, -0.00733826868236, 0.0149943120778]]
    },
    "melbands": {
        "dmean": [4.48923274234e-05, 9.12722898647e-05, 0.000114382622996, 9.86740706139e-05, 7.06906575942e-05, 0.000119950236694, 0.000126103055663, 0.000100422083051, 8.80419102032e-05, 6.79670920363e-05, 6.91450404702e-05, 6.48947097943e-05, 5.09872661496e-05, 4.06735634897e-05, 6.51654627291e-05, 7.90217891335e-05, 5.1518833061e-05, 5.25594441569e-05, 6.11839059275e-05, 4.871132478e-05, 3.90979366784e-05, 3.42684106727e-05, 2.38392040046e-05, 1.72212057805e-05, 8.19879096525e-06, 4.26507176599e-06, 4.62539719592e-06, 3.9414476305e-06, 2.97374094771e-06, 4.12847657572e-06, 2.8248146009e-06, 1.57880526785e-06, 1.32007073717e-06, 1.36313724397e-06, 1.19632022688e-06, 8.41266910356e-07, 3.43457031704e-07, 1.43328790614e-07, 3.61121976766e-08, 3.23607229902e-09],
        "dmean2": [7.38988019293e-05, 0.00015542699839, 0.000189936472452, 0.00016241625417, 0.00011353023001, 0.000189606944332, 0.000198749010451, 0.000159692935995, 0.000140487754834, 0.00010588891746, 0.000109751352284, 0.000103246638901, 7.96264794189e-05, 6.48086279398e-05, 0.000102021949715, 0.00012811794295, 7.98375840532e-05, 8.20890563773e-05, 9.52279151534e-05, 7.51520055928e-05, 6.23733139946e-05, 5.38737003808e-05, 3.72214381059e-05, 2.71243552561e-05, 1.29846221171e-05, 6.88067984811e-06, 7.51888637751e-06, 6.46026683171e-06, 4.88698378831e-06, 6.65700918034e-06, 4.55936287835e-06, 2.55141935668e-06, 2.13532871385e-06, 2.15302634388e-06, 1.83492340966e-06, 1.31927697566e-06, 5.37759888175e-07, 2.25317776881e-07, 5.71505154312e-08, 5.40590772147e-09],
        "dvar": [1.59542370426e-08, 9.96458524583e-08, 1.59072897077e-07, 7.73740893578e-08, 3.67146348879e-08, 1.03165547216e-07, 1.1431421143e-07, 9.26845231675e-08, 1.03367639781e-07, 4.62525697742e-08, 4.10968858944e-08, 2.95743571854e-08, 2.74052140981e-08, 1.81496737639e-08, 3.98060535645e-08, 7.28852000975e-08, 2.9615533137e-08, 2.95538811201e-08, 3.51606921356e-08, 2.60024339838e-08, 1.88354256636e-08, 1.50815928635e-08, 5.45314726708e-09, 2.30123164968e-09, 5.73692204853e-10, 1.01491280657e-10, 1.74276121312e-10, 1.25827723241e-10, 7.40608824268e-11, 1.90082463658e-10, 8.31620258768e-11, 3.52813785132e-11, 3.91088966767e-11, 3.10107599322e-11, 1.17926233015e-11, 7.43377148033e-12, 1.60363638601e-12, 5.70639997928e-13, 3.17720195043e-14, 2.08701202263e-16],
        "dvar2": [3.84679701426e-08, 2.63821959834e-07, 4.03632839152e-07, 2.00826022478e-07, 8.95779805887e-08, 2.41419655822e-07, 2.48331758712e-07, 2.11679719087e-07, 2.59552194848e-07, 1.00649479862e-07, 9.73085647615e-08, 7.25065376628e-08, 6.03741909799e-08, 4.3053169918e-08, 9.20231357782e-08, 1.94236463358e-07, 6.68819382099e-08, 6.70469333386e-08, 8.03812341132e-08, 5.48345902018e-08, 4.53464714667e-08, 3.54667371028e-08, 1.25039951726e-08, 5.27845323006e-09, 1.34443345345e-09, 2.37398600778e-10, 3.98122063094e-10, 3.2679953188e-10, 1.9464202472e-10, 4.79341788484e-10, 2.0253568267e-10, 8.30651727957e-11, 9.52766893159e-11, 7.20608225868e-11, 2.59822371951e-11, 1.73195832676e-11, 3.77533421192e-12, 1.28543269778e-12, 7.62662841409e-14, 4.84008760923e-16],
        "max": [0.00345639628358, 0.00792321190238, 0.0101430062205, 0.00838032271713, 0.00548835238442, 0.010380464606, 0.0103559372947, 0.0068144062534, 0.00699715595692, 0.00772201269865, 0.00497759878635, 0.00340762827545, 0.00532292015851, 0.0031050790567, 0.00361923570745, 0.00767817581072, 0.00385219464079, 0.00552291749045, 0.00489869527519, 0.00353995361365, 0.00419090176001, 0.00374003686011, 0.00261121266522, 0.00175198004581, 0.000896699086297, 0.000268980656983, 0.000445882003987, 0.000389210559661, 0.000285765388981, 0.00059724523453, 0.000297910446534, 0.000339878868544, 0.000472816871479, 0.000407131446991, 0.000108237334643, 0.000109673121187, 6.36858021608e-05, 6.29746646155e-05, 1.55933830683e-05, 1.03425304587e-06],
        "mean": [6.56958363834e-05, 0.000116132090625, 0.000157147864229, 0.000166598736541, 0.000125977137941, 0.000208506215131, 0.000179502778337, 0.000127288425574, 0.000116226219689, 9.55106879701e-05, 0.000100347955595, 9.75403527264e-05, 7.36845031497e-05, 5.82646280236e-05, 9.81681223493e-05, 0.000121344950458, 7.25598220015e-05, 7.52976557123e-05, 9.46432555793e-05, 7.90425401647e-05, 6.55773110338e-05, 5.39894790563e-05, 3.92200272472e-05, 2.71072967735e-05, 1.24469606817e-05, 7.17954799256e-06, 7.96406402515e-06, 6.66902087687e-06, 5.13549503012e-06, 6.80877428749e-06, 4.90010006615e-06, 2.62939624918e-06, 2.23973643187e-06, 2.38719212575e-06, 2.20206743506e-06, 1.49491040702e-06, 6.05215973337e-07, 2.22541089556e-07, 5.0243340155e-08, 3.43836914496e-09],
        "median": [1.03727252281e-05, 2.031787335e-05, 4.00773606088e-05, 5.5449683714e-05, 4.30051804869e-05, 5.36614170414e-05, 5.24812858202e-05, 3.27153757098e-05, 2.28250155487e-05, 1.85516964848e-05, 1.59397422976e-05, 1.85794178833e-05, 1.51895947056e-05, 1.14213989946e-05, 1.07975502033e-05, 1.37360721055e-05, 1.18046973512e-05, 1.4113735233e-05, 1.29601994558e-05, 1.04236478364e-05, 1.05325889308e-05, 8.7917997007e-06, 7.45310580896e-06, 6.54714449411e-06, 4.57853911939e-06, 3.05620619656e-06, 1.85746034731e-06, 1.56936016538e-06, 1.34732249535e-06, 1.14985937216e-06, 9.52887603489e-07, 7.14545308256e-07, 6.28724137641e-07, 6.22027073405e-07, 5.11429959715e-07, 3.52871722953e-07, 1.58971317887e-07, 4.19984615974e-08, 5.58303003828e-09, 1.07275431593e-10],
        "min": [8.02574561805e-25, 1.5644956699e-24, 1.45580394919e-24, 1.48713474333e-24, 1.35684825116e-24, 2.04941724441e-24, 1.26850904319e-24, 3.38391548841e-24, 2.73077041053e-24, 2.18664985407e-24, 1.34036894685e-24, 2.46865973908e-24, 3.26068180716e-24, 3.10430295169e-24, 2.18841394427e-24, 3.78170096645e-24, 4.43630247876e-24, 5.45784776874e-24, 3.8459592092e-24, 4.98594644207e-24, 4.70350465572e-24, 4.03966045461e-24, 4.76214344782e-24, 5.16921815745e-24, 5.2877255758e-24, 4.09914017243e-24, 5.2334270964e-24, 4.91938314775e-24, 5.66880297986e-24, 5.91324060325e-24, 6.36597813195e-24, 6.55782713194e-24, 7.33777982539e-24, 6.23233917814e-24, 6.57258750834e-24, 7.62514213164e-24, 6.11562484063e-24, 7.52799864433e-24, 5.52633430595e-24, 6.43604002438e-24],
        "var": [2.08457819895e-08, 9.17453704119e-08, 1.6380182899e-07, 1.34013092179e-07, 7.79532953743e-08, 2.9946878044e-07, 2.00011925244e-07, 1.18481281675e-07, 1.63345376336e-07, 7.57941052143e-08, 6.88565151563e-08, 5.50312897474e-08, 4.45674359639e-08, 2.9528582246e-08, 8.48759853511e-08, 1.54342416181e-07, 5.01212227277e-08, 5.08953093004e-08, 7.69200738659e-08, 6.97135646988e-08, 4.70376306794e-08, 3.35594947387e-08, 1.29756374534e-08, 4.20670698276e-09, 8.590763656e-10, 1.60423396789e-10, 3.32475769138e-10, 2.10274853085e-10, 1.14766897374e-10, 3.53931634001e-10, 1.83320608693e-10, 6.24459164933e-11, 5.01385773177e-11, 4.86241255593e-11, 2.87431762419e-11, 1.36797370306e-11, 3.50948740555e-12, 1.37232369565e-12, 6.92878033052e-14, 4.27008049315e-16]
    },
    "mfcc": {
        "mean": [-704.134460449, 111.641517639, -47.0142097473, 22.2467250824, -12.8441553116, 10.0724716187, -25.1218204498, 9.9479675293, -14.6501636505, 5.53756475449, -9.49402332306, 5.67735147476, -7.35876464844],
        "cov": [[10141.6953125, -399.082427979, -407.918060303, 749.940124512, -1033.18603516, 871.553344727, -258.278167725, 365.724822998, -327.187561035, 402.869567871, -588.314453125, 292.927185059, -285.560150146], [-399.082427979, 1376.55322266, -18.8546714783, -108.043380737, 88.8733901978, -286.857513428, 19.6167812347, -100.128486633, -9.16407489777, -103.989486694, 125.724601746, -53.1928405762, 74.6308364868], [-407.918060303, -18.8546714783, 1092.5723877, 301.992370605, -41.9885406494, 106.341690063, 114.905570984, -21.1902885437, -67.2423934937, -51.2636146545, -82.2596206665, -28.8796977997, 23.0537757874], [749.940124512, -108.043380737, 301.992370605, 618.589538574, 84.2472915649, 104.832191467, -39.6838569641, 34.7724266052, -26.9199981689, 2.64064192772, -130.522033691, 8.20923042297, -19.3410663605], [-1033.18603516, 88.8733901978, -41.9885406494, 84.2472915649, 486.145355225, -120.594917297, -42.2544746399, -25.341594696, 76.1673049927, -51.7935371399, 81.8377304077, -51.0136146545, 24.5931758881], [871.553344727, -286.857513428, 106.341690063, 104.832191467, -120.594917297, 404.013946533, 89.8945846558, 63.7837257385, -39.5551223755, 69.80859375, -83.9661407471, 12.1752967834, -58.6193695068], [-258.278167725, 19.6167812347, 114.905570984, -39.6838569641, -42.2544746399, 89.8945846558, 288.097076416, 30.3829174042, -29.311914444, -2.30268788338, 9.19600868225, -13.2329034805, -16.3052654266], [365.724822998, -100.128486633, -21.1902885437, 34.7724266052, -25.341594696, 63.7837257385, 30.3829174042, 146.41394043, 5.83984708786, 23.0447158813, -23.017999649, 6.6882853508, -15.4446716309], [-327.187561035, -9.16407489777, -67.2423934937, -26.9199981689, 76.1673049927, -39.5551223755, -29.311914444, 5.83984708786, 179.937820435, 22.3272151947, 14.2635164261, -10.7051019669, 8.82237911224], [402.869567871, -103.989486694, -51.2636146545, 2.64064192772, -51.7935371399, 69.80859375, -2.30268788338, 23.0447158813, 22.3272151947, 134.856750488, -8.31227397919, 4.90051412582, -27.3529529572], [-588.314453125, 125.724601746, -82.2596206665, -130.522033691, 81.8377304077, -83.9661407471, 9.19600868225, -23.017999649, 14.2635164261, -8.31227397919, 168.365539551, -2.3710091114, 21.5789718628], [292.927185059, -53.1928405762, -28.8796977997, 8.20923042297, -51.0136146545, 12.1752967834, -13.2329034805, 6.6882853508, -10.7051019669, 4.90051412582, -2.3710091114, 117.79964447, 18.1616744995], [-285.560150146, 74.6308364868, 23.0537757874, -19.3410663605, 24.5931758881, -58.6193695068, -16.3052654266, -15.4446716309, 8.82237911224, -27.3529529572, 21.5789718628, 18.1616744995, 119.507286072]],
